api/data/B2SAP/Locations/Hawaii/NOAA-POPS-B2SAP_GMLBalloon_20221109_R0.ict
61,1001
Thornberry, T. D.
NOAA Chemical Sciences Laboratory
Portable Optical Particle Spectrometer (POPS)
Balloon Baseline Stratospheric Aerosol Profiles (B2SAP)
1,1
2022,11,09,2024,05,28
0
TIME_START,s,Seconds since midnight UTC on flight start day,Start time of 100 m altitude bin in UTC_seconds_since_midnight
28
1.0,1.0,1.0,1.0,1.0,1.0,1.0,1.0,1.0,1.0,1.0,1.0,1.0,1.0,1.0,1.0,1.0,1.0,1.0,1.0,1.0,1.0,1.0,1.0,1.0,1.0,1.0,1.0
99999,99999,99999,99999,99999,99999,99999,99999,99999,99999,99999,99999,99999,99999,99999,99999,99999,99999,99999,99999,99999,99999,99999,99999,99999,99999,99999,99999
TIME_STOP,s,End time of 100 m altitude bin in UTC seconds since midnight,
TIME_MID,s,Mid time of 100 m altitude in UTC seconds since midnight,
GPSAlt,m,GPS reported altitude above sea level (m),
GPS_Lon,deg,GPS reported longitude,
GPS_Lat,deg,GPS reported latitude,
iMet_Pressure,mb,Pressure reported (mB),
iMet_Temperature,degrees C,Ambient temperature (oC),
THETA,K,Potential temperature from iMet,
Aerosol_concentration,cm^-3,Aerosol concentration,
Surface_Area_Conc,um^2 cm^-3,Surface area concentration,
Volume_density,um^3 cm^-3,Volume density,
Effective_radius,um,Effective radius,
Extinction,km^-1,Extinction,
Bin01,cm^-3,particle concentration in size range [140 - 170 nm],
Bin02,cm^-3,particle concentration in size range [170 - 205 nm],
Bin03,cm^-3,particle concentration in size range [205 - 249 nm],
Bin04,cm^-3,particle concentration in size range [249 - 302 nm],
Bin05,cm^-3,particle concentration in size range [302 - 366 nm],
Bin06,cm^-3,particle concentration in size range [366 - 443 nm],
Bin07,cm^-3,particle concentration in size range [443 - 537 nm],
Bin08,cm^-3,particle concentration in size range [537 - 651 nm],
Bin09,cm^-3,particle concentration in size range [651 - 789 nm],
Bin10,cm^-3,particle concentration in size range [789 - 956 nm],
Bin11,cm^-3,particle concentration in size range [956 - 1159 nm],
Bin12,cm^-3,particle concentration in size range [1159 - 1404 nm],
Bin13,cm^-3,particle concentration in size range [1404 - 1702 nm],
Bin14,cm^-3,particle concentration in size range [1702 - 2062 nm],
Bin15,cm^-3,particle concentration in size range [2062 - 2500 nm],
0
19
PI_CONTACT_INFO: 325 Broadway R/CSL6, Boulder, CO 80305; troy.thornberry@noaa.gov; 303-497-3373 
PLATFORM: GML ECC/FPH balloon
LOCATION: Hilo, HI, USA
ASSOCIATED_DATA: N/A
INSTRUMENT_INFO: Printed Optical Particle Spectrometer counts particles from 140 - 2500 nm in diameter 
DATA_INFO: Particle concentrations reported in number per cubic centimeter, binned to 100 m altitude
UNCERTAINTY: Counting uncertainty dominated by air flow, less than 5 percent
ULOD_FLAG: -77777
ULOD_VALUE: 3000 ~3000 per cm3 (varies depending on flow rate- manufacturer quotes 1250  per cm3 at 1.667 cc/s)
LLOD_FLAG: -88888
LLOD_VALUE: 0 0 (varies depending on data field and measurement precision)
DM_CONTACT_INFO: Troy Thornberry, 325 Broadway R/CSL6, Boulder, CO 80305; troy.thornberry@noaa.gov; 303-497-3373
PROJECT_INFO: B2SAP Hilo, HI, USA
STIPULATIONS_ON_USE: Please contact the PIs for questions regarding applications and uncertainties
OTHER_COMMENTS: POPS bin Edges (nm):  140, 170, 205, 249, 302, 366, 443, 537, 651, 789, 956, 1159, 1404, 1702, 2062, 2500
Calculations assume sulfate refractive index of 1.45+0.00j and extinction wavelength = 532 nm
REVISION: R0
R0: QA/QC data
TIME_START,TIME_STOP,TIME_MID,GPSAlt,GPS_Lon,GPS_Lat,iMet_Pressure,iMet_Temperature,THETA,Aerosol_concentration,Surface_Area_Conc,Volume_density,Effective_radius,Extinction,Bin01,Bin02,Bin03,Bin04,Bin05,Bin06,Bin07,Bin08,Bin09,Bin10,Bin11,Bin12,Bin13,Bin14,Bin15
69800,70010,69905,0.1,-155.049,19.7169,1018.66,22.7417,294.337,109.34,19.6059,2501.25,0.38273,0.00715303,66.686,25.2434,9.4925,3.50126,1.30701,0.601033,0.391148,0.391148,0.295746,0.352988,0.276666,0.267126,0.286206,0.162183,0.0858618
70011,70027,70019,0.2,-155.048,19.7165,1002.76,21.6119,294.531,54.745,16.0547,2665.31,0.498043,0.00757291,25.7432,17.0318,5.75691,1.9769,0.67345,0.782071,0.456208,0.26069,0.41276,0.41276,0.130345,0.586553,0.304139,0.0651726,0.152069
70028,70044,70036,0.3,-155.048,19.7159,991.785,21.201,295.045,44.0558,16.267,2977.23,0.549068,0.00815447,16.46,15.1376,6.78584,1.80956,0.800381,0.487189,0.139197,0.313193,0.313193,0.41759,0.173996,0.41759,0.452389,0.243594,0.104398
70045,70060,70052,0.4,-155.047,19.7153,981.448,20.6954,295.419,42.5648,14.4925,2317.22,0.479673,0.00699196,15.0933,14.7207,6.28223,2.47563,0.771969,0.399295,0.452534,0.346055,0.266196,0.505773,0.159718,0.479153,0.479153,0.0532393,0.0798589
70061,70077,70069,0.5,-155.047,19.7148,968.334,19.7538,295.613,43.1779,15.9765,2715.78,0.509956,0.00791612,16.1972,14.6255,6.11215,1.89913,0.894993,0.414753,0.392924,0.327436,0.327436,0.48024,0.305607,0.589385,0.436582,0.0654873,0.109145
70082,70095,70088,0.6,-155.047,19.7148,955.936,19.116,296.055,52.2173,14.5655,2083.3,0.429089,0.0063846,20.0271,18.7339,7.61939,1.92232,0.908734,0.489318,0.349513,0.27961,0.244659,0.349513,0.27961,0.52427,0.349513,0.139805,0
70096,70113,70104,0.7,-155.047,19.7148,946.439,18.4746,296.247,73.1583,17.0116,2352.24,0.414818,0.00673856,25.1253,27.5594,12.5221,4.2732,0.676139,0.595003,0.351592,0.324547,0.297501,0.297501,0.270456,0.567957,0.108182,0.0811367,0.108182
70114,70132,70123,0.8,-155.047,19.7147,936.446,17.8129,296.471,89.003,21.0105,2701.07,0.385674,0.00815938,32.4236,29.5847,17.0087,4.85607,1.24515,0.747088,0.42335,0.298835,0.373544,0.448253,0.373544,0.722185,0.398447,0.0249029,0.0747088
70134,70146,70140,0.9,-155.048,19.7144,925.88,17.0518,296.657,86.4577,16.7625,1834.39,0.328304,0.00609477,30.3552,31.9665,14.9843,4.99476,0.902279,0.83783,0.547812,0.354467,0.418915,0.354467,0.0644485,0.354467,0.128897,0.193345,0
70151,70167,70159,1,-155.049,19.7141,914.28,16.3021,296.963,76.9378,13.0564,1273.47,0.292608,0.00380311,24.3906,28.9654,16.4036,4.39789,0.884633,0.505504,0.328578,0.278027,0.202202,0.101101,0.151651,0.176927,0.0505504,0.0505504,0.0505504
70168,70183,70176,1.1,-155.05,19.7137,903.654,15.7791,297.416,56.8206,13.3291,1950.98,0.439109,0.00486835,12.0764,18.9078,18.3898,4.79171,1.06842,0.259011,0.226635,0.194258,0.194258,0.0647528,0.129506,0.226635,0.0647528,0.0647528,0.161882
70184,70196,70190,1.2,-155.051,19.7132,894.294,15.3233,297.829,24.0375,5.79876,977.952,0.505945,0.00225255,8.47344,7.885,5.41358,1.5005,0.205952,0.0294217,0.0588433,0.088265,0,0.0294217,0.0294217,0.088265,0.088265,0.088265,0.0588433
70201,70217,70209,1.3,-155.052,19.7126,881.828,14.4407,298.109,48.7215,8.01806,630.393,0.235865,0.00234302,16.209,17.7234,10.4826,2.43726,0.61523,0.0946508,0.331278,0.212964,0.141976,0.165639,0.141976,0.0709881,0.0946508,0,0
70218,70234,70226,1.4,-155.053,19.7119,871.864,13.8845,298.507,40.8755,6.50935,610.718,0.281465,0.00178653,12.8586,15.6441,8.80994,2.36443,0.421063,0.388674,0.064779,0.0323895,0,0.129558,0.0323895,0.0323895,0,0.0971684,0
70235,70248,70242,1.5,-155.054,19.7114,863.855,13.525,298.918,34.4874,5.65149,506.79,0.269021,0.00161618,13.1927,11.687,6.34539,2.04343,0.286797,0.179248,0.394346,0.0358496,0,0.107549,0.0358496,0.0716993,0.0716993,0.0358496,0
70251,70263,70257,1.6,-155.055,19.7107,852.24,13.1708,299.703,2.36839,0.347592,37.0107,0.319432,0.000109398,2.09857,0.149898,0.0599592,0,0,0,0,0.0299796,0,0,0,0.0299796,0,0,0
70264,70274,70269,1.7,-155.055,19.7103,842.788,12.664,300.125,0.218721,0.0238006,0.765052,0.0964326,1.69809e-06,0.0729071,0.0729071,0.0729071,0,0,0,0,0,0,0,0,0,0,0,0
70275,70288,70282,1.8,-155.056,19.71,831.784,12.0442,300.607,2.66343,0.277949,13.478,0.145473,7.64266e-05,2.27871,0.207156,0.0591873,0.0295937,0.0295937,0,0.0295937,0,0.0295937,0,0,0,0,0,0
70296,70298,70297,1.9,-155.057,19.7097,820.397,11.45,301.163,0.241289,0.206046,23.9859,0.349232,0.000200774,0.120644,0,0,0,0,0,0,0,0.120644,0,0,0,0,0,0
70303,70312,70308,2,-155.058,19.7093,812.086,10.8522,301.404,2.50805,0.358437,21.9957,0.184097,0.000151134,1.94171,0.242714,0.0809047,0.0404523,0.0404523,0.0404523,0.0404523,0.0404523,0.0404523,0,0,0,0,0,0
70314,70329,70322,2.1,-155.059,19.7086,800.816,9.53714,301.205,6.54588,0.810223,34.8201,0.128928,0.000153559,2.86382,1.73875,1.32963,0.409117,0.153419,0,0,0,0.0511397,0,0,0,0,0,0
70330,70345,70338,2.2,-155.059,19.7082,794.49,9.24,301.578,11.5133,1.32746,49.2518,0.111307,0.000179726,4.88197,3.74284,2.03415,0.488197,0.244098,0.0406831,0.0406831,0.0406831,0,0,0,0,0,0,0
70346,70359,70352,2.3,-155.061,19.7077,784.193,8.42231,301.827,3.95344,0.944421,172.236,0.547115,0.000384323,2.88036,0.649494,0.225911,0.112955,0,0,0,0,0,0,0,0,0.0564777,0.0282389,0
70360,70374,70367,2.4,-155.061,19.7071,774.54,8.305,302.769,0.188339,0.0194914,0.589615,0.09075,1.08213e-06,0,0.188339,0,0,0,0,0,0,0,0,0,0,0,0,0
70375,70392,70384,2.5,-155.062,19.7063,765.712,7.75923,303.17,3.85754,0.6679,105.727,0.474893,0.000238016,2.19626,1.23892,0.1971,0.140786,0.0563144,0,0,0,0,0,0,0,0,0.0281572,0
70393,70406,70400,2.6,-155.063,19.7056,757.094,7.42375,303.795,1.08595,0.10247,3.65039,0.106872,1.41831e-05,0.85971,0.180992,0,0,0,0.0452479,0,0,0,0,0,0,0,0,0
70421,70425,70423,2.7,-155.064,19.7045,743.878,6.422,304.234,4.16238,0.410964,12.9603,0.0946091,3.07201e-05,2.1177,1.38746,0.51117,0.0730243,0.0730243,0,0,0,0,0,0,0,0,0,0
70426,70443,70434,2.8,-155.065,19.704,737.326,5.509,304.006,4.22697,0.561167,47.7132,0.255075,0.000117327,2.75672,0.88215,0.367563,0.147025,0.0367563,0,0,0,0,0,0,0.0367563,0,0,0
70444,70462,70453,2.9,-155.066,19.7035,729.707,4.59,303.904,5.18044,1.08225,126.198,0.349819,0.000426797,3.16921,1.18845,0.426624,0.0609463,0.0304732,0.0914195,0,0.0914195,0.0304732,0,0.0304732,0.0304732,0.0304732,0,0
70465,70480,70472,3,-155.066,19.7033,720.218,4.63,305.092,4.79683,1.10091,224.824,0.612648,0.000477277,2.49976,1.35122,0.506708,0.236464,0.067561,0.0337805,0.0337805,0,0.0337805,0,0,0,0,0,0.0337805
70484,70500,70492,3.1,-155.067,19.7027,711.242,4.24083,305.755,5.72321,1.03029,92.5706,0.269547,0.000461052,3.29239,1.41542,0.461549,0.15385,0.12308,0.0615399,0.0615399,0,0.03077,0.0923099,0.03077,0,0,0,0
70501,70515,70508,3.2,-155.068,19.702,702.477,3.42333,305.933,5.79345,0.651512,23.9988,0.110506,8.80584e-05,3.02087,1.3656,0.951781,0.289672,0.0413818,0.0827636,0.0413818,0,0,0,0,0,0,0,0
70516,70530,70523,3.3,-155.068,19.7014,695.386,3.321,306.709,5.16699,0.871229,64.939,0.223612,0.000250111,2.49056,1.04083,0.706279,0.520416,0.14869,0.14869,0.0371726,0.0371726,0,0,0.0371726,0,0,0,0
70533,70548,70540,3.4,-155.069,19.7007,686.312,3.51667,308.084,3.24848,0.56312,47.4689,0.252889,0.000180113,1.73252,0.556883,0.433131,0.371255,0.0309379,0.0309379,0,0.0618759,0,0,0.0309379,0,0,0,0
70550,70565,70558,3.5,-155.07,19.6997,678.123,2.38455,307.874,3.38146,0.445304,22.7016,0.15294,0.000132691,2.06269,0.710107,0.236702,0.169073,0.0338146,0.0676293,0.0676293,0,0.0338146,0,0,0,0,0,0
70567,70580,70574,3.6,-155.071,19.699,670.263,1.01,307.358,4.16862,0.650207,59.9792,0.276739,0.000198556,2.62295,0.889929,0.374707,0.0936768,0.0936768,0,0,0.0468384,0,0,0.0468384,0,0,0,0
70583,70598,70590,3.7,-155.072,19.6981,661.153,1.8525,309.517,3.43349,0.407971,16.2944,0.11982,6.88688e-05,1.82501,0.835172,0.278391,0.340255,0.123729,0,0,0.0309323,0,0,0,0,0,0,0
70603,70618,70610,3.8,-155.072,19.6972,652.131,1.75778,310.624,0.705678,0.0564559,1.52125,0.0808375,2.16339e-06,0.498126,0.207552,0,0,0,0,0,0,0,0,0,0,0,0,0
70620,70634,70627,3.9,-155.073,19.6963,644.533,1.21375,311.046,1.01972,0.0933095,2.78949,0.0896852,5.55116e-06,0.602563,0.324457,0.046351,0.046351,0,0,0,0,0,0,0,0,0,0,0
70636,70642,70639,4,-155.073,19.6957,639.208,0.881667,311.405,0.432659,0.0365495,1.01304,0.0831506,1.54726e-06,0.247234,0.185425,0,0,0,0,0,0,0,0,0,0,0,0,0
70653,70668,70660,4.1,-155.074,19.6943,629.706,-0.0654545,311.666,0.508976,0.226411,42.0123,0.556672,9.46723e-05,0.305385,0.135727,0.0339317,0,0,0,0,0,0,0,0,0,0.0339317,0,0
70675,70691,70683,4.2,-155.074,19.6929,621.139,-1.983,310.688,3.52499,0.325816,10.1687,0.0936294,2.50674e-05,2.46371,0.682257,0.151613,0.151613,0.0758063,0,0,0,0,0,0,0,0,0,0
70692,70709,70700,4.3,-155.073,19.6915,613.39,-1.73,312.094,5.08535,0.505039,17.5789,0.104421,6.14117e-05,3.53033,0.882581,0.294194,0.210138,0.126083,0,0.0420277,0,0,0,0,0,0,0,0
70713,70728,70720,4.4,-155.073,19.69,606.178,-1.46333,313.464,5.77404,0.970668,82.5098,0.255009,0.000266478,3.03453,1.30653,0.505755,0.463609,0.168585,0.210731,0,0.0421463,0,0,0,0,0.0421463,0,0
70729,70746,70738,4.5,-155.073,19.6889,599.168,-1.96083,313.929,7.9023,1.16493,137.974,0.355318,0.000364863,5.37484,1.4077,0.51189,0.223952,0.223952,0.0639862,0.0319931,0.0319931,0,0,0,0,0,0.0319931,0
70747,70764,70756,4.6,-155.073,19.6875,591.145,-2.36,314.673,7.00636,0.737635,27.7255,0.112761,0.000111971,4.6373,1.41135,0.378041,0.302433,0.126014,0.100811,0.0252027,0.0252027,0,0,0,0,0,0,0
70765,70781,70773,4.7,-155.073,19.6863,583.612,-2.80615,315.314,7.59493,0.794102,28.4269,0.107393,0.000102487,4.98598,1.36245,0.637742,0.231906,0.260895,0.0869648,0.0289883,0,0,0,0,0,0,0,0
70782,70797,70790,4.8,-155.073,19.6854,577.44,-3.218,315.789,7.82799,1.00337,68.0218,0.203381,0.000224666,5.29321,1.37922,0.410038,0.410038,0.149105,0.0745523,0.0372761,0.0372761,0,0,0,0.0372761,0,0,0
70799,70811,70805,4.9,-155.072,19.6844,570.334,-3.83846,316.176,7.00326,0.912905,49.644,0.163141,0.000269988,4.44879,1.23418,0.516634,0.373125,0.229615,0.0861057,0.0287019,0,0.0574038,0.0287019,0,0,0,0,0
70819,70831,70825,5,-155.072,19.6834,562.111,-4.60111,316.598,7.92217,1.10159,76.0991,0.207243,0.000287487,5.09588,1.7129,0.17129,0.299758,0.34258,0.128468,0.128468,0,0,0,0.0428226,0,0,0,0
70832,70849,70840,5.1,-155.072,19.6824,555.342,-5.27,316.903,6.66565,0.825843,41.7029,0.151492,0.000240129,4.25332,1.49184,0.253929,0.349153,0.126965,0.0317412,0.0317412,0.0634823,0.0634823,0,0,0,0,0,0
70850,70865,70858,5.2,-155.071,19.6818,549.437,-5.603,317.475,6.29615,0.58173,18.5008,0.0954089,5.04307e-05,4.46455,1.18291,0.381585,0.076317,0.152634,0.0381585,0,0,0,0,0,0,0,0,0
70867,70881,70874,5.3,-155.07,19.681,542.358,-6.135,318.018,6.19204,0.747092,34.9317,0.140271,0.000196554,4.22329,0.952621,0.444556,0.254032,0.0952621,0.0635081,0.031754,0.127016,0,0,0,0,0,0,0
70887,70898,70892,5.4,-155.069,19.6801,534.663,-7.00636,318.274,6.61957,0.699275,25.4745,0.10929,9.62374e-05,4.13285,1.36594,0.595411,0.315217,0.105072,0.0350242,0.0700483,0,0,0,0,0,0,0,0
70900,70915,70908,5.5,-155.069,19.6795,528.395,-7.77909,318.43,5.91786,0.585859,20.6775,0.105883,7.71095e-05,3.81685,1.54075,0.280136,0.0700339,0.140068,0,0.0700339,0,0,0,0,0,0,0,0
70917,70932,70924,5.6,-155.068,19.6787,521.716,-8.56643,318.64,4.98686,0.617597,37.5517,0.182409,0.000196749,3.54258,0.763017,0.381508,0.109002,0.0545012,0.0545012,0.0272506,0,0,0.0545012,0,0,0,0,0
70935,70950,70942,5.7,-155.067,19.6779,514.115,-9.37,319.005,4.76906,0.510705,20.0886,0.118005,8.93074e-05,3.17937,0.897404,0.410242,0.10256,0.0256401,0.10256,0.0256401,0.0256401,0,0,0,0,0,0,0
70951,70966,70958,5.8,-155.066,19.6772,507.863,-10.0818,319.256,4.14149,0.494497,27.7734,0.168495,0.000141362,2.84288,0.737044,0.315876,0.105292,0.0350973,0.0350973,0.0350973,0,0,0.0350973,0,0,0,0,0
70967,70983,70975,5.9,-155.066,19.6767,501.908,-10.7077,319.569,4.2857,0.779697,119.674,0.460465,0.000319378,3.15475,0.595235,0.148809,0.208332,0.0297618,0.0892853,0,0,0.0297618,0,0,0,0,0.0297618,0
70984,70998,70991,6,-155.065,19.6758,495.267,-11.1473,320.256,5.01248,0.97395,145.218,0.447305,0.00040004,3.36552,0.823479,0.322231,0.0716069,0.214821,0.0358034,0.143214,0,0,0,0,0,0,0.0358034,0
70999,71017,71008,6.1,-155.064,19.675,488.405,-11.6936,320.867,5.35115,0.558028,21.0037,0.112918,8.77626e-05,3.87255,0.774509,0.21123,0.246435,0.14082,0.035205,0.0704099,0,0,0,0,0,0,0,0
71018,71035,71026,6.2,-155.063,19.6745,482.673,-12.262,321.249,5.07026,0.553841,22.8926,0.124002,0.000110634,3.53618,0.78004,0.416021,0.104005,0.104005,0.0520027,0.0260013,0.0520027,0,0,0,0,0,0,0
71037,71054,71046,6.3,-155.062,19.6739,476.941,-12.9425,321.504,5.82289,0.589171,20.7918,0.10587,7.40824e-05,4.081,0.846061,0.398146,0.29861,0.149305,0,0.0497683,0,0,0,0,0,0,0,0
71055,71071,71063,6.4,-155.061,19.6732,470.269,-13.7362,321.814,7.16592,0.980241,69.9984,0.214228,0.000246474,4.93786,1.29468,0.210762,0.150545,0.180654,0.27098,0.0903268,0,0,0,0,0,0.0301089,0,0
71072,71087,71080,6.5,-155.059,19.6723,463.569,-14.63,322.029,8.25155,0.790329,26.6988,0.101346,8.83784e-05,5.71261,1.61125,0.585909,0.0976515,0.146477,0.0488257,0.0488257,0,0,0,0,0,0,0,0
71088,71100,71094,6.6,-155.058,19.6716,458.502,-15.1633,322.376,8.58451,0.904899,32.2164,0.106807,0.000113394,5.5279,1.30068,1.04055,0.390205,0.260137,0,0.0650341,0,0,0,0,0,0,0,0
71104,71120,71112,6.7,-155.057,19.6708,452.253,-15.32,323.443,9.53708,1.5348,197.159,0.385378,0.000553826,6.2848,1.97774,0.439497,0.395547,0.263698,0.0439497,0.0439497,0,0,0.0439497,0,0,0,0.0439497,0
71123,71141,71132,6.8,-155.055,19.6701,446.267,-16.0825,323.714,7.16623,0.997447,74.0366,0.222678,0.000320886,4.96377,1.31491,0.328726,0.164363,0.131491,0.0986179,0.0328726,0.0657453,0,0.0328726,0.0328726,0,0,0,0
71145,71159,71152,6.9,-155.053,19.6691,439.627,-16.9629,323.987,7.01419,0.897181,41.0116,0.137135,0.000223094,4.37685,1.29061,0.448908,0.392795,0.112227,0.224454,0.112227,0.0561135,0,0,0,0,0,0,0
71162,71177,71170,7,-155.051,19.6679,434.081,-17.7729,324.143,8.35915,1.1281,93.4315,0.248466,0.000331889,6.25514,1.19416,0.454919,0.22746,0.0568649,0,0,0.0568649,0.0568649,0,0,0.0568649,0,0,0
71180,71193,71186,7.1,-155.05,19.6671,428.773,-18.6208,324.206,8.07499,0.846048,33.2829,0.118018,0.000148162,5.83377,1.25245,0.39551,0.230714,0.164796,0.131837,0,0.0659183,0,0,0,0,0,0,0
71196,71213,71204,7.2,-155.048,19.6658,422.27,-19.6518,324.302,7.63377,1.01056,69.7784,0.207147,0.000399583,5.69794,1.20533,0.292202,0.146101,0.0365252,0.0365252,0.0730505,0.0365252,0,0.109576,0,0,0,0,0
71214,71231,71222,7.3,-155.047,19.6648,416.954,-20.416,324.495,7.59802,0.796539,33.7155,0.126982,0.000160398,5.35861,1.39964,0.399896,0.199948,0.119969,0.0399896,0,0.0399896,0.0399896,0,0,0,0,0,0
71234,71252,71243,7.4,-155.046,19.6635,411.979,-20.2587,325.81,7.77513,1.20211,83.5634,0.208542,0.00051709,5.18342,1.47372,0.304907,0.101636,0.304907,0.0508179,0.152454,0.101636,0,0.101636,0,0,0,0,0
71255,71271,71263,7.5,-155.045,19.6624,405.768,-20.6167,326.774,7.16341,0.708245,26.8335,0.113662,0.00011433,4.97459,1.59187,0.331639,0.0663279,0.0663279,0.0663279,0,0.0663279,0,0,0,0,0,0,0
71273,71287,71280,7.6,-155.044,19.6615,401.224,-21.2486,327.004,7.39744,0.908033,52.1515,0.1723,0.000283821,5.46272,0.967357,0.34142,0.284517,0.17071,0,0.0569034,0.0569034,0,0.0569034,0,0,0,0,0
71292,71308,71300,7.7,-155.042,19.6601,394.927,-22.1317,327.33,7.49602,0.923585,46.5064,0.151063,0.000240118,5.06398,1.13273,0.632997,0.199894,0.133263,0.199894,0.099947,0,0,0.0333157,0,0,0,0,0
71315,71331,71323,7.8,-155.04,19.6588,389.292,-22.792,327.81,9.13641,0.804119,24.2118,0.0903293,5.47436e-05,6.81223,1.52273,0.40072,0.240432,0.160288,0,0,0,0,0,0,0,0,0,0
71334,71349,71342,7.9,-155.038,19.658,383.621,-23.4657,328.307,8.26007,0.932868,44.4459,0.142933,0.000254768,6.15233,1.31022,0.227864,0.28483,0,0,0.227864,0,0.056966,0,0,0,0,0,0
71351,71366,71358,8,-155.036,19.6571,378.45,-24.11,328.733,7.49672,0.971361,49.7667,0.153702,0.000298946,5.12933,1.18369,0.394564,0.263043,0.131521,0.131521,0.197282,0,0.0657607,0,0,0,0,0,0
71368,71378,71373,8.1,-155.034,19.6569,374.498,-24.6137,329.051,8.31127,1.32439,193.384,0.438054,0.000461001,5.7731,1.64235,0.447913,0.199072,0.0995362,0.0497681,0.0497681,0,0,0,0,0,0,0.0497681,0
