api/data/B2SAP/Locations/Hawaii/NOAA-POPS-B2SAP_GMLBalloon_20221109_R0.ict
61,1001
Thornberry, T. D.
NOAA Chemical Sciences Laboratory
Portable Optical Particle Spectrometer (POPS)
Balloon Baseline Stratospheric Aerosol Profiles (B2SAP)
1,1
2022,11,09,2024,05,28
0
TIME_START,s,Seconds since midnight UTC on flight start day,Start time of 100 m altitude bin in UTC_seconds_since_midnight
28
1.0,1.0,1.0,1.0,1.0,1.0,1.0,1.0,1.0,1.0,1.0,1.0,1.0,1.0,1.0,1.0,1.0,1.0,1.0,1.0,1.0,1.0,1.0,1.0,1.0,1.0,1.0,1.0
99999,99999,99999,99999,99999,99999,99999,99999,99999,99999,99999,99999,99999,99999,99999,99999,99999,99999,99999,99999,99999,99999,99999,99999,99999,99999,99999,99999
TIME_STOP,s,End time of 100 m altitude bin in UTC seconds since midnight,
TIME_MID,s,Mid time of 100 m altitude in UTC seconds since midnight,
GPSAlt,m,GPS reported altitude above sea level (m),
GPS_Lon,deg,GPS reported longitude,
GPS_Lat,deg,GPS reported latitude,
iMet_Pressure,mb,Pressure reported (mB),
iMet_Temperature,degrees C,Ambient temperature (oC),
THETA,K,Potential temperature from iMet,
Aerosol_concentration,cm^-3,Aerosol concentration,
Surface_Area_Conc,um^2 cm^-3,Surface area concentration,
Volume_density,um^3 cm^-3,Volume density,
Effective_radius,um,Effective radius,
Extinction,km^-1,Extinction,
Bin01,cm^-3,particle concentration in size range [140 - 170 nm],
Bin02,cm^-3,particle concentration in size range [170 - 205 nm],
Bin03,cm^-3,particle concentration in size range [205 - 249 nm],
Bin04,cm^-3,particle concentration in size range [249 - 302 nm],
Bin05,cm^-3,particle concentration in size range [302 - 366 nm],
Bin06,cm^-3,particle concentration in size range [366 - 443 nm],
Bin07,cm^-3,particle concentration in size range [443 - 537 nm],
Bin08,cm^-3,particle concentration in size range [537 - 651 nm],
Bin09,cm^-3,particle concentration in size range [651 - 789 nm],
Bin10,cm^-3,particle concentration in size range [789 - 956 nm],
Bin11,cm^-3,particle concentration in size range [956 - 1159 nm],
Bin12,cm^-3,particle concentration in size range [1159 - 1404 nm],
Bin13,cm^-3,particle concentration in size range [1404 - 1702 nm],
Bin14,cm^-3,particle concentration in size range [1702 - 2062 nm],
Bin15,cm^-3,particle concentration in size range [2062 - 2500 nm],
0
19
PI_CONTACT_INFO: 325 Broadway R/CSL6, Boulder, CO 80305; troy.thornberry@noaa.gov; 303-497-3373 
PLATFORM: GML ECC/FPH balloon
LOCATION: Hilo, HI, USA
ASSOCIATED_DATA: N/A
INSTRUMENT_INFO: Printed Optical Particle Spectrometer counts particles from 140 - 2500 nm in diameter 
DATA_INFO: Particle concentrations reported in number per cubic centimeter, binned to 100 m altitude
UNCERTAINTY: Counting uncertainty dominated by air flow, less than 5 percent
ULOD_FLAG: -77777
ULOD_VALUE: 3000 ~3000 per cm3 (varies depending on flow rate- manufacturer quotes 1250  per cm3 at 1.667 cc/s)
LLOD_FLAG: -88888
LLOD_VALUE: 0 0 (varies depending on data field and measurement precision)
DM_CONTACT_INFO: Troy Thornberry, 325 Broadway R/CSL6, Boulder, CO 80305; troy.thornberry@noaa.gov; 303-497-3373
PROJECT_INFO: B2SAP Hilo, HI, USA
STIPULATIONS_ON_USE: Please contact the PIs for questions regarding applications and uncertainties
OTHER_COMMENTS: POPS bin Edges (nm):  140, 170, 205, 249, 302, 366, 443, 537, 651, 789, 956, 1159, 1404, 1702, 2062, 2500
Calculations assume sulfate refractive index of 1.45+0.00j and extinction wavelength = 532 nm
REVISION: R0
R0: QA/QC data
TIME_START,TIME_STOP,TIME_MID,GPSAlt,GPS_Lon,GPS_Lat,iMet_Pressure,iMet_Temperature,THETA,Aerosol_concentration,Surface_Area_Conc,Volume_density,Effective_radius,Extinction,Bin01,Bin02,Bin03,Bin04,Bin05,Bin06,Bin07,Bin08,Bin09,Bin10,Bin11,Bin12,Bin13,Bin14,Bin15
[from data line 241]
74291,74301,74296,24.2,-154.695,19.5619,30.168,-52.472,600.042,2.18389,0.706138,46.4293,0.197253,0.000349821,0.477726,0.136493,0.272986,0.40948,0.272986,0.136493,0.477726,0,0,0,0,0,0,0,0
74309,74311,74310,24.3,-154.695,19.5619,29.805,-52.085,603.167,1.36254,0.165794,6.28983,0.113813,2.4201e-05,0.681271,0.340636,0.170318,0,0.170318,0,0,0,0,0,0,0,0,0,0
74326,74339,74332,24.4,-154.694,19.562,29.2375,-52.81,604.5,2.45695,0.843642,57.6648,0.205057,0.00043529,0.263245,0.438741,0.263245,0.175497,0.789735,0.0877483,0.263245,0.175497,0,0,0,0,0,0,0
74348,74350,74349,24.5,-154.693,19.562,28.7633,-52.7433,607.513,1.18025,0.363947,24.6638,0.203303,0.00018045,0.354074,0,0.118025,0.236049,0.236049,0.118025,0,0.118025,0,0,0,0,0,0,0
74355,74370,74362,24.6,-154.692,19.5621,28.406,-53.382,607.916,2.02683,0.941008,85.7087,0.273245,0.000652097,0.144774,0.506708,0.361934,0.144774,0.144774,0.144774,0.21716,0.289547,0,0.0723868,0,0,0,0,0
74373,74383,74378,24.7,-154.691,19.5623,27.95,-54.0833,608.794,2.08011,1.30782,133.612,0.306493,0.00102193,0.244719,0.122359,0.367078,0.122359,0.367078,0.122359,0.122359,0.367078,0.122359,0.122359,0,0,0,0,0
74404,74413,74408,24.9,-154.69,19.5623,27.0925,-52.88,617.616,2.18858,0.724967,52.5792,0.217579,0.000387533,0.475778,0.190311,0.285467,0.380622,0.285467,0.285467,0.190311,0,0.0951556,0,0,0,0,0,0
74414,74425,74420,25,-154.689,19.5619,26.79,-52.275,621.293,2.50383,0.818192,51.9653,0.190537,0.000377613,0.288904,0.385205,0.385205,0,0.770409,0.288904,0.385205,0,0,0,0,0,0,0,0
74430,74447,74438,25.1,-154.688,19.5613,26.3117,-52.4167,624.108,1.96114,0.746142,57.4612,0.231033,0.000444834,0.392227,0.196114,0.196114,0.196114,0.457598,0.196114,0.0653712,0.196114,0.0653712,0,0,0,0,0,0
74457,74458,74458,25.2,-154.687,19.5606,25.885,-52.28,627.405,1.21883,0.713346,64.1002,0.269575,0.00050924,0,0,0,0.406277,0.406277,0,0.203138,0,0.203138,0,0,0,0,0,0
74466,74470,74468,25.3,-154.686,19.5604,25.576,-52.682,628.429,1.4285,0.415952,27.4257,0.197805,0.000200586,0.252088,0.420147,0,0.252088,0.168059,0.168059,0.0840295,0.0840295,0,0,0,0,0,0,0
74475,74480,74478,25.4,-154.686,19.5602,25.365,-51.96,631.98,1.73094,0.862842,78.0785,0.27147,0.000620761,0,0.216368,0.216368,0.649103,0.216368,0,0,0.216368,0.216368,0,0,0,0,0,0
69986,69989,69988,0.1,-155.049,19.7168,1020.97,22.64,294.045,101.82,13.8776,1035.47,0.223844,0.0036905,62.9602,23.4083,7.72588,3.80529,1.26843,0.922494,0.461247,0.461247,0,0.345935,0,0.230623,0.230623,0,0
76283,76295,76289,24.3,-154.709,19.5173,29.855,-49.1725,610.815,2.74489,1.31344,128.623,0.293785,0.000951776,0.343111,0.457481,0.571852,0.228741,0.343111,0.11437,0.343111,0,0.228741,0.11437,0,0,0,0,0
76302,76317,76310,24.2,-154.709,19.5176,30.2775,-48.5975,609.935,2.4693,1.16171,91.1938,0.235498,0.000733156,0.448964,0,0.448964,0,0.224482,0.561206,0.673447,0,0.112241,0,0,0,0,0,0
76323,76331,76327,24.1,-154.709,19.5178,30.6733,-49.62,604.909,2.3686,1.27087,116.491,0.274988,0.000948559,0.148038,0.296075,0.444113,0.296075,0.296075,0.148038,0.148038,0.296075,0.296075,0,0,0,0,0,0
76336,76358,76347,24,-154.709,19.5177,31.1586,-49.55,602.392,2.32323,0.874292,64.7831,0.222293,0.000505166,0.366826,0.366826,0.183413,0.366826,0.24455,0.24455,0.427963,0.0611376,0.0611376,0,0,0,0,0,0
76363,76376,76370,23.9,-154.708,19.5175,31.686,-49.192,600.481,2.88734,1.35272,121.372,0.269173,0.000926869,0.160408,0.481223,0.64163,0.320815,0.320815,0.160408,0.320815,0.320815,0.0802038,0.0802038,0,0,0,0,0
76385,76400,76392,23.8,-154.707,19.5175,32.1429,-47.9829,601.24,1.66859,0.52237,40.1277,0.230455,0.000293018,0.215301,0.322952,0.322952,0.322952,0.269127,0.0538253,0,0.0538253,0.107651,0,0,0,0,0,0
76401,76420,76410,23.7,-154.706,19.5179,32.6229,-48.7457,596.686,2.34181,1.15165,103.04,0.268417,0.000805746,0.356363,0.254545,0.407272,0.203636,0.050909,0.356363,0.356363,0.203636,0.101818,0.050909,0,0,0,0,0
76428,76439,76434,23.6,-154.705,19.5185,33.09,-49.4433,592.41,1.58129,0.507828,32.4379,0.191627,0.000236499,0.451799,0.11295,0,0.11295,0.451799,0.225899,0.225899,0,0,0,0,0,0,0,0
76443,76455,76449,23.5,-154.705,19.5187,33.4733,-49.7033,589.776,2.77672,0.915493,66.1227,0.216679,0.000515419,0.333206,0.666412,0.444274,0.333206,0.444274,0,0.222137,0.333206,0,0,0,0,0,0,0
76465,76481,76473,23.4,-154.704,19.5186,34.03,-49.07,588.675,2.15489,0.90154,83.1817,0.276799,0.000595666,0.414403,0.331522,0.331522,0.0828806,0.414403,0.248642,0.0828806,0.0828806,0.0828806,0.0828806,0,0,0,0,0
76485,76499,76492,23.3,-154.703,19.5187,34.5425,-49.6037,584.762,2.65582,0.96349,75.1581,0.234018,0.000589188,0.539463,0.58096,0.165989,0.29048,0.331977,0.165989,0.373474,0.0829943,0.124491,0,0,0,0,0,0
76504,76521,76512,23.2,-154.703,19.5189,34.9943,-50.8843,579.264,2.61921,1.44276,141.611,0.294458,0.00105406,0.428599,0.142866,0.333354,0.333354,0.285732,0.380977,0.190488,0.285732,0.0952441,0.142866,0,0,0,0,0
76526,76543,76534,23.1,-154.701,19.5195,35.6225,-49.2075,580.668,2.95688,1.58392,145.219,0.275049,0.00112885,0.324042,0.283536,0.283536,0.324042,0.567073,0.202526,0.445557,0.283536,0.162021,0.0810104,0,0,0,0,0
76548,76564,76556,23,-154.7,19.5203,36.1757,-48.4514,580.072,3.08723,1.89549,219.877,0.348,0.00126529,0.322546,0.322546,0.414702,0.368624,0.552936,0.23039,0.368624,0.138234,0.184312,0.092156,0.092156,0,0,0,0
76571,76585,76578,22.9,-154.698,19.5211,36.7175,-51.9062,568.735,3.40293,1.88778,207.556,0.329842,0.0013401,0.409992,0.368993,0.696987,0.49199,0.327994,0.204996,0.327994,0.204996,0.122998,0.204996,0.0409992,0,0,0,0
76587,76607,76597,22.8,-154.698,19.5217,37.177,-51.143,568.673,3.27336,1.79996,184.051,0.306759,0.00125602,0.392803,0.45827,0.294602,0.327336,0.556471,0.425537,0.229135,0.229135,0.229135,0.0982008,0.0327336,0,0,0,0
76609,76627,76618,22.7,-154.697,19.5223,37.75,-54.1355,558.567,2.97157,1.58344,166.417,0.315296,0.00109219,0.475451,0.356588,0.356588,0.326872,0.386304,0.356588,0.267441,0.118863,0.178294,0.118863,0,0.0297157,0,0,0
76633,76642,76638,22.6,-154.697,19.5222,38.2933,-52.5983,560.179,3.00408,0.879332,64.5617,0.220264,0.000466528,0.482799,0.590088,0.590088,0.643732,0.160933,0.214577,0.160933,0,0.160933,0,0,0,0,0,0
76651,76668,76660,22.5,-154.697,19.5219,38.8775,-54.295,553.482,2.47119,1.15542,118.455,0.307562,0.000728102,0.486136,0.364602,0.283579,0.324091,0.202557,0.243068,0.202557,0.243068,0.0405113,0.0405113,0.0405113,0,0,0,0
76673,76692,76682,22.4,-154.696,19.5219,39.5091,-55.7427,547.29,2.60087,1.03956,88.4235,0.255176,0.000631891,0.472885,0.236443,0.354664,0.413774,0.354664,0.236443,0.354664,0.0886659,0,0.0886659,0,0,0,0,0
76694,76717,76706,22.3,-154.695,19.522,40.1111,-54.2589,548.649,2.46825,0.836753,65.7017,0.235559,0.000467976,0.387868,0.317347,0.493651,0.352608,0.423129,0.176304,0.141043,0.0705215,0.0705215,0.0352608,0,0,0,0,0
76719,76727,76723,22.2,-154.695,19.5219,40.604,-56.788,540.429,2.05504,0.917187,86.3365,0.282396,0.000588198,0.385321,0.19266,0.25688,0.25688,0.19266,0.449541,0.19266,0,0,0.12844,0,0,0,0,0
76740,76762,76751,22.1,-154.694,19.5214,41.3155,-56.1545,539.317,2.8372,1.00272,86.5721,0.259011,0.000507053,0.579021,0.550069,0.28951,0.28951,0.318461,0.318461,0.405314,0.028951,0.028951,0,0,0.028951,0,0,0
76765,76783,76774,22,-154.693,19.5208,42.073,-58.644,530.377,2.56126,1.00922,76.4566,0.227275,0.000584037,0.22411,0.448221,0.320158,0.288142,0.320158,0.576284,0.128063,0.160079,0.0960473,0,0,0,0,0,0
76788,76804,76796,21.9,-154.691,19.5203,42.7137,-57.355,531.264,2.58947,0.85759,71.0055,0.24839,0.000512957,0.62775,0.510047,0.196172,0.431578,0.35311,0.117703,0.156938,0.0392344,0.117703,0.0392344,0,0,0,0,0
76810,76826,76818,21.8,-154.69,19.5195,43.3733,-57.6833,528.134,2.75843,0.705821,42.968,0.18263,0.000298292,0.419003,0.768171,0.384086,0.349169,0.349169,0.209501,0.209501,0.0698338,0,0,0,0,0,0,0
76832,76848,76840,21.7,-154.689,19.5188,43.9943,-58.7386,523.428,2.93319,1.04195,81.6973,0.235225,0.000591542,0.406134,0.496386,0.631763,0.135378,0.45126,0.406134,0.180504,0.135378,0.045126,0.045126,0,0,0,0,0
76851,76872,76862,21.6,-154.687,19.5183,44.6678,-58.6733,521.306,2.8402,1.03961,75.8409,0.218855,0.000581019,0.450276,0.41564,0.346366,0.277093,0.381003,0.450276,0.346366,0.10391,0.0692733,0,0,0,0,0,0
76876,76897,76886,21.5,-154.686,19.5176,45.4244,-59.1567,517.649,2.81148,0.911484,70.8253,0.23311,0.000523089,0.857157,0.445722,0.205718,0.240004,0.411435,0.205718,0.240004,0.137145,0.0342863,0.0342863,0,0,0,0,0
76898,76922,76910,21.4,-154.685,19.5176,46.097,-59.521,514.599,2.75841,0.877527,61.4996,0.210248,0.000460235,0.619868,0.278941,0.464901,0.371921,0.309934,0.340927,0.154967,0.18596,0.0309934,0,0,0,0,0,0
76923,76944,76934,21.3,-154.684,19.518,46.7789,-60.4644,510.177,3.06543,1.12478,91.423,0.243842,0.000654028,0.585531,0.447759,0.309987,0.413316,0.482202,0.378873,0.206658,0.137772,0.034443,0.068886,0,0,0,0,0
76950,76972,76961,21.2,-154.684,19.5183,47.6575,-59.4937,509.801,3.38414,1.13586,86.6303,0.228805,0.000636519,0.760481,0.494313,0.456289,0.418265,0.342217,0.380241,0.304193,0.152096,0.0380241,0.0380241,0,0,0,0,0
76977,76992,76984,21.1,-154.684,19.5181,48.3343,-59.6229,507.429,3.13194,0.85281,51.5795,0.181445,0.000354567,0.652488,0.478491,0.478491,0.260995,0.56549,0.434992,0.217496,0.0434992,0,0,0,0,0,0,0
76999,77021,77010,21,-154.684,19.5176,49.0691,-59.1727,506.323,2.72674,0.912909,70.3793,0.23128,0.000512715,0.463546,0.62715,0.272674,0.299941,0.409011,0.272674,0.218139,0.0545348,0.0818022,0.0272674,0,0,0,0,0
77026,77042,77034,20.9,-154.685,19.5169,49.8229,-60.4257,501.167,2.81168,0.754436,48.4873,0.192809,0.000337949,0.426012,0.639018,0.511214,0.426012,0.255607,0.298208,0.170405,0.0426012,0.0426012,0,0,0,0,0,0
77049,77065,77057,20.8,-154.684,19.5165,50.5571,-60.8057,498.179,3.54223,1.00574,60.6896,0.181029,0.000416979,0.682839,0.640162,0.256065,0.426774,0.597484,0.640162,0.298742,0,0,0,0,0,0,0,0
77070,77089,77080,20.7,-154.684,19.5165,51.3388,-61.93,493.385,3.28618,0.980049,63.0762,0.193081,0.000451987,0.448115,0.784201,0.298743,0.410772,0.522801,0.485458,0.186714,0.149372,0,0,0,0,0,0,0
77094,77117,77106,20.6,-154.683,19.516,52.157,-62.528,489.764,3.30102,1.10992,79.3136,0.214377,0.000592971,0.654256,0.5353,0.327128,0.297389,0.505561,0.5353,0.26765,0.0892167,0.0892167,0,0,0,0,0,0
77119,77142,77130,20.5,-154.683,19.5154,52.985,-62.276,488.15,3.82928,1.24559,89.2654,0.214995,0.000675789,0.736401,0.500753,0.765857,0.324016,0.589121,0.265104,0.412384,0.14728,0.0883681,0,0,0,0,0,0
77144,77166,77155,20.4,-154.683,19.5145,53.902,-62.305,485.696,3.54269,1.19461,88.6246,0.222562,0.000636243,0.493653,0.55173,0.638846,0.3775,0.55173,0.522692,0.203269,0.0871153,0.0871153,0.0290384,0,0,0,0,0
77168,77188,77178,20.3,-154.682,19.5136,54.7125,-61.7025,485.004,3.43495,1.11157,80.4876,0.217226,0.000579473,0.504433,0.744639,0.432371,0.336288,0.552474,0.480412,0.168144,0.144124,0.0480412,0.0240206,0,0,0,0,0
77194,77217,77206,20.2,-154.681,19.5132,55.628,-64.269,476.868,2.94213,0.885246,60.9856,0.206673,0.00044299,0.466079,0.524339,0.495209,0.378689,0.524339,0.23304,0.11652,0.14565,0.0582599,0,0,0,0,0,0
77218,77231,77224,20.1,-154.68,19.5131,56.2744,-66.1156,471.084,4.00383,1.19188,88.0631,0.221658,0.000657599,0.742645,1.00096,0.710357,0.322889,0.484334,0.226023,0.226023,0.129156,0.161445,0,0,0,0,0,0
77245,77253,77249,20,-154.679,19.5126,57.085,-64.07,473.795,3.78329,1.25162,84.0017,0.201344,0.00062744,0.582045,0.582045,0.582045,0.436533,0.291022,0.727556,0.436533,0.145511,0,0,0,0,0,0,0
77271,77296,77284,19.9,-154.678,19.5114,58.355,-66.3025,465.813,3.7301,0.93558,56.8543,0.182307,0.000390035,0.841102,0.767962,0.475405,0.402266,0.694823,0.255987,0.146279,0.146279,0,0,0,0,0,0,0
77297,77321,77309,19.8,-154.677,19.5108,59.1927,-66.0545,464.456,4.76349,1.44791,104.241,0.215983,0.000745139,1.11769,0.665292,0.532234,0.851574,0.558846,0.505622,0.292729,0.106447,0.106447,0.0266117,0,0,0,0,0
77323,77348,77336,19.7,-154.677,19.5102,60.1256,-64.8178,465.163,3.63187,1.20583,111.897,0.27839,0.000657064,0.875541,0.875541,0.453984,0.291847,0.389129,0.324274,0.194565,0.0972823,0.0324274,0.0648549,0.0324274,0,0,0,0
77353,77374,77364,19.6,-154.676,19.5096,61.3244,-66.5111,458.774,4.70146,1.08585,72.8189,0.201185,0.000492346,1.32938,1.26453,0.680901,0.356662,0.486358,0.194543,0.226967,0.0972716,0.0324239,0.0324239,0,0,0,0,0
77381,77402,77392,19.5,-154.676,19.509,62.2814,-67.5071,454.55,4.99363,1.41476,120.924,0.256421,0.000668552,1.30086,1.04908,0.881228,0.503559,0.503559,0.293743,0.167853,0.167853,0.0839265,0,0,0.0419633,0,0,0
77403,77429,77416,19.4,-154.676,19.5081,63.2212,-66.2913,455.293,4.55147,1.17207,74.4826,0.190643,0.000535568,1.19205,0.722456,0.794702,0.469597,0.686334,0.144491,0.325105,0.216737,0,0,0,0,0,0,0
77434,77454,77444,19.3,-154.675,19.5067,64.342,-67.452,450.458,4.91497,1.24055,92.1468,0.222836,0.000519643,1.6187,0.676912,0.706343,0.647481,0.588619,0.235448,0.29431,0.117724,0,0,0.029431,0,0,0,0
77459,77487,77473,19.2,-154.674,19.5056,65.305,-67.9133,447.552,4.84251,1.31989,114.447,0.26013,0.00065952,1.54862,0.95867,0.614532,0.589951,0.540788,0.245813,0.122906,0.0737438,0.0245813,0.0983251,0.0245813,0,0,0,0
77491,77518,77504,19.1,-154.673,19.5049,66.3922,-69.3433,442.343,5.34376,1.08223,60.3945,0.167416,0.000386002,1.78125,1.22049,0.758682,0.230903,0.69271,0.461807,0.0659724,0.131945,0,0,0,0,0,0,0
77520,77551,77536,19,-154.673,19.5042,67.5046,-69.3177,440.299,6.14666,1.22203,73.1958,0.179691,0.00047116,2.0108,1.66805,0.868302,0.525551,0.365601,0.365601,0.1828,0.1371,0,0.02285,0,0,0,0,0
77555,77584,77570,18.9,-154.672,19.5035,68.767,-69.902,436.726,7.35477,1.58685,122.219,0.231059,0.000656906,2.97764,1.48882,1.04217,0.625304,0.387093,0.535975,0.0595528,0.119106,0.0297764,0.0595528,0,0.0297764,0,0,0
77585,77610,77598,18.8,-154.671,19.5029,69.7567,-70.6447,433.354,6.82776,1.2233,66.5377,0.163176,0.000416444,2.21603,2.11621,0.958282,0.499105,0.439212,0.279499,0.179678,0.119785,0.0199642,0,0,0,0,0,0
77617,77645,77631,18.7,-154.67,19.5022,70.9593,-70.8436,430.818,7.57958,1.35465,75.1068,0.166331,0.000450326,2.59076,1.99125,1.28467,0.51387,0.620926,0.256935,0.235524,0.0428225,0.0214112,0.0214112,0,0,0,0,0
77650,77675,77662,18.6,-154.669,19.502,72.2191,-71.0109,428.308,7.77049,1.33071,67.6955,0.152615,0.000392921,2.5629,1.82675,1.69042,0.599827,0.545298,0.245384,0.245384,0.0272649,0.0272649,0,0,0,0,0,0
77677,77705,77691,18.5,-154.669,19.502,73.385,-69.712,429.081,8.23468,1.46021,77.1452,0.158494,0.00047728,3.09172,1.93232,1.39722,0.564833,0.356737,0.505377,0.297281,0.0891842,0,0,0,0,0,0,0
77706,77736,77721,18.4,-154.668,19.5015,74.7447,-70.6713,424.829,8.00908,1.28931,65.6257,0.1527,0.000355764,2.92598,2.13575,1.19602,0.811586,0.469866,0.277648,0.128145,0.0427151,0,0.0213575,0,0,0,0,0
77739,77764,77752,18.3,-154.667,19.5004,76.1225,-69.8025,424.427,8.02661,1.47421,80.3172,0.163444,0.000511488,2.5652,2.31696,1.15848,0.744737,0.57924,0.165497,0.330994,0.165497,0,0,0,0,0,0,0
77767,77799,77783,18.2,-154.667,19.4993,77.2944,-73.9062,414.052,8.92652,1.43433,73.25,0.153208,0.000402449,3.2194,2.46681,1.33793,0.898924,0.501725,0.271768,0.125431,0.0836208,0,0.0209052,0,0,0,0,0
77805,77826,77816,18.1,-154.666,19.4981,78.5117,-72.8508,414.399,8.7435,1.44246,89.4826,0.186104,0.000401399,3.425,2.11626,1.78211,0.417683,0.556911,0.25061,0.0835366,0.0556911,0.0278455,0,0,0.0278455,0,0,0
77843,77866,77854,18,-154.664,19.4962,80,-71.617,414.714,8.54703,1.20117,53.7915,0.134348,0.000271677,3.74754,2.16963,1.11769,0.756083,0.427351,0.164366,0.0986195,0.0657464,0,0,0,0,0,0,0
77868,77897,77882,17.9,-154.662,19.4946,81.2767,-73.4125,409.164,8.12314,1.45665,91.2901,0.188014,0.000566047,3.25482,2.16988,1.1684,0.500742,0.445104,0.194733,0.222552,0.0556379,0.0556379,0.0556379,0,0,0,0,0
77902,77918,77910,17.8,-154.661,19.4936,82.3173,-72.6682,409.201,9.57618,1.45675,74.7054,0.153847,0.000397903,3.92714,2.47712,1.41981,0.785428,0.543758,0.211461,0.151044,0,0.0302088,0.0302088,0,0,0,0,0
