api/data/B2SAP/Locations/Hawaii/NOAA-POPS-B2SAP_GMLBalloon_20221109_R0.ict
61,1001
Thornberry, T. D.
NOAA Chemical Sciences Laboratory
Portable Optical Particle Spectrometer (POPS)
Balloon Baseline Stratospheric Aerosol Profiles (B2SAP)
1,1
2022,11,09,2024,05,28
0
TIME_START,s,Seconds since midnight UTC on flight start day,Start time of 100 m altitude bin in UTC_seconds_since_midnight
28
1.0,1.0,1.0,1.0,1.0,1.0,1.0,1.0,1.0,1.0,1.0,1.0,1.0,1.0,1.0,1.0,1.0,1.0,1.0,1.0,1.0,1.0,1.0,1.0,1.0,1.0,1.0,1.0
99999,99999,99999,99999,99999,99999,99999,99999,99999,99999,99999,99999,99999,99999,99999,99999,99999,99999,99999,99999,99999,99999,99999,99999,99999,99999,99999,99999
TIME_STOP,s,End time of 100 m altitude bin in UTC seconds since midnight,
TIME_MID,s,Mid time of 100 m altitude in UTC seconds since midnight,
GPSAlt,m,GPS reported altitude above sea level (m),
GPS_Lon,deg,GPS reported longitude,
GPS_Lat,deg,GPS reported latitude,
iMet_Pressure,mb,Pressure reported (mB),
iMet_Temperature,degrees C,Ambient temperature (oC),
THETA,K,Potential temperature from iMet,
Aerosol_concentration,cm^-3,Aerosol concentration,
Surface_Area_Conc,um^2 cm^-3,Surface area concentration,
Volume_density,um^3 cm^-3,Volume density,
Effective_radius,um,Effective radius,
Extinction,km^-1,Extinction,
Bin01,cm^-3,particle concentration in size range [140 - 170 nm],
Bin02,cm^-3,particle concentration in size range [170 - 205 nm],
Bin03,cm^-3,particle concentration in size range [205 - 249 nm],
Bin04,cm^-3,particle concentration in size range [249 - 302 nm],
Bin05,cm^-3,particle concentration in size range [302 - 366 nm],
Bin06,cm^-3,particle concentration in size range [366 - 443 nm],
Bin07,cm^-3,particle concentration in size range [443 - 537 nm],
Bin08,cm^-3,particle concentration in size range [537 - 651 nm],
Bin09,cm^-3,particle concentration in size range [651 - 789 nm],
Bin10,cm^-3,particle concentration in size range [789 - 956 nm],
Bin11,cm^-3,particle concentration in size range [956 - 1159 nm],
Bin12,cm^-3,particle concentration in size range [1159 - 1404 nm],
Bin13,cm^-3,particle concentration in size range [1404 - 1702 nm],
Bin14,cm^-3,particle concentration in size range [1702 - 2062 nm],
Bin15,cm^-3,particle concentration in size range [2062 - 2500 nm],
0
19
PI_CONTACT_INFO: 325 Broadway R/CSL6, Boulder, CO 80305; troy.thornberry@noaa.gov; 303-497-3373 
PLATFORM: GML ECC/FPH balloon
LOCATION: Hilo, HI, USA
ASSOCIATED_DATA: N/A
INSTRUMENT_INFO: Printed Optical Particle Spectrometer counts particles from 140 - 2500 nm in diameter 
DATA_INFO: Particle concentrations reported in number per cubic centimeter, binned to 100 m altitude
UNCERTAINTY: Counting uncertainty dominated by air flow, less than 5 percent
ULOD_FLAG: -77777
ULOD_VALUE: 3000 ~3000 per cm3 (varies depending on flow rate- manufacturer quotes 1250  per cm3 at 1.667 cc/s)
LLOD_FLAG: -88888
LLOD_VALUE: 0 0 (varies depending on data field and measurement precision)
DM_CONTACT_INFO: Troy Thornberry, 325 Broadway R/CSL6, Boulder, CO 80305; troy.thornberry@noaa.gov; 303-497-3373
PROJECT_INFO: B2SAP Hilo, HI, USA
STIPULATIONS_ON_USE: Please contact the PIs for questions regarding applications and uncertainties
OTHER_COMMENTS: POPS bin Edges (nm):  140, 170, 205, 249, 302, 366, 443, 537, 651, 789, 956, 1159, 1404, 1702, 2062, 2500
Calculations assume sulfate refractive index of 1.45+0.00j and extinction wavelength = 532 nm
REVISION: R0
R0: QA/QC data
TIME_START,TIME_STOP,TIME_MID,GPSAlt,GPS_Lon,GPS_Lat,iMet_Pressure,iMet_Temperature,THETA,Aerosol_concentration,Surface_Area_Conc,Volume_density,Effective_radius,Extinction,Bin01,Bin02,Bin03,Bin04,Bin05,Bin06,Bin07,Bin08,Bin09,Bin10,Bin11,Bin12,Bin13,Bin14,Bin15
[from data line 163]
72906,72925,72916,16.4,-154.734,19.5873,104.709,-73.4313,380.557,10.4808,1.38961,63.986,0.138138,0.000330027,5.16084,2.63726,1.29589,0.682049,0.36376,0.159145,0.0682049,0.0682049,0.04547,0,0,0,0,0,0
72927,72945,72936,16.5,-154.733,19.5859,103.063,-73.5324,382.1,10.2004,1.1916,47.1978,0.118827,0.000206041,5.34611,2.71583,1.19753,0.449074,0.277998,0.0427689,0.149691,0.0213845,0,0,0,0,0,0,0
72946,72965,72956,16.6,-154.733,19.5846,101.311,-73.7535,383.546,7.99558,1.09175,62.2603,0.171084,0.000259028,4.11569,2.07928,0.771692,0.535897,0.235795,0.128615,0.0643077,0.0214359,0.0214359,0,0.0214359,0,0,0,0
72966,72985,72976,16.7,-154.732,19.5837,99.6558,-74.2116,384.464,8.53676,1.36631,94.937,0.208453,0.000466706,4.36495,2.06659,0.888441,0.482848,0.366965,0.0965697,0.115884,0.0386279,0.0579418,0.0386279,0,0,0.0193139,0,0
72986,73006,72996,16.8,-154.732,19.5829,97.8076,-74.4553,386.064,8.67174,1.19674,56.4142,0.14142,0.000299616,4.33587,1.94828,0.935936,0.76403,0.420216,0.076403,0.0955037,0.0573022,0.0382015,0,0,0,0,0,0
73007,73022,73014,16.9,-154.731,19.5824,96.3723,-74.2877,388.02,8.02786,1.33107,132.759,0.299216,0.000452999,4.03871,1.98219,1.04065,0.396437,0.272551,0.074332,0.0991093,0.074332,0.0247773,0,0,0,0,0.0247773,0
73023,73040,73032,17,-154.73,19.5821,94.7036,-74.28,389.97,8.32328,1.13592,56.1913,0.148403,0.000299337,4.27724,1.9421,1.01729,0.508645,0.254322,0.0924809,0.161842,0.0462405,0,0.0231202,0,0,0,0,0
73042,73060,73051,17.1,-154.73,19.5817,93.1062,-74.7069,391.04,8.68566,1.0953,47.6786,0.130591,0.00024103,4.83915,2.01011,0.794118,0.397059,0.297794,0.173713,0.124081,0.0496324,0,0,0,0,0,0,0
73061,73079,73070,17.2,-154.729,19.5808,91.4253,-75.0653,392.364,8.64885,1.31456,111.656,0.254813,0.00037139,4.26728,2.03839,1.25732,0.495309,0.304805,0.133352,0.0952517,0.0190503,0.0190503,0,0,0,0,0.0190503,0
73080,73096,73088,17.3,-154.728,19.5797,89.8186,-75.3114,393.867,8.63155,1.33683,72.6398,0.163012,0.000395033,3.87492,1.92586,1.13695,0.858515,0.487265,0.139219,0.0928124,0.0696093,0,0.0464062,0,0,0,0,0
73097,73113,73105,17.4,-154.728,19.5789,88.4507,-75.6747,394.877,8.28074,1.06641,46.0552,0.129561,0.000221503,3.61341,2.58101,1.09693,0.580727,0.129051,0.107542,0.150559,0,0.0215084,0,0,0,0,0,0
73116,73131,73124,17.5,-154.727,19.5782,86.8894,-76.4887,395.248,9.15762,1.18348,55.0309,0.139498,0.00027177,4.55846,2.38098,1.20067,0.427355,0.345954,0.081401,0.081401,0.0610508,0,0.0203503,0,0,0,0,0
73132,73149,73140,17.6,-154.727,19.5777,85.4861,-76.8494,396.366,9.23077,1.27917,62.2482,0.145988,0.000321219,4.16112,2.59843,1.27196,0.381587,0.490612,0.181708,0.0726833,0.0181708,0.0363416,0.0181708,0,0,0,0,0
73151,73168,73160,17.7,-154.727,19.5775,84.0087,-76.3413,399.38,8.80858,1.50753,134.832,0.268316,0.000505716,3.89568,2.2292,1.23363,0.714209,0.367926,0.129856,0.0865708,0.0865708,0.0432854,0,0,0,0,0.0216427,0
73169,73187,73178,17.8,-154.725,19.5774,82.5108,-76.6162,400.87,9.28754,1.43249,84.7758,0.177543,0.000397305,4.11947,2.52162,1.07356,0.748995,0.374497,0.199732,0.149799,0.049933,0.0249665,0,0.0249665,0,0,0,0
73188,73204,73196,17.9,-154.724,19.5769,81.198,-75.974,404.035,9.15783,1.2985,57.6706,0.13324,0.000290049,3.71902,2.73015,1.18235,0.601923,0.472939,0.279464,0.150481,0.0214972,0,0,0,0,0,0,0
73206,73223,73214,18,-154.723,19.5759,79.7781,-75.0075,408.064,8.37469,1.36712,68.3039,0.149885,0.000393119,3.03985,2.21446,1.34881,0.704601,0.54355,0.201315,0.261709,0.0402629,0.0201315,0,0,0,0,0,0
73224,73240,73232,18.1,-154.722,19.5748,78.478,-74.882,410.238,9.16232,1.64094,115.249,0.210701,0.000504454,3.57029,2.27983,1.44102,0.817296,0.516187,0.215078,0.19357,0.0645234,0.0215078,0,0.0215078,0,0.0215078,0,0
73242,73256,73249,18.2,-154.722,19.5738,77.0608,-74.3831,413.427,9.11009,1.49312,90.105,0.18104,0.000437988,3.70329,2.34542,1.40725,0.715969,0.395018,0.271575,0.197509,0,0.0493772,0,0.0246886,0,0,0,0
73257,73277,73267,18.3,-154.722,19.5727,75.8606,-74.3462,415.357,9.28787,1.74787,146.828,0.252011,0.000599192,3.43029,2.22668,1.58476,0.882649,0.601806,0.280843,0.120361,0.120361,0,0.0200602,0,0,0,0.0200602,0
73278,73296,73287,18.4,-154.721,19.5718,74.598,-73.3613,419.417,8.34856,1.44629,79.8218,0.165572,0.000472172,2.91031,2.18805,1.57199,0.509836,0.573566,0.361134,0.0424863,0.148702,0.0212432,0.0212432,0,0,0,0,0
73297,73313,73305,18.5,-154.721,19.5716,73.3607,-73.3721,421.412,9.00608,1.56138,93.3124,0.179289,0.000478588,3.54848,2.3449,1.28658,0.601789,0.45653,0.415027,0.269767,0.062254,0,0,0,0.0207513,0,0,0
73314,73332,73323,18.6,-154.721,19.5715,72.1031,-73.5519,423.11,8.64824,1.47961,81.5851,0.165419,0.000471239,3.09251,2.2115,1.45636,0.845047,0.467473,0.269696,0.179797,0.0898986,0,0.0359594,0,0,0,0,0
73333,73349,73341,18.7,-154.721,19.5712,70.9227,-73.6173,424.977,8.31825,1.54913,84.1864,0.163033,0.000519695,2.66338,1.89139,1.54399,0.887794,0.656196,0.270198,0.270198,0.0964994,0.0385998,0,0,0,0,0,0
73350,73367,73358,18.8,-154.72,19.5709,69.83,-73.8006,426.473,7.66595,1.36381,70.3416,0.154732,0.000420847,2.66939,1.91649,1.09514,0.701571,0.58179,0.393564,0.239561,0.0684459,0,0,0,0,0,0,0
73369,73385,73377,18.9,-154.72,19.5705,68.6012,-73.74,428.764,7.32929,1.39236,77.996,0.168052,0.000502825,2.52264,1.84085,1.22723,0.392032,0.562481,0.409077,0.204538,0.153404,0.0170449,0,0,0,0,0,0
73386,73402,73394,19,-154.72,19.5702,67.5157,-73.4736,431.312,8.42679,1.54781,85.8039,0.166307,0.000520042,2.80893,2.16866,1.50773,0.454386,0.702232,0.433732,0.268501,0.0413078,0.0206539,0.0206539,0,0,0,0,0
73403,73420,73412,19.1,-154.72,19.5699,66.4014,-72.7314,434.971,6.6037,1.29154,74.9948,0.174198,0.000468034,2.01608,1.8515,0.946325,0.45259,0.740602,0.288012,0.18515,0.0822891,0.0205723,0.0205723,0,0,0,0,0
73422,73438,73430,19.2,-154.72,19.5699,65.2336,-72.0836,438.595,5.82512,1.19572,68.8385,0.172712,0.00045352,1.76395,1.18964,1.25117,0.533286,0.41022,0.266643,0.287154,0.102555,0.020511,0,0,0,0,0,0
73439,73456,73448,19.3,-154.72,19.5698,64.26,-71.6653,441.404,5.85246,1.6245,133.319,0.246205,0.000860905,1.90585,1.13001,0.826429,0.590306,0.455379,0.354184,0.252988,0.168659,0.0674636,0.0843295,0.0168659,0,0,0,0
73457,73474,73466,19.4,-154.719,19.5692,63.2269,-71.6363,443.508,5.38446,1.19199,70.0568,0.176319,0.000470618,1.68152,1.16276,0.626099,0.447214,0.769208,0.304105,0.286217,0.0894428,0.0178886,0,0,0,0,0,0
73475,73492,73484,19.5,-154.719,19.5683,62.2313,-71.46,445.922,5.20997,1.20838,72.6626,0.180398,0.000496335,1.3917,1.24897,0.695852,0.463902,0.588798,0.410375,0.285478,0.107054,0.0178424,0,0,0,0,0,0
73494,73510,73502,19.6,-154.719,19.5674,61.1938,-71.2712,448.484,4.98377,1.24083,88.1453,0.213113,0.000538729,1.37054,1.19255,0.569574,0.462779,0.694168,0.320385,0.195791,0.106795,0.0533976,0,0.0177992,0,0,0,0
73511,73529,73520,19.7,-154.719,19.5666,60.132,-71.5493,450.109,5.05012,1.06082,59.9579,0.169561,0.000391668,1.67702,0.952853,0.705111,0.590769,0.438312,0.362084,0.247742,0.0762282,0,0,0,0,0,0,0
73530,73547,73538,19.8,-154.718,19.5659,59.1807,-69.3713,457.059,4.502,1.13579,72.9315,0.192637,0.00049251,1.20556,0.791146,0.546268,0.696962,0.47092,0.452083,0.207205,0.0941841,0.0188368,0.0188368,0,0,0,0,0
73549,73566,73558,19.9,-154.718,19.5654,58.25,-67.9927,462.23,4.11988,1.32512,110.878,0.251021,0.000722795,0.973789,0.805249,0.543075,0.449441,0.543075,0.280901,0.262174,0.0749068,0.149814,0.0187267,0,0.0187267,0,0,0
73567,73585,73576,20,-154.717,19.5651,57.308,-67.22,466.145,4.3538,1.48053,126.369,0.256061,0.000810576,1.06054,0.707027,0.502361,0.446543,0.651209,0.409331,0.334907,0.0930298,0.0558179,0.0744239,0,0.018606,0,0,0
73586,73602,73594,20.1,-154.716,19.5652,56.4424,-66.8524,469.009,3.71121,0.961769,58.8597,0.183598,0.000400105,0.837487,0.541903,0.541903,0.541903,0.640431,0.295583,0.24632,0.0328426,0.0328426,0,0,0,0,0,0
73603,73620,73612,20.2,-154.716,19.5657,55.5069,-66.9446,471.041,3.50366,1.01002,77.7508,0.230938,0.000534927,0.988762,0.537371,0.494381,0.537371,0.343917,0.193453,0.236443,0.0859793,0.0214948,0.0644845,0,0,0,0,0
73621,73638,73630,20.3,-154.715,19.5659,54.7213,-66.3647,474.3,3.14064,1.11823,93.2828,0.250259,0.000611726,0.761929,0.483175,0.241587,0.334506,0.427424,0.40884,0.334506,0.0371673,0.0743346,0.0185836,0.0185836,0,0,0,0
73639,73657,73648,20.4,-154.714,19.5657,53.835,-65.8688,477.654,3.84352,1.2713,98.0777,0.231443,0.000700388,0.727153,0.640587,0.605961,0.502082,0.450142,0.311637,0.38089,0.155818,0,0.0692526,0,0,0,0,0
73659,73674,73666,20.5,-154.715,19.5653,53.0177,-65.2185,481.254,3.86432,1.17502,83.0209,0.211965,0.000581816,0.725895,0.725895,0.597796,0.405647,0.405647,0.533746,0.362947,0.0640495,0,0.0426997,0,0,0,0,0
73675,73695,73685,20.6,-154.715,19.565,52.1531,-64.7254,484.668,3.97053,1.53428,137.143,0.268159,0.000848667,0.913011,0.382191,0.382191,0.658217,0.552053,0.339725,0.445889,0.191095,0.0424656,0.0212328,0.0424656,0,0,0,0
73696,73714,73705,20.7,-154.714,19.5647,51.2927,-64.6727,487.091,3.60243,1.41941,140.865,0.297727,0.00074349,0.69843,0.533012,0.496253,0.404354,0.496253,0.477873,0.275696,0.0918987,0.0367595,0.0367595,0.0183797,0.0183797,0.0183797,0,0
73715,73733,73724,20.8,-154.714,19.5648,50.5194,-64.0712,490.637,3.66049,1.07128,77.6954,0.217577,0.000547416,0.712662,0.696465,0.56689,0.5183,0.56689,0.194362,0.178166,0.145772,0.0485906,0.0323937,0,0,0,0,0
73734,73750,73742,20.9,-154.714,19.5645,49.7167,-63.484,494.26,3.63413,1.13664,93.1025,0.245731,0.000597204,0.91771,0.587334,0.477209,0.532272,0.403792,0.275313,0.238605,0.0734168,0.091771,0.0183542,0.0183542,0,0,0,0
73751,73764,73758,21,-154.714,19.5638,49.0245,-62.9464,497.518,3.51993,0.922631,60.6642,0.197254,0.000413332,1.00236,0.559459,0.349662,0.466216,0.536148,0.27973,0.233108,0.0699324,0,0.0233108,0,0,0,0,0
73770,73786,73778,21.1,-154.714,19.5628,48.1743,-62.545,500.969,3.00586,0.967744,78.8762,0.244516,0.000462755,0.533584,0.480226,0.498012,0.444653,0.391295,0.32015,0.142289,0.160075,0.0177861,0,0,0,0.0177861,0,0
73787,73803,73795,21.2,-154.714,19.5624,47.4294,-62.9419,502.247,3.51864,1.02084,65.1828,0.191557,0.000467204,0.59426,0.500429,0.672452,0.422237,0.578621,0.328407,0.281491,0.140746,0,0,0,0,0,0,0
73804,73820,73812,21.3,-154.714,19.5625,46.6806,-62.8038,504.88,2.94953,1.21693,113.414,0.279592,0.000707487,0.512286,0.512286,0.294953,0.341524,0.388096,0.372572,0.248381,0.155238,0.0620953,0.0310477,0.0155238,0.0155238,0,0,0
73821,73837,73829,21.4,-154.714,19.5627,45.9653,-63.0276,506.566,3.18802,1.14564,95.8717,0.251051,0.000647607,0.637605,0.51898,0.430012,0.341044,0.430012,0.311388,0.281732,0.133452,0.0593121,0.029656,0.014828,0,0,0,0
73838,73850,73844,21.5,-154.713,19.5629,45.33,-62.06,510.924,2.70915,0.752046,52.2648,0.208491,0.000357234,0.423304,0.649067,0.564406,0.253983,0.282203,0.282203,0.141101,0.0846609,0,0.0282203,0,0,0,0,0
73852,73870,73861,21.6,-154.711,19.5628,44.61,-61.7133,514.117,3.04957,1.01297,72.4284,0.214504,0.000540284,0.469165,0.597119,0.44784,0.255908,0.383862,0.490491,0.234583,0.0853028,0.0853028,0,0,0,0,0,0
73872,73889,73880,21.7,-154.71,19.5626,43.88,-60.961,518.374,2.9358,0.81634,51.6425,0.189783,0.000363312,0.59231,0.412042,0.566558,0.309031,0.412042,0.334784,0.257526,0.0257526,0.0257526,0,0,0,0,0,0
73890,73904,73897,21.8,-154.709,19.5622,43.1836,-60.3791,522.191,3.35052,1.18471,91.8578,0.232609,0.000681571,0.778641,0.566284,0.235952,0.377523,0.377523,0.377523,0.448308,0.117976,0.0235952,0.0471904,0,0,0,0,0
73905,73923,73914,21.9,-154.708,19.5617,42.5275,-60.0658,525.242,2.65822,0.732851,45.0046,0.184231,0.000313309,0.395438,0.637095,0.263626,0.307563,0.54922,0.241657,0.197719,0.0659064,0,0,0,0,0,0,0
73924,73936,73930,22,-154.707,19.5613,41.8956,-60.2489,527.044,2.2491,0.761038,54.6588,0.215464,0.000406258,0.295934,0.384714,0.384714,0.207154,0.35512,0.35512,0.0887801,0.118373,0.0591867,0,0,0,0,0,0
73942,73957,73950,22.1,-154.705,19.5607,41.2109,-61.0755,527.476,2.45394,0.74755,64.0734,0.257134,0.000362078,0.662564,0.368091,0.466249,0.220855,0.245394,0.245394,0.0981576,0.0981576,0.0245394,0,0.0245394,0,0,0,0
73958,73974,73966,22.2,-154.705,19.56,40.5292,-61.535,528.841,2.83169,0.962432,80.0015,0.249373,0.000483568,0.570905,0.433888,0.456724,0.296871,0.342543,0.319707,0.251198,0.114181,0.0228362,0,0,0.0228362,0,0,0
73975,73987,73981,22.3,-154.704,19.5596,40.04,-61.3945,531.043,2.98291,0.805166,52.7217,0.196438,0.000378198,0.631971,0.581414,0.556135,0.303346,0.328625,0.278067,0.151673,0.126394,0.0252789,0,0,0,0,0,0
73991,74007,73999,22.4,-154.704,19.5593,39.37,-60.5662,535.688,2.8618,1.06179,89.3971,0.252585,0.000671151,0.5933,0.3839,0.4188,0.4537,0.3839,0.1396,0.1396,0.1745,0.1396,0.0349,0,0,0,0,0
74008,74021,74014,22.5,-154.703,19.5594,38.7543,-59.2,541.573,2.78541,0.971208,74.8145,0.231097,0.000550714,0.68626,0.484418,0.161473,0.242209,0.363314,0.403682,0.242209,0.161473,0,0.0403682,0,0,0,0,0
74026,74042,74034,22.6,-154.702,19.5592,38.167,-57.87,547.317,2.671,1.05634,107.098,0.30416,0.000611049,0.539883,0.340979,0.454638,0.340979,0.426223,0.284149,0.0852447,0.0568298,0,0.11366,0.0284149,0,0,0,0
74043,74053,74048,22.7,-154.702,19.5587,37.6233,-57.9367,549.382,2.19642,0.961274,99.4017,0.310219,0.000548576,0.238741,0.477483,0.477483,0,0.381986,0.238741,0.190993,0.0477483,0.0954965,0,0.0477483,0,0,0,0
74055,74076,74066,22.8,-154.702,19.5587,37.0392,-57.5517,552.848,2.77557,0.901974,67.6868,0.225129,0.000511169,0.675791,0.386166,0.362031,0.410301,0.265489,0.265489,0.217218,0.0724061,0.120677,0,0,0,0,0,0
74079,74089,74084,22.9,-154.701,19.5592,36.4743,-55.5129,560.519,2.90093,1.38366,134.193,0.290953,0.000834147,0.372976,0.290093,0.290093,0.414418,0.580185,0.248651,0.45586,0.0828836,0.0828836,0.0414418,0.0414418,0,0,0,0
74094,74111,74102,23,-154.7,19.5595,35.968,-55.369,563.146,2.92919,1.41152,123.129,0.261694,0.000950332,0.322211,0.410087,0.351503,0.175752,0.497963,0.410087,0.322211,0.263627,0.117168,0.0585839,0,0,0,0,0
74112,74127,74120,23.1,-154.699,19.5601,35.3622,-54.54,568.031,2.54271,1.25075,115.821,0.277803,0.000866172,0.396266,0.330221,0.297199,0.132089,0.396266,0.396266,0.165111,0.264177,0.0660443,0.0990664,0,0,0,0,0
74128,74140,74134,23.2,-154.698,19.5604,34.875,-54.8212,569.56,2.68783,1.34392,124.949,0.278921,0.000926294,0.492138,0.22714,0.11357,0.378567,0.454281,0.378567,0.22714,0.22714,0.0757135,0.11357,0,0,0,0,0
74141,74159,74150,23.3,-154.698,19.5606,34.4171,-54.3343,572.993,2.7022,1.24945,110.5,0.265316,0.000824041,0.21792,0.392255,0.435839,0.174336,0.653759,0.174336,0.261504,0.261504,0.0435839,0.0871679,0,0,0,0,0
74161,74172,74166,23.4,-154.697,19.5608,33.8612,-53.9963,576.54,3.1754,1.73161,187.812,0.325382,0.00107307,0.309796,0.503418,0.309796,0.116173,0.813213,0.387244,0.34852,0.154898,0.0774489,0.0774489,0.0774489,0,0,0,0
74181,74192,74186,23.5,-154.697,19.5609,33.3157,-54.1329,578.874,2.31856,1.26466,123.727,0.293502,0.000923806,0.222938,0.401289,0.267526,0.267526,0.178351,0.222938,0.356701,0.222938,0.0445876,0.133763,0,0,0,0,0
74193,74206,74200,23.6,-154.696,19.5612,32.8789,-53.88,581.723,1.80717,0.705623,57.7584,0.245563,0.000437442,0.389782,0.318912,0.141739,0.0708694,0.354347,0.106304,0.248043,0.141739,0,0.0354347,0,0,0,0,0
74212,74226,74219,23.7,-154.696,19.5618,32.4333,-52.93,586.526,2.76113,1.05819,81.2295,0.230289,0.000631644,0.265493,0.318592,0.743381,0.265493,0.318592,0.265493,0.318592,0.159296,0.106197,0,0,0,0,0,0
74227,74243,74235,23.8,-154.695,19.5619,31.9491,-52.7645,589.499,2.35773,0.937344,73.0875,0.233919,0.000588644,0.383132,0.324188,0.383132,0.17683,0.383132,0.0294717,0.412603,0.206302,0.0589433,0,0,0,0,0,0
74246,74256,74251,23.9,-154.695,19.5617,31.434,-52.984,591.645,1.76341,0.784021,65.1961,0.249468,0.000546724,0.45718,0.0653115,0.261246,0.326557,0,0.0653115,0.130623,0.45718,0,0,0,0,0,0,0
74261,74276,74268,24,-154.695,19.5616,30.9771,-52.8886,594.395,2.6649,1.04388,79.1791,0.227553,0.00061726,0.3807,0.475875,0.237937,0.19035,0.428287,0.3807,0.3807,0.0951749,0.0951749,0,0,0,0,0,0
