api/data/B2SAP/Locations/Hawaii/NOAA-POPS-B2SAP_GMLBalloon_20221109_R0.ict
61,1001
Thornberry, T. D.
NOAA Chemical Sciences Laboratory
Portable Optical Particle Spectrometer (POPS)
Balloon Baseline Stratospheric Aerosol Profiles (B2SAP)
1,1
2022,11,09,2024,05,28
0
TIME_START,s,Seconds since midnight UTC on flight start day,Start time of 100 m altitude bin in UTC_seconds_since_midnight
28
1.0,1.0,1.0,1.0,1.0,1.0,1.0,1.0,1.0,1.0,1.0,1.0,1.0,1.0,1.0,1.0,1.0,1.0,1.0,1.0,1.0,1.0,1.0,1.0,1.0,1.0,1.0,1.0
99999,99999,99999,99999,99999,99999,99999,99999,99999,99999,99999,99999,99999,99999,99999,99999,99999,99999,99999,99999,99999,99999,99999,99999,99999,99999,99999,99999
TIME_STOP,s,End time of 100 m altitude bin in UTC seconds since midnight,
TIME_MID,s,Mid time of 100 m altitude in UTC seconds since midnight,
GPSAlt,m,GPS reported altitude above sea level (m),
GPS_Lon,deg,GPS reported longitude,
GPS_Lat,deg,GPS reported latitude,
iMet_Pressure,mb,Pressure reported (mB),
iMet_Temperature,degrees C,Ambient temperature (oC),
THETA,K,Potential temperature from iMet,
Aerosol_concentration,cm^-3,Aerosol concentration,
Surface_Area_Conc,um^2 cm^-3,Surface area concentration,
Volume_density,um^3 cm^-3,Volume density,
Effective_radius,um,Effective radius,
Extinction,km^-1,Extinction,
Bin01,cm^-3,particle concentration in size range [140 - 170 nm],
Bin02,cm^-3,particle concentration in size range [170 - 205 nm],
Bin03,cm^-3,particle concentration in size range [205 - 249 nm],
Bin04,cm^-3,particle concentration in size range [249 - 302 nm],
Bin05,cm^-3,particle concentration in size range [302 - 366 nm],
Bin06,cm^-3,particle concentration in size range [366 - 443 nm],
Bin07,cm^-3,particle concentration in size range [443 - 537 nm],
Bin08,cm^-3,particle concentration in size range [537 - 651 nm],
Bin09,cm^-3,particle concentration in size range [651 - 789 nm],
Bin10,cm^-3,particle concentration in size range [789 - 956 nm],
Bin11,cm^-3,particle concentration in size range [956 - 1159 nm],
Bin12,cm^-3,particle concentration in size range [1159 - 1404 nm],
Bin13,cm^-3,particle concentration in size range [1404 - 1702 nm],
Bin14,cm^-3,particle concentration in size range [1702 - 2062 nm],
Bin15,cm^-3,particle concentration in size range [2062 - 2500 nm],
0
19
PI_CONTACT_INFO: 325 Broadway R/CSL6, Boulder, CO 80305; troy.thornberry@noaa.gov; 303-497-3373 
PLATFORM: GML ECC/FPH balloon
LOCATION: Hilo, HI, USA
ASSOCIATED_DATA: N/A
INSTRUMENT_INFO: Printed Optical Particle Spectrometer counts particles from 140 - 2500 nm in diameter 
DATA_INFO: Particle concentrations reported in number per cubic centimeter, binned to 100 m altitude
UNCERTAINTY: Counting uncertainty dominated by air flow, less than 5 percent
ULOD_FLAG: -77777
ULOD_VALUE: 3000 ~3000 per cm3 (varies depending on flow rate- manufacturer quotes 1250  per cm3 at 1.667 cc/s)
LLOD_FLAG: -88888
LLOD_VALUE: 0 0 (varies depending on data field and measurement precision)
DM_CONTACT_INFO: Troy Thornberry, 325 Broadway R/CSL6, Boulder, CO 80305; troy.thornberry@noaa.gov; 303-497-3373
PROJECT_INFO: B2SAP Hilo, HI, USA
STIPULATIONS_ON_USE: Please contact the PIs for questions regarding applications and uncertainties
OTHER_COMMENTS: POPS bin Edges (nm):  140, 170, 205, 249, 302, 366, 443, 537, 651, 789, 956, 1159, 1404, 1702, 2062, 2500
Calculations assume sulfate refractive index of 1.45+0.00j and extinction wavelength = 532 nm
REVISION: R0
R0: QA/QC data
TIME_START,TIME_STOP,TIME_MID,GPSAlt,GPS_Lon,GPS_Lat,iMet_Pressure,iMet_Temperature,THETA,Aerosol_concentration,Surface_Area_Conc,Volume_density,Effective_radius,Extinction,Bin01,Bin02,Bin03,Bin04,Bin05,Bin06,Bin07,Bin08,Bin09,Bin10,Bin11,Bin12,Bin13,Bin14,Bin15
[from data line 82]
71404,71419,71412,8.3,-155.027,19.6564,362.983,-25.3362,331.031,7.54629,1.00348,56.2763,0.168244,0.000316557,4.89759,1.39931,0.599705,0,0.349828,0.0499754,0.199902,0,0,0.0499754,0,0,0,0,0
71420,71438,71429,8.4,-155.025,19.6564,358.687,-25.702,331.677,7.541,0.950052,52.8412,0.166858,0.000279683,5.12679,1.30204,0.352637,0.379763,0.108504,0.135629,0.0542518,0.0271259,0,0.0542518,0,0,0,0,0
71440,71457,71448,8.5,-155.021,19.6561,353.613,-26.5513,331.884,7.932,1.03904,79.3785,0.229187,0.000243134,5.46004,1.54837,0.353137,0.244479,0.108657,0.108657,0.0543287,0,0,0,0.0271644,0.0271644,0,0,0
71460,71475,71468,8.6,-155.018,19.6555,348.495,-27.4129,332.101,7.70812,1.16145,98.594,0.254666,0.000385155,5.27552,1.31888,0.498243,0.175851,0.175851,0.0879253,0.0586169,0,0.0293084,0.0293084,0.0586169,0,0,0,0
71480,71493,71486,8.7,-155.016,19.6548,343.764,-28.173,332.366,8.90331,1.00055,43.3799,0.130068,0.000229389,6.12613,1.59279,0.612613,0.163364,0.122523,0.0408409,0.163364,0.0816818,0,0,0,0,0,0,0
71494,71513,71504,8.8,-155.012,19.6542,339.407,-28.5225,333.112,10.6804,1.1711,68.8175,0.17629,0.000218539,7.64357,1.93019,0.669134,0.154415,0.12868,0.0257359,0.0772077,0,0.0257359,0,0,0,0.0257359,0,0
71514,71528,71521,8.9,-155.009,19.6538,334.547,-28.9657,333.881,12.8346,1.38767,61.7967,0.133598,0.000333456,9.12554,2.70822,0.470996,0.0588744,0,0.117749,0.294372,0,0.0588744,0,0,0,0,0,0
71530,71546,71538,9,-155.005,19.6536,329.958,-29.4792,334.492,14.6311,1.85372,110.732,0.179206,0.000642785,10.2702,2.74926,0.695214,0.189604,0.284406,0.0316006,0.158003,0.0632013,0.0948019,0.0948019,0,0,0,0,0
71548,71564,71556,9.1,-155,19.6535,324.873,-29.9075,335.387,15.7292,1.65529,90.076,0.163252,0.000326502,11.7537,3.00756,0.414836,0.172848,0.103709,0.0345697,0.138279,0.0345697,0.0345697,0,0,0.0345697,0,0,0
71566,71579,71572,9.2,-154.997,19.6536,320.911,-30.3163,336.004,14.2142,1.47464,68.229,0.138804,0.000324773,10.4032,2.78105,0.515009,0.103002,0.103002,0.103002,0.103002,0.0515009,0,0.0515009,0,0,0,0,0
71580,71596,71588,9.3,-154.993,19.6535,316.342,-31.0867,336.315,14.8453,1.40383,49.2668,0.105284,0.000182955,11.3321,2.2733,0.482215,0.309995,0.206664,0.137776,0.0688879,0.0344439,0,0,0,0,0,0,0
71597,71612,71604,9.4,-154.988,19.6535,312.254,-31.761,336.623,13.8022,1.25832,40.5612,0.0967029,0.000119469,10.0719,2.73557,0.331584,0.331584,0.20724,0.082896,0.041448,0,0,0,0,0,0,0,0
71616,71632,71624,9.5,-154.983,19.653,307.846,-32.4782,336.986,12.0237,1.13211,37.232,0.0986614,0.000112475,8.80243,1.94777,0.449486,0.486943,0.2622,0.0374571,0.0374571,0,0,0,0,0,0,0,0
71634,71645,71640,9.6,-154.978,19.6524,303.268,-33.25,337.354,7.64167,0.656008,20.7387,0.0948402,6.30832e-05,6.04387,1.11152,0.416819,0,0,0,0.0694698,0,0,0,0,0,0,0,0
71649,71660,71654,9.7,-154.973,19.6516,299.347,-33.7311,337.93,9.71531,1.1561,89.4503,0.232117,0.000255858,7.2981,1.62697,0.371878,0.185939,0.139454,0,0,0,0.0464847,0,0,0,0.0464847,0,0
71666,71683,71674,9.8,-154.968,19.6505,295.211,-34.4264,338.288,11.9068,1.41955,92.6316,0.195763,0.000381307,9.14134,1.7284,0.38409,0.230454,0.076818,0.115227,0.115227,0.038409,0,0.038409,0.038409,0,0,0,0
71687,71701,71694,9.9,-154.962,19.6493,290.462,-35.173,338.793,14.8495,1.42773,53.7767,0.112997,0.000219955,10.9684,2.57334,0.717162,0.253116,0.168744,0.042186,0.042186,0.042186,0.042186,0,0,0,0,0,0
71702,71718,71710,10,-154.958,19.6488,286.693,-35.7478,339.244,15.7694,1.42658,47.4414,0.0997659,0.000156324,12.0148,2.58131,0.610127,0.187732,0.281597,0,0.0469329,0.0469329,0,0,0,0,0,0,0
71721,71735,71728,10.1,-154.953,19.6482,282.197,-36.5389,339.645,17.4615,1.58519,51.9648,0.0983443,0.000165227,13.0012,3.13168,0.806645,0.142349,0.142349,0.142349,0.0948994,0,0,0,0,0,0,0,0
71737,71753,71745,10.2,-154.948,19.6477,278.407,-37.32,339.83,14.3367,1.41541,57.7432,0.122388,0.000270167,10.7526,2.58061,0.430102,0.286735,0,0.0716837,0.143367,0,0.0716837,0,0,0,0,0,0
71759,71772,71766,10.3,-154.942,19.6472,274.044,-38.2829,339.969,12.2185,1.58161,122.199,0.231788,0.000392028,9.34718,1.77169,0.305464,0.0610927,0.244371,0.244371,0.183278,0,0,0,0,0,0.0610927,0,0
71775,71792,71784,10.4,-154.935,19.6469,269.99,-39.1043,340.233,10.5037,1.14766,47.491,0.124142,0.000234732,7.3465,1.70002,0.728578,0.303574,0.12143,0.0607148,0.182145,0.0607148,0,0,0,0,0,0,0
71793,71808,71800,10.5,-154.931,19.6467,267.254,-39.72,340.328,7.61058,1.09578,92.337,0.252797,0.00029894,5.4896,1.18525,0.311909,0.187145,0.124764,0.124764,0.124764,0,0,0,0,0.0623818,0,0,0
71811,71824,71818,10.6,-154.925,19.6467,263.189,-40.63,340.485,7.30333,0.859982,44.2165,0.154247,0.00021843,5.04277,1.26069,0.434722,0.173889,0.173889,0.130417,0.0434722,0,0,0.0434722,0,0,0,0,0
71830,71841,71836,10.7,-154.918,19.6464,258.762,-41.7191,340.533,6.21726,0.772408,44.715,0.173671,0.000250766,4.24977,1.25919,0.314798,0.0786994,0.157399,0,0.0786994,0,0.0393497,0.0393497,0,0,0,0,0
71843,71857,71850,10.8,-154.913,19.6459,254.666,-42.804,340.493,5.40936,0.620011,24.8548,0.120263,0.000112593,3.45844,0.975458,0.354712,0.354712,0.088678,0.088678,0.088678,0,0,0,0,0,0,0,0
71861,71878,71870,10.9,-154.907,19.6456,251.344,-43.5275,340.699,2.89,0.342619,18.1641,0.159046,0.0001096,2.023,0.577999,0.1445,0.036125,0.036125,0,0,0.036125,0.036125,0,0,0,0,0,0
71879,71894,71886,11,-154.901,19.645,248.013,-44.3481,340.774,6.41166,0.667572,25.7158,0.115564,0.000111643,4.58365,1.03678,0.272836,0.272836,0.109135,0.0545673,0.0545673,0.0272836,0,0,0,0,0,0,0
71895,71914,71904,11.1,-154.895,19.6441,244.054,-45.0894,341.231,7.03848,0.739571,35.4265,0.143704,0.000167266,5.10901,1.19573,0.461985,0.108702,0.0815267,0,0.0271756,0,0.0271756,0.0271756,0,0,0,0,0
71915,71931,71923,11.2,-154.888,19.6433,239.943,-45.9457,341.613,4.31965,0.396817,12.0279,0.0909324,2.63295e-05,2.62935,1.25207,0.313018,0.0626036,0.0626036,0,0,0,0,0,0,0,0,0,0
71932,71949,71940,11.3,-154.883,19.6429,237.106,-46.6473,341.716,5.19461,0.6979,40.9508,0.176031,0.000239432,3.60982,0.704354,0.352177,0.234785,0.0586962,0.0880443,0.0586962,0.0293481,0.0293481,0.0293481,0,0,0,0,0
71950,71967,71958,11.4,-154.876,19.6415,233.274,-47.4767,342.05,5.66702,0.575306,21.5271,0.112256,8.87044e-05,3.9256,1.06257,0.354189,0.118063,0.118063,0.0295158,0.0295158,0.0295158,0,0,0,0,0,0,0
71971,71986,71978,11.5,-154.869,19.6404,229.549,-48.152,342.594,10.9899,1.12904,51.6728,0.137301,0.000237034,8.07304,1.79728,0.6482,0.206245,0.176782,0,0,0,0.0589273,0.0294636,0,0,0,0,0
71987,72004,71996,11.6,-154.864,19.6391,226.487,-48.6353,343.18,12.4493,1.35229,76.3574,0.169396,0.00024733,8.4774,2.90484,0.47426,0.266771,0.207489,0.0296413,0.0296413,0,0,0.0296413,0,0.0296413,0,0,0
72005,72023,72014,11.7,-154.858,19.6383,223.264,-49.0173,344.003,13.0111,1.23819,47.5662,0.115248,0.000169487,9.29365,2.62583,0.708088,0.088511,0.147518,0.118015,0,0,0,0.0295037,0,0,0,0,0
72024,72043,72034,11.8,-154.852,19.6376,219.958,-49.7212,344.383,15.7516,1.51421,58.3637,0.115632,0.000222323,11.6137,2.67583,0.827578,0.248273,0.248273,0.0275859,0.0551719,0.0275859,0,0.0275859,0,0,0,0,0
72044,72061,72052,11.9,-154.846,19.6368,216.281,-50.3871,345.011,15.9267,1.98997,142.343,0.214591,0.000524466,11.0115,3.35132,0.702181,0.35109,0.191504,0.0319173,0.127669,0,0.0638346,0.0319173,0.0319173,0,0.0319173,0,0
72062,72078,72070,12,-154.84,19.6362,213.23,-51.0136,345.446,17.2182,1.68633,69.052,0.122844,0.000288246,12.453,3.24033,0.921269,0.317679,0.0953037,0.0317679,0.0635358,0.0317679,0.0317679,0.0317679,0,0,0,0,0
72079,72095,72087,12.1,-154.836,19.6358,210.343,-51.7144,345.702,22.1747,1.9278,60.5582,0.0942392,0.000170033,16.7699,3.99044,0.858702,0.353583,0.101024,0,0.0505119,0.0505119,0,0,0,0,0,0,0
72096,72114,72105,12.2,-154.83,19.6355,206.839,-52.5757,346.01,20.7571,1.91067,64.5323,0.101324,0.000220809,15.4952,3.74467,0.742478,0.290535,0.19369,0.161408,0.096845,0.0322817,0,0,0,0,0,0,0
72115,72130,72122,12.3,-154.826,19.6351,203.576,-53.4712,346.17,18.6766,1.86107,78.0022,0.125738,0.000353518,13.9512,3.26277,0.731311,0.196891,0.253146,0.0562547,0.084382,0.084382,0.0281273,0.0281273,0,0,0,0,0
72131,72151,72141,12.4,-154.821,19.6344,200.375,-54.3794,346.312,16.0266,1.54846,61.7034,0.119545,0.000247596,11.634,3.11481,0.692181,0.292846,0.106489,0.079867,0.0266223,0.0266223,0.0266223,0.0266223,0,0,0,0,0
72152,72170,72161,12.5,-154.816,19.6338,197.352,-55.1531,346.589,17.0036,1.9662,114.262,0.174339,0.00049246,11.973,3.21962,0.880365,0.377299,0.22638,0.0754598,0.100613,0.0251533,0.0251533,0.0754598,0,0.0251533,0,0,0
72171,72191,72181,12.6,-154.811,19.6332,194.361,-55.9047,346.9,14.5253,1.67482,107.713,0.19294,0.000376067,10.4237,2.89983,0.444117,0.313495,0.235121,0.0261246,0.0783737,0,0.0261246,0.0261246,0.0261246,0.0261246,0,0,0
72192,72211,72202,12.7,-154.806,19.6327,191.507,-56.4569,347.48,16.4354,1.81238,96.7579,0.160161,0.000395136,11.7535,2.97495,0.877855,0.268233,0.268233,0.0975394,0.0731546,0.0487697,0,0.0487697,0.0243849,0,0,0,0
72212,72229,72220,12.8,-154.802,19.6324,188.314,-57.0347,348.233,21.7163,2.08299,75.2158,0.108329,0.000291181,15.1899,4.55008,1.24093,0.275763,0.229802,0,0.137881,0.0689406,0.0229802,0,0,0,0,0,0
72231,72250,72240,12.9,-154.798,19.6319,185.308,-57.8117,348.576,12.6653,1.37679,65.0857,0.14182,0.000317521,8.70467,2.6114,0.783421,0.174093,0.13057,0.0435234,0.13057,0.0217617,0.0217617,0.0435234,0,0,0,0,0
72251,72269,72260,13,-154.793,19.6316,182.401,-58.5021,349.028,10.2082,1.13853,62.3156,0.164199,0.000218143,6.7587,2.46791,0.476755,0.168266,0.140222,0.0560888,0.0841332,0.0280444,0,0,0.0280444,0,0,0,0
72270,72285,72278,13.1,-154.79,19.6313,179.796,-58.9133,349.792,4.35089,0.525451,24.0047,0.137052,0.000135805,2.94421,0.75241,0.261708,0.0981404,0.130854,0,0.130854,0.0327135,0,0,0,0,0,0,0
72286,72305,72296,13.2,-154.786,19.6307,176.871,-59.6129,350.297,3.53052,0.497095,40.8484,0.246523,0.000149096,2.2298,0.812949,0.278725,0.0929084,0.0464542,0.0232271,0,0,0,0.0232271,0.0232271,0,0,0,0
72306,72323,72314,13.3,-154.782,19.63,174.214,-60.2033,350.838,3.53254,0.506245,31.8599,0.188801,0.000201225,2.36388,0.717132,0.159363,0.0531209,0.0265604,0.0265604,0.106242,0.0531209,0,0.0265604,0,0,0,0,0
72327,72346,72336,13.4,-154.778,19.6289,171.235,-60.5012,352.073,2.1473,0.441858,29.5399,0.200562,0.000214263,0.980289,0.536825,0.186722,0.0933608,0.0700206,0.0700206,0.140041,0.0233402,0.0466804,0,0,0,0,0,0
72349,72363,72356,13.5,-154.774,19.6279,168.26,-60.8864,353.206,1.87951,0.388153,29.6788,0.229385,0.000191665,1.01204,0.289155,0.0722888,0.289155,0.0722888,0,0.0722888,0.0361444,0,0.0361444,0,0,0,0,0
72365,72379,72372,13.6,-154.771,19.6269,165.898,-61.4091,353.764,2.61647,0.356404,16.6856,0.14045,9.54521e-05,1.54121,0.465947,0.286736,0.0358421,0.143368,0.0358421,0.107526,0,0,0,0,0,0,0,0
72381,72398,72390,13.7,-154.768,19.6258,163.303,-61.5107,355.186,2.14468,0.398214,23.3864,0.176185,0.000155098,1.11206,0.264776,0.238298,0.132388,0.185343,0.0794327,0.10591,0,0.0264776,0,0,0,0,0,0
72399,72417,72408,13.8,-154.766,19.6246,160.798,-62.0263,355.884,1.96851,0.371224,26.0118,0.210211,0.000167605,0.94237,0.439773,0.230357,0.125649,0.0628247,0.0628247,0.0418831,0.0209416,0.0209416,0.0209416,0,0,0,0,0
72419,72439,72429,13.9,-154.763,19.6236,158.099,-62.5432,356.744,2.48096,0.620385,58.7661,0.284176,0.000313066,1.1774,0.546651,0.1682,0.105125,0.210251,0.0841002,0.105125,0,0.0210251,0.0420501,0.0210251,0,0,0,0
72440,72459,72450,14,-154.761,19.6225,155.473,-62.8313,357.962,2.13317,0.388544,37.7709,0.291634,0.000144398,1.33323,0.346641,0.239982,0.0533293,0.0533293,0.0533293,0,0,0.0266647,0,0.0266647,0,0,0,0
72460,72479,72470,14.1,-154.759,19.6215,153.182,-63.274,358.723,2.81974,0.35274,14.5702,0.123917,6.79135e-05,1.62268,0.452222,0.372418,0.106405,0.212811,0,0.0532026,0,0,0,0,0,0,0,0
72480,72499,72490,14.2,-154.757,19.6206,150.892,-63.875,359.237,2.58323,0.382876,23.8277,0.186701,0.000138358,1.55496,0.551759,0.15048,0.0501599,0.17556,0.0250799,0.0250799,0.0250799,0,0.0250799,0,0,0,0,0
72500,72520,72510,14.3,-154.755,19.6194,148.375,-64.4183,360.04,2.79418,0.353667,15.2259,0.129154,7.46439e-05,1.42814,0.78651,0.227674,0.144883,0.103488,0.0620929,0.0206976,0.0206976,0,0,0,0,0,0,0
72522,72541,72532,14.4,-154.754,19.6184,146.02,-64.88,360.884,2.6752,0.50705,49.4744,0.292719,0.000195253,1.51325,0.621512,0.189156,0.162134,0.0540445,0.0270223,0.0540445,0,0,0.0270223,0,0.0270223,0,0,0
72542,72558,72550,14.5,-154.752,19.6176,143.459,-65.69,361.297,2.9294,0.394125,18.6075,0.141636,0.000103597,1.31318,1.01014,0.328295,0.0757603,0.0505069,0.0757603,0.0252534,0.0505069,0,0,0,0,0,0,0
72562,72578,72570,14.6,-154.751,19.6172,141.23,-66.5438,361.432,3.23723,0.459504,24.1604,0.157738,0.000145913,1.74103,0.761701,0.38085,0.108814,0.0544072,0.0816108,0.0544072,0.0272036,0.0272036,0,0,0,0,0,0
72579,72598,72588,14.7,-154.749,19.6165,139.091,-67.0254,362.165,3.53025,0.42251,17.4914,0.124197,8.06793e-05,2.06384,0.760361,0.298713,0.162935,0.135779,0.0814673,0,0.0271558,0,0,0,0,0,0,0
72599,72618,72608,14.8,-154.747,19.6156,136.928,-67.6706,362.646,3.57734,0.645428,60.3187,0.280366,0.000219618,2.02925,0.774044,0.334722,0.146441,0.146441,0.0209201,0.0209201,0.0627604,0,0,0.0209201,0.0209201,0,0,0
72619,72638,72628,14.9,-154.745,19.6143,134.655,-68.0894,363.642,4.67514,0.534405,21.172,0.118854,9.43836e-05,2.64925,1.29123,0.333939,0.133576,0.111313,0.0890504,0.0667878,0,0,0,0,0,0,0,0
72639,72656,72648,15,-154.743,19.6128,132.514,-68.3462,364.862,7.02152,0.801085,34.7161,0.130009,0.000173738,4.14604,1.8724,0.557263,0.156034,0.111453,0.0445811,0.0668716,0.0445811,0.0222905,0,0,0,0,0,0
72659,72677,72668,15.1,-154.742,19.6109,130.194,-68.1644,367.028,12.0356,1.23023,45.8669,0.111849,0.000180087,7.86858,2.54898,0.97526,0.199485,0.31031,0.04433,0.04433,0.022165,0.022165,0,0,0,0,0,0
72681,72694,72688,15.2,-154.741,19.6091,128.076,-68.294,368.512,15.0792,1.5199,53.5529,0.105704,0.000193218,9.38895,3.8765,0.995798,0.355642,0.24895,0.0711284,0.142257,0,0,0,0,0,0,0,0
72697,72712,72704,15.3,-154.74,19.6075,126.028,-68.9007,369.128,15.4048,1.5626,55.1888,0.105956,0.00019885,9.72,3.73065,1.14204,0.203029,0.3553,0.152272,0.101514,0,0,0,0,0,0,0,0
72713,72732,72722,15.4,-154.739,19.6059,123.906,-69.4664,369.891,8.97699,0.942695,34.1036,0.10853,0.000125445,5.47748,2.00334,0.912914,0.20287,0.278946,0.0507174,0.0253587,0.0253587,0,0,0,0,0,0,0
72733,72750,72742,15.5,-154.738,19.6043,121.929,-70.3162,370.038,9.07566,0.891523,29.6758,0.0998599,8.98213e-05,5.72845,2.13413,0.741329,0.179716,0.224645,0.044929,0.0224645,0,0,0,0,0,0,0,0
72753,72767,72760,15.6,-154.738,19.603,119.868,-71.0336,370.54,8.30498,0.928033,38.1524,0.123333,0.000182061,5.32957,1.53675,0.850116,0.261574,0.130787,0.0326968,0.0980903,0.0653935,0,0,0,0,0,0,0
72768,72786,72777,15.7,-154.737,19.6011,117.929,-71.4638,371.475,7.63747,0.876001,37.98,0.130068,0.000189132,4.85008,1.56094,0.613228,0.250866,0.167244,0.055748,0.083622,0.027874,0.027874,0,0,0,0,0,0
72787,72807,72797,15.8,-154.736,19.5988,115.992,-72.2025,371.864,8.53764,0.899469,33.3446,0.111214,0.000131337,5.36137,1.91477,0.698329,0.202741,0.202741,0.090107,0.0450535,0.0225268,0,0,0,0,0,0,0
72808,72825,72816,15.9,-154.736,19.5967,114.185,-72.658,372.698,8.3358,0.93285,37.1197,0.119375,0.000167217,5.0593,1.90326,0.770941,0.216827,0.120459,0.144551,0.0963676,0.0240919,0,0,0,0,0,0,0
72826,72841,72834,16,-154.736,19.5947,112.298,-72.7292,374.342,11.192,1.41615,72.3028,0.153168,0.000407072,6.91103,2.40627,0.923336,0.363738,0.195859,0.0279799,0.223839,0.0839396,0.0279799,0.0279799,0,0,0,0,0
72842,72863,72852,16.1,-154.736,19.5929,110.146,-73.4465,375.063,11.5742,1.45517,82.6284,0.170348,0.000355656,6.79446,2.78637,1.17885,0.23577,0.321505,0.0428673,0.0857345,0.0643009,0.0214336,0.0214336,0,0.0214336,0,0,0
72864,72883,72874,16.2,-154.735,19.5912,108.373,-73.5921,376.54,12.0863,1.58261,68.4237,0.129704,0.000328783,5.89951,2.98807,1.45572,0.747016,0.632091,0.191543,0.114926,0.0383085,0.0191543,0,0,0,0,0,0
