api/src/app/data/BalneO/Locations/Bauru/BRAVO-POPC30_SONDE_20230813000025_R0_BAURU-BR.ict
78, 1001
Vernier, Jean-Paul; Pandit, Amit Kumar 
National Institute of Aerospace/NASA Langley Research Center; National Institute of Aerospace 
POPC with 30 channels and Intermet iMet-4 Radiosonde on a small balloon 
BraVo 
1, 1 
2023, 08, 13, 2025, 06, 04
0 
Time_Start, seconds, elapsed time in seconds from 00:00:00 UTC on flight date to start of sampling 
41
1, 1, 1, 1, 1, 1, 1, 1, 1, 1, 1, 1, 1, 1, 1, 1, 1, 1, 1, 1, 1, 1, 1, 1, 1, 1, 1, 1, 1, 1, 1, 1, 1, 1, 1, 1, 1, 1, 1, 1, 1
-99999, -99999, -99999, -99999, -99999, -99999, -99999, -99999, -99999, -99999, -99999, -99999, -99999, -99999, -99999, -99999, -99999, -99999, -99999, -99999, -99999, -99999, -99999, -99999, -99999, -99999, -99999, -99999, -99999, -99999, -99999, -99999, -99999, -99999, -99999, -99999, -99999, -99999, -99999, -99999, -99999
Time_Stop, seconds, Time_Stop_Imet, Stop Time in UT seconds from 00:00:00 UTC on flight date 
Alt_grid, km, Platform_Altitude_gridded_None, radiosonde altitude 
Flow_popc, lpm, Flow_meas_popc_InSitu_None, popc volumetric flow 
Air_Temp, deg C, Met_StaticAirTemperature_InSitu_None, radiosonde air temperature 
Air_Press, hPa, Met_StaticAirPressure_InSitu_None, radiosonde air pressure 
Theta, K, Met_PotentialTemperature_InSitu_None, radiosonde potential temperature 
RS_RH, %, Met_RelativeHumidityWater_InSitu_None, radiosonde relative humidity over liquid water 
GPS_Lat, deg, Platform_Latitude_InSitu_None, gps latitude 
GPS_Lon, deg, Platform_Longitude_InSitu_None, gps longitude 
Wind_Speed, m/s, Met_WindSpeed_InSitu_None, gps wind speed 
Wind_Dir, deg, Met_WindDirection_InSitu_None, gps wind direction 
bin0, #/cm-3, POPC_Concentration_Part_InSitu_0.300_None, POPC particle concentration for d>0.300 
bin1, #/cm-3, POPC_Concentration_Part_InSitu_0.350_None, POPC particle concentration for d>0.350 
bin2, #/cm-3, POPC_Concentration_Part_InSitu_0.400_None, POPC particle concentration for d>0.400 
bin3, #/cm-3, POPC_Concentration_Part_InSitu_0.450_None, POPC particle concentration for d>0.450 
bin4, #/cm-3, POPC_Concentration_Part_InSitu_0.500_None, POPC particle concentration for d>0.500 
bin5, #/cm-3, POPC_Concentration_Part_InSitu_0.550_None, POPC particle concentration for d>0.550 
bin6, #/cm-3, POPC_Concentration_Part_InSitu_0.600_None, POPC particle concentration for d>0.600 
bin7, #/cm-3, POPC_Concentration_Part_InSitu_0.650_None, POPC particle concentration for d>0.650 
bin8, #/cm-3, POPC_Concentration_Part_InSitu_0.700_None, POPC particle concentration for d>0.700 
bin9, #/cm-3, POPC_Concentration_Part_InSitu_0.800_None, POPC particle concentration for d>0.800 
bin10, #/cm-3, POPC_Concentration_Part_InSitu_0.900_None, POPC particle concentration for d>0.900 
bin11, #/cm-3, POPC_Concentration_Part_InSitu_1.000_None, POPC particle concentration for d>1.000 
bin12, #/cm-3, POPC_Concentration_Part_InSitu_1.250_None, POPC particle concentration for d>1.250 
bin13, #/cm-3, POPC_Concentration_Part_InSitu_1.500_None, POPC particle concentration for d>1.500 
bin14, #/cm-3, POPC_Concentration_Part_InSitu_2.000_None, POPC particle concentration for d>2.000 
bin15, #/cm-3, POPC_Concentration_Part_InSitu_2.500_None, POPC particle concentration for d>2.500 
bin16, #/cm-3, POPC_Concentration_Part_InSitu_3.000_None, POPC particle concentration for d>3.000 
[...]
bin26, #/cm-3, POPC_Concentration_Part_InSitu_8.000_None, POPC particle concentration for d>8.000 
bin27, #/cm-3, POPC_Concentration_Part_InSitu_8.500_None, POPC particle concentration for d>8.500 
bin28, #/cm-3, POPC_Concentration_Part_InSitu_9.250_None, POPC particle concentration for d>9.250 
bin29, #/cm-3, POPC_Concentration_Part_InSitu_10.000_None, POPC particle concentration for d>10.000 
6
Model,9301P-OEM
Serial #,1042
Last Cal,7/7/2022 0
filename_popc=NPOPC_20230813.csv
filename_imet=0
GPS=rs-41 Flow_corr=1
17
PI_CONTACT_INFO: Jean-Paul Vernier, jeanpaul.vernier@nasa.gov; Amit Kumar Pandit, amit.pandit@nianet.org 
PLATFORM: small balloon 
LOCATION: Bauru, Brazil(lat: -22.35878 deg, lon: -49.0275 deg, alt: 582 m) 
ASSOCIATED_DATA: N/A 
INSTRUMENT_INFO: Particle Plus Optical Particle Counter 9301OEM iMet-4 RSB radiosonde 
DATA_INFO: Particle Concentrations at 30 size bins with met parameters 
UNCERTAINTY: The absolute error associated with POPC is 20% for bin 1 to bin 29 and 50% for bin0 
ULOD_FLAG: -77777 
ULOD_VALUE: N/A 
LLOD_FLAG: -88888 
LLOD_VALUE: N/A 
DM_CONTACT_INFO: N/A 
PROJECT_INFO: See https://science.larc.nasa.gov/balneo/
STIPULATIONS_ON_USE: Data users are strongly encouraged to contact the instrument PI for information on instrument caveats and best practices 
OTHER_COMMENTS: N/A 
REVISION: R0 
Time_Start, Time_Stop, Alt_grid, Flow_popc, Air_Temp, Air_Press, Theta, RS_RH, GPS_Lat, GPS_Lon, Wind_Speed, Wind_Dir, bin0, bin1, bin2, bin3, bin4, bin5, bin6, bin7, bin8, bin9, bin10, bin11, bin12, bin13, bin14, bin15, bin16, bin17, bin18, bin19, bin20, bin21, bin22, bin23, bin24, bin25, bin26, bin27, bin28, bin29 
[from data line 63]
1254, 1270, 6.90, 2.74, -16.9, 436.7, 326.0, 6.1, -49.009, -22.350, 5.4, 78.4, 0.33, 0.24, 0.16, 0.12, 0.09, 0.06, 0.04, 0.03, 0.02, 0.02, 0.01, 0.01, 0.01, 0.01, 0.01, 0.00, 0.00, 0.00, 0.00, 0.00, 0.00, 0.00, 0.00, 0.00, 0.00, 0.00, 0.00, 0.00, 0.00, 0.00
1270, 1287, 7.00, 2.71, -17.7, 431.1, 326.2, 13.5, -49.008, -22.349, 4.9, 80.9, 0.31, 0.20, 0.15, 0.11, 0.09, 0.05, 0.03, 0.02, 0.01, 0.00, 0.00, 0.00, 0.00, 0.00, 0.00, 0.00, 0.00, 0.00, 0.00, 0.00, 0.00, 0.00, 0.00, 0.00, 0.00, 0.00, 0.00, 0.00, 0.00, 0.00
1287, 1301, 7.10, 2.69, -18.7, 425.0, 326.2, 16.3, -49.008, -22.349, 4.4, 144.1, 0.29, 0.21, 0.16, 0.11, 0.08, 0.05, 0.03, 0.01, 0.00, 0.00, 0.00, 0.00, 0.00, 0.00, 0.00, 0.00, 0.00, 0.00, 0.00, 0.00, 0.00, 0.00, 0.00, 0.00, 0.00, 0.00, 0.00, 0.00, 0.00, 0.00
1301, 1316, 7.20, 2.67, -19.6, 419.4, 326.2, 16.1, -49.008, -22.348, 8.1, 86.4, 0.30, 0.19, 0.14, 0.11, 0.09, 0.06, 0.02, 0.01, 0.01, 0.01, 0.00, 0.00, 0.00, 0.00, 0.00, 0.00, 0.00, 0.00, 0.00, 0.00, 0.00, 0.00, 0.00, 0.00, 0.00, 0.00, 0.00, 0.00, 0.00, 0.00
1316, 1334, 7.30, 2.66, -20.6, 413.8, 326.3, 17.2, -49.007, -22.348, 6.2, 89.3, 0.29, 0.21, 0.15, 0.12, 0.09, 0.07, 0.04, 0.03, 0.02, 0.01, 0.01, 0.01, 0.00, 0.00, 0.00, 0.00, 0.00, 0.00, 0.00, 0.00, 0.00, 0.00, 0.00, 0.00, 0.00, 0.00, 0.00, 0.00, 0.00, 0.00
1334, 1355, 7.40, 2.63, -21.5, 408.5, 326.3, 17.4, -49.007, -22.347, 3.6, 99.4, 0.29, 0.19, 0.15, 0.11, 0.09, 0.06, 0.04, 0.02, 0.01, 0.01, 0.00, 0.00, 0.00, 0.00, 0.00, 0.00, 0.00, 0.00, 0.00, 0.00, 0.00, 0.00, 0.00, 0.00, 0.00, 0.00, 0.00, 0.00, 0.00, 0.00
1355, 1373, 7.50, 2.61, -22.5, 402.7, 326.3, 18.7, -49.006, -22.347, 9.5, 26.8, 0.29, 0.18, 0.13, 0.09, 0.07, 0.05, 0.03, 0.02, 0.01, 0.01, 0.01, 0.01, 0.00, 0.00, 0.00, 0.00, 0.00, 0.00, 0.00, 0.00, 0.00, 0.00, 0.00, 0.00, 0.00, 0.00, 0.00, 0.00, 0.00, 0.00
1373, 1392, 7.60, 2.60, -23.4, 397.6, 326.4, 18.4, -49.005, -22.345, 9.2, 96.3, 0.51, 0.38, 0.32, 0.29, 0.26, 0.22, 0.19, 0.18, 0.17, 0.16, 0.15, 0.15, 0.14, 0.14, 0.12, 0.11, 0.09, 0.08, 0.07, 0.07, 0.06, 0.06, 0.05, 0.05, 0.05, 0.04, 0.04, 0.04, 0.03, 0.03
1392, 1409, 7.70, 2.56, -24.3, 392.1, 326.4, 20.0, -49.005, -22.344, 8.9, 130.5, 0.41, 0.28, 0.23, 0.20, 0.17, 0.15, 0.12, 0.09, 0.08, 0.07, 0.07, 0.07, 0.06, 0.06, 0.05, 0.04, 0.04, 0.03, 0.03, 0.03, 0.03, 0.02, 0.02, 0.02, 0.02, 0.02, 0.02, 0.02, 0.02, 0.02
1409, 1427, 7.80, 2.54, -25.3, 386.6, 326.4, 29.7, -49.005, -22.343, 5.7, 145.2, 0.40, 0.26, 0.21, 0.16, 0.13, 0.10, 0.08, 0.06, 0.04, 0.04, 0.03, 0.03, 0.03, 0.02, 0.02, 0.02, 0.01, 0.01, 0.01, 0.01, 0.01, 0.01, 0.01, 0.01, 0.01, 0.01, 0.01, 0.01, 0.00, 0.00
1427, 1442, 7.90, 2.49, -26.0, 381.5, 326.8, 43.8, -49.004, -22.342, 8.5, 41.2, 1.24, 0.96, 0.85, 0.77, 0.72, 0.69, 0.64, 0.60, 0.56, 0.53, 0.51, 0.50, 0.47, 0.43, 0.39, 0.36, 0.32, 0.28, 0.26, 0.25, 0.24, 0.22, 0.21, 0.19, 0.18, 0.17, 0.16, 0.14, 0.13, 0.11
1442, 1458, 8.00, 2.45, -26.0, 376.1, 328.1, 57.2, -49.003, -22.341, 7.6, 64.2, 0.66, 0.35, 0.27, 0.21, 0.18, 0.16, 0.12, 0.09, 0.08, 0.07, 0.05, 0.05, 0.04, 0.03, 0.03, 0.02, 0.02, 0.02, 0.02, 0.01, 0.01, 0.01, 0.01, 0.01, 0.01, 0.00, 0.00, 0.00, 0.00, 0.00
1458, 1474, 8.10, 2.42, -26.2, 371.0, 329.2, 65.5, -49.002, -22.341, 11.3, 103.7, 0.73, 0.29, 0.16, 0.11, 0.10, 0.07, 0.05, 0.04, 0.03, 0.02, 0.02, 0.02, 0.01, 0.01, 0.01, 0.01, 0.01, 0.00, 0.00, 0.00, 0.00, 0.00, 0.00, 0.00, 0.00, 0.00, 0.00, 0.00, 0.00, 0.00
1474, 1488, 8.20, 2.40, -26.2, 366.1, 330.4, 66.0, -49.000, -22.342, 12.7, 100.4, 1.16, 0.68, 0.55, 0.47, 0.44, 0.40, 0.39, 0.37, 0.36, 0.34, 0.34, 0.32, 0.30, 0.29, 0.26, 0.24, 0.22, 0.20, 0.18, 0.16, 0.16, 0.14, 0.13, 0.12, 0.11, 0.10, 0.10, 0.09, 0.08, 0.07
1488, 1503, 8.30, 2.39, -26.6, 360.7, 331.2, 67.0, -48.998, -22.342, 17.4, 103.7, 1.17, 0.63, 0.51, 0.46, 0.42, 0.40, 0.37, 0.34, 0.33, 0.33, 0.32, 0.31, 0.30, 0.29, 0.26, 0.22, 0.19, 0.18, 0.15, 0.13, 0.13, 0.12, 0.11, 0.10, 0.10, 0.10, 0.09, 0.09, 0.08, 0.07
1503, 1519, 8.40, 2.36, -26.9, 355.9, 332.1, 66.6, -48.996, -22.343, 21.3, 99.1, 0.99, 0.42, 0.25, 0.20, 0.18, 0.16, 0.15, 0.14, 0.13, 0.13, 0.12, 0.12, 0.10, 0.09, 0.07, 0.06, 0.06, 0.05, 0.04, 0.04, 0.03, 0.03, 0.03, 0.03, 0.02, 0.02, 0.02, 0.02, 0.02, 0.02
1519, 1540, 8.50, 2.36, -27.2, 351.4, 332.9, 63.6, -48.992, -22.343, 21.3, 85.8, 3.71, 2.89, 2.67, 2.54, 2.45, 2.38, 2.33, 2.27, 2.19, 2.13, 2.07, 2.01, 1.90, 1.82, 1.67, 1.48, 1.31, 1.16, 1.05, 0.96, 0.89, 0.83, 0.78, 0.72, 0.69, 0.64, 0.60, 0.56, 0.48, 0.42
1540, 1557, 8.60, 2.30, -28.0, 346.0, 333.4, 63.3, -48.988, -22.342, 22.8, 84.9, 3.62, 2.84, 2.61, 2.47, 2.39, 2.30, 2.21, 2.15, 2.08, 2.04, 2.00, 1.94, 1.78, 1.68, 1.55, 1.34, 1.19, 1.02, 0.94, 0.86, 0.77, 0.73, 0.68, 0.64, 0.60, 0.57, 0.54, 0.51, 0.45, 0.42
1557, 1572, 8.70, 2.25, -28.8, 341.3, 333.5, 64.9, -48.984, -22.342, 24.9, 89.2, 6.15, 4.99, 4.74, 4.56, 4.45, 4.33, 4.25, 4.15, 4.04, 3.96, 3.88, 3.80, 3.64, 3.52, 3.28, 2.95, 2.63, 2.42, 2.21, 2.02, 1.85, 1.73, 1.64, 1.53, 1.45, 1.35, 1.27, 1.19, 1.07, 0.90
1572, 1586, 8.80, 2.28, -29.6, 336.9, 333.7, 65.6, -48.981, -22.342, 22.9, 94.6, 2.31, 1.61, 1.45, 1.35, 1.30, 1.24, 1.20, 1.16, 1.13, 1.10, 1.06, 1.03, 0.96, 0.92, 0.85, 0.75, 0.65, 0.58, 0.52, 0.47, 0.42, 0.39, 0.36, 0.33, 0.31, 0.29, 0.27, 0.25, 0.23, 0.21
1586, 1600, 8.90, 2.25, -30.5, 331.9, 333.9, 68.0, -48.978, -22.342, 24.5, 93.0, 2.45, 1.83, 1.64, 1.55, 1.50, 1.44, 1.40, 1.34, 1.29, 1.26, 1.22, 1.18, 1.09, 1.04, 0.96, 0.84, 0.74, 0.63, 0.57, 0.51, 0.47, 0.44, 0.42, 0.38, 0.36, 0.33, 0.29, 0.27, 0.23, 0.19
1600, 1616, 9.00, 2.21, -31.3, 327.4, 334.0, 67.0, -48.974, -22.343, 27.7, 89.3, 3.69, 2.81, 2.58, 2.48, 2.40, 2.31, 2.25, 2.16, 2.11, 2.05, 1.99, 1.94, 1.81, 1.73, 1.60, 1.41, 1.24, 1.11, 1.01, 0.93, 0.86, 0.79, 0.73, 0.68, 0.63, 0.59, 0.54, 0.50, 0.45, 0.39
1616, 1631, 9.10, 2.23, -32.2, 322.7, 334.1, 65.1, -48.970, -22.343, 26.0, 90.8, 5.51, 4.51, 4.29, 4.10, 3.97, 3.84, 3.76, 3.67, 3.58, 3.49, 3.38, 3.30, 3.15, 3.03, 2.80, 2.53, 2.24, 2.02, 1.81, 1.65, 1.51, 1.39, 1.27, 1.16, 1.06, 0.97, 0.90, 0.84, 0.77, 0.66
1631, 1644, 9.20, 2.19, -33.1, 318.2, 334.3, 66.5, -48.966, -22.343, 25.0, 92.2, 2.74, 2.00, 1.85, 1.76, 1.69, 1.62, 1.56, 1.52, 1.48, 1.45, 1.42, 1.39, 1.32, 1.26, 1.15, 1.01, 0.87, 0.79, 0.71, 0.67, 0.60, 0.59, 0.53, 0.50, 0.45, 0.42, 0.38, 0.35, 0.31, 0.27
1644, 1659, 9.30, 2.09, -34.0, 313.8, 334.4, 65.4, -48.963, -22.343, 25.8, 90.3, 1.63, 1.12, 0.98, 0.89, 0.83, 0.78, 0.73, 0.69, 0.65, 0.62, 0.59, 0.58, 0.54, 0.49, 0.42, 0.28, 0.12, 0.07, 0.06, 0.04, 0.03, 0.03, 0.03, 0.02, 0.02, 0.02, 0.02, 0.02, 0.02, 0.01
1659, 1677, 9.40, 2.08, -34.8, 309.1, 334.6, 69.9, -48.959, -22.342, 26.0, 82.7, 0.84, 0.40, 0.27, 0.19, 0.15, 0.13, 0.11, 0.10, 0.09, 0.08, 0.07, 0.07, 0.05, 0.05, 0.03, 0.02, 0.01, 0.00, 0.00, 0.00, 0.00, 0.00, 0.00, 0.00, 0.00, 0.00, 0.00, 0.00, 0.00, 0.00
1677, 1693, 9.50, 2.03, -35.2, 305.0, 335.4, 69.5, -48.955, -22.342, 22.9, 79.3, 0.81, 0.28, 0.17, 0.12, 0.10, 0.08, 0.06, 0.04, 0.03, 0.03, 0.03, 0.03, 0.02, 0.02, 0.01, 0.01, 0.01, 0.01, 0.01, 0.01, 0.01, 0.01, 0.01, 0.01, 0.01, 0.01, 0.01, 0.00, 0.00, 0.00
1693, 1712, 9.60, 2.00, -35.9, 300.6, 335.8, 64.0, -48.951, -22.342, 27.3, 90.1, 0.78, 0.30, 0.19, 0.11, 0.09, 0.07, 0.06, 0.05, 0.04, 0.03, 0.03, 0.03, 0.03, 0.02, 0.02, 0.01, 0.01, 0.01, 0.01, 0.01, 0.01, 0.01, 0.01, 0.01, 0.01, 0.00, 0.00, 0.00, 0.00, 0.00
1712, 1732, 9.70, 1.97, -36.6, 296.5, 336.1, 57.6, -48.946, -22.341, 27.1, 84.0, 0.86, 0.35, 0.23, 0.14, 0.10, 0.08, 0.04, 0.03, 0.02, 0.01, 0.01, 0.01, 0.01, 0.00, 0.00, 0.00, 0.00, 0.00, 0.00, 0.00, 0.00, 0.00, 0.00, 0.00, 0.00, 0.00, 0.00, 0.00, 0.00, 0.00
1732, 1749, 9.80, 1.91, -37.3, 292.2, 336.6, 48.8, -48.941, -22.340, 32.0, 74.6, 0.95, 0.43, 0.30, 0.19, 0.15, 0.11, 0.07, 0.04, 0.03, 0.03, 0.02, 0.02, 0.02, 0.01, 0.01, 0.01, 0.01, 0.00, 0.00, 0.00, 0.00, 0.00, 0.00, 0.00, 0.00, 0.00, 0.00, 0.00, 0.00, 0.00
1749, 1763, 9.90, 1.85, -38.0, 288.0, 336.9, 43.4, -48.936, -22.339, 32.0, 79.6, 1.07, 0.47, 0.30, 0.20, 0.15, 0.10, 0.06, 0.04, 0.02, 0.00, 0.00, 0.00, 0.00, 0.00, 0.00, 0.00, 0.00, 0.00, 0.00, 0.00, 0.00, 0.00, 0.00, 0.00, 0.00, 0.00, 0.00, 0.00, 0.00, 0.00
1763, 1779, 10.00, 1.88, -38.7, 283.7, 337.4, 39.2, -48.931, -22.339, 33.8, 74.6, 0.98, 0.45, 0.28, 0.17, 0.14, 0.09, 0.06, 0.04, 0.03, 0.02, 0.02, 0.02, 0.02, 0.02, 0.02, 0.01, 0.01, 0.01, 0.01, 0.00, 0.00, 0.00, 0.00, 0.00, 0.00, 0.00, 0.00, 0.00, 0.00, 0.00
1779, 1795, 10.10, 1.82, -39.2, 279.8, 338.1, 31.6, -48.926, -22.338, 34.8, 82.7, 0.92, 0.39, 0.24, 0.14, 0.09, 0.06, 0.04, 0.02, 0.01, 0.01, 0.01, 0.01, 0.01, 0.00, 0.00, 0.00, 0.00, 0.00, 0.00, 0.00, 0.00, 0.00, 0.00, 0.00, 0.00, 0.00, 0.00, 0.00, 0.00, 0.00
1795, 1812, 10.20, 1.80, -40.0, 275.4, 338.4, 32.4, -48.921, -22.337, 32.8, 78.3, 0.74, 0.32, 0.22, 0.14, 0.11, 0.08, 0.05, 0.03, 0.02, 0.02, 0.01, 0.01, 0.01, 0.00, 0.00, 0.00, 0.00, 0.00, 0.00, 0.00, 0.00, 0.00, 0.00, 0.00, 0.00, 0.00, 0.00, 0.00, 0.00, 0.00
1812, 1832, 10.30, 1.76, -40.7, 271.7, 338.7, 30.8, -48.915, -22.336, 35.7, 83.5, 0.68, 0.30, 0.19, 0.14, 0.11, 0.09, 0.05, 0.05, 0.03, 0.02, 0.02, 0.01, 0.01, 0.00, 0.00, 0.00, 0.00, 0.00, 0.00, 0.00, 0.00, 0.00, 0.00, 0.00, 0.00, 0.00, 0.00, 0.00, 0.00, 0.00
1832, 1850, 10.40, 1.72, -41.5, 267.9, 338.9, 32.9, -48.908, -22.335, 37.1, 83.1, 0.54, 0.20, 0.11, 0.09, 0.08, 0.05, 0.04, 0.04, 0.03, 0.02, 0.01, 0.01, 0.01, 0.01, 0.00, 0.00, 0.00, 0.00, 0.00, 0.00, 0.00, 0.00, 0.00, 0.00, 0.00, 0.00, 0.00, 0.00, 0.00, 0.00
1850, 1865, 10.50, 1.73, -42.4, 264.0, 339.1, 37.8, -48.902, -22.334, 39.4, 79.9, 0.46, 0.21, 0.13, 0.09, 0.08, 0.07, 0.04, 0.03, 0.03, 0.02, 0.02, 0.01, 0.00, 0.00, 0.00, 0.00, 0.00, 0.00, 0.00, 0.00, 0.00, 0.00, 0.00, 0.00, 0.00, 0.00, 0.00, 0.00, 0.00, 0.00
1865, 1885, 10.60, 1.69, -43.2, 260.0, 339.2, 42.3, -48.896, -22.333, 39.1, 83.2, 0.51, 0.22, 0.14, 0.12, 0.09, 0.08, 0.06, 0.04, 0.02, 0.02, 0.01, 0.01, 0.01, 0.00, 0.00, 0.00, 0.00, 0.00, 0.00, 0.00, 0.00, 0.00, 0.00, 0.00, 0.00, 0.00, 0.00, 0.00, 0.00, 0.00
1885, 1903, 10.70, 1.67, -44.2, 256.0, 339.3, 43.0, -48.889, -22.333, 37.9, 84.4, 0.51, 0.23, 0.15, 0.11, 0.10, 0.08, 0.06, 0.04, 0.03, 0.02, 0.01, 0.01, 0.01, 0.00, 0.00, 0.00, 0.00, 0.00, 0.00, 0.00, 0.00, 0.00, 0.00, 0.00, 0.00, 0.00, 0.00, 0.00, 0.00, 0.00
1903, 1922, 10.80, 1.66, -45.1, 252.5, 339.4, 44.7, -48.882, -22.332, 37.9, 83.0, 0.50, 0.21, 0.14, 0.09, 0.08, 0.08, 0.06, 0.04, 0.03, 0.02, 0.01, 0.01, 0.00, 0.00, 0.00, 0.00, 0.00, 0.00, 0.00, 0.00, 0.00, 0.00, 0.00, 0.00, 0.00, 0.00, 0.00, 0.00, 0.00, 0.00
1922, 1943, 10.90, 1.65, -45.9, 248.7, 339.5, 47.0, -48.875, -22.331, 39.7, 84.2, 0.50, 0.17, 0.11, 0.07, 0.05, 0.03, 0.02, 0.02, 0.01, 0.01, 0.01, 0.00, 0.00, 0.00, 0.00, 0.00, 0.00, 0.00, 0.00, 0.00, 0.00, 0.00, 0.00, 0.00, 0.00, 0.00, 0.00, 0.00, 0.00, 0.00
1943, 1961, 11.00, 1.64, -46.9, 244.8, 339.7, 48.5, -48.867, -22.331, 39.2, 85.4, 0.43, 0.18, 0.10, 0.08, 0.07, 0.05, 0.04, 0.03, 0.02, 0.02, 0.01, 0.01, 0.01, 0.00, 0.00, 0.00, 0.00, 0.00, 0.00, 0.00, 0.00, 0.00, 0.00, 0.00, 0.00, 0.00, 0.00, 0.00, 0.00, 0.00
1961, 1982, 11.10, 1.63, -47.7, 241.2, 339.8, 50.3, -48.860, -22.330, 40.4, 84.9, 0.44, 0.18, 0.11, 0.08, 0.06, 0.05, 0.04, 0.03, 0.02, 0.01, 0.01, 0.01, 0.00, 0.00, 0.00, 0.00, 0.00, 0.00, 0.00, 0.00, 0.00, 0.00, 0.00, 0.00, 0.00, 0.00, 0.00, 0.00, 0.00, 0.00
1982, 2001, 11.20, 1.62, -48.5, 237.9, 340.0, 50.3, -48.852, -22.329, 40.8, 84.1, 0.48, 0.21, 0.14, 0.09, 0.07, 0.05, 0.04, 0.03, 0.02, 0.01, 0.01, 0.01, 0.01, 0.01, 0.01, 0.01, 0.01, 0.01, 0.00, 0.00, 0.00, 0.00, 0.00, 0.00, 0.00, 0.00, 0.00, 0.00, 0.00, 0.00
2001, 2018, 11.30, 1.62, -49.3, 234.2, 340.2, 49.0, -48.845, -22.329, 40.5, 85.4, 0.59, 0.31, 0.24, 0.20, 0.17, 0.14, 0.12, 0.11, 0.09, 0.08, 0.08, 0.08, 0.07, 0.07, 0.06, 0.05, 0.04, 0.04, 0.04, 0.04, 0.03, 0.03, 0.02, 0.02, 0.02, 0.02, 0.02, 0.01, 0.01, 0.01
2018, 2033, 11.40, 1.61, -50.1, 230.6, 340.5, 48.4, -48.839, -22.328, 43.3, 85.5, 0.55, 0.25, 0.16, 0.12, 0.10, 0.07, 0.06, 0.05, 0.04, 0.04, 0.03, 0.02, 0.02, 0.01, 0.01, 0.01, 0.00, 0.00, 0.00, 0.00, 0.00, 0.00, 0.00, 0.00, 0.00, 0.00, 0.00, 0.00, 0.00, 0.00
2033, 2050, 11.50, 1.61, -50.9, 227.2, 340.8, 47.7, -48.832, -22.328, 46.5, 86.5, 0.65, 0.34, 0.23, 0.18, 0.16, 0.13, 0.11, 0.10, 0.09, 0.09, 0.09, 0.08, 0.08, 0.07, 0.07, 0.06, 0.05, 0.05, 0.05, 0.05, 0.04, 0.04, 0.04, 0.04, 0.03, 0.03, 0.03, 0.02, 0.02, 0.02
2050, 2065, 11.60, 1.60, -51.7, 223.6, 341.2, 47.2, -48.825, -22.328, 45.8, 87.9, 0.64, 0.30, 0.18, 0.15, 0.13, 0.11, 0.09, 0.07, 0.06, 0.06, 0.05, 0.05, 0.04, 0.04, 0.03, 0.03, 0.03, 0.02, 0.02, 0.01, 0.01, 0.01, 0.01, 0.01, 0.01, 0.01, 0.01, 0.01, 0.01, 0.01
2065, 2080, 11.70, 1.60, -52.4, 220.3, 341.5, 46.0, -48.818, -22.327, 48.5, 84.6, 0.57, 0.30, 0.21, 0.15, 0.11, 0.08, 0.06, 0.04, 0.03, 0.02, 0.02, 0.02, 0.02, 0.02, 0.02, 0.02, 0.01, 0.01, 0.01, 0.01, 0.01, 0.01, 0.01, 0.01, 0.01, 0.01, 0.01, 0.01, 0.01, 0.01
2080, 2096, 11.80, 1.60, -53.2, 216.7, 341.8, 47.6, -48.811, -22.327, 49.7, 86.0, 0.60, 0.38, 0.27, 0.25, 0.22, 0.19, 0.17, 0.15, 0.14, 0.13, 0.13, 0.12, 0.11, 0.11, 0.11, 0.10, 0.09, 0.07, 0.06, 0.06, 0.06, 0.05, 0.05, 0.05, 0.04, 0.04, 0.03, 0.03, 0.03, 0.03
2096, 2109, 11.90, 1.59, -54.0, 213.4, 342.1, 47.8, -48.804, -22.326, 50.7, 88.0, 0.52, 0.29, 0.22, 0.17, 0.15, 0.14, 0.12, 0.12, 0.11, 0.10, 0.10, 0.10, 0.09, 0.08, 0.08, 0.07, 0.06, 0.05, 0.05, 0.04, 0.04, 0.03, 0.03, 0.03, 0.02, 0.02, 0.02, 0.02, 0.02, 0.02
2109, 2128, 12.00, 1.59, -54.9, 210.2, 342.2, 48.9, -48.796, -22.326, 52.8, 86.7, 0.54, 0.32, 0.25, 0.20, 0.18, 0.14, 0.12, 0.11, 0.10, 0.09, 0.09, 0.08, 0.08, 0.07, 0.07, 0.06, 0.05, 0.04, 0.04, 0.03, 0.03, 0.02, 0.02, 0.02, 0.02, 0.02, 0.02, 0.02, 0.02, 0.01
2128, 2143, 12.10, 1.59, -55.8, 206.8, 342.4, 50.8, -48.787, -22.325, 54.5, 86.0, 0.36, 0.19, 0.11, 0.08, 0.06, 0.04, 0.03, 0.02, 0.02, 0.01, 0.01, 0.00, 0.00, 0.00, 0.00, 0.00, 0.00, 0.00, 0.00, 0.00, 0.00, 0.00, 0.00, 0.00, 0.00, 0.00, 0.00, 0.00, 0.00, 0.00
2143, 2158, 12.20, 1.59, -56.6, 203.6, 342.7, 51.4, -48.779, -22.325, 52.3, 90.7, 0.40, 0.25, 0.19, 0.15, 0.13, 0.10, 0.09, 0.08, 0.07, 0.06, 0.06, 0.06, 0.05, 0.05, 0.05, 0.04, 0.03, 0.03, 0.03, 0.02, 0.02, 0.02, 0.02, 0.02, 0.02, 0.02, 0.01, 0.01, 0.01, 0.01
2158, 2173, 12.30, 1.59, -57.6, 200.3, 342.7, 54.1, -48.772, -22.325, 51.2, 92.2, 0.40, 0.22, 0.18, 0.16, 0.14, 0.12, 0.10, 0.07, 0.06, 0.06, 0.06, 0.05, 0.04, 0.04, 0.04, 0.04, 0.04, 0.03, 0.03, 0.03, 0.02, 0.02, 0.02, 0.02, 0.02, 0.02, 0.02, 0.02, 0.02, 0.02
2173, 2192, 12.40, 1.59, -58.5, 197.3, 342.7, 54.8, -48.763, -22.326, 52.2, 93.2, 0.32, 0.19, 0.14, 0.11, 0.09, 0.06, 0.05, 0.04, 0.04, 0.03, 0.02, 0.02, 0.02, 0.02, 0.01, 0.01, 0.01, 0.01, 0.01, 0.01, 0.01, 0.01, 0.01, 0.00, 0.00, 0.00, 0.00, 0.00, 0.00, 0.00
2192, 2210, 12.50, 1.59, -59.3, 194.2, 342.9, 55.3, -48.754, -22.326, 52.3, 92.0, 0.50, 0.30, 0.21, 0.18, 0.15, 0.13, 0.11, 0.10, 0.09, 0.09, 0.09, 0.08, 0.07, 0.07, 0.06, 0.05, 0.04, 0.04, 0.04, 0.04, 0.04, 0.03, 0.03, 0.03, 0.02, 0.02, 0.02, 0.02, 0.02, 0.01
2210, 2228, 12.60, 1.58, -60.2, 191.2, 343.1, 56.2, -48.745, -22.326, 52.1, 92.3, 1.11, 0.79, 0.66, 0.59, 0.52, 0.48, 0.45, 0.42, 0.39, 0.38, 0.37, 0.36, 0.35, 0.33, 0.32, 0.28, 0.24, 0.21, 0.19, 0.17, 0.15, 0.14, 0.12, 0.11, 0.09, 0.09, 0.08, 0.07, 0.06, 0.05
2228, 2245, 12.70, 1.58, -61.0, 188.0, 343.4, 57.1, -48.736, -22.327, 54.6, 88.2, 0.54, 0.39, 0.35, 0.32, 0.29, 0.27, 0.25, 0.25, 0.23, 0.22, 0.21, 0.20, 0.19, 0.17, 0.16, 0.14, 0.14, 0.12, 0.10, 0.09, 0.07, 0.07, 0.06, 0.06, 0.06, 0.05, 0.04, 0.04, 0.03, 0.03
2245, 2262, 12.80, 1.58, -61.8, 185.1, 343.7, 55.5, -48.727, -22.326, 54.2, 89.3, 0.57, 0.40, 0.31, 0.27, 0.25, 0.24, 0.22, 0.20, 0.20, 0.18, 0.17, 0.17, 0.16, 0.15, 0.13, 0.12, 0.11, 0.11, 0.10, 0.09, 0.08, 0.08, 0.08, 0.07, 0.06, 0.05, 0.05, 0.05, 0.04, 0.04
