api/src/app/data/B2SAP/Locations/Boulder/NOAA-POPS-B2SAP_GMLBalloon_20220224_R0.ict
61,1001
Thornberry, T. D.
NOAA Chemical Sciences Laboratory
Portable Optical Particle Spectrometer (POPS)
Balloon Baseline Stratospheric Aerosol Profiles (B2SAP)
1,1
2022,02,24,2024,05,30
0
TIME_START,s,Seconds since midnight UTC on flight start day,Start time of 100 m altitude bin in UTC_seconds_since_midnight
28
1.0,1.0,1.0,1.0,1.0,1.0,1.0,1.0,1.0,1.0,1.0,1.0,1.0,1.0,1.0,1.0,1.0,1.0,1.0,1.0,1.0,1.0,1.0,1.0,1.0,1.0,1.0,1.0
99999,99999,99999,99999,99999,99999,99999,99999,99999,99999,99999,99999,99999,99999,99999,99999,99999,99999,99999,99999,99999,99999,99999,99999,99999,99999,99999,99999
TIME_STOP,s,End time of 100 m altitude bin in UTC seconds since midnight,
TIME_MID,s,Mid time of 100 m altitude in UTC seconds since midnight,
GPSAlt,m,GPS reported altitude above sea level (m),
GPS_Lon,deg,GPS reported longitude,
GPS_Lat,deg,GPS reported latitude,
iMet_Pressure,mb,Pressure reported (mB),
iMet_Temperature,degrees C,Ambient temperature (oC),
THETA,K,Potential temperature from iMet,
Aerosol_concentration,cm^-3,Aerosol concentration,
Surface_Area_Conc,um^2 cm^-3,Surface area concentration,
Volume_density,um^3 cm^-3,Volume density,
Effective_radius,um,Effective radius,
Extinction,km^-1,Extinction,
Bin01,cm^-3,particle concentration in size range [140 - 170 nm],
Bin02,cm^-3,particle concentration in size range [170 - 205 nm],
Bin03,cm^-3,particle concentration in size range [205 - 249 nm],
Bin04,cm^-3,particle concentration in size range [249 - 302 nm],
Bin05,cm^-3,particle concentration in size range [302 - 366 nm],
Bin06,cm^-3,particle concentration in size range [366 - 443 nm],
Bin07,cm^-3,particle concentration in size range [443 - 537 nm],
Bin08,cm^-3,particle concentration in size range [537 - 651 nm],
Bin09,cm^-3,particle concentration in size range [651 - 789 nm],
Bin10,cm^-3,particle concentration in size range [789 - 956 nm],
Bin11,cm^-3,particle concentration in size range [956 - 1159 nm],
Bin12,cm^-3,particle concentration in size range [1159 - 1404 nm],
Bin13,cm^-3,particle concentration in size range [1404 - 1702 nm],
Bin14,cm^-3,particle concentration in size range [1702 - 2062 nm],
Bin15,cm^-3,particle concentration in size range [2062 - 2500 nm],
0
19
PI_CONTACT_INFO: 325 Broadway R/CSL6, Boulder, CO 80305; troy.thornberry@noaa.gov; 303-497-3373 
PLATFORM: GML ECC/FPH balloon
LOCATION: Boulder, CO, USA
ASSOCIATED_DATA: N/A
INSTRUMENT_INFO: Printed Optical Particle Spectrometer counts particles from 140 - 2500 nm in diameter 
DATA_INFO: Particle concentrations reported in number per cubic centimeter, binned to 100 m altitude
UNCERTAINTY: Counting uncertainty dominated by air flow, less than 5 percent
ULOD_FLAG: -77777
ULOD_VALUE: 3000 ~3000 per cm3 (varies depending on flow rate- manufacturer quotes 1250  per cm3 at 1.667 cc/s)
LLOD_FLAG: -88888
LLOD_VALUE: 0 0 (varies depending on data field and measurement precision)
DM_CONTACT_INFO: Troy Thornberry, 325 Broadway R/CSL6, Boulder, CO 80305; troy.thornberry@noaa.gov; 303-497-3373
PROJECT_INFO: B2SAP Boulder, CO, USA
STIPULATIONS_ON_USE: Please contact the PIs for questions regarding applications and uncertainties
OTHER_COMMENTS: POPS bin Edges (nm):  140, 170, 205, 249, 302, 366, 443, 537, 651, 789, 956, 1159, 1404, 1702, 2062, 2500
Calculations assume sulfate refractive index of 1.45+0.00j and extinction wavelength = 532 nm
REVISION: R0
R0: QA/QC data
TIME_START,TIME_STOP,TIME_MID,GPSAlt,GPS_Lon,GPS_Lat,iMet_Pressure,iMet_Temperature,THETA,Aerosol_concentration,Surface_Area_Conc,Volume_density,Effective_radius,Extinction,Bin01,Bin02,Bin03,Bin04,Bin05,Bin06,Bin07,Bin08,Bin09,Bin10,Bin11,Bin12,Bin13,Bin14,Bin15
62343,62661,62502,1.8,-105.197,39.9493,815.895,-15.4777,273.094,465.208,90.0023,5196.79,0.173222,0.0284779,153.092,91.2877,72.086,53.3211,56.429,19.9072,16.1106,2.08312,0.453582,0.151194,0.100796,0.0335987,0.0671974,0.0335987,0.0503981
62662,62683,62672,1.9,-105.197,39.95,805.424,-15.5605,274.015,860.056,127.419,6150.78,0.144817,0.0318289,400.414,190.313,102.062,64.5295,60.4775,21.6787,17.1876,2.51567,0.506511,0.168837,0.0506511,0.0844186,0.0337674,0.0337674,0
62684,62704,62694,2,-105.197,39.9504,794.688,-14.777,275.912,837.294,118.59,5749.26,0.14544,0.0279608,403.677,186.777,103.338,58.0228,50.832,17.1586,14.4184,2.07816,0.514941,0.220689,0.110345,0.073563,0.0183908,0.0183908,0.0367815
62705,62724,62714,2.1,-105.198,39.9503,784.002,-13.669,278.166,524.683,80.8782,4408.27,0.163515,0.021573,232.131,119.611,72.1414,40.0663,35.4186,11.5919,10.4896,2.07588,0.440895,0.330671,0.128594,0.0734825,0.0551119,0.128594,0
62725,62746,62736,2.2,-105.198,39.9502,773.364,-14.1514,278.732,468.743,72.7961,3730.64,0.153743,0.019194,200.061,108.89,65.3275,38.1467,32.2291,11.3671,10.08,1.6382,0.434625,0.250745,0.100298,0.117014,0.100298,0,0
62747,62770,62758,2.3,-105.198,39.9503,762.403,-11.6439,282.582,281.853,43.9995,2418.5,0.164899,0.0116338,119.255,66.4518,40.4869,22.8225,18.9658,6.55472,5.55484,1.12684,0.269807,0.111097,0.111097,0.047613,0.0634839,0,0.031742
62771,62794,62782,2.4,-105.196,39.9508,753.469,-11.5152,283.678,272.665,42.0253,2349.29,0.167705,0.011208,119.708,64.3041,36.9359,21.2175,17.5938,5.8805,5.38781,0.953595,0.206612,0.254292,0.0158933,0.0953595,0.0476798,0.0476798,0.0158933
62795,62819,62807,2.5,-105.194,39.9513,743.045,-12.4521,283.787,273.18,41.86,2415.14,0.173087,0.0108317,120.567,65.864,35.791,20.8233,17.6432,6.03906,5.03,0.856171,0.152888,0.0917326,0.0458663,0.0917326,0.0917326,0.0764438,0.0152888
62820,62848,62834,2.6,-105.192,39.9515,733.734,-12.2718,285.005,211.234,31.326,1630.01,0.156101,0.00777323,91.6209,52.7594,29.5526,15.6154,12.8358,4.30046,3.27779,0.839115,0.118001,0.157334,0.0393335,0.0524447,0.0393335,0.0262223,0
62849,62873,62861,2.7,-105.188,39.9515,723.727,-12.0032,286.423,153.648,22.6736,1318.15,0.174407,0.00563775,66.6168,40.2904,21.9144,11.8236,7.22228,2.75204,2.02398,0.495075,0.189294,0.131049,0.0291221,0.0436831,0.0728052,0.0291221,0.014561
62874,62897,62886,2.8,-105.184,39.9514,714.22,-12.8879,286.535,153.368,22.3767,1239.85,0.166225,0.00547602,68.7507,38.9607,20.8013,11.9646,7.48544,2.30789,2.08013,0.455504,0.197385,0.136651,0.0607338,0.0607338,0.0911007,0.0151835,0
62898,62919,62908,2.9,-105.181,39.9509,705.141,-13.1882,287.25,127.985,18.0077,965.024,0.160768,0.0041742,58.0512,33.1081,18.0062,8.13182,6.3395,2.07444,1.60977,0.315315,0.165955,0.0663822,0.0165955,0.0663822,0.0165955,0,0.0165955
62920,62938,62929,3,-105.178,39.9501,696.439,-13.0716,288.397,99.8115,14.4156,844.922,0.175835,0.00351117,43.6275,26.2968,14.8271,7.02543,4.89063,1.31969,1.24206,0.291109,0.0970363,0.0970363,0,0.0388145,0,0.0582218,0
62940,62962,62951,3.1,-105.175,39.9492,687.017,-13.9333,288.568,100.328,15.0777,1004.96,0.199956,0.00385426,44.8392,26.1025,13.6727,7.42717,4.87983,1.50385,1.22763,0.276217,0.122763,0.0613815,0.0460362,0.0767269,0.0306908,0.0460362,0.0153454
62963,62982,62972,3.2,-105.172,39.9479,678.224,-14.95,288.495,99.3274,14.6581,892.244,0.182611,0.00368118,45.1152,24.5915,13.701,7.21104,5.12169,1.51617,1.44221,0.332817,0.110939,0.0554695,0.0184898,0.0184898,0.0554695,0.0184898,0.0184898
62984,63003,62994,3.3,-105.17,39.9467,669.553,-15.8579,288.536,94.7574,13.6844,831.483,0.182284,0.00318656,40.9419,25.8642,13.6538,6.98294,4.3107,1.4434,1.0728,0.21456,0.117033,0,0.0585163,0.0585163,0,0.0195054,0.0195054
63004,63021,63012,3.4,-105.169,39.9456,660.638,-16.7665,288.621,95.2119,14.7006,1110.68,0.226661,0.00401845,41.0043,25.7748,13.5301,7.21171,4.42289,1.28547,1.26368,0.348602,0.174301,0.0435753,0.0217876,0.0217876,0,0.0653629,0.0435753
63022,63038,63030,3.5,-105.168,39.9447,652.414,-17.3656,288.983,86.9058,12.3577,722.337,0.175357,0.00279526,39.1783,21.7554,12.4648,6.85794,4.1472,1.25111,0.926749,0.115844,0.0231687,0.0695061,0.0231687,0.0231687,0.0231687,0.0463374,0
63039,63060,63050,3.6,-105.165,39.9433,642.766,-17.8775,289.632,71.7045,10.3522,613.235,0.177712,0.00251579,32.44,17.5943,10.8258,5.06699,3.49641,0.990962,0.822685,0.224369,0.093487,0.0747896,0,0.0373948,0.0186974,0,0.0186974
63061,63078,63070,3.7,-105.163,39.9416,634.785,-18.1435,290.362,56.478,8.74094,594.096,0.203901,0.00228294,24.1201,15.3991,7.64462,4.39346,2.87772,0.834758,0.768856,0.24164,0.0439346,0,0.0219673,0.0878692,0,0.0439346,0
63079,63098,63088,3.8,-105.161,39.9398,626.547,-18.8895,290.6,52.4765,7.75836,561.984,0.217308,0.00190405,23.6509,12.965,7.71549,4.20335,2.4286,0.728581,0.541766,0.0934079,0.0186816,0.0560447,0.0186816,0.0186816,0,0,0.0373632
63099,63118,63108,3.9,-105.159,39.9379,617.946,-19.773,290.736,47.8592,7.33858,615.739,0.251713,0.00194282,21.6506,12.8334,6.38869,3.64268,1.9988,0.560412,0.410969,0.186804,0.0560412,0,0.0560412,0.0186804,0,0.0186804,0.0373608
63119,63137,63128,4,-105.157,39.9362,609.884,-20.4317,291.067,47.9168,7.40585,507.174,0.205449,0.00201918,20.5209,12.3542,7.33336,3.83335,2.14584,0.666669,0.645835,0.166667,0.0833336,0.0833336,0,0.0625002,0,0,0.0208334
63138,63160,63149,4.1,-105.155,39.9342,601.142,-20.9309,291.695,42.6354,7.61526,708.431,0.279084,0.00236449,19.1859,10.4473,5.46775,3.93808,2.00159,0.602103,0.406827,0.21155,0.0650923,0.0325461,0.0325461,0.0976384,0.0813653,0.0650923,0
63161,63181,63171,4.2,-105.153,39.9322,593.129,-20.8915,292.863,40.6466,6.78527,589.105,0.260463,0.00193344,18.017,10.204,5.79858,3.44526,1.82618,0.583623,0.376531,0.0941328,0.0564797,0.0564797,0,0.0753063,0.0753063,0.0188266,0.0188266
63182,63199,63190,4.3,-105.151,39.9305,585.317,-21.6128,293.131,37.8901,6.56431,591.246,0.27021,0.00199842,15.2645,10.1346,5.6929,2.982,2.37725,0.646447,0.458769,0.0625593,0.0625593,0.0834125,0.0417062,0.0417062,0,0,0.0417062
63200,63218,63209,4.4,-105.149,39.9289,577.363,-22.5363,293.197,38.6827,6.2437,505.461,0.242866,0.00179138,16.6462,9.88866,6.22252,2.67529,2.08078,0.317071,0.495424,0.0990847,0.0990847,0.0396339,0.0396339,0.0396339,0,0.0198169,0.0198169
63219,63237,63228,4.5,-105.147,39.9275,569.404,-23.3982,293.356,36.5279,5.30708,314.331,0.177686,0.00121418,16.0242,9.8953,5.10366,2.71898,1.87208,0.445734,0.222867,0.0445734,0.0668602,0.0222867,0.0668602,0.0222867,0.0222867,0,0
63238,63254,63246,4.6,-105.145,39.9261,562.097,-24.1788,293.516,35.4659,5.74908,469.468,0.244979,0.0015218,15.0368,9.19311,5.43985,2.82682,1.78161,0.570115,0.356322,0.0712644,0.0475096,0,0.0475096,0.0237548,0.0475096,0,0.0237548
63255,63270,63262,4.7,-105.143,39.9247,554.823,-25.0679,293.555,35.6834,5.51653,384.209,0.208941,0.00134843,14.902,9.04955,5.93369,2.9262,1.78823,0.596078,0.216756,0.135472,0.0270945,0,0.0270945,0,0.0541889,0.0270945,0
63271,63288,63280,4.8,-105.141,39.9233,546.911,-25.9622,293.707,37.0795,5.84835,435.495,0.223394,0.00154339,15.2979,10.0221,5.89034,2.75448,1.77982,0.635649,0.381389,0.148318,0.0635649,0,0.0423766,0.0211883,0.0211883,0,0.0211883
63289,63305,63297,4.9,-105.139,39.9221,539.149,-26.8694,293.823,39.4418,5.99202,405.046,0.202792,0.00148384,16.7813,10.722,5.81152,3.13102,1.75697,0.653233,0.292829,0.0901012,0.0675759,0.0225253,0,0.0450506,0.0450506,0.0225253,0
63306,63323,63314,5,-105.137,39.921,531.681,-27.7582,293.928,38.5812,5.52968,266.182,0.144411,0.00121289,14.9361,10.6267,6.54301,3.38431,1.87265,0.631738,0.338431,0.135373,0.0902484,0,0,0,0.0225621,0,0
63324,63339,63332,5.1,-105.135,39.92,524.246,-28.5406,294.178,37.3663,5.9134,335.086,0.169997,0.00156232,14.4846,9.96114,5.84676,3.10383,2.43013,0.601518,0.601518,0.192486,0.0481215,0.0240607,0.0481215,0,0.0240607,0,0
63341,63356,63348,5.2,-105.133,39.9191,516.634,-29.3721,294.407,33.6731,6.433,700.956,0.326888,0.00203577,13.2643,8.44596,5.42757,3.12916,2.18764,0.553833,0.221533,0.193842,0.0276917,0.0276917,0.0276917,0.0276917,0.083075,0,0.0553833
63357,63371,63364,5.3,-105.131,39.9183,510.046,-30.2764,294.39,33.5796,6.53643,669.202,0.307141,0.00221138,13.208,8.81465,5.37274,2.71435,1.87486,0.699575,0.335796,0.195881,0.111932,0.027983,0.027983,0.111932,0.027983,0.027983,0.027983
63372,63390,63381,5.4,-105.13,39.9174,502.889,-31.1818,294.477,29.1607,5.3944,541.188,0.300972,0.00168358,11.5815,6.91675,4.80266,2.73453,1.86132,0.666398,0.390647,0.0459585,0.0229792,0.0229792,0,0,0.0459585,0.0459585,0.0229792
63390,63407,63398,5.5,-105.128,39.9165,495.811,-32.102,294.545,25.6193,3.75846,176.5,0.140882,0.000908803,10.4877,6.54831,3.93942,2.13929,1.4088,0.547867,0.417422,0.0782667,0.0260889,0.0260889,0,0,0,0,0
63409,63424,63416,5.6,-105.126,39.9158,488.328,-33.1373,294.559,25.0426,4.00916,251.179,0.187954,0.00106507,9.79698,6.60117,4.00786,2.43615,1.41454,0.314342,0.183366,0.104781,0.0523903,0.0523903,0,0.0785854,0,0,0
63425,63441,63433,5.7,-105.125,39.9153,481.732,-34.0567,294.579,25.5193,4.03934,275.621,0.204703,0.000999903,9.4974,6.76131,4.52508,2.57824,1.31543,0.394629,0.289394,0.105234,0,0,0,0,0.0263086,0.0263086,0
63442,63457,63450,5.8,-105.123,39.9149,475.244,-34.9492,294.616,21.8495,3.738,356.493,0.28611,0.00107513,8.3077,6.08622,3.7126,1.8563,1.15638,0.304311,0.27388,0.0608622,0,0.0304311,0,0,0.0304311,0,0.0304311
63458,63475,63466,5.9,-105.121,39.9147,467.794,-35.9956,294.647,23.4123,4.15109,346.153,0.250165,0.00131359,9.5834,6.30617,3.2524,1.93654,1.39034,0.372412,0.248275,0.0744824,0.0993098,0.0248275,0.0744824,0,0.0248275,0.0248275,0
63476,63496,63486,6,-105.12,39.9145,461.529,-36.8306,294.74,22.1185,3.82219,368.069,0.288893,0.0011379,9.38226,5.65566,3.04704,1.97291,1.33719,0.37266,0.197291,0.0657635,0,0,0.0219212,0,0,0.0657635,0
63498,63512,63505,6.1,-105.118,39.9145,454.844,-37.7223,294.852,19.8754,3.29813,276.098,0.25114,0.000907577,8.2993,5.35932,3.06247,1.37811,1.04124,0.428746,0.122499,0.0918741,0,0,0,0.0612494,0,0.0306247,0
63514,63533,63524,6.2,-105.116,39.9147,447.984,-38.5832,295.063,21.2766,3.10398,141.299,0.136566,0.000716545,8.29426,5.64264,3.33043,2.01523,1.18792,0.36062,0.339407,0.0636388,0.0424259,0,0,0,0,0,0
63534,63552,63543,6.3,-105.115,39.9148,441.669,-38.3706,296.528,22.4775,3.74733,228.822,0.183188,0.00106361,8.66813,5.58834,3.52686,2.33468,1.29153,0.372556,0.42223,0.149022,0.0745112,0,0,0,0.0496741,0,0
63553,63570,63562,6.4,-105.113,39.9143,435.041,-38.6347,297.474,23.2035,4.98904,626.552,0.376758,0.0018309,8.2836,5.81264,3.48288,2.68276,1.52964,0.753055,0.376527,0.117665,0.0470659,0.023533,0.023533,0,0,0,0.0705989
63571,63591,63581,6.5,-105.11,39.9134,429.081,-37.6183,299.943,35.6283,6.26335,362.845,0.173794,0.00173859,11.054,8.56577,7.50881,3.8535,2.62038,1.07898,0.616559,0.15414,0.1101,0,0,0.02202,0.04404,0,0
63592,63609,63600,6.6,-105.107,39.912,423.972,-36.46,302.447,38.5305,7.65806,737.939,0.289083,0.00254395,12.4758,10.3221,6.32982,4.78019,2.70527,0.998062,0.446502,0.105059,0.157589,0.0525296,0,0,0.0787944,0.0525296,0.0262648
63617,63632,63624,6.7,-105.104,39.9101,416.782,-37.2446,302.931,39.2739,7.73168,636.107,0.246819,0.00260725,13.1217,9.96275,6.37859,4.58651,2.55144,1.45796,0.698608,0.182245,0.121497,0.0607485,0,0.0911227,0,0.0607485,0
63633,63664,63648,6.8,-105.1,39.9077,410.101,-37.1841,304.409,50.279,10.4667,1034.1,0.296398,0.00357027,15.0386,13.4678,9.37011,6.17389,3.49672,1.4342,0.57368,0.15025,0.218545,0.0546362,0.109272,0.0819543,0.0136591,0.0546362,0.0409772
63665,63694,63680,6.9,-105.096,39.9048,404.346,-37.5382,305.178,45.0821,9.15092,740.142,0.242645,0.00304393,13.9607,11.2988,8.42458,5.4512,3.35567,1.0336,0.764583,0.311497,0.127431,0.0707948,0.0849537,0.127431,0.0424769,0.0283179,0
63695,63713,63704,7,-105.093,39.9026,399.264,-37.9569,305.737,44.2085,7.73118,452.948,0.175762,0.00218407,14.2358,10.8832,8.25625,5.65428,2.67703,1.4511,0.550417,0.22517,0.150114,0.0250189,0.0500379,0.0500379,0,0,0
63714,63732,63723,7.1,-105.091,39.9003,393.309,-38.1539,306.793,34.8061,6.33991,375.105,0.177497,0.00185843,10.9031,8.49737,5.58398,5.09842,2.49403,1.21391,0.684204,0.176569,0.0220711,0.0662133,0.0220711,0.0220711,0.0220711,0,0
63733,63749,63741,7.2,-105.088,39.898,387.941,-38.774,307.197,28.1573,5.67707,380.376,0.201007,0.00199064,9.21848,6.44501,4.43755,3.40741,2.32443,0.977318,0.845248,0.237726,0.158484,0.026414,0,0.026414,0.052828,0,0
63750,63774,63762,7.3,-105.086,39.895,381.782,-38.9679,308.347,28.5659,5.05872,272.677,0.161707,0.00150893,9.70977,6.39586,4.78861,3.36362,2.38602,1.12673,0.530226,0.0828479,0.149126,0.0165696,0.0165696,0,0,0,0
63775,63794,63784,7.4,-105.083,39.8917,376.686,-39.1347,309.309,33.0484,6.35844,409.453,0.193185,0.00212915,11.0553,7.55795,5.56284,4.06064,2.20636,1.26748,0.751101,0.352078,0.117359,0.0469438,0,0,0.0704157,0,0
63795,63819,63807,7.5,-105.081,39.8881,371.082,-39.8533,309.68,31.4555,5.81016,451.911,0.233339,0.00174496,11.1499,6.89596,5.61647,3.58922,2.32635,1.04686,0.631437,0.0664671,0.0332335,0.0166168,0.0166168,0.0166168,0.0166168,0.0166168,0.0166168
63820,63841,63830,7.6,-105.079,39.8847,366.048,-40.4978,310.034,31.3143,5.50543,292.869,0.159589,0.00155519,10.0286,7.37069,5.58386,3.77469,2.36756,1.40713,0.53605,0.134013,0.0670063,0.0223354,0,0.0223354,0,0,0
63842,63864,63853,7.7,-105.077,39.8812,359.947,-40.8115,311.112,27.3965,4.51105,218.693,0.145438,0.00119786,9.96967,5.86924,4.62303,3.33662,2.03011,0.783906,0.623105,0.120601,0.0402003,0,0,0,0,0,0
63865,63883,63874,7.8,-105.075,39.8785,355.439,-40.8988,312.114,26.992,4.65238,234.525,0.151229,0.00134069,9.6315,6.13563,3.92395,3.11538,2.33059,1.07017,0.499411,0.237815,0.047563,0,0,0,0,0,0
63885,63908,63896,7.9,-105.073,39.8759,349.581,-41.471,312.824,28.8625,5.38595,305.163,0.169977,0.00166171,9.20089,6.71932,4.63862,3.55055,2.30977,1.54621,0.591758,0.19089,0.0572669,0.019089,0.038178,0,0,0,0
63909,63931,63920,8,-105.07,39.8734,344.235,-41.8379,313.704,28.3024,5.23157,280.496,0.160848,0.00154968,8.69045,6.31067,4.61082,3.88839,2.6985,1.21114,0.637441,0.169984,0.0637441,0,0.021248,0,0,0,0
63932,63961,63946,8.1,-105.067,39.8709,339.055,-42.4733,314.21,26.3476,5.02217,312.425,0.186627,0.00164208,8.17373,6.01802,4.67071,3.06889,2.44014,1.03294,0.628749,0.194613,0.0449106,0.0598808,0,0,0,0.0149702,0
63962,63994,63978,8.2,-105.064,39.868,334.05,-42.9663,314.871,26.9974,4.91777,273.362,0.16676,0.00147286,8.97428,6.09714,4.30825,3.16038,2.47463,1.23732,0.46213,0.163982,0.0745372,0.0149074,0.0149074,0.0149074,0,0,0
63995,64021,64008,8.3,-105.061,39.8655,329.417,-43.0488,316.013,25.9537,4.97206,293.201,0.176909,0.00154582,8.4951,5.62033,3.97299,3.34313,2.2449,1.38893,0.597564,0.209955,0.0323008,0,0.0161504,0.0161504,0.0161504,0,0
64023,64051,64037,8.4,-105.057,39.8631,324.094,-43.4788,316.891,26.9082,4.99029,267.381,0.160741,0.00154343,8.32679,5.78339,4.6008,3.7584,2.43,1.2312,0.4374,0.2106,0.0809999,0.0486,0,0,0,0,0
64052,64075,64064,8.5,-105.054,39.8609,320.12,-43.8986,317.434,28.5428,5.70654,342.749,0.180188,0.00193407,8.19661,6.60767,4.49554,4.14675,2.7322,1.31766,0.58132,0.232528,0.135641,0.058132,0.0387546,0,0,0,0
64076,64095,64086,8.6,-105.05,39.8589,315.248,-44.6212,317.825,26.1817,5.28242,303.356,0.172283,0.00186961,7.92657,5.21232,4.53976,3.43485,2.71425,1.15295,0.696577,0.360298,0.0720597,0.0720597,0,0,0,0,0
64096,64123,64110,8.7,-105.047,39.8573,310.137,-45.3778,318.253,25.6877,5.06061,286.92,0.17009,0.00166782,7.96533,5.21561,4.22216,3.31741,2.62554,1.40147,0.549945,0.301583,0.0354803,0.0354803,0.0177402,0,0,0,0
64124,64149,64136,8.8,-105.043,39.8552,305.572,-45.7562,319.07,26.4338,5.10868,298.427,0.175247,0.00158883,8.02594,5.79564,4.2093,3.78523,2.49731,1.31933,0.439777,0.251301,0.047119,0.0157063,0.0314127,0.0157063,0,0,0
64150,64174,64162,8.9,-105.039,39.8536,301.134,-45.67,320.531,26.6689,5.13305,283.378,0.16562,0.00158834,7.67823,5.62951,4.57843,4.22213,2.36938,1.37175,0.463188,0.249409,0.0712597,0.0178149,0,0.0178149,0,0,0
