api/src/app/data/B2SAP/Locations/Boulder/NOAA-POPS-B2SAP_GMLBalloon_20190320_R0.ict
61,1001
Thornberry, T. D.
NOAA Chemical Sciences Laboratory
Portable Optical Particle Spectrometer (POPS)
Balloon Baseline Stratospheric Aerosol Profiles (B2SAP)
1,1
2019,03,20,2024,05,30
0
TIME_START,s,Seconds since midnight UTC on flight start day,Start time of 100 m altitude bin in UTC_seconds_since_midnight
28
1.0,1.0,1.0,1.0,1.0,1.0,1.0,1.0,1.0,1.0,1.0,1.0,1.0,1.0,1.0,1.0,1.0,1.0,1.0,1.0,1.0,1.0,1.0,1.0,1.0,1.0,1.0,1.0
99999,99999,99999,99999,99999,99999,99999,99999,99999,99999,99999,99999,99999,99999,99999,99999,99999,99999,99999,99999,99999,99999,99999,99999,99999,99999,99999,99999
TIME_STOP,s,End time of 100 m altitude bin in UTC seconds since midnight,
TIME_MID,s,Mid time of 100 m altitude in UTC seconds since midnight,
GPSAlt,m,GPS reported altitude above sea level (m),
GPS_Lon,deg,GPS reported longitude,
GPS_Lat,deg,GPS reported latitude,
iMet_Pressure,mb,Pressure reported (mB),
iMet_Temperature,degrees C,Ambient temperature (oC),
THETA,K,Potential temperature from iMet,
Aerosol_concentration,cm^-3,Aerosol concentration,
Surface_Area_Conc,um^2 cm^-3,Surface area concentration,
Volume_density,um^3 cm^-3,Volume density,
Effective_radius,um,Effective radius,
Extinction,km^-1,Extinction,
Bin01,cm^-3,particle concentration in size range [140 - 170 nm],
Bin02,cm^-3,particle concentration in size range [170 - 205 nm],
Bin03,cm^-3,particle concentration in size range [205 - 249 nm],
Bin04,cm^-3,particle concentration in size range [249 - 302 nm],
Bin05,cm^-3,particle concentration in size range [302 - 366 nm],
Bin06,cm^-3,particle concentration in size range [366 - 443 nm],
Bin07,cm^-3,particle concentration in size range [443 - 537 nm],
Bin08,cm^-3,particle concentration in size range [537 - 651 nm],
Bin09,cm^-3,particle concentration in size range [651 - 789 nm],
Bin10,cm^-3,particle concentration in size range [789 - 956 nm],
Bin11,cm^-3,particle concentration in size range [956 - 1159 nm],
Bin12,cm^-3,particle concentration in size range [1159 - 1404 nm],
Bin13,cm^-3,particle concentration in size range [1404 - 1702 nm],
Bin14,cm^-3,particle concentration in size range [1702 - 2062 nm],
Bin15,cm^-3,particle concentration in size range [2062 - 2500 nm],
0
19
PI_CONTACT_INFO: 325 Broadway R/CSL6, Boulder, CO 80305; troy.thornberry@noaa.gov; 303-497-3373 
PLATFORM: GML ECC/FPH balloon
LOCATION: Boulder, CO, USA
ASSOCIATED_DATA: N/A
INSTRUMENT_INFO: Printed Optical Particle Spectrometer counts particles from 140 - 2500 nm in diameter 
DATA_INFO: Particle concentrations reported in number per cubic centimeter, binned to 100 m altitude
UNCERTAINTY: Counting uncertainty dominated by air flow, less than 5 percent
ULOD_FLAG: -77777
ULOD_VALUE: 3000 ~3000 per cm3 (varies depending on flow rate- manufacturer quotes 1250  per cm3 at 1.667 cc/s)
LLOD_FLAG: -88888
LLOD_VALUE: 0 0 (varies depending on data field and measurement precision)
DM_CONTACT_INFO: Troy Thornberry, 325 Broadway R/CSL6, Boulder, CO 80305; troy.thornberry@noaa.gov; 303-497-3373
PROJECT_INFO: B2SAP Boulder, CO, USA
STIPULATIONS_ON_USE: Please contact the PIs for questions regarding applications and uncertainties
OTHER_COMMENTS: POPS bin Edges (nm):  140, 170, 205, 249, 302, 366, 443, 537, 651, 789, 956, 1159, 1404, 1702, 2062, 2500
Calculations assume sulfate refractive index of 1.45+0.00j and extinction wavelength = 532 nm
REVISION: R0
R0: QA/QC data
TIME_START,TIME_STOP,TIME_MID,GPSAlt,GPS_Lon,GPS_Lat,iMet_Pressure,iMet_Temperature,THETA,Aerosol_concentration,Surface_Area_Conc,Volume_density,Effective_radius,Extinction,Bin01,Bin02,Bin03,Bin04,Bin05,Bin06,Bin07,Bin08,Bin09,Bin10,Bin11,Bin12,Bin13,Bin14,Bin15
[from data line 387]
67029,67060,67044,14.1,-104.926,39.7098,140.013,-53.6487,384.932,9.81682,3.90212,309.113,0.23765,0.00223886,1.3994,1.19948,1.27314,1.33627,1.09427,1.34679,1.42044,0.568176,0.105218,0.0420871,0.0315653,0,0,0,0
67061,67099,67080,14,-104.918,39.7084,142.331,-54.1013,382.348,9.87164,3.62219,282.849,0.234264,0.00203389,1.43242,1.45831,1.44105,1.44105,1.13904,1.23395,0.957825,0.560888,0.103549,0.0862905,0.0172581,0,0,0,0
67100,67133,67116,13.9,-104.909,39.7069,144.756,-54.0966,380.518,10.4081,3.86496,292.702,0.227197,0.00220793,1.33542,1.5495,1.47814,1.59027,1.22329,1.24367,1.18251,0.560673,0.173299,0.0713584,0,0,0,0,0
67134,67163,67148,13.8,-104.9,39.7062,146.951,-53.6693,379.616,10.1006,3.63264,271.446,0.224172,0.00202473,1.46006,1.67798,1.27483,1.46006,1.16587,1.13318,1.16587,0.59928,0.130752,0.021792,0.010896,0,0,0,0
67164,67197,67180,13.7,-104.892,39.706,149.125,-53.223,378.796,10.8693,4.26858,339.083,0.238311,0.00244448,1.34262,1.43147,1.43147,1.64866,1.51045,1.31301,1.27352,0.671311,0.148083,0.0691056,0.0296167,0,0,0,0
67198,67232,67215,13.6,-104.882,39.7062,151.483,-52.9723,377.537,10.5858,3.92473,303.583,0.232054,0.00222617,1.46267,1.43788,1.6486,1.6486,1.17757,1.20236,1.16518,0.632171,0.11156,0.0867686,0.0123955,0,0,0,0
67233,67267,67250,13.5,-104.873,39.7063,153.923,-53.8597,374.306,10.6566,3.86599,286.941,0.222666,0.00211195,1.51092,1.51092,1.4079,1.53381,1.29344,1.4308,1.30489,0.515086,0.0915709,0.0457855,0.0114464,0,0,0,0
67268,67303,67286,13.4,-104.864,39.7056,156.275,-54.4314,371.704,10.8105,3.99231,306.627,0.230413,0.00228126,1.68308,1.48888,1.5644,1.52125,1.25152,1.176,1.25152,0.658127,0.140257,0.0647338,0.010789,0,0,0,0
67304,67340,67322,13.3,-104.855,39.705,158.824,-54.3211,370.182,9.97023,3.65002,297.986,0.244919,0.0021339,1.81473,1.58789,1.43666,1.28544,1.091,0.853356,1.1126,0.486089,0.16203,0.118822,0.021604,0,0,0,0
67341,67375,67358,13.2,-104.845,39.7041,161.204,-55.1856,367.16,10.1453,3.31468,243.359,0.220255,0.00173485,1.8446,1.59629,1.50169,1.43074,1.05237,1.2652,0.910474,0.342906,0.153716,0.035473,0,0.0118243,0,0,0
67376,67411,67394,13.1,-104.836,39.703,163.777,-55.0951,365.653,11.0147,3.55373,260.363,0.219794,0.00189197,2.28301,1.75283,1.56889,1.34167,1.28757,1.04954,1.03872,0.540998,0.0973796,0.0432798,0.01082,0,0,0,0
67412,67446,67429,13,-104.826,39.702,166.398,-55.5718,363.196,10.4318,3.7481,287.642,0.23023,0.00210616,1.79819,1.4178,1.47544,1.40628,1.27948,1.23337,1.04895,0.530236,0.161376,0.0691612,0.0115269,0,0,0,0
67447,67483,67465,12.9,-104.817,39.7009,169.081,-55.0114,362.475,11.6442,3.88261,295.88,0.22862,0.00210806,2.49669,1.72041,1.64698,1.41619,1.31129,1.14344,1.1959,0.503535,0.115393,0.0734322,0.0209806,0,0,0,0
67484,67518,67501,12.8,-104.808,39.7001,171.868,-54.8106,361.122,11.1946,3.91202,306.941,0.235383,0.00212078,2.08074,1.77653,1.37499,1.55751,1.28981,1.1438,1.26548,0.511058,0.109512,0.0486722,0.0243361,0,0.012168,0,0
67519,67553,67536,12.7,-104.802,39.6997,174.407,-54.7444,359.717,12.4104,4.48357,348.157,0.232955,0.00246016,1.96202,1.66654,1.87928,1.70199,1.53652,1.60744,1.12284,0.673706,0.177291,0.0472776,0.0354582,0,0,0,0
67554,67591,67572,12.6,-104.795,39.6989,177.291,-56.1,355.81,13.2284,4.76423,359.116,0.226133,0.00267319,2.16301,1.89263,1.78248,1.71238,1.75244,1.47205,1.5121,0.66092,0.210293,0.0600836,0.0100139,0,0,0,0
67592,67631,67612,12.5,-104.788,39.6977,180.168,-56.507,353.519,13.1863,4.86445,387.994,0.239283,0.00276155,1.98981,1.88671,1.91764,2.02074,1.65989,1.3609,1.31966,0.659832,0.226817,0.113409,0.0309296,0,0,0,0
67632,67667,67650,12.4,-104.78,39.6967,183.08,-57.3065,350.609,13.6868,4.75248,371.245,0.234349,0.00255247,2.20429,2.21554,2.02435,1.85565,1.7207,1.54075,1.21461,0.618551,0.179942,0.0674783,0.0337391,0.0112464,0,0,0
67669,67705,67687,12.3,-104.773,39.696,185.927,-57.6833,348.447,13.9087,4.99453,396.289,0.238034,0.00279835,2.42244,2.03995,2.13267,1.73859,1.55314,1.70382,1.29815,0.672255,0.19704,0.115906,0.0347718,0,0,0,0
67705,67743,67724,12.2,-104.766,39.6955,188.899,-56.8509,348.21,13.3599,4.58241,347.645,0.227595,0.00244087,2.22479,2.01237,2.10181,1.62108,1.75524,1.4981,1.3304,0.592532,0.134158,0.0558992,0.0335395,0,0,0,0
67744,67782,67763,12.1,-104.76,39.6949,192.066,-57.1197,346.136,14.9081,5.10098,375.525,0.220855,0.00274495,2.4947,2.23421,2.19413,1.85349,1.88355,1.9136,1.34253,0.771452,0.130245,0.0801509,0.0100189,0,0,0,0
67783,67825,67804,12,-104.754,39.6946,194.998,-56.9618,344.897,14.2891,4.9174,373.42,0.227815,0.00257617,2.20913,2.18905,2.06855,2.01834,1.82755,1.77735,1.46606,0.471951,0.150623,0.0702906,0.040166,0,0,0,0
67827,67869,67848,11.9,-104.749,39.6944,198.271,-57.0953,343.038,15.7168,5.42442,403.714,0.223276,0.00295662,2.50516,2.60994,2.20987,2.12415,1.66693,2.07652,1.44785,0.828703,0.133354,0.104779,0.00952532,0,0,0,0
67871,67914,67892,11.8,-104.744,39.6935,201.33,-57.8984,340.273,14.8153,5.21762,401.769,0.231007,0.00286427,2.68326,2.27045,2.02965,1.89204,1.46777,1.86911,1.69711,0.630681,0.160537,0.0802685,0.0344008,0,0,0,0
67915,67959,67937,11.7,-104.739,39.6926,204.619,-58.1227,338.353,16.2464,5.21853,380.156,0.218542,0.00278254,3.42216,2.38012,2.72352,1.94199,1.48017,1.717,1.63411,0.686801,0.201304,0.0473656,0,0.0118414,0,0,0
67960,67999,67980,11.6,-104.735,39.692,207.941,-57.2177,338.22,16.5274,5.05358,354.517,0.210455,0.0025514,3.5352,2.78802,2.43115,1.72857,1.86239,1.86239,1.57244,0.602211,0.0780645,0.0557603,0.0111521,0,0,0,0
68000,68043,68022,11.5,-104.733,39.6911,211.657,-57.2638,336.431,17.5006,5.16759,357.954,0.207807,0.00256438,3.52319,3.39507,2.51107,1.99861,1.9858,2.06267,1.19148,0.627768,0.115304,0.0896812,0,0,0,0,0
68044,68088,68066,11.4,-104.734,39.6896,214.855,-60.1364,330.54,19.1018,5.78176,400.477,0.207797,0.00289944,3.67535,3.53438,2.82952,2.37639,2.00382,2.03403,1.76216,0.684723,0.161111,0.0302084,0.0100695,0,0,0,0
68089,68135,68112,11.3,-104.737,39.6863,218.404,-61.2702,327.246,18.7428,5.88611,442.837,0.225703,0.0029678,3.91811,3.24614,2.5845,2.45011,1.90219,2.11929,1.59205,0.682309,0.124056,0.0620281,0.0516901,0.010338,0,0,0
68136,68191,68164,11.2,-104.741,39.6815,221.905,-60.4612,327.011,17.4929,5.1347,359.079,0.209796,0.00247888,3.68909,3.07424,2.73651,2.113,1.80125,1.86187,1.56743,0.493611,0.0865984,0.0432992,0.0173197,0.00865984,0,0,0
68192,68245,68218,11.1,-104.745,39.6763,225.541,-60.076,326.078,17.304,5.32552,390.525,0.219992,0.00264382,3.54301,2.94598,2.7013,2.163,1.74214,1.81065,1.58554,0.636175,0.10766,0.0195746,0.0391493,0,0.00978731,0,0
68246,68296,68271,11,-104.748,39.6718,228.88,-59.1264,326.158,17.3889,5.49227,447.635,0.244508,0.00274988,3.51674,3.00043,2.86405,1.92885,1.8704,1.74376,1.66582,0.633207,0.0779332,0.029225,0.029225,0.0194833,0,0,0.00974165
68297,68350,68324,10.9,-104.751,39.6671,232.727,-58.5877,325.429,19.5302,5.97447,468.078,0.235039,0.00290071,4.31808,3.09023,2.95014,2.6782,2.22496,1.79645,1.61516,0.642768,0.0824061,0.0494437,0.0412031,0.0247218,0.00824061,0.00824061,0
68351,68403,68377,10.8,-104.754,39.6624,236.677,-57.2404,325.906,19.3364,6.10572,503.543,0.247412,0.0030271,3.88235,3.21298,2.9787,2.4432,2.30933,2.10852,1.58139,0.585699,0.100406,0.0753042,0.0167343,0,0.0167343,0.0251014,0
68405,68454,68430,10.7,-104.757,39.6577,240.459,-56.5015,325.534,19.071,6.14149,532.908,0.260315,0.00314046,4.04823,3.52112,2.90967,2.2455,2.09791,1.47592,1.81327,0.653621,0.137049,0.0737959,0.0316268,0.0316268,0.0210845,0,0.0105423
68460,68513,68486,10.6,-104.759,39.6537,244.37,-56.224,324.454,18.4218,5.68744,431.656,0.227689,0.00281223,3.96487,3.28158,2.53536,2.31059,1.98693,1.94198,1.58235,0.575401,0.116878,0.0539438,0.0539438,0.00899064,0.00899064,0,0
68514,68567,68540,10.5,-104.761,39.6498,248.448,-56.0034,323.256,18.6724,5.51954,402.39,0.218708,0.00265726,4.09725,3.28701,2.73457,2.42152,1.95195,1.85987,1.6389,0.469572,0.10128,0.0552438,0.0460365,0.0092073,0,0,0
68568,68625,68596,10.4,-104.762,39.6463,252.397,-55.3659,322.751,18.0135,5.80067,481.105,0.248819,0.00290219,3.82796,3.00648,2.50681,2.50681,2.04102,1.76154,1.499,0.56742,0.118565,0.0762205,0.0508137,0.0254068,0.0169379,0.00846895,0
68626,68684,68655,10.3,-104.764,39.6432,256.349,-54.574,322.478,17.3287,5.43084,409.836,0.226394,0.002767,3.73811,2.82415,2.5134,2.34888,1.68169,1.87362,1.4989,0.575797,0.146234,0.0822567,0.0274189,0.00913963,0.00913963,0,0
68685,68733,68709,10.2,-104.765,39.6407,260.442,-53.7528,322.233,17.0084,6.23066,660.771,0.318154,0.00324669,3.57624,2.87377,2.34159,2.21387,1.63911,1.89456,1.60718,0.521536,0.0638615,0.106436,0.0745051,0.0106436,0.0532179,0.0106436,0.0212872
68734,68784,68759,10.1,-104.766,39.639,264.574,-53.0585,321.806,16.2765,5.80395,508.622,0.262901,0.00310316,3.29258,2.51603,2.38143,1.95691,1.58417,2.00868,1.60488,0.548764,0.176019,0.0931863,0.0414161,0.0621242,0,0.010354,0
68785,68832,68808,10,-104.768,39.6375,268.404,-52.437,321.395,16.7799,5.35688,438.065,0.245328,0.0027016,3.69817,2.74175,2.3698,2.18915,1.80658,1.74281,1.46651,0.488838,0.13815,0.0637615,0.0318808,0.0212538,0.0106269,0.0106269,0
68833,68878,68856,9.9,-104.77,39.6358,272.792,-51.3552,321.466,16.3622,5.13364,393.087,0.229712,0.0025749,3.29355,2.76573,2.59683,2.04791,1.91068,1.5201,1.45676,0.475031,0.200569,0.0316687,0.0316687,0.0211125,0.0105562,0,0
68879,68922,68900,9.8,-104.772,39.6339,277.119,-50.2212,321.665,17.4407,5.44678,454.21,0.250171,0.00267664,3.60914,3.12724,2.59407,2.2147,1.9071,1.76356,1.47647,0.543421,0.0820259,0.0512662,0.0307597,0.0307597,0,0,0.0102532
68923,68924,68924,9.7,-104.774,39.6328,279.225,-49.84,321.519,20.9672,7.23902,711.412,0.294824,0.00342543,4.77472,3.94433,2.49116,3.32154,1.86837,2.07596,1.45317,0.622789,0,0,0.415193,0,0,0,0
68928,69016,68972,9.6,-104.778,39.6288,286.31,-48.3292,321.392,17.7173,5.54249,444.102,0.24038,0.00266165,3.35643,3.03916,2.58829,2.42131,2.20422,2.02054,1.38599,0.517659,0.0667947,0.050096,0,0.050096,0,0.0166987,0
69017,69067,69042,9.5,-104.78,39.6269,289.942,-48.0071,320.684,17.8403,6.07386,505.978,0.249913,0.00308423,3.67709,2.83635,2.43907,2.18962,2.09723,1.90322,1.78311,0.600529,0.1663,0.00923891,0.0831502,0.0184778,0.0369556,0,0
69068,69116,69092,9.4,-104.783,39.6246,294.564,-47.2527,320.311,19.4461,6.44737,520.458,0.242172,0.00337921,3.88003,3.18125,2.93301,2.72154,1.9676,2.01357,1.6366,0.698773,0.183888,0.137916,0.073555,0.00919438,0.00919438,0,0
69117,69167,69142,9.3,-104.785,39.6227,298.973,-46.2323,320.399,19.0259,6.05914,462.133,0.228811,0.00305443,3.91957,3.2163,2.57867,2.55054,1.92228,2.28798,1.68785,0.590749,0.112524,0.0937697,0.0468848,0.00937697,0.00937697,0,0
69168,69220,69194,9.2,-104.787,39.6211,303.626,-45.8839,319.482,21.0973,6.46406,514.017,0.238557,0.00306496,4.28763,3.71355,3.21124,2.82553,2.35012,2.27836,1.65047,0.520256,0.0896994,0.0627896,0.0448497,0.0448497,0.00896994,0.00896994,0
69221,69273,69247,9.1,-104.789,39.6196,308.215,-44.9941,319.351,23.5894,7.73308,680.726,0.264083,0.00384519,5.32923,3.80532,3.27953,2.97653,2.68244,2.61114,1.80909,0.668382,0.142588,0.115853,0.0891176,0.0267353,0.0445588,0,0.00891176
69274,69324,69299,9,-104.791,39.6179,312.868,-44.5035,318.673,25.6098,8.1564,678.149,0.249429,0.00391514,5.38253,4.21282,3.9941,3.2143,2.75783,3.08116,1.88293,0.713232,0.123627,0.0665683,0.0665683,0.0855879,0.0190195,0.00950976,0
69325,69372,69348,8.9,-104.793,39.6161,317.635,-43.48,318.723,21.525,7.15848,666.612,0.279366,0.00344502,4.59936,3.61171,2.94359,2.68216,2.66279,2.57564,1.64609,0.416363,0.125877,0.077463,0.0387315,0.0580972,0.0677801,0.00968287,0.00968287
69373,69423,69398,8.8,-104.795,39.6144,322.241,-42.8444,318.296,19.6307,6.54671,597.401,0.273757,0.00323923,4.2409,3.25136,2.54454,2.40318,2.55396,2.32778,1.42306,0.537181,0.122515,0.084818,0.0471211,0.0471211,0.0282727,0.00942422,0.00942422
69424,69474,69449,8.7,-104.797,39.6125,327.055,-42.05,318.037,22.7144,7.48895,698.862,0.279957,0.00366921,4.79106,3.37787,3.70531,3.14521,2.52478,2.5851,1.64585,0.534255,0.146489,0.0947871,0.0603191,0.043085,0.025851,0.025851,0.00861701
69475,69530,69502,8.6,-104.799,39.6106,332.088,-41.5878,317.285,18.2118,5.68379,442.762,0.233697,0.00274536,3.8713,2.81404,2.71865,2.38478,2.21785,2.15425,1.31163,0.43721,0.135138,0.0794927,0.0397464,0.0317971,0.0158985,0,0
69531,69579,69555,8.5,-104.8,39.6092,337.143,-40.8138,316.977,17.5949,5.82028,615.018,0.317004,0.00282104,4.07069,2.67591,2.46928,2.44861,2.25231,1.82871,1.25014,0.309951,0.103317,0.0619902,0.0103317,0.0413268,0.0206634,0.0309951,0.0206634
69580,69634,69607,8.4,-104.801,39.608,341.952,-40.0153,316.785,18.3418,6.02716,512.318,0.255005,0.00292964,3.91143,3.19248,2.51632,2.11405,2.2082,2.13973,1.48069,0.445064,0.119825,0.0513535,0.0770303,0.0513535,0.0342357,0,0
69635,69684,69660,8.3,-104.802,39.6069,347.209,-39.0609,316.696,18.3884,6.12037,540.531,0.26495,0.00305317,3.82471,3.29428,2.55911,2.2241,2.12174,2.20549,1.35866,0.42807,0.0651411,0.1582,0.0837528,0.0372235,0.0186117,0.00930587,0
69685,69733,69709,8.2,-104.803,39.6059,352.336,-38.1441,316.603,17.6521,5.91694,545.826,0.276744,0.00292658,3.8277,2.8562,2.51618,2.45789,1.89442,1.98185,1.3601,0.398314,0.106865,0.0971497,0.0485748,0.0582898,0.0291449,0.0194299,0
69734,69779,69756,8.1,-104.803,39.6048,357.512,-37.1532,316.619,20.6989,6.95976,624.935,0.269378,0.00355254,4.63111,3.09438,2.8853,2.71803,2.28942,2.21624,1.95489,0.55406,0.125448,0.10454,0.0209079,0.0627238,0.010454,0.0313619,0
69780,69828,69804,8,-104.805,39.6033,362.527,-36.4612,316.289,24.6925,9.02075,933.65,0.310501,0.00474486,5.64083,3.89881,3.355,3.04162,2.49782,2.41487,2.35956,0.995441,0.147473,0.0829534,0.0921704,0.0737364,0.0553023,0.00921704,0.0276511
69829,69878,69854,7.9,-104.806,39.6017,367.652,-35.7249,316.006,27.4593,9.44492,817.7,0.259727,0.00491969,5.82072,4.51938,3.57112,3.40971,2.95576,2.80444,3.05664,0.847384,0.181582,0.110967,0.0807032,0.0504395,0.0302637,0.0201758,0
69879,69927,69903,7.8,-104.807,39.6003,373.111,-34.8372,315.846,30.5641,11.036,1034.34,0.281172,0.00585945,6.51051,4.69362,4.19903,4.04762,3.4218,2.88683,2.86664,1.19107,0.323002,0.13122,0.141313,0.0908443,0.0403753,0.0100938,0.0100938
69928,69970,69949,7.7,-104.807,39.5994,378.464,-34.1142,315.518,37.8222,11.902,963.907,0.242961,0.00593955,8.03042,6.52841,5.78332,4.90814,4.13939,3.45344,3.0868,1.33643,0.22471,0.165576,0.0118268,0.0591342,0.0827878,0.0118268,0
69971,70013,69992,7.6,-104.808,39.5984,383.851,-33.2711,315.358,43.0277,13.3138,1152.15,0.259615,0.0064704,9.54906,7.24197,6.55916,5.63839,4.72797,4.16931,3.34165,1.24148,0.23795,0.134494,0.062074,0.0206913,0.0724197,0,0.031037
70014,70055,70034,7.5,-104.809,39.5973,389.446,-32.5939,314.946,39.8671,11.2025,898.524,0.240623,0.00511836,9.62538,7.7301,5.74378,5.28858,3.79056,3.74918,2.72292,0.744871,0.206909,0.0910397,0.107592,0.024829,0.0165527,0.0165527,0.00827634
70056,70095,70076,7.4,-104.809,39.5959,394.899,-31.6994,314.865,41.3828,11.4793,868.277,0.226916,0.00513463,9.79553,7.47307,6.41485,5.31918,4.18604,4.31715,2.64086,0.842828,0.149836,0.103012,0.037459,0.0655533,0.0280943,0,0.00936475
70096,70135,70116,7.3,-104.81,39.5947,400.404,-30.7722,314.817,41.6328,10.957,871.234,0.238541,0.00463857,10.0237,7.91757,6.94753,5.26964,4.30834,4.09861,2.1935,0.489386,0.157303,0.0873904,0.0699123,0.0262171,0.00873904,0.0174781,0.0174781
70137,70180,70158,7.2,-104.81,39.5935,406.176,-29.8406,314.741,41.9617,11.0391,912.616,0.248013,0.00457334,10.2308,7.99826,6.55197,5.93075,4.49417,4.29033,1.62101,0.310612,0.262079,0.0873596,0.0679464,0.0388265,0.0291199,0.0388265,0.00970662
70181,70222,70202,7.1,-104.81,39.5921,411.773,-28.938,314.678,37.9621,9.21161,657.825,0.214238,0.00351931,9.69573,6.77162,6.36122,4.97611,4.72987,3.45763,1.37484,0.297541,0.12312,0.0615602,0.0513001,0.0307801,0.0205201,0,0.01026
