api/src/app/data/B2SAP/Locations/Boulder/NOAA-POPS-B2SAP_GMLBalloon_20240529_R0.ict
82,1001
Thornberry, T. D.
NOAA Chemical Sciences Laboratory
Portable Optical Particle Spectrometer (POPS)
Balloon Baseline Stratospheric Aerosol Profiles (B2SAP)
1,1
2024,05,29,2024,05,30
0
TIME_START,s,Seconds since midnight UTC on flight start day,Start time of 100 m altitude bin in UTC_seconds_since_midnight
49
1.0,1.0,1.0,1.0,1.0,1.0,1.0,1.0,1.0,1.0,1.0,1.0,1.0,1.0,1.0,1.0,1.0,1.0,1.0,1.0,1.0,1.0,1.0,1.0,1.0,1.0,1.0,1.0,1.0,1.0,1.0,1.0,1.0,1.0,1.0,1.0,1.0,1.0,1.0,1.0,1.0,1.0,1.0,1.0,1.0,1.0,1.0,1.0,1.0
99999,99999,99999,99999,99999,99999,99999,99999,99999,99999,99999,99999,99999,99999,99999,99999,99999,99999,99999,99999,99999,99999,99999,99999,99999,99999,99999,99999,99999,99999,99999,99999,99999,99999,99999,99999,99999,99999,99999,99999,99999,99999,99999,99999,99999,99999,99999,99999,99999
TIME_STOP,s,End time of 100 m altitude bin in UTC seconds since midnight,
TIME_MID,s,Mid time of 100 m altitude in UTC seconds since midnight,
GPSAlt,km,GPS reported altitude above sea level (km),
GPS_Lon,deg,GPS reported longitude,
GPS_Lat,deg,GPS reported latitude,
iMet_Pressure,hPa,Pressure reported (hPa),
iMet_Temperature,degrees C,Ambient temperature (oC),
THETA,K,Potential temperature from iMet,
Aerosol_concentration,cm^-3,Aerosol concentration,
Surface_Area_Conc,um^2 cm^-3,Surface area concentration,
Volume_density,um^3 cm^-3,Volume density,
Effective_radius,um,Effective radius,
Extinction,km^-1,Extinction,
Bin01,cm^-3,particle concentration in size range [140 - 146.14 nm],
Bin02,cm^-3,particle concentration in size range [146.14 - 152.56 nm],
Bin03,cm^-3,particle concentration in size range [152.56 - 159.25 nm],
Bin04,cm^-3,particle concentration in size range [159.25 - 166.24 nm],
Bin05,cm^-3,particle concentration in size range [166.24 - 173.54 nm],
Bin06,cm^-3,particle concentration in size range [173.54 - 181.16 nm],
Bin07,cm^-3,particle concentration in size range [181.16 - 189.11 nm],
Bin08,cm^-3,particle concentration in size range [189.11 - 197.41 nm],
Bin09,cm^-3,particle concentration in size range [197.41 - 206.07 nm],
Bin10,cm^-3,particle concentration in size range [206.07 - 215.12 nm],
Bin11,cm^-3,particle concentration in size range [215.12 - 224.56 nm],
Bin12,cm^-3,particle concentration in size range [224.56 - 234.41 nm],
Bin13,cm^-3,particle concentration in size range [234.41 - 244.70 nm],
Bin14,cm^-3,particle concentration in size range [244.70 - 361.30 nm],
Bin15,cm^-3,particle concentration in size range [361.30 - 472.80 nm],
Bin16,cm^-3,particle concentration in size range [472.80 - 567.00 nm],
Bin17,cm^-3,particle concentration in size range [567.00 - 610.66 nm],
Bin18,cm^-3,particle concentration in size range [610.66 - 657.69 nm],
Bin19,cm^-3,particle concentration in size range [657.69 - 708.33 nm],
Bin20,cm^-3,particle concentration in size range [708.33 - 762.88 nm],
Bin21,cm^-3,particle concentration in size range [762.88 - 821.62 nm],
Bin22,cm^-3,particle concentration in size range [821.62 - 884.89 nm],
Bin23,cm^-3,particle concentration in size range [884.89 - 953.03 nm],
Bin24,cm^-3,particle concentration in size range [953.03 - 1026.42 nm],
Bin25,cm^-3,particle concentration in size range [1026.42 - 1105.46 nm],
Bin26,cm^-3,particle concentration in size range [1105.46 - 1190.59 nm]],
[...]
LOCATION: Boulder, CO, USA
ASSOCIATED_DATA: N/A
INSTRUMENT_INFO: Printed Optical Particle Spectrometer counts particles from 140 - 2500 nm in diameter 
DATA_INFO: Particle concentrations reported in number per cubic centimeter, binned to 100 m altitude
UNCERTAINTY: Counting uncertainty dominated by air flow, less than 5 percent
ULOD_FLAG: -77777
ULOD_VALUE: 3000 ~3000 per cm3 (varies depending on flow rate- manufacturer quotes 1250  per cm3 at 1.667 cc/s)
LLOD_FLAG: -88888
LLOD_VALUE: 0 0 (varies depending on data field and measurement precision)
DM_CONTACT_INFO: Troy Thornberry, 325 Broadway R/CSL6, Boulder, CO 80305; troy.thornberry@noaa.gov; 303-497-3373
PROJECT_INFO: B2SAP Boulder, CO, USA
STIPULATIONS_ON_USE: Please contact the PIs for questions regarding applications and uncertainties
OTHER_COMMENTS: POPS bin Edges (nm):  140, 146.14, 152.56, 159.25, 166.24, 173.54, 181.16, 189.11, 197.41, 206.07, 215.12, 224.56, 234.41, 244.70, 361.30, 472.80, 567.00, 610.66, 657.69, 708.33, 762.88, 821.62, 884.89, 953.03, 1026.42, 1105.46, 1190.59, 1282.27, 1381.01, 1487.36, 1601.89, 1725.25, 1858.10, 2001.18, 2155.28, 2321.25, 2500
Calculations assume sulfate refractive index of 1.45+0.00j and extinction wavelength = 532 nm
REVISION: R0
R0: QA/QC data
TIME_START,TIME_STOP,TIME_MID,GPSAlt,GPS_Lon,GPS_Lat,iMet_Pressure,iMet_Temperature,THETA,Aerosol_concentration,Surface_Area_Conc,Volume_density,Effective_radius,Extinction,Bin01,Bin02,Bin03,Bin04,Bin05,Bin06,Bin07,Bin08,Bin09,Bin10,Bin11,Bin12,Bin13,Bin14,Bin15,Bin16,Bin17,Bin18,Bin19,Bin20,Bin21,Bin22,Bin23,Bin24,Bin25,Bin26,Bin27,Bin28,Bin29,Bin30,Bin31,Bin32,Bin33,Bin34,Bin35,Bin36
[from data line 288]
64341,64350,64346,26.1,-104.675,40.067,23.477,-48.167,657.181,1.15991,0.22399,12.4547,0.166812,8.0793e-05,0.11999,0.0799936,0.0799936,0.159987,0.0799936,0,0.0799936,0.0799936,0.0799936,0,0,0.11999,0,0.159987,0.0399968,0.0799936,0,0,0,0,0,0,0,0,0,0,0,0,0,0,0,0,0,0,0,0
64351,64360,64356,26,-104.676,40.0675,23.8263,-48.215,654.269,1.6405,0.305004,14.3992,0.14163,7.20949e-05,0.24856,0.149136,0,0,0.0994241,0.0497121,0.149136,0.0497121,0.0994241,0.0497121,0,0.0994241,0.0497121,0.497121,0.0994241,0,0,0,0,0,0,0,0,0,0,0,0,0,0,0,0,0,0,0,0,0
64362,64371,64366,25.9,-104.678,40.0678,24.1714,-48.4414,650.928,1.13742,0.142405,5.18442,0.109218,1.63974e-05,0.113742,0.113742,0.170613,0.113742,0,0.056871,0.056871,0.056871,0,0.056871,0.113742,0.170613,0,0.113742,0,0,0,0,0,0,0,0,0,0,0,0,0,0,0,0,0,0,0,0,0,0
64373,64383,64378,25.8,-104.679,40.068,24.555,-48.5425,647.718,1.2944,0.20136,10.0983,0.150451,5.97639e-05,0.298707,0.149354,0.0497846,0.0995691,0.0497846,0.0497846,0.0497846,0.149354,0.0497846,0.0497846,0.0497846,0.0497846,0,0.0995691,0.0497846,0.0497846,0,0,0,0,0,0,0,0,0,0,0,0,0,0,0,0,0,0,0,0
64385,64394,64390,25.7,-104.679,40.0683,24.9429,-48.78,644.141,1.12033,0.285584,19.2631,0.202356,0.00014466,0.0560163,0.168049,0,0.224065,0.168049,0,0.0560163,0.0560163,0.0560163,0,0,0,0,0.0560163,0.168049,0.0560163,0.0560163,0,0,0,0,0,0,0,0,0,0,0,0,0,0,0,0,0,0,0
64395,64405,64400,25.6,-104.681,40.0686,25.2943,-48.99,640.969,1.60606,0.298519,14.9379,0.15012,8.27339e-05,0.332288,0.166144,0.166144,0.0553814,0.0553814,0.110763,0.0553814,0,0,0.0553814,0,0,0,0.443051,0.166144,0,0,0,0,0,0,0,0,0,0,0,0,0,0,0,0,0,0,0,0,0
64406,64415,64410,25.5,-104.682,40.0685,25.6529,-49.21,637.773,1.16892,0.189662,9.43578,0.149251,5.46411e-05,0.111326,0.0556629,0.166989,0.0556629,0.222651,0.0556629,0.0556629,0,0.0556629,0.0556629,0,0.0556629,0.0556629,0.166989,0,0.0556629,0,0,0,0,0,0,0,0,0,0,0,0,0,0,0,0,0,0,0,0
64417,64426,64422,25.4,-104.683,40.0683,26.0071,-48.7671,636.531,1.16185,0.304973,18.6173,0.183137,0.00012851,0,0.0553264,0.0553264,0,0.331958,0,0,0.0553264,0,0.0553264,0.0553264,0,0.0553264,0.276632,0.110653,0.110653,0,0,0,0,0,0,0,0,0,0,0,0,0,0,0,0,0,0,0,0
64428,64438,64433,25.3,-104.684,40.068,26.4336,-48.5364,634.234,1.04969,0.183313,10.3866,0.169981,7.03021e-05,0.279917,0.0699792,0.0699792,0.104969,0.0349896,0.0349896,0.0699792,0.104969,0,0,0.0699792,0.0699792,0,0,0.0699792,0.0699792,0,0,0,0,0,0,0,0,0,0,0,0,0,0,0,0,0,0,0,0
64439,64450,64444,25.2,-104.684,40.0678,26.8022,-48.2433,632.552,1.54912,0.263812,13.7837,0.156744,8.17043e-05,0.251209,0.125604,0.167473,0.251209,0.0418682,0.167473,0,0,0,0.0418682,0.0418682,0,0.0418682,0.334945,0.0418682,0,0.0418682,0,0,0,0,0,0,0,0,0,0,0,0,0,0,0,0,0,0,0
64452,64462,64457,25.1,-104.685,40.0679,27.2556,-48.2878,629.404,1.33591,0.223545,11.7938,0.158274,7.1042e-05,0.208736,0.125241,0.125241,0.125241,0.0834942,0.0417471,0.0417471,0.0834942,0.0417471,0.0834942,0,0.0417471,0.0834942,0.166988,0.0417471,0,0.0417471,0,0,0,0,0,0,0,0,0,0,0,0,0,0,0,0,0,0,0
64463,64474,64468,25,-104.685,40.0684,27.6373,-48.3127,626.841,1.56742,0.302426,16.8865,0.167511,0.000107866,0.136298,0.170372,0.136298,0.136298,0.136298,0.0340744,0.136298,0.0681488,0.0681488,0.0340744,0,0.0681488,0.0340744,0.238521,0.102223,0.0340744,0.0340744,0,0,0,0,0,0,0,0,0,0,0,0,0,0,0,0,0,0,0
64475,64487,64481,24.9,-104.686,40.0687,28.0755,-49.1255,621.776,0.875918,0.115198,4.64749,0.121031,1.933e-05,0.202135,0,0.134757,0,0.101067,0,0.0673783,0,0.101067,0.0673783,0.101067,0,0,0.0673783,0.0336892,0,0,0,0,0,0,0,0,0,0,0,0,0,0,0,0,0,0,0,0,0
64488,64500,64494,24.8,-104.687,40.0687,28.4717,-49.5008,618.25,1.10266,0.175136,8.38523,0.143635,4.5671e-05,0.122517,0.245035,0.0306293,0,0.122517,0.0306293,0.0612587,0.091888,0.0306293,0,0.0612587,0.0306293,0.0612587,0.153147,0.0306293,0.0306293,0,0,0,0,0,0,0,0,0,0,0,0,0,0,0,0,0,0,0,0
64501,64514,64508,24.7,-104.687,40.069,28.8964,-49.6393,615.259,1.18215,0.297811,19.3517,0.194939,0.000140962,0.183891,0.10508,0.0788103,0.0262701,0.0525402,0.0262701,0.0788103,0.0788103,0.0262701,0.0262701,0.0262701,0.0788103,0.0262701,0.10508,0.157621,0.0788103,0,0.0262701,0,0,0,0,0,0,0,0,0,0,0,0,0,0,0,0,0,0
64515,64528,64522,24.6,-104.688,40.0696,29.3543,-50.0243,611.448,1.54071,0.365429,22.5053,0.184758,0.000157352,0.156683,0.130569,0.156683,0.182797,0.0783414,0,0.0783414,0.0261138,0.0522276,0.0783414,0.0261138,0,0,0.313366,0.130569,0.104455,0.0261138,0,0,0,0,0,0,0,0,0,0,0,0,0,0,0,0,0,0,0
64529,64541,64535,24.5,-104.688,40.0704,29.7715,-50.1923,608.528,1.60489,0.371986,23.6804,0.190978,0.000169372,0.276706,0.138353,0.110682,0.138353,0.0553411,0.0830117,0.0553411,0.0276706,0.0830117,0.0553411,0.0553411,0.0276706,0.0276706,0.166023,0.193694,0.0553411,0.0276706,0.0276706,0,0,0,0,0,0,0,0,0,0,0,0,0,0,0,0,0,0
64543,64556,64550,24.4,-104.689,40.0712,30.2477,-50.0685,606.11,1.28254,0.346991,22.0707,0.190818,0.00015586,0.0836437,0.167287,0.0557625,0.0557625,0.0557625,0,0.0557625,0.0278812,0.139406,0.0557625,0.0278812,0,0,0.250931,0.22305,0.0557625,0,0.0278812,0,0,0,0,0,0,0,0,0,0,0,0,0,0,0,0,0,0
64557,64570,64564,24.3,-104.689,40.0717,30.6579,-49.9393,604.13,1.51401,0.447215,33.3617,0.223797,0.000249148,0.102645,0.179628,0.0513224,0.0769836,0.128306,0.102645,0.0513224,0.0256612,0.0513224,0.0769836,0,0.0513224,0.0769836,0.20529,0.179628,0.0513224,0.0256612,0,0.0513224,0.0256612,0,0,0,0,0,0,0,0,0,0,0,0,0,0,0,0
64571,64586,64578,24.2,-104.69,40.0722,31.145,-49.5894,602.362,1.49404,0.604859,56.1149,0.278321,0.000416547,0.203733,0.113185,0.0905478,0.0226369,0.0226369,0.113185,0.0452739,0.0226369,0.0226369,0.0226369,0.0226369,0.135822,0.0226369,0.249006,0.113185,0.0905478,0.0226369,0,0.0905478,0.0226369,0,0.0226369,0.0226369,0,0,0,0,0,0,0,0,0,0,0,0,0
64587,64601,64594,24.1,-104.691,40.073,31.6207,-49.77,599.276,1.37342,0.650012,64.1109,0.295891,0.000483821,0.0473594,0.142078,0.0947188,0.0710391,0.0710391,0.0473594,0,0,0.0710391,0.0710391,0.0947188,0,0,0.284156,0.0473594,0.0947188,0.0236797,0.0710391,0.0473594,0.0473594,0,0,0.0473594,0,0,0,0,0,0,0,0,0,0,0,0,0
64602,64617,64610,24,-104.693,40.0738,32.0458,-49.5808,597.499,1.72282,0.596028,46.2093,0.232586,0.000352755,0.148519,0.148519,0.0297038,0.0297038,0.0297038,0.178223,0.0594076,0.148519,0.0297038,0.0594076,0.0297038,0.0297038,0,0.297038,0.297038,0.0891113,0,0.0297038,0.0297038,0.0594076,0,0,0,0,0,0,0,0,0,0,0,0,0,0,0,0
64619,64633,64626,23.9,-104.695,40.0744,32.5707,-49.2357,595.646,1.3252,0.472168,37.1651,0.236134,0.000297864,0.0764538,0.127423,0.0509692,0.0764538,0.101938,0.0509692,0.0764538,0.0254846,0.0764538,0,0.0254846,0.0254846,0.0509692,0.178392,0.152908,0.0509692,0.0764538,0.0764538,0.0254846,0,0,0,0,0,0,0,0,0,0,0,0,0,0,0,0,0
64634,64649,64642,23.8,-104.696,40.0745,33.0688,-49.4144,592.6,2.06104,0.633596,49.5564,0.234644,0.000353471,0.241186,0.065778,0.153482,0.10963,0.065778,0.175408,0.153482,0.10963,0.043852,0.087704,0,0.043852,0.021926,0.285038,0.285038,0.131556,0,0.021926,0.021926,0,0.021926,0,0.021926,0,0,0,0,0,0,0,0,0,0,0,0,0
64650,64664,64657,23.7,-104.697,40.0745,33.5638,-49.6977,589.336,1.87558,0.66046,53.8993,0.244826,0.000420898,0.160764,0.080382,0.187558,0.053588,0.13397,0.13397,0.053588,0.053588,0.026794,0.053588,0.053588,0.026794,0,0.455498,0.080382,0.13397,0,0.026794,0.13397,0.026794,0,0,0,0,0,0,0,0,0,0,0,0,0,0,0,0
64665,64679,64672,23.6,-104.698,40.0745,34.0487,-49.8407,586.558,1.77754,0.569951,44.8964,0.236317,0.000329874,0.13851,0.115425,0.161595,0.0692548,0.115425,0.0923398,0.0461699,0.0923398,0.0692548,0,0.0923398,0.0461699,0.0692548,0.230849,0.18468,0.18468,0,0,0.0230849,0,0.0230849,0.0230849,0,0,0,0,0,0,0,0,0,0,0,0,0,0
64680,64695,64688,23.5,-104.699,40.0747,34.565,-49.3775,585.248,2.18945,0.784268,65.3374,0.24993,0.000495649,0.238455,0.260133,0.130067,0.086711,0.0650333,0.0650333,0.086711,0.086711,0.0433555,0.0433555,0.0216778,0.0216778,0.0433555,0.411877,0.260133,0.151744,0.0216778,0.0216778,0.0216778,0.0650333,0.0216778,0.0216778,0,0,0,0,0,0,0,0,0,0,0,0,0,0
64696,64710,64703,23.4,-104.7,40.0747,35.1107,-49.382,582.625,2.11383,0.629041,46.6263,0.222369,0.000360213,0.250023,0.181835,0.113647,0.181835,0.113647,0.0454588,0.0909176,0.136376,0.0454588,0.0909176,0.0227294,0.0454588,0.0454588,0.272753,0.159106,0.181835,0.0454588,0.0227294,0.0681882,0,0,0,0,0,0,0,0,0,0,0,0,0,0,0,0,0
64711,64725,64718,23.3,-104.701,40.0746,35.6173,-50.3893,577.631,1.72946,0.487538,36.1459,0.222419,0.000274793,0.204805,0.159293,0.182049,0.113781,0.113781,0.0910244,0.0682683,0.0682683,0.0682683,0.0455122,0.0682683,0,0,0.113781,0.273073,0.0227561,0.0455122,0.0227561,0.0682683,0,0,0,0,0,0,0,0,0,0,0,0,0,0,0,0,0
64726,64741,64734,23.2,-104.701,40.0747,36.1694,-51.695,571.727,2.09651,0.648355,50.3302,0.232882,0.000381633,0.171144,0.256715,0.0641789,0.149751,0.128358,0.0641789,0.128358,0.0641789,0.0855718,0.0427859,0.021393,0.0427859,0.0427859,0.406466,0.192537,0.0427859,0.0427859,0.0641789,0.0427859,0.021393,0.021393,0,0,0,0,0,0,0,0,0,0,0,0,0,0,0
64742,64756,64749,23.1,-104.702,40.0749,36.718,-52.1327,568.148,2.04955,0.65633,47.4132,0.21672,0.000364456,0.112613,0.0900903,0.135135,0.112613,0.135135,0.0675677,0.0900903,0.0450451,0.0225226,0.112613,0.112613,0.0450451,0.0675677,0.405406,0.225226,0.0675677,0.112613,0.0900903,0,0,0,0,0,0,0,0,0,0,0,0,0,0,0,0,0,0
64758,64773,64766,23,-104.702,40.0749,37.3121,-52.1507,565.501,2.27379,0.67191,50.7126,0.226426,0.000367263,0.143608,0.119673,0.119673,0.143608,0.167542,0.0718038,0.119673,0.191477,0.0478692,0.167542,0.0478692,0.0239346,0.0478692,0.430823,0.167542,0.143608,0.0239346,0.0478692,0,0,0.0239346,0.0239346,0,0,0,0,0,0,0,0,0,0,0,0,0,0
64774,64789,64782,22.9,-104.701,40.075,37.852,-52.082,563.361,2.271,0.730848,54.3792,0.223217,0.000402959,0.15434,0.0661455,0.132291,0.198437,0.132291,0.0661455,0.0661455,0.0881941,0.132291,0.0661455,0.044097,0.044097,0.044097,0.485067,0.286631,0.132291,0.0220485,0,0.0881941,0,0.0220485,0,0,0,0,0,0,0,0,0,0,0,0,0,0,0
64790,64806,64798,22.8,-104.701,40.0752,38.4294,-51.6982,561.902,2.05918,0.691794,54.4546,0.236145,0.000412879,0.116557,0.194262,0.0971312,0.15541,0.0777049,0.0971312,0.0388525,0.0582787,0.0582787,0.116557,0.0582787,0.0388525,0.0194262,0.485656,0.135984,0.135984,0.0388525,0.0582787,0.0388525,0.0194262,0,0.0194262,0,0,0,0,0,0,0,0,0,0,0,0,0,0
64807,64823,64815,22.7,-104.701,40.0754,39.0282,-51.9171,558.874,2.01612,0.585065,43.6673,0.22391,0.000321113,0.230414,0.153609,0.134408,0.0768045,0.0768045,0.17281,0.0768045,0.0576034,0.0768045,0.0384023,0.115207,0.0576034,0,0.34562,0.17281,0.115207,0.0192011,0.0384023,0.0384023,0,0,0.0192011,0,0,0,0,0,0,0,0,0,0,0,0,0,0
64824,64841,64832,22.6,-104.701,40.0758,39.6167,-52.0933,556.044,2.23941,0.618463,44.4473,0.215602,0.000311741,0.179153,0.179153,0.107492,0.161238,0.214983,0.0895764,0.0358306,0.0537458,0.107492,0.0895764,0.0537458,0.0179153,0.0537458,0.501628,0.214983,0.0716611,0.0358306,0.0179153,0.0179153,0,0.0179153,0.0179153,0,0,0,0,0,0,0,0,0,0,0,0,0,0
64842,64859,64850,22.5,-104.702,40.0763,40.2206,-52.5778,552.435,1.85659,0.532741,35.4404,0.199574,0.000256272,0.108151,0.144201,0.126176,0.126176,0.0180251,0.108151,0.0901257,0.108151,0.0360503,0.0540754,0.0901257,0,0.0180251,0.378528,0.288402,0.0901257,0.0360503,0.0180251,0.0180251,0,0,0,0,0,0,0,0,0,0,0,0,0,0,0,0,0
64860,64877,64868,22.4,-104.704,40.0766,40.8417,-52.985,549.005,2.2039,0.644111,44.7899,0.208613,0.000333857,0.197096,0.125425,0.107507,0.125425,0.0895892,0.125425,0.143343,0.0537535,0.107507,0.0895892,0.0537535,0.0537535,0.0537535,0.358357,0.268768,0.143343,0.0358357,0.0358357,0.0358357,0,0,0,0,0,0,0,0,0,0,0,0,0,0,0,0,0
64878,64895,64886,22.3,-104.705,40.0765,41.4461,-52.8283,547.094,1.99247,0.600823,44.6291,0.22284,0.000319286,0.142319,0.106739,0.124529,0.177899,0.177899,0.0711596,0.0355798,0.0711596,0.0533697,0.0711596,0.0177899,0.0355798,0.0533697,0.426958,0.195689,0.142319,0.0355798,0.0177899,0,0.0177899,0,0,0.0177899,0,0,0,0,0,0,0,0,0,0,0,0,0
64896,64914,64905,22.2,-104.706,40.0761,42.1287,-52.8738,544.438,2.0375,0.705533,53.2309,0.226343,0.000406893,0.138471,0.0593448,0.0791264,0.138471,0.0791264,0.0791264,0.0593448,0.11869,0.0395632,0.0593448,0.11869,0.0791264,0.0593448,0.356069,0.257161,0.178034,0.0395632,0.0395632,0.0395632,0,0.0197816,0,0,0,0,0,0,0,0,0,0,0,0,0,0,0
64915,64932,64924,22.1,-104.707,40.0755,42.7829,-52.3494,543.338,2.62204,0.770039,58.1567,0.226573,0.000379748,0.240046,0.166185,0.129255,0.18465,0.18465,0.0923252,0.0923252,0.0553951,0.0369301,0.11079,0.0738602,0.0923252,0.0923252,0.517021,0.332371,0.11079,0.0369301,0,0.0553951,0,0,0,0,0,0.018465,0,0,0,0,0,0,0,0,0,0,0
64933,64949,64941,22,-104.707,40.075,43.4124,-52.1153,541.644,2.28106,0.763212,56.0398,0.220279,0.000428097,0.111271,0.185452,0.0370903,0.0927258,0.111271,0.0741807,0.203997,0.0741807,0.111271,0.0556355,0.0556355,0.0370903,0.0185452,0.53781,0.222542,0.185452,0.0927258,0.0185452,0.0370903,0.0185452,0,0,0,0,0,0,0,0,0,0,0,0,0,0,0,0
64950,64966,64958,21.9,-104.707,40.0746,44.0933,-52.6647,537.902,2.26759,0.701547,49.0369,0.209695,0.000359177,0.209962,0.0839848,0.125977,0.104981,0.0839848,0.0839848,0.0839848,0.0209962,0.0629886,0.0629886,0.125977,0,0.0839848,0.650882,0.209962,0.16797,0.0419924,0.0419924,0,0,0.0209962,0,0,0,0,0,0,0,0,0,0,0,0,0,0,0
64967,64983,64975,21.8,-104.707,40.0743,44.7471,-52.7865,535.351,2.2397,0.615304,42.5061,0.207244,0.000306992,0.0728358,0.0728358,0.16388,0.182089,0.145672,0.127463,0.16388,0.109254,0.145672,0.0182089,0.0364179,0.0364179,0.0546268,0.564477,0.109254,0.127463,0.0364179,0.0364179,0.0182089,0,0.0182089,0,0,0,0,0,0,0,0,0,0,0,0,0,0,0
64984,65000,64992,21.7,-104.707,40.0743,45.4424,-52.9488,532.609,2.15424,0.540767,33.6394,0.186621,0.000230798,0.144823,0.144823,0.25344,0.199131,0.12672,0.0362057,0.0905143,0.0181029,0.108617,0.0362057,0.0543086,0,0.0543086,0.470674,0.289646,0.0724114,0.0362057,0,0.0181029,0,0,0,0,0,0,0,0,0,0,0,0,0,0,0,0,0
65001,65016,65008,21.6,-104.707,40.0746,46.1275,-53.4469,529.134,2.16068,0.727499,52.8526,0.217949,0.0004083,0.0956053,0.114726,0.133847,0.191211,0.114726,0.0764842,0.114726,0.0573632,0.0956053,0.0191211,0.0191211,0.0191211,0.114726,0.344179,0.286816,0.267695,0.0191211,0.0382421,0.0382421,0,0,0,0,0,0,0,0,0,0,0,0,0,0,0,0,0
65017,65033,65025,21.5,-104.708,40.0753,46.8318,-52.8547,528.266,2.59761,0.787779,64.9872,0.247482,0.000419352,0.28467,0.231294,0.124543,0.106751,0.19571,0.124543,0.142335,0.0533756,0.0711674,0.106751,0.0355837,0.0533756,0.0889593,0.444796,0.28467,0.0889593,0.0533756,0.0355837,0.0355837,0,0,0.0177919,0,0,0,0.0177919,0,0,0,0,0,0,0,0,0,0
65034,65050,65042,21.4,-104.708,40.0759,47.5569,-53.1844,525.169,2.70076,0.832724,62.0314,0.223476,0.000452824,0.34235,0.133136,0.190194,0.171175,0.114117,0.114117,0.0570583,0.114117,0.0760777,0.0570583,0.0760777,0.0190194,0.0760777,0.513525,0.34235,0.133136,0.0760777,0.0380389,0.0380389,0,0,0,0.0190194,0,0,0,0,0,0,0,0,0,0,0,0,0
65051,65067,65059,21.3,-104.707,40.0765,48.3188,-53.6788,521.608,2.48883,0.81263,75.4021,0.278363,0.000444797,0.207402,0.113128,0.245112,0.207402,0.131983,0.113128,0.131983,0.113128,0.150838,0.0188547,0.113128,0.0188547,0.0377095,0.39595,0.188547,0.131983,0.0565642,0.0188547,0.0377095,0,0.0188547,0,0,0.0188547,0,0,0.0188547,0,0,0,0,0,0,0,0,0
65068,65084,65076,21.2,-104.707,40.0768,49.0518,-52.6841,521.729,2.65369,0.941668,79.6886,0.253875,0.000601589,0.210889,0.263612,0.193315,0.210889,0.0702964,0.0878705,0.0527223,0.0878705,0.140593,0.0702964,0.0351482,0.0878705,0.0527223,0.456927,0.175741,0.175741,0.105445,0.0702964,0.0351482,0.0175741,0,0.0351482,0.0175741,0,0,0,0,0,0,0,0,0,0,0,0,0
