api/src/app/data/B2SAP/Locations/Boulder/NOAA-POPS-B2SAP_GMLBalloon_20240105_R0.ict
82,1001
Thornberry, T. D.
NOAA Chemical Sciences Laboratory
Portable Optical Particle Spectrometer (POPS)
Balloon Baseline Stratospheric Aerosol Profiles (B2SAP)
1,1
2024,01,05,2024,05,28
0
TIME_START,s,Seconds since midnight UTC on flight start day,Start time of 100 m altitude bin in UTC_seconds_since_midnight
49
1.0,1.0,1.0,1.0,1.0,1.0,1.0,1.0,1.0,1.0,1.0,1.0,1.0,1.0,1.0,1.0,1.0,1.0,1.0,1.0,1.0,1.0,1.0,1.0,1.0,1.0,1.0,1.0,1.0,1.0,1.0,1.0,1.0,1.0,1.0,1.0,1.0,1.0,1.0,1.0,1.0,1.0,1.0,1.0,1.0,1.0,1.0,1.0,1.0
99999,99999,99999,99999,99999,99999,99999,99999,99999,99999,99999,99999,99999,99999,99999,99999,99999,99999,99999,99999,99999,99999,99999,99999,99999,99999,99999,99999,99999,99999,99999,99999,99999,99999,99999,99999,99999,99999,99999,99999,99999,99999,99999,99999,99999,99999,99999,99999,99999
TIME_STOP,s,End time of 100 m altitude bin in UTC seconds since midnight,
TIME_MID,s,Mid time of 100 m altitude in UTC seconds since midnight,
GPSAlt,km,GPS reported altitude above sea level (km),
GPS_Lon,deg,GPS reported longitude,
GPS_Lat,deg,GPS reported latitude,
iMet_Pressure,hPa,Pressure reported (hPa),
iMet_Temperature,degrees C,Ambient temperature (oC),
THETA,K,Potential temperature from iMet,
Aerosol_concentration,cm^-3,Aerosol concentration,
Surface_Area_Conc,um^2 cm^-3,Surface area concentration,
Volume_density,um^3 cm^-3,Volume density,
Effective_radius,um,Effective radius,
Extinction,km^-1,Extinction,
Bin01,cm^-3,particle concentration in size range [140 - 146.14 nm],
Bin02,cm^-3,particle concentration in size range [146.14 - 152.56 nm],
Bin03,cm^-3,particle concentration in size range [152.56 - 159.25 nm],
Bin04,cm^-3,particle concentration in size range [159.25 - 166.24 nm],
Bin05,cm^-3,particle concentration in size range [166.24 - 173.54 nm],
Bin06,cm^-3,particle concentration in size range [173.54 - 181.16 nm],
Bin07,cm^-3,particle concentration in size range [181.16 - 189.11 nm],
Bin08,cm^-3,particle concentration in size range [189.11 - 197.41 nm],
Bin09,cm^-3,particle concentration in size range [197.41 - 206.07 nm],
Bin10,cm^-3,particle concentration in size range [206.07 - 215.12 nm],
Bin11,cm^-3,particle concentration in size range [215.12 - 224.56 nm],
Bin12,cm^-3,particle concentration in size range [224.56 - 234.41 nm],
Bin13,cm^-3,particle concentration in size range [234.41 - 244.70 nm],
Bin14,cm^-3,particle concentration in size range [244.70 - 361.30 nm],
Bin15,cm^-3,particle concentration in size range [361.30 - 472.80 nm],
Bin16,cm^-3,particle concentration in size range [472.80 - 567.00 nm],
Bin17,cm^-3,particle concentration in size range [567.00 - 610.66 nm],
Bin18,cm^-3,particle concentration in size range [610.66 - 657.69 nm],
Bin19,cm^-3,particle concentration in size range [657.69 - 708.33 nm],
Bin20,cm^-3,particle concentration in size range [708.33 - 762.88 nm],
Bin21,cm^-3,particle concentration in size range [762.88 - 821.62 nm],
Bin22,cm^-3,particle concentration in size range [821.62 - 884.89 nm],
Bin23,cm^-3,particle concentration in size range [884.89 - 953.03 nm],
Bin24,cm^-3,particle concentration in size range [953.03 - 1026.42 nm],
Bin25,cm^-3,particle concentration in size range [1026.42 - 1105.46 nm],
Bin26,cm^-3,particle concentration in size range [1105.46 - 1190.59 nm]],
[...]
LOCATION: Boulder, CO, USA
ASSOCIATED_DATA: N/A
INSTRUMENT_INFO: Printed Optical Particle Spectrometer counts particles from 140 - 2500 nm in diameter 
DATA_INFO: Particle concentrations reported in number per cubic centimeter, binned to 100 m altitude
UNCERTAINTY: Counting uncertainty dominated by air flow, less than 5 percent
ULOD_FLAG: -77777
ULOD_VALUE: 3000 ~3000 per cm3 (varies depending on flow rate- manufacturer quotes 1250  per cm3 at 1.667 cc/s)
LLOD_FLAG: -88888
LLOD_VALUE: 0 0 (varies depending on data field and measurement precision)
DM_CONTACT_INFO: Troy Thornberry, 325 Broadway R/CSL6, Boulder, CO 80305; troy.thornberry@noaa.gov; 303-497-3373
PROJECT_INFO: B2SAP Boulder, CO, USA
STIPULATIONS_ON_USE: Please contact the PIs for questions regarding applications and uncertainties
OTHER_COMMENTS: POPS bin Edges (nm):  140, 146.14, 152.56, 159.25, 166.24, 173.54, 181.16, 189.11, 197.41, 206.07, 215.12, 224.56, 234.41, 244.70, 361.30, 472.80, 567.00, 610.66, 657.69, 708.33, 762.88, 821.62, 884.89, 953.03, 1026.42, 1105.46, 1190.59, 1282.27, 1381.01, 1487.36, 1601.89, 1725.25, 1858.10, 2001.18, 2155.28, 2321.25, 2500
Calculations assume sulfate refractive index of 1.45+0.00j and extinction wavelength = 532 nm
REVISION: R0
R0: QA/QC data
TIME_START,TIME_STOP,TIME_MID,GPSAlt,GPS_Lon,GPS_Lat,iMet_Pressure,iMet_Temperature,THETA,Aerosol_concentration,Surface_Area_Conc,Volume_density,Effective_radius,Extinction,Bin01,Bin02,Bin03,Bin04,Bin05,Bin06,Bin07,Bin08,Bin09,Bin10,Bin11,Bin12,Bin13,Bin14,Bin15,Bin16,Bin17,Bin18,Bin19,Bin20,Bin21,Bin22,Bin23,Bin24,Bin25,Bin26,Bin27,Bin28,Bin29,Bin30,Bin31,Bin32,Bin33,Bin34,Bin35,Bin36
[from data line 211]
71774,71791,71782,22.6,-104.545,39.8329,36.2167,-59.4325,551.544,2.07998,0.536748,34.7744,0.194362,0.000248647,0.0611759,0.244704,0.163136,0.0815679,0.142744,0.122352,0.0611759,0.0815679,0.0611759,0.122352,0.122352,0.0611759,0,0.367056,0.183528,0.142744,0.040784,0,0.020392,0,0,0,0,0,0,0,0,0,0,0,0,0,0,0,0,0
71797,71819,71808,22.7,-104.543,39.8314,35.6108,-59.1233,555.013,2.37877,0.573315,36.3556,0.190239,0.000260671,0.203313,0.121988,0.121988,0.243976,0.121988,0.182982,0.121988,0.142319,0.0813253,0.142319,0.0406627,0.0203313,0.0813253,0.365964,0.142319,0.182982,0.0406627,0.0203313,0,0,0,0,0,0,0,0,0,0,0,0,0,0,0,0,0,0
71819,71840,71830,22.8,-104.541,39.8303,35.1327,-59.13,557.145,2.05212,0.449685,26.1293,0.174318,0.000172613,0.0814332,0.2443,0.179153,0.130293,0.0651465,0.130293,0.114006,0.162866,0.0488599,0.0651465,0.0814332,0.0651465,0.0488599,0.325733,0.19544,0.0814332,0.0325733,0,0,0,0,0,0,0,0,0,0,0,0,0,0,0,0,0,0,0
71843,71864,71854,22.9,-104.54,39.8296,34.5585,-59.1808,559.64,2.1601,0.437955,27.5546,0.18875,0.000195756,0.112701,0.244185,0.319319,0.0939175,0.262969,0.169051,0.0563505,0.187835,0.0563505,0.075134,0.0187835,0.0187835,0.0939175,0.225402,0.037567,0.131484,0,0.037567,0.0187835,0,0,0,0,0,0,0,0,0,0,0,0,0,0,0,0,0
71868,71890,71879,23,-104.539,39.8295,33.9692,-58.6183,563.873,2.30879,0.554027,34.6923,0.187855,0.000241678,0.16202,0.202525,0.182273,0.0607576,0.182273,0.141768,0.202525,0.0810101,0.121515,0.0810101,0.040505,0.040505,0.040505,0.344293,0.263283,0.121515,0,0.0202525,0.0202525,0,0,0,0,0,0,0,0,0,0,0,0,0,0,0,0,0
71890,71909,71900,23.1,-104.538,39.8294,33.5285,-58.9177,565.192,2.11155,0.600385,41.0074,0.204906,0.000305299,0.074745,0.14949,0.205549,0.130804,0.112117,0.130804,0.0560587,0.14949,0.0373725,0.074745,0.074745,0.074745,0.0186862,0.355039,0.205549,0.168176,0.0560587,0.0186862,0.0186862,0,0,0,0,0,0,0,0,0,0,0,0,0,0,0,0,0
71913,71931,71922,23.2,-104.538,39.8292,32.9007,-59.355,567.088,2.39643,0.662515,45.4976,0.206022,0.00034454,0.122445,0.192414,0.279875,0.174922,0.0874611,0.192414,0.0699689,0.0699689,0.0699689,0.104953,0.0699689,0.0174922,0.0874611,0.367336,0.15743,0.209907,0.0874611,0.0349844,0,0,0,0,0,0,0,0,0,0,0,0,0,0,0,0,0,0
71932,71948,71940,23.3,-104.537,39.8291,32.4543,-59.8757,567.923,2.11027,0.564376,40.4567,0.215052,0.000297187,0.140684,0.211027,0.211027,0.0703422,0.351711,0.0703422,0.105513,0.0703422,0.0351711,0.0351711,0.0703422,0.0351711,0,0.281369,0.175856,0.175856,0.0351711,0,0,0,0.0351711,0,0,0,0,0,0,0,0,0,0,0,0,0,0,0
71954,71972,71963,23.4,-104.537,39.8289,31.9294,-60.2869,569.478,2.12881,0.518154,33.6114,0.194603,0.000242603,0.153152,0.183782,0.183782,0.214412,0.168467,0.122521,0.0765758,0.0765758,0.0306303,0.107206,0.0459455,0.0765758,0.0612607,0.214412,0.199097,0.183782,0.0153152,0,0,0.0153152,0,0,0,0,0,0,0,0,0,0,0,0,0,0,0,0
71973,71994,71984,23.5,-104.536,39.8288,31.4705,-60.1453,572.218,2.59618,0.721829,48.7387,0.202563,0.000358613,0.206661,0.180829,0.206661,0.167912,0.219578,0.0904143,0.0645817,0.077498,0.129163,0.0645817,0.077498,0.0258327,0.077498,0.400406,0.348741,0.14208,0.077498,0.0258327,0,0.0129163,0,0,0,0,0,0,0,0,0,0,0,0,0,0,0,0
71996,72019,72008,23.6,-104.534,39.8284,30.966,-59.8207,575.74,2.25038,0.50151,31.2916,0.187184,0.000217317,0.146764,0.293528,0.195685,0.179378,0.179378,0.11415,0.0815356,0.130457,0.0815356,0.0652285,0.0652285,0.0326142,0.0163071,0.326142,0.179378,0.11415,0.0326142,0,0,0.0163071,0,0,0,0,0,0,0,0,0,0,0,0,0,0,0,0
72024,72040,72032,23.7,-104.533,39.8277,30.423,-59.606,579.24,1.87377,0.499611,34.2611,0.205727,0.00025007,0.0730041,0.194678,0.146008,0.0973388,0.0243347,0.121674,0.0973388,0.0973388,0.0973388,0.0730041,0.0973388,0.121674,0.0243347,0.267682,0.146008,0.0973388,0.0486694,0,0.0486694,0,0,0,0,0,0,0,0,0,0,0,0,0,0,0,0,0
72047,72062,72054,23.8,-104.532,39.8267,29.9213,-59.9375,581.096,2.1195,0.501048,30.4398,0.182257,0.00020992,0.245739,0.184304,0.122869,0.0614347,0.0614347,0.122869,0.215021,0.0307173,0.122869,0.092152,0.092152,0.0614347,0,0.307173,0.245739,0.122869,0.0307173,0,0,0,0,0,0,0,0,0,0,0,0,0,0,0,0,0,0,0
72064,72082,72073,23.9,-104.532,39.8259,29.5645,-59.9645,583.017,2.34315,0.701463,48.361,0.206829,0.000370309,0.111579,0.111579,0.223157,0.133894,0.200841,0.178526,0.111579,0.0669472,0.0669472,0.0892629,0.0892629,0.0223157,0.0223157,0.267789,0.267789,0.334736,0.0223157,0.0223157,0,0,0,0,0,0,0,0,0,0,0,0,0,0,0,0,0,0
72086,72105,72096,24,-104.532,39.8252,29.092,-59.951,585.744,1.95184,0.554022,37.583,0.20351,0.000281042,0.146388,0.195184,0.097592,0.146388,0.024398,0.146388,0.097592,0.097592,0.048796,0.12199,0,0.024398,0.048796,0.268378,0.268378,0.146388,0.024398,0.048796,0,0,0,0,0,0,0,0,0,0,0,0,0,0,0,0,0,0
72107,72130,72118,24.1,-104.531,39.8244,28.66,-59.8943,588.411,2.19754,0.652178,44.5064,0.204728,0.000331445,0.152138,0.135233,0.185946,0.135233,0.169042,0.0507125,0.0845209,0.0676167,0.0845209,0.0845209,0.0507125,0.0169042,0.0338084,0.354988,0.338084,0.185946,0.0169042,0.0338084,0.0169042,0,0,0,0,0,0,0,0,0,0,0,0,0,0,0,0,0
72132,72153,72142,24.2,-104.53,39.8231,28.1708,-59.3669,592.774,1.97897,0.496108,31.555,0.190815,0.000222016,0.143925,0.143925,0.107944,0.161916,0.125934,0.0899531,0.0179906,0.125934,0.107944,0.0539719,0.0719625,0.107944,0.0539719,0.28785,0.215888,0.107944,0.0359813,0,0.0179906,0,0,0,0,0,0,0,0,0,0,0,0,0,0,0,0,0
72155,72175,72165,24.3,-104.529,39.8219,27.752,-59.179,595.839,1.91392,0.682508,48.8833,0.214869,0.000379809,0.0945148,0.0472574,0.141772,0.0472574,0.0472574,0.0945148,0.0708861,0.0945148,0.118143,0.0472574,0.0472574,0.0708861,0.0236287,0.330802,0.259916,0.283544,0.0945148,0,0,0,0,0,0,0,0,0,0,0,0,0,0,0,0,0,0,0
72180,72198,72189,24.4,-104.528,39.8208,27.3208,-59.1917,598.476,1.90052,0.501425,32.3306,0.193433,0.000234687,0.118783,0.197971,0.158377,0.197971,0.0791885,0.0593913,0.0593913,0.0395942,0.0791885,0.0989856,0.0197971,0,0.0791885,0.27716,0.237565,0.178174,0,0.0197971,0,0,0,0,0,0,0,0,0,0,0,0,0,0,0,0,0,0
72203,72220,72212,24.5,-104.528,39.8197,26.8744,-59.04,601.725,1.44122,0.347471,20.6547,0.178328,0.00013959,0.0533787,0.186825,0.080068,0.0266893,0.133447,0.080068,0.0266893,0.0266893,0.106757,0.0533787,0,0.0533787,0.106757,0.240204,0.160136,0.106757,0,0,0,0,0,0,0,0,0,0,0,0,0,0,0,0,0,0,0,0
72223,72242,72232,24.6,-104.528,39.8183,26.4913,-58.404,605.996,1.62758,0.378873,22.2114,0.175875,0.000146826,0.0483441,0.225606,0.0644588,0.0966881,0.0805734,0.0966881,0.128918,0.0483441,0.0805734,0.0322294,0.0161147,0.0483441,0.0644588,0.322294,0.193376,0.0644588,0,0.0161147,0,0,0,0,0,0,0,0,0,0,0,0,0,0,0,0,0,0
72248,72264,72256,24.7,-104.529,39.8171,26.0665,-58.0065,609.928,1.84603,0.411291,22.6639,0.165313,0.000140563,0.0576885,0.144221,0.129799,0.0865328,0.115377,0.129799,0.129799,0.129799,0.0576885,0.0721107,0,0.0576885,0.0288443,0.418242,0.230754,0.0576885,0,0,0,0,0,0,0,0,0,0,0,0,0,0,0,0,0,0,0,0
72271,72286,72278,24.8,-104.529,39.8162,25.6109,-57.8027,613.584,1.57904,0.364867,21.0916,0.173419,0.000138353,0.0676732,0.225577,0.135346,0.090231,0.0451155,0.0676732,0.090231,0.0451155,0.0676732,0.0676732,0.0451155,0.0451155,0.0225577,0.248135,0.248135,0.0676732,0,0,0,0,0,0,0,0,0,0,0,0,0,0,0,0,0,0,0,0
72288,72305,72296,24.9,-104.53,39.8153,25.2567,-57.8258,615.966,1.50629,0.332973,18.3768,0.16557,0.000114224,0.146445,0.0836829,0.0627621,0.0836829,0.0836829,0.125524,0.104604,0.0418414,0.0418414,0.0418414,0.0418414,0.0627621,0.0418414,0.29289,0.209207,0.0418414,0,0,0,0,0,0,0,0,0,0,0,0,0,0,0,0,0,0,0,0
72313,72327,72320,25,-104.53,39.8139,24.824,-57.72,619.322,1.2477,0.354503,23.8087,0.201482,0.000177115,0.0509267,0.15278,0.101853,0.0509267,0.0509267,0.0763901,0.101853,0.0509267,0.0254634,0,0.0509267,0.0254634,0,0.203707,0.15278,0.101853,0.0509267,0,0,0,0,0,0,0,0,0,0,0,0,0,0,0,0,0,0,0
72329,72349,72339,25.1,-104.531,39.8127,24.5222,-57.5833,621.888,1.79603,0.524084,34.2356,0.195974,0.000249542,0.0570169,0.199559,0.0855254,0.0855254,0.0570169,0.114034,0.0570169,0.0570169,0.0570169,0.0285085,0.114034,0,0.0570169,0.399118,0.199559,0.199559,0.0285085,0,0,0,0,0,0,0,0,0,0,0,0,0,0,0,0,0,0,0
72353,72372,72362,25.2,-104.532,39.811,24.1107,-57.5267,625.062,1.52724,0.347903,19.8005,0.170741,0.000126102,0.13884,0.0520648,0.0867747,0.0867747,0.121485,0.0694198,0.0694198,0.0867747,0.0694198,0.0347099,0.0173549,0.0347099,0.0694198,0.364454,0.173549,0.0347099,0,0.0173549,0,0,0,0,0,0,0,0,0,0,0,0,0,0,0,0,0,0
72373,72392,72382,25.3,-104.533,39.8101,23.76,-57.1923,628.658,1.40165,0.310267,16.9106,0.16351,0.000103338,0.0406276,0.121883,0.142197,0.0406276,0.0812552,0.0812552,0.0812552,0.0406276,0.0609414,0.0203138,0.101569,0.0203138,0.0203138,0.345335,0.16251,0.0406276,0,0,0,0,0,0,0,0,0,0,0,0,0,0,0,0,0,0,0,0
72395,72416,72406,25.4,-104.534,39.8094,23.4078,-56.0056,634.818,1.62671,0.347235,18.8164,0.162567,0.000115105,0.059153,0.059153,0.177459,0.147883,0.118306,0,0.118306,0.0887295,0.059153,0.177459,0,0,0.0295765,0.384495,0.147883,0.059153,0,0,0,0,0,0,0,0,0,0,0,0,0,0,0,0,0,0,0,0
72416,72437,72426,25.5,-104.535,39.8088,23.0283,-55.0892,640.485,1.34199,0.301173,16.7713,0.16706,0.000105257,0.111832,0.0670995,0.111832,0.089466,0.089466,0,0.111832,0.0223665,0.044733,0.0670995,0.0670995,0,0.0670995,0.268398,0.178932,0.044733,0,0,0,0,0,0,0,0,0,0,0,0,0,0,0,0,0,0,0,0
72439,72458,72448,25.6,-104.536,39.8088,22.6911,-54.8767,643.808,1.51965,0.33376,18.4458,0.1658,0.00011452,0.151965,0.182357,0.0607858,0.182357,0.121572,0.0303929,0,0.0303929,0.0911787,0.0607858,0.0303929,0.0303929,0,0.21275,0.334322,0,0,0,0,0,0,0,0,0,0,0,0,0,0,0,0,0,0,0,0,0
72458,72479,72468,25.7,-104.537,39.8092,22.346,-55.366,645.185,1.15252,0.273534,15.2077,0.166791,9.41901e-05,0.018589,0.055767,0.130123,0.018589,0.148712,0.055767,0.018589,0.055767,0.037178,0.037178,0.055767,0.018589,0,0.278835,0.204479,0.018589,0,0,0,0,0,0,0,0,0,0,0,0,0,0,0,0,0,0,0,0
72480,72501,72490,25.8,-104.537,39.8098,21.9677,-55.3877,648.28,1.3068,0.290403,16.0446,0.165749,9.94797e-05,0.2178,0.0653399,0.1089,0.0653399,0.02178,0.0653399,0.02178,0,0.1089,0.02178,0.0653399,0.02178,0.02178,0.26136,0.2178,0.02178,0,0,0,0,0,0,0,0,0,0,0,0,0,0,0,0,0,0,0,0
72506,72522,72514,25.9,-104.538,39.8105,21.6245,-55.3627,651.27,1.16811,0.219204,11.0276,0.150923,6.20368e-05,0.103832,0.0259581,0.103832,0.0519161,0.12979,0.0259581,0.0519161,0.155748,0.0778742,0,0,0.0259581,0.0778742,0.233623,0.0778742,0.0259581,0,0,0,0,0,0,0,0,0,0,0,0,0,0,0,0,0,0,0,0
72525,72544,72534,26,-104.538,39.8106,21.277,-55.53,653.796,1.45726,0.27879,14.4858,0.155878,8.53119e-05,0.204016,0.116581,0.0874355,0.0291452,0.116581,0.0582904,0.0582904,0.0291452,0.0582904,0.0582904,0.0874355,0.0874355,0.0291452,0.320597,0.0582904,0.0582904,0,0,0,0,0,0,0,0,0,0,0,0,0,0,0,0,0,0,0,0
72546,72570,72558,26.1,-104.538,39.81,20.9592,-55.305,657.289,1.32791,0.275955,15.2129,0.165385,9.5578e-05,0.221319,0.147546,0,0.0491819,0.0491819,0.0737729,0.122955,0.024591,0.0491819,0.0737729,0,0.0737729,0.024591,0.221319,0.147546,0.0491819,0,0,0,0,0,0,0,0,0,0,0,0,0,0,0,0,0,0,0,0
72566,72566,72566,26.2,-104.538,39.8099,20.82,-55.51,657.906,1.19526,0.485197,35.5905,0.220058,0.000283888,0,0,0.298815,0,0,0,0,0,0,0,0.298815,0,0,0,0.298815,0.298815,0,0,0,0,0,0,0,0,0,0,0,0,0,0,0,0,0,0,0,0
72571,72571,72571,26.1,-104.538,39.8097,21.03,-54.5,659.086,1.13801,0.138447,4.73381,0.102577,1.19841e-05,0,0,0.284503,0,0.284503,0,0,0,0,0.284503,0,0,0.284503,0,0,0,0,0,0,0,0,0,0,0,0,0,0,0,0,0,0,0,0,0,0,0
72573,72574,72574,26,-104.538,39.8097,21.39,-55.04,654.268,3.10356,0.521026,28.342,0.163189,0.000184133,0.282142,0.564284,0.282142,0.423213,0.141071,0.141071,0.282142,0.141071,0,0.423213,0,0,0,0,0.282142,0.141071,0,0,0,0,0,0,0,0,0,0,0,0,0,0,0,0,0,0,0,0
72576,72576,72576,25.9,-104.538,39.8097,21.44,-54.88,654.311,4.46295,0.568218,29.4858,0.155675,0.000194943,1.11574,1.39467,0.278934,0.557868,0.278934,0,0.278934,0,0,0.278934,0,0,0,0,0,0.278934,0,0,0,0,0,0,0,0,0,0,0,0,0,0,0,0,0,0,0,0
72580,72580,72580,25.8,-104.538,39.8098,21.95,-55.31,648.644,1.36831,0.318835,17.2452,0.162265,0.000103125,0,0,0,0.273662,0,0,0.273662,0,0,0.273662,0,0,0,0.273662,0.273662,0,0,0,0,0,0,0,0,0,0,0,0,0,0,0,0,0,0,0,0,0
72582,72582,72582,25.7,-104.538,39.8098,22.145,-54.775,648.606,1.09197,0.419245,27.6382,0.197771,0.000199202,0,0,0,0,0,0.136496,0,0,0,0,0,0.136496,0,0.409488,0.272992,0.136496,0,0,0,0,0,0,0,0,0,0,0,0,0,0,0,0,0,0,0,0
72584,72584,72584,25.6,-104.538,39.81,22.42,-54.78,646.319,1.91099,0.295774,12.2873,0.124628,4.97993e-05,0.272998,0,0.272998,0.272998,0,0,0,0.272998,0,0,0,0.272998,0,0.545996,0,0,0,0,0,0,0,0,0,0,0,0,0,0,0,0,0,0,0,0,0,0
72587,72587,72587,25.5,-104.539,39.81,22.9,-54.56,643.06,0.267158,0.0263985,0.780296,0.088675,1.35444e-06,0,0,0,0,0,0.267158,0,0,0,0,0,0,0,0,0,0,0,0,0,0,0,0,0,0,0,0,0,0,0,0,0,0,0,0,0,0
72589,72590,72590,25.4,-104.539,39.8101,23.2,-55.1,639.097,1.72021,0.508118,34.4325,0.203294,0.000261968,0,0.132324,0,0.396972,0.264648,0,0.132324,0,0,0,0.132324,0,0,0.132324,0.264648,0.264648,0,0,0,0,0,0,0,0,0,0,0,0,0,0,0,0,0,0,0,0
72592,72595,72594,25.3,-104.539,39.81,23.6367,-56.3333,632.101,2.35989,0.384403,19.3111,0.15071,0.000112827,0.174807,0.52442,0.0874034,0.26221,0.349614,0,0.0874034,0,0.0874034,0,0.174807,0,0.174807,0.26221,0.0874034,0.0874034,0,0,0,0,0,0,0,0,0,0,0,0,0,0,0,0,0,0,0,0
72596,72598,72597,25.2,-104.539,39.8099,23.9475,-56.92,628.034,2.00118,0.573261,36.1585,0.189225,0.000254986,0.0645542,0.129108,0.258217,0.129108,0.193663,0.129108,0,0,0,0,0,0.129108,0.0645542,0.258217,0.516434,0.129108,0,0,0,0,0,0,0,0,0,0,0,0,0,0,0,0,0,0,0,0
72601,72601,72601,25.1,-104.539,39.8097,24.53,-57.23,622.853,2.01943,0.494131,28.954,0.175787,0.00019176,0,0,0.252429,0.378644,0.126215,0,0,0.126215,0,0,0.126215,0.126215,0.126215,0.378644,0.252429,0.126215,0,0,0,0,0,0,0,0,0,0,0,0,0,0,0,0,0,0,0,0
72603,72603,72603,25,-104.539,39.8096,24.77,-57.11,621.455,1.99928,0.240154,8.78936,0.109797,2.92048e-05,0.24991,0.24991,0.24991,0.24991,0.24991,0,0.24991,0,0,0,0,0,0.24991,0.24991,0,0,0,0,0,0,0,0,0,0,0,0,0,0,0,0,0,0,0,0,0,0
72606,72607,72606,24.9,-104.54,39.8092,25.12,-57.435,618.054,2.72743,0.475373,24.8417,0.156772,0.000150178,0,0.743844,0.495896,0.247948,0,0.123974,0.123974,0.123974,0.123974,0.123974,0,0.123974,0,0,0.495896,0,0,0,0,0,0,0,0,0,0,0,0,0,0,0,0,0,0,0,0,0
72608,72608,72608,24.8,-104.54,39.8092,25.36,-57.57,615.989,0.724009,0.271086,16.1965,0.17924,0.000103541,0,0,0,0,0,0,0,0,0,0,0,0,0,0.482673,0.241336,0,0,0,0,0,0,0,0,0,0,0,0,0,0,0,0,0,0,0,0,0
72611,72613,72612,24.7,-104.54,39.809,25.815,-57.59,612.801,1.81018,0.32386,16.2867,0.150868,9.22457e-05,0.241357,0.241357,0.120679,0.120679,0.120679,0,0.241357,0,0.120679,0,0.120679,0,0,0.241357,0.241357,0,0,0,0,0,0,0,0,0,0,0,0,0,0,0,0,0,0,0,0,0
72617,72619,72618,24.5,-104.54,39.8089,26.605,-57.84,606.839,2.35632,0.40942,21.893,0.160419,0.000137678,0.471265,0.235632,0.235632,0,0.235632,0.117816,0.117816,0.117816,0.117816,0.117816,0,0,0.117816,0.235632,0.117816,0.117816,0,0,0,0,0,0,0,0,0,0,0,0,0,0,0,0,0,0,0,0
72622,72623,72622,24.4,-104.54,39.8087,27.1167,-58.4833,601.743,1.80347,0.385311,21.6703,0.168723,0.000139329,0.156823,0.0784116,0.156823,0.156823,0.0784116,0.0784116,0.0784116,0.0784116,0.0784116,0.0784116,0.156823,0.0784116,0.0784116,0.156823,0.235235,0.0784116,0,0,0,0,0,0,0,0,0,0,0,0,0,0,0,0,0,0,0,0
72625,72627,72626,24.3,-104.54,39.8085,27.535,-58.5,599.072,1.62291,0.55707,39.3561,0.211945,0.00030752,0.115922,0.115922,0.115922,0,0,0,0,0.231844,0.115922,0,0.231844,0,0,0.115922,0.231844,0.347766,0,0,0,0,0,0,0,0,0,0,0,0,0,0,0,0,0,0,0,0
72629,72630,72630,24.2,-104.54,39.8084,28.1,-58.48,595.663,1.5815,0.319674,16.478,0.154639,9.41698e-05,0.112964,0.225928,0,0.225928,0,0,0,0.112964,0.338892,0,0,0,0,0.338892,0.225928,0,0,0,0,0,0,0,0,0,0,0,0,0,0,0,0,0,0,0,0,0
72630,72633,72632,24.1,-104.54,39.8082,28.5367,-58.6867,592.482,2.71375,0.671346,39.9276,0.178422,0.000262733,0.075382,0,0.075382,0.075382,0.226146,0.150764,0.150764,0.226146,0.150764,0.301528,0,0.075382,0,0.904584,0.150764,0.075382,0,0.075382,0,0,0,0,0,0,0,0,0,0,0,0,0,0,0,0,0,0
