api/src/app/data/B2SAP/Locations/Boulder/NOAA-POPS-B2SAP_GMLBalloon_20200917_R0.ict
61,1001
Thornberry, T. D.
NOAA Chemical Sciences Laboratory
Portable Optical Particle Spectrometer (POPS)
Balloon Baseline Stratospheric Aerosol Profiles (B2SAP)
1,1
2020,09,17,2024,05,30
0
TIME_START,s,Seconds since midnight UTC on flight start day,Start time of 100 m altitude bin in UTC_seconds_since_midnight
28
1.0,1.0,1.0,1.0,1.0,1.0,1.0,1.0,1.0,1.0,1.0,1.0,1.0,1.0,1.0,1.0,1.0,1.0,1.0,1.0,1.0,1.0,1.0,1.0,1.0,1.0,1.0,1.0
99999,99999,99999,99999,99999,99999,99999,99999,99999,99999,99999,99999,99999,99999,99999,99999,99999,99999,99999,99999,99999,99999,99999,99999,99999,99999,99999,99999
TIME_STOP,s,End time of 100 m altitude bin in UTC seconds since midnight,
TIME_MID,s,Mid time of 100 m altitude in UTC seconds since midnight,
GPSAlt,m,GPS reported altitude above sea level (m),
GPS_Lon,deg,GPS reported longitude,
GPS_Lat,deg,GPS reported latitude,
iMet_Pressure,mb,Pressure reported (mB),
iMet_Temperature,degrees C,Ambient temperature (oC),
THETA,K,Potential temperature from iMet,
Aerosol_concentration,cm^-3,Aerosol concentration,
Surface_Area_Conc,um^2 cm^-3,Surface area concentration,
Volume_density,um^3 cm^-3,Volume density,
Effective_radius,um,Effective radius,
Extinction,km^-1,Extinction,
Bin01,cm^-3,particle concentration in size range [140 - 170 nm],
Bin02,cm^-3,particle concentration in size range [170 - 205 nm],
Bin03,cm^-3,particle concentration in size range [205 - 249 nm],
Bin04,cm^-3,particle concentration in size range [249 - 302 nm],
Bin05,cm^-3,particle concentration in size range [302 - 366 nm],
Bin06,cm^-3,particle concentration in size range [366 - 443 nm],
Bin07,cm^-3,particle concentration in size range [443 - 537 nm],
Bin08,cm^-3,particle concentration in size range [537 - 651 nm],
Bin09,cm^-3,particle concentration in size range [651 - 789 nm],
Bin10,cm^-3,particle concentration in size range [789 - 956 nm],
Bin11,cm^-3,particle concentration in size range [956 - 1159 nm],
Bin12,cm^-3,particle concentration in size range [1159 - 1404 nm],
Bin13,cm^-3,particle concentration in size range [1404 - 1702 nm],
Bin14,cm^-3,particle concentration in size range [1702 - 2062 nm],
Bin15,cm^-3,particle concentration in size range [2062 - 2500 nm],
0
19
PI_CONTACT_INFO: 325 Broadway R/CSL6, Boulder, CO 80305; troy.thornberry@noaa.gov; 303-497-3373 
PLATFORM: GML ECC/FPH balloon
LOCATION: Boulder, CO, USA
ASSOCIATED_DATA: N/A
INSTRUMENT_INFO: Printed Optical Particle Spectrometer counts particles from 140 - 2500 nm in diameter 
DATA_INFO: Particle concentrations reported in number per cubic centimeter, binned to 100 m altitude
UNCERTAINTY: Counting uncertainty dominated by air flow, less than 5 percent
ULOD_FLAG: -77777
ULOD_VALUE: 3000 ~3000 per cm3 (varies depending on flow rate- manufacturer quotes 1250  per cm3 at 1.667 cc/s)
LLOD_FLAG: -88888
LLOD_VALUE: 0 0 (varies depending on data field and measurement precision)
DM_CONTACT_INFO: Troy Thornberry, 325 Broadway R/CSL6, Boulder, CO 80305; troy.thornberry@noaa.gov; 303-497-3373
PROJECT_INFO: B2SAP Boulder, CO, USA
STIPULATIONS_ON_USE: Please contact the PIs for questions regarding applications and uncertainties
OTHER_COMMENTS: POPS bin Edges (nm):  140, 170, 205, 249, 302, 366, 443, 537, 651, 789, 956, 1159, 1404, 1702, 2062, 2500
Calculations assume sulfate refractive index of 1.45+0.00j and extinction wavelength = 532 nm
REVISION: R0
R0: QA/QC data
TIME_START,TIME_STOP,TIME_MID,GPSAlt,GPS_Lon,GPS_Lat,iMet_Pressure,iMet_Temperature,THETA,Aerosol_concentration,Surface_Area_Conc,Volume_density,Effective_radius,Extinction,Bin01,Bin02,Bin03,Bin04,Bin05,Bin06,Bin07,Bin08,Bin09,Bin10,Bin11,Bin12,Bin13,Bin14,Bin15
[from data line 395]
65716,65719,65718,13.6,-104.569,39.7101,159.725,-58.1975,363.038,10.3959,1.96524,127.226,0.194214,0.000793434,3.70548,2.98497,1.64688,0.92637,0.10293,0.41172,0.41172,0.10293,0,0.10293,0,0,0,0,0
65720,65723,65722,13.5,-104.568,39.7095,162.352,-58.195,361.35,14.0362,3.83778,323.304,0.252727,0.00214755,3.67845,3.77525,2.42003,1.25842,1.16161,0.580807,0.290404,0.290404,0.193602,0.387205,0,0,0,0,0
65725,65728,65726,13.4,-104.567,39.7086,165.687,-58.44,358.854,13.6335,3.19268,221.829,0.208442,0.00147712,4.41464,2.07748,2.98638,1.55811,0.908897,0.649212,0.51937,0.259685,0.129842,0.129842,0,0,0,0,0
65729,65732,65730,13.3,-104.566,39.7081,168.063,-58.03,358.078,12.803,2.14108,123.932,0.173649,0.00076614,4.76707,3.26885,2.45164,1.36202,0.408606,0,0.272404,0,0.272404,0,0,0,0,0,0
65733,65733,65733,13.2,-104.565,39.7074,169.83,-57.74,357.481,10.1938,1.39713,60.7811,0.130513,0.000303515,3.52863,2.74449,3.13656,0.39207,0,0,0.39207,0,0,0,0,0,0,0,0
65738,65740,65739,13.1,-104.563,39.7065,173.693,-57.45,355.676,17.2728,3.89636,277.455,0.213626,0.00186127,5.48342,3.15297,3.97548,2.19337,0.959598,0.137085,0.685427,0.137085,0.411256,0.137085,0,0,0,0,0
65741,65744,65742,13,-104.562,39.7058,176.113,-57.12,354.819,10.008,2.62355,248.206,0.283821,0.00112235,2.7522,2.0016,2.2518,1.1259,1.1259,0.2502,0.1251,0.1251,0,0.1251,0.1251,0,0,0,0
65745,65749,65747,12.9,-104.561,39.705,179.025,-56.7425,353.775,11.5196,2.16671,122.654,0.169825,0.000779757,4.30735,2.30393,1.80307,1.40239,0.601025,0.500854,0.400683,0.100171,0.100171,0,0,0,0,0,0
65751,65751,65751,12.8,-104.56,39.7042,181.98,-56.41,352.66,11.3164,3.06559,228.075,0.223196,0.00172376,3.96074,2.45188,1.32025,0.754426,0.754426,0.754426,0.377213,0.565819,0.377213,0,0,0,0,0,0
65755,65756,65756,12.7,-104.559,39.7035,184.715,-56.13,351.618,7.91121,2.78469,334.746,0.360628,0.00162631,3.20216,2.07198,0.753449,0.565086,0.188362,0,0.376724,0.376724,0,0.188362,0.188362,0,0,0,0
65759,65761,65760,12.6,-104.558,39.7027,187.827,-55.5267,350.921,7.703,1.65775,105.755,0.191383,0.000760874,2.78902,1.99216,0.929673,0.531242,0.531242,0.265621,0.13281,0.531242,0,0,0,0,0,0,0
65771,65774,65772,12.3,-104.554,39.7004,196.583,-54.16,348.555,9.48167,2.40238,166.342,0.207722,0.00119769,2.76549,2.10704,0.921829,1.71197,0.52676,0.52676,0.39507,0.26338,0.26338,0,0,0,0,0,0
65775,65778,65776,12.2,-104.553,39.6997,199.67,-53.5467,347.981,11.2337,2.82525,221.764,0.23548,0.00153772,3.9391,2.48017,1.16714,1.8966,0.437677,0.291785,0.291785,0.291785,0.291785,0.145892,0,0,0,0,0
65780,65783,65782,12.1,-104.552,39.6989,202.95,-52.8125,347.516,10.7838,3.37092,303.396,0.270012,0.00182049,3.22402,2.33463,1.44525,1.11173,0.555865,0.555865,0.555865,0.778211,0.111173,0,0.111173,0,0,0,0
65785,65788,65786,12,-104.551,39.6982,206.352,-52.2575,346.741,4.68762,0.850616,49.3127,0.173919,0.000331196,1.5262,1.63522,0.545072,0.436058,0.218029,0,0.109014,0.218029,0,0,0,0,0,0,0
65789,65793,65791,11.9,-104.55,39.6976,209.32,-51.9933,345.746,5.3413,0.978392,46.1909,0.141633,0.000236769,1.01052,1.87667,0.577438,0.721798,0.721798,0.433079,0,0,0,0,0,0,0,0,0
65794,65795,65794,11.8,-104.549,39.6971,212.055,-51.63,345.034,2.92554,0.488671,24.7997,0.152248,0.000151445,0.675124,1.12521,0.675124,0.225041,0,0,0.225041,0,0,0,0,0,0,0,0
65798,65799,65798,11.7,-104.548,39.6965,214.89,-51.125,344.507,2.64797,0.73454,49.9017,0.203808,0.000373672,0.441328,0.441328,0.661993,0.661993,0,0,0.220664,0.220664,0,0,0,0,0,0,0
65803,65804,65804,11.6,-104.547,39.6959,218.575,-50.275,344.146,1.56025,0.223878,10.737,0.143878,6.07887e-05,0.891572,0.445786,0,0,0,0.222893,0,0,0,0,0,0,0,0,0
65808,65809,65808,11.5,-104.546,39.6952,222.265,-49.49,343.714,3.91314,0.998024,64.5306,0.193975,0.000468338,0.690554,1.15092,0.690554,0.460369,0.230185,0.230185,0.230185,0.230185,0,0,0,0,0,0,0
65812,65815,65814,11.4,-104.545,39.6946,225.933,-48.855,343.087,5.32074,1.16344,72.5382,0.187045,0.000483132,1.4606,1.04328,1.14761,0.521642,0.730298,0.104328,0.104328,0.104328,0.104328,0,0,0,0,0,0
65818,65821,65820,11.3,-104.544,39.6938,230.322,-48.2325,342.142,2.58292,0.470171,21.5904,0.137761,0.000104864,0.673805,0.449203,0.449203,0.449203,0.449203,0.112301,0,0,0,0,0,0,0,0,0
65822,65825,65824,11.2,-104.543,39.6933,233.744,-47.808,341.351,2.74597,0.538301,30.5885,0.170472,0.000197698,1.28145,0.274597,0.366129,0.274597,0.183065,0.274597,0,0.0915323,0,0,0,0,0,0,0
65827,65831,65829,11.1,-104.542,39.6926,237.28,-47.27,340.704,2.77584,0.450184,21.4633,0.14303,0.000118782,0.832753,0.693961,0.693961,0.277584,0.138792,0,0.138792,0,0,0,0,0,0,0,0
65833,65835,65834,11,-104.541,39.692,241,-46.5167,340.328,1.98066,0.445192,24.7535,0.166805,0.000159773,0.424428,0.424428,0.424428,0.141476,0.282952,0.141476,0.141476,0,0,0,0,0,0,0,0
65837,65839,65838,10.9,-104.54,39.6915,244.317,-46.05,339.688,1.46168,0.216321,9.54339,0.13235,4.63729e-05,0.292336,0.73084,0.292336,0,0,0.146168,0,0,0,0,0,0,0,0,0
65841,65845,65843,10.8,-104.539,39.6908,248.136,-45.31,339.293,2.6294,0.644007,46.4186,0.216233,0.00034396,0.763373,1.01783,0.169638,0.0848192,0.169638,0.169638,0.0848192,0.0848192,0.0848192,0,0,0,0,0,0
65846,65849,65848,10.7,-104.538,39.6902,251.565,-44.6125,339.002,2.4669,0.734743,67.8837,0.277173,0.000435987,0.93977,0.352414,0.234943,0.469885,0.117471,0.117471,0.117471,0,0,0.117471,0,0,0,0,0
65851,65855,65853,10.6,-104.537,39.6896,256.023,-43.9625,338.267,2.75427,0.54142,49.5647,0.274638,0.000291686,1.16527,0.953402,0.423734,0.105934,0,0,0,0,0,0.105934,0,0,0,0,0
65856,65860,65858,10.5,-104.536,39.6892,259.72,-43.408,337.691,3.35506,0.440421,17.7159,0.120674,7.35459e-05,1.67753,0.671011,0.335506,0.335506,0.251629,0.0838764,0,0,0,0,0,0,0,0,0
65861,65865,65863,10.4,-104.536,39.6889,263.887,-42.82,337.023,5.37901,1.396,118.539,0.254741,0.000847793,2.6895,1.03442,0.310327,0.41377,0.103442,0.206885,0.206885,0.206885,0.103442,0.103442,0,0,0,0,0
65867,65870,65868,10.3,-104.535,39.6885,267.947,-42.16,336.521,4.22079,0.794406,43.9169,0.165848,0.000281724,1.37421,1.27605,0.588948,0.196316,0.294474,0.294474,0.0981579,0.0981579,0,0,0,0,0,0,0
65870,65874,65872,10.2,-104.534,39.6883,270.99,-41.6,336.253,3.95317,0.69251,35.4144,0.153418,0.000216512,0.988292,1.27066,0.988292,0.141185,0.282369,0,0.282369,0,0,0,0,0,0,0,0
65876,65881,65878,10.1,-104.533,39.6879,275.44,-40.7533,335.906,4.04189,0.84067,62.2765,0.222239,0.000393362,1.3473,1.20547,0.638192,0.354551,0.212731,0.0709103,0,0.141821,0,0.0709103,0,0,0,0,0
65883,65886,65884,10,-104.532,39.6874,280.62,-39.9225,335.321,2.22073,0.279746,11.3191,0.121386,4.90946e-05,1.11036,0.605653,0.201884,0.100942,0.100942,0.100942,0,0,0,0,0,0,0,0,0
65887,65891,65889,9.9,-104.532,39.6871,284.242,-39.324,334.956,3.69273,0.908076,63.2591,0.208988,0.000480599,1.47709,0.820607,0.246182,0.246182,0.410304,0.0820607,0,0.410304,0,0,0,0,0,0,0
65892,65896,65894,9.8,-104.531,39.6868,288.553,-38.4767,334.72,4.06673,0.681574,37.8174,0.166456,0.000246822,1.83659,1.04948,0.26237,0.524739,0.131185,0,0.131185,0.131185,0,0,0,0,0,0,0
65897,65902,65900,9.7,-104.53,39.6865,292.722,-37.5983,334.598,3.84764,0.665441,37.3979,0.168601,0.000223812,1.53905,0.769527,0.69957,0.349785,0.209871,0.209871,0,0,0.069957,0,0,0,0,0,0
65903,65907,65905,9.6,-104.53,39.6863,297.198,-36.706,334.416,4.17193,0.963217,76.7279,0.238974,0.000523244,1.50189,1.25158,0.750947,0.0834385,0.0834385,0.0834385,0.166877,0.166877,0,0.0834385,0,0,0,0,0
65908,65912,65910,9.5,-104.529,39.6861,301.29,-36.6225,333.233,4.69691,1.18122,82.4509,0.209405,0.000638622,1.5316,1.5316,0.30632,0.30632,0.204213,0.102107,0.30632,0.408427,0,0,0,0,0,0,0
65913,65918,65916,9.4,-104.528,39.686,305.852,-36.0533,332.603,10.3102,7.94386,908.41,0.343061,0.00669637,2.0349,1.22094,0.678302,0.610471,0.406981,0.542641,1.01745,1.83141,1.01745,0.881792,0.0678302,0,0,0,0
65919,65921,65920,9.3,-104.528,39.686,309.597,-35.5967,332.08,19.8927,21.3205,2610.31,0.367296,0.0189481,2.78983,1.33427,0.606485,0.849079,0.606485,0.363891,2.54724,4.85188,2.91113,2.78983,0.121297,0.121297,0,0,0
65924,65929,65926,9.2,-104.527,39.6859,314.895,-34.9267,331.41,24.8408,27.5188,3457.95,0.376973,0.0234083,3.08756,1.40344,1.19292,0.421031,0.631547,0.982406,3.50859,6.45581,3.92963,2.38584,0.701719,0.140344,0,0,0
65930,65934,65932,9.1,-104.526,39.686,319.69,-33.995,331.276,21.948,24.0518,3138.47,0.391465,0.0202056,3.39197,1.89551,0.698346,0.399055,0.79811,1.19716,2.89315,3.89078,3.39197,2.49409,0.79811,0.0997637,0,0,0
65935,65940,65938,9,-104.525,39.686,324.115,-33.155,331.136,19.1692,18.0232,2144.55,0.356964,0.014956,2.72917,1.36459,0.974704,0.844743,0.649802,0.844743,2.79415,4.54862,2.98909,0.909723,0.519842,0,0,0,0
65942,65945,65944,8.9,-104.524,39.6861,329.2,-32.35,330.766,7.36925,4.74768,473.827,0.299405,0.00380637,1.4379,0.718951,0.269607,0.718951,0.539213,0.449344,0.80882,1.61764,0.539213,0.269607,0,0,0,0,0
65946,65951,65948,8.8,-104.523,39.6862,333.447,-31.5217,330.693,12.2788,9.05279,903.376,0.299369,0.00727373,1.32031,1.12226,0.990229,0.396092,0.462107,0.858198,2.90467,2.64061,1.38632,0.132031,0.0660153,0,0,0,0
65952,65956,65954,8.7,-104.522,39.6864,338.16,-30.63,330.588,17.1845,14.2579,1535.58,0.323101,0.0115748,2.1886,0.891651,0.891651,0.97271,0.486355,1.21589,3.72872,4.05296,2.10754,0.405296,0.243178,0,0,0,0
65957,65962,65960,8.6,-104.522,39.6865,342.596,-29.836,330.441,17.1701,14.3492,1586.14,0.331616,0.0114249,1.46292,1.23194,1.07794,0.923953,1.00095,1.61692,3.9268,2.92585,2.07889,0.615968,0.307984,0,0,0,0
65966,65968,65967,8.5,-104.52,39.6868,349.33,-28.6267,330.232,18.9399,14.3412,1429.8,0.299095,0.0113458,1.5567,1.16753,1.5567,0.778351,0.908076,2.0756,4.02148,4.79983,1.68643,0.25945,0.129725,0,0,0,0
65969,65974,65972,8.4,-104.52,39.6869,353.72,-28.03,329.862,75.5674,103.015,13682.8,0.398469,0.0882097,4.92201,2.60577,2.21973,0.9651,1.25463,2.21973,11.5812,21.6183,13.8009,10.3266,3.37785,0.57906,0.09651,0,0
65975,65979,65977,8.3,-104.519,39.6871,357.822,-27.395,329.631,103.03,141.522,18564,0.393522,0.12346,5.17638,3.38456,3.28501,2.28955,1.69228,2.28955,14.235,29.6646,21.701,14.5337,4.28047,0.497729,0,0,0
65980,65983,65982,8.2,-104.519,39.6871,362.053,-26.6775,329.487,135.713,189.037,24883.4,0.394899,0.164659,7.11642,4.30994,2.9067,2.10486,2.10486,4.30994,19.5451,37.9876,29.6684,19.0439,5.91364,0.701618,0,0,0
65986,65990,65988,8.1,-104.518,39.6871,367.784,-25.65,329.375,152.924,217.016,28964.8,0.400406,0.187391,8.76877,3.93083,2.79693,3.0993,2.72134,3.77964,21.6195,43.7682,32.2025,21.6951,7.25691,1.28508,0,0,0
65993,65996,65994,8,-104.517,39.6871,373.68,-24.61,329.257,172.456,246.758,32903.7,0.400032,0.214208,9.62715,4.53587,3.14734,2.68449,2.31422,4.16559,24.8084,51.0054,34.343,26.5672,8.14605,1.11082,0,0,0
65997,66002,66000,7.9,-104.516,39.6871,378.157,-24.055,328.875,228.944,342.65,46550.1,0.40756,0.297619,11.0582,5.07907,3.08602,3.47177,4.8219,5.20765,28.4171,65.5779,52.2694,36.2607,11.1225,2.50739,0,0,0.064292
66004,66007,66006,7.8,-104.516,39.6871,383.525,-23.3075,328.538,289.497,438.119,59367.8,0.406518,0.381799,13.4539,6.39297,3.91212,3.8167,3.91212,6.20214,36.6403,84.6353,64.9793,48.1858,14.6943,2.48085,0.190835,0,0
66010,66013,66012,7.7,-104.515,39.6871,389.192,-22.375,328.385,335.648,535.914,74606.6,0.417641,0.462945,14.8888,6.29527,3.79715,2.59805,4.09692,9.29302,39.2705,94.529,75.5432,60.6544,21.0842,3.29752,0.19985,0.0999249,0
66015,66019,66017,7.6,-104.514,39.6871,394.413,-21.6375,328.093,302.948,483.178,67356.8,0.418211,0.413798,12.793,4.8087,4.17359,2.54045,4.35505,8.16572,35.5663,89.0064,65.8702,51.807,20.7772,2.9941,0.0907302,0,0
66020,66026,66023,7.5,-104.513,39.687,399.302,-20.848,327.969,301.111,476.37,65974.1,0.415481,0.410252,14.3168,5.5889,2.75617,2.29681,3.29209,7.65603,35.524,85.6709,72.426,49.3048,17.0729,5.05298,0.153121,0,0
66027,66031,66029,7.4,-104.513,39.6869,404.905,-19.9575,327.821,297.765,483.659,68053.5,0.422117,0.41285,12.8965,5.54071,3.82118,3.248,2.77035,6.68706,32.48,85.3078,70.3097,49.3887,21.112,4.01224,0.191059,0,0
66034,66035,66034,7.3,-104.512,39.6867,410.78,-18.95,327.776,312.164,496.225,69388.2,0.419496,0.425335,16.9791,6.03701,3.77313,4.02467,2.64119,7.67203,34.7128,85.3986,75.0853,51.0631,20.6265,3.77313,0.377313,0,0
66038,66043,66040,7.2,-104.511,39.6865,416.465,-18.0225,327.68,328.698,538.216,75972.5,0.423468,0.458495,13.9529,5.18762,3.66711,2.86213,4.65097,7.24478,36.6711,94.0927,76.0255,55.6327,24.3281,4.20376,0.178883,0,0
66044,66049,66046,7.1,-104.511,39.6864,421.964,-17.126,327.597,380.164,622.923,87665.8,0.422199,0.534281,17.0852,5.76902,3.03243,3.84601,3.77205,9.39315,43.4895,105.1,89.1979,68.0449,25.7387,5.39921,0.295847,0,0
66050,66055,66052,7,-104.51,39.6862,427.642,-16.316,327.384,394.473,655.986,93053.7,0.42556,0.559695,17.4719,5.19638,4.21735,2.93708,4.5939,7.98284,46.0143,106.789,94.3632,69.8122,28.6177,6.25072,0.22593,0,0
66056,66061,66058,6.9,-104.51,39.6861,433.192,-15.664,327.01,347.644,572.667,80850.9,0.423549,0.490607,16.3827,4.93834,2.66514,2.74352,3.68416,9.32798,38.958,95.0827,81.757,62.8659,23.6727,5.01673,0.548705,0,0
66064,66066,66065,6.8,-104.509,39.686,439.795,-14.99,326.454,248.702,395.819,55375.6,0.419704,0.337194,11.3924,2.70329,4.05493,2.5102,4.44112,6.56513,32.2464,67.7753,55.4174,41.3217,17.1852,3.08947,0,0,0
66067,66074,66070,6.7,-104.509,39.6858,445.31,-14.62,325.759,102.698,160.697,22925.6,0.42799,0.135196,6.65779,3.74979,1.454,1.454,1.76011,2.37232,12.1677,24.6415,23.7997,15.6114,7.19348,1.53053,0.229579,0.0765263,0
66079,66080,66080,6.6,-104.508,39.6856,453.505,-14.075,324.744,11.0862,6.6041,678.492,0.308214,0.00484672,2.15106,1.65466,0.82733,0.330932,0.82733,0.661864,2.15106,1.32373,0.992796,0,0.165466,0,0,0,0
66082,66086,66084,6.5,-104.508,39.6856,458.253,-13.7433,324.196,62.734,35.8052,3239.16,0.271398,0.0243561,5.266,3.6633,5.60943,6.86869,7.78452,8.81482,15.2256,6.41078,1.83165,0.915825,0.343435,0,0,0,0
66088,66092,66090,6.4,-104.507,39.6855,463.732,-13.068,323.94,73.6477,43.748,4086.62,0.280238,0.0310373,6.70809,5.29586,6.14319,7.90848,8.54398,10.0974,14.1929,9.95621,2.96568,1.48284,0.353057,0,0,0,0
66093,66098,66096,6.3,-104.507,39.6855,469.4,-12.2825,323.795,27.7121,21.9604,2338.66,0.319484,0.0175615,3.10961,1.37189,1.37189,2.10356,2.10356,2.37794,4.93879,6.76798,2.0121,1.28043,0.274377,0,0,0,0
66099,66104,66102,6.2,-104.507,39.6853,476.37,-11.53,323.36,32.0042,21.5858,2152.7,0.299183,0.0167554,4.42335,2.60197,2.47187,2.21167,1.04079,3.90295,6.63502,5.33404,2.21167,1.04079,0.130098,0,0,0,0
66106,66108,66107,6.1,-104.506,39.6852,480.743,-11.11,323.031,46.7713,26.5373,2320.12,0.262285,0.0180264,3.46454,4.70188,3.34081,3.71201,4.57814,7.91895,10.7648,6.68161,1.36107,0,0.247467,0,0,0,0
66112,66117,66114,6,-104.506,39.6849,487.928,-10.155,322.84,27.2826,17.5305,1589.75,0.272054,0.0130994,2.01768,2.28086,2.10541,1.4036,2.19313,3.85991,6.75485,4.91262,1.31588,0.438626,0,0,0,0,0
66118,66123,66120,5.9,-104.506,39.6847,494.47,-9.23,322.747,23.3209,17.3893,1784.79,0.307912,0.0138852,2.80361,1.14693,1.01949,1.52924,2.54874,2.54874,4.58772,3.18592,3.18592,0.637184,0.127437,0,0,0,0
66125,66130,66128,5.8,-104.505,39.6844,501.437,-8.37,322.51,16.346,10.4353,982.982,0.282594,0.00791698,2.25054,1.06604,0.710697,1.42139,1.18449,2.13209,3.79038,2.36899,0.947595,0.473798,0,0,0,0,0
66131,66131,66131,5.7,-104.505,39.6842,505.59,-7.87,322.359,16.3286,14.3574,1739.47,0.363464,0.0117953,1.81428,2.17714,1.08857,1.08857,0.725713,1.08857,2.17714,2.54,1.81428,1.45143,0.362857,0,0,0,0
66137,66142,66140,5.6,-104.505,39.6839,514.32,-6.7325,322.153,14.4954,8.41772,764.976,0.272631,0.00630778,2.35769,1.13518,1.22251,0.785896,1.30983,1.74644,2.70698,1.83376,1.30983,0.0873218,0,0,0,0,0
66143,66148,66146,5.5,-104.504,39.6837,521.088,-5.918,321.935,10.4461,5.01488,409.604,0.245033,0.0033644,1.65697,1.29676,0.576339,1.08063,0.864508,1.3688,2.08923,1.15268,0.360212,0,0,0,0,0,0
