api/src/app/data/B2SAP/Locations/Boulder/NOAA-POPS-B2SAP_GMLBalloon_20240105_R0.ict
82,1001
Thornberry, T. D.
NOAA Chemical Sciences Laboratory
Portable Optical Particle Spectrometer (POPS)
Balloon Baseline Stratospheric Aerosol Profiles (B2SAP)
1,1
2024,01,05,2024,05,28
0
TIME_START,s,Seconds since midnight UTC on flight start day,Start time of 100 m altitude bin in UTC_seconds_since_midnight
49
1.0,1.0,1.0,1.0,1.0,1.0,1.0,1.0,1.0,1.0,1.0,1.0,1.0,1.0,1.0,1.0,1.0,1.0,1.0,1.0,1.0,1.0,1.0,1.0,1.0,1.0,1.0,1.0,1.0,1.0,1.0,1.0,1.0,1.0,1.0,1.0,1.0,1.0,1.0,1.0,1.0,1.0,1.0,1.0,1.0,1.0,1.0,1.0,1.0
99999,99999,99999,99999,99999,99999,99999,99999,99999,99999,99999,99999,99999,99999,99999,99999,99999,99999,99999,99999,99999,99999,99999,99999,99999,99999,99999,99999,99999,99999,99999,99999,99999,99999,99999,99999,99999,99999,99999,99999,99999,99999,99999,99999,99999,99999,99999,99999,99999
TIME_STOP,s,End time of 100 m altitude bin in UTC seconds since midnight,
TIME_MID,s,Mid time of 100 m altitude in UTC seconds since midnight,
GPSAlt,km,GPS reported altitude above sea level (km),
GPS_Lon,deg,GPS reported longitude,
GPS_Lat,deg,GPS reported latitude,
iMet_Pressure,hPa,Pressure reported (hPa),
iMet_Temperature,degrees C,Ambient temperature (oC),
THETA,K,Potential temperature from iMet,
Aerosol_concentration,cm^-3,Aerosol concentration,
Surface_Area_Conc,um^2 cm^-3,Surface area concentration,
Volume_density,um^3 cm^-3,Volume density,
Effective_radius,um,Effective radius,
Extinction,km^-1,Extinction,
Bin01,cm^-3,particle concentration in size range [140 - 146.14 nm],
Bin02,cm^-3,particle concentration in size range [146.14 - 152.56 nm],
Bin03,cm^-3,particle concentration in size range [152.56 - 159.25 nm],
Bin04,cm^-3,particle concentration in size range [159.25 - 166.24 nm],
Bin05,cm^-3,particle concentration in size range [166.24 - 173.54 nm],
Bin06,cm^-3,particle concentration in size range [173.54 - 181.16 nm],
Bin07,cm^-3,particle concentration in size range [181.16 - 189.11 nm],
Bin08,cm^-3,particle concentration in size range [189.11 - 197.41 nm],
Bin09,cm^-3,particle concentration in size range [197.41 - 206.07 nm],
Bin10,cm^-3,particle concentration in size range [206.07 - 215.12 nm],
Bin11,cm^-3,particle concentration in size range [215.12 - 224.56 nm],
Bin12,cm^-3,particle concentration in size range [224.56 - 234.41 nm],
Bin13,cm^-3,particle concentration in size range [234.41 - 244.70 nm],
Bin14,cm^-3,particle concentration in size range [244.70 - 361.30 nm],
Bin15,cm^-3,particle concentration in size range [361.30 - 472.80 nm],
Bin16,cm^-3,particle concentration in size range [472.80 - 567.00 nm],
Bin17,cm^-3,particle concentration in size range [567.00 - 610.66 nm],
Bin18,cm^-3,particle concentration in size range [610.66 - 657.69 nm],
Bin19,cm^-3,particle concentration in size range [657.69 - 708.33 nm],
Bin20,cm^-3,particle concentration in size range [708.33 - 762.88 nm],
Bin21,cm^-3,particle concentration in size range [762.88 - 821.62 nm],
Bin22,cm^-3,particle concentration in size range [821.62 - 884.89 nm],
Bin23,cm^-3,particle concentration in size range [884.89 - 953.03 nm],
Bin24,cm^-3,particle concentration in size range [953.03 - 1026.42 nm],
Bin25,cm^-3,particle concentration in size range [1026.42 - 1105.46 nm],
Bin26,cm^-3,particle concentration in size range [1105.46 - 1190.59 nm]],
[...]
LOCATION: Boulder, CO, USA
ASSOCIATED_DATA: N/A
INSTRUMENT_INFO: Printed Optical Particle Spectrometer counts particles from 140 - 2500 nm in diameter 
DATA_INFO: Particle concentrations reported in number per cubic centimeter, binned to 100 m altitude
UNCERTAINTY: Counting uncertainty dominated by air flow, less than 5 percent
ULOD_FLAG: -77777
ULOD_VALUE: 3000 ~3000 per cm3 (varies depending on flow rate- manufacturer quotes 1250  per cm3 at 1.667 cc/s)
LLOD_FLAG: -88888
LLOD_VALUE: 0 0 (varies depending on data field and measurement precision)
DM_CONTACT_INFO: Troy Thornberry, 325 Broadway R/CSL6, Boulder, CO 80305; troy.thornberry@noaa.gov; 303-497-3373
PROJECT_INFO: B2SAP Boulder, CO, USA
STIPULATIONS_ON_USE: Please contact the PIs for questions regarding applications and uncertainties
OTHER_COMMENTS: POPS bin Edges (nm):  140, 146.14, 152.56, 159.25, 166.24, 173.54, 181.16, 189.11, 197.41, 206.07, 215.12, 224.56, 234.41, 244.70, 361.30, 472.80, 567.00, 610.66, 657.69, 708.33, 762.88, 821.62, 884.89, 953.03, 1026.42, 1105.46, 1190.59, 1282.27, 1381.01, 1487.36, 1601.89, 1725.25, 1858.10, 2001.18, 2155.28, 2321.25, 2500
Calculations assume sulfate refractive index of 1.45+0.00j and extinction wavelength = 532 nm
REVISION: R0
R0: QA/QC data
TIME_START,TIME_STOP,TIME_MID,GPSAlt,GPS_Lon,GPS_Lat,iMet_Pressure,iMet_Temperature,THETA,Aerosol_concentration,Surface_Area_Conc,Volume_density,Effective_radius,Extinction,Bin01,Bin02,Bin03,Bin04,Bin05,Bin06,Bin07,Bin08,Bin09,Bin10,Bin11,Bin12,Bin13,Bin14,Bin15,Bin16,Bin17,Bin18,Bin19,Bin20,Bin21,Bin22,Bin23,Bin24,Bin25,Bin26,Bin27,Bin28,Bin29,Bin30,Bin31,Bin32,Bin33,Bin34,Bin35,Bin36
[from data line 111]
69309,69332,69320,12.6,-104.926,39.8251,172.364,-52.132,365.247,20.0025,2.73685,123.287,0.135141,0.000617143,1.63286,2.44929,1.92974,2.26373,1.63286,1.48442,1.44731,1.22464,1.0762,0.630877,0.779319,0.667987,0.556656,1.55864,0.371104,0.148442,0.0371104,0.0742208,0,0.0371104,0,0,0,0,0,0,0,0,0,0,0,0,0,0,0,0
69336,69361,69348,12.7,-104.923,39.825,170.072,-52.0131,366.845,22.9096,3.19122,139.89,0.131508,0.000639729,1.47438,2.04145,2.97712,2.04145,2.41005,1.61615,1.10579,1.27591,1.44603,0.992372,0.907312,0.595423,0.793898,2.69358,0.283535,0.198474,0,0,0.0283535,0,0,0.0283535,0,0,0,0,0,0,0,0,0,0,0,0,0,0
69364,69388,69376,12.8,-104.919,39.8249,167.335,-51.8958,368.744,30.2648,4.60636,214.372,0.139615,0.00105631,1.8398,3.12767,2.48374,3.12767,2.36108,2.02378,1.74781,1.87047,1.37985,1.5945,0.950565,1.19587,0.950565,4.72216,0.521278,0.153317,0.0919902,0.0613268,0,0,0.0306634,0.0306634,0,0,0,0,0,0,0,0,0,0,0,0,0,0
69391,69415,69403,12.9,-104.915,39.8248,164.904,-52.4236,369.407,31.6788,4.57735,197.131,0.1292,0.000865561,1.57223,3.57934,3.17792,2.57578,2.54233,2.24127,2.24127,1.83985,1.27117,1.33807,1.33807,1.37152,0.869745,5.15157,0.334517,0.167259,0.0334517,0,0,0,0,0.0334517,0,0,0,0,0,0,0,0,0,0,0,0,0,0
69418,69442,69430,13,-104.912,39.8248,162.651,-52.9325,370.005,32.0462,4.59509,193.926,0.126609,0.000846874,2.09936,3.76651,2.80944,2.31548,2.99468,2.06849,2.03762,1.88325,1.42016,1.6054,1.38929,1.01881,0.833571,5.09405,0.555714,0.061746,0.061746,0,0.030873,0,0,0,0,0,0,0,0,0,0,0,0,0,0,0,0,0
69445,69470,69458,13.1,-104.907,39.8246,159.696,-53.4555,371.062,34.1464,4.98819,216.935,0.130469,0.00097526,1.98878,3.23599,3.87644,2.42699,2.79778,2.08991,2.59553,1.92137,1.85395,1.31462,1.55058,1.2135,1.17979,5.35961,0.404499,0.303374,0,0,0,0,0,0.0337082,0,0,0,0,0,0,0,0,0,0,0,0,0,0
69476,69496,69486,13.2,-104.904,39.8244,157.347,-53.6033,372.391,36.7363,5.68276,257.27,0.135816,0.00119415,1.15705,3.55379,3.42982,3.09924,2.47939,2.8513,2.10748,1.69425,2.06616,2.3141,1.6116,1.69425,1.36366,6.40509,0.578524,0.247939,0,0,0,0,0.0413231,0.0413231,0,0,0,0,0,0,0,0,0,0,0,0,0,0
69500,69521,69510,13.3,-104.9,39.8245,154.775,-53.7853,373.836,43.3263,6.9959,326.71,0.1401,0.00154542,1.82687,3.92529,3.87592,3.53029,3.35748,3.40686,1.9503,2.22186,2.1478,1.97499,1.77749,1.67874,1.5553,8.54183,1.35781,0.0987495,0,0,0,0,0,0.0740621,0.0246874,0,0,0,0,0,0,0,0,0,0,0,0,0
69530,69547,69538,13.4,-104.895,39.8248,152.164,-54.3658,374.663,48.1586,7.54671,323.856,0.128741,0.00142364,2.55434,3.36425,4.20531,3.6446,3.7692,2.33628,3.17734,2.24283,2.46088,2.30513,2.52319,2.27398,2.52319,9.50088,1.09027,0.186903,0,0,0,0,0,0,0,0,0,0,0,0,0,0,0,0,0,0,0,0
69549,69571,69560,13.5,-104.891,39.8251,150.143,-54.4913,375.883,52.0836,8.45258,376.917,0.133776,0.00172547,2.51659,3.97227,3.6762,3.38013,3.79956,3.42948,3.10873,3.25677,2.71397,2.73865,2.36856,2.36856,1.99847,11.2507,1.23362,0.19738,0.0246725,0.0246725,0,0,0,0,0.0246725,0,0,0,0,0,0,0,0,0,0,0,0,0
69574,69598,69586,13.6,-104.885,39.8254,147.659,-54.7042,377.312,55.3438,8.94708,391.945,0.131421,0.00177312,2.01646,4.00568,4.22368,3.59694,3.81493,4.27818,3.24269,3.16094,2.7522,3.1337,2.77945,2.83395,2.01646,12.0443,1.14448,0.217996,0.054499,0,0.0272495,0,0,0,0,0,0,0,0,0,0,0,0,0,0,0,0,0
69599,69626,69612,13.7,-104.879,39.8252,145.557,-54.5573,379.114,58.0393,9.54371,426.506,0.134069,0.00197222,2.70019,4.83661,3.70905,4.15414,3.38266,3.14528,3.85742,3.53102,3.23429,3.08593,2.81888,2.67052,2.34412,12.7591,1.45395,0.326397,0,0,0,0,0,0.0296724,0,0,0,0,0,0,0,0,0,0,0,0,0,0
69631,69663,69647,13.8,-104.872,39.8242,143.251,-53.95,381.906,57.5432,9.34592,414.498,0.133052,0.00190903,2.55206,4.32387,3.96626,3.88498,4.50268,3.38107,3.6249,3.41358,2.94218,3.38107,2.5358,2.47078,2.43827,12.5815,1.18663,0.260082,0.0162551,0.0162551,0.0325103,0.0325103,0,0,0,0,0,0,0,0,0,0,0,0,0,0,0,0
69665,69690,69678,13.9,-104.867,39.8237,141.15,-53.488,384.329,49.1085,8.07839,371.247,0.137867,0.00174349,2.03267,3.52474,3.45987,3.69773,3.52474,3.24362,3.54636,2.74627,2.6814,2.11917,2.09754,2.20566,2.18404,10.6607,0.994712,0.281114,0.0216242,0,0.0216242,0,0.0216242,0,0.0432483,0,0,0,0,0,0,0,0,0,0,0,0,0
69694,69719,69706,14,-104.861,39.8236,139.063,-53.5475,385.862,41.6908,6.79072,308.97,0.136497,0.00148434,2.08722,2.7562,3.55897,2.88999,2.83647,2.54212,2.80971,2.56888,2.22101,2.11398,1.81962,2.27453,1.55203,8.32211,0.963331,0.240833,0,0.0267592,0.0802775,0.0267592,0,0,0,0,0,0,0,0,0,0,0,0,0,0,0,0
69722,69744,69733,14.1,-104.855,39.8238,136.926,-53.7071,387.294,29.5775,4.85478,239.003,0.147691,0.00122783,1.5239,2.56292,2.81691,2.30894,2.00878,2.10114,1.89333,1.59317,1.47772,1.3161,1.10829,1.45463,0.946666,5.42601,0.623414,0.184715,0.0461788,0.0461788,0.0461788,0.0230894,0.0230894,0.0230894,0.0230894,0,0,0,0,0,0,0,0,0,0,0,0,0
69751,69769,69760,14.2,-104.849,39.8241,134.599,-53.8663,388.914,19.0171,3.49041,196.037,0.168494,0.0011178,1.05201,1.57801,1.3757,1.3757,1.61847,1.29478,1.09247,1.09247,0.930623,0.768775,0.768775,0.728313,0.728313,3.60111,0.526004,0.161847,0.121386,0.0809237,0,0,0.0404619,0.0404619,0.0404619,0,0,0,0,0,0,0,0,0,0,0,0,0
69770,69793,69782,14.3,-104.844,39.8241,132.688,-53.8864,390.47,17.2965,3.10983,175.541,0.169341,0.00102482,0.834685,1.69256,1.69256,1.27521,0.927428,1.15929,1.2984,1.15929,0.950614,0.9738,0.6492,0.695571,0.602828,2.13308,0.695571,0.394157,0.0231857,0,0.0231857,0,0.0463714,0.0463714,0.0231857,0,0,0,0,0,0,0,0,0,0,0,0,0
69795,69819,69807,14.4,-104.838,39.8237,130.683,-54.2915,391.449,15.7957,2.64035,133.448,0.151626,0.00075672,0.876149,1.6772,1.30171,1.55203,1.42687,1.02635,0.675886,0.750985,0.926214,0.675886,0.80105,0.500656,0.475624,2.15282,0.600788,0.200263,0.0750985,0.0500656,0.0250328,0.0250328,0,0,0,0,0,0,0,0,0,0,0,0,0,0,0,0
69824,69847,69836,14.5,-104.832,39.823,128.659,-54.552,392.728,14.3777,2.52355,138.939,0.165171,0.000798666,0.88227,1.5358,1.07833,1.37242,0.947624,0.947624,0.653534,1.11101,0.620857,0.78424,0.522827,0.326767,0.522827,2.25469,0.424797,0.19606,0.0326767,0.0653534,0.0326767,0,0.0326767,0,0.0326767,0,0,0,0,0,0,0,0,0,0,0,0,0
69853,69876,69864,14.6,-104.825,39.8216,126.664,-54.821,394.001,12.1073,2.09589,113.138,0.161942,0.000689955,0.652684,1.10956,1.2401,1.46854,1.07693,0.881124,0.652684,0.62005,0.554782,0.489513,0.358976,0.261074,0.358976,1.53381,0.358976,0.358976,0.0326342,0,0.0652684,0.0326342,0,0,0,0,0,0,0,0,0,0,0,0,0,0,0,0
69881,69907,69894,14.7,-104.82,39.8202,124.667,-54.52,396.338,10.4133,2.00042,127.919,0.191839,0.000809833,0.652683,1.54271,1.06803,1.21636,0.593348,0.830687,0.504346,0.356009,0.385676,0.356009,0.207672,0.237339,0.178004,1.42404,0.296674,0.415344,0,0,0.0296674,0.0296674,0,0.0593348,0.0296674,0,0,0,0,0,0,0,0,0,0,0,0,0
69910,69935,69922,14.8,-104.815,39.8191,122.652,-54.2277,398.724,10.3503,1.97751,118.664,0.18002,0.000773446,0.646894,0.920579,1.06986,1.21915,0.94546,0.646894,0.646894,0.47273,0.298566,0.422969,0.373208,0.273686,0.223925,1.21915,0.47273,0.223925,0.0995221,0.049761,0.0995221,0,0,0.0248805,0,0,0,0,0,0,0,0,0,0,0,0,0,0
69937,69953,69945,14.9,-104.812,39.8183,121.118,-54.307,400.016,9.08356,1.73064,117.846,0.204281,0.000737763,0.618593,1.0744,1.13951,0.586036,0.813939,0.683708,0.618593,0.455806,0.488363,0.325575,0.325575,0.162788,0.26046,0.879054,0.195345,0.227903,0.0325575,0,0.0651151,0.0325575,0,0.0325575,0.0651151,0,0,0,0,0,0,0,0,0,0,0,0,0
69957,69975,69966,15,-104.809,39.818,119.112,-54.445,401.67,8.23681,1.49768,87.8454,0.175963,0.000564687,0.433516,0.839938,1.0567,0.650275,0.812843,0.812843,0.514801,0.406422,0.270948,0.270948,0.216758,0.0541895,0.325137,0.867033,0.325137,0.216758,0.0541895,0.0541895,0,0,0.0541895,0,0,0,0,0,0,0,0,0,0,0,0,0,0,0
69980,70000,69990,15.1,-104.805,39.8186,116.984,-54.6871,403.3,6.85683,1.45239,82.5411,0.170494,0.000538158,0.281787,0.375717,0.563575,0.375717,0.328752,0.422681,0.61054,0.61054,0.328752,0.328752,0.422681,0.328752,0.0469646,0.892327,0.51661,0.375717,0.0469646,0,0,0,0,0,0,0,0,0,0,0,0,0,0,0,0,0,0,0
70004,70026,70015,15.2,-104.801,39.8197,115.345,-53.9185,406.353,6.63452,1.67338,111.457,0.199817,0.000781654,0.349185,0.448952,0.573662,0.249418,0.723312,0.299302,0.199534,0.27436,0.424011,0.299302,0.199534,0.199534,0.249418,1.02261,0.473894,0.498836,0.0249418,0.0748254,0.0249418,0,0,0,0.0249418,0,0,0,0,0,0,0,0,0,0,0,0,0
70027,70051,70039,15.3,-104.797,39.8212,113.71,-54.145,407.597,7.57704,1.87974,132.32,0.211179,0.000924609,0.347571,0.648798,0.834169,0.602456,0.370742,0.695141,0.278056,0.301228,0.301228,0.417085,0.254885,0.208542,0.139028,0.950026,0.579284,0.347571,0.0926855,0.115857,0.0231714,0,0.0231714,0,0.0463427,0,0,0,0,0,0,0,0,0,0,0,0,0
70055,70081,70068,15.4,-104.793,39.823,111.841,-54.4585,408.942,7.35295,1.87192,139.587,0.223706,0.000939322,0.425171,0.650261,0.650261,0.725291,0.475191,0.500201,0.400161,0.350141,0.2501,0.20008,0.2501,0.20008,0.17507,0.875352,0.575231,0.450181,0.0500201,0.02501,0,0,0.02501,0,0.10004,0,0,0,0,0,0,0,0,0,0,0,0,0
70086,70107,70096,15.5,-104.788,39.8247,110.093,-54.48,410.746,7.61116,1.77085,127.858,0.216604,0.000870302,0.424657,0.620652,0.751316,0.587986,0.653318,0.55532,0.653318,0.228661,0.359325,0.228661,0.228661,0.359325,0.16333,0.816648,0.424657,0.293993,0.0326659,0.0653318,0,0.0326659,0.0653318,0.0326659,0.0326659,0,0,0,0,0,0,0,0,0,0,0,0,0
70114,70137,70126,15.6,-104.782,39.8265,108.226,-54.5836,412.562,6.9779,1.40378,85.3102,0.182315,0.000541962,0.441934,0.628011,0.72105,0.604751,0.488453,0.465193,0.395414,0.325635,0.302376,0.348895,0.209337,0.232597,0.0465193,1.02343,0.395414,0.279116,0,0,0,0.0465193,0,0,0.0232597,0,0,0,0,0,0,0,0,0,0,0,0,0
70139,70163,70151,15.7,-104.777,39.8279,106.654,-54.3987,414.641,6.47805,1.79613,131.084,0.218945,0.000950061,0.283415,0.526342,0.56683,0.404878,0.607317,0.303659,0.36439,0.202439,0.36439,0.202439,0.202439,0.161951,0.10122,0.951464,0.46561,0.445366,0.161951,0.0404878,0.0607317,0.0202439,0,0,0.0404878,0,0,0,0,0,0,0,0,0,0,0,0,0
70166,70188,70177,15.8,-104.771,39.829,105.192,-54.3717,416.33,6.21754,1.65447,122.37,0.221889,0.000847847,0.32581,0.461564,0.515866,0.570168,0.515866,0.135754,0.380112,0.217207,0.217207,0.244358,0.380112,0.108603,0.244358,0.814525,0.515866,0.32581,0.0271508,0.108603,0.0271508,0,0,0.0271508,0.0543017,0,0,0,0,0,0,0,0,0,0,0,0,0
70193,70215,70204,15.9,-104.765,39.8299,103.486,-55.2629,416.574,6.11405,1.3298,82.3709,0.185827,0.000552213,0.347389,0.64846,0.532664,0.509505,0.509505,0.32423,0.301071,0.208434,0.254752,0.185274,0.254752,0.0694779,0.185274,0.99585,0.463186,0.162115,0.0694779,0.0231593,0.0231593,0.0231593,0.0231593,0,0,0,0,0,0,0,0,0,0,0,0,0,0,0
70217,70244,70230,16,-104.76,39.8305,102.089,-55.9359,416.906,6.19647,1.77324,140.264,0.237302,0.000995181,0.269412,0.51958,0.731261,0.51958,0.442605,0.36563,0.269412,0.192437,0.192437,0.250168,0.173193,0.115462,0.15395,0.846723,0.500336,0.307899,0.0577311,0.0962185,0.0577311,0.0192437,0.0192437,0.0384874,0.0577311,0,0,0,0,0,0,0,0,0,0,0,0,0
70245,70269,70257,16.1,-104.753,39.8309,100.261,-56.2729,418.411,5.8183,1.6053,127.691,0.238631,0.000890196,0.418917,0.674923,0.465464,0.51201,0.418917,0.418917,0.162912,0.302552,0.232732,0.209459,0.0698196,0.0930928,0.0465464,0.721469,0.535283,0.209459,0.116366,0.0465464,0.0232732,0,0.0232732,0.0698196,0.0465464,0,0,0,0,0,0,0,0,0,0,0,0,0
70271,70293,70282,16.2,-104.748,39.8315,98.8525,-54.7812,423,6.32473,1.5446,117.512,0.228237,0.000803142,0.651638,0.651638,0.804965,0.383317,0.383317,0.268322,0.306653,0.268322,0.191658,0.191658,0.191658,0.0766634,0.22999,0.996624,0.153327,0.306653,0.0383317,0.0766634,0.0383317,0,0,0.0766634,0.0383317,0,0,0,0,0,0,0,0,0,0,0,0,0
70298,70320,70309,16.3,-104.742,39.8327,97.15,-54.1373,426.355,5.58867,1.37851,101.778,0.221495,0.000676833,0.36733,0.419806,0.236141,0.472282,0.629709,0.341092,0.157427,0.288617,0.314855,0.262379,0.262379,0.183665,0.131189,0.813374,0.183665,0.36733,0.0262379,0.0262379,0.0262379,0,0,0,0.0787136,0,0,0,0,0,0,0,0,0,0,0,0,0
70323,70344,70334,16.4,-104.737,39.8335,95.809,-54.653,427.047,6.12077,1.53672,112.789,0.220187,0.000766823,0.493143,0.464134,0.406117,0.551159,0.435126,0.493143,0.319092,0.232067,0.203059,0.406117,0.116034,0.145042,0.0870252,0.783226,0.522151,0.232067,0.0870252,0,0.0290084,0.0290084,0.0290084,0,0.0580168,0,0,0,0,0,0,0,0,0,0,0,0,0
70348,70372,70360,16.5,-104.733,39.8345,94.4544,-55.21,427.696,5.23221,1.30869,85.3523,0.195659,0.000604858,0.161488,0.613654,0.484464,0.322976,0.193786,0.193786,0.193786,0.193786,0.322976,0.258381,0.193786,0.12919,0.258381,0.839737,0.419869,0.290678,0.0322976,0.0322976,0.0968928,0,0,0,0,0,0,0,0,0,0,0,0,0,0,0,0,0
70374,70399,70386,16.6,-104.727,39.8356,92.9685,-55.7908,428.488,5.65946,1.61625,116.479,0.216201,0.000846523,0.179666,0.426706,0.404247,0.381789,0.291957,0.202124,0.381789,0.269498,0.24704,0.24704,0.179666,0.179666,0.179666,1.01062,0.426706,0.404247,0.0224582,0.134749,0.0224582,0.0224582,0.0224582,0,0.0224582,0,0,0,0,0,0,0,0,0,0,0,0,0
70402,70423,70412,16.7,-104.72,39.8369,91.4009,-56.0055,430.156,4.89925,1.27436,86.1896,0.2029,0.000639856,0.079879,0.718911,0.399395,0.239637,0.399395,0.29289,0.29289,0.266263,0.079879,0.186384,0.133132,0.079879,0.106505,0.718911,0.319516,0.426021,0.0266263,0.079879,0.0532527,0,0,0,0,0,0,0,0,0,0,0,0,0,0,0,0,0
70426,70449,70438,16.8,-104.715,39.8372,90.0687,-56.0325,431.907,5.62643,1.48558,117.47,0.237221,0.000830419,0.290397,0.508194,0.580793,0.290397,0.653392,0.362996,0.326696,0.254097,0.326696,0.181498,0.145198,0.145198,0.0725992,0.689692,0.217797,0.254097,0.0725992,0,0.145198,0,0.0362996,0.0362996,0.0362996,0,0,0,0,0,0,0,0,0,0,0,0,0
70452,70474,70463,16.9,-104.71,39.8369,88.7457,-56.185,433.432,5.33408,1.25642,87.4458,0.208798,0.000577466,0.268771,0.537543,0.537543,0.330796,0.206747,0.413494,0.310121,0.268771,0.227422,0.165398,0.227422,0.124048,0.165398,0.889013,0.268771,0.268771,0.0206747,0.0206747,0,0,0.0413494,0,0.0413494,0,0,0,0,0,0,0,0,0,0,0,0,0
70478,70495,70486,17,-104.704,39.8363,87.251,-56.373,435.162,5.47983,1.42798,106.466,0.223672,0.000720537,0.498167,0.410255,0.586078,0.351647,0.14652,0.351647,0.263735,0.351647,0.117216,0.322343,0.263735,0.175824,0.0586078,0.556775,0.556775,0.322343,0.0293039,0,0.0293039,0,0,0.0293039,0.0586078,0,0,0,0,0,0,0,0,0,0,0,0,0
70499,70519,70509,17.1,-104.698,39.8354,85.799,-56.33,437.341,4.32797,1.09027,78.6544,0.216426,0.000517026,0.233944,0.438646,0.175458,0.29243,0.321673,0.467889,0.116972,0.204701,0.146215,0.146215,0.233944,0.146215,0.0584861,0.67259,0.350916,0.175458,0.0877291,0,0,0,0,0,0.0584861,0,0,0,0,0,0,0,0,0,0,0,0,0
70525,70540,70532,17.2,-104.694,39.8346,84.5256,-56.4833,438.903,5.75858,1.41906,94.0241,0.198774,0.000677673,0.556227,0.392631,0.392631,0.327192,0.458069,0.359911,0.294473,0.490788,0.163596,0.196315,0.0981576,0.229034,0.0654384,0.687103,0.490788,0.42535,0,0,0.130877,0,0,0,0,0,0,0,0,0,0,0,0,0,0,0,0,0
70541,70560,70550,17.3,-104.69,39.8341,83.3393,-56.984,439.662,4.76581,1.3633,103.413,0.227565,0.000766093,0.233427,0.486307,0.447402,0.350141,0.25288,0.330689,0.155618,0.233427,0.136166,0.213975,0.116714,0.136166,0.0778091,0.68083,0.350141,0.291784,0.0194523,0.0972614,0.0778091,0.0389046,0.0194523,0,0.0194523,0,0,0,0,0,0,0,0,0,0,0,0,0
70562,70580,70571,17.4,-104.686,39.8334,81.87,-57.5591,440.724,5.18484,1.56635,121.984,0.233634,0.000899255,0.295509,0.429831,0.268645,0.268645,0.376102,0.268645,0.349238,0.268645,0.295509,0.188051,0.134322,0.107458,0.134322,0.779069,0.322374,0.349238,0.107458,0.0537289,0.107458,0.0268645,0,0.0268645,0.0268645,0,0,0,0,0,0,0,0,0,0,0,0,0
