api/src/app/data/B2SAP/Locations/Boulder/NOAA-POPS-B2SAP_GMLBalloon_20211220_R0.ict
61,1001
Thornberry, T. D.
NOAA Chemical Sciences Laboratory
Portable Optical Particle Spectrometer (POPS)
Balloon Baseline Stratospheric Aerosol Profiles (B2SAP)
1,1
2021,12,20,2024,05,28
0
TIME_START,s,Seconds since midnight UTC on flight start day,Start time of 100 m altitude bin in UTC_seconds_since_midnight
28
1.0,1.0,1.0,1.0,1.0,1.0,1.0,1.0,1.0,1.0,1.0,1.0,1.0,1.0,1.0,1.0,1.0,1.0,1.0,1.0,1.0,1.0,1.0,1.0,1.0,1.0,1.0,1.0
99999,99999,99999,99999,99999,99999,99999,99999,99999,99999,99999,99999,99999,99999,99999,99999,99999,99999,99999,99999,99999,99999,99999,99999,99999,99999,99999,99999
TIME_STOP,s,End time of 100 m altitude bin in UTC seconds since midnight,
TIME_MID,s,Mid time of 100 m altitude in UTC seconds since midnight,
GPSAlt,m,GPS reported altitude above sea level (m),
GPS_Lon,deg,GPS reported longitude,
GPS_Lat,deg,GPS reported latitude,
iMet_Pressure,mb,Pressure reported (mB),
iMet_Temperature,degrees C,Ambient temperature (oC),
THETA,K,Potential temperature from iMet,
Aerosol_concentration,cm^-3,Aerosol concentration,
Surface_Area_Conc,um^2 cm^-3,Surface area concentration,
Volume_density,um^3 cm^-3,Volume density,
Effective_radius,um,Effective radius,
Extinction,km^-1,Extinction,
Bin01,cm^-3,particle concentration in size range [140 - 170 nm],
Bin02,cm^-3,particle concentration in size range [170 - 205 nm],
Bin03,cm^-3,particle concentration in size range [205 - 249 nm],
Bin04,cm^-3,particle concentration in size range [249 - 302 nm],
Bin05,cm^-3,particle concentration in size range [302 - 366 nm],
Bin06,cm^-3,particle concentration in size range [366 - 443 nm],
Bin07,cm^-3,particle concentration in size range [443 - 537 nm],
Bin08,cm^-3,particle concentration in size range [537 - 651 nm],
Bin09,cm^-3,particle concentration in size range [651 - 789 nm],
Bin10,cm^-3,particle concentration in size range [789 - 956 nm],
Bin11,cm^-3,particle concentration in size range [956 - 1159 nm],
Bin12,cm^-3,particle concentration in size range [1159 - 1404 nm],
Bin13,cm^-3,particle concentration in size range [1404 - 1702 nm],
Bin14,cm^-3,particle concentration in size range [1702 - 2062 nm],
Bin15,cm^-3,particle concentration in size range [2062 - 2500 nm],
0
19
PI_CONTACT_INFO: 325 Broadway R/CSL6, Boulder, CO 80305; troy.thornberry@noaa.gov; 303-497-3373 
PLATFORM: GML ECC/FPH balloon
LOCATION: Boulder, CO, USA
ASSOCIATED_DATA: N/A
INSTRUMENT_INFO: Printed Optical Particle Spectrometer counts particles from 140 - 2500 nm in diameter 
DATA_INFO: Particle concentrations reported in number per cubic centimeter, binned to 100 m altitude
UNCERTAINTY: Counting uncertainty dominated by air flow, less than 5 percent
ULOD_FLAG: -77777
ULOD_VALUE: 3000 ~3000 per cm3 (varies depending on flow rate- manufacturer quotes 1250  per cm3 at 1.667 cc/s)
LLOD_FLAG: -88888
LLOD_VALUE: 0 0 (varies depending on data field and measurement precision)
DM_CONTACT_INFO: Troy Thornberry, 325 Broadway R/CSL6, Boulder, CO 80305; troy.thornberry@noaa.gov; 303-497-3373
PROJECT_INFO: B2SAP Boulder, CO, USA
STIPULATIONS_ON_USE: Please contact the PIs for questions regarding applications and uncertainties
OTHER_COMMENTS: POPS bin Edges (nm):  140, 170, 205, 249, 302, 366, 443, 537, 651, 789, 956, 1159, 1404, 1702, 2062, 2500
Calculations assume sulfate refractive index of 1.45+0.00j and extinction wavelength = 532 nm
REVISION: R0
R0: QA/QC data
TIME_START,TIME_STOP,TIME_MID,GPSAlt,GPS_Lon,GPS_Lat,iMet_Pressure,iMet_Temperature,THETA,Aerosol_concentration,Surface_Area_Conc,Volume_density,Effective_radius,Extinction,Bin01,Bin02,Bin03,Bin04,Bin05,Bin06,Bin07,Bin08,Bin09,Bin10,Bin11,Bin12,Bin13,Bin14,Bin15
[from data line 80]
63178,63195,63186,9.7,-105.012,39.9021,281.958,-51.5345,318.192,4.02674,0.545597,26.5589,0.146036,0.000153375,2.33551,0.765081,0.402674,0.241604,0.0805348,0.0805348,0.0402674,0.0805348,0,0,0,0,0,0,0
63196,63216,63206,9.8,-105.006,39.9017,277.25,-52.559,318.254,3.63902,0.359299,11.7889,0.0984327,3.32392e-05,2.39797,0.631045,0.378627,0.0841393,0.147244,0,0,0,0,0,0,0,0,0,0
63217,63252,63234,9.9,-104.998,39.9008,272.417,-53.3843,318.656,4.14783,0.46015,18.3863,0.119872,8.29525e-05,2.64755,0.844694,0.315184,0.126074,0.113466,0.0504295,0.0252147,0.0252147,0,0,0,0,0,0,0
63254,63286,63270,10,-104.987,39.8999,268.489,-54.0097,319.066,4.06695,0.43615,17.2827,0.118877,7.42033e-05,2.59907,0.848403,0.336668,0.148134,0.0538668,0.0404001,0.0269334,0,0.0134667,0,0,0,0,0,0
63287,63313,63300,10.1,-104.978,39.8992,264.336,-54.8762,319.229,8.0603,1.94074,362.719,0.56069,0.000941139,6.06653,0.954285,0.289694,0.255612,0.119286,0.085204,0.0340816,0.0340816,0.119286,0,0.0340816,0,0.0170408,0.0170408,0.0340816
63314,63383,63348,10.2,-104.961,39.896,260.182,-54.0083,321.955,12.6382,2.07314,117.275,0.169706,0.000573034,5.40947,2.72549,1.60485,1.25898,0.940777,0.415049,0.172937,0.0553398,0.0276699,0.00691748,0.00691748,0.00691748,0.00691748,0,0
63384,63407,63396,10.3,-104.947,39.8933,256.545,-53.0083,324.723,16.4282,2.55857,122.412,0.143532,0.000664592,6.85573,3.62843,2.188,1.8598,0.966367,0.528767,0.2735,0.1094,0.0182333,0,0,0,0,0,0
63408,63431,63420,10.4,-104.939,39.8918,252.28,-53.3959,325.705,14.043,2.21523,116.497,0.157767,0.000564211,5.5491,3.34549,2.28375,1.20197,0.98161,0.340559,0.28046,0.0200329,0.0200329,0,0.0200329,0,0,0,0
63432,63454,63443,10.5,-104.932,39.8903,248.4,-53.7491,326.629,14.579,2.17213,97.5874,0.134781,0.00048156,5.82008,3.5343,2.03607,1.45982,1.07566,0.480204,0.134457,0.0192082,0.0192082,0,0,0,0,0,0
63455,63470,63462,10.6,-104.926,39.8893,245.002,-53.9513,327.617,14.4707,2.46102,147.586,0.179908,0.000762925,5.82125,3.62455,2.0594,1.12581,0.823761,0.713926,0.0823761,0.109835,0.0549174,0.0274587,0.0274587,0,0,0,0
63471,63485,63478,10.7,-104.921,39.8887,240.992,-54.5007,328.338,14.1635,2.2115,110.118,0.14938,0.000592715,6.33086,2.91514,1.7373,1.4134,0.942267,0.530025,0.206121,0.0588917,0,0.0294458,0,0,0,0,0
63486,63502,63494,10.8,-104.915,39.8882,237.272,-54.2953,330.107,15.9529,2.78865,146.169,0.157247,0.000866786,5.93056,3.3149,2.48617,2.04591,1.01001,0.54385,0.44026,0.103591,0.0776929,0,0,0,0,0,0
63503,63519,63511,10.9,-104.909,39.8879,233.515,-54.3029,331.607,16.1578,2.50239,127.203,0.152498,0.00070334,7.13528,3.92957,1.78382,1.37018,1.00825,0.594607,0.180967,0.0775574,0.0517049,0.0258525,0,0,0,0,0
63520,63537,63528,11,-104.903,39.8877,229.908,-54.1083,333.385,13.1884,2.05272,115.634,0.168996,0.000547718,6.08322,2.79828,1.72764,0.997648,1.02198,0.316328,0.121664,0.0729987,0,0.0243329,0.0243329,0,0,0,0
63538,63558,63548,11.1,-104.895,39.8875,226.188,-54.4052,334.485,13.9383,1.86595,80.1266,0.128824,0.000387366,6.94818,3.33764,1.32246,0.986599,0.734701,0.398838,0.209915,0,0,0,0,0,0,0,0
63559,63587,63573,11.2,-104.885,39.8876,222.511,-54.3943,336.068,15.449,2.06439,98.6105,0.143302,0.000501428,8.17796,3.3306,1.7513,1.01638,0.656739,0.265823,0.125093,0.0625466,0.0312733,0.0312733,0,0,0,0,0
63588,63680,63634,11.3,-104.865,39.8868,218.549,-52.3189,341.012,17.6671,2.46131,130.381,0.158916,0.000635969,9.0027,4.34947,1.84334,1.07701,0.66968,0.372811,0.207117,0.0621352,0.0345196,0.0345196,0,0.00690391,0.00690391,0,0
63681,63720,63700,11.4,-104.831,39.8822,215.953,-47.3815,349.827,18.6987,2.518,125,0.148927,0.000607399,9.46112,4.82102,1.97949,1.06424,0.649188,0.30863,0.266061,0.106424,0.0212849,0.0106424,0,0,0.0106424,0,0
63721,63740,63730,11.5,-104.819,39.8799,212.51,-47.2035,351.711,18.918,2.54218,115.34,0.136111,0.000571074,9.25684,4.7029,2.00033,1.42577,0.851204,0.383042,0.170241,0.1064,0,0.0212801,0,0,0,0,0
63741,63754,63748,11.6,-104.812,39.8787,209.492,-47.0223,353.431,18.7501,2.73055,127.387,0.139957,0.000678489,8.30455,5.06058,1.97882,1.29759,1.10295,0.616353,0.291957,0.0648793,0.0324396,0,0,0,0,0,0
63755,63768,63762,11.7,-104.806,39.8776,206.469,-47.4693,354.197,17.7926,2.7301,139.785,0.153604,0.000828891,8.63691,3.93697,1.86167,1.4344,0.885054,0.396749,0.366229,0.213634,0.0610382,0,0,0,0,0,0
63769,63780,63774,11.8,-104.801,39.8764,203.44,-47.9442,354.958,17.574,2.46866,109.847,0.13349,0.000554561,8.27631,4.01489,2.18354,1.37352,0.810022,0.598712,0.281747,0.0352183,0,0,0,0,0,0,0
63786,63794,63790,11.9,-104.795,39.8751,199.78,-47.8556,356.94,18.6631,3.00951,193.668,0.193056,0.000858664,8.26844,4.86657,2.12617,1.4647,0.992213,0.472483,0.28349,0.0944965,0,0.0472483,0,0,0.0472483,0,0
63795,63809,63802,12,-104.791,39.8742,197.241,-48.0443,357.944,18.2939,2.70462,131.141,0.145463,0.000690831,8.01174,4.74963,2.21824,1.25265,1.09607,0.704616,0.104388,0.104388,0.0260969,0.0260969,0,0,0,0,0
63810,63825,63818,12.1,-104.785,39.873,194.009,-48.6706,358.633,16.9396,2.36643,105.978,0.134352,0.000531491,7.44524,4.28044,2.41344,1.32056,0.774123,0.40983,0.204915,0.068305,0.0227683,0,0,0,0,0,0
63826,63843,63834,12.2,-104.779,39.8721,190.91,-48.945,359.858,16.6219,2.16304,94.5425,0.131124,0.000464438,8.26527,4.13264,1.94074,1.05028,0.707799,0.251155,0.159826,0.091329,0.0228322,0,0,0,0,0,0
63844,63865,63854,12.3,-104.771,39.8711,187.802,-49.4048,360.804,15.0838,1.92586,85.1146,0.132587,0.00040394,7.61174,3.68366,1.99022,0.750699,0.611034,0.226955,0.139665,0.0349162,0.0174581,0.0174581,0,0,0,0,0
63866,63895,63880,12.4,-104.762,39.8701,184.857,-49.6478,362.04,13.5818,1.72954,78.2873,0.135795,0.000385884,7.23641,3.32119,1.33658,0.783045,0.445526,0.283516,0.0675039,0.0675039,0.0270015,0.0135008,0,0,0,0,0
63897,63958,63928,12.5,-104.743,39.8683,181.909,-48.9723,364.804,12.5408,1.54945,78.2245,0.151456,0.000357895,7.12669,3.19734,1.09801,0.490305,0.29004,0.124303,0.103586,0.0483399,0.0414342,0.0069057,0.0138114,0,0,0,0
63959,64004,63982,12.6,-104.721,39.8664,179.825,-47.6151,368.233,16.1653,1.78984,74.6223,0.125076,0.000335161,9.95535,3.78957,1.22786,0.565344,0.282672,0.141336,0.106002,0.070668,0.0088335,0.017667,0,0,0,0,0
64005,64027,64016,12.7,-104.707,39.8645,177.37,-47.811,369.357,19.8621,2.03805,78.0578,0.114901,0.000303523,12.6001,4.67956,1.57718,0.450624,0.277307,0.138654,0.0693268,0.0346634,0.0173317,0.0173317,0,0,0,0,0
64028,64044,64036,12.8,-104.7,39.863,174.752,-48.2829,370.149,22.8449,2.31114,86.6419,0.112466,0.000329821,14.7469,5.4555,1.55567,0.4049,0.298348,0.191795,0.170484,0,0,0.0213105,0,0,0,0,0
64045,64059,64052,12.9,-104.694,39.862,172.072,-48.616,371.232,22.884,2.32448,86.6057,0.111774,0.000338967,14.7529,5.40451,1.48502,0.559927,0.36517,0.146068,0.0973786,0.0243447,0.0486893,0,0,0,0,0,0
64060,64075,64068,13,-104.689,39.8611,169.407,-49.2836,371.792,22.3053,2.23987,95.9362,0.128493,0.000310941,15.0273,4.94801,1.54462,0.366519,0.0785398,0.15708,0.1309,0.0261799,0,0,0.0261799,0,0,0,0
64076,64089,64082,13.1,-104.684,39.8603,166.811,-49.9622,372.303,20.3557,2.13317,101.282,0.142439,0.000297933,12.8906,5.22151,1.26458,0.489516,0.285551,0.081586,0.081586,0,0,0,0.040793,0,0,0,0
64093,64102,64098,13.2,-104.679,39.8597,164.356,-50.6856,372.667,21.1996,1.97352,62.24,0.0946127,0.000161976,13.6692,5.15665,1.67796,0.368332,0.204629,0.0818516,0.0409258,0,0,0,0,0,0,0,0
64105,64119,64112,13.3,-104.674,39.8593,161.835,-51.535,372.883,19.0415,1.8275,61.0557,0.100228,0.000194947,12.1594,4.9687,1.17274,0.277753,0.277753,0.061723,0.123446,0,0,0,0,0,0,0,0
64120,64137,64128,13.4,-104.669,39.8588,159.197,-52.218,373.495,18.5094,1.98136,85.9709,0.13017,0.000371835,12.0028,4.042,1.45413,0.394341,0.345048,0.123232,0.0492926,0.0246463,0.0246463,0.0492926,0,0,0,0,0
64139,64154,64146,13.5,-104.664,39.8584,156.671,-52.8413,374.143,15.9159,1.62036,60.0923,0.111258,0.000233972,10.0885,3.70832,1.31289,0.437628,0.161232,0.0690992,0.0690992,0.0460661,0.0230331,0,0,0,0,0,0
64155,64173,64164,13.6,-104.658,39.8579,154.318,-53.4132,374.785,14.643,1.59067,69.874,0.131783,0.00031187,9.44963,3.29956,0.976201,0.39048,0.29286,0.0585721,0.117144,0,0.019524,0.039048,0,0,0,0,0
64174,64196,64185,13.7,-104.651,39.8575,151.703,-54.053,375.523,13.2765,1.41857,54.6199,0.11551,0.00023161,7.83503,3.68377,0.953667,0.317889,0.261791,0.0747974,0.0560981,0.0934968,0,0,0,0,0,0,0
64197,64227,64212,13.8,-104.643,39.8569,149.34,-54.5374,376.385,13.1983,1.42547,55.6101,0.117035,0.000240267,8.28731,2.96313,1.00345,0.413185,0.247911,0.118053,0.118053,0.0354158,0.0118053,0,0,0,0,0,0
64228,64306,64267,13.9,-104.627,39.8557,146.885,-54.3767,378.445,14.4249,1.63495,71.6354,0.131445,0.000323228,8.8475,3.34137,1.1868,0.427858,0.269958,0.152807,0.101871,0.0611226,0.0254678,0.00509355,0.00509355,0,0,0,0
64307,64362,64334,14,-104.602,39.8531,144.885,-53.2031,381.963,13.9653,1.75612,96.4869,0.16483,0.000401844,8.22908,3.34505,1.1129,0.502393,0.356127,0.190782,0.133548,0.0445159,0.00635941,0.0190782,0.0127188,0.00635941,0.00635941,0,0
64363,64393,64378,14.1,-104.589,39.8526,142.48,-53.3972,383.464,14.3967,1.56901,59.2256,0.113241,0.000237567,8.57069,3.43087,1.22993,0.54376,0.323667,0.181253,0.07768,0.03884,0,0,0,0,0,0,0
64394,64415,64404,14.2,-104.581,39.8525,140.528,-53.5832,384.652,12.9093,1.76467,122.931,0.208986,0.000506921,7.49478,3.03922,1.10651,0.427852,0.383591,0.103275,0.206549,0.103275,0.029507,0,0,0,0,0.0147535,0
64416,64434,64425,14.3,-104.575,39.8523,138.426,-53.8672,385.808,13.3608,1.67104,74.2623,0.133323,0.000359138,7.32863,3.11512,1.31447,0.756271,0.414149,0.216078,0.144052,0.0540194,0,0.0180065,0,0,0,0,0
64435,64452,64444,14.4,-104.569,39.8519,136.358,-54.34,386.631,14.3305,1.96677,103.398,0.157717,0.000501126,6.97418,4.01254,1.66234,0.687864,0.439469,0.210181,0.191073,0.0955367,0.0382147,0,0.0191073,0,0,0,0
64453,64469,64461,14.5,-104.563,39.8515,134.296,-55.1417,386.905,12.3452,1.77782,101.926,0.171996,0.000488122,6.36376,3.1136,1.25637,0.546246,0.491621,0.245811,0.191186,0.0819369,0.0273123,0,0.0273123,0,0,0,0
64469,64483,64476,14.6,-104.558,39.8511,132.165,-55.8164,387.472,13.1302,1.64623,69.94,0.127455,0.000336446,6.68338,3.5487,1.33076,0.650594,0.502732,0.207007,0.11829,0.0887174,0,0,0,0,0,0,0
64484,64498,64491,14.7,-104.553,39.8508,129.975,-56.5429,388.02,12.6269,1.67014,75.2146,0.135105,0.000386105,6.71244,2.53477,1.61943,0.821452,0.469401,0.211231,0.16429,0.0704102,0.0234701,0,0,0,0,0,0
64499,64513,64506,14.8,-104.548,39.8506,127.967,-57.1336,388.684,13.4519,1.9243,104.871,0.163495,0.000589849,7.08626,3.27289,1.32117,0.660584,0.480424,0.270239,0.180159,0.0900796,0.0300265,0.060053,0,0,0,0,0
64514,64528,64521,14.9,-104.543,39.8502,125.916,-57.8121,389.266,13.2207,1.8055,104.529,0.173685,0.000429007,7.22417,2.64414,1.84145,0.613818,0.424951,0.283301,0.118042,0,0.0236084,0.0236084,0,0,0.0236084,0,0
64529,64543,64536,15,-104.538,39.8497,123.847,-58.5969,389.683,10.9005,1.49701,75.2385,0.150777,0.00041702,5.92251,2.55281,0.970066,0.587145,0.357393,0.204224,0.178696,0.102112,0,0.0255281,0,0,0,0,0
64544,64558,64551,15.1,-104.533,39.849,121.951,-59.295,390.125,12.5493,1.57457,69.3833,0.132195,0.000351207,6.77568,3.14926,1.28833,0.548735,0.262438,0.286297,0.167006,0.0477161,0.023858,0,0,0,0,0,0
64559,64575,64567,15.2,-104.528,39.8481,120.009,-59.9731,390.687,12.5009,1.87749,107.372,0.171568,0.00054728,6.75214,2.63396,1.10794,0.710752,0.543516,0.37628,0.250854,0.0627134,0.0418089,0,0,0.0209045,0,0,0
64577,64593,64585,15.3,-104.522,39.8473,117.998,-60.6556,391.317,10.6835,1.54946,84.0159,0.162668,0.000473344,5.44648,2.49281,1.34067,0.5237,0.356116,0.230428,0.167584,0.041896,0.041896,0.041896,0,0,0,0,0
64594,64612,64603,15.4,-104.517,39.8466,116.018,-61.3429,391.935,11.6758,1.54295,70.2993,0.136685,0.000368966,6.26411,2.61666,1.22904,0.634341,0.436109,0.257701,0.138762,0.0792926,0.0198231,0,0,0,0,0,0
64613,64634,64624,15.5,-104.512,39.846,114.169,-61.9628,392.596,11.3421,1.83493,194.086,0.317319,0.000576821,6.3344,2.37307,1.12113,0.560567,0.579252,0.149484,0.0934278,0.0560567,0.0373711,0,0,0.0186856,0,0,0.0186856
64635,64654,64644,15.6,-104.506,39.8455,112.327,-62.5647,393.298,12.3092,1.58818,71.5866,0.135224,0.000344196,6.75134,2.4939,1.37165,0.801611,0.409712,0.338458,0.106881,0,0.0178136,0.0178136,0,0,0,0,0
64659,64676,64668,15.7,-104.501,39.8453,110.567,-63.1254,394.018,10.7966,1.54794,89.6452,0.173737,0.000409593,5.26789,2.89473,1.17354,0.678045,0.365101,0.182551,0.130393,0.0260787,0.0521573,0,0.0260787,0,0,0,0
64677,64689,64683,15.8,-104.496,39.8455,108.883,-63.805,394.473,10.2469,1.32608,66.2277,0.149827,0.000350734,5.71788,2.46265,1.04733,0.367982,0.283063,0.169838,0.084919,0.0566127,0.0283063,0.0283063,0,0,0,0,0
64690,64712,64701,15.9,-104.492,39.8465,106.806,-64.4052,395.517,10.0969,1.35943,61.2168,0.135093,0.000288675,5.05653,2.22034,1.02103,0.875169,0.648273,0.194482,0.0162068,0.0486205,0,0.0162068,0,0,0,0,0
64713,64738,64726,16,-104.485,39.8477,105.092,-64.4025,397.348,11.1336,1.57676,81.9482,0.155917,0.000393706,5.77244,2.42528,1.14882,0.751694,0.53895,0.297841,0.113463,0.0425487,0.0283658,0,0.0141829,0,0,0,0
64739,64763,64751,16.1,-104.477,39.8488,103.438,-64.7209,398.546,11.7147,1.58239,69.6791,0.132102,0.000345884,5.81073,2.73446,1.27401,0.838982,0.543785,0.357344,0.0776836,0.0776836,0,0,0,0,0,0,0
64765,64786,64776,16.2,-104.469,39.8496,101.837,-65.5109,398.813,11.2624,1.52332,76.8343,0.151316,0.000332632,5.63121,2.8078,1.23231,0.608358,0.670753,0.124791,0.109192,0.0623956,0,0,0,0.0155989,0,0,0
64790,64815,64802,16.3,-104.46,39.8506,100.078,-66.2728,399.326,10.5106,1.45432,69.3654,0.143088,0.000384567,5.47485,2.48358,0.974221,0.603743,0.521414,0.164657,0.178378,0.0823285,0.0274428,0,0,0,0,0,0
64816,64842,64829,16.4,-104.451,39.8516,98.4896,-66.6313,400.464,10.3691,1.40902,73.2185,0.155892,0.000333443,5.5691,2.15073,1.21067,0.726404,0.327594,0.170919,0.128189,0.0569729,0.0142432,0,0,0.0142432,0,0,0
64843,64870,64856,16.5,-104.442,39.8524,96.8492,-67.1975,401.291,10.0643,1.46134,79.7942,0.16381,0.000371273,4.85335,2.31173,1.28997,0.753546,0.459791,0.166036,0.153264,0.0255439,0.0383159,0,0,0,0.012772,0,0
64872,64900,64886,16.6,-104.433,39.8533,95.2488,-67.3269,402.946,9.97942,1.45917,71.3335,0.146659,0.000386381,4.65942,2.41818,1.15601,0.695964,0.566208,0.247716,0.165144,0.035388,0.023592,0.011796,0,0,0,0,0
64904,64935,64920,16.7,-104.422,39.8542,93.57,-66.9497,405.746,9.86833,1.4725,76.1326,0.155109,0.0003724,4.34858,2.58674,1.20172,0.641594,0.590674,0.305521,0.142576,0.010184,0.0305521,0,0,0.010184,0,0,0
64936,64967,64952,16.8,-104.411,39.8546,92.0597,-66.8245,407.885,9.93553,1.5146,77.5898,0.153684,0.000431225,4.59373,2.20204,1.26433,0.842887,0.48466,0.284474,0.168577,0.0526804,0.0210722,0.0210722,0,0,0,0,0
64969,64996,64982,16.9,-104.4,39.8543,90.5831,-66.8469,409.723,10.7043,1.56876,80.979,0.154859,0.000362421,4.64483,2.55819,1.61508,0.884168,0.601234,0.200411,0.141467,0.0353667,0.0117889,0,0,0,0.0117889,0,0
64998,65023,65010,17,-104.392,39.854,89.15,-66.7335,411.824,11.1066,1.87551,99.2488,0.158755,0.000567984,4.25642,2.42084,1.79568,1.19712,0.758175,0.30593,0.239424,0.0931092,0.0133013,0.0266026,0,0,0,0,0
65024,65048,65036,17.1,-104.384,39.8541,87.6355,-67.2882,412.735,11.0058,1.80701,88.5427,0.146999,0.000488168,4.04011,2.45193,1.92254,1.11451,0.78016,0.431874,0.181109,0.0557257,0.0278629,0,0,0,0,0,0
65049,65070,65060,17.2,-104.378,39.8544,86.1367,-67.7561,413.824,10.2195,1.63677,78.1275,0.143198,0.000420471,3.6681,2.37147,1.85964,1.05778,0.71656,0.272975,0.221792,0.0341219,0.0170609,0,0,0,0,0,0
65071,65091,65081,17.3,-104.372,39.8551,84.739,-68.3233,414.623,10.7912,1.80949,87.1057,0.144414,0.000470626,3.6944,2.26337,2.04433,1.28501,0.773926,0.467276,0.233638,0.0146024,0.0146024,0,0,0,0,0,0
65092,65110,65101,17.4,-104.367,39.856,83.44,-67.9762,417.163,11.0841,1.8879,92.9702,0.147736,0.000504812,3.41791,2.81929,1.81516,1.37103,1.04275,0.424825,0.0772409,0.0772409,0.0386205,0,0,0,0,0,0
