api/src/app/data/B2SAP/Locations/Boulder/NOAA-POPS-B2SAP_GMLBalloon_20210122_R0.ict
61,1001
Thornberry, T. D.
NOAA Chemical Sciences Laboratory
Portable Optical Particle Spectrometer (POPS)
Balloon Baseline Stratospheric Aerosol Profiles (B2SAP)
1,1
2021,01,22,2024,05,30
0
TIME_START,s,Seconds since midnight UTC on flight start day,Start time of 100 m altitude bin in UTC_seconds_since_midnight
28
1.0,1.0,1.0,1.0,1.0,1.0,1.0,1.0,1.0,1.0,1.0,1.0,1.0,1.0,1.0,1.0,1.0,1.0,1.0,1.0,1.0,1.0,1.0,1.0,1.0,1.0,1.0,1.0
99999,99999,99999,99999,99999,99999,99999,99999,99999,99999,99999,99999,99999,99999,99999,99999,99999,99999,99999,99999,99999,99999,99999,99999,99999,99999,99999,99999
TIME_STOP,s,End time of 100 m altitude bin in UTC seconds since midnight,
TIME_MID,s,Mid time of 100 m altitude in UTC seconds since midnight,
GPSAlt,m,GPS reported altitude above sea level (m),
GPS_Lon,deg,GPS reported longitude,
GPS_Lat,deg,GPS reported latitude,
iMet_Pressure,mb,Pressure reported (mB),
iMet_Temperature,degrees C,Ambient temperature (oC),
THETA,K,Potential temperature from iMet,
Aerosol_concentration,cm^-3,Aerosol concentration,
Surface_Area_Conc,um^2 cm^-3,Surface area concentration,
Volume_density,um^3 cm^-3,Volume density,
Effective_radius,um,Effective radius,
Extinction,km^-1,Extinction,
Bin01,cm^-3,particle concentration in size range [140 - 170 nm],
Bin02,cm^-3,particle concentration in size range [170 - 205 nm],
Bin03,cm^-3,particle concentration in size range [205 - 249 nm],
Bin04,cm^-3,particle concentration in size range [249 - 302 nm],
Bin05,cm^-3,particle concentration in size range [302 - 366 nm],
Bin06,cm^-3,particle concentration in size range [366 - 443 nm],
Bin07,cm^-3,particle concentration in size range [443 - 537 nm],
Bin08,cm^-3,particle concentration in size range [537 - 651 nm],
Bin09,cm^-3,particle concentration in size range [651 - 789 nm],
Bin10,cm^-3,particle concentration in size range [789 - 956 nm],
Bin11,cm^-3,particle concentration in size range [956 - 1159 nm],
Bin12,cm^-3,particle concentration in size range [1159 - 1404 nm],
Bin13,cm^-3,particle concentration in size range [1404 - 1702 nm],
Bin14,cm^-3,particle concentration in size range [1702 - 2062 nm],
Bin15,cm^-3,particle concentration in size range [2062 - 2500 nm],
0
19
PI_CONTACT_INFO: 325 Broadway R/CSL6, Boulder, CO 80305; troy.thornberry@noaa.gov; 303-497-3373 
PLATFORM: GML ECC/FPH balloon
LOCATION: Boulder, CO, USA
ASSOCIATED_DATA: N/A
INSTRUMENT_INFO: Printed Optical Particle Spectrometer counts particles from 140 - 2500 nm in diameter 
DATA_INFO: Particle concentrations reported in number per cubic centimeter, binned to 100 m altitude
UNCERTAINTY: Counting uncertainty dominated by air flow, less than 5 percent
ULOD_FLAG: -77777
ULOD_VALUE: 3000 ~3000 per cm3 (varies depending on flow rate- manufacturer quotes 1250  per cm3 at 1.667 cc/s)
LLOD_FLAG: -88888
LLOD_VALUE: 0 0 (varies depending on data field and measurement precision)
DM_CONTACT_INFO: Troy Thornberry, 325 Broadway R/CSL6, Boulder, CO 80305; troy.thornberry@noaa.gov; 303-497-3373
PROJECT_INFO: B2SAP Boulder, CO, USA
STIPULATIONS_ON_USE: Please contact the PIs for questions regarding applications and uncertainties
OTHER_COMMENTS: POPS bin Edges (nm):  140, 170, 205, 249, 302, 366, 443, 537, 651, 789, 956, 1159, 1404, 1702, 2062, 2500
Calculations assume sulfate refractive index of 1.45+0.00j and extinction wavelength = 532 nm
REVISION: R0
R0: QA/QC data
TIME_START,TIME_STOP,TIME_MID,GPSAlt,GPS_Lon,GPS_Lat,iMet_Pressure,iMet_Temperature,THETA,Aerosol_concentration,Surface_Area_Conc,Volume_density,Effective_radius,Extinction,Bin01,Bin02,Bin03,Bin04,Bin05,Bin06,Bin07,Bin08,Bin09,Bin10,Bin11,Bin12,Bin13,Bin14,Bin15
[from data line 227]
67678,67703,67690,24.4,-103.823,40.0003,26.0362,-53.6962,622.355,2.23524,0.586837,37.4727,0.191566,0.000255168,0.582093,0.37254,0.267763,0.244479,0.349256,0.197912,0.197912,0.0116419,0,0.0116419,0,0,0,0,0
67704,67729,67716,24.5,-103.826,40.001,25.6435,-53.4358,625.805,2.20917,0.574028,36.1346,0.188848,0.000260432,0.64288,0.397417,0.245463,0.198708,0.292218,0.163642,0.210397,0.0584436,0,0,0,0,0,0,0
67730,67754,67742,24.6,-103.828,40.0023,25.2533,-53.0312,629.704,1.94852,0.453723,27.0678,0.178972,0.000187262,0.65378,0.346119,0.230746,0.16665,0.205107,0.16665,0.153831,0.0256384,0,0,0,0,0,0,0
67755,67778,67766,24.7,-103.83,40.0034,24.8079,-53.3304,632.062,1.96036,0.469565,29.4189,0.187954,0.000207772,0.545267,0.493337,0.233686,0.168773,0.181756,0.142808,0.142808,0.0389476,0.0129825,0,0,0,0,0,0
67779,67802,67790,24.8,-103.833,40.0042,24.4396,-53.8762,633.181,2.18397,0.515405,31.2536,0.181917,0.000214879,0.627728,0.418486,0.326942,0.183087,0.300787,0.130777,0.156932,0.0261554,0.0130777,0,0,0,0,0,0
67803,67827,67815,24.9,-103.835,40.0048,24.0592,-53.6832,636.599,1.84446,0.489659,31.023,0.190069,0.000221757,0.397072,0.358645,0.30741,0.217749,0.20494,0.153705,0.128088,0.0768526,0,0,0,0,0,0,0
67828,67851,67840,25,-103.838,40.0052,23.6525,-54.5738,637.103,1.7245,0.416086,25.1929,0.181642,0.000174638,0.547782,0.304324,0.202882,0.142018,0.202882,0.182594,0.101441,0.0405765,0,0,0,0,0,0,0
67852,67874,67863,25.1,-103.841,40.0051,23.2536,-54.6868,639.88,1.94569,0.491271,31.6194,0.193087,0.000232283,0.463973,0.598675,0.209536,0.164636,0.119735,0.134702,0.179602,0.0748344,0,0,0,0,0,0,0
67875,67896,67886,25.2,-103.843,40.0047,22.8741,-54.55,643.297,1.92064,0.560245,37.6926,0.201837,0.000283265,0.450151,0.375126,0.225075,0.255085,0.15005,0.165055,0.195065,0.105035,0,0,0,0,0,0,0
67897,67919,67908,25.3,-103.846,40.0042,22.5374,-54.733,645.485,2.22086,0.578789,36.5299,0.189343,0.000258302,0.496771,0.438328,0.394495,0.189942,0.277608,0.189942,0.175331,0.0438328,0.0146109,0,0,0,0,0,0
67920,67944,67932,25.4,-103.848,40.0041,22.1696,-54.1458,650.277,2.00134,0.534178,33.2841,0.186927,0.0002398,0.549662,0.338254,0.239596,0.183221,0.239596,0.183221,0.25369,0.0140939,0,0,0,0,0,0,0
67945,67968,67956,25.5,-103.85,40.0043,21.7817,-54.2617,653.206,1.91627,0.569547,38.7433,0.204074,0.000293465,0.461058,0.345794,0.230529,0.244937,0.172897,0.144081,0.201713,0.115265,0,0,0,0,0,0,0
67969,67993,67981,25.6,-103.853,40.0044,21.4384,-54.5372,655.364,1.78469,0.47547,29.5565,0.186488,0.000211103,0.376459,0.404344,0.223087,0.181258,0.223087,0.153372,0.195201,0.0278858,0,0,0,0,0,0,0
67994,68017,68006,25.7,-103.855,40.0042,21.1025,-54.9021,657.221,2.02614,0.566737,36.595,0.193714,0.000262967,0.425782,0.352371,0.293643,0.264279,0.264279,0.176186,0.190868,0.0440464,0.0146821,0,0,0,0,0,0
68018,68042,68030,25.8,-103.859,40.0037,20.776,-54.4204,661.617,1.81824,0.540097,36.2445,0.201322,0.000274854,0.400873,0.357922,0.257704,0.157486,0.200436,0.114535,0.257704,0.0715844,0,0,0,0,0,0,0
68043,68066,68054,25.9,-103.862,40.0033,20.4621,-54.7317,663.557,2.17076,0.544264,34.2468,0.188769,0.000242033,0.598831,0.449123,0.179649,0.299415,0.314386,0.0898246,0.179649,0.0449123,0.0149708,0,0,0,0,0,0
68067,68091,68079,26,-103.866,40.0027,20.1008,-54.7084,667.005,1.85331,0.513204,31.7367,0.185521,0.000224256,0.379417,0.262674,0.262674,0.277267,0.306452,0.131337,0.204302,0.0291859,0,0,0,0,0,0,0
68092,68115,68104,26.1,-103.87,40.0023,19.7671,-54.7592,670.058,1.61494,0.538528,42.9734,0.239394,0.000311328,0.399889,0.246086,0.292227,0.0461411,0.261466,0.0922821,0.184564,0.0461411,0.0153804,0.0307607,0,0,0,0,0
68116,68138,68127,26.2,-103.874,40.0023,19.483,-54.2848,674.285,1.9821,0.626932,42.1167,0.201537,0.000309403,0.177261,0.402866,0.338407,0.306178,0.273949,0.193376,0.193376,0.0805732,0.0161146,0,0,0,0,0,0
68139,68160,68150,26.3,-103.877,40.0026,19.1841,-54.7291,675.905,1.91755,0.655396,44.6477,0.20437,0.000335578,0.259128,0.190028,0.345505,0.224578,0.380055,0.190028,0.207303,0.120927,0,0,0,0,0,0,0
68161,68183,68172,26.4,-103.881,40.0034,18.853,-55.033,678.323,1.57365,0.480808,35.4866,0.221419,0.000258541,0.447248,0.265036,0.198777,0.0828237,0.198777,0.165647,0.115953,0.0828237,0,0.0165647,0,0,0,0,0
68184,68205,68194,26.5,-103.884,40.0043,18.5336,-54.6836,682.746,1.56646,0.436555,28.3901,0.195096,0.000202711,0.284811,0.320412,0.231409,0.195807,0.231409,0.124605,0.124605,0.0356014,0.0178007,0,0,0,0,0,0
68206,68228,68217,26.6,-103.887,40.0052,18.2483,-55.4778,683.279,1.88523,0.613241,42.9448,0.210088,0.000304015,0.2228,0.257077,0.274215,0.342769,0.411323,0.102831,0.188523,0.0685539,0,0.0171385,0,0,0,0,0
68229,68251,68240,26.7,-103.89,40.0062,17.9726,-55.96,684.728,1.57134,0.482259,32.1994,0.200304,0.000238973,0.259012,0.259012,0.310815,0.155407,0.172675,0.189942,0.13814,0.0863375,0,0,0,0,0,0,0
68252,68275,68264,26.8,-103.893,40.0069,17.6696,-56.085,687.681,1.5796,0.469455,33.1318,0.211725,0.000229987,0.288745,0.40764,0.10191,0.20382,0.20382,0.220805,0.084925,0.050955,0,0.016985,0,0,0,0,0
68276,68299,68288,26.9,-103.895,40.0075,17.3663,-56.1121,690.993,1.35897,0.300686,17.3761,0.173365,0.000116081,0.441665,0.23782,0.186858,0.169871,0.101923,0.11891,0.0849356,0.0169871,0,0,0,0,0,0,0
68300,68322,68311,27,-103.898,40.0083,17.0983,-55.9504,694.603,1.46058,0.435106,27.5285,0.189806,0.000197436,0.249368,0.195932,0.213744,0.160308,0.338428,0.106872,0.160308,0.035624,0,0,0,0,0,0,0
68325,68351,68338,27.1,-103.901,40.0092,16.7878,-55.5078,699.66,1.11676,0.300652,18.4066,0.183666,0.000127665,0.170616,0.186126,0.201637,0.201637,0.170616,0.062042,0.0930631,0.031021,0,0,0,0,0,0,0
68352,68429,68390,27.2,-103.906,40.0102,16.4742,-54.0169,708.275,1.35116,0.397751,26.2876,0.198272,0.000196093,0.235363,0.287666,0.235363,0.12204,0.139474,0.113323,0.165626,0.0523029,0,0,0,0,0,0,0
68396,68421,68408,27.3,-103.91,40.0109,16.3396,-49.1258,725.769,1.29129,0.398999,26.207,0.197046,0.00019345,0.225976,0.14527,0.225976,0.193694,0.193694,0.0968469,0.161412,0.0484235,0,0,0,0,0,0,0
61749,75475,68612,1.8,-104.325,39.9785,818.636,-0.407,288.79,320.516,44.2145,2439.36,0.165513,0.00971287,148.016,82.0353,44.9904,21.3298,14.3719,5.22786,3.07003,0.858728,0.179295,0.11953,0.0629105,0.0786381,0.0754926,0.066056,0.0346008
61803,75507,68655,1.7,-102.098,40.0555,823.774,-2.62656,285.931,140.942,20.6558,1104.67,0.16044,0.00422703,51.905,36.2657,26.1873,15.5141,7.50145,2.1075,0.918119,0.323428,0.0417327,0.0417327,0.0104332,0.0312995,0.062599,0.0104332,0.0208663
68422,68455,68438,27.2,-103.914,40.0116,16.4517,-52.726,712.727,1.56117,0.51109,34.3045,0.201361,0.000258829,0.241272,0.22708,0.241272,0.156117,0.28385,0.11354,0.241272,0.05677,0,0,0,0,0,0,0
68456,68481,68468,27.1,-103.918,40.0124,16.7246,-54.5865,703.382,1.318,0.395361,25.7527,0.195411,0.000184941,0.195259,0.178988,0.260346,0.113901,0.325432,0.0650864,0.146444,0.0162716,0.0162716,0,0,0,0,0,0
68482,68505,68494,27,-103.921,40.0134,17.0033,-55.875,695.947,1.19529,0.357267,23.3418,0.196004,0.000164419,0.105467,0.140623,0.281245,0.246089,0.228512,0.0527335,0.0878891,0.0351556,0.0175778,0,0,0,0,0,0
68506,68527,68516,26.9,-103.923,40.0142,17.2823,-54.2482,697.897,1.3704,0.40363,26.4221,0.196383,0.000194347,0.209366,0.209366,0.323566,0.190333,0.1142,0.1142,0.152266,0.0570999,0,0,0,0,0,0,0
68528,68547,68538,26.8,-103.926,40.0148,17.603,-56.159,688.185,1.55542,0.474915,33.5153,0.211714,0.000250618,0.315289,0.231212,0.336308,0.126116,0.210193,0.084077,0.189173,0.0210193,0.0420385,0,0,0,0,0,0
68548,68566,68557,26.7,-103.928,40.0155,17.8505,-55.2179,688.416,1.48726,0.510568,35.1117,0.20631,0.000269101,0.215545,0.193991,0.215545,0.258654,0.150882,0.129327,0.258654,0.0646636,0,0,0,0,0,0,0
68567,68583,68575,26.6,-103.93,40.0163,18.1176,-55.3253,685.159,1.5606,0.4313,25.8501,0.179806,0.000172798,0.168065,0.240093,0.240093,0.360139,0.288111,0.144056,0.0720278,0.0480186,0,0,0,0,0,0,0
68584,68601,68592,26.5,-103.932,40.0172,18.4237,-54.7762,683.618,1.45054,0.430599,31.6267,0.220345,0.000229638,0.279929,0.330825,0.254481,0.101792,0.178137,0.178137,0.0508962,0,0.0763443,0,0,0,0,0,0
68602,68618,68610,26.4,-103.935,40.018,18.7881,-54.8669,679.506,2.15898,0.750436,51.842,0.207247,0.00039864,0.301254,0.301254,0.301254,0.326358,0.276149,0.175731,0.376567,0.100418,0,0,0,0,0,0,0
68619,68633,68626,26.3,-103.938,40.0185,19.0673,-53.7967,679.978,1.91666,0.55756,37.7733,0.203243,0.000266238,0.288812,0.315067,0.367579,0.236301,0.393834,0.157534,0.0525112,0.0525112,0.0525112,0,0,0,0,0,0
68634,68648,68641,26.2,-103.94,40.0188,19.376,-54.2367,675.501,1.78897,0.576912,41.5714,0.216175,0.000284105,0.263084,0.210467,0.289392,0.289392,0.342009,0.210467,0.105233,0.0526167,0,0.0263084,0,0,0,0,0
68649,68663,68656,26.1,-103.942,40.0189,19.6793,-54.3593,672.134,1.9965,0.528042,34.1672,0.194116,0.000245167,0.388208,0.554583,0.249563,0.221833,0.166375,0.166375,0.221833,0,0.0277292,0,0,0,0,0,0
68665,68677,68671,26,-103.944,40.0189,20.02,-54.5179,668.364,2.35146,0.617414,43.5312,0.211517,0.000298617,0.628878,0.574193,0.355453,0.054685,0.300768,0.21874,0.136713,0.054685,0,0.0273425,0,0,0,0,0
68678,68693,68686,25.9,-103.947,40.0187,20.3994,-54.1244,665.983,1.61845,0.386601,22.9793,0.178318,0.000156066,0.261808,0.452213,0.285608,0.166605,0.238007,0.0714021,0.0952028,0.0476014,0,0,0,0,0,0,0
68694,68707,68700,25.8,-103.949,40.0186,20.7257,-54.5164,661.79,1.76439,0.564247,40.2308,0.2139,0.000308431,0.347531,0.374264,0.240598,0.133666,0.213865,0.133666,0.213865,0.0801994,0.0267331,0,0,0,0,0,0
68708,68722,68715,25.7,-103.95,40.0185,21.0353,-54.4927,659.052,1.96793,0.438264,26.1877,0.17926,0.00018069,0.548032,0.423479,0.44839,0.124553,0.0996422,0.149463,0.124553,0.0498211,0,0,0,0,0,0,0
68723,68736,68730,25.6,-103.952,40.0185,21.4064,-54.6879,655.196,1.91103,0.548096,36.0603,0.197376,0.000264113,0.37159,0.37159,0.291964,0.265421,0.159253,0.212337,0.132711,0.106169,0,0,0,0,0,0,0
68737,68750,68744,25.5,-103.953,40.0187,21.735,-54.2336,653.693,1.90455,0.45129,24.7156,0.1643,0.000153767,0.313077,0.391346,0.260898,0.339167,0.339167,0.156539,0.104359,0,0,0,0,0,0,0,0
68751,68764,68758,25.4,-103.954,40.0189,22.0693,-54.1193,651.195,2.17685,0.589548,39.3375,0.200175,0.000289068,0.466468,0.492383,0.362809,0.285064,0.129574,0.129574,0.233234,0.0518298,0.0259149,0,0,0,0,0,0
68765,68778,68772,25.3,-103.955,40.019,22.41,-53.9814,648.76,2.11529,0.561716,39.2332,0.209536,0.00026619,0.490128,0.386943,0.464332,0.180574,0.232166,0.128981,0.180574,0.0257962,0,0.0257962,0,0,0,0,0
68779,68792,68786,25.2,-103.957,40.0187,22.7915,-54.3669,644.498,2.20252,0.617057,37.4372,0.182012,0.000260461,0.462257,0.244725,0.353491,0.271916,0.353491,0.271916,0.244725,0,0,0,0,0,0,0,0
68793,68805,68799,25.1,-103.958,40.0184,23.1958,-54.5908,640.619,1.82824,0.317856,14.6905,0.138653,7.31407e-05,0.589755,0.383341,0.206414,0.294878,0.235902,0.117951,0,0,0,0,0,0,0,0,0
68806,68816,68811,25,-103.959,40.0184,23.5167,-54.7833,637.535,1.95584,0.427832,24.0092,0.168355,0.000153253,0.469401,0.391168,0.312934,0.352051,0.195584,0.11735,0.0782335,0.0391168,0,0,0,0,0,0,0
68817,68827,68822,24.9,-103.96,40.0185,23.9036,-54.6764,634.891,2.03672,0.337911,16.289,0.144615,9.091e-05,0.720686,0.626684,0.156671,0.156671,0.250673,0.0626684,0.0626684,0,0,0,0,0,0,0,0
68828,68838,68833,24.8,-103.962,40.0187,24.3173,-54.1091,633.42,2.0627,0.466379,27.1782,0.174825,0.000184071,0.656314,0.343783,0.281277,0.187518,0.343783,0.0625061,0.156265,0.031253,0,0,0,0,0,0,0
68839,68849,68844,24.7,-103.962,40.0191,24.7027,-53.8664,631.282,2.22115,0.47273,26.8002,0.170077,0.000176676,0.709533,0.431889,0.370191,0.123397,0.308492,0.123397,0.123397,0.0308492,0,0,0,0,0,0,0
68850,68861,68856,24.6,-103.963,40.0196,25.095,-53.3667,629.881,2.03143,0.522438,32.8389,0.188571,0.000233142,0.556556,0.361762,0.278278,0.194795,0.25045,0.194795,0.111311,0.0834835,0,0,0,0,0,0,0
68862,68873,68868,24.5,-103.965,40.0202,25.5208,-52.8508,628.328,1.94282,0.37752,19.0776,0.151602,0.000110284,0.388564,0.582847,0.305301,0.222037,0.305301,0.0555092,0.0832638,0,0,0,0,0,0,0,0
68874,68886,68880,24.4,-103.966,40.0207,25.99,-52.7508,625.354,2.40496,0.488594,26.7415,0.164194,0.000171722,0.683515,0.531623,0.480992,0.253154,0.126577,0.151892,0.177208,0,0,0,0,0,0,0,0
68887,68899,68893,24.3,-103.967,40.0208,26.4162,-53.1915,621.205,2.32728,0.661209,44.9691,0.204031,0.000340582,0.650638,0.375368,0.425417,0.150147,0.175172,0.200196,0.200196,0.150147,0,0,0,0,0,0,0
68901,68913,68907,24.2,-103.968,40.0209,26.8243,-54.2079,615.644,2.6626,0.832615,56.726,0.20439,0.000429228,0.630616,0.30363,0.42041,0.233561,0.42041,0.210205,0.280274,0.163493,0,0,0,0,0,0,0
68914,68927,68920,24.1,-103.969,40.0213,27.2586,-54.8629,610.975,2.29347,0.599222,37.0098,0.185289,0.000262417,0.619237,0.34402,0.183478,0.412825,0.366955,0.0688041,0.252282,0.0458694,0,0,0,0,0,0,0
68928,68940,68934,24,-103.97,40.0216,27.7077,-55.11,607.452,2.71866,0.793448,52.6114,0.198922,0.000384436,0.716738,0.494302,0.173006,0.197721,0.494302,0.321296,0.222436,0.0741453,0.0247151,0,0,0,0,0,0
68941,68954,68948,23.9,-103.972,40.0219,28.1493,-54.7814,605.618,2.4798,0.722723,53.5391,0.222239,0.000382114,0.728015,0.273006,0.45501,0.204754,0.386758,0.136503,0.159253,0.0682514,0.045501,0.0227505,0,0,0,0,0
68955,68968,68962,23.8,-103.974,40.0224,28.6286,-54.7021,602.927,2.59065,0.747745,51.4535,0.206435,0.000389694,0.714661,0.468996,0.334997,0.200998,0.312664,0.133999,0.290331,0.111666,0.0223332,0,0,0,0,0,0
68969,68981,68975,23.7,-103.976,40.0227,29.0769,-54.3408,601.249,2.47365,0.593874,35.8701,0.1812,0.000247181,0.648432,0.48032,0.384256,0.288192,0.264176,0.192128,0.144096,0.072048,0,0,0,0,0,0,0
68982,68995,68988,23.6,-103.978,40.0228,29.5246,-54.5838,597.96,2.08689,0.499499,28.9742,0.17402,0.00019449,0.521723,0.474293,0.118573,0.403149,0.189717,0.189717,0.189717,0,0,0,0,0,0,0,0
68996,69008,69002,23.5,-103.98,40.0229,30.0031,-54.9746,594.169,3.46013,0.624131,33.1911,0.159539,0.000207723,1.4123,0.82384,0.353074,0.235383,0.235383,0.235383,0.14123,0.0235383,0,0,0,0,0,0,0
69009,69022,69016,23.4,-103.982,40.023,30.5093,-55.4514,590.027,2.37079,0.751001,51.3004,0.204928,0.000390714,0.517263,0.387947,0.258632,0.237079,0.366395,0.172421,0.301737,0.129316,0,0,0,0,0,0,0
69023,69035,69029,23.3,-103.983,40.0231,30.9877,-55.7869,586.516,2.60979,0.52519,31.3892,0.179302,0.000211239,1.0393,0.531196,0.25405,0.277146,0.25405,0.0692864,0.115477,0.046191,0.0230955,0,0,0,0,0,0
69036,69049,69042,23.2,-103.983,40.0234,31.5186,-56.8371,580.846,2.62843,0.570531,32.6201,0.171525,0.000215694,0.818693,0.646336,0.193901,0.23699,0.387802,0.172356,0.129267,0.0430891,0,0,0,0,0,0,0
69050,69062,69056,23.1,-103.984,40.0238,32.0023,-56.9308,578.078,3.03488,0.75542,52.0539,0.206722,0.00036512,0.981203,0.593286,0.456374,0.296643,0.182549,0.205368,0.182549,0.114093,0,0.0228187,0,0,0,0,0
69063,69076,69070,23,-103.985,40.0242,32.5036,-56.5693,576.483,2.9666,0.662768,38.6412,0.174909,0.000259884,0.820549,0.589112,0.483914,0.357675,0.336636,0.126238,0.189358,0.0631192,0,0,0,0,0,0,0
69077,69091,69084,22.9,-103.986,40.0244,33.07,-56.5147,573.783,2.56868,0.66482,42.1114,0.190028,0.000301192,0.564331,0.505952,0.467033,0.311355,0.272436,0.155678,0.175137,0.116758,0,0,0,0,0,0,0
69092,69106,69099,22.8,-103.988,40.0242,33.6653,-57.1507,569.2,2.65819,0.650045,40.3996,0.186447,0.000282718,0.731964,0.52008,0.404506,0.192622,0.404506,0.192622,0.0770489,0.134835,0,0,0,0,0,0,0
69107,69121,69114,22.7,-103.989,40.0238,34.19,-57.0787,566.867,3.18722,0.823656,53.8581,0.196167,0.000388623,0.883206,0.576004,0.480003,0.288002,0.460803,0.115201,0.268802,0.0768005,0.0384002,0,0,0,0,0,0
69122,69137,69130,22.6,-103.991,40.0233,34.7627,-57.0993,564.137,3.06128,0.720381,43.0791,0.179401,0.000296606,0.91268,0.570425,0.45634,0.285213,0.285213,0.285213,0.209156,0.0570425,0,0,0,0,0,0,0
