api/src/app/data/B2SAP/Locations/Boulder/NOAA-POPS-B2SAP_GMLBalloon_20190607_R0.ict
61,1001
Thornberry, T. D.
NOAA Chemical Sciences Laboratory
Portable Optical Particle Spectrometer (POPS)
Balloon Baseline Stratospheric Aerosol Profiles (B2SAP)
1,1
2019,06,07,2024,05,30
0
TIME_START,s,Seconds since midnight UTC on flight start day,Start time of 100 m altitude bin in UTC_seconds_since_midnight
28
1.0,1.0,1.0,1.0,1.0,1.0,1.0,1.0,1.0,1.0,1.0,1.0,1.0,1.0,1.0,1.0,1.0,1.0,1.0,1.0,1.0,1.0,1.0,1.0,1.0,1.0,1.0,1.0
99999,99999,99999,99999,99999,99999,99999,99999,99999,99999,99999,99999,99999,99999,99999,99999,99999,99999,99999,99999,99999,99999,99999,99999,99999,99999,99999,99999
TIME_STOP,s,End time of 100 m altitude bin in UTC seconds since midnight,
TIME_MID,s,Mid time of 100 m altitude in UTC seconds since midnight,
GPSAlt,m,GPS reported altitude above sea level (m),
GPS_Lon,deg,GPS reported longitude,
GPS_Lat,deg,GPS reported latitude,
iMet_Pressure,mb,Pressure reported (mB),
iMet_Temperature,degrees C,Ambient temperature (oC),
THETA,K,Potential temperature from iMet,
Aerosol_concentration,cm^-3,Aerosol concentration,
Surface_Area_Conc,um^2 cm^-3,Surface area concentration,
Volume_density,um^3 cm^-3,Volume density,
Effective_radius,um,Effective radius,
Extinction,km^-1,Extinction,
Bin01,cm^-3,particle concentration in size range [140 - 170 nm],
Bin02,cm^-3,particle concentration in size range [170 - 205 nm],
Bin03,cm^-3,particle concentration in size range [205 - 249 nm],
Bin04,cm^-3,particle concentration in size range [249 - 302 nm],
Bin05,cm^-3,particle concentration in size range [302 - 366 nm],
Bin06,cm^-3,particle concentration in size range [366 - 443 nm],
Bin07,cm^-3,particle concentration in size range [443 - 537 nm],
Bin08,cm^-3,particle concentration in size range [537 - 651 nm],
Bin09,cm^-3,particle concentration in size range [651 - 789 nm],
Bin10,cm^-3,particle concentration in size range [789 - 956 nm],
Bin11,cm^-3,particle concentration in size range [956 - 1159 nm],
Bin12,cm^-3,particle concentration in size range [1159 - 1404 nm],
Bin13,cm^-3,particle concentration in size range [1404 - 1702 nm],
Bin14,cm^-3,particle concentration in size range [1702 - 2062 nm],
Bin15,cm^-3,particle concentration in size range [2062 - 2500 nm],
0
19
PI_CONTACT_INFO: 325 Broadway R/CSL6, Boulder, CO 80305; troy.thornberry@noaa.gov; 303-497-3373 
PLATFORM: GML ECC/FPH balloon
LOCATION: Boulder, CO, USA
ASSOCIATED_DATA: N/A
INSTRUMENT_INFO: Printed Optical Particle Spectrometer counts particles from 140 - 2500 nm in diameter 
DATA_INFO: Particle concentrations reported in number per cubic centimeter, binned to 100 m altitude
UNCERTAINTY: Counting uncertainty dominated by air flow, less than 5 percent
ULOD_FLAG: -77777
ULOD_VALUE: 3000 ~3000 per cm3 (varies depending on flow rate- manufacturer quotes 1250  per cm3 at 1.667 cc/s)
LLOD_FLAG: -88888
LLOD_VALUE: 0 0 (varies depending on data field and measurement precision)
DM_CONTACT_INFO: Troy Thornberry, 325 Broadway R/CSL6, Boulder, CO 80305; troy.thornberry@noaa.gov; 303-497-3373
PROJECT_INFO: B2SAP Boulder, CO, USA
STIPULATIONS_ON_USE: Please contact the PIs for questions regarding applications and uncertainties
OTHER_COMMENTS: POPS bin Edges (nm):  140, 170, 205, 249, 302, 366, 443, 537, 651, 789, 956, 1159, 1404, 1702, 2062, 2500
Calculations assume sulfate refractive index of 1.45+0.00j and extinction wavelength = 532 nm
REVISION: R0
R0: QA/QC data
TIME_START,TIME_STOP,TIME_MID,GPSAlt,GPS_Lon,GPS_Lat,iMet_Pressure,iMet_Temperature,THETA,Aerosol_concentration,Surface_Area_Conc,Volume_density,Effective_radius,Extinction,Bin01,Bin02,Bin03,Bin04,Bin05,Bin06,Bin07,Bin08,Bin09,Bin10,Bin11,Bin12,Bin13,Bin14,Bin15
57256,57281,57268,1.7,-105.197,39.9492,821.284,22.2237,312.463,665.826,144.454,8986.4,0.186629,0.0536216,188.167,136.342,112.085,87.6519,60.5674,38.8517,31.2041,8.85284,0.986084,0.482085,0.306782,0.109565,0.109565,0.0657389,0.0438259
57602,57630,57616,1.8,-105.197,39.9492,818.387,19.9929,310.421,679.932,148.126,9616.81,0.19477,0.0544579,189.776,140.823,118.505,87.5533,61.9034,40.2561,30.7212,8.00511,0.943011,0.440072,0.461027,0.209558,0.146691,0.104779,0.0838232
57631,57651,57641,1.9,-105.198,39.9493,809.542,19.0457,310.381,646.071,140.336,8906.57,0.190398,0.0517737,179.144,133.359,111.975,85.7552,57.5465,38.1846,29.9444,8.18963,0.876256,0.404426,0.370724,0.101107,0.0674043,0.0674043,0.0842554
57652,57670,57661,2,-105.198,39.9493,800.013,18.8894,311.264,511.506,110.621,6970.34,0.189033,0.0404861,141.471,106.633,88.4342,67.3956,46.237,30.738,22.5185,6.45958,0.739951,0.319979,0.259983,0.0999934,0.0999934,0.0399974,0.0599961
57671,57690,57680,2.1,-105.198,39.9495,790.01,19.2295,312.746,418.617,86.8922,5127.29,0.177022,0.0314152,126.062,87.2899,68.5572,53.0378,35.8411,23.2703,18.0971,5.19079,0.670918,0.388426,0.105934,0.0706229,0.0176557,0,0.0176557
57691,57709,57700,2.2,-105.198,39.9497,781.347,19.7032,314.243,407.657,86.8652,5495.03,0.189778,0.0318512,122.751,84.1274,66.7775,50.2458,35.4622,24.4535,17.1453,5.33699,0.557874,0.260341,0.297533,0.0743832,0.0743832,0.0743832,0.0185958
57710,57726,57718,2.3,-105.198,39.95,772.381,19.8788,315.474,439.987,98.3999,6328.88,0.192954,0.0384491,131.622,87.048,70.4744,54.0479,38.5036,26.9714,22.5182,6.97392,0.735202,0.483133,0.231064,0.14704,0.168046,0.0630173,0
57727,57746,57736,2.4,-105.198,39.9503,763.135,19.0065,315.616,425.455,95.251,6106.33,0.192323,0.0371737,122.636,86.8094,67.9355,53.3131,37.3209,26.9145,22.2894,6.75975,0.729341,0.355776,0.14231,0.106733,0.0711552,0.0177888,0.0533664
57747,57765,57756,2.5,-105.198,39.9506,754.307,18.0858,315.667,419.638,95.3143,6214.68,0.195606,0.0374616,120.626,83.694,66.669,52.7702,38.4759,26.4416,22.901,6.59157,0.62149,0.357828,0.18833,0.0376661,0.169497,0.0564991,0.0376661
57766,57782,57774,2.6,-105.198,39.9508,745.818,17.1529,315.675,423.602,94.4219,6012.04,0.191016,0.0365922,122.722,86.8319,66.4595,52.4468,38.7521,26.711,22.0684,5.99937,0.78437,0.423984,0.169594,0.105996,0.0635976,0.0211992,0.0423984
57783,57800,57792,2.7,-105.198,39.9509,737.209,16.4335,315.944,394.381,90.396,5912.97,0.196236,0.0357521,111.58,79.9916,62.0192,50.3604,36.113,24.5804,22.0761,5.85047,0.90493,0.336718,0.0841795,0.252538,0.168359,0.0420897,0.0210449
57801,57817,57809,2.8,-105.198,39.9509,728.499,15.4794,315.972,395.897,89.4349,5711.87,0.191599,0.035393,115.497,80.7057,62.0138,48.0889,34.624,25.3617,21.9745,5.93793,0.899053,0.334531,0.22999,0.0836329,0.0836329,0.0627247,0
57818,57833,57826,2.9,-105.198,39.9509,719.939,14.5419,316.008,393.881,89.1169,5574.97,0.187674,0.0347744,110.275,79.1157,62.7654,49.6762,36.6094,26.8707,21.8674,5.22673,0.826448,0.357383,0.111682,0.0446729,0.0893458,0.0223364,0.0223364
57834,57851,57842,3,-105.197,39.9509,711.132,13.62,316.106,422.743,95.5618,6025.42,0.189158,0.037581,119.839,84.1927,69.5944,53.8437,38.4569,25.9816,22.0996,6.87452,0.828986,0.545918,0.222411,0.141534,0.101096,0.0202192,0
57852,57872,57862,3.1,-105.197,39.951,702.748,12.6805,316.144,423.137,97.5232,6158.46,0.189446,0.0390492,117.511,84.8821,67.24,52.9444,40.0857,27.6271,23.9168,7.22052,0.927574,0.381942,0.181877,0.0545632,0.127314,0.0363754,0
57873,57888,57880,3.2,-105.197,39.9511,694.889,11.7373,316.112,422.833,94.998,5867.36,0.185289,0.0367288,117.305,85.4821,69.2033,53.5854,38.6775,27.6373,23.5982,6.21777,0.465109,0.342712,0.0734383,0.146877,0.0734383,0,0.0244794
57889,57903,57896,3.3,-105.197,39.9511,686.792,10.802,316.129,417.782,96.6724,6076.14,0.188559,0.0386758,110.279,86.3281,67.9646,54.3274,38.647,27.4221,23.8282,7.43401,0.935405,0.270775,0.0738478,0.172312,0.0492319,0.0492319,0
57904,57918,57911,3.4,-105.196,39.9512,678.24,9.77857,316.121,410.493,93.2037,5881.63,0.189315,0.0366841,111.686,85.046,67.2175,50.6257,38.4395,27.5156,22.569,5.64225,1.10784,0.386456,0.103055,0.0515274,0.0257637,0.0515274,0.0257637
57919,57932,57926,3.5,-105.196,39.9511,670.629,8.90286,316.163,415.492,94.8718,5970.89,0.188809,0.0372027,113.499,81.8087,68.3617,54.2333,39.9476,26.9725,22.2018,6.99869,0.996068,0.131062,0.0524246,0.131062,0.104849,0.0262123,0.0262123
57933,57950,57942,3.6,-105.195,39.9514,662.228,7.99188,316.276,420.832,97.6808,6286.1,0.19306,0.0391868,114.468,80.5487,72.005,55.7323,37.8532,27.6101,23.7223,7.05383,0.977759,0.4656,0.1164,0.16296,0.04656,0.04656,0.02328
57951,57965,57958,3.7,-105.194,39.9516,654.343,7.065,316.311,416.641,95.9564,5934.91,0.18555,0.0379118,111.26,83.937,66.8767,55.3019,38.189,29.2913,23.5958,6.87664,0.734908,0.262467,0.104987,0.104987,0.0787402,0.0262467,0
57966,57981,57974,3.8,-105.194,39.952,646.241,6.08188,316.33,428.251,97.9117,6205.6,0.190139,0.038629,115.576,87.9787,68.7506,56.0011,39.3322,28.404,24.0696,6.77823,0.691656,0.368883,0.138331,0.0230552,0.0461104,0.0691656,0.0230552
57982,57997,57990,3.9,-105.193,39.9524,638.146,5.09625,316.351,435.037,100.514,6224.64,0.185784,0.0395459,116.039,84.982,70.865,57.2614,42.7477,31.2907,23.1706,7.11684,0.886688,0.303341,0.163337,0.140003,0.0466678,0.0233339,0
57998,58014,58006,4,-105.192,39.9526,630.141,4.18412,316.45,427.881,97.7482,6064.35,0.186121,0.0379689,113.915,85.0292,71.8994,56.5559,40.2359,29.0375,23.612,6.07662,0.737875,0.347235,0.238724,0.0651066,0.108511,0.0217022,0
58015,58030,58022,4.1,-105.191,39.9527,622.425,3.342,316.601,424.187,97.9634,6127.77,0.187655,0.038353,110.191,86.5323,68.192,57.1332,40.3834,29.8464,23.9567,6.83411,0.596431,0.149108,0.149108,0.173959,0,0.0248513,0.0248513
58031,58044,58038,4.2,-105.19,39.9528,615.147,2.47643,316.678,427.974,100.69,6527.69,0.194489,0.0400248,110.531,84.3428,71.9308,54.9981,42.6395,30.6823,24.7705,6.74101,0.535001,0.3745,0.214,0.02675,0.107,0.02675,0.0535001
58045,58059,58052,4.3,-105.189,39.9529,607.715,1.45133,316.595,443.872,103.118,6253.92,0.181944,0.040901,116.111,86.0971,73.7652,58.0427,42.7723,32.1734,26.8237,6.70593,0.879055,0.276274,0.125579,0.0753475,0.0251158,0,0
58060,58077,58068,4.4,-105.187,39.9533,600.057,0.653529,316.817,431.466,101.155,6314.26,0.187265,0.0402021,112.095,83.4996,70.3895,58.7533,42.5637,30.5095,24.7903,7.67686,0.593912,0.219967,0.175974,0.109984,0.0439935,0.0439935,0
58078,58093,58086,4.5,-105.185,39.9535,592.858,-0.15625,316.976,411.453,99.3045,6355.43,0.191998,0.0402639,102.734,78.8334,66.6835,56.6915,42.1961,30.7969,25.0503,6.94278,0.844392,0.258009,0.211098,0.0938213,0.0469107,0.070366,0
58094,58108,58101,4.6,-105.183,39.9537,585.351,-1.02133,317.125,403.864,98.2285,6388.32,0.195106,0.040479,99.5946,80.5075,66.4729,53.2039,39.45,30.6975,24.9816,7.1704,1.04621,0.331727,0.153105,0.0510349,0.153105,0.0255174,0.0255174
58109,58126,58118,4.7,-105.181,39.9539,577.754,-1.94778,317.223,390.975,96.2026,6254.87,0.195053,0.0397126,95.7843,73.9768,64.39,51.748,40.7494,30.6779,25.284,7.14274,0.54782,0.33712,0.14749,0.0842801,0.04214,0.02107,0.04214
58127,58142,58134,4.8,-105.178,39.9541,570.517,-2.57187,317.635,355.971,88.9395,5868.41,0.197946,0.0367899,83.6438,69.1279,58.5601,48.4652,36.3371,29.1973,23.1924,5.88675,0.780171,0.260057,0.141849,0.236416,0.0709247,0.0709247,0
58143,58157,58150,4.9,-105.175,39.9544,563.582,-3.17067,318.046,315.847,77.8556,5069.75,0.195352,0.032143,76.7501,59.9452,51.5047,43.0389,33.4324,24.6118,19.5677,5.72838,0.684364,0.253468,0.177428,0.0506936,0.0253468,0.0760404,0
58158,58173,58166,5,-105.173,39.9547,556.304,-3.85188,318.421,286.577,70.754,4544.51,0.192689,0.0295103,69.2832,54.2818,47.6278,38.4933,29.2874,22.6333,18.555,5.17537,0.739339,0.310045,0.0953986,0.0476993,0.0238497,0,0.0238497
58174,58187,58180,5.1,-105.17,39.955,549.495,-4.51154,318.758,259.743,65.1945,4480.73,0.206186,0.0274068,62.4851,51.0681,41.2067,35.3368,26.7081,19.312,17.6097,5.16551,0.322845,0.205447,0.117398,0.0880485,0.0293495,0.0293495,0.058699
58188,58204,58196,5.2,-105.168,39.9554,542.375,-5.27882,319.035,226.266,54.5993,3411.2,0.187431,0.0221013,55.0219,43.9191,36.8231,31.3835,23.5936,17.0572,13.8338,3.76065,0.470082,0.201464,0.134309,0.0223848,0.0447697,0,0
58205,58222,58214,5.3,-105.167,39.9561,535.434,-5.84944,319.535,201.496,49.1106,3035.73,0.185442,0.0199973,47.6541,37.5167,34.2295,28.1004,21.4624,15.9483,12.0673,3.83862,0.424157,0.127247,0.0636236,0.0636236,0,0,0
58223,58243,58233,5.4,-105.164,39.9566,528.34,-6.8185,319.59,200.845,48.8909,3115.73,0.191185,0.0198234,47.869,40.2297,31.8113,27.7446,21.2076,15.7536,12.029,3.47758,0.323054,0.171029,0.133022,0.0570095,0.0190032,0.0190032,0
58244,58259,58252,5.5,-105.162,39.9571,521.853,-7.25467,320.193,157.347,37.5726,2312.47,0.184641,0.0148743,37.4673,30.5803,25.7748,22.5369,16.8577,12.0522,9.17409,2.36419,0.282675,0.128489,0.102791,0,0.0256977,0,0
58260,58279,58270,5.6,-105.161,39.958,514.942,-7.8,320.753,130.582,30.5984,1938.35,0.190044,0.0119333,33.0462,24.7798,22.4815,18.0779,13.3073,9.34796,7.26205,1.7962,0.231768,0.0965698,0.0772559,0.019314,0.0386279,0.019314,0
58280,58298,58289,5.7,-105.159,39.9586,508.645,-8.66158,320.835,124.521,30.8658,2184.22,0.212295,0.012824,30.5436,23.9697,20.5917,17.2339,12.9861,9.14286,6.97851,2.52844,0.262958,0.121365,0.0404551,0,0.0404551,0.0606827,0.0202276
58299,58315,58307,5.8,-105.158,39.9591,502.232,-9.53176,320.951,124.457,29.4472,1854.14,0.188895,0.0116365,30.4101,25.1638,20.4172,17.1923,11.8552,10.3562,6.67705,1.97586,0.227111,0.0681332,0.0681332,0.0227111,0,0.0227111,0
58316,58331,58324,5.9,-105.157,39.9597,496.108,-10.435,320.972,124.401,29.8159,1904.69,0.191645,0.0117617,30.7193,24.1159,19.641,17.6334,12.7957,10.135,7.23234,1.78994,0.0967537,0.0725653,0.145131,0,0,0.0241884,0
58332,58346,58339,6,-105.156,39.9606,489.677,-11.3527,321.043,121.904,28.8062,1758.89,0.183178,0.0115411,30.3719,23.6573,20.6383,16.5783,11.8416,8.82268,7.57345,2.08205,0.208205,0.0520512,0.0780768,0,0,0,0
58347,58362,58354,6.1,-105.155,39.9617,483.243,-12.3262,321.058,122.293,30.2249,2059.16,0.204384,0.0123118,29.5342,22.7766,19.8596,17.3802,13.3208,9.91765,7.00069,1.96895,0.291696,0.0972319,0.0729239,0,0.024308,0.024308,0.024308
58363,58378,58370,6.2,-105.154,39.9629,476.77,-13.3133,321.075,123.076,29.6687,1906.18,0.192746,0.011704,28.4324,24.4156,21.0289,18.0098,12.9166,9.0049,6.95714,1.73272,0.210027,0.15752,0.07876,0.07876,0.0525067,0,0
58379,58393,58386,6.3,-105.153,39.9641,470.392,-14.188,321.236,115.853,27.3307,1689.94,0.185499,0.0108973,29.7219,23.024,17.7128,15.7244,12.0091,8.89564,6.64557,1.62215,0.261636,0.156982,0.0261636,0.0261636,0.0261636,0,0
58394,58410,58402,6.4,-105.152,39.9654,464.165,-15.0871,321.341,114.34,27.7145,1847.11,0.199943,0.0113594,29.1931,23.0069,17.4695,14.7356,11.9784,8.4799,7.29827,1.69135,0.231691,0.139015,0.0463383,0.0231691,0.0231691,0,0.0231691
58411,58431,58421,6.5,-105.151,39.9666,457.976,-15.8633,321.603,101.092,24.1659,1476.64,0.183313,0.00980834,24.3864,20.9351,15.6634,14.0136,9.9366,7.71793,6.29571,1.85837,0.18963,0.0568889,0.018963,0,0.018963,0,0
58432,58452,58442,6.6,-105.149,39.9681,451.788,-16.5752,321.96,90.5335,21.4684,1399.5,0.195567,0.00857879,22.9258,17.6803,14.9254,12.3215,9.01938,6.7551,5.13237,1.45291,0.18869,0.056607,0.056607,0,0,0,0.018869
58453,58469,58461,6.7,-105.147,39.9697,446.259,-17.2682,322.219,76.655,19.0848,1312.43,0.206304,0.00813647,19.008,14.925,12.6874,9.85004,7.82005,5.42098,5.02883,1.47635,0.322952,0.046136,0.046136,0,0,0,0.023068
58470,58488,58479,6.8,-105.145,39.9712,440.229,-17.7663,322.853,38.0278,9.26222,605.32,0.196061,0.00369467,9.37099,7.53026,5.79412,5.43852,3.86972,3.28403,1.96623,0.606604,0.0209174,0.0627522,0.0627522,0.0209174,0,0,0
58489,58505,58497,6.9,-105.143,39.9728,434.249,-18.0306,323.781,33.4392,7.72663,471.248,0.18297,0.00316538,9.43036,6.24791,5.31189,4.18867,3.65046,1.91883,1.82523,0.748813,0.0468008,0.0702012,0,0,0,0,0
58506,58523,58514,7,-105.141,39.9745,428.371,-18.4894,324.457,18.8359,4.78521,351.55,0.220398,0.0021717,5.81761,3.86377,2.45876,2.12946,1.44891,1.14157,1.44891,0.351252,0.0219532,0.087813,0.0439065,0.0219532,0,0,0
58524,58541,58532,7.1,-105.139,39.9764,422.948,-18.8712,325.149,9.94138,2.47097,175.921,0.213585,0.00114914,3.29831,2.18339,1.11492,0.882646,0.720054,0.789736,0.627143,0.18582,0.0929101,0.0232275,0.0232275,0,0,0,0
58542,58558,58550,7.2,-105.137,39.978,417.259,-19.6371,325.426,11.9703,2.6746,178.588,0.200315,0.00108947,3.70287,2.39871,2.16583,1.30416,0.884963,0.675366,0.535635,0.209596,0.0232885,0.046577,0.0232885,0,0,0,0
58559,58578,58568,7.3,-105.135,39.9794,411.362,-20.0825,326.186,10.3772,2.34908,156.289,0.199596,0.00100358,3.60597,2.12352,1.44239,1.04172,0.600995,0.741227,0.480796,0.260431,0.0600995,0,0.0200332,0,0,0,0
58579,58596,58588,7.4,-105.132,39.9809,405.786,-20.6718,326.694,7.58308,1.85335,145.729,0.235891,0.000790753,2.60595,1.36167,1.31471,0.704311,0.422586,0.657357,0.305201,0.0939081,0.046954,0.023477,0.023477,0.023477,0,0,0
58597,58612,58604,7.5,-105.13,39.9824,400.411,-21.1894,327.267,13.2512,3.25249,211.291,0.194889,0.00136876,3.38168,2.75544,1.97891,1.92881,0.951879,0.876731,1.10218,0.250495,0,0,0.0250495,0,0,0,0
58613,58629,58621,7.6,-105.127,39.9838,395.157,-21.9094,327.562,13.3713,3.35265,230.736,0.206467,0.00147904,3.88427,2.21286,1.97745,1.90683,1.3183,0.941642,0.800396,0.117705,0.141246,0.0470821,0.0235411,0,0,0,0
58630,58644,58637,7.7,-105.125,39.9851,389.691,-22.646,327.909,18.824,4.61002,302.061,0.196568,0.00192237,4.71271,4.20395,2.32958,2.81156,1.79404,1.28528,1.17818,0.428428,0.0535535,0,0,0,0.0267767,0,0
58645,58661,58653,7.8,-105.123,39.9867,384.433,-23.2447,328.4,18.001,4.29231,283.148,0.197899,0.00170091,5.02517,2.94905,3.32652,2.33564,1.72224,1.08525,1.29758,0.165147,0.0471847,0,0,0.0471847,0,0,0
58662,58679,58670,7.9,-105.121,39.9883,379.461,-23.9306,328.716,17.2569,4.57149,359.744,0.236079,0.00202942,3.91124,3.10529,3.03417,2.72601,1.80154,1.32745,0.877065,0.284454,0.0474089,0.118522,0,0,0,0.0237045,0
58680,58694,58687,8,-105.12,39.9899,374.451,-24.556,329.136,19.4375,4.51305,283.493,0.188448,0.00176408,5.00744,4.03826,3.04215,2.50372,2.09989,1.50762,0.78073,0.376904,0.0269217,0.0269217,0.0269217,0,0,0,0
58695,58713,58704,8.1,-105.118,39.9914,368.832,-25.3222,329.541,8.52434,1.85609,110.025,0.177833,0.000734339,2.56405,1.64189,1.46196,1.10209,0.607275,0.562291,0.359866,0.179933,0.0449833,0,0,0,0,0,0
58714,58729,58722,8.2,-105.116,39.993,364.054,-26.1431,329.683,6.91443,1.70934,125.574,0.220391,0.000771661,2.24528,1.60741,0.79095,0.561319,0.586834,0.484776,0.433747,0.127573,0.0255145,0.0255145,0.0255145,0,0,0,0
58730,58747,58738,8.3,-105.115,39.9946,358.982,-27.0444,329.797,7.28336,2.1612,188.658,0.26188,0.00104379,2.05834,1.35715,1.04048,0.859527,0.678574,0.497621,0.452383,0.158334,0.0904766,0.0226191,0.0226191,0.0452383,0,0,0
58748,58766,58757,8.4,-105.113,39.9961,353.873,-27.955,329.922,6.22332,1.34194,90.9947,0.203425,0.000624191,2.69982,1.23551,0.686395,0.434717,0.343198,0.274558,0.343198,0.137279,0.0228798,0.0457597,0,0,0,0,0
58767,58783,58775,8.5,-105.111,39.9979,349.344,-28.8406,329.939,11.0269,2.69317,183.975,0.204934,0.00121102,3.87088,1.80811,1.55344,1.14598,0.763989,0.68759,0.840388,0.305596,0.0254663,0,0.0254663,0,0,0,0
58784,58798,58791,8.6,-105.109,39.9994,344.316,-29.852,329.945,16.0466,3.80406,235.399,0.185643,0.00162356,4.83597,2.99501,2.08826,2.33555,1.04413,1.23647,1.09908,0.38468,0,0.0274771,0,0,0,0,0
58800,58815,58808,8.7,-105.107,40.0006,339.285,-30.83,330.003,13.5888,3.00269,181.708,0.181545,0.0011968,3.77621,2.97687,2.17752,1.48843,1.57112,0.661526,0.633962,0.192945,0.0826907,0.0275636,0,0,0,0,0
58816,58833,58824,8.8,-105.105,40.0018,334.468,-31.6788,330.19,11.1783,2.5465,151.916,0.17897,0.00100433,3.21467,2.02134,1.82651,1.4125,0.949787,0.925434,0.657545,0.146121,0,0.0243535,0,0,0,0,0
