api/src/app/data/B2SAP/Locations/Boulder/NOAA-POPS-B2SAP_GMLBalloon_20210122_R0.ict
61,1001
Thornberry, T. D.
NOAA Chemical Sciences Laboratory
Portable Optical Particle Spectrometer (POPS)
Balloon Baseline Stratospheric Aerosol Profiles (B2SAP)
1,1
2021,01,22,2024,05,30
0
TIME_START,s,Seconds since midnight UTC on flight start day,Start time of 100 m altitude bin in UTC_seconds_since_midnight
28
1.0,1.0,1.0,1.0,1.0,1.0,1.0,1.0,1.0,1.0,1.0,1.0,1.0,1.0,1.0,1.0,1.0,1.0,1.0,1.0,1.0,1.0,1.0,1.0,1.0,1.0,1.0,1.0
99999,99999,99999,99999,99999,99999,99999,99999,99999,99999,99999,99999,99999,99999,99999,99999,99999,99999,99999,99999,99999,99999,99999,99999,99999,99999,99999,99999
TIME_STOP,s,End time of 100 m altitude bin in UTC seconds since midnight,
TIME_MID,s,Mid time of 100 m altitude in UTC seconds since midnight,
GPSAlt,m,GPS reported altitude above sea level (m),
GPS_Lon,deg,GPS reported longitude,
GPS_Lat,deg,GPS reported latitude,
iMet_Pressure,mb,Pressure reported (mB),
iMet_Temperature,degrees C,Ambient temperature (oC),
THETA,K,Potential temperature from iMet,
Aerosol_concentration,cm^-3,Aerosol concentration,
Surface_Area_Conc,um^2 cm^-3,Surface area concentration,
Volume_density,um^3 cm^-3,Volume density,
Effective_radius,um,Effective radius,
Extinction,km^-1,Extinction,
Bin01,cm^-3,particle concentration in size range [140 - 170 nm],
Bin02,cm^-3,particle concentration in size range [170 - 205 nm],
Bin03,cm^-3,particle concentration in size range [205 - 249 nm],
Bin04,cm^-3,particle concentration in size range [249 - 302 nm],
Bin05,cm^-3,particle concentration in size range [302 - 366 nm],
Bin06,cm^-3,particle concentration in size range [366 - 443 nm],
Bin07,cm^-3,particle concentration in size range [443 - 537 nm],
Bin08,cm^-3,particle concentration in size range [537 - 651 nm],
Bin09,cm^-3,particle concentration in size range [651 - 789 nm],
Bin10,cm^-3,particle concentration in size range [789 - 956 nm],
Bin11,cm^-3,particle concentration in size range [956 - 1159 nm],
Bin12,cm^-3,particle concentration in size range [1159 - 1404 nm],
Bin13,cm^-3,particle concentration in size range [1404 - 1702 nm],
Bin14,cm^-3,particle concentration in size range [1702 - 2062 nm],
Bin15,cm^-3,particle concentration in size range [2062 - 2500 nm],
0
19
PI_CONTACT_INFO: 325 Broadway R/CSL6, Boulder, CO 80305; troy.thornberry@noaa.gov; 303-497-3373 
PLATFORM: GML ECC/FPH balloon
LOCATION: Boulder, CO, USA
ASSOCIATED_DATA: N/A
INSTRUMENT_INFO: Printed Optical Particle Spectrometer counts particles from 140 - 2500 nm in diameter 
DATA_INFO: Particle concentrations reported in number per cubic centimeter, binned to 100 m altitude
UNCERTAINTY: Counting uncertainty dominated by air flow, less than 5 percent
ULOD_FLAG: -77777
ULOD_VALUE: 3000 ~3000 per cm3 (varies depending on flow rate- manufacturer quotes 1250  per cm3 at 1.667 cc/s)
LLOD_FLAG: -88888
LLOD_VALUE: 0 0 (varies depending on data field and measurement precision)
DM_CONTACT_INFO: Troy Thornberry, 325 Broadway R/CSL6, Boulder, CO 80305; troy.thornberry@noaa.gov; 303-497-3373
PROJECT_INFO: B2SAP Boulder, CO, USA
STIPULATIONS_ON_USE: Please contact the PIs for questions regarding applications and uncertainties
OTHER_COMMENTS: POPS bin Edges (nm):  140, 170, 205, 249, 302, 366, 443, 537, 651, 789, 956, 1159, 1404, 1702, 2062, 2500
Calculations assume sulfate refractive index of 1.45+0.00j and extinction wavelength = 532 nm
REVISION: R0
R0: QA/QC data
TIME_START,TIME_STOP,TIME_MID,GPSAlt,GPS_Lon,GPS_Lat,iMet_Pressure,iMet_Temperature,THETA,Aerosol_concentration,Surface_Area_Conc,Volume_density,Effective_radius,Extinction,Bin01,Bin02,Bin03,Bin04,Bin05,Bin06,Bin07,Bin08,Bin09,Bin10,Bin11,Bin12,Bin13,Bin14,Bin15
[from data line 74]
63667,63689,63678,9.1,-104.835,39.9551,303.104,-47.183,317.811,6.32095,0.964239,53.695,0.167059,0.000326643,3.36027,1.30778,0.817364,0.1998,0.217964,0.163473,0.145309,0.0726546,0.0181636,0.0181636,0,0,0,0,0
63690,63713,63702,9.2,-104.823,39.9551,298.493,-48.0373,317.997,6.64447,0.922687,44.0224,0.143133,0.000249886,3.38887,1.5802,0.742506,0.437888,0.171347,0.0761544,0.171347,0.0761544,0,0,0,0,0,0,0
63714,63738,63726,9.3,-104.81,39.955,293.774,-48.8348,318.312,7.03131,0.983398,87.4046,0.26664,0.000254384,4.05394,1.54756,0.723317,0.269141,0.269141,0.100928,0.0336426,0.0168213,0,0,0,0,0,0.0168213,0
63739,63763,63751,9.4,-104.798,39.9547,289.501,-49.1975,319.128,10.2631,1.93089,147.162,0.228643,0.000754521,4.99144,2.1542,1.41862,0.385304,0.542928,0.280221,0.22768,0.0875691,0.105083,0.0175138,0.0350276,0.0175138,0,0,0
63764,63788,63776,9.5,-104.785,39.9549,284.718,-49.6668,319.989,11.0753,2.03089,177.868,0.262744,0.000731885,5.49563,2.33606,1.27727,0.70586,0.554604,0.235287,0.302512,0.0672248,0.0336124,0.0168062,0,0.0336124,0,0.0168062,0
63789,63817,63803,9.6,-104.772,39.9557,280.461,-49.655,321.383,11.0929,1.6721,92.3813,0.165746,0.000551184,5.72254,2.62357,1.09169,0.545843,0.545843,0.123255,0.264117,0.105647,0.0352157,0.0352157,0,0,0,0,0
63818,63846,63832,9.7,-104.758,39.9566,276.231,-49.8775,322.456,9.14261,1.54388,97.4867,0.189432,0.000509353,4.47673,2.05972,0.987823,0.33628,0.567473,0.378315,0.210175,0.08407,0,0.0210175,0,0.0210175,0,0,0
63847,63879,63863,9.8,-104.743,39.9574,271.95,-50.6212,322.817,9.54142,1.70417,119.2,0.209839,0.000639024,4.6912,2.08056,1.13967,0.477071,0.397559,0.251787,0.291543,0.145772,0,0.0397559,0.013252,0,0.013252,0,0
63881,63906,63894,9.9,-104.727,39.9582,267.481,-51.1942,323.523,11.5635,1.82511,126.696,0.208256,0.000554033,6.28498,2.46031,1.07359,0.581528,0.603895,0.201298,0.246031,0.0223665,0.0223665,0.0223665,0.0223665,0,0.0223665,0,0
63907,63941,63924,10,-104.713,39.9588,263.583,-51.73,324.094,10.8026,1.65804,97.3187,0.176085,0.000527411,5.56149,2.52446,1.03797,0.62791,0.448507,0.205032,0.243475,0.0897015,0.025629,0.025629,0,0.0128145,0,0,0
63942,63974,63958,10.1,-104.696,39.9596,259.761,-52.1987,324.758,9.67445,1.55193,101.458,0.196126,0.000524432,5.17153,1.9922,1.03704,0.559453,0.382066,0.109162,0.245614,0.122807,0,0.0272904,0.0272904,0,0,0,0
63975,64012,63994,10.2,-104.678,39.9607,255.6,-52.4432,325.898,11.141,1.63264,89.887,0.165169,0.000537541,6.07283,2.50058,1.11633,0.468858,0.379552,0.178613,0.234429,0.122796,0.0334899,0.0334899,0,0,0,0,0
64013,64051,64032,10.3,-104.658,39.9621,251.609,-52.9522,326.619,10.5624,1.55503,86.3381,0.166566,0.000473169,5.87195,2.25662,0.909738,0.437147,0.508036,0.165407,0.27174,0.106333,0.0236296,0,0,0.0118148,0,0,0
64052,64083,64068,10.4,-104.641,39.9634,247.75,-53.39,327.409,13.4697,1.90801,101.51,0.159606,0.000532277,6.99327,3.2838,1.45947,0.623313,0.456083,0.228042,0.243244,0.152028,0.0152028,0,0.0152028,0,0,0,0
64084,64116,64100,10.5,-104.625,39.9647,244.059,-53.8233,328.164,13.1423,2.06154,135.522,0.197214,0.000672021,7.05265,2.98817,1.3029,0.608964,0.43902,0.226591,0.325725,0.0991336,0.0424858,0.0141619,0.0283239,0.0141619,0,0,0
64118,64148,64133,10.6,-104.608,39.966,240.13,-54.0792,329.302,12.782,1.94423,103.265,0.159341,0.000615839,6.47623,2.89726,1.29525,0.732837,0.613538,0.306769,0.272683,0.119299,0.0511281,0.0170427,0,0,0,0,0
64149,64179,64164,10.7,-104.593,39.9672,236.376,-54.4717,330.206,13.4231,2.03113,112.605,0.16632,0.000697444,7.09112,3.09195,1.37009,0.666528,0.351779,0.27772,0.333264,0.129603,0.0925734,0.0185147,0,0,0,0,0
64181,64207,64194,10.8,-104.578,39.9684,232.532,-54.7675,331.303,12.2191,1.84463,118.923,0.193408,0.000634262,7.22119,2.40113,1.08496,0.409082,0.480227,0.23122,0.195648,0.0711447,0.0355724,0.0711447,0,0.0177862,0,0,0
64209,64233,64221,10.9,-104.565,39.9695,229.011,-55.0468,332.321,11.8171,2.13351,155.755,0.219012,0.000869213,6.41558,2.49603,0.955511,0.468006,0.565507,0.292504,0.292504,0.156002,0.0975012,0.0390005,0.0195002,0.0195002,0,0,0
64234,64257,64246,11,-104.552,39.9707,225.678,-54.5652,334.452,12.6643,2.23363,147.58,0.198214,0.00089924,6.40305,2.69495,1.49945,0.547096,0.50657,0.344468,0.303942,0.182365,0.14184,0.0202628,0.0202628,0,0,0,0
64258,64282,64270,11.1,-104.54,39.9716,222.072,-54.901,335.488,12.8373,2.49842,186.226,0.223612,0.00108682,6.24625,3.02172,1.2168,0.648961,0.527281,0.28392,0.527281,0.18252,0.0608401,0.0811201,0.04056,0,0,0,0
64283,64310,64296,11.2,-104.527,39.9725,218.475,-54.8304,337.163,13.584,2.74242,227.043,0.248368,0.00106964,5.98478,3.37561,1.69596,0.766443,0.635985,0.309839,0.489219,0.163073,0.0163073,0.0489219,0.0489219,0.0326146,0.0163073,0,0
64311,64343,64327,11.3,-104.511,39.9735,215.051,-54.1693,339.71,13.9532,2.54489,165.979,0.195661,0.00103437,6.71612,3.12574,1.42207,0.774395,0.703995,0.436477,0.351998,0.281598,0.0703995,0.0563196,0.0140799,0,0,0,0
64344,64381,64362,11.4,-104.492,39.9745,211.522,-53.29,342.687,14.2155,2.5297,159.561,0.189225,0.000978685,6.70567,3.40232,1.53414,0.59386,0.692837,0.470139,0.494883,0.197953,0.0866046,0.0247442,0,0,0.0123721,0,0
64383,64426,64404,11.5,-104.471,39.9758,208.334,-52.6022,345.263,13.7671,2.40345,165.778,0.206925,0.00091977,6.84276,3.08915,1.65532,0.664459,0.53623,0.303087,0.361373,0.151543,0.0699431,0.0582859,0.0233144,0.0116572,0,0,0
64431,64466,64448,11.6,-104.449,39.9779,205.021,-52.2219,347.444,14.4353,2.53147,178.023,0.210971,0.000958101,7.02184,3.52442,1.57991,0.742694,0.594156,0.22956,0.351092,0.243064,0.0675177,0.0405106,0,0.0270071,0.0135035,0,0
64467,64501,64484,11.7,-104.431,39.9789,202.124,-51.8832,349.391,13.23,2.35847,144.225,0.183455,0.000921376,6.14013,2.95963,1.45773,0.905559,0.640517,0.375476,0.463823,0.176694,0.0441736,0.0662604,0,0,0,0,0
64503,64532,64518,11.8,-104.414,39.9789,198.924,-51.2818,351.938,14.9151,2.71484,180.696,0.199676,0.00109048,6.55292,3.77289,1.96367,0.794293,0.750166,0.17651,0.485402,0.220637,0.132382,0.0441274,0,0.0220637,0,0,0
64541,64560,64550,11.9,-104.4,39.979,195.805,-51.122,353.794,14.6304,2.53921,140.535,0.166038,0.00089746,6.39856,2.9836,2.22871,1.00651,0.82678,0.395417,0.503257,0.215682,0.0718939,0,0,0,0,0,0
64563,64591,64577,12,-104.387,39.9796,192.903,-51.365,354.917,14.8852,2.93183,204.256,0.209005,0.00117772,6.345,3.39803,2.0298,0.721706,0.97731,0.436031,0.661564,0.150355,0.0751777,0.0451066,0.0451066,0,0,0,0
64592,64616,64604,12.1,-104.373,39.9808,189.966,-51.2776,356.612,15.0549,3.11096,237.63,0.229154,0.00135257,6.83541,3.30059,1.85259,0.809176,0.809176,0.319412,0.617529,0.276823,0.127765,0.0425882,0.0212941,0.0425882,0,0,0
64621,64647,64634,12.2,-104.356,39.9821,186.981,-51.2258,358.309,14.2427,2.51436,143.924,0.171722,0.000921758,6.13387,3.45624,1.5762,1.04447,0.797593,0.512738,0.379806,0.265864,0.0569709,0.0189903,0,0,0,0,0
64652,64681,64666,12.3,-104.34,39.9833,184.101,-51.2432,359.881,13.4082,2.29356,139.8,0.18286,0.000857355,6.5555,2.93924,1.68428,0.544915,0.627478,0.313739,0.37979,0.280714,0.0660504,0,0.0165126,0,0,0,0
64684,64719,64702,12.4,-104.322,39.9845,181.18,-50.6003,362.578,12.8382,2.10188,130.364,0.186068,0.000715933,6.29942,3.06811,1.38174,0.707188,0.522231,0.228476,0.391674,0.174077,0.0326395,0.0108798,0,0.0108798,0.0108798,0,0
64720,64757,64738,12.5,-104.302,39.9855,178.325,-50.0397,365.14,10.8099,1.59726,100.039,0.187896,0.000537669,5.9214,2.75105,0.951105,0.347716,0.357943,0.0920424,0.173858,0.102269,0.0715886,0.0204539,0.0204539,0,0,0,0
64759,64789,64774,12.6,-104.284,39.9865,175.606,-50.5683,365.873,11.2368,1.57383,86.3298,0.164559,0.000513577,6.24935,2.83925,1.00651,0.285427,0.285427,0.195292,0.18027,0.105157,0.0600899,0.0300449,0,0,0,0,0
64790,64814,64802,12.7,-104.269,39.9871,173.042,-51.1016,366.541,11.0274,1.77668,126.464,0.213539,0.000631176,6.16406,2.37514,1.09332,0.508959,0.263905,0.188503,0.169653,0.150803,0.0377006,0.0377006,0,0.0377006,0,0,0
64815,64841,64828,12.8,-104.258,39.9874,170.479,-51.577,367.32,10.2304,1.43416,74.5674,0.155981,0.000439838,5.66552,2.50798,0.811937,0.41499,0.216517,0.23456,0.252603,0.0902152,0.018043,0.018043,0,0,0,0,0
64841,64869,64855,12.9,-104.244,39.9874,167.867,-52.0744,368.112,11.7696,1.76776,102.26,0.173542,0.000632873,6.13713,3.14932,1.13052,0.343195,0.343195,0.161503,0.242255,0.161503,0.0605638,0.0403758,0,0,0,0,0
64872,64901,64886,13,-104.231,39.9873,165.072,-52.6215,368.962,10.969,1.53039,93.5394,0.183364,0.000464898,6.33202,2.54962,0.994631,0.350222,0.294187,0.140089,0.140089,0.0980622,0.0140089,0.0420267,0,0,0.0140089,0,0
64902,64925,64914,13.1,-104.218,39.9873,162.535,-53.0326,369.916,11.9391,1.73734,106.971,0.184716,0.000553704,6.514,2.9227,1.16526,0.43936,0.382053,0.133718,0.191026,0.114616,0,0.0573079,0.0191026,0,0,0,0
64927,64950,64938,13.2,-104.207,39.9875,160.081,-53.618,370.539,10.756,1.43035,70.5437,0.147958,0.000387471,6.0525,2.35173,1.05736,0.528682,0.346378,0.127613,0.164074,0.0911521,0.0182304,0.0182304,0,0,0,0,0
64951,64974,64962,13.3,-104.196,39.988,157.594,-54.0481,371.466,11.2436,1.4962,77.375,0.155143,0.000456211,6.47939,2.84123,0.883553,0.242544,0.311842,0.0692983,0.242544,0.121272,0.0346491,0.0173246,0,0,0,0,0
64976,65003,64990,13.4,-104.18,39.989,154.739,-54.4092,372.793,11.003,1.48668,82.2868,0.166048,0.000473471,6.55675,2.39195,1.06934,0.281405,0.253265,0.0562811,0.225124,0.112562,0,0.0562811,0,0,0,0,0
65004,65026,65015,13.5,-104.169,39.99,152.883,-54.7574,373.497,10.3752,1.10293,41.0196,0.111574,0.00015644,6.33332,2.3551,0.811556,0.525124,0.22278,0.0477386,0.0636514,0,0.0159129,0,0,0,0,0,0
65035,65056,65046,13.6,-104.152,39.9915,150.053,-55.2784,374.594,9.98072,1.37803,74.2602,0.161666,0.000446647,5.78619,2.26579,0.880101,0.318334,0.299609,0.0749022,0.131079,0.16853,0.0374511,0.0187255,0,0,0,0,0
65057,65080,65068,13.7,-104.141,39.9924,148.144,-55.5995,375.409,10.0484,1.49512,95.242,0.191105,0.000526626,5.7258,2.41935,0.774193,0.370967,0.274193,0.129032,0.129032,0.112903,0.0645161,0.032258,0.016129,0,0,0,0
65084,65113,65098,13.8,-104.127,39.9934,145.641,-55.9511,376.632,10.6866,1.36022,71.5794,0.15787,0.00035978,6.10663,2.81477,0.822964,0.393591,0.226613,0.035781,0.143124,0.0834891,0.047708,0,0.011927,0,0,0,0
65114,65142,65128,13.9,-104.113,39.9941,143.32,-56.3304,377.712,10.4311,1.25948,60.8387,0.144913,0.000261317,5.88543,2.65562,1.00483,0.37083,0.239245,0.131585,0.0717735,0.0358868,0.0239245,0,0.0119623,0,0,0,0
65143,65170,65156,14,-104.1,39.9946,141.07,-56.7696,378.65,10.7011,1.3959,95.573,0.205401,0.000364658,6.3152,2.45658,0.946681,0.395449,0.299583,0.119833,0.0479332,0.0718998,0.0359499,0,0,0,0,0.0119833,0
65172,65197,65184,14.1,-104.088,39.995,139.024,-57.0933,379.66,10.3837,1.30769,74.9766,0.172005,0.00033847,6.21943,2.57791,0.883339,0.234355,0.144219,0.108164,0.108164,0.0360547,0.0360547,0.0180273,0,0.0180273,0,0,0
65198,65231,65214,14.2,-104.074,39.9955,136.489,-56.8629,382.075,10.7193,1.43411,80.2875,0.167953,0.000397153,6.19132,2.55662,0.83167,0.400434,0.385033,0.0770065,0.154013,0.0308026,0.0770065,0,0,0.0154013,0,0,0
65232,65258,65245,14.3,-104.063,39.9958,134.48,-57.7481,382.128,11.0043,1.57516,117.394,0.223585,0.000476579,6.13352,2.7661,0.986174,0.420928,0.336742,0.0601326,0.144318,0.0962121,0.024053,0.0120265,0.0120265,0,0,0.0120265,0
65259,65284,65272,14.4,-104.052,39.9962,132.397,-58.0813,383.239,10.4273,1.17352,46.748,0.119508,0.000210925,6.06728,2.65267,0.874817,0.324529,0.296309,0.0282199,0.1411,0.0423299,0,0,0,0,0,0,0
65285,65309,65297,14.5,-104.043,39.9965,130.189,-58.421,384.471,10.2041,1.41057,79.6336,0.169365,0.00046776,5.955,2.3727,0.837422,0.403203,0.186094,0.0930469,0.170586,0.108555,0.0310156,0.0465234,0,0,0,0,0
65310,65329,65320,14.6,-104.035,39.9971,128.506,-58.732,385.355,10.017,1.1279,45.0163,0.119734,0.000199925,6.04923,2.34164,0.585409,0.585409,0.260182,0.0650454,0.0650454,0.0650454,0,0,0,0,0,0,0
65331,65359,65345,14.7,-104.023,39.9984,125.852,-59.2736,386.676,9.82411,1.85147,149.385,0.242053,0.000732093,4.51441,2.73672,1.0058,0.467815,0.421033,0.233907,0.187126,0.0701722,0.0935629,0.0467815,0,0.0233907,0.0233907,0,0
65360,65384,65372,14.8,-104.016,39.9992,124.228,-59.0509,388.515,10.0776,2.33406,209.132,0.2688,0.001059,4.37356,2.23632,1.42954,0.438771,0.594464,0.240616,0.311386,0.240616,0.0849234,0.0424617,0.0283078,0.0424617,0.0141539,0,0
65385,65412,65398,14.9,-104.006,40.0003,122.292,-58.605,391.076,10.6191,2.32085,179.387,0.231881,0.00101092,4.47251,2.46113,1.22432,0.574681,0.662132,0.374792,0.487229,0.212382,0.0874514,0.0124931,0.0124931,0.0249861,0.0124931,0,0
65413,65441,65427,15,-103.994,40.0012,120.357,-58.8241,392.468,10.3353,2.09744,155.417,0.222294,0.000853371,4.2895,2.65701,1.14837,0.641736,0.664253,0.191395,0.38279,0.281463,0.022517,0.0112585,0.022517,0.0112585,0.0112585,0,0
65443,65468,65456,15.1,-103.984,40.0015,118.588,-58.584,394.567,9.76143,1.96906,131.958,0.201046,0.00084024,4.02132,2.1566,1.37828,0.68103,0.55131,0.210795,0.42159,0.243225,0.06486,0.016215,0.016215,0,0,0,0
65476,65511,65494,15.2,-103.971,40.0018,116.507,-58.0448,397.562,9.55826,1.85234,133.49,0.216197,0.000738328,4.22918,2.16881,1.11539,0.712609,0.557694,0.247864,0.278847,0.123932,0.0464745,0.0464745,0.0154915,0.0154915,0,0,0
65512,65528,65520,15.3,-103.961,40.002,114.894,-57.9171,399.395,10.3594,1.84431,131.132,0.213303,0.000651988,4.76346,2.49735,1.43366,0.601214,0.277483,0.138742,0.508719,0.0462472,0.0462472,0,0,0.0462472,0,0,0
65528,65540,65534,15.4,-103.956,40.0021,113.113,-58.42,400.24,10.5166,1.6187,93.274,0.172869,0.00055836,5.14146,2.80443,1.16851,0.420665,0.327184,0.280443,0.186962,0.093481,0.0467405,0.0467405,0,0,0,0,0
65540,65555,65548,15.5,-103.951,40.0019,111.171,-58.7207,401.654,9.42393,1.54527,90.2496,0.175211,0.000552388,4.54873,2.28525,0.957628,0.565871,0.348228,0.326464,0.217643,0.108821,0.0217643,0.0435286,0,0,0,0,0
65556,65577,65566,15.6,-103.945,40.0012,109.241,-59.4389,402.329,8.70687,1.39645,84.4254,0.181371,0.000463078,4.36202,2.12949,0.961705,0.274773,0.36064,0.15456,0.326293,0.120213,0,0,0,0.0171733,0,0,0
65578,65597,65588,15.7,-103.94,40.0011,107.551,-60.1981,402.684,8.27072,1.71638,123.115,0.215188,0.00076221,3.80781,1.88343,0.675578,0.470858,0.470858,0.368497,0.245665,0.286609,0,0.0409441,0.0204721,0,0,0,0
65598,65612,65605,15.8,-103.935,40.0012,105.812,-60.9136,403.199,8.21998,1.62108,99.8967,0.184871,0.000706847,3.72137,1.86068,0.824353,0.353294,0.447506,0.282635,0.471059,0.211977,0.0471059,0,0,0,0,0,0
65613,65634,65624,15.9,-103.93,40.0012,104.192,-61.3837,404.093,9.27832,1.7986,137.78,0.229812,0.000723091,4.25856,2.30415,0.966921,0.555465,0.432028,0.205728,0.246873,0.205728,0.0411456,0.0205728,0.0205728,0,0.0205728,0,0
65634,65649,65642,16,-103.926,40.0014,102.656,-61.5571,405.477,8.03389,1.64461,126.392,0.230557,0.000759905,3.876,1.94975,0.681236,0.375855,0.305382,0.2584,0.305382,0.117455,0.0939636,0.0469818,0,0.0234909,0,0,0
65650,65665,65658,16.1,-103.923,40.0018,100.931,-61.7806,407.008,8.46968,1.49304,94.2977,0.189475,0.000517531,3.82169,2.04512,0.867626,0.640391,0.413155,0.165262,0.413155,0.0619733,0.0206578,0,0,0.0206578,0,0,0
65666,65692,65679,16.2,-103.919,40.0024,99.1735,-61.9852,408.669,8.05916,1.44156,87.71,0.182531,0.000530273,3.51861,2.09564,0.944332,0.284593,0.465698,0.232849,0.349274,0.155233,0,0,0.0129361,0,0,0,0
65693,65709,65701,16.3,-103.916,40.0027,97.658,-62.0113,410.417,8.33921,1.59338,111.908,0.210699,0.000631909,3.85786,1.88996,0.993691,0.33123,0.428651,0.350715,0.272778,0.136389,0.0389683,0.0194841,0,0,0.0194841,0,0
65710,65732,65721,16.4,-103.912,40.0038,96.0145,-62.005,412.419,7.3835,1.4205,97.5813,0.206086,0.00055548,3.04716,1.81658,0.996187,0.439494,0.439494,0.161148,0.292996,0.146498,0,0.0292996,0,0,0.0146498,0,0
