api/src/app/data/B2SAP/Locations/Boulder/NOAA-POPS-B2SAP_GMLBalloon_20210624_R0.ict
61,1001
Thornberry, T. D.
NOAA Chemical Sciences Laboratory
Portable Optical Particle Spectrometer (POPS)
Balloon Baseline Stratospheric Aerosol Profiles (B2SAP)
1,1
2021,06,24,2024,05,30
0
TIME_START,s,Seconds since midnight UTC on flight start day,Start time of 100 m altitude bin in UTC_seconds_since_midnight
28
1.0,1.0,1.0,1.0,1.0,1.0,1.0,1.0,1.0,1.0,1.0,1.0,1.0,1.0,1.0,1.0,1.0,1.0,1.0,1.0,1.0,1.0,1.0,1.0,1.0,1.0,1.0,1.0
99999,99999,99999,99999,99999,99999,99999,99999,99999,99999,99999,99999,99999,99999,99999,99999,99999,99999,99999,99999,99999,99999,99999,99999,99999,99999,99999,99999
TIME_STOP,s,End time of 100 m altitude bin in UTC seconds since midnight,
TIME_MID,s,Mid time of 100 m altitude in UTC seconds since midnight,
GPSAlt,m,GPS reported altitude above sea level (m),
GPS_Lon,deg,GPS reported longitude,
GPS_Lat,deg,GPS reported latitude,
iMet_Pressure,mb,Pressure reported (mB),
iMet_Temperature,degrees C,Ambient temperature (oC),
THETA,K,Potential temperature from iMet,
Aerosol_concentration,cm^-3,Aerosol concentration,
Surface_Area_Conc,um^2 cm^-3,Surface area concentration,
Volume_density,um^3 cm^-3,Volume density,
Effective_radius,um,Effective radius,
Extinction,km^-1,Extinction,
Bin01,cm^-3,particle concentration in size range [140 - 170 nm],
Bin02,cm^-3,particle concentration in size range [170 - 205 nm],
Bin03,cm^-3,particle concentration in size range [205 - 249 nm],
Bin04,cm^-3,particle concentration in size range [249 - 302 nm],
Bin05,cm^-3,particle concentration in size range [302 - 366 nm],
Bin06,cm^-3,particle concentration in size range [366 - 443 nm],
Bin07,cm^-3,particle concentration in size range [443 - 537 nm],
Bin08,cm^-3,particle concentration in size range [537 - 651 nm],
Bin09,cm^-3,particle concentration in size range [651 - 789 nm],
Bin10,cm^-3,particle concentration in size range [789 - 956 nm],
Bin11,cm^-3,particle concentration in size range [956 - 1159 nm],
Bin12,cm^-3,particle concentration in size range [1159 - 1404 nm],
Bin13,cm^-3,particle concentration in size range [1404 - 1702 nm],
Bin14,cm^-3,particle concentration in size range [1702 - 2062 nm],
Bin15,cm^-3,particle concentration in size range [2062 - 2500 nm],
0
19
PI_CONTACT_INFO: 325 Broadway R/CSL6, Boulder, CO 80305; troy.thornberry@noaa.gov; 303-497-3373 
PLATFORM: GML ECC/FPH balloon
LOCATION: Boulder, CO, USA
ASSOCIATED_DATA: N/A
INSTRUMENT_INFO: Printed Optical Particle Spectrometer counts particles from 140 - 2500 nm in diameter 
DATA_INFO: Particle concentrations reported in number per cubic centimeter, binned to 100 m altitude
UNCERTAINTY: Counting uncertainty dominated by air flow, less than 5 percent
ULOD_FLAG: -77777
ULOD_VALUE: 3000 ~3000 per cm3 (varies depending on flow rate- manufacturer quotes 1250  per cm3 at 1.667 cc/s)
LLOD_FLAG: -88888
LLOD_VALUE: 0 0 (varies depending on data field and measurement precision)
DM_CONTACT_INFO: Troy Thornberry, 325 Broadway R/CSL6, Boulder, CO 80305; troy.thornberry@noaa.gov; 303-497-3373
PROJECT_INFO: B2SAP Boulder, CO, USA
STIPULATIONS_ON_USE: Please contact the PIs for questions regarding applications and uncertainties
OTHER_COMMENTS: POPS bin Edges (nm):  140, 170, 205, 249, 302, 366, 443, 537, 651, 789, 956, 1159, 1404, 1702, 2062, 2500
Calculations assume sulfate refractive index of 1.45+0.00j and extinction wavelength = 532 nm
REVISION: R0
R0: QA/QC data
TIME_START,TIME_STOP,TIME_MID,GPSAlt,GPS_Lon,GPS_Lat,iMet_Pressure,iMet_Temperature,THETA,Aerosol_concentration,Surface_Area_Conc,Volume_density,Effective_radius,Extinction,Bin01,Bin02,Bin03,Bin04,Bin05,Bin06,Bin07,Bin08,Bin09,Bin10,Bin11,Bin12,Bin13,Bin14,Bin15
[from data line 151]
61336,61358,61347,16.9,-104.706,40.1101,96.5084,-72.2658,391.803,14.0125,1.92866,113.076,0.175888,0.000378238,5.85727,3.7839,2.66083,1.20947,0.293727,0.0863904,0.0345562,0.0172781,0.0172781,0.0172781,0,0,0.0345562,0,0
61359,61380,61370,17,-104.704,40.1103,94.9882,-72.5418,393.046,15.9378,1.98384,77.928,0.117844,0.000305055,6.54451,4.61965,2.46381,1.75162,0.365722,0.0769942,0.0577456,0.0384971,0.0192485,0,0,0,0,0,0
61380,61403,61392,17.1,-104.701,40.1099,93.44,-71.0829,397.775,19.5905,2.76707,147.799,0.160241,0.000557643,7.42718,5.21287,3.90581,2.24507,0.445938,0.153772,0.0615088,0.0461316,0.0461316,0.0153772,0,0,0.0307544,0,0
61404,61425,61414,17.2,-104.699,40.1091,91.8377,-69.8832,402.108,21.2586,2.70175,105.852,0.117537,0.00039066,8.06157,6.07178,3.80401,2.53113,0.54134,0.160939,0.0585232,0.0146308,0,0.0146308,0,0,0,0,0
61428,61447,61438,17.3,-104.697,40.1086,90.2185,-70.294,403.35,22.419,3.27612,216.975,0.198688,0.000663791,7.60185,6.3134,4.67063,2.72185,0.644224,0.289901,0.0805281,0.0805281,0,0,0,0,0,0,0.0161056
61448,61469,61458,17.4,-104.697,40.1088,88.7082,-69.3682,407.146,24.0582,3.37957,151.238,0.134252,0.00058628,7.7121,7.24382,4.46336,3.27801,0.951208,0.190242,0.131706,0.0731699,0,0,0,0,0.014634,0,0
61470,61492,61481,17.5,-104.695,40.1095,87.2505,-68.7924,410.228,24.7648,3.88935,202.65,0.156312,0.000877572,7.17557,6.79551,5.41208,3.60299,1.10978,0.349657,0.0760124,0.136822,0.0608099,0.0152025,0,0.0152025,0.0152025,0,0
61493,61513,61503,17.6,-104.694,40.11,85.801,-68.2367,413.328,26.2655,3.91099,168.454,0.129216,0.000745162,7.5675,6.66915,6.121,4.05021,1.27901,0.350206,0.0913582,0.0913582,0.0456791,0,0,0,0,0,0
61514,61536,61525,17.7,-104.693,40.1098,84.4096,-67.0787,417.603,28.7307,4.33118,191.599,0.132712,0.000844123,7.7389,8.22258,6.13584,4.47751,1.43722,0.483681,0.138195,0.0552779,0,0.0414584,0,0,0,0,0
61537,61557,61547,17.8,-104.693,40.1093,83.1248,-64.8286,424.018,20.4326,3.27767,157.169,0.143854,0.000783588,5.6335,5.51428,4.20277,3.38308,0.924014,0.4322,0.178841,0.0894207,0.0447103,0.0298069,0,0,0,0,0
61558,61573,61566,17.9,-104.694,40.1091,81.605,-62.7071,430.604,12.2173,2.02053,109.919,0.163204,0.000497346,3.88731,2.82107,2.64337,1.62156,0.777461,0.222132,0.133279,0.0666395,0.0222132,0,0,0.0222132,0,0,0
61574,61594,61584,18,-104.695,40.1091,80.3729,-63.3133,431.224,14.6128,2.38285,114.463,0.144108,0.000604762,4.25342,4.17932,2.43053,2.32678,0.637272,0.459429,0.207484,0.0741014,0.0444608,0,0,0,0,0,0
61595,61617,61606,18.1,-104.697,40.1091,78.9078,-64.3439,431.378,13.154,2.30499,177.049,0.230434,0.000628114,3.63431,3.60719,2.67149,2.04769,0.650921,0.298339,0.122048,0.0813651,0.0271217,0,0,0,0,0,0.0135608
61618,61641,61630,18.2,-104.698,40.1091,77.7265,-64.0245,433.9,10.8781,1.79367,88.9187,0.148721,0.000467951,3.29922,2.80123,2.03867,1.5718,0.638057,0.311247,0.124499,0.0466871,0.0311247,0.0155624,0,0,0,0,0
61642,61664,61653,18.3,-104.699,40.1087,76.4196,-63.3539,437.404,10.3894,1.98199,112.095,0.169671,0.000695538,3.40018,2.37473,1.63262,1.36277,0.701624,0.445261,0.256362,0.14842,0.053971,0.0134928,0,0,0,0,0
61666,61685,61676,18.4,-104.7,40.1081,75.2253,-62.8542,440.428,10.8127,1.73198,83.3116,0.144306,0.000446575,3.26176,2.95189,2.218,1.38625,0.489264,0.228323,0.13047,0.13047,0.0163088,0,0,0,0,0,0
61686,61711,61698,18.5,-104.702,40.1078,74.0073,-62.4155,443.401,11.4901,1.87438,86.8549,0.139014,0.000439045,3.36124,2.85495,2.2502,1.71578,0.703189,0.407849,0.154702,0.0281276,0.0140638,0,0,0,0,0,0
61712,61735,61724,18.6,-104.703,40.1079,72.7765,-61.9891,446.442,10.7706,1.82694,100.288,0.164682,0.000516372,3.65128,2.57814,2.04157,1.28253,0.602003,0.327175,0.143957,0.0916091,0.039261,0,0,0.013087,0,0,0
61736,61759,61748,18.7,-104.705,40.108,71.6209,-62.5039,447.389,11.784,2.05036,113.72,0.166391,0.000590716,3.51942,3.09466,2.09951,1.77184,0.667475,0.339806,0.121359,0.109223,0.0242718,0.0242718,0.0121359,0,0,0,0
61760,61783,61772,18.8,-104.706,40.1081,70.4875,-62.6912,449.034,10.9666,1.98887,102.737,0.154967,0.000596539,3.13331,2.72714,1.83356,1.6827,0.823943,0.394564,0.197282,0.150863,0.0232097,0,0,0,0,0,0
61784,61805,61794,18.9,-104.707,40.1087,69.3243,-62.6576,451.25,9.46346,1.69392,87.0964,0.154251,0.00049975,2.61107,2.31947,1.88209,1.43145,0.569928,0.357862,0.132541,0.132541,0.0265083,0,0,0,0,0,0
61806,61825,61816,19,-104.707,40.1096,68.2644,-61.2717,456.216,7.09466,1.32931,69.561,0.156986,0.000413613,2.03144,1.63131,1.23118,1.10806,0.492471,0.323184,0.153897,0.123118,0,0,0,0,0,0,0
61828,61848,61838,19.1,-104.708,40.1104,67.1005,-61.595,457.776,7.05234,1.29067,66.942,0.155598,0.00038678,1.85297,1.77,1.28602,1.16156,0.511641,0.262734,0.0553125,0.138281,0.0138281,0,0,0,0,0,0
61849,61869,61859,19.2,-104.709,40.1108,66.1314,-61.6929,459.462,6.28625,1.16846,62.0438,0.159296,0.000375827,1.99417,1.46591,0.977274,0.898035,0.356573,0.316954,0.198096,0.066032,0.0132064,0,0,0,0,0,0
61870,61890,61880,19.3,-104.71,40.1112,65.0363,-61.5032,462.075,4.89924,1.00991,56.0845,0.166603,0.00035287,1.1921,1.0758,0.901343,0.828654,0.465209,0.174453,0.116302,0.145378,0,0,0,0,0,0,0
61891,61912,61902,19.4,-104.71,40.1118,63.8868,-60.7027,466.193,4.37424,0.89562,49.8,0.166812,0.000307687,1.3035,0.752019,0.777086,0.626682,0.476278,0.27574,0.0752019,0.0626682,0.0250673,0,0,0,0,0,0
61913,61933,61923,19.5,-104.711,40.1125,62.9057,-61.2152,467.123,4.93174,1.07726,64.5812,0.179849,0.000426953,1.40719,1.0258,0.828533,0.631263,0.407691,0.341934,0.157816,0.0789079,0.0526053,0,0,0,0,0,0
61934,61954,61944,19.6,-104.712,40.1135,61.957,-60.451,470.859,4.30781,1.07433,71.0312,0.19835,0.000495369,1.24264,0.89746,0.510862,0.441827,0.579898,0.276142,0.138071,0.179492,0.0276142,0.0138071,0,0,0,0,0
61955,61978,61966,19.7,-104.712,40.1145,60.8596,-59.5233,475.322,5.03617,1.08606,61.5219,0.169941,0.000393982,1.41928,0.972896,0.732534,0.755425,0.526509,0.366267,0.160242,0.0915667,0.0114458,0,0,0,0,0,0
61979,62002,61990,19.8,-104.711,40.1152,59.937,-59.2248,478.076,5.21692,1.10604,63.0163,0.170924,0.000405096,1.31318,1.30125,0.835662,0.656592,0.453645,0.370079,0.191008,0.0716282,0.0238761,0,0,0,0,0,0
62003,62023,62013,19.9,-104.71,40.1155,58.9947,-59.5789,479.446,5.94391,1.08782,55.6199,0.153389,0.000317291,1.72518,1.49323,0.884337,0.797353,0.565396,0.347936,0.0579893,0.0579893,0.0144973,0,0,0,0,0,0
62024,62043,62034,20,-104.711,40.1153,58.0484,-59.7184,481.352,5.57328,1.07591,58.5151,0.16316,0.000366912,1.79503,1.23046,0.883039,0.680374,0.419805,0.275045,0.188189,0.101332,0,0,0,0,0,0,0
62044,62064,62054,20.1,-104.712,40.1152,57.111,-59.455,484.196,5.27977,1.25195,78.0986,0.187145,0.000533445,1.4061,1.06147,0.689266,0.896045,0.482486,0.358418,0.179209,0.151638,0.0551412,0,0,0,0,0,0
62065,62087,62076,20.2,-104.714,40.1151,56.1682,-59.1032,487.299,4.93298,1.18737,74.2834,0.187683,0.000516547,1.38623,0.974108,0.78678,0.462077,0.512031,0.412123,0.224794,0.137374,0.0374657,0,0,0,0,0,0
62088,62108,62098,20.3,-104.716,40.1149,55.3121,-59.3611,488.862,4.32658,0.911088,51.8625,0.170771,0.000328144,1.20506,0.958237,0.638825,0.58075,0.406525,0.362969,0.0871124,0.058075,0.0290375,0,0,0,0,0,0
62109,62131,62120,20.4,-104.717,40.1147,54.4014,-59.6568,490.497,4.42465,1.07012,71.2717,0.199805,0.000479535,1.2033,0.889943,0.689392,0.601652,0.438704,0.263223,0.188016,0.0752065,0.0501376,0.0250688,0,0,0,0,0
62132,62151,62142,20.5,-104.718,40.1147,53.5115,-59.446,493.308,4.2987,1.05804,67.2761,0.190757,0.000455224,0.988839,0.8515,0.714161,0.659226,0.453218,0.260944,0.24721,0.0824032,0.0274677,0.0137339,0,0,0,0,0
62152,62172,62162,20.6,-104.719,40.1153,52.6522,-59.2961,495.938,4.31864,1.07609,66.1827,0.184509,0.000445706,1.04137,0.658516,0.673831,0.719774,0.536002,0.398173,0.168458,0.0765717,0.045943,0,0,0,0,0,0
62173,62195,62184,20.7,-104.72,40.1158,51.8291,-58.8141,499.301,3.34295,0.745811,41.6191,0.167411,0.000259512,0.67358,0.686054,0.561317,0.686054,0.274421,0.299369,0.124737,0.0249474,0.0124737,0,0,0,0,0,0
62196,62218,62207,20.8,-104.721,40.116,51.0235,-57.94,503.586,3.62034,0.89207,53.4453,0.179735,0.000358917,0.928903,0.523997,0.535906,0.535906,0.512088,0.333452,0.154817,0.0833631,0.011909,0,0,0,0,0,0
62219,62241,62230,20.9,-104.722,40.1157,50.2405,-56.8157,508.455,3.67518,0.851334,49.5733,0.174691,0.000327327,0.789387,0.815269,0.517631,0.659979,0.401164,0.232934,0.155289,0.103526,0,0,0,0,0,0,0
62242,62265,62254,21,-104.723,40.1148,49.4196,-56.6246,511.313,3.42686,0.772634,47.0226,0.18258,0.000305521,0.885083,0.771611,0.533319,0.431194,0.340417,0.260986,0.124819,0.0567361,0.0113472,0.0113472,0,0,0,0,0
62266,62286,62276,21.1,-104.723,40.1137,48.6285,-56.171,514.743,3.34501,0.748764,43.5362,0.174432,0.000285178,0.880265,0.717754,0.446904,0.501074,0.325021,0.270851,0.135425,0.0541701,0.0135425,0,0,0,0,0,0
62287,62310,62298,21.2,-104.725,40.1128,47.8333,-55.9575,517.693,3.44065,0.786704,45.1274,0.172088,0.000291681,0.793136,0.681427,0.502692,0.60323,0.390982,0.256931,0.156393,0.0446837,0.0111709,0,0,0,0,0,0
62311,62332,62322,21.3,-104.727,40.1118,46.8655,-56.1209,520.322,3.74457,0.838415,45.9093,0.164272,0.000284487,0.877107,0.595983,0.607228,0.708433,0.461044,0.314859,0.146185,0.0337349,0,0,0,0,0,0,0
62333,62354,62344,21.4,-104.73,40.1112,46.0627,-55.9909,523.221,3.24645,0.730195,41.4459,0.17028,0.000266335,0.752638,0.707704,0.505503,0.404402,0.438102,0.280835,0.0786338,0.0786338,0,0,0,0,0,0,0
62355,62376,62366,21.5,-104.733,40.111,45.259,-55.5533,526.907,3.19348,0.758164,44.3473,0.175479,0.000291149,0.739666,0.528333,0.575296,0.504851,0.32874,0.317,0.140889,0.0469629,0.0117407,0,0,0,0,0,0
62377,62399,62388,21.6,-104.735,40.1112,44.5781,-55.4505,529.454,2.96203,0.739106,44.5605,0.180869,0.000292986,0.554643,0.566444,0.460236,0.495639,0.413032,0.306824,0.106208,0.0236018,0.0354028,0,0,0,0,0,0
62400,62421,62410,21.7,-104.738,40.1114,43.8914,-54.24,534.76,3.08701,0.728157,41.672,0.171688,0.000270229,0.833374,0.375605,0.434294,0.622096,0.328655,0.305179,0.140852,0.0469507,0,0,0,0,0,0,0
62422,62442,62432,21.8,-104.741,40.1113,43.2062,-53.4924,539.005,3.55528,0.794863,44.9952,0.169823,0.000290846,0.862592,0.769339,0.582833,0.407983,0.407983,0.326386,0.13988,0.0582833,0,0,0,0,0,0,0
62443,62461,62452,21.9,-104.744,40.1118,42.5472,-53.2817,541.896,4.09574,0.942723,54.1637,0.172364,0.000349539,1.06787,0.635313,0.608278,0.635313,0.635313,0.283863,0.14869,0.0675865,0.0135173,0,0,0,0,0,0
62462,62481,62472,22,-104.747,40.1127,41.847,-53.226,544.608,4.06512,0.799271,42.2011,0.158398,0.000255277,1.07426,0.939982,0.683623,0.610378,0.354019,0.207528,0.158698,0.0366227,0,0,0,0,0,0,0
62484,62499,62492,22.1,-104.749,40.1139,41.186,-53.276,546.969,3.49237,0.67864,37.0392,0.163735,0.000231098,1.07709,0.815975,0.489585,0.505904,0.261112,0.179514,0.0815975,0.0815975,0,0,0,0,0,0,0
62500,62522,62511,22.2,-104.75,40.1151,40.5781,-53.9643,547.572,3.05429,0.644725,34.3348,0.159765,0.000207812,0.819157,0.514899,0.479792,0.514899,0.351067,0.245747,0.117022,0.0117022,0,0,0,0,0,0,0
62523,62542,62532,22.3,-104.752,40.1161,39.871,-54.123,549.94,2.65791,0.541282,28.7618,0.159409,0.000173975,0.722658,0.502186,0.416447,0.465441,0.281714,0.146981,0.0979876,0.0244969,0,0,0,0,0,0,0
62544,62563,62554,22.4,-104.753,40.1172,39.2442,-53.8268,553.17,2.89127,0.549115,27.5866,0.150715,0.000156434,0.722819,0.606651,0.580836,0.451762,0.309779,0.116167,0.0903523,0.0129075,0,0,0,0,0,0,0
62564,62584,62574,22.5,-104.755,40.1181,38.6571,-53.9957,555.144,2.6054,0.555052,31.811,0.171935,0.000204603,0.771105,0.560804,0.303769,0.397236,0.245352,0.198618,0.0701005,0.0467337,0.0116834,0,0,0,0,0,0
62585,62604,62594,22.6,-104.757,40.1188,37.9975,-53.952,557.979,2.4845,0.408897,20.4089,0.149736,0.000118722,0.983961,0.688773,0.270589,0.0983961,0.270589,0.0983961,0.0491981,0.024599,0,0,0,0,0,0,0
62605,62626,62616,22.7,-104.758,40.1192,37.4459,-53.3941,561.754,2.44889,0.430029,22.9757,0.160285,0.000138806,1.00639,0.514378,0.268371,0.268371,0.201278,0.111821,0.0335464,0.0335464,0.0111821,0,0,0,0,0,0
62627,62646,62636,22.8,-104.759,40.1193,36.89,-53.126,564.839,2.27579,0.38097,20.5594,0.161898,0.000124004,1.06448,0.464946,0.195767,0.195767,0.208002,0.0734126,0.0489417,0,0.0244709,0,0,0,0,0,0
62647,62667,62657,22.9,-104.761,40.1191,36.3005,-52.868,568.116,2.2627,0.373573,18.3141,0.147072,0.000103117,1.04527,0.405811,0.196757,0.221351,0.221351,0.122973,0.0368919,0.0122973,0,0,0,0,0,0,0
62668,62689,62678,23,-104.764,40.1191,35.7419,-52.6814,571.118,2.36191,0.425328,23.8524,0.16824,0.000153282,1.01726,0.526168,0.245545,0.22216,0.105234,0.128619,0.0701558,0.0350779,0.0116926,0,0,0,0,0,0
62690,62711,62700,23.1,-104.766,40.1196,35.1462,-52.7462,573.701,2.2791,0.328835,14.6427,0.133587,7.31006e-05,1.06358,0.45582,0.245442,0.315568,0.0818138,0.0701261,0.0467508,0,0,0,0,0,0,0,0
62712,62732,62722,23.2,-104.768,40.1205,34.5489,-52.7089,576.613,2.132,0.321599,14.4538,0.13483,7.17208e-05,0.917407,0.465164,0.258425,0.232582,0.10337,0.142133,0.0129212,0,0,0,0,0,0,0,0
62733,62753,62743,23.3,-104.77,40.1218,33.8595,-53.179,578.711,1.90558,0.298304,14.198,0.142788,7.81322e-05,0.872878,0.39341,0.196705,0.184411,0.110646,0.0983524,0.0491762,0,0,0,0,0,0,0,0
62755,62776,62766,23.4,-104.772,40.1234,33.2195,-53.6982,580.491,2.05772,0.345331,18.5611,0.161246,0.000115262,1.01199,0.371063,0.224887,0.134932,0.146177,0.0787104,0.0674661,0.0112443,0.0112443,0,0,0,0,0,0
62777,62797,62787,23.5,-104.774,40.1248,32.6968,-53.8453,582.749,2.03119,0.386962,20.5834,0.159577,0.000125697,0.742166,0.351553,0.312491,0.234368,0.169266,0.143225,0.0520819,0.0260409,0,0,0,0,0,0,0
62798,62820,62809,23.6,-104.775,40.1261,32.219,-53.4686,586.2,2.3438,0.42108,21.5858,0.153789,0.000126372,0.848007,0.49467,0.247335,0.32978,0.282669,0.0588893,0.0471115,0.0353336,0,0,0,0,0,0,0
62821,62841,62831,23.7,-104.776,40.1267,31.6972,-52.7206,590.953,1.98429,0.392836,22.1764,0.169356,0.000138616,0.602128,0.410542,0.328433,0.314749,0.150532,0.0957931,0.0273695,0.0410542,0.0136847,0,0,0,0,0,0
62842,62860,62851,23.8,-104.777,40.1265,31.2178,-52.6589,593.692,1.93302,0.324705,15.615,0.144269,8.49756e-05,0.767726,0.411282,0.287897,0.109675,0.150803,0.191931,0.0137094,0,0,0,0,0,0,0,0
62861,62882,62872,23.9,-104.778,40.1263,30.7435,-52.3045,597.256,2.09619,0.309623,13.965,0.13531,7.09626e-05,0.986444,0.382247,0.209619,0.308264,0.110975,0.0493222,0.0493222,0,0,0,0,0,0,0,0
62883,62903,62893,24,-104.78,40.1263,30.1576,-52.4262,600.213,2.04046,0.309559,14.2694,0.138288,7.39038e-05,0.842283,0.510115,0.201673,0.249126,0.130495,0.0711788,0.0237263,0.0118631,0,0,0,0,0,0,0
62904,62923,62914,24.1,-104.782,40.1263,29.715,-52.595,602.301,2.10714,0.371438,19.4094,0.156764,0.000118483,0.921086,0.479469,0.138794,0.201882,0.113558,0.176647,0.0630881,0.0126176,0,0,0,0,0,0,0
62924,62942,62933,24.2,-104.783,40.1261,29.2822,-52.3867,605.398,2.05389,0.433814,25.3273,0.175148,0.000170012,0.827261,0.299525,0.256736,0.185421,0.199684,0.156894,0.0713156,0.0570525,0,0,0,0,0,0,0
62944,62962,62953,24.3,-104.784,40.1254,28.7684,-51.9842,609.582,2.12745,0.397296,21.462,0.162061,0.000133425,0.837253,0.439215,0.274509,0.15098,0.178431,0.178431,0.0274509,0.0411764,0,0,0,0,0,0,0
62963,62982,62972,24.4,-104.787,40.1245,28.2953,-51.7205,613.2,1.71094,0.25713,12.2373,0.142776,6.56386e-05,0.778964,0.250381,0.319932,0.250381,0.0278202,0.0417302,0.0139101,0.0278202,0,0,0,0,0,0,0
62983,63002,62992,24.5,-104.789,40.124,27.9,-52.0584,614.735,1.83802,0.292115,15.2553,0.156671,9.03844e-05,0.91901,0.339327,0.197941,0.155525,0.0848317,0.0848317,0.0424158,0,0.0141386,0,0,0,0,0,0
63003,63022,63012,24.6,-104.792,40.1239,27.427,-52.3925,616.809,1.98832,0.323014,15.663,0.145471,8.73513e-05,0.800852,0.428042,0.234733,0.24854,0.179501,0.0276156,0.0552312,0.0138078,0,0,0,0,0,0,0
63023,63041,63032,24.7,-104.795,40.1243,26.9733,-52.7378,618.794,1.70198,0.335664,18.8635,0.168593,0.00011833,0.593351,0.31229,0.265447,0.234218,0.093687,0.124916,0.062458,0,0.0156145,0,0,0,0,0,0
