api/src/app/data/B2SAP/Locations/Boulder/NOAA-POPS-B2SAP_GMLBalloon_20211220_R0.ict
61,1001
Thornberry, T. D.
NOAA Chemical Sciences Laboratory
Portable Optical Particle Spectrometer (POPS)
Balloon Baseline Stratospheric Aerosol Profiles (B2SAP)
1,1
2021,12,20,2024,05,28
0
TIME_START,s,Seconds since midnight UTC on flight start day,Start time of 100 m altitude bin in UTC_seconds_since_midnight
28
1.0,1.0,1.0,1.0,1.0,1.0,1.0,1.0,1.0,1.0,1.0,1.0,1.0,1.0,1.0,1.0,1.0,1.0,1.0,1.0,1.0,1.0,1.0,1.0,1.0,1.0,1.0,1.0
99999,99999,99999,99999,99999,99999,99999,99999,99999,99999,99999,99999,99999,99999,99999,99999,99999,99999,99999,99999,99999,99999,99999,99999,99999,99999,99999,99999
TIME_STOP,s,End time of 100 m altitude bin in UTC seconds since midnight,
TIME_MID,s,Mid time of 100 m altitude in UTC seconds since midnight,
GPSAlt,m,GPS reported altitude above sea level (m),
GPS_Lon,deg,GPS reported longitude,
GPS_Lat,deg,GPS reported latitude,
iMet_Pressure,mb,Pressure reported (mB),
iMet_Temperature,degrees C,Ambient temperature (oC),
THETA,K,Potential temperature from iMet,
Aerosol_concentration,cm^-3,Aerosol concentration,
Surface_Area_Conc,um^2 cm^-3,Surface area concentration,
Volume_density,um^3 cm^-3,Volume density,
Effective_radius,um,Effective radius,
Extinction,km^-1,Extinction,
Bin01,cm^-3,particle concentration in size range [140 - 170 nm],
Bin02,cm^-3,particle concentration in size range [170 - 205 nm],
Bin03,cm^-3,particle concentration in size range [205 - 249 nm],
Bin04,cm^-3,particle concentration in size range [249 - 302 nm],
Bin05,cm^-3,particle concentration in size range [302 - 366 nm],
Bin06,cm^-3,particle concentration in size range [366 - 443 nm],
Bin07,cm^-3,particle concentration in size range [443 - 537 nm],
Bin08,cm^-3,particle concentration in size range [537 - 651 nm],
Bin09,cm^-3,particle concentration in size range [651 - 789 nm],
Bin10,cm^-3,particle concentration in size range [789 - 956 nm],
Bin11,cm^-3,particle concentration in size range [956 - 1159 nm],
Bin12,cm^-3,particle concentration in size range [1159 - 1404 nm],
Bin13,cm^-3,particle concentration in size range [1404 - 1702 nm],
Bin14,cm^-3,particle concentration in size range [1702 - 2062 nm],
Bin15,cm^-3,particle concentration in size range [2062 - 2500 nm],
0
19
PI_CONTACT_INFO: 325 Broadway R/CSL6, Boulder, CO 80305; troy.thornberry@noaa.gov; 303-497-3373 
PLATFORM: GML ECC/FPH balloon
LOCATION: Boulder, CO, USA
ASSOCIATED_DATA: N/A
INSTRUMENT_INFO: Printed Optical Particle Spectrometer counts particles from 140 - 2500 nm in diameter 
DATA_INFO: Particle concentrations reported in number per cubic centimeter, binned to 100 m altitude
UNCERTAINTY: Counting uncertainty dominated by air flow, less than 5 percent
ULOD_FLAG: -77777
ULOD_VALUE: 3000 ~3000 per cm3 (varies depending on flow rate- manufacturer quotes 1250  per cm3 at 1.667 cc/s)
LLOD_FLAG: -88888
LLOD_VALUE: 0 0 (varies depending on data field and measurement precision)
DM_CONTACT_INFO: Troy Thornberry, 325 Broadway R/CSL6, Boulder, CO 80305; troy.thornberry@noaa.gov; 303-497-3373
PROJECT_INFO: B2SAP Boulder, CO, USA
STIPULATIONS_ON_USE: Please contact the PIs for questions regarding applications and uncertainties
OTHER_COMMENTS: POPS bin Edges (nm):  140, 170, 205, 249, 302, 366, 443, 537, 651, 789, 956, 1159, 1404, 1702, 2062, 2500
Calculations assume sulfate refractive index of 1.45+0.00j and extinction wavelength = 532 nm
REVISION: R0
R0: QA/QC data
TIME_START,TIME_STOP,TIME_MID,GPSAlt,GPS_Lon,GPS_Lat,iMet_Pressure,iMet_Temperature,THETA,Aerosol_concentration,Surface_Area_Conc,Volume_density,Effective_radius,Extinction,Bin01,Bin02,Bin03,Bin04,Bin05,Bin06,Bin07,Bin08,Bin09,Bin10,Bin11,Bin12,Bin13,Bin14,Bin15
61090,61788,61439,1.7,-105.197,39.9491,825.785,12.6962,301.911,25.4327,4.25691,360.506,0.254061,0.00140909,13.0173,6.00076,2.95962,1.49235,0.902936,0.275897,0.332331,0.144219,0.137949,0.0438927,0.0250816,0.0250816,0.0627039,0.00627039,0.00627039
61651,61809,61730,1.8,-105.197,39.9492,822.844,11.5917,301.058,25.8108,6.05723,918.245,0.454784,0.00252384,13.4193,5.83385,2.82283,1.3897,1.14361,0.231617,0.303997,0.173713,0.101332,0.0723802,0.0579042,0.0289521,0.14476,0.014476,0.0723802
61810,61827,61818,1.9,-105.196,39.9496,813.306,10.4269,300.826,24.8767,5.35776,612.422,0.342917,0.00227879,12.3614,5.41085,3.25531,1.18775,1.12176,0.373921,0.417912,0.241949,0.153967,0.131972,0.065986,0.0879814,0.0219953,0.0219953,0.0219953
61828,61845,61836,2,-105.195,39.95,803.792,9.51,300.86,23.842,6.54437,1120.51,0.513653,0.00307376,11.539,5.62256,3.01699,1.46931,0.607315,0.391816,0.450589,0.117545,0.23509,0.0587724,0.0587724,0.0587724,0.0783632,0.0391816,0.0979541
61846,61862,61854,2.1,-105.195,39.9502,794.138,8.53941,300.862,23.6645,4.77603,538.736,0.3384,0.00191213,11.9478,5.50143,2.70872,1.34386,0.902906,0.251974,0.356963,0.29397,0.0839913,0.0839913,0.0629935,0.0419956,0.0419956,0.0209978,0.0209978
61863,61886,61874,2.2,-105.193,39.9502,783.528,7.51542,300.929,23.4568,4.65407,559.166,0.360437,0.0017578,11.6317,5.9051,2.78149,1.21969,0.907333,0.282612,0.20824,0.163617,0.0743715,0.0743715,0.0594972,0.0594972,0.0446229,0.0148743,0.0297486
61887,61906,61896,2.3,-105.192,39.9505,774.618,6.837,301.182,20.9765,2.93915,165.814,0.169246,0.00077791,10.986,4.90636,2.48873,1.11993,0.63996,0.37331,0.231097,0.10666,0.0711067,0.0177767,0,0.0355533,0,0,0
61907,61925,61916,2.4,-105.191,39.9509,765.253,6.20263,301.543,19.3016,2.52932,138.238,0.163963,0.000563578,10.6028,4.48006,1.97869,1.13868,0.466673,0.317337,0.205336,0.0373338,0.0373338,0,0.0186669,0,0.0186669,0,0
61926,61944,61935,2.5,-105.19,39.9513,755.631,5.38737,301.754,17.7618,2.56403,213.503,0.249805,0.000704099,9.70548,3.75329,1.95247,1.13736,0.663461,0.303296,0.0758241,0.0758241,0.0758241,0,0,0,0,0,0.018956
61945,61967,61956,2.6,-105.189,39.9515,746.487,4.44304,301.781,18.9596,2.26296,95.4147,0.126491,0.000448727,10.4756,4.46937,2.10139,0.972285,0.533188,0.0940921,0.203866,0.062728,0.047046,0,0,0,0,0,0
61968,61987,61978,2.7,-105.189,39.952,737.152,3.6835,302.036,17.618,2.15866,101.981,0.141728,0.000485899,9.88061,4.14114,1.7618,0.980796,0.490398,0.163466,0.0544887,0.0544887,0.0363258,0.0544887,0,0,0,0,0
61988,62005,61996,2.8,-105.188,39.9524,728.367,2.85167,302.16,18.0006,2.18322,104.116,0.143068,0.0004183,10.3493,4.08738,1.63093,0.90607,0.583911,0.281888,0.100674,0.0201349,0,0.0201349,0.0201349,0,0,0,0
62006,62023,62014,2.9,-105.187,39.9526,719.349,2.03389,302.345,18.2562,2.14263,88.3658,0.123725,0.00038078,10.6427,3.75625,1.83773,1.00974,0.565456,0.282728,0.121169,0.0201949,0,0.0201949,0,0,0,0,0
62024,62040,62032,3,-105.187,39.9524,710.207,1.17882,302.506,17.2315,2.04448,88.3325,0.129616,0.000433174,10.2018,3.62205,1.82174,0.771561,0.321484,0.214323,0.128594,0.107161,0.0428645,0,0,0,0,0,0
62041,62057,62049,3.1,-105.186,39.9523,701.272,0.241176,302.561,18.5679,2.32421,110.645,0.142817,0.000467937,10.2209,4.10965,2.10806,1.08597,0.553631,0.191642,0.234229,0.0212935,0.0212935,0,0.0212935,0,0,0,0
62058,62075,62066,3.2,-105.185,39.9521,692.516,-0.620556,302.697,17.4947,2.58721,272.177,0.315602,0.000750475,10.0985,3.84029,1.72711,0.894036,0.447018,0.182871,0.20319,0.040638,0.020319,0,0,0,0,0.020319,0.020319
62076,62092,62084,3.3,-105.185,39.9518,684.157,-1.46133,302.812,17.2784,2.07648,106.228,0.153474,0.000401369,10.3965,3.56383,1.81878,0.737344,0.319516,0.196625,0.147469,0.0737344,0,0,0,0,0.0245781,0,0
62093,62108,62100,3.4,-105.184,39.9514,675.275,-2.38062,302.912,16.293,2.3126,215.559,0.279633,0.000601602,9.07982,3.73333,1.63621,0.829629,0.48395,0.299588,0.161317,0.0460905,0,0,0,0,0,0,0.0230452
62109,62125,62117,3.5,-105.183,39.9509,667.016,-3.23059,303.027,17.3952,2.05011,96.8008,0.141652,0.000373199,10.5637,3.44849,1.83337,0.654776,0.501995,0.174607,0.152781,0.0436517,0,0,0,0.0218259,0,0,0
62126,62141,62134,3.6,-105.182,39.9504,658.606,-4.20437,303.033,16.6596,2.23507,131.458,0.176448,0.000602119,9.66954,3.72801,1.37471,0.932004,0.466002,0.1165,0.163101,0.1165,0.0233001,0.0466002,0,0,0.0233001,0,0
62142,62155,62148,3.7,-105.181,39.9499,650.526,-5.11857,303.066,16.6643,2.23613,151.314,0.203003,0.000563704,10.4785,3.17288,1.33314,0.853212,0.346617,0.213303,0.0799886,0.0799886,0.0266629,0.0266629,0,0,0.0533257,0,0
62156,62170,62163,3.8,-105.18,39.9494,642.419,-6.06933,303.074,16.7636,2.04502,92.0155,0.134985,0.000449412,9.82867,3.56726,1.64643,0.748376,0.42408,0.274404,0.199567,0.0249459,0.0249459,0.0249459,0,0,0,0,0
62171,62186,62178,3.9,-105.179,39.9486,634.021,-6.96125,303.205,15.7999,1.85417,79.4749,0.128588,0.000374808,9.6581,2.88336,1.68782,0.773585,0.445398,0.187536,0.046884,0.046884,0.0703259,0,0,0,0,0,0
62187,62200,62194,4,-105.178,39.948,626.27,-7.77214,303.342,15.765,2.11649,165.258,0.234243,0.000538787,9.66417,2.96944,1.29575,1.02581,0.404923,0.215959,0.0809846,0.0539898,0.0269949,0,0,0,0,0.0269949,0
62201,62213,62207,4.1,-105.177,39.9476,618.466,-8.64769,303.423,15.6919,2.01899,109.997,0.163444,0.000439407,8.97926,3.42897,1.62731,0.697418,0.435886,0.377768,0.0581182,0.0290591,0,0.0290591,0,0.0290591,0,0,0
62214,62227,62220,4.2,-105.177,39.9472,610.551,-9.56714,303.491,15.8068,1.7488,66.6701,0.11437,0.000269049,9.54375,3.22644,1.65389,0.704936,0.325355,0.244016,0.0542258,0.0542258,0,0,0,0,0,0,0
62228,62240,62234,4.3,-105.176,39.9468,602.607,-10.4508,303.604,14.6901,1.95467,125.292,0.192297,0.000469751,8.70957,3.25157,1.21934,0.754829,0.406447,0.145159,0.0580638,0.0290319,0.0580638,0,0.0290319,0.0290319,0,0,0
62241,62250,62246,4.4,-105.175,39.9465,595.426,-10.94,304.074,12.2102,1.49713,92.5948,0.185544,0.00030994,7.55505,2.67098,0.95392,0.610509,0.267098,0.0763136,0,0,0,0.0381568,0,0.0381568,0,0,0
62252,62264,62258,4.5,-105.174,39.9462,587.383,-11.1923,304.971,8.5747,1.02548,43.0928,0.126066,0.000210017,5.297,1.49252,0.760895,0.556038,0.234121,0.0292652,0.175591,0.0292652,0,0,0,0,0,0,0
62265,62279,62272,4.6,-105.173,39.9459,579.225,-12.3187,304.873,9.20302,1.07345,47.345,0.132317,0.000232217,5.56757,1.9067,1.01691,0.27965,0.228804,0.101691,0,0.0508454,0.0508454,0,0,0,0,0,0
62280,62298,62289,4.7,-105.171,39.9452,571.547,-12.6074,305.696,7.6778,0.913326,41.0794,0.134934,0.000210237,5.0918,1.26293,0.461069,0.400929,0.240558,0.100232,0.0601394,0.0200465,0.0400929,0,0,0,0,0,0
62299,62314,62306,4.8,-105.17,39.9447,563.744,-13.4469,305.916,6.48244,0.679475,24.561,0.108441,9.08236e-05,4.35352,1.07642,0.526249,0.191363,0.215284,0.0956817,0.0239204,0,0,0,0,0,0,0,0
62315,62331,62323,4.9,-105.169,39.9441,556.622,-14.0418,306.322,5.97144,0.670795,28.2506,0.126345,0.000138793,3.89834,1.28442,0.270405,0.247871,0.090135,0.090135,0.0225337,0.0676012,0,0,0,0,0,0,0
62332,62354,62343,5,-105.168,39.943,548.655,-14.6826,306.825,5.90935,0.696685,35.4769,0.152767,0.000192171,4.28092,0.789032,0.386122,0.201455,0.0671517,0.0503637,0.0839396,0,0.0335758,0.0167879,0,0,0,0,0
62355,62376,62366,5.1,-105.167,39.9417,541.56,-15.6133,306.865,6.01339,0.696297,33.4738,0.144222,0.000172116,4.34504,0.73334,0.495004,0.146668,0.0916675,0.0916675,0.0550005,0.036667,0,0.0183335,0,0,0,0,0
62377,62398,62388,5.2,-105.165,39.9402,534.582,-16.5655,306.863,5.9613,0.669762,26.8981,0.120482,0.000123191,3.80959,1.16404,0.40565,0.317465,0.105822,0.0529109,0.0881848,0.017637,0,0,0,0,0,0,0
62399,62418,62408,5.3,-105.164,39.9389,527.561,-17.484,306.919,5.32212,0.517898,18.5585,0.107503,7.08296e-05,3.87419,0.900065,0.273933,0.0978332,0.0978332,0.0391333,0.0195666,0.0195666,0,0,0,0,0,0,0
62419,62438,62428,5.4,-105.163,39.9375,520.925,-18.311,307.033,5.34234,0.662948,41.9523,0.189844,0.000154276,3.80203,0.818899,0.311961,0.136483,0.0974879,0.0974879,0.0194976,0.0389952,0,0,0,0.0194976,0,0,0
62439,62459,62449,5.5,-105.161,39.9362,513.9,-19.2733,307.06,5.35614,0.736133,50.0307,0.203893,0.000192342,3.55216,0.836897,0.390552,0.204575,0.167379,0.0929885,0.0371954,0.0557931,0,0,0,0,0.0185977,0,0
62460,62478,62469,5.6,-105.16,39.9347,507.263,-20.2137,307.068,5.22808,0.63577,29.9839,0.141485,0.000161106,3.47853,0.905652,0.226413,0.308745,0.144081,0.061749,0.061749,0,0.041166,0,0,0,0,0,0
62479,62496,62488,5.7,-105.159,39.9335,500.346,-21.2544,307.007,4.66482,0.461557,16.1402,0.104907,5.75167e-05,3.32889,0.76652,0.284707,0.0657017,0.153304,0.0438011,0.0219006,0,0,0,0,0,0,0,0
62497,62511,62504,5.8,-105.157,39.9324,493.891,-22.1307,307.074,4.72207,0.645228,37.1944,0.172936,0.000215038,3.13925,0.765028,0.316563,0.105521,0.184662,0.0791408,0.0791408,0,0.0263803,0.0263803,0,0,0,0,0
62512,62527,62520,5.9,-105.155,39.9312,486.887,-22.7263,307.596,4.80327,0.534066,23.6252,0.132709,0.000128811,3.63959,0.668496,0.123796,0.148555,0.0247591,0.0742773,0.0742773,0.0495182,0,0,0,0,0,0,0
62528,62544,62536,6,-105.153,39.9299,480.376,-22.4165,309.161,3.773,0.478744,23.2417,0.145642,0.000137205,2.63178,0.535672,0.186321,0.139741,0.0931604,0.0698703,0.0465802,0.0698703,0,0,0,0,0,0,0
62545,62564,62554,6.1,-105.15,39.9284,473.755,-22.4365,310.368,3.66633,0.346586,11.8667,0.102716,4.13396e-05,2.7547,0.614357,0.0792719,0.0990899,0.0594539,0.039636,0.019818,0,0,0,0,0,0,0,0
62565,62583,62574,6.2,-105.148,39.9269,467.157,-23.2832,310.566,4.0219,0.418017,19.7554,0.14178,8.68758e-05,3.00079,0.583488,0.18755,0.18755,0.0208388,0,0.0208388,0,0,0.0208388,0,0,0,0,0
62584,62601,62592,6.3,-105.146,39.9254,461.144,-24.0247,310.79,4.16413,0.440421,17.6222,0.120037,8.18679e-05,3.22837,0.444486,0.11697,0.140364,0.11697,0.070182,0.023394,0.023394,0,0,0,0,0,0,0
62602,62620,62611,6.4,-105.143,39.9243,454.951,-24.5863,311.287,4.224,0.421955,15.3849,0.109383,6.13464e-05,3.17845,0.564594,0.188198,0.104554,0.104554,0.0418218,0.0418218,0,0,0,0,0,0,0,0
62621,62637,62629,6.5,-105.141,39.9233,448.684,-25.4976,311.375,5.50675,0.645647,29.1931,0.135646,0.000153692,3.67117,1.05899,0.305931,0.141199,0.117666,0.117666,0.0470663,0.0235331,0.0235331,0,0,0,0,0,0
62638,62654,62646,6.6,-105.139,39.9223,442.508,-26.3129,311.585,6.05548,0.661412,27.5679,0.125041,0.000137412,4.20128,1.1266,0.352063,0.0704125,0.117354,0.0704125,0.0704125,0.0469417,0,0,0,0,0,0,0
62655,62670,62662,6.7,-105.137,39.9214,436.342,-27.2775,311.618,6.50334,0.854072,55.6049,0.195317,0.000220045,4.33556,1.20992,0.403308,0.201654,0.126034,0.0252067,0.15124,0.0252067,0,0,0,0.0252067,0,0,0
62671,62687,62679,6.8,-105.134,39.9204,430.229,-28.0865,311.845,5.24717,0.639522,33.1339,0.155431,0.000176265,3.66356,0.850892,0.212723,0.212723,0.141815,0.0709077,0.0236359,0.0472718,0,0.0236359,0,0,0,0,0
62688,62703,62696,6.9,-105.132,39.9194,424.435,-28.7469,312.209,4.17874,0.436386,16.8294,0.115696,7.54089e-05,2.91246,0.861074,0.101303,0.101303,0.101303,0.0253257,0.0759771,0,0,0,0,0,0,0,0
62704,62719,62712,7,-105.129,39.9186,418.438,-29.2937,312.777,4.09543,0.473484,19.4283,0.123098,9.05061e-05,2.65444,0.707852,0.278085,0.176963,0.176963,0.0505608,0.0252804,0.0252804,0,0,0,0,0,0,0
62720,62735,62728,7.1,-105.125,39.9178,412.67,-29.9662,313.158,4.31058,0.53532,23.8087,0.133427,0.000126708,2.72918,0.714179,0.35709,0.204051,0.153038,0.0255064,0.102026,0.0255064,0,0,0,0,0,0,0
62736,62752,62744,7.2,-105.121,39.9171,407.037,-30.6747,313.478,4.44023,0.532218,23.9855,0.135201,0.00013128,2.90415,0.888047,0.264014,0.0720038,0.144008,0.0480025,0.0720038,0.0480025,0,0,0,0,0,0,0
62753,62768,62760,7.3,-105.118,39.9162,401.492,-31.5394,313.583,3.60451,0.442052,23.6845,0.160736,0.000118642,2.35188,0.639098,0.332331,0.102256,0.0766918,0.0511278,0.0255639,0,0,0.0255639,0,0,0,0,0
62769,62785,62777,7.4,-105.114,39.9155,395.501,-32.4819,313.702,3.61863,0.391304,17.098,0.131085,8.44224e-05,2.51507,0.641601,0.25664,0.0769921,0.0513281,0.025664,0.025664,0,0.025664,0,0,0,0,0,0
62786,62803,62794,7.5,-105.11,39.9146,389.919,-33.1947,314.043,3.10443,0.469934,29.5184,0.188441,0.000176247,1.86751,0.582081,0.266787,0.14552,0.0485068,0.0970135,0.0485068,0,0.0242534,0.0242534,0,0,0,0,0
62804,62820,62812,7.6,-105.106,39.9138,384.275,-33.8682,314.478,4.56633,0.464227,16.4051,0.106016,5.85529e-05,2.93027,0.952337,0.463959,0.0732567,0.0488378,0.0732567,0.0244189,0,0,0,0,0,0,0,0
62821,62840,62830,7.7,-105.102,39.9126,378.798,-34.544,314.877,5.54758,0.556262,19.9248,0.107457,7.51984e-05,3.93298,0.952196,0.289799,0.144899,0.1242,0.0620998,0.0413998,0,0,0,0,0,0,0,0
62841,62860,62850,7.8,-105.098,39.9116,373.649,-35.3325,315.063,4.08159,0.450845,18.6827,0.124318,9.17004e-05,2.83847,0.683719,0.227906,0.16575,0.0207188,0.0621563,0.0621563,0.0207188,0,0,0,0,0,0,0
62861,62878,62870,7.9,-105.093,39.9106,368.221,-36.3375,315.043,2.68291,0.350873,15.8148,0.135218,8.53212e-05,1.61495,0.468857,0.260476,0.104191,0.0781429,0.0781429,0.0781429,0,0,0,0,0,0,0,0
62879,62898,62888,8,-105.089,39.9094,362.75,-37.2511,315.176,3.81358,0.46052,22.77,0.148332,0.000131695,2.7504,0.600927,0.138676,0.0924504,0.0462252,0.115563,0,0.0462252,0.0231126,0,0,0,0,0,0
62899,62919,62909,8.1,-105.084,39.9087,357.555,-37.799,315.747,3.85288,0.418185,15.4318,0.110705,5.86664e-05,2.49917,0.666444,0.270743,0.208264,0.145785,0.0416528,0.0208264,0,0,0,0,0,0,0,0
62920,62938,62929,8.2,-105.08,39.9082,352.764,-38.0363,316.644,3.99533,0.474934,19.3542,0.122254,8.83399e-05,2.48062,0.724428,0.285381,0.263429,0.0658571,0.131714,0.0439048,0,0,0,0,0,0,0,0
62939,62958,62948,8.3,-105.075,39.908,347.593,-38.7495,317.015,4.6035,0.513877,19.5455,0.114106,7.96952e-05,2.66519,1.14537,0.374448,0.176211,0.132158,0.066079,0.0440527,0,0,0,0,0,0,0,0
62959,62977,62968,8.4,-105.07,39.9073,342.394,-39.5921,317.235,4.93821,0.599248,28.9224,0.144794,0.000137018,2.96735,0.974354,0.531466,0.243589,0.0885777,0.0664333,0.0442888,0,0,0.0221444,0,0,0,0,0
62978,62999,62988,8.5,-105.064,39.9066,337.309,-40.5358,317.316,5.12306,0.672284,43.0273,0.192005,0.000158914,3.3634,0.890967,0.334113,0.200468,0.178193,0.0890967,0.0222742,0.0222742,0,0,0.0222742,0,0,0,0
63000,63017,63008,8.6,-105.059,39.9059,332.475,-41.4789,317.334,5.39109,0.869218,105.187,0.363041,0.000303445,3.46066,0.988759,0.400212,0.235419,0.188335,0,0.0706257,0,0.0235419,0,0,0,0,0.0235419,0
63018,63033,63026,8.7,-105.054,39.9052,327.589,-42.4438,317.348,4.67965,0.515495,20.0851,0.116888,8.59318e-05,2.84502,1.06356,0.372245,0.186122,0.132945,0.0265889,0.0265889,0.0265889,0,0,0,0,0,0,0
63035,63049,63042,8.8,-105.05,39.9048,322.791,-43.278,317.533,4.35938,0.550888,29.3743,0.159965,0.000150974,2.7353,0.854781,0.370405,0.113971,0.170956,0.0284927,0.0569854,0,0,0.0284927,0,0,0,0,0
63050,63064,63057,8.9,-105.046,39.9047,318.199,-44.144,317.641,4.58751,0.563757,26.4965,0.141,0.000145243,2.95321,0.831486,0.401407,0.0860157,0.14336,0.0573438,0.0860157,0,0.0286719,0,0,0,0,0,0
63065,63078,63072,9,-105.042,39.9045,313.651,-45.0907,317.633,3.64004,0.403844,14.817,0.11007,5.41204e-05,2.04944,0.764715,0.458829,0.275297,0.0305886,0.0305886,0.0305886,0,0,0,0,0,0,0,0
63079,63093,63086,9.1,-105.038,39.9044,308.922,-46.0043,317.733,4.37892,0.539619,23.0163,0.127959,0.000111944,2.52867,0.955962,0.339212,0.2467,0.154187,0.0925125,0.0308375,0.0308375,0,0,0,0,0,0,0
63094,63108,63101,9.2,-105.034,39.9041,304.203,-47.0067,317.722,4.06046,0.462392,17.4691,0.11334,6.7665e-05,2.47659,0.719939,0.403166,0.201583,0.143988,0.11519,0,0,0,0,0,0,0,0,0
63109,63121,63115,9.3,-105.031,39.904,299.645,-47.945,317.774,3.42627,0.486133,23.8727,0.147322,0.000141474,2.05576,0.468858,0.396726,0.144264,0.18033,0.036066,0.108198,0.036066,0,0,0,0,0,0,0
63122,63136,63129,9.4,-105.027,39.9036,295.121,-48.7567,318.013,3.37417,0.393723,15.4639,0.117828,6.6285e-05,2.03614,0.610842,0.37814,0.0872631,0.174526,0.0581754,0.0290877,0,0,0,0,0,0,0,0
63137,63156,63146,9.5,-105.022,39.903,290.316,-49.6478,318.235,3.28851,0.351285,12.8947,0.110122,4.97078e-05,2.07054,0.682061,0.292312,0.0487186,0.146156,0.0243593,0.0243593,0,0,0,0,0,0,0,0
