api/src/app/data/B2SAP/Locations/Boulder/NOAA-POPS-B2SAP_GMLBalloon_20211220_R0.ict
61,1001
Thornberry, T. D.
NOAA Chemical Sciences Laboratory
Portable Optical Particle Spectrometer (POPS)
Balloon Baseline Stratospheric Aerosol Profiles (B2SAP)
1,1
2021,12,20,2024,05,28
0
TIME_START,s,Seconds since midnight UTC on flight start day,Start time of 100 m altitude bin in UTC_seconds_since_midnight
28
1.0,1.0,1.0,1.0,1.0,1.0,1.0,1.0,1.0,1.0,1.0,1.0,1.0,1.0,1.0,1.0,1.0,1.0,1.0,1.0,1.0,1.0,1.0,1.0,1.0,1.0,1.0,1.0
99999,99999,99999,99999,99999,99999,99999,99999,99999,99999,99999,99999,99999,99999,99999,99999,99999,99999,99999,99999,99999,99999,99999,99999,99999,99999,99999,99999
TIME_STOP,s,End time of 100 m altitude bin in UTC seconds since midnight,
TIME_MID,s,Mid time of 100 m altitude in UTC seconds since midnight,
GPSAlt,m,GPS reported altitude above sea level (m),
GPS_Lon,deg,GPS reported longitude,
GPS_Lat,deg,GPS reported latitude,
iMet_Pressure,mb,Pressure reported (mB),
iMet_Temperature,degrees C,Ambient temperature (oC),
THETA,K,Potential temperature from iMet,
Aerosol_concentration,cm^-3,Aerosol concentration,
Surface_Area_Conc,um^2 cm^-3,Surface area concentration,
Volume_density,um^3 cm^-3,Volume density,
Effective_radius,um,Effective radius,
Extinction,km^-1,Extinction,
Bin01,cm^-3,particle concentration in size range [140 - 170 nm],
Bin02,cm^-3,particle concentration in size range [170 - 205 nm],
Bin03,cm^-3,particle concentration in size range [205 - 249 nm],
Bin04,cm^-3,particle concentration in size range [249 - 302 nm],
Bin05,cm^-3,particle concentration in size range [302 - 366 nm],
Bin06,cm^-3,particle concentration in size range [366 - 443 nm],
Bin07,cm^-3,particle concentration in size range [443 - 537 nm],
Bin08,cm^-3,particle concentration in size range [537 - 651 nm],
Bin09,cm^-3,particle concentration in size range [651 - 789 nm],
Bin10,cm^-3,particle concentration in size range [789 - 956 nm],
Bin11,cm^-3,particle concentration in size range [956 - 1159 nm],
Bin12,cm^-3,particle concentration in size range [1159 - 1404 nm],
Bin13,cm^-3,particle concentration in size range [1404 - 1702 nm],
Bin14,cm^-3,particle concentration in size range [1702 - 2062 nm],
Bin15,cm^-3,particle concentration in size range [2062 - 2500 nm],
0
19
PI_CONTACT_INFO: 325 Broadway R/CSL6, Boulder, CO 80305; troy.thornberry@noaa.gov; 303-497-3373 
PLATFORM: GML ECC/FPH balloon
LOCATION: Boulder, CO, USA
ASSOCIATED_DATA: N/A
INSTRUMENT_INFO: Printed Optical Particle Spectrometer counts particles from 140 - 2500 nm in diameter 
DATA_INFO: Particle concentrations reported in number per cubic centimeter, binned to 100 m altitude
UNCERTAINTY: Counting uncertainty dominated by air flow, less than 5 percent
ULOD_FLAG: -77777
ULOD_VALUE: 3000 ~3000 per cm3 (varies depending on flow rate- manufacturer quotes 1250  per cm3 at 1.667 cc/s)
LLOD_FLAG: -88888
LLOD_VALUE: 0 0 (varies depending on data field and measurement precision)
DM_CONTACT_INFO: Troy Thornberry, 325 Broadway R/CSL6, Boulder, CO 80305; troy.thornberry@noaa.gov; 303-497-3373
PROJECT_INFO: B2SAP Boulder, CO, USA
STIPULATIONS_ON_USE: Please contact the PIs for questions regarding applications and uncertainties
OTHER_COMMENTS: POPS bin Edges (nm):  140, 170, 205, 249, 302, 366, 443, 537, 651, 789, 956, 1159, 1404, 1702, 2062, 2500
Calculations assume sulfate refractive index of 1.45+0.00j and extinction wavelength = 532 nm
REVISION: R0
R0: QA/QC data
TIME_START,TIME_STOP,TIME_MID,GPSAlt,GPS_Lon,GPS_Lat,iMet_Pressure,iMet_Temperature,THETA,Aerosol_concentration,Surface_Area_Conc,Volume_density,Effective_radius,Extinction,Bin01,Bin02,Bin03,Bin04,Bin05,Bin06,Bin07,Bin08,Bin09,Bin10,Bin11,Bin12,Bin13,Bin14,Bin15
[from data line 159]
65128,65144,65136,17.6,-104.357,39.8574,80.7093,-68.8353,419.383,10.5477,1.98904,114.561,0.172788,0.000666939,3.557,2.34392,1.52149,1.43925,0.801868,0.555139,0.185046,0.0822429,0,0.0616822,0,0,0,0,0
65145,65161,65153,17.7,-104.352,39.8579,79.3073,-68.888,421.379,10.9445,2.23635,135.896,0.182301,0.000756896,3.29158,2.09838,1.99552,1.48121,1.04919,0.555455,0.308586,0.123434,0,0.0205724,0.0205724,0,0,0,0
65162,65178,65170,17.8,-104.346,39.8582,77.9987,-68.554,424.071,10.1462,2.0291,116.353,0.172027,0.00069103,2.54681,2.44412,1.82795,1.51987,0.985862,0.431315,0.246466,0.0616164,0.0410776,0.0410776,0,0,0,0,0
65179,65196,65188,17.9,-104.34,39.8584,76.7218,-68.5776,426.038,10.6875,2.27977,173.971,0.228931,0.000834008,3.15398,2.18075,1.91041,1.47786,1.08136,0.360455,0.306386,0.162205,0.0360455,0,0,0,0,0.0180227,0
65197,65210,65204,18,-104.335,39.8582,75.6307,-68.0964,428.787,11.1433,2.39373,133.743,0.167616,0.000842115,3.0271,1.77678,1.93033,1.90839,1.33807,0.526453,0.482582,0.109678,0.0438711,0,0,0,0,0,0
65219,65240,65230,18.1,-104.327,39.8568,74.1688,-67.6188,432.184,11.3258,2.34206,128.05,0.164022,0.000778639,2.79093,2.0887,2.3948,1.71057,1.2064,0.702234,0.252084,0.126042,0.054018,0,0,0,0,0,0
65244,65266,65255,18.2,-104.319,39.8549,72.8531,-67.5113,434.637,10.03,2.0365,115.424,0.170033,0.000595784,2.21532,2.16299,2.006,1.74434,0.95939,0.662851,0.209321,0.0523303,0,0,0,0.0174434,0,0,0
65267,65292,65280,18.3,-104.313,39.8529,71.6257,-67.1843,437.439,9.17826,1.88401,102.302,0.162901,0.00060256,1.86699,2.21949,1.6842,1.4492,1.18808,0.456955,0.195838,0.0783351,0.0261117,0.0130558,0,0,0,0,0
65293,65325,65309,18.4,-104.305,39.8506,70.3291,-67.2964,439.495,7.65829,1.70149,99.1687,0.17485,0.000624036,1.70742,1.56932,1.30568,1.40611,0.778383,0.527292,0.188319,0.125546,0.0376637,0.0125546,0,0,0,0,0
65326,65360,65343,18.5,-104.299,39.8491,69.375,-65.8753,444.26,7.86912,1.91435,114.483,0.179408,0.000735985,1.40276,1.59093,1.33433,1.36854,0.98364,0.769805,0.256602,0.111194,0.0342136,0.0171068,0,0,0,0,0
65362,65386,65374,18.6,-104.291,39.848,68.0384,-63.8174,451.161,6.90637,1.56389,86.5319,0.165994,0.000539111,1.33855,1.12496,1.48095,1.19616,0.968316,0.455678,0.213599,0.128159,0,0,0,0,0,0,0
65387,65413,65400,18.7,-104.286,39.8476,67.1283,-63.465,453.674,7.90013,2.06192,138.591,0.201643,0.000890316,1.58003,1.53488,1.42202,1.09473,1.01573,0.609439,0.395006,0.158003,0.0564295,0.0225718,0,0.0112859,0,0,0
65414,65434,65424,18.8,-104.28,39.8473,66.0695,-63.3362,456.015,7.63175,1.73762,101.697,0.17558,0.000665085,1.76912,1.6529,1.30424,1.03306,0.761883,0.684404,0.245352,0.142046,0.0387398,0,0,0,0,0,0
65437,65453,65445,18.9,-104.276,39.8473,65.0394,-62.9171,458.975,6.94906,1.73311,107.994,0.186936,0.000720516,1.33575,1.28804,1.36755,0.954105,1.08132,0.413445,0.286231,0.159017,0.0477052,0.0159017,0,0,0,0,0
65457,65472,65464,19,-104.272,39.8475,63.9781,-62.5006,462.064,7.68895,1.90311,129.332,0.203875,0.000755802,1.55469,1.67298,1.4026,1.11532,0.760445,0.69285,0.321077,0.101393,0.0337976,0.0168988,0,0,0.0168988,0,0
65473,65491,65482,19.1,-104.269,39.8478,62.8184,-62.6789,464.082,6.70513,1.67955,101.706,0.181667,0.000682384,1.45207,1.16735,1.09617,0.968045,0.868393,0.683326,0.341663,0.0711798,0.0569438,0,0,0,0,0,0
65492,65506,65499,19.2,-104.267,39.8483,61.8879,-63.1186,465.093,6.58161,1.51513,84.6753,0.167659,0.0005372,1.34358,1.1878,1.22675,1.07097,0.817833,0.564694,0.292083,0.0778888,0,0,0,0,0,0,0
65507,65519,65513,19.3,-104.266,39.8491,60.8727,-63.4809,466.494,5.61101,1.52943,101.13,0.198368,0.000698194,0.968272,1.09241,1.01793,0.844134,0.695169,0.471722,0.273102,0.19862,0.0248275,0.0248275,0,0,0,0,0
65520,65540,65530,19.4,-104.264,39.8499,59.8556,-64.0228,467.525,6.42706,1.58759,99.4969,0.188015,0.000667048,1.39382,1.23895,1.177,0.867266,0.758858,0.526555,0.278764,0.123895,0.0464607,0.0154869,0,0,0,0,0
65541,65563,65552,19.5,-104.261,39.8513,58.8377,-64.8141,468.055,5.22016,1.30275,78.5127,0.180801,0.00052795,0.985177,0.933999,1.02356,0.780465,0.678109,0.422219,0.25589,0.115151,0.025589,0,0,0,0,0,0
65566,65582,65574,19.6,-104.259,39.8529,57.8741,-64.8265,470.234,5.75379,1.31097,76.3582,0.174737,0.000503748,1.37154,1.1541,1.03702,0.786129,0.602141,0.401427,0.284344,0.100357,0.0167261,0,0,0,0,0,0
65583,65602,65592,19.7,-104.256,39.854,56.9364,-64.9157,472.233,5.07837,1.33908,86.8545,0.194584,0.000588704,0.962433,1.00339,0.860047,0.614319,0.83957,0.389069,0.245728,0.102387,0.0409546,0.0204773,0,0,0,0,0
65603,65616,65610,19.8,-104.253,39.8545,56.05,-64.2425,475.895,5.40737,1.3566,87.8655,0.194306,0.00062791,1.29777,1.34584,0.769049,0.624852,0.43259,0.384524,0.312426,0.192262,0.0480655,0,0,0,0,0,0
65617,65634,65626,19.9,-104.251,39.8542,55.1473,-63.2987,480.256,4.89613,1.26389,81.9785,0.194587,0.000560253,0.890206,1.16114,0.832149,0.677331,0.483808,0.387046,0.348341,0.0580569,0.0387046,0.0193523,0,0,0,0,0
65635,65653,65644,20,-104.249,39.8536,54.1067,-63.8927,481.521,4.19592,1.01453,62.0941,0.183615,0.00042713,1.01483,0.819669,0.897733,0.331771,0.370803,0.42935,0.214675,0.0975796,0.0195159,0,0,0,0,0,0
65654,65674,65664,20.1,-104.248,39.8528,53.2471,-64.8135,481.594,5.25922,1.54569,104.624,0.203062,0.000741969,0.870731,1.04488,0.818487,0.67917,0.626926,0.67917,0.313463,0.156732,0.0522439,0.0174146,0,0,0,0,0
65675,65694,65684,20.2,-104.246,39.8521,52.4361,-65.5189,482.069,5.08058,1.39707,94.2809,0.202455,0.00067414,1.06609,1.01612,0.882854,0.63299,0.499729,0.383125,0.366468,0.183234,0.0333153,0.0166576,0,0,0,0,0
65695,65714,65704,20.3,-104.244,39.8514,51.5475,-65.3544,484.825,4.05701,1.08789,67.2979,0.185583,0.000468473,0.891025,0.606655,0.682487,0.417075,0.663529,0.398117,0.322285,0.0568739,0.018958,0,0,0,0,0,0
65715,65734,65724,20.4,-104.242,39.8508,50.7006,-64.6817,488.694,4.80795,1.2217,76.1247,0.186931,0.000523475,1.18925,0.866451,0.628602,0.611612,0.696558,0.424731,0.271828,0.0679569,0.0509677,0,0,0,0,0,0
65736,65754,65745,20.5,-104.239,39.8503,49.8724,-64.7935,490.735,5.01485,1.21214,75.0511,0.185748,0.000511231,1.23554,0.872147,1.05384,0.545092,0.490583,0.454243,0.218037,0.0908487,0.0545092,0,0,0,0,0,0
65755,65768,65762,20.6,-104.238,39.85,49.231,-65.086,491.868,5.0414,1.25104,79.9056,0.191614,0.000545205,1.12727,1.09596,0.939391,0.438383,0.594948,0.563635,0.0939391,0.0939391,0.0939391,0,0,0,0,0,0
65771,65779,65775,20.7,-104.236,39.8499,48.67,-64.805,494.143,4.07244,0.627571,30.7375,0.146935,0.0001802,2.03622,0.939795,0.313265,0.156632,0.313265,0.156632,0.156632,0,0,0,0,0,0,0,0
65805,65816,65810,20.8,-104.233,39.8496,47.2489,-64.5622,498.932,3.87443,1.00815,60.6327,0.180427,0.000414174,0.853086,0.67536,0.497634,0.533179,0.533179,0.462088,0.248817,0.0710905,0,0,0,0,0,0,0
65817,65838,65828,20.9,-104.232,39.8497,46.6621,-64.4979,500.865,4.40825,1.26119,80.7285,0.19203,0.000574609,0.87492,0.639365,0.605714,0.773968,0.504761,0.521587,0.336508,0.134603,0.0168254,0,0,0,0,0,0
65839,65858,65848,21,-104.23,39.8499,45.9335,-65.2806,501.227,4.70355,1.10855,65.3388,0.176822,0.000442357,1.11349,0.998304,0.863917,0.499152,0.383963,0.460756,0.30717,0.0767926,0,0,0,0,0,0,0
65859,65878,65868,21.1,-104.228,39.85,45.1106,-65.89,502.36,4.36922,1.1517,74.9877,0.195332,0.000532955,1.11291,0.8656,0.535847,0.494628,0.535847,0.391581,0.288533,0.0824381,0.0618286,0,0,0,0,0,0
65879,65895,65887,21.2,-104.227,39.8498,44.4087,-66.3707,503.435,3.92128,1.06192,72.5238,0.204885,0.000500206,0.881188,0.903217,0.352475,0.594802,0.462623,0.418564,0.132178,0.110148,0.0440594,0.0220297,0,0,0,0,0
65898,65914,65906,21.3,-104.225,39.8494,43.6807,-66.3147,505.959,4.13882,1.13571,70.5956,0.186479,0.000500123,0.805392,0.78302,0.536928,0.514556,0.67116,0.33558,0.402696,0.089488,0,0,0,0,0,0,0
65915,65931,65923,21.4,-104.223,39.8492,43.0093,-66.366,508.08,3.16645,0.699286,38.7987,0.16645,0.000247127,0.723759,0.882081,0.339262,0.316645,0.429732,0.316645,0.135705,0.0226175,0,0,0,0,0,0,0
65941,65955,65948,21.5,-104.22,39.849,42.1355,-66.1573,511.573,3.52494,0.77242,43.7882,0.170069,0.000290094,1.02941,0.748659,0.5303,0.374329,0.249553,0.311941,0.280747,0,0,0,0,0,0,0,0
65956,65981,65968,21.6,-104.217,39.8486,41.4845,-65.2345,516.158,3.49413,0.855806,52.6108,0.184425,0.000365864,0.849923,0.786966,0.440701,0.487919,0.330526,0.251829,0.267568,0.0629573,0.0157393,0,0,0,0,0,0
65982,66003,65992,21.7,-104.214,39.8478,40.815,-64.981,519.189,3.59738,0.892537,55.9268,0.187982,0.000393019,0.939217,0.744285,0.531632,0.354422,0.407585,0.283537,0.212653,0.106326,0.0177211,0,0,0,0,0,0
66005,66023,66014,21.8,-104.211,39.8469,40.1084,-65.1653,521.322,3.48595,0.786806,45.5191,0.173559,0.000303484,0.899601,0.768409,0.562251,0.356092,0.374834,0.262384,0.206159,0.0562251,0,0,0,0,0,0,0
66024,66043,66034,21.9,-104.209,39.846,39.4741,-65.5818,522.66,3.50624,0.871305,53.0786,0.182756,0.000365721,1.0561,0.528049,0.443561,0.422439,0.337951,0.464683,0.147854,0.10561,0,0,0,0,0,0,0
66044,66063,66054,22,-104.207,39.8451,38.9082,-66.2188,523.202,3.35897,0.824188,50.8389,0.185051,0.000352974,0.79668,0.753616,0.495233,0.45217,0.236851,0.301446,0.258383,0.0430638,0.0215319,0,0,0,0,0,0
66064,66080,66072,22.1,-104.204,39.8442,38.248,-66.452,525.179,2.95695,0.525507,25.1336,0.143482,0.000133995,0.591389,0.961008,0.517466,0.443542,0.221771,0.147847,0.0739237,0,0,0,0,0,0,0,0
66081,66106,66094,22.2,-104.202,39.8437,37.5747,-66.3205,528.187,3.60517,0.734831,39.9644,0.163158,0.000252276,1.06382,0.807715,0.51221,0.433408,0.354607,0.216704,0.197004,0.0197004,0,0,0,0,0,0,0
66107,66125,66116,22.3,-104.2,39.8438,36.9288,-66.2324,531.033,3.15266,0.745536,44.4201,0.178744,0.00029748,0.710459,0.688257,0.510643,0.399633,0.35523,0.24422,0.199817,0.0222018,0.0222018,0,0,0,0,0,0
66126,66144,66135,22.4,-104.198,39.844,36.2869,-66.2662,533.619,3.38541,0.673192,37.4772,0.167012,0.000233603,1.05644,0.64827,0.67228,0.33614,0.31213,0.21609,0.09604,0.02401,0.02401,0,0,0,0,0,0
66146,66164,66155,22.5,-104.196,39.844,35.7167,-66.6367,535.071,3.1896,0.707551,39.0404,0.16553,0.000245399,0.803882,0.570497,0.518634,0.46677,0.363044,0.31118,0.129658,0.0259317,0,0,0,0,0,0,0
66165,66180,66172,22.6,-104.193,39.8439,35.1225,-66.4825,538.051,2.56495,0.686967,46.4363,0.202789,0.000339769,0.811692,0.454548,0.324677,0.259741,0.097403,0.357145,0.129871,0.097403,0.0324677,0,0,0,0,0,0
66181,66204,66192,22.7,-104.19,39.8441,34.4553,-66.828,540.098,3.18755,0.633592,33.3146,0.157742,0.000199915,0.823452,0.637511,0.584385,0.557822,0.292193,0.132815,0.132815,0.026563,0,0,0,0,0,0,0
66205,66225,66215,22.8,-104.188,39.8444,33.8837,-66.8762,542.56,3.13188,0.675163,37.7965,0.167944,0.000244291,1.05231,0.476045,0.5011,0.275605,0.35077,0.30066,0.15033,0.025055,0,0,0,0,0,0,0
66226,66241,66234,22.9,-104.185,39.8447,33.4125,-66.5692,545.551,3.44422,0.82898,49.8179,0.180286,0.000339683,0.869414,0.702219,0.601902,0.300951,0.300951,0.434707,0.133756,0.100317,0,0,0,0,0,0,0
66247,66266,66256,23,-104.18,39.8444,32.7873,-63.288,557.208,2.63109,0.624224,39.8202,0.191375,0.000282067,0.993372,0.402718,0.295327,0.268479,0.214783,0.214783,0.161087,0.0536958,0.0268479,0,0,0,0,0,0
66269,66288,66278,23.1,-104.176,39.8429,32.2556,-61.7456,563.943,2.80114,0.6186,37.067,0.179762,0.000243635,0.807536,0.580417,0.403768,0.353297,0.302826,0.22712,0.0252355,0.0757065,0.0252355,0,0,0,0,0,0
66289,66312,66300,23.2,-104.171,39.8407,31.7582,-61.0641,568.268,2.50667,0.631163,38.5444,0.183207,0.000269532,0.578462,0.506154,0.385641,0.361539,0.168718,0.241026,0.216923,0.0482052,0,0,0,0,0,0,0
66315,66335,66325,23.3,-104.166,39.8386,31.2044,-61.1319,570.952,3.01262,0.644917,35.4693,0.164995,0.000223634,0.90121,0.566475,0.46348,0.257489,0.386233,0.308986,0.102995,0.0257489,0,0,0,0,0,0,0
66336,66356,66346,23.4,-104.163,39.8366,30.722,-61.7607,571.8,2.68772,0.601539,36.3482,0.181276,0.000243598,0.886671,0.498752,0.332501,0.332501,0.221668,0.249376,0.110834,0.0277085,0.0277085,0,0,0,0,0,0
66357,66377,66367,23.5,-104.159,39.8342,30.2125,-62.1442,573.488,2.72458,0.534621,28.3579,0.159129,0.000174977,0.860393,0.681145,0.250948,0.358497,0.250948,0.179249,0.143399,0,0,0,0,0,0,0,0
66378,66395,66386,23.6,-104.157,39.8319,29.7571,-61.8514,576.794,2.70206,0.418532,19.1418,0.137207,9.87059e-05,1.07468,0.675514,0.245642,0.337757,0.245642,0.0614104,0.0614104,0,0,0,0,0,0,0,0
66397,66412,66404,23.7,-104.155,39.8297,29.2827,-62.0755,578.824,2.29767,0.446437,22.9129,0.153972,0.000134427,0.633839,0.673454,0.118845,0.356534,0.277305,0.15846,0.0792299,0,0,0,0,0,0,0,0
66416,66432,66424,23.8,-104.153,39.8276,28.7592,-62.0692,581.839,2.31812,0.430325,21.7351,0.151526,0.000125754,0.749979,0.37499,0.44317,0.37499,0.17045,0.10227,0.10227,0,0,0,0,0,0,0,0
66435,66453,66444,23.9,-104.152,39.8253,28.2624,-62.1094,584.627,2.48987,0.541665,32.1145,0.177865,0.000218113,0.838693,0.419346,0.445556,0.262092,0.157255,0.183464,0.104837,0.0786275,0,0,0,0,0,0,0
66454,66474,66464,24,-104.151,39.8231,27.7844,-61.8067,588.327,2.46583,0.513717,29.0501,0.169647,0.000193501,0.896666,0.498148,0.273981,0.273981,0.124537,0.199259,0.199259,0,0,0,0,0,0,0,0
66475,66496,66486,24.1,-104.151,39.821,27.3663,-60.9444,593.297,2.93883,0.690734,42.6968,0.185441,0.000299734,1.08423,0.48505,0.313856,0.256791,0.256791,0.313856,0.114129,0.114129,0,0,0,0,0,0,0
66497,66520,66508,24.2,-104.15,39.8198,26.8784,-60.4937,597.61,2.16676,0.505516,31.4901,0.186879,0.000222788,0.722254,0.409277,0.312977,0.192601,0.168526,0.168526,0.0963005,0.0963005,0,0,0,0,0,0,0
66521,66543,66532,24.3,-104.149,39.8191,26.4687,-59.998,601.652,2.34311,0.489493,28.5483,0.174966,0.000194996,0.882469,0.547739,0.24344,0.15215,0.12172,0.21301,0.15215,0.03043,0,0,0,0,0,0,0
66547,66547,66547,24.4,-104.147,39.819,26.19,-59.75,604.165,0.911838,0.203452,9.03666,0.13325,3.5206e-05,0,0,0,0.911838,0,0,0,0,0,0,0,0,0,0,0
61407,61513,61460,1.7,-105.197,39.9491,825.868,12.8421,302.056,25.5646,4.93014,533.015,0.324341,0.00182699,12.4726,6.06831,3.19164,1.67981,0.892399,0.346461,0.367458,0.188979,0.115487,0.0419952,0.0629928,0.0839905,0.0104988,0.0209976,0.0209976
63644,71197,67420,11.3,-104.551,39.8497,218.099,-49.1611,346.091,17.0097,2.38696,121.264,0.152408,0.000608116,8.63925,3.97136,1.77184,1.1853,0.733175,0.342148,0.171074,0.158855,0.0122196,0.0122196,0,0.0122196,0,0,0
68203,68203,68203,24.3,-103.904,39.7581,26.24,-62.46,596.17,3.32414,0.726414,38.3636,0.158437,0.000229482,0.949753,0.949753,0,0,0.949753,0.474876,0,0,0,0,0,0,0,0,0
68221,68223,68222,24.2,-103.904,39.757,26.8133,-62.01,593.752,3.32466,0.639129,35.9976,0.168969,0.000230225,0.949904,0.949904,0.474952,0.316635,0.474952,0,0,0.158317,0,0,0,0,0,0,0
68226,68236,68231,24.1,-103.904,39.7563,27.0133,-62.2056,591.953,2.1665,0.474839,28.0134,0.176987,0.000190813,0.845463,0.264207,0.36989,0.105683,0.264207,0.158524,0.105683,0.0528414,0,0,0,0,0,0,0
68243,68259,68251,24,-103.904,39.7547,27.5138,-63.0181,586.601,2.47848,0.552329,31.1478,0.169181,0.000204288,0.656946,0.686807,0.268751,0.119445,0.298612,0.298612,0.149306,0,0,0,0,0,0,0,0
68260,68265,68262,23.9,-103.905,39.7538,27.8517,-62.965,584.685,2.54605,0.564227,34.9194,0.185667,0.00025831,1.03433,0.556948,0.238692,0.238692,0,0.0795641,0.39782,0,0,0,0,0,0,0,0
68291,68293,68292,23.8,-103.904,39.7513,28.6,-59.77,589.112,2.42572,0.393482,17.839,0.136009,8.82639e-05,0.909645,0.454822,0.454822,0.151607,0.303215,0.151607,0,0,0,0,0,0,0,0,0
68294,68310,68302,23.7,-103.903,39.7503,28.9071,-62.4294,579.993,2.41069,0.606613,41.073,0.203127,0.000269806,0.650074,0.487556,0.270864,0.352124,0.270864,0.189605,0.135432,0.0270864,0,0.0270864,0,0,0,0,0
68311,68327,68319,23.6,-103.902,39.7484,29.4171,-62.9865,575.576,2.68395,0.528101,29.8656,0.169658,0.000193872,0.975983,0.569323,0.352438,0.271106,0.216885,0.162664,0.0542213,0.0813319,0,0,0,0,0,0,0
68328,68344,68336,23.5,-103.9,39.7467,29.8988,-61.6188,576.638,2.65737,0.637718,38.3482,0.1804,0.00026261,0.763008,0.499902,0.289417,0.315728,0.368349,0.210485,0.131553,0.0789319,0,0,0,0,0,0,0
