api/src/app/data/B2SAP/Locations/Boulder/NOAA-POPS-B2SAP_GMLBalloon_20240105_R0.ict
82,1001
Thornberry, T. D.
NOAA Chemical Sciences Laboratory
Portable Optical Particle Spectrometer (POPS)
Balloon Baseline Stratospheric Aerosol Profiles (B2SAP)
1,1
2024,01,05,2024,05,28
0
TIME_START,s,Seconds since midnight UTC on flight start day,Start time of 100 m altitude bin in UTC_seconds_since_midnight
49
1.0,1.0,1.0,1.0,1.0,1.0,1.0,1.0,1.0,1.0,1.0,1.0,1.0,1.0,1.0,1.0,1.0,1.0,1.0,1.0,1.0,1.0,1.0,1.0,1.0,1.0,1.0,1.0,1.0,1.0,1.0,1.0,1.0,1.0,1.0,1.0,1.0,1.0,1.0,1.0,1.0,1.0,1.0,1.0,1.0,1.0,1.0,1.0,1.0
99999,99999,99999,99999,99999,99999,99999,99999,99999,99999,99999,99999,99999,99999,99999,99999,99999,99999,99999,99999,99999,99999,99999,99999,99999,99999,99999,99999,99999,99999,99999,99999,99999,99999,99999,99999,99999,99999,99999,99999,99999,99999,99999,99999,99999,99999,99999,99999,99999
TIME_STOP,s,End time of 100 m altitude bin in UTC seconds since midnight,
TIME_MID,s,Mid time of 100 m altitude in UTC seconds since midnight,
GPSAlt,km,GPS reported altitude above sea level (km),
GPS_Lon,deg,GPS reported longitude,
GPS_Lat,deg,GPS reported latitude,
iMet_Pressure,hPa,Pressure reported (hPa),
iMet_Temperature,degrees C,Ambient temperature (oC),
THETA,K,Potential temperature from iMet,
Aerosol_concentration,cm^-3,Aerosol concentration,
Surface_Area_Conc,um^2 cm^-3,Surface area concentration,
Volume_density,um^3 cm^-3,Volume density,
Effective_radius,um,Effective radius,
Extinction,km^-1,Extinction,
Bin01,cm^-3,particle concentration in size range [140 - 146.14 nm],
Bin02,cm^-3,particle concentration in size range [146.14 - 152.56 nm],
Bin03,cm^-3,particle concentration in size range [152.56 - 159.25 nm],
Bin04,cm^-3,particle concentration in size range [159.25 - 166.24 nm],
Bin05,cm^-3,particle concentration in size range [166.24 - 173.54 nm],
Bin06,cm^-3,particle concentration in size range [173.54 - 181.16 nm],
Bin07,cm^-3,particle concentration in size range [181.16 - 189.11 nm],
Bin08,cm^-3,particle concentration in size range [189.11 - 197.41 nm],
Bin09,cm^-3,particle concentration in size range [197.41 - 206.07 nm],
Bin10,cm^-3,particle concentration in size range [206.07 - 215.12 nm],
Bin11,cm^-3,particle concentration in size range [215.12 - 224.56 nm],
Bin12,cm^-3,particle concentration in size range [224.56 - 234.41 nm],
Bin13,cm^-3,particle concentration in size range [234.41 - 244.70 nm],
Bin14,cm^-3,particle concentration in size range [244.70 - 361.30 nm],
Bin15,cm^-3,particle concentration in size range [361.30 - 472.80 nm],
Bin16,cm^-3,particle concentration in size range [472.80 - 567.00 nm],
Bin17,cm^-3,particle concentration in size range [567.00 - 610.66 nm],
Bin18,cm^-3,particle concentration in size range [610.66 - 657.69 nm],
Bin19,cm^-3,particle concentration in size range [657.69 - 708.33 nm],
Bin20,cm^-3,particle concentration in size range [708.33 - 762.88 nm],
Bin21,cm^-3,particle concentration in size range [762.88 - 821.62 nm],
Bin22,cm^-3,particle concentration in size range [821.62 - 884.89 nm],
Bin23,cm^-3,particle concentration in size range [884.89 - 953.03 nm],
Bin24,cm^-3,particle concentration in size range [953.03 - 1026.42 nm],
Bin25,cm^-3,particle concentration in size range [1026.42 - 1105.46 nm],
Bin26,cm^-3,particle concentration in size range [1105.46 - 1190.59 nm]],
[...]
LOCATION: Boulder, CO, USA
ASSOCIATED_DATA: N/A
INSTRUMENT_INFO: Printed Optical Particle Spectrometer counts particles from 140 - 2500 nm in diameter 
DATA_INFO: Particle concentrations reported in number per cubic centimeter, binned to 100 m altitude
UNCERTAINTY: Counting uncertainty dominated by air flow, less than 5 percent
ULOD_FLAG: -77777
ULOD_VALUE: 3000 ~3000 per cm3 (varies depending on flow rate- manufacturer quotes 1250  per cm3 at 1.667 cc/s)
LLOD_FLAG: -88888
LLOD_VALUE: 0 0 (varies depending on data field and measurement precision)
DM_CONTACT_INFO: Troy Thornberry, 325 Broadway R/CSL6, Boulder, CO 80305; troy.thornberry@noaa.gov; 303-497-3373
PROJECT_INFO: B2SAP Boulder, CO, USA
STIPULATIONS_ON_USE: Please contact the PIs for questions regarding applications and uncertainties
OTHER_COMMENTS: POPS bin Edges (nm):  140, 146.14, 152.56, 159.25, 166.24, 173.54, 181.16, 189.11, 197.41, 206.07, 215.12, 224.56, 234.41, 244.70, 361.30, 472.80, 567.00, 610.66, 657.69, 708.33, 762.88, 821.62, 884.89, 953.03, 1026.42, 1105.46, 1190.59, 1282.27, 1381.01, 1487.36, 1601.89, 1725.25, 1858.10, 2001.18, 2155.28, 2321.25, 2500
Calculations assume sulfate refractive index of 1.45+0.00j and extinction wavelength = 532 nm
REVISION: R0
R0: QA/QC data
TIME_START,TIME_STOP,TIME_MID,GPSAlt,GPS_Lon,GPS_Lat,iMet_Pressure,iMet_Temperature,THETA,Aerosol_concentration,Surface_Area_Conc,Volume_density,Effective_radius,Extinction,Bin01,Bin02,Bin03,Bin04,Bin05,Bin06,Bin07,Bin08,Bin09,Bin10,Bin11,Bin12,Bin13,Bin14,Bin15,Bin16,Bin17,Bin18,Bin19,Bin20,Bin21,Bin22,Bin23,Bin24,Bin25,Bin26,Bin27,Bin28,Bin29,Bin30,Bin31,Bin32,Bin33,Bin34,Bin35,Bin36
61064,66742,63903,1.8,-105.197,39.9491,820.04,1.93205,291.126,276.665,45.5311,2214.4,0.145905,0.0118862,15.6287,24.4797,25.0337,22.5537,22.4541,18.9181,17.7192,15.9447,14.6852,12.6121,11.6296,10.2446,8.52202,40.3768,10.0628,4.67434,0.510715,0.207748,0.155811,0.0779057,0.0346247,0.0562652,0.0822338,0,0,0,0,0,0,0,0,0,0,0,0,0
61066,66750,63908,1.8,-105.197,39.9491,820.098,1.80694,290.987,273.408,44.5402,2148.87,0.144737,0.0114565,17.4951,24.9156,24.9098,21.9728,21.2284,18.7184,17.4836,15.3775,13.6637,12.8328,11.3211,10.0574,8.38982,39.768,9.78043,4.51804,0.35198,0.236577,0.155794,0.0807823,0.0519315,0.034621,0.0634718,0,0,0,0,0,0,0,0,0,0,0,0,0
61251,66784,64018,1.7,-105.197,39.9491,819.983,1.84594,291.041,288.515,46.839,2268.59,0.145301,0.0120978,20.1102,26.9457,25.9951,23.0979,21.7512,19.0464,18.6617,16.387,14.8252,12.8108,12.0639,10.5361,8.91776,41.5106,9.95892,4.78707,0.430044,0.248973,0.158437,0.0792187,0.011317,0.0792187,0.101853,0,0,0,0,0,0,0,0,0,0,0,0,0
61899,66770,64334,1.7,-105.197,39.9491,819.74,2.3372,291.585,324.356,53.0886,2560.91,0.144715,0.013554,20.0785,30.1679,28.7184,25.4318,24.2693,22.1165,20.4373,18.1984,17.94,13.9932,13.5483,11.6395,10.7353,49.5145,11.3381,4.98015,0.602785,0.200928,0.14352,0.0717601,0.0717601,0.043056,0.114816,0,0,0,0,0,0,0,0,0,0,0,0,0
66843,66846,66844,1.9,-105.198,39.9496,804.3,-0.595,290.052,363.703,60.8124,2984.83,0.147248,0.0158438,13.1307,33.4564,30.2187,27.3407,30.2187,26.8011,27.3407,23.0237,14.21,17.9873,15.8288,14.3898,12.0515,58.4587,12.2314,5.57606,0.179873,0.179873,0.359746,0.359746,0,0.179873,0.179873,0,0,0,0,0,0,0,0,0,0,0,0,0
66856,66866,66861,2,-105.199,39.9499,796.073,-1.39667,290.048,396.131,65.2565,3134.28,0.144091,0.0163547,16.7958,37.0751,41.4295,29.9835,28.8638,24.0117,23.7629,24.6338,23.2652,17.9155,15.054,14.6807,15.1784,61.7089,15.054,5.47417,0.622065,0.124413,0.124413,0.124413,0,0,0.248826,0,0,0,0,0,0,0,0,0,0,0,0,0
66879,66893,66886,2.1,-105.2,39.9504,783.495,-2.6475,290.031,370.351,62.0692,3011.51,0.145556,0.0161129,16.5829,30.8097,34.6156,32.3502,31.3534,24.1041,22.8354,21.1137,18.3046,17.5797,15.0424,13.4113,10.6022,59.354,15.133,5.79947,0.815551,0.27185,0,0.0906168,0,0.0906168,0.0906168,0,0,0,0,0,0,0,0,0,0,0,0,0
66902,66915,66908,2.2,-105.2,39.9509,775.34,-3.42,290.068,407.446,67.3961,3268.42,0.145487,0.0174245,16.546,38.7328,39.6729,29.1436,30.2717,28.9556,23.1269,28.3915,20.8706,21.8107,18.8023,15.982,11.6574,60.9195,13.9137,6.95686,0.940116,0,0.56407,0,0,0,0.188023,0,0,0,0,0,0,0,0,0,0,0,0,0
66929,66937,66933,2.3,-105.201,39.9516,764.467,-4.35667,290.232,384.13,63.6868,3038.58,0.143134,0.015851,16.1079,30.4944,35.7817,30.9862,31.3551,28.404,22.01,22.9937,21.8871,18.813,13.5257,15.0013,12.788,63.079,14.3864,5.53325,0.245922,0.245922,0.245922,0.122961,0,0,0.122961,0,0,0,0,0,0,0,0,0,0,0,0,0
66947,66956,66952,2.4,-105.201,39.9521,756.32,-5.29333,290.106,366.387,59.7098,2855.69,0.143479,0.0147466,15.2245,32.5705,36.0646,27.2045,31.1978,26.0813,22.3376,21.9632,20.9649,18.0947,13.3526,14.6006,10.1081,57.9031,12.9783,4.49248,0.499164,0.124791,0.124791,0.249582,0,0,0.249582,0,0,0,0,0,0,0,0,0,0,0,0,0
66968,66988,66978,2.5,-105.201,39.9528,745.893,-5.855,290.65,341.704,55.2141,2569.03,0.139586,0.0132069,13.6159,27.6049,33.387,29.097,25.6464,24.8071,21.2632,20.5171,20.6104,15.9474,15.2013,14.2687,12.5901,47.9355,13.8024,4.75625,0.373039,0.279779,0,0,0,0,0,0,0,0,0,0,0,0,0,0,0,0,0,0
67014,67016,67015,2.6,-105.2,39.9531,731.275,-5.895,292.257,264.526,38.8924,1700.43,0.131165,0.00800604,9.51397,21.08,24.9975,24.0648,27.0495,23.132,18.4683,19.2145,13.9911,14.9239,8.58123,8.58123,7.27539,35.2577,5.03681,2.79823,0.186548,0.186548,0.186548,0,0,0,0,0,0,0,0,0,0,0,0,0,0,0,0,0
67017,67036,67026,2.7,-105.2,39.953,726.28,-6.26333,292.424,245.483,35.2839,1517.97,0.129065,0.00692674,8.642,23.7968,23.9221,22.1686,20.1647,19.7889,18.286,15.0296,15.781,15.6558,11.7732,7.38954,7.38954,27.429,6.01183,1.8787,0.125246,0.125246,0,0,0.125246,0,0,0,0,0,0,0,0,0,0,0,0,0,0,0
67042,67045,67044,2.8,-105.199,39.953,719.14,-6.84667,292.61,226.74,33.5635,1538.09,0.137479,0.00732063,8.86081,17.7216,25.8541,21.7272,21.1203,17.843,16.3864,16.5078,10.3174,11.167,10.8029,7.16147,6.06905,26.461,6.43319,1.69933,0.121381,0.121381,0,0,0,0.121381,0.242762,0,0,0,0,0,0,0,0,0,0,0,0,0
67058,67058,67058,2.9,-105.198,39.9529,711.66,-7.45,292.82,231.722,35.4725,1688.38,0.142791,0.00846655,9.92551,24.432,22.1415,20.9963,16.0335,17.1788,17.9423,13.743,15.27,11.8343,10.3073,9.16201,5.72625,26.7225,6.48975,3.054,0.38175,0,0,0,0,0,0.38175,0,0,0,0,0,0,0,0,0,0,0,0,0
67083,67094,67088,3,-105.197,39.9526,697.4,-8.84,292.976,218.622,32.656,1461.18,0.134234,0.00713259,9.05425,17.1654,22.447,22.0697,19.2403,16.5995,15.4677,15.0904,11.5064,11.5064,8.1111,7.54521,6.60206,28.2945,4.52713,3.01808,0,0.18863,0,0.18863,0,0,0,0,0,0,0,0,0,0,0,0,0,0,0,0
67106,67106,67106,3.1,-105.196,39.9524,688.9,-9.63,293.122,193.108,28.4909,1280.82,0.134866,0.00638769,7.81364,18.2318,17.1156,17.4877,21.9526,21.5805,12.2786,11.5344,8.55779,8.55779,8.18572,5.20909,5.58117,20.0922,5.95325,2.23247,0.744156,0,0,0,0,0,0,0,0,0,0,0,0,0,0,0,0,0,0,0
67114,67128,67121,3.2,-105.195,39.952,681.625,-10.395,293.168,194.934,26.3365,1076.99,0.122681,0.00452481,7.69477,18.3209,23.6339,20.153,19.2369,14.2903,13.0078,10.9925,13.0078,8.2444,6.77873,8.06119,5.49627,21.9851,2.93134,0.732835,0,0.183209,0.183209,0,0,0,0,0,0,0,0,0,0,0,0,0,0,0,0,0
67130,67150,67140,3.3,-105.194,39.9514,672.75,-11.2533,293.299,178.709,25.0027,1089.31,0.130703,0.00512912,7.363,15.5996,20.5914,19.2187,16.598,16.0988,11.8557,11.3565,10.3581,10.1085,6.23983,4.86707,5.11666,17.8459,3.24471,1.62236,0.124797,0.37439,0,0,0.124797,0,0,0,0,0,0,0,0,0,0,0,0,0,0,0
67153,67153,67153,3.4,-105.193,39.9509,667.58,-11.75,293.395,173.633,23.4725,999.662,0.127766,0.00462752,5.41395,20.8824,19.7223,21.6558,17.0153,13.5349,13.1482,6.57408,9.28106,9.66777,5.80066,7.73422,3.09369,14.695,3.4804,1.16013,0.386711,0.386711,0,0,0,0,0,0,0,0,0,0,0,0,0,0,0,0,0,0
67174,67183,67178,3.5,-105.191,39.9499,657.015,-12.55,293.832,142.913,19.3565,791.998,0.122749,0.0033758,7.46133,14.54,15.3053,13.0095,12.2442,11.479,11.0963,8.99186,7.27002,7.27002,6.31343,5.54817,4.59159,13.9661,2.67843,1.1479,0,0,0,0,0,0,0,0,0,0,0,0,0,0,0,0,0,0,0,0
67197,67208,67202,3.6,-105.189,39.9484,647.857,-13.405,294.042,123.035,16.3225,670.804,0.12329,0.00288955,6.0462,11.7085,13.34,12.0924,11.4206,11.2287,11.4206,7.67772,6.43009,5.66232,4.89454,3.74289,2.97511,11.7085,1.63151,0.767772,0,0.191943,0.0959715,0,0,0,0,0,0,0,0,0,0,0,0,0,0,0,0,0
67220,67238,67229,3.7,-105.186,39.9466,637.367,-14.1067,294.62,81.6593,10.2784,414.446,0.120966,0.00177488,3.85792,6.94425,9.259,11.5738,8.35882,7.45864,5.52968,6.81566,4.37231,2.70054,3.08633,2.18615,2.95774,5.01529,0.514389,0.771584,0.128597,0.128597,0,0,0,0,0,0,0,0,0,0,0,0,0,0,0,0,0,0
67244,67244,67244,3.8,-105.185,39.9456,632.58,-14.39,294.937,69.8624,9.5454,490.935,0.154295,0.00237778,3.39871,9.06322,12.0843,8.30796,3.39871,4.90925,5.28688,4.15398,3.39871,5.28688,0.755269,2.26581,1.1329,4.53161,0.755269,0.755269,0,0,0,0,0,0,0.377634,0,0,0,0,0,0,0,0,0,0,0,0,0
67271,67271,67271,3.9,-105.183,39.9435,622.46,-15.18,295.387,40.6895,4.49271,151.315,0.101041,0.000412651,2.566,4.03229,4.76543,6.23172,4.76543,2.566,2.19943,2.566,3.29915,2.19943,1.83286,0.366572,0.733144,2.566,0,0,0,0,0,0,0,0,0,0,0,0,0,0,0,0,0,0,0,0,0,0
67284,67293,67288,4,-105.182,39.9422,615.83,-15.9467,295.415,40.2197,5.3518,222.44,0.124691,0.000986901,1.96513,3.79925,5.10934,5.50237,3.27522,3.0132,3.0132,2.09614,2.22715,1.70311,2.09614,1.04807,0.917061,3.0132,1.17908,0.131009,0.131009,0,0,0,0,0,0,0,0,0,0,0,0,0,0,0,0,0,0,0
67302,67302,67302,4.1,-105.181,39.941,609.53,-16.55,295.587,21.3255,2.69747,109.728,0.122035,0.000482096,1.52325,2.66569,2.28488,3.04651,1.14244,2.28488,1.52325,0.380813,1.52325,0.380813,0.761626,1.52325,0.380813,1.52325,0,0.380813,0,0,0,0,0,0,0,0,0,0,0,0,0,0,0,0,0,0,0,0
67331,67342,67336,4.2,-105.178,39.9379,596.022,-18.0183,295.784,21.6841,2.43709,89.4785,0.110146,0.000325266,1.41139,3.33601,3.72094,2.69447,2.05293,1.41139,1.34724,1.47554,0.898157,0.705695,0.384924,0.256616,0.577387,0.962311,0.384924,0.0641541,0,0,0,0,0,0,0,0,0,0,0,0,0,0,0,0,0,0,0,0
67344,67362,67353,4.3,-105.177,39.9365,589.917,-18.6533,295.919,25.9504,3.60075,170.444,0.142007,0.000943771,2.1184,2.648,3.31,3.8396,2.9128,1.5888,1.324,1.8536,0.926801,0.397201,0.794401,0.926801,0.397201,1.986,0.1324,0.529601,0.1324,0.1324,0,0,0,0,0,0,0,0,0,0,0,0,0,0,0,0,0,0
67373,67381,67377,4.4,-105.175,39.9347,581.01,-19.63,296.067,29.5943,3.45664,137.013,0.118913,0.000588116,0.979943,4.50774,3.33181,5.0957,2.15587,2.74384,2.74384,1.56791,2.15587,0.979943,0.783955,0.195989,0.979943,0.783955,0.195989,0.195989,0.195989,0,0,0,0,0,0,0,0,0,0,0,0,0,0,0,0,0,0,0
67388,67402,67395,4.5,-105.175,39.9334,574.565,-20.205,296.34,29.3146,3.62635,158.99,0.131529,0.000749196,2.43477,5.1617,4.09041,4.1878,2.0452,1.85042,1.26608,1.46086,1.16869,1.26608,0.973906,0.292172,0.486953,1.94781,0.292172,0.292172,0,0,0,0,0.0973906,0,0,0,0,0,0,0,0,0,0,0,0,0,0,0
67414,67414,67414,4.6,-105.174,39.9321,567.47,-20.8,296.69,22.0319,2.41308,88.6976,0.110271,0.000331315,2.40348,3.20464,4.00579,1.20174,2.40348,1.20174,2.80406,0.801159,0.801159,1.20174,0.801159,0.400579,0,0,0.801159,0,0,0,0,0,0,0,0,0,0,0,0,0,0,0,0,0,0,0,0,0
67428,67443,67436,4.7,-105.172,39.9305,558.97,-21.2467,297.447,20.1133,2.86932,158.03,0.165228,0.000820209,1.04485,3.26515,3.52636,2.35091,2.48151,0.783636,1.04485,0.65303,0.914241,0.391818,0.65303,0.391818,0.261212,1.56727,0.391818,0.261212,0,0,0,0,0,0,0.130606,0,0,0,0,0,0,0,0,0,0,0,0,0
67445,67464,67454,4.8,-105.171,39.9287,551.508,-21.6,298.17,16.9575,1.83153,73.7069,0.12073,0.000343831,1.67603,3.54925,3.45066,1.87322,1.67603,1.47885,0.887312,0.492951,0.295771,0.0985903,0.394361,0.197181,0.0985903,0.394361,0.0985903,0.197181,0.0985903,0,0,0,0,0,0,0,0,0,0,0,0,0,0,0,0,0,0,0
67471,67482,67476,4.9,-105.169,39.9268,543.907,-21.9967,298.884,14.4081,1.84021,83.457,0.136055,0.000443705,1.85058,2.64369,3.04025,1.05748,0.793108,0.925292,0.793108,0.528739,0.660923,0.264369,0.132185,0,0.132185,0.925292,0.396554,0.132185,0.132185,0,0,0,0,0,0,0,0,0,0,0,0,0,0,0,0,0,0,0
67491,67496,67494,5,-105.168,39.9259,537.837,-22.3267,299.449,14.0459,1.79204,82.9474,0.13886,0.000455443,1.45759,2.12013,2.51766,1.45759,0.927558,1.19258,0.662542,0.79505,0.662542,0.397525,0.132508,0.530033,0,0.79505,0,0.265017,0,0.132508,0,0,0,0,0,0,0,0,0,0,0,0,0,0,0,0,0,0
67507,67516,67512,5.1,-105.167,39.9248,530.845,-22.705,300.118,22.4255,2.43716,93.3743,0.114939,0.000384664,2.4135,3.62025,4.22363,2.21238,2.31294,1.609,1.40788,1.40788,0.603376,0.40225,0.301688,0.603376,0,1.00563,0.100563,0.100563,0,0.100563,0,0,0,0,0,0,0,0,0,0,0,0,0,0,0,0,0,0
67526,67534,67530,5.2,-105.166,39.9241,524.207,-23.3433,300.431,15.0351,1.72152,87.701,0.152832,0.000411964,0.798323,4.39078,2.66108,1.99581,1.7297,0.798323,0.266108,0.266108,0.266108,0.266108,0.266108,0.399162,0.133054,0.66527,0,0,0,0,0,0,0,0.133054,0,0,0,0,0,0,0,0,0,0,0,0,0,0
67549,67566,67558,5.3,-105.165,39.9232,515.567,-24.1725,300.863,9.77833,1.11028,42.6513,0.115244,0.000174689,1.1734,1.27118,1.36897,1.36897,0.977833,1.1734,0.29335,0.488916,0.29335,0.195567,0.0977833,0.29335,0,0.5867,0.0977833,0.0977833,0,0,0,0,0,0,0,0,0,0,0,0,0,0,0,0,0,0,0,0
67574,67574,67574,5.4,-105.164,39.9224,509.38,-24.82,301.116,11.7646,1.45437,52.6772,0.10866,0.00016624,0.811351,1.21703,2.02838,0.811351,0.811351,0.405675,0.811351,0.405675,0.405675,0.811351,0.405675,1.6227,0,1.21703,0,0,0,0,0,0,0,0,0,0,0,0,0,0,0,0,0,0,0,0,0,0
67589,67602,67596,5.5,-105.163,39.9214,501.518,-25.465,301.675,9.76152,1.45092,76.4738,0.158121,0.000450423,0.711777,1.22019,1.32187,1.01682,1.11851,0.711777,0.711777,0.40673,0.305047,0.508412,0.305047,0.101682,0,0.915142,0.101682,0.203365,0,0,0,0.101682,0,0,0,0,0,0,0,0,0,0,0,0,0,0,0,0
67626,67626,67626,5.6,-105.16,39.9201,493.63,-26.29,302.025,6.7063,0.71882,23.9898,0.100121,6.49035e-05,0,0.394488,2.36693,0.394488,0.788976,1.57795,0,0,0,0,0,0.394488,0.394488,0.394488,0,0,0,0,0,0,0,0,0,0,0,0,0,0,0,0,0,0,0,0,0,0
67635,67656,67646,5.7,-105.158,39.9193,488.245,-26.9625,302.154,7.77845,1.16475,54.4448,0.140231,0.000291996,0.398895,0.698066,1.29641,0.698066,0.897513,0.698066,0.398895,0.398895,0.398895,0.199447,0.199447,0,0.0997237,0.997237,0.199447,0.199447,0,0,0,0,0,0,0,0,0,0,0,0,0,0,0,0,0,0,0,0
67658,67680,67669,5.8,-105.156,39.9183,481.445,-27.85,302.274,10.0932,1.36713,61.7933,0.135598,0.000325342,0.672882,1.41305,1.34576,1.48034,0.605594,0.942035,0.874747,0.336441,0.471018,0.201865,0.0672882,0.269153,0.336441,0.605594,0.201865,0.269153,0,0,0,0,0,0,0,0,0,0,0,0,0,0,0,0,0,0,0,0
67681,67691,67686,5.9,-105.155,39.9175,475.543,-28.5125,302.517,15.1807,1.97318,79.3039,0.120573,0.000330941,0.910843,1.31566,1.41687,2.0241,2.53012,0.910843,1.11325,0.910843,0.708433,0.404819,0.404819,0.506024,0.303614,1.11325,0.607229,0,0,0,0,0,0,0,0,0,0,0,0,0,0,0,0,0,0,0,0,0
67702,67718,67710,6,-105.153,39.9163,468.12,-29.395,302.788,14.4844,1.95974,83.7515,0.128208,0.000393916,0.96903,1.68305,2.29507,1.53005,1.27504,0.96903,0.714022,0.765024,0.66302,0.357011,0.459014,0.561017,0.357011,1.37704,0.306009,0.204006,0,0,0,0,0,0,0,0,0,0,0,0,0,0,0,0,0,0,0,0
67721,67741,67731,6.1,-105.152,39.9153,461.133,-30.09,303.225,14.4236,1.58137,56.0859,0.1064,0.00018649,1.06841,2.27038,2.93814,1.06841,1.20197,0.934863,1.20197,0.934863,0.667759,0.267104,0.400656,0.267104,0.400656,0.534207,0.267104,0,0,0,0,0,0,0,0,0,0,0,0,0,0,0,0,0,0,0,0,0
67742,67763,67752,6.2,-105.151,39.9144,455.648,-30.705,303.491,7.62151,0.960134,41.149,0.128573,0.000202601,0.411973,0.720953,1.75089,1.33891,0.61796,0.30898,0.411973,0.411973,0.61796,0.102993,0.102993,0.205987,0,0.205987,0.30898,0.102993,0,0,0,0,0,0,0,0,0,0,0,0,0,0,0,0,0,0,0,0
67772,67788,67780,6.3,-105.15,39.9135,448.417,-31.67,303.67,5.83163,0.560634,18.0489,0.0965815,4.82973e-05,0.813715,1.35619,1.22057,0.678096,0.271238,0.271238,0.542477,0.135619,0,0,0.135619,0,0,0.406858,0,0,0,0,0,0,0,0,0,0,0,0,0,0,0,0,0,0,0,0,0,0
67797,67810,67804,6.4,-105.148,39.9129,440.765,-32.3125,304.356,10.4772,1.60848,96.0481,0.179141,0.00050337,0.805938,1.20891,1.10816,0.90668,1.20891,1.00742,0.402969,0.503711,0.604453,0.503711,0.402969,0.402969,0.503711,0.402969,0.302227,0.100742,0,0,0,0,0,0,0.100742,0,0,0,0,0,0,0,0,0,0,0,0,0
67813,67826,67820,6.5,-105.147,39.9128,435.663,-32.9067,304.611,14.434,1.94767,80.546,0.124065,0.000353037,0.544681,2.17872,1.63404,1.22553,1.3617,1.08936,0.408511,0.817021,1.22553,0.680851,0.953191,0.27234,0.13617,1.49787,0.27234,0.13617,0,0,0,0,0,0,0,0,0,0,0,0,0,0,0,0,0,0,0,0
67832,67849,67840,6.6,-105.146,39.9126,430.588,-33.382,305.033,17.8105,2.13951,79.3706,0.111292,0.000280229,0.915495,2.24712,2.99617,1.33163,1.74776,2.1639,1.33163,0.499361,0.582588,0.915495,0.416134,0.499361,0.24968,1.66454,0.24968,0,0,0,0,0,0,0,0,0,0,0,0,0,0,0,0,0,0,0,0,0
67854,67871,67862,6.7,-105.144,39.9127,423.923,-34.125,305.445,16.9082,2.38902,107.035,0.134409,0.000531772,1.0352,1.75983,2.1049,1.55279,1.38026,1.48378,1.17322,1.0352,0.89717,0.724637,0.483091,0.483091,0.448585,1.82885,0.207039,0.241546,0,0.0345065,0.0345065,0,0,0,0,0,0,0,0,0,0,0,0,0,0,0,0,0
67873,67887,67880,6.8,-105.143,39.9127,418.425,-34.9267,305.559,16.0575,2.10334,101.572,0.144873,0.000464327,1.30381,1.92141,2.1959,1.85279,1.30381,1.16657,1.09795,0.960705,0.823462,0.823462,0.548974,0.411731,0.343109,0.823462,0.343109,0.0686218,0,0,0,0,0,0,0.0686218,0,0,0,0,0,0,0,0,0,0,0,0,0
67891,67909,67900,6.9,-105.141,39.9126,412.864,-35.72,305.708,13.1948,1.90362,101.804,0.160437,0.000544743,0.586437,1.52474,2.40439,1.52474,0.879656,1.05559,0.645081,0.879656,0.527794,0.410506,0.527794,0.645081,0.234575,0.9383,0.117287,0.117287,0,0.117287,0,0,0,0,0.0586437,0,0,0,0,0,0,0,0,0,0,0,0,0
67927,67930,67928,7,-105.138,39.9131,403.82,-37.095,305.865,13.7493,1.70562,62.8577,0.11056,0.000209749,1.23128,2.05213,1.23128,1.23128,1.43649,0.410426,0.820851,1.02606,0.820851,0,0.410426,1.02606,0.205213,1.84691,0,0,0,0,0,0,0,0,0,0,0,0,0,0,0,0,0,0,0,0,0,0
