api/src/app/data/B2SAP/Locations/Boulder/NOAA-POPS-B2SAP_GMLBalloon_20210624_R0.ict
61,1001
Thornberry, T. D.
NOAA Chemical Sciences Laboratory
Portable Optical Particle Spectrometer (POPS)
Balloon Baseline Stratospheric Aerosol Profiles (B2SAP)
1,1
2021,06,24,2024,05,30
0
TIME_START,s,Seconds since midnight UTC on flight start day,Start time of 100 m altitude bin in UTC_seconds_since_midnight
28
1.0,1.0,1.0,1.0,1.0,1.0,1.0,1.0,1.0,1.0,1.0,1.0,1.0,1.0,1.0,1.0,1.0,1.0,1.0,1.0,1.0,1.0,1.0,1.0,1.0,1.0,1.0,1.0
99999,99999,99999,99999,99999,99999,99999,99999,99999,99999,99999,99999,99999,99999,99999,99999,99999,99999,99999,99999,99999,99999,99999,99999,99999,99999,99999,99999
TIME_STOP,s,End time of 100 m altitude bin in UTC seconds since midnight,
TIME_MID,s,Mid time of 100 m altitude in UTC seconds since midnight,
GPSAlt,m,GPS reported altitude above sea level (m),
GPS_Lon,deg,GPS reported longitude,
GPS_Lat,deg,GPS reported latitude,
iMet_Pressure,mb,Pressure reported (mB),
iMet_Temperature,degrees C,Ambient temperature (oC),
THETA,K,Potential temperature from iMet,
Aerosol_concentration,cm^-3,Aerosol concentration,
Surface_Area_Conc,um^2 cm^-3,Surface area concentration,
Volume_density,um^3 cm^-3,Volume density,
Effective_radius,um,Effective radius,
Extinction,km^-1,Extinction,
Bin01,cm^-3,particle concentration in size range [140 - 170 nm],
Bin02,cm^-3,particle concentration in size range [170 - 205 nm],
Bin03,cm^-3,particle concentration in size range [205 - 249 nm],
Bin04,cm^-3,particle concentration in size range [249 - 302 nm],
Bin05,cm^-3,particle concentration in size range [302 - 366 nm],
Bin06,cm^-3,particle concentration in size range [366 - 443 nm],
Bin07,cm^-3,particle concentration in size range [443 - 537 nm],
Bin08,cm^-3,particle concentration in size range [537 - 651 nm],
Bin09,cm^-3,particle concentration in size range [651 - 789 nm],
Bin10,cm^-3,particle concentration in size range [789 - 956 nm],
Bin11,cm^-3,particle concentration in size range [956 - 1159 nm],
Bin12,cm^-3,particle concentration in size range [1159 - 1404 nm],
Bin13,cm^-3,particle concentration in size range [1404 - 1702 nm],
Bin14,cm^-3,particle concentration in size range [1702 - 2062 nm],
Bin15,cm^-3,particle concentration in size range [2062 - 2500 nm],
0
19
PI_CONTACT_INFO: 325 Broadway R/CSL6, Boulder, CO 80305; troy.thornberry@noaa.gov; 303-497-3373 
PLATFORM: GML ECC/FPH balloon
LOCATION: Boulder, CO, USA
ASSOCIATED_DATA: N/A
INSTRUMENT_INFO: Printed Optical Particle Spectrometer counts particles from 140 - 2500 nm in diameter 
DATA_INFO: Particle concentrations reported in number per cubic centimeter, binned to 100 m altitude
UNCERTAINTY: Counting uncertainty dominated by air flow, less than 5 percent
ULOD_FLAG: -77777
ULOD_VALUE: 3000 ~3000 per cm3 (varies depending on flow rate- manufacturer quotes 1250  per cm3 at 1.667 cc/s)
LLOD_FLAG: -88888
LLOD_VALUE: 0 0 (varies depending on data field and measurement precision)
DM_CONTACT_INFO: Troy Thornberry, 325 Broadway R/CSL6, Boulder, CO 80305; troy.thornberry@noaa.gov; 303-497-3373
PROJECT_INFO: B2SAP Boulder, CO, USA
STIPULATIONS_ON_USE: Please contact the PIs for questions regarding applications and uncertainties
OTHER_COMMENTS: POPS bin Edges (nm):  140, 170, 205, 249, 302, 366, 443, 537, 651, 789, 956, 1159, 1404, 1702, 2062, 2500
Calculations assume sulfate refractive index of 1.45+0.00j and extinction wavelength = 532 nm
REVISION: R0
R0: QA/QC data
TIME_START,TIME_STOP,TIME_MID,GPSAlt,GPS_Lon,GPS_Lat,iMet_Pressure,iMet_Temperature,THETA,Aerosol_concentration,Surface_Area_Conc,Volume_density,Effective_radius,Extinction,Bin01,Bin02,Bin03,Bin04,Bin05,Bin06,Bin07,Bin08,Bin09,Bin10,Bin11,Bin12,Bin13,Bin14,Bin15
57573,58202,57888,2.1,-102.744,38.1394,795.612,19.6633,312.584,488.293,80.2982,3998.64,0.149392,0.0188006,140.591,125.059,95.6354,63.8106,43.3163,12.0331,6.13367,1.03936,0.351332,0.190305,0.0146388,0.0439165,0.0292776,0,0.0439165
57576,58222,57899,2.2,-102.17,37.8054,788.096,19.286,313.038,505.919,84.3007,4235.53,0.150729,0.0196932,140.858,128.922,99.2125,68.4544,47.5878,13.0198,6.36135,0.908764,0.27962,0.13981,0.0349525,0.0699049,0.0174762,0,0.0524287
57578,58260,57919,2.4,-103.478,38.8607,768.555,18.1226,314.035,678.131,109.782,5295.99,0.144723,0.0247927,196.627,174.302,134.692,89.1174,57.1895,16.2686,7.75577,1.32956,0.42472,0.166195,0.0923305,0.0923305,0.0369322,0.0184661,0.0184661
57581,58242,57912,2.3,-103.687,38.9486,776.872,18.6362,313.621,616.815,99.9783,4927.15,0.147847,0.0226876,181.008,158.595,121.525,78.2865,53.5169,14.942,7.17013,1.01953,0.401126,0.100282,0.0334272,0.100282,0.0334272,0.0668544,0.0167136
57717,58143,57930,1.8,-105.197,39.9489,821.959,21.7197,311.86,631.536,105.396,5435.5,0.154717,0.0250524,180.796,161.086,122.347,83.4298,56.2713,17.2421,8.2972,1.27306,0.335015,0.134006,0.0335015,0.111672,0.067003,0.067003,0.0446686
58144,58160,58152,1.9,-105.197,39.9481,812.425,20.1606,311.247,601.118,99.7373,4962.69,0.149273,0.0235353,169.498,153.621,119.19,79.2386,53.7112,15.9598,7.76198,1.41127,0.394325,0.166032,0.020754,0.0415079,0.0415079,0.020754,0.0415079
58161,58180,58170,2,-105.197,39.9475,802.826,19.7379,311.853,435.195,71.2917,3412.29,0.143591,0.0164415,124.703,111.492,85.7365,57.0654,37.7853,11.3282,5.75635,0.848693,0.258298,0.0922493,0,0.0553496,0.0553496,0.0184499,0
58261,58280,58270,2.5,-105.195,39.9427,756.636,17.1865,314.414,688.34,111.391,5544.51,0.149326,0.0252726,203.07,179.37,132.921,89.0601,56.9259,17.2556,7.7122,1.03886,0.457802,0.193685,0.0528233,0.0880388,0.123254,0.0352155,0.0352155
58281,58298,58290,2.6,-105.196,39.9415,747.873,16.625,314.859,754.243,121.07,6009.34,0.148906,0.0270828,222.962,198.532,147.73,94.3522,63.0864,16.9208,8.51983,1.14919,0.416085,0.178322,0.0594407,0.158508,0.0990678,0.0396271,0.0396271
58299,58317,58308,2.7,-105.196,39.9403,739.397,15.7984,314.982,754.58,120.057,5895.06,0.147307,0.0265031,228.12,195.145,147.007,96.1457,61.3243,16.8978,7.57229,1.26827,0.690085,0.0559529,0.0932548,0.0932548,0.111906,0,0.0559529
58318,58335,58326,2.8,-105.196,39.9393,730.33,14.8344,315.037,731.42,118.215,5844.93,0.148329,0.0273351,219.874,190.752,139.835,91.7236,60.313,17.3176,8.89767,1.53271,0.597159,0.218958,0.0796212,0.159242,0.0597159,0.0398106,0.0199053
58336,58358,58347,2.9,-105.196,39.9383,721.363,14.0104,315.246,700.342,113.204,5534.25,0.146662,0.0259111,209.945,180.899,134.823,88.5298,58.6328,16.7058,8.22129,1.59471,0.495445,0.123861,0.0774133,0.139344,0.108379,0.046448,0
58359,58378,58368,3,-105.197,39.9375,713.074,13.1545,315.352,732.96,117.781,5849.78,0.148999,0.0267324,219.893,190.796,142.401,92.256,59.2845,17.8514,7.83676,1.71373,0.428433,0.160663,0.12496,0.0714056,0.0535542,0.0535542,0.0357028
58379,58397,58388,3.1,-105.198,39.9368,704.935,12.3279,315.472,777.48,126.136,6332.52,0.150612,0.0291987,233.402,204.269,147.979,96.969,63.6584,19.1051,9.02081,1.91811,0.360832,0.246885,0.208903,0.151929,0.132938,0.0379824,0.0189912
58398,58417,58408,3.2,-105.199,39.936,696.817,11.662,315.776,751.842,121.305,6243.95,0.15442,0.0280348,231.18,195.296,140.373,93.9713,62.5996,17.0792,8.70138,1.54611,0.449452,0.233715,0.125846,0.0719122,0.0719122,0.0898903,0.0539342
58418,58436,58427,3.3,-105.199,39.9351,688.525,10.8011,315.899,706.422,111.734,5788.55,0.15542,0.0247861,218.02,188.426,133.239,86.6582,55.9648,14.9201,7.1283,1.15645,0.398123,0.132708,0.0568748,0.132708,0.0379165,0.0568748,0.0947913
58437,58454,58446,3.4,-105.2,39.9341,680.48,10.0272,316.105,666.288,105.623,5319.12,0.151079,0.0235865,207.408,174.485,127.634,80.4802,52.0386,15.0989,6.82275,1.413,0.363342,0.121114,0.0807426,0.1413,0.121114,0.0403713,0.0403713
58455,58472,58464,3.5,-105.201,39.9332,672.257,9.115,316.18,649.794,102.203,5047.01,0.148147,0.0223833,202.224,170.08,124.351,80.3803,50.8239,13.5247,6.30751,1.1119,0.404327,0.202164,0.121298,0.0606491,0.161731,0,0.0404327
58473,58491,58482,3.6,-105.201,39.9321,664.041,8.18,316.239,645.869,102.988,5257.63,0.153153,0.0231747,200.559,170.465,119.6,79.3725,52.1414,15.4335,6.09219,1.16042,0.406146,0.232083,0.0193403,0.174063,0.135382,0.0193403,0.0580208
58492,58509,58500,3.7,-105.202,39.9312,656.119,7.26889,316.299,650.696,104.465,5506.08,0.158123,0.0238581,200.974,169.399,124.066,81.419,51.32,14.3729,6.93015,1.04567,0.533088,0.164027,0.0820136,0.143524,0.102517,0.0820136,0.0615102
58510,58531,58520,3.8,-105.203,39.9302,647.935,6.34864,316.397,624.348,100.445,5034.87,0.150377,0.0230612,189.165,162.266,119.483,79.3868,50.0197,14.5912,7.11929,1.34326,0.537305,0.151117,0.0671631,0.0839539,0.0503723,0.0503723,0.0335815
58532,58552,58542,3.9,-105.203,39.9292,640.022,5.42667,316.459,636.755,103.131,5336.86,0.155246,0.0240796,194.26,164.63,121.292,79.7962,51.448,16.0259,6.81059,1.29893,0.649463,0.245743,0.0702123,0.0877653,0.0526592,0,0.0877653
58553,58571,58562,4,-105.204,39.9283,632.327,4.50158,316.497,681.113,112.269,5816.05,0.155413,0.0267351,205.516,173.086,129.013,86.2183,58.9407,17.4639,8.22063,1.37666,0.570331,0.255666,0.0983329,0.176999,0.0786663,0.0589997,0.0393332
58572,58589,58580,4.1,-105.205,39.9275,624.87,3.59278,316.538,627.093,103.172,5151.22,0.149785,0.0239966,184.461,159.195,119.82,83.0064,54.0843,16.9607,7.33381,1.36347,0.516466,0,0.0619759,0.103293,0.103293,0.0826345,0
58590,58608,58599,4.2,-105.206,39.9267,617.109,2.69579,316.64,645.09,105.636,5472.88,0.155426,0.0250533,198.235,164.27,121.406,79.0143,54.2645,17.6419,7.97428,1.22075,0.551308,0.137827,0.0787583,0.137827,0.0590687,0.0393792,0.0590687
58609,58629,58619,4.3,-105.206,39.9258,609.198,1.788,316.76,652.668,107.045,5457.11,0.152939,0.0253331,197.225,167.123,122.327,82.6488,55.5194,17.177,7.92059,1.919,0.357461,0.112883,0.112883,0.0376275,0.0940688,0.0564413,0.0376275
58630,58647,58638,4.4,-105.207,39.9249,601.874,0.937778,316.874,607.015,100.526,5145.41,0.153555,0.0237646,177.864,153.312,116.505,79.8249,53.3149,16.6135,7.30658,1.43184,0.547467,0.0421128,0.0210564,0.0421128,0.105282,0.0210564,0.0631693
58648,58666,58657,4.5,-105.207,39.924,594.649,0.0505263,316.945,568.83,95.5154,5038.54,0.158253,0.0228393,162.639,143.932,109.818,77.8306,49.7201,15.7848,7.05744,1.11329,0.457242,0.0994005,0.0596403,0.119281,0.0994005,0.0397602,0.0596403
58667,58688,58678,4.6,-105.208,39.9231,587.098,-0.605909,317.336,550.075,88.7833,4339.59,0.146635,0.0202936,168.346,138.604,103.326,73.3076,44.552,13.7376,6.24594,1.22843,0.328733,0.138414,0.0865088,0.0865088,0.0346035,0.0519053,0
58689,58707,58698,4.7,-105.209,39.9223,579.756,-1.31053,317.652,529.573,83.0653,4045.01,0.14609,0.018209,170.282,135.44,98.8823,64.0202,41.3439,12.7442,5.64415,0.538488,0.259272,0.159552,0.059832,0.059832,0.0997199,0.019944,0.019944
58708,58729,58718,4.8,-105.21,39.9215,572.126,-2.26773,317.742,534.747,84.27,4229.2,0.150559,0.0187396,171.152,137.293,100.046,64.6925,42.0449,12.4449,5.37076,1.02549,0.347622,0.0869056,0.0173811,0.0695244,0.0869056,0.0173811,0.0521433
58730,58746,58738,4.9,-105.211,39.9206,565.401,-3.12562,317.805,525.939,84.2683,4254.28,0.151455,0.0193536,166.738,131.849,97.6039,67.225,42.3348,12.3854,6.10919,0.978425,0.262504,0.23864,0.023864,0.0477281,0.0477281,0.0715921,0.023864
58747,58765,58756,5,-105.212,39.9202,558.542,-3.81389,318.099,484.621,80.1157,4040.59,0.151303,0.0189716,141.894,125.948,90.3621,63.4648,41.5841,13.8542,5.57158,1.15274,0.384247,0.128082,0.0426941,0.170777,0.0213471,0.0213471,0.0213471
58766,58787,58776,5.1,-105.213,39.9198,550.81,-4.27143,318.826,396.846,68.2,3748.86,0.164906,0.0170473,111.88,97.4773,78.5112,54.0506,36.7091,11.062,5.27546,1.18652,0.346829,0.109525,0.0365083,0.0182542,0.0912709,0.0182542,0.0730167
58788,58806,58797,5.2,-105.213,39.9195,544.233,-5.05889,318.991,372.853,63.8571,3197.71,0.150228,0.0158032,101.419,92.8252,73.7879,53.049,32.8206,11.2309,6.25357,1.02099,0.276519,0.0425413,0.0212707,0.063812,0.0212707,0,0.0212707
58808,58824,58816,5.3,-105.212,39.9194,537.8,-5.39875,319.669,307.395,53.7703,2785.94,0.155435,0.0133808,78.3448,77.4113,61.3498,46.1739,28.8437,9.21563,4.69159,0.981405,0.119683,0.0718101,0.0718101,0.0478734,0.0478734,0,0.0239367
58825,58845,58835,5.4,-105.211,39.9196,530.837,-6.0755,320.048,283.518,50.6447,2611.14,0.154674,0.0130924,68.1425,71.0377,58.9584,42.4309,27.7824,9.04988,4.50577,1.11206,0.306776,0.0766939,0.0383469,0.0383469,0.0191735,0,0.0191735
58846,58865,58856,5.5,-105.211,39.92,524.084,-6.7725,320.381,285.374,51.6763,2539.35,0.147419,0.0134789,66.4209,68.2248,60.7978,44.1782,28.902,10.1138,5.22002,1.24743,0.15353,0.0767649,0.0383825,0,0,0,0
58866,58885,58876,5.6,-105.21,39.9206,517.269,-7.62722,320.547,294.316,55.062,3028.27,0.164992,0.015353,66.427,72.4815,63.3132,45.0847,29.0402,10.2711,5.42747,1.53526,0.324351,0.216234,0.0864935,0.0432467,0.0216234,0.0216234,0.0216234
58886,58905,58896,5.7,-105.209,39.9211,510.547,-8.4115,320.805,303.254,56.7821,2969.37,0.156882,0.0157502,67.4979,74.7424,64.752,45.7451,30.2436,11.9767,6.01756,1.81111,0.27264,0.0584229,0.0584229,0,0.0584229,0.0194743,0
58906,58923,58914,5.8,-105.209,39.9217,504.234,-9.27944,320.891,269.431,50.6231,2947.57,0.174677,0.0139449,63.3281,65.1239,56.5777,42.5577,26.1577,9.00051,4.75988,1.18997,0.25963,0.108179,0.0865434,0.108179,0.108179,0.0432717,0.0216358
58924,58941,58932,5.9,-105.208,39.9223,497.709,-10.0689,321.122,194.602,36.2124,2722.08,0.22551,0.0102537,55.2934,48.5645,38.6753,27.1952,14.9413,5.28856,3.20323,0.795434,0.107491,0.0429964,0.107491,0.0429964,0.193484,0.0214982,0.128989
58942,58960,58951,6,-105.207,39.9235,491.196,-10.4511,321.862,294.961,53.5825,2708.43,0.151641,0.0139973,69.3208,72.1034,61.1365,44.4406,31.3253,10.0462,4.82872,1.26856,0.30691,0.0204607,0.0818427,0.0818427,0,0,0
58961,58978,58970,6.1,-105.206,39.9251,484.699,-10.3724,323.183,298.577,54.3966,2763.19,0.152391,0.014442,74.7648,70.5142,58.7733,44.4591,32.3965,10.5461,5.69812,0.896075,0.298692,0.0919051,0.0689288,0.0229763,0.0459525,0,0
58979,59000,58990,6.2,-105.205,39.9271,478.608,-10.0173,324.798,186.168,32.156,1732.66,0.161649,0.00823836,52.5794,46.5242,35.4969,24.3453,18.0592,5.5758,2.69911,0.532719,0.230845,0.0532719,0,0.0177573,0,0.0355146,0.0177573
59001,59019,59010,6.3,-105.204,39.9293,472.646,-10.6321,325.202,142.559,22.8054,1061.68,0.139662,0.00529187,45.0187,36.4261,25.3667,17.7403,12.0256,3.41238,2.11732,0.287791,0.123339,0.0205565,0.0205565,0,0,0,0
59020,59039,59030,6.4,-105.203,39.9309,466.492,-11.472,325.375,123.496,18.8862,853.709,0.135608,0.0040094,40.0386,32.3201,23.3119,14.0692,9.35994,2.81384,1.23106,0.234487,0.0977029,0,0,0,0.0195406,0,0
59040,59060,59050,6.5,-105.202,39.9324,460.558,-12.239,325.608,115.122,17.7812,927.172,0.15643,0.00404699,39.2985,30.47,20.5282,12.813,7.85189,2.40244,1.32818,0.234385,0.0976603,0.0390641,0.0195321,0.0195321,0,0,0.0195321
59061,59082,59072,6.6,-105.2,39.9338,454.2,-12.67,326.361,99.1591,15.004,710.359,0.142034,0.00327536,36.2247,24.4646,16.8918,11.0117,7.07388,2.04911,1.17601,0.142547,0.0178183,0.053455,0.0356367,0,0.0178183,0,0
59083,59103,59093,6.7,-105.198,39.9352,448.503,-13.1719,326.917,112.06,16.5566,740.074,0.134099,0.0034332,39.8903,28.718,20.1139,12.1658,7.32947,2.53064,1.01225,0.187455,0.0562364,0.0374909,0.0187455,0,0,0,0
59104,59124,59114,6.8,-105.196,39.9363,442.669,-13.6081,327.591,106.743,16.3137,831.222,0.152857,0.00370181,38.4869,27.0702,17.6968,12.2228,7.23621,2.45581,1.18104,0.262453,0.0749866,0.0374933,0,0,0,0,0.0187466
59125,59145,59135,6.9,-105.194,39.9374,436.735,-14.357,327.906,84.6512,12.3574,555.115,0.134765,0.00253419,30.7787,21.9678,14.8955,9.00839,5.27465,1.6792,0.750699,0.217308,0.0592657,0,0,0,0.0197552,0,0
59146,59167,59156,7,-105.191,39.9388,430.839,-15.0148,328.342,56.6792,8.29711,407.82,0.147456,0.00177155,22.4974,13.7674,9.54437,5.75692,3.38977,1.04155,0.473431,0.0568117,0.0568117,0.0378745,0,0.0568117,0,0,0
59168,59186,59177,7.1,-105.188,39.9403,425.377,-15.7132,328.647,43.657,6.1177,321.429,0.157622,0.00123649,18.8,11.4225,6.76967,3.3534,2.15875,0.67068,0.314381,0.0419175,0.0419175,0,0,0.0628762,0.0209587,0,0
59187,59206,59196,7.2,-105.186,39.9419,419.919,-16.465,328.908,35.4476,5.05707,266.355,0.158009,0.00112236,14.981,9.97401,4.92716,2.73288,1.71553,0.578493,0.359065,0.0598441,0.0398961,0.019948,0,0.0598441,0,0,0
59207,59226,59216,7.3,-105.184,39.9436,414.327,-17.078,329.379,26.3769,3.80633,241.501,0.190341,0.000963978,12.7888,7.03384,2.99738,1.99825,0.779318,0.31972,0.179843,0.0999126,0.0599475,0.039965,0.0199825,0.0199825,0.039965,0,0
59227,59247,59237,7.4,-105.181,39.9453,408.584,-17.6495,329.954,44.0667,5.70361,249.728,0.131352,0.00104954,19.2008,12.3759,6.63472,3.2128,1.63492,0.437245,0.475267,0.0380213,0.0190107,0.0190107,0,0.0190107,0,0,0
59248,59267,59258,7.5,-105.179,39.9466,403.149,-18.4475,330.182,93.0062,12.402,612.349,0.148126,0.00234319,37.6739,26.9271,15.4211,7.01142,3.79536,1.17856,0.759072,0.139829,0.0799023,0,0,0,0,0,0.0199756
59268,59286,59277,7.6,-105.176,39.9476,398.018,-19.3053,330.279,84.4355,11.102,458.421,0.123875,0.00197322,33.6309,24.4435,13.7179,6.95376,3.85618,1.0536,0.547872,0.147504,0.063216,0.021072,0,0,0,0,0
59287,59305,59296,7.7,-105.174,39.9491,392.926,-20.1416,330.409,52.5034,6.81529,293.991,0.129411,0.00121023,21.8358,15.2702,8.28109,3.93934,1.96967,0.804812,0.232972,0.0635378,0.0847171,0,0,0.0211793,0,0,0
59306,59324,59315,7.8,-105.172,39.9506,387.599,-20.9363,330.655,19.9217,2.31277,92.6955,0.12024,0.000374132,10.0785,5.62772,2.26821,1.1341,0.47076,0.192584,0.0855928,0.0427964,0,0.0213982,0,0,0,0,0
59325,59346,59336,7.9,-105.169,39.9521,382.034,-21.5777,331.178,48.3411,6.40602,276.23,0.129361,0.00126745,20.7333,13.1806,7.22276,4.03301,1.94318,0.531624,0.49496,0.146655,0.0183319,0.0366637,0,0,0,0,0
59347,59364,59356,8,-105.166,39.9534,376.934,-21.8417,332.099,42.3711,5.96383,292.287,0.14703,0.00132328,17.1836,12.4807,5.9012,3.52715,1.89924,0.813959,0.316539,0.13566,0.02261,0.0678299,0,0,0.02261,0,0
59365,59383,59374,8.1,-105.164,39.9546,371.84,-22.5542,332.458,26.3951,3.75312,214.478,0.17144,0.000938367,12.2069,7.30711,3.45117,1.59776,1.04387,0.255642,0.234339,0.149125,0.0852141,0,0.042607,0.0213035,0,0,0
59384,59402,59393,8.2,-105.161,39.956,366.893,-23.2147,332.85,27.5806,4.05654,232.047,0.17161,0.00114513,13.0746,7.28503,3.22592,1.88001,0.961367,0.491366,0.299092,0.17091,0.106819,0.0427274,0.0213637,0.0213637,0,0,0
59403,59419,59411,8.3,-105.158,39.9574,361.903,-24.0224,333.072,27.5368,3.56092,153.641,0.129439,0.000699623,12.4024,7.13201,4.49679,1.95828,0.821994,0.386821,0.19341,0.0967052,0.0241763,0.0241763,0,0,0,0,0
59420,59436,59428,8.4,-105.156,39.9585,357.173,-24.9065,333.137,27.6089,3.84038,183.763,0.14355,0.000932633,12.4926,7.22115,3.41801,2.38298,1.25167,0.385128,0.192564,0.144423,0.0722115,0.048141,0,0,0,0,0
59437,59453,59445,8.5,-105.154,39.9598,352.154,-25.8625,333.203,28.5489,3.74632,169.779,0.135956,0.000681841,12.5748,7.69313,4.08937,2.35139,1.22681,0.383379,0.127793,0.0511172,0.0255586,0,0.0255586,0,0,0,0
59454,59471,59462,8.6,-105.152,39.9609,347.431,-26.6967,333.365,30.3784,4.1759,187.774,0.134898,0.000915052,13.5982,7.41719,4.3267,2.77,1.21331,0.595207,0.251818,0.160248,0.0228926,0.0228926,0,0,0,0,0
59472,59491,59482,8.7,-105.15,39.9619,342.613,-27.651,333.399,29.3344,4.29593,321.139,0.224263,0.000993953,12.8053,7.75768,4.57186,2.39971,1.09642,0.28962,0.268933,0.0620615,0.0206872,0,0,0.0206872,0.0206872,0,0.0206872
59492,59512,59502,8.8,-105.147,39.9628,337.463,-28.0529,334.293,21.633,2.88713,128.763,0.133797,0.000592651,9.56426,5.65968,3.1355,1.83397,0.847966,0.335242,0.157761,0.0591604,0,0.0394403,0,0,0,0,0
59513,59533,59523,8.9,-105.144,39.9635,332.714,-28.7981,334.633,22.2602,2.90828,122.156,0.126008,0.000556183,10.371,5.5404,2.95751,1.71535,1.02527,0.414051,0.157734,0.0591502,0.0197167,0,0,0,0,0,0
