api/src/app/data/B2SAP/Locations/Boulder/NOAA-POPS-B2SAP_GMLBalloon_20210817_R0.ict
61,1001
Thornberry, T. D.
NOAA Chemical Sciences Laboratory
Portable Optical Particle Spectrometer (POPS)
Balloon Baseline Stratospheric Aerosol Profiles (B2SAP)
1,1
2021,08,17,2024,05,28
0
TIME_START,s,Seconds since midnight UTC on flight start day,Start time of 100 m altitude bin in UTC_seconds_since_midnight
28
1.0,1.0,1.0,1.0,1.0,1.0,1.0,1.0,1.0,1.0,1.0,1.0,1.0,1.0,1.0,1.0,1.0,1.0,1.0,1.0,1.0,1.0,1.0,1.0,1.0,1.0,1.0,1.0
99999,99999,99999,99999,99999,99999,99999,99999,99999,99999,99999,99999,99999,99999,99999,99999,99999,99999,99999,99999,99999,99999,99999,99999,99999,99999,99999,99999
TIME_STOP,s,End time of 100 m altitude bin in UTC seconds since midnight,
TIME_MID,s,Mid time of 100 m altitude in UTC seconds since midnight,
GPSAlt,m,GPS reported altitude above sea level (m),
GPS_Lon,deg,GPS reported longitude,
GPS_Lat,deg,GPS reported latitude,
iMet_Pressure,mb,Pressure reported (mB),
iMet_Temperature,degrees C,Ambient temperature (oC),
THETA,K,Potential temperature from iMet,
Aerosol_concentration,cm^-3,Aerosol concentration,
Surface_Area_Conc,um^2 cm^-3,Surface area concentration,
Volume_density,um^3 cm^-3,Volume density,
Effective_radius,um,Effective radius,
Extinction,km^-1,Extinction,
Bin01,cm^-3,particle concentration in size range [140 - 170 nm],
Bin02,cm^-3,particle concentration in size range [170 - 205 nm],
Bin03,cm^-3,particle concentration in size range [205 - 249 nm],
Bin04,cm^-3,particle concentration in size range [249 - 302 nm],
Bin05,cm^-3,particle concentration in size range [302 - 366 nm],
Bin06,cm^-3,particle concentration in size range [366 - 443 nm],
Bin07,cm^-3,particle concentration in size range [443 - 537 nm],
Bin08,cm^-3,particle concentration in size range [537 - 651 nm],
Bin09,cm^-3,particle concentration in size range [651 - 789 nm],
Bin10,cm^-3,particle concentration in size range [789 - 956 nm],
Bin11,cm^-3,particle concentration in size range [956 - 1159 nm],
Bin12,cm^-3,particle concentration in size range [1159 - 1404 nm],
Bin13,cm^-3,particle concentration in size range [1404 - 1702 nm],
Bin14,cm^-3,particle concentration in size range [1702 - 2062 nm],
Bin15,cm^-3,particle concentration in size range [2062 - 2500 nm],
0
19
PI_CONTACT_INFO: 325 Broadway R/CSL6, Boulder, CO 80305; troy.thornberry@noaa.gov; 303-497-3373 
PLATFORM: GML ECC/FPH balloon
LOCATION: Boulder, CO, USA
ASSOCIATED_DATA: N/A
INSTRUMENT_INFO: Printed Optical Particle Spectrometer counts particles from 140 - 2500 nm in diameter 
DATA_INFO: Particle concentrations reported in number per cubic centimeter, binned to 100 m altitude
UNCERTAINTY: Counting uncertainty dominated by air flow, less than 5 percent
ULOD_FLAG: -77777
ULOD_VALUE: 3000 ~3000 per cm3 (varies depending on flow rate- manufacturer quotes 1250  per cm3 at 1.667 cc/s)
LLOD_FLAG: -88888
LLOD_VALUE: 0 0 (varies depending on data field and measurement precision)
DM_CONTACT_INFO: Troy Thornberry, 325 Broadway R/CSL6, Boulder, CO 80305; troy.thornberry@noaa.gov; 303-497-3373
PROJECT_INFO: B2SAP Boulder, CO, USA
STIPULATIONS_ON_USE: Please contact the PIs for questions regarding applications and uncertainties
OTHER_COMMENTS: POPS bin Edges (nm):  140, 170, 205, 249, 302, 366, 443, 537, 651, 789, 956, 1159, 1404, 1702, 2062, 2500
Calculations assume sulfate refractive index of 1.45+0.00j and extinction wavelength = 532 nm
REVISION: R0
R0: QA/QC data
TIME_START,TIME_STOP,TIME_MID,GPSAlt,GPS_Lon,GPS_Lat,iMet_Pressure,iMet_Temperature,THETA,Aerosol_concentration,Surface_Area_Conc,Volume_density,Effective_radius,Extinction,Bin01,Bin02,Bin03,Bin04,Bin05,Bin06,Bin07,Bin08,Bin09,Bin10,Bin11,Bin12,Bin13,Bin14,Bin15
57060,57449,57254,1.7,-105.197,39.9491,824.023,27.7258,317.982,755.004,218.886,13817.5,0.189378,0.0942178,113.848,108.789,112.499,113.763,150.27,79.4208,59.9169,14.5577,1.43328,0.224829,0.112414,0.0562072,0.0843108,0.0281036,0
57432,57681,57556,1.8,-105.197,39.9492,821.374,26.6116,317.094,732.854,211.564,13400.4,0.190019,0.0908612,109.451,105.943,111.116,113.401,144.08,77.9387,53.9371,14.4541,1.98389,0.31884,0.05314,0.0354267,0.0885667,0.05314,0
57682,57700,57691,1.9,-105.198,39.9495,812.833,25.3016,316.659,739.224,213.839,13528.6,0.189797,0.0916716,109.711,106.328,109.674,115.722,148.389,77.2277,55.9216,13.7138,1.81993,0.422813,0.147065,0.0735327,0.0367663,0.0367663,0
57701,57718,57710,2,-105.198,39.9498,803.983,24.76,317.074,648.528,186.503,11740.6,0.188853,0.0797035,93.8769,94.2287,101.968,100.635,127.743,67.2321,48.2346,12.4428,1.75903,0.222194,0.0555484,0.0925807,0.0185161,0,0.0185161
57719,57736,57728,2.1,-105.198,39.9497,794.384,24.6467,318.041,602.109,172.366,10772.4,0.187492,0.0729439,84.0439,89.4966,96.18,94.5328,118.086,62.5927,44.5306,10.6972,1.47678,0.227197,0.0946653,0.132531,0.0189331,0,0
57737,57754,57746,2.2,-105.198,39.9496,785.362,24.1683,318.565,590.049,169.694,10629,0.187909,0.0721146,81.4281,86.6734,93.8736,93.1188,115.687,62.2469,44.8271,10.4326,1.4323,0.212909,0.0387108,0.0193554,0.0387108,0,0.0193554
57755,57773,57764,2.3,-105.198,39.9496,776.026,23.4789,318.919,571.35,164.248,10422.1,0.190359,0.0692571,77.7826,84.158,89.5286,92.013,115.176,58.5105,43.312,8.9693,1.49793,0.182674,0.0365348,0.0730697,0.0548022,0.0182674,0.0365348
57774,57791,57782,2.4,-105.198,39.9495,766.856,22.6556,319.116,561.095,162.789,10335.8,0.190476,0.0696473,77.5546,82.4114,88.0198,87.3453,112.13,59.014,42.2464,10.4652,1.36838,0.289095,0.057819,0.077092,0.077092,0.038546,0
57792,57811,57802,2.5,-105.198,39.9495,758.21,21.7595,319.179,561.093,161.837,10145.5,0.188068,0.0689729,77.3426,80.8263,89.9821,90.1747,110.167,58.4358,41.8749,10.1886,1.66309,0.245087,0.0350125,0.122544,0.0350125,0,0
57812,57829,57820,2.6,-105.198,39.9496,749.735,20.9047,319.275,572.523,166.709,10514.7,0.189217,0.071642,77.4796,83.7813,88.3888,91.4466,114.814,60.5581,42.4175,11.6116,1.6529,0.185951,0.0826449,0.0619837,0.0206612,0.0206612,0
57830,57850,57840,2.7,-105.198,39.9494,740.831,19.9824,319.368,556.548,158.953,9836.51,0.185649,0.0670527,76.5092,81.4603,89.1528,89.5515,109.505,57.303,42.051,9.37051,1.29592,0.249216,0.0498431,0.0498431,0,0,0
57851,57869,57860,2.8,-105.198,39.9491,731.8,18.9716,319.382,548.432,156.803,9881.69,0.18906,0.0661108,74.9708,82.3227,87.4139,86.6603,109.911,55.4148,40.2516,9.98018,1.23144,0.0918986,0.0735188,0.0367594,0.0183797,0.0367594,0.0183797
57870,57886,57878,2.9,-105.197,39.9486,723.682,18.1706,319.521,531.423,153.051,9826.2,0.192606,0.0648229,71.9077,77.4677,86.7894,86.9755,104.213,53.6362,39.1472,9.36309,1.44684,0.165353,0.0826763,0.124014,0.0206691,0.0620072,0.0206691
57887,57903,57895,3,-105.197,39.9483,715.692,17.4735,319.766,529.054,150.224,9585.06,0.191416,0.0631757,74.0011,81.0537,85.6723,85.1106,102.17,51.9068,38.2384,8.86265,1.62274,0.104022,0.124826,0.0416087,0.0832174,0.0416087,0.0208043
57904,57922,57913,3.1,-105.197,39.9479,706.894,16.5553,319.892,520.972,146.445,9192.53,0.188314,0.0609609,72.9766,78.583,84.5422,85.2477,102.55,50.5879,35.9035,8.87378,1.29951,0.259901,0.0371288,0.0371288,0.0185644,0.0371288,0.0185644
57923,57940,57932,3.2,-105.197,39.9477,698.425,15.6094,319.945,514.598,143.559,8777.87,0.183434,0.0590539,70.5374,77.5661,84.7825,85.3665,100.112,50.7652,35.8527,8.25926,1.10541,0.145997,0,0.0834268,0.0208567,0,0
57941,57958,57950,3.3,-105.196,39.9472,690.51,14.7356,320.014,514.139,145.659,9160.18,0.188663,0.0608743,70.1996,77.2532,83.3188,83.141,102.464,50.5801,36.8681,8.87127,1.06692,0.237094,0.0395157,0.0592735,0,0,0.0395157
57959,57978,57968,3.4,-105.196,39.9468,682.452,13.8445,320.097,510.429,144.187,8959.71,0.186418,0.0602475,69.8785,77.1747,83.8255,81.1903,101.573,50.0874,36.463,8.51521,1.36243,0.197194,0.0896338,0.0358535,0.0179268,0.0179268,0
57979,57997,57988,3.5,-105.195,39.9462,674.379,12.9168,320.152,508.155,143.717,9016.4,0.188212,0.0599588,68.2215,76.8792,83.7788,83.1739,99.9221,50.0745,36.0672,8.27958,1.34212,0.245741,0.0567095,0.0567095,0.0189032,0.0189032,0.0189032
57998,58015,58006,3.6,-105.195,39.9457,666.684,12.02,320.194,498.328,140.817,8701.85,0.185386,0.0587987,65.622,75.934,83.3538,80.5415,98.4728,48.6081,35.3641,8.83603,1.33637,0.119675,0.0398918,0.0797835,0.0199459,0,0
58016,58031,58024,3.7,-105.194,39.9453,658.835,11.052,320.185,503.531,142.825,8898.28,0.186906,0.0595408,67.9669,74.6195,81.0079,83.3615,100.389,51.1553,35.0162,8.2617,1.29689,0.288199,0.0720497,0.0480331,0.0240166,0.0240166,0
58032,58047,58040,3.8,-105.194,39.9449,651.134,10.1113,320.205,493.893,140.235,8809.73,0.188464,0.0591033,70.0279,74.837,78.512,77.8314,98.5653,47.8648,36.0915,8.39336,1.20229,0.362956,0.0680543,0.090739,0.0226848,0.0226848,0
58048,58064,58056,3.9,-105.194,39.9446,643.446,9.21294,320.274,487.754,139.05,8786.45,0.189567,0.0582564,67.2933,71.1539,79.4296,77.8299,98.3272,48.7797,35.2144,8.0624,1.34373,0.0853164,0.0853164,0.0853164,0.0213291,0.0213291,0.0213291
58065,58081,58073,4,-105.193,39.9442,635.786,8.32563,320.358,480.93,137.196,8456.68,0.184919,0.0575228,65.6319,69.2693,76.5668,77.1579,98.2547,49.7184,34.7597,8.0477,1.31855,0.136402,0.0227336,0.0227336,0.0227336,0,0
58082,58098,58090,4.1,-105.193,39.9438,628.116,7.36,320.368,475.868,135.682,8382.72,0.185347,0.0571602,66.9557,67.07,76.7396,76.4424,95.5301,49.2166,33.6264,8.75521,1.303,0.160017,0.0685787,0,0,0,0
58099,58113,58106,4.2,-105.193,39.9436,620.615,6.40933,320.385,462.847,133.952,8416.67,0.188501,0.0574029,64.7962,67.2921,70.6934,74.266,92.3737,47.7162,35.5302,8.56445,1.37031,0.146819,0.0244698,0.0244698,0.0244698,0.0244698,0
58115,58131,58123,4.3,-105.193,39.9435,612.687,5.51176,320.528,451.806,132.516,8525.21,0.193,0.0574504,62.749,65.4612,70.5384,69.6922,89.3501,49.1664,33.9999,8.96104,1.58391,0.108487,0.0433949,0.0867898,0.0216974,0.0216974,0.0216974
58132,58149,58140,4.4,-105.192,39.9433,605.106,4.59889,320.613,446.677,128.719,7990.16,0.186223,0.0548833,62.7333,64.1105,70.647,68.6737,89.7013,47.7283,33.4633,8.20138,1.23329,0.143884,0,0.0205548,0.0205548,0,0
58150,58166,58158,4.5,-105.192,39.9432,597.974,3.74118,320.715,438.169,127.013,8030.57,0.18968,0.0548642,62.7384,64.1085,67.5227,67.6096,88.7472,43.3189,33.533,8.91603,1.45701,0.0869857,0.0434929,0.0434929,0.0217464,0.0217464,0
58167,58185,58176,4.6,-105.192,39.9429,590.568,2.88947,320.866,437.267,127.674,8110.98,0.190587,0.0548904,60.9922,63.0488,66.5743,69.003,87.8452,46.557,33.5516,8.0892,1.19477,0.195864,0.0979322,0.0587593,0.0391729,0.0195864,0
58186,58202,58194,4.7,-105.191,39.9426,583.522,2.04529,320.98,420.338,122.291,7651.33,0.187699,0.0530128,60.9049,59.3511,65.5007,63.3998,84.0808,44.4477,33.0239,8.1192,1.26931,0.218846,0,0.0218846,0,0,0
58203,58221,58212,4.8,-105.19,39.9423,576.169,1.18579,321.144,416.197,124.795,8086.62,0.194397,0.0553704,56.9369,59.2821,61.726,65.4705,83.2276,44.5602,33.6812,9.55846,1.41899,0.157665,0.0788326,0.0394163,0.0394163,0,0.0197082
58222,58239,58230,4.9,-105.189,39.9421,568.873,0.28,321.251,408.506,123.497,7997.25,0.194271,0.0554696,58.1764,57.8223,58.4264,60.9884,83.5466,44.4499,33.7644,9.24824,1.54137,0.374929,0.0624881,0.0624881,0.0416587,0,0
58240,58256,58248,5,-105.189,39.9418,561.793,-0.602941,321.358,387.009,117.023,7652.85,0.196188,0.0526388,54.5881,54.4339,57.1225,59.745,76.4278,40.616,33.5859,8.57278,1.58674,0.132228,0.11019,0.044076,0,0.044076,0
58257,58273,58265,5.1,-105.188,39.9417,554.816,-1.43706,321.519,395.875,121.792,7949.12,0.195804,0.0552632,53.1818,53.7132,57.6763,60.5989,80.9683,44.4141,34.008,9.14408,1.79339,0.221406,0.0885625,0.0221406,0.0221406,0.0221406,0
58274,58291,58282,5.2,-105.187,39.9416,548.119,-2.20278,321.735,370.485,112.127,7305.92,0.195473,0.0500572,52.2632,49.7215,55.1201,56.0233,76.1052,40.2057,31.2991,8.12937,1.28137,0.168049,0.0630184,0.0630184,0.0210061,0,0.0210061
58292,58310,58301,5.3,-105.185,39.9415,541.227,-2.76895,322.224,333.08,102.047,6598.13,0.193973,0.0463253,47.3811,43.6001,49.5302,48.9134,67.5593,37.1726,29.5311,7.93996,1.15418,0.198997,0.0397993,0.059699,0,0,0
58311,58328,58320,5.4,-105.184,39.9414,534.291,-3.26333,322.82,332.023,105.854,7160.71,0.202942,0.0495898,43.4137,44.6788,46.218,49.3596,67.1974,38.1847,32.7658,8.70804,1.15967,0.253018,0.0210848,0,0,0.0210848,0.0421697
58329,58347,58338,5.5,-105.182,39.9412,527.646,-3.79211,323.339,304.922,97.0264,6528.17,0.201847,0.0456915,41.7882,41.2889,43.0067,44.4649,60.3053,34.1577,29.5035,8.84904,1.29839,0.0599258,0.0998763,0.0399505,0.0199753,0.0399505,0
58348,58367,58358,5.6,-105.18,39.9412,520.889,-4.33105,323.88,253.48,79.006,5259.11,0.199698,0.0369167,35.9106,35.5297,36.4319,35.9708,50.4874,27.4292,23.3188,6.8974,1.36344,0.0802024,0.0200506,0.0200506,0,0,0.0200506
58368,58385,58376,5.7,-105.179,39.9413,514.333,-4.88333,324.394,237.432,75.0974,4964.3,0.198314,0.0357802,33.0931,32.3732,33.7071,35.1469,45.9238,26.4872,21.7868,7.2411,1.43975,0.232901,0,0,0,0,0
58386,58403,58394,5.8,-105.178,39.9417,507.965,-5.45389,324.859,251.645,102.759,7975.01,0.232826,0.0586513,27.4813,25.5154,28.9611,34.5208,50.6714,29.7433,33.95,15.7278,3.61485,0.930138,0.338232,0.147976,0.042279,0,0
58404,58421,58412,5.9,-105.177,39.942,501.562,-6.23765,325.081,277.63,127.02,10411.7,0.245908,0.0772008,25.627,23.753,28.3139,34.2521,58.3438,36.352,39.9872,22.9175,5.84792,1.44505,0.519314,0.225789,0.0225789,0.0225789,0
58422,58439,58430,6,-105.176,39.9426,495.363,-7.08111,325.205,286.382,134.542,10970.4,0.244615,0.0825659,23.162,22.0753,27.9776,37.9073,58.8319,37.3959,45.77,25.442,5.75321,1.32111,0.426164,0.23439,0.0852327,0,0
58440,58459,58450,6.1,-105.175,39.9433,488.664,-7.92,325.441,291.924,141.616,11714,0.248149,0.0889644,22.4073,22.9355,27.0187,37.1152,59.2787,38.9029,47.1508,27.872,6.58201,1.95023,0.528186,0.182834,0,0,0
58460,58477,58468,6.2,-105.175,39.9439,482.479,-8.84389,325.495,292.668,140.764,11536.8,0.245875,0.0886526,23.2527,22.6692,30.0599,35.7434,57.9372,38.0557,46.9808,29.1739,6.52631,1.72882,0.410596,0.129662,0,0,0
58478,58495,58486,6.3,-105.174,39.9445,476.307,-9.72167,325.612,271.124,121.291,9769.78,0.241644,0.0737042,24.1724,25.8574,30.7826,35.4486,52.6868,32.4675,39.3369,23.3516,4.96842,1.51213,0.345629,0.194416,0,0,0
58496,58511,58504,6.4,-105.173,39.9453,470.048,-10.5306,325.839,214.2,75.0019,5432.81,0.217307,0.0397308,27.7421,29.0644,30.9987,31.9537,36.459,21.3269,23.1389,10.7002,2.05679,0.563168,0.171399,0.0244856,0,0,0
58512,58531,58522,6.5,-105.172,39.9462,464.029,-11.0185,326.431,114.568,34.5736,2366.16,0.205316,0.0165647,18.3066,17.8572,20.1627,16.3333,17.6814,9.47567,9.78827,3.92703,0.742424,0.195375,0.0390749,0.0390749,0.0195375,0,0
58532,58549,58540,6.6,-105.171,39.9471,457.903,-11.6039,326.938,81.3244,24.235,1688.9,0.209066,0.0117062,14.6406,13.1029,13.6443,11.5002,11.9983,6.28071,6.25905,2.94544,0.758017,0.0866305,0.0866305,0,0.0216576,0,0
58550,58567,58558,6.7,-105.17,39.9481,452.076,-12.405,327.137,78.3024,21.2648,1365.15,0.192594,0.00950734,15.4038,12.9017,13.6632,11.8792,9.89931,6.17891,5.59148,2.39324,0.326351,0.0435134,0,0.0217567,0,0,0
58568,58585,58576,6.8,-105.169,39.9492,446.243,-13.2272,327.32,55.7919,15.1793,1037.9,0.205129,0.00678493,11.4796,9.2661,9.61331,8.18108,7.42156,3.94949,4.07969,1.49733,0.151903,0.108502,0,0.0217005,0,0.0217005,0
58586,58602,58594,6.9,-105.168,39.9499,440.405,-14.0118,327.559,43.4176,11.2509,754.629,0.201218,0.00493888,10.4769,8.13063,6.92265,5.59852,4.9713,3.04318,2.85734,1.11506,0.209073,0.0232304,0.0232304,0.0232304,0.0232304,0,0
58603,58619,58611,7,-105.167,39.9509,434.939,-14.818,327.705,37.5681,9.52132,632.543,0.199303,0.00436554,10.2602,7.15583,5.39318,4.76179,4.20931,1.89419,2.28881,1.2891,0.236774,0.0526164,0.0263082,0,0,0,0
58620,58638,58629,7.1,-105.166,39.9519,429.006,-15.6611,327.917,25.0236,4.8753,281.122,0.172987,0.00181823,9.86845,4.97828,3.08389,2.33495,2.02656,1.38775,0.837056,0.374473,0.110139,0.0220278,0,0,0,0,0
58639,58653,58646,7.2,-105.166,39.9528,423.467,-16.5407,328.02,31.4371,7.0076,424.385,0.181682,0.00289729,11.4943,5.53525,3.70782,2.54251,3.52243,2.22469,1.64204,0.662111,0.0794534,0.0264845,0,0,0,0,0
58654,58672,58663,7.3,-105.165,39.9538,417.876,-17.3711,328.202,39.0044,8.81682,531.511,0.180851,0.00351744,14.0097,6.51123,3.86473,3.78072,5.01995,2.75152,2.56248,0.378072,0.10502,0,0.021004,0,0,0,0
58673,58690,58682,7.4,-105.164,39.955,412.332,-17.915,328.754,34.3911,6.20502,360.064,0.174083,0.00215209,14.7581,7.61278,3.67283,2.62663,2.67115,1.40235,1.0462,0.489711,0.0667787,0.0222596,0,0,0.0222596,0,0
58691,58709,58700,7.5,-105.163,39.9561,406.749,-18.4847,329.297,38.0568,6.89136,395.074,0.171987,0.00234689,14.9991,8.60708,4.91532,3.41752,3.14327,1.16027,1.20246,0.421916,0.147671,0.0210958,0,0,0.0210958,0,0
58710,58729,58720,7.6,-105.162,39.9568,401.423,-19.1285,329.703,49.9762,11.2016,675.053,0.180792,0.00442101,16.0838,9.32542,6.35733,5.15405,6.25706,3.14858,2.72743,0.782132,0.060164,0.060164,0.0200547,0,0,0,0
58730,58749,58740,7.7,-105.162,39.9577,395.83,-19.974,329.934,73.719,18.4395,1154.21,0.187783,0.00753003,18.3032,12.7353,10.3462,9.33382,11.3383,5.72987,4.47456,1.13383,0.182222,0.0809876,0.0202469,0.0404938,0,0,0
58750,58769,58760,7.8,-105.161,39.9589,390.635,-20.5145,330.472,65.6161,16.7279,1122.21,0.201258,0.00696855,15.6926,11.7845,10.2012,7.99659,9.49971,4.97031,4.02836,1.02212,0.300624,0.0200416,0.0400832,0.0200416,0.0200416,0.0200416,0
58770,58786,58778,7.9,-105.16,39.9598,385.592,-20.9482,331.128,82.9761,22.612,1421.41,0.188583,0.00953837,15.5358,12.9584,12.5564,12.3199,14.4008,7.30681,6.21907,1.4188,0.118233,0.0945866,0.0236466,0.0236466,0,0,0
58787,58805,58796,8,-105.159,39.9607,380.473,-21.8489,331.205,85.6376,22.9667,1405.22,0.183555,0.00953484,16.386,12.9341,12.2096,13.3602,15.8107,7.41525,5.88106,1.2998,0.255698,0.0852327,0,0,0,0,0
58806,58822,58814,8.1,-105.158,39.9614,375.619,-22.7071,331.293,80.2965,22.6381,1415.16,0.187537,0.00979112,13.6923,12.1921,11.8111,11.6206,15.1687,7.81057,6.33418,1.26207,0.333378,0.0714381,0,0,0,0,0
58823,58844,58834,8.2,-105.156,39.9623,370.031,-23.5832,331.552,77.2961,21.4571,1374.28,0.192144,0.00921752,13.886,11.9471,11.7071,11.6701,14.1076,6.46288,5.68734,1.3849,0.313912,0.0738615,0.0369308,0,0.0184654,0,0
58845,58861,58853,8.3,-105.155,39.9632,365.358,-24.5029,331.529,69.9771,19.4103,1250.5,0.193273,0.00828886,13.0742,10.9392,10.1235,10.2435,12.7864,6.09331,4.91783,1.55931,0.119947,0.0479788,0.0239894,0.0239894,0.0239894,0,0
58862,58880,58871,8.4,-105.153,39.9639,359.99,-25.5489,331.53,70.524,19.647,1311.66,0.200285,0.00821367,12.0676,10.2293,11.4837,10.4456,13.1705,6.63933,5.25524,1.01644,0.173012,0,0,0.0216265,0,0,0.0216265
58881,58898,58890,8.5,-105.152,39.9647,354.927,-26.4356,331.685,69.7061,21.3025,1479.76,0.208393,0.0100017,11.9843,9.94492,9.55537,11.1594,12.6488,6.20985,5.15578,2.42894,0.412462,0.0687437,0.114573,0.0229146,0,0,0
58899,58917,58908,8.6,-105.151,39.9653,350.023,-26.8989,332.386,99.0526,36.5452,2749.01,0.225666,0.0200401,13.714,12.2191,13.519,14.7106,15.2955,10.7025,11.4391,6.06621,1.01826,0.17332,0.151655,0.0433301,0,0,0
58918,58937,58928,8.7,-105.15,39.9662,345.219,-27.2655,333.201,92.3531,35.3402,2694.17,0.228706,0.0205273,13.2227,10.9365,12.543,13.2845,14.1907,8.79455,10.7306,6.73494,1.50352,0.37073,0.0411923,0,0,0,0
58938,58949,58944,8.8,-105.149,39.9669,340.917,-27.2983,334.349,66.5992,23.8956,1793.76,0.225199,0.013333,12.0559,8.03724,8.99896,8.41506,10.0637,6.56031,7.17856,4.2247,0.789985,0.206083,0.0343472,0.0343472,0,0,0
58955,58970,58962,8.9,-105.148,39.9675,335.596,-28.2325,334.578,17.6713,3.68493,219.598,0.17878,0.00151352,6.92838,3.47717,2.07592,1.3753,1.60884,0.726572,0.986062,0.467082,0.025949,0,0,0,0,0,0
