api/src/app/data/B2SAP/Locations/Boulder/NOAA-POPS-B2SAP_GMLBalloon_20240529_R0.ict
82,1001
Thornberry, T. D.
NOAA Chemical Sciences Laboratory
Portable Optical Particle Spectrometer (POPS)
Balloon Baseline Stratospheric Aerosol Profiles (B2SAP)
1,1
2024,05,29,2024,05,30
0
TIME_START,s,Seconds since midnight UTC on flight start day,Start time of 100 m altitude bin in UTC_seconds_since_midnight
49
1.0,1.0,1.0,1.0,1.0,1.0,1.0,1.0,1.0,1.0,1.0,1.0,1.0,1.0,1.0,1.0,1.0,1.0,1.0,1.0,1.0,1.0,1.0,1.0,1.0,1.0,1.0,1.0,1.0,1.0,1.0,1.0,1.0,1.0,1.0,1.0,1.0,1.0,1.0,1.0,1.0,1.0,1.0,1.0,1.0,1.0,1.0,1.0,1.0
99999,99999,99999,99999,99999,99999,99999,99999,99999,99999,99999,99999,99999,99999,99999,99999,99999,99999,99999,99999,99999,99999,99999,99999,99999,99999,99999,99999,99999,99999,99999,99999,99999,99999,99999,99999,99999,99999,99999,99999,99999,99999,99999,99999,99999,99999,99999,99999,99999
TIME_STOP,s,End time of 100 m altitude bin in UTC seconds since midnight,
TIME_MID,s,Mid time of 100 m altitude in UTC seconds since midnight,
GPSAlt,km,GPS reported altitude above sea level (km),
GPS_Lon,deg,GPS reported longitude,
GPS_Lat,deg,GPS reported latitude,
iMet_Pressure,hPa,Pressure reported (hPa),
iMet_Temperature,degrees C,Ambient temperature (oC),
THETA,K,Potential temperature from iMet,
Aerosol_concentration,cm^-3,Aerosol concentration,
Surface_Area_Conc,um^2 cm^-3,Surface area concentration,
Volume_density,um^3 cm^-3,Volume density,
Effective_radius,um,Effective radius,
Extinction,km^-1,Extinction,
Bin01,cm^-3,particle concentration in size range [140 - 146.14 nm],
Bin02,cm^-3,particle concentration in size range [146.14 - 152.56 nm],
Bin03,cm^-3,particle concentration in size range [152.56 - 159.25 nm],
Bin04,cm^-3,particle concentration in size range [159.25 - 166.24 nm],
Bin05,cm^-3,particle concentration in size range [166.24 - 173.54 nm],
Bin06,cm^-3,particle concentration in size range [173.54 - 181.16 nm],
Bin07,cm^-3,particle concentration in size range [181.16 - 189.11 nm],
Bin08,cm^-3,particle concentration in size range [189.11 - 197.41 nm],
Bin09,cm^-3,particle concentration in size range [197.41 - 206.07 nm],
Bin10,cm^-3,particle concentration in size range [206.07 - 215.12 nm],
Bin11,cm^-3,particle concentration in size range [215.12 - 224.56 nm],
Bin12,cm^-3,particle concentration in size range [224.56 - 234.41 nm],
Bin13,cm^-3,particle concentration in size range [234.41 - 244.70 nm],
Bin14,cm^-3,particle concentration in size range [244.70 - 361.30 nm],
Bin15,cm^-3,particle concentration in size range [361.30 - 472.80 nm],
Bin16,cm^-3,particle concentration in size range [472.80 - 567.00 nm],
Bin17,cm^-3,particle concentration in size range [567.00 - 610.66 nm],
Bin18,cm^-3,particle concentration in size range [610.66 - 657.69 nm],
Bin19,cm^-3,particle concentration in size range [657.69 - 708.33 nm],
Bin20,cm^-3,particle concentration in size range [708.33 - 762.88 nm],
Bin21,cm^-3,particle concentration in size range [762.88 - 821.62 nm],
Bin22,cm^-3,particle concentration in size range [821.62 - 884.89 nm],
Bin23,cm^-3,particle concentration in size range [884.89 - 953.03 nm],
Bin24,cm^-3,particle concentration in size range [953.03 - 1026.42 nm],
Bin25,cm^-3,particle concentration in size range [1026.42 - 1105.46 nm],
Bin26,cm^-3,particle concentration in size range [1105.46 - 1190.59 nm]],
[...]
LOCATION: Boulder, CO, USA
ASSOCIATED_DATA: N/A
INSTRUMENT_INFO: Printed Optical Particle Spectrometer counts particles from 140 - 2500 nm in diameter 
DATA_INFO: Particle concentrations reported in number per cubic centimeter, binned to 100 m altitude
UNCERTAINTY: Counting uncertainty dominated by air flow, less than 5 percent
ULOD_FLAG: -77777
ULOD_VALUE: 3000 ~3000 per cm3 (varies depending on flow rate- manufacturer quotes 1250  per cm3 at 1.667 cc/s)
LLOD_FLAG: -88888
LLOD_VALUE: 0 0 (varies depending on data field and measurement precision)
DM_CONTACT_INFO: Troy Thornberry, 325 Broadway R/CSL6, Boulder, CO 80305; troy.thornberry@noaa.gov; 303-497-3373
PROJECT_INFO: B2SAP Boulder, CO, USA
STIPULATIONS_ON_USE: Please contact the PIs for questions regarding applications and uncertainties
OTHER_COMMENTS: POPS bin Edges (nm):  140, 146.14, 152.56, 159.25, 166.24, 173.54, 181.16, 189.11, 197.41, 206.07, 215.12, 224.56, 234.41, 244.70, 361.30, 472.80, 567.00, 610.66, 657.69, 708.33, 762.88, 821.62, 884.89, 953.03, 1026.42, 1105.46, 1190.59, 1282.27, 1381.01, 1487.36, 1601.89, 1725.25, 1858.10, 2001.18, 2155.28, 2321.25, 2500
Calculations assume sulfate refractive index of 1.45+0.00j and extinction wavelength = 532 nm
REVISION: R0
R0: QA/QC data
TIME_START,TIME_STOP,TIME_MID,GPSAlt,GPS_Lon,GPS_Lat,iMet_Pressure,iMet_Temperature,THETA,Aerosol_concentration,Surface_Area_Conc,Volume_density,Effective_radius,Extinction,Bin01,Bin02,Bin03,Bin04,Bin05,Bin06,Bin07,Bin08,Bin09,Bin10,Bin11,Bin12,Bin13,Bin14,Bin15,Bin16,Bin17,Bin18,Bin19,Bin20,Bin21,Bin22,Bin23,Bin24,Bin25,Bin26,Bin27,Bin28,Bin29,Bin30,Bin31,Bin32,Bin33,Bin34,Bin35,Bin36
[from data line 230]
62844,62867,62856,24.7,-104.566,40.0304,28.9154,-51.5242,609.956,1.48474,0.284153,15.8777,0.167632,0.000102077,0.235206,0.117603,0.102902,0.132303,0.0588014,0.0735018,0.0882021,0.0882021,0.0441011,0.0147004,0.102902,0.0294007,0.0588014,0.147004,0.132303,0.0441011,0,0.0147004,0,0,0,0,0,0,0,0,0,0,0,0,0,0,0,0,0,0
62868,62890,62879,24.8,-104.567,40.0307,28.4917,-51.3487,613.018,1.47493,0.363595,23.7505,0.195964,0.000171381,0.124205,0.217359,0.124205,0.0776281,0.0776281,0.0776281,0.0310512,0.0621025,0,0.0310512,0.0776281,0.0465769,0.0776281,0.170782,0.139731,0.0931537,0.0310512,0,0.0155256,0,0,0,0,0,0,0,0,0,0,0,0,0,0,0,0,0
62891,62913,62902,24.9,-104.568,40.0307,28.0683,-51.3296,615.7,1.45561,0.438987,35.254,0.240923,0.000259576,0.156517,0.140865,0.125213,0.0626067,0.0626067,0.0626067,0.0626067,0.109562,0.0313033,0.09391,0.0156517,0.0313033,0.046955,0.140865,0.125213,0.0782584,0.0313033,0.0156517,0.046955,0,0,0,0.0156517,0,0,0,0,0,0,0,0,0,0,0,0,0
62914,62937,62926,25,-104.569,40.0308,27.6717,-50.7575,619.804,1.07488,0.262026,19.3377,0.221402,0.000134126,0.179146,0.0746444,0.0895732,0.0746444,0.0447866,0.0597155,0.0597155,0.0149289,0.0597155,0.0149289,0.0298577,0.0597155,0,0.179146,0.0447866,0.0447866,0.0149289,0,0,0.0149289,0,0.0149289,0,0,0,0,0,0,0,0,0,0,0,0,0,0
62938,62961,62950,25.1,-104.57,40.0315,27.2438,-50.3992,623.574,1.37221,0.385881,29.2427,0.227345,0.000225583,0.228701,0.0914805,0.121974,0.0914805,0.0304935,0.0457402,0.0457402,0.0762337,0.0762337,0.0304935,0.0152467,0.0457402,0.0304935,0.213454,0.0457402,0.060987,0.0457402,0.0304935,0.0304935,0.0152467,0,0,0,0,0,0,0,0,0,0,0,0,0,0,0,0
62962,62985,62974,25.2,-104.571,40.032,26.8621,-50.1079,626.91,1.14217,0.171554,9.12445,0.159561,5.69659e-05,0.213206,0.167519,0.167519,0.0609159,0.0304579,0.121832,0.0304579,0.015229,0.0609159,0.0456869,0.015229,0.015229,0.0304579,0.121832,0,0.015229,0.015229,0.015229,0,0,0,0,0,0,0,0,0,0,0,0,0,0,0,0,0,0
62986,63009,62998,25.3,-104.572,40.0319,26.455,-50.2083,629.365,1.27736,0.316115,22.5276,0.213792,0.000159586,0.169289,0.107729,0.138509,0.0769494,0.107729,0.0461696,0.0153899,0.0769494,0.0615595,0.0461696,0.0153899,0.0153899,0,0.200068,0.0769494,0.0769494,0.0153899,0.0153899,0,0,0,0.0153899,0,0,0,0,0,0,0,0,0,0,0,0,0,0
63010,63034,63022,25.4,-104.573,40.0311,26.0636,-50.5136,631.19,1.12692,0.245968,14.8101,0.180634,0.000100272,0.103795,0.133451,0.148279,0.0889671,0.0148279,0.0296557,0.0444836,0.0148279,0.0444836,0.0889671,0.0296557,0.0148279,0.0296557,0.163106,0.133451,0.0148279,0,0.0296557,0,0,0,0,0,0,0,0,0,0,0,0,0,0,0,0,0,0
63035,63061,63048,25.5,-104.575,40.0303,25.693,-50.3367,634.282,1.08019,0.211182,11.9599,0.169899,7.91609e-05,0.110789,0.0969404,0.0969404,0.0553945,0.0830918,0.0553945,0.0830918,0.0415459,0.0969404,0.0415459,0.0276973,0.0415459,0.0276973,0.0692432,0.0830918,0.0692432,0,0,0,0,0,0,0,0,0,0,0,0,0,0,0,0,0,0,0,0
63062,63090,63076,25.6,-104.577,40.0302,25.3145,-50.2193,637.312,1.18801,0.196624,9.92787,0.151475,5.73331e-05,0.169716,0.130551,0.130551,0.0522202,0.130551,0.0913854,0.0652753,0.0522202,0.0261101,0,0.0130551,0.0130551,0.0391652,0.182771,0.0652753,0.0130551,0.0130551,0,0,0,0,0,0,0,0,0,0,0,0,0,0,0,0,0,0,0
63091,63119,63105,25.7,-104.579,40.0307,24.9396,-49.5332,642.003,1.30039,0.356542,24.8646,0.209214,0.000185117,0.135457,0.0541829,0.0406372,0.09482,0.09482,0.09482,0.108366,0.0406372,0.0677286,0.0406372,0.0270914,0.0270914,0.0270914,0.162549,0.162549,0.0541829,0.0135457,0.0406372,0,0.0135457,0,0,0,0,0,0,0,0,0,0,0,0,0,0,0,0
63120,63145,63132,25.8,-104.581,40.0311,24.5869,-49.4923,644.742,1.12791,0.280049,18.3854,0.196952,0.00013272,0.161131,0.0732412,0.0732412,0.0732412,0.0292965,0.0732412,0.0292965,0.0732412,0.0439447,0,0.0146482,0.058593,0.0439447,0.205075,0.058593,0.0878895,0,0.0146482,0.0146482,0,0,0,0,0,0,0,0,0,0,0,0,0,0,0,0,0
63146,63170,63158,25.9,-104.583,40.0315,24.2152,-49.1108,648.656,1.30765,0.215945,9.89041,0.137402,4.89691e-05,0.124538,0.0934035,0.140105,0.0311345,0.0467018,0.0778363,0.062269,0.0934035,0.108971,0.0467018,0.0778363,0.0778363,0.0155673,0.249076,0.0467018,0.0155673,0,0,0,0,0,0,0,0,0,0,0,0,0,0,0,0,0,0,0,0
63171,63193,63182,26,-104.586,40.0323,23.8661,-48.88,652.023,1.31524,0.246394,12.8244,0.156145,7.50977e-05,0.101172,0.134897,0.151759,0.0337242,0.0843104,0.0674483,0.0168621,0.0843104,0.0843104,0.0337242,0.0505862,0.0843104,0.0337242,0.236069,0.0843104,0.0168621,0.0168621,0,0,0,0,0,0,0,0,0,0,0,0,0,0,0,0,0,0,0
63194,63216,63205,26.1,-104.588,40.0335,23.5252,-49.0591,654.186,0.88443,0.190897,10.6411,0.167227,6.74509e-05,0.0510248,0.0170083,0.136066,0.119058,0.0340165,0.0510248,0.0340165,0.0510248,0.0340165,0,0.0170083,0.0170083,0,0.187091,0.10205,0.0340165,0,0,0,0,0,0,0,0,0,0,0,0,0,0,0,0,0,0,0,0
63217,63236,63226,26.2,-104.59,40.0348,23.1915,-49.257,656.283,1.02858,0.197848,10.5483,0.159946,6.43783e-05,0.059341,0.0989017,0.118682,0.0989017,0.0395607,0.0791213,0.0395607,0.0989017,0.059341,0.059341,0,0,0,0.118682,0.138462,0.0197803,0,0,0,0,0,0,0,0,0,0,0,0,0,0,0,0,0,0,0,0
63238,63259,63248,26.3,-104.592,40.0359,22.8564,-49.4232,658.53,1.17479,0.188479,9.19887,0.146418,5.16977e-05,0.146849,0.0917804,0.110137,0.110137,0.0734244,0.0917804,0.110137,0.0550683,0.0734244,0,0.0183561,0,0.0550683,0.165205,0.0367122,0.0367122,0,0,0,0,0,0,0,0,0,0,0,0,0,0,0,0,0,0,0,0
63260,63281,63270,26.4,-104.594,40.0369,22.5162,-48.9467,662.764,1.24731,0.259748,14.3215,0.165408,8.90152e-05,0.191893,0.057568,0.0767573,0.0383786,0.0767573,0,0.115136,0.0767573,0,0.0959466,0,0.0191893,0.057568,0.326218,0.057568,0.0383786,0.0191893,0,0,0,0,0,0,0,0,0,0,0,0,0,0,0,0,0,0,0
63282,63304,63293,26.5,-104.595,40.038,22.1861,-48.063,668.192,0.923732,0.134827,5.72322,0.127346,2.54128e-05,0.104573,0.0348578,0.122002,0.0348578,0.0697157,0.0871446,0.122002,0.0871446,0,0.0174289,0.0348578,0,0.0174289,0.15686,0.0348578,0,0,0,0,0,0,0,0,0,0,0,0,0,0,0,0,0,0,0,0,0
63305,63328,63316,26.6,-104.597,40.0392,21.8771,-48.1258,670.687,1.12401,0.196573,9.38732,0.143265,4.90614e-05,0.0681218,0.187335,0.0851522,0.0170304,0.0851522,0.102183,0,0.0510913,0.0851522,0.0170304,0.0681218,0.0170304,0.0340609,0.204365,0.102183,0,0,0,0,0,0,0,0,0,0,0,0,0,0,0,0,0,0,0,0,0
63329,63354,63342,26.7,-104.599,40.0403,21.5485,-48.4254,672.693,1.01568,0.18545,9.64347,0.156001,5.66417e-05,0.11109,0.09522,0.04761,0.03174,0.09522,0.01587,0.11109,0.06348,0,0.06348,0.01587,0.06348,0.06348,0.1587,0.04761,0.01587,0.01587,0,0,0,0,0,0,0,0,0,0,0,0,0,0,0,0,0,0,0
63355,63381,63368,26.8,-104.602,40.0413,21.2489,-48.1693,676.164,0.918172,0.156187,7.5183,0.14441,4.03549e-05,0.10712,0.10712,0.0459086,0.0612115,0.0612115,0.0459086,0.0612115,0.0459086,0.0459086,0.0459086,0,0.0306057,0.0153029,0.183634,0.0459086,0.0153029,0,0,0,0,0,0,0,0,0,0,0,0,0,0,0,0,0,0,0,0
63382,63412,63397,26.9,-104.604,40.0429,20.9423,-46.8316,683.015,0.858645,0.126665,5.48812,0.129983,2.5244e-05,0.107331,0.134163,0.0939143,0.0268327,0.0670816,0,0.0536653,0.040249,0.040249,0.0268327,0.0536653,0.040249,0,0.134163,0.040249,0,0,0,0,0,0,0,0,0,0,0,0,0,0,0,0,0,0,0,0,0
63413,63443,63428,27,-104.606,40.0443,20.6467,-45.4267,690.052,0.855017,0.100586,4.02216,0.119962,1.74956e-05,0.196233,0.0981167,0.12615,0.0981167,0.04205,0.04205,0.0280333,0.0560667,0.0280333,0.0280333,0.0140167,0,0.0280333,0.0280333,0.04205,0,0,0,0,0,0,0,0,0,0,0,0,0,0,0,0,0,0,0,0,0
63444,63471,63458,27.1,-104.609,40.0451,20.3756,-44.5928,695.198,0.732699,0.132155,6.78855,0.154105,3.99936e-05,0.066609,0.0999134,0.0333045,0.0499567,0.0333045,0.0499567,0,0.066609,0,0.066609,0.0333045,0.0499567,0,0.133218,0.0166522,0.0333045,0,0,0,0,0,0,0,0,0,0,0,0,0,0,0,0,0,0,0,0
63472,63498,63485,27.2,-104.611,40.0458,20.0677,-44.5788,698.272,0.746022,0.127532,6.59041,0.155029,3.9776e-05,0.0810894,0.0973073,0.0324358,0.0324358,0.0810894,0.0324358,0.0486536,0.0973073,0.0162179,0.0486536,0,0.0162179,0.0162179,0.0810894,0.0324358,0.0324358,0,0,0,0,0,0,0,0,0,0,0,0,0,0,0,0,0,0,0,0
63499,63522,63510,27.3,-104.613,40.0463,19.7809,-44.9139,700.122,0.900764,0.156834,8.16764,0.156234,4.9397e-05,0.183829,0.0919147,0.0551488,0.0183829,0.128681,0.0551488,0.0367659,0.0183829,0.0367659,0.0183829,0,0,0.0183829,0.165447,0.0367659,0.0367659,0,0,0,0,0,0,0,0,0,0,0,0,0,0,0,0,0,0,0,0
63523,63547,63535,27.4,-104.614,40.0467,19.493,-45.6491,700.792,1.03612,0.197726,10.651,0.161603,6.62188e-05,0.150708,0.0753539,0.037677,0.131869,0.037677,0.0753539,0.037677,0.037677,0.0188385,0.037677,0.0188385,0.0565154,0.037677,0.188385,0.037677,0.0565154,0,0,0,0,0,0,0,0,0,0,0,0,0,0,0,0,0,0,0,0
63548,63571,63560,27.5,-104.615,40.0471,19.215,-45.8209,703.143,0.836145,0.121652,5.04672,0.124455,2.12595e-05,0.0398164,0.0398164,0.0995411,0.0796329,0.119449,0.119449,0,0.0199082,0.0398164,0.0597246,0,0.0199082,0.0199082,0.159266,0.0199082,0,0,0,0,0,0,0,0,0,0,0,0,0,0,0,0,0,0,0,0,0
63572,63594,63583,27.6,-104.617,40.0476,18.9126,-45.6142,706.983,1.03795,0.132135,5.1124,0.116072,1.93937e-05,0.161459,0.161459,0.0461312,0.0461312,0.0922623,0.0461312,0.0461312,0.0691967,0.0461312,0.0922623,0.0230656,0.0691967,0.0230656,0.0922623,0.0230656,0,0,0,0,0,0,0,0,0,0,0,0,0,0,0,0,0,0,0,0,0
63595,63617,63606,27.7,-104.618,40.0478,18.6755,-45.8505,708.799,0.770806,0.105851,4.3286,0.12268,1.81021e-05,0.154161,0.0440461,0.0660691,0.022023,0.0440461,0.0880921,0,0.110115,0.022023,0.0440461,0,0.022023,0.022023,0.110115,0.022023,0,0,0,0,0,0,0,0,0,0,0,0,0,0,0,0,0,0,0,0,0
63620,63643,63632,27.8,-104.62,40.0481,18.4141,-45.6455,712.3,0.867155,0.111903,4.21245,0.112932,1.44731e-05,0.0825862,0.185819,0.0619396,0.0206465,0.0412931,0.0412931,0.0619396,0.0825862,0.0206465,0,0.0412931,0.0206465,0.0825862,0.123879,0,0,0,0,0,0,0,0,0,0,0,0,0,0,0,0,0,0,0,0,0,0
63644,63667,63656,27.9,-104.623,40.0487,18.1486,-45.1259,716.893,0.906379,0.127813,5.24614,0.123136,2.18809e-05,0.0823981,0.102998,0.0205995,0.102998,0.144197,0.041199,0.041199,0.0617986,0.041199,0.041199,0.0205995,0.0205995,0,0.164796,0.0205995,0,0,0,0,0,0,0,0,0,0,0,0,0,0,0,0,0,0,0,0,0
63670,63694,63682,28,-104.625,40.0495,17.8843,-44.9622,720.421,0.808544,0.104255,4.07832,0.117357,1.58483e-05,0.0591618,0.118324,0.138044,0,0.098603,0.0591618,0.0394412,0,0.0394412,0.0591618,0.0394412,0.0591618,0,0.0788824,0.0197206,0,0,0,0,0,0,0,0,0,0,0,0,0,0,0,0,0,0,0,0,0
63695,63713,63704,28.1,-104.627,40.0504,17.6606,-44.2956,725.132,0.593582,0.0739971,2.7194,0.11025,9.05686e-06,0.0565316,0.0282658,0.0282658,0.113063,0.0282658,0.0565316,0.0565316,0.0565316,0.0282658,0.0565316,0,0,0,0.0847974,0,0,0,0,0,0,0,0,0,0,0,0,0,0,0,0,0,0,0,0,0,0
63723,63740,63732,28.2,-104.629,40.0516,17.4225,-43.39,730.823,0.90094,0.132652,5.36678,0.121373,2.09643e-05,0,0,0.337853,0,0,0.112618,0.112618,0,0,0,0,0.112618,0,0.225235,0,0,0,0,0,0,0,0,0,0,0,0,0,0,0,0,0,0,0,0,0,0
63755,63755,63755,28.3,-104.631,40.0532,17.22,-42.93,734.731,1.34871,0.232927,10.0808,0.129837,4.25267e-05,0.44957,0,0,0,0,0,0,0,0,0,0,0.44957,0,0.44957,0,0,0,0,0,0,0,0,0,0,0,0,0,0,0,0,0,0,0,0,0,0
64060,64060,64060,28.2,-104.652,40.0587,17.48,-41.17,737.193,0.449132,0.0314727,0.783409,0.074675,8.70357e-07,0,0.449132,0,0,0,0,0,0,0,0,0,0,0,0,0,0,0,0,0,0,0,0,0,0,0,0,0,0,0,0,0,0,0,0,0,0
64064,64077,64070,28.1,-104.653,40.0594,17.63,-40.3167,738.105,0.596648,0.153,8.67014,0.170003,5.43544e-05,0,0,0,0.149162,0,0,0.149162,0,0,0,0,0,0,0.149162,0.149162,0,0,0,0,0,0,0,0,0,0,0,0,0,0,0,0,0,0,0,0,0
64084,64095,64090,28,-104.654,40.0604,17.8833,-43.665,724.525,0.378346,0.0474477,1.82568,0.115433,6.81911e-06,0.0756692,0.0756692,0.0756692,0,0,0,0,0,0.0756692,0,0,0,0,0.0756692,0,0,0,0,0,0,0,0,0,0,0,0,0,0,0,0,0,0,0,0,0,0
64098,64113,64106,27.9,-104.656,40.061,18.115,-41.228,729.542,0.988338,0.116411,4.61925,0.119041,1.97883e-05,0.269547,0,0.0898489,0.134773,0.134773,0.134773,0,0.0898489,0,0,0,0.0449244,0,0.0449244,0.0449244,0,0,0,0,0,0,0,0,0,0,0,0,0,0,0,0,0,0,0,0,0
64114,64129,64122,27.8,-104.657,40.0616,18.3825,-40.8575,727.652,0.898781,0.101093,3.52461,0.104595,1.05469e-05,0.149797,0.112348,0.149797,0.0374492,0.149797,0,0,0,0.0374492,0.0748984,0.0374492,0.0374492,0.0374492,0.0748984,0,0,0,0,0,0,0,0,0,0,0,0,0,0,0,0,0,0,0,0,0,0
64132,64144,64138,27.7,-104.659,40.062,18.6589,-42.6533,718.952,0.907037,0.109742,4.38988,0.120006,1.89325e-05,0.201564,0,0.0503909,0.100782,0.151173,0.100782,0.0503909,0.100782,0,0.0503909,0,0,0.0503909,0,0.0503909,0,0,0,0,0,0,0,0,0,0,0,0,0,0,0,0,0,0,0,0,0
64145,64158,64152,27.6,-104.66,40.0622,18.9267,-42.1289,717.651,0.636524,0.0711931,2.47277,0.1042,7.31912e-06,0.14689,0.0489634,0.0489634,0.0489634,0.0979268,0.0489634,0,0.0489634,0,0,0,0.0489634,0.0489634,0.0489634,0,0,0,0,0,0,0,0,0,0,0,0,0,0,0,0,0,0,0,0,0,0
64160,64174,64167,27.5,-104.661,40.0624,19.199,-42.186,714.562,0.700023,0.119393,5.20038,0.130671,2.25338e-05,0.0437514,0.131254,0,0.0437514,0.0875028,0.0437514,0,0,0,0,0,0,0.0875028,0.262508,0,0,0,0,0,0,0,0,0,0,0,0,0,0,0,0,0,0,0,0,0,0
64175,64188,64182,27.4,-104.662,40.0626,19.4678,-42.7722,709.917,0.633573,0.0904539,3.65277,0.121148,1.42476e-05,0.146209,0.0487364,0.0487364,0.0974728,0,0,0,0,0,0.0487364,0,0.0487364,0.0487364,0.146209,0,0,0,0,0,0,0,0,0,0,0,0,0,0,0,0,0,0,0,0,0,0
64191,64203,64197,27.3,-104.662,40.0628,19.7746,-41.4577,710.783,0.669265,0.137027,7.43066,0.162683,4.59736e-05,0.0334633,0.0334633,0.0669265,0.0669265,0.0334633,0.0334633,0.10039,0,0,0.0334633,0.0334633,0,0,0.167316,0.0334633,0.0334633,0,0,0,0,0,0,0,0,0,0,0,0,0,0,0,0,0,0,0,0
64204,64217,64210,27.2,-104.663,40.0629,20.0392,-42.1292,706.037,0.859377,0.133521,6.16379,0.138491,3.1483e-05,0.0661059,0.165265,0.0991589,0.0991589,0.0661059,0.0661059,0,0,0,0.033053,0.033053,0.033053,0,0.132212,0.0661059,0,0,0,0,0,0,0,0,0,0,0,0,0,0,0,0,0,0,0,0,0
64218,64231,64224,27.1,-104.664,40.0631,20.33,-41.79,704.168,0.989778,0.11409,3.99316,0.105,1.20283e-05,0.0942646,0.0942646,0.0471323,0.141397,0.141397,0.0942646,0.141397,0,0,0.0471323,0.0471323,0.0471323,0,0.0942646,0,0,0,0,0,0,0,0,0,0,0,0,0,0,0,0,0,0,0,0,0,0
64232,64246,64239,27,-104.666,40.0632,20.611,-41.748,701.547,0.969185,0.145066,6.66784,0.137892,3.42702e-05,0.210692,0.0842769,0.0421385,0.0842769,0.0842769,0.126415,0,0.0421385,0.0421385,0,0,0.0421385,0.0421385,0.0842769,0.0842769,0,0,0,0,0,0,0,0,0,0,0,0,0,0,0,0,0,0,0,0,0
64247,64260,64254,26.9,-104.667,40.0634,20.9056,-43.6067,693.096,1.10988,0.192663,9.01272,0.140339,4.56451e-05,0.0924899,0,0.0462449,0.0924899,0.0924899,0.0924899,0.18498,0,0.0462449,0.0924899,0.0462449,0,0.0462449,0.18498,0.0924899,0,0,0,0,0,0,0,0,0,0,0,0,0,0,0,0,0,0,0,0,0
64261,64274,64268,26.8,-104.668,40.0639,21.213,-44.014,688.983,1.07814,0.176264,8.60166,0.1464,4.76273e-05,0.124401,0.207334,0.0414668,0.124401,0.0829337,0.0829337,0.0829337,0.0414668,0,0,0,0.0414668,0,0.124401,0.124401,0,0,0,0,0,0,0,0,0,0,0,0,0,0,0,0,0,0,0,0,0
64276,64288,64282,26.7,-104.669,40.0645,21.5487,-45.3312,681.96,0.938709,0.126112,4.78705,0.113876,1.66729e-05,0.0521505,0.0521505,0,0.0521505,0.156451,0.104301,0.156451,0.104301,0.0521505,0,0,0,0.0521505,0.156451,0,0,0,0,0,0,0,0,0,0,0,0,0,0,0,0,0,0,0,0,0,0
64290,64301,64296,26.6,-104.67,40.0648,21.8675,-45.0712,679.879,0.833457,0.111726,4.09135,0.109858,1.24091e-05,0.052091,0.052091,0,0.104182,0.104182,0,0.052091,0,0.104182,0.052091,0,0.104182,0.156273,0.052091,0,0,0,0,0,0,0,0,0,0,0,0,0,0,0,0,0,0,0,0,0,0
64302,64311,64306,26.5,-104.671,40.0652,22.1643,-45.7943,675.114,1.16326,0.256479,13.9488,0.163157,8.52953e-05,0.0581629,0,0,0.116326,0.232652,0.0581629,0.0581629,0,0,0,0.116326,0,0.0581629,0.348977,0.0581629,0.0581629,0,0,0,0,0,0,0,0,0,0,0,0,0,0,0,0,0,0,0,0
64313,64322,64318,26.4,-104.672,40.0657,22.44,-45.9344,672.318,0.63312,0.104454,4.35763,0.125155,1.74326e-05,0,0,0,0.0452228,0.135669,0,0.135669,0.0452228,0,0,0,0,0.0904457,0.180891,0,0,0,0,0,0,0,0,0,0,0,0,0,0,0,0,0,0,0,0,0,0
64324,64332,64328,26.3,-104.673,40.0662,22.8033,-47.6033,664.33,1.36212,0.212255,9.42094,0.133155,4.46467e-05,0.136212,0.0681061,0.136212,0.204318,0.0681061,0.0681061,0.136212,0.0681061,0.0681061,0,0,0.0681061,0,0.272425,0.0681061,0,0,0,0,0,0,0,0,0,0,0,0,0,0,0,0,0,0,0,0,0
