api/src/app/data/B2SAP/Locations/Boulder/NOAA-POPS-B2SAP_GMLBalloon_20220224_R0.ict
61,1001
Thornberry, T. D.
NOAA Chemical Sciences Laboratory
Portable Optical Particle Spectrometer (POPS)
Balloon Baseline Stratospheric Aerosol Profiles (B2SAP)
1,1
2022,02,24,2024,05,30
0
TIME_START,s,Seconds since midnight UTC on flight start day,Start time of 100 m altitude bin in UTC_seconds_since_midnight
28
1.0,1.0,1.0,1.0,1.0,1.0,1.0,1.0,1.0,1.0,1.0,1.0,1.0,1.0,1.0,1.0,1.0,1.0,1.0,1.0,1.0,1.0,1.0,1.0,1.0,1.0,1.0,1.0
99999,99999,99999,99999,99999,99999,99999,99999,99999,99999,99999,99999,99999,99999,99999,99999,99999,99999,99999,99999,99999,99999,99999,99999,99999,99999,99999,99999
TIME_STOP,s,End time of 100 m altitude bin in UTC seconds since midnight,
TIME_MID,s,Mid time of 100 m altitude in UTC seconds since midnight,
GPSAlt,m,GPS reported altitude above sea level (m),
GPS_Lon,deg,GPS reported longitude,
GPS_Lat,deg,GPS reported latitude,
iMet_Pressure,mb,Pressure reported (mB),
iMet_Temperature,degrees C,Ambient temperature (oC),
THETA,K,Potential temperature from iMet,
Aerosol_concentration,cm^-3,Aerosol concentration,
Surface_Area_Conc,um^2 cm^-3,Surface area concentration,
Volume_density,um^3 cm^-3,Volume density,
Effective_radius,um,Effective radius,
Extinction,km^-1,Extinction,
Bin01,cm^-3,particle concentration in size range [140 - 170 nm],
Bin02,cm^-3,particle concentration in size range [170 - 205 nm],
Bin03,cm^-3,particle concentration in size range [205 - 249 nm],
Bin04,cm^-3,particle concentration in size range [249 - 302 nm],
Bin05,cm^-3,particle concentration in size range [302 - 366 nm],
Bin06,cm^-3,particle concentration in size range [366 - 443 nm],
Bin07,cm^-3,particle concentration in size range [443 - 537 nm],
Bin08,cm^-3,particle concentration in size range [537 - 651 nm],
Bin09,cm^-3,particle concentration in size range [651 - 789 nm],
Bin10,cm^-3,particle concentration in size range [789 - 956 nm],
Bin11,cm^-3,particle concentration in size range [956 - 1159 nm],
Bin12,cm^-3,particle concentration in size range [1159 - 1404 nm],
Bin13,cm^-3,particle concentration in size range [1404 - 1702 nm],
Bin14,cm^-3,particle concentration in size range [1702 - 2062 nm],
Bin15,cm^-3,particle concentration in size range [2062 - 2500 nm],
0
19
PI_CONTACT_INFO: 325 Broadway R/CSL6, Boulder, CO 80305; troy.thornberry@noaa.gov; 303-497-3373 
PLATFORM: GML ECC/FPH balloon
LOCATION: Boulder, CO, USA
ASSOCIATED_DATA: N/A
INSTRUMENT_INFO: Printed Optical Particle Spectrometer counts particles from 140 - 2500 nm in diameter 
DATA_INFO: Particle concentrations reported in number per cubic centimeter, binned to 100 m altitude
UNCERTAINTY: Counting uncertainty dominated by air flow, less than 5 percent
ULOD_FLAG: -77777
ULOD_VALUE: 3000 ~3000 per cm3 (varies depending on flow rate- manufacturer quotes 1250  per cm3 at 1.667 cc/s)
LLOD_FLAG: -88888
LLOD_VALUE: 0 0 (varies depending on data field and measurement precision)
DM_CONTACT_INFO: Troy Thornberry, 325 Broadway R/CSL6, Boulder, CO 80305; troy.thornberry@noaa.gov; 303-497-3373
PROJECT_INFO: B2SAP Boulder, CO, USA
STIPULATIONS_ON_USE: Please contact the PIs for questions regarding applications and uncertainties
OTHER_COMMENTS: POPS bin Edges (nm):  140, 170, 205, 249, 302, 366, 443, 537, 651, 789, 956, 1159, 1404, 1702, 2062, 2500
Calculations assume sulfate refractive index of 1.45+0.00j and extinction wavelength = 532 nm
REVISION: R0
R0: QA/QC data
TIME_START,TIME_STOP,TIME_MID,GPSAlt,GPS_Lon,GPS_Lat,iMet_Pressure,iMet_Temperature,THETA,Aerosol_concentration,Surface_Area_Conc,Volume_density,Effective_radius,Extinction,Bin01,Bin02,Bin03,Bin04,Bin05,Bin06,Bin07,Bin08,Bin09,Bin10,Bin11,Bin12,Bin13,Bin14,Bin15
[from data line 73]
64193,64213,64203,9.1,-105.031,39.8517,292.106,-46.0911,322.733,26.3706,5.01558,276.244,0.165232,0.00164663,8.19813,5.76146,4.2357,3.68916,2.48221,0.910903,0.660405,0.364361,0,0.0683177,0,0,0,0,0
64214,64234,64224,9.2,-105.027,39.8512,287.901,-45.8247,324.45,25.8534,4.84167,246.8,0.152922,0.00141385,7.66205,5.42126,4.31292,3.61418,2.6263,1.54205,0.433701,0.216851,0.0240945,0,0,0,0,0,0
64235,64258,64246,9.3,-105.023,39.8512,283.671,-45.3248,326.542,26.0862,5.03508,280.783,0.167296,0.00159428,7.98159,5.62604,4.32174,3.30944,2.47234,1.47951,0.584018,0.233607,0.0389346,0.0194673,0,0.0194673,0,0,0
64259,64292,64276,9.4,-105.018,39.8518,279.128,-44.6587,329.017,26.0604,5.2199,295.922,0.170074,0.00173132,7.20358,5.62991,4.34114,3.93416,2.65895,1.31591,0.58334,0.257755,0.0813963,0.0406982,0.0135661,0,0,0,0
64293,64324,64308,9.5,-105.011,39.8524,275.069,-44.9871,329.918,25.3598,4.97297,273.876,0.165219,0.00168022,7.65028,5.31431,4.29233,3.47474,2.29216,1.19718,0.773788,0.233596,0.116798,0.0145998,0,0,0,0,0
64325,64353,64339,9.6,-105.005,39.8535,271.005,-45.1778,331.044,24.1819,4.466,236.641,0.158961,0.00139699,7.96509,5.12903,3.96746,2.92657,2.21755,1.16157,0.527989,0.19611,0.0754269,0.0150854,0,0,0,0,0
64354,64381,64368,9.7,-104.999,39.8546,266.99,-44.6481,333.233,23.1567,4.27926,220.224,0.15439,0.00128391,6.84896,5.14426,4.31454,2.98699,1.84047,1.23704,0.558175,0.196116,0.0301716,0,0,0,0,0,0
64382,64402,64392,9.8,-104.993,39.8559,263.591,-44.022,335.378,23.7233,4.64966,255.861,0.165084,0.00153273,6.82173,5.27411,3.7265,3.56359,2.21961,1.2218,0.549811,0.24436,0.0610901,0.0407267,0,0,0,0,0
64403,64418,64410,9.9,-104.988,39.857,259.316,-43.5388,337.655,24.6182,5.12642,293.627,0.171832,0.00183548,6.60551,4.97954,4.52223,3.60762,2.46436,1.19407,0.889203,0.127029,0.203246,0.0254058,0,0,0,0,0
64419,64440,64430,10,-104.983,39.8575,255.601,-43.9188,338.485,23.9901,4.82057,259.718,0.161631,0.00153922,6.20023,4.98403,4.05399,3.91091,2.67087,1.26389,0.691564,0.119235,0.0715411,0.023847,0,0,0,0,0
64441,64467,64454,10.1,-104.976,39.8585,251.594,-44.3204,339.423,24.2768,5.13194,289.346,0.169144,0.00171998,5.73616,5.12493,4.24727,3.77709,2.96212,1.39486,0.658248,0.297779,0.0626903,0,0.0156726,0,0,0,0
64468,64494,64481,10.2,-104.969,39.8595,247.827,-43.9177,341.494,24.2086,5.09883,274.774,0.161669,0.0016546,5.31902,4.91346,4.44551,4.27393,2.63611,1.74701,0.530342,0.296368,0.0467949,0,0,0,0,0,0
64495,64525,64510,10.3,-104.963,39.8608,244.234,-44.1597,342.556,22.9402,4.74745,265.532,0.167794,0.00163561,6.30471,4.64116,3.5927,3.69056,2.33456,1.32804,0.712949,0.23765,0.069897,0.0279588,0,0,0,0,0
64526,64551,64538,10.4,-104.956,39.8625,240.475,-44.5362,343.508,21.5883,4.59705,262.509,0.171312,0.00164923,5.30654,4.67668,3.63742,3.30674,2.48793,1.11799,0.61411,0.299182,0.125971,0.0157464,0,0,0,0,0
64552,64578,64565,10.5,-104.95,39.8643,236.845,-44.8228,344.574,22.2813,4.58056,261.589,0.171326,0.00152466,5.66864,4.88224,3.89924,3.40773,2.24452,1.31067,0.4915,0.2949,0.04915,0.0163833,0,0.0163833,0,0,0
64579,64603,64591,10.6,-104.943,39.8662,233.638,-44.8287,345.915,20.5137,4.16907,235.289,0.16931,0.00137623,5.60107,4.5586,3.35711,2.7917,2.0496,1.28984,0.653753,0.141352,0.053007,0,0.017669,0,0,0,0
64604,64626,64615,10.7,-104.937,39.8677,229.987,-45.1762,346.943,20.2488,4.1432,231.216,0.167419,0.00144544,5.64087,4.25983,3.61794,2.58702,1.96458,1.26433,0.583539,0.213964,0.116708,0,0,0,0,0,0
64627,64656,64642,10.8,-104.929,39.8691,226.467,-45.092,348.599,21.5675,4.40519,243.791,0.166025,0.00148869,5.51411,4.88936,3.47688,3.34106,2.22737,1.27667,0.475354,0.25805,0.0950709,0.0135816,0,0,0,0,0
64657,64685,64671,10.9,-104.921,39.871,223.144,-44.8644,350.427,18.028,3.61763,202.943,0.168295,0.00125402,5.31197,3.82462,2.86029,2.59878,1.69983,0.931638,0.50668,0.17979,0.0980672,0.0163445,0,0,0,0,0
64686,64714,64700,11,-104.913,39.8731,219.777,-44.3926,352.684,17.9891,3.27431,181.362,0.166168,0.00102341,6.54834,3.71826,2.6645,2.06235,1.59569,0.888166,0.240859,0.180644,0.0752683,0,0.0150537,0,0,0,0
64715,64730,64722,11.1,-104.907,39.8752,216.657,-44.6867,353.669,17.0905,3.28709,183.622,0.167585,0.00112878,5.67873,3.77676,2.49973,1.98348,1.52157,1.05967,0.326052,0.0543419,0.190197,0,0,0,0,0,0
64731,64749,64740,11.2,-104.902,39.8776,213.536,-44.6374,355.212,18.0936,3.39787,188.413,0.166351,0.00115105,6.5422,3.82168,2.39665,2.07278,1.72731,0.777291,0.539786,0.0863657,0.107957,0.0215914,0,0,0,0,0
64750,64765,64758,11.3,-104.898,39.8802,210.638,-44.935,356.136,17.2166,3.04628,159.364,0.156943,0.000953594,6.13965,4.06752,2.30237,2.17446,1.20235,0.665129,0.383728,0.255819,0.0255819,0,0,0,0,0,0
64766,64789,64778,11.4,-104.892,39.8826,207.22,-45.0813,357.585,17.5704,3.08415,166.297,0.16176,0.000882788,6.01004,3.96697,2.82625,2.34953,1.17477,0.732101,0.340512,0.119179,0.0340512,0,0,0.0170256,0,0,0
64790,64814,64802,11.5,-104.884,39.8859,204.04,-45.335,358.764,16.7017,3.06585,170.608,0.166943,0.000933885,5.60713,3.74378,2.56424,2.15396,1.17955,0.991505,0.273519,0.136759,0.0170949,0.0170949,0.0170949,0,0,0,0
64815,64841,64828,11.6,-104.875,39.8899,200.951,-45.4517,360.143,16.6419,3.15332,174.547,0.16606,0.00102754,4.99427,3.98515,2.77079,2.01823,1.45381,0.838079,0.393384,0.102622,0.0342073,0.051311,0,0,0,0,0
64842,64872,64857,11.7,-104.865,39.8939,197.958,-45.601,361.452,15.2707,2.78253,145.955,0.157362,0.000876496,5.32273,3.43836,2.04344,1.93331,1.21138,0.672989,0.513919,0.0978893,0.0367085,0,0,0,0,0,0
64873,64907,64890,11.8,-104.854,39.8981,195.031,-45.5418,363.098,15.4281,2.83532,148.111,0.156713,0.000867693,5.03643,3.26199,2.31633,2.26321,1.34942,0.743777,0.212508,0.201882,0.0425015,0,0,0,0,0,0
64908,64944,64926,11.9,-104.842,39.9023,192.027,-45.4682,364.825,16.1698,3.25913,197.889,0.182155,0.00108576,5.09502,3.45353,2.4729,2.07851,1.42831,0.916677,0.522293,0.149226,0.0213181,0,0.010659,0.010659,0.010659,0,0
64945,64978,64962,12,-104.831,39.9064,189.126,-45.3606,366.584,15.2252,3.17814,221.629,0.209206,0.00114049,4.80103,3.10204,2.41148,2.2909,1.11805,0.920746,0.26307,0.208264,0.0548063,0.0219225,0.0219225,0,0,0.0109613,0
64981,65011,64996,12.1,-104.819,39.9105,186.363,-45.74,367.515,15.2109,2.88062,153.735,0.160106,0.000910238,4.45999,3.53278,2.47647,2.12437,1.27931,0.786367,0.387315,0.105631,0.0469473,0.0117368,0,0,0,0,0
65012,65042,65027,12.2,-104.808,39.9144,183.564,-45.8934,368.867,15.8457,3.22254,186.025,0.173179,0.00116164,4.92978,3.242,2.47703,2.14919,1.40851,0.910674,0.400697,0.242846,0.0485693,0.036427,0,0,0,0,0
65044,65074,65059,12.3,-104.797,39.9178,180.895,-45.7369,370.666,15.3081,3.05077,169.938,0.16711,0.00104149,4.38759,3.41795,2.50892,2.12107,1.36961,0.799947,0.484816,0.157565,0.0363612,0.0242408,0,0,0,0,0
65074,65102,65088,12.4,-104.786,39.9206,178.145,-45.0524,373.408,15.2534,3.15428,178.617,0.169881,0.00111624,4.44833,3.00298,2.5399,2.20312,1.30503,1.06648,0.435011,0.168391,0.070163,0.0140326,0,0,0,0,0
65103,65129,65116,12.5,-104.777,39.923,175.454,-44.9511,375.202,15.1257,3.00936,161.365,0.160863,0.000982489,4.37917,3.13169,2.46897,2.05314,1.53336,0.961599,0.376843,0.207913,0.0129946,0,0,0,0,0,0
65130,65158,65144,12.6,-104.769,39.9255,172.866,-45.4275,376.02,15.0996,3.01391,168.436,0.167659,0.0010543,4.48156,3.39778,2.53369,1.77212,1.30346,0.981257,0.336849,0.205039,0.0878737,0,0,0,0,0,0
65159,65182,65170,12.7,-104.761,39.9278,170.439,-45.9143,376.731,14.1637,2.64692,141.092,0.159913,0.00084586,4.42614,3.06778,2.41149,1.9994,1.06838,0.641028,0.351039,0.137363,0.0610503,0,0,0,0,0,0
65183,65211,65197,12.8,-104.753,39.9302,167.844,-45.9967,378.244,13.657,2.81906,167.353,0.178095,0.000991523,4.0045,2.94794,2.06095,1.94355,1.3044,0.769594,0.391319,0.169572,0.0260879,0.0260879,0.013044,0,0,0,0
65212,65239,65226,12.9,-104.743,39.9333,165.237,-45.5669,380.66,13.387,2.66964,149.947,0.168502,0.000936838,4.17415,2.66119,2.24242,1.90471,1.06718,0.621395,0.526835,0.121577,0.0540343,0.0135086,0,0,0,0,0
65240,65269,65254,13,-104.733,39.9367,162.804,-46.0677,381.441,13.495,2.71592,155.016,0.17123,0.000968747,4.11175,2.85831,2.14373,1.85087,1.24173,0.609149,0.421718,0.18743,0.0468576,0.0234288,0,0,0,0,0
65270,65309,65290,13.1,-104.719,39.9409,160.221,-46.4581,382.526,13.9541,2.78262,154.553,0.166627,0.000941627,3.94205,2.95164,2.5692,1.84355,1.2846,0.774682,0.392244,0.127479,0.0490305,0.0196122,0,0,0,0,0
65309,65344,65326,13.2,-104.705,39.9451,157.891,-46.1468,384.653,13.2866,2.62735,145.364,0.165981,0.00088834,3.74077,3.03367,2.21253,1.96162,0.992215,0.76412,0.421977,0.0798334,0.0684286,0.0114048,0,0,0,0,0
65345,65375,65360,13.3,-104.693,39.9486,155.509,-46.4179,385.872,13.7434,2.76222,160.336,0.174138,0.000967083,4.23818,2.6703,2.30282,2.09459,1.07792,0.808438,0.342974,0.122491,0.0244981,0.0612453,0,0,0,0,0
65377,65404,65390,13.4,-104.682,39.952,153.23,-46.2707,387.756,12.595,2.69905,166.578,0.185152,0.000992868,3.49928,2.71896,2.04836,1.70697,1.23146,0.829099,0.317008,0.134119,0.0609631,0.0365779,0,0.0121926,0,0,0
65405,65429,65417,13.5,-104.673,39.9555,151.027,-46.6172,388.764,13.0342,2.82774,170.464,0.180848,0.00104567,3.60005,2.53284,2.39055,1.77868,1.12413,0.882227,0.483802,0.156524,0.0711473,0,0.0142295,0,0,0,0
65430,65456,65443,13.6,-104.665,39.9589,148.763,-45.8214,391.814,12.7045,2.60365,159.51,0.183792,0.000953272,4.35627,2.45894,1.82144,1.65447,1.1384,0.622324,0.364287,0.212501,0.0455359,0.0151786,0,0.0151786,0,0,0
65456,65478,65467,13.7,-104.657,39.9622,146.564,-46.2181,392.808,12.6263,2.44947,137.986,0.168999,0.00086725,4.33198,2.57257,1.89247,1.62634,1.02016,0.650536,0.236559,0.206989,0.0887094,0,0,0,0,0,0
65479,65499,65489,13.8,-104.65,39.965,144.418,-46.8447,393.375,11.1197,1.9735,103.712,0.157657,0.000617261,3.97484,2.33234,1.88887,1.28115,0.788398,0.427049,0.295649,0.0821248,0.0492749,0,0,0,0,0,0
65502,65522,65512,13.9,-104.642,39.9679,142.114,-47.1537,394.642,11.7317,2.06573,110.862,0.161002,0.000647852,4.50587,2.34305,1.80235,1.27803,0.933945,0.55709,0.13108,0.114695,0.049155,0.016385,0,0,0,0,0
65523,65545,65534,14,-104.635,39.9707,140.048,-47.336,395.976,10.8749,1.93855,125.717,0.194553,0.000655049,4.09554,2.60625,1.78404,1.17902,0.605022,0.279241,0.124107,0.077567,0.0465402,0.0620536,0,0,0.0155134,0,0
65546,65568,65557,14.1,-104.626,39.9741,137.868,-47.983,396.624,11.4183,1.88885,99.8391,0.158571,0.00057923,4.78228,2.50797,1.41755,1.29293,0.716563,0.342704,0.202507,0.0934647,0.0467323,0.0155774,0,0,0,0,0
65569,65594,65582,14.2,-104.617,39.9778,135.844,-48.4636,397.449,11.2165,1.75592,83.6846,0.142976,0.000447263,4.48094,2.52407,1.51728,1.41802,0.694829,0.311964,0.212703,0.0283604,0.0283604,0,0,0,0,0,0
65595,65622,65608,14.3,-104.607,39.9818,133.775,-48.5296,399.073,11.472,2.10887,117.482,0.167126,0.000729436,4.62792,2.30744,1.47311,1.12113,0.860403,0.612711,0.260728,0.156437,0.0391092,0.0130364,0,0,0,0,0
65623,65656,65640,14.4,-104.597,39.986,131.671,-48.8958,400.238,10.6577,2.0943,123.155,0.176414,0.000775026,3.48171,2.56068,1.48783,1.41698,0.668003,0.526305,0.253031,0.192304,0.040485,0.0303638,0,0,0,0,0
65657,65689,65673,14.5,-104.586,39.9902,129.704,-49.2257,401.372,11.9387,2.32356,134.08,0.173114,0.000778657,3.94973,2.57348,1.71192,1.5329,1.04058,0.68253,0.257348,0.134268,0.0335671,0.011189,0.011189,0,0,0,0
65690,65718,65704,14.6,-104.575,39.9937,127.618,-49.825,402.151,10.8201,2.21485,144.118,0.195207,0.000765236,3.80099,2.05229,1.63941,1.38439,0.837919,0.570756,0.340025,0.157869,0,0,0.0121437,0.0242875,0,0,0
65720,65748,65734,14.7,-104.564,39.9969,125.736,-50.16,403.256,10.3768,1.88117,99.8639,0.159259,0.000595168,3.65273,2.2245,1.68101,1.09961,0.859466,0.404454,0.379176,0.0505568,0.0126392,0.0126392,0,0,0,0,0
65749,65774,65762,14.8,-104.555,39.9998,123.835,-50.7322,403.983,10.6366,1.98111,108.839,0.164816,0.000664329,3.58693,2.37289,1.61412,1.37959,0.786366,0.482856,0.262122,0.0551836,0.0965713,0,0,0,0,0,0
65776,65803,65790,14.9,-104.546,40.0026,121.897,-51.299,404.768,11.0228,2.22755,143.282,0.192968,0.000775321,3.59834,2.52035,1.5031,1.41201,1.0628,0.42512,0.273291,0.167011,0.0151829,0.0151829,0.0151829,0.0151829,0,0,0
65805,65829,65817,15,-104.538,40.0052,120.133,-51.3826,406.3,10.4298,2.17793,131.554,0.181209,0.000769833,3.08723,2.20278,1.6354,1.40177,0.967887,0.667509,0.250316,0.166877,0.0333754,0,0.0166877,0,0,0,0
65831,65856,65844,15.1,-104.531,40.0078,118.305,-51.0841,408.644,10.7146,1.90648,96.0763,0.151184,0.000527341,3.35551,2.27541,1.77136,1.71376,0.820876,0.504047,0.21602,0.043204,0,0.0144013,0,0,0,0,0
65856,65882,65869,15.2,-104.523,40.0103,116.558,-51.3467,409.896,10.3268,1.85587,94.4434,0.152667,0.000534507,3.43209,2.15078,1.58639,1.43385,0.899971,0.579642,0.183045,0.0152537,0.0457612,0,0,0,0,0,0
65883,65905,65894,15.3,-104.515,40.0129,114.738,-51.6718,411.134,9.78377,1.84851,111.274,0.180589,0.000614449,3.4112,2.15543,1.53691,1.1808,0.674743,0.449829,0.224914,0.0749714,0.0562286,0,0.0187429,0,0,0,0
65906,65930,65918,15.4,-104.507,40.0157,112.846,-52.196,412.121,9.66939,1.8307,111.467,0.182664,0.000605624,3.24444,2.30147,1.37449,1.26261,0.719211,0.447509,0.175807,0.0799123,0.0159825,0.0319649,0.0159825,0,0,0,0
65931,65955,65943,15.5,-104.499,40.0187,111.168,-53.0752,412.241,9.67309,1.70891,93.7029,0.164496,0.000480314,3.56055,1.86432,1.6351,1.11554,0.779348,0.45844,0.198657,0.045844,0,0,0.0152813,0,0,0,0
65956,65980,65968,15.6,-104.49,40.0218,109.543,-53.3952,413.371,9.04441,1.65356,89.6891,0.16272,0.000549355,3.30557,1.79052,1.31611,1.23959,0.780482,0.244857,0.137732,0.198946,0.0306071,0,0,0,0,0,0
65981,66011,65996,15.7,-104.48,40.0246,107.752,-52.5604,416.908,8.98727,1.7002,102.688,0.181193,0.000576225,3.35014,1.80487,1.31039,1.12495,0.605744,0.469761,0.185432,0.0741728,0.0247243,0.0247243,0.0123621,0,0,0,0
66013,66038,66026,15.8,-104.47,40.0268,106.113,-52.6014,418.659,9.07072,1.74642,98.2993,0.168859,0.00060516,3.26662,1.79373,1.2104,1.16665,0.758323,0.495827,0.247913,0.0729157,0.0437494,0.0145831,0,0,0,0,0
66040,66067,66054,15.9,-104.463,40.0287,104.509,-52.3781,420.905,8.46953,1.57777,84.4683,0.16061,0.000511811,2.90471,1.78869,1.34534,0.947853,0.687958,0.489215,0.183455,0.0917277,0.0305759,0,0,0,0,0,0
66068,66094,66081,16,-104.456,40.0312,102.855,-52.76,422.1,8.53108,1.59698,85.0181,0.159711,0.000513602,3.01506,1.79236,1.11154,1.00039,0.805868,0.500194,0.208414,0.0694713,0.0277885,0,0,0,0,0,0
66095,66123,66109,16.1,-104.448,40.0342,101.232,-53.0208,423.522,7.7453,1.43246,79.2681,0.166012,0.00045732,2.62879,1.61574,1.16692,1.14128,0.551404,0.448817,0.0897634,0.0512934,0.0256467,0.0256467,0,0,0,0,0
66126,66149,66138,16.2,-104.44,40.0368,99.6478,-52.4922,426.451,8.79437,1.94016,113.112,0.174901,0.000720607,2.29651,1.58441,1.70903,1.17496,0.890118,0.658688,0.320443,0.124617,0.0178024,0.0178024,0,0,0,0,0
66150,66174,66162,16.3,-104.434,40.0384,98.1205,-52.7735,427.796,8.47109,1.90483,117.599,0.185211,0.000689914,2.01833,1.70895,1.48796,1.42904,0.751349,0.604025,0.324111,0.103126,0.0294646,0,0,0.0147323,0,0,0
66175,66201,66188,16.4,-104.427,40.0399,96.6632,-53.1323,428.931,9.19793,2.05019,121.177,0.177315,0.000773454,2.10164,1.97191,1.64758,1.49191,0.856225,0.596763,0.298381,0.20757,0,0.0259462,0,0,0,0,0
66203,66233,66218,16.5,-104.42,40.0414,95.0748,-53.3208,430.59,9.02376,1.88388,102.151,0.162671,0.000621621,2.03836,1.90094,1.71772,1.52305,0.835957,0.629831,0.263384,0.0916118,0.0229029,0,0,0,0,0,0
66233,66263,66248,16.6,-104.414,40.0432,93.6429,-53.2833,432.542,8.86452,2.2037,142.875,0.194503,0.000914312,2.07037,1.71341,1.36835,1.33265,0.975692,0.773414,0.392656,0.154683,0.0594934,0.0118987,0.0118987,0,0,0,0
66264,66292,66278,16.7,-104.408,40.045,92.1432,-53.4018,434.306,8.45688,1.96836,120.569,0.183761,0.000773003,1.76944,1.74342,1.50923,1.45718,0.949772,0.598487,0.182148,0.156127,0.0650529,0.0260212,0,0,0,0,0
