api/src/app/data/B2SAP/Locations/Boulder/NOAA-POPS-B2SAP_GMLBalloon_20220224_R0.ict
61,1001
Thornberry, T. D.
NOAA Chemical Sciences Laboratory
Portable Optical Particle Spectrometer (POPS)
Balloon Baseline Stratospheric Aerosol Profiles (B2SAP)
1,1
2022,02,24,2024,05,30
0
TIME_START,s,Seconds since midnight UTC on flight start day,Start time of 100 m altitude bin in UTC_seconds_since_midnight
28
1.0,1.0,1.0,1.0,1.0,1.0,1.0,1.0,1.0,1.0,1.0,1.0,1.0,1.0,1.0,1.0,1.0,1.0,1.0,1.0,1.0,1.0,1.0,1.0,1.0,1.0,1.0,1.0
99999,99999,99999,99999,99999,99999,99999,99999,99999,99999,99999,99999,99999,99999,99999,99999,99999,99999,99999,99999,99999,99999,99999,99999,99999,99999,99999,99999
TIME_STOP,s,End time of 100 m altitude bin in UTC seconds since midnight,
TIME_MID,s,Mid time of 100 m altitude in UTC seconds since midnight,
GPSAlt,m,GPS reported altitude above sea level (m),
GPS_Lon,deg,GPS reported longitude,
GPS_Lat,deg,GPS reported latitude,
iMet_Pressure,mb,Pressure reported (mB),
iMet_Temperature,degrees C,Ambient temperature (oC),
THETA,K,Potential temperature from iMet,
Aerosol_concentration,cm^-3,Aerosol concentration,
Surface_Area_Conc,um^2 cm^-3,Surface area concentration,
Volume_density,um^3 cm^-3,Volume density,
Effective_radius,um,Effective radius,
Extinction,km^-1,Extinction,
Bin01,cm^-3,particle concentration in size range [140 - 170 nm],
Bin02,cm^-3,particle concentration in size range [170 - 205 nm],
Bin03,cm^-3,particle concentration in size range [205 - 249 nm],
Bin04,cm^-3,particle concentration in size range [249 - 302 nm],
Bin05,cm^-3,particle concentration in size range [302 - 366 nm],
Bin06,cm^-3,particle concentration in size range [366 - 443 nm],
Bin07,cm^-3,particle concentration in size range [443 - 537 nm],
Bin08,cm^-3,particle concentration in size range [537 - 651 nm],
Bin09,cm^-3,particle concentration in size range [651 - 789 nm],
Bin10,cm^-3,particle concentration in size range [789 - 956 nm],
Bin11,cm^-3,particle concentration in size range [956 - 1159 nm],
Bin12,cm^-3,particle concentration in size range [1159 - 1404 nm],
Bin13,cm^-3,particle concentration in size range [1404 - 1702 nm],
Bin14,cm^-3,particle concentration in size range [1702 - 2062 nm],
Bin15,cm^-3,particle concentration in size range [2062 - 2500 nm],
0
19
PI_CONTACT_INFO: 325 Broadway R/CSL6, Boulder, CO 80305; troy.thornberry@noaa.gov; 303-497-3373 
PLATFORM: GML ECC/FPH balloon
LOCATION: Boulder, CO, USA
ASSOCIATED_DATA: N/A
INSTRUMENT_INFO: Printed Optical Particle Spectrometer counts particles from 140 - 2500 nm in diameter 
DATA_INFO: Particle concentrations reported in number per cubic centimeter, binned to 100 m altitude
UNCERTAINTY: Counting uncertainty dominated by air flow, less than 5 percent
ULOD_FLAG: -77777
ULOD_VALUE: 3000 ~3000 per cm3 (varies depending on flow rate- manufacturer quotes 1250  per cm3 at 1.667 cc/s)
LLOD_FLAG: -88888
LLOD_VALUE: 0 0 (varies depending on data field and measurement precision)
DM_CONTACT_INFO: Troy Thornberry, 325 Broadway R/CSL6, Boulder, CO 80305; troy.thornberry@noaa.gov; 303-497-3373
PROJECT_INFO: B2SAP Boulder, CO, USA
STIPULATIONS_ON_USE: Please contact the PIs for questions regarding applications and uncertainties
OTHER_COMMENTS: POPS bin Edges (nm):  140, 170, 205, 249, 302, 366, 443, 537, 651, 789, 956, 1159, 1404, 1702, 2062, 2500
Calculations assume sulfate refractive index of 1.45+0.00j and extinction wavelength = 532 nm
REVISION: R0
R0: QA/QC data
TIME_START,TIME_STOP,TIME_MID,GPSAlt,GPS_Lon,GPS_Lat,iMet_Pressure,iMet_Temperature,THETA,Aerosol_concentration,Surface_Area_Conc,Volume_density,Effective_radius,Extinction,Bin01,Bin02,Bin03,Bin04,Bin05,Bin06,Bin07,Bin08,Bin09,Bin10,Bin11,Bin12,Bin13,Bin14,Bin15
[from data line 151]
66327,66353,66340,16.9,-104.397,40.049,89.3671,-53.5548,437.817,8.89803,2.10286,122.535,0.174812,0.000808109,1.96521,1.40567,1.78779,1.46026,1.02355,0.600481,0.464008,0.177415,0.0136473,0,0,0,0,0,0
66357,66382,66370,17,-104.392,40.0511,87.9988,-53.8144,439.228,8.36412,1.81548,102.037,0.168612,0.000645179,1.90666,1.76276,1.45698,1.43899,0.809431,0.557608,0.251823,0.161886,0.0179874,0,0,0,0,0,0
66384,66407,66396,17.1,-104.387,40.0531,86.5656,-53.4831,441.952,8.63702,2.09046,128.807,0.184851,0.000852412,1.95725,1.47242,1.59812,1.41855,0.933732,0.682343,0.323215,0.179564,0.0538692,0.0179564,0,0,0,0,0
66408,66427,66418,17.2,-104.383,40.0549,85.3033,-53.736,443.312,8.08242,2.08123,126.379,0.18217,0.000856154,1.50948,1.14644,1.56681,1.5477,1.01269,0.592329,0.496792,0.171966,0.0382148,0,0,0,0,0,0
66428,66449,66438,17.3,-104.379,40.0573,83.9475,-54.0969,444.608,8.53306,2.09646,132.704,0.189897,0.000866838,1.83236,1.29343,1.86829,1.40122,0.934146,0.682645,0.269465,0.143715,0.0718574,0.0359287,0,0,0,0,0
66450,66472,66461,17.4,-104.376,40.06,82.6028,-54.8278,445.169,8.87109,2.10797,124.557,0.177266,0.000806164,1.5428,1.70351,1.88029,1.55887,1.01246,0.59462,0.337487,0.224991,0,0.0160708,0,0,0,0,0
66473,66492,66482,17.5,-104.372,40.0625,81.365,-55.4969,445.733,8.64221,2.16358,128.615,0.178336,0.000853551,1.51871,1.59103,1.33791,1.69951,1.22944,0.668957,0.325439,0.253119,0.0180799,0,0,0,0,0,0
66494,66516,66505,17.6,-104.368,40.065,80.0522,-56.2661,446.219,7.6144,1.83487,108.668,0.177671,0.000712458,1.47428,1.34467,1.39327,1.42567,0.923448,0.56703,0.291615,0.145808,0.0486025,0,0,0,0,0,0
66517,66538,66528,17.7,-104.363,40.0674,78.7865,-57.1212,446.489,8.62109,2.15963,132.986,0.184735,0.000879917,1.72078,1.46266,1.37662,1.75519,1.01526,0.688311,0.361363,0.172078,0.0516233,0.0172078,0,0,0,0,0
66539,66559,66549,17.8,-104.359,40.0696,77.5065,-57.6659,447.458,8.03131,2.11232,134.265,0.190688,0.000909218,1.45868,1.40719,1.28707,1.64745,0.875207,0.75508,0.274575,0.257414,0.0514827,0.0171609,0,0,0,0,0
66560,66580,66570,17.9,-104.354,40.0714,76.3413,-57.71,449.299,7.95561,2.05672,128.236,0.187048,0.000873645,1.50512,1.27055,1.54421,1.34874,1.01644,0.664597,0.312751,0.215017,0.0781879,0,0,0,0,0,0
66584,66604,66594,18,-104.35,40.073,75.0841,-57.1365,452.645,7.85053,2.06212,125.903,0.183166,0.000851094,1.38539,1.38539,1.28277,1.38539,0.855178,1.02621,0.290761,0.205243,0.0342071,0,0,0,0,0,0
66605,66629,66617,18.1,-104.346,40.0744,73.8683,-57.0189,455.007,7.03556,1.84208,112.579,0.183345,0.000757808,1.16184,1.33934,1.12956,1.25866,0.790694,0.887513,0.274322,0.145229,0.0484098,0,0,0,0,0,0
66630,66657,66644,18.2,-104.342,40.0764,72.7415,-56.308,458.507,7.45662,1.98814,131.418,0.198302,0.000893337,1.42592,1.41283,1.26893,1.19044,0.889562,0.667171,0.287799,0.235472,0.0392454,0.0392454,0,0,0,0,0
66658,66683,66670,18.3,-104.338,40.0788,71.535,-55.9844,461.401,6.75551,1.7988,120.09,0.200284,0.000751723,1.16224,1.3511,1.10413,1.13318,0.842623,0.668287,0.261504,0.174336,0.0435839,0,0,0.014528,0,0,0
66684,66709,66696,18.4,-104.334,40.0809,70.4767,-56.3506,462.581,6.36068,1.657,101.544,0.183845,0.000687398,1.03343,1.07709,1.28087,1.06254,0.829654,0.582213,0.305662,0.145553,0.043666,0,0,0,0,0,0
66711,66736,66724,18.5,-104.329,40.0827,69.295,-56.7439,463.979,6.87824,1.63559,98.2714,0.18025,0.000648911,1.44882,1.47809,0.99515,1.1415,0.892708,0.482941,0.278057,0.0878074,0.0731728,0,0,0,0,0,0
66737,66766,66752,18.6,-104.324,40.0845,68.2686,-57.2776,464.817,6.77192,1.71599,106.898,0.186886,0.00072518,1.33922,1.09917,1.33922,1.25078,0.69488,0.467465,0.328489,0.227415,0.0126342,0.0126342,0,0,0,0,0
66767,66795,66781,18.7,-104.318,40.086,67.2081,-58.0929,465.128,6.33698,1.6902,106.869,0.189686,0.000732775,1.19923,1.0225,1.06037,1.21185,0.681667,0.605927,0.315587,0.214599,0.0126235,0.0126235,0,0,0,0,0
66799,66827,66813,18.8,-104.311,40.0871,66.0271,-58.5129,466.587,6.43206,1.56819,94.517,0.180815,0.000626739,1.41253,1.26119,1.03417,0.908055,0.744101,0.592758,0.378356,0.0756713,0.0126119,0.0126119,0,0,0,0,0
66828,66851,66840,18.9,-104.305,40.0875,65.0217,-57.9889,469.777,6.10314,1.50947,92.0564,0.182958,0.000623766,1.33506,1.115,1.02697,1.0123,0.586841,0.586841,0.234736,0.176052,0.029342,0,0,0,0,0,0
66853,66877,66865,19,-104.299,40.0874,64.0344,-57.7539,472.346,6.30867,1.58981,94.8245,0.178936,0.000638809,0.968308,1.51115,0.968308,1.01232,0.762909,0.601524,0.308098,0.176056,0,0,0,0,0,0,0
66879,66899,66889,19.1,-104.294,40.0873,63.0167,-58.376,473.152,6.01823,1.54481,98.0591,0.190429,0.000685648,1.4472,1.05893,1.00598,0.758897,0.688302,0.529463,0.300029,0.176488,0.0529463,0,0,0,0,0,0
66901,66923,66912,19.2,-104.289,40.0876,62.0356,-58.74,474.464,5.81535,1.46525,86.1537,0.176394,0.000565974,0.927511,1.06001,1.10418,0.927511,0.824454,0.618341,0.220836,0.117779,0.0147224,0,0,0,0,0,0
66924,66944,66934,19.3,-104.284,40.0881,61.126,-58.8013,476.338,5.30513,1.4107,92.085,0.195829,0.000627868,1.09639,0.884189,0.778086,1.04334,0.618932,0.442094,0.247573,0.123786,0.0530513,0.0176838,0,0,0,0,0
66947,66966,66956,19.4,-104.278,40.0886,60.0873,-58.81,478.658,5.53237,1.5987,116.256,0.218156,0.000744448,1.09938,0.90433,0.851134,1.01072,0.673815,0.407835,0.319175,0.17732,0.0709279,0,0,0.017732,0,0,0
66967,66988,66978,19.5,-104.274,40.0887,59.1206,-58.7731,480.956,5.24113,1.50932,110.097,0.218834,0.000688615,0.981671,0.99831,0.765371,0.898479,0.532432,0.632263,0.183023,0.183023,0.033277,0.0166385,0,0.0166385,0,0,0
66989,67008,66998,19.6,-104.268,40.0884,58.1785,-58.9254,482.838,5.49681,1.44393,89.5789,0.186115,0.000628163,1.32822,0.980843,0.694764,0.653895,0.756066,0.572158,0.326948,0.183908,0,0,0,0,0,0,0
67010,67029,67020,19.7,-104.264,40.0874,57.282,-58.8673,485.108,4.98116,1.22413,73.546,0.18024,0.000497226,1.01041,0.92178,0.815421,0.939507,0.567249,0.283625,0.319078,0.106359,0.0177265,0,0,0,0,0,0
67030,67051,67040,19.8,-104.259,40.0862,56.36,-58.4319,488.356,5.11563,1.39934,89.9017,0.192738,0.000615282,0.844327,0.877438,0.960216,0.794661,0.678773,0.513219,0.264887,0.148999,0.0165554,0.0165554,0,0,0,0,0
67052,67075,67064,19.9,-104.255,40.0853,55.4071,-58.2994,491.046,5.34947,1.49579,98.9665,0.198489,0.000675034,0.795402,0.951364,0.935767,0.998152,0.733018,0.467884,0.20275,0.233942,0,0.0311922,0,0,0,0,0
67076,67099,67088,20,-104.251,40.0844,54.5388,-57.6306,494.795,4.26376,1.06964,65.5649,0.183889,0.00044476,0.812144,0.890235,0.749672,0.609108,0.468545,0.42169,0.187418,0.093709,0.0312363,0,0,0,0,0,0
67100,67124,67112,20.1,-104.247,40.0837,53.6583,-57.5517,497.294,4.44701,1.25689,83.0857,0.198312,0.000583354,0.836566,0.82189,0.601741,0.719154,0.557711,0.425621,0.337562,0.102736,0.0293532,0.0146766,0,0,0,0,0
67125,67148,67136,20.2,-104.244,40.0834,52.8144,-56.8588,501.149,4.31871,1.06532,64.4869,0.181599,0.000437697,0.890116,0.906599,0.807698,0.494509,0.428574,0.478025,0.197804,0.0989018,0.0164836,0,0,0,0,0,0
67149,67177,67163,20.3,-104.239,40.0834,51.9291,-56.0318,505.505,4.24294,1.15562,76.0218,0.197354,0.000530436,0.884443,0.872491,0.537837,0.669308,0.382462,0.501981,0.250991,0.0956155,0.0358558,0.0119519,0,0,0,0,0
67180,67199,67190,20.4,-104.235,40.0833,51.2293,-55.4853,508.745,4.22916,0.994576,56.4678,0.170327,0.000365036,1.03108,0.751463,0.629132,0.59418,0.454373,0.541752,0.192235,0.0349518,0,0,0,0,0,0,0
67202,67221,67212,20.5,-104.232,40.0833,50.3594,-55.0094,512.351,4.1729,1.03309,66.5228,0.193177,0.000479663,1.11277,1.01459,0.540022,0.474565,0.310922,0.261829,0.261829,0.180007,0.0163643,0,0,0,0,0,0
67225,67242,67234,20.6,-104.23,40.0833,49.5443,-55.6264,513.301,4.05404,0.964307,56.3059,0.17517,0.000374245,1.03228,0.844591,0.487986,0.469217,0.487986,0.487986,0.168918,0.0750747,0,0,0,0,0,0,0
67243,67264,67254,20.7,-104.229,40.0838,48.7769,-56.3206,513.941,3.95049,0.882819,49.6552,0.168739,0.000312582,0.909109,0.826463,0.628112,0.545465,0.479348,0.396702,0.115705,0.0330585,0.0165293,0,0,0,0,0,0
67267,67287,67277,20.8,-104.227,40.0847,48.05,-56.7443,515.143,4.06893,1.11007,71.5464,0.193356,0.000510267,0.959486,0.728499,0.51528,0.479743,0.568585,0.426438,0.195451,0.177683,0.0177683,0,0,0,0,0,0
67288,67305,67296,20.9,-104.226,40.0851,47.3333,-57.078,516.566,3.60202,0.955711,60.6881,0.190501,0.000434979,0.980906,0.562815,0.434172,0.498493,0.418091,0.305528,0.257287,0.144724,0,0,0,0,0,0,0
67308,67331,67320,21,-104.224,40.0853,46.5106,-57.5012,518.135,3.58532,0.800255,47.0401,0.176344,0.000314569,1.00616,0.80776,0.453479,0.510164,0.255082,0.283424,0.212568,0.0425137,0.0141712,0,0,0,0,0,0
67334,67356,67345,21.1,-104.223,40.0855,45.7324,-57.3582,520.998,3.91112,1.01905,66.3068,0.195201,0.000450395,1.00978,0.512001,0.597334,0.668445,0.455112,0.384,0.128,0.113778,0.0284445,0.0142222,0,0,0,0,0
67357,67380,67368,21.2,-104.22,40.0857,45.0406,-57.4344,523.076,3.30469,0.7935,47.7824,0.180652,0.000327196,0.773117,0.742798,0.545729,0.303183,0.394138,0.288024,0.151591,0.106114,0,0,0,0,0,0,0
67381,67404,67392,21.3,-104.218,40.0858,44.3233,-58.0739,523.926,3.3044,0.863942,56.8918,0.197554,0.000390895,0.836214,0.566468,0.391133,0.620417,0.296721,0.296721,0.188823,0.0674366,0.0269747,0.0134873,0,0,0,0,0
67405,67428,67416,21.4,-104.214,40.0861,43.6063,-58.5675,525.167,3.63448,0.852611,52.1959,0.183657,0.000357063,1.02315,0.748275,0.534482,0.397044,0.33596,0.351231,0.106896,0.122167,0.0152709,0,0,0,0,0,0
67429,67452,67440,21.5,-104.211,40.0865,42.9072,-58.1828,528.538,3.38733,0.729307,41.0954,0.169046,0.000265627,1.05685,0.60972,0.420029,0.501325,0.352282,0.243888,0.149043,0.0541973,0,0,0,0,0,0,0
67453,67476,67464,21.6,-104.208,40.0864,42.2044,-58.3211,530.706,3.01789,0.659827,38.6419,0.175691,0.000254731,0.811988,0.703723,0.47366,0.311262,0.324795,0.21653,0.0947319,0.0676656,0.0135331,0,0,0,0,0,0
67477,67498,67488,21.7,-104.206,40.086,41.5894,-58.6781,532.042,3.23568,0.813855,49.707,0.183228,0.000344715,0.812753,0.521389,0.490719,0.521389,0.291364,0.291364,0.21469,0.0920098,0,0,0,0,0,0,0
67499,67518,67508,21.8,-104.203,40.0858,40.9407,-58.5073,534.868,3.10363,0.628456,35.111,0.167606,0.000222832,1.10023,0.541904,0.410533,0.344848,0.377691,0.164213,0.131371,0.0164213,0.0164213,0,0,0,0,0,0
67521,67540,67530,21.9,-104.2,40.0857,40.2586,-58.1986,538.214,2.87216,0.649466,36.4907,0.168557,0.000233709,0.807796,0.394922,0.376971,0.556482,0.35902,0.197461,0.143608,0.035902,0,0,0,0,0,0,0
67541,67560,67550,22,-104.197,40.0854,39.6713,-57.886,541.256,2.90777,0.843808,57.8902,0.205818,0.000424559,0.629167,0.493131,0.408108,0.408108,0.442117,0.153041,0.204054,0.119032,0.0510135,0,0,0,0,0,0
67561,67577,67569,22.1,-104.194,40.0846,39.0554,-58.0223,543.35,3.03426,0.963978,77.9578,0.242613,0.00049369,0.698678,0.419207,0.519018,0.399244,0.419207,0.139736,0.239547,0.139736,0.0399244,0,0.0199622,0,0,0,0
67578,67600,67589,22.2,-104.189,40.0832,38.3447,-58.3,545.492,3.02329,0.818012,53.4519,0.196031,0.000377177,0.701278,0.51427,0.327263,0.529854,0.451935,0.202591,0.171423,0.0779197,0.0467518,0,0,0,0,0,0
67605,67624,67614,22.3,-104.185,40.0813,37.71,-57.7506,549.516,3.24149,1.02275,75.8246,0.222413,0.000564664,0.905709,0.44491,0.42902,0.270124,0.397241,0.333682,0.238345,0.143007,0.0635586,0.0158896,0,0,0,0,0
67627,67650,67638,22.4,-104.181,40.0792,37.091,-57.1176,553.732,2.76916,0.752556,48.5409,0.193504,0.000347428,0.624036,0.533031,0.390023,0.351021,0.273016,0.312018,0.16901,0.104006,0.0130008,0,0,0,0,0,0
67651,67678,67664,22.5,-104.177,40.0769,36.4725,-57.9055,554.373,3.53917,1.00599,65.9658,0.19672,0.000480787,0.797362,0.601519,0.475619,0.489608,0.377698,0.34972,0.293765,0.139888,0.0139888,0,0,0,0,0,0
67679,67702,67690,22.6,-104.174,40.0752,35.885,-58.3033,555.92,3.47858,1.02543,69.1801,0.202394,0.000512091,0.724049,0.613868,0.472206,0.503686,0.393505,0.299064,0.251843,0.204623,0.0157402,0,0,0,0,0,0
67710,67729,67720,22.7,-104.171,40.074,35.3353,-58.4029,558.112,3.05543,0.982639,79.2513,0.241954,0.000506914,0.695958,0.492263,0.424365,0.390416,0.390416,0.237644,0.237644,0.135797,0.0169746,0.0169746,0.0169746,0,0,0,0
67730,67753,67742,22.8,-104.168,40.0733,34.8028,-58.2078,561.062,2.611,0.651639,38.9334,0.179241,0.000261035,0.612456,0.402932,0.402932,0.451283,0.241759,0.338463,0.0805863,0.0805863,0,0,0,0,0,0,0
67754,67777,67766,22.9,-104.165,40.0728,34.1994,-58.2175,563.833,2.94611,0.894169,60.4916,0.202954,0.000444978,0.615328,0.484803,0.372926,0.298341,0.484803,0.298341,0.261048,0.0932314,0.0372926,0,0,0,0,0,0
67778,67798,67788,23,-104.162,40.0728,33.6713,-58.1367,566.571,3.45697,0.973348,76.1531,0.234715,0.000458821,0.719369,0.599474,0.719369,0.519545,0.439615,0.119895,0.139877,0.119895,0.0599474,0,0.0199825,0,0,0,0
67799,67814,67806,23.1,-104.159,40.0725,33.2475,-57.6631,569.871,3.43861,1.1094,87.9047,0.23771,0.000653977,0.755739,0.774632,0.415656,0.453443,0.358976,0.0944674,0.283402,0.188935,0.0755739,0.0377869,0,0,0,0,0
67815,67838,67826,23.2,-104.155,40.0724,32.5662,-58.0044,572.347,2.66392,0.718218,46.5628,0.194493,0.000340247,0.637024,0.540505,0.347468,0.405379,0.15443,0.231645,0.231645,0.115823,0,0,0,0,0,0,0
67839,67848,67844,23.3,-104.153,40.0724,32.193,-58.375,573.245,2.98728,0.871308,57.9899,0.199665,0.00041907,0.44023,0.660345,0.408785,0.471675,0.37734,0.283005,0.18867,0.12578,0.031445,0,0,0,0,0,0
67849,67874,67862,23.4,-104.15,40.0726,31.5967,-58.4617,576.078,2.39016,0.704725,51.3835,0.218739,0.000370681,0.505947,0.471054,0.453608,0.226804,0.226804,0.209357,0.157018,0.0872322,0.0348929,0.0174464,0,0,0,0,0
67875,67888,67882,23.5,-104.148,40.073,31.1136,-58.975,577.245,2.62099,0.824407,58.9182,0.214402,0.000439553,0.597769,0.459823,0.252902,0.344867,0.298885,0.321876,0.183929,0.0919645,0.0689734,0,0,0,0,0,0
67898,67910,67904,23.6,-104.145,40.0732,30.4762,-59.9654,577.968,2.34189,0.597291,40.7028,0.204437,0.000271514,0.712748,0.381829,0.280008,0.330919,0.229098,0.203642,0.152732,0.0254553,0,0.0254553,0,0,0,0,0
67911,67922,67916,23.7,-104.143,40.0731,30.2042,-60.2808,578.611,2.61991,0.732163,47.4923,0.194597,0.000338283,0.55156,0.468826,0.358514,0.358514,0.303358,0.303358,0.193046,0.055156,0.027578,0,0,0,0,0,0
67924,67954,67939,23.8,-104.139,40.0728,29.5395,-61.3424,579.384,2.40371,0.725261,52.2777,0.216244,0.000378587,0.528816,0.496767,0.256396,0.352544,0.192297,0.256396,0.208322,0.0640989,0.0320495,0.0160247,0,0,0,0,0
67955,67977,67966,23.9,-104.135,40.0718,29.0792,-61.4062,581.828,2.19418,0.57414,35.5545,0.18578,0.000250252,0.528718,0.290795,0.422974,0.343667,0.132179,0.237923,0.185051,0.0528718,0,0,0,0,0,0,0
67978,68003,67990,24,-104.132,40.0701,28.6136,-62.235,582.22,2.15723,0.494046,27.6338,0.167801,0.00017565,0.479384,0.447425,0.28763,0.28763,0.383507,0.159795,0.0798973,0.0319589,0,0,0,0,0,0,0
68015,68080,68048,24.1,-104.127,40.0676,27.9865,-62.4465,585.342,2.09664,0.573254,40.0556,0.209622,0.000297092,0.628991,0.356428,0.251596,0.335462,0.125798,0.125798,0.146765,0.0838654,0.0419327,0,0,0,0,0,0
68031,68077,68054,24.2,-104.124,40.0668,27.601,-62.418,587.738,1.89849,0.485364,30.265,0.187066,0.000214419,0.483692,0.362769,0.290215,0.205569,0.169292,0.193477,0.133015,0.0604615,0,0,0,0,0,0,0
68058,68074,68066,24.3,-104.121,40.0663,27.2742,-62.0683,590.71,2.40138,0.61394,40.0959,0.195927,0.000283199,0.769672,0.369442,0.246295,0.277082,0.338656,0.215508,0.0615737,0.0923606,0.0307869,0,0,0,0,0,0
62348,62349,62348,1.8,-105.197,39.9491,819.46,-14.19,274.119,412.579,87.3093,6521.87,0.224095,0.0294652,117.516,87.3182,69.1269,44.0229,58.0302,17.4636,17.0998,1.27339,0.181913,0,0.181913,0,0,0,0.363826
68082,68082,68082,24,-104.118,40.0658,27.8,-62.07,587.501,0.367672,0.189929,12.836,0.20275,9.31821e-05,0,0,0,0,0,0.367672,0,0,0,0,0,0,0,0,0
68091,68091,68091,23.8,-104.117,40.0653,29.01,-61.52,581.91,3.49122,1.15406,88.5776,0.23026,0.000737734,1.39649,0.349122,0.698243,0,0,0,0.698243,0.349122,0,0,0,0,0,0,0
68094,68094,68094,23.6,-104.116,40.0652,29.69,-60.73,580.218,1.38646,0.635889,43.4753,0.205108,0.000330065,0,0,0,0.346616,0.346616,0.346616,0.346616,0,0,0,0,0,0,0,0
