api/src/app/data/B2SAP/Locations/Boulder/NOAA-POPS-B2SAP_GMLBalloon_20210817_R0.ict
61,1001
Thornberry, T. D.
NOAA Chemical Sciences Laboratory
Portable Optical Particle Spectrometer (POPS)
Balloon Baseline Stratospheric Aerosol Profiles (B2SAP)
1,1
2021,08,17,2024,05,28
0
TIME_START,s,Seconds since midnight UTC on flight start day,Start time of 100 m altitude bin in UTC_seconds_since_midnight
28
1.0,1.0,1.0,1.0,1.0,1.0,1.0,1.0,1.0,1.0,1.0,1.0,1.0,1.0,1.0,1.0,1.0,1.0,1.0,1.0,1.0,1.0,1.0,1.0,1.0,1.0,1.0,1.0
99999,99999,99999,99999,99999,99999,99999,99999,99999,99999,99999,99999,99999,99999,99999,99999,99999,99999,99999,99999,99999,99999,99999,99999,99999,99999,99999,99999
TIME_STOP,s,End time of 100 m altitude bin in UTC seconds since midnight,
TIME_MID,s,Mid time of 100 m altitude in UTC seconds since midnight,
GPSAlt,m,GPS reported altitude above sea level (m),
GPS_Lon,deg,GPS reported longitude,
GPS_Lat,deg,GPS reported latitude,
iMet_Pressure,mb,Pressure reported (mB),
iMet_Temperature,degrees C,Ambient temperature (oC),
THETA,K,Potential temperature from iMet,
Aerosol_concentration,cm^-3,Aerosol concentration,
Surface_Area_Conc,um^2 cm^-3,Surface area concentration,
Volume_density,um^3 cm^-3,Volume density,
Effective_radius,um,Effective radius,
Extinction,km^-1,Extinction,
Bin01,cm^-3,particle concentration in size range [140 - 170 nm],
Bin02,cm^-3,particle concentration in size range [170 - 205 nm],
Bin03,cm^-3,particle concentration in size range [205 - 249 nm],
Bin04,cm^-3,particle concentration in size range [249 - 302 nm],
Bin05,cm^-3,particle concentration in size range [302 - 366 nm],
Bin06,cm^-3,particle concentration in size range [366 - 443 nm],
Bin07,cm^-3,particle concentration in size range [443 - 537 nm],
Bin08,cm^-3,particle concentration in size range [537 - 651 nm],
Bin09,cm^-3,particle concentration in size range [651 - 789 nm],
Bin10,cm^-3,particle concentration in size range [789 - 956 nm],
Bin11,cm^-3,particle concentration in size range [956 - 1159 nm],
Bin12,cm^-3,particle concentration in size range [1159 - 1404 nm],
Bin13,cm^-3,particle concentration in size range [1404 - 1702 nm],
Bin14,cm^-3,particle concentration in size range [1702 - 2062 nm],
Bin15,cm^-3,particle concentration in size range [2062 - 2500 nm],
0
19
PI_CONTACT_INFO: 325 Broadway R/CSL6, Boulder, CO 80305; troy.thornberry@noaa.gov; 303-497-3373 
PLATFORM: GML ECC/FPH balloon
LOCATION: Boulder, CO, USA
ASSOCIATED_DATA: N/A
INSTRUMENT_INFO: Printed Optical Particle Spectrometer counts particles from 140 - 2500 nm in diameter 
DATA_INFO: Particle concentrations reported in number per cubic centimeter, binned to 100 m altitude
UNCERTAINTY: Counting uncertainty dominated by air flow, less than 5 percent
ULOD_FLAG: -77777
ULOD_VALUE: 3000 ~3000 per cm3 (varies depending on flow rate- manufacturer quotes 1250  per cm3 at 1.667 cc/s)
LLOD_FLAG: -88888
LLOD_VALUE: 0 0 (varies depending on data field and measurement precision)
DM_CONTACT_INFO: Troy Thornberry, 325 Broadway R/CSL6, Boulder, CO 80305; troy.thornberry@noaa.gov; 303-497-3373
PROJECT_INFO: B2SAP Boulder, CO, USA
STIPULATIONS_ON_USE: Please contact the PIs for questions regarding applications and uncertainties
OTHER_COMMENTS: POPS bin Edges (nm):  140, 170, 205, 249, 302, 366, 443, 537, 651, 789, 956, 1159, 1404, 1702, 2062, 2500
Calculations assume sulfate refractive index of 1.45+0.00j and extinction wavelength = 532 nm
REVISION: R0
R0: QA/QC data
TIME_START,TIME_STOP,TIME_MID,GPSAlt,GPS_Lon,GPS_Lat,iMet_Pressure,iMet_Temperature,THETA,Aerosol_concentration,Surface_Area_Conc,Volume_density,Effective_radius,Extinction,Bin01,Bin02,Bin03,Bin04,Bin05,Bin06,Bin07,Bin08,Bin09,Bin10,Bin11,Bin12,Bin13,Bin14,Bin15
[from data line 316]
64337,64356,64346,22.4,-105.252,39.9971,39.535,-54.901,549.305,2.40831,0.542252,30.6353,0.169489,0.00019788,0.668201,0.334101,0.431547,0.389784,0.222734,0.208813,0.125288,0.0278417,0,0,0,0,0,0,0
64357,64375,64366,22.3,-105.254,39.9977,40.2011,-55.6274,544.88,2.5734,0.598294,34.3649,0.172315,0.000225176,0.570242,0.540999,0.380161,0.394783,0.307053,0.204702,0.131594,0.0438648,0,0,0,0,0,0,0
64376,64393,64384,22.2,-105.256,39.9979,40.8556,-56.7394,539.593,2.45028,0.587546,35.6164,0.181857,0.000221253,0.601011,0.369853,0.385264,0.400674,0.2928,0.2928,0.0924633,0,0,0.0154105,0,0,0,0,0
64394,64411,64402,22.1,-105.257,39.9975,41.5189,-56.3733,538.024,2.59353,0.529654,31.3616,0.177634,0.000203848,0.910012,0.515673,0.333671,0.318504,0.257837,0.136502,0.0455006,0.0455006,0.0303337,0,0,0,0,0,0
64412,64429,64420,22,-105.259,39.9974,42.1822,-56.025,536.452,2.37176,0.42404,22.1935,0.157015,0.000134531,0.855637,0.585436,0.330246,0.210156,0.150112,0.150112,0.0600447,0.0300223,0,0,0,0,0,0,0
64430,64447,64438,21.9,-105.261,39.9978,42.7839,-54.7628,537.385,2.58677,0.454182,23.2393,0.153502,0.00013642,0.990363,0.517354,0.413883,0.251286,0.162597,0.177378,0.0443446,0.0295631,0,0,0,0,0,0,0
64448,64465,64456,21.8,-105.263,39.9982,43.4733,-55.5394,533.053,2.46288,0.433263,21.485,0.148766,0.000120877,0.864939,0.542419,0.32252,0.30786,0.2199,0.1466,0.0439799,0.01466,0,0,0,0,0,0,0
64466,64483,64474,21.7,-105.265,39.9982,44.2222,-56.8956,527.135,2.2843,0.414251,21.6695,0.15693,0.000125098,0.761435,0.527147,0.307502,0.278216,0.234288,0.131787,0.014643,0.014643,0.014643,0,0,0,0,0,0
64484,64501,64492,21.6,-105.266,39.9983,44.9394,-56.5322,525.606,2.31747,0.483903,26.3815,0.163554,0.000162761,0.5504,0.535916,0.347621,0.405558,0.217263,0.159326,0.0579368,0.0434526,0,0,0,0,0,0,0
64502,64519,64510,21.5,-105.268,39.9985,45.7539,-56.9139,521.989,2.65627,0.539815,30.7849,0.171086,0.000178855,0.674836,0.574329,0.473821,0.40203,0.301522,0.143582,0.0574329,0.0143582,0,0.0143582,0,0,0,0,0
64520,64538,64529,21.4,-105.269,39.9986,46.3722,-56.3244,521.411,2.76127,0.616351,35.7378,0.173949,0.000230831,0.686742,0.472135,0.515056,0.472135,0.286142,0.171685,0.0858427,0.0572285,0.0143071,0,0,0,0,0,0
64539,64558,64548,21.3,-105.271,39.9987,47.2275,-55.657,520.294,2.81637,0.572169,30.6143,0.160517,0.00018801,0.846173,0.555696,0.416772,0.391513,0.239959,0.239959,0.113665,0.0126294,0,0,0,0,0,0,0
64559,64576,64568,21.2,-105.272,39.9993,47.9006,-56.0767,517.187,2.78385,0.622915,35.7653,0.172248,0.000234572,0.660813,0.618634,0.407736,0.492095,0.210898,0.196838,0.140599,0.0562394,0,0,0,0,0,0,0
64578,64598,64588,21.1,-105.274,40,48.7133,-56.881,512.813,3.23409,0.625391,31.4157,0.150701,0.000177706,0.772514,0.824888,0.510645,0.445178,0.34043,0.261869,0.0785608,0,0,0,0,0,0,0,0
64599,64617,64608,21,-105.275,40.0005,49.4979,-56.6668,510.975,2.96774,0.632529,33.6234,0.159471,0.000201032,0.646439,0.631747,0.499521,0.426062,0.41137,0.264452,0.0587672,0.0293836,0,0,0,0,0,0,0
64618,64638,64628,20.9,-105.276,40.0011,50.2719,-58.5338,504.332,3.18813,0.62451,33.3995,0.160444,0.000199432,0.870707,0.709961,0.589401,0.401865,0.281305,0.241119,0.053582,0.026791,0.0133955,0,0,0,0,0,0
64639,64659,64649,20.8,-105.276,40.002,51.054,-59.084,500.821,3.62751,0.71889,39.6447,0.165441,0.000249019,1.03038,0.846888,0.663396,0.451674,0.225837,0.211722,0.155263,0.0282296,0.0141148,0,0,0,0,0,0
64660,64679,64670,20.7,-105.277,40.0031,51.91,-57.904,501.198,4.18315,0.924004,54.0972,0.17564,0.000355107,1.08088,0.912433,0.715909,0.561497,0.308823,0.379011,0.098262,0.112299,0.0140374,0,0,0,0,0,0
64680,64699,64690,20.6,-105.278,40.0037,52.7788,-57.0935,500.704,3.86638,0.724607,38.5413,0.159568,0.000236922,1.13523,1.02007,0.608749,0.411317,0.394864,0.098716,0.131621,0.0658107,0,0,0,0,0,0,0
64700,64718,64709,20.5,-105.279,40.0041,53.6269,-58.85,494.373,3.89496,0.793079,43.7129,0.165354,0.000267447,0.969333,0.740218,0.828339,0.687345,0.299612,0.211491,0.070497,0.070497,0.0176242,0,0,0,0,0,0
64719,64737,64728,20.4,-105.281,40.0042,54.5253,-57.2284,495.763,4.88525,0.924564,47.4114,0.153839,0.000270686,1.35374,1.08888,0.882877,0.632728,0.441438,0.38258,0.073573,0.0147146,0.0147146,0,0,0,0,0,0
64740,64756,64748,20.3,-105.282,40.0039,55.3812,-57.4859,492.957,4.48327,0.960072,66.2304,0.206955,0.000343736,1.28564,0.939508,0.988956,0.477995,0.296687,0.296687,0.115378,0.0494478,0,0.0164826,0,0.0164826,0,0,0
64758,64778,64768,20.2,-105.283,40.0034,56.2072,-57.9517,489.826,4.68018,0.936363,52.3135,0.167606,0.000329128,1.37285,1.01404,0.78003,0.624024,0.468018,0.202808,0.0936036,0.109204,0.0156006,0,0,0,0,0,0
64779,64797,64788,20.1,-105.283,40.0028,57.1706,-57.2978,488.937,5.58365,1.08318,59.5708,0.164988,0.000375237,1.69531,1.35314,0.88654,0.637687,0.497707,0.202193,0.217747,0.0777667,0.0155533,0,0,0,0,0,0
64799,64818,64808,20,-105.282,40.0024,58.0861,-58.1683,484.755,6.02679,1.05749,52.2648,0.148271,0.000287925,1.76432,1.56134,0.936806,0.811899,0.530857,0.281042,0.109294,0.0156134,0.0156134,0,0,0,0,0,0
64821,64840,64830,19.9,-105.282,40.0027,59.0528,-58.0567,482.734,6.94565,1.41162,80.9695,0.172077,0.000501843,1.73251,1.7169,1.18622,1.1394,0.546287,0.280948,0.17169,0.140474,0.0156082,0.0156082,0,0,0,0,0
64843,64864,64854,19.8,-105.281,40.0036,60.06,-57.5711,481.479,6.66148,1.22343,62.9996,0.154483,0.000361971,1.7538,1.72432,1.17902,0.987432,0.486347,0.353707,0.073689,0.0884267,0.0147378,0,0,0,0,0,0
64865,64885,64875,19.7,-105.281,40.0052,61.0278,-58.5089,477.21,6.5067,1.19048,63.0141,0.158795,0.000356322,1.73616,1.57975,1.26693,1.03231,0.453592,0.234616,0.109488,0.0782055,0,0.0156411,0,0,0,0,0
64888,64908,64898,19.6,-105.282,40.0073,62.0655,-58.63,474.643,6.66884,1.20723,59.6876,0.148325,0.000326364,1.67778,1.59319,1.32531,1.02923,0.57806,0.310179,0.112792,0.0281981,0.014099,0,0,0,0,0,0
64909,64930,64920,19.5,-105.282,40.009,63.0195,-59.2555,471.202,6.89355,1.29573,67.9477,0.157319,0.000395305,1.68101,1.68101,1.38436,1.13009,0.50854,0.282522,0.113009,0.0847567,0.0282522,0,0,0,0,0,0
64931,64950,64940,19.4,-105.283,40.0104,63.9784,-59.3437,468.989,6.39545,1.15791,57.433,0.148801,0.000318403,1.48731,1.63605,1.36833,0.966754,0.505687,0.252843,0.104112,0.0743657,0,0,0,0,0,0,0
64951,64973,64962,19.3,-105.282,40.0118,65.1168,-60.1463,464.868,7.06274,1.26301,63.6786,0.151254,0.000353105,1.74702,1.89634,1.28413,1.20948,0.462885,0.283704,0.104523,0.0447954,0.0298636,0,0,0,0,0,0
64974,64994,64984,19.2,-105.282,40.0134,66.2105,-58.27,466.743,7.52282,1.38327,72.1645,0.156508,0.000402722,1.82797,1.91234,1.51862,1.20927,0.506208,0.337472,0.140613,0.042184,0.0140613,0.0140613,0,0,0,0,0
64995,65014,65004,19.1,-105.282,40.0152,67.245,-59.7895,461.391,8.79282,1.57917,77.4959,0.147222,0.00042054,2.19467,2.03892,1.81237,1.48671,0.693798,0.339819,0.16991,0.0424774,0.0141591,0,0,0,0,0,0
65015,65035,65025,19,-105.282,40.0172,68.2295,-60.4367,458.084,8.09824,1.48143,75.4272,0.152746,0.000426652,1.89274,2.23073,1.56827,1.13565,0.730058,0.310951,0.135196,0.067598,0.0270392,0,0,0,0,0,0
65036,65056,65046,18.9,-105.283,40.0195,69.3952,-58.82,459.344,8.76447,1.56836,77.864,0.14894,0.000414997,2.01328,2.30856,1.89248,1.2885,0.644249,0.416078,0.174484,0.0134219,0,0.0134219,0,0,0,0,0
65057,65077,65067,18.8,-105.283,40.022,70.571,-58.9895,456.772,8.91007,1.62037,80.1032,0.148305,0.000435266,2.22417,1.86241,2.00979,1.50064,0.723524,0.401958,0.0937902,0.0803916,0.0133986,0,0,0,0,0,0
65078,65098,65088,18.7,-105.283,40.0245,71.6881,-57.639,457.602,9.86305,1.68089,83.5032,0.149034,0.000448143,2.55561,2.46243,2.19623,1.62388,0.58566,0.212967,0.119794,0.0399314,0.0665523,0,0,0,0,0,0
65099,65120,65110,18.6,-105.284,40.0269,72.8771,-58.6433,453.331,10.6168,1.94467,107.934,0.166508,0.000528352,2.58684,2.54642,2.34432,1.65719,0.916172,0.336828,0.0943118,0.0943118,0.0269462,0,0,0,0.0134731,0,0
65121,65143,65132,18.5,-105.285,40.0289,74.003,-58.9357,450.732,10.486,1.92901,99.8218,0.155243,0.000562384,2.40418,2.52643,2.32268,1.84728,0.787811,0.312408,0.122247,0.0950806,0.0679147,0,0,0,0,0,0
65144,65166,65155,18.4,-105.286,40.0305,75.2672,-58.3128,449.874,11.6662,2.18799,131.091,0.179742,0.000666341,2.87327,3.09829,2.49248,1.69627,0.796208,0.398104,0.103853,0.121162,0.0519266,0.0173089,0,0,0.0173089,0,0
65167,65191,65179,18.3,-105.287,40.0318,76.52,-58.2847,447.802,12.025,2.10409,98.9214,0.141042,0.000494328,2.67916,2.55454,2.94915,2.42993,0.789209,0.477679,0.0623059,0.0623059,0.0207686,0,0,0,0,0,0
65192,65213,65202,18.2,-105.287,40.0329,77.6773,-59.1441,444.106,12.0394,2.19903,115.352,0.157368,0.0005773,2.81441,2.91391,2.53012,2.08948,0.95235,0.469068,0.17057,0.0852851,0,0,0.0142142,0,0,0,0
65216,65217,65216,18.1,-105.287,40.0336,78.395,-60.07,441.029,10.2073,1.48092,60.6659,0.122895,0.000249127,3.14071,2.51257,2.51257,1.09925,0.628142,0.314071,0,0,0,0,0,0,0,0,0
