api/src/app/data/B2SAP/Locations/Boulder/NOAA-POPS-B2SAP_GMLBalloon_20210817_R0.ict
61,1001
Thornberry, T. D.
NOAA Chemical Sciences Laboratory
Portable Optical Particle Spectrometer (POPS)
Balloon Baseline Stratospheric Aerosol Profiles (B2SAP)
1,1
2021,08,17,2024,05,28
0
TIME_START,s,Seconds since midnight UTC on flight start day,Start time of 100 m altitude bin in UTC_seconds_since_midnight
28
1.0,1.0,1.0,1.0,1.0,1.0,1.0,1.0,1.0,1.0,1.0,1.0,1.0,1.0,1.0,1.0,1.0,1.0,1.0,1.0,1.0,1.0,1.0,1.0,1.0,1.0,1.0,1.0
99999,99999,99999,99999,99999,99999,99999,99999,99999,99999,99999,99999,99999,99999,99999,99999,99999,99999,99999,99999,99999,99999,99999,99999,99999,99999,99999,99999
TIME_STOP,s,End time of 100 m altitude bin in UTC seconds since midnight,
TIME_MID,s,Mid time of 100 m altitude in UTC seconds since midnight,
GPSAlt,m,GPS reported altitude above sea level (m),
GPS_Lon,deg,GPS reported longitude,
GPS_Lat,deg,GPS reported latitude,
iMet_Pressure,mb,Pressure reported (mB),
iMet_Temperature,degrees C,Ambient temperature (oC),
THETA,K,Potential temperature from iMet,
Aerosol_concentration,cm^-3,Aerosol concentration,
Surface_Area_Conc,um^2 cm^-3,Surface area concentration,
Volume_density,um^3 cm^-3,Volume density,
Effective_radius,um,Effective radius,
Extinction,km^-1,Extinction,
Bin01,cm^-3,particle concentration in size range [140 - 170 nm],
Bin02,cm^-3,particle concentration in size range [170 - 205 nm],
Bin03,cm^-3,particle concentration in size range [205 - 249 nm],
Bin04,cm^-3,particle concentration in size range [249 - 302 nm],
Bin05,cm^-3,particle concentration in size range [302 - 366 nm],
Bin06,cm^-3,particle concentration in size range [366 - 443 nm],
Bin07,cm^-3,particle concentration in size range [443 - 537 nm],
Bin08,cm^-3,particle concentration in size range [537 - 651 nm],
Bin09,cm^-3,particle concentration in size range [651 - 789 nm],
Bin10,cm^-3,particle concentration in size range [789 - 956 nm],
Bin11,cm^-3,particle concentration in size range [956 - 1159 nm],
Bin12,cm^-3,particle concentration in size range [1159 - 1404 nm],
Bin13,cm^-3,particle concentration in size range [1404 - 1702 nm],
Bin14,cm^-3,particle concentration in size range [1702 - 2062 nm],
Bin15,cm^-3,particle concentration in size range [2062 - 2500 nm],
0
19
PI_CONTACT_INFO: 325 Broadway R/CSL6, Boulder, CO 80305; troy.thornberry@noaa.gov; 303-497-3373 
PLATFORM: GML ECC/FPH balloon
LOCATION: Boulder, CO, USA
ASSOCIATED_DATA: N/A
INSTRUMENT_INFO: Printed Optical Particle Spectrometer counts particles from 140 - 2500 nm in diameter 
DATA_INFO: Particle concentrations reported in number per cubic centimeter, binned to 100 m altitude
UNCERTAINTY: Counting uncertainty dominated by air flow, less than 5 percent
ULOD_FLAG: -77777
ULOD_VALUE: 3000 ~3000 per cm3 (varies depending on flow rate- manufacturer quotes 1250  per cm3 at 1.667 cc/s)
LLOD_FLAG: -88888
LLOD_VALUE: 0 0 (varies depending on data field and measurement precision)
DM_CONTACT_INFO: Troy Thornberry, 325 Broadway R/CSL6, Boulder, CO 80305; troy.thornberry@noaa.gov; 303-497-3373
PROJECT_INFO: B2SAP Boulder, CO, USA
STIPULATIONS_ON_USE: Please contact the PIs for questions regarding applications and uncertainties
OTHER_COMMENTS: POPS bin Edges (nm):  140, 170, 205, 249, 302, 366, 443, 537, 651, 789, 956, 1159, 1404, 1702, 2062, 2500
Calculations assume sulfate refractive index of 1.45+0.00j and extinction wavelength = 532 nm
REVISION: R0
R0: QA/QC data
TIME_START,TIME_STOP,TIME_MID,GPSAlt,GPS_Lon,GPS_Lat,iMet_Pressure,iMet_Temperature,THETA,Aerosol_concentration,Surface_Area_Conc,Volume_density,Effective_radius,Extinction,Bin01,Bin02,Bin03,Bin04,Bin05,Bin06,Bin07,Bin08,Bin09,Bin10,Bin11,Bin12,Bin13,Bin14,Bin15
[from data line 232]
62590,62608,62599,24.9,-105.048,39.9731,26.6033,-54.7233,615.634,1.39001,0.381626,23.9151,0.187999,0.000167368,0.354316,0.16353,0.190786,0.190786,0.16353,0.218041,0.0545102,0.0545102,0,0,0,0,0,0,0
62610,62628,62619,25,-105.05,39.9743,26.1231,-55.1115,617.758,1.55035,0.379554,23.236,0.183658,0.000158511,0.508312,0.203325,0.177909,0.177909,0.203325,0.203325,0,0.0762467,0,0,0,0,0,0,0
62630,62647,62638,25.1,-105.052,39.9753,25.6906,-55.23,620.359,1.47102,0.280644,14.5339,0.155364,8.44768e-05,0.420291,0.294204,0.252175,0.273189,0.0840582,0.105073,0.0210145,0.0210145,0,0,0,0,0,0,0
62648,62666,62657,25.2,-105.053,39.9763,25.2939,-54.6372,624.836,1.48828,0.242553,11.0831,0.137081,5.58897e-05,0.470973,0.339101,0.244906,0.244906,0.131872,0.0188389,0.0376779,0,0,0,0,0,0,0,0
62667,62685,62676,25.3,-105.054,39.9769,24.8147,-54.4241,628.858,1.37463,0.306258,16.7031,0.163618,0.000101858,0.303227,0.202151,0.303227,0.222366,0.141506,0.161721,0.0202151,0.0202151,0,0,0,0,0,0,0
62686,62703,62694,25.4,-105.055,39.9773,24.4856,-54.1944,631.938,1.47318,0.29015,14.734,0.152342,8.22036e-05,0.324966,0.303302,0.281637,0.281637,0.151651,0.108322,0,0.0216644,0,0,0,0,0,0,0
62704,62723,62714,25.5,-105.056,39.9776,24.1259,-53.8171,635.699,1.88276,0.374276,19.5334,0.15657,0.000116516,0.579311,0.289655,0.331035,0.331035,0.124138,0.144828,0.0827587,0,0,0,0,0,0,0,0
62724,62743,62734,25.6,-105.057,39.9775,23.6787,-53.4647,640.14,1.78398,0.317868,15.3348,0.144728,8.34081e-05,0.475727,0.45194,0.333009,0.190291,0.214077,0.071359,0.0475727,0,0,0,0,0,0,0,0
62744,62763,62754,25.7,-105.059,39.9772,23.2468,-52.8147,645.41,1.5875,0.352106,20.3249,0.173171,0.000135578,0.566963,0.170089,0.30238,0.15119,0.132291,0.15119,0.0944939,0.0188988,0,0,0,0,0,0,0
62764,62783,62774,25.8,-105.061,39.9768,22.9311,-52.1674,649.853,1.1331,0.215202,10.7978,0.150526,6.12619e-05,0.30728,0.172845,0.30728,0.15364,0.07682,0.07682,0.03841,0,0,0,0,0,0,0,0
62785,62804,62794,25.9,-105.063,39.9762,22.5474,-51.9595,653.595,1.41907,0.324235,18.4412,0.170628,0.000119278,0.408226,0.233272,0.155515,0.252712,0.136075,0.155515,0.058318,0.0194393,0,0,0,0,0,0,0
62805,62824,62814,26,-105.065,39.9755,22.1978,-51.68,657.36,1.55373,0.283724,14.3564,0.1518,8.10544e-05,0.497195,0.29003,0.310747,0.207164,0.0828658,0.145015,0,0.0207164,0,0,0,0,0,0,0
62825,62844,62834,26.1,-105.068,39.9747,21.866,-51.59,660.454,1.28904,0.266632,14.5828,0.164078,8.93508e-05,0.32226,0.26539,0.246434,0.170608,0.151652,0.0947823,0,0.0379129,0,0,0,0,0,0,0
62845,62864,62854,26.2,-105.072,39.9741,21.4279,-51.9384,663.246,1.2527,0.268615,14.7665,0.164917,9.43801e-05,0.444506,0.121229,0.222253,0.121229,0.181843,0.0808192,0.0808192,0,0,0,0,0,0,0,0
62865,62884,62874,26.3,-105.075,39.9738,21.0735,-52.118,665.863,1.31123,0.248724,13.073,0.157681,7.83514e-05,0.332701,0.371842,0.176136,0.234848,0.0782825,0.0587119,0.0391413,0.0195706,0,0,0,0,0,0,0
62885,62907,62896,26.4,-105.078,39.9738,20.7157,-52.2435,668.762,1.07549,0.181423,8.501,0.140572,4.45589e-05,0.426782,0.170713,0.153641,0.102428,0.170713,0.0341425,0.0170713,0,0,0,0,0,0,0,0
62908,62929,62918,26.5,-105.082,39.9738,20.4509,-51.9486,672.11,1.38845,0.22295,10.5947,0.142562,5.59248e-05,0.566342,0.219229,0.255767,0.164422,0.109615,0.0548073,0,0.0182691,0,0,0,0,0,0,0
62930,62951,62940,26.6,-105.085,39.9739,20.1714,-50.9405,677.845,1.47691,0.286155,16.0851,0.168633,9.97631e-05,0.47407,0.291736,0.255269,0.200568,0.145868,0.036467,0.0547004,0,0.0182335,0,0,0,0,0,0
62952,62974,62963,26.7,-105.089,39.9742,19.8109,-49.7223,685.072,1.1768,0.217515,11.0028,0.151753,6.34113e-05,0.459686,0.128712,0.202262,0.183875,0.0735498,0.0919373,0.0367749,0,0,0,0,0,0,0,0
62975,62996,62986,26.8,-105.093,39.9747,19.5665,-49.3815,688.557,0.924904,0.192713,12.1066,0.188466,8.78349e-05,0.431622,0.205534,0.0822137,0,0.0616603,0.0616603,0.0411069,0.0411069,0,0,0,0,0,0,0
62997,63018,63008,26.9,-105.097,39.9756,19.3723,-49.5145,690.116,1.09025,0.180634,8.45862,0.140482,4.39074e-05,0.451139,0.22557,0.0939873,0.112785,0.112785,0.0939873,0,0,0,0,0,0,0,0,0
63019,63040,63030,27,-105.1,39.9765,19.165,-49.0009,693.821,1.09713,0.201648,10.6086,0.157828,6.57447e-05,0.365709,0.327214,0.115487,0.0962393,0.0577436,0.0769914,0.0577436,0,0,0,0,0,0,0,0
63041,63062,63052,27.1,-105.104,39.9771,18.9,-48.6868,697.573,1.09898,0.196211,9.87303,0.150955,5.72053e-05,0.366325,0.289204,0.115682,0.154242,0.0578408,0.0771211,0.0385606,0,0,0,0,0,0,0,0
63063,63083,63073,27.2,-105.107,39.9778,18.6511,-48.4279,701.027,1.102,0.128776,4.66875,0.108764,1.60305e-05,0.472285,0.404816,0.089959,0.0449795,0.089959,0,0,0,0,0,0,0,0,0,0
63084,63102,63093,27.3,-105.11,39.9785,18.2505,-48.2674,705.897,1.14927,0.184047,8.61407,0.140411,4.49683e-05,0.528663,0.206868,0.114927,0.114927,0.068956,0.114927,0,0,0,0,0,0,0,0,0
63103,63123,63113,27.4,-105.113,39.9794,17.9994,-48.3624,708.385,1.10489,0.154784,6.47501,0.125498,2.85838e-05,0.565292,0.179866,0.0770853,0.128476,0.128476,0.0256951,0,0,0,0,0,0,0,0,0
63124,63143,63134,27.5,-105.116,39.9807,17.7294,-49.375,708.252,0.974114,0.138564,6.29204,0.136227,3.30324e-05,0.500973,0.139159,0.166991,0.0834955,0.0278318,0.0278318,0.0278318,0,0,0,0,0,0,0,0
63144,63164,63154,27.6,-105.119,39.9824,17.5081,-49.3948,710.734,0.953486,0.137677,6.68839,0.145741,3.75326e-05,0.433403,0.260042,0.108351,0.0650104,0.0433403,0.0216701,0,0.0216701,0,0,0,0,0,0,0
63165,63184,63174,27.7,-105.121,39.9835,17.0564,-49.3829,716.111,1.04238,0.161615,7.17952,0.133271,3.46235e-05,0.390891,0.22802,0.195446,0.0651485,0.0977228,0.0651485,0,0,0,0,0,0,0,0,0
63185,63199,63192,27.8,-105.123,39.984,16.7636,-48.8782,721.26,0.744878,0.095767,3.89933,0.122151,1.66511e-05,0.372439,0.165528,0.0827642,0.0827642,0,0.0413821,0,0,0,0,0,0,0,0,0
57304,57662,57483,1.7,-105.197,39.9491,824.03,28.1872,318.469,739.901,214.225,13556,0.189837,0.0925242,109.795,108.945,111.773,113.086,144.977,76.4451,57.7792,14.8173,1.7626,0.266293,0.114125,0.101445,0.00634031,0.0253612,0.00634031
57405,57664,57534,1.8,-105.197,39.9491,824.19,28.745,319.04,737.242,215.64,14338.8,0.199483,0.0940464,106.656,111.165,116.565,114.449,137.941,75.1492,56.9464,15.4195,1.89265,0.500995,0.222664,0.0556661,0.166998,0,0.111332
63559,63559,63559,27.6,-105.165,39.9824,17.34,-46.11,723.169,0.452829,0.0468638,1.41763,0.09075,2.60181e-06,0,0.452829,0,0,0,0,0,0,0,0,0,0,0,0,0
63567,63580,63574,27.5,-105.167,39.9835,17.5831,-46.2869,719.723,0.871505,0.118309,5.29615,0.134296,2.82628e-05,0.313742,0.383462,0.0697204,0.0348602,0.0348602,0,0.0348602,0,0,0,0,0,0,0,0
63581,63596,63588,27.4,-105.169,39.9845,17.8983,-46.3533,715.87,1.01996,0.151164,6.97852,0.138496,3.74041e-05,0.528868,0.113329,0.151105,0.113329,0.0755525,0,0.0377763,0,0,0,0,0,0,0,0
63597,63610,63604,27.3,-105.171,39.9852,18.1609,-46.2255,713.289,0.698614,0.124346,5.70941,0.137746,2.77151e-05,0.16438,0.205475,0.0410949,0.16438,0.0821898,0.0410949,0,0,0,0,0,0,0,0,0
63611,63624,63618,27.2,-105.173,39.9857,18.4062,-46.6675,709.192,0.776665,0.151311,7.16236,0.142006,3.59382e-05,0.166428,0.110952,0.166428,0.166428,0.110952,0.055476,0,0,0,0,0,0,0,0,0
63625,63637,63631,27.1,-105.175,39.9861,18.6918,-46.9664,705.155,1.24244,0.158191,5.75304,0.109103,1.71865e-05,0.440866,0.360709,0.120236,0.32063,0,0,0,0,0,0,0,0,0,0,0
63640,63652,63646,27,-105.177,39.9864,19.0691,-45.99,704.161,1.35682,0.185451,7.30448,0.118163,2.83576e-05,0.438971,0.518784,0.0798129,0.159626,0.159626,0,0,0,0,0,0,0,0,0,0
63653,63667,63660,26.9,-105.179,39.987,19.3675,-46.6958,698.851,1.08568,0.195034,9.32898,0.143498,4.957e-05,0.289516,0.253326,0.289516,0,0.144758,0.108568,0,0,0,0,0,0,0,0,0
63668,63681,63674,26.8,-105.181,39.9875,19.6315,-48.0977,691.86,1.38532,0.296492,15.3096,0.154907,8.72734e-05,0.296854,0.164919,0.296854,0.362822,0.0659676,0.164919,0.0329838,0,0,0,0,0,0,0,0
63684,63695,63690,26.7,-105.184,39.9881,19.962,-47.475,690.456,1.58214,0.294931,17.9328,0.18241,0.000112791,0.470367,0.513127,0.213803,0.213803,0.0427606,0.0855212,0,0,0.0427606,0,0,0,0,0,0
63696,63710,63703,26.6,-105.186,39.9884,20.3173,-47.8173,685.957,1.18385,0.239597,12.9958,0.16272,8.00289e-05,0.310055,0.281869,0.140934,0.197308,0.169121,0.0281869,0.0281869,0.0281869,0,0,0,0,0,0,0
63711,63724,63718,26.5,-105.188,39.9885,20.5838,-49.2515,679.041,1.38546,0.273755,14.6708,0.160773,8.81673e-05,0.35442,0.38664,0.1611,0.22554,0.0966599,0.12888,0,0.03222,0,0,0,0,0,0,0
63725,63739,63732,26.4,-105.19,39.9886,20.9053,-49.5507,675.154,0.697534,0.140087,7.85077,0.168126,4.95795e-05,0.19531,0.19531,0.0558027,0.111605,0.0837041,0.0279014,0,0.0279014,0,0,0,0,0,0,0
63740,63753,63746,26.3,-105.192,39.9886,21.3215,-49.7108,670.867,1.76171,0.266888,11.8205,0.132871,5.68535e-05,0.629182,0.408968,0.283132,0.314591,0.0314591,0.0629182,0.0314591,0,0,0,0,0,0,0,0
63754,63765,63760,26.2,-105.194,39.9887,21.6292,-50.0183,667.215,1.39273,0.258253,14.0897,0.163673,8.85928e-05,0.475565,0.339689,0.203814,0.169845,0.0679379,0.0679379,0.0339689,0.0339689,0,0,0,0,0,0,0
63766,63776,63771,26.1,-105.196,39.9886,21.9145,-48.4245,669.469,0.990726,0.180911,10.0411,0.166508,6.33661e-05,0.366936,0.183468,0.220161,0.110081,0,0.0733871,0,0.0366936,0,0,0,0,0,0,0
63777,63786,63782,26,-105.198,39.9884,22.209,-49.164,664.723,1.58119,0.288761,13.213,0.137273,6.30913e-05,0.355767,0.158119,0.355767,0.553416,0.118589,0,0.0395297,0,0,0,0,0,0,0,0
63789,63799,63794,25.9,-105.2,39.9879,22.6136,-49.7445,659.599,1.25397,0.184739,7.74969,0.125849,3.33398e-05,0.465758,0.322448,0.107483,0.214965,0.107483,0.0358276,0,0,0,0,0,0,0,0,0
63800,63812,63806,25.8,-105.202,39.9875,22.9962,-50.2331,654.999,1.47596,0.245487,10.5665,0.129129,4.57729e-05,0.36146,0.301217,0.301217,0.301217,0.18073,0.0301217,0,0,0,0,0,0,0,0,0
63813,63826,63820,25.7,-105.203,39.9871,23.3864,-50.3443,651.54,1.0997,0.279849,19.0942,0.204691,0.000134376,0.219941,0.219941,0.247433,0.192448,0.0824778,0.0549852,0,0.0549852,0.0274926,0,0,0,0,0,0
63827,63839,63833,25.6,-105.205,39.9868,23.7746,-51.0485,646.426,1.21241,0.234904,12.0835,0.15432,7.10415e-05,0.384422,0.295709,0.118284,0.118284,0.147855,0.118284,0.0295709,0,0,0,0,0,0,0,0
63840,63852,63846,25.5,-105.206,39.9864,24.1185,-52.1654,640.553,1.4347,0.329984,20.7676,0.188806,0.000141371,0.409913,0.292795,0.204957,0.204957,0.146398,0.0585591,0.0878386,0,0.0292795,0,0,0,0,0,0
63853,63866,63860,25.4,-105.207,39.9862,24.5536,-52.0536,637.601,1.74898,0.3853,21.5785,0.168013,0.00013731,0.484333,0.295982,0.295982,0.242167,0.161444,0.188352,0.0538148,0.0269074,0,0,0,0,0,0,0
63867,63879,63873,25.3,-105.208,39.9863,24.8962,-52.5623,633.629,1.7773,0.332673,16.2328,0.146385,8.83285e-05,0.487325,0.37266,0.315328,0.200663,0.257995,0.114665,0.0286662,0,0,0,0,0,0,0,0
63880,63893,63886,25.2,-105.209,39.9865,25.2682,-53.4736,628.334,1.65045,0.368815,21.0515,0.171236,0.000136384,0.572604,0.202095,0.235778,0.168413,0.202095,0.202095,0.0336826,0.0336826,0,0,0,0,0,0,0
63894,63906,63900,25.1,-105.21,39.9868,25.6608,-54.1792,623.574,1.60648,0.31586,17.3098,0.164406,0.000108814,0.648229,0.197287,0.169103,0.310023,0.112736,0.0845516,0.0563678,0.0281839,0,0,0,0,0,0,0
63907,63919,63913,25,-105.211,39.9873,26.1246,-53.0977,623.446,1.55138,0.262146,11.7726,0.134725,5.66491e-05,0.387845,0.387845,0.249329,0.277032,0.221626,0,0.0277032,0,0,0,0,0,0,0,0
63920,63933,63926,24.9,-105.212,39.9877,26.5864,-52.2829,622.633,1.57426,0.304997,15.7776,0.155191,9.43094e-05,0.482434,0.253912,0.355477,0.152347,0.177739,0.0761737,0.0761737,0,0,0,0,0,0,0,0
63934,63947,63940,24.8,-105.214,39.9879,26.9667,-52.7433,618.819,1.34298,0.310432,18.3715,0.177541,0.000125179,0.350343,0.262757,0.262757,0.116781,0.145976,0.0875858,0.0875858,0.0291953,0,0,0,0,0,0,0
63948,63962,63955,24.7,-105.215,39.9879,27.4293,-54.5673,610.72,1.76633,0.350751,18.5379,0.158556,0.000110986,0.376818,0.494573,0.282613,0.306164,0.117756,0.117756,0.0471022,0.0235511,0,0,0,0,0,0,0
63963,63977,63970,24.6,-105.216,39.9877,27.8793,-52.2533,614.314,1.70982,0.332153,16.5291,0.14929,9.16635e-05,0.387559,0.387559,0.273571,0.341964,0.159583,0.113988,0.0455952,0,0,0,0,0,0,0,0
63978,63992,63985,24.5,-105.217,39.9875,28.344,-50.9593,615.013,1.42077,0.270126,13.5486,0.15047,7.47706e-05,0.360831,0.202967,0.293175,0.360831,0.135311,0.0225519,0.0225519,0.0225519,0,0,0,0,0,0,0
63993,64008,64000,24.4,-105.219,39.9876,28.8343,-52.8136,606.894,1.31885,0.26925,14.1661,0.157839,8.46632e-05,0.407646,0.263771,0.191833,0.119896,0.119896,0.191833,0.0239792,0,0,0,0,0,0,0,0
64009,64024,64016,24.3,-105.22,39.9877,29.2694,-54.305,600.208,1.53132,0.320324,17.375,0.162726,0.000110172,0.377585,0.398562,0.230746,0.125862,0.230746,0.0629309,0.104885,0,0,0,0,0,0,0,0
64025,64040,64032,24.2,-105.222,39.988,29.7519,-53.0625,600.812,1.94297,0.360068,18.402,0.153322,0.000108461,0.682106,0.372058,0.351388,0.144689,0.165359,0.165359,0.0620096,0,0,0,0,0,0,0,0
64041,64056,64048,24.1,-105.224,39.9886,30.164,-52.9387,598.782,1.95364,0.364997,17.705,0.145522,9.43208e-05,0.520971,0.347314,0.412436,0.325607,0.15195,0.173657,0.0217071,0,0,0,0,0,0,0,0
64057,64073,64065,24,-105.226,39.9893,30.7075,-53.3506,594.63,1.74823,0.38871,23.4644,0.181095,0.000158628,0.508206,0.406564,0.243939,0.182954,0.162626,0.101641,0.121969,0,0.0203282,0,0,0,0,0,0
64074,64089,64082,23.9,-105.228,39.99,31.174,-52.2973,594.901,1.92979,0.403943,22.2468,0.165222,0.000143713,0.636195,0.36051,0.318097,0.0848259,0.275684,0.127239,0.127239,0,0,0,0,0,0,0,0
64090,64106,64098,23.8,-105.23,39.9906,31.6738,-52.3444,592.092,2.16078,0.45858,27.2028,0.177959,0.000178379,0.693829,0.455945,0.317179,0.237884,0.158589,0.198237,0.0396474,0.0396474,0.0198237,0,0,0,0,0,0
64107,64123,64115,23.7,-105.231,39.9913,32.2013,-53.042,587.43,1.93061,0.388027,19.9278,0.15407,0.000115561,0.545607,0.335758,0.272803,0.356743,0.209849,0.146894,0.0629546,0,0,0,0,0,0,0,0
64124,64139,64132,23.6,-105.233,39.9918,32.6986,-53.125,584.651,1.62201,0.399339,25.0728,0.188358,0.000171925,0.399947,0.355509,0.244412,0.155535,0.177754,0.177754,0.0666579,0.0222193,0.0222193,0,0,0,0,0,0
64140,64156,64148,23.5,-105.234,39.9923,33.1556,-52.735,583.367,2.0239,0.395507,21.4346,0.162586,0.000132875,0.616807,0.501156,0.289128,0.212028,0.173477,0.154202,0.0385505,0.0385505,0,0,0,0,0,0,0
64157,64172,64164,23.4,-105.235,39.9929,33.7347,-53.1713,579.342,1.56467,0.30578,15.6992,0.154024,9.19175e-05,0.304806,0.508011,0.223525,0.243845,0.101602,0.121923,0.0609613,0,0,0,0,0,0,0,0
64173,64189,64181,23.3,-105.237,39.9935,34.2538,-52.6737,578.114,1.68408,0.344043,17.9723,0.156716,0.0001066,0.359522,0.378445,0.397367,0.208145,0.0946112,0.189222,0.0567667,0,0,0,0,0,0,0,0
64190,64206,64198,23.2,-105.238,39.9941,34.7456,-53.6881,573.122,1.74103,0.358385,21.0304,0.176043,0.000136829,0.599064,0.336974,0.24337,0.205928,0.168487,0.0936038,0.0561623,0.0187208,0.0187208,0,0,0,0,0,0
64207,64223,64215,23.1,-105.24,39.9946,35.3588,-54.0171,569.41,2.22749,0.502409,27.5284,0.164379,0.00017203,0.648955,0.26309,0.333247,0.350786,0.280629,0.245551,0.105236,0,0,0,0,0,0,0,0
64224,64241,64232,23,-105.242,39.9951,35.9028,-54.1417,566.606,1.97011,0.447167,25.9593,0.174159,0.00016707,0.390766,0.42333,0.390766,0.309356,0.195383,0.146537,0.0814096,0.0162819,0.0162819,0,0,0,0,0,0
64242,64260,64251,22.9,-105.243,39.9956,36.5141,-52.8171,567.295,1.93717,0.383078,19.8411,0.155382,0.000117072,0.565721,0.44572,0.257146,0.22286,0.188574,0.205717,0.0514292,0,0,0,0,0,0,0,0
64261,64279,64270,22.8,-105.244,39.9962,37.0863,-52.4632,565.674,1.8903,0.426992,24.5527,0.172505,0.000157677,0.453672,0.362938,0.272203,0.347815,0.211714,0.120979,0.105857,0,0.0151224,0,0,0,0,0,0
64280,64298,64289,22.7,-105.245,39.9966,37.7547,-51.2221,565.978,2.1497,0.44453,23.126,0.156071,0.000135786,0.552354,0.358284,0.373212,0.403069,0.19407,0.19407,0.0746424,0,0,0,0,0,0,0,0
64299,64317,64308,22.6,-105.248,39.9967,38.3295,-54.2816,555.76,2.09326,0.386241,19.572,0.152019,0.000113323,0.627979,0.523316,0.269134,0.358845,0.0747594,0.164471,0.0747594,0,0,0,0,0,0,0,0
