api/src/app/data/B2SAP/Locations/Boulder/NOAA-POPS-B2SAP_GMLBalloon_20231117_R0.ict
82,1001
Thornberry, T. D.
NOAA Chemical Sciences Laboratory
Portable Optical Particle Spectrometer (POPS)
Balloon Baseline Stratospheric Aerosol Profiles (B2SAP)
1,1
2023,11,17,2024,05,30
0
TIME_START,s,Seconds since midnight UTC on flight start day,Start time of 100 m altitude bin in UTC_seconds_since_midnight
49
1.0,1.0,1.0,1.0,1.0,1.0,1.0,1.0,1.0,1.0,1.0,1.0,1.0,1.0,1.0,1.0,1.0,1.0,1.0,1.0,1.0,1.0,1.0,1.0,1.0,1.0,1.0,1.0,1.0,1.0,1.0,1.0,1.0,1.0,1.0,1.0,1.0,1.0,1.0,1.0,1.0,1.0,1.0,1.0,1.0,1.0,1.0,1.0,1.0
99999,99999,99999,99999,99999,99999,99999,99999,99999,99999,99999,99999,99999,99999,99999,99999,99999,99999,99999,99999,99999,99999,99999,99999,99999,99999,99999,99999,99999,99999,99999,99999,99999,99999,99999,99999,99999,99999,99999,99999,99999,99999,99999,99999,99999,99999,99999,99999,99999
TIME_STOP,s,End time of 100 m altitude bin in UTC seconds since midnight,
TIME_MID,s,Mid time of 100 m altitude in UTC seconds since midnight,
GPSAlt,km,GPS reported altitude above sea level (km),
GPS_Lon,deg,GPS reported longitude,
GPS_Lat,deg,GPS reported latitude,
iMet_Pressure,hPa,Pressure reported (hPa),
iMet_Temperature,degrees C,Ambient temperature (oC),
THETA,K,Potential temperature from iMet,
Aerosol_concentration,cm^-3,Aerosol concentration,
Surface_Area_Conc,um^2 cm^-3,Surface area concentration,
Volume_density,um^3 cm^-3,Volume density,
Effective_radius,um,Effective radius,
Extinction,km^-1,Extinction,
Bin01,cm^-3,particle concentration in size range [140 - 146.14 nm],
Bin02,cm^-3,particle concentration in size range [146.14 - 152.56 nm],
Bin03,cm^-3,particle concentration in size range [152.56 - 159.25 nm],
Bin04,cm^-3,particle concentration in size range [159.25 - 166.24 nm],
Bin05,cm^-3,particle concentration in size range [166.24 - 173.54 nm],
Bin06,cm^-3,particle concentration in size range [173.54 - 181.16 nm],
Bin07,cm^-3,particle concentration in size range [181.16 - 189.11 nm],
Bin08,cm^-3,particle concentration in size range [189.11 - 197.41 nm],
Bin09,cm^-3,particle concentration in size range [197.41 - 206.07 nm],
Bin10,cm^-3,particle concentration in size range [206.07 - 215.12 nm],
Bin11,cm^-3,particle concentration in size range [215.12 - 224.56 nm],
Bin12,cm^-3,particle concentration in size range [224.56 - 234.41 nm],
Bin13,cm^-3,particle concentration in size range [234.41 - 244.70 nm],
Bin14,cm^-3,particle concentration in size range [244.70 - 361.30 nm],
Bin15,cm^-3,particle concentration in size range [361.30 - 472.80 nm],
Bin16,cm^-3,particle concentration in size range [472.80 - 567.00 nm],
Bin17,cm^-3,particle concentration in size range [567.00 - 610.66 nm],
Bin18,cm^-3,particle concentration in size range [610.66 - 657.69 nm],
Bin19,cm^-3,particle concentration in size range [657.69 - 708.33 nm],
Bin20,cm^-3,particle concentration in size range [708.33 - 762.88 nm],
Bin21,cm^-3,particle concentration in size range [762.88 - 821.62 nm],
Bin22,cm^-3,particle concentration in size range [821.62 - 884.89 nm],
Bin23,cm^-3,particle concentration in size range [884.89 - 953.03 nm],
Bin24,cm^-3,particle concentration in size range [953.03 - 1026.42 nm],
Bin25,cm^-3,particle concentration in size range [1026.42 - 1105.46 nm],
Bin26,cm^-3,particle concentration in size range [1105.46 - 1190.59 nm]],
[...]
LOCATION: Boulder, CO, USA
ASSOCIATED_DATA: N/A
INSTRUMENT_INFO: Printed Optical Particle Spectrometer counts particles from 140 - 2500 nm in diameter 
DATA_INFO: Particle concentrations reported in number per cubic centimeter, binned to 100 m altitude
UNCERTAINTY: Counting uncertainty dominated by air flow, less than 5 percent
ULOD_FLAG: -77777
ULOD_VALUE: 3000 ~3000 per cm3 (varies depending on flow rate- manufacturer quotes 1250  per cm3 at 1.667 cc/s)
LLOD_FLAG: -88888
LLOD_VALUE: 0 0 (varies depending on data field and measurement precision)
DM_CONTACT_INFO: Troy Thornberry, 325 Broadway R/CSL6, Boulder, CO 80305; troy.thornberry@noaa.gov; 303-497-3373
PROJECT_INFO: B2SAP Boulder, CO, USA
STIPULATIONS_ON_USE: Please contact the PIs for questions regarding applications and uncertainties
OTHER_COMMENTS: POPS bin Edges (nm):  140, 146.14, 152.56, 159.25, 166.24, 173.54, 181.16, 189.11, 197.41, 206.07, 215.12, 224.56, 234.41, 244.70, 361.30, 472.80, 567.00, 610.66, 657.69, 708.33, 762.88, 821.62, 884.89, 953.03, 1026.42, 1105.46, 1190.59, 1282.27, 1381.01, 1487.36, 1601.89, 1725.25, 1858.10, 2001.18, 2155.28, 2321.25, 2500
Calculations assume sulfate refractive index of 1.45+0.00j and extinction wavelength = 532 nm
REVISION: R0
R0: QA/QC data
TIME_START,TIME_STOP,TIME_MID,GPSAlt,GPS_Lon,GPS_Lat,iMet_Pressure,iMet_Temperature,THETA,Aerosol_concentration,Surface_Area_Conc,Volume_density,Effective_radius,Extinction,Bin01,Bin02,Bin03,Bin04,Bin05,Bin06,Bin07,Bin08,Bin09,Bin10,Bin11,Bin12,Bin13,Bin14,Bin15,Bin16,Bin17,Bin18,Bin19,Bin20,Bin21,Bin22,Bin23,Bin24,Bin25,Bin26,Bin27,Bin28,Bin29,Bin30,Bin31,Bin32,Bin33,Bin34,Bin35,Bin36
35912,36894,36403,1.8,-105.197,39.9491,827.52,9.81937,298.697,792.914,208.113,12915.6,0.186181,0.0891576,51.8887,58.1983,46.0424,40.0417,36.7545,33.7983,31.3053,29.8051,29.6507,26.893,25.7017,25.2163,23.7603,174.154,93.7836,59.7868,2.868,1.63255,0.772154,0.308861,0.0882461,0.198554,0.264738,0,0,0,0,0,0,0,0,0,0,0,0,0
35935,36771,36353,1.8,-105.197,39.9491,827.576,9.26,298.099,832.375,222.615,13951.8,0.188017,0.097124,48.7916,61.4089,51.1255,45.2909,40.4044,33.2571,32.1631,31.7984,27.933,28.5165,25.3075,27.2766,23.0466,181.236,100.501,68.0457,3.64661,1.16691,0.364661,0.437593,0.0729322,0.218797,0.364661,0,0,0,0,0,0,0,0,0,0,0,0,0
36984,36985,36984,2,-105.197,39.9494,805.415,7.575,298.627,669.202,164.429,9977.99,0.182048,0.0675854,46.5864,51.9324,42.386,38.5674,33.9852,34.7489,33.4124,25.3934,23.1023,23.4841,20.8111,21.0021,16.0379,135.75,75.2256,41.8132,2.29113,1.14557,0.572783,0.190928,0.572783,0,0.190928,0,0,0,0,0,0,0,0,0,0,0,0,0
37024,37027,37026,2.2,-105.198,39.9498,787.94,9.75,302.837,149.376,18.0067,758.975,0.126449,0.00335236,20.2602,22.8356,19.0583,12.7055,11.332,11.1603,9.9584,6.69617,6.35277,5.66599,4.29242,3.43393,3.60563,9.27162,1.37357,0.51509,0.343393,0,0.343393,0,0,0.171697,0,0,0,0,0,0,0,0,0,0,0,0,0,0
37079,37080,37080,2.4,-105.197,39.9506,763.61,8.35,304.05,122.337,14.7678,587.623,0.119373,0.00242375,13.2863,18.2902,13.6314,10.698,9.8353,8.80001,8.97255,6.55687,6.38432,5.86667,3.62353,3.27843,3.27843,7.41961,1.72549,0.345098,0,0.172549,0,0.172549,0,0,0,0,0,0,0,0,0,0,0,0,0,0,0,0
37140,37149,37144,2.7,-105.195,39.9519,737.547,5.97333,304.49,87.6617,10.8426,441.989,0.122292,0.00195879,9.21572,13.7112,9.4405,7.19276,9.32811,6.63082,6.29366,4.2707,2.69728,4.04593,2.36012,2.24774,2.24774,5.84412,1.01148,0.899095,0.224774,0,0,0,0,0,0,0,0,0,0,0,0,0,0,0,0,0,0,0
37165,37165,37165,2.8,-105.195,39.9521,728.85,5.09,304.557,98.8071,11.7514,441.249,0.112646,0.00163579,8.72854,10.1251,10.1251,11.8708,11.8708,10.1251,7.68112,4.53884,4.53884,3.49142,3.14227,1.74571,2.09485,6.98283,1.39657,0.349142,0,0,0,0,0,0,0,0,0,0,0,0,0,0,0,0,0,0,0,0
37179,37193,37186,2.9,-105.195,39.9522,721.817,4.35,304.589,99.9823,12.2951,483.21,0.117903,0.0019659,9.99823,12.4368,13.5342,9.63245,8.53508,6.94999,6.5842,5.97455,4.87719,2.43859,4.14561,3.04824,1.34123,8.77894,0.975438,0.609648,0,0.12193,0,0,0,0,0,0,0,0,0,0,0,0,0,0,0,0,0,0
37213,37220,37216,3,-105.194,39.9521,709.455,3.005,304.611,95.7852,10.9215,410.162,0.112666,0.0015198,13.0864,11.6324,12.1776,11.0871,9.8148,5.81618,6.5432,4.72565,3.08985,1.99931,3.45336,3.08985,1.81756,6.36145,0.727023,0.181756,0,0,0.181756,0,0,0,0,0,0,0,0,0,0,0,0,0,0,0,0,0
37267,37274,37270,3.3,-105.192,39.9519,687.563,0.686667,304.773,96.1985,11.6977,460.51,0.118102,0.00188058,11.2289,10.4186,10.8817,10.0713,7.64032,6.82998,7.0615,6.13541,4.63049,4.51473,3.93592,2.66253,2.19948,6.36693,0.694574,0.810337,0,0,0.115762,0,0,0,0,0,0,0,0,0,0,0,0,0,0,0,0,0
37298,37298,37298,3.4,-105.191,39.9512,677.49,-0.05,305.233,93.3365,11.4168,461.001,0.121137,0.00200386,10.2394,13.39,12.2086,7.48267,9.05797,5.51355,3.93825,5.51355,3.54442,4.7259,4.7259,4.7259,1.18147,5.11972,0.78765,0.78765,0.393825,0,0,0,0,0,0,0,0,0,0,0,0,0,0,0,0,0,0,0
37324,37324,37324,3.5,-105.189,39.9504,667.93,-0.86,305.567,84.1979,10.984,472.968,0.129179,0.00221,5.70834,11.7734,7.84896,12.8438,6.42188,6.42188,6.06511,5.35156,3.56771,4.63802,1.07031,1.78385,1.78385,6.06511,2.14063,0.356771,0,0,0.356771,0,0,0,0,0,0,0,0,0,0,0,0,0,0,0,0,0
37349,37349,37349,3.6,-105.187,39.9489,657.92,-0.86,306.888,55.2995,7.92076,367.869,0.139331,0.00188456,5.89861,6.26728,4.42396,4.79262,4.42396,4.42396,3.68663,2.94931,3.31797,2.94931,1.84332,0.737327,1.47465,6.63594,0.368663,0.737327,0,0,0.368663,0,0,0,0,0,0,0,0,0,0,0,0,0,0,0,0,0
37361,37375,37368,3.7,-105.185,39.9475,651.96,-1.33667,307.151,52.4678,6.95712,294.757,0.127103,0.00137735,5.85805,6.62215,5.22131,4.83926,4.07517,2.54698,2.92903,3.56577,3.94782,1.91023,2.29228,1.52819,1.52819,3.94782,0.764094,0.891443,0,0,0,0,0,0,0,0,0,0,0,0,0,0,0,0,0,0,0,0
37386,37386,37386,3.8,-105.183,39.946,645.68,-1.78,307.499,45.1822,5.96273,237.489,0.119487,0.00095288,5.15236,5.15236,5.5487,3.56702,1.98168,1.98168,5.15236,1.98168,1.18901,3.56702,0.396336,1.98168,1.18901,5.15236,1.18901,0,0,0,0,0,0,0,0,0,0,0,0,0,0,0,0,0,0,0,0,0
37431,37431,37431,4,-105.18,39.9429,629.49,-2.98,308.369,24.4508,3.70671,190.672,0.15432,0.00114676,3.5957,3.23613,3.95528,1.43828,1.07871,2.15742,0.719141,1.07871,1.43828,0.35957,0.35957,0.719141,0.719141,2.15742,0.719141,0.35957,0,0.35957,0,0,0,0,0,0,0,0,0,0,0,0,0,0,0,0,0,0
37462,37467,37464,4.1,-105.179,39.9405,617.595,-4.23,308.62,23.1195,2.51832,90.6159,0.107948,0.000312535,4.87677,5.05739,2.34807,1.62559,1.62559,0.541863,1.26435,0.722484,0.722484,0.541863,0.541863,0.722484,0.722484,1.44497,0.361242,0,0,0,0,0,0,0,0,0,0,0,0,0,0,0,0,0,0,0,0,0
37477,37477,37477,4.2,-105.179,39.9396,613.82,-4.65,308.674,20.9366,3.38216,168.193,0.149188,0.000971062,2.2432,2.2432,2.99094,0.747734,2.2432,1.86934,0.747734,0.373867,0.373867,1.1216,0.747734,0,1.49547,2.2432,0.747734,0.747734,0,0,0,0,0,0,0,0,0,0,0,0,0,0,0,0,0,0,0,0
37497,37497,37497,4.3,-105.178,39.9382,606.26,-5.5,308.788,18.5108,3.08696,178.839,0.173801,0.00115172,4.71843,3.2666,1.45182,0.725912,1.08887,0,0,0.362956,1.08887,1.08887,0.725912,0.725912,0.362956,1.45182,0.725912,0.362956,0,0,0.362956,0,0,0,0,0,0,0,0,0,0,0,0,0,0,0,0,0
37527,37527,37527,4.4,-105.177,39.9357,593.96,-7.03,308.826,20.6816,2.75003,110.624,0.12068,0.000451264,3.51196,2.73153,1.95109,1.95109,1.17065,0.390218,1.17065,0.780436,1.56087,1.17065,0,0,0.390218,3.51196,0.390218,0,0,0,0,0,0,0,0,0,0,0,0,0,0,0,0,0,0,0,0,0
37537,37549,37543,4.5,-105.177,39.9346,589.03,-7.64,308.857,18.7393,2.56707,117.209,0.136976,0.000569588,2.4657,2.58898,1.72599,1.6027,1.35613,1.35613,0.739709,1.23285,0.739709,0.616425,0.369855,1.10956,0.24657,2.09584,0.369855,0,0,0,0,0.123285,0,0,0,0,0,0,0,0,0,0,0,0,0,0,0,0
37558,37559,37558,4.6,-105.176,39.9334,583.845,-8.225,308.958,19.1941,2.63483,113.91,0.129697,0.000537953,3.54066,2.60891,2.42256,2.04986,0.559051,1.30445,0.559051,0.745402,0.372701,0.18635,0.18635,0.745402,0.931752,1.8635,1.1181,0,0,0,0,0,0,0,0,0,0,0,0,0,0,0,0,0,0,0,0,0
37602,37620,37611,4.8,-105.174,39.9306,568.38,-9.38,309.976,15.6224,2.42224,121.827,0.150885,0.000720704,2.70017,2.70017,2.31443,0.964347,1.15722,0.578608,0.964347,0.385739,0,0,0.385739,0,0.771478,1.15722,1.15722,0.385739,0,0,0,0,0,0,0,0,0,0,0,0,0,0,0,0,0,0,0,0
37640,37649,37644,4.9,-105.172,39.9296,558.67,-9.29333,311.611,15.3757,2.11331,100.131,0.142143,0.000559219,2.00009,2.50012,2.25011,1.50007,1.25006,1.12505,0.250012,0.750036,0.375018,0.250012,0.375018,0.500024,0.375018,1.25006,0.125006,0.375018,0.125006,0,0,0,0,0,0,0,0,0,0,0,0,0,0,0,0,0,0,0
37687,37693,37690,5.1,-105.168,39.9297,544.787,-10.57,312.336,13.7958,2.84532,193.25,0.203756,0.0012543,2.49639,1.31389,1.57667,1.31389,0.656945,0.919723,0.525556,0.262778,0.131389,0.262778,0.525556,0.262778,0.262778,1.70806,0.656945,0.656945,0.131389,0,0,0,0,0,0.131389,0,0,0,0,0,0,0,0,0,0,0,0,0
37701,37717,37709,5.2,-105.167,39.9297,538.467,-10.72,313.201,13.8519,1.79959,73.981,0.12333,0.00032173,2.7958,2.54163,1.14374,1.27082,0.635409,0.635409,0.127082,0.381245,0.76249,0.381245,0.508327,0.254163,0.254163,1.65206,0.508327,0,0,0,0,0,0,0,0,0,0,0,0,0,0,0,0,0,0,0,0,0
37723,37736,37730,5.3,-105.166,39.9298,532.86,-10.8933,313.933,11.3163,1.39076,56.2202,0.121272,0.000245702,2.05751,1.41454,1.02876,1.15735,1.02876,0.642972,1.02876,0.385783,0.385783,0.257189,0.128594,0.128594,0.385783,1.02876,0.128594,0.128594,0,0,0,0,0,0,0,0,0,0,0,0,0,0,0,0,0,0,0,0
37749,37755,37752,5.4,-105.165,39.9295,524.45,-11.59,314.525,6.31146,0.936311,47.0571,0.150774,0.00028223,1.53005,0.956282,0.382513,0.573769,0.956282,0.382513,0,0,0,0.382513,0,0,0.191256,0.382513,0.382513,0.191256,0,0,0,0,0,0,0,0,0,0,0,0,0,0,0,0,0,0,0,0
37790,37804,37797,5.6,-105.166,39.9296,510.925,-13.48,314.595,4.73716,0.555453,29.5326,0.159506,0.000194607,1.70538,1.3264,0.568459,0,0.378972,0,0,0.378972,0.189486,0,0,0,0,0,0,0,0.189486,0,0,0,0,0,0,0,0,0,0,0,0,0,0,0,0,0,0,0
37808,37817,37812,5.7,-105.166,39.9296,505.755,-14.15,314.699,5.22493,0.597795,26.3816,0.132395,0.000143874,1.86605,0.559814,0.186605,0.559814,0,0.559814,0.746418,0.186605,0,0,0,0.373209,0,0,0,0.186605,0,0,0,0,0,0,0,0,0,0,0,0,0,0,0,0,0,0,0,0
37836,37836,37836,5.8,-105.167,39.9296,498.88,-15.15,314.707,3.10233,0.431782,20.781,0.144385,0.000118259,1.55116,0,0,0.387791,0,0.387791,0,0,0.387791,0,0,0,0,0,0.387791,0,0,0,0,0,0,0,0,0,0,0,0,0,0,0,0,0,0,0,0,0
37868,37868,37868,5.9,-105.168,39.9295,489.35,-16.38,314.943,3.49515,0.356931,12.2295,0.102789,3.81236e-05,1.5534,0,0.38835,0,0.38835,0.38835,0.38835,0,0,0,0,0,0,0.38835,0,0,0,0,0,0,0,0,0,0,0,0,0,0,0,0,0,0,0,0,0,0
37872,37890,37881,6,-105.168,39.9295,485.917,-16.8833,314.954,4.1972,0.437797,15,0.102787,4.54355e-05,0.918139,1.0493,0.524651,0.262325,0.393488,0,0.131163,0,0.131163,0,0.131163,0.262325,0,0.393488,0,0,0,0,0,0,0,0,0,0,0,0,0,0,0,0,0,0,0,0,0,0
37906,37909,37908,6.1,-105.168,39.9297,476.89,-18.1367,315.099,3.42697,0.423093,19.8155,0.140505,0.000114311,1.31806,0.527226,0.263613,0.263613,0,0.395419,0,0.131806,0.131806,0,0,0,0,0.263613,0,0.131806,0,0,0,0,0,0,0,0,0,0,0,0,0,0,0,0,0,0,0,0
37914,37930,37922,6.2,-105.169,39.9299,472.84,-18.63,315.255,7.0521,0.819814,30.7991,0.112705,0.000114652,1.95892,0.391783,0.783566,0.783566,0.522378,0.391783,0,0.391783,0.391783,0.261189,0.261189,0,0.130594,0.652972,0.130594,0,0,0,0,0,0,0,0,0,0,0,0,0,0,0,0,0,0,0,0,0
37939,37939,37939,6.3,-105.169,39.9298,468.98,-19.14,315.355,8.35794,2.14858,191.795,0.267798,0.00141001,1.89953,0.379906,1.51963,0.379906,0.379906,0.379906,0,1.13972,0,0.379906,0,0,0.379906,0.759813,0,0,0,0,0.379906,0,0.379906,0,0,0,0,0,0,0,0,0,0,0,0,0,0,0
37987,37987,37987,6.5,-105.168,39.9301,454.45,-21.2,315.631,12.2692,1.72908,94.065,0.163205,0.000601688,3.56202,1.9789,0.791559,0.39578,1.18734,0.39578,0.39578,0.791559,0,0.39578,0,0.791559,0.39578,0.791559,0,0,0,0.39578,0,0,0,0,0,0,0,0,0,0,0,0,0,0,0,0,0,0
38015,38024,38020,6.6,-105.168,39.9306,446.407,-22.43,315.693,9.96486,1.18973,46.6124,0.117537,0.000192931,1.83563,0.786699,0.917816,1.04893,1.83563,0.262233,0.39335,0.262233,0.524466,0.131117,0.524466,0.262233,0.262233,0.786699,0,0.131117,0,0,0,0,0,0,0,0,0,0,0,0,0,0,0,0,0,0,0,0
38040,38041,38040,6.7,-105.167,39.9307,439.51,-23.435,315.831,12.7783,1.10825,32.8618,0.0889557,7.01941e-05,3.39424,2.5956,2.5956,1.19797,0.598984,0.399323,0.399323,0.399323,0.199661,0.399323,0.199661,0,0,0.399323,0,0,0,0,0,0,0,0,0,0,0,0,0,0,0,0,0,0,0,0,0,0
38050,38062,38056,6.8,-105.167,39.9307,435.255,-24.07,315.9,7.20587,0.849993,31.0439,0.109568,0.00010447,1.20098,1.00081,1.40114,0.400326,0.400326,0.200163,0.200163,0,0.600489,0.400326,0.200163,0.200163,0,1.00081,0,0,0,0,0,0,0,0,0,0,0,0,0,0,0,0,0,0,0,0,0,0
38104,38105,38104,7,-105.165,39.9304,421.075,-26.24,316.13,8.88488,1.25864,61.0621,0.145543,0.000352893,2.22122,1.00965,0.605788,1.21158,0.605788,0.605788,0,0.403858,0.605788,0,0.403858,0,0.201929,0.201929,0.605788,0.201929,0,0,0,0,0,0,0,0,0,0,0,0,0,0,0,0,0,0,0,0
38113,38125,38119,7.1,-105.165,39.9302,417.082,-26.895,316.151,10.3171,1.32456,57.9288,0.131203,0.00028552,2.02297,1.41608,1.31493,0.910336,0.809187,0.60689,0.202297,0.60689,0.404594,0.202297,0.101148,0.202297,0.303445,0.809187,0.303445,0,0.101148,0,0,0,0,0,0,0,0,0,0,0,0,0,0,0,0,0,0,0
38139,38147,38143,7.2,-105.163,39.9299,410.677,-27.9267,316.219,10.2457,1.04754,35.1291,0.100604,0.000101077,2.32236,2.04914,1.09287,1.09287,0.683047,0.136609,0.819656,0.273219,0.136609,0.273219,0.136609,0.136609,0.273219,0.819656,0,0,0,0,0,0,0,0,0,0,0,0,0,0,0,0,0,0,0,0,0,0
38150,38171,38160,7.3,-105.163,39.9296,406.76,-28.532,316.304,11.7873,1.55233,73.4893,0.142024,0.000386302,2.48576,1.76409,1.52353,0.882044,0.400929,0.882044,0.561301,0.481115,0.400929,0.320743,0.160372,0.320743,0.160372,1.04242,0.240557,0.0801858,0,0,0,0.0801858,0,0,0,0,0,0,0,0,0,0,0,0,0,0,0,0
38175,38180,38178,7.4,-105.162,39.9293,402.053,-29.2925,316.375,9.04552,1.11342,46.1519,0.124351,0.000212899,1.78922,1.78922,0.69581,0.596408,0.497007,0.69581,0.596408,0.497007,0.497007,0,0.0994014,0.198803,0,0.795211,0.198803,0.0994014,0,0,0,0,0,0,0,0,0,0,0,0,0,0,0,0,0,0,0,0
38211,38218,38214,7.5,-105.159,39.929,393.4,-30.5675,316.679,8.9107,1.1655,58.551,0.150711,0.000349112,1.63875,1.22906,1.33148,1.02422,0.614531,0.614531,0.409687,0.307266,0.102422,0.204844,0.307266,0.307266,0.102422,0.409687,0.102422,0,0,0.204844,0,0,0,0,0,0,0,0,0,0,0,0,0,0,0,0,0,0
38219,38242,38230,7.6,-105.159,39.9288,390.19,-30.914,316.972,10.458,1.15224,40.5391,0.105549,0.000129455,2.33295,0.884911,1.0458,0.965358,0.884911,0.724018,0.724018,0.724018,0.402232,0.241339,0.241339,0.321786,0.0804465,0.804465,0.0804465,0,0,0,0,0,0,0,0,0,0,0,0,0,0,0,0,0,0,0,0,0
38246,38260,38253,7.7,-105.158,39.9287,384.387,-31.7633,317.215,11.4016,1.84899,103.358,0.1677,0.000653621,2.44319,1.2216,1.2216,1.2216,0.814398,0.271466,0.814398,0.135733,0.407199,0,0.135733,0.678665,0.135733,1.08586,0.407199,0.135733,0.135733,0,0.135733,0,0,0,0,0,0,0,0,0,0,0,0,0,0,0,0,0
38268,38288,38278,7.8,-105.157,39.9287,379.082,-32.512,317.489,11.3988,1.26563,49.8475,0.118157,0.000218986,2.9736,1.5694,1.4042,0.908599,1.0738,0.825999,0.1652,0.495599,0.2478,0.2478,0.2478,0.2478,0.1652,0.578199,0.0825999,0.1652,0,0,0,0,0,0,0,0,0,0,0,0,0,0,0,0,0,0,0,0
38304,38318,38311,7.9,-105.156,39.9288,372.48,-33.4075,317.897,10.9073,1.30581,54.2201,0.124567,0.000254119,2.44649,1.9368,1.63099,0.71356,1.01937,0.611623,0.203874,0.305811,0.407748,0,0.203874,0.101937,0,0.917434,0.305811,0.101937,0,0,0,0,0,0,0,0,0,0,0,0,0,0,0,0,0,0,0,0
38322,38332,38327,8,-105.156,39.9289,367.847,-34.1167,318.097,6.02631,0.606006,27.0305,0.133813,0.000151141,2.52264,0.84088,0.280293,1.26132,0.280293,0.280293,0.140147,0.140147,0,0,0.140147,0,0,0,0,0,0.140147,0,0,0,0,0,0,0,0,0,0,0,0,0,0,0,0,0,0,0
38355,38359,38357,8.1,-105.154,39.9289,360.93,-34.835,318.86,11.8556,1.728,86.4517,0.15009,0.000522088,2.45288,1.02203,1.22644,1.43085,1.02203,0.613221,0.613221,0.408814,0.613221,0.408814,0.204407,0,0.204407,1.02203,0,0.613221,0,0,0,0,0,0,0,0,0,0,0,0,0,0,0,0,0,0,0,0
38364,38364,38364,8.2,-105.154,39.9287,359.62,-35.01,318.953,10.3983,1.23128,46.8596,0.114173,0.000176273,2.49559,3.32745,0.415932,0,0.831864,0.415932,0.831864,0,0,0,0,0,0,2.07966,0,0,0,0,0,0,0,0,0,0,0,0,0,0,0,0,0,0,0,0,0,0
38383,38400,38392,8.3,-105.152,39.9287,353.332,-35.4025,320.045,17.0149,2.07078,95.7952,0.138781,0.000511804,3.57103,2.94085,2.20564,1.68049,1.99558,0.735213,0.630182,0.315091,0.315091,0.315091,0.315091,0.210061,0.315091,0.945273,0.210061,0.10503,0.10503,0,0.10503,0,0,0,0,0,0,0,0,0,0,0,0,0,0,0,0,0
38404,38422,38413,8.4,-105.151,39.9289,348.22,-36.1417,320.38,19.4644,2.33935,94.5022,0.12119,0.000418759,3.25561,2.84,2.21659,1.80098,1.80098,1.38537,1.3161,1.03902,0.554146,0.554146,0.207805,0.277073,0.207805,1.45463,0.346342,0.207805,0,0,0,0,0,0,0,0,0,0,0,0,0,0,0,0,0,0,0,0
38431,38440,38436,8.5,-105.148,39.9293,341.98,-37.0567,320.795,25.7383,3.74755,183.784,0.147124,0.00102208,4.38399,3.39406,2.54555,1.69703,0.989934,1.55561,1.83845,1.55561,1.41419,0.989934,1.13135,0.565677,0.141419,2.12129,0.989934,0.141419,0,0.141419,0.141419,0,0,0,0,0,0,0,0,0,0,0,0,0,0,0,0,0
38445,38462,38454,8.6,-105.145,39.9296,337.92,-37.6575,321.071,21.0308,2.62361,121.685,0.139142,0.000657414,3.78554,2.94431,2.94431,2.31339,2.31339,1.15669,0.841232,0.736078,0.420616,0.841232,0.420616,0.105154,0.420616,1.15669,0.105154,0.315462,0.105154,0,0.105154,0,0,0,0,0,0,0,0,0,0,0,0,0,0,0,0,0
38475,38483,38479,8.7,-105.141,39.9293,332.627,-37.7233,322.43,24.0404,2.99333,128.931,0.129218,0.000643919,4.1931,3.07494,2.93517,2.37609,2.37609,1.25793,1.25793,1.53747,0.41931,0.698849,1.25793,0.13977,0.41931,1.25793,0.27954,0.559079,0,0,0,0,0,0,0,0,0,0,0,0,0,0,0,0,0,0,0,0
