api/src/app/data/B2SAP/Locations/Boulder/NOAA-POPS-B2SAP_GMLBalloon_20200312_R0.ict
61,1001
Thornberry, T. D.
NOAA Chemical Sciences Laboratory
Portable Optical Particle Spectrometer (POPS)
Balloon Baseline Stratospheric Aerosol Profiles (B2SAP)
1,1
2020,03,12,2024,05,30
0
TIME_START,s,Seconds since midnight UTC on flight start day,Start time of 100 m altitude bin in UTC_seconds_since_midnight
28
1.0,1.0,1.0,1.0,1.0,1.0,1.0,1.0,1.0,1.0,1.0,1.0,1.0,1.0,1.0,1.0,1.0,1.0,1.0,1.0,1.0,1.0,1.0,1.0,1.0,1.0,1.0,1.0
99999,99999,99999,99999,99999,99999,99999,99999,99999,99999,99999,99999,99999,99999,99999,99999,99999,99999,99999,99999,99999,99999,99999,99999,99999,99999,99999,99999
TIME_STOP,s,End time of 100 m altitude bin in UTC seconds since midnight,
TIME_MID,s,Mid time of 100 m altitude in UTC seconds since midnight,
GPSAlt,m,GPS reported altitude above sea level (m),
GPS_Lon,deg,GPS reported longitude,
GPS_Lat,deg,GPS reported latitude,
iMet_Pressure,mb,Pressure reported (mB),
iMet_Temperature,degrees C,Ambient temperature (oC),
THETA,K,Potential temperature from iMet,
Aerosol_concentration,cm^-3,Aerosol concentration,
Surface_Area_Conc,um^2 cm^-3,Surface area concentration,
Volume_density,um^3 cm^-3,Volume density,
Effective_radius,um,Effective radius,
Extinction,km^-1,Extinction,
Bin01,cm^-3,particle concentration in size range [140 - 170 nm],
Bin02,cm^-3,particle concentration in size range [170 - 205 nm],
Bin03,cm^-3,particle concentration in size range [205 - 249 nm],
Bin04,cm^-3,particle concentration in size range [249 - 302 nm],
Bin05,cm^-3,particle concentration in size range [302 - 366 nm],
Bin06,cm^-3,particle concentration in size range [366 - 443 nm],
Bin07,cm^-3,particle concentration in size range [443 - 537 nm],
Bin08,cm^-3,particle concentration in size range [537 - 651 nm],
Bin09,cm^-3,particle concentration in size range [651 - 789 nm],
Bin10,cm^-3,particle concentration in size range [789 - 956 nm],
Bin11,cm^-3,particle concentration in size range [956 - 1159 nm],
Bin12,cm^-3,particle concentration in size range [1159 - 1404 nm],
Bin13,cm^-3,particle concentration in size range [1404 - 1702 nm],
Bin14,cm^-3,particle concentration in size range [1702 - 2062 nm],
Bin15,cm^-3,particle concentration in size range [2062 - 2500 nm],
0
19
PI_CONTACT_INFO: 325 Broadway R/CSL6, Boulder, CO 80305; troy.thornberry@noaa.gov; 303-497-3373 
PLATFORM: GML ECC/FPH balloon
LOCATION: Boulder, CO, USA
ASSOCIATED_DATA: N/A
INSTRUMENT_INFO: Printed Optical Particle Spectrometer counts particles from 140 - 2500 nm in diameter 
DATA_INFO: Particle concentrations reported in number per cubic centimeter, binned to 100 m altitude
UNCERTAINTY: Counting uncertainty dominated by air flow, less than 5 percent
ULOD_FLAG: -77777
ULOD_VALUE: 3000 ~3000 per cm3 (varies depending on flow rate- manufacturer quotes 1250  per cm3 at 1.667 cc/s)
LLOD_FLAG: -88888
LLOD_VALUE: 0 0 (varies depending on data field and measurement precision)
DM_CONTACT_INFO: Troy Thornberry, 325 Broadway R/CSL6, Boulder, CO 80305; troy.thornberry@noaa.gov; 303-497-3373
PROJECT_INFO: B2SAP Boulder, CO, USA
STIPULATIONS_ON_USE: Please contact the PIs for questions regarding applications and uncertainties
OTHER_COMMENTS: POPS bin Edges (nm):  140, 170, 205, 249, 302, 366, 443, 537, 651, 789, 956, 1159, 1404, 1702, 2062, 2500
Calculations assume sulfate refractive index of 1.45+0.00j and extinction wavelength = 532 nm
REVISION: R0
R0: QA/QC data
TIME_START,TIME_STOP,TIME_MID,GPSAlt,GPS_Lon,GPS_Lat,iMet_Pressure,iMet_Temperature,THETA,Aerosol_concentration,Surface_Area_Conc,Volume_density,Effective_radius,Extinction,Bin01,Bin02,Bin03,Bin04,Bin05,Bin06,Bin07,Bin08,Bin09,Bin10,Bin11,Bin12,Bin13,Bin14,Bin15
59054,59100,59077,1.8,-105.197,39.9489,815.944,3.19538,292.883,205.102,51.5044,3673.39,0.213966,0.0212811,44.7049,42.7049,36.3949,27.8033,20.4229,16.2256,12.3946,3.49301,0.450711,0.169017,0.112678,0.0845084,0.0281695,0.0563389,0.0563389
59101,59118,59110,1.9,-105.198,39.949,807.396,2.05737,292.554,193.149,49.0925,3265.24,0.199536,0.0206921,41.344,38.2241,33.8026,28.0221,19.3322,14.9872,12.5755,3.86643,0.535941,0.210548,0.0957038,0.076563,0.0574223,0,0.0191408
59119,59139,59129,2,-105.198,39.9486,797.885,1.0675,292.488,201.794,51.0865,3494.98,0.205239,0.0210869,39.4854,42.3848,36.3324,30.7512,20.386,15.6202,12.286,3.46109,0.489264,0.289934,0.144967,0.0724836,0.0362418,0.0181209,0.0362418
59140,59160,59150,2.1,-105.199,39.9484,787.598,0.109524,292.554,200.169,50.0632,3439.1,0.206086,0.0205051,41.659,41.7792,35.5604,29.3588,20.254,14.4647,12.9186,3.33272,0.309221,0.223326,0.120253,0.0858948,0.0515369,0,0.0515369
59161,59182,59172,2.2,-105.2,39.9483,777.011,-0.949545,292.549,207.036,52.3633,3568.13,0.204426,0.0217565,42.9945,42.0294,37.3706,29.7168,21.9631,14.7918,13.311,3.84355,0.515801,0.166387,0.13311,0.0665549,0.0665549,0.0499162,0.0166387
59183,59203,59193,2.3,-105.201,39.9486,766.363,-1.95143,292.621,205.214,52.8075,3783.8,0.214958,0.0219369,41.5625,41.8961,36.4879,30.4476,21.9489,14.9604,13.3098,3.58207,0.386301,0.158032,0.245828,0.0702366,0.0526775,0.0702366,0.0351183
59204,59224,59214,2.4,-105.202,39.9487,756.671,-2.24429,293.368,197.405,50.4712,3499.59,0.208015,0.0212443,40.2825,40.4407,35.1681,28.595,19.6667,15.8529,12.9354,3.46233,0.509683,0.263629,0.0703011,0.0175753,0.0527258,0.0527258,0.0351505
59225,59246,59236,2.5,-105.202,39.949,746.788,-0.623636,296.241,156.837,38.2424,2564.09,0.201146,0.0152664,34.0597,33.028,28.1196,21.9965,15.8734,12.0798,8.43588,2.47918,0.316137,0.166388,0.149749,0.0665553,0.0332776,0.0166388,0.0166388
59247,59267,59257,2.6,-105.203,39.9494,737.288,-0.598,297.351,153.998,37.4724,2522.19,0.201924,0.0147596,32.4475,31.138,28.5189,22.2258,17.0968,10.9128,8.93034,2.21894,0.218257,0.0909403,0.0727522,0,0.0545642,0.0545642,0.0181881
59268,59286,59277,2.7,-105.203,39.95,728.304,-0.2105,298.815,151.011,35.2389,2259.17,0.192331,0.013462,33.0228,32.4776,27.4251,22.2091,15.2846,10.1049,8.14212,1.70839,0.236267,0.199918,0.145395,0.0181744,0.0181744,0,0.0181744
59287,59306,59296,2.8,-105.202,39.9504,719.747,-0.687,299.304,145.186,33.5786,2127.97,0.190119,0.0126135,31.9846,31.1781,26.6141,21.3903,14.7001,9.87948,7.09343,1.70462,0.293268,0.109976,0.146634,0.0366586,0.0366586,0.0183293,0
59307,59325,59316,2.9,-105.202,39.951,710.547,-1.05316,300.007,118.684,27.8735,1871.46,0.201424,0.0108816,27.2626,25.5864,20.9238,16.608,11.5408,8.65081,5.85712,1.77255,0.269736,0.0963342,0,0.0385337,0.0192668,0.0385337,0.0192668
59326,59343,59334,3,-105.2,39.9516,701.914,-1.29062,300.79,97.8692,22.1229,1429.43,0.193839,0.00807157,23.844,20.3989,17.067,14.7098,9.38347,7.02627,3.92111,1.1106,0.135992,0.0679962,0.135992,0.0226654,0.0226654,0.0226654,0
59343,59357,59350,3.1,-105.199,39.9522,693.427,-2.202,300.822,96.5323,22.0769,1524.78,0.207201,0.0085863,24.2859,22.2805,15.3346,13.0357,9.17143,6.04091,4.4512,1.49189,0.220114,0.0978286,0.0489143,0,0.0244571,0.0244571,0.0244571
59358,59369,59364,3.2,-105.197,39.9527,685.053,-2.69,301.33,84.8566,18.004,1023.71,0.170581,0.00658476,22.151,18.9175,15.0191,11.0302,7.4038,4.89557,4.04943,1.239,0.0906588,0.0604392,0,0,0,0,0
59370,59384,59377,3.3,-105.196,39.9529,676.192,-3.12769,301.963,73.5719,17.0078,1208.46,0.21316,0.00676177,18.6957,16.8655,12.7547,9.2352,6.50406,4.44866,3.63214,0.985464,0.168937,0.140781,0.0844683,0,0,0.0563122,0
59385,59399,59392,3.4,-105.194,39.9531,667.725,-3.92933,302.149,70.7167,15.8925,1009.56,0.190572,0.0060276,18.7206,15.2166,11.8351,9.16426,6.61591,4.50862,3.50398,0.808611,0.0980135,0.122517,0.0490067,0.0490067,0.0245034,0,0
59400,59413,59406,3.5,-105.191,39.9532,659.264,-4.74929,302.328,72.3162,15.384,898.319,0.175179,0.00550638,18.6257,16.3864,11.7234,10.4589,7.00769,3.89902,3.10868,0.869376,0.131724,0.0526894,0.0526894,0,0,0,0
59414,59428,59421,3.6,-105.19,39.9534,651.19,-5.72538,302.296,70.2995,15.0878,934.948,0.185901,0.00557146,18.4654,15.8437,11.8828,9.66012,6.38309,3.76146,3.10606,0.968862,0.14248,0.0569919,0,0,0,0.0284959,0
59430,59440,59435,3.7,-105.187,39.9535,642.921,-6.62818,302.374,69.4798,14.8552,927.942,0.187398,0.00520862,17.319,16.47,12.361,9.67827,5.80696,4.21089,2.71671,0.5773,0.135835,0.0679177,0.0679177,0,0.0679177,0,0
59441,59454,59448,3.8,-105.186,39.9533,634.714,-7.2875,302.732,63.8972,14.0734,1014.22,0.2162,0.00517918,16.3783,15.3838,11.0639,8.17362,5.59411,3.79157,2.36196,0.901274,0.0621568,0.0621568,0.0310784,0.0310784,0.0310784,0,0.0310784
59455,59466,59460,3.9,-105.184,39.9531,626.56,-8.08846,302.945,58.6333,12.356,752.646,0.182741,0.00442097,15.5307,13.6144,10.5826,7.35061,5.20549,3.06037,2.40253,0.572032,0.17161,0.0572032,0.0286016,0.0572032,0,0,0
59467,59484,59476,4,-105.181,39.9526,618.31,-8.80167,303.273,60.2362,13.2233,893.881,0.202797,0.00477812,16.1111,13.2025,10.9333,7.48827,5.5079,3.85759,2.24854,0.556979,0.103144,0.0618865,0.0825154,0.0412577,0.0206288,0.0206288,0
59487,59505,59496,4.1,-105.178,39.9523,610.091,-9.82737,303.25,61.787,13.3302,863.763,0.194393,0.00489314,15.9322,14.7631,10.78,8.1841,5.1324,3.40839,2.53648,0.753016,0.118897,0.0792649,0.0198162,0.0594487,0,0.0198162,0
59506,59524,59515,4.2,-105.175,39.9517,602.538,-9.8595,304.298,55.295,11.764,809.351,0.206397,0.00419372,14.1195,13.1995,9.83857,7.37893,4.95684,2.98537,2.00902,0.619604,0.0751036,0.0563277,0,0.0187759,0,0.0187759,0.0187759
59526,59537,59532,4.3,-105.172,39.951,594.93,-10.4477,304.723,54.7513,11.7037,721.429,0.184923,0.00418547,13.7602,12.8622,10.1391,7.06842,4.57709,3.47627,2.05679,0.492472,0.173814,0.0579378,0.0579378,0,0.0289689,0,0
59538,59550,59544,4.4,-105.17,39.9504,587.406,-10.9775,305.213,53.6689,11.9116,810.712,0.204181,0.00447822,14.0591,12.0551,9.17443,7.23308,4.85337,3.25645,2.03528,0.720177,0.0939361,0.0939361,0.031312,0.031312,0,0.031312,0
59551,59562,59556,4.5,-105.168,39.9498,579.612,-11.5869,305.669,53.539,11.0281,636.671,0.173195,0.00387423,14.3429,11.933,9.95872,7.0553,4.52933,2.72921,2.23563,0.609718,0.0290342,0.0871025,0.0290342,0,0,0,0
59563,59576,59570,4.6,-105.167,39.9493,572.807,-12.39,305.764,51.5304,10.4797,567.423,0.162435,0.00351354,13.0539,11.7862,9.14802,7.36638,4.52262,2.87803,2.29557,0.411147,0.0685245,0,0,0,0,0,0
59577,59588,59582,4.7,-105.165,39.9484,565.073,-13.2973,305.882,49.044,11.087,773.921,0.209414,0.00411798,12.347,10.5586,9.14845,6.1219,4.98694,3.16413,1.92599,0.51589,0.137571,0.0343927,0,0.0343927,0.0343927,0.0343927,0
59589,59601,59595,4.8,-105.163,39.9477,557.684,-13.8283,306.406,43.1702,9.83539,778.473,0.237451,0.00357898,10.7294,10.0667,7.63683,5.77496,3.94464,2.8717,1.57786,0.347129,0.0315572,0.0315572,0.126229,0,0,0,0.0315572
59602,59612,59607,4.9,-105.161,39.9468,550.235,-14.4364,306.869,41.6473,9.3928,725.847,0.231831,0.00353188,11.4996,8.66789,7.59736,5.07642,3.48788,3.10801,1.48494,0.587069,0.0345334,0.0345334,0,0.0345334,0,0,0.0345334
59613,59625,59619,5,-105.159,39.946,543.532,-15.121,307.127,35.9494,7.68372,528.051,0.20617,0.00273114,9.41622,8.34879,6.40455,4.30782,3.46913,2.40171,1.25804,0.152489,0.114367,0.0381223,0,0,0,0.0381223,0
59625,59634,59630,5.1,-105.157,39.9452,536.196,-16.06,307.197,35.7421,7.46164,474.69,0.190852,0.00255527,9.82813,8.10053,6.14258,5.1828,2.76416,2.1499,1.07495,0.307129,0.0383911,0.0767822,0,0.0383911,0.0383911,0,0
59635,59648,59642,5.2,-105.154,39.9442,528.254,-16.99,307.399,33.2971,7.38559,451.623,0.183448,0.00282886,8.68619,7.16787,5.64955,4.66088,2.93071,2.01265,1.55363,0.388407,0.211858,0,0.0353097,0,0,0,0
59649,59660,59654,5.3,-105.151,39.943,521.623,-17.4817,307.921,25.8467,5.19549,284.628,0.164351,0.0017751,6.79672,5.99899,4.72261,3.41432,2.29748,1.24447,0.989195,0.319095,0.063819,0,0,0,0,0,0
59661,59674,59668,5.4,-105.147,39.9414,514.427,-17.2617,309.409,14.8783,3.11236,198.556,0.191388,0.00109179,3.81494,3.71957,2.86121,1.8121,1.17627,0.635824,0.54045,0.286121,0,0,0,0,0.0317912,0,0
59676,59690,59683,5.5,-105.143,39.9401,507.808,-17.5023,310.261,14.1255,2.8479,161.71,0.170346,0.00100167,3.59023,3.73737,2.38368,1.79511,1.20655,0.735702,0.411993,0.205997,0.0294281,0.0294281,0,0,0,0,0
59691,59709,59700,5.6,-105.138,39.9387,500.869,-17.8035,311.115,8.5468,1.87569,111.195,0.177847,0.000721461,2.31875,1.78218,1.32226,1.3031,0.76653,0.421591,0.536571,0.0383265,0.0383265,0.0191632,0,0,0,0,0
59711,59729,59720,5.7,-105.131,39.9371,494.142,-17.3339,312.893,3.12032,0.682468,38.0505,0.167263,0.00023988,0.695746,0.65358,0.569247,0.505997,0.274082,0.274082,0.0843329,0.0632497,0,0,0,0,0,0,0
59730,59753,59742,5.8,-105.123,39.9356,487.523,-17.9252,313.382,5.33263,1.29772,87.0281,0.201188,0.000591152,1.37383,1.26537,0.958066,0.433841,0.451918,0.397688,0.289227,0.0903835,0.0361534,0.0361534,0,0,0,0,0
59754,59777,59766,5.9,-105.114,39.9338,480.91,-18.8314,313.488,4.7263,1.36819,113.301,0.248432,0.000622486,1.03875,1.02143,0.727123,0.605936,0.502061,0.276999,0.432811,0.0519373,0.0173124,0.0173124,0.0173124,0,0.0173124,0,0
59778,59807,59792,6,-105.104,39.9319,474.518,-19.3592,314.033,8.50553,2.06336,137.294,0.199616,0.000882228,2.06891,1.94631,1.44058,1.18005,0.490409,0.567035,0.613011,0.137927,0.0306506,0.0153253,0.0153253,0,0,0,0
59808,59839,59824,6.1,-105.093,39.9293,468.214,-19.7415,314.758,4.80981,1.10399,67.1802,0.182557,0.000447354,1.23438,0.978988,0.837106,0.681035,0.411459,0.255388,0.312141,0.0851294,0,0.0141882,0,0,0,0,0
59839,59866,59852,6.2,-105.083,39.927,461.945,-20.152,315.46,3.63356,0.892818,63.0859,0.211978,0.000378464,0.996546,0.797237,0.62859,0.352624,0.260635,0.245304,0.260635,0.0766574,0,0,0.0153315,0,0,0,0
59867,59895,59881,6.3,-105.074,39.9249,455.752,-20.8822,315.773,5.23963,1.28501,88.2482,0.206025,0.000525929,1.40168,0.834336,1.10132,0.650782,0.450541,0.350421,0.350421,0.0500602,0.0333734,0,0,0.0166867,0,0,0
59896,59922,59909,6.4,-105.065,39.9223,450.213,-21.388,316.24,8.37098,1.90212,130.572,0.205937,0.000761534,2.62075,1.77286,1.31038,0.863306,0.709144,0.508734,0.339156,0.20041,0.0154162,0,0.0308324,0,0,0,0
59923,59943,59933,6.5,-105.058,39.9198,444.204,-22.2074,316.421,7.72904,1.67766,97.3343,0.174054,0.000643087,2.19091,1.64318,1.21717,1.01431,0.608586,0.527441,0.365152,0.142003,0.0202862,0,0,0,0,0,0
59944,59965,59954,6.6,-105.051,39.9181,438.049,-22.9338,316.763,8.86212,2.36345,163.009,0.206912,0.00106688,2.00652,1.85789,1.28194,1.26336,0.780312,0.780312,0.594524,0.222946,0.0371577,0.0185789,0.0185789,0,0,0,0
59966,59986,59976,6.7,-105.044,39.9168,432.134,-23.6733,317.055,8.32507,2.07645,137.307,0.198377,0.00094842,2.2921,1.70826,1.21092,0.864942,0.951436,0.518965,0.454095,0.259483,0.0216236,0.0432471,0,0,0,0,0
59987,60005,59996,6.8,-105.038,39.9152,426.412,-24.3494,317.411,9.1772,2.15475,132.288,0.184181,0.000901979,2.37528,1.98659,1.6411,0.906923,0.777363,0.626209,0.690989,0.151154,0,0.0215934,0,0,0,0,0
60006,60022,60014,6.9,-105.033,39.9141,420.488,-25.0693,317.758,10.0549,2.33554,138.141,0.177442,0.000920884,2.59751,1.92718,1.53616,1.50823,0.893767,0.921697,0.418953,0.223442,0.0279302,0,0,0,0,0,0
60024,60038,60031,7,-105.028,39.9131,414.745,-25.8487,318.003,9.86002,2.68585,206.648,0.230818,0.00126965,2.81715,1.85202,1.59117,0.93905,0.912965,0.704287,0.652118,0.208678,0.130424,0,0.0521694,0,0,0,0
60039,60055,60047,7.1,-105.024,39.9122,409.312,-26.678,318.131,7.01102,1.90962,128.107,0.201255,0.000904263,1.62195,1.2557,1.20338,0.732494,0.863297,0.601692,0.444729,0.209284,0.052321,0.0261605,0,0,0,0,0
60056,60071,60064,7.2,-105.019,39.9114,403.676,-27.2886,318.604,3.81321,0.855521,51.1113,0.179229,0.000350611,1.09349,0.757035,0.700958,0.448613,0.252345,0.224307,0.224307,0.112153,0,0,0,0,0,0,0
60073,60086,60080,7.3,-105.014,39.9106,398.316,-27.9808,318.929,3.06734,1.21766,231.344,0.569972,0.000668986,0.941461,0.577024,0.485915,0.394806,0.212588,0.151849,0.182218,0.0303697,0.0303697,0.0303697,0,0,0,0,0.0303697
60088,60106,60097,7.4,-105.009,39.9103,392.528,-28.7588,319.246,2.62268,0.75152,52.1893,0.208335,0.000364762,0.510611,0.440982,0.533821,0.278515,0.348144,0.208886,0.185677,0.0928384,0,0.0232096,0,0,0,0,0
60107,60122,60114,7.5,-105.003,39.9097,387.454,-29.55,319.395,3.22242,0.792011,47.2449,0.178956,0.000324878,0.790404,0.699203,0.395202,0.395202,0.304001,0.334402,0.273601,0.0304001,0,0,0,0,0,0,0
60128,60141,60134,7.6,-104.997,39.9091,380.847,-30.5723,319.618,2.35357,0.72126,67.2611,0.279765,0.000341904,0.489054,0.641883,0.36679,0.275093,0.183395,0.122263,0.152829,0.0611317,0.0305658,0,0,0.0305658,0,0,0
60142,60162,60152,7.7,-104.992,39.9083,376.006,-31.4167,319.678,2.52223,0.602,40.4826,0.20174,0.00027,0.68587,0.486747,0.508872,0.265498,0.265498,0.110624,0.0884994,0.0884994,0,0.0221249,0,0,0,0,0
60163,60179,60171,7.8,-104.986,39.9078,370.644,-32.3841,319.709,3.60624,0.910387,60.1247,0.198129,0.000435445,1.01352,0.848527,0.471404,0.329983,0.282842,0.259272,0.259272,0.0942807,0.0471404,0,0,0,0,0,0
60180,60200,60190,7.9,-104.98,39.907,365.171,-33.3116,319.831,5.25493,1.29281,83.7237,0.194284,0.000597156,1.45619,1.20294,0.675333,0.61202,0.443187,0.316562,0.35877,0.126625,0.0633124,0,0,0,0,0,0
60202,60219,60210,8,-104.973,39.9063,360.338,-34.0142,320.107,7.28438,2.09714,151.59,0.216852,0.00111137,2.0211,1.3474,0.989496,0.842124,0.484222,0.652646,0.463168,0.378956,0.0631593,0.0421062,0,0,0,0,0
60220,60241,60230,8.1,-104.966,39.9061,354.962,-34.6716,320.603,8.64012,2.17125,142.196,0.196472,0.00100948,2.55612,1.79562,1.11962,0.887249,0.633749,0.739374,0.612624,0.232375,0.04225,0.021125,0,0,0,0,0
60243,60262,60252,8.2,-104.959,39.9061,349.68,-35.2015,321.269,7.5867,2.00926,138.921,0.207421,0.00098412,2.05809,1.47295,1.0694,1.00887,0.625499,0.544789,0.423725,0.282483,0.0605321,0.0403548,0,0,0,0,0
60263,60282,60272,8.3,-104.952,39.9063,344.891,-35.6035,321.99,9.03491,2.42269,186.669,0.23115,0.00113559,2.55437,1.79752,1.58466,0.875109,0.567638,0.638593,0.709548,0.189213,0.0473032,0.0236516,0.0473032,0,0,0,0
60282,60305,60294,8.4,-104.946,39.9068,339.923,-36.3362,322.327,9.57484,2.65013,199.303,0.225615,0.00127271,2.54691,1.99157,1.41708,0.938334,0.880885,0.61279,0.765987,0.325545,0.0382994,0.0191497,0.0191497,0.0191497,0,0,0
60305,60323,60314,8.5,-104.939,39.9078,335.368,-36.9284,322.759,9.91724,2.96348,230.689,0.233532,0.00154211,3.04982,1.47159,1.19433,1.3223,0.725132,0.810441,0.682477,0.49053,0.127964,0,0.0426548,0,0,0,0
60326,60347,60336,8.6,-104.932,39.9086,330.328,-37.6414,323.19,9.63607,2.61098,178.811,0.205452,0.0012548,2.31729,1.91177,1.39037,1.13933,1.12002,0.695187,0.714498,0.212418,0.077243,0.0579323,0,0,0,0,0
60350,60368,60359,8.7,-104.924,39.9099,325.388,-38.6253,323.226,10.4559,2.81699,189.893,0.202229,0.00137603,2.66194,2.18231,1.43889,1.27102,0.767406,0.83935,0.83935,0.359721,0.0719443,0.0239814,0,0,0,0,0
60369,60386,60378,8.8,-104.917,39.9115,320.456,-39.6,323.286,8.01335,1.88243,122.324,0.194946,0.000850255,2.68163,1.54588,1.07265,0.883362,0.599424,0.410132,0.599424,0.157743,0.0315486,0.0315486,0,0,0,0,0
60387,60402,60394,8.9,-104.912,39.9127,316.081,-40.4473,323.378,7.43491,1.90416,122.095,0.19236,0.000874284,1.8725,1.56959,1.10147,0.881175,0.578271,0.660881,0.440587,0.302904,0.0275367,0,0,0,0,0,0
60403,60421,60412,9,-104.906,39.914,311.506,-41.3341,323.498,6.51873,1.89461,151.145,0.239328,0.000907922,2.06867,1.1065,0.745685,0.55325,0.649467,0.55325,0.577304,0.216489,0,0,0.0481087,0,0,0,0
60422,60437,60430,9.1,-104.899,39.9151,307.029,-42.2188,323.599,6.48688,1.75892,137.043,0.233739,0.000883551,1.85339,1.49301,1.02966,0.540573,0.411866,0.386124,0.463349,0.180191,0.0772248,0.0257416,0.0257416,0,0,0,0
60438,60453,60446,9.2,-104.894,39.9161,302.89,-43.122,323.583,6.83981,1.86366,136.414,0.21959,0.000988204,2.04091,1.48931,0.882556,0.689497,0.468858,0.330959,0.606758,0.193059,0.0827397,0.0551598,0,0,0,0,0
