api/src/app/data/B2SAP/Locations/Boulder/NOAA-POPS-B2SAP_GMLBalloon_20200625_R0.ict
61,1001
Thornberry, T. D.
NOAA Chemical Sciences Laboratory
Portable Optical Particle Spectrometer (POPS)
Balloon Baseline Stratospheric Aerosol Profiles (B2SAP)
1,1
2020,06,25,2024,05,28
0
TIME_START,s,Seconds since midnight UTC on flight start day,Start time of 100 m altitude bin in UTC_seconds_since_midnight
28
1.0,1.0,1.0,1.0,1.0,1.0,1.0,1.0,1.0,1.0,1.0,1.0,1.0,1.0,1.0,1.0,1.0,1.0,1.0,1.0,1.0,1.0,1.0,1.0,1.0,1.0,1.0,1.0
99999,99999,99999,99999,99999,99999,99999,99999,99999,99999,99999,99999,99999,99999,99999,99999,99999,99999,99999,99999,99999,99999,99999,99999,99999,99999,99999,99999
TIME_STOP,s,End time of 100 m altitude bin in UTC seconds since midnight,
TIME_MID,s,Mid time of 100 m altitude in UTC seconds since midnight,
GPSAlt,m,GPS reported altitude above sea level (m),
GPS_Lon,deg,GPS reported longitude,
GPS_Lat,deg,GPS reported latitude,
iMet_Pressure,mb,Pressure reported (mB),
iMet_Temperature,degrees C,Ambient temperature (oC),
THETA,K,Potential temperature from iMet,
Aerosol_concentration,cm^-3,Aerosol concentration,
Surface_Area_Conc,um^2 cm^-3,Surface area concentration,
Volume_density,um^3 cm^-3,Volume density,
Effective_radius,um,Effective radius,
Extinction,km^-1,Extinction,
Bin01,cm^-3,particle concentration in size range [140 - 170 nm],
Bin02,cm^-3,particle concentration in size range [170 - 205 nm],
Bin03,cm^-3,particle concentration in size range [205 - 249 nm],
Bin04,cm^-3,particle concentration in size range [249 - 302 nm],
Bin05,cm^-3,particle concentration in size range [302 - 366 nm],
Bin06,cm^-3,particle concentration in size range [366 - 443 nm],
Bin07,cm^-3,particle concentration in size range [443 - 537 nm],
Bin08,cm^-3,particle concentration in size range [537 - 651 nm],
Bin09,cm^-3,particle concentration in size range [651 - 789 nm],
Bin10,cm^-3,particle concentration in size range [789 - 956 nm],
Bin11,cm^-3,particle concentration in size range [956 - 1159 nm],
Bin12,cm^-3,particle concentration in size range [1159 - 1404 nm],
Bin13,cm^-3,particle concentration in size range [1404 - 1702 nm],
Bin14,cm^-3,particle concentration in size range [1702 - 2062 nm],
Bin15,cm^-3,particle concentration in size range [2062 - 2500 nm],
0
19
PI_CONTACT_INFO: 325 Broadway R/CSL6, Boulder, CO 80305; troy.thornberry@noaa.gov; 303-497-3373 
PLATFORM: GML ECC/FPH balloon
LOCATION: Boulder, CO, USA
ASSOCIATED_DATA: N/A
INSTRUMENT_INFO: Printed Optical Particle Spectrometer counts particles from 140 - 2500 nm in diameter 
DATA_INFO: Particle concentrations reported in number per cubic centimeter, binned to 100 m altitude
UNCERTAINTY: Counting uncertainty dominated by air flow, less than 5 percent
ULOD_FLAG: -77777
ULOD_VALUE: 3000 ~3000 per cm3 (varies depending on flow rate- manufacturer quotes 1250  per cm3 at 1.667 cc/s)
LLOD_FLAG: -88888
LLOD_VALUE: 0 0 (varies depending on data field and measurement precision)
DM_CONTACT_INFO: Troy Thornberry, 325 Broadway R/CSL6, Boulder, CO 80305; troy.thornberry@noaa.gov; 303-497-3373
PROJECT_INFO: B2SAP Boulder, CO, USA
STIPULATIONS_ON_USE: Please contact the PIs for questions regarding applications and uncertainties
OTHER_COMMENTS: POPS bin Edges (nm):  140, 170, 205, 249, 302, 366, 443, 537, 651, 789, 956, 1159, 1404, 1702, 2062, 2500
Calculations assume sulfate refractive index of 1.45+0.00j and extinction wavelength = 532 nm
REVISION: R0
R0: QA/QC data
TIME_START,TIME_STOP,TIME_MID,GPSAlt,GPS_Lon,GPS_Lat,iMet_Pressure,iMet_Temperature,THETA,Aerosol_concentration,Surface_Area_Conc,Volume_density,Effective_radius,Extinction,Bin01,Bin02,Bin03,Bin04,Bin05,Bin06,Bin07,Bin08,Bin09,Bin10,Bin11,Bin12,Bin13,Bin14,Bin15
60910,62005,61458,1.8,-105.197,39.9491,820.21,29.5393,320.324,390.773,79.2109,4758.57,0.180224,0.0258883,100.492,90.9606,73.0227,52.2596,33.6045,22.5356,15.0804,2.05287,0.252873,0.149425,0.110344,0.0965514,0.0505745,0.0689653,0.0367815
60967,61983,61475,1.7,-105.197,39.9491,820.5,29.7973,320.563,373.881,75.1953,4478.7,0.178683,0.0245862,99.7927,87.0068,68.1288,48.5405,31.4487,21.7332,14.5235,2.02917,0.224435,0.129571,0.0994919,0.0809818,0.0555304,0.0532166,0.0347065
62006,62027,62016,1.9,-105.196,39.9485,808.906,26.0318,317.873,466.576,92.9877,5383.37,0.17368,0.0294978,116.008,108.408,91.5022,65.2092,39.0611,26.2608,17.1154,2.30245,0.273718,0.177112,0.0644042,0.0483031,0.0644042,0.016101,0.0644042
62028,62050,62039,2,-105.196,39.9485,799.453,25.6465,318.529,383.033,74.6386,4321.07,0.17368,0.0233474,100.951,93.1119,70.7058,49.8274,31.2328,21.6963,13.2554,1.77459,0.138881,0.12345,0.0617248,0.0617248,0,0.0462936,0.0462936
62051,62072,62062,2.1,-105.195,39.9489,791.102,25.1181,318.919,343.687,66.3113,3662.71,0.165705,0.0207039,93.6484,80.4654,66.1514,42.8913,27.1088,18.8208,12.5585,1.58669,0.135037,0.118158,0.101278,0.050639,0.0168797,0.0337593,0
62073,62090,62082,2.2,-105.193,39.9493,782.149,24.27,319.048,340.506,65.4079,3560.22,0.163293,0.0203,92.8797,81.0232,62.8931,43.5596,26.8499,20.1621,10.7321,1.89389,0.197281,0.177553,0.0394561,0.0394561,0.0394561,0.0197281,0
62091,62107,62099,2.3,-105.193,39.9498,773.418,23.3129,319.049,338.302,66.0244,3864.53,0.175596,0.0209019,90.8455,81.7904,62.3115,42.3903,27.4179,19.9001,11.4347,1.68466,0.315874,0.0631749,0,0.0210583,0.0210583,0.0631749,0.0421166
62108,62125,62116,2.4,-105.192,39.9501,764.333,22.3589,319.095,336.82,66.5678,3885.95,0.175128,0.021452,90.7345,80.8903,61.8608,40.6348,27.9152,20.1876,12.1605,1.95686,0.119808,0.139776,0.0998399,0,0.0599039,0.019968,0.039936
62126,62147,62136,2.5,-105.191,39.95,755.238,21.38,319.126,345.487,67.4824,3790.7,0.168519,0.0213847,93.3633,80.859,65.4463,43.3296,27.917,19.7834,12.3893,1.84032,0.262903,0.0821571,0.0985885,0.0657257,0.0164314,0.0164314,0.0164314
62148,62165,62156,2.6,-105.19,39.9499,746.893,20.495,319.176,346.917,67.3303,3606,0.160671,0.0211397,92.7175,82.2682,63.58,44.4497,28.9566,20.7177,11.7555,1.96929,0.301422,0.100474,0.0803792,0,0.0200948,0,0
62166,62182,62174,2.7,-105.189,39.9497,738.469,19.5682,319.207,342.373,67.0701,3882.71,0.173671,0.0212414,91.901,82.0263,62.5541,43.5725,28.2805,19.8774,12.0075,1.59958,0.213277,0.127966,0.106638,0.0426554,0,0.0213277,0.0426554
62183,62200,62192,2.8,-105.187,39.9495,729.892,18.7117,319.338,349.264,67.8869,3625.66,0.160222,0.0211846,93.9135,81.1007,63.722,45.3979,30.0306,20.3154,12.6921,1.72983,0.221257,0.0201143,0.0804571,0.0201143,0.0201143,0,0
62201,62219,62210,2.9,-105.186,39.9492,721.168,17.8116,319.446,354.898,69.7093,3949.91,0.169988,0.0221558,94.6665,83.1865,66.0339,46.3237,28.8634,19.9602,13.6337,1.80757,0.173065,0.0769177,0.0384589,0.0576883,0.0384589,0,0.0384589
62220,62237,62228,3,-105.185,39.949,713.354,17.0061,319.552,358.236,71.468,4156.99,0.174497,0.0228409,94.0678,83.2672,66.7197,45.8723,31.6684,20.8474,13.776,1.56916,0.0815146,0.0815146,0.142651,0.0203786,0.0407573,0.0611359,0.0203786
62238,62258,62248,3.1,-105.183,39.9488,704.758,16.0705,319.627,358.668,72.2393,4366.86,0.18135,0.0237375,95.7686,82.7682,66.3687,46.2198,30.0832,21.0775,13.7889,1.8572,0.297853,0.175208,0.105125,0.0525623,0.0175208,0.0175208,0.0700831
62259,62276,62268,3.2,-105.182,39.9482,696.594,15.1172,319.642,358.573,70.9,4034.76,0.170723,0.0226078,94.2305,83.5663,67.4366,46.4988,30.2869,21.3077,13.0476,1.64379,0.164379,0.205474,0.102737,0.0205474,0,0.0410948,0.0205474
62277,62297,62287,3.3,-105.18,39.9476,688.48,14.2086,319.7,363.271,72.4114,4185.66,0.173412,0.0229777,93.8401,83.8359,68.8032,48.5144,31.6947,21.1648,13.1579,1.73454,0.122644,0.122644,0.0876028,0.0350411,0.0876028,0.0525617,0.0175206
62298,62319,62308,3.4,-105.178,39.9471,679.98,13.2918,319.811,357.996,72.3913,4449.61,0.184398,0.0233667,92.9922,81.0302,68.1897,48.4559,31.003,21.153,12.5364,2.01055,0.202745,0.101372,0.0337908,0.0506861,0.118268,0.0506861,0.0675815
62320,62340,62330,3.5,-105.176,39.9465,671.879,12.3962,319.903,363.465,74.3058,4295,0.173405,0.0244626,91.5506,84.1156,66.7909,48.442,32.7774,23.5057,13.2628,2.41945,0.158942,0.194262,0.0883011,0.0706409,0.0176602,0.0706409,0
62341,62363,62352,3.6,-105.174,39.9459,663.419,11.3843,319.932,360.011,73.608,4143.4,0.168871,0.0239851,89.3892,81.1816,67.7895,49.5053,31.855,23.7775,13.961,2.08033,0.195031,0.0487577,0.130021,0.0162526,0.0487577,0.0325051,0
62364,62385,62374,3.7,-105.173,39.9453,655.762,10.6105,320.12,371.195,77.5158,4495.04,0.173966,0.0260758,91.7064,82.1794,67.3338,53.3656,33.2371,25.1964,15.365,2.18477,0.286527,0.179079,0.0716317,0.0179079,0,0.0537237,0.0179079
62386,62407,62396,3.8,-105.171,39.9447,648.226,9.72318,320.171,370.551,78.8243,4592.63,0.174793,0.0270431,89.7129,81.7259,67.6423,51.4299,34.7067,26.1918,15.7866,2.6907,0.374655,0.0681191,0.136238,0.0340596,0,0.0340596,0.0170298
62408,62426,62417,3.9,-105.169,39.9441,640.808,8.82842,320.208,366.662,78.0508,4619.1,0.177542,0.0267339,88.2565,81.2417,67.5471,51.0938,33.7932,25.5568,16.1183,2.48277,0.236454,0.118227,0.039409,0.0985226,0.0197045,0.0197045,0.039409
62427,62445,62436,4,-105.168,39.9433,632.746,7.85421,320.266,368.266,77.6465,4503.1,0.173984,0.0263298,89.8548,81.8832,66.5164,50.7918,35.2859,25.6643,14.9891,2.76323,0.258432,0.0795175,0.0596382,0.0596382,0,0.0397588,0.0198794
62446,62464,62455,4.1,-105.166,39.9426,625.366,6.98,320.338,374.304,80.4749,4730.13,0.176333,0.0276821,87.883,82.5682,68.1765,52.1326,38.0594,26.0165,15.8647,3.02564,0.278678,0.0597166,0.119433,0.0199055,0.0398111,0.0398111,0.0199055
62465,62480,62472,4.2,-105.165,39.942,618.182,6.11437,320.402,377.598,82.0241,4732.11,0.173075,0.0285801,85.3968,84.9737,68.5431,51.8304,38.3616,27.4078,17.7939,2.84421,0.141035,0.141035,0.141035,0,0,0,0.0235059
62481,62497,62489,4.3,-105.164,39.9416,610.609,5.29176,320.584,376.089,85.8661,5149.04,0.179898,0.0314076,83.2092,79.3805,65.8907,53.8256,40.5584,29.584,19.411,3.60618,0.289385,0.0890415,0.133562,0.0667811,0,0.0222604,0.0222604
62498,62512,62505,4.4,-105.163,39.9411,603.035,4.372,320.673,376.496,86.3996,5081.66,0.176447,0.0316045,81.719,76.2677,69.0415,55.7809,39.5791,29.9442,20.284,3.11866,0.278905,0.20284,0.25355,0,0.025355,0,0
62513,62529,62521,4.5,-105.162,39.9406,595.699,3.52765,320.814,377.648,86.8995,5235.91,0.180758,0.0316276,81.6897,78.7212,66.1553,55.7544,40.4208,31.4483,20.0207,2.72299,0.334794,0.111598,0.0669588,0.0669588,0.0892784,0.0223196,0.0223196
62530,62548,62539,4.6,-105.161,39.9403,588.046,2.59316,320.911,364.68,84.4708,5081.11,0.180457,0.0311997,78.7077,75.1054,63.8758,53.7531,40.1287,29.8852,19.1386,3.36083,0.301871,0.221372,0.0402494,0.100624,0.0201247,0.0201247,0.0201247
62549,62565,62557,4.7,-105.159,39.94,581.055,1.68235,320.948,355.052,81.1825,4875.03,0.180151,0.0293259,76.3528,72.5016,64.5305,52.529,38.9601,28.9962,17.7336,2.91081,0.223909,0.134345,0.0671726,0,0.0447817,0.0447817,0.0223909
62566,62582,62574,4.8,-105.158,39.9396,573.97,0.808824,321.054,347.277,80.0395,4872.65,0.182634,0.0291718,74.94,70.9032,63.1453,50.6516,37.594,28.5507,18.0415,2.86409,0.270623,0.0676557,0.0676557,0.0451038,0.0676557,0.0451038,0.0225519
62583,62599,62591,4.9,-105.157,39.9392,566.898,-0.159412,321.052,369.216,88.5101,5403.26,0.18314,0.0335459,76.3598,71.8108,67.1486,53.2527,42.1178,32.7935,21.5455,3.44004,0.430005,0.0678955,0.113159,0.0678955,0.0226318,0.0226318,0.0226318
62600,62616,62608,5,-105.156,39.9386,559.645,-1.11059,321.109,371.518,89.981,5397.1,0.179941,0.0344511,76.825,69.2016,65.2193,57.1864,41.6894,34.6577,22.3011,3.8458,0.386856,0.0682686,0.0227562,0.0682686,0,0.0455124,0
62617,62632,62624,5.1,-105.154,39.9381,552.918,-1.98812,321.187,370.754,90.3271,5385.52,0.178867,0.0345848,72.8611,71.0845,65.7064,56.6048,42.8308,34.216,23.1919,3.8207,0.219021,0.0486714,0.146014,0,0,0.0243357,0
62633,62649,62641,5.2,-105.152,39.9375,546.101,-2.97313,321.158,379.877,92.255,5436.33,0.176782,0.0352039,74.0073,73.7643,67.8846,56.7811,44.1954,35.3272,23.7863,3.64448,0.242966,0.0971862,0.0971862,0.0485931,0,0,0
62650,62665,62658,5.3,-105.151,39.937,539.273,-3.87375,321.238,382.668,94.6993,5745.33,0.182007,0.036782,74.1883,71.3846,68.1421,59.0484,45.6394,35.9361,23.0635,4.5103,0.31694,0.2438,0.04876,0.04876,0.07314,0.02438,0
62666,62682,62674,5.4,-105.149,39.9363,532.676,-4.81438,321.241,378.744,93.4991,5777.53,0.185377,0.036009,71.4843,72.3687,67.4311,59.2509,45.863,34.4894,23.0912,4.12693,0.368476,0.0736952,0.0982603,0,0.0491301,0,0.0491301
62683,62700,62692,5.5,-105.148,39.9358,525.701,-5.78833,321.281,374.254,94.247,5870.23,0.186857,0.0370382,69.1823,71.8992,65.3352,56.8586,44.7523,37.558,24.1475,3.84709,0.369494,0.152145,0.0217349,0,0.0434699,0.0652048,0.0217349
62701,62716,62708,5.6,-105.146,39.9355,519.031,-6.7125,321.34,375.824,95.1413,5962.12,0.187998,0.0377601,70.4301,71.61,65.9314,57.2536,44.618,36.4073,23.87,4.892,0.393327,0.122915,0.17208,0.0737488,0,0.0245829,0.0245829
62717,62735,62726,5.7,-105.145,39.9352,512.293,-7.66444,321.397,379.21,94.2205,5647.7,0.179824,0.0367231,70.1753,72.785,68.2894,57.9166,44.4078,36.0306,25,4.03508,0.350877,0.0877191,0.0877191,0,0.0219298,0.0219298,0
62736,62753,62744,5.8,-105.143,39.9347,505.808,-8.64889,321.371,388.302,98.75,6180.4,0.187759,0.0394607,73.1176,73.4272,66.8807,59.4495,46.7103,37.5319,25.6111,4.48968,0.575032,0.243283,0.1327,0.0884665,0,0.0221166,0.0221166
62754,62771,62762,5.9,-105.142,39.9344,499.367,-9.50778,321.5,361.536,90.446,5807.19,0.192619,0.0354059,68.2694,69.2877,64.7054,54.5668,43.6534,34.1347,22.4465,3.63041,0.442733,0.19923,0.0664099,0,0.0221366,0.0442733,0.0664099
62772,62791,62782,6,-105.141,39.9342,492.755,-10.3705,321.669,337.821,81.8135,4893.68,0.179445,0.0310873,65.5215,65.0038,60.5243,51.7443,41.3317,29.844,19.6704,3.60358,0.378277,0.0995465,0,0.0398186,0.0398186,0,0.0199093
62792,62811,62802,6.1,-105.14,39.9339,486.265,-11.2835,321.765,326.78,78.9547,4745.46,0.180311,0.029562,62.0094,64.2312,58.4466,51.9414,38.4306,29.9238,18.2145,2.86228,0.380303,0.10008,0.10008,0.0400319,0.0800638,0.0200159,0
62812,62833,62822,6.2,-105.139,39.9337,479.833,-12.08,322.019,316.505,74.5377,4479.52,0.180292,0.0269716,62.0626,60.9003,58.8563,50.5399,36.1715,28.8971,16.3723,2.32459,0.180356,0.0400792,0.0200396,0.0601188,0.0400792,0,0.0400792
62834,62854,62844,6.3,-105.138,39.9337,474.005,-12.4184,322.725,284.006,64.4402,3847.17,0.179104,0.0224682,57.9367,57.3668,53.7787,45.6528,31.9127,22.056,12.8326,1.85735,0.232169,0.084425,0.126638,0.147744,0,0,0.0211063
62855,62876,62866,6.4,-105.137,39.9338,467.722,-12.9514,323.292,250.978,55.861,3245.14,0.174279,0.0194556,53.9504,50.2102,47.2363,40.2484,26.8931,19.3397,10.5638,2.07993,0.237185,0.10947,0.03649,0.018245,0.018245,0.03649,0
62877,62904,62890,6.5,-105.135,39.9336,461.754,-13.4285,323.883,209.578,46.2047,2618.6,0.170022,0.01594,46.6937,42.2552,38.4423,31.8292,23.2649,16.3242,8.95149,1.45964,0.148943,0.119155,0.044683,0.0148943,0.0297887,0,0
62905,62926,62916,6.6,-105.133,39.9334,455.689,-14.2177,324.119,201.536,44.2765,2497.65,0.169231,0.0152659,44.0636,42.2827,37.2337,30.0734,21.7197,15.5141,8.97796,1.32191,0.220318,0.0367197,0.0550795,0.0367197,0,0,0
62927,62952,62940,6.7,-105.131,39.9332,449.212,-14.9144,324.58,195.676,42.3207,2442.86,0.173167,0.0143506,43.9325,40.5382,36.7721,30.1935,20.948,13.7875,7.77467,1.35774,0.193963,0.0808178,0.0484907,0,0.0161636,0.0323271,0
62953,62982,62968,6.8,-105.128,39.9327,443.269,-15.6089,324.94,191.108,41.9262,2616.71,0.187237,0.0143282,43.3083,39.0669,35.5324,29.1126,21.5387,13.6619,7.25652,1.22625,0.201971,0.0577059,0.0577059,0,0,0.0577059,0.028853
62983,63012,62998,6.9,-105.125,39.9323,437.23,-16.3893,325.225,186.126,40.9923,2465.5,0.180436,0.0141251,41.5836,39.7586,33.3912,28.0649,19.521,14.6813,7.55697,1.13557,0.229818,0.0540749,0.0811123,0.0270374,0.0135187,0,0.0270374
63013,63034,63024,7,-105.122,39.9318,431.874,-17.0824,325.489,172.422,37.2035,2141.86,0.172714,0.0124849,39.9235,35.1914,31.4057,25.9397,18.7546,13.0761,7.03056,0.869162,0.135203,0.0193147,0.0193147,0.0193147,0,0.0386294,0
63035,63053,63044,7.1,-105.12,39.9315,426.309,-17.5405,326.11,158.68,33.6787,1870.66,0.166633,0.0111261,37.256,33.5304,28.1561,24.3877,16.0372,12.0332,6.14509,0.942105,0.107057,0,0.0642344,0,0.0214115,0,0
63054,63079,63066,7.2,-105.118,39.931,420.27,-18.33,326.441,154.507,32.991,1868.01,0.169865,0.0109567,35.7146,32.1824,28.2891,24.0504,16.2482,11.2403,5.35326,1.09891,0.141288,0.0627949,0.0941923,0.0313974,0,0,0
63080,63100,63090,7.3,-105.115,39.9298,415.03,-19.09,326.633,128.045,27.3252,1517.32,0.166584,0.00905559,29.6922,25.7915,23.6762,19.7754,14.1281,9.15995,4.73523,0.931521,0.0388134,0.0582201,0.0388134,0.0194067,0,0,0
63101,63120,63110,7.4,-105.112,39.9289,409.558,-19.9065,326.818,117.213,24.748,1348.01,0.163408,0.00815208,26.9939,24.5511,21.5335,17.7154,12.8298,8.19055,4.45451,0.862163,0.0205277,0.0410554,0.0205277,0,0,0,0
63121,63146,63134,7.5,-105.11,39.9279,404.155,-20.5258,327.255,128.403,28.2713,1689.68,0.179299,0.00988502,29.7954,26.4006,23.29,19.0899,13.5635,9.616,5.35275,0.994758,0.142108,0.0789491,0.0157898,0.0473694,0,0,0.0157898
63147,63178,63162,7.6,-105.106,39.927,397.99,-21.0784,327.978,140.74,32.7325,1956.88,0.179352,0.0123148,31.9646,27.9939,23.8905,20.7299,15.2984,11.6332,7.1844,1.7131,0.239037,0.0265597,0.0265597,0,0.0265597,0.0132799,0
63179,63209,63194,7.7,-105.103,39.9258,393.163,-21.44,328.657,113.543,25.0272,1472.13,0.176463,0.00867669,26.0843,23.9711,20.4976,16.8656,11.5035,8.47905,5.05837,0.871678,0.052829,0.0132072,0.0792434,0.052829,0.0132072,0,0
63210,63241,63226,7.8,-105.099,39.9247,387.586,-22.1083,329.122,97.0332,20.7518,1161.16,0.167863,0.00702825,22.7798,19.7133,18.0842,15.2367,9.41857,7.13238,3.70993,0.752938,0.136898,0.0273796,0.0410694,0,0,0,0
63242,63261,63252,7.9,-105.096,39.9238,382.747,-23.0479,329.067,79.853,17.1659,964.725,0.1686,0.00587076,18.612,17.348,13.6866,11.9431,8.49964,5.7754,3.26909,0.544849,0.10897,0.0435879,0,0,0.0217939,0,0
63262,63286,63274,8,-105.093,39.9234,377.405,-23.7624,329.444,63.206,13.7782,784.648,0.170845,0.00478227,14.3114,13.4149,11.2067,10.0612,6.30898,4.58231,2.63981,0.51468,0.116218,0.0166026,0.0166026,0.0166026,0,0,0
63287,63315,63301,8.1,-105.09,39.9232,371.936,-24.6983,329.588,85.6267,18.5884,1047.73,0.169094,0.00638625,19.7843,17.0193,15.5008,13.5811,9.42653,6.1602,3.39527,0.530063,0.0716302,0.14326,0,0.014326,0,0,0
63316,63343,63330,8.2,-105.087,39.923,366.98,-25.4177,329.894,77.2017,16.9257,978.494,0.173433,0.00595928,18.4035,15.3763,14.4793,11.2119,7.8483,5.63796,3.52373,0.512542,0.0800847,0.0800847,0.0320339,0.0160169,0,0,0
63344,63370,63357,8.3,-105.084,39.9227,361.792,-26.3852,329.943,69.7965,14.8329,842.275,0.170353,0.00486138,16.5271,14.5056,12.4532,10.6168,7.63857,5.18497,2.34558,0.354924,0.0771573,0.0308629,0.0308629,0.0154315,0.0154315,0,0
63371,63396,63384,8.4,-105.081,39.9226,356.956,-27.25,330.05,64.0359,14.2159,824.865,0.174072,0.00504912,14.9333,13.0583,11.4344,9.20778,6.91421,5.13962,2.6284,0.518984,0.11719,0.0502243,0.0167414,0,0.0167414,0,0
63397,63420,63408,8.5,-105.078,39.9227,352.29,-28.0071,330.274,90.4918,19.9107,1131.64,0.170508,0.00685065,20.0163,18.8307,16.1804,13.9661,9.95585,6.83484,3.92306,0.627689,0.0697432,0.0348716,0.0174358,0.0348716,0,0,0
63421,63437,63429,8.6,-105.075,39.9228,347.633,-28.8088,330.454,82.3655,18.0135,999.804,0.166509,0.00609261,18.009,16.5369,15.0157,13.0283,9.44614,6.30561,3.31228,0.637921,0.0245354,0.0245354,0.0245354,0,0,0,0
63438,63464,63451,8.7,-105.072,39.9234,342.477,-29.6735,330.691,66.8349,14.6088,812.44,0.166839,0.00498066,15.2325,13.1236,12.4261,9.91167,7.39726,5.45061,2.77397,0.454217,0.0162221,0.0324441,0.0162221,0,0,0,0
