api/src/app/data/B2SAP/Locations/Boulder/NOAA-POPS-B2SAP_GMLBalloon_20230801_R0.ict
82,1001
Thornberry, T. D.
NOAA Chemical Sciences Laboratory
Portable Optical Particle Spectrometer (POPS)
Balloon Baseline Stratospheric Aerosol Profiles (B2SAP)
1,1
2023,08,01,2024,05,30
0
TIME_START,s,Seconds since midnight UTC on flight start day,Start time of 100 m altitude bin in UTC_seconds_since_midnight
49
1.0,1.0,1.0,1.0,1.0,1.0,1.0,1.0,1.0,1.0,1.0,1.0,1.0,1.0,1.0,1.0,1.0,1.0,1.0,1.0,1.0,1.0,1.0,1.0,1.0,1.0,1.0,1.0,1.0,1.0,1.0,1.0,1.0,1.0,1.0,1.0,1.0,1.0,1.0,1.0,1.0,1.0,1.0,1.0,1.0,1.0,1.0,1.0,1.0
99999,99999,99999,99999,99999,99999,99999,99999,99999,99999,99999,99999,99999,99999,99999,99999,99999,99999,99999,99999,99999,99999,99999,99999,99999,99999,99999,99999,99999,99999,99999,99999,99999,99999,99999,99999,99999,99999,99999,99999,99999,99999,99999,99999,99999,99999,99999,99999,99999
TIME_STOP,s,End time of 100 m altitude bin in UTC seconds since midnight,
TIME_MID,s,Mid time of 100 m altitude in UTC seconds since midnight,
GPSAlt,km,GPS reported altitude above sea level (km),
GPS_Lon,deg,GPS reported longitude,
GPS_Lat,deg,GPS reported latitude,
iMet_Pressure,hPa,Pressure reported (hPa),
iMet_Temperature,degrees C,Ambient temperature (oC),
THETA,K,Potential temperature from iMet,
Aerosol_concentration,cm^-3,Aerosol concentration,
Surface_Area_Conc,um^2 cm^-3,Surface area concentration,
Volume_density,um^3 cm^-3,Volume density,
Effective_radius,um,Effective radius,
Extinction,km^-1,Extinction,
Bin01,cm^-3,particle concentration in size range [140 - 146.14 nm],
Bin02,cm^-3,particle concentration in size range [146.14 - 152.56 nm],
Bin03,cm^-3,particle concentration in size range [152.56 - 159.25 nm],
Bin04,cm^-3,particle concentration in size range [159.25 - 166.24 nm],
Bin05,cm^-3,particle concentration in size range [166.24 - 173.54 nm],
Bin06,cm^-3,particle concentration in size range [173.54 - 181.16 nm],
Bin07,cm^-3,particle concentration in size range [181.16 - 189.11 nm],
Bin08,cm^-3,particle concentration in size range [189.11 - 197.41 nm],
Bin09,cm^-3,particle concentration in size range [197.41 - 206.07 nm],
Bin10,cm^-3,particle concentration in size range [206.07 - 215.12 nm],
Bin11,cm^-3,particle concentration in size range [215.12 - 224.56 nm],
Bin12,cm^-3,particle concentration in size range [224.56 - 234.41 nm],
Bin13,cm^-3,particle concentration in size range [234.41 - 244.70 nm],
Bin14,cm^-3,particle concentration in size range [244.70 - 361.30 nm],
Bin15,cm^-3,particle concentration in size range [361.30 - 472.80 nm],
Bin16,cm^-3,particle concentration in size range [472.80 - 567.00 nm],
Bin17,cm^-3,particle concentration in size range [567.00 - 610.66 nm],
Bin18,cm^-3,particle concentration in size range [610.66 - 657.69 nm],
Bin19,cm^-3,particle concentration in size range [657.69 - 708.33 nm],
Bin20,cm^-3,particle concentration in size range [708.33 - 762.88 nm],
Bin21,cm^-3,particle concentration in size range [762.88 - 821.62 nm],
Bin22,cm^-3,particle concentration in size range [821.62 - 884.89 nm],
Bin23,cm^-3,particle concentration in size range [884.89 - 953.03 nm],
Bin24,cm^-3,particle concentration in size range [953.03 - 1026.42 nm],
Bin25,cm^-3,particle concentration in size range [1026.42 - 1105.46 nm],
Bin26,cm^-3,particle concentration in size range [1105.46 - 1190.59 nm]],
[...]
LOCATION: Boulder, CO, USA
ASSOCIATED_DATA: N/A
INSTRUMENT_INFO: Printed Optical Particle Spectrometer counts particles from 140 - 2500 nm in diameter 
DATA_INFO: Particle concentrations reported in number per cubic centimeter, binned to 100 m altitude
UNCERTAINTY: Counting uncertainty dominated by air flow, less than 5 percent
ULOD_FLAG: -77777
ULOD_VALUE: 3000 ~3000 per cm3 (varies depending on flow rate- manufacturer quotes 1250  per cm3 at 1.667 cc/s)
LLOD_FLAG: -88888
LLOD_VALUE: 0 0 (varies depending on data field and measurement precision)
DM_CONTACT_INFO: Troy Thornberry, 325 Broadway R/CSL6, Boulder, CO 80305; troy.thornberry@noaa.gov; 303-497-3373
PROJECT_INFO: B2SAP Boulder, CO, USA
STIPULATIONS_ON_USE: Please contact the PIs for questions regarding applications and uncertainties
OTHER_COMMENTS: POPS bin Edges (nm):  140, 146.14, 152.56, 159.25, 166.24, 173.54, 181.16, 189.11, 197.41, 206.07, 215.12, 224.56, 234.41, 244.70, 361.30, 472.80, 567.00, 610.66, 657.69, 708.33, 762.88, 821.62, 884.89, 953.03, 1026.42, 1105.46, 1190.59, 1282.27, 1381.01, 1487.36, 1601.89, 1725.25, 1858.10, 2001.18, 2155.28, 2321.25, 2500
Calculations assume sulfate refractive index of 1.45+0.00j and extinction wavelength = 532 nm
REVISION: R0
R0: QA/QC data
TIME_START,TIME_STOP,TIME_MID,GPSAlt,GPS_Lon,GPS_Lat,iMet_Pressure,iMet_Temperature,THETA,Aerosol_concentration,Surface_Area_Conc,Volume_density,Effective_radius,Extinction,Bin01,Bin02,Bin03,Bin04,Bin05,Bin06,Bin07,Bin08,Bin09,Bin10,Bin11,Bin12,Bin13,Bin14,Bin15,Bin16,Bin17,Bin18,Bin19,Bin20,Bin21,Bin22,Bin23,Bin24,Bin25,Bin26,Bin27,Bin28,Bin29,Bin30,Bin31,Bin32,Bin33,Bin34,Bin35,Bin36
[from data line 339]
63143,63152,63148,18.8,-105.391,40.0349,72.35,-65.395,439.975,4.93693,1.02677,62.3115,0.18206,0.000420774,1.37944,0.145204,0.508213,0.145204,0.217806,0.145204,0,0.217806,0.145204,0.290407,0.217806,0,0.145204,0.726019,0.363009,0.217806,0,0,0.0726019,0,0,0,0,0,0,0,0,0,0,0,0,0,0,0,0,0
63164,63174,63169,18.7,-105.392,40.0342,73.5533,-66.1933,436.223,7.70786,1.72855,127.187,0.220741,0.000903538,2.60547,0.325684,0.434246,0.651368,0.217123,0.108561,0.217123,0.325684,0.434246,0.325684,0.217123,0,0,0.75993,0.651368,0.108561,0,0,0.108561,0.108561,0.108561,0,0,0,0,0,0,0,0,0,0,0,0,0,0,0
63182,63202,63192,18.6,-105.392,40.0332,74.82,-64.556,437.537,4.33904,0.724708,37.847,0.156671,0.00022711,1.46762,0.255238,0.382856,0.382856,0.0638094,0.0638094,0.382856,0.0638094,0.127619,0,0,0,0.0638094,0.638094,0.382856,0,0.0638094,0,0,0,0,0,0,0,0,0,0,0,0,0,0,0,0,0,0,0
63204,63223,63214,18.5,-105.393,40.0321,75.9444,-65.4144,433.882,5.32883,0.881012,51.5369,0.175492,0.000335935,2.23811,0.426307,0.142102,0.355256,0.248679,0.213153,0.177628,0.0710511,0.0710511,0.142102,0.0355256,0.142102,0,0.63946,0.248679,0.0710511,0,0.0355256,0.0355256,0.0355256,0,0,0,0,0,0,0,0,0,0,0,0,0,0,0,0
63230,63243,63236,18.4,-105.394,40.0303,77.36,-66.23,429.901,6.07372,0.980355,61.3961,0.187879,0.000412582,2.00303,0.775368,0.387684,0.516912,0.32307,0.516912,0.258456,0,0.129228,0,0.064614,0.193842,0,0.516912,0.064614,0.193842,0,0.064614,0,0,0.064614,0,0,0,0,0,0,0,0,0,0,0,0,0,0,0
63255,63274,63264,18.3,-105.394,40.0279,78.7087,-65.8088,428.656,5.22165,0.9246,55.8434,0.181192,0.000387601,1.5665,0.401665,0.441832,0.321332,0.361499,0.321332,0.281166,0.200833,0.0803331,0.160666,0.160666,0,0,0.361499,0.240999,0.200833,0.0401665,0.0401665,0.0401665,0,0,0,0,0,0,0,0,0,0,0,0,0,0,0,0,0
63279,63301,63290,18.2,-105.394,40.025,80.0973,-65.0636,428.051,5.70233,1.06926,75.5647,0.212011,0.000501108,1.47624,0.752592,0.636808,0.34735,0.34735,0.260512,0.115783,0.0578917,0.260512,0.144729,0.144729,0.115783,0.0868375,0.463133,0.202621,0.0868375,0.0289458,0.0578917,0.0289458,0.0289458,0,0.0289458,0.0289458,0,0,0,0,0,0,0,0,0,0,0,0,0
63304,63327,63316,18.1,-105.394,40.0224,81.2687,-64.4875,427.462,5.44327,1.07997,76.886,0.213579,0.000537152,1.40084,0.520313,0.640385,0.360216,0.240144,0.120072,0.280168,0.20012,0.240144,0.160096,0.120072,0.160096,0.040024,0.440264,0.20012,0.0800481,0,0.0800481,0.0800481,0.040024,0,0.040024,0,0,0,0,0,0,0,0,0,0,0,0,0,0
63329,63351,63340,18,-105.392,40.0193,82.755,-64.945,424.322,5.63284,1.2179,90.5593,0.223071,0.000652015,1.94373,0.555351,0.476015,0.277675,0.277675,0.238007,0.19834,0.19834,0.0396679,0,0.0793358,0.158672,0.0793358,0.277675,0.396679,0.238007,0,0.0396679,0.0396679,0.0396679,0.0396679,0.0396679,0,0,0,0,0,0,0,0,0,0,0,0,0,0
63359,63370,63364,17.9,-105.39,40.0172,84.0914,-64.6143,423.05,4.68992,0.85011,52.4333,0.185035,0.000345674,1.6392,0.273199,0.364266,0.0455332,0.273199,0.182133,0.364266,0.273199,0.0910664,0.0910664,0.0910664,0.0910664,0,0.318733,0.455332,0.0455332,0,0.0455332,0,0,0.0455332,0,0,0,0,0,0,0,0,0,0,0,0,0,0,0
63389,63389,63389,17.8,-105.388,40.0154,85.49,-64.76,420.776,7.63056,0.599455,16.1721,0.0809342,2.38587e-05,2.86146,0.953821,0.63588,1.5897,1.27176,0,0,0,0,0,0,0.31794,0,0,0,0,0,0,0,0,0,0,0,0,0,0,0,0,0,0,0,0,0,0,0,0
63400,63415,63408,17.7,-105.387,40.0148,86.5533,-65.3667,418.066,6.52477,1.27372,97.5289,0.229711,0.00061723,1.92534,0.748744,0.534817,0.427854,0.32089,0.267409,0.213927,0.32089,0.160445,0.0534817,0.213927,0.160445,0.106963,0.534817,0.160445,0.160445,0.0534817,0,0.0534817,0,0,0,0.106963,0,0,0,0,0,0,0,0,0,0,0,0,0
63423,63442,63432,17.6,-105.385,40.015,88.0178,-67.0256,412.748,6.11721,0.820659,41.1108,0.150284,0.000240129,1.96752,0.608144,0.643917,0.357732,0.250412,0.500824,0.286185,0.250412,0.214639,0.143093,0.0715463,0.107319,0.0715463,0.321958,0.178866,0.0357732,0.0715463,0,0.0357732,0,0,0,0,0,0,0,0,0,0,0,0,0,0,0,0,0
63447,63447,63447,17.5,-105.384,40.0156,89.01,-65.83,413.82,7.64422,1.27898,69.7242,0.163546,0.000451977,1.91106,1.59255,0.318509,0.955528,0.318509,0.318509,0,0.318509,0.318509,0,0,0,0,0.637018,0.637018,0.318509,0,0,0,0,0,0,0,0,0,0,0,0,0,0,0,0,0,0,0,0
63475,63478,63476,17.4,-105.383,40.0163,90.825,-68.69,405.759,6.29781,0.625368,20.3332,0.097542,5.33254e-05,1.61482,0.807411,1.13038,0.322965,0.484447,0.645929,0,0.161482,0,0.161482,0.161482,0.161482,0.322965,0.322965,0,0,0,0,0,0,0,0,0,0,0,0,0,0,0,0,0,0,0,0,0,0
63502,63514,63508,17.3,-105.383,40.0167,92.588,-67.6,405.687,5.33278,1.23442,96.4599,0.234426,0.000659861,1.15651,0.578253,0.449753,0.514003,0.192751,0.257002,0.257002,0.128501,0,0.0642504,0.128501,0.192751,0.128501,0.706754,0.192751,0.128501,0,0.0642504,0.0642504,0.0642504,0,0,0.0642504,0,0,0,0,0,0,0,0,0,0,0,0,0
63540,63546,63543,17.2,-105.382,40.0171,94.5067,-68.2367,402.064,4.1123,0.897897,59.296,0.198116,0.00043962,0.216437,0.541092,0.757529,0.541092,0.216437,0.108218,0,0.108218,0.324655,0.108218,0,0.108218,0,0.64931,0,0.216437,0.108218,0.108218,0,0,0,0,0,0,0,0,0,0,0,0,0,0,0,0,0,0
63553,63578,63566,17.1,-105.382,40.0178,95.5917,-68.945,399.373,4.72395,0.743289,47.1096,0.19014,0.000255167,0.542982,0.868772,0.434386,0.325789,0.434386,0.488684,0.0542982,0.162895,0.325789,0.271491,0.0542982,0.108596,0.0542982,0.380088,0.108596,0.0542982,0,0,0,0,0,0,0.0542982,0,0,0,0,0,0,0,0,0,0,0,0,0
63582,63608,63595,17,-105.382,40.0191,97.296,-69.406,396.461,6.37233,1.06754,69.3551,0.194901,0.000440698,1.17043,0.975357,0.975357,0.325119,0.650238,0.455167,0.260095,0.260095,0.130048,0,0,0.195071,0,0.520191,0.195071,0.130048,0,0,0.0650238,0,0,0.0650238,0,0,0,0,0,0,0,0,0,0,0,0,0,0
63612,63634,63623,16.9,-105.381,40.0201,99.0329,-69.28,394.704,5.83387,0.779392,36.4292,0.140221,0.000203724,1.07466,0.869963,0.71644,0.562917,0.614091,0.35822,0.255871,0.204697,0.153523,0,0.102349,0.102349,0.102349,0.460568,0.0511743,0.204697,0,0,0,0,0,0,0,0,0,0,0,0,0,0,0,0,0,0,0,0
63638,63659,63648,16.8,-105.381,40.0201,100.508,-70.08,391.503,6.23723,1.03078,56.8138,0.165353,0.000350566,0.91724,1.10069,0.642068,0.733792,0.183448,0.275172,0.45862,0.183448,0.183448,0,0.091724,0.091724,0.091724,0.825516,0.275172,0.091724,0,0,0.091724,0,0,0,0,0,0,0,0,0,0,0,0,0,0,0,0,0
63681,63683,63682,16.7,-105.379,40.0189,102.72,-69.455,390.271,5.81556,1.40549,110.393,0.235631,0.000804168,1.81736,0.363472,0.181736,0.363472,0.908681,0.363472,0,0,0,0,0.181736,0.181736,0,0.545209,0.545209,0,0,0.181736,0,0,0.181736,0,0,0,0,0,0,0,0,0,0,0,0,0,0,0
63699,63704,63702,16.6,-105.379,40.0182,104.165,-69.305,389.001,6.17448,1.20323,94.8192,0.236411,0.000606697,0.908012,0.908012,0.908012,0.908012,0.544807,0.544807,0,0.181602,0,0,0,0,0.181602,0.72641,0,0.181602,0,0,0,0,0,0.181602,0,0,0,0,0,0,0,0,0,0,0,0,0,0
63718,63728,63723,16.5,-105.378,40.0174,105.783,-68.29,389.217,5.70957,1.00647,62.861,0.187371,0.000438768,0.971842,0.971842,0.850362,0.364441,0.485921,0.485921,0,0.364441,0,0,0.12148,0.242961,0,0.242961,0.242961,0.242961,0,0,0.12148,0,0,0,0,0,0,0,0,0,0,0,0,0,0,0,0,0
63743,63750,63746,16.4,-105.376,40.0166,107.45,-67.335,389.293,5.39593,0.913574,59.507,0.195409,0.000419201,0.899321,0.899321,1.07919,0.539593,0.359728,0.179864,0,0.359728,0.179864,0,0,0.179864,0,0.359728,0,0.179864,0,0,0.179864,0,0,0,0,0,0,0,0,0,0,0,0,0,0,0,0,0
63798,63812,63805,16.2,-105.371,40.0152,111.55,-65.7667,388.085,7.36157,1.34503,76.6404,0.170941,0.000516677,1.18735,1.42482,0.47494,1.06862,0.23747,0.47494,0.118735,0.23747,0.118735,0.23747,0.118735,0,0,0.71241,0.47494,0.47494,0,0,0,0,0,0,0,0,0,0,0,0,0,0,0,0,0,0,0,0
63814,63843,63828,16.1,-105.369,40.0151,113.415,-65.451,386.839,5.81995,0.950597,61.1454,0.19297,0.000373829,1.24968,0.749809,0.678399,0.392757,0.499873,0.357052,0.214231,0.285642,0.107116,0.107116,0.142821,0.142821,0.107116,0.428462,0.142821,0.107116,0,0.0357052,0,0,0.0357052,0,0.0357052,0,0,0,0,0,0,0,0,0,0,0,0,0
63844,63856,63850,16,-105.367,40.0154,114.593,-65.4233,385.745,5.49248,0.82463,49.066,0.178502,0.000340222,1.55222,0.835813,0.119402,0.597009,0.597009,0.477607,0.119402,0.119402,0,0.119402,0.119402,0.238804,0,0.358205,0,0,0,0.238804,0,0,0,0,0,0,0,0,0,0,0,0,0,0,0,0,0,0
63872,63898,63885,15.9,-105.364,40.0166,116.575,-65.1673,384.341,6.13771,0.947567,56.4137,0.178606,0.000356955,1.33146,0.779392,0.811867,0.746917,0.422171,0.324747,0.259797,0.129899,0.194848,0.194848,0.097424,0.0324747,0.0649493,0.292272,0.194848,0.194848,0,0,0,0.0324747,0,0.0324747,0,0,0,0,0,0,0,0,0,0,0,0,0,0
63908,63919,63914,15.8,-105.362,40.0183,118.803,-65.3975,381.839,5.59393,1.13951,89.968,0.23686,0.000595825,1.50947,0.71034,0.266378,0.532755,0.177585,0.443963,0.266378,0.35517,0.177585,0.0887926,0,0.177585,0.0887926,0.266378,0.0887926,0.266378,0,0,0.0887926,0,0,0,0.0887926,0,0,0,0,0,0,0,0,0,0,0,0,0
63931,63953,63942,15.7,-105.36,40.0198,120.82,-65.6533,379.544,5.32809,0.972095,58.1728,0.179528,0.000383049,0.710413,0.828815,0.355206,0.592011,0.236804,0.355206,0.473608,0.236804,0.236804,0,0.118402,0,0,0.710413,0.236804,0.118402,0,0,0.118402,0,0,0,0,0,0,0,0,0,0,0,0,0,0,0,0,0
63958,63981,63970,15.6,-105.359,40.0209,122.488,-66.042,377.345,6.57952,2.10748,193.957,0.276098,0.00142046,0.643649,0.786682,0.715165,0.929715,0.500616,0.357583,0.21455,0.143033,0.0715165,0.21455,0.143033,0.143033,0,0.429099,0.21455,0.429099,0.21455,0,0.21455,0,0.0715165,0,0.143033,0,0,0,0,0,0,0,0,0,0,0,0,0
63989,64003,63996,15.5,-105.358,40.0222,124.704,-64.844,377.59,7.73442,1.66319,116.106,0.209427,0.000839913,1.41916,0.922454,1.41916,0.638622,0.283832,0.35479,0.283832,0.141916,0.141916,0,0.141916,0.212874,0,0.638622,0.567664,0.283832,0.070958,0.070958,0,0.070958,0.070958,0,0,0,0,0,0,0,0,0,0,0,0,0,0,0
64030,64034,64032,15.4,-105.357,40.0234,127.485,-64.875,375.162,7.41466,1.85474,139.715,0.225986,0.00110233,0.706158,1.41232,0.706158,0.353079,0.706158,0.529618,0.176539,0,0.353079,0.176539,0.353079,0.176539,0.176539,0.529618,0,0.529618,0,0.353079,0.176539,0,0,0,0,0,0,0,0,0,0,0,0,0,0,0,0,0
64038,64061,64050,15.3,-105.357,40.0243,128.992,-64.754,374.126,8.79503,1.5548,94.1052,0.181577,0.0006314,1.77319,0.992988,1.06392,0.780204,0.709277,0.212783,0.567421,0.212783,0.141855,0.212783,0.212783,0,0.141855,1.06392,0.354638,0.0709277,0,0.141855,0.141855,0,0,0,0,0,0,0,0,0,0,0,0,0,0,0,0,0
64062,64081,64072,15.2,-105.357,40.0255,131.01,-65.0133,372.007,8.66941,1.57697,104.972,0.199697,0.000723331,2.13766,1.78138,1.06883,0.475036,0.118759,0.475036,0.237518,0,0.237518,0.118759,0.118759,0,0.475036,0.593795,0.356277,0.118759,0.237518,0,0,0,0.118759,0,0,0,0,0,0,0,0,0,0,0,0,0,0,0
64087,64106,64096,15.1,-105.358,40.0264,132.788,-63.448,373.359,6.87325,1.03091,56.0711,0.16317,0.000351104,1.1923,1.12216,0.771488,0.911758,0.561082,0.350676,0.280541,0.0701352,0,0.280541,0.0701352,0.14027,0.14027,0.631217,0.0701352,0.14027,0.0701352,0,0.0701352,0,0,0,0,0,0,0,0,0,0,0,0,0,0,0,0,0
64118,64144,64131,15,-105.358,40.0273,135.612,-63.8067,370.483,7.34487,1.47882,109.345,0.221821,0.00071363,1.11642,1.2927,0.763866,0.646349,0.411313,0.411313,0.176277,0.293795,0.293795,0.176277,0,0.117518,0.058759,1.05766,0.117518,0.176277,0,0.058759,0,0,0.117518,0,0.058759,0,0,0,0,0,0,0,0,0,0,0,0,0
64148,64178,64163,14.9,-105.357,40.0275,137.376,-64.2125,368.409,7.85696,1.24949,77.938,0.187127,0.000508717,1.45663,1.19179,1.05936,0.706243,0.573823,0.485542,0.308981,0.220701,0.308981,0.0882804,0.0882804,0.220701,0.176561,0.573823,0.0882804,0.0441402,0,0.176561,0.0441402,0,0,0.0441402,0,0,0,0,0,0,0,0,0,0,0,0,0,0
64183,64212,64198,14.8,-105.356,40.0277,139.86,-64.74,365.599,7.6967,1.22641,83.7412,0.204845,0.000506558,1.23855,0.884678,1.32702,1.50395,0.176936,0.442339,0.353871,0.176936,0.353871,0.353871,0.0884678,0,0,0.353871,0.0884678,0.176936,0.0884678,0,0,0,0,0,0.0884678,0,0,0,0,0,0,0,0,0,0,0,0,0
64215,64240,64228,14.7,-105.354,40.0283,142.048,-64.0267,365.231,7.97107,1.1812,63.0257,0.160072,0.000393754,1.45285,1.45285,1.02093,0.785327,0.510463,0.353397,0.392663,0.196332,0.157065,0.0785327,0.157065,0.274864,0.0392663,0.588995,0.235598,0.157065,0,0.0785327,0.0392663,0,0,0,0,0,0,0,0,0,0,0,0,0,0,0,0,0
64248,64276,64262,14.6,-105.353,40.0296,144.382,-63.2264,364.921,8.76785,1.42672,89.13,0.187416,0.000589258,1.43474,1.21156,1.40286,1.08403,0.797078,0.478247,0.446363,0.191299,0.223182,0.0956493,0.0956493,0.0637662,0.0637662,0.542013,0.191299,0.223182,0.0956493,0,0.0637662,0,0.0318831,0.0318831,0,0,0,0,0,0,0,0,0,0,0,0,0,0
64285,64309,64297,14.5,-105.353,40.0312,146.78,-64.0025,361.868,7.18034,1.00085,51.5013,0.154372,0.000308064,1.09456,1.44482,1.007,0.919434,0.394043,0.394043,0.218913,0.218913,0.218913,0.262695,0,0.0437826,0.131348,0.394043,0.218913,0.17513,0,0,0,0.0437826,0,0,0,0,0,0,0,0,0,0,0,0,0,0,0,0
64326,64337,64332,14.4,-105.353,40.0329,149.87,-63.02,361.414,6.88544,0.947911,45.4029,0.143694,0.000261401,0.926887,1.98619,0.264825,0.264825,0.794474,0.264825,0,0.397237,0.397237,0.529649,0.132412,0.264825,0,0.264825,0.132412,0.264825,0,0,0,0,0,0,0,0,0,0,0,0,0,0,0,0,0,0,0,0
64339,64364,64352,14.3,-105.354,40.0334,151.403,-62.797,360.743,9.49855,1.15152,54.0494,0.140813,0.000280925,1.71612,2.07531,1.31703,1.03766,0.678468,0.478919,0.518828,0.15964,0.11973,0.11973,0.15964,0.0798198,0.11973,0.638558,0.15964,0.0399099,0,0.0399099,0,0,0.0399099,0,0,0,0,0,0,0,0,0,0,0,0,0,0,0
64367,64395,64381,14.2,-105.355,40.0338,154.017,-61.3179,361.509,8.61198,1.17583,59.1571,0.150933,0.000340841,1.62255,1.31052,1.04009,0.852878,0.790472,0.457642,0.457642,0.270425,0.249623,0.145613,0.228821,0.124811,0.104009,0.520047,0.228821,0.124811,0,0.0416038,0.0208019,0,0.0208019,0,0,0,0,0,0,0,0,0,0,0,0,0,0,0
64395,64426,64410,14.1,-105.354,40.0336,156.57,-62.4518,357.888,8.76781,0.988483,39.2799,0.119213,0.000173963,1.64509,1.392,1.2293,0.903898,0.723118,0.379637,0.415793,0.488105,0.325403,0.18078,0.162702,0.216935,0.126546,0.379637,0.0723118,0.108468,0.018078,0,0,0,0,0,0,0,0,0,0,0,0,0,0,0,0,0,0,0
64430,64456,64443,14,-105.354,40.033,159.301,-61.585,357.588,8.78528,1.19574,60.3248,0.151349,0.00033967,1.3611,1.55908,1.11363,0.940397,0.643429,0.81666,0.346462,0.247473,0.197978,0.148484,0.173231,0.0742418,0.123736,0.618682,0.27222,0.0247473,0.0494946,0,0.0494946,0,0.0247473,0,0,0,0,0,0,0,0,0,0,0,0,0,0,0
64456,64487,64472,13.9,-105.353,40.0322,161.704,-60.555,357.793,8.31094,0.985464,38.7725,0.118033,0.000161822,1.53979,1.36212,1.14497,0.552746,0.592228,0.434301,0.454042,0.315855,0.256632,0.138187,0.256632,0.296114,0.118446,0.651451,0.138187,0.0592228,0,0,0,0,0,0,0,0,0,0,0,0,0,0,0,0,0,0,0,0
64487,64517,64502,13.8,-105.351,40.0317,164.192,-60.0955,357.01,8.7868,1.23333,61.9934,0.150796,0.000358393,1.61061,1.44955,1.05585,0.894786,0.697933,0.590559,0.322123,0.143166,0.196853,0.161061,0.178957,0.214749,0.0894786,0.715829,0.268436,0.0894786,0.0357914,0.0178957,0.0357914,0.0178957,0,0,0,0,0,0,0,0,0,0,0,0,0,0,0,0
64519,64548,64534,13.7,-105.348,40.0317,167.054,-60.3162,354.881,8.90134,1.17425,56.1405,0.143429,0.000296084,1.45862,1.40252,1.15942,0.804113,0.766712,0.467507,0.336605,0.542309,0.317905,0.205703,0.187003,0.0748012,0.187003,0.673211,0.130902,0.130902,0.0187003,0,0.0187003,0,0,0.0187003,0,0,0,0,0,0,0,0,0,0,0,0,0,0
64549,64577,64563,13.6,-105.346,40.0324,169.621,-59.5791,354.561,8.66225,1.19393,58.3665,0.146658,0.000321928,1.63305,1.38454,1.06503,0.745522,0.656769,0.426012,0.461513,0.33726,0.213006,0.230757,0.159755,0.124254,0.124254,0.621268,0.266258,0.195256,0,0,0,0,0,0.0177505,0,0,0,0,0,0,0,0,0,0,0,0,0,0
64578,64602,64590,13.5,-105.343,40.0334,172.059,-58.4405,355.001,10.2926,1.44668,70.1973,0.145569,0.000361618,1.81754,1.63374,1.08236,0.918981,0.755607,0.44928,0.306327,0.326749,0.44928,0.183796,0.326749,0.285905,0.245062,1.04151,0.347171,0.0612654,0,0.0408436,0,0,0,0,0.0204218,0,0,0,0,0,0,0,0,0,0,0,0,0
64609,64636,64622,13.4,-105.339,40.0351,174.961,-58.3829,353.403,9.0192,1.39346,74.9557,0.161373,0.00043111,1.38331,1.38331,0.968319,0.857654,0.497992,0.580991,0.44266,0.276662,0.248996,0.359661,0.110665,0.248996,0.193664,0.940652,0.276662,0.193664,0,0,0,0,0.0276662,0.0276662,0,0,0,0,0,0,0,0,0,0,0,0,0,0
