api/src/app/data/B2SAP/Locations/Boulder/NOAA-POPS-B2SAP_GMLBalloon_20210514_R0.ict
61,1001
Thornberry, T. D.
NOAA Chemical Sciences Laboratory
Portable Optical Particle Spectrometer (POPS)
Balloon Baseline Stratospheric Aerosol Profiles (B2SAP)
1,1
2021,05,14,2024,05,28
0
TIME_START,s,Seconds since midnight UTC on flight start day,Start time of 100 m altitude bin in UTC_seconds_since_midnight
28
1.0,1.0,1.0,1.0,1.0,1.0,1.0,1.0,1.0,1.0,1.0,1.0,1.0,1.0,1.0,1.0,1.0,1.0,1.0,1.0,1.0,1.0,1.0,1.0,1.0,1.0,1.0,1.0
99999,99999,99999,99999,99999,99999,99999,99999,99999,99999,99999,99999,99999,99999,99999,99999,99999,99999,99999,99999,99999,99999,99999,99999,99999,99999,99999,99999
TIME_STOP,s,End time of 100 m altitude bin in UTC seconds since midnight,
TIME_MID,s,Mid time of 100 m altitude in UTC seconds since midnight,
GPSAlt,m,GPS reported altitude above sea level (m),
GPS_Lon,deg,GPS reported longitude,
GPS_Lat,deg,GPS reported latitude,
iMet_Pressure,mb,Pressure reported (mB),
iMet_Temperature,degrees C,Ambient temperature (oC),
THETA,K,Potential temperature from iMet,
Aerosol_concentration,cm^-3,Aerosol concentration,
Surface_Area_Conc,um^2 cm^-3,Surface area concentration,
Volume_density,um^3 cm^-3,Volume density,
Effective_radius,um,Effective radius,
Extinction,km^-1,Extinction,
Bin01,cm^-3,particle concentration in size range [140 - 170 nm],
Bin02,cm^-3,particle concentration in size range [170 - 205 nm],
Bin03,cm^-3,particle concentration in size range [205 - 249 nm],
Bin04,cm^-3,particle concentration in size range [249 - 302 nm],
Bin05,cm^-3,particle concentration in size range [302 - 366 nm],
Bin06,cm^-3,particle concentration in size range [366 - 443 nm],
Bin07,cm^-3,particle concentration in size range [443 - 537 nm],
Bin08,cm^-3,particle concentration in size range [537 - 651 nm],
Bin09,cm^-3,particle concentration in size range [651 - 789 nm],
Bin10,cm^-3,particle concentration in size range [789 - 956 nm],
Bin11,cm^-3,particle concentration in size range [956 - 1159 nm],
Bin12,cm^-3,particle concentration in size range [1159 - 1404 nm],
Bin13,cm^-3,particle concentration in size range [1404 - 1702 nm],
Bin14,cm^-3,particle concentration in size range [1702 - 2062 nm],
Bin15,cm^-3,particle concentration in size range [2062 - 2500 nm],
0
19
PI_CONTACT_INFO: 325 Broadway R/CSL6, Boulder, CO 80305; troy.thornberry@noaa.gov; 303-497-3373 
PLATFORM: GML ECC/FPH balloon
LOCATION: Boulder, CO, USA
ASSOCIATED_DATA: N/A
INSTRUMENT_INFO: Printed Optical Particle Spectrometer counts particles from 140 - 2500 nm in diameter 
DATA_INFO: Particle concentrations reported in number per cubic centimeter, binned to 100 m altitude
UNCERTAINTY: Counting uncertainty dominated by air flow, less than 5 percent
ULOD_FLAG: -77777
ULOD_VALUE: 3000 ~3000 per cm3 (varies depending on flow rate- manufacturer quotes 1250  per cm3 at 1.667 cc/s)
LLOD_FLAG: -88888
LLOD_VALUE: 0 0 (varies depending on data field and measurement precision)
DM_CONTACT_INFO: Troy Thornberry, 325 Broadway R/CSL6, Boulder, CO 80305; troy.thornberry@noaa.gov; 303-497-3373
PROJECT_INFO: B2SAP Boulder, CO, USA
STIPULATIONS_ON_USE: Please contact the PIs for questions regarding applications and uncertainties
OTHER_COMMENTS: POPS bin Edges (nm):  140, 170, 205, 249, 302, 366, 443, 537, 651, 789, 956, 1159, 1404, 1702, 2062, 2500
Calculations assume sulfate refractive index of 1.45+0.00j and extinction wavelength = 532 nm
REVISION: R0
R0: QA/QC data
TIME_START,TIME_STOP,TIME_MID,GPSAlt,GPS_Lon,GPS_Lat,iMet_Pressure,iMet_Temperature,THETA,Aerosol_concentration,Surface_Area_Conc,Volume_density,Effective_radius,Extinction,Bin01,Bin02,Bin03,Bin04,Bin05,Bin06,Bin07,Bin08,Bin09,Bin10,Bin11,Bin12,Bin13,Bin14,Bin15
[from data line 220]
62723,62746,62734,23.7,-104.333,39.7884,30.327,-52.773,598.313,1.93401,0.402514,23.2303,0.173139,0.000148377,0.518265,0.391859,0.341297,0.353937,0.151687,0.0758437,0.0379219,0.0505625,0.0126406,0,0,0,0,0,0
62747,62771,62759,23.8,-104.332,39.7892,29.7857,-52.4474,602.296,2.19229,0.463985,26.5566,0.171708,0.000174576,0.637294,0.522581,0.293155,0.28041,0.165697,0.152951,0.0892212,0.0509835,0,0,0,0,0,0,0
62772,62794,62783,23.9,-104.331,39.7906,29.3838,-51.669,606.757,2.23576,0.468818,25.3635,0.162303,0.000157132,0.707519,0.36791,0.297158,0.297158,0.283008,0.183955,0.0849023,0.0141504,0,0,0,0,0,0,0
62795,62820,62808,24,-104.33,39.7923,28.9068,-50.2495,613.525,2.23143,0.503131,28.1864,0.168066,0.00018093,0.653101,0.312944,0.312944,0.367369,0.244913,0.204094,0.122456,0.0136063,0,0,0,0,0,0,0
62821,62846,62834,24.1,-104.329,39.7946,28.4219,-49.5481,618.428,1.97992,0.410712,23.3238,0.170366,0.000152247,0.675503,0.349398,0.314458,0.209639,0.186346,0.128113,0.0698796,0.0465864,0,0,0,0,0,0,0
62847,62868,62858,24.2,-104.328,39.7965,28.0071,-49.1776,622.067,1.97473,0.432384,24.098,0.167199,0.00015351,0.490078,0.446836,0.288281,0.216211,0.273867,0.158555,0.0720703,0.0288281,0,0,0,0,0,0,0
62873,62890,62882,24.3,-104.327,39.7981,27.5444,-49.5628,623.944,2.20474,0.536339,32.1993,0.180106,0.000219999,0.620084,0.41339,0.206695,0.223919,0.430614,0.137797,0.103347,0.0688983,0,0,0,0,0,0,0
62894,62915,62904,24.4,-104.327,39.7991,27.1433,-50.1067,625.056,1.89142,0.435958,25.0136,0.172128,0.000161579,0.345259,0.420315,0.345259,0.285214,0.270203,0.12009,0.0450338,0.060045,0,0,0,0,0,0,0
62916,62938,62927,24.5,-104.326,39.8003,26.7185,-49.9105,628.423,1.93549,0.394313,23.1152,0.175865,0.000146921,0.68782,0.335912,0.19195,0.351908,0.207946,0.0639833,0.0639833,0,0.0319916,0,0,0,0,0,0
62939,62958,62948,24.6,-104.325,39.8018,26.2895,-50.2695,630.33,1.86099,0.392303,22.5361,0.172337,0.000141884,0.501658,0.436928,0.226555,0.307468,0.178008,0.145643,0.0161825,0.032365,0.0161825,0,0,0,0,0,0
62959,62980,62970,24.7,-104.324,39.8033,25.899,-50.2025,633.213,1.85325,0.470918,27.6269,0.175998,0.000178167,0.295208,0.377211,0.262408,0.295208,0.278808,0.262408,0.0656019,0,0.0164005,0,0,0,0,0,0
62981,63002,62992,24.8,-104.323,39.8046,25.475,-50.6055,635.065,1.56322,0.304722,15.9344,0.156874,9.46193e-05,0.504265,0.28575,0.218515,0.218515,0.184897,0.100853,0.0336177,0.0168088,0,0,0,0,0,0,0
63003,63024,63014,24.9,-104.323,39.8056,25.0574,-51.0379,636.819,1.7195,0.400439,24.636,0.184568,0.000165364,0.478623,0.336809,0.248175,0.194995,0.230448,0.141814,0.0177268,0.0531803,0.0177268,0,0,0,0,0,0
63025,63046,63036,25,-104.322,39.8066,24.6982,-51.2277,638.918,1.98855,0.513582,32.8812,0.19207,0.000236078,0.585775,0.308303,0.277473,0.215812,0.246642,0.154151,0.0924909,0.107906,0,0,0,0,0,0,0
63047,63070,63058,25.1,-104.321,39.808,24.31,-51.8571,639.985,1.69818,0.325387,16.9771,0.156526,0.000100174,0.626511,0.280281,0.214333,0.23082,0.131897,0.181359,0.0164871,0.0164871,0,0,0,0,0,0,0
63071,63094,63082,25.2,-104.319,39.8094,23.8675,-51.8913,643.265,1.62674,0.344871,19.4094,0.168841,0.000126516,0.483624,0.366382,0.175863,0.27845,0.0879317,0.117242,0.102587,0.0146553,0,0,0,0,0,0,0
63095,63117,63106,25.3,-104.318,39.8109,23.4824,-51.8324,646.42,1.5342,0.372381,24.8277,0.200018,0.000174921,0.441344,0.399312,0.168131,0.168131,0.0840656,0.147115,0.0840656,0,0.0420328,0,0,0,0,0,0
63118,63141,63130,25.4,-104.317,39.812,23.1633,-51.885,648.807,1.60546,0.397306,23.9906,0.181149,0.000164523,0.435125,0.285082,0.150043,0.255073,0.21006,0.135039,0.0900258,0.0450129,0,0,0,0,0,0,0
63142,63164,63153,25.5,-104.317,39.8134,22.7243,-51.2576,654.207,2.04462,0.445308,25.2843,0.170338,0.000159382,0.594162,0.349507,0.227179,0.401933,0.227179,0.139803,0.0873767,0,0.0174753,0,0,0,0,0,0
63165,63188,63176,25.6,-104.316,39.8148,22.4233,-50.8548,657.905,1.83401,0.398531,22.473,0.169169,0.000145282,0.558936,0.279468,0.262001,0.279468,0.262001,0.0698671,0.0873338,0.0349335,0,0,0,0,0,0,0
63189,63212,63200,25.7,-104.315,39.8161,22.1574,-51.2532,658.965,1.60729,0.397487,26.984,0.20366,0.000197031,0.431223,0.470426,0.17641,0.17641,0.0980053,0.0980053,0.0392021,0.0980053,0.0196011,0,0,0,0,0,0
63213,63238,63226,25.8,-104.314,39.8173,21.7365,-49.965,666.434,1.70508,0.430063,25.5529,0.17825,0.000173019,0.390145,0.274546,0.245647,0.260097,0.231197,0.158948,0.115598,0.0288996,0,0,0,0,0,0,0
63242,63261,63252,25.9,-104.313,39.8186,21.3515,-48.944,672.903,1.51235,0.312384,17.8967,0.171872,0.000117579,0.631739,0.191436,0.191436,0.153149,0.134005,0.134005,0.0382872,0.0382872,0,0,0,0,0,0,0
63262,63288,63275,26,-104.312,39.8196,21.0715,-48.5242,676.717,1.3629,0.329045,21.2494,0.193737,0.000149422,0.340724,0.281467,0.266653,0.177769,0.103699,0.0740704,0.0444422,0.0592563,0.0148141,0,0,0,0,0,0
63289,63315,63302,26.1,-104.31,39.8203,20.7323,-47.8469,681.912,1.3759,0.287394,16.177,0.168866,0.000104405,0.458634,0.281099,0.133152,0.177536,0.162741,0.088768,0.044384,0.0295893,0,0,0,0,0,0,0
63316,63340,63328,26.2,-104.309,39.8211,20.413,-47.6126,685.651,1.61118,0.326239,17.9938,0.165465,0.000112821,0.576633,0.186558,0.305276,0.237437,0.101759,0.135678,0.0339196,0.0339196,0,0,0,0,0,0,0
63341,63365,63353,26.3,-104.308,39.8222,20.09,-47.1767,690.115,1.28037,0.246452,12.9341,0.157444,7.76043e-05,0.344714,0.344714,0.180565,0.147735,0.147735,0.0656599,0.0328299,0.016415,0,0,0,0,0,0,0
63367,63387,63377,26.4,-104.306,39.8232,19.775,-47.2585,692.989,1.33608,0.19225,8.19119,0.127821,3.71112e-05,0.558361,0.259239,0.179473,0.239297,0.0598244,0.0199415,0.0199415,0,0,0,0,0,0,0,0
63388,63411,63400,26.5,-104.306,39.8245,19.4518,-46.9532,697.199,1.17222,0.204456,10.0417,0.147342,5.6443e-05,0.421266,0.274739,0.109896,0.164843,0.109896,0.0549478,0.0366319,0,0,0,0,0,0,0,0
63413,63434,63424,26.6,-104.305,39.8258,19.1547,-47.2424,699.374,1.51349,0.257388,13.0881,0.152548,7.88251e-05,0.600589,0.408401,0.144141,0.120118,0.0960943,0.0720707,0.0720707,0,0,0,0,0,0,0,0
63435,63455,63445,26.7,-104.304,39.8267,18.8939,-47.6811,700.759,1.27574,0.200067,9.00351,0.135008,4.3969e-05,0.523966,0.250592,0.159468,0.159468,0.0911245,0.0911245,0,0,0,0,0,0,0,0,0
63456,63476,63466,26.8,-104.302,39.8274,18.5778,-48,703.153,1.03106,0.196827,10.1414,0.154573,5.98708e-05,0.351496,0.210898,0.164032,0.0702992,0.0937323,0.117165,0.0234331,0,0,0,0,0,0,0,0
63478,63498,63488,26.9,-104.301,39.8282,18.2839,-47.4006,708.241,1.17153,0.237549,13.0797,0.165183,8.21012e-05,0.398319,0.234305,0.117153,0.164014,0.117153,0.0937221,0.0234305,0.0234305,0,0,0,0,0,0,0
63501,63520,63510,27,-104.298,39.8291,17.9617,-47.0944,712.812,1.07215,0.144015,6.27083,0.130629,3.13232e-05,0.500337,0.309733,0.0953023,0.0714767,0.0476512,0.0238256,0.0238256,0,0,0,0,0,0,0,0
63523,63545,63534,27.1,-104.296,39.8301,17.59,-46.9811,717.446,1.18224,0.187563,9.04895,0.144734,5.12402e-05,0.568382,0.181882,0.159147,0.0909412,0.113676,0.0227353,0.0454706,0,0,0,0,0,0,0,0
63546,63569,63558,27.2,-104.294,39.8309,17.3019,-46.4214,722.628,1.22106,0.230834,12.282,0.159621,7.4535e-05,0.496703,0.144872,0.186264,0.165568,0.10348,0.0827838,0.020696,0.020696,0,0,0,0,0,0,0
63570,63592,63581,27.3,-104.293,39.8316,17.0653,-46.53,725.115,1.16078,0.204187,10.4117,0.152973,5.99265e-05,0.394666,0.255372,0.208941,0.116078,0.0928625,0.0696469,0,0.0232156,0,0,0,0,0,0,0
63593,63619,63606,27.4,-104.291,39.8323,16.8177,-47.195,726.021,1.28823,0.226668,11.657,0.154283,7.08185e-05,0.552099,0.245378,0.163585,0.0817925,0.122689,0.0613444,0.0613444,0,0,0,0,0,0,0,0
63620,63646,63633,27.5,-104.289,39.8328,16.5291,-47.4643,728.742,0.86487,0.145358,6.96807,0.143812,3.76971e-05,0.393123,0.117937,0.0589684,0.157249,0.0786246,0.0393123,0.0196561,0,0,0,0,0,0,0,0
63648,63672,63660,27.6,-104.288,39.8334,16.2908,-47.3562,732.137,1.113,0.250244,13.9148,0.166815,8.93103e-05,0.27825,0.243469,0.139125,0.139125,0.139125,0.104344,0.0695625,0,0,0,0,0,0,0,0
56864,57105,56984,1.7,-105.197,39.9491,826.365,12.424,301.569,571.027,96.0612,5450.82,0.170229,0.0246979,182.946,145.639,100.6,67.7757,44.9932,18.5966,7.27394,1.87567,0.480354,0.34311,0.022874,0.160118,0.182992,0.045748,0.0914961
56868,57078,56973,1.8,-105.197,39.9491,826.388,11.9275,301.042,579.189,94.7982,4918.73,0.155659,0.0232395,190.836,144.127,101.592,70.9931,44.2869,17.1698,7.09282,1.92458,0.475738,0.19462,0.129747,0.302742,0.0216244,0.0216244,0.0216244
63998,63998,63998,27.6,-104.268,39.8447,16.29,-44.78,740.499,2.70115,0.565439,28.7425,0.152496,0.000157636,0.900384,0,0.450192,0.900384,0,0.450192,0,0,0,0,0,0,0,0,0
64017,64017,64017,27.5,-104.268,39.8451,16.56,-45.1,735.98,0.450824,0.0316548,0.788731,0.07475,8.78673e-07,0.450824,0,0,0,0,0,0,0,0,0,0,0,0,0,0
64030,64030,64030,27.4,-104.267,39.8453,16.69,-45.26,733.831,0.90228,0.115598,3.94476,0.102374,9.62828e-06,0,0.45114,0.45114,0,0,0,0,0,0,0,0,0,0,0,0
64047,64055,64051,27.3,-104.265,39.8458,17.08,-44.4583,731.56,1.72427,0.260263,10.9219,0.125895,4.70937e-05,0.749681,0.224904,0.224904,0.224904,0.299873,0,0,0,0,0,0,0,0,0,0
64056,64072,64064,27.2,-104.265,39.8461,17.3258,-43.73,730.919,1.23271,0.308809,18.7453,0.182105,0.000129602,0.261483,0.336193,0.0747094,0.149419,0.224128,0.0747094,0.0747094,0.0373547,0,0,0,0,0,0,0
64074,64088,64081,27.1,-104.263,39.8466,17.615,-44.312,725.606,1.07411,0.175517,8.47854,0.144919,4.77111e-05,0.4923,0.179018,0.089509,0.134264,0.134264,0,0.0447545,0,0,0,0,0,0,0,0
64090,64103,64096,27,-104.262,39.8472,17.8789,-44.5789,721.703,1.22544,0.159949,5.98553,0.112265,1.98428e-05,0.44116,0.343125,0.147053,0.245089,0.0490178,0,0,0,0,0,0,0,0,0,0
64104,64119,64112,26.9,-104.26,39.8478,18.179,-44.914,717.214,1.27125,0.260355,15.8387,0.182505,0.000111234,0.613706,0.263017,0.0438361,0.0876722,0.0438361,0.131508,0.0438361,0.0438361,0,0,0,0,0,0,0
64121,64136,64128,26.8,-104.259,39.8483,18.4273,-45.7873,711.72,1.2644,0.378416,30.4433,0.241348,0.000233849,0.513663,0.276588,0,0.079025,0.15805,0.079025,0.0395125,0.0395125,0.079025,0,0,0,0,0,0
64137,64149,64143,26.7,-104.258,39.8489,18.7389,-45.8911,707.973,1.2311,0.232975,11.7921,0.151846,6.85607e-05,0.378801,0.284101,0.14205,0.14205,0.189401,0.0473501,0.0473501,0,0,0,0,0,0,0,0
64151,64164,64158,26.6,-104.257,39.8496,19.0157,-45.7043,705.609,0.974256,0.193479,10.3708,0.160805,6.48263e-05,0.304455,0.182673,0.182673,0.121782,0.060891,0.060891,0.060891,0,0,0,0,0,0,0,0
64165,64178,64172,26.5,-104.256,39.8504,19.3033,-46.4356,700.329,1.04085,0.217363,12.7559,0.176054,8.42842e-05,0.33118,0.236557,0.141934,0.141934,0.0473115,0.094623,0,0.0473115,0,0,0,0,0,0,0
64180,64191,64186,26.4,-104.255,39.8513,19.6343,-45.7414,699.07,1.36903,0.37682,25.2089,0.200697,0.000190729,0.416662,0.238093,0.119046,0.238093,0.0595231,0.0595231,0.178569,0.0595231,0,0,0,0,0,0,0
64193,64206,64200,26.3,-104.254,39.8522,19.98,-45.4988,696.325,1.2292,0.185311,8.63956,0.139866,4.7435e-05,0.460949,0.358516,0.204866,0.0512165,0.102433,0,0.0512165,0,0,0,0,0,0,0,0
64208,64218,64213,26.2,-104.254,39.8533,20.3,-45.7583,692.393,0.824981,0.102835,3.64716,0.106398,1.02464e-05,0.274994,0.206245,0.206245,0.137497,0,0,0,0,0,0,0,0,0,0,0
64219,64229,64224,26.1,-104.253,39.854,20.6083,-45.315,690.749,1.69765,0.338212,16.876,0.149693,9.33657e-05,0.407436,0.407436,0.271624,0.135812,0.271624,0.203718,0,0,0,0,0,0,0,0,0
64231,64239,64235,26,-104.253,39.8545,20.954,-45.676,686.397,1.12641,0.207943,9.62107,0.138803,4.62968e-05,0.32183,0.0804576,0.241373,0.32183,0.0804576,0.0804576,0,0,0,0,0,0,0,0,0
64240,64249,64244,25.9,-104.252,39.855,21.242,-46.35,681.692,1.44372,0.181358,7.23544,0.119688,3.02463e-05,0.561448,0.561448,0.160414,0.0802068,0,0.0802068,0,0,0,0,0,0,0,0,0
64251,64261,64256,25.8,-104.251,39.8556,21.51,-46.7671,678.007,1.83837,0.415789,27.8916,0.201244,0.000196446,0.668496,0.334248,0.27854,0.222832,0.111416,0.055708,0.111416,0,0.055708,0,0,0,0,0,0
64263,64272,64268,25.7,-104.251,39.8562,21.902,-47.958,670.972,1.25446,0.326961,18.653,0.171149,0.000120726,0.156807,0.313615,0.0784037,0.235211,0.235211,0.156807,0.0784037,0,0,0,0,0,0,0,0
64273,64280,64276,25.6,-104.25,39.8566,22.318,-49.682,662.268,1.71797,0.480161,28.9906,0.181131,0.000199173,0.312359,0.312359,0.15618,0.312359,0.15618,0.312359,0.15618,0,0,0,0,0,0,0,0
64282,64289,64286,25.5,-104.25,39.857,22.7025,-49.33,660.071,1.6284,0.549743,38.7537,0.211483,0.000302516,0.383152,0.0957881,0.287364,0.287364,0.0957881,0.0957881,0.287364,0.0957881,0,0,0,0,0,0,0
64291,64302,64296,25.4,-104.25,39.8575,23.03,-50.1025,655.112,1.71791,0.291821,13.5756,0.139561,7.09304e-05,0.429477,0.524917,0.286318,0.143159,0.286318,0,0.0477197,0,0,0,0,0,0,0,0
64304,64315,64310,25.3,-104.25,39.8579,23.4729,-50.8329,649.419,1.4041,0.307237,19.1098,0.186596,0.000137839,0.54004,0.324024,0.108008,0.108008,0.162012,0,0.108008,0.054004,0,0,0,0,0,0,0
64316,64329,64322,25.2,-104.249,39.8583,23.8243,-50.8914,646.503,1.44692,0.238547,10.773,0.135482,5.22345e-05,0.375126,0.428716,0.267947,0.160768,0.107179,0.107179,0,0,0,0,0,0,0,0,0
64331,64341,64336,25.1,-104.248,39.8588,24.185,-50.9462,643.57,1.15302,0.311291,18.9805,0.18292,0.000129411,0.184484,0.184484,0.184484,0.184484,0.230605,0.0922419,0.046121,0.046121,0,0,0,0,0,0,0
64344,64355,64350,25,-104.247,39.8592,24.6029,-50.5086,641.692,2.18616,0.563465,34.978,0.18623,0.000242358,0.520514,0.416411,0.260257,0.312309,0.260257,0.260257,0.0520514,0.104103,0,0,0,0,0,0,0
64357,64368,64362,24.9,-104.247,39.8595,25.0017,-50.7933,637.932,1.85158,0.516809,35.5475,0.206348,0.000255247,0.537554,0.298641,0.179185,0.179185,0.298641,0.179185,0.119457,0,0.0597283,0,0,0,0,0,0
64370,64380,64375,24.8,-104.246,39.86,25.3967,-50.3917,636.226,1.30659,0.315161,17.5187,0.16676,0.000110294,0.237562,0.296953,0.118781,0.237562,0.178172,0.178172,0.0593906,0,0,0,0,0,0,0,0
64382,64394,64388,24.7,-104.245,39.8606,25.7629,-50.2943,633.913,2.14214,0.568685,34.2289,0.180569,0.000231722,0.448356,0.398539,0.149452,0.398539,0.298904,0.298904,0.0996346,0.0498173,0,0,0,0,0,0,0
64396,64407,64402,24.6,-104.245,39.8612,26.2667,-50.5067,629.81,2.19533,0.626794,69.9328,0.334717,0.000239973,0.751033,0.404402,0.346631,0.346631,0.0577718,0.231087,0,0,0,0,0.0577718,0,0,0,0
64409,64419,64414,24.5,-104.245,39.8616,26.59,-50.5917,627.381,2.31304,0.556587,33.6099,0.181157,0.000232793,0.636086,0.462608,0.231304,0.346956,0.28913,0.115652,0.173478,0.057826,0,0,0,0,0,0,0
64422,64432,64427,24.4,-104.244,39.8623,26.9933,-49.9767,626.401,2.422,0.513061,28.105,0.164337,0.000179104,0.749666,0.461333,0.230667,0.403667,0.288333,0.115333,0.173,0,0,0,0,0,0,0,0
64434,64447,64440,24.3,-104.244,39.8634,27.4814,-49.62,624.209,1.82841,0.420623,24.6933,0.17612,0.000169537,0.673623,0.336812,0.192464,0.0481159,0.192464,0.24058,0.144348,0,0,0,0,0,0,0,0
64449,64460,64454,24.2,-104.243,39.8648,27.9029,-49.4157,622.057,1.38419,0.346727,20.9087,0.180909,0.000146983,0.525038,0.143192,0.143192,0.0477308,0.238654,0.143192,0.143192,0,0,0,0,0,0,0,0
64462,64472,64467,24.1,-104.242,39.8661,28.266,-48.752,621.613,2.20335,0.433521,22.5735,0.15621,0.000135633,0.667681,0.534145,0.333841,0.0667681,0.333841,0.200304,0.0667681,0,0,0,0,0,0,0,0
64474,64487,64480,24,-104.242,39.8679,28.8443,-48.4929,618.733,2.24193,0.442702,23.304,0.157921,0.000141748,0.700603,0.513776,0.280241,0.233534,0.233534,0.186827,0.0934137,0,0,0,0,0,0,0,0
64489,64502,64496,23.9,-104.242,39.8692,29.3025,-48.8813,614.897,1.80133,0.385778,20.6348,0.160466,0.000122775,0.409393,0.245636,0.450332,0.204696,0.327514,0.122818,0,0.0409393,0,0,0,0,0,0,0
64504,64516,64510,23.8,-104.241,39.8703,29.7843,-50.1543,608.555,2.16627,0.456009,26.4455,0.17398,0.000173425,0.783543,0.368726,0.276545,0.184363,0.322635,0.138272,0,0.0921816,0,0,0,0,0,0,0
64518,64530,64524,23.7,-104.24,39.8712,30.2629,-50.6786,604.376,1.88775,0.381162,20.3976,0.160543,0.000121407,0.598556,0.276257,0.230214,0.414385,0.184171,0.138128,0,0.0460428,0,0,0,0,0,0,0
