api/src/app/data/B2SAP/Locations/Boulder/NOAA-POPS-B2SAP_GMLBalloon_20210514_R0.ict
61,1001
Thornberry, T. D.
NOAA Chemical Sciences Laboratory
Portable Optical Particle Spectrometer (POPS)
Balloon Baseline Stratospheric Aerosol Profiles (B2SAP)
1,1
2021,05,14,2024,05,28
0
TIME_START,s,Seconds since midnight UTC on flight start day,Start time of 100 m altitude bin in UTC_seconds_since_midnight
28
1.0,1.0,1.0,1.0,1.0,1.0,1.0,1.0,1.0,1.0,1.0,1.0,1.0,1.0,1.0,1.0,1.0,1.0,1.0,1.0,1.0,1.0,1.0,1.0,1.0,1.0,1.0,1.0
99999,99999,99999,99999,99999,99999,99999,99999,99999,99999,99999,99999,99999,99999,99999,99999,99999,99999,99999,99999,99999,99999,99999,99999,99999,99999,99999,99999
TIME_STOP,s,End time of 100 m altitude bin in UTC seconds since midnight,
TIME_MID,s,Mid time of 100 m altitude in UTC seconds since midnight,
GPSAlt,m,GPS reported altitude above sea level (m),
GPS_Lon,deg,GPS reported longitude,
GPS_Lat,deg,GPS reported latitude,
iMet_Pressure,mb,Pressure reported (mB),
iMet_Temperature,degrees C,Ambient temperature (oC),
THETA,K,Potential temperature from iMet,
Aerosol_concentration,cm^-3,Aerosol concentration,
Surface_Area_Conc,um^2 cm^-3,Surface area concentration,
Volume_density,um^3 cm^-3,Volume density,
Effective_radius,um,Effective radius,
Extinction,km^-1,Extinction,
Bin01,cm^-3,particle concentration in size range [140 - 170 nm],
Bin02,cm^-3,particle concentration in size range [170 - 205 nm],
Bin03,cm^-3,particle concentration in size range [205 - 249 nm],
Bin04,cm^-3,particle concentration in size range [249 - 302 nm],
Bin05,cm^-3,particle concentration in size range [302 - 366 nm],
Bin06,cm^-3,particle concentration in size range [366 - 443 nm],
Bin07,cm^-3,particle concentration in size range [443 - 537 nm],
Bin08,cm^-3,particle concentration in size range [537 - 651 nm],
Bin09,cm^-3,particle concentration in size range [651 - 789 nm],
Bin10,cm^-3,particle concentration in size range [789 - 956 nm],
Bin11,cm^-3,particle concentration in size range [956 - 1159 nm],
Bin12,cm^-3,particle concentration in size range [1159 - 1404 nm],
Bin13,cm^-3,particle concentration in size range [1404 - 1702 nm],
Bin14,cm^-3,particle concentration in size range [1702 - 2062 nm],
Bin15,cm^-3,particle concentration in size range [2062 - 2500 nm],
0
19
PI_CONTACT_INFO: 325 Broadway R/CSL6, Boulder, CO 80305; troy.thornberry@noaa.gov; 303-497-3373 
PLATFORM: GML ECC/FPH balloon
LOCATION: Boulder, CO, USA
ASSOCIATED_DATA: N/A
INSTRUMENT_INFO: Printed Optical Particle Spectrometer counts particles from 140 - 2500 nm in diameter 
DATA_INFO: Particle concentrations reported in number per cubic centimeter, binned to 100 m altitude
UNCERTAINTY: Counting uncertainty dominated by air flow, less than 5 percent
ULOD_FLAG: -77777
ULOD_VALUE: 3000 ~3000 per cm3 (varies depending on flow rate- manufacturer quotes 1250  per cm3 at 1.667 cc/s)
LLOD_FLAG: -88888
LLOD_VALUE: 0 0 (varies depending on data field and measurement precision)
DM_CONTACT_INFO: Troy Thornberry, 325 Broadway R/CSL6, Boulder, CO 80305; troy.thornberry@noaa.gov; 303-497-3373
PROJECT_INFO: B2SAP Boulder, CO, USA
STIPULATIONS_ON_USE: Please contact the PIs for questions regarding applications and uncertainties
OTHER_COMMENTS: POPS bin Edges (nm):  140, 170, 205, 249, 302, 366, 443, 537, 651, 789, 956, 1159, 1404, 1702, 2062, 2500
Calculations assume sulfate refractive index of 1.45+0.00j and extinction wavelength = 532 nm
REVISION: R0
R0: QA/QC data
TIME_START,TIME_STOP,TIME_MID,GPSAlt,GPS_Lon,GPS_Lat,iMet_Pressure,iMet_Temperature,THETA,Aerosol_concentration,Surface_Area_Conc,Volume_density,Effective_radius,Extinction,Bin01,Bin02,Bin03,Bin04,Bin05,Bin06,Bin07,Bin08,Bin09,Bin10,Bin11,Bin12,Bin13,Bin14,Bin15
[from data line 303]
64547,64560,64554,23.5,-104.239,39.872,31.2075,-51.965,595.626,2.12494,0.333403,14.2351,0.128089,6.18536e-05,0.590261,0.55091,0.354157,0.393507,0.157403,0.0787015,0,0,0,0,0,0,0,0,0
64563,64578,64570,23.4,-104.237,39.8725,31.6844,-52.5678,591.423,2.33347,0.510355,27.7505,0.163125,0.000169149,0.557248,0.452764,0.313452,0.417936,0.278624,0.243796,0.034828,0.034828,0,0,0,0,0,0,0
64580,64593,64586,23.3,-104.237,39.8732,32.24,-53.1843,586.86,1.77802,0.420499,23.9827,0.171102,0.000152398,0.400055,0.266703,0.177802,0.533407,0.133352,0.177802,0.0444506,0.0444506,0,0,0,0,0,0,0
64595,64610,64602,23.2,-104.237,39.8739,32.7033,-54.1956,581.778,2.34405,0.573434,35.114,0.183704,0.000234889,0.723898,0.344713,0.206828,0.310242,0.379185,0.241299,0.103414,0,0.0344713,0,0,0,0,0,0
64611,64626,64618,23.1,-104.236,39.8743,33.3056,-53.9433,579.424,2.58441,0.589137,31.5369,0.160592,0.000186349,0.476075,0.374059,0.408064,0.646101,0.374059,0.238037,0.0340053,0.0340053,0,0,0,0,0,0,0
64628,64643,64636,23,-104.236,39.8747,33.8789,-53.8422,576.864,2.69913,0.512614,26.5882,0.155604,0.000160697,0.944694,0.539825,0.337391,0.269913,0.37113,0.101217,0.134956,0,0,0,0,0,0,0,0
64644,64657,64650,22.9,-104.235,39.875,34.3875,-54.2638,573.314,2.40103,0.460539,23.2306,0.151326,0.000132256,0.72412,0.49545,0.228669,0.49545,0.228669,0.152446,0.0762231,0,0,0,0,0,0,0,0
64659,64673,64666,22.8,-104.235,39.8755,34.9433,-54.2678,570.681,2.48931,0.534475,28.5822,0.160431,0.00017179,0.571869,0.403672,0.437312,0.470951,0.370033,0.134557,0.0672787,0.0336394,0,0,0,0,0,0,0
64675,64690,64682,22.7,-104.235,39.8762,35.48,-54.6391,567.236,2.6587,0.694855,42.9041,0.185236,0.000297749,0.596851,0.434073,0.325555,0.461203,0.406944,0.189907,0.135648,0.108518,0,0,0,0,0,0,0
64692,64707,64700,22.6,-104.234,39.8773,36.151,-54.165,565.437,2.72116,0.555719,28.5309,0.154022,0.000162434,0.409637,0.672974,0.526676,0.614455,0.263338,0.146299,0.0585195,0.0292598,0,0,0,0,0,0,0
64708,64724,64716,22.5,-104.235,39.8782,36.7369,-54.4992,561.982,2.57544,0.684837,41.658,0.182487,0.000279237,0.291137,0.627064,0.380718,0.447903,0.313532,0.335927,0.134371,0.0223952,0.0223952,0,0,0,0,0,0
64725,64740,64732,22.4,-104.235,39.8788,37.3536,-54.1545,560.2,2.90744,0.572588,29.0213,0.152053,0.000163811,0.628636,0.602443,0.602443,0.49767,0.340511,0.157159,0.0523863,0.0261932,0,0,0,0,0,0,0
64741,64759,64750,22.3,-104.235,39.879,37.9154,-54.0531,558.069,2.73598,0.642817,38.3965,0.179195,0.000251161,0.586282,0.499425,0.455997,0.455997,0.477711,0.108571,0.0434283,0.0868566,0.0217141,0,0,0,0,0,0
64760,64776,64768,22.2,-104.235,39.8789,38.6138,-53.9054,555.548,2.89062,0.64696,34.6761,0.160796,0.000210707,0.521617,0.695489,0.43468,0.391212,0.43468,0.304276,0.10867,0,0,0,0,0,0,0,0
64778,64794,64786,22.1,-104.235,39.8787,39.1708,-54.2346,552.439,2.98021,0.765421,48.6206,0.190564,0.000334139,0.647871,0.539892,0.518297,0.388722,0.388722,0.280744,0.107978,0.0647871,0.0431914,0,0,0,0,0,0
64795,64812,64804,22,-104.235,39.8786,39.8054,-54.7215,548.696,3.12566,0.772768,48.293,0.187481,0.000309156,0.685077,0.620851,0.406764,0.47099,0.47099,0.278312,0.149861,0.0214086,0,0.0214086,0,0,0,0,0
64814,64830,64822,21.9,-104.235,39.8786,40.4838,-54.8123,545.814,2.40693,0.591629,38.9233,0.19737,0.000247466,0.502316,0.544176,0.355807,0.355807,0.313948,0.230228,0.0418597,0.0209298,0.0209298,0.0209298,0,0,0,0,0
64831,64847,64839,21.8,-104.235,39.8787,41.1138,-54.6346,543.863,2.66071,0.655894,38.3186,0.175266,0.000253932,0.644391,0.374162,0.374162,0.498883,0.291015,0.291015,0.145508,0.0415736,0,0,0,0,0,0,0
64849,64865,64857,21.7,-104.235,39.8789,41.8067,-54.0933,542.607,3.1898,0.715067,41.9637,0.176055,0.000279744,0.965925,0.696365,0.314487,0.292024,0.516658,0.224634,0.0673901,0.112317,0,0,0,0,0,0,0
64866,64882,64874,21.6,-104.235,39.8791,42.4,-53.5045,541.88,2.75677,0.681405,43.0675,0.189612,0.000291184,0.585509,0.51232,0.439131,0.585509,0.243962,0.19517,0.0975848,0.0487924,0.0487924,0,0,0,0,0,0
64883,64899,64891,21.5,-104.235,39.8791,43.0991,-53.2727,539.93,2.87838,0.740047,43.7469,0.177341,0.000283262,0.455744,0.503717,0.503717,0.431757,0.455744,0.407771,0.0719595,0.0239865,0.0239865,0,0,0,0,0,0
64900,64916,64908,21.4,-104.234,39.8788,43.7775,-54.165,535.336,3.0462,0.731005,41.9138,0.172012,0.000272358,0.529774,0.61807,0.640144,0.419404,0.286961,0.375257,0.132444,0.0441478,0,0,0,0,0,0,0
64917,64933,64925,21.3,-104.234,39.8784,44.4938,-54.5931,531.828,3.47995,0.85655,47.8637,0.167639,0.000298553,0.482768,0.704037,0.623575,0.522999,0.502883,0.543114,0.060346,0.0402307,0,0,0,0,0,0,0
64935,64951,64943,21.2,-104.233,39.8784,45.2217,-54.89,528.638,3.12408,0.684572,36.9749,0.162035,0.000222426,0.564071,0.629156,0.542376,0.629156,0.455596,0.195255,0.04339,0.0650851,0,0,0,0,0,0,0
64952,64969,64960,21.1,-104.233,39.8784,45.985,-55.94,523.594,3.43824,0.842193,51.8036,0.184531,0.000355416,0.799159,0.724818,0.408872,0.650478,0.315946,0.241606,0.185851,0.0929254,0.0185851,0,0,0,0,0,0
64971,64986,64978,21,-104.232,39.8781,46.6753,-55.8067,521.683,3.60355,0.795751,45.3055,0.170803,0.00028896,0.96433,0.659804,0.592132,0.541378,0.304525,0.372197,0.118426,0.0338361,0.0169181,0,0,0,0,0,0
64988,65005,64996,20.9,-104.232,39.8777,47.4019,-55.515,520.085,3.51565,0.81718,45.8795,0.168431,0.000292731,0.779332,0.675421,0.57151,0.450281,0.467599,0.398325,0.138548,0.034637,0,0,0,0,0,0,0
65006,65023,65014,20.8,-104.231,39.8773,48.1779,-55.285,518.228,3.47058,0.781873,44.1279,0.169316,0.000283272,0.892435,0.634621,0.555293,0.436302,0.456134,0.31731,0.118991,0.0594957,0,0,0,0,0,0,0
65025,65043,65034,20.7,-104.231,39.8769,48.9447,-55.6053,515.131,3.4192,0.86322,52.2366,0.181541,0.000358849,0.665358,0.702323,0.554465,0.535983,0.351161,0.295715,0.221786,0.0924109,0,0,0,0,0,0,0
65044,65063,65054,20.6,-104.231,39.8762,49.8131,-55.8506,511.978,3.35179,0.726893,39.1304,0.161497,0.00023945,0.746772,0.677305,0.538371,0.555737,0.416803,0.260502,0.138934,0.0173668,0,0,0,0,0,0,0
65064,65080,65072,20.5,-104.231,39.875,50.6367,-55.2627,510.953,3.57099,0.829401,47.1944,0.170705,0.000303089,0.592081,0.740101,0.795609,0.610584,0.277538,0.351548,0.129518,0.0740101,0,0,0,0,0,0,0
65081,65101,65091,20.4,-104.23,39.8737,51.4114,-55.5829,508.006,3.60398,0.877902,52.6278,0.179842,0.000357459,0.772282,0.712876,0.594063,0.534657,0.455448,0.237625,0.178219,0.118813,0,0,0,0,0,0,0
65102,65121,65112,20.3,-104.228,39.8727,52.3075,-55.5681,505.529,3.50376,0.851411,52.2935,0.184259,0.000335075,0.854149,0.522949,0.627538,0.557812,0.331201,0.43579,0.10459,0.0522949,0,0.0174316,0,0,0,0,0
65124,65141,65132,20.2,-104.226,39.8721,53.1993,-55.9827,502.141,3.6062,0.875422,51.9437,0.178007,0.000346413,0.799313,0.55766,0.817901,0.408951,0.408951,0.353185,0.204475,0.0371773,0.0185887,0,0,0,0,0,0
65143,65162,65152,20.1,-104.224,39.8719,53.9983,-56.4422,498.947,3.72641,1.00651,66.7854,0.199061,0.00046878,0.760809,0.838442,0.527908,0.527908,0.310534,0.357114,0.279481,0.0931603,0.0155267,0.0155267,0,0,0,0,0
65164,65182,65173,20,-104.222,39.872,54.9071,-56.5876,496.236,3.56267,0.915096,61.3544,0.201141,0.000421658,0.919399,0.640296,0.541789,0.443282,0.508953,0.22985,0.0985071,0.131343,0.0328357,0.0164178,0,0,0,0,0
65183,65202,65192,19.9,-104.221,39.8724,55.7767,-56.46,494.315,4.15225,0.999959,57.987,0.173968,0.00037632,0.650726,1.02257,0.588752,0.697207,0.588752,0.35635,0.170428,0.0619739,0.0154935,0,0,0,0,0,0
65203,65222,65212,19.8,-104.221,39.8726,56.6478,-56.8744,491.176,4.04962,0.94941,57.6103,0.18204,0.000388324,1.0124,0.918951,0.51399,0.623018,0.34266,0.358235,0.17133,0.0778772,0.0311509,0,0,0,0,0,0
65224,65242,65233,19.7,-104.22,39.8723,57.5572,-56.225,490.425,3.85111,0.840354,47.7676,0.170527,0.000303934,1.02489,0.745376,0.621146,0.543503,0.403745,0.341631,0.093172,0.0621146,0.0155287,0,0,0,0,0,0
65244,65263,65254,19.6,-104.22,39.8713,58.4906,-57.1588,486.072,3.82643,0.900582,59.2946,0.197521,0.000399934,1.14957,0.73901,0.558363,0.525518,0.344871,0.229914,0.147802,0.0656898,0.0492673,0.0164224,0,0,0,0,0
65264,65283,65274,19.5,-104.218,39.8701,59.4372,-57.0478,484.095,4.21025,0.950494,56.4728,0.178243,0.000371043,1.18073,0.80787,0.543759,0.590367,0.590367,0.233039,0.186432,0.0310719,0.0466079,0,0,0,0,0,0
65284,65304,65294,19.4,-104.217,39.8693,60.448,-59.1593,477.065,3.94573,0.815786,44.4518,0.163469,0.000278669,1.07098,0.883091,0.638832,0.46973,0.394573,0.281838,0.169103,0.0375784,0,0,0,0,0,0,0
65305,65323,65314,19.3,-104.215,39.8685,61.3224,-60.0024,473.229,4.31898,1.02175,63.8101,0.187355,0.000420405,1.15508,0.719831,0.770051,0.619389,0.418506,0.351545,0.167402,0.0837012,0.0167402,0.0167402,0,0,0,0,0
65324,65343,65334,19.2,-104.214,39.8674,62.3545,-59.515,472.067,4.28844,1.15162,79.3028,0.206585,0.000550587,0.919963,0.891656,0.721817,0.580284,0.438752,0.297219,0.268912,0.0990729,0.0424598,0.0283066,0,0,0,0,0
65346,65363,65354,19.1,-104.212,39.866,63.4429,-59.7514,469.209,4.20928,0.979133,60.1631,0.184336,0.000391909,1.07774,0.976064,0.549036,0.508367,0.447363,0.366024,0.223681,0.0406693,0,0.0203347,0,0,0,0,0
65364,65372,65368,19,-104.211,39.8652,64.1922,-61.72,463.327,3.90907,0.951269,58.22,0.183607,0.000408718,1.08056,0.92165,0.381373,0.413154,0.381373,0.349592,0.286029,0.0953431,0,0,0,0,0,0,0
65385,65405,65395,18.9,-104.208,39.8644,65.6162,-60.8019,462.424,4.00667,0.844858,50.5092,0.179353,0.000319221,1.18163,0.787751,0.651932,0.624768,0.35313,0.203729,0.0950735,0.0814915,0.0135819,0.0135819,0,0,0,0,0
65406,65425,65416,18.8,-104.205,39.8642,66.6063,-61.5758,458.78,3.93121,0.881619,55.1665,0.187722,0.000381378,1.32546,0.843477,0.451863,0.376552,0.421738,0.210869,0.165683,0.0903725,0.0451863,0,0,0,0,0,0
65426,65441,65434,18.7,-104.204,39.8643,67.5825,-60.4706,459.265,3.81982,0.833879,47.4563,0.170731,0.000310114,1.15483,0.675131,0.639598,0.355332,0.479698,0.284266,0.159899,0.0710664,0,0,0,0,0,0,0
65442,65469,65456,18.6,-104.202,39.8647,68.9261,-60.75,456.081,4.00112,0.908947,55.4407,0.182983,0.000364911,0.968525,0.93677,0.508079,0.714486,0.381059,0.269917,0.111142,0.0476324,0.0635098,0,0,0,0,0,0
65470,65490,65480,18.5,-104.201,39.8649,69.9857,-61.3038,452.922,4.7551,1.05107,62.3356,0.177921,0.000420975,1.4537,0.923848,0.6793,0.652128,0.421166,0.244548,0.258134,0.108688,0.013586,0,0,0,0,0,0
65491,65511,65501,18.4,-104.201,39.8654,71.0386,-59.2743,455.309,4.72346,0.990649,60.7041,0.183831,0.000398857,1.48029,1.21114,0.538286,0.5652,0.444086,0.174943,0.174943,0.0942,0.0269143,0.0134571,0,0,0,0,0
65512,65536,65524,18.3,-104.2,39.8661,72.2959,-59.0077,453.597,4.38819,0.954688,55.8728,0.175574,0.000350585,1.31222,0.790156,0.592617,0.677277,0.451518,0.366858,0.112879,0.0705497,0,0.0141099,0,0,0,0,0
65537,65557,65547,18.2,-104.2,39.8667,73.4942,-59.1574,451.163,4.55974,0.977483,58.444,0.179371,0.00038994,1.28862,1.05733,0.693873,0.660832,0.346937,0.19825,0.165208,0.115646,0.0330416,0,0,0,0,0,0
65558,65581,65570,18.1,-104.199,39.8669,74.6688,-58.3129,450.885,4.7271,1.22906,88.7158,0.216546,0.000549181,1.18503,0.950629,0.625071,0.742272,0.520892,0.364625,0.130223,0.143245,0.0260446,0.0260446,0.0130223,0,0,0,0
65582,65604,65593,18,-104.199,39.8667,76.0579,-56.9236,451.428,5.27031,1.3461,91.1677,0.203181,0.000638914,1.63867,0.907911,0.642181,0.686469,0.509316,0.420739,0.199298,0.199298,0.0442884,0.0221442,0,0,0,0,0
65605,65626,65616,17.9,-104.197,39.8664,77.115,-57.4568,448.537,5.11271,1.08815,63.0202,0.173745,0.000411716,1.53522,1.18311,0.619723,0.633807,0.478877,0.3662,0.197184,0.070423,0.0281692,0,0,0,0,0,0
65627,65648,65638,17.8,-104.196,39.866,78.3829,-56.2012,449.051,4.81855,1.02911,65.3691,0.19056,0.000433147,1.67919,1.04037,0.602319,0.638823,0.255529,0.310286,0.127765,0.109513,0.0365042,0.0182521,0,0,0,0,0
65649,65670,65660,17.7,-104.194,39.8653,79.4729,-58.7271,442.081,5.50087,1.31101,103.669,0.237226,0.000580617,1.87834,1.29695,0.648476,0.670837,0.290696,0.245974,0.290696,0.089445,0.0447225,0.0223612,0,0,0.0223612,0,0
65671,65691,65681,17.6,-104.191,39.8642,80.8663,-59.02,439.277,5.20493,0.964775,55.7859,0.173468,0.000364155,2.25657,1.02122,0.625909,0.494139,0.296483,0.214127,0.197656,0.0494139,0.0494139,0,0,0,0,0,0
65692,65714,65703,17.5,-104.188,39.8632,82.2257,-58.9105,437.421,6.60968,1.24033,68.9632,0.166802,0.00043119,2.37232,1.49203,1.01458,0.58189,0.462528,0.432688,0.134282,0.0746013,0.0447608,0,0,0,0,0,0
65715,65736,65726,17.4,-104.185,39.8625,83.5945,-58.6085,435.975,5.87246,1.03034,57.2817,0.166784,0.00036109,2.41807,1.46027,0.722282,0.423948,0.282632,0.314036,0.157018,0.0471053,0.0471053,0,0,0,0,0,0
65737,65758,65748,17.3,-104.183,39.8621,84.9279,-57.8142,435.612,7.06808,1.13641,58.9825,0.155708,0.000350053,2.87654,1.98892,0.821869,0.575308,0.262998,0.31231,0.131499,0.0657495,0.0328748,0,0,0,0,0,0
65759,65781,65770,17.2,-104.18,39.8619,86.2491,-58.3523,432.62,8.62531,1.34925,67.878,0.150924,0.000395454,3.60334,2.1847,1.19166,0.751878,0.368846,0.212796,0.184423,0.113491,0.0141864,0,0,0,0,0,0
65784,65803,65794,17.1,-104.178,39.8613,87.6845,-57.953,431.377,9.61154,1.47067,69.1178,0.140993,0.000372179,3.66303,2.64552,1.40886,0.782698,0.579197,0.281771,0.187848,0.0626159,0,0,0,0,0,0,0
65806,65825,65816,17,-104.175,39.8601,89.0953,-58.6095,428.109,7.21648,1.49533,101.831,0.204298,0.00062474,2.52082,1.84531,1.02151,0.675515,0.477803,0.230664,0.16476,0.16476,0.0988559,0,0.016476,0,0,0,0
65826,65847,65836,16.9,-104.172,39.8587,90.5842,-57.8921,427.514,7.4081,1.44456,87.2251,0.181146,0.000579762,2.65046,1.87672,1.00421,0.773735,0.362174,0.312787,0.197549,0.1317,0.0987747,0,0,0,0,0,0
65848,65869,65858,16.8,-104.17,39.8573,92.0282,-59.2841,422.827,9.9269,1.52616,76.9855,0.151332,0.000449058,4.25031,2.58157,1.41202,0.656088,0.427884,0.25673,0.199679,0.114102,0.0285256,0,0,0,0,0,0
65870,65890,65880,16.7,-104.167,39.8554,93.565,-57.6867,423.979,8.99081,1.27786,71.7285,0.168395,0.000324794,4.1576,2.304,1.47248,0.5197,0.173233,0.173233,0.10394,0.05197,0,0.0173233,0.0173233,0,0,0,0
65891,65915,65903,16.6,-104.164,39.8531,95.211,-58.8265,419.639,9.15156,1.29576,62.3041,0.144249,0.000323102,3.90864,2.65285,1.1616,0.643592,0.455223,0.141276,0.109882,0.0470921,0.0156974,0.0156974,0,0,0,0,0
65916,65937,65926,16.5,-104.16,39.8512,96.6764,-59.8659,415.779,7.87534,1.22905,62.487,0.152525,0.000363789,3.27385,2.0669,1.08625,0.618562,0.362085,0.211216,0.135782,0.0905212,0.0301737,0,0,0,0,0,0
65938,65961,65950,16.4,-104.156,39.8495,98.2304,-59.8471,413.936,8.60027,1.18979,55.162,0.139088,0.000293217,4.06531,2.18676,1.05669,0.675106,0.190791,0.220143,0.132086,0.0587049,0.0146762,0,0,0,0,0,0
65962,65985,65974,16.3,-104.151,39.8479,99.7395,-60.11,411.621,9.47089,1.58358,86.2531,0.163401,0.000540378,3.68904,2.55395,1.50754,0.727166,0.301508,0.248301,0.195093,0.212829,0.0354715,0,0,0,0,0,0
65986,66010,65998,16.2,-104.145,39.8458,101.522,-59.4512,410.81,10.4215,1.6181,79.6943,0.147755,0.000448666,4.30945,2.5913,1.4224,0.915406,0.619659,0.253497,0.197164,0.084499,0.0281663,0,0,0,0,0,0
66011,66035,66023,16.1,-104.138,39.8439,103.171,-60.5027,406.92,26.0086,3.44569,159.753,0.13909,0.000641593,10.136,7.60599,4.94712,2.17544,0.580118,0.306173,0.14503,0.0322288,0.0483432,0.0161144,0,0,0.0161144,0,0
66037,66061,66049,16,-104.132,39.8422,104.825,-59.3304,407.294,23.5201,3.05612,130.913,0.128509,0.000581017,9.61908,6.69818,3.9455,2.23273,0.596413,0.168219,0.0917559,0.107049,0.045878,0.0152927,0,0,0,0,0
66062,66086,66074,15.9,-104.127,39.8403,106.506,-59.4924,405.149,17.9214,2.42605,116.145,0.143623,0.000520634,7.43081,5.07608,3.11615,1.43822,0.310205,0.267904,0.112802,0.141002,0,0.0141002,0.0141002,0,0,0,0
66087,66111,66099,15.8,-104.121,39.8387,108.025,-59.8767,402.791,27.445,3.58105,169.116,0.141676,0.000616002,11.0055,7.92551,5.19866,2.25602,0.56891,0.235411,0.117706,0.098088,0,0,0.0196176,0.0196176,0,0,0
66112,66136,66124,15.7,-104.115,39.8364,110.075,-58.7393,402.761,30.0011,3.67016,141.657,0.115791,0.0005334,11.9306,9.13512,5.26642,2.67065,0.673902,0.149756,0.0998373,0.0249593,0.0499187,0,0,0,0,0,0
