api/src/app/data/B2SAP/Locations/Boulder/NOAA-POPS-B2SAP_GMLBalloon_20210122_R0.ict
61,1001
Thornberry, T. D.
NOAA Chemical Sciences Laboratory
Portable Optical Particle Spectrometer (POPS)
Balloon Baseline Stratospheric Aerosol Profiles (B2SAP)
1,1
2021,01,22,2024,05,30
0
TIME_START,s,Seconds since midnight UTC on flight start day,Start time of 100 m altitude bin in UTC_seconds_since_midnight
28
1.0,1.0,1.0,1.0,1.0,1.0,1.0,1.0,1.0,1.0,1.0,1.0,1.0,1.0,1.0,1.0,1.0,1.0,1.0,1.0,1.0,1.0,1.0,1.0,1.0,1.0,1.0,1.0
99999,99999,99999,99999,99999,99999,99999,99999,99999,99999,99999,99999,99999,99999,99999,99999,99999,99999,99999,99999,99999,99999,99999,99999,99999,99999,99999,99999
TIME_STOP,s,End time of 100 m altitude bin in UTC seconds since midnight,
TIME_MID,s,Mid time of 100 m altitude in UTC seconds since midnight,
GPSAlt,m,GPS reported altitude above sea level (m),
GPS_Lon,deg,GPS reported longitude,
GPS_Lat,deg,GPS reported latitude,
iMet_Pressure,mb,Pressure reported (mB),
iMet_Temperature,degrees C,Ambient temperature (oC),
THETA,K,Potential temperature from iMet,
Aerosol_concentration,cm^-3,Aerosol concentration,
Surface_Area_Conc,um^2 cm^-3,Surface area concentration,
Volume_density,um^3 cm^-3,Volume density,
Effective_radius,um,Effective radius,
Extinction,km^-1,Extinction,
Bin01,cm^-3,particle concentration in size range [140 - 170 nm],
Bin02,cm^-3,particle concentration in size range [170 - 205 nm],
Bin03,cm^-3,particle concentration in size range [205 - 249 nm],
Bin04,cm^-3,particle concentration in size range [249 - 302 nm],
Bin05,cm^-3,particle concentration in size range [302 - 366 nm],
Bin06,cm^-3,particle concentration in size range [366 - 443 nm],
Bin07,cm^-3,particle concentration in size range [443 - 537 nm],
Bin08,cm^-3,particle concentration in size range [537 - 651 nm],
Bin09,cm^-3,particle concentration in size range [651 - 789 nm],
Bin10,cm^-3,particle concentration in size range [789 - 956 nm],
Bin11,cm^-3,particle concentration in size range [956 - 1159 nm],
Bin12,cm^-3,particle concentration in size range [1159 - 1404 nm],
Bin13,cm^-3,particle concentration in size range [1404 - 1702 nm],
Bin14,cm^-3,particle concentration in size range [1702 - 2062 nm],
Bin15,cm^-3,particle concentration in size range [2062 - 2500 nm],
0
19
PI_CONTACT_INFO: 325 Broadway R/CSL6, Boulder, CO 80305; troy.thornberry@noaa.gov; 303-497-3373 
PLATFORM: GML ECC/FPH balloon
LOCATION: Boulder, CO, USA
ASSOCIATED_DATA: N/A
INSTRUMENT_INFO: Printed Optical Particle Spectrometer counts particles from 140 - 2500 nm in diameter 
DATA_INFO: Particle concentrations reported in number per cubic centimeter, binned to 100 m altitude
UNCERTAINTY: Counting uncertainty dominated by air flow, less than 5 percent
ULOD_FLAG: -77777
ULOD_VALUE: 3000 ~3000 per cm3 (varies depending on flow rate- manufacturer quotes 1250  per cm3 at 1.667 cc/s)
LLOD_FLAG: -88888
LLOD_VALUE: 0 0 (varies depending on data field and measurement precision)
DM_CONTACT_INFO: Troy Thornberry, 325 Broadway R/CSL6, Boulder, CO 80305; troy.thornberry@noaa.gov; 303-497-3373
PROJECT_INFO: B2SAP Boulder, CO, USA
STIPULATIONS_ON_USE: Please contact the PIs for questions regarding applications and uncertainties
OTHER_COMMENTS: POPS bin Edges (nm):  140, 170, 205, 249, 302, 366, 443, 537, 651, 789, 956, 1159, 1404, 1702, 2062, 2500
Calculations assume sulfate refractive index of 1.45+0.00j and extinction wavelength = 532 nm
REVISION: R0
R0: QA/QC data
TIME_START,TIME_STOP,TIME_MID,GPSAlt,GPS_Lon,GPS_Lat,iMet_Pressure,iMet_Temperature,THETA,Aerosol_concentration,Surface_Area_Conc,Volume_density,Effective_radius,Extinction,Bin01,Bin02,Bin03,Bin04,Bin05,Bin06,Bin07,Bin08,Bin09,Bin10,Bin11,Bin12,Bin13,Bin14,Bin15
[from data line 149]
65765,65792,65778,16.6,-103.904,40.0069,92.8885,-61.3141,417.706,7.85813,1.62107,111.742,0.206794,0.000706461,3.09137,1.924,1.01604,0.572876,0.42155,0.259415,0.324269,0.129708,0.0756628,0.0324269,0,0.010809,0,0,0
65793,65817,65805,16.7,-103.899,40.0079,91.3304,-60.4921,421.351,7.59713,1.6538,107.108,0.194294,0.000752793,2.90799,1.65998,0.932981,0.617949,0.472549,0.302916,0.448316,0.157516,0.0848165,0.0121166,0,0,0,0,0
65818,65838,65828,16.8,-103.896,40.0085,89.8833,-60.73,422.815,7.10821,1.45428,90.1776,0.186026,0.000606587,2.4851,1.74929,0.930176,0.708045,0.513679,0.208248,0.277665,0.166599,0.0555329,0.0138832,0,0,0,0,0
65839,65863,65851,16.9,-103.892,40.009,88.4808,-61.0748,424.027,7.61606,1.83539,131.201,0.214452,0.000826813,2.46849,1.56767,1.1933,0.71364,0.561553,0.397766,0.409465,0.210582,0.0701941,0,0.011699,0.011699,0,0,0
65864,65878,65871,17,-103.889,40.0089,87.1129,-59.1607,429.758,7.00033,1.72932,111.823,0.193989,0.000777484,1.78643,1.57871,0.997079,0.685492,0.955534,0.290815,0.477767,0.16618,0.041545,0.0207725,0,0,0,0,0
65879,65900,65890,17.1,-103.888,40.0085,85.7362,-58.5787,432.901,6.70208,1.8282,131.309,0.215473,0.000842024,1.64391,1.3368,1.0297,0.596142,0.849051,0.578077,0.433558,0.180649,0,0.0361298,0.0180649,0,0,0,0
65903,65924,65914,17.2,-103.885,40.0078,84.2283,-59.52,433.187,6.87404,1.89659,139.239,0.220247,0.000891904,1.97779,1.18185,0.868299,0.651225,0.988897,0.385911,0.602986,0.144717,0.0241194,0.0241194,0.0241194,0,0,0,0
65926,65951,65938,17.3,-103.883,40.0077,82.9204,-59.114,435.951,6.26763,1.79218,130.713,0.218806,0.000927033,1.44549,1.31828,0.982931,0.659142,0.636014,0.47412,0.47412,0.127203,0.0925112,0.0578195,0,0,0,0,0
65952,65974,65963,17.4,-103.879,40.0078,81.5935,-58.7526,438.716,7.23579,1.99746,142.05,0.213346,0.000971399,1.81209,1.35907,1.3339,0.566279,0.780206,0.503359,0.528527,0.276847,0.0503359,0.012584,0,0.012584,0,0,0
65975,66000,65988,17.5,-103.876,40.008,80.2896,-57.6457,443.009,6.42233,1.75887,118.512,0.202139,0.000790373,1.4369,1.18701,0.937111,0.749689,0.874637,0.537277,0.499792,0.162433,0.0249896,0,0.0124948,0,0,0,0
66001,66027,66014,17.6,-103.872,40.0081,79.0504,-56.8525,446.616,6.25025,1.6336,105.742,0.194188,0.000740892,1.33339,1.3691,0.964324,0.642883,0.892892,0.416683,0.416683,0.154768,0.0476209,0.0119052,0,0,0,0,0
66028,66054,66041,17.7,-103.867,40.008,77.7789,-56.8374,448.729,6.40233,1.92204,148.202,0.231319,0.000969883,1.54503,1.16406,0.825425,0.751348,0.888919,0.40213,0.529119,0.190483,0.0317471,0.0529119,0.0211647,0,0,0,0
66055,66083,66069,17.8,-103.864,40.0079,76.5278,-57.2363,449.974,6.23371,1.77072,117.671,0.19936,0.000838492,1.23187,1.17878,0.945145,0.753992,0.80709,0.55222,0.55222,0.169914,0.0212392,0.0212392,0,0,0,0,0
66084,66111,66098,17.9,-103.859,40.0076,75.2122,-57.8819,450.861,6.43743,1.77753,119.254,0.201269,0.000853279,1.45533,1.22162,1.0729,0.605501,0.817957,0.478027,0.552387,0.169965,0.0424913,0.0212456,0,0,0,0,0
66112,66140,66126,18,-103.855,40.0078,74.0632,-58.3375,451.892,5.88984,1.7889,125.824,0.211007,0.000925354,1.26145,1.01101,0.81623,0.704926,0.806954,0.445216,0.528694,0.222608,0.0742027,0.0185507,0,0,0,0,0
66141,66168,66154,18.1,-103.851,40.0083,72.9056,-58.3281,453.943,6.05795,1.73337,113.812,0.196979,0.000812508,1.11721,1.16536,0.876429,0.654914,1.01126,0.52971,0.481554,0.17336,0.0385243,0.00963108,0,0,0,0,0
66169,66193,66181,18.2,-103.847,40.009,71.7512,-57.8728,456.993,6.29236,1.91649,137.752,0.215632,0.000955042,1.28967,1.07126,0.863249,0.780044,0.925653,0.551231,0.499228,0.228813,0.052003,0.0208012,0.0104006,0,0,0,0
66194,66217,66206,18.3,-103.842,40.0099,70.5783,-58.4357,457.945,5.95251,1.69952,112.38,0.198373,0.000803766,1.02238,1.03374,1.18141,0.727025,0.772464,0.46575,0.545268,0.147677,0.045439,0.0113598,0,0,0,0,0
66218,66239,66228,18.4,-103.838,40.0107,69.4971,-59.3019,458.108,5.59662,1.49538,102.019,0.204668,0.000657816,1.18414,1.10935,0.947312,0.648161,0.710484,0.448727,0.386404,0.124646,0.0124646,0.0124646,0.0124646,0,0,0,0
66240,66261,66250,18.5,-103.833,40.0115,68.3968,-59.9409,458.838,5.97223,1.76926,119.439,0.202523,0.000874705,1.13472,1.09889,0.943613,0.66889,0.788335,0.45389,0.656946,0.179167,0.0358334,0.0119445,0,0,0,0,0
66262,66284,66273,18.6,-103.829,40.0124,67.3377,-60.3527,459.991,5.71854,1.67557,118.101,0.211451,0.000798043,1.15803,1.03865,0.859572,0.63274,0.835695,0.501417,0.47754,0.1552,0.0358155,0.0119385,0.0119385,0,0,0,0
66285,66310,66298,18.7,-103.823,40.0133,66.2115,-60.9823,460.845,5.29628,1.54383,103.672,0.201458,0.000740931,1.0552,0.974029,0.781252,0.57833,0.669645,0.598622,0.456576,0.142046,0.0202923,0.0202923,0,0,0,0,0
66311,66335,66323,18.8,-103.818,40.0136,65.13,-60.9468,463.102,5.31313,1.42891,90.8487,0.190737,0.000644697,1.07741,1.09854,0.749964,0.633773,0.749964,0.422515,0.411952,0.137317,0.0316886,0,0,0,0,0,0
66336,66358,66347,18.9,-103.814,40.0133,64.1039,-60.9987,465.087,5.4273,1.67025,119.016,0.21377,0.000894205,1.2595,1.01905,0.6641,0.5267,0.72135,0.37785,0.51525,0.26335,0.0687,0.01145,0,0,0,0,0
66359,66380,66370,19,-103.811,40.0127,63.044,-61.0675,467.162,5.30623,1.65231,123.703,0.2246,0.000847702,1.08237,1.08237,0.646779,0.580781,0.712777,0.448786,0.488384,0.184794,0.0395987,0.0263992,0.0131996,0,0,0,0
66381,66402,66392,19.1,-103.807,40.0122,62.0543,-61.6748,467.933,5.01658,1.3884,90.2064,0.194915,0.000655606,1.09659,0.831895,0.945335,0.491574,0.642828,0.378134,0.403343,0.214276,0.0126045,0,0,0,0,0,0
66403,66424,66414,19.2,-103.804,40.0116,61.0962,-62.3431,468.527,5.09821,1.43373,93.6685,0.195996,0.000680483,0.979787,1.013,0.846935,0.58123,0.58123,0.431771,0.48159,0.149459,0.0332131,0,0,0,0,0,0
66425,66445,66435,19.3,-103.801,40.0109,60.0887,-62.5653,470.274,4.66621,1.28923,80.2857,0.186822,0.000568628,0.958081,0.762916,0.70969,0.496783,0.762916,0.443556,0.425814,0.106453,0,0,0,0,0,0,0
66447,66465,66456,19.4,-103.797,40.0097,59.0331,-62.6815,472.391,5.03646,1.62018,112.542,0.208388,0.000824142,0.75445,0.815622,0.75445,0.73406,0.713669,0.448592,0.632107,0.122343,0.0407811,0.0203905,0,0,0,0,0
66467,66487,66477,19.5,-103.794,40.0087,58.0789,-62.9189,474.065,4.88535,1.27484,83.074,0.195492,0.000604263,1.02148,1.27315,0.740205,0.50334,0.473731,0.25167,0.414515,0.177649,0.0296082,0,0,0,0,0,0
66488,66510,66499,19.6,-103.792,40.0078,57.1139,-63.8443,474.242,4.98142,1.45027,101.317,0.209581,0.000725871,0.989302,0.966024,0.768164,0.558664,0.744886,0.349165,0.372443,0.139666,0.069833,0.0232777,0,0,0,0,0
66512,66536,66524,19.7,-103.79,40.0071,56.1738,-63.9627,476.223,4.77555,1.35406,88.0139,0.195001,0.000635524,0.907664,0.907664,0.691062,0.598233,0.691062,0.350688,0.495089,0.0928293,0.0412574,0,0,0,0,0,0
66537,66561,66549,19.8,-103.788,40.0066,55.2908,-64.2648,477.702,4.72271,1.47804,108.882,0.221,0.000753438,0.901609,0.71914,0.923076,0.504472,0.568872,0.472271,0.364937,0.193202,0.0536672,0.0107334,0.0107334,0,0,0,0
66562,66589,66576,19.9,-103.786,40.0062,54.3239,-63.8825,480.986,4.7803,1.46103,103.652,0.212835,0.000755944,1.06549,0.691127,0.691127,0.595138,0.729523,0.355163,0.403158,0.153584,0.0767919,0.019198,0,0,0,0,0
66590,66615,66602,20,-103.784,40.0053,53.4288,-63.0777,485.137,4.63997,1.42766,101.548,0.213387,0.000744614,0.987666,0.699597,0.761326,0.576138,0.555562,0.432104,0.318934,0.246916,0.0411527,0.0205764,0,0,0,0,0
66616,66640,66628,20.1,-103.782,40.0041,52.5888,-63.2192,487.011,4.74741,1.40045,94.4734,0.202378,0.000692554,0.844696,0.898158,0.876773,0.502541,0.54531,0.384925,0.481156,0.192462,0.0106924,0.0106924,0,0,0,0,0
66641,66663,66652,20.2,-103.781,40.003,51.7573,-62.7886,490.23,4.6542,1.39976,94.4653,0.20246,0.000697003,0.777725,0.923549,0.68051,0.631902,0.571142,0.425319,0.388863,0.218735,0.0364559,0,0,0,0,0,0
66664,66688,66676,20.3,-103.78,40.002,50.8912,-63.1156,491.843,4.44518,1.48914,108.698,0.21898,0.000805803,0.737302,0.747987,0.609075,0.544962,0.715931,0.331252,0.459478,0.245767,0.0213711,0.0320566,0,0,0,0,0
66689,66713,66701,20.4,-103.779,40.001,50.0171,-62.8408,494.927,4.50987,1.422,99.2054,0.209293,0.000734242,0.67427,0.91745,0.729538,0.420037,0.696377,0.386876,0.442144,0.187911,0.0442144,0.0110536,0,0,0,0,0
66714,66737,66726,20.5,-103.779,40,49.1904,-62.2813,498.608,4.47828,1.61038,121.938,0.227159,0.000924089,0.823835,0.675967,0.580909,0.433041,0.665405,0.422479,0.549223,0.232364,0.0633719,0.031686,0,0,0,0,0
66738,66762,66750,20.6,-103.778,39.9994,48.3776,-62.4,500.714,4.46772,1.52471,113.246,0.222822,0.000817824,0.815845,0.670158,0.679871,0.388498,0.709008,0.456485,0.427347,0.262236,0.0485622,0,0.00971244,0,0,0,0
66764,66788,66776,20.7,-103.777,39.9984,47.5704,-61.3692,505.578,4.53697,1.57041,112.859,0.215598,0.000845495,0.594847,0.70575,0.735997,0.494025,0.79649,0.362957,0.594847,0.191561,0.0403286,0.0201643,0,0,0,0,0
66789,66813,66801,20.8,-103.776,39.9972,46.8168,-61.4728,507.648,4.39338,1.38479,97.475,0.211169,0.000703857,0.774164,0.725779,0.619331,0.493529,0.793518,0.377405,0.387082,0.174187,0.0193541,0.0290311,0,0,0,0,0
66815,66838,66826,20.9,-103.776,39.9958,46.0675,-60.4692,512.414,4.17,1.20625,85.8117,0.213418,0.000625884,1.0024,0.821971,0.601442,0.441058,0.441058,0.310745,0.320769,0.160385,0.0501202,0.0200481,0,0,0,0,0
66839,66867,66853,21,-103.777,39.9948,45.3011,-59.0982,518.185,4.1339,1.06325,65.0234,0.183466,0.000449732,0.881556,0.676145,0.753174,0.513528,0.624792,0.28244,0.290999,0.102706,0.0085588,0,0,0,0,0,0
66867,66893,66880,21.1,-103.777,39.9938,44.5396,-59.4189,519.932,4.11827,1.16399,74.9522,0.193177,0.000532582,0.710047,0.789927,0.612415,0.532535,0.630167,0.417153,0.257392,0.142009,0.0266268,0,0,0,0,0,0
66894,66918,66906,21.2,-103.778,39.9927,43.8452,-59.5284,521.995,3.88108,1.02297,66.4409,0.194847,0.000462747,0.860339,0.755186,0.544881,0.497084,0.611796,0.200746,0.305898,0.0573559,0.0382373,0.00955932,0,0,0,0,0
66919,66942,66930,21.3,-103.778,39.9917,43.1609,-59.8982,523.441,3.90435,1.16097,79.1644,0.204565,0.000575377,0.71779,0.641661,0.71779,0.435025,0.576408,0.293642,0.315393,0.17401,0.0217512,0.0108756,0,0,0,0,0
66943,66964,66954,21.4,-103.778,39.9908,42.4618,-60.0518,525.514,3.97709,1.11237,74.0114,0.199605,0.000522892,0.817211,0.697354,0.621081,0.490327,0.610184,0.294196,0.315988,0.0762731,0.0435846,0.0108962,0,0,0,0,0
66965,66987,66976,21.5,-103.778,39.9903,41.7635,-60.0743,527.943,3.54866,1.05049,73.064,0.208657,0.000530333,0.824542,0.657546,0.448802,0.354866,0.448802,0.30268,0.375741,0.104372,0.0104372,0.0208745,0,0,0,0,0
66988,67011,67000,21.6,-103.778,39.9903,41.0958,-59.9546,530.693,3.86324,1.00014,62.289,0.18684,0.000442753,0.94834,0.728724,0.559021,0.409284,0.499126,0.279511,0.329423,0.109808,0,0,0,0,0,0,0
67012,67033,67022,21.7,-103.779,39.9908,40.4323,-59.2291,534.971,3.2702,0.727845,41.7381,0.172034,0.000275371,0.956072,0.619274,0.499765,0.315069,0.412849,0.249882,0.162967,0.0543223,0,0,0,0,0,0,0
67034,67058,67046,21.8,-103.779,39.9917,39.7796,-59.4992,536.786,3.40638,0.710706,40.5326,0.171094,0.000267001,1.15145,0.623703,0.479772,0.470176,0.249481,0.191909,0.172718,0.0671681,0,0,0,0,0,0,0
67059,67083,67071,21.9,-103.779,39.9928,39.1495,-59.8886,538.264,3.37805,0.801948,49.6828,0.185858,0.000349415,1.0764,0.606904,0.515296,0.251922,0.377883,0.22902,0.217569,0.0916081,0.011451,0,0,0,0,0,0
67088,67109,67098,22,-103.779,39.9937,38.4284,-59.2437,542.754,3.69115,1.10164,74.6492,0.203286,0.000544376,0.743269,0.642487,0.579498,0.377933,0.466118,0.365336,0.352738,0.151173,0,0.0125978,0,0,0,0,0
67110,67134,67122,22.1,-103.779,39.9936,37.8756,-59.3136,544.844,3.65967,0.991524,61.4702,0.185987,0.000432263,0.633958,0.672379,0.662774,0.432244,0.56672,0.288163,0.297768,0.10566,0,0,0,0,0,0,0
67135,67159,67147,22.2,-103.779,39.9929,37.2708,-59.0276,548.079,3.29559,0.902509,56.6112,0.188179,0.00040376,0.682179,0.605313,0.470799,0.384326,0.470799,0.288244,0.307461,0.0864733,0,0,0,0,0,0,0
67160,67184,67172,22.3,-103.779,39.9922,36.654,-58.6912,551.566,3.62773,0.951987,60.1409,0.189522,0.00042549,0.804035,0.698745,0.555167,0.440305,0.478593,0.25844,0.277584,0.0957185,0.0191437,0,0,0,0,0,0
67185,67210,67198,22.4,-103.78,39.9919,36.0864,-58.952,553.359,3.44155,0.920625,57.8297,0.188447,0.000412609,0.778674,0.634475,0.567183,0.365304,0.326851,0.384531,0.288398,0.0961326,0,0,0,0,0,0,0
67211,67234,67222,22.5,-103.78,39.9916,35.4742,-58.3221,557.699,3.127,0.676564,40.0099,0.177411,0.00027649,1.04899,0.669358,0.419597,0.279732,0.299712,0.0999041,0.24976,0.0599425,0,0,0,0,0,0,0
67235,67259,67247,22.6,-103.781,39.9913,34.9337,-58.0063,560.986,3.15299,0.591476,32.2183,0.163413,0.000200413,1.0742,0.845438,0.338175,0.318283,0.248658,0.198927,0.0795707,0.0397853,0.00994633,0,0,0,0,0,0
67260,67282,67271,22.7,-103.782,39.9906,34.3509,-57.9591,563.801,2.98195,0.628333,38.9241,0.185844,0.000258752,1.02179,0.646437,0.448335,0.26066,0.281513,0.104264,0.135543,0.0625584,0.0104264,0.0104264,0,0,0,0,0
67283,67305,67294,22.8,-103.784,39.99,33.7826,-57.4426,567.862,2.883,0.809231,54.6982,0.202778,0.000397476,0.770189,0.499582,0.374686,0.260199,0.374686,0.197751,0.312239,0.0728557,0.010408,0.010408,0,0,0,0,0
67306,67331,67318,22.9,-103.787,39.9894,33.25,-57.6108,569.998,3.11968,0.862742,57.5738,0.2002,0.000406471,0.775305,0.443032,0.53533,0.304584,0.443032,0.286125,0.239975,0.0461491,0.0369193,0.00922982,0,0,0,0,0
67332,67354,67343,23,-103.789,39.9893,32.697,-57.3587,573.404,2.79844,0.698553,45.2706,0.194419,0.000315803,0.707531,0.549128,0.506888,0.327365,0.253444,0.126722,0.264004,0.0422406,0.0105602,0.0105602,0,0,0,0,0
67355,67378,67366,23.1,-103.791,39.9898,32.1792,-57.1521,576.584,2.6117,0.606968,36.8483,0.182126,0.00025292,0.684018,0.590742,0.435284,0.207278,0.310917,0.145095,0.196914,0.0207278,0.0207278,0,0,0,0,0,0
67379,67405,67392,23.2,-103.793,39.9912,31.6293,-57.29,579.047,3.04946,0.707815,44.6101,0.189076,0.000311629,1.01649,0.54589,0.442359,0.320005,0.263533,0.207062,0.141179,0.0847071,0.0282357,0,0,0,0,0,0
67406,67431,67418,23.3,-103.793,39.9927,31.1376,-57.7628,580.387,2.61118,0.525597,28.6309,0.163419,0.000180985,0.873861,0.478543,0.426527,0.249674,0.270481,0.16645,0.124837,0.0208062,0,0,0,0,0,0,0
67432,67456,67444,23.4,-103.794,39.9939,30.6038,-56.5746,586.47,2.76279,0.620959,40.8351,0.197284,0.000272733,0.869564,0.649421,0.429279,0.242157,0.198129,0.132086,0.176114,0.0440286,0,0.0220143,0,0,0,0,0
67457,67481,67469,23.5,-103.796,39.9946,30.1061,-56.11,590.494,2.59621,0.680219,44.693,0.197112,0.0003302,0.731116,0.507305,0.358098,0.268573,0.268573,0.119366,0.19397,0.149207,0,0,0,0,0,0,0
67481,67506,67494,23.6,-103.799,39.9949,29.6764,-55.7591,593.88,2.75652,0.660071,39.7259,0.180553,0.000270154,0.73259,0.533921,0.42217,0.211085,0.434587,0.211085,0.149001,0.0496671,0.0124168,0,0,0,0,0,0
67507,67530,67518,23.7,-103.802,39.9953,29.1762,-55.3358,597.927,2.62205,0.737448,50.2871,0.204572,0.000354724,0.438934,0.681503,0.358078,0.300323,0.300323,0.288772,0.12706,0.0924072,0.0231018,0.0115509,0,0,0,0,0
67531,67554,67542,23.8,-103.806,39.9957,28.7245,-54.9414,601.693,2.34352,0.588357,36.7869,0.187574,0.000260471,0.582714,0.595381,0.228018,0.215351,0.304025,0.16468,0.202683,0.0380031,0.0126677,0,0,0,0,0,0
67554,67578,67566,23.9,-103.81,39.9965,28.2712,-55.0871,604.021,2.55717,0.657664,42.0332,0.191738,0.000300638,0.642265,0.547114,0.34492,0.225982,0.368708,0.154619,0.166513,0.0951503,0.0118938,0,0,0,0,0,0
67579,67601,67590,24,-103.813,39.9974,27.793,-55.4152,606.072,2.65083,0.699722,46.5484,0.199572,0.000331883,0.812753,0.45014,0.362613,0.162551,0.350109,0.187558,0.250078,0.0625195,0,0.0125039,0,0,0,0,0
67602,67626,67614,24.1,-103.816,39.9982,27.3492,-55.6328,608.245,2.75652,0.725041,50.8207,0.210281,0.000367282,0.762442,0.563034,0.492655,0.211138,0.281517,0.140759,0.117299,0.152488,0.0234598,0.0117299,0,0,0,0,0
67627,67650,67638,24.2,-103.818,39.9991,26.8979,-55.8083,610.661,2.68179,0.718404,48.4959,0.202515,0.000342308,0.605567,0.568491,0.383114,0.370755,0.284246,0.173019,0.173019,0.098868,0.0123585,0.0123585,0,0,0,0,0
