api/src/app/data/B2SAP/Locations/Boulder/NOAA-POPS-B2SAP_GMLBalloon_20210624_R0.ict
61,1001
Thornberry, T. D.
NOAA Chemical Sciences Laboratory
Portable Optical Particle Spectrometer (POPS)
Balloon Baseline Stratospheric Aerosol Profiles (B2SAP)
1,1
2021,06,24,2024,05,30
0
TIME_START,s,Seconds since midnight UTC on flight start day,Start time of 100 m altitude bin in UTC_seconds_since_midnight
28
1.0,1.0,1.0,1.0,1.0,1.0,1.0,1.0,1.0,1.0,1.0,1.0,1.0,1.0,1.0,1.0,1.0,1.0,1.0,1.0,1.0,1.0,1.0,1.0,1.0,1.0,1.0,1.0
99999,99999,99999,99999,99999,99999,99999,99999,99999,99999,99999,99999,99999,99999,99999,99999,99999,99999,99999,99999,99999,99999,99999,99999,99999,99999,99999,99999
TIME_STOP,s,End time of 100 m altitude bin in UTC seconds since midnight,
TIME_MID,s,Mid time of 100 m altitude in UTC seconds since midnight,
GPSAlt,m,GPS reported altitude above sea level (m),
GPS_Lon,deg,GPS reported longitude,
GPS_Lat,deg,GPS reported latitude,
iMet_Pressure,mb,Pressure reported (mB),
iMet_Temperature,degrees C,Ambient temperature (oC),
THETA,K,Potential temperature from iMet,
Aerosol_concentration,cm^-3,Aerosol concentration,
Surface_Area_Conc,um^2 cm^-3,Surface area concentration,
Volume_density,um^3 cm^-3,Volume density,
Effective_radius,um,Effective radius,
Extinction,km^-1,Extinction,
Bin01,cm^-3,particle concentration in size range [140 - 170 nm],
Bin02,cm^-3,particle concentration in size range [170 - 205 nm],
Bin03,cm^-3,particle concentration in size range [205 - 249 nm],
Bin04,cm^-3,particle concentration in size range [249 - 302 nm],
Bin05,cm^-3,particle concentration in size range [302 - 366 nm],
Bin06,cm^-3,particle concentration in size range [366 - 443 nm],
Bin07,cm^-3,particle concentration in size range [443 - 537 nm],
Bin08,cm^-3,particle concentration in size range [537 - 651 nm],
Bin09,cm^-3,particle concentration in size range [651 - 789 nm],
Bin10,cm^-3,particle concentration in size range [789 - 956 nm],
Bin11,cm^-3,particle concentration in size range [956 - 1159 nm],
Bin12,cm^-3,particle concentration in size range [1159 - 1404 nm],
Bin13,cm^-3,particle concentration in size range [1404 - 1702 nm],
Bin14,cm^-3,particle concentration in size range [1702 - 2062 nm],
Bin15,cm^-3,particle concentration in size range [2062 - 2500 nm],
0
19
PI_CONTACT_INFO: 325 Broadway R/CSL6, Boulder, CO 80305; troy.thornberry@noaa.gov; 303-497-3373 
PLATFORM: GML ECC/FPH balloon
LOCATION: Boulder, CO, USA
ASSOCIATED_DATA: N/A
INSTRUMENT_INFO: Printed Optical Particle Spectrometer counts particles from 140 - 2500 nm in diameter 
DATA_INFO: Particle concentrations reported in number per cubic centimeter, binned to 100 m altitude
UNCERTAINTY: Counting uncertainty dominated by air flow, less than 5 percent
ULOD_FLAG: -77777
ULOD_VALUE: 3000 ~3000 per cm3 (varies depending on flow rate- manufacturer quotes 1250  per cm3 at 1.667 cc/s)
LLOD_FLAG: -88888
LLOD_VALUE: 0 0 (varies depending on data field and measurement precision)
DM_CONTACT_INFO: Troy Thornberry, 325 Broadway R/CSL6, Boulder, CO 80305; troy.thornberry@noaa.gov; 303-497-3373
PROJECT_INFO: B2SAP Boulder, CO, USA
STIPULATIONS_ON_USE: Please contact the PIs for questions regarding applications and uncertainties
OTHER_COMMENTS: POPS bin Edges (nm):  140, 170, 205, 249, 302, 366, 443, 537, 651, 789, 956, 1159, 1404, 1702, 2062, 2500
Calculations assume sulfate refractive index of 1.45+0.00j and extinction wavelength = 532 nm
REVISION: R0
R0: QA/QC data
TIME_START,TIME_STOP,TIME_MID,GPSAlt,GPS_Lon,GPS_Lat,iMet_Pressure,iMet_Temperature,THETA,Aerosol_concentration,Surface_Area_Conc,Volume_density,Effective_radius,Extinction,Bin01,Bin02,Bin03,Bin04,Bin05,Bin06,Bin07,Bin08,Bin09,Bin10,Bin11,Bin12,Bin13,Bin14,Bin15
[from data line 312]
66051,66075,66063,16.8,-105.081,40.1403,97.5008,-70.398,394.291,13.2397,1.73825,78.466,0.135422,0.000354084,5.0609,4.33791,2.09364,1.25016,0.271119,0.0602488,0.0602488,0.0602488,0.0150622,0.0301244,0,0,0,0,0
66076,66101,66088,16.7,-105.078,40.1419,99.2262,-69.9937,393.111,12.165,1.58214,86.4502,0.163924,0.000278348,5.37705,3.62128,1.81848,0.893562,0.266501,0.0940591,0.031353,0.031353,0,0,0.0156765,0,0.0156765,0,0
66102,66127,66114,16.6,-105.076,40.1434,100.7,-69.176,393.028,13.1963,1.68161,79.8407,0.142436,0.00028132,5.76517,3.63131,2.26489,1.0295,0.280771,0.149745,0.0187181,0.0187181,0.0187181,0,0,0.0187181,0,0,0
66128,66154,66141,16.5,-105.074,40.1447,102.599,-69.1521,390.981,12.3474,1.4461,53.0693,0.110095,0.000184174,5.2605,3.76196,1.96684,1.01464,0.202927,0.078049,0.0468294,0.0156098,0,0,0,0,0,0,0
66155,66179,66167,16.4,-105.072,40.1455,104.339,-68.7495,389.882,12.1394,1.46277,56.5456,0.115969,0.000220269,5.22299,3.60083,1.88955,1.01608,0.267389,0.0534777,0.0178259,0.0713036,0,0,0,0,0,0,0
66180,66203,66192,16.3,-105.069,40.1464,106.188,-68.6355,388.136,11.151,1.38973,61.3273,0.132387,0.000274101,5.22861,3.04579,1.55674,0.913737,0.219974,0.0846053,0.0169211,0.0338421,0.0338421,0.0169211,0,0,0,0,0
66205,66231,66218,16.2,-105.066,40.1475,107.985,-68.0612,387.371,10.9917,1.35074,62.6498,0.139146,0.000230004,5.325,2.93302,1.50923,0.84004,0.199332,0.113904,0.014238,0.0284759,0.014238,0,0.014238,0,0,0,0
66232,66257,66244,16.1,-105.062,40.1489,109.848,-67.7613,386.045,10.3654,1.18866,42.5966,0.107507,0.000138414,4.63544,2.97763,1.65781,0.788669,0.225334,0.0643812,0,0.0160953,0,0,0,0,0,0,0
66258,66283,66270,16,-105.057,40.1502,111.618,-67.265,385.211,10.2453,1.18601,45.6532,0.11548,0.000178183,4.93805,2.8613,1.41527,0.753784,0.13845,0.04615,0.0615334,0.0153833,0.0153833,0,0,0,0,0,0
66284,66310,66297,15.9,-105.053,40.1516,113.52,-66.4158,384.944,10.1455,1.27889,65.4447,0.153519,0.000258136,5.06566,2.68935,1.25219,0.839533,0.156523,0.0142294,0.0426881,0.0426881,0.0142294,0.0142294,0,0.0142294,0,0,0
66311,66335,66323,15.8,-105.049,40.153,115.459,-65.8504,384.128,9.96571,1.30847,77.4717,0.177624,0.000253087,4.78226,2.79233,1.36407,0.625866,0.272813,0.0641914,0,0.0160478,0,0.0160478,0,0.0320957,0,0,0
66336,66362,66349,15.7,-105.045,40.1544,117.375,-65.2485,383.435,10.8678,1.26501,47.0442,0.111567,0.000166359,5.05544,2.83862,1.81131,0.811033,0.24331,0.0675861,0.0270344,0,0.0135172,0,0,0,0,0,0
66363,66388,66376,15.6,-105.04,40.156,119.368,-64.45,383.067,9.95013,1.25663,85.7755,0.204775,0.000227941,4.7448,2.66546,1.60486,0.725676,0.125598,0.0418659,0.0139553,0.0139553,0,0,0,0,0,0.0139553,0
66389,66414,66402,15.5,-105.036,40.1577,121.303,-63.7512,382.581,10.2229,1.42452,85.099,0.179216,0.00032099,4.65778,3.00941,1.25518,0.786379,0.241963,0.105859,0.0756133,0.045368,0.0151227,0,0.0151227,0,0.0151227,0,0
66415,66440,66428,15.4,-105.032,40.1595,123.378,-62.8971,382.286,9.9915,1.2893,57.3799,0.133514,0.000264145,4.54296,2.62616,1.4791,0.905574,0.241486,0.0603716,0.0603716,0.0452787,0.0150929,0.0150929,0,0,0,0,0
66441,66467,66454,15.3,-105.027,40.1613,125.419,-62.0752,381.992,10.913,1.2831,51.8797,0.121299,0.00020361,5.34296,2.91191,1.36245,1.0018,0.200361,0.0133574,0.0400722,0.0133574,0.0133574,0.0133574,0,0,0,0,0
66468,66494,66481,15.2,-105.023,40.1632,127.508,-61.1485,381.852,10.8215,1.33619,61.6787,0.138481,0.000229729,5.01195,2.99121,1.75485,0.65142,0.252591,0.0797657,0.0132943,0.0398829,0.0132943,0,0.0132943,0,0,0,0
66495,66521,66508,15.1,-105.018,40.1651,129.562,-60.4596,381.352,11.014,1.39217,69.961,0.150759,0.00027051,5.18537,3.15061,1.45715,0.905799,0.131275,0.0525101,0.026255,0.0656376,0.026255,0,0,0,0.0131275,0,0
66522,66547,66534,15,-105.014,40.1671,131.666,-59.6148,381.114,10.7338,1.3829,75.8971,0.164648,0.000238718,4.95516,3.0526,1.49081,0.85189,0.241369,0.0709908,0.0141982,0.0283963,0,0,0.0141982,0,0.0141982,0,0
66548,66574,66561,14.9,-105.009,40.1693,133.823,-58.6696,381.019,10.6933,1.34111,56.6785,0.126787,0.000247251,4.59028,3.1819,1.66919,0.847637,0.208649,0.0391217,0.104325,0.0391217,0,0.0130406,0,0,0,0,0
66575,66600,66588,14.8,-105.005,40.1712,135.963,-57.8716,380.709,10.9503,1.38558,74.7035,0.161745,0.000226604,5.01185,3.08853,1.68465,0.92656,0.0982715,0.0561552,0.0421164,0.0140388,0,0,0.0140388,0,0.0140388,0,0
66601,66628,66614,14.7,-105,40.1731,138.188,-56.9064,380.652,11.3159,1.41627,67.8732,0.143771,0.000228123,5.25929,3.06326,1.5666,0.99311,0.279749,0.0979123,0.0139875,0.0139875,0.0139875,0,0,0,0.0139875,0,0
66629,66654,66642,14.6,-104.996,40.1749,140.405,-56.5525,379.541,10.1858,1.35472,76.6632,0.16977,0.000263513,4.59955,2.8729,1.45096,0.943125,0.159606,0.0870577,0,0.0290192,0,0.0145096,0.0145096,0.0145096,0,0,0
66655,66680,66668,14.5,-104.992,40.1765,142.616,-56.5737,377.811,10.6933,1.36336,61.9765,0.136375,0.000302999,5.26683,2.65518,1.59601,0.725459,0.17411,0.0725459,0.101564,0.0725459,0.0145092,0.0145092,0,0,0,0,0
66682,66707,66694,14.4,-104.986,40.1785,144.994,-56.81,375.625,12.3978,1.59566,81.4172,0.153072,0.000319527,6.11525,3.10326,1.77981,0.851876,0.258605,0.182545,0.0152121,0.0304241,0.0456362,0,0,0,0.0152121,0,0
66708,66733,66720,14.3,-104.981,40.1805,147.29,-56.1335,375.115,11.5546,1.46434,73.9063,0.151412,0.0002607,5.61799,3.11924,1.42546,0.855276,0.318632,0.134161,0.0335402,0.0167701,0.0167701,0,0,0,0.0167701,0,0
66735,66759,66747,14.2,-104.974,40.1824,149.675,-55.5263,374.431,11.4001,1.51928,109.648,0.216513,0.00033909,5.55136,3.15568,1.47045,0.776529,0.280872,0.0660876,0.0495657,0.0165219,0,0.0165219,0,0,0,0.0165219,0
66760,66784,66772,14.1,-104.968,40.184,151.958,-54.7814,374.097,11.9366,1.45947,63.0062,0.129512,0.000277264,6.02257,2.98416,1.48303,0.958547,0.307458,0.0542574,0.0542574,0.0361716,0.0180858,0.0180858,0,0,0,0,0
66786,66811,66798,14,-104.962,40.1857,154.373,-54.3091,373.226,11.1405,1.34283,52.9565,0.118309,0.000213556,5.27521,2.91478,1.64515,0.822575,0.286113,0.125174,0.0357641,0.0178821,0.0178821,0,0,0,0,0,0
66812,66836,66824,13.9,-104.956,40.1873,156.774,-53.934,372.214,11.8242,1.56694,116.29,0.222643,0.000327695,5.70482,3.1189,1.71737,0.967253,0.157919,0.0789594,0.0197399,0.0394797,0,0,0,0,0,0.0197399,0
66838,66863,66850,13.8,-104.949,40.1891,159.293,-53.7052,370.909,12.0521,1.47306,62.8429,0.127985,0.000293733,6.26503,2.98741,1.43396,0.819404,0.273135,0.119496,0.0512128,0.0682837,0.0341418,0,0,0,0,0,0
66864,66890,66877,13.7,-104.942,40.1911,161.912,-53.1013,370.205,11.8315,1.47127,65.4716,0.1335,0.000297272,5.94842,2.81079,1.63418,0.980509,0.261469,0.0817091,0.0326836,0.0163418,0.0490254,0.0163418,0,0,0,0,0
66891,66916,66904,13.6,-104.935,40.1928,164.364,-52.9609,368.856,11.9396,1.53177,67.0386,0.131296,0.000320666,5.80799,2.98064,1.60103,0.851611,0.391741,0.136258,0.102193,0.0170322,0.0510967,0,0,0,0,0,0
66918,66943,66930,13.5,-104.926,40.1949,166.923,-52.6314,367.772,10.9001,1.29096,50.2708,0.116822,0.00020315,5.27195,2.97438,1.44266,0.783668,0.231538,0.106864,0.0356213,0.0534319,0,0,0,0,0,0,0
66944,66968,66956,13.4,-104.917,40.1972,169.381,-52.3523,366.707,9.66044,1.27752,66.7463,0.15674,0.000256948,4.71458,2.38398,1.28094,0.800589,0.231281,0.177909,0.0177909,0,0.0355817,0,0,0.0177909,0,0,0
66969,66997,66983,13.3,-104.908,40.2001,172.164,-52.0422,365.521,8.01556,0.952956,38.9161,0.122512,0.00016875,3.83867,2.35055,1.06536,0.473493,0.135284,0.0845523,0,0.0507314,0.0169105,0,0,0,0,0,0
66997,67022,67010,13.2,-104.899,40.2031,174.705,-52.0005,364.059,6.68147,0.859689,38.9761,0.136013,0.000192311,3.24305,1.75828,0.820532,0.547021,0.136755,0.0976823,0,0.0390729,0.0390729,0,0,0,0,0,0
67024,67050,67037,13.1,-104.89,40.2061,177.453,-51.96,362.502,5.84734,0.836668,44.0455,0.157932,0.000238099,2.81264,1.3138,0.869699,0.462606,0.203547,0.0555127,0.0555127,0.0185042,0.0370085,0.0185042,0,0,0,0,0
67051,67077,67064,13,-104.88,40.209,180.405,-51.2642,361.937,5.89984,0.829231,50.9002,0.184147,0.000192031,2.87847,1.55151,0.673684,0.510367,0.122488,0.061244,0.061244,0,0.0204147,0,0,0.0204147,0,0,0
67078,67104,67091,12.9,-104.872,40.2114,182.962,-50.7663,361.297,5.74583,0.805274,48.8144,0.181855,0.000192153,3.02519,1.2385,0.710615,0.446672,0.142123,0.101516,0.0406066,0,0.0203033,0,0.0203033,0,0,0,0
67105,67133,67119,12.8,-104.86,40.2144,186.105,-50.0158,360.747,5.21382,0.667685,28.7064,0.128982,0.000133635,2.5827,1.21064,0.726383,0.355121,0.193702,0.0968511,0.0161419,0.0161419,0.0161419,0,0,0,0,0,0
67134,67162,67148,12.7,-104.851,40.2173,188.921,-49.349,360.278,4.47431,0.598125,36.9715,0.185437,0.000136698,2.61911,0.927601,0.41833,0.272824,0.10913,0.0363765,0.072753,0,0,0,0.0181883,0,0,0,0
67163,67193,67178,12.6,-104.839,40.2205,191.921,-48.6704,359.752,4.7756,0.576478,22.4787,0.116979,9.20021e-05,2.45157,1.07699,0.609349,0.382615,0.170051,0.0283418,0.0566837,0,0,0,0,0,0,0,0
67193,67223,67208,12.5,-104.828,40.2238,194.787,-47.9258,359.421,4.86732,0.632209,30.6973,0.145667,0.000156879,2.61637,1.19856,0.496964,0.263098,0.102316,0.102316,0.0438497,0.0292332,0,0.0146166,0,0,0,0,0
67224,67255,67240,12.4,-104.817,40.2274,197.881,-47.0946,359.118,4.88075,0.563628,23.711,0.126205,0.000113726,2.99143,1.05487,0.283398,0.36212,0.0944661,0.0157444,0.0157444,0.0629774,0,0,0,0,0,0,0
67256,67284,67270,12.3,-104.805,40.231,200.962,-46.6004,358.322,5.4697,0.723381,46.9194,0.194584,0.000194458,3.53399,0.887938,0.532763,0.319658,0.0532763,0.0532763,0.0177588,0,0.0532763,0,0,0.0177588,0,0,0
67287,67314,67300,12.2,-104.795,40.2346,204.037,-45.7944,358.044,5.18213,0.717921,36.1183,0.150929,0.000206797,2.76733,1.19859,0.458284,0.405405,0.14101,0.0705052,0.0528789,0.0528789,0.0352526,0,0,0,0,0,0
67315,67343,67329,12.1,-104.785,40.2384,207.08,-44.9892,357.793,5.08226,0.732253,49.0137,0.200807,0.000215721,2.8702,1.24314,0.347349,0.36563,0.073126,0.0548445,0.036563,0.036563,0.036563,0,0,0.0182815,0,0,0
67344,67370,67357,12,-104.775,40.2423,210.097,-44.1744,357.585,4.75785,0.477748,15.694,0.0985498,4.30868e-05,2.76174,1.20314,0.492192,0.191408,0.0820319,0.027344,0,0,0,0,0,0,0,0,0
67371,67399,67385,11.9,-104.765,40.2462,213.327,-43.4056,357.229,4.67008,0.724414,53.1758,0.220216,0.000221192,2.6218,0.901244,0.573519,0.273104,0.109242,0.0819313,0.0273104,0.0273104,0.0273104,0,0.0273104,0,0,0,0
67400,67426,67413,11.8,-104.756,40.2498,216.543,-42.58,356.987,5.17255,0.641006,26.3683,0.123407,0.000118177,2.76063,1.10425,0.697423,0.232474,0.203415,0.145296,0,0.0290593,0,0,0,0,0,0,0
67430,67452,67441,11.7,-104.745,40.2533,219.807,-41.894,356.517,5.21935,1.0592,136.603,0.386904,0.00042718,2.56642,1.18228,0.576724,0.490215,0.201853,0.0576724,0.0576724,0.0288362,0,0.0288362,0,0,0,0.0288362,0
67454,67483,67468,11.6,-104.736,40.2568,222.989,-41.2695,356.013,6.71359,0.822609,35.1822,0.128307,0.000164831,3.33396,1.84966,0.822072,0.433872,0.0913414,0.0913414,0.0456707,0.0228353,0.0228353,0,0,0,0,0,0
67487,67513,67500,11.5,-104.724,40.2614,226.77,-40.9275,354.834,15.0675,2.15097,114.88,0.160225,0.000491866,6.77103,3.37213,2.64953,1.31138,0.508496,0.214104,0.0802889,0.107052,0.026763,0,0,0.026763,0,0,0
67514,67543,67528,11.4,-104.715,40.2651,229.793,-41.2561,352.998,19.6147,2.64411,131.202,0.148861,0.000586686,8.81432,5.3529,2.72374,1.68342,0.58636,0.132404,0.170234,0.0378297,0.0945742,0,0,0.0189148,0,0,0
67545,67573,67559,11.3,-104.706,40.2693,233.472,-42.1861,349.982,20.023,2.74938,142.985,0.156019,0.000632973,9.57829,4.86135,2.86386,1.32363,0.770114,0.385057,0.0962643,0.0721982,0,0.0481321,0.0240661,0,0,0,0
67575,67601,67588,11.2,-104.698,40.2723,236.403,-42.542,348.2,19.4164,2.56853,113.001,0.131983,0.000552691,8.74614,5.33514,2.7113,1.39938,0.553922,0.378999,0.116615,0.145769,0.0291538,0,0,0,0,0,0
67605,67631,67618,11.1,-104.69,40.2756,240.519,-44.01,344.285,17.2542,2.57485,138.211,0.161032,0.000763337,7.5323,4.49602,2.53996,1.40136,0.583899,0.321145,0.0875849,0.145975,0.0875849,0.0583899,0,0,0,0,0
67632,67662,67647,11,-104.684,40.2776,243.796,-44.5811,342.105,13.7869,1.76875,76.9928,0.130589,0.000374973,6.94197,3.51953,1.43209,0.970905,0.509725,0.194181,0.121363,0.0728179,0.0242726,0,0,0,0,0,0
67665,67691,67678,10.9,-104.678,40.2799,247.551,-43.7486,341.846,14.9897,2.0293,107.793,0.159356,0.00042862,7.4636,3.80987,1.71756,0.968082,0.468427,0.312284,0.218599,0,0,0,0,0.0312284,0,0,0
67695,67722,67708,10.8,-104.673,40.2827,251.527,-42.864,341.608,15.7194,2.18536,124.224,0.170531,0.000484468,7.8742,3.60296,1.85959,1.39469,0.464898,0.319617,0.145281,0,0,0.0290561,0,0,0.0290561,0,0
67722,67752,67737,10.7,-104.668,40.2854,255.105,-42.5207,340.743,15.8131,1.87227,73.2445,0.117362,0.000293945,8.05082,4.09755,1.73136,1.03881,0.663687,0.14428,0.0577119,0,0.028856,0,0,0,0,0,0
67753,67781,67767,10.6,-104.664,40.2888,259.075,-42.2358,339.664,17.5976,2.4722,167.487,0.203245,0.0006308,9.92275,3.86011,1.86194,0.953674,0.52225,0.181652,0.158946,0,0.0227065,0.0454131,0.0227065,0.0227065,0.0227065,0,0
67784,67809,67796,10.5,-104.661,40.292,263.115,-41.5793,339.118,19.6172,2.5361,109.155,0.129121,0.00052395,9.40709,5.36319,2.12233,1.34797,0.745684,0.315482,0.229441,0.0573603,0.0286802,0,0,0,0,0,0
67810,67837,67824,10.4,-104.659,40.2945,266.593,-40.9155,338.82,21.8085,2.84628,139.405,0.146934,0.00059505,10.6302,5.67725,2.72116,1.64444,0.528571,0.195767,0.313228,0.0391534,0.0391534,0,0,0,0.0195767,0,0
67838,67864,67851,10.3,-104.656,40.2969,270.223,-40.3475,338.342,20.7904,2.6396,124.012,0.140944,0.000485124,10.8647,4.66778,2.5485,1.36814,0.831617,0.348742,0.080479,0.0536527,0,0,0.0268263,0,0,0,0
67867,67893,67880,10.2,-104.652,40.2998,274.569,-39.51,338.015,22.6046,2.69507,104.633,0.116472,0.000420788,11.7315,5.18619,2.89711,1.46644,0.965704,0.214601,0.0715336,0.0715336,0,0,0,0,0,0,0
67896,67922,67909,10.1,-104.649,40.3023,278.64,-38.666,337.806,21.3746,2.91518,156.317,0.160865,0.000656276,10.5918,5.24283,2.71693,1.40092,0.764137,0.318391,0.191034,0.0636781,0.0424521,0,0.021226,0.021226,0,0,0
67925,67951,67938,10,-104.646,40.3045,282.711,-38.0219,337.336,12.1462,1.64988,76.4258,0.138966,0.000379928,5.97256,2.77513,1.44789,0.965262,0.623398,0.160877,0.100548,0.0804385,0,0.0201096,0,0,0,0,0
67953,67981,67967,9.9,-104.642,40.3066,286.974,-37.0782,337.249,12.1086,1.70395,89.2253,0.157092,0.000368316,5.32383,3.21906,1.70858,0.940956,0.544764,0.198096,0.099048,0.049524,0,0,0.024762,0,0,0,0
67983,68012,67998,9.8,-104.638,40.3084,290.96,-36.4738,336.783,12.5856,1.68825,73.3227,0.130293,0.000343252,5.51617,3.32563,1.69269,1.11518,0.597419,0.19914,0.0796558,0.019914,0.0398279,0,0,0,0,0,0
68014,68042,68028,9.7,-104.635,40.3101,295.463,-35.5933,336.548,14.1457,1.95032,83.3353,0.128187,0.000383166,6.04916,3.4899,1.76822,1.67515,0.791044,0.23266,0.046532,0.0930641,0,0,0,0,0,0,0
68044,68071,68058,9.6,-104.631,40.3117,299.587,-34.8,336.341,15.2473,2.1703,96.9239,0.133978,0.000479802,6.84306,3.46056,2.08154,1.19688,1.06679,0.390288,0.156115,0.0260192,0.0260192,0,0,0,0,0,0
68073,68099,68086,9.5,-104.628,40.3133,303.895,-33.9558,336.161,16.1034,2.21408,107.554,0.145731,0.000428192,6.83308,4.17819,2.56785,1.34921,0.805172,0.174091,0.130568,0.0435228,0,0,0,0.0217614,0,0,0
68101,68129,68115,9.4,-104.625,40.315,308.256,-33.0606,336.049,17.3286,2.3988,106.418,0.133089,0.0005151,7.43761,4.44191,2.42755,1.49785,1.05883,0.232425,0.129125,0.0516501,0.0516501,0,0,0,0,0,0
68131,68160,68146,9.3,-104.623,40.317,312.904,-32.1033,335.942,18.1922,2.51068,113.858,0.136048,0.000556868,7.85208,5.06733,2.23693,1.57498,0.844555,0.296735,0.228258,0.0684774,0,0.0228258,0,0,0,0,0
68160,68186,68173,9.2,-104.621,40.3187,317.251,-31.4777,335.492,18.5887,2.64606,137.719,0.156141,0.000658619,9.13619,4.075,2.41895,1.33973,1.00479,0.241895,0.20468,0.0930365,0.0372146,0.0186073,0,0.0186073,0,0,0
68187,68213,68200,9.1,-104.619,40.32,321.413,-30.7119,335.307,19.6833,2.63764,126.245,0.143588,0.000545448,8.92206,5.10671,2.85663,1.56527,0.704373,0.293489,0.136962,0.0195659,0.0586978,0,0.0195659,0,0,0,0
