api/src/app/data/B2SAP/Locations/Boulder/NOAA-POPS-B2SAP_GMLBalloon_20190320_R0.ict
61,1001
Thornberry, T. D.
NOAA Chemical Sciences Laboratory
Portable Optical Particle Spectrometer (POPS)
Balloon Baseline Stratospheric Aerosol Profiles (B2SAP)
1,1
2019,03,20,2024,05,30
0
TIME_START,s,Seconds since midnight UTC on flight start day,Start time of 100 m altitude bin in UTC_seconds_since_midnight
28
1.0,1.0,1.0,1.0,1.0,1.0,1.0,1.0,1.0,1.0,1.0,1.0,1.0,1.0,1.0,1.0,1.0,1.0,1.0,1.0,1.0,1.0,1.0,1.0,1.0,1.0,1.0,1.0
99999,99999,99999,99999,99999,99999,99999,99999,99999,99999,99999,99999,99999,99999,99999,99999,99999,99999,99999,99999,99999,99999,99999,99999,99999,99999,99999,99999
TIME_STOP,s,End time of 100 m altitude bin in UTC seconds since midnight,
TIME_MID,s,Mid time of 100 m altitude in UTC seconds since midnight,
GPSAlt,m,GPS reported altitude above sea level (m),
GPS_Lon,deg,GPS reported longitude,
GPS_Lat,deg,GPS reported latitude,
iMet_Pressure,mb,Pressure reported (mB),
iMet_Temperature,degrees C,Ambient temperature (oC),
THETA,K,Potential temperature from iMet,
Aerosol_concentration,cm^-3,Aerosol concentration,
Surface_Area_Conc,um^2 cm^-3,Surface area concentration,
Volume_density,um^3 cm^-3,Volume density,
Effective_radius,um,Effective radius,
Extinction,km^-1,Extinction,
Bin01,cm^-3,particle concentration in size range [140 - 170 nm],
Bin02,cm^-3,particle concentration in size range [170 - 205 nm],
Bin03,cm^-3,particle concentration in size range [205 - 249 nm],
Bin04,cm^-3,particle concentration in size range [249 - 302 nm],
Bin05,cm^-3,particle concentration in size range [302 - 366 nm],
Bin06,cm^-3,particle concentration in size range [366 - 443 nm],
Bin07,cm^-3,particle concentration in size range [443 - 537 nm],
Bin08,cm^-3,particle concentration in size range [537 - 651 nm],
Bin09,cm^-3,particle concentration in size range [651 - 789 nm],
Bin10,cm^-3,particle concentration in size range [789 - 956 nm],
Bin11,cm^-3,particle concentration in size range [956 - 1159 nm],
Bin12,cm^-3,particle concentration in size range [1159 - 1404 nm],
Bin13,cm^-3,particle concentration in size range [1404 - 1702 nm],
Bin14,cm^-3,particle concentration in size range [1702 - 2062 nm],
Bin15,cm^-3,particle concentration in size range [2062 - 2500 nm],
0
19
PI_CONTACT_INFO: 325 Broadway R/CSL6, Boulder, CO 80305; troy.thornberry@noaa.gov; 303-497-3373 
PLATFORM: GML ECC/FPH balloon
LOCATION: Boulder, CO, USA
ASSOCIATED_DATA: N/A
INSTRUMENT_INFO: Printed Optical Particle Spectrometer counts particles from 140 - 2500 nm in diameter 
DATA_INFO: Particle concentrations reported in number per cubic centimeter, binned to 100 m altitude
UNCERTAINTY: Counting uncertainty dominated by air flow, less than 5 percent
ULOD_FLAG: -77777
ULOD_VALUE: 3000 ~3000 per cm3 (varies depending on flow rate- manufacturer quotes 1250  per cm3 at 1.667 cc/s)
LLOD_FLAG: -88888
LLOD_VALUE: 0 0 (varies depending on data field and measurement precision)
DM_CONTACT_INFO: Troy Thornberry, 325 Broadway R/CSL6, Boulder, CO 80305; troy.thornberry@noaa.gov; 303-497-3373
PROJECT_INFO: B2SAP Boulder, CO, USA
STIPULATIONS_ON_USE: Please contact the PIs for questions regarding applications and uncertainties
OTHER_COMMENTS: POPS bin Edges (nm):  140, 170, 205, 249, 302, 366, 443, 537, 651, 789, 956, 1159, 1404, 1702, 2062, 2500
Calculations assume sulfate refractive index of 1.45+0.00j and extinction wavelength = 532 nm
REVISION: R0
R0: QA/QC data
TIME_START,TIME_STOP,TIME_MID,GPSAlt,GPS_Lon,GPS_Lat,iMet_Pressure,iMet_Temperature,THETA,Aerosol_concentration,Surface_Area_Conc,Volume_density,Effective_radius,Extinction,Bin01,Bin02,Bin03,Bin04,Bin05,Bin06,Bin07,Bin08,Bin09,Bin10,Bin11,Bin12,Bin13,Bin14,Bin15
58817,58819,58818,1.7,-105.197,39.9492,826.275,10.275,299.305,65.3461,16.0591,1109.65,0.207295,0.00654534,17.3548,11.865,12.9276,7.08359,4.95851,5.84396,3.89597,1.06254,0.17709,0,0,0,0.17709,0,0
58844,59404,59124,1.8,-105.197,39.9493,825.874,8.00444,296.948,59.7782,17.5257,1772.58,0.303425,0.00820437,14.9852,11.0663,8.89364,7.71594,5.86817,5.29963,4.06102,1.40105,0.142136,0.142136,0.0406102,0,0.0406102,0,0.121831
59405,59418,59412,1.9,-105.197,39.9498,816.917,6.25429,296.027,56.8452,14.5012,1050.47,0.21732,0.00624181,14.1724,10.5384,9.37037,7.7351,5.42495,4.8539,3.21863,1.21996,0.129784,0.103827,0.0259567,0,0,0.0519134,0
59419,59434,59426,2,-105.197,39.9503,807.995,5.24867,295.886,51.7657,13.7755,975.463,0.212435,0.00605886,12.4968,9.89028,8.0389,6.3824,5.57851,4.55538,3.38608,0.998773,0.121802,0.170522,0.0487206,0.0730809,0.0243603,0,0
59435,59450,59442,2.1,-105.197,39.9505,798.869,4.364,295.902,52.152,13.676,1036.97,0.227472,0.00596706,12.5758,10.1434,8.36766,6.81089,5.32709,4.25681,3.45409,0.729738,0.243246,0.121623,0.0729738,0.0243246,0,0,0.0243246
59451,59463,59457,2.2,-105.197,39.9506,791.583,3.74077,296.009,53.6606,14.2577,1064.35,0.223953,0.00620037,13.5723,10.1149,8.31482,7.51477,5.3432,3.82882,3.22878,1.25722,0.114293,0.0857198,0.228586,0.0571465,0,0,0
59464,59473,59468,2.3,-105.196,39.9506,785.249,3.317,296.235,48.2203,12.9693,1028.42,0.237889,0.00568311,11.0766,9.23053,7.93826,6.23984,4.8368,4.43066,3.39684,0.70152,0.221533,0.0369221,0.0738443,0,0,0,0.0369221
59474,59482,59478,2.4,-105.196,39.9502,780.063,3.03111,296.497,42.4451,11.4348,760.946,0.199639,0.00490193,9.25402,7.85564,6.41612,4.89435,5.63467,4.23629,3.16693,0.863709,0.041129,0,0.041129,0,0.041129,0,0
59483,59495,59489,2.5,-105.195,39.9498,773.359,2.53833,296.697,39.8181,10.7015,718.064,0.201297,0.00491913,9.17935,7.27594,6.32423,5.15763,4.42082,3.34632,2.82441,0.828904,0.337702,0.0921005,0.0307002,0,0,0,0
59496,59542,59519,2.6,-105.195,39.9484,756.22,0.971163,296.905,38.1248,10.7649,743.504,0.207203,0.0049043,8.15472,6.66099,5.95755,4.85462,4.29881,4.14249,2.88324,0.868447,0.173689,0.0434224,0.0781602,0.00868447,0,0,0
59543,59561,59552,2.7,-105.196,39.9464,738.511,-0.365882,297.465,32.7392,9.0496,618.459,0.205023,0.00405759,7.6516,5.47485,5.16703,3.95772,3.43003,3.474,2.77041,0.659621,0.0439747,0.0439747,0.0439747,0,0.0219874,0,0
59562,59577,59570,2.8,-105.196,39.9451,729.391,-0.919333,297.915,32.1802,9.1075,605.198,0.199352,0.00417681,6.51624,5.18793,5.18793,4.61149,3.73431,3.28318,2.63156,0.877186,0.0501249,0.0751874,0.0250625,0,0,0,0
59579,59595,59587,2.9,-105.196,39.9438,720.129,-1.47533,298.391,30.7197,8.34138,540.654,0.194448,0.00370909,6.14893,5.37407,5.47405,4.24926,3.12446,3.07447,2.47457,0.599896,0.17497,0,0.0249957,0,0,0,0
59596,59613,59604,3,-105.196,39.9425,710.623,-2.22,298.71,30.2548,8.46729,635.91,0.225306,0.003741,6.52509,5.32804,4.83514,4.15446,3.33296,3.09824,2.32368,0.399016,0.140829,0.0234715,0.0234715,0.0469431,0,0.0234715,0
59614,59630,59622,3.1,-105.196,39.9412,702.05,-2.66562,299.254,28.4528,8.06859,624.618,0.23224,0.00354136,6.64917,5.16897,4.18216,3.97071,2.9839,2.67846,2.06759,0.446411,0.0939812,0.0234953,0.117476,0.0469906,0.0234953,0,0
59631,59647,59639,3.2,-105.195,39.9398,693.209,-3.15187,299.797,22.7862,6.42137,535.414,0.25014,0.00294356,5.21697,3.97706,4.00046,2.83073,2.17569,2.19908,1.7078,0.538073,0.0701834,0.0233945,0.0233945,0,0,0,0.0233945
59648,59664,59656,3.3,-105.195,39.9386,684.659,-3.97687,299.941,10.2948,3.14472,326.851,0.311809,0.00147154,2.05895,1.708,1.94197,1.708,1.00608,0.795505,0.725313,0.233972,0.0701916,0,0.0233972,0,0,0,0.0233972
59665,59681,59673,3.4,-105.195,39.9374,675.749,-4.55375,300.427,22.0171,6.80934,690.683,0.304295,0.00323661,5.22878,4.12675,3.61091,2.74335,1.96958,1.80545,1.8289,0.445501,0.0468949,0.0468949,0.0703423,0.0234474,0.0234474,0.0234474,0.0234474
59682,59697,59690,3.5,-105.196,39.936,667.099,-5.345,300.643,42.5071,11.2233,753.605,0.201439,0.00482403,10.9826,7.06213,5.93434,5.34359,4.64543,5.02136,2.4704,0.778714,0.134261,0.0537044,0.0537044,0,0.0268522,0,0
59698,59714,59706,3.6,-105.196,39.9347,658.658,-6.10813,300.876,45.2217,12.2997,1013.14,0.247114,0.00550633,11.7959,8.10822,6.87899,5.8625,4.25504,4.06593,3.19128,0.661896,0.141835,0.118196,0.0709174,0.0236391,0,0.0236391,0.0236391
59715,59730,59722,3.7,-105.197,39.9336,650.306,-6.76625,301.235,41.4682,12.0045,1013.81,0.253357,0.00555612,9.8371,6.9074,6.35957,5.64502,4.57318,3.8348,3.14406,0.762196,0.119093,0.142912,0.0714559,0.0238186,0,0.0238186,0.0238186
59732,59746,59739,3.8,-105.198,39.9324,642.014,-7.39,301.634,32.5428,8.91764,654.209,0.220084,0.00393357,8.12212,6.05763,4.5636,3.69434,3.83016,3.0424,2.49911,0.461793,0.0543285,0.108657,0,0.0271643,0.0814928,0,0
59747,59763,59755,3.9,-105.198,39.9312,633.702,-7.76687,302.327,31.8238,9.26172,809.938,0.26235,0.00412858,7.25972,6.022,4.57005,4.21302,3.61796,3.23712,2.07081,0.49985,0.0476047,0.0952095,0.0952095,0.0476047,0.0238024,0,0.0238024
59764,59780,59772,4,-105.2,39.9301,625.431,-8.16188,303.012,38.2501,10.8377,935.17,0.258866,0.00481117,8.84891,7.16001,5.97064,5.0905,3.85356,3.73462,2.66419,0.570897,0.166512,0,0.118937,0.0237874,0,0.0237874,0.0237874
59781,59796,59788,4.1,-105.201,39.9291,617.437,-8.93429,303.245,37.9774,10.5649,785.732,0.223116,0.00481278,8.22163,7.18712,6.42485,4.49195,4.13804,3.53911,2.83129,0.843942,0.163344,0.0544479,0.0272239,0,0.0272239,0.0272239,0
59797,59811,59804,4.2,-105.203,39.9284,610.644,-9.56154,303.48,37.4709,11.1361,839.349,0.226115,0.00528177,8.21679,6.70164,5.30303,5.15735,3.72961,3.96271,3.17599,0.786714,0.11655,0.174825,0.0874126,0.0291375,0.0291375,0,0
59813,59830,59822,4.3,-105.204,39.9272,601.972,-10.2029,303.978,26.2259,7.61413,550.331,0.216833,0.00364241,6.03308,4.54732,3.917,3.28668,2.79143,2.61133,1.77841,1.01302,0.157581,0.0225115,0.0225115,0.0225115,0.0225115,0,0
59832,59846,59839,4.4,-105.205,39.9256,593.684,-10.6829,304.635,14.0626,3.56534,220.634,0.185649,0.0015258,3.39916,2.63161,2.00112,1.72699,1.78182,1.3158,0.822377,0.301538,0.0822377,0,0,0,0,0,0
59847,59862,59854,4.5,-105.207,39.9241,586.458,-11.3243,304.952,12.3308,3.29815,210.376,0.191358,0.00145008,2.51537,2.24196,1.91387,1.83185,1.33971,1.33971,0.874912,0.164046,0.082023,0.027341,0,0,0,0,0
59863,59876,59870,4.6,-105.208,39.9225,578.804,-11.7525,305.595,9.12025,2.42671,166.954,0.206396,0.00100415,2.13453,1.68175,1.29365,1.06726,1.26131,0.840874,0.679167,0.129365,0,0,0,0.0323413,0,0,0
59877,59892,59884,4.7,-105.209,39.9209,571.111,-12.3513,306.068,17.4219,5.23342,483.06,0.276909,0.00244496,4.0667,2.93573,2.50259,2.4304,1.901,1.78069,1.22723,0.409077,0.07219,0.0240633,0.0240633,0.0240633,0,0,0.0240633
59894,59909,59902,4.8,-105.21,39.9197,563.618,-12.5913,306.941,14.0987,4.30543,332.024,0.231353,0.0020159,2.92614,2.34575,2.10392,1.93464,1.59608,1.59608,1.01568,0.435293,0.0483659,0.024183,0.024183,0.024183,0.024183,0,0
59910,59924,59917,4.9,-105.21,39.9184,556.907,-13.3533,307.089,14.6085,4.30319,303.094,0.211304,0.00201947,2.90116,2.36201,2.4647,1.77151,1.89988,1.36072,1.36072,0.38511,0.051348,0.025674,0,0,0.025674,0,0
59925,59942,59934,5,-105.211,39.9171,549.404,-13.8967,307.641,10.311,3.1115,313.616,0.302378,0.0013984,2.51903,1.51569,1.55839,1.36626,1.23817,1.13143,0.768519,0.149434,0.0213477,0,0,0,0.0213477,0,0.0213477
59944,59959,59952,5.1,-105.212,39.9158,542.45,-14.5981,307.928,15.8224,4.34908,310.23,0.213997,0.00189535,3.47024,3.03343,2.40248,2.20834,1.48031,1.60165,1.14057,0.436814,0,0,0,0,0.0485349,0,0
59960,59974,59967,5.2,-105.213,39.9145,535.504,-15.2767,308.251,17.7516,4.83666,316.226,0.196143,0.00221376,3.87026,2.864,3.04461,2.42537,2.06414,1.62551,1.29009,0.412828,0.103207,0.0516035,0,0,0,0,0
59975,59991,59983,5.3,-105.213,39.9134,527.86,-16.0494,308.591,14.3136,3.98015,271.156,0.204381,0.00182373,3.53601,2.25239,1.98598,1.93754,1.57425,1.50159,1.01721,0.435947,0.0242193,0.0242193,0.0242193,0,0,0,0
59992,60009,60000,5.4,-105.213,39.9123,520.399,-16.3333,309.504,33.3733,10.9536,944.803,0.258765,0.00540305,6.91964,5.63027,4.74919,4.70622,3.33088,3.67472,2.92258,0.859583,0.257875,0.0859583,0.0429791,0.107448,0.0644687,0.0214896,0
60010,60026,60018,5.5,-105.214,39.9112,513.656,-16.6167,310.32,16.5069,5.38123,575.951,0.321089,0.00258477,3.02019,3.20244,2.73379,2.5255,1.51009,1.66631,1.19766,0.494686,0.0520722,0,0.0260361,0,0.0260361,0.0260361,0.0260361
60027,60040,60034,5.6,-105.214,39.9103,507.156,-17.2277,310.713,9.40042,2.65702,182.407,0.205952,0.0012703,2.19243,1.5317,1.4416,1.02113,1.2614,1.05116,0.570632,0.1802,0.0900998,0.0600666,0,0,0,0,0
60041,60060,60050,5.7,-105.215,39.9094,500.164,-17.8289,311.213,4.41617,1.29682,98.129,0.227006,0.00062027,1.01745,0.822619,0.497901,0.71438,0.519549,0.30307,0.346366,0.129887,0.0432957,0,0.0216479,0,0,0,0
60061,60075,60068,5.8,-105.215,39.9085,493.868,-18.6892,311.286,5.10038,1.4019,101.136,0.216426,0.000704247,1.59012,0.870065,0.630047,0.480036,0.480036,0.480036,0.420032,0.0600045,0.0300023,0.0600045,0,0,0,0,0
60076,60090,60083,5.9,-105.216,39.9075,487.454,-19.5014,311.452,5.37823,1.4081,104.342,0.222305,0.000613383,1.48462,0.924384,0.896372,0.616256,0.588244,0.448186,0.196081,0.16807,0.0280116,0,0.0280116,0,0,0,0
60091,60107,60099,6,-105.216,39.9067,481.069,-20.405,311.513,8.61816,2.60186,229.22,0.264295,0.00121725,1.98881,1.154,1.37498,1.10489,1.25221,0.883914,0.54017,0.270085,0.0245532,0,0,0,0,0.0245532,0
60108,60125,60116,6.1,-105.217,39.906,474.082,-21.3129,311.703,18.1301,5.42463,375.254,0.207528,0.00264694,4.10448,2.76759,2.48614,2.2516,2.18124,1.80597,1.85288,0.5629,0.0703625,0.0234542,0.0234542,0,0,0,0
60126,60142,60134,6.2,-105.217,39.9055,467.618,-21.7838,312.34,16.4174,5.20756,546.197,0.314656,0.00254151,3.70317,2.64159,2.71565,2.46878,1.65408,1.25908,1.35783,0.469068,0.0246878,0.0493755,0,0,0.0246878,0.0246878,0.0246878
60143,60158,60150,6.3,-105.218,39.9045,461.898,-22.6673,312.336,13.0687,3.93744,299.572,0.228249,0.00183096,2.86293,2.1472,1.88211,1.74957,1.56401,1.19289,1.29892,0.238577,0.0530172,0,0.0795258,0,0,0,0
60159,60173,60166,6.4,-105.218,39.9038,456.075,-23.4986,312.427,11.2896,3.64497,335.243,0.275922,0.00178165,2.69347,2.1777,1.63327,1.37539,1.03154,1.03154,0.916926,0.14327,0.0859618,0.0859618,0.0286539,0.0286539,0.0573079,0,0
60174,60191,60182,6.5,-105.218,39.9031,449.182,-24.4506,312.594,7.82062,2.40796,197.024,0.245467,0.00118364,1.80837,1.36215,1.1273,1.10381,0.845473,0.634105,0.587134,0.187883,0.0704561,0.0469707,0,0.0469707,0,0,0
60192,60208,60200,6.6,-105.218,39.9024,443,-25.3019,312.766,7.06173,2.24804,197.368,0.263387,0.00107681,1.27261,1.52214,1.24766,0.898312,0.748593,0.524015,0.474109,0.249531,0.0249531,0.0249531,0.0249531,0.0499062,0,0,0
60209,60224,60216,6.7,-105.218,39.9016,437.509,-26.104,312.865,7.55193,2.46191,260.08,0.316925,0.0012279,1.82103,1.49967,0.964076,0.856957,0.964076,0.642718,0.535598,0.10712,0.0535598,0.0535598,0,0,0.0267799,0.0267799,0
60225,60243,60234,6.8,-105.218,39.9006,430.909,-27.0489,313.022,6.60144,2.05275,165.516,0.241895,0.000981637,1.34266,1.11889,1.05175,0.89511,0.805599,0.626577,0.514688,0.111889,0.0671332,0.0223777,0.0223777,0.0223777,0,0,0
60244,60261,60252,6.9,-105.218,39.8999,424.698,-28.0028,313.102,7.37272,2.49378,213.179,0.256453,0.001262,1.61348,1.03084,0.986017,1.32216,0.605056,0.761922,0.717103,0.156866,0.0896379,0.0224095,0.044819,0.0224095,0,0,0
60262,60277,60270,7,-105.219,39.899,418.976,-28.9007,313.167,10.2833,3.30269,275.186,0.249965,0.00165953,2.21904,1.70487,1.84018,1.02833,1.21776,1.10952,0.514167,0.432983,0.108246,0.0270614,0.0811843,0,0,0,0
60277,60293,60285,7.1,-105.22,39.8982,413.153,-29.6419,313.475,19.3434,5.88068,444.444,0.226731,0.00282001,4.11778,3.35523,2.92312,2.2114,2.31308,2.05889,1.57594,0.584624,0.0762553,0.0508368,0.0254184,0.0254184,0.0254184,0,0
60294,60308,60301,7.2,-105.22,39.8972,407.699,-30.4447,313.627,20.0213,6.23644,514.444,0.24747,0.00289898,3.96623,3.8304,3.09692,2.58077,2.09178,2.09178,1.65712,0.461821,0.027166,0.0543319,0.0543319,0.0814979,0.027166,0,0
60309,60323,60316,7.3,-105.221,39.8966,402.192,-31.085,314.015,24.1557,7.72813,725.076,0.281469,0.00376889,5.22838,3.88477,3.82635,3.41743,2.658,2.42433,1.72332,0.671802,0.0876264,0.0876264,0.0584176,0,0.0292088,0.0584176,0
60324,60339,60332,7.4,-105.221,39.8964,396.733,-31.9494,314.115,46.6299,14.1661,1108.93,0.234841,0.00685204,9.61519,7.61097,7.71245,6.3171,5.30231,4.54121,3.78011,1.04017,0.380548,0.152219,0.126849,0.0253699,0,0.0253699,0
60340,60359,60350,7.5,-105.222,39.8962,390.444,-32.9305,314.275,47.9416,14.5062,1090.82,0.225589,0.00703249,9.57539,8.77744,7.15997,7.05214,4.85239,4.22697,4.22697,1.57433,0.172529,0.129397,0.172529,0,0.0215662,0,0
60360,60376,60368,7.6,-105.223,39.8962,385.254,-33.7294,314.431,46.5684,13.7414,1019.71,0.222622,0.00657397,9.4468,8.57637,6.68189,6.19547,5.47863,4.91541,3.40495,1.43366,0.204809,0.153607,0.0256011,0,0.0256011,0.0256011,0
60378,60390,60384,7.7,-105.225,39.8957,380.216,-34.62,314.439,43.7767,13.0203,986.72,0.22735,0.00619471,9.87684,7.67845,6.24471,5.51191,4.93842,4.49237,3.44096,0.987684,0.286747,0.159304,0,0.0955823,0.0637215,0,0
60392,60405,60398,7.8,-105.226,39.8952,375.134,-35.3207,314.72,41.3206,12.6014,1222.14,0.290954,0.0059691,9.51501,7.67722,6.61011,5.00946,4.3277,3.64594,2.99382,1.03746,0.237134,0.0296418,0.0889253,0.0296418,0.0592835,0,0.0592835
60407,60423,60415,7.9,-105.227,39.895,368.966,-36.1518,315.107,24.4221,7.70016,605.796,0.236019,0.00378335,5.34004,4.26224,3.30691,2.96397,2.40057,3.18443,2.08213,0.489912,0.122478,0.146974,0.0489912,0.0734869,0,0,0
60425,60443,60434,8,-105.228,39.8947,363.742,-36.9058,315.396,20.2106,6.33198,471.064,0.223183,0.00307481,3.9414,3.21881,2.91225,2.67139,2.49622,2.54001,1.64225,0.52552,0.109483,0.0875866,0.0218966,0.0437933,0,0,0
60444,60459,60452,8.1,-105.228,39.8944,357.845,-37.7173,315.781,16.3815,5.86585,566.93,0.289947,0.00304219,2.88192,2.73024,2.38896,2.23728,2.0856,1.78224,1.47888,0.455041,0.11376,0.11376,0,0.03792,0.03792,0.03792,0
60460,60477,60468,8.2,-105.229,39.894,353.344,-38.5518,315.799,18.012,6.22047,517.607,0.249631,0.00323164,3.4846,2.99381,2.45394,2.28217,1.96316,2.18401,1.79138,0.466249,0.147237,0.122697,0.0736183,0.0490789,0,0,0
60478,60492,60485,8.3,-105.23,39.8938,348.313,-39.5429,315.753,18.4114,6.59025,744.126,0.33874,0.00317166,4.19805,2.96862,2.93863,2.06904,2.159,2.00907,1.25941,0.449791,0.0299861,0.0299861,0.179916,0.0599721,0.0299861,0,0.0299861
60493,60512,60502,8.4,-105.231,39.8935,343.211,-40.3921,315.939,15.9684,5.60514,527.948,0.28257,0.00274887,2.74249,3.42811,2.21168,1.9684,1.99052,1.65876,1.06161,0.530804,0.110584,0.0442337,0.110584,0.0442337,0.0663505,0,0
60512,60530,60521,8.5,-105.232,39.8931,338.13,-41.4661,315.827,13.0682,4.2417,363.596,0.257158,0.00201063,2.85721,1.99068,1.99068,1.59254,1.6628,1.45203,1.14757,0.140519,0.0234198,0.0936791,0.0468395,0.0468395,0.0234198,0,0
60531,60549,60540,8.6,-105.233,39.893,333.147,-42.3632,315.938,13.419,4.7459,431.896,0.273012,0.00249079,2.82621,2.42565,1.8248,1.66902,1.31297,1.29071,1.35747,0.333805,0.155776,0.0890146,0.0445073,0.0445073,0.0445073,0,0
60550,60566,60558,8.7,-105.234,39.8928,328.521,-43.2375,315.997,11.9914,4.64028,513.489,0.331977,0.00252473,1.90592,2.35593,1.69415,1.35003,1.50885,1.45591,1.05885,0.317654,0.105885,0.132356,0.0794134,0,0,0,0.0264711
60567,60583,60575,8.8,-105.235,39.8928,323.757,-44.0941,316.138,12.1938,4.34539,406.802,0.280851,0.00220947,2.14451,2.11957,1.84528,1.77047,1.57098,1.19694,0.947574,0.224426,0.0997447,0.149617,0.0249362,0.0249362,0.0748085,0,0
60584,60602,60593,8.9,-105.237,39.8928,318.737,-44.8622,316.494,17.2768,6.06615,605.485,0.299441,0.00312905,3.68193,3.06828,2.2186,1.86457,2.1714,1.91177,1.43973,0.613656,0.0944086,0.0708064,0.0708064,0.0472043,0,0,0.0236021
60604,60617,60610,9,-105.239,39.8926,313.759,-45.8192,316.584,17.7785,6.46428,632.214,0.293403,0.0033821,3.6874,2.86432,2.20585,2.40339,2.00832,2.10709,1.61324,0.395078,0.263386,0.0658464,0.0658464,0,0.0658464,0.0329232,0
