api/src/app/data/B2SAP/Locations/Boulder/NOAA-POPS-B2SAP_GMLBalloon_20211220_R0.ict
61,1001
Thornberry, T. D.
NOAA Chemical Sciences Laboratory
Portable Optical Particle Spectrometer (POPS)
Balloon Baseline Stratospheric Aerosol Profiles (B2SAP)
1,1
2021,12,20,2024,05,28
0
TIME_START,s,Seconds since midnight UTC on flight start day,Start time of 100 m altitude bin in UTC_seconds_since_midnight
28
1.0,1.0,1.0,1.0,1.0,1.0,1.0,1.0,1.0,1.0,1.0,1.0,1.0,1.0,1.0,1.0,1.0,1.0,1.0,1.0,1.0,1.0,1.0,1.0,1.0,1.0,1.0,1.0
99999,99999,99999,99999,99999,99999,99999,99999,99999,99999,99999,99999,99999,99999,99999,99999,99999,99999,99999,99999,99999,99999,99999,99999,99999,99999,99999,99999
TIME_STOP,s,End time of 100 m altitude bin in UTC seconds since midnight,
TIME_MID,s,Mid time of 100 m altitude in UTC seconds since midnight,
GPSAlt,m,GPS reported altitude above sea level (m),
GPS_Lon,deg,GPS reported longitude,
GPS_Lat,deg,GPS reported latitude,
iMet_Pressure,mb,Pressure reported (mB),
iMet_Temperature,degrees C,Ambient temperature (oC),
THETA,K,Potential temperature from iMet,
Aerosol_concentration,cm^-3,Aerosol concentration,
Surface_Area_Conc,um^2 cm^-3,Surface area concentration,
Volume_density,um^3 cm^-3,Volume density,
Effective_radius,um,Effective radius,
Extinction,km^-1,Extinction,
Bin01,cm^-3,particle concentration in size range [140 - 170 nm],
Bin02,cm^-3,particle concentration in size range [170 - 205 nm],
Bin03,cm^-3,particle concentration in size range [205 - 249 nm],
Bin04,cm^-3,particle concentration in size range [249 - 302 nm],
Bin05,cm^-3,particle concentration in size range [302 - 366 nm],
Bin06,cm^-3,particle concentration in size range [366 - 443 nm],
Bin07,cm^-3,particle concentration in size range [443 - 537 nm],
Bin08,cm^-3,particle concentration in size range [537 - 651 nm],
Bin09,cm^-3,particle concentration in size range [651 - 789 nm],
Bin10,cm^-3,particle concentration in size range [789 - 956 nm],
Bin11,cm^-3,particle concentration in size range [956 - 1159 nm],
Bin12,cm^-3,particle concentration in size range [1159 - 1404 nm],
Bin13,cm^-3,particle concentration in size range [1404 - 1702 nm],
Bin14,cm^-3,particle concentration in size range [1702 - 2062 nm],
Bin15,cm^-3,particle concentration in size range [2062 - 2500 nm],
0
19
PI_CONTACT_INFO: 325 Broadway R/CSL6, Boulder, CO 80305; troy.thornberry@noaa.gov; 303-497-3373 
PLATFORM: GML ECC/FPH balloon
LOCATION: Boulder, CO, USA
ASSOCIATED_DATA: N/A
INSTRUMENT_INFO: Printed Optical Particle Spectrometer counts particles from 140 - 2500 nm in diameter 
DATA_INFO: Particle concentrations reported in number per cubic centimeter, binned to 100 m altitude
UNCERTAINTY: Counting uncertainty dominated by air flow, less than 5 percent
ULOD_FLAG: -77777
ULOD_VALUE: 3000 ~3000 per cm3 (varies depending on flow rate- manufacturer quotes 1250  per cm3 at 1.667 cc/s)
LLOD_FLAG: -88888
LLOD_VALUE: 0 0 (varies depending on data field and measurement precision)
DM_CONTACT_INFO: Troy Thornberry, 325 Broadway R/CSL6, Boulder, CO 80305; troy.thornberry@noaa.gov; 303-497-3373
PROJECT_INFO: B2SAP Boulder, CO, USA
STIPULATIONS_ON_USE: Please contact the PIs for questions regarding applications and uncertainties
OTHER_COMMENTS: POPS bin Edges (nm):  140, 170, 205, 249, 302, 366, 443, 537, 651, 789, 956, 1159, 1404, 1702, 2062, 2500
Calculations assume sulfate refractive index of 1.45+0.00j and extinction wavelength = 532 nm
REVISION: R0
R0: QA/QC data
TIME_START,TIME_STOP,TIME_MID,GPSAlt,GPS_Lon,GPS_Lat,iMet_Pressure,iMet_Temperature,THETA,Aerosol_concentration,Surface_Area_Conc,Volume_density,Effective_radius,Extinction,Bin01,Bin02,Bin03,Bin04,Bin05,Bin06,Bin07,Bin08,Bin09,Bin10,Bin11,Bin12,Bin13,Bin14,Bin15
[from data line 320]
70063,70088,70076,15.3,-103.515,39.7209,116.855,-59.8333,393.923,10.6896,1.46011,80.2302,0.164844,0.000386884,6.0342,2.14117,1.24901,0.535292,0.356861,0.0973258,0.129768,0.0973258,0.0324419,0,0,0.016221,0,0,0
70089,70117,70103,15.2,-103.505,39.7192,118.71,-60.455,391.019,11.4797,1.41521,60.2831,0.127789,0.000289996,6.00499,2.9635,1.26339,0.577103,0.327545,0.140376,0.140376,0.0467921,0.0155974,0,0,0,0,0,0
70118,70144,70131,15.1,-103.494,39.7175,120.744,-59.6274,390.632,12.3059,1.63763,95.9392,0.175752,0.000343475,6.59437,2.97287,1.31527,0.648626,0.432418,0.198191,0.0720696,0.0360348,0,0,0.0180174,0,0.0180174,0,0
70145,70168,70156,15,-103.485,39.7163,122.669,-59.1267,389.782,10.7633,1.52618,90.537,0.177968,0.000422315,5.64415,2.60643,1.12508,0.675047,0.337524,0.131259,0.131259,0.0375026,0.0187513,0.0375026,0,0.0187513,0,0,0
70169,70194,70182,14.9,-103.475,39.7154,124.606,-58.5074,389.169,11.4396,1.48736,77.2446,0.155802,0.000334181,6.11681,2.69081,1.23513,0.764602,0.367597,0.0882233,0.0735194,0.0588155,0.0147039,0.0147039,0,0.0147039,0,0,0
70195,70220,70208,14.8,-103.466,39.7146,126.652,-57.9337,388.397,11.2689,1.56063,84.275,0.162002,0.000385052,5.75885,2.66613,1.1731,0.995357,0.284388,0.159968,0.106645,0.0710969,0.0355485,0,0,0.0177742,0,0,0
70221,70245,70233,14.7,-103.456,39.7137,128.725,-58.006,386.462,11.418,1.42463,75.1095,0.158166,0.000279967,6.35839,2.84098,0.960523,0.676425,0.338212,0.0946995,0.0946995,0.027057,0,0,0.027057,0,0,0,0
70246,70271,70258,14.6,-103.447,39.713,130.782,-57.3471,385.899,11.3285,1.42012,71.7843,0.151644,0.000367123,6.627,2.43899,1.2195,0.513472,0.24069,0.064184,0.112322,0.048138,0.016046,0.048138,0,0,0,0,0
70272,70298,70285,14.5,-103.437,39.7128,132.834,-56.2814,386.09,11.6698,1.39712,70.8715,0.15218,0.000306333,7.1908,2.60514,0.92932,0.411338,0.213287,0.137113,0.0761738,0.060939,0.0304695,0,0,0.0152348,0,0,0
70299,70325,70312,14.4,-103.427,39.7131,135.096,-56.4941,383.844,12.1713,1.339,54.8882,0.122976,0.000252197,7.83963,2.4556,0.89988,0.533827,0.183026,0.0915132,0.0915132,0.0457566,0.0305044,0,0,0,0,0,0
70326,70354,70340,14.3,-103.415,39.7134,137.675,-55.8025,382.998,13.3837,1.53394,64.0611,0.125287,0.000300187,8.37531,2.81983,0.925914,0.505044,0.378783,0.210435,0.126261,0,0.042087,0,0,0,0,0,0
70355,70371,70363,14.2,-103.408,39.7131,138.935,-55.335,382.825,13.5622,1.38162,49.1694,0.106765,0.000179212,8.8196,2.66252,1.08165,0.748834,0.0832038,0,0.166408,0,0,0,0,0,0,0,0
70382,70409,70396,14.1,-103.396,39.7123,141.872,-54.8306,381.43,13.5588,1.49167,58.4355,0.117524,0.000249708,8.16861,3.3156,1.00024,0.463073,0.277844,0.203752,0.0926146,0.0185229,0.0185229,0,0,0,0,0,0
70410,70435,70422,14,-103.389,39.7118,143.462,-54.7178,380.402,12.9547,1.39706,55.5181,0.119218,0.000237917,8.35311,2.62421,0.942497,0.55441,0.240244,0.147843,0.0184803,0.0369607,0.0369607,0,0,0,0,0,0
70438,70461,70450,13.9,-103.378,39.7112,146.033,-54.1617,379.446,14.2598,1.4684,55.9152,0.114237,0.000216432,8.9554,3.51327,0.964428,0.399549,0.247996,0.0551102,0.0826652,0.0275551,0,0.0137775,0,0,0,0,0
70462,70486,70474,13.8,-103.368,39.7107,148.374,-53.9756,378.05,14.2863,1.47995,58.0363,0.117645,0.000225038,9.01692,3.52046,0.953931,0.317977,0.249839,0.158989,0.0227127,0.0227127,0,0.0227127,0,0,0,0,0
70487,70510,70498,13.7,-103.36,39.7105,150.604,-53.8947,376.58,15.38,1.63954,64.7807,0.118535,0.000276983,9.4474,3.8506,1.09697,0.492519,0.223872,0.134323,0.0447744,0.0447744,0.0447744,0,0,0,0,0,0
70511,70533,70522,13.6,-103.351,39.7103,152.906,-53.6871,375.299,14.928,1.50346,51.4088,0.102581,0.000166435,9.08084,3.65448,1.3732,0.398671,0.243632,0.110742,0.0664452,0,0,0,0,0,0,0,0
70534,70559,70546,13.5,-103.341,39.7099,155.669,-53.6391,373.472,17.3727,1.78083,68.8137,0.115924,0.000281128,11.2472,3.97979,1.14203,0.622924,0.138428,0.103821,0.0692138,0,0.0692138,0,0,0,0,0,0
70560,70585,70572,13.4,-103.333,39.7095,158.011,-53.1795,372.664,21.6706,2.14817,78.449,0.109557,0.000307309,14.2282,5.15398,1.45267,0.358192,0.119397,0.119397,0.179096,0.0397991,0.0198995,0,0,0,0,0,0
70586,70613,70600,13.3,-103.325,39.7088,160.257,-52.7712,371.851,19.8232,2.0543,94.9321,0.138634,0.000325298,12.8962,4.83329,1.35867,0.289552,0.222732,0.0668197,0.089093,0,0.0222732,0.0222732,0,0.0222732,0,0,0
70614,70642,70628,13.2,-103.313,39.7073,163.025,-52.8618,369.878,17.3118,1.8097,71.3403,0.118263,0.000297961,10.9139,4.34505,1.12903,0.39345,0.188172,0.153959,0.119746,0.0513195,0,0.0171065,0,0,0,0,0
70643,70675,70659,13.1,-103.302,39.706,165.412,-52.617,368.758,14.268,1.43745,54.6297,0.114014,0.000206626,9.31672,3.28825,1.00159,0.245674,0.226776,0.0755921,0.0944901,0,0,0.018898,0,0,0,0,0
70676,70717,70696,13,-103.284,39.7049,168.426,-51.7771,368.262,11.8007,1.37695,58.7483,0.127997,0.000281203,7.11787,2.52872,0.967781,0.639984,0.265359,0.124875,0.0468281,0.0780469,0.0312187,0,0,0,0,0,0
70722,70736,70729,12.9,-103.273,39.7046,170.286,-51.8793,366.934,11.6127,1.53177,77.0544,0.150912,0.00042435,6.50206,2.94332,0.909753,0.374604,0.428119,0.160545,0.160545,0.0802723,0.0267574,0.0267574,0,0,0,0,0
70737,70761,70749,12.8,-103.262,39.7044,172.318,-51.792,365.832,11.9975,1.30072,48.2078,0.111187,0.000186388,7.04854,3.14935,0.749845,0.524891,0.224953,0.224953,0.0749845,0,0,0,0,0,0,0,0
70788,70802,70795,12.7,-103.247,39.7034,176.475,-50.8067,364.972,12.4736,1.52612,62.1287,0.122131,0.00027456,6.80377,2.70891,1.44895,0.566981,0.566981,0.314989,0,0.0629979,0,0,0,0,0,0,0
70804,70825,70814,12.6,-103.24,39.7029,178.358,-50.785,363.907,11.5048,1.37438,54.5973,0.119176,0.000235981,6.64095,2.19806,1.16918,0.748276,0.467673,0.140302,0.140302,0,0,0,0,0,0,0,0
70832,70852,70842,12.5,-103.23,39.7024,181.754,-50.625,362.201,14.2039,2.19031,130.634,0.178926,0.000550989,6.77702,2.78508,1.94955,1.20687,0.928359,0.371344,0.0928359,0,0.046418,0,0.046418,0,0,0,0
70857,70873,70865,12.4,-103.222,39.7019,184.543,-49.3229,362.74,15.4295,2.76865,226.61,0.245545,0.00094932,8.24681,2.44744,2.18141,1.0641,0.744873,0.266026,0.212821,0,0.10641,0.0532052,0,0.10641,0,0,0
70880,70891,70886,12.3,-103.216,39.7013,186.733,-49.665,360.971,17.8089,2.67564,132.937,0.149053,0.00074066,8.39696,3.87552,2.30686,1.10729,1.19957,0.64592,0,0.184549,0.0922743,0,0,0,0,0,0
70907,70907,70907,12.2,-103.21,39.7004,189.16,-49.01,360.697,14.5904,2.04698,90.0852,0.132026,0.000449759,5.83615,4.01235,2.55331,1.09428,0.364759,0.364759,0.364759,0,0,0,0,0,0,0,0
70961,70976,70968,12,-103.189,39.6968,196.632,-48.4945,357.542,17.044,2.42132,110.198,0.136534,0.000554892,7.27123,4.06922,2.83511,1.43423,0.733794,0.46696,0.0667085,0.133417,0.0333543,0,0,0,0,0,0
70978,71012,70995,11.9,-103.178,39.6947,199.556,-48.85,355.478,17.6297,2.51475,119.199,0.1422,0.000640591,8.12033,4.12427,2.64979,1.1112,0.89751,0.320539,0.235062,0.106846,0.0641079,0,0,0,0,0,0
71013,71047,71030,11.8,-103.168,39.6922,202.25,-49.2632,353.47,16.9586,2.67874,153.41,0.171808,0.000823726,7.88089,4.06464,2.00974,1.17423,0.903254,0.361302,0.316139,0.158069,0.0451627,0.0225814,0.0225814,0,0,0,0
71049,71095,71072,11.7,-103.154,39.6881,205.307,-50.597,349.859,18.7295,2.78222,161.397,0.17403,0.00074492,8.93048,4.81453,2.00133,1.39716,0.717459,0.434252,0.264327,0.0566415,0.075522,0,0.0188805,0,0.0188805,0,0
71096,71131,71114,11.6,-103.138,39.6832,208.579,-51.3294,347.13,17.9197,2.50662,120.025,0.143649,0.000644748,8.92347,4.2435,2.03688,1.13968,0.727457,0.363728,0.363728,0.0969942,0,0.0242486,0,0,0,0,0
71135,71160,71148,11.5,-103.126,39.6802,211.641,-51.4038,345.574,18.0988,2.32951,105.984,0.136488,0.000507806,9.32282,4.347,2.15983,0.956887,0.76551,0.355415,0.109359,0,0.0546793,0.0273396,0,0,0,0,0
71162,71185,71174,11.4,-103.116,39.678,214.804,-51.8442,343.434,17.0094,2.06552,82.5116,0.119841,0.000357217,9.14209,3.71511,1.9304,1.23837,0.509917,0.254959,0.218536,0,0,0,0,0,0,0,0
