api/src/app/data/B2SAP/Locations/Boulder/NOAA-POPS-B2SAP_GMLBalloon_20210514_R0.ict
61,1001
Thornberry, T. D.
NOAA Chemical Sciences Laboratory
Portable Optical Particle Spectrometer (POPS)
Balloon Baseline Stratospheric Aerosol Profiles (B2SAP)
1,1
2021,05,14,2024,05,28
0
TIME_START,s,Seconds since midnight UTC on flight start day,Start time of 100 m altitude bin in UTC_seconds_since_midnight
28
1.0,1.0,1.0,1.0,1.0,1.0,1.0,1.0,1.0,1.0,1.0,1.0,1.0,1.0,1.0,1.0,1.0,1.0,1.0,1.0,1.0,1.0,1.0,1.0,1.0,1.0,1.0,1.0
99999,99999,99999,99999,99999,99999,99999,99999,99999,99999,99999,99999,99999,99999,99999,99999,99999,99999,99999,99999,99999,99999,99999,99999,99999,99999,99999,99999
TIME_STOP,s,End time of 100 m altitude bin in UTC seconds since midnight,
TIME_MID,s,Mid time of 100 m altitude in UTC seconds since midnight,
GPSAlt,m,GPS reported altitude above sea level (m),
GPS_Lon,deg,GPS reported longitude,
GPS_Lat,deg,GPS reported latitude,
iMet_Pressure,mb,Pressure reported (mB),
iMet_Temperature,degrees C,Ambient temperature (oC),
THETA,K,Potential temperature from iMet,
Aerosol_concentration,cm^-3,Aerosol concentration,
Surface_Area_Conc,um^2 cm^-3,Surface area concentration,
Volume_density,um^3 cm^-3,Volume density,
Effective_radius,um,Effective radius,
Extinction,km^-1,Extinction,
Bin01,cm^-3,particle concentration in size range [140 - 170 nm],
Bin02,cm^-3,particle concentration in size range [170 - 205 nm],
Bin03,cm^-3,particle concentration in size range [205 - 249 nm],
Bin04,cm^-3,particle concentration in size range [249 - 302 nm],
Bin05,cm^-3,particle concentration in size range [302 - 366 nm],
Bin06,cm^-3,particle concentration in size range [366 - 443 nm],
Bin07,cm^-3,particle concentration in size range [443 - 537 nm],
Bin08,cm^-3,particle concentration in size range [537 - 651 nm],
Bin09,cm^-3,particle concentration in size range [651 - 789 nm],
Bin10,cm^-3,particle concentration in size range [789 - 956 nm],
Bin11,cm^-3,particle concentration in size range [956 - 1159 nm],
Bin12,cm^-3,particle concentration in size range [1159 - 1404 nm],
Bin13,cm^-3,particle concentration in size range [1404 - 1702 nm],
Bin14,cm^-3,particle concentration in size range [1702 - 2062 nm],
Bin15,cm^-3,particle concentration in size range [2062 - 2500 nm],
0
19
PI_CONTACT_INFO: 325 Broadway R/CSL6, Boulder, CO 80305; troy.thornberry@noaa.gov; 303-497-3373 
PLATFORM: GML ECC/FPH balloon
LOCATION: Boulder, CO, USA
ASSOCIATED_DATA: N/A
INSTRUMENT_INFO: Printed Optical Particle Spectrometer counts particles from 140 - 2500 nm in diameter 
DATA_INFO: Particle concentrations reported in number per cubic centimeter, binned to 100 m altitude
UNCERTAINTY: Counting uncertainty dominated by air flow, less than 5 percent
ULOD_FLAG: -77777
ULOD_VALUE: 3000 ~3000 per cm3 (varies depending on flow rate- manufacturer quotes 1250  per cm3 at 1.667 cc/s)
LLOD_FLAG: -88888
LLOD_VALUE: 0 0 (varies depending on data field and measurement precision)
DM_CONTACT_INFO: Troy Thornberry, 325 Broadway R/CSL6, Boulder, CO 80305; troy.thornberry@noaa.gov; 303-497-3373
PROJECT_INFO: B2SAP Boulder, CO, USA
STIPULATIONS_ON_USE: Please contact the PIs for questions regarding applications and uncertainties
OTHER_COMMENTS: POPS bin Edges (nm):  140, 170, 205, 249, 302, 366, 443, 537, 651, 789, 956, 1159, 1404, 1702, 2062, 2500
Calculations assume sulfate refractive index of 1.45+0.00j and extinction wavelength = 532 nm
REVISION: R0
R0: QA/QC data
TIME_START,TIME_STOP,TIME_MID,GPSAlt,GPS_Lon,GPS_Lat,iMet_Pressure,iMet_Temperature,THETA,Aerosol_concentration,Surface_Area_Conc,Volume_density,Effective_radius,Extinction,Bin01,Bin02,Bin03,Bin04,Bin05,Bin06,Bin07,Bin08,Bin09,Bin10,Bin11,Bin12,Bin13,Bin14,Bin15
[from data line 69]
58733,58752,58742,8.6,-104.979,39.9276,338.619,-37.4367,321.178,148.999,19.8184,1157.11,0.175157,0.00406175,70.622,39.2475,20.0834,9.78241,6.15231,1.50861,1.03717,0.235721,0.0707162,0.0942883,0.0471442,0.0471442,0.0235721,0,0.0471442
58752,58768,58760,8.7,-104.976,39.9275,334.05,-38.3575,321.178,143.313,19.0807,1019.37,0.160273,0.00402987,67.4884,38.8739,19.0228,9.29768,5.15647,1.65648,0.935112,0.507632,0.0801524,0.10687,0.0801524,0,0.0801524,0.0267175,0
58769,58788,58778,8.8,-104.973,39.9271,329.023,-39.3339,321.228,142.144,18.388,868.001,0.141615,0.00341667,67.2486,36.8998,19.2955,9.71924,5.69338,1.85809,1.02433,0.166752,0.0476433,0.071465,0,0,0.119108,0,0
58789,58804,58796,8.9,-104.969,39.9266,324.199,-40.316,321.228,138.043,19.0441,1198.59,0.188813,0.00432848,64.3148,36.7349,19.458,8.55234,5.30934,1.54975,1.43496,0.315691,0.143496,0.0573983,0.0860974,0,0.0286991,0,0.0573983
58805,58823,58814,9,-104.966,39.9259,319.547,-41.2071,321.32,134.754,17.4127,1021.85,0.176053,0.00337549,65.5774,35.539,17.6935,8.4665,4.79093,1.57163,0.659069,0.20279,0.101395,0.0253488,0.0253488,0.0253488,0.0253488,0,0.0506976
58826,58842,58834,9.1,-104.963,39.9252,314.21,-42.218,321.471,111.738,14.4757,762.344,0.157991,0.00287104,53.6044,31.1009,13.3867,7.4723,3.75057,1.24057,0.605862,0.346207,0.0288506,0.0577011,0.0288506,0.0865517,0,0.0288506,0
58843,58858,58850,9.2,-104.96,39.9248,310.084,-42.954,321.658,77.133,10.5523,600.111,0.170611,0.0023192,37.3654,19.768,9.43541,5.18079,3.03901,1.18666,0.810403,0.202601,0,0.028943,0,0.0578859,0.028943,0.028943,0
58859,58876,58868,9.3,-104.957,39.9245,305.498,-43.8307,321.796,61.8082,7.98276,347.86,0.130729,0.00164092,29.0386,16.11,8.79255,4.13597,1.87999,1.04122,0.433843,0.231383,0.115691,0.0289229,0,0,0,0,0
58877,58895,58886,9.4,-104.954,39.9242,301.142,-44.735,321.841,67.542,9.21507,552.755,0.179952,0.00200152,31.88,16.9946,8.75185,5.62446,3.00618,0.484867,0.43638,0.121217,0.14546,0.0242434,0.0242434,0.0242434,0,0,0.0242434
58896,58911,58904,9.5,-104.952,39.9241,296.75,-45.6733,321.875,64.4653,8.61501,413.604,0.144029,0.00181827,31.0205,15.5687,8.82127,4.6151,2.57044,0.993123,0.438142,0.321304,0.0292095,0.0292095,0.0292095,0.0292095,0,0,0
58913,58931,58922,9.6,-104.949,39.9239,292.2,-46.6044,321.976,61.2511,9.41756,750.384,0.239038,0.00263814,28.1291,17.2976,7.42107,4.55632,1.93712,0.818501,0.436534,0.272834,0.136417,0.0545667,0.0272834,0.0272834,0.0545667,0.0818501,0
58932,58949,58940,9.7,-104.946,39.924,287.807,-47.4994,322.091,62.1847,8.69803,480.566,0.16575,0.00195009,30.0685,15.2935,7.20607,4.87317,3.1883,0.622107,0.544343,0.155527,0.0518422,0.0518422,0.0259211,0.0777633,0.0259211,0,0
58950,58971,58960,9.8,-104.942,39.9236,283.412,-48.3457,322.293,58.4495,8.34101,573.339,0.206212,0.0020357,28.7612,13.8854,7.37466,4.21409,2.63381,0.821748,0.379268,0.168564,0.0632114,0.0632114,0,0.0210705,0.0210705,0.0210705,0.0210705
58972,58991,58982,9.9,-104.939,39.9234,278.945,-49.2221,322.506,54.3375,8.51981,820.562,0.288937,0.00243445,26.4351,13.3689,6.77763,3.56349,2.56199,0.838469,0.372653,0.186326,0.0931632,0.0232908,0.0232908,0,0,0.0232908,0.0698724
58992,59011,59002,10,-104.935,39.923,274.801,-50.0555,322.68,49.8805,7.22579,434.146,0.180248,0.00173266,23.4483,12.4033,5.94558,3.91918,2.56083,0.757115,0.512166,0.178145,0.0668043,0,0,0.0445362,0.0222681,0.0222681,0
59012,59028,59020,10.1,-104.931,39.9228,270.953,-50.8229,322.866,38.6687,5.79593,417.248,0.21597,0.00143854,17.4808,10.1306,4.25036,3.03597,2.23703,0.862855,0.607194,0.0319576,0,0,0,0,0,0,0.0319576
59029,59047,59038,10.2,-104.927,39.9224,266.401,-51.6906,323.163,37.483,5.13,242.737,0.141951,0.00110213,17.0604,9.51397,4.85661,3.26264,1.61887,0.622642,0.398491,0.0498113,0.0498113,0.0249057,0.0249057,0,0,0,0
59048,59070,59059,10.3,-104.922,39.9218,262.157,-52.2529,323.835,46.8458,7.49812,684.591,0.273905,0.00213519,23.3376,11.3275,5.71706,3.22118,1.66392,0.810628,0.383982,0.0853293,0.0213323,0.0639969,0.0213323,0.0853293,0.0426646,0.0426646,0.0213323
59071,59094,59082,10.4,-104.916,39.9208,258.116,-52.8561,324.384,34.529,6.42487,729.913,0.340822,0.00203605,16.478,7.88948,4.86851,2.52164,1.54794,0.424434,0.349534,0.124834,0.0499334,0,0.0249667,0.0998668,0.0998668,0,0.0499334
59095,59115,59105,10.5,-104.911,39.9197,254.553,-52.2867,326.512,30.413,5.41389,455.698,0.252516,0.001692,12.9237,6.93587,4.01681,2.944,2.19553,0.648678,0.449085,0.0498983,0.0997966,0.0498983,0.0249492,0.0249492,0.0249492,0,0.0249492
59116,59137,59126,10.6,-104.905,39.9187,250.167,-52.9225,327.195,37.0105,6.22398,480.439,0.231575,0.00187159,15.4698,8.65677,5.57631,3.05798,2.45088,0.87692,0.607098,0.157396,0.0899405,0.0224851,0,0,0,0.0224851,0.0224851
59138,59170,59154,10.7,-104.898,39.9168,246.288,-53.3345,328.049,41.5299,6.4875,371.609,0.171842,0.00174883,18.7718,9.17572,5.69678,3.65289,2.29031,0.884232,0.666798,0.23193,0.0434868,0.0289912,0.0289912,0.0579825,0,0,0
59173,59201,59187,10.8,-104.889,39.9149,242.52,-53.9443,328.578,45.2869,7.532,492.008,0.195967,0.00211373,19.5783,9.69146,6.70138,4.07192,3.02013,1.11189,0.73625,0.13523,0.0901531,0.0150255,0.0450766,0.0450766,0.030051,0.0150255,0
59202,59234,59218,10.9,-104.88,39.9131,238.925,-54.5309,329.096,43.7394,7.18506,492.088,0.205463,0.00215193,19.7551,9.91969,5.74668,3.58289,2.48695,1.02569,0.744679,0.25291,0.0562022,0.0843033,0.0140506,0.0140506,0.0421517,0,0.0140506
59235,59266,59250,11,-104.872,39.9114,235.153,-55.349,329.365,42.0627,7.36175,602.524,0.245536,0.00239809,19.1062,9.18259,5.85536,3.55971,2.19394,1.04612,0.595706,0.203412,0.0726471,0.101706,0.0581177,0,0.0290588,0.0581177,0
59268,59298,59283,11.1,-104.863,39.9096,231.423,-56.0489,329.811,37.3769,5.87234,382.463,0.195389,0.00162843,17.2346,8.60919,4.92186,3.07007,1.88428,0.730969,0.568532,0.194925,0.0487313,0.0324875,0,0.0162438,0.0487313,0.0162438,0
59299,59330,59314,11.2,-104.855,39.9078,228.032,-56.6287,330.316,36.2625,6.04617,524.293,0.260145,0.00181521,17.581,8.09909,4.58572,2.79376,1.8484,0.507957,0.493847,0.112879,0.0282198,0.0564397,0.0282198,0.0564397,0.0282198,0.0282198,0.0141099
59332,59362,59347,11.3,-104.846,39.9061,224.416,-57.0123,331.237,36.7692,6.01488,443.408,0.221155,0.0017622,17.0016,8.4933,4.8254,2.85615,1.84898,0.781684,0.571231,0.180389,0.0601295,0.0300648,0.0450972,0.0450972,0.0150324,0,0.0150324
59363,59393,59378,11.4,-104.837,39.9045,220.903,-57.6552,331.752,47.372,8.6452,779.23,0.270403,0.00295779,20.3506,11.2993,6.6121,3.92318,2.63015,0.955081,0.911,0.337952,0.132242,0.0734678,0,0.0293871,0.0440807,0.0440807,0.0293871
59394,59423,59408,11.5,-104.828,39.9031,217.401,-58.17,332.473,57.4858,12.3044,1295.34,0.315824,0.00472598,24.3149,12.8772,8.08932,5.11645,3.30144,1.43949,0.985739,0.563279,0.250346,0.0938799,0.109527,0.14082,0.0938799,0.0782333,0.0312933
59424,59454,59439,11.6,-104.82,39.9015,213.917,-58.789,333.045,57.8637,11.6396,1050.2,0.27068,0.00436745,24.229,12.7818,8.21241,5.16612,3.87852,1.2405,1.03637,0.50248,0.345455,0.157025,0.12562,0.06281,0.0785125,0.0157025,0.031405
59455,59474,59464,11.7,-104.812,39.9,210.635,-59.4142,333.541,55.3375,12.1154,1290.91,0.319652,0.00475715,22.7137,12.4901,7.7159,4.65365,3.97851,1.39851,1.08505,0.409907,0.361683,0.144673,0.0723366,0.0964487,0.144673,0,0.0723366
59475,59505,59490,11.8,-104.805,39.8982,207.166,-59.9868,334.24,41.3322,8.62489,928.232,0.322867,0.00328208,17.3746,9.53065,5.87887,3.5044,2.58736,0.818784,0.753282,0.376641,0.212884,0.0327514,0.0327514,0.0818784,0.0491271,0.0655028,0.0327514
59506,59535,59520,11.9,-104.797,39.8963,203.878,-60.4034,335.111,33.3169,5.78301,395.548,0.205195,0.00179173,14.1787,8.12258,4.62558,2.52738,1.93925,0.810668,0.619923,0.254327,0.0794773,0.0158955,0.0635818,0.0476864,0.0317909,0,0
59536,59564,59550,12,-104.788,39.8946,200.557,-60.6821,336.242,30.5711,5.66101,507.382,0.268882,0.0019104,13.3551,7.53201,3.95589,2.35771,1.69312,0.743707,0.506354,0.142412,0.0791177,0.0474706,0.0158235,0.0474706,0.0474706,0.0474706,0
59565,59592,59578,12.1,-104.78,39.8933,197.369,-61.0114,337.261,29.026,4.36091,231.503,0.159258,0.0011156,11.9986,7.81056,4.26448,2.26216,1.37564,0.718389,0.397406,0.0764243,0.0458546,0.0458546,0,0.0305697,0,0,0
59593,59622,59608,12.2,-104.772,39.892,194.26,-61.71,337.686,27.241,4.3048,241.527,0.168319,0.00126545,11.5174,6.88787,3.90972,2.25832,1.19973,0.677496,0.437549,0.183488,0.112916,0.028229,0.0141145,0,0.0141145,0,0
59623,59649,59636,12.3,-104.763,39.8902,191.05,-61.7473,339.234,28.8785,4.51047,244.957,0.162926,0.00120237,12.1698,6.45807,4.78262,2.52839,1.53836,0.624483,0.517864,0.167544,0.0456939,0.0152313,0,0,0.0304626,0,0
59650,59677,59664,12.4,-104.754,39.8884,188.105,-61.7536,340.729,26.1988,4.06207,257.26,0.189997,0.00108867,11.269,6.57357,3.70858,2.21241,1.38475,0.493416,0.366083,0.0636666,0.0636666,0.0159166,0.0159166,0.0159166,0,0.0159166,0
59678,59700,59689,12.5,-104.746,39.8865,185.164,-60.9173,343.625,25.5875,3.7374,186.7,0.149863,0.000946513,11.3979,6.38353,3.59185,1.77814,1.26248,0.604568,0.37341,0.106689,0.0711257,0,0.0177814,0,0,0,0
59702,59728,59715,12.6,-104.738,39.8843,182.096,-61.4522,344.401,25.2036,3.76849,199.111,0.158507,0.000982242,11.2436,6.26095,3.34111,1.94656,1.2057,0.610116,0.392217,0.116213,0.0435797,0.0145266,0.0145266,0.0145266,0,0,0
59730,59754,59742,12.7,-104.73,39.882,179.081,-62.2276,344.776,23.6399,3.66757,195.751,0.160121,0.00105916,10.4507,5.55584,3.33665,1.96737,1.03877,0.535124,0.487907,0.157389,0.0786947,0.0157389,0,0.0157389,0,0,0
59755,59784,59770,12.8,-104.721,39.8796,176.184,-62.1397,346.526,23.025,3.69575,224.15,0.181952,0.00110221,10.203,5.6062,3.32826,1.63685,0.941187,0.572896,0.422852,0.190965,0.0545616,0.0136404,0.0409212,0,0.0136404,0,0
59785,59820,59802,12.9,-104.71,39.8769,173.292,-61.5806,349.103,23.4686,3.95776,293.908,0.222784,0.00119288,10.182,5.56679,3.17593,2.04592,1.33222,0.511479,0.356846,0.178423,0.0356846,0.0118949,0.0475794,0.0118949,0,0,0.0118949
59821,59857,59839,13,-104.698,39.8738,170.55,-60.6141,352.296,26.468,4.03149,229.375,0.170688,0.00108577,11.2135,6.48476,4.1786,2.23211,1.18482,0.571251,0.306783,0.200996,0.0634724,0.0105787,0.0105787,0,0,0.0105787,0
59858,59891,59874,13.1,-104.686,39.8703,167.902,-60.0755,354.766,24.9187,3.74971,191.314,0.153063,0.000983138,10.3985,6.196,4.09474,1.95309,1.03716,0.673478,0.29633,0.202043,0.0269391,0.0269391,0,0.0134696,0,0,0
59894,59924,59909,13.2,-104.675,39.8669,165.278,-59.4904,357.347,22.0193,3.45176,165.651,0.14397,0.00090075,8.44475,5.44484,3.4649,2.12994,1.21496,0.794976,0.34499,0.149996,0.0299991,0,0,0,0,0,0
59925,59954,59940,13.3,-104.666,39.8639,162.638,-59.445,359.075,20.1811,3.12328,170.964,0.164216,0.000814076,7.96782,5.20225,3.39342,1.85368,0.807246,0.508266,0.254133,0.104643,0.044847,0.014949,0,0.029898,0,0,0
59954,59980,59967,13.4,-104.658,39.8613,160.119,-59.3456,360.843,16.5617,2.77105,166.209,0.179941,0.000859662,6.93063,3.99604,2.40387,1.35803,0.811695,0.530724,0.296581,0.140486,0.0312191,0.0312191,0.0156095,0.0156095,0,0,0
59981,60007,59994,13.5,-104.65,39.8586,157.541,-59.0762,362.974,11.921,2.04502,114.266,0.167625,0.000677425,4.77482,2.804,1.60229,1.28183,0.576823,0.512732,0.160229,0.11216,0.0640915,0.0320457,0,0,0,0,0
60008,60037,60022,13.6,-104.642,39.8561,155.008,-58.9586,364.87,11.3345,2.06001,111.569,0.162478,0.000692335,3.89797,2.90274,1.72782,1.00905,0.774065,0.497613,0.345565,0.138226,0.0414678,0,0,0,0,0,0
60038,60065,60052,13.7,-104.634,39.8538,152.583,-58.4425,367.396,10.7969,1.93718,113.029,0.175042,0.000689348,4.21109,2.6233,1.43591,1.06313,0.56608,0.483239,0.207103,0.110455,0.0552273,0.0414205,0,0,0,0,0
60067,60097,60082,13.8,-104.626,39.8521,150.126,-57.3594,370.961,21.8888,3.14231,172.392,0.164584,0.000778206,9.57401,6.02716,3.36082,1.38898,0.731692,0.372047,0.23563,0.0992125,0.0372047,0.0248031,0.0124016,0.0248031,0,0,0
60098,60128,60113,13.9,-104.617,39.8504,147.848,-57.311,372.674,27.1854,3.71941,187.351,0.151113,0.000867677,11.8912,7.68533,3.96374,2.14119,0.777454,0.254903,0.203922,0.140197,0.0764709,0.0254903,0.0254903,0,0,0,0
60129,60158,60144,14,-104.608,39.8488,145.518,-57.2457,374.484,37.6026,4.79423,270.582,0.169318,0.000924574,17.3335,11.1486,5.27736,2.25212,0.817935,0.380956,0.201683,0.12325,0.0224092,0.0112046,0,0.0112046,0.0112046,0,0.0112046
60159,60187,60173,14.1,-104.6,39.8474,143.16,-57.3469,376.054,45.853,5.47554,239.071,0.130985,0.00087426,21.4838,13.0595,7.03381,2.93172,0.730033,0.231756,0.243344,0.0463513,0.0231756,0.0347635,0.0231756,0.0115878,0,0,0
60188,60214,60201,14.2,-104.591,39.846,140.9,-58.0622,376.516,47.0946,5.46452,228.917,0.125675,0.000811956,22.0174,14.0996,7.15597,2.66007,0.611942,0.249772,0.124886,0.0999089,0.0124886,0.0374658,0,0.0249772,0,0,0
60215,60241,60228,14.3,-104.583,39.8447,138.722,-58.9392,376.659,46.5801,5.58625,270.359,0.145192,0.000946965,21.0416,14.6083,6.88823,2.89826,0.636837,0.19495,0.15596,0.0129967,0.0519867,0.0649833,0.0129967,0,0,0.0129967,0
60242,60269,60256,14.4,-104.575,39.8435,136.469,-59.5239,377.388,50.0166,6.11764,378.769,0.185743,0.00108651,23.6358,15.0609,7.26322,2.86642,0.619438,0.242917,0.133604,0.0607292,0.0728751,0.0121458,0,0.0242917,0,0,0.0242917
60270,60298,60284,14.5,-104.566,39.8422,134.13,-60.0015,378.405,48.0042,5.46796,223.15,0.122431,0.000776654,22.7528,14.7521,6.72614,2.67531,0.567873,0.277627,0.0757164,0.0883359,0.0504776,0.0126194,0.0126194,0.0126194,0,0,0
60299,60326,60312,14.6,-104.558,39.8407,132.224,-60.29,379.452,44.3807,5.16223,245.102,0.142439,0.000759123,20.6329,14.0531,6.21764,2.46291,0.579508,0.193169,0.108658,0.0724385,0.0120731,0.0120731,0,0.0120731,0.0120731,0.0120731,0
60327,60350,60338,14.7,-104.551,39.8396,129.937,-59.2004,383.294,44.9385,5.22983,229.279,0.131522,0.000784804,20.7522,14.2524,6.36714,2.46137,0.648505,0.147388,0.147388,0.0884326,0,0.0442163,0,0,0.0294775,0,0
60351,60386,60368,14.8,-104.544,39.8388,127.876,-58.7167,385.915,37.1412,4.30797,218.803,0.152371,0.000669621,17.967,11.2387,5.13744,1.91835,0.524038,0.0935782,0.140367,0.0655047,0.0280735,0.00935782,0,0,0.00935782,0,0.00935782
60387,60420,60404,14.9,-104.535,39.8378,125.915,-58.2927,388.399,37.209,4.17395,156.621,0.11257,0.000567452,17.8917,10.957,5.24429,2.26065,0.498972,0.13238,0.13238,0.0305493,0.0509155,0.0101831,0,0,0,0,0
60421,60451,60436,15,-104.526,39.8366,123.897,-58.41,389.978,44.4844,5.21982,218.169,0.125389,0.000764726,19.5552,14.0241,7.1018,2.65897,0.751692,0.145851,0.0897542,0.0560964,0.0560964,0.0224386,0.0112193,0,0.0112193,0,0
60452,60477,60464,15.1,-104.519,39.8354,121.95,-58.3388,391.872,22.9626,2.62048,101.82,0.116567,0.000406529,11.3739,6.47249,3.1691,1.34284,0.281996,0.134284,0.067142,0.0805704,0.0402852,0,0,0,0,0,0
60479,60503,60491,15.2,-104.512,39.8343,119.899,-58.3575,393.751,19.7449,2.47929,117.216,0.141834,0.000549627,9.32553,6.1843,2.27178,1.12187,0.37863,0.238397,0.0560934,0.0841401,0.0140233,0.0701167,0,0,0,0,0
60504,60525,60514,15.3,-104.506,39.8333,118.183,-58.2456,395.578,17.9279,2.14674,86.2106,0.120476,0.00036992,8.87059,4.89283,2.31569,0.971096,0.448198,0.261449,0.0933746,0.0560248,0.0186749,0,0,0,0,0,0
60527,60549,60538,15.4,-104.5,39.8321,116.183,-58.4768,397.077,21.0869,2.72577,132.787,0.146146,0.000576528,9.91491,5.7719,3.09841,1.38101,0.354104,0.283283,0.159347,0.0177052,0.0708208,0.0177052,0,0.0177052,0,0,0
60550,60573,60562,15.5,-104.495,39.8307,114.429,-58.6059,398.579,29.7518,4.01598,195.199,0.145817,0.000827876,12.228,8.42993,5.09501,2.59382,0.741093,0.26247,0.154394,0.154394,0.0463183,0.0154394,0.0154394,0.0154394,0,0,0
60573,60598,60586,15.6,-104.49,39.8293,112.591,-58.9046,399.863,16.5881,2.46022,154.225,0.188063,0.000658461,7.2427,4.27034,2.53105,1.34989,0.597068,0.311514,0.129797,0.0648987,0.051919,0.0259595,0,0,0,0.0129797,0
60599,60627,60613,15.7,-104.485,39.828,110.728,-59.4228,400.798,12.2593,1.70446,77.9005,0.137112,0.000402174,5.19243,3.43446,1.76962,1.03616,0.325982,0.221202,0.174633,0.0814955,0.0232844,0,0,0,0,0,0
