api/src/app/data/B2SAP/Locations/Boulder/NOAA-POPS-B2SAP_GMLBalloon_20190320_R0.ict
61,1001
Thornberry, T. D.
NOAA Chemical Sciences Laboratory
Portable Optical Particle Spectrometer (POPS)
Balloon Baseline Stratospheric Aerosol Profiles (B2SAP)
1,1
2019,03,20,2024,05,30
0
TIME_START,s,Seconds since midnight UTC on flight start day,Start time of 100 m altitude bin in UTC_seconds_since_midnight
28
1.0,1.0,1.0,1.0,1.0,1.0,1.0,1.0,1.0,1.0,1.0,1.0,1.0,1.0,1.0,1.0,1.0,1.0,1.0,1.0,1.0,1.0,1.0,1.0,1.0,1.0,1.0,1.0
99999,99999,99999,99999,99999,99999,99999,99999,99999,99999,99999,99999,99999,99999,99999,99999,99999,99999,99999,99999,99999,99999,99999,99999,99999,99999,99999,99999
TIME_STOP,s,End time of 100 m altitude bin in UTC seconds since midnight,
TIME_MID,s,Mid time of 100 m altitude in UTC seconds since midnight,
GPSAlt,m,GPS reported altitude above sea level (m),
GPS_Lon,deg,GPS reported longitude,
GPS_Lat,deg,GPS reported latitude,
iMet_Pressure,mb,Pressure reported (mB),
iMet_Temperature,degrees C,Ambient temperature (oC),
THETA,K,Potential temperature from iMet,
Aerosol_concentration,cm^-3,Aerosol concentration,
Surface_Area_Conc,um^2 cm^-3,Surface area concentration,
Volume_density,um^3 cm^-3,Volume density,
Effective_radius,um,Effective radius,
Extinction,km^-1,Extinction,
Bin01,cm^-3,particle concentration in size range [140 - 170 nm],
Bin02,cm^-3,particle concentration in size range [170 - 205 nm],
Bin03,cm^-3,particle concentration in size range [205 - 249 nm],
Bin04,cm^-3,particle concentration in size range [249 - 302 nm],
Bin05,cm^-3,particle concentration in size range [302 - 366 nm],
Bin06,cm^-3,particle concentration in size range [366 - 443 nm],
Bin07,cm^-3,particle concentration in size range [443 - 537 nm],
Bin08,cm^-3,particle concentration in size range [537 - 651 nm],
Bin09,cm^-3,particle concentration in size range [651 - 789 nm],
Bin10,cm^-3,particle concentration in size range [789 - 956 nm],
Bin11,cm^-3,particle concentration in size range [956 - 1159 nm],
Bin12,cm^-3,particle concentration in size range [1159 - 1404 nm],
Bin13,cm^-3,particle concentration in size range [1404 - 1702 nm],
Bin14,cm^-3,particle concentration in size range [1702 - 2062 nm],
Bin15,cm^-3,particle concentration in size range [2062 - 2500 nm],
0
19
PI_CONTACT_INFO: 325 Broadway R/CSL6, Boulder, CO 80305; troy.thornberry@noaa.gov; 303-497-3373 
PLATFORM: GML ECC/FPH balloon
LOCATION: Boulder, CO, USA
ASSOCIATED_DATA: N/A
INSTRUMENT_INFO: Printed Optical Particle Spectrometer counts particles from 140 - 2500 nm in diameter 
DATA_INFO: Particle concentrations reported in number per cubic centimeter, binned to 100 m altitude
UNCERTAINTY: Counting uncertainty dominated by air flow, less than 5 percent
ULOD_FLAG: -77777
ULOD_VALUE: 3000 ~3000 per cm3 (varies depending on flow rate- manufacturer quotes 1250  per cm3 at 1.667 cc/s)
LLOD_FLAG: -88888
LLOD_VALUE: 0 0 (varies depending on data field and measurement precision)
DM_CONTACT_INFO: Troy Thornberry, 325 Broadway R/CSL6, Boulder, CO 80305; troy.thornberry@noaa.gov; 303-497-3373
PROJECT_INFO: B2SAP Boulder, CO, USA
STIPULATIONS_ON_USE: Please contact the PIs for questions regarding applications and uncertainties
OTHER_COMMENTS: POPS bin Edges (nm):  140, 170, 205, 249, 302, 366, 443, 537, 651, 789, 956, 1159, 1404, 1702, 2062, 2500
Calculations assume sulfate refractive index of 1.45+0.00j and extinction wavelength = 532 nm
REVISION: R0
R0: QA/QC data
TIME_START,TIME_STOP,TIME_MID,GPSAlt,GPS_Lon,GPS_Lat,iMet_Pressure,iMet_Temperature,THETA,Aerosol_concentration,Surface_Area_Conc,Volume_density,Effective_radius,Extinction,Bin01,Bin02,Bin03,Bin04,Bin05,Bin06,Bin07,Bin08,Bin09,Bin10,Bin11,Bin12,Bin13,Bin14,Bin15
[from data line 228]
63471,63487,63479,24.5,-105.055,39.8133,25.8988,-56.0335,616.657,1.43183,0.395166,24.5417,0.186314,0.000174318,0.226078,0.301437,0.207238,0.244918,0.131879,0.131879,0.169558,0.0188398,0,0,0,0,0,0,0
63488,63503,63496,24.6,-105.056,39.8127,25.526,-56.92,616.683,1.7478,0.437851,26.7924,0.183572,0.000187656,0.409978,0.302089,0.323667,0.237355,0.172622,0.107889,0.151044,0.0431555,0,0,0,0,0,0,0
63504,63520,63512,24.7,-105.056,39.8121,25.1,-57.4769,618.068,1.81878,0.524193,32.8659,0.188094,0.00023605,0.31002,0.268684,0.31002,0.248016,0.289352,0.124008,0.248016,0.020668,0,0,0,0,0,0,0
63521,63537,63529,24.8,-105.057,39.8115,24.7493,-57.4007,620.774,1.98247,0.556182,36.6018,0.197427,0.000264991,0.506632,0.242302,0.35244,0.198247,0.26433,0.17622,0.17622,0.044055,0.0220275,0,0,0,0,0,0
63538,63555,63546,24.9,-105.058,39.8107,24.2371,-57.5953,623.939,1.88019,0.66326,47.2527,0.213729,0.000363128,0.277081,0.237498,0.336455,0.237498,0.197915,0.217706,0.257289,0.0989574,0.0197915,0,0,0,0,0,0
63556,63572,63564,25,-105.059,39.8101,23.7982,-57.9041,626.285,1.83996,0.472662,29.5845,0.187774,0.000204523,0.41999,0.379991,0.219995,0.259994,0.219995,0.179996,0.119997,0.0199995,0.0199995,0,0,0,0,0,0
63574,63586,63580,25.1,-105.061,39.8094,23.5031,-58.1315,627.88,1.48488,0.453205,31.5566,0.20889,0.00023534,0.318188,0.265157,0.212125,0.132578,0.212125,0.132578,0.132578,0.0530313,0.0265157,0,0,0,0,0,0
63588,63600,63594,25.2,-105.062,39.8091,23.1508,-57.7442,631.716,1.22148,0.341899,21.9458,0.192564,0.000157194,0.29083,0.174498,0.203581,0.116332,0.145415,0.174498,0.0581659,0.0581659,0,0,0,0,0,0,0
63601,63615,63608,25.3,-105.064,39.8086,22.7885,-56.6469,637.817,1.74341,0.497605,32.1825,0.194024,0.000235434,0.402324,0.295038,0.214573,0.241395,0.16093,0.187751,0.187751,0.0536432,0,0,0,0,0,0,0
63616,63631,63624,25.4,-105.065,39.8084,22.315,-56.4312,642.285,1.90307,0.457587,26.8936,0.176318,0.000179631,0.442574,0.35406,0.309802,0.243416,0.243416,0.17703,0.0885149,0.0442574,0,0,0,0,0,0,0
63632,63646,63639,25.5,-105.067,39.8083,22.0685,-55.3692,647.487,1.36707,0.28656,15.0132,0.157173,8.71785e-05,0.218731,0.355438,0.246073,0.19139,0.246073,0.0820242,0,0.0273414,0,0,0,0,0,0,0
63647,63661,63654,25.6,-105.068,39.808,21.6321,-53.6657,656.286,1.33404,0.357513,21.2857,0.178615,0.000144698,0.359165,0.128273,0.179583,0.153928,0.179583,0.230892,0.102619,0,0,0,0,0,0,0,0
63662,63676,63669,25.7,-105.069,39.8078,21.34,-53.895,658.148,1.44984,0.442851,30.6665,0.207744,0.000229977,0.284791,0.310681,0.207121,0.10356,0.181231,0.12945,0.181231,0.0258901,0.0258901,0,0,0,0,0,0
63677,63692,63684,25.8,-105.07,39.8073,20.9181,-55.2569,657.803,1.28861,0.270112,14.9412,0.165945,9.38961e-05,0.368176,0.23011,0.184088,0.276132,0.0690329,0.0920439,0.046022,0.023011,0,0,0,0,0,0,0
63693,63710,63702,25.9,-105.071,39.8066,20.6073,-55.0927,661.119,1.22614,0.341119,22.2991,0.196111,0.000167728,0.250234,0.325304,0.15014,0.125117,0.100093,0.0500467,0.200187,0.0250234,0,0,0,0,0,0,0
63711,63725,63718,26,-105.072,39.8059,20.3767,-53.4787,668.167,1.04555,0.203805,11.1019,0.163419,6.89971e-05,0.323623,0.199153,0.199153,0.149364,0.0746822,0.0497882,0.0248941,0.0248941,0,0,0,0,0,0,0
63726,63741,63734,26.1,-105.073,39.8049,19.9393,-55.1464,667.213,0.886005,0.16168,8.05007,0.14937,4.58067e-05,0.249189,0.221501,0.166126,0.0830629,0.0830629,0.0553753,0.0276876,0,0,0,0,0,0,0,0
63742,63757,63750,26.2,-105.074,39.8043,19.5338,-55.2463,670.835,1.04166,0.178781,9.29724,0.15601,5.79158e-05,0.387594,0.290695,0.121123,0.121123,0.0242246,0.0242246,0.0726738,0,0,0,0,0,0,0,0
63758,63773,63766,26.3,-105.075,39.8034,19.2075,-55.5956,672.985,1.09932,0.277794,16.9074,0.182589,0.000119641,0.293151,0.244292,0.146575,0.0732877,0.0732877,0.146575,0.122146,0,0,0,0,0,0,0,0
63774,63788,63781,26.4,-105.077,39.8027,18.9946,-56.1938,673.285,0.896458,0.194894,11.3285,0.17438,7.77474e-05,0.309124,0.154562,0.154562,0.0927371,0.0309124,0.0618247,0.0927371,0,0,0,0,0,0,0,0
63789,63803,63796,26.5,-105.079,39.8021,18.7521,-56.2057,675.729,1.14858,0.3144,20.3142,0.193838,0.000150237,0.143572,0.402002,0.201001,0.0574288,0.0574288,0.114858,0.143572,0.0287144,0,0,0,0,0,0,0
63805,63819,63812,26.6,-105.08,39.8014,18.3054,-56.1223,680.654,0.795724,0.197945,11.9879,0.181685,8.47676e-05,0.254632,0.159145,0.0318289,0.0954868,0.0954868,0.0636579,0.0954868,0,0,0,0,0,0,0,0
63820,63834,63827,26.7,-105.082,39.8004,18.0087,-56.4053,682.94,0.857997,0.223664,13.8849,0.186238,9.70845e-05,0.304451,0.0553546,0.0276773,0.221419,0.083032,0.083032,0.0553546,0.0276773,0,0,0,0,0,0,0
63835,63848,63842,26.8,-105.084,39.7998,17.7385,-56.9692,684.122,1.06797,0.149155,6.72008,0.135163,3.50003e-05,0.517806,0.194177,0.194177,0.0970886,0,0.0323629,0.0323629,0,0,0,0,0,0,0,0
63850,63863,63856,26.9,-105.085,39.7992,17.5469,-57.2038,685.492,0.695868,0.113243,5.54846,0.146988,3.23919e-05,0.298229,0.132546,0.132546,0,0.0994097,0,0.0331366,0,0,0,0,0,0,0,0
63864,63880,63872,27,-105.087,39.7987,17.1757,-56.1207,693.162,0.612491,0.126114,6.86919,0.163404,4.34662e-05,0.214372,0.122498,0.0612491,0.0612491,0.0612491,0.0612491,0.0306246,0,0,0,0,0,0,0,0
63881,63895,63888,27.1,-105.089,39.7981,16.9036,-56.7864,694.188,0.443502,0.0779126,3.6338,0.139918,1.84388e-05,0.0806367,0.161273,0.0806367,0.0403184,0.0403184,0.0403184,0,0,0,0,0,0,0,0,0
63896,63908,63902,27.2,-105.089,39.7978,16.656,-56.128,699.24,0.665315,0.106706,4.4749,0.12581,1.84174e-05,0.177417,0.177417,0.0443543,0.177417,0.0887086,0,0,0,0,0,0,0,0,0,0
63912,63925,63918,27.3,-105.09,39.7977,16.3636,-54.6145,707.701,0.8409,0.118327,4.65294,0.117968,1.74188e-05,0.2803,0.200214,0.160171,0.120129,0.0800857,0,0,0,0,0,0,0,0,0,0
63928,63928,63928,27.4,-105.091,39.7977,16.09,-53.02,716.31,0.874562,0.256591,16.0313,0.187433,0.000111676,0.437281,0,0,0,0,0.437281,0,0,0,0,0,0,0,0,0
64377,64384,64380,27,-105.114,39.7711,17.0733,-56.2267,693.998,0.900207,0.186307,9.86767,0.158893,6.06995e-05,0.0750172,0.300069,0.225052,0.150034,0.0750172,0,0.0750172,0,0,0,0,0,0,0,0
64385,64397,64391,26.9,-105.115,39.7707,17.3242,-55.9133,692.127,0.861961,0.147655,7.17802,0.14584,3.99426e-05,0.187383,0.262336,0.224859,0.11243,0,0.0374765,0.0374765,0,0,0,0,0,0,0,0
64400,64409,64404,26.8,-105.117,39.7703,17.7811,-54.9422,690.06,0.896307,0.116569,4.28478,0.110273,1.38365e-05,0.248974,0.248974,0.298769,0.0497948,0.0497948,0,0,0,0,0,0,0,0,0,0
64410,64421,64416,26.7,-105.118,39.7698,17.9382,-54.9273,688.376,0.80328,0.115526,5.47325,0.14213,3.1409e-05,0.361476,0.240984,0.080328,0.040164,0.040164,0,0.040164,0,0,0,0,0,0,0,0
64422,64434,64428,26.6,-105.119,39.7691,18.1591,-55.1573,685.235,0.908489,0.171218,8.49403,0.148828,4.66877e-05,0.355496,0.078999,0.157998,0.118499,0.078999,0.118499,0,0,0,0,0,0,0,0,0
64435,64445,64440,26.5,-105.12,39.7685,18.5309,-54.3691,683.757,0.823747,0.214109,13.2572,0.185754,9.56856e-05,0.156904,0.235356,0.117678,0.0784521,0.039226,0.0784521,0.117678,0,0,0,0,0,0,0,0
64446,64455,64450,26.4,-105.121,39.7681,18.831,-54.22,681.074,1.05007,0.207205,11.852,0.171597,7.76695e-05,0.504035,0.0840058,0.168012,0,0.210015,0.0420029,0,0.0420029,0,0,0,0,0,0,0
64456,64466,64461,26.3,-105.123,39.7677,19.1355,-56.0445,672.331,0.882776,0.21265,12.2728,0.173141,8.15945e-05,0.115145,0.191908,0.268671,0.115145,0,0.115145,0.0767631,0,0,0,0,0,0,0,0
64467,64479,64473,26.2,-105.124,39.7672,19.425,-53.6383,676.849,0.995769,0.202166,11.041,0.16384,7.07319e-05,0.309032,0.171684,0.240358,0.0686737,0.0686737,0.0686737,0.0686737,0,0,0,0,0,0,0,0
64480,64492,64486,26.1,-105.125,39.7665,19.5262,-54.2954,673.828,0.998999,0.180109,8.68512,0.144665,4.68049e-05,0.24975,0.24975,0.156094,0.187312,0.0936562,0.0312187,0.0312187,0,0,0,0,0,0,0,0
64493,64505,64499,26,-105.126,39.7659,19.8292,-54.02,671.729,0.966305,0.183948,11.2794,0.183956,7.85314e-05,0.405225,0.249369,0.0935134,0.0935134,0.0311711,0.0311711,0,0.0623423,0,0,0,0,0,0,0
64507,64519,64513,25.9,-105.127,39.7651,20.2346,-54.5015,666.378,1.13405,0.190813,10.1647,0.159811,6.31106e-05,0.490398,0.183899,0.214549,0.1226,0.0612998,0,0.0306499,0.0306499,0,0,0,0,0,0,0
64520,64533,64526,25.8,-105.127,39.7644,20.6785,-53.9992,663.786,1.14881,0.238215,12.6659,0.15951,7.82974e-05,0.241854,0.33255,0.211623,0.0302318,0.211623,0.0604636,0.0604636,0,0,0,0,0,0,0,0
64534,64546,64540,25.7,-105.128,39.7639,21.1046,-53.6877,660.865,1.08205,0.32858,23.9374,0.218554,0.000180309,0.180342,0.300571,0.150285,0.0901712,0.150285,0.0601141,0.0601141,0.0601141,0.0300571,0,0,0,0,0,0
64547,64560,64554,25.6,-105.129,39.7635,21.5315,-53.6869,657.093,1.4733,0.394977,24.0207,0.182446,0.000164314,0.265193,0.324125,0.235727,0.14733,0.0883978,0.324125,0.0589319,0.0294659,0,0,0,0,0,0,0
64561,64573,64567,25.5,-105.13,39.7632,21.8546,-53.9892,653.399,1.61814,0.356325,21.3942,0.180124,0.000146783,0.588414,0.264786,0.235366,0.147104,0.147104,0.117683,0.0588414,0.0588414,0,0,0,0,0,0,0
64575,64587,64581,25.4,-105.131,39.7629,22.08,-54.7908,649.112,1.40114,0.362669,22.9213,0.189605,0.000160573,0.321094,0.204333,0.262713,0.233523,0.145952,0.116761,0.0291904,0.0875711,0,0,0,0,0,0,0
64588,64600,64594,25.3,-105.132,39.7627,22.375,-55.3767,644.919,1.37013,0.472457,32.1145,0.20392,0.000245433,0.186837,0.217976,0.249115,0.0934183,0.124558,0.217976,0.249115,0.0311394,0,0,0,0,0,0,0
64601,64612,64606,25.2,-105.133,39.7622,22.92,-56.7655,636.419,1.91679,0.532339,35.934,0.202507,0.000259114,0.308055,0.410741,0.444969,0.20537,0.171142,0.171142,0.102685,0.0684568,0.0342284,0,0,0,0,0,0
64613,64623,64618,25.1,-105.135,39.7617,23.1289,-57.0967,633.795,1.84948,0.484688,29.1752,0.180582,0.000198114,0.164398,0.369896,0.534295,0.328797,0.0410996,0.246598,0.123299,0.0410996,0,0,0,0,0,0,0
64624,64637,64630,25,-105.136,39.7612,23.5623,-56.7531,631.455,1.52003,0.324399,17.7578,0.164222,0.000112173,0.394082,0.422231,0.22519,0.0562974,0.140744,0.22519,0.0562974,0,0,0,0,0,0,0,0
64638,64650,64644,24.9,-105.137,39.7607,24.1185,-56.7654,627.202,2.02099,0.451433,24.3327,0.161703,0.000149783,0.332218,0.526012,0.276848,0.332218,0.304533,0.138424,0.110739,0,0,0,0,0,0,0,0
64651,64663,64657,24.8,-105.138,39.7601,24.44,-56.8308,624.652,1.75393,0.598821,43.0179,0.215513,0.000330542,0.328863,0.328863,0.164431,0.191836,0.219242,0.191836,0.219242,0.0822156,0.0274052,0,0,0,0,0,0
64664,64677,64670,24.7,-105.138,39.7597,24.9093,-56.8157,621.318,1.49841,0.374816,22.5283,0.180315,0.000152719,0.279365,0.279365,0.253969,0.279365,0.177778,0.101587,0.0761906,0.0507937,0,0,0,0,0,0,0
64678,64692,64685,24.6,-105.138,39.7592,25.4114,-56.4957,618.694,1.39292,0.43903,30.6123,0.209181,0.000227734,0.27361,0.27361,0.198989,0.074621,0.174116,0.223863,0.0994946,0.0497473,0.0248737,0,0,0,0,0,0
64693,64706,64700,24.5,-105.139,39.7587,25.705,-55.9821,618.135,1.9745,0.578801,40.2414,0.208576,0.000304417,0.518305,0.394899,0.19745,0.246812,0.148087,0.148087,0.222131,0.0740436,0.0246812,0,0,0,0,0,0
64707,64721,64714,24.4,-105.14,39.7582,26.194,-55.8493,615.192,1.54649,0.385469,23.712,0.184544,0.000168644,0.409365,0.18194,0.386623,0.204683,0.0682275,0.09097,0.18194,0.0227425,0,0,0,0,0,0,0
64722,64736,64729,24.3,-105.14,39.7579,26.6536,-55.6371,612.736,1.48863,0.372659,24.1164,0.194143,0.000170111,0.360153,0.312133,0.288122,0.120051,0.168071,0.0960408,0.0960408,0.0240102,0.0240102,0,0,0,0,0,0
64737,64752,64744,24.2,-105.142,39.7577,26.9713,-56.39,608.541,2.06603,0.528111,32.4713,0.184457,0.000226447,0.484884,0.379474,0.33731,0.231901,0.231901,0.210819,0.126491,0.0632457,0,0,0,0,0,0,0
64753,64768,64760,24.1,-105.143,39.7574,27.2856,-56.3081,606.769,1.81381,0.664031,58.2938,0.263363,0.000331717,0.309172,0.185503,0.329784,0.329784,0.14428,0.226726,0.206115,0.041223,0.0206115,0,0,0.0206115,0,0,0
64769,64784,64776,24,-105.143,39.7571,27.894,-55.888,604.115,1.92496,0.560992,36.2538,0.193873,0.000264183,0.393741,0.284369,0.306243,0.24062,0.24062,0.196871,0.196871,0.0656235,0,0,0,0,0,0,0
64785,64798,64792,23.9,-105.144,39.7568,28.2469,-55.7492,602.341,2.21117,0.711203,48.7137,0.205484,0.000365558,0.301523,0.427158,0.301523,0.376904,0.201015,0.201015,0.32665,0.0502538,0.0251269,0,0,0,0,0,0
64800,64816,64808,23.8,-105.145,39.7563,28.7563,-55.8612,598.97,2.06049,0.544583,34.3637,0.189303,0.000249022,0.400094,0.580137,0.240057,0.240057,0.140033,0.180042,0.240057,0.0400094,0,0,0,0,0,0,0
64817,64833,64825,23.7,-105.146,39.756,29.3006,-56.1535,594.966,2.30573,0.568974,34.8917,0.183972,0.000245921,0.656102,0.431153,0.318678,0.187458,0.318678,0.149966,0.187458,0.0562373,0,0,0,0,0,0,0
64834,64849,64842,23.6,-105.147,39.7559,29.7167,-56.03,592.912,2.18888,0.48979,27.4412,0.168079,0.000176525,0.542009,0.396083,0.375237,0.312697,0.271004,0.145925,0.125079,0.0208465,0,0,0,0,0,0,0
64850,64865,64858,23.5,-105.148,39.7558,30.2594,-56.4487,588.719,2.09612,0.512838,30.2237,0.176803,0.000202509,0.391798,0.489747,0.313438,0.333028,0.176309,0.235079,0.117539,0.0391798,0,0,0,0,0,0,0
64866,64883,64874,23.4,-105.149,39.7557,30.7735,-57.3906,583.339,2.21176,0.714644,49.302,0.206964,0.000372606,0.344454,0.4351,0.253808,0.326325,0.271938,0.181292,0.290067,0.0906458,0.0181292,0,0,0,0,0,0
64884,64900,64892,23.3,-105.151,39.7554,31.1541,-57.2741,581.606,2.49362,0.799047,54.0238,0.202831,0.000405824,0.469813,0.361395,0.379465,0.289116,0.252976,0.343325,0.271046,0.126488,0,0,0,0,0,0,0
64901,64915,64908,23.2,-105.152,39.7546,31.8336,-57.5171,577.387,2.349,0.769548,51.8588,0.202166,0.000390559,0.456751,0.261001,0.348001,0.326251,0.2175,0.326251,0.326251,0.0870002,0,0,0,0,0,0,0
64916,64933,64924,23.1,-105.154,39.7535,32.2573,-57.5767,575.038,2.24467,0.817534,61.213,0.224626,0.000459808,0.380792,0.340709,0.180375,0.400834,0.220459,0.300625,0.2405,0.160334,0,0.0200417,0,0,0,0,0
64934,64948,64941,23,-105.155,39.7529,32.9313,-57.2247,572.602,2.22415,0.668333,45.439,0.203966,0.000338721,0.476604,0.357453,0.357453,0.297878,0.158868,0.238302,0.238302,0.079434,0.0198585,0,0,0,0,0,0
64949,64965,64957,22.9,-105.155,39.7526,33.3394,-57.7531,569.191,2.72122,0.98152,70.7243,0.216168,0.000545205,0.478052,0.257412,0.422892,0.349345,0.349345,0.312572,0.367732,0.147093,0.0367732,0,0,0,0,0,0
64966,64981,64974,22.8,-105.156,39.7525,33.9267,-58.914,563.306,2.38596,0.811083,66.3526,0.245422,0.000412896,0.414092,0.43381,0.354936,0.374654,0.157749,0.256342,0.256342,0.118312,0,0,0.0197186,0,0,0,0
64982,64999,64990,22.7,-105.156,39.7524,34.5459,-59.1318,559.83,2.55496,0.820598,56.6245,0.207012,0.0004241,0.325801,0.514422,0.377243,0.428685,0.222916,0.291506,0.222916,0.154327,0.0171474,0,0,0,0,0,0
65000,65017,65008,22.6,-105.156,39.7525,35.1489,-59.0706,557.226,2.52562,0.903088,62.8025,0.208626,0.000469096,0.257388,0.353908,0.353908,0.386082,0.289561,0.498689,0.257388,0.0965204,0.0321735,0,0,0,0,0,0
65018,65033,65026,22.5,-105.157,39.7524,35.6173,-58.5007,556.603,2.63789,0.743644,46.5453,0.187773,0.000321149,0.341598,0.455464,0.493419,0.398531,0.398531,0.32262,0.151821,0.056933,0.0189777,0,0,0,0,0,0
65035,65052,65044,22.4,-105.158,39.752,36.2782,-57.9888,555.002,2.32215,0.719928,49.7133,0.20716,0.000349665,0.331736,0.381496,0.315149,0.46443,0.281976,0.248802,0.232215,0.0331736,0.0165868,0.0165868,0,0,0,0,0
65054,65071,65062,22.3,-105.159,39.751,36.958,-57.9273,552.231,2.72895,0.784659,49.4071,0.188899,0.000351535,0.429903,0.429903,0.467286,0.411211,0.39252,0.26168,0.26168,0.0747657,0,0,0,0,0,0,0
65072,65089,65080,22.2,-105.16,39.7496,37.57,-58.8315,547.328,2.72996,0.908734,64.7097,0.213626,0.000463143,0.447884,0.3839,0.298589,0.426556,0.426556,0.405228,0.213278,0.0853112,0.0213278,0.0213278,0,0,0,0,0
65091,65107,65099,22.1,-105.161,39.7481,38.1885,-58.7546,544.984,2.61852,0.786758,50.9806,0.194395,0.000376238,0.464575,0.485693,0.380107,0.295639,0.274522,0.295639,0.380107,0.0422341,0,0,0,0,0,0,0
65109,65124,65116,22,-105.163,39.7467,38.665,-58.324,544.136,3.11522,1.13477,84.1826,0.222555,0.000624649,0.297977,0.568866,0.433421,0.379244,0.514688,0.352155,0.379244,0.135444,0.0270888,0.0270888,0,0,0,0,0
