api/src/app/data/B2SAP/Locations/Boulder/NOAA-POPS-B2SAP_GMLBalloon_20190607_R0.ict
61,1001
Thornberry, T. D.
NOAA Chemical Sciences Laboratory
Portable Optical Particle Spectrometer (POPS)
Balloon Baseline Stratospheric Aerosol Profiles (B2SAP)
1,1
2019,06,07,2024,05,30
0
TIME_START,s,Seconds since midnight UTC on flight start day,Start time of 100 m altitude bin in UTC_seconds_since_midnight
28
1.0,1.0,1.0,1.0,1.0,1.0,1.0,1.0,1.0,1.0,1.0,1.0,1.0,1.0,1.0,1.0,1.0,1.0,1.0,1.0,1.0,1.0,1.0,1.0,1.0,1.0,1.0,1.0
99999,99999,99999,99999,99999,99999,99999,99999,99999,99999,99999,99999,99999,99999,99999,99999,99999,99999,99999,99999,99999,99999,99999,99999,99999,99999,99999,99999
TIME_STOP,s,End time of 100 m altitude bin in UTC seconds since midnight,
TIME_MID,s,Mid time of 100 m altitude in UTC seconds since midnight,
GPSAlt,m,GPS reported altitude above sea level (m),
GPS_Lon,deg,GPS reported longitude,
GPS_Lat,deg,GPS reported latitude,
iMet_Pressure,mb,Pressure reported (mB),
iMet_Temperature,degrees C,Ambient temperature (oC),
THETA,K,Potential temperature from iMet,
Aerosol_concentration,cm^-3,Aerosol concentration,
Surface_Area_Conc,um^2 cm^-3,Surface area concentration,
Volume_density,um^3 cm^-3,Volume density,
Effective_radius,um,Effective radius,
Extinction,km^-1,Extinction,
Bin01,cm^-3,particle concentration in size range [140 - 170 nm],
Bin02,cm^-3,particle concentration in size range [170 - 205 nm],
Bin03,cm^-3,particle concentration in size range [205 - 249 nm],
Bin04,cm^-3,particle concentration in size range [249 - 302 nm],
Bin05,cm^-3,particle concentration in size range [302 - 366 nm],
Bin06,cm^-3,particle concentration in size range [366 - 443 nm],
Bin07,cm^-3,particle concentration in size range [443 - 537 nm],
Bin08,cm^-3,particle concentration in size range [537 - 651 nm],
Bin09,cm^-3,particle concentration in size range [651 - 789 nm],
Bin10,cm^-3,particle concentration in size range [789 - 956 nm],
Bin11,cm^-3,particle concentration in size range [956 - 1159 nm],
Bin12,cm^-3,particle concentration in size range [1159 - 1404 nm],
Bin13,cm^-3,particle concentration in size range [1404 - 1702 nm],
Bin14,cm^-3,particle concentration in size range [1702 - 2062 nm],
Bin15,cm^-3,particle concentration in size range [2062 - 2500 nm],
0
19
PI_CONTACT_INFO: 325 Broadway R/CSL6, Boulder, CO 80305; troy.thornberry@noaa.gov; 303-497-3373 
PLATFORM: GML ECC/FPH balloon
LOCATION: Boulder, CO, USA
ASSOCIATED_DATA: N/A
INSTRUMENT_INFO: Printed Optical Particle Spectrometer counts particles from 140 - 2500 nm in diameter 
DATA_INFO: Particle concentrations reported in number per cubic centimeter, binned to 100 m altitude
UNCERTAINTY: Counting uncertainty dominated by air flow, less than 5 percent
ULOD_FLAG: -77777
ULOD_VALUE: 3000 ~3000 per cm3 (varies depending on flow rate- manufacturer quotes 1250  per cm3 at 1.667 cc/s)
LLOD_FLAG: -88888
LLOD_VALUE: 0 0 (varies depending on data field and measurement precision)
DM_CONTACT_INFO: Troy Thornberry, 325 Broadway R/CSL6, Boulder, CO 80305; troy.thornberry@noaa.gov; 303-497-3373
PROJECT_INFO: B2SAP Boulder, CO, USA
STIPULATIONS_ON_USE: Please contact the PIs for questions regarding applications and uncertainties
OTHER_COMMENTS: POPS bin Edges (nm):  140, 170, 205, 249, 302, 366, 443, 537, 651, 789, 956, 1159, 1404, 1702, 2062, 2500
Calculations assume sulfate refractive index of 1.45+0.00j and extinction wavelength = 532 nm
REVISION: R0
R0: QA/QC data
TIME_START,TIME_STOP,TIME_MID,GPSAlt,GPS_Lon,GPS_Lat,iMet_Pressure,iMet_Temperature,THETA,Aerosol_concentration,Surface_Area_Conc,Volume_density,Effective_radius,Extinction,Bin01,Bin02,Bin03,Bin04,Bin05,Bin06,Bin07,Bin08,Bin09,Bin10,Bin11,Bin12,Bin13,Bin14,Bin15
[from data line 388]
64786,64812,64799,15.1,-104.947,40.3078,125.298,-60.2584,385.377,10.0734,1.79638,98.2767,0.164125,0.000581763,3.43631,2.56338,1.49646,1.16391,0.651236,0.374114,0.221697,0.138561,0,0.0277122,0,0,0,0,0
64813,64837,64825,15,-104.944,40.3095,127.301,-60.0159,384.078,10.0286,1.95132,121.211,0.186352,0.000705326,3.2173,2.57384,1.56942,1.12998,0.706237,0.329577,0.298189,0.109859,0.0627766,0.0156942,0.0156942,0,0,0,0
64838,64864,64851,14.9,-104.94,40.311,129.436,-60.0026,382.28,9.721,1.90079,124.069,0.195816,0.00067894,3.39035,2.34024,1.63517,0.930096,0.510052,0.360037,0.345035,0.165017,0.0150015,0,0.0150015,0.0150015,0,0,0
64865,64891,64878,14.8,-104.936,40.313,131.581,-59.9127,380.644,10.8018,2.17898,157.541,0.2169,0.000811631,3.75943,2.71368,1.68116,1.15166,0.542735,0.450073,0.264749,0.119137,0.0264749,0.0529498,0.0132374,0.0132374,0.0132374,0,0
64892,64918,64905,14.7,-104.932,40.3155,133.698,-59.6608,379.365,11.6432,2.30446,154.467,0.201088,0.000874286,3.92403,3.02179,2.00498,0.973846,0.644457,0.486923,0.329389,0.128891,0.057285,0.0429638,0.0286425,0,0,0,0
64919,64948,64934,14.6,-104.928,40.3185,135.827,-59.3071,378.286,11.5502,2.32721,162.891,0.209982,0.000901515,3.99721,2.7956,1.99861,1.17709,0.576285,0.404626,0.306535,0.147137,0.0613069,0.0490456,0.0367842,0,0,0,0
64949,64980,64964,14.5,-104.924,40.3222,138.137,-58.8993,377.175,12.81,2.32127,125.255,0.161879,0.000752718,4.00671,3.39998,2.07204,1.46531,0.824237,0.492253,0.400671,0.0801342,0.0572387,0.0114477,0,0,0,0,0
64981,65011,64996,14.4,-104.919,40.3261,140.432,-58.2425,376.559,13.0507,2.33812,127.553,0.163661,0.00078586,4.61906,3.10381,2.05291,1.51525,0.733184,0.46435,0.293274,0.195516,0.0733184,0,0,0,0,0,0
65012,65042,65027,14.3,-104.916,40.3293,142.585,-57.8773,375.569,13.7286,2.54106,161.198,0.190312,0.000960251,5.08423,3.5601,2.18383,1.23978,0.557332,0.409468,0.398094,0.159238,0.0454965,0.0796188,0.0113741,0,0,0,0
65043,65072,65058,14.2,-104.912,40.3326,144.944,-57.3188,374.774,14.1488,2.69864,169.043,0.187921,0.000976002,4.84289,3.59486,2.26544,1.50577,0.759669,0.420531,0.420531,0.244179,0.0542621,0.0135655,0.027131,0,0,0,0
65073,65101,65087,14.1,-104.909,40.3354,147.11,-56.7468,374.177,14.857,2.77865,166.43,0.179688,0.0010092,5.34608,3.65336,2.37468,1.3761,0.755027,0.572359,0.487114,0.182668,0.0730671,0.0243557,0.0121779,0,0,0,0
65102,65130,65116,14,-104.905,40.3381,149.538,-56.0171,373.693,14.5034,2.56821,157.208,0.18364,0.000819724,5.43714,3.72084,2.17486,1.42807,0.641976,0.471656,0.393046,0.196523,0,0,0.0393046,0,0,0,0
65131,65157,65144,13.9,-104.901,40.3405,151.856,-56.4538,371.309,12.2974,2.534,170.983,0.202426,0.00103253,4.14812,2.87429,2.17205,1.2575,0.604254,0.571591,0.326624,0.179643,0.0653247,0.0816559,0.0163312,0,0,0,0
65158,65184,65171,13.8,-104.897,40.343,154.196,-57.0244,368.706,13.0491,2.369,152.657,0.193319,0.000785694,4.84055,3.41502,1.94249,1.11223,0.75193,0.516952,0.234978,0.156652,0.0156652,0.0313304,0.0156652,0,0.0156652,0,0
65185,65211,65198,13.7,-104.892,40.3456,156.693,-56.718,367.543,13.4791,2.23706,116.616,0.156388,0.00067541,4.83865,3.31479,2.52929,1.22537,0.785495,0.298488,0.282778,0.157099,0.0314198,0.0157099,0,0,0,0,0
65212,65239,65226,13.6,-104.889,40.3478,159.186,-56.1548,366.846,13.8845,2.4706,139.444,0.169324,0.000795632,4.62335,3.6523,2.44936,1.30439,0.826116,0.434798,0.362332,0.173919,0.0434798,0,0.0144933,0,0,0,0
65240,65265,65252,13.5,-104.885,40.3502,161.753,-56.052,365.339,12.2024,2.38888,164.271,0.206294,0.000863219,4.21849,3.17168,1.99988,1.06243,0.718705,0.390601,0.437473,0.0937442,0.0312481,0.0312481,0.0468721,0,0,0,0
65266,65294,65280,13.4,-104.881,40.3528,164.33,-56.0015,363.777,10.7052,2.45066,170.396,0.208591,0.00105235,3.48171,2.42709,1.51693,1.1991,0.606772,0.548984,0.592325,0.231151,0.0577878,0.0144469,0.0144469,0.0144469,0,0,0
65295,65323,65309,13.3,-104.878,40.3553,166.941,-55.8069,362.471,10.8681,2.35336,146.018,0.186139,0.000927555,3.19336,2.57615,1.82478,0.966058,0.925805,0.617203,0.469611,0.254932,0.0268349,0,0.0134175,0,0,0,0
65325,65353,65339,13.2,-104.874,40.358,169.667,-55.9944,360.49,13.0763,3.33128,248.377,0.223677,0.00153736,3.74643,2.90746,1.99617,1.34524,0.969153,0.896828,0.766643,0.274834,0.0433949,0.0867898,0.0433949,0,0,0,0
65354,65384,65369,13.1,-104.871,40.3607,172.409,-56.5062,357.987,14.3853,3.92371,275.942,0.210981,0.00200099,4.12164,2.62654,2.23592,1.60286,0.902452,1.05062,1.06408,0.633063,0.0673471,0.0808166,0,0,0,0,0
65385,65415,65400,13,-104.867,40.3632,175.096,-56.79,355.946,16.7242,4.5803,343.241,0.224816,0.0023015,5.00188,3.32528,2.30534,1.7325,1.13171,1.22951,1.15965,0.572842,0.153689,0.0698587,0.0279435,0.0139717,0,0,0
65416,65444,65430,12.9,-104.862,40.3653,177.892,-56.3519,355.06,17.7779,4.78018,341.549,0.214353,0.00240019,5.14546,3.43994,2.61609,1.85005,1.47426,1.09847,1.28637,0.607049,0.158989,0.0867213,0.0144535,0,0,0,0
65445,65473,65459,12.8,-104.857,40.3675,180.818,-57.1954,352.03,19.0116,5.00465,359.012,0.215207,0.00244699,5.66422,3.67333,3.01437,1.99089,1.27585,0.953384,1.5142,0.757099,0.0981424,0.0280407,0.042061,0,0,0,0
65474,65500,65487,12.7,-104.852,40.3699,183.665,-55.8692,352.611,18.5202,4.64409,309.478,0.199917,0.00222723,5.64566,3.59948,2.91244,1.68772,1.53837,1.01562,1.25459,0.731845,0.0896136,0.0448068,0,0,0,0,0
65502,65532,65517,12.6,-104.847,40.3727,186.701,-56.2662,350.327,19.042,5.04711,367.846,0.218647,0.00243413,5.60216,3.85148,2.81455,1.79107,1.49481,1.33321,1.31974,0.579069,0.175067,0.0269335,0.0538669,0,0,0,0
65533,65565,65549,12.5,-104.842,40.3757,189.665,-56.0723,349.069,18.6564,4.63085,309.971,0.200808,0.00216865,5.68937,3.86669,2.59081,1.80966,1.5623,1.18474,1.1587,0.6119,0.15623,0.0130191,0.0130191,0,0,0,0
65566,65604,65585,12.4,-104.837,40.3793,192.745,-57.5873,345.035,17.2758,4.35611,297.523,0.204901,0.00196925,4.74494,3.78809,2.46422,1.80885,1.46805,1.24522,1.14036,0.498088,0.0655379,0.0262152,0.0131076,0,0.0131076,0,0
65605,65646,65626,12.3,-104.832,40.3838,195.915,-58.043,342.704,21.2358,5.36112,366.595,0.205141,0.0024265,5.40971,4.69902,3.42615,2.38664,1.78202,1.34712,1.51684,0.46672,0.106073,0.0636437,0.0212146,0.0106073,0,0,0
65647,65684,65666,12.2,-104.827,40.388,198.868,-57.9146,341.45,23.0146,6.12646,420.049,0.205689,0.00280705,5.76824,4.7407,3.16436,2.744,2.1485,1.91496,1.72814,0.630537,0.128443,0,0.0350298,0.0116766,0,0,0
65685,65722,65704,12.1,-104.822,40.3917,202.087,-58.0053,339.748,25.4899,6.36462,417.035,0.196572,0.00274794,6.35993,5.26858,4.21486,2.89772,2.35832,1.9569,1.69347,0.639756,0.0376327,0.0250885,0.0376327,0,0,0,0
65723,65758,65740,12,-104.817,40.3955,205.42,-57.6042,338.784,23.1795,5.69136,382.959,0.201864,0.002495,5.90421,5.21903,3.7612,2.68241,1.93891,1.57446,1.38494,0.481084,0.160361,0.0437349,0,0.0145783,0.0145783,0,0
65759,65793,65776,11.9,-104.813,40.3991,208.672,-57.2093,337.887,20.1135,4.1788,249.373,0.179027,0.00161569,5.98903,4.77322,3.52738,1.86125,1.68113,0.930627,0.990667,0.240162,0.0600404,0.0600404,0,0,0,0,0
65794,65827,65810,11.8,-104.81,40.4028,211.963,-56.5828,337.36,18.8077,4.24898,283.747,0.20034,0.00171437,5.50367,3.76714,3.58509,2.14265,1.35841,1.12034,0.896272,0.280085,0.056017,0.056017,0.0420127,0,0,0,0
65828,65861,65844,11.7,-104.807,40.4067,215.323,-56.0913,336.613,18.7402,4.07594,247.257,0.181988,0.00165915,5.53655,4.26104,2.98553,2.10249,1.48576,0.953128,0.883045,0.434514,0.070083,0.0280332,0,0,0,0,0
65862,65895,65878,11.6,-104.804,40.411,218.826,-55.3027,336.271,15.2673,3.39736,228.633,0.201892,0.00136221,4.64775,3.44528,2.54005,1.59429,1.06736,0.851186,0.770121,0.243196,0.0405327,0.0270218,0.0270218,0.0135109,0,0,0
65896,65929,65912,11.5,-104.801,40.4148,222.225,-54.4784,336.064,13.2161,2.62238,150.052,0.17166,0.00097187,4.12744,3.30751,2.09846,1.34802,0.833826,0.778237,0.416913,0.236251,0.0694855,0,0,0,0,0,0
65930,65964,65947,11.4,-104.798,40.4188,225.714,-53.6353,335.865,14.853,3.23848,224.779,0.208227,0.00123985,4.28368,3.38572,2.39945,1.73702,1.19236,1.03044,0.54466,0.191367,0.0736027,0,0,0,0,0.0147205,0
65966,66001,65984,11.3,-104.794,40.4227,229.289,-52.8418,335.572,10.8956,2.40868,162.188,0.202004,0.000979615,3.51686,2.30918,1.73852,1.1944,0.822812,0.491033,0.57066,0.159254,0.0398135,0.0265423,0.0265423,0,0,0,0
66002,66034,66018,11.2,-104.79,40.4264,233.005,-52.1328,335.099,7.72205,1.69308,114.668,0.203183,0.000694316,2.38185,1.71433,1.44125,0.758551,0.561328,0.28825,0.348934,0.166881,0.015171,0.0303421,0,0.015171,0,0,0
66036,66070,66053,11.1,-104.786,40.4299,236.636,-51.2215,335.001,12.5401,2.85228,195.767,0.205906,0.00122682,3.80564,3.17136,1.90282,1.09676,0.911767,0.541775,0.753199,0.251066,0.039642,0.039642,0.013214,0.013214,0,0,0
66071,66106,66088,11,-104.782,40.4333,240.286,-50.6129,334.457,11.0833,2.58054,181.632,0.211156,0.00109959,3.50267,2.44164,1.6235,1.26556,0.715873,0.562472,0.639173,0.242886,0.0383504,0.0127835,0.0383504,0,0,0,0
66107,66144,66126,10.9,-104.777,40.4369,243.96,-49.8323,334.18,9.52162,2.15643,146.013,0.203131,0.000937785,3.09941,1.99647,1.57763,0.991254,0.642221,0.362994,0.558453,0.195459,0.0558453,0.0279226,0,0.0139613,0,0,0
66145,66185,66165,10.8,-104.771,40.441,247.797,-48.7731,334.264,7.79148,1.82001,136.63,0.225212,0.000756775,2.49372,1.76223,1.34107,0.609575,0.52091,0.476577,0.343579,0.166248,0.0332495,0,0.0332495,0.0110832,0,0,0
66186,66229,66208,10.7,-104.766,40.4453,251.451,-47.7825,334.341,7.36522,1.54215,98.8052,0.192209,0.000622156,2.516,1.68809,1.11822,0.763402,0.430086,0.268803,0.397829,0.139778,0.0215043,0.0107521,0.0107521,0,0,0,0
66230,66273,66252,10.6,-104.76,40.4501,255.426,-47.0033,334.001,5.87935,1.2866,80.415,0.187506,0.00056089,1.9803,1.31336,0.872154,0.554074,0.348862,0.31808,0.277037,0.16417,0.0513032,0,0,0,0,0,0
66274,66319,66296,10.5,-104.753,40.455,259.348,-46.0879,333.893,6.53595,1.36717,84.0008,0.184324,0.000565308,2.19892,1.56052,0.891727,0.699195,0.395197,0.334398,0.243198,0.162132,0.040533,0.0101333,0,0,0,0,0
66320,66367,66344,10.4,-104.747,40.4598,263.247,-45.0611,333.973,6.82608,1.51083,100.384,0.199328,0.000657228,2.40758,1.53126,1.03314,0.498119,0.387426,0.359753,0.387426,0.175264,0.0276733,0.00922443,0,0.00922443,0,0,0
66369,66411,66390,10.3,-104.74,40.4644,267.214,-44.2506,333.734,5.44971,1.31731,102.041,0.232384,0.000572216,1.82442,1.24767,0.741538,0.506129,0.341343,0.317802,0.282491,0.129475,0.0235409,0,0.0353113,0,0,0,0
66413,66452,66432,10.2,-104.734,40.4684,271.16,-43.5677,333.334,4.01636,0.943881,69.2021,0.21995,0.000422342,1.34282,0.85892,0.604873,0.411314,0.266144,0.181462,0.241949,0.0483899,0.0241949,0.0241949,0.0120975,0,0,0,0
66453,66490,66472,10.1,-104.729,40.4718,274.9,-42.6552,333.348,5.08235,1.15822,81.7339,0.211705,0.000565763,1.94027,1.05701,0.76742,0.37647,0.275113,0.173756,0.289593,0.115837,0.0434389,0.0434389,0,0,0,0,0
66491,66527,66509,10,-104.723,40.4762,279.957,-41.5023,333.273,6.54229,1.64123,153.655,0.280867,0.000757428,2.80384,1.31609,0.801096,0.419622,0.476843,0.209811,0.228885,0.114442,0.0762949,0.0190737,0.0572212,0.0190737,0,0,0
66528,66561,66544,9.9,-104.72,40.4793,283.531,-41.0324,332.743,7.36546,1.75542,135.627,0.231787,0.000857397,3.11665,1.47564,0.826866,0.50884,0.305304,0.483398,0.267141,0.267141,0.050884,0.038163,0.025442,0,0,0,0
66562,66597,66580,9.8,-104.715,40.483,287.641,-39.8153,333.119,7.38592,1.72955,127.461,0.221088,0.000846501,2.91035,1.553,0.978268,0.525819,0.354622,0.342394,0.403535,0.195654,0.0611417,0.0489134,0.0122283,0,0,0,0
66598,66633,66616,9.7,-104.711,40.487,292.046,-39.0236,332.796,9.97973,2.26215,160.387,0.212701,0.0010948,4.15718,2.2038,0.964165,0.738776,0.525908,0.400692,0.500865,0.375649,0.0626081,0.0375649,0.0125216,0,0,0,0
66634,66671,66652,9.6,-104.707,40.4912,296.406,-38.0842,332.717,11.265,2.56666,205.945,0.240715,0.0011815,4.99969,2.34321,1.24053,0.67665,0.563875,0.501222,0.4511,0.300733,0.112775,0.0125306,0.0501222,0,0.0125306,0,0
66672,66710,66691,9.5,-104.703,40.4953,300.652,-37.2969,332.482,12.1961,2.72718,219.081,0.240997,0.00118917,4.8656,2.88855,1.59191,0.860145,0.539195,0.526357,0.462167,0.295274,0.0641899,0.0385139,0.012838,0.025676,0.025676,0,0
66713,66748,66730,9.4,-104.698,40.499,305.156,-36.7703,331.815,12.9392,2.66983,177.141,0.199048,0.00116591,5.64808,2.83687,1.4762,0.6675,0.577644,0.641827,0.6675,0.33375,0.0641827,0.0128365,0,0,0.0128365,0,0
66752,66791,66772,9.3,-104.693,40.5029,309.729,-36.0591,331.396,8.45698,1.84408,126.696,0.206113,0.000840022,3.46233,1.75456,1.04104,0.631642,0.47958,0.327518,0.444489,0.222244,0.0584854,0.0233941,0.0116971,0,0,0,0
66792,66832,66812,9.2,-104.688,40.5065,314.12,-35.2233,331.228,5.92904,1.44139,118.029,0.245656,0.000684401,2.32154,1.30871,0.716947,0.523485,0.216222,0.273123,0.307263,0.170702,0.0227602,0.0341403,0.0227602,0.0113801,0,0,0
66833,66875,66854,9.1,-104.683,40.5103,318.752,-34.3542,331.053,5.39753,1.31515,89.0811,0.203204,0.000639487,1.86714,1.2233,0.525803,0.525803,0.332651,0.32192,0.354112,0.203883,0.0214614,0.0214614,0,0,0,0,0
66876,66918,66897,9,-104.677,40.5143,323.332,-33.4992,330.89,5.57684,1.64134,137.61,0.25152,0.000842831,1.69395,1.07797,0.802977,0.483986,0.417988,0.35199,0.450987,0.197994,0.0329991,0.0329991,0.0219994,0,0.0109997,0,0
66920,66958,66939,8.9,-104.672,40.5182,327.851,-32.6514,330.746,5.68451,1.70673,146.531,0.257564,0.00090813,1.89484,1.0283,0.670126,0.566141,0.404386,0.358171,0.439048,0.173308,0.0693233,0.0462156,0.0115539,0.0231078,0,0,0
66960,66999,66980,8.8,-104.667,40.522,332.468,-31.6962,330.729,5.86583,1.59624,114.52,0.215231,0.000838824,1.90892,1.26419,0.67002,0.379256,0.379256,0.480391,0.493033,0.214912,0.0379256,0.0379256,0,0,0,0,0
67000,67038,67019,8.7,-104.663,40.5261,337.231,-30.8227,330.582,6.6054,1.68006,116.984,0.208893,0.000776414,1.92046,1.28438,1.00304,0.819558,0.452592,0.379199,0.489289,0.207948,0.0244644,0.0122322,0,0.0122322,0,0,0
67039,67077,67058,8.6,-104.659,40.53,342.027,-29.8144,330.625,5.98949,1.56645,117.499,0.22503,0.000740684,2.00898,1.12303,0.773643,0.536559,0.474168,0.411778,0.424256,0.174694,0.0249562,0.0124781,0.0249562,0,0,0,0
67078,67113,67096,8.5,-104.655,40.5337,346.951,-28.908,330.507,5.24047,1.30826,85.9993,0.197206,0.000629768,1.8488,0.944349,0.625133,0.465524,0.332517,0.37242,0.492126,0.106406,0.0532028,0,0,0,0,0,0
67114,67151,67132,8.4,-104.651,40.5372,351.978,-28.0394,330.311,6.25773,1.65976,127.747,0.230901,0.000843586,2.24266,1.22984,0.771666,0.506406,0.361719,0.409948,0.385833,0.229088,0.0964583,0,0.0241146,0,0,0,0
67152,67189,67170,8.3,-104.646,40.5409,356.812,-27.0549,330.351,6.79859,1.75474,128.717,0.220062,0.000844724,2.30788,1.31879,0.898142,0.534338,0.557075,0.397911,0.477493,0.227378,0.0568444,0,0.0227378,0,0,0,0
67190,67225,67208,8.2,-104.642,40.5443,361.566,-26.2159,330.229,6.73314,1.51081,97.6731,0.193949,0.000668573,2.35165,1.47287,0.866397,0.519838,0.569346,0.445575,0.259919,0.185656,0.0371313,0.0247542,0,0,0,0,0
67229,67264,67246,8.1,-104.637,40.5482,367.382,-25.206,330.074,7.20706,1.60908,108.079,0.201505,0.000695638,2.66006,1.44141,0.982782,0.615876,0.537254,0.327594,0.432424,0.157245,0.0262075,0.0131038,0.0131038,0,0,0,0
67265,67293,67279,8,-104.634,40.5508,371.412,-24.6552,329.776,13.4474,3.12838,200.506,0.192278,0.00131535,3.73015,2.98682,2.00022,1.74344,0.986597,0.864962,0.797386,0.229755,0.0810901,0.013515,0.013515,0,0,0,0
67295,67337,67316,7.9,-104.63,40.5545,377.788,-23.6955,329.439,17.5309,4.42477,332.441,0.225395,0.00189687,4.75446,3.26747,2.79789,2.28919,1.50656,1.46743,0.958719,0.391314,0.0586971,0,0.0195657,0,0,0.0195657,0
67338,67373,67356,7.8,-104.626,40.5567,382.196,-23.8619,328.132,17.1755,4.3774,286.084,0.196064,0.00186412,4.40285,3.16773,2.47025,2.22322,1.7873,1.52574,1.16247,0.392334,0,0.0145309,0.0290617,0,0,0,0
67374,67411,67392,7.7,-104.621,40.5596,387.645,-22.6139,328.445,15.3431,3.90844,316.425,0.242878,0.00166088,4.22108,2.87422,2.26327,1.84672,1.61067,1.34686,0.888647,0.194392,0.0277702,0.0416553,0.0138851,0,0,0,0.0138851
