api/src/app/data/B2SAP/Locations/Boulder/NOAA-POPS-B2SAP_GMLBalloon_20220224_R0.ict
61,1001
Thornberry, T. D.
NOAA Chemical Sciences Laboratory
Portable Optical Particle Spectrometer (POPS)
Balloon Baseline Stratospheric Aerosol Profiles (B2SAP)
1,1
2022,02,24,2024,05,30
0
TIME_START,s,Seconds since midnight UTC on flight start day,Start time of 100 m altitude bin in UTC_seconds_since_midnight
28
1.0,1.0,1.0,1.0,1.0,1.0,1.0,1.0,1.0,1.0,1.0,1.0,1.0,1.0,1.0,1.0,1.0,1.0,1.0,1.0,1.0,1.0,1.0,1.0,1.0,1.0,1.0,1.0
99999,99999,99999,99999,99999,99999,99999,99999,99999,99999,99999,99999,99999,99999,99999,99999,99999,99999,99999,99999,99999,99999,99999,99999,99999,99999,99999,99999
TIME_STOP,s,End time of 100 m altitude bin in UTC seconds since midnight,
TIME_MID,s,Mid time of 100 m altitude in UTC seconds since midnight,
GPSAlt,m,GPS reported altitude above sea level (m),
GPS_Lon,deg,GPS reported longitude,
GPS_Lat,deg,GPS reported latitude,
iMet_Pressure,mb,Pressure reported (mB),
iMet_Temperature,degrees C,Ambient temperature (oC),
THETA,K,Potential temperature from iMet,
Aerosol_concentration,cm^-3,Aerosol concentration,
Surface_Area_Conc,um^2 cm^-3,Surface area concentration,
Volume_density,um^3 cm^-3,Volume density,
Effective_radius,um,Effective radius,
Extinction,km^-1,Extinction,
Bin01,cm^-3,particle concentration in size range [140 - 170 nm],
Bin02,cm^-3,particle concentration in size range [170 - 205 nm],
Bin03,cm^-3,particle concentration in size range [205 - 249 nm],
Bin04,cm^-3,particle concentration in size range [249 - 302 nm],
Bin05,cm^-3,particle concentration in size range [302 - 366 nm],
Bin06,cm^-3,particle concentration in size range [366 - 443 nm],
Bin07,cm^-3,particle concentration in size range [443 - 537 nm],
Bin08,cm^-3,particle concentration in size range [537 - 651 nm],
Bin09,cm^-3,particle concentration in size range [651 - 789 nm],
Bin10,cm^-3,particle concentration in size range [789 - 956 nm],
Bin11,cm^-3,particle concentration in size range [956 - 1159 nm],
Bin12,cm^-3,particle concentration in size range [1159 - 1404 nm],
Bin13,cm^-3,particle concentration in size range [1404 - 1702 nm],
Bin14,cm^-3,particle concentration in size range [1702 - 2062 nm],
Bin15,cm^-3,particle concentration in size range [2062 - 2500 nm],
0
19
PI_CONTACT_INFO: 325 Broadway R/CSL6, Boulder, CO 80305; troy.thornberry@noaa.gov; 303-497-3373 
PLATFORM: GML ECC/FPH balloon
LOCATION: Boulder, CO, USA
ASSOCIATED_DATA: N/A
INSTRUMENT_INFO: Printed Optical Particle Spectrometer counts particles from 140 - 2500 nm in diameter 
DATA_INFO: Particle concentrations reported in number per cubic centimeter, binned to 100 m altitude
UNCERTAINTY: Counting uncertainty dominated by air flow, less than 5 percent
ULOD_FLAG: -77777
ULOD_VALUE: 3000 ~3000 per cm3 (varies depending on flow rate- manufacturer quotes 1250  per cm3 at 1.667 cc/s)
LLOD_FLAG: -88888
LLOD_VALUE: 0 0 (varies depending on data field and measurement precision)
DM_CONTACT_INFO: Troy Thornberry, 325 Broadway R/CSL6, Boulder, CO 80305; troy.thornberry@noaa.gov; 303-497-3373
PROJECT_INFO: B2SAP Boulder, CO, USA
STIPULATIONS_ON_USE: Please contact the PIs for questions regarding applications and uncertainties
OTHER_COMMENTS: POPS bin Edges (nm):  140, 170, 205, 249, 302, 366, 443, 537, 651, 789, 956, 1159, 1404, 1702, 2062, 2500
Calculations assume sulfate refractive index of 1.45+0.00j and extinction wavelength = 532 nm
REVISION: R0
R0: QA/QC data
TIME_START,TIME_STOP,TIME_MID,GPSAlt,GPS_Lon,GPS_Lat,iMet_Pressure,iMet_Temperature,THETA,Aerosol_concentration,Surface_Area_Conc,Volume_density,Effective_radius,Extinction,Bin01,Bin02,Bin03,Bin04,Bin05,Bin06,Bin07,Bin08,Bin09,Bin10,Bin11,Bin12,Bin13,Bin14,Bin15
[from data line 231]
68107,68107,68107,23.1,-104.114,40.0653,31.88,-58.8,573.703,1.3443,0.306971,16.7036,0.163243,0.000100736,0.336074,0.336074,0,0.336074,0,0.336074,0,0,0,0,0,0,0,0,0
68112,68112,68112,23,-104.113,40.0653,32.62,-58.52,570.714,1.67818,0.257306,11.1486,0.129984,5.09045e-05,1.00691,0,0,0.335636,0.335636,0,0,0,0,0,0,0,0,0,0
68118,68118,68118,22.8,-104.113,40.0652,33.67,-58.78,564.882,2.68834,0.552974,27.0878,0.146957,0.000148003,1.00813,0.336043,0,0,1.34417,0,0,0,0,0,0,0,0,0,0
68124,68124,68124,22.7,-104.112,40.0651,34.71,-58.58,560.511,1.31016,0.259992,14.0589,0.162222,8.74138e-05,0.327541,0.655082,0,0,0,0.327541,0,0,0,0,0,0,0,0,0
68127,68127,68127,22.5,-104.112,40.065,35.23,-58.66,557.937,2.29364,0.555515,41.2093,0.222546,0.000327378,0.655326,0.98299,0.327663,0,0,0,0,0.327663,0,0,0,0,0,0,0
68129,68129,68129,22.4,-104.112,40.0648,35.63,-58.22,557.262,2.61594,0.72535,50.6516,0.209492,0.000380035,0.653985,0.653985,0,0.653985,0.326992,0,0,0.326992,0,0,0,0,0,0,0
68131,68131,68131,22.3,-104.111,40.0646,36.07,-57.78,556.457,2.6106,0.470512,22.2853,0.142092,0.000113718,0.652649,0.326324,0.978973,0.326324,0,0.326324,0,0,0,0,0,0,0,0,0
68136,68136,68136,22.2,-104.111,40.0643,37.1,-56.82,554.452,2.78789,0.691174,39.3022,0.170589,0.000255335,0.619532,0.309766,0,1.23906,0.309766,0,0.309766,0,0,0,0,0,0,0,0
68143,68143,68143,22,-104.11,40.0637,38.52,-57.52,546.759,3.91117,1.11383,75.7711,0.204083,0.000569999,0.651862,0.325931,1.62965,0.325931,0.325931,0,0.325931,0.325931,0,0,0,0,0,0,0
68145,68145,68145,21.8,-104.109,40.0636,38.99,-57.51,544.901,1.62958,0.221709,9.06617,0.122676,3.99568e-05,0.651832,0.651832,0,0,0.325916,0,0,0,0,0,0,0,0,0,0
68150,68150,68150,21.7,-104.108,40.0635,40.06,-58.01,539.441,3.26673,0.68472,46.4179,0.203373,0.000346552,1.63337,0.653347,0,0.653347,0,0,0,0.326673,0,0,0,0,0,0,0
68153,68154,68154,21.6,-104.108,40.0635,40.835,-58.12,536.235,2.54438,0.425013,18.7273,0.132189,8.81318e-05,0.678502,0.848128,0.169626,0.169626,0.678502,0,0,0,0,0,0,0,0,0,0
68155,68155,68155,21.5,-104.108,40.0635,41.2,-58.25,534.529,1.34086,0.397544,21.6692,0.163523,0.000123784,0,0,0,1.00564,0,0.335214,0,0,0,0,0,0,0,0,0
68159,68159,68159,21.4,-104.108,40.0634,42.16,-58,531.655,2.40387,0.70825,40.9851,0.173604,0.000262297,0.68682,0,0,0.34341,0.68682,0.68682,0,0,0,0,0,0,0,0,0
68162,68163,68162,21.3,-104.107,40.0635,42.925,-58.26,528.279,1.9156,0.306884,14.2255,0.139064,7.36509e-05,0.870727,0.174145,0.522436,0,0.174145,0.174145,0,0,0,0,0,0,0,0,0
68167,68167,68167,21.2,-104.106,40.0635,43.73,-58.18,525.688,2.11645,0.317794,15.8877,0.149981,9.41752e-05,1.41097,0.352742,0,0,0,0.352742,0,0,0,0,0,0,0,0,0
68169,68170,68170,21.1,-104.106,40.0635,44.42,-57.61,524.727,1.40724,0.192277,7.68874,0.119964,3.07758e-05,0.703618,0.175905,0.175905,0.175905,0.175905,0,0,0,0,0,0,0,0,0,0
68173,68175,68174,21,-104.106,40.0634,45.33,-57.74,521.382,3.20289,0.838738,53.2645,0.190517,0.000379235,0.565216,0.753621,0.376811,0.565216,0.565216,0,0.188405,0.188405,0,0,0,0,0,0,0
68178,68178,68178,20.9,-104.105,40.0634,46.4,-58.37,516.393,2.98135,1.40523,106.494,0.227353,0.000859751,0,0,0.372668,1.118,0.372668,0,0.745336,0.372668,0,0,0,0,0,0,0
68181,68181,68181,20.8,-104.105,40.0634,47.05,-57.93,515.406,1.91266,0.205519,6.99635,0.102127,1.92041e-05,1.1476,0.382532,0,0.382532,0,0,0,0,0,0,0,0,0,0,0
68184,68184,68184,20.7,-104.105,40.0635,47.77,-57.27,514.757,2.28818,0.500128,30.6635,0.183934,0.000226464,0.762725,0.381363,0.762725,0,0,0,0.381363,0,0,0,0,0,0,0,0
68190,68190,68190,20.5,-104.105,40.0634,49.21,-56.51,512.198,4.30322,1.46674,97.9999,0.200445,0.00070557,0,0.782404,0.782404,0.782404,0.782404,0.782404,0,0.391202,0,0,0,0,0,0,0
68197,68197,68197,20.3,-104.104,40.0633,50.67,-56.17,508.728,3.90589,0.920064,50.175,0.163603,0.000305947,1.56236,0,0.390589,0.390589,0.781178,0.781178,0,0,0,0,0,0,0,0,0
68200,68200,68200,20.1,-104.103,40.0634,51.58,-56.27,505.925,2.49115,0.893192,58.0588,0.195005,0.000428619,0,0.830384,0,0,0.830384,0.415192,0.415192,0,0,0,0,0,0,0,0
68211,68212,68212,19.9,-104.102,40.0632,54.32,-56.86,497.149,5.09386,1.16449,63.8487,0.16449,0.000400188,1.17551,0.587753,0.78367,1.37142,0.587753,0.195918,0.391835,0,0,0,0,0,0,0,0
68214,68214,68214,19.6,-104.101,40.063,54.65,-56.9,496.177,4.94923,0.754406,30.1785,0.120009,0.000111515,1.14213,1.14213,1.14213,1.14213,0.38071,0,0,0,0,0,0,0,0,0,0
68228,68228,68228,19.4,-104.099,40.0628,58.22,-58.09,484.618,5.68425,2.59537,197.793,0.228629,0.0015944,0.406018,0.812036,0.406018,0.406018,1.21805,0.812036,0.812036,0.812036,0,0,0,0,0,0,0
68232,68232,68232,19.3,-104.098,40.0629,59.73,-58.31,480.586,6.13134,1.18415,60.1351,0.15235,0.000345574,2.29925,1.53284,0,0.383209,1.14963,0.766418,0,0,0,0,0,0,0,0,0
68235,68235,68235,19.2,-104.097,40.063,59.99,-58.35,479.902,4.98264,1.15462,62.5289,0.162466,0.000388652,0.76656,0.76656,1.14984,0.76656,1.14984,0,0.38328,0,0,0,0,0,0,0,0
68239,68242,68240,19.1,-104.096,40.0631,61.435,-58.435,476.467,4.53639,1.40959,92.1632,0.196149,0.000675943,0.378033,0.945082,0.567049,0.945082,0.756066,0.189016,0.567049,0.189016,0,0,0,0,0,0,0
68243,68247,68245,19,-104.095,40.0632,62.535,-58.24,474.486,5.02798,1.00764,52.9274,0.157579,0.000322362,1.30355,1.67599,0.372443,0.186221,0.931107,0.372443,0.186221,0,0,0,0,0,0,0,0
68249,68251,68250,18.9,-104.094,40.0632,63.72,-58.095,472.264,3.67098,0.679555,33.8642,0.149499,0.000194333,1.10129,0.550647,0.917745,0.367098,0.550647,0,0.183549,0,0,0,0,0,0,0,0
68253,68255,68254,18.8,-104.093,40.0632,64.75,-58.4,469.435,5.10261,1.23915,73.5268,0.178009,0.000489207,0.755943,1.13391,0.944928,1.13391,0.377971,0.377971,0.188986,0.188986,0,0,0,0,0,0,0
68258,68258,68258,18.7,-104.092,40.0634,65.79,-58.26,467.615,2.97982,0.734056,39.2286,0.160322,0.000228559,0,0.372477,1.48991,0.372477,0,0.744955,0,0,0,0,0,0,0,0,0
68260,68260,68260,18.6,-104.092,40.0635,66.35,-58.15,466.727,6.70116,1.4913,80.4519,0.161843,0.00049111,0.744574,1.48915,1.86143,1.48915,0,0.744574,0.372287,0,0,0,0,0,0,0,0
68265,68265,68265,18.5,-104.091,40.0637,67.63,-57.48,465.62,5.7776,0.919749,40.2874,0.131408,0.000185631,1.8055,0.722199,2.1666,0.3611,0.3611,0.3611,0,0,0,0,0,0,0,0,0
68270,68270,68270,18.4,-104.09,40.0639,69.06,-56.8,464.315,6.47937,1.92333,129.199,0.201523,0.000970151,1.43986,0.71993,1.43986,0.71993,0.71993,0.359965,0.71993,0.359965,0,0,0,0,0,0,0
68271,68274,68272,18.3,-104.09,40.0641,69.575,-56.61,463.731,4.61306,0.787826,35.5549,0.135391,0.000168001,1.06455,1.06455,1.06455,0.887127,0.177425,0.354851,0,0,0,0,0,0,0,0,0
68280,68283,68282,18.1,-104.088,40.0648,72.37,-55.41,461.087,5.40851,1.25098,93.6541,0.224594,0.000655559,1.26582,1.72612,0.805523,1.15075,0.115075,0,0,0,0.345224,0,0,0,0,0,0
68292,68292,68292,17.9,-104.086,40.0655,75.18,-58.48,449.667,6.71146,1.58049,91.4949,0.17367,0.000618259,1.76617,0.70647,1.76617,0.70647,0.70647,0.353235,0.70647,0,0,0,0,0,0,0,0
68295,68295,68295,17.8,-104.085,40.0657,76.05,-58.25,448.656,7.90761,1.55818,78.3076,0.150768,0.000437097,2.40666,1.71905,0.687619,1.03143,1.03143,1.03143,0,0,0,0,0,0,0,0,0
68296,68300,68298,17.7,-104.084,40.0661,76.99,-58.12,447.363,6.39764,1.94004,175.697,0.271691,0.000842805,1.38327,1.29682,1.03745,1.03745,0.518727,0.345818,0.605182,0.0864546,0,0,0,0.0864546,0,0,0
68308,68308,68308,17.5,-104.082,40.0671,79.86,-56.91,445.195,8.32842,1.94694,112.238,0.172945,0.000719397,1.99882,0.99941,1.66568,1.33255,1.33255,0.666274,0,0.333137,0,0,0,0,0,0,0
68314,68314,68314,17.3,-104.081,40.0679,81.67,-56.41,443.387,6.2975,1.26217,62.0754,0.147544,0.000330185,1.74931,0.699723,1.04958,1.39945,0.699723,0.699723,0,0,0,0,0,0,0,0,0
68323,68326,68324,17.1,-104.079,40.069,84.785,-56.095,439.306,8.25655,1.86321,112.754,0.181548,0.000733437,1.61893,2.10461,1.45704,1.13325,1.13325,0.323786,0.323786,0,0.161893,0,0,0,0,0,0
68327,68327,68327,17,-104.079,40.0691,85.59,-55.78,438.759,5.04998,0.932016,40.7652,0.131216,0.000176619,0.631248,0.946871,1.2625,1.2625,0.946871,0,0,0,0,0,0,0,0,0,0
68336,68336,68336,16.8,-104.077,40.07,88.39,-54.27,437.757,5.64203,1.10183,54.8317,0.149293,0.000302742,1.88068,0.940339,0.626893,0.626893,0.940339,0.626893,0,0,0,0,0,0,0,0,0
68343,68343,68343,16.7,-104.076,40.0705,90.43,-54.03,435.399,9.265,1.69391,79.8801,0.141472,0.000408569,1.79323,2.0921,2.98871,0.597742,0.896613,0.896613,0,0,0,0,0,0,0,0,0
68349,68350,68350,16.6,-104.075,40.0708,92.435,-53.57,433.578,7.84348,1.81012,103.963,0.172303,0.000661489,1.81003,1.20669,1.20669,1.81003,0.754181,0.754181,0,0.301672,0,0,0,0,0,0,0
68353,68353,68353,16.5,-104.074,40.0711,93.57,-53.74,431.739,8.95428,1.79685,89.5542,0.149519,0.00049428,1.79086,2.38781,0.298476,2.68628,1.1939,0.298476,0.298476,0,0,0,0,0,0,0,0
68355,68355,68355,16.4,-104.074,40.0712,94.17,-53.9,430.64,8.06474,1.5097,71.7332,0.142544,0.000373866,0.896082,2.38955,1.79216,1.79216,0.896082,0,0.298694,0,0,0,0,0,0,0,0
68360,68360,68360,16.3,-104.072,40.0715,95.7,-53.83,428.786,9.63478,1.24223,47.0279,0.113573,0.000169141,3.79552,2.3357,2.04374,0.583926,0.875889,0,0,0,0,0,0,0,0,0,0
68367,68372,68370,16.1,-104.07,40.0721,98.805,-53.555,425.433,7.12796,1.19801,60.4341,0.151337,0.000344713,3.40198,0.485997,1.29599,0.809996,0.809996,0.161999,0,0.161999,0,0,0,0,0,0,0
68383,68383,68383,15.8,-104.065,40.0735,103.22,-53.5,420.261,5.62226,0.682736,24.0363,0.105618,6.71052e-05,2.18643,1.24939,1.24939,0.937043,0,0,0,0,0,0,0,0,0,0,0
68392,68392,68392,15.7,-104.064,40.0736,106.06,-53.09,417.785,6.54708,0.912551,38.7362,0.127345,0.000174986,3.27354,1.30942,0.327354,0.982062,0.327354,0.327354,0,0,0,0,0,0,0,0,0
68407,68411,68409,15.3,-104.057,40.0753,112.536,-52.19,412.455,8.84665,1.54418,73.556,0.142903,0.000390865,2.42464,2.42464,1.50721,0.91743,0.8519,0.589777,0.131061,0,0,0,0,0,0,0,0
68414,68414,68414,15.2,-104.056,40.0758,113.99,-51.69,411.879,8.56847,1.81136,118.569,0.196375,0.00087822,3.49086,1.58675,1.9041,0.317351,0.317351,0,0.317351,0.634701,0,0,0,0,0,0,0
68417,68417,68417,15.1,-104.055,40.076,115.41,-51.53,410.707,8.12624,2.31272,202.688,0.262921,0.00129562,2.27535,2.27535,0.650099,1.3002,0.32505,0.650099,0.32505,0,0,0.32505,0,0,0,0,0
68424,68424,68424,15,-104.052,40.0768,117.99,-52.08,407.116,9.02377,1.49391,70.7851,0.142147,0.00038768,2.67371,2.67371,1.67107,0.334214,1.33685,0,0.334214,0,0,0,0,0,0,0,0
68432,68437,68434,14.8,-104.049,40.0776,121.75,-51.655,404.255,6.4224,0.971848,39.159,0.12088,0.000149967,1.64677,1.48209,1.48209,1.15274,0.658707,0,0,0,0,0,0,0,0,0,0
68438,68441,68440,14.7,-104.047,40.0782,123.895,-51.26,402.965,9.68079,1.48143,67.5218,0.136737,0.000347674,4.10203,2.29714,0.984487,0.820406,0.984487,0.328162,0.164081,0,0,0,0,0,0,0,0
68448,68448,68448,14.4,-104.042,40.0798,127.26,-50.62,401.035,6.29457,0.651098,22.1029,0.101841,6.72047e-05,3.77674,1.57364,0.314729,0.314729,0.314729,0,0,0,0,0,0,0,0,0,0
68465,68465,68465,14.1,-104.037,40.0819,134.31,-48.95,397.867,7.04427,1.29202,63.5153,0.147479,0.000345351,2.56155,0.960582,1.28078,0.960582,0.320194,0.960582,0,0,0,0,0,0,0,0,0
68480,68480,68480,13.8,-104.032,40.0838,140.18,-47.4,395.765,12.0838,1.84659,84.7249,0.137646,0.000439196,5.72392,1.27198,2.22597,1.58998,0.635991,0.317996,0.317996,0,0,0,0,0,0,0,0
68488,68488,68488,13.7,-104.029,40.0853,143.9,-46.39,394.563,12.6632,2.12627,97.9062,0.138138,0.000493587,3.70629,3.70629,1.85315,0.926573,1.54429,0.926573,0,0,0,0,0,0,0,0,0
68496,68496,68496,13.5,-104.026,40.0868,147.3,-46.76,391.307,14.5491,2.86957,170.57,0.178323,0.00115465,6.71499,1.86527,2.23833,0.74611,1.49222,0.74611,0,0.74611,0,0,0,0,0,0,0
68506,68506,68506,13.4,-104.024,40.0877,151.62,-47.16,387.394,13.4324,1.91948,96.8116,0.151309,0.000577565,6.53468,3.99341,1.45215,0,0.726075,0.363038,0,0.363038,0,0,0,0,0,0,0
68507,68510,68508,13.3,-104.023,40.088,152.613,-47.0767,386.818,12.2223,2.22217,124.124,0.167572,0.000773567,4.19393,3.47497,1.55775,0.958613,1.07844,0.479306,0.239653,0.119827,0.119827,0,0,0,0,0,0
68517,68517,68517,13.2,-104.02,40.089,155.51,-47.1,384.71,13.0558,2.15612,101.735,0.141553,0.000545075,4.58717,3.17574,1.7643,1.41144,1.41144,0.352859,0.352859,0,0,0,0,0,0,0,0
68518,68518,68518,13.1,-104.02,40.0891,156.86,-46.81,384.256,12.3242,2.08801,100.751,0.144756,0.000551366,3.98724,2.89981,2.17486,1.81238,0.362476,0.724952,0.362476,0,0,0,0,0,0,0,0
68526,68526,68526,12.9,-104.016,40.0907,160.44,-46.7,381.962,12.2853,2.3555,130.571,0.166297,0.000829647,3.8611,3.5101,0.702019,2.45707,0.702019,0.35101,0.35101,0.35101,0,0,0,0,0,0,0
68533,68533,68533,12.8,-104.014,40.0917,163.6,-45.71,381.506,12.2219,3.08998,215.449,0.209175,0.00155793,3.59467,2.87573,1.79733,0.718934,1.43787,0.718934,0.359467,0.359467,0.359467,0,0,0,0,0,0
68541,68544,68542,12.7,-104.011,40.0925,167.87,-45.68,378.757,13.2985,2.42002,122.326,0.151642,0.000714064,4.13332,3.41448,1.7971,1.61739,1.07826,0.718839,0.539129,0,0,0,0,0,0,0,0
68545,68546,68546,12.6,-104.011,40.0927,169.245,-45.545,378.093,13.6347,2.42963,134.266,0.165786,0.000843424,6.02051,2.65611,0.708295,2.65611,0.531221,0.531221,0,0.531221,0,0,0,0,0,0,0
68551,68554,68552,12.5,-104.008,40.0935,172.585,-45.105,376.721,11.841,2.25215,120.319,0.160272,0.000737236,4.41829,1.41385,2.47424,1.59059,0.706927,0.706927,0.353463,0.176732,0,0,0,0,0,0,0
68559,68563,68561,12.3,-104.005,40.0944,176.59,-44.52,375.227,14.1721,3.14891,186.51,0.17769,0.00121559,3.68106,3.49701,1.84053,1.65648,1.47242,1.28837,0.552159,0,0.184053,0,0,0,0,0,0
68566,68571,68568,12.2,-104.003,40.0952,179.955,-44.79,372.757,12.7097,2.27609,119.464,0.15746,0.000724551,4.29622,3.40118,1.61108,1.61108,0.537028,0.716037,0.358019,0.179009,0,0,0,0,0,0,0
68576,68576,68576,12.1,-104,40.0959,183.68,-45.07,370.131,14.3383,2.34648,114.637,0.146565,0.000615259,5.73533,1.79229,2.15075,3.58458,0.716916,0,0,0.358458,0,0,0,0,0,0,0
68580,68583,68582,12,-103.998,40.0965,186.42,-45.27,368.25,16.8043,2.3665,96.7487,0.122648,0.00040418,7.20186,3.69326,1.66197,2.03129,2.03129,0.184663,0,0,0,0,0,0,0,0,0
68586,68586,68586,11.9,-103.996,40.0974,188.68,-45.27,366.986,13.2957,2.29646,112.527,0.147001,0.000618193,5.53987,2.9546,0.73865,1.84662,0.369325,1.84662,0,0,0,0,0,0,0,0,0
68597,68597,68597,11.7,-103.993,40.0985,194.21,-44.03,365.942,15.1383,2.45754,116.277,0.141943,0.000623665,6.05532,2.6492,2.6492,1.89229,0.756914,0.756914,0.378457,0,0,0,0,0,0,0,0
68603,68606,68604,11.6,-103.99,40.0995,197.965,-43.87,364.206,16.5688,4.4827,323.23,0.216318,0.00221393,3.87322,3.44286,2.58215,2.36697,1.72143,0.860715,0.860715,0.645537,0,0.215179,0,0,0,0,0
68610,68613,68612,11.5,-103.988,40.1004,201.54,-44.365,361.562,15.3048,2.65081,146.824,0.166165,0.000879581,5.23585,4.02758,2.41655,1.81241,1.0069,0.402758,0,0.201379,0.201379,0,0,0,0,0,0
68618,68618,68618,11.3,-103.985,40.1016,204.91,-44.23,360.061,15.269,2.76328,126.934,0.137808,0.000619324,3.61635,2.81272,3.61635,2.00908,2.4109,0.803633,0,0,0,0,0,0,0,0,0
68626,68631,68628,11.2,-103.982,40.1028,210.157,-44.11,357.664,16.5997,3.83561,308.183,0.241044,0.00138435,4.70325,2.90495,3.73494,2.2133,1.93663,0.276662,0.414993,0.138331,0.138331,0,0,0.138331,0,0,0
68641,68641,68641,11,-103.977,40.1047,216.91,-44.62,353.648,21.6278,4.14713,213.251,0.154264,0.00124762,5.40695,5.40695,3.74327,4.15919,0,2.0796,0.831838,0,0,0,0,0,0,0,0
68650,68650,68650,10.8,-103.975,40.1054,221.54,-45.07,350.834,21.3,4.60075,249.825,0.162903,0.00156969,2.77826,7.87175,2.77826,2.77826,2.31522,1.38913,1.38913,0,0,0,0,0,0,0,0
68657,68657,68657,10.7,-103.972,40.1062,225.33,-44.91,349.387,23.7375,4.38214,215.999,0.147872,0.00120852,6.66316,4.16448,5.83027,2.49869,2.91513,0.832895,0.832895,0,0,0,0,0,0,0,0
68669,68669,68669,10.6,-103.97,40.1068,231.9,-44.61,346.977,22.0427,4.01977,202.41,0.151061,0.0011768,5.82261,7.07032,2.91131,2.0795,2.0795,1.2477,0.831802,0,0,0,0,0,0,0,0
68670,68672,68671,10.5,-103.969,40.107,232.715,-44.44,346.889,21.0662,3.46393,170.344,0.14753,0.000979961,8.38349,4.94411,2.7945,2.14961,1.07481,0.859845,0.859845,0,0,0,0,0,0,0,0
68679,68679,68679,10.3,-103.966,40.1082,237.43,-44.4,344.972,18.6328,3.89532,214.933,0.165532,0.00134586,4.55468,4.96874,2.07031,2.89843,2.07031,1.24219,0.414062,0.414062,0,0,0,0,0,0,0
