api/src/app/data/B2SAP/Locations/Boulder/NOAA-POPS-B2SAP_GMLBalloon_20200625_R0.ict
61,1001
Thornberry, T. D.
NOAA Chemical Sciences Laboratory
Portable Optical Particle Spectrometer (POPS)
Balloon Baseline Stratospheric Aerosol Profiles (B2SAP)
1,1
2020,06,25,2024,05,28
0
TIME_START,s,Seconds since midnight UTC on flight start day,Start time of 100 m altitude bin in UTC_seconds_since_midnight
28
1.0,1.0,1.0,1.0,1.0,1.0,1.0,1.0,1.0,1.0,1.0,1.0,1.0,1.0,1.0,1.0,1.0,1.0,1.0,1.0,1.0,1.0,1.0,1.0,1.0,1.0,1.0,1.0
99999,99999,99999,99999,99999,99999,99999,99999,99999,99999,99999,99999,99999,99999,99999,99999,99999,99999,99999,99999,99999,99999,99999,99999,99999,99999,99999,99999
TIME_STOP,s,End time of 100 m altitude bin in UTC seconds since midnight,
TIME_MID,s,Mid time of 100 m altitude in UTC seconds since midnight,
GPSAlt,m,GPS reported altitude above sea level (m),
GPS_Lon,deg,GPS reported longitude,
GPS_Lat,deg,GPS reported latitude,
iMet_Pressure,mb,Pressure reported (mB),
iMet_Temperature,degrees C,Ambient temperature (oC),
THETA,K,Potential temperature from iMet,
Aerosol_concentration,cm^-3,Aerosol concentration,
Surface_Area_Conc,um^2 cm^-3,Surface area concentration,
Volume_density,um^3 cm^-3,Volume density,
Effective_radius,um,Effective radius,
Extinction,km^-1,Extinction,
Bin01,cm^-3,particle concentration in size range [140 - 170 nm],
Bin02,cm^-3,particle concentration in size range [170 - 205 nm],
Bin03,cm^-3,particle concentration in size range [205 - 249 nm],
Bin04,cm^-3,particle concentration in size range [249 - 302 nm],
Bin05,cm^-3,particle concentration in size range [302 - 366 nm],
Bin06,cm^-3,particle concentration in size range [366 - 443 nm],
Bin07,cm^-3,particle concentration in size range [443 - 537 nm],
Bin08,cm^-3,particle concentration in size range [537 - 651 nm],
Bin09,cm^-3,particle concentration in size range [651 - 789 nm],
Bin10,cm^-3,particle concentration in size range [789 - 956 nm],
Bin11,cm^-3,particle concentration in size range [956 - 1159 nm],
Bin12,cm^-3,particle concentration in size range [1159 - 1404 nm],
Bin13,cm^-3,particle concentration in size range [1404 - 1702 nm],
Bin14,cm^-3,particle concentration in size range [1702 - 2062 nm],
Bin15,cm^-3,particle concentration in size range [2062 - 2500 nm],
0
19
PI_CONTACT_INFO: 325 Broadway R/CSL6, Boulder, CO 80305; troy.thornberry@noaa.gov; 303-497-3373 
PLATFORM: GML ECC/FPH balloon
LOCATION: Boulder, CO, USA
ASSOCIATED_DATA: N/A
INSTRUMENT_INFO: Printed Optical Particle Spectrometer counts particles from 140 - 2500 nm in diameter 
DATA_INFO: Particle concentrations reported in number per cubic centimeter, binned to 100 m altitude
UNCERTAINTY: Counting uncertainty dominated by air flow, less than 5 percent
ULOD_FLAG: -77777
ULOD_VALUE: 3000 ~3000 per cm3 (varies depending on flow rate- manufacturer quotes 1250  per cm3 at 1.667 cc/s)
LLOD_FLAG: -88888
LLOD_VALUE: 0 0 (varies depending on data field and measurement precision)
DM_CONTACT_INFO: Troy Thornberry, 325 Broadway R/CSL6, Boulder, CO 80305; troy.thornberry@noaa.gov; 303-497-3373
PROJECT_INFO: B2SAP Boulder, CO, USA
STIPULATIONS_ON_USE: Please contact the PIs for questions regarding applications and uncertainties
OTHER_COMMENTS: POPS bin Edges (nm):  140, 170, 205, 249, 302, 366, 443, 537, 651, 789, 956, 1159, 1404, 1702, 2062, 2500
Calculations assume sulfate refractive index of 1.45+0.00j and extinction wavelength = 532 nm
REVISION: R0
R0: QA/QC data
TIME_START,TIME_STOP,TIME_MID,GPSAlt,GPS_Lon,GPS_Lat,iMet_Pressure,iMet_Temperature,THETA,Aerosol_concentration,Surface_Area_Conc,Volume_density,Effective_radius,Extinction,Bin01,Bin02,Bin03,Bin04,Bin05,Bin06,Bin07,Bin08,Bin09,Bin10,Bin11,Bin12,Bin13,Bin14,Bin15
[from data line 379]
70197,70218,70208,16.7,-105.171,40.0012,97.8964,-63.2086,407.803,9.35994,2.99533,239.808,0.240182,0.00158393,1.91779,1.76036,1.40256,1.31669,0.958893,0.644033,0.729904,0.429355,0.114495,0.0429355,0.0429355,0,0,0,0
70219,70241,70230,16.6,-105.171,40.0009,99.4741,-63.1836,405.999,9.85795,2.91535,215.861,0.222129,0.00152626,2.09442,2.28339,1.48027,1.07083,0.818871,0.708638,0.850366,0.362193,0.141728,0.031495,0.0157475,0,0,0,0
70242,70265,70254,16.5,-105.171,40.0003,101.105,-62.8279,404.79,10.0177,2.92295,218.977,0.224749,0.00149406,2.41958,1.96222,1.51962,1.16553,0.87046,0.811446,0.693417,0.427853,0.0737678,0.0590143,0,0,0.0147536,0,0
70266,70289,70278,16.4,-105.171,39.9996,102.81,-63.8846,400.844,9.70703,2.69713,213.556,0.237538,0.00131147,2.37512,2.13909,1.77028,1.03266,0.663855,0.722864,0.486827,0.354056,0.0590093,0.0590093,0.0147523,0.0295046,0,0,0
70290,70316,70303,16.3,-105.169,39.9984,104.533,-64.5826,397.618,9.13817,2.1391,137.382,0.192673,0.000933911,2.37355,2.01752,1.70104,1.01535,0.751624,0.540642,0.448337,0.171423,0.0923047,0.0263728,0,0,0,0,0
70317,70346,70332,16.2,-105.167,39.9967,106.309,-65.0617,394.793,8.26154,1.95627,135.681,0.208072,0.000858636,2.34176,1.89005,1.27192,0.962856,0.70134,0.463597,0.344726,0.178307,0.0475485,0.0475485,0,0.0118871,0,0,0
70347,70374,70360,16.1,-105.164,39.9955,108.12,-65.3439,392.364,8.81911,2.03053,138.204,0.204189,0.000872108,2.42494,1.95271,1.55706,1.27628,0.510513,0.433936,0.395648,0.114865,0.114865,0.0255257,0,0.0127628,0,0,0
70375,70401,70388,16,-105.162,39.9946,109.845,-65.1633,390.929,8.85123,2.53283,196.832,0.233136,0.00134011,2.41038,1.65961,1.42252,1.00103,0.816631,0.474173,0.553202,0.302944,0.0922003,0.105372,0.0131715,0,0,0,0
70402,70427,70414,15.9,-105.159,39.9937,111.65,-64.7885,389.814,10.2622,3.06036,230.838,0.226285,0.00160554,2.27744,1.96189,1.60519,1.46799,0.89177,0.699697,0.768294,0.370428,0.123476,0.0823172,0.0137195,0,0,0,0
70428,70451,70440,15.8,-105.156,39.9927,113.572,-64.4592,388.536,10.0665,2.57345,177.283,0.206668,0.00117559,2.71988,1.84774,1.5521,1.30081,1.15299,0.546932,0.517368,0.310421,0.0739097,0.0295639,0.0147819,0,0,0,0
70452,70475,70464,15.7,-105.153,39.992,115.382,-63.8967,387.82,9.63279,2.35068,166.865,0.212957,0.00102261,2.42658,2.2501,1.64713,1.22064,0.779448,0.514729,0.411784,0.264718,0.0735328,0.0147066,0.0147066,0.0147066,0,0,0
70476,70499,70488,15.6,-105.151,39.9914,117.278,-63.8212,386.159,9.28719,2.32936,172.94,0.22273,0.00108543,2.70386,2.11607,1.46949,0.881695,0.734746,0.514322,0.499627,0.220424,0.0734746,0.0440848,0.0293898,0,0,0,0
70500,70523,70512,15.5,-105.148,39.991,119.231,-63.2675,385.366,8.4893,1.78403,113.142,0.190258,0.000734513,2.46748,2.11498,1.45405,1.11624,0.469996,0.308435,0.308435,0.146874,0.0587495,0.0440621,0,0,0,0,0
70524,70548,70536,15.4,-105.145,39.9908,121.232,-61.8408,386.135,9.27185,2.10976,144.603,0.205621,0.000935931,2.84318,2.24093,1.47061,0.980407,0.518215,0.504209,0.322134,0.280116,0.0700291,0.0280116,0.0140058,0,0,0,0
70549,70570,70560,15.3,-105.142,39.9907,123.192,-61.8014,384.444,9.4417,1.92681,117.801,0.183413,0.0007498,2.86595,2.4679,1.56035,0.82794,0.652799,0.525424,0.366204,0.0955316,0.0318439,0.0477658,0,0,0,0,0
70571,70595,70583,15.2,-105.139,39.991,125.152,-61.5428,383.19,9.59026,2.07879,133.753,0.193026,0.00084369,2.82808,2.40806,1.52604,1.06403,0.560015,0.490013,0.434012,0.224006,0.0280007,0.0140004,0.0140004,0,0,0,0
70596,70619,70608,15.1,-105.135,39.9918,127.3,-61.1358,382.053,10.1544,2.74527,213.501,0.233311,0.00134936,2.71655,2.3098,1.56892,1.30743,0.522972,0.595608,0.552027,0.43581,0.0581081,0.043581,0.043581,0,0,0,0
70620,70641,70630,15,-105.131,39.9926,129.287,-60.4645,381.576,10.2686,2.20267,134.791,0.183583,0.000884333,2.99697,2.28716,1.76664,1.23034,0.820224,0.457433,0.441659,0.189283,0.0473206,0.0315471,0,0,0,0,0
70642,70666,70654,14.9,-105.127,39.9932,131.37,-59.4371,381.678,10.7422,2.38435,154.699,0.194642,0.000971858,3.00552,2.63162,1.7688,1.13606,0.877208,0.546457,0.503316,0.158185,0.0862827,0.0143805,0,0.0143805,0,0,0
70667,70690,70678,14.8,-105.124,39.9937,133.571,-59.3775,379.965,10.7202,2.45765,164.38,0.200655,0.00106815,3.29078,2.42857,1.6382,1.12088,0.790362,0.574809,0.502958,0.273034,0.0574809,0.0287404,0.0143702,0,0,0,0
70691,70715,70703,14.7,-105.12,39.994,135.742,-58.9068,379.056,10.9167,2.3173,139.84,0.181038,0.000948559,3.30392,2.60184,1.70703,1.32157,0.688318,0.468056,0.45429,0.30286,0.0688318,0,0,0,0,0,0
70716,70740,70728,14.6,-105.117,39.9949,137.966,-59.1284,376.916,11.258,2.77917,206.094,0.22247,0.00123577,3.04905,2.4558,1.97291,1.26929,1.10373,0.551864,0.372508,0.317322,0.068983,0.0551864,0.0413898,0,0,0,0
70741,70767,70754,14.5,-105.113,39.9963,140.21,-59.4481,374.614,11.1193,2.56491,176.773,0.206759,0.00108652,3.22077,2.72232,1.77654,1.03525,0.856316,0.651822,0.511233,0.230055,0.0639041,0.0255617,0,0.0255617,0,0,0
70768,70794,70781,14.4,-105.109,39.9976,142.45,-59.4615,372.899,10.7365,2.5571,171.297,0.200967,0.00113584,3.10592,2.31347,1.69995,1.21425,0.856366,0.56239,0.600734,0.281195,0.0639079,0.0255632,0.0127816,0,0,0,0
70795,70824,70810,14.3,-105.105,39.9987,144.782,-59.205,371.623,11.0761,2.77402,192.558,0.208244,0.00126849,3.04793,2.27732,1.87477,1.18467,0.966137,0.690098,0.575081,0.299042,0.13802,0,0.0230033,0,0,0,0
70825,70854,70840,14.2,-105.101,39.9996,147.168,-59.4997,369.38,11.2507,2.87574,223.7,0.233366,0.0012956,3.12391,2.40921,1.94812,1.26801,0.864551,0.726223,0.472621,0.253602,0.0691641,0.0576367,0.0461094,0.0115273,0,0,0
70855,70885,70870,14.1,-105.097,40.0009,149.488,-59.8103,367.193,12.1995,2.89683,200.589,0.207733,0.00125967,3.53081,2.60549,1.93586,1.5706,0.864439,0.693986,0.572234,0.30438,0.0487008,0.0487008,0.0121752,0.0121752,0,0,0
70886,70916,70901,14,-105.092,40.0027,151.98,-60.0503,365.059,12.7956,3.12865,216.319,0.207424,0.00144497,3.90695,2.49084,2.11152,1.40347,0.885069,0.834494,0.682768,0.290808,0.126438,0.0505754,0,0.0126438,0,0,0
70917,70946,70932,13.9,-105.088,40.0051,154.407,-61.0833,361.652,12.5224,3.00441,203.92,0.203621,0.00136727,3.73568,2.7886,1.67053,1.51269,1.026,0.683997,0.618228,0.302537,0.144692,0.0263076,0.0131538,0,0,0,0
70947,70975,70961,13.8,-105.085,40.0071,156.844,-60.2207,361.49,11.7321,2.77517,199.831,0.21602,0.00121704,3.55069,2.44363,1.97111,1.52558,0.756041,0.55353,0.432023,0.337518,0.108006,0.0135007,0.0405022,0,0,0,0
70976,71004,70990,13.7,-105.081,40.0088,159.404,-59.4241,361.172,12.6965,3.14648,217.12,0.207013,0.00148014,3.5201,2.99612,1.90784,1.35699,0.940485,0.68521,0.698646,0.456807,0.080613,0.0403065,0.0134355,0,0,0,0
71005,71030,71018,13.6,-105.078,40.0098,161.947,-59.4092,359.572,12.3837,3.07709,212.074,0.206761,0.00142995,3.73764,2.43172,1.92136,1.2759,1.03573,0.855604,0.585413,0.375265,0.120085,0.0300212,0.0150106,0,0,0,0
71031,71059,71045,13.5,-105.073,40.0105,164.599,-58.9452,358.681,11.7964,2.62388,181.058,0.207012,0.0011187,3.8507,2.83055,1.85351,0.991411,0.74715,0.603467,0.574731,0.215524,0.0718414,0.0287365,0.0287365,0,0,0,0
71060,71088,71074,13.4,-105.068,40.011,167.292,-58.8397,357.195,12.7319,2.84427,189.875,0.200271,0.00125227,4.16415,2.91358,1.86256,1.3304,0.891368,0.558768,0.518856,0.3326,0.119736,0.026608,0.013304,0,0,0,0
71089,71117,71103,13.3,-105.064,40.0118,169.979,-58.3148,356.448,12.5735,2.64098,173.071,0.196599,0.00104283,4.0043,2.90979,2.28245,1.20129,0.800859,0.587297,0.413777,0.266953,0.0667383,0.0133477,0.0266953,0,0,0,0
71118,71144,71131,13.2,-105.06,40.0123,172.731,-58.7467,354.107,13.0768,3.14851,213.029,0.202981,0.00149063,3.9929,2.83781,2.01071,1.38326,0.884143,0.698758,0.741539,0.327989,0.142604,0.0570415,0,0,0,0,0
71145,71171,71158,13.1,-105.056,40.0124,175.503,-57.7937,354.055,12.8368,3.19423,222.352,0.208831,0.00153756,3.71479,2.99765,2.07971,1.14742,0.788854,0.731483,0.731483,0.501998,0.1004,0.0286856,0.0143428,0,0,0,0
71172,71197,71184,13,-105.053,40.0121,178.333,-58.5173,351.26,12.8433,3.59895,269.667,0.224789,0.00183815,3.75903,2.50602,1.87951,1.14859,0.92484,1.05909,0.820423,0.551921,0.119334,0.0447503,0.0149168,0.0149168,0,0,0
71198,71223,71210,12.9,-105.049,40.0118,181.238,-58.4915,349.689,11.9187,3.21011,230.463,0.215378,0.00162114,3.23974,2.58585,1.87251,1.15917,0.847088,0.772782,0.743059,0.535003,0.118889,0.0297224,0.0148612,0,0,0,0
71224,71250,71237,12.8,-105.047,40.0115,184.089,-58.39,348.297,10.6222,3.01287,239.141,0.23812,0.00146125,2.87358,1.88712,1.55831,1.44394,1.02934,0.772005,0.500374,0.343113,0.114371,0.0428892,0.0571856,0,0,0,0
71251,71279,71265,12.7,-105.044,40.0111,187.061,-57.781,347.683,12.6741,3.52844,251.062,0.213462,0.00171752,3.39486,2.31649,1.63752,1.66415,1.11831,0.971862,0.958549,0.492587,0.079879,0.0133132,0.0266263,0,0,0,0
71280,71308,71294,12.6,-105.041,40.0104,190.114,-57.0407,347.273,14.0734,4.30313,339.185,0.236469,0.00213324,3.05254,2.44468,2.22003,2.1011,1.25537,1.22894,1.12323,0.396434,0.105716,0.0792868,0.0264289,0.0396434,0,0,0
71309,71337,71323,12.5,-105.038,40.0095,193.259,-56.279,346.871,11.9983,3.50387,251.248,0.215118,0.00175373,2.73046,2.29726,1.71966,1.27334,1.45712,1.02392,0.905776,0.446324,0.0656359,0.0656359,0.0131272,0,0,0,0
71338,71366,71352,12.4,-105.034,40.0086,196.321,-55.3976,346.714,11.7378,3.15297,237.062,0.225561,0.0015092,3.22265,2.37114,1.78163,1.31002,1.03492,0.838414,0.707412,0.248904,0.131002,0.0524009,0.0393006,0,0,0,0
71367,71397,71382,12.3,-105.03,40.0079,199.53,-54.8866,345.921,11.2057,3.2666,259.064,0.23792,0.00171324,3.24299,2.04134,1.8097,1.12925,0.723881,0.781791,0.796269,0.434328,0.159254,0.0434328,0.0289552,0.0144776,0,0,0
71398,71427,71412,12.2,-105.025,40.0074,202.623,-55.0177,344.202,11.4389,3.25342,319.202,0.294338,0.00153348,3.51168,2.28185,1.48172,1.18538,0.977935,0.770494,0.785311,0.311161,0.0592688,0,0.0296344,0.0148172,0.0148172,0,0.0148172
71428,71457,71442,12.1,-105.02,40.0068,205.769,-54.816,343.01,10.4691,3.06709,251.946,0.246435,0.00161146,2.83507,2.24443,1.55043,1.13698,0.723533,0.708767,0.649703,0.369149,0.103362,0.103362,0.029532,0.014766,0,0,0
71458,71484,71471,12,-105.014,40.0061,209.024,-54.517,341.932,11.0617,3.03318,241.816,0.239171,0.00148967,3.1605,2.32964,1.64541,1.15668,0.847143,0.765687,0.749396,0.162912,0.0977473,0.0977473,0.0488736,0,0,0,0
71485,71510,71498,11.9,-105.009,40.0056,212.259,-54.1068,341.077,11.615,3.39955,275.716,0.243311,0.00174962,3.0547,2.34431,1.82927,1.27871,0.870235,0.905755,0.710396,0.301918,0.195359,0.0710396,0.0355198,0.0177599,0,0,0
71511,71535,71523,11.8,-105.004,40.0055,215.619,-54.13,339.518,18.113,5.3523,380.887,0.213489,0.00268618,3.91682,3.53066,2.40894,2.26183,1.94922,1.83888,1.28722,0.643609,0.202277,0.0551665,0.0183888,0,0,0,0
71536,71563,71550,11.7,-104.998,40.006,219.071,-53.7543,338.562,33.4597,11.8647,915.336,0.231445,0.00646191,4.87922,5.21081,5.21081,4.7371,3.88442,3.58441,3.88442,1.43692,0.363178,0.189484,0.0631614,0,0.0157903,0,0
71564,71588,71576,11.6,-104.993,40.0065,222.503,-52.8308,338.472,46.2968,17.097,1363.04,0.239173,0.00947655,6.60859,6.68182,6.29738,6.55367,5.78481,5.74819,5.30884,2.54458,0.567497,0.128144,0.0549191,0,0,0,0.0183064
71589,71613,71601,11.5,-104.988,40.007,225.916,-51.935,338.377,44.9607,16.8173,1301.36,0.232146,0.00936765,6.32658,5.5973,6.80062,6.43598,5.83431,5.56083,5.0321,2.38842,0.747522,0.127626,0.0546967,0.0546967,0,0,0
71614,71638,71626,11.4,-104.983,40.0076,229.432,-51.0233,338.279,23.5016,7.23236,507.52,0.21052,0.0035407,4.59185,3.59755,3.32638,3.19983,3.09136,2.76595,1.88013,0.759281,0.235016,0.0180781,0.0361563,0,0,0,0
71639,71666,71652,11.3,-104.979,40.0083,233.126,-50.2192,337.959,22.0632,6.65832,473.084,0.213155,0.00336642,4.11803,4.13477,3.56561,3.01319,2.24315,1.90835,1.99205,0.803517,0.184139,0.0836997,0,0.0167399,0,0,0
71667,71695,71681,11.2,-104.974,40.0092,236.737,-49.4119,337.688,27.3939,8.6583,609.752,0.211272,0.00438783,5.04919,4.37597,3.57451,4.19965,3.20584,3.09363,2.61276,0.961751,0.208379,0.0961751,0.0160292,0,0,0,0
71696,71727,71712,11.1,-104.969,40.0101,240.325,-48.523,337.58,74.0656,23.8187,1711.47,0.215561,0.0117751,10.7045,11.5701,12.0028,11.3969,9.93986,8.72803,6.37651,2.36595,0.605913,0.24525,0.086559,0.028853,0.0144265,0,0
71728,71758,71743,11,-104.963,40.0112,244.167,-47.7508,337.213,54.0698,16.98,1209.96,0.213774,0.00830043,8.61172,8.62815,8.54598,8.46381,6.75461,5.7521,5.14402,1.49555,0.476603,0.0821729,0.115042,0,0,0,0
71759,71789,71774,10.9,-104.958,40.0122,247.718,-46.7464,337.318,43.6719,13.6509,961.907,0.211395,0.00665356,6.6988,7.21761,7.06502,6.46991,5.70695,4.82191,3.67747,1.60222,0.259407,0.0762961,0.0762961,0,0,0,0
71791,71819,71805,10.8,-104.953,40.0131,251.692,-45.9237,337.004,58.9927,18.3493,1292.51,0.211317,0.00884677,9.05294,9.16239,10.0536,9.19366,7.47376,6.37927,5.31606,1.7199,0.437793,0.0938129,0.0625419,0.0469064,0,0,0
71821,71847,71834,10.7,-104.948,40.0141,255.511,-45.2458,336.562,67.099,19.6973,1361.16,0.207311,0.00900895,10.6672,10.9856,11.3748,10.5434,9.42889,6.75766,5.0594,1.75133,0.353804,0.0884511,0.0530707,0.0176902,0,0.0176902,0
71848,71874,71861,10.6,-104.944,40.0152,259.229,-44.5918,336.142,73.1948,21.6257,1424.79,0.197653,0.0100222,11.1104,12.4705,11.2637,12.3556,9.34809,7.93055,6.37892,1.83897,0.344806,0.134091,0,0.0191559,0,0,0
71875,71903,71889,10.5,-104.939,40.0163,263.18,-43.8519,335.768,42.0059,12.3383,850.104,0.206699,0.00562593,6.77063,7.25203,7.40732,5.82337,5.45067,4.7674,3.13685,1.05597,0.217406,0.0465869,0.0310579,0.015529,0.0310579,0,0
71904,71932,71918,10.4,-104.934,40.0175,267.17,-42.9104,335.701,30.8175,9.32456,683.63,0.219945,0.00450731,5.69681,5.53588,4.89217,4.45767,3.28291,3.00933,2.73575,0.836819,0.193112,0.0965561,0.0321854,0.0160927,0.0321854,0,0
71934,71963,71948,10.3,-104.93,40.0185,271.123,-41.97,335.664,23.8612,6.35082,420.565,0.198667,0.00285084,4.98978,4.64447,3.83298,3.55673,2.43446,2.08915,1.46758,0.673362,0.0863284,0.0690627,0.0172657,0,0,0,0
71964,71992,71978,10.2,-104.925,40.0193,275.089,-41.2419,335.331,21.6619,5.52649,355.784,0.193134,0.00236224,5.08001,3.96177,3.45057,2.9873,2.42818,1.72529,1.58151,0.303523,0.0798744,0.0479246,0,0.0159749,0,0,0
71993,72022,72008,10.1,-104.921,40.0198,279.312,-40.2073,335.355,22.4168,6.01743,401.2,0.200019,0.00267529,5.07671,4.02964,3.60129,3.03016,2.22106,2.12587,1.6182,0.602859,0.0793235,0,0.0158647,0,0.0158647,0,0
72023,72056,72040,10,-104.917,40.0202,283.295,-39.514,334.997,24.0079,6.30652,444.985,0.211679,0.00272148,5.34578,4.04026,4.57621,3.75167,2.41866,1.82773,1.37424,0.371044,0.164908,0.0687118,0.0412271,0.0137424,0.0137424,0,0
72057,72085,72071,9.9,-104.912,40.0207,287.553,-38.2304,335.41,23.9942,6.41169,440.253,0.205993,0.00285278,5.21415,4.71395,3.75903,3.24368,2.7738,2.07656,1.5309,0.40925,0.151574,0.075787,0.0454722,0,0,0,0
72086,72116,72101,9.8,-104.909,40.0211,291.822,-37.5752,334.934,25.1781,6.44067,425.049,0.197983,0.00275995,5.31397,5.2015,4.23149,3.82381,2.36176,1.92596,1.54639,0.632615,0.0702906,0.0281162,0.0421743,0,0,0,0
72117,72145,72131,9.7,-104.905,40.0215,295.893,-36.8588,334.615,24.765,6.41718,411.991,0.192604,0.00287663,5.9397,4.60895,3.92734,3.08345,2.56413,2.40184,1.36321,0.665376,0.178515,0.0324574,0,0,0,0,0
72147,72171,72159,9.6,-104.902,40.0222,300.316,-35.939,334.5,31.2691,8.18846,542.389,0.198715,0.00357306,6.40382,5.65382,5.53844,4.84614,3.82691,2.11538,1.92307,0.634613,0.230768,0.0576921,0.0384614,0,0,0,0
72172,72201,72186,9.5,-104.899,40.023,304.692,-34.8758,334.617,30.6584,7.95039,538.097,0.203046,0.0033598,6.04795,6.46665,5.03996,4.52821,3.56674,2.51222,1.67482,0.57378,0.0930453,0.0930453,0.0465227,0,0.0155076,0,0
72202,72232,72217,9.4,-104.895,40.0238,309.103,-33.7497,334.823,31.4258,8.45479,568.633,0.201767,0.00384304,6.36245,5.96221,5.28594,4.84429,3.42275,2.33244,2.18062,0.676269,0.234624,0.0966099,0.0276028,0,0,0,0
