api/src/app/data/B2SAP/Locations/Boulder/NOAA-POPS-B2SAP_GMLBalloon_20200917_R0.ict
61,1001
Thornberry, T. D.
NOAA Chemical Sciences Laboratory
Portable Optical Particle Spectrometer (POPS)
Balloon Baseline Stratospheric Aerosol Profiles (B2SAP)
1,1
2020,09,17,2024,05,30
0
TIME_START,s,Seconds since midnight UTC on flight start day,Start time of 100 m altitude bin in UTC_seconds_since_midnight
28
1.0,1.0,1.0,1.0,1.0,1.0,1.0,1.0,1.0,1.0,1.0,1.0,1.0,1.0,1.0,1.0,1.0,1.0,1.0,1.0,1.0,1.0,1.0,1.0,1.0,1.0,1.0,1.0
99999,99999,99999,99999,99999,99999,99999,99999,99999,99999,99999,99999,99999,99999,99999,99999,99999,99999,99999,99999,99999,99999,99999,99999,99999,99999,99999,99999
TIME_STOP,s,End time of 100 m altitude bin in UTC seconds since midnight,
TIME_MID,s,Mid time of 100 m altitude in UTC seconds since midnight,
GPSAlt,m,GPS reported altitude above sea level (m),
GPS_Lon,deg,GPS reported longitude,
GPS_Lat,deg,GPS reported latitude,
iMet_Pressure,mb,Pressure reported (mB),
iMet_Temperature,degrees C,Ambient temperature (oC),
THETA,K,Potential temperature from iMet,
Aerosol_concentration,cm^-3,Aerosol concentration,
Surface_Area_Conc,um^2 cm^-3,Surface area concentration,
Volume_density,um^3 cm^-3,Volume density,
Effective_radius,um,Effective radius,
Extinction,km^-1,Extinction,
Bin01,cm^-3,particle concentration in size range [140 - 170 nm],
Bin02,cm^-3,particle concentration in size range [170 - 205 nm],
Bin03,cm^-3,particle concentration in size range [205 - 249 nm],
Bin04,cm^-3,particle concentration in size range [249 - 302 nm],
Bin05,cm^-3,particle concentration in size range [302 - 366 nm],
Bin06,cm^-3,particle concentration in size range [366 - 443 nm],
Bin07,cm^-3,particle concentration in size range [443 - 537 nm],
Bin08,cm^-3,particle concentration in size range [537 - 651 nm],
Bin09,cm^-3,particle concentration in size range [651 - 789 nm],
Bin10,cm^-3,particle concentration in size range [789 - 956 nm],
Bin11,cm^-3,particle concentration in size range [956 - 1159 nm],
Bin12,cm^-3,particle concentration in size range [1159 - 1404 nm],
Bin13,cm^-3,particle concentration in size range [1404 - 1702 nm],
Bin14,cm^-3,particle concentration in size range [1702 - 2062 nm],
Bin15,cm^-3,particle concentration in size range [2062 - 2500 nm],
0
19
PI_CONTACT_INFO: 325 Broadway R/CSL6, Boulder, CO 80305; troy.thornberry@noaa.gov; 303-497-3373 
PLATFORM: GML ECC/FPH balloon
LOCATION: Boulder, CO, USA
ASSOCIATED_DATA: N/A
INSTRUMENT_INFO: Printed Optical Particle Spectrometer counts particles from 140 - 2500 nm in diameter 
DATA_INFO: Particle concentrations reported in number per cubic centimeter, binned to 100 m altitude
UNCERTAINTY: Counting uncertainty dominated by air flow, less than 5 percent
ULOD_FLAG: -77777
ULOD_VALUE: 3000 ~3000 per cm3 (varies depending on flow rate- manufacturer quotes 1250  per cm3 at 1.667 cc/s)
LLOD_FLAG: -88888
LLOD_VALUE: 0 0 (varies depending on data field and measurement precision)
DM_CONTACT_INFO: Troy Thornberry, 325 Broadway R/CSL6, Boulder, CO 80305; troy.thornberry@noaa.gov; 303-497-3373
PROJECT_INFO: B2SAP Boulder, CO, USA
STIPULATIONS_ON_USE: Please contact the PIs for questions regarding applications and uncertainties
OTHER_COMMENTS: POPS bin Edges (nm):  140, 170, 205, 249, 302, 366, 443, 537, 651, 789, 956, 1159, 1404, 1702, 2062, 2500
Calculations assume sulfate refractive index of 1.45+0.00j and extinction wavelength = 532 nm
REVISION: R0
R0: QA/QC data
TIME_START,TIME_STOP,TIME_MID,GPSAlt,GPS_Lon,GPS_Lat,iMet_Pressure,iMet_Temperature,THETA,Aerosol_concentration,Surface_Area_Conc,Volume_density,Effective_radius,Extinction,Bin01,Bin02,Bin03,Bin04,Bin05,Bin06,Bin07,Bin08,Bin09,Bin10,Bin11,Bin12,Bin13,Bin14,Bin15
57755,58545,58150,1.7,-105.197,39.9491,829.898,21.0232,310.27,1014.37,638.633,60459.9,0.284013,0.463448,74.0736,74.3826,82.2964,95.5998,106.959,130.867,223.149,156.712,47.7894,17.8482,3.88979,0.456826,0.15638,0.102201,0.091119
58508,58561,58534,1.8,-105.197,39.949,827.146,20.1131,309.605,1008.11,620.536,58238,0.281553,0.445523,78.4854,74.336,83.8708,96.606,108.238,132.185,219.83,149.025,43.988,16.7962,3.77419,0.52971,0.286927,0.110356,0.0441425
58562,58579,58570,1.9,-105.198,39.949,818.419,19.6733,310.078,1009.6,614.916,57277.9,0.279442,0.438955,76.264,74.5356,85.1219,97.1222,110.478,134.38,223.725,145.457,42.4234,15.6731,3.57457,0.510653,0.137483,0.137483,0.0589214
58580,58600,58590,2,-105.197,39.949,809.063,21.8635,313.422,1034.96,617.105,56130.1,0.272871,0.437332,74.0667,78.3388,86.1887,102.725,118.692,142.42,227.505,143.879,43.3613,14.2758,2.95484,0.445006,0.0712009,0.0178002,0.0178002
58601,58621,58611,2.1,-105.196,39.9487,799.024,21.7233,314.397,1050.57,628.644,57075.2,0.272373,0.443681,70.1084,76.1632,86.3943,106.739,119.62,150.532,235.618,145.131,42.6856,13.7701,3.11966,0.452853,0.201268,0.0167723,0.0167723
58622,58639,58630,2.2,-105.196,39.9483,789.917,21.1939,314.863,1183.1,713.425,64815.1,0.272552,0.506228,77.9808,82.5028,98.3794,118.245,133.884,168.363,267.769,166.506,49.8018,15.7976,3.29774,0.355445,0.138229,0.0592409,0.019747
58641,58659,58650,2.3,-105.195,39.9478,780.346,20.3839,315.089,1378.41,826.284,75567.7,0.274365,0.582633,90.8988,98.2961,116.74,141.181,160.454,194.659,305.718,190.28,56.8117,17.872,4.39896,0.729873,0.236716,0.0591789,0.0789052
58660,58678,58669,2.4,-105.195,39.9473,771.784,19.4984,315.127,1447.2,857.417,77652.2,0.271696,0.603755,97.7954,105.412,122.733,149.571,169.285,205.657,317.773,195.078,60.6449,18.4043,3.76063,0.873682,0.113958,0.0569792,0.0379862
58679,58697,58688,2.5,-105.194,39.9469,762.535,18.5741,315.222,1481.67,867.899,78143.9,0.270114,0.607958,100.918,110.51,128.953,153.219,175.325,206.494,327.316,196.648,60.1357,17.0879,4.34078,0.529363,0.105873,0.0635236,0.0211745
58698,58716,58707,2.6,-105.193,39.9466,753.472,17.765,315.422,1583.59,908.115,81131.9,0.268023,0.630004,109.969,122.807,140.461,169.382,186.26,228.994,339.739,203.616,59.8906,17.5552,4.08029,0.557307,0.159231,0.0597115,0.0597115
58717,58735,58726,2.7,-105.193,39.9462,744.749,16.9261,315.558,1598.07,912.538,80800.5,0.265635,0.631294,110.069,119.156,140.892,172.51,193.57,231.015,345.597,204.169,59.8168,16.5451,4.03684,0.556806,0.119315,0.0198859,0
58737,58755,58746,2.8,-105.192,39.9458,735.984,15.9474,315.557,1524.24,876.129,78197.8,0.267761,0.607755,104.965,113.625,133.371,160.299,186.545,220.182,332.708,193.178,57.6464,17.2446,3.67633,0.530604,0.132651,0.0568505,0.0758006
58756,58774,58765,2.9,-105.191,39.9453,727.269,15.0706,315.679,1146.13,673.603,60261.6,0.268385,0.469379,71.0985,81.8467,94.5838,118.933,137.797,169.459,262.576,150.052,42.8922,13.1389,2.95323,0.68306,0.06027,0.04018,0.02009
58775,58793,58784,3,-105.191,39.9448,718.922,14.1624,315.721,1148.25,673.611,59768.2,0.266184,0.470228,70.7626,77.9719,97.261,118.288,138.071,169.526,264.083,153.863,43.0197,12.4231,2.51038,0.278931,0.150194,0.0214562,0.0214562
58794,58811,58802,3.1,-105.19,39.9443,710.416,13.1829,315.714,1132.95,663.101,58941.9,0.266665,0.462654,69.9806,82.0774,93.8089,115.36,137.92,167.507,257.426,150.404,43.0799,12.3546,2.38497,0.515669,0.0644587,0.0429724,0.0214862
58812,58827,58820,3.2,-105.19,39.9437,702.401,12.2956,315.758,1120.13,660.018,59425.7,0.27011,0.460237,69.8069,79.515,94.0658,114.853,135.662,165.015,256.362,145.096,42.6243,13.2944,3.10659,0.548222,0.0685278,0.0456852,0.0685278
58829,58846,58838,3.3,-105.189,39.943,693.947,11.325,315.779,1112.87,650.31,57812.9,0.266702,0.453441,70.7274,77.2986,93.9825,113.819,134.167,164.628,254.271,147.678,41.1877,12.3031,2.25181,0.327536,0.143297,0.020471,0.0614131
58847,58865,58856,3.4,-105.189,39.9425,685.642,10.3689,315.8,1112.7,658.262,59225.9,0.26992,0.459738,68.7546,78.5462,93.9524,114.934,129.602,166.146,251.764,150.176,42.4301,12.3754,3.28328,0.563403,0.0971385,0.0388554,0.0388554
58866,58884,58875,3.5,-105.188,39.942,677.171,9.36333,315.796,1107.3,644.381,56994.5,0.265346,0.448243,69.2961,77.9453,91.821,114.182,130.414,170.935,252.282,145.52,40.9095,11.4981,1.96759,0.28694,0.122974,0.081983,0.0409915
58885,58900,58892,3.6,-105.188,39.9415,669.241,8.40188,315.789,1097.99,638.299,56674.4,0.266369,0.443371,69.9487,78.2804,91.2768,115.436,132.401,161.481,250.483,144.028,40.289,11.2558,2.52966,0.371327,0.139248,0.0232079,0.0464159
58901,58917,58909,3.7,-105.187,39.9409,661.345,7.48118,315.824,1114.25,646.355,57204.4,0.265509,0.448662,70.3068,77.4756,94.1809,117.88,135.001,164.641,254.613,145.086,40.6013,11.5534,2.34575,0.416536,0.0657688,0.0657688,0.0219229
58918,58935,58926,3.8,-105.187,39.9403,652.681,6.45563,315.854,1108.74,645.349,57214.8,0.265971,0.448807,68.6568,79.0294,94.3414,114.969,131.316,167.773,250.989,145.452,42.1725,11.1018,2.37559,0.423372,0.070562,0.0235207,0.0470413
58936,58955,58946,3.9,-105.187,39.9396,644.695,5.47,315.852,943.482,550.499,48958.6,0.266805,0.382058,59.2056,66.6133,77.8656,96.3567,113.723,141.234,218.612,124.45,32.6878,9.97699,2.2692,0.30006,0.075015,0.075015,0.0375075
58956,58974,58965,4,-105.187,39.9387,636.993,4.53944,315.882,978.345,570.146,50775.9,0.267173,0.395317,61.3251,68.8734,83.2612,100.36,117.062,146.088,224.073,130.511,33.8633,9.86289,2.60647,0.22937,0.104259,0.0834071,0.0417036
58975,58994,58984,4.1,-105.187,39.938,629.315,3.5775,315.877,942.25,553.681,49535.7,0.268398,0.385364,58.6976,65.8027,79.1224,97.0841,109.646,143.163,216.734,124.368,34.0855,10.5345,2.36837,0.454726,0.0947347,0.0568408,0.0378939
58995,59012,59004,4.2,-105.186,39.9374,621.792,2.64056,315.889,932.437,544.035,48266.1,0.266156,0.378238,58.8361,64.5156,75.7275,98.025,110.52,140.369,215.971,122.994,33.2149,9.90768,1.87215,0.27346,0.126213,0.0210354,0.0631063
59013,59032,59022,4.3,-105.186,39.9366,613.937,1.636,315.89,965.94,568.458,50469.4,0.266349,0.396871,59.8011,65.8383,79.1507,99.4526,114.517,141.618,228.577,128.115,35.9568,10.2462,2.22826,0.361854,0.0380899,0.0190449,0.0190449
59033,59050,59042,4.4,-105.186,39.9359,606.692,0.700588,315.881,972.434,572.622,51265.4,0.268582,0.399953,61.3763,68.1658,82.0606,97.2411,114.768,144.181,225.182,129.655,36.0679,10.9399,2.12031,0.45113,0.112783,0.045113,0.0676695
59051,59071,59061,4.5,-105.185,39.9351,599.199,-0.2135,315.943,965.202,566.478,50521.1,0.267554,0.393995,60.0753,66.4556,80.3502,97.6464,116.326,144.365,224.984,127.011,34.6115,10.4161,2.44068,0.326705,0.0960897,0.0576538,0.0384359
59072,59091,59082,4.6,-105.185,39.9341,591.601,-1.2115,315.944,935.761,547.2,48786,0.267467,0.380851,59.818,64.7354,78.5618,95.3386,110.303,140.79,216.922,123.339,33.0137,10.4518,2.0055,0.308539,0.0192837,0.0964185,0.0578511
59092,59107,59100,4.7,-105.185,39.9334,584.217,-2.19,315.937,920.578,540.447,48010.2,0.266503,0.375951,54.6827,64.559,77.2675,91.5494,111.205,139.793,215.85,119.605,32.9694,10.4088,2.34804,0.242066,0.0726198,0,0.0242066
59108,59124,59116,4.8,-105.184,39.9328,576.887,-3.16412,315.935,886.549,518.612,46015.1,0.266182,0.360036,54.0011,60.7512,73.727,90.3059,107.432,133.703,207.042,116.622,31.0598,9.34985,2.12082,0.319263,0.0684136,0,0.045609
59125,59143,59134,4.9,-105.184,39.932,569.622,-4.12263,315.96,855.216,503.068,44759.6,0.26692,0.350219,53.2568,57.5091,71.3293,87.3983,99.8079,129.431,201.435,112.974,29.603,9.89492,2.2284,0.204441,0.122664,0,0.0204441
59144,59161,59152,5,-105.184,39.9311,562.467,-5.08833,315.965,820.742,483.091,42713.3,0.26525,0.337645,49.261,56.6231,68.3375,81.6542,96.9197,123.207,193.818,110.518,28.972,9.5274,1.64564,0.194879,0.0433064,0.0216532,0
59162,59179,59170,5.1,-105.183,39.9303,555.341,-6.05056,315.978,824.13,485.011,43353.2,0.268158,0.336753,50.4596,56.6095,67.2577,83.1866,96.6599,126.345,195.189,109.09,28.0331,8.69244,2.08619,0.239042,0.130387,0.108655,0.0434622
59180,59197,59188,5.2,-105.183,39.9294,548.18,-6.68882,316.392,557.79,335.199,30195.6,0.270248,0.234805,34.0132,37.12,45.7959,54.1496,63.9072,84.9871,132.555,75.7819,20.7577,6.48967,1.86405,0.322182,0.046026,0,0
59198,59214,59206,5.3,-105.182,39.9285,541.259,-5.66882,318.756,64.8256,53.1252,6042.17,0.341203,0.0412277,5.97259,4.2727,4.45647,4.80104,5.30642,6.36311,12.2208,11.3939,5.35236,3.26195,1.14858,0.275658,0,0,0
59215,59233,59224,5.4,-105.182,39.9275,534.505,-6.04158,319.464,24.0027,15.7757,1747.98,0.332406,0.0113881,3.9251,2.48658,1.84952,1.87007,2.03447,2.17833,4.15115,3.06199,1.17136,0.780909,0.349354,0.102751,0.0411005,0,0
59234,59254,59244,5.5,-105.182,39.9266,527.401,-6.69238,319.905,12.184,6.54085,690.249,0.316587,0.00467387,2.90184,1.89736,1.09749,0.725459,0.669655,1.13469,1.43232,1.15329,0.744061,0.260421,0.167414,0,0,0,0
59255,59273,59264,5.6,-105.181,39.9257,520.429,-7.24737,320.452,8.31685,4.27099,406.496,0.285528,0.00307358,1.87335,0.885209,0.802864,0.699933,0.638174,0.761691,0.946968,1.0499,0.514656,0.102931,0.0411725,0,0,0,0
59274,59295,59284,5.7,-105.18,39.925,513.338,-7.72955,321.125,11.3858,5.69919,523.787,0.275717,0.00405284,2.09126,1.48355,1.17969,0.84008,1.16181,1.01882,1.55504,1.28693,0.518347,0.232363,0.017874,0,0,0,0
59296,59323,59310,5.8,-105.179,39.9242,507.481,-8.12214,321.701,17.3825,10.1378,938.185,0.277629,0.00736197,2.2905,1.78462,1.06796,1.47547,1.53168,2.02351,3.6114,2.36076,0.941493,0.238886,0.0421564,0.0140521,0,0,0
59324,59344,59334,5.9,-105.177,39.9232,500.974,-8.8395,322.022,26.703,17.3752,1601.62,0.276535,0.0129609,2.26631,1.75392,2.04953,1.57656,2.30572,3.6655,6.34566,4.82822,1.53715,0.315312,0.039414,0.019707,0,0,0
59345,59363,59354,6,-105.176,39.9224,494.354,-9.83526,322.031,38.708,23.9882,2257.34,0.282307,0.0172659,3.07009,2.73819,2.6967,3.15306,3.92058,6.16092,9.33473,5.04075,1.92918,0.580827,0.0414877,0.0207438,0,0,0.0207438
59364,59386,59375,6.1,-105.175,39.9215,488.005,-10.7265,322.126,241.866,126.959,10347.3,0.244503,0.0827885,14.1766,16.1624,20.8591,27.4035,33.9824,43.5141,54.4099,24.1745,5.75007,1.31233,0.103605,0.0172675,0,0,0
59387,59409,59398,6.2,-105.173,39.9205,481.57,-11.4178,322.496,32.4039,20.7829,1954.53,0.282136,0.0153402,2.80269,2.38748,2.73349,1.97226,3.1833,4.39434,7.12782,5.34587,1.83386,0.484415,0.121104,0.0173005,0,0,0
59410,59431,59420,6.3,-105.172,39.9196,475.237,-11.9205,323.094,27.2797,20.528,2116.29,0.309278,0.0162156,2.62131,2.15128,1.46432,1.73549,1.68125,3.16365,5.54994,5.40532,2.40437,0.9039,0.18078,0,0.018078,0,0
59432,59451,59442,6.4,-105.17,39.919,469.142,-12.234,323.906,12.4747,7.96187,785.969,0.29615,0.00591744,1.96343,1.17012,0.83297,0.594978,0.793304,1.34862,2.51874,2.28075,0.713974,0.138828,0.099163,0.0198326,0,0,0
59452,59472,59462,6.5,-105.169,39.9184,462.748,-12.5785,324.749,58.2163,82.7848,11376.7,0.412274,0.069876,4.2022,2.08128,1.40734,1.1893,1.22895,2.29932,7.37367,14.7077,11.4569,8.24583,3.25076,0.713581,0.0594651,0,0
59473,59492,59482,6.6,-105.167,39.9177,457.018,-13.0645,325.297,192.824,300.873,41818.9,0.416975,0.256797,9.2622,3.22594,2.1968,2.35513,3.46343,6.3925,25.0554,53.1983,40.4924,32.5365,12.1913,2.29576,0.158328,0,0
59493,59513,59503,6.7,-105.165,39.9172,451.033,-13.7386,325.676,252.465,402.905,56216.6,0.418584,0.344615,10.7165,3.62917,2.62212,2.50812,3.34416,7.20134,32.1305,71.2534,56.8697,42.277,16.7018,2.96414,0.228011,0,0.0190009
59514,59533,59524,6.8,-105.163,39.9169,445.169,-14.383,326.08,373.368,610.151,85755,0.421641,0.522354,15.0413,4.40623,3.50495,3.10439,3.9656,9.61359,46.8662,105.149,85.2805,65.7129,25.476,4.92696,0.24034,0.0600849,0.0200283
59534,59554,59544,6.9,-105.162,39.9165,439.187,-15.3119,326.176,388.202,639.596,90211.8,0.423135,0.545886,14.5051,5.07677,3.24456,3.16821,3.79804,10.2871,47.5423,111.555,87.5648,68.212,28.0368,4.75232,0.400798,0.0381712,0.0190856
59555,59573,59564,7,-105.16,39.9163,433.8,-15.9784,326.482,433.298,709.352,99845.6,0.422268,0.606157,17.9072,5.41675,3.86608,3.5262,4.60955,11.3858,54.2738,121.781,97.4591,76.663,30.6525,5.45924,0.276148,0,0.0212422
59574,59591,59582,7.1,-105.158,39.916,427.764,-16.8665,326.657,402.006,645.981,89879.1,0.417408,0.554894,15.9286,5.02508,4.00584,3.17623,4.24287,11.2827,52.953,113.515,90.9018,69.877,26.2869,4.66953,0.142219,0,0
59592,59608,59600,7.2,-105.157,39.9159,422.251,-17.7553,326.73,402.303,651.372,90931.8,0.418801,0.558682,15.1517,5.05847,3.18233,3.44356,4.32226,10.4732,51.6059,117.461,89.3426,70.4624,26.551,4.91598,0.308733,0,0.0237487
59609,59625,59617,7.3,-105.155,39.9157,416.857,-18.6635,326.765,384.386,616.575,85766.1,0.417303,0.528998,15.4423,5.25085,3.36532,3.31758,4.17681,10.6926,47.7589,111.557,88.3097,64.49,25.3473,4.36775,0.310277,0,0
59626,59646,59636,7.4,-105.153,39.9153,410.915,-19.6457,326.85,351.687,565.828,78851.6,0.418068,0.48687,14.1803,4.77184,3.28426,3.12971,4.11499,8.92547,44.2023,99.6291,81.6816,60.8168,22.4103,4.28886,0.193192,0.0193192,0.0386384
59647,59668,59658,7.5,-105.15,39.9152,405.471,-20.549,326.926,324.916,521.543,72788.5,0.418691,0.446207,13.5414,5.22926,2.96585,3.00487,3.5317,8.05852,39.4341,95.5901,73.5413,53.9901,21.6585,4.11707,0.234146,0.0195122,0
59669,59694,59682,7.6,-105.148,39.9149,399.72,-21.4935,327.033,293.944,463.435,64278.1,0.416098,0.397549,13.1539,4.73286,3.05499,3.29243,3.4982,7.80368,37.1348,84.78,65.7061,48.5949,18.789,3.24494,0.142461,0,0.015829
59695,59722,59708,7.7,-105.145,39.9148,394.131,-22.3082,327.285,265.187,413.581,57094.9,0.414151,0.355067,11.9464,4.73126,3.25274,2.7944,3.50409,6.94904,33.1188,77.637,58.7416,43.0545,16.5003,2.80919,0.147852,0,0
59723,59750,59736,7.8,-105.142,39.9145,388.754,-23.2029,327.407,262.176,402.279,55204.2,0.411685,0.345058,11.9622,5.00397,3.4939,2.8721,3.37546,7.01741,33.9767,77.7541,57.5161,40.5796,15.7077,2.73886,0.177656,0,0
59751,59771,59761,7.9,-105.139,39.9144,383.703,-23.8429,327.792,239.406,352.955,47665.8,0.405144,0.305499,12.3749,5.82232,3.76971,3.07892,3.27629,7.79599,30.2761,69.631,52.6377,36.3747,12.2762,1.97367,0.0789467,0.0394734,0
59772,59791,59782,8,-105.136,39.9146,378.322,-24.5575,328.171,240.505,349.373,46454.8,0.398898,0.304311,10.5596,4.83375,3.81721,3.04962,3.29857,8.02858,32.7575,73.4813,51.8642,36.0768,11.1404,1.49369,0.0829828,0,0.0207457
59792,59818,59805,8.1,-105.133,39.9146,373.332,-25.167,328.607,228.32,334.858,44712.3,0.400578,0.291581,10.3922,4.44058,3.62339,2.74453,3.36127,7.49348,30.2206,68.2277,50.2957,34.9387,10.9781,1.52645,0.0770934,0,0
59819,59838,59828,8.2,-105.13,39.915,368.282,-26.0085,328.769,185.236,266.721,35240.8,0.396377,0.233925,8.22853,4.20801,3.24975,2.43731,3.16642,5.5204,26.4146,52.7459,41.7259,28.4978,8.22853,0.791605,0.0208317,0,0
59839,59865,59852,8.3,-105.128,39.9155,362.63,-26.9667,328.952,181.533,260.038,34345.9,0.396241,0.227364,8.31912,4.01239,2.97443,2.74206,2.78853,6.32067,25.1123,53.6792,38.8535,27.8543,7.73043,1.08443,0.0619674,0,0
59866,59896,59881,8.4,-105.125,39.916,357.863,-27.6761,329.243,133.557,190.225,25172,0.396983,0.166031,6.42844,3.61515,2.35121,1.64449,2.16094,4.60728,18.0214,39.6443,28.4999,19.9513,5.87122,0.733903,0,0.0271816,0
59897,59930,59914,8.5,-105.121,39.9163,352.643,-28.5653,329.427,55.2743,70.9228,9171.72,0.38796,0.0613449,3.76335,2.03023,1.46078,1.08939,1.21319,2.53779,8.2571,15.3505,10.4606,6.90774,1.93119,0.247589,0,0.0123795,0.0123795
59931,59963,59947,8.6,-105.118,39.9168,347.987,-29.1552,329.882,34.9581,41.9021,5321.64,0.381005,0.0361242,3.21141,1.67374,1.19747,0.830068,0.830068,1.46963,5.00762,9.19878,6.382,3.9054,1.12944,0.108861,0.0136077,0,0
59964,59995,59980,8.7,-105.114,39.9174,342.969,-30.0203,330.087,35.3248,42.164,5371.37,0.382177,0.0363669,3.57217,1.98454,1.0055,0.886426,0.621821,1.37595,5.1201,9.08918,6.39021,3.99553,1.19072,0.0926117,0,0,0
59996,60027,60012,8.8,-105.11,39.9179,338.107,-30.8535,330.298,28.6889,33.0315,4253.27,0.386292,0.0277875,3.01411,1.68516,1.16454,0.80833,0.767229,1.20565,4.23346,7.23387,4.58967,2.79491,0.986437,0.164406,0.027401,0.0137005,0
