api/src/app/data/B2SAP/Locations/Boulder/NOAA-POPS-B2SAP_GMLBalloon_20210817_R0.ict
61,1001
Thornberry, T. D.
NOAA Chemical Sciences Laboratory
Portable Optical Particle Spectrometer (POPS)
Balloon Baseline Stratospheric Aerosol Profiles (B2SAP)
1,1
2021,08,17,2024,05,28
0
TIME_START,s,Seconds since midnight UTC on flight start day,Start time of 100 m altitude bin in UTC_seconds_since_midnight
28
1.0,1.0,1.0,1.0,1.0,1.0,1.0,1.0,1.0,1.0,1.0,1.0,1.0,1.0,1.0,1.0,1.0,1.0,1.0,1.0,1.0,1.0,1.0,1.0,1.0,1.0,1.0,1.0
99999,99999,99999,99999,99999,99999,99999,99999,99999,99999,99999,99999,99999,99999,99999,99999,99999,99999,99999,99999,99999,99999,99999,99999,99999,99999,99999,99999
TIME_STOP,s,End time of 100 m altitude bin in UTC seconds since midnight,
TIME_MID,s,Mid time of 100 m altitude in UTC seconds since midnight,
GPSAlt,m,GPS reported altitude above sea level (m),
GPS_Lon,deg,GPS reported longitude,
GPS_Lat,deg,GPS reported latitude,
iMet_Pressure,mb,Pressure reported (mB),
iMet_Temperature,degrees C,Ambient temperature (oC),
THETA,K,Potential temperature from iMet,
Aerosol_concentration,cm^-3,Aerosol concentration,
Surface_Area_Conc,um^2 cm^-3,Surface area concentration,
Volume_density,um^3 cm^-3,Volume density,
Effective_radius,um,Effective radius,
Extinction,km^-1,Extinction,
Bin01,cm^-3,particle concentration in size range [140 - 170 nm],
Bin02,cm^-3,particle concentration in size range [170 - 205 nm],
Bin03,cm^-3,particle concentration in size range [205 - 249 nm],
Bin04,cm^-3,particle concentration in size range [249 - 302 nm],
Bin05,cm^-3,particle concentration in size range [302 - 366 nm],
Bin06,cm^-3,particle concentration in size range [366 - 443 nm],
Bin07,cm^-3,particle concentration in size range [443 - 537 nm],
Bin08,cm^-3,particle concentration in size range [537 - 651 nm],
Bin09,cm^-3,particle concentration in size range [651 - 789 nm],
Bin10,cm^-3,particle concentration in size range [789 - 956 nm],
Bin11,cm^-3,particle concentration in size range [956 - 1159 nm],
Bin12,cm^-3,particle concentration in size range [1159 - 1404 nm],
Bin13,cm^-3,particle concentration in size range [1404 - 1702 nm],
Bin14,cm^-3,particle concentration in size range [1702 - 2062 nm],
Bin15,cm^-3,particle concentration in size range [2062 - 2500 nm],
0
19
PI_CONTACT_INFO: 325 Broadway R/CSL6, Boulder, CO 80305; troy.thornberry@noaa.gov; 303-497-3373 
PLATFORM: GML ECC/FPH balloon
LOCATION: Boulder, CO, USA
ASSOCIATED_DATA: N/A
INSTRUMENT_INFO: Printed Optical Particle Spectrometer counts particles from 140 - 2500 nm in diameter 
DATA_INFO: Particle concentrations reported in number per cubic centimeter, binned to 100 m altitude
UNCERTAINTY: Counting uncertainty dominated by air flow, less than 5 percent
ULOD_FLAG: -77777
ULOD_VALUE: 3000 ~3000 per cm3 (varies depending on flow rate- manufacturer quotes 1250  per cm3 at 1.667 cc/s)
LLOD_FLAG: -88888
LLOD_VALUE: 0 0 (varies depending on data field and measurement precision)
DM_CONTACT_INFO: Troy Thornberry, 325 Broadway R/CSL6, Boulder, CO 80305; troy.thornberry@noaa.gov; 303-497-3373
PROJECT_INFO: B2SAP Boulder, CO, USA
STIPULATIONS_ON_USE: Please contact the PIs for questions regarding applications and uncertainties
OTHER_COMMENTS: POPS bin Edges (nm):  140, 170, 205, 249, 302, 366, 443, 537, 651, 789, 956, 1159, 1404, 1702, 2062, 2500
Calculations assume sulfate refractive index of 1.45+0.00j and extinction wavelength = 532 nm
REVISION: R0
R0: QA/QC data
TIME_START,TIME_STOP,TIME_MID,GPSAlt,GPS_Lon,GPS_Lat,iMet_Pressure,iMet_Temperature,THETA,Aerosol_concentration,Surface_Area_Conc,Volume_density,Effective_radius,Extinction,Bin01,Bin02,Bin03,Bin04,Bin05,Bin06,Bin07,Bin08,Bin09,Bin10,Bin11,Bin12,Bin13,Bin14,Bin15
[from data line 153]
60855,60877,60866,17,-104.957,39.9217,95.0148,-63.333,411.059,16.832,2.79563,146.466,0.157173,0.000711516,4.85874,4.23137,3.67075,2.38932,0.974417,0.427142,0.14683,0.0533927,0.0266963,0.0400445,0.0133482,0,0,0,0
60878,60899,60888,17.1,-104.956,39.9228,93.4514,-63.69,412.301,15.5946,2.34007,101.807,0.130517,0.000460367,4.31786,4.38773,3.45149,2.16592,0.88034,0.251526,0.0558946,0.0558946,0.0279473,0,0,0,0,0,0
60900,60923,60912,17.2,-104.955,39.9237,91.9096,-64.1917,413.284,16.0234,2.6303,142.417,0.162434,0.000638282,4.88284,3.85488,3.50794,2.26153,0.963719,0.30839,0.128496,0.0385488,0.0256992,0.0256992,0.0128496,0.0128496,0,0,0
60924,60947,60936,17.3,-104.954,39.9244,90.4183,-64.7792,414.047,16.1807,2.53764,121.543,0.143689,0.000543393,4.42583,4.54196,3.40647,2.30969,1.04517,0.270969,0.0903232,0.0387099,0.0387099,0,0.0129033,0,0,0,0
60948,60969,60958,17.4,-104.954,39.9246,88.9776,-64.7924,415.925,16.1318,2.71204,148.669,0.164454,0.000685723,4.71432,4.13976,3.34422,2.2835,0.957596,0.427235,0.103126,0.0736612,0.058929,0,0.0147322,0.0147322,0,0,0
60970,60992,60981,17.5,-104.953,39.9249,87.4578,-64.5809,418.408,16.7697,2.74859,148.324,0.161892,0.000631632,4.776,4.30645,3.54175,2.60265,1.0196,0.321978,0.0670787,0.0670787,0.0268315,0.0134157,0,0.0134157,0.0134157,0,0
60993,61015,61004,17.6,-104.954,39.9257,86.0032,-63.8073,421.969,15.6492,2.47517,110.94,0.134464,0.00052576,4.07997,3.99613,3.66079,2.55697,0.782459,0.39123,0.0698624,0.0978074,0.0139725,0,0,0,0,0,0
61016,61038,61027,17.7,-104.955,39.9271,84.5378,-63.3139,425.053,16.1726,2.76328,148.332,0.161038,0.000664167,4.1198,4.21313,3.25318,2.94653,1.03995,0.373315,0.119994,0.0266654,0.0399981,0.0133327,0.0133327,0.0133327,0,0,0
61039,61062,61050,17.8,-104.956,39.9288,83.1779,-63.8321,425.968,15.7074,2.57665,120.336,0.140108,0.000590088,4.20484,3.8342,3.3741,2.60726,1.0608,0.434543,0.076684,0.0894647,0.0127807,0.0127807,0,0,0,0,0
61063,61086,61074,17.9,-104.956,39.9303,81.8733,-63.9396,427.671,14.2858,2.41262,120.547,0.149896,0.000561405,3.57146,3.78907,2.829,2.48338,1.03687,0.371227,0.115208,0.0512037,0.0256018,0,0,0.0128009,0,0,0
61087,61109,61098,18,-104.955,39.9311,80.4517,-63.3152,431.112,13.7021,2.37196,113.917,0.14408,0.000604679,3.22245,3.48876,3.11592,2.22375,0.945428,0.359529,0.199738,0.146475,0,0,0,0,0,0,0
61110,61135,61122,18.1,-104.954,39.9312,79.268,-63.0648,433.449,12.2111,2.3557,134.547,0.171346,0.000735569,2.76247,2.84804,2.89693,2.09019,0.77007,0.44004,0.195573,0.134457,0.03667,0.0244467,0.0122233,0,0,0,0
61137,61162,61150,18.2,-104.953,39.9312,77.9623,-62.3235,437.051,12.6474,2.27273,112.223,0.148135,0.000602719,2.89788,2.94481,3.0152,2.00622,1.03244,0.504489,0.129055,0.0703938,0.0469292,0,0,0,0,0,0
61163,61185,61174,18.3,-104.953,39.9313,76.6338,-61.63,440.648,11.5745,2.29993,142.724,0.186167,0.000722271,2.69106,2.86468,2.27149,2.0834,0.940426,0.318298,0.231489,0.0723404,0.0578724,0.0144681,0,0.0289362,0,0,0
61186,61208,61197,18.4,-104.953,39.9317,75.4622,-60.7909,444.34,12.5494,2.13943,102.202,0.143312,0.000527379,3.16041,3.0814,2.55466,2.3308,0.869112,0.302872,0.15802,0.0526734,0.0395051,0,0,0,0,0,0
61209,61230,61220,18.5,-104.955,39.9323,74.2618,-60.6145,446.764,11.4331,2.12915,117.12,0.165024,0.000602894,2.87548,2.65534,2.2426,2.0775,0.853012,0.440264,0.192616,0.0412748,0.0275165,0.0137583,0.0137583,0,0,0,0
61231,61252,61242,18.6,-104.957,39.9331,72.9945,-60.4155,449.378,11.4502,2.15754,120.364,0.167363,0.000626239,2.6223,2.73213,2.64975,1.826,0.947322,0.315774,0.205939,0.109834,0.0137293,0.0137293,0,0.0137293,0,0,0
61253,61273,61263,18.7,-104.958,39.9343,71.7867,-59.5419,453.384,10.2908,1.77605,84.9989,0.143575,0.000450982,2.74334,2.48575,2.06073,1.6357,0.785653,0.334868,0.167434,0.0772773,0,0,0,0,0,0,0
61274,61295,61284,18.8,-104.96,39.936,70.6041,-58.5486,457.659,8.80273,1.558,77.7448,0.149702,0.000431647,2.04743,2.43975,1.91257,1.25053,0.613003,0.269721,0.183901,0.0613003,0.0245201,0,0,0,0,0,0
61296,61317,61306,18.9,-104.961,39.9379,69.5359,-59.0314,458.615,9.0929,1.7914,105.166,0.176118,0.000582052,2.33466,2.31009,1.58511,1.4008,0.724975,0.380919,0.172028,0.15974,0,0.0122877,0,0.0122877,0,0,0
61318,61338,61328,19,-104.963,39.9398,68.4847,-59.4947,459.63,8.05734,1.43745,70.1544,0.146414,0.000381868,2.19616,1.83964,1.51164,1.28347,0.684517,0.342259,0.142608,0.0570431,0,0,0,0,0,0,0
61339,61361,61350,19.1,-104.964,39.9421,67.2365,-59.0178,463.074,7.50838,1.41332,75.2476,0.159725,0.000446577,2.05307,1.74804,1.47821,1.12626,0.434078,0.410615,0.140782,0.0821229,0.0351955,0,0,0,0,0,0
61362,61384,61373,19.2,-104.965,39.9442,66.2132,-59.2409,464.628,6.93107,1.21432,61.1689,0.151119,0.000350339,2.00669,1.89589,1.13261,0.935632,0.492438,0.233908,0.13542,0.0984876,0,0,0,0,0,0,0
61385,61406,61396,19.3,-104.965,39.9461,65.1838,-59.5795,465.973,7.25941,1.40329,73.1106,0.156299,0.000432175,1.67624,1.80518,1.37967,1.22494,0.52866,0.335248,0.219201,0.090259,0,0,0,0,0,0,0
61407,61429,61418,19.4,-104.965,39.9476,64.1162,-59.7048,467.898,6.67019,1.3153,72.3137,0.164937,0.000426761,1.70303,1.5224,1.18696,1.08374,0.606381,0.335445,0.141919,0.0516069,0.0258034,0.0129017,0,0,0,0,0
61430,61452,61441,19.5,-104.966,39.9492,63.075,-59.665,470.187,6.64901,1.25627,65.1957,0.155689,0.000379595,1.69919,1.5145,1.31749,1.00966,0.627962,0.24626,0.135443,0.0861909,0.012313,0,0,0,0,0,0
61453,61475,61464,19.6,-104.967,39.9509,62.0859,-60.23,471.055,6.64905,1.11652,54.0175,0.14514,0.000289447,2.00213,1.66844,1.28532,0.877477,0.346047,0.346047,0.074153,0.0370765,0.0123588,0,0,0,0,0,0
61476,61497,61486,19.7,-104.969,39.9529,61.1268,-60.2827,473.049,6.48714,1.17068,59.3264,0.15203,0.000336793,1.84111,1.60634,1.12444,0.877308,0.55604,0.308911,0.0988516,0.0617822,0.0123564,0,0,0,0,0,0
61498,61523,61510,19.8,-104.969,39.9551,60.1135,-59.1117,477.923,6.88385,1.33869,78.0834,0.174985,0.000431268,1.80907,1.6681,1.45665,0.881039,0.469888,0.305427,0.187955,0.0822303,0.0117472,0,0.0117472,0,0,0,0
61524,61546,61535,19.9,-104.969,39.9568,59.2048,-58.8087,480.686,6.53687,1.22591,65.7514,0.160904,0.000386945,1.66649,1.56087,1.60781,0.727623,0.410755,0.305132,0.164302,0.082151,0,0.0117359,0,0,0,0,0
61547,61568,61558,20,-104.969,39.9577,58.263,-58.816,482.881,6.34606,1.29518,81.8018,0.189476,0.000455337,1.75529,1.60677,1.14769,0.675113,0.54009,0.405068,0.0810136,0.0810136,0.0270045,0.0135023,0.0135023,0,0,0,0
61569,61589,61579,20.1,-104.969,39.9579,57.41,-58.9095,484.699,5.75,1.06326,63.32,0.178657,0.000321517,1.67946,1.46596,1.03898,0.79703,0.384282,0.199257,0.0996287,0.0569307,0.0142327,0,0.0142327,0,0,0,0
61590,61610,61600,20.2,-104.97,39.9579,56.427,-58.851,487.243,6.0165,1.13695,62.0032,0.163604,0.000362395,1.59898,1.57188,1.0434,0.840143,0.474274,0.298115,0.0948548,0.0677534,0.0135507,0.0135507,0,0,0,0,0
61611,61631,61621,20.3,-104.971,39.9577,55.5194,-58.3456,490.651,5.07189,1.0752,62.6872,0.174909,0.00041352,1.45554,1.09541,0.900336,0.540202,0.525196,0.24009,0.150056,0.150056,0.0150056,0,0,0,0,0,0
61632,61653,61642,20.4,-104.973,39.9578,54.6542,-58.2489,493.084,4.51388,0.934521,54.0587,0.173539,0.000345177,1.27751,1.0504,0.70973,0.539395,0.468422,0.269697,0.0851676,0.070973,0.0425838,0,0,0,0,0,0
61654,61676,61665,20.5,-104.975,39.9582,53.7314,-58.1932,495.616,3.85187,0.764738,40.5993,0.159268,0.0002453,1.0427,0.785095,0.736026,0.55202,0.331212,0.245342,0.110404,0.0490684,0,0,0,0,0,0,0
61678,61696,61687,20.6,-104.976,39.9588,52.9388,-58.3506,497.357,3.88135,0.79204,44.1948,0.167396,0.000281215,1.14532,0.795359,0.668101,0.477215,0.397679,0.159072,0.190886,0.0318143,0.0159072,0,0,0,0,0,0
61697,61718,61708,20.7,-104.977,39.9598,52.0074,-58.5963,499.319,3.87197,0.790717,43.3848,0.164603,0.000267926,0.996463,0.854111,0.640583,0.640583,0.341644,0.213528,0.128117,0.0427055,0.0142352,0,0,0,0,0,0
61719,61740,61730,20.8,-104.978,39.961,51.2238,-58.74,501.145,3.94751,0.94895,57.9638,0.183246,0.000387834,0.967526,0.645018,0.696619,0.619217,0.438612,0.335409,0.116103,0.0903025,0.0387011,0,0,0,0,0,0
61741,61761,61751,20.9,-104.978,39.9618,50.414,-58.7665,503.384,3.55948,0.785445,46.9104,0.179174,0.000308014,1.00153,0.839118,0.446627,0.433093,0.338354,0.32482,0.0947391,0.0406025,0.0406025,0,0,0,0,0,0
61762,61782,61772,21,-104.979,39.9621,49.574,-58.07,507.439,3.22474,0.696802,38.1269,0.164151,0.000236898,0.796066,0.634154,0.499228,0.51272,0.377794,0.25636,0.107941,0.0404779,0,0,0,0,0,0,0
61783,61804,61794,21.1,-104.98,39.9621,48.7532,-57.7211,510.698,3.45055,0.755521,41.7828,0.16591,0.00026497,0.890465,0.653935,0.500887,0.459146,0.584368,0.153049,0.166962,0.0417406,0,0,0,0,0,0,0
61805,61824,61814,21.2,-104.981,39.9622,48.0011,-57.6244,513.198,2.86927,0.623022,36.3435,0.175003,0.000237271,0.720717,0.639126,0.584732,0.312764,0.217575,0.244772,0.0679921,0.0679921,0.0135984,0,0,0,0,0,0
61825,61845,61835,21.3,-104.982,39.9624,47.2871,-57.3343,516.096,3.22431,0.742597,42.2894,0.170844,0.000274288,0.721688,0.768248,0.419044,0.419044,0.360844,0.360844,0.128041,0.0465605,0,0,0,0,0,0,0
61846,61866,61856,21.4,-104.983,39.9624,46.4965,-56.6615,520.206,2.40028,0.480856,24.7593,0.15447,0.000144098,0.49955,0.572655,0.475182,0.341156,0.280235,0.14621,0.0731049,0.0121841,0,0,0,0,0,0,0
61867,61888,61878,21.5,-104.984,39.9624,45.7859,-56.895,521.932,2.4169,0.498812,27.1873,0.163512,0.000164904,0.620856,0.476729,0.410208,0.410208,0.243908,0.166301,0.0554336,0.0221734,0.0110867,0,0,0,0,0,0
61889,61910,61900,21.6,-104.985,39.9622,45.0632,-57.1527,523.693,2.26474,0.421305,20.588,0.146602,0.000111678,0.588389,0.455169,0.410762,0.455169,0.155424,0.144322,0.0555084,0,0,0,0,0,0,0,0
61911,61934,61922,21.7,-104.987,39.962,44.3225,-56.4808,527.807,2.43295,0.458915,23.4312,0.153174,0.000136451,0.719749,0.557552,0.324394,0.385218,0.223021,0.131785,0.0810985,0.0101373,0,0,0,0,0,0,0
61935,61956,61946,21.8,-104.989,39.962,43.6382,-56.2818,530.653,2.49274,0.438384,22.0336,0.150783,0.000127086,0.853073,0.631495,0.310208,0.310208,0.144025,0.166183,0.0664732,0.0110789,0,0,0,0,0,0,0
61957,61977,61967,21.9,-104.991,39.9624,42.8986,-56.5157,532.671,2.51854,0.438423,20.8278,0.142518,0.000109677,0.824039,0.568703,0.348185,0.313367,0.255336,0.185699,0.0232124,0,0,0,0,0,0,0,0
61978,61997,61988,22,-104.993,39.9626,42.199,-56.515,535.184,2.26873,0.393446,19.4053,0.147964,0.000109651,0.780639,0.548887,0.34153,0.158567,0.280542,0.0975799,0.04879,0.0121975,0,0,0,0,0,0,0
61998,62017,62008,22.1,-104.995,39.9624,41.542,-56.578,537.43,2.12627,0.444751,24.6021,0.165949,0.000157052,0.647657,0.403258,0.293278,0.305498,0.232179,0.109979,0.109979,0.0244399,0,0,0,0,0,0,0
62018,62039,62028,22.2,-104.996,39.9624,40.8505,-56.0623,541.297,2.31583,0.450587,25.3822,0.168994,0.000146461,0.631589,0.609428,0.265932,0.409979,0.21053,0.121886,0.0332416,0.022161,0,0.0110805,0,0,0,0,0
62040,62060,62050,22.3,-104.998,39.9629,40.2805,-55.931,543.81,2.57542,0.491535,25.9074,0.158122,0.000155802,0.823669,0.603251,0.278423,0.382832,0.232019,0.162414,0.0580049,0.0348029,0,0,0,0,0,0,0
62061,62081,62071,22.4,-105,39.9637,39.5848,-56.0262,546.275,2.17033,0.430205,23.5118,0.163958,0.000146458,0.742788,0.383,0.301758,0.32497,0.185697,0.139273,0.0464242,0.0464242,0,0,0,0,0,0,0
62082,62102,62092,22.5,-105.002,39.9641,38.9243,-55.7614,549.587,1.83182,0.383312,21.5572,0.168718,0.000135113,0.440565,0.417378,0.359409,0.220283,0.197095,0.115938,0.0463753,0.0231877,0.0115938,0,0,0,0,0,0
62103,62126,62114,22.6,-105.004,39.9642,38.3212,-55.7167,552.145,2.13469,0.415924,22.3742,0.161382,0.000138136,0.745611,0.347271,0.377912,0.245132,0.183849,0.142994,0.0612831,0.0306415,0,0,0,0,0,0,0
62127,62149,62138,22.7,-105.006,39.9643,37.7161,-55.1978,556.001,2.2444,0.462987,25.6525,0.166219,0.000163785,0.787698,0.366873,0.312921,0.237389,0.26976,0.151065,0.0863231,0.0323712,0,0,0,0,0,0,0
62150,62170,62160,22.8,-105.008,39.9644,37.1789,-54.7439,559.434,1.97026,0.33719,15.7911,0.140494,8.19364e-05,0.614832,0.36331,0.419203,0.265496,0.195628,0.0698672,0.0419203,0,0,0,0,0,0,0,0
62171,62194,62182,22.9,-105.009,39.9651,36.5687,-54.4278,562.91,1.74539,0.318497,17.4229,0.164111,0.000107402,0.596526,0.452918,0.254076,0.143608,0.154655,0.0773275,0.0331403,0.0220936,0.0110468,0,0,0,0,0,0
62195,62217,62206,23,-105.01,39.966,35.91,-54.4367,565.808,2.12504,0.407767,21.443,0.157759,0.000127779,0.659496,0.476303,0.280896,0.268684,0.244258,0.134342,0.0244258,0.0366387,0,0,0,0,0,0,0
62218,62239,62228,23.1,-105.011,39.9664,35.431,-54.101,568.862,2.0439,0.400041,20.2307,0.151715,0.000115879,0.569814,0.433554,0.322069,0.198196,0.322069,0.148647,0.049549,0,0,0,0,0,0,0,0
62240,62263,62252,23.2,-105.014,39.9669,34.7981,-54.0619,571.897,1.92163,0.377047,19.4174,0.154496,0.000113473,0.511603,0.449212,0.212128,0.336909,0.262041,0.0748687,0.0623906,0.0124781,0,0,0,0,0,0,0
62264,62284,62274,23.3,-105.016,39.9675,34.2725,-53.953,574.678,1.59578,0.287816,14.5999,0.152179,8.48835e-05,0.531926,0.398944,0.172876,0.186174,0.186174,0.0664907,0.0398944,0.0132981,0,0,0,0,0,0,0
62285,62305,62295,23.4,-105.018,39.9681,33.728,-53.921,577.395,1.85718,0.441566,26.2479,0.178329,0.000167165,0.336446,0.403735,0.30953,0.228783,0.363362,0.161494,0,0.0269157,0.0269157,0,0,0,0,0,0
62306,62325,62316,23.5,-105.02,39.9685,33.1622,-53.905,580.237,1.91251,0.31865,15.3196,0.144229,8.41977e-05,0.72284,0.451775,0.240947,0.18071,0.165651,0.105414,0.0451775,0,0,0,0,0,0,0,0
62326,62345,62336,23.6,-105.021,39.969,32.6672,-53.81,582.987,1.88782,0.387413,23.5434,0.182312,0.000155706,0.690667,0.429748,0.199526,0.199526,0.138133,0.138133,0.0460445,0.0153482,0.0306963,0,0,0,0,0,0
62346,62364,62355,23.7,-105.023,39.9694,32.2167,-53.5917,585.886,2.15987,0.43425,23.6023,0.163055,0.000149156,0.647961,0.570823,0.215987,0.231415,0.246842,0.123421,0.107993,0.0154276,0,0,0,0,0,0,0
62365,62384,62374,23.8,-105.025,39.97,31.7063,-53.3021,589.345,1.63661,0.271532,12.4673,0.137745,6.22347e-05,0.580254,0.386836,0.163661,0.223175,0.163661,0.119026,0,0,0,0,0,0,0,0,0
62385,62405,62395,23.9,-105.028,39.9706,31.1986,-53.2357,592.244,2.02362,0.389857,21.5337,0.165705,0.000132226,0.692648,0.380277,0.325952,0.258045,0.176557,0.122232,0.0271627,0.0271627,0.0135813,0,0,0,0,0,0
62406,62425,62416,24,-105.03,39.9711,30.613,-53.484,594.79,1.85177,0.409503,25.8792,0.18959,0.00017773,0.535278,0.376142,0.332741,0.303807,0.115736,0.028934,0.0868019,0.043401,0.028934,0,0,0,0,0,0
62426,62445,62436,24.1,-105.033,39.9716,30.1332,-53.6721,596.966,1.91893,0.399648,21.8844,0.164278,0.000139215,0.619009,0.386881,0.247604,0.216653,0.154752,0.185703,0.108327,0,0,0,0,0,0,0,0
62446,62465,62456,24.2,-105.035,39.9718,29.73,-54.1418,597.991,2.13252,0.463483,25.8042,0.167024,0.000162924,0.576828,0.47195,0.227235,0.332113,0.209756,0.227235,0.0524389,0.0349593,0,0,0,0,0,0,0
62466,62485,62476,24.3,-105.036,39.9718,29.2813,-54.0033,600.966,1.85549,0.398689,22.8892,0.172233,0.000144573,0.48404,0.443703,0.302525,0.181515,0.161347,0.221852,0.0403367,0,0.0201683,0,0,0,0,0,0
62487,62507,62497,24.4,-105.038,39.9718,28.76,-53.7719,604.706,1.57438,0.350878,20.0636,0.171543,0.000125446,0.418871,0.216657,0.274433,0.274433,0.202214,0.129994,0.0288876,0.0144438,0.0144438,0,0,0,0,0,0
62508,62527,62518,24.5,-105.04,39.9719,28.3505,-53.7511,607.234,1.90693,0.37324,19.2147,0.154443,0.000111475,0.537853,0.309673,0.440061,0.211881,0.211881,0.146687,0.0325971,0.0162986,0,0,0,0,0,0,0
62528,62548,62538,24.6,-105.041,39.9717,27.9306,-53.6719,610.062,2.02096,0.362899,17.6467,0.145881,9.53113e-05,0.524673,0.466376,0.330349,0.369214,0.25262,0.0194323,0.0388646,0.0194323,0,0,0,0,0,0,0
62549,62569,62559,24.7,-105.043,39.9719,27.4344,-53.6319,613.295,1.94127,0.450225,25.8497,0.172245,0.000163274,0.435794,0.316941,0.297132,0.33675,0.33675,0.118853,0.0792353,0,0.0198088,0,0,0,0,0,0
