api/src/app/data/B2SAP/Locations/Boulder/NOAA-POPS-B2SAP_GMLBalloon_20190607_R0.ict
61,1001
Thornberry, T. D.
NOAA Chemical Sciences Laboratory
Portable Optical Particle Spectrometer (POPS)
Balloon Baseline Stratospheric Aerosol Profiles (B2SAP)
1,1
2019,06,07,2024,05,30
0
TIME_START,s,Seconds since midnight UTC on flight start day,Start time of 100 m altitude bin in UTC_seconds_since_midnight
28
1.0,1.0,1.0,1.0,1.0,1.0,1.0,1.0,1.0,1.0,1.0,1.0,1.0,1.0,1.0,1.0,1.0,1.0,1.0,1.0,1.0,1.0,1.0,1.0,1.0,1.0,1.0,1.0
99999,99999,99999,99999,99999,99999,99999,99999,99999,99999,99999,99999,99999,99999,99999,99999,99999,99999,99999,99999,99999,99999,99999,99999,99999,99999,99999,99999
TIME_STOP,s,End time of 100 m altitude bin in UTC seconds since midnight,
TIME_MID,s,Mid time of 100 m altitude in UTC seconds since midnight,
GPSAlt,m,GPS reported altitude above sea level (m),
GPS_Lon,deg,GPS reported longitude,
GPS_Lat,deg,GPS reported latitude,
iMet_Pressure,mb,Pressure reported (mB),
iMet_Temperature,degrees C,Ambient temperature (oC),
THETA,K,Potential temperature from iMet,
Aerosol_concentration,cm^-3,Aerosol concentration,
Surface_Area_Conc,um^2 cm^-3,Surface area concentration,
Volume_density,um^3 cm^-3,Volume density,
Effective_radius,um,Effective radius,
Extinction,km^-1,Extinction,
Bin01,cm^-3,particle concentration in size range [140 - 170 nm],
Bin02,cm^-3,particle concentration in size range [170 - 205 nm],
Bin03,cm^-3,particle concentration in size range [205 - 249 nm],
Bin04,cm^-3,particle concentration in size range [249 - 302 nm],
Bin05,cm^-3,particle concentration in size range [302 - 366 nm],
Bin06,cm^-3,particle concentration in size range [366 - 443 nm],
Bin07,cm^-3,particle concentration in size range [443 - 537 nm],
Bin08,cm^-3,particle concentration in size range [537 - 651 nm],
Bin09,cm^-3,particle concentration in size range [651 - 789 nm],
Bin10,cm^-3,particle concentration in size range [789 - 956 nm],
Bin11,cm^-3,particle concentration in size range [956 - 1159 nm],
Bin12,cm^-3,particle concentration in size range [1159 - 1404 nm],
Bin13,cm^-3,particle concentration in size range [1404 - 1702 nm],
Bin14,cm^-3,particle concentration in size range [1702 - 2062 nm],
Bin15,cm^-3,particle concentration in size range [2062 - 2500 nm],
0
19
PI_CONTACT_INFO: 325 Broadway R/CSL6, Boulder, CO 80305; troy.thornberry@noaa.gov; 303-497-3373 
PLATFORM: GML ECC/FPH balloon
LOCATION: Boulder, CO, USA
ASSOCIATED_DATA: N/A
INSTRUMENT_INFO: Printed Optical Particle Spectrometer counts particles from 140 - 2500 nm in diameter 
DATA_INFO: Particle concentrations reported in number per cubic centimeter, binned to 100 m altitude
UNCERTAINTY: Counting uncertainty dominated by air flow, less than 5 percent
ULOD_FLAG: -77777
ULOD_VALUE: 3000 ~3000 per cm3 (varies depending on flow rate- manufacturer quotes 1250  per cm3 at 1.667 cc/s)
LLOD_FLAG: -88888
LLOD_VALUE: 0 0 (varies depending on data field and measurement precision)
DM_CONTACT_INFO: Troy Thornberry, 325 Broadway R/CSL6, Boulder, CO 80305; troy.thornberry@noaa.gov; 303-497-3373
PROJECT_INFO: B2SAP Boulder, CO, USA
STIPULATIONS_ON_USE: Please contact the PIs for questions regarding applications and uncertainties
OTHER_COMMENTS: POPS bin Edges (nm):  140, 170, 205, 249, 302, 366, 443, 537, 651, 789, 956, 1159, 1404, 1702, 2062, 2500
Calculations assume sulfate refractive index of 1.45+0.00j and extinction wavelength = 532 nm
REVISION: R0
R0: QA/QC data
TIME_START,TIME_STOP,TIME_MID,GPSAlt,GPS_Lon,GPS_Lat,iMet_Pressure,iMet_Temperature,THETA,Aerosol_concentration,Surface_Area_Conc,Volume_density,Effective_radius,Extinction,Bin01,Bin02,Bin03,Bin04,Bin05,Bin06,Bin07,Bin08,Bin09,Bin10,Bin11,Bin12,Bin13,Bin14,Bin15
[from data line 151]
60275,60295,60285,16.8,-104.933,40.135,95.3452,-63.5343,410.251,7.3128,2.18583,178.123,0.244469,0.00111004,1.94427,1.42193,1.13174,0.725476,0.551362,0.565871,0.6094,0.246662,0.029019,0.0435285,0.0435285,0,0,0,0
60296,60315,60306,16.9,-104.931,40.1374,93.7779,-62.7784,413.696,6.48024,2.01397,146.457,0.218162,0.00106349,1.42758,0.914291,1.05865,0.882211,0.705769,0.609528,0.481206,0.288724,0.0641608,0.0481206,0,0,0,0,0
60316,60326,60321,17,-104.93,40.1388,92.5336,-61.6636,417.472,6.31059,1.90478,143.502,0.226014,0.000930472,1.26763,1.21251,0.9645,0.744043,0.799157,0.523586,0.523586,0.165343,0.0826714,0,0.0275571,0,0,0,0
60327,60346,60336,17.1,-104.929,40.1405,90.8547,-60.89,421.195,5.3607,1.81097,150.781,0.249779,0.00105045,1.37983,1.0309,0.602683,0.523382,0.507522,0.428222,0.491662,0.222041,0.0951604,0.0634403,0.0158601,0,0,0,0
60347,60367,60357,17.2,-104.927,40.1427,89.331,-61.2565,422.511,6.53343,1.90097,151.316,0.238798,0.000939716,1.73521,1.40325,0.709171,0.799704,0.558284,0.618639,0.347041,0.24142,0.0754438,0.0150888,0.0150888,0,0.0150888,0,0
60368,60387,60378,17.3,-104.926,40.1444,87.9005,-61.109,424.752,5.35784,1.48633,110.538,0.223109,0.000735419,1.49416,1.07157,0.648978,0.784811,0.347128,0.286758,0.437683,0.24148,0.0150925,0.0150925,0,0.0150925,0,0,0
60388,60404,60396,17.4,-104.925,40.1456,86.5035,-61.51,425.897,5.49609,1.60449,113.437,0.212098,0.000835328,1.334,1.15614,0.604748,0.675895,0.498028,0.480241,0.444667,0.21344,0.0711468,0.0177867,0,0,0,0,0
60405,60424,60414,17.5,-104.924,40.1465,85.114,-62.2565,426.364,5.53339,1.68752,124.292,0.22096,0.000902607,1.34555,0.755928,0.93735,0.786165,0.498912,0.453557,0.393082,0.257015,0.0604742,0.0453557,0,0,0,0,0
60425,60444,60434,17.6,-104.924,40.1473,83.6915,-62.9575,426.99,5.74532,1.76616,135.765,0.230611,0.000989238,1.35632,1.28012,0.640062,0.777218,0.457187,0.426708,0.411468,0.228593,0.106677,0.0609583,0,0,0,0,0
60445,60465,60455,17.7,-104.923,40.1481,82.373,-63.1055,428.642,5.02875,1.5356,115.4,0.225449,0.000802621,1.09718,1.02099,0.88384,0.411443,0.44192,0.44192,0.380966,0.289534,0.0457159,0,0.0152386,0,0,0,0
60466,60485,60476,17.8,-104.922,40.1489,81.02,-62.8379,431.216,5.18056,1.46966,109.535,0.223593,0.000728994,1.53973,0.962333,0.593439,0.481167,0.513244,0.465128,0.384933,0.176428,0.0320778,0.0160389,0.0160389,0,0,0,0
60486,60503,60494,17.9,-104.922,40.1498,79.7183,-62.945,432.996,4.52631,1.31928,91.558,0.2082,0.000674682,1.11886,0.847623,0.576384,0.576384,0.322097,0.372954,0.559431,0.101715,0.0339049,0.0169525,0,0,0,0,0
60504,60523,60514,18,-104.923,40.1507,78.3853,-62.1774,436.68,4.86684,1.38993,95.9972,0.207198,0.000697792,1.14889,0.829756,0.893584,0.478706,0.430835,0.462749,0.398921,0.159569,0.0478706,0.0159569,0,0,0,0,0
60524,60541,60532,18.1,-104.924,40.1519,77.0744,-62.3706,438.38,5.442,1.70821,137.828,0.242056,0.000850924,1.32236,0.898523,0.695084,0.796804,0.423832,0.576411,0.525551,0.118673,0.0169533,0.0339065,0.0339065,0,0,0,0
60542,60560,60551,18.2,-104.925,40.1535,75.8432,-61.3316,442.583,4.85533,1.77524,144.487,0.244171,0.00103531,1.06658,0.636765,0.71636,0.509412,0.493493,0.54125,0.493493,0.222868,0.143272,0.0159191,0.0159191,0,0,0,0
60561,60578,60570,18.3,-104.926,40.1551,74.6506,-61.9833,443.217,4.84218,1.5528,122.321,0.236322,0.000816687,0.996462,0.794056,0.840765,0.513801,0.638359,0.404813,0.358104,0.202406,0.0311394,0.0467092,0.0155697,0,0,0,0
60579,60595,60587,18.4,-104.926,40.1567,73.4688,-62.4871,444.179,4.23743,1.49859,120.906,0.242039,0.000849352,0.75439,0.770441,0.56178,0.609932,0.449424,0.321017,0.38522,0.288915,0.0642034,0.0160509,0.0160509,0,0,0,0
60597,60616,60606,18.5,-104.926,40.1584,72.265,-63.204,444.768,4.8395,1.63046,120.385,0.221506,0.000905979,0.9679,0.790679,0.68162,0.518031,0.518031,0.504398,0.545296,0.231751,0.0545296,0.0272648,0,0,0,0,0
60617,60635,60626,18.6,-104.925,40.1604,71.0642,-63.0911,447.133,3.89503,1.50549,122.563,0.244232,0.000927068,0.646776,0.675522,0.560539,0.402438,0.35932,0.474302,0.344947,0.316202,0.0574912,0.0574912,0,0,0,0,0
60636,60657,60646,18.7,-104.924,40.1626,69.8536,-63.1827,449.148,4.18992,1.59031,124.524,0.234906,0.000939076,0.708681,0.596784,0.49732,0.596784,0.385423,0.658949,0.37299,0.236227,0.099464,0.037299,0,0,0,0,0
60658,60676,60667,18.8,-104.923,40.1645,68.7142,-63.3242,450.953,4.64093,1.88388,160.867,0.256175,0.00108966,0.775883,0.646569,0.431046,0.747146,0.474151,0.531623,0.574728,0.373573,0.0431046,0.0143682,0.0143682,0,0.0143682,0,0
60677,60696,60686,18.9,-104.922,40.1658,67.5985,-63.398,452.909,4.86021,1.77995,133.335,0.224728,0.00101172,0.873746,0.668962,0.505134,0.614352,0.668962,0.6007,0.573396,0.259393,0.0682614,0.0273046,0,0,0,0,0
60697,60714,60706,19,-104.921,40.1667,66.5161,-62.6183,456.698,4.23197,1.6574,136.474,0.247026,0.000967617,0.634795,0.680138,0.604567,0.392969,0.54411,0.498768,0.513882,0.272055,0.0302284,0.0453425,0.0151142,0,0,0,0
60715,60735,60725,19.1,-104.92,40.1678,65.4195,-62.11,459.972,4.02637,1.68126,134.986,0.240866,0.00104222,0.63438,0.582594,0.440182,0.401342,0.388396,0.543754,0.686166,0.245984,0.0517861,0.0517861,0,0,0,0,0
60736,60754,60745,19.2,-104.92,40.1688,64.3605,-60.9784,464.611,4.47126,1.84265,141.53,0.230425,0.00109813,0.509384,0.693328,0.466935,0.537683,0.452785,0.693328,0.806524,0.212243,0.0707477,0.0282991,0,0,0,0,0
60755,60773,60764,19.3,-104.92,40.1698,63.3516,-60.4447,467.877,4.53933,2.06776,180.5,0.261879,0.00127594,0.608073,0.593931,0.438378,0.537367,0.509084,0.69292,0.678779,0.325248,0.0848474,0.0424237,0.0282825,0,0,0,0
60774,60791,60782,19.4,-104.919,40.1706,62.3011,-60.8756,469.171,4.5475,1.99613,157.582,0.236832,0.00124043,0.553479,0.40389,0.643232,0.478685,0.658191,0.553479,0.762904,0.388931,0.0747945,0.0299178,0,0,0,0,0
60792,60809,60800,19.5,-104.919,40.1715,61.295,-60.9044,471.292,4.60326,2.21819,205.698,0.278197,0.00139746,0.494813,0.659751,0.584779,0.524802,0.479819,0.584779,0.689739,0.389853,0.10496,0.044983,0.0299887,0.0149943,0,0,0
60810,60829,60820,19.6,-104.919,40.1723,60.2735,-60.785,473.826,4.35598,1.93573,154.101,0.238826,0.00121479,0.47201,0.458524,0.566412,0.552926,0.525954,0.579898,0.701272,0.377608,0.0944019,0.026972,0,0,0,0,0
60830,60848,60839,19.7,-104.92,40.1731,59.3258,-60.1642,477.372,4.39213,2.06092,172.635,0.251297,0.0013284,0.522536,0.536659,0.409555,0.494291,0.423678,0.790866,0.76262,0.282452,0.0847356,0.0847356,0,0,0,0,0
60849,60867,60858,19.8,-104.919,40.1737,58.3511,-60.0837,479.811,3.98375,1.78433,145.596,0.244791,0.00113982,0.567082,0.552905,0.326072,0.439489,0.354426,0.652145,0.680499,0.269364,0.0992394,0.0425312,0,0,0,0,0
60868,60885,60876,19.9,-104.919,40.1739,57.3911,-60.5428,481.061,4.15912,2.03114,173.34,0.256023,0.00130609,0.493709,0.388983,0.359061,0.388983,0.733083,0.583474,0.628357,0.433865,0.104726,0.0299217,0.0149609,0,0,0,0
60886,60903,60894,20,-104.919,40.174,56.4478,-60.6806,483.023,4.14412,1.71997,132.069,0.230358,0.00103408,0.570568,0.375373,0.555553,0.570568,0.450448,0.585583,0.660657,0.285284,0.0750747,0.0150149,0,0,0,0,0
60904,60921,60912,20.1,-104.92,40.1738,55.5611,-60.3578,485.955,4.10786,1.95026,164.072,0.252384,0.00123136,0.47975,0.314836,0.509734,0.509734,0.494742,0.524726,0.82457,0.329828,0.0749609,0.0299844,0.0149922,0,0,0,0
60922,60939,60930,20.2,-104.92,40.1736,54.7294,-60.36,488.047,4.48361,2.14798,172.817,0.241366,0.00136078,0.316863,0.411922,0.586197,0.475294,0.586197,0.712942,0.918903,0.364392,0.0633726,0.0475294,0,0,0,0,0
60940,60957,60948,20.3,-104.92,40.1735,53.7833,-60.2833,490.658,4.59074,2.01771,159.872,0.237703,0.00125888,0.568235,0.523375,0.568235,0.538328,0.403746,0.777585,0.687864,0.4187,0.0747678,0.0299071,0,0,0,0,0
60958,60974,60966,20.4,-104.921,40.1738,52.9294,-60.88,491.531,4.62165,2.10632,166.558,0.237227,0.00131845,0.365285,0.587632,0.508223,0.539987,0.65116,0.619396,0.794098,0.476459,0.0476459,0.0317639,0,0,0,0,0
60975,60992,60984,20.5,-104.922,40.1743,52.0622,-60.2956,495.209,4.38162,1.87875,142.973,0.2283,0.00112909,0.463584,0.44863,0.538356,0.628082,0.44863,0.657991,0.777625,0.373858,0.0299087,0.0149543,0,0,0,0,0
60993,61008,61000,20.6,-104.922,40.1749,51.2181,-59.82,498.65,4.23258,2.06112,178.172,0.259333,0.00132461,0.403103,0.487082,0.520674,0.436695,0.487082,0.655042,0.671838,0.436695,0.0671838,0.0503878,0.0167959,0,0,0,0
61009,61026,61018,20.7,-104.923,40.1754,50.3718,-59.5441,501.667,4.19416,2.12247,179.475,0.253679,0.00141978,0.391246,0.422546,0.406896,0.532095,0.406896,0.625994,0.845091,0.391246,0.109549,0.0625994,0,0,0,0,0
61027,61043,61035,20.8,-104.923,40.1757,49.596,-59.5587,503.869,3.87149,1.84778,160.259,0.260192,0.00117037,0.410115,0.42652,0.377306,0.524948,0.475734,0.590566,0.63978,0.262474,0.0984277,0.0492138,0.0164046,0,0,0,0
61044,61061,61052,20.9,-104.923,40.1756,48.7788,-59.0862,507.382,4.10993,2.02731,164.657,0.243659,0.0013158,0.322046,0.27604,0.506073,0.567415,0.506073,0.582751,0.782113,0.460066,0.0766777,0.0306711,0,0,0,0,0
61062,61080,61071,21,-104.924,40.1757,47.9853,-58.6195,510.877,3.99103,1.71929,136.498,0.238176,0.00102156,0.411977,0.424852,0.54072,0.527846,0.502097,0.514972,0.708086,0.283234,0.0643714,0,0.0128743,0,0,0,0
61081,61098,61090,21.1,-104.925,40.1761,47.2082,-58.4982,513.558,3.98569,1.78438,137.098,0.230497,0.00107801,0.302164,0.417274,0.402886,0.546773,0.561162,0.661883,0.748216,0.258998,0.0719438,0.0143888,0,0,0,0,0
61099,61116,61108,21.2,-104.926,40.1766,46.4735,-58.2582,516.437,3.45633,1.45336,111.507,0.230172,0.000857297,0.372882,0.401565,0.35854,0.44459,0.501956,0.559322,0.530639,0.229466,0.0286832,0.0286832,0,0,0,0,0
61117,61135,61126,21.3,-104.927,40.177,45.7047,-57.9294,519.705,3.09976,1.27884,95.9087,0.224989,0.000741317,0.315717,0.287015,0.444874,0.387471,0.459224,0.473575,0.487926,0.200911,0.0287015,0.0143508,0,0,0,0,0
61136,61154,61145,21.4,-104.928,40.1772,44.9556,-57.4844,523.235,3.2836,1.29523,92.6627,0.214625,0.000716187,0.283768,0.405383,0.513485,0.324306,0.405383,0.648612,0.513485,0.162153,0.0270255,0,0,0,0,0,0
61155,61174,61164,21.5,-104.929,40.1776,44.2311,-57.2226,526.32,3.44728,1.40408,104.238,0.222718,0.000815848,0.307564,0.525422,0.358825,0.461347,0.422901,0.589498,0.474162,0.256304,0.0512607,0,0,0,0,0,0
61175,61194,61184,21.6,-104.93,40.1782,43.5282,-56.6447,530.138,3.44852,1.36425,102.28,0.224914,0.000780158,0.413252,0.413252,0.470252,0.498752,0.299251,0.541502,0.627003,0.142501,0.0142501,0.0285001,0,0,0,0,0
61195,61211,61203,21.7,-104.931,40.1793,42.8044,-56.0862,534.07,3.19459,1.26954,105.04,0.248215,0.000725624,0.514768,0.439066,0.469347,0.227103,0.378506,0.560188,0.378506,0.151402,0.0302804,0.0302804,0.0151402,0,0,0,0
61212,61228,61220,21.8,-104.931,40.1804,42.1553,-55.324,538.28,2.90982,1.03372,81.0728,0.235284,0.00054447,0.369756,0.53052,0.369756,0.546596,0.257222,0.289374,0.369756,0.144687,0.0160764,0,0.0160764,0,0,0,0
61229,61246,61238,21.9,-104.932,40.1811,41.4781,-55.4894,540.37,2.82856,0.872873,56.4494,0.194012,0.000408428,0.589913,0.317646,0.347897,0.363023,0.393275,0.484031,0.242016,0.0907559,0,0,0,0,0,0,0
61247,61264,61256,22,-104.933,40.1813,40.8093,-55.94,541.759,2.95798,1.13419,82.6915,0.218723,0.000623459,0.373811,0.24379,0.341306,0.568843,0.406316,0.422569,0.422569,0.146274,0.0162527,0.0162527,0,0,0,0,0
61265,61280,61272,22.1,-104.933,40.1815,40.1938,-55.1437,546.112,3.08327,1.10347,81.0509,0.220353,0.000621711,0.425279,0.41009,0.607541,0.379713,0.303771,0.379713,0.349336,0.151885,0.0759427,0,0,0,0,0,0
61283,61299,61291,22.2,-104.933,40.1818,39.5047,-55.1987,548.68,2.84789,0.938869,66.8933,0.213746,0.000487351,0.40453,0.339805,0.53398,0.53398,0.307443,0.323624,0.210356,0.161812,0.0161812,0.0161812,0,0,0,0,0
61300,61314,61307,22.3,-104.934,40.1821,38.925,-55.12,551.197,2.54459,0.884818,61.5587,0.208717,0.000474354,0.346202,0.415443,0.380822,0.311582,0.276962,0.276962,0.398132,0.138481,0,0,0,0,0,0,0
61315,61331,61323,22.4,-104.935,40.1821,38.3627,-54.8827,554.104,2.60461,0.858547,61.3861,0.2145,0.000453238,0.42062,0.452976,0.35591,0.35591,0.323554,0.242666,0.339732,0.0808885,0.0161777,0.0161777,0,0,0,0,0
61332,61349,61340,22.5,-104.936,40.1818,37.7333,-54.424,557.892,2.27681,0.811391,59.6277,0.220465,0.000439111,0.274509,0.290656,0.387541,0.371394,0.258361,0.322951,0.242213,0.0807378,0.0322951,0.0161476,0,0,0,0,0
61350,61367,61358,22.6,-104.938,40.1815,37.0721,-54.1521,561.42,2.22145,0.712893,51.3888,0.216255,0.000383136,0.349834,0.384818,0.419801,0.262376,0.279867,0.2099,0.174917,0.0699668,0.0699668,0,0,0,0,0,0
61368,61382,61375,22.7,-104.94,40.1814,36.5067,-54.6158,562.687,2.106,0.521888,30.3311,0.174354,0.000199405,0.371648,0.412942,0.309707,0.371648,0.309707,0.185824,0.103236,0.0412942,0,0,0,0,0,0,0
61383,61398,61390,22.8,-104.942,40.1817,35.9536,-54.9507,564.293,2.55447,0.705215,46.0988,0.196105,0.000308666,0.485709,0.413752,0.395763,0.359785,0.413752,0.287828,0.125925,0.0539677,0,0.0179892,0,0,0,0,0
61399,61415,61407,22.9,-104.943,40.1821,35.3554,-54.8354,567.292,2.46862,0.707849,44.0746,0.186797,0.000313793,0.489805,0.35266,0.372252,0.293883,0.35266,0.293883,0.293883,0.0195922,0,0,0,0,0,0,0
61416,61431,61424,23,-104.943,40.1826,34.7686,-55.1986,569.077,2.38207,0.60213,35.0217,0.174489,0.000231457,0.498574,0.350848,0.38778,0.406245,0.25852,0.313917,0.147726,0.0184657,0,0,0,0,0,0,0
61432,61445,61438,23.1,-104.943,40.1829,34.2267,-54.8517,572.534,2.1847,0.678118,45.9759,0.203398,0.00034283,0.524328,0.284011,0.327705,0.196623,0.196623,0.327705,0.262164,0.043694,0.021847,0,0,0,0,0,0
61447,61462,61454,23.2,-104.944,40.1831,33.6907,-54.7121,575.5,2.12635,0.532051,32.186,0.181483,0.000221994,0.322749,0.550573,0.398691,0.265794,0.227823,0.151882,0.151882,0.0569558,0,0,0,0,0,0,0
61463,61478,61470,23.3,-104.944,40.1829,33.1379,-54.4793,578.834,1.92945,0.523974,33.3643,0.191026,0.000235598,0.32476,0.38207,0.32476,0.362967,0.133725,0.171932,0.191035,0.0191035,0.0191035,0,0,0,0,0,0
61479,61495,61487,23.4,-104.944,40.1828,32.5913,-53.7573,583.518,2.08686,0.55945,36.2219,0.194237,0.000264714,0.593675,0.323823,0.269852,0.287842,0.179902,0.161911,0.179902,0.0899508,0,0,0,0,0,0,0
61496,61510,61503,23.5,-104.945,40.1827,32.075,-54.6686,583.745,1.94948,0.594893,42.2694,0.213161,0.000300446,0.350906,0.389895,0.233937,0.311916,0.214442,0.175453,0.194948,0.0584843,0,0.0194948,0,0,0,0,0
61513,61529,61521,23.6,-104.945,40.1826,31.5193,-54.214,587.896,1.97666,0.458036,26.0247,0.170454,0.00017104,0.443364,0.387943,0.332523,0.332523,0.147788,0.166261,0.166261,0,0,0,0,0,0,0,0
61530,61548,61539,23.7,-104.946,40.1824,31.0663,-54.0812,590.685,1.93105,0.431911,25.2339,0.175271,0.00016791,0.521905,0.38273,0.365333,0.226159,0.121778,0.191365,0.0695873,0.0521905,0,0,0,0,0,0,0
61549,61565,61557,23.8,-104.946,40.1825,30.5725,-54.1631,593.176,2.07949,0.568998,36.0113,0.189867,0.000256414,0.408788,0.444335,0.284375,0.302148,0.124414,0.302148,0.142187,0.0710936,0,0,0,0,0,0,0
61566,61583,61574,23.9,-104.946,40.183,30.0719,-53.8713,596.774,1.77983,0.45007,27.2033,0.181327,0.000186185,0.444957,0.355966,0.195781,0.142386,0.320369,0.195781,0.0711931,0.0533948,0,0,0,0,0,0,0
61584,61598,61591,24,-104.947,40.1834,29.5971,-53.3,601.054,1.67063,0.437045,26.3886,0.181139,0.000182573,0.247501,0.350626,0.330001,0.247501,0.165,0.144375,0.165,0.0206251,0,0,0,0,0,0,0
61599,61615,61607,24.1,-104.948,40.1837,29.1306,-53.0075,604.592,1.74905,0.395736,22.2778,0.168884,0.000142022,0.400825,0.327948,0.291509,0.255071,0.255071,0.127535,0.054658,0.0364386,0,0,0,0,0,0,0
61616,61632,61624,24.2,-104.949,40.1839,28.6267,-53.0653,607.458,1.87714,0.402286,22.5007,0.167796,0.000143812,0.474225,0.414946,0.335909,0.177834,0.256872,0.118556,0.0592781,0.0395187,0,0,0,0,0,0,0
61633,61648,61640,24.3,-104.95,40.1843,28.1757,-52.4736,611.856,1.59424,0.36185,20.9052,0.173319,0.000139624,0.382618,0.403874,0.212565,0.170052,0.191309,0.106283,0.106283,0.0212565,0,0,0,0,0,0,0
