api/src/app/data/B2SAP/Locations/Boulder/NOAA-POPS-B2SAP_GMLBalloon_20200625_R0.ict
61,1001
Thornberry, T. D.
NOAA Chemical Sciences Laboratory
Portable Optical Particle Spectrometer (POPS)
Balloon Baseline Stratospheric Aerosol Profiles (B2SAP)
1,1
2020,06,25,2024,05,28
0
TIME_START,s,Seconds since midnight UTC on flight start day,Start time of 100 m altitude bin in UTC_seconds_since_midnight
28
1.0,1.0,1.0,1.0,1.0,1.0,1.0,1.0,1.0,1.0,1.0,1.0,1.0,1.0,1.0,1.0,1.0,1.0,1.0,1.0,1.0,1.0,1.0,1.0,1.0,1.0,1.0,1.0
99999,99999,99999,99999,99999,99999,99999,99999,99999,99999,99999,99999,99999,99999,99999,99999,99999,99999,99999,99999,99999,99999,99999,99999,99999,99999,99999,99999
TIME_STOP,s,End time of 100 m altitude bin in UTC seconds since midnight,
TIME_MID,s,Mid time of 100 m altitude in UTC seconds since midnight,
GPSAlt,m,GPS reported altitude above sea level (m),
GPS_Lon,deg,GPS reported longitude,
GPS_Lat,deg,GPS reported latitude,
iMet_Pressure,mb,Pressure reported (mB),
iMet_Temperature,degrees C,Ambient temperature (oC),
THETA,K,Potential temperature from iMet,
Aerosol_concentration,cm^-3,Aerosol concentration,
Surface_Area_Conc,um^2 cm^-3,Surface area concentration,
Volume_density,um^3 cm^-3,Volume density,
Effective_radius,um,Effective radius,
Extinction,km^-1,Extinction,
Bin01,cm^-3,particle concentration in size range [140 - 170 nm],
Bin02,cm^-3,particle concentration in size range [170 - 205 nm],
Bin03,cm^-3,particle concentration in size range [205 - 249 nm],
Bin04,cm^-3,particle concentration in size range [249 - 302 nm],
Bin05,cm^-3,particle concentration in size range [302 - 366 nm],
Bin06,cm^-3,particle concentration in size range [366 - 443 nm],
Bin07,cm^-3,particle concentration in size range [443 - 537 nm],
Bin08,cm^-3,particle concentration in size range [537 - 651 nm],
Bin09,cm^-3,particle concentration in size range [651 - 789 nm],
Bin10,cm^-3,particle concentration in size range [789 - 956 nm],
Bin11,cm^-3,particle concentration in size range [956 - 1159 nm],
Bin12,cm^-3,particle concentration in size range [1159 - 1404 nm],
Bin13,cm^-3,particle concentration in size range [1404 - 1702 nm],
Bin14,cm^-3,particle concentration in size range [1702 - 2062 nm],
Bin15,cm^-3,particle concentration in size range [2062 - 2500 nm],
0
19
PI_CONTACT_INFO: 325 Broadway R/CSL6, Boulder, CO 80305; troy.thornberry@noaa.gov; 303-497-3373 
PLATFORM: GML ECC/FPH balloon
LOCATION: Boulder, CO, USA
ASSOCIATED_DATA: N/A
INSTRUMENT_INFO: Printed Optical Particle Spectrometer counts particles from 140 - 2500 nm in diameter 
DATA_INFO: Particle concentrations reported in number per cubic centimeter, binned to 100 m altitude
UNCERTAINTY: Counting uncertainty dominated by air flow, less than 5 percent
ULOD_FLAG: -77777
ULOD_VALUE: 3000 ~3000 per cm3 (varies depending on flow rate- manufacturer quotes 1250  per cm3 at 1.667 cc/s)
LLOD_FLAG: -88888
LLOD_VALUE: 0 0 (varies depending on data field and measurement precision)
DM_CONTACT_INFO: Troy Thornberry, 325 Broadway R/CSL6, Boulder, CO 80305; troy.thornberry@noaa.gov; 303-497-3373
PROJECT_INFO: B2SAP Boulder, CO, USA
STIPULATIONS_ON_USE: Please contact the PIs for questions regarding applications and uncertainties
OTHER_COMMENTS: POPS bin Edges (nm):  140, 170, 205, 249, 302, 366, 443, 537, 651, 789, 956, 1159, 1404, 1702, 2062, 2500
Calculations assume sulfate refractive index of 1.45+0.00j and extinction wavelength = 532 nm
REVISION: R0
R0: QA/QC data
TIME_START,TIME_STOP,TIME_MID,GPSAlt,GPS_Lon,GPS_Lat,iMet_Pressure,iMet_Temperature,THETA,Aerosol_concentration,Surface_Area_Conc,Volume_density,Effective_radius,Extinction,Bin01,Bin02,Bin03,Bin04,Bin05,Bin06,Bin07,Bin08,Bin09,Bin10,Bin11,Bin12,Bin13,Bin14,Bin15
[from data line 224]
67294,67319,67306,24.1,-104.907,39.9705,30.0492,-52.0181,601.949,2.48336,1.02924,82.7733,0.241264,0.000590884,0.293833,0.284354,0.303311,0.341225,0.341225,0.350704,0.379139,0.151656,0.00947848,0.018957,0.00947848,0,0,0,0
67320,67345,67332,24.2,-104.908,39.9712,29.6023,-51.7615,605.227,2.37919,1.06995,83.4039,0.233853,0.000670908,0.249431,0.220651,0.374147,0.201464,0.287805,0.316586,0.498862,0.16309,0.0671545,0,0,0,0,0,0
67346,67370,67358,24.3,-104.909,39.9716,29.0468,-51.718,608.639,2.65919,1.2014,94.1694,0.235149,0.000749665,0.219933,0.389881,0.319902,0.219933,0.329899,0.319902,0.609813,0.219933,0.00999694,0.0199939,0,0,0,0,0
67371,67395,67383,24.4,-104.91,39.9721,28.4544,-51.8008,612.005,2.52332,0.966828,72.5576,0.225141,0.000563012,0.437512,0.284891,0.356114,0.264542,0.274717,0.345939,0.345939,0.183144,0.0203494,0.0101747,0,0,0,0,0
67396,67418,67407,24.5,-104.91,39.9723,28.0991,-51.8896,613.955,2.63843,1.2003,93.0074,0.232461,0.000752014,0.259333,0.33826,0.270608,0.281884,0.248057,0.417188,0.541216,0.236782,0.0451014,0,0,0,0,0,0
67419,67440,67430,24.6,-104.912,39.9721,27.7445,-51.8418,616.318,2.23661,0.974059,75.2167,0.23166,0.000603523,0.287052,0.275091,0.191368,0.299012,0.227249,0.310973,0.418617,0.179407,0.047842,0,0,0,0,0,0
67441,67463,67452,24.7,-104.913,39.9721,27.2739,-51.9709,618.981,2.30394,0.872179,68.6541,0.236147,0.000477605,0.35711,0.38015,0.195835,0.322551,0.264953,0.299512,0.35711,0.0921575,0.0230394,0,0.0115197,0,0,0,0
67464,67486,67475,24.8,-104.915,39.9724,26.9043,-51.8413,621.756,2.0927,0.914648,76.5875,0.251203,0.000547912,0.268894,0.22213,0.327349,0.210439,0.22213,0.245512,0.444259,0.105219,0.0233821,0.011691,0.011691,0,0,0,0
67487,67509,67498,24.9,-104.918,39.9726,26.4017,-51.6026,625.797,2.39824,0.945335,73.5897,0.233535,0.000578531,0.391792,0.320557,0.391792,0.249322,0.18996,0.28494,0.28494,0.249322,0.023745,0.0118725,0,0,0,0,0
67510,67534,67522,25,-104.92,39.9725,25.9924,-51.5296,628.797,2.24598,1.00516,81.0125,0.24179,0.000645904,0.287663,0.232343,0.331919,0.210215,0.276599,0.265535,0.342983,0.232343,0.0553198,0.011064,0,0,0,0,0
67535,67560,67548,25.1,-104.923,39.9725,25.4885,-51.3096,632.96,1.96485,0.761912,57.5539,0.226616,0.000440578,0.215918,0.259101,0.248305,0.345468,0.269897,0.205122,0.237509,0.151142,0.0215918,0.0107959,0,0,0,0,0
67561,67587,67574,25.2,-104.925,39.9727,25.0981,-51.4078,635.469,2.0817,0.869893,65.6169,0.226293,0.000517526,0.294381,0.199759,0.220786,0.199759,0.336436,0.325922,0.315408,0.147191,0.0420544,0,0,0,0,0,0
67588,67614,67601,25.3,-104.927,39.9729,24.6081,-51.6585,638.338,2.16318,0.759717,53.8986,0.212837,0.000415609,0.353391,0.310555,0.299847,0.278429,0.224885,0.26772,0.278429,0.139214,0.0107088,0,0,0,0,0,0
67615,67642,67628,25.4,-104.93,39.9727,24.3468,-51.1664,641.705,2.0425,0.704803,49.7132,0.211604,0.000382054,0.331776,0.321408,0.248832,0.269568,0.269568,0.228096,0.196992,0.176256,0,0,0,0,0,0,0
67643,67668,67656,25.5,-104.932,39.9723,24.0016,-50.8768,645.181,1.87385,0.743879,63.4855,0.256031,0.000421689,0.294631,0.235705,0.259276,0.22392,0.271061,0.22392,0.235705,0.0824968,0.0117853,0.0235705,0.0117853,0,0,0,0
67669,67693,67681,25.6,-104.934,39.9716,23.5652,-50.8772,648.561,1.93131,0.748027,55.6318,0.223114,0.000428326,0.227919,0.25191,0.299893,0.215923,0.263906,0.215923,0.311889,0.131953,0,0.0119957,0,0,0,0,0
67694,67715,67704,25.7,-104.936,39.9711,23.2755,-51.0582,650.339,1.4547,0.448245,31.0182,0.207597,0.000231239,0.205854,0.233301,0.315643,0.247025,0.137236,0.0960652,0.109789,0.0960652,0.0137236,0,0,0,0,0,0
67716,67739,67728,25.8,-104.939,39.9708,22.9679,-51.0879,652.716,1.85513,0.756071,59.4593,0.235927,0.000457589,0.231892,0.283423,0.257657,0.219009,0.167477,0.18036,0.386486,0.103063,0,0.0257657,0,0,0,0,0
67740,67762,67751,25.9,-104.941,39.9706,22.597,-50.9848,656.073,2.04761,0.758575,59.1089,0.233763,0.000440167,0.229009,0.377192,0.336779,0.282894,0.202067,0.202067,0.282894,0.0808269,0.0269423,0.0269423,0,0,0,0,0
67763,67785,67774,26,-104.944,39.9703,22.2852,-50.963,658.739,2.0866,0.923409,80.8852,0.262782,0.000561748,0.288281,0.315736,0.205915,0.288281,0.137277,0.302008,0.370647,0.123549,0.0137277,0.0274553,0.0137277,0,0,0,0
67786,67810,67798,26.1,-104.947,39.97,22.0016,-50.9092,661.315,1.89315,0.705822,49.9733,0.212405,0.000382083,0.215997,0.228703,0.26682,0.26682,0.228703,0.330349,0.228703,0.114352,0.0127057,0,0,0,0,0,0
67811,67834,67822,26.2,-104.95,39.9698,21.5158,-50.2837,667.424,2.05736,0.663206,46.1072,0.208565,0.000350977,0.349616,0.349616,0.349616,0.228595,0.242042,0.161361,0.255489,0.107574,0.0134468,0,0,0,0,0,0
67835,67861,67848,26.3,-104.954,39.9696,21.1608,-50.2642,670.671,1.69647,0.621611,46.2978,0.223441,0.000353491,0.286903,0.237007,0.199585,0.237007,0.149689,0.324325,0.112266,0.0997924,0.0498962,0,0,0,0,0,0
67862,67887,67874,26.4,-104.959,39.97,20.8304,-49.7472,675.244,1.53695,0.530237,36.2357,0.205016,0.000275771,0.251742,0.225243,0.172245,0.145745,0.251742,0.198744,0.225243,0.0662479,0,0,0,0,0,0,0
67888,67913,67900,26.5,-104.964,39.9706,20.5669,-49.7673,677.65,1.98075,0.638225,44.9689,0.211378,0.000326219,0.370591,0.242801,0.293917,0.370591,0.140569,0.25558,0.242801,0.038337,0.012779,0.012779,0,0,0,0,0
67914,67939,67926,26.6,-104.969,39.9708,20.2258,-49.0869,682.965,1.95286,0.708272,51.1086,0.216479,0.000396827,0.377553,0.247363,0.195286,0.247363,0.221324,0.273401,0.234344,0.14321,0.0130191,0,0,0,0,0,0
67940,67961,67950,26.7,-104.974,39.9712,19.9282,-49.4023,684.899,1.84588,0.721061,54.4524,0.226551,0.000428787,0.356768,0.18614,0.18614,0.232675,0.232675,0.248186,0.201651,0.170628,0.0310233,0,0,0,0,0,0
67962,67982,67972,26.8,-104.978,39.9715,19.6724,-49.0262,688.59,1.77405,0.703194,58.8788,0.251191,0.000441755,0.344954,0.22997,0.246396,0.197117,0.213543,0.164264,0.213543,0.082132,0.0492792,0.0328528,0,0,0,0,0
67983,68002,67992,26.9,-104.982,39.9714,19.2965,-47.804,696.166,1.47897,0.635819,55.9267,0.26388,0.000360368,0.243595,0.191396,0.121798,0.173997,0.191396,0.191396,0.243595,0.104398,0,0,0.0173997,0,0,0,0
68003,68023,68013,27,-104.986,39.9712,19.0043,-48.2848,697.717,1.79306,0.59968,42.1798,0.211011,0.000320729,0.234606,0.402181,0.251363,0.167575,0.201091,0.234606,0.184333,0.100545,0.0167575,0,0,0,0,0,0
68024,68044,68034,27.1,-104.99,39.9708,18.7167,-48.2119,700.997,1.68917,0.759181,69.0018,0.272669,0.00052491,0.272997,0.272997,0.22181,0.255935,0.119436,0.102374,0.153561,0.204748,0.0341246,0.0511869,0,0,0,0,0
68045,68066,68056,27.2,-104.995,39.9706,18.3995,-48.1909,704.488,1.70995,0.721625,62.4834,0.259761,0.000411621,0.293134,0.146567,0.162852,0.244278,0.293134,0.195423,0.227993,0.0977114,0.0325705,0,0.0162852,0,0,0,0
68067,68092,68080,27.3,-105,39.9707,18.1177,-47.4988,709.786,1.70724,0.684315,52.9872,0.232293,0.000410575,0.251888,0.167925,0.293869,0.237894,0.11195,0.251888,0.195913,0.181919,0,0.0139938,0,0,0,0,0
68093,68120,68106,27.4,-105.006,39.971,17.8322,-47.4222,713.25,1.08969,0.375256,26.4745,0.211652,0.000198847,0.149833,0.177075,0.108969,0.204317,0.12259,0.163454,0.0817269,0.0681058,0.0136212,0,0,0,0,0,0
68121,68147,68134,27.5,-105.011,39.9716,17.5593,-47.28,716.854,1.24949,0.451222,33.4815,0.222606,0.000263235,0.249898,0.208248,0.124949,0.124949,0.152715,0.124949,0.138832,0.111066,0.0138832,0,0,0,0,0,0
68148,68173,68160,27.6,-105.014,39.9721,17.2938,-46.9488,721.036,1.31043,0.393811,24.8247,0.189111,0.000176012,0.262085,0.131043,0.218404,0.116482,0.218404,0.232964,0.101922,0.0291206,0,0,0,0,0,0,0
68174,68200,68187,27.7,-105.019,39.9726,16.9774,-46.3104,726.901,1.61325,0.544221,40.9973,0.225996,0.000313765,0.382085,0.32548,0.183967,0.0990592,0.155664,0.113211,0.254724,0.0849079,0,0.0141513,0,0,0,0,0
68201,68226,68214,27.8,-105.024,39.973,16.7104,-46.3988,729.909,1.12059,0.301039,19.2072,0.191409,0.000139867,0.264583,0.249019,0.108946,0.155637,0.108946,0.0778186,0.12451,0.0311274,0,0,0,0,0,0,0
68227,68327,68277,27.9,-105.031,39.9735,16.3658,-45.1726,738.244,1.06868,0.329647,25.8663,0.2354,0.000189053,0.292616,0.152669,0.216281,0.127224,0.0381673,0.0763346,0.101779,0.0254449,0.0254449,0.0127224,0,0,0,0,0
68257,68326,68292,28,-105.04,39.9742,16.2534,-42.5746,748.126,1.20039,0.397095,29.8593,0.225583,0.000227049,0.276407,0.260612,0.165844,0.0552813,0.071076,0.165844,0.110563,0.0789733,0.00789733,0.00789733,0,0,0,0,0
60938,74725,67832,1.8,-105.147,39.956,820.121,29.8565,320.668,354.378,71.3773,4227.55,0.177685,0.0235107,95.789,81.5326,64.3401,45.1725,30.0444,20.6702,14.1896,2.00861,0.2586,0.0958603,0.0891724,0.0713379,0.0423569,0.0378983,0.035669
60980,74761,67870,1.7,-105.141,39.9568,821.147,29.8166,320.51,350.6,70.472,4243.22,0.180634,0.0231495,95.2723,81.7406,62.4673,45.6089,29.0552,20.1451,13.6167,2.02727,0.226828,0.115777,0.134679,0.0637952,0.0472557,0.0283534,0.0496185
68271,68324,68298,28,-105.044,39.9745,16.2811,-44.2058,742.468,1.36225,0.428852,31.3669,0.219425,0.000248055,0.419153,0.209577,0.146704,0.188619,0.0419153,0.0838307,0.125746,0.146704,0,0,0,0,0,0,0
68328,68353,68340,27.9,-105.052,39.9755,16.4658,-45.6492,735.42,1.29652,0.35505,23.6049,0.19945,0.000173657,0.401304,0.169782,0.123478,0.216087,0.138913,0.0926085,0.061739,0.0926085,0,0,0,0,0,0,0
68354,68375,68364,27.8,-105.057,39.9763,16.6823,-47.1036,727.995,1.17327,0.40824,30.2709,0.222449,0.000235118,0.256653,0.146659,0.201656,0.0916619,0.128327,0.0916619,0.201656,0.0183324,0.0366648,0,0,0,0,0,0
68376,68395,68386,27.7,-105.061,39.977,16.9515,-47.311,724.013,1.3825,0.42693,29.4842,0.207183,0.000218765,0.25675,0.21725,0.21725,0.21725,0.13825,0.13825,0.1185,0.0592501,0.01975,0,0,0,0,0,0
68396,68413,68404,27.6,-105.064,39.9777,17.0333,-47.3261,722.958,1.26322,0.365971,24.0133,0.196846,0.000176405,0.283135,0.152457,0.239575,0.130677,0.196016,0.0871183,0.108898,0.0653387,0,0,0,0,0,0,0
68414,68429,68422,27.5,-105.067,39.9784,17.4325,-43.3581,730.815,1.61329,0.589559,43.433,0.221011,0.000334889,0.337105,0.192631,0.21671,0.120395,0.144474,0.288947,0.240789,0.0240789,0.0481579,0,0,0,0,0,0
68430,68445,68438,27.4,-105.069,39.9791,17.7206,-46.8206,716.433,1.19421,0.409006,27.6386,0.202725,0.000207904,0.170602,0.170602,0.0974868,0.219345,0.170602,0.14623,0.170602,0.0487434,0,0,0,0,0,0,0
68446,68460,68453,27.3,-105.072,39.9798,18.0627,-46.3207,714.111,1.49443,0.673351,55.0272,0.245164,0.000440075,0.151975,0.177305,0.253292,0.177305,0.126646,0.227963,0.151975,0.151975,0.0759877,0,0,0,0,0,0
68461,68475,68468,27.2,-105.075,39.9802,18.3414,-45.4743,713.637,1.2443,0.41917,28.6282,0.204892,0.000215074,0.18935,0.1623,0.216399,0.1082,0.18935,0.18935,0.1082,0.0811498,0,0,0,0,0,0,0
68476,68488,68482,27.1,-105.078,39.9805,18.5692,-47.2477,705.597,1.38458,0.403895,26.5852,0.197466,0.000197177,0.173072,0.288453,0.317299,0.201917,0.086536,0.086536,0.173072,0.0576907,0,0,0,0,0,0,0
68489,68503,68496,27,-105.081,39.9807,18.7867,-47.502,702.459,1.36101,0.394109,27.4246,0.208759,0.000205932,0.395931,0.247457,0.17322,0.123728,0.0494913,0.17322,0.148474,0.0247457,0.0247457,0,0,0,0,0,0
68504,68518,68511,26.9,-105.084,39.9807,19.2067,-45.9333,702.886,1.44991,0.491554,34.0892,0.20805,0.000256931,0.294898,0.147449,0.172024,0.245748,0.0982993,0.221173,0.245748,0,0.0245748,0,0,0,0,0,0
68519,68532,68526,26.8,-105.086,39.9809,19.5407,-46.7357,696.961,1.55181,0.585282,43.3288,0.222092,0.000343524,0.336225,0.206907,0.129317,0.129317,0.206907,0.206907,0.155181,0.181044,0,0,0,0,0,0,0
68533,68547,68540,26.7,-105.089,39.9812,19.706,-47.8547,691.852,1.763,0.643018,49.1855,0.229475,0.000365067,0.265658,0.193206,0.33811,0.241507,0.217357,0.144904,0.241507,0.0966029,0,0.0241507,0,0,0,0,0
68548,68562,68555,26.6,-105.091,39.9817,20.0487,-48.3773,686.842,1.4783,0.505579,39.4174,0.233895,0.000289331,0.315047,0.193875,0.315047,0.145406,0.0727031,0.169641,0.169641,0.0727031,0,0.0242344,0,0,0,0,0
68563,68577,68570,26.5,-105.094,39.982,20.364,-48.5993,683.13,1.48966,0.44756,28.7242,0.192538,0.000208495,0.260099,0.307389,0.165517,0.189163,0.0945813,0.283744,0.165517,0.0236453,0,0,0,0,0,0,0
68578,68591,68584,26.4,-105.096,39.9825,20.6821,-49.1536,678.414,1.49572,0.521427,37.6554,0.216648,0.000294373,0.177458,0.304214,0.304214,0.126756,0.126756,0.152107,0.152107,0.152107,0,0,0,0,0,0,0
68592,68605,68598,26.3,-105.099,39.983,20.9307,-49.195,675.988,1.60727,0.775235,58.683,0.227091,0.000469095,0.125568,0.0753408,0.100454,0.200909,0.276249,0.326477,0.376704,0.100454,0.0251136,0,0,0,0,0,0
68606,68619,68612,26.2,-105.101,39.9832,21.3,-49.1393,672.782,1.55499,0.549198,39.8535,0.2177,0.000310971,0.172777,0.29619,0.246825,0.29619,0.0740474,0.148095,0.148095,0.172777,0,0,0,0,0,0,0
68620,68633,68626,26.1,-105.102,39.9832,21.6157,-48.8729,670.76,1.77503,0.711018,56.3537,0.237773,0.000433432,0.320491,0.271185,0.197225,0.172572,0.123266,0.246531,0.295838,0.123266,0,0.0246531,0,0,0,0,0
68634,68646,68640,26,-105.104,39.9831,21.8631,-49.2523,667.456,1.72087,0.668268,50.1053,0.224933,0.000395023,0.130369,0.234664,0.312885,0.312885,0.234664,0.0521475,0.260737,0.156442,0.0260737,0,0,0,0,0,0
68647,68659,68653,25.9,-105.105,39.9829,22.3408,-49.3746,662.986,1.81629,0.675452,47.017,0.208824,0.000364849,0.207576,0.233524,0.285418,0.259471,0.103788,0.285418,0.389206,0.0518941,0,0,0,0,0,0,0
68660,68672,68666,25.8,-105.106,39.9829,22.7854,-49.3562,659.306,1.57642,0.668507,53.3446,0.23939,0.000410924,0.206744,0.25843,0.129215,0.180901,0.180901,0.155058,0.361802,0.0775289,0,0.025843,0,0,0,0,0
68673,68684,68678,25.7,-105.107,39.9828,23.095,-49.3958,656.659,1.32348,0.423769,29.3779,0.207976,0.000217317,0.165434,0.248152,0.248152,0.165434,0.137862,0.165434,0.137862,0.0275724,0.0275724,0,0,0,0,0,0
68685,68696,68690,25.6,-105.108,39.9826,23.4742,-49.7283,652.64,1.73338,0.838132,69.7066,0.249507,0.000550389,0.220112,0.220112,0.110056,0.192598,0.165084,0.220112,0.440224,0.110056,0.027514,0.027514,0,0,0,0,0
68697,68706,68702,25.5,-105.109,39.9825,23.8511,-49.84,649.35,1.66051,0.628777,44.4576,0.212115,0.000348432,0.216589,0.216589,0.180491,0.252687,0.180491,0.180491,0.360981,0.0721963,0,0,0,0,0,0,0
68707,68716,68712,25.4,-105.11,39.9823,24.139,-49.859,647.075,1.51525,0.469878,32.2047,0.205615,0.000247809,0.322395,0.322395,0.225676,0.0967184,0.0967184,0.161197,0.225676,0.0644789,0,0,0,0,0,0,0
68717,68725,68721,25.3,-105.111,39.9821,24.6111,-50.08,642.866,2.07971,0.841186,62.6751,0.223524,0.000481223,0.0717142,0.251,0.430285,0.251,0.322714,0.322714,0.286857,0.0717142,0.0717142,0,0,0,0,0,0
68726,68735,68730,25.2,-105.111,39.982,24.996,-50.219,639.625,1.63918,0.578468,38.4467,0.199389,0.000282762,0.126091,0.220659,0.283704,0.157613,0.252181,0.378272,0.157613,0.0630453,0,0,0,0,0,0,0
68736,68744,68740,25.1,-105.112,39.982,25.4844,-50.32,635.81,1.71248,0.828457,67.6381,0.24493,0.000563284,0.244639,0.244639,0.139794,0.104845,0.209691,0.104845,0.384433,0.244639,0.0349485,0,0,0,0,0,0
68745,68754,68750,25,-105.112,39.9821,25.87,-49.947,634.145,2.34261,0.782554,52.2008,0.200117,0.000390276,0.462357,0.24659,0.215766,0.369885,0.277414,0.369885,0.339062,0.0616476,0,0,0,0,0,0,0
68755,68764,68760,24.9,-105.113,39.9821,26.25,-49.823,631.858,2.05924,0.765902,55.4432,0.217168,0.00042914,0.338085,0.276615,0.215145,0.24588,0.24588,0.30735,0.30735,0.092205,0.030735,0,0,0,0,0,0
68765,68774,68770,24.8,-105.114,39.982,26.597,-49.631,630.038,1.7951,0.655719,45.9927,0.210422,0.000352382,0.273829,0.212978,0.182553,0.304254,0.152127,0.33468,0.212978,0.121702,0,0,0,0,0,0,0
68775,68785,68780,24.7,-105.115,39.982,26.9891,-49.5655,627.585,2.2365,0.797015,57.1886,0.215261,0.000441236,0.381842,0.24547,0.354568,0.327293,0.190921,0.272744,0.327293,0.109098,0.0272744,0,0,0,0,0,0
68786,68797,68792,24.6,-105.116,39.982,27.5283,-49.6325,623.868,1.81877,0.841706,65.6075,0.233838,0.000535875,0.199317,0.224232,0.199317,0.149488,0.174403,0.249147,0.423549,0.174403,0.0249147,0,0,0,0,0,0
