api/src/app/data/B2SAP/Locations/Boulder/NOAA-POPS-B2SAP_GMLBalloon_20231117_R0.ict
82,1001
Thornberry, T. D.
NOAA Chemical Sciences Laboratory
Portable Optical Particle Spectrometer (POPS)
Balloon Baseline Stratospheric Aerosol Profiles (B2SAP)
1,1
2023,11,17,2024,05,30
0
TIME_START,s,Seconds since midnight UTC on flight start day,Start time of 100 m altitude bin in UTC_seconds_since_midnight
49
1.0,1.0,1.0,1.0,1.0,1.0,1.0,1.0,1.0,1.0,1.0,1.0,1.0,1.0,1.0,1.0,1.0,1.0,1.0,1.0,1.0,1.0,1.0,1.0,1.0,1.0,1.0,1.0,1.0,1.0,1.0,1.0,1.0,1.0,1.0,1.0,1.0,1.0,1.0,1.0,1.0,1.0,1.0,1.0,1.0,1.0,1.0,1.0,1.0
99999,99999,99999,99999,99999,99999,99999,99999,99999,99999,99999,99999,99999,99999,99999,99999,99999,99999,99999,99999,99999,99999,99999,99999,99999,99999,99999,99999,99999,99999,99999,99999,99999,99999,99999,99999,99999,99999,99999,99999,99999,99999,99999,99999,99999,99999,99999,99999,99999
TIME_STOP,s,End time of 100 m altitude bin in UTC seconds since midnight,
TIME_MID,s,Mid time of 100 m altitude in UTC seconds since midnight,
GPSAlt,km,GPS reported altitude above sea level (km),
GPS_Lon,deg,GPS reported longitude,
GPS_Lat,deg,GPS reported latitude,
iMet_Pressure,hPa,Pressure reported (hPa),
iMet_Temperature,degrees C,Ambient temperature (oC),
THETA,K,Potential temperature from iMet,
Aerosol_concentration,cm^-3,Aerosol concentration,
Surface_Area_Conc,um^2 cm^-3,Surface area concentration,
Volume_density,um^3 cm^-3,Volume density,
Effective_radius,um,Effective radius,
Extinction,km^-1,Extinction,
Bin01,cm^-3,particle concentration in size range [140 - 146.14 nm],
Bin02,cm^-3,particle concentration in size range [146.14 - 152.56 nm],
Bin03,cm^-3,particle concentration in size range [152.56 - 159.25 nm],
Bin04,cm^-3,particle concentration in size range [159.25 - 166.24 nm],
Bin05,cm^-3,particle concentration in size range [166.24 - 173.54 nm],
Bin06,cm^-3,particle concentration in size range [173.54 - 181.16 nm],
Bin07,cm^-3,particle concentration in size range [181.16 - 189.11 nm],
Bin08,cm^-3,particle concentration in size range [189.11 - 197.41 nm],
Bin09,cm^-3,particle concentration in size range [197.41 - 206.07 nm],
Bin10,cm^-3,particle concentration in size range [206.07 - 215.12 nm],
Bin11,cm^-3,particle concentration in size range [215.12 - 224.56 nm],
Bin12,cm^-3,particle concentration in size range [224.56 - 234.41 nm],
Bin13,cm^-3,particle concentration in size range [234.41 - 244.70 nm],
Bin14,cm^-3,particle concentration in size range [244.70 - 361.30 nm],
Bin15,cm^-3,particle concentration in size range [361.30 - 472.80 nm],
Bin16,cm^-3,particle concentration in size range [472.80 - 567.00 nm],
Bin17,cm^-3,particle concentration in size range [567.00 - 610.66 nm],
Bin18,cm^-3,particle concentration in size range [610.66 - 657.69 nm],
Bin19,cm^-3,particle concentration in size range [657.69 - 708.33 nm],
Bin20,cm^-3,particle concentration in size range [708.33 - 762.88 nm],
Bin21,cm^-3,particle concentration in size range [762.88 - 821.62 nm],
Bin22,cm^-3,particle concentration in size range [821.62 - 884.89 nm],
Bin23,cm^-3,particle concentration in size range [884.89 - 953.03 nm],
Bin24,cm^-3,particle concentration in size range [953.03 - 1026.42 nm],
Bin25,cm^-3,particle concentration in size range [1026.42 - 1105.46 nm],
Bin26,cm^-3,particle concentration in size range [1105.46 - 1190.59 nm]],
[...]
LOCATION: Boulder, CO, USA
ASSOCIATED_DATA: N/A
INSTRUMENT_INFO: Printed Optical Particle Spectrometer counts particles from 140 - 2500 nm in diameter 
DATA_INFO: Particle concentrations reported in number per cubic centimeter, binned to 100 m altitude
UNCERTAINTY: Counting uncertainty dominated by air flow, less than 5 percent
ULOD_FLAG: -77777
ULOD_VALUE: 3000 ~3000 per cm3 (varies depending on flow rate- manufacturer quotes 1250  per cm3 at 1.667 cc/s)
LLOD_FLAG: -88888
LLOD_VALUE: 0 0 (varies depending on data field and measurement precision)
DM_CONTACT_INFO: Troy Thornberry, 325 Broadway R/CSL6, Boulder, CO 80305; troy.thornberry@noaa.gov; 303-497-3373
PROJECT_INFO: B2SAP Boulder, CO, USA
STIPULATIONS_ON_USE: Please contact the PIs for questions regarding applications and uncertainties
OTHER_COMMENTS: POPS bin Edges (nm):  140, 146.14, 152.56, 159.25, 166.24, 173.54, 181.16, 189.11, 197.41, 206.07, 215.12, 224.56, 234.41, 244.70, 361.30, 472.80, 567.00, 610.66, 657.69, 708.33, 762.88, 821.62, 884.89, 953.03, 1026.42, 1105.46, 1190.59, 1282.27, 1381.01, 1487.36, 1601.89, 1725.25, 1858.10, 2001.18, 2155.28, 2321.25, 2500
Calculations assume sulfate refractive index of 1.45+0.00j and extinction wavelength = 532 nm
REVISION: R0
R0: QA/QC data
TIME_START,TIME_STOP,TIME_MID,GPSAlt,GPS_Lon,GPS_Lat,iMet_Pressure,iMet_Temperature,THETA,Aerosol_concentration,Surface_Area_Conc,Volume_density,Effective_radius,Extinction,Bin01,Bin02,Bin03,Bin04,Bin05,Bin06,Bin07,Bin08,Bin09,Bin10,Bin11,Bin12,Bin13,Bin14,Bin15,Bin16,Bin17,Bin18,Bin19,Bin20,Bin21,Bin22,Bin23,Bin24,Bin25,Bin26,Bin27,Bin28,Bin29,Bin30,Bin31,Bin32,Bin33,Bin34,Bin35,Bin36
[from data line 59]
38521,38531,38526,8.9,-105.133,39.9282,323.503,-38.2167,324.32,21.3328,3.13005,145.743,0.139688,0.000778657,2.49345,2.07787,2.63197,2.49345,2.7705,0.692624,0.831149,1.1082,0.5541,0.969674,0,0.415575,1.1082,1.80082,0.969674,0.415575,0,0,0,0,0,0,0,0,0,0,0,0,0,0,0,0,0,0,0,0
38546,38546,38546,9,-105.13,39.928,319.42,-38.63,324.924,24.8485,3.05543,123.804,0.121558,0.000543894,4.48088,4.88823,1.62941,1.62941,0.814705,2.03676,2.44411,0,0,1.22206,1.62941,1.22206,0.407352,2.03676,0,0.407352,0,0,0,0,0,0,0,0,0,0,0,0,0,0,0,0,0,0,0,0
38590,38599,38594,9.2,-105.122,39.9264,308.797,-40.6667,325.239,20.5776,3.56729,202.057,0.169925,0.00131745,3.49959,3.3596,1.39983,1.25985,1.25985,1.11987,1.39983,0.699917,0.839901,0.699917,0.41995,0.279967,0.699917,1.6798,0.979884,0.699917,0,0.139983,0.139983,0,0,0,0,0,0,0,0,0,0,0,0,0,0,0,0,0
38600,38621,38610,9.3,-105.118,39.9256,304.381,-41.4925,325.419,22.6097,3.43679,191.606,0.167254,0.00114321,4.12047,3.16959,1.37349,2.53567,2.11306,1.69045,1.05653,1.21501,0.633918,0.369785,0.264132,0.581091,0.475438,1.69045,0.581091,0.475438,0.0528265,0.0528265,0,0.0528265,0,0.105653,0,0,0,0,0,0,0,0,0,0,0,0,0,0
38623,38639,38631,9.4,-105.115,39.9251,301.716,-41.8143,325.781,22.3726,3.42914,196.099,0.171558,0.0011624,4.0234,2.92611,2.19458,2.62131,1.95074,1.28017,0.91441,0.792489,0.670567,0.609607,0.609607,0.243843,0.365764,1.95074,0.548646,0.365764,0.0609607,0.0609607,0,0,0.0609607,0.121921,0,0,0,0,0,0,0,0,0,0,0,0,0,0
38654,38687,38670,9.5,-105.107,39.9235,295.949,-42.9038,326.043,20.7695,3.05482,158.71,0.155862,0.000886283,3.73326,2.36615,2.31357,1.78776,1.31453,1.05162,1.31453,1.20937,0.788717,0.841298,0.420649,0.420649,0.420649,1.6826,0.578392,0.315487,0.105162,0.0525811,0,0,0,0,0.0525811,0,0,0,0,0,0,0,0,0,0,0,0,0
38688,38724,38706,9.6,-105.101,39.9219,291.555,-43.4036,326.729,21.6549,3.03594,154.634,0.152803,0.000854662,3.84634,3.07707,2.26934,1.88471,1.76932,1.69239,1.38468,0.769268,0.538488,0.461561,0.423097,0.500024,0.461561,1.50007,0.538488,0.423097,0,0.0384634,0,0,0.0384634,0,0.0384634,0,0,0,0,0,0,0,0,0,0,0,0,0
38727,38751,38739,9.7,-105.096,39.9206,287.768,-43.6146,327.648,18.0997,2.61907,137.542,0.157547,0.000780065,3.15768,2.21363,2.34384,1.69277,1.69277,0.748727,1.17192,0.651067,0.58596,0.358087,0.29298,0.39064,0.39064,1.53001,0.423194,0.29298,0,0.0325534,0.0651067,0,0,0.0651067,0,0,0,0,0,0,0,0,0,0,0,0,0,0
38752,38767,38760,9.8,-105.092,39.9196,283.362,-43.8283,328.794,19.6276,2.77696,143.761,0.155308,0.00081386,3.43215,2.53836,2.10934,1.75183,1.46581,1.64457,1.35856,0.893789,0.536274,0.607777,0.286013,0.321764,0.46477,1.25131,0.46477,0.214509,0.178758,0,0.0715032,0,0,0,0.0357516,0,0,0,0,0,0,0,0,0,0,0,0,0
38768,38786,38777,9.9,-105.088,39.9188,279.136,-43.7669,330.293,20.2011,2.80981,134.756,0.143878,0.000743412,3.73245,2.91393,1.83349,1.57156,1.63704,1.70252,0.78578,0.982225,0.753039,0.523853,0.556594,0.425631,0.261927,1.4406,0.589335,0.39289,0.0654817,0,0,0,0.0327408,0,0,0,0,0,0,0,0,0,0,0,0,0,0,0
38787,38802,38794,10,-105.085,39.918,275.068,-44.5525,330.547,19.0476,2.53359,122.826,0.145437,0.000627516,3.01498,2.34105,2.02181,2.19916,1.52523,1.27693,1.27693,0.92223,0.815819,0.567526,0.461115,0.354704,0.212822,1.41882,0.283763,0.248293,0.0354704,0,0,0,0.0354704,0,0.0354704,0,0,0,0,0,0,0,0,0,0,0,0,0
38803,38817,38810,10.1,-105.081,39.9174,271.026,-45.3479,330.794,18.1818,2.60834,129.439,0.148876,0.000746038,3.14743,2.10847,2.65851,1.65011,1.0084,1.25286,0.947285,0.794497,0.550036,0.458364,0.366691,0.580594,0.366691,1.25286,0.519479,0.397248,0,0.0305576,0.0916727,0,0,0,0,0,0,0,0,0,0,0,0,0,0,0,0,0
38819,38840,38830,10.2,-105.075,39.9164,266.913,-45.624,331.839,16.1234,2.10284,98.8273,0.140991,0.000502252,3.36715,2.65486,1.57565,1.14397,1.35981,1.1008,0.496438,0.669112,0.539607,0.366933,0.280595,0.388517,0.237427,1.40298,0.30218,0.129506,0.0215843,0.0215843,0.0431685,0,0,0,0.0215843,0,0,0,0,0,0,0,0,0,0,0,0,0
38841,38876,38858,10.3,-105.066,39.9152,263.023,-46.069,332.581,12.1373,1.46417,63.654,0.130423,0.000321679,3.09681,2.11083,1.15262,1.12485,0.902656,0.527707,0.541594,0.402724,0.291627,0.347175,0.166644,0.13887,0.166644,0.708238,0.249966,0.180531,0,0.013887,0.013887,0,0,0,0,0,0,0,0,0,0,0,0,0,0,0,0,0
38879,38909,38894,10.4,-105.055,39.9134,258.791,-46.7119,333.182,12.2908,1.44798,62.7156,0.129937,0.000297407,2.71891,2.00341,1.78081,1.16071,0.874505,0.588303,0.524703,0.349802,0.318002,0.222601,0.270301,0.222601,0.222601,0.636003,0.270301,0.0795004,0.0159001,0,0.0159001,0,0,0.0159001,0,0,0,0,0,0,0,0,0,0,0,0,0,0
38910,38940,38925,10.5,-105.046,39.9118,255.202,-47.4646,333.4,11.909,1.52583,73.9269,0.145351,0.00037805,2.49581,1.77172,1.30953,1.15547,0.970592,0.585437,0.770311,0.492999,0.292718,0.308125,0.261906,0.215687,0.154062,0.647061,0.277312,0.12325,0.0462187,0,0,0,0,0,0.0308125,0,0,0,0,0,0,0,0,0,0,0,0,0
38941,38964,38952,10.6,-105.037,39.9098,251.237,-48.3635,333.562,11.9572,1.35266,56.8479,0.12608,0.000275567,3.03814,1.82288,1.30206,1.15015,0.954843,0.868039,0.45572,0.45572,0.325515,0.303814,0.21701,0.238711,0.108505,0.325515,0.21701,0.108505,0.0434019,0,0.021701,0,0,0,0,0,0,0,0,0,0,0,0,0,0,0,0,0
38965,38988,38976,10.7,-105.028,39.908,246.991,-49.1672,333.989,10.8938,1.30744,55.6036,0.127586,0.000268654,2.45292,1.53908,1.2986,1.01002,0.745494,0.577157,0.553108,0.601205,0.312626,0.216434,0.216434,0.192386,0.168337,0.721446,0.0961928,0.168337,0,0,0.0240482,0,0,0,0,0,0,0,0,0,0,0,0,0,0,0,0,0
38989,39015,39002,10.8,-105.019,39.9065,243.796,-49.403,334.883,10.2712,1.22031,51.5089,0.126628,0.000249054,2.67733,1.6713,1.11961,0.941121,0.519239,0.60037,0.340751,0.373203,0.340751,0.243393,0.178488,0.0973573,0.146036,0.697728,0.178488,0.113584,0.0162262,0.0162262,0,0,0,0,0,0,0,0,0,0,0,0,0,0,0,0,0,0
39016,39045,39030,10.9,-105.01,39.9051,239.806,-49.984,335.592,11.0843,1.32451,58.675,0.132898,0.000290419,2.54851,1.93757,1.23935,1.06479,0.768045,0.610945,0.436389,0.366567,0.296745,0.192011,0.174556,0.226922,0.244378,0.680767,0.139645,0.0872779,0.0349111,0,0,0.0174556,0.0174556,0,0,0,0,0,0,0,0,0,0,0,0,0,0,0
39046,39074,39060,11,-105.001,39.9035,236.395,-50.4383,336.282,10.7114,1.39888,64.8567,0.139089,0.000350087,2.57979,1.59917,1.25218,0.844843,0.663805,0.5582,0.512941,0.482768,0.226297,0.211211,0.150865,0.196124,0.165951,0.769411,0.286643,0.150865,0.030173,0.0150865,0,0.0150865,0,0,0,0,0,0,0,0,0,0,0,0,0,0,0,0
39077,39107,39092,11.1,-104.992,39.9022,232.797,-50.7727,337.252,12.1326,1.39927,59.9337,0.128496,0.000286837,2.65401,2.14362,1.31242,1.0791,0.933278,0.743706,0.758288,0.306232,0.320814,0.437474,0.291649,0.145825,0.145825,0.554134,0.145825,0.102077,0,0.0145825,0.0291649,0,0.0145825,0,0,0,0,0,0,0,0,0,0,0,0,0,0,0
39108,39138,39123,11.2,-104.982,39.9014,229.016,-51.3364,337.975,11.8186,1.41493,61.931,0.131309,0.000281151,2.71507,1.75681,1.47732,1.1579,0.758624,0.618877,0.499095,0.439203,0.359348,0.339384,0.15971,0.219602,0.219602,0.718696,0.299457,0.0399276,0.0199638,0,0,0,0,0,0.0199638,0,0,0,0,0,0,0,0,0,0,0,0,0
39139,39167,39153,11.3,-104.974,39.9012,225.62,-51.8522,338.632,12.1767,1.42491,60.1249,0.126586,0.000287457,3.06445,1.67004,1.55654,1.05391,0.956626,0.794486,0.551276,0.40535,0.372922,0.210782,0.16214,0.16214,0.145926,0.664774,0.259424,0.113498,0,0,0.032428,0,0,0,0,0,0,0,0,0,0,0,0,0,0,0,0,0
39168,39197,39182,11.4,-104.964,39.9012,222.037,-52.2058,339.643,12.1808,1.59594,75.0603,0.141096,0.000413536,2.71817,2.03863,1.08727,1.0363,1.07028,0.730508,0.543634,0.424714,0.203863,0.339771,0.271817,0.220851,0.135908,0.81545,0.254828,0.203863,0.0339771,0.0169885,0.0339771,0,0,0,0,0,0,0,0,0,0,0,0,0,0,0,0,0
39198,39220,39209,11.5,-104.956,39.9008,219.065,-52.0373,341.211,11.7559,1.5903,86.821,0.163783,0.000492876,2.62354,1.38187,1.66224,1.28173,1.02138,0.580784,0.54073,0.360487,0.460622,0.300406,0.140189,0.220297,0.180243,0.420568,0.320433,0.100135,0.0400541,0.0400541,0.020027,0,0,0.0400541,0.020027,0,0,0,0,0,0,0,0,0,0,0,0,0
39221,39242,39232,11.6,-104.948,39.9004,215.314,-51.7268,343.379,10.7551,1.35691,65.0611,0.143844,0.000349403,2.49795,1.52652,1.20272,1.13333,0.763262,0.763262,0.624487,0.300679,0.138775,0.254421,0.161904,0.161904,0.231291,0.624487,0.138775,0.161904,0.0231291,0,0,0,0.0462583,0,0,0,0,0,0,0,0,0,0,0,0,0,0,0
39243,39268,39256,11.7,-104.939,39.9,212.443,-52.0919,344.131,11.6729,1.42777,62.241,0.13078,0.000316878,2.61022,2.1717,1.33643,0.835269,0.856151,0.522043,0.626452,0.459398,0.271462,0.313226,0.167054,0.250581,0.12529,0.689097,0.208817,0.187936,0.0417635,0,0,0,0,0,0,0,0,0,0,0,0,0,0,0,0,0,0,0
39272,39295,39284,11.8,-104.928,39.8997,209.096,-52.4652,345.112,11.9394,1.41532,61.8393,0.131078,0.000282186,2.63621,1.79568,1.71927,1.12708,0.783222,0.611295,0.534883,0.51578,0.248339,0.267442,0.210133,0.210133,0.19103,0.745016,0.248339,0.038206,0.038206,0,0,0,0,0,0.019103,0,0,0,0,0,0,0,0,0,0,0,0,0
39296,39308,39302,11.9,-104.92,39.8998,205.572,-53.1762,345.674,11.4809,1.3958,65.1393,0.140005,0.000331652,2.92117,1.73232,1.32472,1.32472,0.747275,0.57744,0.441572,0.203802,0.407605,0.305704,0.135868,0.237769,0.135868,0.57744,0.203802,0.169835,0,0,0,0,0,0.0339671,0,0,0,0,0,0,0,0,0,0,0,0,0,0
39309,39336,39322,12,-104.911,39.9007,202.333,-53.0767,347.404,11.9402,1.40507,64.1886,0.137051,0.000317933,3.22311,1.86794,1.5383,1.20867,0.732525,0.604333,0.512767,0.311323,0.29301,0.164818,0.183131,0.109879,0.146505,0.695899,0.183131,0.0732525,0.0549394,0,0.0183131,0,0,0,0.0183131,0,0,0,0,0,0,0,0,0,0,0,0,0
39337,39366,39352,12.1,-104.897,39.9017,199.389,-52.8464,349.228,12.1762,1.49092,68.516,0.137867,0.000358835,2.9235,1.733,1.40147,1.0398,0.979524,0.858967,0.572645,0.406879,0.271253,0.36167,0.256183,0.165766,0.150696,0.678132,0.135626,0.165766,0.0150696,0,0.0301392,0.0150696,0.0150696,0,0,0,0,0,0,0,0,0,0,0,0,0,0,0
39368,39395,39382,12.2,-104.884,39.9024,196.333,-52.7072,350.995,11.5163,1.47628,71.8856,0.146081,0.000382047,2.48301,1.67565,1.43192,1.14249,0.944457,0.594094,0.472228,0.441762,0.213264,0.319897,0.167565,0.33513,0.228498,0.639793,0.228498,0.106632,0.0304664,0,0,0.0152332,0.0304664,0.0152332,0,0,0,0,0,0,0,0,0,0,0,0,0,0
39396,39425,39410,12.3,-104.87,39.9023,193.22,-52.5425,352.863,11.7505,1.4032,59.4741,0.127154,0.000289404,2.48965,1.71262,1.20518,1.12589,0.951458,0.903885,0.475729,0.459871,0.428156,0.380583,0.285437,0.253722,0.126861,0.618448,0.126861,0.142719,0.0475729,0.0158576,0,0,0,0,0,0,0,0,0,0,0,0,0,0,0,0,0,0
39426,39457,39442,12.4,-104.855,39.9014,190.399,-52.3772,354.615,11.9743,1.46518,64.7649,0.132608,0.000309253,2.42881,1.82814,1.43639,0.848778,1.09688,0.796545,0.522325,0.443976,0.404802,0.404802,0.300337,0.182814,0.130581,0.809604,0.182814,0.104465,0.0130581,0.0130581,0.0130581,0,0,0,0.0130581,0,0,0,0,0,0,0,0,0,0,0,0,0
39458,39480,39469,12.5,-104.842,39.9004,187.619,-52.6815,355.616,12.277,1.51341,68.8999,0.136579,0.000347613,2.60364,1.82445,1.42535,1.15928,0.912224,0.798196,0.589144,0.418102,0.361089,0.380093,0.247061,0.228056,0.247061,0.703172,0.228056,0.0380093,0.0190047,0.0760186,0,0,0,0.0190047,0,0,0,0,0,0,0,0,0,0,0,0,0,0
39481,39509,39495,12.6,-104.83,39.8995,184.708,-53.3226,356.17,11.7728,1.39025,57.1374,0.123296,0.000263725,2.41748,1.63925,1.68893,1.07628,0.827904,0.662324,0.513301,0.480185,0.496743,0.281488,0.34772,0.165581,0.182139,0.629207,0.215255,0.115907,0.0331162,0,0,0,0,0,0,0,0,0,0,0,0,0,0,0,0,0,0,0
39511,39536,39524,12.7,-104.818,39.8983,181.861,-53.5965,357.31,11.175,1.30787,53.0327,0.121647,0.000238204,2.05289,1.72178,1.60589,1.043,0.894001,0.678778,0.612556,0.314556,0.314556,0.264889,0.182111,0.231778,0.281445,0.71189,0.132445,0.0993334,0.0165556,0.0165556,0,0,0,0,0,0,0,0,0,0,0,0,0,0,0,0,0,0
39537,39564,39550,12.8,-104.808,39.8976,179.22,-53.9588,358.214,11.4601,1.28893,50.6747,0.117946,0.000217116,2.44101,1.85453,1.42657,1.062,0.744984,0.681581,0.697432,0.253612,0.44382,0.332865,0.22191,0.253612,0.110955,0.760835,0.0475522,0.0951043,0,0.0317014,0,0,0,0,0,0,0,0,0,0,0,0,0,0,0,0,0,0
39565,39592,39578,12.9,-104.796,39.8971,176.34,-54.3248,359.275,11.4068,1.45123,68.6926,0.142002,0.000354971,2.28136,1.69853,1.59862,1.01579,0.716047,0.649438,0.532872,0.416306,0.399654,0.283088,0.29974,0.249784,0.166522,0.716047,0.199827,0.0832612,0.0166522,0.0499567,0.0166522,0,0,0,0.0166522,0,0,0,0,0,0,0,0,0,0,0,0,0
39594,39621,39608,13,-104.784,39.8965,173.562,-54.7388,360.226,10.5146,1.39902,65.8884,0.141288,0.000358853,1.94092,1.39074,1.19206,1.00867,0.993386,0.626598,0.550183,0.305657,0.336223,0.351506,0.275092,0.152829,0.229243,0.764143,0.137546,0.183394,0.0152829,0.0152829,0.0458486,0,0,0,0,0,0,0,0,0,0,0,0,0,0,0,0,0
39622,39649,39636,13.1,-104.771,39.8957,170.833,-55.4374,360.705,10.8505,1.31011,61.2595,0.140277,0.00028873,2.22017,1.9197,1.26867,1.08505,0.734493,0.734493,0.484098,0.317168,0.233702,0.38394,0.283782,0.150237,0.0667721,0.701107,0.116851,0.116851,0,0,0,0,0,0,0.0333861,0,0,0,0,0,0,0,0,0,0,0,0,0
39651,39679,39665,13.2,-104.759,39.8948,168.278,-55.8723,361.534,9.95806,1.23269,52.6713,0.128187,0.000257696,1.95024,1.69908,1.16719,0.768278,0.694405,0.546659,0.428462,0.398913,0.295491,0.369364,0.280717,0.280717,0.118197,0.605757,0.177295,0.16252,0.0147746,0,0,0,0,0,0,0,0,0,0,0,0,0,0,0,0,0,0,0
39680,39709,39694,13.3,-104.747,39.8937,165.648,-56.3456,362.376,10.8624,1.48397,72.8257,0.147224,0.000398984,1.98789,1.7181,1.22113,1.00814,0.795155,0.610566,0.468574,0.35498,0.425976,0.397578,0.283984,0.17039,0.141992,0.766757,0.255586,0.18459,0.0141992,0.0283984,0.0141992,0,0,0,0.0141992,0,0,0,0,0,0,0,0,0,0,0,0,0
39710,39743,39726,13.4,-104.733,39.8928,162.968,-55.925,364.775,10.55,1.34741,66.8821,0.148913,0.000349707,2.61695,1.37013,1.34273,0.808378,0.685066,0.767274,0.493248,0.397338,0.301429,0.20552,0.287728,0.191819,0.0959093,0.589157,0.232923,0.0685066,0.0274027,0.0274027,0,0.0137013,0,0,0.0274027,0,0,0,0,0,0,0,0,0,0,0,0,0
39744,39777,39760,13.5,-104.719,39.8919,160.42,-55.4047,367.3,11.1341,1.44871,65.0835,0.134775,0.000337124,1.84719,1.83445,1.40131,0.840788,0.942701,0.611482,0.48409,0.471351,0.48409,0.293002,0.178349,0.305741,0.254784,0.726135,0.242045,0.16561,0.0254784,0.0127392,0.0127392,0,0,0,0,0,0,0,0,0,0,0,0,0,0,0,0,0
39778,39809,39794,13.6,-104.706,39.8908,158.033,-55.3858,368.907,11.1238,1.47361,70.9431,0.144427,0.000383268,2.34769,1.53644,1.19228,1.06936,0.884991,0.540828,0.516245,0.417913,0.356455,0.331872,0.245831,0.331872,0.196665,0.700618,0.221248,0.135207,0.0491662,0.0122915,0.0122915,0,0.0122915,0.0122915,0,0,0,0,0,0,0,0,0,0,0,0,0,0
39810,39841,39826,13.7,-104.692,39.89,155.622,-56.0377,369.422,11.536,1.53748,74.7803,0.145915,0.000387327,1.91444,1.48215,1.59331,1.0128,0.839884,0.679318,0.790479,0.518752,0.284078,0.308781,0.358186,0.247025,0.333483,0.728723,0.284078,0.0741074,0,0.0247025,0.0123512,0.0247025,0,0.0123512,0.0123512,0,0,0,0,0,0,0,0,0,0,0,0,0
39842,39873,39858,13.8,-104.679,39.8892,153.096,-56.0693,371.101,11.1426,1.45407,64.0661,0.13218,0.000318328,1.9934,1.48227,1.20115,1.04781,0.907252,0.741135,0.587797,0.536684,0.383346,0.191673,0.255564,0.217229,0.191673,1.00948,0.242786,0.0894474,0.0383346,0.0127782,0.0127782,0,0,0,0,0,0,0,0,0,0,0,0,0,0,0,0,0
39874,39900,39887,13.9,-104.666,39.8883,150.787,-55.5621,373.587,11.6288,1.51175,71.9969,0.142875,0.000374455,1.98851,1.54308,1.11356,1.24083,1.08175,0.890852,0.540874,0.636323,0.461334,0.302253,0.334069,0.222713,0.238621,0.620415,0.174989,0.159081,0.0318161,0,0.0159081,0.0159081,0,0,0.0159081,0,0,0,0,0,0,0,0,0,0,0,0,0
39902,39917,39910,14,-104.658,39.8873,148.565,-54.8655,376.375,10.4992,1.67649,101.662,0.18192,0.000643942,1.92647,1.31642,1.05956,1.12377,0.738478,0.674263,0.57794,0.449509,0.321078,0.385293,0.28897,0.128431,0.224754,0.642155,0.256862,0.128431,0.0642155,0,0.0963233,0.0321078,0.0321078,0.0321078,0,0,0,0,0,0,0,0,0,0,0,0,0,0
