api/src/app/data/B2SAP/Locations/Boulder/NOAA-POPS-B2SAP_GMLBalloon_20230801_R0.ict
82,1001
Thornberry, T. D.
NOAA Chemical Sciences Laboratory
Portable Optical Particle Spectrometer (POPS)
Balloon Baseline Stratospheric Aerosol Profiles (B2SAP)
1,1
2023,08,01,2024,05,30
0
TIME_START,s,Seconds since midnight UTC on flight start day,Start time of 100 m altitude bin in UTC_seconds_since_midnight
49
1.0,1.0,1.0,1.0,1.0,1.0,1.0,1.0,1.0,1.0,1.0,1.0,1.0,1.0,1.0,1.0,1.0,1.0,1.0,1.0,1.0,1.0,1.0,1.0,1.0,1.0,1.0,1.0,1.0,1.0,1.0,1.0,1.0,1.0,1.0,1.0,1.0,1.0,1.0,1.0,1.0,1.0,1.0,1.0,1.0,1.0,1.0,1.0,1.0
99999,99999,99999,99999,99999,99999,99999,99999,99999,99999,99999,99999,99999,99999,99999,99999,99999,99999,99999,99999,99999,99999,99999,99999,99999,99999,99999,99999,99999,99999,99999,99999,99999,99999,99999,99999,99999,99999,99999,99999,99999,99999,99999,99999,99999,99999,99999,99999,99999
TIME_STOP,s,End time of 100 m altitude bin in UTC seconds since midnight,
TIME_MID,s,Mid time of 100 m altitude in UTC seconds since midnight,
GPSAlt,km,GPS reported altitude above sea level (km),
GPS_Lon,deg,GPS reported longitude,
GPS_Lat,deg,GPS reported latitude,
iMet_Pressure,hPa,Pressure reported (hPa),
iMet_Temperature,degrees C,Ambient temperature (oC),
THETA,K,Potential temperature from iMet,
Aerosol_concentration,cm^-3,Aerosol concentration,
Surface_Area_Conc,um^2 cm^-3,Surface area concentration,
Volume_density,um^3 cm^-3,Volume density,
Effective_radius,um,Effective radius,
Extinction,km^-1,Extinction,
Bin01,cm^-3,particle concentration in size range [140 - 146.14 nm],
Bin02,cm^-3,particle concentration in size range [146.14 - 152.56 nm],
Bin03,cm^-3,particle concentration in size range [152.56 - 159.25 nm],
Bin04,cm^-3,particle concentration in size range [159.25 - 166.24 nm],
Bin05,cm^-3,particle concentration in size range [166.24 - 173.54 nm],
Bin06,cm^-3,particle concentration in size range [173.54 - 181.16 nm],
Bin07,cm^-3,particle concentration in size range [181.16 - 189.11 nm],
Bin08,cm^-3,particle concentration in size range [189.11 - 197.41 nm],
Bin09,cm^-3,particle concentration in size range [197.41 - 206.07 nm],
Bin10,cm^-3,particle concentration in size range [206.07 - 215.12 nm],
Bin11,cm^-3,particle concentration in size range [215.12 - 224.56 nm],
Bin12,cm^-3,particle concentration in size range [224.56 - 234.41 nm],
Bin13,cm^-3,particle concentration in size range [234.41 - 244.70 nm],
Bin14,cm^-3,particle concentration in size range [244.70 - 361.30 nm],
Bin15,cm^-3,particle concentration in size range [361.30 - 472.80 nm],
Bin16,cm^-3,particle concentration in size range [472.80 - 567.00 nm],
Bin17,cm^-3,particle concentration in size range [567.00 - 610.66 nm],
Bin18,cm^-3,particle concentration in size range [610.66 - 657.69 nm],
Bin19,cm^-3,particle concentration in size range [657.69 - 708.33 nm],
Bin20,cm^-3,particle concentration in size range [708.33 - 762.88 nm],
Bin21,cm^-3,particle concentration in size range [762.88 - 821.62 nm],
Bin22,cm^-3,particle concentration in size range [821.62 - 884.89 nm],
Bin23,cm^-3,particle concentration in size range [884.89 - 953.03 nm],
Bin24,cm^-3,particle concentration in size range [953.03 - 1026.42 nm],
Bin25,cm^-3,particle concentration in size range [1026.42 - 1105.46 nm],
Bin26,cm^-3,particle concentration in size range [1105.46 - 1190.59 nm]],
[...]
LOCATION: Boulder, CO, USA
ASSOCIATED_DATA: N/A
INSTRUMENT_INFO: Printed Optical Particle Spectrometer counts particles from 140 - 2500 nm in diameter 
DATA_INFO: Particle concentrations reported in number per cubic centimeter, binned to 100 m altitude
UNCERTAINTY: Counting uncertainty dominated by air flow, less than 5 percent
ULOD_FLAG: -77777
ULOD_VALUE: 3000 ~3000 per cm3 (varies depending on flow rate- manufacturer quotes 1250  per cm3 at 1.667 cc/s)
LLOD_FLAG: -88888
LLOD_VALUE: 0 0 (varies depending on data field and measurement precision)
DM_CONTACT_INFO: Troy Thornberry, 325 Broadway R/CSL6, Boulder, CO 80305; troy.thornberry@noaa.gov; 303-497-3373
PROJECT_INFO: B2SAP Boulder, CO, USA
STIPULATIONS_ON_USE: Please contact the PIs for questions regarding applications and uncertainties
OTHER_COMMENTS: POPS bin Edges (nm):  140, 146.14, 152.56, 159.25, 166.24, 173.54, 181.16, 189.11, 197.41, 206.07, 215.12, 224.56, 234.41, 244.70, 361.30, 472.80, 567.00, 610.66, 657.69, 708.33, 762.88, 821.62, 884.89, 953.03, 1026.42, 1105.46, 1190.59, 1282.27, 1381.01, 1487.36, 1601.89, 1725.25, 1858.10, 2001.18, 2155.28, 2321.25, 2500
Calculations assume sulfate refractive index of 1.45+0.00j and extinction wavelength = 532 nm
REVISION: R0
R0: QA/QC data
TIME_START,TIME_STOP,TIME_MID,GPSAlt,GPS_Lon,GPS_Lat,iMet_Pressure,iMet_Temperature,THETA,Aerosol_concentration,Surface_Area_Conc,Volume_density,Effective_radius,Extinction,Bin01,Bin02,Bin03,Bin04,Bin05,Bin06,Bin07,Bin08,Bin09,Bin10,Bin11,Bin12,Bin13,Bin14,Bin15,Bin16,Bin17,Bin18,Bin19,Bin20,Bin21,Bin22,Bin23,Bin24,Bin25,Bin26,Bin27,Bin28,Bin29,Bin30,Bin31,Bin32,Bin33,Bin34,Bin35,Bin36
[from data line 394]
64668,64691,64680,13.2,-105.333,40.0397,180.461,-56.1206,353.983,9.74845,1.54809,88.6382,0.171769,0.000525102,1.62851,1.33447,1.10829,0.904728,0.542837,0.655928,0.588074,0.429746,0.294037,0.271419,0.180946,0.203564,0.0904728,0.88211,0.2488,0.294037,0.0452364,0,0,0,0,0,0.0452364,0,0,0,0,0,0,0,0,0,0,0,0,0
64699,64726,64712,13.1,-105.329,40.0427,183.409,-55.8053,352.859,9.66472,1.41651,70.5213,0.149356,0.000377953,1.40651,1.26586,1.1453,0.94437,0.683161,0.522417,0.622882,0.502324,0.20093,0.221023,0.301395,0.221023,0.160744,0.904184,0.381767,0.140651,0.020093,0,0,0,0,0,0.020093,0,0,0,0,0,0,0,0,0,0,0,0,0
64730,64760,64745,13,-105.326,40.046,186.338,-54.8215,352.855,9.51055,1.31621,62.8546,0.143263,0.000317506,1.39412,1.12675,1.14585,0.99307,0.725705,0.630217,0.53473,0.38195,0.30556,0.30556,0.22917,0.30556,0.15278,0.91668,0.210072,0.0954875,0.038195,0,0,0,0,0,0.0190975,0,0,0,0,0,0,0,0,0,0,0,0,0
64764,64790,64777,12.9,-105.324,40.0501,189.476,-54.16,352.238,8.83294,1.09819,47.5997,0.130032,0.000231038,1.42755,1.07066,1.33832,0.892216,0.646857,0.446108,0.646857,0.356887,0.468414,0.223054,0.178443,0.178443,0.111527,0.579941,0.133832,0.111527,0,0,0,0.0223054,0,0,0,0,0,0,0,0,0,0,0,0,0,0,0,0
64792,64821,64806,12.8,-105.321,40.0547,192.504,-54.0789,350.779,9.6088,1.4364,77.6876,0.162255,0.000485184,1.23856,1.51823,1.31846,0.878975,1.01881,0.439488,0.599301,0.399534,0.199767,0.239721,0.219744,0.259697,0.219744,0.439488,0.219744,0.279674,0.0199767,0.0399534,0.0399534,0,0.0199767,0,0,0,0,0,0,0,0,0,0,0,0,0,0,0
64822,64847,64834,12.7,-105.32,40.0589,195.046,-53.7205,350.038,11.1391,1.75842,90.2913,0.154044,0.000532506,1.53446,1.55341,1.2503,0.776703,0.700927,0.833535,0.435711,0.435711,0.511487,0.28416,0.322048,0.303104,0.340992,1.07981,0.454655,0.227328,0.018944,0.037888,0.018944,0.018944,0,0,0,0,0,0,0,0,0,0,0,0,0,0,0,0
64851,64879,64865,12.6,-105.319,40.0644,198.406,-52.6956,349.961,11.3363,1.67467,89.151,0.159705,0.000507078,1.60378,1.45,1.60378,0.812876,0.59318,0.790907,0.878785,0.61515,0.505301,0.351514,0.175757,0.241666,0.197727,1.0106,0.197727,0.197727,0,0.0219696,0.0219696,0.0219696,0,0.0439393,0,0,0,0,0,0,0,0,0,0,0,0,0,0
64881,64909,64895,12.5,-105.318,40.0689,201.303,-52.0733,349.497,12.8317,1.90137,96.8612,0.152829,0.000541402,2.00038,1.9028,1.02458,1.00019,1.17095,0.609871,0.780635,0.463502,0.536687,0.439107,0.390318,0.536687,0.146369,1.19535,0.292738,0.243949,0.0487897,0,0,0,0.0243949,0.0243949,0,0,0,0,0,0,0,0,0,0,0,0,0,0
64912,64943,64928,12.4,-105.317,40.0734,204.475,-52.277,347.622,16.9018,2.31045,98.0667,0.127334,0.00045025,1.92913,1.81952,2.1922,1.44685,1.42493,0.986488,1.07418,1.0961,0.569971,0.416517,0.526127,0.613815,0.328829,1.77568,0.591893,0.10961,0,0,0,0,0,0,0,0,0,0,0,0,0,0,0,0,0,0,0,0
64946,64975,64960,12.3,-105.316,40.0784,207.987,-51.7643,346.733,19.0087,2.71341,124.062,0.137166,0.000646539,2.57639,2.41929,2.29362,1.38245,1.53955,1.06826,0.879743,1.31962,0.722646,0.439872,0.565549,0.345613,0.439872,2.19936,0.408452,0.377033,0,0.0314194,0,0,0,0,0,0,0,0,0,0,0,0,0,0,0,0,0,0
64976,65011,64994,12.2,-105.316,40.0825,210.921,-51.4888,345.78,18.4679,2.6549,123.946,0.140057,0.000649829,2.01118,2.32597,2.20355,1.48652,1.29415,1.24168,1.10178,0.909403,0.94438,0.647075,0.647075,0.559633,0.437213,1.90625,0.402236,0.209862,0.0699541,0.0524656,0,0,0.0174885,0,0,0,0,0,0,0,0,0,0,0,0,0,0,0
65012,65042,65027,12.1,-105.315,40.0869,214.216,-50.148,346.334,17.4501,2.82599,158.036,0.167767,0.000963908,2.25162,2.61967,1.88357,1.60212,1.34231,1.03921,0.930959,0.649506,0.692807,0.454654,0.476304,0.497955,0.194852,1.60212,0.541255,0.476304,0.0433004,0.0649506,0,0.0216502,0.0216502,0.0216502,0.0216502,0,0,0,0,0,0,0,0,0,0,0,0,0
65049,65080,65064,12,-105.315,40.0915,217.82,-49.3274,345.956,16.6851,2.44426,121.391,0.148992,0.000663712,2.41049,2.39166,1.77021,1.50656,1.33707,0.885103,0.809775,0.772111,0.583792,0.395472,0.395472,0.4708,0.357808,1.86437,0.320144,0.320144,0.018832,0.018832,0.018832,0,0,0.037664,0,0,0,0,0,0,0,0,0,0,0,0,0,0
65081,65113,65097,11.9,-105.314,40.095,220.757,-48.7065,345.589,21.0911,3.19887,164.799,0.154554,0.000884105,2.67139,2.99454,2.39133,1.91737,1.44341,1.3357,1.01254,0.861739,0.861739,0.4955,0.538587,0.560131,0.560131,2.28361,0.775565,0.258522,0.043087,0.0215435,0,0,0,0,0.0646305,0,0,0,0,0,0,0,0,0,0,0,0,0
65116,65149,65132,11.8,-105.314,40.0989,224.277,-48.3148,344.631,24.1112,3.47685,159.068,0.137252,0.000816841,2.39614,2.71438,2.84542,1.92815,1.89071,1.62863,1.59119,1.12319,1.36655,0.917273,0.861114,0.767514,0.542876,2.50846,0.599036,0.318238,0.0561596,0.0374397,0,0.0187199,0,0,0,0,0,0,0,0,0,0,0,0,0,0,0,0
65154,65184,65169,11.7,-105.314,40.1031,227.963,-47.3672,344.476,20.6195,3.21207,153.959,0.143794,0.000785549,2.03089,2.03089,1.88753,1.40967,1.48135,1.60082,0.836247,1.38578,1.19464,0.764569,0.692891,0.740676,0.716783,2.91492,0.621212,0.238928,0,0,0.0477856,0,0,0,0.0238928,0,0,0,0,0,0,0,0,0,0,0,0,0
65185,65216,65200,11.6,-105.314,40.1068,231.153,-46.6084,344.262,22.4278,3.65292,174.527,0.143333,0.000922253,1.52509,2.19792,1.83908,2.0185,1.70451,1.30081,1.34567,1.39052,1.23353,0.941966,0.807399,0.784971,0.627977,3.40902,0.89711,0.358844,0.0224278,0,0,0,0.0224278,0,0,0,0,0,0,0,0,0,0,0,0,0,0,0
65218,65250,65234,11.5,-105.314,40.1102,234.415,-45.7607,344.172,19.1428,2.84902,124.365,0.130956,0.000581891,1.95972,2.13013,1.5905,1.10767,1.44849,1.16447,0.99406,1.30648,1.22127,0.880453,0.710043,0.397624,0.681641,2.69816,0.738444,0.113607,0,0,0,0,0,0,0,0,0,0,0,0,0,0,0,0,0,0,0,0
65252,65282,65267,11.4,-105.314,40.1136,238.081,-45.0562,343.71,19.4966,3.07109,145.829,0.142453,0.000764113,1.37747,2.33111,1.53641,1.58939,1.69535,1.21853,0.953636,1.08609,1.13906,0.900656,0.768207,0.582777,0.635757,2.67548,0.662247,0.291389,0,0.0264899,0,0,0.0264899,0,0,0,0,0,0,0,0,0,0,0,0,0,0,0
65287,65313,65300,11.3,-105.315,40.117,241.915,-44.2147,343.407,19.5678,3.14071,148.846,0.142177,0.000790416,1.78114,1.80588,1.43481,1.53376,1.45955,1.06374,1.3606,1.28638,0.841095,0.890572,0.791619,0.841095,0.667929,2.77067,0.618453,0.346333,0.0494762,0.0247381,0,0,0,0,0,0,0,0,0,0,0,0,0,0,0,0,0,0
65315,65342,65328,11.2,-105.315,40.1197,245.191,-43.3795,343.337,22.236,3.88433,198.572,0.153364,0.00110465,1.79153,1.60184,1.77045,2.14983,1.70722,1.22245,1.41215,1.01169,1.09599,0.800918,0.674457,0.927379,0.758764,3.85705,0.927379,0.400459,0.0632304,0.0210768,0,0,0.0210768,0,0.0210768,0,0,0,0,0,0,0,0,0,0,0,0,0
65347,65374,65360,11.1,-105.315,40.123,249.116,-42.3233,343.354,27.7229,3.97909,178.636,0.134681,0.000854373,2.94136,2.8024,2.9182,2.45499,2.43183,1.78334,1.6907,1.27382,1.43594,1.1117,0.949573,0.76429,0.69481,3.40457,0.74113,0.301084,0,0,0,0,0,0,0.0231603,0,0,0,0,0,0,0,0,0,0,0,0,0
65375,65405,65390,11,-105.315,40.1258,252.703,-41.3615,343.379,27.2161,4.1595,203.181,0.146542,0.00110681,2.91526,3.24844,3.20679,2.39468,2.06151,1.5201,1.31187,1.22857,1.16611,1.10364,0.874579,0.770462,0.728816,3.29008,0.853756,0.374819,0.0208233,0.0624699,0.0208233,0.0208233,0.0416466,0,0,0,0,0,0,0,0,0,0,0,0,0,0,0
65406,65433,65420,10.9,-105.315,40.1285,256.439,-40.7494,342.846,30.4007,4.51897,220.183,0.146173,0.00113282,2.80143,3.839,3.42397,2.80143,2.28265,1.99732,1.7898,1.55635,1.06351,1.11538,1.08945,1.14132,0.674419,3.50179,0.855993,0.31127,0.0259392,0.0259392,0.0259392,0,0,0.0518784,0.0259392,0,0,0,0,0,0,0,0,0,0,0,0,0
65434,65463,65448,10.8,-105.315,40.131,260.024,-39.8935,342.747,31.1624,4.61304,232.996,0.151524,0.00117183,3.3735,3.68901,2.91238,3.10653,1.94158,2.13574,1.72316,1.96585,1.55327,1.33484,1.43192,0.728094,0.533936,3.59193,0.679555,0.315507,0,0,0,0,0,0.0728094,0.0728094,0,0,0,0,0,0,0,0,0,0,0,0,0
65465,65493,65479,10.7,-105.315,40.1337,264.043,-38.9813,342.583,30.538,4.47801,203.282,0.136187,0.000985317,2.8509,3.85257,3.26184,2.2088,2.26017,2.0547,2.02902,1.61808,1.00167,1.33556,0.873248,1.13009,0.796197,4.00667,0.898932,0.333889,0,0,0,0,0,0,0.0256838,0,0,0,0,0,0,0,0,0,0,0,0,0
65495,65524,65510,10.6,-105.315,40.136,267.698,-38.0541,342.589,31.6285,4.37897,186.001,0.127428,0.000847272,2.83348,3.97172,3.34206,2.73661,2.37335,2.20382,2.0343,1.59838,1.59838,1.40463,0.968713,0.871841,0.702317,4.09281,0.605445,0.242178,0,0.0484356,0,0,0,0,0,0,0,0,0,0,0,0,0,0,0,0,0,0
65525,65556,65540,10.5,-105.315,40.1385,271.717,-37.4475,342.019,24.6892,3.65461,175.109,0.143743,0.000905193,2.62941,3.00504,3.17578,1.63911,1.844,2.35623,1.40008,1.02445,0.682964,0.785409,0.819557,0.717112,0.546371,2.8343,0.853705,0.273186,0.0341482,0.0341482,0,0,0,0,0.0341482,0,0,0,0,0,0,0,0,0,0,0,0,0
65557,65588,65572,10.4,-105.314,40.1415,275.812,-36.6816,341.663,23.08,3.28625,152.115,0.138865,0.000760006,2.28663,3.07733,2.77815,2.20115,1.60278,1.66689,0.897555,1.11126,1.41044,0.64111,0.769332,0.790703,0.534259,2.26526,0.790703,0.149592,0.0213703,0.0427407,0.0213703,0,0,0,0.0213703,0,0,0,0,0,0,0,0,0,0,0,0,0
65589,65620,65604,10.3,-105.313,40.1439,279.064,-36.2231,341.181,23.536,3.44736,179.922,0.156574,0.000960894,2.93809,3.15688,2.59427,1.87538,2.0004,1.62533,1.25025,1.21899,1.03146,0.75015,0.875175,0.531356,0.562613,2.18794,0.375075,0.437588,0,0,0,0,0,0.0937688,0.0312563,0,0,0,0,0,0,0,0,0,0,0,0,0
65621,65654,65638,10.2,-105.312,40.1474,283.576,-35.08,341.261,25.9957,3.54837,166.718,0.140953,0.00084863,5.74685,3.12974,2.40127,2.06401,1.76722,1.32205,1.26808,1.17365,1.06573,0.782435,0.714984,0.714984,0.377727,2.33381,0.755454,0.256315,0.0674513,0,0.0134903,0,0,0.0134903,0.0269805,0,0,0,0,0,0,0,0,0,0,0,0,0
65658,65693,65676,10.1,-105.31,40.1509,287.914,-34.4014,340.753,27.1247,3.60445,161.527,0.13444,0.000792358,5.77856,3.29177,2.64491,1.83994,1.81119,1.59557,1.4087,1.12121,1.20746,0.819348,0.819348,0.689977,0.718726,2.38617,0.60373,0.31624,0.028749,0,0.0143745,0,0.0143745,0,0.0143745,0,0,0,0,0,0,0,0,0,0,0,0,0
65694,65729,65712,10,-105.308,40.1542,291.868,-33.553,340.633,28.7737,3.92825,186.462,0.1424,0.00094487,6.22983,3.45105,2.47998,2.55468,1.85251,1.68818,1.52384,1.22505,1.07565,0.687223,0.836619,0.7918,0.537827,2.68913,0.761921,0.253974,0.0149396,0.0298793,0.0149396,0.0298793,0,0,0.0448189,0,0,0,0,0,0,0,0,0,0,0,0,0
65731,65761,65746,9.9,-105.307,40.1569,296.009,-32.75,340.4,27.4497,3.52483,147.935,0.125908,0.000678973,5.65666,3.12605,2.73902,2.20312,2.17335,1.78632,1.45882,1.14622,0.8485,0.863386,0.69964,0.714526,0.580552,2.50084,0.714526,0.208403,0.014886,0,0.014886,0,0,0,0,0,0,0,0,0,0,0,0,0,0,0,0,0
65763,65795,65779,9.8,-105.305,40.1593,300.289,-31.8966,340.211,27.423,3.5541,151.083,0.127528,0.00070747,6.10471,3.26595,2.72851,2.09462,1.68121,1.6123,1.36426,1.08865,1.06109,0.992187,0.689019,0.799262,0.496094,2.3151,0.909505,0.206706,0,0,0,0.0137804,0,0,0,0,0,0,0,0,0,0,0,0,0,0,0,0
65796,65829,65812,9.7,-105.303,40.1617,304.651,-30.8174,340.327,27.5945,3.56202,150.326,0.126608,0.000698621,5.25732,3.2698,3.24415,2.41067,1.76954,1.42332,1.51308,1.30792,1.03864,0.936059,0.756541,0.679605,0.500087,2.55172,0.628314,0.294923,0,0,0.0128227,0,0,0,0,0,0,0,0,0,0,0,0,0,0,0,0,0
65830,65862,65846,9.6,-105.302,40.1637,308.894,-29.9943,340.138,27.1994,3.73216,173.661,0.139593,0.000866119,5.57609,2.88027,2.51137,2.39786,2.11409,1.43304,1.34791,1.22021,1.14927,0.822935,0.723615,0.808746,0.439845,2.65326,0.794558,0.227017,0,0.0425656,0.0141885,0,0,0.0141885,0.0283771,0,0,0,0,0,0,0,0,0,0,0,0,0
65864,65896,65880,9.5,-105.3,40.1656,313.236,-29.3508,339.68,29.1564,3.87478,174.562,0.135153,0.000864205,6.19139,3.94859,2.74822,2.21121,1.89532,1.94271,1.35831,0.97925,1.08981,1.01084,0.600186,0.679157,0.631774,2.77981,0.710746,0.284298,0.0157944,0.0157944,0.0315887,0.0157944,0,0,0.0157944,0,0,0,0,0,0,0,0,0,0,0,0,0
65897,65931,65914,9.4,-105.297,40.1675,317.68,-28.4468,339.571,32.1561,4.16359,179.912,0.129632,0.000850054,6.32709,3.91301,3.2661,2.72964,2.46141,1.71983,1.84606,1.48316,1.34115,0.91514,0.804692,0.583796,0.757357,2.93476,0.741579,0.252452,0.0157783,0.0315565,0,0.0157783,0,0.0157783,0,0,0,0,0,0,0,0,0,0,0,0,0,0
65931,65969,65950,9.3,-105.295,40.1699,321.992,-28.1972,338.61,34.9875,4.635,216.331,0.14002,0.00105286,7.00837,4.23762,3.4906,3.13747,2.5806,2.06448,1.83359,1.4397,1.35821,1.1409,0.89642,0.842091,0.651942,3.16463,0.719852,0.25806,0.0407463,0.0271642,0.0135821,0,0,0.0271642,0.0543285,0,0,0,0,0,0,0,0,0,0,0,0,0
65971,66006,65988,9.2,-105.292,40.1727,326.604,-27.37,338.375,33.7482,4.28054,185.997,0.130355,0.000883648,6.45665,4.27278,3.78446,2.90278,2.57723,2.00753,2.06179,1.27505,1.35644,1.09872,0.813863,0.786734,0.461189,2.98417,0.501882,0.257723,0.0678219,0.0135644,0.0135644,0.0271288,0.0135644,0.0135644,0,0,0,0,0,0,0,0,0,0,0,0,0,0
66007,66044,66026,9.1,-105.29,40.175,331,-26.5639,338.192,34.6988,4.45249,194.773,0.131234,0.000922977,6.8917,4.1856,3.74301,2.71874,2.80726,2.0359,1.69447,1.78299,1.49215,1.11279,0.872527,0.606975,0.657557,3.00959,0.733429,0.252906,0,0.0126453,0.0252906,0.037936,0.0126453,0,0.0126453,0,0,0,0,0,0,0,0,0,0,0,0,0
66045,66092,66068,9,-105.287,40.1775,335.372,-25.5122,338.362,35.3158,4.66265,216.543,0.139326,0.00109229,7.37722,4.24717,3.61484,3.10897,2.58203,2.17101,1.91808,1.31736,1.2752,1.07497,0.874727,0.927421,0.695566,2.87711,0.716644,0.347783,0.0737722,0.0316166,0,0.0105389,0.0421555,0,0.0316166,0,0,0,0,0,0,0,0,0,0,0,0,0
66094,66139,66116,8.9,-105.284,40.1806,340.537,-24.4891,338.28,35.1381,4.59238,212.207,0.138626,0.00103553,7.14747,4.32844,3.55154,2.88563,2.83013,2.23081,1.70918,1.58709,1.06546,1.16535,1.05436,0.776899,0.654815,3.1076,0.599322,0.277464,0.0332957,0.0110986,0.0221971,0.0110986,0.0332957,0.0221971,0.0332957,0,0,0,0,0,0,0,0,0,0,0,0,0
66141,66189,66165,8.8,-105.282,40.1833,345.104,-23.8089,337.916,37.7555,4.83002,208.463,0.129479,0.000988606,6.99381,4.92897,3.89655,3.23048,2.74202,2.5644,2.07594,1.52088,1.66519,1.13233,1.07683,0.965812,0.77709,2.94184,0.765989,0.388545,0.0333039,0.0111013,0.0111013,0.0222026,0,0,0.0111013,0,0,0,0,0,0,0,0,0,0,0,0,0
66189,66238,66214,8.7,-105.278,40.1863,349.536,-22.7202,338.156,35.585,4.80297,224.121,0.139989,0.00111455,7.15105,4.10424,3.3963,2.96616,2.52706,2.32992,1.97147,1.51445,1.30834,1.17392,0.914044,0.851315,0.797548,3.26188,0.914044,0.232992,0.0179224,0.00896121,0.0448061,0.0358449,0.00896121,0.0268836,0.0268836,0,0,0,0,0,0,0,0,0,0,0,0,0
66239,66282,66260,8.6,-105.275,40.1897,354.578,-22.0903,337.622,33.4874,4.53649,206.282,0.136415,0.00104717,6.63379,4.04178,3.00937,2.72381,2.28448,2.05384,2.02089,1.32895,1.3619,1.09831,0.92258,0.88963,0.757833,3.08625,0.713901,0.428341,0.0219662,0.0549155,0.0329493,0,0,0.0219662,0,0,0,0,0,0,0,0,0,0,0,0,0,0
66283,66321,66302,8.5,-105.272,40.1931,359.303,-21.448,337.209,37.0541,4.97876,221.732,0.133607,0.00109074,7.14787,4.44189,3.7654,3.33142,2.65492,2.1316,1.83802,1.58274,1.36575,1.21259,0.957304,0.765843,0.714787,3.66328,1.05942,0.306337,0.0382922,0.0127641,0.0382922,0,0.0127641,0.0127641,0,0,0,0,0,0,0,0,0,0,0,0,0,0
66324,66355,66340,8.4,-105.27,40.1963,364.205,-20.6215,337.009,35.933,4.86674,229.165,0.141264,0.00112733,6.80527,4.42929,3.47597,2.99197,2.50798,2.30264,2.06798,1.43732,1.46665,1.12932,1.09999,0.821325,0.689327,3.47597,0.762659,0.322663,0.029333,0,0.029333,0,0.0146665,0.0146665,0.0586661,0,0,0,0,0,0,0,0,0,0,0,0,0
66355,66385,66370,8.3,-105.267,40.1993,369.188,-19.6612,336.979,37.6861,4.88958,218.248,0.133906,0.00104491,7.46114,4.82779,4.12557,3.16001,2.77964,2.13593,1.68241,1.90186,1.43371,1.24352,0.833892,0.9363,0.819262,2.92594,1.00945,0.321853,0.0292594,0,0,0,0.0146297,0.0146297,0.0292594,0,0,0,0,0,0,0,0,0,0,0,0,0
66386,66413,66400,8.2,-105.266,40.2019,373.975,-19.5904,335.836,37.1062,4.79032,214.539,0.134358,0.00101418,6.98825,4.72781,4.12291,3.66127,2.70616,2.08533,1.9739,1.63961,1.41675,1.05063,0.764091,0.907358,0.541231,3.35882,0.78001,0.270616,0.0159186,0.0159186,0.0159186,0,0,0.0318371,0.0318371,0,0,0,0,0,0,0,0,0,0,0,0,0
