api/src/app/data/B2SAP/Locations/Boulder/NOAA-POPS-B2SAP_GMLBalloon_20190320_R0.ict
61,1001
Thornberry, T. D.
NOAA Chemical Sciences Laboratory
Portable Optical Particle Spectrometer (POPS)
Balloon Baseline Stratospheric Aerosol Profiles (B2SAP)
1,1
2019,03,20,2024,05,30
0
TIME_START,s,Seconds since midnight UTC on flight start day,Start time of 100 m altitude bin in UTC_seconds_since_midnight
28
1.0,1.0,1.0,1.0,1.0,1.0,1.0,1.0,1.0,1.0,1.0,1.0,1.0,1.0,1.0,1.0,1.0,1.0,1.0,1.0,1.0,1.0,1.0,1.0,1.0,1.0,1.0,1.0
99999,99999,99999,99999,99999,99999,99999,99999,99999,99999,99999,99999,99999,99999,99999,99999,99999,99999,99999,99999,99999,99999,99999,99999,99999,99999,99999,99999
TIME_STOP,s,End time of 100 m altitude bin in UTC seconds since midnight,
TIME_MID,s,Mid time of 100 m altitude in UTC seconds since midnight,
GPSAlt,m,GPS reported altitude above sea level (m),
GPS_Lon,deg,GPS reported longitude,
GPS_Lat,deg,GPS reported latitude,
iMet_Pressure,mb,Pressure reported (mB),
iMet_Temperature,degrees C,Ambient temperature (oC),
THETA,K,Potential temperature from iMet,
Aerosol_concentration,cm^-3,Aerosol concentration,
Surface_Area_Conc,um^2 cm^-3,Surface area concentration,
Volume_density,um^3 cm^-3,Volume density,
Effective_radius,um,Effective radius,
Extinction,km^-1,Extinction,
Bin01,cm^-3,particle concentration in size range [140 - 170 nm],
Bin02,cm^-3,particle concentration in size range [170 - 205 nm],
Bin03,cm^-3,particle concentration in size range [205 - 249 nm],
Bin04,cm^-3,particle concentration in size range [249 - 302 nm],
Bin05,cm^-3,particle concentration in size range [302 - 366 nm],
Bin06,cm^-3,particle concentration in size range [366 - 443 nm],
Bin07,cm^-3,particle concentration in size range [443 - 537 nm],
Bin08,cm^-3,particle concentration in size range [537 - 651 nm],
Bin09,cm^-3,particle concentration in size range [651 - 789 nm],
Bin10,cm^-3,particle concentration in size range [789 - 956 nm],
Bin11,cm^-3,particle concentration in size range [956 - 1159 nm],
Bin12,cm^-3,particle concentration in size range [1159 - 1404 nm],
Bin13,cm^-3,particle concentration in size range [1404 - 1702 nm],
Bin14,cm^-3,particle concentration in size range [1702 - 2062 nm],
Bin15,cm^-3,particle concentration in size range [2062 - 2500 nm],
0
19
PI_CONTACT_INFO: 325 Broadway R/CSL6, Boulder, CO 80305; troy.thornberry@noaa.gov; 303-497-3373 
PLATFORM: GML ECC/FPH balloon
LOCATION: Boulder, CO, USA
ASSOCIATED_DATA: N/A
INSTRUMENT_INFO: Printed Optical Particle Spectrometer counts particles from 140 - 2500 nm in diameter 
DATA_INFO: Particle concentrations reported in number per cubic centimeter, binned to 100 m altitude
UNCERTAINTY: Counting uncertainty dominated by air flow, less than 5 percent
ULOD_FLAG: -77777
ULOD_VALUE: 3000 ~3000 per cm3 (varies depending on flow rate- manufacturer quotes 1250  per cm3 at 1.667 cc/s)
LLOD_FLAG: -88888
LLOD_VALUE: 0 0 (varies depending on data field and measurement precision)
DM_CONTACT_INFO: Troy Thornberry, 325 Broadway R/CSL6, Boulder, CO 80305; troy.thornberry@noaa.gov; 303-497-3373
PROJECT_INFO: B2SAP Boulder, CO, USA
STIPULATIONS_ON_USE: Please contact the PIs for questions regarding applications and uncertainties
OTHER_COMMENTS: POPS bin Edges (nm):  140, 170, 205, 249, 302, 366, 443, 537, 651, 789, 956, 1159, 1404, 1702, 2062, 2500
Calculations assume sulfate refractive index of 1.45+0.00j and extinction wavelength = 532 nm
REVISION: R0
R0: QA/QC data
TIME_START,TIME_STOP,TIME_MID,GPSAlt,GPS_Lon,GPS_Lat,iMet_Pressure,iMet_Temperature,THETA,Aerosol_concentration,Surface_Area_Conc,Volume_density,Effective_radius,Extinction,Bin01,Bin02,Bin03,Bin04,Bin05,Bin06,Bin07,Bin08,Bin09,Bin10,Bin11,Bin12,Bin13,Bin14,Bin15
[from data line 310]
65142,65158,65150,21.8,-105.163,39.7446,39.8733,-58.0858,539.982,2.80645,0.856698,55.5972,0.194691,0.000398388,0.397765,0.419863,0.441961,0.441961,0.397765,0.419863,0.132588,0.154686,0,0,0,0,0,0,0
65160,65176,65168,21.7,-105.164,39.7438,40.7221,-58.0093,536.926,2.70377,0.988547,71.7073,0.217614,0.000552889,0.453779,0.283612,0.378149,0.378149,0.321427,0.359242,0.321427,0.170167,0.0378149,0,0,0,0,0,0
65178,65193,65186,21.6,-105.163,39.7429,41.3593,-57.8707,534.898,2.80194,0.99309,71.8948,0.217185,0.000548342,0.371117,0.426785,0.426785,0.408229,0.31545,0.352562,0.296894,0.148447,0.0556676,0,0,0,0,0,0
65194,65213,65204,21.5,-105.162,39.7422,42.1373,-57.9887,531.758,2.9624,1.11314,84.1212,0.226712,0.000622457,0.363804,0.415776,0.398452,0.450424,0.329156,0.502395,0.25986,0.207888,0,0.034648,0,0,0,0,0
65215,65231,65223,21.4,-105.161,39.7421,42.8171,-58.2314,528.746,3.3124,1.21663,88.3087,0.217755,0.000682046,0.420913,0.439214,0.512416,0.475815,0.420913,0.384312,0.366011,0.256208,0.0366011,0,0,0,0,0,0
65233,65250,65242,21.3,-105.161,39.7425,43.4592,-58.6062,525.569,3.16631,1.02111,71.0392,0.208712,0.000524913,0.334331,0.707994,0.432663,0.550662,0.275331,0.432663,0.255665,0.117999,0.0589995,0,0,0,0,0,0
65251,65271,65261,21.2,-105.16,39.7428,44.1829,-59.5418,520.825,3.34854,1.40462,109.287,0.233415,0.000859767,0.403619,0.50826,0.358772,0.373721,0.38867,0.493312,0.433516,0.328874,0.0448465,0.0149488,0,0,0,0,0
65272,65291,65282,21.1,-105.16,39.7425,44.8667,-60.1713,517.018,3.85661,1.45882,109.547,0.225278,0.000818365,0.488392,0.488392,0.538915,0.522074,0.522074,0.555756,0.522074,0.134729,0.0505233,0.0336822,0,0,0,0,0
65292,65310,65301,21,-105.16,39.7423,45.5913,-59.8987,515.306,3.31864,1.33435,104.585,0.235137,0.000791745,0.416915,0.350209,0.483621,0.466945,0.483621,0.433592,0.383562,0.200119,0.0667064,0.0333532,0,0,0,0,0
65312,65332,65322,20.9,-105.159,39.7419,46.3247,-59.6253,513.631,3.82594,1.57634,134.646,0.256251,0.000906585,0.421872,0.480061,0.669176,0.480061,0.567345,0.349135,0.523703,0.232757,0.0581892,0.0145473,0.0290946,0,0,0,0
65333,65353,65343,20.8,-105.159,39.7412,47.1881,-59.6337,510.895,3.84649,1.45111,106.47,0.220115,0.000806727,0.415421,0.476964,0.64621,0.461579,0.538508,0.615438,0.369263,0.276947,0.0307719,0.015386,0,0,0,0,0
65354,65373,65364,20.7,-105.159,39.7404,48.0107,-59.784,508.031,3.95261,1.57644,125.695,0.2392,0.00092757,0.388781,0.534574,0.566973,0.63177,0.550774,0.502176,0.502176,0.129594,0.0809961,0.0647969,0,0,0,0,0
65374,65393,65384,20.6,-105.159,39.7398,48.8329,-60.0476,504.946,4.16453,1.86383,152.705,0.245792,0.00117892,0.5152,0.486578,0.486578,0.429333,0.529511,0.672622,0.572445,0.329156,0.0858667,0.0572445,0,0,0,0,0
65395,65413,65404,20.5,-105.158,39.7396,49.6759,-59.4582,503.871,3.85334,1.48836,111.817,0.225385,0.000845114,0.513779,0.371063,0.542322,0.513779,0.670767,0.485236,0.428149,0.271161,0.0285433,0.0285433,0,0,0,0,0
65415,65432,65424,20.4,-105.158,39.7399,50.3435,-59.5894,501.65,4.16902,1.56252,113.645,0.218196,0.000862554,0.542543,0.456879,0.499711,0.742428,0.528266,0.599653,0.485433,0.271272,0.0285549,0.0142775,0,0,0,0,0
65433,65451,65442,20.3,-105.158,39.74,51.19,-59.6565,499.096,4.68931,1.76048,129.25,0.220252,0.000960201,0.526193,0.572622,0.603574,0.650003,0.804766,0.711908,0.557146,0.170239,0.0619051,0.0309525,0,0,0,0,0
65453,65472,65462,20.2,-105.159,39.7402,52.0747,-60.3718,495.003,4.4303,1.77401,140.513,0.237619,0.00100764,0.614882,0.504519,0.536051,0.677947,0.441454,0.709479,0.646415,0.204961,0.0630648,0.0157662,0.0157662,0,0,0,0
65473,65491,65482,20.1,-105.159,39.7404,52.9606,-59.9129,493.684,5.03433,2.19626,185.047,0.252767,0.0012727,0.566362,0.440504,0.723685,0.597827,0.723685,0.943937,0.613559,0.267449,0.0943937,0.0314646,0.0314646,0,0,0,0
65492,65512,65502,20,-105.16,39.7402,53.7716,-60.2537,490.756,5.07556,2.14742,166.23,0.232227,0.00127683,0.394766,0.676742,0.676742,0.662643,0.620346,0.860026,0.747235,0.324272,0.0704939,0.0422963,0,0,0,0,0
65513,65534,65524,19.9,-105.161,39.7397,54.797,-59.9985,488.707,4.95066,2.06732,166.179,0.241151,0.00119476,0.602107,0.521826,0.588727,0.628868,0.722529,0.84295,0.695768,0.227463,0.0535206,0.0535206,0.0133802,0,0,0,0
65535,65554,65544,19.8,-105.16,39.7392,55.6194,-60.2261,486.104,4.98484,2.23258,183.033,0.245948,0.00134791,0.446404,0.386883,0.744006,0.684486,0.788646,0.639845,0.818407,0.342243,0.0744006,0.0446404,0.0148801,0,0,0,0
65555,65576,65566,19.7,-105.159,39.7389,56.4917,-61.2039,481.735,5.7863,2.60011,218.279,0.251851,0.0015625,0.53826,0.852246,0.568164,0.732632,0.657874,0.927004,0.986811,0.388744,0.0598067,0.044855,0.0299034,0,0,0,0
65577,65598,65588,19.6,-105.158,39.7384,57.5195,-62.8368,475.559,6.22257,3.10835,287.93,0.277894,0.00201497,0.685054,0.713598,0.685054,0.784957,0.727869,0.842045,1.05612,0.413887,0.128448,0.14272,0.0428159,0,0,0,0
65601,65619,65610,19.5,-105.157,39.7379,58.3575,-63.2944,472.566,6.16552,2.96759,245.496,0.248177,0.00193378,0.526532,0.696381,0.628441,0.79829,0.781305,0.849245,1.13799,0.492562,0.186834,0.0679396,0,0,0,0,0
65623,65645,65634,19.4,-105.156,39.7377,59.5143,-62.8119,471.012,6.7795,2.87571,218.236,0.227669,0.00171159,0.787713,0.645667,0.7748,0.942673,0.7748,1.13637,1.18803,0.374487,0.142047,0.0129133,0,0,0,0,0
65646,65665,65656,19.3,-105.156,39.7375,60.4367,-62.3883,469.882,5.75867,2.69575,228.825,0.254651,0.00169598,0.481142,0.721713,0.601428,0.826963,0.751785,0.841999,0.826963,0.511214,0.10525,0.0751785,0,0.0150357,0,0,0
65666,65688,65677,19.2,-105.157,39.7374,61.3178,-61.8522,469.14,5.8779,2.45855,198.386,0.242076,0.001468,0.61478,0.8397,0.824705,0.644769,0.80971,0.794716,0.794716,0.359871,0.164941,0.0149946,0,0.0149946,0,0,0
65689,65713,65701,19.1,-105.157,39.737,62.4537,-61.8811,466.616,5.41301,2.08688,157.885,0.226967,0.00120594,0.781406,0.681954,0.767199,0.483051,0.86665,0.781406,0.582503,0.355185,0.0852443,0.0284148,0,0,0,0,0
65714,65737,65726,19,-105.156,39.7364,63.5319,-61.9252,464.246,5.45655,2.31229,187.182,0.242852,0.00135311,0.579115,0.540507,0.694937,0.82363,0.82363,0.81076,0.65633,0.424684,0.0257384,0.0643461,0,0.0128692,0,0,0
65738,65758,65748,18.9,-105.156,39.7354,64.5594,-62.035,461.888,5.94417,2.449,187.183,0.229297,0.0014524,0.795558,0.645453,0.615432,0.810569,0.795558,0.945663,0.720505,0.525369,0.0600421,0.0300211,0,0,0,0,0
65759,65782,65770,18.8,-105.156,39.7342,65.4858,-62.0363,460,5.87815,2.68378,223.152,0.249445,0.00170895,0.61201,0.640476,0.740106,0.782804,0.654709,1.03899,0.654709,0.540846,0.113862,0.0996296,0,0,0,0,0
65783,65803,65793,18.7,-105.155,39.7328,66.6639,-61.5694,458.681,5.81014,2.41504,184.481,0.229165,0.00141445,0.524111,0.643908,0.853552,0.718781,0.808628,0.958374,0.778679,0.434263,0.0449238,0.0449238,0,0,0,0,0
65804,65825,65814,18.6,-105.153,39.7317,67.8183,-61.2567,457.105,5.54737,2.38131,194.499,0.245032,0.00144812,0.672862,0.65791,0.762577,0.583147,0.822387,0.71772,0.71772,0.433622,0.149525,0.0149525,0,0.0149525,0,0,0
65826,65848,65837,18.5,-105.151,39.7307,68.8886,-60.8052,456.035,5.61351,2.40143,192.107,0.239991,0.00142003,0.664926,0.47312,0.728861,0.805583,0.728861,0.946241,0.754435,0.370824,0.0895092,0.0383611,0.012787,0,0,0,0
65850,65872,65861,18.4,-105.149,39.73,70.0929,-60.3862,454.687,5.67997,2.36575,180.264,0.228592,0.00139835,0.587143,0.702019,0.829659,0.536087,0.650963,1.04665,0.893479,0.306336,0.102112,0.025528,0,0,0,0,0
65873,65894,65884,18.3,-105.147,39.7294,71.1467,-60.5552,452.385,6.23971,2.55956,203.692,0.238743,0.00152147,0.869467,0.716032,0.907826,0.767177,0.613742,0.882254,0.933399,0.421947,0.0767177,0.0383589,0.0127863,0,0,0,0
65895,65917,65906,18.2,-105.145,39.7294,72.4206,-60.6506,449.897,6.24722,2.6276,209.96,0.239717,0.00155945,0.879681,0.745492,0.715672,0.656033,0.745492,0.98405,1.01387,0.387656,0.0596394,0.0447295,0.0149098,0,0,0,0
65918,65939,65928,18.1,-105.143,39.7292,73.5832,-60.3086,448.577,5.61979,2.4369,197.669,0.243345,0.00147914,0.633903,0.707045,0.682664,0.694855,0.646093,0.780188,0.999616,0.329142,0.085333,0.0487617,0.0121904,0,0,0,0
65940,65961,65950,18,-105.142,39.7287,74.721,-59.6825,447.922,6.22392,2.70884,217.41,0.240778,0.00162307,0.776317,0.602315,0.602315,0.883395,0.829856,1.0574,0.883395,0.428313,0.107078,0.0401543,0.0133848,0,0,0,0
65962,65984,65973,17.9,-105.141,39.7282,75.9504,-60.1452,444.879,6.43952,2.41287,184.607,0.229528,0.00134415,0.850982,0.838281,0.927189,0.965293,0.82558,0.800177,0.749372,0.368336,0.0762074,0.0254025,0.0127012,0,0,0,0
65985,66009,65997,17.8,-105.139,39.7279,77.27,-60.4436,442.072,5.63884,2.29233,182.669,0.239061,0.00139177,0.826849,0.704855,0.677745,0.772629,0.60997,0.881068,0.650635,0.298208,0.162659,0.0542196,0,0,0,0,0
66010,66033,66022,17.7,-105.137,39.7271,78.6114,-60.9105,438.938,6.33529,2.28799,167.456,0.219567,0.00127563,0.914794,0.887487,0.955755,0.90114,0.587107,0.928448,0.696336,0.354995,0.0955755,0.0136536,0,0,0,0,0
66035,66059,66047,17.6,-105.134,39.7258,79.828,-61.1148,436.601,5.51354,1.98725,147.104,0.222072,0.00112098,0.934905,0.767102,0.671214,0.791074,0.659228,0.635256,0.599298,0.383551,0.0479439,0.0239719,0,0,0,0,0
66060,66082,66071,17.5,-105.13,39.7247,81.0083,-60.917,435.17,5.79174,2.02163,148.198,0.219919,0.00111776,0.793924,1.01518,0.832969,0.91106,0.494576,0.676788,0.676788,0.299348,0.0650757,0.0260303,0,0,0,0,0
66083,66111,66097,17.4,-105.126,39.724,82.4836,-59.5171,435.791,5.38951,1.90688,147.523,0.232091,0.00104995,1.01187,0.841446,0.61777,0.745585,0.500607,0.777538,0.564514,0.223675,0.0532561,0.0426048,0.0106512,0,0,0,0
66112,66136,66124,17.3,-105.121,39.724,83.95,-60.3021,432.015,4.9524,1.59661,117.058,0.219949,0.000864371,1.10745,0.796366,0.634604,0.559945,0.597274,0.472842,0.485285,0.223978,0.0373297,0.0373297,0,0,0,0,0
66137,66161,66149,17.2,-105.117,39.7242,85.2546,-60.6438,429.414,5.03741,1.46723,100.866,0.206238,0.000730826,1.09726,0.86035,0.810475,0.610973,0.523691,0.523691,0.374065,0.162095,0.0623442,0.0124688,0,0,0,0,0
66162,66188,66175,17.1,-105.113,39.7247,86.66,-61.1324,426.438,4.62035,1.31851,95.0997,0.21638,0.000644109,1.22728,0.601608,0.878348,0.505351,0.469254,0.372997,0.336901,0.16845,0.0481287,0,0.0120322,0,0,0,0
66189,66213,66201,17,-105.109,39.7249,88.0671,-61.2704,424.208,4.80119,1.40922,108.231,0.230408,0.000704451,1.27865,0.802288,0.739609,0.614252,0.263251,0.513966,0.351001,0.175501,0.0250715,0.0250715,0,0,0.0125358,0,0
66214,66240,66227,16.9,-105.105,39.7244,89.4887,-61.3546,422.093,4.43282,1.15436,74.4968,0.193605,0.000543367,1.17376,1.03641,0.536933,0.399578,0.337144,0.399578,0.399578,0.137355,0.0124868,0,0,0,0,0,0
66241,66270,66256,16.8,-105.099,39.7229,91.0224,-61.2666,420.23,4.78753,1.37734,95.5305,0.208076,0.000690506,1.12466,0.794482,0.773846,0.629395,0.412718,0.433354,0.4024,0.154769,0.0412718,0.0206359,0,0,0,0,0
66271,66298,66284,16.7,-105.093,39.7214,92.5776,-61.4504,417.837,5.01151,1.60306,116.524,0.218065,0.000868764,1.15373,0.829242,0.6009,0.54081,0.636954,0.456684,0.48072,0.228342,0.06009,0.024036,0,0,0,0,0
66299,66323,66311,16.6,-105.087,39.7203,93.9822,-61.3109,416.312,5.46666,1.76757,138.871,0.235699,0.000946385,1.23357,0.805066,0.857006,0.740142,0.532383,0.519398,0.454473,0.220744,0.0259699,0.0649247,0.0129849,0,0,0,0
66324,66349,66336,16.5,-105.08,39.7194,95.409,-60.5535,416.012,5.53162,1.8304,134.034,0.219681,0.0009991,1.0409,0.966547,0.847587,0.550188,0.639408,0.460968,0.728627,0.237919,0.0148699,0.0446098,0,0,0,0,0
66350,66374,66362,16.4,-105.073,39.7186,97.0058,-59.2308,416.618,5.59696,1.65272,111.221,0.201888,0.000820825,1.26303,0.928699,0.767725,0.643898,0.656281,0.544837,0.581985,0.148592,0.0619133,0,0,0,0,0,0
66375,66396,66386,16.3,-105.067,39.718,98.7025,-58.4995,415.971,5.79165,1.84658,128.607,0.208938,0.000974178,1.12287,0.989899,0.871702,0.723956,0.428464,0.709182,0.590985,0.310267,0.0443238,0,0,0,0,0,0
66397,66421,66409,16.2,-105.061,39.7175,100.034,-58.5633,414.266,5.59345,1.86759,140.901,0.226337,0.00105002,1.32938,0.82773,0.652151,0.627068,0.689775,0.627068,0.401324,0.300993,0.100331,0.0376241,0,0,0,0,0
66422,66447,66434,16.1,-105.055,39.7173,101.68,-57.9369,413.54,6.51823,2.11281,150.779,0.214093,0.00112964,1.20613,1.09065,0.936675,0.911013,0.615896,0.76987,0.526078,0.372104,0.076987,0.0128312,0,0,0,0,0
66448,66477,66462,16,-105.048,39.7173,103.369,-57.9921,411.489,6.74885,2.29767,176.447,0.230382,0.00126354,1.34747,1.04803,1.025,0.771626,0.644942,0.771626,0.76011,0.230336,0.0921345,0.0460673,0.0115168,0,0,0,0
66478,66501,66490,15.9,-105.042,39.7176,105.044,-57.1526,411.207,6.45497,1.98864,138.712,0.209257,0.00101486,1.28522,1.08305,1.08305,0.678711,0.620948,0.765355,0.678711,0.187729,0.043322,0.0288813,0,0,0,0,0
66503,66528,66516,15.8,-105.036,39.7179,106.822,-56.8716,409.77,6.24933,2.07378,155.822,0.225417,0.00108404,1.05266,1.14593,0.812812,0.799487,0.799487,0.706214,0.599616,0.239846,0.0399744,0.0399744,0.0133248,0,0,0,0
66529,66552,66540,15.7,-105.032,39.7181,108.504,-56.3033,409.013,5.84046,2.22245,187.289,0.252814,0.00122094,1.02603,0.726111,0.899747,0.678756,0.773466,0.568261,0.741896,0.331486,0.0315701,0.015785,0.0473551,0,0,0,0
66553,66583,66568,15.6,-105.027,39.7181,110.37,-55.4097,408.709,6.12105,1.99908,146.111,0.219267,0.00108318,1.27427,0.955702,0.864683,0.773664,0.56887,0.750909,0.557493,0.26168,0.0796419,0.0341322,0,0,0,0,0
66584,66613,66598,15.5,-105.022,39.7179,112.121,-55.088,407.476,7.11862,2.71083,208.331,0.230554,0.0016019,0.921362,1.1188,1.08589,0.888456,0.833613,0.767802,0.888456,0.405838,0.175498,0.0329058,0,0,0,0,0
66614,66645,66630,15.4,-105.016,39.7181,113.969,-54.9268,405.873,8.00454,3.19665,251.553,0.236078,0.00187765,1.1283,0.926057,1.11766,1.05379,0.968635,1.01121,1.16023,0.457706,0.106443,0.063866,0.0106443,0,0,0,0
66646,66675,66660,15.3,-105.01,39.7186,115.841,-55.5548,402.83,8.87973,3.61322,293.806,0.243942,0.0021419,1.31913,1.13592,1.12371,1.08706,1.08706,1.11149,1.20921,0.622924,0.0732852,0.0854994,0.0244284,0,0,0,0
66676,66712,66694,15.2,-105.004,39.7189,117.796,-56.1631,399.787,8.42611,3.33115,257.514,0.231915,0.00194912,1.13022,1.03833,1.17616,1.11184,1.09346,0.955633,1.13022,0.670781,0.0643214,0.0459439,0.00918877,0,0,0,0
66713,66737,66725,15.1,-104.998,39.7184,119.793,-55.7768,398.576,8.29455,2.91604,212.938,0.219069,0.00160164,1.3055,1.25275,1.05495,1.18682,1.01539,0.989016,0.936268,0.435167,0.0791213,0.0395606,0,0,0,0,0
66738,66761,66750,15,-104.994,39.7175,121.274,-55.1337,398.357,8.84771,3.49438,262.349,0.225232,0.00202715,1.08367,1.00137,1.30315,1.11111,1.16598,1.262,1.16598,0.589847,0.137174,0.0274348,0,0,0,0,0
66762,66798,66780,14.9,-104.988,39.7168,123.186,-54.2874,398.124,8.76327,3.37612,263.255,0.233927,0.00196751,1.25457,1.17967,1.26393,1.11413,1.08605,1.09541,0.992422,0.571111,0.140437,0.0561748,0.00936247,0,0,0,0
66799,66829,66814,14.8,-104.981,39.7165,125.337,-54.7093,395.385,9.56742,3.82073,311.924,0.24492,0.00225347,1.14809,1.29023,1.47612,1.35584,1.23556,1.08248,1.16996,0.502973,0.174947,0.109342,0.0218684,0,0,0,0
66830,66861,66846,14.7,-104.973,39.7163,127.413,-54.7028,393.554,8.99079,3.44417,257.628,0.224403,0.00197841,1.20082,1.31372,1.11872,1.10845,1.09819,1.27267,1.14951,0.59528,0.0923711,0.0410538,0,0,0,0,0
66862,66893,66878,14.6,-104.966,39.7158,129.405,-55.5568,390.284,9.0651,3.70181,293.375,0.237755,0.00220633,1.08399,1.13712,1.30716,1.14775,1.20089,1.11587,1.22214,0.637639,0.127528,0.0743912,0.0106273,0,0,0,0
66894,66928,66911,14.5,-104.958,39.7144,131.553,-55.0662,389.32,9.57989,3.60678,273.001,0.227073,0.00203178,1.19023,1.36441,1.36441,1.35473,1.19023,1.23861,1.11282,0.619306,0.0870899,0.0483833,0.00967665,0,0,0,0
66929,66961,66945,14.4,-104.95,39.7128,133.718,-55.615,386.534,9.14619,3.57175,277.877,0.233395,0.00207206,1.28314,1.02651,1.33446,1.33446,1.06757,1.21128,1.11889,0.56458,0.133446,0.0615905,0.0102651,0,0,0,0
66962,66993,66978,14.3,-104.942,39.7118,135.942,-55.1029,385.628,9.67016,3.73614,288.461,0.231625,0.00219945,1.45845,1.23651,1.10969,1.58527,1.12026,1.1414,1.15196,0.634109,0.158527,0.0739794,0,0,0,0,0
