api/src/app/data/B2SAP/Locations/Boulder/NOAA-POPS-B2SAP_GMLBalloon_20200917_R0.ict
61,1001
Thornberry, T. D.
NOAA Chemical Sciences Laboratory
Portable Optical Particle Spectrometer (POPS)
Balloon Baseline Stratospheric Aerosol Profiles (B2SAP)
1,1
2020,09,17,2024,05,30
0
TIME_START,s,Seconds since midnight UTC on flight start day,Start time of 100 m altitude bin in UTC_seconds_since_midnight
28
1.0,1.0,1.0,1.0,1.0,1.0,1.0,1.0,1.0,1.0,1.0,1.0,1.0,1.0,1.0,1.0,1.0,1.0,1.0,1.0,1.0,1.0,1.0,1.0,1.0,1.0,1.0,1.0
99999,99999,99999,99999,99999,99999,99999,99999,99999,99999,99999,99999,99999,99999,99999,99999,99999,99999,99999,99999,99999,99999,99999,99999,99999,99999,99999,99999
TIME_STOP,s,End time of 100 m altitude bin in UTC seconds since midnight,
TIME_MID,s,Mid time of 100 m altitude in UTC seconds since midnight,
GPSAlt,m,GPS reported altitude above sea level (m),
GPS_Lon,deg,GPS reported longitude,
GPS_Lat,deg,GPS reported latitude,
iMet_Pressure,mb,Pressure reported (mB),
iMet_Temperature,degrees C,Ambient temperature (oC),
THETA,K,Potential temperature from iMet,
Aerosol_concentration,cm^-3,Aerosol concentration,
Surface_Area_Conc,um^2 cm^-3,Surface area concentration,
Volume_density,um^3 cm^-3,Volume density,
Effective_radius,um,Effective radius,
Extinction,km^-1,Extinction,
Bin01,cm^-3,particle concentration in size range [140 - 170 nm],
Bin02,cm^-3,particle concentration in size range [170 - 205 nm],
Bin03,cm^-3,particle concentration in size range [205 - 249 nm],
Bin04,cm^-3,particle concentration in size range [249 - 302 nm],
Bin05,cm^-3,particle concentration in size range [302 - 366 nm],
Bin06,cm^-3,particle concentration in size range [366 - 443 nm],
Bin07,cm^-3,particle concentration in size range [443 - 537 nm],
Bin08,cm^-3,particle concentration in size range [537 - 651 nm],
Bin09,cm^-3,particle concentration in size range [651 - 789 nm],
Bin10,cm^-3,particle concentration in size range [789 - 956 nm],
Bin11,cm^-3,particle concentration in size range [956 - 1159 nm],
Bin12,cm^-3,particle concentration in size range [1159 - 1404 nm],
Bin13,cm^-3,particle concentration in size range [1404 - 1702 nm],
Bin14,cm^-3,particle concentration in size range [1702 - 2062 nm],
Bin15,cm^-3,particle concentration in size range [2062 - 2500 nm],
0
19
PI_CONTACT_INFO: 325 Broadway R/CSL6, Boulder, CO 80305; troy.thornberry@noaa.gov; 303-497-3373 
PLATFORM: GML ECC/FPH balloon
LOCATION: Boulder, CO, USA
ASSOCIATED_DATA: N/A
INSTRUMENT_INFO: Printed Optical Particle Spectrometer counts particles from 140 - 2500 nm in diameter 
DATA_INFO: Particle concentrations reported in number per cubic centimeter, binned to 100 m altitude
UNCERTAINTY: Counting uncertainty dominated by air flow, less than 5 percent
ULOD_FLAG: -77777
ULOD_VALUE: 3000 ~3000 per cm3 (varies depending on flow rate- manufacturer quotes 1250  per cm3 at 1.667 cc/s)
LLOD_FLAG: -88888
LLOD_VALUE: 0 0 (varies depending on data field and measurement precision)
DM_CONTACT_INFO: Troy Thornberry, 325 Broadway R/CSL6, Boulder, CO 80305; troy.thornberry@noaa.gov; 303-497-3373
PROJECT_INFO: B2SAP Boulder, CO, USA
STIPULATIONS_ON_USE: Please contact the PIs for questions regarding applications and uncertainties
OTHER_COMMENTS: POPS bin Edges (nm):  140, 170, 205, 249, 302, 366, 443, 537, 651, 789, 956, 1159, 1404, 1702, 2062, 2500
Calculations assume sulfate refractive index of 1.45+0.00j and extinction wavelength = 532 nm
REVISION: R0
R0: QA/QC data
TIME_START,TIME_STOP,TIME_MID,GPSAlt,GPS_Lon,GPS_Lat,iMet_Pressure,iMet_Temperature,THETA,Aerosol_concentration,Surface_Area_Conc,Volume_density,Effective_radius,Extinction,Bin01,Bin02,Bin03,Bin04,Bin05,Bin06,Bin07,Bin08,Bin09,Bin10,Bin11,Bin12,Bin13,Bin14,Bin15
[from data line 476]
66155,66160,66158,5.3,-104.504,39.6832,533.868,-4.69667,321.18,10.5263,5.1222,472.534,0.276756,0.00372534,2.87604,1.09289,0.74777,0.690249,0.977853,0.805291,1.61058,0.862812,0.632729,0.230083,0,0,0,0,0
66161,66167,66164,5.2,-104.504,39.683,541.063,-4.29571,320.434,30.2473,23.5025,2657.36,0.339202,0.01858,4.17373,2.74975,1.7186,2.11142,2.35693,2.40603,4.95938,5.05758,2.40603,1.8168,0.441925,0.0491027,0,0,0
66168,66173,66170,5.1,-104.504,39.6826,548.23,-4.606,318.858,224.707,157.076,16115.6,0.307791,0.115525,14.744,15.3004,17.665,19.96,23.5765,29.2098,47.0138,34.9822,13.9094,5.35513,2.43415,0.48683,0.0695471,0,0
66174,66179,66176,5,-104.503,39.6823,554.994,-5.11,317.144,794.625,473.081,42959.6,0.272425,0.332143,51.6492,56.8752,66.7843,85.5843,92.8465,109,179.177,107.914,31.4239,9.97692,2.85055,0.542962,0,0,0
66180,66186,66183,4.9,-104.503,39.682,562.363,-4.35286,316.846,947.743,557.859,50378.9,0.270922,0.388882,59.8417,67.7209,81.684,100.085,113.749,139.631,207.551,125.518,37.7502,10.4723,3.09182,0.398945,0.149604,0.0997362,0
66187,66191,66189,4.8,-104.503,39.6817,569.563,-3.44,316.773,1055.65,626.893,56728.2,0.271473,0.441286,67.156,76.2148,85.8775,111.001,125.374,151.584,236.254,142.284,43.6031,13.1655,2.77804,0.241568,0,0,0.120784
66193,66196,66194,4.7,-104.503,39.6815,575.47,-2.7075,316.695,1039.51,616.278,55446.2,0.269909,0.430711,63.5209,72.9632,85.8391,106.097,126.698,147.3,241.294,142.407,38.5417,11.2449,2.48933,0.772552,0.171678,0.171678,0
66201,66205,66203,4.6,-104.503,39.6812,585.252,-1.404,316.691,1155.57,674.813,60880.8,0.270656,0.471026,73.5017,83.5387,99.9839,127.315,137.97,164.221,253.318,155.033,43.6995,13.5885,2.93389,0.231623,0,0.0772077,0.154415
66209,66210,66210,4.5,-104.503,39.6808,592.8,-0.405,316.697,980.903,574.882,51002.9,0.266157,0.401473,61.689,67.1653,87.6209,93.2583,122.412,147.699,214.542,134.492,40.267,8.85873,2.41602,0.483203,0,0,0
66217,66217,66217,4.4,-104.503,39.6805,601.53,0.74,316.693,991.046,574.743,50234,0.262208,0.403607,66.5674,75.2772,81.1874,94.252,117.893,142.778,229.253,133.446,39.1939,9.95401,1.24425,0,0,0,0
66220,66222,66221,4.3,-104.503,39.6804,605.493,1.2075,316.64,1126.38,652.011,57766.4,0.265791,0.453833,74.3396,81.8951,102.738,111.857,136.521,158.927,252.025,152.066,41.4252,11.2899,2.95274,0.260536,0.0868453,0,0
66225,66231,66228,4.2,-104.502,39.68,614.153,2.33,316.653,1148.49,671.332,60271.6,0.269337,0.468099,75.0259,80.5023,97.8274,123.417,139.547,167.178,252.957,149.753,45.3043,13.3424,2.73817,0.696989,0.0995699,0.0497849,0.0497849
66232,66237,66234,4.1,-104.502,39.6797,621.457,3.245,316.636,1161.19,684.371,61553,0.269823,0.478189,75.2574,82.6711,94.2226,117.153,140.343,172.583,265.772,150.601,45.7751,13.1894,2.84478,0.431028,0.0862055,0.258617,0
66238,66243,66240,4,-104.502,39.6795,628.76,4.15667,316.619,1147.99,672.257,59840,0.267041,0.470475,71.8175,85.2296,95.6612,119.104,140.139,159.97,259.414,157.219,43.9617,12.323,2.63656,0.343899,0.114633,0.0573164,0
66245,66250,66248,3.9,-104.502,39.6791,636.777,5.1475,316.6,1128.73,651.452,58120.2,0.267649,0.453306,73.165,86.1759,96.9901,123.857,133.657,159.848,247.713,149.118,43.9328,11.2367,2.28113,0.591403,0,0.0844861,0.0844861
66251,66257,66254,3.8,-104.502,39.6788,645.058,6.16333,316.587,1089.4,638.329,56904.7,0.267439,0.445978,69.1205,75.8733,94.375,115.292,129.237,158.445,242.827,146.805,41.7797,12.4076,2.47055,0.713714,0.0549011,0,0
66259,66264,66262,3.7,-104.502,39.6784,654.21,7.245,316.54,1134.01,668.935,60642,0.271964,0.466503,72.2293,84.2534,98.6651,119.302,134.481,161.685,251.14,149.405,44.3439,13.3884,4.26383,0.682213,0.170553,0,0
66265,66270,66268,3.6,-104.502,39.6781,660.767,8.05167,316.541,999.177,582.509,51875.3,0.267165,0.405297,65.6065,72.3954,84.8919,102.615,120.219,143.649,225.658,132.835,38.0902,9.79291,2.82372,0.540713,0.0600792,0,0
66272,66277,66274,3.5,-104.502,39.6778,668.977,9.01667,316.509,938.135,547.904,49211.7,0.269454,0.382564,64.5408,70.5811,80.6481,94.4064,110.57,133.444,212.47,121.587,35.0668,11.6889,2.62861,0.335568,0.111856,0.0559279,0
66279,66284,66282,3.4,-104.502,39.6774,677.836,10.06,316.49,942.965,553.715,49684,0.269185,0.387698,62.855,67.4695,78.796,98.1629,107.672,136.757,216.182,126.199,34.9583,11.3964,1.81783,0.559333,0,0.0699166,0.0699166
66287,66291,66289,3.3,-104.501,39.677,686.224,11.034,316.468,885.421,514.988,45947.7,0.267663,0.359193,61.1857,66.669,73.4229,91.0096,105.855,128.858,193.253,118.493,34.2373,9.56236,2.54105,0.334348,0,0,0
66294,66296,66295,3.2,-104.501,39.6766,693.34,11.865,316.451,874.407,517.871,47768.9,0.276723,0.36371,63.4156,68.8796,76.165,87.9209,101.167,121.864,188.26,116.4,32.7841,13.5772,3.31152,0.496728,0,0.165576,0
66300,66306,66303,3.1,-104.501,39.6762,702.193,12.8633,316.413,1098.07,644.105,58401.5,0.272012,0.447913,71.9113,80.9792,96.2683,115.775,126.636,154.367,251.795,143.928,38.908,12.9693,3.69046,0.527209,0.210883,0,0.105442
66308,66312,66310,3,-104.501,39.6758,711.43,13.91,316.39,1293.68,778.497,71201.5,0.274381,0.549402,83.8148,88.7645,105.923,133.972,148.821,193.038,282.133,181.819,54.4466,16.334,3.13481,0.989939,0.32998,0,0.16499
66314,66320,66317,2.9,-104.501,39.6755,720.378,14.9125,316.367,1299.02,773.656,70255.4,0.272429,0.542774,83.9657,93.2492,109.081,133.616,156.161,188.156,283.726,176.718,52.5511,16.2461,4.80751,0.745993,0,0,0
66324,66325,66324,2.8,-104.501,39.6752,728.955,15.805,316.267,1318.99,771.188,69092.5,0.268777,0.536414,82.1591,101.985,106.585,141.161,158.132,195.723,288.984,173.676,51.5477,13.9575,4.75825,0.317216,0,0,0
66329,66332,66330,2.7,-104.5,39.6749,736.18,16.6,316.246,1448.86,855.128,76217.1,0.267388,0.601845,86.9229,102.496,126.684,148.774,172.41,208.858,322.73,202.01,57.5436,17.1195,2.98211,0.220897,0,0.110448,0
66336,66339,66338,2.6,-104.5,39.6747,745.025,17.415,316.058,1252.95,752.577,67396,0.268661,0.5309,74.1664,86.0716,101.999,127.096,141.576,183.566,295.057,173.269,53.4127,12.7096,3.70028,0.321763,0,0,0
66352,66352,66352,2.4,-104.5,39.6744,762.69,18.26,314.856,960.8,582.394,53286.9,0.274489,0.414484,69.4918,64.9598,81.5774,97.4396,104.993,126.52,218.295,143.138,36.2566,14.3516,3.02138,0.755346,0,0,0
66357,66357,66357,2.3,-104.5,39.6743,768.86,18.71,314.619,784.444,476.848,44144,0.277723,0.341863,60.5116,61.4571,69.021,73.7485,81.9427,97.3858,176.807,114.72,33.0923,12.2914,3.15164,0.315164,0,0,0
