api/src/app/data/B2SAP/Locations/Boulder/NOAA-POPS-B2SAP_GMLBalloon_20210122_R0.ict
61,1001
Thornberry, T. D.
NOAA Chemical Sciences Laboratory
Portable Optical Particle Spectrometer (POPS)
Balloon Baseline Stratospheric Aerosol Profiles (B2SAP)
1,1
2021,01,22,2024,05,30
0
TIME_START,s,Seconds since midnight UTC on flight start day,Start time of 100 m altitude bin in UTC_seconds_since_midnight
28
1.0,1.0,1.0,1.0,1.0,1.0,1.0,1.0,1.0,1.0,1.0,1.0,1.0,1.0,1.0,1.0,1.0,1.0,1.0,1.0,1.0,1.0,1.0,1.0,1.0,1.0,1.0,1.0
99999,99999,99999,99999,99999,99999,99999,99999,99999,99999,99999,99999,99999,99999,99999,99999,99999,99999,99999,99999,99999,99999,99999,99999,99999,99999,99999,99999
TIME_STOP,s,End time of 100 m altitude bin in UTC seconds since midnight,
TIME_MID,s,Mid time of 100 m altitude in UTC seconds since midnight,
GPSAlt,m,GPS reported altitude above sea level (m),
GPS_Lon,deg,GPS reported longitude,
GPS_Lat,deg,GPS reported latitude,
iMet_Pressure,mb,Pressure reported (mB),
iMet_Temperature,degrees C,Ambient temperature (oC),
THETA,K,Potential temperature from iMet,
Aerosol_concentration,cm^-3,Aerosol concentration,
Surface_Area_Conc,um^2 cm^-3,Surface area concentration,
Volume_density,um^3 cm^-3,Volume density,
Effective_radius,um,Effective radius,
Extinction,km^-1,Extinction,
Bin01,cm^-3,particle concentration in size range [140 - 170 nm],
Bin02,cm^-3,particle concentration in size range [170 - 205 nm],
Bin03,cm^-3,particle concentration in size range [205 - 249 nm],
Bin04,cm^-3,particle concentration in size range [249 - 302 nm],
Bin05,cm^-3,particle concentration in size range [302 - 366 nm],
Bin06,cm^-3,particle concentration in size range [366 - 443 nm],
Bin07,cm^-3,particle concentration in size range [443 - 537 nm],
Bin08,cm^-3,particle concentration in size range [537 - 651 nm],
Bin09,cm^-3,particle concentration in size range [651 - 789 nm],
Bin10,cm^-3,particle concentration in size range [789 - 956 nm],
Bin11,cm^-3,particle concentration in size range [956 - 1159 nm],
Bin12,cm^-3,particle concentration in size range [1159 - 1404 nm],
Bin13,cm^-3,particle concentration in size range [1404 - 1702 nm],
Bin14,cm^-3,particle concentration in size range [1702 - 2062 nm],
Bin15,cm^-3,particle concentration in size range [2062 - 2500 nm],
0
19
PI_CONTACT_INFO: 325 Broadway R/CSL6, Boulder, CO 80305; troy.thornberry@noaa.gov; 303-497-3373 
PLATFORM: GML ECC/FPH balloon
LOCATION: Boulder, CO, USA
ASSOCIATED_DATA: N/A
INSTRUMENT_INFO: Printed Optical Particle Spectrometer counts particles from 140 - 2500 nm in diameter 
DATA_INFO: Particle concentrations reported in number per cubic centimeter, binned to 100 m altitude
UNCERTAINTY: Counting uncertainty dominated by air flow, less than 5 percent
ULOD_FLAG: -77777
ULOD_VALUE: 3000 ~3000 per cm3 (varies depending on flow rate- manufacturer quotes 1250  per cm3 at 1.667 cc/s)
LLOD_FLAG: -88888
LLOD_VALUE: 0 0 (varies depending on data field and measurement precision)
DM_CONTACT_INFO: Troy Thornberry, 325 Broadway R/CSL6, Boulder, CO 80305; troy.thornberry@noaa.gov; 303-497-3373
PROJECT_INFO: B2SAP Boulder, CO, USA
STIPULATIONS_ON_USE: Please contact the PIs for questions regarding applications and uncertainties
OTHER_COMMENTS: POPS bin Edges (nm):  140, 170, 205, 249, 302, 366, 443, 537, 651, 789, 956, 1159, 1404, 1702, 2062, 2500
Calculations assume sulfate refractive index of 1.45+0.00j and extinction wavelength = 532 nm
REVISION: R0
R0: QA/QC data
TIME_START,TIME_STOP,TIME_MID,GPSAlt,GPS_Lon,GPS_Lat,iMet_Pressure,iMet_Temperature,THETA,Aerosol_concentration,Surface_Area_Conc,Volume_density,Effective_radius,Extinction,Bin01,Bin02,Bin03,Bin04,Bin05,Bin06,Bin07,Bin08,Bin09,Bin10,Bin11,Bin12,Bin13,Bin14,Bin15
[from data line 460]
73547,73588,73568,7,-102.372,40.0906,408.15,-31.1771,312.58,15.6516,2.84021,209.518,0.221305,0.000978398,6.27898,3.91059,2.41429,1.15665,0.963879,0.358012,0.293754,0.128517,0.045899,0.0550788,0,0.0275394,0.0091798,0.0091798,0
73589,73630,73610,6.9,-102.357,40.09,414.04,-30.6452,311.99,15.8651,2.78752,191.546,0.206146,0.000994822,7.35775,3.40296,2.23492,1.10366,0.809352,0.303507,0.340296,0.137958,0.0551831,0.0735775,0.0183944,0.0275915,0,0,0
73631,73670,73650,6.8,-102.342,40.0894,420.004,-30.0033,311.543,19.7412,3.32518,220.694,0.199111,0.00105191,8.62998,4.43856,2.9162,1.53224,1.13682,0.415188,0.395417,0.158167,0.0494272,0.0296563,0,0.0296563,0,0.00988543,0
73671,73710,73690,6.7,-102.329,40.089,425.95,-29.1135,311.422,19.6045,3.28747,258.893,0.236254,0.00100688,8.37047,4.61621,2.89231,1.54193,1.14926,0.459706,0.373511,0.143658,0.0287316,0.0095772,0,0,0,0,0.0191544
73711,73747,73729,6.6,-102.316,40.0884,431.875,-28.4757,311.006,21.8728,3.86304,282.547,0.219423,0.00126153,9.17378,4.88581,3.41182,1.7523,1.29876,0.577227,0.43292,0.21646,0.0412305,0.0309229,0.0103076,0.0309229,0,0,0.0103076
73748,73786,73767,6.5,-102.303,40.0877,437.818,-27.7031,310.774,25.8101,4.04029,211.743,0.157224,0.00114885,10.7184,6.04253,4.11946,2.1964,1.54236,0.488088,0.370947,0.195235,0.0976176,0.0292853,0,0.00976176,0,0,0
73787,73823,73805,6.4,-102.291,40.0872,443.964,-27.1192,310.279,21.0003,3.51846,252.29,0.215114,0.00108472,9.29472,4.67814,3.17005,1.56964,1.09772,0.492435,0.420622,0.184663,0.0512953,0,0.0102591,0,0.0205181,0,0.0102591
73824,73861,73842,6.3,-102.279,40.0867,450.124,-26.5926,309.723,18.8753,3.16534,238.07,0.225634,0.000973857,8.91169,3.9001,2.74893,1.23057,1.11148,0.476348,0.27787,0.119087,0.0198479,0.0198479,0.0198479,0.0198479,0,0.0198479,0
73862,73904,73883,6.2,-102.267,40.0863,456.601,-26.0747,309.101,26.0685,4.90443,441.965,0.270346,0.00162542,10.2678,6.31326,4.0247,2.41132,1.64846,0.55241,0.508568,0.149063,0.0613789,0.0263053,0.00876842,0.0263053,0.0350737,0.0175368,0.0175368
73905,73945,73925,6.1,-102.255,40.0861,463.014,-25.5756,308.495,31.1985,5.54499,379.919,0.205547,0.00174095,11.8168,7.38089,5.19055,2.77013,2.22715,0.809873,0.644217,0.14725,0.0828279,0.0552186,0.0368124,0.0184062,0.0092031,0,0.0092031
73946,73993,73970,6,-102.244,40.0854,469.502,-25.1175,307.842,43.8502,8.01705,555.915,0.208025,0.00254541,15.3043,10.6909,7.47894,4.23544,3.35371,1.28323,0.999816,0.283412,0.0944708,0.0393628,0.0314903,0.0157451,0.00787257,0.0236177,0.00787257
73994,74039,74016,5.9,-102.232,40.0841,476.077,-24.6804,307.163,40.4436,6.85631,386.067,0.168925,0.00199018,14.4103,10.0864,7.16836,3.7027,2.72185,1.04624,0.923632,0.212517,0.0735636,0.0408687,0.0326949,0.0163475,0.00817373,0,0
74040,74086,74063,5.8,-102.22,40.0829,482.666,-24.0228,306.772,41.4002,7.31631,469.356,0.192456,0.00221604,14.5617,9.95078,7.19077,4.13592,3.22684,1.08926,0.769855,0.294838,0.0655195,0.0491396,0.0163799,0.0163799,0.00818994,0.0245698,0
74087,74130,74108,5.7,-102.209,40.0821,489.242,-23.2482,306.529,45.9205,8.11519,534.386,0.19755,0.00245217,15.6045,11.4121,8.46978,4.51551,3.37601,1.06297,0.98644,0.280625,0.110549,0.0340152,0.00850379,0.00850379,0.0255114,0.0170076,0.00850379
74131,74174,74152,5.6,-102.198,40.0816,495.931,-22.4491,306.32,49.0133,8.87029,615.756,0.208253,0.00265435,15.8455,12.0602,9.5141,4.99045,3.78527,1.33248,1.00997,0.271589,0.101846,0.00848716,0.00848716,0.0424358,0.00848716,0.0169743,0.0169743
74175,74219,74197,5.5,-102.187,40.0813,502.732,-21.6704,306.08,47.7102,8.32427,527.659,0.190164,0.00238658,15.9809,11.5976,8.66703,5.26331,3.56976,1.31168,0.929797,0.215846,0.0747158,0.0415088,0.00830176,0.0249053,0.00830176,0,0.0166035
74220,74261,74240,5.4,-102.177,40.0811,509.455,-21.0249,305.706,46.3924,8.37562,557.266,0.199603,0.00252289,15.4338,11.3709,8.69858,4.66287,3.55396,1.18162,0.981657,0.281772,0.0908942,0.0272683,0.0181788,0.0636259,0.00908942,0.00908942,0.00908942
74262,74303,74282,5.3,-102.167,40.0807,516.442,-20.5624,305.08,34.6145,5.87922,360.377,0.18389,0.00166693,12.2755,8.5131,6.1287,3.3182,2.59291,0.698092,0.806886,0.172256,0.0543968,0.00906613,0.00906613,0.0181323,0.00906613,0,0.00906613
74304,74343,74324,5.2,-102.158,40.0802,523.61,-20.357,304.12,14.4411,2.33104,169.497,0.218139,0.000674127,6.83414,3.24947,1.91803,1.10799,0.782108,0.214149,0.148973,0.0931081,0.0279324,0.00931081,0.0186216,0.0279324,0,0.00931081,0
74344,74382,74363,5.1,-102.149,40.0796,530.669,-19.7836,303.646,9.59417,1.38461,111.313,0.241179,0.000377424,5.02958,2.12571,1.24316,0.569387,0.313163,0.142347,0.0759183,0.0569387,0.0284693,0,0,0,0,0,0.00948978
74383,74421,74402,5,-102.14,40.0789,537.88,-19.18,303.2,23.3824,3.62349,210.61,0.17437,0.000938344,9.40804,5.80052,3.77841,2.10755,1.43352,0.332272,0.332272,0.113922,0.0284804,0.018987,0,0.018987,0,0.00949348,0
74422,74459,74440,4.9,-102.132,40.0779,545.128,-18.4545,302.909,28.977,4.67842,297.956,0.191062,0.00125915,12.2416,6.88592,4.59062,2.34373,1.75296,0.484242,0.387394,0.135588,0.0290545,0.0290545,0.0290545,0.0290545,0.0387394,0,0
74460,74497,74478,4.8,-102.124,40.0767,552.469,-17.75,302.583,23.371,3.63056,248.733,0.205533,0.000981604,10.3116,5.58301,3.64109,1.81569,1.17486,0.320416,0.310707,0.0970958,0.0485479,0.0194192,0,0.0388383,0,0,0.00970958
74498,74534,74516,4.7,-102.117,40.0756,559.834,-17.1895,302.104,22.4454,3.31689,215.909,0.195282,0.000835979,10.4467,5.26314,3.16385,1.62172,1.20386,0.308426,0.25868,0.119391,0.0298477,0,0.00994922,0,0.00994922,0,0.00994922
74535,74572,74554,4.6,-102.109,40.0743,567.254,-16.4129,301.886,12.4119,1.68534,88.6935,0.15788,0.000392005,6.52297,2.81477,1.36416,0.768539,0.557191,0.163315,0.124888,0.0480337,0.0288202,0,0,0.0192135,0,0,0
74573,74612,74592,4.5,-102.102,40.0734,574.881,-15.5692,301.719,6.58592,0.923929,93.5495,0.303755,0.000257413,4.1209,1.36423,0.517465,0.272845,0.141127,0.0376338,0.0846761,0.0282254,0,0,0.00940846,0,0,0,0.00940846
74613,74649,74631,4.4,-102.095,40.0727,582.546,-14.8562,301.413,5.70216,0.728117,40.9219,0.168607,0.000168462,3.42327,1.1937,0.532728,0.226903,0.14798,0.0789226,0.059192,0.00986533,0.0197307,0,0,0,0.00986533,0,0
74650,74684,74667,4.3,-102.088,40.0722,590.179,-14.0591,301.225,6.70706,0.88039,58.3215,0.198735,0.000234707,4.61764,1.07606,0.43878,0.188048,0.135813,0.135813,0.0313414,0.0417886,0.0104471,0.0104471,0,0.0104471,0.0104471,0,0
74685,74720,74702,4.2,-102.082,40.0714,597.981,-13.3386,300.926,6.0942,0.912684,100.453,0.33019,0.000289725,3.84527,1.2349,0.491953,0.190757,0.160638,0.0301196,0.0803189,0.0100399,0.0301196,0,0,0.0100399,0,0,0.0100399
74721,74756,74738,4.1,-102.075,40.0706,605.96,-12.5992,300.643,6.18213,0.74423,33.3882,0.134588,0.000172077,3.84621,1.15789,0.563843,0.281921,0.151029,0.0704803,0.0402745,0.0503431,0.0201372,0,0,0,0,0,0
74757,74792,74774,4,-102.069,40.0696,613.966,-12.0572,300.144,7.33873,0.937159,67.0487,0.214634,0.000219985,4.53776,1.35531,0.702751,0.411611,0.170668,0.0903537,0.0301179,0.0100393,0.0200786,0,0,0,0,0.0100393,0
74793,74826,74810,3.9,-102.063,40.0684,622.164,-11.685,299.43,14.2477,1.90809,125.443,0.197229,0.000517879,8.44426,3.00288,1.30977,0.692152,0.362049,0.159727,0.106485,0.0958365,0.042594,0.0106485,0.0106485,0,0,0.0106485,0
74827,74860,74844,3.8,-102.057,40.0672,630.296,-10.9682,299.14,22.4534,2.71054,137.318,0.151983,0.00055635,13.0289,5.184,2.33227,1.00712,0.381644,0.222626,0.137816,0.0848098,0.0212024,0.0212024,0.0106012,0.0212024,0,0,0
74861,74894,74878,3.7,-102.051,40.066,638.378,-10.573,298.506,32.9123,4.04767,286.282,0.212182,0.000797083,18.0455,8.59675,3.57197,1.62759,0.600789,0.185699,0.131081,0.0873875,0.0218469,0,0.0109234,0,0.0109234,0,0.0218469
74895,74925,74910,3.6,-102.047,40.065,645.584,-9.97043,298.232,41.8891,4.80636,213.342,0.133163,0.00078253,22.005,11.4782,5.28682,1.90263,0.623813,0.265121,0.187144,0.0311907,0.0311907,0.046786,0,0.0311907,0,0,0
74937,74960,74948,3.5,-102.04,40.0639,656.323,-8.82625,298.117,58.1143,6.91165,337.274,0.146394,0.00115358,29.6465,15.8751,7.34075,3.20785,1.1041,0.492368,0.268564,0.0746012,0.0447607,0,0.0298405,0.0149202,0,0.0149202,0
74961,74988,74974,3.4,-102.037,40.0635,663.56,-8.03815,298.073,59.5275,7.26144,389.677,0.160992,0.00130383,29.3685,16.3905,8.53781,3.1885,1.14628,0.434796,0.197634,0.105405,0.0658781,0.0395269,0,0.0263513,0.0131756,0,0.0131756
74991,75019,75005,3.3,-102.032,40.0634,672.469,-7.08179,298.011,66.4247,7.90734,381.943,0.144907,0.00127381,31.6789,19.5006,8.98357,3.89756,1.48235,0.421704,0.268357,0.0894523,0.0638945,0.0127789,0,0,0.0127789,0,0.0127789
75020,75050,75035,3.2,-102.029,40.0634,680.72,-6.34133,297.797,76.8166,9.83307,519.22,0.15841,0.00182699,35.6686,21.3609,11.3609,4.55621,2.43787,0.686391,0.461538,0.130178,0.035503,0.035503,0.0118343,0.0118343,0.0473373,0,0.0118343
75051,75078,75064,3.1,-102.025,40.0633,689.526,-5.52607,297.615,69.4151,8.63552,405.156,0.140752,0.0015464,33.339,18.9314,10.0613,3.82683,1.91341,0.620909,0.468849,0.114044,0.0253432,0.0380148,0.0253432,0.0380148,0.0126716,0,0
75079,75110,75094,3,-102.021,40.0629,698.531,-4.63719,297.502,49.9318,6.22666,305.579,0.147228,0.00117379,24.8661,13.6813,6.52443,2.39673,1.44248,0.454935,0.355071,0.0776718,0.0332879,0.0332879,0.011096,0.0443839,0.011096,0,0
75111,75144,75128,2.9,-102.016,40.0619,707.697,-3.98706,297.106,53.8627,6.66369,378.415,0.170363,0.00124838,27.0867,14.8123,7.20932,2.49633,1.33621,0.393612,0.341821,0.0725075,0.0310747,0.0207164,0.0103582,0.0207164,0.0103582,0.0103582,0.0103582
75145,75178,75162,2.8,-102.012,40.0602,716.835,-3.51485,296.541,43.8106,5.11578,258.031,0.151315,0.00090345,23.6511,11.3611,5.14665,1.88995,1.0998,0.298975,0.192198,0.0854215,0.0533884,0.0213554,0,0,0,0,0.0106777
75179,75210,75194,2.7,-102.008,40.0584,725.823,-3.25094,295.78,45.3457,6.05307,440.813,0.218474,0.0013616,23.5828,11.4384,5.92328,2.184,1.3457,0.375031,0.253697,0.0772123,0.0441213,0.033091,0.0110303,0.0220606,0.0220606,0.0110303,0.0220606
75211,75243,75227,2.6,-102.005,40.0564,735.078,-2.9225,295.067,102.075,13.955,688.956,0.14811,0.00280725,42.651,26.5617,17.6453,7.66946,5.02101,1.26905,0.89385,0.220704,0.0882815,0.0220704,0,0,0.0110352,0.0110352,0.0110352
75244,75273,75258,2.5,-102.003,40.0547,744.231,-2.191,294.819,137.744,20.0701,1107.57,0.165556,0.00433355,52.7828,36.8225,24.0636,11.8794,8.31438,2.04048,1.38378,0.281446,0.0586346,0.0351807,0.0117269,0.0117269,0.0117269,0.0117269,0.0351807
75274,75301,75288,2.4,-102.002,40.0536,753.527,-1.8675,294.129,160.967,23.3362,1192.4,0.15329,0.00491496,59.9827,44.0512,28.7751,13.9275,9.70513,2.44519,1.61332,0.226873,0.0882285,0.0378122,0.0252081,0.0252081,0.0126041,0.0504163,0
75302,75326,75314,2.3,-102.002,40.0524,762.72,-1.5908,293.414,190.877,28.821,1512.25,0.157412,0.00638797,68.8367,50.4456,34.4043,17.9972,12.8612,3.60225,2.01219,0.43621,0.0844277,0.0422139,0.0281426,0.0281426,0.0562851,0.0281426,0.0140713
75327,75353,75340,2.2,-102.001,40.0513,772.652,-1.9437,291.944,195.266,28.5328,1423.52,0.149672,0.00601011,70.3361,54.6058,34.8117,17.756,12.2666,3.00101,1.71308,0.487664,0.0750252,0.0750252,0.0500168,0.0375126,0.0250084,0.0125042,0.0125042
75354,75379,75366,2.1,-102,40.0511,782.768,-3.50923,289.186,163.354,23.9289,1241,0.155585,0.00518697,60.1705,44.6207,29.343,14.9437,9.80987,2.21433,1.60818,0.309265,0.148447,0.0742235,0.0123706,0,0.0494823,0.0494823,0
75380,75411,75396,2,-102,40.0524,793.07,-4.89375,286.63,146.555,22.9646,1508.15,0.197018,0.00537463,52.3453,37.787,26.9719,16.1164,9.35822,1.95258,1.41638,0.273159,0.111287,0.010117,0.040468,0.030351,0.030351,0.060702,0.050585
75412,75444,75428,1.9,-101.999,40.0545,803.391,-4.45515,286.039,136.042,21.4132,1312.4,0.183867,0.00497973,47.7427,34.5562,25.2568,15.4292,8.99039,2.20274,1.2459,0.259146,0.149508,0.0199343,0.0299015,0.00996717,0.0797374,0.0398687,0.0299015
75508,75546,75527,1.6,-101.999,40.0617,834.723,-1.88308,285.64,126.32,18.6025,1042.17,0.168069,0.00390618,46.0226,32.798,23.4777,15.6432,5.59734,1.47708,0.673754,0.276412,0.146844,0.0604651,0.0172757,0.0604651,0.0259136,0.0259136,0.0172757
75547,75584,75566,1.5,-101.999,40.0651,845.181,-0.905,285.647,126.726,19.718,1537.03,0.233852,0.00461452,46.8715,33.2437,23.961,15.2258,4.70421,1.36458,0.7182,0.242393,0.0807975,0.03591,0.03591,0.053865,0.053865,0.0448875,0.089775
75585,75623,75604,1.4,-102,40.068,855.432,0.015,285.626,127.073,17.8954,1022.11,0.171348,0.00339429,47.0414,34.8985,24.4569,14.9604,3.84361,0.873138,0.477075,0.180028,0.108017,0.0450071,0.0180028,0.0360057,0.0900142,0.0270043,0.0180028
75624,75646,75635,1.3,-102.001,40.0707,866.532,1.00364,285.609,123.255,16.8253,886.334,0.158036,0.00300422,46.8849,33.4041,24.4692,13.9981,2.83723,0.689715,0.454585,0.23513,0.047026,0.047026,0.0313507,0.0783767,0.047026,0.0313507,0
75647,75675,75661,1.2,-102.002,40.073,877.607,2.04179,285.655,123.414,17.7774,1229.81,0.207534,0.00366961,47.0284,33.1054,26.2238,12.5835,2.66662,0.921643,0.294926,0.122886,0.122886,0.0491543,0.08602,0.08602,0.0245771,0.0614429,0.0368657
75676,75712,75694,1.1,-102.003,40.0753,887.938,3.52385,286.228,120.421,15.7087,809.831,0.154659,0.00260838,46.7498,33.6413,26.7218,9.73512,2.37734,0.451561,0.252343,0.185937,0.066406,0.0796872,0.0265624,0.0398436,0.0796872,0,0.0132812
