api/src/app/data/B2SAP/Locations/Boulder/NOAA-POPS-B2SAP_GMLBalloon_20240105_R0.ict
82,1001
Thornberry, T. D.
NOAA Chemical Sciences Laboratory
Portable Optical Particle Spectrometer (POPS)
Balloon Baseline Stratospheric Aerosol Profiles (B2SAP)
1,1
2024,01,05,2024,05,28
0
TIME_START,s,Seconds since midnight UTC on flight start day,Start time of 100 m altitude bin in UTC_seconds_since_midnight
49
1.0,1.0,1.0,1.0,1.0,1.0,1.0,1.0,1.0,1.0,1.0,1.0,1.0,1.0,1.0,1.0,1.0,1.0,1.0,1.0,1.0,1.0,1.0,1.0,1.0,1.0,1.0,1.0,1.0,1.0,1.0,1.0,1.0,1.0,1.0,1.0,1.0,1.0,1.0,1.0,1.0,1.0,1.0,1.0,1.0,1.0,1.0,1.0,1.0
99999,99999,99999,99999,99999,99999,99999,99999,99999,99999,99999,99999,99999,99999,99999,99999,99999,99999,99999,99999,99999,99999,99999,99999,99999,99999,99999,99999,99999,99999,99999,99999,99999,99999,99999,99999,99999,99999,99999,99999,99999,99999,99999,99999,99999,99999,99999,99999,99999
TIME_STOP,s,End time of 100 m altitude bin in UTC seconds since midnight,
TIME_MID,s,Mid time of 100 m altitude in UTC seconds since midnight,
GPSAlt,km,GPS reported altitude above sea level (km),
GPS_Lon,deg,GPS reported longitude,
GPS_Lat,deg,GPS reported latitude,
iMet_Pressure,hPa,Pressure reported (hPa),
iMet_Temperature,degrees C,Ambient temperature (oC),
THETA,K,Potential temperature from iMet,
Aerosol_concentration,cm^-3,Aerosol concentration,
Surface_Area_Conc,um^2 cm^-3,Surface area concentration,
Volume_density,um^3 cm^-3,Volume density,
Effective_radius,um,Effective radius,
Extinction,km^-1,Extinction,
Bin01,cm^-3,particle concentration in size range [140 - 146.14 nm],
Bin02,cm^-3,particle concentration in size range [146.14 - 152.56 nm],
Bin03,cm^-3,particle concentration in size range [152.56 - 159.25 nm],
Bin04,cm^-3,particle concentration in size range [159.25 - 166.24 nm],
Bin05,cm^-3,particle concentration in size range [166.24 - 173.54 nm],
Bin06,cm^-3,particle concentration in size range [173.54 - 181.16 nm],
Bin07,cm^-3,particle concentration in size range [181.16 - 189.11 nm],
Bin08,cm^-3,particle concentration in size range [189.11 - 197.41 nm],
Bin09,cm^-3,particle concentration in size range [197.41 - 206.07 nm],
Bin10,cm^-3,particle concentration in size range [206.07 - 215.12 nm],
Bin11,cm^-3,particle concentration in size range [215.12 - 224.56 nm],
Bin12,cm^-3,particle concentration in size range [224.56 - 234.41 nm],
Bin13,cm^-3,particle concentration in size range [234.41 - 244.70 nm],
Bin14,cm^-3,particle concentration in size range [244.70 - 361.30 nm],
Bin15,cm^-3,particle concentration in size range [361.30 - 472.80 nm],
Bin16,cm^-3,particle concentration in size range [472.80 - 567.00 nm],
Bin17,cm^-3,particle concentration in size range [567.00 - 610.66 nm],
Bin18,cm^-3,particle concentration in size range [610.66 - 657.69 nm],
Bin19,cm^-3,particle concentration in size range [657.69 - 708.33 nm],
Bin20,cm^-3,particle concentration in size range [708.33 - 762.88 nm],
Bin21,cm^-3,particle concentration in size range [762.88 - 821.62 nm],
Bin22,cm^-3,particle concentration in size range [821.62 - 884.89 nm],
Bin23,cm^-3,particle concentration in size range [884.89 - 953.03 nm],
Bin24,cm^-3,particle concentration in size range [953.03 - 1026.42 nm],
Bin25,cm^-3,particle concentration in size range [1026.42 - 1105.46 nm],
Bin26,cm^-3,particle concentration in size range [1105.46 - 1190.59 nm]],
[...]
LOCATION: Boulder, CO, USA
ASSOCIATED_DATA: N/A
INSTRUMENT_INFO: Printed Optical Particle Spectrometer counts particles from 140 - 2500 nm in diameter 
DATA_INFO: Particle concentrations reported in number per cubic centimeter, binned to 100 m altitude
UNCERTAINTY: Counting uncertainty dominated by air flow, less than 5 percent
ULOD_FLAG: -77777
ULOD_VALUE: 3000 ~3000 per cm3 (varies depending on flow rate- manufacturer quotes 1250  per cm3 at 1.667 cc/s)
LLOD_FLAG: -88888
LLOD_VALUE: 0 0 (varies depending on data field and measurement precision)
DM_CONTACT_INFO: Troy Thornberry, 325 Broadway R/CSL6, Boulder, CO 80305; troy.thornberry@noaa.gov; 303-497-3373
PROJECT_INFO: B2SAP Boulder, CO, USA
STIPULATIONS_ON_USE: Please contact the PIs for questions regarding applications and uncertainties
OTHER_COMMENTS: POPS bin Edges (nm):  140, 146.14, 152.56, 159.25, 166.24, 173.54, 181.16, 189.11, 197.41, 206.07, 215.12, 224.56, 234.41, 244.70, 361.30, 472.80, 567.00, 610.66, 657.69, 708.33, 762.88, 821.62, 884.89, 953.03, 1026.42, 1105.46, 1190.59, 1282.27, 1381.01, 1487.36, 1601.89, 1725.25, 1858.10, 2001.18, 2155.28, 2321.25, 2500
Calculations assume sulfate refractive index of 1.45+0.00j and extinction wavelength = 532 nm
REVISION: R0
R0: QA/QC data
TIME_START,TIME_STOP,TIME_MID,GPSAlt,GPS_Lon,GPS_Lat,iMet_Pressure,iMet_Temperature,THETA,Aerosol_concentration,Surface_Area_Conc,Volume_density,Effective_radius,Extinction,Bin01,Bin02,Bin03,Bin04,Bin05,Bin06,Bin07,Bin08,Bin09,Bin10,Bin11,Bin12,Bin13,Bin14,Bin15,Bin16,Bin17,Bin18,Bin19,Bin20,Bin21,Bin22,Bin23,Bin24,Bin25,Bin26,Bin27,Bin28,Bin29,Bin30,Bin31,Bin32,Bin33,Bin34,Bin35,Bin36
[from data line 57]
67963,67972,67968,7.2,-105.134,39.9129,393.538,-38.64,306.112,12.836,1.88229,100.023,0.159417,0.000543435,0.91185,1.12228,1.54313,1.54313,1.19242,1.26256,0.771566,0.91185,0.420854,0.771566,0.350712,0.350712,0.350712,0.841708,0.210427,0.140285,0,0,0.0701423,0,0,0.0701423,0,0,0,0,0,0,0,0,0,0,0,0,0,0
67975,67996,67986,7.3,-105.132,39.913,388.962,-39.28,306.297,13.1653,1.84902,79.2669,0.128609,0.000365269,0.526613,1.26387,1.05323,1.36919,1.00056,1.26387,1.52718,0.579274,0.789919,0.684596,0.579274,0.42129,0.263306,1.52718,0.157984,0.105323,0,0.0526613,0,0,0,0,0,0,0,0,0,0,0,0,0,0,0,0,0,0
68002,68012,68007,7.4,-105.129,39.9129,383.98,-39.94,306.565,11.169,1.43982,56.2649,0.117233,0.00021944,0.989663,0.706902,0.989663,1.4138,1.27242,0.989663,0.565522,0.989663,0.565522,0.706902,0.282761,0.14138,0.14138,1.13104,0.282761,0,0,0,0,0,0,0,0,0,0,0,0,0,0,0,0,0,0,0,0,0
68018,68031,68024,7.5,-105.127,39.9129,377.975,-40.87,306.72,10.2871,1.56776,76.1683,0.145753,0.000427979,0.524852,1.57456,0.734793,0.734793,0.944734,1.0497,0.944734,0.629823,1.0497,0.10497,0.10497,0.10497,0.10497,1.15468,0.209941,0.209941,0.10497,0,0,0,0,0,0,0,0,0,0,0,0,0,0,0,0,0,0,0
68042,68051,68046,7.6,-105.124,39.9132,370.903,-41.84,307.088,9.32229,1.39619,64.7006,0.139022,0.000341721,0.414324,1.13939,0.932229,0.828648,0.621486,0.725067,0.828648,0.103581,0.828648,0.621486,0.207162,0.828648,0.207162,0.414324,0.414324,0.207162,0,0,0,0,0,0,0,0,0,0,0,0,0,0,0,0,0,0,0,0
68053,68070,68062,7.7,-105.123,39.9129,366.99,-42.2317,307.5,5.74097,0.762371,32.0383,0.126073,0.000146384,0.872046,0.508693,0.726705,0.581364,0.436023,0.508693,0.0726705,0.145341,0.654034,0.145341,0.0726705,0,0.145341,0.726705,0.0726705,0.0726705,0,0,0,0,0,0,0,0,0,0,0,0,0,0,0,0,0,0,0,0
68075,68092,68084,7.8,-105.12,39.9126,361.009,-42.9371,308.003,3.93864,0.385643,12.1931,0.094853,2.8984e-05,0.424162,0.969512,0.787729,0.363567,0.121189,0.302973,0.0605945,0.0605945,0.181784,0.121189,0.181784,0.0605945,0.181784,0.121189,0,0,0,0,0,0,0,0,0,0,0,0,0,0,0,0,0,0,0,0,0,0
68094,68111,68102,7.9,-105.118,39.9122,356.974,-43.5862,308.122,3.22705,0.338115,11.9047,0.105627,4.00601e-05,0.484057,0.806762,0.376489,0.376489,0.161352,0.161352,0.268921,0.0537841,0.0537841,0.107568,0.0537841,0.0537841,0.0537841,0.161352,0.0537841,0,0,0,0,0,0,0,0,0,0,0,0,0,0,0,0,0,0,0,0,0
68120,68142,68131,8,-105.113,39.9113,349.812,-44.5667,308.588,4.75451,0.554937,21.1306,0.114232,8.22404e-05,0.432229,0.792419,0.360191,0.936495,0.432229,0.360191,0.504267,0.0720381,0,0.144076,0.144076,0.0720381,0.0720381,0.288152,0.144076,0,0,0,0,0,0,0,0,0,0,0,0,0,0,0,0,0,0,0,0,0
68145,68174,68160,8.1,-105.11,39.9104,345.371,-45.1033,308.987,7.4615,0.908124,34.3827,0.113584,0.000126611,0.760408,1.04556,1.14061,0.902984,0.52278,0.570306,0.52278,0.095051,0.142576,0.285153,0.0475255,0.142576,0.285153,0.902984,0.095051,0,0,0,0,0,0,0,0,0,0,0,0,0,0,0,0,0,0,0,0,0
68176,68204,68190,8.2,-105.107,39.9093,340.165,-45.822,309.354,8.78248,1.06964,43.5273,0.12208,0.000193842,0.735478,1.16811,0.908532,1.03832,0.778742,0.605688,0.692215,0.648951,0.475898,0.389371,0.432634,0.173054,0.216317,0.302844,0.0865269,0.0865269,0.0432634,0,0,0,0,0,0,0,0,0,0,0,0,0,0,0,0,0,0,0
68209,68231,68220,8.3,-105.103,39.9081,334.7,-46.6337,309.681,9.56042,1.53536,84.8061,0.165706,0.000489566,0.747743,1.0682,1.17502,0.854563,0.747743,0.907973,0.427282,0.480692,0.320461,0.373871,0.480692,0.213641,0.320461,0.961383,0.213641,0.10682,0.0534102,0.0534102,0,0,0,0.0534102,0,0,0,0,0,0,0,0,0,0,0,0,0,0
68232,68260,68246,8.4,-105.102,39.9073,330.969,-47.2638,309.81,10.5863,1.68257,100.645,0.179449,0.000557223,0.702154,1.13425,1.40431,1.45832,1.02622,0.702154,0.378083,0.540118,0.648142,0.324071,0.432095,0.270059,0.216047,0.810177,0.270059,0.162035,0,0,0,0,0,0.0540118,0.0540118,0,0,0,0,0,0,0,0,0,0,0,0,0
68261,68286,68274,8.5,-105.099,39.9061,325.892,-48.1617,309.946,10.1952,1.89012,125.043,0.198468,0.000741302,1.14875,1.36414,1.00516,0.71797,0.430782,0.71797,0.789767,0.430782,0.358985,0.287188,0.502579,0.215391,0.287188,1.29235,0.215391,0.287188,0,0,0,0,0,0.071797,0.071797,0,0,0,0,0,0,0,0,0,0,0,0,0
68296,68311,68304,8.6,-105.097,39.9047,320.834,-48.84,310.394,13.0196,1.67104,68.1356,0.122323,0.000297626,1.21516,1.21516,1.47555,1.56235,1.73594,0.954768,0.694377,0.60758,0.433986,0.520783,0.433986,0.433986,0.173594,1.30196,0.0867971,0.173594,0,0,0,0,0,0,0,0,0,0,0,0,0,0,0,0,0,0,0,0
68321,68338,68330,8.7,-105.095,39.9028,315.182,-48.9917,311.762,15.338,2.62648,150.318,0.171694,0.000869489,0.584306,1.97203,1.82596,1.89899,1.16861,1.16861,0.949497,0.657344,0.438229,0.584306,0.803421,0.365191,0.146076,1.5338,0.949497,0,0.146076,0.0730382,0,0,0,0,0.0730382,0,0,0,0,0,0,0,0,0,0,0,0,0
68353,68359,68356,8.8,-105.092,39.9015,309.893,-49.5967,312.427,10.862,1.92172,131.546,0.205356,0.000766436,1.30344,1.30344,1.59309,1.15861,1.44826,0.579305,0.579305,0.144826,0.289653,0.144826,0.144826,0,0.144826,1.30344,0.434479,0,0.144826,0,0,0,0,0,0.144826,0,0,0,0,0,0,0,0,0,0,0,0,0
68363,68378,68370,8.9,-105.09,39.9004,305.941,-49.8929,313.161,7.35742,1.13455,52.0532,0.13764,0.000265953,0.498808,0.685861,0.810563,0.872914,0.498808,0.374106,0.62351,0.374106,0.187053,0.498808,0.062351,0.187053,0.249404,1.05997,0.249404,0.124702,0,0,0,0,0,0,0,0,0,0,0,0,0,0,0,0,0,0,0,0
68383,68391,68387,9,-105.088,39.8993,300.775,-50.24,314.197,8.60257,0.879261,29.1514,0.0994631,8.11484e-05,1.50545,0.860257,1.93558,0.860257,0.860257,0.430128,0,0.645192,0.430128,0.215064,0,0.215064,0,0.645192,0,0,0,0,0,0,0,0,0,0,0,0,0,0,0,0,0,0,0,0,0,0
68392,68415,68404,9.1,-105.085,39.8982,297.527,-50.6482,314.599,8.43377,0.970417,39.0046,0.120581,0.000174623,0.679498,1.63879,1.15914,0.999262,0.83938,0.759439,0.479646,0.319764,0.279793,0.279793,0.239823,0.119911,0.119911,0.319764,0.0799409,0.0799409,0.0399705,0,0,0,0,0,0,0,0,0,0,0,0,0,0,0,0,0,0,0
68419,68432,68426,9.2,-105.082,39.8964,293.334,-51.22,315.067,8.1588,1.03495,44.1832,0.128073,0.000213952,0.701832,1.05275,1.49139,1.31594,1.14048,0.526374,0.438645,0.175458,0.087729,0.087729,0,0,0,0.789561,0.263187,0.087729,0,0,0,0,0,0,0,0,0,0,0,0,0,0,0,0,0,0,0,0
68446,68467,68456,9.3,-105.077,39.8934,287.753,-52.0475,315.616,8.32794,1.16647,58.3691,0.150117,0.000323975,0.8438,1.02724,1.21067,0.917174,0.807113,0.770426,0.330183,0.440244,0.293496,0.146748,0.256809,0.110061,0.256809,0.550305,0.183435,0.0733739,0.0733739,0,0,0,0.036687,0,0,0,0,0,0,0,0,0,0,0,0,0,0,0
68479,68498,68488,9.4,-105.072,39.8902,282.923,-52.205,316.922,7.30136,1.12167,76.9732,0.205871,0.000436268,0.730136,1.38726,0.876163,0.657122,0.876163,0.949177,0.438082,0.0730136,0.0730136,0.0730136,0.146027,0.219041,0.146027,0.365068,0.146027,0,0,0,0,0,0.0730136,0,0.0730136,0,0,0,0,0,0,0,0,0,0,0,0,0
68498,68530,68514,9.5,-105.067,39.8876,279.432,-52.4208,317.737,7.52971,1.02016,44.7669,0.131647,0.000218751,0.857343,1.60286,0.782791,0.70824,0.410034,0.521861,0.335482,0.335482,0.186379,0.223655,0.0745516,0.186379,0.111827,0.894619,0.223655,0.0372758,0.0372758,0,0,0,0,0,0,0,0,0,0,0,0,0,0,0,0,0,0,0
68534,68559,68546,9.6,-105.061,39.8842,275.246,-52.8578,318.481,8.18976,1.18329,64.9794,0.164743,0.000374318,0.789374,1.3814,1.28273,0.888046,0.444023,0.542695,0.542695,0.345351,0.394687,0.197344,0.148008,0.197344,0.148008,0.542695,0.0986718,0.148008,0,0.0493359,0,0,0,0.0493359,0,0,0,0,0,0,0,0,0,0,0,0,0,0
68564,68593,68578,9.7,-105.054,39.8809,271.054,-53.0664,319.577,8.1995,1.10222,48.6613,0.132445,0.000234411,0.767441,1.17136,0.767441,0.727049,0.767441,0.646266,0.727049,0.444308,0.282741,0.282741,0.282741,0.161566,0.161566,0.727049,0.201958,0.0403916,0,0,0.0403916,0,0,0,0,0,0,0,0,0,0,0,0,0,0,0,0,0
68598,68620,68609,9.8,-105.047,39.8775,266.632,-52.0838,322.514,9.64927,1.3905,70.9753,0.153129,0.000369966,0.739665,1.47933,1.17674,1.1095,0.840529,0.57156,0.739665,0.437075,0.403454,0.168106,0.134485,0.201727,0.369833,0.87415,0.235348,0.100863,0,0.0336211,0,0,0,0,0.0336211,0,0,0,0,0,0,0,0,0,0,0,0,0
68631,68648,68640,9.9,-105.042,39.8743,261.802,-52.216,324.009,8.81076,1.47282,86.6179,0.176433,0.000557138,0.881076,0.792969,1.05729,1.1454,0.704861,0.528646,0.528646,0.616753,0.440538,0.440538,0.264323,0.0881076,0.0881076,0.616753,0.264323,0.176215,0,0,0.0881076,0.0881076,0,0,0,0,0,0,0,0,0,0,0,0,0,0,0,0
68649,68663,68656,10,-105.039,39.8723,258.381,-52.7843,324.394,7.92449,1.26824,70.6413,0.167101,0.000394456,0.686373,1.12316,1.06076,0.811168,0.561578,0.686373,0.311988,0.311988,0.187193,0.0623976,0.311988,0.374385,0.187193,0.686373,0.436783,0.0623976,0,0,0,0,0,0.0623976,0,0,0,0,0,0,0,0,0,0,0,0,0,0
68667,68672,68670,10.1,-105.037,39.8709,255.124,-53.536,324.462,9.7152,1.59793,93.9138,0.176317,0.000494668,0.6072,1.38789,0.780686,0.867429,0.6072,0.780686,0.693943,0.867429,0.520457,0.346972,0.173486,0.260229,0.0867429,1.30114,0.260229,0.0867429,0,0,0,0,0,0,0.0867429,0,0,0,0,0,0,0,0,0,0,0,0,0
68680,68702,68691,10.2,-105.034,39.8678,250.162,-54.273,325.192,9.44845,1.29304,57.7344,0.13395,0.000282674,0.706426,1.19209,1.19209,1.2804,1.01549,0.79473,0.353213,0.309061,0.309061,0.26491,0.353213,0.26491,0.0441516,1.01549,0.26491,0.0441516,0,0,0.0441516,0,0,0,0,0,0,0,0,0,0,0,0,0,0,0,0,0
68708,68720,68714,10.3,-105.031,39.865,246.813,-54.6783,325.839,10.0187,1.44706,78.5305,0.162807,0.000380489,0.658165,1.2432,1.38946,0.804424,0.804424,0.585035,0.877553,0.585035,0.365647,0.438777,0.731294,0.292518,0.0731294,0.950683,0.0731294,0.0731294,0,0,0,0,0,0,0.0731294,0,0,0,0,0,0,0,0,0,0,0,0,0
68732,68749,68740,10.4,-105.026,39.8609,241.942,-55.6267,326.278,10.619,1.54232,75.4758,0.146809,0.000437019,0.952049,1.31822,1.61116,1.09852,1.02528,1.02528,0.439407,0.366173,0.292938,0.366173,0.439407,0.146469,0.292938,0.585876,0.292938,0.292938,0.0732345,0,0,0,0,0,0,0,0,0,0,0,0,0,0,0,0,0,0,0
68750,68766,68758,10.5,-105.025,39.8588,239.58,-56.1567,326.397,10.3668,1.49687,81.1466,0.162633,0.000396928,0.657048,1.53311,0.876064,1.16809,1.09508,0.803058,0.876064,0.511037,0.511037,0.511037,0.146011,0.292021,0.219016,0.730053,0.365027,0,0,0,0,0,0,0,0.0730053,0,0,0,0,0,0,0,0,0,0,0,0,0
68780,68798,68789,10.6,-105.021,39.8542,234.809,-57.245,326.63,9.48507,1.08753,41.0557,0.113254,0.000158413,1.44217,1.38671,1.10936,0.721087,1.33124,0.554682,0.332809,0.61015,0.332809,0.388278,0.221873,0,0.221873,0.665619,0.110936,0.0554682,0,0,0,0,0,0,0,0,0,0,0,0,0,0,0,0,0,0,0,0
68803,68827,68815,10.7,-105.018,39.8507,231.082,-57.0682,328.399,12.0188,1.62293,74.594,0.137888,0.000402291,1.09631,1.82718,1.86779,1.25873,1.09631,0.812082,0.609061,0.690269,0.446645,0.324833,0.324833,0.0406041,0.284229,0.771477,0.243624,0.284229,0.0406041,0,0,0,0,0,0,0,0,0,0,0,0,0,0,0,0,0,0,0
68829,68852,68840,10.8,-105.015,39.8481,227.992,-56.8986,329.923,11.7255,1.61946,73.3287,0.135839,0.000378417,0.979758,1.64346,1.64346,1.32741,0.853337,0.916548,0.568892,0.442471,0.505681,0.442471,0.410866,0.284446,0.12642,1.10618,0.252841,0.158025,0.0316051,0.0316051,0,0,0,0,0,0,0,0,0,0,0,0,0,0,0,0,0,0
68854,68873,68864,10.9,-105.011,39.8461,224.082,-56.815,331.685,11.9754,1.495,63.3219,0.127068,0.000294995,1.04134,1.56201,1.71077,1.26448,0.818194,1.11572,1.11572,0.446288,0.297525,0.59505,0,0.669432,0.223144,0.966957,0,0,0.0743813,0.0743813,0,0,0,0,0,0,0,0,0,0,0,0,0,0,0,0,0,0
68879,68902,68890,11,-105.005,39.845,220.13,-54.601,336.789,15.5365,2.28586,117.157,0.153759,0.00068885,1.59804,2.61902,1.37609,2.04194,1.50926,0.976582,0.843412,0.488291,0.488291,0.488291,0.355121,0.399511,0.266341,1.3317,0.266341,0.310731,0,0.0443901,0.13317,0,0,0,0,0,0,0,0,0,0,0,0,0,0,0,0,0
68903,68928,68916,11.1,-105,39.8439,217.372,-54.2367,338.567,14.8229,1.91363,91.482,0.143416,0.00047438,1.32413,1.94941,2.42757,1.61838,1.39769,1.177,1.21379,0.478158,0.625283,0.404595,0.441376,0.220688,0.220688,0.993097,0.0367814,0.147125,0,0.0735627,0.0367814,0,0,0.0367814,0,0,0,0,0,0,0,0,0,0,0,0,0,0
68933,68961,68947,11.2,-104.993,39.8423,214.032,-53.5792,341.091,14.9154,2.06062,93.3933,0.135969,0.000483709,1.13328,2.33967,1.57197,1.57197,1.24295,1.16984,0.987049,0.767705,0.767705,0.658033,0.402131,0.365574,0.109672,1.09672,0.475246,0.182787,0.0365574,0.0365574,0,0,0,0,0,0,0,0,0,0,0,0,0,0,0,0,0,0
68962,68982,68972,11.3,-104.987,39.8407,210.886,-53.3536,342.885,14.639,2.16168,111.745,0.15508,0.000608254,0.877541,1.71519,1.79497,1.43598,1.47586,1.47586,0.997206,0.837653,0.558435,0.797765,0.398882,0.319106,0.199441,0.997206,0.438771,0.199441,0,0.0398882,0.0398882,0,0,0,0.0398882,0,0,0,0,0,0,0,0,0,0,0,0,0
68984,69005,68994,11.4,-104.981,39.8389,207.37,-53.1662,344.832,15.9561,2.16774,104.983,0.145289,0.000549567,0.976904,2.60508,2.11663,1.95381,1.62817,0.922632,1.19399,0.542725,0.65127,0.542725,0.271362,0.43418,0.379907,1.19399,0.325635,0.0542725,0.0542725,0,0,0.0542725,0.0542725,0,0,0,0,0,0,0,0,0,0,0,0,0,0,0
69009,69030,69020,11.5,-104.975,39.8372,204.228,-53.005,346.594,14.9508,2.09035,95.0174,0.136366,0.000495276,1.04728,1.914,1.84177,1.26396,1.66121,1.33619,0.902829,0.902829,0.505584,0.433358,0.433358,0.505584,0.325018,1.26396,0.252792,0.325018,0,0.0361132,0,0,0,0,0,0,0,0,0,0,0,0,0,0,0,0,0,0
69036,69064,69050,11.6,-104.969,39.8355,201.121,-52.4864,348.934,16.0746,2.11454,94.2754,0.133753,0.000461632,1.35755,2.25229,1.82035,1.63523,1.66608,1.26499,0.987307,0.83304,0.83304,0.55536,0.401093,0.308533,0.493653,1.20328,0.215973,0.154267,0.0308533,0.0308533,0,0,0.0308533,0,0,0,0,0,0,0,0,0,0,0,0,0,0,0
69066,69091,69078,11.7,-104.962,39.8338,198.236,-52.1755,350.873,16.3554,2.19549,102.024,0.139409,0.000532702,1.14592,2.46546,1.77096,1.84041,1.84041,1.18064,1.31954,0.937569,0.520872,0.555597,0.347248,0.416697,0.416697,0.972294,0.312523,0.208349,0,0.0694496,0,0,0.0347248,0,0,0,0,0,0,0,0,0,0,0,0,0,0,0
69096,69123,69110,11.8,-104.957,39.8326,194.815,-50.7164,354.949,15.1083,1.98685,92.664,0.139916,0.000446251,1.00499,2.24447,1.87598,1.74198,1.27298,1.27298,1.03849,0.77049,0.80399,0.535993,0.368495,0.468994,0.234497,1.07199,0.200997,0.0669992,0.0669992,0.0334996,0,0,0,0,0.0334996,0,0,0,0,0,0,0,0,0,0,0,0,0
69124,69144,69134,11.9,-104.953,39.8318,192.343,-50.7473,356.197,16.0676,2.10689,94.5752,0.134665,0.000470298,1.2756,2.20777,2.10964,1.56997,1.56997,1.32466,1.25107,0.834045,0.711391,0.66233,0.3189,0.367961,0.294369,1.00576,0.3189,0.147184,0.0490615,0,0.0245307,0,0.0245307,0,0,0,0,0,0,0,0,0,0,0,0,0,0,0
69151,69166,69158,12,-104.949,39.8309,189.02,-51.78,356.313,15.4753,2.23886,109.937,0.147312,0.000610994,1.21065,1.78966,1.57911,1.8423,1.68439,1.15802,1.0001,0.684282,0.579008,1.0001,0.315822,0.263185,0.579008,1.10538,0.263185,0.315822,0,0,0.0526371,0.0526371,0,0,0,0,0,0,0,0,0,0,0,0,0,0,0,0
69172,69182,69177,12.1,-104.946,39.83,186.197,-52.34,356.943,15.6471,2.23783,110.139,0.147651,0.000577248,1.20363,1.75915,1.62027,1.43509,1.57397,1.52768,1.71285,0.55552,0.786986,0.324053,0.231466,0.462933,0.462933,1.48139,0.185173,0.185173,0.0462933,0,0.0462933,0,0,0.0462933,0,0,0,0,0,0,0,0,0,0,0,0,0,0
69191,69218,69204,12.2,-104.941,39.8289,183.651,-51.6785,359.424,16.5306,2.34056,114.138,0.146295,0.000612996,1.27814,2.04502,2.01662,1.76099,1.59057,1.19293,1.13612,1.07932,0.65327,0.511255,0.624867,0.397642,0.312433,1.27814,0.28403,0.227224,0.028403,0.028403,0.0568061,0,0,0.028403,0,0,0,0,0,0,0,0,0,0,0,0,0,0
69224,69251,69238,12.3,-104.936,39.8272,180.534,-51.8976,360.827,16.0411,2.25515,112.637,0.14984,0.000598141,1.10554,1.84256,1.97263,1.84256,1.64747,1.60411,1.01883,0.953798,0.520253,0.563608,0.39019,0.39019,0.433544,1.19225,0.238449,0.173418,0.0216772,0.0433544,0.0216772,0,0.0433544,0,0.0216772,0,0,0,0,0,0,0,0,0,0,0,0,0
69252,69277,69264,12.4,-104.933,39.8261,177.877,-51.6314,362.798,14.4362,1.92474,91.6837,0.142903,0.000495016,0.892418,1.99482,1.62735,2.04731,1.57486,1.20739,1.15489,0.577447,0.839923,0.314971,0.262476,0.472457,0.262476,0.682438,0.262476,0.0524952,0.0524952,0.0524952,0.10499,0,0,0,0,0,0,0,0,0,0,0,0,0,0,0,0,0
