api/src/app/data/B2SAP/Locations/Boulder/NOAA-POPS-B2SAP_GMLBalloon_20200625_R0.ict
61,1001
Thornberry, T. D.
NOAA Chemical Sciences Laboratory
Portable Optical Particle Spectrometer (POPS)
Balloon Baseline Stratospheric Aerosol Profiles (B2SAP)
1,1
2020,06,25,2024,05,28
0
TIME_START,s,Seconds since midnight UTC on flight start day,Start time of 100 m altitude bin in UTC_seconds_since_midnight
28
1.0,1.0,1.0,1.0,1.0,1.0,1.0,1.0,1.0,1.0,1.0,1.0,1.0,1.0,1.0,1.0,1.0,1.0,1.0,1.0,1.0,1.0,1.0,1.0,1.0,1.0,1.0,1.0
99999,99999,99999,99999,99999,99999,99999,99999,99999,99999,99999,99999,99999,99999,99999,99999,99999,99999,99999,99999,99999,99999,99999,99999,99999,99999,99999,99999
TIME_STOP,s,End time of 100 m altitude bin in UTC seconds since midnight,
TIME_MID,s,Mid time of 100 m altitude in UTC seconds since midnight,
GPSAlt,m,GPS reported altitude above sea level (m),
GPS_Lon,deg,GPS reported longitude,
GPS_Lat,deg,GPS reported latitude,
iMet_Pressure,mb,Pressure reported (mB),
iMet_Temperature,degrees C,Ambient temperature (oC),
THETA,K,Potential temperature from iMet,
Aerosol_concentration,cm^-3,Aerosol concentration,
Surface_Area_Conc,um^2 cm^-3,Surface area concentration,
Volume_density,um^3 cm^-3,Volume density,
Effective_radius,um,Effective radius,
Extinction,km^-1,Extinction,
Bin01,cm^-3,particle concentration in size range [140 - 170 nm],
Bin02,cm^-3,particle concentration in size range [170 - 205 nm],
Bin03,cm^-3,particle concentration in size range [205 - 249 nm],
Bin04,cm^-3,particle concentration in size range [249 - 302 nm],
Bin05,cm^-3,particle concentration in size range [302 - 366 nm],
Bin06,cm^-3,particle concentration in size range [366 - 443 nm],
Bin07,cm^-3,particle concentration in size range [443 - 537 nm],
Bin08,cm^-3,particle concentration in size range [537 - 651 nm],
Bin09,cm^-3,particle concentration in size range [651 - 789 nm],
Bin10,cm^-3,particle concentration in size range [789 - 956 nm],
Bin11,cm^-3,particle concentration in size range [956 - 1159 nm],
Bin12,cm^-3,particle concentration in size range [1159 - 1404 nm],
Bin13,cm^-3,particle concentration in size range [1404 - 1702 nm],
Bin14,cm^-3,particle concentration in size range [1702 - 2062 nm],
Bin15,cm^-3,particle concentration in size range [2062 - 2500 nm],
0
19
PI_CONTACT_INFO: 325 Broadway R/CSL6, Boulder, CO 80305; troy.thornberry@noaa.gov; 303-497-3373 
PLATFORM: GML ECC/FPH balloon
LOCATION: Boulder, CO, USA
ASSOCIATED_DATA: N/A
INSTRUMENT_INFO: Printed Optical Particle Spectrometer counts particles from 140 - 2500 nm in diameter 
DATA_INFO: Particle concentrations reported in number per cubic centimeter, binned to 100 m altitude
UNCERTAINTY: Counting uncertainty dominated by air flow, less than 5 percent
ULOD_FLAG: -77777
ULOD_VALUE: 3000 ~3000 per cm3 (varies depending on flow rate- manufacturer quotes 1250  per cm3 at 1.667 cc/s)
LLOD_FLAG: -88888
LLOD_VALUE: 0 0 (varies depending on data field and measurement precision)
DM_CONTACT_INFO: Troy Thornberry, 325 Broadway R/CSL6, Boulder, CO 80305; troy.thornberry@noaa.gov; 303-497-3373
PROJECT_INFO: B2SAP Boulder, CO, USA
STIPULATIONS_ON_USE: Please contact the PIs for questions regarding applications and uncertainties
OTHER_COMMENTS: POPS bin Edges (nm):  140, 170, 205, 249, 302, 366, 443, 537, 651, 789, 956, 1159, 1404, 1702, 2062, 2500
Calculations assume sulfate refractive index of 1.45+0.00j and extinction wavelength = 532 nm
REVISION: R0
R0: QA/QC data
TIME_START,TIME_STOP,TIME_MID,GPSAlt,GPS_Lon,GPS_Lat,iMet_Pressure,iMet_Temperature,THETA,Aerosol_concentration,Surface_Area_Conc,Volume_density,Effective_radius,Extinction,Bin01,Bin02,Bin03,Bin04,Bin05,Bin06,Bin07,Bin08,Bin09,Bin10,Bin11,Bin12,Bin13,Bin14,Bin15
[from data line 454]
72261,72290,72276,9.2,-104.889,40.0255,318.038,-32.012,334.513,31.2474,7.66759,482.18,0.188656,0.00312909,6.99164,5.98828,5.44679,4.69825,3.20118,2.34116,1.8156,0.652978,0.0477789,0.0318526,0.0318526,0,0,0,0
72291,72319,72305,9.1,-104.885,40.0263,322.614,-30.9593,334.608,37.0568,9.22533,603.648,0.196301,0.00379181,8.29387,7.54122,6.16875,5.20949,3.95508,2.80398,2.2727,0.575553,0.13282,0.0295155,0.0590311,0.0147578,0,0,0
72320,72348,72334,9,-104.882,40.0271,327.245,-30.2432,334.237,55.2792,13.4592,836.594,0.186473,0.00535138,11.9523,11.3324,9.2026,7.97877,5.92845,4.64104,3.19469,0.84238,0.127152,0.0317879,0.015894,0,0.0317879,0,0
72349,72380,72364,8.9,-104.878,40.0281,331.858,-29.5869,333.793,60.4319,15.5092,1041.88,0.201536,0.00647341,13.1565,11.6407,10.3524,8.7154,6.48729,4.75937,3.97119,0.954905,0.166729,0.0757861,0.106101,0.0454717,0,0,0
72381,72409,72395,8.8,-104.875,40.0292,336.698,-28.555,333.825,47.799,12.0898,784.972,0.194786,0.00505776,10.1148,9.93286,7.99178,6.52081,5.27731,3.94281,2.7903,0.925045,0.197141,0.0303293,0.0758233,0,0,0,0
72412,72441,72426,8.7,-104.871,40.0299,341.467,-27.8558,333.44,42.6574,10.6133,676.986,0.19136,0.00438446,9.67843,8.65965,7.18077,5.32396,4.51879,3.81222,2.44836,0.854463,0.0985918,0.0328639,0,0.0492959,0,0,0
72442,72474,72458,8.6,-104.868,40.0305,346.072,-26.9279,333.426,44.056,11.4232,793.133,0.208295,0.00484389,9.36734,8.81962,7.45736,6.37597,4.60643,3.55313,2.69645,0.898815,0.14044,0.042132,0.028088,0.0561759,0,0.014044,0
72475,72506,72490,8.5,-104.865,40.0313,350.853,-26.2404,333.043,45.5801,12.1461,869.96,0.214874,0.00531578,9.344,8.96904,8.21912,6.14934,4.57451,3.65961,3.47963,0.959897,0.0899903,0.0599936,0.0149984,0.0449952,0,0,0.0149984
72508,72542,72525,8.4,-104.861,40.0321,355.927,-25.4532,332.736,52.3528,13.342,883.099,0.198568,0.00554929,11.5676,10.3595,8.42922,7.74878,5.29083,4.34654,3.40224,0.930408,0.138867,0.0277734,0.0555468,0.0416601,0.0138867,0,0
72543,72579,72561,8.3,-104.858,40.033,361.081,-24.8467,332.187,71.879,17.8937,1120.51,0.187862,0.00720867,14.864,14.2429,12.6828,10.2272,7.75704,6.13918,4.53577,1.22784,0.101116,0.0144451,0.0433354,0.0433354,0,0,0
72580,72620,72600,8.2,-104.853,40.034,366.088,-24.0934,331.889,79.1089,19.777,1291.79,0.195953,0.00809007,16.9062,15.7831,13.9114,11.4721,7.95798,6.37605,5.0477,1.31627,0.169062,0.0483034,0.0603792,0.0362275,0.0120758,0.0120758,0
72621,72658,72640,8.1,-104.849,40.0351,371.088,-23.4803,331.418,105.639,27.0183,1772.14,0.196772,0.0113308,22.2049,19.9182,18.7436,14.6075,11.6335,8.77199,7.5849,1.83687,0.162444,0.0999657,0.0374871,0.0124957,0,0.0124957,0.0124957
72661,72701,72681,8,-104.844,40.0365,376.148,-22.6855,331.182,111.35,28.4652,1786.34,0.188266,0.0118453,22.1625,21.532,19.3834,16.3825,12.0971,9.42315,8.16206,1.85661,0.163475,0.105091,0.0583839,0.0116768,0.0116768,0,0
72702,72744,72723,7.9,-104.839,40.038,381.242,-22.1282,330.649,106.452,27.2123,1795.16,0.197906,0.0113772,23.2585,20.842,17.3219,15.2423,11.6641,8.22529,7.55146,1.95176,0.127794,0.0813234,0.116176,0.0464705,0.0116176,0.0116176,0
72745,72785,72765,7.8,-104.834,40.0395,386.465,-21.5846,330.082,168.013,47.6082,3135.23,0.197564,0.0216908,32.0155,29.1877,26.4147,24.2116,19.6959,16.2105,15.2569,4.42802,0.361695,0.0767231,0.0767231,0.0657627,0.0109604,0,0
72787,72827,72807,7.7,-104.829,40.0407,391.652,-20.8016,329.853,227.873,70.8609,4789.69,0.202778,0.0341777,37.4992,35.4425,33.9155,32.5132,29.0957,26.3326,25.6262,6.50263,0.654419,0.145426,0.0623256,0.0415504,0.0311628,0.0103876,0
72828,72865,72846,7.6,-104.824,40.0418,397.165,-20.2864,329.203,260.924,80.9621,5450.09,0.20195,0.0391124,43.1869,41.6865,37.9645,36.7199,33.626,29.776,29.3573,7.50217,0.744401,0.209363,0.0697876,0.0465251,0.0348938,0,0
72866,72903,72884,7.5,-104.82,40.0426,402.305,-19.8631,328.544,497.862,175.14,12156,0.208223,0.0902425,60.4066,65.0283,68.8938,73.6596,70.2983,67.3812,71.9069,18.2828,1.53657,0.276103,0.120045,0.0600225,0,0,0.0120045
72906,72945,72926,7.4,-104.815,40.0432,407.708,-19.2222,328.125,682.621,247.405,17180.7,0.208332,0.128487,71.395,85.0152,92.7467,102.522,99.6839,100.033,103.105,25.567,2.07587,0.264779,0.116503,0.0423646,0.0317735,0.0211823,0
72946,72980,72963,7.3,-104.81,40.0435,413.206,-18.3518,327.995,690.938,246.548,17042.2,0.20737,0.126824,72.826,89.5203,94.7009,104.682,102.838,97.142,101.97,24.7635,1.92575,0.366164,0.122055,0.0542465,0.0135616,0,0.0135616
72981,73013,72997,7.2,-104.806,40.0434,418.687,-17.5864,327.746,641.167,225.727,15552,0.206693,0.114608,70.0722,80.9234,90.4384,98.9973,95.1153,89.2865,93.0533,21.2071,1.56663,0.230387,0.17279,0.0115193,0.0691161,0.0115193,0.0115193
73014,73046,73030,7.1,-104.802,40.0434,424.51,-16.8374,327.402,604.933,211.609,14517.2,0.205811,0.107192,68.2324,78.4306,84.4957,90.3162,89.986,85.9875,85.2416,20.3841,1.40622,0.244561,0.0978242,0.0611401,0.0366841,0,0.012228
73047,73080,73064,7,-104.798,40.0432,430.063,-16.2048,326.997,520.937,176.921,12092.8,0.205055,0.0883441,64.189,70.9913,73.0186,79.7721,74.4963,70.5028,69.8678,16.5602,1.12355,0.232038,0.109913,0.024425,0.0122125,0.024425,0.0122125
73081,73112,73096,6.9,-104.794,40.043,435.727,-15.4606,326.723,377.37,121.422,8177.45,0.202042,0.0588195,51.6462,56.6579,55.8462,56.7403,52.4933,47.2463,44.5875,10.8586,0.847045,0.258819,0.0705871,0.0705871,0.0352935,0.0117645,0
73114,73149,73132,6.8,-104.79,40.0429,441.783,-14.6753,326.431,367.104,106.658,6932.44,0.19499,0.0486421,62.8058,61.307,57.1523,53.229,48.2147,38.4395,36.4007,8.64007,0.606127,0.154287,0.044082,0.044082,0.0551025,0.0110205,0
73150,73180,73165,6.7,-104.786,40.0429,447.55,-14.1162,325.928,378.378,101.381,6383.32,0.18889,0.0434764,71.8213,68.384,60.75,57.6862,44.3363,36.2003,31.3856,6.88732,0.656549,0.102988,0.077241,0.051494,0.025747,0.0128735,0
73181,73197,73189,6.6,-104.784,40.0426,452.978,-13.5254,325.539,273.094,73.8675,4916.23,0.199664,0.0312204,48.7503,48.6639,45.7268,42.8185,34.7846,25.6278,21.5676,4.40567,0.403133,0.0863857,0.0863857,0.0287952,0.0575905,0.0575905,0.0287952
73198,73211,73204,6.5,-104.782,40.0423,458.641,-13.0643,324.964,344.378,128.976,16493.3,0.383637,0.062549,51.8717,49.857,57.2173,60.8169,48.0303,37.6882,29.0653,5.61428,0.940191,0.134313,0.268626,0.402939,0.590977,0.779015,1.10137
73212,73230,73221,6.4,-104.78,40.0421,465.651,-12.2361,324.592,325.067,100.081,11874.2,0.355937,0.0445348,69.2456,60.2713,54.1156,50.7995,36.5193,27.3376,19.9592,4.00012,0.497425,0.145082,0.20726,0.248712,0.497425,0.373068,0.849767
73231,73275,73253,6.3,-104.777,40.0423,471.243,-10.7305,325.356,434.829,150.533,28007.5,0.558168,0.0712728,136.226,102.619,67.903,50.8148,30.7887,21.4152,15.2295,2.79806,0.339765,0.149896,0.369744,0.569606,1.31909,1.54893,2.73811
73276,73290,73283,6.2,-104.773,40.0423,476.454,-11.2231,323.729,493.505,184.931,24420.1,0.39615,0.0894032,74.7476,77.766,84.2584,80.699,68.0844,53.5905,41.1468,7.68833,0.683407,0.170852,0.313228,0.370179,1.08206,1.19596,1.70852
73295,73309,73302,6.1,-104.771,40.0423,483.682,-10.7173,322.951,419.808,140.748,11249.1,0.23977,0.065725,48.1228,53.3133,64.3862,73.1852,68.6127,57.6386,44.9838,7.90925,0.716775,0.0494328,0.123582,0.0494328,0.197731,0.247164,0.27188
73310,73328,73319,6,-104.77,40.0423,489.531,-9.74353,323.041,486.754,182.871,22258.7,0.365154,0.0904282,80.4916,71.9901,68.9897,75.0341,68.3591,59.2924,49.269,8.39269,0.674024,0.456597,0.173942,0.413112,0.869709,0.913194,1.43502
73329,73345,73337,5.9,-104.768,40.0422,496.117,-8.91875,322.82,509.058,194.347,17797,0.27472,0.0971302,56.2969,55.4165,67.3478,81.4568,85.6037,81.8506,66.0041,11.7227,0.973033,0.139005,0.278009,0.208507,0.718191,0.463349,0.579186
73347,73364,73356,5.8,-104.766,40.042,502.441,-8.42867,322.253,502.182,176.423,13342.3,0.226881,0.0847659,47.2914,55.8608,72.2139,90.4576,88.9107,73.5644,60.6243,11.0494,0.982168,0.29465,0.147325,0.0982168,0.245542,0.319204,0.122771
73365,73380,73372,5.7,-104.765,40.0418,508.589,-8.15,321.475,510.37,149.988,9692.95,0.193874,0.0655632,63.5785,80.2055,88.1232,87.2786,75.93,58.1682,46.9251,8.86774,0.897331,0.13196,0.13196,0.0263921,0.0527842,0.0263921,0.0263921
73381,73401,73391,5.6,-104.764,40.0415,515.667,-7.30389,321.225,536.506,161.291,11301.7,0.210212,0.0712446,71.7229,79.9728,90.056,93.2541,79.6876,61.0694,49.8251,9.22763,0.753692,0.224071,0.16296,0.10185,0.224071,0.10185,0.12222
73403,73424,73414,5.5,-104.762,40.0412,522.545,-5.85263,321.756,629.751,207.113,13920.8,0.201641,0.0984961,86.5523,75.9859,80.1239,103.258,102.219,89.497,76.6595,14.2618,0.789113,0.11548,0.0962334,0.05774,0.0384933,0.0769867,0.0192467
73426,73452,73439,5.4,-104.76,40.0408,529.128,-5.0275,321.599,708.681,241.611,20060.2,0.24908,0.115582,93.915,96.6321,104.252,114.149,108.032,92.4729,79.874,15.6955,0.910764,0.318768,0.440203,0.349126,0.698253,0.561638,0.379485
73453,73485,73469,5.3,-104.759,40.0403,536.408,-4.08138,321.479,854.476,255.96,16476.4,0.193112,0.113483,108.847,129.714,140.273,141.401,127.532,106.628,82.8769,15.8255,0.890341,0.16302,0.13794,0.05016,0.0877801,0.01254,0.03762
73486,73523,73504,5.2,-104.757,40.0399,543.35,-3.71706,320.736,825.156,226.067,14154.7,0.187839,0.0956535,135.914,140.237,137.334,129.724,115.123,84.2767,67.0393,14.1102,0.885887,0.22414,0.170773,0.0533667,0.0213467,0.0213467,0.0213467
73524,73557,73540,5.1,-104.755,40.0396,550,-3.761,319.57,639.587,155.826,9232.44,0.177745,0.0599108,122.055,121.584,113.64,104.574,76.734,51.4659,41.2403,7.30398,0.67607,0.1328,0.0965815,0.0362181,0.0241454,0.0241454,0
73558,73592,73575,5,-104.753,40.0391,557.056,-3.18688,319.081,617.631,148.219,8837.2,0.178867,0.0559235,119.545,118.843,110.859,101.914,72.8796,48.6015,37.6288,6.38659,0.577511,0.18118,0.045295,0.0792662,0.0566187,0,0.0339712
73594,73621,73608,4.9,-104.753,40.0386,564.222,-2.565,318.654,605.186,142.577,8508.85,0.179037,0.052927,118.493,119.963,110.813,98.7068,69.3798,45.3631,35.7625,5.98541,0.405028,0.120008,0.0600041,0.0450031,0.015001,0.0300021,0.0450031
73622,73651,73636,4.8,-104.752,40.0384,570.877,-1.74423,318.554,646.053,150.35,8699.35,0.173582,0.0548493,127.465,125.866,119.708,105.405,77.4936,46.941,35.9181,6.51919,0.458706,0.0973014,0.069501,0.0417006,0.0556008,0,0.0139002
73652,73684,73668,4.7,-104.752,40.0383,577.925,-0.555,318.826,620.957,145.079,8485.57,0.175468,0.0532861,121.836,123.775,113.374,101.496,71.7047,46.1252,35.801,6.30498,0.282504,0.0642055,0.11557,0.0256822,0.0128411,0.0128411,0.0256822
73685,73718,73702,4.6,-104.753,40.038,585.176,1.23815,319.78,587.773,133.162,7713.92,0.173787,0.0474597,120.887,118.94,109.656,94.8102,66.2704,40.5383,30.5527,5.40335,0.397305,0.079461,0.105948,0.079461,0.026487,0,0.026487
73720,73746,73733,4.5,-104.754,40.0379,592.577,2.49591,320.098,585.819,134.051,7792.89,0.174401,0.0489144,123.946,117.024,108.514,90.8767,65.8151,40.8507,31.9511,5.9493,0.421476,0.226949,0.0972637,0.0972637,0.0324212,0.0162106,0
73748,73771,73760,4.4,-104.754,40.0379,599.826,3.42286,320.064,552.671,124.19,7117.2,0.171927,0.044081,114.75,112.039,103.84,89.7324,61.2302,36.6506,28.8053,4.94959,0.353542,0.134683,0.117847,0.0336707,0,0.0336707,0
73772,73796,73784,4.3,-104.755,40.0377,607.035,4.33273,320.017,517.697,115.454,6584.44,0.171092,0.0409283,109.735,107.661,96.4885,81.5378,55.1891,34.9011,27.2489,4.27623,0.321521,0.176837,0.112532,0,0.0321521,0.0160761,0
73797,73827,73812,4.2,-104.755,40.0372,614.239,5.2675,320.014,491.551,110.663,6597.51,0.178854,0.0397149,105.426,102.4,92.1168,76.1167,50.8511,33.542,25.9056,4.58184,0.189092,0.145455,0.0727276,0.0727276,0.0581821,0.0436366,0.029091
73827,73848,73838,4.1,-104.756,40.0368,622.438,6.3205,320.013,510.259,116.049,7033.99,0.181837,0.0422024,107.16,107.496,94.8678,78.5967,56.1001,32.8429,27.2365,4.89903,0.565953,0.194546,0.0530581,0.0530581,0.123802,0.017686,0.0530581
73849,73873,73861,4,-104.757,40.0366,630.026,7.3328,320.065,523.942,119.01,7080.82,0.178493,0.0429325,108.515,108.877,98.3504,82.9297,55.7871,35.736,28.116,4.82505,0.389341,0.13905,0.0973353,0.0834303,0.0417151,0.013905,0.0417151
73874,73896,73885,3.9,-104.758,40.0365,637.38,8.22429,320.013,425.301,93.1187,5406.27,0.174174,0.0330715,97.0295,90.9578,80.2195,62.9914,40.0261,27.6152,22.1624,3.56271,0.401432,0.100358,0.133811,0.050179,0.0167263,0.0334527,0
73897,73919,73908,3.8,-104.759,40.0361,645.912,9.27286,319.989,425.171,93.3385,5537.97,0.177996,0.0331844,97.0946,91.6848,79.5418,62.7996,40.4492,27.7437,21.027,4.10282,0.330873,0.115805,0.148893,0.0165436,0.0827181,0,0.0330873
73920,73958,73939,3.7,-104.759,40.0352,653.405,10.1994,319.985,376.153,80.7,4795.07,0.178255,0.0279485,88.5325,82.9,69.7761,54.4105,35.6653,23.33,18.0805,2.97399,0.168977,0.0901209,0.0675907,0.0675907,0.0337953,0.0112651,0.0450604
73959,74005,73982,3.6,-104.76,40.0332,661.126,11.0338,319.854,344.819,73.382,4311.13,0.176247,0.0255181,83.806,76.6447,62.8566,49.1095,31.4735,21.1303,16.3616,2.87767,0.25488,0.115107,0.0493315,0.0575534,0.0411096,0.0164438,0.0246658
74007,74036,74022,3.5,-104.762,40.0313,669.108,12.0833,319.93,352.085,75.3159,4554.45,0.181414,0.0263682,84.7788,78.0245,65.4218,50.4567,31.3061,21.7881,16.8686,2.87833,0.252284,0.137609,0.0344023,0.0458698,0,0.0458698,0.0458698
74037,74067,74052,3.4,-104.762,40.0296,677.477,12.9978,319.819,357.964,75.9343,4459.61,0.17619,0.0260433,86.2063,79.3686,66.0894,51.8005,32.3865,22.622,16.3722,2.42835,0.319519,0.127808,0.0766847,0.0383423,0.0766847,0.0383423,0.0127808
74068,74103,74086,3.3,-104.762,40.0276,685.689,14.0191,319.86,351.868,75.0115,4298.21,0.171902,0.0260156,84.1201,77.4143,65.158,50.3101,32.849,21.8885,16.6944,2.8076,0.248365,0.183574,0.0647908,0.0755893,0.0431939,0.0107985,0
74105,74160,74132,3.2,-104.761,40.0246,694.413,15.0354,319.838,337.882,73.3382,4383.66,0.17932,0.0259423,80.9667,74.2188,62.5641,46.5742,31.9353,21.8024,16.3314,2.67984,0.319205,0.170737,0.141044,0.081657,0.0519636,0.0445402,0
74162,74251,74206,3.1,-104.76,40.0195,702.574,15.9161,319.74,341.67,73.1992,4331.96,0.177541,0.0257267,83.8947,75.735,62.6974,46.9174,30.8317,21.7548,16.279,2.8368,0.314701,0.148359,0.107897,0.0539487,0.0674359,0.0179829,0.0134872
74253,74288,74270,3,-104.758,40.0151,709.311,16.0854,319.055,420.236,92.4631,5650.27,0.183325,0.0329389,97.7458,90.8008,78.3095,58.9714,42.1242,27.6329,20.1111,3.60749,0.34357,0.245407,0.159515,0.0613519,0.0490815,0.0245407,0.0490815
74290,74322,74306,2.9,-104.758,40.0137,717.764,16.6809,318.635,466.364,100.529,5912.3,0.176435,0.03507,110.376,100.632,88.1174,66.0608,45.3273,28.7498,22.5858,3.58011,0.466971,0.124526,0.124526,0.0933941,0.0778284,0.0311314,0.0155657
74324,74351,74338,2.8,-104.758,40.0128,726.467,17.84,318.812,454.982,98.8034,5960.16,0.18097,0.0348076,108.752,98.7577,81.9753,65.9741,43.0061,30.4721,21.617,3.56485,0.439502,0.130223,0.0976671,0.0813893,0,0.0813893,0.0325557
74352,74416,74384,2.7,-104.759,40.012,735.728,19.3131,319.268,422.55,89.4797,5282.45,0.177106,0.0308253,103.618,92.437,79.2277,58.9698,38.8866,26.1948,19.4118,3.01387,0.370615,0.167826,0.0769201,0.0559419,0.0489492,0.0419564,0.0279709
74417,74473,74445,2.6,-104.761,40.011,743.988,20.0364,319.032,423.495,89.0946,5183.6,0.174542,0.0302958,103.318,93.8932,79.1092,59.2215,39.2874,25.9283,19.0667,2.92739,0.340754,0.100677,0.116166,0.0851885,0.0542109,0.0309776,0.0154888
74474,74513,74494,2.5,-104.762,40.0098,752.49,20.8946,318.932,429.416,92.1173,5614.74,0.182856,0.032105,104.183,93.5771,79.3228,61.3226,40.306,26.2099,20.3963,3.3933,0.304059,0.109461,0.121623,0.0486494,0.0243247,0.0243247,0.0729741
74514,74538,74526,2.4,-104.762,40.0092,760.197,21.8475,319.037,431.119,90.3016,5249.86,0.174411,0.0305843,105.889,96.2254,79.0496,61.7372,39.1321,26.1734,19.4295,2.66344,0.375614,0.15366,0.0682934,0.136587,0.0341467,0.0341467,0.0170733
