api/src/app/data/B2SAP/Locations/Boulder/NOAA-POPS-B2SAP_GMLBalloon_20210624_R0.ict
61,1001
Thornberry, T. D.
NOAA Chemical Sciences Laboratory
Portable Optical Particle Spectrometer (POPS)
Balloon Baseline Stratospheric Aerosol Profiles (B2SAP)
1,1
2021,06,24,2024,05,30
0
TIME_START,s,Seconds since midnight UTC on flight start day,Start time of 100 m altitude bin in UTC_seconds_since_midnight
28
1.0,1.0,1.0,1.0,1.0,1.0,1.0,1.0,1.0,1.0,1.0,1.0,1.0,1.0,1.0,1.0,1.0,1.0,1.0,1.0,1.0,1.0,1.0,1.0,1.0,1.0,1.0,1.0
99999,99999,99999,99999,99999,99999,99999,99999,99999,99999,99999,99999,99999,99999,99999,99999,99999,99999,99999,99999,99999,99999,99999,99999,99999,99999,99999,99999
TIME_STOP,s,End time of 100 m altitude bin in UTC seconds since midnight,
TIME_MID,s,Mid time of 100 m altitude in UTC seconds since midnight,
GPSAlt,m,GPS reported altitude above sea level (m),
GPS_Lon,deg,GPS reported longitude,
GPS_Lat,deg,GPS reported latitude,
iMet_Pressure,mb,Pressure reported (mB),
iMet_Temperature,degrees C,Ambient temperature (oC),
THETA,K,Potential temperature from iMet,
Aerosol_concentration,cm^-3,Aerosol concentration,
Surface_Area_Conc,um^2 cm^-3,Surface area concentration,
Volume_density,um^3 cm^-3,Volume density,
Effective_radius,um,Effective radius,
Extinction,km^-1,Extinction,
Bin01,cm^-3,particle concentration in size range [140 - 170 nm],
Bin02,cm^-3,particle concentration in size range [170 - 205 nm],
Bin03,cm^-3,particle concentration in size range [205 - 249 nm],
Bin04,cm^-3,particle concentration in size range [249 - 302 nm],
Bin05,cm^-3,particle concentration in size range [302 - 366 nm],
Bin06,cm^-3,particle concentration in size range [366 - 443 nm],
Bin07,cm^-3,particle concentration in size range [443 - 537 nm],
Bin08,cm^-3,particle concentration in size range [537 - 651 nm],
Bin09,cm^-3,particle concentration in size range [651 - 789 nm],
Bin10,cm^-3,particle concentration in size range [789 - 956 nm],
Bin11,cm^-3,particle concentration in size range [956 - 1159 nm],
Bin12,cm^-3,particle concentration in size range [1159 - 1404 nm],
Bin13,cm^-3,particle concentration in size range [1404 - 1702 nm],
Bin14,cm^-3,particle concentration in size range [1702 - 2062 nm],
Bin15,cm^-3,particle concentration in size range [2062 - 2500 nm],
0
19
PI_CONTACT_INFO: 325 Broadway R/CSL6, Boulder, CO 80305; troy.thornberry@noaa.gov; 303-497-3373 
PLATFORM: GML ECC/FPH balloon
LOCATION: Boulder, CO, USA
ASSOCIATED_DATA: N/A
INSTRUMENT_INFO: Printed Optical Particle Spectrometer counts particles from 140 - 2500 nm in diameter 
DATA_INFO: Particle concentrations reported in number per cubic centimeter, binned to 100 m altitude
UNCERTAINTY: Counting uncertainty dominated by air flow, less than 5 percent
ULOD_FLAG: -77777
ULOD_VALUE: 3000 ~3000 per cm3 (varies depending on flow rate- manufacturer quotes 1250  per cm3 at 1.667 cc/s)
LLOD_FLAG: -88888
LLOD_VALUE: 0 0 (varies depending on data field and measurement precision)
DM_CONTACT_INFO: Troy Thornberry, 325 Broadway R/CSL6, Boulder, CO 80305; troy.thornberry@noaa.gov; 303-497-3373
PROJECT_INFO: B2SAP Boulder, CO, USA
STIPULATIONS_ON_USE: Please contact the PIs for questions regarding applications and uncertainties
OTHER_COMMENTS: POPS bin Edges (nm):  140, 170, 205, 249, 302, 366, 443, 537, 651, 789, 956, 1159, 1404, 1702, 2062, 2500
Calculations assume sulfate refractive index of 1.45+0.00j and extinction wavelength = 532 nm
REVISION: R0
R0: QA/QC data
TIME_START,TIME_STOP,TIME_MID,GPSAlt,GPS_Lon,GPS_Lat,iMet_Pressure,iMet_Temperature,THETA,Aerosol_concentration,Surface_Area_Conc,Volume_density,Effective_radius,Extinction,Bin01,Bin02,Bin03,Bin04,Bin05,Bin06,Bin07,Bin08,Bin09,Bin10,Bin11,Bin12,Bin13,Bin14,Bin15
[from data line 391]
68238,68263,68250,8.9,-104.614,40.3226,331.137,-28.8762,334.975,16.8012,2.18252,98.4266,0.135293,0.000464289,8.47851,3.89637,2.08846,1.15333,0.748104,0.249368,0.062342,0.093513,0,0.031171,0,0,0,0,0
68264,68287,68276,8.8,-104.612,40.3236,335.578,-28.1244,334.732,20.5388,2.67235,112.929,0.126775,0.00053098,9.7888,5.13469,2.70646,1.36588,0.910586,0.303529,0.25294,0.0758821,0,0,0,0,0,0,0
68288,68315,68302,8.7,-104.61,40.3246,339.862,-27.5612,334.29,24.7259,3.72266,301.832,0.243238,0.00093321,10.7288,6.72621,3.78941,1.72892,1.06577,0.355257,0.189471,0.0710515,0,0.0236838,0,0.0236838,0,0,0.0236838
68315,68341,68328,8.6,-104.607,40.3265,345.122,-26.715,333.977,23.5941,3.35142,171.648,0.153649,0.000832425,10.7361,5.98695,3.48607,1.59147,0.858888,0.454705,0.252614,0.126307,0.0757842,0,0.0252614,0,0,0,0
68343,68369,68356,8.5,-104.604,40.3284,349.918,-25.8139,333.874,24.3717,3.38744,164.905,0.146044,0.00075227,11.074,6.22635,3.26883,1.91238,1.00066,0.444739,0.311317,0.0889478,0.0222369,0,0,0.0222369,0,0,0
68371,68397,68384,8.4,-104.601,40.3304,354.835,-24.9482,333.707,23.3641,3.05994,128.793,0.126271,0.000584053,10.6626,5.81173,3.30425,1.78101,1.31233,0.257778,0.0937375,0.117172,0.0234344,0,0,0,0,0,0
68399,68426,68412,8.3,-104.597,40.3325,359.514,-24.1388,333.547,24.0631,3.38386,179.03,0.158721,0.000797002,11.0898,6.19237,3.15505,1.74234,1.15371,0.353177,0.211906,0.0706354,0.0235451,0.0470903,0,0,0.0235451,0,0
68427,68455,68441,8.2,-104.593,40.3348,364.591,-23.3787,333.231,24.1064,3.38549,162.209,0.143739,0.000845831,10.8136,6.30352,3.45507,1.58247,0.975859,0.553866,0.184622,0.131873,0.0791237,0.0263746,0,0,0,0,0
68456,68483,68470,8.1,-104.589,40.3371,369.459,-22.5727,333.043,24.1135,3.47562,195.859,0.169056,0.000857819,11.055,5.86739,3.79233,1.5384,1.14486,0.21466,0.357767,0,0.0715535,0.0357767,0,0,0.0357767,0,0
68487,68511,68499,8,-104.584,40.3395,374.909,-21.768,332.709,26.2783,3.8363,218.757,0.171069,0.000946332,12.1366,6.41127,3.48267,2.24263,1.18727,0.316606,0.237454,0.158303,0.0263838,0.0263838,0.0263838,0,0.0263838,0,0
68513,68539,68526,7.9,-104.579,40.3415,380.025,-21.0505,332.372,40.0488,5.81816,325.171,0.167667,0.00142155,17.0811,11.2566,5.88649,2.89161,1.65235,0.537013,0.351124,0.185889,0.103272,0.0206543,0.0206543,0.061963,0,0,0
68540,68568,68554,7.8,-104.576,40.3432,385.111,-20.7333,331.531,170.054,23.3418,1040.72,0.133758,0.00440421,63.567,49.9147,30.0349,14.1572,8.09782,2.2442,1.55224,0.317928,0.056105,0.0187017,0.0187017,0.0748067,0,0,0
68569,68594,68582,7.7,-104.572,40.3446,390.236,-20.1168,331.09,101.803,13.7469,583.683,0.127378,0.00251861,40.1656,28.2279,17.2642,8.70462,4.55957,1.8031,0.870462,0.165802,0.0207253,0,0,0.0207253,0,0,0
68596,68624,68610,7.6,-104.569,40.3458,395.633,-19.2256,330.952,74.0738,10.295,502.088,0.146311,0.00214228,29.4382,21.2633,12.284,6.02243,3.06557,0.978374,0.630507,0.173933,0.13045,0.0217416,0,0.0217416,0.0434833,0,0
68626,68654,68640,7.5,-104.566,40.3471,401.063,-18.3367,330.815,56.7577,7.66723,355.033,0.138916,0.00149144,23.5736,15.924,8.66233,4.86987,2.30565,0.711087,0.517154,0.0861924,0.0430962,0.0215481,0,0.0430962,0,0,0
68655,68683,68669,7.4,-104.563,40.3483,406.548,-17.3994,330.749,41.777,5.72806,271.323,0.142102,0.001122,17.8613,10.8805,6.42059,3.51194,1.93911,0.646369,0.430912,0,0.0430912,0,0,0.0430912,0,0,0
68685,68710,68698,7.3,-104.56,40.3491,411.619,-16.6,330.612,48.789,6.49674,306.614,0.141585,0.00123538,21.8019,13.0233,7.06632,3.49698,2.12231,0.602928,0.578811,0.0482343,0,0,0,0.0241171,0.0241171,0,0
68712,68742,68727,7.2,-104.556,40.3499,417.111,-15.8755,330.295,38.415,5.40692,326.823,0.181336,0.00120337,16.7098,10.1666,6.12108,2.49768,1.86447,0.4925,0.4925,0,0.0351786,0,0,0,0,0.0351786,0
68745,68771,68758,7.1,-104.552,40.3509,423.232,-15.3815,329.548,37.7202,5.63805,284.565,0.151417,0.00122326,14.0707,10.025,5.86032,4.34318,2.37983,0.41647,0.446217,0.118991,0,0,0.0594956,0,0,0,0
68773,68805,68789,7,-104.549,40.3521,428.656,-14.8158,329.071,52.2617,7.77488,352.187,0.135894,0.00160779,18.0743,14.0915,8.89561,5.94389,3.47738,1.15239,0.505432,0.0606519,0.0404346,0,0.0202173,0,0,0,0
68805,68833,68819,6.9,-104.546,40.3535,434.279,-14.2206,328.606,49.5853,7.49697,338.622,0.135504,0.00169054,17.9131,12.5344,8.59638,5.04257,3.45776,1.20061,0.600306,0.21611,0.0240122,0,0,0,0,0,0
68835,68864,68850,6.8,-104.542,40.3551,439.954,-14.0917,327.555,97.0402,14.5506,643.821,0.132741,0.00306664,34.4419,24.693,16.0772,10.882,7.52548,2.24482,0.940685,0.171034,0.0427584,0.0213792,0,0,0,0,0
68868,68894,68881,6.7,-104.54,40.3564,445.742,-13.6358,326.911,113.023,17.0826,791.537,0.139008,0.00376101,40.4694,28.67,19.5174,12.3045,8.02114,2.18207,1.47492,0.262657,0.0606132,0.0202044,0.0202044,0.0202044,0,0,0
68896,68925,68910,6.6,-104.537,40.3578,451.867,-14.0844,325.071,84.4224,17.5635,1836.6,0.313707,0.00563639,26.6922,19.9393,15.977,10.5874,7.47723,1.78942,1.08644,0.234329,0.127816,0.0213027,0.0213027,0.063908,0.234329,0.063908,0.106513
68927,68965,68946,6.5,-104.534,40.3595,457.972,-13.3887,324.694,175.431,33.7687,2047.06,0.18186,0.0093575,37.5822,42.8945,36.821,27.6871,20.583,5.75626,3.06049,0.650156,0.12686,0.0792873,0.0158575,0,0.0951448,0.0475724,0.0317149
68970,68999,68984,6.4,-104.531,40.3613,464.28,-12.5973,324.415,231.814,43.0809,2219.45,0.154555,0.0113957,49.3653,57.0705,49.2614,36.8292,26.1804,7.54937,4.29414,0.900384,0.225096,0.0173151,0.0519452,0.0346301,0.0173151,0.0173151,0
69002,69032,69017,6.3,-104.528,40.3629,470.238,-11.921,324.077,245.513,44.9289,2297.63,0.153418,0.0118713,55.322,60.653,52.6203,36.7544,26.7997,7.63375,4.31552,0.852224,0.326384,0.108795,0.0543973,0.0181324,0.0543973,0,0
69033,69061,69047,6.2,-104.525,40.3643,476.189,-11.2607,323.733,246.923,44.9829,2227.21,0.148537,0.0120171,56.7662,61.8003,51.5044,35.2638,26.9665,8.1203,5.23645,0.935984,0.227672,0.0758906,0.0252969,0,0,0,0
69062,69091,69076,6.1,-104.523,40.3656,482.452,-10.6044,323.332,260.006,46.1572,2243.29,0.145803,0.0115962,60.7794,66.3457,53.1997,37.543,28.6843,8.12444,4.33462,0.710593,0.142119,0.0947457,0.0236864,0.0236864,0,0,0
69091,69120,69106,6,-104.52,40.3669,488.819,-9.93533,322.939,300.428,55.925,2900.05,0.155568,0.0152484,71.045,70.392,61.3513,44.7264,34.9574,9.91967,6.37873,1.18032,0.276244,0.0753393,0.0251131,0.0753393,0,0.0251131,0
69123,69151,69137,5.9,-104.517,40.3682,495.273,-9.20083,322.631,309.479,58.371,3121.3,0.16042,0.0164289,72.9263,73.8418,63.2975,44.9238,34.2217,11.4914,6.85065,1.26279,0.347268,0.126279,0.0947094,0.0315698,0.0315698,0.0315698,0
69153,69176,69164,5.8,-104.516,40.3693,501,-8.4975,322.432,280.556,52.451,2812.99,0.160892,0.0144899,66.2804,68.5516,55.759,42.0394,29.9884,9.96524,6.67439,0.787949,0.2781,0.0463499,0.0463499,0.0926999,0,0.0463499,0
69180,69201,69190,5.7,-104.514,40.3703,507.486,-7.74286,322.167,259.438,48.2014,2677.2,0.166626,0.013171,60.3703,62.9812,52.3245,40.9218,28.3469,8.15238,4.63567,1.11895,0.426268,0.0532836,0.0532836,0,0,0,0.0532836
69209,69238,69224,5.6,-104.512,40.3715,514.594,-7.11615,321.648,252.399,45.4036,2375.49,0.156958,0.0119991,65.5943,58.0168,51.7697,37.3668,25.2775,8.38728,4.65639,1.04118,0.17353,0.0289216,0.0289216,0,0,0.0578433,0
69240,69270,69255,5.5,-104.51,40.3725,521.231,-6.44071,321.278,251.221,43.6853,2095.63,0.143913,0.0110548,66.7979,60.2692,51.0696,33.8846,25.953,7.60784,4.61326,0.809345,0.134891,0.0809345,0,0,0,0,0
69270,69294,69282,5.4,-104.509,40.3734,527.997,-5.628,321.074,250.428,43.4002,2133.16,0.147453,0.0107417,64.3102,62.6382,52.3566,34.3387,24.107,7.48664,4.0927,0.848486,0.0998218,0.0249555,0.0748664,0.0499109,0,0,0
69298,69320,69309,5.3,-104.507,40.3745,534.443,-4.88154,320.858,258.605,44.7419,2296.63,0.153992,0.0110847,65.5537,67.4734,52.7467,35.1263,24.8978,7.7931,4.06846,0.658976,0.114604,0.0859533,0.0286511,0.0286511,0,0,0.0286511
69325,69350,69338,5.2,-104.505,40.3758,541.733,-4.37143,320.228,292.291,52.0799,2774.74,0.159836,0.0134233,75.5389,72.0557,57.4319,42.7017,28.7957,9.78469,4.70622,0.771076,0.132944,0.159533,0.106355,0.0265888,0.0531777,0,0.0265888
69352,69378,69365,5.1,-104.504,40.3771,548.472,-3.96056,319.589,390.606,66.4404,3265.65,0.147455,0.0159958,104.522,99.8525,78.8905,51.5925,37.1927,11.3141,6.10964,0.658278,0.102856,0.164569,0.0411424,0.102856,0.0617135,0,0
69380,69408,69394,5,-104.504,40.3782,555.429,-3.13636,319.406,447.324,74.7806,3750.4,0.150456,0.0179305,124.545,113.479,91.8529,58.4885,38.9139,12.0408,6.32308,1.1099,0.2018,0.2018,0.0672668,0.0672668,0,0,0.0336334
69409,69434,69422,4.9,-104.503,40.379,561.912,-2.48,319.126,484.018,81.1904,4299.68,0.158874,0.0193518,137.095,121.968,96.6347,62.7464,45.013,12.3363,6.86576,0.807737,0.293722,0.0367153,0,0.0367153,0.0734306,0.0367153,0.0734306
69445,69473,69459,4.8,-104.503,40.3803,569.52,-1.535,319.015,546.372,91.0487,4774.56,0.157319,0.021062,150.617,140.691,110.659,71.847,51.1228,13.2736,6.7858,0.77945,0.1834,0.114625,0.04585,0.068775,0.0917001,0,0.0917001
69478,69506,69492,4.7,-104.502,40.3811,576.459,-0.565625,319.05,562.268,91.7357,4313.61,0.141066,0.0204702,156.282,141.815,115.1,75.3826,52.2848,13.5748,6.43259,0.846996,0.412052,0.0686754,0.0228918,0,0.0228918,0,0.0228918
69507,69534,69520,4.6,-104.502,40.3817,583.192,0.268,318.958,613.789,100.047,4996.08,0.149811,0.0222787,174.095,158.301,121.497,81.2155,56.8001,14.3449,6.15818,0.652042,0.362246,0.0724492,0,0.144898,0,0.144898,0
69541,69556,69548,4.5,-104.502,40.3821,591.7,1.28917,318.83,612.919,100.172,4902.5,0.146823,0.0227825,173.967,157.648,123.987,79.3961,54.2555,14.6628,7.16582,1.0538,0.331193,0.180651,0.0301085,0.060217,0.120434,0.060217,0
69559,69585,69572,4.4,-104.502,40.3823,599.016,2.138,318.698,604.557,98.2776,4987.95,0.152261,0.0222162,176.239,155.405,119.724,78.4933,52.5236,13.0944,7.52076,0.900544,0.24339,0.0730171,0.0973561,0.0973561,0.048678,0.048678,0.048678
69586,69607,69596,4.3,-104.502,40.3824,605.888,2.76733,318.389,474.519,82.1709,4259.85,0.155524,0.0205615,127.516,117.994,94.6373,65.5628,45.768,13.5438,7.70472,1.06606,0.387659,0.0969148,0.0242287,0.0726861,0.0484574,0.0969148,0
69609,69631,69620,4.2,-104.502,40.3823,613.299,3.48125,318.098,510.974,85.8852,4395.29,0.153529,0.0203995,143.034,131.312,101.318,66.3561,47.0681,13.0996,7.13701,0.858248,0.225855,0.112927,0.180684,0.0677564,0.158098,0.045171,0
69633,69655,69644,4.1,-104.502,40.3823,621.286,4.21412,317.767,497.695,82.0599,4382.49,0.160218,0.0192438,148.06,127.003,95.5864,64.2974,43.3249,11.9722,5.8375,0.785409,0.339636,0.106136,0.0849091,0.106136,0.0636818,0.0849091,0.0424545
69656,69674,69665,4,-104.501,40.3822,628.335,4.94714,317.584,517.482,85.99,4917.39,0.171557,0.0207156,156.143,131.382,101.44,64.9619,43.3514,11.4562,6.84769,0.963363,0.390553,0.0781105,0.0260368,0.0781105,0.182258,0.0781105,0.104147
69676,69696,69686,3.9,-104.501,40.382,636.789,5.69462,317.227,761.034,122.25,5848.6,0.143524,0.027524,231.773,193.356,144.236,94.9495,67.9831,17.1479,9.459,1.41055,0.331895,0.0829737,0.138289,0.110632,0,0.0553158,0
69697,69715,69706,3.8,-104.501,40.3815,643.988,6.24583,316.827,867.273,139.155,6877.23,0.148264,0.0317566,261.582,224.532,168.898,106.384,73.5634,18.7631,10.6027,2.08479,0.387176,0.208479,0.0893482,0.0297827,0,0.119131,0.0297827
69718,69740,69729,3.7,-104.5,40.3807,651.927,7.18,316.777,891.323,141.826,6821.59,0.144295,0.0315188,269.638,230.381,173.801,108.908,75.5843,20.0613,10.6433,1.46556,0.456485,0.144153,0.0961021,0,0.0720765,0.0240255,0.048051
69741,69766,69754,3.6,-104.5,40.3798,659.944,8.03167,316.634,910.977,147.973,7539.51,0.152856,0.0344418,277.536,231.544,175.083,111.695,79.7342,21.116,11.0033,2.01859,0.613492,0.217691,0.138531,0.0395802,0.0989504,0.0593702,0.0791603
69767,69791,69779,3.5,-104.5,40.3789,668.188,8.70824,316.275,842.435,136.687,6452.01,0.141609,0.031355,248.589,213.665,164.165,107.21,73.7346,21.19,11.5086,1.49107,0.630031,0.105005,0.0630031,0.0420021,0.021001,0,0.021001
69792,69816,69804,3.4,-104.499,40.3778,676.774,9.08833,315.545,726.614,124.524,6132.91,0.147752,0.0303712,198.811,177.794,143.003,99.5641,72.0162,21.8285,11.1023,1.72174,0.376012,0.118741,0.0197901,0.158321,0.0593703,0.0395802,0
69818,69842,69830,3.3,-104.5,40.3768,684.524,9.88353,315.403,719.952,122.862,6268.51,0.153062,0.0293226,194.783,179.15,141.157,101.74,70.5577,20.8718,9.70247,1.17352,0.356246,0.104778,0.0628669,0.104778,0.0838226,0.0628669,0.0419113
69844,69864,69854,3.2,-104.5,40.3758,692.615,10.804,315.37,695.506,120.073,5995.44,0.149794,0.02925,184.851,171.231,135.328,100.328,70.0015,21.3327,10.3697,1.32884,0.403398,0.0711879,0.0949173,0.0711879,0,0.0949173,0
69865,69889,69877,3.1,-104.5,40.3748,701.214,11.8332,315.402,673.853,115.65,5783.66,0.15003,0.0278802,179.965,167.318,132.096,94.6203,67.9478,20.2651,9.61103,1.37833,0.316643,0.0931302,0.0372521,0.0558781,0.0931302,0.018626,0.0372521
69891,69915,69903,3,-104.5,40.3738,709.879,12.6581,315.209,649.755,113.465,6043.6,0.159792,0.028161,173.672,159.287,127.289,89.4714,68.3004,20.4023,9.04816,1.53731,0.351385,0.0878462,0.0439231,0.0658847,0.0878462,0,0.109808
69917,69941,69929,2.9,-104.499,40.3731,718.831,13.5307,315.036,605.508,103.424,5183.85,0.150367,0.0254191,168.728,150.743,115.401,83.3635,57.0259,19.1482,9.00409,1.23312,0.488594,0.139598,0.0697991,0.0930655,0.0232664,0.0232664,0.0232664
69943,69968,69956,2.8,-104.499,40.3726,727.505,14.3526,314.858,608.371,102.897,5145.44,0.150017,0.0245185,169.431,154.04,116.492,81.732,58.5526,17.6773,8.71783,1.0967,0.204469,0.0929406,0.0557644,0.111529,0.130117,0.0185881,0.0185881
69969,69996,69982,2.7,-104.499,40.3723,736.037,15.0372,314.56,643.928,111.322,5577.1,0.150297,0.0273335,174.562,158.686,123.858,89.205,64.7815,21.1942,9.57219,1.3343,0.386755,0.0580133,0.0966888,0.0386755,0.116027,0.0193378,0.0193378
69998,70021,70010,2.6,-104.499,40.3722,744.625,15.4732,313.996,676.711,119.857,6258.15,0.156641,0.0305619,181.98,163.225,128.785,95.7063,70.0927,22.9475,11.8599,1.23195,0.294198,0.147099,0.183874,0.128712,0.0551621,0.0367748,0.0367748
70022,70039,70030,2.5,-104.499,40.3726,752.578,16.1883,313.821,674.55,118.405,6412.9,0.162482,0.0299005,182.216,165.643,130.694,93.8845,68.2981,21.2541,9.85656,1.80268,0.37798,0.0581508,0.145377,0.0581508,0.0872262,0.116302,0.0581508
70039,70057,70048,2.4,-104.499,40.3731,761.271,17.0621,313.732,670.932,116.083,6296.12,0.162714,0.0288165,188.559,164.754,128.17,92.1043,64.8883,20.6654,9.64054,0.964054,0.568545,0.074158,0.123597,0.222474,0.0494387,0.074158,0.074158
70059,70074,70066,2.3,-104.499,40.3737,770.671,17.97,313.611,667.882,115.848,6000.51,0.155389,0.0289947,182.601,165.438,127.792,91.9168,67.5784,20.0396,10.0198,1.45398,0.474124,0.221258,0.0316082,0.126433,0.0632165,0.126433,0
70076,70089,70082,2.2,-104.5,40.3745,779.966,18.8773,313.515,692.28,120.014,6352.15,0.158785,0.0296758,189.072,170.187,134.113,95.8715,69.1306,20.9906,10.8724,1.38261,0.219961,0.062846,0.031423,0.157115,0.031423,0.0942689,0.062846
70092,70113,70102,2.1,-104.5,40.3753,788.939,19.8187,313.502,689.666,117.385,5906.56,0.150953,0.0282659,190.562,171.094,132.396,96.3218,67.4881,19.6849,10.1243,1.12733,0.520307,0.0650383,0.0650383,0.0867178,0.0650383,0.0216794,0.0433589
70113,70134,70124,2,-104.501,40.3762,798.616,20.7489,313.405,685.688,115.918,5965,0.154376,0.027815,192.289,172.961,132.532,92.0083,65.0558,19.4424,9.28279,1.23898,0.381224,0.133428,0.0571835,0.114367,0.0762447,0.0762447,0.0381224
70134,70156,70145,1.9,-104.501,40.3769,807.86,21.7194,313.405,684.295,113.874,5701.13,0.150196,0.0266761,195.567,170.787,134.371,90.4381,64.1507,18.3489,8.54137,1.28623,0.401947,0.120584,0.100487,0.0401947,0.0602921,0.0401947,0.0401947
70174,70194,70184,1.7,-104.501,40.3785,826.815,23.6315,313.352,710.056,118.209,5924.71,0.150362,0.0278403,204.052,179.902,137.521,92.4591,65.629,19.0279,9.04952,1.40652,0.530764,0.0796146,0.0796146,0.106153,0.159229,0.0265382,0.0265382
