api/src/app/data/B2SAP/Locations/Boulder/NOAA-POPS-B2SAP_GMLBalloon_20240529_R0.ict
82,1001
Thornberry, T. D.
NOAA Chemical Sciences Laboratory
Portable Optical Particle Spectrometer (POPS)
Balloon Baseline Stratospheric Aerosol Profiles (B2SAP)
1,1
2024,05,29,2024,05,30
0
TIME_START,s,Seconds since midnight UTC on flight start day,Start time of 100 m altitude bin in UTC_seconds_since_midnight
49
1.0,1.0,1.0,1.0,1.0,1.0,1.0,1.0,1.0,1.0,1.0,1.0,1.0,1.0,1.0,1.0,1.0,1.0,1.0,1.0,1.0,1.0,1.0,1.0,1.0,1.0,1.0,1.0,1.0,1.0,1.0,1.0,1.0,1.0,1.0,1.0,1.0,1.0,1.0,1.0,1.0,1.0,1.0,1.0,1.0,1.0,1.0,1.0,1.0
99999,99999,99999,99999,99999,99999,99999,99999,99999,99999,99999,99999,99999,99999,99999,99999,99999,99999,99999,99999,99999,99999,99999,99999,99999,99999,99999,99999,99999,99999,99999,99999,99999,99999,99999,99999,99999,99999,99999,99999,99999,99999,99999,99999,99999,99999,99999,99999,99999
TIME_STOP,s,End time of 100 m altitude bin in UTC seconds since midnight,
TIME_MID,s,Mid time of 100 m altitude in UTC seconds since midnight,
GPSAlt,km,GPS reported altitude above sea level (km),
GPS_Lon,deg,GPS reported longitude,
GPS_Lat,deg,GPS reported latitude,
iMet_Pressure,hPa,Pressure reported (hPa),
iMet_Temperature,degrees C,Ambient temperature (oC),
THETA,K,Potential temperature from iMet,
Aerosol_concentration,cm^-3,Aerosol concentration,
Surface_Area_Conc,um^2 cm^-3,Surface area concentration,
Volume_density,um^3 cm^-3,Volume density,
Effective_radius,um,Effective radius,
Extinction,km^-1,Extinction,
Bin01,cm^-3,particle concentration in size range [140 - 146.14 nm],
Bin02,cm^-3,particle concentration in size range [146.14 - 152.56 nm],
Bin03,cm^-3,particle concentration in size range [152.56 - 159.25 nm],
Bin04,cm^-3,particle concentration in size range [159.25 - 166.24 nm],
Bin05,cm^-3,particle concentration in size range [166.24 - 173.54 nm],
Bin06,cm^-3,particle concentration in size range [173.54 - 181.16 nm],
Bin07,cm^-3,particle concentration in size range [181.16 - 189.11 nm],
Bin08,cm^-3,particle concentration in size range [189.11 - 197.41 nm],
Bin09,cm^-3,particle concentration in size range [197.41 - 206.07 nm],
Bin10,cm^-3,particle concentration in size range [206.07 - 215.12 nm],
Bin11,cm^-3,particle concentration in size range [215.12 - 224.56 nm],
Bin12,cm^-3,particle concentration in size range [224.56 - 234.41 nm],
Bin13,cm^-3,particle concentration in size range [234.41 - 244.70 nm],
Bin14,cm^-3,particle concentration in size range [244.70 - 361.30 nm],
Bin15,cm^-3,particle concentration in size range [361.30 - 472.80 nm],
Bin16,cm^-3,particle concentration in size range [472.80 - 567.00 nm],
Bin17,cm^-3,particle concentration in size range [567.00 - 610.66 nm],
Bin18,cm^-3,particle concentration in size range [610.66 - 657.69 nm],
Bin19,cm^-3,particle concentration in size range [657.69 - 708.33 nm],
Bin20,cm^-3,particle concentration in size range [708.33 - 762.88 nm],
Bin21,cm^-3,particle concentration in size range [762.88 - 821.62 nm],
Bin22,cm^-3,particle concentration in size range [821.62 - 884.89 nm],
Bin23,cm^-3,particle concentration in size range [884.89 - 953.03 nm],
Bin24,cm^-3,particle concentration in size range [953.03 - 1026.42 nm],
Bin25,cm^-3,particle concentration in size range [1026.42 - 1105.46 nm],
Bin26,cm^-3,particle concentration in size range [1105.46 - 1190.59 nm]],
[...]
LOCATION: Boulder, CO, USA
ASSOCIATED_DATA: N/A
INSTRUMENT_INFO: Printed Optical Particle Spectrometer counts particles from 140 - 2500 nm in diameter 
DATA_INFO: Particle concentrations reported in number per cubic centimeter, binned to 100 m altitude
UNCERTAINTY: Counting uncertainty dominated by air flow, less than 5 percent
ULOD_FLAG: -77777
ULOD_VALUE: 3000 ~3000 per cm3 (varies depending on flow rate- manufacturer quotes 1250  per cm3 at 1.667 cc/s)
LLOD_FLAG: -88888
LLOD_VALUE: 0 0 (varies depending on data field and measurement precision)
DM_CONTACT_INFO: Troy Thornberry, 325 Broadway R/CSL6, Boulder, CO 80305; troy.thornberry@noaa.gov; 303-497-3373
PROJECT_INFO: B2SAP Boulder, CO, USA
STIPULATIONS_ON_USE: Please contact the PIs for questions regarding applications and uncertainties
OTHER_COMMENTS: POPS bin Edges (nm):  140, 146.14, 152.56, 159.25, 166.24, 173.54, 181.16, 189.11, 197.41, 206.07, 215.12, 224.56, 234.41, 244.70, 361.30, 472.80, 567.00, 610.66, 657.69, 708.33, 762.88, 821.62, 884.89, 953.03, 1026.42, 1105.46, 1190.59, 1282.27, 1381.01, 1487.36, 1601.89, 1725.25, 1858.10, 2001.18, 2155.28, 2321.25, 2500
Calculations assume sulfate refractive index of 1.45+0.00j and extinction wavelength = 532 nm
REVISION: R0
R0: QA/QC data
TIME_START,TIME_STOP,TIME_MID,GPSAlt,GPS_Lon,GPS_Lat,iMet_Pressure,iMet_Temperature,THETA,Aerosol_concentration,Surface_Area_Conc,Volume_density,Effective_radius,Extinction,Bin01,Bin02,Bin03,Bin04,Bin05,Bin06,Bin07,Bin08,Bin09,Bin10,Bin11,Bin12,Bin13,Bin14,Bin15,Bin16,Bin17,Bin18,Bin19,Bin20,Bin21,Bin22,Bin23,Bin24,Bin25,Bin26,Bin27,Bin28,Bin29,Bin30,Bin31,Bin32,Bin33,Bin34,Bin35,Bin36
[from data line 183]
61675,61699,61687,20,-104.531,40.0206,59.0624,-59.9724,478.408,3.6146,0.890147,64.8978,0.21872,0.00043779,0.500483,0.289168,0.322533,0.211315,0.24468,0.133462,0.144584,0.155706,0.12234,0.133462,0.0889747,0.0556092,0.0444874,0.678432,0.255802,0.066731,0.0222437,0.0444874,0.0222437,0.0556092,0.0111218,0,0,0,0.0111218,0,0,0,0,0,0,0,0,0,0,0
61700,61720,61710,20.1,-104.531,40.0208,58.1414,-60.2771,479.872,3.24387,0.943469,76.7781,0.244135,0.000490217,0.211844,0.383968,0.211844,0.158883,0.291286,0.119162,0.172124,0.105922,0.145643,0.0926819,0.0662014,0.0794416,0.105922,0.436929,0.370728,0.119162,0.0529611,0,0.0662014,0,0.0264805,0.0132403,0,0,0,0,0.0132403,0,0,0,0,0,0,0,0,0
61721,61745,61733,20.2,-104.532,40.0214,57.2228,-59.6656,483.448,3.71744,1.05093,82.1953,0.234636,0.000594277,0.388389,0.332905,0.310711,0.188646,0.288517,0.177549,0.177549,0.155355,0.0998714,0.122065,0.0998714,0.0776777,0.122065,0.499357,0.266324,0.199743,0.0554841,0.0221936,0.0332905,0.0332905,0.0221936,0.0332905,0.0110968,0,0,0,0,0,0,0,0,0,0,0,0,0
61746,61770,61758,20.3,-104.533,40.0224,56.332,-59.5144,485.962,3.26327,0.890067,69.2316,0.233347,0.000440727,0.243363,0.420354,0.210177,0.232301,0.188053,0.0995575,0.165929,0.0995575,0.143805,0.110619,0.0774336,0.0774336,0.0884956,0.530973,0.287611,0.154867,0.0331858,0.0110619,0.0442478,0,0.0221239,0.0110619,0,0,0,0,0.0110619,0,0,0,0,0,0,0,0,0
61771,61794,61782,20.4,-104.535,40.0234,55.4454,-60.1729,486.664,3.33089,0.785991,58.3912,0.22287,0.000392967,0.416361,0.312271,0.277574,0.277574,0.219746,0.185049,0.161918,0.0693935,0.150353,0.150353,0.0693935,0.127221,0.10409,0.370099,0.173484,0.150353,0.0231312,0.0231312,0.0115656,0.0115656,0,0.0115656,0.0346968,0,0,0,0,0,0,0,0,0,0,0,0,0
61795,61819,61807,20.5,-104.535,40.024,54.6036,-59.9028,489.419,3.29674,0.761804,51.319,0.202095,0.000341819,0.344104,0.310804,0.355204,0.244203,0.233103,0.166502,0.144302,0.0555007,0.155402,0.0888011,0.0666008,0.0555007,0.0666008,0.510606,0.310804,0.0999012,0.0111001,0.0333004,0.0111001,0.0111001,0.0111001,0,0,0.0111001,0,0,0,0,0,0,0,0,0,0,0,0
61820,61846,61833,20.6,-104.535,40.0245,53.7674,-58.8385,494.034,2.91554,0.756394,60.5622,0.240201,0.00041495,0.368278,0.306899,0.214829,0.143219,0.194369,0.11253,0.225059,0.0920696,0.173909,0.0511498,0.122759,0.122759,0.0613797,0.296669,0.163679,0.11253,0.0409198,0.0204599,0.01023,0.0204599,0.01023,0.0306899,0.01023,0.01023,0,0,0,0,0,0,0,0,0,0,0,0
61847,61872,61860,20.7,-104.534,40.0244,52.9462,-57.5527,499.187,3.11151,0.827607,60.9067,0.220781,0.00043799,0.349251,0.264584,0.232834,0.306917,0.137584,0.179917,0.116417,0.116417,0.0635002,0.0423334,0.137584,0.0846669,0.0740835,0.465668,0.232834,0.127,0.0740835,0.0529168,0.0105834,0.0211667,0,0,0.0211667,0,0,0,0,0,0,0,0,0,0,0,0,0
61873,61898,61886,20.8,-104.533,40.0238,52.1492,-57.1,502.409,3.38214,0.813332,58.8023,0.216894,0.000353063,0.210071,0.304603,0.283596,0.273092,0.252085,0.17856,0.14705,0.17856,0.14705,0.115539,0.105036,0.0420142,0.105036,0.556688,0.2941,0.0840284,0.0210071,0.0210071,0.0315107,0,0.0210071,0,0,0,0,0,0.0105036,0,0,0,0,0,0,0,0,0
61899,61925,61912,20.9,-104.532,40.0224,51.3533,-56.5478,505.912,2.9758,0.966945,93.4113,0.289814,0.000552618,0.374506,0.303653,0.161948,0.222679,0.17207,0.151827,0.182192,0.091096,0.091096,0.0809742,0.0809742,0.0809742,0.091096,0.293532,0.232801,0.141705,0.0809742,0.0303653,0.0202436,0.0101218,0.0101218,0.0202436,0.0202436,0,0,0.0101218,0.0202436,0,0,0,0,0,0,0,0,0
61926,61950,61938,21,-104.532,40.0207,50.5844,-56.0304,509.311,3.08782,0.898422,75.7689,0.253007,0.00049968,0.250954,0.272776,0.218221,0.196399,0.20731,0.152754,0.120021,0.10911,0.141843,0.141843,0.120021,0.141843,0.0545552,0.458263,0.196399,0.0981993,0.0545552,0.0545552,0.0327331,0,0,0.0218221,0.0327331,0,0,0.010911,0,0,0,0,0,0,0,0,0,0
61951,61975,61963,21.1,-104.532,40.0195,49.8004,-56.2354,511.103,2.71399,0.677796,46.8315,0.207281,0.000337199,0.249823,0.306601,0.204401,0.147623,0.147623,0.147623,0.0908448,0.124912,0.113556,0.0794892,0.124912,0.0454224,0.0908448,0.408802,0.204401,0.1022,0.0454224,0.0227112,0.0113556,0.0340668,0.0113556,0,0,0,0,0,0,0,0,0,0,0,0,0,0,0
61976,61999,61988,21.2,-104.532,40.0194,49.0079,-55.4704,515.265,2.6234,0.645343,47.219,0.219507,0.000334244,0.237462,0.316617,0.214847,0.147001,0.203539,0.180924,0.124385,0.158308,0.0565387,0.0904619,0.0565387,0.0678464,0.0339232,0.361848,0.147001,0.10177,0.0226155,0.0226155,0.0452309,0,0.0226155,0,0.0113077,0,0,0,0,0,0,0,0,0,0,0,0,0
62000,62022,62011,21.3,-104.532,40.0199,48.275,-55.9177,516.423,2.38288,0.745219,62.9073,0.253243,0.000440226,0.300995,0.213205,0.200664,0.0877903,0.125415,0.137956,0.125415,0.112873,0.0627074,0.0627074,0.0501659,0,0.0627074,0.326078,0.225747,0.137956,0.025083,0.0376244,0,0.0376244,0.025083,0,0.0125415,0,0.0125415,0,0,0,0,0,0,0,0,0,0,0
62023,62049,62036,21.4,-104.532,40.021,47.5104,-56.3748,517.691,3.10457,1.0262,84.9882,0.248454,0.000632433,0.277561,0.195321,0.185041,0.205601,0.185041,0.13364,0.185041,0.13364,0.143921,0.0514002,0.0925203,0.0616802,0.0719603,0.514002,0.226161,0.195321,0.0308401,0.0411202,0.0822403,0.0308401,0.0308401,0.01028,0.0205601,0,0,0,0,0,0,0,0,0,0,0,0,0
62050,62073,62062,21.5,-104.532,40.0222,46.7775,-55.8729,521.199,2.74929,0.830539,66.4821,0.240141,0.000431369,0.265688,0.173275,0.196378,0.173275,0.173275,0.0808614,0.161723,0.127068,0.0577582,0.0577582,0.13862,0.0577582,0.0577582,0.404307,0.323446,0.196378,0.0231033,0,0.0231033,0.0231033,0.0231033,0,0,0,0,0,0.0115516,0,0,0,0,0,0,0,0,0
62074,62096,62085,21.6,-104.532,40.0234,46.0839,-55.7439,523.741,2.48086,0.716526,52.1959,0.218538,0.000381984,0.208785,0.171941,0.135096,0.0859705,0.159659,0.110533,0.110533,0.135096,0.122815,0.0614075,0.171941,0.073689,0.073689,0.3316,0.24563,0.135096,0.0614075,0.0368445,0.0368445,0,0,0,0.0122815,0,0,0,0,0,0,0,0,0,0,0,0,0
62097,62120,62108,21.7,-104.532,40.0243,45.3917,-55.2763,527.142,2.39364,0.873271,71.5198,0.245696,0.000542834,0.166721,0.142904,0.142904,0.119087,0.130995,0.0952692,0.0595433,0.107178,0.0833606,0.035726,0.0833606,0.0833606,0.0595433,0.464437,0.17863,0.214356,0.0952692,0.035726,0.0476346,0.0119087,0,0.0238173,0.0119087,0,0,0,0,0,0,0,0,0,0,0,0,0
62121,62144,62132,21.8,-104.533,40.0246,44.7058,-54.6183,531.039,2.39066,0.81913,65.7926,0.24096,0.000463369,0.225983,0.130832,0.118938,0.118938,0.142726,0.0832569,0.0594692,0.107045,0.0713631,0.0475754,0.0713631,0.0475754,0.0832569,0.451966,0.297346,0.15462,0.0832569,0.0237877,0.0356815,0.0237877,0,0,0,0,0,0.0118938,0,0,0,0,0,0,0,0,0,0
62145,62171,62158,21.9,-104.532,40.0249,44.0122,-53.8041,535.407,2.5618,0.788371,58.4092,0.222265,0.000423949,0.170078,0.116929,0.148818,0.0850389,0.116929,0.159448,0.148818,0.127558,0.0850389,0.159448,0.0850389,0.0744091,0.0531493,0.414565,0.350786,0.138188,0.0425195,0.0212597,0,0.0318896,0.0106299,0.0212597,0,0,0,0,0,0,0,0,0,0,0,0,0,0
62172,62196,62184,22,-104.531,40.0249,43.3656,-53.7388,537.832,2.4093,0.821967,66.5632,0.242941,0.000481264,0.12803,0.232783,0.116391,0.12803,0.174587,0.0931131,0.0698348,0.0814739,0.0581957,0.0581957,0.0698348,0.0931131,0.0581957,0.442287,0.290978,0.12803,0.0698348,0.0232783,0.0349174,0.0116391,0.0116391,0.0232783,0,0.0116391,0,0,0,0,0,0,0,0,0,0,0,0
62197,62223,62210,22.1,-104.531,40.0244,42.71,-53.9019,539.777,2.25303,0.764367,58.7777,0.230692,0.000450222,0.193117,0.128745,0.0858299,0.17166,0.107287,0.0858299,0.0858299,0.0751012,0.0536437,0.042915,0.0536437,0.042915,0.0965586,0.450607,0.278947,0.107287,0.042915,0.0643724,0.042915,0.0321862,0.0107287,0,0,0,0,0,0,0,0,0,0,0,0,0,0,0
62224,62248,62236,22.2,-104.533,40.024,42.054,-54.1612,541.528,2.56946,0.79259,61.0601,0.231116,0.000433879,0.201294,0.177612,0.14209,0.153931,0.165772,0.14209,0.118408,0.0592041,0.106567,0.0828858,0.0828858,0.0947266,0.0473633,0.42627,0.213135,0.236817,0.0236817,0,0.071045,0.0118408,0,0,0,0,0.0118408,0,0,0,0,0,0,0,0,0,0,0
62249,62275,62262,22.3,-104.534,40.0235,41.4381,-54.1789,543.772,2.33873,0.823585,64.7008,0.23568,0.000504919,0.153001,0.16393,0.131144,0.109286,0.131144,0.109286,0.0655719,0.120215,0.153001,0.0437146,0.0437146,0.0218573,0.0546432,0.40436,0.218573,0.218573,0.0437146,0.0546432,0.0765005,0,0.0218573,0,0,0,0,0,0,0,0,0,0,0,0,0,0,0
62276,62301,62288,22.4,-104.536,40.0235,40.8042,-54.2727,545.938,2.51269,0.791074,58.5057,0.221872,0.000445877,0.230522,0.172892,0.103735,0.138313,0.126787,0.092209,0.172892,0.0691567,0.0691567,0.0461045,0.0806828,0.0691567,0.0806828,0.484097,0.242049,0.138313,0.0691567,0.0461045,0.0691567,0.0115261,0,0,0,0,0,0,0,0,0,0,0,0,0,0,0,0
62302,62327,62314,22.5,-104.539,40.0241,40.1862,-54.485,547.792,2.36448,0.839083,66.3133,0.237092,0.000493224,0.218083,0.183649,0.103302,0.103302,0.0573902,0.0573902,0.0459121,0.0803462,0.103302,0.0459121,0.0344341,0.103302,0.0688682,0.539468,0.275473,0.149214,0.0459121,0.0459121,0.0688682,0.0229561,0,0,0,0.011478,0,0,0,0,0,0,0,0,0,0,0,0
62328,62352,62340,22.6,-104.54,40.0247,39.5996,-53.5932,552.344,2.16095,0.72255,61.3157,0.254581,0.000403222,0.132796,0.217302,0.144868,0.108651,0.108651,0.0965789,0.0965789,0.0482894,0.108651,0.0603618,0.0724342,0.0362171,0.0362171,0.386315,0.217302,0.132796,0.0603618,0.0241447,0.0241447,0.0241447,0.0120724,0,0,0,0,0,0.0120724,0,0,0,0,0,0,0,0,0
62353,62379,62366,22.7,-104.541,40.0252,38.967,-53.2556,555.743,2.20689,0.772266,65.059,0.252733,0.000486388,0.202673,0.168894,0.135115,0.0788173,0.0675577,0.157635,0.0562981,0.0788173,0.123856,0.0675577,0.0562981,0.0450385,0.0450385,0.416606,0.191414,0.101337,0.0450385,0.0562981,0.0225192,0.0450385,0.0112596,0.0225192,0.0112596,0,0,0,0,0,0,0,0,0,0,0,0,0
62380,62404,62392,22.8,-104.541,40.0255,38.3878,-53.2861,558.048,2.17637,0.705014,60.6292,0.257991,0.000449599,0.250612,0.171472,0.145091,0.0923309,0.171472,0.105521,0.105521,0.0791408,0.118711,0.0659506,0.0923309,0.0527605,0.0395704,0.237422,0.131901,0.118711,0.0527605,0.0395704,0.0263803,0.0131901,0.0263803,0.0263803,0.0131901,0,0,0,0,0,0,0,0,0,0,0,0,0
62405,62428,62416,22.9,-104.541,40.026,37.817,-53.7304,559.307,2.19571,0.74125,65.7726,0.266196,0.000450154,0.255942,0.134706,0.121236,0.0808239,0.107765,0.20206,0.134706,0.0808239,0.0673532,0.134706,0.0404119,0.0269413,0.0269413,0.269413,0.229001,0.107765,0.0538826,0.0269413,0.0269413,0,0,0.0404119,0.0134706,0,0.0134706,0,0,0,0,0,0,0,0,0,0,0
62429,62451,62440,23,-104.54,40.026,37.2517,-53.8922,561.31,1.67696,0.642648,57.2094,0.267064,0.000411592,0.108191,0.121715,0.0946673,0.0811434,0.121715,0.0946673,0.108191,0.0540956,0.0540956,0.0676195,0.0270478,0.0270478,0.0135239,0.202859,0.229906,0.0676195,0.0676195,0.0676195,0.0270478,0.0135239,0,0,0.0135239,0,0.0135239,0,0,0,0,0,0,0,0,0,0,0
62452,62477,62464,23.1,-104.541,40.0258,36.6985,-53.9504,563.564,2.21626,0.714471,58.8618,0.247156,0.000408784,0.182659,0.158304,0.0852407,0.109595,0.0852407,0.146127,0.0608862,0.0730635,0.146127,0.121772,0.048709,0.0608862,0.097418,0.365317,0.243545,0.0730635,0.0121772,0.0365317,0.048709,0.0243545,0.0121772,0.0121772,0,0,0.0121772,0,0,0,0,0,0,0,0,0,0,0
62478,62502,62490,23.2,-104.542,40.026,36.1416,-54,565.904,2.0524,0.685775,53.8324,0.235496,0.000401226,0.188871,0.0629569,0.0629569,0.125914,0.100731,0.151097,0.0881397,0.0755483,0.100731,0.0251828,0.0629569,0.0503656,0.113322,0.339967,0.201462,0.176279,0.0125914,0.0251828,0.0503656,0.0125914,0.0125914,0,0.0125914,0,0,0,0,0,0,0,0,0,0,0,0,0
62503,62527,62515,23.3,-104.543,40.0259,35.5968,-52.6836,571.776,1.90055,0.564805,42.0988,0.223611,0.000314132,0.152044,0.114033,0.177385,0.0886923,0.126703,0.152044,0.0506813,0.0886923,0.038011,0.038011,0.0253406,0.0633516,0.0506813,0.342099,0.152044,0.139374,0,0.0760219,0,0,0.0126703,0.0126703,0,0,0,0,0,0,0,0,0,0,0,0,0,0
62528,62553,62540,23.4,-104.544,40.0254,35.0673,-51.1562,578.209,2.01505,0.823638,75.0834,0.273482,0.000563654,0.122124,0.134337,0.0976996,0.122124,0.134337,0.0732747,0.0732747,0.0610622,0.0610622,0.0366373,0.0732747,0.0610622,0.0732747,0.341949,0.207612,0.0610622,0.0488498,0.0854871,0.0610622,0,0.0244249,0.0488498,0.0122124,0,0,0,0,0,0,0,0,0,0,0,0,0
62554,62579,62566,23.5,-104.546,40.0254,34.5623,-50.9646,581.113,2.0678,0.809184,77.9012,0.288814,0.000506634,0.220239,0.13459,0.110119,0.097884,0.097884,0.0611775,0.097884,0.0856485,0.110119,0.0611775,0.073413,0.024471,0.0367065,0.305887,0.220239,0.097884,0.048942,0.048942,0.073413,0.024471,0,0,0.024471,0,0,0,0,0.0122355,0,0,0,0,0,0,0,0
62580,62604,62592,23.6,-104.547,40.0253,34.0516,-50.7852,584.063,2.06371,0.61127,43.8568,0.215241,0.000314626,0.166635,0.115362,0.166635,0.0897264,0.128181,0.0512722,0.0769083,0.0640903,0.0640903,0.102544,0.0640903,0.0640903,0.0897264,0.320451,0.307633,0.115362,0.0128181,0.0128181,0.0256361,0,0.0128181,0.0128181,0,0,0,0,0,0,0,0,0,0,0,0,0,0
62605,62627,62616,23.7,-104.548,40.0249,33.5483,-51.0726,585.793,2.11002,0.643029,51.1196,0.238494,0.00034698,0.154735,0.154735,0.154735,0.140668,0.112534,0.0984676,0.0984676,0.0281336,0.0844008,0.070334,0.0422004,0.0422004,0.0281336,0.506405,0.182868,0.112534,0.0281336,0.0140668,0,0.0140668,0,0,0.0422004,0,0,0,0,0,0,0,0,0,0,0,0,0
62628,62651,62640,23.8,-104.55,40.0246,33.0575,-50.9408,588.611,1.80447,0.706834,68.8511,0.292223,0.000443428,0.217079,0.0949722,0.0542698,0.162809,0.0949722,0.0949722,0.0678373,0.0407024,0.0678373,0.0542698,0.0135675,0.0949722,0.0542698,0.203512,0.176377,0.149242,0.0542698,0.0135675,0.0135675,0,0.0271349,0.0271349,0.0135675,0,0,0,0.0135675,0,0,0,0,0,0,0,0,0
62652,62676,62664,23.9,-104.553,40.0246,32.574,-50.996,590.951,1.96361,0.667684,53.5075,0.240417,0.000391848,0.118607,0.0790715,0.171322,0.144964,0.0527143,0.118607,0.0658929,0.0658929,0.0527143,0.0922501,0.118607,0,0.0527143,0.316286,0.250393,0.105429,0.0658929,0.0395357,0.0131786,0.0131786,0,0,0.0263572,0,0,0,0,0,0,0,0,0,0,0,0,0
62677,62700,62688,24,-104.555,40.0251,32.0862,-51.0033,593.484,2.04297,0.56041,39.3295,0.21054,0.000292614,0.208466,0.194568,0.0833864,0.12508,0.12508,0.0972841,0.12508,0.0555909,0.0277955,0.0972841,0.0416932,0.111182,0.0416932,0.291852,0.222364,0.0694886,0.0277955,0.0555909,0.0416932,0,0,0,0,0,0,0,0,0,0,0,0,0,0,0,0,0
62701,62724,62712,24.1,-104.558,40.0259,31.6217,-51.19,595.458,1.84074,0.780642,79.095,0.303961,0.000476063,0.176711,0.117807,0.147259,0.0736295,0.0441777,0.0589036,0.0736295,0.0441777,0.0589036,0.0147259,0.0441777,0.0589036,0.0589036,0.353422,0.206163,0.132533,0.0294518,0.0589036,0.0147259,0,0.0294518,0,0.0147259,0,0,0.0147259,0.0147259,0,0,0,0,0,0,0,0,0
62725,62747,62736,24.2,-104.559,40.0265,31.1545,-50.9732,598.58,1.72406,0.544568,48.0157,0.264516,0.000283335,0.107754,0.0923602,0.0769668,0.107754,0.0615734,0.123147,0.123147,0.153934,0.0923602,0.107754,0.0461801,0.0307867,0.0615734,0.153934,0.169327,0.107754,0.0461801,0.0153934,0.0307867,0,0,0,0,0,0,0,0.0153934,0,0,0,0,0,0,0,0,0
62748,62771,62760,24.3,-104.561,40.0269,30.6967,-51.2683,600.321,1.57989,0.586564,49.3824,0.252568,0.000363005,0.112849,0.155167,0.0705306,0.0282123,0.0564245,0.0846368,0.0564245,0.112849,0.0141061,0.0423184,0.0282123,0.0564245,0.0423184,0.268016,0.211592,0.0987429,0.0423184,0.0423184,0.0141061,0,0,0.0282123,0.0141061,0,0,0,0,0,0,0,0,0,0,0,0,0
62772,62794,62783,24.4,-104.562,40.0275,30.2548,-51.4878,602.216,1.5529,0.451612,30.3753,0.201779,0.000225724,0.134386,0.134386,0.164249,0.0447953,0.0447953,0.0298635,0.0746588,0.0597271,0.0298635,0.0597271,0.0447953,0.0597271,0.0149318,0.25384,0.223976,0.134386,0.0149318,0.0298635,0,0,0,0,0,0,0,0,0,0,0,0,0,0,0,0,0,0
62795,62819,62807,24.5,-104.563,40.0286,29.7932,-51.688,604.322,1.02938,0.199088,11.8388,0.178395,7.76653e-05,0.0834635,0.125195,0.111285,0.0556423,0.0834635,0.0417318,0.0695529,0.111285,0.0278212,0.0278212,0.0139106,0.0139106,0.0139106,0.153016,0.0556423,0,0.0278212,0,0.0139106,0,0,0,0,0,0,0,0,0,0,0,0,0,0,0,0,0
