api/src/app/data/B2SAP/Locations/Boulder/NOAA-POPS-B2SAP_GMLBalloon_20210514_R0.ict
61,1001
Thornberry, T. D.
NOAA Chemical Sciences Laboratory
Portable Optical Particle Spectrometer (POPS)
Balloon Baseline Stratospheric Aerosol Profiles (B2SAP)
1,1
2021,05,14,2024,05,28
0
TIME_START,s,Seconds since midnight UTC on flight start day,Start time of 100 m altitude bin in UTC_seconds_since_midnight
28
1.0,1.0,1.0,1.0,1.0,1.0,1.0,1.0,1.0,1.0,1.0,1.0,1.0,1.0,1.0,1.0,1.0,1.0,1.0,1.0,1.0,1.0,1.0,1.0,1.0,1.0,1.0,1.0
99999,99999,99999,99999,99999,99999,99999,99999,99999,99999,99999,99999,99999,99999,99999,99999,99999,99999,99999,99999,99999,99999,99999,99999,99999,99999,99999,99999
TIME_STOP,s,End time of 100 m altitude bin in UTC seconds since midnight,
TIME_MID,s,Mid time of 100 m altitude in UTC seconds since midnight,
GPSAlt,m,GPS reported altitude above sea level (m),
GPS_Lon,deg,GPS reported longitude,
GPS_Lat,deg,GPS reported latitude,
iMet_Pressure,mb,Pressure reported (mB),
iMet_Temperature,degrees C,Ambient temperature (oC),
THETA,K,Potential temperature from iMet,
Aerosol_concentration,cm^-3,Aerosol concentration,
Surface_Area_Conc,um^2 cm^-3,Surface area concentration,
Volume_density,um^3 cm^-3,Volume density,
Effective_radius,um,Effective radius,
Extinction,km^-1,Extinction,
Bin01,cm^-3,particle concentration in size range [140 - 170 nm],
Bin02,cm^-3,particle concentration in size range [170 - 205 nm],
Bin03,cm^-3,particle concentration in size range [205 - 249 nm],
Bin04,cm^-3,particle concentration in size range [249 - 302 nm],
Bin05,cm^-3,particle concentration in size range [302 - 366 nm],
Bin06,cm^-3,particle concentration in size range [366 - 443 nm],
Bin07,cm^-3,particle concentration in size range [443 - 537 nm],
Bin08,cm^-3,particle concentration in size range [537 - 651 nm],
Bin09,cm^-3,particle concentration in size range [651 - 789 nm],
Bin10,cm^-3,particle concentration in size range [789 - 956 nm],
Bin11,cm^-3,particle concentration in size range [956 - 1159 nm],
Bin12,cm^-3,particle concentration in size range [1159 - 1404 nm],
Bin13,cm^-3,particle concentration in size range [1404 - 1702 nm],
Bin14,cm^-3,particle concentration in size range [1702 - 2062 nm],
Bin15,cm^-3,particle concentration in size range [2062 - 2500 nm],
0
19
PI_CONTACT_INFO: 325 Broadway R/CSL6, Boulder, CO 80305; troy.thornberry@noaa.gov; 303-497-3373 
PLATFORM: GML ECC/FPH balloon
LOCATION: Boulder, CO, USA
ASSOCIATED_DATA: N/A
INSTRUMENT_INFO: Printed Optical Particle Spectrometer counts particles from 140 - 2500 nm in diameter 
DATA_INFO: Particle concentrations reported in number per cubic centimeter, binned to 100 m altitude
UNCERTAINTY: Counting uncertainty dominated by air flow, less than 5 percent
ULOD_FLAG: -77777
ULOD_VALUE: 3000 ~3000 per cm3 (varies depending on flow rate- manufacturer quotes 1250  per cm3 at 1.667 cc/s)
LLOD_FLAG: -88888
LLOD_VALUE: 0 0 (varies depending on data field and measurement precision)
DM_CONTACT_INFO: Troy Thornberry, 325 Broadway R/CSL6, Boulder, CO 80305; troy.thornberry@noaa.gov; 303-497-3373
PROJECT_INFO: B2SAP Boulder, CO, USA
STIPULATIONS_ON_USE: Please contact the PIs for questions regarding applications and uncertainties
OTHER_COMMENTS: POPS bin Edges (nm):  140, 170, 205, 249, 302, 366, 443, 537, 651, 789, 956, 1159, 1404, 1702, 2062, 2500
Calculations assume sulfate refractive index of 1.45+0.00j and extinction wavelength = 532 nm
REVISION: R0
R0: QA/QC data
TIME_START,TIME_STOP,TIME_MID,GPSAlt,GPS_Lon,GPS_Lat,iMet_Pressure,iMet_Temperature,THETA,Aerosol_concentration,Surface_Area_Conc,Volume_density,Effective_radius,Extinction,Bin01,Bin02,Bin03,Bin04,Bin05,Bin06,Bin07,Bin08,Bin09,Bin10,Bin11,Bin12,Bin13,Bin14,Bin15
[from data line 142]
60657,60689,60673,15.9,-104.472,39.8269,107.19,-60.2017,403.063,47.3696,6.21857,249.504,0.120367,0.000969297,16.7502,13.5308,9.15664,5.9489,1.51639,0.163303,0.174968,0.0699871,0.0349935,0.023329,0,0,0,0,0
60690,60719,60704,16,-104.465,39.8266,105.483,-60.2586,404.806,42.6818,5.54024,236.976,0.128321,0.000887577,15.9271,12.6885,7.98773,4.25368,1.31719,0.217518,0.157096,0.0604216,0.0362529,0.0120843,0.0120843,0.0120843,0,0,0
60720,60746,60733,16.1,-104.459,39.8256,103.784,-60.0972,407.004,23.3277,3.32168,183.063,0.165334,0.000729122,8.74282,6.81804,4.05287,2.30431,0.82684,0.271095,0.162657,0.0948833,0.0271095,0.0135548,0,0,0,0.0135548,0
60747,60773,60760,16.2,-104.453,39.824,102.113,-60.1758,408.739,11.0787,1.99745,111.869,0.168018,0.00069196,4.02029,2.75004,1.63693,1.07382,0.694057,0.419053,0.275004,0.130954,0.065477,0.0130954,0,0,0,0,0
60774,60799,60786,16.3,-104.448,39.8227,100.492,-60.237,410.497,6.89604,1.31898,75.6682,0.172106,0.000469979,2.53987,1.52097,0.886001,0.694034,0.561134,0.3987,0.206733,0.0295334,0.0443,0.0147667,0,0,0,0,0
60800,60825,60812,16.4,-104.442,39.8217,98.8908,-60.5079,411.862,5.86254,1.1821,68.2151,0.17312,0.000445487,1.94472,1.4337,0.809116,0.525215,0.39746,0.45424,0.156145,0.11356,0.02839,0,0,0,0,0,0
60826,60848,60837,16.5,-104.437,39.8204,97.42,-60.7235,413.203,6.5829,1.57615,111.265,0.211779,0.000704911,1.99093,1.52531,0.818849,0.834905,0.513787,0.417452,0.128447,0.289005,0.0321117,0.0160559,0.0160559,0,0,0,0
60849,60869,60859,16.6,-104.433,39.8189,95.8352,-61.2862,414.052,7.1368,1.22152,63.627,0.156265,0.000375014,2.70706,1.67925,0.998862,0.767242,0.419812,0.34743,0.11581,0.0723813,0.0289525,0,0,0,0,0,0
60870,60890,60880,16.7,-104.429,39.817,94.25,-61.6868,415.24,8.52542,1.42788,84.7387,0.178038,0.000439486,3.6469,1.91942,1.19964,0.799758,0.383884,0.303908,0.175947,0.0479855,0.0159952,0.0159952,0.0159952,0,0,0,0
60891,60919,60905,16.8,-104.426,39.8147,92.6923,-62.1688,416.264,8.65116,1.31527,73.8118,0.168358,0.000381464,3.80979,2.43827,1.00813,0.633012,0.351673,0.164114,0.105502,0.105502,0.0117224,0.0117224,0.0117224,0,0,0,0
60920,60948,60934,16.9,-104.422,39.8117,91.1681,-62.617,417.364,10.4543,1.62348,91.2949,0.168702,0.000501574,4.57587,2.8316,1.43845,0.690911,0.294487,0.294487,0.169896,0.0679585,0.0792849,0,0.0113264,0,0,0,0
60949,60980,60964,17,-104.418,39.8089,89.6039,-61.7003,421.253,9.02508,1.5576,85.0505,0.163811,0.000533382,3.82319,1.98493,1.32003,0.694237,0.391119,0.410675,0.224894,0.136892,0.0391119,0,0,0,0,0,0
60981,61012,60996,17.1,-104.414,39.8064,88.2004,-60.9707,424.619,7.7357,1.55904,94.8065,0.182432,0.000602932,2.6433,1.74782,1.19758,0.776807,0.496293,0.507082,0.172624,0.129468,0.032367,0.032367,0,0,0,0,0
61013,61041,61027,17.2,-104.41,39.8043,86.7952,-60.5408,427.439,9.84887,1.69696,91.4182,0.161615,0.000551793,3.80387,2.53187,1.18719,0.993367,0.54514,0.411884,0.193828,0.157485,0.0121142,0.0121142,0,0,0,0,0
61042,61069,61056,17.3,-104.408,39.8027,85.4721,-60.3992,429.597,10.2883,1.48017,68.0705,0.137965,0.000353112,4.12036,2.81853,1.63045,0.910018,0.341257,0.240144,0.13903,0.0758348,0.0126391,0,0,0,0,0,0
61070,61097,61084,17.4,-104.406,39.8016,84.0612,-60.5956,431.255,9.52133,1.57365,82.6004,0.157469,0.000483519,3.80853,2.24173,1.49449,0.735191,0.614668,0.289256,0.216942,0.0843662,0.0241046,0.0120523,0,0,0,0,0
61098,61127,61112,17.5,-104.403,39.8006,82.7212,-60.2228,433.996,6.97905,1.33767,78.5624,0.176193,0.00051036,2.69261,1.53346,0.990107,0.615798,0.434681,0.313936,0.217341,0.144894,0.0241489,0.0120745,0,0,0,0,0
61128,61153,61140,17.6,-104.4,39.7996,81.4365,-60.6283,435.106,6.77726,1.10898,56.2374,0.152133,0.000333595,2.72406,1.68445,0.947501,0.592188,0.302674,0.250035,0.197396,0.0789584,0,0,0,0,0,0,0
61154,61180,61167,17.7,-104.397,39.7986,80.1437,-60.1604,438.071,6.33505,1.21758,69.9409,0.172328,0.000442601,2.13682,1.74717,0.716465,0.615908,0.452504,0.364517,0.163404,0.113126,0.0125696,0.0125696,0,0,0,0,0
61182,61207,61194,17.8,-104.395,39.7972,78.7748,-60.2176,440.106,6.32336,1.20288,70.6291,0.17615,0.000453453,2.49758,1.40038,0.88065,0.505291,0.317611,0.389796,0.216553,0.0721844,0.0288738,0.0144369,0,0,0,0,0
61208,61232,61220,17.9,-104.393,39.7961,77.6462,-59.809,442.779,5.19382,1.09027,64.4794,0.177422,0.000412313,1.79345,1.00433,0.659988,0.545208,0.559555,0.373037,0.157823,0.0717379,0.0143476,0.0143476,0,0,0,0,0
61233,61259,61246,18,-104.391,39.7951,76.4271,-58.6438,447.214,5.00248,1.27474,86.2301,0.202936,0.00060355,1.46796,1.08316,0.612839,0.498822,0.399058,0.470318,0.256537,0.171025,0.0142521,0.0285041,0,0,0,0,0
61260,61285,61272,18.1,-104.391,39.7943,75.1405,-58.6214,449.43,4.63578,1.0052,60.499,0.180558,0.00040898,1.3367,1.18028,0.69679,0.455046,0.312844,0.341285,0.170642,0.113762,0.0284404,0,0,0,0,0,0
61286,61313,61300,18.2,-104.391,39.7938,73.9174,-58.7178,451.348,4.84414,1.17442,74.1414,0.189391,0.000525326,1.37662,1.11688,0.506492,0.623375,0.415583,0.350648,0.233766,0.207792,0.012987,0,0,0,0,0,0
61314,61339,61326,18.3,-104.39,39.7937,72.713,-58.8039,453.281,4.53982,0.994147,57.4738,0.173437,0.000375145,1.25193,0.986369,0.720808,0.480539,0.442601,0.392018,0.202332,0.0379373,0.0252915,0,0,0,0,0,0
61340,61363,61352,18.4,-104.39,39.7941,71.51,-59.1876,454.639,4.46236,0.993711,57.9577,0.174974,0.000383065,1.35028,0.861609,0.527253,0.668711,0.385795,0.385795,0.192898,0.077159,0.0128598,0,0,0,0,0,0
61365,61389,61377,18.5,-104.389,39.7946,70.3809,-59.8473,455.299,4.64084,1.10394,75.8868,0.206224,0.000462669,1.40333,0.935555,0.615496,0.627806,0.369298,0.344678,0.233889,0.0615496,0.0246199,0.0123099,0.0123099,0,0,0,0
61390,61415,61402,18.6,-104.388,39.7955,69.2386,-60.645,455.72,4.49919,1.14298,78.4703,0.205962,0.000501351,1.30501,0.85758,0.621435,0.509577,0.372861,0.422576,0.261003,0.124287,0.0124287,0,0.0124287,0,0,0,0
61416,61440,61428,18.7,-104.386,39.7963,68.161,-61.2276,456.518,4.29802,1.11789,77.1222,0.206966,0.000562221,1.43267,0.84658,0.455851,0.442826,0.299559,0.338632,0.221413,0.221413,0.0260486,0.0130243,0,0,0,0,0
61441,61468,61454,18.8,-104.384,39.7969,67.05,-61.7348,457.561,4.55561,0.99314,56.9569,0.172051,0.000364693,1.33144,0.809306,0.691826,0.5874,0.561293,0.365493,0.11748,0.0652666,0.0261067,0,0,0,0,0,0
61470,61495,61482,18.9,-104.382,39.7974,65.8886,-62.3748,458.467,4.74103,1.14258,72.4519,0.190232,0.000497501,1.56283,0.81425,0.538455,0.512189,0.512189,0.420258,0.236395,0.118198,0.0131331,0.0131331,0,0,0,0,0
61496,61518,61507,19,-104.379,39.7979,64.893,-63.008,459.077,4.30129,0.949097,56.357,0.178139,0.000365689,1.27241,0.774509,0.636203,0.55322,0.567051,0.290441,0.110644,0.0414915,0.055322,0,0,0,0,0,0
61520,61544,61532,19.1,-104.376,39.7978,63.8296,-63.1683,460.897,4.45818,1.00307,59.6093,0.178281,0.000405094,1.30982,1.04545,0.456633,0.588816,0.384533,0.336466,0.204283,0.132183,0,0,0,0,0,0,0
61545,61567,61556,19.2,-104.373,39.7975,62.7894,-63.0083,463.423,4.40169,0.95777,56.1756,0.175958,0.000353922,1.40123,0.852922,0.472153,0.563538,0.502615,0.41123,0.137077,0.0456923,0,0.0152308,0,0,0,0,0
61568,61594,61581,19.3,-104.371,39.7966,61.7246,-61.9771,467.971,4.40335,1.05366,66.8865,0.190441,0.000451521,1.11795,0.901205,0.809943,0.422083,0.501937,0.353637,0.136892,0.114077,0.034223,0.0114077,0,0,0,0,0
61595,61623,61609,19.4,-104.369,39.7957,60.6564,-60.8859,472.751,3.86098,0.949568,58.1422,0.18369,0.000398521,0.878622,0.903371,0.519748,0.470248,0.383623,0.395998,0.222749,0.0618748,0.0247499,0,0,0,0,0,0
61624,61651,61638,19.5,-104.367,39.795,59.6885,-61.0765,474.494,4.17268,0.98023,60.4646,0.185052,0.000398476,1.0221,0.916725,0.590076,0.590076,0.442557,0.347723,0.168593,0.0526853,0.0316112,0.0105371,0,0,0,0,0
61652,61681,61666,19.6,-104.365,39.7943,58.7112,-60.1208,478.893,4.35365,1.04961,69.93,0.199874,0.000430218,1.2439,0.915963,0.520176,0.565409,0.384478,0.418403,0.203547,0.0678491,0.0226164,0,0.0113082,0,0,0,0
61681,61708,61694,19.7,-104.363,39.793,57.7916,-59.8168,481.74,4.58731,1.12438,73.1994,0.195305,0.000436108,1.14954,0.704906,0.813353,0.628993,0.618148,0.390409,0.18436,0.0650682,0.0216894,0,0,0.0108447,0,0,0
61709,61734,61722,19.8,-104.361,39.7916,56.8905,-58.654,486.543,4.39998,1.09131,72.3241,0.198818,0.000489354,1.24553,0.920612,0.473844,0.568613,0.500921,0.33846,0.216614,0.0812304,0.0270768,0.0270768,0,0,0,0,0
61735,61760,61748,19.9,-104.36,39.791,56.0374,-58.6096,488.755,3.8994,0.994628,61.427,0.185276,0.000421547,0.843113,0.843113,0.491816,0.515236,0.480106,0.433266,0.175648,0.0936792,0.0234198,0,0,0,0,0,0
61761,61787,61774,20,-104.359,39.7911,55.0877,-58.0368,492.453,4.05843,1.03977,64.5183,0.186151,0.00045224,1.00238,0.721227,0.647882,0.476743,0.403398,0.440071,0.220035,0.14669,0,0,0,0,0,0,0
61788,61812,61800,20.1,-104.357,39.7913,54.2018,-57.7145,495.49,4.14075,1.11871,70.22,0.188306,0.000483793,0.894305,0.637039,0.600287,0.600287,0.539033,0.563535,0.183761,0.0857553,0.0367523,0,0,0,0,0,0
61813,61835,61824,20.2,-104.354,39.7914,53.3289,-57.9044,497.343,4.20892,1.11099,70.1707,0.189482,0.000488512,0.928659,0.659048,0.703983,0.659048,0.464329,0.389438,0.299567,0.0599135,0.0449351,0,0,0,0,0,0
61836,61859,61848,20.3,-104.351,39.7912,52.494,-56.955,501.804,3.72785,0.963849,60.8618,0.189433,0.00041426,0.804573,0.657068,0.59002,0.536382,0.482744,0.429105,0.0938668,0.0804573,0.0536382,0,0,0,0,0,0
61861,61887,61874,20.4,-104.349,39.7903,51.6268,-56.8624,504.408,3.8172,0.986947,61.3791,0.186573,0.000421173,0.823318,0.705701,0.641547,0.459775,0.427698,0.48116,0.171079,0.0748471,0.0320773,0,0,0,0,0,0
61888,61914,61901,20.5,-104.348,39.7888,50.8083,-56.2635,508.122,4.11068,1.01043,59.6357,0.177061,0.000393714,0.896664,0.733634,0.710344,0.442509,0.617184,0.465799,0.18632,0.034935,0.02329,0,0,0,0,0,0
61916,61943,61930,20.6,-104.347,39.7872,49.9717,-56.1525,510.799,4.09064,1.17641,78.2767,0.199615,0.000553342,0.913986,0.535016,0.635331,0.546162,0.579601,0.456993,0.267508,0.111462,0.0334385,0.0111462,0,0,0,0,0
61945,61974,61960,20.7,-104.347,39.7859,49.2212,-56.364,512.508,3.60691,0.85406,49.9135,0.175328,0.000329351,0.872119,0.667548,0.527578,0.506045,0.484511,0.31224,0.17227,0.0538345,0.0107669,0,0,0,0,0,0
61975,62004,61990,20.8,-104.346,39.7848,48.42,-56.4371,514.75,3.49142,0.837643,49.0057,0.175513,0.000320594,0.769673,0.658126,0.468497,0.624662,0.423878,0.345795,0.122702,0.0669281,0.0111547,0,0,0,0,0,0
62005,62030,62018,20.9,-104.346,39.784,47.6838,-56.6367,516.525,3.38082,0.908724,58.9026,0.194457,0.00039626,0.625133,0.625133,0.497555,0.574102,0.433766,0.382735,0.153094,0.0382735,0.0382735,0.0127578,0,0,0,0,0
62032,62057,62044,21,-104.344,39.7835,46.8914,-56.2995,519.821,3.76472,0.995171,62.4117,0.188144,0.000419259,0.750597,0.680229,0.562948,0.55122,0.457395,0.49258,0.187649,0.0586404,0.0117281,0.0117281,0,0,0,0,0
62058,62083,62070,21.1,-104.343,39.7829,46.179,-56.728,521.058,3.82861,0.953554,57.173,0.179874,0.000383207,0.773085,0.687187,0.638102,0.61356,0.503119,0.343593,0.159526,0.0981696,0.0122712,0,0,0,0,0,0
62085,62109,62097,21.2,-104.343,39.7826,45.3881,-57.2381,522.411,3.83038,0.935116,56.2346,0.18041,0.000376507,0.840815,0.759069,0.537187,0.630611,0.455441,0.338661,0.17517,0.0700679,0.023356,0,0,0,0,0,0
62110,62132,62121,21.3,-104.342,39.7823,44.6163,-57.1595,525.161,3.60734,0.861519,49.6165,0.172775,0.000323627,0.775771,0.672335,0.478392,0.711124,0.400815,0.336168,0.168084,0.0646476,0,0,0,0,0,0,0
62133,62159,62146,21.4,-104.342,39.782,43.973,-56.752,528.344,3.63666,0.917703,54.6159,0.178541,0.00036062,0.651159,0.638873,0.614301,0.700303,0.36858,0.454583,0.110574,0.0860021,0.012286,0,0,0,0,0,0
62161,62187,62174,21.5,-104.341,39.7811,43.2195,-56.417,531.781,3.50569,0.986434,65.5512,0.199358,0.000474086,0.806187,0.574103,0.549673,0.378664,0.488598,0.329804,0.195439,0.14658,0.0366449,0,0,0,0,0,0
62189,62214,62202,21.6,-104.34,39.7803,42.6109,-55.5532,536.065,3.50938,0.792924,43.8823,0.166027,0.000276526,0.808154,0.597813,0.686377,0.498177,0.36533,0.376401,0.154988,0.0221412,0,0,0,0,0,0,0
62215,62242,62228,21.7,-104.34,39.7803,41.8541,-55.7514,538.331,2.88179,0.718218,44.5234,0.185974,0.000307402,0.678722,0.55633,0.45619,0.378304,0.333798,0.222532,0.178025,0.055633,0.0222532,0,0,0,0,0,0
62243,62268,62256,21.8,-104.34,39.7807,41.2338,-55.8138,540.472,3.20279,0.731754,40.1865,0.164754,0.000247978,0.654584,0.607828,0.490938,0.572761,0.397426,0.362359,0.081823,0.035067,0,0,0,0,0,0,0
62269,62294,62282,21.9,-104.34,39.7809,40.5441,-55.4655,543.961,2.91469,0.720908,41.6539,0.173339,0.000271789,0.589612,0.44499,0.489489,0.533988,0.333743,0.344867,0.133497,0.044499,0,0,0,0,0,0,0
62296,62320,62308,22,-104.34,39.7807,39.9762,-55.4362,546.222,3.21263,0.764017,44.8225,0.176001,0.000298899,0.756597,0.581998,0.477238,0.605278,0.267719,0.279359,0.174599,0.0698397,0,0,0,0,0,0,0
62321,62343,62332,22.1,-104.34,39.7802,39.2826,-55.4168,549.02,3.05569,0.764193,45.5049,0.178639,0.000300097,0.580195,0.567302,0.43837,0.580195,0.373903,0.309437,0.167612,0.0128932,0.0257864,0,0,0,0,0,0
62344,62369,62356,22.2,-104.34,39.7796,38.6941,-55.2573,551.787,3.21484,0.715475,39.4,0.165205,0.000244571,0.814872,0.535806,0.524644,0.468831,0.401855,0.357204,0.0669758,0.0446505,0,0,0,0,0,0,0
62370,62393,62382,22.3,-104.34,39.7793,38.0035,-55.099,555.044,2.95311,0.753779,45.807,0.182309,0.0003105,0.673946,0.575918,0.318593,0.367607,0.502396,0.318593,0.110282,0.0735214,0.0122536,0,0,0,0,0,0
62394,62417,62406,22.4,-104.341,39.7793,37.41,-55.3495,556.897,2.97076,0.686879,39.7855,0.173767,0.000262756,0.678713,0.645333,0.522943,0.367173,0.244782,0.322667,0.133517,0.0556322,0,0,0,0,0,0,0
62418,62441,62430,22.5,-104.341,39.7796,36.8138,-55.4305,559.258,2.40574,0.565739,32.7022,0.173413,0.000216547,0.528088,0.528088,0.363794,0.305118,0.305118,0.1995,0.140824,0.0352059,0,0,0,0,0,0,0
62442,62466,62454,22.6,-104.342,39.7804,36.1862,-55.8062,561.037,2.68105,0.598238,32.1047,0.160996,0.000193982,0.59845,0.490729,0.394977,0.418915,0.406946,0.287256,0.071814,0.011969,0,0,0,0,0,0,0
62467,62492,62480,22.7,-104.342,39.7816,35.6571,-55.9386,563.064,2.56463,0.661647,39.3297,0.178327,0.000260685,0.425412,0.534804,0.352484,0.413257,0.328175,0.352484,0.121546,0.0243093,0.0121546,0,0,0,0,0,0
62493,62518,62506,22.8,-104.342,39.7825,35.0126,-55.9917,565.865,2.8772,0.713072,43.7478,0.184053,0.000301639,0.778537,0.451326,0.42876,0.417477,0.293362,0.259512,0.169247,0.0676989,0.0112832,0,0,0,0,0,0
62519,62544,62532,22.9,-104.342,39.7831,34.5495,-55.7341,568.697,2.70967,0.635978,36.8693,0.173918,0.000242952,0.632654,0.477474,0.38198,0.537159,0.310358,0.167116,0.143242,0.0596843,0,0,0,0,0,0,0
62545,62569,62557,23,-104.341,39.7834,33.9671,-54.9176,573.615,2.56802,0.604241,35.6025,0.176763,0.000237569,0.632517,0.506013,0.39216,0.341559,0.290958,0.240356,0.0885524,0.075902,0,0,0,0,0,0,0
62570,62592,62581,23.1,-104.34,39.7839,33.4343,-54.9538,576.107,2.39562,0.531851,29.8223,0.168218,0.000188908,0.627728,0.384323,0.384323,0.409945,0.281837,0.192162,0.0640539,0.0512431,0,0,0,0,0,0,0
62596,62621,62608,23.2,-104.339,39.7844,32.8748,-55.32,577.929,2.84484,0.626536,35.9576,0.172173,0.000232966,0.815962,0.50722,0.430034,0.441061,0.242583,0.242583,0.121292,0.0330795,0.0110265,0,0,0,0,0,0
62622,62645,62634,23.3,-104.339,39.7852,32.3171,-54.3581,583.323,2.39681,0.568612,36.9073,0.194723,0.000241578,0.697973,0.421418,0.289725,0.421418,0.250217,0.171201,0.0790159,0.0263386,0.0263386,0.0131693,0,0,0,0,0
62646,62670,62658,23.4,-104.338,39.7864,31.904,-53.7765,587.033,2.38349,0.544352,30.7905,0.169691,0.000198198,0.644945,0.350513,0.350513,0.350513,0.392575,0.154226,0.0981438,0.0420616,0,0,0,0,0,0,0
62672,62697,62684,23.5,-104.337,39.7874,31.3325,-53.7075,590.252,2.19949,0.496885,28.7963,0.173861,0.000191654,0.582567,0.487454,0.321006,0.27345,0.166448,0.214004,0.118891,0.0356674,0,0,0,0,0,0,0
