api/src/app/data/B2SAP/Locations/Boulder/NOAA-POPS-B2SAP_GMLBalloon_20200312_R0.ict
61,1001
Thornberry, T. D.
NOAA Chemical Sciences Laboratory
Portable Optical Particle Spectrometer (POPS)
Balloon Baseline Stratospheric Aerosol Profiles (B2SAP)
1,1
2020,03,12,2024,05,30
0
TIME_START,s,Seconds since midnight UTC on flight start day,Start time of 100 m altitude bin in UTC_seconds_since_midnight
28
1.0,1.0,1.0,1.0,1.0,1.0,1.0,1.0,1.0,1.0,1.0,1.0,1.0,1.0,1.0,1.0,1.0,1.0,1.0,1.0,1.0,1.0,1.0,1.0,1.0,1.0,1.0,1.0
99999,99999,99999,99999,99999,99999,99999,99999,99999,99999,99999,99999,99999,99999,99999,99999,99999,99999,99999,99999,99999,99999,99999,99999,99999,99999,99999,99999
TIME_STOP,s,End time of 100 m altitude bin in UTC seconds since midnight,
TIME_MID,s,Mid time of 100 m altitude in UTC seconds since midnight,
GPSAlt,m,GPS reported altitude above sea level (m),
GPS_Lon,deg,GPS reported longitude,
GPS_Lat,deg,GPS reported latitude,
iMet_Pressure,mb,Pressure reported (mB),
iMet_Temperature,degrees C,Ambient temperature (oC),
THETA,K,Potential temperature from iMet,
Aerosol_concentration,cm^-3,Aerosol concentration,
Surface_Area_Conc,um^2 cm^-3,Surface area concentration,
Volume_density,um^3 cm^-3,Volume density,
Effective_radius,um,Effective radius,
Extinction,km^-1,Extinction,
Bin01,cm^-3,particle concentration in size range [140 - 170 nm],
Bin02,cm^-3,particle concentration in size range [170 - 205 nm],
Bin03,cm^-3,particle concentration in size range [205 - 249 nm],
Bin04,cm^-3,particle concentration in size range [249 - 302 nm],
Bin05,cm^-3,particle concentration in size range [302 - 366 nm],
Bin06,cm^-3,particle concentration in size range [366 - 443 nm],
Bin07,cm^-3,particle concentration in size range [443 - 537 nm],
Bin08,cm^-3,particle concentration in size range [537 - 651 nm],
Bin09,cm^-3,particle concentration in size range [651 - 789 nm],
Bin10,cm^-3,particle concentration in size range [789 - 956 nm],
Bin11,cm^-3,particle concentration in size range [956 - 1159 nm],
Bin12,cm^-3,particle concentration in size range [1159 - 1404 nm],
Bin13,cm^-3,particle concentration in size range [1404 - 1702 nm],
Bin14,cm^-3,particle concentration in size range [1702 - 2062 nm],
Bin15,cm^-3,particle concentration in size range [2062 - 2500 nm],
0
19
PI_CONTACT_INFO: 325 Broadway R/CSL6, Boulder, CO 80305; troy.thornberry@noaa.gov; 303-497-3373 
PLATFORM: GML ECC/FPH balloon
LOCATION: Boulder, CO, USA
ASSOCIATED_DATA: N/A
INSTRUMENT_INFO: Printed Optical Particle Spectrometer counts particles from 140 - 2500 nm in diameter 
DATA_INFO: Particle concentrations reported in number per cubic centimeter, binned to 100 m altitude
UNCERTAINTY: Counting uncertainty dominated by air flow, less than 5 percent
ULOD_FLAG: -77777
ULOD_VALUE: 3000 ~3000 per cm3 (varies depending on flow rate- manufacturer quotes 1250  per cm3 at 1.667 cc/s)
LLOD_FLAG: -88888
LLOD_VALUE: 0 0 (varies depending on data field and measurement precision)
DM_CONTACT_INFO: Troy Thornberry, 325 Broadway R/CSL6, Boulder, CO 80305; troy.thornberry@noaa.gov; 303-497-3373
PROJECT_INFO: B2SAP Boulder, CO, USA
STIPULATIONS_ON_USE: Please contact the PIs for questions regarding applications and uncertainties
OTHER_COMMENTS: POPS bin Edges (nm):  140, 170, 205, 249, 302, 366, 443, 537, 651, 789, 956, 1159, 1404, 1702, 2062, 2500
Calculations assume sulfate refractive index of 1.45+0.00j and extinction wavelength = 532 nm
REVISION: R0
R0: QA/QC data
TIME_START,TIME_STOP,TIME_MID,GPSAlt,GPS_Lon,GPS_Lat,iMet_Pressure,iMet_Temperature,THETA,Aerosol_concentration,Surface_Area_Conc,Volume_density,Effective_radius,Extinction,Bin01,Bin02,Bin03,Bin04,Bin05,Bin06,Bin07,Bin08,Bin09,Bin10,Bin11,Bin12,Bin13,Bin14,Bin15
[from data line 76]
60473,60491,60482,9.4,-104.881,39.9184,293.506,-44.9647,323.893,7.03113,2.36654,216.208,0.274081,0.00125637,1.72091,1.20463,1.15547,0.909622,0.442519,0.590025,0.61461,0.196675,0.0491688,0.0737531,0.0737531,0,0,0,0
60493,60504,60498,9.5,-104.875,39.9192,289.339,-45.9367,323.834,8.21988,2.8072,253.551,0.270965,0.00154343,1.98531,1.49769,1.28871,0.80109,0.76626,0.76626,0.55728,0.27864,0.10449,0.10449,0.06966,0,0,0,0
60505,60517,60511,9.6,-104.871,39.92,285.107,-46.869,323.862,10.4138,3.81838,338.66,0.266076,0.00217879,2.3515,1.80562,1.30172,1.34371,0.713848,1.09177,0.923804,0.503893,0.251946,0.0419911,0.0419911,0.0419911,0,0,0
60517,60531,60524,9.7,-104.865,39.9209,280.647,-47.81,323.968,12.1704,3.54212,244.628,0.207188,0.00182082,2.8713,2.34925,1.82719,1.20725,1.04411,1.27251,0.880968,0.554684,0.163142,0,0,0,0,0,0
60532,60547,60540,9.8,-104.859,39.9222,276.596,-48.47,324.37,16.6088,5.43355,421.002,0.232446,0.00314158,4.30265,2.73805,2.43716,1.59469,1.23363,1.47433,1.53451,0.932741,0.180531,0.180531,0,0,0,0,0
60549,60565,60557,9.9,-104.851,39.9236,272.275,-48.8425,325.293,23.4279,8.38243,680.058,0.243387,0.00477076,5.13631,3.79982,3.09227,2.41092,2.27989,1.96542,2.83021,1.44131,0.340674,0.0262057,0.0524113,0.0524113,0,0,0
60566,60580,60573,10,-104.844,39.9247,268.345,-49.2315,326.078,23.8406,8.55414,756.435,0.265287,0.004711,5.18275,4.04902,3.69271,2.78573,1.71678,2.17027,2.4618,1.16612,0.323922,0.0647843,0.161961,0.0647843,0,0,0
60582,60599,60590,10.1,-104.835,39.9258,263.906,-49.1529,327.746,20.8942,7.42125,610.677,0.246863,0.00424883,4.72046,3.30432,2.75774,2.31054,1.86334,2.36023,1.88818,1.16769,0.248445,0.198756,0.0745335,0,0,0,0
60600,60615,60608,10.2,-104.826,39.9271,259.987,-49.145,329.169,20.3772,7.30023,592.602,0.243528,0.00417463,4.02699,3.69393,2.69476,2.3617,1.78641,1.78641,2.30114,1.27168,0.33306,0.0302782,0.0908345,0,0,0,0
60616,60635,60626,10.3,-104.816,39.9282,256.066,-49.1488,330.596,18.6579,5.93997,435.622,0.220012,0.00324373,4.17379,3.47816,2.26081,2.21112,1.68939,1.96268,1.68939,0.844697,0.24844,0.0993761,0,0,0,0,0
60636,60652,60644,10.4,-104.804,39.9295,251.657,-49.3753,331.901,17.5058,5.30846,401.965,0.227165,0.00281128,3.99649,3.26474,2.81443,2.27969,1.21021,1.60423,1.26649,0.703608,0.225155,0.112577,0.0281443,0,0,0,0
60654,60671,60662,10.5,-104.793,39.9308,247.925,-49.6006,332.981,18.8659,6.34264,773.863,0.366029,0.00345883,5.60951,3.28103,2.77829,2.24909,1.16424,1.16424,1.4553,0.873178,0.1323,0.0529199,0,0,0,0.0793798,0.0264599
60672,60690,60681,10.6,-104.78,39.9324,244.343,-50.004,333.773,19.0232,5.94261,781.384,0.394465,0.00298321,5.49623,4.30016,3.53126,1.45237,1.25303,1.13911,1.0252,0.512602,0.113911,0.0284779,0.0284779,0.0284779,0,0.0854336,0.0284779
60691,60712,60702,10.7,-104.766,39.9341,240.593,-50.4986,334.508,18.5335,8.28685,1543.29,0.558699,0.00467206,5.88139,4.14325,2.30405,1.63709,1.33392,0.889283,1.23287,0.42443,0.141477,0.161688,0.0808439,0.0606329,0.0404219,0.0606329,0.141477
60714,60732,60723,10.8,-104.751,39.9363,236.812,-51.1481,335.04,17.9589,8.18874,1545.11,0.566061,0.00473126,5.78292,3.84644,2.70577,1.5651,0.769287,0.901923,1.06109,0.610124,0.159163,0.18569,0.106109,0.0530543,0.0265271,0.0265271,0.159163
60733,60747,60740,10.9,-104.737,39.9379,233.456,-51.8469,335.347,20.7773,7.12706,1359.44,0.572231,0.00372229,9.81422,3.70905,2.59305,1.674,0.886234,0.623646,0.656469,0.262588,0.131294,0.131294,0,0,0.0984704,0.0656469,0.131294
60750,60760,60755,11,-104.727,39.9391,230.183,-52.6836,335.44,15.068,4.6099,536.525,0.349156,0.00241517,5.85544,3.16194,1.91278,1.21012,0.702653,0.702653,0.702653,0.31229,0.156145,0.156145,0.0780726,0.0390363,0.0390363,0.0390363,0
60761,60774,60768,11.1,-104.718,39.9405,226.837,-53.6082,335.431,23.3733,11.7846,2788.91,0.709971,0.00671203,10.6064,4.75324,2.63196,1.6106,1.17849,0.707093,0.510678,0.392829,0.117849,0.157132,0.0785659,0.117849,0.0392829,0.196415,0.274981
60776,60789,60782,11.2,-104.707,39.9421,223.208,-54.4443,335.693,16.5015,7.93619,1738.44,0.657156,0.00450508,5.80953,3.67731,1.7614,1.97771,0.865249,0.865249,0.52533,0.432625,0.123607,0.0927053,0.0618035,0,0.0309018,0.0927053,0.185411
60791,60804,60798,11.3,-104.696,39.944,219.489,-55.5536,335.594,18.9895,9.83134,2065.63,0.630321,0.00553864,6.69528,4.15029,2.81906,1.25292,1.05715,0.822227,0.861381,0.43069,0.195768,0.0391537,0.195768,0.0391537,0.117461,0.156615,0.156615
60805,60818,60812,11.4,-104.685,39.9456,216.151,-56.4814,335.636,16.6307,5.77398,1080.09,0.561182,0.00285583,6.54679,4.12665,2.04781,1.33418,0.899796,0.558494,0.465412,0.310274,0,0.0310274,0.0620549,0.0310274,0.0620549,0.0620549,0.0930823
60819,60832,60826,11.5,-104.674,39.9471,212.448,-57.401,335.867,12.9252,2.83681,223.62,0.236484,0.00113492,4.9343,3.14398,1.57199,1.22266,0.611329,0.523997,0.436664,0.392997,0,0,0,0.0873328,0,0,0
60833,60845,60839,11.6,-104.665,39.9483,209.625,-58.37,335.635,17.765,7.14861,1521.83,0.638655,0.00375005,7.64213,3.44096,2.24062,1.52042,0.880245,0.560156,0.760212,0.3601,0,0,0.0400112,0,0.0800223,0.0800223,0.160045
60847,60860,60854,11.7,-104.653,39.9494,206.051,-59.2655,335.878,9.58405,4.1434,901.41,0.652659,0.00227417,3.71382,2.03661,1.31781,0.918472,0.319468,0.439269,0.319468,0.239601,0.0399336,0.0399336,0.0798671,0,0,0,0.119801
60861,60875,60868,11.8,-104.643,39.9504,202.707,-60.2773,335.86,10.9272,3.12649,509.734,0.489112,0.00145831,4.38682,2.47257,1.67497,0.797603,0.558322,0.358921,0.319041,0.239281,0,0,0,0.0398801,0,0.0398801,0.0398801
60875,60888,60882,11.9,-104.632,39.9518,199.494,-61.1431,336.029,11.8867,4.70211,990.728,0.632096,0.00247424,4.92783,2.49721,1.29855,0.832404,0.732515,0.699219,0.499442,0.0998885,0.0665923,0.0332962,0,0.0665923,0,0,0.133185
60889,60901,60895,12,-104.621,39.953,196.379,-62.0258,336.133,10.3684,3.13627,532.257,0.50913,0.00158821,4.40738,2.28296,1.17319,0.982941,0.412201,0.380493,0.317078,0.158539,0.126831,0.0317078,0,0.0317078,0,0,0.0634155
60903,60917,60910,12.1,-104.609,39.9542,193.537,-62.6208,336.582,8.08999,1.54863,118.618,0.229788,0.000544345,3.67992,1.69393,1.13902,0.61332,0.20444,0.379675,0.233646,0.0876172,0,0,0.0584115,0,0,0,0
60918,60932,60925,12.2,-104.597,39.955,190.201,-63.1953,337.338,8.94022,1.83098,135.202,0.221523,0.000819742,3.82061,2.26689,1.06977,0.534885,0.35659,0.229237,0.280178,0.280178,0.0254707,0.0509414,0.0254707,0,0,0,0
60934,60946,60940,12.3,-104.584,39.9559,186.889,-63.995,337.748,9.07403,2.32439,266.274,0.34367,0.00102913,3.19129,2.34541,0.999682,0.845885,0.730537,0.461392,0.230696,0.153797,0,0.0384493,0.0384493,0,0,0.0384493,0
60948,60960,60954,12.4,-104.573,39.9566,183.722,-64.7175,338.225,8.6473,1.89981,120.922,0.190948,0.000826182,3.08603,1.99306,0.932237,0.803653,0.610776,0.482192,0.514338,0.160731,0.0321461,0.0321461,0,0,0,0,0
60962,60978,60970,12.5,-104.56,39.9573,180.862,-65.5662,338.357,9.68838,3.42277,426.215,0.37357,0.00184426,3.46649,1.92583,1.39252,0.711074,0.592562,0.444421,0.385165,0.414793,0.0888842,0.0592562,0.14814,0.0296281,0,0.0296281,0
60979,60993,60986,12.6,-104.548,39.9575,177.985,-66.4008,338.549,9.91973,3.23612,350.157,0.324608,0.0017634,2.77038,2.50228,1.31072,0.863881,0.536202,0.59578,0.685147,0.357468,0.178734,0.029789,0.029789,0,0.029789,0.029789,0
60994,61013,61004,12.7,-104.536,39.9578,174.462,-66.6228,340.127,12.0551,4.14009,328.451,0.238003,0.00238497,2.75546,2.02354,1.52842,1.44231,1.09788,0.990243,1.3562,0.516648,0.236797,0.0861081,0.021527,0,0,0,0
61015,61039,61027,12.8,-104.522,39.9581,171.778,-64.9343,344.426,16.9227,6.51933,537.375,0.247284,0.00388696,2.85947,2.84275,2.20731,2.32437,1.25416,1.7391,2.10698,1.20399,0.167221,0.167221,0.0501662,0,0,0,0
61040,61072,61056,12.9,-104.506,39.9582,168.877,-61.3483,352.064,22.5604,9.04212,754.002,0.250163,0.00535737,3.30551,3.12955,3.38092,2.7525,2.65195,2.52626,2.67708,1.48308,0.377054,0.188527,0.0628424,0.0251369,0,0,0
61073,61104,61088,13,-104.491,39.959,166.07,-57.971,359.405,20.3662,9.204,769.789,0.250909,0.00574991,2.39602,2.22311,2.43307,2.71713,2.44542,2.70478,3.03825,1.76614,0.432271,0.148207,0.0494024,0.0123506,0,0,0
61106,61132,61119,13.1,-104.477,39.9602,163.453,-56.1858,364.03,19.5577,9.66837,818.777,0.254059,0.00619973,1.57198,2.23759,1.88354,2.45002,2.28007,3.00233,3.42719,2.1951,0.297401,0.14162,0.0708098,0,0,0,0
61133,61157,61145,13.2,-104.465,39.9615,160.942,-55.7356,366.397,23.3225,10.4236,857.142,0.246693,0.00642261,2.77929,2.2352,2.63224,3.3528,2.99987,3.24986,3.51456,1.89698,0.426452,0.176463,0.058821,0,0,0,0
61158,61180,61169,13.3,-104.455,39.9627,158.431,-55.6536,368.185,23.376,10.0127,812.403,0.243412,0.00609762,2.99093,2.72358,2.82384,3.10789,2.72358,3.35853,3.14131,1.88813,0.417727,0.150382,0.0501273,0,0,0,0
61181,61206,61194,13.4,-104.445,39.9642,155.85,-55.24,370.63,26.2803,10.5261,844.305,0.240632,0.00620864,3.64539,3.43185,3.52337,3.47761,3.29458,3.24882,3.11154,1.95234,0.350811,0.183032,0.0610107,0,0,0,0
61206,61222,61214,13.5,-104.436,39.9653,153.703,-55.42,371.789,28.461,11.5146,968.357,0.252294,0.00667201,3.82422,3.72616,3.84873,4.09387,3.70165,3.50553,3.28491,1.69148,0.367713,0.269656,0.147085,0,0,0,0
61223,61237,61230,13.6,-104.43,39.9659,151.118,-55.5215,373.417,22.6675,10.0142,840.92,0.251919,0.0062853,2.58813,2.92942,3.18539,2.7019,2.67345,2.78722,3.10007,1.93399,0.483497,0.227528,0.056882,0,0,0,0
61238,61257,61248,13.7,-104.423,39.9657,148.917,-55.3542,375.279,23.7539,9.86409,811.915,0.24693,0.00595109,3.09833,3.57783,2.80325,3.11677,2.63727,2.98767,3.19054,1.65982,0.442618,0.165982,0.0737697,0,0,0,0
61258,61275,61266,13.8,-104.416,39.9656,146.563,-56.12,375.667,25.9711,10.5298,858.73,0.244658,0.00615646,3.41476,3.43373,3.43373,3.60446,3.05431,3.41476,3.33887,1.59355,0.43633,0.151767,0.0758835,0.0189709,0,0,0
61276,61296,61286,13.9,-104.409,39.9658,143.911,-56.9761,376.138,19.7361,9.0631,764.638,0.253105,0.00570744,2.11264,2.2571,2.45572,2.63629,2.32932,2.32932,3.23216,1.75151,0.433363,0.126397,0.0722271,0,0,0,0
61297,61318,61308,14,-104.401,39.9663,141.867,-57.4067,376.923,21.1253,10.0995,904.107,0.268559,0.0064584,2.31312,2.58418,2.54804,2.74683,2.52997,2.43961,3.05404,2.15047,0.343353,0.289139,0.0903561,0.0361424,0,0,0
61318,61338,61328,14.1,-104.394,39.9667,139.566,-58.17,377.359,26.387,10.0101,781.304,0.234156,0.00567732,3.51827,3.68149,3.88098,3.57268,3.31878,3.44573,2.84726,1.52337,0.398979,0.145083,0.0544062,0,0,0,0
61339,61361,61350,14.2,-104.386,39.9668,137.367,-58.7882,377.981,35.6816,11.1941,801.819,0.214886,0.0056047,5.10798,6.25134,5.98406,5.65739,4.49918,3.60825,2.76187,1.33639,0.207883,0.237581,0.0296976,0,0,0,0
61363,61389,61376,14.3,-104.378,39.9669,135.209,-58.7628,379.734,36.9023,10.7338,764.849,0.213768,0.00509266,6.56824,6.30708,6.47684,6.09815,4.46588,2.95114,2.29823,1.21441,0.339512,0.104465,0.0783488,0,0,0,0
61390,61416,61403,14.4,-104.369,39.967,133.037,-59.21,380.704,32.4097,9.09167,656.849,0.216742,0.00432686,6.78124,5.93944,5.79913,4.75467,3.10222,2.75927,1.80833,1.01329,0.187069,0.202658,0.0623563,0,0,0,0
61417,61444,61430,14.5,-104.361,39.9669,130.874,-59.3828,382.186,33.4714,10.293,755.926,0.220323,0.00517957,5.72295,5.7492,5.95922,5.00102,3.81967,3.00586,2.42832,1.28635,0.210016,0.236269,0.0525041,0,0,0,0
61444,61469,61456,14.6,-104.352,39.9666,128.739,-59.7471,383.326,30.1527,8.98212,686.889,0.229419,0.00441033,5.88279,5.75966,5.07561,4.35052,3.11924,2.57201,1.91533,0.930301,0.259937,0.177852,0.0957663,0.0136809,0,0,0
61470,61493,61482,14.7,-104.345,39.966,126.559,-60.34,384.132,28.9199,8.03066,609.919,0.227846,0.0037682,6.40912,5.41979,5.20472,4.38745,2.68122,2.00733,1.53417,0.802932,0.186395,0.172057,0.114705,0,0,0,0
61495,61519,61507,14.8,-104.338,39.9654,124.696,-61.1052,384.382,26.9522,7.58282,548.373,0.216954,0.00374783,5.59765,5.20913,5.06523,3.55429,2.6909,1.94263,1.49654,0.892171,0.302187,0.172678,0.0287797,0,0,0,0
61520,61542,61531,14.9,-104.332,39.9651,122.58,-61.3514,385.812,27.521,7.71559,589.405,0.229174,0.00366818,5.88392,5.75839,4.55023,4.14228,2.55754,1.8044,1.39645,0.988498,0.219666,0.109833,0.0784522,0.0156904,0.0156904,0,0
61543,61565,61554,15,-104.325,39.965,120.711,-61.7978,386.687,27.5146,8.0741,573.256,0.212998,0.00408448,5.34445,5.25802,4.48012,4.03355,2.80908,2.18964,1.8295,1.09482,0.360138,0.100839,0.0144055,0,0,0,0
61566,61585,61576,15.1,-104.319,39.9651,118.71,-62.3789,387.48,26.2884,8.45588,656.414,0.232885,0.00434567,4.7081,4.86562,3.79799,3.9205,3.02789,2.3628,1.99526,1.17265,0.210027,0.122516,0.105013,0,0,0,0
61586,61607,61596,15.2,-104.312,39.9657,116.752,-63.011,388.155,28.0497,8.99597,686.112,0.228806,0.00474104,5.11054,4.59449,4.92742,3.82874,3.19617,2.5303,2.21401,1.06539,0.282994,0.249701,0.0499401,0,0,0,0
61608,61632,61620,15.3,-104.304,39.9663,114.842,-63.3125,389.424,22.7079,7.75857,628.612,0.243065,0.00408969,3.73376,3.6366,3.7754,3.33124,2.88707,1.91546,1.8877,1.06877,0.235963,0.111041,0.111041,0.0138801,0,0,0
61633,61658,61646,15.4,-104.295,39.967,113.138,-63.2028,391.3,19.9614,7.4403,580.044,0.233879,0.00436027,2.73113,3.37375,2.97211,2.75791,2.12868,2.06174,2.04835,1.39234,0.348085,0.133879,0.0133879,0,0,0,0
61659,61684,61672,15.5,-104.285,39.9675,111.27,-62.7444,394.027,17.0575,6.35623,501.93,0.2369,0.00373939,2.89236,2.57717,2.52154,2.13219,1.74283,1.65013,2.05802,1.09391,0.222489,0.148326,0.0185408,0,0,0,0
61685,61711,61698,15.6,-104.275,39.968,109.337,-62.3861,396.671,17.6409,6.81324,541.873,0.238597,0.00405355,2.66716,2.76862,2.44972,2.17431,1.94239,1.72495,2.29028,1.17413,0.318899,0.101468,0.0289908,0,0,0,0
61712,61739,61726,15.7,-104.265,39.9685,107.76,-62.4464,398.214,16.1332,6.61657,552.97,0.250721,0.00401849,2.55235,2.24369,2.14872,2.04188,1.57889,1.76884,2.06562,1.3296,0.213685,0.130585,0.059357,0,0,0,0
61740,61764,61752,15.8,-104.256,39.9692,105.856,-62.6179,399.922,14.9073,6.51444,585.781,0.269761,0.00408047,2.06622,2.39904,2.06622,1.74728,1.49767,1.49767,1.83048,1.20645,0.318947,0.180275,0.0832036,0.0138673,0,0,0
61765,61788,61776,15.9,-104.247,39.9701,104.202,-62.9159,401.15,14.4711,6.35514,525.647,0.248136,0.00398891,1.94365,1.88291,1.85254,1.57921,1.45774,1.80699,2.21697,1.41218,0.151848,0.136663,0.0303695,0,0,0,0
61789,61811,61800,16,-104.239,39.9721,102.374,-61.7432,405.442,15.4302,6.36523,542.198,0.255544,0.00397662,2.66975,2.172,2.27758,1.97591,1.07092,1.448,1.93066,1.41783,0.301666,0.105583,0.0603333,0,0,0,0
61812,61833,61822,16.1,-104.232,39.9744,100.886,-61.3548,407.887,16.5174,6.60143,566.574,0.257478,0.00390917,2.68997,2.53267,2.21805,2.20232,1.49443,1.93489,1.85624,1.10116,0.251693,0.141578,0.094385,0,0,0,0
61834,61854,61844,16.2,-104.224,39.9767,99.1,-60.5825,411.462,16.1422,6.12342,511.965,0.250823,0.00352388,2.96157,2.37576,2.14795,2.05032,1.74114,1.8225,1.61096,0.992613,0.260357,0.097634,0.0650894,0.0162723,0,0,0
61855,61873,61864,16.3,-104.217,39.9788,97.6661,-59.2161,415.846,16.9824,6.12088,491.169,0.240734,0.00344207,2.89785,2.83309,2.41218,2.29885,1.66748,1.86175,1.58653,1.0361,0.259026,0.0647564,0.0647564,0,0,0,0
61874,61894,61884,16.4,-104.21,39.981,96.0488,-57.9818,420.241,15.2844,5.68704,463.742,0.244631,0.00331768,2.86904,2.61287,1.89561,1.75899,1.51991,1.48575,1.91269,0.836802,0.239086,0.102466,0.0512328,0,0,0,0
61894,61914,61904,16.5,-104.203,39.9831,94.4345,-57.787,422.657,14.8403,6.10458,515.734,0.253449,0.00368863,2.12418,2.15308,2.00858,1.87852,1.71957,1.60397,1.89297,0.997063,0.245653,0.158952,0.0578007,0,0,0,0
61915,61939,61927,16.6,-104.195,39.9852,92.9471,-57.3067,425.536,13.4135,5.95899,528.935,0.266288,0.00379122,1.86718,1.93583,1.83972,1.53768,1.53768,1.22191,1.77108,1.18072,0.274586,0.178481,0.0686464,0,0,0,0
61941,61967,61954,16.7,-104.185,39.9873,91.2896,-57.7654,426.812,11.5646,5.60513,492.209,0.263442,0.00361392,1.49221,1.28763,1.32373,1.17933,1.11916,1.52831,2.25035,0.974748,0.228645,0.120339,0.0481357,0.0120339,0,0,0
