api/src/app/data/B2SAP/Locations/Boulder/NOAA-POPS-B2SAP_GMLBalloon_20200312_R0.ict
61,1001
Thornberry, T. D.
NOAA Chemical Sciences Laboratory
Portable Optical Particle Spectrometer (POPS)
Balloon Baseline Stratospheric Aerosol Profiles (B2SAP)
1,1
2020,03,12,2024,05,30
0
TIME_START,s,Seconds since midnight UTC on flight start day,Start time of 100 m altitude bin in UTC_seconds_since_midnight
28
1.0,1.0,1.0,1.0,1.0,1.0,1.0,1.0,1.0,1.0,1.0,1.0,1.0,1.0,1.0,1.0,1.0,1.0,1.0,1.0,1.0,1.0,1.0,1.0,1.0,1.0,1.0,1.0
99999,99999,99999,99999,99999,99999,99999,99999,99999,99999,99999,99999,99999,99999,99999,99999,99999,99999,99999,99999,99999,99999,99999,99999,99999,99999,99999,99999
TIME_STOP,s,End time of 100 m altitude bin in UTC seconds since midnight,
TIME_MID,s,Mid time of 100 m altitude in UTC seconds since midnight,
GPSAlt,m,GPS reported altitude above sea level (m),
GPS_Lon,deg,GPS reported longitude,
GPS_Lat,deg,GPS reported latitude,
iMet_Pressure,mb,Pressure reported (mB),
iMet_Temperature,degrees C,Ambient temperature (oC),
THETA,K,Potential temperature from iMet,
Aerosol_concentration,cm^-3,Aerosol concentration,
Surface_Area_Conc,um^2 cm^-3,Surface area concentration,
Volume_density,um^3 cm^-3,Volume density,
Effective_radius,um,Effective radius,
Extinction,km^-1,Extinction,
Bin01,cm^-3,particle concentration in size range [140 - 170 nm],
Bin02,cm^-3,particle concentration in size range [170 - 205 nm],
Bin03,cm^-3,particle concentration in size range [205 - 249 nm],
Bin04,cm^-3,particle concentration in size range [249 - 302 nm],
Bin05,cm^-3,particle concentration in size range [302 - 366 nm],
Bin06,cm^-3,particle concentration in size range [366 - 443 nm],
Bin07,cm^-3,particle concentration in size range [443 - 537 nm],
Bin08,cm^-3,particle concentration in size range [537 - 651 nm],
Bin09,cm^-3,particle concentration in size range [651 - 789 nm],
Bin10,cm^-3,particle concentration in size range [789 - 956 nm],
Bin11,cm^-3,particle concentration in size range [956 - 1159 nm],
Bin12,cm^-3,particle concentration in size range [1159 - 1404 nm],
Bin13,cm^-3,particle concentration in size range [1404 - 1702 nm],
Bin14,cm^-3,particle concentration in size range [1702 - 2062 nm],
Bin15,cm^-3,particle concentration in size range [2062 - 2500 nm],
0
19
PI_CONTACT_INFO: 325 Broadway R/CSL6, Boulder, CO 80305; troy.thornberry@noaa.gov; 303-497-3373 
PLATFORM: GML ECC/FPH balloon
LOCATION: Boulder, CO, USA
ASSOCIATED_DATA: N/A
INSTRUMENT_INFO: Printed Optical Particle Spectrometer counts particles from 140 - 2500 nm in diameter 
DATA_INFO: Particle concentrations reported in number per cubic centimeter, binned to 100 m altitude
UNCERTAINTY: Counting uncertainty dominated by air flow, less than 5 percent
ULOD_FLAG: -77777
ULOD_VALUE: 3000 ~3000 per cm3 (varies depending on flow rate- manufacturer quotes 1250  per cm3 at 1.667 cc/s)
LLOD_FLAG: -88888
LLOD_VALUE: 0 0 (varies depending on data field and measurement precision)
DM_CONTACT_INFO: Troy Thornberry, 325 Broadway R/CSL6, Boulder, CO 80305; troy.thornberry@noaa.gov; 303-497-3373
PROJECT_INFO: B2SAP Boulder, CO, USA
STIPULATIONS_ON_USE: Please contact the PIs for questions regarding applications and uncertainties
OTHER_COMMENTS: POPS bin Edges (nm):  140, 170, 205, 249, 302, 366, 443, 537, 651, 789, 956, 1159, 1404, 1702, 2062, 2500
Calculations assume sulfate refractive index of 1.45+0.00j and extinction wavelength = 532 nm
REVISION: R0
R0: QA/QC data
TIME_START,TIME_STOP,TIME_MID,GPSAlt,GPS_Lon,GPS_Lat,iMet_Pressure,iMet_Temperature,THETA,Aerosol_concentration,Surface_Area_Conc,Volume_density,Effective_radius,Extinction,Bin01,Bin02,Bin03,Bin04,Bin05,Bin06,Bin07,Bin08,Bin09,Bin10,Bin11,Bin12,Bin13,Bin14,Bin15
[from data line 228]
63524,63538,63531,24.6,-103.927,40.0146,25.2592,-60.1369,609.345,1.88478,0.79784,73.6655,0.276994,0.000464804,0.310154,0.23858,0.23858,0.262438,0.262438,0.190864,0.167006,0.143148,0.047716,0,0.023858,0,0,0,0
63539,63556,63548,24.7,-103.925,40.0158,24.4981,-60.3356,614.124,2.03931,0.719558,54.4649,0.227077,0.000406305,0.316786,0.395983,0.23759,0.23759,0.277188,0.197991,0.23759,0.0989957,0.0197991,0.0197991,0,0,0,0,0
63557,63578,63568,24.8,-103.923,40.0166,23.98,-59.2836,620.924,2.07764,0.788754,57.5072,0.218727,0.000442878,0.243585,0.257914,0.257914,0.343885,0.272242,0.300899,0.214928,0.157614,0.0286571,0,0,0,0,0,0
63579,63604,63592,24.9,-103.92,40.017,23.8045,-58.9523,623.203,1.82786,0.820755,61.9148,0.226309,0.000494169,0.190097,0.190097,0.175475,0.160852,0.20472,0.380195,0.394818,0.10236,0.0292458,0,0,0,0,0,0
63605,63633,63619,25,-103.918,40.0165,23.43,-58.8356,626.382,2.22189,1.07162,92.0694,0.257749,0.000674719,0.27475,0.179185,0.215022,0.262805,0.322533,0.334479,0.346424,0.215022,0.0477827,0.0119457,0.0119457,0,0,0,0
63634,63664,63649,25.1,-103.916,40.0155,23.1234,-57.8831,631.518,1.66876,0.675013,49.2097,0.218706,0.000387078,0.180407,0.101479,0.315712,0.225509,0.191682,0.248059,0.248059,0.157856,0,0,0,0,0,0,0
63669,63701,63685,25.2,-103.911,40.0152,22.7485,-56.5267,638.493,1.94858,0.833259,64.639,0.232721,0.000512839,0.308194,0.188893,0.218718,0.178951,0.268427,0.218718,0.387728,0.149126,0.0198835,0.00994175,0,0,0,0,0
63702,63731,63716,25.3,-103.906,40.0157,22.2372,-55.9296,644.414,2.00837,0.973844,84.3929,0.259979,0.000604447,0.187448,0.200837,0.241005,0.187448,0.30795,0.281172,0.401674,0.133891,0.0401674,0.0133891,0.0133891,0,0,0,0
63732,63752,63742,25.4,-103.903,40.0163,22.0183,-56.3778,644.911,1.99798,0.736049,53.3194,0.21732,0.000414487,0.410799,0.224072,0.168054,0.242745,0.261418,0.28009,0.261418,0.130709,0.0186727,0,0,0,0,0,0
63753,63775,63764,25.5,-103.899,40.0165,21.74,-56.4525,647.037,1.39984,0.675827,54.2541,0.240835,0.000447018,0.17141,0.17141,0.0857048,0.17141,0.142841,0.142841,0.314251,0.17141,0.0285683,0,0,0,0,0,0
63776,63791,63784,25.6,-103.897,40.0168,21.146,-56.4373,652.222,1.67923,0.845467,69.4714,0.246508,0.000576767,0.161022,0.138019,0.299042,0.161022,0.0920129,0.161022,0.391055,0.230032,0.0460064,0,0,0,0,0,0
63792,63806,63799,25.7,-103.895,40.0173,20.7453,-56.8647,654.493,2.06451,1.02434,88.5431,0.259318,0.000694838,0.328446,0.211144,0.164223,0.211144,0.187683,0.258064,0.422287,0.211144,0.0234604,0.0469208,0,0,0,0,0
63807,63823,63815,25.8,-103.894,40.0183,20.5813,-56.9338,655.779,1.64274,0.766062,62.1839,0.24352,0.000482473,0.199793,0.155395,0.199793,0.133195,0.133195,0.399586,0.244191,0.133195,0.0221992,0.0221992,0,0,0,0,0
63824,63840,63832,25.9,-103.893,40.0195,20.31,-57.2824,657.206,1.51881,0.642999,50.7447,0.236756,0.000386872,0.126567,0.210946,0.189851,0.168757,0.295324,0.168757,0.189851,0.147662,0,0.0210946,0,0,0,0,0
63841,63855,63848,26,-103.891,40.0211,20.1507,-57.9007,656.794,1.43773,0.77364,64.8423,0.251444,0.000543917,0.209124,0.182984,0.0784215,0.0261405,0.130703,0.182984,0.392108,0.182984,0.052281,0,0,0,0,0,0
63860,63880,63870,26.1,-103.89,40.0227,19.5415,-58.148,661.827,1.70709,0.778273,59.7263,0.230226,0.000489889,0.256981,0.201913,0.110135,0.146846,0.146846,0.256981,0.403827,0.183558,0,0,0,0,0,0,0
63881,63903,63892,26.2,-103.887,40.0242,19.1318,-58.4186,665.01,1.36199,0.646666,59.7564,0.277221,0.000404636,0.221323,0.136199,0.204298,0.153223,0.0851242,0.119174,0.272397,0.136199,0.0170248,0,0.0170248,0,0,0,0
63904,63931,63918,26.3,-103.884,40.0258,18.9645,-57.0332,670.98,1.5412,0.726901,60.021,0.247713,0.000473832,0.222617,0.136995,0.102746,0.205493,0.222617,0.188369,0.256866,0.15412,0.0342488,0.0171244,0,0,0,0,0
63932,63955,63944,26.4,-103.88,40.0269,18.6527,-56.0105,677.356,1.67174,0.71374,55.3011,0.232442,0.000445675,0.241282,0.206813,0.189579,0.15511,0.224048,0.206813,0.206813,0.224048,0.0172344,0,0,0,0,0,0
63956,63975,63966,26.5,-103.876,40.0275,18.208,-54.147,687.896,1.74243,0.82298,64.8964,0.236566,0.000530851,0.325509,0.134033,0.0382952,0.248919,0.095738,0.287214,0.440395,0.134033,0.0382952,0,0,0,0,0,0
63978,63994,63986,26.6,-103.873,40.0284,17.95,-53.5953,692.434,1.66508,0.735142,57.6685,0.235336,0.000470474,0.256167,0.204933,0.1537,0.204933,0.128083,0.179317,0.333017,0.179317,0.0256167,0,0,0,0,0,0
63995,64011,64003,26.7,-103.87,40.0294,17.7579,-53.3686,695.296,1.6288,0.652945,46.416,0.213262,0.000362742,0.252745,0.140414,0.112331,0.168497,0.280828,0.280828,0.308911,0.0842484,0,0,0,0,0,0,0
64012,64029,64020,26.8,-103.867,40.0301,17.4021,-53.4157,699.184,1.12355,0.485351,41.6433,0.257401,0.000310367,0.112355,0.168533,0.196622,0.168533,0.0561777,0.168533,0.140444,0.0561777,0.0280888,0.0280888,0,0,0,0,0
64029,64046,64038,26.9,-103.864,40.0302,16.9978,-52.7828,705.914,1.1965,0.443112,33.0491,0.223752,0.000260619,0.221574,0.221574,0.0664721,0.177259,0.110787,0.110787,0.199416,0.0664721,0.0221574,0,0,0,0,0,0
64050,64068,64059,27,-103.861,40.0299,16.795,-51.8794,711.226,1.11975,0.420036,31.4778,0.224822,0.000246498,0.223949,0.0895797,0.156764,0.111975,0.223949,0.0671848,0.13437,0.0895797,0.0223949,0,0,0,0,0,0
64072,64171,64122,27.1,-103.856,40.0279,16.5,-51.5059,716.107,1.11337,0.401054,29.3023,0.219189,0.000228475,0.199567,0.168056,0.168056,0.115539,0.0630212,0.17856,0.126042,0.0840282,0.0105035,0,0,0,0,0,0
64111,64162,64136,27.2,-103.853,40.0264,16.1668,-50.5605,723.328,1.06492,0.390152,30.6056,0.235336,0.000235685,0.235603,0.20733,0.113089,0.0659688,0.084817,0.122513,0.16021,0.0471205,0.0188482,0.00942411,0,0,0,0,0
63666,64461,64064,25.2,-103.832,40.0261,22.5008,-53.7285,648.807,1.8037,0.808094,61.2588,0.227419,0.000489796,0.156844,0.209125,0.182984,0.209125,0.182984,0.339828,0.365969,0.130703,0.0261406,0,0,0,0,0,0
64080,64187,64134,27.1,-103.85,40.0255,16.4621,-49.8816,721.812,1.16456,0.469665,35.6909,0.227977,0.000284501,0.215659,0.0646978,0.150962,0.194094,0.129396,0.0862638,0.215659,0.0862638,0.0215659,0,0,0,0,0,0
64188,64207,64198,27,-103.846,40.0235,16.56,-49.3136,722.394,0.86769,0.375474,26.8062,0.214179,0.000207689,0.057846,0.028923,0.086769,0.173538,0.115692,0.202461,0.144615,0.057846,0,0,0,0,0,0,0
64210,64227,64218,26.9,-103.843,40.0226,16.65,-48.9671,722.398,1.08267,0.445854,33.6425,0.226369,0.000279267,0.170948,0.227931,0.0854741,0.0854741,0.0569827,0.0284914,0.370388,0.0569827,0,0,0,0,0,0,0
64233,64249,64241,26.8,-103.839,40.022,16.8956,-48.7488,720.071,1.19547,0.516999,41.8344,0.242754,0.000336175,0.17434,0.17434,0.0996227,0.17434,0.149434,0.0996227,0.149434,0.124528,0.0498114,0,0,0,0,0,0
64252,64273,64262,26.7,-103.835,40.0219,17.2724,-48.95,714.921,1.57739,0.634295,49.1923,0.232662,0.000394552,0.300455,0.187784,0.169006,0.187784,0.187784,0.11267,0.262898,0.131449,0.0375568,0,0,0,0,0,0
64274,64293,64284,26.6,-103.832,40.0226,17.783,-50.5355,703.974,1.70022,0.859867,71.1377,0.248193,0.000563593,0.136799,0.0390855,0.254056,0.234513,0.254056,0.21497,0.332227,0.175885,0.0390855,0.0195428,0,0,0,0,0
64294,64311,64302,26.5,-103.828,40.0234,17.9773,-50.0873,703.201,1.58564,0.726037,58.2116,0.240532,0.000470274,0.103976,0.25994,0.207952,0.155964,0.207952,0.181958,0.233946,0.181958,0.0519881,0,0,0,0,0,0
64312,64327,64320,26.4,-103.825,40.0237,18.138,-52.5993,693.516,1.68918,0.905846,74.5811,0.246999,0.000612698,0.103949,0.233886,0.0519747,0.155924,0.207899,0.285861,0.415797,0.155924,0.077962,0,0,0,0,0,0
64328,64340,64334,26.3,-103.823,40.0241,18.7275,-53.4333,684.625,1.21722,0.658269,52.7127,0.240233,0.000432562,0.0640642,0.0960964,0.0320321,0.128128,0.224225,0.192193,0.320321,0.128128,0.0320321,0,0,0,0,0,0
64341,64354,64348,26.2,-103.821,40.0248,19.32,-54.4438,675.419,2.22785,1.27447,112.556,0.264948,0.000919651,0.207933,0.178228,0.207933,0.297047,0.148524,0.207933,0.534685,0.326752,0.0891142,0.0297047,0,0,0,0,0
64355,64366,64360,26.1,-103.819,40.0255,19.4658,-54.8425,672.733,1.32166,0.768377,71.2789,0.278297,0.000566603,0.15734,0.062936,0.220276,0.125872,0.031468,0.220276,0.251744,0.125872,0.0944041,0.031468,0,0,0,0,0
64367,64378,64372,26,-103.818,40.0263,19.6009,-55.6991,668.779,1.50917,0.744858,59.3396,0.238997,0.000488091,0.102898,0.240096,0.0685989,0.240096,0.0685989,0.205797,0.411593,0.137198,0.0342994,0,0,0,0,0,0
64379,64389,64384,25.9,-103.817,40.0272,19.85,-55.7255,666.298,1.71074,0.847755,68.6874,0.243068,0.000561476,0.136859,0.205289,0.205289,0.136859,0.171074,0.239503,0.410577,0.136859,0.0684295,0,0,0,0,0,0
64390,64400,64395,25.8,-103.816,40.0278,20.1073,-55.2227,665.373,1.76351,0.853912,75.5238,0.265333,0.000590123,0.0665475,0.332738,0.332738,0.232916,0.0998213,0.199643,0.166369,0.232916,0.0665475,0.0332738,0,0,0,0,0
64401,64411,64406,25.7,-103.814,40.0282,20.5,-54.943,662.567,2.1567,0.941244,72.9836,0.232618,0.000587415,0.25588,0.402097,0.146217,0.182771,0.182771,0.402097,0.328988,0.219325,0.0365542,0,0,0,0,0,0
64412,64421,64416,25.6,-103.813,40.0285,20.9944,-55.1467,657.445,1.0378,0.529829,44.1205,0.249819,0.000367651,0.0798306,0.119746,0.199576,0.0798306,0.0399153,0.0798306,0.279407,0.119746,0.0399153,0,0,0,0,0,0
64422,64431,64426,25.5,-103.812,40.0287,21.363,-55.595,652.857,1.81995,0.757278,59.1472,0.234315,0.000478685,0.249797,0.214112,0.392538,0.142741,0.107056,0.178427,0.321168,0.178427,0.0356853,0,0,0,0,0,0
64432,64441,64436,25.4,-103.81,40.029,21.636,-54.693,653.178,1.95067,0.960839,77.9856,0.243492,0.000646995,0.3192,0.141867,0.141867,0.2128,0.2128,0.177334,0.4256,0.283734,0.0354667,0,0,0,0,0,0
64442,64451,64446,25.3,-103.809,40.0292,21.927,-53.495,654.255,1.58525,0.898307,77.7209,0.259558,0.000620837,0.137848,0.206771,0.0344619,0.0689238,0.206771,0.344619,0.275695,0.275695,0,0.0344619,0,0,0,0,0
64463,64472,64468,25.1,-103.807,40.0295,22.8914,-54.7429,642.599,1.57459,0.779547,57.8506,0.222632,0.000464106,0.147617,0.0492058,0.0984116,0.0984116,0.196823,0.492058,0.393646,0.0984116,0,0,0,0,0,0,0
64472,64479,64476,25,-103.806,40.0295,23.2171,-53.5643,643.438,1.87278,0.91374,79.2739,0.260273,0.000603754,0.0480199,0.288119,0.288119,0.240099,0.240099,0.240099,0.288119,0.14406,0.0480199,0.0480199,0,0,0,0,0
64482,64491,64486,24.9,-103.805,40.0294,23.365,-52.653,644.946,1.86214,0.803142,63.5533,0.237393,0.000511383,0.26602,0.13301,0.332525,0.232768,0.199515,0.13301,0.365778,0.13301,0.0665051,0,0,0,0,0,0
64492,64500,64496,24.8,-103.805,40.0293,23.9125,-55.3275,632.934,2.27368,0.815593,59.9381,0.220471,0.000465037,0.454735,0.289377,0.289377,0.330717,0.124019,0.330717,0.289377,0.124019,0.0413396,0,0,0,0,0,0
64501,64511,64506,24.7,-103.804,40.0291,24.4655,-54.3873,631.523,1.76622,0.697502,51.4405,0.221249,0.000407739,0.299359,0.14968,0.269423,0.209551,0.119744,0.299359,0.239487,0.179616,0,0,0,0,0,0,0
64512,64520,64516,24.6,-103.803,40.0292,25.0075,-53.8862,629.005,1.88229,0.767137,55.4611,0.216888,0.00043749,0.240292,0.200244,0.200244,0.240292,0.160195,0.360438,0.360438,0.120146,0,0,0,0,0,0,0
64521,64530,64526,24.5,-103.802,40.0296,25.2763,-54.59,625.084,1.808,0.680268,49.8126,0.219675,0.000395615,0.441955,0.160711,0.120533,0.241066,0.200889,0.200889,0.281244,0.160711,0,0,0,0,0,0,0
64531,64540,64536,24.4,-103.801,40.0302,25.795,-55.7025,618.314,2.72943,0.991309,71.1238,0.215242,0.000551261,0.356013,0.474684,0.474684,0.158228,0.276899,0.39557,0.474684,0.079114,0.039557,0,0,0,0,0,0
64541,64550,64546,24.3,-103.8,40.0311,26.151,-55.512,616.422,1.82836,0.690313,50.9096,0.221246,0.000396555,0.252188,0.220665,0.252188,0.220665,0.346759,0.126094,0.252188,0.126094,0.0315235,0,0,0,0,0,0
64551,64560,64556,24.2,-103.799,40.0319,26.5156,-55.5922,613.774,2.00052,0.838884,65.5966,0.234585,0.000542507,0.517375,0.20695,0.137967,0.20695,0.103475,0.172458,0.379408,0.275933,0,0,0,0,0,0,0
64561,64570,64566,24.1,-103.798,40.0326,27.1389,-55.4589,610.076,2.25741,0.966166,75.5789,0.234677,0.000573041,0.171016,0.273626,0.239423,0.376235,0.342032,0.273626,0.410439,0.136813,0,0.0342032,0,0,0,0,0
64571,64580,64576,24,-103.797,40.0333,27.4389,-55.0967,609.185,2.58916,1.03274,79.9406,0.23222,0.000602388,0.36988,0.36988,0.168127,0.336254,0.470756,0.336254,0.302629,0.201753,0,0.0336254,0,0,0,0,0
64581,64591,64586,23.9,-103.796,40.0337,27.9456,-55.4322,605.075,2.70716,1.0004,74.0543,0.222073,0.000588936,0.601592,0.300796,0.300796,0.36764,0.233952,0.267374,0.334218,0.300796,0,0,0,0,0,0,0
64592,64601,64596,23.8,-103.795,40.034,28.5078,-56.4978,598.701,2.62024,0.876806,64.1332,0.219432,0.000456795,0.364844,0.464347,0.331676,0.398011,0.364844,0.331676,0.232173,0.0995028,0,0.0331676,0,0,0,0,0
64602,64612,64607,23.7,-103.794,40.0343,28.8356,-57.4833,594.019,2.87012,1.05473,76.7659,0.218347,0.00058006,0.362889,0.296909,0.428868,0.461858,0.428868,0.362889,0.395878,0.0329899,0.0989696,0,0,0,0,0,0
64613,64620,64616,23.6,-103.793,40.0345,29.2488,-57.2712,592.196,2.56685,0.921767,69.7849,0.227123,0.000516176,0.256685,0.403363,0.55004,0.330024,0.330024,0.110008,0.476701,0.0733387,0,0.0366693,0,0,0,0,0
64622,64629,64626,23.5,-103.792,40.0348,29.5571,-57.3671,590.17,1.99061,0.728434,51.2189,0.210941,0.00039996,0.165884,0.37324,0.331769,0.290298,0.0829422,0.248827,0.414711,0.0829422,0,0,0,0,0,0,0
64630,64637,64634,23.4,-103.791,40.035,30.2229,-56.9543,587.538,3.25983,1.40778,136.792,0.291505,0.000868193,0.495164,0.701482,0.495164,0.288845,0.247582,0.288845,0.330109,0.288845,0.0412636,0.0412636,0.0412636,0,0,0,0
64639,64646,64642,23.3,-103.79,40.0352,30.7288,-57.5125,583.261,2.73651,1.25398,106.231,0.254146,0.000830426,0.39093,0.355391,0.284313,0.319852,0.284313,0.355391,0.39093,0.213235,0.106617,0.0355391,0,0,0,0,0
64648,64654,64651,23.2,-103.788,40.0356,31.3571,-58.6529,576.818,2.85568,1.00823,70.6732,0.21029,0.000542836,0.321767,0.402209,0.48265,0.321767,0.563092,0.0804417,0.603313,0.0402209,0.0402209,0,0,0,0,0,0
64656,64663,64660,23.1,-103.787,40.0361,31.87,-58.11,575.611,2.86142,0.920033,62.8123,0.204815,0.000474775,0.488536,0.523431,0.314059,0.418745,0.348954,0.279163,0.314059,0.174477,0,0,0,0,0,0,0
64664,64671,64668,23,-103.785,40.0365,32.4813,-58.08,572.567,3.30645,1.29931,99.2582,0.229178,0.000785555,0.482191,0.378864,0.551076,0.378864,0.447749,0.275538,0.413307,0.30998,0.0688844,0,0,0,0,0,0
64672,64680,64676,22.9,-103.784,40.0369,32.8878,-58.2889,569.99,2.70653,0.996631,75.3492,0.226811,0.000588077,0.547387,0.273694,0.425746,0.334514,0.273694,0.243283,0.425746,0.0912312,0.0912312,0,0,0,0,0,0
64681,64689,64685,22.8,-103.783,40.0372,33.39,-58.2214,567.7,2.99635,1.25358,94.0894,0.225169,0.000758918,0.345733,0.422563,0.384148,0.345733,0.230489,0.384148,0.576222,0.307318,0,0,0,0,0,0,0
64690,64697,64694,22.7,-103.782,40.0374,34.0388,-58.7,563.339,3.99742,1.76143,147.549,0.251301,0.00110318,0.470284,0.503876,0.470284,0.470284,0.57106,0.537468,0.604651,0.235142,0.0335917,0.100775,0,0,0,0,0
64698,64704,64701,22.6,-103.782,40.0377,34.4986,-59.0643,560.222,3.06048,1.39494,115.346,0.248067,0.000912426,0.420816,0.38256,0.267792,0.420816,0.38256,0.229536,0.535584,0.344304,0.038256,0.038256,0,0,0,0,0
64706,64715,64710,22.5,-103.781,40.038,35.2013,-58.3225,558.935,3.68202,1.17648,79.0774,0.201647,0.000573689,0.493128,0.427378,0.657504,0.591754,0.624629,0.460253,0.197251,0.197251,0.0328752,0,0,0,0,0,0
64716,64723,64720,22.4,-103.781,40.0382,35.6567,-57.785,558.286,3.56207,1.56728,130.277,0.24937,0.0010265,0.564718,0.434398,0.347519,0.608158,0.304079,0.304079,0.434398,0.477838,0.0434398,0.0434398,0,0,0,0,0
64725,64734,64730,22.3,-103.78,40.0385,36.207,-56.849,558.25,2.94615,1.06194,76.2687,0.215461,0.000590369,0.38428,0.461136,0.461136,0.409899,0.230568,0.38428,0.409899,0.179331,0.0256187,0,0,0,0,0,0
64735,64744,64740,22.2,-103.78,40.0386,37.0322,-56.5144,555.534,3.31123,1.44997,110.647,0.228929,0.000893284,0.22449,0.505103,0.505103,0.252552,0.420919,0.392858,0.64541,0.336735,0.0280613,0,0,0,0,0,0
