api/src/app/data/B2SAP/Locations/Boulder/NOAA-POPS-B2SAP_GMLBalloon_20231117_R0.ict
82,1001
Thornberry, T. D.
NOAA Chemical Sciences Laboratory
Portable Optical Particle Spectrometer (POPS)
Balloon Baseline Stratospheric Aerosol Profiles (B2SAP)
1,1
2023,11,17,2024,05,30
0
TIME_START,s,Seconds since midnight UTC on flight start day,Start time of 100 m altitude bin in UTC_seconds_since_midnight
49
1.0,1.0,1.0,1.0,1.0,1.0,1.0,1.0,1.0,1.0,1.0,1.0,1.0,1.0,1.0,1.0,1.0,1.0,1.0,1.0,1.0,1.0,1.0,1.0,1.0,1.0,1.0,1.0,1.0,1.0,1.0,1.0,1.0,1.0,1.0,1.0,1.0,1.0,1.0,1.0,1.0,1.0,1.0,1.0,1.0,1.0,1.0,1.0,1.0
99999,99999,99999,99999,99999,99999,99999,99999,99999,99999,99999,99999,99999,99999,99999,99999,99999,99999,99999,99999,99999,99999,99999,99999,99999,99999,99999,99999,99999,99999,99999,99999,99999,99999,99999,99999,99999,99999,99999,99999,99999,99999,99999,99999,99999,99999,99999,99999,99999
TIME_STOP,s,End time of 100 m altitude bin in UTC seconds since midnight,
TIME_MID,s,Mid time of 100 m altitude in UTC seconds since midnight,
GPSAlt,km,GPS reported altitude above sea level (km),
GPS_Lon,deg,GPS reported longitude,
GPS_Lat,deg,GPS reported latitude,
iMet_Pressure,hPa,Pressure reported (hPa),
iMet_Temperature,degrees C,Ambient temperature (oC),
THETA,K,Potential temperature from iMet,
Aerosol_concentration,cm^-3,Aerosol concentration,
Surface_Area_Conc,um^2 cm^-3,Surface area concentration,
Volume_density,um^3 cm^-3,Volume density,
Effective_radius,um,Effective radius,
Extinction,km^-1,Extinction,
Bin01,cm^-3,particle concentration in size range [140 - 146.14 nm],
Bin02,cm^-3,particle concentration in size range [146.14 - 152.56 nm],
Bin03,cm^-3,particle concentration in size range [152.56 - 159.25 nm],
Bin04,cm^-3,particle concentration in size range [159.25 - 166.24 nm],
Bin05,cm^-3,particle concentration in size range [166.24 - 173.54 nm],
Bin06,cm^-3,particle concentration in size range [173.54 - 181.16 nm],
Bin07,cm^-3,particle concentration in size range [181.16 - 189.11 nm],
Bin08,cm^-3,particle concentration in size range [189.11 - 197.41 nm],
Bin09,cm^-3,particle concentration in size range [197.41 - 206.07 nm],
Bin10,cm^-3,particle concentration in size range [206.07 - 215.12 nm],
Bin11,cm^-3,particle concentration in size range [215.12 - 224.56 nm],
Bin12,cm^-3,particle concentration in size range [224.56 - 234.41 nm],
Bin13,cm^-3,particle concentration in size range [234.41 - 244.70 nm],
Bin14,cm^-3,particle concentration in size range [244.70 - 361.30 nm],
Bin15,cm^-3,particle concentration in size range [361.30 - 472.80 nm],
Bin16,cm^-3,particle concentration in size range [472.80 - 567.00 nm],
Bin17,cm^-3,particle concentration in size range [567.00 - 610.66 nm],
Bin18,cm^-3,particle concentration in size range [610.66 - 657.69 nm],
Bin19,cm^-3,particle concentration in size range [657.69 - 708.33 nm],
Bin20,cm^-3,particle concentration in size range [708.33 - 762.88 nm],
Bin21,cm^-3,particle concentration in size range [762.88 - 821.62 nm],
Bin22,cm^-3,particle concentration in size range [821.62 - 884.89 nm],
Bin23,cm^-3,particle concentration in size range [884.89 - 953.03 nm],
Bin24,cm^-3,particle concentration in size range [953.03 - 1026.42 nm],
Bin25,cm^-3,particle concentration in size range [1026.42 - 1105.46 nm],
Bin26,cm^-3,particle concentration in size range [1105.46 - 1190.59 nm]],
[...]
LOCATION: Boulder, CO, USA
ASSOCIATED_DATA: N/A
INSTRUMENT_INFO: Printed Optical Particle Spectrometer counts particles from 140 - 2500 nm in diameter 
DATA_INFO: Particle concentrations reported in number per cubic centimeter, binned to 100 m altitude
UNCERTAINTY: Counting uncertainty dominated by air flow, less than 5 percent
ULOD_FLAG: -77777
ULOD_VALUE: 3000 ~3000 per cm3 (varies depending on flow rate- manufacturer quotes 1250  per cm3 at 1.667 cc/s)
LLOD_FLAG: -88888
LLOD_VALUE: 0 0 (varies depending on data field and measurement precision)
DM_CONTACT_INFO: Troy Thornberry, 325 Broadway R/CSL6, Boulder, CO 80305; troy.thornberry@noaa.gov; 303-497-3373
PROJECT_INFO: B2SAP Boulder, CO, USA
STIPULATIONS_ON_USE: Please contact the PIs for questions regarding applications and uncertainties
OTHER_COMMENTS: POPS bin Edges (nm):  140, 146.14, 152.56, 159.25, 166.24, 173.54, 181.16, 189.11, 197.41, 206.07, 215.12, 224.56, 234.41, 244.70, 361.30, 472.80, 567.00, 610.66, 657.69, 708.33, 762.88, 821.62, 884.89, 953.03, 1026.42, 1105.46, 1190.59, 1282.27, 1381.01, 1487.36, 1601.89, 1725.25, 1858.10, 2001.18, 2155.28, 2321.25, 2500
Calculations assume sulfate refractive index of 1.45+0.00j and extinction wavelength = 532 nm
REVISION: R0
R0: QA/QC data
TIME_START,TIME_STOP,TIME_MID,GPSAlt,GPS_Lon,GPS_Lat,iMet_Pressure,iMet_Temperature,THETA,Aerosol_concentration,Surface_Area_Conc,Volume_density,Effective_radius,Extinction,Bin01,Bin02,Bin03,Bin04,Bin05,Bin06,Bin07,Bin08,Bin09,Bin10,Bin11,Bin12,Bin13,Bin14,Bin15,Bin16,Bin17,Bin18,Bin19,Bin20,Bin21,Bin22,Bin23,Bin24,Bin25,Bin26,Bin27,Bin28,Bin29,Bin30,Bin31,Bin32,Bin33,Bin34,Bin35,Bin36
[from data line 210]
42323,42348,42336,24.1,-104.191,39.8193,29.4162,-58.2643,588.513,1.40603,0.219368,9.93826,0.135912,4.90757e-05,0.162681,0.162681,0.0929606,0.139441,0.139441,0.0581004,0.0348602,0.0929606,0.0116201,0.0464803,0.0697204,0.0464803,0.0232401,0.255642,0.0581004,0.0116201,0,0,0,0,0,0,0,0,0,0,0,0,0,0,0,0,0,0,0,0
42349,42373,42361,24.2,-104.188,39.8186,28.9727,-58.4455,590.571,1.46553,0.367304,25.7058,0.209955,0.000186997,0.199845,0.122128,0.0555126,0.144333,0.111025,0.111025,0.0777176,0.0555126,0.0111025,0.0444101,0.0111025,0.0888201,0,0.17764,0.0888201,0.111025,0.0333075,0.0111025,0,0,0,0.0111025,0,0,0,0,0,0,0,0,0,0,0,0,0,0
42375,42398,42386,24.3,-104.186,39.818,28.5048,-58.6352,592.805,1.48514,0.235747,11.2347,0.142968,6.06932e-05,0.247523,0.123761,0.123761,0.0900083,0.146264,0.0225021,0.0900083,0.0900083,0.0675062,0.0337531,0.0562552,0.0450042,0.0450042,0.21377,0.0562552,0.0337531,0,0,0,0,0,0,0,0,0,0,0,0,0,0,0,0,0,0,0,0
42399,42418,42408,24.4,-104.184,39.8175,28.0606,-59.3272,593.546,1.42203,0.244861,12.4001,0.151924,7.21984e-05,0.140922,0.217789,0.1153,0.0512444,0.128111,0.0512444,0.0384333,0.0384333,0.102489,0.140922,0.0384333,0.0640555,0,0.153733,0.102489,0.0384333,0,0,0,0,0,0,0,0,0,0,0,0,0,0,0,0,0,0,0,0
42419,42434,42426,24.5,-104.182,39.8169,27.5854,-59.8854,594.894,1.22537,0.163383,6.87862,0.126304,3.15381e-05,0.198221,0.162181,0.0540602,0.0720803,0.0901004,0.0901004,0.0540602,0.126141,0.0720803,0.0180201,0.0720803,0.0360402,0.0360402,0.10812,0.0180201,0.0180201,0,0,0,0,0,0,0,0,0,0,0,0,0,0,0,0,0,0,0,0
42436,42450,42443,24.6,-104.18,39.8163,27.1547,-60.5167,595.804,1.19725,0.165475,7.50899,0.136135,3.93387e-05,0.252052,0.126026,0.0945195,0.0945195,0.063013,0.063013,0.110273,0.063013,0.063013,0.0315065,0.0315065,0.0315065,0,0.126026,0.0157533,0.0315065,0,0,0,0,0,0,0,0,0,0,0,0,0,0,0,0,0,0,0,0
42452,42465,42458,24.7,-104.178,39.8156,26.7425,-61.0058,597.04,1.17459,0.238061,13.1365,0.165544,8.32441e-05,0.11945,0.139359,0.0995419,0.0597251,0.0597251,0.0796335,0.0597251,0.0199084,0.0796335,0.0199084,0.0199084,0.0199084,0.0199084,0.2389,0.0796335,0.0597251,0,0,0,0,0,0,0,0,0,0,0,0,0,0,0,0,0,0,0,0
42466,42482,42474,24.8,-104.176,39.8147,26.3487,-60.3947,601.303,1.34932,0.203716,9.55086,0.140649,5.0985e-05,0.273077,0.14457,0.0963801,0.128507,0.112443,0.0321267,0.0642534,0.0321267,0.0481901,0.0481901,0.0321267,0.0321267,0.0321267,0.208824,0.0321267,0.0321267,0,0,0,0,0,0,0,0,0,0,0,0,0,0,0,0,0,0,0,0
42483,42498,42490,24.9,-104.176,39.8138,25.8977,-60.0477,605.258,1.06752,0.195894,11.5054,0.176198,7.8746e-05,0.131099,0.168555,0.0749135,0.243469,0,0.0374567,0.0187284,0,0.0561851,0.0187284,0.0749135,0,0.0187284,0.131099,0.0187284,0.0561851,0,0.0187284,0,0,0,0,0,0,0,0,0,0,0,0,0,0,0,0,0,0
42499,42517,42508,25,-104.175,39.8129,25.4989,-60.335,607.131,1.29453,0.176146,7.62491,0.129862,3.65335e-05,0.206574,0.192803,0.110173,0.151488,0.0275432,0.0964014,0.0688581,0.0688581,0.0413149,0.0413149,0.0413149,0.0275432,0.0275432,0.137716,0.0413149,0.0137716,0,0,0,0,0,0,0,0,0,0,0,0,0,0,0,0,0,0,0,0
42518,42535,42526,25.1,-104.175,39.8122,25.0889,-60.2144,610.299,1.10069,0.171611,9.28657,0.162343,5.60201e-05,0.125395,0.111462,0.153261,0.111462,0.125395,0,0.0835967,0.0557311,0.0557311,0.0557311,0.0139328,0,0.0278656,0.139328,0.0139328,0,0,0.0139328,0.0139328,0,0,0,0,0,0,0,0,0,0,0,0,0,0,0,0,0
42536,42556,42546,25.2,-104.175,39.8116,24.6952,-59.9029,613.958,1.36184,0.288414,19.0572,0.198227,0.000131336,0.182389,0.17023,0.109434,0.145911,0.121593,0.0364778,0.0486371,0.0607964,0.0243186,0.0243186,0.0486371,0.0121593,0.0364778,0.17023,0.085115,0.0486371,0.0121593,0,0,0.0121593,0.0121593,0,0,0,0,0,0,0,0,0,0,0,0,0,0,0
42558,42578,42568,25.3,-104.175,39.811,24.2805,-59.2374,618.861,1.13258,0.216931,11.458,0.158456,6.90963e-05,0.188763,0.0404492,0.0674153,0.0808984,0.0674153,0.0674153,0.0539323,0.0404492,0.0539323,0.0539323,0.0404492,0.0269661,0.0269661,0.202246,0.0808984,0.0404492,0,0,0,0,0,0,0,0,0,0,0,0,0,0,0,0,0,0,0,0
42579,42603,42591,25.4,-104.174,39.81,23.9126,-58.7821,622.889,1.31118,0.266356,14.9016,0.167839,9.53804e-05,0.191214,0.0819487,0.0956068,0.0682906,0.0956068,0.0273162,0.0682906,0.0819487,0.0273162,0.109265,0.0273162,0.0136581,0.0273162,0.245846,0.0819487,0.0546324,0.0136581,0,0,0,0,0,0,0,0,0,0,0,0,0,0,0,0,0,0,0
42605,42631,42618,25.5,-104.174,39.8097,23.5383,-58.85,625.502,1.28079,0.245485,13.4512,0.164383,8.4814e-05,0.109469,0.17515,0.120416,0.0656814,0.0656814,0.0875752,0.0328407,0.0985222,0.0437876,0.0547345,0.0109469,0.0766283,0.0218938,0.164204,0.0985222,0.0437876,0.0109469,0,0,0,0,0,0,0,0,0,0,0,0,0,0,0,0,0,0,0
42632,42656,42644,25.6,-104.174,39.8102,23.1867,-59.0814,627.522,1.2034,0.173898,7.60475,0.131193,3.62577e-05,0.152008,0.139341,0.0760041,0.0633367,0.0886714,0.139341,0.0633367,0.0760041,0.0506694,0.0633367,0.0253347,0.0126673,0.0506694,0.152008,0.038002,0.0126673,0,0,0,0,0,0,0,0,0,0,0,0,0,0,0,0,0,0,0,0
42658,42682,42670,25.7,-104.173,39.8113,22.7945,-59.475,629.426,1.00085,0.194375,12.1863,0.188085,8.31499e-05,0.148774,0.0811496,0.0946745,0.108199,0.0405748,0.0540997,0.0540997,0.0540997,0.0676247,0.0270499,0.0270499,0.0135249,0.0135249,0.135249,0.0135249,0.0405748,0,0,0.0270499,0,0,0,0,0,0,0,0,0,0,0,0,0,0,0,0,0
42683,42706,42694,25.8,-104.172,39.8126,22.4644,-59.2706,632.663,1.11917,0.232455,14.8221,0.19129,0.000105288,0.181486,0.0604955,0.0756193,0.136115,0.105867,0.0453716,0.0756193,0.0151239,0.0151239,0.0604955,0.0453716,0.0453716,0.0151239,0.105867,0.0453716,0.0604955,0,0.0151239,0.0151239,0,0,0,0,0,0,0,0,0,0,0,0,0,0,0,0,0
42707,42726,42716,25.9,-104.171,39.8135,22.1279,-59.0105,636.17,1.32582,0.239863,13.052,0.163243,8.15907e-05,0.174833,0.145694,0.145694,0.0582777,0.0874165,0.0582777,0.0582777,0.116555,0.0728471,0,0.0437083,0,0.0291388,0.233111,0.0437083,0.0291388,0.0291388,0,0,0,0,0,0,0,0,0,0,0,0,0,0,0,0,0,0,0
42727,42745,42736,26,-104.169,39.8141,21.7568,-59.5011,637.792,1.12575,0.174071,8.64241,0.148947,4.89427e-05,0.17775,0.133313,0.0888752,0.162938,0.0592502,0.0148125,0.0444376,0.0888752,0.0148125,0.0148125,0.0592502,0.0444376,0.0296251,0.1185,0.0592502,0,0,0.0148125,0,0,0,0,0,0,0,0,0,0,0,0,0,0,0,0,0,0
42746,42763,42754,26.1,-104.168,39.8146,21.4421,-59.3436,640.922,1.15452,0.198998,10.9853,0.165608,7.10014e-05,0.121528,0.182292,0.222801,0.0810186,0.0202547,0.0202547,0.162037,0,0.0202547,0.0202547,0,0.0202547,0.060764,0.121528,0.0405093,0.0405093,0.0202547,0,0,0,0,0,0,0,0,0,0,0,0,0,0,0,0,0,0,0
42764,42779,42772,26.2,-104.165,39.8151,21.0879,-59.17,644.496,1.27766,0.266618,15.1536,0.17051,9.90756e-05,0.247289,0.0618222,0.123644,0.0412148,0.0618222,0.103037,0.0412148,0.0206074,0.123644,0,0.0206074,0.0206074,0.0206074,0.185467,0.144252,0.0618222,0,0,0,0,0,0,0,0,0,0,0,0,0,0,0,0,0,0,0,0
42780,42794,42787,26.3,-104.163,39.815,20.7713,-58.402,649.616,1.22476,0.25075,15.4668,0.185047,0.000110665,0.29161,0.0777628,0.174966,0.116644,0.0388814,0.0194407,0.0388814,0.0194407,0,0.0388814,0.0194407,0.0972035,0.0194407,0.0972035,0.0583221,0.0972035,0.0194407,0,0,0,0,0,0,0,0,0,0,0,0,0,0,0,0,0,0,0
42795,42809,42802,26.4,-104.161,39.8147,20.4436,-58.4521,652.421,1.11567,0.249168,14.4762,0.174295,9.60508e-05,0.147352,0.126302,0.0842013,0.105252,0.063151,0.0421006,0.0210503,0,0.0210503,0,0.0421006,0.0210503,0.0421006,0.210503,0.126302,0.063151,0,0,0,0,0,0,0,0,0,0,0,0,0,0,0,0,0,0,0,0
42810,42824,42817,26.5,-104.159,39.8142,20.1046,-58.9485,654.027,0.971359,0.129842,5.17673,0.119609,2.05919e-05,0.161893,0.0462552,0.185021,0.0462552,0.0231276,0.0462552,0,0.0462552,0.115638,0.0693828,0.0231276,0.0231276,0.0462552,0.115638,0.0231276,0,0,0,0,0,0,0,0,0,0,0,0,0,0,0,0,0,0,0,0,0
42825,42841,42833,26.6,-104.156,39.8136,19.7887,-59.6087,654.971,1.10218,0.185929,9.75301,0.157367,6.01389e-05,0.224519,0.0816432,0.122465,0.0816432,0.0612324,0.0408216,0.0408216,0.0408216,0.0816432,0.102054,0,0.0204108,0,0.0816432,0.0816432,0.0408216,0,0,0,0,0,0,0,0,0,0,0,0,0,0,0,0,0,0,0,0
42842,42860,42851,26.7,-104.154,39.8128,19.4638,-59.7531,657.633,1.16427,0.232821,12.9733,0.167166,8.34841e-05,0.135832,0.155237,0.0388091,0.155237,0.0194046,0.0970229,0.0388091,0.0776183,0.0194046,0.0194046,0.0388091,0.0194046,0,0.194046,0.0970229,0.0582137,0,0,0,0,0,0,0,0,0,0,0,0,0,0,0,0,0,0,0,0
42861,42881,42871,26.8,-104.151,39.812,19.1406,-59.7739,660.724,1.18239,0.229088,12.8198,0.167881,8.2403e-05,0.22942,0.105886,0.052943,0.0705906,0.0705906,0.052943,0.0882383,0.052943,0.0352953,0.0176477,0.0352953,0.0352953,0.0176477,0.176477,0.0882383,0.0352953,0.0176477,0,0,0,0,0,0,0,0,0,0,0,0,0,0,0,0,0,0,0
42882,42907,42894,26.9,-104.148,39.8115,18.8588,-59.0967,665.634,1.41985,0.253772,15.417,0.182254,0.000105474,0.214317,0.0937638,0.241107,0.120553,0.107159,0.0937638,0.080369,0.0535793,0.080369,0.0669741,0.0267897,0,0.0133948,0.080369,0.0669741,0.0535793,0,0.0133948,0,0.0133948,0,0,0,0,0,0,0,0,0,0,0,0,0,0,0,0
42908,42932,42920,27,-104.145,39.8111,18.5577,-58.2532,671.334,1.10879,0.18102,9.8434,0.163132,6.27725e-05,0.251327,0.118271,0.147839,0.103487,0.103487,0.0295678,0,0,0.0443518,0.0295678,0,0.0591357,0.0147839,0.118271,0.0443518,0.0295678,0,0.0147839,0,0,0,0,0,0,0,0,0,0,0,0,0,0,0,0,0,0
42934,42956,42945,27.1,-104.143,39.8106,18.28,-58.0059,675.008,1.19873,0.135445,4.9291,0.109176,1.71134e-05,0.239746,0.209778,0.104889,0.0899048,0.0899048,0.0749207,0.0599365,0.0299683,0.0449524,0.0599365,0.0449524,0.0299683,0,0.104889,0.0149841,0,0,0,0,0,0,0,0,0,0,0,0,0,0,0,0,0,0,0,0,0
42957,42979,42968,27.2,-104.141,39.8099,17.9905,-58.1145,677.751,1.02397,0.122883,5.07387,0.123871,2.35873e-05,0.271051,0.105409,0.075292,0.0903503,0.105409,0.0903503,0.0301168,0.075292,0.0150584,0.0150584,0.0150584,0.0150584,0.0150584,0.075292,0.0150584,0.0150584,0,0,0,0,0,0,0,0,0,0,0,0,0,0,0,0,0,0,0,0
42980,43001,42990,27.3,-104.14,39.8089,17.7078,-58.1189,680.813,1.07191,0.144476,6.00809,0.124757,2.62757e-05,0.282081,0.0752217,0.0564163,0.112833,0.112833,0.0376108,0.0188054,0.0376108,0.0376108,0.0376108,0,0.0376108,0.0376108,0.150443,0.0376108,0,0,0,0,0,0,0,0,0,0,0,0,0,0,0,0,0,0,0,0,0
43002,43022,43012,27.4,-104.14,39.8076,17.4411,-58.1721,683.602,1.15394,0.144985,6.31993,0.13077,3.18264e-05,0.378638,0.126213,0.0901519,0.0721216,0.108182,0.0360608,0.0180304,0.0721216,0.0180304,0.0540912,0,0.0180304,0.0360608,0.0721216,0.0360608,0.0180304,0,0,0,0,0,0,0,0,0,0,0,0,0,0,0,0,0,0,0,0
43023,43042,43032,27.5,-104.14,39.8063,17.1712,-57.8188,687.782,1.12846,0.161502,7.78897,0.144685,4.45964e-05,0.16414,0.184657,0.205175,0.102587,0.0205175,0.08207,0.0205175,0.0615525,0,0.041035,0.0615525,0,0.0205175,0.102587,0.0205175,0.041035,0,0,0,0,0,0,0,0,0,0,0,0,0,0,0,0,0,0,0,0
43044,43061,43052,27.6,-104.139,39.8054,16.8969,-58.3319,689.306,1.08692,0.130513,4.92706,0.113254,1.82326e-05,0.22182,0.0665461,0.0665461,0.0887281,0.133092,0.11091,0.11091,0.022182,0.0665461,0,0,0.0443641,0.0443641,0.0887281,0.022182,0,0,0,0,0,0,0,0,0,0,0,0,0,0,0,0,0,0,0,0,0
43062,43082,43072,27.7,-104.139,39.805,16.6118,-58.8776,690.908,0.88342,0.115316,4.797,0.124796,2.15129e-05,0.210338,0.0631015,0.0841353,0.0420676,0.0841353,0.0420676,0.0841353,0.0210338,0.0841353,0.0210338,0.0210338,0,0,0.0841353,0.0420676,0,0,0,0,0,0,0,0,0,0,0,0,0,0,0,0,0,0,0,0,0
43084,43102,43093,27.8,-104.138,39.8047,16.3675,-58.1031,696.347,0.91018,0.0876364,2.79913,0.0958209,7.12325e-06,0.295809,0.136527,0.045509,0.0682635,0.091018,0.0682635,0.045509,0.0227545,0,0.045509,0,0.0227545,0.0227545,0.045509,0,0,0,0,0,0,0,0,0,0,0,0,0,0,0,0,0,0,0,0,0,0
43104,43122,43113,27.9,-104.137,39.8045,16.108,-58.228,699.126,0.692167,0.085716,3.84571,0.134597,2.08537e-05,0.123601,0.0741607,0.098881,0.098881,0.0247202,0.0741607,0,0.098881,0,0,0.0494405,0,0,0.0247202,0,0.0247202,0,0,0,0,0,0,0,0,0,0,0,0,0,0,0,0,0,0,0,0
43126,43143,43134,28,-104.136,39.8044,15.8375,-58.6238,701.225,0.683301,0.106861,5.99089,0.168186,4.10027e-05,0.188497,0.0942484,0.11781,0.0706863,0,0.0706863,0,0,0.0235621,0,0.0235621,0,0,0.0235621,0.0235621,0.0471242,0,0,0,0,0,0,0,0,0,0,0,0,0,0,0,0,0,0,0,0
43145,43164,43154,28.1,-104.135,39.8044,15.6137,-59.1731,702.272,0.762537,0.0995831,4.30972,0.129833,2.09198e-05,0.190634,0.119146,0.0476586,0.119146,0.0238293,0.0238293,0.0238293,0.0476586,0.0476586,0,0,0,0,0.0714878,0.0476586,0,0,0,0,0,0,0,0,0,0,0,0,0,0,0,0,0,0,0,0,0
43165,43188,43176,28.2,-104.133,39.8048,15.3726,-59.7084,703.642,0.73623,0.0747151,2.50381,0.100534,7.24526e-06,0.224959,0.102254,0.122705,0,0.0409016,0.0204508,0.0613525,0.0613525,0,0,0.0204508,0.0204508,0,0.0613525,0,0,0,0,0,0,0,0,0,0,0,0,0,0,0,0,0,0,0,0,0,0
43190,43220,43205,28.3,-104.131,39.8053,15.1185,-59.695,707.047,0.914522,0.118791,5.41998,0.136878,2.92429e-05,0.22863,0.182904,0.0762102,0.0762102,0.0609681,0.015242,0.0457261,0.0609681,0.015242,0,0.0457261,0,0,0.0457261,0.0457261,0.015242,0,0,0,0,0,0,0,0,0,0,0,0,0,0,0,0,0,0,0,0
43222,43326,43274,28.4,-104.125,39.8062,14.8802,-57.3142,718.189,1.0269,0.116814,4.90704,0.126022,2.43337e-05,0.25311,0.173561,0.144634,0.122939,0.0650853,0.0578536,0.0289268,0.0289268,0.0144634,0.0289268,0.0289268,0.0072317,0.0072317,0.0144634,0.0361585,0.0144634,0,0,0,0,0,0,0,0,0,0,0,0,0,0,0,0,0,0,0,0
43266,43335,43300,28.4,-104.12,39.8073,14.8903,-53.0008,732.39,0.856025,0.106551,4.75017,0.133744,2.51878e-05,0.216715,0.108358,0.130029,0.0650146,0.0650146,0.0650146,0.0650146,0.0108358,0.0108358,0.0108358,0,0,0,0.0758503,0.0108358,0.0216715,0,0,0,0,0,0,0,0,0,0,0,0,0,0,0,0,0,0,0,0
43336,43362,43349,28.3,-104.115,39.808,15.1117,-51.9121,732.926,1.06646,0.120608,4.7578,0.118346,2.05953e-05,0.242377,0.161584,0.161584,0.129268,0.0484753,0.0646338,0.0484753,0.0484753,0.0484753,0.0161584,0,0,0,0.0484753,0.0484753,0,0,0,0,0,0,0,0,0,0,0,0,0,0,0,0,0,0,0,0,0
43363,43391,43377,28.2,-104.111,39.808,15.3576,-53.5752,724.064,0.975418,0.129108,5.85965,0.136157,3.10224e-05,0.228614,0.152409,0.16765,0.0762046,0.0304818,0.0152409,0.0304818,0.0457227,0.0304818,0.0304818,0,0.0152409,0.0304818,0.0609637,0.0457227,0.0152409,0,0,0,0,0,0,0,0,0,0,0,0,0,0,0,0,0,0,0,0
43392,43420,43406,28.1,-104.109,39.808,15.5815,-53.9308,719.909,0.873893,0.115445,5.63159,0.146344,3.39677e-05,0.174779,0.0728244,0.131084,0.145649,0.0728244,0.0436946,0,0.0582595,0.0582595,0.0291298,0.0145649,0,0,0.0291298,0,0.0436946,0,0,0,0,0,0,0,0,0,0,0,0,0,0,0,0,0,0,0,0
43421,43444,43432,28,-104.106,39.8078,15.8345,-53.972,716.466,0.889706,0.0934267,3.31415,0.10642,1.14485e-05,0.16682,0.148284,0.148284,0.0741422,0.0556066,0.0741422,0,0.0556066,0.0741422,0,0.0370711,0,0,0.0370711,0.0185355,0,0,0,0,0,0,0,0,0,0,0,0,0,0,0,0,0,0,0,0,0
43445,43465,43455,27.9,-104.105,39.8072,16.09,-54.4268,711.715,0.769997,0.0787285,2.6457,0.100816,7.60465e-06,0.230999,0.153999,0.0577498,0.0577498,0.0192499,0.0769997,0,0,0,0.0384998,0.0384998,0.0192499,0.0192499,0.0577498,0,0,0,0,0,0,0,0,0,0,0,0,0,0,0,0,0,0,0,0,0,0
43466,43482,43474,27.8,-104.104,39.8065,16.3473,-55.046,706.491,0.869062,0.146936,7.21411,0.147291,4.00793e-05,0.144844,0.0965625,0.0965625,0.0724218,0.0241406,0,0.0482812,0.0482812,0,0.0241406,0.0241406,0.0482812,0,0.193125,0.0241406,0.0241406,0,0,0,0,0,0,0,0,0,0,0,0,0,0,0,0,0,0,0,0
43485,43499,43492,27.7,-104.103,39.8058,16.5843,-55.3521,702.61,1.0005,0.128269,5.83911,0.136567,3.16372e-05,0.282192,0.153923,0.0769616,0.0513077,0.0769616,0.102615,0.0513077,0,0,0.0256539,0.0256539,0.0513077,0,0.0513077,0.0256539,0.0256539,0,0,0,0,0,0,0,0,0,0,0,0,0,0,0,0,0,0,0,0
43500,43509,43504,27.6,-104.103,39.8051,16.815,-55.0975,700.661,1.23562,0.266905,16.7183,0.187913,0.00012179,0.397164,0.0441293,0.132388,0.0882587,0,0.0441293,0,0.0441293,0.0441293,0.0441293,0.0882587,0,0,0.0882587,0.0882587,0.132388,0,0,0,0,0,0,0,0,0,0,0,0,0,0,0,0,0,0,0,0
43519,43528,43524,27.5,-104.104,39.8037,17.174,-54.407,698.643,0.698001,0.0859969,3.50056,0.122117,1.54235e-05,0.2094,0.0698001,0.0349,0.0698001,0.0349,0,0,0.1047,0,0.1047,0,0,0,0.0349,0.0349,0,0,0,0,0,0,0,0,0,0,0,0,0,0,0,0,0,0,0,0,0
