api/src/app/data/B2SAP/Locations/Boulder/NOAA-POPS-B2SAP_GMLBalloon_20200312_R0.ict
61,1001
Thornberry, T. D.
NOAA Chemical Sciences Laboratory
Portable Optical Particle Spectrometer (POPS)
Balloon Baseline Stratospheric Aerosol Profiles (B2SAP)
1,1
2020,03,12,2024,05,30
0
TIME_START,s,Seconds since midnight UTC on flight start day,Start time of 100 m altitude bin in UTC_seconds_since_midnight
28
1.0,1.0,1.0,1.0,1.0,1.0,1.0,1.0,1.0,1.0,1.0,1.0,1.0,1.0,1.0,1.0,1.0,1.0,1.0,1.0,1.0,1.0,1.0,1.0,1.0,1.0,1.0,1.0
99999,99999,99999,99999,99999,99999,99999,99999,99999,99999,99999,99999,99999,99999,99999,99999,99999,99999,99999,99999,99999,99999,99999,99999,99999,99999,99999,99999
TIME_STOP,s,End time of 100 m altitude bin in UTC seconds since midnight,
TIME_MID,s,Mid time of 100 m altitude in UTC seconds since midnight,
GPSAlt,m,GPS reported altitude above sea level (m),
GPS_Lon,deg,GPS reported longitude,
GPS_Lat,deg,GPS reported latitude,
iMet_Pressure,mb,Pressure reported (mB),
iMet_Temperature,degrees C,Ambient temperature (oC),
THETA,K,Potential temperature from iMet,
Aerosol_concentration,cm^-3,Aerosol concentration,
Surface_Area_Conc,um^2 cm^-3,Surface area concentration,
Volume_density,um^3 cm^-3,Volume density,
Effective_radius,um,Effective radius,
Extinction,km^-1,Extinction,
Bin01,cm^-3,particle concentration in size range [140 - 170 nm],
Bin02,cm^-3,particle concentration in size range [170 - 205 nm],
Bin03,cm^-3,particle concentration in size range [205 - 249 nm],
Bin04,cm^-3,particle concentration in size range [249 - 302 nm],
Bin05,cm^-3,particle concentration in size range [302 - 366 nm],
Bin06,cm^-3,particle concentration in size range [366 - 443 nm],
Bin07,cm^-3,particle concentration in size range [443 - 537 nm],
Bin08,cm^-3,particle concentration in size range [537 - 651 nm],
Bin09,cm^-3,particle concentration in size range [651 - 789 nm],
Bin10,cm^-3,particle concentration in size range [789 - 956 nm],
Bin11,cm^-3,particle concentration in size range [956 - 1159 nm],
Bin12,cm^-3,particle concentration in size range [1159 - 1404 nm],
Bin13,cm^-3,particle concentration in size range [1404 - 1702 nm],
Bin14,cm^-3,particle concentration in size range [1702 - 2062 nm],
Bin15,cm^-3,particle concentration in size range [2062 - 2500 nm],
0
19
PI_CONTACT_INFO: 325 Broadway R/CSL6, Boulder, CO 80305; troy.thornberry@noaa.gov; 303-497-3373 
PLATFORM: GML ECC/FPH balloon
LOCATION: Boulder, CO, USA
ASSOCIATED_DATA: N/A
INSTRUMENT_INFO: Printed Optical Particle Spectrometer counts particles from 140 - 2500 nm in diameter 
DATA_INFO: Particle concentrations reported in number per cubic centimeter, binned to 100 m altitude
UNCERTAINTY: Counting uncertainty dominated by air flow, less than 5 percent
ULOD_FLAG: -77777
ULOD_VALUE: 3000 ~3000 per cm3 (varies depending on flow rate- manufacturer quotes 1250  per cm3 at 1.667 cc/s)
LLOD_FLAG: -88888
LLOD_VALUE: 0 0 (varies depending on data field and measurement precision)
DM_CONTACT_INFO: Troy Thornberry, 325 Broadway R/CSL6, Boulder, CO 80305; troy.thornberry@noaa.gov; 303-497-3373
PROJECT_INFO: B2SAP Boulder, CO, USA
STIPULATIONS_ON_USE: Please contact the PIs for questions regarding applications and uncertainties
OTHER_COMMENTS: POPS bin Edges (nm):  140, 170, 205, 249, 302, 366, 443, 537, 651, 789, 956, 1159, 1404, 1702, 2062, 2500
Calculations assume sulfate refractive index of 1.45+0.00j and extinction wavelength = 532 nm
REVISION: R0
R0: QA/QC data
TIME_START,TIME_STOP,TIME_MID,GPSAlt,GPS_Lon,GPS_Lat,iMet_Pressure,iMet_Temperature,THETA,Aerosol_concentration,Surface_Area_Conc,Volume_density,Effective_radius,Extinction,Bin01,Bin02,Bin03,Bin04,Bin05,Bin06,Bin07,Bin08,Bin09,Bin10,Bin11,Bin12,Bin13,Bin14,Bin15
[from data line 383]
65833,65849,65841,14.3,-103.497,40.0532,133.999,-58.165,381.772,27.9357,8.3779,678.121,0.242825,0.00427663,6.15462,5.34096,4.96542,3.58846,2.69134,2.31581,1.12661,1.08488,0.271221,0.292084,0.0417262,0.0417262,0.0208631,0,0
65850,65867,65858,14.2,-103.49,40.0533,136.247,-57.5856,380.99,26.3472,6.98677,524.849,0.225361,0.0032255,6.296,4.98511,4.96664,3.93269,2.23407,1.62478,1.16319,0.664681,0.240024,0.147707,0.0738534,0.0184634,0,0,0
65868,65886,65877,14.1,-103.484,40.0533,138.455,-56.8794,380.492,25.5521,6.30303,443.155,0.210925,0.0027815,6.29146,5.51882,4.80138,3.34809,1.91319,1.69244,0.9382,0.735843,0.147169,0.110376,0.0367921,0.0183961,0,0,0
65887,65908,65898,14,-103.477,40.0532,140.71,-56.6482,379.135,28.2811,7.64927,551.731,0.216386,0.00355116,6.13632,5.5662,5.14611,4.03587,2.64057,1.99543,1.57534,0.690149,0.360078,0.060013,0.0450097,0.0300065,0,0,0
65909,65931,65920,13.9,-103.468,40.0531,142.914,-56.1817,378.271,35.4755,10.9498,798.7,0.218825,0.00534657,5.82681,6.04738,6.10253,5.07319,4.54013,3.56593,2.59174,1.24992,0.275717,0.110287,0.0735244,0.0183811,0,0,0
65933,65956,65944,13.8,-103.459,40.0532,145.182,-55.904,377.059,32.2865,11.1305,836.934,0.225579,0.0059393,4.84792,4.51813,4.93037,5.24367,4.22132,3.57823,2.73726,1.51704,0.544155,0.0824477,0.0659582,0,0,0,0
65957,65981,65969,13.7,-103.448,40.0535,147.67,-56.0681,374.952,23.1274,9.67581,784.415,0.243209,0.00585233,2.81479,2.71603,3.19339,3.20985,3.19339,2.43619,3.16047,1.77776,0.411519,0.164608,0.0493823,0,0,0,0
65984,66008,65996,13.6,-103.436,40.0543,150.096,-56.2929,372.815,23.6038,9.57466,756.593,0.237061,0.00570946,2.937,2.91006,3.2334,3.12562,3.4759,2.47894,3.20645,1.64364,0.404175,0.16167,0.026945,0,0,0,0
66009,66034,66022,13.5,-103.424,40.0556,152.489,-56.8025,370.266,22.8646,9.81231,807.125,0.246769,0.00582505,2.40928,2.76359,2.85807,3.42496,2.78721,3.1179,3.28324,1.70067,0.283445,0.141723,0.0944817,0,0,0,0
66036,66058,66047,13.4,-103.412,40.0572,154.782,-56.9992,368.359,22.8606,9.83374,792.351,0.241724,0.00591361,2.18414,2.56272,3.52374,2.67921,3.26164,3.2034,3.05779,1.74731,0.495071,0.0873655,0.0582436,0,0,0,0
66061,66085,66073,13.3,-103.398,40.0582,157.469,-56.7279,367.008,22.8756,9.96494,809.722,0.243771,0.00605026,2.58664,2.53275,2.88303,2.99081,2.82914,3.34108,3.44886,1.6436,0.404163,0.161665,0.0538884,0,0,0,0
66088,66108,66098,13.2,-103.386,40.0591,159.962,-57.0542,364.811,23.1661,10.4661,897.689,0.257314,0.00651672,2.82513,2.57401,2.76235,3.51572,2.41706,2.79374,3.79823,1.78925,0.282513,0.313903,0.094171,0,0,0,0
66111,66131,66121,13.1,-103.374,40.0604,162.444,-57.145,363.061,21.2173,9.13268,735.633,0.241649,0.00568421,2.55364,2.55364,2.8689,3.05806,2.08074,2.49058,3.02653,2.01769,0.472896,0.0630528,0.0315264,0,0,0,0
66132,66150,66141,13,-103.364,40.0614,164.84,-57.6944,360.631,21.6016,8.9697,749.425,0.250652,0.00529405,3.09807,3.26783,2.24929,2.67368,2.63124,2.5888,2.92832,1.69757,0.297076,0.0424394,0.127318,0,0,0,0
66152,66166,66159,12.9,-103.354,40.062,167.516,-60.7443,353.887,18.4218,7.04762,565.113,0.240555,0.00430027,3.34444,2.74134,2.41238,2.52203,1.53515,1.97377,2.08342,1.26102,0.328961,0.219307,0,0,0,0,0
66169,66184,66176,12.8,-103.344,40.0626,170.294,-62.794,348.827,14.4756,5.36319,424.182,0.237274,0.00309158,2.24487,2.90286,1.78042,1.6256,1.31596,1.58689,1.74171,1.08373,0.0774095,0.0774095,0.0387047,0,0,0,0
66187,66202,66194,12.7,-103.333,40.0632,172.932,-63.81,345.625,12.6244,3.80953,267.197,0.210417,0.00198875,2.73312,2.55959,1.60517,1.34487,1.5184,0.780892,1.47502,0.477212,0.0867657,0.0433829,0,0,0,0,0
66203,66218,66210,12.6,-103.322,40.0638,175.556,-64.2711,343.387,10.7875,3.13511,233.679,0.223609,0.00167082,3.07596,1.73293,1.2997,1.73293,0.866466,0.606526,0.823143,0.476556,0.0433233,0.12997,0,0,0,0,0
66221,66239,66230,12.5,-103.307,40.0648,178.653,-64.1253,341.906,9.08875,2.09718,129.997,0.18596,0.000911765,2.83861,1.849,1.43232,0.885437,0.598972,0.677099,0.468761,0.312507,0.0260423,0,0,0,0,0,0
66241,66259,66250,12.4,-103.291,40.0658,181.738,-64.2107,340.099,7.60797,1.46775,96.3533,0.196941,0.000502692,2.53599,1.89503,1.42127,0.668832,0.390152,0.334416,0.250812,0.055736,0.027868,0,0.027868,0,0,0,0
66260,66279,66270,12.3,-103.273,40.0669,184.758,-64.0058,338.837,5.47364,1.11277,88.8701,0.239592,0.000449813,2.21552,1.43357,0.781949,0.358393,0.162906,0.26065,0.130325,0.0325812,0.0325812,0.0325812,0.0325812,0,0,0,0
66281,66302,66292,12.2,-103.255,40.0681,187.795,-63.4537,338.156,4.49855,0.804665,46.9553,0.175062,0.000304315,1.73585,1.19798,0.586768,0.440076,0.195589,0.122243,0.073346,0.0977946,0.0488973,0,0,0,0,0,0
66303,66323,66313,12.1,-103.236,40.0697,191.075,-62.5767,337.885,6.06746,0.986396,52.9206,0.160951,0.000330245,2.62238,1.43974,1.00267,0.385644,0.154257,0.154257,0.205677,0.0771287,0.0257096,0,0,0,0,0,0
66324,66345,66334,12,-103.217,40.0713,194.175,-61.8582,337.485,6.69601,1.15353,61.9731,0.161174,0.000382048,2.45142,1.61158,1.22571,0.658252,0.226983,0.204285,0.181587,0.113492,0.0226983,0,0,0,0,0,0
66347,66365,66356,11.9,-103.198,40.0731,197.391,-61.3121,336.776,6.34221,1.14122,64.8332,0.170431,0.000405894,2.19977,1.74268,0.999897,0.542801,0.314253,0.285685,0.142842,0.0285685,0.0857055,0,0,0,0,0,0
66367,66388,66378,11.8,-103.181,40.0751,200.593,-60.8206,336.013,4.35212,0.836851,48.207,0.172816,0.000322342,1.89708,0.753252,0.557965,0.334779,0.362677,0.167389,0.139491,0.139491,0,0,0,0,0,0,0
66391,66409,66400,11.7,-103.163,40.0774,204.003,-59.9115,335.82,3.63701,0.837027,72.0628,0.258281,0.000364581,1.44108,0.789162,0.651917,0.205868,0.137246,0.137246,0.137246,0.0686228,0.0343114,0,0.0343114,0,0,0,0
66413,66430,66422,11.6,-103.145,40.0798,207.291,-59.165,335.462,4.30048,1.35563,152.774,0.33809,0.000623844,1.43349,1.13944,0.514587,0.404318,0.110269,0.257293,0.220537,0.110269,0,0,0.0735124,0.0367562,0,0,0
66431,66453,66442,11.5,-103.128,40.0823,210.664,-58.225,335.389,6.16114,1.6808,135.14,0.241206,0.000839938,1.94893,1.32024,0.880162,0.471515,0.440081,0.408647,0.408647,0.157172,0.0628687,0.0314344,0.0314344,0,0,0,0
66454,66480,66467,11.4,-103.109,40.0852,214.002,-57.2713,335.372,7.31948,1.61329,112.237,0.208711,0.000695899,2.59231,1.79175,0.895873,0.724323,0.362162,0.324039,0.400284,0.17155,0.0190611,0.0190611,0.0190611,0,0,0,0
66482,66511,66496,11.3,-103.086,40.0883,217.461,-56.3271,335.292,8.18243,1.86462,130.869,0.210556,0.000773218,2.39297,1.56959,1.72397,1.13216,0.360233,0.411694,0.308771,0.205847,0.0257309,0.0257309,0.0257309,0,0,0,0
66512,66541,66526,11.2,-103.063,40.0914,221.35,-55.2865,335.199,8.83999,2.10325,146.589,0.209089,0.000889717,2.37607,1.78844,1.86508,0.86867,0.740924,0.485433,0.485433,0.127746,0.0510982,0.0255491,0.0255491,0,0,0,0
66543,66569,66556,11.1,-103.042,40.0941,224.433,-54.4308,335.19,8.17247,2.02035,140.44,0.208539,0.00100042,2.40156,1.79221,1.36208,0.824415,0.681039,0.215065,0.465974,0.286753,0.107532,0.0358441,0,0,0,0,0
66573,66600,66586,11,-103.018,40.0973,228.162,-53.3911,335.207,8.55179,2.45535,227.436,0.277886,0.00121988,2.49522,1.86007,1.42908,1.08882,0.453676,0.385625,0.294889,0.317573,0.0680514,0.0680514,0.0680514,0.0226838,0,0,0
66603,66626,66614,10.9,-102.998,40.1001,231.623,-52.4943,335.123,8.45337,2.34183,188.249,0.241156,0.00120499,2.62451,1.7395,1.2207,0.76294,0.610352,0.518799,0.579834,0.213623,0.0610352,0.0915527,0.0305176,0,0,0,0
66627,66655,66641,10.8,-102.977,40.1032,235.205,-51.5829,335.034,9.7453,2.30214,170.485,0.222166,0.00105112,3.01401,2.31074,1.50701,1.0549,0.653036,0.477218,0.301401,0.276284,0.0502335,0.0753503,0.0251168,0,0,0,0
66656,66681,66668,10.7,-102.956,40.1061,238.997,-50.6465,334.92,9.50431,1.92452,114.233,0.17807,0.000737513,3.35152,2.05093,1.25057,1.15052,0.550249,0.600272,0.350159,0.150068,0.0250113,0.0250113,0,0,0,0,0
66682,66707,66694,10.6,-102.938,40.1088,242.284,-49.8369,334.833,10.4965,2.7925,215.39,0.231395,0.00140966,2.9805,2.49455,1.68463,0.874712,0.777522,0.518348,0.518348,0.485951,0.0647935,0.0647935,0.0323967,0,0,0,0
66710,66729,66720,10.5,-102.918,40.1118,246.463,-49.1607,334.202,12.2659,3.31272,240.506,0.217803,0.0016231,3.2168,2.82597,1.74369,1.29273,0.871843,0.751588,0.992097,0.450953,0.0601271,0.0300635,0.0300635,0,0,0,0
66732,66750,66741,10.4,-102.903,40.1138,249.991,-48.5562,333.746,14.1592,4.14481,309.745,0.224193,0.00222382,4.0567,2.59105,1.75354,1.77971,1.07306,0.837512,1.07306,0.706651,0.261723,0,0.0261723,0,0,0,0
66753,66774,66764,10.3,-102.887,40.116,253.764,-47.7523,333.514,15.6023,4.23994,286.323,0.20259,0.00209998,3.80387,3.22362,2.41772,1.96641,0.93485,1.35392,1.09603,0.612488,0.193417,0,0,0,0,0,0
66775,66794,66784,10.2,-102.873,40.1181,257.751,-47.43,332.511,16.7084,5.67424,466.403,0.24659,0.0031559,3.57443,3.03411,2.45223,2.11972,1.37158,1.28846,1.49627,1.03908,0.166253,0.0831263,0.0831263,0,0,0,0
66798,66815,66806,10.1,-102.86,40.1198,261.322,-47.21,331.524,20.2736,7.19641,587.86,0.245064,0.00402578,3.88751,3.05148,3.34409,2.38267,2.04826,1.96465,2.21546,0.877824,0.250807,0.167205,0.0836023,0,0,0,0
66818,66839,66828,10,-102.847,40.1214,265.597,-47.2109,329.987,21.2253,7.26979,606.477,0.250272,0.00402666,4.38884,3.97265,3.25379,2.34576,1.81607,1.96741,2.04308,0.8702,0.302678,0.151339,0.113504,0,0,0,0
66841,66862,66852,9.9,-102.835,40.1224,269.542,-46.9938,328.919,21.47,7.24052,614.506,0.254611,0.00393684,4.40328,3.53548,3.3105,2.63554,2.15343,1.86416,2.18557,0.964223,0.353548,0,0.0321408,0,0,0.0321408,0
66863,66884,66874,9.8,-102.823,40.1235,273.732,-47.09,327.337,19.2673,6.6949,524.125,0.234862,0.0038234,4.12375,2.91088,2.73761,2.46039,1.73267,1.69801,2.14851,0.93564,0.41584,0.0693067,0,0.0346533,0,0,0
66886,66909,66898,9.7,-102.811,40.1246,277.578,-47.2431,325.808,16.9564,5.87766,465.567,0.237629,0.00341972,3.67923,2.75142,2.49548,2.17554,1.4077,1.24774,1.50368,1.37571,0.19196,0.0959799,0.0319933,0,0,0,0
66910,66938,66924,9.6,-102.798,40.1259,282.427,-46.9233,324.658,7.80543,2.09439,131.46,0.188303,0.00092846,1.79912,1.24555,1.10715,1.19019,0.858044,0.747328,0.664292,0.166073,0.0276788,0,0,0,0,0,0
66939,66965,66952,9.5,-102.787,40.1274,286.882,-46.0487,324.462,7.14822,2.05453,149.883,0.218856,0.00098305,1.94245,1.11367,1.03597,0.751081,0.725182,0.699282,0.621584,0.181295,0.0517987,0,0.0258993,0,0,0,0
66966,66993,66980,9.4,-102.775,40.1289,291.177,-45.2657,324.205,7.46534,1.92379,131.128,0.204484,0.000844612,1.92527,1.5913,0.962636,0.884054,0.785825,0.550078,0.550078,0.176811,0.0196456,0,0.0196456,0,0,0,0
66994,67019,67006,9.3,-102.764,40.1308,295.327,-44.3593,324.174,6.65753,1.87963,124.998,0.199504,0.000920216,1.49574,1.29045,1.05582,0.615895,0.733208,0.615895,0.498581,0.322612,0.0293283,0,0,0,0,0,0
67020,67047,67034,9.2,-102.753,40.133,299.87,-43.5533,323.9,6.8012,2.34065,228.757,0.293198,0.00125782,1.83004,1.1745,1.09256,0.819422,0.409711,0.491653,0.600909,0.13657,0.0819422,0.0819422,0.0546281,0,0.0273141,0,0
67051,67071,67061,9.1,-102.742,40.1353,304.197,-42.6891,323.793,6.24442,1.71009,115.555,0.202718,0.000854518,1.5611,1.37526,0.780552,0.631876,0.706214,0.334522,0.557537,0.223015,0.0743383,0,0,0,0,0,0
67071,67098,67084,9,-102.731,40.1377,308.679,-41.7721,323.73,5.36028,1.37342,86.5523,0.189058,0.000619435,1.13615,1.39833,0.670035,0.640903,0.524375,0.378716,0.407848,0.203924,0,0,0,0,0,0,0
67099,67124,67112,8.9,-102.72,40.1402,313.272,-40.8885,323.595,6.00789,1.9127,170.42,0.267297,0.000952639,1.43939,1.09519,1.00131,0.59453,0.813568,0.28162,0.438075,0.219037,0.0312911,0.0312911,0.0312911,0.0312911,0,0,0
67125,67147,67136,8.8,-102.71,40.1426,317.716,-40.4727,322.867,8.04687,2.22816,156.881,0.211225,0.00113777,2.09439,1.65347,1.1758,0.845105,0.661386,0.661386,0.477668,0.367437,0.0734874,0.0367437,0,0,0,0,0
67148,67172,67160,8.7,-102.701,40.1445,322.407,-39.8064,322.442,8.47689,2.58608,227.5,0.263913,0.00133487,2.43756,1.74631,1.23697,0.582104,0.873156,0.582104,0.509341,0.327434,0.0363815,0.072763,0.072763,0,0,0,0
67175,67195,67185,8.6,-102.691,40.1462,327.116,-38.929,322.319,7.77546,2.2514,157.185,0.209449,0.00113788,1.73236,1.45035,1.08776,1.16833,0.684885,0.604311,0.644598,0.322299,0.0402874,0.0402874,0,0,0,0,0
67198,67223,67210,8.5,-102.681,40.1476,332.067,-38.0725,322.115,8.09979,2.07776,132.696,0.191595,0.000933698,2.12454,1.36103,1.22825,1.09546,0.829897,0.730309,0.398351,0.265567,0.0663918,0,0,0,0,0,0
67227,67251,67239,8.4,-102.67,40.1488,336.954,-37.0883,322.106,9.1085,2.6162,192.513,0.220754,0.00126248,2.22726,1.66214,1.29647,1.22998,0.764582,0.764582,0.831068,0.199456,0.0997281,0,0.0332427,0,0,0,0
67254,67275,67264,8.3,-102.66,40.1496,341.758,-36.257,321.939,8.57495,2.36784,164.348,0.208226,0.00117662,1.98494,1.98494,1.07187,1.07187,0.714579,0.793977,0.516085,0.317591,0.0793977,0.0396988,0,0,0,0,0
67278,67300,67289,8.2,-102.65,40.1503,346.868,-35.3325,321.831,9.43996,2.69008,187.073,0.208626,0.00136082,2.54153,1.51832,1.22125,1.18825,1.02321,0.825171,0.52811,0.495103,0.0660137,0.0330069,0,0,0,0,0
67302,67322,67312,8.1,-102.641,40.1507,352.063,-34.3975,321.73,8.48002,2.33534,174.898,0.224676,0.00111279,2.23504,1.61055,1.3476,0.986049,0.755971,0.493025,0.755971,0.19721,0.0328683,0.0328683,0.0328683,0,0,0,0
67325,67346,67336,8,-102.632,40.1509,356.981,-33.9633,321.037,7.07978,2.00744,158.009,0.236136,0.000969883,1.85967,1.37028,0.978772,0.978772,0.619889,0.489386,0.45676,0.195754,0.0652514,0.0326257,0,0.0326257,0,0,0
67350,67369,67360,7.9,-102.623,40.1503,361.916,-33.5737,320.296,3.1084,0.868715,62.4006,0.215493,0.000410798,0.690756,0.394718,0.740096,0.197359,0.592077,0.296038,0.0493397,0.0986795,0,0.0493397,0,0,0,0,0
67369,67396,67382,7.8,-102.613,40.1493,367.024,-32.8009,320.048,2.82477,0.987882,93.7565,0.28472,0.000500068,0.706192,0.423715,0.459025,0.141238,0.494334,0.282477,0.141238,0.105929,0,0.0353096,0,0.0353096,0,0,0
67401,67418,67410,7.7,-102.602,40.1483,371.84,-31.99,319.937,4.43787,1.11236,68.4565,0.184625,0.000477184,1.17473,0.522102,0.522102,1.43578,0,0.261051,0.391577,0.130526,0,0,0,0,0,0,0
67426,67439,67432,7.6,-102.592,40.1473,377.113,-31.2775,319.596,6.3704,1.55565,97.5539,0.188129,0.000671738,1.3513,1.64086,0.868691,1.06173,0.289564,0.579127,0.482606,0,0.0965212,0,0,0,0,0,0
67462,67478,67470,7.5,-102.578,40.1458,384.394,-30.3788,319.026,12.4087,3.30559,269.051,0.244178,0.00146719,3.52466,2.12445,2.41415,1.49677,0.917377,0.820811,0.724245,0.193132,0.048283,0.048283,0.096566,0,0,0,0
67479,67503,67491,7.4,-102.569,40.1448,388.871,-29.648,318.932,11.505,3.41641,258.797,0.227253,0.00173681,2.79956,1.91751,1.99421,1.34225,1.11215,0.690302,1.03545,0.460202,0.0767003,0.0383501,0.0383501,0,0,0,0
67504,67528,67516,7.3,-102.56,40.1435,394.017,-28.8158,318.824,8.26557,1.82819,107.948,0.177138,0.000724241,2.37074,1.69797,1.28148,1.02519,0.832964,0.416482,0.448519,0.160185,0.0320371,0,0,0,0,0,0
67529,67554,67542,7.2,-102.549,40.1419,399.663,-28.1308,318.424,7.68656,2.11562,171.425,0.243084,0.000938628,2.20989,1.37718,1.28109,0.704602,0.800684,0.512438,0.512438,0.224191,0,0,0.0320273,0.0320273,0,0,0
67557,67575,67566,7.1,-102.54,40.1403,405.206,-27.5683,317.904,10.3151,2.77389,196.281,0.21228,0.00127345,2.69928,1.79952,1.86379,1.06043,0.835491,0.899759,0.835491,0.22494,0.0642685,0,0.0321343,0,0,0,0
67579,67604,67592,7,-102.53,40.1386,410.881,-26.7818,317.648,7.64808,2.20255,156.038,0.212532,0.00111791,1.8167,1.56999,0.986849,0.807422,0.784993,0.784993,0.583138,0.156999,0.112142,0.0448568,0,0,0,0,0
67607,67629,67618,6.9,-102.519,40.1367,417.247,-25.988,317.277,4.0154,0.921467,54.4175,0.177166,0.000365977,1.06738,0.965729,0.508278,0.482864,0.254139,0.482864,0.152483,0.101656,0,0,0,0,0,0,0
67630,67653,67642,6.8,-102.51,40.1352,422.858,-25.3271,316.916,5.5711,1.34504,96.1628,0.214483,0.000555471,1.67674,1.10881,0.865414,0.567928,0.594972,0.243398,0.378619,0.108177,0,0,0.0270442,0,0,0,0
