api/src/app/data/B2SAP/Locations/Boulder/NOAA-POPS-B2SAP_GMLBalloon_20230801_R0.ict
82,1001
Thornberry, T. D.
NOAA Chemical Sciences Laboratory
Portable Optical Particle Spectrometer (POPS)
Balloon Baseline Stratospheric Aerosol Profiles (B2SAP)
1,1
2023,08,01,2024,05,30
0
TIME_START,s,Seconds since midnight UTC on flight start day,Start time of 100 m altitude bin in UTC_seconds_since_midnight
49
1.0,1.0,1.0,1.0,1.0,1.0,1.0,1.0,1.0,1.0,1.0,1.0,1.0,1.0,1.0,1.0,1.0,1.0,1.0,1.0,1.0,1.0,1.0,1.0,1.0,1.0,1.0,1.0,1.0,1.0,1.0,1.0,1.0,1.0,1.0,1.0,1.0,1.0,1.0,1.0,1.0,1.0,1.0,1.0,1.0,1.0,1.0,1.0,1.0
99999,99999,99999,99999,99999,99999,99999,99999,99999,99999,99999,99999,99999,99999,99999,99999,99999,99999,99999,99999,99999,99999,99999,99999,99999,99999,99999,99999,99999,99999,99999,99999,99999,99999,99999,99999,99999,99999,99999,99999,99999,99999,99999,99999,99999,99999,99999,99999,99999
TIME_STOP,s,End time of 100 m altitude bin in UTC seconds since midnight,
TIME_MID,s,Mid time of 100 m altitude in UTC seconds since midnight,
GPSAlt,km,GPS reported altitude above sea level (km),
GPS_Lon,deg,GPS reported longitude,
GPS_Lat,deg,GPS reported latitude,
iMet_Pressure,hPa,Pressure reported (hPa),
iMet_Temperature,degrees C,Ambient temperature (oC),
THETA,K,Potential temperature from iMet,
Aerosol_concentration,cm^-3,Aerosol concentration,
Surface_Area_Conc,um^2 cm^-3,Surface area concentration,
Volume_density,um^3 cm^-3,Volume density,
Effective_radius,um,Effective radius,
Extinction,km^-1,Extinction,
Bin01,cm^-3,particle concentration in size range [140 - 146.14 nm],
Bin02,cm^-3,particle concentration in size range [146.14 - 152.56 nm],
Bin03,cm^-3,particle concentration in size range [152.56 - 159.25 nm],
Bin04,cm^-3,particle concentration in size range [159.25 - 166.24 nm],
Bin05,cm^-3,particle concentration in size range [166.24 - 173.54 nm],
Bin06,cm^-3,particle concentration in size range [173.54 - 181.16 nm],
Bin07,cm^-3,particle concentration in size range [181.16 - 189.11 nm],
Bin08,cm^-3,particle concentration in size range [189.11 - 197.41 nm],
Bin09,cm^-3,particle concentration in size range [197.41 - 206.07 nm],
Bin10,cm^-3,particle concentration in size range [206.07 - 215.12 nm],
Bin11,cm^-3,particle concentration in size range [215.12 - 224.56 nm],
Bin12,cm^-3,particle concentration in size range [224.56 - 234.41 nm],
Bin13,cm^-3,particle concentration in size range [234.41 - 244.70 nm],
Bin14,cm^-3,particle concentration in size range [244.70 - 361.30 nm],
Bin15,cm^-3,particle concentration in size range [361.30 - 472.80 nm],
Bin16,cm^-3,particle concentration in size range [472.80 - 567.00 nm],
Bin17,cm^-3,particle concentration in size range [567.00 - 610.66 nm],
Bin18,cm^-3,particle concentration in size range [610.66 - 657.69 nm],
Bin19,cm^-3,particle concentration in size range [657.69 - 708.33 nm],
Bin20,cm^-3,particle concentration in size range [708.33 - 762.88 nm],
Bin21,cm^-3,particle concentration in size range [762.88 - 821.62 nm],
Bin22,cm^-3,particle concentration in size range [821.62 - 884.89 nm],
Bin23,cm^-3,particle concentration in size range [884.89 - 953.03 nm],
Bin24,cm^-3,particle concentration in size range [953.03 - 1026.42 nm],
Bin25,cm^-3,particle concentration in size range [1026.42 - 1105.46 nm],
Bin26,cm^-3,particle concentration in size range [1105.46 - 1190.59 nm]],
[...]
LOCATION: Boulder, CO, USA
ASSOCIATED_DATA: N/A
INSTRUMENT_INFO: Printed Optical Particle Spectrometer counts particles from 140 - 2500 nm in diameter 
DATA_INFO: Particle concentrations reported in number per cubic centimeter, binned to 100 m altitude
UNCERTAINTY: Counting uncertainty dominated by air flow, less than 5 percent
ULOD_FLAG: -77777
ULOD_VALUE: 3000 ~3000 per cm3 (varies depending on flow rate- manufacturer quotes 1250  per cm3 at 1.667 cc/s)
LLOD_FLAG: -88888
LLOD_VALUE: 0 0 (varies depending on data field and measurement precision)
DM_CONTACT_INFO: Troy Thornberry, 325 Broadway R/CSL6, Boulder, CO 80305; troy.thornberry@noaa.gov; 303-497-3373
PROJECT_INFO: B2SAP Boulder, CO, USA
STIPULATIONS_ON_USE: Please contact the PIs for questions regarding applications and uncertainties
OTHER_COMMENTS: POPS bin Edges (nm):  140, 146.14, 152.56, 159.25, 166.24, 173.54, 181.16, 189.11, 197.41, 206.07, 215.12, 224.56, 234.41, 244.70, 361.30, 472.80, 567.00, 610.66, 657.69, 708.33, 762.88, 821.62, 884.89, 953.03, 1026.42, 1105.46, 1190.59, 1282.27, 1381.01, 1487.36, 1601.89, 1725.25, 1858.10, 2001.18, 2155.28, 2321.25, 2500
Calculations assume sulfate refractive index of 1.45+0.00j and extinction wavelength = 532 nm
REVISION: R0
R0: QA/QC data
TIME_START,TIME_STOP,TIME_MID,GPSAlt,GPS_Lon,GPS_Lat,iMet_Pressure,iMet_Temperature,THETA,Aerosol_concentration,Surface_Area_Conc,Volume_density,Effective_radius,Extinction,Bin01,Bin02,Bin03,Bin04,Bin05,Bin06,Bin07,Bin08,Bin09,Bin10,Bin11,Bin12,Bin13,Bin14,Bin15,Bin16,Bin17,Bin18,Bin19,Bin20,Bin21,Bin22,Bin23,Bin24,Bin25,Bin26,Bin27,Bin28,Bin29,Bin30,Bin31,Bin32,Bin33,Bin34,Bin35,Bin36
[from data line 56]
56665,56682,56674,8.2,-105.094,39.9756,373.77,-19.9313,335.437,38.2137,4.17701,157.489,0.113111,0.000620973,11.4289,4.38022,3.42362,3.12154,2.41668,2.61807,2.31598,1.20834,1.56077,1.00695,0.755211,0.755211,0.251737,2.26563,0.503474,0.151042,0,0.0503474,0,0,0,0,0,0,0,0,0,0,0,0,0,0,0,0,0,0
56684,56697,56690,8.3,-105.093,39.9762,369.687,-20.45,335.802,38.1481,4.34518,176.694,0.121993,0.000775165,11.5014,4.38418,3.98562,2.90381,2.50525,1.822,2.10669,1.19569,0.910999,1.08181,1.13875,0.683249,0.512437,2.84687,0.22775,0.170812,0.0569375,0,0.0569375,0.0569375,0,0,0,0,0,0,0,0,0,0,0,0,0,0,0,0
56703,56715,56709,8.4,-105.092,39.9771,364.218,-21.2717,336.137,35.6507,4.52745,210.36,0.13939,0.00104376,10.5806,3.77399,3.10006,2.7631,2.69571,1.41525,1.61742,1.8196,1.01089,0.808712,0.741319,0.471749,0.673926,3.23485,0.269571,0.539141,0.0673926,0,0,0,0,0,0.0673926,0,0,0,0,0,0,0,0,0,0,0,0,0
56720,56741,56730,8.5,-105.091,39.978,359.056,-22.0943,336.41,38.0056,4.30999,173.214,0.120567,0.000707188,11.5169,4.0309,3.80056,2.76405,2.01545,2.13062,1.66994,2.24579,1.20927,1.38202,0.921348,0.40309,0.748596,2.41854,0.575843,0.115169,0,0,0,0,0,0.0575843,0,0,0,0,0,0,0,0,0,0,0,0,0,0
56744,56765,56754,8.6,-105.09,39.979,354.07,-22.95,336.603,33.8,4.38138,199.09,0.13632,0.000914218,8.16327,3.50818,3.37325,2.49621,2.15888,2.22635,1.68663,1.48423,0.809581,0.944511,0.809581,1.07944,0.53972,3.77804,0.472255,0.13493,0,0,0.0674651,0,0,0,0.0674651,0,0,0,0,0,0,0,0,0,0,0,0,0
56767,56790,56778,8.7,-105.09,39.9799,349.915,-23.7425,336.67,36.2083,4.7446,211.345,0.133633,0.00101121,9.73924,3.69888,2.98625,2.5451,2.03608,2.00214,2.34149,1.25558,1.15378,0.984105,0.916235,1.05197,0.712628,3.46133,1.01804,0.169673,0.0339346,0.0678693,0,0,0,0,0.0339346,0,0,0,0,0,0,0,0,0,0,0,0,0
56797,56820,56808,8.8,-105.089,39.981,345.397,-24.5671,336.807,33.652,4.0174,162.641,0.121452,0.000702738,9.28934,3.79753,3.53462,2.22009,2.04482,1.84034,1.28532,1.37295,1.08084,1.25611,0.934777,0.817929,0.555024,2.89196,0.555024,0.0584235,0.0292118,0.0584235,0,0.0292118,0,0,0,0,0,0,0,0,0,0,0,0,0,0,0,0
56824,56850,56837,8.9,-105.088,39.9822,339.779,-25.4186,337.23,33.1272,4.09189,167.371,0.122709,0.000729445,7.99222,4.63317,2.72199,2.49033,2.31658,1.44787,1.62161,0.926634,1.10038,1.10038,1.21621,0.75289,0.810804,3.24322,0.521231,0.173744,0,0,0.0579146,0,0,0,0,0,0,0,0,0,0,0,0,0,0,0,0,0
56854,56866,56860,9,-105.088,39.9829,335.494,-26.0591,337.581,31.5844,3.97893,178.829,0.134832,0.000919686,8.47205,3.53002,2.97265,2.48959,2.22949,1.78359,1.56064,1.26338,0.966111,0.928953,0.891795,0.743163,0.59453,2.19233,0.371581,0.408739,0,0.0743163,0.111474,0,0,0,0,0,0,0,0,0,0,0,0,0,0,0,0,0
56869,56883,56876,9.1,-105.088,39.984,330.471,-27.0757,337.645,28.6723,3.71408,164.617,0.132967,0.000825813,7.75084,2.97213,3.32179,1.80659,1.86486,1.16554,0.990709,1.04899,1.22382,0.815878,1.04899,0.524493,0.349662,2.91385,0.524493,0.116554,0.058277,0.174831,0,0,0,0,0,0,0,0,0,0,0,0,0,0,0,0,0,0
56885,56899,56892,9.2,-105.087,39.9845,326.754,-27.8673,337.644,27.7565,3.42369,142.844,0.125167,0.000649394,7.98424,3.35187,2.29735,1.84541,2.18437,1.20517,1.05452,1.01686,1.09218,0.564923,0.640246,0.715569,0.414277,2.52332,0.715569,0.0376615,0.075323,0,0.0376615,0,0,0,0,0,0,0,0,0,0,0,0,0,0,0,0,0
56905,56916,56910,9.3,-105.086,39.9853,321.97,-28.8025,337.781,27.7562,3.40504,140.555,0.123836,0.000642867,7.7676,3.10704,1.55352,2.07136,1.96779,1.86422,1.86422,0.932112,0.828544,0.932112,1.03568,0.51784,0.414272,1.96779,0.621408,0.310704,0,0,0,0,0,0,0,0,0,0,0,0,0,0,0,0,0,0,0,0
56926,56940,56933,9.4,-105.085,39.9868,317.173,-29.5378,338.208,29.5489,3.8238,167.265,0.131229,0.00079755,7.99611,2.84919,2.57346,2.25178,1.9301,1.28673,1.56246,1.24078,0.965048,0.919093,0.781229,0.643365,0.643365,2.98705,0.643365,0.183819,0,0.0459547,0,0,0.0459547,0,0,0,0,0,0,0,0,0,0,0,0,0,0,0
56943,56960,56952,9.5,-105.084,39.988,312.89,-30.2491,338.535,38.449,5.22717,241.768,0.138757,0.00116034,7.83431,4.06928,3.61291,2.92836,2.58608,2.09168,2.3579,1.67335,1.63532,1.29304,1.21698,1.02683,0.950766,3.87912,0.798643,0.418337,0,0,0,0,0,0,0.0760613,0,0,0,0,0,0,0,0,0,0,0,0,0
56961,56980,56970,9.6,-105.082,39.9895,308.829,-31.0508,338.679,41.9515,6.21927,303.906,0.146595,0.00159852,7.31712,4.18121,4.00699,2.92685,3.10106,2.57841,1.81186,1.81186,1.88154,1.56795,1.39374,1.32405,1.18468,5.19167,0.871085,0.522651,0.139374,0,0,0.0696868,0,0.0348434,0.0348434,0,0,0,0,0,0,0,0,0,0,0,0,0
56981,57003,56992,9.7,-105.081,39.9912,304.511,-31.887,338.873,43.5836,6.20423,287.467,0.139002,0.00148401,8.85031,4.21642,3.71546,3.17275,3.54847,2.50481,2.46306,2.00384,1.66987,1.75336,1.41939,1.12716,0.667948,4.09118,1.71162,0.626201,0,0,0,0,0,0.0417468,0,0,0,0,0,0,0,0,0,0,0,0,0,0
57006,57023,57014,9.8,-105.079,39.9927,300.115,-32.7863,339.015,43.0388,5.99559,287.117,0.143664,0.00144288,7.91579,4.61317,3.66957,3.93168,2.77839,1.93963,2.46385,2.46385,2.25416,2.14932,1.15329,1.31056,0.891181,3.87926,1.04845,0.314535,0.0524224,0.0524224,0.0524224,0,0,0.0524224,0.0524224,0,0,0,0,0,0,0,0,0,0,0,0,0
57024,57040,57032,9.9,-105.078,39.9939,296.425,-33.4967,339.208,47.7317,6.52306,302.261,0.139012,0.00149823,10.2978,4.59226,4.24436,2.99193,3.27024,3.20066,3.06151,2.71361,2.01781,1.32201,1.53075,1.25243,1.18285,4.03562,1.39159,0.487058,0,0.0695797,0,0,0,0,0.0695797,0,0,0,0,0,0,0,0,0,0,0,0,0
57045,57059,57052,10,-105.078,39.9953,292.714,-34.205,339.427,38.6305,5.39738,247.939,0.13781,0.00125298,7.77866,4.20468,3.31118,3.62654,2.62792,1.83955,1.73443,0.893494,2.26001,1.05117,1.31396,1.10373,1.2614,4.047,1.05117,0.420468,0,0,0,0.0525585,0.0525585,0,0,0,0,0,0,0,0,0,0,0,0,0,0,0
57066,57081,57074,10.1,-105.078,39.9971,287.388,-35.015,340.053,31.6797,3.85691,152.621,0.118713,0.000629977,8.50149,3.38368,2.74924,1.94562,1.94562,1.94562,1.26888,1.22658,1.69184,1.0151,0.972808,0.42296,0.803624,3.08761,0.592144,0.084592,0.042296,0,0,0,0,0,0,0,0,0,0,0,0,0,0,0,0,0,0,0
57083,57099,57091,10.2,-105.079,39.9981,283.904,-35.4991,340.547,36.2674,4.79301,212.818,0.133205,0.00104847,8.22678,3.82371,3.59197,3.12849,2.35603,1.66081,1.66081,1.69943,1.46769,1.12008,1.1587,0.772468,0.811091,3.66922,0.617974,0.34761,0.0386234,0,0.0772468,0.0386234,0,0,0,0,0,0,0,0,0,0,0,0,0,0,0,0
57103,57117,57110,10.3,-105.079,39.9993,279.882,-36.3275,340.743,36.4925,4.78974,200.402,0.12552,0.000901014,8.41295,4.15184,2.62222,2.62222,2.07592,2.51296,1.52963,1.52963,1.52963,0.655554,1.42037,0.874072,1.20185,4.47962,0.546295,0.218518,0.109259,0,0,0,0,0,0,0,0,0,0,0,0,0,0,0,0,0,0,0
57122,57139,57130,10.4,-105.08,40.0004,275.825,-37.16,340.967,35.1795,4.70617,223.17,0.142262,0.00109617,7.61578,4.02051,2.89941,2.59014,2.39685,2.35819,2.08757,1.70099,1.23708,1.62367,0.850493,0.811835,0.695858,3.24734,0.541223,0.30927,0.0773176,0,0,0.0386588,0,0,0.0773176,0,0,0,0,0,0,0,0,0,0,0,0,0
57145,57161,57153,10.5,-105.08,40.0017,271.822,-38.03,341.131,33.5816,4.59071,208.38,0.136175,0.00105856,7.19265,3.62014,3.42961,3.04854,1.8577,1.7148,1.66717,1.23847,1.19084,1.1432,1.1432,0.952669,0.333434,3.90594,0.666868,0.285801,0,0.0952669,0.0952669,0,0,0,0,0,0,0,0,0,0,0,0,0,0,0,0,0
57162,57178,57170,10.6,-105.081,40.003,267.927,-38.8343,341.373,28.0518,3.91309,178.163,0.13659,0.000901052,5.317,3.36132,2.56683,1.77233,2.13902,1.58899,1.71122,1.40564,1.10007,0.733379,0.672264,0.488919,0.550034,3.78913,0.427805,0.305575,0,0.0611149,0,0.0611149,0,0,0,0,0,0,0,0,0,0,0,0,0,0,0,0
57184,57204,57194,10.7,-105.082,40.0042,263.743,-39.8129,341.479,28.0566,3.77729,160.718,0.127645,0.000730303,5.69803,2.66321,2.60127,1.11483,2.16773,1.67225,1.48644,1.67225,1.54838,0.867091,0.867091,0.929026,0.495481,3.59224,0.433546,0.185805,0,0,0.0619351,0,0,0,0,0,0,0,0,0,0,0,0,0,0,0,0,0
57208,57227,57218,10.8,-105.082,40.0057,259.645,-40.76,341.619,27.479,3.60406,148.12,0.123294,0.000641168,5.80787,2.5572,2.2538,1.99375,1.60367,1.51698,1.25693,1.30027,1.82038,1.17024,1.17024,0.520108,0.520108,3.3807,0.433423,0.130027,0,0.0433423,0,0,0,0,0,0,0,0,0,0,0,0,0,0,0,0,0,0
57229,57256,57242,10.9,-105.083,40.0073,256.123,-41.55,341.786,30.9064,4.33539,191.727,0.132671,0.000873375,5.14508,2.55455,3.05826,2.08681,2.59053,1.83496,1.79898,1.51114,1.43918,1.33124,1.00743,0.755571,0.611652,4.17363,0.82753,0.143918,0,0,0,0,0,0,0.0359796,0,0,0,0,0,0,0,0,0,0,0,0,0
57261,57288,57274,11,-105.084,40.0094,252.581,-42.1875,342.203,29.6042,4.23401,185.145,0.131184,0.000884795,5.04823,2.92076,2.48805,1.91111,1.69476,1.76688,1.94717,1.44235,1.839,1.11782,1.00965,0.86541,0.649058,3.53376,1.11782,0.252411,0,0,0,0,0,0,0,0,0,0,0,0,0,0,0,0,0,0,0,0
57295,57318,57306,11.1,-105.084,40.0121,248.518,-43.05,342.509,19.1733,2.83997,130.482,0.137835,0.000677415,4.55256,1.57589,0.963041,0.787943,0.787943,0.875492,1.66343,1.22569,0.875492,0.612844,0.525295,0.787943,0.787943,2.27628,0.437746,0.437746,0,0,0,0,0,0,0,0,0,0,0,0,0,0,0,0,0,0,0,0
57325,57350,57338,11.2,-105.085,40.0144,245.151,-43.6325,342.977,16.9596,2.72005,127.401,0.140514,0.000659316,3.06715,1.44337,1.08252,0.685599,1.19078,0.938188,0.721683,0.902104,0.613431,0.829936,0.649515,0.505178,0.396926,3.03107,0.685599,0.144337,0.0721683,0,0,0,0,0,0,0,0,0,0,0,0,0,0,0,0,0,0,0
57352,57379,57366,11.3,-105.085,40.0169,242.031,-44.23,343.337,18.4411,2.71224,127.283,0.140787,0.000671879,3.82365,1.4737,1.63302,1.43387,1.03557,0.836422,1.0754,0.955911,0.756763,0.637274,0.756763,0.557615,0.199148,2.5491,0.358467,0.238978,0.0398296,0.0398296,0.0398296,0,0,0,0,0,0,0,0,0,0,0,0,0,0,0,0,0
57380,57409,57394,11.4,-105.085,40.0203,237.831,-45.0414,343.835,16.3971,2.59007,120.424,0.139484,0.000621789,3.3611,1.06801,1.13084,0.910951,1.06801,0.973776,0.691067,0.785303,0.628242,0.534006,0.628242,0.59683,0.376945,2.70144,0.722479,0.219885,0,0,0,0,0,0,0,0,0,0,0,0,0,0,0,0,0,0,0,0
57414,57436,57425,11.5,-105.086,40.023,234.493,-45.74,344.17,16.5765,2.54408,116.55,0.137437,0.000592961,3.45141,0.972228,0.923617,0.972228,1.06945,1.21529,1.06945,0.875005,0.291668,0.631948,0.631948,0.631948,0.388891,2.72224,0.437503,0.291668,0,0,0,0,0,0,0,0,0,0,0,0,0,0,0,0,0,0,0,0
57442,57463,57452,11.6,-105.086,40.0264,230.965,-46.3718,344.701,18.1667,2.40323,99.7389,0.124506,0.000431389,3.82457,1.3147,1.67325,1.47405,1.1155,0.995982,0.995982,0.796786,0.836625,0.637429,0.677268,0.637429,0.478071,2.39036,0.199196,0.0796786,0,0,0.0398393,0,0,0,0,0,0,0,0,0,0,0,0,0,0,0,0,0
57469,57492,57480,11.7,-105.086,40.0299,227.91,-47.0218,345.023,24.3986,3.39587,153.826,0.135894,0.000750698,4.12653,2.64419,1.96311,1.92304,1.72273,1.68266,1.24197,1.32209,1.08171,0.961522,0.761205,1.04165,0.440698,2.60412,0.641015,0.160254,0,0,0,0.0400634,0.0400634,0,0,0,0,0,0,0,0,0,0,0,0,0,0,0
57497,57527,57512,11.8,-105.086,40.0346,223.806,-47.959,345.385,29.3819,4.02438,170.703,0.127252,0.000779204,4.6624,2.24323,3.16691,2.06729,2.63909,2.15526,1.4515,1.31955,1.18759,1.01165,1.27556,1.05564,0.879698,3.29887,0.703758,0.219924,0.0439849,0,0,0,0,0,0,0,0,0,0,0,0,0,0,0,0,0,0,0
57529,57552,57540,11.9,-105.086,40.0373,221.297,-48.456,345.733,17.4791,2.44611,108.578,0.133164,0.000538524,4.17013,1.73016,1.1978,1.55271,0.754173,1.28653,0.665446,0.754173,0.57672,0.532357,0.399268,0.709809,0.443631,1.77452,0.754173,0.177452,0,0,0,0,0,0,0,0,0,0,0,0,0,0,0,0,0,0,0,0
57556,57582,57569,12,-105.086,40.0414,217.817,-49.0436,346.394,20.12,2.75275,127.809,0.139289,0.000655234,5.03001,2.05224,1.56936,1.73032,1.16696,1.12672,0.965761,0.925521,0.643841,0.603601,0.362161,0.402401,0.684081,2.05224,0.603601,0.0402401,0.0402401,0.0804801,0,0,0.0402401,0,0,0,0,0,0,0,0,0,0,0,0,0,0,0
57583,57604,57594,12.1,-105.085,40.0452,214.569,-49.495,347.184,23.1947,3.07289,140.381,0.137051,0.000721483,4.9322,3.46587,2.26615,1.64407,1.46633,1.5552,0.933119,0.844251,1.11086,0.577645,0.488777,0.533211,0.399908,2.13284,0.488777,0.222171,0.0444343,0,0.0444343,0.0444343,0,0,0,0,0,0,0,0,0,0,0,0,0,0,0,0
57623,57632,57628,12.2,-105.084,40.0496,210.427,-50.175,348.062,17.2144,2.20339,98.2265,0.133739,0.000509051,4.89719,2.00339,1.6324,1.2614,0.964597,1.1872,0.964597,0.741998,0.445199,0.222599,0.222599,0.296799,0.1484,1.6324,0.222599,0.296799,0.0741998,0,0,0,0,0,0,0,0,0,0,0,0,0,0,0,0,0,0,0
57635,57659,57647,12.3,-105.082,40.0524,208.156,-50.4686,348.683,16.2264,2.26265,112.562,0.149244,0.000659699,5.02701,1.71809,1.71809,0.954496,1.01813,0.763597,0.699964,0.572697,0.381798,0.254532,0.318165,0.127266,0.509064,1.27266,0.509064,0.127266,0.127266,0.127266,0,0,0,0,0,0,0,0,0,0,0,0,0,0,0,0,0,0
57662,57674,57668,12.4,-105.081,40.0559,205.415,-51.23,348.81,15.3466,1.67115,62.6282,0.112429,0.00024365,4.81899,2.00173,1.9276,1.18621,0.963798,0.667245,0.148277,0.593107,0.370692,0.222415,0.296553,0.667245,0.222415,0.963798,0.222415,0.0741383,0,0,0,0,0,0,0,0,0,0,0,0,0,0,0,0,0,0,0,0
57680,57692,57686,12.5,-105.08,40.0592,201.685,-52.27,348.996,18.1004,2.70487,129.352,0.143465,0.000716374,4.84168,2.08565,1.71321,0.595899,0.819361,0.819361,0.446924,0.670387,0.595899,0.819361,0.521412,0.446924,0.372437,2.3836,0.446924,0.521412,0,0,0,0,0,0,0,0,0,0,0,0,0,0,0,0,0,0,0,0
57701,57708,57704,12.6,-105.08,40.0624,197.83,-53.405,349.124,16.4066,2.15754,92.8503,0.129106,0.00044532,3.5157,2.3438,1.75785,1.56253,1.1719,1.56253,0,0.195317,0.195317,0.58595,0,0.390634,0.58595,1.95317,0.390634,0.195317,0,0,0,0,0,0,0,0,0,0,0,0,0,0,0,0,0,0,0,0
57713,57726,57720,12.7,-105.08,40.0654,195.103,-54.24,349.181,15.6906,2.28064,101.228,0.133157,0.000488422,3.60385,1.27521,0.99799,1.27521,0.99799,0.27722,0.831659,0.831659,0.609883,0.498995,0.332663,0.720771,0.332663,2.55042,0.443551,0.0554439,0,0.0554439,0,0,0,0,0,0,0,0,0,0,0,0,0,0,0,0,0,0
57727,57744,57736,12.8,-105.08,40.0684,192.362,-55.036,349.319,15.986,2.65093,143.724,0.162649,0.000897333,3.74307,1.16971,1.63759,1.09173,1.24769,0.389903,0.389903,0.701825,0.545864,0.857786,0.311922,0.545864,0.623845,1.48163,0.623845,0.389903,0.0779806,0.0779806,0.0779806,0,0,0,0,0,0,0,0,0,0,0,0,0,0,0,0,0
57745,57762,57754,12.9,-105.08,40.0721,189.94,-55.6691,349.569,12.8254,1.90982,97.8416,0.153692,0.000584488,3.64398,1.57191,0.928857,1.10748,0.60733,0.785956,0.428703,0.428703,0.142901,0.321528,0.285802,0.357253,0.107176,1.28611,0.464429,0.214352,0.0357253,0.0714506,0.0357253,0,0,0,0,0,0,0,0,0,0,0,0,0,0,0,0,0
57767,57786,57776,13,-105.079,40.077,186.71,-56.44,350.043,16.8293,2.42977,117.03,0.144495,0.000641675,4.0772,1.64823,1.08436,1.30123,1.38798,0.78074,0.910863,0.867489,0.607242,0.39037,0.216872,0.477119,0.433744,1.8651,0.39037,0.303621,0,0,0.0867489,0,0,0,0,0,0,0,0,0,0,0,0,0,0,0,0,0
57791,57804,57798,13.1,-105.079,40.081,183.534,-56.782,351.206,14.0353,2.51059,130.566,0.156019,0.00077194,2.75975,0.788501,0.946202,1.4193,0.867351,0.551951,0.473101,0.473101,0.551951,0.551951,0.473101,0.315401,0.1577,2.3655,1.02505,0.1577,0.1577,0,0,0,0,0,0,0,0,0,0,0,0,0,0,0,0,0,0,0
57808,57821,57814,13.2,-105.078,40.0838,180.866,-57.3022,351.83,13.8917,2.20667,119.715,0.162754,0.000635759,3.7451,0.95805,0.870954,0.696763,0.783859,0.653216,0.609668,0.653216,0.609668,0.348382,0.522573,0.130643,0.56612,2.09029,0.435477,0.130643,0,0,0,0,0,0.0435477,0.0435477,0,0,0,0,0,0,0,0,0,0,0,0,0
57824,57842,57833,13.3,-105.076,40.0863,177.865,-57.904,352.529,12.6878,1.87922,85.9197,0.137163,0.000437129,3.46749,1.14269,1.02448,0.591049,0.945678,0.354629,0.394033,0.275823,0.472839,0.23642,0.512242,0.354629,0.157613,2.20658,0.394033,0.11821,0.0394033,0,0,0,0,0,0,0,0,0,0,0,0,0,0,0,0,0,0,0
57843,57865,57854,13.4,-105.074,40.0892,175.113,-58.5037,353.117,12.7924,1.80064,84.0905,0.140101,0.000455068,3.44412,1.77126,0.787227,0.59042,0.639622,0.688823,0.59042,0.492017,0.393613,0.442815,0.29521,0.393613,0.29521,1.42685,0.196807,0.29521,0.0492017,0,0,0,0,0,0,0,0,0,0,0,0,0,0,0,0,0,0,0
