api/src/app/data/B2SAP/Locations/Boulder/NOAA-POPS-B2SAP_GMLBalloon_20190607_R0.ict
61,1001
Thornberry, T. D.
NOAA Chemical Sciences Laboratory
Portable Optical Particle Spectrometer (POPS)
Balloon Baseline Stratospheric Aerosol Profiles (B2SAP)
1,1
2019,06,07,2024,05,30
0
TIME_START,s,Seconds since midnight UTC on flight start day,Start time of 100 m altitude bin in UTC_seconds_since_midnight
28
1.0,1.0,1.0,1.0,1.0,1.0,1.0,1.0,1.0,1.0,1.0,1.0,1.0,1.0,1.0,1.0,1.0,1.0,1.0,1.0,1.0,1.0,1.0,1.0,1.0,1.0,1.0,1.0
99999,99999,99999,99999,99999,99999,99999,99999,99999,99999,99999,99999,99999,99999,99999,99999,99999,99999,99999,99999,99999,99999,99999,99999,99999,99999,99999,99999
TIME_STOP,s,End time of 100 m altitude bin in UTC seconds since midnight,
TIME_MID,s,Mid time of 100 m altitude in UTC seconds since midnight,
GPSAlt,m,GPS reported altitude above sea level (m),
GPS_Lon,deg,GPS reported longitude,
GPS_Lat,deg,GPS reported latitude,
iMet_Pressure,mb,Pressure reported (mB),
iMet_Temperature,degrees C,Ambient temperature (oC),
THETA,K,Potential temperature from iMet,
Aerosol_concentration,cm^-3,Aerosol concentration,
Surface_Area_Conc,um^2 cm^-3,Surface area concentration,
Volume_density,um^3 cm^-3,Volume density,
Effective_radius,um,Effective radius,
Extinction,km^-1,Extinction,
Bin01,cm^-3,particle concentration in size range [140 - 170 nm],
Bin02,cm^-3,particle concentration in size range [170 - 205 nm],
Bin03,cm^-3,particle concentration in size range [205 - 249 nm],
Bin04,cm^-3,particle concentration in size range [249 - 302 nm],
Bin05,cm^-3,particle concentration in size range [302 - 366 nm],
Bin06,cm^-3,particle concentration in size range [366 - 443 nm],
Bin07,cm^-3,particle concentration in size range [443 - 537 nm],
Bin08,cm^-3,particle concentration in size range [537 - 651 nm],
Bin09,cm^-3,particle concentration in size range [651 - 789 nm],
Bin10,cm^-3,particle concentration in size range [789 - 956 nm],
Bin11,cm^-3,particle concentration in size range [956 - 1159 nm],
Bin12,cm^-3,particle concentration in size range [1159 - 1404 nm],
Bin13,cm^-3,particle concentration in size range [1404 - 1702 nm],
Bin14,cm^-3,particle concentration in size range [1702 - 2062 nm],
Bin15,cm^-3,particle concentration in size range [2062 - 2500 nm],
0
19
PI_CONTACT_INFO: 325 Broadway R/CSL6, Boulder, CO 80305; troy.thornberry@noaa.gov; 303-497-3373 
PLATFORM: GML ECC/FPH balloon
LOCATION: Boulder, CO, USA
ASSOCIATED_DATA: N/A
INSTRUMENT_INFO: Printed Optical Particle Spectrometer counts particles from 140 - 2500 nm in diameter 
DATA_INFO: Particle concentrations reported in number per cubic centimeter, binned to 100 m altitude
UNCERTAINTY: Counting uncertainty dominated by air flow, less than 5 percent
ULOD_FLAG: -77777
ULOD_VALUE: 3000 ~3000 per cm3 (varies depending on flow rate- manufacturer quotes 1250  per cm3 at 1.667 cc/s)
LLOD_FLAG: -88888
LLOD_VALUE: 0 0 (varies depending on data field and measurement precision)
DM_CONTACT_INFO: Troy Thornberry, 325 Broadway R/CSL6, Boulder, CO 80305; troy.thornberry@noaa.gov; 303-497-3373
PROJECT_INFO: B2SAP Boulder, CO, USA
STIPULATIONS_ON_USE: Please contact the PIs for questions regarding applications and uncertainties
OTHER_COMMENTS: POPS bin Edges (nm):  140, 170, 205, 249, 302, 366, 443, 537, 651, 789, 956, 1159, 1404, 1702, 2062, 2500
Calculations assume sulfate refractive index of 1.45+0.00j and extinction wavelength = 532 nm
REVISION: R0
R0: QA/QC data
TIME_START,TIME_STOP,TIME_MID,GPSAlt,GPS_Lon,GPS_Lat,iMet_Pressure,iMet_Temperature,THETA,Aerosol_concentration,Surface_Area_Conc,Volume_density,Effective_radius,Extinction,Bin01,Bin02,Bin03,Bin04,Bin05,Bin06,Bin07,Bin08,Bin09,Bin10,Bin11,Bin12,Bin13,Bin14,Bin15
[from data line 228]
61664,61679,61672,24.5,-104.951,40.185,27.2879,-51.6243,619.856,1.5633,0.389394,23.2543,0.179157,0.000161121,0.412536,0.260549,0.217124,0.238837,0.108562,0.151987,0.173699,0,0,0,0,0,0,0,0
61680,61693,61686,24.6,-104.952,40.1853,26.8291,-51.5964,622.949,1.34657,0.332786,20.7478,0.187037,0.000148764,0.420803,0.308589,0.140268,0.0841607,0.0841607,0.168321,0.112214,0.0280536,0,0,0,0,0,0,0
61694,61708,61701,24.7,-104.952,40.1853,26.4415,-51.6962,625.259,1.472,0.407022,26.5041,0.195352,0.000193986,0.308645,0.332387,0.189935,0.166194,0.166194,0.11871,0.11871,0.0712258,0,0,0,0,0,0,0
61709,61724,61716,24.8,-104.953,40.1852,26.002,-51.0593,630.071,1.84407,0.526612,34.5074,0.196582,0.000246874,0.481974,0.188598,0.27242,0.251464,0.209554,0.251464,0.125732,0.0419107,0.0209554,0,0,0,0,0,0
61725,61738,61732,24.9,-104.953,40.1852,25.5862,-51.1023,632.854,1.41557,0.316873,18.5038,0.175185,0.00012498,0.366096,0.268471,0.34169,0.122032,0.0976257,0.0976257,0.0976257,0.0244064,0,0,0,0,0,0,0
61739,61754,61746,25,-104.954,40.1851,25.2313,-50.6807,636.587,1.2886,0.307643,17.9756,0.17529,0.000120166,0.236243,0.257719,0.300672,0.171813,0.107383,0.107383,0.0859064,0.0214766,0,0,0,0,0,0,0
61755,61769,61762,25.1,-104.955,40.1852,24.7879,-51.0921,638.642,1.59905,0.341153,18.543,0.163062,0.000114174,0.370793,0.231746,0.347619,0.347619,0.139047,0.0695237,0.0695237,0.0231746,0,0,0,0,0,0,0
61770,61786,61778,25.2,-104.956,40.1855,24.3988,-51.0629,641.616,1.49291,0.398712,25.5028,0.191889,0.000178715,0.387768,0.213272,0.213272,0.174496,0.213272,0.155107,0.096942,0.0193884,0.0193884,0,0,0,0,0,0
61787,61804,61796,25.3,-104.957,40.1858,23.99,-51.3506,643.889,1.26925,0.296018,17.4945,0.177298,0.000119533,0.390539,0.19527,0.19527,0.136689,0.156216,0.0781079,0.0976349,0.019527,0,0,0,0,0,0,0
61805,61822,61814,25.4,-104.957,40.186,23.5956,-51.6269,646.139,1.22553,0.25516,13.7872,0.1621,8.41883e-05,0.232427,0.380336,0.169038,0.169038,0.126779,0.105649,0.0211298,0.0211298,0,0,0,0,0,0,0
61823,61838,61830,25.5,-104.958,40.1862,23.2533,-51.4347,649.407,1.61473,0.319135,18.0001,0.169208,0.000122063,0.545823,0.341139,0.318397,0.159198,0.0682278,0,0.181941,0,0,0,0,0,0,0,0
61839,61856,61848,25.6,-104.958,40.1862,22.8833,-51.318,652.73,1.28737,0.239415,11.9982,0.150344,6.8406e-05,0.436786,0.160921,0.275865,0.18391,0.114944,0.0689662,0.0459775,0,0,0,0,0,0,0,0
61857,61875,61866,25.7,-104.959,40.1862,22.4995,-51.4132,655.615,1.58624,0.383458,23.5242,0.184043,0.000166289,0.405783,0.405783,0.221336,0.110668,0.147558,0.129113,0.129113,0.0368894,0,0,0,0,0,0,0
61876,61891,61884,25.8,-104.959,40.1863,22.1233,-51.1873,659.445,1.45446,0.245956,11.858,0.144635,6.54524e-05,0.516099,0.328427,0.211132,0.164213,0.140754,0.0469181,0.0469181,0,0,0,0,0,0,0,0
61892,61908,61900,25.9,-104.959,40.1865,21.7533,-50.486,664.732,1.19797,0.217549,11.4915,0.158467,7.12609e-05,0.407308,0.407308,0.0958372,0.0958372,0,0.143756,0.0479186,0,0,0,0,0,0,0,0
61909,61923,61916,26,-104.959,40.1864,21.4421,-49.9136,669.179,1.15449,0.15899,6.73775,0.127136,3.07481e-05,0.487451,0.307864,0.179587,0.076966,0.0256553,0.076966,0,0,0,0,0,0,0,0,0
61925,61940,61932,26.1,-104.96,40.1857,21.1031,-49.6138,673.148,0.842295,0.150206,7.12952,0.142394,3.71775e-05,0.224612,0.196536,0.196536,0.056153,0.0842295,0.0842295,0,0,0,0,0,0,0,0,0
61941,61956,61948,26.2,-104.96,40.1852,20.7544,-50.1525,674.721,1.26909,0.304759,19.333,0.190311,0.000140988,0.415339,0.253819,0.184595,0.0922976,0.115372,0.0461488,0.115372,0.0461488,0,0,0,0,0,0,0
61957,61972,61964,26.3,-104.96,40.1851,20.4194,-50.475,676.894,1.48226,0.244501,11.7489,0.144158,6.43421e-05,0.588199,0.258808,0.23528,0.23528,0.0470559,0.0705839,0.0470559,0,0,0,0,0,0,0,0
61973,61987,61980,26.4,-104.96,40.1851,20.1133,-50.22,680.59,1.52066,0.345012,18.9038,0.164376,0.000118469,0.35482,0.304131,0.202754,0.202754,0.228099,0.152066,0.0760328,0,0,0,0,0,0,0,0
61988,62002,61995,26.5,-104.959,40.185,19.7721,-49.3743,686.531,1.30673,0.234462,11.51,0.147274,6.37313e-05,0.381129,0.326682,0.217788,0.163341,0.0816706,0.108894,0.0272235,0,0,0,0,0,0,0,0
62003,62018,62010,26.6,-104.96,40.1847,19.4531,-48.7306,691.705,1.14102,0.172804,7.96012,0.138193,4.16581e-05,0.412711,0.315602,0.218494,0.0971085,0,0.0728313,0.0242771,0,0,0,0,0,0,0,0
62020,62034,62027,26.7,-104.96,40.1847,19.1331,-48.7092,695.063,1.04744,0.183347,9.06063,0.148254,5.16254e-05,0.389048,0.209487,0.179561,0.0598535,0.119707,0.0598535,0.0299268,0,0,0,0,0,0,0,0
62035,62049,62042,26.8,-104.96,40.1848,18.8373,-48.5953,698.512,1.11404,0.188138,9.18444,0.146453,5.15612e-05,0.371347,0.371347,0.0795743,0.106099,0.0795743,0.0795743,0.0265248,0,0,0,0,0,0,0,0
62050,62065,62058,26.9,-104.96,40.1851,18.5293,-48.2287,702.962,0.881376,0.114298,4.4683,0.11728,1.72831e-05,0.347209,0.240375,0.16025,0.0801251,0.0267084,0.0267084,0,0,0,0,0,0,0,0,0
62066,62080,62073,27,-104.96,40.1853,18.2386,-49.0321,703.615,1.07086,0.151544,6.43638,0.127416,2.91696e-05,0.463077,0.231538,0.173654,0.0868269,0.0578846,0.0578846,0,0,0,0,0,0,0,0,0
62081,62096,62088,27.1,-104.961,40.1856,17.9321,-49.9357,704.186,1.103,0.165909,7.83232,0.141626,4.29944e-05,0.566404,0.149054,0.178865,0.0894323,0.0298108,0.0596215,0.0298108,0,0,0,0,0,0,0,0
62097,62112,62104,27.2,-104.962,40.1861,17.6513,-50.3994,705.893,0.837476,0.129974,6.01763,0.138896,3.17221e-05,0.314054,0.157027,0.209369,0.0785134,0.0261711,0.0261711,0.0261711,0,0,0,0,0,0,0,0
62113,62127,62120,27.3,-104.962,40.1867,17.3971,-50.4814,708.571,1.25835,0.194564,8.74113,0.134781,4.38826e-05,0.491062,0.245531,0.21484,0.122766,0.153457,0,0.0306914,0,0,0,0,0,0,0,0
62128,62145,62136,27.4,-104.964,40.1874,17.0941,-50.4529,712.226,0.992895,0.177032,9.17146,0.15542,5.37902e-05,0.280047,0.22913,0.280047,0.0509177,0.0763765,0.0509177,0,0.0254588,0,0,0,0,0,0,0
62146,62160,62153,27.5,-104.965,40.188,16.8258,-50.4925,715.327,0.618398,0.0813098,2.98228,0.110034,8.93973e-06,0.218258,0.109129,0.145505,0.145505,0,0,0,0,0,0,0,0,0,0,0
62162,62175,62168,27.6,-104.965,40.1885,16.5271,-50.6536,718.472,0.864247,0.13618,6.42635,0.14157,3.40839e-05,0.448128,0.128037,0.0640183,0.0960274,0.0320091,0.0960274,0,0,0,0,0,0,0,0,0
62176,62190,62183,27.7,-104.966,40.1888,16.2727,-50.8033,721.184,0.926755,0.0890579,2.77781,0.0935733,6.19774e-06,0.597907,0.149477,0.119581,0.0597907,0,0,0,0,0,0,0,0,0,0,0
62191,62202,62196,27.8,-104.966,40.1892,16.0122,-50.7233,724.769,0.448269,0.0930634,4.65175,0.149954,2.58121e-05,0.0498076,0.149423,0.0996153,0,0.0996153,0.0498076,0,0,0,0,0,0,0,0,0
57613,57614,57614,1.8,-105.197,39.9491,821.56,20.985,311.12,656.331,137.551,8070.32,0.176014,0.0484547,181.82,142.423,116.449,81.5838,56.8298,38.0027,30.6811,7.49595,0.348649,0,0.348649,0.174324,0.174324,0,0
62653,62653,62653,27.6,-104.96,40.2157,16.48,-45.75,734.916,1.77206,0.190471,6.03568,0.0950647,1.28637e-05,0.443014,0.886028,0.443014,0,0,0,0,0,0,0,0,0,0,0,0
62656,62670,62663,27.5,-104.961,40.2158,16.6487,-47.986,725.563,1.07747,0.182521,8.371,0.137589,4.13966e-05,0.419015,0.179578,0.089789,0.179578,0.149648,0.0598593,0,0,0,0,0,0,0,0,0
62671,62684,62678,27.4,-104.961,40.2161,16.9293,-48.4214,720.719,1.99155,0.278147,11.664,0.125804,5.21941e-05,0.7388,0.481826,0.417583,0.224852,0.0642435,0.0321217,0.0321217,0,0,0,0,0,0,0,0
62685,62697,62691,27.3,-104.961,40.2166,17.2164,-47.9382,718.796,0.763302,0.108723,5.23785,0.144528,3.08808e-05,0.441912,0.120521,0.0803476,0.0401738,0.0401738,0,0.0401738,0,0,0,0,0,0,0,0
62698,62710,62704,27.2,-104.962,40.2172,17.5008,-47.3369,717.363,0.898752,0.119079,4.78768,0.120618,1.96617e-05,0.366158,0.266297,0.0998614,0.0998614,0.0332871,0.0332871,0,0,0,0,0,0,0,0,0
62711,62723,62717,27.1,-104.963,40.2176,17.7923,-47.36,713.896,1.13188,0.17276,7.6252,0.132412,3.65366e-05,0.399486,0.199743,0.233034,0.233034,0.0332905,0,0.0332905,0,0,0,0,0,0,0,0
62724,62734,62729,27,-104.963,40.218,18.0218,-47.1518,711.95,0.890522,0.139766,6.81746,0.146333,3.91525e-05,0.348465,0.271028,0.0774367,0.116155,0,0.0387183,0.0387183,0,0,0,0,0,0,0,0
62736,62746,62741,26.9,-104.964,40.2182,18.311,-46.835,709.713,1.16997,0.161732,6.94808,0.128882,3.27772e-05,0.501414,0.334276,0.167138,0.0417845,0.0417845,0.0835689,0,0,0,0,0,0,0,0,0
62747,62760,62754,26.8,-104.964,40.2184,18.6562,-46.3669,707.401,1.12323,0.212369,11.0649,0.156307,6.62965e-05,0.481385,0.128369,0.160462,0.128369,0.0641847,0.128369,0.0320923,0,0,0,0,0,0,0,0
62761,62772,62766,26.7,-104.964,40.2185,18.9325,-45.2858,707.783,0.706196,0.0921582,3.66093,0.119173,1.46975e-05,0.235399,0.269027,0.100885,0.0672567,0,0.0336284,0,0,0,0,0,0,0,0,0
62773,62784,62778,26.6,-104.964,40.2187,19.2467,-45.2858,704.475,0.839952,0.168893,9.53663,0.169396,6.11064e-05,0.268785,0.201588,0.100794,0.0671961,0.134392,0.0335981,0,0.0335981,0,0,0,0,0,0,0
62785,62796,62790,26.5,-104.964,40.2188,19.5458,-45.3083,701.295,0.737729,0.0825873,2.7637,0.100392,6.94865e-06,0.301798,0.201199,0.167666,0.0670663,0,0,0,0,0,0,0,0,0,0,0
62797,62808,62802,26.4,-104.964,40.2187,19.8567,-45.2467,698.342,0.945194,0.115946,4.16707,0.107819,1.28718e-05,0.293336,0.391115,0.0977787,0.130372,0.0325929,0,0,0,0,0,0,0,0,0,0
62809,62819,62814,26.3,-104.965,40.2187,20.2036,-46.2045,691.966,1.24971,0.234828,12.0492,0.153933,7.11252e-05,0.499883,0.17853,0.17853,0.107118,0.142824,0.107118,0.035706,0,0,0,0,0,0,0,0
62820,62828,62824,26.2,-104.965,40.2189,20.4867,-47.17,686.295,0.997952,0.24787,15.4256,0.186698,0.000108571,0.216946,0.303724,0.0867784,0.0867784,0.130168,0.0867784,0.0433892,0.0433892,0,0,0,0,0,0,0
62829,62837,62833,26.1,-104.965,40.2192,20.8033,-48.1967,680.184,1.23923,0.183942,8.27306,0.134929,4.263e-05,0.38459,0.427322,0.213661,0.0854643,0.0854643,0,0.0427322,0,0,0,0,0,0,0,0
62838,62846,62842,26,-104.965,40.2192,21.1233,-48.8744,675.188,1.62343,0.242734,11.8994,0.147066,6.69227e-05,0.683549,0.427218,0.213609,0.128165,0.128165,0,0,0.0427218,0,0,0,0,0,0,0
62847,62855,62851,25.9,-104.965,40.2194,21.4711,-49.6556,669.702,0.960991,0.245359,15.45,0.188906,0.000114461,0.250693,0.167129,0.250693,0.0417822,0.0417822,0.0417822,0.167129,0,0,0,0,0,0,0,0
62856,62864,62860,25.8,-104.966,40.22,21.8433,-50.6678,663.404,1.00809,0.243044,13.9939,0.172733,9.33784e-05,0.21002,0.294028,0.0420039,0.126012,0.168016,0.0840079,0.0840079,0,0,0,0,0,0,0,0
62865,62873,62869,25.7,-104.966,40.2202,22.18,-51.3222,658.569,1.25098,0.194314,9.27068,0.143129,5.16728e-05,0.542092,0.333595,0.0833988,0.125098,0.0833988,0.0416994,0.0416994,0,0,0,0,0,0,0,0
62874,62884,62879,25.6,-104.966,40.2204,22.5809,-51.2655,655.374,1.40603,0.227698,10.9849,0.14473,6.22108e-05,0.535632,0.301293,0.267816,0.100431,0.133908,0,0.066954,0,0,0,0,0,0,0,0
62885,62895,62890,25.5,-104.967,40.2207,22.9827,-51.5391,651.272,1.20666,0.252955,15.4787,0.183575,0.000107402,0.40222,0.234628,0.234628,0.167592,0.0335183,0.0335183,0.0335183,0.0670367,0,0,0,0,0,0,0
62896,62906,62901,25.4,-104.967,40.221,23.3518,-51.2045,649.295,1.20781,0.270674,15.5794,0.172673,0.000101514,0.261147,0.228504,0.326434,0.130574,0.0652868,0.130574,0.0326434,0.0326434,0,0,0,0,0,0,0
62907,62916,62912,25.3,-104.967,40.2212,23.715,-51.212,646.416,1.50447,0.439339,28.0026,0.191214,0.000201832,0.358208,0.179104,0.214925,0.143283,0.214925,0.214925,0.143283,0.0358208,0,0,0,0,0,0,0
62917,62927,62922,25.2,-104.968,40.2215,24.0991,-51.1809,643.545,1.7006,0.486864,33.2475,0.204867,0.00024094,0.385041,0.320868,0.256694,0.160434,0.192521,0.224607,0.0641736,0.0641736,0.0320868,0,0,0,0,0,0
62928,62937,62932,25.1,-104.968,40.2215,24.505,-51.336,640.036,1.57146,0.36442,20.4709,0.168521,0.00012941,0.279371,0.279371,0.384134,0.174607,0.244449,0.139685,0.0349213,0.0349213,0,0,0,0,0,0,0
62938,62948,62943,25,-104.969,40.2216,24.9064,-51.2282,637.379,2.021,0.473169,27.9542,0.177236,0.000193328,0.599985,0.378938,0.284204,0.252625,0.126313,0.157891,0.221047,0,0,0,0,0,0,0,0
62949,62959,62954,24.9,-104.969,40.2216,25.3018,-51.0873,634.925,1.92004,0.453573,26.1464,0.172936,0.000175227,0.464525,0.495493,0.18581,0.154842,0.278715,0.18581,0.154842,0,0,0,0,0,0,0,0
62960,62972,62966,24.8,-104.969,40.2215,25.7442,-51.1742,631.536,1.75278,0.400778,23.3074,0.174466,0.000156154,0.367518,0.424059,0.367518,0.169624,0.141353,0.141353,0.113082,0.0282706,0,0,0,0,0,0,0
62973,62984,62978,24.7,-104.969,40.2215,26.18,-51.3367,628.06,1.80482,0.423641,23.8307,0.168756,0.000154371,0.416497,0.249898,0.360964,0.277664,0.222132,0.138832,0.138832,0,0,0,0,0,0,0,0
62985,62996,62990,24.6,-104.969,40.2216,26.595,-51.2542,625.469,1.90666,0.484643,31.5184,0.195102,0.000230657,0.414491,0.497389,0.414491,0.0828982,0.138164,0.138164,0.110531,0.110531,0,0,0,0,0,0,0
62997,63009,63003,24.5,-104.969,40.2219,27.0277,-50.9069,623.572,1.66158,0.395901,22.3181,0.169119,0.000144382,0.352457,0.302106,0.327282,0.151053,0.22658,0.201404,0.100702,0,0,0,0,0,0,0,0
63010,63021,63016,24.4,-104.97,40.2223,27.4408,-50.9783,620.669,1.9936,0.500254,30.5757,0.183361,0.000212684,0.457989,0.457989,0.215524,0.296346,0.188584,0.188584,0.134703,0.053881,0,0,0,0,0,0,0
63022,63034,63028,24.3,-104.97,40.2227,27.8746,-51.3531,616.861,1.63472,0.374588,21.1225,0.169166,0.000135328,0.371528,0.297223,0.247686,0.297223,0.198148,0.123843,0.0743057,0.0247686,0,0,0,0,0,0,0
63035,63047,63041,24.2,-104.971,40.2232,28.33,-51.7792,612.822,1.84812,0.439175,26.2213,0.179118,0.000180861,0.47523,0.264017,0.501632,0.15841,0.105607,0.15841,0.15841,0.0264017,0,0,0,0,0,0,0
63048,63060,63054,24.1,-104.972,40.2236,28.7808,-51.9385,609.635,2.07062,0.501411,30.6273,0.183246,0.000209295,0.389764,0.511565,0.365404,0.341043,0.097441,0.219242,0.0487205,0.097441,0,0,0,0,0,0,0
63061,63074,63068,24,-104.973,40.224,29.245,-51.7607,607.331,2.13044,0.577054,36.3426,0.188939,0.00025989,0.355073,0.488225,0.332881,0.288496,0.244112,0.155344,0.199728,0.0665761,0,0,0,0,0,0,0
63075,63087,63081,23.9,-104.973,40.2244,29.7454,-51.8946,604.04,1.857,0.552038,37.6576,0.204647,0.00028753,0.547576,0.190461,0.309499,0.214269,0.119038,0.142846,0.238076,0.0952305,0,0,0,0,0,0,0
63088,63100,63094,23.8,-104.974,40.2249,30.2354,-52.3285,600.037,2.21287,0.467096,25.1876,0.161771,0.000152785,0.713829,0.237943,0.33312,0.452092,0.16656,0.237943,0.0475886,0.0237943,0,0,0,0,0,0,0
63101,63114,63108,23.7,-104.974,40.2254,30.7286,-52.7014,596.273,1.88589,0.465804,27.8125,0.179126,0.000186637,0.325153,0.368507,0.41186,0.281799,0.173415,0.195092,0.0650306,0.0650306,0,0,0,0,0,0,0
63115,63127,63121,23.6,-104.975,40.2256,31.2146,-52.8892,593.086,2.24309,0.51231,28.7116,0.16813,0.000185347,0.46731,0.607503,0.257021,0.303752,0.21029,0.257021,0.140193,0,0,0,0,0,0,0,0
63128,63141,63134,23.5,-104.976,40.2258,31.7446,-53.14,589.581,2.13388,0.59877,36.0927,0.180834,0.000245301,0.321229,0.229449,0.550678,0.252394,0.206504,0.413009,0.13767,0.0229449,0,0,0,0,0,0,0
63142,63154,63148,23.4,-104.976,40.226,32.2531,-53.5869,585.704,2.47037,0.667293,40.531,0.182218,0.000278655,0.503224,0.251612,0.411729,0.548972,0.251612,0.251612,0.205864,0.0457476,0,0,0,0,0,0,0
63155,63168,63162,23.3,-104.977,40.2261,32.8238,-53.3977,583.292,2.18136,0.550339,33.0426,0.180121,0.000223026,0.449765,0.3823,0.337324,0.404789,0.202394,0.247371,0.089953,0.0674648,0,0,0,0,0,0,0
63169,63181,63175,23.2,-104.978,40.2262,33.3123,-54.1531,578.825,2.36025,0.622697,38.4775,0.185375,0.000272492,0.539487,0.337179,0.449572,0.292222,0.292222,0.15735,0.247265,0.0449572,0,0,0,0,0,0,0
63182,63195,63188,23.1,-104.978,40.2264,33.8271,-54.6079,575.108,2.52231,0.690381,42.8695,0.186286,0.000300657,0.500292,0.396065,0.437756,0.375219,0.208455,0.354374,0.18761,0.0625365,0,0,0,0,0,0,0
63196,63209,63202,23,-104.979,40.2267,34.4054,-54.9985,571.3,2.3202,0.520734,30.0019,0.172844,0.000191207,0.508234,0.464039,0.508234,0.287263,0.198874,0.243068,0.0883885,0,0.0220971,0,0,0,0,0,0
63210,63224,63217,22.9,-104.98,40.227,34.968,-54.8593,569.026,2.49933,0.740899,49.0536,0.198625,0.000363176,0.530161,0.454424,0.359752,0.265081,0.208278,0.340818,0.227212,0.113606,0,0,0,0,0,0,0
