api/src/app/data/B2SAP/Locations/Boulder/NOAA-POPS-B2SAP_GMLBalloon_20200917_R0.ict
61,1001
Thornberry, T. D.
NOAA Chemical Sciences Laboratory
Portable Optical Particle Spectrometer (POPS)
Balloon Baseline Stratospheric Aerosol Profiles (B2SAP)
1,1
2020,09,17,2024,05,30
0
TIME_START,s,Seconds since midnight UTC on flight start day,Start time of 100 m altitude bin in UTC_seconds_since_midnight
28
1.0,1.0,1.0,1.0,1.0,1.0,1.0,1.0,1.0,1.0,1.0,1.0,1.0,1.0,1.0,1.0,1.0,1.0,1.0,1.0,1.0,1.0,1.0,1.0,1.0,1.0,1.0,1.0
99999,99999,99999,99999,99999,99999,99999,99999,99999,99999,99999,99999,99999,99999,99999,99999,99999,99999,99999,99999,99999,99999,99999,99999,99999,99999,99999,99999
TIME_STOP,s,End time of 100 m altitude bin in UTC seconds since midnight,
TIME_MID,s,Mid time of 100 m altitude in UTC seconds since midnight,
GPSAlt,m,GPS reported altitude above sea level (m),
GPS_Lon,deg,GPS reported longitude,
GPS_Lat,deg,GPS reported latitude,
iMet_Pressure,mb,Pressure reported (mB),
iMet_Temperature,degrees C,Ambient temperature (oC),
THETA,K,Potential temperature from iMet,
Aerosol_concentration,cm^-3,Aerosol concentration,
Surface_Area_Conc,um^2 cm^-3,Surface area concentration,
Volume_density,um^3 cm^-3,Volume density,
Effective_radius,um,Effective radius,
Extinction,km^-1,Extinction,
Bin01,cm^-3,particle concentration in size range [140 - 170 nm],
Bin02,cm^-3,particle concentration in size range [170 - 205 nm],
Bin03,cm^-3,particle concentration in size range [205 - 249 nm],
Bin04,cm^-3,particle concentration in size range [249 - 302 nm],
Bin05,cm^-3,particle concentration in size range [302 - 366 nm],
Bin06,cm^-3,particle concentration in size range [366 - 443 nm],
Bin07,cm^-3,particle concentration in size range [443 - 537 nm],
Bin08,cm^-3,particle concentration in size range [537 - 651 nm],
Bin09,cm^-3,particle concentration in size range [651 - 789 nm],
Bin10,cm^-3,particle concentration in size range [789 - 956 nm],
Bin11,cm^-3,particle concentration in size range [956 - 1159 nm],
Bin12,cm^-3,particle concentration in size range [1159 - 1404 nm],
Bin13,cm^-3,particle concentration in size range [1404 - 1702 nm],
Bin14,cm^-3,particle concentration in size range [1702 - 2062 nm],
Bin15,cm^-3,particle concentration in size range [2062 - 2500 nm],
0
19
PI_CONTACT_INFO: 325 Broadway R/CSL6, Boulder, CO 80305; troy.thornberry@noaa.gov; 303-497-3373 
PLATFORM: GML ECC/FPH balloon
LOCATION: Boulder, CO, USA
ASSOCIATED_DATA: N/A
INSTRUMENT_INFO: Printed Optical Particle Spectrometer counts particles from 140 - 2500 nm in diameter 
DATA_INFO: Particle concentrations reported in number per cubic centimeter, binned to 100 m altitude
UNCERTAINTY: Counting uncertainty dominated by air flow, less than 5 percent
ULOD_FLAG: -77777
ULOD_VALUE: 3000 ~3000 per cm3 (varies depending on flow rate- manufacturer quotes 1250  per cm3 at 1.667 cc/s)
LLOD_FLAG: -88888
LLOD_VALUE: 0 0 (varies depending on data field and measurement precision)
DM_CONTACT_INFO: Troy Thornberry, 325 Broadway R/CSL6, Boulder, CO 80305; troy.thornberry@noaa.gov; 303-497-3373
PROJECT_INFO: B2SAP Boulder, CO, USA
STIPULATIONS_ON_USE: Please contact the PIs for questions regarding applications and uncertainties
OTHER_COMMENTS: POPS bin Edges (nm):  140, 170, 205, 249, 302, 366, 443, 537, 651, 789, 956, 1159, 1404, 1702, 2062, 2500
Calculations assume sulfate refractive index of 1.45+0.00j and extinction wavelength = 532 nm
REVISION: R0
R0: QA/QC data
TIME_START,TIME_STOP,TIME_MID,GPSAlt,GPS_Lon,GPS_Lat,iMet_Pressure,iMet_Temperature,THETA,Aerosol_concentration,Surface_Area_Conc,Volume_density,Effective_radius,Extinction,Bin01,Bin02,Bin03,Bin04,Bin05,Bin06,Bin07,Bin08,Bin09,Bin10,Bin11,Bin12,Bin13,Bin14,Bin15
[from data line 311]
65460,65461,65460,22.2,-104.599,39.7255,37.31,-56.905,553.339,2.86908,1.01587,65.9918,0.194882,0.000489261,0,0.604017,0.302008,0.302008,0.906025,0.151004,0.604017,0,0,0,0,0,0,0,0
65462,65463,65462,22.1,-104.599,39.7254,37.89,-56.945,550.814,1.06537,0.401977,29.8471,0.222752,0.000232461,0.304392,0,0.152196,0.152196,0,0.304392,0,0.152196,0,0,0,0,0,0,0
65464,65464,65464,22,-104.599,39.7254,38.35,-56.87,549.115,3.28545,1.34468,102.332,0.228304,0.000809396,0.597354,0.298677,0.298677,0.298677,0.597354,0.597354,0,0.597354,0,0,0,0,0,0,0
65466,65467,65466,21.9,-104.599,39.7252,39.175,-57.19,544.971,1.31298,1.05839,189.015,0.535762,0.000474498,0.291774,0,0.437661,0,0.291774,0.145887,0,0,0,0,0,0,0.145887,0,0
65468,65468,65468,21.8,-104.599,39.7252,39.73,-57.58,541.811,2.86208,0.991299,71.8327,0.21739,0.000562356,0.858625,0.286208,0,0.572417,0.286208,0.286208,0.286208,0.286208,0,0,0,0,0,0,0
65470,65471,65470,21.7,-104.599,39.725,40.5,-57.96,537.888,2.63982,0.848928,58.0316,0.205076,0.000440686,0.586627,0.586627,0,0.293313,0.43997,0.293313,0.293313,0.146657,0,0,0,0,0,0,0
65472,65473,65472,21.6,-104.599,39.725,41.125,-58.66,533.808,1.74407,0.499314,31.3872,0.188582,0.00022836,0.145339,0.436018,0.436018,0.145339,0.145339,0.145339,0.290679,0,0,0,0,0,0,0,0
65474,65475,65474,21.5,-104.599,39.725,41.79,-58.97,530.585,3.31276,1.40308,99.2934,0.212304,0.000772768,0.288066,0.144033,0.288066,0.576132,0.576132,0.576132,0.720165,0.144033,0,0,0,0,0,0,0
65476,65478,65477,21.4,-104.599,39.725,42.6067,-58.6733,528.403,3.16434,1.61475,175.621,0.326282,0.000870669,0.479445,0.383556,0.383556,0.287667,0.191778,0.767113,0.383556,0.191778,0,0,0,0.0958891,0,0,0
65481,65481,65481,21.2,-104.599,39.7249,43.9,-58.99,523.126,2.92525,2.24593,315.289,0.421146,0.00124585,0,0.265932,0.265932,0.531863,1.06373,0,0.265932,0.265932,0,0,0.265932,0,0,0,0
65483,65484,65484,21.1,-104.599,39.7248,44.735,-59.565,518.922,3.82013,2.08698,184.203,0.264789,0.0015066,0.565946,0.141486,0.565946,0.282973,0.282973,0.565946,0.848919,0.141486,0.424459,0,0,0,0,0,0
65485,65487,65486,21,-104.599,39.7248,45.6133,-60.7133,513.277,3.34581,1.23275,97.7805,0.237957,0.000667767,0.371756,0.278817,0.371756,0.92939,0.650573,0.278817,0.278817,0.092939,0,0.092939,0,0,0,0,0
65489,65489,65489,20.9,-104.599,39.7246,46.64,-61.85,507.278,3.84742,2.22305,178.08,0.240319,0.00149977,0.274816,0.274816,0,0.274816,0.549632,0.549632,1.37408,0.549632,0,0,0,0,0,0,0
65492,65492,65492,20.7,-104.598,39.7244,47.7,-62.4,502.733,2.4798,0.782942,49.4934,0.189644,0.000356395,0.275533,0.8266,0,0,0.551066,0.551066,0.275533,0,0,0,0,0,0,0,0
65496,65496,65496,20.6,-104.598,39.7241,49.14,-62.78,497.575,2.97795,1.23927,85.0073,0.205784,0.000652504,0,0.270723,0.270723,0.812168,0.270723,0.541445,0.812168,0,0,0,0,0,0,0,0
65497,65498,65498,20.5,-104.598,39.724,49.695,-62.795,495.953,3.17459,1.72858,139.165,0.241524,0.00116512,0.414076,0,0.276051,0.414076,0.138025,0.552102,0.828153,0.552102,0,0,0,0,0,0,0
65499,65500,65500,20.4,-104.598,39.7239,50.39,-62.72,494.162,3.61892,1.53105,108.503,0.212606,0.000847095,0.134034,0.402102,0.536136,0.402102,0.402102,0.804204,0.804204,0.134034,0,0,0,0,0,0,0
65502,65503,65502,20.3,-104.598,39.7238,51.47,-62.625,491.399,3.23543,1.15648,83.9976,0.217896,0.000665892,0.281341,0.562683,0.844024,0.422012,0.140671,0.140671,0.562683,0.281341,0,0,0,0,0,0,0
65504,65505,65504,20.2,-104.598,39.7237,52.19,-62.49,489.763,3.93631,1.97759,218.489,0.331448,0.00104515,0.421747,0.56233,0.281165,0.56233,0.843494,0.421747,0.56233,0.140582,0,0,0.140582,0,0,0,0
65506,65508,65507,20.1,-104.598,39.7237,53.16,-62.595,486.953,6.39325,3.02156,246.916,0.245154,0.00185936,0.710362,0.142072,0.568289,0.994506,1.27865,1.13658,0.852434,0.568289,0,0.142072,0,0,0,0,0
65509,65510,65510,20,-104.597,39.7236,54.12,-62.58,484.51,3.44711,1.38629,102.682,0.222209,0.000813766,0.275769,0.551538,0.551538,0.275769,0.551538,0.413653,0.413653,0.413653,0,0,0,0,0,0,0
65512,65512,65512,19.9,-104.597,39.7237,55.08,-62.98,481.152,2.47825,1.08139,86.1232,0.238923,0.000733067,0.550721,0.275361,0.550721,0,0,0,0.826082,0.275361,0,0,0,0,0,0,0
65514,65514,65514,19.8,-104.597,39.7236,56.18,-63.67,476.882,3.39297,1.52006,116.843,0.230603,0.000973438,0.565496,0.565496,0,0.282748,0.565496,0,1.13099,0.282748,0,0,0,0,0,0,0
65516,65517,65516,19.7,-104.597,39.7236,56.9367,-64.4667,473.252,4.975,2.19903,178.418,0.243404,0.00136065,0.382693,0.861059,0.478366,0.478366,0.861059,0.574039,0.861059,0.382693,0,0.0956732,0,0,0,0,0
65519,65519,65519,19.6,-104.597,39.7236,57.75,-65.23,469.61,3.54884,2.08233,221.088,0.31852,0.00161979,0.272988,1.09195,0.272988,0.272988,0,0.545976,0.545976,0,0.272988,0.272988,0,0,0,0,0
65521,65523,65522,19.5,-104.597,39.7235,58.9,-65.3233,466.768,5.39668,2.47785,211.829,0.256467,0.00163846,0.568072,0.568072,0.662751,1.13614,0.568072,0.284036,0.946787,0.378715,0.189357,0.0946787,0,0,0,0,0
65524,65526,65525,19.4,-104.597,39.7234,60.05,-65.0533,464.795,4.72779,1.83394,151.204,0.247343,0.00111891,0.661891,0.756447,0.945558,0.283668,0.661891,0.472779,0.567335,0.189112,0.0945558,0.0945558,0,0,0,0,0
65527,65527,65527,19.3,-104.597,39.7232,60.83,-64.84,463.564,5.83421,3.26713,315.018,0.289262,0.00240328,0.555639,0.833458,0.833458,0.277819,0.833458,0.277819,1.3891,0.277819,0.277819,0.277819,0,0,0,0,0
65528,65530,65529,19.2,-104.597,39.7231,61.655,-64.895,461.662,4.91703,2.43756,202.204,0.248861,0.00165279,0.723092,0.433855,0.578474,0.289237,0.433855,0.723092,1.15695,0.289237,0.289237,0,0,0,0,0,0
65533,65533,65533,19.1,-104.596,39.7229,63.32,-65.4,457.049,4.17852,1.24291,82.0903,0.19814,0.000599312,0.557136,0.835705,0.557136,0.835705,0.557136,0.278568,0.278568,0.278568,0,0,0,0,0,0,0
65534,65535,65534,19,-104.596,39.7229,63.915,-65.44,455.736,3.23588,1.64732,134.157,0.244318,0.00109487,0.14069,0.562761,0.281381,0.14069,0.422071,0.562761,0.703451,0.281381,0.14069,0,0,0,0,0,0
65537,65539,65538,18.9,-104.596,39.7228,65.38,-65.3667,452.958,4.82964,2.08571,217.47,0.312799,0.00119641,0.946989,0.568193,0.85229,0.85229,0.0946989,0.568193,0.568193,0.189398,0,0.0946989,0.0946989,0,0,0,0
65540,65540,65540,18.8,-104.596,39.7227,66.2,-65.69,450.649,6.22424,1.81262,110.867,0.183492,0.000780745,0.889177,0.889177,0.889177,0.889177,1.48196,0.296392,0.889177,0,0,0,0,0,0,0,0
65541,65544,65542,18.7,-104.596,39.7226,67.4833,-65.9767,447.555,4.74882,1.06552,64.0853,0.180434,0.000440411,1.51962,0.759811,0.949764,0.284929,0.664835,0.189953,0.189953,0.189953,0,0,0,0,0,0,0
65545,65547,65546,18.6,-104.596,39.7225,68.72,-66.01,445.176,5.84379,2.47669,214.852,0.260248,0.00157763,0.942546,0.942546,0.754037,0.188509,1.13106,0.754037,0.377018,0.565528,0,0.188509,0,0,0,0,0
65548,65550,65549,18.5,-104.596,39.7224,69.9733,-65.75,443.433,6.70812,2.41546,178.343,0.221502,0.00140948,0.862472,1.24579,1.24579,0.766642,0.574981,0.287491,1.24579,0.383321,0.0958302,0,0,0,0,0,0
65551,65553,65552,18.4,-104.596,39.7223,71.3,-65.6167,441.346,5.76394,2.03246,141.801,0.209305,0.00107933,0.566945,0.755927,1.13389,0.755927,0.850418,0.661436,0.566945,0.472454,0,0,0,0,0,0,0
65554,65555,65554,18.3,-104.596,39.7223,72.425,-65.475,439.683,5.19345,1.42442,92.1504,0.19408,0.000681848,0.786887,1.10164,1.10164,0.944264,0.314755,0,0.786887,0.157377,0,0,0,0,0,0,0
65556,65557,65556,18.2,-104.596,39.7222,73.305,-65.41,438.29,6.13579,3.19188,277.47,0.26079,0.00227251,0.629312,0.78664,0.629312,0.78664,0.471984,0.78664,0.78664,0.78664,0.471984,0,0,0,0,0,0
65560,65561,65560,18.1,-104.595,39.722,75.05,-65.59,434.988,6.42675,2.55146,269.218,0.316546,0.00129964,1.31831,1.31831,0.823942,0.823942,0.164788,1.15352,0.329577,0.329577,0,0,0.164788,0,0,0,0
65562,65562,65562,18,-104.595,39.7219,75.92,-65.865,432.979,6.68755,2.67356,211.118,0.236895,0.00164087,0.489333,1.79422,0.652444,0.652444,0.652444,1.30489,0.326222,0.489333,0.326222,0,0,0,0,0,0
65566,65567,65566,17.9,-104.595,39.7216,77.76,-66.58,428.544,7.43639,2.24783,162.966,0.217498,0.00121799,1.42399,1.74043,1.10755,0.791105,0.791105,0.791105,0,0.632884,0.158221,0,0,0,0,0,0
65568,65570,65569,17.8,-104.595,39.7215,78.9,-66.7233,426.477,9.59439,2.62046,175.907,0.201384,0.00115579,2.10866,1.68693,1.47606,1.26519,0.73803,1.68693,0.527164,0,0,0.105433,0,0,0,0,0
65571,65573,65572,17.7,-104.594,39.7213,80.26,-66.5133,424.819,12.8224,4.44737,394.155,0.26588,0.00231641,1.95596,2.17329,2.39062,2.39062,1.08664,1.19531,0.760651,0.434657,0.217329,0.108664,0,0.108664,0,0,0
65574,65576,65575,17.6,-104.594,39.7211,81.66,-67.0167,421.704,11.8595,2.81572,160.566,0.171075,0.00104089,2.61127,2.17606,1.52324,1.74085,2.39366,0.652817,0.544015,0.217606,0,0,0,0,0,0,0
65577,65579,65578,17.5,-104.594,39.7209,83.0233,-67.97,417.767,12.8473,3.46034,235.87,0.204491,0.00172134,3.10107,2.65806,2.21505,0.996771,1.77204,0.664514,0.664514,0.553762,0.221505,0,0,0,0,0,0
65582,65582,65582,17.4,-104.593,39.7206,84.91,-68.22,414.589,13.3296,3.01115,176.623,0.175968,0.00118822,1.95067,3.25111,3.90133,2.27578,0,0.650222,0.975333,0.325111,0,0,0,0,0,0,0
65583,65585,65584,17.3,-104.593,39.7204,85.8433,-68.3967,412.946,11.7143,3.13465,218.661,0.209268,0.00148271,2.92858,2.27778,1.73545,1.41006,1.08466,1.41006,0.433863,0.216932,0.108466,0.108466,0,0,0,0,0
65586,65589,65588,17.2,-104.593,39.7202,87.49,-68.7175,410.06,9.50514,2.0338,113.122,0.166863,0.000707466,1.96658,2.2124,1.8027,1.72076,0.573586,0.819409,0.163882,0.245823,0,0,0,0,0,0,0
65590,65591,65590,17.1,-104.592,39.72,89.1433,-68.3633,408.581,12.0881,2.4056,128.937,0.160796,0.000797887,3.39314,3.2871,1.59053,0.95432,1.4845,0.848284,0.424142,0.106036,0,0,0,0,0,0,0
65593,65595,65594,17,-104.592,39.7198,90.64,-68.25,406.868,10.4918,3.00517,255.913,0.255473,0.00136152,2.3315,2.11955,1.90759,1.27173,1.37771,0.529887,0.635864,0,0.211955,0,0.105977,0,0,0,0
65596,65598,65597,16.9,-104.591,39.7196,92.1567,-68.0867,405.26,11.3084,3.19842,243.326,0.22823,0.00172202,2.13367,2.66709,2.5604,1.38689,0.640101,0.746784,0.426734,0.32005,0.32005,0.106683,0,0,0,0,0
65599,65599,65599,16.8,-104.591,39.7194,93.12,-67.97,404.291,9.30346,2.78782,195.826,0.210731,0.00141898,1.66133,2.32586,0.664533,1.66133,0.664533,1.32907,0.664533,0,0.332266,0,0,0,0,0,0
65603,65604,65604,16.7,-104.59,39.7192,95.355,-67.46,402.559,8.95206,1.91854,138.024,0.215828,0.000848799,2.87745,1.75844,2.07816,0.95915,0.639433,0.159858,0.159858,0.159858,0,0.159858,0,0,0,0,0
65606,65607,65606,16.6,-104.59,39.719,96.885,-67.43,400.788,11.4965,2.30511,129.179,0.168121,0.000779134,3.38133,1.85973,2.36693,1.5216,1.5216,0.5072,0.169067,0,0.169067,0,0,0,0,0,0
65610,65611,65610,16.5,-104.589,39.719,98.87,-67.1,399.12,11.6659,2.62449,154.706,0.176841,0.00103796,2.51266,2.69213,2.51266,1.79475,0.358951,0.897377,0.538426,0.358951,0,0,0,0,0,0,0
65612,65615,65614,16.4,-104.588,39.719,100.4,-66.615,398.3,11.1581,2.47238,142.043,0.172356,0.000931006,2.72364,2.10862,2.19648,1.84504,0.790733,0.702874,0.527156,0.263578,0,0,0,0,0,0,0
65617,65618,65618,16.3,-104.588,39.7189,102.455,-66.1,396.991,9.76854,1.92321,92.011,0.143527,0.000475329,1.26629,2.17079,2.35169,1.98989,1.44719,0.361798,0.180899,0,0,0,0,0,0,0,0
65619,65621,65620,16.2,-104.587,39.7189,103.77,-66.16,395.438,10.2142,2.2445,137.069,0.183206,0.000889739,2.59998,2.04284,2.22855,1.11428,1.11428,0.74285,0,0.185713,0.185713,0,0,0,0,0,0
65622,65625,65624,16.1,-104.587,39.7188,105.595,-65.7025,394.336,8.80175,1.98615,113.48,0.171407,0.000736169,2.13095,2.2236,1.20445,0.7412,1.01915,1.1118,0.1853,0.1853,0,0,0,0,0,0,0
65626,65627,65626,16,-104.587,39.7186,107.195,-65.095,393.795,11.6713,2.57637,163.034,0.189841,0.00111008,2.91783,2.91783,2.5531,1.27655,0.547093,0.729457,0.182364,0.364728,0.182364,0,0,0,0,0,0
65630,65632,65631,15.9,-104.586,39.7185,109.537,-65.05,391.465,12.5328,2.85899,166.874,0.175104,0.00107083,2.70315,2.45741,2.45741,1.72019,1.59732,0.982965,0.368612,0.122871,0.122871,0,0,0,0,0,0
65633,65634,65634,15.8,-104.585,39.7184,111.41,-64.875,389.888,10.0862,1.82125,93.0006,0.153192,0.000551491,3.18513,2.83123,1.59256,0.707806,0.530855,0.884758,0.353903,0,0,0,0,0,0,0,0
65636,65639,65638,15.7,-104.585,39.7183,113.087,-64.5167,388.902,9.57931,1.75782,87.6676,0.149619,0.000496839,3.42963,0.946105,2.12874,1.53742,0.709579,0.473052,0.354789,0,0,0,0,0,0,0,0
65640,65642,65641,15.6,-104.584,39.7183,114.857,-64.51,387.198,13.7161,2.28373,102.904,0.135178,0.000500201,2.86249,4.53227,2.74322,1.43124,1.43124,0.596351,0.11927,0,0,0,0,0,0,0,0
65643,65646,65644,15.5,-104.584,39.7182,116.743,-64.37,385.648,10.0954,2.55327,216.461,0.254335,0.00110567,3.25106,2.22441,1.1122,1.45442,0.855542,0.427771,0.513325,0.0855542,0,0.0855542,0.0855542,0,0,0,0
65648,65649,65648,15.4,-104.583,39.7181,118.93,-64.225,383.88,13.3706,2.96899,167.442,0.169191,0.00100705,2.63646,1.69487,3.38974,2.63646,1.69487,0.941593,0.188319,0,0.188319,0,0,0,0,0,0
65650,65653,65652,15.3,-104.583,39.718,120.52,-64.4233,382.07,10.1441,2.47484,179.846,0.218009,0.00121812,3.17767,2.32215,1.22218,1.3444,0.855527,0.244436,0.611091,0.122218,0.122218,0.122218,0,0,0,0,0
65654,65657,65656,15.2,-104.582,39.7178,122.737,-64.3333,380.237,11.8928,3.18169,235.435,0.22199,0.00160369,2.23726,2.94376,2.35501,1.29525,1.64851,0.471002,0.353251,0.11775,0.353251,0.11775,0,0,0,0,0
65658,65659,65658,15.1,-104.582,39.7175,124.525,-63.89,379.476,12.2237,2.39177,136.828,0.171624,0.00083669,3.10153,3.10153,2.18932,1.82443,1.2771,0.364886,0,0.182443,0.182443,0,0,0,0,0,0
65661,65662,65662,15,-104.581,39.7173,126.17,-63.645,378.503,9.97153,2.29718,135.785,0.177328,0.00092854,2.2159,2.2159,1.66192,1.84658,0.738632,0.184658,0.92329,0.184658,0,0,0,0,0,0,0
65665,65668,65666,14.9,-104.58,39.7169,129.037,-63.2575,376.767,9.82221,2.92251,266.744,0.273817,0.00149799,2.45555,2.36461,1.63704,0.909464,1.00041,0.727571,0,0.363786,0.181893,0.0909464,0.0909464,0,0,0,0
65669,65672,65670,14.8,-104.58,39.7166,131.392,-62.7475,375.742,9.57398,2.16213,143.597,0.199244,0.000945084,2.81071,2.19587,1.58102,1.22969,0.527008,0.439173,0.527008,0.175669,0,0.0878347,0,0,0,0,0
65673,65676,65674,14.7,-104.579,39.7162,133.787,-62.2233,374.746,7.86852,1.58413,90.8051,0.171965,0.000599757,2.46625,1.64417,1.40929,1.17441,0.352322,0.234881,0.352322,0.234881,0,0,0,0,0,0,0
65677,65679,65678,14.6,-104.579,39.7158,135.793,-61.96,373.607,9.49198,2.17077,129.918,0.179546,0.00087354,2.0585,2.51595,1.4867,1.14361,1.02925,0.686168,0.114361,0.457445,0,0,0,0,0,0,0
65680,65683,65682,14.5,-104.578,39.7153,137.86,-61.62,372.604,9.63872,2.36181,150.702,0.191423,0.00108231,2.80399,1.57724,1.75249,1.402,0.525748,0.525748,0.525748,0.525748,0,0,0,0,0,0,0
65684,65687,65686,14.4,-104.577,39.7147,140.175,-60.99,371.945,8.73622,2.0179,129.318,0.192256,0.000888581,1.92197,2.44614,1.3978,1.04835,1.04835,0.174724,0.349449,0.174724,0.174724,0,0,0,0,0,0
65688,65691,65690,14.3,-104.576,39.7141,142.403,-60.4267,371.254,8.59738,1.77037,102.459,0.173623,0.000687718,2.55598,2.20744,1.27799,0.929447,0.697085,0.232362,0.464723,0.232362,0,0,0,0,0,0,0
65692,65693,65692,14.2,-104.576,39.7136,144.255,-59.96,370.689,7.6292,1.95367,123.633,0.189847,0.000900494,1.52584,1.69538,1.52584,1.3563,0,0.339075,1.01723,0.169538,0,0,0,0,0,0,0
65696,65698,65697,14.1,-104.575,39.7129,146.98,-59.3233,369.819,8.67508,2.27094,170.94,0.225818,0.00115143,2.35466,1.73502,1.48716,1.36323,0.371789,0.743578,0.12393,0.247859,0.12393,0.12393,0,0,0,0,0
65700,65702,65701,14,-104.573,39.7123,149.455,-59.07,368.501,11.451,2.47883,144.342,0.174689,0.000963836,2.20984,3.81699,2.00894,0.602683,1.60715,0.401789,0.401789,0.401789,0,0,0,0,0,0,0
65705,65706,65706,13.9,-104.572,39.7118,152.225,-59.175,366.38,8.07992,1.62693,89.2483,0.16457,0.000559893,1.92379,2.30855,1.34665,0.769516,0.961895,0.384758,0.192379,0.192379,0,0,0,0,0,0,0
65709,65711,65710,13.8,-104.571,39.7111,154.977,-58.9067,364.972,7.11272,1.62322,118.309,0.218656,0.000759902,1.93983,2.45712,0.517289,1.03458,0.387967,0.129322,0.517289,0,0,0.129322,0,0,0,0,0
