api/src/app/data/B2SAP/Locations/Boulder/NOAA-POPS-B2SAP_GMLBalloon_20230801_R0.ict
82,1001
Thornberry, T. D.
NOAA Chemical Sciences Laboratory
Portable Optical Particle Spectrometer (POPS)
Balloon Baseline Stratospheric Aerosol Profiles (B2SAP)
1,1
2023,08,01,2024,05,30
0
TIME_START,s,Seconds since midnight UTC on flight start day,Start time of 100 m altitude bin in UTC_seconds_since_midnight
49
1.0,1.0,1.0,1.0,1.0,1.0,1.0,1.0,1.0,1.0,1.0,1.0,1.0,1.0,1.0,1.0,1.0,1.0,1.0,1.0,1.0,1.0,1.0,1.0,1.0,1.0,1.0,1.0,1.0,1.0,1.0,1.0,1.0,1.0,1.0,1.0,1.0,1.0,1.0,1.0,1.0,1.0,1.0,1.0,1.0,1.0,1.0,1.0,1.0
99999,99999,99999,99999,99999,99999,99999,99999,99999,99999,99999,99999,99999,99999,99999,99999,99999,99999,99999,99999,99999,99999,99999,99999,99999,99999,99999,99999,99999,99999,99999,99999,99999,99999,99999,99999,99999,99999,99999,99999,99999,99999,99999,99999,99999,99999,99999,99999,99999
TIME_STOP,s,End time of 100 m altitude bin in UTC seconds since midnight,
TIME_MID,s,Mid time of 100 m altitude in UTC seconds since midnight,
GPSAlt,km,GPS reported altitude above sea level (km),
GPS_Lon,deg,GPS reported longitude,
GPS_Lat,deg,GPS reported latitude,
iMet_Pressure,hPa,Pressure reported (hPa),
iMet_Temperature,degrees C,Ambient temperature (oC),
THETA,K,Potential temperature from iMet,
Aerosol_concentration,cm^-3,Aerosol concentration,
Surface_Area_Conc,um^2 cm^-3,Surface area concentration,
Volume_density,um^3 cm^-3,Volume density,
Effective_radius,um,Effective radius,
Extinction,km^-1,Extinction,
Bin01,cm^-3,particle concentration in size range [140 - 146.14 nm],
Bin02,cm^-3,particle concentration in size range [146.14 - 152.56 nm],
Bin03,cm^-3,particle concentration in size range [152.56 - 159.25 nm],
Bin04,cm^-3,particle concentration in size range [159.25 - 166.24 nm],
Bin05,cm^-3,particle concentration in size range [166.24 - 173.54 nm],
Bin06,cm^-3,particle concentration in size range [173.54 - 181.16 nm],
Bin07,cm^-3,particle concentration in size range [181.16 - 189.11 nm],
Bin08,cm^-3,particle concentration in size range [189.11 - 197.41 nm],
Bin09,cm^-3,particle concentration in size range [197.41 - 206.07 nm],
Bin10,cm^-3,particle concentration in size range [206.07 - 215.12 nm],
Bin11,cm^-3,particle concentration in size range [215.12 - 224.56 nm],
Bin12,cm^-3,particle concentration in size range [224.56 - 234.41 nm],
Bin13,cm^-3,particle concentration in size range [234.41 - 244.70 nm],
Bin14,cm^-3,particle concentration in size range [244.70 - 361.30 nm],
Bin15,cm^-3,particle concentration in size range [361.30 - 472.80 nm],
Bin16,cm^-3,particle concentration in size range [472.80 - 567.00 nm],
Bin17,cm^-3,particle concentration in size range [567.00 - 610.66 nm],
Bin18,cm^-3,particle concentration in size range [610.66 - 657.69 nm],
Bin19,cm^-3,particle concentration in size range [657.69 - 708.33 nm],
Bin20,cm^-3,particle concentration in size range [708.33 - 762.88 nm],
Bin21,cm^-3,particle concentration in size range [762.88 - 821.62 nm],
Bin22,cm^-3,particle concentration in size range [821.62 - 884.89 nm],
Bin23,cm^-3,particle concentration in size range [884.89 - 953.03 nm],
Bin24,cm^-3,particle concentration in size range [953.03 - 1026.42 nm],
Bin25,cm^-3,particle concentration in size range [1026.42 - 1105.46 nm],
Bin26,cm^-3,particle concentration in size range [1105.46 - 1190.59 nm]],
[...]
LOCATION: Boulder, CO, USA
ASSOCIATED_DATA: N/A
INSTRUMENT_INFO: Printed Optical Particle Spectrometer counts particles from 140 - 2500 nm in diameter 
DATA_INFO: Particle concentrations reported in number per cubic centimeter, binned to 100 m altitude
UNCERTAINTY: Counting uncertainty dominated by air flow, less than 5 percent
ULOD_FLAG: -77777
ULOD_VALUE: 3000 ~3000 per cm3 (varies depending on flow rate- manufacturer quotes 1250  per cm3 at 1.667 cc/s)
LLOD_FLAG: -88888
LLOD_VALUE: 0 0 (varies depending on data field and measurement precision)
DM_CONTACT_INFO: Troy Thornberry, 325 Broadway R/CSL6, Boulder, CO 80305; troy.thornberry@noaa.gov; 303-497-3373
PROJECT_INFO: B2SAP Boulder, CO, USA
STIPULATIONS_ON_USE: Please contact the PIs for questions regarding applications and uncertainties
OTHER_COMMENTS: POPS bin Edges (nm):  140, 146.14, 152.56, 159.25, 166.24, 173.54, 181.16, 189.11, 197.41, 206.07, 215.12, 224.56, 234.41, 244.70, 361.30, 472.80, 567.00, 610.66, 657.69, 708.33, 762.88, 821.62, 884.89, 953.03, 1026.42, 1105.46, 1190.59, 1282.27, 1381.01, 1487.36, 1601.89, 1725.25, 1858.10, 2001.18, 2155.28, 2321.25, 2500
Calculations assume sulfate refractive index of 1.45+0.00j and extinction wavelength = 532 nm
REVISION: R0
R0: QA/QC data
TIME_START,TIME_STOP,TIME_MID,GPSAlt,GPS_Lon,GPS_Lat,iMet_Pressure,iMet_Temperature,THETA,Aerosol_concentration,Surface_Area_Conc,Volume_density,Effective_radius,Extinction,Bin01,Bin02,Bin03,Bin04,Bin05,Bin06,Bin07,Bin08,Bin09,Bin10,Bin11,Bin12,Bin13,Bin14,Bin15,Bin16,Bin17,Bin18,Bin19,Bin20,Bin21,Bin22,Bin23,Bin24,Bin25,Bin26,Bin27,Bin28,Bin29,Bin30,Bin31,Bin32,Bin33,Bin34,Bin35,Bin36
[from data line 446]
66444,66473,66458,8,-105.26,40.2073,384.101,-18.6587,334.505,70.9005,9.51188,408.959,0.128984,0.00189917,9.31033,7.94019,7.26338,6.55355,5.77769,4.80373,4.57263,3.08694,3.4336,2.80631,2.21203,2.11298,1.84886,6.8837,1.53521,0.627292,0.0330154,0.049523,0,0.0330154,0,0,0.0165077,0,0,0,0,0,0,0,0,0,0,0,0,0
66475,66508,66492,7.9,-105.257,40.21,389.156,-17.9456,334.193,88.1599,11.9599,517.058,0.129698,0.00246051,11.8685,10.3869,8.8296,8.17947,6.56172,5.86624,5.41266,4.58111,3.97634,3.6286,2.78193,2.14692,1.93525,8.76912,2.22252,0.816435,0.090715,0.0755959,0.0151192,0.0151192,0,0,0,0,0,0,0,0,0,0,0,0,0,0,0,0
66510,66543,66526,7.8,-105.253,40.2133,394.89,-16.9692,334.073,114.294,15.9148,681.617,0.128487,0.00315551,13.1763,12.1506,11.4878,9.49954,8.93146,8.25292,6.75382,6.29621,5.04959,5.04959,3.72407,3.44003,3.36113,12.9554,3.09287,1.00992,0.01578,0.0315599,0,0.01578,0,0,0,0,0,0,0,0,0,0,0,0,0,0,0,0
66546,66584,66565,7.7,-105.25,40.2166,400.124,-16.0012,334.074,143.754,20.6448,908.008,0.131948,0.00433741,14.5055,14.7389,13.8274,11.9601,11.7378,9.71477,9.50358,8.04747,7.08044,5.96891,5.79107,4.30162,4.01262,16.7619,4.24604,1.35607,0.100038,0.0111153,0.0444612,0.0111153,0.0111153,0.0222306,0,0,0,0,0,0,0,0,0,0,0,0,0,0
66585,66612,66598,7.6,-105.246,40.2196,404.506,-15.3341,333.899,255.657,37.8775,1703.91,0.134954,0.00831624,22.9688,26.0136,23.5204,20.1004,19.9018,17.0776,16.6584,15.3566,13.415,11.4292,10.2157,9.15662,7.32529,31.5958,7.85483,2.53738,0.198577,0.154449,0.0441283,0.0441283,0,0.0441283,0.0441283,0,0,0,0,0,0,0,0,0,0,0,0,0
66630,66681,66656,7.5,-105.24,40.2244,410.468,-14.4751,333.616,387.653,59.5049,2710.32,0.136644,0.0134572,30.2501,36.2905,35.0133,30.6342,30.0484,26.476,25.3333,22.1834,20.2916,17.9868,15.8357,14.2031,11.5815,53.4418,13.1564,4.14858,0.364922,0.201667,0.105635,0,0.0192064,0.048016,0.0384128,0,0,0,0,0,0,0,0,0,0,0,0,0
66692,66731,66712,7.4,-105.233,40.2291,416.532,-14.2513,332.509,188.819,27.8135,1236.16,0.133334,0.00591658,19.3652,18.0426,16.4914,16.9486,14.2218,12.9645,11.1684,9.94384,9.2254,8.5886,7.51094,6.31899,5.06172,25.3903,5.66586,1.61649,0.114297,0.0816407,0.0489844,0,0,0,0.0489844,0,0,0,0,0,0,0,0,0,0,0,0,0
66734,66772,66753,7.3,-105.229,40.2323,421.708,-14.028,331.624,82.5781,12.652,604.685,0.143381,0.00321088,10.8105,9.45456,7.8871,6.36939,5.93398,4.7646,4.4536,3.75694,3.80671,3.52058,2.43828,2.4134,2.08996,10.1512,3.40862,0.982777,0.111962,0.0622011,0.0870815,0.0248804,0.0124402,0.0248804,0.0124402,0,0,0,0,0,0,0,0,0,0,0,0,0
66775,66800,66788,7.2,-105.226,40.2346,426.916,-13.5029,331.13,72.0662,11.4103,565.141,0.148588,0.00310688,10.0778,7.80643,6.61562,5.68943,4.96172,4.63094,3.92527,2.99908,2.69035,2.80061,2.02879,2.35957,1.63185,9.35008,2.97703,1.23492,0.0882083,0.0220521,0.0882083,0,0.0220521,0.0441041,0.0220521,0,0,0,0,0,0,0,0,0,0,0,0,0
66804,66833,66818,7.1,-105.223,40.2364,432.626,-12.861,330.694,72.9753,10.7969,506.145,0.140636,0.00266941,11.0911,8.60092,7.15271,6.46393,5.42193,4.168,3.51454,2.94939,2.93173,2.52553,2.06634,1.71312,1.92505,8.49495,2.70214,1.042,0.105966,0.035322,0.035322,0,0.017661,0.017661,0,0,0,0,0,0,0,0,0,0,0,0,0,0
66834,66862,66848,7,-105.22,40.2379,438.428,-12.8168,329.493,80.4993,11.1539,505.357,0.135923,0.00252305,11.7348,10.4492,8.78989,6.59242,6.1589,4.75372,4.48464,3.49802,3.27379,2.98976,2.4516,2.07788,1.8686,8.0873,2.18252,0.822184,0.11959,0.0448464,0.0298976,0.0448464,0,0.0298976,0.0149488,0,0,0,0,0,0,0,0,0,0,0,0,0
66863,66894,66878,6.9,-105.218,40.2388,444.116,-12.586,328.571,91.0619,12.3559,556.708,0.135168,0.00272824,14.1147,10.95,9.8357,8.20137,6.76018,5.51215,5.27443,4.68013,3.62524,2.97151,2.52578,2.36235,2.0652,8.97396,1.97605,0.921168,0.0891453,0.0594302,0.0445726,0.0297151,0.0297151,0.0148575,0.0445726,0,0,0,0,0,0,0,0,0,0,0,0,0
66895,66927,66911,6.8,-105.215,40.2394,449.934,-11.6964,328.47,91.2099,12.3076,539.99,0.131623,0.0025876,12.0306,11.6729,10.0962,8.66521,7.16801,5.51181,5.15408,4.55785,3.67013,3.47138,2.72941,2.29217,1.88144,9.08919,2.13318,0.88772,0.0397487,0.0264991,0.0529982,0.0397487,0.0132496,0.0132496,0.0132496,0,0,0,0,0,0,0,0,0,0,0,0,0
66929,66962,66946,6.7,-105.212,40.2401,455.995,-10.8967,328.218,92.6695,12.422,537.568,0.129826,0.00252153,13.1259,11.6107,9.55451,8.62689,6.64796,6.43152,5.38021,4.28252,3.46312,3.46312,2.93747,2.4582,2.24175,9.27623,2.24175,0.757559,0.0463811,0,0.0463811,0.0154604,0.0463811,0.0154604,0,0,0,0,0,0,0,0,0,0,0,0,0,0
66963,66994,66978,6.6,-105.209,40.2409,461.829,-10.3171,327.75,89.8155,11.9424,533.351,0.133981,0.00252674,13.5696,11.1459,9.86457,7.85769,6.96232,5.94344,5.21788,4.41513,3.67413,2.77875,2.67069,2.47,1.82163,8.67588,1.69813,0.787313,0.030875,0.0617501,0.030875,0.030875,0.0154375,0,0.0926251,0,0,0,0,0,0,0,0,0,0,0,0,0
66995,67025,67010,6.5,-105.207,40.2419,468.192,-9.65667,327.292,104.661,13.8674,592.047,0.12808,0.00275972,14.1579,13.1747,11.872,9.709,8.87329,6.98065,5.84998,5.13717,4.08024,3.41658,2.55629,2.67919,1.84348,10.8888,2.45797,0.761972,0.0245797,0.098319,0.0737392,0.0245797,0,0,0,0,0,0,0,0,0,0,0,0,0,0,0,0
67026,67053,67040,6.4,-105.204,40.2431,473.847,-9.09667,326.863,109.884,14.7323,638.914,0.130105,0.00302326,14.9246,13.2435,12.936,10.3939,8.67183,7.17527,6.15023,5.12519,4.75618,3.77214,2.80861,2.46009,2.27559,11.4189,2.5831,0.943036,0.0820031,0.0410015,0.0820031,0.0205008,0,0,0.0205008,0,0,0,0,0,0,0,0,0,0,0,0,0
67054,67081,67068,6.3,-105.201,40.2446,479.979,-8.40222,326.522,110.617,14.9602,671.435,0.134644,0.00327333,15.1306,14.2105,12.9223,10.3665,9.0988,6.52251,6.19537,5.07079,4.60052,3.8031,2.98523,2.4945,2.29004,11.0617,2.41272,1.08368,0.122681,0.081787,0.0204468,0.0408935,0,0.0613403,0.0408935,0,0,0,0,0,0,0,0,0,0,0,0,0
67082,67111,67096,6.2,-105.198,40.2462,486.145,-7.8704,325.988,118.527,15.8105,696.676,0.132193,0.00329299,15.1174,15.0296,13.6261,11.2722,10.205,7.92419,6.87153,5.68729,4.48843,4.06444,3.40653,2.9533,2.42697,11.6524,2.50007,0.964938,0.0877217,0.0438608,0.0584811,0.0438608,0.0146203,0.0292406,0.0584811,0,0,0,0,0,0,0,0,0,0,0,0,0
67116,67139,67128,6.1,-105.194,40.2482,492.844,-7.07467,325.689,131.986,18.1937,825.542,0.136125,0.00406014,17.3988,15.0463,13.674,12.3752,10.8069,8.28281,8.47886,6.93502,5.78327,5.09712,3.84734,3.13669,3.30822,13.1594,2.89163,1.15175,0.245054,0.0735161,0.122527,0.0245054,0.0490107,0.0490107,0.0490107,0,0,0,0,0,0,0,0,0,0,0,0,0
67141,67174,67158,6,-105.191,40.2499,499.203,-6.31261,325.426,141.171,19.6708,897.213,0.136834,0.00443162,16.5042,16.552,15.8823,13.3628,11.529,9.82279,8.579,6.63357,6.68141,4.59247,4.14598,3.71544,3.23706,14.7023,3.30084,1.38731,0.143515,0.127569,0.0956765,0.0159461,0.0478383,0.0318922,0.0797304,0,0,0,0,0,0,0,0,0,0,0,0,0
67177,67202,67190,5.9,-105.187,40.2514,505.357,-5.51533,325.259,145.672,20.0833,903.843,0.135014,0.00439756,18.0694,17.2679,16.2964,12.8963,12.6534,10.249,8.18465,6.87316,6.29028,5.07594,4.39591,3.76445,2.84156,15.6893,3.4973,1.04433,0.121434,0.121434,0.145721,0.0485736,0.0728604,0.0242868,0.0485736,0,0,0,0,0,0,0,0,0,0,0,0,0
67202,67232,67217,5.8,-105.185,40.2526,512.027,-4.65143,325.088,154.844,21.2358,934.225,0.131979,0.00449729,18.2956,18.4694,17.1315,14.4732,12.9095,11.5195,8.94801,7.38428,6.65454,5.31668,4.46532,3.70083,3.54446,16.4192,3.68345,1.61585,0.0868739,0.0868739,0.0347496,0.0173748,0.0521243,0.0173748,0.0173748,0,0,0,0,0,0,0,0,0,0,0,0,0
67232,67260,67246,5.7,-105.182,40.2536,518.253,-3.97588,324.782,176.89,24.8693,1108.47,0.133716,0.00537874,19.5039,20.8371,19.5899,15.9343,14.085,11.698,10.5153,8.62301,7.52632,6.8382,5.61248,4.75233,4.5803,20.149,4.64481,1.46226,0.150526,0.150526,0.086015,0.0430075,0.0645113,0.0215038,0.0215038,0,0,0,0,0,0,0,0,0,0,0,0,0
67265,67289,67277,5.6,-105.18,40.2547,525.191,-3.26211,324.41,202.671,29.1798,1329.12,0.136648,0.00660558,21.9745,23.342,20.5881,19.0307,15.3461,13.5418,12.2123,10.2181,8.92657,7.63506,6.47651,5.81176,5.29896,24.5196,4.88112,2.0892,0.341868,0.0759708,0.20892,0.0379854,0.0189927,0.0379854,0.0569781,0,0,0,0,0,0,0,0,0,0,0,0,0
67292,67317,67304,5.5,-105.177,40.2555,531.641,-2.56867,324.111,212.964,30.5874,1395.4,0.13686,0.00695064,21.6406,24.6737,23.2775,20.2444,17.2114,13.5043,12.9266,10.8564,9.58061,8.08815,6.40312,5.9939,5.03102,25.0829,5.58468,2.09425,0.288863,0.0722156,0.144431,0.0481438,0.144431,0.0481438,0.0240719,0,0,0,0,0,0,0,0,0,0,0,0,0
67319,67342,67330,5.4,-105.174,40.2558,538.294,-1.92615,323.728,211.531,31.232,1437.79,0.138107,0.00722177,20.7813,24.7212,21.1697,17.3409,17.0912,13.9559,12.4854,11.5698,8.93402,8.4346,7.79646,6.24272,4.88319,27.246,6.0485,2.10865,0.0832362,0.277454,0.138727,0.0832362,0.0554908,0.0277454,0.0554908,0,0,0,0,0,0,0,0,0,0,0,0,0
67344,67363,67354,5.3,-105.172,40.2559,544.92,-1.0975,323.584,223.784,32.6754,1479.54,0.13584,0.00727628,21.8311,25.2892,22.643,19.6059,16.2681,15.5765,14.2534,10.5848,10.8254,9.26169,7.78824,6.9162,5.20219,28.9879,5.89381,2.31542,0.0300704,0.180423,0.150352,0.0902113,0,0.0300704,0.0601409,0,0,0,0,0,0,0,0,0,0,0,0,0
67365,67382,67374,5.2,-105.169,40.2559,550.7,-0.54875,323.262,232.108,33.2457,1487.5,0.134228,0.00713681,24.3851,22.5404,22.6304,20.3809,21.1907,17.2315,15.1619,12.1026,9.53807,9.62805,7.10856,6.79363,6.07377,29.0641,5.66885,2.02459,0.179964,0.179964,0,0,0.0449909,0.134973,0.0449909,0,0,0,0,0,0,0,0,0,0,0,0,0
67389,67410,67400,5.1,-105.167,40.2556,558.584,0.264444,322.909,224.27,32.7965,1515.69,0.138645,0.00751389,22.8457,24.4006,22.7659,19.0181,18.6194,14.4729,13.7552,12.9977,10.446,9.32964,6.81781,6.6982,5.38248,27.7098,5.98054,2.51183,0,0.0398703,0.0797405,0.159481,0.0398703,0.0398703,0.159481,0,0,0,0,0,0,0,0,0,0,0,0,0
67414,67434,67424,5,-105.164,40.2552,566.172,0.574545,322.033,257.111,38.4626,1755.09,0.136893,0.00881088,23.1252,27.2429,24.0805,23.224,20.2593,17.3274,15.8121,14.0662,12.3532,10.1461,9.61903,7.54369,6.88485,34.3913,7.3131,2.96477,0.329419,0.131768,0.164709,0.0658838,0.0329419,0.0329419,0,0,0,0,0,0,0,0,0,0,0,0,0,0
67436,67456,67446,4.9,-105.162,40.2548,572.526,1.08917,321.61,294.508,43.914,2011.82,0.137438,0.00999329,25.4127,30.0846,29.43,24.6093,23.8058,19.9671,18.5388,15.7118,15.0572,13.0932,10.9507,8.83791,7.9452,39.3689,7.61786,3.12451,0.32733,0.119029,0.238058,0.0892719,0.0595146,0.0297573,0.0892719,0,0,0,0,0,0,0,0,0,0,0,0,0
67457,67479,67468,4.8,-105.16,40.2545,579.354,1.82556,321.383,333.358,51.0224,2380.31,0.139957,0.0118445,28.1194,31.7541,30.476,28.4389,26.0823,22.5674,20.091,19.4519,16.2166,15.0183,13.3008,10.9841,9.3465,47.2917,10.1054,3.03562,0.319538,0.0798846,0.239654,0,0.199712,0,0.239654,0,0,0,0,0,0,0,0,0,0,0,0,0
67480,67502,67491,4.7,-105.158,40.2543,586.667,2.629,321.171,339.146,51.2947,2327.84,0.136145,0.0113213,27.5031,31.3663,30.6575,28.6018,27.4677,24.9867,22.1514,17.6856,17.5084,13.6807,13.787,10.6327,10.2782,49.1583,10.0656,2.72905,0.283537,0.212653,0.177211,0.0354422,0.0354422,0,0.141769,0,0,0,0,0,0,0,0,0,0,0,0,0
67505,67525,67515,4.6,-105.157,40.2541,594.284,3.6275,321.147,332.683,49.7388,2266.7,0.136716,0.0111337,29.1106,31.8883,31.0661,27.9995,27.9551,22.9107,22.3552,18.133,17.0219,13.2887,12.3776,10.7331,9.28873,45.0659,9.28873,3.42216,0.155553,0.177775,0.199997,0.0444437,0.0222218,0.0444437,0.133331,0,0,0,0,0,0,0,0,0,0,0,0,0
67527,67548,67538,4.5,-105.155,40.254,601.622,4.44231,320.965,323.622,47.7743,2174.81,0.136568,0.0106255,29.5116,34.2671,30.4355,27.392,26.0876,22.9897,20.2722,17.2287,15.408,14.0764,11.1959,9.75567,9.2937,43.4793,8.47847,2.74463,0.163047,0.29892,0.217397,0.0271746,0.0815237,0.135873,0.0815237,0,0,0,0,0,0,0,0,0,0,0,0,0
67549,67571,67560,4.4,-105.154,40.2542,608.707,4.984,320.519,308.35,46.63,2145.88,0.138058,0.0106244,25.8236,30.7101,30.3356,25.6631,23.7905,21.7218,19.6531,15.6761,15.3194,13.0188,12.1628,9.66602,8.11446,44.2105,8.64948,2.88911,0.285344,0.160506,0.160506,0.053502,0.0713359,0.142672,0.0713359,0,0,0,0,0,0,0,0,0,0,0,0,0
67572,67595,67584,4.3,-105.153,40.2539,616.475,5.79,320.283,311.938,47.461,2200.55,0.139096,0.0109661,26.3824,29.1928,30.2814,26.2834,25.8678,21.2365,19.3365,16.2886,14.7053,13.0428,12.0334,10.6678,8.6292,45.8575,8.01566,2.94897,0.316668,0.197917,0.257293,0.079167,0.0989587,0.138542,0.079167,0,0,0,0,0,0,0,0,0,0,0,0,0
67595,67619,67607,4.2,-105.152,40.2537,623.74,6.55579,320.091,318.53,47.5286,2154.32,0.13598,0.0104034,27.8682,31.6642,31.1457,26.4794,25.3869,22.3316,20.1095,16.7024,14.5729,12.5546,11.6287,10.5547,9.07336,46.7926,8.29564,2.53684,0.203688,0.148136,0.185171,0.0555512,0.0370341,0.0740682,0.129619,0,0,0,0,0,0,0,0,0,0,0,0,0
67619,67640,67630,4.1,-105.151,40.2535,631.053,7.39875,319.988,324.673,48.7983,2186.25,0.134405,0.0105606,27.7762,30.5758,29.9365,28.195,25.3292,22.3312,19.7299,18.1868,14.7037,14.814,12.1907,11.8159,9.19259,46.492,10.1626,2.64535,0.220446,0.110223,0.110223,0.0440892,0.0440892,0.0440892,0.0220446,0,0,0,0,0,0,0,0,0,0,0,0,0
67641,67663,67652,4,-105.15,40.2535,639.326,8.395,319.93,327.797,49.9717,2334.55,0.140152,0.0115828,28.7646,31.4863,30.7872,28.3402,26.1678,22.747,20.6746,16.6296,16.1052,13.034,10.7118,10.9366,9.763,48.5903,9.16374,2.72165,0.274662,0.224724,0.124847,0.0998772,0.124847,0.0998772,0.224724,0,0,0,0,0,0,0,0,0,0,0,0,0
67667,67685,67676,3.9,-105.149,40.2536,646.968,9.28063,319.85,338.569,50.6214,2278.97,0.13506,0.0109635,28.866,32.9085,30.4175,27.7079,27.2053,23.0098,22.1794,19.3387,16.6728,15.2087,12.4773,11.2317,9.46175,49.341,9.15583,2.51294,0.262219,0.152961,0.109258,0.13111,0.0874065,0.0655549,0.0655549,0,0,0,0,0,0,0,0,0,0,0,0,0
67686,67706,67696,3.8,-105.147,40.2536,655.33,10.1358,319.643,348.111,51.8746,2322.78,0.134331,0.0110415,30.5818,33.2196,32.379,28.5527,26.6395,24.0306,21.6826,19.6535,17.3635,14.5517,14.1169,11.682,9.88473,51.1919,9.36295,2.43495,0.2319,0.0869624,0.2319,0.0289875,0.0289875,0.0579749,0.11595,0,0,0,0,0,0,0,0,0,0,0,0,0
67707,67725,67716,3.7,-105.146,40.2537,662.286,10.7792,319.405,357.031,52.9076,2361.37,0.133896,0.0112039,30.7498,34.4259,34.1844,29.9985,26.8592,25.7322,21.7342,19.6681,17.763,16.2067,13.9796,12.0745,9.6328,50.8472,9.92796,2.41491,0.34882,0.214659,0.0268323,0.0536646,0,0.0536646,0.134162,0,0,0,0,0,0,0,0,0,0,0,0,0
67726,67746,67736,3.6,-105.144,40.2538,670.553,11.6325,319.23,343.475,51.4285,2283.49,0.133204,0.0108346,28.7594,34.7864,32.3188,27.7985,26.4447,24.2828,20.4831,19.2384,15.4825,14.5216,11.792,12.1414,9.58646,52.8456,10.0887,2.3584,0.196533,0.0655111,0.131022,0.0436741,0.0436741,0.021837,0.0436741,0,0,0,0,0,0,0,0,0,0,0,0,0
67749,67768,67758,3.5,-105.143,40.2539,678.399,12.5621,319.21,319.504,47.5959,2113.03,0.133186,0.0100055,27.1807,32.0549,29.7173,28.2998,24.0474,21.5606,19.8695,17.4573,15.7414,12.6081,11.116,10.171,8.75354,49.4127,8.72867,2.18838,0.198944,0.149208,0.12434,0,0.049736,0,0.074604,0,0,0,0,0,0,0,0,0,0,0,0,0
67769,67789,67779,3.4,-105.141,40.254,687.165,13.484,319.066,317.005,47.653,2193.25,0.138076,0.0107935,29.1144,30.3742,30.924,26.8008,24.7163,22.7234,19.5165,15.5765,14.8893,13.492,11.7282,9.34592,10.1018,45.6759,8.22349,2.81752,0.114533,0.160347,0.320693,0.0916267,0.0916267,0.06872,0.13744,0,0,0,0,0,0,0,0,0,0,0,0,0
67793,67811,67802,3.3,-105.14,40.2541,695.277,14.3238,318.932,331.57,48.9077,2148.3,0.131777,0.010075,28.7256,32.5528,30.7467,28.3386,26.1239,22.3612,21.2862,17.7385,16.7924,13.1372,13.1157,10.5356,9.15951,49.2592,8.79399,2.42963,0.193511,0.0860047,0.0645036,0.0430024,0.0215012,0.0430024,0.0215012,0,0,0,0,0,0,0,0,0,0,0,0,0
67811,67833,67822,3.2,-105.139,40.2541,703.142,15.1133,318.78,325.16,48.2106,2153.64,0.134014,0.0103005,27.9836,32.8913,31.4286,27.2907,24.6733,22.2098,20.6894,17.2444,15.1081,13.3952,12.837,11.6823,9.39202,46.3442,8.71841,2.63669,0.115476,0.134722,0.134722,0.115476,0,0.0962297,0.0384919,0,0,0,0,0,0,0,0,0,0,0,0,0
