api/src/app/data/B2SAP/Locations/Boulder/NOAA-POPS-B2SAP_GMLBalloon_20231117_R0.ict
82,1001
Thornberry, T. D.
NOAA Chemical Sciences Laboratory
Portable Optical Particle Spectrometer (POPS)
Balloon Baseline Stratospheric Aerosol Profiles (B2SAP)
1,1
2023,11,17,2024,05,30
0
TIME_START,s,Seconds since midnight UTC on flight start day,Start time of 100 m altitude bin in UTC_seconds_since_midnight
49
1.0,1.0,1.0,1.0,1.0,1.0,1.0,1.0,1.0,1.0,1.0,1.0,1.0,1.0,1.0,1.0,1.0,1.0,1.0,1.0,1.0,1.0,1.0,1.0,1.0,1.0,1.0,1.0,1.0,1.0,1.0,1.0,1.0,1.0,1.0,1.0,1.0,1.0,1.0,1.0,1.0,1.0,1.0,1.0,1.0,1.0,1.0,1.0,1.0
99999,99999,99999,99999,99999,99999,99999,99999,99999,99999,99999,99999,99999,99999,99999,99999,99999,99999,99999,99999,99999,99999,99999,99999,99999,99999,99999,99999,99999,99999,99999,99999,99999,99999,99999,99999,99999,99999,99999,99999,99999,99999,99999,99999,99999,99999,99999,99999,99999
TIME_STOP,s,End time of 100 m altitude bin in UTC seconds since midnight,
TIME_MID,s,Mid time of 100 m altitude in UTC seconds since midnight,
GPSAlt,km,GPS reported altitude above sea level (km),
GPS_Lon,deg,GPS reported longitude,
GPS_Lat,deg,GPS reported latitude,
iMet_Pressure,hPa,Pressure reported (hPa),
iMet_Temperature,degrees C,Ambient temperature (oC),
THETA,K,Potential temperature from iMet,
Aerosol_concentration,cm^-3,Aerosol concentration,
Surface_Area_Conc,um^2 cm^-3,Surface area concentration,
Volume_density,um^3 cm^-3,Volume density,
Effective_radius,um,Effective radius,
Extinction,km^-1,Extinction,
Bin01,cm^-3,particle concentration in size range [140 - 146.14 nm],
Bin02,cm^-3,particle concentration in size range [146.14 - 152.56 nm],
Bin03,cm^-3,particle concentration in size range [152.56 - 159.25 nm],
Bin04,cm^-3,particle concentration in size range [159.25 - 166.24 nm],
Bin05,cm^-3,particle concentration in size range [166.24 - 173.54 nm],
Bin06,cm^-3,particle concentration in size range [173.54 - 181.16 nm],
Bin07,cm^-3,particle concentration in size range [181.16 - 189.11 nm],
Bin08,cm^-3,particle concentration in size range [189.11 - 197.41 nm],
Bin09,cm^-3,particle concentration in size range [197.41 - 206.07 nm],
Bin10,cm^-3,particle concentration in size range [206.07 - 215.12 nm],
Bin11,cm^-3,particle concentration in size range [215.12 - 224.56 nm],
Bin12,cm^-3,particle concentration in size range [224.56 - 234.41 nm],
Bin13,cm^-3,particle concentration in size range [234.41 - 244.70 nm],
Bin14,cm^-3,particle concentration in size range [244.70 - 361.30 nm],
Bin15,cm^-3,particle concentration in size range [361.30 - 472.80 nm],
Bin16,cm^-3,particle concentration in size range [472.80 - 567.00 nm],
Bin17,cm^-3,particle concentration in size range [567.00 - 610.66 nm],
Bin18,cm^-3,particle concentration in size range [610.66 - 657.69 nm],
Bin19,cm^-3,particle concentration in size range [657.69 - 708.33 nm],
Bin20,cm^-3,particle concentration in size range [708.33 - 762.88 nm],
Bin21,cm^-3,particle concentration in size range [762.88 - 821.62 nm],
Bin22,cm^-3,particle concentration in size range [821.62 - 884.89 nm],
Bin23,cm^-3,particle concentration in size range [884.89 - 953.03 nm],
Bin24,cm^-3,particle concentration in size range [953.03 - 1026.42 nm],
Bin25,cm^-3,particle concentration in size range [1026.42 - 1105.46 nm],
Bin26,cm^-3,particle concentration in size range [1105.46 - 1190.59 nm]],
[...]
LOCATION: Boulder, CO, USA
ASSOCIATED_DATA: N/A
INSTRUMENT_INFO: Printed Optical Particle Spectrometer counts particles from 140 - 2500 nm in diameter 
DATA_INFO: Particle concentrations reported in number per cubic centimeter, binned to 100 m altitude
UNCERTAINTY: Counting uncertainty dominated by air flow, less than 5 percent
ULOD_FLAG: -77777
ULOD_VALUE: 3000 ~3000 per cm3 (varies depending on flow rate- manufacturer quotes 1250  per cm3 at 1.667 cc/s)
LLOD_FLAG: -88888
LLOD_VALUE: 0 0 (varies depending on data field and measurement precision)
DM_CONTACT_INFO: Troy Thornberry, 325 Broadway R/CSL6, Boulder, CO 80305; troy.thornberry@noaa.gov; 303-497-3373
PROJECT_INFO: B2SAP Boulder, CO, USA
STIPULATIONS_ON_USE: Please contact the PIs for questions regarding applications and uncertainties
OTHER_COMMENTS: POPS bin Edges (nm):  140, 146.14, 152.56, 159.25, 166.24, 173.54, 181.16, 189.11, 197.41, 206.07, 215.12, 224.56, 234.41, 244.70, 361.30, 472.80, 567.00, 610.66, 657.69, 708.33, 762.88, 821.62, 884.89, 953.03, 1026.42, 1105.46, 1190.59, 1282.27, 1381.01, 1487.36, 1601.89, 1725.25, 1858.10, 2001.18, 2155.28, 2321.25, 2500
Calculations assume sulfate refractive index of 1.45+0.00j and extinction wavelength = 532 nm
REVISION: R0
R0: QA/QC data
TIME_START,TIME_STOP,TIME_MID,GPSAlt,GPS_Lon,GPS_Lat,iMet_Pressure,iMet_Temperature,THETA,Aerosol_concentration,Surface_Area_Conc,Volume_density,Effective_radius,Extinction,Bin01,Bin02,Bin03,Bin04,Bin05,Bin06,Bin07,Bin08,Bin09,Bin10,Bin11,Bin12,Bin13,Bin14,Bin15,Bin16,Bin17,Bin18,Bin19,Bin20,Bin21,Bin22,Bin23,Bin24,Bin25,Bin26,Bin27,Bin28,Bin29,Bin30,Bin31,Bin32,Bin33,Bin34,Bin35,Bin36
[from data line 321]
44382,44399,44390,21.6,-104.038,39.7855,43.7836,-60.0936,520.826,2.39875,0.865486,71.3545,0.247333,0.000536382,0.444213,0.159917,0.0710742,0.0533056,0.0710742,0.195454,0.0533056,0.0533056,0.0355371,0.106611,0.0355371,0,0.0355371,0.355371,0.319834,0.266528,0.0177685,0.0355371,0.0177685,0.0177685,0.0177685,0.0177685,0.0177685,0,0,0,0,0,0,0,0,0,0,0,0,0
44402,44416,44409,21.5,-104.036,39.7847,44.5182,-61.0909,515.929,2.10787,0.805659,70.4455,0.262315,0.000536282,0.385309,0.135991,0.090661,0.0679957,0.0453305,0,0.113326,0.135991,0.0226652,0.0453305,0.0679957,0.0453305,0.090661,0.271983,0.158657,0.203987,0.090661,0.0453305,0.0226652,0,0,0.0679957,0,0,0,0,0,0,0,0,0,0,0,0,0,0
44419,44433,44426,21.4,-104.035,39.7837,45.188,-61.535,512.659,1.57788,0.444294,36.065,0.243521,0.000233872,0.250457,0.100183,0.0500914,0.0500914,0.100183,0.0250457,0.0500914,0.100183,0.0500914,0.075137,0.125228,0.0250457,0.0500914,0.275502,0.125228,0.075137,0,0,0,0,0,0.0250457,0.0250457,0,0,0,0,0,0,0,0,0,0,0,0,0
44434,44450,44442,21.3,-104.033,39.7824,45.904,-60.83,512.063,2.27978,0.620784,44.31,0.214132,0.000327073,0.350735,0.225473,0.0751575,0.10021,0.10021,0.10021,0.150315,0.0751575,0.050105,0.050105,0.0751575,0.10021,0.0250525,0.375788,0.150315,0.20042,0,0.0250525,0.0250525,0,0.0250525,0,0,0,0,0,0,0,0,0,0,0,0,0,0,0
44451,44467,44459,21.2,-104.031,39.7809,46.7083,-60.8475,509.484,2.46453,0.614413,40.7369,0.198906,0.00028671,0.393497,0.0828415,0.144973,0.124262,0.0621311,0.0414208,0.207104,0.207104,0.103552,0.0828415,0.0414208,0.0414208,0.103552,0.414208,0.227814,0.0828415,0.0621311,0.0207104,0,0,0.0207104,0,0,0,0,0,0,0,0,0,0,0,0,0,0,0
44468,44483,44476,21.1,-104.029,39.7798,47.4636,-61.0318,506.716,1.97779,0.57793,40.206,0.208707,0.000291297,0.250065,0.0681996,0.0454664,0.136399,0.113666,0.113666,0.0454664,0.0454664,0.0681996,0,0,0.181866,0.0227332,0.477397,0.204599,0.136399,0,0.0454664,0,0,0.0227332,0,0,0,0,0,0,0,0,0,0,0,0,0,0,0
44484,44501,44492,21,-104.027,39.779,48.2508,-60.97,504.485,2.30707,0.638726,42.0922,0.1977,0.000308162,0.211658,0.148161,0.148161,0.105829,0.0846633,0.105829,0.0846633,0.169327,0.0634974,0.0846633,0.0634974,0.0211658,0.0846633,0.423316,0.25399,0.190492,0.0211658,0.0423316,0,0,0,0,0,0,0,0,0,0,0,0,0,0,0,0,0,0
44502,44518,44510,20.9,-104.024,39.7783,49.0358,-60.4792,503.324,2.35523,0.55621,35.8638,0.193436,0.000251791,0.323267,0.138543,0.230905,0.161633,0.138543,0.115452,0.0692714,0.0692714,0.0923619,0.0692714,0.138543,0.046181,0.046181,0.300176,0.253995,0.0923619,0.0230905,0,0.046181,0,0,0,0,0,0,0,0,0,0,0,0,0,0,0,0,0
44519,44535,44527,20.8,-104.022,39.7776,49.8069,-59.99,502.24,2.71744,0.576718,33.4687,0.174099,0.00021983,0.46706,0.12738,0.19107,0.08492,0.2123,0.14861,0.10615,0.08492,0.12738,0.06369,0.04246,0.10615,0.04246,0.61567,0.14861,0.08492,0.04246,0.02123,0,0,0,0,0,0,0,0,0,0,0,0,0,0,0,0,0,0
44537,44553,44545,20.7,-104.02,39.777,50.6223,-59.3877,501.326,2.39529,0.440321,27.5446,0.187667,0.000162129,0.487537,0.148381,0.148381,0.148381,0.169578,0.190775,0.127184,0.0847891,0.0847891,0.0847891,0.127184,0.0635918,0.0635918,0.254367,0.127184,0.0635918,0,0,0,0,0,0,0.0211973,0,0,0,0,0,0,0,0,0,0,0,0,0
44555,44570,44562,20.6,-104.018,39.7761,51.4482,-59.5755,498.576,2.52917,0.613818,39.5975,0.19353,0.00024076,0.300495,0.150248,0.100165,0.150248,0.150248,0.0751239,0.125206,0.0500826,0.125206,0.100165,0.0500826,0.0250413,0.0751239,0.676115,0.300495,0.0500826,0,0,0,0,0,0,0.0250413,0,0,0,0,0,0,0,0,0,0,0,0,0
44572,44590,44581,20.5,-104.015,39.7754,52.2913,-58.776,498.123,2.26808,0.433622,23.5644,0.163029,0.000145323,0.365819,0.128037,0.18291,0.109746,0.128037,0.0548729,0.146328,0.0914549,0.0731639,0.0548729,0.109746,0.109746,0.0914549,0.438983,0.0914549,0.0548729,0.018291,0.018291,0,0,0,0,0,0,0,0,0,0,0,0,0,0,0,0,0,0
44591,44609,44600,20.4,-104.012,39.7748,53.0892,-59.1592,495.086,2.49717,0.57888,36.0777,0.18697,0.00024484,0.320738,0.183279,0.0458197,0.137459,0.114549,0.252008,0.160369,0.0687296,0.0916394,0.0687296,0.0916394,0.0916394,0.0687296,0.412377,0.252008,0.0687296,0.0229099,0,0.0458197,0,0,0,0,0,0,0,0,0,0,0,0,0,0,0,0,0
44610,44627,44618,20.3,-104.009,39.7741,53.9977,-58.9746,493.117,2.88692,0.663761,39.2633,0.177458,0.000264038,0.424547,0.148592,0.191046,0.148592,0.212274,0.169819,0.191046,0.0212274,0.127364,0.148592,0.0636821,0,0.0424547,0.424547,0.424547,0.127364,0.0212274,0,0,0,0,0,0,0,0,0,0,0,0,0,0,0,0,0,0,0
44628,44645,44636,20.2,-104.006,39.7735,54.8678,-58.8011,491.27,2.79033,0.587474,33.4787,0.170963,0.000219582,0.365945,0.228716,0.228716,0.243964,0.121982,0.13723,0.121982,0.0762386,0.121982,0.0609909,0.0762386,0.0457432,0.0914864,0.47268,0.228716,0.167725,0,0,0,0,0,0,0,0,0,0,0,0,0,0,0,0,0,0,0,0
44646,44662,44654,20.1,-104.003,39.7729,55.7306,-58.3253,490.171,2.75462,0.640915,37.4634,0.175359,0.000246574,0.467158,0.112762,0.128871,0.112762,0.128871,0.112762,0.161089,0.0966534,0.0805445,0.0805445,0.0322178,0.0322178,0.0966534,0.692682,0.273851,0.112762,0.0161089,0.0161089,0,0,0,0,0,0,0,0,0,0,0,0,0,0,0,0,0,0
44663,44680,44672,20,-104,39.7723,56.5908,-58.4577,487.725,2.7437,0.729396,44.9616,0.184927,0.000305195,0.316581,0.126632,0.105527,0.0633161,0.0633161,0.147738,0.168843,0.126632,0.126632,0.0633161,0.0633161,0.105527,0.0422107,0.612056,0.464318,0.105527,0.0211054,0,0.0211054,0,0,0,0,0,0,0,0,0,0,0,0,0,0,0,0,0
44681,44699,44690,19.9,-103.996,39.7717,57.5767,-58.8787,484.373,2.67594,0.675859,45.9996,0.204183,0.000309455,0.293253,0.201612,0.201612,0.10997,0.164955,0.164955,0.21994,0.054985,0.0366567,0.054985,0.0183283,0.054985,0.054985,0.641492,0.21994,0.0733133,0.0733133,0,0.0183283,0,0,0,0.0183283,0,0,0,0,0,0,0,0,0,0,0,0,0
44702,44717,44710,19.8,-103.994,39.771,58.5186,-58.4379,483.127,3.1118,0.735725,43.847,0.178791,0.000295366,0.332708,0.195711,0.0978553,0.0782842,0.195711,0.195711,0.136997,0.156568,0.234853,0.0782842,0.0782842,0.0782842,0.136997,0.626274,0.273995,0.176139,0.0195711,0.0195711,0,0,0,0,0,0,0,0,0,0,0,0,0,0,0,0,0,0
44719,44735,44727,19.7,-103.991,39.7705,59.4307,-58.2353,481.45,2.78128,0.668095,42.1922,0.189459,0.000288612,0.420852,0.146383,0.164681,0.109787,0.164681,0.0731917,0.146383,0.0914896,0.182979,0.0731917,0.0548937,0.109787,0,0.622129,0.237873,0.128085,0.0182979,0,0,0.0365958,0,0,0,0,0,0,0,0,0,0,0,0,0,0,0,0
44737,44755,44746,19.6,-103.988,39.7699,60.3453,-58.2573,479.303,2.90124,0.656526,37.0883,0.169476,0.000236971,0.474417,0.164221,0.0912341,0.0364936,0.109481,0.237209,0.0729873,0.0729873,0.109481,0.0912341,0.182468,0.145975,0.0547405,0.583898,0.34669,0.127728,0,0,0,0,0,0,0,0,0,0,0,0,0,0,0,0,0,0,0,0
44756,44773,44764,19.5,-103.985,39.7696,61.3186,-57.8529,478.016,2.71298,0.684974,45.9589,0.201287,0.00031818,0.390358,0.175661,0.136625,0.156143,0.136625,0.117107,0.195179,0.0780715,0.0780715,0.0780715,0.0585536,0.0195179,0.0975894,0.526983,0.292768,0.0585536,0.0585536,0.0390358,0,0,0,0.0195179,0,0,0,0,0,0,0,0,0,0,0,0,0,0
44775,44795,44785,19.4,-103.982,39.7693,62.3135,-57.6553,476.259,2.82912,0.796842,54.6908,0.205903,0.00038201,0.337565,0.192894,0.144671,0.128596,0.0803726,0.0803726,0.112522,0.0964471,0.0964471,0.0642981,0.112522,0.112522,0.0803726,0.594757,0.32149,0.192894,0.0482236,0,0.0160745,0,0,0,0.0160745,0,0,0,0,0,0,0,0,0,0,0,0,0
44796,44815,44806,19.3,-103.979,39.7697,63.3494,-57.255,474.901,3.03529,0.824776,56.3364,0.204915,0.000400378,0.341044,0.15347,0.136418,0.15347,0.170522,0.102313,0.170522,0.136418,0.170522,0.119365,0.0511566,0.085261,0.0341044,0.647984,0.289887,0.136418,0.0682088,0.0341044,0.0170522,0,0,0.0170522,0,0,0,0,0,0,0,0,0,0,0,0,0,0
44816,44836,44826,19.2,-103.975,39.7702,64.4206,-57.3888,472.338,2.71698,0.631064,37.858,0.179972,0.000246577,0.225075,0.176845,0.192921,0.0803839,0.225075,0.0803839,0.128614,0.144691,0.0964607,0.112537,0.0482303,0.144691,0.0643071,0.610918,0.241152,0.112537,0.0160768,0,0,0,0.0160768,0,0,0,0,0,0,0,0,0,0,0,0,0,0,0
44837,44856,44846,19.1,-103.972,39.7708,65.338,-56.9167,471.463,3.08343,0.777123,49.3624,0.190558,0.000345339,0.41717,0.16324,0.126965,0.16324,0.0906891,0.126965,0.108827,0.126965,0.181378,0.145103,0.0725513,0.145103,0.126965,0.525997,0.308343,0.181378,0.0362756,0,0.0362756,0,0,0,0,0,0,0,0,0,0,0,0,0,0,0,0,0
44857,44877,44867,19,-103.969,39.7716,66.4106,-56.6571,469.839,3.50477,1.01322,67.3175,0.199317,0.000467587,0.400088,0.176039,0.0800176,0.208046,0.128028,0.112025,0.0960211,0.160035,0.112025,0.112025,0.112025,0.0800176,0.032007,0.896197,0.464102,0.288063,0.032007,0,0,0,0,0,0.0160035,0,0,0,0,0,0,0,0,0,0,0,0,0
44878,44899,44888,18.9,-103.965,39.7724,67.5116,-57.0189,466.856,2.90767,0.652998,40.535,0.186226,0.00027908,0.444029,0.200529,0.128912,0.229176,0.200529,0.171882,0.128912,0.0859411,0.0716176,0.0716176,0.0859411,0.114588,0.100265,0.444029,0.2435,0.100265,0.0429706,0.0143235,0.028647,0,0,0,0,0,0,0,0,0,0,0,0,0,0,0,0,0
44900,44923,44912,18.8,-103.961,39.7726,68.6278,-56.7709,465.204,3.17939,0.938474,64.7352,0.206938,0.000461441,0.366398,0.16547,0.0709158,0.16547,0.153651,0.118193,0.200928,0.118193,0.0709158,0.0590965,0.0827351,0.106374,0.0827351,0.650061,0.425495,0.283663,0.0118193,0.0118193,0.0118193,0,0.0118193,0,0.0118193,0,0,0,0,0,0,0,0,0,0,0,0,0
44924,44948,44936,18.7,-103.957,39.7726,69.7257,-56.3719,463.957,2.88458,0.82771,59.3441,0.21509,0.000437349,0.517413,0.206965,0.155224,0.155224,0.103483,0.103483,0.103483,0.0388059,0.116418,0.0776119,0.0258706,0.0258706,0.103483,0.517413,0.284577,0.245771,0.0258706,0.0258706,0.0258706,0,0.0129353,0.0129353,0,0,0,0,0,0,0,0,0,0,0,0,0,0
44949,44971,44960,18.6,-103.953,39.7728,70.7762,-57.739,459.065,3.07925,0.834821,59.3323,0.213216,0.00041249,0.532698,0.129926,0.168904,0.129926,0.194889,0.116934,0.207882,0.0909484,0.0909484,0.0779558,0.0519705,0.0259853,0.0909484,0.558683,0.311823,0.220875,0.0259853,0,0.0259853,0,0,0,0.0259853,0,0,0,0,0,0,0,0,0,0,0,0,0
44973,44995,44984,18.5,-103.948,39.7727,72.0419,-59.1725,453.706,3.64744,0.873717,56.6379,0.194472,0.000396419,0.498942,0.137639,0.292483,0.172049,0.223664,0.189254,0.172049,0.240869,0.137639,0.103229,0.0860245,0.103229,0.103229,0.619377,0.309688,0.137639,0.0344098,0.0172049,0.0516147,0.0172049,0,0,0,0,0,0,0,0,0,0,0,0,0,0,0,0
44996,45017,45006,18.4,-103.945,39.7721,73.0171,-59.5138,451.246,3.59299,0.918672,57.3558,0.1873,0.000401598,0.524524,0.275375,0.20981,0.131131,0.104905,0.104905,0.183583,0.183583,0.0786786,0.104905,0.0655655,0.0524524,0.118018,0.72122,0.458958,0.20981,0.0393393,0.0262262,0,0,0,0,0,0,0,0,0,0,0,0,0,0,0,0,0,0
45018,45038,45028,18.3,-103.941,39.7712,74.2441,-60.0106,448.058,3.7121,0.849732,54.3884,0.19202,0.000362648,0.74242,0.144862,0.16297,0.217294,0.235401,0.181078,0.144862,0.144862,0.253509,0.0724312,0.090539,0,0.108647,0.669988,0.271617,0.217294,0.0362156,0,0,0,0,0,0.0181078,0,0,0,0,0,0,0,0,0,0,0,0,0
45039,45059,45049,18.2,-103.937,39.7699,75.5012,-60.0412,445.849,4.04413,1.1734,82.2298,0.210235,0.00060748,0.555828,0.172498,0.191665,0.0958324,0.210831,0.191665,0.229998,0.153332,0.0958324,0.114999,0.153332,0.0766659,0.191665,0.70916,0.459996,0.268331,0.038333,0.038333,0.0574995,0.038333,0,0,0,0,0,0,0,0,0,0,0,0,0,0,0,0
45060,45080,45070,18.1,-103.933,39.7684,76.6513,-59.1856,445.707,4.07833,0.976326,61.8047,0.18991,0.000436807,0.612707,0.421236,0.229765,0.172324,0.229765,0.0574413,0.114883,0.0765884,0.210618,0.13403,0.114883,0.229765,0.0765884,0.785031,0.248912,0.248912,0.0574413,0.0382942,0.0191471,0,0,0,0,0,0,0,0,0,0,0,0,0,0,0,0,0
45081,45100,45090,18,-103.929,39.7668,77.9335,-58.5176,444.986,3.76704,0.992267,65.4786,0.197967,0.000465189,0.556087,0.143506,0.21526,0.179383,0.161445,0.179383,0.0896915,0.125568,0.10763,0.179383,0.197321,0.161445,0.0538149,0.663717,0.448457,0.197321,0.0179383,0.0538149,0.0179383,0,0.0179383,0,0,0,0,0,0,0,0,0,0,0,0,0,0,0
45102,45123,45112,17.9,-103.924,39.7655,79.17,-58.5214,442.979,3.43715,0.858655,55.5375,0.194039,0.000401766,0.696131,0.0870163,0.0870163,0.195787,0.174033,0.0652622,0.195787,0.174033,0.130524,0.10877,0.152279,0.152279,0.0870163,0.500344,0.304557,0.217541,0.0435082,0.0652622,0,0,0,0,0,0,0,0,0,0,0,0,0,0,0,0,0,0
45124,45144,45134,17.8,-103.919,39.7645,80.5453,-58.43,440.995,4.24169,1.12375,79.7703,0.212958,0.000560876,0.690036,0.284132,0.263837,0.182656,0.182656,0.142066,0.121771,0.142066,0.142066,0.162361,0.0608855,0.202952,0.121771,0.832102,0.365313,0.162361,0.0202952,0.0405903,0.0811807,0.0202952,0,0,0.0202952,0,0,0,0,0,0,0,0,0,0,0,0,0
45145,45166,45156,17.7,-103.914,39.7639,81.7223,-59.7123,436.551,3.93298,0.984318,67.6699,0.206244,0.000469474,0.711284,0.390509,0.209201,0.195255,0.251042,0.181308,0.0697338,0.0836805,0.055787,0.153414,0.0836805,0.0836805,0.055787,0.739178,0.362616,0.181308,0.0418403,0.0278935,0.0278935,0,0,0.0139468,0.0139468,0,0,0,0,0,0,0,0,0,0,0,0,0
45168,45190,45179,17.6,-103.908,39.7639,83.0911,-60.8583,432.148,4.45224,1.0781,77.532,0.215747,0.000530641,0.719207,0.410976,0.325356,0.376728,0.205488,0.119868,0.222612,0.154116,0.136992,0.102744,0.0856199,0.136992,0.119868,0.684959,0.308232,0.205488,0.017124,0.034248,0,0.034248,0.017124,0,0.034248,0,0,0,0,0,0,0,0,0,0,0,0,0
45191,45212,45202,17.5,-103.902,39.7644,84.43,-60.8378,430.222,4.21811,1.02599,75.1966,0.219875,0.000523665,0.754459,0.342936,0.205762,0.325789,0.257202,0.137174,0.137174,0.240055,0.120028,0.154321,0.222908,0.120028,0.120028,0.445817,0.274349,0.188615,0.0342936,0.0342936,0.0514404,0,0,0.0342936,0.0171468,0,0,0,0,0,0,0,0,0,0,0,0,0
45213,45234,45224,17.4,-103.896,39.7646,85.82,-61.2368,427.416,5.92808,1.14458,70.5116,0.184815,0.000464878,0.944585,0.570008,0.504864,0.43972,0.43972,0.407149,0.293147,0.293147,0.162859,0.179145,0.0488578,0.179145,0.130288,0.732867,0.309433,0.146573,0.0488578,0.0325719,0.0325719,0,0.0162859,0.0162859,0,0,0,0,0,0,0,0,0,0,0,0,0,0
45235,45256,45246,17.3,-103.891,39.7644,87.1937,-60.49,426.98,6.10557,1.07303,63.3709,0.177174,0.000402483,0.770418,0.558553,0.654856,0.481512,0.558553,0.40447,0.327428,0.308167,0.288907,0.231126,0.134823,0.134823,0.154084,0.674116,0.134823,0.154084,0.0577814,0.0385209,0,0,0.0192605,0.0192605,0,0,0,0,0,0,0,0,0,0,0,0,0,0
45257,45279,45268,17.2,-103.885,39.7639,88.6833,-60.2389,425.416,6.68168,1.1667,68.5815,0.176347,0.000430312,1.23039,0.649371,0.700637,0.478484,0.341774,0.375951,0.444306,0.239242,0.119621,0.25633,0.324685,0.222153,0.0854435,0.666459,0.290508,0.13671,0,0.0512661,0.0512661,0,0,0,0.0170887,0,0,0,0,0,0,0,0,0,0,0,0,0
45280,45302,45291,17.1,-103.878,39.7634,90.115,-60.9425,422.077,6.72477,1.0735,58.4499,0.163343,0.000347428,1.07905,0.770747,0.616598,0.520254,0.366105,0.520254,0.423911,0.385374,0.250493,0.211955,0.192687,0.134881,0.231224,0.558792,0.28903,0.0963434,0,0.0192687,0.0192687,0,0.0385374,0,0,0,0,0,0,0,0,0,0,0,0,0,0,0
45304,45326,45315,17,-103.872,39.7627,91.62,-60.9912,419.99,6.83918,1.23205,74.1691,0.180599,0.000460932,1.06749,0.615165,0.651351,0.434234,0.578978,0.398048,0.325675,0.398048,0.343768,0.307582,0.199024,0.126652,0.126652,0.615165,0.434234,0.0723723,0.0361862,0.0542792,0.0180931,0,0,0.0180931,0.0180931,0,0,0,0,0,0,0,0,0,0,0,0,0
45328,45350,45339,16.9,-103.867,39.7618,93.0977,-60.9668,418.12,6.93,1.24431,76.5041,0.184449,0.00047983,1.022,0.714,0.686,0.546,0.504,0.378,0.28,0.35,0.336,0.21,0.238,0.224,0.224,0.686,0.238,0.168,0.028,0.014,0,0.028,0.028,0.014,0.014,0,0,0,0,0,0,0,0,0,0,0,0,0
45352,45373,45362,16.8,-103.862,39.7603,94.5907,-60.9829,416.192,7.03097,1.28854,79.8447,0.185896,0.000514733,1.05464,0.725068,0.725068,0.549294,0.615209,0.527322,0.307605,0.197746,0.241689,0.131831,0.175774,0.153802,0.219718,0.856899,0.241689,0.131831,0.0439435,0.0439435,0.0219718,0,0.0439435,0.0219718,0,0,0,0,0,0,0,0,0,0,0,0,0,0
45376,45399,45388,16.7,-103.857,39.7584,96.0983,-61.875,412.573,7.81493,1.31943,78.6716,0.178877,0.000468132,1.271,0.893135,0.601149,0.498095,0.583973,0.377865,0.429392,0.463743,0.429392,0.377865,0.343514,0.188932,0.0858784,0.772905,0.274811,0.0858784,0.0171757,0.0343514,0.0171757,0,0,0.0687027,0,0,0,0,0,0,0,0,0,0,0,0,0,0
