api/src/app/data/B2SAP/Locations/Boulder/NOAA-POPS-B2SAP_GMLBalloon_20240529_R0.ict
82,1001
Thornberry, T. D.
NOAA Chemical Sciences Laboratory
Portable Optical Particle Spectrometer (POPS)
Balloon Baseline Stratospheric Aerosol Profiles (B2SAP)
1,1
2024,05,29,2024,05,30
0
TIME_START,s,Seconds since midnight UTC on flight start day,Start time of 100 m altitude bin in UTC_seconds_since_midnight
49
1.0,1.0,1.0,1.0,1.0,1.0,1.0,1.0,1.0,1.0,1.0,1.0,1.0,1.0,1.0,1.0,1.0,1.0,1.0,1.0,1.0,1.0,1.0,1.0,1.0,1.0,1.0,1.0,1.0,1.0,1.0,1.0,1.0,1.0,1.0,1.0,1.0,1.0,1.0,1.0,1.0,1.0,1.0,1.0,1.0,1.0,1.0,1.0,1.0
99999,99999,99999,99999,99999,99999,99999,99999,99999,99999,99999,99999,99999,99999,99999,99999,99999,99999,99999,99999,99999,99999,99999,99999,99999,99999,99999,99999,99999,99999,99999,99999,99999,99999,99999,99999,99999,99999,99999,99999,99999,99999,99999,99999,99999,99999,99999,99999,99999
TIME_STOP,s,End time of 100 m altitude bin in UTC seconds since midnight,
TIME_MID,s,Mid time of 100 m altitude in UTC seconds since midnight,
GPSAlt,km,GPS reported altitude above sea level (km),
GPS_Lon,deg,GPS reported longitude,
GPS_Lat,deg,GPS reported latitude,
iMet_Pressure,hPa,Pressure reported (hPa),
iMet_Temperature,degrees C,Ambient temperature (oC),
THETA,K,Potential temperature from iMet,
Aerosol_concentration,cm^-3,Aerosol concentration,
Surface_Area_Conc,um^2 cm^-3,Surface area concentration,
Volume_density,um^3 cm^-3,Volume density,
Effective_radius,um,Effective radius,
Extinction,km^-1,Extinction,
Bin01,cm^-3,particle concentration in size range [140 - 146.14 nm],
Bin02,cm^-3,particle concentration in size range [146.14 - 152.56 nm],
Bin03,cm^-3,particle concentration in size range [152.56 - 159.25 nm],
Bin04,cm^-3,particle concentration in size range [159.25 - 166.24 nm],
Bin05,cm^-3,particle concentration in size range [166.24 - 173.54 nm],
Bin06,cm^-3,particle concentration in size range [173.54 - 181.16 nm],
Bin07,cm^-3,particle concentration in size range [181.16 - 189.11 nm],
Bin08,cm^-3,particle concentration in size range [189.11 - 197.41 nm],
Bin09,cm^-3,particle concentration in size range [197.41 - 206.07 nm],
Bin10,cm^-3,particle concentration in size range [206.07 - 215.12 nm],
Bin11,cm^-3,particle concentration in size range [215.12 - 224.56 nm],
Bin12,cm^-3,particle concentration in size range [224.56 - 234.41 nm],
Bin13,cm^-3,particle concentration in size range [234.41 - 244.70 nm],
Bin14,cm^-3,particle concentration in size range [244.70 - 361.30 nm],
Bin15,cm^-3,particle concentration in size range [361.30 - 472.80 nm],
Bin16,cm^-3,particle concentration in size range [472.80 - 567.00 nm],
Bin17,cm^-3,particle concentration in size range [567.00 - 610.66 nm],
Bin18,cm^-3,particle concentration in size range [610.66 - 657.69 nm],
Bin19,cm^-3,particle concentration in size range [657.69 - 708.33 nm],
Bin20,cm^-3,particle concentration in size range [708.33 - 762.88 nm],
Bin21,cm^-3,particle concentration in size range [762.88 - 821.62 nm],
Bin22,cm^-3,particle concentration in size range [821.62 - 884.89 nm],
Bin23,cm^-3,particle concentration in size range [884.89 - 953.03 nm],
Bin24,cm^-3,particle concentration in size range [953.03 - 1026.42 nm],
Bin25,cm^-3,particle concentration in size range [1026.42 - 1105.46 nm],
Bin26,cm^-3,particle concentration in size range [1105.46 - 1190.59 nm]],
[...]
LOCATION: Boulder, CO, USA
ASSOCIATED_DATA: N/A
INSTRUMENT_INFO: Printed Optical Particle Spectrometer counts particles from 140 - 2500 nm in diameter 
DATA_INFO: Particle concentrations reported in number per cubic centimeter, binned to 100 m altitude
UNCERTAINTY: Counting uncertainty dominated by air flow, less than 5 percent
ULOD_FLAG: -77777
ULOD_VALUE: 3000 ~3000 per cm3 (varies depending on flow rate- manufacturer quotes 1250  per cm3 at 1.667 cc/s)
LLOD_FLAG: -88888
LLOD_VALUE: 0 0 (varies depending on data field and measurement precision)
DM_CONTACT_INFO: Troy Thornberry, 325 Broadway R/CSL6, Boulder, CO 80305; troy.thornberry@noaa.gov; 303-497-3373
PROJECT_INFO: B2SAP Boulder, CO, USA
STIPULATIONS_ON_USE: Please contact the PIs for questions regarding applications and uncertainties
OTHER_COMMENTS: POPS bin Edges (nm):  140, 146.14, 152.56, 159.25, 166.24, 173.54, 181.16, 189.11, 197.41, 206.07, 215.12, 224.56, 234.41, 244.70, 361.30, 472.80, 567.00, 610.66, 657.69, 708.33, 762.88, 821.62, 884.89, 953.03, 1026.42, 1105.46, 1190.59, 1282.27, 1381.01, 1487.36, 1601.89, 1725.25, 1858.10, 2001.18, 2155.28, 2321.25, 2500
Calculations assume sulfate refractive index of 1.45+0.00j and extinction wavelength = 532 nm
REVISION: R0
R0: QA/QC data
TIME_START,TIME_STOP,TIME_MID,GPSAlt,GPS_Lon,GPS_Lat,iMet_Pressure,iMet_Temperature,THETA,Aerosol_concentration,Surface_Area_Conc,Volume_density,Effective_radius,Extinction,Bin01,Bin02,Bin03,Bin04,Bin05,Bin06,Bin07,Bin08,Bin09,Bin10,Bin11,Bin12,Bin13,Bin14,Bin15,Bin16,Bin17,Bin18,Bin19,Bin20,Bin21,Bin22,Bin23,Bin24,Bin25,Bin26,Bin27,Bin28,Bin29,Bin30,Bin31,Bin32,Bin33,Bin34,Bin35,Bin36
[from data line 387]
66098,66118,66108,16.2,-104.618,40.0997,107.213,-56.9995,409.101,7.24495,1.36108,87.1228,0.19203,0.000554619,0.989473,0.6876,0.704371,0.486351,0.553434,0.704371,0.419268,0.402497,0.134166,0.268332,0.150937,0.167707,0.134166,0.855307,0.251561,0.167707,0,0.0335415,0.0670829,0.0167707,0.0335415,0,0,0.0167707,0,0,0,0,0,0,0,0,0,0,0,0
66119,66139,66129,16.1,-104.615,40.0995,108.912,-57.0352,407.199,13.5863,1.79018,80.5174,0.134932,0.000395973,2.13283,1.46107,1.6458,1.27634,1.17557,0.722138,0.722138,0.638168,0.520611,0.570993,0.352672,0.520611,0.285496,1.20916,0.218321,0,0.0503817,0.0335878,0,0.0503817,0,0,0,0,0,0,0,0,0,0,0,0,0,0,0,0
66140,66163,66152,16,-104.612,40.0993,110.664,-55.84,407.59,15.392,2.1142,110.061,0.156174,0.000492798,1.88192,2.05022,1.66772,1.57592,0.97921,1.16281,1.00981,0.734407,0.795608,0.627306,0.413104,0.443704,0.229502,1.49942,0.122401,0.0612006,0.0459005,0.0153002,0,0.0153002,0.0153002,0.0153002,0.0153002,0,0,0,0.0153002,0,0,0,0,0,0,0,0,0
66164,66191,66178,15.9,-104.608,40.0986,112.357,-54.5668,408.201,17.1644,2.2696,101.628,0.134333,0.00049904,2.34685,1.9349,1.89745,1.88497,1.37315,1.26081,0.923758,0.948725,0.624161,0.599194,0.549262,0.486846,0.337047,1.53544,0.224698,0.124832,0.0249664,0.0124832,0.0499329,0.0124832,0.0124832,0,0,0,0,0,0,0,0,0,0,0,0,0,0,0
66192,66221,66206,15.8,-104.604,40.0974,114.165,-55.4723,404.661,23.8477,2.9659,126.697,0.128153,0.000479723,2.77408,2.96057,2.68083,2.24957,2.17963,1.59684,1.67843,1.39869,0.96743,0.909151,0.734314,0.664379,0.582789,2.17963,0.186492,0.0233116,0.0116558,0.0349673,0.0116558,0,0,0,0.0116558,0,0,0,0.0116558,0,0,0,0,0,0,0,0,0
66222,66254,66238,15.7,-104.6,40.0965,115.918,-55.0794,403.631,25.137,3.08404,132.767,0.129149,0.000534368,3.26908,3.56531,2.56025,2.3275,2.35924,1.60809,1.73505,1.40708,1.15317,0.761727,0.68767,0.677091,0.645352,2.06301,0.179852,0.0528977,0,0.0211591,0.0105795,0,0.0105795,0.0105795,0.0105795,0.0105795,0.0105795,0,0,0,0,0,0,0,0,0,0,0
66255,66286,66270,15.6,-104.595,40.0959,117.707,-54.8881,402.221,22.569,2.9073,136.184,0.140527,0.000551958,3.23511,2.54422,2.37972,2.10556,1.87527,1.67787,1.32694,1.40371,0.986982,0.877317,0.647021,0.734753,0.482524,1.7985,0.307061,0.0986982,0.0219329,0.0219329,0,0.0109665,0,0.0109665,0.0109665,0,0,0,0,0,0.0109665,0,0,0,0,0,0,0
66287,66313,66300,15.5,-104.589,40.0956,119.547,-54.6707,400.841,22.6178,2.74236,110.435,0.12081,0.000446984,3.09426,2.78354,2.36924,2.21388,2.04557,1.72191,1.57949,1.15225,0.945107,0.893321,0.595547,0.491974,0.556707,1.81253,0.220093,0.103573,0.0129467,0,0,0,0.0129467,0,0.0129467,0,0,0,0,0,0,0,0,0,0,0,0,0
66314,66337,66326,15.4,-104.585,40.0958,121.447,-54.4879,399.374,23.5377,2.82865,114.277,0.121199,0.000464038,3.5372,2.69293,2.86761,1.97967,2.06701,1.6012,1.52842,1.42653,0.960722,0.88794,0.713264,0.553143,0.538587,1.90689,0.131008,0.0582256,0.0145564,0.0145564,0.0436692,0,0,0,0.0145564,0,0,0,0,0,0,0,0,0,0,0,0,0
66338,66360,66349,15.3,-104.58,40.0962,123.33,-53.8948,398.699,21.8274,2.63934,101.675,0.115569,0.00039195,3.14194,2.50751,1.9335,2.03924,2.17519,1.43502,1.49544,1.14802,1.26886,0.785485,0.649536,0.574008,0.46827,1.88818,0.241688,0.030211,0.0151055,0.0151055,0.0151055,0,0,0,0,0,0,0,0,0,0,0,0,0,0,0,0,0
66361,66383,66372,15.2,-104.576,40.0966,125.248,-53.0161,398.537,22.4538,2.76332,115.898,0.125825,0.000480542,3.22924,2.73128,2.48984,2.29367,1.59953,1.65989,1.6448,1.02611,1.01102,0.935575,0.618687,0.467788,0.452698,1.9466,0.226349,0.0452698,0.0150899,0,0.0301798,0,0,0,0.0301798,0,0,0,0,0,0,0,0,0,0,0,0,0
66384,66408,66396,15.1,-104.573,40.0971,127.221,-53.4444,395.99,19.6613,2.7937,226.899,0.243655,0.000629204,2.60672,2.57899,1.99664,1.91344,1.67773,1.30336,1.09538,1.19244,0.873529,0.679411,0.623949,0.402101,0.471428,1.77479,0.24958,0.12479,0.0277311,0,0.0138655,0,0.0138655,0,0,0,0,0,0.0138655,0,0,0.0138655,0,0.0138655,0,0,0,0
66409,66434,66422,15,-104.569,40.0978,129.201,-53.1696,394.737,16.2085,2.04985,96.4331,0.141132,0.000451889,2.2066,2.50082,1.76528,1.75191,1.45769,1.05649,0.855894,0.989628,0.628547,0.561681,0.28084,0.48144,0.2006,1.05649,0.254094,0.0668667,0.0133733,0,0,0.04012,0,0.0133733,0.0133733,0.0133733,0,0,0,0,0,0,0,0,0,0,0,0
66435,66463,66449,14.9,-104.564,40.0987,131.206,-52.8621,393.555,13.2222,1.72151,85.7409,0.149417,0.000360157,1.96723,1.70494,1.7407,1.1088,1.21611,0.786893,0.72728,0.643822,0.560363,0.512673,0.369601,0.286143,0.166917,1.12073,0.202685,0.0119226,0.0119226,0.0238452,0.0119226,0.0357679,0,0,0,0,0,0,0,0.0119226,0,0,0,0,0,0,0,0
66464,66494,66479,14.8,-104.558,40.0999,133.244,-53.3561,390.946,12.2819,1.98757,190.367,0.287337,0.000610117,1.9986,1.54082,1.4515,1.04954,1.11654,0.792741,0.725748,0.636426,0.413118,0.480111,0.14515,0.256803,0.245638,1.03838,0.200977,0.0669922,0,0.0334961,0,0,0.0111654,0,0.0334961,0,0,0.0111654,0.0111654,0,0,0,0.0111654,0,0,0,0.0111654,0
66495,66524,66510,14.7,-104.553,40.1013,135.303,-52.4587,390.827,12.2088,1.634,77.3272,0.141972,0.000380283,1.9907,1.63398,1.27727,1.20823,1.02412,0.759456,0.690415,0.609866,0.356714,0.356714,0.310687,0.230138,0.195617,1.1737,0.241645,0.0920553,0,0.0115069,0.0115069,0,0.0115069,0,0.0230138,0,0,0,0,0,0,0,0,0,0,0,0,0
66525,66551,66538,14.6,-104.549,40.1027,137.392,-53.367,387.515,11.1693,1.58884,79.1864,0.149518,0.000442269,1.70945,1.5038,1.27245,1.13106,0.784033,0.681209,0.526973,0.475561,0.38559,0.347031,0.295619,0.359884,0.321325,0.886857,0.244207,0.115677,0.025706,0.038559,0.038559,0,0.025706,0,0,0,0,0,0,0,0,0,0,0,0,0,0,0
66552,66578,66565,14.5,-104.546,40.1034,139.484,-53.99,384.753,8.56874,1.27564,68.2628,0.160538,0.000356413,1.15447,1.15447,1.03902,0.692682,0.718337,0.513098,0.359169,0.448961,0.371996,0.218067,0.179584,0.179584,0.230894,0.962059,0.205239,0.0384823,0.0513098,0,0.0128274,0,0,0.0128274,0.0128274,0.0128274,0,0,0,0,0,0,0,0,0,0,0,0
66579,66606,66592,14.4,-104.541,40.1037,141.65,-53.7646,383.459,8.44079,1.48764,99.66,0.200977,0.000515276,1.09073,0.904813,0.805655,0.81805,0.855234,0.570156,0.483393,0.39663,0.247894,0.247894,0.223105,0.21071,0.173526,0.780866,0.39663,0.0743682,0.0371841,0.0123947,0.0371841,0.0247894,0.0247894,0,0,0,0,0,0.0247894,0,0,0,0,0,0,0,0,0
66607,66633,66620,14.3,-104.536,40.1035,143.841,-53.82,381.686,8.14316,1.55427,102.681,0.198191,0.000627868,1.06438,0.910495,0.641193,0.730961,0.56425,0.56425,0.512955,0.333421,0.307773,0.294949,0.192358,0.205182,0.243654,0.884847,0.307773,0.192358,0.0384716,0.0384716,0.0512955,0,0.0128239,0.0256477,0.0128239,0,0,0.0128239,0,0,0,0,0,0,0,0,0,0
66634,66662,66648,14.2,-104.53,40.1029,146.113,-54.6362,378.565,8.34518,1.43091,89.3366,0.1873,0.00048044,1.0656,1.10152,0.814164,0.694434,0.658515,0.514839,0.35919,0.47892,0.287352,0.263406,0.167622,0.227487,0.143676,1.0656,0.287352,0.083811,0.023946,0.023946,0.011973,0.011973,0.011973,0.023946,0.011973,0,0,0,0.011973,0,0,0,0,0,0,0,0,0
66663,66693,66678,14.1,-104.524,40.1021,148.444,-55.2316,375.831,8.6185,1.68874,123.327,0.219087,0.000628642,1.2118,0.97397,0.804091,0.634213,0.577587,0.486985,0.486985,0.351082,0.305781,0.23783,0.215179,0.271806,0.215179,1.15517,0.430359,0.0906019,0.0453009,0,0.0226505,0,0.0226505,0.0113252,0.0226505,0.0226505,0,0,0.0113252,0.0113252,0,0,0,0,0,0,0,0
66694,66725,66710,14,-104.516,40.1018,150.8,-56.5258,371.922,8.96763,1.63335,117.54,0.215888,0.000544612,1.24767,0.883767,0.857773,0.662825,0.649828,0.662825,0.610839,0.337911,0.402894,0.311918,0.272928,0.298921,0.142962,0.987739,0.311918,0.207945,0.0129966,0.0259931,0.0259931,0.0259931,0,0,0,0,0,0,0,0,0.0259931,0,0,0,0,0,0,0
66726,66756,66741,13.9,-104.51,40.102,153.119,-56.0293,371.153,8.66438,1.51295,85.4294,0.169396,0.000512279,0.788886,0.788886,0.722031,0.70866,0.815628,0.735402,0.441241,0.42787,0.361016,0.28079,0.294161,0.374387,0.187193,1.20339,0.320903,0.0401129,0.0267419,0.0267419,0.0534838,0.0401129,0.013371,0.013371,0,0,0,0,0,0,0,0,0,0,0,0,0,0
66757,66787,66772,13.8,-104.505,40.1018,155.551,-55.841,369.804,8.72537,1.67818,119.918,0.214372,0.000636152,0.836503,0.978065,0.810765,0.591987,0.797895,0.476163,0.579118,0.514771,0.489033,0.283124,0.321732,0.18017,0.231647,1.0038,0.308863,0.141562,0.0257386,0.0386078,0.0128693,0.0128693,0.0128693,0.0128693,0.0257386,0,0.0128693,0.0128693,0.0128693,0,0,0,0,0,0,0,0,0
66788,66817,66802,13.7,-104.5,40.1009,158.073,-55.6457,368.441,8.84425,1.82981,132.684,0.217536,0.000786655,1.07565,0.836618,0.677262,0.730381,0.610864,0.663983,0.544466,0.39839,0.491347,0.239034,0.252313,0.292152,0.146076,1.10221,0.38511,0.119517,0.0531186,0.039839,0.0531186,0.0265593,0.0265593,0.0132797,0.039839,0.0132797,0,0,0.0132797,0,0,0,0,0,0,0,0,0
66818,66844,66831,13.6,-104.496,40.0996,160.485,-55.8141,366.566,10.1545,1.83434,103.259,0.168876,0.000636273,1.03466,0.97554,0.990321,0.827731,0.65036,0.532113,0.739045,0.443427,0.443427,0.413865,0.280837,0.310399,0.310399,1.41897,0.443427,0.133028,0.0886854,0.0295618,0.0443427,0.0295618,0,0.0147809,0,0,0,0,0,0,0,0,0,0,0,0,0,0
66845,66871,66858,13.5,-104.491,40.0983,162.966,-55.3926,365.67,9.60454,1.90032,121.288,0.191475,0.000708827,1.20057,1.1561,0.607695,0.770735,0.622516,0.518764,0.400189,0.400189,0.459476,0.222327,0.32608,0.296436,0.222327,1.51183,0.48912,0.207505,0.0741091,0.0296436,0.0148218,0.0444655,0,0,0.0148218,0,0,0,0.0148218,0,0,0,0,0,0,0,0,0
66872,66898,66885,13.4,-104.486,40.0976,165.559,-55.5007,363.845,10.4502,1.95992,131.782,0.201716,0.000713364,1.30811,0.940666,0.925968,0.676104,0.98476,0.661406,0.529125,0.529125,0.573218,0.367448,0.323354,0.264562,0.27926,1.33751,0.411541,0.117583,0.0587916,0.0146979,0.0587916,0,0.0146979,0.0293958,0.0146979,0.0146979,0,0,0,0.0146979,0,0,0,0,0,0,0,0
66899,66925,66912,13.3,-104.481,40.0976,168.195,-55.967,361.429,11.6978,2.46436,240.225,0.292439,0.000954684,1.24382,1.31785,0.992092,0.858826,0.784789,0.681138,0.592294,0.44422,0.384991,0.459028,0.50345,0.384991,0.414606,1.76207,0.370184,0.28134,0.0592294,0.0296147,0.0296147,0.0296147,0.0148073,0,0.044422,0,0,0,0,0,0,0,0,0,0,0,0,0.0148073
66926,66950,66938,13.2,-104.475,40.0981,170.801,-56.5392,358.896,12.9177,2.32527,140.795,0.18165,0.000870073,1.49235,1.55654,1.21956,1.29979,0.850481,0.70606,0.786294,0.497451,0.465358,0.561639,0.40117,0.288843,0.336983,1.41212,0.529545,0.288843,0.0802341,0,0.0320936,0.0320936,0.0320936,0,0.0481404,0,0,0,0,0,0,0,0,0,0,0,0,0
66951,66976,66964,13.1,-104.47,40.0988,173.398,-56.88,356.791,12.6841,1.99489,106.748,0.160531,0.00060433,1.77546,1.45556,1.39157,0.975702,0.975702,0.991697,0.607814,0.463858,0.479853,0.447863,0.431868,0.383883,0.175946,1.40757,0.415873,0.159951,0.0479853,0.0159951,0.0319902,0.0159951,0,0,0.0319902,0,0,0,0,0,0,0,0,0,0,0,0,0
66977,67005,66991,13,-104.463,40.0997,176.318,-56.4682,355.769,12.1171,1.71007,85.8374,0.150585,0.000465245,2.26662,1.63938,1.32576,1.1832,0.912349,0.598729,0.541707,0.570218,0.384897,0.256598,0.342131,0.270853,0.15681,1.11192,0.299364,0.185321,0.0142554,0,0.0142554,0.0142554,0,0.0142554,0.0142554,0,0,0,0,0,0,0,0,0,0,0,0,0
67006,67033,67020,12.9,-104.457,40.1005,179.047,-56.3986,354.324,14.123,2.24165,135.19,0.180925,0.000730551,2.03998,1.79747,1.46936,1.26964,1.14125,0.998593,0.756077,0.58489,0.527828,0.4565,0.442234,0.313843,0.242515,1.3695,0.399437,0.0142656,0.0855937,0.0285312,0.0713281,0.0713281,0.0142656,0.0142656,0,0,0,0,0,0.0142656,0,0,0,0,0,0,0,0
67034,67065,67050,12.8,-104.45,40.1013,181.944,-56.129,353.144,13.7829,2.42461,133.723,0.165458,0.000788454,1.50123,1.47535,1.12592,0.944741,0.892974,0.892974,0.880032,0.880032,0.478841,0.349425,0.504724,0.517666,0.38825,1.95419,0.608258,0.207066,0.0517666,0.0517666,0.0129417,0.0258833,0.0129417,0,0.0258833,0,0,0,0,0,0,0,0,0,0,0,0,0
67066,67096,67081,12.7,-104.443,40.1023,184.847,-57.0403,350.072,13.615,2.50144,148.339,0.177904,0.000861867,1.4569,1.28929,1.08301,1.03144,0.928292,0.902506,0.812256,0.696219,0.528611,0.580183,0.451253,0.43836,0.425467,2.0113,0.528611,0.21918,0.0902506,0.0257859,0.0257859,0.0386788,0.0128929,0,0,0.0257859,0.0128929,0,0,0,0,0,0,0,0,0,0,0
67097,67127,67112,12.6,-104.436,40.1033,187.741,-57.82,347.266,17.1634,2.62534,127.811,0.146051,0.000708062,2.04512,2.03217,2.05806,1.22966,1.43676,0.931952,1.0355,0.828401,0.673076,0.595413,0.465976,0.47892,0.375369,2.03217,0.517751,0.336538,0.0388313,0.0258875,0.0129438,0,0.0129438,0,0,0,0,0,0,0,0,0,0,0,0,0,0,0
67128,67158,67143,12.5,-104.429,40.1044,190.712,-58.9248,343.937,22.0539,3.68349,293.814,0.239295,0.0011394,3.0634,2.89465,2.36245,1.80429,1.60958,1.49276,1.10334,1.1293,0.778831,0.662006,0.467298,0.662006,0.415376,2.4663,0.726909,0.233649,0.0129805,0.0649026,0.025961,0.0129805,0,0,0,0.0129805,0.0129805,0,0,0,0.0129805,0,0,0,0.0129805,0.0129805,0,0
67159,67189,67174,12.4,-104.422,40.1046,193.761,-58.783,342.608,25.0722,3.85521,225.277,0.175303,0.00108061,3.6356,2.84116,2.45067,2.27562,2.19483,1.66968,1.22533,1.07722,0.996424,0.942563,0.807912,0.659794,0.605934,2.55839,0.592468,0.309699,0.0538608,0.0403956,0.0269304,0.0269304,0,0.0269304,0.0134652,0.0134652,0,0,0.0134652,0,0,0.0134652,0,0,0,0,0,0
67190,67221,67206,12.3,-104.413,40.1048,196.932,-58.9875,340.697,32.0179,4.91667,325.155,0.1984,0.00136099,5.49599,4.1346,3.26482,2.81102,2.40765,1.80258,1.51266,1.32357,1.1597,1.13449,0.995833,0.718512,0.592457,3.26482,0.844567,0.302531,0.0756329,0.0126055,0.0378164,0,0.025211,0,0.025211,0.0126055,0,0,0.0378164,0,0,0.0126055,0,0,0.0126055,0,0,0
67222,67251,67236,12.2,-104.405,40.1057,200.091,-58.5817,339.793,37.3259,5.84106,441.786,0.226904,0.001717,5.6514,4.91169,4.18677,3.37309,2.8257,2.14516,2.14516,2.08599,1.49422,1.19833,0.798889,0.784095,0.680535,3.38788,0.843272,0.399444,0.0887654,0.0147942,0.10356,0.0295885,0.0147942,0.0443827,0.0147942,0,0.0147942,0,0.0443827,0.0147942,0.0147942,0,0,0.0147942,0,0,0,0
67252,67279,67266,12.1,-104.397,40.1067,203.181,-57.7821,339.569,40.913,6.09348,435.938,0.214625,0.00167064,6.75751,5.26885,4.78378,4.18163,3.21149,2.47552,2.37516,1.50539,1.60574,1.32139,1.12068,0.819599,0.585428,3.32857,0.802872,0.468342,0.0501795,0.066906,0.033453,0,0.0167265,0.0167265,0.0167265,0,0,0.0167265,0.033453,0,0,0.033453,0,0,0,0.0167265,0,0
67280,67309,67294,12,-104.39,40.1077,206.283,-57.0803,339.205,44.3723,6.83263,479.243,0.210421,0.00210302,7.32252,6.44819,4.40288,3.65345,3.52855,2.79474,2.23267,2.06092,1.71744,1.53008,1.01485,0.905557,0.858718,3.87204,1.17098,0.421552,0.0780652,0.0468391,0.0624522,0.0468391,0.0312261,0.0468391,0.0312261,0.015613,0.0312261,0.015613,0,0,0,0,0,0,0.015613,0.015613,0,0
67310,67340,67325,11.9,-104.382,40.1086,209.511,-56.5252,338.571,46.9985,7.6354,764.424,0.300348,0.00232376,7.12688,6.40821,5.19544,4.11742,3.87786,2.96454,2.66509,1.85658,1.76675,1.42238,1.37746,0.823484,0.67376,4.59654,1.10796,0.583925,0.0898347,0.0299449,0.0748622,0.0299449,0.0299449,0.0149724,0.0449173,0.0149724,0,0,0.0299449,0,0.0149724,0,0,0.0449173,0,0,0,0.0149724
67341,67375,67358,11.8,-104.373,40.1095,212.923,-55.8697,338.034,63.9027,9.07027,649.229,0.214733,0.00237867,11.5348,9.05141,7.15156,5.63169,4.60034,4.28822,3.52829,2.67335,2.22553,1.737,1.69629,1.53345,1.0992,4.89889,1.22133,0.624235,0.0949923,0.0271407,0.0678516,0.040711,0.040711,0.0135703,0.0135703,0.0135703,0,0,0.0271407,0.0135703,0,0,0.0135703,0.0135703,0.0135703,0.0135703,0,0
67376,67408,67392,11.7,-104.364,40.1106,216.26,-55.74,336.735,77.7525,12.2208,1326.89,0.325728,0.00368725,14.7488,10.6985,8.58951,6.95541,5.76824,5.33527,3.99447,3.54754,2.514,2.48607,1.81567,1.5503,1.1313,5.81014,1.41063,0.796101,0.0838001,0.0419,0.139667,0.0558667,0.0139667,0.0419,0.0139667,0.0139667,0,0.0139667,0.0139667,0,0,0.0139667,0.0139667,0.0419,0.0419,0.0139667,0,0.0419
