data/B2SAP/Locations/Lauder/NOAA-POPS-B2SAP_GMLBalloon_20231125_R0.ict
61,1001
Thornberry, T. D.
NOAA Chemical Sciences Laboratory
Portable Optical Particle Spectrometer (POPS)
Balloon Baseline Stratospheric Aerosol Profiles (B2SAP)
1,1
2023,11,25,2024,05,28
0
TIME_START,s,Seconds since midnight UTC on flight start day,Start time of 100 m altitude bin in UTC_seconds_since_midnight
28
1.0,1.0,1.0,1.0,1.0,1.0,1.0,1.0,1.0,1.0,1.0,1.0,1.0,1.0,1.0,1.0,1.0,1.0,1.0,1.0,1.0,1.0,1.0,1.0,1.0,1.0,1.0,1.0
99999,99999,99999,99999,99999,99999,99999,99999,99999,99999,99999,99999,99999,99999,99999,99999,99999,99999,99999,99999,99999,99999,99999,99999,99999,99999,99999,99999
TIME_STOP,s,End time of 100 m altitude bin in UTC seconds since midnight,
TIME_MID,s,Mid time of 100 m altitude in UTC seconds since midnight,
GPSAlt,m,GPS reported altitude above sea level (m),
GPS_Lon,deg,GPS reported longitude,
GPS_Lat,deg,GPS reported latitude,
iMet_Pressure,mb,Pressure reported (mB),
iMet_Temperature,degrees C,Ambient temperature (oC),
THETA,K,Potential temperature from iMet,
Aerosol_concentration,cm^-3,Aerosol concentration,
Surface_Area_Conc,um^2 cm^-3,Surface area concentration,
Volume_density,um^3 cm^-3,Volume density,
Effective_radius,um,Effective radius,
Extinction,km^-1,Extinction,
Bin01,cm^-3,particle concentration in size range [140 - 170 nm],
Bin02,cm^-3,particle concentration in size range [170 - 205 nm],
Bin03,cm^-3,particle concentration in size range [205 - 249 nm],
Bin04,cm^-3,particle concentration in size range [249 - 302 nm],
Bin05,cm^-3,particle concentration in size range [302 - 366 nm],
Bin06,cm^-3,particle concentration in size range [366 - 443 nm],
Bin07,cm^-3,particle concentration in size range [443 - 537 nm],
Bin08,cm^-3,particle concentration in size range [537 - 651 nm],
Bin09,cm^-3,particle concentration in size range [651 - 789 nm],
Bin10,cm^-3,particle concentration in size range [789 - 956 nm],
Bin11,cm^-3,particle concentration in size range [956 - 1159 nm],
Bin12,cm^-3,particle concentration in size range [1159 - 1404 nm],
Bin13,cm^-3,particle concentration in size range [1404 - 1702 nm],
Bin14,cm^-3,particle concentration in size range [1702 - 2062 nm],
Bin15,cm^-3,particle concentration in size range [2062 - 2500 nm],
0
19
PI_CONTACT_INFO: 325 Broadway R/CSL6, Boulder, CO 80305; troy.thornberry@noaa.gov; 303-497-3373 
PLATFORM: GML ECC/FPH balloon
LOCATION: Lauder, NZ
ASSOCIATED_DATA: N/A
INSTRUMENT_INFO: Printed Optical Particle Spectrometer counts particles from 140 - 2500 nm in diameter 
DATA_INFO: Particle concentrations reported in number per cubic centimeter, binned to 100 m altitude
UNCERTAINTY: Counting uncertainty dominated by air flow, less than 5 percent
ULOD_FLAG: -77777
ULOD_VALUE: 3000 ~3000 per cm3 (varies depending on flow rate- manufacturer quotes 1250  per cm3 at 1.667 cc/s)
LLOD_FLAG: -88888
LLOD_VALUE: 0 0 (varies depending on data field and measurement precision)
DM_CONTACT_INFO: Troy Thornberry, 325 Broadway R/CSL6, Boulder, CO 80305; troy.thornberry@noaa.gov; 303-497-3373
PROJECT_INFO: B2SAP Lauder, NZ
STIPULATIONS_ON_USE: Please contact the PIs for questions regarding applications and uncertainties
OTHER_COMMENTS: POPS bin Edges (nm):  140, 170, 205, 249, 302, 366, 443, 537, 651, 789, 956, 1159, 1404, 1702, 2062, 2500
Calculations assume sulfate refractive index of 1.45+0.00j and extinction wavelength = 532 nm
REVISION: R0
R0: QA/QC data
TIME_START,TIME_STOP,TIME_MID,GPSAlt,GPS_Lon,GPS_Lat,iMet_Pressure,iMet_Temperature,THETA,Aerosol_concentration,Surface_Area_Conc,Volume_density,Effective_radius,Extinction,Bin01,Bin02,Bin03,Bin04,Bin05,Bin06,Bin07,Bin08,Bin09,Bin10,Bin11,Bin12,Bin13,Bin14,Bin15
[from data line 309]
12849,12860,12854,26.2,169.531,-44.8721,20.32,-52.068,672.981,1.56077,0.459316,32.3883,0.211543,0.000242586,0.554942,0.173419,0.138735,0.173419,0.104052,0.208103,0.138735,0.0346838,0.0346838,0,0,0,0,0,0
12861,12871,12866,26.1,169.53,-44.8726,20.57,-52.3955,669.649,1.04886,0.317768,23.7695,0.224404,0.0001823,0.27764,0.246791,0.123395,0.0925465,0.0616977,0.0925465,0.0616977,0.0616977,0.0308488,0,0,0,0,0,0
12873,12883,12878,26,169.529,-44.873,20.9509,-53.0055,664.294,1.48485,0.432149,29.8226,0.20703,0.000219482,0.402146,0.185606,0.247475,0.185606,0.092803,0.185606,0.123737,0.0309343,0.0309343,0,0,0,0,0,0
12884,12897,12890,25.9,169.528,-44.8733,21.2607,-53.0086,661.515,1.3745,0.314718,18.1949,0.173441,0.000123404,0.355474,0.284379,0.236982,0.142189,0.142189,0.0710947,0.142189,0,0,0,0,0,0,0,0
12898,12910,12904,25.8,169.527,-44.8737,21.6282,-52.9427,658.475,1.43751,0.444623,34.196,0.23073,0.000261575,0.32943,0.299481,0.269533,0.119793,0.149741,0.0598963,0.0598963,0.0898444,0.0598963,0,0,0,0,0,0
12911,12924,12918,25.7,169.526,-44.8741,21.9842,-52.9567,655.377,1.59756,0.500517,34.3301,0.205768,0.000260064,0.379083,0.243696,0.216619,0.108309,0.216619,0.189541,0.135387,0.108309,0,0,0,0,0,0,0
12925,12936,12930,25.6,169.525,-44.8746,22.385,-52.9462,652.027,1.21347,0.401358,34.4312,0.257361,0.000238745,0.364041,0.161796,0.242694,0.040449,0.121347,0.121347,0.0808979,0.040449,0,0.040449,0,0,0,0,0
12938,12950,12944,25.5,169.524,-44.8751,22.713,-52.733,649.954,1.26664,0.233619,10.9021,0.139999,5.47325e-05,0.348325,0.221662,0.221662,0.15833,0.253328,0.0633319,0,0,0,0,0,0,0,0,0
12951,12962,12956,25.4,169.523,-44.8755,23.0778,-53.3333,645.243,1.4734,0.526151,41.2783,0.23536,0.000325194,0.456052,0.210486,0.105243,0.105243,0.140324,0.140324,0.210486,0.0350809,0.0701619,0,0,0,0,0,0
12964,12976,12970,25.3,169.522,-44.876,23.4686,-53.1557,642.668,1.2436,0.666044,76.4471,0.344334,0.000395497,0.266486,0.0444143,0.177657,0.177657,0.133243,0.177657,0.0888286,0.0888286,0.0444143,0,0.0444143,0,0,0,0
12978,12990,12984,25.2,169.522,-44.8764,23.8371,-53.2714,639.485,1.57576,0.511619,38.699,0.226921,0.000285206,0.39394,0.175084,0.262627,0.0875422,0.306398,0.218855,0,0.0437711,0.0875422,0,0,0,0,0,0
12992,13002,12997,25.1,169.521,-44.8769,24.255,-52.9712,637.176,1.7021,0.659553,56.115,0.255241,0.000404029,0.226946,0.151298,0.378244,0.302595,0.226946,0.151298,0.113473,0.0378244,0.0756488,0.0378244,0,0,0,0,0
13004,13017,13010,25,169.521,-44.8772,24.6607,-52.6929,634.975,1.58672,0.591748,46.7251,0.236884,0.000348955,0.321632,0.214421,0.150095,0.235863,0.171537,0.192979,0.171537,0.0857685,0.0214421,0.0214421,0,0,0,0,0
13018,13028,13023,24.9,169.52,-44.8773,24.993,-52.309,633.639,1.44492,0.527272,46.7842,0.266186,0.000323914,0.294883,0.206418,0.265394,0.17693,0.206418,0.0589765,0.117953,0.0589765,0,0.0589765,0,0,0,0,0
13030,13042,13036,24.8,169.52,-44.8773,25.47,-52.2029,630.544,1.17193,0.257885,16.157,0.187955,0.000113304,0.376691,0.251128,0.209273,0.0837092,0.125564,0.0418546,0,0.0837092,0,0,0,0,0,0,0
13044,13054,13049,24.7,169.519,-44.8775,25.844,-52.102,628.198,1.1532,0.226315,13.2093,0.175101,8.72074e-05,0.403621,0.288301,0.11532,0.17298,0.0576601,0.0576601,0,0.0576601,0,0,0,0,0,0,0
13058,13070,13064,24.6,169.519,-44.8777,26.2775,-51.8462,625.951,2.03517,0.584133,41.1966,0.211578,0.00030988,0.60698,0.357047,0.214228,0.142819,0.357047,0.0714094,0.142819,0.107114,0.0357047,0,0,0,0,0,0
13072,13088,13080,24.5,169.518,-44.8781,26.7389,-51.9267,622.614,2.16156,0.711287,55.205,0.232838,0.000396268,0.563886,0.219289,0.31327,0.219289,0.375924,0.187962,0.125308,0.093981,0.031327,0.031327,0,0,0,0,0
13090,13102,13096,24.4,169.518,-44.8788,27.2025,-52.3663,618.338,1.82176,0.492611,32.0468,0.195165,0.000223839,0.490474,0.175169,0.210203,0.280271,0.45544,0.0350338,0.105101,0.0350338,0.0350338,0,0,0,0,0,0
13104,13120,13112,24.3,169.517,-44.8796,27.613,-52.564,615.14,1.95436,0.565197,39.4547,0.209421,0.000292283,0.362952,0.390871,0.335033,0.307113,0.223355,0.0837581,0.0837581,0.139597,0.0279194,0,0,0,0,0,0
13122,13137,13130,24.2,169.516,-44.8806,28.0733,-52.5027,612.416,1.94248,0.611537,42.6432,0.209194,0.000321152,0.458132,0.219903,0.219903,0.274879,0.384831,0.0733012,0.164928,0.128277,0.0183253,0,0,0,0,0,0
13138,13153,13146,24.1,169.515,-44.8814,28.567,-52.752,608.681,1.92728,0.599494,42.2431,0.211394,0.000321447,0.434316,0.217158,0.407172,0.244303,0.162869,0.108579,0.244303,0.0814343,0.0271448,0,0,0,0,0,0
13154,13170,13162,24,169.514,-44.8821,29.036,-52.7213,605.944,1.77921,0.473156,30.31,0.192178,0.000218681,0.323493,0.48524,0.269578,0.107831,0.269578,0.125803,0.107831,0.0898592,0,0,0,0,0,0,0
13172,13185,13178,23.9,169.513,-44.883,29.5182,-52.4945,603.712,2.25827,0.731506,49.0665,0.201228,0.000367821,0.264266,0.456459,0.360363,0.240242,0.28829,0.264266,0.28829,0.0960967,0,0,0,0,0,0,0
13187,13202,13194,23.8,169.512,-44.8838,29.9836,-52.4482,601.153,1.80588,0.457797,30.1358,0.197484,0.000213103,0.427708,0.427708,0.237615,0.190092,0.285138,0.0950461,0.0237615,0.0950461,0.0237615,0,0,0,0,0,0
13204,13219,13212,23.7,169.511,-44.8845,30.5092,-52.3325,598.483,1.93595,0.535044,34.2704,0.192155,0.000251044,0.387189,0.494742,0.215105,0.193595,0.193595,0.172084,0.236616,0.043021,0,0,0,0,0,0,0
13221,13238,13230,23.6,169.51,-44.8852,30.9831,-52.7615,594.701,1.99817,0.572544,37.9702,0.198955,0.000279009,0.391798,0.391798,0.274259,0.274259,0.274259,0.137129,0.11754,0.137129,0,0,0,0,0,0,0
13239,13255,13247,23.5,169.509,-44.8858,31.5519,-52.9162,591.199,1.94871,0.796556,63.8055,0.240305,0.000492715,0.37717,0.2043,0.2043,0.141439,0.37717,0.2043,0.251447,0.110008,0.0628616,0.0157154,0,0,0,0,0
13257,13272,13264,23.4,169.509,-44.8862,31.9825,-53.4667,587.442,2.17183,0.739982,52.1545,0.211442,0.000396967,0.313245,0.417659,0.271479,0.20883,0.334127,0.250596,0.229713,0.125298,0.020883,0,0,0,0,0,0
13273,13289,13281,23.3,169.509,-44.8866,32.4636,-53.2786,585.449,2.31031,0.705464,50.6711,0.21548,0.000368993,0.423263,0.476171,0.317447,0.370355,0.211632,0.17636,0.17636,0.141088,0,0.017636,0,0,0,0,0
13290,13307,13298,23.2,169.508,-44.8874,33.0513,-53.1147,582.883,2.45205,0.821393,57.5034,0.210022,0.000431932,0.375981,0.392328,0.294246,0.408675,0.277899,0.310593,0.245205,0.114429,0.032694,0,0,0,0,0,0
13308,13325,13316,23.1,169.508,-44.888,33.5447,-53.2759,580.004,2.12694,0.668203,45.7507,0.205405,0.000340123,0.314045,0.385419,0.385419,0.185572,0.356869,0.171297,0.228396,0.0713738,0.0285495,0,0,0,0,0,0
13326,13343,13334,23,169.508,-44.8883,34.0529,-53.4247,577.114,2.31253,0.664501,44.5637,0.20119,0.000328593,0.47107,0.485345,0.342597,0.242673,0.256947,0.214123,0.171298,0.114199,0.0142749,0,0,0,0,0,0
13344,13363,13354,22.9,169.508,-44.8889,34.64,-53.6045,573.845,2.54162,0.851005,62.9977,0.222082,0.000457763,0.413469,0.486434,0.267538,0.352664,0.364825,0.328343,0.121608,0.170252,0.0121608,0.0243217,0,0,0,0,0
13364,13382,13373,22.8,169.509,-44.8894,35.2084,-53.6963,570.929,2.32872,0.649781,41.7963,0.192971,0.000306071,0.550193,0.383855,0.319879,0.319879,0.243108,0.166337,0.281494,0.0639759,0,0,0,0,0,0,0
13383,13402,13392,22.7,169.51,-44.8896,35.7845,-53.529,568.734,2.41738,0.86477,66.3483,0.230171,0.000500709,0.376577,0.400872,0.437315,0.218658,0.315839,0.194362,0.2551,0.182215,0.0121476,0.0242953,0,0,0,0,0
13403,13421,13412,22.6,169.511,-44.89,36.3489,-53.5479,566.138,2.49382,0.694821,46.3755,0.200234,0.000339793,0.511553,0.562709,0.396454,0.204621,0.319721,0.179044,0.204621,0.0895218,0.0255777,0,0,0,0,0,0
13422,13441,13432,22.5,169.512,-44.8909,36.9495,-53.887,562.631,2.20307,0.8434,73.6668,0.262035,0.000503352,0.499037,0.340806,0.255604,0.182574,0.316462,0.182574,0.231261,0.109545,0.0486865,0.0243433,0.0121716,0,0,0,0
13442,13460,13451,22.4,169.512,-44.8919,37.5283,-54.0272,559.777,2.73803,0.968534,68.1605,0.211125,0.000518352,0.406637,0.352419,0.365974,0.32531,0.447301,0.379528,0.243982,0.203319,0.0135546,0,0,0,0,0,0
13461,13480,13470,22.3,169.513,-44.8928,38.1621,-53.8826,557.472,2.54093,0.909962,69.5067,0.229153,0.000534492,0.384989,0.513319,0.410655,0.230994,0.243826,0.256659,0.256659,0.192495,0.0384989,0.012833,0,0,0,0,0
13481,13499,13490,22.2,169.514,-44.8938,38.7847,-53.3337,556.291,2.40383,0.912659,70.0952,0.23041,0.000532232,0.332445,0.332445,0.306872,0.345231,0.358017,0.281299,0.230154,0.14065,0.0639316,0.0127863,0,0,0,0,0
13500,13519,13510,22.1,169.514,-44.8946,39.4047,-53.2068,554.091,2.54301,0.914137,69.6741,0.228655,0.000529514,0.434485,0.357811,0.37059,0.37059,0.293916,0.255579,0.217242,0.178906,0.0511159,0.012779,0,0,0,0,0
13520,13537,13528,22,169.515,-44.8955,40.0633,-52.9267,552.185,2.79728,1.00449,73.9784,0.220942,0.000554272,0.349661,0.4438,0.376558,0.376558,0.4438,0.295867,0.349661,0.0941394,0.0537939,0.0134485,0,0,0,0,0
13538,13555,13546,21.9,169.515,-44.8963,40.6444,-52.8189,550.175,3.17227,1.12587,78.1732,0.208302,0.000590277,0.41847,0.350975,0.499464,0.350975,0.566959,0.458967,0.310478,0.202485,0.013499,0,0,0,0,0,0
13557,13575,13566,21.8,169.516,-44.8975,41.3235,-52.6376,548.037,2.70489,1.18154,97.9555,0.248714,0.000746452,0.242017,0.469797,0.284725,0.284725,0.469797,0.298962,0.384379,0.142363,0.0854176,0.0427088,0,0,0,0,0
13576,13595,13586,21.7,169.516,-44.8987,41.9835,-52.875,544.964,2.64754,0.91588,65.2106,0.2136,0.00048639,0.425063,0.315761,0.388629,0.303617,0.437208,0.388629,0.255038,0.0607234,0.072868,0,0,0,0,0,0
13596,13615,13606,21.6,169.516,-44.8998,42.677,-52.499,543.353,2.79763,1.02966,77.7858,0.226636,0.000598724,0.387551,0.496549,0.411772,0.278552,0.387551,0.266441,0.302774,0.217997,0.0363329,0.012111,0,0,0,0,0
13616,13635,13626,21.5,169.515,-44.9006,43.3778,-52.6161,540.539,2.86682,1.0999,84.0894,0.229356,0.000651901,0.417236,0.430696,0.34994,0.363399,0.417236,0.242266,0.363399,0.228807,0.0403777,0.0134592,0,0,0,0,0
13636,13657,13646,21.4,169.516,-44.9009,44.0414,-52.989,537.291,2.86717,1.05176,79.555,0.22692,0.000613416,0.40628,0.533968,0.359848,0.371456,0.336632,0.278592,0.2902,0.243768,0.034824,0.011608,0,0,0,0,0
13658,13677,13668,21.3,169.516,-44.901,44.7695,-53.6316,533.224,2.83811,1.01281,77.8653,0.230641,0.000590437,0.449474,0.590738,0.269685,0.308211,0.500843,0.256842,0.166948,0.205474,0.0770527,0.0128421,0,0,0,0,0
13678,13699,13688,21.2,169.517,-44.9014,45.5043,-53.4971,531.068,3.01065,0.900732,59.4244,0.197921,0.000438736,0.592831,0.499838,0.488214,0.278979,0.395221,0.3371,0.278979,0.13949,0,0,0,0,0,0,0
13700,13721,13710,21.1,169.519,-44.9021,46.2071,-53.8119,527.999,3.13239,0.918107,64.7244,0.211493,0.000475457,0.756897,0.547294,0.337692,0.442493,0.465782,0.221247,0.151379,0.12809,0.0815119,0,0,0,0,0,0
13722,13742,13732,21,169.52,-44.9034,46.9871,-54.1205,524.729,3.28828,1.15556,88.9061,0.230812,0.000693932,0.746187,0.531184,0.467948,0.265592,0.354123,0.303534,0.290887,0.215003,0.113825,0,0,0,0,0,0
13743,13763,13753,20.9,169.521,-44.9052,47.7352,-53.8362,523.051,3.06494,1.13931,92.8207,0.244412,0.000701564,0.423192,0.76944,0.38472,0.294952,0.333424,0.282128,0.243656,0.218008,0.076944,0.038472,0,0,0,0,0
13764,13784,13774,20.8,169.522,-44.9067,48.5133,-52.7395,523.235,3.20687,1.20495,97.8975,0.243738,0.000742767,0.610832,0.509026,0.470849,0.305416,0.419947,0.241788,0.330867,0.190885,0.0890796,0.038177,0,0,0,0,0
13785,13804,13794,20.7,169.522,-44.9077,49.2805,-52.652,521.109,3.22184,1.08341,80.9994,0.224291,0.000622785,0.601588,0.601588,0.48127,0.414427,0.267372,0.334216,0.187161,0.254004,0.0802117,0,0,0,0,0,0
13805,13825,13815,20.6,169.522,-44.9082,50.0576,-51.8071,520.771,3.61964,1.39322,107.64,0.23178,0.000844483,0.533421,0.571523,0.571523,0.355614,0.444518,0.317513,0.393716,0.368315,0.050802,0.0127005,0,0,0,0,0
13826,13845,13836,20.5,169.522,-44.9082,50.9,-52.56,516.527,3.24667,1.31155,106.049,0.242574,0.000818422,0.547792,0.494349,0.280576,0.440906,0.414184,0.360741,0.34738,0.227133,0.106886,0.0267216,0,0,0,0,0
13846,13866,13856,20.4,169.523,-44.9082,51.6644,-53.5356,512.066,3.28996,1.03176,75.0996,0.218364,0.000556061,0.655014,0.565694,0.506147,0.461487,0.372167,0.208414,0.327507,0.119093,0.0595467,0.0148867,0,0,0,0,0
13867,13888,13878,20.3,169.524,-44.9085,52.5068,-53.6979,509.319,3.08379,1.1149,87.8887,0.236493,0.000651099,0.50925,0.565833,0.325354,0.410229,0.480958,0.240479,0.282916,0.183896,0.0424375,0.0424375,0,0,0,0,0
13889,13909,13899,20.2,169.526,-44.9091,53.3653,-54.0026,506.267,3.29879,1.20436,94.0827,0.234356,0.000721892,0.552158,0.509684,0.523842,0.424737,0.396421,0.240684,0.339789,0.184053,0.113263,0.0141579,0,0,0,0,0
13910,13931,13920,20.1,169.527,-44.9102,54.2223,-54.2395,503.423,3.42533,1.5593,133.321,0.256501,0.00104857,0.562733,0.5138,0.281366,0.305833,0.464866,0.415933,0.354766,0.3303,0.159033,0.0367,0,0,0,0,0
13932,13952,13942,20,169.527,-44.9116,55.1219,-53.9667,501.682,3.5989,1.65994,149.807,0.270745,0.0010884,0.523245,0.523245,0.3701,0.3701,0.548769,0.344576,0.446672,0.280765,0.102097,0.0765724,0.0127621,0,0,0,0
13953,13973,13963,19.9,169.527,-44.9133,56.0125,-53.54,500.372,3.59305,1.6123,133.282,0.247998,0.0010611,0.536276,0.455835,0.348579,0.335173,0.603311,0.348579,0.455835,0.321766,0.17429,0.0134069,0,0,0,0,0
13974,13995,13984,19.8,169.527,-44.9147,56.8711,-53.2028,498.952,3.83782,1.73397,146.964,0.254268,0.00107637,0.446258,0.490884,0.386757,0.490884,0.505759,0.609886,0.401632,0.357006,0.119002,0.0148753,0,0.0148753,0,0,0
13996,14014,14005,19.7,169.526,-44.9156,57.7321,-52.9514,497.391,3.42334,1.27606,96.2298,0.226235,0.000734237,0.361352,0.475464,0.513501,0.513501,0.684668,0.26626,0.285278,0.190185,0.13313,0,0,0,0,0,0
14016,14035,14026,19.6,169.526,-44.916,58.6675,-53.7938,493.219,3.89017,2.02074,187.703,0.278664,0.00143278,0.452736,0.452736,0.469504,0.469504,0.452736,0.4192,0.553343,0.301824,0.184448,0.134144,0,0,0,0,0
14036,14055,14046,19.5,169.527,-44.9162,59.6261,-54.3122,489.777,4.17589,2.07714,192.692,0.278303,0.00143899,0.56876,0.523857,0.553792,0.434053,0.523857,0.404119,0.404119,0.463988,0.209543,0.0748368,0.0149674,0,0,0,0
14056,14076,14066,19.4,169.528,-44.9165,60.5765,-54.7335,486.637,3.56115,1.84808,183.647,0.298114,0.0012682,0.506475,0.522302,0.269065,0.47482,0.522302,0.284892,0.348201,0.332374,0.189928,0.0791367,0.0158273,0.0158273,0,0,0
14077,14097,14087,19.3,169.529,-44.9168,61.5335,-54.9818,483.901,3.79843,1.81565,167.371,0.276546,0.00123072,0.633071,0.49063,0.364016,0.474803,0.44315,0.395669,0.379843,0.364016,0.174094,0.0633071,0.0158268,0,0,0,0
14098,14118,14108,19.2,169.53,-44.9172,62.4965,-55.1124,481.479,3.45229,1.70318,156.557,0.275761,0.00120123,0.585939,0.443414,0.395905,0.285052,0.380069,0.395905,0.33256,0.427577,0.0950172,0.110853,0,0,0,0,0
14119,14139,14129,19.1,169.531,-44.9172,63.6047,-55.1607,478.955,3.26284,1.80008,181.838,0.30305,0.00134416,0.648962,0.342508,0.396588,0.270401,0.360535,0.216321,0.270401,0.396588,0.252374,0.0901336,0.0180267,0,0,0,0
14142,14158,14150,19,169.532,-44.9173,64.5577,-55.1708,476.904,4.05954,2.4914,260.518,0.3137,0.00190821,0.520454,0.478818,0.478818,0.416363,0.437182,0.416363,0.291454,0.458,0.353909,0.187364,0.0208182,0,0,0,0
14159,14179,14169,18.9,169.534,-44.9176,65.6019,-55.0087,475.081,3.38914,1.91444,201.278,0.31541,0.00137481,0.539565,0.505842,0.269782,0.421535,0.252921,0.35409,0.455258,0.219198,0.202337,0.134891,0.0168614,0.0168614,0,0,0
14181,14201,14191,18.8,169.535,-44.9182,66.716,-54.8173,473.207,3.88763,2.00066,197.407,0.296013,0.00142712,0.881915,0.485953,0.377964,0.10799,0.52195,0.41396,0.395962,0.377964,0.179983,0.125988,0,0.0179983,0,0,0
14202,14221,14212,18.7,169.536,-44.9191,67.7643,-54.8693,471.001,4.00374,2.14929,226.176,0.3157,0.00150363,0.75799,0.408148,0.388713,0.485891,0.505326,0.447019,0.408148,0.194356,0.174921,0.194356,0.0388713,0,0,0,0
