data/B2SAP/Locations/Lauder/NOAA-POPS-B2SAP_GMLBalloon_20221230_R0.ict
61,1001
Thornberry, T. D.
NOAA Chemical Sciences Laboratory
Portable Optical Particle Spectrometer (POPS)
Balloon Baseline Stratospheric Aerosol Profiles (B2SAP)
1,1
2022,12,30,2024,05,28
0
TIME_START,s,Seconds since midnight UTC on flight start day,Start time of 100 m altitude bin in UTC_seconds_since_midnight
28
1.0,1.0,1.0,1.0,1.0,1.0,1.0,1.0,1.0,1.0,1.0,1.0,1.0,1.0,1.0,1.0,1.0,1.0,1.0,1.0,1.0,1.0,1.0,1.0,1.0,1.0,1.0,1.0
99999,99999,99999,99999,99999,99999,99999,99999,99999,99999,99999,99999,99999,99999,99999,99999,99999,99999,99999,99999,99999,99999,99999,99999,99999,99999,99999,99999
TIME_STOP,s,End time of 100 m altitude bin in UTC seconds since midnight,
TIME_MID,s,Mid time of 100 m altitude in UTC seconds since midnight,
GPSAlt,m,GPS reported altitude above sea level (m),
GPS_Lon,deg,GPS reported longitude,
GPS_Lat,deg,GPS reported latitude,
iMet_Pressure,mb,Pressure reported (mB),
iMet_Temperature,degrees C,Ambient temperature (oC),
THETA,K,Potential temperature from iMet,
Aerosol_concentration,cm^-3,Aerosol concentration,
Surface_Area_Conc,um^2 cm^-3,Surface area concentration,
Volume_density,um^3 cm^-3,Volume density,
Effective_radius,um,Effective radius,
Extinction,km^-1,Extinction,
Bin01,cm^-3,particle concentration in size range [140 - 170 nm],
Bin02,cm^-3,particle concentration in size range [170 - 205 nm],
Bin03,cm^-3,particle concentration in size range [205 - 249 nm],
Bin04,cm^-3,particle concentration in size range [249 - 302 nm],
Bin05,cm^-3,particle concentration in size range [302 - 366 nm],
Bin06,cm^-3,particle concentration in size range [366 - 443 nm],
Bin07,cm^-3,particle concentration in size range [443 - 537 nm],
Bin08,cm^-3,particle concentration in size range [537 - 651 nm],
Bin09,cm^-3,particle concentration in size range [651 - 789 nm],
Bin10,cm^-3,particle concentration in size range [789 - 956 nm],
Bin11,cm^-3,particle concentration in size range [956 - 1159 nm],
Bin12,cm^-3,particle concentration in size range [1159 - 1404 nm],
Bin13,cm^-3,particle concentration in size range [1404 - 1702 nm],
Bin14,cm^-3,particle concentration in size range [1702 - 2062 nm],
Bin15,cm^-3,particle concentration in size range [2062 - 2500 nm],
0
19
PI_CONTACT_INFO: 325 Broadway R/CSL6, Boulder, CO 80305; troy.thornberry@noaa.gov; 303-497-3373 
PLATFORM: GML ECC/FPH balloon
LOCATION: Lauder, NZ
ASSOCIATED_DATA: N/A
INSTRUMENT_INFO: Printed Optical Particle Spectrometer counts particles from 140 - 2500 nm in diameter 
DATA_INFO: Particle concentrations reported in number per cubic centimeter, binned to 100 m altitude
UNCERTAINTY: Counting uncertainty dominated by air flow, less than 5 percent
ULOD_FLAG: -77777
ULOD_VALUE: 3000 ~3000 per cm3 (varies depending on flow rate- manufacturer quotes 1250  per cm3 at 1.667 cc/s)
LLOD_FLAG: -88888
LLOD_VALUE: 0 0 (varies depending on data field and measurement precision)
DM_CONTACT_INFO: Troy Thornberry, 325 Broadway R/CSL6, Boulder, CO 80305; troy.thornberry@noaa.gov; 303-497-3373
PROJECT_INFO: B2SAP Lauder, NZ
STIPULATIONS_ON_USE: Please contact the PIs for questions regarding applications and uncertainties
OTHER_COMMENTS: POPS bin Edges (nm):  140, 170, 205, 249, 302, 366, 443, 537, 651, 789, 956, 1159, 1404, 1702, 2062, 2500
Calculations assume sulfate refractive index of 1.45+0.00j and extinction wavelength = 532 nm
REVISION: R0
R0: QA/QC data
TIME_START,TIME_STOP,TIME_MID,GPSAlt,GPS_Lon,GPS_Lat,iMet_Pressure,iMet_Temperature,THETA,Aerosol_concentration,Surface_Area_Conc,Volume_density,Effective_radius,Extinction,Bin01,Bin02,Bin03,Bin04,Bin05,Bin06,Bin07,Bin08,Bin09,Bin10,Bin11,Bin12,Bin13,Bin14,Bin15
[from data line 156]
81346,81359,81352,16,169.782,-45.0796,106.73,-58.8556,406.108,5.88448,1.97003,182.107,0.277316,0.00118662,2.11238,0.943025,0.603536,0.414931,0.716699,0.264047,0.264047,0.264047,0.188605,0.075442,0.037721,0,0,0,0
81360,81375,81368,16.1,169.784,-45.0803,104.872,-59.298,407.315,6.05317,1.85775,181.372,0.29289,0.00100122,2.48044,0.864739,0.887496,0.341344,0.455126,0.250319,0.386857,0.18205,0.0682689,0.0682689,0.0227563,0.0455126,0,0,0
81376,81392,81384,16.2,169.787,-45.0808,103.134,-59.0221,409.786,6.16963,1.79595,150.398,0.251229,0.00101889,2.43859,1.14614,0.560875,0.390174,0.487718,0.243859,0.41456,0.341402,0.0731576,0.0487718,0.0243859,0,0,0,0
81393,81410,81402,16.3,169.789,-45.0811,101.534,-58.7556,412.136,5.87897,2.29219,249.719,0.32683,0.00132394,1.81867,1.22655,0.444095,0.444095,0.676716,0.380652,0.380652,0.190326,0.105737,0.105737,0.0634421,0.0211474,0.0211474,0,0
81411,81428,81420,16.4,169.791,-45.0813,99.9429,-59.2853,412.979,6.50862,3.1026,382.822,0.370162,0.00186992,2.21656,0.886623,0.664967,0.564215,0.564215,0.362709,0.423161,0.342559,0.161204,0.100753,0.181355,0.0201505,0.0201505,0,0
81429,81445,81437,16.5,169.793,-45.0813,98.3027,-59.6927,414.14,6.34634,2.22486,212.362,0.286349,0.00132341,2.20742,1.05772,0.781796,0.275928,0.436886,0.597844,0.551856,0.183952,0.045988,0.160958,0.022994,0.022994,0,0,0
81446,81462,81454,16.6,169.795,-45.0813,96.6931,-59.4775,416.526,5.95078,2.79271,341.762,0.36713,0.00162878,1.94392,0.892617,0.614914,0.376883,0.595078,0.416554,0.476062,0.257867,0.0595078,0.119016,0.0991796,0.0991796,0,0,0
81463,81478,81470,16.7,169.797,-45.0815,95.1525,-59.6292,418.14,5.88518,2.6411,305.763,0.347314,0.00169067,1.95327,1.01469,0.684913,0.279039,0.558077,0.253671,0.329773,0.35514,0.17757,0.152203,0.0507343,0.0761014,0,0,0
81479,81495,81487,16.8,169.798,-45.0818,93.6608,-59.66,419.967,5.85089,3.00468,357.064,0.356507,0.00195577,1.72496,0.932413,0.396276,0.372965,0.815862,0.303034,0.396276,0.303034,0.349655,0.0932413,0.116552,0.0233103,0.0233103,0,0
81496,81510,81503,16.9,169.8,-45.0821,92.2207,-59.1736,422.802,6.44825,3.36106,423.704,0.378188,0.00205427,1.58528,1.13541,0.85691,0.514146,0.642683,0.38561,0.578414,0.128537,0.214228,0.171382,0.107114,0.128537,0,0,0
81512,81527,81520,17,169.801,-45.0822,90.8136,-59.2991,424.407,6.13314,3.22282,411.822,0.383349,0.00196123,1.58805,1.20472,0.629742,0.602362,0.492842,0.273801,0.465461,0.383321,0.10952,0.1369,0.1369,0.10952,0,0,0
81529,81542,81536,17.1,169.801,-45.0825,89.2058,-59.7675,425.643,5.96443,2.90957,334.889,0.345297,0.00185165,1.66098,0.729825,0.805324,0.452995,0.679492,0.377496,0.452995,0.251664,0.301996,0.100665,0.100665,0.0503327,0,0,0
81544,81559,81552,17.2,169.802,-45.0831,87.722,-59.8487,427.531,6.33491,2.93175,330.431,0.338123,0.00180664,1.72406,0.902123,0.741746,0.400944,0.821935,0.461085,0.64151,0.220519,0.100236,0.200472,0.0400944,0.0400944,0.0400944,0,0
81560,81575,81568,17.3,169.803,-45.0839,86.3325,-60.2,428.771,5.70988,2.93599,370.638,0.378718,0.00173493,1.49063,0.985334,0.808479,0.30318,0.454769,0.555829,0.429504,0.227385,0.126325,0.10106,0.126325,0.10106,0,0,0
81577,81592,81584,17.4,169.804,-45.0849,84.9831,-60.3554,430.397,6.27843,2.8568,329.417,0.34593,0.00178209,1.71017,1.19478,0.749664,0.46854,0.632529,0.351405,0.351405,0.351405,0.163989,0.163989,0.046854,0.093708,0,0,0
81594,81607,81600,17.5,169.806,-45.0854,83.5562,-60.6223,431.941,5.11905,1.8635,197.795,0.318426,0.00101168,1.7531,0.864863,0.607741,0.327245,0.467493,0.257121,0.537617,0.116873,0.0233747,0.070124,0.0233747,0.070124,0,0,0
81608,81622,81615,17.6,169.808,-45.0856,82.2131,-60.5546,434.077,6.41582,3.31941,430.565,0.389134,0.00205965,1.90615,1.09255,0.790355,0.464915,0.674126,0.302195,0.302195,0.255703,0.185966,0.185966,0.209212,0.0464915,0,0,0
81623,81637,81630,17.7,169.81,-45.0854,80.8927,-59.9464,437.351,5.23473,3.62596,489.413,0.404923,0.00236007,1.26072,0.575547,0.520733,0.356291,0.575547,0.328884,0.685174,0.27407,0.164442,0.219256,0.109628,0.137035,0.027407,0,0
81639,81658,81648,17.8,169.812,-45.0849,79.416,-59.6447,440.27,7.00062,4.79166,658.685,0.412395,0.00303322,1.4324,1.29118,0.625416,0.464018,0.726289,0.383319,0.806988,0.443844,0.201747,0.221922,0.161398,0.201747,0.0403494,0,0
81659,81678,81668,17.9,169.814,-45.0845,78.2044,-59.3744,442.774,6.10854,4.27607,580.081,0.406973,0.00281841,1.2671,0.775387,0.69974,0.472797,0.737563,0.491709,0.453885,0.340414,0.264766,0.283678,0.151295,0.151295,0.0189119,0,0
81679,81700,81690,18,169.815,-45.0844,77.0147,-59.1742,445.133,6.43997,4.6984,653.372,0.417188,0.00303735,1.27524,0.828907,0.844848,0.398513,0.685442,0.573859,0.510097,0.398513,0.30287,0.223167,0.223167,0.127524,0.0478216,0,0
81702,81721,81712,18.1,169.815,-45.0846,75.6842,-58.9032,447.916,7.05141,5.84454,817.95,0.419853,0.00391415,1.24156,0.875457,0.604861,0.445687,0.700366,0.573027,0.907292,0.588944,0.318348,0.318348,0.238761,0.175091,0.0636696,0,0
81722,81742,81732,18.2,169.816,-45.0849,74.4672,-59.095,449.601,6.24788,4.71825,632.761,0.402328,0.00323928,1.20927,0.772587,0.65502,0.386294,0.604633,0.537452,0.621429,0.487066,0.352703,0.285521,0.201544,0.117568,0.0167954,0,0
81744,81765,81754,18.3,169.817,-45.0855,73.2695,-59.304,451.24,6.50826,5.03171,684.259,0.407968,0.00338133,1.07462,0.923264,0.63569,0.393522,0.726503,0.4692,0.787045,0.560013,0.272439,0.287574,0.196761,0.136219,0.0454064,0,0
81766,81784,81775,18.4,169.818,-45.0865,72.1289,-59.1333,453.632,6.09176,5.47934,784.824,0.4297,0.00367878,0.879558,0.651525,0.586372,0.472355,0.716677,0.488644,0.635237,0.537508,0.358339,0.276898,0.276898,0.179169,0.0325762,0,0
81786,81807,81796,18.5,169.819,-45.0877,70.948,-59.462,455.078,6.1683,4.92461,660.403,0.402308,0.00341741,0.816993,0.803377,0.626361,0.544662,0.667211,0.39488,0.885076,0.490196,0.190632,0.422113,0.163399,0.149782,0.0136166,0,0
81809,81829,81819,18.6,169.819,-45.0891,69.71,-59.8465,456.547,6.74545,6.24575,921.577,0.442658,0.00420301,1.15831,0.694985,0.763121,0.463324,0.667731,0.408815,0.831257,0.476951,0.272543,0.422442,0.381561,0.149899,0.0545087,0,0
81830,81849,81840,18.7,169.82,-45.0903,68.6772,-60.0844,457.992,6.13018,5.24345,792.866,0.453633,0.00344859,1.22907,0.728338,0.637295,0.53108,0.622122,0.394516,0.591774,0.348995,0.227606,0.318648,0.333821,0.12139,0.0303474,0.0151737,0
81851,81870,81860,18.8,169.821,-45.091,67.5678,-60.275,459.708,5.52817,4.47427,636.154,0.426541,0.00304591,1.12386,0.668241,0.653053,0.33412,0.653053,0.349308,0.410057,0.33412,0.303746,0.318933,0.242997,0.136686,0,0,0
81871,81892,81882,18.9,169.823,-45.0912,66.4265,-60.64,461.168,5.96364,5.55138,831.895,0.449562,0.00376785,1.28574,0.752294,0.35563,0.410342,0.64287,0.478733,0.410342,0.341952,0.35563,0.410342,0.259883,0.218849,0.0410342,0,0
81893,81912,81902,19,169.824,-45.091,65.2906,-60.1169,464.583,5.3541,3.71877,491.988,0.396896,0.00245891,0.954871,0.716153,0.682051,0.494487,0.528589,0.358077,0.460384,0.460384,0.238718,0.187564,0.119359,0.153461,0,0,0
81913,81930,81922,19.1,169.824,-45.0906,64.335,-59.5719,467.736,6.38604,5.52135,782.538,0.425189,0.00376031,1.02177,0.817413,0.63009,0.357618,0.783355,0.459795,0.61306,0.527913,0.391677,0.30653,0.323559,0.136236,0.0170294,0,0
81931,81951,81941,19.2,169.824,-45.0902,63.1883,-59.4139,470.498,6.33906,5.87048,860.605,0.439796,0.00399126,0.892613,0.832097,0.650548,0.529516,0.650548,0.484129,0.469,0.590032,0.302581,0.408484,0.31771,0.166419,0.0453871,0,0
81952,81970,81961,19.3,169.823,-45.0904,62.1594,-59.5594,472.377,5.60239,4.72148,648.175,0.411847,0.00324679,0.802634,0.610002,0.529739,0.401317,0.738424,0.449475,0.577897,0.529739,0.321054,0.288948,0.192632,0.128421,0.0321054,0,0
81971,81992,81982,19.4,169.822,-45.0913,61.3084,-59.9553,473.375,5.94877,5.55486,786.381,0.424699,0.00385777,0.747189,0.531654,0.689713,0.44544,0.58913,0.546023,0.632237,0.617868,0.316118,0.387963,0.244273,0.172428,0.028738,0,0
81994,82013,82004,19.5,169.822,-45.0926,60.1735,-59.7188,476.429,6.07994,5.69028,839.824,0.442767,0.00383962,0.946481,0.770018,0.481262,0.54543,0.689808,0.352925,0.641682,0.433135,0.304799,0.385009,0.288757,0.208547,0.0320841,0,0
82014,82035,82024,19.6,169.822,-45.0938,59.22,-59.4005,479.325,6.05022,5.68773,802.668,0.423368,0.00403254,0.774198,0.57348,0.673839,0.458784,0.688176,0.358425,0.702513,0.516132,0.458784,0.401436,0.272403,0.157707,0.014337,0,0
82037,82056,82046,19.7,169.823,-45.0948,58.1972,-59.4456,481.613,5.93838,5.01084,675.024,0.404138,0.00346839,0.712,0.636255,0.681702,0.484766,0.499915,0.515063,0.878638,0.545361,0.318127,0.318127,0.121191,0.212085,0.0151489,0,0
82057,82073,82065,19.8,169.823,-45.0955,57.3287,-59.772,482.949,5.32272,4.59746,620.591,0.404956,0.00316057,0.637997,0.510398,0.528626,0.419255,0.565083,0.455712,0.72914,0.565083,0.382798,0.164056,0.273427,0.0911425,0,0,0
82075,82096,82086,19.9,169.823,-45.0958,56.3957,-59.6681,485.46,5.88489,6.14428,908.144,0.44341,0.00422694,0.716082,0.598905,0.416629,0.546826,0.598905,0.442669,0.598905,0.690043,0.286433,0.416629,0.299452,0.273413,0,0,0
82097,82116,82106,20,169.823,-45.0958,55.5513,-59.2831,488.426,5.16876,4.83668,685.247,0.425031,0.00339764,0.562934,0.579993,0.358231,0.699403,0.562934,0.392348,0.511759,0.443524,0.255879,0.426465,0.204703,0.170586,0,0,0
82117,82137,82127,20.1,169.822,-45.0959,54.5874,-59.4274,490.556,5.77909,6.0656,922.427,0.456226,0.00406696,0.833799,0.646913,0.431275,0.431275,0.646913,0.431275,0.575033,0.460027,0.34502,0.34502,0.373772,0.244389,0.0143758,0,0
82138,82157,82148,20.2,169.822,-45.0962,53.6976,-59.4494,492.807,5.31103,5.57436,823.355,0.443112,0.00383206,0.434538,0.756419,0.434538,0.354068,0.579385,0.40235,0.659855,0.450632,0.386256,0.32188,0.32188,0.209222,0,0,0
82158,82178,82168,20.3,169.821,-45.0967,52.7912,-58.6665,497.03,5.30131,4.80364,642.587,0.401313,0.0035693,0.560561,0.448449,0.704705,0.368369,0.544545,0.432433,0.528529,0.592593,0.432433,0.400401,0.24024,0.0320321,0.016016,0,0
82179,82198,82188,20.4,169.821,-45.0975,51.9375,-57.645,501.722,5.37891,5.76787,839.988,0.436897,0.00402849,0.4567,0.372126,0.4567,0.439785,0.761166,0.4567,0.625847,0.507444,0.42287,0.38904,0.219892,0.236807,0.0338296,0,0
82199,82218,82208,20.5,169.82,-45.0983,51.0625,-57.4787,504.553,5.13813,5.5261,797.41,0.432896,0.00403379,0.523954,0.422543,0.507052,0.321133,0.625364,0.304231,0.591561,0.540856,0.371838,0.507052,0.236624,0.169017,0.0169017,0,0
82219,82238,82228,20.6,169.82,-45.0988,50.3631,-57.795,505.806,5.61962,5.48356,741.969,0.405924,0.0039785,0.457017,0.389311,0.524724,0.423164,0.643209,0.524724,0.761695,0.727842,0.423164,0.372384,0.236972,0.135413,0,0,0
82240,82262,82251,20.7,169.82,-45.0993,49.3578,-57.9344,508.388,5.23095,4.96899,670.601,0.404872,0.00361452,0.40702,0.452244,0.572842,0.422094,0.497468,0.557768,0.572842,0.633142,0.452244,0.331646,0.211047,0.120598,0,0,0
82263,82279,82271,20.8,169.819,-45.0998,48.7553,-58.1893,509.585,5.66881,5.6865,780.528,0.411779,0.00424196,0.507114,0.543336,0.398447,0.525225,0.652003,0.307891,0.652003,0.778782,0.45278,0.489003,0.217334,0.126778,0.0181112,0,0
82280,82300,82290,20.9,169.818,-45.1006,47.8989,-58.2728,511.961,4.99858,4.47573,583.131,0.390862,0.00329418,0.437942,0.407739,0.422841,0.407739,0.709769,0.392638,0.755073,0.437942,0.437942,0.332232,0.196319,0.0604058,0,0,0
82301,82320,82310,21,169.819,-45.1013,47.0653,-58.3316,514.405,5.17356,4.48155,585.908,0.392214,0.00316112,0.361593,0.361593,0.570205,0.500668,0.709279,0.514575,0.792724,0.48676,0.278149,0.305963,0.250334,0.0417223,0,0,0
82321,82341,82331,21.1,169.82,-45.1018,46.314,-58.1793,517.133,4.52025,3.5884,423.267,0.353863,0.00271782,0.295871,0.443806,0.575304,0.262996,0.493118,0.378057,0.788988,0.54243,0.345182,0.279433,0.0493118,0.065749,0,0,0
82342,82361,82352,21.2,169.819,-45.1023,45.6185,-58.1685,519.407,4.4949,3.61661,423.886,0.351616,0.00279333,0.303453,0.341385,0.493112,0.303453,0.720701,0.360351,0.568975,0.606906,0.379317,0.322419,0.0379317,0.0568975,0,0,0
82362,82380,82371,21.3,169.819,-45.1031,44.9033,-58.2383,521.586,4.63093,4.23757,543.891,0.385049,0.00329367,0.520637,0.452132,0.315122,0.342524,0.506936,0.27402,0.575441,0.602843,0.479534,0.369926,0.13701,0.0548039,0,0,0
82381,82400,82390,21.4,169.82,-45.1036,44.174,-58.32,523.832,4.67668,3.92201,487.729,0.373071,0.00294121,0.378745,0.559884,0.494015,0.345811,0.428147,0.263475,0.64222,0.823359,0.279942,0.279942,0.11527,0.0658687,0,0,0
82402,82421,82412,21.5,169.819,-45.104,43.2817,-58.2844,526.984,4.19105,3.13536,363.678,0.347977,0.00237172,0.453458,0.329787,0.494681,0.302305,0.535905,0.274823,0.60461,0.618351,0.219858,0.261082,0.096188,0,0,0,0
82422,82441,82432,21.6,169.819,-45.1044,42.7488,-58.1188,529.248,3.825,2.68199,300.166,0.335757,0.00198679,0.407224,0.363593,0.363593,0.334506,0.450855,0.421768,0.465399,0.523574,0.247243,0.174525,0.0436312,0.0290874,0,0,0
82442,82461,82452,21.7,169.818,-45.1048,41.9956,-58.0388,532.155,4.61757,3.42694,397.275,0.347781,0.0025646,0.540518,0.386085,0.416971,0.386085,0.571405,0.416971,0.586848,0.679509,0.262537,0.262537,0.0772169,0.0308868,0,0,0
82462,82481,82472,21.8,169.817,-45.1052,41.4247,-58.0727,534.15,4.4493,3.7587,458.627,0.366052,0.00284322,0.362536,0.411972,0.395493,0.346057,0.477888,0.379015,0.626198,0.576761,0.527325,0.181268,0.115352,0.0494367,0,0,0
82482,82501,82492,21.9,169.816,-45.1058,40.5829,-57.8229,537.925,4.49809,3.88372,481.274,0.371763,0.00284738,0.299873,0.299873,0.370431,0.352792,0.617385,0.493908,0.687944,0.635025,0.299873,0.246954,0.158756,0.0352792,0,0,0
82502,82508,82505,22,169.814,-45.1064,40.1883,-57.6817,539.771,3.86641,3.01676,353.967,0.352,0.00222279,0.411321,0.370188,0.246792,0.164528,0.493585,0.370188,0.863773,0.370188,0.287924,0.164528,0.123396,0,0,0,0
82522,82539,82530,22.1,169.813,-45.1075,39.1756,-57.5119,544.158,3.68356,2.60486,280.727,0.323311,0.00194189,0.277423,0.369897,0.354485,0.292835,0.385309,0.32366,0.724382,0.539433,0.215773,0.138711,0.0616495,0,0,0,0
82540,82552,82546,22.2,169.813,-45.1084,38.8873,-57.1409,546.241,3.715,2.47214,270.34,0.328063,0.00178517,0.313313,0.402831,0.358072,0.268554,0.671385,0.402831,0.380451,0.469969,0.246174,0.134277,0.044759,0.0223795,0,0,0
82554,82579,82566,22.3,169.812,-45.11,38.01,-56.3983,551.714,4.01949,3.22009,378.029,0.35219,0.002521,0.451167,0.246091,0.492183,0.328122,0.287107,0.328122,0.697259,0.451167,0.369137,0.287107,0.0410152,0.0410152,0,0,0
82581,82602,82592,22.4,169.812,-45.1103,37.4862,-56.0076,554.896,3.9882,2.77196,313.404,0.339187,0.00200585,0.384827,0.466457,0.314858,0.373165,0.513102,0.338181,0.653039,0.466457,0.221567,0.16326,0.0699685,0.0233228,0,0,0
82603,82622,82612,22.5,169.811,-45.1102,36.7705,-55.4705,559.348,3.92816,2.46598,238.194,0.289775,0.00182367,0.33931,0.33931,0.35236,0.261008,0.561166,0.469814,0.70472,0.561166,0.195756,0.130504,0.0130504,0,0,0,0
82623,82643,82633,22.6,169.81,-45.1103,36.2211,-55.2294,562.373,3.51258,2.3053,236.766,0.308114,0.00167687,0.159663,0.42093,0.275781,0.377385,0.508018,0.232237,0.827344,0.333841,0.232237,0.101604,0.0435444,0,0,0,0
82644,82662,82653,22.7,169.81,-45.1109,35.5832,-54.9032,566.089,3.33126,2.05278,209.616,0.30634,0.00143771,0.19481,0.331177,0.350659,0.409102,0.467545,0.350659,0.584431,0.37014,0.116886,0.116886,0.019481,0.019481,0,0,0
82663,82682,82672,22.8,169.809,-45.1115,35.1689,-54.3778,569.349,2.5045,1.18261,94.6856,0.240194,0.000777351,0.278278,0.278278,0.247358,0.185519,0.556556,0.123679,0.371037,0.432877,0.0309198,0,0,0,0,0,0
82683,82701,82692,22.9,169.808,-45.1117,34.51,-53.9567,573.539,1.64323,0.415975,29.7319,0.214426,0.000212763,0.376574,0.410808,0.34234,0.17117,0.136936,0.0684679,0.034234,0.034234,0.0684679,0,0,0,0,0,0
82702,82719,82710,23,169.807,-45.1117,33.9892,-53.8592,576.289,1.25863,0.198159,9.16425,0.138741,4.87874e-05,0.352417,0.352417,0.352417,0.0503453,0.100691,0,0.0503453,0,0,0,0,0,0,0,0
82721,82740,82730,23.1,169.806,-45.1115,33.3907,-53.6,579.909,1.11389,0.159648,6.88688,0.129414,3.273e-05,0.484301,0.29058,0.14529,0,0.14529,0.0484301,0,0,0,0,0,0,0,0,0
