data/B2SAP/Locations/Lauder/NOAA-POPS-B2SAP_GMLBalloon_20231125_R0.ict
61,1001
Thornberry, T. D.
NOAA Chemical Sciences Laboratory
Portable Optical Particle Spectrometer (POPS)
Balloon Baseline Stratospheric Aerosol Profiles (B2SAP)
1,1
2023,11,25,2024,05,28
0
TIME_START,s,Seconds since midnight UTC on flight start day,Start time of 100 m altitude bin in UTC_seconds_since_midnight
28
1.0,1.0,1.0,1.0,1.0,1.0,1.0,1.0,1.0,1.0,1.0,1.0,1.0,1.0,1.0,1.0,1.0,1.0,1.0,1.0,1.0,1.0,1.0,1.0,1.0,1.0,1.0,1.0
99999,99999,99999,99999,99999,99999,99999,99999,99999,99999,99999,99999,99999,99999,99999,99999,99999,99999,99999,99999,99999,99999,99999,99999,99999,99999,99999,99999
TIME_STOP,s,End time of 100 m altitude bin in UTC seconds since midnight,
TIME_MID,s,Mid time of 100 m altitude in UTC seconds since midnight,
GPSAlt,m,GPS reported altitude above sea level (m),
GPS_Lon,deg,GPS reported longitude,
GPS_Lat,deg,GPS reported latitude,
iMet_Pressure,mb,Pressure reported (mB),
iMet_Temperature,degrees C,Ambient temperature (oC),
THETA,K,Potential temperature from iMet,
Aerosol_concentration,cm^-3,Aerosol concentration,
Surface_Area_Conc,um^2 cm^-3,Surface area concentration,
Volume_density,um^3 cm^-3,Volume density,
Effective_radius,um,Effective radius,
Extinction,km^-1,Extinction,
Bin01,cm^-3,particle concentration in size range [140 - 170 nm],
Bin02,cm^-3,particle concentration in size range [170 - 205 nm],
Bin03,cm^-3,particle concentration in size range [205 - 249 nm],
Bin04,cm^-3,particle concentration in size range [249 - 302 nm],
Bin05,cm^-3,particle concentration in size range [302 - 366 nm],
Bin06,cm^-3,particle concentration in size range [366 - 443 nm],
Bin07,cm^-3,particle concentration in size range [443 - 537 nm],
Bin08,cm^-3,particle concentration in size range [537 - 651 nm],
Bin09,cm^-3,particle concentration in size range [651 - 789 nm],
Bin10,cm^-3,particle concentration in size range [789 - 956 nm],
Bin11,cm^-3,particle concentration in size range [956 - 1159 nm],
Bin12,cm^-3,particle concentration in size range [1159 - 1404 nm],
Bin13,cm^-3,particle concentration in size range [1404 - 1702 nm],
Bin14,cm^-3,particle concentration in size range [1702 - 2062 nm],
Bin15,cm^-3,particle concentration in size range [2062 - 2500 nm],
0
19
PI_CONTACT_INFO: 325 Broadway R/CSL6, Boulder, CO 80305; troy.thornberry@noaa.gov; 303-497-3373 
PLATFORM: GML ECC/FPH balloon
LOCATION: Lauder, NZ
ASSOCIATED_DATA: N/A
INSTRUMENT_INFO: Printed Optical Particle Spectrometer counts particles from 140 - 2500 nm in diameter 
DATA_INFO: Particle concentrations reported in number per cubic centimeter, binned to 100 m altitude
UNCERTAINTY: Counting uncertainty dominated by air flow, less than 5 percent
ULOD_FLAG: -77777
ULOD_VALUE: 3000 ~3000 per cm3 (varies depending on flow rate- manufacturer quotes 1250  per cm3 at 1.667 cc/s)
LLOD_FLAG: -88888
LLOD_VALUE: 0 0 (varies depending on data field and measurement precision)
DM_CONTACT_INFO: Troy Thornberry, 325 Broadway R/CSL6, Boulder, CO 80305; troy.thornberry@noaa.gov; 303-497-3373
PROJECT_INFO: B2SAP Lauder, NZ
STIPULATIONS_ON_USE: Please contact the PIs for questions regarding applications and uncertainties
OTHER_COMMENTS: POPS bin Edges (nm):  140, 170, 205, 249, 302, 366, 443, 537, 651, 789, 956, 1159, 1404, 1702, 2062, 2500
Calculations assume sulfate refractive index of 1.45+0.00j and extinction wavelength = 532 nm
REVISION: R0
R0: QA/QC data
TIME_START,TIME_STOP,TIME_MID,GPSAlt,GPS_Lon,GPS_Lat,iMet_Pressure,iMet_Temperature,THETA,Aerosol_concentration,Surface_Area_Conc,Volume_density,Effective_radius,Extinction,Bin01,Bin02,Bin03,Bin04,Bin05,Bin06,Bin07,Bin08,Bin09,Bin10,Bin11,Bin12,Bin13,Bin14,Bin15
[from data line 229]
11109,11131,11120,23.3,169.697,-44.8193,32.6022,-53.5083,584.118,2.11939,0.58281,36.7311,0.189073,0.000262433,0.446735,0.415567,0.238951,0.280508,0.290897,0.197394,0.187005,0.0623351,0,0,0,0,0,0,0
11132,11153,11142,23.4,169.697,-44.8196,32.0759,-53.3682,587.223,1.92965,0.56238,38.7562,0.206744,0.000288051,0.487832,0.346903,0.238496,0.216814,0.195133,0.173451,0.184292,0.0542035,0.0325221,0,0,0,0,0,0
11154,11177,11166,23.5,169.696,-44.8201,31.5687,-52.4483,592.368,1.81827,0.613766,49.2326,0.240642,0.00035078,0.361588,0.320263,0.247946,0.206621,0.278939,0.19629,0.0516554,0.0826486,0.0413243,0.0309932,0,0,0,0,0
11178,11199,11188,23.6,169.695,-44.8207,31.0986,-52.19,595.609,1.86457,0.672215,54.736,0.244279,0.000400115,0.429417,0.226009,0.226009,0.214708,0.327713,0.135605,0.135605,0.101704,0.0339013,0.0339013,0,0,0,0,0
11200,11221,11210,23.7,169.694,-44.8215,30.633,-52.2155,598.117,1.78892,0.580818,41.1336,0.21246,0.000311438,0.310079,0.345858,0.274301,0.143113,0.238522,0.202744,0.143113,0.107335,0.0238522,0,0,0,0,0,0
11222,11241,11232,23.8,169.693,-44.8223,30.1053,-52.3211,600.796,1.88502,0.588175,40.0066,0.204055,0.000301699,0.399475,0.362025,0.199738,0.17477,0.224705,0.237189,0.17477,0.112352,0,0,0,0,0,0,0
11242,11261,11252,23.9,169.692,-44.8232,29.6811,-52.4163,602.989,1.99923,0.703137,52.5573,0.22424,0.000404231,0.301771,0.402361,0.251476,0.226328,0.264049,0.188607,0.20118,0.10059,0.0628689,0,0,0,0,0,0
11262,11280,11271,24,169.691,-44.8241,29.19,-52.7205,605.023,1.82374,0.483829,32.4064,0.200937,0.000220942,0.455935,0.291292,0.291292,0.240632,0.215302,0.151978,0.139313,0.0126648,0.0126648,0.0126648,0,0,0,0,0
11282,11299,11290,24.1,169.69,-44.8249,28.6913,-52.8906,607.552,1.60483,0.424496,26.9879,0.190729,0.000192741,0.366819,0.305682,0.244546,0.198693,0.183409,0.137557,0.0917047,0.0764205,0,0,0,0,0,0,0
11300,11318,11309,24.2,169.689,-44.8257,28.2344,-52.9883,610.063,1.51863,0.428599,29.8708,0.209082,0.000224987,0.396759,0.246264,0.287308,0.150495,0.164176,0.0547254,0.0957694,0.109451,0.0136813,0,0,0,0,0,0
11320,11337,11328,24.3,169.688,-44.8267,27.8094,-53.1012,612.407,1.77593,0.546545,36.7237,0.201577,0.000276082,0.264188,0.337574,0.337574,0.20548,0.190803,0.132094,0.220157,0.0880627,0,0,0,0,0,0,0
11338,11357,11348,24.4,169.687,-44.8277,27.3079,-52.9884,615.908,1.55172,0.408953,25.7254,0.188716,0.00018035,0.384613,0.344826,0.15915,0.119363,0.185675,0.225463,0.1061,0.0132625,0.0132625,0,0,0,0,0,0
11358,11377,11368,24.5,169.686,-44.8285,26.8422,-52.6422,619.923,1.55126,0.347892,21.492,0.185333,0.000147092,0.56927,0.227708,0.185013,0.199245,0.185013,0.0711588,0.056927,0.0426953,0.0142318,0,0,0,0,0,0
11378,11397,11388,24.6,169.686,-44.8291,26.4789,-52.24,623.473,1.70437,0.382149,22.8722,0.179555,0.000159307,0.681749,0.19089,0.2727,0.13635,0.13635,0.122715,0.13635,0.02727,0,0,0,0,0,0,0
11398,11419,11408,24.7,169.685,-44.8295,26.0368,-52.0547,627.004,1.49044,0.49601,40.0179,0.242039,0.000292393,0.358809,0.220806,0.317408,0.0966025,0.151804,0.0828021,0.151804,0.0690018,0.0138004,0.0276007,0,0,0,0,0
11420,11441,11430,24.8,169.684,-44.8298,25.5829,-52.0314,630.232,1.5723,0.473061,34.175,0.216727,0.000251092,0.364773,0.364773,0.163519,0.176098,0.113206,0.150941,0.150941,0.0754704,0,0.0125784,0,0,0,0,0
11442,11463,11452,24.9,169.684,-44.8301,25.1795,-52.0315,633.088,1.62123,0.533076,41.2395,0.232085,0.000309409,0.345509,0.305642,0.305642,0.0930216,0.186043,0.132888,0.0930216,0.119599,0.0265776,0.0132888,0,0,0,0,0
11464,11487,11476,25,169.683,-44.8307,24.8046,-51.9787,635.974,1.52806,0.457775,34.0955,0.223443,0.000249975,0.314601,0.382015,0.235951,0.123593,0.146065,0.123593,0.0898859,0.0786502,0.0224715,0.0112357,0,0,0,0,0
11488,11509,11498,25.1,169.682,-44.8313,24.381,-51.8315,639.525,1.45521,0.463696,35.2741,0.228214,0.000265769,0.394404,0.217602,0.231202,0.149601,0.122401,0.0816007,0.122401,0.122401,0,0.0136001,0,0,0,0,0
11510,11529,11520,25.2,169.68,-44.8321,24.003,-51.531,643.272,1.48685,0.428532,27.8728,0.195128,0.000202078,0.316644,0.247808,0.19274,0.178973,0.220274,0.123904,0.178973,0.0137671,0.0137671,0,0,0,0,0,0
11530,11549,11540,25.3,169.679,-44.8328,23.6632,-51.3637,646.376,1.44486,0.466648,34.7206,0.223213,0.000253552,0.309613,0.250639,0.235896,0.058974,0.235896,0.132691,0.147435,0.0442305,0.0147435,0.0147435,0,0,0,0,0
11550,11569,11560,25.4,169.678,-44.8336,23.311,-51.278,649.407,1.52373,0.47089,35.2418,0.224522,0.00026857,0.409149,0.282172,0.169303,0.183412,0.155195,0.0846516,0.126977,0.0564344,0.0564344,0,0,0,0,0,0
11570,11587,11578,25.5,169.677,-44.8343,22.8735,-51.4282,652.489,1.4665,0.461625,35.2075,0.228806,0.000263335,0.438264,0.269701,0.13485,0.13485,0.13485,0.0842815,0.168563,0.0842815,0,0.0168563,0,0,0,0,0
11588,11605,11596,25.6,169.676,-44.8348,22.5106,-51.4541,655.396,1.43886,0.325167,18.928,0.174631,0.000124763,0.372412,0.270845,0.253917,0.15235,0.220061,0.084639,0.0338556,0.0507834,0,0,0,0,0,0,0
11606,11623,11614,25.7,169.674,-44.8351,22.1629,-51.6459,657.755,1.4865,0.451424,31.7003,0.210669,0.000238395,0.311127,0.345697,0.172848,0.120994,0.172848,0.120994,0.190133,0.0172848,0.0345697,0,0,0,0,0,0
11624,11641,11632,25.8,169.673,-44.8354,21.7906,-51.6841,660.82,1.47623,0.341495,21.1824,0.186085,0.000147311,0.409075,0.249002,0.302359,0.21343,0.124501,0.0533575,0.0355717,0.0889292,0,0,0,0,0,0,0
11642,11660,11651,25.9,169.671,-44.8358,21.45,-51.6078,664.047,1.69062,0.482096,35.6453,0.221815,0.000253858,0.457876,0.316991,0.211327,0.28177,0.0704424,0.140885,0.123274,0.0528318,0.0176106,0.0176106,0,0,0,0,0
11663,11680,11672,26,169.67,-44.8362,21.0724,-51.5035,667.723,1.30298,0.386002,28.3206,0.220107,0.000210112,0.335051,0.260596,0.111684,0.18614,0.167526,0.0744559,0.0930698,0.018614,0.0558419,0,0,0,0,0,0
11681,11700,11690,26.1,169.668,-44.8368,20.7684,-51.2668,671.232,1.47139,0.373372,23.4382,0.188323,0.000166355,0.384567,0.250805,0.250805,0.133763,0.217364,0.0836016,0.0836016,0.0668813,0,0,0,0,0,0,0
11701,11722,11712,26.2,169.667,-44.8372,20.4219,-50.5938,676.501,1.27488,0.35331,24.4326,0.20746,0.000180533,0.307199,0.261119,0.199679,0.1536,0.10752,0.0614398,0.13824,0.01536,0.0307199,0,0,0,0,0,0
11723,11743,11733,26.3,169.665,-44.8379,20.0775,-50.385,680.444,0.97901,0.196338,11.1407,0.170227,7.41025e-05,0.391604,0.195802,0.114218,0.0326337,0.130535,0.0489505,0.0489505,0.0163168,0,0,0,0,0,0,0
11745,11765,11755,26.4,169.664,-44.8385,19.716,-49.615,686.34,1.26812,0.32316,21.5172,0.199752,0.000160961,0.395257,0.279974,0.115283,0.164691,0.115283,0.0164691,0.0988143,0.0823453,0,0,0,0,0,0,0
11766,11786,11776,26.5,169.662,-44.8387,19.4265,-49.03,691.054,1.34955,0.34616,22.9286,0.198711,0.000170736,0.449849,0.166611,0.283238,0.0999665,0.116628,0.0499832,0.0999665,0.0833054,0,0,0,0,0,0,0
11787,11806,11796,26.6,169.659,-44.839,19.1275,-48.7085,695.119,1.12789,0.428171,36.8926,0.25849,0.000279302,0.336684,0.101005,0.134673,0.117839,0.168342,0.0673367,0.0505026,0.0841709,0.0505026,0.0168342,0,0,0,0,0
11807,11827,11817,26.7,169.657,-44.8393,18.8242,-49.1995,696.776,1.22456,0.340626,24.0083,0.211449,0.000180936,0.414191,0.234108,0.0720332,0.126058,0.144066,0.0720332,0.0720332,0.0720332,0.0180083,0,0,0,0,0,0
11828,11844,11836,26.8,169.656,-44.8398,18.5212,-49.9012,697.819,1.12648,0.288461,21.4605,0.22319,0.00014042,0.348183,0.184332,0.14337,0.184332,0.14337,0.0409628,0.0204814,0.0409628,0,0.0204814,0,0,0,0,0
11846,11864,11855,26.9,169.654,-44.8402,18.2472,-50.1017,700.163,1.22656,0.285888,18.2891,0.19192,0.000131076,0.43523,0.257182,0.138482,0.098916,0.098916,0.098916,0.0197832,0.0791328,0,0,0,0,0,0,0
11865,11883,11874,27,169.651,-44.8406,17.9142,-49.9411,704.372,1.07401,0.274549,19.2869,0.210748,0.000145877,0.433374,0.226108,0.0376847,0.131897,0.0376847,0.0565271,0.0942118,0.0376847,0.0188424,0,0,0,0,0,0
11884,11901,11892,27.1,169.649,-44.8413,17.6383,-49.74,708.132,0.994943,0.240145,14.7842,0.184691,0.000105298,0.324879,0.182745,0.0812198,0.142135,0.101525,0.0406099,0.101525,0.020305,0,0,0,0,0,0,0
11902,11919,11910,27.2,169.647,-44.8423,17.3418,-49.7582,711.523,0.99331,0.179523,9.46775,0.158215,5.777e-05,0.41028,0.151156,0.151156,0.0647811,0.17275,0,0.0215937,0.0215937,0,0,0,0,0,0,0
11920,11939,11930,27.3,169.645,-44.8435,17.0394,-49.9328,714.539,1.06599,0.305614,31.8403,0.312555,0.000127086,0.438938,0.167215,0.125411,0.0836073,0.104509,0.0418036,0.0836073,0,0,0,0,0.0209018,0,0,0
11940,11960,11950,27.4,169.643,-44.8443,16.785,-49.655,718.521,1.46373,0.382398,26.6604,0.209157,0.000197347,0.513255,0.266132,0.152076,0.152076,0.114057,0.0760378,0.133066,0.0190094,0.0380189,0,0,0,0,0,0
11961,11982,11972,27.5,169.64,-44.8454,16.494,-49.1265,723.811,1.18475,0.245717,15.2317,0.185967,0.000104938,0.53505,0.191089,0.114654,0.0764358,0.133763,0.0382179,0.0764358,0,0.0191089,0,0,0,0,0,0
11983,12002,11992,27.6,169.638,-44.8466,16.31,-48.7478,727.379,1.126,0.261139,18.7604,0.215522,0.000135717,0.411425,0.281501,0.151578,0.10827,0,0.0866157,0.0216539,0.0216539,0.0433079,0,0,0,0,0,0
12003,12023,12013,27.7,169.635,-44.8475,16.0153,-48.3674,732.409,1.19199,0.20529,9.96331,0.145598,5.39366e-05,0.543716,0.167297,0.104561,0.167297,0.0627364,0.146385,0,0,0,0,0,0,0,0,0
12025,12044,12034,27.8,169.633,-44.8483,15.7294,-48.0631,737.192,1.52521,0.229194,12.5773,0.164629,8.26865e-05,0.975131,0.200027,0.15002,0.0250034,0.0750101,0.0250034,0.0250034,0.0500067,0,0,0,0,0,0,0
12045,12066,12056,27.9,169.63,-44.8487,15.4462,-47.7848,741.935,1.95821,0.340425,22.3031,0.196547,0.00014312,1.09429,0.441557,0.0959906,0.0767925,0.0575944,0.0575944,0.115189,0,0,0.0191981,0,0,0,0,0
12067,12085,12076,28,169.628,-44.8489,15.2127,-47.718,745.402,1.51186,0.171524,6.79617,0.118867,3.07014e-05,0.962095,0.274884,0.137442,0.0274884,0.0824653,0,0.0274884,0,0,0,0,0,0,0,0
12090,12106,12098,28.1,169.625,-44.8491,14.9547,-47.3176,750.374,1.46381,0.18156,8.23101,0.136005,4.59106e-05,0.951475,0.292762,0.0731904,0.0487936,0,0.0487936,0.0487936,0,0,0,0,0,0,0,0
12107,12122,12114,28.2,169.623,-44.8495,14.7153,-46.962,755.035,1.77171,0.300878,18.6863,0.186317,0.000129085,1.0124,0.36559,0.112489,0.0562446,0.0843669,0.0281223,0.0562446,0.0281223,0.0281223,0,0,0,0,0,0
12124,12142,12133,28.3,169.62,-44.8501,14.4589,-46.51,760.349,1.45976,0.180392,7.22125,0.120093,3.0893e-05,0.753422,0.329622,0.235444,0.0235444,0.0470889,0.0706333,0,0,0,0,0,0,0,0,0
12143,12160,12152,28.4,169.618,-44.8509,14.2373,-46.2147,764.71,1.29012,0.198845,9.51779,0.143596,5.4251e-05,0.602055,0.229354,0.229354,0.0286693,0.143346,0,0.0573386,0,0,0,0,0,0,0,0
12161,12182,12172,28.5,169.615,-44.8518,14.0059,-45.6945,770.056,0.989723,0.153482,7.96675,0.155721,4.88482e-05,0.475067,0.257328,0.0791778,0.0791778,0.0197945,0.0395889,0.0197945,0.0197945,0,0,0,0,0,0,0
12183,12206,12194,28.6,169.612,-44.8527,13.8005,-45.2842,774.707,1.14814,0.193699,11.6084,0.17979,7.57652e-05,0.642959,0.183703,0.114814,0.0459256,0.0688885,0.0459256,0.0229628,0,0.0229628,0,0,0,0,0,0
12217,12217,12217,28.7,169.61,-44.8533,13.58,-44.48,781.03,1.73809,0.202941,7.18701,0.106243,2.09672e-05,0.869043,0.434522,0,0.434522,0,0,0,0,0,0,0,0,0,0,0
5164,5970,5567,0.4,169.683,-45.0376,973.338,19.33,294.751,66.0699,15.0239,2328.63,0.464984,0.00641713,32.7159,21.0273,6.81864,1.9747,0.911238,0.31591,0.460832,0.383679,0.310697,0.258566,0.177243,0.252311,0.19184,0.138667,0.132411
12408,12410,12409,28.6,169.588,-44.8594,13.8033,-42.9167,782.703,1.29921,0.417697,29.9806,0.215328,0.000247012,0.577425,0.144356,0,0.144356,0,0,0.433069,0,0,0,0,0,0,0,0
12411,12435,12423,28.5,169.587,-44.8597,13.9567,-42.5586,781.468,1.44274,0.277527,16.4663,0.177997,0.000116979,0.70076,0.329769,0.103053,0.0412212,0.0618318,0.0618318,0.123664,0.0206106,0,0,0,0,0,0,0
12436,12460,12448,28.4,169.584,-44.8603,14.1996,-42.9471,776.308,1.26692,0.26973,15.8894,0.176725,0.000108141,0.506769,0.199088,0.16289,0.0723956,0.16289,0.0723956,0.0542967,0.0361978,0,0,0,0,0,0,0
12461,12482,12472,28.3,169.581,-44.8611,14.43,-43.3241,771.489,1.47486,0.268123,14.9018,0.166735,9.82378e-05,0.668604,0.294972,0.176983,0.0983241,0.0589944,0.0786593,0.0786593,0.0196648,0,0,0,0,0,0,0
12483,12504,12494,28.2,169.578,-44.8618,14.6659,-43.8041,766.301,1.73041,0.367362,22.9831,0.187688,0.000167164,0.788296,0.346081,0.211494,0.0192267,0.0576802,0.134587,0.11536,0.0576802,0,0,0,0,0,0,0
12505,12523,12514,28.1,169.576,-44.8622,14.8547,-44.55,761.036,1.46966,0.249478,13.5295,0.162693,8.74244e-05,0.62349,0.400815,0.17814,0.08907,0.0222675,0.0668025,0.0668025,0.0222675,0,0,0,0,0,0,0
12524,12542,12533,28,169.573,-44.8624,15.1226,-45.1842,755.055,1.82805,0.29608,17.4,0.176304,0.000118353,1.07921,0.37442,0.0880988,0.0660741,0.0660741,0.0220247,0.110123,0,0.0220247,0,0,0,0,0,0
12543,12561,12552,27.9,169.571,-44.8625,15.3779,-45.4495,750.585,2.33651,0.28778,13.5565,0.141321,7.92562e-05,1.57931,0.432686,0.129806,0.0432686,0.0216343,0.0432686,0.064903,0.0216343,0,0,0,0,0,0,0
12562,12579,12570,27.8,169.568,-44.8626,15.6178,-45.7706,746.208,1.49621,0.173338,7.28942,0.126159,3.48901e-05,0.861455,0.340048,0.181359,0.0453397,0.0453397,0,0,0.0226699,0,0,0,0,0,0,0
12580,12596,12588,27.7,169.566,-44.8629,15.8519,-45.9787,742.371,1.64855,0.35737,20.8267,0.174833,0.000141408,0.599473,0.324715,0.199824,0.0749342,0.199824,0.12489,0.0999122,0.0249781,0,0,0,0,0,0,0
12597,12612,12604,27.6,169.564,-44.8633,16.1269,-46.24,737.872,1.40219,0.395527,28.9992,0.219953,0.000221537,0.475744,0.27543,0.150235,0.0751174,0.175274,0.0751174,0.0250391,0.125196,0.0250391,0,0,0,0,0,0
12614,12631,12622,27.5,169.561,-44.8639,16.4356,-46.5772,732.807,1.35959,0.35579,27.0947,0.228461,0.000188193,0.482434,0.328932,0.109644,0.0438576,0.197359,0.0657865,0.0438576,0.0657865,0,0.0219288,0,0,0,0,0
12632,12649,12640,27.4,169.559,-44.8648,16.6833,-46.9667,728.412,1.2156,0.285674,17.349,0.18219,0.000119947,0.3039,0.325607,0.195364,0.0434142,0.130243,0.130243,0.0434142,0.0434142,0,0,0,0,0,0,0
12650,12666,12658,27.3,169.556,-44.8658,16.8975,-47.1144,725.302,1.5369,0.412846,30.9554,0.224941,0.000232841,0.561092,0.341534,0.170767,0.0731859,0.0975812,0.0975812,0.121976,0,0.0731859,0,0,0,0,0,0
12667,12684,12676,27.2,169.554,-44.8665,17.2283,-47.7561,719.239,1.22621,0.357226,24.9122,0.209214,0.000192309,0.486254,0.14799,0.105707,0.0634244,0.0845659,0.14799,0.105707,0.0845659,0,0,0,0,0,0,0
12685,12703,12694,27.1,169.552,-44.8675,17.5163,-48.1016,714.752,1.11996,0.330353,27.8158,0.252601,0.000179981,0.419985,0.0999965,0.0999965,0.159994,0.179994,0.0599979,0.0599979,0,0,0.0399986,0,0,0,0,0
12704,12722,12713,27,169.549,-44.8684,17.7616,-48.5158,710.591,1.23721,0.33465,22.8929,0.205225,0.000169954,0.373126,0.176744,0.21602,0.117829,0.137467,0.0392764,0.117829,0.0392764,0.0196382,0,0,0,0,0,0
12723,12741,12732,26.9,169.546,-44.8689,18.0411,-49.2689,705.073,1.28752,0.35898,23.8544,0.199351,0.000171624,0.253603,0.292619,0.175571,0.0975397,0.234095,0.0975397,0.0780317,0.0390159,0.0195079,0,0,0,0,0,0
12742,12761,12752,26.8,169.543,-44.8693,18.4016,-49.5942,700.066,1.23785,0.322905,23.6299,0.219537,0.000161015,0.418963,0.228525,0.133306,0.133306,0.114263,0.0761751,0.0952189,0.0190438,0,0.0190438,0,0,0,0,0
12762,12781,12772,26.7,169.541,-44.8698,18.702,-49.266,697.872,1.15913,0.349585,27.7663,0.238279,0.000205708,0.470897,0.144891,0.108668,0.108668,0.0724456,0.0543342,0.108668,0.0724456,0,0.0181114,0,0,0,0,0
12782,12799,12790,26.6,169.538,-44.8702,19.0472,-49.6394,693.063,1.3704,0.311696,19.4136,0.186851,0.000139305,0.635549,0.139026,0.139026,0.139026,0.0595827,0.119165,0.0993045,0.0397218,0,0,0,0,0,0,0
12800,12817,12808,26.5,169.536,-44.8706,19.3529,-49.8741,689.205,0.998515,0.359704,29.9997,0.250203,0.000237851,0.291234,0.187222,0.104012,0.0416048,0.145617,0.0416048,0.0416048,0.0832096,0.0624072,0,0,0,0,0,0
12818,12833,12826,26.4,169.534,-44.8711,19.6513,-50.9281,682.946,0.777258,0.219123,15.0149,0.205568,0.000113528,0.222074,0.155452,0.0666221,0.0666221,0.133244,0.0222074,0.0444148,0.0666221,0,0,0,0,0,0,0
