data/B2SAP/Locations/Lauder/NOAA-POPS-B2SAP_GMLBalloon_20220124_R0.ict
61,1001
Thornberry, T. D.
NOAA Chemical Sciences Laboratory
Portable Optical Particle Spectrometer (POPS)
Balloon Baseline Stratospheric Aerosol Profiles (B2SAP)
1,1
2022,01,24,2024,05,28
0
TIME_START,s,Seconds since midnight UTC on flight start day,Start time of 100 m altitude bin in UTC_seconds_since_midnight
28
1.0,1.0,1.0,1.0,1.0,1.0,1.0,1.0,1.0,1.0,1.0,1.0,1.0,1.0,1.0,1.0,1.0,1.0,1.0,1.0,1.0,1.0,1.0,1.0,1.0,1.0,1.0,1.0
99999,99999,99999,99999,99999,99999,99999,99999,99999,99999,99999,99999,99999,99999,99999,99999,99999,99999,99999,99999,99999,99999,99999,99999,99999,99999,99999,99999
TIME_STOP,s,End time of 100 m altitude bin in UTC seconds since midnight,
TIME_MID,s,Mid time of 100 m altitude in UTC seconds since midnight,
GPSAlt,m,GPS reported altitude above sea level (m),
GPS_Lon,deg,GPS reported longitude,
GPS_Lat,deg,GPS reported latitude,
iMet_Pressure,mb,Pressure reported (mB),
iMet_Temperature,degrees C,Ambient temperature (oC),
THETA,K,Potential temperature from iMet,
Aerosol_concentration,cm^-3,Aerosol concentration,
Surface_Area_Conc,um^2 cm^-3,Surface area concentration,
Volume_density,um^3 cm^-3,Volume density,
Effective_radius,um,Effective radius,
Extinction,km^-1,Extinction,
Bin01,cm^-3,particle concentration in size range [140 - 170 nm],
Bin02,cm^-3,particle concentration in size range [170 - 205 nm],
Bin03,cm^-3,particle concentration in size range [205 - 249 nm],
Bin04,cm^-3,particle concentration in size range [249 - 302 nm],
Bin05,cm^-3,particle concentration in size range [302 - 366 nm],
Bin06,cm^-3,particle concentration in size range [366 - 443 nm],
Bin07,cm^-3,particle concentration in size range [443 - 537 nm],
Bin08,cm^-3,particle concentration in size range [537 - 651 nm],
Bin09,cm^-3,particle concentration in size range [651 - 789 nm],
Bin10,cm^-3,particle concentration in size range [789 - 956 nm],
Bin11,cm^-3,particle concentration in size range [956 - 1159 nm],
Bin12,cm^-3,particle concentration in size range [1159 - 1404 nm],
Bin13,cm^-3,particle concentration in size range [1404 - 1702 nm],
Bin14,cm^-3,particle concentration in size range [1702 - 2062 nm],
Bin15,cm^-3,particle concentration in size range [2062 - 2500 nm],
0
19
PI_CONTACT_INFO: 325 Broadway R/CSL6, Boulder, CO 80305; troy.thornberry@noaa.gov; 303-497-3373 
PLATFORM: GML ECC/FPH balloon
LOCATION: Lauder, NZ
ASSOCIATED_DATA: N/A
INSTRUMENT_INFO: Printed Optical Particle Spectrometer counts particles from 140 - 2500 nm in diameter 
DATA_INFO: Particle concentrations reported in number per cubic centimeter, binned to 100 m altitude
UNCERTAINTY: Counting uncertainty dominated by air flow, less than 5 percent
ULOD_FLAG: -77777
ULOD_VALUE: 3000 ~3000 per cm3 (varies depending on flow rate- manufacturer quotes 1250  per cm3 at 1.667 cc/s)
LLOD_FLAG: -88888
LLOD_VALUE: 0 0 (varies depending on data field and measurement precision)
DM_CONTACT_INFO: Troy Thornberry, 325 Broadway R/CSL6, Boulder, CO 80305; troy.thornberry@noaa.gov; 303-497-3373
PROJECT_INFO: B2SAP Lauder, NZ
STIPULATIONS_ON_USE: Please contact the PIs for questions regarding applications and uncertainties
OTHER_COMMENTS: POPS bin Edges (nm):  140, 170, 205, 249, 302, 366, 443, 537, 651, 789, 956, 1159, 1404, 1702, 2062, 2500
Calculations assume sulfate refractive index of 1.45+0.00j and extinction wavelength = 532 nm
REVISION: R0
R0: QA/QC data
TIME_START,TIME_STOP,TIME_MID,GPSAlt,GPS_Lon,GPS_Lat,iMet_Pressure,iMet_Temperature,THETA,Aerosol_concentration,Surface_Area_Conc,Volume_density,Effective_radius,Extinction,Bin01,Bin02,Bin03,Bin04,Bin05,Bin06,Bin07,Bin08,Bin09,Bin10,Bin11,Bin12,Bin13,Bin14,Bin15
[from data line 79]
85007,85024,85016,8.3,169.88,-45.0877,349.591,-30.5373,327.589,9.17206,1.08744,46.9107,0.129416,0.000240909,5.70829,1.93971,0.692754,0.277102,0.221681,0.110841,0.166261,0.0554203,0,0,0,0,0,0,0
85025,85040,85032,8.4,169.884,-45.0885,344.482,-31.458,327.718,14.3543,1.75791,80.8059,0.137901,0.000411979,8.33387,3.48406,1.25426,0.33447,0.501705,0.0836175,0.306597,0.0278725,0,0.0278725,0,0,0,0,0
85041,85055,85048,8.5,169.888,-45.0893,339.534,-32.4029,327.786,19.7938,2.28365,114.897,0.150939,0.000395995,12.5123,4.33918,1.24826,0.475526,0.891611,0.148602,0.118882,0.0297204,0,0,0,0,0.0297204,0,0
85056,85071,85064,8.6,169.891,-45.0902,334.584,-32.6164,328.879,24.5709,2.44922,83.2686,0.101994,0.000267613,15.4089,5.88989,1.72532,0.803166,0.535444,0.0892407,0.118988,0,0,0,0,0,0,0,0
85072,85087,85080,8.7,169.895,-45.0912,329.857,-33.1273,329.518,16.6471,2.11985,96.5628,0.136655,0.000516114,9.09296,4.22473,1.56679,0.615523,0.531588,0.111913,0.447653,0,0.0559567,0,0,0,0,0,0
85088,85103,85096,8.8,169.898,-45.0921,325.259,-33.7069,330.039,9.89252,1.26655,57.8302,0.136978,0.000308538,5.20659,2.65536,0.937186,0.44256,0.338428,0.026033,0.208264,0.0520659,0.026033,0,0,0,0,0,0
85104,85117,85110,8.9,169.902,-45.0931,320.472,-34.38,330.506,8.34537,1.00021,42.4877,0.127437,0.000212164,4.51722,2.45002,0.689067,0.191407,0.191407,0.114844,0.153126,0.0382815,0,0,0,0,0,0,0
85118,85133,85126,9,169.905,-45.094,316.365,-35.0327,330.82,8.4086,1.17701,64.3172,0.163933,0.000371477,4.62473,2.14037,0.726197,0.229325,0.305767,0.0764418,0.191105,0.0764418,0,0.0382209,0,0,0,0,0
85134,85149,85142,9.1,169.91,-45.0951,311.67,-35.9615,330.947,7.40155,0.905243,37.3387,0.123741,0.000171646,3.94318,1.74534,0.904993,0.323212,0.258569,0.129285,0.0646423,0.0323212,0,0,0,0,0,0,0
85150,85167,85158,9.2,169.914,-45.0962,306.829,-36.9144,331.091,7.55711,0.988642,43.9775,0.133448,0.000233367,4.04762,1.77814,0.795486,0.327553,0.28076,0.0701899,0.257363,0,0,0,0,0,0,0,0
85168,85184,85176,9.3,169.918,-45.097,302.224,-37.9456,331.07,7.28458,1.02766,69.0998,0.20172,0.000299506,4.17401,1.80785,0.691237,0.13293,0.186102,0.159516,0.0265861,0.0531721,0,0.0265861,0.0265861,0,0,0,0
85185,85201,85193,9.4,169.923,-45.0979,298.025,-38.8744,331.086,7.50001,0.989537,46.6166,0.141328,0.000257447,4.22873,1.62234,0.797873,0.212766,0.319149,0.106383,0.159575,0.0265958,0.0265958,0,0,0,0,0,0
85202,85217,85210,9.5,169.927,-45.099,294.039,-39.7225,331.163,7.48785,0.991644,44.3335,0.134121,0.00023016,3.70395,2.02518,0.826062,0.319766,0.266471,0.18653,0.106589,0.0532943,0,0,0,0,0,0,0
85219,85234,85226,9.6,169.931,-45.1001,289.533,-40.5533,331.44,7.4323,0.916005,38.9038,0.127414,0.000189426,3.9582,1.85095,0.854287,0.22781,0.370191,0.0284762,0.0854287,0.0569525,0,0,0,0,0,0,0
85235,85251,85243,9.7,169.935,-45.1012,285.288,-41.28,331.799,8.67226,1.15362,53.3633,0.138772,0.000289303,4.5126,2.26891,0.731092,0.504201,0.277311,0.10084,0.252101,0,0.0252101,0,0,0,0,0,0
85252,85269,85260,9.8,169.939,-45.1021,281.178,-42.1589,331.915,7.0878,1.00561,61.1186,0.182333,0.000240004,3.92702,1.58039,0.550741,0.383124,0.383124,0.143672,0.0718358,0.0239453,0,0,0,0.0239453,0,0,0
85270,85287,85278,9.9,169.944,-45.1029,276.998,-43.1339,331.938,6.6004,0.843157,42.0037,0.149451,0.000220238,3.84023,1.5841,0.50403,0.240014,0.16801,0.120007,0.0960058,0.0240014,0,0.0240014,0,0,0,0,0
85288,85305,85296,10,169.949,-45.1042,273.04,-43.9539,332.114,5.68456,0.819319,49.774,0.182252,0.000312958,3.56489,1.15618,0.385394,0.216784,0.0722614,0.0481742,0.0963485,0.0722614,0.0481742,0.0240871,0,0,0,0,0
85306,85320,85313,10.1,169.953,-45.1048,269.063,-44.7864,332.294,5.12096,0.568853,25.6993,0.135532,0.00013308,3.59092,0.905536,0.312254,0.0936762,0.0624508,0.0936762,0,0.0312254,0.0312254,0,0,0,0,0,0
85321,85339,85330,10.2,169.957,-45.1057,264.675,-45.8129,332.363,4.9912,0.437344,12.9048,0.088522,2.64727e-05,3.44753,1.15775,0.23155,0.102911,0.0514556,0,0,0,0,0,0,0,0,0,0
85340,85356,85348,10.3,169.961,-45.1065,260.879,-46.7071,332.426,4.35268,0.496758,21.6407,0.130691,0.000105799,2.86765,0.819328,0.281644,0.12802,0.153624,0.051208,0.025604,0,0.025604,0,0,0,0,0,0
85357,85372,85364,10.4,169.966,-45.1074,257.105,-47.4587,332.702,3.66082,0.36663,12.5211,0.102456,4.0983e-05,2.25506,0.790736,0.468584,0.0585731,0.0585731,0,0.0292865,0,0,0,0,0,0,0,0
85373,85386,85380,10.5,169.969,-45.1082,253.061,-48.2442,333.045,2.97225,0.287173,9.06889,0.0947396,2.18113e-05,1.79803,0.770584,0.183472,0.183472,0.0366945,0,0,0,0,0,0,0,0,0,0
85387,85399,85393,10.6,169.973,-45.1086,249.472,-49.1318,333.093,3.26417,0.32381,11.5956,0.10743,4.5279e-05,2.14958,0.875754,0.079614,0,0.119421,0,0.039807,0,0,0,0,0,0,0,0
85400,85415,85408,10.7,169.977,-45.1092,245.411,-50.0588,333.275,2.8045,0.246612,7.38059,0.0897837,1.64383e-05,1.99925,0.583114,0.138837,0.0277674,0.0555347,0,0,0,0,0,0,0,0,0,0
85416,85429,85422,10.8,169.98,-45.1103,241.985,-50.7718,333.543,3.2119,0.293035,9.4974,0.0972312,2.7862e-05,2.56952,0.32119,0.120446,0.120446,0.0401488,0.0401488,0,0,0,0,0,0,0,0,0
85430,85446,85438,10.9,169.984,-45.1113,237.955,-51.6319,333.849,3.99884,0.396209,14.9763,0.113397,6.47911e-05,2.74046,0.950773,0.167784,0,0.0838918,0,0.0279639,0.0279639,0,0,0,0,0,0,0
85448,85468,85458,11,169.989,-45.1126,234.197,-52.5195,334.036,4.53966,0.701363,71.1607,0.304382,0.000215108,3.13564,0.79561,0.327604,0.187202,0,0.0234003,0,0,0,0.0234003,0.0234003,0,0.0234003,0,0
85469,85490,85480,11.1,169.994,-45.1138,230.645,-53.3995,334.155,3.11427,0.320869,13.2127,0.123533,6.71645e-05,2.30371,0.511935,0.191975,0.0213306,0,0,0.0639918,0.0213306,0,0,0,0,0,0,0
85491,85512,85502,11.2,170,-45.115,227.085,-54.3138,334.243,2.86099,0.280395,9.80168,0.10487,3.53759e-05,2.00696,0.533766,0.170805,0.0427013,0.0640519,0.0213506,0.0213506,0,0,0,0,0,0,0,0
85513,85533,85523,11.3,170.005,-45.1162,223.545,-55.1738,334.425,3.48267,0.381517,15.1875,0.119425,6.84968e-05,2.24344,0.747814,0.213661,0.106831,0.0854644,0.0427322,0.0213661,0.0213661,0,0,0,0,0,0,0
85534,85552,85543,11.4,170.01,-45.1171,220.031,-56.0832,334.552,2.32673,0.206363,6.22914,0.090556,1.4229e-05,1.63821,0.522327,0.0712264,0.0474842,0.0474842,0,0,0,0,0,0,0,0,0,0
85553,85568,85560,11.5,170.015,-45.1174,216.404,-56.9953,334.727,2.30285,0.226334,8.8961,0.117916,4.08105e-05,1.75744,0.333308,0.121203,0.0303007,0.0303007,0,0,0.0303007,0,0,0,0,0,0,0
85569,85590,85580,11.6,170.02,-45.1183,213.117,-57.6295,335.204,4.41025,0.528999,23.1448,0.131256,0.000124488,2.67099,1.09739,0.248465,0.144938,0.0621162,0.0207054,0.165643,0,0,0,0,0,0,0,0
85591,85608,85600,11.7,170.025,-45.1191,209.751,-58.2256,335.803,3.84992,0.428107,16.6833,0.11691,7.04025e-05,2.30489,0.886496,0.32927,0.126642,0.126642,0.0506569,0,0.0253285,0,0,0,0,0,0,0
85609,85623,85616,11.8,170.029,-45.1199,206.714,-58.7793,336.342,5.05797,0.560854,20.8329,0.111435,7.98916e-05,2.89027,1.18238,0.558347,0.16422,0.16422,0.0656879,0.032844,0,0,0,0,0,0,0,0
85624,85641,85632,11.9,170.032,-45.1213,203.141,-59.2089,337.341,6.80869,0.925959,42.3985,0.137366,0.000230882,3.5191,1.70855,0.688519,0.178505,0.382511,0.127504,0.178505,0.0255007,0,0,0,0,0,0,0
85642,85659,85650,12,170.036,-45.1229,199.876,-58.8739,339.433,9.3234,1.44406,77.5234,0.161053,0.000452641,4.00654,2.69623,1.13393,0.604761,0.277182,0.251984,0.251984,0.0503967,0.0251984,0.0251984,0,0,0,0,0
85660,85676,85668,12.1,170.041,-45.1244,197.007,-58.8241,340.919,11.9534,2.13388,152.094,0.213827,0.000736256,5.36783,3.05668,1.39166,0.596426,0.720681,0.323064,0.273362,0.0994043,0.0745532,0,0.0248511,0,0.0248511,0,0
85677,85692,85684,12.2,170.045,-45.1251,193.928,-58.3827,343.167,13.0178,1.91643,96.753,0.151458,0.00054529,5.568,4.176,1.44356,0.464,0.644444,0.309333,0.283555,0.103111,0,0.0257778,0,0,0,0,0
85693,85707,85700,12.3,170.049,-45.1259,190.833,-58.9673,343.805,13.6957,2.00402,97.6308,0.146152,0.00053769,5.80716,4.08557,1.61881,0.719472,0.822253,0.33404,0.179868,0.0513908,0.0770862,0,0,0,0,0,0
85708,85724,85716,12.4,170.053,-45.1263,187.584,-59.9771,343.863,13.7232,2.27756,178.94,0.2357,0.000763279,6.41335,3.63193,1.65506,0.482725,0.689608,0.413765,0.275843,0.0689608,0.0689608,0,0,0,0,0.0229869,0
85725,85738,85732,12.5,170.057,-45.1271,184.573,-59.9279,345.544,14.8149,2.24054,126.731,0.169689,0.000652955,7.54668,3.75942,1.1139,0.863274,0.556951,0.417713,0.445561,0.0835426,0,0,0.0278475,0,0,0,0
85739,85756,85748,12.6,170.061,-45.1279,181.468,-60.1788,346.814,15.6563,2.24659,108.651,0.145088,0.000590202,7.33736,4.12267,1.84048,0.73619,0.78527,0.368095,0.417174,0.0245397,0,0.0245397,0,0,0,0,0
85757,85770,85764,12.7,170.065,-45.1285,178.546,-59.2757,349.9,12.6527,1.80687,82.0918,0.136299,0.000426155,5.59264,3.2393,1.71655,0.719845,0.802904,0.332236,0.166118,0.083059,0,0,0,0,0,0,0
85771,85784,85778,12.8,170.068,-45.1289,175.858,-58.5946,352.537,11.543,1.85934,115.424,0.186234,0.000576638,5.14994,2.95974,1.74625,0.414363,0.651142,0.177584,0.325571,0.0591948,0,0.0295974,0.0295974,0,0,0,0
85786,85800,85793,12.9,170.07,-45.129,172.805,-57.7757,355.667,11.5955,1.75587,93.1413,0.159137,0.000542865,5.57686,2.98169,1.24237,0.496948,0.607381,0.30369,0.248474,0.0828246,0.0276082,0.0276082,0,0,0,0,0
85801,85826,85814,13,170.073,-45.13,169.998,-56.914,358.76,10.7689,2.04221,188.018,0.276197,0.000742638,4.58219,2.60737,1.28054,0.678843,0.848554,0.385706,0.200567,0.123426,0.0308565,0.0154282,0,0,0,0,0.0154282
85827,85842,85834,13.1,170.078,-45.1307,167.593,-56.6337,360.685,9.69235,1.80983,107.59,0.178342,0.000704855,4.19842,2.32712,0.935648,0.575783,0.623765,0.407846,0.479819,0.0719729,0.0479819,0.023991,0,0,0,0,0
85843,85861,85852,13.2,170.082,-45.1304,164.809,-56.2332,363.092,10.5999,2.19304,158.138,0.216328,0.000853802,4.08621,2.50837,1.3351,0.829379,0.80915,0.343889,0.424804,0.182059,0.0202288,0.0202288,0.0202288,0,0.0202288,0,0
85862,85885,85874,13.3,170.086,-45.1304,162.143,-56.0791,365.048,11.6325,2.49445,156.308,0.187987,0.000978821,4.0497,2.46648,1.46656,1.13325,1.04992,0.599955,0.599955,0.233316,0.0166654,0,0,0.0166654,0,0,0
85886,85909,85898,13.4,170.091,-45.1303,159.76,-55.1375,368.182,11.8271,2.59205,160.476,0.185733,0.00107393,3.98985,2.26408,1.70994,1.18746,1.25079,0.506648,0.664975,0.142495,0.0791637,0.0316655,0,0,0,0,0
85910,85935,85922,13.5,170.096,-45.1304,157.085,-54.4608,371.109,10.6719,2.23383,139.175,0.18691,0.000923082,3.67894,2.65701,1.4307,0.671553,0.948933,0.56936,0.42337,0.218985,0.0291979,0.0437969,0,0,0,0,0
85936,85960,85948,13.6,170.1,-45.1307,154.591,-54.0972,373.438,9.91739,1.7097,100.728,0.176748,0.000569609,4.28942,2.34245,1.26249,0.62364,0.63885,0.349847,0.258582,0.0912643,0.0456322,0,0.0152107,0,0,0,0
85961,85985,85973,13.7,170.105,-45.1311,152.279,-53.9132,375.359,9.4081,1.63386,93.8928,0.1724,0.000598396,4.44525,1.93338,1.05042,0.593715,0.639385,0.258799,0.319693,0.0913407,0.0608938,0.0152235,0,0,0,0,0
85986,86008,85997,13.8,170.108,-45.1317,149.81,-54.2086,376.602,10.5719,2.10866,146.438,0.208339,0.000753852,4.11802,2.47427,1.36691,0.795919,0.761314,0.432565,0.484473,0.086513,0,0,0.0519078,0,0,0,0
86009,86034,86022,13.9,170.112,-45.132,147.343,-54.5496,377.812,10.8412,2.13137,154.531,0.217509,0.000850153,4.5336,2.59063,1.40795,0.661737,0.732134,0.323829,0.380147,0.0703975,0.028159,0.084477,0.0140795,0,0.0140795,0,0
86035,86057,86046,14,170.116,-45.1321,145.098,-54.9664,378.749,9.95961,2.14215,145.838,0.204242,0.000930492,4.00203,2.09197,1.21274,0.667006,0.818598,0.288025,0.59121,0.166751,0.106115,0,0,0,0.0151592,0,0
86058,86079,86068,14.1,170.12,-45.1323,143.076,-55.2895,379.703,9.07894,1.981,145.171,0.219845,0.0007879,3.30601,2.08094,1.17472,0.771961,0.654489,0.520235,0.369199,0.117472,0.0167818,0.0335635,0,0.0167818,0.0167818,0,0
86080,86101,86090,14.2,170.123,-45.1328,140.717,-55.8876,380.462,9.60475,1.631,97.395,0.179145,0.000542854,4.43542,1.91457,1.32424,0.749873,0.494597,0.319095,0.207412,0.0797737,0.063819,0,0.0159547,0,0,0,0
86102,86124,86113,14.3,170.127,-45.1332,138.393,-56.5055,381.198,9.69336,1.73865,126.515,0.218298,0.000576057,4.35588,2.36199,0.981606,0.797555,0.598166,0.260739,0.184051,0.076688,0,0.0306752,0.0306752,0,0.0153376,0,0
86125,86147,86136,14.4,170.131,-45.1334,136.246,-57.1214,381.81,9.66589,1.73165,108.508,0.187985,0.000607104,4.13596,2.34371,1.17951,0.505506,0.735281,0.352322,0.275731,0.0612734,0.0306367,0.0306367,0,0.0153184,0,0,0
86148,86171,86160,14.5,170.135,-45.1336,134.031,-57.7252,382.525,9.48757,1.82945,112.69,0.184794,0.000745593,3.92133,2.3058,0.998692,0.543406,0.851825,0.26436,0.337793,0.17624,0.0587466,0.0293733,0,0,0,0,0
86172,86195,86184,14.6,170.139,-45.1337,131.983,-58.3839,383.048,9.75249,1.76294,111.21,0.189246,0.000643056,4.17116,2.36019,1.27658,0.593759,0.534383,0.22266,0.400787,0.133596,0.0445319,0,0,0,0.014844,0,0
86196,86219,86208,14.7,170.143,-45.1338,129.867,-58.8617,383.961,9.96531,1.96761,122.574,0.186888,0.000742196,3.88718,2.2475,1.35698,0.593678,0.7633,0.466461,0.494732,0.113082,0.0141352,0.0141352,0,0.0141352,0,0,0
86220,86246,86233,14.8,170.147,-45.1336,127.641,-59.0867,385.452,9.4378,1.81888,107.007,0.176494,0.000703389,3.91354,1.91273,1.22062,0.616603,0.805359,0.377512,0.402679,0.125837,0.0503349,0.0125837,0,0,0,0,0
86247,86272,86260,14.9,170.152,-45.1333,125.548,-59.1838,387.11,9.64018,2.06773,146.487,0.212533,0.000865404,3.25699,2.56374,1.32111,0.693256,0.837139,0.340088,0.340088,0.170044,0.0392409,0.0523212,0.0261606,0,0,0,0
86273,86298,86286,15,170.155,-45.1331,123.672,-59.2825,388.596,10.1876,2.32713,174.939,0.22552,0.000936467,3.49575,2.2116,1.3983,0.984517,0.898907,0.485124,0.485124,0.128415,0.0142684,0.0285367,0.0428051,0.0142684,0,0,0
86299,86324,86312,15.1,170.16,-45.1326,121.96,-59.5954,389.572,9.34844,1.99261,125.041,0.188257,0.000775993,3.12087,2.05694,1.39021,0.80859,0.80859,0.453945,0.53906,0.127672,0.0283716,0,0,0.0141858,0,0,0
86325,86349,86337,15.2,170.164,-45.1322,119.914,-59.4004,391.823,9.51754,2.18233,143.762,0.197625,0.000897593,2.73408,2.0247,1.56655,0.886728,1.16752,0.458143,0.458143,0.11823,0.0591152,0.0295576,0.0147788,0,0,0,0
86350,86374,86362,15.3,170.167,-45.1316,118.057,-59.0713,394.181,9.85554,2.41833,160.887,0.199585,0.00104729,2.59667,1.97701,1.65243,1.09178,1.04752,0.649168,0.545891,0.1918,0.073769,0.0147538,0.0147538,0,0,0,0
86375,86400,86388,15.4,170.171,-45.1309,116.127,-58.5571,396.986,9.03864,1.96921,126.238,0.192318,0.00078324,2.74413,2.15004,1.44279,0.693104,0.905279,0.495074,0.410204,0.127305,0.0424349,0.014145,0.014145,0,0,0,0
86401,86422,86412,15.5,170.173,-45.1302,114.311,-58.7905,398.349,9.42122,2.19103,184.558,0.252701,0.000853234,3.27621,2.2577,1.35801,0.797833,0.628081,0.441354,0.475305,0.0679007,0.0339503,0,0.0169752,0.0509255,0.0169752,0,0
86423,86447,86435,15.6,170.176,-45.1297,112.468,-59.2605,399.326,8.88151,1.90149,123.999,0.195635,0.000787865,3.007,2.2165,1.1005,0.852501,0.666501,0.3255,0.465,0.1705,0.0620001,0,0.0155,0,0,0,0
86448,86470,86459,15.7,170.179,-45.1293,110.841,-59.8344,399.91,9.12501,1.90661,120.086,0.188952,0.000718107,2.99768,2.2624,1.03693,0.942667,0.886107,0.377067,0.490187,0.0754133,0.0377067,0,0.0188533,0,0,0,0
86471,86495,86483,15.8,170.182,-45.1285,108.91,-60.0552,401.516,9.19697,2.38711,160.139,0.201255,0.00111704,2.44758,1.63172,1.52788,0.979032,1.06803,0.593353,0.637854,0.19284,0.0741691,0.0445014,0,0,0,0,0
86496,86520,86508,15.9,170.184,-45.1276,107.149,-59.8895,403.701,9.17188,2.2404,146.772,0.196534,0.000995404,2.2427,2.1035,1.40749,1.06722,1.06722,0.464008,0.572276,0.123735,0.0773346,0.0464008,0,0,0,0,0
86522,86541,86532,16,170.187,-45.1269,105.462,-59.7956,405.707,8.75815,1.94835,135.011,0.207885,0.000833147,3.2227,1.95257,1.11847,0.663496,0.606625,0.454969,0.51184,0.170613,0,0.0379141,0,0.018957,0,0,0
86542,86562,86552,16.1,170.189,-45.1267,103.796,-59.3682,408.384,7.97871,1.63915,98.9338,0.18107,0.000666278,2.61303,1.97473,1.13697,0.817818,0.578457,0.299202,0.319149,0.159574,0.0797871,0,0,0,0,0,0
