data/B2SAP/Locations/Lauder/NOAA-POPS-B2SAP_GMLBalloon_20220124_R0.ict
61,1001
Thornberry, T. D.
NOAA Chemical Sciences Laboratory
Portable Optical Particle Spectrometer (POPS)
Balloon Baseline Stratospheric Aerosol Profiles (B2SAP)
1,1
2022,01,24,2024,05,28
0
TIME_START,s,Seconds since midnight UTC on flight start day,Start time of 100 m altitude bin in UTC_seconds_since_midnight
28
1.0,1.0,1.0,1.0,1.0,1.0,1.0,1.0,1.0,1.0,1.0,1.0,1.0,1.0,1.0,1.0,1.0,1.0,1.0,1.0,1.0,1.0,1.0,1.0,1.0,1.0,1.0,1.0
99999,99999,99999,99999,99999,99999,99999,99999,99999,99999,99999,99999,99999,99999,99999,99999,99999,99999,99999,99999,99999,99999,99999,99999,99999,99999,99999,99999
TIME_STOP,s,End time of 100 m altitude bin in UTC seconds since midnight,
TIME_MID,s,Mid time of 100 m altitude in UTC seconds since midnight,
GPSAlt,m,GPS reported altitude above sea level (m),
GPS_Lon,deg,GPS reported longitude,
GPS_Lat,deg,GPS reported latitude,
iMet_Pressure,mb,Pressure reported (mB),
iMet_Temperature,degrees C,Ambient temperature (oC),
THETA,K,Potential temperature from iMet,
Aerosol_concentration,cm^-3,Aerosol concentration,
Surface_Area_Conc,um^2 cm^-3,Surface area concentration,
Volume_density,um^3 cm^-3,Volume density,
Effective_radius,um,Effective radius,
Extinction,km^-1,Extinction,
Bin01,cm^-3,particle concentration in size range [140 - 170 nm],
Bin02,cm^-3,particle concentration in size range [170 - 205 nm],
Bin03,cm^-3,particle concentration in size range [205 - 249 nm],
Bin04,cm^-3,particle concentration in size range [249 - 302 nm],
Bin05,cm^-3,particle concentration in size range [302 - 366 nm],
Bin06,cm^-3,particle concentration in size range [366 - 443 nm],
Bin07,cm^-3,particle concentration in size range [443 - 537 nm],
Bin08,cm^-3,particle concentration in size range [537 - 651 nm],
Bin09,cm^-3,particle concentration in size range [651 - 789 nm],
Bin10,cm^-3,particle concentration in size range [789 - 956 nm],
Bin11,cm^-3,particle concentration in size range [956 - 1159 nm],
Bin12,cm^-3,particle concentration in size range [1159 - 1404 nm],
Bin13,cm^-3,particle concentration in size range [1404 - 1702 nm],
Bin14,cm^-3,particle concentration in size range [1702 - 2062 nm],
Bin15,cm^-3,particle concentration in size range [2062 - 2500 nm],
0
19
PI_CONTACT_INFO: 325 Broadway R/CSL6, Boulder, CO 80305; troy.thornberry@noaa.gov; 303-497-3373 
PLATFORM: GML ECC/FPH balloon
LOCATION: Lauder, NZ
ASSOCIATED_DATA: N/A
INSTRUMENT_INFO: Printed Optical Particle Spectrometer counts particles from 140 - 2500 nm in diameter 
DATA_INFO: Particle concentrations reported in number per cubic centimeter, binned to 100 m altitude
UNCERTAINTY: Counting uncertainty dominated by air flow, less than 5 percent
ULOD_FLAG: -77777
ULOD_VALUE: 3000 ~3000 per cm3 (varies depending on flow rate- manufacturer quotes 1250  per cm3 at 1.667 cc/s)
LLOD_FLAG: -88888
LLOD_VALUE: 0 0 (varies depending on data field and measurement precision)
DM_CONTACT_INFO: Troy Thornberry, 325 Broadway R/CSL6, Boulder, CO 80305; troy.thornberry@noaa.gov; 303-497-3373
PROJECT_INFO: B2SAP Lauder, NZ
STIPULATIONS_ON_USE: Please contact the PIs for questions regarding applications and uncertainties
OTHER_COMMENTS: POPS bin Edges (nm):  140, 170, 205, 249, 302, 366, 443, 537, 651, 789, 956, 1159, 1404, 1702, 2062, 2500
Calculations assume sulfate refractive index of 1.45+0.00j and extinction wavelength = 532 nm
REVISION: R0
R0: QA/QC data
TIME_START,TIME_STOP,TIME_MID,GPSAlt,GPS_Lon,GPS_Lat,iMet_Pressure,iMet_Temperature,THETA,Aerosol_concentration,Surface_Area_Conc,Volume_density,Effective_radius,Extinction,Bin01,Bin02,Bin03,Bin04,Bin05,Bin06,Bin07,Bin08,Bin09,Bin10,Bin11,Bin12,Bin13,Bin14,Bin15
81390,83744,82567,0.4,169.683,-45.0376,961.555,18.5087,294.944,392.607,68.6023,5181.45,0.226586,0.0188589,128.916,106.303,75.9129,40.1829,28.2688,5.75843,3.81019,0.912764,0.491962,0.549956,0.375415,0.521379,0.342076,0.146244,0.115706
83745,83762,83754,0.5,169.683,-45.0373,950.018,15.6411,293.054,375.95,63.376,4814.89,0.22792,0.0169402,131.112,102.374,73.0051,35.4224,23.051,4.48384,3.36288,0.611433,0.591052,0.489147,0.387241,0.570671,0.264954,0.0815245,0.142668
83763,83781,83772,0.6,169.683,-45.0374,938.636,14.9056,293.318,362.358,59.6349,3986.37,0.200539,0.01541,124.589,99.6709,68.7737,34.6522,23.8157,4.61213,3.24481,0.795898,0.571414,0.489783,0.306115,0.489783,0.224484,0.0816305,0.0408153
83781,83799,83790,0.7,169.683,-45.0374,928.082,14.3024,293.649,327.979,54.9912,4205.85,0.229447,0.0147219,116.918,89.4884,61.6891,31.2361,19.6857,3.71962,2.47975,0.5003,0.478547,0.5003,0.30453,0.456795,0.261026,0.195769,0.0652565
83799,83816,83808,0.8,169.683,-45.0374,916.786,14.3083,294.683,201.21,29.8958,1954.8,0.196161,0.00705564,80.9109,54.7942,35.3033,15.8326,9.83695,1.95113,1.19913,0.508107,0.182918,0.243891,0.182918,0.121946,0.0406485,0.0609728,0.0406485
83817,83831,83824,0.9,169.682,-45.0375,906.374,13.8473,295.17,191.204,29.6076,2190.8,0.221984,0.00764991,77.0377,52.2285,34.5913,14.4903,8.07456,1.97595,1.14654,0.536678,0.268339,0.292733,0.0975778,0.146367,0.146367,0.146367,0.0243944
83832,83851,83842,1,169.682,-45.0379,895.112,13.2368,295.598,204.565,31.4208,2085.19,0.19909,0.00741411,76.7045,57.2866,38.1008,16.5748,11.0434,2.10812,1.37318,0.425492,0.154724,0.193405,0.193405,0.212746,0.116043,0.0386811,0.0386811
83852,83866,83859,1.1,169.683,-45.0384,883.576,13.1069,296.565,176.124,28.1815,1821.28,0.193881,0.00692895,56.8704,54.171,35.87,14.6637,9.40214,2.24187,1.48696,0.411773,0.205886,0.228763,0.114381,0.320268,0.114381,0,0.0228763
83867,83882,83874,1.2,169.683,-45.0391,872.951,12.8606,297.334,144.173,24.7993,1978.99,0.239401,0.00686859,45.1185,45.8972,28.5827,13.3065,6.98535,1.37417,1.44288,0.251931,0.297736,0.274833,0.0916111,0.274833,0.206125,0,0.0687084
83883,83900,83892,1.3,169.684,-45.04,862.791,12.2594,297.701,136.997,22.2552,1605.76,0.216456,0.00572527,44.3687,42.1075,27.0734,12.5283,6.7429,1.93527,1.18153,0.346312,0.203713,0.142599,0.0611139,0.101856,0.101856,0.0611139,0.0407426
83901,83915,83908,1.4,169.684,-45.0408,853.005,11.746,298.134,112.763,17.4949,994.928,0.170608,0.0040836,36.0704,36.4619,20.8494,9.54373,6.24013,1.54168,1.22355,0.44048,0.0734133,0.0489422,0.0489422,0.122355,0.0978844,0,0
83916,83930,83923,1.5,169.685,-45.0417,842.994,11.3393,298.716,72.2605,11.57,685.993,0.177872,0.0030097,24.1441,21.5897,13.951,6.23867,3.61057,1.08071,0.957906,0.270179,0.171932,0.0736851,0.0491234,0.0491234,0.0736851,0,0
83931,83946,83938,1.6,169.685,-45.0422,832.448,11.196,299.646,42.1822,7.83015,625.035,0.239473,0.0026134,14.3118,12.781,6.77928,3.11021,2.69713,1.04484,0.801851,0.315881,0.097194,0.097194,0.048597,0.048597,0.0242985,0,0.0242985
83947,83960,83954,1.7,169.686,-45.0426,822.336,10.5827,300.043,30.0564,5.09863,309.386,0.182041,0.00156302,10.3947,8.65409,5.14833,2.59868,1.71611,0.637412,0.490317,0.196127,0.0735475,0.0980634,0.0245158,0,0.0245158,0,0
83961,83978,83970,1.8,169.686,-45.0429,812.513,9.73687,300.175,28.6843,4.65266,283.28,0.182657,0.00123608,9.90374,8.42046,5.36262,2.21351,1.55174,0.638951,0.296656,0.136918,0.0456393,0.0456393,0,0.0228197,0.0456393,0,0
83978,83994,83986,1.9,169.687,-45.0431,802.635,8.95118,300.387,27.4272,4.58806,306.589,0.20047,0.00143007,10.0152,8.31325,4.71302,2.07286,1.20007,0.349113,0.305474,0.196376,0.0436391,0.130917,0.0436391,0.0436391,0,0,0
83995,84014,84004,2,169.687,-45.0434,792.881,8.3625,300.815,23.6708,3.32147,150.648,0.136068,0.000778216,9.11695,7.50807,3.56911,1.59038,1.07258,0.203421,0.406841,0.184928,0.0184928,0,0,0,0,0,0
84016,84032,84024,2.1,169.689,-45.044,783.161,7.63824,301.1,19.0935,3.08838,265.649,0.258046,0.000847064,7.17095,5.86318,3.16045,1.32957,0.937236,0.217962,0.239758,0.130777,0,0,0,0.0217962,0,0,0.0217962
84032,84050,84041,2.2,169.69,-45.0446,773.424,6.85895,301.338,16.2927,2.4266,127.393,0.157495,0.00061126,6.31759,4.94846,2.32753,1.2909,0.743246,0.332505,0.156473,0.136914,0,0.0195591,0.0195591,0,0,0,0
84051,84066,84058,2.3,169.692,-45.0452,764.284,6.08,301.52,12.9282,1.90954,91.455,0.143681,0.000493811,5.09669,3.6547,1.96409,0.91989,0.845304,0.124309,0.174033,0.0994476,0.0497238,0,0,0,0,0,0
84066,84081,84074,2.4,169.693,-45.0457,754.916,5.26312,301.698,11.4331,1.70018,97.4277,0.171913,0.000435657,4.39198,3.71808,1.51047,0.999234,0.46476,0.185904,0.046476,0.023238,0.046476,0.023238,0.023238,0,0,0,0
84083,84097,84090,2.5,169.694,-45.0463,745.918,4.59938,302.018,10.8542,1.52125,67.3718,0.132862,0.000327378,3.94276,3.45571,1.66987,0.904514,0.579817,0.115963,0.115963,0.0463854,0.0231927,0,0,0,0,0,0
84098,84115,84106,2.6,169.695,-45.0471,736.296,3.96176,302.442,9.29399,1.51184,90.8203,0.180218,0.000421038,3.3476,2.64284,1.69582,0.66071,0.572615,0.0880947,0.198213,0.0440473,0,0.0220237,0,0.0220237,0,0,0
84116,84133,84124,2.7,169.697,-45.0477,727.792,3.58353,303.031,8.72501,1.27983,57.8955,0.135711,0.00029658,3.20063,2.74027,1.24956,0.548054,0.591898,0.219221,0.131533,0.0438443,0,0,0,0,0,0,0
84134,84148,84141,2.8,169.698,-45.0481,718.959,3.43938,303.929,11.6388,1.78149,91.9741,0.154883,0.000485985,4.34702,3.31869,2.00991,0.747874,0.771245,0.21034,0.0934843,0.0934843,0,0.0467421,0,0,0,0,0
84149,84164,84156,2.9,169.7,-45.0485,710.189,3.2125,304.753,7.89777,1.38484,71.0337,0.153881,0.00040946,2.10296,2.38335,1.47207,0.747718,0.724352,0.233662,0.0934647,0.116831,0.0233662,0,0,0,0,0,0
84165,84182,84174,3,169.702,-45.049,701.012,2.51882,305.119,9.37496,1.54595,105.113,0.203977,0.000382352,3.40506,2.89651,1.19398,0.950763,0.641212,0.110554,0.088443,0.0442215,0,0,0,0.0221108,0.0221108,0,0
84183,84197,84190,3.1,169.704,-45.0495,692.511,1.96467,305.567,10.6802,1.60996,98.2272,0.183037,0.000420356,4.45216,3.17654,1.6508,0.525255,0.425206,0.225109,0.125061,0.0250121,0.0500243,0,0,0,0.0250121,0,0
84197,84213,84205,3.2,169.706,-45.05,684.202,2.00882,306.669,8.88667,1.43666,85.3763,0.178281,0.000404591,3.41458,2.69227,1.11631,0.722315,0.503432,0.175107,0.153218,0.065665,0.0218883,0,0,0.0218883,0,0,0
84214,84228,84221,3.3,169.708,-45.0508,675.567,1.66467,307.403,11.7936,1.80045,108.767,0.181233,0.000535855,5.45859,3.25512,1.32709,0.701104,0.525828,0.225355,0.150236,0.0500788,0.0500788,0.0250394,0.0250394,0,0,0,0
84230,84243,84236,3.4,169.711,-45.0516,667.523,1.292,308.04,15.1313,2.00069,91.618,0.137379,0.000475504,6.63084,4.83603,1.8696,0.922335,0.423776,0.0997119,0.174496,0.12464,0.049856,0,0,0,0,0,0
84244,84260,84252,3.5,169.713,-45.0525,658.846,1.17941,309.064,14.0283,1.76324,73.5448,0.12513,0.000335542,6.22009,4.58787,1.67634,0.463198,0.74994,0.176457,0.0882283,0.0441141,0.0220571,0,0,0,0,0,0
84261,84278,84270,3.6,169.716,-45.0534,650.756,0.739412,309.657,13.7966,1.81009,80.3717,0.133206,0.000379665,5.96669,4.61365,1.33086,0.88724,0.532344,0.243991,0.199629,0,0,0.022181,0,0,0,0,0
84278,84293,84286,3.7,169.719,-45.0542,642.788,0.15125,310.086,12.8312,1.64492,72.697,0.132585,0.000334725,5.99258,3.76005,1.38652,0.869511,0.470006,0.188002,0.117502,0.0235003,0,0.0235003,0,0,0,0,0
84294,84308,84301,3.8,169.722,-45.0549,634.721,-0.477333,310.492,9.13064,1.08389,44.0452,0.121908,0.000199059,4.32637,3.19447,0.779752,0.402453,0.15092,0.15092,0.0754599,0.0503066,0,0,0,0,0,0,0
84309,84324,84316,3.9,169.724,-45.0558,626.746,-1.28,310.695,11.2261,1.36485,58.6192,0.128848,0.000285755,5.56269,3.52388,1.20819,0.302047,0.302047,0.125853,0.125853,0.0503411,0.0251706,0,0,0,0,0,0
84325,84339,84332,4,169.727,-45.0567,619.043,-2.07437,310.881,9.57352,1.18078,49.712,0.126303,0.000234595,4.5622,2.78932,1.34738,0.354575,0.260022,0.118192,0.0472767,0.0945533,0,0,0,0,0,0,0
84340,84355,84348,4.1,169.73,-45.0576,610.987,-2.7725,311.25,10.5687,1.17829,44.8739,0.114252,0.00018119,5.37869,3.27912,1.15595,0.377452,0.212317,0.0471815,0.0707723,0.0471815,0,0,0,0,0,0,0
84356,84372,84364,4.2,169.733,-45.0584,603.399,-3.43688,311.594,9.8143,1.15803,47.2819,0.122489,0.000208506,4.99032,2.75656,1.11688,0.522795,0.237634,0.0712903,0.0712903,0.0237634,0.0237634,0,0,0,0,0,0
84373,84386,84380,4.3,169.735,-45.0591,595.704,-3.81429,312.298,7.92043,0.92886,37.447,0.120945,0.000169747,3.97373,2.45993,0.892062,0.189225,0.189225,0.0810965,0.108129,0.0270322,0,0,0,0,0,0,0
84387,84403,84395,4.4,169.738,-45.0596,588.321,-4.38235,312.751,8.71879,1.06305,44.0001,0.124171,0.00020445,4.43825,2.50074,0.901167,0.27035,0.337938,0.157704,0.0675875,0.0450584,0,0,0,0,0,0,0
84404,84419,84412,4.5,169.741,-45.0603,580.837,-5.058,313.114,10.2018,1.67669,139.661,0.249887,0.00051703,4.75746,3.28189,1.04308,0.407056,0.432497,0.025441,0.050882,0.050882,0.076323,0,0.025441,0.025441,0.025441,0,0
84420,84433,84426,4.6,169.743,-45.0607,573.809,-5.59462,313.573,10.2315,1.36407,63.7578,0.140223,0.000344759,4.86513,3.03702,1.17942,0.412799,0.353827,0.117942,0.147428,0.0884568,0.0294856,0,0,0,0,0,0
84433,84448,84440,4.7,169.746,-45.0609,566.735,-6.318,313.832,9.48319,1.22278,59.8028,0.146721,0.000309119,4.98443,2.50499,1.02245,0.408979,0.281173,0.0766835,0.127806,0.0255612,0.0255612,0.0255612,0,0,0,0,0
84449,84463,84456,4.8,169.749,-45.0612,559.508,-7.04357,314.132,9.66511,1.14909,45.7373,0.119409,0.000196418,4.45869,3.21247,1.05236,0.470793,0.276937,0.0830811,0.0553874,0.0553874,0,0,0,0,0,0,0
84464,84479,84472,4.9,169.752,-45.0617,551.94,-7.55143,314.756,9.28769,1.17698,51.9483,0.132411,0.000259834,4.74031,2.67331,0.854357,0.275599,0.413399,0.192919,0.0826797,0.0275599,0.0275599,0,0,0,0,0,0
84480,84494,84487,5,169.755,-45.0623,545.132,-8.00214,315.335,9.68433,1.11053,45.2019,0.122109,0.000200067,5.00724,3.05387,0.825369,0.35766,0.275123,0.0550246,0.0550246,0.0275123,0.0275123,0,0,0,0,0,0
84495,84510,84502,5.1,169.758,-45.0634,537.993,-8.34533,316.114,9.4771,1.2396,70.3109,0.170162,0.000266967,5.1996,2.27963,0.973324,0.461048,0.332979,0.0768414,0.0768414,0.0512276,0,0,0,0.0256138,0,0,0
84511,84525,84518,5.2,169.761,-45.0646,530.992,-8.73462,316.835,8.80889,1.40617,150.45,0.320979,0.000502816,4.89383,2.43208,0.771148,0.237276,0.148298,0.0889787,0.0593191,0.118638,0.0296596,0,0,0,0,0.0296596,0
84526,84540,84533,5.3,169.764,-45.0655,524.078,-9.32,317.324,9.06524,1.26958,71.493,0.168937,0.00039774,4.83664,2.37686,0.829138,0.304017,0.414569,0.0552759,0.13819,0.0276379,0.0276379,0.0552759,0,0,0,0,0
84541,84557,84549,5.4,169.767,-45.0664,517.163,-9.85667,317.881,9.31175,1.24181,63.1458,0.152549,0.000342357,4.75934,2.53487,1.06051,0.362124,0.310392,0.051732,0.103464,0.0775979,0.025866,0.025866,0,0,0,0,0
84558,84573,84566,5.5,169.771,-45.0673,510.537,-10.614,318.134,7.93783,0.937874,39.111,0.125105,0.000179668,4.04673,2.4903,0.674456,0.363169,0.129703,0.129703,0.0778218,0,0.0259406,0,0,0,0,0,0
84574,84588,84581,5.6,169.774,-45.0681,504.178,-11.45,318.256,7.7179,1.30341,99.9374,0.230022,0.000464845,4.02412,2.16221,0.540553,0.180184,0.300307,0.150154,0.270277,0,0.0300307,0.0300307,0,0,0.0300307,0,0
84589,84603,84596,5.7,169.778,-45.069,497.362,-12.4057,318.328,8.42642,1.1029,70.2221,0.191012,0.00022572,4.32556,2.64028,0.702201,0.308969,0.280881,0.0561761,0.0561761,0.0280881,0,0,0,0,0.0280881,0,0
84604,84617,84610,5.8,169.781,-45.0699,491.006,-13.2754,318.443,7.60122,0.901133,37.3126,0.124219,0.000166251,4.01176,2.14161,0.784253,0.0904908,0.392127,0.150818,0,0,0.0301636,0,0,0,0,0,0
84618,84634,84626,5.9,169.785,-45.0709,484.407,-14.1021,318.657,7.4596,0.795788,31.5447,0.118919,0.00013549,4.39131,2.02676,0.675587,0.168897,0.0562989,0.0562989,0.0562989,0,0.0281495,0,0,0,0,0,0
84635,84649,84642,6,169.789,-45.0718,478.008,-14.8208,318.981,6.47817,0.746431,35.5561,0.142904,0.000163919,3.81425,1.72549,0.454077,0.272446,0.0908155,0.0302718,0.0605437,0,0,0.0302718,0,0,0,0,0
84651,84666,84658,6.1,169.793,-45.0729,471.712,-15.3013,319.594,5.42567,0.757886,40.1869,0.159075,0.000216789,2.56867,1.49402,0.681485,0.366953,0.157266,0,0.0786329,0.0524219,0,0.026211,0,0,0,0,0
84667,84683,84675,6.2,169.797,-45.0738,465.679,-15.9014,320.022,7.37353,1.21528,96.9326,0.239285,0.000393992,3.84215,1.97758,0.621524,0.339013,0.282511,0.113004,0.0282511,0.0847532,0.0282511,0,0.0565021,0,0,0,0
84684,84698,84691,6.3,169.801,-45.0748,460.067,-16.6333,320.227,8.80049,1.20165,51.6077,0.128842,0.000244939,3.65863,2.60389,1.02178,0.758094,0.461449,0.164803,0.0988819,0.0329606,0,0,0,0,0,0,0
84699,84714,84706,6.4,169.805,-45.0756,453.088,-17.6842,320.31,10.0048,1.51067,71.7977,0.142581,0.000387648,4.21256,2.40248,1.48098,0.724034,0.691124,0.230375,0.230375,0,0.0329106,0,0,0,0,0,0
84715,84729,84722,6.5,169.808,-45.0763,447.959,-18.1707,320.74,26.7067,4.65599,246.574,0.158875,0.00128177,8.25431,6.73658,5.19223,2.42304,2.28991,1.06507,0.58579,0.106507,0.0266268,0,0,0.0266268,0,0,0
84731,84748,84740,6.6,169.813,-45.0774,441.27,-18.8993,321.198,13.8321,2.53034,137.676,0.16323,0.00084931,4.36199,3.73065,2.23839,1.32008,1.0905,0.43046,0.459157,0.114789,0.0860919,0,0,0,0,0,0
84749,84765,84757,6.7,169.817,-45.0783,435.265,-19.5707,321.604,12.0097,1.96528,94.7765,0.144677,0.000524943,4.25123,3.10871,1.93962,0.929956,0.983097,0.451693,0.292272,0.0531404,0,0,0,0,0,0,0
84766,84781,84774,6.8,169.821,-45.0791,429.91,-20.3623,321.744,10.9666,1.72121,89.1572,0.155398,0.000500359,4.36807,3.22184,1.36309,0.650563,0.743501,0.278813,0.247834,0.0619584,0,0.0309792,0,0,0,0,0
84782,84798,84790,6.9,169.825,-45.0801,424.229,-21.018,322.131,7.66933,0.893179,33.1096,0.111208,0.000120091,3.5808,2.16451,1.17579,0.427558,0.160334,0.133612,0.0267224,0,0,0,0,0,0,0,0
84799,84815,84807,7,169.83,-45.0809,418.229,-21.7065,322.559,10.4573,1.61089,90.9671,0.169411,0.000433002,4.83917,2.52581,1.15668,0.873411,0.49572,0.259663,0.236057,0.0472114,0,0,0.0236057,0,0,0,0
84816,84833,84824,7.1,169.835,-45.0815,412.369,-22.47,322.876,8.70029,1.42232,105.665,0.222872,0.000430677,4.66184,1.95147,0.786008,0.352348,0.542074,0.162622,0.135519,0.0271037,0.0271037,0,0.0271037,0.0271037,0,0,0
84834,84846,84840,7.2,169.84,-45.0819,406.994,-23.0936,323.282,13.6685,1.9292,110.482,0.171804,0.00046996,6.87097,3.34363,1.6167,0.69812,0.69812,0.220459,0.110229,0.0367431,0.0367431,0,0.0367431,0,0,0,0
84847,84863,84855,7.3,169.843,-45.0825,401.226,-23.6841,323.844,14.194,2.15782,108.967,0.151495,0.000617026,6.53638,3.3159,1.86072,0.906506,0.739518,0.357831,0.357831,0.0954216,0,0.0238554,0,0,0,0,0
84864,84877,84870,7.4,169.847,-45.0832,396.068,-24.4583,324.032,13.1095,1.92414,89.6391,0.139759,0.000483787,5.50191,3.60002,1.73208,0.98491,0.543399,0.373587,0.305662,0.0679249,0,0,0,0,0,0,0
84879,84895,84887,7.5,169.851,-45.0837,389.741,-25.2481,324.49,12.5707,1.54484,62.2294,0.120846,0.000262188,6.09488,3.07284,1.87926,0.812651,0.457116,0.152372,0.0761861,0,0.0253954,0,0,0,0,0,0
84896,84912,84904,7.6,169.855,-45.0842,384.724,-25.4962,325.364,10.4556,1.61234,112.527,0.209373,0.000397146,4.84527,2.72865,1.40258,0.637536,0.459026,0.204012,0.0765043,0.0510029,0,0,0,0.0255014,0.0255014,0,0
84913,84926,84920,7.7,169.859,-45.0847,379.825,-25.98,325.922,13.7679,1.50719,63.8682,0.127127,0.000266575,8.56344,2.98982,1.14425,0.590582,0.332202,0,0.110734,0,0,0.0369114,0,0,0,0,0
84927,84940,84934,7.8,169.862,-45.0851,374.403,-26.635,326.401,10.0394,1.18895,47.6384,0.120203,0.000212176,5.70265,2.32204,0.887838,0.478066,0.341476,0.170738,0.13659,0,0,0,0,0,0,0,0
84942,84957,84950,7.9,169.866,-45.0855,369.348,-27.4367,326.603,12.5881,1.38607,52.3254,0.113253,0.000209609,7.0911,3.29819,1.15437,0.549698,0.274849,0.0824547,0.10994,0.0274849,0,0,0,0,0,0,0
84958,84974,84966,8,169.87,-45.0859,364.387,-28.2994,326.713,8.568,1.02609,51.236,0.1498,0.0002432,5.16993,1.84467,0.87379,0.291263,0.24272,0.024272,0.0728159,0,0,0.0485439,0,0,0,0,0
84975,84989,84982,8.1,169.873,-45.0864,359.729,-29.0277,326.938,7.05541,0.960461,74.3068,0.232097,0.000270758,4.41757,1.71618,0.444935,0.222468,0.127124,0,0,0.0317811,0.0635622,0,0,0,0.0317811,0,0
