data/B2SAP/Locations/Lauder/NOAA-POPS-B2SAP_GMLBalloon_20221230_R0.ict
61,1001
Thornberry, T. D.
NOAA Chemical Sciences Laboratory
Portable Optical Particle Spectrometer (POPS)
Balloon Baseline Stratospheric Aerosol Profiles (B2SAP)
1,1
2022,12,30,2024,05,28
0
TIME_START,s,Seconds since midnight UTC on flight start day,Start time of 100 m altitude bin in UTC_seconds_since_midnight
28
1.0,1.0,1.0,1.0,1.0,1.0,1.0,1.0,1.0,1.0,1.0,1.0,1.0,1.0,1.0,1.0,1.0,1.0,1.0,1.0,1.0,1.0,1.0,1.0,1.0,1.0,1.0,1.0
99999,99999,99999,99999,99999,99999,99999,99999,99999,99999,99999,99999,99999,99999,99999,99999,99999,99999,99999,99999,99999,99999,99999,99999,99999,99999,99999,99999
TIME_STOP,s,End time of 100 m altitude bin in UTC seconds since midnight,
TIME_MID,s,Mid time of 100 m altitude in UTC seconds since midnight,
GPSAlt,m,GPS reported altitude above sea level (m),
GPS_Lon,deg,GPS reported longitude,
GPS_Lat,deg,GPS reported latitude,
iMet_Pressure,mb,Pressure reported (mB),
iMet_Temperature,degrees C,Ambient temperature (oC),
THETA,K,Potential temperature from iMet,
Aerosol_concentration,cm^-3,Aerosol concentration,
Surface_Area_Conc,um^2 cm^-3,Surface area concentration,
Volume_density,um^3 cm^-3,Volume density,
Effective_radius,um,Effective radius,
Extinction,km^-1,Extinction,
Bin01,cm^-3,particle concentration in size range [140 - 170 nm],
Bin02,cm^-3,particle concentration in size range [170 - 205 nm],
Bin03,cm^-3,particle concentration in size range [205 - 249 nm],
Bin04,cm^-3,particle concentration in size range [249 - 302 nm],
Bin05,cm^-3,particle concentration in size range [302 - 366 nm],
Bin06,cm^-3,particle concentration in size range [366 - 443 nm],
Bin07,cm^-3,particle concentration in size range [443 - 537 nm],
Bin08,cm^-3,particle concentration in size range [537 - 651 nm],
Bin09,cm^-3,particle concentration in size range [651 - 789 nm],
Bin10,cm^-3,particle concentration in size range [789 - 956 nm],
Bin11,cm^-3,particle concentration in size range [956 - 1159 nm],
Bin12,cm^-3,particle concentration in size range [1159 - 1404 nm],
Bin13,cm^-3,particle concentration in size range [1404 - 1702 nm],
Bin14,cm^-3,particle concentration in size range [1702 - 2062 nm],
Bin15,cm^-3,particle concentration in size range [2062 - 2500 nm],
0
19
PI_CONTACT_INFO: 325 Broadway R/CSL6, Boulder, CO 80305; troy.thornberry@noaa.gov; 303-497-3373 
PLATFORM: GML ECC/FPH balloon
LOCATION: Lauder, NZ
ASSOCIATED_DATA: N/A
INSTRUMENT_INFO: Printed Optical Particle Spectrometer counts particles from 140 - 2500 nm in diameter 
DATA_INFO: Particle concentrations reported in number per cubic centimeter, binned to 100 m altitude
UNCERTAINTY: Counting uncertainty dominated by air flow, less than 5 percent
ULOD_FLAG: -77777
ULOD_VALUE: 3000 ~3000 per cm3 (varies depending on flow rate- manufacturer quotes 1250  per cm3 at 1.667 cc/s)
LLOD_FLAG: -88888
LLOD_VALUE: 0 0 (varies depending on data field and measurement precision)
DM_CONTACT_INFO: Troy Thornberry, 325 Broadway R/CSL6, Boulder, CO 80305; troy.thornberry@noaa.gov; 303-497-3373
PROJECT_INFO: B2SAP Lauder, NZ
STIPULATIONS_ON_USE: Please contact the PIs for questions regarding applications and uncertainties
OTHER_COMMENTS: POPS bin Edges (nm):  140, 170, 205, 249, 302, 366, 443, 537, 651, 789, 956, 1159, 1404, 1702, 2062, 2500
Calculations assume sulfate refractive index of 1.45+0.00j and extinction wavelength = 532 nm
REVISION: R0
R0: QA/QC data
TIME_START,TIME_STOP,TIME_MID,GPSAlt,GPS_Lon,GPS_Lat,iMet_Pressure,iMet_Temperature,THETA,Aerosol_concentration,Surface_Area_Conc,Volume_density,Effective_radius,Extinction,Bin01,Bin02,Bin03,Bin04,Bin05,Bin06,Bin07,Bin08,Bin09,Bin10,Bin11,Bin12,Bin13,Bin14,Bin15
[from data line 79]
80135,80154,80144,8.3,169.732,-45.0353,355.573,-31.344,324.919,4.94373,0.610687,25.2633,0.124106,0.000114887,2.57074,1.10175,0.706247,0.310749,0.0847496,0.113,0.0282499,0.0282499,0,0,0,0,0,0,0
80155,80172,80164,8.4,169.732,-45.0354,350.751,-32.0419,325.244,5.39518,0.903978,53.7561,0.178398,0.00032003,2.40667,1.16367,0.872749,0.238022,0.449598,0.105788,0.0528939,0.0264469,0.0528939,0.0264469,0,0,0,0,0
80173,80189,80181,8.5,169.732,-45.0355,345.933,-32.7062,325.632,5.04967,0.795371,37.8222,0.142659,0.000206929,2.15276,1.00993,0.797317,0.318927,0.504967,0.132886,0.106309,0.0265772,0,0,0,0,0,0,0
80192,80208,80200,8.6,169.732,-45.0356,340.993,-33.55,325.833,6.14433,0.964532,53.161,0.165348,0.000305026,2.63328,1.72721,0.764502,0.424723,0.198204,0.198204,0.113259,0.0566297,0,0.0283149,0,0,0,0,0
80209,80227,80218,8.7,169.732,-45.0359,336.308,-34.3269,326.06,7.07548,1.01281,49.5242,0.146694,0.000279115,3.79139,1.2549,0.934497,0.373799,0.373799,0.1602,0.1068,0.0533999,0.0266999,0,0,0,0,0,0
80228,80244,80236,8.8,169.732,-45.0364,331.281,-35.1573,326.323,5.802,0.843382,39.2181,0.139503,0.000212828,2.81567,1.19453,0.767911,0.312853,0.455059,0.0853235,0.142206,0.0284412,0,0,0,0,0,0,0
80245,80261,80253,8.9,169.732,-45.0372,326.652,-35.8779,326.643,4.58479,0.671288,43.4412,0.19414,0.000239097,2.46163,1.16928,0.523097,0.0923113,0.215393,0,0.0615408,0,0,0.0615408,0,0,0,0,0
80262,80279,80270,9,169.732,-45.0378,321.906,-36.7719,326.786,5.82441,0.72244,28.7983,0.119588,0.000122943,2.85828,1.40217,0.889841,0.242684,0.269649,0.107859,0.0539297,0,0,0,0,0,0,0,0
80280,80297,80288,9.1,169.733,-45.0383,317.172,-37.6182,326.994,5.24218,0.680704,30.3308,0.133674,0.000155837,2.84792,1.10892,0.604867,0.327636,0.126014,0.126014,0.0504056,0.0504056,0,0,0,0,0,0,0
80298,80315,80306,9.2,169.733,-45.0389,312.643,-38.53,327.066,3.68383,0.438682,18.013,0.123185,8.47672e-05,2.24822,0.731349,0.325044,0.081261,0.162522,0.081261,0.054174,0,0,0,0,0,0,0,0
80316,80332,80324,9.3,169.734,-45.0393,308.163,-39.2681,327.381,3.85849,0.422224,15.3404,0.108998,5.49761e-05,2.52704,0.489105,0.43476,0.163035,0.190207,0.054345,0,0,0,0,0,0,0,0,0
80333,80347,80340,9.4,169.735,-45.0396,303.695,-40.1031,327.586,4.45367,0.66317,36.9302,0.167062,0.000236298,2.51147,0.937615,0.368349,0.301376,0.100459,0.0334863,0.0669725,0.100459,0.0334863,0,0,0,0,0,0
80348,80365,80356,9.5,169.735,-45.0396,299.325,-41.018,327.651,3.76519,0.482346,21.7128,0.135045,0.000115779,2.14326,0.897854,0.28963,0.115852,0.144815,0.0868891,0.0579261,0.028963,0,0,0,0,0,0,0
80367,80379,80373,9.6,169.736,-45.0401,295.048,-41.8227,327.857,3.54417,0.52158,25.4386,0.146317,0.000146886,1.89022,0.630074,0.433176,0.157519,0.236278,0.0787593,0.0787593,0.0393796,0,0,0,0,0,0,0
80380,80393,80386,9.7,169.736,-45.0403,290.693,-42.7115,327.985,3.69331,0.523054,24.9787,0.143267,0.000144652,2.0669,0.677672,0.37272,0.237185,0.101651,0.0677672,0.169418,0,0,0,0,0,0,0,0
80395,80409,80402,9.8,169.736,-45.0405,286.317,-43.5636,328.201,3.44907,0.347322,13.0802,0.112981,5.41911e-05,2.4457,0.533038,0.313552,0.0313552,0.0940655,0,0,0.0313552,0,0,0,0,0,0,0
80411,80423,80417,9.9,169.736,-45.0408,282.361,-44.411,328.289,2.88687,0.304114,11.2502,0.11098,4.46727e-05,1.96832,0.306184,0.437405,0.0874811,0.0437405,0,0.0437405,0,0,0,0,0,0,0,0
80424,80439,80432,10,169.737,-45.0409,277.997,-45.2671,328.516,4.51622,0.716529,51.4242,0.215306,0.000173434,1.98966,1.10537,0.631639,0.505311,0.15791,0.0631639,0.0315819,0,0,0,0.0315819,0,0,0,0
80440,80455,80448,10.1,169.737,-45.0415,273.711,-45.9908,328.928,4.35374,0.575869,27.5693,0.143623,0.000148401,2.34694,0.884353,0.612244,0.272108,0.0680271,0.0680271,0.0680271,0,0.0340136,0,0,0,0,0,0
80457,80468,80462,10.2,169.737,-45.0422,269.846,-46.8309,329.054,5.36673,0.840339,43.2522,0.15441,0.00025345,2.58248,1.12984,0.645621,0.242108,0.443865,0.161405,0.121054,0,0.0403513,0,0,0,0,0,0
80470,80484,80477,10.3,169.737,-45.0427,265.315,-47.6969,329.381,5.66963,0.9375,67.3761,0.215603,0.000251032,3.03974,0.888014,0.54647,0.54647,0.444007,0.102463,0.0341544,0.0341544,0,0,0,0.0341544,0,0,0
80485,80500,80492,10.4,169.738,-45.0429,261.435,-48.2633,329.935,6.73275,1.31343,150.947,0.344777,0.000531235,3.3812,1.42366,0.91945,0.385576,0.266937,0.088979,0.088979,0.118639,0.0296597,0,0,0,0,0.0296597,0
80502,80515,80508,10.5,169.738,-45.0432,257.733,-49.0318,330.151,5.82867,0.921181,47.7726,0.15558,0.000279948,2.28256,1.67116,0.937478,0.285319,0.24456,0.24456,0.0815199,0.0407599,0.0407599,0,0,0,0,0,0
80517,80525,80521,10.6,169.739,-45.0437,254.028,-49.6822,330.564,6.01894,1.30696,117.387,0.269451,0.000592092,2.61478,1.62807,0.690698,0.44402,0.0986711,0.197342,0.0986711,0.0986711,0.0493355,0.0493355,0.0493355,0,0,0,0
80529,80539,80534,10.7,169.739,-45.044,249.815,-50.56,330.838,5.42292,0.677895,28.0707,0.124226,0.000126021,2.81339,1.14167,0.774702,0.366964,0.163095,0.122321,0,0.0407738,0,0,0,0,0,0,0
80541,80553,80547,10.8,169.739,-45.0445,246.383,-51.1667,331.24,5.40392,0.81263,43.4199,0.160294,0.000276902,3.26487,0.863125,0.487853,0.150109,0.26269,0.150109,0.0750544,0.150109,0,0,0,0,0,0,0
80554,80571,80562,10.9,169.74,-45.0451,242.155,-51.96,331.698,5.52473,1.31988,142.866,0.324724,0.000543957,2.68689,1.14721,0.694365,0.241518,0.332087,0.150949,0.0905693,0,0.0905693,0,0.0301898,0.0301898,0.0301898,0,0
80572,80587,80580,11,169.74,-45.046,238.581,-52.5944,332.156,5.92958,0.913385,63.9546,0.210058,0.000258948,3.17963,1.31769,0.544261,0.372389,0.343744,0.0286453,0.0572907,0.0286453,0.0286453,0,0,0.0286453,0,0,0
80588,80600,80594,11.1,169.741,-45.0465,234.949,-53.3658,332.444,8.31716,1.58025,114.798,0.217937,0.000577631,3.5645,2.03138,0.91987,0.613247,0.574919,0.229968,0.229968,0.0766559,0,0.0383279,0.0383279,0,0,0,0
80601,80615,80608,11.2,169.741,-45.0468,231.411,-54.0158,332.897,9.54458,1.2333,64.2419,0.156268,0.000341633,5.64342,1.89377,1.13626,0.227252,0.416628,0.0378753,0.0757506,0.0378753,0.0378753,0.0378753,0,0,0,0,0
80618,80634,80626,11.3,169.742,-45.0471,227.355,-54.9953,333.095,13.3918,2.12598,201.204,0.283921,0.000622051,7.29077,2.89801,1.52527,0.518591,0.732128,0.244043,0.091516,0,0.0305053,0,0,0.0305053,0,0.0305053,0
80635,80649,80642,11.4,169.742,-45.0475,224.144,-55.8792,333.096,11.9226,1.70342,110.261,0.194188,0.000412513,6.55173,2.51404,1.3332,0.457097,0.723737,0.152366,0.114274,0,0.0380914,0,0,0,0.0380914,0,0
80650,80662,80656,11.5,169.742,-45.0482,220.654,-56.6136,333.459,14.2,1.87847,82.6946,0.132067,0.000423333,7.45394,2.99823,1.79061,0.707916,0.749559,0.124926,0.333137,0.0416421,0,0,0,0,0,0,0
80663,80676,80670,11.6,169.743,-45.0488,217.175,-57.3192,333.881,12.325,1.39008,52.71,0.113756,0.0002122,6.98177,2.95657,1.31799,0.320592,0.498698,0.142485,0.106864,0,0,0,0,0,0,0,0
80677,80693,80685,11.7,169.743,-45.0498,213.437,-58.0269,334.447,13.7592,2.01255,140.529,0.20948,0.00053737,7.93385,2.60888,1.60821,0.7505,0.357381,0.250167,0.0714761,0.0714761,0.0357381,0,0.0357381,0.0357381,0,0,0
80694,80710,80702,11.8,169.744,-45.0503,210.182,-58.736,334.812,14.0418,1.88732,96.1239,0.152794,0.00050269,7.49923,3.51816,1.20358,0.709803,0.678942,0.0925831,0.246888,0.030861,0,0.061722,0,0,0,0,0
80711,80726,80718,11.9,169.744,-45.0514,206.936,-59.5953,334.953,16.2481,2.01561,84.101,0.125174,0.000383975,8.74661,3.48619,1.92986,0.809295,0.964928,0.124507,0.124507,0.0311267,0.0311267,0,0,0,0,0,0
80727,80744,80736,12,169.744,-45.052,203.458,-60.0256,335.897,4.34934,0.726869,48.6621,0.200843,0.000288124,2.01412,1.05085,0.729754,0.204331,0.145951,0,0.116761,0.0291902,0,0.0583803,0,0,0,0,0
80745,80759,80752,12.1,169.744,-45.053,200.338,-60.605,336.477,5.5993,1.13777,104.833,0.276417,0.000418143,2.76632,1.13319,0.666584,0.39995,0.333292,0.0333292,0.0666584,0.133317,0,0,0.0333292,0.0333292,0,0,0
80760,80771,80766,12.2,169.744,-45.0537,197.153,-60.8955,337.556,9.28949,1.09309,44.3825,0.121808,0.000202509,5.65275,1.4626,1.22542,0.355768,0.434827,0,0.118589,0.0395297,0,0,0,0,0,0,0
80772,80783,80778,12.3,169.743,-45.0545,194.141,-60.815,339.169,9.23594,1.35203,94.4178,0.209502,0.000385862,5.56824,1.93388,0.73354,0.166714,0.400113,0.200056,0.133371,0.0333427,0.0333427,0,0,0,0.0333427,0,0
80784,80799,80792,12.4,169.744,-45.0558,190.826,-60.835,340.81,8.7508,1.09853,47.7856,0.130499,0.000244317,5.14251,1.81835,0.738704,0.312529,0.397764,0.142058,0.17047,0.0284117,0,0,0,0,0,0,0
80800,80814,80807,12.5,169.744,-45.0574,187.837,-61.2343,341.713,9.11825,1.56108,107.63,0.206839,0.000570219,4.57351,2.07102,1.00675,0.373935,0.575284,0.115057,0.230114,0.0575284,0.0575284,0.0287642,0.0287642,0,0,0,0
80815,80832,80824,12.6,169.746,-45.0592,184.756,-61.7081,342.56,9.55044,1.55438,88.8452,0.171474,0.00055746,5.22761,1.68389,0.955044,0.477522,0.427256,0.376991,0.201062,0.150796,0.0251327,0.0251327,0,0,0,0,0
80833,80849,80841,12.7,169.747,-45.061,181.506,-61.4013,344.797,10.279,2.19443,180.655,0.246973,0.000898872,5.04606,2.0825,0.907757,0.587372,0.42718,0.453878,0.560673,0.0800962,0.0533975,0,0.0266987,0.0533975,0,0,0
80850,80868,80859,12.8,169.747,-45.062,178.699,-60.1083,348.456,10.4556,2.06354,146.803,0.213423,0.000880261,4.88519,2.27681,1.25998,0.464204,0.464204,0.353679,0.486309,0.154735,0.0221049,0.0663148,0,0.0221049,0,0,0
80869,80882,80876,12.9,169.748,-45.0632,176.082,-59.1246,351.546,10.9959,2.07733,140.354,0.202694,0.000929438,5.66456,2.30217,0.908752,0.363501,0.787585,0.272626,0.333209,0.212042,0.0605835,0.0908752,0,0,0,0,0
80883,80898,80890,13,169.749,-45.0641,173.285,-59.5177,352.504,9.52572,1.77248,125.649,0.212666,0.00069496,4.67243,2.17042,0.90434,0.482315,0.422026,0.301447,0.361736,0.120579,0.0301447,0.0301447,0,0.0301447,0,0,0
80899,80913,80906,13.1,169.751,-45.0648,170.364,-59.7429,353.843,9.75883,1.90042,150.086,0.236926,0.000712942,4.44098,2.34778,1.2446,0.311151,0.622302,0.198005,0.396011,0.0848594,0.0565729,0,0,0.0282865,0.0282865,0,0
80914,80928,80921,13.2,169.752,-45.0656,167.721,-59.1993,356.344,9.68073,1.65649,110.805,0.200675,0.000612788,5.20621,2.27947,0.6754,0.281417,0.393983,0.281417,0.365842,0.140708,0.0281417,0,0,0.0281417,0,0,0
80930,80945,80938,13.3,169.753,-45.0664,164.796,-59.04,358.401,10.7334,1.50725,76.571,0.152405,0.00046565,6.24583,2.09944,1.12845,0.288673,0.341159,0.183701,0.288673,0.131215,0.026243,0,0,0,0,0,0
80946,80960,80953,13.4,169.753,-45.0671,162.225,-59.1107,359.892,11.9415,1.6128,84.8216,0.157778,0.000492735,7.33992,2.17374,1.15745,0.395226,0.310535,0.197613,0.169383,0.141152,0.0282304,0.0282304,0,0,0,0,0
80961,80975,80968,13.5,169.754,-45.0681,159.836,-59.15,361.356,9.7106,1.65012,117.315,0.213285,0.000623594,5.22227,2.37119,0.73394,0.338742,0.310513,0.225828,0.338742,0.0846854,0,0.056457,0,0.0282285,0,0,0
80977,80991,80984,13.6,169.754,-45.0693,157.097,-59.5583,362.457,9.22523,1.69517,109.869,0.19444,0.000739809,4.79447,1.68633,0.99196,0.562111,0.330653,0.330653,0.165327,0.231457,0.099196,0.0330653,0,0,0,0,0
80993,81005,80999,13.7,169.755,-45.0703,154.602,-59.4392,364.317,7.80774,2.3118,212.557,0.275832,0.00124762,2.88689,1.44345,0.918557,0.656112,0.688918,0.262445,0.459279,0.196834,0.164028,0.0656112,0.0328056,0.0328056,0,0,0
81006,81017,81012,13.8,169.755,-45.0709,152.345,-59.4591,365.812,8.73445,2.27171,157.149,0.20753,0.00114422,2.70946,1.96079,1.21213,0.463461,0.677365,0.606064,0.748667,0.249556,0.0713016,0.0356508,0,0,0,0,0
81019,81033,81026,13.9,169.756,-45.0716,149.904,-60.0538,366.493,9.0823,2.38025,171.913,0.216675,0.00120839,2.62989,2.01829,1.43727,0.581022,0.917404,0.489282,0.581022,0.275221,0.0611602,0.0917404,0,0,0,0,0
81035,81049,81042,14,169.757,-45.0724,147.15,-60.1423,368.282,9.13937,2.40882,167.476,0.208578,0.00124663,3.17022,1.57083,1.19954,0.656893,0.885377,0.51409,0.628332,0.342727,0.171363,0,0,0,0,0,0
81050,81065,81058,14.1,169.758,-45.0729,145.081,-59.594,370.724,8.59029,2.29814,197.89,0.258326,0.00115648,2.99394,2.00363,1.10545,0.391515,0.87515,0.299394,0.552727,0.161212,0.0690908,0.0921211,0.0230303,0,0.0230303,0,0
81067,81081,81074,14.2,169.759,-45.0733,142.563,-58.9046,373.789,8.28827,1.72511,122.11,0.212352,0.000730458,3.88185,1.54749,0.786861,0.498345,0.655718,0.262287,0.419659,0.183601,0,0.0262287,0.0262287,0,0,0,0
81082,81096,81089,14.3,169.76,-45.0737,140.416,-58.945,375.344,8.8575,2.15755,201.06,0.279568,0.000953979,4.08619,1.78618,0.758515,0.611706,0.587238,0.269151,0.513833,0.0734047,0.0244682,0.0489365,0.0244682,0.0734047,0,0,0
81098,81111,81104,14.4,169.76,-45.0741,138.224,-59.2064,376.57,8.51287,1.76144,107.966,0.183881,0.00076613,3.44864,1.83306,1.14955,0.528171,0.372826,0.310689,0.652446,0.186413,0.0310689,0,0,0,0,0,0
81112,81126,81119,14.5,169.761,-45.0748,136.003,-58.98,378.717,7.15896,1.90076,174.837,0.275948,0.000914775,2.75534,1.45147,0.959448,0.590429,0.492025,0.19681,0.369018,0.147607,0.0984049,0.0246012,0.0246012,0.0492025,0,0,0
81127,81140,81134,14.6,169.762,-45.0753,133.989,-59.081,380.163,7.60126,1.94282,187.741,0.289899,0.000843761,3.09553,1.75414,0.722291,0.722291,0.309553,0.378343,0.378343,0.103184,0,0.0343948,0.0343948,0.0687896,0,0,0
81141,81156,81148,14.7,169.764,-45.0757,131.807,-59.1507,381.821,7.26513,1.9341,168.085,0.260717,0.000966961,2.89123,1.43326,0.864896,0.420093,0.543649,0.296536,0.420093,0.247113,0.074134,0.0247113,0.0247113,0,0.0247113,0,0
81157,81171,81164,14.8,169.765,-45.0761,129.456,-59.4567,383.235,7.13783,1.75352,162.423,0.27788,0.000711709,3.0054,1.32931,0.693555,0.60686,0.751351,0.317879,0.202287,0.115592,0.0288981,0,0.0577962,0,0.0288981,0,0
81174,81187,81180,14.9,169.766,-45.0764,127.428,-59.2883,385.283,7.15158,1.91337,176.392,0.276567,0.000996658,3.13765,1.30029,0.791479,0.565342,0.339205,0.254404,0.424007,0.113068,0.0848013,0.0848013,0.0282671,0.0282671,0,0,0
81189,81203,81196,15,169.768,-45.0767,125.272,-59.4425,386.881,6.67577,1.61964,106.607,0.197464,0.0007724,2.29612,1.36067,0.807896,0.552771,0.51025,0.425208,0.467729,0.170083,0.0850416,0,0,0,0,0,0
81205,81219,81212,15.1,169.769,-45.077,123.409,-59.5471,388.345,6.70772,2.35833,227.372,0.289237,0.00123893,1.81157,1.02819,1.12611,0.416172,0.905787,0.440653,0.538576,0.220327,0.0979229,0.0244807,0.0489614,0.0489614,0,0,0
81220,81232,81226,15.2,169.77,-45.0773,121.533,-59.0708,390.93,7.50233,2.37295,225.594,0.285207,0.00124413,2.24501,1.61982,1.05146,0.568358,0.625194,0.369433,0.596776,0.170507,0.142089,0.0284179,0.0568358,0,0.0284179,0,0
81233,81250,81242,15.3,169.772,-45.0777,119.508,-58.38,394.073,7.36138,2.87782,308.908,0.322023,0.00169802,2.41911,1.19655,0.780358,0.494227,0.884406,0.442203,0.546251,0.13006,0.208095,0.13006,0.104048,0.0260119,0,0,0
81251,81265,81258,15.4,169.773,-45.078,117.57,-58.1323,396.368,6.51721,1.99646,195.605,0.293928,0.00106394,2.63855,1.16096,0.686022,0.474938,0.395782,0.369396,0.343011,0.237469,0.0791564,0.0527709,0.0263855,0.0527709,0,0,0
81266,81281,81274,15.5,169.774,-45.0785,115.741,-58.3608,397.736,6.63795,3.0707,389.34,0.380376,0.00175282,2.28262,1.33808,0.550976,0.34108,0.550976,0.288607,0.498502,0.393554,0.0787109,0.0787109,0.026237,0.183659,0.026237,0,0
81284,81298,81291,15.6,169.776,-45.0789,113.624,-58.3417,399.868,6.56648,2.1428,193.043,0.270266,0.00119167,2.11269,1.28475,0.799397,0.342599,0.570998,0.428248,0.542448,0.285499,0.1142,0.0285499,0.0285499,0.0285499,0,0,0
81300,81315,81308,15.7,169.777,-45.079,111.975,-58.2777,401.658,7.13697,3.40684,406.672,0.358108,0.00206733,2.27556,0.956768,0.646465,0.568889,0.905051,0.387879,0.491313,0.387879,0.155152,0.155152,0.0775758,0.129293,0,0,0
81316,81329,81322,15.8,169.779,-45.079,110.04,-58.359,403.52,6.44189,2.28657,247.155,0.324269,0.00129251,2.19227,1.31536,0.910634,0.404726,0.303545,0.303545,0.573362,0.134909,0.101182,0.101182,0.0337272,0.0337272,0.0337272,0,0
