data/B2SAP/Locations/Lauder/NOAA-POPS-B2SAP_GMLBalloon_20200723_R0.ict
61,1001
Thornberry, T. D.
NOAA Chemical Sciences Laboratory
Portable Optical Particle Spectrometer (POPS)
Balloon Baseline Stratospheric Aerosol Profiles (B2SAP)
1,1
2020,07,23,2024,05,28
0
TIME_START,s,Seconds since midnight UTC on flight start day,Start time of 100 m altitude bin in UTC_seconds_since_midnight
28
1.0,1.0,1.0,1.0,1.0,1.0,1.0,1.0,1.0,1.0,1.0,1.0,1.0,1.0,1.0,1.0,1.0,1.0,1.0,1.0,1.0,1.0,1.0,1.0,1.0,1.0,1.0,1.0
99999,99999,99999,99999,99999,99999,99999,99999,99999,99999,99999,99999,99999,99999,99999,99999,99999,99999,99999,99999,99999,99999,99999,99999,99999,99999,99999,99999
TIME_STOP,s,End time of 100 m altitude bin in UTC seconds since midnight,
TIME_MID,s,Mid time of 100 m altitude in UTC seconds since midnight,
GPSAlt,m,GPS reported altitude above sea level (m),
GPS_Lon,deg,GPS reported longitude,
GPS_Lat,deg,GPS reported latitude,
iMet_Pressure,mb,Pressure reported (mB),
iMet_Temperature,degrees C,Ambient temperature (oC),
THETA,K,Potential temperature from iMet,
Aerosol_concentration,cm^-3,Aerosol concentration,
Surface_Area_Conc,um^2 cm^-3,Surface area concentration,
Volume_density,um^3 cm^-3,Volume density,
Effective_radius,um,Effective radius,
Extinction,km^-1,Extinction,
Bin01,cm^-3,particle concentration in size range [140 - 170 nm],
Bin02,cm^-3,particle concentration in size range [170 - 205 nm],
Bin03,cm^-3,particle concentration in size range [205 - 249 nm],
Bin04,cm^-3,particle concentration in size range [249 - 302 nm],
Bin05,cm^-3,particle concentration in size range [302 - 366 nm],
Bin06,cm^-3,particle concentration in size range [366 - 443 nm],
Bin07,cm^-3,particle concentration in size range [443 - 537 nm],
Bin08,cm^-3,particle concentration in size range [537 - 651 nm],
Bin09,cm^-3,particle concentration in size range [651 - 789 nm],
Bin10,cm^-3,particle concentration in size range [789 - 956 nm],
Bin11,cm^-3,particle concentration in size range [956 - 1159 nm],
Bin12,cm^-3,particle concentration in size range [1159 - 1404 nm],
Bin13,cm^-3,particle concentration in size range [1404 - 1702 nm],
Bin14,cm^-3,particle concentration in size range [1702 - 2062 nm],
Bin15,cm^-3,particle concentration in size range [2062 - 2500 nm],
0
19
PI_CONTACT_INFO: 325 Broadway R/CSL6, Boulder, CO 80305; troy.thornberry@noaa.gov; 303-497-3373 
PLATFORM: GML ECC/FPH balloon
LOCATION: Lauder, NZ
ASSOCIATED_DATA: N/A
INSTRUMENT_INFO: Printed Optical Particle Spectrometer counts particles from 140 - 2500 nm in diameter 
DATA_INFO: Particle concentrations reported in number per cubic centimeter, binned to 100 m altitude
UNCERTAINTY: Counting uncertainty dominated by air flow, less than 5 percent
ULOD_FLAG: -77777
ULOD_VALUE: 3000 ~3000 per cm3 (varies depending on flow rate- manufacturer quotes 1250  per cm3 at 1.667 cc/s)
LLOD_FLAG: -88888
LLOD_VALUE: 0 0 (varies depending on data field and measurement precision)
DM_CONTACT_INFO: Troy Thornberry, 325 Broadway R/CSL6, Boulder, CO 80305; troy.thornberry@noaa.gov; 303-497-3373
PROJECT_INFO: B2SAP Lauder, NZ
STIPULATIONS_ON_USE: Please contact the PIs for questions regarding applications and uncertainties
OTHER_COMMENTS: POPS bin Edges (nm):  140, 170, 205, 249, 302, 366, 443, 537, 651, 789, 956, 1159, 1404, 1702, 2062, 2500
Calculations assume sulfate refractive index of 1.45+0.00j and extinction wavelength = 532 nm
REVISION: R0
R0: QA/QC data
TIME_START,TIME_STOP,TIME_MID,GPSAlt,GPS_Lon,GPS_Lat,iMet_Pressure,iMet_Temperature,THETA,Aerosol_concentration,Surface_Area_Conc,Volume_density,Effective_radius,Extinction,Bin01,Bin02,Bin03,Bin04,Bin05,Bin06,Bin07,Bin08,Bin09,Bin10,Bin11,Bin12,Bin13,Bin14,Bin15
[from data line 230]
84681,84697,84689,23.5,170.839,-44.6698,29.3233,-63.5753,574.493,3.69989,1.60043,134.148,0.25146,0.000932156,0.408076,0.435281,0.462486,0.489691,0.544101,0.380871,0.680126,0.21764,0.0544101,0,0.027205,0,0,0,0
84698,84715,84706,23.6,170.844,-44.6687,28.9794,-63.5222,576.578,3.29871,1.74502,162.629,0.279589,0.00110072,0.278764,0.278764,0.371685,0.511067,0.325225,0.441376,0.534297,0.487837,0.0232303,0,0.0464606,0,0,0,0
84716,84733,84724,23.7,170.85,-44.6673,28.2806,-63.5288,580.59,3.00411,1.46276,122.483,0.251202,0.000991248,0.418606,0.369358,0.221615,0.344734,0.320111,0.270863,0.590973,0.369358,0.0738717,0.0246239,0,0,0,0,0
84734,84753,84744,23.8,170.856,-44.6657,27.8665,-63.526,583.051,3.19366,1.64767,134.782,0.245404,0.00109545,0.23112,0.294153,0.252131,0.44123,0.378197,0.44123,0.588306,0.525273,0.0210109,0.0210109,0,0,0,0,0
84754,84777,84766,23.9,170.864,-44.6638,27.5021,-63.7388,584.643,3.23241,1.57564,133.981,0.255097,0.00102377,0.267879,0.267879,0.428607,0.428607,0.39289,0.535759,0.571476,0.178586,0.0892931,0.0714345,0,0,0,0,0
84778,84807,84792,24,170.873,-44.6619,26.819,-63.6947,588.996,3.3621,1.64917,143.373,0.260811,0.0010432,0.257522,0.457817,0.300443,0.386284,0.40059,0.658113,0.472124,0.329056,0.0286136,0.0572272,0.0143068,0,0,0,0
84808,84842,84825,24.1,170.885,-44.6593,26.4343,-62.4837,594.839,3.02931,1.38909,109.134,0.235694,0.000882586,0.307856,0.320171,0.344799,0.357113,0.381742,0.394056,0.517199,0.344799,0.0615713,0,0,0,0,0,0
84843,84869,84856,24.2,170.895,-44.6569,26.1156,-60.8188,601.639,3.092,1.36832,114.732,0.251547,0.000880807,0.489129,0.366847,0.349378,0.349378,0.279502,0.47166,0.47166,0.174689,0.0873445,0.0524067,0,0,0,0,0
84870,84890,84880,24.3,170.903,-44.6549,25.4637,-60.0016,608.318,2.71124,1.37595,125.517,0.273668,0.000961766,0.440286,0.278076,0.254903,0.347594,0.185384,0.347594,0.463459,0.23173,0.0695189,0.0926919,0,0,0,0,0
84891,84908,84900,24.4,170.908,-44.6532,25.2828,-59.4522,611.129,3.17571,1.20616,89.1982,0.221857,0.000707371,0.566213,0.344651,0.541595,0.270797,0.320033,0.344651,0.516977,0.246179,0.0246179,0,0,0,0,0,0
84909,84924,84916,24.5,170.913,-44.652,24.7377,-59.3138,615.355,2.58076,0.939094,68.6602,0.21934,0.000532907,0.418501,0.383626,0.313876,0.383626,0.209251,0.348751,0.313876,0.174376,0.0348751,0,0,0,0,0,0
84925,84938,84932,24.6,170.916,-44.6512,24.3238,-59.4623,617.902,2.30272,0.9202,69.9589,0.228077,0.000561459,0.453567,0.279118,0.279118,0.139559,0.279118,0.244228,0.418677,0.174449,0.0348898,0,0,0,0,0,0
84940,84953,84946,24.7,170.92,-44.6504,23.9482,-60.0418,618.969,2.39792,0.961004,71.2359,0.22238,0.000574274,0.413434,0.372091,0.165374,0.12403,0.454777,0.165374,0.496121,0.206717,0,0,0,0,0,0,0
84956,84956,84956,24.8,170.922,-44.6498,23.71,-60.13,620.474,1.36534,0.945212,81.7939,0.259605,0.000707245,0,0,0,0.455113,0,0,0.455113,0.455113,0,0,0,0,0,0,0
78361,80232,79296,0.4,169.683,-45.0375,962.285,2.17855,278.37,39.3008,11.5935,957.418,0.247747,0.0055668,8.63347,7.8849,6.29338,5.09568,3.91424,3.12879,2.5972,1.10441,0.305936,0.13127,0.113912,0.0607532,0.0206127,0.00976391,0.00650928
86050,86051,86050,25,171.264,-44.6194,22.58,-62.3,622.775,2.54688,1.10111,82.3505,0.224367,0.000666251,0.231534,0,0.463068,0.694602,0.231534,0,0.694602,0.231534,0,0,0,0,0,0,0
86052,86058,86055,24.9,171.265,-44.6189,22.715,-62.5867,620.873,2.39578,1.06907,84.6814,0.23763,0.000702855,0.463699,0.309132,0.0772831,0.386416,0.154566,0.154566,0.463699,0.386416,0,0,0,0,0,0,0
86059,86064,86062,24.8,171.267,-44.6184,22.8633,-62.3983,620.282,2.47085,0.828906,52.7335,0.190855,0.000379729,0.154428,0.38607,0.231642,0.540498,0.38607,0.38607,0.38607,0,0,0,0,0,0,0,0
86065,86071,86068,24.7,171.269,-44.6177,23.538,-62.528,614.778,2.03971,0.998321,79.1337,0.2378,0.000633235,0.0927139,0.278142,0,0.463569,0.185428,0.370856,0.463569,0.0927139,0.0927139,0,0,0,0,0,0
86073,86079,86076,24.6,171.271,-44.617,23.9967,-62.4067,611.745,2.39373,1.28219,109.54,0.256297,0.000914624,0.308868,0.154434,0.231651,0.386085,0.154434,0.231651,0.308868,0.54052,0.0772171,0,0,0,0,0,0
86080,86086,86083,24.5,171.273,-44.6162,24.2157,-62.31,610.442,2.86987,1.06771,85.0571,0.238989,0.000610455,0.260898,0.521795,0.456571,0.456571,0.391346,0.260898,0.326122,0.130449,0,0.0652244,0,0,0,0,0
86088,86096,86092,24.4,171.275,-44.6152,24.9378,-62.3211,605.308,3.03663,1.15958,84.8075,0.21941,0.000670086,0.448028,0.497809,0.348466,0.248904,0.398247,0.398247,0.398247,0.298685,0,0,0,0,0,0,0
86097,86104,86100,24.3,171.278,-44.6144,25.3225,-61.9387,603.752,2.02107,0.688244,49.2204,0.214548,0.000367016,0.392986,0.112282,0.449127,0.224563,0.224563,0.336845,0.168423,0.0561409,0.0561409,0,0,0,0,0,0
86105,86113,86109,24.2,171.281,-44.6136,25.4822,-61.9522,602.619,2.83477,1.07909,81.2887,0.225993,0.000643702,0.646527,0.198931,0.34813,0.447596,0.198931,0.298397,0.447596,0.198931,0.0497328,0,0,0,0,0,0
86114,86122,86118,24.1,171.283,-44.6127,25.9,-61.7687,600.365,1.95519,0.78622,58.6425,0.223764,0.000450279,0.22345,0.335175,0.0558626,0.279313,0.279313,0.4469,0.167588,0.111725,0.0558626,0,0,0,0,0,0
86123,86132,86128,24,171.286,-44.612,26.4089,-61.5833,597.562,2.87722,1.1451,88.5187,0.231907,0.000712053,0.396858,0.496073,0.396858,0.297644,0.347251,0.148822,0.446466,0.297644,0.0496073,0,0,0,0,0,0
86133,86144,86138,23.9,171.29,-44.6108,26.8943,-61.5486,594.555,3.72782,1.47436,120.074,0.244325,0.000896114,0.758201,0.442284,0.315917,0.379101,0.695018,0.442284,0.315917,0.252734,0.0631835,0.0631835,0,0,0,0,0
86145,86155,86150,23.8,171.293,-44.6098,27.3473,-61.61,591.553,2.94103,1.58496,149.415,0.282813,0.00101699,0.198718,0.317949,0.238462,0.437179,0.437179,0.357692,0.516667,0.278205,0.119231,0,0.0397436,0,0,0,0
86156,86168,86162,23.7,171.297,-44.6088,28.0542,-61.3317,588.026,3.11822,1.2737,96.6829,0.227722,0.000767521,0.4351,0.471358,0.21755,0.398842,0.4351,0.326325,0.580133,0.181292,0.0725167,0,0,0,0,0,0
86169,86180,86174,23.6,171.301,-44.6079,28.3783,-60.9517,587.155,3.92411,1.86666,156.666,0.251785,0.00125023,0.654018,0.290675,0.399678,0.50868,0.363343,0.436012,0.763021,0.327009,0.145337,0.0363343,0,0,0,0,0
86181,86194,86188,23.5,171.304,-44.6064,28.6238,-60.6608,586.503,4.04975,2.1284,188.832,0.26616,0.00146152,0.401628,0.301221,0.502035,0.435097,0.502035,0.66938,0.635911,0.33469,0.167345,0.100407,0,0,0,0,0
86195,86209,86202,23.4,171.308,-44.605,29.4153,-60.3553,582.801,3.81303,2.05806,173.534,0.252958,0.00139541,0.315364,0.229355,0.315364,0.372702,0.602058,0.659397,0.716735,0.401372,0.172016,0.0286694,0,0,0,0,0
86210,86222,86216,23.3,171.312,-44.6037,29.8792,-60.3069,580.314,3.20636,1.45398,114.852,0.236974,0.00092192,0.396663,0.264442,0.462773,0.330552,0.297497,0.561939,0.495829,0.297497,0.0991657,0,0,0,0,0,0
86223,86236,86230,23.2,171.316,-44.6027,30.4264,-60.5007,576.807,3.35092,1.78534,171.853,0.288774,0.0010819,0.276681,0.276681,0.338166,0.368908,0.553362,0.614847,0.461135,0.338166,0.0614847,0,0.0614847,0,0,0,0
86237,86249,86243,23.1,171.32,-44.6019,31.0354,-60.6946,573.01,3.44008,1.63573,133.337,0.244546,0.00105848,0.389443,0.519257,0.194721,0.259629,0.45435,0.584164,0.616618,0.324536,0.0649071,0.0324536,0,0,0,0,0
86250,86260,86255,23,171.324,-44.6012,31.3518,-60.7509,571.203,2.38824,1.27608,110.342,0.259408,0.000874002,0.189543,0.151635,0.26536,0.379086,0.189543,0.341178,0.56863,0.151635,0.113726,0.0379086,0,0,0,0,0
86261,86271,86266,22.9,171.327,-44.6005,31.93,-61.06,567.416,4.31362,1.77009,141.038,0.239036,0.00113662,0.834894,0.278298,0.974043,0.347873,0.347873,0.347873,0.626171,0.417447,0.139149,0,0,0,0,0,0
86272,86280,86276,22.8,171.331,-44.5998,32.578,-61.462,563.083,3.74128,1.94389,182.913,0.28229,0.00138206,0.498837,0.249418,0.581976,0.665116,0.249418,0.249418,0.665116,0.332558,0.0831395,0.166279,0,0,0,0,0
86283,86291,86287,22.7,171.334,-44.5991,33.02,-61.436,560.998,4.08319,1.99066,152.202,0.229374,0.00123663,0.244991,0.326655,0.326655,0.571647,0.489983,0.734974,0.898302,0.489983,0,0,0,0,0,0,0
86292,86298,86295,22.6,171.336,-44.5985,33.63,-61.45,558.02,3.48157,1.49381,113.9,0.228743,0.000914375,0.267813,0.401719,0.535626,0.535626,0.401719,0.401719,0.401719,0.535626,0,0,0,0,0,0,0
86301,86308,86304,22.5,171.339,-44.5977,34.1675,-61.685,554.89,2.1003,0.819604,62.1545,0.227505,0.000478118,0.500072,0.100014,0.200029,0.200029,0.300043,0.400058,0.300043,0,0.100014,0,0,0,0,0,0
86310,86316,86313,22.4,171.342,-44.597,34.97,-61.608,551.419,3.88362,2.43009,290.774,0.358968,0.00151829,0.475545,0.158515,0.63406,0.554803,0.475545,0.475545,0.63406,0.0792575,0.158515,0.0792575,0.158515,0,0,0,0
86317,86324,86320,22.3,171.344,-44.5965,35.4029,-61.4486,549.901,4.44182,1.99827,154.63,0.232145,0.00126113,0.674707,0.281128,0.449805,0.506031,0.730933,0.393579,0.730933,0.674707,0,0,0,0,0,0,0
86325,86332,86328,22.2,171.347,-44.5959,36.1429,-61.1614,547.407,4.15715,2.05583,186.446,0.272074,0.00122743,0.505599,0.112355,0.505599,0.786488,0.393244,0.505599,1.0112,0.224711,0.0561777,0,0.0561777,0,0,0,0
86334,86341,86338,22.1,171.35,-44.5954,36.7733,-61.0283,545.041,3.40255,1.98739,204.383,0.308519,0.00128786,0.130867,0.196301,0.458036,0.719771,0.392602,0.392602,0.654337,0.196301,0.130867,0.0654337,0.0654337,0,0,0,0
86342,86349,86346,22,171.353,-44.595,37.5175,-60.7488,542.657,4.1373,2.82346,282.714,0.300391,0.0020567,0.0973483,0.438067,0.292045,0.535416,0.292045,0.58409,0.778786,0.82746,0.146022,0.0973483,0.0486741,0,0,0,0
86350,86358,86354,21.9,171.355,-44.5946,38.0286,-60.3929,541.455,4.39951,2.93305,322.564,0.329928,0.00202211,0.494945,0.439951,0.219976,0.384957,0.714921,0.329963,0.824908,0.659927,0.109988,0.109988,0.0549939,0.0549939,0,0,0
86359,86367,86363,21.8,171.358,-44.5942,38.7025,-59.975,539.814,4.14186,2.76788,307.382,0.333159,0.00192029,0.142823,0.380861,0.428468,0.618898,0.809329,0.333253,0.428468,0.571291,0.19043,0.142823,0.0476076,0.0476076,0,0,0
86368,86375,86372,21.7,171.361,-44.5936,39.4067,-59.9633,537.064,3.98454,2.20451,190.945,0.259847,0.00153672,0.252986,0.316233,0.316233,0.505973,0.758959,0.316233,0.632466,0.758959,0.0632466,0.0632466,0,0,0,0,0
86376,86386,86381,21.6,171.364,-44.5927,40.0129,-60.43,533.555,4.17061,2.50588,215.949,0.25853,0.00176021,0.108328,0.324983,0.270819,0.43331,0.541638,0.649965,1.02911,0.649965,0.108328,0.0541638,0,0,0,0,0
86387,86399,86393,21.5,171.367,-44.5916,40.7643,-60.6114,530.284,5.41828,3.82458,381.565,0.2993,0.00302545,0.162549,0.650194,0.325097,0.487646,0.75856,0.650194,0.75856,0.812743,0.596011,0.216731,0,0,0,0,0
86411,86411,86411,21.4,171.373,-44.5895,41.73,-60.32,527.456,5.54335,3.2528,283.747,0.261694,0.00238425,0,1.47823,0.369557,0,0.369557,0.739114,1.47823,0.739114,0.369557,0,0,0,0,0,0
86419,86428,86424,21.3,171.377,-44.5884,42.2633,-59.91,526.566,5.0409,4.21569,507.322,0.361025,0.00304495,0.245898,0.245898,0.860641,0.491795,0.245898,0.245898,0.860641,1.22949,0.368846,0,0.245898,0,0,0,0
86443,86451,86447,21.2,171.385,-44.5869,43.184,-59.816,523.558,3.66905,2.37082,220.836,0.279442,0.00179122,0.366905,0.220143,0.293524,0.220143,0.293524,0.660428,0.733809,0.513666,0.293524,0.0733809,0,0,0,0,0
86454,86480,86467,21.1,171.392,-44.5855,43.66,-60.1214,521.176,5.77899,3.707,366.197,0.296356,0.0026703,0.525362,0.525362,0.210145,0.630435,0.630435,0.84058,1.20833,0.735507,0.262681,0.157609,0.0525362,0,0,0,0
86482,86506,86494,21,171.399,-44.5833,44.4344,-60.7322,517.09,4.13263,2.77321,304.97,0.329909,0.00196096,0.20258,0.405159,0.405159,0.405159,0.810319,0.486191,0.526707,0.445675,0.162064,0.20258,0.0810319,0,0,0,0
86506,86521,86514,20.9,171.406,-44.5814,44.9978,-61.0689,514.403,5.1941,3.04362,302.133,0.297803,0.00202908,0.41223,0.494676,0.577122,0.659568,0.371007,0.659568,1.19547,0.577122,0.082446,0.082446,0.082446,0,0,0,0
86525,86536,86530,20.8,171.41,-44.5805,45.842,-61.344,511.018,5.4058,3.26944,289.974,0.266077,0.002373,0.292205,0.511359,0.511359,0.511359,0.292205,0.730513,1.60713,0.584411,0.292205,0.0730513,0,0,0,0,0
86539,86554,86546,20.7,171.414,-44.5796,46.44,-61.6425,508.417,5.24635,3.05629,270.287,0.265308,0.00222234,0.31659,0.63318,0.587953,0.271363,0.587953,0.678407,0.94977,0.904543,0.271363,0.0452271,0,0,0,0,0
86555,86564,86560,20.6,171.418,-44.5788,47.3925,-61.385,506.079,4.96894,2.69254,232.165,0.258676,0.00189641,0.451721,0.451721,0.361377,0.542066,0.813099,0.722754,0.542066,0.722754,0.361377,0,0,0,0,0,0
86569,86575,86572,20.5,171.421,-44.5782,48.0067,-60.7933,505.636,3.51528,2.14813,189.407,0.264519,0.0015929,0.121217,0.36365,0.484866,0.242433,0.242433,0.36365,0.848516,0.606083,0.242433,0,0,0,0,0,0
86581,86588,86584,20.4,171.424,-44.5778,48.79,-60.6633,503.619,5.16215,3.52203,328.607,0.279901,0.00259376,0,0.4802,0.2401,0.4802,0.4802,0.960399,1.32055,0.960399,0,0.2401,0,0,0,0,0
86591,86603,86597,20.3,171.427,-44.5776,49.7,-59.75,503.113,4.75156,2.48706,202.321,0.244049,0.00167034,0.179304,0.358608,0.806869,0.44826,0.537913,0.627565,0.896521,0.806869,0.0896521,0,0,0,0,0,0
86606,86612,86609,20.2,171.429,-44.5774,50.38,-59.1133,502.66,6.19739,4.06256,380.428,0.280928,0.0030862,0.357542,0.476722,0.476722,0.595903,0.595903,0.834264,1.43017,0.715083,0.595903,0.119181,0,0,0,0,0
86615,86621,86618,20.1,171.432,-44.5775,51.055,-58.615,501.916,5.88573,3.94503,370.2,0.281519,0.00298822,0.535067,0.178356,0.535067,0.356711,0.535067,0.713422,1.78356,0.713422,0.356711,0.178356,0,0,0,0,0
86631,86636,86634,20,171.436,-44.5776,52.1167,-57.37,501.866,5.55623,4.02994,386.26,0.287543,0.00310357,0.118218,0.472871,0.472871,0.118218,0.472871,0.827524,1.65505,0.945741,0.236435,0.236435,0,0,0,0,0
86638,86645,86642,19.9,171.438,-44.5775,53.0733,-57.15,499.786,6.43734,3.89305,354.798,0.273409,0.00289163,0.936341,0.351128,0.351128,0.468171,0.819298,0.585213,1.52155,0.936341,0.351128,0.117043,0,0,0,0,0
86649,86657,86653,19.8,171.44,-44.5773,53.8233,-57.1467,497.775,6.89926,4.03257,344.616,0.256375,0.00289781,0.574938,0.804914,0.344963,0.459951,0.574938,0.804914,2.06978,0.919901,0.344963,0,0,0,0,0,0
86662,86669,86666,19.7,171.443,-44.5771,54.942,-57.062,495.063,5.44828,3.91105,409.736,0.314291,0.00298432,0.344828,0.62069,0.344828,0.413793,0.62069,0.689656,0.689656,1.03448,0.482759,0.137931,0.0689656,0,0,0,0
86670,86681,86676,19.6,171.445,-44.5769,55.7633,-57.12,492.838,6.89841,5.27212,571.524,0.325215,0.00398166,0.517381,0.402407,0.689841,0.402407,0.459894,0.977275,1.55214,1.03476,0.459894,0.287434,0.0574867,0.0574867,0,0,0
86682,86693,86688,19.5,171.448,-44.5765,56.5986,-56.7814,491.51,6.86181,4.51214,473.481,0.314805,0.00325149,0.686181,0.686181,0.539142,0.637168,0.637168,0.784207,1.37236,0.931245,0.245065,0.245065,0.0490129,0.0490129,0,0,0
86694,86704,86699,19.4,171.451,-44.5757,57.582,-56.468,489.817,6.77326,5.0496,562.941,0.334447,0.0036346,0.684168,0.478917,0.547334,0.410501,0.478917,1.09467,1.16309,1.16309,0.478917,0.0684168,0.20525,0,0,0,0
86708,86721,86714,19.3,171.455,-44.5744,58.61,-56.332,487.646,6.39505,4.80537,550.359,0.34359,0.00343747,0.336582,0.807796,0.403898,0.471215,0.74048,0.605847,1.68291,0.538531,0.403898,0.201949,0.201949,0,0,0,0
86725,86736,86730,19.2,171.459,-44.5732,59.582,-56.11,485.859,7.22547,4.74487,472.491,0.298738,0.00337596,0.26761,0.200707,0.669025,1.13734,1.13734,0.80283,1.60566,0.669025,0.468317,0.200707,0,0.0669025,0,0,0
86742,86759,86750,19.1,171.464,-44.5719,60.705,-55.765,484.043,5.94764,3.17654,276.089,0.260745,0.00221362,0.617208,0.392769,0.504988,0.953867,0.617208,0.897757,0.841647,0.729428,0.336659,0.0561098,0,0,0,0,0
86766,86786,86776,19,171.47,-44.5705,61.626,-55.336,482.912,6.87028,4.82792,539.747,0.335391,0.00341033,0.875624,0.606202,0.538846,0.404134,0.606202,0.808269,1.34711,1.07769,0.269423,0.134711,0.202067,0,0,0,0
86788,86802,86795,18.9,171.475,-44.5692,62.615,-55.2,481.027,5.82952,4.74531,564.427,0.356832,0.00353723,0.499674,0.582952,0.416395,0.333116,0.416395,0.916068,1.08263,0.74951,0.249837,0.416395,0.0832789,0.0832789,0,0,0
