data/B2SAP/Locations/Lauder/NOAA-POPS-B2SAP_GMLBalloon_20210831_R0.ict
61,1001
Thornberry, T. D.
NOAA Chemical Sciences Laboratory
Portable Optical Particle Spectrometer (POPS)
Balloon Baseline Stratospheric Aerosol Profiles (B2SAP)
1,1
2021,08,31,2024,05,28
0
TIME_START,s,Seconds since midnight UTC on flight start day,Start time of 100 m altitude bin in UTC_seconds_since_midnight
28
1.0,1.0,1.0,1.0,1.0,1.0,1.0,1.0,1.0,1.0,1.0,1.0,1.0,1.0,1.0,1.0,1.0,1.0,1.0,1.0,1.0,1.0,1.0,1.0,1.0,1.0,1.0,1.0
99999,99999,99999,99999,99999,99999,99999,99999,99999,99999,99999,99999,99999,99999,99999,99999,99999,99999,99999,99999,99999,99999,99999,99999,99999,99999,99999,99999
TIME_STOP,s,End time of 100 m altitude bin in UTC seconds since midnight,
TIME_MID,s,Mid time of 100 m altitude in UTC seconds since midnight,
GPSAlt,m,GPS reported altitude above sea level (m),
GPS_Lon,deg,GPS reported longitude,
GPS_Lat,deg,GPS reported latitude,
iMet_Pressure,mb,Pressure reported (mB),
iMet_Temperature,degrees C,Ambient temperature (oC),
THETA,K,Potential temperature from iMet,
Aerosol_concentration,cm^-3,Aerosol concentration,
Surface_Area_Conc,um^2 cm^-3,Surface area concentration,
Volume_density,um^3 cm^-3,Volume density,
Effective_radius,um,Effective radius,
Extinction,km^-1,Extinction,
Bin01,cm^-3,particle concentration in size range [140 - 170 nm],
Bin02,cm^-3,particle concentration in size range [170 - 205 nm],
Bin03,cm^-3,particle concentration in size range [205 - 249 nm],
Bin04,cm^-3,particle concentration in size range [249 - 302 nm],
Bin05,cm^-3,particle concentration in size range [302 - 366 nm],
Bin06,cm^-3,particle concentration in size range [366 - 443 nm],
Bin07,cm^-3,particle concentration in size range [443 - 537 nm],
Bin08,cm^-3,particle concentration in size range [537 - 651 nm],
Bin09,cm^-3,particle concentration in size range [651 - 789 nm],
Bin10,cm^-3,particle concentration in size range [789 - 956 nm],
Bin11,cm^-3,particle concentration in size range [956 - 1159 nm],
Bin12,cm^-3,particle concentration in size range [1159 - 1404 nm],
Bin13,cm^-3,particle concentration in size range [1404 - 1702 nm],
Bin14,cm^-3,particle concentration in size range [1702 - 2062 nm],
Bin15,cm^-3,particle concentration in size range [2062 - 2500 nm],
0
19
PI_CONTACT_INFO: 325 Broadway R/CSL6, Boulder, CO 80305; troy.thornberry@noaa.gov; 303-497-3373 
PLATFORM: GML ECC/FPH balloon
LOCATION: Lauder, NZ
ASSOCIATED_DATA: N/A
INSTRUMENT_INFO: Printed Optical Particle Spectrometer counts particles from 140 - 2500 nm in diameter 
DATA_INFO: Particle concentrations reported in number per cubic centimeter, binned to 100 m altitude
UNCERTAINTY: Counting uncertainty dominated by air flow, less than 5 percent
ULOD_FLAG: -77777
ULOD_VALUE: 3000 ~3000 per cm3 (varies depending on flow rate- manufacturer quotes 1250  per cm3 at 1.667 cc/s)
LLOD_FLAG: -88888
LLOD_VALUE: 0 0 (varies depending on data field and measurement precision)
DM_CONTACT_INFO: Troy Thornberry, 325 Broadway R/CSL6, Boulder, CO 80305; troy.thornberry@noaa.gov; 303-497-3373
PROJECT_INFO: B2SAP Lauder, NZ
STIPULATIONS_ON_USE: Please contact the PIs for questions regarding applications and uncertainties
OTHER_COMMENTS: POPS bin Edges (nm):  140, 170, 205, 249, 302, 366, 443, 537, 651, 789, 956, 1159, 1404, 1702, 2062, 2500
Calculations assume sulfate refractive index of 1.45+0.00j and extinction wavelength = 532 nm
REVISION: R0
R0: QA/QC data
TIME_START,TIME_STOP,TIME_MID,GPSAlt,GPS_Lon,GPS_Lat,iMet_Pressure,iMet_Temperature,THETA,Aerosol_concentration,Surface_Area_Conc,Volume_density,Effective_radius,Extinction,Bin01,Bin02,Bin03,Bin04,Bin05,Bin06,Bin07,Bin08,Bin09,Bin10,Bin11,Bin12,Bin13,Bin14,Bin15
984,1708,1346,0.4,169.683,-45.0376,981.081,8.75304,283.445,52.2378,6.76201,426.065,0.189026,0.00175596,27.0449,15.4852,6.45855,1.57018,0.564697,0.135263,0.208096,0.405788,0.201475,0.078509,0.0274309,0.0321603,0.0104048,0.00851303,0.00662124
1709,1726,1718,0.5,169.683,-45.0375,969.754,6.45706,282.069,51.2706,5.98889,303.78,0.152172,0.00118036,27.4281,14.8371,6.347,1.50432,0.43275,0.103036,0.0824286,0.350322,0.0618214,0.0618214,0.0206071,0,0.0412143,0,0
1727,1744,1736,0.6,169.683,-45.0376,959.329,5.8,282.279,50.3832,6.14855,324.607,0.158382,0.00127183,26.6869,13.6861,6.77037,1.64067,0.726881,0.124608,0.20768,0.373824,0.041536,0.041536,0,0.062304,0.020768,0,0
1745,1763,1754,0.7,169.682,-45.0377,947.913,5.84158,283.292,38.5125,4.50845,296.888,0.197554,0.000842204,21.5168,10.2601,4.57647,1.43937,0.36907,0.0553605,0.110721,0.0553605,0.036907,0.036907,0.0184535,0.0184535,0,0,0.0184535
1765,1781,1773,0.8,169.682,-45.0379,935.374,5.76333,284.29,44.4765,4.87229,196.051,0.120714,0.000661032,23.8554,11.5455,6.17456,1.96018,0.509647,0.117611,0.176416,0.0784072,0.0392036,0,0,0,0.0196018,0,0
1782,1799,1790,0.9,169.682,-45.038,923.546,5.62056,285.177,37.5862,4.15952,163.165,0.117681,0.000538861,19.028,10.0426,5.9903,1.78143,0.450251,0.0783046,0.0978808,0.0783046,0.0195762,0,0.0195762,0,0,0,0
1800,1818,1809,1,169.682,-45.0378,912.296,4.95789,285.495,26.3757,2.85527,102.993,0.108213,0.000362615,13.9241,6.89683,3.76529,1.19296,0.279601,0.149121,0.0932004,0.0745603,0,0,0,0,0,0,0
1819,1839,1829,1.1,169.682,-45.0378,900.736,4.07333,285.633,30.3461,3.47569,161.362,0.139277,0.000511036,15.5849,8.13712,4.50568,1.56354,0.336244,0.0336244,0.0672489,0.0336244,0.0336244,0,0.0504367,0,0,0,0
1840,1858,1849,1.2,169.682,-45.0376,889.657,3.58,286.133,31.1412,3.44896,128.282,0.111583,0.000471176,15.6731,8.18133,5.19952,1.39772,0.428635,0.0372726,0.0931814,0.0931814,0.0372726,0,0,0,0,0,0
1860,1875,1868,1.3,169.682,-45.0372,879.128,3.13647,286.645,18.8401,2.03498,75.0507,0.110641,0.000250099,9.43041,5.3799,2.86651,0.830873,0.22849,0,0.0830873,0,0,0.0207718,0,0,0,0,0
1876,1895,1886,1.4,169.683,-45.0372,868.278,2.684,287.191,16.1096,1.81585,77.9421,0.128769,0.000255559,8.06367,4.60781,2.44569,0.620283,0.230391,0.0354447,0.0354447,0.0531671,0,0,0.0177224,0,0,0,0
1896,1913,1904,1.5,169.683,-45.0373,857.853,2.02222,287.495,18.549,1.9296,65.3661,0.101626,0.00019259,9.56156,5.34497,2.55371,0.772051,0.237554,0.0395924,0,0.0395924,0,0,0,0,0,0,0
1914,1932,1923,1.6,169.683,-45.0376,847.376,2.05444,288.543,10.0766,1.46107,159.826,0.328168,0.000370604,4.97902,2.50927,1.83749,0.39516,0.158064,0.09879,0.059274,0.019758,0,0,0,0,0,0,0.019758
1932,1950,1941,1.7,169.684,-45.0377,836.562,1.84389,289.38,8.69216,1.04199,40.0511,0.115311,0.000156903,4.10794,2.06389,1.60745,0.555663,0.218296,0.0595353,0.0595353,0.0198451,0,0,0,0,0,0,0
1950,1969,1960,1.8,169.684,-45.0382,826.341,1.251,289.769,9.24319,1.11123,42.8529,0.115691,0.000166312,4.19334,2.0699,2.0699,0.660228,0.160596,0,0.035688,0.053532,0,0,0,0,0,0,0
1970,1985,1978,1.9,169.685,-45.0386,816.315,0.785,290.288,7.68898,0.980883,51.7659,0.158324,0.000137248,3.19629,2.034,1.65402,0.67055,0.111758,0,0,0,0,0,0,0.0223517,0,0,0
1986,2004,1995,2,169.685,-45.039,806.171,0.366842,290.887,5.61976,0.640306,22.5626,0.105712,6.98558e-05,2.75292,1.0632,1.25305,0.417685,0.113914,0,0.0189857,0,0,0,0,0,0,0,0
2005,2023,2014,2.1,169.685,-45.0395,796.07,-0.382105,291.135,5.28261,0.614912,23.9549,0.11687,0.000100838,2.80341,1.29681,0.686549,0.266991,0.095354,0.0572124,0.0762832,0,0,0,0,0,0,0,0
2025,2041,2033,2.2,169.685,-45.0401,786.159,-1.05111,291.46,5.74401,0.757094,46.8181,0.185517,0.000126257,2.60369,1.45091,1.19253,0.377634,0.0397509,0.0397509,0.0198755,0,0,0,0,0,0.0198755,0,0
2042,2059,2050,2.3,169.685,-45.0414,776.746,-1.56444,291.912,6.64314,0.868752,46.0225,0.158926,0.000227568,3.24105,1.65072,1.16758,0.422745,0.0402615,0.0201307,0.0201307,0.0201307,0.0201307,0.0402615,0,0,0,0,0
2060,2077,2068,2.4,169.685,-45.0424,766.969,-1.98412,292.524,4.03086,0.498192,23.8622,0.143693,0.000104812,1.89813,1.08769,0.725128,0.2346,0.0213273,0.0213273,0.0213273,0,0,0.0213273,0,0,0,0,0
2078,2098,2088,2.5,169.685,-45.0437,757.067,-2.2565,293.315,4.7891,0.595516,24.9058,0.125467,0.000110729,2.24094,1.08432,0.975892,0.325297,0.0722883,0.0180721,0.0542162,0,0.0180721,0,0,0,0,0,0
2098,2114,2106,2.6,169.685,-45.0447,748.057,-2.675,293.862,5.8418,0.691452,25.2767,0.109668,8.5119e-05,2.27807,1.66908,1.39842,0.338328,0.135331,0,0,0.0225552,0,0,0,0,0,0,0
2115,2133,2124,2.7,169.685,-45.0456,738.556,-2.63526,294.981,4.5788,0.560876,21.6461,0.11578,8.50553e-05,2.16591,1.02596,0.740968,0.45598,0.132994,0,0.0569975,0,0,0,0,0,0,0,0
2134,2152,2143,2.8,169.684,-45.0465,728.905,-3.15684,295.526,5.53939,0.645323,23.0459,0.107136,7.2969e-05,2.55958,1.20338,1.20338,0.401128,0.114608,0.057304,0,0,0,0,0,0,0,0,0
2153,2170,2162,2.9,169.684,-45.0474,719.925,-4.02588,295.617,4.89499,0.54708,18.7978,0.103081,5.37351e-05,2.32889,1.22914,0.797862,0.409713,0.129383,0,0,0,0,0,0,0,0,0,0
2170,2190,2180,3,169.683,-45.0484,710.54,-4.8345,295.833,5.43491,0.6583,25.9797,0.118395,0.000106889,2.45211,1.44565,0.988165,0.329388,0.146395,0.0182993,0.0182993,0.0365987,0,0,0,0,0,0,0
2191,2208,2200,3.1,169.682,-45.0492,701.902,-5.64316,295.975,5.73829,0.736578,30.9462,0.12604,0.000143624,2.64696,1.3911,1.02401,0.328454,0.212529,0.0386417,0.0579626,0.0386417,0,0,0,0,0,0,0
2209,2227,2218,3.2,169.682,-45.0499,692.923,-6.53158,296.083,5.37982,0.6187,22.1331,0.107321,7.19299e-05,2.49639,1.35463,0.948242,0.425741,0.116111,0.0193519,0.0193519,0,0,0,0,0,0,0,0
2228,2247,2238,3.3,169.682,-45.0509,683.687,-7.385,296.266,5.1315,0.624976,24.5606,0.117895,0.000101363,2.18871,1.50818,0.919624,0.312672,0.128747,0,0.0551774,0.0183925,0,0,0,0,0,0,0
2248,2266,2257,3.4,169.682,-45.0517,675.165,-7.99421,296.645,5.43716,0.699885,32.1546,0.137828,0.000142538,2.11661,1.82533,0.951504,0.310695,0.155348,0.0194184,0.0194184,0.0194184,0,0.0194184,0,0,0,0,0
2267,2285,2276,3.5,169.682,-45.0526,666.501,-8.55737,297.115,4.7728,0.587522,23.104,0.117973,9.40124e-05,2.17123,1.17364,0.899789,0.273849,0.176046,0.0391213,0.0195606,0.0195606,0,0,0,0,0,0,0
2287,2303,2295,3.6,169.682,-45.0534,658.248,-9.27222,297.368,4.63308,0.553522,21.277,0.115318,8.31586e-05,2.15254,1.14802,0.861016,0.266505,0.164003,0,0.0205004,0.0205004,0,0,0,0,0,0,0
2304,2322,2313,3.7,169.683,-45.0544,649.614,-9.99474,297.672,4.08929,0.466146,16.996,0.109382,5.97969e-05,2.01529,1.037,0.665243,0.215226,0.0978298,0.0391319,0.019566,0,0,0,0,0,0,0,0
2323,2340,2332,3.8,169.683,-45.0554,641.155,-10.7256,297.958,3.82741,0.446152,16.7897,0.112897,6.19923e-05,1.82061,0.889615,0.765483,0.248265,0.0620662,0.0206887,0,0.0206887,0,0,0,0,0,0,0
2341,2360,2350,3.9,169.683,-45.0563,632.685,-11.617,298.082,4.51514,0.496656,17.2861,0.104415,5.34254e-05,2.18232,1.1476,0.846589,0.263383,0.0376262,0.0188131,0.0188131,0,0,0,0,0,0,0,0
2361,2379,2370,4,169.683,-45.0576,624.46,-12.4874,298.199,4.45131,0.547422,21.9069,0.120055,9.31849e-05,2.13663,1.00896,0.791343,0.316537,0.118702,0.0197836,0.0395672,0.0197836,0,0,0,0,0,0,0
2381,2397,2389,4.1,169.683,-45.0586,616.487,-13.2578,298.408,3.6349,0.382825,13.0833,0.102527,3.96558e-05,2.00546,0.772939,0.605817,0.208903,0.0208903,0,0.0208903,0,0,0,0,0,0,0,0
2398,2413,2406,4.2,169.683,-45.0593,608.459,-13.9425,298.744,3.35137,0.31172,9.40287,0.0904933,1.94311e-05,1.91169,1.01485,0.354017,0.0472023,0.0236012,0,0,0,0,0,0,0,0,0,0
2414,2429,2422,4.3,169.682,-45.0601,601.07,-14.6894,298.924,2.67182,0.278186,10.147,0.109426,3.77053e-05,1.2768,1.01671,0.307377,0.0472888,0,0,0,0.0236444,0,0,0,0,0,0,0
2430,2447,2438,4.4,169.682,-45.061,592.812,-15.4572,299.213,2.04986,0.208026,6.73911,0.0971863,1.67663e-05,1.22569,0.338122,0.338122,0.126796,0.0211326,0,0,0,0,0,0,0,0,0,0
2449,2465,2457,4.5,169.681,-45.0617,585.106,-16.1644,299.511,3.31005,0.365546,12.9651,0.106403,4.31409e-05,1.69693,0.775139,0.586592,0.146648,0.0837988,0,0.0209497,0,0,0,0,0,0,0,0
2466,2485,2476,4.6,169.681,-45.0627,576.879,-16.939,299.822,7.03937,0.711778,23.1815,0.0977051,6.07134e-05,3.91076,1.58338,1.22092,0.267076,0.0381538,0,0.0190769,0,0,0,0,0,0,0,0
2486,2501,2494,4.7,169.68,-45.0635,569.176,-17.6612,300.124,6.64792,0.713963,25.7515,0.108205,9.11381e-05,3.73049,1.4348,1.05219,0.263047,0.119567,0,0.0239134,0.0239134,0,0,0,0,0,0,0
2502,2522,2512,4.8,169.679,-45.0648,561.703,-18.529,300.235,7.05854,0.859534,35.5198,0.123973,0.000163045,3.48367,1.65976,1.33146,0.310065,0.109435,0.0364782,0.0729565,0.0547174,0,0,0,0,0,0,0
2524,2540,2532,4.9,169.679,-45.0655,554.066,-19.405,300.38,7.17817,0.789,29.6521,0.112746,0.000114635,4.22999,1.47409,0.833181,0.341818,0.235,0.0213636,0,0.0427272,0,0,0,0,0,0,0
2541,2558,2550,5,169.678,-45.0665,547.012,-20.2183,300.511,5.04277,0.555508,20.7024,0.111803,7.92414e-05,2.65969,1.36176,0.68088,0.17022,0.106387,0.0212775,0.0212775,0.0212775,0,0,0,0,0,0,0
2559,2579,2569,5.1,169.678,-45.0672,539.066,-21.1295,300.681,5.19466,0.660739,41.9787,0.190599,0.00011492,2.70785,1.17893,0.95788,0.23947,0.0552623,0.0184208,0,0.0184208,0,0,0,0,0.0184208,0,0
2580,2597,2588,5.2,169.678,-45.0682,531.818,-22.0518,300.749,5.2015,0.658492,30.0494,0.136901,0.000160442,2.97553,0.908558,0.794988,0.295281,0.0681419,0.022714,0.0454279,0.0908558,0,0,0,0,0,0,0
2597,2614,2606,5.3,169.677,-45.0693,524.822,-22.9578,300.798,5.24742,0.598672,23.0876,0.115694,9.38719e-05,2.93683,0.971745,0.885368,0.302321,0.064783,0.0215943,0.0431887,0.0215943,0,0,0,0,0,0,0
2615,2633,2624,5.4,169.677,-45.0703,517.567,-23.7456,301.044,6.11995,0.799806,34.2405,0.128433,0.000163998,2.73444,1.43233,1.28041,0.347231,0.151914,0.0434039,0.0868077,0.0434039,0,0,0,0,0,0,0
2634,2650,2642,5.5,169.677,-45.0714,511.01,-24.4347,301.305,11.559,1.3828,50.3371,0.109207,0.00016905,4.75154,2.83265,2.96971,0.548254,0.365503,0.0456878,0.0456878,0,0,0,0,0,0,0,0
2651,2669,2660,5.6,169.676,-45.0723,503.648,-25.2537,301.559,12.1102,1.48417,59.7731,0.120822,0.000243244,5.14017,3.31027,2.34392,0.966353,0.226168,0.0205607,0.0411214,0.0205607,0.0411214,0,0,0,0,0,0
2670,2690,2680,5.7,169.676,-45.0731,496.631,-26.1175,301.718,12.2635,1.51934,59.8309,0.118139,0.000234279,4.69416,3.34459,3.07077,0.80192,0.254267,0,0.019559,0.0586771,0.019559,0,0,0,0,0,0
2691,2707,2699,5.8,169.676,-45.0738,490.175,-26.9794,301.796,15.1102,1.88911,69.5464,0.110443,0.000228922,5.20365,3.8973,4.22389,1.39345,0.304817,0.0435452,0.0217726,0.0217726,0,0,0,0,0,0,0
2708,2724,2716,5.9,169.675,-45.0744,483.226,-27.8419,301.966,18.1411,2.25466,90.0977,0.119882,0.000328125,6.4825,5.22544,4.65853,1.33101,0.345076,0.0246483,0.0246483,0,0.0246483,0.0246483,0,0,0,0,0
2725,2747,2736,6,169.675,-45.0755,476.174,-28.5804,302.322,19.4468,2.41089,89.589,0.111481,0.000307352,7.26885,5.04686,4.66791,1.98085,0.310046,0.0688991,0.0861238,0.0172248,0,0,0,0,0,0,0
2748,2763,2756,6.1,169.675,-45.0764,470.058,-29.1837,302.69,27.8235,3.46211,129.19,0.111946,0.000436857,9.18423,8.34706,7.09131,2.53613,0.517075,0.0738678,0,0.0492452,0.0246226,0,0,0,0,0,0
2764,2780,2772,6.2,169.674,-45.077,463.321,-29.9771,302.951,22.2494,2.77895,105.524,0.113917,0.000384278,8.17371,6.22982,5.26958,1.75653,0.60893,0.0936815,0.0468407,0.0702611,0,0,0,0,0,0,0
2781,2798,2790,6.3,169.674,-45.0777,456.698,-30.7939,303.187,26.3616,3.3682,131.397,0.117033,0.000495271,9.23651,7.62344,6.01036,2.49695,0.773392,0.0662908,0.0883877,0.0220969,0.0441938,0,0,0,0,0,0
2799,2817,2808,6.4,169.673,-45.0784,450.279,-31.6337,303.358,26.2397,3.29002,123.288,0.11242,0.000430398,9.48779,6.94641,6.50167,2.47784,0.614165,0.0847124,0.0847124,0.0423562,0,0,0,0,0,0,0
2818,2835,2826,6.5,169.673,-45.0792,444.083,-32.4778,303.495,26.1489,3.24701,127.017,0.117354,0.000465656,9.90319,6.96561,6.54278,2.00289,0.489596,0.111272,0.0445087,0.0667631,0,0.0222544,0,0,0,0,0
2836,2854,2845,6.6,169.672,-45.0799,438.082,-33.2961,303.638,26.1422,3.29724,130.361,0.118609,0.000481443,9.87047,6.75937,6.2222,2.46202,0.671461,0.022382,0.0671461,0.022382,0.022382,0.022382,0,0,0,0,0
2854,2874,2864,6.7,169.672,-45.0806,431.291,-34.0867,303.99,25.0768,3.27996,140.088,0.128131,0.000506993,8.96149,6.92304,5.99997,2.23076,0.596151,0.173076,0.134615,0.0384614,0,0,0.0192307,0,0,0,0
2875,2894,2884,6.8,169.671,-45.0815,425.131,-34.7755,304.372,30.7624,3.78072,138.919,0.110232,0.000462167,11.4122,8.14002,7.67545,2.60561,0.706949,0.14139,0.0403971,0.0403971,0,0,0,0,0,0,0
2895,2913,2904,6.9,169.67,-45.0825,419.09,-35.6038,304.554,32.9153,4.01144,145.979,0.109172,0.000474327,12.5184,8.657,7.90963,2.74035,0.934209,0.0934209,0.0311403,0.0311403,0,0,0,0,0,0,0
2914,2929,2922,7,169.669,-45.0833,413.6,-36.3753,304.708,31.9269,3.93114,143.765,0.109713,0.000466814,11.7056,8.21827,8.02903,3.21702,0.621777,0.0540675,0.0270338,0.0540675,0,0,0,0,0,0,0
2930,2946,2938,7.1,169.669,-45.0841,407.621,-37.1824,304.934,31.8804,3.87184,142.49,0.110405,0.000471776,12.2156,8.5749,7.42519,2.80241,0.64671,0.167666,0,0.0239522,0.0239522,0,0,0,0,0,0
2947,2964,2956,7.2,169.669,-45.085,401.401,-38.0994,305.084,24.2111,3.04553,123.51,0.121664,0.000485294,9.06775,6.55527,6.16698,1.80441,0.365451,0.0456813,0.0913627,0.068522,0.0228407,0.0228407,0,0,0,0,0
2965,2980,2972,7.3,169.669,-45.0855,395.599,-39.038,305.142,20.9134,2.67456,106.378,0.119323,0.0004243,8.04784,5.58422,4.54402,1.83403,0.656967,0.0821208,0.0821208,0.0547472,0.0273736,0,0,0,0,0,0
2981,2995,2988,7.4,169.668,-45.0864,390.137,-39.8607,305.277,21.9405,2.8946,134.133,0.139018,0.000494861,8.20716,5.55351,5.63559,1.915,0.437715,0,0.0273572,0.109429,0.0273572,0,0.0273572,0,0,0,0
2996,3015,3006,7.5,169.668,-45.087,384.351,-40.7433,305.42,29.0778,3.59413,136.821,0.114204,0.000499405,10.9475,8.0605,6.85951,2.37889,0.531207,0.11548,0.11548,0.046192,0.023096,0,0,0,0,0,0
3016,3032,3024,7.6,169.668,-45.0879,378.792,-41.5759,305.593,28.3731,3.45543,124.098,0.107742,0.000385965,10.6825,7.27577,7.03244,2.43337,0.876013,0.0486674,0.0243337,0,0,0,0,0,0,0,0
3033,3050,3042,7.7,169.669,-45.0886,373.169,-42.4067,305.801,25.07,3.34571,148.495,0.133151,0.00065154,8.83463,7.07695,6.03622,2.40524,0.393164,0.0231273,0.0925092,0.115636,0.0462546,0.0462546,0,0,0,0,0
3051,3067,3059,7.8,169.669,-45.0892,367.503,-43.2806,305.984,17.5353,2.26195,94.8145,0.125752,0.000383509,6.67389,4.37074,4.52778,1.33478,0.444926,0.0261721,0.104688,0,0.0261721,0.0261721,0,0,0,0,0
3068,3086,3077,7.9,169.67,-45.0898,362.191,-44.1217,306.133,13.5418,1.6529,62.2179,0.112925,0.000224064,5.33323,3.50138,3.29269,1.06665,0.23188,0.023188,0.0463759,0.0463759,0,0,0,0,0,0,0
3087,3103,3095,8,169.67,-45.0904,356.938,-44.7911,306.512,11.0188,1.29956,47.0116,0.108525,0.000155945,4.5289,3.29163,1.96097,0.86376,0.303483,0.0233449,0.0466897,0,0,0,0,0,0,0,0
3104,3120,3112,8.1,169.67,-45.091,351.384,-45.6176,306.771,10.6088,1.50777,79.1849,0.157554,0.000278212,3.61047,2.76968,2.76968,1.03863,0.272022,0.0247292,0.0494585,0.0494585,0,0,0,0.0247292,0,0,0
3121,3137,3129,8.2,169.67,-45.0916,346.179,-46.4206,307.001,9.99909,1.27098,48.1478,0.113648,0.000171056,3.96986,2.1338,2.45635,0.967654,0.421798,0.0248116,0,0.0248116,0,0,0,0,0,0,0
3138,3152,3145,8.3,169.671,-45.0917,341.091,-47.27,307.149,10.2993,1.26726,47.9835,0.113592,0.000176766,3.92219,2.7935,2.59598,0.620778,0.282172,0,0.0564343,0.0282172,0,0,0,0,0,0,0
3154,3172,3163,8.4,169.671,-45.0916,335.762,-48.062,307.449,10.3786,1.28441,49.9365,0.116637,0.000195547,4.36323,2.64759,2.18162,0.783688,0.254169,0.0635422,0.0423615,0.0423615,0,0,0,0,0,0,0
3173,3192,3182,8.5,169.671,-45.0912,330.793,-48.8045,307.74,9.86218,1.15346,41.3581,0.107567,0.000132313,3.86004,2.79959,2.3542,0.678688,0.127254,0,0.021209,0.021209,0,0,0,0,0,0,0
3193,3209,3201,8.6,169.672,-45.0912,325.931,-49.4169,308.2,8.7926,1.07569,40.5404,0.113063,0.000146663,3.60179,2.06573,2.22463,0.609126,0.21187,0.0264837,0.0264837,0.0264837,0,0,0,0,0,0,0
3210,3228,3219,8.7,169.672,-45.0912,320.648,-50.1976,308.57,11.0465,1.38085,52.4177,0.113882,0.000191816,4.13613,3.17776,2.39593,0.80705,0.428746,0.0504407,0.0252203,0.0252203,0,0,0,0,0,0,0
