data/B2SAP/Locations/Lauder/NOAA-POPS-B2SAP_GMLBalloon_20210831_R0.ict
61,1001
Thornberry, T. D.
NOAA Chemical Sciences Laboratory
Portable Optical Particle Spectrometer (POPS)
Balloon Baseline Stratospheric Aerosol Profiles (B2SAP)
1,1
2021,08,31,2024,05,28
0
TIME_START,s,Seconds since midnight UTC on flight start day,Start time of 100 m altitude bin in UTC_seconds_since_midnight
28
1.0,1.0,1.0,1.0,1.0,1.0,1.0,1.0,1.0,1.0,1.0,1.0,1.0,1.0,1.0,1.0,1.0,1.0,1.0,1.0,1.0,1.0,1.0,1.0,1.0,1.0,1.0,1.0
99999,99999,99999,99999,99999,99999,99999,99999,99999,99999,99999,99999,99999,99999,99999,99999,99999,99999,99999,99999,99999,99999,99999,99999,99999,99999,99999,99999
TIME_STOP,s,End time of 100 m altitude bin in UTC seconds since midnight,
TIME_MID,s,Mid time of 100 m altitude in UTC seconds since midnight,
GPSAlt,m,GPS reported altitude above sea level (m),
GPS_Lon,deg,GPS reported longitude,
GPS_Lat,deg,GPS reported latitude,
iMet_Pressure,mb,Pressure reported (mB),
iMet_Temperature,degrees C,Ambient temperature (oC),
THETA,K,Potential temperature from iMet,
Aerosol_concentration,cm^-3,Aerosol concentration,
Surface_Area_Conc,um^2 cm^-3,Surface area concentration,
Volume_density,um^3 cm^-3,Volume density,
Effective_radius,um,Effective radius,
Extinction,km^-1,Extinction,
Bin01,cm^-3,particle concentration in size range [140 - 170 nm],
Bin02,cm^-3,particle concentration in size range [170 - 205 nm],
Bin03,cm^-3,particle concentration in size range [205 - 249 nm],
Bin04,cm^-3,particle concentration in size range [249 - 302 nm],
Bin05,cm^-3,particle concentration in size range [302 - 366 nm],
Bin06,cm^-3,particle concentration in size range [366 - 443 nm],
Bin07,cm^-3,particle concentration in size range [443 - 537 nm],
Bin08,cm^-3,particle concentration in size range [537 - 651 nm],
Bin09,cm^-3,particle concentration in size range [651 - 789 nm],
Bin10,cm^-3,particle concentration in size range [789 - 956 nm],
Bin11,cm^-3,particle concentration in size range [956 - 1159 nm],
Bin12,cm^-3,particle concentration in size range [1159 - 1404 nm],
Bin13,cm^-3,particle concentration in size range [1404 - 1702 nm],
Bin14,cm^-3,particle concentration in size range [1702 - 2062 nm],
Bin15,cm^-3,particle concentration in size range [2062 - 2500 nm],
0
19
PI_CONTACT_INFO: 325 Broadway R/CSL6, Boulder, CO 80305; troy.thornberry@noaa.gov; 303-497-3373 
PLATFORM: GML ECC/FPH balloon
LOCATION: Lauder, NZ
ASSOCIATED_DATA: N/A
INSTRUMENT_INFO: Printed Optical Particle Spectrometer counts particles from 140 - 2500 nm in diameter 
DATA_INFO: Particle concentrations reported in number per cubic centimeter, binned to 100 m altitude
UNCERTAINTY: Counting uncertainty dominated by air flow, less than 5 percent
ULOD_FLAG: -77777
ULOD_VALUE: 3000 ~3000 per cm3 (varies depending on flow rate- manufacturer quotes 1250  per cm3 at 1.667 cc/s)
LLOD_FLAG: -88888
LLOD_VALUE: 0 0 (varies depending on data field and measurement precision)
DM_CONTACT_INFO: Troy Thornberry, 325 Broadway R/CSL6, Boulder, CO 80305; troy.thornberry@noaa.gov; 303-497-3373
PROJECT_INFO: B2SAP Lauder, NZ
STIPULATIONS_ON_USE: Please contact the PIs for questions regarding applications and uncertainties
OTHER_COMMENTS: POPS bin Edges (nm):  140, 170, 205, 249, 302, 366, 443, 537, 651, 789, 956, 1159, 1404, 1702, 2062, 2500
Calculations assume sulfate refractive index of 1.45+0.00j and extinction wavelength = 532 nm
REVISION: R0
R0: QA/QC data
TIME_START,TIME_STOP,TIME_MID,GPSAlt,GPS_Lon,GPS_Lat,iMet_Pressure,iMet_Temperature,THETA,Aerosol_concentration,Surface_Area_Conc,Volume_density,Effective_radius,Extinction,Bin01,Bin02,Bin03,Bin04,Bin05,Bin06,Bin07,Bin08,Bin09,Bin10,Bin11,Bin12,Bin13,Bin14,Bin15
[from data line 169]
4822,4840,4831,17.3,170.045,-45.1186,80.5553,-59.1312,439.541,7.72714,1.21268,58.2549,0.144115,0.000306914,2.34208,1.98307,1.96598,0.820582,0.256432,0.18805,0.0854772,0.0512863,0.0341909,0,0,0,0,0,0
4841,4859,4850,17.4,170.052,-45.1199,79.2311,-59.2542,441.365,6.82374,0.980671,43.2826,0.132407,0.000209266,2.34088,1.86658,1.46879,0.688494,0.229498,0.107099,0.0611995,0.0611995,0,0,0,0,0,0,0
4862,4879,4870,17.5,170.06,-45.1218,77.9506,-60.0789,441.728,7.46545,1.15505,51.2414,0.133089,0.000245979,2.18146,1.56742,2.1653,0.904903,0.420134,0.0646359,0.129272,0.032318,0,0,0,0,0,0,0
4880,4900,4890,17.6,170.068,-45.1238,76.7637,-60.7468,442.272,6.86323,1.13475,56.8392,0.150269,0.000327649,2.11885,1.735,1.65823,0.644867,0.368495,0.0460619,0.168894,0.122832,0,0,0,0,0,0,0
4901,4917,4909,17.7,170.076,-45.126,75.6163,-60.7137,444.241,6.33065,0.956081,43.4487,0.136334,0.000219422,1.89737,1.76966,1.51425,0.69327,0.218927,0.0729758,0.109464,0.0547319,0,0,0,0,0,0,0
4918,4930,4924,17.8,170.083,-45.1278,74.3233,-61.4942,444.809,5.73411,1.01607,55.6746,0.164383,0.000347231,1.87884,1.48843,1.09802,0.634413,0.219604,0.122002,0.146403,0.122002,0.0244005,0,0,0,0,0,0
4931,4948,4940,17.9,170.09,-45.1293,73.0844,-61.9744,445.928,6.49613,1.06888,53.4563,0.150035,0.00030596,2.00283,1.74159,1.27136,0.957875,0.208991,0.0348318,0.156743,0.121911,0,0,0,0,0,0,0
4949,4968,4958,18,170.099,-45.1307,71.9656,-61.48,448.948,4.84925,0.842919,43.1654,0.153629,0.000250852,1.47394,1.07597,1.16441,0.545356,0.294787,0.0884362,0.147394,0.0442181,0.0147394,0,0,0,0,0,0
4970,4988,4979,18.1,170.109,-45.1318,70.8876,-61.1759,451.542,5.70214,1.01835,52.2264,0.153857,0.000298562,1.65144,1.10615,1.38659,0.79456,0.467388,0.109057,0.077898,0.0934776,0.0155796,0,0,0,0,0,0
4989,5008,4998,18.2,170.119,-45.1326,69.616,-61.7275,452.694,5.57401,0.977667,49.3385,0.151397,0.000280755,1.50577,1.30765,1.28123,0.91139,0.211337,0.118877,0.18492,0.0396256,0.0132085,0,0,0,0,0,0
5009,5027,5018,18.3,170.128,-45.1332,68.5732,-62.0184,454.027,5.32592,0.838009,39.1686,0.14022,0.000205326,1.56562,1.31401,1.39788,0.601088,0.251618,0.0279576,0.11183,0.0559151,0,0,0,0,0,0,0
5029,5046,5038,18.4,170.137,-45.1333,67.4432,-62.4395,455.28,4.91027,0.902384,46.9762,0.156174,0.000279952,1.23106,1.20309,1.13314,0.727447,0.279787,0.0839362,0.167872,0.0839362,0,0,0,0,0,0,0
5047,5065,5056,18.5,170.146,-45.1334,66.3179,-62.4384,457.471,4.39746,0.816792,43.9784,0.161529,0.000268615,1.2285,0.977214,0.991174,0.600289,0.349005,0.0139602,0.139602,0.0837612,0.0139602,0,0,0,0,0,0
5066,5085,5076,18.6,170.156,-45.1339,65.2811,-62.26,459.936,3.93413,0.707156,35.459,0.150429,0.000200368,0.913544,0.972482,0.957748,0.574649,0.294692,0.0736729,0.0884075,0.0589383,0,0,0,0,0,0,0
5086,5104,5095,18.7,170.167,-45.1348,64.1306,-62.1312,462.553,4.1433,0.678074,33.3516,0.147557,0.000187601,1.4697,0.844296,0.891201,0.469053,0.297067,0.0156351,0.0938106,0.0625404,0,0,0,0,0,0,0
5105,5124,5114,18.8,170.178,-45.1358,63.0439,-61.6428,465.889,4.56817,0.800775,39.7932,0.14908,0.000222293,1.20447,1.11634,0.998829,0.646301,0.367216,0.0881319,0.0734433,0.0734433,0,0,0,0,0,0,0
5125,5143,5134,18.9,170.189,-45.1365,62.1178,-60.1572,471.16,3.46077,0.656878,35.1009,0.160308,0.00020862,0.876144,0.78853,0.73012,0.569494,0.248241,0.116819,0.0584096,0.0584096,0.0146024,0,0,0,0,0,0
5144,5161,5152,19,170.199,-45.1371,61.1506,-59.785,474.096,3.52053,0.726693,43.2117,0.178391,0.00026715,0.843764,0.712836,0.829217,0.611002,0.261858,0.0581907,0.116381,0.0581907,0.0145477,0.0145477,0,0,0,0,0
5162,5178,5170,19.1,170.209,-45.1375,60.2206,-60.1441,475.373,3.48907,0.62484,30.4025,0.145969,0.000162286,0.895424,0.617534,0.879986,0.632972,0.27789,0.108068,0.0308767,0.046315,0,0,0,0,0,0,0
5179,5197,5188,19.2,170.218,-45.1383,59.135,-59.8617,478.491,3.65834,0.771912,44.2771,0.172081,0.000283642,0.863369,0.658502,0.907269,0.658502,0.204867,0.146334,0.102434,0.102434,0.0146334,0,0,0,0,0,0
5199,5215,5207,19.3,170.228,-45.1394,58.1653,-60.2113,479.958,3.41323,0.670232,34.6074,0.154905,0.000200916,0.752661,0.630134,0.857683,0.665142,0.192541,0.175037,0.105022,0.0350075,0,0,0,0,0,0,0
5216,5234,5225,19.4,170.238,-45.1406,57.1767,-60.5993,481.447,3.61235,0.678527,35.6984,0.157835,0.000214013,1.10475,0.613748,0.683891,0.718962,0.280571,0.0175357,0.12275,0.0701426,0,0,0,0,0,0,0
5235,5253,5244,19.5,170.248,-45.1425,56.2607,-60.6379,483.579,3.20152,0.664368,35.1023,0.158507,0.000203514,0.602639,0.470811,0.772131,0.828628,0.301319,0.0753298,0.131827,0,0.0188325,0,0,0,0,0,0
5254,5273,5264,19.6,170.259,-45.1449,55.3183,-60.75,485.665,2.9031,0.441826,19.5269,0.132587,9.22383e-05,0.813748,0.703782,0.813748,0.373884,0.0879727,0.0659796,0.0219932,0.0219932,0,0,0,0,0,0,0
5274,5292,5283,19.7,170.269,-45.1469,54.3565,-61.3494,486.728,3.58432,0.681196,36.4982,0.160739,0.000220568,0.981791,0.654527,0.857119,0.654527,0.171424,0.0623359,0.15584,0.031168,0.015584,0,0,0,0,0,0
5293,5310,5302,19.8,170.278,-45.1484,53.6307,-61.6279,487.952,2.64581,0.473401,22.3147,0.141411,0.000112067,0.529161,0.396871,0.831539,0.585857,0.245682,0,0.0188986,0.0377972,0,0,0,0,0,0,0
5311,5330,5320,19.9,170.289,-45.1495,52.7444,-60.7525,492.324,3.42119,0.634633,32.4731,0.153505,0.000188274,0.871744,0.756608,0.723712,0.57568,0.279616,0.065792,0.0986881,0.049344,0,0,0,0,0,0,0
5331,5349,5340,20,170.3,-45.1505,51.9777,-60.3669,495.277,2.95195,0.5098,25.1151,0.147794,0.000136921,0.727877,0.707659,0.707659,0.525689,0.141532,0.0606564,0.0202188,0.0606564,0,0,0,0,0,0,0
5351,5368,5360,20.1,170.312,-45.1513,51.045,-60.8271,496.764,2.97472,0.576978,30.3087,0.15759,0.000180555,0.545993,0.753094,0.771922,0.470684,0.225928,0.0564821,0.0941368,0.0564821,0,0,0,0,0,0,0
5369,5387,5378,20.2,170.323,-45.1521,50.2636,-61.4455,497.516,3.42227,0.640621,31.4941,0.147485,0.000171877,0.795315,0.602512,0.795315,0.698914,0.361507,0.0482009,0.0964019,0.0241005,0,0,0,0,0,0,0
5389,5404,5396,20.3,170.334,-45.1528,49.5155,-62.0427,498.235,2.80356,0.492046,23.8939,0.145681,0.000126972,0.725059,0.507541,0.797564,0.410866,0.217518,0.0966745,0,0.0483372,0,0,0,0,0,0,0
5405,5423,5414,20.4,170.345,-45.1534,48.5767,-62.6308,499.579,3.38503,0.68099,39.7015,0.174899,0.000259072,0.979876,0.734907,0.668097,0.512208,0.200429,0.0668097,0.11135,0.0890796,0.0222699,0,0,0,0,0,0
5424,5441,5432,20.5,170.356,-45.1539,47.9538,-63.1469,500.193,2.93991,0.49589,24.1518,0.146112,0.000133469,0.916335,0.534529,0.706342,0.57271,0.0381806,0.0381806,0.114542,0.0190903,0,0,0,0,0,0,0
5442,5459,5450,20.6,170.367,-45.1545,47.0882,-63.8682,501.067,3.04286,0.489488,23.4898,0.143966,0.00012679,0.932849,0.799585,0.621899,0.399792,0.155475,0.0444214,0.0444214,0.0444214,0,0,0,0,0,0,0
5461,5475,5468,20.7,170.379,-45.1551,46.3031,-64.3046,502.439,2.79409,0.447961,19.8167,0.132713,9.29179e-05,0.90619,0.377579,0.679643,0.604127,0.132153,0.0377579,0.0566369,0,0,0,0,0,0,0,0
5477,5494,5486,20.8,170.39,-45.1555,45.5582,-63.9327,505.67,3.33033,0.655099,35.4385,0.162289,0.000211567,0.71047,0.532853,1.11011,0.488448,0.288629,0.0444044,0.0888088,0.0444044,0.0222022,0,0,0,0,0,0
5495,5512,5504,20.9,170.402,-45.156,44.8246,-63.4008,509.306,2.93802,0.596313,32.5515,0.163764,0.000203399,0.659172,0.546171,0.753339,0.565004,0.169501,0.037667,0.150668,0.0565004,0,0,0,0,0,0,0
5514,5529,5522,21,170.414,-45.1568,44.0125,-63.985,510.556,3.06461,0.471257,20.7974,0.132395,9.85086e-05,0.776367,0.919383,0.653783,0.449476,0.204307,0,0.0408614,0.0204307,0,0,0,0,0,0,0
5530,5548,5539,21.1,170.425,-45.1581,43.2562,-63.2308,514.932,2.98205,0.409644,16.0768,0.117737,6.04929e-05,0.881486,0.731446,0.862731,0.393855,0.056265,0.03751,0.018755,0,0,0,0,0,0,0,0
5550,5565,5558,21.2,170.437,-45.1596,42.4962,-63.3523,517.26,2.39325,0.347565,14.8044,0.127784,6.5575e-05,0.75378,0.508802,0.640713,0.37689,0.075378,0,0.0188445,0.0188445,0,0,0,0,0,0,0
5566,5584,5575,21.3,170.447,-45.1617,41.9153,-62.7007,520.904,3.12449,0.449407,18.447,0.123142,7.66594e-05,0.895036,0.813669,0.797396,0.439381,0.0976403,0.0488202,0.0325468,0,0,0,0,0,0,0,0
5585,5603,5594,21.4,170.459,-45.1642,41.2,-62.116,524.917,2.64968,0.423124,18.3911,0.130395,8.29055e-05,0.780272,0.438903,0.731505,0.422648,0.162557,0.0975341,0.0162557,0,0,0,0,0,0,0,0
5604,5622,5613,21.5,170.471,-45.1666,40.5738,-62.7938,525.54,3.00794,0.497488,22.6367,0.136506,0.000110912,0.639187,0.770784,0.845983,0.432391,0.206796,0.0563988,0.0375992,0.0187996,0,0,0,0,0,0,0
5624,5636,5630,21.6,170.481,-45.1685,39.8042,-63.7167,526.093,2.62202,0.44778,21.9641,0.147153,0.000118289,0.757929,0.471145,0.655506,0.49163,0.143392,0.0409691,0,0.0614537,0,0,0,0,0,0,0
5637,5654,5646,21.7,170.492,-45.1698,39.0729,-63.5988,529.197,2.61378,0.436914,20.7578,0.14253,0.000110328,0.690156,0.63142,0.63142,0.425841,0.0881051,0.0587367,0.0734209,0.0146842,0,0,0,0,0,0,0
5655,5671,5663,21.8,170.504,-45.1713,38.6143,-63.2986,531.741,2.13463,0.30961,12.5157,0.121272,4.97201e-05,0.55608,0.520204,0.627833,0.304947,0.0896904,0.0179381,0.0179381,0,0,0,0,0,0,0,0
5675,5691,5683,21.9,170.518,-45.1728,37.9033,-63.7467,533.427,2.63554,0.42129,18.9491,0.134936,9.33009e-05,0.722647,0.680139,0.573867,0.382578,0.170035,0.0425087,0.063763,0,0,0,0,0,0,0,0
5694,5708,5701,22,170.53,-45.174,37.2792,-64.3462,534.436,2.13007,0.283488,11.1445,0.117936,4.31516e-05,0.776381,0.457866,0.557402,0.258794,0.0398144,0.0199072,0.0199072,0,0,0,0,0,0,0,0
5709,5725,5717,22.1,170.541,-45.175,36.7075,-64.5692,536.218,2.4148,0.309254,11.5131,0.111686,3.87363e-05,0.848442,0.609138,0.609138,0.239304,0.0870197,0.0217549,0,0,0,0,0,0,0,0,0
5726,5743,5734,22.2,170.553,-45.176,36.0762,-64.6369,538.717,2.47085,0.306935,11.0267,0.107775,3.28572e-05,1.00059,0.428826,0.633028,0.367565,0.0408405,0,0,0,0,0,0,0,0,0,0
5743,5758,5750,22.3,170.563,-45.1767,35.4618,-64.8182,540.892,2.21253,0.312191,13.3337,0.12813,6.2588e-05,0.729405,0.680778,0.461957,0.170195,0.097254,0.0243135,0.048627,0,0,0,0,0,0,0,0
5760,5775,5768,22.4,170.575,-45.1773,34.8969,-65.2015,542.38,2.0916,0.239554,8.14327,0.10198,2.15663e-05,0.79481,0.606565,0.501985,0.167328,0.020916,0,0,0,0,0,0,0,0,0,0
5777,5792,5784,22.5,170.587,-45.1778,34.3169,-65.3508,544.598,2.33771,0.29428,10.8559,0.110669,3.59616e-05,0.905599,0.610753,0.421209,0.273786,0.126363,0,0,0,0,0,0,0,0,0,0
5794,5808,5801,22.6,170.599,-45.1784,33.6909,-65.4991,547.067,2.17971,0.271401,9.74763,0.107748,2.96742e-05,0.760365,0.50691,0.658983,0.177418,0.0760365,0,0,0,0,0,0,0,0,0,0
5810,5824,5817,22.7,170.611,-45.1789,33.1175,-65.6833,549.28,2.11414,0.278822,11.0394,0.118779,4.42316e-05,0.751693,0.54028,0.54028,0.187923,0.0469808,0.0234904,0.0234904,0,0,0,0,0,0,0,0
5826,5842,5834,22.8,170.624,-45.1791,32.6507,-66.0413,550.557,2.4672,0.327425,12.682,0.116197,4.70205e-05,0.860651,0.51639,0.707646,0.306009,0.0382511,0.0191256,0.0191256,0,0,0,0,0,0,0,0
5843,5860,5852,22.9,170.637,-45.1793,32.016,-66.1047,553.487,2.23396,0.293898,11.7136,0.119568,4.76282e-05,0.854733,0.602198,0.427367,0.233109,0.0582773,0.0388515,0.0194258,0,0,0,0,0,0,0,0
5862,5876,5869,23,170.65,-45.1797,31.4307,-66.32,555.833,1.89261,0.250874,10.5566,0.126238,4.74695e-05,0.799103,0.462639,0.336465,0.168232,0.105145,0,0,0.021029,0,0,0,0,0,0,0
5878,5893,5886,23.1,170.662,-45.1804,31.0121,-66.97,556.2,2.06849,0.258079,9.45269,0.109881,3.08362e-05,0.810338,0.511793,0.426494,0.213247,0.106623,0,0,0,0,0,0,0,0,0,0
5895,5911,5903,23.2,170.674,-45.181,30.45,-67.4492,557.833,2.35462,0.293149,10.7725,0.110243,3.5285e-05,0.911465,0.557006,0.557006,0.253185,0.0506369,0.0253185,0,0,0,0,0,0,0,0,0
5912,5927,5920,23.3,170.685,-45.1814,29.9923,-67.4692,560.186,1.7946,0.205718,6.95643,0.101446,1.78206e-05,0.637555,0.590329,0.377811,0.188905,0,0,0,0,0,0,0,0,0,0,0
5928,5945,5936,23.4,170.698,-45.1815,29.384,-67.6193,563.072,1.70766,0.20977,8.00272,0.11445,3.01688e-05,0.791356,0.312377,0.374853,0.187426,0.0208252,0,0.0208252,0,0,0,0,0,0,0,0
5946,5963,5954,23.5,170.712,-45.1813,28.9271,-67.8236,565.031,2.5006,0.296846,10.5618,0.106741,3.27821e-05,1.00024,0.727446,0.477387,0.181862,0.113664,0,0,0,0,0,0,0,0,0,0
5964,5980,5972,23.6,170.726,-45.1809,28.4627,-68.1293,566.81,1.88914,0.243404,10.4376,0.128645,4.96453e-05,0.794298,0.536688,0.322013,0.193208,0,0,0.0214675,0.0214675,0,0,0,0,0,0,0
5981,5997,5989,23.7,170.74,-45.1805,27.9562,-66.7492,573.563,1.532,0.198457,8.13872,0.12303,3.63772e-05,0.64245,0.420064,0.296515,0.0741289,0.0494192,0.0247096,0.0247096,0,0,0,0,0,0,0,0
5998,6014,6006,23.8,170.753,-45.1804,27.5192,-66.4323,577.021,1.20809,0.166905,7.74233,0.139163,4.09471e-05,0.578878,0.251686,0.201349,0.0755059,0.0755059,0,0,0.0251686,0,0,0,0,0,0,0
6015,6031,6023,23.9,170.766,-45.1804,27.05,-66.8815,578.618,1.74116,0.21455,8.37849,0.117154,3.35601e-05,0.896186,0.281658,0.281658,0.230448,0.0256053,0,0.0256053,0,0,0,0,0,0,0,0
6033,6049,6041,24,170.78,-45.1806,26.615,-66.9017,581.237,1.81961,0.202577,7.03275,0.104149,2.08923e-05,0.951794,0.419909,0.195958,0.195958,0.0559879,0,0,0,0,0,0,0,0,0,0
6050,6066,6058,24.1,170.793,-45.181,26.165,-66.5386,585.11,1.78551,0.203113,6.93222,0.10239,1.83392e-05,0.856065,0.293508,0.415803,0.220131,0,0,0,0,0,0,0,0,0,0,0
6067,6082,6074,24.2,170.806,-45.1814,25.76,-65.2067,591.513,1.53729,0.169332,5.66952,0.100445,1.49245e-05,0.683239,0.370088,0.398556,0.0569366,0.0284683,0,0,0,0,0,0,0,0,0,0
6084,6100,6092,24.3,170.817,-45.182,25.2375,-64.865,595.961,1.32674,0.132279,4.09664,0.0929093,8.51384e-06,0.66337,0.317264,0.346106,0,0,0,0,0,0,0,0,0,0,0,0
6101,6117,6109,24.4,170.83,-45.1822,24.825,-64.8333,598.867,1.19719,0.115335,3.61549,0.0940432,8.2025e-06,0.788394,0.175199,0.145999,0.0875993,0,0,0,0,0,0,0,0,0,0,0
6120,6135,6128,24.5,170.844,-45.1821,24.332,-64.578,603.044,1.64484,0.203939,7.31807,0.107651,2.25585e-05,0.500604,0.536362,0.429089,0.107272,0.0715149,0,0,0,0,0,0,0,0,0,0
6136,6150,6143,24.6,170.856,-45.1819,24.0273,-64.6691,604.964,1.30781,0.130917,4.18951,0.0960041,1.05138e-05,0.621208,0.523123,0.0980855,0.0326952,0.0326952,0,0,0,0,0,0,0,0,0,0
6153,6168,6160,24.7,170.87,-45.1811,23.6322,-64.6622,607.844,1.58667,0.178099,6.16467,0.103841,1.86426e-05,0.650942,0.569574,0.244103,0.0406839,0.0813677,0,0,0,0,0,0,0,0,0,0
6168,6182,6175,24.8,170.882,-45.1807,23.2967,-64.2533,611.535,0.85781,0.0950163,3.18229,0.100476,8.07465e-06,0.408481,0.163392,0.204241,0.0816962,0,0,0,0,0,0,0,0,0,0,0
6186,6201,6194,24.9,170.897,-45.1806,22.7658,-64.1417,615.898,1.5414,0.19269,7.16365,0.111531,2.46176e-05,0.524075,0.462419,0.400763,0.0924838,0.0308279,0.0308279,0,0,0,0,0,0,0,0,0
6202,6218,6210,25,170.911,-45.1808,22.3086,-64.8086,617.514,1.40716,0.16391,6.23732,0.11416,2.5017e-05,0.541217,0.541217,0.243548,0.0541217,0,0,0.0270609,0,0,0,0,0,0,0,0
6222,6234,6228,25.1,170.925,-45.1809,22.0811,-64.7611,619.467,1.22094,0.110162,3.20555,0.0872953,5.70182e-06,0.673623,0.421015,0.126304,0,0,0,0,0,0,0,0,0,0,0,0
6235,6249,6242,25.2,170.936,-45.1809,21.7783,-64.4492,622.831,1.27655,0.130021,4.13739,0.095463,9.40278e-06,0.670186,0.287223,0.255309,0.0638273,0,0,0,0,0,0,0,0,0,0,0
6251,6265,6258,25.3,170.95,-45.1811,21.37,-64.75,625.319,1.13487,0.112131,3.53511,0.0945798,7.98305e-06,0.680921,0.194549,0.194549,0.0648496,0,0,0,0,0,0,0,0,0,0,0
6268,6281,6274,25.4,170.962,-45.1812,20.8533,-64.9489,629.102,0.930791,0.101256,3.47905,0.103076,9.69196e-06,0.620528,0.0443234,0.0886468,0.177294,0,0,0,0,0,0,0,0,0,0,0
6282,6299,6290,25.5,170.974,-45.1815,20.6069,-64.8669,631.501,0.868767,0.0806544,2.43276,0.0904883,4.92568e-06,0.527466,0.217192,0.0930822,0.0310274,0,0,0,0,0,0,0,0,0,0,0
6300,6316,6308,25.6,170.986,-45.1817,20.2631,-64.9669,634.224,0.935507,0.0892112,2.73989,0.0921373,5.83766e-06,0.498937,0.343019,0.0311836,0.0623672,0,0,0,0,0,0,0,0,0,0,0
6318,6330,6324,25.7,170.999,-45.1819,19.9627,-65.0491,636.691,0.903172,0.0915272,3.05161,0.100023,8.84265e-06,0.564483,0.188161,0.0752643,0.0376322,0.0376322,0,0,0,0,0,0,0,0,0,0
6334,6348,6341,25.8,171.01,-45.1821,19.5567,-65.3,639.668,0.935388,0.0788673,2.22945,0.0848052,3.76763e-06,0.69288,0.138576,0.103932,0,0,0,0,0,0,0,0,0,0,0,0
