data/B2SAP/Locations/Lauder/NOAA-POPS-B2SAP_GMLBalloon_20200723_R0.ict
61,1001
Thornberry, T. D.
NOAA Chemical Sciences Laboratory
Portable Optical Particle Spectrometer (POPS)
Balloon Baseline Stratospheric Aerosol Profiles (B2SAP)
1,1
2020,07,23,2024,05,28
0
TIME_START,s,Seconds since midnight UTC on flight start day,Start time of 100 m altitude bin in UTC_seconds_since_midnight
28
1.0,1.0,1.0,1.0,1.0,1.0,1.0,1.0,1.0,1.0,1.0,1.0,1.0,1.0,1.0,1.0,1.0,1.0,1.0,1.0,1.0,1.0,1.0,1.0,1.0,1.0,1.0,1.0
99999,99999,99999,99999,99999,99999,99999,99999,99999,99999,99999,99999,99999,99999,99999,99999,99999,99999,99999,99999,99999,99999,99999,99999,99999,99999,99999,99999
TIME_STOP,s,End time of 100 m altitude bin in UTC seconds since midnight,
TIME_MID,s,Mid time of 100 m altitude in UTC seconds since midnight,
GPSAlt,m,GPS reported altitude above sea level (m),
GPS_Lon,deg,GPS reported longitude,
GPS_Lat,deg,GPS reported latitude,
iMet_Pressure,mb,Pressure reported (mB),
iMet_Temperature,degrees C,Ambient temperature (oC),
THETA,K,Potential temperature from iMet,
Aerosol_concentration,cm^-3,Aerosol concentration,
Surface_Area_Conc,um^2 cm^-3,Surface area concentration,
Volume_density,um^3 cm^-3,Volume density,
Effective_radius,um,Effective radius,
Extinction,km^-1,Extinction,
Bin01,cm^-3,particle concentration in size range [140 - 170 nm],
Bin02,cm^-3,particle concentration in size range [170 - 205 nm],
Bin03,cm^-3,particle concentration in size range [205 - 249 nm],
Bin04,cm^-3,particle concentration in size range [249 - 302 nm],
Bin05,cm^-3,particle concentration in size range [302 - 366 nm],
Bin06,cm^-3,particle concentration in size range [366 - 443 nm],
Bin07,cm^-3,particle concentration in size range [443 - 537 nm],
Bin08,cm^-3,particle concentration in size range [537 - 651 nm],
Bin09,cm^-3,particle concentration in size range [651 - 789 nm],
Bin10,cm^-3,particle concentration in size range [789 - 956 nm],
Bin11,cm^-3,particle concentration in size range [956 - 1159 nm],
Bin12,cm^-3,particle concentration in size range [1159 - 1404 nm],
Bin13,cm^-3,particle concentration in size range [1404 - 1702 nm],
Bin14,cm^-3,particle concentration in size range [1702 - 2062 nm],
Bin15,cm^-3,particle concentration in size range [2062 - 2500 nm],
0
19
PI_CONTACT_INFO: 325 Broadway R/CSL6, Boulder, CO 80305; troy.thornberry@noaa.gov; 303-497-3373 
PLATFORM: GML ECC/FPH balloon
LOCATION: Lauder, NZ
ASSOCIATED_DATA: N/A
INSTRUMENT_INFO: Printed Optical Particle Spectrometer counts particles from 140 - 2500 nm in diameter 
DATA_INFO: Particle concentrations reported in number per cubic centimeter, binned to 100 m altitude
UNCERTAINTY: Counting uncertainty dominated by air flow, less than 5 percent
ULOD_FLAG: -77777
ULOD_VALUE: 3000 ~3000 per cm3 (varies depending on flow rate- manufacturer quotes 1250  per cm3 at 1.667 cc/s)
LLOD_FLAG: -88888
LLOD_VALUE: 0 0 (varies depending on data field and measurement precision)
DM_CONTACT_INFO: Troy Thornberry, 325 Broadway R/CSL6, Boulder, CO 80305; troy.thornberry@noaa.gov; 303-497-3373
PROJECT_INFO: B2SAP Lauder, NZ
STIPULATIONS_ON_USE: Please contact the PIs for questions regarding applications and uncertainties
OTHER_COMMENTS: POPS bin Edges (nm):  140, 170, 205, 249, 302, 366, 443, 537, 651, 789, 956, 1159, 1404, 1702, 2062, 2500
Calculations assume sulfate refractive index of 1.45+0.00j and extinction wavelength = 532 nm
REVISION: R0
R0: QA/QC data
TIME_START,TIME_STOP,TIME_MID,GPSAlt,GPS_Lon,GPS_Lat,iMet_Pressure,iMet_Temperature,THETA,Aerosol_concentration,Surface_Area_Conc,Volume_density,Effective_radius,Extinction,Bin01,Bin02,Bin03,Bin04,Bin05,Bin06,Bin07,Bin08,Bin09,Bin10,Bin11,Bin12,Bin13,Bin14,Bin15
[from data line 77]
81623,81641,81632,8.1,169.952,-44.9035,340.213,-48.6,305.561,7.37038,1.75349,116.426,0.19919,0.000827609,2.2242,1.43919,1.35196,0.872234,0.436117,0.392505,0.26167,0.26167,0.130835,0,0,0,0,0,0
81643,81657,81650,8.2,169.957,-44.901,335.257,-49.485,305.632,6.10917,1.27436,97.5052,0.229539,0.000515897,2.18185,1.60002,1.16365,0.363641,0.145456,0.327277,0.0727282,0.18182,0.0363641,0,0.0363641,0,0,0,0
81659,81676,81668,8.3,169.962,-44.8984,329.714,-50.4808,305.732,6.16906,1.33152,105.139,0.236885,0.000485986,2.43133,1.37897,0.725771,0.435463,0.471751,0.435463,0.145154,0.108866,0,0,0,0,0.0362886,0,0
81678,81680,81679,8.4,169.966,-44.8967,326.545,-50.92,305.972,4.95244,1.23115,85.7772,0.209017,0.000661619,1.57578,1.57578,0.675332,0,0.225111,0.225111,0.225111,0.450221,0,0,0,0,0,0,0
81689,81711,81700,8.5,169.973,-44.8935,319.687,-51.9343,306.425,6.84974,1.3087,74.4187,0.170594,0.000475291,2.17946,1.80584,1.0586,0.684974,0.498163,0.249081,0.249081,0.0622703,0.0622703,0,0,0,0,0,0
81713,81733,81723,8.6,169.979,-44.8909,314.561,-52.8036,306.63,5.99545,1.04689,53.257,0.152616,0.000307674,1.98796,1.54619,0.978204,0.56799,0.347105,0.44177,0.031555,0.0946649,0,0,0,0,0,0,0
81735,81750,81742,8.7,169.984,-44.8884,309.637,-53.6569,306.827,5.52241,1.10807,82.2545,0.222696,0.000406147,1.87489,1.60218,0.886313,0.374979,0.306801,0.136356,0.272712,0,0.034089,0,0.034089,0,0,0,0
81752,81758,81755,8.8,169.988,-44.8869,306.49,-54.175,307,6.23277,1.19385,64.6173,0.162376,0.000391737,1.66949,1.55819,0.890396,1.2243,0.445198,0.222599,0,0.222599,0,0,0,0,0,0,0
81769,81788,81778,8.9,169.997,-44.8829,300.081,-55.3257,307.233,4.03326,0.728815,45.5026,0.187301,0.000291188,1.51247,1.13435,0.504158,0.378118,0.315099,0.0630197,0,0,0.126039,0,0,0,0,0,0
81790,81807,81798,9,170.002,-44.8807,295.75,-56.009,307.541,4.49685,0.750657,37.9544,0.151685,0.000220269,1.84371,0.809433,0.809433,0.314779,0.494653,0.089937,0.0449685,0.089937,0,0,0,0,0,0,0
81809,81824,81816,9.1,170.008,-44.8782,291.198,-56.774,307.821,4.64542,0.804964,38.5594,0.143706,0.000207591,1.34002,1.25069,0.580677,0.804014,0.35734,0.17867,0.134002,0,0,0,0,0,0,0,0
81826,81844,81835,9.2,170.014,-44.8754,286.158,-57.792,307.91,4.1595,0.735126,39.177,0.159879,0.000238343,1.52068,0.894517,0.760339,0.313081,0.402533,0.134178,0,0.134178,0,0,0,0,0,0,0
81846,81863,81854,9.3,170.019,-44.8726,281.591,-58.5891,308.18,4.98508,1.22978,93.6224,0.228389,0.000658278,1.59359,1.30756,0.817227,0.326891,0.245168,0.286029,0.122584,0.0817227,0.163445,0.0408613,0,0,0,0,0
81865,81877,81871,9.4,170.025,-44.87,277.424,-59.3111,308.45,5.61202,1.25068,85.7143,0.205603,0.000571658,2.02235,1.01117,1.11229,0.353911,0.455028,0.202235,0.303352,0.0505587,0.0505587,0.0505587,0,0,0,0,0
81879,81899,81889,9.5,170.029,-44.868,272.987,-58.172,311.528,12.5418,4.95521,436.649,0.264358,0.00333082,3.4164,1.88801,1.25867,1.30363,1.16877,0.8541,1.03391,0.809147,0.584384,0.224763,0,0,0,0,0
81900,81917,81908,9.6,170.035,-44.8659,268.809,-57.16,314.382,15.602,6.37985,592.833,0.278768,0.0042386,3.84398,2.54381,1.86546,1.58282,1.52629,0.847937,1.3567,1.07405,0.565291,0.339175,0.0565291,0,0,0,0
81921,81934,81928,9.7,170.041,-44.864,264.82,-56.1533,317.197,21.3517,9.48507,887.159,0.280596,0.0062103,4.44827,2.22414,3.85517,2.07586,1.33448,1.92759,2.96552,1.18621,0.889655,0.296552,0.148276,0,0,0,0
81951,81962,81956,9.8,170.05,-44.8618,259.526,-55.5686,319.885,22.3357,10.225,990.477,0.290603,0.00682571,3.88993,3.0743,3.32527,2.69786,2.44689,1.94497,1.50578,2.13319,0.439186,0.75289,0.125482,0,0,0,0
81966,81986,81976,9.9,170.056,-44.8603,256.027,-54.8817,322.148,21.0215,9.76919,950.25,0.29181,0.00661431,3.80531,2.95558,2.95558,3.10336,1.51473,1.14529,2.29057,1.88418,0.70195,0.517226,0.147779,0,0,0,0
81987,82009,81998,10,170.064,-44.858,252.315,-54.9746,323.361,21.2943,11.2465,1160.44,0.309545,0.00818889,3.92709,3.65625,2.50521,2.06511,1.32031,1.32031,2.20052,2.30209,1.11719,0.710938,0.135417,0.0338542,0,0,0
82010,82026,82018,10.1,170.07,-44.8558,248.291,-54.7056,325.245,20.2259,10.1378,1070.12,0.316673,0.00697984,4.07463,2.84733,3.28916,2.16005,1.27639,1.03093,1.8164,2.11096,0.883656,0.441828,0.294552,0,0,0,0
82031,82046,82038,10.2,170.078,-44.8532,243.919,-53.8343,328.2,18.9191,11.2506,1213.4,0.323555,0.00835836,3.27931,2.58561,2.14416,1.89191,1.45046,1.00902,1.89191,2.58561,1.19821,0.630637,0.252255,0,0,0,0
82049,82064,82056,10.3,170.084,-44.8511,240.579,-53.4225,330.118,21.6554,12.9771,1408.66,0.325649,0.00958276,3.69992,2.44848,2.66612,2.12201,1.90437,1.57791,2.5573,2.17642,1.25144,0.979391,0.272053,0,0,0,0
82066,82087,82076,10.4,170.09,-44.8488,237.136,-52.488,332.896,20.4759,14.8467,1797.18,0.363148,0.0112339,3.2076,2.50457,2.54851,1.71365,1.23031,1.40607,2.15305,2.37275,1.62577,1.14243,0.483338,0.0878796,0,0,0
82089,82106,82098,10.5,170.096,-44.8461,233.357,-51.4045,336.065,19.2762,11.4318,1217.44,0.319485,0.00821696,2.82666,2.66962,2.23777,1.88444,1.33481,1.64888,2.04148,2.86592,1.02074,0.43185,0.314073,0,0,0,0
82108,82131,82120,10.6,170.103,-44.8435,229.646,-50.8392,338.464,21.2899,14.6545,1654.4,0.33868,0.0111633,3.26158,2.29386,2.40139,1.86376,1.14693,1.97129,2.22218,3.15406,1.68455,0.89604,0.358416,0.0358416,0,0,0
82132,82149,82140,10.7,170.11,-44.8412,226.41,-50.32,340.634,21.5052,15.9799,1871.62,0.35137,0.0120843,2.62782,2.46693,2.19879,2.09153,1.23347,1.6625,2.68145,3.32499,1.76976,0.858063,0.589918,0,0,0,0
82154,82176,82165,10.8,170.118,-44.8383,222.152,-49.5933,343.61,17.8105,12.2004,1434.08,0.352633,0.0090389,2.76946,2.29197,2.10097,1.76672,0.907237,1.33698,1.62348,2.53071,1.38473,0.620741,0.381994,0.0954986,0,0,0
82179,82200,82190,10.9,170.126,-44.8354,219.057,-49.2373,345.535,19.0506,11.7569,1335.43,0.340762,0.00834368,3.18807,2.48825,2.13834,1.67179,1.59403,1.71067,2.2161,1.90506,1.04973,0.660941,0.311031,0.116637,0,0,0
82203,82224,82214,11,170.133,-44.8324,215.533,-48.526,348.24,18.0848,10.9495,1178.67,0.32294,0.00808163,3.08556,2.14275,1.92848,1.84277,1.41422,1.41422,1.88562,2.31417,1.2428,0.557116,0.25713,0,0,0,0
82226,82247,82236,11.1,170.141,-44.8294,212.123,-47.3511,351.664,19.0297,11.0192,1187.78,0.323375,0.00810139,3.43392,2.71852,2.1462,1.95543,1.19233,1.24003,2.1462,2.24159,0.953868,0.763094,0.238467,0,0,0,0
82248,82270,82259,11.2,170.15,-44.8264,209.237,-46.685,354.088,21.0999,12.3455,1259.42,0.306042,0.00934958,3.08152,3.03873,2.22555,2.01155,1.75476,1.49796,2.56794,2.65354,1.28397,0.898778,0.042799,0.042799,0,0,0
82271,82296,82284,11.3,170.158,-44.8235,206.034,-46.3064,356.244,18.9972,12.3349,1397.5,0.33989,0.00907826,2.90867,2.333,2.333,1.66643,1.48463,1.27254,2.1209,2.72688,0.969557,0.787765,0.363584,0.0302986,0,0,0
82299,82306,82302,11.4,170.166,-44.8209,203.91,-46.2567,357.374,21.9859,13.5304,1509.95,0.334791,0.0100434,2.42702,3.42638,3.14085,2.99808,1.42766,0.999361,2.85532,1.99872,1.14213,1.28489,0.142766,0.142766,0,0,0
82315,82365,82340,11.6,170.186,-44.8149,198.203,-46.0133,360.687,20.2163,13.9008,1599.84,0.34527,0.00965027,1.82677,2.07034,2.07034,2.31391,1.94855,2.80105,1.94855,3.04462,1.21785,0.365354,0.487139,0,0.121785,0,0
82372,82388,82380,11.7,170.194,-44.8124,193.933,-46.2,362.627,16.8201,12.6475,1470.67,0.348845,0.00953104,1.64545,2.19393,1.27979,1.55403,1.3712,1.46262,2.46817,2.19393,1.55403,0.639895,0.457068,0,0,0,0
82390,82408,82399,11.8,170.199,-44.8106,191.602,-46.175,363.92,18.45,12.2418,1320.84,0.323687,0.00939427,2.25,2.43,1.98,1.8,1.17,1.17,2.43,3.06,1.08,0.900001,0,0.18,0,0,0
82416,82425,82420,11.9,170.206,-44.8082,188.65,-46,365.815,17.5365,8.83169,891.673,0.302888,0.00626224,3.14758,2.78785,2.60799,1.79861,1.07917,1.25903,1.25903,1.88855,1.34896,0.179861,0.179861,0,0,0,0
82432,82451,82442,12,170.213,-44.806,185.872,-46.516,366.548,14.3324,6.30785,613.18,0.291627,0.00415302,3.34666,2.25536,1.67333,1.67333,1.01855,0.800288,1.30956,1.45507,0.509274,0.145507,0.145507,0,0,0,0
82460,82460,82460,12.1,170.219,-44.804,183.57,-46.74,367.487,13.1482,10.2,1252,0.368235,0.00783055,1.82614,1.46091,1.46091,1.46091,0.730455,1.09568,0.730455,1.82614,1.46091,0.730455,0,0.365228,0,0,0
82470,82489,82480,12.2,170.225,-44.8025,181.08,-46.755,368.9,13.8796,6.88836,719.424,0.313322,0.00455456,3.28727,1.82626,1.64363,0.913129,1.09576,1.09576,1.82626,1.09576,0.913129,0,0,0,0.182626,0,0
82501,82510,82506,12.3,170.23,-44.8005,177.37,-47.2267,370.306,12.5963,4.31302,400.263,0.27841,0.00254714,4.28028,1.83441,1.71211,1.34523,0.611469,0.733762,0.856056,0.611469,0.489175,0,0.122294,0,0,0,0
82514,82527,82520,12.4,170.235,-44.7992,174.68,-46.6967,372.807,13.8032,6.31454,690.924,0.328254,0.00412645,3.29811,2.19874,2.07659,1.71013,1.09937,0.366456,0.977217,1.09937,0.366456,0.366456,0.244304,0,0,0,0
82529,82542,82536,12.5,170.238,-44.7981,172.268,-46.316,374.922,13.2883,4.95337,467.689,0.283255,0.00292661,3.57761,2.77448,1.46025,1.1682,0.803138,0.803138,1.24121,1.09519,0.146025,0.0730125,0.0730125,0.0730125,0,0,0
82546,82557,82552,12.6,170.243,-44.7963,169.453,-46.5767,376.252,12.4918,4.26622,352.392,0.247801,0.00270073,3.65612,2.13274,1.82806,0.914031,0.974966,0.609354,1.0359,0.79216,0.426548,0.121871,0,0,0,0,0
82566,82577,82572,12.7,170.25,-44.7945,166.796,-46.048,378.833,11.9599,4.2398,410.125,0.290197,0.00243942,2.98998,2.62535,1.45853,1.45853,1.02097,0.656337,0.583411,0.583411,0.364632,0.0729263,0.145853,0,0,0,0
82581,82594,82588,12.8,170.255,-44.7931,164.5,-46.42,379.726,13.0732,5.22336,549.29,0.315481,0.00331851,4.20537,2.28553,1.46274,1.27989,0.822789,0.457105,1.09705,0.639947,0.365684,0.274263,0.182842,0,0,0,0
82597,82607,82602,12.9,170.259,-44.7922,162.408,-46.616,380.784,12.4839,4.64626,474.662,0.30648,0.00292079,3.9423,2.77421,1.09508,1.38711,0.730055,0.292022,0.876066,0.65705,0.365028,0.219017,0.146011,0,0,0,0
82612,82628,82620,13,170.266,-44.7911,159.926,-46.856,382.055,13.4508,5.28171,457.867,0.260067,0.00343262,2.90828,2.47204,1.16331,1.89038,1.16331,1.0179,1.38143,0.727069,0.436241,0.290828,0,0,0,0,0
82632,82648,82640,13.1,170.273,-44.7902,156.918,-47.448,383.126,13.2674,6.44622,665.167,0.309561,0.00459486,2.69722,2.04114,1.96824,1.60375,0.801875,0.874773,1.02057,1.16636,0.364489,0.65608,0.0728977,0,0,0,0
82656,82656,82656,13.2,170.277,-44.7895,155,-47.49,384.411,10.6268,4.65587,547.734,0.352931,0.00260525,4.03086,1.46577,0,1.46577,1.09932,0.732883,0.366441,1.09932,0,0,0.366441,0,0,0,0
82671,82684,82678,13.3,170.286,-44.788,152.387,-47.645,386.014,13.2244,5.01563,468.34,0.280128,0.00312337,4.22446,2.11223,0.826524,1.56121,0.734688,1.56121,0.826524,0.642852,0.45918,0.183672,0.091836,0,0,0,0
82699,82714,82706,13.4,170.294,-44.7864,149.78,-47.4614,388.232,13.6751,5.4826,511.708,0.279999,0.00364343,3.2485,3.3009,1.20509,1.0479,1.1003,0.838323,1.0479,1.1003,0.471557,0.261976,0,0.0523952,0,0,0
82715,82740,82728,13.5,170.303,-44.7843,147.637,-47.282,390.149,11.523,4.80159,479.026,0.299292,0.00303769,2.57535,2.08009,1.65087,1.28768,0.891468,0.792416,0.693364,0.792416,0.49526,0.132069,0.0660347,0.0660347,0,0,0
82741,82766,82754,13.6,170.312,-44.7818,145.644,-47.4525,391.374,11.9605,5.2782,544.615,0.309546,0.003601,2.91525,2.29626,1.69723,0.998373,0.838633,0.539122,0.898536,0.758764,0.618991,0.279544,0.0998373,0.0199675,0,0,0
82771,82794,82782,13.7,170.322,-44.7792,142.974,-46.7567,394.657,12.9882,6.17027,694.12,0.337483,0.00411532,2.96471,2.75294,1.8353,1.05882,0.952942,0.458824,0.988236,0.776471,0.635295,0.317647,0.141177,0.105882,0,0,0
82801,82826,82814,13.8,170.33,-44.7775,141.013,-47.1375,395.547,12.2608,6.2199,719.566,0.347063,0.00426033,3.29791,1.75534,1.54257,1.27661,1.01065,0.6649,0.611708,0.93086,0.39894,0.53192,0.186172,0.053192,0,0,0
82827,82849,82838,13.9,170.338,-44.7758,139.141,-47.5487,396.343,11.1882,5.46328,556.784,0.305742,0.003916,2.42875,1.91115,1.2741,1.23428,0.716681,0.716681,0.875943,0.875943,0.796312,0.278709,0.0398156,0.0398156,0,0,0
82856,82875,82866,14,170.347,-44.774,136.993,-47.94,397.422,13.0441,6.3172,763.278,0.362476,0.00382765,2.72085,2.40075,1.9206,1.84058,0.9603,0.80025,0.80025,0.6402,0.16005,0.400125,0.3201,0.080025,0,0,0
82890,82900,82895,14.1,170.355,-44.7724,134.44,-48.335,398.856,10.5819,4.99619,552.105,0.331515,0.00344468,2.88596,1.76364,1.28265,1.12232,0.641325,0.641325,0.641325,0.480994,0.641325,0.320663,0.160331,0,0,0,0
82910,82910,82910,14.2,170.36,-44.7715,133.09,-48.58,399.567,13.1615,4.92443,406.057,0.247373,0.00322454,2.24709,3.21012,1.60506,1.92607,0.642025,0.963037,0.321012,1.60506,0.642025,0,0,0,0,0,0
82919,82935,82927,14.3,170.367,-44.7708,131.024,-49.222,400.221,10.6882,5.28038,608.365,0.345637,0.0032459,2.12476,1.73844,1.80282,1.15896,0.772638,0.772638,0.515092,1.09457,0.321933,0.0643865,0.257546,0.0643865,0,0,0
82946,82946,82946,14.4,170.372,-44.7705,129.24,-49.52,401.255,12.2497,4.17509,334.663,0.240471,0.00262368,3.22362,1.93417,2.57889,0.644723,0.644723,0.967085,0.967085,0.644723,0.644723,0,0,0,0,0,0
82972,82981,82976,14.5,170.382,-44.7694,126.69,-50.065,402.556,13.879,4.67198,428.179,0.274945,0.00253772,3.19058,2.87152,2.2334,1.91435,0.638115,0.957173,0.957173,0.638115,0.319058,0,0.159529,0,0,0,0
82996,82998,82997,14.6,170.39,-44.7686,124.4,-50.5725,403.75,11.0121,4.84948,455.48,0.281771,0.00340976,2.59109,1.45749,1.61943,1.29554,0.566801,0.809715,0.971658,0.971658,0.323886,0.404858,0,0,0,0,0
82999,83019,83009,14.7,170.397,-44.768,123.167,-49.89,406.142,13.9802,6.34596,639.145,0.302151,0.004314,2.88142,2.50791,1.97431,1.44071,0.960475,0.747036,1.65415,0.800396,0.426878,0.480237,0.106719,0,0,0,0
83021,83045,83033,14.8,170.406,-44.7674,120.91,-50.0417,408.01,10.4474,4.19633,419.085,0.299608,0.00268317,3.01574,1.66943,1.23861,1.29246,0.592378,0.592378,0.646231,0.861641,0.21541,0.21541,0.107705,0,0,0,0
83051,83067,83059,14.9,170.411,-44.767,119.086,-50.0971,409.677,11.9582,5.75598,611.318,0.318617,0.00399634,2.44705,2.2162,1.75449,1.06193,1.06193,0.507879,0.877246,1.01576,0.461708,0.415537,0.138512,0,0,0,0
83068,83087,83078,15,170.418,-44.7662,117.311,-50.361,410.965,10.4839,4.86093,474.486,0.292836,0.00336323,2.0709,1.94147,1.26196,1.00309,0.808946,0.679515,0.938378,1.06781,0.388294,0.258863,0.0647157,0,0,0,0
83088,83105,83096,15.1,170.425,-44.7648,115.696,-50.504,412.327,10.4907,6.50344,793.855,0.366201,0.00432103,2.07223,1.61893,0.906602,0.71233,1.03612,0.971359,1.42466,0.647573,0.388544,0.323786,0.323786,0.0647573,0,0,0
83106,83123,83114,15.2,170.431,-44.7634,113.99,-50.4188,414.233,11.7732,5.9562,642.011,0.323366,0.00398609,2.18472,1.86106,2.02289,0.970987,0.728241,0.849614,1.21373,1.0519,0.404578,0.283205,0.121373,0.0809156,0,0,0
83124,83137,83130,15.3,170.437,-44.762,112.222,-50.612,415.736,11.338,5.71728,598.967,0.314293,0.00399865,2.07324,1.94366,1.42535,1.29577,0.842253,0.712676,1.29577,0.583098,0.712676,0.323944,0.129577,0,0,0,0
83142,83156,83149,15.4,170.442,-44.7608,110.495,-51.0283,416.798,10.1092,4.74846,475.412,0.300357,0.00316943,2.2705,1.29743,1.35149,0.973074,0.810895,0.810895,1.18931,0.702775,0.378417,0.216239,0.108119,0,0,0,0
83160,83177,83168,15.5,170.448,-44.7591,108.8,-51.0717,418.556,9.95483,5.04886,535.353,0.318103,0.0034081,1.73127,1.56897,1.73127,0.865637,0.486921,0.865637,1.13615,0.757433,0.432819,0.216409,0.162307,0,0,0,0
83182,83194,83188,15.6,170.454,-44.7575,106.762,-51.618,419.796,11.3962,5.80791,617.639,0.319034,0.00407237,2.46053,1.55402,1.48927,1.35977,0.71226,0.906512,0.906512,0.906512,0.582758,0.388505,0.0647509,0.0647509,0,0,0
83195,83210,83202,15.7,170.458,-44.7562,105.4,-52,420.611,9.20884,3.84097,325.821,0.254483,0.0024955,1.4669,1.71138,1.22241,0.814942,0.733448,1.05942,1.14092,0.651953,0.244483,0.162988,0,0,0,0,0
83216,83223,83220,15.8,170.463,-44.7547,103.81,-52.725,421.049,11.5182,6.83772,767.027,0.336528,0.00478395,1.71548,1.30703,1.79717,1.14365,0.980272,1.14365,1.14365,1.06196,0.571825,0.408447,0.245068,0,0,0,0
83231,83240,83236,15.9,170.468,-44.7533,102.45,-53.47,421.206,9.07904,6.44748,844.375,0.392886,0.00457155,1.85956,1.31263,1.20325,0.765702,0.328158,0.765702,0.437544,0.984474,0.656316,0.328158,0.437544,0,0,0,0
