data/B2SAP/Locations/Lauder/NOAA-POPS-B2SAP_GMLBalloon_20200723_R0.ict
61,1001
Thornberry, T. D.
NOAA Chemical Sciences Laboratory
Portable Optical Particle Spectrometer (POPS)
Balloon Baseline Stratospheric Aerosol Profiles (B2SAP)
1,1
2020,07,23,2024,05,28
0
TIME_START,s,Seconds since midnight UTC on flight start day,Start time of 100 m altitude bin in UTC_seconds_since_midnight
28
1.0,1.0,1.0,1.0,1.0,1.0,1.0,1.0,1.0,1.0,1.0,1.0,1.0,1.0,1.0,1.0,1.0,1.0,1.0,1.0,1.0,1.0,1.0,1.0,1.0,1.0,1.0,1.0
99999,99999,99999,99999,99999,99999,99999,99999,99999,99999,99999,99999,99999,99999,99999,99999,99999,99999,99999,99999,99999,99999,99999,99999,99999,99999,99999,99999
TIME_STOP,s,End time of 100 m altitude bin in UTC seconds since midnight,
TIME_MID,s,Mid time of 100 m altitude in UTC seconds since midnight,
GPSAlt,m,GPS reported altitude above sea level (m),
GPS_Lon,deg,GPS reported longitude,
GPS_Lat,deg,GPS reported latitude,
iMet_Pressure,mb,Pressure reported (mB),
iMet_Temperature,degrees C,Ambient temperature (oC),
THETA,K,Potential temperature from iMet,
Aerosol_concentration,cm^-3,Aerosol concentration,
Surface_Area_Conc,um^2 cm^-3,Surface area concentration,
Volume_density,um^3 cm^-3,Volume density,
Effective_radius,um,Effective radius,
Extinction,km^-1,Extinction,
Bin01,cm^-3,particle concentration in size range [140 - 170 nm],
Bin02,cm^-3,particle concentration in size range [170 - 205 nm],
Bin03,cm^-3,particle concentration in size range [205 - 249 nm],
Bin04,cm^-3,particle concentration in size range [249 - 302 nm],
Bin05,cm^-3,particle concentration in size range [302 - 366 nm],
Bin06,cm^-3,particle concentration in size range [366 - 443 nm],
Bin07,cm^-3,particle concentration in size range [443 - 537 nm],
Bin08,cm^-3,particle concentration in size range [537 - 651 nm],
Bin09,cm^-3,particle concentration in size range [651 - 789 nm],
Bin10,cm^-3,particle concentration in size range [789 - 956 nm],
Bin11,cm^-3,particle concentration in size range [956 - 1159 nm],
Bin12,cm^-3,particle concentration in size range [1159 - 1404 nm],
Bin13,cm^-3,particle concentration in size range [1404 - 1702 nm],
Bin14,cm^-3,particle concentration in size range [1702 - 2062 nm],
Bin15,cm^-3,particle concentration in size range [2062 - 2500 nm],
0
19
PI_CONTACT_INFO: 325 Broadway R/CSL6, Boulder, CO 80305; troy.thornberry@noaa.gov; 303-497-3373 
PLATFORM: GML ECC/FPH balloon
LOCATION: Lauder, NZ
ASSOCIATED_DATA: N/A
INSTRUMENT_INFO: Printed Optical Particle Spectrometer counts particles from 140 - 2500 nm in diameter 
DATA_INFO: Particle concentrations reported in number per cubic centimeter, binned to 100 m altitude
UNCERTAINTY: Counting uncertainty dominated by air flow, less than 5 percent
ULOD_FLAG: -77777
ULOD_VALUE: 3000 ~3000 per cm3 (varies depending on flow rate- manufacturer quotes 1250  per cm3 at 1.667 cc/s)
LLOD_FLAG: -88888
LLOD_VALUE: 0 0 (varies depending on data field and measurement precision)
DM_CONTACT_INFO: Troy Thornberry, 325 Broadway R/CSL6, Boulder, CO 80305; troy.thornberry@noaa.gov; 303-497-3373
PROJECT_INFO: B2SAP Lauder, NZ
STIPULATIONS_ON_USE: Please contact the PIs for questions regarding applications and uncertainties
OTHER_COMMENTS: POPS bin Edges (nm):  140, 170, 205, 249, 302, 366, 443, 537, 651, 789, 956, 1159, 1404, 1702, 2062, 2500
Calculations assume sulfate refractive index of 1.45+0.00j and extinction wavelength = 532 nm
REVISION: R0
R0: QA/QC data
TIME_START,TIME_STOP,TIME_MID,GPSAlt,GPS_Lon,GPS_Lat,iMet_Pressure,iMet_Temperature,THETA,Aerosol_concentration,Surface_Area_Conc,Volume_density,Effective_radius,Extinction,Bin01,Bin02,Bin03,Bin04,Bin05,Bin06,Bin07,Bin08,Bin09,Bin10,Bin11,Bin12,Bin13,Bin14,Bin15
78341,80249,79295,0.4,169.683,-45.0376,961.822,2.19121,278.421,39.8587,11.9307,1049.92,0.264004,0.00573629,9.02564,7.83876,6.36342,5.1961,4.06789,3.05214,2.56077,1.05487,0.306803,0.144234,0.108787,0.0708948,0.0330027,0.0256688,0.00977859
80250,80268,80259,0.5,169.683,-45.0378,951.452,3.27471,280.381,15.9702,6.09317,740.928,0.3648,0.00320267,3.5513,3.14726,2.48804,1.87135,1.5949,1.23339,1.08453,0.446571,0.170122,0.127592,0.0425306,0.0850612,0.0850612,0.0212653,0.0212653
80269,80286,80278,0.6,169.684,-45.0383,940.379,2.73667,280.776,10.5515,4.42155,513.918,0.348691,0.00258382,1.86202,2.0222,1.58172,1.40152,1.04113,0.880957,0.80087,0.4605,0.200217,0.160174,0.080087,0.0400435,0,0,0.0200217
80287,80303,80295,0.7,169.685,-45.0387,929.082,1.96944,280.966,9.4142,3.46369,329.048,0.284997,0.0018962,1.98086,1.96044,1.12317,1.04148,1.08233,0.837272,0.551374,0.530953,0.122528,0.0612638,0.0816851,0.0408425,0,0,0
80304,80322,80313,0.8,169.687,-45.0394,917.285,1.03706,281.035,9.34182,4.03692,472.007,0.350767,0.00230623,1.90649,1.69466,1.41928,1.03798,0.953247,0.762598,0.720231,0.338932,0.233016,0.0847331,0.0847331,0.0423665,0.0423665,0.0211833,0
80323,80341,80332,0.9,169.689,-45.04,906.304,0.395,281.341,7.91498,3.68121,461.209,0.375862,0.00203262,1.30221,1.42429,1.30221,1.05804,0.915615,0.61041,0.630757,0.183123,0.20347,0.061041,0.081388,0.061041,0.061041,0.020347,0
80342,80358,80350,1,169.691,-45.0406,894.105,-0.459412,281.554,7.1437,3.21078,362.191,0.338414,0.00191373,1.32608,1.34746,1.11219,0.89831,0.791368,0.38499,0.470543,0.363602,0.106942,0.192495,0.0427767,0.0855533,0.0213883,0,0
80358,80376,80367,1.1,169.692,-45.0411,882.914,-1.41667,281.578,7.1499,3.30075,459.931,0.418025,0.00192289,1.43408,1.51602,1.22921,0.655578,0.819473,0.471197,0.286816,0.286816,0.122921,0.163895,0.0614605,0.0204868,0.0614605,0,0.0204868
80377,80395,80386,1.2,169.693,-45.0415,871.669,-2.036,281.964,5.65695,3.15112,415.44,0.395517,0.00191868,1.30829,1.05031,0.755489,0.608077,0.423811,0.165839,0.552797,0.239545,0.202692,0.0921328,0.165839,0.0552797,0.0368531,0,0
80396,80416,80406,1.3,169.694,-45.0419,860.563,-2.5081,282.503,4.0957,2.09433,275.41,0.394508,0.00131955,0.843749,0.755858,0.685546,0.36914,0.36914,0.210937,0.28125,0.298828,0.0703124,0.105469,0.0527343,0.0175781,0.0175781,0.0175781,0
80417,80442,80430,1.4,169.694,-45.0423,849.561,-3.44615,282.568,3.68909,2.30155,344.959,0.449643,0.00147607,0.868859,0.626718,0.427308,0.413064,0.213654,0.313359,0.213654,0.242141,0.113949,0.0997052,0.071218,0.0427308,0.0142436,0.0284872,0
80443,80464,80454,1.5,169.695,-45.0425,839.045,-4.125,282.859,3.57059,1.95464,258.743,0.397121,0.00115892,0.925022,0.629015,0.481012,0.351508,0.166504,0.222005,0.240506,0.222005,0.166504,0,0.0740018,0.0555013,0.0370009,0,0
80466,80488,80477,1.6,169.696,-45.0426,828.84,-4.83917,283.094,3.55347,2.37301,395.369,0.499831,0.00149295,0.977593,0.558625,0.341382,0.434486,0.248278,0.217243,0.139656,0.279312,0.124139,0.046552,0.0620694,0.0620694,0.0155173,0.046552,0
80489,80508,80498,1.7,169.697,-45.0426,818.597,-5.74579,283.141,3.27306,2.1997,310.423,0.423362,0.00146892,0.650668,0.433779,0.374627,0.295758,0.374627,0.177455,0.35491,0.236607,0.138021,0.0985861,0.0788689,0.0394344,0,0.0197172,0
80509,80528,80518,1.8,169.699,-45.0423,808.29,-6.656,283.206,2.81965,2.04334,319.714,0.469399,0.00122127,0.541522,0.41081,0.392136,0.261424,0.261424,0.261424,0.186732,0.224078,0.0373463,0.0373463,0.130712,0.0373463,0.0186732,0.0186732,0
80529,80548,80538,1.9,169.701,-45.042,797.637,-7.45429,283.427,2.78962,1.7022,224.866,0.396309,0.00108935,0.697404,0.339761,0.339761,0.286114,0.268232,0.196704,0.160939,0.214586,0.0536464,0.107293,0.0894107,0.0178821,0.0178821,0,0
80550,80569,80560,2,169.703,-45.0412,787.217,-7.96333,283.946,2.75467,1.14957,132.833,0.346652,0.000669236,0.733387,0.590287,0.35775,0.268312,0.232537,0.1431,0.125212,0.125212,0.0715499,0.035775,0.0536624,0.0178875,0,0,0
80570,80589,80580,2.1,169.706,-45.0403,776.936,-8.17889,284.787,3.18433,2.27491,340.548,0.449091,0.00156459,0.607536,0.733234,0.335192,0.293293,0.209495,0.0837981,0.188546,0.230445,0.251394,0.0837981,0.104748,0.0418991,0,0.0209495,0
80591,80606,80598,2.2,169.709,-45.0388,767.382,-8.35529,285.605,3.71903,2.16026,271.756,0.377394,0.00149652,0.885484,0.730525,0.619839,0.177097,0.0885484,0.15496,0.287782,0.332057,0.221371,0.110686,0.0442742,0.0221371,0.0442742,0,0
80607,80627,80617,2.3,169.713,-45.037,757.358,-6.531,288.654,3.90325,1.50021,149.544,0.299045,0.00092852,0.905102,0.886245,0.527976,0.358269,0.339413,0.282844,0.188563,0.15085,0.15085,0.0754251,0.0188563,0.0188563,0,0,0
80628,80645,80636,2.4,169.717,-45.0352,747.716,-5.49937,290.831,3.79141,0.917664,59.8424,0.195635,0.000423336,1.13036,0.753571,0.565179,0.423884,0.353237,0.188393,0.25904,0.0470982,0.0706473,0,0,0,0,0,0
80648,80662,80655,2.5,169.72,-45.0336,738.306,-5.93857,291.412,0.992459,0.299845,20.4527,0.204634,0.000154045,0.107293,0.241409,0.214586,0.0804697,0.160939,0.0268232,0.0804697,0.0804697,0,0,0,0,0,0,0
80663,80678,80670,2.6,169.724,-45.0321,729.506,-6.355,291.953,2.34691,0.608972,44.1284,0.217391,0.00029403,0.50672,0.560059,0.346703,0.346703,0.320033,0.0800084,0.106678,0,0.0533389,0.0266695,0,0,0,0,0
80678,80694,80686,2.7,169.726,-45.0304,720.582,-6.7375,292.559,3.14743,1.00737,91.7396,0.273205,0.00053122,0.81023,0.623254,0.467441,0.436278,0.249302,0.124651,0.218139,0.0934881,0.0934881,0,0,0.0311627,0,0,0
80695,80708,80702,2.8,169.729,-45.0289,711.273,-7.35643,292.971,3.11212,0.764858,58.6908,0.230203,0.000274868,0.670714,0.617057,0.643886,0.590229,0.134143,0.321943,0.0804857,0.0268286,0,0,0.0268286,0,0,0,0
80709,80724,80716,2.9,169.732,-45.0272,701.225,-7.78615,293.687,1.77102,0.5475,59.0756,0.323702,0.000249439,0.522596,0.46453,0.261298,0.116133,0.116133,0.116133,0.0580663,0.0870994,0,0,0,0,0.0290331,0,0
80725,80738,80732,3,169.734,-45.026,693.787,-8.31182,293.997,2.96126,0.795697,71.0749,0.267972,0.000337669,0.782862,0.8169,0.340375,0.340375,0.306337,0.102112,0.204225,0,0.0340375,0,0,0.0340375,0,0,0
80742,80754,80748,3.1,169.738,-45.024,682.906,-9.24286,294.292,2.89589,0.929988,93.7724,0.302495,0.000461216,0.92887,0.710313,0.218558,0.273197,0.218558,0.218558,0.109279,0.163918,0,0,0.0546394,0,0,0,0
80754,80768,80761,3.2,169.74,-45.0226,675.99,-9.823,294.502,3.02928,0.69851,46.345,0.199045,0.000325599,0.908784,0.643722,0.56799,0.37866,0.113598,0.151464,0.151464,0.037866,0.075732,0,0,0,0,0,0
80769,80782,80776,3.3,169.743,-45.0208,666.56,-10.1923,295.268,1.34421,0.339144,22.9745,0.203227,0.000168251,0.496773,0.262997,0.175332,0.0584439,0.0292219,0.175332,0.116888,0,0.0292219,0,0,0,0,0,0
80785,80796,80790,3.4,169.746,-45.0191,658.017,-10.712,295.772,0.609353,0.19799,20.7718,0.314741,0.000139372,0.152338,0.266592,0.0761691,0.0380846,0,0,0,0.0380846,0,0.0380846,0,0,0,0,0
80797,80810,80804,3.5,169.749,-45.0174,649.32,-11.1389,296.42,0.629736,0.159235,12.2592,0.230965,8.88368e-05,0.16793,0.16793,0.16793,0,0.0419824,0.0419824,0,0,0.0419824,0,0,0,0,0,0
80813,80825,80819,3.6,169.752,-45.0156,640.772,-11.82,296.768,0.989664,0.312216,23.3768,0.224622,0.00017692,0.228384,0.19032,0.076128,0.228384,0.038064,0.076128,0.076128,0.038064,0.038064,0,0,0,0,0,0
80826,80840,80833,3.7,169.755,-45.0143,633.719,-12.205,297.266,1.81812,0.385105,29.0212,0.226078,0.000188959,0.60604,0.542246,0.382762,0.0637937,0.0637937,0.0318969,0.0318969,0.0637937,0,0.0318969,0,0,0,0,0
80842,80857,80850,3.8,169.759,-45.0127,624.673,-12.9658,297.627,2.93724,0.838066,77.9677,0.279099,0.000385595,0.734309,0.925868,0.351191,0.223485,0.159632,0.351191,0.063853,0.063853,0,0.0319265,0,0.0319265,0,0,0
80859,80872,80866,3.9,169.763,-45.011,616.658,-13.7664,297.804,4.72215,1.13232,94.732,0.250985,0.000486828,1.36418,1.18928,0.699578,0.769536,0.244852,0.174895,0.104937,0.0699578,0.0349789,0.0349789,0.0349789,0,0,0,0
80875,80892,80884,4,169.767,-45.0091,607.526,-14.6571,298.046,3.9418,0.706226,38.3375,0.162855,0.000234317,1.15535,1.20066,0.656966,0.362464,0.294502,0.11327,0.0679621,0.0679621,0.022654,0,0,0,0,0,0
80893,80911,80902,4.1,169.771,-45.0073,599.815,-15.3911,298.293,6.30156,1.01357,53.7112,0.158976,0.000294279,2.47331,1.50549,1.05384,0.537676,0.387127,0.21507,0.0645211,0.021507,0.021507,0.021507,0,0,0,0,0
80912,80930,80921,4.2,169.775,-45.0054,592.234,-16.14,298.505,2.21674,0.491254,30.719,0.187595,0.000212819,0.695954,0.438193,0.360865,0.283537,0.206209,0.0257761,0.12888,0.0515521,0.0257761,0,0,0,0,0,0
80931,80948,80940,4.3,169.78,-45.0031,584.392,-16.9331,298.718,1.99991,0.336942,16.646,0.148209,9.30477e-05,0.656686,0.417891,0.44774,0.238795,0.119397,0.0596987,0.0298493,0.0298493,0,0,0,0,0,0,0
80949,80966,80958,4.4,169.784,-45.001,577.099,-17.7419,298.851,8.25035,1.5945,96.8109,0.182146,0.000598676,2.62843,2.02,1.53325,0.876143,0.511084,0.243373,0.26771,0.0973493,0.0243373,0.0486746,0,0,0,0,0
80967,80988,80978,4.5,169.788,-44.9986,569.076,-18.5167,299.135,13.8438,3.02423,185.053,0.183571,0.00113142,4.00511,3.0909,2.04609,1.61075,1.19718,0.957744,0.761842,0.130601,0.0217669,0,0.0217669,0,0,0,0
80989,81007,80998,4.6,169.793,-44.9963,561.572,-19.275,299.375,8.20106,1.73492,112.285,0.194161,0.000627413,2.43639,1.91431,1.2182,1.06592,0.696112,0.43507,0.282795,0.0870139,0.043507,0,0,0.0217535,0,0,0
81008,81026,81017,4.7,169.797,-44.9942,554.295,-20.0273,299.608,1.4646,0.392052,31.201,0.238752,0.000207249,0.464385,0.321498,0.107166,0.285776,0.0714439,0.0714439,0.0714439,0.0357219,0,0.0357219,0,0,0,0,0
81027,81048,81038,4.8,169.802,-44.9918,545.898,-20.8794,299.9,0.807076,0.165329,9.48467,0.172105,6.23093e-05,0.244568,0.220112,0.0733705,0.122284,0.0489137,0.0489137,0.0244568,0.0244568,0,0,0,0,0,0,0
81049,81066,81058,4.9,169.806,-44.9892,538.055,-21.79,300.057,1.00351,0.238412,16.3991,0.206354,0.000116249,0.334504,0.212866,0.182457,0,0.152047,0.0608189,0,0.0304094,0.0304094,0,0,0,0,0,0
81067,81083,81075,5,169.81,-44.9869,531.401,-22.6108,300.145,1.00919,0.259543,17.7225,0.20485,0.000136271,0.397558,0.21407,0.0917442,0.0305814,0.0611628,0.0611628,0.0917442,0.0611628,0,0,0,0,0,0,0
81084,81101,81092,5.1,169.814,-44.9845,524.447,-23.35,300.385,1.1945,0.333013,22.1159,0.199235,0.000151965,0.289576,0.144788,0.108591,0.289576,0.108591,0.180985,0.036197,0,0.036197,0,0,0,0,0,0
81102,81119,81110,5.2,169.818,-44.9819,516.999,-24.3592,300.395,1.55383,0.4713,34.2945,0.218297,0.000263057,0.426541,0.335139,0.152336,0.121869,0.152336,0.121869,0.121869,0.0914016,0.0304672,0,0,0,0,0,0
81121,81135,81128,5.3,169.821,-44.9797,510.452,-25.24,300.421,1.70097,0.62057,54.5933,0.263919,0.000401507,0.398099,0.289526,0.289526,0.144763,0.217145,0.108572,0.0361908,0.108572,0.0723816,0.0361908,0,0,0,0,0
81136,81152,81144,5.4,169.824,-44.9775,503.909,-26.1093,300.478,1.62829,0.531304,42.5502,0.240259,0.000310063,0.560558,0.186853,0.186853,0.0800798,0.213546,0.16016,0.133466,0.0533865,0.0266933,0.0266933,0,0,0,0,0
81154,81168,81161,5.5,169.828,-44.9749,496.957,-26.9321,300.671,1.12149,0.575842,65.749,0.342536,0.000373381,0.316319,0.143781,0.0862688,0.143781,0.0287563,0.115025,0.143781,0.0575125,0.0287563,0.0287563,0.0287563,0,0,0,0
81171,81187,81179,5.6,169.832,-44.9722,489.764,-27.7673,300.899,1.07739,0.333343,25.463,0.22916,0.000201233,0.188544,0.377088,0.188544,0.0269348,0.0538697,0.0269348,0.107739,0.0808045,0.0269348,0,0,0,0,0,0
81188,81206,81197,5.7,169.838,-44.9693,482.588,-28.6656,301.062,1.24871,0.424914,34.7123,0.245078,0.000248626,0.331291,0.178387,0.152904,0.152904,0.101936,0.152904,0.101936,0.0254839,0.0254839,0.0254839,0,0,0,0,0
81208,81226,81217,5.8,169.843,-44.9663,475.394,-29.6125,301.184,1.03885,0.354814,26.1149,0.220805,0.000200974,0.253378,0.177365,0.0760134,0.0760134,0.152027,0.126689,0.101351,0.0506756,0.0253378,0,0,0,0,0,0
81227,81244,81236,5.9,169.847,-44.9638,469.715,-30.42,301.219,1.27279,0.470556,47.9912,0.305965,0.000243939,0.379129,0.270807,0.081242,0.0541613,0.162484,0.162484,0.0541613,0.081242,0,0,0.0270807,0,0,0,0
81245,81261,81253,6,169.852,-44.9605,462.421,-31.4688,301.268,1.18202,0.848223,129.368,0.457551,0.0005174,0.308354,0.308354,0.102785,0,0.102785,0.0513923,0.154177,0,0,0.0513923,0.102785,0,0,0,0
81262,81276,81269,6.1,169.856,-44.9583,457.291,-32.2233,301.284,1.04165,0.410952,52.9882,0.386821,0.000197255,0.362312,0.181156,0.181156,0.045289,0.0905781,0.045289,0.0905781,0,0,0,0.045289,0,0,0,0
81279,81297,81288,6.2,169.861,-44.9552,450.169,-33.2563,301.338,1.02582,0.771742,184.673,0.717881,0.000472875,0.256454,0.307745,0.102582,0.0512908,0.102582,0.0512908,0.102582,0,0,0,0,0,0,0.0512908,0
81299,81314,81306,6.3,169.865,-44.9521,443.719,-34.0875,301.532,1.13665,0.331179,22.5514,0.204283,0.000166632,0.206663,0.36166,0.0516657,0.154997,0.0516657,0.206663,0,0.103331,0,0,0,0,0,0,0
81316,81334,81325,6.4,169.871,-44.9489,437.116,-34.8286,301.89,1.54403,0.50977,37.6469,0.221552,0.00029351,0.356316,0.29693,0.237544,0.0890789,0.118772,0.148465,0.178158,0.0890789,0.029693,0,0,0,0,0,0
81335,81351,81343,6.5,169.875,-44.9462,431.201,-35.6143,302.074,1.53516,0.333313,18.3299,0.164979,0.000115978,0.38379,0.265701,0.354268,0.206656,0.0590447,0.177134,0.088567,0,0,0,0,0,0,0,0
81353,81372,81362,6.6,169.88,-44.9431,424.419,-36.6107,302.169,2.02537,0.758189,74.3939,0.294361,0.000418708,0.536128,0.357419,0.148925,0.357419,0.0893547,0.178709,0.238279,0.0595698,0,0.0297849,0.0297849,0,0,0,0
81373,81390,81382,6.7,169.885,-44.9402,418.211,-37.445,302.371,3.12319,0.913911,67.5186,0.221636,0.000486326,0.922085,0.475915,0.44617,0.356936,0.208213,0.327192,0.208213,0.118979,0.0297447,0.0297447,0,0,0,0,0
81392,81409,81400,6.8,169.89,-44.9374,412.286,-38.1289,302.723,3.69847,0.850696,57.0497,0.201187,0.000402266,1.34069,0.601001,0.462308,0.601001,0.323616,0.0462308,0.138692,0.0924617,0.0924617,0,0,0,0,0,0
81410,81428,81419,6.9,169.894,-44.935,406.965,-38.7243,303.081,4.68284,1.3246,129.314,0.292875,0.000670135,1.75979,0.805329,0.715848,0.447405,0.477232,0.0894811,0.059654,0.149135,0.0894811,0.029827,0.059654,0,0,0,0
81429,81444,81436,7,169.899,-44.9321,401.055,-39.328,303.572,5.36734,1.03982,74.3495,0.214506,0.000354796,2.14137,1.08459,0.889921,0.584011,0.22248,0.16686,0.16686,0.0834301,0,0,0,0.02781,0,0,0
81445,81463,81454,7.1,169.904,-44.9292,394.533,-40.1836,303.879,4.78672,1.32798,129.427,0.292384,0.000636578,1.79502,1.13685,0.448755,0.478672,0.269253,0.209419,0.179502,0.149585,0.029917,0.029917,0,0.059834,0,0,0
81464,81481,81472,7.2,169.908,-44.9265,388.903,-40.8544,304.248,2.06454,0.351779,19.0818,0.162731,0.000112634,0.821124,0.375371,0.398831,0.211146,0.140764,0.070382,0,0.0234607,0.0234607,0,0,0,0,0,0
81482,81498,81490,7.3,169.913,-44.9241,383.375,-41.6173,304.489,0.193179,0.0180384,0.540616,0.0899108,1.05048e-06,0.115908,0.0386359,0.0386359,0,0,0,0,0,0,0,0,0,0,0,0
81500,81515,81508,7.4,169.918,-44.9216,378.259,-42.329,304.727,0.927761,0.266717,20.6091,0.231809,0.000157199,0.295197,0.210855,0.0843419,0.126513,0.0421709,0.0421709,0.0421709,0.0421709,0.0421709,0,0,0,0,0,0
81518,81530,81524,7.5,169.922,-44.9195,372.937,-43.0686,304.984,2.85995,0.574916,40.3778,0.210698,0.000282624,1.4604,0.3651,0.3651,0.3651,0.06085,0.06085,0.06085,0,0.1217,0,0,0,0,0,0
81537,81550,81544,7.6,169.928,-44.9165,366.398,-44.095,305.158,4.76407,0.658795,26.8884,0.122444,0.000112307,1.64096,1.32335,1.05868,0.370539,0.158802,0.211737,0,0,0,0,0,0,0,0,0
81552,81571,81562,7.7,169.933,-44.9139,361.066,-45.027,305.19,5.86515,1.14147,63.533,0.166977,0.000396374,1.92651,1.24153,0.941849,0.684981,0.470925,0.342491,0.171245,0.0428113,0.0428113,0,0,0,0,0,0
81572,81586,81579,7.8,169.938,-44.9117,356.752,-45.808,305.189,6.12103,2.10387,182.706,0.260529,0.00130932,1.20696,1.89666,0.431058,0.689693,0.603482,0.344847,0.344847,0.344847,0.0862116,0.172423,0,0,0,0,0
81590,81603,81596,7.9,169.943,-44.9087,350.975,-46.825,305.255,6.64329,1.03157,48.871,0.142126,0.000262115,3.4288,0.857199,1.0715,0.4286,0,0.857199,0,0,0,0,0,0,0,0,0
