data/B2SAP/Locations/Lauder/NOAA-POPS-B2SAP_GMLBalloon_20231125_R0.ict
61,1001
Thornberry, T. D.
NOAA Chemical Sciences Laboratory
Portable Optical Particle Spectrometer (POPS)
Balloon Baseline Stratospheric Aerosol Profiles (B2SAP)
1,1
2023,11,25,2024,05,28
0
TIME_START,s,Seconds since midnight UTC on flight start day,Start time of 100 m altitude bin in UTC_seconds_since_midnight
28
1.0,1.0,1.0,1.0,1.0,1.0,1.0,1.0,1.0,1.0,1.0,1.0,1.0,1.0,1.0,1.0,1.0,1.0,1.0,1.0,1.0,1.0,1.0,1.0,1.0,1.0,1.0,1.0
99999,99999,99999,99999,99999,99999,99999,99999,99999,99999,99999,99999,99999,99999,99999,99999,99999,99999,99999,99999,99999,99999,99999,99999,99999,99999,99999,99999
TIME_STOP,s,End time of 100 m altitude bin in UTC seconds since midnight,
TIME_MID,s,Mid time of 100 m altitude in UTC seconds since midnight,
GPSAlt,m,GPS reported altitude above sea level (m),
GPS_Lon,deg,GPS reported longitude,
GPS_Lat,deg,GPS reported latitude,
iMet_Pressure,mb,Pressure reported (mB),
iMet_Temperature,degrees C,Ambient temperature (oC),
THETA,K,Potential temperature from iMet,
Aerosol_concentration,cm^-3,Aerosol concentration,
Surface_Area_Conc,um^2 cm^-3,Surface area concentration,
Volume_density,um^3 cm^-3,Volume density,
Effective_radius,um,Effective radius,
Extinction,km^-1,Extinction,
Bin01,cm^-3,particle concentration in size range [140 - 170 nm],
Bin02,cm^-3,particle concentration in size range [170 - 205 nm],
Bin03,cm^-3,particle concentration in size range [205 - 249 nm],
Bin04,cm^-3,particle concentration in size range [249 - 302 nm],
Bin05,cm^-3,particle concentration in size range [302 - 366 nm],
Bin06,cm^-3,particle concentration in size range [366 - 443 nm],
Bin07,cm^-3,particle concentration in size range [443 - 537 nm],
Bin08,cm^-3,particle concentration in size range [537 - 651 nm],
Bin09,cm^-3,particle concentration in size range [651 - 789 nm],
Bin10,cm^-3,particle concentration in size range [789 - 956 nm],
Bin11,cm^-3,particle concentration in size range [956 - 1159 nm],
Bin12,cm^-3,particle concentration in size range [1159 - 1404 nm],
Bin13,cm^-3,particle concentration in size range [1404 - 1702 nm],
Bin14,cm^-3,particle concentration in size range [1702 - 2062 nm],
Bin15,cm^-3,particle concentration in size range [2062 - 2500 nm],
0
19
PI_CONTACT_INFO: 325 Broadway R/CSL6, Boulder, CO 80305; troy.thornberry@noaa.gov; 303-497-3373 
PLATFORM: GML ECC/FPH balloon
LOCATION: Lauder, NZ
ASSOCIATED_DATA: N/A
INSTRUMENT_INFO: Printed Optical Particle Spectrometer counts particles from 140 - 2500 nm in diameter 
DATA_INFO: Particle concentrations reported in number per cubic centimeter, binned to 100 m altitude
UNCERTAINTY: Counting uncertainty dominated by air flow, less than 5 percent
ULOD_FLAG: -77777
ULOD_VALUE: 3000 ~3000 per cm3 (varies depending on flow rate- manufacturer quotes 1250  per cm3 at 1.667 cc/s)
LLOD_FLAG: -88888
LLOD_VALUE: 0 0 (varies depending on data field and measurement precision)
DM_CONTACT_INFO: Troy Thornberry, 325 Broadway R/CSL6, Boulder, CO 80305; troy.thornberry@noaa.gov; 303-497-3373
PROJECT_INFO: B2SAP Lauder, NZ
STIPULATIONS_ON_USE: Please contact the PIs for questions regarding applications and uncertainties
OTHER_COMMENTS: POPS bin Edges (nm):  140, 170, 205, 249, 302, 366, 443, 537, 651, 789, 956, 1159, 1404, 1702, 2062, 2500
Calculations assume sulfate refractive index of 1.45+0.00j and extinction wavelength = 532 nm
REVISION: R0
R0: QA/QC data
TIME_START,TIME_STOP,TIME_MID,GPSAlt,GPS_Lon,GPS_Lat,iMet_Pressure,iMet_Temperature,THETA,Aerosol_concentration,Surface_Area_Conc,Volume_density,Effective_radius,Extinction,Bin01,Bin02,Bin03,Bin04,Bin05,Bin06,Bin07,Bin08,Bin09,Bin10,Bin11,Bin12,Bin13,Bin14,Bin15
5175,5992,5584,0.4,169.683,-45.0376,973.201,19.2349,294.667,66.391,14.9979,2310.2,0.462105,0.00636536,32.8909,21.1722,6.84774,1.93992,0.914777,0.353742,0.439348,0.365769,0.306341,0.268136,0.167674,0.263891,0.200218,0.12664,0.133714
5993,6023,6008,0.5,169.682,-45.038,961.148,15.2713,291.708,58.1943,10.3688,1115.52,0.322751,0.00368015,29.6477,18.3993,5.72068,1.74799,0.669683,0.329166,0.249712,0.40862,0.295115,0.147557,0.158908,0.215661,0.158908,0.0227011,0.0227011
6024,6045,6034,0.6,169.682,-45.0381,949.904,14.3559,291.76,54.9041,10.99,1348.78,0.368183,0.00425606,26.1564,17.8124,5.76908,1.97192,1.05929,0.260749,0.488905,0.260749,0.358531,0.114078,0.211859,0.260749,0.0651874,0.0814842,0.0325937
6046,6069,6058,0.7,169.681,-45.0381,938.42,13.4004,291.801,54.5552,10.5467,1352.77,0.384793,0.00398344,26.6276,17.946,5.69311,1.53908,0.82184,0.298851,0.433334,0.224138,0.209196,0.17931,0.17931,0.224138,0.0747127,0.0298851,0.0747127
6070,6093,6082,0.8,169.681,-45.038,926.687,12.3933,291.821,55.1024,10.0034,1130.16,0.338933,0.00377386,27.915,17.1647,5.53845,1.57393,0.905752,0.311816,0.415755,0.311816,0.252423,0.237574,0.207877,0.148484,0.0445452,0.0296968,0.0445452
6094,6117,6106,0.9,169.681,-45.038,915.627,11.4796,291.887,50.3843,9.14324,968.382,0.317737,0.0033405,24.2359,16.227,5.43887,1.88269,0.68733,0.388491,0.328723,0.254013,0.283897,0.224129,0.14942,0.0448259,0.209187,0,0.0298839
6118,6138,6128,1,169.68,-45.0377,904.575,10.5038,291.903,51.2694,10.5922,1314.67,0.37235,0.00422565,23.5548,17.2805,6.08369,1.64658,0.658634,0.190657,0.346649,0.381314,0.225322,0.259987,0.173325,0.242654,0.13866,0.0519974,0.0346649
6139,6158,6148,1.1,169.68,-45.0373,894.392,9.64,291.956,48.799,9.02467,1000.81,0.332691,0.00316488,22.545,16.3269,5.85442,1.70905,0.709076,0.199996,0.345447,0.309084,0.163633,0.12727,0.109089,0.181814,0.163633,0.0363629,0.0181814
6159,6176,6168,1.2,169.68,-45.0371,883.85,8.80667,292.081,45.2522,8.52597,958.786,0.337364,0.00326735,19.9323,16.163,5.05989,1.59786,0.696503,0.348252,0.348252,0.26631,0.286796,0.184369,0.0819416,0.102427,0.102427,0.0614562,0.0204854
6177,6195,6186,1.3,169.68,-45.0369,872.798,7.80316,292.088,46.5496,7.86078,829.55,0.316591,0.002735,22.624,15.121,5.0148,1.6078,0.689057,0.229686,0.344528,0.325388,0.114843,0.191405,0.0574214,0.114843,0.0574214,0.0191405,0.0382809
6197,6216,6206,1.4,169.679,-45.0367,862.108,7.0165,292.296,43.6106,7.34133,709.375,0.289883,0.00252864,22.099,14.078,4.33169,1.26647,0.458866,0.275319,0.165192,0.165192,0.201901,0.183546,0.201901,0.0550639,0.110128,0.0183546,0
6217,6236,6226,1.5,169.679,-45.0368,851.944,6.31105,292.556,34.5889,5.61478,493.718,0.263796,0.0018746,17.5454,10.9056,3.66735,0.849282,0.540452,0.173717,0.193019,0.154415,0.135113,0.154415,0.135113,0.0772075,0.0579056,0,0
6237,6261,6249,1.6,169.678,-45.0368,840.412,5.6996,293.054,14.9391,2.54386,221.727,0.261485,0.000859852,6.76239,4.15467,2.1068,0.957637,0.456719,0.10313,0.10313,0.0883973,0.0736644,0.0589315,0,0.0441987,0.0147329,0.0147329,0
6262,6286,6274,1.7,169.677,-45.0368,830.63,5.12,293.423,6.99916,0.878493,34.6558,0.118348,0.000139751,2.98709,1.84497,1.21534,0.614989,0.234282,0.0439278,0.0292852,0.0292852,0,0,0,0,0,0,0
6287,6307,6297,1.8,169.676,-45.0366,820.438,4.92476,294.251,3.93092,0.464747,16.7921,0.108395,5.54233e-05,1.64225,1.06572,0.803655,0.279532,0.122295,0,0.0174708,0,0,0,0,0,0,0,0
6308,6326,6317,1.9,169.675,-45.0362,810.614,4.50944,294.822,7.08253,1.17006,92.164,0.236306,0.000344255,3.12524,1.86703,1.05528,0.58852,0.263819,0.0608814,0.0202938,0.0202938,0,0.0405876,0.0202938,0,0.0202938,0,0
6327,6343,6335,2,169.674,-45.0358,800.836,4.32812,295.661,13.6679,1.66076,62.1059,0.112188,0.000223572,5.85439,3.59561,2.53537,1.06024,0.460976,0.0921951,0.0691463,0,0,0,0,0,0,0,0
6344,6360,6352,2.1,169.673,-45.0353,791.172,4.71706,297.103,24.0927,3.38396,165.83,0.147014,0.000765331,9.5678,7.07844,3.91803,1.77502,1.10398,0.259759,0.194819,0.0865864,0.0865864,0,0.0216466,0,0,0,0
6361,6380,6370,2.2,169.671,-45.0346,781.42,4.3805,297.794,16.277,2.24483,124.37,0.166209,0.000513701,7.55914,4.11982,2.57489,1.17709,0.459802,0.128744,0.0919603,0.0735683,0.0551762,0,0.0183921,0.0183921,0,0,0
6381,6397,6389,2.3,169.669,-45.0337,771.993,3.83176,298.235,16.3955,2.39852,153.539,0.192043,0.000646407,6.96485,4.80186,2.98494,0.821939,0.45423,0.0865199,0.0865199,0.04326,0.02163,0.0865199,0,0.04326,0,0,0
6398,6416,6407,2.4,169.668,-45.0327,762.238,3.29789,298.744,18.6401,2.48676,129.884,0.156691,0.000488926,8.49223,4.71358,3.15537,1.305,0.603806,0.175298,0.116866,0.0194776,0,0.0194776,0.0389552,0,0,0,0
6417,6434,6426,2.5,169.667,-45.0318,753.169,2.85389,299.292,14.7471,1.85699,76.0429,0.122849,0.000323444,6.25881,4.21344,2.39307,1.1454,0.531794,0.0613608,0.0818145,0.0204536,0.0409072,0,0,0,0,0,0
6435,6453,6444,2.6,169.665,-45.0308,743.613,2.45333,299.947,19.4193,2.7639,150.169,0.162997,0.000612283,8.95642,4.43694,2.97172,1.58904,0.928661,0.227006,0.227006,0.0206369,0,0.0206369,0.0206369,0.0206369,0,0,0
6454,6473,6464,2.7,169.664,-45.0298,734.138,2.549,301.151,20.6563,2.77318,149.38,0.161598,0.000530572,9.30831,5.63691,3.22639,1.2238,0.852953,0.185425,0.14834,0.0185425,0,0,0.0370849,0.0185425,0,0,0
6474,6495,6484,2.8,169.663,-45.0286,724.726,2.48227,302.187,23.5679,3.44356,206.727,0.180099,0.000829877,10.424,6.09894,3.7337,1.77393,0.878518,0.219629,0.253419,0.0675783,0.0168946,0.0337891,0.0337891,0.0168946,0.0168946,0,0
6496,6512,6504,2.9,169.662,-45.0274,716.442,2.18,302.855,23.2813,3.36353,190.533,0.169941,0.000788901,9.97769,6.49863,3.45718,1.81611,0.787712,0.262571,0.284452,0.131285,0,0,0.0656427,0,0,0,0
6513,6533,6523,3,169.661,-45.0264,707.838,1.494,303.145,18.02,2.41073,120.454,0.149897,0.000478099,8.29106,4.42564,2.78236,1.41919,0.709595,0.205409,0.112041,0.0186736,0.0186736,0.0186736,0,0,0.0186736,0,0
6534,6552,6543,3.1,169.659,-45.0254,698.723,1.01944,303.741,11.447,1.44235,69.6236,0.144813,0.000328398,6.01384,2.82028,1.30646,0.705071,0.414748,0.0829495,0.0207374,0,0.0414748,0.0414748,0,0,0,0,0
6553,6573,6563,3.2,169.657,-45.0243,689.826,0.133333,303.867,12.2006,1.344,48.0186,0.107185,0.000161467,6.48551,3.02777,1.48701,0.752463,0.358316,0.0537474,0.0179158,0.0179158,0,0,0,0,0,0,0
6574,6594,6584,3.3,169.655,-45.023,681.147,-0.6205,304.132,11.2396,1.46222,74.8439,0.153555,0.000396314,6.16968,2.66545,1.21157,0.633743,0.260953,0.074558,0.0559185,0.0931976,0.037279,0.037279,0,0,0,0,0
6595,6612,6604,3.4,169.654,-45.0218,672.984,-1.28944,304.433,14.2361,1.75191,72.954,0.124928,0.000305969,6.74343,3.87123,1.99805,0.728457,0.666018,0.124878,0.0624392,0.0208131,0,0.0208131,0,0,0,0,0
6613,6634,6624,3.5,169.652,-45.0204,664.461,-1.79762,304.97,15.7789,1.98495,86.3377,0.130489,0.000372868,7.26189,4.32127,2.27719,1.12963,0.466195,0.179306,0.089653,0.0179306,0,0.0358612,0,0,0,0,0
6635,6653,6644,3.6,169.651,-45.019,656.126,-2.58556,305.18,15.0081,2.18823,124.3,0.170411,0.000585906,6.99265,3.84074,2.00386,0.960185,0.688829,0.250483,0.146115,0,0.0626208,0.0417472,0,0.0208736,0,0,0
6654,6670,6662,3.7,169.649,-45.0177,648.106,-3.19118,305.572,13.2234,1.94694,117.829,0.181561,0.000541068,6.13709,3.24515,2.09721,0.838882,0.485669,0.242834,0.0441517,0.0220758,0,0.0883034,0.0220758,0,0,0,0
6671,6690,6680,3.8,169.648,-45.0165,639.81,-3.728,306.092,11.7056,1.53787,82.3467,0.160638,0.000343298,5.89058,3.05857,1.49152,0.641922,0.339841,0.0755203,0.151041,0,0.0188801,0.0188801,0,0.0188801,0,0,0
6691,6709,6700,3.9,169.646,-45.0151,631.358,-4.16474,306.756,10.2787,1.4169,85.511,0.181052,0.000360039,5.02998,2.6641,1.65015,0.397627,0.29822,0.0198813,0.119288,0.0198813,0.0397627,0.0198813,0,0,0.0198813,0,0
6710,6726,6718,4,169.644,-45.0135,623.333,-4.56412,307.419,12.7867,1.69495,79.4987,0.14071,0.000390591,6.30426,3.02961,1.73757,0.757402,0.668296,0.133659,0.0445531,0.0445531,0.0445531,0.0222765,0,0,0,0,0
6727,6744,6736,4.1,169.642,-45.0119,615.744,-5.11333,307.871,12.7715,1.61092,83.1347,0.154821,0.000329636,6.62854,3.22983,1.56214,0.78107,0.37998,0.02111,0.08444,0.04222,0,0.02111,0.02111,0,0,0,0
6745,6762,6754,4.2,169.641,-45.0103,607.928,-5.87222,308.122,12.9951,1.62493,69.4196,0.128165,0.000322479,6.67718,3.08503,1.64816,0.718431,0.570518,0.169043,0.0422606,0.0422606,0.0422606,0,0,0,0,0,0
6764,6779,6772,4.3,169.639,-45.0088,599.815,-6.56,308.508,14.5502,2.06298,118.918,0.172932,0.000521356,7.12196,3.59927,2.01661,0.765802,0.510535,0.255267,0.15316,0.0255267,0.0765802,0,0,0,0.0255267,0,0
6780,6797,6788,4.4,169.638,-45.0071,592.621,-7.13944,308.898,16.1992,2.16216,108.612,0.1507,0.000438727,7.4733,3.88527,2.7388,1.27386,0.488312,0.106155,0.148617,0.042462,0,0.021231,0,0.021231,0,0,0
6798,6816,6807,4.5,169.637,-45.0054,584.902,-7.57263,309.56,15.3624,2.00549,90.9201,0.136007,0.000440707,7.38772,3.88614,2.14547,0.870334,0.728652,0.121442,0.0809613,0.101202,0.0202403,0.0202403,0,0,0,0,0
6817,6835,6826,4.6,169.636,-45.0038,577.141,-8.29316,309.898,15.0058,1.92001,89.0715,0.139174,0.000310942,7.03777,3.98402,1.75944,1.27408,0.687598,0.202235,0.0404469,0,0,0,0,0.0202235,0,0,0
6836,6854,6845,4.7,169.635,-45.0024,569.916,-8.91684,310.279,13.8988,2.36852,217.297,0.275231,0.000783145,6.94942,3.07731,1.95644,1.1005,0.326073,0.0815182,0.183416,0.0611386,0.0611386,0.0203795,0.0203795,0.0407591,0,0.0203795,0
6855,6873,6864,4.8,169.634,-45.0011,562.643,-9.61947,310.59,11.8922,1.75176,115.852,0.198404,0.000468322,5.65033,3.12094,1.65226,0.713941,0.469161,0.12239,0.0407966,0.0203983,0,0.0611949,0.0203983,0.0203983,0,0,0
6874,6894,6884,4.9,169.633,-44.9995,555.327,-10.3935,310.848,10.54,1.39533,64.3131,0.138275,0.000311178,5.08695,2.62055,1.42589,0.674406,0.385375,0.211956,0.077075,0.0192688,0.0192688,0.0192688,0,0,0,0,0
6895,6911,6903,5,169.632,-44.9978,548.145,-11.1494,311.106,10.2879,1.57114,97.8506,0.18684,0.000468361,5.00741,2.23057,1.5705,0.682828,0.455219,0.0910438,0.0910438,0.0455219,0.0682828,0.0227609,0,0.0227609,0,0,0
6912,6931,6922,5.1,169.631,-44.9961,540.836,-11.6468,311.707,11.4956,1.67803,86.1012,0.153932,0.000474403,5.43019,2.5819,1.57783,0.963091,0.553265,0.102456,0.122948,0.0819652,0.0614739,0.0204913,0,0,0,0,0
6932,6948,6940,5.2,169.63,-44.9948,533.95,-11.795,312.671,11.888,1.61845,81.1382,0.1504,0.000402778,5.35937,3.21562,1.82706,0.779544,0.414133,0.121804,0.0487215,0.0487215,0.0243608,0.0487215,0,0,0,0,0
6949,6966,6958,5.3,169.63,-44.9938,526.79,-12.2267,313.358,7.08587,0.911278,39.9428,0.131495,0.000202687,3.60814,1.73886,0.912904,0.41298,0.130415,0.108679,0.130415,0.0434716,0,0,0,0,0,0,0
6967,6987,6977,5.4,169.629,-44.9923,519.696,-13.0143,313.628,8.938,1.19766,60.3717,0.151224,0.000321546,4.79419,1.91396,1.22642,0.371642,0.35306,0.130075,0.0371642,0.0371642,0.0557463,0.0185821,0,0,0,0,0
6988,7007,6998,5.5,169.628,-44.9908,513.264,-13.6405,313.993,9.9999,1.42856,83.0125,0.174328,0.000399742,5.12715,2.40702,1.19373,0.508801,0.410955,0.195693,0.0195693,0.0195693,0.0978464,0,0.0195693,0,0,0,0
7008,7023,7016,5.6,169.627,-44.989,506.588,-14.185,314.506,17.0755,2.37316,132.756,0.167823,0.000508099,7.85078,4.367,2.57604,1.10402,0.785078,0.220803,0.0490674,0.0490674,0.0245337,0,0.0490674,0,0,0,0
7024,7042,7033,5.7,169.626,-44.9872,499.926,-14.8395,314.898,24.6816,3.54563,229.272,0.193989,0.000849122,11.2208,6.28449,3.81632,1.55557,1.14075,0.311113,0.207409,0.0622226,0.0207409,0.0207409,0,0.0207409,0,0.0207409,0
7043,7060,7052,5.8,169.625,-44.9851,493.561,-15.66,315.046,12.6755,1.75791,91.6514,0.15641,0.000377507,6.15204,2.9019,1.834,0.673242,0.719672,0.185722,0.162507,0.0232152,0,0,0,0.0232152,0,0,0
7062,7079,7070,5.9,169.624,-44.9832,486.91,-16.5767,315.142,13.2287,1.8433,103.257,0.168052,0.000444477,6.30872,3.42723,1.79002,0.829521,0.523908,0.0654885,0.152806,0.0654885,0.043659,0,0,0,0.0218295,0,0
7080,7097,7088,6,169.624,-44.9815,480.438,-17.3106,315.453,10.3206,1.19376,44.9166,0.112878,0.000172469,5.55724,2.38168,1.12468,0.683629,0.463103,0.0220525,0.0882102,0,0,0,0,0,0,0,0
7098,7115,7106,6.1,169.623,-44.9797,474.218,-18.105,315.645,13.2365,1.78346,79.0785,0.13302,0.000389596,5.99638,3.2647,2.021,0.932771,0.710683,0.0888353,0.0888353,0.111044,0.0222088,0,0,0,0,0,0
7116,7133,7124,6.2,169.623,-44.978,467.814,-18.8647,315.927,14.7136,2.38146,194.939,0.245571,0.000619612,7.04002,3.84855,1.90081,0.86827,0.610135,0.211201,0.093867,0,0.0234667,0,0.0469335,0.0234667,0.0469335,0,0
7135,7152,7144,6.3,169.622,-44.9767,461.361,-19.7506,316.076,12.1106,1.6723,79.335,0.142322,0.000429942,5.91138,3.03318,1.41696,0.79704,0.4428,0.2214,0.15498,0.08856,0.04428,0,0,0,0,0,0
7153,7168,7160,6.4,169.621,-44.9754,455.358,-20.6187,316.172,12.337,1.66111,98.4531,0.177809,0.000386943,6.89567,2.58274,1.25376,0.852555,0.501503,0.0752254,0.0501503,0.0752254,0,0.0250751,0,0,0.0250751,0,0
7169,7187,7178,6.5,169.621,-44.974,449.062,-21.4026,316.454,13.405,2.00704,129.209,0.193135,0.000552944,6.56487,3.43067,1.60945,0.720018,0.63531,0.105885,0.21177,0.042354,0,0.042354,0,0.042354,0,0,0
7188,7206,7197,6.6,169.621,-44.9727,442.762,-21.9421,317.054,12.5637,1.91192,115.656,0.181476,0.000543671,5.9423,3.07726,1.54924,0.891345,0.573007,0.25467,0.127335,0.042445,0.0636675,0.0212225,0,0,0.0212225,0,0
7207,7222,7214,6.7,169.62,-44.9712,436.841,-22.58,317.465,13.6791,2.00734,126.822,0.189538,0.00048023,6.46109,3.40626,1.89237,1.00025,0.567711,0.0811015,0.108135,0.108135,0,0,0,0.0540677,0,0,0
7223,7239,7231,6.8,169.62,-44.9699,431.183,-23.1988,317.86,15.0016,2.34352,145.658,0.186461,0.000578771,6.55874,3.17204,2.6235,1.2402,0.882448,0.286199,0.1431,0.02385,0,0.02385,0.02385,0,0.02385,0,0
7240,7256,7248,6.9,169.619,-44.9686,425.239,-24.0294,318.06,13.8006,2.06231,133.478,0.194168,0.000531786,6.36403,3.90899,1.57313,0.905742,0.572047,0.190682,0.166847,0.0476706,0,0.0238353,0.0238353,0,0.0238353,0,0
7257,7273,7265,7,169.618,-44.9672,419.654,-24.7106,318.398,10.9511,1.59676,107.542,0.20205,0.000358059,5.29811,2.56033,1.54634,0.887243,0.456297,0.0760494,0.0506996,0,0.0253498,0,0.0253498,0,0.0253498,0,0
7274,7291,7282,7.1,169.617,-44.9655,413.745,-25.4865,318.693,8.89145,1.47119,134.816,0.274912,0.000407019,5.1048,1.91729,0.81485,0.383459,0.383459,0.167763,0,0.0239662,0,0,0.0479324,0.0239662,0.0239662,0,0
7292,7311,7302,7.2,169.616,-44.9638,407.6,-26.442,318.82,9.69231,1.25,53.3331,0.128,0.000251289,4.53944,2.51509,1.41091,0.613438,0.306719,0.143135,0.143135,0,0.0204479,0,0,0,0,0,0
7312,7329,7320,7.3,169.615,-44.962,402.065,-27.2944,318.96,8.2951,1.15476,65.1508,0.169258,0.000246759,4.03298,1.97066,1.0999,0.618695,0.366634,0.0687439,0.0916586,0.0229146,0,0,0,0.0229146,0,0,0
7330,7347,7338,7.4,169.614,-44.9603,396.689,-27.8682,319.439,9.88815,1.36931,72.8429,0.159591,0.000407111,4.88334,2.551,1.31194,0.60738,0.267247,0.0242952,0.0485904,0.0971808,0.0728856,0.0242952,0,0,0,0,0
7348,7366,7357,7.5,169.612,-44.9588,391.053,-28.4983,319.933,16.4197,2.00317,82.1652,0.123053,0.000335111,8.25573,4.082,2.01807,0.940236,0.848505,0.206393,0.0458652,0,0,0.0229326,0,0,0,0,0
7367,7383,7375,7.6,169.611,-44.9573,385.769,-29.1787,320.284,16.863,2.21656,92.0326,0.124561,0.000415273,8.12641,3.85519,2.16334,1.13714,1.10941,0.305087,0.138676,0.0277352,0,0,0,0,0,0,0
7384,7401,7392,7.7,169.611,-44.9557,380.482,-29.8941,320.604,19.2542,3.0328,277.489,0.274488,0.000862743,9.0565,4.97743,2.79222,0.849805,0.825525,0.315642,0.291362,0.0971206,0,0,0,0.0242802,0,0,0.0242802
7402,7426,7414,7.8,169.61,-44.9535,374.779,-30.7312,320.879,18.0434,2.42995,112.91,0.139398,0.000568193,8.60532,4.47616,2.42892,1.16241,0.850123,0.208193,0.190844,0.0346989,0.0693978,0.0173494,0,0,0,0,0
7427,7451,7439,7.9,169.609,-44.9508,369.554,-31.5857,321.035,14.2496,2.00735,106.295,0.158858,0.000504362,6.63901,3.88625,1.85317,0.683692,0.647709,0.251887,0.197911,0.0179919,0.0359838,0.0179919,0.0179919,0,0,0,0
7452,7478,7465,8,169.608,-44.9483,364.49,-32.183,321.512,15.5049,2.1185,98.784,0.139888,0.000509108,7.54418,3.67181,1.97475,1.06452,0.725105,0.169705,0.262272,0.0462833,0.0308555,0.0154278,0,0,0,0,0
