data/B2SAP/Locations/Lauder/NOAA-POPS-B2SAP_GMLBalloon_20221230_R0.ict
61,1001
Thornberry, T. D.
NOAA Chemical Sciences Laboratory
Portable Optical Particle Spectrometer (POPS)
Balloon Baseline Stratospheric Aerosol Profiles (B2SAP)
1,1
2022,12,30,2024,05,28
0
TIME_START,s,Seconds since midnight UTC on flight start day,Start time of 100 m altitude bin in UTC_seconds_since_midnight
28
1.0,1.0,1.0,1.0,1.0,1.0,1.0,1.0,1.0,1.0,1.0,1.0,1.0,1.0,1.0,1.0,1.0,1.0,1.0,1.0,1.0,1.0,1.0,1.0,1.0,1.0,1.0,1.0
99999,99999,99999,99999,99999,99999,99999,99999,99999,99999,99999,99999,99999,99999,99999,99999,99999,99999,99999,99999,99999,99999,99999,99999,99999,99999,99999,99999
TIME_STOP,s,End time of 100 m altitude bin in UTC seconds since midnight,
TIME_MID,s,Mid time of 100 m altitude in UTC seconds since midnight,
GPSAlt,m,GPS reported altitude above sea level (m),
GPS_Lon,deg,GPS reported longitude,
GPS_Lat,deg,GPS reported latitude,
iMet_Pressure,mb,Pressure reported (mB),
iMet_Temperature,degrees C,Ambient temperature (oC),
THETA,K,Potential temperature from iMet,
Aerosol_concentration,cm^-3,Aerosol concentration,
Surface_Area_Conc,um^2 cm^-3,Surface area concentration,
Volume_density,um^3 cm^-3,Volume density,
Effective_radius,um,Effective radius,
Extinction,km^-1,Extinction,
Bin01,cm^-3,particle concentration in size range [140 - 170 nm],
Bin02,cm^-3,particle concentration in size range [170 - 205 nm],
Bin03,cm^-3,particle concentration in size range [205 - 249 nm],
Bin04,cm^-3,particle concentration in size range [249 - 302 nm],
Bin05,cm^-3,particle concentration in size range [302 - 366 nm],
Bin06,cm^-3,particle concentration in size range [366 - 443 nm],
Bin07,cm^-3,particle concentration in size range [443 - 537 nm],
Bin08,cm^-3,particle concentration in size range [537 - 651 nm],
Bin09,cm^-3,particle concentration in size range [651 - 789 nm],
Bin10,cm^-3,particle concentration in size range [789 - 956 nm],
Bin11,cm^-3,particle concentration in size range [956 - 1159 nm],
Bin12,cm^-3,particle concentration in size range [1159 - 1404 nm],
Bin13,cm^-3,particle concentration in size range [1404 - 1702 nm],
Bin14,cm^-3,particle concentration in size range [1702 - 2062 nm],
Bin15,cm^-3,particle concentration in size range [2062 - 2500 nm],
0
19
PI_CONTACT_INFO: 325 Broadway R/CSL6, Boulder, CO 80305; troy.thornberry@noaa.gov; 303-497-3373 
PLATFORM: GML ECC/FPH balloon
LOCATION: Lauder, NZ
ASSOCIATED_DATA: N/A
INSTRUMENT_INFO: Printed Optical Particle Spectrometer counts particles from 140 - 2500 nm in diameter 
DATA_INFO: Particle concentrations reported in number per cubic centimeter, binned to 100 m altitude
UNCERTAINTY: Counting uncertainty dominated by air flow, less than 5 percent
ULOD_FLAG: -77777
ULOD_VALUE: 3000 ~3000 per cm3 (varies depending on flow rate- manufacturer quotes 1250  per cm3 at 1.667 cc/s)
LLOD_FLAG: -88888
LLOD_VALUE: 0 0 (varies depending on data field and measurement precision)
DM_CONTACT_INFO: Troy Thornberry, 325 Broadway R/CSL6, Boulder, CO 80305; troy.thornberry@noaa.gov; 303-497-3373
PROJECT_INFO: B2SAP Lauder, NZ
STIPULATIONS_ON_USE: Please contact the PIs for questions regarding applications and uncertainties
OTHER_COMMENTS: POPS bin Edges (nm):  140, 170, 205, 249, 302, 366, 443, 537, 651, 789, 956, 1159, 1404, 1702, 2062, 2500
Calculations assume sulfate refractive index of 1.45+0.00j and extinction wavelength = 532 nm
REVISION: R0
R0: QA/QC data
TIME_START,TIME_STOP,TIME_MID,GPSAlt,GPS_Lon,GPS_Lat,iMet_Pressure,iMet_Temperature,THETA,Aerosol_concentration,Surface_Area_Conc,Volume_density,Effective_radius,Extinction,Bin01,Bin02,Bin03,Bin04,Bin05,Bin06,Bin07,Bin08,Bin09,Bin10,Bin11,Bin12,Bin13,Bin14,Bin15
77545,78692,78118,0.5,169.683,-45.0377,969.136,12.1786,287.897,178.364,31.9842,3180.36,0.298306,0.0105339,66.9931,62.0565,30.0849,8.5809,5.14337,1.344,1.03384,0.775383,0.413537,0.646152,0.387691,0.361845,0.310153,0.180923,0.0516922
77721,78677,78199,0.4,169.683,-45.0376,979.243,14.0839,288.96,188.391,32.5892,3070.89,0.282691,0.0100671,69.151,65.703,33.4125,10.2736,4.74973,1.03022,1.05517,0.703691,0.468149,0.540059,0.378628,0.485026,0.269296,0.104196,0.0667736
78694,78712,78703,0.6,169.684,-45.038,956.143,10.7783,287.589,187.542,32.8272,2954.38,0.269994,0.0102302,70.4984,63.5298,32.8722,10.1786,4.51027,1.25963,1.30026,0.954878,0.58918,0.386014,0.426647,0.568863,0.345381,0.121899,0
78713,78729,78721,0.7,169.684,-45.038,944.654,9.79688,287.585,188.511,33.6687,3190.51,0.284285,0.0106752,66.3313,65.018,35.389,10.7135,5.25305,1.24414,1.31326,0.806389,0.506873,0.575992,0.414714,0.506873,0.299516,0.0460794,0.0921588
78730,78748,78739,0.8,169.683,-45.0381,933.119,9.18389,287.975,211.601,36.7177,3340.01,0.272894,0.011109,76.7664,69.0199,40.5818,12.4108,7.00678,1.39725,1.23286,0.760266,0.554789,0.472598,0.431503,0.410955,0.349312,0.164382,0.0410955
78749,78767,78758,0.9,169.683,-45.0381,921.653,9.10333,288.913,225.315,37.6591,3304.12,0.263213,0.011282,88.7829,70.6209,39.1496,14.2716,7.02319,1.16712,0.880458,0.737127,0.696176,0.6757,0.368564,0.511894,0.266185,0.102379,0.0614273
78768,78784,78776,1,169.683,-45.0382,910.102,8.7175,289.558,211.211,35.9266,3329.48,0.278023,0.0105898,82.407,65.3947,38.3643,13.0651,6.57871,1.43116,1.08491,0.646329,0.369331,0.530913,0.276998,0.50783,0.369331,0.0923328,0.0923328
78785,78803,78794,1.1,169.683,-45.0383,899.078,8.13882,289.969,196.604,31.189,2695.46,0.25927,0.00879112,82.959,58.5284,34.8196,10.1266,5.44603,1.57476,0.896736,0.437432,0.393689,0.459304,0.262459,0.262459,0.240588,0.153101,0.0437432
78804,78824,78814,1.2,169.683,-45.0383,887.903,7.57263,290.419,206.426,31.0785,2440.91,0.235621,0.00809406,87.1101,60.1623,36.3185,12.145,6.46051,1.18346,1.02825,0.582028,0.329816,0.407419,0.21341,0.194009,0.135806,0.0776037,0.0776037
78825,78843,78834,1.3,169.682,-45.0382,877.833,6.91611,290.693,211.595,30.9988,2166.33,0.209653,0.00766747,93.1597,62.3541,34.3958,11.7817,5.79798,1.07294,0.742802,0.515835,0.371401,0.453934,0.226967,0.515835,0.1857,0.0206334,0
78844,78861,78852,1.4,169.682,-45.0382,867.333,6.34353,291.096,206.45,30.4915,2275.97,0.223928,0.00772692,90.8705,59.4685,34.957,11.0818,6.05657,0.789988,1.11915,0.548603,0.394994,0.329162,0.285273,0.307217,0.153609,0.0438882,0.0438882
78863,78883,78873,1.5,169.681,-45.0383,856.319,5.9515,291.749,189.978,28.0461,2172.77,0.232414,0.00690077,83.6156,53.8902,32.1139,11.9051,4.94491,0.933002,0.877021,0.429181,0.22392,0.2799,0.1866,0.29856,0.16794,0.0559801,0.0559801
78884,78902,78893,1.6,169.68,-45.0387,845.835,6.08278,292.913,142.263,20.7315,1637.4,0.236943,0.00530796,63.9254,42.8033,21.9711,7.24777,3.6653,0.621238,0.517698,0.559114,0.144955,0.310619,0.124248,0.144955,0.144955,0.0207079,0.0621238
78903,78923,78913,1.7,169.68,-45.039,836.127,7.12211,294.976,38.2664,4.5163,220.848,0.1467,0.000904305,20.9778,10.381,4.35648,1.19705,0.647585,0.274733,0.15699,0.117743,0.0588714,0.0588714,0.0196238,0.0196238,0,0,0
78925,78943,78934,1.8,169.679,-45.0393,825.51,7.115,296.052,20.1098,2.06975,79.933,0.115859,0.000312306,13.2339,4.14207,1.57399,0.538469,0.331366,0.144973,0.103552,0,0.0207104,0.0207104,0,0,0,0,0
78944,78964,78954,1.9,169.679,-45.0397,815.757,7.1905,297.137,14.3605,1.7716,76.2697,0.129154,0.000372136,7.76543,3.43685,1.59767,0.705948,0.427285,0.185776,0.130043,0.0928879,0.0185776,0,0,0,0,0,0
78966,78986,78976,2,169.679,-45.04,805.499,7.2425,298.266,16.4663,1.86526,74.1546,0.119267,0.000323579,9.22857,4.37241,1.48848,0.65121,0.334908,0.18606,0.148848,0.037212,0.018606,0,0,0,0,0,0
78987,79006,78996,2.1,169.679,-45.0402,796.076,7.13684,299.155,13.6365,1.72999,85.4852,0.148241,0.000451633,7.8146,3.18445,1.40663,0.449339,0.312584,0.156292,0.175828,0.078146,0.0195365,0.039073,0,0,0,0,0
79008,79025,79016,2.2,169.679,-45.0404,786.516,7.08278,300.14,13.3812,1.51856,60.6109,0.11974,0.00026527,7.74595,3.17625,1.31148,0.491806,0.368855,0.122952,0.122952,0.0204919,0.0204919,0,0,0,0,0,0
79026,79045,79036,2.3,169.679,-45.0402,777.261,6.66158,300.701,15.6492,1.67567,65.1897,0.116711,0.000270686,9.70796,3.61136,1.10671,0.621309,0.42715,0.0388318,0.0582477,0.0388318,0.0388318,0,0,0,0,0,0
79046,79067,79056,2.4,169.68,-45.0394,767.132,6.198,301.328,10.9075,1.11819,39.8384,0.106883,0.000145311,6.95123,2.38486,0.868903,0.332772,0.20336,0.0739492,0.0924365,0,0,0,0,0,0,0,0
79068,79087,79078,2.5,169.68,-45.0389,757.987,5.53667,301.643,6.29551,0.689044,30.3514,0.132146,0.000132809,3.65346,1.79577,0.577948,0.103205,0.041282,0.041282,0.061923,0,0,0.020641,0,0,0,0,0
79089,79107,79098,2.6,169.681,-45.0385,748.676,4.89444,302.02,4.87326,0.613573,37.5739,0.183714,0.000121624,2.66377,1.30091,0.557534,0.206494,0.0412988,0.0412988,0.0412988,0,0,0,0.0206494,0,0,0,0
79108,79126,79117,2.7,169.681,-45.0383,740.043,4.50895,302.601,8.90274,1.16539,77.2315,0.198813,0.000265358,5.00901,2.34798,0.900057,0.313063,0.156532,0.0391329,0.0391329,0.0391329,0.0195665,0,0,0.0391329,0,0,0
79127,79146,79136,2.8,169.681,-45.038,730.743,4.29,303.454,24.5175,2.77624,157.993,0.170727,0.000432583,13.3826,6.72253,2.72647,1.01983,0.520319,0.0624383,0.0416256,0,0.0208128,0,0,0,0,0.0208128,0
79147,79165,79156,2.9,169.681,-45.0376,721.847,4.0625,304.266,22.2241,2.58305,123.716,0.143686,0.000454623,12.3467,5.71477,2.56341,0.799597,0.423316,0.164623,0.0940702,0.0470351,0.0470351,0,0,0,0.0235176,0,0
79166,79185,79176,3,169.681,-45.0372,712.719,3.55421,304.82,12.989,1.75686,96.8974,0.165462,0.000471616,7.38278,3.05971,1.14492,0.414541,0.414541,0.256621,0.177661,0.0987003,0,0.0197401,0.0197401,0,0,0,0
79186,79203,79194,3.1,169.682,-45.0369,704.165,2.88059,305.128,12.6276,1.65421,79.0018,0.143274,0.000450074,7.22529,3.00128,1.13382,0.26678,0.377938,0.244548,0.222317,0.13339,0.0222317,0,0,0,0,0,0
79204,79221,79212,3.2,169.682,-45.0365,695.869,2.85312,306.13,13.4531,1.62996,74.1728,0.136517,0.000363874,7.69082,3.45734,0.964292,0.399829,0.658541,0.070558,0.117597,0.0470386,0.0235193,0.0235193,0,0,0,0,0
79222,79237,79230,3.3,169.683,-45.0363,687.512,3.28714,307.669,13.6674,1.68089,74.647,0.133228,0.000388246,8.15722,2.83612,1.32352,0.432171,0.432171,0.162064,0.243096,0.0540214,0.0270107,0,0,0,0,0,0
79238,79256,79247,3.4,169.684,-45.0363,678.745,2.95,308.429,13.9703,1.92021,114.481,0.178857,0.000481093,7.71715,3.15797,1.58944,0.522842,0.543756,0.104568,0.209137,0.062741,0.0209137,0,0.0209137,0.0209137,0,0,0
79257,79276,79266,3.5,169.686,-45.0365,670.341,2.515,309.04,10.7038,1.27185,52.6368,0.124158,0.000238574,5.92794,2.40888,1.25681,0.58651,0.272308,0.125681,0.0628404,0.0418936,0.0209468,0,0,0,0,0,0
79278,79296,79287,3.6,169.688,-45.0367,661.991,2.22444,309.819,11.3011,1.31306,54.9476,0.125541,0.000267724,6.977,2.36048,1.00268,0.355117,0.208892,0.188003,0.146224,0.0626676,0,0,0,0,0,0,0
79297,79316,79306,3.7,169.69,-45.0367,653.723,2.03789,310.721,12.3237,1.58316,73.7885,0.139825,0.000375276,6.57794,3.13046,1.16897,0.614205,0.396261,0.198131,0.158505,0.0396261,0.0198131,0.0198131,0,0,0,0,0
79317,79336,79326,3.8,169.691,-45.037,645.173,1.33556,311.102,8.7513,1.11668,52.415,0.140815,0.000257137,4.43876,2.4613,0.925618,0.336588,0.315552,0.147257,0.0841471,0,0.0210368,0.0210368,0,0,0,0,0
79337,79355,79346,3.9,169.692,-45.0374,637.204,0.599444,311.369,3.89486,0.473831,21.4519,0.13582,0.000109456,2.37902,0.673705,0.463173,0.147373,0.147373,0.0210533,0.0210533,0.0210533,0.0210533,0,0,0,0,0,0
79356,79374,79365,4,169.694,-45.0377,629.409,-0.118333,311.643,3.0783,0.35421,13.2167,0.111939,4.92422e-05,1.59222,0.806727,0.382134,0.127378,0.0849187,0.0849187,0,0,0,0,0,0,0,0,0
79375,79390,79382,4.1,169.695,-45.0379,622.524,-0.58,312.098,5.79054,0.865296,48.556,0.168345,0.000279569,2.78048,1.63257,0.561198,0.280599,0.25509,0.127545,0.051018,0.051018,0.025509,0.025509,0,0,0,0,0
79391,79410,79400,4.2,169.697,-45.038,613.858,-1.09278,312.763,10.4579,1.79836,199.595,0.33296,0.000596118,5.26076,2.56674,1.23034,0.487893,0.572744,0.127276,0.106064,0.0636382,0,0,0,0,0,0.0424255,0
79411,79428,79420,4.3,169.697,-45.038,606.167,-1.55556,313.355,12.6895,1.70459,77.3716,0.136171,0.000395618,6.12452,3.10421,1.69892,0.818001,0.482411,0.209744,0.167795,0.0419488,0.0419488,0,0,0,0,0,0
79429,79447,79438,4.4,169.699,-45.038,599.362,-2.205,313.612,8.63357,1.28114,75.8206,0.177547,0.000341793,4.33795,1.8833,1.14268,0.444375,0.465536,0.190446,0.105804,0.0211607,0,0.0211607,0.0211607,0,0,0,0
79448,79464,79456,4.5,169.7,-45.0381,592.092,-3.08571,313.693,6.79471,0.879673,37.7752,0.128827,0.000173558,3.46557,1.44626,0.791351,0.54576,0.40932,0.0818639,0.027288,0,0.027288,0,0,0,0,0,0
79465,79479,79472,4.6,169.701,-45.038,584.299,-3.80643,314.039,8.35899,1.15412,57.9063,0.15052,0.00030958,4.46539,1.76982,1.00743,0.408419,0.353964,0.13614,0.163368,0.027228,0,0.027228,0,0,0,0,0
79480,79500,79490,4.7,169.701,-45.038,576.765,-4.64211,314.224,4.88374,0.765107,45.3198,0.1777,0.000258146,2.42152,1.05814,0.671515,0.203489,0.305234,0.0610468,0.101745,0.0203489,0,0.0406979,0,0,0,0,0
79501,79521,79511,4.8,169.702,-45.0375,569.31,-5.28474,314.644,4.64945,0.611199,26.2868,0.129026,0.000127334,2.24386,1.2129,0.48516,0.343655,0.20215,0.08086,0.060645,0.020215,0,0,0,0,0,0,0
79523,79539,79531,4.9,169.703,-45.037,561.509,-5.68467,315.415,7.18886,1.24855,104.531,0.251166,0.000355868,3.6201,1.46345,0.924282,0.487815,0.359443,0.128372,0.128372,0.0256745,0,0,0,0,0.051349,0,0
79540,79559,79550,5,169.705,-45.0369,554.994,-5.95944,316.14,11.5669,1.66708,105.765,0.190329,0.000370085,5.25572,3.10174,1.76627,0.710815,0.430797,0.107699,0.107699,0.0430797,0,0,0,0.0215399,0.0215399,0,0
79560,79577,79568,5.1,169.707,-45.0369,547.6,-6.70563,316.465,9.90123,1.26096,53.3111,0.126834,0.00025276,5.1701,2.24363,1.1462,0.560907,0.487746,0.146324,0.0975491,0.0487746,0,0,0,0,0,0,0
79578,79593,79586,5.2,169.708,-45.0368,540.994,-7.30625,316.857,9.26364,1.53261,151.949,0.297433,0.000464253,4.64404,2.10204,1.39321,0.41552,0.391077,0.146654,0.0977693,0.0244423,0,0,0.0244423,0,0,0.0244423,0
79595,79611,79603,5.3,169.709,-45.0365,533.444,-7.90333,317.416,8.05916,1.04004,47.9628,0.138349,0.000220501,4.1329,1.78231,1.11072,0.516613,0.284137,0.154984,0.0516613,0,0,0.0258306,0,0,0,0,0
79612,79633,79622,5.4,169.71,-45.036,527.006,-8.62421,317.651,6.9208,0.997163,50.7744,0.152757,0.000277668,3.65549,1.27326,0.903605,0.472339,0.266974,0.164292,0.123219,0.041073,0,0.0205365,0,0,0,0,0
79634,79651,79642,5.5,169.711,-45.0355,520.458,-9.47687,317.759,6.43569,0.954674,59.7248,0.187681,0.000234569,3.23008,1.44375,0.78305,0.513877,0.195763,0.0978813,0.146822,0,0,0,0,0.0244703,0,0,0
79652,79668,79660,5.6,169.712,-45.0354,513.892,-10.2693,317.953,6.85097,0.817866,33.5298,0.12299,0.000155657,3.50972,1.90929,0.814254,0.280777,0.168466,0.0280777,0.112311,0.0280777,0,0,0,0,0,0,0
79669,79683,79676,5.7,169.713,-45.0353,506.514,-11.2579,318.074,8.09713,1.15527,62.4988,0.162297,0.000346966,4.1048,1.93994,0.984026,0.477956,0.253035,0.16869,0.0562301,0.028115,0.0562301,0.028115,0,0,0,0,0
79684,79699,79692,5.8,169.714,-45.0352,500.411,-12.1033,318.149,7.4894,1.02896,47.7517,0.139223,0.000260634,3.679,1.78694,1.02487,0.3679,0.341622,0.0525572,0.157672,0.0788358,0,0,0,0,0,0,0
79700,79716,79708,5.9,169.715,-45.035,494.159,-12.9506,318.255,8.33687,1.37924,112.149,0.243935,0.000397619,3.95885,2.23559,1.14108,0.419172,0.302736,0.0698621,0.0465747,0.0931494,0,0,0.0232874,0.0465747,0,0,0
79717,79735,79726,6,169.716,-45.0348,487.641,-13.6811,318.566,7.46601,1.03423,64.6992,0.187674,0.000261266,3.89818,1.78391,1.05713,0.374402,0.132142,0.0660709,0.0880945,0.0220236,0,0.0220236,0,0.0220236,0,0,0
79736,79751,79744,6.1,169.717,-45.0343,481.502,-14.5544,318.642,7.7143,1.20004,93.4208,0.233543,0.000338399,4.15386,1.9533,0.692309,0.321429,0.321429,0.0494507,0.123627,0.0494507,0,0,0.0247253,0,0.0247253,0,0
79752,79771,79762,6.2,169.718,-45.034,474.654,-15.5158,318.762,6.27319,0.959168,50.0101,0.156417,0.000298808,3.07386,1.29646,0.878246,0.418213,0.209106,0.167285,0.146374,0.0418213,0.0418213,0,0,0,0,0,0
79772,79792,79782,6.3,169.719,-45.034,467.889,-16.3737,319.011,5.52339,0.705348,30.3782,0.129205,0.000148478,2.92041,1.1851,0.677197,0.359761,0.232787,0.0423248,0.0634873,0.0423248,0,0,0,0,0,0,0
79793,79811,79802,6.4,169.72,-45.0339,461.841,-17.2212,319.14,5.25121,0.691961,29.3331,0.127174,0.00014009,2.43637,1.46655,0.591353,0.283849,0.283849,0.0946164,0.0946164,0,0,0,0,0,0,0,0
79813,79832,79822,6.5,169.721,-45.0338,455.826,-18.0865,319.252,5.17054,0.737059,47.4774,0.193244,0.000184475,2.83676,1.0663,0.684041,0.18107,0.261545,0.0402377,0.0603565,0,0.0201188,0,0,0.0201188,0,0,0
79833,79851,79842,6.6,169.722,-45.0337,449.901,-18.8328,319.508,5.44199,0.91607,47.3277,0.154992,0.000286262,2.37387,1.03017,0.873406,0.380715,0.31353,0.246345,0.156765,0.067185,0,0,0,0,0,0,0
79852,79870,79861,6.7,169.723,-45.0336,443.862,-19.5659,319.822,8.66884,1.73676,189.257,0.326914,0.000666036,4.26298,1.95287,0.976436,0.523941,0.523941,0.166709,0.095262,0,0.095262,0,0.0238155,0.0238155,0,0.0238155,0
79872,79888,79880,6.8,169.724,-45.0335,438.014,-20.4775,319.887,10.2696,1.65476,104.593,0.189623,0.000511359,4.64943,2.759,1.27732,0.459834,0.536473,0.28101,0.178824,0.0510927,0.0255463,0.0255463,0,0.0255463,0,0,0
79889,79906,79898,6.9,169.725,-45.0336,432.115,-21.2241,320.177,13.4635,1.92901,107.075,0.166523,0.000501874,6.61241,3.34201,1.83811,0.501302,0.572916,0.262587,0.238715,0.0238715,0.047743,0,0,0.0238715,0,0,0
79907,79924,79916,7,169.726,-45.0336,426.238,-21.9441,320.511,11.1102,1.51848,73.2186,0.144655,0.000385633,5.54303,2.69922,1.30141,0.747104,0.409702,0.0964006,0.241001,0.0482003,0,0.0241001,0,0,0,0,0
79925,79940,79932,7.1,169.727,-45.0334,420.364,-22.5613,320.991,11.9652,1.61725,86.9231,0.161242,0.000335066,5.83267,3.18889,1.39003,0.708642,0.463343,0.190788,0.163533,0,0,0,0,0.0272555,0,0,0
79941,79959,79950,7.2,169.728,-45.0332,414.401,-23.0847,321.637,9.83185,1.54315,83.0922,0.161538,0.000481426,4.26208,2.39742,1.59828,0.363246,0.774925,0.121082,0.169515,0.0726492,0.0484328,0.0242164,0,0,0,0,0
79960,79978,79969,7.3,169.728,-45.0333,409.019,-23.7825,321.94,5.43665,0.677397,27.0106,0.119622,0.000114739,2.83318,0.918871,0.944395,0.408387,0.229718,0.0255242,0.0765726,0,0,0,0,0,0,0,0
79979,79997,79988,7.4,169.729,-45.0334,403.066,-24.6925,322.109,4.96081,0.727503,50.1905,0.20697,0.00017813,2.73878,0.981827,0.542589,0.387563,0.180863,0.0258376,0.0516751,0.0258376,0,0,0,0.0258376,0,0,0
79998,80014,80006,7.5,169.729,-45.0337,397.853,-25.4831,322.278,5.08034,0.768444,41.776,0.163093,0.000231745,2.28097,1.45153,0.544322,0.336961,0.155521,0.181441,0.0777603,0.0259201,0,0.0259201,0,0,0,0,0
80015,80027,80021,7.6,169.73,-45.0339,392.662,-26.2958,322.425,5.40364,0.81768,44.7031,0.164012,0.000282772,2.68461,1.37672,0.688362,0.206509,0.103254,0.103254,0.103254,0.103254,0.0344181,0,0,0,0,0,0
80028,80044,80036,7.7,169.73,-45.0343,387.335,-27.032,322.73,4.50715,0.597695,28.1412,0.141249,0.000157564,2.75437,0.751192,0.445151,0.166932,0.13911,0.13911,0.0556438,0.0556438,0,0,0,0,0,0,0
80045,80063,80054,7.8,169.73,-45.0344,381.561,-27.9459,322.912,4.82939,0.756821,38.0876,0.150977,0.000226311,1.96118,1.34831,0.637382,0.318691,0.318691,0.0245147,0.147088,0.0735441,0,0,0,0,0,0,0
80064,80079,80072,7.9,169.731,-45.0345,376.116,-28.784,323.13,4.80219,0.912005,92.2685,0.303513,0.000266377,2.4011,1.11679,0.558394,0.279197,0.223358,0.111679,0.0558394,0,0,0,0,0,0.0558394,0,0
80080,80095,80088,8,169.731,-45.0347,371.183,-29.406,323.522,4.49916,0.565983,24.3916,0.129288,0.000119804,2.5589,1.01231,0.309317,0.281198,0.140599,0.140599,0.0281198,0.0281198,0,0,0,0,0,0,0
80096,80113,80104,8.1,169.731,-45.0348,366.104,-29.9875,324.028,4.44577,0.755927,48.2145,0.191346,0.000304389,2.28865,0.841803,0.605046,0.210451,0.236757,0.0526127,0.105225,0.0263063,0.0526127,0.0263063,0,0,0,0,0
