data/B2SAP/Locations/Lauder/NOAA-POPS-B2SAP_GMLBalloon_20221230_R0.ict
61,1001
Thornberry, T. D.
NOAA Chemical Sciences Laboratory
Portable Optical Particle Spectrometer (POPS)
Balloon Baseline Stratospheric Aerosol Profiles (B2SAP)
1,1
2022,12,30,2024,05,28
0
TIME_START,s,Seconds since midnight UTC on flight start day,Start time of 100 m altitude bin in UTC_seconds_since_midnight
28
1.0,1.0,1.0,1.0,1.0,1.0,1.0,1.0,1.0,1.0,1.0,1.0,1.0,1.0,1.0,1.0,1.0,1.0,1.0,1.0,1.0,1.0,1.0,1.0,1.0,1.0,1.0,1.0
99999,99999,99999,99999,99999,99999,99999,99999,99999,99999,99999,99999,99999,99999,99999,99999,99999,99999,99999,99999,99999,99999,99999,99999,99999,99999,99999,99999
TIME_STOP,s,End time of 100 m altitude bin in UTC seconds since midnight,
TIME_MID,s,Mid time of 100 m altitude in UTC seconds since midnight,
GPSAlt,m,GPS reported altitude above sea level (m),
GPS_Lon,deg,GPS reported longitude,
GPS_Lat,deg,GPS reported latitude,
iMet_Pressure,mb,Pressure reported (mB),
iMet_Temperature,degrees C,Ambient temperature (oC),
THETA,K,Potential temperature from iMet,
Aerosol_concentration,cm^-3,Aerosol concentration,
Surface_Area_Conc,um^2 cm^-3,Surface area concentration,
Volume_density,um^3 cm^-3,Volume density,
Effective_radius,um,Effective radius,
Extinction,km^-1,Extinction,
Bin01,cm^-3,particle concentration in size range [140 - 170 nm],
Bin02,cm^-3,particle concentration in size range [170 - 205 nm],
Bin03,cm^-3,particle concentration in size range [205 - 249 nm],
Bin04,cm^-3,particle concentration in size range [249 - 302 nm],
Bin05,cm^-3,particle concentration in size range [302 - 366 nm],
Bin06,cm^-3,particle concentration in size range [366 - 443 nm],
Bin07,cm^-3,particle concentration in size range [443 - 537 nm],
Bin08,cm^-3,particle concentration in size range [537 - 651 nm],
Bin09,cm^-3,particle concentration in size range [651 - 789 nm],
Bin10,cm^-3,particle concentration in size range [789 - 956 nm],
Bin11,cm^-3,particle concentration in size range [956 - 1159 nm],
Bin12,cm^-3,particle concentration in size range [1159 - 1404 nm],
Bin13,cm^-3,particle concentration in size range [1404 - 1702 nm],
Bin14,cm^-3,particle concentration in size range [1702 - 2062 nm],
Bin15,cm^-3,particle concentration in size range [2062 - 2500 nm],
0
19
PI_CONTACT_INFO: 325 Broadway R/CSL6, Boulder, CO 80305; troy.thornberry@noaa.gov; 303-497-3373 
PLATFORM: GML ECC/FPH balloon
LOCATION: Lauder, NZ
ASSOCIATED_DATA: N/A
INSTRUMENT_INFO: Printed Optical Particle Spectrometer counts particles from 140 - 2500 nm in diameter 
DATA_INFO: Particle concentrations reported in number per cubic centimeter, binned to 100 m altitude
UNCERTAINTY: Counting uncertainty dominated by air flow, less than 5 percent
ULOD_FLAG: -77777
ULOD_VALUE: 3000 ~3000 per cm3 (varies depending on flow rate- manufacturer quotes 1250  per cm3 at 1.667 cc/s)
LLOD_FLAG: -88888
LLOD_VALUE: 0 0 (varies depending on data field and measurement precision)
DM_CONTACT_INFO: Troy Thornberry, 325 Broadway R/CSL6, Boulder, CO 80305; troy.thornberry@noaa.gov; 303-497-3373
PROJECT_INFO: B2SAP Lauder, NZ
STIPULATIONS_ON_USE: Please contact the PIs for questions regarding applications and uncertainties
OTHER_COMMENTS: POPS bin Edges (nm):  140, 170, 205, 249, 302, 366, 443, 537, 651, 789, 956, 1159, 1404, 1702, 2062, 2500
Calculations assume sulfate refractive index of 1.45+0.00j and extinction wavelength = 532 nm
REVISION: R0
R0: QA/QC data
TIME_START,TIME_STOP,TIME_MID,GPSAlt,GPS_Lon,GPS_Lat,iMet_Pressure,iMet_Temperature,THETA,Aerosol_concentration,Surface_Area_Conc,Volume_density,Effective_radius,Extinction,Bin01,Bin02,Bin03,Bin04,Bin05,Bin06,Bin07,Bin08,Bin09,Bin10,Bin11,Bin12,Bin13,Bin14,Bin15
[from data line 312]
86324,86347,86336,16.1,169.589,-45.2179,103.914,-58.9129,409.121,6.71161,3.43271,453.628,0.396446,0.00200342,1.92431,1.54883,0.492811,0.469344,0.704015,0.375475,0.281606,0.352008,0.16427,0.0938687,0.16427,0.140803,0,0,0
86349,86373,86361,16,169.593,-45.2188,105.691,-58.9177,407.126,6.27902,2.93606,367.799,0.375808,0.00167509,1.82504,1.28188,0.716982,0.434534,0.456261,0.456261,0.456261,0.173814,0.19554,0.0434534,0.13036,0.108634,0,0,0
86374,86397,86386,15.9,169.595,-45.2198,107.39,-58.9619,405.195,6.93669,3.32341,410.921,0.370934,0.00202275,2.2815,1.19836,0.599182,0.391773,0.783546,0.391773,0.460909,0.276546,0.161318,0.161318,0.161318,0.0691364,0,0,0
86398,86419,86408,15.8,169.597,-45.2203,109.139,-58.8405,403.565,7.26151,4.03283,548.648,0.408136,0.00252515,2.18093,1.3383,0.892199,0.421316,0.619583,0.396533,0.2974,0.322183,0.247833,0.22305,0.22305,0.0247833,0.0743499,0,0
86420,86444,86432,15.7,169.6,-45.2209,110.897,-59.1691,401.098,7.35932,3.46524,441.547,0.382265,0.00197519,2.32506,1.31416,0.828935,0.626756,0.505448,0.444794,0.525666,0.222397,0.222397,0.0606538,0.121308,0.141525,0.0202179,0,0
86445,86465,86455,15.6,169.602,-45.2216,112.738,-59.005,399.527,6.66701,2.69368,305.609,0.340363,0.00161876,2.15316,1.32303,0.985783,0.259417,0.441008,0.389125,0.415067,0.337242,0.0518833,0.181592,0.0259417,0.103767,0,0,0
86466,86488,86477,15.5,169.605,-45.2224,114.607,-58.8991,397.856,7.38115,2.35837,215.195,0.273742,0.0013324,2.64964,1.57717,0.757041,0.315434,0.420578,0.420578,0.714983,0.315434,0.105145,0.0420578,0.0210289,0.0420578,0,0,0
86490,86511,86500,15.4,169.607,-45.223,116.381,-59.2681,395.421,7.48139,2.16819,223.371,0.309064,0.00121251,3.40651,1.57389,0.689926,0.388084,0.409644,0.258722,0.258722,0.150921,0.129361,0.129361,0.0646806,0.0215602,0,0,0
86513,86534,86524,15.3,169.609,-45.2237,118.292,-59.6076,392.968,7.08281,3.16821,372.649,0.352864,0.00187475,2.32506,1.05489,0.775019,0.516679,0.602793,0.581264,0.430566,0.301396,0.193755,0.107642,0.0645849,0.12917,0,0,0
86535,86557,86546,15.2,169.611,-45.2244,120.166,-59.5136,391.381,7.30008,3.17996,369.235,0.348339,0.00182441,2.01874,1.50896,0.876825,0.469,0.611739,0.448608,0.570956,0.387434,0.142739,0.0611739,0.0611739,0.142739,0,0,0
86558,86579,86568,15.1,169.613,-45.225,122.059,-59.7121,389.267,7.43247,3.26102,371.937,0.342166,0.0019051,2.38311,1.10897,0.613474,0.613474,0.849425,0.353927,0.731449,0.353927,0.188761,0.0471903,0.117976,0.0235951,0.0471903,0,0
86580,86602,86591,15,169.616,-45.2256,124.016,-59.5543,387.795,7.56981,3.32362,361.453,0.326258,0.00192059,1.65198,1.46378,0.857354,0.627333,0.920088,0.522777,0.794621,0.355488,0.125467,0.0836443,0.0836443,0.0627333,0.0209111,0,0
86603,86628,86616,14.9,169.619,-45.2263,126.216,-59.0676,386.733,7.5265,2.74096,284.653,0.311554,0.00152798,2.5205,1.38278,0.70014,0.630126,0.630126,0.40258,0.735147,0.210042,0.122524,0.070014,0.0525105,0.0525105,0.0175035,0,0
86628,86653,86640,14.8,169.622,-45.2271,128.379,-58.5861,385.718,7.44447,2.44723,257.953,0.316219,0.00129912,2.75652,1.61266,0.787576,0.375036,0.543803,0.41254,0.450044,0.225022,0.112511,0.0375036,0.0937591,0.0187518,0.0187518,0,0
86654,86680,86667,14.7,169.624,-45.2276,130.55,-58.8384,383.429,8.11828,2.62146,290.692,0.332668,0.00135749,3.41551,1.52754,0.892495,0.463411,0.583555,0.291777,0.394758,0.20596,0.137307,0.0343267,0.0858169,0.0858169,0,0,0
86681,86705,86693,14.6,169.626,-45.2282,132.621,-59.0291,381.372,7.62649,2.15341,214.444,0.29875,0.00110264,3.37929,1.53268,0.683245,0.406254,0.51705,0.313923,0.350855,0.203127,0.0923304,0.0553982,0.0369321,0.0369321,0.0184661,0,0
86706,86730,86718,14.5,169.628,-45.2291,134.778,-59.6491,378.507,8.91409,2.11154,199.68,0.283699,0.000955749,4.19054,2.00337,0.827081,0.40435,0.588146,0.183796,0.367591,0.147037,0.0735183,0.0367591,0.0183796,0.0551387,0.0183796,0,0
86731,86753,86742,14.4,169.63,-45.2301,136.989,-59.282,377.404,8.41944,1.94126,151.932,0.234795,0.000965488,3.74198,1.85065,0.813473,0.467747,0.44741,0.284716,0.467747,0.183031,0.0610105,0.0813473,0,0.0203368,0,0,0
86754,86779,86766,14.3,169.632,-45.2311,139.074,-59.1196,376.071,8.1346,2.17936,213.003,0.29321,0.00112675,3.82602,1.63726,0.706607,0.379155,0.517029,0.24128,0.448092,0.12064,0.0689373,0.103406,0.0517029,0.0344686,0,0,0
86780,86805,86792,14.2,169.635,-45.2323,141.396,-59.1104,374.307,8.84355,3.01042,311.19,0.310113,0.00167009,3.2203,1.74909,0.833681,0.637521,0.653867,0.523094,0.653867,0.19616,0.114427,0.130773,0.0653867,0.0653867,0,0,0
86806,86830,86818,14.1,169.637,-45.2335,143.862,-59.2235,372.263,8.8401,2.822,256.744,0.272939,0.00149679,2.92926,1.53438,1.13335,0.592827,0.784624,0.575391,0.767188,0.296414,0.0871805,0.0523083,0.0348722,0.0523083,0,0,0
86831,86856,86844,14,169.639,-45.2349,146.06,-58.9061,371.208,9.06135,2.87639,237.256,0.247452,0.00152036,2.45088,1.55337,1.1564,0.949285,1.01832,0.535051,0.880246,0.310675,0.120818,0.0345194,0.0172597,0.0345194,0,0,0
86857,86882,86870,13.9,169.642,-45.2365,148.472,-58.7896,369.678,8.82386,3.23522,296.969,0.275377,0.00184816,2.20173,1.59202,1.15167,0.660519,0.931501,0.643583,0.999247,0.321791,0.1863,0.0508092,0.0677455,0,0.0169364,0,0
86883,86906,86894,13.8,169.644,-45.2382,150.779,-58.8538,367.934,9.72273,3.44224,295.721,0.257728,0.00191333,2.08887,1.69008,1.42423,0.854537,1.23433,0.778578,0.892516,0.493732,0.151918,0.0569691,0,0.0379794,0.0189897,0,0
86907,86932,86920,13.7,169.647,-45.2399,153.257,-58.3746,367.048,9.61954,3.32894,306.2,0.275944,0.00183353,2.59163,1.89037,1.08239,0.792735,1.08239,0.655531,0.83847,0.365878,0.167694,0.0609796,0.0304898,0.0457347,0.0152449,0,0
86933,86957,86945,13.6,169.648,-45.2413,155.699,-58.8487,364.592,9.86854,2.89325,218.028,0.226073,0.00149903,2.71037,1.84166,1.26832,0.938207,1.0772,0.712342,0.799213,0.364858,0.0694968,0.0694968,0,0.0173742,0,0,0
86958,86982,86970,13.5,169.65,-45.2425,158.251,-58.8479,362.897,9.69305,3.28559,259.098,0.236577,0.00188677,2.54188,1.47429,1.2201,0.847294,1.06759,0.762565,1.06759,0.457539,0.186405,0.0508377,0,0.0169459,0,0,0
86983,87007,86995,13.4,169.652,-45.2439,160.794,-58.7617,361.393,9.71796,2.62905,212.42,0.242392,0.00130606,3.7142,1.76382,0.966708,0.712311,0.898869,0.440955,0.695352,0.407035,0.0508794,0.0169598,0.0169598,0.0169598,0.0169598,0,0
87008,87032,87020,13.3,169.653,-45.2452,163.499,-59.3104,358.759,9.82789,2.28624,183.972,0.241408,0.00108415,4.31883,2.22743,0.918177,0.391075,0.680131,0.459088,0.408079,0.238046,0.10202,0.0340065,0.0340065,0.0170033,0,0,0
87034,87059,87046,13.2,169.655,-45.2466,166.236,-59.1646,357.305,9.64991,1.69842,115.073,0.20326,0.000654695,4.79086,2.19936,1.02296,0.409184,0.460331,0.358036,0.204592,0.102296,0.0170493,0.0681973,0.0170493,0,0,0,0
87060,87085,87072,13.1,169.656,-45.2479,169.167,-60.0121,354.111,10.2909,1.89985,124.689,0.196893,0.000754036,4.86481,2.29632,1.08863,0.544314,0.595343,0.272157,0.357206,0.170098,0.0680392,0.0170098,0,0.0170098,0,0,0
87086,87111,87098,13,169.658,-45.249,171.728,-60.3075,352.108,10.2558,1.86529,121.517,0.195439,0.000731475,4.95697,2.25628,1.12814,0.478604,0.461511,0.34186,0.410232,0.153837,0.017093,0.034186,0.017093,0,0,0,0
87112,87138,87125,12.9,169.66,-45.2501,174.554,-60.3419,350.418,10.8402,2.24898,176.98,0.236081,0.000934764,5.38217,2.00126,1.01579,0.636764,0.697408,0.409348,0.424509,0.0758052,0.136449,0,0.0303221,0.015161,0.015161,0,0
87140,87165,87152,12.8,169.663,-45.2517,177.603,-60.114,349.055,10.2037,2.09794,155.973,0.223038,0.000943995,4.88928,2.37105,0.768548,0.523267,0.621379,0.245281,0.343394,0.294338,0.0981126,0.0163521,0,0.0327042,0,0,0
87167,87192,87180,12.7,169.665,-45.2534,180.397,-59.6079,348.326,10.3541,2.10333,141.067,0.201205,0.000921008,5.12596,2.04357,0.69822,0.647131,0.476833,0.442774,0.647131,0.204357,0.0340595,0.0170298,0.0170298,0,0,0,0
87193,87219,87206,12.6,169.668,-45.2554,183.31,-59.8296,346.381,9.72946,1.96725,151.601,0.231187,0.00080402,4.73413,2.07322,0.816229,0.571361,0.571361,0.326492,0.359141,0.146921,0.0816229,0,0.0163246,0.0163246,0.0163246,0,0
87220,87246,87233,12.5,169.67,-45.2576,186.513,-61.1876,342.482,7.62545,1.7509,157.433,0.269746,0.000766809,3.57494,1.67268,0.672351,0.459167,0.426369,0.180387,0.311577,0.213185,0.0491964,0,0,0.0327976,0.0327976,0,0
87247,87271,87259,12.4,169.672,-45.2601,189.384,-61.1313,341.068,7.02668,1.05422,61.8591,0.176033,0.00029932,3.59862,1.6714,0.716312,0.358156,0.272881,0.221716,0.119385,0.0341101,0.0170551,0,0.0170551,0,0,0,0
87272,87299,87286,12.3,169.673,-45.2631,192.359,-61.0556,339.679,8.53556,1.14298,64.6202,0.169609,0.000302517,4.98792,1.91027,0.727721,0.318378,0.227413,0.197091,0.0909651,0.0303217,0.0151609,0.0151609,0.0151609,0,0,0,0
87301,87328,87314,12.2,169.672,-45.2661,195.695,-60.9585,338.173,8.22926,1.01792,43.1935,0.127299,0.000212141,4.69787,1.66183,0.910811,0.431437,0.239687,0.0958749,0.175771,0.0159791,0,0,0,0,0,0,0
87329,87356,87342,12.1,169.673,-45.2686,199.048,-60.1935,337.748,6.48207,0.972346,60.3188,0.186103,0.000284355,3.60726,1.37332,0.622572,0.20142,0.347908,0.128177,0.128177,0.0366219,0.0183109,0,0,0.0183109,0,0,0
87357,87383,87370,12,169.673,-45.2708,202.324,-59.734,336.896,4.72423,0.801604,53.2649,0.199343,0.000246391,2.13353,1.14296,0.704825,0.171444,0.209543,0.190493,0.114296,0.0380987,0,0,0,0.0190493,0,0,0
87384,87407,87396,11.9,169.673,-45.2727,205.404,-59.6071,335.647,9.21438,1.18279,51.0315,0.129436,0.000250831,5.12663,1.89708,0.903371,0.496854,0.429101,0.225843,0.0903371,0.0451686,0,0,0,0,0,0,0
87409,87436,87422,11.8,169.674,-45.275,208.731,-59.0267,335.022,14.0242,1.87008,103.1,0.165394,0.000441356,7.70369,3.11649,1.62828,0.525251,0.577777,0.297642,0.10505,0,0.0175084,0.0350168,0,0,0.0175084,0,0
87437,87465,87451,11.7,169.674,-45.2773,212.2,-58.2325,334.682,14.2904,1.84661,91.2257,0.148205,0.000373403,7.56453,3.11974,1.74437,0.956049,0.570275,0.167728,0.100637,0.0335456,0,0.0167728,0,0.0167728,0,0,0
87466,87491,87478,11.6,169.675,-45.2795,215.499,-57.4704,334.387,15.2821,2.09323,111.613,0.159964,0.00048956,7.94815,3.57667,1.69801,0.758687,0.722559,0.343216,0.162576,0.018064,0.018064,0.018064,0,0,0.018064,0,0
87493,87521,87507,11.5,169.676,-45.2819,219.12,-56.8332,333.786,14.1147,1.77394,73.4084,0.124145,0.000332196,7.21567,3.23289,1.88307,0.733232,0.633246,0.249966,0.149979,0,0.0166644,0,0,0,0,0,0
87523,87550,87536,11.4,169.677,-45.2844,222.661,-56.1181,333.363,13.7003,2.34051,258.026,0.33073,0.000738455,6.6979,3.61758,1.88043,0.752171,0.376085,0.125362,0.0716353,0.0179088,0.0537265,0.0179088,0.0358176,0,0.0358176,0,0.0179088
87551,87579,87565,11.3,169.679,-45.2867,226.21,-55.2404,333.199,12.2749,1.65529,95.4261,0.172948,0.000344098,6.3857,2.75629,1.59214,0.838872,0.359516,0.188318,0.0855991,0.0342397,0,0,0.0171198,0,0.0171198,0,0
87580,87606,87593,11.2,169.68,-45.2888,229.708,-54.5342,332.812,13.9857,1.8261,103.059,0.16931,0.000365094,7.03127,3.65011,1.78663,0.806867,0.461067,0.134478,0.0384222,0.0192111,0,0.0192111,0.0192111,0.0192111,0,0,0
87607,87633,87620,11.1,169.681,-45.2906,233.283,-53.6059,332.757,13.5056,1.84278,90.2118,0.146862,0.000446139,6.59142,3.14282,1.98762,0.679528,0.662539,0.271811,0.0679528,0.0509646,0,0.0509646,0,0,0,0,0
87634,87665,87650,11,169.682,-45.2925,237.052,-52.78,332.487,13.3469,1.73507,89.2647,0.154342,0.000382479,7.19969,3.03546,1.55586,0.671157,0.518622,0.183043,0.122029,0.0152536,0,0.0305071,0,0.0152536,0,0,0
87666,87692,87679,10.9,169.684,-45.2943,240.8,-52.0288,332.123,10.629,1.46893,71.7125,0.146459,0.000382913,5.28834,2.53072,1.309,0.645771,0.471238,0.10472,0.209439,0.0174533,0.0349065,0.0174533,0,0,0,0,0
87693,87721,87707,10.8,169.685,-45.2962,244.49,-51.1129,332.051,10.5371,1.3499,58.5085,0.130028,0.000287776,5.59834,2.36482,1.15828,0.627401,0.450441,0.128698,0.176959,0.0160872,0.0160872,0,0,0,0,0,0
87723,87749,87736,10.7,169.687,-45.2982,248.362,-50.3424,331.715,8.30498,1.17622,71.8393,0.183229,0.000351288,4.75339,1.79373,0.896866,0.286997,0.179373,0.197311,0.0896866,0.0358747,0.0358747,0.0179373,0.0179373,0,0,0,0
87750,87778,87764,10.6,169.689,-45.3001,252.099,-49.8662,331.013,6.13807,0.853571,41.5126,0.145902,0.00024137,3.45589,1.27232,0.481417,0.39545,0.223515,0.0859674,0.137548,0.0859674,0,0,0,0,0,0,0
87779,87805,87792,10.5,169.692,-45.3021,256.021,-49.2421,330.468,5.9359,0.799425,41.3839,0.155301,0.000231133,3.45328,1.17598,0.709321,0.167997,0.149331,0.130664,0.0559991,0.0746654,0,0.0186664,0,0,0,0,0
87807,87834,87820,10.4,169.694,-45.3038,259.93,-48.5792,330.016,7.07939,1.0006,45.9126,0.137656,0.000245438,3.47096,1.58084,0.876333,0.378026,0.446758,0.137464,0.154647,0.034366,0,0,0,0,0,0,0
87835,87862,87848,10.3,169.695,-45.3055,263.969,-47.7512,329.781,6.68117,1.07944,58.8056,0.163434,0.000352496,3.10075,1.66173,0.685248,0.359755,0.359755,0.29123,0.102787,0.102787,0,0.0171312,0,0,0,0,0
87863,87891,87877,10.2,169.697,-45.307,268.111,-46.9281,329.519,6.37131,1.0915,71.2972,0.195962,0.000362722,2.98962,1.32327,0.784161,0.490101,0.408417,0.179704,0.0980202,0.0490101,0,0.0326734,0.0163367,0,0,0,0
87892,87920,87906,10.1,169.698,-45.3085,272.292,-46.08,329.285,5.61168,0.784593,36.1648,0.138281,0.000193634,2.85478,1.20716,0.652521,0.293634,0.358887,0.114191,0.0815651,0.0489391,0,0,0,0,0,0,0
87921,87949,87935,10,169.699,-45.3099,276.564,-45.1269,329.204,5.50902,0.83803,53.7739,0.192501,0.000273876,3.03249,1.31408,0.522262,0.185319,0.11793,0.11793,0.11793,0.0673886,0.0168472,0,0.0168472,0,0,0,0
87950,87978,87964,9.9,169.701,-45.3114,280.742,-44.2092,329.119,6.29982,0.970575,62.8167,0.194163,0.00030305,3.32631,1.46156,0.671981,0.302391,0.167995,0.184795,0.100797,0.0335991,0.0167995,0.0167995,0,0.0167995,0,0,0
87979,88006,87992,9.8,169.702,-45.3127,284.768,-43.4819,328.827,6.4886,0.9491,53.9116,0.170408,0.000233086,3.23596,1.4345,0.73393,0.450366,0.383645,0.166802,0.0333604,0.0166802,0.0166802,0,0.0166802,0,0,0,0
88007,88036,88022,9.7,169.703,-45.314,289.135,-42.6286,328.607,5.42828,0.777427,39.5091,0.152461,0.000235053,2.77582,1.38791,0.447216,0.416374,0.12337,0.0771062,0.0925275,0.0925275,0.0154212,0,0,0,0,0,0
88037,88064,88050,9.6,169.704,-45.3153,293.415,-41.7054,328.544,5.99899,1.15228,96.3218,0.250778,0.000452776,2.97457,1.24633,0.781032,0.299119,0.282501,0.182795,0.0830885,0.0498531,0.0166177,0.0498531,0.0166177,0,0.0166177,0,0
88065,88095,88080,9.5,169.705,-45.3167,297.869,-40.8754,328.31,5.33035,0.845555,65.0491,0.230792,0.000241732,2.76502,1.33643,0.553004,0.261141,0.168974,0.138251,0.0460837,0,0.0307225,0,0,0.0153612,0.0153612,0,0
88096,88125,88110,9.4,169.706,-45.318,302.414,-40.1707,327.886,5.03366,0.743971,34.6777,0.139835,0.000187587,2.36598,1.12741,0.524009,0.428735,0.317581,0.127032,0.127032,0.0158791,0,0,0,0,0,0,0
88126,88155,88140,9.3,169.707,-45.3192,306.86,-39.5559,327.374,5.93973,1.27003,189.782,0.448293,0.000522251,2.84349,1.53232,0.66348,0.315943,0.268551,0.142174,0.0947829,0.0157971,0.0157971,0.0157971,0,0,0,0.0157971,0.0157971
88156,88185,88170,9.2,169.708,-45.3203,311.368,-38.7537,327.136,6.4389,0.987301,59.295,0.180173,0.000279077,3.05415,1.54282,0.897352,0.251888,0.409319,0.125944,0.0944581,0.031486,0,0.015743,0.015743,0,0,0,0
88186,88215,88200,9.1,169.709,-45.3214,315.915,-37.9382,326.921,8.00508,1.17627,68.1273,0.173755,0.000328751,4.14684,1.73165,0.896204,0.577216,0.334178,0.121519,0.0911394,0.0455697,0.0455697,0,0,0.0151899,0,0,0
88216,88243,88230,9,169.71,-45.3225,320.385,-37.2592,326.554,8.21868,1.41171,94.2048,0.200192,0.000448858,3.83322,1.86788,0.958305,0.422304,0.617213,0.243637,0.211152,0,0.0162425,0.0162425,0.0324849,0,0,0,0
88244,88274,88259,8.9,169.711,-45.3237,324.992,-36.5268,326.226,8.72976,1.31404,74.7839,0.170735,0.000368898,4.22214,1.90823,1.23208,0.631067,0.315534,0.150254,0.210356,0.0150254,0.0150254,0.0150254,0.0150254,0,0,0,0
