data/B2SAP/Locations/Lauder/NOAA-POPS-B2SAP_GMLBalloon_20210831_R0.ict
61,1001
Thornberry, T. D.
NOAA Chemical Sciences Laboratory
Portable Optical Particle Spectrometer (POPS)
Balloon Baseline Stratospheric Aerosol Profiles (B2SAP)
1,1
2021,08,31,2024,05,28
0
TIME_START,s,Seconds since midnight UTC on flight start day,Start time of 100 m altitude bin in UTC_seconds_since_midnight
28
1.0,1.0,1.0,1.0,1.0,1.0,1.0,1.0,1.0,1.0,1.0,1.0,1.0,1.0,1.0,1.0,1.0,1.0,1.0,1.0,1.0,1.0,1.0,1.0,1.0,1.0,1.0,1.0
99999,99999,99999,99999,99999,99999,99999,99999,99999,99999,99999,99999,99999,99999,99999,99999,99999,99999,99999,99999,99999,99999,99999,99999,99999,99999,99999,99999
TIME_STOP,s,End time of 100 m altitude bin in UTC seconds since midnight,
TIME_MID,s,Mid time of 100 m altitude in UTC seconds since midnight,
GPSAlt,m,GPS reported altitude above sea level (m),
GPS_Lon,deg,GPS reported longitude,
GPS_Lat,deg,GPS reported latitude,
iMet_Pressure,mb,Pressure reported (mB),
iMet_Temperature,degrees C,Ambient temperature (oC),
THETA,K,Potential temperature from iMet,
Aerosol_concentration,cm^-3,Aerosol concentration,
Surface_Area_Conc,um^2 cm^-3,Surface area concentration,
Volume_density,um^3 cm^-3,Volume density,
Effective_radius,um,Effective radius,
Extinction,km^-1,Extinction,
Bin01,cm^-3,particle concentration in size range [140 - 170 nm],
Bin02,cm^-3,particle concentration in size range [170 - 205 nm],
Bin03,cm^-3,particle concentration in size range [205 - 249 nm],
Bin04,cm^-3,particle concentration in size range [249 - 302 nm],
Bin05,cm^-3,particle concentration in size range [302 - 366 nm],
Bin06,cm^-3,particle concentration in size range [366 - 443 nm],
Bin07,cm^-3,particle concentration in size range [443 - 537 nm],
Bin08,cm^-3,particle concentration in size range [537 - 651 nm],
Bin09,cm^-3,particle concentration in size range [651 - 789 nm],
Bin10,cm^-3,particle concentration in size range [789 - 956 nm],
Bin11,cm^-3,particle concentration in size range [956 - 1159 nm],
Bin12,cm^-3,particle concentration in size range [1159 - 1404 nm],
Bin13,cm^-3,particle concentration in size range [1404 - 1702 nm],
Bin14,cm^-3,particle concentration in size range [1702 - 2062 nm],
Bin15,cm^-3,particle concentration in size range [2062 - 2500 nm],
0
19
PI_CONTACT_INFO: 325 Broadway R/CSL6, Boulder, CO 80305; troy.thornberry@noaa.gov; 303-497-3373 
PLATFORM: GML ECC/FPH balloon
LOCATION: Lauder, NZ
ASSOCIATED_DATA: N/A
INSTRUMENT_INFO: Printed Optical Particle Spectrometer counts particles from 140 - 2500 nm in diameter 
DATA_INFO: Particle concentrations reported in number per cubic centimeter, binned to 100 m altitude
UNCERTAINTY: Counting uncertainty dominated by air flow, less than 5 percent
ULOD_FLAG: -77777
ULOD_VALUE: 3000 ~3000 per cm3 (varies depending on flow rate- manufacturer quotes 1250  per cm3 at 1.667 cc/s)
LLOD_FLAG: -88888
LLOD_VALUE: 0 0 (varies depending on data field and measurement precision)
DM_CONTACT_INFO: Troy Thornberry, 325 Broadway R/CSL6, Boulder, CO 80305; troy.thornberry@noaa.gov; 303-497-3373
PROJECT_INFO: B2SAP Lauder, NZ
STIPULATIONS_ON_USE: Please contact the PIs for questions regarding applications and uncertainties
OTHER_COMMENTS: POPS bin Edges (nm):  140, 170, 205, 249, 302, 366, 443, 537, 651, 789, 956, 1159, 1404, 1702, 2062, 2500
Calculations assume sulfate refractive index of 1.45+0.00j and extinction wavelength = 532 nm
REVISION: R0
R0: QA/QC data
TIME_START,TIME_STOP,TIME_MID,GPSAlt,GPS_Lon,GPS_Lat,iMet_Pressure,iMet_Temperature,THETA,Aerosol_concentration,Surface_Area_Conc,Volume_density,Effective_radius,Extinction,Bin01,Bin02,Bin03,Bin04,Bin05,Bin06,Bin07,Bin08,Bin09,Bin10,Bin11,Bin12,Bin13,Bin14,Bin15
[from data line 256]
6365,6382,6374,26,171.036,-45.1825,18.785,-65.578,646.205,0.729799,0.0743145,2.42781,0.0980082,6.06778e-06,0.472223,0.0858588,0.0858588,0.0858588,0,0,0,0,0,0,0,0,0,0,0
6383,6397,6390,26.1,171.047,-45.1826,18.5964,-65.65,647.832,0.713476,0.0639708,1.86488,0.0874561,3.36729e-06,0.43429,0.186124,0.0930621,0,0,0,0,0,0,0,0,0,0,0,0
6398,6413,6406,26.2,171.059,-45.1825,18.33,-65.8573,649.874,0.726118,0.066395,1.92765,0.0870991,3.34417e-06,0.322719,0.363059,0.0403399,0,0,0,0,0,0,0,0,0,0,0,0
6414,6430,6422,26.3,171.071,-45.1819,18.0564,-66.09,651.939,0.729072,0.0627767,1.82984,0.0874452,3.52102e-06,0.526552,0.162016,0,0.040504,0,0,0,0,0,0,0,0,0,0,0
6430,6445,6438,26.4,171.083,-45.1814,17.6415,-66.1554,656.072,0.623018,0.0535124,1.51054,0.0846834,2.47511e-06,0.380733,0.207673,0.0346121,0,0,0,0,0,0,0,0,0,0,0,0
6449,6460,6454,26.5,171.095,-45.1808,17.2522,-66.41,659.451,0.459757,0.0381979,1.07229,0.0842162,1.7872e-06,0.357589,0.0510841,0.0510841,0,0,0,0,0,0,0,0,0,0,0,0
6463,6477,6470,26.6,171.107,-45.1803,16.9645,-66.9264,660.976,0.548029,0.0545285,1.68033,0.0924469,3.43429e-06,0.252936,0.168624,0.126468,0,0,0,0,0,0,0,0,0,0,0,0
6477,6491,6484,26.7,171.117,-45.1799,16.7786,-66.9386,663.029,0.610365,0.0496271,1.34884,0.0815385,1.96207e-06,0.40691,0.203455,0,0,0,0,0,0,0,0,0,0,0,0,0
6492,6505,6498,26.8,171.128,-45.1794,16.5022,-67.1544,665.467,0.689475,0.0563185,1.55768,0.0829752,2.47034e-06,0.530365,0.106073,0.0530365,0,0,0,0,0,0,0,0,0,0,0,0
6506,6521,6514,26.9,171.138,-45.1791,16.2809,-67.1818,667.969,0.520957,0.040913,1.0913,0.0800211,1.50984e-06,0.390718,0.130239,0,0,0,0,0,0,0,0,0,0,0,0,0
6523,6529,6526,27,171.148,-45.1789,15.98,-67.27,671.239,0.239216,0.0167966,0.418516,0.07475,4.66241e-07,0.239216,0,0,0,0,0,0,0,0,0,0,0,0,0,0
6540,6540,6540,27.1,171.159,-45.1787,15.58,-67.45,675.537,0.479691,0.0496438,1.50172,0.09075,2.75614e-06,0,0.479691,0,0,0,0,0,0,0,0,0,0,0,0,0
979,979,979,0.5,169.682,-45.0374,980.92,8.97,283.677,533.555,55.6552,1878.32,0.101248,0.00556786,240.623,198.775,83.6949,0,0,10.4619,0,0,0,0,0,0,0,0,0
980,1696,1338,0.4,169.683,-45.0376,981.236,8.84094,283.521,52.8682,6.77018,409.347,0.181389,0.00170235,27.5551,15.4323,6.63263,1.56846,0.561193,0.144855,0.230233,0.397152,0.182268,0.0738664,0.0306977,0.0287791,0.0201454,0.00767443,0.00287791
7046,7046,7046,26.7,171.573,-45.1921,16.75,-66.45,664.926,0,0,0,99999,0,0,0,0,0,0,0,0,0,0,0,0,0,0,0,0
7051,7060,7056,26.6,171.58,-45.192,16.9225,-66.0775,664.156,0.722261,0.0507138,1.26362,0.07475,1.40771e-06,0.722261,0,0,0,0,0,0,0,0,0,0,0,0,0,0
7062,7070,7066,26.5,171.586,-45.1918,17.0675,-66.3925,661.537,0.482241,0.0338607,0.843696,0.07475,9.39906e-07,0.482241,0,0,0,0,0,0,0,0,0,0,0,0,0,0
7074,7081,7078,26.4,171.595,-45.1916,17.3625,-65.9375,659.77,0.581428,0.0446947,1.17783,0.0790582,1.57472e-06,0.465142,0.116286,0,0,0,0,0,0,0,0,0,0,0,0,0
7083,7093,7088,26.3,171.604,-45.1914,17.775,-65.8775,655.537,1.04627,0.108571,3.54948,0.0980782,8.77038e-06,0.58126,0.232504,0.116252,0.116252,0,0,0,0,0,0,0,0,0,0,0
7094,7102,7098,26.2,171.611,-45.1914,17.978,-66.166,652.512,0.838181,0.0696383,1.95489,0.0842162,3.25823e-06,0.651918,0.0931312,0.0931312,0,0,0,0,0,0,0,0,0,0,0,0
7104,7110,7107,26.1,171.618,-45.1916,18.2067,-66.2933,649.75,1.22883,0.0965053,2.57416,0.0800211,3.56139e-06,0.921623,0.307208,0,0,0,0,0,0,0,0,0,0,0,0,0
7112,7120,7116,26,171.626,-45.192,18.6367,-65.7333,647.188,0.89939,0.085498,2.56674,0.0900631,4.93688e-06,0.449695,0.299797,0.149898,0,0,0,0,0,0,0,0,0,0,0,0
7124,7135,7130,25.9,171.636,-45.1924,19.0267,-66.1467,642.086,0.901185,0.073273,1.99152,0.0815385,2.89693e-06,0.60079,0.300395,0,0,0,0,0,0,0,0,0,0,0,0,0
7140,7147,7144,25.8,171.645,-45.1927,19.37,-65.8975,639.583,0.879603,0.090886,2.84411,0.0938793,5.96777e-06,0.329851,0.329851,0.219901,0,0,0,0,0,0,0,0,0,0,0,0
7149,7158,7154,25.7,171.652,-45.1931,19.6617,-65.71,637.428,0.582799,0.0457697,1.22085,0.0800211,1.68907e-06,0.437099,0.1457,0,0,0,0,0,0,0,0,0,0,0,0,0
7164,7164,7164,25.6,171.66,-45.1934,19.85,-65.72,635.654,0.874241,0.0613851,1.52951,0.07475,1.70393e-06,0.874241,0,0,0,0,0,0,0,0,0,0,0,0,0,0
7176,7184,7180,25.5,171.673,-45.1939,20.5833,-65.97,628.341,1.27316,0.126867,3.90671,0.0923816,7.95384e-06,0.565848,0.424386,0.282924,0,0,0,0,0,0,0,0,0,0,0,0
7185,7186,7186,25.4,171.676,-45.1941,20.68,-66.045,627.275,1.48589,0.163951,5.3533,0.0979554,1.23927e-05,0.636809,0.21227,0.636809,0,0,0,0,0,0,0,0,0,0,0,0
7206,7206,7206,25.2,171.696,-45.1946,21.14,-65.76,624.219,0.847912,0.0945254,3.12155,0.0990702,7.43851e-06,0.423956,0,0.423956,0,0,0,0,0,0,0,0,0,0,0,0
7234,7236,7235,25.1,171.715,-45.1952,22.04,-65.52,617.543,1.09603,0.10869,3.35469,0.0925945,6.91599e-06,0.548015,0.274007,0.274007,0,0,0,0,0,0,0,0,0,0,0,0
7243,7251,7247,25,171.724,-45.1954,22.3467,-65.0767,616.404,1.07783,0.0968419,2.85262,0.0883694,5.37028e-06,0.741007,0.134728,0.202093,0,0,0,0,0,0,0,0,0,0,0,0
7252,7258,7255,24.9,171.732,-45.1955,22.5267,-64.3767,617.068,2.11777,0.260609,9.53785,0.109795,3.16454e-05,0.926523,0.397081,0.529442,0.13236,0.13236,0,0,0,0,0,0,0,0,0,0
7269,7269,7269,24.8,171.743,-45.1951,22.89,-65.1,612.137,0.796924,0.0692154,1.94455,0.0842825,3.06605e-06,0.398462,0.398462,0,0,0,0,0,0,0,0,0,0,0,0,0
7283,7283,7283,24.7,171.752,-45.1948,23.28,-65.1,609.173,0.796924,0.0888412,2.93384,0.0990702,6.9912e-06,0.398462,0,0.398462,0,0,0,0,0,0,0,0,0,0,0,0
7328,7328,7328,24.4,171.785,-45.1956,24.61,-64.91,600.141,1.50632,0.180456,6.06553,0.100837,1.46443e-05,0.37658,0.37658,0.753159,0,0,0,0,0,0,0,0,0,0,0,0
7334,7351,7342,24.3,171.797,-45.1966,25.0957,-64.7371,597.286,1.4402,0.154499,5.06889,0.0984255,1.23009e-05,0.693429,0.320044,0.320044,0.106681,0,0,0,0,0,0,0,0,0,0,0
7352,7352,7352,24.2,171.8,-45.197,25.39,-64.98,594.609,1.46717,0.103018,2.56686,0.07475,2.85957e-06,1.46717,0,0,0,0,0,0,0,0,0,0,0,0,0,0
7368,7379,7374,24.1,171.817,-45.1981,26.014,-65.702,588.443,1.98757,0.228102,7.77894,0.102309,2.04e-05,0.883367,0.368069,0.515297,0.220842,0,0,0,0,0,0,0,0,0,0,0
7389,7389,7389,24,171.83,-45.1991,26.31,-65.99,585.736,0.35913,0.0548554,2.01593,0.11025,5.60115e-06,0,0,0.35913,0,0,0,0,0,0,0,0,0,0,0,0
7399,7411,7405,23.9,171.839,-45.1997,26.8767,-65.9233,582.357,0.598358,0.068277,2.35402,0.103433,6.46218e-06,0.239343,0.239343,0,0.119672,0,0,0,0,0,0,0,0,0,0,0
7419,7419,7419,23.8,171.851,-45.2002,27.47,-65.68,579.429,1.43437,0.154175,4.88553,0.0950647,1.04124e-05,0.358594,0.717187,0.358594,0,0,0,0,0,0,0,0,0,0,0,0
7430,7441,7436,23.7,171.86,-45.2004,27.7475,-65.45,578.409,2.35738,0.273448,9.34687,0.102545,2.45271e-05,0.960415,0.523863,0.611173,0.261931,0,0,0,0,0,0,0,0,0,0,0
7445,7458,7452,23.6,171.871,-45.2005,28.098,-64.804,578.119,1.87069,0.237275,8.82845,0.111623,2.92291e-05,0.762132,0.554278,0.0692848,0.415709,0.0692848,0,0,0,0,0,0,0,0,0,0
7461,7473,7467,23.5,171.883,-45.2004,28.55,-65.2075,574.392,2.06723,0.24761,9.7089,0.117631,4.05733e-05,1.03362,0.602942,0.258404,0,0.0861346,0.0861346,0,0,0,0,0,0,0,0,0
7479,7492,7486,23.4,171.898,-45.1999,29.2425,-66.27,567.545,1.19726,0.12368,3.8888,0.0943272,8.30065e-06,0.513111,0.342074,0.342074,0,0,0,0,0,0,0,0,0,0,0,0
7497,7509,7503,23.3,171.913,-45.1995,29.7867,-65.8533,565.711,2.05067,0.251172,9.4792,0.113219,3.35603e-05,1.25319,0.227852,0,0.455704,0.113926,0,0,0,0,0,0,0,0,0,0
7514,7524,7519,23.2,171.924,-45.1994,30.195,-65.44,564.626,1.67437,0.214384,8.0447,0.112574,2.74021e-05,0.66975,0.502312,0.0837187,0.334875,0.0837187,0,0,0,0,0,0,0,0,0,0
7528,7543,7536,23.1,171.936,-45.1997,30.758,-65.692,560.979,1.57807,0.174161,5.71158,0.0983844,1.35153e-05,0.591778,0.460272,0.460272,0.0657531,0,0,0,0,0,0,0,0,0,0,0
7546,7557,7552,23,171.947,-45.2001,31.308,-65.254,559.318,1.8838,0.17317,5.10714,0.0884764,9.43727e-06,1.03934,0.584627,0.259834,0,0,0,0,0,0,0,0,0,0,0,0
7563,7573,7568,22.9,171.959,-45.2007,31.6825,-65.0725,557.905,2.03202,0.230044,8.35017,0.108894,2.91059e-05,1.3005,0.162562,0.325124,0.081281,0.162562,0,0,0,0,0,0,0,0,0,0
7577,7592,7584,22.8,171.971,-45.201,32.256,-64.312,557.089,1.58816,0.220521,8.59018,0.116862,3.13256e-05,0.571739,0.317633,0.317633,0.254106,0.127053,0,0,0,0,0,0,0,0,0,0
7597,7611,7604,22.7,171.984,-45.2009,32.938,-64.368,553.615,2.5953,0.277241,9.07832,0.0982357,2.19581e-05,1.266,0.569699,0.569699,0.1899,0,0,0,0,0,0,0,0,0,0,0
7613,7626,7620,22.6,171.997,-45.2007,33.542,-64.566,550.234,2.46324,0.265657,8.75004,0.098812,2.14235e-05,1.20004,0.50528,0.56844,0.18948,0,0,0,0,0,0,0,0,0,0,0
7629,7643,7636,22.5,172.009,-45.2007,33.996,-64.292,548.834,2.72419,0.343408,12.2134,0.106696,3.53508e-05,0.804873,0.619133,1.05253,0.18574,0.0619133,0,0,0,0,0,0,0,0,0,0
7649,7664,7656,22.4,172.024,-45.2008,34.7014,-64.4886,545.12,1.72037,0.236087,9.32595,0.118506,3.58116e-05,0.749907,0.308785,0.220561,0.264673,0.176449,0,0,0,0,0,0,0,0,0,0
7666,7681,7674,22.3,172.036,-45.2012,35.3383,-64.4467,542.395,2.12289,0.297915,11.4194,0.114993,3.89708e-05,0.50545,0.70763,0.353815,0.454905,0.10109,0,0,0,0,0,0,0,0,0,0
7684,7696,7690,22.2,172.048,-45.2017,35.8325,-64.765,539.423,2.65767,0.345351,12.7085,0.110396,4.00123e-05,0.835267,0.759333,0.531533,0.4556,0.0759333,0,0,0,0,0,0,0,0,0,0
7700,7716,7708,22.1,172.06,-45.2024,36.4367,-64.92,536.462,1.89758,0.29169,12.8966,0.13264,6.11113e-05,0.649173,0.449427,0.399491,0.199745,0.0499364,0.149809,0,0,0,0,0,0,0,0,0
7719,7735,7727,22,172.073,-45.2031,37.1622,-64.2122,535.253,2.46976,0.359318,14.6766,0.122537,5.98069e-05,0.757393,0.428092,0.757393,0.395162,0.0987904,0,0.0329301,0,0,0,0,0,0,0,0
7737,7753,7745,21.9,172.085,-45.2038,37.65,-63.9743,533.876,1.94021,0.326321,15.3349,0.14098,8.15522e-05,0.463964,0.421785,0.632678,0.210893,0.126536,0,0.084357,0,0,0,0,0,0,0,0
7755,7771,7763,21.8,172.098,-45.2048,38.2825,-63.7675,531.862,2.54699,0.308666,10.826,0.105221,2.99308e-05,0.946023,0.618554,0.582168,0.400241,0,0,0,0,0,0,0,0,0,0,0
7773,7789,7781,21.7,172.111,-45.2061,38.9763,-63.725,529.247,2.37708,0.416131,19.15,0.138057,9.54735e-05,0.468212,0.540245,0.576261,0.504228,0.216098,0,0.0720326,0,0,0,0,0,0,0,0
7792,7806,7799,21.6,172.123,-45.2077,39.6133,-63.37,527.702,2.23953,0.317002,12.1508,0.114991,4.15615e-05,0.536226,0.567769,0.662397,0.34697,0.126171,0,0,0,0,0,0,0,0,0,0
7809,7826,7818,21.5,172.135,-45.2097,40.2067,-63.1411,526.024,2.72882,0.407501,17.0476,0.125503,7.31432e-05,0.752777,0.65868,0.721411,0.376388,0.156828,0.0313657,0.0313657,0,0,0,0,0,0,0,0
7831,7840,7836,21.4,172.147,-45.2117,40.9733,-62.7317,524.223,2.83235,0.499125,24.5024,0.147272,0.000133444,0.510751,0.835775,0.696479,0.510751,0.139296,0.0464319,0.0464319,0.0464319,0,0,0,0,0,0,0
7847,7865,7856,21.3,172.16,-45.2136,41.5,-63.1375,521.304,2.21624,0.319947,12.7389,0.119447,4.75816e-05,0.554061,0.554061,0.623318,0.415546,0,0.0692576,0,0,0,0,0,0,0,0,0
7867,7885,7876,21.2,172.172,-45.2151,42.2088,-63.33,518.31,2.76832,0.437372,20.4092,0.13999,0.000105599,0.830495,0.657475,0.692079,0.34604,0.138416,0.034604,0.034604,0.034604,0,0,0,0,0,0,0
7887,7904,7896,21.1,172.184,-45.2162,42.93,-63.5633,515.243,2.57252,0.38284,17.0643,0.133719,8.2326e-05,0.817155,0.48424,0.817155,0.332915,0.06053,0,0.030265,0.030265,0,0,0,0,0,0,0
7907,7923,7915,21,172.196,-45.2168,43.7163,-63.5712,512.544,2.41647,0.521679,29.3945,0.169038,0.000187284,0.57859,0.408417,0.544556,0.408417,0.204208,0.136139,0.0680695,0.0680695,0,0,0,0,0,0,0
7927,7944,7936,20.9,172.208,-45.2171,44.3689,-63.6167,510.277,2.98401,0.58348,30.6334,0.157503,0.000184979,0.663112,0.663112,0.723395,0.421981,0.301415,0.0301415,0.150707,0.0301415,0,0,0,0,0,0,0
7945,7964,7954,20.8,172.221,-45.2172,45.0573,-64.1109,506.838,2.80021,0.495687,25.2217,0.152647,0.000146348,0.803537,0.60874,0.657439,0.365244,0.219146,0.0243496,0.0730488,0.0486992,0,0,0,0,0,0,0
7969,7986,7978,20.7,172.236,-45.2175,45.9038,-64.3988,503.452,2.95037,0.458672,20.0026,0.13083,9.34813e-05,0.704066,0.704066,0.972282,0.33527,0.134108,0.033527,0.067054,0,0,0,0,0,0,0,0
7989,8006,7998,20.6,172.248,-45.2178,46.71,-64.298,501.205,3.16829,0.567112,28.025,0.148251,0.000152669,0.844878,0.633658,0.528049,0.844878,0.184817,0.0264024,0.0528049,0.0528049,0,0,0,0,0,0,0
8008,8026,8017,20.5,172.26,-45.2181,47.4467,-63.9675,499.744,2.68604,0.479133,24.0009,0.150277,0.000135085,0.638486,0.638486,0.616469,0.506385,0.154117,0.0220167,0.0660502,0.0440335,0,0,0,0,0,0,0
8028,8046,8037,20.4,172.272,-45.2188,48.2731,-63.4577,498.505,3.11742,0.538325,25.5016,0.142117,0.000133018,0.926801,0.463401,0.779355,0.547655,0.273828,0.0421273,0.063191,0.0210637,0,0,0,0,0,0,0
8047,8064,8056,20.3,172.283,-45.2198,49,-62.8458,497.832,2.82268,0.514371,24.6702,0.143886,0.000129134,0.682906,0.478034,0.660142,0.569088,0.318689,0.045527,0.045527,0.0227635,0,0,0,0,0,0,0
8065,8083,8074,20.2,172.294,-45.2211,49.8378,-62.12,497.128,2.75327,0.433744,18.6686,0.129122,8.30515e-05,0.665626,0.726137,0.605114,0.514347,0.151279,0.0605114,0.0302557,0,0,0,0,0,0,0,0
8085,8102,8094,20.1,172.305,-45.2226,50.66,-61.5888,496.064,3.16797,0.538723,24.4875,0.136364,0.000119897,0.749413,0.579092,0.953798,0.510963,0.23845,0.0681285,0.0681285,0,0,0,0,0,0,0,0
8107,8121,8114,20,172.316,-45.2245,51.5671,-60.7814,495.427,3.18316,0.505684,23.6766,0.140463,0.000122361,1.16457,0.504647,0.698742,0.543466,0.155276,0.038819,0.038819,0.038819,0,0,0,0,0,0,0
8126,8142,8134,19.9,172.325,-45.2263,52.4225,-61.0025,492.598,2.80562,0.478865,22.0553,0.138172,0.000111638,0.709856,0.642251,0.642251,0.371829,0.338027,0.0338027,0.0676054,0,0,0,0,0,0,0,0
8143,8160,8152,19.8,172.334,-45.2279,53.2318,-60.9927,490.473,3.0606,0.571134,26.5421,0.139418,0.000128996,0.419598,0.543009,0.88856,0.789831,0.345551,0.0246822,0.0246822,0.0246822,0,0,0,0,0,0,0
8162,8181,8172,19.7,172.344,-45.23,54.1077,-60.3731,489.608,3.59759,0.654769,33.0087,0.151238,0.000185759,1.01897,0.582268,0.748631,0.852607,0.228748,0.0207953,0.0831812,0.0623859,0,0,0,0,0,0,0
8182,8200,8191,19.6,172.353,-45.2323,55.0192,-59.9117,488.342,3.27775,0.629858,34.048,0.16217,0.000200039,0.808211,0.606158,0.74086,0.71841,0.224503,0.0673509,0.0224503,0.0673509,0.0224503,0,0,0,0,0,0
8201,8220,8210,19.5,172.363,-45.2344,55.86,-59.7738,486.539,3.09921,0.501221,23.3213,0.139587,0.000119996,0.936004,0.665603,0.728003,0.499202,0.124801,0.0624003,0.0624003,0.0208001,0,0,0,0,0,0,0
8222,8239,8230,19.4,172.375,-45.2364,56.8764,-59.7973,483.987,3.20947,0.539971,23.7614,0.132015,0.00010828,0.587995,0.857493,0.783993,0.587995,0.269498,0.0979992,0.0244998,0,0,0,0,0,0,0,0
8240,8257,8248,19.3,172.384,-45.2377,57.5962,-59.6525,482.583,3.15486,0.580397,28.5988,0.147824,0.000155244,0.814158,0.474926,0.882005,0.542772,0.20354,0.169616,0.0339233,0.0339233,0,0,0,0,0,0,0
8260,8278,8269,19.2,172.395,-45.239,58.6389,-59.7367,479.917,3.09667,0.586136,30.7316,0.157293,0.000182326,0.744393,0.684842,0.684842,0.62529,0.119103,0.0893272,0.0893272,0.0595514,0,0,0,0,0,0,0
8281,8299,8290,19.1,172.406,-45.2402,59.5433,-59.9511,477.351,3.64771,0.74596,40.7201,0.163762,0.000242632,0.813951,0.663219,0.874244,0.602927,0.391902,0.180878,0.0602927,0.0301463,0.0301463,0,0,0,0,0,0
8302,8321,8312,19,172.416,-45.2413,60.5675,-59.8925,475.155,3.67829,0.629934,30.9898,0.147586,0.000170111,0.947781,0.722119,1.08318,0.631854,0.135397,0.0225662,0.0676987,0.0676987,0,0,0,0,0,0,0
8323,8343,8333,18.9,172.427,-45.2423,61.525,-59.6308,473.611,3.95371,0.779736,41.8857,0.161153,0.000255425,0.808714,0.9435,1.01089,0.606536,0.247107,0.134786,0.112321,0.0898571,0,0,0,0,0,0,0
8346,8364,8355,18.8,172.44,-45.2434,62.6557,-58.7743,473.049,3.93855,0.621989,26.4653,0.127648,0.000115582,0.650051,1.07067,1.3001,0.650051,0.191192,0,0.0764766,0,0,0,0,0,0,0,0
8365,8383,8374,18.7,172.451,-45.2445,63.5957,-58.6729,471.255,4.62778,0.750081,33.143,0.132558,0.000151467,1.00269,0.925557,1.58116,0.732733,0.231389,0.115695,0,0.0385649,0,0,0,0,0,0,0
8386,8406,8396,18.6,172.463,-45.2452,64.63,-60.3986,465.321,4.52298,0.879237,44.0546,0.150317,0.00024996,0.850475,1.00511,1.1984,0.618527,0.502554,0.154632,0.19329,0,0,0,0,0,0,0,0
