data/B2SAP/Locations/Lauder/NOAA-POPS-B2SAP_GMLBalloon_20220124_R0.ict
61,1001
Thornberry, T. D.
NOAA Chemical Sciences Laboratory
Portable Optical Particle Spectrometer (POPS)
Balloon Baseline Stratospheric Aerosol Profiles (B2SAP)
1,1
2022,01,24,2024,05,28
0
TIME_START,s,Seconds since midnight UTC on flight start day,Start time of 100 m altitude bin in UTC_seconds_since_midnight
28
1.0,1.0,1.0,1.0,1.0,1.0,1.0,1.0,1.0,1.0,1.0,1.0,1.0,1.0,1.0,1.0,1.0,1.0,1.0,1.0,1.0,1.0,1.0,1.0,1.0,1.0,1.0,1.0
99999,99999,99999,99999,99999,99999,99999,99999,99999,99999,99999,99999,99999,99999,99999,99999,99999,99999,99999,99999,99999,99999,99999,99999,99999,99999,99999,99999
TIME_STOP,s,End time of 100 m altitude bin in UTC seconds since midnight,
TIME_MID,s,Mid time of 100 m altitude in UTC seconds since midnight,
GPSAlt,m,GPS reported altitude above sea level (m),
GPS_Lon,deg,GPS reported longitude,
GPS_Lat,deg,GPS reported latitude,
iMet_Pressure,mb,Pressure reported (mB),
iMet_Temperature,degrees C,Ambient temperature (oC),
THETA,K,Potential temperature from iMet,
Aerosol_concentration,cm^-3,Aerosol concentration,
Surface_Area_Conc,um^2 cm^-3,Surface area concentration,
Volume_density,um^3 cm^-3,Volume density,
Effective_radius,um,Effective radius,
Extinction,km^-1,Extinction,
Bin01,cm^-3,particle concentration in size range [140 - 170 nm],
Bin02,cm^-3,particle concentration in size range [170 - 205 nm],
Bin03,cm^-3,particle concentration in size range [205 - 249 nm],
Bin04,cm^-3,particle concentration in size range [249 - 302 nm],
Bin05,cm^-3,particle concentration in size range [302 - 366 nm],
Bin06,cm^-3,particle concentration in size range [366 - 443 nm],
Bin07,cm^-3,particle concentration in size range [443 - 537 nm],
Bin08,cm^-3,particle concentration in size range [537 - 651 nm],
Bin09,cm^-3,particle concentration in size range [651 - 789 nm],
Bin10,cm^-3,particle concentration in size range [789 - 956 nm],
Bin11,cm^-3,particle concentration in size range [956 - 1159 nm],
Bin12,cm^-3,particle concentration in size range [1159 - 1404 nm],
Bin13,cm^-3,particle concentration in size range [1404 - 1702 nm],
Bin14,cm^-3,particle concentration in size range [1702 - 2062 nm],
Bin15,cm^-3,particle concentration in size range [2062 - 2500 nm],
0
19
PI_CONTACT_INFO: 325 Broadway R/CSL6, Boulder, CO 80305; troy.thornberry@noaa.gov; 303-497-3373 
PLATFORM: GML ECC/FPH balloon
LOCATION: Lauder, NZ
ASSOCIATED_DATA: N/A
INSTRUMENT_INFO: Printed Optical Particle Spectrometer counts particles from 140 - 2500 nm in diameter 
DATA_INFO: Particle concentrations reported in number per cubic centimeter, binned to 100 m altitude
UNCERTAINTY: Counting uncertainty dominated by air flow, less than 5 percent
ULOD_FLAG: -77777
ULOD_VALUE: 3000 ~3000 per cm3 (varies depending on flow rate- manufacturer quotes 1250  per cm3 at 1.667 cc/s)
LLOD_FLAG: -88888
LLOD_VALUE: 0 0 (varies depending on data field and measurement precision)
DM_CONTACT_INFO: Troy Thornberry, 325 Broadway R/CSL6, Boulder, CO 80305; troy.thornberry@noaa.gov; 303-497-3373
PROJECT_INFO: B2SAP Lauder, NZ
STIPULATIONS_ON_USE: Please contact the PIs for questions regarding applications and uncertainties
OTHER_COMMENTS: POPS bin Edges (nm):  140, 170, 205, 249, 302, 366, 443, 537, 651, 789, 956, 1159, 1404, 1702, 2062, 2500
Calculations assume sulfate refractive index of 1.45+0.00j and extinction wavelength = 532 nm
REVISION: R0
R0: QA/QC data
TIME_START,TIME_STOP,TIME_MID,GPSAlt,GPS_Lon,GPS_Lat,iMet_Pressure,iMet_Temperature,THETA,Aerosol_concentration,Surface_Area_Conc,Volume_density,Effective_radius,Extinction,Bin01,Bin02,Bin03,Bin04,Bin05,Bin06,Bin07,Bin08,Bin09,Bin10,Bin11,Bin12,Bin13,Bin14,Bin15
[from data line 159]
86580,86600,86590,16.3,170.193,-45.1275,100.456,-60.635,409.768,7.87941,1.48772,84.7182,0.170835,0.000552069,2.86913,1.79856,1.3061,0.620932,0.556697,0.235526,0.321172,0.128469,0.0428229,0,0,0,0,0,0
86601,86623,86612,16.4,170.196,-45.1281,98.7814,-61.3571,410.349,8.00221,1.97655,152.595,0.231608,0.000922302,2.9173,1.59718,0.928973,0.749698,0.651911,0.456338,0.456338,0.0814889,0.0814889,0.0488933,0.0325955,0,0,0,0
86624,86643,86634,16.5,170.2,-45.1282,97.1695,-61.6526,411.7,8.28282,1.85513,136.14,0.220158,0.000763622,3.08908,1.71427,1.08627,0.678919,0.712865,0.407352,0.373406,0.118811,0.0678919,0,0.016973,0,0.016973,0,0
86646,86666,86656,16.6,170.203,-45.1282,95.586,-61.4667,414.005,8.43092,1.87668,114.213,0.182578,0.000768772,2.59413,1.8848,1.19573,0.790399,0.709333,0.547199,0.587733,0.0810666,0.0202666,0.0202666,0,0,0,0,0
86667,86685,86676,16.7,170.206,-45.1283,94.1336,-61.825,415.118,8.06782,1.82401,118.367,0.194682,0.00081542,2.61659,1.91883,1.04664,0.654147,0.784977,0.392488,0.370684,0.174439,0.0872197,0.0218049,0,0,0,0,0
86688,86708,86698,16.8,170.21,-45.1279,92.5053,-62.0187,416.803,7.9653,1.76886,107.173,0.181766,0.000716178,2.53995,1.66621,1.07694,0.690867,0.894064,0.507991,0.406393,0.162557,0,0.0203196,0,0,0,0,0
86709,86730,86720,16.9,170.213,-45.127,91.0494,-62.2694,418.205,8.46063,1.98102,132.917,0.201286,0.000820467,2.41988,1.93591,1.1472,0.806628,1.02173,0.537752,0.412277,0.0717003,0.0717003,0.0179251,0.0179251,0,0,0,0
86732,86751,86742,17,170.215,-45.1259,89.5069,-61.8588,421.07,8.05716,1.79656,109.421,0.182717,0.000716943,2.0762,2.01905,1.16191,0.81905,1.00953,0.476192,0.304763,0.114286,0.057143,0.0190477,0,0,0,0,0
86752,86770,86761,17.1,170.217,-45.1252,88.1853,-61.8895,422.794,7.43925,1.84771,132.863,0.215721,0.00081777,2.23338,1.47821,1.07652,0.755172,0.819442,0.369552,0.530227,0.0803375,0.0482025,0.032135,0,0,0.0160675,0,0
86771,86794,86782,17.2,170.22,-45.1247,86.7127,-62.295,424.029,7.71228,1.69845,109.023,0.192569,0.000683777,2.56148,1.71229,1.00232,0.654291,0.779581,0.417633,0.431554,0.0974476,0.0417633,0,0.0139211,0,0,0,0
86795,86818,86806,17.3,170.222,-45.1237,85.3078,-62.0235,426.556,8.15337,2.14157,147.196,0.206199,0.000987654,1.90201,1.86211,1.19707,0.904452,0.87785,0.571933,0.505429,0.252715,0.0532031,0.0133008,0.0133008,0,0,0,0
86819,86839,86829,17.4,170.224,-45.1229,83.8957,-61.9114,428.821,7.24026,2.11183,192.017,0.272773,0.000974549,1.6057,1.41594,1.16778,1.00721,0.832047,0.5401,0.423322,0.131376,0.0583892,0.0145973,0.0145973,0.0145973,0,0.0145973,0
86840,86862,86851,17.5,170.226,-45.1225,82.5283,-61.3096,432.073,8.34869,2.34785,167.868,0.214495,0.00111684,1.70949,1.77575,1.29869,1.0204,0.98064,0.569831,0.649343,0.251786,0.0530076,0.0265038,0,0,0.0132519,0,0
86863,86885,86874,17.6,170.228,-45.1222,81.1967,-60.7833,435.156,7.50815,2.19327,153.484,0.209939,0.0010539,1.51316,1.34023,1.18171,0.922307,0.979951,0.605264,0.69173,0.172933,0.0864663,0,0.014411,0,0,0,0
86886,86906,86896,17.7,170.23,-45.1222,79.9114,-60.2429,438.263,7.31661,1.94217,134.254,0.207378,0.000885121,1.62432,1.60994,1.32245,0.661226,0.761847,0.474358,0.661226,0.143745,0.0287489,0.0143745,0,0.0143745,0,0,0
86907,86929,86918,17.8,170.233,-45.1223,78.6995,-60.2673,440.128,5.99462,1.36239,94.1156,0.207243,0.000505351,1.547,1.33981,1.07737,0.745875,0.663,0.16575,0.359125,0.0690625,0,0,0.0138125,0.0138125,0,0,0
86930,86952,86941,17.9,170.236,-45.1221,77.3841,-60.6782,441.394,5.77487,1.27494,83.618,0.196757,0.000482865,1.29555,1.5712,1.13016,0.633995,0.509952,0.234302,0.27565,0.0964775,0,0.0137825,0,0.0137825,0,0,0
86953,86975,86964,18,170.238,-45.1216,76.08,-60.4773,443.972,6.20891,1.74485,132.975,0.22863,0.000831705,1.17541,1.5626,0.98181,0.705243,0.802042,0.304223,0.401021,0.152111,0.0829698,0.0138283,0.0276566,0,0,0,0
86976,86997,86986,18.1,170.24,-45.121,74.7535,-60.066,447.063,6.44168,2.06818,161.204,0.233834,0.00106266,1.10645,1.22771,1.13677,0.773002,0.773002,0.394079,0.712374,0.181883,0.106098,0,0.0151569,0.0151569,0,0,0
86998,87019,87008,18.2,170.243,-45.1206,73.5615,-60.0855,449.085,6.90161,2.08697,168.87,0.242748,0.00101677,1.15534,1.52018,1.24655,0.820896,0.957712,0.440852,0.471255,0.121614,0.0760089,0.0608071,0,0.0152018,0.0152018,0,0
87020,87042,87031,18.3,170.245,-45.1201,72.4157,-59.7029,451.914,6.42336,1.98285,136.7,0.206824,0.00102295,0.95464,1.30922,1.0501,0.8319,0.872813,0.340943,0.722799,0.259116,0.0818262,0,0,0,0,0,0
87043,87063,87053,18.4,170.246,-45.1193,71.2744,-59.3472,454.722,6.49302,1.9352,130.629,0.202504,0.000957499,1.1778,0.981503,1.3137,0.664402,0.966403,0.498302,0.604002,0.196301,0.0906003,0,0,0,0,0,0
87065,87084,87074,18.5,170.248,-45.119,70.13,-59.3341,456.865,6.36926,1.93665,143.269,0.221933,0.000986347,0.978652,1.41183,1.25139,0.673826,0.770087,0.352956,0.545478,0.304826,0.0481304,0.0160435,0.0160435,0,0,0,0
87085,87104,87094,18.6,170.249,-45.1193,69.0125,-59.514,458.572,6.29435,1.72817,112.805,0.195821,0.000809927,1.16056,1.31075,1.14691,0.641724,0.832876,0.464226,0.505187,0.163844,0.0682685,0,0,0,0,0,0
87106,87124,87115,18.7,170.251,-45.1192,67.8668,-59.4553,460.904,5.44699,1.59432,107.59,0.20245,0.000786002,0.831383,1.27574,0.931723,0.44436,0.802715,0.501697,0.372689,0.215013,0.071671,0,0,0,0,0,0
87125,87145,87135,18.8,170.252,-45.1188,66.7439,-59.5817,462.831,5.77148,2.03711,161.222,0.237427,0.00112294,0.926475,0.987227,0.956851,0.546772,0.774594,0.56196,0.698653,0.167069,0.0911287,0.0455643,0,0.0151881,0,0,0
87146,87165,87156,18.9,170.254,-45.1183,65.6947,-59.5271,465.045,5.6173,1.79847,137.384,0.229167,0.000937792,1.02424,0.848197,1.10426,0.720167,0.704163,0.352082,0.544126,0.224052,0.0480111,0.0320074,0.0160037,0,0,0,0
87166,87185,87176,19,170.255,-45.118,64.5889,-59.6174,467.115,5.23907,2.08472,197.031,0.283535,0.00115627,0.916122,0.801607,0.71572,0.658463,0.644148,0.601205,0.586891,0.12883,0.0429432,0.0858865,0.0286288,0.0143144,0.0143144,0,0
87186,87206,87196,19.1,170.255,-45.1178,63.5406,-59.4867,469.583,5.72021,2.08633,168.733,0.242627,0.00118854,0.80204,0.907969,0.953368,0.69611,0.938235,0.453985,0.544782,0.196727,0.166461,0.0453985,0.0151328,0,0,0,0
87207,87227,87217,19.2,170.256,-45.1179,62.5576,-59.4341,471.805,5.9668,1.83173,127.525,0.20886,0.000929807,0.831832,1.18376,1.16776,0.591881,0.879822,0.479903,0.559887,0.159968,0.0959806,0.0159968,0,0,0,0,0
87228,87250,87239,19.3,170.257,-45.1181,61.606,-59.268,474.238,5.26716,2.04291,173.725,0.255113,0.00118403,0.803004,0.789394,0.884665,0.612461,0.59885,0.476358,0.707732,0.258594,0.0408307,0.0680512,0.0272205,0,0,0,0
87251,87272,87262,19.4,170.258,-45.1179,60.5347,-58.94,477.354,4.956,1.59909,112.434,0.210933,0.00082662,0.740551,0.797516,0.811758,0.640861,0.783275,0.441482,0.484206,0.170896,0.0712068,0.0142414,0,0,0,0,0
87273,87295,87284,19.5,170.259,-45.117,59.5828,-58.9506,479.499,4.87975,1.77188,142.809,0.241793,0.000984255,0.527133,0.948839,0.858474,0.557255,0.737986,0.361463,0.48195,0.286158,0.0903657,0.0150609,0,0,0.0150609,0,0
87296,87317,87306,19.6,170.26,-45.1163,58.6785,-58.7475,482.048,4.67056,1.76844,135.332,0.229578,0.0010496,0.665284,0.773901,0.678861,0.502357,0.543089,0.48878,0.624552,0.257967,0.122195,0.0135772,0,0,0,0,0
87318,87339,87328,19.7,170.261,-45.1155,57.7106,-58.3112,485.339,4.461,1.49488,116.815,0.234429,0.000795623,0.748811,0.764743,0.66915,0.653218,0.573557,0.382371,0.382371,0.175254,0.0796607,0.0159321,0.0159321,0,0,0,0
87340,87357,87348,19.8,170.262,-45.1152,56.734,-57.85,488.75,4.79045,1.92307,168.027,0.262123,0.0011331,0.666341,0.882451,0.756387,0.45023,0.594304,0.324166,0.666341,0.306157,0.0900461,0.0180092,0.0180092,0.0180092,0,0,0
87358,87378,87368,19.9,170.263,-45.1148,55.8181,-56.5976,493.894,4.49426,1.67747,133.077,0.237996,0.000958579,0.627403,0.742641,0.691424,0.537774,0.576187,0.384125,0.576187,0.268887,0.0512166,0.0256083,0.0128042,0,0,0,0
87379,87398,87388,20,170.263,-45.1147,54.937,-56.127,497.216,3.88984,1.43463,113.618,0.23759,0.000828692,0.751142,0.670663,0.456051,0.335331,0.509704,0.308505,0.549944,0.228025,0.0670663,0,0.0134133,0,0,0,0
87399,87420,87410,20.1,170.264,-45.1147,53.9271,-56.3206,499.415,3.75473,1.51966,137.734,0.271904,0.000965569,0.855508,0.506968,0.586182,0.285169,0.45944,0.221798,0.45944,0.17427,0.126742,0.063371,0,0.0158427,0,0,0
87421,87441,87431,20.2,170.265,-45.1148,53.2815,-56.75,500.145,3.32599,1.1736,97.8132,0.250033,0.000710942,0.794467,0.767536,0.377035,0.228914,0.269311,0.188518,0.36357,0.228914,0.0942588,0,0.0134655,0,0,0,0
87442,87462,87452,20.3,170.267,-45.1144,52.276,-57.2055,501.807,3.7437,1.09905,75.6627,0.206531,0.000573555,0.888792,0.659861,0.659861,0.35013,0.323197,0.228931,0.430929,0.175065,0.0269331,0,0,0,0,0,0
87463,87482,87472,20.4,170.269,-45.1134,51.4895,-57.337,503.691,4.07767,1.42534,124.229,0.261473,0.000816765,1.10718,0.85064,0.418569,0.216036,0.378062,0.337555,0.526587,0.108018,0.0810133,0.0270044,0.0135022,0.0135022,0,0,0
87483,87504,87494,20.5,170.27,-45.1124,50.6576,-57.2524,506.228,4.21716,1.39911,107.422,0.230336,0.00082445,1.10236,0.82036,0.499907,0.294817,0.358908,0.307635,0.525543,0.20509,0.0769088,0.0256363,0,0,0,0,0
87505,87525,87515,20.6,170.271,-45.1117,49.705,-56.969,509.659,3.60262,1.16065,84.9504,0.219575,0.000640348,0.836564,0.580198,0.49924,0.418282,0.310338,0.350817,0.377803,0.161916,0.0539719,0.013493,0,0,0,0,0
87526,87545,87536,20.7,170.272,-45.1111,49.0194,-56.2694,513.335,3.68652,1.46478,134.877,0.276241,0.000814547,0.656709,0.641783,0.462681,0.313429,0.552232,0.328354,0.432831,0.223878,0,0.0298504,0.0298504,0.0149252,0,0,0
87546,87565,87556,20.8,170.272,-45.1105,48.2761,-55.5567,517.28,3.97647,1.66427,136.5,0.246054,0.00104339,0.417009,0.685086,0.595727,0.372329,0.551047,0.417009,0.491474,0.312756,0.0744658,0.0595727,0,0,0,0,0
87566,87585,87576,20.9,170.272,-45.1099,47.5268,-55.0011,520.924,3.60443,1.53737,138.061,0.269411,0.000886454,0.510973,0.483353,0.552403,0.386682,0.400492,0.345252,0.690504,0.138101,0.0414302,0.0138101,0.0414302,0,0,0,0
87586,87606,87596,21,170.271,-45.1099,46.7625,-54.286,525.053,2.95501,1.23424,108.479,0.263674,0.000756122,0.378848,0.530387,0.439464,0.272771,0.394002,0.272771,0.363694,0.197001,0.0454618,0.0454618,0.0151539,0,0,0,0
87607,87627,87617,21.1,170.271,-45.1106,45.9205,-53.687,529.236,3.46627,1.49605,150.675,0.302147,0.000851565,0.486124,0.443852,0.676346,0.464988,0.50726,0.211358,0.295901,0.232494,0.0634074,0.0211358,0.0422716,0.0211358,0,0,0
87628,87648,87638,21.2,170.27,-45.1117,45.2605,-54.071,530.489,2.9613,0.604834,32.7298,0.162341,0.000203885,0.791381,0.689267,0.48504,0.357398,0.280813,0.204227,0.127642,0.0255284,0,0,0,0,0,0,0
87649,87668,87658,21.3,170.271,-45.1128,44.5553,-54,533.061,2.31554,0.34827,15.4146,0.132781,7.47576e-05,0.751799,0.631511,0.511223,0.210504,0.0601439,0.120288,0.030072,0,0,0,0,0,0,0,0
87669,87687,87678,21.4,170.272,-45.1137,43.8594,-54.3111,534.693,1.85845,0.184064,5.72631,0.0933311,1.22737e-05,0.929227,0.564173,0.29868,0.0663733,0,0,0,0,0,0,0,0,0,0,0
87688,87708,87698,21.5,170.273,-45.1145,43.16,-54.8895,535.743,2.20188,0.228043,7.91884,0.104176,2.60912e-05,1.51751,0.327306,0.119021,0.0892654,0.148776,0,0,0,0,0,0,0,0,0,0
87709,87728,87718,21.6,170.275,-45.1149,42.5389,-54.9832,537.731,2.18718,0.183682,5.22809,0.0853882,9.22237e-06,1.70873,0.239222,0.205048,0.0341746,0,0,0,0,0,0,0,0,0,0,0
87730,87749,87740,21.7,170.277,-45.1149,41.7528,-55.125,540.258,2.37439,0.217613,6.51717,0.0898452,1.30441e-05,1.40979,0.741997,0.1113,0.1113,0,0,0,0,0,0,0,0,0,0,0
87750,87768,87759,21.8,170.279,-45.1143,41.1759,-54.8871,543,1.92123,0.375823,54.2541,0.433082,0.000119941,1.54534,0.250596,0.0835319,0,0,0,0,0,0,0,0,0,0.041766,0,0
87770,87788,87779,21.9,170.279,-45.1136,40.4963,-54.6989,546.055,2.02485,0.152956,4.00674,0.0785859,5.3382e-06,1.75742,0.229228,0.0382047,0,0,0,0,0,0,0,0,0,0,0,0
87789,87809,87799,22,170.279,-45.1129,39.8883,-54.6544,548.536,2.1061,0.167504,4.49912,0.0805796,6.34377e-06,1.51639,0.589708,0,0,0,0,0,0,0,0,0,0,0,0,0
87812,87829,87820,22.1,170.278,-45.1123,39.1613,-54.7713,551.132,1.90679,0.138767,3.53857,0.0765002,4.27329e-06,1.76012,0.146676,0,0,0,0,0,0,0,0,0,0,0,0,0
87830,87848,87839,22.2,170.277,-45.1121,38.5833,-54.41,554.395,2.1989,0.165104,4.29147,0.0779773,5.50746e-06,1.87711,0.32179,0,0,0,0,0,0,0,0,0,0,0,0,0
87850,87869,87860,22.3,170.277,-45.1122,37.9763,-54.3581,557.035,2.65425,0.19586,5.06042,0.0775109,6.47628e-06,2.44607,0.156132,0.0520441,0,0,0,0,0,0,0,0,0,0,0,0
87870,87889,87880,22.4,170.276,-45.1122,37.374,-54.2813,559.79,2.46791,0.191535,5.07511,0.0794913,6.89223e-06,1.91949,0.548425,0,0,0,0,0,0,0,0,0,0,0,0,0
87890,87909,87900,22.5,170.277,-45.1119,36.7359,-54.6076,561.705,1.59007,0.116768,2.99439,0.0769321,3.68332e-06,1.43619,0.153878,0,0,0,0,0,0,0,0,0,0,0,0,0
87910,87918,87914,22.6,170.276,-45.1115,36.28,-54.4967,564.012,1.96919,0.143308,3.65436,0.0765002,4.41312e-06,1.81771,0.151476,0,0,0,0,0,0,0,0,0,0,0,0,0
87941,87941,87941,22.7,170.276,-45.1105,35.6,-54.3,567.565,1.88094,0.132071,3.29076,0.07475,3.66602e-06,1.88094,0,0,0,0,0,0,0,0,0,0,0,0,0,0
87953,87966,87960,22.8,170.276,-45.1094,34.9673,-54.0127,571.238,2.13462,0.155566,3.97043,0.0765677,4.8088e-06,1.96385,0.17077,0,0,0,0,0,0,0,0,0,0,0,0,0
87967,87986,87976,22.9,170.275,-45.1084,34.4067,-53.3128,575.711,2.7194,0.199993,5.13326,0.0770016,6.33268e-06,2.44746,0.27194,0,0,0,0,0,0,0,0,0,0,0,0,0
87987,88004,87996,23,170.274,-45.1075,33.9293,-52.6867,579.662,2.78653,0.197865,4.96676,0.0753052,5.68295e-06,2.72019,0.066346,0,0,0,0,0,0,0,0,0,0,0,0,0
88005,88023,88014,23.1,170.273,-45.107,33.36,-52.2681,583.576,2.20038,0.167052,4.37058,0.078489,5.72074e-06,1.82317,0.377207,0,0,0,0,0,0,0,0,0,0,0,0,0
88024,88042,88033,23.2,170.271,-45.1067,32.798,-52.4907,585.826,2.88148,0.211456,5.42025,0.076899,6.65801e-06,2.60705,0.274427,0,0,0,0,0,0,0,0,0,0,0,0,0
88043,88061,88052,23.3,170.269,-45.1065,32.2827,-52.6053,588.176,3.36532,0.253748,6.64277,0.0785358,8.84688e-06,2.94465,0.350554,0.0701108,0,0,0,0,0,0,0,0,0,0,0,0
88062,88079,88070,23.4,170.267,-45.1063,31.745,-52.7407,590.644,1.68779,0.12872,3.37666,0.0786976,4.45465e-06,1.38092,0.306871,0,0,0,0,0,0,0,0,0,0,0,0,0
88080,88097,88088,23.5,170.265,-45.1059,31.258,-52.708,593.348,5.46535,0.40315,10.3669,0.0771444,1.28655e-05,4.88238,0.58297,0,0,0,0,0,0,0,0,0,0,0,0,0
88100,88118,88109,23.6,170.264,-45.1052,30.7288,-51.9575,598.278,2.93598,0.225876,5.98594,0.0795029,8.26874e-06,2.44665,0.419425,0.0699042,0,0,0,0,0,0,0,0,0,0,0,0
88119,88137,88128,23.7,170.262,-45.1046,30.2954,-51.0608,603.15,1.606,0.118704,3.0562,0.0772392,3.80765e-06,1.42756,0.178445,0,0,0,0,0,0,0,0,0,0,0,0,0
88140,88141,88140,23.8,170.261,-45.1043,30,-50.79,605.565,1.77323,0.124508,3.10233,0.07475,3.45609e-06,1.77323,0,0,0,0,0,0,0,0,0,0,0,0,0,0
81452,83732,82592,0.4,169.683,-45.0376,961.696,18.4937,294.916,395.357,69.1979,5193.42,0.225155,0.0190338,129.182,107.198,76.3868,40.6069,28.6427,5.96956,3.87804,0.917496,0.495016,0.563307,0.389927,0.517662,0.359497,0.139057,0.110751
89539,89548,89544,23.7,170.12,-45.1028,30.278,-50.288,605.349,1.68911,0.118601,2.95515,0.07475,3.29213e-06,1.68911,0,0,0,0,0,0,0,0,0,0,0,0,0,0
89549,89549,89549,23.6,170.119,-45.1026,30.62,-50.5,602.814,0,0,0,99999,0,0,0,0,0,0,0,0,0,0,0,0,0,0,0,0
89565,89580,89572,23.5,170.117,-45.1018,31.3467,-51.8383,595.212,1.70094,0.119432,2.97585,0.07475,3.31519e-06,1.70094,0,0,0,0,0,0,0,0,0,0,0,0,0,0
89586,89587,89586,23.4,170.116,-45.1017,31.84,-52.78,590.022,0.909672,0.063873,1.5915,0.07475,1.77299e-06,0.909672,0,0,0,0,0,0,0,0,0,0,0,0,0,0
89609,89611,89610,23.3,170.113,-45.1015,32.4733,-52.0033,588.795,1.63419,0.114745,2.85907,0.07475,3.1851e-06,1.63419,0,0,0,0,0,0,0,0,0,0,0,0,0,0
89613,89627,89620,23.2,170.112,-45.1014,32.8086,-52.0029,587.067,2.2684,0.166825,4.28192,0.0770016,5.28242e-06,2.04156,0.22684,0,0,0,0,0,0,0,0,0,0,0,0,0
