data/B2SAP/Locations/Lauder/NOAA-POPS-B2SAP_GMLBalloon_20231125_R0.ict
61,1001
Thornberry, T. D.
NOAA Chemical Sciences Laboratory
Portable Optical Particle Spectrometer (POPS)
Balloon Baseline Stratospheric Aerosol Profiles (B2SAP)
1,1
2023,11,25,2024,05,28
0
TIME_START,s,Seconds since midnight UTC on flight start day,Start time of 100 m altitude bin in UTC_seconds_since_midnight
28
1.0,1.0,1.0,1.0,1.0,1.0,1.0,1.0,1.0,1.0,1.0,1.0,1.0,1.0,1.0,1.0,1.0,1.0,1.0,1.0,1.0,1.0,1.0,1.0,1.0,1.0,1.0,1.0
99999,99999,99999,99999,99999,99999,99999,99999,99999,99999,99999,99999,99999,99999,99999,99999,99999,99999,99999,99999,99999,99999,99999,99999,99999,99999,99999,99999
TIME_STOP,s,End time of 100 m altitude bin in UTC seconds since midnight,
TIME_MID,s,Mid time of 100 m altitude in UTC seconds since midnight,
GPSAlt,m,GPS reported altitude above sea level (m),
GPS_Lon,deg,GPS reported longitude,
GPS_Lat,deg,GPS reported latitude,
iMet_Pressure,mb,Pressure reported (mB),
iMet_Temperature,degrees C,Ambient temperature (oC),
THETA,K,Potential temperature from iMet,
Aerosol_concentration,cm^-3,Aerosol concentration,
Surface_Area_Conc,um^2 cm^-3,Surface area concentration,
Volume_density,um^3 cm^-3,Volume density,
Effective_radius,um,Effective radius,
Extinction,km^-1,Extinction,
Bin01,cm^-3,particle concentration in size range [140 - 170 nm],
Bin02,cm^-3,particle concentration in size range [170 - 205 nm],
Bin03,cm^-3,particle concentration in size range [205 - 249 nm],
Bin04,cm^-3,particle concentration in size range [249 - 302 nm],
Bin05,cm^-3,particle concentration in size range [302 - 366 nm],
Bin06,cm^-3,particle concentration in size range [366 - 443 nm],
Bin07,cm^-3,particle concentration in size range [443 - 537 nm],
Bin08,cm^-3,particle concentration in size range [537 - 651 nm],
Bin09,cm^-3,particle concentration in size range [651 - 789 nm],
Bin10,cm^-3,particle concentration in size range [789 - 956 nm],
Bin11,cm^-3,particle concentration in size range [956 - 1159 nm],
Bin12,cm^-3,particle concentration in size range [1159 - 1404 nm],
Bin13,cm^-3,particle concentration in size range [1404 - 1702 nm],
Bin14,cm^-3,particle concentration in size range [1702 - 2062 nm],
Bin15,cm^-3,particle concentration in size range [2062 - 2500 nm],
0
19
PI_CONTACT_INFO: 325 Broadway R/CSL6, Boulder, CO 80305; troy.thornberry@noaa.gov; 303-497-3373 
PLATFORM: GML ECC/FPH balloon
LOCATION: Lauder, NZ
ASSOCIATED_DATA: N/A
INSTRUMENT_INFO: Printed Optical Particle Spectrometer counts particles from 140 - 2500 nm in diameter 
DATA_INFO: Particle concentrations reported in number per cubic centimeter, binned to 100 m altitude
UNCERTAINTY: Counting uncertainty dominated by air flow, less than 5 percent
ULOD_FLAG: -77777
ULOD_VALUE: 3000 ~3000 per cm3 (varies depending on flow rate- manufacturer quotes 1250  per cm3 at 1.667 cc/s)
LLOD_FLAG: -88888
LLOD_VALUE: 0 0 (varies depending on data field and measurement precision)
DM_CONTACT_INFO: Troy Thornberry, 325 Broadway R/CSL6, Boulder, CO 80305; troy.thornberry@noaa.gov; 303-497-3373
PROJECT_INFO: B2SAP Lauder, NZ
STIPULATIONS_ON_USE: Please contact the PIs for questions regarding applications and uncertainties
OTHER_COMMENTS: POPS bin Edges (nm):  140, 170, 205, 249, 302, 366, 443, 537, 651, 789, 956, 1159, 1404, 1702, 2062, 2500
Calculations assume sulfate refractive index of 1.45+0.00j and extinction wavelength = 532 nm
REVISION: R0
R0: QA/QC data
TIME_START,TIME_STOP,TIME_MID,GPSAlt,GPS_Lon,GPS_Lat,iMet_Pressure,iMet_Temperature,THETA,Aerosol_concentration,Surface_Area_Conc,Volume_density,Effective_radius,Extinction,Bin01,Bin02,Bin03,Bin04,Bin05,Bin06,Bin07,Bin08,Bin09,Bin10,Bin11,Bin12,Bin13,Bin14,Bin15
[from data line 78]
7512,7541,7526,8.2,169.605,-44.9416,354.316,-33.313,322.597,31.0711,4.49145,286.299,0.191229,0.0011662,14.4962,8.03802,4.18531,1.92635,1.26114,0.443477,0.457336,0.194021,0.0277173,0.0138587,0.0138587,0,0,0,0.0138587
7542,7558,7550,8.3,169.605,-44.9392,349.749,-34.024,322.832,21.6561,3.18068,170.374,0.160696,0.000817404,10.1469,4.94838,3.00239,1.58459,1.05639,0.528197,0.222399,0.0555997,0.0555997,0.0277999,0.0277999,0,0,0,0
7559,7580,7570,8.4,169.604,-44.9369,344.468,-34.921,323.03,11.9895,2.26987,184.318,0.243606,0.000835686,5.2375,3.02892,1.57756,0.694127,0.841366,0.210342,0.105171,0.126205,0,0.105171,0,0.0420683,0.0210342,0,0
7581,7609,7595,8.5,169.603,-44.9339,339.152,-35.6569,323.466,10.8566,1.80907,117.214,0.194376,0.000585366,4.86875,2.67418,1.38069,0.842948,0.436008,0.319739,0.188937,0.0290672,0.0581344,0.0290672,0.0145336,0.0145336,0,0,0
7610,7640,7625,8.6,169.603,-44.9305,334.354,-36.401,323.765,12.2245,2.0158,132.783,0.197613,0.00062265,5.4644,2.98571,1.73227,0.80276,0.605591,0.267587,0.225336,0.028167,0.0422505,0.028167,0.028167,0.0140835,0,0,0
7641,7658,7650,8.7,169.602,-44.9277,330.128,-37.0183,324.093,10.9088,1.85834,126.544,0.204285,0.000593996,5.16117,2.46328,1.47797,0.445737,0.656876,0.351898,0.187679,0.0703796,0.0469197,0,0.0234599,0.0234599,0,0,0
7659,7679,7669,8.8,169.601,-44.9253,325.472,-37.7706,324.375,11.1515,1.88328,131.439,0.209378,0.000599124,4.92681,2.86073,1.56281,0.794647,0.423812,0.158929,0.238394,0.0794647,0.0529765,0,0.0264882,0.0264882,0,0,0
7680,7701,7690,8.9,169.601,-44.9227,320.201,-38.4057,325.019,11.5039,1.89314,132.915,0.210626,0.000519604,5.09485,2.7496,1.65785,0.930013,0.586312,0.222394,0.141524,0.0404353,0.0202177,0,0.0404353,0,0.0202177,0,0
7702,7727,7714,9,169.601,-44.9198,315.415,-38.9672,325.636,17.6228,2.70312,161.699,0.179459,0.00073251,7.97627,4.17561,2.53945,1.32938,0.937382,0.272693,0.20452,0.10226,0,0.0511299,0,0.0170433,0.0170433,0,0
7728,7746,7737,9.1,169.601,-44.9169,311.193,-39.7178,325.842,17.3217,2.54556,150.219,0.177036,0.000709181,8.36222,3.98997,2.67591,1.05125,0.597301,0.215029,0.238921,0.0716762,0.0477841,0.0477841,0,0,0.0238921,0,0
7748,7768,7758,9.2,169.6,-44.914,306.332,-40.6314,326.031,18.5869,2.88444,199.743,0.207745,0.000842777,8.30826,4.71276,2.62045,1.1985,1.09693,0.243763,0.243763,0.0406272,0.0609408,0.0406272,0,0,0,0.0203136,0
7769,7793,7781,9.3,169.6,-44.9109,301.671,-41.3792,326.415,23.7184,3.68135,218.888,0.178376,0.00111894,11.0938,5.81349,3.07874,1.49637,1.08358,0.464391,0.343994,0.171997,0.0859984,0.051599,0.0171997,0,0.0171997,0,0
7795,7820,7808,9.4,169.599,-44.9072,297.143,-42.1187,326.779,26.9322,3.78156,186.344,0.147831,0.000888055,12.237,6.99771,3.40914,1.84811,1.61486,0.340914,0.340914,0.0538285,0.0358857,0.0358857,0.0179428,0,0,0,0
7821,7841,7831,9.5,169.599,-44.9041,292.897,-43.0035,326.866,25.7573,3.50458,165.416,0.1416,0.000754697,12.8678,5.76236,2.94617,2.07965,1.10481,0.541575,0.389934,0.043326,0,0,0.021663,0,0,0,0
7842,7869,7856,9.6,169.598,-44.9008,288.554,-43.72,327.241,25.8524,3.9728,224.39,0.169445,0.00109515,11.4454,6.58649,3.53234,1.74303,1.24943,0.493601,0.647852,0.0462751,0.0308501,0.0308501,0.0308501,0.015425,0,0,0
7870,7895,7882,9.7,169.598,-44.897,284.307,-44.4729,327.56,25.6467,3.81537,195.496,0.153717,0.000956003,11.3281,6.14434,3.69748,1.75812,1.57687,0.561872,0.416873,0.108749,0.0181249,0.0181249,0,0,0.0181249,0,0
7896,7922,7909,9.8,169.598,-44.8935,280.218,-45.157,327.931,25.3527,4.11774,242.974,0.17702,0.00115028,9.89964,6.4066,3.92766,1.93164,1.70628,0.85314,0.450716,0.112679,0.0482909,0,0,0,0,0.016097,0
7923,7944,7934,9.9,169.598,-44.8902,276.354,-45.9795,328.043,25.5208,3.9569,207.298,0.157167,0.00107144,10.7112,6.37524,3.46481,2.03929,1.7621,0.494972,0.435576,0.17819,0,0.0395978,0.0197989,0,0,0,0
7945,7970,7958,10,169.598,-44.8869,271.754,-46.9496,328.212,21.3878,3.14524,156.051,0.148845,0.000840569,9.17339,5.74597,2.87299,1.64651,0.974463,0.487231,0.285618,0.100807,0.0672043,0.0336022,0,0,0,0,0
7971,7998,7984,10.1,169.598,-44.8832,267.672,-47.7482,328.478,18.4928,2.67691,136.033,0.152452,0.000715819,8.39155,4.76828,2.35277,1.2705,1.01953,0.329388,0.188222,0.0784257,0.0313703,0.0627406,0,0,0,0,0
7999,8028,8014,10.2,169.597,-44.8791,263.513,-48.6075,328.69,18.7342,2.54901,115.894,0.136398,0.000555866,8.53988,4.7899,2.59978,1.10294,1.10294,0.362393,0.173319,0.0157562,0.0157562,0.0315125,0,0,0,0,0
8029,8056,8042,10.3,169.597,-44.8751,259.463,-49.2338,329.223,19.9432,2.83942,137.67,0.145455,0.000742481,9.56459,4.66359,2.45898,1.50931,0.915759,0.33917,0.322211,0.0847925,0.067834,0.0169585,0,0,0,0,0
8057,8084,8070,10.4,169.598,-44.8712,255.553,-49.8564,329.735,21.4508,2.94289,136.466,0.139114,0.000714568,10.3013,5.38921,2.80946,1.00716,1.09551,0.300382,0.441739,0.0706782,0.0176695,0.0176695,0,0,0,0,0
8085,8112,8098,10.5,169.598,-44.8675,251.572,-50.6585,330.035,19.6485,2.82675,144.858,0.153736,0.000745983,9.28898,4.99036,2.33871,1.35053,0.807021,0.362336,0.296457,0.148228,0.0494095,0,0.0164698,0,0,0,0
8114,8139,8126,10.6,169.599,-44.864,247.686,-51.4765,330.283,19.8606,2.69571,118.768,0.132175,0.000588414,9.65981,4.40487,2.60815,1.33305,1.19782,0.309114,0.251155,0.0772784,0.0193196,0,0,0,0,0,0
8140,8164,8152,10.7,169.599,-44.8608,244.032,-52.1687,330.649,16.8971,2.28465,100.163,0.131525,0.000492805,7.91006,4.14071,2.3396,1.03982,0.779865,0.408501,0.222819,0.0371364,0.0185682,0,0,0,0,0,0
8165,8191,8178,10.8,169.599,-44.8576,240.199,-52.8328,331.153,19.1322,3.03909,239.275,0.236198,0.000946938,8.79867,4.94367,2.64138,0.981596,0.820971,0.267708,0.44618,0.178472,0.0356944,0,0,0,0,0,0.0178472
8192,8217,8204,10.9,169.6,-44.8546,236.578,-53.3039,331.887,18.9061,2.76632,151.636,0.164445,0.000678179,8.85008,4.64872,2.35354,1.18649,1.18649,0.252859,0.311212,0.0583522,0.0194507,0,0.0194507,0.0194507,0,0,0
8218,8239,8228,11,169.6,-44.8519,233.028,-53.866,332.468,24.8738,3.72347,206.763,0.166589,0.00103297,11.3043,6.325,3.34193,1.59246,1.2336,0.515869,0.24672,0.179433,0.0672872,0.0448582,0,0,0.0224291,0,0
8240,8264,8252,11.1,169.601,-44.8488,229.251,-54.5788,332.934,21.9683,3.26099,168.776,0.155268,0.000859299,9.80528,5.55758,2.86299,1.40343,1.5157,0.243261,0.39296,0.112274,0.0374247,0.0187124,0.0187124,0,0,0,0
8265,8290,8278,11.2,169.602,-44.8457,225.695,-55.1927,333.485,20.9881,2.85838,124.518,0.130688,0.000611051,9.33384,5.52411,3.11705,1.03902,1.14292,0.484875,0.259754,0.0865848,0,0,0,0,0,0,0
8291,8315,8303,11.3,169.603,-44.8427,222.168,-55.9233,333.874,21.1074,3.10118,231.971,0.224403,0.000758748,9.29775,5.54866,3.39293,1.16222,0.974764,0.4124,0.281182,0,0,0.0187455,0,0,0,0,0.0187455
8316,8339,8328,11.4,169.604,-44.8397,218.64,-56.6718,334.245,20.2457,2.88508,139.499,0.145055,0.00072171,8.74106,5.44525,2.92734,1.31014,1.1259,0.245651,0.327534,0.0409418,0.0409418,0.0409418,0,0,0,0,0
8340,8364,8352,11.5,169.605,-44.8368,215.238,-57.4505,334.535,19.0385,2.98515,184.834,0.185754,0.000857944,8.4478,4.73901,2.8022,1.4011,0.762363,0.412088,0.288462,0.0206044,0.0824176,0.0412088,0,0.0206044,0.0206044,0,0
8365,8389,8377,11.6,169.606,-44.8338,211.781,-58.0296,335.185,24.5369,3.6645,187.298,0.153335,0.000959163,10.4914,6.53811,3.34508,1.80558,1.10236,0.570184,0.532172,0.0950307,0.0190061,0.0190061,0.0190061,0,0,0,0
8390,8414,8402,11.7,169.607,-44.8309,208.341,-58.7725,335.6,24.7562,3.68366,196.343,0.159903,0.00102318,11.1802,6.20617,3.76477,1.36901,0.981123,0.57042,0.433519,0.136901,0.0684504,0.0228168,0.0228168,0,0,0,0
8415,8436,8426,11.8,169.608,-44.8283,205.063,-59.5478,335.901,24.3022,3.72584,198.072,0.159485,0.00103869,10.2553,6.59085,3.48628,1.3996,1.24692,0.610735,0.483498,0.127236,0.0763419,0,0.0254473,0,0,0,0
8437,8464,8450,11.9,169.61,-44.8258,201.721,-60.1835,336.474,22.0952,3.70157,222.945,0.180689,0.00118356,9.70635,5.34732,2.82367,1.41183,1.34124,0.600029,0.635325,0.0882396,0.0705917,0.0352958,0.0176479,0,0.0176479,0,0
8465,8491,8478,12,169.611,-44.8224,198.444,-60.4974,337.556,24.9279,4.37117,276.21,0.189567,0.0014429,10.5233,5.96188,3.42108,1.72054,1.54049,0.640202,0.76024,0.220069,0.0600189,0.0200063,0.0200063,0.0200063,0.0200063,0,0
8492,8518,8505,12.1,169.612,-44.819,195.357,-60.6232,338.876,25.2671,4.11386,244.263,0.178126,0.00125233,11.1977,6.16036,3.33686,1.52405,1.60426,0.641704,0.449193,0.224597,0.0481278,0.0320852,0.0160426,0.0320852,0,0,0
8519,8541,8530,12.2,169.613,-44.8156,192.327,-60.7657,340.16,23.2676,3.70881,215.379,0.174217,0.00103284,9.73688,6.39158,2.99021,1.32691,1.60724,0.504598,0.541976,0.0747553,0.0373776,0,0.0373776,0.0186888,0,0,0
8543,8563,8553,12.3,169.612,-44.8128,188.985,-61.2968,341.009,21.0113,3.49533,199.747,0.171441,0.00123252,8.62483,5.98542,2.78488,1.14305,1.0807,0.498785,0.540351,0.103914,0.207827,0.0415654,0,0,0,0,0
8564,8589,8576,12.4,169.611,-44.8104,186.008,-61.5088,342.222,10.8413,2.08994,161.03,0.231151,0.000956719,5.6016,2.45463,1.14864,0.298962,0.409106,0.283227,0.236023,0.157348,0.157348,0.0629394,0.0157348,0.0157348,0,0,0
8590,8611,8600,12.5,169.61,-44.8081,182.945,-61.8082,343.366,10.9268,2.05634,164.396,0.239838,0.000847089,5.97269,2.33814,0.833398,0.439849,0.532449,0.208349,0.231499,0.1852,0.11575,0,0.0694498,0,0,0,0
8612,8643,8628,12.6,169.609,-44.8064,180.07,-59.5553,348.598,10.4332,2.7634,278.509,0.302355,0.00156704,5.34703,2.21706,0.886824,0.378204,0.33908,0.299955,0.234748,0.273872,0.182581,0.182581,0.0521661,0.0391246,0,0,0
8644,8671,8658,12.7,169.608,-44.8045,177.307,-58.2654,352.25,9.68832,2.33349,205.048,0.263615,0.00125669,4.69465,2.21276,0.792409,0.284071,0.523289,0.313973,0.373778,0.149511,0.179413,0.119609,0.0448533,0,0,0,0
8673,8691,8682,12.8,169.608,-44.803,174.552,-56.2844,357.101,9.08012,1.79287,137.416,0.229939,0.000819771,4.74208,1.87131,0.808067,0.425298,0.404033,0.255179,0.255179,0.148854,0.0637947,0.0850597,0,0.0212649,0,0,0
8692,8718,8705,12.9,169.609,-44.8024,171.815,-54.4535,361.744,9.9598,2.14843,200.106,0.279421,0.000991101,5.14102,2.44601,0.849513,0.380816,0.263642,0.146468,0.248995,0.278289,0.0732339,0.0292935,0.102527,0,0,0,0
8719,8744,8732,13,169.611,-44.8019,169.137,-54.8556,362.699,9.73353,2.66424,281.977,0.317512,0.00145889,4.90461,2.10414,0.802297,0.408717,0.378442,0.211928,0.302754,0.166515,0.19679,0.136239,0.045413,0.0756884,0,0,0
8745,8770,8758,13.1,169.612,-44.8009,166.406,-54.2708,365.362,10.4498,2.24877,189.645,0.252998,0.00114345,5.49325,2.30464,0.962898,0.299919,0.315704,0.205208,0.315704,0.268349,0.173637,0.0631409,0.0315704,0.0157852,0,0,0
8771,8792,8782,13.2,169.614,-44.7994,163.985,-53.6485,367.95,15.8324,2.57632,182.566,0.212589,0.000916934,8.30396,3.95337,1.58891,0.624216,0.472891,0.283734,0.226988,0.189156,0.0945781,0.0378313,0.0189156,0.0378313,0,0,0
8794,8814,8804,13.3,169.615,-44.798,161.48,-53.9481,369.062,16.4813,3.05994,247.649,0.242798,0.00126048,8.60131,3.75068,1.87534,0.667188,0.396706,0.270482,0.43277,0.198353,0.126225,0.0721284,0.0360642,0.0540963,0,0,0
8815,8834,8824,13.4,169.615,-44.7969,159.086,-53.9842,370.575,16.9068,2.98727,247.916,0.248972,0.00112434,8.81144,4.45545,1.63101,0.616602,0.397808,0.278465,0.198904,0.278465,0.0795616,0.0397808,0.0596712,0.0596712,0,0,0
8835,8850,8842,13.5,169.615,-44.7966,156.664,-54.365,371.555,17.0471,2.96233,224.605,0.22746,0.00114586,8.57104,4.4161,1.80443,0.712275,0.522335,0.213682,0.427365,0.118712,0.0949699,0.0949699,0.047485,0.0237425,0,0,0
8851,8868,8860,13.6,169.616,-44.7967,154.233,-54.8941,372.325,17.035,2.8687,205.771,0.21519,0.00103216,8.44989,4.41647,1.82518,0.698524,0.608392,0.383061,0.270396,0.202797,0.0450661,0.0675991,0.0675991,0,0,0,0
8869,8889,8879,13.7,169.616,-44.7972,151.666,-55.7415,372.657,15.7182,2.536,170.26,0.201412,0.000999607,8.09841,4.21194,1.6082,0.51692,0.382904,0.153161,0.402049,0.0957259,0.134016,0.0957259,0.0191452,0,0,0,0
8890,8918,8904,13.8,169.618,-44.7976,149.148,-56.4822,373.163,16.4246,3.04472,250.251,0.246575,0.00127735,8.32559,4.20527,1.74158,0.608844,0.438934,0.368138,0.198228,0.198228,0.141592,0.113273,0.0424775,0.0424775,0,0,0
8918,8943,8930,13.9,169.619,-44.798,146.703,-57.233,373.64,16.7026,2.62594,172.748,0.197356,0.000925078,8.62318,4.42812,1.52265,0.543804,0.68364,0.372894,0.233059,0.0932236,0.0776863,0.0932236,0.0310745,0,0,0,0
8944,8967,8956,14,169.621,-44.7983,144.415,-57.8383,374.268,15.4216,2.77317,197.794,0.213972,0.00119339,7.62684,3.73645,1.84723,0.573762,0.545774,0.279884,0.279884,0.237901,0.181925,0.0839652,0.0279884,0,0,0,0
8968,8992,8980,14.1,169.624,-44.7982,142.089,-57.9292,375.844,14.5169,2.62921,222.201,0.253538,0.0010426,7.87382,3.53832,1.38456,0.363622,0.447535,0.251738,0.209782,0.195796,0.0978982,0.0559419,0.0279709,0.0699273,0,0,0
8993,9019,9006,14.2,169.627,-44.7973,139.904,-57.8465,377.657,13.2815,2.06074,126.96,0.184827,0.000725919,7.12668,3.01912,1.43829,0.479431,0.427601,0.233237,0.310982,0.129576,0.0518304,0.0518304,0,0.0129576,0,0,0
9020,9045,9032,14.3,169.631,-44.7962,137.654,-57.6213,379.816,12.4088,2.27141,185.012,0.244357,0.000991999,6.70861,2.92714,1.23248,0.46218,0.294114,0.112044,0.210082,0.210082,0.112044,0.0840327,0.0280109,0.0280109,0,0,0
9046,9073,9060,14.4,169.634,-44.7951,135.524,-57.6096,381.527,11.8112,2.10786,157.362,0.223965,0.000903657,6.34651,2.70751,1.20472,0.322915,0.397433,0.198717,0.235976,0.173877,0.136618,0.0496792,0.0372594,0,0,0,0
9074,9103,9088,14.5,169.637,-44.7938,133.36,-57.9232,382.723,10.9426,2.07786,168.977,0.243968,0.000939419,5.70453,2.6669,1.13612,0.28702,0.382694,0.14351,0.191347,0.179388,0.131551,0.0717551,0.0358775,0.0119592,0,0,0
9104,9132,9118,14.6,169.641,-44.7918,131.175,-57.5364,385.235,9.90262,1.82044,153.649,0.253206,0.000720509,5.32296,2.34977,0.97108,0.275739,0.323693,0.167841,0.215796,0.119886,0.0479546,0.0359659,0.0479546,0.0239773,0,0,0
9133,9156,9144,14.7,169.644,-44.7897,129.226,-57.095,387.675,11.4238,1.74289,123.084,0.211862,0.0006159,6.62912,2.71002,0.945032,0.347438,0.250155,0.11118,0.180668,0.11118,0.0694876,0.027795,0.0416926,0,0,0,0
9157,9184,9170,14.8,169.645,-44.7876,127.109,-57.033,389.616,10.4569,1.46386,79.4299,0.162782,0.000479326,5.69034,2.73432,0.94839,0.283285,0.344869,0.110851,0.123168,0.123168,0.0862173,0.0123168,0,0,0,0,0
9185,9208,9196,14.9,169.645,-44.786,125.19,-56.903,391.551,9.94255,1.71057,148.126,0.259785,0.000667176,5.78291,2.39143,0.782649,0.304364,0.159429,0.086961,0.202909,0.057974,0.0434805,0.057974,0.057974,0.0144935,0,0,0
9210,9233,9222,15,169.645,-44.7849,123.179,-57.0042,393.187,8.81657,1.72076,127.631,0.222515,0.000828699,4.6586,2.09984,0.584063,0.250313,0.403281,0.139063,0.33375,0.166875,0.11125,0.055625,0.0139063,0,0,0,0
9234,9257,9246,15.1,169.645,-44.7844,121.221,-57.2282,394.575,8.44999,1.94005,184.317,0.28502,0.000954167,4.16421,2.23408,0.653507,0.303957,0.21277,0.258363,0.151978,0.227967,0.121583,0.0455935,0.0455935,0.0151978,0.0151978,0,0
9258,9279,9268,15.2,169.645,-44.7842,119.377,-57.6491,395.536,7.13352,2.19883,215.417,0.293908,0.00138057,3.34621,1.42975,0.593193,0.228151,0.243361,0.273781,0.410672,0.243361,0.167311,0.152101,0.0456302,0,0,0,0
9280,9304,9292,15.3,169.645,-44.7839,117.368,-57.5292,397.685,7.94025,2.26899,228.235,0.301766,0.00128885,3.53055,1.74434,0.907058,0.320959,0.334914,0.279095,0.223276,0.195366,0.237231,0.0837285,0.055819,0.0279095,0,0,0
9305,9329,9317,15.4,169.646,-44.7839,115.511,-56.9256,400.614,6.8827,1.89978,179.345,0.283208,0.00106637,3.29519,1.34199,0.558057,0.292316,0.358751,0.252454,0.265741,0.305603,0.0664354,0.0930095,0.0398612,0.0132871,0,0,0
9330,9353,9342,15.5,169.647,-44.784,113.706,-57.3167,401.693,7.28108,1.9706,194.432,0.296,0.00109837,3.71001,1.41731,0.555807,0.305694,0.291799,0.236218,0.277904,0.208428,0.111161,0.0972663,0.0555807,0.0138952,0,0,0
9354,9378,9366,15.6,169.648,-44.7839,111.889,-58.0872,402.111,7.62968,1.79937,151.892,0.253242,0.000964022,3.4461,1.76998,0.898398,0.362041,0.268179,0.147498,0.294996,0.187725,0.160907,0.0670447,0.0134089,0.0134089,0,0,0
