data/B2SAP/Locations/Lauder/NOAA-POPS-B2SAP_GMLBalloon_20200723_R0.ict
61,1001
Thornberry, T. D.
NOAA Chemical Sciences Laboratory
Portable Optical Particle Spectrometer (POPS)
Balloon Baseline Stratospheric Aerosol Profiles (B2SAP)
1,1
2020,07,23,2024,05,28
0
TIME_START,s,Seconds since midnight UTC on flight start day,Start time of 100 m altitude bin in UTC_seconds_since_midnight
28
1.0,1.0,1.0,1.0,1.0,1.0,1.0,1.0,1.0,1.0,1.0,1.0,1.0,1.0,1.0,1.0,1.0,1.0,1.0,1.0,1.0,1.0,1.0,1.0,1.0,1.0,1.0,1.0
99999,99999,99999,99999,99999,99999,99999,99999,99999,99999,99999,99999,99999,99999,99999,99999,99999,99999,99999,99999,99999,99999,99999,99999,99999,99999,99999,99999
TIME_STOP,s,End time of 100 m altitude bin in UTC seconds since midnight,
TIME_MID,s,Mid time of 100 m altitude in UTC seconds since midnight,
GPSAlt,m,GPS reported altitude above sea level (m),
GPS_Lon,deg,GPS reported longitude,
GPS_Lat,deg,GPS reported latitude,
iMet_Pressure,mb,Pressure reported (mB),
iMet_Temperature,degrees C,Ambient temperature (oC),
THETA,K,Potential temperature from iMet,
Aerosol_concentration,cm^-3,Aerosol concentration,
Surface_Area_Conc,um^2 cm^-3,Surface area concentration,
Volume_density,um^3 cm^-3,Volume density,
Effective_radius,um,Effective radius,
Extinction,km^-1,Extinction,
Bin01,cm^-3,particle concentration in size range [140 - 170 nm],
Bin02,cm^-3,particle concentration in size range [170 - 205 nm],
Bin03,cm^-3,particle concentration in size range [205 - 249 nm],
Bin04,cm^-3,particle concentration in size range [249 - 302 nm],
Bin05,cm^-3,particle concentration in size range [302 - 366 nm],
Bin06,cm^-3,particle concentration in size range [366 - 443 nm],
Bin07,cm^-3,particle concentration in size range [443 - 537 nm],
Bin08,cm^-3,particle concentration in size range [537 - 651 nm],
Bin09,cm^-3,particle concentration in size range [651 - 789 nm],
Bin10,cm^-3,particle concentration in size range [789 - 956 nm],
Bin11,cm^-3,particle concentration in size range [956 - 1159 nm],
Bin12,cm^-3,particle concentration in size range [1159 - 1404 nm],
Bin13,cm^-3,particle concentration in size range [1404 - 1702 nm],
Bin14,cm^-3,particle concentration in size range [1702 - 2062 nm],
Bin15,cm^-3,particle concentration in size range [2062 - 2500 nm],
0
19
PI_CONTACT_INFO: 325 Broadway R/CSL6, Boulder, CO 80305; troy.thornberry@noaa.gov; 303-497-3373 
PLATFORM: GML ECC/FPH balloon
LOCATION: Lauder, NZ
ASSOCIATED_DATA: N/A
INSTRUMENT_INFO: Printed Optical Particle Spectrometer counts particles from 140 - 2500 nm in diameter 
DATA_INFO: Particle concentrations reported in number per cubic centimeter, binned to 100 m altitude
UNCERTAINTY: Counting uncertainty dominated by air flow, less than 5 percent
ULOD_FLAG: -77777
ULOD_VALUE: 3000 ~3000 per cm3 (varies depending on flow rate- manufacturer quotes 1250  per cm3 at 1.667 cc/s)
LLOD_FLAG: -88888
LLOD_VALUE: 0 0 (varies depending on data field and measurement precision)
DM_CONTACT_INFO: Troy Thornberry, 325 Broadway R/CSL6, Boulder, CO 80305; troy.thornberry@noaa.gov; 303-497-3373
PROJECT_INFO: B2SAP Lauder, NZ
STIPULATIONS_ON_USE: Please contact the PIs for questions regarding applications and uncertainties
OTHER_COMMENTS: POPS bin Edges (nm):  140, 170, 205, 249, 302, 366, 443, 537, 651, 789, 956, 1159, 1404, 1702, 2062, 2500
Calculations assume sulfate refractive index of 1.45+0.00j and extinction wavelength = 532 nm
REVISION: R0
R0: QA/QC data
TIME_START,TIME_STOP,TIME_MID,GPSAlt,GPS_Lon,GPS_Lat,iMet_Pressure,iMet_Temperature,THETA,Aerosol_concentration,Surface_Area_Conc,Volume_density,Effective_radius,Extinction,Bin01,Bin02,Bin03,Bin04,Bin05,Bin06,Bin07,Bin08,Bin09,Bin10,Bin11,Bin12,Bin13,Bin14,Bin15
[from data line 156]
83261,83280,83270,16.1,170.479,-44.7495,99.02,-54.9514,422.462,10.4786,5.27797,577.163,0.32806,0.00357556,2.26191,1.70797,1.29252,1.33868,0.461614,0.64626,1.01555,0.969389,0.276968,0.32313,0.184646,0,0,0,0
83281,83302,83292,16.2,170.485,-44.7476,97.28,-55.5633,423.416,10.8853,5.90003,601.983,0.306092,0.00413474,1.69472,1.66213,1.23845,0.977722,0.945131,0.87995,1.23845,1.49917,0.358498,0.260726,0.130363,0,0,0,0
83307,83321,83314,16.3,170.491,-44.7458,95.736,-55.954,424.597,8.47278,4.97904,578.158,0.348355,0.00363938,1.824,1.23561,1.23561,0.764904,0.353033,0.529549,0.647226,0.823743,0.529549,0.353033,0.176516,0,0,0,0
83324,83341,83332,16.4,170.496,-44.7448,94.444,-56.346,425.474,9.85797,5.95268,662.418,0.333842,0.0042822,1.81903,1.05621,1.23225,0.821497,0.938854,0.645462,1.17357,1.29092,0.234713,0.469427,0.176035,0,0,0,0
83345,83365,83355,16.5,170.501,-44.7433,92.8089,-56.4289,427.444,9.7915,4.93032,482.653,0.293684,0.0035642,1.86038,1.59928,1.01179,0.78332,1.01179,0.620128,1.17498,0.881235,0.489575,0.326383,0.0326383,0,0,0,0
83369,83387,83378,16.6,170.507,-44.7413,91.195,-56.5883,429.276,9.19043,5.45246,617.313,0.339652,0.00381591,1.57269,1.13037,1.22867,0.88464,0.786347,0.835494,0.88464,0.835494,0.540613,0.29488,0.0982934,0.0982934,0,0,0
83388,83408,83398,16.7,170.512,-44.7393,89.9983,-56.5233,431.022,9.91876,5.67463,620.541,0.328061,0.00413143,1.7186,1.7677,0.785644,1.12936,0.88385,0.589233,0.88385,1.03116,0.638336,0.343719,0.147308,0,0,0,0
83415,83437,83426,16.8,170.519,-44.7372,88.5367,-56.545,433.001,9.08491,4.38899,416.4,0.284621,0.00296544,1.32591,1.42412,1.2768,0.736615,0.83483,0.933045,1.37501,0.589292,0.294646,0.245538,0.0491076,0,0,0,0
83438,83462,83450,16.9,170.525,-44.7357,87.2433,-56.6933,434.534,8.76603,5.45968,595.781,0.327371,0.00392947,1.24294,1.0794,1.11211,0.68689,0.490636,1.04669,1.21024,0.948563,0.523345,0.261672,0.163545,0,0,0,0
83467,83486,83476,17,170.531,-44.7342,85.7183,-56.605,436.9,9.01688,4.95869,459.28,0.277864,0.00348586,1.07811,0.882086,0.784077,1.27412,0.833081,0.931091,1.22512,1.51915,0.343034,0.0980096,0.0490048,0,0,0,0
83494,83503,83498,17.1,170.537,-44.7329,84.26,-56.8433,438.575,7.95696,4.63908,439.823,0.284424,0.00348055,1.17881,0.687639,0.589404,0.884107,1.08057,0.196468,1.37528,1.47351,0.196468,0.294702,0,0,0,0,0
83507,83530,83518,17.2,170.542,-44.7315,83.0391,-56.9,440.288,9.42176,6.30101,691.978,0.329461,0.00452162,1.12419,0.776224,0.910056,0.990355,1.01712,0.910056,1.36508,1.25802,0.669159,0.187364,0.187364,0.0267663,0,0,0
83533,83552,83542,17.3,170.548,-44.7301,81.62,-57.124,441.996,8.75675,6.46441,753.905,0.349872,0.00481493,0.972972,1.03194,0.825552,0.766584,0.766584,0.678132,1.03194,1.56265,0.501228,0.383292,0.176904,0.058968,0,0,0
83553,83574,83564,17.4,170.553,-44.7292,80.2685,-57.6245,443.088,7.74137,5.39254,579.621,0.322457,0.00410679,0.783001,0.620492,0.73868,0.768228,0.783001,0.842096,1.19666,0.945511,0.605718,0.36934,0.073868,0.0147736,0,0,0
83575,83598,83586,17.5,170.559,-44.7285,78.9213,-57.9683,444.524,7.84603,6.33394,733.918,0.347612,0.00478999,0.652809,0.652809,0.578906,0.628175,0.640492,0.923787,1.28098,1.30562,0.628175,0.332563,0.197074,0.0246343,0,0,0
83599,83622,83610,17.6,170.566,-44.7274,77.6943,-58.3413,445.739,8.09006,5.90305,639.053,0.324774,0.00450522,0.681674,0.565918,0.617365,0.964633,0.810292,0.887462,1.24759,1.18328,0.668812,0.347268,0.115756,0,0,0,0
83623,83647,83635,17.7,170.572,-44.7257,76.5168,-58.4852,447.399,7.36974,5.97194,678.573,0.340881,0.00452122,0.486569,0.486569,0.439099,0.700184,0.747654,0.854462,1.3173,1.3529,0.427231,0.379761,0.154278,0.0237351,0,0,0
83648,83674,83661,17.8,170.58,-44.7243,75.1963,-57.4826,451.721,7.85946,6.00372,654.725,0.327159,0.00455844,0.4803,0.665871,0.644039,0.578543,0.72045,0.993348,1.37541,1.39724,0.556712,0.305646,0.130991,0.0109159,0,0,0
83675,83706,83690,17.9,170.588,-44.7227,74.0716,-56.2968,456.164,7.62098,5.98137,665.01,0.333541,0.00446285,0.404979,0.533836,0.533836,0.671898,0.782347,0.938816,1.52788,1.24255,0.533836,0.266918,0.184082,0,0,0,0
83707,83739,83723,18,170.599,-44.7209,72.8036,-54.213,462.833,6.98751,5.02658,535.266,0.319461,0.00370038,0.427322,0.498542,0.593503,0.577676,0.815077,1.06039,1.09205,1.20283,0.340275,0.269055,0.0791337,0.0316535,0,0,0
83740,83767,83754,18.1,170.607,-44.7187,71.7486,-52.5525,468.282,7.0903,4.79982,504.561,0.315363,0.00343563,0.518351,0.518351,0.592401,0.777527,0.740501,0.981164,1.36993,0.953396,0.286944,0.240663,0.0833064,0.0185125,0.00925627,0,0
83768,83792,83780,18.2,170.615,-44.717,70.66,-52.2633,470.956,6.97779,4.62041,473.347,0.307341,0.0033518,0.399039,0.625521,0.787293,0.657875,0.701015,0.830433,1.33732,1.01378,0.33433,0.204912,0.0647091,0.0215697,0,0,0
83793,83815,83804,18.3,170.621,-44.7155,69.4345,-52.2327,473.381,6.91703,4.96431,523.845,0.316567,0.00366475,0.305855,0.411728,0.541128,0.952856,0.788165,0.74111,1.41164,0.99991,0.411728,0.247037,0.105873,0,0,0,0
83816,83836,83826,18.4,170.625,-44.7145,68.4542,-52.6384,474.427,6.7139,4.5062,477.907,0.318167,0.0031911,0.491261,0.477615,0.545845,0.818768,0.791476,0.982521,1.0644,0.941583,0.259276,0.218338,0.122815,0,0,0,0
83837,83857,83847,18.5,170.629,-44.7137,67.4557,-52.6438,476.423,6.54602,4.28186,460.242,0.322459,0.00296173,0.518741,0.741059,0.568145,0.6299,0.716357,0.728708,1.18569,0.963377,0.222318,0.12351,0.12351,0.012351,0.012351,0,0
83858,83878,83868,18.6,170.633,-44.7129,66.3276,-52.6748,478.651,7.21277,4.97389,524.24,0.316195,0.00359193,0.531077,0.531077,0.59283,0.617531,0.926297,0.926297,1.34622,1.06215,0.333467,0.222311,0.123506,0,0,0,0
83879,83897,83888,18.7,170.637,-44.712,65.2224,-52.8047,480.674,6.47154,4.26112,436.868,0.307573,0.00312122,0.335788,0.656312,0.671575,0.671575,0.656312,0.900521,1.05315,0.869995,0.366314,0.228946,0.0457892,0,0.0152631,0,0
83898,83915,83906,18.8,170.64,-44.7112,64.1811,-52.9544,482.562,6.01519,4.21246,441.831,0.31466,0.00308727,0.576997,0.403898,0.519297,0.403898,0.519297,0.87992,1.16842,0.923195,0.389473,0.129824,0.0865495,0.0144249,0,0,0
83916,83934,83925,18.9,170.644,-44.7105,63.3117,-53.5861,483.049,6.56645,4.51409,474.306,0.315217,0.00332767,0.390516,0.520688,0.607469,0.838886,0.621933,0.824422,1.12816,0.940131,0.347125,0.260344,0.0867813,0,0,0,0
83935,83951,83943,19,170.647,-44.7098,62.37,-54.4338,483.257,6.48755,4.15709,422.818,0.305131,0.00297851,0.702682,0.392194,0.555609,0.719023,0.702682,0.80073,1.11122,0.947803,0.326829,0.147073,0.0490243,0.0326829,0,0,0
83952,83968,83960,19.1,170.651,-44.7092,61.4082,-55.0065,484.134,6.24393,4.13435,422.98,0.306926,0.00297982,0.431679,0.539599,0.555016,0.570433,0.632102,0.940444,1.15628,0.878776,0.262091,0.200423,0.0616685,0.0154171,0,0,0
83969,83984,83976,19.2,170.654,-44.7085,60.3806,-55.755,484.797,6.79003,4.3679,433.938,0.298041,0.00315061,0.509663,0.542545,0.608307,0.608307,0.871359,0.822037,1.15085,1.20017,0.23017,0.180848,0.0493222,0.0164407,0,0,0
83985,83999,83992,19.3,170.658,-44.7077,59.4347,-56.4347,485.482,6.10444,3.84624,374.351,0.291987,0.00280985,0.404617,0.562946,0.474985,0.721274,0.721274,0.721274,1.09071,0.897195,0.299065,0.175921,0.0351841,0,0,0,0
84000,84012,84006,19.4,170.661,-44.7068,58.357,-56.75,487.303,5.78604,3.22258,297.165,0.27664,0.00228881,0.369884,0.660507,0.607666,0.766188,0.660507,0.792608,0.819028,0.739768,0.158522,0.211362,0,0,0,0,0
84013,84026,84020,19.5,170.664,-44.7057,57.3742,-57.4125,488.183,6.09713,3.89792,382.139,0.29411,0.00290777,0.530185,0.508094,0.684822,0.596458,0.508094,0.618549,1.06037,0.994097,0.463912,0.0883642,0.0441821,0,0,0,0
84027,84039,84033,19.6,170.667,-44.7046,56.6683,-57.9283,488.739,6.99543,4.80392,502.793,0.31399,0.00353974,0.420611,0.641986,0.664123,0.77481,0.597711,0.819085,1.30611,1.12901,0.265649,0.287787,0.0664123,0.0221374,0,0,0
84040,84053,84046,19.7,170.67,-44.7037,55.5377,-58.6823,489.834,6.64771,4.24856,407.765,0.287932,0.00309413,0.492423,0.759152,0.307764,0.492423,0.677081,1.12847,1.21054,1.08743,0.307764,0.143623,0.0410352,0,0,0,0
84055,84067,84061,19.8,170.673,-44.7028,54.9046,-59.3908,489.829,6.11058,4.47731,460.993,0.308886,0.00335157,0.308615,0.432062,0.370338,0.555508,0.658379,0.637805,1.44021,1.11102,0.349764,0.164595,0.0822974,0,0,0,0
84068,84081,84074,19.9,170.675,-44.7021,53.9064,-59.6979,491.685,6.44757,4.09686,401.69,0.294145,0.00294189,0.573967,0.440042,0.669629,0.420909,0.746158,0.841819,1.33926,0.956612,0.248719,0.153058,0.0382645,0.0191322,0,0,0
84082,84095,84088,20,170.678,-44.7014,53.0777,-60.0231,493.118,6.2336,4.45986,460.582,0.309818,0.0034069,0.412821,0.433462,0.557308,0.681155,0.495385,0.681155,1.1559,1.09398,0.454103,0.20641,0.0619231,0,0,0,0
84096,84109,84102,20.1,170.681,-44.7007,52.0608,-59.8477,496.263,5.54788,3.31598,318.397,0.288057,0.00231641,0.329985,0.474354,0.474354,0.701219,0.845587,0.598098,1.09308,0.618722,0.247489,0.123744,0.0206241,0.0206241,0,0,0
84110,84123,84116,20.2,170.685,-44.7,51.27,-59.2686,499.784,6.03672,4.18875,412.064,0.295122,0.00305371,0.229243,0.382071,0.439382,0.477589,0.706832,0.878764,1.41366,1.01249,0.343864,0.0955178,0.0382071,0,0.0191036,0,0
84124,84139,84132,20.3,170.689,-44.6994,50.4081,-59.2406,502.285,5.43152,3.68651,371.049,0.301951,0.00270642,0.367672,0.484659,0.384384,0.518083,0.534796,0.601645,1.0863,0.986029,0.317535,0.0835618,0.0501371,0.0167124,0,0,0
84140,84156,84148,20.4,170.693,-44.6986,49.3347,-59.6729,504.355,5.76843,3.47826,326.614,0.281704,0.00243195,0.409779,0.4413,0.504343,0.661951,0.598908,0.851079,1.00869,0.992926,0.189129,0.0630429,0.0472822,0,0,0,0
84157,84175,84166,20.5,170.698,-44.6976,48.8947,-60.0389,504.779,4.80125,3.17429,322.241,0.304548,0.00222926,0.343891,0.304211,0.46293,0.436477,0.436477,0.793595,0.925861,0.740689,0.211625,0.0661329,0.0661329,0.0132266,0,0,0
84176,84196,84186,20.6,170.704,-44.6966,47.6962,-59.6605,509.285,5.23755,3.29175,333.651,0.304079,0.00232154,0.312862,0.4635,0.672075,0.579375,0.50985,0.60255,0.984937,0.69525,0.23175,0.115875,0.04635,0.023175,0,0,0
84197,84224,84210,20.7,170.711,-44.6955,47.0329,-58.3932,514.351,4.69642,2.86777,283.369,0.296435,0.00193411,0.362591,0.267627,0.500721,0.543886,0.509354,0.630218,1.04461,0.569786,0.13813,0.0604318,0.0345325,0.0345325,0,0,0
84225,84258,84242,20.8,170.72,-44.6939,46.253,-57.5409,518.873,4.77688,2.77878,266.563,0.287784,0.00189906,0.382462,0.359046,0.515153,0.538569,0.632234,0.577596,0.882005,0.624428,0.132691,0.0858589,0.0390268,0.00780535,0,0,0
84259,84289,84274,20.9,170.73,-44.6929,45.4745,-56.8687,523.018,5.1722,2.94018,264.647,0.270031,0.00204904,0.401453,0.522822,0.466805,0.448133,0.597511,0.765561,0.970955,0.71888,0.205394,0.0560167,0.00933611,0.00933611,0,0,0
84290,84313,84302,21,170.738,-44.6918,44.7991,-56.8659,525.257,5.86016,3.89125,393.886,0.303671,0.00272203,0.25759,0.347746,0.721251,0.5023,0.682613,0.74701,1.21067,1.0046,0.231831,0.0643974,0.0515179,0.0128795,0.025759,0,0
84314,84334,84324,21.1,170.744,-44.69,44.0663,-57.1579,527.039,5.48208,3.64215,358.899,0.295621,0.00264049,0.499791,0.437317,0.296751,0.468554,0.499791,0.687213,1.17139,1.07767,0.20304,0.0780924,0.0468554,0.0156185,0,0,0
84335,84351,84343,21.2,170.749,-44.6881,43.2807,-57.4533,529.018,4.86473,3.04284,275.303,0.271427,0.00222074,0.346027,0.366381,0.305318,0.366381,0.529217,0.671699,1.30269,0.692053,0.162836,0.122127,0,0,0,0,0
84352,84366,84359,21.3,170.752,-44.6866,42.7547,-57.1327,531.667,4.4414,2.5285,236.636,0.280762,0.00166055,0.291923,0.291923,0.354478,0.667253,0.604698,0.646401,0.854918,0.542143,0.0834066,0.062555,0,0.0417033,0,0,0
84367,84381,84374,21.4,170.756,-44.6854,41.8843,-57.1336,534.796,4.51434,3.11202,317.824,0.306384,0.00227084,0.294907,0.317592,0.499073,0.317592,0.453703,0.431018,0.975461,0.907406,0.158796,0.0907406,0.0680554,0,0,0,0
84382,84392,84387,21.5,170.758,-44.6845,41.35,-57.0436,536.983,4.76826,2.74043,254.121,0.27819,0.00186624,0.382638,0.353204,0.500373,0.353204,0.676975,0.735842,0.971312,0.588674,0.0588674,0.117735,0.0294337,0,0,0,0
84395,84407,84401,21.6,170.761,-44.6838,40.5558,-57.57,538.66,4.14713,2.50528,234.635,0.280968,0.00176619,0.379476,0.352371,0.352371,0.379476,0.29816,0.623425,0.894479,0.65053,0.135527,0.0542109,0,0.0271054,0,0,0
84408,84419,84414,21.7,170.764,-44.6833,39.9492,-58.12,539.595,4.11533,2.05391,173.363,0.253218,0.00137534,0.384098,0.411533,0.466404,0.384098,0.685889,0.49384,0.576147,0.576147,0.0823066,0.0548711,0,0,0,0,0
84420,84432,84426,21.8,170.766,-44.683,39.0669,-58.5385,542,4.66918,2.53526,231.422,0.273844,0.00172368,0.464339,0.464339,0.490135,0.283763,0.825491,0.464339,0.877084,0.593322,0.103186,0.0773898,0.0257966,0,0,0,0
84433,84444,84438,21.9,170.769,-44.6829,38.6742,-59.0858,542.178,4.34858,2.52671,230.606,0.273802,0.0017444,0.426332,0.39791,0.312643,0.369487,0.454754,0.511598,1.05162,0.653709,0.113688,0.0284221,0,0.0284221,0,0,0
84445,84455,84450,22,170.772,-44.6827,38.0218,-59.6418,543.399,4.18442,1.99489,159.177,0.239377,0.0012644,0.503389,0.220233,0.471927,0.471927,0.503389,0.786546,0.660698,0.503389,0.0314618,0.0314618,0,0,0,0,0
84456,84467,84462,22.1,170.774,-44.6824,37.2792,-60.3325,544.713,4.50227,2.19009,203.106,0.278216,0.00143506,0.46475,0.493797,0.697125,0.784266,0.290469,0.551891,0.551891,0.435703,0.116188,0.0871406,0.0290469,0,0,0,0
84468,84479,84474,22.2,170.777,-44.6821,36.7358,-60.9933,545.294,4.52972,2.69488,285.201,0.317492,0.00173413,0.47062,0.411793,0.558861,0.441206,0.529448,0.352965,1.02948,0.529448,0.0588275,0.0294138,0.0882413,0.0294138,0,0,0
84480,84491,84486,22.3,170.781,-44.6818,35.9855,-61.5836,546.999,4.40218,2.08978,172.759,0.248006,0.00134362,0.489131,0.489131,0.423913,0.358696,0.652174,0.75,0.75,0.326087,0.0978261,0.0652174,0,0,0,0,0
84492,84504,84498,22.4,170.784,-44.6814,35.4808,-62.0277,548.053,4.23246,2.15674,184.439,0.256552,0.00143622,0.359621,0.525599,0.304294,0.414947,0.580926,0.774568,0.691578,0.387284,0.110653,0.0829894,0,0,0,0,0
84505,84517,84511,22.5,170.787,-44.681,35.0485,-62.7308,548.138,3.98996,1.8456,157.232,0.255578,0.00111947,0.421475,0.309082,0.533868,0.590065,0.50577,0.533868,0.646261,0.33718,0.084295,0,0.0280983,0,0,0,0
84519,84532,84526,22.6,170.791,-44.6804,34.1631,-63.5023,550.149,3.74764,1.88421,158.498,0.252357,0.00128056,0.400511,0.400511,0.371904,0.486335,0.314688,0.486335,0.657983,0.486335,0.114432,0.028608,0,0,0,0,0
84533,84548,84540,22.7,170.795,-44.6796,33.6933,-63.664,551.891,3.69967,1.91474,168.874,0.264591,0.00123278,0.29796,0.39728,0.37245,0.37245,0.42211,0.620749,0.769729,0.29796,0.0993199,0.02483,0.02483,0,0,0,0
84549,84565,84557,22.8,170.8,-44.6786,33.2387,-64.1425,552.776,3.33808,1.83052,189.38,0.31037,0.0011199,0.280118,0.303461,0.443521,0.443521,0.396834,0.396834,0.746982,0.140059,0.0933728,0.0233432,0.0466864,0,0.0233432,0,0
84566,84585,84576,22.9,170.805,-44.6772,32.4153,-63.9094,557.373,3.62208,1.77438,153.317,0.259217,0.00118834,0.419632,0.353374,0.397546,0.574233,0.287116,0.419632,0.684662,0.353374,0.0441718,0.0883435,0,0,0,0,0
84586,84605,84596,23,170.811,-44.6757,32.0522,-63.585,560.029,3.25105,1.62367,143.14,0.264474,0.00103914,0.297482,0.361228,0.382477,0.339979,0.361228,0.531218,0.552467,0.297482,0.0849949,0.0212487,0.0212487,0,0,0,0
84606,84626,84616,23.1,170.817,-44.6744,31.4389,-63.4568,563.494,3.61238,1.8272,187.843,0.308411,0.00111851,0.524704,0.565065,0.282533,0.363256,0.44398,0.484342,0.504523,0.262352,0.0807236,0.0403618,0,0.0403618,0.0201809,0,0
84627,84645,84636,23.2,170.823,-44.6731,30.8217,-62.9428,568.064,3.68446,2.00618,193.306,0.289066,0.00131362,0.327023,0.41423,0.239817,0.610444,0.41423,0.479634,0.675848,0.327023,0.0872062,0.0654047,0.0436031,0,0,0,0
84646,84663,84654,23.3,170.828,-44.6719,30.5306,-62.9178,569.692,3.55153,1.71221,141.472,0.247875,0.00108836,0.155379,0.466138,0.443941,0.443941,0.332956,0.710306,0.621518,0.266365,0.0443941,0.0665912,0,0,0,0,0
