data/B2SAP/Locations/Lauder/NOAA-POPS-B2SAP_GMLBalloon_20220124_R0.ict
61,1001
Thornberry, T. D.
NOAA Chemical Sciences Laboratory
Portable Optical Particle Spectrometer (POPS)
Balloon Baseline Stratospheric Aerosol Profiles (B2SAP)
1,1
2022,01,24,2024,05,28
0
TIME_START,s,Seconds since midnight UTC on flight start day,Start time of 100 m altitude bin in UTC_seconds_since_midnight
28
1.0,1.0,1.0,1.0,1.0,1.0,1.0,1.0,1.0,1.0,1.0,1.0,1.0,1.0,1.0,1.0,1.0,1.0,1.0,1.0,1.0,1.0,1.0,1.0,1.0,1.0,1.0,1.0
99999,99999,99999,99999,99999,99999,99999,99999,99999,99999,99999,99999,99999,99999,99999,99999,99999,99999,99999,99999,99999,99999,99999,99999,99999,99999,99999,99999
TIME_STOP,s,End time of 100 m altitude bin in UTC seconds since midnight,
TIME_MID,s,Mid time of 100 m altitude in UTC seconds since midnight,
GPSAlt,m,GPS reported altitude above sea level (m),
GPS_Lon,deg,GPS reported longitude,
GPS_Lat,deg,GPS reported latitude,
iMet_Pressure,mb,Pressure reported (mB),
iMet_Temperature,degrees C,Ambient temperature (oC),
THETA,K,Potential temperature from iMet,
Aerosol_concentration,cm^-3,Aerosol concentration,
Surface_Area_Conc,um^2 cm^-3,Surface area concentration,
Volume_density,um^3 cm^-3,Volume density,
Effective_radius,um,Effective radius,
Extinction,km^-1,Extinction,
Bin01,cm^-3,particle concentration in size range [140 - 170 nm],
Bin02,cm^-3,particle concentration in size range [170 - 205 nm],
Bin03,cm^-3,particle concentration in size range [205 - 249 nm],
Bin04,cm^-3,particle concentration in size range [249 - 302 nm],
Bin05,cm^-3,particle concentration in size range [302 - 366 nm],
Bin06,cm^-3,particle concentration in size range [366 - 443 nm],
Bin07,cm^-3,particle concentration in size range [443 - 537 nm],
Bin08,cm^-3,particle concentration in size range [537 - 651 nm],
Bin09,cm^-3,particle concentration in size range [651 - 789 nm],
Bin10,cm^-3,particle concentration in size range [789 - 956 nm],
Bin11,cm^-3,particle concentration in size range [956 - 1159 nm],
Bin12,cm^-3,particle concentration in size range [1159 - 1404 nm],
Bin13,cm^-3,particle concentration in size range [1404 - 1702 nm],
Bin14,cm^-3,particle concentration in size range [1702 - 2062 nm],
Bin15,cm^-3,particle concentration in size range [2062 - 2500 nm],
0
19
PI_CONTACT_INFO: 325 Broadway R/CSL6, Boulder, CO 80305; troy.thornberry@noaa.gov; 303-497-3373 
PLATFORM: GML ECC/FPH balloon
LOCATION: Lauder, NZ
ASSOCIATED_DATA: N/A
INSTRUMENT_INFO: Printed Optical Particle Spectrometer counts particles from 140 - 2500 nm in diameter 
DATA_INFO: Particle concentrations reported in number per cubic centimeter, binned to 100 m altitude
UNCERTAINTY: Counting uncertainty dominated by air flow, less than 5 percent
ULOD_FLAG: -77777
ULOD_VALUE: 3000 ~3000 per cm3 (varies depending on flow rate- manufacturer quotes 1250  per cm3 at 1.667 cc/s)
LLOD_FLAG: -88888
LLOD_VALUE: 0 0 (varies depending on data field and measurement precision)
DM_CONTACT_INFO: Troy Thornberry, 325 Broadway R/CSL6, Boulder, CO 80305; troy.thornberry@noaa.gov; 303-497-3373
PROJECT_INFO: B2SAP Lauder, NZ
STIPULATIONS_ON_USE: Please contact the PIs for questions regarding applications and uncertainties
OTHER_COMMENTS: POPS bin Edges (nm):  140, 170, 205, 249, 302, 366, 443, 537, 651, 789, 956, 1159, 1404, 1702, 2062, 2500
Calculations assume sulfate refractive index of 1.45+0.00j and extinction wavelength = 532 nm
REVISION: R0
R0: QA/QC data
TIME_START,TIME_STOP,TIME_MID,GPSAlt,GPS_Lon,GPS_Lat,iMet_Pressure,iMet_Temperature,THETA,Aerosol_concentration,Surface_Area_Conc,Volume_density,Effective_radius,Extinction,Bin01,Bin02,Bin03,Bin04,Bin05,Bin06,Bin07,Bin08,Bin09,Bin10,Bin11,Bin12,Bin13,Bin14,Bin15
[from data line 243]
89649,89657,89653,23,170.109,-45.1006,33.965,-51.6283,582.261,1.83007,0.128499,3.20177,0.07475,3.56688e-06,1.83007,0,0,0,0,0,0,0,0,0,0,0,0,0,0
89671,89673,89672,22.9,170.108,-45.0996,34.655,-52.165,577.533,1.60325,0.112573,2.80494,0.07475,3.1248e-06,1.60325,0,0,0,0,0,0,0,0,0,0,0,0,0,0
89675,89689,89682,22.8,170.107,-45.099,35.0086,-52.7714,574.28,2.42437,0.177562,4.54589,0.0768053,5.56195e-06,2.20397,0.220397,0,0,0,0,0,0,0,0,0,0,0,0,0
89690,89705,89698,22.7,170.107,-45.0978,35.609,-53.537,569.508,2.40947,0.169182,4.21545,0.07475,4.69615e-06,2.40947,0,0,0,0,0,0,0,0,0,0,0,0,0,0
89708,89723,89716,22.6,170.106,-45.0972,36.1343,-53.8486,566.325,2.83364,0.198965,4.95754,0.07475,5.52287e-06,2.83364,0,0,0,0,0,0,0,0,0,0,0,0,0,0
89724,89737,89730,22.5,170.106,-45.0966,36.71,-54.231,562.787,1.5451,0.10849,2.70321,0.07475,3.01147e-06,1.5451,0,0,0,0,0,0,0,0,0,0,0,0,0,0
89739,89751,89745,22.4,170.106,-45.0963,37.2014,-54.3529,560.35,1.31085,0.0920416,2.29337,0.07475,2.55489e-06,1.31085,0,0,0,0,0,0,0,0,0,0,0,0,0,0
89756,89769,89762,22.3,170.105,-45.0962,37.91,-54.275,557.526,0.778795,0.0546834,1.36253,0.07475,1.5179e-06,0.778795,0,0,0,0,0,0,0,0,0,0,0,0,0,0
89772,89786,89779,22.2,170.105,-45.0961,38.416,-54.492,554.875,1.19763,0.0840917,2.09528,0.07475,2.33422e-06,1.19763,0,0,0,0,0,0,0,0,0,0,0,0,0,0
89790,89802,89796,22.1,170.104,-45.0957,39.05,-54.325,552.701,1.08651,0.0762896,1.90088,0.07475,2.11765e-06,1.08651,0,0,0,0,0,0,0,0,0,0,0,0,0,0
89812,89821,89816,22,170.103,-45.0948,39.6214,-54.3986,550.229,1.99523,0.140096,3.49071,0.07475,3.88877e-06,1.99523,0,0,0,0,0,0,0,0,0,0,0,0,0,0
89825,89838,89832,21.9,170.103,-45.094,40.2825,-54.77,546.706,1.4144,0.0993127,2.47454,0.07475,2.75672e-06,1.4144,0,0,0,0,0,0,0,0,0,0,0,0,0,0
89839,89855,89847,21.8,170.104,-45.0933,40.8831,-55.03,543.747,1.61757,0.113578,2.82999,0.07475,3.1527e-06,1.61757,0,0,0,0,0,0,0,0,0,0,0,0,0,0
89862,89871,89866,21.7,170.106,-45.0925,41.6878,-54.9578,540.911,3.06712,0.215359,5.36603,0.07475,5.97794e-06,3.06712,0,0,0,0,0,0,0,0,0,0,0,0,0,0
89874,89890,89882,21.6,170.108,-45.0923,42.395,-54.971,538.28,1.09329,0.0767657,1.91275,0.07475,2.13086e-06,1.09329,0,0,0,0,0,0,0,0,0,0,0,0,0,0
89894,89907,89900,21.5,170.109,-45.0924,42.946,-54.78,536.774,2.20653,0.154932,3.8604,0.07475,4.30061e-06,2.20653,0,0,0,0,0,0,0,0,0,0,0,0,0,0
89909,89924,89916,21.4,170.11,-45.0929,43.6878,-54.6411,534.483,1.53131,0.120159,3.27075,0.0816604,5.07442e-06,1.37818,0,0.153131,0,0,0,0,0,0,0,0,0,0,0,0
89929,89942,89936,21.3,170.11,-45.0936,44.45,-54.4889,532.231,1.83565,0.128891,3.21153,0.07475,3.57775e-06,1.83565,0,0,0,0,0,0,0,0,0,0,0,0,0,0
89946,89961,89954,21.2,170.11,-45.0945,45.22,-54.48,529.634,2.64851,0.185966,4.63365,0.07475,5.16204e-06,2.64851,0,0,0,0,0,0,0,0,0,0,0,0,0,0
89963,89979,89971,21.1,170.109,-45.0951,45.9029,-54.3364,527.729,1.93843,0.139333,3.5252,0.0759018,4.14604e-06,1.84151,0.0969213,0,0,0,0,0,0,0,0,0,0,0,0,0
89980,89998,89989,21,170.109,-45.0952,46.6781,-55.0625,523.457,2.00817,0.141004,3.51336,0.07475,3.914e-06,2.00817,0,0,0,0,0,0,0,0,0,0,0,0,0,0
89999,90017,90008,20.9,170.109,-45.0947,47.3837,-55.74,519.606,2.08135,0.146143,3.64139,0.07475,4.05662e-06,2.08135,0,0,0,0,0,0,0,0,0,0,0,0,0,0
90018,90035,90026,20.8,170.109,-45.0943,48.1675,-56.1613,516.176,3.86393,0.273931,6.86898,0.0752267,7.83033e-06,3.78507,0.0788557,0,0,0,0,0,0,0,0,0,0,0,0,0
90038,90052,90045,20.7,170.109,-45.0941,49.1164,-56.4973,512.508,1.36718,0.0959968,2.39192,0.07475,2.66468e-06,1.36718,0,0,0,0,0,0,0,0,0,0,0,0,0,0
90054,90071,90062,20.6,170.11,-45.0941,49.7131,-57.1854,509.126,3.02214,0.212201,5.28734,0.07475,5.89027e-06,3.02214,0,0,0,0,0,0,0,0,0,0,0,0,0,0
90072,90087,90080,20.5,170.11,-45.0937,50.532,-57.012,507.15,4.47453,0.31699,7.94493,0.075191,9.04156e-06,4.3901,0.084425,0,0,0,0,0,0,0,0,0,0,0,0,0
90088,90103,90096,20.4,170.111,-45.0932,51.3507,-57.554,503.572,5.04882,0.357305,8.9493,0.07514,1.01598e-05,4.96468,0.084147,0,0,0,0,0,0,0,0,0,0,0,0,0
90104,90120,90112,20.3,170.113,-45.0929,52.27,-57.1164,502.035,4.34285,0.304935,7.59797,0.07475,8.46439e-06,4.34285,0,0,0,0,0,0,0,0,0,0,0,0,0,0
90122,90139,90130,20.2,170.114,-45.093,53.1087,-56.422,501.366,3.8857,0.272836,6.79817,0.07475,7.57338e-06,3.8857,0,0,0,0,0,0,0,0,0,0,0,0,0,0
90143,90159,90151,20.1,170.115,-45.0935,54.1314,-55.9029,499.835,2.4875,0.177617,4.47466,0.0755782,5.18553e-06,2.39866,0.0888394,0,0,0,0,0,0,0,0,0,0,0,0,0
90160,90177,90168,20,170.116,-45.094,54.8286,-55.335,499.31,2.79838,0.196489,4.89586,0.07475,5.45415e-06,2.79838,0,0,0,0,0,0,0,0,0,0,0,0,0,0
90178,90195,90186,19.9,170.117,-45.0946,55.84,-54.5692,498.467,2.18591,0.156515,3.95011,0.0757136,4.60622e-06,2.09483,0.0910797,0,0,0,0,0,0,0,0,0,0,0,0,0
90197,90214,90206,19.8,170.117,-45.095,56.565,-54.2093,497.437,1.91188,0.139776,3.57451,0.0767195,4.35753e-06,1.74563,0.166251,0,0,0,0,0,0,0,0,0,0,0,0,0
90215,90234,90224,19.7,170.118,-45.0954,57.6331,-54.4081,494.347,2.50995,0.176237,4.39124,0.07475,4.89199e-06,2.50995,0,0,0,0,0,0,0,0,0,0,0,0,0,0
90236,90253,90244,19.6,170.119,-45.0954,58.625,-55.3044,489.919,2.24802,0.162672,4.13329,0.0762263,4.93211e-06,2.10299,0.145033,0,0,0,0,0,0,0,0,0,0,0,0,0
90255,90270,90262,19.5,170.12,-45.0952,59.4942,-55.5567,487.303,2.91434,0.207864,5.23291,0.0755239,6.04899e-06,2.8172,0.0971448,0,0,0,0,0,0,0,0,0,0,0,0,0
90273,90291,90282,19.4,170.121,-45.0944,60.4735,-56.1324,483.751,2.98309,0.211715,5.31264,0.0752803,6.07155e-06,2.91529,0.0677974,0,0,0,0,0,0,0,0,0,0,0,0,0
90294,90311,90302,19.3,170.123,-45.0933,61.5547,-56.812,479.801,3.08314,0.219049,5.5005,0.0753327,6.30179e-06,3.00606,0.0770785,0,0,0,0,0,0,0,0,0,0,0,0,0
90312,90330,90321,19.2,170.124,-45.0926,62.3792,-57.495,476.481,2.66941,0.193778,4.93356,0.0763793,5.9267e-06,2.47874,0.190672,0,0,0,0,0,0,0,0,0,0,0,0,0
90332,90350,90341,19.1,170.126,-45.092,63.45,-58.1425,472.73,3.68896,0.259022,6.45397,0.07475,7.18993e-06,3.68896,0,0,0,0,0,0,0,0,0,0,0,0,0,0
90351,90371,90361,19,170.127,-45.0914,64.5071,-59.3041,467.972,2.43831,0.171207,4.26591,0.07475,4.75236e-06,2.43831,0,0,0,0,0,0,0,0,0,0,0,0,0,0
90372,90393,90382,18.9,170.129,-45.0905,65.4847,-59.8071,464.862,3.5004,0.245782,6.12407,0.07475,6.82242e-06,3.5004,0,0,0,0,0,0,0,0,0,0,0,0,0,0
90395,90415,90405,18.8,170.13,-45.0895,66.5089,-59.3137,463.876,4.58217,0.331389,8.41718,0.0761991,1.00319e-05,4.29216,0.290011,0,0,0,0,0,0,0,0,0,0,0,0,0
90416,90436,90426,18.7,170.132,-45.0887,67.6753,-59.406,461.385,4.65703,0.338916,8.64237,0.0765002,1.04368e-05,4.2988,0.358233,0,0,0,0,0,0,0,0,0,0,0,0,0
90438,90457,90448,18.6,170.135,-45.0883,68.7625,-59.2744,459.563,3.64341,0.267049,6.84017,0.0768418,8.38194e-06,3.30605,0.337352,0,0,0,0,0,0,0,0,0,0,0,0,0
90459,90478,90468,18.5,170.137,-45.088,69.8644,-59.8544,456.25,3.4682,0.256837,6.62041,0.07733,8.27899e-06,3.06803,0.400177,0,0,0,0,0,0,0,0,0,0,0,0,0
90481,90502,90492,18.4,170.139,-45.0872,71.1059,-59.8229,454.02,3.34415,0.245309,6.28642,0.0768796,7.71567e-06,3.02867,0.315486,0,0,0,0,0,0,0,0,0,0,0,0,0
90503,90522,90512,18.3,170.141,-45.0865,72.1379,-61.1643,449.312,2.99239,0.227112,5.94087,0.0784749,7.77197e-06,2.4815,0.510896,0,0,0,0,0,0,0,0,0,0,0,0,0
90523,90545,90534,18.2,170.143,-45.0857,73.2755,-59.5045,450.814,3.29197,0.24349,6.27168,0.0772725,7.82444e-06,2.92104,0.370926,0,0,0,0,0,0,0,0,0,0,0,0,0
90546,90567,90556,18.1,170.145,-45.0848,74.6342,-61.0295,445.245,3.41555,0.251515,6.48461,0.0773465,8.22028e-06,3.14448,0.216861,0.0542152,0,0,0,0,0,0,0,0,0,0,0,0
90568,90589,90578,18,170.147,-45.0842,75.8738,-61.6205,441.927,3.65561,0.277487,7.2592,0.0784814,9.49896e-06,3.03031,0.625302,0,0,0,0,0,0,0,0,0,0,0,0,0
90590,90611,90600,17.9,170.15,-45.0839,77.1245,-60.8059,441.554,4.07128,0.304133,7.88096,0.0777387,1.00192e-05,3.52234,0.548937,0,0,0,0,0,0,0,0,0,0,0,0,0
90612,90634,90623,17.8,170.153,-45.0839,78.3483,-60.2578,440.71,3.91039,0.298878,7.85025,0.0787972,1.0395e-05,3.17988,0.730512,0,0,0,0,0,0,0,0,0,0,0,0,0
90635,90656,90646,17.7,170.155,-45.0838,79.6775,-60.852,437.375,3.64187,0.274021,7.15235,0.0783044,9.38951e-06,3.16268,0.431274,0.0479194,0,0,0,0,0,0,0,0,0,0,0,0
90657,90678,90668,17.6,170.157,-45.0836,80.9327,-60.9486,435.221,4.56287,0.376076,10.4076,0.0830227,1.63403e-05,3.27149,1.0331,0.258276,0,0,0,0,0,0,0,0,0,0,0,0
90679,90702,90690,17.5,170.158,-45.0836,82.2865,-61.0122,433.041,5.09822,0.402001,10.8005,0.0806004,1.54777e-05,3.95622,1.01964,0.122357,0,0,0,0,0,0,0,0,0,0,0,0
90703,90724,90714,17.4,170.16,-45.0837,83.739,-59.8985,433.138,4.92464,0.386661,10.3734,0.0804848,1.48518e-05,3.90254,0.882718,0.139376,0,0,0,0,0,0,0,0,0,0,0,0
90726,90748,90737,17.3,170.161,-45.0835,85.1339,-58.5522,433.82,5.34289,0.431191,11.7438,0.0817073,1.74871e-05,3.89669,1.28551,0.160688,0,0,0,0,0,0,0,0,0,0,0,0
90749,90771,90760,17.2,170.162,-45.083,86.4633,-59.5214,429.959,5.36645,0.463802,13.2961,0.0860029,2.33194e-05,3.64751,1.17391,0.503104,0.0419254,0,0,0,0,0,0,0,0,0,0,0
90772,90796,90784,17.1,170.164,-45.0821,87.8905,-60.0264,426.931,6.00997,0.482099,13.1176,0.0816282,1.96166e-05,4.56922,1.19376,0.246985,0,0,0,0,0,0,0,0,0,0,0,0
90797,90820,90808,17,170.167,-45.0815,89.3196,-59.7175,425.592,5.81798,0.48178,13.4019,0.0834525,2.14573e-05,4.23126,1.17115,0.41557,0,0,0,0,0,0,0,0,0,0,0,0
90821,90845,90833,16.9,170.17,-45.0807,90.8738,-60.2952,422.352,7.02631,0.634391,18.9395,0.0895639,3.874e-05,4.47876,1.84903,0.451985,0.205448,0.0410895,0,0,0,0,0,0,0,0,0,0
90846,90871,90858,16.8,170.174,-45.0795,92.3725,-61.1213,418.748,6.2657,0.602817,19.1912,0.0955076,4.89975e-05,3.83103,1.50377,0.680276,0.143216,0.071608,0.035804,0,0,0,0,0,0,0,0,0
90873,90895,90884,16.7,170.178,-45.0788,93.8295,-61.316,416.504,7.46871,0.689502,20.6843,0.0899967,4.11483e-05,4.5499,1.84572,0.858472,0.214618,0,0,0,0,0,0,0,0,0,0,0
90896,90923,90910,16.6,170.182,-45.0783,95.3667,-61.9625,413.304,7.02863,0.703501,22.9997,0.0980794,6.20998e-05,3.94711,1.83506,0.934842,0.207743,0.0346238,0.0692476,0,0,0,0,0,0,0,0,0
90924,90950,90937,16.5,170.187,-45.0783,97.0009,-61.7841,411.65,7.14465,0.701121,22.458,0.0960948,5.75847e-05,4.19607,1.85232,0.718246,0.189012,0.189012,0,0,0,0,0,0,0,0,0,0
90951,90974,90962,16.4,170.191,-45.0789,98.5726,-61.4642,410.39,7.17645,0.81326,30.4801,0.112437,0.000115627,4.22898,1.40966,0.768906,0.384453,0.170868,0.213585,0,0,0,0,0,0,0,0,0
90976,91000,90988,16.3,170.195,-45.08,100.264,-60.7211,409.824,6.976,0.832403,31.3268,0.112903,0.000115849,3.69562,1.32876,1.03809,0.456762,0.33219,0.124571,0,0,0,0,0,0,0,0,0
91001,91025,91013,16.2,170.198,-45.081,101.829,-59.9361,409.526,8.18361,0.977834,36.4441,0.111811,0.000130847,4.04781,1.75992,1.36393,0.527975,0.351983,0.131994,0,0,0,0,0,0,0,0,0
91026,91046,91036,16.1,170.2,-45.0818,103.467,-59.2606,408.961,8.5436,1.29599,59.5467,0.137841,0.000307885,3.7322,1.84362,0.989259,0.809394,0.764427,0.269798,0.0899326,0.0449663,0,0,0,0,0,0,0
91048,91070,91059,16,170.202,-45.0823,105.158,-58.5738,408.367,8.00153,1.26541,64.8675,0.153787,0.000401634,3.92889,1.58114,1.05409,0.479133,0.383307,0.0958267,0.43122,0.0479133,0,0,0,0,0,0,0
91071,91098,91084,15.9,170.204,-45.0824,106.869,-58.802,406.064,8.19085,1.57532,92.1297,0.175449,0.000602067,3.13614,1.84479,1.18066,0.442749,0.811706,0.295166,0.368957,0,0.110687,0,0,0,0,0,0
91099,91124,91112,15.8,170.207,-45.0819,108.71,-58.8212,404.05,8.62399,1.91858,112.985,0.17667,0.000765991,2.71167,1.86705,0.933525,0.844618,1.11134,0.488989,0.444536,0.222268,0,0,0,0,0,0,0
91125,91150,91138,15.7,170.209,-45.0815,110.497,-58.8284,402.154,8.24087,1.88649,112.794,0.179371,0.00078529,2.72175,1.62549,1.17187,0.491428,0.793845,0.642637,0.680439,0.113406,0,0,0,0,0,0,0
91151,91176,91164,15.6,170.212,-45.081,112.37,-58.7219,400.434,8.58506,1.63084,93.3593,0.171738,0.000616543,3.23202,2.18835,0.942673,0.673338,0.774339,0.202001,0.370336,0.168335,0.0336669,0,0,0,0,0,0
91177,91203,91190,15.5,170.215,-45.0807,114.186,-58.2177,399.536,9.26922,1.73005,95.1393,0.164976,0.000605159,3.6118,2.04562,1.08674,0.671219,1.05477,0.287665,0.383554,0.0958884,0.0319628,0,0,0,0,0,0
91204,91231,91218,15.4,170.218,-45.08,116.094,-58.0438,397.969,10.9338,2.52687,162.564,0.193003,0.00110606,3.66702,2.2204,1.44662,0.841059,1.04291,0.975629,0.403708,0.201854,0.100927,0.0336424,0,0,0,0,0
91232,91259,91246,15.3,170.221,-45.0791,117.852,-57.7882,396.74,9.64792,2.33682,182.187,0.233892,0.00111191,3.79791,1.92958,1.31702,0.428797,0.765708,0.520681,0.612566,0.091885,0.0612566,0.091885,0,0.0306283,0,0,0
91260,91287,91274,15.2,170.225,-45.0778,119.777,-57.7065,395.054,9.17736,2.06382,127.121,0.184785,0.000886079,3.14652,1.74807,1.28192,0.757496,1.01971,0.378748,0.58269,0.203941,0.058269,0,0,0,0,0,0
91288,91315,91302,15.1,170.229,-45.0766,121.581,-57.825,393.151,9.4012,1.76081,102.277,0.174255,0.00063926,3.63433,2.22265,1.23147,0.660787,0.690823,0.540644,0.270322,0.0901074,0.0300358,0.0300358,0,0,0,0,0
91317,91344,91330,15,170.234,-45.0756,123.625,-57.7056,391.507,10.3129,1.87123,106.274,0.170381,0.000698653,4.19772,2.59118,1.21786,0.673708,0.725531,0.233206,0.466413,0.155471,0.0518237,0,0,0,0,0,0
91345,91373,91359,14.9,170.238,-45.0749,125.664,-57.6323,389.81,9.94095,2.03845,138.096,0.203236,0.00080784,4.06453,2.00778,1.34668,0.636613,0.808008,0.367276,0.587642,0.0489702,0,0.0489702,0.0244851,0,0,0,0
91374,91400,91387,14.8,170.243,-45.0743,127.693,-57.7131,387.882,10.5889,2.47358,166.829,0.202333,0.00117037,3.48129,2.51427,1.49889,0.72527,0.870324,0.386811,0.797797,0.145054,0.120878,0.0483513,0,0,0,0,0
91401,91428,91414,14.7,170.248,-45.0739,129.723,-57.6733,386.214,9.71768,2.00187,122.685,0.183855,0.000824223,3.64413,2.17731,1.28347,0.664653,0.756329,0.4813,0.4813,0.160433,0.0458381,0.0229191,0,0,0,0,0
91429,91457,91443,14.6,170.252,-45.0736,131.837,-57.1469,385.374,8.70496,1.74264,116.11,0.199886,0.000746986,3.40266,2.12927,1.23164,0.501005,0.584506,0.292253,0.375754,0.0626256,0.0417504,0.0835008,0,0,0,0,0
91458,91486,91472,14.5,170.257,-45.0735,134.009,-57.0952,383.664,9.48371,1.8673,114.405,0.183804,0.000747302,3.96181,1.95011,1.21112,0.49266,0.862156,0.41055,0.390023,0.143693,0.0205275,0.041055,0,0,0,0,0
91487,91514,91500,14.4,170.262,-45.0736,136.184,-56.487,382.983,9.07099,1.58354,98.8871,0.18734,0.000616499,4.42541,1.82741,1.25497,0.418322,0.374288,0.330254,0.264204,0.0880678,0.022017,0.0660509,0,0,0,0,0
91515,91542,91528,14.3,170.266,-45.0736,138.415,-56.1067,381.884,9.54533,1.53999,79.2075,0.154301,0.000471402,4.40063,1.93458,1.33932,0.531477,0.637773,0.340145,0.297627,0.0212591,0.0425182,0,0,0,0,0,0
91543,91571,91557,14.2,170.271,-45.0737,140.652,-55.5859,381.039,9.46298,1.53423,84.3387,0.164915,0.000494328,4.19493,2.49745,1.0341,0.487783,0.546317,0.351204,0.273158,0.0390226,0,0.0390226,0,0,0,0,0
91572,91598,91585,14.1,170.275,-45.0738,142.825,-55.1352,380.164,9.42645,1.59437,87.363,0.164384,0.000551133,4.14098,2.20575,1.29015,0.416179,0.645077,0.270516,0.312134,0.0832358,0.0624268,0,0,0,0,0,0
91599,91625,91612,14,170.28,-45.074,144.977,-54.8708,379.007,8.71027,1.83418,130.89,0.214085,0.000718429,3.1826,2.26132,1.21441,0.355948,0.690959,0.418763,0.397825,0.125629,0.0209381,0,0.0418763,0,0,0,0
91627,91653,91640,13.9,170.284,-45.0742,147.388,-54.3792,378.07,9.54236,1.54864,79.5692,0.154141,0.000475943,4.16277,2.26284,1.11007,0.747165,0.576384,0.298866,0.277518,0.0853902,0.0213476,0,0,0,0,0,0
91655,91681,91668,13.8,170.289,-45.0745,149.727,-54.0796,376.887,9.59887,1.76214,118.71,0.2021,0.000666016,4.05843,2.50802,1.25401,0.524404,0.410403,0.364803,0.296402,0.0912007,0.0228002,0.0456003,0.0228002,0,0,0,0
91682,91709,91696,13.7,170.294,-45.0749,152.022,-53.7858,375.759,9.69393,1.7687,111.136,0.188505,0.000635511,4.14321,2.3987,1.01102,0.654192,0.674016,0.237888,0.436128,0.09912,0,0.019824,0.019824,0,0,0,0
91710,91737,91724,13.6,170.299,-45.0752,154.6,-53.9333,373.708,9.26909,1.50081,77.5684,0.155053,0.000473609,4.39062,2.01502,1.08175,0.360582,0.721165,0.27574,0.360582,0.0424215,0.0212107,0,0,0,0,0,0
