data/B2SAP/Locations/Lauder/NOAA-POPS-B2SAP_GMLBalloon_20210831_R0.ict
61,1001
Thornberry, T. D.
NOAA Chemical Sciences Laboratory
Portable Optical Particle Spectrometer (POPS)
Balloon Baseline Stratospheric Aerosol Profiles (B2SAP)
1,1
2021,08,31,2024,05,28
0
TIME_START,s,Seconds since midnight UTC on flight start day,Start time of 100 m altitude bin in UTC_seconds_since_midnight
28
1.0,1.0,1.0,1.0,1.0,1.0,1.0,1.0,1.0,1.0,1.0,1.0,1.0,1.0,1.0,1.0,1.0,1.0,1.0,1.0,1.0,1.0,1.0,1.0,1.0,1.0,1.0,1.0
99999,99999,99999,99999,99999,99999,99999,99999,99999,99999,99999,99999,99999,99999,99999,99999,99999,99999,99999,99999,99999,99999,99999,99999,99999,99999,99999,99999
TIME_STOP,s,End time of 100 m altitude bin in UTC seconds since midnight,
TIME_MID,s,Mid time of 100 m altitude in UTC seconds since midnight,
GPSAlt,m,GPS reported altitude above sea level (m),
GPS_Lon,deg,GPS reported longitude,
GPS_Lat,deg,GPS reported latitude,
iMet_Pressure,mb,Pressure reported (mB),
iMet_Temperature,degrees C,Ambient temperature (oC),
THETA,K,Potential temperature from iMet,
Aerosol_concentration,cm^-3,Aerosol concentration,
Surface_Area_Conc,um^2 cm^-3,Surface area concentration,
Volume_density,um^3 cm^-3,Volume density,
Effective_radius,um,Effective radius,
Extinction,km^-1,Extinction,
Bin01,cm^-3,particle concentration in size range [140 - 170 nm],
Bin02,cm^-3,particle concentration in size range [170 - 205 nm],
Bin03,cm^-3,particle concentration in size range [205 - 249 nm],
Bin04,cm^-3,particle concentration in size range [249 - 302 nm],
Bin05,cm^-3,particle concentration in size range [302 - 366 nm],
Bin06,cm^-3,particle concentration in size range [366 - 443 nm],
Bin07,cm^-3,particle concentration in size range [443 - 537 nm],
Bin08,cm^-3,particle concentration in size range [537 - 651 nm],
Bin09,cm^-3,particle concentration in size range [651 - 789 nm],
Bin10,cm^-3,particle concentration in size range [789 - 956 nm],
Bin11,cm^-3,particle concentration in size range [956 - 1159 nm],
Bin12,cm^-3,particle concentration in size range [1159 - 1404 nm],
Bin13,cm^-3,particle concentration in size range [1404 - 1702 nm],
Bin14,cm^-3,particle concentration in size range [1702 - 2062 nm],
Bin15,cm^-3,particle concentration in size range [2062 - 2500 nm],
0
19
PI_CONTACT_INFO: 325 Broadway R/CSL6, Boulder, CO 80305; troy.thornberry@noaa.gov; 303-497-3373 
PLATFORM: GML ECC/FPH balloon
LOCATION: Lauder, NZ
ASSOCIATED_DATA: N/A
INSTRUMENT_INFO: Printed Optical Particle Spectrometer counts particles from 140 - 2500 nm in diameter 
DATA_INFO: Particle concentrations reported in number per cubic centimeter, binned to 100 m altitude
UNCERTAINTY: Counting uncertainty dominated by air flow, less than 5 percent
ULOD_FLAG: -77777
ULOD_VALUE: 3000 ~3000 per cm3 (varies depending on flow rate- manufacturer quotes 1250  per cm3 at 1.667 cc/s)
LLOD_FLAG: -88888
LLOD_VALUE: 0 0 (varies depending on data field and measurement precision)
DM_CONTACT_INFO: Troy Thornberry, 325 Broadway R/CSL6, Boulder, CO 80305; troy.thornberry@noaa.gov; 303-497-3373
PROJECT_INFO: B2SAP Lauder, NZ
STIPULATIONS_ON_USE: Please contact the PIs for questions regarding applications and uncertainties
OTHER_COMMENTS: POPS bin Edges (nm):  140, 170, 205, 249, 302, 366, 443, 537, 651, 789, 956, 1159, 1404, 1702, 2062, 2500
Calculations assume sulfate refractive index of 1.45+0.00j and extinction wavelength = 532 nm
REVISION: R0
R0: QA/QC data
TIME_START,TIME_STOP,TIME_MID,GPSAlt,GPS_Lon,GPS_Lat,iMet_Pressure,iMet_Temperature,THETA,Aerosol_concentration,Surface_Area_Conc,Volume_density,Effective_radius,Extinction,Bin01,Bin02,Bin03,Bin04,Bin05,Bin06,Bin07,Bin08,Bin09,Bin10,Bin11,Bin12,Bin13,Bin14,Bin15
[from data line 85]
3246,3262,3254,8.9,169.673,-45.0909,311.154,-51.5859,309.287,13.5196,1.71901,82.0282,0.143155,0.000244626,5.61002,3.13353,3.38623,1.1119,0.151622,0.0505407,0.0505407,0,0,0,0,0.0252704,0,0,0
3263,3277,3270,9,169.674,-45.091,306.397,-52.4587,309.425,11.3556,1.43055,55.8985,0.117225,0.000218345,4.38084,3.08388,2.53628,0.922283,0.288213,0.0576427,0.0288213,0.0576427,0,0,0,0,0,0,0
3278,3294,3286,9.1,169.674,-45.0911,301.654,-53.2035,309.767,9.98413,1.24234,45.2563,0.109285,0.000145145,3.45507,2.66752,2.61671,0.965386,0.228644,0.0254049,0.0254049,0,0,0,0,0,0,0,0
3295,3312,3304,9.2,169.674,-45.0914,297.027,-53.9178,310.126,11.5116,1.4857,56.5231,0.114134,0.000202954,4.06857,2.60867,3.23092,1.34023,0.119664,0.0478655,0.0957309,0,0,0,0,0,0,0,0
3313,3329,3321,9.3,169.675,-45.0919,292.188,-54.4759,310.789,10.1381,1.35476,53.9674,0.119506,0.000214923,3.43881,2.62369,2.49632,1.19722,0.203781,0.076418,0.076418,0.0254727,0,0,0,0,0,0,0
3330,3346,3338,9.4,169.675,-45.0921,287.927,-55.1231,311.168,10.9995,1.42808,54.1654,0.113786,0.000191087,3.63933,2.44432,3.61217,0.896252,0.353069,0,0.0271592,0.0271592,0,0,0,0,0,0,0
3347,3363,3355,9.5,169.676,-45.0926,283.502,-55.8506,311.512,9.40967,1.09584,38.4337,0.105217,0.000114373,3.72517,2.66083,2.0561,0.79825,0.145136,0,0.0241894,0,0,0,0,0,0,0,0
3364,3377,3370,9.6,169.676,-45.0928,279.183,-56.57,311.847,10.2326,1.21971,43.2467,0.10637,0.000129948,4.2921,2.42597,2.14605,1.05747,0.311022,0,0,0,0,0,0,0,0,0,0
3378,3396,3387,9.7,169.677,-45.0929,274.446,-57.3978,312.174,8.44889,0.950766,34.9597,0.11031,0.000124582,3.83374,2.46629,1.61164,0.366281,0.097675,0.0244187,0,0.0488375,0,0,0,0,0,0,0
3397,3414,3406,9.8,169.678,-45.0933,270,-58.0918,312.621,8.8862,1.01771,37.237,0.109767,0.00012964,4.12114,2.3439,1.59694,0.618171,0.128786,0.0257571,0.0257571,0.0257571,0,0,0,0,0,0,0
3415,3429,3422,9.9,169.678,-45.0932,265.661,-58.7219,313.159,8.40208,0.980695,35.7097,0.109238,0.000122814,3.37731,2.71832,1.56509,0.521698,0.109831,0.0549155,0.0549155,0,0,0,0,0,0,0,0
3430,3447,3438,10,169.679,-45.0935,261.394,-59.5117,313.452,8.86469,1.04734,38.8137,0.111178,0.000139315,4.08951,2.22842,1.49377,0.734643,0.244881,0,0.0734643,0,0,0,0,0,0,0,0
3448,3464,3456,10.1,169.68,-45.0937,257.396,-60.2394,313.759,8.29669,0.945189,32.9818,0.104683,9.91089e-05,3.52816,2.26023,1.79165,0.551275,0.137819,0,0.0275638,0,0,0,0,0,0,0,0
3465,3481,3473,10.2,169.681,-45.094,253.251,-60.8572,314.3,10.0512,1.14507,40.9112,0.107184,0.000131198,4.54639,2.65411,1.8677,0.810977,0.0983002,0.0491501,0,0.0245751,0,0,0,0,0,0,0
3482,3495,3488,10.3,169.681,-45.0945,249.07,-61.4646,314.901,6.93991,0.736371,24.4947,0.0997921,6.55817e-05,3.3503,1.94864,1.19654,0.341867,0.0683735,0.0341867,0,0,0,0,0,0,0,0,0
3496,3512,3504,10.4,169.682,-45.0949,245.311,-61.8936,315.633,8.59687,0.998524,35.0443,0.105288,0.00010565,3.66163,2.26066,1.81489,0.509444,0.350243,0,0,0,0,0,0,0,0,0,0
3514,3526,3520,10.5,169.683,-45.0956,241.189,-62.5743,316.139,6.96193,0.827192,31.2944,0.113496,0.000116198,3.12968,1.56484,1.59677,0.542903,0.063871,0,0.0319355,0.0319355,0,0,0,0,0,0,0
3527,3541,3534,10.6,169.684,-45.0957,237.513,-63.122,316.7,6.67286,0.736181,25.3641,0.103361,7.52481e-05,3.14366,1.57183,1.51252,0.355886,0.0593143,0,0.0296572,0,0,0,0,0,0,0,0
3543,3558,3550,10.7,169.686,-45.0966,233.611,-63.89,317.044,7.98985,0.922681,32.9055,0.106989,0.000106261,3.24821,2.38949,1.71744,0.448029,0.112007,0.0373357,0.0373357,0,0,0,0,0,0,0,0
3559,3576,3568,10.8,169.688,-45.0966,229.747,-64.5363,317.577,8.18923,0.910549,31.3035,0.103136,9.19079e-05,3.55337,2.35323,1.74139,0.352984,0.164726,0,0.0235323,0,0,0,0,0,0,0,0
3577,3589,3583,10.9,169.689,-45.0969,226.19,-65.0069,318.273,9.58171,1.02629,34.4031,0.100565,9.40195e-05,4.65199,2.39543,2.01355,0.38188,0.0694327,0.0694327,0,0,0,0,0,0,0,0,0
3590,3606,3598,11,169.69,-45.0966,222.516,-65.515,318.981,10.0049,1.20041,44.8975,0.112206,0.000163629,4.53743,2.48009,1.71915,0.873668,0.310011,0,0.0845485,0,0,0,0,0,0,0,0
3608,3621,3614,11.1,169.692,-45.0967,218.828,-65.9193,319.889,10.7156,1.2459,43.262,0.10417,0.00012321,4.27981,2.83175,2.54214,0.868833,0.160895,0.032179,0,0,0,0,0,0,0,0,0
3623,3633,3628,11.2,169.693,-45.0971,215.301,-65.5292,321.986,11.2285,1.29648,45.781,0.105935,0.000141794,4.50643,3.30471,2.62875,0.488196,0.150214,0.150214,0,0,0,0,0,0,0,0,0
3634,3653,3644,11.3,169.695,-45.0978,211.839,-65.0641,324.201,14.7709,1.63708,57.8995,0.106103,0.000187198,6.96494,4.1264,2.57571,0.735918,0.262828,0.0525656,0.0262828,0.0262828,0,0,0,0,0,0,0
3654,3671,3662,11.4,169.699,-45.0986,208.123,-65.0694,325.832,17.1899,2.08933,83.5507,0.119967,0.000348722,7.30633,4.82918,3.67819,0.775672,0.350303,0.0500433,0.100087,0.075065,0.0250217,0,0,0,0,0,0
3672,3689,3680,11.5,169.701,-45.0989,204.755,-65.1588,327.215,18.5795,2.39303,118.223,0.148209,0.000410446,7.66272,5.51086,3.67391,0.970961,0.393633,0.183695,0.104969,0.0524844,0,0,0,0,0.0262422,0,0
3690,3704,3697,11.6,169.702,-45.0987,201.42,-65.0613,328.917,18.5131,2.16364,78.7838,0.109238,0.000269144,7.52372,5.53912,3.88034,1.03673,0.414693,0,0.0888628,0.0296209,0,0,0,0,0,0,0
3705,3719,3712,11.7,169.703,-45.0987,198.39,-63.8927,332.195,18.7621,2.21107,85.9387,0.116602,0.000337342,8.02064,5.52659,3.76942,1.02029,0.226732,0.0283415,0.0566829,0.0850244,0.0283415,0,0,0,0,0,0
3720,3735,3728,11.8,169.705,-45.0986,195.007,-63.526,334.413,18.395,2.27053,88.6744,0.117164,0.000348099,6.69832,6.01326,4.11033,0.888035,0.380586,0.152235,0.10149,0.0253724,0.0253724,0,0,0,0,0,0
3736,3754,3745,11.9,169.707,-45.0982,191.801,-62.7272,337.278,16.9997,2.16107,100.788,0.139913,0.000374721,6.97639,4.77,3.8034,1.00864,0.126079,0.0630397,0.168106,0.0630397,0,0,0,0.0210132,0,0,0
3755,3771,3763,12,169.71,-45.0976,188.519,-62.5575,339.229,19.416,2.35746,88.9094,0.113142,0.000326077,7.61595,5.75898,4.09005,1.26933,0.423108,0.141036,0.0705181,0.047012,0,0,0,0,0,0,0
3773,3789,3781,12.1,169.712,-45.0972,185.603,-61.8217,341.93,19.1153,2.44178,99.0413,0.121683,0.000424973,7.50358,5.28185,4.46442,1.00607,0.398235,0.230557,0.125758,0.104799,0,0,0,0,0,0,0
3790,3809,3800,12.2,169.715,-45.0971,182.826,-61.6156,343.737,17.3944,2.18574,87.4519,0.120031,0.000367629,6.8992,4.89216,3.84683,1.12896,0.3136,0.06272,0.167253,0.0836267,0,0,0,0,0,0,0
3809,3828,3818,12.3,169.718,-45.0969,179.567,-61.5185,345.664,18.2297,2.41584,101.554,0.12611,0.000455218,6.78927,4.85751,4.51993,1.25658,0.375098,0.168794,0.131284,0.112529,0.0187549,0,0,0,0,0,0
3829,3847,3838,12.4,169.722,-45.0969,176.734,-61.0916,347.949,18.7077,2.58102,125.556,0.145937,0.000542521,6.84573,5.44905,4.46546,1.00325,0.413105,0.216388,0.137702,0.137702,0.0196717,0,0,0.0196717,0,0,0
3849,3869,3859,12.5,169.726,-45.0973,173.786,-60.242,351.023,19.0403,2.44011,98.7811,0.121447,0.000421187,6.95595,5.76244,4.47568,1.04433,0.391622,0.167838,0.130541,0.111892,0,0,0,0,0,0,0
3870,3885,3878,12.6,169.729,-45.0977,171.155,-59.7841,353.31,20.6909,2.63408,106.767,0.121599,0.000450719,8.03192,5.91481,4.56161,1.2659,0.523821,0.174607,0.109129,0.0873035,0.0218259,0,0,0,0,0,0
3886,3901,3894,12.7,169.732,-45.0977,168.536,-59.8188,354.808,19.5383,2.50835,98.2511,0.117509,0.000384257,6.75169,5.52621,5.06377,1.54919,0.323711,0.138733,0.115611,0.0693666,0,0,0,0,0,0,0
3902,3921,3912,12.8,169.736,-45.0983,165.815,-59.725,356.63,20.3756,2.44776,89.0889,0.109188,0.000294343,7.45133,5.62086,5.67633,1.16485,0.314324,0.055469,0.055469,0.0369793,0,0,0,0,0,0,0
3922,3942,3932,12.9,169.74,-45.099,163.078,-59.842,358.13,22.0315,2.93652,123.395,0.126062,0.000562929,8.27107,5.82313,5.43369,1.44651,0.48217,0.166905,0.278175,0.129815,0,0,0,0,0,0,0
3942,3961,3952,13,169.744,-45.0995,160.479,-60.033,359.452,20.586,2.67695,109.169,0.122343,0.000471234,7.2536,6.17209,5.03463,1.28663,0.410229,0.111881,0.205115,0.111881,0,0,0,0,0,0,0
3963,3981,3972,13.1,169.749,-45.0997,157.959,-59.7025,361.638,18.3807,2.47234,112.46,0.136462,0.000441761,6.43045,5.241,4.51618,1.54257,0.241607,0.148681,0.185851,0.0557554,0,0,0.0185851,0,0,0,0
3982,4002,3992,13.2,169.754,-45.0997,155.434,-59.5845,363.52,20.0467,2.8718,149.023,0.155675,0.000611841,6.73154,5.97332,4.95619,1.44247,0.388358,0.166439,0.240412,0.0924662,0.0184932,0,0.0184932,0.0184932,0,0,0
4003,4022,4012,13.3,169.759,-45.1002,153.024,-59.0885,365.989,18.5566,2.53775,108.174,0.127878,0.000501354,6.85706,4.63914,4.62066,1.51558,0.369653,0.203309,0.240274,0.110896,0,0,0,0,0,0,0
4023,4045,4034,13.4,169.765,-45.101,150.66,-59.3636,367.144,17.7027,2.3812,96.9691,0.122168,0.000405567,5.53211,5.3477,4.45921,1.59258,0.402335,0.184404,0.0838198,0.100584,0,0,0,0,0,0,0
4046,4065,4056,13.5,169.771,-45.1018,148.256,-59.4032,368.766,17.0872,2.19204,87.9283,0.120337,0.000366119,5.89537,5.24033,4.28584,1.10421,0.224586,0.112293,0.131008,0.0935774,0,0,0,0,0,0,0
4066,4087,4076,13.6,169.777,-45.1022,145.937,-59.4648,370.333,16.0587,2.19493,95.9169,0.131098,0.000436539,5.46151,4.54609,4.1582,1.13264,0.341345,0.170672,0.155157,0.0620627,0.0155157,0.0155157,0,0,0,0,0
4088,4108,4098,13.7,169.783,-45.1028,143.502,-59.7545,371.61,17.269,2.36622,111.229,0.141021,0.000467232,5.62058,5.14812,4.78971,1.07524,0.244373,0.162915,0.0651661,0.114041,0.0325831,0,0.0162915,0,0,0,0
4109,4130,4120,13.8,169.789,-45.103,141.121,-59.8514,373.215,16.5306,2.19237,91.826,0.125653,0.000406445,5.95473,4.60561,4.09388,1.14753,0.325649,0.170578,0.155071,0.0465213,0.0310142,0,0,0,0,0,0
4130,4152,4141,13.9,169.796,-45.1031,138.892,-59.3855,375.738,13.4497,1.82612,74.9097,0.123064,0.000322018,4.53245,3.67616,3.39565,1.1368,0.369092,0.147637,0.162401,0.0295274,0,0,0,0,0,0,0
4153,4170,4162,14,169.802,-45.1032,136.788,-58.4968,378.955,16.5756,2.21446,92.1458,0.124833,0.000384123,5.40028,4.787,4.39518,1.29471,0.391819,0.085178,0.187392,0.0170356,0,0.0170356,0,0,0,0,0
4171,4193,4182,14.1,169.809,-45.1032,134.557,-58.5226,380.69,16.8021,2.09937,78.6873,0.112444,0.000275285,5.93261,4.60023,4.38985,1.33238,0.406727,0.0701254,0.0280502,0.0420753,0,0,0,0,0,0,0
4194,4215,4204,14.2,169.816,-45.1035,132.43,-58.0777,383.215,17.5871,2.41332,107.851,0.13407,0.000507415,5.68607,5.39222,4.64289,1.11664,0.323239,0.117541,0.16162,0.0881561,0.0440781,0.0146927,0,0,0,0,0
4216,4237,4226,14.3,169.823,-45.1034,130.341,-58.0368,385.04,17.673,2.25291,88.7265,0.118149,0.000348446,6.17454,4.9279,4.78123,1.24664,0.278661,0.102665,0.0879982,0.0586654,0.0146664,0,0,0,0,0,0
4238,4258,4248,14.4,169.83,-45.1034,128.349,-58.1933,386.457,17.6057,2.28549,91.8325,0.120542,0.000381444,5.91969,5.33692,4.46277,1.25755,0.306719,0.0920158,0.138024,0.0920158,0,0,0,0,0,0,0
4259,4280,4270,14.5,169.836,-45.1031,126.233,-58.652,387.464,16.7488,2.1257,86.1328,0.121559,0.000358859,6.31537,4.6877,4.13429,1.05799,0.244151,0.130214,0.0976604,0.0488302,0.0325535,0,0,0,0,0,0
4281,4295,4288,14.6,169.842,-45.1028,124.351,-59.0927,388.325,16.3661,2.1272,86.0226,0.121318,0.000360738,5.52004,4.76535,4.44191,1.14282,0.172501,0.107813,0.107813,0.107813,0,0,0,0,0,0,0
4297,4316,4306,14.7,169.848,-45.1019,122.236,-59.369,389.743,17.4811,2.17794,82.9054,0.114198,0.000302572,6.07972,4.904,4.88853,1.14478,0.278461,0.0464101,0.10829,0.01547,0.01547,0,0,0,0,0,0
4318,4333,4326,14.8,169.854,-45.1015,120.502,-59.1238,391.781,16.048,2.09304,83.2469,0.119319,0.000334332,5.2883,4.45438,4.5154,1.32208,0.203396,0.0813585,0.101698,0.0813585,0,0,0,0,0,0,0
4334,4352,4343,14.9,169.859,-45.1015,118.307,-59.4063,393.319,15.1621,1.86209,69.0169,0.111193,0.000240576,5.35843,4.37634,4.08343,0.895943,0.258445,0.0861484,0.103378,0,0,0,0,0,0,0,0
4353,4373,4363,15,169.865,-45.1018,116.53,-59.9838,393.958,16.4374,2.18022,98.0246,0.134882,0.000365622,5.42729,4.94521,4.40093,1.11967,0.248816,0.124408,0.0777549,0.0777549,0,0,0,0.015551,0,0,0
4374,4393,4384,15.1,169.872,-45.1021,114.666,-60.2375,395.313,15.6346,2.04628,82.4589,0.120891,0.000342972,5.22242,4.56962,4.0637,1.24033,0.261121,0.0652803,0.130561,0.0816004,0,0,0,0,0,0,0
4394,4415,4404,15.2,169.879,-45.1026,112.761,-58.9671,399.573,15.7748,2.09768,86.5909,0.123838,0.000375006,5.18071,4.62231,4.21902,1.13231,0.310222,0.0620445,0.170622,0.0620445,0.0155111,0,0,0,0,0,0
4416,4435,4426,15.3,169.887,-45.1028,111.025,-58.8881,401.494,13.9288,1.8845,78.4082,0.124821,0.000340406,4.7778,3.8129,3.28377,1.49404,0.264569,0.0933772,0.140066,0.0466886,0.0155629,0,0,0,0,0,0
4436,4456,4446,15.4,169.894,-45.1033,109.326,-57.8767,405.181,14.0403,1.99048,86.8903,0.130959,0.000388561,4.47505,3.50623,4.02909,1.29177,0.353698,0.199916,0.107647,0.0615128,0,0.0153782,0,0,0,0,0
4457,4477,4467,15.5,169.902,-45.1039,107.48,-57.93,407.049,12.8414,1.78572,78.9863,0.132697,0.000385284,4.43444,3.60298,3.27964,0.862252,0.277152,0.107782,0.153974,0.107782,0.0153974,0,0,0,0,0,0
4478,4500,4489,15.6,169.909,-45.1046,105.674,-58.6091,407.728,14.3184,1.96168,80.962,0.123815,0.000349781,4.46655,4.14145,3.73155,1.27212,0.381635,0.113077,0.155481,0.0565386,0,0,0,0,0,0,0
4501,4520,4510,15.7,169.917,-45.1053,104.07,-58.861,409.045,12.8064,1.74171,71.793,0.12366,0.000313074,4.0193,3.93793,3.1894,0.976347,0.374266,0.0976347,0.178997,0.0325449,0,0,0,0,0,0,0
4521,4541,4531,15.8,169.925,-45.1057,102.517,-59.0533,410.433,12.4805,1.7462,77.6429,0.133392,0.000355531,4.17562,3.41782,3.10851,1.12896,0.355701,0.108257,0.108257,0.0463957,0.0154652,0.0154652,0,0,0,0,0
4542,4561,4552,15.9,169.933,-45.1062,100.842,-59.1725,412.133,14.4726,1.98523,82.5724,0.12478,0.000363308,4.43806,4.04647,4.14436,1.289,0.22843,0.0489492,0.212113,0.0652656,0,0,0,0,0,0,0
4562,4583,4572,16,169.941,-45.1068,99.2842,-59.23,413.869,13.0646,1.79876,75.4668,0.125865,0.000327289,3.94337,3.65191,3.72049,1.20016,0.308612,0.0857255,0.0514353,0.0857255,0.0171451,0,0,0,0,0,0
4584,4601,4592,16.1,169.949,-45.1077,97.8112,-59.5488,415.019,12.3784,1.67773,69.355,0.124016,0.000301797,3.94341,3.60743,3.25376,1.09637,0.141468,0.141468,0.141468,0.0530504,0,0,0,0,0,0,0
4602,4619,4610,16.2,169.956,-45.1089,96.1037,-59.8111,416.593,12.2741,1.74196,77.8527,0.134078,0.000377152,4.10662,3.22118,3.20591,1.16023,0.24426,0.0915974,0.12213,0.0915974,0.0305325,0,0,0,0,0,0
4620,4640,4630,16.3,169.963,-45.1103,94.6076,-59.0657,419.934,10.6977,1.54913,67.6479,0.131005,0.000315424,3.12766,2.83703,3.0723,1.06562,0.33214,0.0691959,0.110713,0.0691959,0.0138392,0,0,0,0,0,0
4641,4660,4650,16.4,169.971,-45.1115,93.109,-58.7295,422.517,10.4561,1.44111,60.9425,0.126866,0.000270524,3.0677,3.12531,2.89488,0.993763,0.158426,0.0432071,0.100817,0.0576095,0.0144024,0,0,0,0,0,0
4661,4679,4670,16.5,169.978,-45.1124,91.6758,-58.9116,424.026,10.9876,1.45589,57.3943,0.118267,0.000224815,3.81514,2.85373,2.68586,1.11402,0.335733,0.0915634,0.0763029,0.0152606,0,0,0,0,0,0,0
4680,4699,4690,16.6,169.986,-45.113,90.2239,-59.5011,424.801,10.9704,1.59536,73.2636,0.137769,0.00036896,3.58709,2.99192,2.84715,0.868622,0.321712,0.128685,0.0965136,0.0965136,0.0321712,0,0,0,0,0,0
4700,4718,4709,16.7,169.994,-45.1135,88.856,-59.0973,427.465,10.6312,1.53537,67.1562,0.131218,0.000320429,3.51811,2.4992,3.05672,0.845884,0.384493,0.115348,0.134573,0.0768986,0,0,0,0,0,0,0
4720,4736,4728,16.8,170.003,-45.1143,87.1829,-58.7794,430.423,10.5885,1.50173,65.0707,0.129991,0.00030404,3.38763,2.60456,3.11526,0.987351,0.221303,0.0680932,0.10214,0.10214,0,0,0,0,0,0,0
4737,4757,4747,16.9,170.01,-45.1153,85.8671,-59.031,431.799,9.33089,1.31699,57.1056,0.130082,0.000270027,3.12406,2.49099,2.3396,0.853267,0.261485,0.0688119,0.123861,0.0688119,0,0,0,0,0,0,0
4758,4778,4768,17,170.019,-45.1161,84.5167,-59.1767,433.461,9.97241,1.36738,57.4557,0.126056,0.000252446,3.27822,2.60329,2.76858,0.867765,0.234159,0.0826442,0.0826442,0.0413221,0.013774,0,0,0,0,0,0
4779,4799,4789,17.1,170.028,-45.1168,83.1438,-59.459,434.913,9.27663,1.35543,63.1852,0.139849,0.00032605,3.20691,2.38109,2.35357,0.756995,0.289034,0.0688177,0.0963448,0.0963448,0.0275271,0,0,0,0,0,0
