data/B2SAP/Locations/Antarctica/NOAA-POPS-B2SAP_GMLBalloon_20231006_R0.ict
61,1001
Thornberry, T. D.
NOAA Chemical Sciences Laboratory
Portable Optical Particle Spectrometer (POPS)
Balloon Baseline Stratospheric Aerosol Profiles (B2SAP)
1,1
2023,10,06,2024,05,28
0
TIME_START,s,Seconds since midnight UTC on flight start day,Start time of 100 m altitude bin in UTC_seconds_since_midnight
28
1.0,1.0,1.0,1.0,1.0,1.0,1.0,1.0,1.0,1.0,1.0,1.0,1.0,1.0,1.0,1.0,1.0,1.0,1.0,1.0,1.0,1.0,1.0,1.0,1.0,1.0,1.0,1.0
99999,99999,99999,99999,99999,99999,99999,99999,99999,99999,99999,99999,99999,99999,99999,99999,99999,99999,99999,99999,99999,99999,99999,99999,99999,99999,99999,99999
TIME_STOP,s,End time of 100 m altitude bin in UTC seconds since midnight,
TIME_MID,s,Mid time of 100 m altitude in UTC seconds since midnight,
GPSAlt,m,GPS reported altitude above sea level (m),
GPS_Lon,deg,GPS reported longitude,
GPS_Lat,deg,GPS reported latitude,
iMet_Pressure,mb,Pressure reported (mB),
iMet_Temperature,degrees C,Ambient temperature (oC),
THETA,K,Potential temperature from iMet,
Aerosol_concentration,cm^-3,Aerosol concentration,
Surface_Area_Conc,um^2 cm^-3,Surface area concentration,
Volume_density,um^3 cm^-3,Volume density,
Effective_radius,um,Effective radius,
Extinction,km^-1,Extinction,
Bin01,cm^-3,particle concentration in size range [140 - 170 nm],
Bin02,cm^-3,particle concentration in size range [170 - 205 nm],
Bin03,cm^-3,particle concentration in size range [205 - 249 nm],
Bin04,cm^-3,particle concentration in size range [249 - 302 nm],
Bin05,cm^-3,particle concentration in size range [302 - 366 nm],
Bin06,cm^-3,particle concentration in size range [366 - 443 nm],
Bin07,cm^-3,particle concentration in size range [443 - 537 nm],
Bin08,cm^-3,particle concentration in size range [537 - 651 nm],
Bin09,cm^-3,particle concentration in size range [651 - 789 nm],
Bin10,cm^-3,particle concentration in size range [789 - 956 nm],
Bin11,cm^-3,particle concentration in size range [956 - 1159 nm],
Bin12,cm^-3,particle concentration in size range [1159 - 1404 nm],
Bin13,cm^-3,particle concentration in size range [1404 - 1702 nm],
Bin14,cm^-3,particle concentration in size range [1702 - 2062 nm],
Bin15,cm^-3,particle concentration in size range [2062 - 2500 nm],
0
19
PI_CONTACT_INFO: 325 Broadway R/CSL6, Boulder, CO 80305; troy.thornberry@noaa.gov; 303-497-3373 
PLATFORM: GML ECC/FPH balloon
LOCATION: Scott Base, Antarctica
ASSOCIATED_DATA: N/A
INSTRUMENT_INFO: Printed Optical Particle Spectrometer counts particles from 140 - 2500 nm in diameter 
DATA_INFO: Particle concentrations reported in number per cubic centimeter, binned to 100 m altitude
UNCERTAINTY: Counting uncertainty dominated by air flow, less than 5 percent
ULOD_FLAG: -77777
ULOD_VALUE: 3000 ~3000 per cm3 (varies depending on flow rate- manufacturer quotes 1250  per cm3 at 1.667 cc/s)
LLOD_FLAG: -88888
LLOD_VALUE: 0 0 (varies depending on data field and measurement precision)
DM_CONTACT_INFO: Troy Thornberry, 325 Broadway R/CSL6, Boulder, CO 80305; troy.thornberry@noaa.gov; 303-497-3373
PROJECT_INFO: B2SAP Scott Base, Antarctica
STIPULATIONS_ON_USE: Please contact the PIs for questions regarding applications and uncertainties
OTHER_COMMENTS: POPS bin Edges (nm):  140, 170, 205, 249, 302, 366, 443, 537, 651, 789, 956, 1159, 1404, 1702, 2062, 2500
Calculations assume sulfate refractive index of 1.45+0.00j and extinction wavelength = 532 nm
REVISION: R0
R0: QA/QC data
TIME_START,TIME_STOP,TIME_MID,GPSAlt,GPS_Lon,GPS_Lat,iMet_Pressure,iMet_Temperature,THETA,Aerosol_concentration,Surface_Area_Conc,Volume_density,Effective_radius,Extinction,Bin01,Bin02,Bin03,Bin04,Bin05,Bin06,Bin07,Bin08,Bin09,Bin10,Bin11,Bin12,Bin13,Bin14,Bin15
[from data line 241]
95589,95589,95589,24.3,170.567,-77.5888,19.58,-31.42,743.68,0,0,0,99999,0,0,0,0,0,0,0,0,0,0,0,0,0,0,0,0
95630,95631,95630,24.5,170.669,-77.5738,19.06,-31,750.724,0.163506,0.0114806,0.286058,0.07475,3.18678e-07,0.163506,0,0,0,0,0,0,0,0,0,0,0,0,0,0
95658,95670,95664,24.6,170.758,-77.5592,18.6083,-29.9267,759.238,0.219657,0.0154233,0.384296,0.07475,4.28119e-07,0.219657,0,0,0,0,0,0,0,0,0,0,0,0,0,0
95702,95715,95708,24.8,170.869,-77.5412,18.0525,-25.35,780.256,0.16507,0.0115905,0.288796,0.07475,3.21728e-07,0.16507,0,0,0,0,0,0,0,0,0,0,0,0,0,0
95821,95827,95824,25.3,171.175,-77.4911,16.7233,-23.0467,804.905,0.232529,0.0201959,0.567387,0.0842825,8.94621e-07,0.116264,0.116264,0,0,0,0,0,0,0,0,0,0,0,0,0
95829,95846,95838,25.4,171.223,-77.4836,16.5175,-22.3725,809.94,0.43482,0.030531,0.760731,0.07475,8.4748e-07,0.43482,0,0,0,0,0,0,0,0,0,0,0,0,0,0
95868,95869,95868,25.5,171.301,-77.4714,16.145,-21.87,816.864,0.179179,0.0125811,0.31348,0.07475,3.49227e-07,0.179179,0,0,0,0,0,0,0,0,0,0,0,0,0,0
95918,95920,95919,25.8,171.445,-77.4505,15.64,-19.84,830.974,0.178061,0.0125026,0.311524,0.07475,3.47048e-07,0.178061,0,0,0,0,0,0,0,0,0,0,0,0,0,0
95939,95950,95944,25.9,171.524,-77.44,15.4083,-18.0317,840.485,0.18201,0.0127799,0.318433,0.07475,3.54745e-07,0.18201,0,0,0,0,0,0,0,0,0,0,0,0,0,0
96016,96033,96024,26.3,171.79,-77.4022,14.495,-18.93,852.278,0.19,0.0133409,0.332411,0.07475,3.70317e-07,0.19,0,0,0,0,0,0,0,0,0,0,0,0,0,0
96065,96067,96066,26.5,171.93,-77.3803,14.035,-18.81,860.568,0.190248,0.0133584,0.332846,0.07475,3.70801e-07,0.190248,0,0,0,0,0,0,0,0,0,0,0,0,0,0
96356,96357,96356,26.6,172.878,-77.2083,13.73,-15.015,878.91,0.567366,0.367492,39.3926,0.321579,0.000320264,0,0,0.378244,0,0,0,0,0,0.189122,0,0,0,0,0,0
96446,96447,96446,26.1,173.173,-77.1599,14.705,-17.855,852.369,0.185504,0.303793,36.5565,0.361,0.000308352,0,0,0,0,0,0,0,0,0.185504,0,0,0,0,0,0
96494,96495,96494,25.8,173.323,-77.138,15.535,-16.845,842.421,0.178813,0.0125554,0.312839,0.07475,3.48513e-07,0.178813,0,0,0,0,0,0,0,0,0,0,0,0,0,0
96590,96591,96590,25.1,173.584,-77.0962,17.015,-22.295,803.348,0.344458,0.0241863,0.602641,0.07475,6.71362e-07,0.344458,0,0,0,0,0,0,0,0,0,0,0,0,0,0
96620,96621,96620,24.9,173.663,-77.0829,17.555,-23.35,792.86,0.16787,0.011787,0.293693,0.07475,3.27184e-07,0.16787,0,0,0,0,0,0,0,0,0,0,0,0,0,0
96657,96659,96658,24.7,173.755,-77.0667,18.245,-25.565,777.222,0.166918,0.429487,64.781,0.4525,0.000430538,0,0,0,0,0,0,0,0,0,0.166918,0,0,0,0,0
96738,96739,96738,24,173.951,-77.0348,20.185,-31.185,737.964,0.319624,0.0224425,0.559193,0.07475,6.2296e-07,0.319624,0,0,0,0,0,0,0,0,0,0,0,0,0,0
96748,96759,96754,23.9,173.986,-77.0305,20.514,-32.87,729.452,0.256111,0.0201135,0.536501,0.0800211,7.42259e-07,0.192083,0.0640277,0,0,0,0,0,0,0,0,0,0,0,0,0
96775,96776,96776,23.7,174.038,-77.0235,21.015,-33.665,722.039,0.314436,0.0220782,0.550116,0.07475,6.12847e-07,0.314436,0,0,0,0,0,0,0,0,0,0,0,0,0,0
96788,96795,96792,23.6,174.074,-77.0186,21.45,-34.285,715.969,0.157626,0.0163129,0.493465,0.09075,9.05666e-07,0,0.157626,0,0,0,0,0,0,0,0,0,0,0,0,0
96817,96828,96822,23.4,174.138,-77.0096,22.2283,-36.145,703.197,0.310119,0.023495,0.613947,0.0783927,8.00669e-07,0.258433,0.0516865,0,0,0,0,0,0,0,0,0,0,0,0,0
96832,96842,96837,23.3,174.168,-77.0052,22.595,-36.4675,698.963,0.153573,0.0133384,0.37473,0.0842825,5.90851e-07,0.0767867,0.0767867,0,0,0,0,0,0,0,0,0,0,0,0,0
96846,96851,96848,23.2,174.189,-77.002,22.805,-36.39,697.346,0.454812,0.0369795,1.00508,0.0815385,1.46203e-06,0.303208,0.151604,0,0,0,0,0,0,0,0,0,0,0,0,0
96858,96867,96862,23.1,174.217,-76.9977,23.22,-36.8225,692.497,0.455246,0.043567,1.41567,0.097482,3.66891e-06,0.379372,0,0,0.0758743,0,0,0,0,0,0,0,0,0,0,0
96872,96876,96874,23,174.243,-76.9939,23.5167,-37.12,689.119,0.398877,0.0280073,0.697848,0.07475,7.77426e-07,0.398877,0,0,0,0,0,0,0,0,0,0,0,0,0,0
96887,96895,96891,22.9,174.276,-76.9893,23.9533,-36.69,686.756,0.592376,0.0481645,1.30909,0.0815385,1.90424e-06,0.394917,0.197459,0,0,0,0,0,0,0,0,0,0,0,0,0
96899,96914,96906,22.8,174.307,-76.9851,24.3717,-37.23,681.809,0.245396,0.0188637,0.497111,0.0790582,6.64623e-07,0.196317,0.0490793,0,0,0,0,0,0,0,0,0,0,0,0,0
96916,96926,96921,22.7,174.334,-76.9816,24.745,-37.9625,676.746,0.508725,0.0417182,1.17084,0.0841962,1.98335e-06,0.43605,0,0.072675,0,0,0,0,0,0,0,0,0,0,0,0
96930,96941,96936,22.6,174.362,-76.9776,25.2,-39.4667,668.926,0.682666,0.0535806,1.4501,0.0811917,2.18115e-06,0.585143,0.0487619,0.0487619,0,0,0,0,0,0,0,0,0,0,0,0
96945,96962,96954,22.5,174.397,-76.9729,25.5567,-41.4867,660.489,0.677868,0.0548151,1.50678,0.082465,2.34964e-06,0.532611,0.0968383,0.0484191,0,0,0,0,0,0,0,0,0,0,0,0
96963,96979,96971,22.4,174.43,-76.969,26.0175,-42.1925,655.122,0.939705,0.0725726,1.93344,0.0799244,2.73643e-06,0.795135,0.108428,0.0361425,0,0,0,0,0,0,0,0,0,0,0,0
96980,96993,96986,22.3,174.46,-76.966,26.34,-42.554,651.796,0.810861,0.0607895,1.57861,0.0779053,2.02019e-06,0.695024,0.115837,0,0,0,0,0,0,0,0,0,0,0,0,0
97002,97011,97006,22.2,174.499,-76.9621,26.8275,-43.415,645.968,0.642821,0.0993007,5.66447,0.171131,4.11532e-05,0.428547,0.142849,0,0,0,0,0.0714246,0,0,0,0,0,0,0,0
97014,97027,97020,22.1,174.528,-76.9593,27.195,-43.965,641.925,1.06783,0.0773468,1.96652,0.076274,2.35151e-06,0.996639,0.0711885,0,0,0,0,0,0,0,0,0,0,0,0,0
97030,97045,97038,22,174.56,-76.956,27.665,-44.9775,635.968,0.91048,0.106656,3.83707,0.107928,1.28118e-05,0.420222,0.210111,0.210111,0,0.0700369,0,0,0,0,0,0,0,0,0,0
97047,97062,97054,21.9,174.589,-76.9529,28.055,-45.6933,631.442,0.844556,0.0624234,1.60718,0.0772392,2.00235e-06,0.750717,0.0938396,0,0,0,0,0,0,0,0,0,0,0,0,0
97066,97078,97072,21.8,174.623,-76.9497,28.58,-47.0467,624.367,1.20351,0.093747,2.48916,0.0796556,3.40015e-06,0.92578,0.277734,0,0,0,0,0,0,0,0,0,0,0,0,0
97080,97097,97088,21.7,174.653,-76.9468,29.02,-47.7275,619.777,1.18371,0.113548,4.46643,0.118005,2.23633e-05,1.00964,0.104445,0.034815,0,0,0,0.034815,0,0,0,0,0,0,0,0
97098,97113,97106,21.6,174.683,-76.9437,29.4567,-48.3811,615.348,1.04777,0.0878853,2.45429,0.0837783,3.93628e-06,0.708786,0.277351,0.0616336,0,0,0,0,0,0,0,0,0,0,0,0
97117,97134,97126,21.5,174.72,-76.9403,30,-48.9111,610.701,0.820221,0.0626465,1.64478,0.0787648,2.17532e-06,0.668329,0.151893,0,0,0,0,0,0,0,0,0,0,0,0,0
97135,97151,97143,21.4,174.748,-76.9373,30.495,-50.305,604.074,1.13632,0.0940341,2.70245,0.0862172,5.48117e-06,0.901222,0.176326,0.0391835,0,0.0195918,0,0,0,0,0,0,0,0,0,0
97152,97171,97162,21.3,174.778,-76.9336,30.9585,-50.9854,599.639,1.41568,0.125777,3.70176,0.0882933,7.09701e-06,0.957668,0.291464,0.124913,0.0416377,0,0,0,0,0,0,0,0,0,0,0
97173,97193,97183,21.2,174.81,-76.9294,31.5386,-51.765,594.376,1.24784,0.102259,2.82451,0.0828631,4.42758e-06,0.92148,0.249568,0.07679,0,0,0,0,0,0,0,0,0,0,0,0
97194,97212,97203,21.1,174.84,-76.9254,32.06,-52.7685,588.916,0.882617,0.0691315,1.85026,0.0802932,2.62382e-06,0.697883,0.164208,0.020526,0,0,0,0,0,0,0,0,0,0,0,0
97214,97234,97224,21,174.867,-76.9214,32.6227,-54.4836,581.435,1.17135,0.0988128,2.79038,0.0847172,4.68939e-06,0.854108,0.195225,0.122015,0,0,0,0,0,0,0,0,0,0,0,0
97237,97255,97246,20.9,174.897,-76.9174,33.1536,-55.2209,576.806,1.15394,0.0957758,2.66273,0.0834052,4.23733e-06,0.817372,0.264444,0.072121,0,0,0,0,0,0,0,0,0,0,0,0
97257,97276,97266,20.8,174.928,-76.9141,33.6777,-55.5269,573.421,1.0373,0.0891799,2.58484,0.0869538,4.84041e-06,0.752553,0.203393,0.0406785,0.0406785,0,0,0,0,0,0,0,0,0,0,0
97278,97296,97287,20.7,174.958,-76.9115,34.2733,-56.7383,567.381,0.899363,0.0925661,3.10989,0.100789,9.20525e-06,0.526456,0.219357,0.0877427,0.0219357,0.0438714,0,0,0,0,0,0,0,0,0,0
97297,97316,97306,20.6,174.983,-76.9095,34.7422,-57.0333,564.412,1.42336,0.129687,3.95828,0.0915652,9.09264e-06,0.987635,0.232385,0.174289,0,0.0290481,0,0,0,0,0,0,0,0,0,0
97318,97337,97328,20.5,175.013,-76.9068,35.4875,-57.0958,560.837,1.70262,0.135595,3.77071,0.0834258,6.86309e-06,1.40089,0.258626,0.0215522,0,0.0215522,0,0,0,0,0,0,0,0,0,0
97340,97356,97348,20.4,175.041,-76.9043,36.0867,-58.2467,555.189,1.33224,0.110648,3.07837,0.0834641,4.91173e-06,0.945461,0.300828,0.085951,0,0,0,0,0,0,0,0,0,0,0,0
97359,97378,97368,20.3,175.067,-76.9022,36.6582,-58.7864,551.314,1.74423,0.176826,6.19703,0.105138,2.15214e-05,1.06979,0.488384,0.0930255,0.0232564,0.0232564,0.0465128,0,0,0,0,0,0,0,0,0
97382,97399,97390,20.2,175.103,-76.9,37.3867,-59.8083,545.609,1.48449,0.121115,3.33497,0.082607,5.17823e-06,1.10277,0.296898,0.0848281,0,0,0,0,0,0,0,0,0,0,0,0
97404,97417,97410,20.1,175.132,-76.8985,37.924,-59.802,543.405,2.3112,0.181409,4.90347,0.0810899,7.32471e-06,1.95949,0.200974,0.15073,0,0,0,0,0,0,0,0,0,0,0,0
97425,97440,97432,20,175.161,-76.8971,38.5817,-60.6133,538.686,1.84755,0.172838,5.69147,0.0987886,1.74743e-05,1.2597,0.419898,0.12597,0,0,0.0419898,0,0,0,0,0,0,0,0,0
97442,97462,97452,19.9,175.188,-76.8957,39.1557,-60.5643,536.543,1.5376,0.133394,3.95461,0.088938,8.74211e-06,1.07274,0.393339,0.0357581,0,0.0357581,0,0,0,0,0,0,0,0,0,0
97466,97484,97475,19.8,175.219,-76.8942,39.8671,-61.72,530.887,2.13581,0.171993,4.71544,0.0822494,7.35987e-06,1.60186,0.498356,0,0.0355969,0,0,0,0,0,0,0,0,0,0,0
97485,97508,97496,19.7,175.249,-76.8927,40.6111,-61.9111,527.613,2.32667,0.185416,5.03423,0.0814532,7.51908e-06,1.8281,0.387779,0.110794,0,0,0,0,0,0,0,0,0,0,0,0
97513,97529,97521,19.6,175.276,-76.8912,41.28,-62.43,523.865,2.15186,0.176576,4.90631,0.0833575,7.96465e-06,1.5905,0.467795,0.0623727,0.0311864,0,0,0,0,0,0,0,0,0,0,0
97534,97556,97545,19.5,175.306,-76.8896,42.005,-63.535,518.535,2.25726,0.186036,5.16098,0.0832256,8.20514e-06,1.66159,0.438911,0.156754,0,0,0,0,0,0,0,0,0,0,0,0
97558,97578,97568,19.4,175.335,-76.8877,42.7486,-63.66,515.633,2.25748,0.183502,5.01826,0.0820412,7.55469e-06,1.61249,0.573329,0.0716661,0,0,0,0,0,0,0,0,0,0,0,0
97579,97601,97590,19.3,175.365,-76.886,43.4787,-64.2662,511.662,2.36491,0.208333,6.43675,0.0926895,1.65579e-05,1.7658,0.378385,0.189193,0,0,0.0315321,0,0,0,0,0,0,0,0,0
97602,97615,97608,19.2,175.39,-76.8847,44.156,-63.116,512.208,2.40294,0.202773,5.6831,0.0840805,9.20385e-06,1.60196,0.650795,0.150183,0,0,0,0,0,0,0,0,0,0,0,0
97616,97648,97632,19.1,175.413,-76.8837,44.8167,-62.4733,511.586,2.66178,0.228307,6.44846,0.0847341,1.06164e-05,1.66361,0.831807,0.166361,0,0,0,0,0,0,0,0,0,0,0,0
97649,97663,97656,19,175.438,-76.8829,45.56,-65.06,502.927,2.77909,0.227911,6.33708,0.0834151,1.03699e-05,2.02115,0.694771,0,0.063161,0,0,0,0,0,0,0,0,0,0,0
97664,97689,97676,18.9,175.465,-76.882,46.5125,-65.1075,499.852,2.38072,0.216339,6.69906,0.0928965,1.66042e-05,1.67293,0.514749,0.0643436,0.0643436,0.0643436,0,0,0,0,0,0,0,0,0,0
97702,97717,97710,18.8,175.496,-76.8805,47.53,-63.724,500.069,1.9962,0.1796,5.45332,0.0910911,1.27998e-05,1.27535,0.60995,0.05545,0,0.05545,0,0,0,0,0,0,0,0,0,0
97718,97738,97728,18.7,175.525,-76.8793,48.372,-63.776,497.447,2.98197,0.276556,8.45168,0.0916815,1.86121e-05,1.87753,0.745491,0.220886,0.110443,0.0276108,0,0,0,0,0,0,0,0,0,0
97739,97759,97749,18.6,175.551,-76.8784,49.1262,-65.47,491.243,2.47748,0.224282,6.70698,0.0897127,1.35477e-05,1.57024,0.697883,0.0697883,0.139577,0,0,0,0,0,0,0,0,0,0,0
97760,97779,97770,18.5,175.573,-76.8777,49.81,-65.6038,488.992,2.3744,0.20966,6.10683,0.087382,1.12322e-05,1.5713,0.523766,0.244424,0.0349177,0,0,0,0,0,0,0,0,0,0,0
97789,97811,97800,18.4,175.601,-76.8764,50.7992,-67.2954,482.29,2.88743,0.345491,13.3185,0.115648,5.35683e-05,1.47628,0.716431,0.34736,0.13026,0.17368,0.02171,0.02171,0,0,0,0,0,0,0,0
97820,97837,97828,18.3,175.627,-76.8746,51.763,-66.769,480.935,3.58669,0.373237,12.7041,0.102112,3.92087e-05,1.93345,1.0648,0.392294,0.028021,0.140105,0.028021,0,0,0,0,0,0,0,0,0
97838,97861,97850,18.2,175.651,-76.873,52.648,-67.069,477.914,3.16188,0.329217,12.5126,0.114021,5.16012e-05,2.06087,0.677547,0.197618,0.112924,0.0846933,0,0,0.0282311,0,0,0,0,0,0,0
97869,97888,97878,18.1,175.677,-76.8714,53.5688,-65.8225,478.429,3.39049,0.316541,9.48434,0.0898872,1.85322e-05,1.85253,1.08356,0.384488,0.0699069,0,0,0,0,0,0,0,0,0,0,0
97889,97908,97898,18,175.7,-76.8701,54.361,-66.826,474.122,2.98793,0.272256,8.24816,0.0908868,1.83872e-05,1.91679,0.732889,0.28188,0,0.056376,0,0,0,0,0,0,0,0,0,0
97909,97935,97922,17.9,175.728,-76.8691,55.3089,-67.6178,469.975,3.92533,0.404977,13.8789,0.102812,4.37898e-05,2.16678,1.06769,0.408235,0.251221,0,0,0.0314027,0,0,0,0,0,0,0,0
97936,97961,97948,17.8,175.756,-76.8681,56.3278,-67.4356,467.946,3.49048,0.34462,10.9597,0.0954068,2.68474e-05,1.82385,1.22638,0.22012,0.157229,0.0628915,0,0,0,0,0,0,0,0,0,0
97962,97986,97974,17.7,175.783,-76.8671,57.3689,-67.7667,464.755,3.85671,0.416475,14.9135,0.107427,5.28562e-05,2.0381,1.16015,0.344909,0.156777,0.125421,0,0.0313554,0,0,0,0,0,0,0,0
97987,98009,97998,17.6,175.804,-76.8663,58.335,-67.4813,463.183,3.85041,0.421604,14.3926,0.102413,4.16338e-05,1.90754,0.953771,0.671172,0.176624,0.141299,0,0,0,0,0,0,0,0,0,0
98010,98032,98021,17.5,175.824,-76.8653,59.34,-67.5837,460.699,3.94836,0.3958,12.7604,0.0967184,3.27785e-05,2.15045,1.09285,0.528799,0.0705065,0.10576,0,0,0,0,0,0,0,0,0,0
98033,98059,98046,17.4,175.848,-76.8643,60.361,-67.64,458.336,4.35095,0.528167,20.7999,0.118144,8.85908e-05,1.83644,1.35614,0.819334,0.141264,0.113012,0,0.0847587,0,0,0,0,0,0,0,0
98060,98086,98073,17.3,175.871,-76.8636,61.42,-67.6118,456.124,5.06647,0.577968,19.9627,0.103618,5.72503e-05,1.9803,1.64596,0.977289,0.360054,0.0771544,0.0257181,0,0,0,0,0,0,0,0,0
98087,98111,98099,17.2,175.896,-76.8626,62.549,-67.133,454.814,4.59989,0.464115,14.8033,0.0956873,3.48192e-05,2.42693,1.24169,0.649064,0.253981,0.0282202,0,0,0,0,0,0,0,0,0,0
98112,98141,98126,17.1,175.923,-76.8619,63.5792,-67.2683,452.401,4.88222,0.547384,19.7845,0.108431,6.88586e-05,2.55847,1.17361,0.680694,0.258194,0.164305,0.0234722,0.0234722,0,0,0,0,0,0,0,0
98142,98168,98155,17,175.951,-76.8615,64.6978,-67.8289,448.926,4.62101,0.498735,16.9765,0.102118,4.90934e-05,2.34173,1.34259,0.437122,0.343453,0.156115,0,0,0,0,0,0,0,0,0,0
98169,98196,98182,16.9,175.98,-76.861,65.854,-67.696,446.949,5.17514,0.543024,17.5927,0.0971931,4.27127e-05,2.22194,1.82818,0.843773,0.225006,0.0562515,0,0,0,0,0,0,0,0,0,0
98201,98223,98212,16.8,176.008,-76.8604,66.9167,-68.1456,443.936,5.08264,0.604224,22.2689,0.110566,7.72723e-05,2.29032,1.34909,0.847106,0.376492,0.125497,0.0941229,0,0,0,0,0,0,0,0,0
98224,98254,98239,16.7,176.033,-76.8596,68.1125,-68.6733,440.558,6.10514,0.782796,32.1671,0.123278,0.000142919,2.54577,1.83861,1.01359,0.330008,0.188576,0.11786,0.0471439,0.023572,0,0,0,0,0,0,0
98259,98281,98270,16.6,176.056,-76.8589,69.333,-68.486,438.729,6.07449,0.743816,27.6585,0.111554,9.75792e-05,2.356,1.78829,1.22058,0.425782,0.227084,0.0283855,0.0283855,0,0,0,0,0,0,0,0
98282,98302,98292,16.5,176.074,-76.8587,70.3337,-68.525,436.853,6.11633,0.797487,32.0545,0.120583,0.000132386,2.20472,1.88468,1.2446,0.39116,0.28448,0.0711201,0,0.03556,0,0,0,0,0,0,0
98303,98333,98318,16.4,176.096,-76.8584,71.63,-68.72,434.167,5.6331,0.753739,30.4274,0.121106,0.000127226,2.06819,1.60557,1.19737,0.326556,0.244917,0.163278,0.027213,0,0,0,0,0,0,0,0
98340,98356,98348,16.3,176.123,-76.8581,73.0483,-68.85,431.465,5.7579,0.764013,30.1699,0.118466,0.000120481,1.95452,1.53192,1.58474,0.316949,0.264124,0.0528248,0.0528248,0,0,0,0,0,0,0,0
98362,98386,98374,16.2,176.147,-76.8576,74.2229,-68.9514,429.291,6.21628,0.981929,44.0373,0.134543,0.000215904,1.81497,1.86035,0.998234,0.771363,0.453743,0.226871,0.0907486,0,0,0,0,0,0,0,0
98394,98411,98402,16.1,176.172,-76.8575,75.565,-69.4083,426.144,6.28574,0.972384,41.961,0.129458,0.00019003,1.6762,1.46667,1.62382,1.04762,0.261906,0.104762,0.104762,0,0,0,0,0,0,0,0
98413,98440,98426,16,176.196,-76.8578,76.76,-69.9322,423.149,5.07911,0.857301,38.8716,0.136026,0.000190056,1.26978,1.30505,0.952334,0.775975,0.564346,0.141086,0.0705432,0,0,0,0,0,0,0,0
98449,98473,98461,15.9,176.223,-76.858,78.147,-70.412,419.993,7.2021,1.29056,66.8277,0.155345,0.000390257,1.9758,1.84833,1.56152,0.82856,0.446148,0.254942,0.223074,0.0318677,0.0318677,0,0,0,0,0,0
