data/B2SAP/Locations/Antarctica/NOAA-POPS-B2SAP_GMLBalloon_20231006_R0.ict
61,1001
Thornberry, T. D.
NOAA Chemical Sciences Laboratory
Portable Optical Particle Spectrometer (POPS)
Balloon Baseline Stratospheric Aerosol Profiles (B2SAP)
1,1
2023,10,06,2024,05,28
0
TIME_START,s,Seconds since midnight UTC on flight start day,Start time of 100 m altitude bin in UTC_seconds_since_midnight
28
1.0,1.0,1.0,1.0,1.0,1.0,1.0,1.0,1.0,1.0,1.0,1.0,1.0,1.0,1.0,1.0,1.0,1.0,1.0,1.0,1.0,1.0,1.0,1.0,1.0,1.0,1.0,1.0
99999,99999,99999,99999,99999,99999,99999,99999,99999,99999,99999,99999,99999,99999,99999,99999,99999,99999,99999,99999,99999,99999,99999,99999,99999,99999,99999,99999
TIME_STOP,s,End time of 100 m altitude bin in UTC seconds since midnight,
TIME_MID,s,Mid time of 100 m altitude in UTC seconds since midnight,
GPSAlt,m,GPS reported altitude above sea level (m),
GPS_Lon,deg,GPS reported longitude,
GPS_Lat,deg,GPS reported latitude,
iMet_Pressure,mb,Pressure reported (mB),
iMet_Temperature,degrees C,Ambient temperature (oC),
THETA,K,Potential temperature from iMet,
Aerosol_concentration,cm^-3,Aerosol concentration,
Surface_Area_Conc,um^2 cm^-3,Surface area concentration,
Volume_density,um^3 cm^-3,Volume density,
Effective_radius,um,Effective radius,
Extinction,km^-1,Extinction,
Bin01,cm^-3,particle concentration in size range [140 - 170 nm],
Bin02,cm^-3,particle concentration in size range [170 - 205 nm],
Bin03,cm^-3,particle concentration in size range [205 - 249 nm],
Bin04,cm^-3,particle concentration in size range [249 - 302 nm],
Bin05,cm^-3,particle concentration in size range [302 - 366 nm],
Bin06,cm^-3,particle concentration in size range [366 - 443 nm],
Bin07,cm^-3,particle concentration in size range [443 - 537 nm],
Bin08,cm^-3,particle concentration in size range [537 - 651 nm],
Bin09,cm^-3,particle concentration in size range [651 - 789 nm],
Bin10,cm^-3,particle concentration in size range [789 - 956 nm],
Bin11,cm^-3,particle concentration in size range [956 - 1159 nm],
Bin12,cm^-3,particle concentration in size range [1159 - 1404 nm],
Bin13,cm^-3,particle concentration in size range [1404 - 1702 nm],
Bin14,cm^-3,particle concentration in size range [1702 - 2062 nm],
Bin15,cm^-3,particle concentration in size range [2062 - 2500 nm],
0
19
PI_CONTACT_INFO: 325 Broadway R/CSL6, Boulder, CO 80305; troy.thornberry@noaa.gov; 303-497-3373 
PLATFORM: GML ECC/FPH balloon
LOCATION: Scott Base, Antarctica
ASSOCIATED_DATA: N/A
INSTRUMENT_INFO: Printed Optical Particle Spectrometer counts particles from 140 - 2500 nm in diameter 
DATA_INFO: Particle concentrations reported in number per cubic centimeter, binned to 100 m altitude
UNCERTAINTY: Counting uncertainty dominated by air flow, less than 5 percent
ULOD_FLAG: -77777
ULOD_VALUE: 3000 ~3000 per cm3 (varies depending on flow rate- manufacturer quotes 1250  per cm3 at 1.667 cc/s)
LLOD_FLAG: -88888
LLOD_VALUE: 0 0 (varies depending on data field and measurement precision)
DM_CONTACT_INFO: Troy Thornberry, 325 Broadway R/CSL6, Boulder, CO 80305; troy.thornberry@noaa.gov; 303-497-3373
PROJECT_INFO: B2SAP Scott Base, Antarctica
STIPULATIONS_ON_USE: Please contact the PIs for questions regarding applications and uncertainties
OTHER_COMMENTS: POPS bin Edges (nm):  140, 170, 205, 249, 302, 366, 443, 537, 651, 789, 956, 1159, 1404, 1702, 2062, 2500
Calculations assume sulfate refractive index of 1.45+0.00j and extinction wavelength = 532 nm
REVISION: R0
R0: QA/QC data
TIME_START,TIME_STOP,TIME_MID,GPSAlt,GPS_Lon,GPS_Lat,iMet_Pressure,iMet_Temperature,THETA,Aerosol_concentration,Surface_Area_Conc,Volume_density,Effective_radius,Extinction,Bin01,Bin02,Bin03,Bin04,Bin05,Bin06,Bin07,Bin08,Bin09,Bin10,Bin11,Bin12,Bin13,Bin14,Bin15
[from data line 151]
93451,93474,93462,15.2,167.539,-77.822,88.4611,-70.7389,404.727,6.68296,2.58703,201.753,0.233959,0.00149056,1.04473,0.779403,0.895484,0.762819,1.09448,0.646738,0.978399,0.281912,0.182413,0,0.016583,0,0,0,0
93476,93500,93488,15.3,167.557,-77.8219,86.9765,-70.8952,406.374,7.13145,2.70928,208.666,0.231057,0.00153841,1.04836,0.970706,0.931878,0.841279,1.04836,0.80245,1.02248,0.297683,0.129427,0.0258855,0.0129427,0,0,0,0
93501,93526,93514,15.4,167.575,-77.8215,85.4337,-71.4858,407.265,6.87139,2.61855,216.054,0.247527,0.00150065,1.08744,1.07168,0.961364,0.772243,0.961364,0.614643,0.898324,0.315201,0.11032,0.0472802,0.0315201,0,0,0,0
93527,93552,93540,15.5,167.594,-77.8211,83.9952,-71.6138,408.986,7.64614,2.52745,179.251,0.212765,0.0013353,1.38372,1.14122,0.984298,0.970033,1.19828,0.684729,0.855911,0.342365,0.0570608,0.0285304,0,0,0,0,0
93553,93578,93566,15.6,167.613,-77.821,82.5729,-71.9025,410.398,6.11986,2.02116,153.118,0.227273,0.00102092,1.02205,1.04698,0.909877,0.772772,0.810164,0.548419,0.747844,0.199425,0.0249281,0.0124641,0.0124641,0.0124641,0,0,0
93580,93606,93593,15.7,167.634,-77.8211,81.155,-71.9822,412.271,6.65198,2.04314,137.507,0.201906,0.0010215,1.20036,1.10033,1.0003,0.783566,1.01697,0.450134,0.883596,0.150045,0.0666865,0,0,0,0,0,0
93607,93636,93622,15.8,167.657,-77.8212,79.7335,-71.4708,415.412,5.97083,1.8389,123.456,0.201407,0.000897613,0.931864,0.943369,0.966378,0.770801,1.0124,0.517702,0.552216,0.241594,0.023009,0.0115045,0,0,0,0,0
93637,93665,93651,15.9,167.68,-77.8212,78.4168,-71.2672,417.814,6.21103,1.67034,108.664,0.195165,0.000773814,1.32837,1.14886,1.07706,0.75394,0.801809,0.335085,0.550496,0.17951,0.0239346,0.0119673,0,0,0,0,0
93666,93692,93679,16,167.705,-77.8214,77.0473,-70.9055,420.676,7.34494,1.52003,80.8624,0.159593,0.000493094,1.56908,1.60966,1.62319,0.933334,0.838648,0.378744,0.351691,0.0405798,0,0,0,0,0,0,0
93693,93720,93706,16.1,167.729,-77.8214,75.6896,-70.4717,423.724,7.65039,1.49994,76.1063,0.152218,0.000436699,1.5016,1.86405,1.6181,1.20387,0.841413,0.310676,0.284786,0.0258896,0,0,0,0,0,0,0
93723,93745,93734,16.2,167.751,-77.8213,74.3345,-70.3755,426.119,7.22491,1.32293,65.4858,0.148502,0.000361305,1.84719,1.74292,1.40029,0.938494,0.744836,0.372418,0.163864,0,0.0148967,0,0,0,0,0,0
93746,93768,93757,16.3,167.769,-77.8216,73.1123,-70.0582,428.812,7.38865,1.30783,62.4278,0.143202,0.000332954,1.69267,1.86731,1.71954,1.00754,0.61796,0.268678,0.214943,0,0,0,0,0,0,0,0
93769,93794,93782,16.4,167.788,-77.8217,71.9267,-70.329,430.245,7.4416,1.30036,64.0794,0.147835,0.000358084,2.19924,1.82844,1.36813,0.958969,0.549809,0.30687,0.179008,0.051145,0,0,0,0,0,0,0
93795,93818,93806,16.5,167.809,-77.8217,70.5667,-70.8224,431.546,6.84881,1.12842,51.573,0.137111,0.000259601,1.78274,1.88535,1.42363,0.820831,0.602798,0.192382,0.14108,0,0,0,0,0,0,0,0
93820,93841,93830,16.6,167.827,-77.8215,69.4519,-70.7525,433.663,7.26226,1.17658,53.8422,0.137285,0.00027198,2.05092,1.89962,1.54659,0.84054,0.588378,0.184919,0.134486,0.0168108,0,0,0,0,0,0,0
93843,93866,93854,16.7,167.847,-77.8213,68.2373,-70.6,436.184,7.05052,1.11237,49.5243,0.133564,0.000240055,2.0895,1.79623,1.46631,0.830911,0.586525,0.158851,0.122193,0,0,0,0,0,0,0,0
93867,93892,93880,16.8,167.867,-77.821,67.105,-70.6215,438.227,6.85721,1.0264,44.0361,0.12871,0.000200823,2.0975,1.81514,1.55968,0.578157,0.618493,0.12101,0.053782,0.0134455,0,0,0,0,0,0,0
93893,93916,93904,16.9,167.889,-77.8207,65.9667,-70.8086,439.968,6.21722,0.876598,36.5298,0.125017,0.00016074,2.07668,1.73057,1.26908,0.679408,0.294837,0.0769141,0.0897331,0,0,0,0,0,0,0,0
93917,93942,93930,17,167.912,-77.8206,64.9119,-70.631,442.387,6.57691,0.984469,42.9906,0.131006,0.000203866,1.99611,1.99611,1.22837,0.665368,0.46064,0.127955,0.0895688,0.0127955,0,0,0,0,0,0,0
93944,93967,93956,17.1,167.938,-77.8206,63.6963,-70.4179,445.25,6.22958,0.856066,34.8686,0.122194,0.000145922,1.90701,2.04827,1.28547,0.536789,0.296647,0.113008,0.0282521,0.014126,0,0,0,0,0,0,0
93968,93990,93979,17.2,167.962,-77.8201,62.6478,-70.5191,447.144,6.21557,0.82752,32.7388,0.118688,0.000130311,1.97821,2.01333,1.32271,0.538449,0.222403,0.0936432,0.0468216,0,0,0,0,0,0,0,0
93991,94015,94003,17.3,167.988,-77.8189,61.6004,-70.237,449.93,6.23831,0.782731,28.9785,0.111067,9.78933e-05,2.15717,1.93563,1.25932,0.618001,0.221548,0.0349812,0.0116604,0,0,0,0,0,0,0,0
94017,94037,94027,17.4,168.012,-77.8178,60.5667,-69.9493,452.75,5.99882,0.825182,34.5332,0.125548,0.000155678,2.16674,1.82651,1.09232,0.429766,0.250697,0.161162,0.0716277,0,0,0,0,0,0,0,0
94042,94066,94054,17.5,168.041,-77.8166,59.4159,-69.7418,455.705,5.83694,0.735459,28.8057,0.117501,0.000116762,2.22435,1.89306,0.993857,0.425939,0.205082,0.0157755,0.0788776,0,0,0,0,0,0,0,0
94067,94089,94078,17.6,168.066,-77.8155,58.4565,-69.1505,459.159,5.67825,0.619013,21.432,0.103869,6.62026e-05,2.65251,1.78611,0.893057,0.146621,0.133292,0.0666461,0,0,0,0,0,0,0,0,0
94091,94116,94104,17.7,168.096,-77.8144,57.3937,-68.7047,462.581,5.45619,0.617523,23.225,0.11283,8.8544e-05,2.63017,1.44099,1.02129,0.265815,0.0279805,0.0139902,0.0279805,0.0279805,0,0,0,0,0,0,0
94117,94141,94129,17.8,168.124,-77.8134,56.4278,-68.6256,465.011,5.11385,0.577248,21.7738,0.11316,8.54917e-05,2.61605,1.52233,0.532077,0.177359,0.206919,0.0147799,0.0295598,0.0147799,0,0,0,0,0,0,0
94142,94166,94154,17.9,168.152,-77.8126,55.4921,-68.3408,467.889,4.30992,0.48613,17.5127,0.108074,6.01134e-05,2.0555,1.29298,0.585707,0.176817,0.143664,0.0442043,0.0110511,0,0,0,0,0,0,0,0
94167,94192,94180,18,168.18,-77.8116,54.5095,-68.0927,470.851,4.32808,0.458071,16.3276,0.106933,5.79722e-05,2.39913,1.18148,0.482238,0.132615,0.0723356,0.0241119,0.0361678,0,0,0,0,0,0,0,0
94193,94217,94205,18.1,168.208,-77.8106,53.6511,-67.7563,473.769,4.24366,0.416004,13.4501,0.096995,3.60979e-05,2.40706,1.2244,0.403495,0.15305,0.0417409,0,0.0139136,0,0,0,0,0,0,0,0
94218,94240,94229,18.2,168.237,-77.8092,52.7217,-67.9633,475.66,4.30747,0.454613,16.3105,0.107634,5.7823e-05,2.38976,1.22438,0.427797,0.118013,0.0885097,0.0442549,0,0.0147516,0,0,0,0,0,0,0
94242,94262,94252,18.3,168.263,-77.8076,51.8253,-67.8159,478.34,3.88667,0.424979,15.8284,0.111735,6.20604e-05,2.10723,1.13946,0.405837,0.0780455,0.0468273,0.0780455,0.0312182,0,0,0,0,0,0,0,0
94263,94285,94274,18.4,168.287,-77.806,50.9789,-67.6928,480.884,3.94904,0.428557,14.7709,0.1034,4.5011e-05,1.87137,1.31144,0.442057,0.176823,0.117882,0.0294705,0,0,0,0,0,0,0,0,0
94286,94305,94296,18.5,168.313,-77.8048,50.0625,-67.5413,483.738,3.62455,0.383174,12.8118,0.100308,3.56097e-05,1.8371,1.04268,0.463413,0.165504,0.115853,0,0,0,0,0,0,0,0,0,0
94307,94330,94318,18.6,168.34,-77.8038,49.2267,-66.8019,487.82,3.80249,0.374174,11.886,0.0952979,2.89061e-05,2.16565,0.99469,0.440685,0.138501,0.0629551,0,0,0,0,0,0,0,0,0,0
94331,94353,94342,18.7,168.37,-77.8024,48.3765,-66.2429,491.583,2.97933,0.277736,8.53039,0.0921421,1.93753e-05,1.83104,0.791384,0.248277,0.0620693,0.046552,0,0,0,0,0,0,0,0,0,0
94354,94378,94366,18.8,168.4,-77.8008,47.5121,-65.9653,494.785,3.00537,0.262561,7.56271,0.0864109,1.34046e-05,1.91492,0.83778,0.212769,0.0398943,0,0,0,0,0,0,0,0,0,0,0
94379,94402,94390,18.9,168.43,-77.7986,46.6868,-65.3679,498.701,2.82548,0.256476,7.72562,0.0903667,1.64292e-05,1.85854,0.640443,0.226039,0.0753462,0.0251154,0,0,0,0,0,0,0,0,0,0
94403,94425,94414,19,168.452,-77.7968,46.0183,-65.1683,501.241,2.66473,0.241898,7.43825,0.0922487,1.80362e-05,1.72739,0.723092,0.147296,0.0133906,0.0401718,0.0133906,0,0,0,0,0,0,0,0,0
94427,94447,94437,19.1,168.481,-77.7948,45.2437,-64.8984,504.332,2.54546,0.230719,6.95472,0.090431,1.49165e-05,1.66771,0.614421,0.16301,0.0752352,0.0250784,0,0,0,0,0,0,0,0,0,0
94449,94470,94460,19.2,168.509,-77.7929,44.4695,-64.6205,507.501,2.49245,0.221099,6.53185,0.0886278,1.3005e-05,1.67833,0.563618,0.175348,0.0626243,0.0125249,0,0,0,0,0,0,0,0,0,0
94472,94494,94483,19.3,168.54,-77.7911,43.7406,-63.9494,511.545,2.38757,0.207309,6.00622,0.0869168,1.12931e-05,1.59611,0.606787,0.145101,0.026382,0.013191,0,0,0,0,0,0,0,0,0,0
94495,94517,94506,19.4,168.569,-77.7895,43.0382,-63.3668,515.348,2.09587,0.191317,5.9223,0.0928662,1.44298e-05,1.41875,0.472915,0.118229,0.0537404,0.0214962,0.0107481,0,0,0,0,0,0,0,0,0
94518,94539,94528,19.5,168.597,-77.7882,42.32,-62.8794,519.034,2.69151,0.241284,7.36573,0.0915815,1.73579e-05,1.8775,0.551432,0.183811,0.039388,0.0262587,0.0131293,0,0,0,0,0,0,0,0,0
94540,94560,94550,19.6,168.627,-77.7866,41.6347,-62.73,521.831,2.20649,0.203383,6.19517,0.0913818,1.36898e-05,1.38773,0.56897,0.166528,0.0555092,0.0277546,0,0,0,0,0,0,0,0,0,0
94561,94580,94570,19.7,168.656,-77.785,40.8586,-62.9464,524.105,2.12411,0.190742,6.03528,0.0949234,1.73441e-05,1.38236,0.60689,0.118006,0,0,0,0.016858,0,0,0,0,0,0,0,0
94582,94603,94592,19.8,168.682,-77.7836,40.2023,-62.6123,527.372,2.28796,0.196079,5.66223,0.0866317,1.0471e-05,1.64346,0.483371,0.075191,0.0859326,0,0,0,0,0,0,0,0,0,0,0
94604,94628,94616,19.9,168.712,-77.782,39.5233,-61.765,532.08,2.09587,0.173808,4.87131,0.084081,8.12106e-06,1.56214,0.390534,0.11716,0.0260356,0,0,0,0,0,0,0,0,0,0,0
94629,94651,94640,20,168.746,-77.7804,38.8244,-61.0767,536.538,2.10438,0.178049,5.28866,0.0891102,1.23131e-05,1.59463,0.431333,0.0392121,0,0.0261414,0.0130707,0,0,0,0,0,0,0,0,0
94652,94676,94664,20.1,168.775,-77.779,38.1875,-61.0325,539.193,1.89851,0.163666,4.89504,0.089726,1.11947e-05,1.41802,0.351575,0.0820343,0.0234384,0.0117192,0.0117192,0,0,0,0,0,0,0,0,0
94677,94700,94688,20.2,168.808,-77.7773,37.5889,-60.5356,542.901,1.81784,0.148506,4.14508,0.0837354,7.17615e-06,1.37636,0.363568,0.0649228,0,0.0129846,0,0,0,0,0,0,0,0,0,0
94701,94723,94712,20.3,168.84,-77.7753,36.985,-60.4433,545.657,1.81622,0.146656,4.02383,0.0823118,6.24993e-06,1.38503,0.352791,0.0653317,0.0130663,0,0,0,0,0,0,0,0,0,0,0
94725,94748,94736,20.4,168.873,-77.7723,36.3095,-60.0848,549.462,1.66907,0.139892,3.98877,0.0855396,7.3639e-06,1.22925,0.349603,0.0563875,0.022555,0.0112775,0,0,0,0,0,0,0,0,0,0
94749,94771,94760,20.5,168.906,-77.7694,35.7074,-59.6326,553.266,1.77787,0.144229,4.06837,0.0846231,7.73687e-06,1.42482,0.290007,0.037827,0,0.025218,0,0,0,0,0,0,0,0,0,0
94772,94792,94782,20.6,168.938,-77.7664,35.1256,-58.8525,557.899,1.51957,0.14416,4.9056,0.102086,1.67848e-05,1.11335,0.225679,0.105317,0.0451359,0.0150453,0,0.0150453,0,0,0,0,0,0,0,0
94793,94814,94804,20.7,168.964,-77.7641,34.6447,-58.2571,561.658,1.36649,0.113878,3.36194,0.0885667,7.74459e-06,1.06757,0.241982,0.0427027,0,0,0.0142342,0,0,0,0,0,0,0,0,0
94815,94838,94826,20.8,169.002,-77.761,33.948,-57.6325,566.568,1.54771,0.124081,3.3961,0.0821101,5.26653e-06,1.21867,0.25592,0.0609334,0.0121867,0,0,0,0,0,0,0,0,0,0,0
94840,94859,94850,20.9,169.039,-77.7575,33.3443,-57.6371,569.468,1.28683,0.104996,2.87447,0.0821308,4.32774e-06,0.899016,0.352555,0.0352555,0,0,0,0,0,0,0,0,0,0,0,0
94860,94880,94870,21,169.068,-77.7542,32.9022,-57.0106,573.307,1.30782,0.0982424,2.55425,0.0779985,3.28072e-06,1.11509,0.192731,0,0,0,0,0,0,0,0,0,0,0,0,0
94883,94902,94892,21.1,169.105,-77.7499,32.2961,-55.3778,580.715,1.28265,0.111407,3.23446,0.0870982,5.99062e-06,0.924057,0.206878,0.124127,0.0275838,0,0,0,0,0,0,0,0,0,0,0
94903,94924,94914,21.2,169.138,-77.7463,31.8306,-54.3435,585.897,1.18962,0.0933403,2.52156,0.081044,3.78234e-06,0.969317,0.190926,0.0146866,0.0146866,0,0,0,0,0,0,0,0,0,0,0
94925,94944,94934,21.3,169.177,-77.7423,31.304,-53.474,591.038,1.02524,0.0908762,2.71275,0.0895531,5.84551e-06,0.722708,0.184879,0.100843,0,0.0168072,0,0,0,0,0,0,0,0,0,0
94947,94966,94956,21.4,169.216,-77.7385,30.785,-52.9044,595.406,1.14654,0.0997449,3.06878,0.0922988,7.91218e-06,0.879534,0.172766,0.0785298,0,0,0.015706,0,0,0,0,0,0,0,0,0
94967,94987,94977,21.5,169.252,-77.7354,30.3232,-51.7395,601.148,1.00767,0.0854427,2.47336,0.0868429,4.91874e-06,0.75575,0.172364,0.0662939,0,0.0132588,0,0,0,0,0,0,0,0,0,0
94989,95007,94998,21.6,169.291,-77.7326,29.81,-50.8515,606.508,1.15451,0.101441,3.01428,0.0891438,6.4624e-06,0.821857,0.215248,0.0978401,0,0.019568,0,0,0,0,0,0,0,0,0,0
95008,95031,95020,21.7,169.337,-77.7291,29.2939,-50.4194,610.725,1.05622,0.0893598,2.53582,0.0851328,4.36871e-06,0.756484,0.214099,0.0713664,0.0142733,0,0,0,0,0,0,0,0,0,0,0
95032,95053,95042,21.8,169.38,-77.7258,28.831,-49.6865,615.53,1.17337,0.112606,4.02172,0.107145,1.5847e-05,0.86047,0.234674,0.0260749,0.0130374,0.0130374,0.0130374,0.0130374,0,0,0,0,0,0,0,0
95054,95076,95065,21.9,169.422,-77.7223,28.3695,-48.627,621.309,1.27357,0.10384,2.87908,0.0831784,4.65706e-06,0.984717,0.210073,0.0656478,0.0131296,0,0,0,0,0,0,0,0,0,0,0
95077,95098,95088,22,169.465,-77.7181,27.9387,-47.5887,626.914,0.994889,0.0838498,2.37227,0.0848757,4.02676e-06,0.746167,0.132652,0.11607,0,0,0,0,0,0,0,0,0,0,0,0
95100,95123,95112,22.1,169.513,-77.7139,27.4579,-46.5505,632.933,1.01862,0.0806746,2.18056,0.0810873,3.2091e-06,0.806406,0.16977,0.0424424,0,0,0,0,0,0,0,0,0,0,0,0
95124,95147,95136,22.2,169.554,-77.7103,27.0624,-45.5088,638.483,1.16778,0.0891716,2.3479,0.0789903,3.16244e-06,0.975814,0.175967,0.015997,0,0,0,0,0,0,0,0,0,0,0,0
95148,95169,95158,22.3,169.599,-77.7063,26.6043,-44.8064,643.585,1.09174,0.0876596,2.38379,0.081581,3.54817e-06,0.818806,0.233944,0.0389907,0,0,0,0,0,0,0,0,0,0,0,0
95170,95193,95182,22.4,169.644,-77.7019,26.2285,-44.287,647.677,1.01599,0.0826259,2.32735,0.084502,4.37489e-06,0.793309,0.194848,0.0139177,0,0.0139177,0,0,0,0,0,0,0,0,0,0
95194,95217,95206,22.5,169.694,-77.6964,25.7811,-43.3932,653.412,0.900668,0.0674072,1.75515,0.078114,2.29329e-06,0.797313,0.0885903,0.0147651,0,0,0,0,0,0,0,0,0,0,0,0
95218,95238,95228,22.6,169.738,-77.6908,25.398,-42.2467,659.487,1.04031,0.0780807,2.02903,0.077959,2.60209e-06,0.888989,0.151317,0,0,0,0,0,0,0,0,0,0,0,0,0
95241,95264,95252,22.7,169.787,-77.6844,24.9689,-40.5706,667.515,0.822108,0.0614072,1.59115,0.0777342,2.02249e-06,0.711439,0.110668,0,0,0,0,0,0,0,0,0,0,0,0,0
95265,95286,95276,22.8,169.833,-77.6783,24.6076,-39.6741,672.883,0.642508,0.0498851,1.32953,0.0799553,1.86819e-06,0.524151,0.101449,0.0169081,0,0,0,0,0,0,0,0,0,0,0,0
95287,95308,95298,22.9,169.88,-77.6725,24.2356,-39.1106,677.45,0.431287,0.0345353,0.931037,0.0808771,1.32576e-06,0.303498,0.127789,0,0,0,0,0,0,0,0,0,0,0,0,0
95311,95330,95320,23,169.931,-77.6662,23.8412,-38.6913,681.851,0.347856,0.0298836,0.851205,0.085452,1.45574e-06,0.238006,0.0732327,0.0366164,0,0,0,0,0,0,0,0,0,0,0,0
95332,95352,95342,23.1,169.98,-77.6597,23.4675,-38.6383,685.092,0.293322,0.0234264,0.641381,0.0821356,9.9809e-07,0.244435,0.0244435,0.0244435,0,0,0,0,0,0,0,0,0,0,0,0
95354,95374,95364,23.2,170.021,-77.6542,23.14,-37.981,689.777,0.236539,0.0175925,0.454667,0.077533,5.73279e-07,0.206971,0.0295673,0,0,0,0,0,0,0,0,0,0,0,0,0
95379,95395,95387,23.3,170.075,-77.6468,22.6778,-37.1267,696.285,0.333202,0.0245047,0.628966,0.0770016,7.75929e-07,0.299882,0.0333202,0,0,0,0,0,0,0,0,0,0,0,0,0
95396,95417,95406,23.4,170.12,-77.6408,22.3933,-36.5742,700.439,0.175344,0.0131454,0.341364,0.0779053,4.36854e-07,0.150295,0.0250491,0,0,0,0,0,0,0,0,0,0,0,0,0
95427,95428,95428,23.5,170.166,-77.6347,22.085,-35.29,707.031,0.15276,0.0107261,0.267259,0.07475,2.97735e-07,0.15276,0,0,0,0,0,0,0,0,0,0,0,0,0,0
95451,95460,95456,23.6,170.225,-77.6271,21.652,-35.05,711.761,0.183127,0.0128584,0.320387,0.07475,3.56922e-07,0.183127,0,0,0,0,0,0,0,0,0,0,0,0,0,0
95463,95480,95472,23.7,170.265,-77.6222,21.3544,-34.4078,716.511,0.136887,0.0107503,0.286751,0.0800211,3.96725e-07,0.102665,0.0342217,0,0,0,0,0,0,0,0,0,0,0,0,0
95511,95512,95512,23.9,170.364,-77.6119,20.765,-34.125,723.115,0.312813,0.0219643,0.547276,0.07475,6.09684e-07,0.312813,0,0,0,0,0,0,0,0,0,0,0,0,0,0
95535,95536,95536,24,170.426,-77.6058,20.375,-32.355,732.427,0.155257,0.0109014,0.271627,0.07475,3.02601e-07,0.155257,0,0,0,0,0,0,0,0,0,0,0,0,0,0
95561,95566,95564,24.1,170.499,-77.5976,19.998,-31.312,739.537,0.25467,0.0231362,0.691555,0.0896718,1.36526e-06,0.191003,0,0.0636675,0,0,0,0,0,0,0,0,0,0,0,0
