data/B2SAP/Locations/Antarctica/NOAA-POPS-B2SAP_GMLBalloon_20231014_R0.ict
61,1001
Thornberry, T. D.
NOAA Chemical Sciences Laboratory
Portable Optical Particle Spectrometer (POPS)
Balloon Baseline Stratospheric Aerosol Profiles (B2SAP)
1,1
2023,10,14,2024,05,28
0
TIME_START,s,Seconds since midnight UTC on flight start day,Start time of 100 m altitude bin in UTC_seconds_since_midnight
28
1.0,1.0,1.0,1.0,1.0,1.0,1.0,1.0,1.0,1.0,1.0,1.0,1.0,1.0,1.0,1.0,1.0,1.0,1.0,1.0,1.0,1.0,1.0,1.0,1.0,1.0,1.0,1.0
99999,99999,99999,99999,99999,99999,99999,99999,99999,99999,99999,99999,99999,99999,99999,99999,99999,99999,99999,99999,99999,99999,99999,99999,99999,99999,99999,99999
TIME_STOP,s,End time of 100 m altitude bin in UTC seconds since midnight,
TIME_MID,s,Mid time of 100 m altitude in UTC seconds since midnight,
GPSAlt,m,GPS reported altitude above sea level (m),
GPS_Lon,deg,GPS reported longitude,
GPS_Lat,deg,GPS reported latitude,
iMet_Pressure,mb,Pressure reported (mB),
iMet_Temperature,degrees C,Ambient temperature (oC),
THETA,K,Potential temperature from iMet,
Aerosol_concentration,cm^-3,Aerosol concentration,
Surface_Area_Conc,um^2 cm^-3,Surface area concentration,
Volume_density,um^3 cm^-3,Volume density,
Effective_radius,um,Effective radius,
Extinction,km^-1,Extinction,
Bin01,cm^-3,particle concentration in size range [140 - 170 nm],
Bin02,cm^-3,particle concentration in size range [170 - 205 nm],
Bin03,cm^-3,particle concentration in size range [205 - 249 nm],
Bin04,cm^-3,particle concentration in size range [249 - 302 nm],
Bin05,cm^-3,particle concentration in size range [302 - 366 nm],
Bin06,cm^-3,particle concentration in size range [366 - 443 nm],
Bin07,cm^-3,particle concentration in size range [443 - 537 nm],
Bin08,cm^-3,particle concentration in size range [537 - 651 nm],
Bin09,cm^-3,particle concentration in size range [651 - 789 nm],
Bin10,cm^-3,particle concentration in size range [789 - 956 nm],
Bin11,cm^-3,particle concentration in size range [956 - 1159 nm],
Bin12,cm^-3,particle concentration in size range [1159 - 1404 nm],
Bin13,cm^-3,particle concentration in size range [1404 - 1702 nm],
Bin14,cm^-3,particle concentration in size range [1702 - 2062 nm],
Bin15,cm^-3,particle concentration in size range [2062 - 2500 nm],
0
19
PI_CONTACT_INFO: 325 Broadway R/CSL6, Boulder, CO 80305; troy.thornberry@noaa.gov; 303-497-3373 
PLATFORM: GML ECC/FPH balloon
LOCATION: Scott Base, Antarctica
ASSOCIATED_DATA: N/A
INSTRUMENT_INFO: Printed Optical Particle Spectrometer counts particles from 140 - 2500 nm in diameter 
DATA_INFO: Particle concentrations reported in number per cubic centimeter, binned to 100 m altitude
UNCERTAINTY: Counting uncertainty dominated by air flow, less than 5 percent
ULOD_FLAG: -77777
ULOD_VALUE: 3000 ~3000 per cm3 (varies depending on flow rate- manufacturer quotes 1250  per cm3 at 1.667 cc/s)
LLOD_FLAG: -88888
LLOD_VALUE: 0 0 (varies depending on data field and measurement precision)
DM_CONTACT_INFO: Troy Thornberry, 325 Broadway R/CSL6, Boulder, CO 80305; troy.thornberry@noaa.gov; 303-497-3373
PROJECT_INFO: B2SAP Scott Base, Antarctica
STIPULATIONS_ON_USE: Please contact the PIs for questions regarding applications and uncertainties
OTHER_COMMENTS: POPS bin Edges (nm):  140, 170, 205, 249, 302, 366, 443, 537, 651, 789, 956, 1159, 1404, 1702, 2062, 2500
Calculations assume sulfate refractive index of 1.45+0.00j and extinction wavelength = 532 nm
REVISION: R0
R0: QA/QC data
TIME_START,TIME_STOP,TIME_MID,GPSAlt,GPS_Lon,GPS_Lat,iMet_Pressure,iMet_Temperature,THETA,Aerosol_concentration,Surface_Area_Conc,Volume_density,Effective_radius,Extinction,Bin01,Bin02,Bin03,Bin04,Bin05,Bin06,Bin07,Bin08,Bin09,Bin10,Bin11,Bin12,Bin13,Bin14,Bin15
[from data line 334]
92873,92894,92884,17.3,174.786,-78.6418,62.66,-65.8107,457.507,4.22934,0.499841,18.5035,0.111057,6.62855e-05,1.85927,1.20546,0.735537,0.245179,0.122589,0.0408631,0.0204316,0,0,0,0,0,0,0,0
92896,92918,92907,17.2,174.808,-78.6438,63.7731,-65.8423,455.149,4.15003,0.44681,15.2798,0.102593,4.58421e-05,1.88837,1.31747,0.702651,0.175663,0.0439157,0,0.0219578,0,0,0,0,0,0,0,0
92919,92941,92930,17.1,174.827,-78.6458,64.781,-66.256,452.203,4.14461,0.501752,18.8787,0.112877,6.98729e-05,1.64924,1.29071,0.788766,0.2438,0.100388,0.0430236,0.0286824,0,0,0,0,0,0,0,0
92943,92964,92954,17,174.845,-78.6481,65.8835,-66.2376,450.068,4.69446,0.553939,20.2606,0.109727,6.94187e-05,1.95884,1.51979,0.709236,0.303958,0.118206,0.0844328,0,0,0,0,0,0,0,0,0
92965,92987,92976,16.9,174.862,-78.6499,67.0078,-66.3309,447.702,4.23984,0.514691,19.587,0.114168,7.47399e-05,1.82773,1.29309,0.609243,0.273538,0.161636,0.0497342,0.0248671,0,0,0,0,0,0,0,0
92989,93011,93000,16.8,174.88,-78.652,68.2168,-66.6105,444.812,5.02274,0.640941,25.143,0.117685,0.000100991,1.94575,1.5385,0.935164,0.256416,0.226249,0.0904998,0.0301666,0,0,0,0,0,0,0,0
93012,93034,93023,16.7,174.898,-78.6544,69.4137,-67.2089,441.327,5.64244,0.748667,30.0889,0.12057,0.000125352,2.13293,1.57323,1.0589,0.499197,0.257162,0.0605087,0.0605087,0,0,0,0,0,0,0,0
93036,93057,93046,16.6,174.913,-78.6564,70.5653,-67.284,439.102,5.28963,0.688804,26.3665,0.114836,9.67879e-05,1.80154,1.66738,0.9391,0.536629,0.306645,0.0191653,0.0191653,0,0,0,0,0,0,0,0
93058,93080,93069,16.5,174.929,-78.6579,71.8219,-67.2852,436.883,5.41483,0.76561,31.3843,0.122978,0.000132723,1.62445,1.71226,1.08297,0.497579,0.380502,0.0731734,0.043904,0,0,0,0,0,0,0,0
93081,93105,93093,16.4,174.945,-78.6593,73.0105,-67.2718,434.869,5.53577,0.741919,29.6223,0.11978,0.000119129,1.9179,1.59825,1.13331,0.494005,0.305121,0.0581183,0.0145296,0.0145296,0,0,0,0,0,0,0
93106,93130,93118,16.3,174.961,-78.661,74.269,-67.366,432.56,5.33809,0.743915,29.78,0.120094,0.00011881,1.68907,1.57752,1.03575,0.541776,0.414299,0.0637384,0.0159346,0,0,0,0,0,0,0,0
93131,93155,93143,16.2,174.979,-78.663,75.5776,-67.5705,429.968,5.60038,0.864948,37.4759,0.129982,0.000172776,1.52184,1.59794,1.14138,0.700048,0.471771,0.0913106,0.0760922,0,0,0,0,0,0,0,0
93156,93180,93168,16.1,174.998,-78.6652,76.925,-68.0892,426.728,5.70495,0.90618,40.879,0.135334,0.000201629,1.80367,1.33605,1.16237,0.681388,0.480979,0.146966,0.0801632,0.0133605,0,0,0,0,0,0,0
93181,93205,93193,16,175.014,-78.6673,78.2157,-68.6143,423.624,5.32666,1.00627,50.3505,0.150111,0.000285871,1.23983,1.36228,1.02553,0.612259,0.688792,0.214291,0.168371,0.0153065,0,0,0,0,0,0,0
93206,93230,93218,15.9,175.03,-78.6695,79.6053,-68.7518,421.203,6.09794,1.11899,57.4188,0.153939,0.000328773,1.7097,1.38676,1.27278,0.645888,0.626891,0.303947,0.0759868,0.0569901,0.0189967,0,0,0,0,0,0
93231,93257,93244,15.8,175.045,-78.6711,81.0465,-68.8848,418.781,5.97886,1.27428,70.6283,0.166278,0.000450931,1.38296,1.45281,1.06167,0.628619,0.79625,0.279386,0.293355,0.0838158,0,0,0,0,0,0,0
93259,93282,93270,15.7,175.061,-78.6729,82.5135,-68.5755,417.277,5.90491,1.4444,88.1088,0.183001,0.000605714,1.20345,1.13926,1.29972,0.689976,0.706022,0.288827,0.43324,0.112322,0.0320919,0,0,0,0,0,0
93283,93305,93294,15.6,175.074,-78.6747,83.8758,-69.7126,413.009,6.10371,1.63236,106.219,0.195213,0.000757001,1.32247,1.05119,1.13597,0.661235,0.966421,0.305186,0.389959,0.203457,0.067819,0,0,0,0,0,0
93308,93332,93320,15.5,175.086,-78.6759,85.3245,-69.5805,411.264,6.79632,1.82406,115.58,0.190093,0.000809072,1.1946,1.24303,1.21075,1.0816,0.871737,0.516585,0.419725,0.209863,0.0484298,0,0,0,0,0,0
93493,93519,93506,14.8,175.165,-78.6839,96.4514,-69.1795,397.897,5.93185,1.85084,127.62,0.206857,0.000928733,1.02053,0.988642,0.749455,0.797292,1.06837,0.46243,0.605942,0.143513,0.0797292,0.0159458,0,0,0,0,0
93520,93545,93532,14.7,175.173,-78.6851,98.062,-69.312,395.765,6.64645,2.88696,251.616,0.261468,0.00184188,0.882591,0.990664,0.936627,0.666446,0.990664,0.594398,0.810543,0.450302,0.198133,0.108072,0.0180121,0,0,0,0
93547,93572,93560,14.6,175.183,-78.6863,99.7693,-69.9487,392.572,6.16467,2.54252,226.554,0.267318,0.00159822,1.20404,0.866907,0.866907,0.529777,0.866907,0.505696,0.65018,0.361211,0.192646,0.096323,0,0.0240808,0,0,0
93591,93625,93608,14.4,175.198,-78.6891,102.85,-69.6842,389.693,6.68776,2.75601,226.501,0.246553,0.00164223,1.14475,0.692876,0.723001,0.813376,1.11463,0.54225,1.11463,0.30125,0.210875,0,0.030125,0,0,0,0
93626,93649,93638,14.3,175.209,-78.6907,104.952,-69.7858,387.254,6.29577,2.93985,254.052,0.259249,0.00186177,0.81724,0.847508,0.302681,0.756704,1.27126,0.393486,1.18046,0.514558,0.121073,0.0605363,0.0302681,0,0,0,0
93650,93680,93665,14.2,175.218,-78.6924,106.795,-69.1615,386.508,6.23401,2.91223,253.446,0.261084,0.00196215,1.05285,0.664961,0.664961,0.554134,0.997441,0.49872,0.886614,0.637254,0.138533,0.138533,0,0,0,0,0
93687,93713,93700,14.1,175.228,-78.6948,108.93,-68.3968,385.776,6.83768,3.47072,326.129,0.281897,0.00237457,0.935682,0.950077,0.590199,0.633385,1.07963,0.518224,1.19479,0.489434,0.215927,0.201532,0.0287902,0,0,0,0
93714,93741,93728,14,175.236,-78.6965,110.662,-68.2712,384.279,6.59742,3.32392,319.37,0.288247,0.00218544,0.987466,0.844355,0.715555,0.558133,0.887289,0.615378,1.05902,0.529511,0.2576,0.0715555,0.0572444,0.0143111,0,0,0
93742,93768,93755,13.9,175.245,-78.6978,112.504,-69.9282,379.37,6.73811,3.43272,307.843,0.269037,0.00233191,0.834087,0.686895,0.768668,0.556058,1.06305,0.621476,1.19389,0.654186,0.21261,0.130837,0,0.0163546,0,0,0
93772,93800,93786,13.8,175.254,-78.6991,114.572,-69.035,379.062,7.14517,3.64244,345.942,0.284926,0.00245028,1.15827,0.797251,0.646826,0.616741,1.00785,0.722038,1.24852,0.526486,0.18051,0.195552,0.0300849,0.0150425,0,0,0
93801,93828,93814,13.7,175.262,-78.7001,116.528,-69.4329,376.502,7.01055,3.75007,365.56,0.292442,0.00258266,1.0405,0.972267,0.614063,0.528777,0.938152,0.562891,1.14284,0.716407,0.324089,0.102344,0.0511719,0.0170573,0,0,0
93829,93858,93844,13.6,175.271,-78.7009,118.616,-69.2772,374.886,8.07794,3.85785,333.455,0.259307,0.00252245,1.10676,0.991775,0.747425,0.776172,1.06364,0.905534,1.48048,0.632436,0.287471,0.0574942,0.0287471,0,0,0,0
93861,93886,93874,13.5,175.278,-78.7019,120.735,-69.1924,373.136,6.96518,3.2688,290.945,0.26702,0.00211089,0.941241,0.924127,0.684539,0.804333,0.941241,0.650312,1.19794,0.513404,0.171135,0.102681,0.0342269,0,0,0,0
93886,93911,93898,13.4,175.283,-78.7029,122.68,-68.85,372.065,6.76659,2.87437,240.704,0.251225,0.0018707,1.2564,1.11281,0.628198,0.556404,0.789735,0.574353,1.07691,0.538456,0.12564,0.107691,0,0,0,0,0
93913,93940,93926,13.3,175.289,-78.704,124.857,-68.843,370.217,6.53008,3.38586,331.602,0.293812,0.00235908,1.0417,0.886224,0.792938,0.544173,0.653008,0.63746,0.901772,0.544173,0.326504,0.155478,0.0310956,0.0155478,0,0,0
93941,93968,93954,13.2,175.293,-78.7051,127.078,-68.9988,368.075,7.20215,4.21846,456.198,0.32443,0.00297129,1.30297,0.873422,0.744556,0.415233,0.916377,0.429552,1.2457,0.52978,0.429552,0.186139,0.100229,0.0286368,0,0,0
93972,93998,93985,13.1,175.298,-78.7064,129.266,-68.6292,366.94,6.98771,3.85472,398.883,0.310437,0.00275202,1.41822,0.856844,0.6057,0.517061,0.856844,0.413649,0.97503,0.797751,0.221598,0.251144,0.0738659,0,0,0,0
94000,94027,94014,13,175.303,-78.7077,131.407,-68.5474,365.373,7.29207,3.68199,353.201,0.28778,0.00257674,1.55813,0.763486,0.716742,0.654416,0.825811,0.483022,0.934881,0.81023,0.420696,0.0779067,0.0311627,0,0.0155813,0,0
94028,94056,94042,12.9,175.308,-78.7087,133.614,-68.4909,363.742,7.97152,4.37417,469.241,0.321826,0.00302252,1.66883,1.06935,0.777709,0.453664,0.988339,0.469866,1.11796,0.842518,0.194427,0.259236,0.0972136,0.0324045,0,0,0
94057,94086,94072,12.8,175.313,-78.7095,135.906,-68.2727,362.363,7.67168,4.01876,400.88,0.299256,0.00289761,1.8289,0.890174,0.615029,0.517919,0.890174,0.501734,0.922544,0.922544,0.29133,0.242775,0.0485549,0,0,0,0
94087,94117,94102,12.7,175.317,-78.7103,138.267,-68.0363,360.993,7.47013,3.96838,429.411,0.324624,0.00272681,1.81738,0.991297,0.719871,0.50745,0.708069,0.448444,1.07391,0.542853,0.354035,0.177017,0.0826081,0.0472046,0,0,0
94118,94146,94132,12.6,175.321,-78.7112,140.551,-67.6776,359.94,8.09397,4.39437,454.668,0.310397,0.00305952,1.70699,1.16644,0.640121,0.526321,0.682795,0.554771,1.42249,0.825044,0.270273,0.184924,0.0995743,0.0142249,0,0,0
94147,94177,94162,12.5,175.324,-78.7125,143.084,-67.4956,358.431,7.33793,3.98614,412.29,0.310292,0.00280117,1.38558,1.01798,0.749346,0.424158,0.961425,0.353465,1.14523,0.70693,0.296911,0.212079,0.0424158,0.0424158,0,0,0
94178,94209,94194,12.4,175.328,-78.7139,145.536,-67.5328,356.628,7.84241,3.91339,415.272,0.318347,0.00274728,2.18319,1.15868,0.768385,0.353701,0.743992,0.548847,0.731795,0.670812,0.353701,0.231735,0.0853761,0.0121966,0,0,0
94210,94242,94226,12.3,175.333,-78.7152,148.039,-67.561,354.839,8.2331,4.79067,579.658,0.362992,0.00326096,2.11428,1.23216,0.840112,0.490066,0.742099,0.434058,0.756101,0.784105,0.336045,0.252034,0.126017,0.126017,0,0,0
94244,94274,94259,12.2,175.34,-78.7164,150.635,-67.5678,353.073,7.5167,4.27626,522.131,0.3663,0.00297672,2.45263,0.98811,0.582279,0.458765,0.54699,0.423476,0.688148,0.54699,0.299962,0.317607,0.141159,0.0705793,0,0,0
94276,94309,94292,12.1,175.346,-78.7174,153.216,-67.6123,351.292,8.0788,4.28347,475.251,0.33285,0.00296768,2.38012,1.02005,0.625631,0.503225,0.61203,0.571228,1.06085,0.598429,0.299215,0.258413,0.122406,0.0272013,0,0,0
94310,94339,94324,12,175.351,-78.7189,155.697,-67.3411,350.144,7.56444,4.13407,471.796,0.342371,0.0028272,1.83472,1.11286,0.67674,0.496276,0.917358,0.436121,0.797049,0.616585,0.22558,0.285734,0.135348,0.0300773,0,0,0
94340,94375,94358,11.9,175.356,-78.7206,158.379,-67.2323,348.616,8.18067,3.97004,429.261,0.324376,0.00266215,2.24091,1.21495,0.75597,0.674973,0.796468,0.431983,0.782969,0.634474,0.323987,0.188992,0.0809967,0.0539978,0,0,0
94376,94404,94390,11.8,175.36,-78.722,160.971,-67.4977,346.559,8.30559,4.42017,497.856,0.337898,0.00312568,2.33365,1.34139,0.679882,0.532881,0.679882,0.257253,0.95551,0.679882,0.45938,0.238878,0.0735008,0.0551256,0.0183752,0,0
94407,94439,94423,11.7,175.364,-78.7233,163.814,-67.5585,344.732,8.12288,4.09875,446.662,0.326925,0.00293792,2.32752,1.35902,0.687321,0.468628,0.749804,0.390523,0.656079,0.687321,0.390523,0.312418,0.0312418,0.0624837,0,0,0
94439,94470,94454,11.6,175.364,-78.7245,166.653,-67.1672,343.7,8.36151,4.71581,571.498,0.363563,0.00329936,2.51819,1.16866,0.834759,0.62607,0.528681,0.333904,0.806934,0.612157,0.361729,0.347816,0.139127,0.0834759,0,0,0
94471,94504,94488,11.5,175.364,-78.7258,169.367,-67.2318,341.998,8.44772,4.26587,493.796,0.347265,0.00292148,2.8111,1.25418,0.764043,0.403645,0.634299,0.389229,0.937033,0.504556,0.24507,0.331566,0.115327,0.0576636,0,0,0
94505,94537,94521,11.4,175.366,-78.7272,172.443,-67.007,340.619,8.35662,3.81166,428.971,0.337625,0.00255028,3.00699,1.32867,0.681817,0.524474,0.611887,0.314685,0.611887,0.629369,0.27972,0.20979,0.122377,0.0349649,0,0,0
94538,94570,94554,11.3,175.364,-78.7283,175.221,-66.5356,339.847,8.27701,3.88542,423.667,0.327121,0.00272941,2.972,1.39684,0.579539,0.356639,0.475519,0.416079,0.683559,0.624119,0.475519,0.17832,0.0742999,0.0445799,0,0,0
94571,94601,94586,11.2,175.362,-78.7292,178.189,-66.5305,338.231,8.59405,3.87698,418.273,0.323659,0.00269382,2.86468,1.31374,0.930566,0.529146,0.620378,0.437914,0.565638,0.620378,0.310189,0.310189,0.0729856,0,0.0182464,0,0
94603,94632,94618,11.1,175.362,-78.7298,181.269,-66.3372,336.883,9.10151,4.1721,491.158,0.353173,0.00269648,3.00718,1.61556,1.00772,0.575843,0.671816,0.367899,0.719803,0.351904,0.303917,0.271926,0.111969,0.0959738,0,0,0
94634,94667,94650,11,175.361,-78.7305,184.287,-66.12,335.653,9.09973,4.35792,527.586,0.363191,0.00284495,3.12921,1.70229,0.78856,0.575774,0.525707,0.425572,0.738493,0.388022,0.312921,0.27537,0.150202,0.0751009,0.0125168,0,0
94669,94700,94684,10.9,175.36,-78.7313,187.495,-65.8636,334.42,9.26067,3.54179,382.413,0.323915,0.0021708,3.33457,1.83039,0.942377,0.598047,0.61617,0.199349,0.724905,0.489311,0.253717,0.108736,0.126858,0.0362453,0,0,0
94702,94731,94716,10.8,175.359,-78.7325,190.677,-65.2678,333.777,9.33751,4.04739,456.159,0.338113,0.00254184,2.89124,1.88815,0.958828,0.531043,0.796565,0.36878,0.752311,0.590048,0.132761,0.236019,0.132761,0.0590048,0,0,0
94732,94765,94748,10.7,175.357,-78.7335,193.808,-65.1577,332.392,11.3093,4.33843,452.342,0.312792,0.00271461,3.68418,1.97688,1.37354,0.988438,0.89858,0.397943,0.86007,0.397943,0.333758,0.269574,0.0513474,0.0641843,0.0128369,0,0
94766,94801,94784,10.6,175.356,-78.7343,197.077,-65.4062,330.414,12.6248,4.31773,431.419,0.299754,0.00256603,4.35809,2.36971,1.59343,1.00781,1.02143,0.449428,0.667332,0.463047,0.381333,0.177047,0.0817141,0.0544761,0,0,0
94802,94836,94819,10.5,175.356,-78.7351,200.579,-64.7547,329.791,20.5324,5.94818,510.984,0.257718,0.00305938,5.98734,4.048,3.01676,2.26257,2.06248,0.95428,1.0928,0.492532,0.261657,0.230874,0.0769581,0.0461748,0,0,0
94837,94871,94854,10.4,175.355,-78.7358,203.846,-64.6578,328.427,27.914,7.92786,645.233,0.244164,0.00378709,6.88876,5.46998,4.94008,2.94012,3.23071,1.53843,1.74356,0.564092,0.256406,0.170937,0.102562,0.0683748,0,0,0
94872,94908,94890,10.3,175.356,-78.7365,207.449,-64.199,327.5,17.7409,5.40769,517.691,0.287197,0.00272139,5.70242,3.57986,2.45521,1.50481,1.56817,0.934564,0.982084,0.554402,0.0792003,0.158401,0.126721,0.0950404,0,0,0
94909,94942,94926,10.2,175.357,-78.7377,210.789,-64.8052,325.062,14.4685,5.28635,582.651,0.330654,0.00302068,5.17781,2.33185,2.00135,1.21183,1.12002,0.624274,0.826246,0.348859,0.312137,0.238693,0.18361,0.0918051,0,0,0
94943,94978,94960,10.1,175.357,-78.7388,214.436,-63.6983,325.196,12.5556,4.77371,481.782,0.302772,0.00293081,3.9325,2.3058,1.24766,1.20028,1.01076,0.615934,0.979177,0.584347,0.30007,0.236898,0.0789659,0.0631727,0,0,0
94979,95012,94996,10,175.356,-78.7397,217.987,-63.85,323.442,12.0898,5.04077,566.105,0.336916,0.00311469,3.76946,2.23716,1.45568,0.858088,1.08793,0.551628,0.842765,0.45969,0.291137,0.30646,0.15323,0.061292,0.015323,0,0
95013,95050,95032,9.9,175.354,-78.7405,221.511,-64.1097,321.555,13.0922,5.30867,572.843,0.323721,0.00323639,3.85392,2.4487,1.50261,1.15478,1.1687,0.598262,1.02957,0.514783,0.347826,0.250435,0.153044,0.0556522,0.0139131,0,0
95051,95088,95070,9.8,175.354,-78.7416,225.136,-64.3468,319.707,14.1975,5.57825,604.166,0.324922,0.00329452,4.3081,2.65,1.82095,1.06592,1.25838,0.651397,1.09553,0.547765,0.325698,0.222067,0.13324,0.0888268,0.0296089,0,0
95089,95126,95108,9.7,175.354,-78.7423,229.039,-64.0888,318.537,16.0455,6.37652,692.651,0.325876,0.00373697,4.68053,2.94859,2.00389,1.43135,1.41704,0.887439,1.25959,0.48666,0.357838,0.257644,0.257644,0.0572541,0,0,0
95128,95164,95146,9.6,175.353,-78.7434,232.913,-63.6758,317.645,16.0861,5.24192,499.508,0.285873,0.00287846,5.21486,2.77298,2.22115,1.53135,1.42098,0.731184,0.979511,0.662205,0.193143,0.193143,0.0689797,0.0965715,0,0,0
95165,95204,95184,9.5,175.352,-78.7444,236.782,-63.8266,315.915,14.4722,4.53939,406.785,0.268837,0.00247376,4.54759,2.4454,2.05929,1.27275,1.45866,0.915239,0.886638,0.371816,0.214509,0.200209,0.071503,0.0286012,0,0,0
95205,95245,95225,9.4,175.351,-78.7453,240.725,-63.67,314.666,14.7057,4.3975,387.684,0.26448,0.00225478,4.38076,2.84994,2.11709,1.36797,1.43311,0.863123,0.960835,0.309422,0.162853,0.146568,0.0651414,0.048856,0,0,0
95246,95285,95266,9.3,175.352,-78.7465,244.72,-62.8136,314.473,15.604,5.20559,524.561,0.302306,0.00274723,4.6487,2.76321,2.56816,1.44662,1.49539,0.796456,0.828964,0.455118,0.211305,0.146288,0.211305,0.0325084,0,0,0
95287,95322,95304,9.2,175.351,-78.7478,248.628,-62.2224,313.936,15.7213,5.65276,591.283,0.313802,0.00314436,5.00081,2.76607,1.75028,1.64089,1.5315,0.968908,0.82826,0.484454,0.265668,0.234413,0.140648,0.0937652,0.0156275,0,0
