data/B2SAP/Locations/Antarctica/NOAA-POPS-B2SAP_GMLBalloon_20221118_R0.ict
61,1001
Thornberry, T. D.
NOAA Chemical Sciences Laboratory
Portable Optical Particle Spectrometer (POPS)
Balloon Baseline Stratospheric Aerosol Profiles (B2SAP)
1,1
2022,11,18,2024,05,28
0
TIME_START,s,Seconds since midnight UTC on flight start day,Start time of 100 m altitude bin in UTC_seconds_since_midnight
28
1.0,1.0,1.0,1.0,1.0,1.0,1.0,1.0,1.0,1.0,1.0,1.0,1.0,1.0,1.0,1.0,1.0,1.0,1.0,1.0,1.0,1.0,1.0,1.0,1.0,1.0,1.0,1.0
99999,99999,99999,99999,99999,99999,99999,99999,99999,99999,99999,99999,99999,99999,99999,99999,99999,99999,99999,99999,99999,99999,99999,99999,99999,99999,99999,99999
TIME_STOP,s,End time of 100 m altitude bin in UTC seconds since midnight,
TIME_MID,s,Mid time of 100 m altitude in UTC seconds since midnight,
GPSAlt,m,GPS reported altitude above sea level (m),
GPS_Lon,deg,GPS reported longitude,
GPS_Lat,deg,GPS reported latitude,
iMet_Pressure,mb,Pressure reported (mB),
iMet_Temperature,degrees C,Ambient temperature (oC),
THETA,K,Potential temperature from iMet,
Aerosol_concentration,cm^-3,Aerosol concentration,
Surface_Area_Conc,um^2 cm^-3,Surface area concentration,
Volume_density,um^3 cm^-3,Volume density,
Effective_radius,um,Effective radius,
Extinction,km^-1,Extinction,
Bin01,cm^-3,particle concentration in size range [140 - 170 nm],
Bin02,cm^-3,particle concentration in size range [170 - 205 nm],
Bin03,cm^-3,particle concentration in size range [205 - 249 nm],
Bin04,cm^-3,particle concentration in size range [249 - 302 nm],
Bin05,cm^-3,particle concentration in size range [302 - 366 nm],
Bin06,cm^-3,particle concentration in size range [366 - 443 nm],
Bin07,cm^-3,particle concentration in size range [443 - 537 nm],
Bin08,cm^-3,particle concentration in size range [537 - 651 nm],
Bin09,cm^-3,particle concentration in size range [651 - 789 nm],
Bin10,cm^-3,particle concentration in size range [789 - 956 nm],
Bin11,cm^-3,particle concentration in size range [956 - 1159 nm],
Bin12,cm^-3,particle concentration in size range [1159 - 1404 nm],
Bin13,cm^-3,particle concentration in size range [1404 - 1702 nm],
Bin14,cm^-3,particle concentration in size range [1702 - 2062 nm],
Bin15,cm^-3,particle concentration in size range [2062 - 2500 nm],
0
19
PI_CONTACT_INFO: 325 Broadway R/CSL6, Boulder, CO 80305; troy.thornberry@noaa.gov; 303-497-3373 
PLATFORM: GML ECC/FPH balloon
LOCATION: Scott Base, Antarctica
ASSOCIATED_DATA: N/A
INSTRUMENT_INFO: Printed Optical Particle Spectrometer counts particles from 140 - 2500 nm in diameter 
DATA_INFO: Particle concentrations reported in number per cubic centimeter, binned to 100 m altitude
UNCERTAINTY: Counting uncertainty dominated by air flow, less than 5 percent
ULOD_FLAG: -77777
ULOD_VALUE: 3000 ~3000 per cm3 (varies depending on flow rate- manufacturer quotes 1250  per cm3 at 1.667 cc/s)
LLOD_FLAG: -88888
LLOD_VALUE: 0 0 (varies depending on data field and measurement precision)
DM_CONTACT_INFO: Troy Thornberry, 325 Broadway R/CSL6, Boulder, CO 80305; troy.thornberry@noaa.gov; 303-497-3373
PROJECT_INFO: B2SAP Scott Base, Antarctica
STIPULATIONS_ON_USE: Please contact the PIs for questions regarding applications and uncertainties
OTHER_COMMENTS: POPS bin Edges (nm):  140, 170, 205, 249, 302, 366, 443, 537, 651, 789, 956, 1159, 1404, 1702, 2062, 2500
Calculations assume sulfate refractive index of 1.45+0.00j and extinction wavelength = 532 nm
REVISION: R0
R0: QA/QC data
TIME_START,TIME_STOP,TIME_MID,GPSAlt,GPS_Lon,GPS_Lat,iMet_Pressure,iMet_Temperature,THETA,Aerosol_concentration,Surface_Area_Conc,Volume_density,Effective_radius,Extinction,Bin01,Bin02,Bin03,Bin04,Bin05,Bin06,Bin07,Bin08,Bin09,Bin10,Bin11,Bin12,Bin13,Bin14,Bin15
[from data line 156]
71464,71483,71474,15.7,168.071,-77.9918,85.92,-70.234,409.13,6.80971,2.36924,194.308,0.246038,0.0013246,1.48037,1.15469,1.12508,0.532934,0.562541,0.829008,0.592148,0.414504,0.0296074,0.0592148,0.0296074,0,0,0,0
71484,71511,71498,15.8,168.092,-77.9924,84.3836,-70.0543,411.608,5.41085,1.69878,128.784,0.227429,0.000849451,0.866581,1.05681,1.03567,0.570675,0.65522,0.443858,0.528403,0.190225,0.0211361,0.0211361,0.0211361,0,0,0,0
71513,71534,71524,15.9,168.113,-77.9929,82.8577,-70.0138,413.849,6.3635,1.74392,108.674,0.186947,0.000764036,1.02271,1.15907,1.34088,0.56817,0.999979,0.56817,0.56817,0.113634,0.0227268,0,0,0,0,0,0
71538,71563,71550,16,168.133,-77.9935,81.4967,-69.2893,417.29,5.50608,1.52372,102.193,0.201204,0.000733222,1.16437,1.24331,0.769667,0.513111,0.749931,0.374966,0.473641,0.177615,0.019735,0.019735,0,0,0,0,0
71564,71586,71575,16.1,168.153,-77.994,80.1283,-68.3883,421.168,6.42567,1.62444,101.783,0.187972,0.000701051,1.3682,1.39264,1.02615,0.635238,0.977289,0.513076,0.317619,0.122161,0.0732966,0,0,0,0,0,0
71588,71607,71598,16.2,168.169,-77.9943,78.7978,-67.7989,424.41,6.39305,1.50986,87.1638,0.173189,0.000577818,1.17423,1.53303,1.20685,0.5545,1.01115,0.424029,0.391411,0.0978529,0,0,0,0,0,0,0
71610,71626,71618,16.3,168.185,-77.9944,77.505,-68.035,425.923,6.22488,1.49124,86.5386,0.174094,0.000567726,1.31512,1.08132,1.11054,0.847519,1.02287,0.379922,0.409147,0.0292248,0.0292248,0,0,0,0,0,0
71627,71646,71636,16.4,168.201,-77.9944,76.22,-68.1312,427.761,6.451,1.36985,76.0884,0.166635,0.000469817,1.28287,1.5761,1.31952,0.806375,0.769722,0.439841,0.146614,0.0733068,0.0366534,0,0,0,0,0,0
71648,71663,71656,16.5,168.214,-77.9944,74.98,-68.1567,429.726,7.00682,1.54077,89.2338,0.173745,0.000596856,2.04366,1.02183,1.65439,0.681219,0.729878,0.291951,0.437927,0.145976,0,0,0,0,0,0,0
71666,71684,71675,16.6,168.229,-77.9942,73.5863,-68.1587,432.023,7.06192,1.39872,76.9589,0.165063,0.0004894,1.57338,2.01246,1.64656,0.585444,0.548854,0.256132,0.292722,0.146361,0,0,0,0,0,0,0
71687,71702,71694,16.7,168.242,-77.9939,72.4011,-68.0433,434.276,6.08744,1.35999,86.4473,0.190693,0.000566197,1.56798,1.445,1.1683,0.645638,0.522659,0.276702,0.368936,0,0.0614893,0.0307447,0,0,0,0,0
71705,71720,71712,16.8,168.255,-77.9938,71.2071,-67.9014,436.653,5.81845,1.12719,61.236,0.162978,0.000383305,1.39794,1.58685,1.24681,0.717861,0.302257,0.226693,0.226693,0.113346,0,0,0,0,0,0,0
71721,71738,71730,16.9,168.269,-77.9938,69.95,-67.83,439.026,7.00858,1.46908,79.9267,0.163217,0.000505948,1.43186,1.88403,1.43186,0.828972,0.489847,0.452166,0.489847,0,0,0,0,0,0,0,0
71741,71758,71750,17,168.281,-77.9938,68.8644,-67.8756,440.898,6.03797,1.10432,56.7981,0.154299,0.000338465,1.75863,1.43622,1.40691,0.439658,0.381037,0.351726,0.234484,0.0293105,0,0,0,0,0,0,0
71760,71778,71769,17.1,168.295,-77.9938,67.5989,-68.0833,442.795,6.26486,1.09847,53.7117,0.146691,0.000301201,1.72723,1.58085,1.4052,0.556226,0.526951,0.2342,0.2342,0,0,0,0,0,0,0,0
71781,71796,71788,17.2,168.311,-77.994,66.3729,-68.3214,444.591,5.4797,0.982803,55.3902,0.169078,0.000304287,1.54943,1.73839,0.71803,0.71803,0.340119,0.302328,0.0755821,0,0,0.037791,0,0,0,0,0
71802,71821,71812,17.3,168.329,-77.9943,65.092,-68.499,446.696,5.67251,1.0405,52.5661,0.151561,0.00030815,1.32535,1.69645,1.24583,0.397606,0.503634,0.238564,0.265071,0,0,0,0,0,0,0,0
71822,71837,71830,17.4,168.343,-77.9948,64.1125,-68.5337,448.555,5.50116,0.880214,41.2433,0.140568,0.000221961,1.60034,1.63368,1.20025,0.400084,0.366744,0.100021,0.200042,0,0,0,0,0,0,0,0
71839,71857,71848,17.5,168.36,-77.9953,62.985,-68.465,450.979,5.91009,1.13415,62.8543,0.16626,0.000362039,1.40464,1.59016,1.11311,0.795079,0.609561,0.159016,0.185518,0.0265026,0,0.0265026,0,0,0,0,0
71859,71876,71868,17.6,168.377,-77.9958,61.895,-67.8625,454.584,5.46934,0.785265,31.8311,0.121606,0.000129276,1.3922,1.72367,1.3259,0.563508,0.364623,0.066295,0.0331475,0,0,0,0,0,0,0,0
71878,71893,71886,17.7,168.395,-77.9963,60.8211,-67.0656,458.627,5.65684,0.822899,36.8965,0.134512,0.000189409,2.24524,1.45795,1.07888,0.233272,0.379066,0.116636,0.145795,0,0,0,0,0,0,0,0
71896,71912,71904,17.8,168.41,-77.997,59.79,-66.5438,462.044,5.38611,1.01798,56.4853,0.166464,0.000364142,1.69744,1.30572,1.17515,0.391717,0.261145,0.228502,0.195859,0.130572,0,0,0,0,0,0,0
71913,71920,71916,17.9,168.422,-77.9974,58.955,-65.935,465.271,4.19674,0.82481,48.5689,0.176655,0.000310004,1.04919,1.18033,0.918038,0.327871,0.459019,0.0655741,0.0655741,0.0655741,0.0655741,0,0,0,0,0,0
71924,71945,71934,18,168.44,-77.9985,57.89,-65.6386,468.366,5.1399,0.78766,36.5082,0.13905,0.000193926,1.91339,1.31311,0.937939,0.45021,0.187588,0.187588,0.15007,0,0,0,0,0,0,0,0
71947,71963,71955,18.1,168.459,-77.9995,56.92,-65.2262,471.568,4.33091,0.603633,25.1781,0.125133,0.000111665,1.75842,1.00946,0.781518,0.325633,0.325633,0.0976898,0.0325633,0,0,0,0,0,0,0,0
71968,71985,71976,18.2,168.478,-78.0004,55.862,-64.966,474.697,4.95815,0.641831,26.2833,0.122851,0.000116183,2.03545,1.56573,0.730674,0.313146,0.104382,0.156573,0.052191,0,0,0,0,0,0,0,0
71989,72007,71998,18.3,168.499,-78.0015,54.8963,-64.5687,477.97,4.09492,0.614342,28.7092,0.140195,0.000156492,1.55997,1.26747,0.584988,0.259995,0.129997,0.162497,0.129997,0,0,0,0,0,0,0,0
72009,72026,72018,18.4,168.517,-78.0023,54.1063,-64.4625,480.215,4.1134,0.560994,23.8405,0.127491,0.000112068,1.69759,1.14261,0.652921,0.261168,0.195876,0.0979381,0.0652921,0,0,0,0,0,0,0,0
72029,72051,72040,18.5,168.536,-78.0033,53.301,-63.905,483.557,4.77653,0.511587,18.25,0.10702,6.41428e-05,2.59594,1.27201,0.648986,0.0778783,0.103838,0.0519189,0.0259594,0,0,0,0,0,0,0,0
72054,72075,72064,18.6,168.561,-78.0044,52.1922,-63.0411,488.482,3.2766,0.370505,13.5039,0.109341,4.81614e-05,1.58082,0.948491,0.431132,0.201195,0.0862264,0,0.0287421,0,0,0,0,0,0,0,0
72077,72088,72082,18.7,168.576,-78.0049,51.54,-62.615,491.235,3.73494,0.383854,12.6833,0.0991262,3.38241e-05,2.25384,0.70835,0.386373,0.321977,0.0643955,0,0,0,0,0,0,0,0,0,0
72096,72110,72103,18.8,168.595,-78.0056,50.64,-62.3937,494.223,3.61878,0.369221,12.009,0.0975755,3.06932e-05,1.97094,0.937006,0.452348,0.193863,0.0646211,0,0,0,0,0,0,0,0,0,0
72113,72131,72122,18.9,168.613,-78.0063,49.7571,-62.3071,496.927,3.39808,0.395843,14.1807,0.107472,4.64333e-05,1.5513,0.92339,0.554034,0.147742,0.221614,0,0,0,0,0,0,0,0,0,0
72134,72150,72142,19,168.631,-78.0066,48.8283,-62.46,499.241,3.64862,0.377188,12.823,0.101989,3.9274e-05,2.01747,1.0302,0.386325,0.08585,0.08585,0.042925,0,0,0,0,0,0,0,0,0
72154,72167,72160,19.1,168.649,-78.0067,48.02,-62.6871,501.088,3.16566,0.369285,14.168,0.115098,5.73937e-05,1.54602,0.883441,0.47853,0.11043,0.07362,0.03681,0.03681,0,0,0,0,0,0,0,0
72173,72184,72178,19.2,168.667,-78.0068,47.262,-62.636,503.496,3.694,0.441645,17.933,0.121815,8.29307e-05,1.74979,1.21513,0.388842,0.194421,0.0486052,0,0.0972105,0,0,0,0,0,0,0,0
72187,72204,72196,19.3,168.68,-78.007,46.457,-62.651,505.93,3.12289,0.385977,15.9689,0.124118,7.50446e-05,1.57319,0.868774,0.305245,0.187843,0.0939215,0.0234804,0.0704412,0,0,0,0,0,0,0,0
72205,72223,72214,19.4,168.698,-78.0073,45.6829,-61.98,509.993,2.66953,0.246455,7.4038,0.0901234,1.4848e-05,1.60172,0.734121,0.233584,0.100107,0,0,0,0,0,0,0,0,0,0,0
72224,72245,72234,19.5,168.716,-78.0076,44.9142,-61.5167,513.594,2.36112,0.275376,10.0972,0.110001,3.57212e-05,1.11226,0.721995,0.253674,0.0975669,0.156107,0.0195134,0,0,0,0,0,0,0,0,0
72250,72266,72258,19.6,168.738,-78.0079,43.99,-60.9956,517.924,2.50604,0.314408,13.8516,0.132168,7.36614e-05,1.38354,0.652614,0.261046,0.0261046,0.0522091,0.0522091,0.0783137,0,0,0,0,0,0,0,0
72269,72287,72278,19.7,168.756,-78.0082,43.3183,-60.815,520.651,2.55093,0.285675,11.517,0.120945,5.45861e-05,1.57729,0.603654,0.194727,0.0389454,0.0584181,0.0194727,0.0584181,0,0,0,0,0,0,0,0
72289,72308,72298,19.8,168.775,-78.0088,42.8025,-60.02,524.389,2.34301,0.313513,14.0808,0.134738,7.56296e-05,1.08364,0.644327,0.410026,0.0292876,0.0585752,0.0292876,0.0878628,0,0,0,0,0,0,0,0
72309,72328,72318,19.9,168.793,-78.0098,42.088,-59.177,529.008,2.27121,0.296417,12.9514,0.131079,6.61341e-05,1.35804,0.374632,0.21073,0.0702435,0.163901,0.046829,0.046829,0,0,0,0,0,0,0,0
72332,72347,72340,20,168.814,-78.0107,41.3233,-58.9222,532.415,2.17335,0.25715,10.3473,0.120715,4.71863e-05,1.11255,0.595084,0.284606,0.0776197,0.0517465,0,0.0517465,0,0,0,0,0,0,0,0
72352,72366,72359,20.1,168.834,-78.0113,40.76,-58.5091,535.537,2.19776,0.21476,6.76963,0.0945655,1.58258e-05,1.33133,0.422645,0.338116,0.084529,0.0211323,0,0,0,0,0,0,0,0,0,0
72368,72386,72377,20.2,168.855,-78.0119,39.971,-57.632,540.745,1.87679,0.170276,5.30308,0.0934321,1.35346e-05,1.22802,0.509746,0.0926811,0.0231703,0,0.0231703,0,0,0,0,0,0,0,0,0
72387,72405,72396,20.3,168.874,-78.012,39.3422,-56.6622,545.635,1.94584,0.19485,6.51667,0.100334,1.93487e-05,1.17774,0.460856,0.204825,0.0512063,0.0256031,0.0256031,0,0,0,0,0,0,0,0,0
72406,72425,72416,20.4,168.893,-78.0123,38.7713,-55.6425,550.506,1.76792,0.198131,7.76597,0.117588,3.38644e-05,1.08356,0.370692,0.142574,0.114059,0,0.0285148,0.0285148,0,0,0,0,0,0,0,0
72428,72446,72437,20.5,168.916,-78.0124,38.128,-54.717,555.496,1.72342,0.188306,6.64968,0.10594,2.21529e-05,0.850221,0.551495,0.20681,0.0229789,0.0689368,0.0229789,0,0,0,0,0,0,0,0,0
72448,72469,72458,20.6,168.935,-78.0122,37.536,-54.016,559.769,1.8652,0.173208,5.2705,0.0912861,1.14709e-05,1.13732,0.477674,0.204717,0.0227464,0.0227464,0,0,0,0,0,0,0,0,0,0
72471,72492,72482,20.7,168.956,-78.0122,36.839,-53.46,564.212,1.75988,0.187612,6.7862,0.108515,2.47084e-05,1.05136,0.457112,0.114278,0.0457112,0.0457112,0.0457112,0,0,0,0,0,0,0,0,0
72493,72514,72504,20.8,168.973,-78.0126,36.3673,-53.2345,566.869,2.00671,0.163078,4.48619,0.0825285,6.97196e-06,1.52594,0.355355,0.12542,0,0,0,0,0,0,0,0,0,0,0,0
72515,72530,72522,20.9,168.992,-78.0131,35.7917,-52.7475,570.719,1.76439,0.190265,6.94231,0.109463,2.54422e-05,1.14394,0.329611,0.0969443,0.0969443,0.0581666,0.0387777,0,0,0,0,0,0,0,0,0
72535,72554,72544,21,169.01,-78.0133,35.145,-52.1525,575.254,1.72256,0.153878,4.51142,0.0879547,8.44619e-06,1.0766,0.46979,0.137022,0.0391492,0,0,0,0,0,0,0,0,0,0,0
72554,72567,72560,21.1,169.023,-78.0133,34.6314,-52.2286,577.471,1.99858,0.171186,4.97519,0.0871894,1.01095e-05,1.35497,0.575862,0.0338743,0,0.0338743,0,0,0,0,0,0,0,0,0,0
72573,72586,72580,21.2,169.038,-78.0134,34.1114,-52.7414,578.631,1.16077,0.0945455,2.58706,0.0820894,3.89486e-06,0.819364,0.307261,0.0341402,0,0,0,0,0,0,0,0,0,0,0,0
72586,72597,72592,21.3,169.052,-78.0135,33.5183,-52.845,581.268,1.37931,0.1385,4.789,0.103733,1.60919e-05,0.81136,0.40568,0.121704,0,0,0.040568,0,0,0,0,0,0,0,0,0
72601,72613,72607,21.4,169.065,-78.0139,33.0129,-52.6814,584.217,1.42511,0.129366,3.94308,0.09144,9.17909e-06,0.93849,0.347589,0.104277,0,0.0347589,0,0,0,0,0,0,0,0,0,0
72618,72631,72624,21.5,169.078,-78.0143,32.5267,-52.715,586.63,1.53431,0.125616,3.46295,0.0827031,5.3818e-06,1.11963,0.331743,0.0829359,0,0,0,0,0,0,0,0,0,0,0,0
72634,72648,72641,21.6,169.094,-78.015,31.97,-52.2757,590.691,0.994776,0.0839883,2.35841,0.0842406,3.85278e-06,0.675027,0.248694,0.0710554,0,0,0,0,0,0,0,0,0,0,0,0
72649,72668,72658,21.7,169.107,-78.0161,31.386,-52.252,593.888,1.31415,0.125971,3.85595,0.0918293,8.01888e-06,0.707618,0.404353,0.151632,0.0505441,0,0,0,0,0,0,0,0,0,0,0
72670,72688,72679,21.8,169.123,-78.0179,30.87,-51.6167,598.414,1.13533,0.0886717,2.37037,0.0801959,3.35449e-06,0.908267,0.198683,0.0283833,0,0,0,0,0,0,0,0,0,0,0,0
72693,72722,72708,21.9,169.149,-78.0205,30.2794,-51.0988,603.139,1.2697,0.100897,2.72293,0.0809615,3.95072e-06,0.96433,0.273227,0.0321443,0,0,0,0,0,0,0,0,0,0,0,0
72727,72762,72744,22,169.187,-78.0223,29.8843,-49.8507,608.811,1.21947,0.100906,2.88381,0.0857377,5.66778e-06,0.942317,0.221722,0.0369536,0,0.0184768,0,0,0,0,0,0,0,0,0,0
72766,72793,72780,22.1,169.226,-78.0237,29.2854,-47.3438,619.199,0.938866,0.077273,2.15866,0.0838066,3.59325e-06,0.699155,0.199759,0.0199759,0.0199759,0,0,0,0,0,0,0,0,0,0,0
72795,72820,72808,22.2,169.259,-78.0254,28.94,-46.8777,622.596,1.33539,0.115516,3.64461,0.0946523,1.06659e-05,1.07236,0.222564,0,0,0.0202331,0.0202331,0,0,0,0,0,0,0,0,0
72821,72837,72829,22.3,169.281,-78.0265,28.5011,-46.4856,626.402,0.913377,0.0782248,2.35508,0.0903198,5.73112e-06,0.736594,0.117855,0.0294638,0,0.0294638,0,0,0,0,0,0,0,0,0,0
72839,72859,72849,22.4,169.301,-78.027,28.1,-46.1812,629.787,1.11075,0.0969437,2.78891,0.0863052,4.89688e-06,0.740502,0.235614,0.134637,0,0,0,0,0,0,0,0,0,0,0,0
72861,72874,72868,22.5,169.322,-78.0272,27.5437,-46.0512,633.759,1.04914,0.0900576,2.60692,0.0868419,4.85173e-06,0.778394,0.169216,0.0676864,0.0338432,0,0,0,0,0,0,0,0,0,0,0
72876,72889,72882,22.6,169.338,-78.0272,27.145,-45.9733,636.613,1.09823,0.0816808,2.11099,0.077533,2.66169e-06,0.960953,0.137279,0,0,0,0,0,0,0,0,0,0,0,0,0
72891,72901,72896,22.7,169.351,-78.0268,26.85,-45.818,639.06,0.827632,0.0636205,1.67657,0.0790582,2.24153e-06,0.662106,0.165526,0,0,0,0,0,0,0,0,0,0,0,0,0
72908,72920,72914,22.8,169.366,-78.0267,26.2725,-45.7138,643.322,1.32583,0.110039,3.08618,0.0841389,5.18786e-06,0.942038,0.348903,0,0.0348903,0,0,0,0,0,0,0,0,0,0,0
72922,72929,72926,22.9,169.378,-78.0267,26.0067,-45.7467,645.102,1.21436,0.102301,2.87253,0.0842372,4.70563e-06,0.840712,0.280237,0.0934124,0,0,0,0,0,0,0,0,0,0,0,0
72936,72947,72942,23,169.393,-78.0269,25.516,-45.502,649.33,0.854269,0.0771814,2.3367,0.0908263,4.96256e-06,0.626464,0.113902,0.0569512,0.0569512,0,0,0,0,0,0,0,0,0,0,0
72955,72966,72960,23.1,169.41,-78.0272,25.0457,-45.6857,652.261,1.52787,0.130585,3.67652,0.0844628,5.98631e-06,0.949757,0.495525,0.0825875,0,0,0,0,0,0,0,0,0,0,0,0
72969,72982,72976,23.2,169.425,-78.0273,24.6733,-45.9433,654.316,1.02981,0.0788356,2.07259,0.07887,2.75186e-06,0.833654,0.196154,0,0,0,0,0,0,0,0,0,0,0,0,0
72983,73001,72992,23.3,169.44,-78.0275,24.245,-45.6825,658.356,0.888307,0.0648361,1.65636,0.0766406,2.01239e-06,0.814281,0.0740256,0,0,0,0,0,0,0,0,0,0,0,0,0
73003,73017,73010,23.4,169.456,-78.0277,23.938,-45.546,661.155,0.726438,0.0550359,1.43814,0.0783927,1.87553e-06,0.605365,0.121073,0,0,0,0,0,0,0,0,0,0,0,0,0
73019,73040,73030,23.5,169.477,-78.028,23.5175,-45.6975,664.063,1.08557,0.0826235,2.19886,0.0798389,3.17406e-06,1.00803,0,0.0775411,0,0,0,0,0,0,0,0,0,0,0,0
73047,73060,73054,23.6,169.502,-78.0285,23.1057,-45.8129,667.094,0.758763,0.0584456,1.56158,0.0801555,2.25744e-06,0.669497,0.0446331,0.0446331,0,0,0,0,0,0,0,0,0,0,0,0
73063,73080,73072,23.7,169.523,-78.029,22.8125,-45.6775,669.918,0.796333,0.0624869,1.7009,0.0816604,2.63887e-06,0.7167,0,0.0796333,0,0,0,0,0,0,0,0,0,0,0,0
73088,73108,73098,23.8,169.551,-78.0296,22.5,-45.0067,674.543,0.586091,0.0468972,1.27549,0.0815928,1.91046e-06,0.452888,0.106562,0.0266405,0,0,0,0,0,0,0,0,0,0,0,0
73109,73121,73115,23.9,169.572,-78.03,22.16,-44.655,678.543,0.479222,0.0336488,0.838415,0.07475,9.34022e-07,0.479222,0,0,0,0,0,0,0,0,0,0,0,0,0,0
73127,73141,73134,24,169.597,-78.0308,21.6917,-43.7783,685.308,0.652555,0.0620334,1.8623,0.0900631,3.58197e-06,0.326278,0.217518,0.108759,0,0,0,0,0,0,0,0,0,0,0,0
73143,73152,73148,24.1,169.616,-78.0312,21.5225,-43.34,688.164,1.07771,0.109803,3.78671,0.103459,1.25875e-05,0.746106,0.165801,0.0829007,0,0.0829007,0,0,0,0,0,0,0,0,0,0
73158,73170,73164,24.2,169.634,-78.0316,21.074,-42.978,693.392,0.467357,0.0383258,1.07563,0.0841962,1.82207e-06,0.400592,0,0.0667653,0,0,0,0,0,0,0,0,0,0,0,0
73177,73178,73178,24.3,169.647,-78.032,20.77,-42.3967,698.05,0.334833,0.0235104,0.585802,0.07475,6.52603e-07,0.334833,0,0,0,0,0,0,0,0,0,0,0,0,0,0
73188,73195,73192,24.4,169.667,-78.0324,20.5,-42.416,700.596,0.808157,0.063468,1.69293,0.0800211,2.3422e-06,0.606118,0.202039,0,0,0,0,0,0,0,0,0,0,0,0,0
73201,73205,73203,24.5,169.683,-78.0328,20.116,-42.408,704.423,0.342949,0.0263627,0.694728,0.0790582,9.28831e-07,0.274359,0.0685898,0,0,0,0,0,0,0,0,0,0,0,0,0
