data/B2SAP/Locations/Antarctica/NOAA-POPS-B2SAP_GMLBalloon_20231006_R0.ict
61,1001
Thornberry, T. D.
NOAA Chemical Sciences Laboratory
Portable Optical Particle Spectrometer (POPS)
Balloon Baseline Stratospheric Aerosol Profiles (B2SAP)
1,1
2023,10,06,2024,05,28
0
TIME_START,s,Seconds since midnight UTC on flight start day,Start time of 100 m altitude bin in UTC_seconds_since_midnight
28
1.0,1.0,1.0,1.0,1.0,1.0,1.0,1.0,1.0,1.0,1.0,1.0,1.0,1.0,1.0,1.0,1.0,1.0,1.0,1.0,1.0,1.0,1.0,1.0,1.0,1.0,1.0,1.0
99999,99999,99999,99999,99999,99999,99999,99999,99999,99999,99999,99999,99999,99999,99999,99999,99999,99999,99999,99999,99999,99999,99999,99999,99999,99999,99999,99999
TIME_STOP,s,End time of 100 m altitude bin in UTC seconds since midnight,
TIME_MID,s,Mid time of 100 m altitude in UTC seconds since midnight,
GPSAlt,m,GPS reported altitude above sea level (m),
GPS_Lon,deg,GPS reported longitude,
GPS_Lat,deg,GPS reported latitude,
iMet_Pressure,mb,Pressure reported (mB),
iMet_Temperature,degrees C,Ambient temperature (oC),
THETA,K,Potential temperature from iMet,
Aerosol_concentration,cm^-3,Aerosol concentration,
Surface_Area_Conc,um^2 cm^-3,Surface area concentration,
Volume_density,um^3 cm^-3,Volume density,
Effective_radius,um,Effective radius,
Extinction,km^-1,Extinction,
Bin01,cm^-3,particle concentration in size range [140 - 170 nm],
Bin02,cm^-3,particle concentration in size range [170 - 205 nm],
Bin03,cm^-3,particle concentration in size range [205 - 249 nm],
Bin04,cm^-3,particle concentration in size range [249 - 302 nm],
Bin05,cm^-3,particle concentration in size range [302 - 366 nm],
Bin06,cm^-3,particle concentration in size range [366 - 443 nm],
Bin07,cm^-3,particle concentration in size range [443 - 537 nm],
Bin08,cm^-3,particle concentration in size range [537 - 651 nm],
Bin09,cm^-3,particle concentration in size range [651 - 789 nm],
Bin10,cm^-3,particle concentration in size range [789 - 956 nm],
Bin11,cm^-3,particle concentration in size range [956 - 1159 nm],
Bin12,cm^-3,particle concentration in size range [1159 - 1404 nm],
Bin13,cm^-3,particle concentration in size range [1404 - 1702 nm],
Bin14,cm^-3,particle concentration in size range [1702 - 2062 nm],
Bin15,cm^-3,particle concentration in size range [2062 - 2500 nm],
0
19
PI_CONTACT_INFO: 325 Broadway R/CSL6, Boulder, CO 80305; troy.thornberry@noaa.gov; 303-497-3373 
PLATFORM: GML ECC/FPH balloon
LOCATION: Scott Base, Antarctica
ASSOCIATED_DATA: N/A
INSTRUMENT_INFO: Printed Optical Particle Spectrometer counts particles from 140 - 2500 nm in diameter 
DATA_INFO: Particle concentrations reported in number per cubic centimeter, binned to 100 m altitude
UNCERTAINTY: Counting uncertainty dominated by air flow, less than 5 percent
ULOD_FLAG: -77777
ULOD_VALUE: 3000 ~3000 per cm3 (varies depending on flow rate- manufacturer quotes 1250  per cm3 at 1.667 cc/s)
LLOD_FLAG: -88888
LLOD_VALUE: 0 0 (varies depending on data field and measurement precision)
DM_CONTACT_INFO: Troy Thornberry, 325 Broadway R/CSL6, Boulder, CO 80305; troy.thornberry@noaa.gov; 303-497-3373
PROJECT_INFO: B2SAP Scott Base, Antarctica
STIPULATIONS_ON_USE: Please contact the PIs for questions regarding applications and uncertainties
OTHER_COMMENTS: POPS bin Edges (nm):  140, 170, 205, 249, 302, 366, 443, 537, 651, 789, 956, 1159, 1404, 1702, 2062, 2500
Calculations assume sulfate refractive index of 1.45+0.00j and extinction wavelength = 532 nm
REVISION: R0
R0: QA/QC data
TIME_START,TIME_STOP,TIME_MID,GPSAlt,GPS_Lon,GPS_Lat,iMet_Pressure,iMet_Temperature,THETA,Aerosol_concentration,Surface_Area_Conc,Volume_density,Effective_radius,Extinction,Bin01,Bin02,Bin03,Bin04,Bin05,Bin06,Bin07,Bin08,Bin09,Bin10,Bin11,Bin12,Bin13,Bin14,Bin15
[from data line 77]
91658,91677,91668,7.8,166.815,-77.8272,307.639,-59.896,298.654,12.0607,3.01282,224.986,0.224028,0.00128805,3.8464,2.19484,1.5429,1.34732,1.36906,0.869242,0.586738,0.152117,0.0434621,0.0651931,0,0.021731,0.021731,0,0
91678,91700,91689,7.9,166.819,-77.8272,302.714,-60.0227,299.856,14.443,3.12514,204.323,0.196141,0.00122706,4.68904,3.26452,1.93893,1.38495,1.52344,0.75183,0.652905,0.11871,0.019785,0.07914,0,0.019785,0,0,0
91701,91717,91709,8,166.821,-77.8273,298.199,-60.5282,300.432,13.9613,3.53793,291.771,0.247408,0.00164196,4.71354,2.92035,1.9469,1.48579,1.12715,0.537959,0.666044,0.307405,0.0512342,0.128085,0,0.0768513,0,0,0
91718,91736,91727,8.1,166.825,-77.8273,293.147,-61.0005,301.232,14.3526,3.76586,293.263,0.233622,0.00175965,4.54576,2.83821,2.07674,1.1076,1.52294,0.830696,0.969146,0.207674,0.115375,0.0692247,0.0461498,0.0230749,0,0,0
91737,91761,91749,8.2,166.829,-77.8269,288.293,-61.0217,302.642,14.6957,4.03037,337.081,0.250906,0.00193273,4.66095,2.65034,2.102,1.55365,1.57193,0.749408,0.859077,0.182782,0.146226,0.127948,0.0365565,0.0548347,0,0,0
91762,91786,91774,8.3,166.833,-77.8262,283.547,-61.0396,304.055,13.3687,3.29279,238.537,0.217327,0.00147607,4.3803,2.36536,1.9799,1.41922,1.36665,0.543157,0.946145,0.192733,0.087606,0.0525636,0.0175212,0,0.0175212,0,0
91787,91807,91797,8.4,166.838,-77.8262,278.978,-61.4667,304.854,15.2667,3.92723,325.094,0.248339,0.00180296,5.13043,2.92871,2.20172,1.66168,1.37088,0.685442,0.664671,0.311565,0.124626,0.0830839,0.0623129,0.041542,0,0,0
91808,91827,91818,8.5,166.841,-77.8262,274.51,-61.9835,305.516,15.5172,3.86978,300.164,0.232699,0.00171156,4.71018,3.14745,2.42112,1.71679,1.58473,0.616285,0.836387,0.220102,0.110051,0.0880407,0,0.0440203,0.0220102,0,0
91828,91846,91837,8.6,166.844,-77.8262,270.17,-62.2816,306.477,15.9583,4.64599,415.955,0.268589,0.00213002,4.98843,2.19398,2.81754,1.52424,1.84757,1.13163,0.900688,0.230946,0.0461891,0.0923783,0.161662,0.0230946,0,0,0
91847,91863,91855,8.7,166.85,-77.8261,265.889,-62.3535,307.774,17.0912,4.68273,362.024,0.231932,0.00219561,4.78759,3.03729,2.65119,1.72456,2.1364,1.02959,1.10681,0.334617,0.102959,0.102959,0.0514795,0.0257398,0,0,0
91864,91882,91873,8.8,166.855,-77.8258,261.346,-62.4468,309.156,19.1673,5.34514,440.619,0.247301,0.00256256,5.24432,3.89843,2.92382,2.20447,1.8564,1.18345,1.02102,0.440894,0.116025,0.162435,0.0696148,0.0464099,0,0,0
91883,91900,91892,8.9,166.859,-77.8254,257.163,-62.7517,310.135,18.6843,5.26737,470.734,0.268104,0.00237569,5.23744,4.11687,2.85014,1.65649,2.11934,0.852606,1.16929,0.341042,0.0730805,0.0487203,0.146161,0.0730805,0,0,0
91901,91914,91908,9,166.862,-77.8254,253.229,-63.1821,310.867,18.9859,5.21252,427.603,0.246102,0.00226923,4.573,3.62687,3.4061,2.45996,2.20766,1.10383,0.914601,0.409993,0.0630759,0.0630759,0.0946139,0.0630759,0,0,0
91915,91941,91928,9.1,166.864,-77.8248,248.927,-63.7011,311.621,17.9767,4.77684,377.785,0.237261,0.00215698,5.23165,3.30849,2.70546,2.08614,1.98835,1.15716,0.831196,0.374853,0.0814898,0.114086,0.0325959,0.0651919,0,0,0
91942,91960,91951,9.2,166.868,-77.8245,244.948,-64.1926,312.324,19.1643,5.2919,446.732,0.253255,0.002408,5.9307,3.65145,2.48857,1.86061,2.25599,1.23266,1.06985,0.30235,0.139546,0.069773,0.069773,0.0930306,0,0,0
91961,91980,91970,9.3,166.874,-77.8243,240.573,-64.7295,313.13,19.1139,5.43521,426.418,0.235364,0.00280471,5.33771,3.47726,2.99,2.10408,1.97119,1.01882,1.2403,0.531556,0.177185,0.221482,0.0221482,0.0221482,0,0,0
91981,92004,91992,9.4,166.88,-77.8238,236.805,-65.117,313.96,18.3975,6.1313,608.197,0.297586,0.0031041,4.95466,3.18788,2.7846,2.09325,2.40052,0.88339,1.09464,0.32647,0.192041,0.211245,0.115225,0.153633,0,0,0
92005,92023,92014,9.5,166.886,-77.8235,233.218,-65.7584,314.36,17.9606,6.22403,611.254,0.294626,0.00346053,4.78793,3.55007,2.70927,1.65826,1.79839,0.93423,1.28457,0.490471,0.233557,0.303625,0.116779,0.093423,0,0,0
92024,92040,92032,9.6,166.89,-77.8234,229.263,-66.2262,315.188,19.6713,5.70808,482.904,0.2538,0.00285833,6.20616,3.15849,2.85373,2.13337,1.96713,1.24677,1.10824,0.471004,0.277061,0.110824,0.110824,0.0277061,0,0,0
92041,92058,92050,9.7,166.894,-77.8232,225.488,-66.5294,316.222,19.6812,5.44564,464.502,0.255894,0.00255175,5.991,3.49063,3.26782,1.90623,2.32708,0.742686,1.06452,0.495124,0.148537,0.0742686,0.148537,0.0247562,0,0,0
92059,92084,92072,9.8,166.901,-77.8227,221.452,-66.5392,317.844,13.2737,5.13614,549.707,0.321082,0.00320707,4.75526,2.66842,1.16316,0.872368,0.838158,0.444737,1.19737,0.547368,0.325,0.256579,0.171053,0.0342105,0,0,0
92085,92108,92096,9.9,166.909,-77.8224,217.85,-66.4674,319.447,12.4847,4.70853,511.319,0.325782,0.00284534,4.80479,2.25767,1.21567,0.733261,0.84904,0.42452,0.945521,0.598187,0.231556,0.21226,0.115778,0.0964818,0,0,0
92109,92129,92119,10,166.915,-77.8226,214.182,-66.5133,320.93,13.3443,5.49912,611.189,0.333429,0.00353321,4.85246,2.44751,1.34081,0.595917,0.93644,0.659765,1.08542,0.46822,0.361807,0.383089,0.148979,0.0425655,0.0212827,0,0
92130,92148,92139,10.1,166.922,-77.8232,211.027,-66.4517,322.389,12.5985,6.31791,780.406,0.370568,0.00417081,4.31456,2.04634,1.38066,0.73964,0.887568,0.419129,0.912222,0.73964,0.320511,0.493093,0.123273,0.221892,0,0,0
92149,92174,92162,10.2,166.929,-77.8232,207.287,-66.9252,323.298,12.0344,5.41118,648.181,0.359356,0.00349019,4.70373,2.07674,1.08274,0.621247,0.621247,0.425998,0.958495,0.621247,0.283999,0.337248,0.212999,0.0887496,0,0,0
92175,92201,92188,10.3,166.936,-77.8234,203.769,-67.1944,324.459,11.953,5.82234,753.522,0.388257,0.00361198,4.69521,2.03349,0.942349,0.67783,0.710895,0.578635,0.710895,0.6117,0.247987,0.297584,0.330649,0.0991946,0.0165324,0,0
92202,92227,92214,10.4,166.943,-77.8235,200.304,-67.0438,326.292,15.5523,6.24127,676.976,0.325403,0.00382198,5.19642,2.62595,1.57187,1.33147,1.42393,0.591763,1.18353,0.684226,0.369852,0.295882,0.240404,0.0369852,0,0,0
92228,92252,92240,10.5,166.95,-77.8235,197.015,-66.9152,328.043,12.5471,6.60165,827.997,0.376268,0.0044508,4.50492,1.87176,1.17382,0.824844,0.634495,0.555183,1.12623,0.555183,0.380697,0.539321,0.285523,0.0951743,0,0,0
92253,92277,92265,10.6,166.956,-77.8237,193.845,-67.2864,328.974,11.1581,5.3079,594.659,0.336099,0.0037044,3.69915,1.89506,0.985429,0.667059,0.712541,0.469974,1.07639,0.651899,0.394171,0.454813,0.0909626,0.0303209,0.0303209,0,0
92278,92303,92290,10.7,166.963,-77.8238,190.548,-67.3996,330.409,12.2475,5.20542,574.138,0.330888,0.00333147,4.05809,2.38797,1.20131,0.512755,1.05481,0.512755,1.04016,0.629956,0.380904,0.263703,0.102551,0.0732507,0.0293003,0,0
92304,92328,92316,10.8,166.97,-77.8237,187.44,-67.5188,331.773,11.8385,5.45257,629.899,0.34657,0.00358208,3.80958,2.30699,1.10796,0.743702,0.895478,0.37944,0.925833,0.667814,0.455328,0.288374,0.166954,0.0910656,0,0,0
92329,92353,92341,10.9,166.978,-77.8238,184.365,-67.8604,332.791,11.0501,5.35279,630.977,0.353634,0.0035079,3.52459,1.76229,1.17486,0.746197,0.809703,0.619184,0.873209,0.587431,0.333407,0.36516,0.127012,0.111136,0.0158765,0,0
92354,92378,92366,11,166.988,-77.8237,181.334,-68.2212,333.783,10.1313,5.15842,602.049,0.350136,0.00363836,3.48358,1.65813,0.714972,0.593274,0.760608,0.365092,0.851881,0.623699,0.486789,0.395516,0.136909,0.0608486,0,0,0
92379,92405,92392,11.1,166.999,-77.8234,178.376,-68.4388,334.999,9.79954,4.94411,590.309,0.358189,0.0033302,3.33508,1.77773,0.82275,0.367299,0.675831,0.396683,0.778674,0.719907,0.426067,0.249763,0.102844,0.14692,0,0,0
92406,92434,92420,11.2,167.01,-77.8228,175.303,-68.4224,336.693,9.73965,4.85487,568.472,0.35128,0.00326212,3.34307,1.64521,0.658084,0.539629,0.658084,0.381689,1.02661,0.671246,0.302719,0.276395,0.184264,0.0526467,0,0,0
92435,92458,92446,11.3,167.02,-77.8224,172.31,-68.405,338.383,9.70738,4.87267,565.899,0.348412,0.00338035,3.53717,1.33239,0.761363,0.45999,0.761363,0.412405,0.872395,0.666193,0.333096,0.380682,0.111032,0.0793087,0,0,0
92459,92486,92472,11.4,167.028,-77.8224,169.47,-68.7157,339.478,9.10148,4.33332,538.802,0.373018,0.00274324,3.74445,1.43492,0.69696,0.273318,0.573967,0.423643,0.76529,0.46464,0.218654,0.218654,0.163991,0.122993,0,0,0
92487,92512,92500,11.5,167.034,-77.8226,166.623,-68.6438,341.245,9.78885,4.91342,597.946,0.36509,0.00325789,3.81003,1.43609,0.688736,0.483581,0.586159,0.322387,0.967162,0.659428,0.278425,0.278425,0.161194,0.117232,0,0,0
92513,92537,92525,11.6,167.042,-77.8227,163.906,-69.1324,342.032,9.22763,4.8239,587.835,0.365576,0.00328611,3.23427,1.48684,0.766415,0.444521,0.521162,0.459849,0.904369,0.459849,0.352551,0.352551,0.137955,0.107298,0,0,0
92538,92564,92551,11.7,167.049,-77.8226,161.149,-69.4867,343.097,8.77843,4.74678,577.359,0.364895,0.0032622,2.96396,1.57416,0.524721,0.340359,0.652355,0.297814,0.893443,0.60981,0.411268,0.269451,0.113453,0.113453,0.0141816,0,0
92565,92591,92578,11.8,167.057,-77.8228,158.36,-69.8204,344.248,8.43458,4.39036,542.923,0.370988,0.00298837,2.8068,1.3467,0.779667,0.382746,0.595382,0.326043,0.878897,0.538679,0.311867,0.269339,0.0992303,0.0708788,0.0141758,0.0141758,0
92592,92617,92604,11.9,167.065,-77.8231,155.656,-70.0415,345.57,8.15446,4.55849,560.832,0.36909,0.00320078,2.65938,1.35173,0.631787,0.382011,0.631787,0.249776,0.8081,0.440782,0.455475,0.32324,0.117542,0.0881564,0.0146927,0,0
92618,92639,92628,12,167.073,-77.8234,153.14,-70.265,346.801,9.48127,5.48201,652.11,0.356864,0.00394257,2.7814,1.5219,0.769697,0.384848,0.717218,0.472314,0.892149,0.857162,0.454821,0.402342,0.174931,0.0524793,0,0,0
92640,92666,92653,12.1,167.083,-77.8235,150.603,-70.5121,348.035,9.14368,4.80634,499.288,0.311644,0.00340501,2.33154,1.29755,0.770421,0.425759,0.709598,0.486582,1.70304,0.729873,0.283839,0.304114,0.081097,0.0202742,0,0,0
92667,92691,92679,12.2,167.095,-77.8236,147.984,-70.7519,349.37,9.83444,5.64172,632.965,0.336581,0.00399047,2.40593,1.24687,0.737583,0.737583,0.913198,0.684899,1.26443,0.878075,0.403915,0.386353,0.0878075,0.070246,0.0175615,0,0
92692,92717,92704,12.3,167.106,-77.8236,145.504,-70.8174,350.948,9.37654,4.55197,478.316,0.315236,0.00307834,2.78366,1.24532,0.937654,0.527431,0.527431,0.615336,1.37718,0.776495,0.219763,0.234414,0.0732542,0.0586034,0,0,0
92719,92744,92732,12.4,167.117,-77.8237,142.995,-70.8513,352.637,9.42337,5.11391,537.2,0.315141,0.00357987,2.29731,1.03891,0.819423,0.526772,1.00965,0.643833,1.50715,0.760893,0.453609,0.234121,0.0877954,0.0438977,0,0,0
92746,92769,92758,12.5,167.129,-77.8241,140.52,-70.955,354.219,8.91688,5.23263,569.008,0.326227,0.0037476,2.04374,0.951881,0.671916,0.657918,0.909886,0.531933,1.35783,0.951881,0.391951,0.307961,0.055993,0.0839895,0,0,0
92770,92794,92782,12.6,167.14,-77.8242,138.259,-71.1227,355.57,9.31536,4.97896,507.182,0.305595,0.00349502,1.89984,1.16442,0.903957,0.735423,0.9346,0.58221,1.4402,0.980564,0.306426,0.275784,0.0306426,0.0612852,0,0,0
92795,92821,92808,12.7,167.151,-77.8242,135.857,-71.1,357.395,8.71337,4.93102,533.573,0.324622,0.0034007,1.65759,1.20286,0.894807,0.528083,0.806793,0.748117,1.42289,0.718779,0.322717,0.249372,0.132021,0.0293379,0,0,0
92822,92847,92834,12.8,167.162,-77.8244,133.507,-71.339,358.756,9.45735,5.57288,574.639,0.30934,0.00402684,1.6858,0.960907,0.859759,0.775469,0.893475,0.724895,1.55094,1.26435,0.320302,0.320302,0.0674321,0.0337161,0,0,0
92848,92873,92860,12.9,167.176,-77.8244,131.162,-71.6065,360.099,8.75689,4.38685,412.368,0.282003,0.0030672,1.71073,1.18565,0.762205,0.592826,0.999336,0.609764,1.6091,0.694454,0.355696,0.203255,0.0169379,0.0169379,0,0,0
92874,92897,92886,13,167.188,-77.8243,129.039,-71.7057,361.604,9.66162,5.28514,510.367,0.289699,0.00386675,1.94519,1.06101,0.916327,0.530505,0.948479,0.530505,1.94519,1.09316,0.35367,0.305442,0.0160759,0.0160759,0,0,0
92899,92923,92911,13.1,167.202,-77.8243,126.781,-71.662,363.511,8.67292,4.67448,443.851,0.284856,0.00333463,1.43703,0.963657,0.676251,0.710063,1.20035,0.659345,1.50466,0.86222,0.40575,0.219782,0.0338125,0,0,0,0
92924,92948,92936,13.2,167.215,-77.8244,124.692,-71.7909,365.007,8.01663,4.26534,405.947,0.28552,0.00296998,1.21865,1.10119,0.690076,0.660711,0.836901,0.601981,1.57102,0.836901,0.308332,0.132142,0.0587299,0,0,0,0
92949,92973,92961,13.3,167.229,-77.8244,122.541,-71.7241,366.949,8.38477,4.13738,388.962,0.282035,0.00282785,1.64317,0.813906,0.89069,0.84462,0.952117,0.660339,1.38211,0.644982,0.337848,0.168924,0.0460702,0,0,0,0
92974,92999,92986,13.4,167.243,-77.8245,120.524,-71.6118,368.898,8.74499,4.54932,433.124,0.285619,0.00315319,1.57747,1.05675,0.872968,0.7045,0.67387,0.781077,1.73062,0.827022,0.290989,0.168467,0.0612609,0,0,0,0
93000,93025,93012,13.5,167.258,-77.8244,118.45,-71.8641,370.268,8.5213,3.97379,357.148,0.269628,0.00263424,1.54793,0.965543,0.812282,1.01152,0.950217,0.812282,1.33337,0.643695,0.260543,0.153261,0.0306522,0,0,0,0
93027,93052,93040,13.6,167.273,-77.8245,116.362,-71.869,372.145,7.69931,3.44098,302.778,0.263976,0.00221428,1.44663,0.932275,0.851907,0.707243,0.851907,0.86798,1.12516,0.56258,0.241106,0.0803685,0.0160737,0.0160737,0,0,0
93053,93078,93066,13.7,167.289,-77.8246,114.415,-71.7595,374.147,7.56787,3.625,324.524,0.268572,0.00231385,0.813585,1.182,0.736832,0.782884,0.874987,0.921039,1.45831,0.506572,0.122805,0.122805,0.046052,0,0,0,0
93079,93104,93092,13.8,167.306,-77.8245,112.336,-71.68,376.261,8.87577,3.61347,282.858,0.234836,0.00217838,1.44046,0.953245,1.10153,0.847329,1.35573,0.974428,1.54637,0.423664,0.148283,0.0847329,0,0,0,0,0
93105,93130,93118,13.9,167.32,-77.8242,110.506,-71.5279,378.316,8.80174,3.88426,321.355,0.248198,0.00242719,1.14927,0.93904,1.09321,0.995102,1.28943,0.995102,1.48564,0.53259,0.210233,0.0981086,0.0140155,0,0,0,0
93131,93156,93144,14,167.335,-77.8241,108.649,-71.2023,380.767,8.14663,4.58643,490.656,0.32094,0.00312619,1.20521,1.22047,0.945863,0.610234,0.869584,0.549211,1.34252,0.80856,0.228838,0.228838,0.0610234,0.0610234,0.0152559,0,0
93157,93181,93169,14.1,167.353,-77.8238,106.791,-71.4511,382.177,8.0751,4.27052,422.935,0.297108,0.00300508,1.44892,1.04252,0.971839,0.636113,0.636113,0.583103,1.46659,0.583103,0.494754,0.141358,0.0353396,0.0353396,0,0,0
93182,93207,93194,14.2,167.368,-77.8236,105.12,-71.6338,383.555,7.58219,3.94355,417.437,0.317559,0.00266731,1.74727,1.02592,0.6412,0.65723,0.76944,0.41678,1.1221,0.62517,0.30457,0.14427,0.09618,0.03206,0,0,0
93208,93233,93220,14.3,167.384,-77.8233,103.265,-71.7126,385.361,7.55226,3.48849,328.278,0.282309,0.00214772,1.15505,0.888501,1.03066,0.835191,0.941811,0.58641,1.36829,0.46202,0.10662,0.0888501,0.0888501,0,0,0,0
93234,93258,93246,14.4,167.399,-77.823,101.456,-71.6548,387.422,7.79295,2.68926,190.561,0.212581,0.00145845,1.18414,1.32816,0.912111,1.07213,1.00812,0.800098,0.992121,0.416051,0.0800098,0,0,0,0,0,0
93260,93283,93272,14.5,167.414,-77.8227,99.7338,-71.539,389.546,7.96395,2.72886,191.22,0.21022,0.00145319,1.41581,0.949239,1.22275,0.820529,1.23884,0.740085,1.17448,0.370042,0.0160888,0.0160888,0,0,0,0,0
93284,93312,93298,14.6,167.433,-77.8224,97.9173,-71.3809,391.905,8.24378,2.65131,177.704,0.201075,0.00130536,1.06701,1.24241,1.38858,1.08163,1.34473,0.745448,1.1401,0.190016,0.0292333,0.0146166,0,0,0,0,0
93313,93338,93326,14.7,167.451,-77.8224,96.349,-71.086,394.292,7.99034,2.45375,169.035,0.206665,0.00117106,1.26949,1.3143,1.3591,0.985724,1.19482,0.71689,0.881178,0.224028,0.0298704,0,0.0149352,0,0,0,0
93341,93366,93354,14.8,167.469,-77.8223,94.8095,-70.789,396.693,7.98014,2.55685,179.292,0.210366,0.00124986,1.19329,1.19329,1.46178,0.880053,1.19329,0.820388,0.984466,0.208826,0.0149161,0.0149161,0.0149161,0,0,0,0
93369,93396,93382,14.9,167.488,-77.8222,93.123,-70.4422,399.416,7.94449,2.38149,156.9,0.19765,0.00113589,1.12568,1.47503,1.44916,0.853968,1.21626,0.698701,0.879845,0.207022,0.0258778,0.0129389,0,0,0,0,0
93397,93422,93410,15,167.505,-77.8221,91.5939,-70.4804,401.233,8.49065,2.8853,214.184,0.222698,0.00156957,1.12262,1.50974,1.43231,0.903261,1.48393,0.606475,0.967779,0.270978,0.116134,0.0774223,0,0,0,0,0
