data/B2SAP/Locations/Antarctica/NOAA-POPS-B2SAP_GMLBalloon_20231014_R0.ict
61,1001
Thornberry, T. D.
NOAA Chemical Sciences Laboratory
Portable Optical Particle Spectrometer (POPS)
Balloon Baseline Stratospheric Aerosol Profiles (B2SAP)
1,1
2023,10,14,2024,05,28
0
TIME_START,s,Seconds since midnight UTC on flight start day,Start time of 100 m altitude bin in UTC_seconds_since_midnight
28
1.0,1.0,1.0,1.0,1.0,1.0,1.0,1.0,1.0,1.0,1.0,1.0,1.0,1.0,1.0,1.0,1.0,1.0,1.0,1.0,1.0,1.0,1.0,1.0,1.0,1.0,1.0,1.0
99999,99999,99999,99999,99999,99999,99999,99999,99999,99999,99999,99999,99999,99999,99999,99999,99999,99999,99999,99999,99999,99999,99999,99999,99999,99999,99999,99999
TIME_STOP,s,End time of 100 m altitude bin in UTC seconds since midnight,
TIME_MID,s,Mid time of 100 m altitude in UTC seconds since midnight,
GPSAlt,m,GPS reported altitude above sea level (m),
GPS_Lon,deg,GPS reported longitude,
GPS_Lat,deg,GPS reported latitude,
iMet_Pressure,mb,Pressure reported (mB),
iMet_Temperature,degrees C,Ambient temperature (oC),
THETA,K,Potential temperature from iMet,
Aerosol_concentration,cm^-3,Aerosol concentration,
Surface_Area_Conc,um^2 cm^-3,Surface area concentration,
Volume_density,um^3 cm^-3,Volume density,
Effective_radius,um,Effective radius,
Extinction,km^-1,Extinction,
Bin01,cm^-3,particle concentration in size range [140 - 170 nm],
Bin02,cm^-3,particle concentration in size range [170 - 205 nm],
Bin03,cm^-3,particle concentration in size range [205 - 249 nm],
Bin04,cm^-3,particle concentration in size range [249 - 302 nm],
Bin05,cm^-3,particle concentration in size range [302 - 366 nm],
Bin06,cm^-3,particle concentration in size range [366 - 443 nm],
Bin07,cm^-3,particle concentration in size range [443 - 537 nm],
Bin08,cm^-3,particle concentration in size range [537 - 651 nm],
Bin09,cm^-3,particle concentration in size range [651 - 789 nm],
Bin10,cm^-3,particle concentration in size range [789 - 956 nm],
Bin11,cm^-3,particle concentration in size range [956 - 1159 nm],
Bin12,cm^-3,particle concentration in size range [1159 - 1404 nm],
Bin13,cm^-3,particle concentration in size range [1404 - 1702 nm],
Bin14,cm^-3,particle concentration in size range [1702 - 2062 nm],
Bin15,cm^-3,particle concentration in size range [2062 - 2500 nm],
0
19
PI_CONTACT_INFO: 325 Broadway R/CSL6, Boulder, CO 80305; troy.thornberry@noaa.gov; 303-497-3373 
PLATFORM: GML ECC/FPH balloon
LOCATION: Scott Base, Antarctica
ASSOCIATED_DATA: N/A
INSTRUMENT_INFO: Printed Optical Particle Spectrometer counts particles from 140 - 2500 nm in diameter 
DATA_INFO: Particle concentrations reported in number per cubic centimeter, binned to 100 m altitude
UNCERTAINTY: Counting uncertainty dominated by air flow, less than 5 percent
ULOD_FLAG: -77777
ULOD_VALUE: 3000 ~3000 per cm3 (varies depending on flow rate- manufacturer quotes 1250  per cm3 at 1.667 cc/s)
LLOD_FLAG: -88888
LLOD_VALUE: 0 0 (varies depending on data field and measurement precision)
DM_CONTACT_INFO: Troy Thornberry, 325 Broadway R/CSL6, Boulder, CO 80305; troy.thornberry@noaa.gov; 303-497-3373
PROJECT_INFO: B2SAP Scott Base, Antarctica
STIPULATIONS_ON_USE: Please contact the PIs for questions regarding applications and uncertainties
OTHER_COMMENTS: POPS bin Edges (nm):  140, 170, 205, 249, 302, 366, 443, 537, 651, 789, 956, 1159, 1404, 1702, 2062, 2500
Calculations assume sulfate refractive index of 1.45+0.00j and extinction wavelength = 532 nm
REVISION: R0
R0: QA/QC data
TIME_START,TIME_STOP,TIME_MID,GPSAlt,GPS_Lon,GPS_Lat,iMet_Pressure,iMet_Temperature,THETA,Aerosol_concentration,Surface_Area_Conc,Volume_density,Effective_radius,Extinction,Bin01,Bin02,Bin03,Bin04,Bin05,Bin06,Bin07,Bin08,Bin09,Bin10,Bin11,Bin12,Bin13,Bin14,Bin15
[from data line 149]
88056,88078,88067,13.9,166.916,-77.9196,112.871,-71.4381,376.199,6.72574,4.27298,537.33,0.377252,0.00290227,1.81078,0.856886,0.646706,0.371856,0.517365,0.258682,0.889221,0.565868,0.404191,0.129341,0.145509,0.129341,0,0,0
88079,88101,88090,14,166.924,-77.9205,110.851,-71.58,377.888,6.87556,3.93393,440.226,0.335715,0.00271465,1.66517,0.80573,0.716204,0.358102,0.501343,0.644584,0.931065,0.572963,0.393912,0.125336,0.125336,0.0358102,0,0,0
88148,88172,88160,14.3,166.94,-77.9247,105.238,-71.9826,382.765,6.52487,2.69529,216.542,0.241022,0.00160336,0.786559,0.840188,1.0547,0.58992,0.911694,0.73293,1.03683,0.429032,0.0893818,0.0357527,0.0178764,0,0,0,0
88221,88246,88234,14.6,166.955,-77.9304,99.995,-72.4868,387.424,7.51791,3.53326,310.926,0.263999,0.00227853,0.856076,1.10512,0.918336,0.669296,0.949466,0.824946,1.27633,0.653731,0.108955,0.12452,0.03113,0,0,0,0
88271,88292,88282,14.8,166.968,-77.9329,96.5545,-72.41,391.477,7.40397,3.04253,241.209,0.237837,0.00180043,0.74803,1.17548,1.02282,0.732764,1.05335,0.854891,1.20601,0.457978,0.0915955,0.0457978,0.0152659,0,0,0,0
88295,88319,88307,14.9,166.978,-77.9345,94.802,-72.163,394.009,7.51439,3.29169,290.943,0.265161,0.0019878,1.22715,1.0302,0.848399,0.666599,0.999899,0.666599,1.4241,0.40905,0.1515,0.0303,0.01515,0.0454499,0,0,0
88466,88489,88478,15.6,167.061,-77.9449,84.1971,-70.3794,411.207,7.29399,1.82115,106.094,0.174769,0.000708534,1.21861,1.43054,1.41288,0.918372,1.1303,0.547491,0.565152,0.070644,0,0,0,0,0,0,0
88491,88515,88503,15.7,167.073,-77.9465,82.5923,-70.0409,414.172,6.86492,1.5436,86.2029,0.167536,0.0005454,1.29655,1.50127,1.44668,0.764285,0.969004,0.518622,0.286607,0.0682397,0.0136479,0,0,0,0,0,0
88516,88539,88528,15.8,167.084,-77.9481,81.2206,-69.4817,417.304,7.48874,1.65051,92.4533,0.168045,0.000590939,1.49775,1.56432,1.73073,0.981858,0.782158,0.465966,0.332833,0.133133,0,0,0,0,0,0,0
88542,88564,88553,15.9,167.099,-77.95,79.7619,-69.2806,419.876,7.41644,1.70278,96.6836,0.17034,0.000629488,1.32972,1.61064,1.61064,1.04879,0.786592,0.46821,0.46821,0.093642,0,0,0,0,0,0,0
88565,88587,88576,16,167.112,-77.9519,78.5041,-69.3382,421.675,6.81893,1.36822,72.6842,0.15937,0.000441581,1.66958,1.44111,1.61686,0.544811,0.913877,0.333917,0.210895,0.0878728,0,0,0,0,0,0,0
88588,88611,88600,16.1,167.125,-77.9536,77.2095,-69.4911,423.367,6.87592,1.39945,72.395,0.155193,0.000425161,1.32169,1.54197,1.63638,0.786719,0.975532,0.330422,0.25175,0.0314688,0,0,0,0,0,0,0
88612,88634,88623,16.2,167.14,-77.955,75.8595,-69.71,425.042,6.96354,1.33493,66.6336,0.149747,0.000375373,1.74088,1.37688,1.66175,0.696354,0.83879,0.45896,0.189915,0,0,0,0,0,0,0,0
88635,88656,88646,16.3,167.153,-77.956,74.6818,-69.7729,426.816,6.5601,1.22631,61.1397,0.14957,0.000346973,1.67981,1.53835,1.32617,0.742653,0.724971,0.31828,0.229869,0,0,0,0,0,0,0,0
88659,88680,88670,16.4,167.169,-77.9571,73.3,-69.8615,428.917,6.29857,1.06266,49.8961,0.140862,0.000263872,1.75989,1.55149,1.50517,0.439973,0.694695,0.185252,0.162095,0,0,0,0,0,0,0,0
88682,88702,88692,16.5,167.181,-77.9585,72,-69.6771,431.5,7.0064,1.13691,52.744,0.139177,0.000271458,2.08033,1.70744,1.62894,0.686902,0.549521,0.215883,0.0981288,0.0392515,0,0,0,0,0,0,0
88705,88724,88714,16.6,167.192,-77.9601,70.92,-69.6079,433.519,7.39232,1.18788,53.8445,0.135984,0.000267248,1.79033,2.17534,1.73258,0.904789,0.442769,0.192508,0.134756,0.0192508,0,0,0,0,0,0,0
88726,88748,88737,16.7,167.204,-77.9621,69.629,-69.481,436.075,6.76299,1.10225,50.9984,0.138803,0.000262328,1.85147,1.74861,1.6586,0.64287,0.527153,0.180004,0.128574,0.0257148,0,0,0,0,0,0,0
88749,88772,88760,16.8,167.217,-77.9641,68.4611,-69.5426,438.047,6.83857,1.01219,43.0419,0.127571,0.00019398,1.97212,2.04306,1.43298,0.723583,0.454013,0.127691,0.0851274,0,0,0,0,0,0,0,0
88773,88793,88783,16.9,167.23,-77.9661,67.3335,-69.3988,440.447,7.08965,1.04032,45.0629,0.129949,0.000214019,2.0188,2.448,1.35117,0.604051,0.413298,0.111273,0.143065,0,0,0,0,0,0,0,0
88795,88815,88805,17,167.243,-77.9681,66.1,-69.5369,442.481,6.60953,0.960554,42.0182,0.131231,0.00020464,2.35454,1.98454,1.11,0.403635,0.487726,0.151363,0.117727,0,0,0,0,0,0,0,0
88817,88838,88828,17.1,167.256,-77.9706,65.0127,-69.8173,443.964,5.8618,0.864865,37.7421,0.130918,0.000178919,1.81608,1.69021,1.38454,0.413563,0.287696,0.197791,0.053943,0.017981,0,0,0,0,0,0,0
88840,88864,88852,17.2,167.271,-77.9731,63.92,-69.4813,446.866,5.4115,0.761215,33.1528,0.130657,0.000157291,1.9831,1.59656,0.890712,0.487371,0.302506,0.0840295,0.0168059,0.0504177,0,0,0,0,0,0,0
88865,88887,88876,17.3,167.292,-77.9754,62.7689,-69.1922,449.826,5.29708,0.7005,28.7994,0.123338,0.000126961,2.07993,1.63102,0.897809,0.29927,0.164598,0.179562,0.0448905,0,0,0,0,0,0,0,0
88888,88913,88900,17.4,167.313,-77.9769,61.765,-69.191,451.899,4.84319,0.668374,28.2668,0.126876,0.000130663,1.87001,1.27806,0.968638,0.336333,0.215253,0.0941731,0.0807198,0,0,0,0,0,0,0,0
88914,88936,88925,17.5,167.333,-77.978,60.7547,-68.8958,454.701,5.04561,0.619506,23.769,0.115103,9.23384e-05,2.0751,1.57764,0.795927,0.326899,0.184769,0.042639,0.042639,0,0,0,0,0,0,0,0
88937,88959,88948,17.6,167.349,-77.979,59.6865,-68.6415,457.576,5.16201,0.649074,25.3492,0.117163,0.00010189,1.99472,1.67125,0.92997,0.242601,0.202167,0.080867,0.0404335,0,0,0,0,0,0,0,0
88960,88979,88970,17.7,167.362,-77.98,58.8188,-68.5506,459.691,4.72427,0.558965,20.9607,0.112498,7.81898e-05,2.08473,1.47949,0.706119,0.201748,0.151311,0.0840618,0.0168124,0,0,0,0,0,0,0,0
88980,89001,88990,17.8,167.375,-77.9817,57.7072,-68.5717,462.17,4.25995,0.469727,16.7837,0.107192,5.75749e-05,2.09261,1.21072,0.657676,0.164419,0.0896831,0.0149472,0.0298944,0,0,0,0,0,0,0,0
89003,89025,89014,17.9,167.391,-77.9841,56.7387,-68.0907,465.495,4.21937,0.469488,17.5369,0.11206,6.87412e-05,2.20844,1.18501,0.520688,0.143638,0.0897738,0.0179548,0.0538643,0,0,0,0,0,0,0,0
89027,89051,89039,18,167.41,-77.9866,55.7316,-67.9337,468.242,4.67974,0.488434,16.6615,0.102336,5.14071e-05,2.54488,1.2583,0.593804,0.127244,0.127244,0.0141382,0.0141382,0,0,0,0,0,0,0,0
89053,89075,89064,18.1,167.428,-77.9889,54.7016,-67.7568,471.153,3.74553,0.398068,14.8104,0.111617,5.71913e-05,2.09806,0.985667,0.478752,0.0844857,0.0563238,0.014081,0,0.0281619,0,0,0,0,0,0,0
89076,89100,89088,18.2,167.449,-77.9912,53.8071,-67.9171,473,3.67354,0.399549,14.2071,0.106674,4.8325e-05,1.94557,0.972783,0.486392,0.127998,0.0895984,0.0383993,0.0127998,0,0,0,0,0,0,0,0
89101,89125,89113,18.3,167.474,-77.9936,52.8795,-67.5862,476.132,3.82938,0.386622,12.8444,0.0996662,3.69362e-05,2.16998,1.03393,0.433997,0.0893523,0.0638231,0.0382938,0,0,0,0,0,0,0,0,0
89126,89152,89139,18.4,167.504,-77.9959,52.0121,-66.9654,479.828,3.70862,0.358646,11.7039,0.0979007,3.34741e-05,2.18285,1.1137,0.256151,0.0890959,0.033411,0.022274,0.011137,0,0,0,0,0,0,0,0
89154,89177,89166,18.5,167.53,-77.9977,51.1674,-66.5547,483.031,3.76973,0.360796,11.3518,0.0943895,2.78326e-05,2.27025,1.009,0.308305,0.0980971,0.0840832,0,0,0,0,0,0,0,0,0,0
89179,89203,89191,18.6,167.552,-77.9995,50.3826,-66.0905,486.275,3.51845,0.33196,10.4246,0.0942097,2.62085e-05,2.13069,0.981241,0.30839,0.0140177,0.0700886,0.0140177,0,0,0,0,0,0,0,0,0
89203,89225,89214,18.7,167.573,-78.0016,49.4894,-65.6635,489.764,3.53815,0.32297,9.95503,0.0924701,2.39727e-05,2.33268,0.861055,0.234833,0.0469666,0.0469666,0.0156555,0,0,0,0,0,0,0,0,0
89228,89246,89237,18.8,167.596,-78.0037,48.6113,-65.4253,492.839,2.79871,0.268886,8.69642,0.0970271,2.39968e-05,1.66505,0.832526,0.194847,0.05314,0.0177133,0.0354267,0,0,0,0,0,0,0,0,0
89248,89267,89258,18.9,167.618,-78.0056,47.7687,-64.9873,496.359,2.91877,0.27019,8.30743,0.0922399,1.90526e-05,1.79346,0.791234,0.246162,0.0703319,0,0.017583,0,0,0,0,0,0,0,0,0
89268,89288,89278,19,167.641,-78.0075,46.9933,-64.7,499.364,2.97024,0.276399,8.78928,0.0953979,2.41751e-05,1.84637,0.856286,0.187313,0.0267589,0.0401384,0,0.0133795,0,0,0,0,0,0,0,0
89290,89310,89300,19.1,167.665,-78.0095,46.184,-64.2065,503.05,2.80169,0.271216,9.2298,0.102093,2.98283e-05,1.76759,0.685392,0.240489,0.0721466,0.0120244,0.0120244,0,0.0120244,0,0,0,0,0,0,0
89311,89333,89322,19.2,167.692,-78.0121,45.3944,-63.8456,506.4,2.87103,0.272033,8.80038,0.0970511,2.51369e-05,1.77373,0.811705,0.165347,0.0751579,0.0300631,0,0.0150316,0,0,0,0,0,0,0,0
89334,89355,89344,19.3,167.718,-78.0145,44.6895,-63.2337,510.152,2.71564,0.247559,7.43426,0.0900907,1.5564e-05,1.67991,0.745223,0.214725,0.0505236,0.0252618,0,0,0,0,0,0,0,0,0,0
89356,89376,89366,19.4,167.743,-78.0166,43.9267,-62.5328,514.389,2.39433,0.216123,7.10987,0.098692,2.22329e-05,1.62708,0.582046,0.15874,0.0132283,0,0,0,0.0132283,0,0,0,0,0,0,0
89378,89397,89388,19.5,167.769,-78.0185,43.2362,-62.3354,517.198,2.3209,0.202777,5.86742,0.0868059,1.0619e-05,1.55336,0.52997,0.201023,0.0365497,0,0,0,0,0,0,0,0,0,0,0
89398,89418,89408,19.6,167.795,-78.021,42.4521,-62.2063,520.235,2.19793,0.188214,5.41556,0.0863202,1.00854e-05,1.49459,0.590302,0.0627981,0.0376788,0.0125596,0,0,0,0,0,0,0,0,0,0
89419,89439,89429,19.7,167.821,-78.0237,41.7417,-61.6467,524.133,2.36614,0.196377,5.53112,0.0844977,9.46909e-06,1.78452,0.436216,0.0925307,0.0528747,0,0,0,0,0,0,0,0,0,0,0
89440,89459,89450,19.8,167.848,-78.0262,41.0713,-60.5967,529.177,2.24015,0.20308,6.22667,0.0919834,1.4846e-05,1.43559,0.615251,0.141981,0.0157757,0.0157757,0.0157757,0,0,0,0,0,0,0,0,0
89460,89479,89470,19.9,167.875,-78.0284,40.3594,-60.1517,532.945,2.03702,0.168005,4.67115,0.0834108,7.54726e-06,1.45877,0.499397,0.0525681,0.0262841,0,0,0,0,0,0,0,0,0,0,0
89480,89498,89489,20,167.903,-78.0306,39.7365,-60.1406,535.337,1.78101,0.173668,6.26768,0.10827,2.39198e-05,1.21053,0.375681,0.125227,0.0278282,0.0278282,0,0,0.0139141,0,0,0,0,0,0,0
89499,89516,89508,20.1,167.931,-78.0329,39.0906,-59.9435,538.356,1.82547,0.162456,4.99929,0.0923193,1.23738e-05,1.31379,0.373392,0.0691466,0.041488,0.0138293,0.0138293,0,0,0,0,0,0,0,0,0
89519,89539,89529,20.2,167.962,-78.0358,38.364,-58.6775,544.463,1.97527,0.16469,4.67706,0.0851976,8.50121e-06,1.48145,0.376241,0.0823027,0.0235151,0.0117575,0,0,0,0,0,0,0,0,0,0
89540,89561,89550,20.3,167.998,-78.0388,37.7871,-57.8541,548.915,1.86772,0.166902,5.09112,0.0915108,1.19096e-05,1.28665,0.428884,0.0830099,0.0553399,0,0.013835,0,0,0,0,0,0,0,0,0
89563,89584,89574,20.4,168.034,-78.0418,37.1224,-57.5706,552.448,1.71553,0.146513,4.25722,0.0871706,8.38991e-06,1.25898,0.345874,0.0553398,0.0415048,0.0138349,0,0,0,0,0,0,0,0,0,0
89585,89607,89596,20.5,168.073,-78.0456,36.5069,-56.7715,557.141,2.35361,0.205356,6.06284,0.0885707,1.27038e-05,1.68885,0.431196,0.197632,0,0.035933,0,0,0,0,0,0,0,0,0,0
89608,89630,89619,20.6,168.107,-78.049,35.976,-55.488,562.793,1.68915,0.151471,4.73979,0.0938751,1.30122e-05,1.06009,0.547519,0.0582467,0.0116493,0,0,0.0116493,0,0,0,0,0,0,0,0
89631,89652,89642,20.7,168.142,-78.0523,35.4171,-54.6767,567.434,1.65985,0.14306,4.23076,0.0887198,9.13889e-06,1.16189,0.409429,0.0553282,0.0221313,0,0.0110656,0,0,0,0,0,0,0,0,0
89653,89674,89664,20.8,168.175,-78.0549,34.8017,-54.5983,570.479,1.61055,0.136306,3.88097,0.0854174,7.05129e-06,1.09989,0.432099,0.0654695,0,0.0130939,0,0,0,0,0,0,0,0,0,0
89675,89693,89684,20.9,168.205,-78.0569,34.2694,-53.5728,575.69,1.78739,0.163704,5.05049,0.0925544,1.18672e-05,1.24854,0.354849,0.0657127,0.0919978,0.0262851,0,0,0,0,0,0,0,0,0,0
89694,89712,89703,21,168.234,-78.0591,33.7776,-53.1865,579.091,1.2971,0.11445,3.43602,0.0900661,7.76794e-06,0.90233,0.310176,0.0422967,0.0140989,0.0281978,0,0,0,0,0,0,0,0,0,0
89713,89731,89722,21.1,168.267,-78.0616,33.1875,-53.0581,582.345,1.88175,0.155096,4.41586,0.0854154,8.33503e-06,1.51754,0.242807,0.0758771,0.0303508,0.0151754,0,0,0,0,0,0,0,0,0,0
89732,89750,89741,21.2,168.301,-78.0639,32.656,-52.934,585.379,1.31878,0.0993603,2.59502,0.0783518,3.4107e-06,1.13969,0.162813,0.0162813,0,0,0,0,0,0,0,0,0,0,0,0
89751,89770,89760,21.3,168.336,-78.0666,32.1533,-52.3453,589.544,1.23176,0.109305,3.64337,0.0999962,1.28967e-05,0.919716,0.262776,0.032847,0,0,0,0.0164235,0,0,0,0,0,0,0,0
89771,89791,89781,21.4,168.372,-78.07,31.5933,-52.0347,593.346,1.45706,0.127141,3.68349,0.0869152,6.72982e-06,0.976894,0.347708,0.0993451,0.033115,0,0,0,0,0,0,0,0,0,0,0
89792,89813,89802,21.5,168.411,-78.074,31.1247,-51.2165,598.094,1.31801,0.108568,3.02379,0.0835546,4.93224e-06,0.977403,0.266564,0.0592365,0.0148091,0,0,0,0,0,0,0,0,0,0,0
89814,89838,89826,21.6,168.455,-78.0784,30.6309,-51.14,601.031,1.45042,0.130454,4.49774,0.103433,1.62704e-05,1.05904,0.310805,0.0575565,0.0115113,0,0,0,0.0115113,0,0,0,0,0,0,0
89839,89862,89850,21.7,168.502,-78.0827,30.1318,-50.5332,605.518,1.40295,0.115783,3.26468,0.0845893,5.87273e-06,1.06671,0.255082,0.0695678,0,0.0115946,0,0,0,0,0,0,0,0,0,0
89864,89885,89874,21.8,168.547,-78.0865,29.6595,-49.6095,610.778,1.29708,0.113159,3.48088,0.0922827,8.76514e-06,1.02686,0.162135,0.054045,0.0405338,0,0.0135113,0,0,0,0,0,0,0,0,0
89886,89907,89896,21.9,168.591,-78.0906,29.2167,-48.2495,617.131,1.20013,0.099104,2.75416,0.0833718,4.42663e-06,0.853704,0.296941,0.0371176,0.0123725,0,0,0,0,0,0,0,0,0,0,0
89908,89926,89917,22,168.629,-78.0941,28.6871,-47.7612,621.729,1.41042,0.121933,3.56233,0.0876466,7.13491e-06,0.996492,0.306613,0.0766532,0.0153306,0.0153306,0,0,0,0,0,0,0,0,0,0
89927,89944,89936,22.1,168.663,-78.0973,28.26,-47.3077,625.641,1.32871,0.107278,2.95996,0.0827744,4.75078e-06,1.04253,0.224859,0.0408834,0.0204417,0,0,0,0,0,0,0,0,0,0,0
89945,89962,89954,22.2,168.697,-78.1003,27.8033,-47.415,628.27,1.26514,0.103545,2.86297,0.0829487,4.52012e-06,0.954403,0.221954,0.0887816,0,0,0,0,0,0,0,0,0,0,0,0
89963,89980,89972,22.3,168.732,-78.1033,27.3429,-47.9321,629.824,1.18127,0.0928932,2.5051,0.0809027,3.68337e-06,0.968256,0.154921,0.0580954,0,0,0,0,0,0,0,0,0,0,0,0
89981,89998,89990,22.4,168.762,-78.1056,26.928,-47.995,632.398,1.25374,0.0948162,2.48698,0.0786886,3.33295e-06,1.09021,0.136276,0.0272553,0,0,0,0,0,0,0,0,0,0,0,0
89999,90014,90006,22.5,168.801,-78.109,26.496,-47.084,637.911,0.11063,0.0096086,0.269946,0.0842825,4.25634e-07,0.0553151,0.0553151,0,0,0,0,0,0,0,0,0,0,0,0,0
90019,90035,90027,22.6,168.839,-78.1127,26.0046,-46.06,644.223,0.467837,0.0402372,1.1531,0.0859726,2.02469e-06,0.340245,0.0637959,0.0637959,0,0,0,0,0,0,0,0,0,0,0,0
90038,90056,90047,22.7,168.879,-78.1168,25.6894,-46.2682,645.891,0.874664,0.0663572,1.73538,0.0784563,2.26866e-06,0.726136,0.148528,0,0,0,0,0,0,0,0,0,0,0,0,0
90060,90081,90070,22.8,168.929,-78.1217,25.235,-45.29,651.987,0.353474,0.0284226,0.810724,0.0855719,1.55284e-06,0.329909,0,0,0.0235649,0,0,0,0,0,0,0,0,0,0,0
90085,90107,90096,22.9,168.981,-78.1264,24.7436,-44.4379,658.119,0.469212,0.0404643,1.17891,0.0874037,2.25064e-06,0.346809,0.0816021,0.0204005,0.0204005,0,0,0,0,0,0,0,0,0,0,0
90109,90128,90118,23,169.03,-78.1301,24.356,-44.544,660.783,0.115462,0.00810719,0.202004,0.07475,2.25039e-07,0.115462,0,0,0,0,0,0,0,0,0,0,0,0,0,0
90134,90142,90138,23.1,169.066,-78.1328,24.1125,-43.76,664.948,0.143834,0.0100993,0.251642,0.07475,2.80338e-07,0.143834,0,0,0,0,0,0,0,0,0,0,0,0,0,0
90163,90169,90166,23.2,169.123,-78.1369,23.6175,-43.4725,669.752,0.147158,0.0103327,0.257457,0.07475,2.86816e-07,0.147158,0,0,0,0,0,0,0,0,0,0,0,0,0,0
90182,90195,90188,23.3,169.17,-78.1402,23.3175,-43.6625,671.637,0.148448,0.0104233,0.259714,0.07475,2.8933e-07,0.148448,0,0,0,0,0,0,0,0,0,0,0,0,0,0
90390,90393,90392,24.2,169.607,-78.1772,20.155,-36.145,723.131,0.159165,0.0111759,0.278465,0.07475,3.10219e-07,0.159165,0,0,0,0,0,0,0,0,0,0,0,0,0,0
90401,90410,90406,24.3,169.638,-78.1802,19.955,-35.8925,725.977,0.15928,0.0111839,0.278666,0.07475,3.10443e-07,0.15928,0,0,0,0,0,0,0,0,0,0,0,0,0,0
90429,90430,90430,24.4,169.695,-78.1856,19.59,-36.105,729.159,0.164145,0.0115255,0.287177,0.07475,3.19925e-07,0.164145,0,0,0,0,0,0,0,0,0,0,0,0,0,0
90522,90523,90522,24.9,169.925,-78.2057,17.985,-37.765,741.944,0.175651,0.0123334,0.307307,0.07475,3.4235e-07,0.175651,0,0,0,0,0,0,0,0,0,0,0,0,0,0
90700,90701,90700,25.8,170.411,-78.2468,15.515,-35.95,779.898,0.191855,0.0198553,0.600623,0.09075,1.10234e-06,0,0.191855,0,0,0,0,0,0,0,0,0,0,0,0,0
