data/B2SAP/Locations/Antarctica/NOAA-POPS-B2SAP_GMLBalloon_20231006_R0.ict
61,1001
Thornberry, T. D.
NOAA Chemical Sciences Laboratory
Portable Optical Particle Spectrometer (POPS)
Balloon Baseline Stratospheric Aerosol Profiles (B2SAP)
1,1
2023,10,06,2024,05,28
0
TIME_START,s,Seconds since midnight UTC on flight start day,Start time of 100 m altitude bin in UTC_seconds_since_midnight
28
1.0,1.0,1.0,1.0,1.0,1.0,1.0,1.0,1.0,1.0,1.0,1.0,1.0,1.0,1.0,1.0,1.0,1.0,1.0,1.0,1.0,1.0,1.0,1.0,1.0,1.0,1.0,1.0
99999,99999,99999,99999,99999,99999,99999,99999,99999,99999,99999,99999,99999,99999,99999,99999,99999,99999,99999,99999,99999,99999,99999,99999,99999,99999,99999,99999
TIME_STOP,s,End time of 100 m altitude bin in UTC seconds since midnight,
TIME_MID,s,Mid time of 100 m altitude in UTC seconds since midnight,
GPSAlt,m,GPS reported altitude above sea level (m),
GPS_Lon,deg,GPS reported longitude,
GPS_Lat,deg,GPS reported latitude,
iMet_Pressure,mb,Pressure reported (mB),
iMet_Temperature,degrees C,Ambient temperature (oC),
THETA,K,Potential temperature from iMet,
Aerosol_concentration,cm^-3,Aerosol concentration,
Surface_Area_Conc,um^2 cm^-3,Surface area concentration,
Volume_density,um^3 cm^-3,Volume density,
Effective_radius,um,Effective radius,
Extinction,km^-1,Extinction,
Bin01,cm^-3,particle concentration in size range [140 - 170 nm],
Bin02,cm^-3,particle concentration in size range [170 - 205 nm],
Bin03,cm^-3,particle concentration in size range [205 - 249 nm],
Bin04,cm^-3,particle concentration in size range [249 - 302 nm],
Bin05,cm^-3,particle concentration in size range [302 - 366 nm],
Bin06,cm^-3,particle concentration in size range [366 - 443 nm],
Bin07,cm^-3,particle concentration in size range [443 - 537 nm],
Bin08,cm^-3,particle concentration in size range [537 - 651 nm],
Bin09,cm^-3,particle concentration in size range [651 - 789 nm],
Bin10,cm^-3,particle concentration in size range [789 - 956 nm],
Bin11,cm^-3,particle concentration in size range [956 - 1159 nm],
Bin12,cm^-3,particle concentration in size range [1159 - 1404 nm],
Bin13,cm^-3,particle concentration in size range [1404 - 1702 nm],
Bin14,cm^-3,particle concentration in size range [1702 - 2062 nm],
Bin15,cm^-3,particle concentration in size range [2062 - 2500 nm],
0
19
PI_CONTACT_INFO: 325 Broadway R/CSL6, Boulder, CO 80305; troy.thornberry@noaa.gov; 303-497-3373 
PLATFORM: GML ECC/FPH balloon
LOCATION: Scott Base, Antarctica
ASSOCIATED_DATA: N/A
INSTRUMENT_INFO: Printed Optical Particle Spectrometer counts particles from 140 - 2500 nm in diameter 
DATA_INFO: Particle concentrations reported in number per cubic centimeter, binned to 100 m altitude
UNCERTAINTY: Counting uncertainty dominated by air flow, less than 5 percent
ULOD_FLAG: -77777
ULOD_VALUE: 3000 ~3000 per cm3 (varies depending on flow rate- manufacturer quotes 1250  per cm3 at 1.667 cc/s)
LLOD_FLAG: -88888
LLOD_VALUE: 0 0 (varies depending on data field and measurement precision)
DM_CONTACT_INFO: Troy Thornberry, 325 Broadway R/CSL6, Boulder, CO 80305; troy.thornberry@noaa.gov; 303-497-3373
PROJECT_INFO: B2SAP Scott Base, Antarctica
STIPULATIONS_ON_USE: Please contact the PIs for questions regarding applications and uncertainties
OTHER_COMMENTS: POPS bin Edges (nm):  140, 170, 205, 249, 302, 366, 443, 537, 651, 789, 956, 1159, 1404, 1702, 2062, 2500
Calculations assume sulfate refractive index of 1.45+0.00j and extinction wavelength = 532 nm
REVISION: R0
R0: QA/QC data
TIME_START,TIME_STOP,TIME_MID,GPSAlt,GPS_Lon,GPS_Lat,iMet_Pressure,iMet_Temperature,THETA,Aerosol_concentration,Surface_Area_Conc,Volume_density,Effective_radius,Extinction,Bin01,Bin02,Bin03,Bin04,Bin05,Bin06,Bin07,Bin08,Bin09,Bin10,Bin11,Bin12,Bin13,Bin14,Bin15
[from data line 339]
98514,98518,98516,15.7,176.271,-76.858,80.774,-68.538,419.889,5.78405,1.07389,65.5486,0.183115,0.00036725,1.19453,1.94897,1.50888,0.440091,0.314351,0.18861,0.12574,0,0,0.0628701,0,0,0,0,0
98623,98623,98623,15.3,176.366,-76.8595,85.95,-68.4,412.782,5.29811,1.89276,125.018,0.198151,0.000901948,0.623308,0,0.623308,1.24662,1.24662,0.934961,0.311654,0.311654,0,0,0,0,0,0,0
98629,98669,98649,15.2,176.394,-76.8596,87.8263,-69.9025,407.24,5.56693,1.48389,90.7373,0.183445,0.000632813,1.10549,0.987045,0.67119,0.908081,0.947563,0.315854,0.513263,0.118445,0,0,0,0,0,0,0
98692,98700,98696,15.1,176.42,-76.8599,89.617,-68.498,407.69,7.3125,1.85622,111.592,0.180354,0.000749256,1.375,1.25,1.375,0.999999,1.125,0.65625,0.34375,0.15625,0.03125,0,0,0,0,0,0
98717,98723,98720,15,176.438,-76.8604,90.8657,-68.2129,406.646,6.55965,2.40732,175.986,0.219314,0.00132989,0.937093,0.803222,1.07096,0.669352,0.937093,0.803222,0.937093,0.356988,0,0.0446235,0,0,0,0,0
98798,98803,98800,14.8,176.501,-76.8615,95.262,-68.598,400.441,7.36215,3.31291,288.27,0.261043,0.00221356,1.06065,0.998257,1.06065,0.873475,0.499129,0.998257,1.12304,0.187173,0.436738,0.124782,0,0,0,0,0
98805,98811,98808,14.7,176.506,-76.8616,95.65,-68.6033,399.966,7.75264,3.83081,370.337,0.29002,0.00241708,0.628592,1.25718,1.36195,0.733357,0.628592,0.838123,1.36195,0.628592,0.104765,0.104765,0.104765,0,0,0,0
98932,98932,98932,14.3,176.592,-76.8605,102.71,-70.47,388.334,7.43802,1.98402,109.015,0.16484,0.000659994,1.06257,0.354191,0.354191,3.18772,1.41677,0.708383,0.354191,0,0,0,0,0,0,0,0
98961,98961,98961,14.2,176.611,-76.8602,104.17,-71.22,385.34,7.46564,2.06798,117.599,0.1706,0.000752715,0.711014,1.06652,1.42203,0.711014,2.13304,1.06652,0.355507,0,0,0,0,0,0,0,0
99020,99024,99022,14.1,176.657,-76.8606,107.396,-69.702,384.868,7.35392,2.26061,157.343,0.208805,0.00110128,1.28515,1.35655,0.999562,0.78537,1.07096,0.999562,0.642575,0.142795,0,0.0713973,0,0,0,0,0
99038,99059,99048,14,176.674,-76.861,108.732,-69.515,383.867,7.69353,2.93879,237.091,0.242029,0.00178144,1.33495,0.948517,1.37008,0.597214,1.29982,0.526954,1.01878,0.281042,0.210782,0.105391,0,0,0,0,0
99061,99085,99073,13.9,176.693,-76.8613,110.237,-70.88,379.798,7.61297,3.39591,325.316,0.287389,0.00218307,1.55856,0.719336,1.31878,0.659391,0.959114,0.77928,0.599447,0.599447,0.179834,0.179834,0.0599447,0,0,0,0
99095,99114,99104,13.8,176.712,-76.8619,111.76,-70.298,379.4,6.98264,3.96676,467.902,0.353867,0.00262868,1.62223,0.705317,0.775849,0.634785,0.987444,0.352659,0.705317,0.564254,0.211595,0.211595,0.211595,0,0,0,0
99272,99291,99282,13.3,176.827,-76.8657,122.55,-69.785,370.476,6.70204,3.2453,304.445,0.281433,0.00202307,1.05822,0.529108,0.793663,0.705478,1.1464,0.440924,1.32277,0.352739,0.264554,0,0.0881847,0,0,0,0
99293,99293,99293,13.2,176.838,-76.8658,123.26,-68.91,371.455,6.80176,2.13989,150.721,0.211302,0.00115095,1.43195,1.43195,0.357988,1.07396,1.07396,0.357988,0.357988,0.715975,0,0,0,0,0,0,0
