data/B2SAP/Locations/Antarctica/NOAA-POPS-B2SAP_GMLBalloon_20231014_R0.ict
61,1001
Thornberry, T. D.
NOAA Chemical Sciences Laboratory
Portable Optical Particle Spectrometer (POPS)
Balloon Baseline Stratospheric Aerosol Profiles (B2SAP)
1,1
2023,10,14,2024,05,28
0
TIME_START,s,Seconds since midnight UTC on flight start day,Start time of 100 m altitude bin in UTC_seconds_since_midnight
28
1.0,1.0,1.0,1.0,1.0,1.0,1.0,1.0,1.0,1.0,1.0,1.0,1.0,1.0,1.0,1.0,1.0,1.0,1.0,1.0,1.0,1.0,1.0,1.0,1.0,1.0,1.0,1.0
99999,99999,99999,99999,99999,99999,99999,99999,99999,99999,99999,99999,99999,99999,99999,99999,99999,99999,99999,99999,99999,99999,99999,99999,99999,99999,99999,99999
TIME_STOP,s,End time of 100 m altitude bin in UTC seconds since midnight,
TIME_MID,s,Mid time of 100 m altitude in UTC seconds since midnight,
GPSAlt,m,GPS reported altitude above sea level (m),
GPS_Lon,deg,GPS reported longitude,
GPS_Lat,deg,GPS reported latitude,
iMet_Pressure,mb,Pressure reported (mB),
iMet_Temperature,degrees C,Ambient temperature (oC),
THETA,K,Potential temperature from iMet,
Aerosol_concentration,cm^-3,Aerosol concentration,
Surface_Area_Conc,um^2 cm^-3,Surface area concentration,
Volume_density,um^3 cm^-3,Volume density,
Effective_radius,um,Effective radius,
Extinction,km^-1,Extinction,
Bin01,cm^-3,particle concentration in size range [140 - 170 nm],
Bin02,cm^-3,particle concentration in size range [170 - 205 nm],
Bin03,cm^-3,particle concentration in size range [205 - 249 nm],
Bin04,cm^-3,particle concentration in size range [249 - 302 nm],
Bin05,cm^-3,particle concentration in size range [302 - 366 nm],
Bin06,cm^-3,particle concentration in size range [366 - 443 nm],
Bin07,cm^-3,particle concentration in size range [443 - 537 nm],
Bin08,cm^-3,particle concentration in size range [537 - 651 nm],
Bin09,cm^-3,particle concentration in size range [651 - 789 nm],
Bin10,cm^-3,particle concentration in size range [789 - 956 nm],
Bin11,cm^-3,particle concentration in size range [956 - 1159 nm],
Bin12,cm^-3,particle concentration in size range [1159 - 1404 nm],
Bin13,cm^-3,particle concentration in size range [1404 - 1702 nm],
Bin14,cm^-3,particle concentration in size range [1702 - 2062 nm],
Bin15,cm^-3,particle concentration in size range [2062 - 2500 nm],
0
19
PI_CONTACT_INFO: 325 Broadway R/CSL6, Boulder, CO 80305; troy.thornberry@noaa.gov; 303-497-3373 
PLATFORM: GML ECC/FPH balloon
LOCATION: Scott Base, Antarctica
ASSOCIATED_DATA: N/A
INSTRUMENT_INFO: Printed Optical Particle Spectrometer counts particles from 140 - 2500 nm in diameter 
DATA_INFO: Particle concentrations reported in number per cubic centimeter, binned to 100 m altitude
UNCERTAINTY: Counting uncertainty dominated by air flow, less than 5 percent
ULOD_FLAG: -77777
ULOD_VALUE: 3000 ~3000 per cm3 (varies depending on flow rate- manufacturer quotes 1250  per cm3 at 1.667 cc/s)
LLOD_FLAG: -88888
LLOD_VALUE: 0 0 (varies depending on data field and measurement precision)
DM_CONTACT_INFO: Troy Thornberry, 325 Broadway R/CSL6, Boulder, CO 80305; troy.thornberry@noaa.gov; 303-497-3373
PROJECT_INFO: B2SAP Scott Base, Antarctica
STIPULATIONS_ON_USE: Please contact the PIs for questions regarding applications and uncertainties
OTHER_COMMENTS: POPS bin Edges (nm):  140, 170, 205, 249, 302, 366, 443, 537, 651, 789, 956, 1159, 1404, 1702, 2062, 2500
Calculations assume sulfate refractive index of 1.45+0.00j and extinction wavelength = 532 nm
REVISION: R0
R0: QA/QC data
TIME_START,TIME_STOP,TIME_MID,GPSAlt,GPS_Lon,GPS_Lat,iMet_Pressure,iMet_Temperature,THETA,Aerosol_concentration,Surface_Area_Conc,Volume_density,Effective_radius,Extinction,Bin01,Bin02,Bin03,Bin04,Bin05,Bin06,Bin07,Bin08,Bin09,Bin10,Bin11,Bin12,Bin13,Bin14,Bin15
85092,88392,86742,15.2,165.811,-77.0093,130.231,-69.8632,393.453,7.48685,2.57726,252.037,0.293378,0.0013427,1.37514,1.26401,1.23623,0.722293,1.09733,0.583391,0.916757,0.152793,0.111122,0,0,0.0138903,0,0,0.0138903
85093,88220,86656,14.5,161.751,-72.9393,295.459,-62.2689,355.435,10.122,3.7702,341.35,0.271617,0.00224369,2.40813,1.93825,1.3509,0.743974,1.0768,0.548191,1.13554,0.567769,0.176204,0.0978913,0.0587348,0.0195783,0,0,0
85095,88270,86682,14.7,165.919,-77.0568,133.236,-70.7844,383.572,7.24201,2.72866,212.081,0.23317,0.00158405,1.28357,1.2025,0.864718,0.608005,0.878229,0.743117,1.17548,0.324269,0.135112,0.0135112,0,0.0135112,0,0,0
85096,88343,86720,15,164.176,-75.8281,181.283,-67.6415,381.216,8.84348,3.62302,333.558,0.276199,0.00214972,1.69409,1.5853,1.11903,0.65277,1.02578,0.714938,1.30554,0.43518,0.155421,0.0621686,0.0777107,0.0155421,0,0,0
85097,88369,86733,15.1,165.533,-76.8965,135.741,-69.618,390.986,7.94781,2.87766,220.851,0.23024,0.00161488,1.4661,1.14201,1.15745,0.725334,0.987688,0.756199,1.29634,0.29322,0.0617305,0.0462979,0.0154326,0,0,0,0
85098,88147,86622,14.2,165.574,-76.632,155.332,-69.5878,373.254,7.92394,3.4813,298.955,0.257624,0.00227873,1.73336,1.08573,0.64763,0.571438,0.819061,0.780965,1.40955,0.533342,0.247623,0.0761917,0.0190479,0,0,0,0
85099,88124,86612,14.1,165.807,-76.8552,148.253,-69.9818,373.025,6.97542,4.1927,496.175,0.355028,0.00272375,1.55533,0.926914,0.644127,0.37705,0.549864,0.534154,1.17828,0.644127,0.251367,0.0628416,0.125683,0.125683,0,0,0
85100,88197,86648,14.4,164.738,-76.0283,176.042,-68.2229,373.321,8.19971,3.42738,313.073,0.274034,0.00203518,1.53655,1.30678,0.904697,0.875977,0.890337,0.761094,1.16318,0.488249,0.143603,0.0430808,0.0718014,0.0143603,0,0,0
85106,88440,86773,15.4,164.659,-76.3486,158.01,-67.2776,393.863,8.6041,2.31764,146.66,0.189839,0.0010156,1.59109,1.59109,1.48093,1.11376,1.21167,0.648673,0.820021,0.110152,0.0122391,0.0244782,0,0,0,0,0
85107,87958,86532,13.4,166.323,-76.7551,161.572,-69.0173,362.507,8.69547,5.49775,631.662,0.344684,0.00380541,1.66443,1.08888,0.591105,0.684437,0.762214,0.793325,1.30665,0.995545,0.311108,0.264442,0.108888,0.124443,0,0,0
85108,88465,86786,15.5,165.437,-76.8542,134.907,-68.275,399.786,7.2462,1.88763,113.283,0.18004,0.000774978,1.47639,1.27275,1.05214,0.967291,1.12002,0.695771,0.54304,0.11879,0,0,0,0,0,0,0
85109,88415,86762,15.3,165.808,-77.0631,127.018,-69.2361,397.049,7.46564,2.15762,141.907,0.19731,0.00102655,1.39235,1.45865,0.994534,0.954753,1.0741,0.530418,0.848669,0.172386,0.0265209,0.0132605,0,0,0,0,0
85117,85204,85160,0.1,166.769,-77.8483,966.939,-23.4527,252.112,26.8591,6.16846,554.758,0.269804,0.00289296,12.2648,6.17653,2.57649,1.39413,1.48237,0.900008,0.970597,0.494122,0.31765,0.105883,0.0705889,0.0882361,0,0.0176472,0
85205,85223,85214,0.2,166.769,-77.8486,953.673,-20.1674,256.435,19.2849,6.19347,811.942,0.393289,0.00316104,7.973,3.92579,2.2462,1.33558,1.09275,0.728497,0.910621,0.445193,0.20236,0.0809441,0.121416,0.10118,0.0607081,0.0404721,0.020236
85224,85241,85232,0.3,166.772,-77.8489,940.423,-20.2772,257.348,18.3905,4.75706,404.191,0.254899,0.00238601,7.51761,3.86499,2.03867,1.08305,1.08305,0.743267,1.04057,0.679558,0.148653,0.0637086,0.0849448,0.0424724,0,0,0
85242,85261,85252,0.4,166.775,-77.8491,926.938,-21.1775,257.495,18.3706,6.20581,768.156,0.37134,0.00349531,6.84357,4.05262,2.00719,1.03227,1.1852,0.707297,1.35724,0.516135,0.229394,0.229394,0.0955806,0.0191161,0.0573484,0,0.0382323
85262,85282,85272,0.5,166.779,-77.8493,914.484,-21.8033,257.852,17.652,4.76444,448.594,0.282464,0.0023922,6.47544,4.00599,2.21336,1.15241,1.31704,0.548766,1.07924,0.420721,0.256091,0.0548766,0.0548766,0.0182922,0.0365844,0.0182922,0
85283,85301,85292,0.6,166.782,-77.8494,902.339,-22.0279,258.605,18.1727,5.0699,529.987,0.313608,0.0025532,7.34597,3.845,2.26653,1.35587,0.890421,0.809474,0.647579,0.445211,0.242842,0.121421,0.0607105,0.0809474,0.0404737,0.0202368,0
85302,85323,85312,0.7,166.781,-77.8496,890.285,-22.0118,259.615,17.6444,5.09557,485.506,0.28584,0.00258983,6.30284,3.93269,2.14191,1.24652,1.33431,0.63204,1.0534,0.509143,0.193123,0.122897,0.0351133,0.0702267,0.0702267,0,0
85324,85343,85334,0.8,166.779,-77.8495,878.893,-22.3475,260.225,17.4278,4.63409,386.595,0.250272,0.00241432,6.40046,3.77859,2.40981,1.00248,1.09887,0.578355,1.21455,0.597634,0.115671,0.154228,0.038557,0.0192785,0.0192785,0,0
85344,85362,85353,0.9,166.777,-77.8492,867.073,-22.8206,260.745,16.9207,5.16787,554.909,0.32213,0.00270477,6.52263,3.49427,1.71537,1.46124,1.10122,0.868272,0.698853,0.465902,0.254128,0.127064,0.105887,0.0211774,0.0635321,0.0211774,0
85363,85385,85374,1,166.776,-77.8487,854.373,-23.1635,261.485,16.424,4.46161,433.673,0.291603,0.00217027,6.45944,3.52181,2.28668,0.884626,1.16837,0.534114,0.667642,0.433968,0.200293,0.0834553,0.0166911,0.116837,0.0500732,0,0
85386,85404,85395,1.1,166.776,-77.8482,843.026,-23.4974,262.133,17.012,4.83446,452.136,0.280571,0.00232377,5.91369,3.64543,2.167,1.25565,1.43792,0.587319,1.13413,0.546814,0.101262,0.0405047,0.0405047,0.0607571,0.0810094,0,0
85405,85423,85414,1.2,166.776,-77.8483,831.825,-23.9574,262.653,16.4587,5.0922,573.888,0.338098,0.00271538,6.26124,3.46714,2.03949,0.999351,1.06054,0.611847,0.999351,0.530268,0.163159,0.122369,0.142764,0.0407898,0,0,0.0203949
85424,85441,85432,1.3,166.775,-77.8481,820.352,-24.2278,263.415,17.9592,5.44346,610.778,0.336612,0.0028912,6.78316,3.44542,2.6056,1.48584,1.07669,0.624482,0.667549,0.689083,0.236872,0.150737,0.0646016,0.0861354,0.0215339,0,0.0215339
85442,85461,85452,1.4,166.774,-77.8476,809.395,-23.8094,264.871,16.0551,4.61084,437.356,0.284562,0.00235186,6.22458,3.36986,1.69566,1.22345,1.03027,0.493673,0.987346,0.665386,0.128784,0.0643922,0.0429281,0.0858562,0.0429281,0,0
85462,85482,85472,1.5,166.774,-77.8475,797.807,-23.872,265.895,14.2877,4.10994,412.185,0.30087,0.00212717,5.41084,2.92686,1.6945,0.962783,1.11683,0.654692,0.750971,0.365858,0.173301,0.115534,0.0192557,0.0385113,0.0385113,0.0192557,0
85483,85503,85493,1.6,166.776,-77.8477,786.442,-24.0176,266.834,13.6812,3.79544,427.258,0.337714,0.00194136,5.83978,2.84643,1.59768,1.01002,0.771292,0.257097,0.624379,0.348918,0.165277,0.0734563,0.0367282,0.0734563,0,0.0367282,0
85504,85523,85514,1.7,166.778,-77.8477,775.389,-24.261,267.656,14.409,3.5848,318.906,0.266882,0.00174882,6.1615,2.97452,1.81561,1.00438,0.676027,0.328356,0.714657,0.386301,0.173835,0.0579452,0.0193151,0.0965753,0,0,0
85524,85545,85534,1.8,166.778,-77.8478,764.567,-24.0491,268.959,14.1606,3.70395,331.903,0.268823,0.00185742,5.37788,3.31752,1.7286,0.907953,0.942875,0.55874,0.54128,0.419055,0.139685,0.122224,0.0523819,0.0349213,0.0174606,0,0
85546,85561,85554,1.9,166.779,-77.8476,754.102,-24.31,269.734,12.7892,4.34876,544.406,0.375559,0.0022007,5.13958,2.58174,1.52992,0.932295,0.62153,0.597625,0.62153,0.19124,0.23905,0.023905,0.071715,0.19124,0.023905,0.023905,0
85562,85582,85572,2,166.777,-77.8475,744.302,-24.871,270.139,12.2309,2.98116,274.07,0.275802,0.00145298,4.66466,3.01182,1.50591,0.918239,0.661132,0.367296,0.495849,0.367296,0.146918,0.0367296,0.0183648,0,0.0183648,0.0183648,0
85583,85599,85591,2.1,166.777,-77.8475,734.288,-25.4659,270.537,11.0448,3.46883,386.648,0.33439,0.00187658,4.19017,2.32281,1.32082,0.751498,0.819817,0.364363,0.364363,0.59209,0.0910907,0.0910907,0.0455454,0.0455454,0.0227727,0.0227727,0
85600,85621,85610,2.2,166.778,-77.8471,723.946,-26.015,271.03,12.4725,3.54941,341.07,0.288276,0.00192138,5.23496,2.45938,1.40536,0.860781,0.720246,0.368906,0.57971,0.421607,0.158103,0.140536,0.0878348,0.0351339,0,0,0
85622,85642,85632,2.3,166.778,-77.8468,712.805,-26.8343,271.33,10.775,2.97195,273.668,0.276251,0.00153769,4.61257,2.14023,1.12547,0.516607,0.66421,0.369005,0.66421,0.442806,0.110702,0.0369005,0.0184503,0.0369005,0.0369005,0,0
85643,85660,85652,2.4,166.779,-77.8467,703.807,-27.4872,271.601,11.269,2.72262,236.727,0.260844,0.00128033,4.9748,2.37925,1.18963,0.562369,0.713776,0.475851,0.54074,0.194666,0.0865183,0.0648888,0.0432592,0.0432592,0,0,0
85661,85680,85670,2.5,166.779,-77.8465,693.893,-28.0737,272.05,11.2674,3.26288,329.04,0.30253,0.00158732,4.41697,2.53567,1.26783,0.531672,0.715713,0.57257,0.593019,0.38853,0.0408979,0.0408979,0.0613468,0.0613468,0.0408979,0,0
85681,85701,85691,2.6,166.78,-77.8466,683.757,-28.6333,272.569,10.7233,3.47975,382.265,0.329563,0.00188891,3.99569,2.06289,1.37526,0.836308,0.576123,0.576123,0.4832,0.446031,0.148677,0.0743385,0.0557539,0.0743385,0,0.0185846,0
85702,85722,85712,2.7,166.781,-77.8466,674.291,-29.0171,273.231,10.0442,3.49743,468.272,0.40167,0.00186998,3.9466,2.1884,1.19707,0.710762,0.598537,0.374085,0.39279,0.187043,0.112226,0.13093,0.0561128,0.0561128,0.0561128,0.0374085,0
85723,85741,85732,2.8,166.783,-77.8468,665.22,-29.6416,273.59,10.4282,3.28991,410.462,0.374292,0.00167521,3.93126,2.21392,1.30352,0.682798,0.682798,0.455199,0.620725,0.227599,0.124145,0.0413817,0.0413817,0.0413817,0.0413817,0,0.0206908
85742,85759,85750,2.9,166.784,-77.8467,656.474,-30.2535,273.933,10.0162,2.94804,306.771,0.312177,0.00153105,4.08069,2.20265,1.22885,0.486901,0.60283,0.347786,0.370972,0.394158,0.0463715,0.115929,0.0463715,0.0695573,0.0231858,0,0
85761,85778,85770,3,166.784,-77.8466,647.056,-30.8956,274.337,9.16366,2.60261,259.911,0.299596,0.00138639,3.77973,2.19752,0.922958,0.505429,0.395553,0.263702,0.505429,0.307653,0.109876,0.0879008,0.0219752,0,0.0659256,0,0
85779,85796,85788,3.1,166.786,-77.8466,638.538,-31.2841,274.943,8.30409,2.21525,220.859,0.299099,0.00107506,3.47559,1.91274,1.04967,0.396544,0.349891,0.303239,0.373217,0.233261,0.0699783,0.0466522,0,0.0466522,0.0466522,0,0
85797,85816,85806,3.2,166.787,-77.8465,628.707,-31.8924,275.467,8.01355,2.00779,194.452,0.290547,0.00093021,3.63621,1.78336,0.83378,0.393729,0.393729,0.324248,0.185284,0.277927,0.0926422,0,0,0.0694817,0.0231606,0,0
85817,85833,85825,3.3,166.787,-77.8464,620.188,-32.34,276.026,8.82248,2.27331,296.383,0.391125,0.00105633,3.92662,1.8639,1.01893,0.596449,0.497041,0.248521,0.372781,0.149112,0.0497041,0.0248521,0,0.0497041,0,0,0.0248521
85834,85851,85842,3.4,166.786,-77.8464,611.952,-32.5306,276.867,8.85231,1.52563,91.9086,0.180729,0.000588856,3.97308,2.43961,0.766735,0.627329,0.325282,0.302047,0.20911,0.0929376,0.0929376,0.0232344,0,0,0,0,0
85853,85868,85860,3.5,166.786,-77.8463,603.274,-32.555,277.971,10.1887,2.38456,208.852,0.262755,0.000949738,3.33962,2.74528,1.69811,0.537736,0.849056,0.424528,0.283019,0.141509,0.0566037,0,0.0849056,0.0283019,0,0,0
85870,85887,85878,3.6,166.786,-77.8462,594.724,-33.026,278.558,10.9455,2.08617,133.992,0.192687,0.000722996,4.23612,2.34171,1.81548,0.710405,0.841961,0.473603,0.420981,0.0263113,0.0263113,0.0263113,0,0.0263113,0,0,0
85888,85904,85896,3.7,166.785,-77.8463,585.607,-32.955,279.875,12.3317,2.3366,141.435,0.181591,0.000729758,4.38585,2.33532,2.13597,1.28158,1.22462,0.569591,0.313275,0.0284796,0,0.0284796,0.0284796,0,0,0,0
85905,85923,85914,3.8,166.785,-77.8463,577.31,-33.3362,280.574,11.6988,2.02578,104.166,0.15426,0.000618042,4.21554,2.99328,1.79597,0.648545,1.12248,0.498881,0.324273,0.0748321,0.024944,0,0,0,0,0,0
85924,85939,85932,3.9,166.785,-77.8462,569.053,-33.8615,281.11,8.60384,1.52008,99.8921,0.197145,0.000528048,3.76225,2.15867,1.0485,0.678439,0.308381,0.0925144,0.431734,0.0925144,0,0,0.0308381,0,0,0,0
85941,85954,85948,4,166.785,-77.8462,560.704,-34.7155,281.293,7.18985,1.3721,91.369,0.199771,0.000572295,2.91189,1.90531,0.790883,0.539239,0.46734,0.251645,0.107848,0.107848,0.0359492,0.0718985,0,0,0,0,0
85956,85973,85964,4.1,166.785,-77.8464,552.886,-35.4129,281.601,8.67698,1.64784,118.574,0.215871,0.000599739,3.60123,2.18342,1.07753,0.595479,0.538767,0.198493,0.311918,0.113425,0,0.0283561,0,0,0.0283561,0,0
85974,85992,85983,4.2,166.786,-77.8465,544.807,-35.9827,282.107,9.01463,1.48321,78.4783,0.158734,0.000445249,3.41382,2.16031,1.46688,0.880127,0.693433,0.0800115,0.186694,0.106682,0,0.0266705,0,0,0,0,0
85994,86005,86000,4.3,166.785,-77.8465,537.242,-36.56,282.545,8.77754,1.60239,83.2285,0.155821,0.000498724,2.75296,2.15449,1.35653,0.95755,0.95755,0.19949,0.279285,0.119694,0,0,0,0,0,0,0
86010,86026,86018,4.4,166.784,-77.8468,528.216,-37.2767,283.061,10.2381,2.00199,127.058,0.190398,0.000662366,3.25146,2.28408,1.85414,0.994248,1.10173,0.429945,0.214972,0,0.0537431,0.0268716,0.0268716,0,0,0,0
86027,86044,86036,4.5,166.784,-77.847,521.142,-37.9182,283.377,9.40415,2.09798,150.824,0.21567,0.000855173,3.15892,2.10595,1.37976,0.762499,0.980356,0.435714,0.326785,0.145238,0.0363095,0.0363095,0.0363095,0,0,0,0
86045,86062,86054,4.6,166.782,-77.8474,513.608,-38.6272,283.701,6.58911,1.23258,88.6991,0.215886,0.000427447,2.73426,1.52401,0.874066,0.515475,0.560299,0.134472,0.0672358,0.134472,0,0.0224119,0,0,0.0224119,0,0
86063,86079,86071,4.7,166.781,-77.8477,506.436,-39.28,284.054,5.75728,0.941672,54.1211,0.17242,0.000324547,2.72387,1.23812,0.928594,0.185719,0.216672,0.216672,0.185719,0.0309531,0,0.0309531,0,0,0,0,0
86080,86097,86088,4.8,166.779,-77.8481,498.845,-40.0038,284.395,4.96109,0.806907,43.402,0.161364,0.000269258,2.18413,1.40408,0.561632,0.156009,0.187211,0.280816,0.124807,0.0312018,0.0312018,0,0,0,0,0,0
86098,86116,86107,4.9,166.778,-77.8484,491.775,-40.7267,284.672,5.8771,1.26302,96.4402,0.229071,0.00049057,2.23112,1.36044,0.789055,0.435341,0.408132,0.299297,0.190462,0.108835,0.0272088,0,0,0,0.0272088,0,0
86117,86133,86125,5,166.778,-77.8486,484.891,-41.3006,285.119,5.5661,1.14996,101.618,0.265102,0.000419568,2.31285,1.49954,0.533735,0.508319,0.279576,0.25416,0.025416,0.0508319,0.0508319,0,0.025416,0,0.025416,0,0
86136,86151,86144,5.1,166.776,-77.8489,477.561,-41.882,285.641,5.81713,1.02703,69.599,0.203302,0.000333434,2.49697,1.50916,0.7683,0.274393,0.329271,0.164636,0.219514,0.0274393,0,0,0.0274393,0,0,0,0
86154,86171,86162,5.2,166.775,-77.8493,469.857,-42.5829,286.099,5.10541,1.033,91.7195,0.266368,0.000328679,1.89629,1.48786,0.758518,0.350085,0.262564,0.145869,0.145869,0,0,0,0,0.0583475,0,0,0
86172,86189,86180,5.3,166.773,-77.8496,462.717,-43.3792,286.367,7.24863,1.09257,49.82,0.136796,0.000255832,2.68846,1.83768,1.42931,0.442405,0.476436,0.238218,0.102093,0.0340311,0,0,0,0,0,0,0
86192,86208,86200,5.4,166.771,-77.8501,455.64,-44.0762,286.76,8.47579,1.37941,69.4693,0.151085,0.000393236,3.32635,2.015,1.18341,0.799603,0.671667,0.287857,0.0639682,0.0959524,0.0319841,0,0,0,0,0,0
86209,86226,86218,5.5,166.77,-77.8506,449.475,-44.634,287.175,8.18983,1.5264,93.4578,0.183683,0.000577597,3.52963,1.65451,1.02028,0.551504,0.799681,0.220602,0.303327,0.0275752,0.0275752,0.0551504,0,0,0,0,0
86228,86243,86236,5.6,166.767,-77.8512,442.856,-45.3375,287.505,9.63029,1.97125,148.469,0.225951,0.000658571,3.58978,1.96748,1.69134,0.690343,0.862929,0.48324,0.172586,0.103551,0,0,0.0345172,0.0345172,0,0,0
86244,86264,86254,5.7,166.764,-77.8521,436.312,-46.0221,287.861,7.4506,1.25421,66.2402,0.158443,0.000401443,2.79123,2.13188,0.945062,0.593411,0.417585,0.24176,0.263738,0.0219782,0.0439564,0,0,0,0,0,0
86265,86283,86274,5.8,166.761,-77.853,429.847,-46.7607,288.15,7.15577,1.24822,83.1574,0.199862,0.000397297,2.95141,1.67061,1.30864,0.501182,0.222748,0.194904,0.167061,0.111374,0,0,0,0.0278435,0,0,0
86284,86299,86292,5.9,166.757,-77.8538,423.162,-47.725,288.219,8.09152,1.53657,109.461,0.213712,0.000558694,3.45285,1.95313,0.941685,0.523159,0.592913,0.209263,0.313895,0.0348772,0,0.0348772,0.0348772,0,0,0,0
86300,86317,86308,6,166.754,-77.8547,416.95,-48.439,288.521,8.71356,1.62566,91.8304,0.169464,0.000588518,3.29364,2.08458,1.12568,0.708759,0.667067,0.333533,0.416917,0,0.0833834,0,0,0,0,0,0
86318,86334,86326,6.1,166.751,-77.8559,410.498,-49.1618,288.874,8.68505,1.56991,79.9791,0.152835,0.000473101,3.04739,1.9808,1.25705,0.838031,0.64757,0.571385,0.342831,0,0,0,0,0,0,0,0
86336,86354,86345,6.2,166.747,-77.8567,403.525,-49.8985,289.334,9.88634,1.74918,92.0087,0.157803,0.000563147,3.28461,2.69923,1.49596,0.975626,0.650417,0.292688,0.325209,0.162604,0,0,0,0,0,0,0
