data/B2SAP/Locations/Antarctica/NOAA-POPS-B2SAP_GMLBalloon_20221118_R0.ict
61,1001
Thornberry, T. D.
NOAA Chemical Sciences Laboratory
Portable Optical Particle Spectrometer (POPS)
Balloon Baseline Stratospheric Aerosol Profiles (B2SAP)
1,1
2022,11,18,2024,05,28
0
TIME_START,s,Seconds since midnight UTC on flight start day,Start time of 100 m altitude bin in UTC_seconds_since_midnight
28
1.0,1.0,1.0,1.0,1.0,1.0,1.0,1.0,1.0,1.0,1.0,1.0,1.0,1.0,1.0,1.0,1.0,1.0,1.0,1.0,1.0,1.0,1.0,1.0,1.0,1.0,1.0,1.0
99999,99999,99999,99999,99999,99999,99999,99999,99999,99999,99999,99999,99999,99999,99999,99999,99999,99999,99999,99999,99999,99999,99999,99999,99999,99999,99999,99999
TIME_STOP,s,End time of 100 m altitude bin in UTC seconds since midnight,
TIME_MID,s,Mid time of 100 m altitude in UTC seconds since midnight,
GPSAlt,m,GPS reported altitude above sea level (m),
GPS_Lon,deg,GPS reported longitude,
GPS_Lat,deg,GPS reported latitude,
iMet_Pressure,mb,Pressure reported (mB),
iMet_Temperature,degrees C,Ambient temperature (oC),
THETA,K,Potential temperature from iMet,
Aerosol_concentration,cm^-3,Aerosol concentration,
Surface_Area_Conc,um^2 cm^-3,Surface area concentration,
Volume_density,um^3 cm^-3,Volume density,
Effective_radius,um,Effective radius,
Extinction,km^-1,Extinction,
Bin01,cm^-3,particle concentration in size range [140 - 170 nm],
Bin02,cm^-3,particle concentration in size range [170 - 205 nm],
Bin03,cm^-3,particle concentration in size range [205 - 249 nm],
Bin04,cm^-3,particle concentration in size range [249 - 302 nm],
Bin05,cm^-3,particle concentration in size range [302 - 366 nm],
Bin06,cm^-3,particle concentration in size range [366 - 443 nm],
Bin07,cm^-3,particle concentration in size range [443 - 537 nm],
Bin08,cm^-3,particle concentration in size range [537 - 651 nm],
Bin09,cm^-3,particle concentration in size range [651 - 789 nm],
Bin10,cm^-3,particle concentration in size range [789 - 956 nm],
Bin11,cm^-3,particle concentration in size range [956 - 1159 nm],
Bin12,cm^-3,particle concentration in size range [1159 - 1404 nm],
Bin13,cm^-3,particle concentration in size range [1404 - 1702 nm],
Bin14,cm^-3,particle concentration in size range [1702 - 2062 nm],
Bin15,cm^-3,particle concentration in size range [2062 - 2500 nm],
0
19
PI_CONTACT_INFO: 325 Broadway R/CSL6, Boulder, CO 80305; troy.thornberry@noaa.gov; 303-497-3373 
PLATFORM: GML ECC/FPH balloon
LOCATION: Scott Base, Antarctica
ASSOCIATED_DATA: N/A
INSTRUMENT_INFO: Printed Optical Particle Spectrometer counts particles from 140 - 2500 nm in diameter 
DATA_INFO: Particle concentrations reported in number per cubic centimeter, binned to 100 m altitude
UNCERTAINTY: Counting uncertainty dominated by air flow, less than 5 percent
ULOD_FLAG: -77777
ULOD_VALUE: 3000 ~3000 per cm3 (varies depending on flow rate- manufacturer quotes 1250  per cm3 at 1.667 cc/s)
LLOD_FLAG: -88888
LLOD_VALUE: 0 0 (varies depending on data field and measurement precision)
DM_CONTACT_INFO: Troy Thornberry, 325 Broadway R/CSL6, Boulder, CO 80305; troy.thornberry@noaa.gov; 303-497-3373
PROJECT_INFO: B2SAP Scott Base, Antarctica
STIPULATIONS_ON_USE: Please contact the PIs for questions regarding applications and uncertainties
OTHER_COMMENTS: POPS bin Edges (nm):  140, 170, 205, 249, 302, 366, 443, 537, 651, 789, 956, 1159, 1404, 1702, 2062, 2500
Calculations assume sulfate refractive index of 1.45+0.00j and extinction wavelength = 532 nm
REVISION: R0
R0: QA/QC data
TIME_START,TIME_STOP,TIME_MID,GPSAlt,GPS_Lon,GPS_Lat,iMet_Pressure,iMet_Temperature,THETA,Aerosol_concentration,Surface_Area_Conc,Volume_density,Effective_radius,Extinction,Bin01,Bin02,Bin03,Bin04,Bin05,Bin06,Bin07,Bin08,Bin09,Bin10,Bin11,Bin12,Bin13,Bin14,Bin15
[from data line 78]
69915,69931,69923,7.9,167.13,-77.9449,316.461,-57.3033,299.855,6.27974,0.952408,44.5291,0.140263,0.000236279,2.59688,1.41648,0.755457,0.991537,0.23608,0.0944321,0.141648,0.0472161,0,0,0,0,0,0,0
69932,69948,69940,8,167.14,-77.9462,311.347,-58.0187,300.253,7.941,1.35193,68.1054,0.151129,0.000397306,2.50488,2.61147,1.01261,0.746134,0.266476,0.532953,0.213181,0.0532953,0,0,0,0,0,0,0
69951,69962,69956,8.1,167.149,-77.9475,306.363,-58.3756,301.143,11.7914,1.9941,107.315,0.161448,0.000608882,4.71657,2.40641,2.02139,1.01069,0.866309,0.336898,0.385026,0,0,0.0481283,0,0,0,0,0
69965,69977,69971,8.2,167.154,-77.9484,301.654,-58.8471,301.819,9.42594,1.79862,93.6985,0.156284,0.000561721,2.58751,2.5259,1.54019,0.862504,0.924111,0.616074,0.308037,0.0616074,0,0,0,0,0,0,0
69979,69995,69987,8.3,167.162,-77.9496,296.754,-59.4078,302.439,10.6734,1.87442,97.9299,0.156736,0.000595692,4.40338,2.15383,1.43588,0.813667,0.957256,0.478628,0.287177,0.143588,0,0,0,0,0,0,0
69997,70014,70006,8.4,167.17,-77.9514,292.292,-59.897,303.052,10.7709,1.93775,107.355,0.166205,0.000674208,4.1959,2.72517,1.25444,0.605594,1.16793,0.346053,0.302797,0.0865134,0.0865134,0,0,0,0,0,0
70015,70033,70024,8.5,167.178,-77.9529,287.362,-60.276,303.986,10.9862,2.3307,166.017,0.213691,0.0008878,3.73359,2.48906,2.017,0.858297,0.600808,0.600808,0.514978,0.0858297,0,0.0429149,0,0.0429149,0,0,0
70035,70049,70042,8.6,167.189,-77.9541,282.797,-60.5086,305.055,12.5368,2.578,189.126,0.220085,0.000957795,4.44655,3.02613,1.72922,1.23515,1.1734,0.370546,0.247031,0.185273,0,0.0617577,0.0617577,0,0,0,0
70051,70069,70060,8.7,167.197,-77.9551,278.432,-60.9889,305.719,10.6966,2.32036,175.739,0.227213,0.0008953,4.01729,2.32325,1.25843,1.06482,1.01642,0.387209,0.290406,0.242005,0.0484011,0,0,0,0.0484011,0,0
70070,70084,70077,8.8,167.206,-77.9562,274.347,-61.2857,306.58,11.4549,2.06498,120.914,0.175664,0.000749218,4.21045,3.09592,1.60988,1.11453,0.495347,0.123837,0.743021,0,0,0.0619184,0,0,0,0,0
70087,70107,70097,8.9,167.218,-77.9575,269.124,-61.609,307.795,13.3163,2.89315,200.348,0.207748,0.00107579,4.36671,3.15614,1.77262,1.1241,1.29704,0.82146,0.475582,0.259408,0,0,0,0,0.0432347,0,0
70108,70126,70117,9,167.229,-77.9585,264.461,-61.562,309.413,12.3797,2.37193,140.296,0.177446,0.000900054,4.56093,2.82343,2.085,0.738436,1.0425,0.390937,0.434374,0.260624,0,0.0434374,0,0,0,0,0
70128,70146,70137,9.1,167.238,-77.9592,260.543,-61.748,310.46,7.31943,1.09537,51.6773,0.141534,0.000283127,3.1861,1.9375,0.731943,0.602776,0.47361,0.172222,0.172222,0.0430554,0,0,0,0,0,0,0
70149,70160,70154,9.2,167.245,-77.9602,256.323,-62.0567,311.453,9.50726,2.08745,162.192,0.233096,0.00082272,4.10541,1.87264,0.792272,1.00835,0.648222,0.216074,0.792272,0,0,0,0.0720247,0,0,0,0
70163,70175,70169,9.3,167.253,-77.9612,252.829,-61.9571,312.821,12.5765,2.19637,115.877,0.158275,0.000709943,4.83234,3.09766,1.42492,1.30102,0.99125,0.371719,0.309766,0.247812,0,0,0,0,0,0,0
70179,70192,70186,9.4,167.26,-77.9621,248.432,-62.0733,314.227,13.4645,2.2973,130.481,0.170393,0.000763691,5.64642,3.40233,1.59258,0.86868,0.86868,0.65151,0.28956,0.07239,0,0.07239,0,0,0,0,0
70194,70208,70201,9.5,167.267,-77.9633,243.833,-62.345,315.502,12.319,2.67212,168.831,0.189548,0.0011137,4.81098,2.11392,1.45787,0.947618,1.53077,0.583149,0.583149,0.218681,0,0.0728937,0,0,0,0,0
70211,70223,70217,9.6,167.275,-77.9644,239.889,-62.8729,316.178,15.6934,3.10658,173.986,0.168017,0.00113876,5.56458,3.87645,1.68813,1.12542,1.62561,0.812804,0.75028,0.250093,0,0,0,0,0,0,0
70225,70244,70234,9.7,167.282,-77.9649,236.023,-63.0544,317.372,12.4721,2.50491,141.604,0.169591,0.000931307,4.67102,2.69667,1.54096,0.577858,1.44465,0.818633,0.481549,0.240774,0,0,0,0,0,0,0
70245,70259,70252,9.8,167.29,-77.9659,232.173,-63.4471,318.279,13.4533,2.51039,131.067,0.156629,0.000794802,4.46376,3.03783,1.8599,1.7359,1.05394,0.619966,0.619966,0.0619966,0,0,0,0,0,0,0
70262,70277,70270,9.9,167.299,-77.9667,228.345,-63.8727,319.143,13.4045,2.97635,184.867,0.186336,0.00129546,4.78451,2.92607,1.26533,1.46303,1.10716,0.55358,0.988536,0.197707,0.118624,0,0,0,0,0,0
70278,70297,70288,10,167.308,-77.9668,224.948,-64.3008,319.854,14.4927,2.98361,172.996,0.173946,0.00117305,4.69672,3.58963,2.14707,1.10708,1.20773,0.50322,0.939343,0.301932,0,0,0,0,0,0,0
70298,70314,70306,10.1,167.319,-77.9669,221.253,-64.5667,320.959,12.7085,2.81002,191.773,0.204738,0.00108696,4.41404,2.91035,1.30966,1.11564,1.26115,0.970118,0.485059,0.145518,0.0485059,0,0.0485059,0,0,0,0
70316,70332,70324,10.2,167.33,-77.9677,217.66,-64.7144,322.243,13.3874,3.61482,277.431,0.230245,0.0018276,4.57604,2.77483,1.46044,0.973626,1.21703,0.584176,1.21703,0.38945,0.0973626,0.0486813,0.0486813,0,0,0,0
70335,70353,70344,10.3,167.338,-77.9685,214.223,-64.7382,323.675,13.936,3.58241,243.645,0.204034,0.00174786,4.22423,3.00039,1.69759,1.10541,1.42124,1.02645,0.829055,0.434267,0.157915,0.0394788,0,0,0,0,0
70355,70374,70364,10.4,167.346,-77.9693,210.779,-64.8143,325.055,14.5057,4.05119,307.859,0.227977,0.00197452,3.80581,3.2131,2.18366,0.904659,1.74693,0.779878,1.34139,0.311951,0.124781,0.0311951,0.0623903,0,0,0,0
70375,70395,70385,10.5,167.355,-77.9701,206.704,-65.1327,326.37,13.7783,3.4485,232.486,0.202249,0.00153034,4.05759,2.59803,2.24773,1.05089,1.48876,0.934122,0.934122,0.408678,0.0291913,0,0.0291913,0,0,0,0
70397,70417,70407,10.6,167.366,-77.9709,203.294,-65.4641,327.409,14.4758,3.51202,232.974,0.199009,0.00164734,4.76518,2.80759,1.93183,1.36516,1.41668,0.643943,0.978794,0.437881,0.0772732,0.0515155,0,0,0,0,0
70419,70437,70428,10.7,167.377,-77.9718,200.221,-65.76,328.369,12.0675,3.38688,249.431,0.220939,0.00171011,3.70187,2.21529,1.48658,0.932754,1.34083,0.757862,1.10764,0.349783,0.116594,0.0291485,0.0291485,0,0,0,0
70439,70451,70445,10.8,167.387,-77.9721,197.365,-65.7263,329.77,12.3627,3.39259,244.129,0.215878,0.00172519,3.40864,2.84901,1.32275,1.06838,1.27188,1.06838,0.966628,0.10175,0.203501,0.10175,0,0,0,0,0
70454,70470,70462,10.9,167.396,-77.9724,193.592,-65.7037,331.626,11.724,2.94326,194.931,0.198689,0.00138576,3.79858,2.36825,1.47723,0.891025,0.844129,1.05516,0.937921,0.281376,0.023448,0.0468961,0,0,0,0,0
70472,70491,70482,11,167.405,-77.973,190.516,-65.8629,332.898,11.7692,3.10726,207.413,0.200253,0.00152403,3.69966,2.14473,1.66217,0.643419,1.28684,0.670228,1.26003,0.348519,0.0268091,0.0268091,0,0,0,0,0
70493,70511,70502,11.1,167.417,-77.9734,187.53,-66.2564,333.77,12.2213,3.84511,319.272,0.2491,0.00197568,3.51866,2.04136,1.42358,1.04754,1.55788,0.913239,1.04754,0.45662,0.08058,0.05372,0.02686,0.05372,0,0,0
70513,70534,70524,11.2,167.428,-77.9737,184.434,-66.2029,335.445,11.3207,3.46799,283.952,0.245634,0.00182616,3.4205,1.94196,1.302,1.12545,1.32406,0.507558,0.97098,0.507558,0.132406,0.0220677,0.0441355,0.0220677,0,0,0
70535,70558,70546,11.3,167.441,-77.9743,181.405,-66.2861,336.896,12.1991,3.75922,289.241,0.230825,0.00205642,3.70552,2.0193,1.51968,0.85352,1.1866,0.978425,1.22824,0.416351,0.249811,0.0208176,0,0,0.0208176,0,0
70559,70581,70570,11.4,167.454,-77.9747,178.242,-66.1553,338.809,12.2611,3.82497,278.453,0.218396,0.00211515,3.21855,2.29897,1.48885,0.897691,1.2699,0.941481,1.37938,0.591162,0.131369,0.0437898,0,0,0,0,0
70585,70603,70594,11.5,167.466,-77.9753,175.388,-66.3947,339.989,11.7931,3.58206,292.554,0.245016,0.00186215,3.3538,2.30163,1.46866,0.986413,1.09601,0.876811,1.1837,0.306884,0.0876811,0.0876811,0,0,0.0438406,0,0
70607,70630,70618,11.6,167.48,-77.9763,172.366,-66.6639,341.232,11.413,3.11228,213.044,0.205358,0.00158319,3.35308,2.43671,1.39538,0.812236,0.937196,0.833063,1.16629,0.374878,0.0833063,0.0208266,0,0,0,0,0
70631,70649,70640,11.7,167.493,-77.9772,169.471,-67.0886,342.178,10.7503,3.17062,248.33,0.234967,0.00160113,3.03697,1.7738,1.82756,0.725647,1.20941,0.64502,1.04816,0.32251,0.0806274,0.0268758,0.0537516,0,0,0,0
70652,70674,70663,11.8,167.506,-77.9782,166.712,-67.2864,343.456,10.5672,3.55651,287.871,0.242826,0.00194428,2.50701,1.91395,1.42873,0.943498,0.997412,0.700884,1.5096,0.377399,0.107828,0.0269571,0.0269571,0.0269571,0,0,0
70675,70696,70686,11.9,167.522,-77.9787,163.965,-67.4881,344.762,11.0863,3.09357,210.67,0.204298,0.00155889,3.31883,1.83595,1.36519,1.01213,1.17689,0.776748,1.10628,0.423681,0.0470756,0.0235378,0,0,0,0,0
70698,70718,70708,12,167.534,-77.9787,161.293,-67.4386,346.464,10.6122,2.93426,205.781,0.210392,0.00149173,2.82095,2.1493,1.7463,0.77912,0.832852,0.913451,0.940317,0.268662,0.107465,0.0537324,0,0,0,0,0
70720,70741,70730,12.1,167.547,-77.9787,158.67,-67.6833,347.672,9.78697,3.07698,243.958,0.237854,0.00165824,2.81062,1.63116,1.17946,0.752844,1.15436,0.677559,1.10417,0.250948,0.150569,0.0501896,0,0,0.0250948,0,0
70742,70760,70751,12.2,167.56,-77.9787,156.058,-67.935,348.893,10.83,3.31783,255.036,0.230605,0.00175095,2.96799,2.05233,1.42085,0.663062,1.16825,0.915656,1.07353,0.378892,0.126297,0.0315744,0,0.0315744,0,0,0
70762,70780,70771,12.3,167.574,-77.979,153.582,-68.1585,350.122,9.73867,2.97303,225.42,0.227465,0.00168595,3.04334,1.73905,1.1014,0.49273,1.30429,0.434762,0.927493,0.521715,0.0869524,0.0869524,0,0,0,0,0
70783,70800,70792,12.4,167.587,-77.9794,151.066,-68.3425,351.459,10.714,3.4671,274.409,0.23744,0.00189297,2.35646,2.29362,1.4453,0.722648,1.47671,0.628389,1.16252,0.377034,0.157097,0.0628389,0,0.0314195,0,0,0
70804,70822,70813,12.5,167.602,-77.9798,148.377,-68.614,352.794,10.7082,3.59849,292.71,0.244028,0.00208922,2.90932,1.56467,1.54023,0.904577,1.29575,0.586753,1.12461,0.440065,0.220032,0.0977921,0.024448,0,0,0,0
70825,70843,70834,12.6,167.616,-77.9803,145.629,-68.9716,354.06,11.0235,3.9228,312.979,0.239354,0.00232477,2.57331,1.99953,1.28665,0.730263,1.46053,0.504229,1.56485,0.695488,0.104323,0.086936,0,0.0173872,0,0,0
70844,70862,70853,12.7,167.629,-77.9806,143.342,-69.3189,355.072,11.2799,3.87731,288.586,0.223289,0.00222596,2.50256,1.95052,1.26968,0.920058,1.47209,0.901657,1.39849,0.680843,0.147209,0.0368023,0,0,0,0,0
70864,70884,70874,12.8,167.643,-77.9811,141.062,-69.5271,356.333,10.5101,3.8193,294.534,0.231352,0.00223009,2.04495,1.42671,1.56938,0.951139,1.45049,0.998696,1.2127,0.61824,0.142671,0.0951139,0,0,0,0,0
70884,70905,70894,12.9,167.655,-77.9817,138.758,-69.6987,357.708,11.1524,3.7569,298.233,0.238149,0.00203825,2.09798,2.4734,1.43546,0.905443,1.32504,0.993779,1.25879,0.441679,0.132504,0.0441679,0.022084,0.022084,0,0,0
70906,70927,70916,13,167.671,-77.9826,136.186,-69.9515,359.176,10.5788,3.74173,293.262,0.235128,0.0020706,2.21223,1.4471,1.43047,0.981366,1.5968,0.931466,1.31403,0.432467,0.166333,0.0332667,0.0166333,0.0166333,0,0,0
70932,70950,70941,13.1,167.686,-77.9835,133.804,-69.7967,361.277,10.4454,3.85777,292.254,0.227272,0.00227529,1.93775,1.86393,1.05192,1.01501,1.1811,1.05192,1.51329,0.627461,0.166093,0.0369094,0,0,0,0,0
70952,70973,70962,13.2,167.7,-77.9843,131.748,-69.5596,363.298,10.9914,4.43994,364.132,0.246039,0.0026974,1.75287,1.75287,1.45115,1.04885,1.25,0.933908,1.6954,0.847701,0.186782,0.0431035,0,0.0143678,0.0143678,0,0
70975,70997,70986,13.3,167.714,-77.9848,129.559,-69.4064,365.311,11.445,4.3714,360.755,0.247578,0.00261914,2.2108,1.84985,1.59418,0.902367,1.47387,0.82717,1.50395,0.812131,0.150395,0.0902367,0.0150395,0,0.0150395,0,0
70998,71017,71008,13.4,167.729,-77.9851,127.382,-69.8,366.374,9.76492,3.9626,341.292,0.258385,0.00235362,1.65672,1.61774,1.20843,0.896579,1.16945,0.760143,1.63723,0.584726,0.116945,0.0584726,0.0389817,0,0.0194909,0,0
71020,71037,71028,13.5,167.743,-77.9854,125.271,-69.8612,368.026,9.86135,3.72148,299.825,0.241698,0.00220761,1.94741,1.49163,1.30518,0.911553,1.13944,0.911553,1.3259,0.600796,0.124303,0.0828685,0.0207171,0,0,0,0
71039,71058,71048,13.6,167.755,-77.9855,123.01,-70.1425,369.429,9.04936,3.73592,330.557,0.265442,0.00224425,1.80572,1.36986,0.892483,0.830217,1.20381,0.830217,1.18306,0.684929,0.124532,0.0622662,0.0415108,0,0.0207554,0,0
71059,71077,71068,13.7,167.768,-77.9857,121.061,-70.53,370.406,8.65305,3.6243,317.072,0.262455,0.00218981,1.61553,1.17292,1.19505,0.730308,0.995875,0.663917,1.41636,0.597525,0.199175,0,0.0221306,0.0442611,0,0,0
71078,71097,71088,13.8,167.781,-77.9862,119.021,-70.7321,371.842,8.40227,3.17199,244.474,0.231219,0.0019386,1.30914,1.80899,0.999704,0.714074,0.833086,0.761679,1.14252,0.595062,0.238025,0,0,0,0,0,0
71098,71116,71107,13.9,167.795,-77.9868,116.99,-71.1277,372.949,8.54934,3.29233,271.566,0.247453,0.0019892,1.69446,1.59177,0.77021,0.898579,0.949926,0.616168,1.18099,0.693189,0.0513474,0.077021,0.0256737,0,0,0,0
71118,71135,71126,14,167.807,-77.9873,114.949,-71.4067,374.306,8.53932,3.28433,272.083,0.248528,0.00185378,1.72455,1.0848,0.890092,1.00135,1.22388,0.7232,1.22388,0.556308,0.0278154,0.0278154,0.0556308,0,0,0,0
71136,71153,71144,14.1,167.819,-77.9878,113.121,-71.8354,375.22,8.26129,3.35151,277.367,0.248277,0.00202309,1.26107,1.05518,1.26107,0.849292,1.23533,0.617667,1.15812,0.617667,0.102944,0.0772083,0.0257361,0,0,0,0
71154,71173,71164,14.2,167.831,-77.9883,111.098,-72.1767,376.533,8.52147,4.06545,390.366,0.288061,0.00246927,0.949934,1.17345,1.22933,0.754359,1.20139,0.977873,1.4249,0.474967,0.0838177,0.139696,0.0838177,0.0279392,0,0,0
71174,71192,71183,14.3,167.842,-77.9887,109.414,-72.4114,377.734,8.88996,3.90647,360.453,0.276812,0.00232077,1.48967,1.29745,1.05718,0.720808,1.20135,0.840942,1.36953,0.696781,0.0720808,0.0480539,0.0480539,0.0240269,0.0240269,0,0
71196,71212,71204,14.4,167.857,-77.989,107.424,-72.5536,379.445,8.31264,2.97424,233.404,0.235426,0.00166237,1.46552,1.20125,1.20125,1.08112,1.1532,0.528549,1.10515,0.432449,0.0720749,0.0480499,0.024025,0,0,0,0
71215,71236,71226,14.5,167.872,-77.9895,105.561,-72.5267,381.4,8.02554,3.31641,271.925,0.245981,0.00211453,1.19147,1.28139,1.07906,0.719376,1.19147,0.42713,1.30387,0.517052,0.224805,0.0899221,0,0,0,0,0
71237,71257,71247,14.6,167.889,-77.9898,103.615,-72.38,383.719,7.95286,2.95846,229.266,0.232486,0.00161151,0.929555,1.26523,1.23941,0.774629,1.42015,0.619704,1.34269,0.206568,0.103284,0.025821,0,0.025821,0,0,0
71258,71278,71268,14.7,167.907,-77.9901,101.875,-72.3686,385.597,8.00208,3.18679,254.005,0.239116,0.00185083,1.14657,1.07491,1.12268,0.716604,1.266,0.836038,1.17045,0.501623,0.119434,0.0238868,0,0.0238868,0,0,0
71279,71301,71290,14.8,167.926,-77.9903,100.293,-72.2767,387.498,7.2974,3.04789,252.439,0.248473,0.00182275,1.03286,1.01041,1.03286,0.583792,0.943048,0.853234,1.27985,0.404164,0.0449071,0.0898141,0,0.0224535,0,0,0
71301,71323,71312,14.9,167.944,-77.9902,98.6067,-72.3725,389.202,7.17261,2.97386,266.998,0.269345,0.0016835,1.0126,1.23763,0.843837,0.815709,0.928221,0.703197,1.0126,0.450046,0.0843837,0,0.0562558,0.0281279,0,0,0
71323,71341,71332,15,167.96,-77.9901,97,-72.2,391.37,7.74069,3.35537,330.601,0.295587,0.00197817,1.43922,1.24473,1.16694,0.466775,0.972448,0.855755,0.816857,0.388979,0.233388,0.0388979,0.0388979,0.0777959,0,0,0
71343,71361,71352,15.1,167.975,-77.9901,95.345,-71.605,394.457,6.83896,2.42341,176.91,0.219002,0.00137612,1.07512,1.19458,0.895934,0.776476,0.925798,0.53756,0.866069,0.477831,0.0895934,0,0,0,0,0,0
71362,71381,71372,15.2,167.992,-77.9902,93.6208,-71.5375,396.657,6.21484,2.47241,213.471,0.259023,0.00142385,1.06469,1.13897,0.76757,0.470446,0.718049,0.594247,0.940892,0.420925,0.0247603,0.0247603,0.0247603,0.0247603,0,0,0
71384,71401,71392,15.3,168.008,-77.9904,92.056,-71.202,399.237,6.8271,2.55079,201.817,0.237358,0.00150762,0.949857,1.217,1.06859,0.593661,1.03891,0.593661,0.890491,0.237464,0.148415,0.0890491,0,0,0,0,0
71403,71421,71412,15.4,168.023,-77.9908,90.6167,-70.9608,401.512,7.13748,2.18785,149.993,0.205671,0.00106095,1.16077,1.13607,1.13607,0.815007,1.35834,0.592732,0.716218,0.148183,0.0246972,0.0493944,0,0,0,0,0
71422,71440,71431,15.5,168.037,-77.9912,89.0978,-70.8056,403.767,7.37566,2.56266,204.208,0.239058,0.00136446,1.19069,1.32299,1.15761,0.694569,1.09147,0.496121,1.19069,0.0992241,0.0330747,0.0661494,0.0330747,0,0,0,0
