data/B2SAP/Locations/Antarctica/NOAA-POPS-B2SAP_GMLBalloon_20231014_R0.ict
61,1001
Thornberry, T. D.
NOAA Chemical Sciences Laboratory
Portable Optical Particle Spectrometer (POPS)
Balloon Baseline Stratospheric Aerosol Profiles (B2SAP)
1,1
2023,10,14,2024,05,28
0
TIME_START,s,Seconds since midnight UTC on flight start day,Start time of 100 m altitude bin in UTC_seconds_since_midnight
28
1.0,1.0,1.0,1.0,1.0,1.0,1.0,1.0,1.0,1.0,1.0,1.0,1.0,1.0,1.0,1.0,1.0,1.0,1.0,1.0,1.0,1.0,1.0,1.0,1.0,1.0,1.0,1.0
99999,99999,99999,99999,99999,99999,99999,99999,99999,99999,99999,99999,99999,99999,99999,99999,99999,99999,99999,99999,99999,99999,99999,99999,99999,99999,99999,99999
TIME_STOP,s,End time of 100 m altitude bin in UTC seconds since midnight,
TIME_MID,s,Mid time of 100 m altitude in UTC seconds since midnight,
GPSAlt,m,GPS reported altitude above sea level (m),
GPS_Lon,deg,GPS reported longitude,
GPS_Lat,deg,GPS reported latitude,
iMet_Pressure,mb,Pressure reported (mB),
iMet_Temperature,degrees C,Ambient temperature (oC),
THETA,K,Potential temperature from iMet,
Aerosol_concentration,cm^-3,Aerosol concentration,
Surface_Area_Conc,um^2 cm^-3,Surface area concentration,
Volume_density,um^3 cm^-3,Volume density,
Effective_radius,um,Effective radius,
Extinction,km^-1,Extinction,
Bin01,cm^-3,particle concentration in size range [140 - 170 nm],
Bin02,cm^-3,particle concentration in size range [170 - 205 nm],
Bin03,cm^-3,particle concentration in size range [205 - 249 nm],
Bin04,cm^-3,particle concentration in size range [249 - 302 nm],
Bin05,cm^-3,particle concentration in size range [302 - 366 nm],
Bin06,cm^-3,particle concentration in size range [366 - 443 nm],
Bin07,cm^-3,particle concentration in size range [443 - 537 nm],
Bin08,cm^-3,particle concentration in size range [537 - 651 nm],
Bin09,cm^-3,particle concentration in size range [651 - 789 nm],
Bin10,cm^-3,particle concentration in size range [789 - 956 nm],
Bin11,cm^-3,particle concentration in size range [956 - 1159 nm],
Bin12,cm^-3,particle concentration in size range [1159 - 1404 nm],
Bin13,cm^-3,particle concentration in size range [1404 - 1702 nm],
Bin14,cm^-3,particle concentration in size range [1702 - 2062 nm],
Bin15,cm^-3,particle concentration in size range [2062 - 2500 nm],
0
19
PI_CONTACT_INFO: 325 Broadway R/CSL6, Boulder, CO 80305; troy.thornberry@noaa.gov; 303-497-3373 
PLATFORM: GML ECC/FPH balloon
LOCATION: Scott Base, Antarctica
ASSOCIATED_DATA: N/A
INSTRUMENT_INFO: Printed Optical Particle Spectrometer counts particles from 140 - 2500 nm in diameter 
DATA_INFO: Particle concentrations reported in number per cubic centimeter, binned to 100 m altitude
UNCERTAINTY: Counting uncertainty dominated by air flow, less than 5 percent
ULOD_FLAG: -77777
ULOD_VALUE: 3000 ~3000 per cm3 (varies depending on flow rate- manufacturer quotes 1250  per cm3 at 1.667 cc/s)
LLOD_FLAG: -88888
LLOD_VALUE: 0 0 (varies depending on data field and measurement precision)
DM_CONTACT_INFO: Troy Thornberry, 325 Broadway R/CSL6, Boulder, CO 80305; troy.thornberry@noaa.gov; 303-497-3373
PROJECT_INFO: B2SAP Scott Base, Antarctica
STIPULATIONS_ON_USE: Please contact the PIs for questions regarding applications and uncertainties
OTHER_COMMENTS: POPS bin Edges (nm):  140, 170, 205, 249, 302, 366, 443, 537, 651, 789, 956, 1159, 1404, 1702, 2062, 2500
Calculations assume sulfate refractive index of 1.45+0.00j and extinction wavelength = 532 nm
REVISION: R0
R0: QA/QC data
TIME_START,TIME_STOP,TIME_MID,GPSAlt,GPS_Lon,GPS_Lat,iMet_Pressure,iMet_Temperature,THETA,Aerosol_concentration,Surface_Area_Conc,Volume_density,Effective_radius,Extinction,Bin01,Bin02,Bin03,Bin04,Bin05,Bin06,Bin07,Bin08,Bin09,Bin10,Bin11,Bin12,Bin13,Bin14,Bin15
[from data line 239]
90723,90741,90732,26,170.484,-78.2549,15.1767,-34.9756,788.068,0.258664,0.057714,2.56346,0.13325,9.987e-06,0,0,0,0.258664,0,0,0,0,0,0,0,0,0,0,0
90746,90746,90746,26.1,170.521,-78.2592,15,-35.29,789.649,0,0,0,99999,0,0,0,0,0,0,0,0,0,0,0,0,0,0,0,0
90766,90784,90775,26.2,170.587,-78.267,14.752,-35.312,793.364,0.396839,0.0764079,3.28511,0.128983,1.24122e-05,0.0793677,0,0,0.317471,0,0,0,0,0,0,0,0,0,0,0
90787,90802,90794,26.3,170.634,-78.2724,14.625,-34.9813,796.427,0.348202,0.0624796,2.63892,0.126709,9.79677e-06,0.0994862,0,0,0.248715,0,0,0,0,0,0,0,0,0,0,0
90825,90838,90832,26.4,170.724,-78.2835,14.2967,-34.6389,802.769,0.409364,0.0843836,3.68576,0.131036,1.4138e-05,0.0454849,0,0,0.363879,0,0,0,0,0,0,0,0,0,0,0
90840,90847,90844,26.5,170.755,-78.2872,14.1333,-33.9867,807.606,0.136083,0.00955509,0.238081,0.07475,2.6523e-07,0.136083,0,0,0,0,0,0,0,0,0,0,0,0,0,0
90874,90877,90876,26.6,170.834,-78.2963,13.875,-34.3675,810.561,0.512929,0.259558,24.2828,0.280663,0.000186365,0,0,0,0.410343,0,0,0,0,0.102586,0,0,0,0,0,0
85088,93466,89277,15,173.621,-77.6944,133.165,-66.4809,396.46,7.06248,1.98249,137.367,0.207871,0.000897775,1.44759,1.24288,1.05279,0.891949,1.22826,0.394797,0.599506,0.131599,0.0438663,0.0146221,0,0.0146221,0,0,0
85089,93410,89250,15.2,171.054,-76.329,188.068,-65.0344,387.483,7.91477,2.3808,198.563,0.250206,0.00113567,1.79133,1.57199,1.15157,0.932225,1.06018,0.530089,0.548368,0.16451,0.0731157,0.0365578,0.0182789,0.0182789,0.0182789,0,0
85090,93360,89225,15.4,171.736,-76.8901,164.028,-65.6809,395.561,6.99053,1.92377,147.035,0.229292,0.00085833,1.71922,1.30717,1.19351,0.767253,0.79567,0.468877,0.525711,0.127876,0.0426252,0,0.0284168,0.0142084,0,0,0
85091,93578,89334,14.5,168.524,-74.0236,275.376,-60.762,364.038,12.4583,4.86278,464.475,0.286549,0.00315176,3.31731,2.80129,1.32692,0.884617,0.589744,0.958335,1.40064,0.442308,0.36859,0.294872,0.073718,0,0,0,0
85111,93435,89273,15.1,173.395,-77.6131,135.46,-67.612,395.312,6.28779,1.79376,116.171,0.194291,0.000837614,1.03984,1.13733,1.16982,0.731138,0.942356,0.422436,0.666148,0.12998,0.0487426,0,0,0,0,0,0
85112,93492,89302,14.9,172.298,-76.7603,171.213,-64.6635,388.408,7.01039,2.08286,199.832,0.287824,0.000974473,1.67517,1.18248,1.01355,0.77424,0.985397,0.605315,0.563084,0.183002,0.0140771,0,0,0,0,0,0.0140771
85113,93386,89250,15.3,173.647,-77.8072,125.248,-68.1287,399.95,6.26027,1.79079,127.996,0.214424,0.000846731,1.23042,1.12225,1.16281,0.716618,0.878872,0.419154,0.513802,0.108169,0.0811266,0.0135211,0,0.0135211,0,0,0
85121,85121,85121,0.1,166.77,-77.8484,973.72,-27.3,247.729,18.3977,7.60074,865.22,0.341501,0.00435162,5.99924,1.5998,3.59955,0.799899,2.79965,0.799899,1.19985,0.39995,0.39995,0.39995,0,0.39995,0,0,0
91363,91365,91364,26.4,172.111,-78.4203,14.255,-28.71,823.399,0.203244,0.0142709,0.355583,0.07475,3.96131e-07,0.203244,0,0,0,0,0,0,0,0,0,0,0,0,0,0
91390,91391,91390,26.2,172.179,-78.428,14.485,-30.655,813.119,0.204874,0.0143853,0.358435,0.07475,3.99308e-07,0.204874,0,0,0,0,0,0,0,0,0,0,0,0,0,0
91417,91429,91423,26,172.257,-78.4368,15.09,-30.856,803.012,0.396693,0.030494,0.803601,0.0790582,1.07439e-06,0.317355,0.0793387,0,0,0,0,0,0,0,0,0,0,0,0,0
91434,91439,91436,25.9,172.29,-78.4404,15.35,-30.0025,801.897,0.197514,0.0171547,0.481948,0.0842825,7.59906e-07,0.0987569,0.0987569,0,0,0,0,0,0,0,0,0,0,0,0,0
91467,91468,91468,25.7,172.369,-78.4486,15.795,-31.21,791.451,0.192763,0.0199493,0.603465,0.09075,1.10755e-06,0,0.192763,0,0,0,0,0,0,0,0,0,0,0,0,0
91473,91484,91478,25.6,172.397,-78.4512,15.9067,-30.9617,790.68,0.192565,0.015657,0.425549,0.0815385,6.19017e-07,0.128377,0.0641885,0,0,0,0,0,0,0,0,0,0,0,0,0
91488,91494,91491,25.5,172.434,-78.4544,16.3133,-30.735,785.717,0.190339,0.0416844,2.43702,0.175391,1.6327e-05,0.126892,0,0,0,0,0.0634462,0,0,0,0,0,0,0,0,0
91549,91549,91549,25.1,172.606,-78.4666,17.42,-32.37,765.916,0.363906,0.0255518,0.636665,0.07475,7.09266e-07,0.363906,0,0,0,0,0,0,0,0,0,0,0,0,0,0
91551,91551,91551,25,172.612,-78.467,17.38,-31.88,767.977,0,0,0,99999,0,0,0,0,0,0,0,0,0,0,0,0,0,0,0,0
91610,91611,91610,24.6,172.771,-78.4782,18.765,-34.33,743.711,0.178666,0.0125451,0.312583,0.07475,3.48228e-07,0.178666,0,0,0,0,0,0,0,0,0,0,0,0,0,0
91621,91621,91621,24.5,172.796,-78.4803,19.015,-33.825,742.451,0.175705,0.0123372,0.307401,0.07475,3.42455e-07,0.175705,0,0,0,0,0,0,0,0,0,0,0,0,0,0
91651,91652,91652,24.2,172.877,-78.4875,19.905,-34.43,730.968,0.171188,0.01202,0.299498,0.07475,3.33651e-07,0.171188,0,0,0,0,0,0,0,0,0,0,0,0,0,0
91660,91665,91662,24.1,172.902,-78.4901,20.388,-34.712,725.125,0.270603,0.0212517,0.566861,0.0800211,7.84262e-07,0.202953,0.0676509,0,0,0,0,0,0,0,0,0,0,0,0,0
91672,91679,91676,24,172.932,-78.4931,20.7267,-35.3967,719.648,0.223926,0.0194487,0.546394,0.0842825,8.61521e-07,0.111963,0.111963,0,0,0,0,0,0,0,0,0,0,0,0,0
91680,91688,91684,23.9,172.949,-78.4947,20.9157,-36.1229,715.601,0.236433,0.0197482,0.54426,0.0826798,8.19876e-07,0.14186,0.0945732,0,0,0,0,0,0,0,0,0,0,0,0,0
91695,91703,91699,23.8,172.98,-78.4974,21.29,-36.8333,709.836,0.3326,0.0233536,0.581895,0.07475,6.4825e-07,0.3326,0,0,0,0,0,0,0,0,0,0,0,0,0,0
91704,91717,91710,23.7,173.009,-78.4998,21.739,-37.749,702.893,0.229653,0.0161251,0.401785,0.07475,4.47602e-07,0.229653,0,0,0,0,0,0,0,0,0,0,0,0,0,0
91718,91731,91724,23.6,173.039,-78.5023,22.098,-38.94,696.063,0.392563,0.0297411,0.777161,0.0783927,1.01352e-06,0.327136,0.0654271,0,0,0,0,0,0,0,0,0,0,0,0,0
91733,91744,91738,23.5,173.072,-78.5047,22.42,-39.5917,691.272,0.379394,0.0266393,0.663762,0.07475,7.39453e-07,0.379394,0,0,0,0,0,0,0,0,0,0,0,0,0,0
91746,91759,91752,23.4,173.103,-78.507,22.7291,-39.6373,688.426,0.525593,0.0398197,1.04052,0.0783927,1.35698e-06,0.437994,0.0875989,0,0,0,0,0,0,0,0,0,0,0,0,0
91760,91772,91766,23.3,173.135,-78.509,23.1313,-39.855,684.353,0.639995,0.0509007,1.38473,0.0816136,2.09699e-06,0.519996,0.0799994,0.0399997,0,0,0,0,0,0,0,0,0,0,0,0
91774,91787,91780,23.2,173.162,-78.5107,23.468,-39.842,681.569,0.568481,0.0435735,1.16022,0.0798804,1.65891e-06,0.505316,0.0315823,0.0315823,0,0,0,0,0,0,0,0,0,0,0,0
91790,91803,91796,23.1,173.194,-78.5128,23.8667,-40.465,676.486,0.521359,0.0383423,0.984139,0.0770016,1.21409e-06,0.469223,0.0521359,0,0,0,0,0,0,0,0,0,0,0,0,0
91805,91817,91811,23,173.23,-78.515,24.351,-41.052,670.919,0.752656,0.0601529,1.61998,0.080793,2.30041e-06,0.533131,0.219525,0,0,0,0,0,0,0,0,0,0,0,0,0
91818,91832,91825,22.9,173.259,-78.5171,24.5985,-41.3785,668.032,0.969942,0.0739933,1.95172,0.0791307,2.6624e-06,0.828,0.118286,0.0236571,0,0,0,0,0,0,0,0,0,0,0,0
91833,91847,91840,22.8,173.293,-78.5197,24.9575,-41.5225,664.873,0.739399,0.0591119,1.60339,0.0813741,2.36988e-06,0.560923,0.152979,0.0254965,0,0,0,0,0,0,0,0,0,0,0,0
91850,91864,91857,22.7,173.331,-78.5228,25.4909,-42.4291,658.266,0.81143,0.117178,7.63834,0.195557,5.06763e-05,0.475666,0.223843,0.0559607,0.0279804,0,0,0,0,0.0279804,0,0,0,0,0,0
91865,91880,91872,22.6,173.364,-78.5259,25.8771,-42.6407,654.855,0.88308,0.0738713,2.09542,0.0850974,3.67109e-06,0.667695,0.15077,0.0430771,0.0215385,0,0,0,0,0,0,0,0,0,0,0
91882,91895,91888,22.5,173.397,-78.5287,26.2638,-43.51,649.623,1.30379,0.0981163,2.56392,0.0783942,3.38924e-06,1.14082,0.139692,0.023282,0,0,0,0,0,0,0,0,0,0,0,0
91896,91910,91903,22.4,173.428,-78.5308,26.694,-43.6627,646.182,1.13507,0.0943008,2.6542,0.0844382,4.51368e-06,0.856279,0.199135,0.0597404,0.0199135,0,0,0,0,0,0,0,0,0,0,0
91911,91925,91918,22.3,173.458,-78.5329,27.14,-43.7285,642.958,1.32126,0.142788,5.89926,0.123944,3.02733e-05,0.888433,0.273364,0.113902,0,0,0,0.0455606,0,0,0,0,0,0,0,0
91927,91941,91934,22.2,173.488,-78.5353,27.6042,-43.4675,640.562,1.13173,0.0969855,2.76112,0.0854082,4.72529e-06,0.787292,0.221426,0.123014,0,0,0,0,0,0,0,0,0,0,0,0
91942,91956,91949,22.1,173.518,-78.5377,28.0087,-43.2547,638.507,1.07825,0.0879315,2.43707,0.0831466,3.94744e-06,0.808688,0.231054,0.0192545,0.0192545,0,0,0,0,0,0,0,0,0,0,0
91958,91971,91964,22,173.549,-78.5404,28.4754,-43.66,634.371,1.1311,0.0860627,2.25457,0.0785904,2.96239e-06,0.931494,0.199606,0,0,0,0,0,0,0,0,0,0,0,0,0
91972,91987,91980,21.9,173.58,-78.543,28.9307,-43.91,630.818,1.19835,0.0973841,2.6795,0.0825442,4.16838e-06,0.913025,0.209235,0.0760855,0,0,0,0,0,0,0,0,0,0,0,0
91988,92005,91996,21.8,173.615,-78.546,29.3831,-44.6275,626.072,1.17028,0.0972498,2.72098,0.0839378,4.49205e-06,0.833378,0.283703,0.0354629,0.0177315,0,0,0,0,0,0,0,0,0,0,0
92006,92021,92014,21.7,173.649,-78.5485,29.8108,-45.1442,622.063,1.02506,0.0954407,3.52503,0.110803,1.57725e-05,0.815387,0.163077,0.0232968,0,0,0,0.0232968,0,0,0,0,0,0,0,0
92024,92037,92030,21.6,173.687,-78.5512,30.365,-45.7763,617.099,1.01255,0.0826688,2.28241,0.0828272,3.58931e-06,0.76814,0.174577,0.0698309,0,0,0,0,0,0,0,0,0,0,0,0
92039,92056,92048,21.5,173.72,-78.5536,30.771,-46.573,612.6,1.37052,0.114325,3.18552,0.0835911,5.09063e-06,0.950972,0.335637,0.0839093,0,0,0,0,0,0,0,0,0,0,0,0
92056,92075,92066,21.4,173.759,-78.5567,31.1938,-47.4115,607.959,0.826083,0.0636145,1.6967,0.0800151,2.42947e-06,0.720175,0.0635449,0.0423632,0,0,0,0,0,0,0,0,0,0,0,0
92075,92092,92084,21.3,173.798,-78.5596,31.9279,-48.72,600.436,0.830899,0.0776105,2.89687,0.111977,1.32415e-05,0.672633,0.1187,0.0197833,0,0,0,0.0197833,0,0,0,0,0,0,0,0
92093,92111,92102,21.2,173.83,-78.5616,32.3013,-49.1037,597.409,1.40139,0.133535,4.49381,0.100958,1.443e-05,1.00832,0.222171,0.119631,0.0170901,0,0.0341802,0,0,0,0,0,0,0,0,0
92112,92128,92120,21.1,173.862,-78.5634,32.937,-49.249,593.717,1.22327,0.106259,3.08246,0.0870269,5.69037e-06,0.869879,0.21747,0.108735,0.0271837,0,0,0,0,0,0,0,0,0,0,0
92129,92146,92138,21,173.893,-78.5655,33.4207,-49.532,590.498,1.15569,0.0931862,2.57811,0.0829986,4.20227e-06,0.938997,0.144461,0.0541729,0.0180576,0,0,0,0,0,0,0,0,0,0,0
92147,92163,92155,20.9,173.922,-78.5676,33.9787,-50.754,584.499,1.43079,0.137457,4.78866,0.104513,1.75974e-05,1.01944,0.250389,0.10731,0.0178849,0.0178849,0,0.0178849,0,0,0,0,0,0,0,0
92165,92182,92174,20.8,173.953,-78.5701,34.5536,-51.6586,579.348,1.48344,0.130022,3.92889,0.0906513,9.27634e-06,1.09813,0.288982,0.0385309,0.0192655,0.0385309,0,0,0,0,0,0,0,0,0,0
92183,92199,92191,20.7,173.986,-78.5728,35.1143,-52.9129,573.405,1.63725,0.138141,3.93734,0.0855072,6.97022e-06,1.21842,0.285567,0.0951889,0.0380756,0,0,0,0,0,0,0,0,0,0,0
92201,92218,92210,20.6,174.021,-78.5757,35.7164,-53.5445,569.002,1.48052,0.128181,3.69294,0.0864311,6.62946e-06,1.01937,0.31552,0.121354,0.0242708,0,0,0,0,0,0,0,0,0,0,0
92219,92236,92228,20.5,174.05,-78.5778,36.24,-53.965,565.556,1.77095,0.145809,4.04703,0.0832669,6.45951e-06,1.3216,0.317184,0.13216,0,0,0,0,0,0,0,0,0,0,0,0
92237,92254,92246,20.4,174.082,-78.5799,36.9729,-54.1736,561.79,1.81872,0.158714,4.604,0.0870242,8.48126e-06,1.19998,0.487492,0.0749988,0.0562491,0,0,0,0,0,0,0,0,0,0,0
92255,92268,92262,20.3,174.108,-78.5819,37.51,-54.4011,558.904,1.47616,0.121593,3.47047,0.0856248,6.40417e-06,1.27355,0.0578887,0.086833,0.0578887,0,0,0,0,0,0,0,0,0,0,0
92273,92292,92282,20.2,174.143,-78.585,38.2433,-55.5793,552.823,1.77923,0.146172,4.07886,0.0837134,6.73504e-06,1.38193,0.259111,0.120919,0.0172741,0,0,0,0,0,0,0,0,0,0,0
92293,92311,92302,20.1,174.173,-78.5874,38.8981,-55.9356,549.247,1.91879,0.159923,4.4814,0.0840669,7.40175e-06,1.38669,0.403107,0.11287,0.0161243,0,0,0,0,0,0,0,0,0,0,0
92312,92330,92321,20,174.2,-78.5896,39.51,-56.78,544.687,1.63906,0.13929,4.02026,0.0865876,7.75891e-06,1.20298,0.315782,0.0902234,0.0150372,0.0150372,0,0,0,0,0,0,0,0,0,0
92331,92350,92340,19.9,174.227,-78.592,40.2306,-57.3556,540.426,1.63208,0.139466,4.08862,0.087949,8.6987e-06,1.20006,0.336017,0.0640033,0,0.0320016,0,0,0,0,0,0,0,0,0,0
92351,92369,92360,19.8,174.252,-78.5941,40.8087,-57.6525,537.494,2.00655,0.163222,4.50761,0.0828493,7.16346e-06,1.53256,0.36339,0.0947975,0.0157996,0,0,0,0,0,0,0,0,0,0,0
92370,92389,92380,19.7,174.279,-78.5964,41.4969,-58.2088,533.55,2.05211,0.17975,5.37151,0.0896497,1.19384e-05,1.37333,0.55249,0.0947126,0.0157854,0,0.0157854,0,0,0,0,0,0,0,0,0
92390,92408,92399,19.6,174.305,-78.5984,42.2594,-58.7853,529.357,1.84204,0.174682,6.18903,0.106291,2.43825e-05,1.32627,0.383144,0.0736815,0.0147363,0.0147363,0,0.0294726,0,0,0,0,0,0,0,0
92409,92427,92418,19.5,174.328,-78.6001,42.9927,-58.2727,528.028,2.11813,0.184015,5.33432,0.0869657,9.82177e-06,1.48436,0.416954,0.166782,0.0500345,0,0,0,0,0,0,0,0,0,0,0
92429,92447,92438,19.4,174.353,-78.602,43.7167,-58.2611,525.531,1.6426,0.148621,4.62751,0.0934092,1.17864e-05,1.15539,0.334087,0.0974421,0.0278406,0.0139203,0.0139203,0,0,0,0,0,0,0,0,0
92448,92466,92457,19.3,174.376,-78.604,44.4453,-58.9859,521.302,2.04806,0.197589,6.9634,0.105725,2.50823e-05,1.32608,0.515697,0.132608,0.0442026,0.0147342,0,0,0.0147342,0,0,0,0,0,0,0
92467,92485,92476,19.2,174.401,-78.6058,45.1878,-59.4972,517.588,1.96614,0.170469,4.97986,0.0876381,9.78133e-06,1.41843,0.351097,0.154483,0.0280877,0.0140439,0,0,0,0,0,0,0,0,0,0
92486,92505,92496,19.1,174.425,-78.6082,46.0138,-59.0808,515.93,2.22748,0.207152,6.38503,0.0924686,1.47763e-05,1.4527,0.464865,0.232433,0.0387388,0.0387388,0,0,0,0,0,0,0,0,0,0
92506,92526,92516,19,174.448,-78.6101,46.7676,-61.9471,506.668,2.347,0.210516,6.13316,0.0874019,1.10614e-05,1.37759,0.714303,0.242353,0.0127554,0,0,0,0,0,0,0,0,0,0,0
92527,92547,92537,18.9,174.472,-78.6124,47.6163,-63.0587,501.407,2.64088,0.243364,7.47505,0.0921465,1.75437e-05,1.57403,0.804505,0.22736,0,0.0174892,0.0174892,0,0,0,0,0,0,0,0,0
92548,92568,92558,18.8,174.494,-78.6145,48.417,-62.6035,500.115,2.42082,0.213192,6.24119,0.0878248,1.2069e-05,1.60922,0.573721,0.195905,0.0279864,0.0139932,0,0,0,0,0,0,0,0,0,0
92569,92588,92578,18.7,174.514,-78.6168,49.1838,-63.0562,496.796,2.77659,0.271566,8.6568,0.0956319,2.17292e-05,1.49373,0.913813,0.246027,0.0878666,0.0175733,0.0175733,0,0,0,0,0,0,0,0,0
92591,92612,92602,18.6,174.538,-78.6191,50.1117,-63.7525,492.515,2.82346,0.254065,7.52939,0.0889069,1.50905e-05,1.74113,0.799979,0.235288,0.0235288,0.0235288,0,0,0,0,0,0,0,0,0,0
92613,92632,92622,18.5,174.561,-78.6207,50.9753,-63.7506,490.123,2.40513,0.219536,6.97557,0.0953223,1.96379e-05,1.57578,0.613723,0.165871,0.0331742,0,0,0.0165871,0,0,0,0,0,0,0,0
92634,92654,92644,18.4,174.586,-78.6222,51.8156,-64.2983,486.555,2.67507,0.241977,7.3015,0.090523,1.58362e-05,1.79387,0.58222,0.204564,0.0629427,0.0314714,0,0,0,0,0,0,0,0,0,0
92656,92675,92666,18.3,174.61,-78.6239,52.77,-64.2741,484.088,3.05607,0.299496,9.82056,0.0983708,2.8388e-05,1.69413,0.979935,0.265745,0.0664363,0.0332181,0,0.0166091,0,0,0,0,0,0,0,0
92676,92697,92686,18.2,174.632,-78.6258,53.6088,-64.0581,482.411,2.72613,0.265197,8.24367,0.0932552,1.8616e-05,1.36307,0.99132,0.283234,0.0531065,0.0354043,0,0,0,0,0,0,0,0,0,0
92698,92719,92708,18.1,174.654,-78.6283,54.6822,-64.2694,479.197,2.93231,0.247904,6.99258,0.0846204,1.17081e-05,1.99146,0.76836,0.141127,0.0313617,0,0,0,0,0,0,0,0,0,0,0
92720,92740,92730,18,174.67,-78.6305,55.535,-64.24,477.157,3.32079,0.3455,11.6361,0.101037,3.40333e-05,1.6604,1.09343,0.384726,0.101244,0.0404975,0.0404975,0,0,0,0,0,0,0,0,0
92741,92760,92750,17.9,174.686,-78.6328,56.4308,-64.895,473.481,3.23379,0.301026,9.31961,0.0928784,2.19881e-05,1.94978,0.927336,0.261556,0.0713335,0,0.0237778,0,0,0,0,0,0,0,0,0
92762,92784,92773,17.8,174.704,-78.6351,57.4631,-64.8719,471.094,2.96408,0.276756,8.34255,0.0904321,1.70531e-05,1.65065,0.922946,0.33723,0.0354979,0.017749,0,0,0,0,0,0,0,0,0,0
92786,92805,92796,17.7,174.719,-78.6371,58.5,-65.68,466.877,3.65427,0.39281,13.3519,0.101972,3.88515e-05,1.88804,0.974473,0.466935,0.182714,0.142111,0,0,0,0,0,0,0,0,0,0
92806,92827,92816,17.6,174.731,-78.6385,59.4617,-65.5483,464.993,3.82239,0.396829,13.1125,0.0991293,3.56152e-05,1.8954,1.18463,0.53703,0.110565,0.078975,0.015795,0,0,0,0,0,0,0,0,0
92828,92849,92838,17.5,174.748,-78.6395,60.5533,-65.3056,463.131,3.76892,0.432238,16.2184,0.112566,6.2468e-05,1.88446,1.09267,0.427567,0.174194,0.126686,0.0316716,0.0316716,0,0,0,0,0,0,0,0
