data/B2SAP/Locations/Antarctica/NOAA-POPS-B2SAP_GMLBalloon_20221118_R0.ict
61,1001
Thornberry, T. D.
NOAA Chemical Sciences Laboratory
Portable Optical Particle Spectrometer (POPS)
Balloon Baseline Stratospheric Aerosol Profiles (B2SAP)
1,1
2022,11,18,2024,05,28
0
TIME_START,s,Seconds since midnight UTC on flight start day,Start time of 100 m altitude bin in UTC_seconds_since_midnight
28
1.0,1.0,1.0,1.0,1.0,1.0,1.0,1.0,1.0,1.0,1.0,1.0,1.0,1.0,1.0,1.0,1.0,1.0,1.0,1.0,1.0,1.0,1.0,1.0,1.0,1.0,1.0,1.0
99999,99999,99999,99999,99999,99999,99999,99999,99999,99999,99999,99999,99999,99999,99999,99999,99999,99999,99999,99999,99999,99999,99999,99999,99999,99999,99999,99999
TIME_STOP,s,End time of 100 m altitude bin in UTC seconds since midnight,
TIME_MID,s,Mid time of 100 m altitude in UTC seconds since midnight,
GPSAlt,m,GPS reported altitude above sea level (m),
GPS_Lon,deg,GPS reported longitude,
GPS_Lat,deg,GPS reported latitude,
iMet_Pressure,mb,Pressure reported (mB),
iMet_Temperature,degrees C,Ambient temperature (oC),
THETA,K,Potential temperature from iMet,
Aerosol_concentration,cm^-3,Aerosol concentration,
Surface_Area_Conc,um^2 cm^-3,Surface area concentration,
Volume_density,um^3 cm^-3,Volume density,
Effective_radius,um,Effective radius,
Extinction,km^-1,Extinction,
Bin01,cm^-3,particle concentration in size range [140 - 170 nm],
Bin02,cm^-3,particle concentration in size range [170 - 205 nm],
Bin03,cm^-3,particle concentration in size range [205 - 249 nm],
Bin04,cm^-3,particle concentration in size range [249 - 302 nm],
Bin05,cm^-3,particle concentration in size range [302 - 366 nm],
Bin06,cm^-3,particle concentration in size range [366 - 443 nm],
Bin07,cm^-3,particle concentration in size range [443 - 537 nm],
Bin08,cm^-3,particle concentration in size range [537 - 651 nm],
Bin09,cm^-3,particle concentration in size range [651 - 789 nm],
Bin10,cm^-3,particle concentration in size range [789 - 956 nm],
Bin11,cm^-3,particle concentration in size range [956 - 1159 nm],
Bin12,cm^-3,particle concentration in size range [1159 - 1404 nm],
Bin13,cm^-3,particle concentration in size range [1404 - 1702 nm],
Bin14,cm^-3,particle concentration in size range [1702 - 2062 nm],
Bin15,cm^-3,particle concentration in size range [2062 - 2500 nm],
0
19
PI_CONTACT_INFO: 325 Broadway R/CSL6, Boulder, CO 80305; troy.thornberry@noaa.gov; 303-497-3373 
PLATFORM: GML ECC/FPH balloon
LOCATION: Scott Base, Antarctica
ASSOCIATED_DATA: N/A
INSTRUMENT_INFO: Printed Optical Particle Spectrometer counts particles from 140 - 2500 nm in diameter 
DATA_INFO: Particle concentrations reported in number per cubic centimeter, binned to 100 m altitude
UNCERTAINTY: Counting uncertainty dominated by air flow, less than 5 percent
ULOD_FLAG: -77777
ULOD_VALUE: 3000 ~3000 per cm3 (varies depending on flow rate- manufacturer quotes 1250  per cm3 at 1.667 cc/s)
LLOD_FLAG: -88888
LLOD_VALUE: 0 0 (varies depending on data field and measurement precision)
DM_CONTACT_INFO: Troy Thornberry, 325 Broadway R/CSL6, Boulder, CO 80305; troy.thornberry@noaa.gov; 303-497-3373
PROJECT_INFO: B2SAP Scott Base, Antarctica
STIPULATIONS_ON_USE: Please contact the PIs for questions regarding applications and uncertainties
OTHER_COMMENTS: POPS bin Edges (nm):  140, 170, 205, 249, 302, 366, 443, 537, 651, 789, 956, 1159, 1404, 1702, 2062, 2500
Calculations assume sulfate refractive index of 1.45+0.00j and extinction wavelength = 532 nm
REVISION: R0
R0: QA/QC data
TIME_START,TIME_STOP,TIME_MID,GPSAlt,GPS_Lon,GPS_Lat,iMet_Pressure,iMet_Temperature,THETA,Aerosol_concentration,Surface_Area_Conc,Volume_density,Effective_radius,Extinction,Bin01,Bin02,Bin03,Bin04,Bin05,Bin06,Bin07,Bin08,Bin09,Bin10,Bin11,Bin12,Bin13,Bin14,Bin15
[from data line 338]
76801,76831,76816,13.8,173.21,-78.1269,117.707,-70.415,373.6,8.68657,3.33176,325.313,0.29292,0.00190467,2.1945,1.28013,1.09725,0.822939,1.37156,0.274313,0.914376,0.274313,0.36575,0,0,0,0.0914376,0,0
76851,76851,76851,13.7,173.239,-78.1271,119.99,-70.15,372.045,7.94249,2.13166,126.491,0.178018,0.000870754,1.08307,1.08307,1.80511,1.08307,1.80511,0,1.08307,0,0,0,0,0,0,0,0
76889,76889,76889,13.6,173.261,-78.1274,122.77,-69.53,370.753,6.09782,2.92932,224.702,0.230124,0.00183884,0.71739,0.71739,0,0.358695,1.43478,0.71739,1.43478,0.71739,0,0,0,0,0,0,0
76901,76916,76908,13.5,173.272,-78.1276,124.273,-69.5833,369.374,8.27029,3.05018,234.148,0.230296,0.00187814,1.70271,1.33784,1.21622,0.851353,0.608109,0.486488,1.0946,0.851353,0.121622,0,0,0,0,0,0
76955,76955,76955,13.4,173.299,-78.1278,127.43,-69.69,366.532,9.20454,3.37909,233.484,0.20729,0.0018018,1.84091,0.368182,0.736363,1.10455,2.57727,0.368182,1.84091,0.368182,0,0,0,0,0,0,0
76956,76963,76960,13.3,173.302,-78.1278,127.63,-69.57,366.584,8.43099,2.44747,166.458,0.204037,0.00122477,1.97321,1.0763,1.79383,0.896914,0.717531,0.717531,1.0763,0,0.179383,0,0,0,0,0,0
76988,77010,76999,13.2,173.331,-78.128,130.135,-69.3,365.044,8.22654,2.64453,206.211,0.233929,0.00161299,1.96722,2.14605,0.894189,0.715351,0.715351,0.178838,0.894189,0.357676,0.357676,0,0,0,0,0,0
77026,77056,77041,13.1,173.363,-78.1288,132.3,-69.94,362.193,10.7457,4.18371,415.603,0.298015,0.00224621,2.50732,1.43275,1.43275,1.25366,1.61185,0.716377,1.07457,0.179094,0.358189,0,0,0.179094,0,0,0
77090,77090,77090,11.8,173.634,-78.1369,134.69,-69.75,360.666,13.3571,4.62285,319.602,0.207406,0.00247704,2.83333,2.02381,1.61905,0.404762,1.61905,2.02381,2.42857,0.404762,0,0,0,0,0,0,0
77594,77646,77620,11.3,173.712,-78.1404,177.15,-65.345,340.743,12.4169,3.52227,244.833,0.20853,0.00181887,3.20437,1.80246,2.60355,1.20164,1.00137,1.00137,0.801092,0.600819,0.200273,0,0,0,0,0,0
77678,77688,77683,11.2,173.735,-78.1413,182.953,-65.5633,337.256,13.4219,4.10842,327.824,0.239379,0.00230988,3.0265,3.42126,1.57905,1.0527,1.97381,0.657935,0.789523,0.526348,0.131587,0.263174,0,0,0,0,0
77774,77774,77774,11,173.787,-78.1439,190.57,-63.94,335.948,9.76975,2.8396,196.074,0.207149,0.00153118,3.12632,1.95395,1.17237,0.39079,0.39079,0.78158,1.56316,0.39079,0,0,0,0,0,0,0
79101,79101,79101,7.7,174.332,-78.2244,326.63,-55.41,299.769,12.3783,2.26065,119.822,0.15901,0.000755229,3.97873,3.53664,1.76832,1.32624,0.442081,0.442081,0.884161,0,0,0,0,0,0,0,0
79306,79324,79315,7.2,174.421,-78.241,352.145,-52.73,297.007,5.67859,0.609984,20.3091,0.0998833,5.17446e-05,3.15477,0.841273,1.05159,0.630955,0,0,0,0,0,0,0,0,0,0,0
79344,79369,79356,7.1,174.436,-78.2438,357.408,-52.2275,296.421,7.08878,1.15672,54.6554,0.141751,0.000295974,2.01025,2.11605,1.16383,1.05803,0.423211,0,0.317408,0,0,0,0,0,0,0,0
79386,79417,79402,7,174.453,-78.2474,364.25,-51.245,296.127,8.54313,1.18989,52.1891,0.131581,0.000255684,3.57131,2.03074,1.75064,0.280103,0.700257,0.0700257,0.0700257,0.0700257,0,0,0,0,0,0,0
79422,79422,79422,6.9,174.46,-78.2489,367.01,-50.82,296.056,5.00427,0.86854,42.9757,0.148441,0.000241331,1.66809,1.25107,1.25107,0,0,0.834045,0,0,0,0,0,0,0,0,0
