data/B2SAP/Locations/Antarctica/NOAA-POPS-B2SAP_GMLBalloon_20221118_R0.ict
61,1001
Thornberry, T. D.
NOAA Chemical Sciences Laboratory
Portable Optical Particle Spectrometer (POPS)
Balloon Baseline Stratospheric Aerosol Profiles (B2SAP)
1,1
2022,11,18,2024,05,28
0
TIME_START,s,Seconds since midnight UTC on flight start day,Start time of 100 m altitude bin in UTC_seconds_since_midnight
28
1.0,1.0,1.0,1.0,1.0,1.0,1.0,1.0,1.0,1.0,1.0,1.0,1.0,1.0,1.0,1.0,1.0,1.0,1.0,1.0,1.0,1.0,1.0,1.0,1.0,1.0,1.0,1.0
99999,99999,99999,99999,99999,99999,99999,99999,99999,99999,99999,99999,99999,99999,99999,99999,99999,99999,99999,99999,99999,99999,99999,99999,99999,99999,99999,99999
TIME_STOP,s,End time of 100 m altitude bin in UTC seconds since midnight,
TIME_MID,s,Mid time of 100 m altitude in UTC seconds since midnight,
GPSAlt,m,GPS reported altitude above sea level (m),
GPS_Lon,deg,GPS reported longitude,
GPS_Lat,deg,GPS reported latitude,
iMet_Pressure,mb,Pressure reported (mB),
iMet_Temperature,degrees C,Ambient temperature (oC),
THETA,K,Potential temperature from iMet,
Aerosol_concentration,cm^-3,Aerosol concentration,
Surface_Area_Conc,um^2 cm^-3,Surface area concentration,
Volume_density,um^3 cm^-3,Volume density,
Effective_radius,um,Effective radius,
Extinction,km^-1,Extinction,
Bin01,cm^-3,particle concentration in size range [140 - 170 nm],
Bin02,cm^-3,particle concentration in size range [170 - 205 nm],
Bin03,cm^-3,particle concentration in size range [205 - 249 nm],
Bin04,cm^-3,particle concentration in size range [249 - 302 nm],
Bin05,cm^-3,particle concentration in size range [302 - 366 nm],
Bin06,cm^-3,particle concentration in size range [366 - 443 nm],
Bin07,cm^-3,particle concentration in size range [443 - 537 nm],
Bin08,cm^-3,particle concentration in size range [537 - 651 nm],
Bin09,cm^-3,particle concentration in size range [651 - 789 nm],
Bin10,cm^-3,particle concentration in size range [789 - 956 nm],
Bin11,cm^-3,particle concentration in size range [956 - 1159 nm],
Bin12,cm^-3,particle concentration in size range [1159 - 1404 nm],
Bin13,cm^-3,particle concentration in size range [1404 - 1702 nm],
Bin14,cm^-3,particle concentration in size range [1702 - 2062 nm],
Bin15,cm^-3,particle concentration in size range [2062 - 2500 nm],
0
19
PI_CONTACT_INFO: 325 Broadway R/CSL6, Boulder, CO 80305; troy.thornberry@noaa.gov; 303-497-3373 
PLATFORM: GML ECC/FPH balloon
LOCATION: Scott Base, Antarctica
ASSOCIATED_DATA: N/A
INSTRUMENT_INFO: Printed Optical Particle Spectrometer counts particles from 140 - 2500 nm in diameter 
DATA_INFO: Particle concentrations reported in number per cubic centimeter, binned to 100 m altitude
UNCERTAINTY: Counting uncertainty dominated by air flow, less than 5 percent
ULOD_FLAG: -77777
ULOD_VALUE: 3000 ~3000 per cm3 (varies depending on flow rate- manufacturer quotes 1250  per cm3 at 1.667 cc/s)
LLOD_FLAG: -88888
LLOD_VALUE: 0 0 (varies depending on data field and measurement precision)
DM_CONTACT_INFO: Troy Thornberry, 325 Broadway R/CSL6, Boulder, CO 80305; troy.thornberry@noaa.gov; 303-497-3373
PROJECT_INFO: B2SAP Scott Base, Antarctica
STIPULATIONS_ON_USE: Please contact the PIs for questions regarding applications and uncertainties
OTHER_COMMENTS: POPS bin Edges (nm):  140, 170, 205, 249, 302, 366, 443, 537, 651, 789, 956, 1159, 1404, 1702, 2062, 2500
Calculations assume sulfate refractive index of 1.45+0.00j and extinction wavelength = 532 nm
REVISION: R0
R0: QA/QC data
TIME_START,TIME_STOP,TIME_MID,GPSAlt,GPS_Lon,GPS_Lat,iMet_Pressure,iMet_Temperature,THETA,Aerosol_concentration,Surface_Area_Conc,Volume_density,Effective_radius,Extinction,Bin01,Bin02,Bin03,Bin04,Bin05,Bin06,Bin07,Bin08,Bin09,Bin10,Bin11,Bin12,Bin13,Bin14,Bin15
68455,68470,68462,0.1,166.771,-77.8499,974.785,-13.5969,261.457,117.638,18.4456,1437.5,0.233795,0.00563749,50.8598,37.4902,16.2427,5.72317,2.85,1.27439,1.39024,0.880488,0.347561,0.162195,0.208537,0.115854,0,0.0695122,0.0231707
68471,68486,68478,0.2,166.771,-77.8501,964.527,-11.8217,264.038,29.5469,8.07871,1627.22,0.604261,0.00379511,15.3252,7.84648,3.00373,1.16471,0.858209,0.183902,0.490405,0.183902,0,0.122601,0,0.0613006,0.0613006,0.0613006,0.183902
68489,68509,68499,0.3,166.773,-77.8505,948.367,-12.531,264.597,27.9744,4.73022,442.457,0.280615,0.00158902,13.6465,7.91902,3.42543,1.03131,0.791902,0.34991,0.313077,0.165747,0.0920816,0.0736653,0.0552489,0.0736653,0.0184163,0,0.0184163
68509,68530,68520,0.4,166.773,-77.8506,935.68,-13.2395,264.898,27.4569,4.66429,407.009,0.261782,0.00158932,13.2169,8.13474,3.17003,1.12377,0.654134,0.167727,0.402544,0.234817,0.134181,0.0335453,0.0335453,0.117409,0.0167727,0.0167727,0
68531,68549,68540,0.5,166.773,-77.8506,923.628,-13.7332,265.373,26.2305,4.35949,413.14,0.284304,0.00158912,12.9591,7.41637,3.18123,0.741637,0.819704,0.331785,0.175651,0.273235,0.214684,0.0390335,0.0195168,0.0195168,0,0.0195168,0.0195168
68550,68572,68561,0.6,166.772,-77.851,911.471,-14.55,265.538,27.2597,4.48896,395.115,0.264058,0.00151185,12.9831,8.22964,3.13664,1.11561,0.792244,0.161682,0.355701,0.210187,0.0485047,0.0970095,0.0161682,0.064673,0.0161682,0.0323365,0
68573,68590,68582,0.7,166.772,-77.8512,899.072,-15.36,265.747,25.7269,3.85966,279.687,0.217393,0.00110134,12.4492,7.41564,3.58354,0.849277,0.600708,0.269283,0.207141,0.0828563,0.0828563,0.0621422,0.0414282,0.0621422,0.0207141,0,0
68591,68609,68600,0.8,166.773,-77.8512,886.488,-16.1822,265.971,26.7634,4.56393,414.158,0.272238,0.00148443,12.4192,8.38297,3.04271,1.07633,0.765851,0.269083,0.289782,0.248384,0.0413974,0.0413974,0.0620961,0.0206987,0.0827947,0.0206987,0
68610,68625,68618,0.9,166.774,-77.8516,874.595,-16.5718,266.592,26.6019,3.58307,216.724,0.181457,0.000827085,13.1466,7.98499,2.97783,1.12496,0.639682,0.264696,0.264696,0.066174,0.022058,0.022058,0.044116,0.044116,0,0,0
68626,68646,68636,1,166.773,-77.8521,863.527,-17.17,266.938,26.1397,4.25521,364.534,0.257003,0.00140428,13.1594,7.12577,3.36594,0.823581,0.680349,0.232751,0.232751,0.250655,0.0358079,0.0895197,0.0358079,0.0537118,0.0358079,0.0179039,0
68647,68667,68657,1.1,166.774,-77.8527,851.524,-17.931,267.214,24.7557,4.11668,373.3,0.27204,0.00138784,11.8258,7.03563,3.12487,1.25369,0.598777,0.20583,0.243253,0.20583,0.0935589,0.0374236,0.0748471,0.0187118,0,0.0374236,0
68668,68690,68679,1.2,166.776,-77.8538,840.333,-18.5582,267.568,24.6359,3.74555,289.027,0.231496,0.00105733,12.1648,7.16279,3.14755,0.850688,0.54444,0.170138,0.238193,0.13611,0.0340275,0.0510413,0.0170138,0.0510413,0.0680551,0,0
68690,68712,68701,1.3,166.778,-77.8553,828.391,-18.7209,268.49,29.3572,3.89262,228.611,0.176188,0.000909043,14.3847,8.91492,3.55944,1.15927,0.587797,0.228588,0.228588,0.146949,0.0489831,0.0163277,0.0653108,0,0.0163277,0,0
68713,68734,68724,1.4,166.781,-77.8567,817.969,-18.9241,269.245,35.8088,4.58846,295.285,0.193062,0.00102406,17.8701,11.3812,4.1714,1.01281,0.772482,0.120164,0.154496,0.154496,0.068665,0.0171663,0.0343325,0,0.0343325,0.0171663,0
68735,68757,68746,1.5,166.786,-77.8578,807.389,-19.5757,269.56,38.1008,4.6421,306.021,0.197769,0.000920893,19.1408,12.7003,4.05818,1.1008,0.542185,0.180728,0.147869,0.115009,0.0164299,0.0328597,0,0.0492896,0,0,0.0164299
68758,68778,68768,1.6,166.791,-77.8586,796.7,-20.2742,269.844,36.168,4.62451,324.768,0.210683,0.00112673,18.4704,11.2567,4.4987,0.832359,0.416179,0.158544,0.217999,0.138726,0.0792722,0.0396361,0.0198181,0,0,0.0396361,0
68779,68799,68789,1.7,166.794,-77.8598,786.342,-21.069,270.001,35.6659,4.35022,221.952,0.153063,0.000911806,18.0225,10.9797,4.3702,1.0474,0.487584,0.216704,0.27088,0.126411,0.054176,0.0361173,0.054176,0,0,0,0
68800,68821,68810,1.8,166.797,-77.8612,775.395,-21.9445,270.14,33.3182,4.51935,351.872,0.233577,0.00126038,16.763,10.8752,3.70587,0.935126,0.36366,0.0865858,0.190489,0.0865858,0.138537,0.103903,0.0173172,0,0.0346343,0,0.0173172
68822,68835,68828,1.9,166.799,-77.8625,765.577,-22.7807,270.229,32.6542,4.37668,351.366,0.240844,0.00113295,16.5818,9.93382,3.89711,1.04432,0.560369,0.203771,0.127357,0.127357,0.0254713,0.101885,0,0.0254713,0,0,0.0254713
68837,68853,68845,2,166.801,-77.8636,754.769,-23.4688,270.582,31.5438,3.86978,201.568,0.156263,0.000844891,16.2008,9.45838,3.85959,0.929161,0.500318,0.0952986,0.190597,0.142948,0.0952986,0.0238246,0.0238246,0.0238246,0,0,0
68854,68874,68864,2.1,166.802,-77.8647,744.245,-24.2579,270.808,29.7442,4.14411,267.357,0.193545,0.00102718,14.3467,9.23444,3.61699,1.01033,0.66682,0.222273,0.343513,0.141447,0.0202067,0.0202067,0.06062,0.06062,0,0,0
68874,68894,68884,2.2,166.804,-77.8657,733.899,-25.1433,270.925,30.6397,3.77511,189.25,0.150393,0.000745469,14.4401,9.97722,3.92652,1.15864,0.579322,0.171651,0.150195,0.150195,0,0.0429128,0.0214564,0.0214564,0,0,0
68895,68913,68904,2.3,166.806,-77.8668,723.852,-25.99,271.072,31.0992,4.3153,295.906,0.205714,0.00115212,16.0458,8.93044,3.92068,0.919666,0.532438,0.121009,0.266219,0.096807,0.0484035,0.096807,0.0484035,0.0484035,0.0242017,0,0
68914,68931,68922,2.4,166.809,-77.8678,713.938,-26.8471,271.195,31.9246,4.16346,237.455,0.171099,0.000983008,14.7344,10.3914,4.68409,0.977748,0.477505,0.13643,0.181907,0.13643,0.068215,0.068215,0.0454766,0.0227383,0,0,0
68934,68948,68941,2.5,166.813,-77.8688,704.48,-27.7691,271.209,31.736,4.69519,358.597,0.229126,0.00137416,16.4466,8.90711,4.06782,0.911752,0.561078,0.105202,0.280539,0.105202,0.0701348,0.105202,0.105202,0.0350674,0.0350674,0,0
68951,68969,68960,2.6,166.815,-77.8698,693.987,-28.7547,271.284,32.8337,3.68944,156.119,0.126946,0.000558336,16.1639,10.7836,3.8398,1.03468,0.643798,0.0919712,0.206935,0,0.0229928,0.0229928,0.0229928,0,0,0,0
68971,68989,68980,2.7,166.817,-77.8708,684.764,-29.3075,271.708,35.8046,4.15195,203.268,0.146872,0.000647765,17.5384,11.9349,4.14809,1.30992,0.33961,0.266836,0.121289,0.0727735,0,0,0.0485157,0.0242578,0,0,0
68990,69007,68998,2.8,166.82,-77.8721,674.884,-29.9357,272.132,42.7846,5.73644,474.799,0.248307,0.001445,21.4201,14.0673,5.1053,1.10985,0.416193,0.0554924,0.110985,0.22197,0.0832386,0.0554924,0.0554924,0.0277462,0.0277462,0,0.0277462
69009,69024,69016,2.9,166.822,-77.8731,665.169,-30.3623,272.782,26.2415,3.24383,188.431,0.174267,0.000687746,13.9814,7.67014,2.92915,0.785132,0.483158,0.0603948,0.0905922,0.0905922,0.0603948,0.0301974,0,0.0301974,0.0301974,0,0
69025,69041,69033,3,166.825,-77.8739,655.858,-30.2367,274.03,17.5551,2.12814,103.131,0.145381,0.000490597,9.18168,4.81715,2.32775,0.646597,0.258639,0.129319,0.0323299,0.0323299,0.0646597,0.0646597,0,0,0,0,0
69043,69060,69052,3.1,166.828,-77.8748,645.898,-30.0142,275.479,15.5365,1.77333,75.2342,0.127276,0.000311996,8.07509,4.39285,1.84112,0.839809,0.193802,0.0646007,0.0646007,0,0.0323003,0.0323003,0,0,0,0,0
69061,69080,69070,3.2,166.831,-77.8755,637.551,-30.6129,275.82,16.4923,2.35939,254.623,0.323756,0.000717488,8.99833,4.76382,1.72723,0.473596,0.167152,0.0835758,0.139293,0.0278586,0.0278586,0.0557172,0,0,0,0,0.0278586
69082,69102,69092,3.3,166.831,-77.8768,628.494,-31.3441,276.122,16.083,1.81449,81.777,0.135206,0.000267236,8.98141,3.96853,1.97266,0.649818,0.301701,0.116039,0.0464156,0.0232078,0,0,0.0232078,0,0,0,0
69103,69119,69111,3.4,166.832,-77.8781,619.273,-31.8225,276.739,14.0361,1.88586,92.6178,0.147335,0.000492439,7.0673,3.44746,1.94535,0.615618,0.492495,0.172373,0.123124,0.0984989,0.0492495,0.0246247,0,0,0,0,0
69121,69138,69130,3.5,166.834,-77.8794,610.881,-31.9359,277.687,11.9257,1.98999,135.299,0.203969,0.000617859,5.38726,3.03897,1.56553,0.690675,0.55254,0.27627,0.207202,0.138135,0.0230225,0,0.0230225,0,0.0230225,0,0
69140,69157,69148,3.6,166.839,-77.8808,602.56,-31.9,278.822,11.0905,1.83809,104.709,0.170898,0.000609724,4.79502,2.90311,1.30477,0.619764,0.652383,0.424049,0.293573,0.0326192,0,0.0652383,0,0,0,0,0
69159,69175,69167,3.7,166.842,-77.8821,593.911,-32.175,279.657,11.2075,1.64352,81.2949,0.148392,0.000433279,5.12979,2.76005,1.4776,0.724861,0.473948,0.39031,0.195155,0.0278793,0,0.0278793,0,0,0,0,0
69176,69191,69184,3.8,166.846,-77.8831,585.993,-32.5033,280.346,10.1242,1.26404,50.9545,0.120932,0.000222876,4.65662,3.03465,1.25572,0.444733,0.392412,0.235447,0.104643,0,0,0,0,0,0,0,0
69192,69209,69200,3.9,166.849,-77.884,577.228,-32.9515,281.033,11.2382,1.88829,135.432,0.215167,0.000581376,5.7547,2.2597,1.41608,0.572457,0.632716,0.180776,0.241035,0.120517,0,0,0,0.0602586,0,0,0
69210,69228,69219,4,166.851,-77.8848,569.1,-33.6464,281.36,11.7541,1.47025,59.9402,0.122306,0.000268346,5.83434,3.04524,1.28071,0.825345,0.398443,0.199221,0.170761,0,0,0,0,0,0,0,0
69230,69243,69236,4.1,166.854,-77.8855,561.012,-34.315,281.72,10.602,1.58392,75.0566,0.14216,0.000416702,4.87803,2.5095,1.24065,0.789507,0.479344,0.366557,0.310164,0.0281967,0,0,0,0,0,0,0
69244,69259,69252,4.2,166.855,-77.8862,553.577,-35.0207,281.961,12.1868,1.98596,97.7066,0.147596,0.000561379,4.7002,3.43368,1.32281,0.844348,1.01322,0.450319,0.365884,0.0562899,0,0,0,0,0,0,0
69260,69277,69268,4.3,166.857,-77.887,545.699,-35.6214,282.408,12.6486,2.22577,121.404,0.163633,0.000768352,5.61844,2.39984,1.55284,1.12934,0.931702,0.367034,0.395267,0.225867,0.0282334,0,0,0,0,0,0
69278,69295,69286,4.4,166.86,-77.8879,537.968,-36.1877,282.882,11.4784,1.96469,137.018,0.20922,0.000510315,4.48756,2.96118,1.74007,0.976884,0.671608,0.457914,0.12211,0,0,0,0.0305276,0,0.0305276,0,0
69296,69312,69304,4.5,166.863,-77.889,530.039,-36.6662,283.511,12.54,2.44906,163.886,0.200753,0.000927495,4.90563,3.24998,1.37971,0.827825,1.07311,0.398582,0.459903,0.122641,0.0613204,0.0306602,0,0.0306602,0,0,0
69313,69327,69320,4.6,166.867,-77.89,522.562,-37.1492,284.086,11.6144,2.17963,146.432,0.201545,0.000777698,5.0431,2.4757,1.68103,0.611284,0.702977,0.519592,0.336206,0.183385,0.0305642,0,0,0,0.0305642,0,0
69329,69346,69338,4.7,166.871,-77.8911,515.214,-37.7143,284.551,12.5693,2.33839,127.266,0.163273,0.000804341,4.6173,3.19221,1.28258,1.14007,1.11157,0.541536,0.541536,0.114007,0.0285019,0,0,0,0,0,0
69346,69363,69354,4.8,166.875,-77.8922,506.921,-38.2563,285.217,10.5885,1.65425,88.7248,0.160903,0.000512974,5.0825,2.16754,1.49485,0.647769,0.523198,0.373713,0.174399,0.0498284,0.0498284,0.0249142,0,0,0,0,0
69364,69380,69372,4.9,166.879,-77.8935,500.125,-38.852,285.595,10.3357,1.47674,65.575,0.133216,0.000330396,4.7806,2.2167,1.52231,0.58756,0.721097,0.320487,0.186951,0,0,0,0,0,0,0,0
69381,69397,69389,5,166.883,-77.8948,492.976,-39.5887,285.866,10.6772,1.39104,61.543,0.132727,0.000313309,5.45061,2.76264,0.945767,0.72177,0.447995,0.124443,0.124443,0.0995545,0,0,0,0,0,0,0
69399,69415,69407,5.1,166.888,-77.8962,485.103,-40.2415,286.378,10.5574,1.46827,67.3545,0.13762,0.00035504,4.86317,2.77016,1.3543,0.615591,0.492473,0.246237,0.0923387,0.123118,0,0,0,0,0,0,0
69416,69432,69424,5.2,166.894,-77.8977,478.002,-40.8231,286.879,10.4734,1.75557,97.1664,0.166042,0.000571947,4.1944,2.51162,1.50697,1.05488,0.552555,0.301394,0.200929,0.0502323,0.0753485,0.0251162,0,0,0,0,0
69435,69449,69442,5.3,166.899,-77.8997,470.848,-41.43,287.364,8.88324,1.43577,71.1259,0.148615,0.000413641,3.74958,2.18935,1.03176,0.55363,0.729785,0.30198,0.276815,0.05033,0,0,0,0,0,0,0
69451,69468,69460,5.4,166.906,-77.9014,463.629,-42.2056,287.666,8.87989,1.36609,67.4898,0.14821,0.000383021,3.7765,2.19445,1.22481,0.637923,0.612406,0.153101,0.178618,0.0765507,0.0255169,0,0,0,0,0,0
69469,69485,69477,5.5,166.912,-77.9032,457.126,-42.7694,288.122,7.48252,1.15163,58.5675,0.152568,0.000311238,3.11983,1.72478,1.19213,0.659477,0.431196,0.177551,0.126822,0.0253645,0,0.0253645,0,0,0,0,0
69487,69504,69496,5.6,166.92,-77.9049,450.406,-43.0781,288.954,8.73006,1.15979,47.3809,0.122559,0.00020476,3.63965,2.29069,1.42532,0.712658,0.381781,0.203617,0.0763562,0,0,0,0,0,0,0,0
69506,69523,69514,5.7,166.928,-77.9066,443.483,-43.5677,289.622,8.0112,1.32248,70.2618,0.159387,0.000427927,3.45581,1.88499,1.06816,0.596913,0.376998,0.345581,0.125666,0.125666,0.0314165,0,0,0,0,0,0
69524,69541,69532,5.8,166.936,-77.9083,437.366,-44.0273,290.195,9.28824,1.54054,98.5027,0.191821,0.000462343,3.98848,2.56792,0.928824,0.792232,0.464412,0.218547,0.273183,0,0,0.0273183,0,0.0273183,0,0,0
69543,69562,69552,5.9,166.946,-77.9105,430.376,-44.4908,290.942,7.80887,1.14769,54.0037,0.141163,0.000283432,3.46306,1.90129,1.0525,0.475323,0.475323,0.339516,0.0679032,0,0.0339516,0,0,0,0,0,0
69563,69583,69573,6,166.956,-77.9125,423.565,-45.0176,291.595,7.45757,1.07255,46.9858,0.131423,0.000227395,3.24765,1.68397,0.986323,0.625473,0.673587,0.14434,0.07217,0.0240567,0,0,0,0,0,0,0
69584,69602,69593,6.1,166.966,-77.9142,417.205,-45.514,292.218,7.66582,1.23698,62.9538,0.15268,0.000367263,3.19751,1.9677,0.983848,0.368943,0.614905,0.286956,0.204968,0,0.0409937,0,0,0,0,0,0
69602,69622,69612,6.2,166.974,-77.9157,412.021,-45.97,292.678,7.9579,1.74627,145.665,0.250245,0.000703497,3.17222,1.83223,0.957136,0.683668,0.601628,0.273467,0.16408,0.16408,0.0273467,0.0273467,0.0273467,0,0.0273467,0,0
69625,69645,69635,6.3,166.985,-77.9177,405.097,-46.6717,293.197,8.87811,1.3327,61.3141,0.138022,0.000323194,3.57877,2.20232,1.33057,0.757048,0.596462,0.160586,0.229408,0.0229408,0,0,0,0,0,0,0
69646,69667,69656,6.4,166.997,-77.9199,398.685,-47.23,293.808,6.83202,0.866361,35.3351,0.122357,0.00015818,2.90463,2.29098,0.900026,0.204551,0.286372,0.163641,0.0818206,0,0,0,0,0,0,0,0
69668,69684,69676,6.5,167.005,-77.9215,393.09,-47.8138,294.232,6.75597,1.11096,55.3599,0.149493,0.000317793,2.35674,1.88539,1.03696,0.59704,0.439924,0.219962,0.125693,0.0942694,0,0,0,0,0,0,0
69686,69702,69694,6.6,167.015,-77.9234,387.197,-48.4918,294.613,6.11033,0.908845,41.0976,0.135659,0.000211129,2.37624,1.62188,1.09383,0.264027,0.377181,0.264027,0.113154,0,0,0,0,0,0,0,0
69704,69724,69714,6.7,167.023,-77.9251,381.483,-49.2217,294.909,5.28513,0.793438,40.0296,0.151352,0.000231648,2.55621,1.17447,0.690867,0.276347,0.276347,0.138173,0.138173,0,0.0345433,0,0,0,0,0,0
69725,69742,69734,6.8,167.031,-77.9268,375.933,-49.8683,295.296,9.13129,1.2131,58.3383,0.144271,0.000282319,4.51357,2.32622,1.21519,0.312478,0.451357,0.208318,0.0694395,0,0,0.0347197,0,0,0,0,0
69744,69764,69754,6.9,167.041,-77.9289,369.773,-50.5725,295.755,16.787,2.58447,139.807,0.162286,0.000615254,6.46455,4.34445,2.71094,1.59876,1.00791,0.417068,0.139023,0.0347556,0.0347556,0,0.0347556,0,0,0,0
69764,69779,69772,7,167.049,-77.9306,364.516,-51.1775,296.157,14.9971,2.60785,293.152,0.337234,0.000783816,6.02656,4.32942,2.14739,1.0737,0.90052,0.242448,0.207812,0.0346354,0,0,0,0,0,0,0.0346354
69783,69798,69790,7.1,167.058,-77.9324,358.594,-51.806,296.701,14.3576,1.85433,75.818,0.122661,0.000335482,6.59106,3.65237,1.93114,1.17548,0.629719,0.167925,0.209906,0,0,0,0,0,0,0,0
69801,69817,69809,7.2,167.068,-77.9346,352.853,-52.4789,297.172,8.15798,1.4167,106.095,0.224666,0.00036553,3.38371,1.90044,1.29786,0.556226,0.64893,0.231761,0.0927043,0,0,0,0,0,0.0463522,0,0
69818,69832,69825,7.3,167.074,-77.9359,348.018,-53.1231,297.477,9.83905,1.3289,60.9086,0.137501,0.000315727,4.22137,2.7926,1.75349,0.422137,0.324721,0.0974163,0.129888,0.0649442,0.0324721,0,0,0,0,0,0
69834,69849,69842,7.4,167.082,-77.9374,342.795,-53.788,297.859,6.20639,0.98374,72.4149,0.220835,0.000238143,2.43223,2.05482,0.880636,0.461286,0.16774,0.0838701,0.0838701,0,0,0,0,0.0419351,0,0,0
69851,69865,69858,7.5,167.093,-77.9392,337.244,-54.3588,298.471,5.45297,1.01782,59.1956,0.174478,0.000405698,2.22354,1.32354,0.688239,0.476473,0.211766,0.0529414,0.317649,0.158824,0,0,0,0,0,0,0
69866,69882,69874,7.6,167.102,-77.9407,331.735,-55.173,298.759,6.33571,1.03989,54.1065,0.156093,0.000333708,2.72138,1.74338,0.595302,0.382694,0.382694,0.212608,0.212608,0.0850431,0,0,0,0,0,0,0
69883,69898,69890,7.7,167.112,-77.9422,326.136,-55.8827,299.248,5.80894,0.84282,46.5233,0.165599,0.000248091,2.92371,1.15409,0.961746,0.346228,0.192349,0.115409,0.0384698,0.0384698,0,0.0384698,0,0,0,0,0
