api/src/app/data/B2SAP/Locations/Antarctica/NOAA-POPS-B2SAP_GMLBalloon_20221113_R0.ict
61,1001
Thornberry, T. D.
NOAA Chemical Sciences Laboratory
Portable Optical Particle Spectrometer (POPS)
Balloon Baseline Stratospheric Aerosol Profiles (B2SAP)
1,1
2022,11,13,2024,05,28
0
TIME_START,s,Seconds since midnight UTC on flight start day,Start time of 100 m altitude bin in UTC_seconds_since_midnight
28
1.0,1.0,1.0,1.0,1.0,1.0,1.0,1.0,1.0,1.0,1.0,1.0,1.0,1.0,1.0,1.0,1.0,1.0,1.0,1.0,1.0,1.0,1.0,1.0,1.0,1.0,1.0,1.0
99999,99999,99999,99999,99999,99999,99999,99999,99999,99999,99999,99999,99999,99999,99999,99999,99999,99999,99999,99999,99999,99999,99999,99999,99999,99999,99999,99999
TIME_STOP,s,End time of 100 m altitude bin in UTC seconds since midnight,
TIME_MID,s,Mid time of 100 m altitude in UTC seconds since midnight,
GPSAlt,m,GPS reported altitude above sea level (m),
GPS_Lon,deg,GPS reported longitude,
GPS_Lat,deg,GPS reported latitude,
iMet_Pressure,mb,Pressure reported (mB),
iMet_Temperature,degrees C,Ambient temperature (oC),
THETA,K,Potential temperature from iMet,
Aerosol_concentration,cm^-3,Aerosol concentration,
Surface_Area_Conc,um^2 cm^-3,Surface area concentration,
Volume_density,um^3 cm^-3,Volume density,
Effective_radius,um,Effective radius,
Extinction,km^-1,Extinction,
Bin01,cm^-3,particle concentration in size range [140 - 170 nm],
Bin02,cm^-3,particle concentration in size range [170 - 205 nm],
Bin03,cm^-3,particle concentration in size range [205 - 249 nm],
Bin04,cm^-3,particle concentration in size range [249 - 302 nm],
Bin05,cm^-3,particle concentration in size range [302 - 366 nm],
Bin06,cm^-3,particle concentration in size range [366 - 443 nm],
Bin07,cm^-3,particle concentration in size range [443 - 537 nm],
Bin08,cm^-3,particle concentration in size range [537 - 651 nm],
Bin09,cm^-3,particle concentration in size range [651 - 789 nm],
Bin10,cm^-3,particle concentration in size range [789 - 956 nm],
Bin11,cm^-3,particle concentration in size range [956 - 1159 nm],
Bin12,cm^-3,particle concentration in size range [1159 - 1404 nm],
Bin13,cm^-3,particle concentration in size range [1404 - 1702 nm],
Bin14,cm^-3,particle concentration in size range [1702 - 2062 nm],
Bin15,cm^-3,particle concentration in size range [2062 - 2500 nm],
0
19
PI_CONTACT_INFO: 325 Broadway R/CSL6, Boulder, CO 80305; troy.thornberry@noaa.gov; 303-497-3373 
PLATFORM: GML ECC/FPH balloon
LOCATION: Scott Base, Antarctica
ASSOCIATED_DATA: N/A
INSTRUMENT_INFO: Printed Optical Particle Spectrometer counts particles from 140 - 2500 nm in diameter 
DATA_INFO: Particle concentrations reported in number per cubic centimeter, binned to 100 m altitude
UNCERTAINTY: Counting uncertainty dominated by air flow, less than 5 percent
ULOD_FLAG: -77777
ULOD_VALUE: 3000 ~3000 per cm3 (varies depending on flow rate- manufacturer quotes 1250  per cm3 at 1.667 cc/s)
LLOD_FLAG: -88888
LLOD_VALUE: 0 0 (varies depending on data field and measurement precision)
DM_CONTACT_INFO: Troy Thornberry, 325 Broadway R/CSL6, Boulder, CO 80305; troy.thornberry@noaa.gov; 303-497-3373
PROJECT_INFO: B2SAP Scott Base, Antarctica
STIPULATIONS_ON_USE: Please contact the PIs for questions regarding applications and uncertainties
OTHER_COMMENTS: POPS bin Edges (nm):  140, 170, 205, 249, 302, 366, 443, 537, 651, 789, 956, 1159, 1404, 1702, 2062, 2500
Calculations assume sulfate refractive index of 1.45+0.00j and extinction wavelength = 532 nm
REVISION: R0
R0: QA/QC data
TIME_START,TIME_STOP,TIME_MID,GPSAlt,GPS_Lon,GPS_Lat,iMet_Pressure,iMet_Temperature,THETA,Aerosol_concentration,Surface_Area_Conc,Volume_density,Effective_radius,Extinction,Bin01,Bin02,Bin03,Bin04,Bin05,Bin06,Bin07,Bin08,Bin09,Bin10,Bin11,Bin12,Bin13,Bin14,Bin15
[from data line 250]
95861,95876,95868,25.2,168.887,-78.1346,17.9438,-36.1063,747.675,0.382772,0.0284686,0.735752,0.077533,9.27693e-07,0.334926,0.0478465,0,0,0,0,0,0,0,0,0,0,0,0,0
95877,95891,95884,25.3,168.906,-78.1379,17.6043,-36.0743,751.871,0.218933,0.0171938,0.458621,0.0800211,6.34511e-07,0.1642,0.0547333,0,0,0,0,0,0,0,0,0,0,0,0,0
95907,95910,95908,25.4,168.933,-78.1421,17.07,-35.555,760.165,0.191536,0.0134488,0.335099,0.07475,3.73312e-07,0.191536,0,0,0,0,0,0,0,0,0,0,0,0,0,0
95912,95926,95919,25.5,168.944,-78.1436,17.014,-35.038,762.543,0.389785,0.0325571,0.897271,0.0826798,1.35165e-06,0.233871,0.155914,0,0,0,0,0,0,0,0,0,0,0,0,0
95929,95941,95935,25.6,168.962,-78.1457,16.8133,-34.6333,766.444,0.591118,0.0480622,1.30631,0.0815385,1.9002e-06,0.394078,0.197039,0,0,0,0,0,0,0,0,0,0,0,0,0
95954,95959,95956,25.7,168.987,-78.1483,16.5825,-34.605,769.556,0.198789,0.013958,0.347788,0.07475,3.87447e-07,0.198789,0,0,0,0,0,0,0,0,0,0,0,0,0,0
95962,95972,95967,25.8,169,-78.1499,16.3486,-33.99,774.69,0.406812,0.0333607,0.936282,0.0841962,1.58602e-06,0.348696,0,0.058116,0,0,0,0,0,0,0,0,0,0,0,0
95980,95983,95982,25.9,169.014,-78.1521,16.05,-33.64,779.911,0.406696,0.0285563,0.711528,0.07475,7.92666e-07,0.406696,0,0,0,0,0,0,0,0,0,0,0,0,0,0
95991,95991,95991,26,169.024,-78.1536,15.94,-33.14,783.07,0.813616,0.0571283,1.42345,0.07475,1.58577e-06,0.813616,0,0,0,0,0,0,0,0,0,0,0,0,0,0
90186,90231,90208,11.3,-100.001,-46.7462,983.856,-13.6585,260.698,38.4981,6.76244,829.498,0.367988,0.00236522,20.7194,9.74873,4.35067,1.49051,0.859392,0.456552,0.295416,0.147708,0.120852,0.06714,0.026856,0.06714,0.053712,0.040284,0.053712
90200,90220,90210,11.4,-100.118,-46.9186,983.795,-13.725,260.635,37.2561,6.2423,532.571,0.255949,0.00222518,18.3581,11.8788,3.41965,1.07989,0.899907,0.539944,0.359963,0.179981,0,0.359963,0,0,0.179981,0,0
90232,90316,90274,13,-85.8495,-51.36,983.904,-13.6493,260.703,39.6018,6.94265,807.049,0.348735,0.00251089,21.5915,9.99127,3.99651,1.42732,1.14186,0.363319,0.467125,0.129757,0.129757,0.129757,0.0519027,0.0778541,0.0259514,0.0259514,0.0519027
90251,90302,90276,13.1,-84.3629,-51.629,983.913,-13.5417,260.811,42.9197,6.05179,461.055,0.228555,0.00173118,23.4219,10.6073,4.16935,2.32993,1.16496,0.367884,0.429197,0.245256,0,0.122628,0,0,0,0.0613139,0
90258,90282,90270,13.4,-79.1752,-52.4747,983.857,-13.4433,260.914,39.3488,4.22226,149.209,0.106016,0.000502192,21.4518,11.155,3.18713,2.08389,0.980655,0.367746,0.122582,0,0,0,0,0,0,0,0
90259,90259,90259,13.5,-79.7567,-52.6954,983.95,-13.36,260.99,37.0241,4.72437,216.836,0.137692,0.00119392,20.8485,9.70534,2.5162,1.43783,0.718914,0.718914,0.718914,0.359457,0,0,0,0,0,0,0
90283,90299,90291,13.3,-81.5078,-52.1311,983.865,-13.465,260.892,41.5065,4.76762,191.446,0.120466,0.000789247,22.856,9.5081,4.9369,2.55987,1.09709,0.365696,0,0,0.182848,0,0,0,0,0,0
90284,90301,90292,13.2,-82.5204,-51.8961,983.864,-13.5257,260.831,41.0772,6.21654,404.94,0.195417,0.00198344,22.5716,9.38313,3.96176,1.61598,1.61598,0.625542,0.573413,0.364899,0.208514,0.0521285,0.0521285,0,0.0521285,0,0
90304,90322,90313,12.9,-86.3397,-51.1172,983.867,-13.655,260.7,36.7935,4.36659,212.522,0.14601,0.000805174,20.0637,9.57721,4.3643,1.45477,0.666768,0.181846,0.242461,0.181846,0,0,0.0606153,0,0,0,0
90327,90350,90338,12.7,-88.3677,-50.542,983.873,-13.62,260.735,37.1135,6.10187,566.201,0.278374,0.00177161,20.6186,9.33902,3.27472,1.698,1.21286,0.363858,0,0,0.242572,0,0,0.242572,0.121286,0,0
90402,90405,90404,0.4,166.799,-77.854,983.847,-13.6433,260.714,30.6883,4.86981,416.737,0.256727,0.00136421,16.7391,7.39916,3.63893,1.09168,0.849084,0.121298,0.363893,0.242595,0,0,0,0.121298,0.121298,0,0
90403,90471,90437,0.3,166.793,-77.8532,983.917,-14.0033,260.346,32.5526,5.94134,547.321,0.276362,0.00211,16.1548,8.13815,4.61567,0.971719,1.21465,0.364395,0.364395,0.121465,0.24293,0.121465,0,0,0.24293,0,0
90406,91167,90786,0.1,166.777,-77.8507,983.879,-14.2263,260.126,32.7014,6.61695,984.168,0.446203,0.0027846,16.6008,9.09635,3.82047,1.13704,0.727708,0.227409,0.363854,0.227409,0.227409,0.0909635,0,0,0.0454818,0.0454818,0.0909635
90485,90485,90485,0.2,166.783,-77.8517,983.86,-14.08,260.274,32.8015,4.48183,271.59,0.181794,0.00143195,19.1042,7.56958,3.60456,0.360456,0.720912,1.08137,0,0,0,0.360456,0,0,0,0,0
90520,90521,90520,1.1,166.848,-77.8616,983.75,-13.575,260.789,38.6649,4.98361,225.342,0.13565,0.00115389,18.8743,10.6283,4.94764,2.01571,0.91623,0.366492,0.732984,0,0.183246,0,0,0,0,0,0
90547,90547,90547,0.5,166.803,-77.8547,983.81,-14.2,260.157,26.6861,3.997,218.758,0.164192,0.00131172,11.1793,9.01558,2.52436,2.16374,0.721246,0.360623,0,0.360623,0.360623,0,0,0,0,0,0
90613,90613,90613,0.7,166.818,-77.8572,983.93,-13.91,260.44,31.6993,4.23544,223.085,0.158013,0.00131378,18.3712,6.12373,4.68286,1.08066,0,0.720439,0,0.36022,0.36022,0,0,0,0,0,0
