api/src/app/data/B2SAP/Locations/Antarctica/NOAA-POPS-B2SAP_GMLBalloon_20221113_R0.ict
61,1001
Thornberry, T. D.
NOAA Chemical Sciences Laboratory
Portable Optical Particle Spectrometer (POPS)
Balloon Baseline Stratospheric Aerosol Profiles (B2SAP)
1,1
2022,11,13,2024,05,28
0
TIME_START,s,Seconds since midnight UTC on flight start day,Start time of 100 m altitude bin in UTC_seconds_since_midnight
28
1.0,1.0,1.0,1.0,1.0,1.0,1.0,1.0,1.0,1.0,1.0,1.0,1.0,1.0,1.0,1.0,1.0,1.0,1.0,1.0,1.0,1.0,1.0,1.0,1.0,1.0,1.0,1.0
99999,99999,99999,99999,99999,99999,99999,99999,99999,99999,99999,99999,99999,99999,99999,99999,99999,99999,99999,99999,99999,99999,99999,99999,99999,99999,99999,99999
TIME_STOP,s,End time of 100 m altitude bin in UTC seconds since midnight,
TIME_MID,s,Mid time of 100 m altitude in UTC seconds since midnight,
GPSAlt,m,GPS reported altitude above sea level (m),
GPS_Lon,deg,GPS reported longitude,
GPS_Lat,deg,GPS reported latitude,
iMet_Pressure,mb,Pressure reported (mB),
iMet_Temperature,degrees C,Ambient temperature (oC),
THETA,K,Potential temperature from iMet,
Aerosol_concentration,cm^-3,Aerosol concentration,
Surface_Area_Conc,um^2 cm^-3,Surface area concentration,
Volume_density,um^3 cm^-3,Volume density,
Effective_radius,um,Effective radius,
Extinction,km^-1,Extinction,
Bin01,cm^-3,particle concentration in size range [140 - 170 nm],
Bin02,cm^-3,particle concentration in size range [170 - 205 nm],
Bin03,cm^-3,particle concentration in size range [205 - 249 nm],
Bin04,cm^-3,particle concentration in size range [249 - 302 nm],
Bin05,cm^-3,particle concentration in size range [302 - 366 nm],
Bin06,cm^-3,particle concentration in size range [366 - 443 nm],
Bin07,cm^-3,particle concentration in size range [443 - 537 nm],
Bin08,cm^-3,particle concentration in size range [537 - 651 nm],
Bin09,cm^-3,particle concentration in size range [651 - 789 nm],
Bin10,cm^-3,particle concentration in size range [789 - 956 nm],
Bin11,cm^-3,particle concentration in size range [956 - 1159 nm],
Bin12,cm^-3,particle concentration in size range [1159 - 1404 nm],
Bin13,cm^-3,particle concentration in size range [1404 - 1702 nm],
Bin14,cm^-3,particle concentration in size range [1702 - 2062 nm],
Bin15,cm^-3,particle concentration in size range [2062 - 2500 nm],
0
19
PI_CONTACT_INFO: 325 Broadway R/CSL6, Boulder, CO 80305; troy.thornberry@noaa.gov; 303-497-3373 
PLATFORM: GML ECC/FPH balloon
LOCATION: Scott Base, Antarctica
ASSOCIATED_DATA: N/A
INSTRUMENT_INFO: Printed Optical Particle Spectrometer counts particles from 140 - 2500 nm in diameter 
DATA_INFO: Particle concentrations reported in number per cubic centimeter, binned to 100 m altitude
UNCERTAINTY: Counting uncertainty dominated by air flow, less than 5 percent
ULOD_FLAG: -77777
ULOD_VALUE: 3000 ~3000 per cm3 (varies depending on flow rate- manufacturer quotes 1250  per cm3 at 1.667 cc/s)
LLOD_FLAG: -88888
LLOD_VALUE: 0 0 (varies depending on data field and measurement precision)
DM_CONTACT_INFO: Troy Thornberry, 325 Broadway R/CSL6, Boulder, CO 80305; troy.thornberry@noaa.gov; 303-497-3373
PROJECT_INFO: B2SAP Scott Base, Antarctica
STIPULATIONS_ON_USE: Please contact the PIs for questions regarding applications and uncertainties
OTHER_COMMENTS: POPS bin Edges (nm):  140, 170, 205, 249, 302, 366, 443, 537, 651, 789, 956, 1159, 1404, 1702, 2062, 2500
Calculations assume sulfate refractive index of 1.45+0.00j and extinction wavelength = 532 nm
REVISION: R0
R0: QA/QC data
TIME_START,TIME_STOP,TIME_MID,GPSAlt,GPS_Lon,GPS_Lat,iMet_Pressure,iMet_Temperature,THETA,Aerosol_concentration,Surface_Area_Conc,Volume_density,Effective_radius,Extinction,Bin01,Bin02,Bin03,Bin04,Bin05,Bin06,Bin07,Bin08,Bin09,Bin10,Bin11,Bin12,Bin13,Bin14,Bin15
79209,91165,85187,0.1,166.774,-77.8499,983.945,-14.8582,259.49,86.146,11.5998,1172.11,0.303137,0.00312914,50.9532,23.7696,7.49375,1.61041,0.880355,0.407969,0.386497,0.10736,0.150305,0.10736,0.0214721,0.0214721,0.0858883,0.0858883,0.0644162
90190,93295,91742,11.3,82.2333,-68.0399,434.257,-51.1468,311.346,20.3667,4.19627,392.605,0.280681,0.00166804,8.47623,4.96004,2.39509,1.32494,1.40987,0.730416,0.730416,0.118905,0.118905,0.0339729,0.0169864,0.0169864,0,0.0169864,0.0169864
90192,93317,91754,11.4,68.2411,-66.4561,474.387,-48.4004,308.321,22.7644,4.74624,443.384,0.280254,0.00184413,10.059,5.43131,2.59096,1.46867,1.23313,0.817468,0.595782,0.290963,0.0969877,0.0277108,0.0415662,0.0277108,0.0692769,0,0.0138554
90236,93650,91943,13.1,77.746,-68.608,433.782,-50.9284,324.972,19.751,4.24108,315.766,0.223362,0.00185557,7.70445,4.75405,2.51619,1.13563,1.40283,0.734818,0.868421,0.40081,0.144737,0.0445344,0.0334008,0,0,0.0111336,0
90238,93609,91924,12.9,33.4058,-63.7881,583.37,-40.5986,306.668,24.8671,4.73627,365.704,0.231641,0.0018759,11.4296,5.92718,3.07943,1.11979,1.31286,0.675737,0.637124,0.386136,0.144801,0.0675737,0.0193068,0.0193068,0.0386136,0.00965339,0
90239,93671,91955,13.2,77.7862,-68.6452,434.219,-50.8386,325.845,19.9461,4.29329,383.3,0.267836,0.00187902,8.82515,4.46812,2.34514,1.18492,1.25897,0.567772,0.641829,0.320915,0.160457,0.0864001,0.0246857,0.0370286,0.0123429,0,0.0123429
90246,93628,91937,13,44.281,-65.021,546.47,-43.1589,311.412,25.4946,4.73424,335.426,0.212553,0.00184244,11.651,6.22912,2.95011,1.42522,1.02656,0.807294,0.797328,0.308965,0.159466,0.0697662,0.0099666,0.0199332,0.0398664,0,0
90253,93692,91972,13.3,136.221,-74.7448,233.884,-64.3829,350.688,13.5864,3.43368,236.319,0.206471,0.00167604,4.14357,2.86104,1.70535,1.40938,1.353,0.704689,0.803346,0.366439,0.183219,0.0563752,0,0,0,0,0
90255,93715,91985,13.4,156.096,-76.804,163.543,-69.0736,360.544,11.5454,3.27835,227.386,0.20808,0.00159709,2.59963,2.29379,1.69741,1.00927,1.72799,0.810473,0.810473,0.474051,0.107044,0,0.015292,0,0,0,0
90256,93735,91996,13.5,139.884,-75.1574,218.029,-65.2933,355.238,13.0599,3.82608,296.631,0.232586,0.00190285,3.06297,2.95022,1.69121,1.42813,1.40934,0.77044,1.01473,0.544945,0.131539,0,0.0187912,0.0187912,0.0187912,0,0
90325,93589,91957,12.8,106.335,-71.4465,340.97,-57.0204,333.51,16.2253,3.54289,250.725,0.212305,0.00147193,6.27943,3.43385,2.02474,1.14918,1.39543,0.779799,0.725076,0.287294,0.0547227,0.041042,0.041042,0.0136807,0,0,0
90328,93569,91948,12.7,88.0529,-69.4672,402.131,-52.9697,325.636,17.9182,4.42393,488.758,0.331442,0.00199051,7.09163,4.29043,2.1984,1.01647,1.44196,0.661885,0.685524,0.177291,0.165471,0.0590969,0.0118194,0.0709163,0.0118194,0.0118194,0.0236388
90410,91357,90884,0.3,166.786,-77.8523,974.117,-14.575,260.523,34.918,8.83684,1564.83,0.531239,0.00399008,18.4541,8.68428,3.70891,1.35692,1.176,0.271384,0.452306,0.180923,0.0904613,0.0904613,0,0.0904613,0.0904613,0.180923,0.0904613
90467,91341,90904,0.2,166.78,-77.8516,974.503,-14.7467,260.317,32.2372,4.49609,314.028,0.209534,0.00111601,15.6302,9.89096,4.15176,1.22111,0.732663,0.122111,0.122111,0,0.244221,0,0,0,0.122111,0,0
90468,91378,90923,0.4,166.785,-77.8524,956.835,-16.055,260.374,27.1494,10.4598,2294.18,0.657998,0.00561153,13.1976,7.91857,2.07391,1.5083,0.75415,0.188537,0.188537,0.188537,0.377075,0,0.377075,0,0,0.188537,0.188537
90522,91504,91013,1.1,166.814,-77.858,917.19,-17.385,262.329,28.0309,3.22467,119.123,0.110824,0.000438653,13.0078,8.6108,4.03059,0.916043,1.09925,0.183209,0.183209,0,0,0,0,0,0,0,0
90523,91455,90989,0.8,166.796,-77.8548,916.71,-17.4467,262.218,25.7941,4.69158,421.373,0.269444,0.00151732,11.1075,7.89866,3.45567,1.35758,0.987333,0.123417,0.123417,0.493666,0,0,0.123417,0,0.123417,0,0
90524,91433,90978,0.7,166.804,-77.8556,949.686,-15.566,261.472,27.4866,3.46594,156.337,0.13532,0.000786778,13.8539,7.66384,3.09501,1.40012,0.589526,0.442144,0.221072,0.0736907,0.147381,0,0,0,0,0,0
90546,91380,90963,0.5,166.796,-77.8539,970.025,-15.1425,260.274,29.6849,3.95718,198.879,0.150773,0.00107872,15.2112,8.66576,2.76567,1.01408,0.737512,0.460945,0.553134,0.184378,0,0.092189,0,0,0,0,0
90604,91420,91012,0.6,166.794,-77.8541,944.38,-16.12,261.322,32.2669,4.56625,224.976,0.147808,0.0012606,14.4016,8.93266,4.73978,1.45839,1.82299,0,0.364598,0.364598,0.182299,0,0,0,0,0,0
91460,91470,91465,0.9,166.779,-77.8532,875.287,-19.5667,263.418,20.8037,2.96391,158.899,0.160834,0.00084562,8.96925,6.85151,2.36688,1.12116,0.747437,0.124573,0.498291,0,0,0.124573,0,0,0,0,0
91490,91490,91490,1,166.779,-77.8539,858.94,-20.73,263.625,18.5636,2.89937,144.614,0.149633,0.000838247,6.31164,7.05418,1.11382,2.22764,1.11382,0,0.371273,0.371273,0,0,0,0,0,0,0
91515,91531,91523,1.2,166.78,-77.855,839.798,-22,263.994,16.885,3.24559,268.315,0.248012,0.00125628,6.90328,4.94424,2.51876,0.7463,0.653013,0.466438,0.279863,0.0932875,0,0.186575,0,0.0932875,0,0,0
91533,91544,91538,1.3,166.781,-77.8554,828.67,-22.885,264.068,16.6639,3.72687,413.987,0.333246,0.00185184,7.48939,5.99152,2.05958,0.187235,0.187235,0,0,0,0.187235,0.37447,0,0.187235,0,0,0
91558,91560,91559,1.4,166.783,-77.8558,815.3,-23.8,264.327,17.9641,1.90165,61.4064,0.0968736,0.000145972,7.07097,6.49765,3.82215,0.382215,0.191107,0,0,0,0,0,0,0,0,0,0
91569,91574,91572,1.5,166.785,-77.8562,807.655,-24.29,264.519,17.5846,2.88314,189.345,0.19702,0.00116425,7.83662,5.92525,1.91137,0.573411,0.191137,0.191137,0.573411,0.191137,0,0.191137,0,0,0,0,0
91597,91597,91597,1.6,166.786,-77.8564,792.49,-25.38,264.791,18.8448,3.44992,258.067,0.224411,0.00154276,6.78411,6.03032,4.14585,0.376895,0.75379,0,0,0.376895,0,0.376895,0,0,0,0,0
91625,91639,91632,1.8,166.787,-77.8562,772.305,-26.525,265.518,17.7225,3.05988,260.684,0.255582,0.000892911,7.46212,6.15625,1.86553,0.932765,0.373106,0.559659,0.186553,0,0,0,0.186553,0,0,0,0
91643,91643,91643,1.9,166.788,-77.8559,766.38,-27.05,265.536,17.8343,2.8805,150.464,0.156706,0.000925762,4.93289,9.10687,0.758906,1.13836,0.379453,0.758906,0.379453,0.379453,0,0,0,0,0,0,0
91660,91674,91667,2,166.79,-77.855,752.196,-28.214,265.694,19.4977,3.10075,184.752,0.178749,0.00114633,8.52063,6.21776,2.30287,0.844387,0.383812,0.383812,0.383812,0.230287,0.153525,0.0767624,0,0,0,0,0
91678,91695,91686,2.1,166.793,-77.8542,739.99,-29.054,266.024,17.3309,2.77538,162.514,0.175667,0.000967718,6.39319,6.47021,1.92566,1.07837,0.462158,0.385132,0.308105,0.0770264,0.154053,0.0770264,0,0,0,0,0
91696,91707,91702,2.2,166.793,-77.8539,732.595,-29.68,266.104,13.7457,2.29949,153.147,0.1998,0.000893298,7.15529,3.01276,1.69467,0.376594,0.376594,0.753189,0.188297,0,0,0.188297,0,0,0,0,0
91717,91717,91717,2.3,166.794,-77.8539,723.76,-30.33,266.315,11.9219,1.46289,61.2408,0.125588,0.000297488,5.76868,3.46121,1.53831,0.769157,0,0,0.384578,0,0,0,0,0,0,0,0
91735,91750,91742,2.4,166.796,-77.8537,709.76,-30.715,267.382,12.8808,2.87756,331.235,0.345329,0.00113672,5.19076,4.42175,2.307,0.19225,0,0,0.3845,0,0.19225,0,0,0,0.19225,0,0
91753,91768,91760,2.5,166.798,-77.8537,700.059,-31.11,267.997,13.3161,4.4086,690.678,0.469999,0.0023095,5.01443,3.95582,1.3929,0.612874,0.835738,0.334295,0.557158,0.167148,0,0.222863,0.0557158,0.111432,0,0,0.0557158
91774,91787,91780,2.6,166.802,-77.8537,688.627,-31.803,268.49,12.0349,2.22708,168.319,0.226735,0.00076498,4.79847,3.67625,1.54789,0.58046,0.541763,0.309579,0.386973,0.0773947,0.0386973,0,0.0386973,0.0386973,0,0,0
91789,91802,91796,2.7,166.805,-77.8537,680.071,-32.5167,268.654,12.8943,2.49258,224.22,0.269865,0.000852655,5.17498,3.88124,1.94062,0.689998,0.603748,0.129375,0.215624,0.0431249,0.0431249,0.0431249,0,0.129375,0,0,0
91808,91822,91815,2.8,166.809,-77.8539,669.799,-33.405,268.829,13.5469,3.23798,459.117,0.425373,0.00141022,5.13847,4.32099,2.14103,0.622845,0.54499,0.194639,0.194639,0.116783,0.0389278,0.116783,0,0,0.0778557,0,0.0389278
91823,91841,91832,2.9,166.812,-77.8543,660.652,-33.9786,269.241,13.9191,2.39579,181.945,0.227831,0.000741741,5.40519,4.36896,2.15647,0.868191,0.532117,0.0840185,0.252055,0.112025,0.0560123,0,0.0280062,0.0280062,0.0280062,0,0
91843,91859,91851,3,166.816,-77.8548,651.123,-33.954,270.388,12.0984,1.85837,120.752,0.194932,0.000543102,4.85501,3.99364,1.68359,0.783067,0.430687,0.0783067,0.0783067,0.0783067,0.0391533,0.0391533,0.0391533,0,0,0,0
91860,91875,91868,3.1,166.819,-77.8555,643.825,-33.778,271.469,12.0863,1.85418,99.4726,0.160943,0.000553712,4.54695,3.84742,1.90428,0.777256,0.349765,0.349765,0.194314,0,0.0777256,0.0388628,0,0,0,0,0
91878,91893,91886,3.2,166.825,-77.8563,634.182,-33.4945,272.963,12.0957,1.8774,90.8693,0.145205,0.000513369,4.29992,3.8105,1.95769,0.594298,0.699174,0.314628,0.314628,0.104876,0,0,0,0,0,0,0
91894,91910,91902,3.3,166.832,-77.8573,624.478,-33.227,274.471,13.2606,2.00352,104.376,0.156289,0.000559398,5.07934,3.91613,1.93868,1.20198,0.659151,0.193868,0.116321,0.0387736,0.0775472,0.0387736,0,0,0,0,0
91912,91929,91920,3.4,166.838,-77.8583,615.499,-33.6707,275.097,13.7138,2.25494,192.231,0.255746,0.000716081,5.48551,4.25407,2.12703,0.699682,0.699682,0.111949,0.195911,0.0559746,0,0.0559746,0,0,0,0.0279873,0
91930,91944,91937,3.5,166.844,-77.8594,607.347,-34.04,275.723,12.253,1.87495,87.1831,0.139497,0.000465809,4.09734,3.90223,1.91209,1.01458,0.702401,0.234134,0.351201,0.0390223,0,0,0,0,0,0,0
91947,91962,91954,3.6,166.852,-77.8606,598.832,-34.408,276.416,12.3198,2.19825,140.362,0.191555,0.000700508,4.25091,3.54242,1.73185,1.22017,0.905286,0.275522,0.236161,0,0.118081,0,0.0393602,0,0,0,0
91965,91980,91972,3.7,166.858,-77.8618,590.084,-34.8786,277.031,11.0251,1.81482,98.8821,0.163457,0.000577474,4.28755,3.03469,1.4199,1.03012,0.584665,0.278412,0.250571,0.0556824,0.0556824,0.0278412,0,0,0,0,0
91981,91995,91988,3.8,166.865,-77.8629,581.653,-35.1386,277.866,11.0329,2.03403,145.082,0.213981,0.000636106,3.77073,3.24003,1.70381,0.949665,0.754146,0.167588,0.251382,0.139657,0,0,0.0279313,0,0.0279313,0,0
91999,92015,92007,3.9,166.873,-77.8645,572.929,-35.7082,278.398,11.3878,1.86948,100.061,0.16057,0.000566704,3.92809,3.67582,1.40546,0.936974,0.828862,0.252262,0.252262,0.0360375,0.0360375,0.0360375,0,0,0,0,0
92016,92032,92024,4,166.881,-77.8659,564.988,-36.2431,278.889,10.7288,1.8965,114.378,0.18093,0.000574643,3.72781,2.78828,1.78814,1.03045,0.727377,0.212152,0.333381,0.0909222,0,0,0.0303074,0,0,0,0
92033,92050,92042,4.1,166.89,-77.8672,556.464,-36.545,279.744,10.4808,1.86908,113.84,0.182721,0.000584306,3.04642,3.5495,1.67693,0.866414,0.642824,0.307437,0.223591,0.111795,0.0279489,0,0.0279489,0,0,0,0
92051,92066,92058,4.2,166.898,-77.8686,548.85,-36.686,280.677,10.6482,1.77384,91.3944,0.15457,0.000506398,3.48819,2.96365,1.99325,0.760582,0.734355,0.445859,0.157362,0.0786809,0,0.026227,0,0,0,0,0
92068,92081,92074,4.3,166.905,-77.8703,541.231,-37.035,281.381,12.3702,2.06273,109.688,0.159528,0.000628258,4.11024,3.79407,2.0156,0.790431,0.948517,0.237129,0.355694,0.0790431,0,0.0395215,0,0,0,0,0
92085,92101,92093,4.4,166.914,-77.872,533.48,-37.8017,281.631,11.7761,2.32789,158.311,0.204019,0.000796886,3.81573,3.02627,1.67761,1.28287,1.18419,0.23026,0.394731,0.0657884,0.0328942,0.0328942,0,0,0.0328942,0,0
92104,92118,92111,4.5,166.926,-77.8743,524.414,-38.605,282.048,9.37723,1.7612,126.957,0.216256,0.000658498,3.20488,2.92791,1.62222,0.43523,0.633062,0.276965,0.0395664,0,0.197832,0,0.0395664,0,0,0,0
92120,92137,92128,4.6,166.934,-77.876,517.235,-39.2658,282.361,9.46472,1.60844,89.0242,0.166044,0.000519571,3.11078,2.97841,1.5223,0.628775,0.628775,0.264747,0.19856,0.0661868,0.0330934,0.0330934,0,0,0,0,0
92140,92152,92146,4.7,166.944,-77.8778,509.338,-39.8691,282.87,9.27523,1.41215,64.0584,0.136087,0.000324092,3.32032,2.74287,1.29925,0.649627,0.757898,0.396994,0.0721808,0.0360904,0,0,0,0,0,0,0
92153,92167,92160,4.8,166.95,-77.879,503.109,-40.35,283.286,10.7838,1.64839,79.4759,0.144643,0.000432561,3.34865,3.91622,1.56081,0.936487,0.539189,0.198649,0.141892,0.113514,0.0283784,0,0,0,0,0,0
92169,92184,92176,4.9,166.958,-77.8808,495.194,-41.054,283.713,9.10318,1.37265,61.9984,0.135501,0.000315629,3.3538,2.39557,1.75675,0.479115,0.558967,0.399262,0.159705,0,0,0,0,0,0,0,0
92187,92200,92194,5,166.967,-77.8825,487.889,-41.4933,284.378,8.40675,1.04411,42.4848,0.122069,0.000190523,3.91425,2.40193,1.20096,0.444801,0.13344,0.177921,0.13344,0,0,0,0,0,0,0,0
92202,92218,92210,5.1,166.976,-77.8841,480.944,-42.2275,284.637,7.09501,0.897909,35.9224,0.12002,0.00015381,2.9451,2.34269,0.836675,0.468538,0.368137,0.033467,0.100401,0,0,0,0,0,0,0,0
92220,92235,92228,5.2,166.985,-77.8861,474.463,-42.9283,284.881,6.44443,1.59198,260.91,0.49167,0.000683091,2.59106,1.72737,1.26231,0.199312,0.398625,0.132875,0,0.0664375,0,0,0,0,0,0.0664375,0
92236,92252,92244,5.3,166.995,-77.888,467.03,-43.7575,285.139,6.28104,1.05275,72.3515,0.206178,0.000309776,2.58631,1.7466,0.839712,0.503827,0.335885,0.0671769,0.100765,0.0671769,0,0,0.0335885,0,0,0,0
92254,92266,92260,5.4,167.004,-77.8898,459.711,-44.57,285.411,6.98597,0.912916,36.7225,0.120676,0.000156312,2.37928,2.53115,1.16433,0.455607,0.303738,0.050623,0.101246,0,0,0,0,0,0,0,0
92270,92280,92275,5.5,167.011,-77.8912,453.593,-45.2283,285.677,7.75083,0.981771,38.9471,0.119011,0.000162561,3.08662,2.53788,1.23465,0.342957,0.342957,0.137183,0.0685914,0,0,0,0,0,0,0,0
92286,92301,92294,5.6,167.02,-77.8931,446.478,-46.09,285.895,7.51615,1.16166,57.3999,0.148236,0.000311836,2.60765,2.30086,1.07374,0.818085,0.409042,0.153391,0.0511303,0.0511303,0.0511303,0,0,0,0,0,0
92303,92314,92308,5.7,167.028,-77.8948,440.137,-46.5867,286.434,4.44091,0.601761,24.3207,0.121248,0.000101922,1.58604,1.49541,0.453154,0.49847,0.362524,0,0.0453154,0,0,0,0,0,0,0,0
92318,92324,92321,5.8,167.035,-77.8965,434.687,-47.1533,286.734,5.39574,0.606495,20.5625,0.101712,5.63198e-05,1.93693,2.07528,0.968466,0.276705,0.138352,0,0,0,0,0,0,0,0,0,0
92340,92348,92344,5.9,167.046,-77.8994,426.558,-48.1,287.076,7.29467,1.26818,64.7989,0.153287,0.000384493,1.64387,2.97952,1.13016,0.410968,0.616451,0.205484,0.205484,0.102742,0,0,0,0,0,0,0
92354,92371,92362,6,167.057,-77.9017,419.389,-48.9529,287.382,4.94603,0.813818,45.4942,0.167707,0.000282044,1.82532,1.70756,0.529932,0.412169,0.117763,0.176644,0.0588813,0.0588813,0.0588813,0,0,0,0,0,0
92378,92388,92383,6.1,167.068,-77.9037,412.705,-49.7075,287.728,5.25832,0.720655,31.9632,0.133059,0.000163359,2.68071,1.03104,0.824834,0.206208,0.206208,0.206208,0.103104,0,0,0,0,0,0,0,0
92393,92401,92397,6.2,167.074,-77.9052,407.977,-50.3467,287.848,6.5059,0.96295,40.9893,0.127699,0.000186314,1.52266,3.04531,0.692117,0.276847,0.692117,0.276847,0,0,0,0,0,0,0,0,0
92412,92419,92416,6.3,167.084,-77.9073,401.066,-51.082,288.311,5.88269,0.913231,39.8064,0.130766,0.000185932,1.73995,1.49139,1.24282,0.662838,0.579983,0.0828548,0.0828548,0,0,0,0,0,0,0,0
92423,92433,92428,6.4,167.089,-77.9085,395.868,-51.4956,288.846,4.30809,0.603711,25.5153,0.126792,0.000116216,1.575,1.20441,0.833823,0.324264,0.185294,0.13897,0.0463235,0,0,0,0,0,0,0,0
92439,92454,92446,6.5,167.098,-77.9101,388.521,-52.1256,289.566,5.25655,0.725091,30.1818,0.124875,0.000135789,1.79829,1.93662,0.691651,0.18444,0.507211,0.0922201,0.04611,0,0,0,0,0,0,0,0
92456,92470,92463,6.6,167.104,-77.9116,383.072,-52.7691,289.892,5.29354,0.73316,29.601,0.121124,0.000121118,1.85274,1.62587,0.75622,0.491543,0.453732,0.113433,0,0,0,0,0,0,0,0,0
92471,92483,92477,6.7,167.109,-77.9129,377.604,-53.3389,290.337,5.77412,0.905201,42.4092,0.140552,0.000229219,2.21726,1.52437,0.923859,0.184772,0.554316,0.230965,0.138579,0,0,0,0,0,0,0,0
92485,92498,92492,6.8,167.115,-77.9144,371.394,-54.0486,290.77,5.47423,0.830645,49.299,0.178051,0.000254052,1.925,2.04532,0.842189,0.300782,0.120313,0.180469,0,0,0,0.0601563,0,0,0,0,0
92500,92514,92507,6.9,167.121,-77.916,365.67,-54.6764,291.222,3.94283,0.63754,34.3029,0.161415,0.000210537,1.55438,0.985706,0.720324,0.379118,0.0758236,0,0.189559,0,0.0379118,0,0,0,0,0,0
92520,92527,92524,7,167.127,-77.9172,360.784,-55.204,291.647,4.5954,0.823104,46.5921,0.169816,0.000306744,1.67106,1.5875,0.334211,0.334211,0.250658,0.167106,0.0835528,0.167106,0,0,0,0,0,0,0
