api/src/app/data/B2SAP/Locations/Antarctica/NOAA-POPS-B2SAP_GMLBalloon_20221113_R0.ict
61,1001
Thornberry, T. D.
NOAA Chemical Sciences Laboratory
Portable Optical Particle Spectrometer (POPS)
Balloon Baseline Stratospheric Aerosol Profiles (B2SAP)
1,1
2022,11,13,2024,05,28
0
TIME_START,s,Seconds since midnight UTC on flight start day,Start time of 100 m altitude bin in UTC_seconds_since_midnight
28
1.0,1.0,1.0,1.0,1.0,1.0,1.0,1.0,1.0,1.0,1.0,1.0,1.0,1.0,1.0,1.0,1.0,1.0,1.0,1.0,1.0,1.0,1.0,1.0,1.0,1.0,1.0,1.0
99999,99999,99999,99999,99999,99999,99999,99999,99999,99999,99999,99999,99999,99999,99999,99999,99999,99999,99999,99999,99999,99999,99999,99999,99999,99999,99999,99999
TIME_STOP,s,End time of 100 m altitude bin in UTC seconds since midnight,
TIME_MID,s,Mid time of 100 m altitude in UTC seconds since midnight,
GPSAlt,m,GPS reported altitude above sea level (m),
GPS_Lon,deg,GPS reported longitude,
GPS_Lat,deg,GPS reported latitude,
iMet_Pressure,mb,Pressure reported (mB),
iMet_Temperature,degrees C,Ambient temperature (oC),
THETA,K,Potential temperature from iMet,
Aerosol_concentration,cm^-3,Aerosol concentration,
Surface_Area_Conc,um^2 cm^-3,Surface area concentration,
Volume_density,um^3 cm^-3,Volume density,
Effective_radius,um,Effective radius,
Extinction,km^-1,Extinction,
Bin01,cm^-3,particle concentration in size range [140 - 170 nm],
Bin02,cm^-3,particle concentration in size range [170 - 205 nm],
Bin03,cm^-3,particle concentration in size range [205 - 249 nm],
Bin04,cm^-3,particle concentration in size range [249 - 302 nm],
Bin05,cm^-3,particle concentration in size range [302 - 366 nm],
Bin06,cm^-3,particle concentration in size range [366 - 443 nm],
Bin07,cm^-3,particle concentration in size range [443 - 537 nm],
Bin08,cm^-3,particle concentration in size range [537 - 651 nm],
Bin09,cm^-3,particle concentration in size range [651 - 789 nm],
Bin10,cm^-3,particle concentration in size range [789 - 956 nm],
Bin11,cm^-3,particle concentration in size range [956 - 1159 nm],
Bin12,cm^-3,particle concentration in size range [1159 - 1404 nm],
Bin13,cm^-3,particle concentration in size range [1404 - 1702 nm],
Bin14,cm^-3,particle concentration in size range [1702 - 2062 nm],
Bin15,cm^-3,particle concentration in size range [2062 - 2500 nm],
0
19
PI_CONTACT_INFO: 325 Broadway R/CSL6, Boulder, CO 80305; troy.thornberry@noaa.gov; 303-497-3373 
PLATFORM: GML ECC/FPH balloon
LOCATION: Scott Base, Antarctica
ASSOCIATED_DATA: N/A
INSTRUMENT_INFO: Printed Optical Particle Spectrometer counts particles from 140 - 2500 nm in diameter 
DATA_INFO: Particle concentrations reported in number per cubic centimeter, binned to 100 m altitude
UNCERTAINTY: Counting uncertainty dominated by air flow, less than 5 percent
ULOD_FLAG: -77777
ULOD_VALUE: 3000 ~3000 per cm3 (varies depending on flow rate- manufacturer quotes 1250  per cm3 at 1.667 cc/s)
LLOD_FLAG: -88888
LLOD_VALUE: 0 0 (varies depending on data field and measurement precision)
DM_CONTACT_INFO: Troy Thornberry, 325 Broadway R/CSL6, Boulder, CO 80305; troy.thornberry@noaa.gov; 303-497-3373
PROJECT_INFO: B2SAP Scott Base, Antarctica
STIPULATIONS_ON_USE: Please contact the PIs for questions regarding applications and uncertainties
OTHER_COMMENTS: POPS bin Edges (nm):  140, 170, 205, 249, 302, 366, 443, 537, 651, 789, 956, 1159, 1404, 1702, 2062, 2500
Calculations assume sulfate refractive index of 1.45+0.00j and extinction wavelength = 532 nm
REVISION: R0
R0: QA/QC data
TIME_START,TIME_STOP,TIME_MID,GPSAlt,GPS_Lon,GPS_Lat,iMet_Pressure,iMet_Temperature,THETA,Aerosol_concentration,Surface_Area_Conc,Volume_density,Effective_radius,Extinction,Bin01,Bin02,Bin03,Bin04,Bin05,Bin06,Bin07,Bin08,Bin09,Bin10,Bin11,Bin12,Bin13,Bin14,Bin15
[from data line 81]
92552,92562,92557,7.2,167.142,-77.9199,349.762,-56.3025,292.753,3.09576,0.322483,10.4002,0.0967514,2.43875e-05,1.4945,0.854002,0.533751,0.2135,0,0,0,0,0,0,0,0,0,0,0
92570,92583,92576,7.3,167.148,-77.9213,343.402,-57.0262,293.317,3.5579,0.409757,15.6693,0.114721,6.38011e-05,1.64619,1.38068,0.106206,0.265515,0.106206,0,0.053103,0,0,0,0,0,0,0,0
92584,92594,92589,7.4,167.151,-77.9225,338.48,-57.5812,293.771,6.99825,0.940344,37.5364,0.119753,0.000152374,2.27973,2.22672,1.43146,0.583188,0.318102,0.106034,0.0530171,0,0,0,0,0,0,0,0
92598,92612,92605,7.5,167.156,-77.9238,332.131,-58.201,294.51,7.78429,1.50936,102.584,0.203895,0.000461724,2.053,2.18131,1.71083,0.641563,0.727104,0.171083,0.213854,0.0427708,0,0,0.0427708,0,0,0,0
92614,92627,92620,7.6,167.16,-77.9251,326.889,-58.73,295.13,10.2714,2.08076,138.627,0.19987,0.000639185,2.86643,2.86643,1.52876,1.00325,1.00325,0.668834,0.286643,0,0,0,0,0.0477738,0,0,0
92628,92646,92637,7.7,167.165,-77.9268,321.675,-59.2767,295.732,9.81621,1.53562,71.0572,0.138818,0.000369823,3.37877,2.56075,1.7783,0.960282,0.569056,0.35566,0.17783,0.035566,0,0,0,0,0,0,0
92648,92668,92658,7.8,167.169,-77.928,316.894,-59.8629,296.181,9.47871,1.29619,54.4414,0.126004,0.00024793,3.94946,2.61272,1.15446,0.911414,0.546849,0.182283,0.121522,0,0,0,0,0,0,0,0
92670,92686,92678,7.9,167.172,-77.9296,311.736,-60.5613,296.604,8.64245,1.62089,129.454,0.239599,0.000509787,3.56501,1.99857,1.4044,0.702199,0.432122,0.216061,0.162046,0.108031,0,0,0,0,0.0540153,0,0
92688,92705,92696,8,167.179,-77.9314,305.789,-61.3243,297.171,7.41217,1.20997,57.8855,0.143522,0.000320497,2.47072,1.79127,1.5442,0.679449,0.494145,0.123536,0.30884,0,0,0,0,0,0,0,0
92706,92721,92714,8.1,167.183,-77.9323,301.761,-61.56,297.966,12.0721,2.33626,130.002,0.166936,0.000817356,3.63335,3.28174,1.67994,1.13298,1.25019,0.507888,0.390683,0.117205,0.0781367,0,0,0,0,0,0
92722,92736,92729,8.2,167.188,-77.9331,296.416,-61.6264,299.394,11.9333,2.29855,120.029,0.156658,0.000726291,2.87643,3.61497,1.74918,1.39934,1.12725,0.544189,0.58306,0.0388706,0,0,0,0,0,0,0
92742,92760,92751,8.3,167.195,-77.9338,290.827,-61.6389,301.005,7.03138,1.24126,79.0047,0.190947,0.000432757,2.0568,2.53512,0.95665,0.76532,0.334827,0.239162,0.0478325,0,0,0.095665,0,0,0,0,0
92761,92780,92770,8.4,167.199,-77.9343,286.869,-61.5933,302.257,10.9291,1.94604,99.1093,0.152786,0.000587617,3.04583,3.40416,1.79166,0.788332,1.075,0.322499,0.429999,0.0716665,0,0,0,0,0,0,0
92781,92796,92788,8.5,167.202,-77.935,283.294,-61.9509,302.834,11.5067,2.22152,141.715,0.191376,0.000719519,3.0737,3.0737,2.36438,1.26101,1.10338,0.157626,0.236438,0.157626,0.0394064,0,0.0394064,0,0,0,0
92798,92818,92808,8.6,167.206,-77.9358,278.329,-62.4675,303.62,11.8889,2.72636,322.761,0.355156,0.00101307,2.95421,3.38653,2.34175,1.29697,0.828619,0.684511,0.216161,0.144108,0,0,0,0,0,0,0.0360269
92819,92837,92828,8.7,167.209,-77.9366,273.769,-62.8917,304.439,12.7192,2.25538,134.008,0.178251,0.000621794,3.93862,3.68568,2.13191,0.903352,1.30083,0.397475,0.289073,0.0361341,0,0,0,0.0361341,0,0,0
92839,92852,92846,8.8,167.213,-77.9373,269.394,-63.493,304.967,13.4538,2.3325,110.709,0.142391,0.000590746,3.42854,3.64554,2.60396,1.56237,1.47558,0.347194,0.390594,0,0,0,0,0,0,0,0
92853,92868,92860,8.9,167.215,-77.9377,265.626,-63.7488,305.821,12.1362,2.27596,122.098,0.160941,0.000746991,3.52165,3.25076,2.00463,1.3003,0.975227,0.487613,0.487613,0.0541793,0.0541793,0,0,0,0,0,0
92871,92889,92880,9,167.217,-77.9382,260.47,-64.2154,306.864,13.6155,3.0039,179.076,0.178844,0.00116908,3.50398,3.33712,2.03564,1.40159,1.7353,0.56731,0.901022,0.0333712,0.0667424,0.0333712,0,0,0,0,0
92892,92908,92900,9.1,167.221,-77.9392,255.979,-64.7058,307.666,15.8297,3.62099,217.338,0.180065,0.00148044,4.12948,3.51368,2.86166,1.34027,1.66628,1.01426,0.941811,0.289788,0.072447,0,0,0,0,0,0
92909,92925,92917,9.2,167.225,-77.9399,251.938,-64.8108,308.91,13.8127,3.08028,182.539,0.177782,0.00121167,3.42585,3.20718,2.44183,1.38492,1.60359,0.801794,0.656013,0.182226,0.109336,0,0,0,0,0,0
92927,92944,92936,9.3,167.228,-77.9409,247.924,-64.6013,310.64,14.1609,3.26378,211.633,0.194529,0.00126808,3.23679,3.35239,2.60099,1.64729,1.50279,0.895896,0.722497,0.0577998,0.0866996,0.0288999,0.0288999,0,0,0,0
92945,92961,92953,9.4,167.232,-77.9414,244.432,-64.6308,311.855,14.3756,3.14555,186.409,0.177784,0.00121581,3.25894,4.09178,2.13642,1.59326,1.62947,0.543157,0.941473,0.108631,0.0362105,0.0362105,0,0,0,0,0
92963,92979,92971,9.5,167.236,-77.9421,240.049,-64.6854,313.399,11.4355,2.52386,153.635,0.182619,0.00100253,2.87558,2.84215,1.83904,1.40435,1.06998,0.635303,0.534992,0.133748,0.066874,0.033437,0,0,0,0,0
92980,92994,92987,9.6,167.241,-77.9428,236.153,-64.9636,314.446,15.8202,3.52271,208.363,0.177445,0.0013562,3.67478,4.07963,2.61595,1.46368,1.93082,0.996551,0.84084,0.124569,0.0622844,0.0311422,0,0,0,0,0
92996,93014,93005,9.7,167.243,-77.9434,232.379,-65.3842,315.256,16.3358,3.77436,239.367,0.190258,0.00164365,4.53163,3.58145,2.99672,1.38873,1.68109,0.730908,0.87709,0.402,0.109636,0.0365454,0,0,0,0,0
93015,93029,93022,9.8,167.247,-77.9437,228.458,-65.6454,316.391,14.0515,3.24632,209.846,0.193924,0.00127815,3.39407,3.76742,2.13827,1.15398,1.6631,0.848518,0.848518,0.169704,0.0339407,0,0.0339407,0,0,0,0
93031,93052,93042,9.9,167.248,-77.9441,224.623,-65.7317,317.79,14.0847,3.02664,172.759,0.171238,0.00112848,3.58519,3.58519,2.2316,1.35359,1.49993,0.91459,0.695089,0.182918,0.0365836,0,0,0,0,0,0
93054,93067,93060,10,167.251,-77.9445,220.743,-66.0233,318.938,16.1242,3.4333,195.868,0.171149,0.0012856,4.0678,3.96979,2.94058,1.61732,1.56831,0.735145,1.0292,0.147029,0.0490097,0,0,0,0,0,0
93069,93089,93079,10.1,167.254,-77.945,217.074,-66.425,319.845,15.1412,3.23031,189.217,0.175727,0.00125907,3.8293,3.78529,2.90499,1.54052,1.36446,0.52818,0.8803,0.220075,0.08803,0,0,0,0,0,0
93092,93109,93100,10.2,167.259,-77.9455,213.604,-66.5745,321.085,15.7699,3.83446,236.621,0.185127,0.0016295,3.77193,3.65155,2.12673,1.72546,2.04647,1.12355,0.882792,0.321015,0.120381,0,0,0,0,0,0
93110,93125,93118,10.3,167.264,-77.946,209.999,-66.8811,322.168,15.6801,3.42351,207.571,0.181893,0.00135562,4.98246,2.97971,2.29584,1.85621,1.66082,0.879258,0.683868,0.244238,0.0488477,0.0488477,0,0,0,0,0
93127,93142,93134,10.4,167.266,-77.9465,206.643,-67.33,322.95,14.724,3.55748,242.307,0.204336,0.00138906,3.17359,3.61641,2.65696,1.21777,1.99272,0.996359,0.84875,0.147609,0,0.0369022,0,0,0.0369022,0,0
93143,93161,93152,10.5,167.268,-77.9474,203.129,-67.2908,324.608,15.3279,3.62154,252.963,0.209549,0.00157043,3.97641,4.31628,2.14115,1.2575,1.63135,0.917634,0.57777,0.305878,0.101959,0.0679729,0.0339864,0,0,0,0
93162,93177,93170,10.6,167.273,-77.9482,200.028,-67.0282,326.45,13.67,3.54746,242.798,0.205328,0.00169062,3.51744,2.71802,2.39825,1.03924,1.9186,0.799418,0.639534,0.43968,0.119913,0.0799418,0,0,0,0,0
93179,93196,93188,10.7,167.275,-77.9489,196.554,-67.072,328.015,12.1678,3.1399,204.784,0.19566,0.00142615,2.73206,2.93443,1.5937,1.21425,1.5684,1.01187,0.758905,0.177078,0.151781,0.0252968,0,0,0,0,0
93197,93216,93206,10.8,167.281,-77.9495,193.298,-67.1427,329.468,11.8527,2.9541,187.446,0.190358,0.00125764,2.6675,2.44101,1.98804,1.18276,1.78672,0.905942,0.503301,0.301981,0.025165,0.0503301,0,0,0,0,0
93217,93231,93224,10.9,167.286,-77.9499,190.524,-67.32,330.548,13.4918,3.37739,213.911,0.190009,0.00147719,3.07555,3.10456,1.97299,1.3927,1.76989,0.928468,0.841424,0.319161,0.0580292,0.0290146,0,0,0,0,0
93232,93250,93241,11,167.289,-77.9505,187.045,-67.7,331.687,13.3225,3.50876,224.857,0.192254,0.00158916,2.544,3.34737,1.91916,1.272,1.78526,1.09347,0.981895,0.223158,0.156211,0,0,0,0,0,0
93252,93262,93257,11.1,167.29,-77.9508,184.156,-67.89,332.854,12.315,3.29505,225.033,0.204883,0.00162064,2.53141,3.48924,1.77883,0.99204,1.19729,0.855207,0.99204,0.273666,0.171041,0.0342083,0,0,0,0,0
93264,93278,93271,11.2,167.291,-77.9509,181.27,-68.1708,333.899,12.663,3.39388,226.381,0.200109,0.00158853,2.84332,2.72607,1.78807,1.407,1.58288,0.938003,0.938003,0.322438,0.0586252,0.0586252,0,0,0,0,0
93318,93337,93328,11.5,167.301,-77.9528,172.038,-68.8806,337.754,10.7454,2.64117,172.668,0.196126,0.00120719,2.79248,2.6361,1.47443,0.960612,1.22869,0.692534,0.536155,0.290418,0.111699,0.0223398,0,0,0,0,0
93338,93356,93347,11.6,167.305,-77.9536,169.193,-69.0856,339.023,11.0017,3.33022,252.408,0.22738,0.00172983,2.46589,2.17083,1.47532,1.20133,1.51747,0.674432,0.990572,0.252912,0.147532,0.084304,0.021076,0,0,0,0
93358,93367,93362,11.7,167.308,-77.9541,166.543,-69.2867,340.216,10.3866,2.74893,182.201,0.198842,0.00126435,2.0605,2.3128,1.89229,0.967172,1.30358,0.88307,0.588714,0.252306,0.0841019,0.042051,0,0,0,0,0
93368,93386,93377,11.8,167.311,-77.9547,163.451,-69.0333,342.478,10.6346,3.17599,223.224,0.210854,0.00161543,2.07195,2.15652,1.71253,0.887977,1.45882,0.866835,1.03597,0.295992,0.0845692,0.0634269,0,0,0,0,0
93387,93406,93396,11.9,167.315,-77.9554,160.773,-69.0494,344.07,11.4212,3.51897,252.109,0.214929,0.00186761,2.08615,2.6551,1.60149,0.990396,1.43291,0.969324,1.03254,0.442517,0.168578,0.0421445,0,0,0,0,0
93407,93428,93418,12,167.319,-77.956,157.93,-69.115,345.714,10.9979,3.08817,216.198,0.210025,0.00156757,2.52194,2.5409,1.36526,1.09979,1.44111,0.720555,0.682631,0.436125,0.151696,0.0379239,0,0,0,0,0
93429,93448,93438,12.1,167.324,-77.9567,155.333,-69.133,347.32,10.9108,3.15809,216.937,0.206078,0.00156315,2.13677,2.28805,1.56949,1.22912,1.3993,0.945473,0.850926,0.34037,0.113457,0.0378189,0,0,0,0,0
93449,93469,93459,12.2,167.328,-77.9573,152.891,-69.3362,348.554,10.058,3.6194,337.64,0.279859,0.00196088,1.93911,2.17471,1.34107,0.978619,1.41356,0.70678,0.833638,0.308084,0.144981,0.108735,0.0362451,0.0724903,0,0,0
93470,93488,93479,12.3,167.332,-77.9579,150.411,-69.6421,349.664,11.2555,3.69031,273.124,0.222033,0.00195552,2.07917,2.13914,1.41943,1.15954,1.65934,0.89964,1.2595,0.4998,0.079968,0.039984,0.019992,0,0,0,0
93489,93509,93499,12.4,167.336,-77.9584,147.858,-70.124,350.542,10.7288,3.40853,247.353,0.217706,0.00183568,2.02237,1.95382,1.76529,1.04546,1.3711,1.02832,0.856936,0.428468,0.222803,0.0342775,0,0,0,0,0
93510,93528,93519,12.5,167.341,-77.959,145.312,-70.3517,351.887,10.6279,3.83173,316.118,0.2475,0.00213624,1.82726,1.82726,1.67809,0.913629,1.58487,1.08144,0.857692,0.503428,0.279682,0.0186455,0.037291,0.0186455,0,0,0
93529,93549,93539,12.6,167.346,-77.9597,142.904,-70.571,353.192,11.4534,3.94919,301.756,0.229229,0.00219994,2.13398,1.91724,1.61715,1.03364,1.85056,0.800241,1.30039,0.583509,0.133373,0.0666867,0.0166717,0,0,0,0
93736,93756,93746,13.6,167.406,-77.9669,120.274,-72.1271,368.177,10.3451,3.99351,339.844,0.255297,0.0023194,1.3633,1.79635,1.53973,1.29915,1.58785,0.721749,1.17084,0.529283,0.160389,0.128311,0.0320777,0.0160389,0,0,0
93757,93776,93766,13.7,167.412,-77.9678,118.316,-72.4174,369.369,9.72925,3.51682,277.899,0.23706,0.00192107,1.15402,2.02397,1.3138,1.06525,1.52685,0.940968,0.90546,0.639148,0.0887706,0.0355082,0,0.0355082,0,0,0
93777,93797,93787,13.8,167.418,-77.9688,116.307,-72.3835,371.243,8.6129,2.94252,217.537,0.221787,0.00161846,1.5338,1.33154,1.33154,0.84275,1.21356,0.859605,0.960735,0.40452,0.06742,0.06742,0,0,0,0,0
93798,93818,93808,13.9,167.425,-77.9698,114.346,-72.6405,372.583,9.66561,3.24374,241.213,0.223088,0.00177315,1.47012,1.67289,1.70669,0.946284,1.52081,0.777305,0.963182,0.40555,0.118285,0.0844896,0,0,0,0,0
93819,93838,93828,14,167.432,-77.9709,112.346,-72.823,374.121,9.24159,3.76423,338.747,0.269973,0.00215957,1.16576,1.79088,1.14886,0.979913,1.45297,0.810962,1.11507,0.473061,0.13516,0.0844752,0.0337901,0.0506851,0,0,0
93839,93858,93848,14.1,167.439,-77.9718,110.585,-72.9116,375.645,8.82048,3.25095,278.48,0.256984,0.00173927,1.27782,1.4198,1.45529,0.922867,1.56177,0.709898,0.887372,0.390444,0.0532423,0.0709898,0.0532423,0.0177474,0,0,0
93859,93875,93867,14.2,167.444,-77.9727,108.641,-72.7125,377.924,9.0924,3.74638,317.174,0.253984,0.00221105,1.11809,1.24467,1.47672,0.949323,1.30796,1.03371,1.20248,0.400825,0.253153,0.0632882,0,0.0421921,0,0,0
93877,93896,93886,14.3,167.451,-77.9737,106.774,-72.6542,379.922,9.12565,3.22157,229.127,0.213368,0.0017234,0.994235,1.40258,1.49135,0.994235,1.7044,0.816693,1.13627,0.532626,0.0177542,0.0355084,0,0,0,0,0
93897,93916,93906,14.4,167.46,-77.9749,105.079,-72.6305,381.707,8.56,3.16012,236.596,0.224608,0.00171806,0.939296,1.22286,1.34692,1.04563,1.4887,0.832961,1.11652,0.425342,0.124058,0,0,0.0177226,0,0,0
93917,93935,93926,14.5,167.469,-77.9758,103.225,-72.6579,383.597,8.63885,3.17877,248.676,0.234691,0.00169987,0.638601,1.61424,1.40137,1.06434,1.5965,0.798251,0.993379,0.354778,0.106434,0.0354778,0.0354778,0,0,0,0
93936,93956,93946,14.6,167.477,-77.9765,101.447,-72.568,385.673,7.789,2.64688,189.644,0.214944,0.00131418,0.807499,1.27854,1.24489,0.975728,1.32901,1.0262,0.790676,0.235521,0.0841145,0,0,0.0168229,0,0,0
93957,93976,93966,14.7,167.486,-77.9773,99.6979,-72.6984,387.35,8.19153,2.88157,226.809,0.236131,0.00149114,1.04384,1.57461,1.09692,0.866922,1.45077,0.813845,0.902307,0.336153,0.0353846,0.0353846,0.0176923,0,0.0176923,0,0
93977,93997,93987,14.8,167.493,-77.978,97.83,-72.7311,389.388,7.61366,2.41378,161.03,0.200138,0.00117159,0.722816,1.42957,1.28501,1.07619,1.26894,0.658565,0.899504,0.240939,0.0160626,0.0160626,0,0,0,0,0
93998,94017,94008,14.9,167.501,-77.9789,96.149,-72.525,391.718,7.17057,2.43297,174.146,0.214732,0.0012287,0.853283,1.15268,1.16765,0.763464,1.28741,0.853283,0.733524,0.284428,0.0598795,0,0.0149699,0,0,0,0
94018,94036,94027,15,167.508,-77.9801,94.4694,-72.6761,393.394,7.70667,2.37946,158.91,0.200352,0.00114403,0.917461,1.40121,1.45126,0.817375,1.28445,0.784012,0.834056,0.133449,0.0667245,0.0166811,0,0,0,0,0
94037,94055,94046,15.1,167.516,-77.9812,93.045,-72.5833,395.291,7.99828,2.45885,168.44,0.20551,0.00116957,1.01645,1.36637,1.41636,1.0831,1.26639,0.949796,0.64986,0.166631,0.0166631,0.0666524,0,0,0,0,0
94056,94074,94065,15.2,167.525,-77.9822,91.3368,-72.3911,397.779,7.05022,2.44554,192.044,0.235585,0.00131863,0.96211,1.35642,1.04097,0.867476,0.993655,0.741298,0.693981,0.252357,0.0315446,0.0946338,0.0157723,0,0,0,0
94075,94094,94084,15.3,167.535,-77.983,89.8742,-71.8579,400.674,6.79559,2.24835,165.584,0.22094,0.00114569,0.707874,1.41575,1.14833,0.833718,1.02248,0.629221,0.660683,0.314611,0.0157305,0.0314611,0.0157305,0,0,0,0
94095,94113,94104,15.4,167.545,-77.9837,88.3942,-71.4874,403.316,6.36537,2.11241,167.37,0.237695,0.00107195,0.864433,1.25736,1.21021,0.660113,0.785848,0.691546,0.660113,0.0785848,0.0943018,0.0314339,0.015717,0.015717,0,0,0
94114,94134,94124,15.5,167.553,-77.9847,86.7974,-71.3005,405.801,6.65659,2.03029,137.109,0.202595,0.000989456,0.863472,1.30306,1.13036,0.847773,1.00477,0.61228,0.643679,0.172694,0.062798,0.0156995,0,0,0,0,0
94135,94153,94144,15.6,167.56,-77.9855,85.2939,-71.1711,408.1,6.4799,2.10077,157.875,0.225453,0.00104425,0.747681,1.19629,1.32921,0.747681,0.913832,0.697835,0.598145,0.132921,0.0498454,0.0498454,0,0.0166151,0,0,0
94154,94171,94162,15.7,167.567,-77.986,83.8982,-71.2635,409.834,6.35647,1.71683,109.408,0.191179,0.000738989,0.840524,1.34834,1.15572,0.805502,1.20825,0.507817,0.280175,0.140087,0.0525328,0.0175109,0,0,0,0,0
94172,94191,94182,15.8,167.574,-77.9868,82.5106,-71.5383,411.227,6.59372,1.81927,121.303,0.20003,0.00076427,0.859332,1.37163,1.27247,0.826281,1.09069,0.627973,0.363563,0.132205,0.0330512,0,0.0165256,0,0,0,0
94192,94209,94200,15.9,167.583,-77.9876,81.11,-71.7,412.912,7.04264,1.9363,129.554,0.200724,0.000896604,1.05739,1.61602,1.1771,1.07734,0.917737,0.418967,0.538672,0.159606,0.0399016,0.0399016,0,0,0,0,0
94212,94231,94222,16,167.593,-77.9887,79.6367,-71.2339,416.052,6.74904,1.79487,112.112,0.187388,0.000773381,0.845702,1.62507,1.24368,0.945197,0.862285,0.596966,0.464307,0.0994944,0.0663296,0,0,0,0,0,0
