api/src/app/data/B2SAP/Locations/Antarctica/NOAA-POPS-B2SAP_GMLBalloon_20221113_R0.ict
61,1001
Thornberry, T. D.
NOAA Chemical Sciences Laboratory
Portable Optical Particle Spectrometer (POPS)
Balloon Baseline Stratospheric Aerosol Profiles (B2SAP)
1,1
2022,11,13,2024,05,28
0
TIME_START,s,Seconds since midnight UTC on flight start day,Start time of 100 m altitude bin in UTC_seconds_since_midnight
28
1.0,1.0,1.0,1.0,1.0,1.0,1.0,1.0,1.0,1.0,1.0,1.0,1.0,1.0,1.0,1.0,1.0,1.0,1.0,1.0,1.0,1.0,1.0,1.0,1.0,1.0,1.0,1.0
99999,99999,99999,99999,99999,99999,99999,99999,99999,99999,99999,99999,99999,99999,99999,99999,99999,99999,99999,99999,99999,99999,99999,99999,99999,99999,99999,99999
TIME_STOP,s,End time of 100 m altitude bin in UTC seconds since midnight,
TIME_MID,s,Mid time of 100 m altitude in UTC seconds since midnight,
GPSAlt,m,GPS reported altitude above sea level (m),
GPS_Lon,deg,GPS reported longitude,
GPS_Lat,deg,GPS reported latitude,
iMet_Pressure,mb,Pressure reported (mB),
iMet_Temperature,degrees C,Ambient temperature (oC),
THETA,K,Potential temperature from iMet,
Aerosol_concentration,cm^-3,Aerosol concentration,
Surface_Area_Conc,um^2 cm^-3,Surface area concentration,
Volume_density,um^3 cm^-3,Volume density,
Effective_radius,um,Effective radius,
Extinction,km^-1,Extinction,
Bin01,cm^-3,particle concentration in size range [140 - 170 nm],
Bin02,cm^-3,particle concentration in size range [170 - 205 nm],
Bin03,cm^-3,particle concentration in size range [205 - 249 nm],
Bin04,cm^-3,particle concentration in size range [249 - 302 nm],
Bin05,cm^-3,particle concentration in size range [302 - 366 nm],
Bin06,cm^-3,particle concentration in size range [366 - 443 nm],
Bin07,cm^-3,particle concentration in size range [443 - 537 nm],
Bin08,cm^-3,particle concentration in size range [537 - 651 nm],
Bin09,cm^-3,particle concentration in size range [651 - 789 nm],
Bin10,cm^-3,particle concentration in size range [789 - 956 nm],
Bin11,cm^-3,particle concentration in size range [956 - 1159 nm],
Bin12,cm^-3,particle concentration in size range [1159 - 1404 nm],
Bin13,cm^-3,particle concentration in size range [1404 - 1702 nm],
Bin14,cm^-3,particle concentration in size range [1702 - 2062 nm],
Bin15,cm^-3,particle concentration in size range [2062 - 2500 nm],
0
19
PI_CONTACT_INFO: 325 Broadway R/CSL6, Boulder, CO 80305; troy.thornberry@noaa.gov; 303-497-3373 
PLATFORM: GML ECC/FPH balloon
LOCATION: Scott Base, Antarctica
ASSOCIATED_DATA: N/A
INSTRUMENT_INFO: Printed Optical Particle Spectrometer counts particles from 140 - 2500 nm in diameter 
DATA_INFO: Particle concentrations reported in number per cubic centimeter, binned to 100 m altitude
UNCERTAINTY: Counting uncertainty dominated by air flow, less than 5 percent
ULOD_FLAG: -77777
ULOD_VALUE: 3000 ~3000 per cm3 (varies depending on flow rate- manufacturer quotes 1250  per cm3 at 1.667 cc/s)
LLOD_FLAG: -88888
LLOD_VALUE: 0 0 (varies depending on data field and measurement precision)
DM_CONTACT_INFO: Troy Thornberry, 325 Broadway R/CSL6, Boulder, CO 80305; troy.thornberry@noaa.gov; 303-497-3373
PROJECT_INFO: B2SAP Scott Base, Antarctica
STIPULATIONS_ON_USE: Please contact the PIs for questions regarding applications and uncertainties
OTHER_COMMENTS: POPS bin Edges (nm):  140, 170, 205, 249, 302, 366, 443, 537, 651, 789, 956, 1159, 1404, 1702, 2062, 2500
Calculations assume sulfate refractive index of 1.45+0.00j and extinction wavelength = 532 nm
REVISION: R0
R0: QA/QC data
TIME_START,TIME_STOP,TIME_MID,GPSAlt,GPS_Lon,GPS_Lat,iMet_Pressure,iMet_Temperature,THETA,Aerosol_concentration,Surface_Area_Conc,Volume_density,Effective_radius,Extinction,Bin01,Bin02,Bin03,Bin04,Bin05,Bin06,Bin07,Bin08,Bin09,Bin10,Bin11,Bin12,Bin13,Bin14,Bin15
[from data line 160]
94254,94272,94263,16.2,167.612,-77.9909,76.9531,-71.0215,420.577,5.81462,1.42497,87.6423,0.184514,0.000568268,0.915689,1.30486,1.12172,0.82412,0.915689,0.343383,0.251814,0.0915689,0.0228922,0.0228922,0,0,0,0,0
94274,94294,94284,16.3,167.622,-77.992,75.705,-70.9371,422.725,6.50102,1.3118,67.7249,0.154882,0.000395126,1.25347,1.57214,1.21097,1.12599,0.807316,0.254942,0.233697,0.0424903,0,0,0,0,0,0,0
94296,94315,94306,16.4,167.632,-77.9931,74.2367,-70.7407,425.518,6.1006,1.26775,67.9966,0.160906,0.000410782,1.02997,1.68361,1.24785,0.851707,0.633829,0.376336,0.237686,0.0198071,0.0198071,0,0,0,0,0,0
94316,94337,94326,16.5,167.642,-77.9942,73.0657,-70.4257,428.117,5.80787,1.632,110.401,0.202943,0.000763377,0.991104,1.22897,1.07039,0.535196,0.812705,0.614484,0.336975,0.158577,0.0198221,0.0396441,0,0,0,0,0
94338,94358,94348,16.6,167.653,-77.9955,71.6971,-70.0241,431.281,5.43067,1.83723,134.637,0.219848,0.000986329,0.724089,1.02317,0.73983,0.755571,0.787053,0.487973,0.629643,0.188893,0.0472232,0.0472232,0,0,0,0,0
94359,94378,94368,16.7,167.664,-77.9967,70.5194,-69.3633,434.748,4.917,1.45763,100.875,0.207614,0.00070598,0.76782,0.915477,0.812117,0.634928,0.826883,0.457739,0.280549,0.132892,0.059063,0.0295315,0,0,0,0,0
94379,94397,94388,16.8,167.675,-77.9981,69.4521,-69.1168,437.173,5.85515,1.50048,101.281,0.202497,0.000684232,1.26068,1.28869,1.02255,0.672362,0.742399,0.364196,0.322173,0.0840452,0.0560301,0.0420226,0,0,0,0,0
94398,94415,94406,16.9,167.685,-77.9992,68.3631,-68.9862,439.428,5.02785,1.00747,52.5566,0.156501,0.000307487,1.01221,1.17814,1.17814,0.597369,0.580775,0.298684,0.165936,0,0.0165936,0,0,0,0,0,0
94417,94435,94426,17,167.697,-78.0004,67.1926,-68.5937,442.444,5.02119,1.18289,72.0123,0.182635,0.000488362,0.948447,1.29714,0.99029,0.543962,0.543962,0.292903,0.265007,0.0976342,0.0418432,0,0,0,0,0,0
94436,94452,94444,17.1,167.707,-78.0017,66.1669,-68.4444,444.732,4.48064,0.949102,52.1491,0.164837,0.000328376,0.846343,1.19484,0.912722,0.547633,0.481254,0.232329,0.199139,0.0663798,0,0,0,0,0,0,0
94455,94473,94464,17.2,167.72,-78.003,65.0026,-68.3684,447.155,5.06476,0.877763,42.3568,0.144766,0.000232103,1.22782,1.56268,1.00458,0.432528,0.516243,0.16743,0.139525,0.0139525,0,0,0,0,0,0,0
94474,94491,94482,17.3,167.733,-78.004,63.8424,-68.22,449.781,5.07806,0.894809,46.8618,0.157112,0.000259331,1.23436,1.46873,1.18748,0.499993,0.374995,0.156248,0.109374,0.0312496,0,0.0156248,0,0,0,0,0
94492,94510,94501,17.4,167.744,-78.0049,62.8228,-67.8172,452.747,5.32441,0.983283,52.7902,0.161063,0.000319747,1.36787,1.55908,1.11783,0.367708,0.529499,0.161791,0.132375,0.0588333,0.0294166,0,0,0,0,0,0
94511,94528,94520,17.5,167.755,-78.0056,61.7665,-67.86,454.857,5.32987,0.827494,38.0899,0.138091,0.000197097,1.49174,1.75591,1.10327,0.388475,0.326319,0.139851,0.093234,0.031078,0,0,0,0,0,0,0
94529,94548,94538,17.6,167.765,-78.0066,60.8245,-67.748,457.102,5.36057,0.828925,38.4882,0.139294,0.000199668,1.53159,1.74284,1.09588,0.409304,0.356491,0.11883,0.0396101,0.0660168,0,0,0,0,0,0,0
94549,94567,94558,17.7,167.778,-78.0076,59.68,-67.5218,460.089,4.95568,0.859869,53.6081,0.187033,0.000249427,1.5069,1.52243,0.916568,0.497122,0.264096,0.0932103,0.0776752,0.0466051,0.015535,0,0,0.015535,0,0,0
94568,94586,94577,17.8,167.79,-78.0083,58.6811,-66.7084,464.155,4.30398,0.720647,36.0651,0.150136,0.000204,1.39775,1.14865,0.802671,0.359818,0.318301,0.152231,0.0830349,0.0276783,0.0138392,0,0,0,0,0,0
94587,94604,94596,17.9,167.8,-78.009,57.7418,-66.4347,466.914,4.64052,0.791314,39.6115,0.150174,0.000223071,1.27265,1.45889,0.853607,0.356963,0.403523,0.170721,0.0776006,0.0310402,0.0155201,0,0,0,0,0,0
94605,94623,94614,18,167.812,-78.0104,56.8022,-66.4533,469.06,4.47513,0.621845,27.7089,0.133677,0.000138935,1.70202,1.45258,0.645592,0.337469,0.176071,0.0733627,0.0440176,0.0440176,0,0,0,0,0,0,0
94624,94641,94632,18.1,167.824,-78.0115,55.7433,-66.1978,472.174,4.20199,0.525923,20.2836,0.115703,7.86573e-05,1.53731,1.49339,0.644207,0.307463,0.13177,0.0585643,0.0292821,0,0,0,0,0,0,0,0
94642,94659,94650,18.2,167.835,-78.0125,54.8761,-65.5594,475.763,4.21825,0.587489,25.32,0.129296,0.000120711,1.44501,1.44501,0.773589,0.160556,0.21894,0.116768,0.0437881,0.014596,0,0,0,0,0,0,0
94660,94677,94668,18.3,167.847,-78.0136,53.9511,-65.195,478.912,4.44086,0.540526,20.3103,0.112725,7.48107e-05,1.60162,1.79091,0.524167,0.262084,0.189283,0.0582408,0.0145602,0,0,0,0,0,0,0,0
94678,94695,94686,18.4,167.859,-78.0145,53.0494,-64.8476,482.025,3.32791,0.429416,17.6598,0.123375,7.77247e-05,1.44826,0.939826,0.46221,0.261919,0.123256,0.061628,0.015407,0.015407,0,0,0,0,0,0,0
94696,94713,94704,18.5,167.872,-78.0153,52.1689,-64.3361,485.536,4.19957,0.57008,25.6164,0.134805,0.000127739,1.76671,1.18746,0.709582,0.2317,0.159294,0.0724063,0.0434438,0.0144813,0.0144813,0,0,0,0,0,0
94714,94730,94722,18.6,167.884,-78.0162,51.4141,-63.9494,488.457,3.60163,0.449016,17.8988,0.119587,7.67902e-05,1.44065,1.3487,0.398478,0.168587,0.153261,0.0459783,0.0459783,0,0,0,0,0,0,0,0
94731,94748,94740,18.7,167.897,-78.0168,50.558,-64.1353,490.366,3.68681,0.41747,15.1716,0.109026,5.35247e-05,1.71236,1.17069,0.489245,0.157257,0.104838,0.0349461,0.017473,0,0,0,0,0,0,0,0
94749,94764,94756,18.8,167.908,-78.0174,49.6819,-64.2506,492.561,3.1632,0.353456,12.6249,0.107155,4.23711e-05,1.54899,0.831562,0.521764,0.163051,0.0652205,0.0163051,0.0163051,0,0,0,0,0,0,0,0
94767,94785,94776,18.9,167.92,-78.0185,48.85,-64.1037,495.286,3.62045,0.379612,12.5855,0.0994604,3.41958e-05,1.66677,1.21592,0.573807,0.0956345,0.0409862,0.0273241,0,0,0,0,0,0,0,0,0
94786,94806,94796,19,167.934,-78.0197,47.9933,-63.9005,498.269,3.36282,0.361129,12.7435,0.105864,4.29787e-05,1.65869,1.14745,0.340826,0.102248,0.0568044,0.0454435,0.0113609,0,0,0,0,0,0,0,0
94807,94826,94816,19.1,167.947,-78.021,47.3005,-63.0905,502.295,2.88649,0.304687,10.5362,0.103742,3.35104e-05,1.5852,0.792602,0.307577,0.0828092,0.0828092,0.0354897,0,0,0,0,0,0,0,0,0
94827,94845,94836,19.2,167.96,-78.0224,46.5189,-62.6078,505.845,2.84601,0.30011,10.0762,0.100725,2.88105e-05,1.31153,1.08857,0.236075,0.118037,0.0786916,0.0131153,0,0,0,0,0,0,0,0,0
94846,94865,94856,19.3,167.975,-78.0242,45.7658,-62.6868,508.014,2.53603,0.252154,8.38342,0.0997418,2.45589e-05,1.5788,0.57185,0.236199,0.0745891,0.0497261,0.024863,0,0,0,0,0,0,0,0,0
94866,94885,94876,19.4,167.991,-78.0256,44.9468,-62.1758,511.895,2.37094,0.224882,7.6111,0.101534,2.48421e-05,1.50201,0.633079,0.173786,0.0248266,0.0248266,0,0,0.0124133,0,0,0,0,0,0,0
94886,94904,94895,19.5,168.004,-78.0267,44.3212,-61.9453,514.504,2.07703,0.214315,7.58588,0.106188,2.68797e-05,1.21852,0.553875,0.193856,0.0553875,0.0138469,0.0276937,0.0138469,0,0,0,0,0,0,0,0
94905,94923,94914,19.6,168.017,-78.0278,43.4858,-61.2947,518.894,2.5051,0.242864,7.63891,0.0943603,1.81475e-05,1.43149,0.715743,0.222127,0.0987232,0.0370212,0,0,0,0,0,0,0,0,0,0
94924,94941,94932,19.7,168.029,-78.0291,42.9072,-60.9339,521.787,2.10621,0.241394,9.45313,0.117482,4.07123e-05,1.28713,0.403041,0.19502,0.0910093,0.078008,0.0260027,0.0260027,0,0,0,0,0,0,0,0
94942,94958,94950,19.8,168.041,-78.0303,42.1041,-60.4465,525.808,1.97333,0.191127,6.40084,0.10047,2.03259e-05,1.21436,0.496783,0.220792,0.0137995,0,0.0137995,0.0137995,0,0,0,0,0,0,0,0
94959,94977,94968,19.9,168.053,-78.0317,41.4233,-60.5183,528.073,1.76279,0.168233,5.62428,0.100295,1.80295e-05,1.18825,0.391732,0.0914041,0.0522309,0.0261155,0,0.0130577,0,0,0,0,0,0,0,0
94978,94994,94986,20,168.067,-78.0335,40.7836,-59.8143,532.203,1.80711,0.16249,5.00912,0.0924818,1.23992e-05,1.2884,0.40158,0.0167325,0.0501975,0.0501975,0,0,0,0,0,0,0,0,0,0
94995,95011,95003,20.1,168.08,-78.0352,40.094,-58.856,537.194,1.76778,0.161728,4.81854,0.0893821,9.3815e-06,1.1165,0.372165,0.24811,0.0310138,0,0,0,0,0,0,0,0,0,0,0
95014,95030,95022,20.2,168.096,-78.0369,39.4836,-58.4682,540.523,1.77597,0.179261,8.29687,0.138851,4.31851e-05,1.3954,0.274852,0.0422849,0.0211425,0.0211425,0,0,0,0.0211425,0,0,0,0,0,0
95032,95050,95041,20.3,168.112,-78.0384,38.7693,-58.1336,544.214,1.53955,0.149442,4.91211,0.0986093,1.40468e-05,1.02637,0.297978,0.11588,0.0662174,0.0165544,0.0165544,0,0,0,0,0,0,0,0,0
95051,95068,95060,20.4,168.13,-78.0398,38.132,-57.605,548.129,1.71065,0.167157,5.64656,0.10134,1.79479e-05,1.22519,0.231168,0.161818,0.0231168,0.0462337,0.0231168,0,0,0,0,0,0,0,0,0
95070,95087,95078,20.5,168.145,-78.041,37.5469,-56.9362,552.267,1.58272,0.171594,6.43749,0.112547,2.6025e-05,0.906952,0.462368,0.0889169,0.0533501,0.0355667,0.0177834,0.0177834,0,0,0,0,0,0,0,0
95088,95105,95096,20.6,168.16,-78.0426,36.8747,-55.696,558.316,1.65281,0.179984,6.51565,0.108604,2.32168e-05,1.02535,0.290771,0.183645,0.061215,0.061215,0.0306075,0,0,0,0,0,0,0,0,0
95106,95125,95116,20.7,168.175,-78.0448,36.295,-54.3408,564.335,1.63954,0.140451,4.08249,0.0872009,8.12933e-06,1.16293,0.381289,0.0571934,0.0190645,0.0190645,0,0,0,0,0,0,0,0,0,0
95126,95143,95134,20.8,168.192,-78.047,35.6973,-53.7318,568.606,1.59811,0.147993,4.51281,0.0914801,9.94909e-06,1.01698,0.35283,0.186792,0.0207547,0.0207547,0,0,0,0,0,0,0,0,0,0
95144,95160,95152,20.9,168.208,-78.0487,35.284,-53.389,571.389,1.73261,0.151603,4.37552,0.0865853,7.81053e-06,1.11708,0.45595,0.136785,0.0227975,0,0,0,0,0,0,0,0,0,0,0
95161,95177,95169,21,168.225,-78.0504,34.648,-53.023,575.317,1.36359,0.120248,3.45245,0.0861332,5.93417e-06,0.795429,0.454531,0.113633,0,0,0,0,0,0,0,0,0,0,0,0
95178,95192,95185,21.1,168.24,-78.0519,34.094,-52.492,579.381,1.46971,0.141896,5.05864,0.106951,2.0045e-05,0.987464,0.390393,0.0459286,0,0.0229643,0,0.0229643,0,0,0,0,0,0,0,0
95193,95209,95201,21.2,168.256,-78.0535,33.6655,-52.0836,582.545,1.43161,0.118316,3.28937,0.0834047,5.26596e-06,1.05265,0.27369,0.105265,0,0,0,0,0,0,0,0,0,0,0,0
95210,95224,95217,21.3,168.274,-78.0551,32.8945,-51.5909,587.723,1.34431,0.113559,3.23298,0.0854085,5.66857e-06,1.0029,0.213382,0.106691,0.0213382,0,0,0,0,0,0,0,0,0,0,0
95226,95239,95232,21.4,168.287,-78.0564,32.4764,-51.2091,590.892,1.42596,0.114101,3.10327,0.0815928,4.64817e-06,1.10188,0.259266,0.0648165,0,0,0,0,0,0,0,0,0,0,0,0
95240,95256,95248,21.5,168.301,-78.0579,32.1056,-50.6856,594.227,1.15552,0.10084,2.92355,0.0869761,5.3578e-06,0.779305,0.268726,0.0806177,0.0268726,0,0,0,0,0,0,0,0,0,0,0
95257,95273,95265,21.6,168.315,-78.0594,31.5162,-50.1177,598.907,0.880143,0.0686541,1.82433,0.0797183,2.4975e-06,0.674152,0.205991,0,0,0,0,0,0,0,0,0,0,0,0,0
95274,95290,95282,21.7,168.33,-78.0609,31.0258,-49.9375,602.084,1.2784,0.114113,3.59548,0.0945239,9.88879e-06,0.907252,0.30929,0.0206194,0.0206194,0,0.0206194,0,0,0,0,0,0,0,0,0
95291,95308,95300,21.8,168.346,-78.0622,30.6036,-49.6079,605.331,1.04844,0.0804734,2.1511,0.0801919,3.1672e-06,0.906283,0.124392,0,0.0177703,0,0,0,0,0,0,0,0,0,0,0
95311,95324,95318,21.9,168.361,-78.0637,30.0318,-48.4264,611.834,1.04873,0.0808293,2.14329,0.0795488,2.96107e-06,0.866346,0.15959,0.0227986,0,0,0,0,0,0,0,0,0,0,0,0
95326,95344,95335,22,168.377,-78.0656,29.58,-48.3742,614.618,0.8077,0.0665869,1.84155,0.0829689,2.88068e-06,0.573892,0.191297,0.0425105,0,0,0,0,0,0,0,0,0,0,0,0
95345,95361,95353,22.1,168.391,-78.0674,29.1442,-48.1117,617.958,1.18687,0.097248,2.77999,0.0857599,5.61659e-06,0.949499,0.194216,0.0215795,0,0.0215795,0,0,0,0,0,0,0,0,0,0
95362,95378,95370,22.2,168.407,-78.0694,28.5636,-47.4564,623.329,1.13749,0.0904991,2.44165,0.0809394,3.5301e-06,0.853116,0.260674,0.0236977,0,0,0,0,0,0,0,0,0,0,0,0
95380,95396,95388,22.3,168.421,-78.0714,28.2638,-46.7969,627.028,0.89591,0.0710104,1.92162,0.0811833,2.84307e-06,0.712656,0.142531,0.0407232,0,0,0,0,0,0,0,0,0,0,0,0
95398,95414,95406,22.4,168.438,-78.0737,27.864,-46.699,629.872,0.826296,0.0695139,1.94611,0.0839878,3.1476e-06,0.559749,0.213238,0.0533094,0,0,0,0,0,0,0,0,0,0,0,0
95416,95432,95424,22.5,168.452,-78.0755,27.3188,-46.2587,634.662,1.11972,0.0909965,2.50236,0.0824985,3.88144e-06,0.848271,0.203585,0.0678617,0,0,0,0,0,0,0,0,0,0,0,0
95433,95447,95440,22.6,168.462,-78.0768,27.0473,-46.1818,636.689,0.998857,0.0763507,2.01646,0.0792313,2.76164e-06,0.849028,0.124857,0.0249714,0,0,0,0,0,0,0,0,0,0,0,0
95448,95461,95454,22.7,168.472,-78.0787,26.6071,-45.6057,641.316,1.15056,0.0847475,2.17732,0.0770756,2.69437e-06,1.03153,0.119023,0,0,0,0,0,0,0,0,0,0,0,0,0
95462,95477,95470,22.8,168.485,-78.0809,26.1427,-45.5727,644.634,1.10246,0.0833814,2.17665,0.0783141,2.83011e-06,0.922987,0.17947,0,0,0,0,0,0,0,0,0,0,0,0,0
95478,95493,95486,22.9,168.499,-78.0832,25.7591,-45.5673,647.392,0.877804,0.0646252,1.67116,0.0775778,2.16124e-06,0.826168,0.0258178,0.0258178,0,0,0,0,0,0,0,0,0,0,0,0
95496,95507,95502,23,168.515,-78.0855,25.332,-45.972,649.325,0.814015,0.0643926,1.73723,0.0809361,2.53518e-06,0.639583,0.14536,0.0290719,0,0,0,0,0,0,0,0,0,0,0,0
95511,95523,95517,23.1,168.529,-78.0875,24.996,-46.176,651.22,0.875336,0.0672876,1.77321,0.0790582,2.37073e-06,0.700269,0.175067,0,0,0,0,0,0,0,0,0,0,0,0,0
95524,95542,95533,23.2,168.547,-78.0899,24.569,-45.244,657.131,0.979936,0.0810994,2.2637,0.0837379,3.68942e-06,0.742376,0.148475,0.0890851,0,0,0,0,0,0,0,0,0,0,0,0
95545,95557,95551,23.3,168.564,-78.0924,24.1033,-44.8822,661.767,0.898911,0.0697645,1.84856,0.0794913,2.51042e-06,0.699153,0.199758,0,0,0,0,0,0,0,0,0,0,0,0,0
95562,95577,95570,23.4,168.583,-78.0949,23.825,-44.0913,666.273,0.796896,0.0584798,1.49901,0.076899,1.84132e-06,0.721001,0.0758948,0,0,0,0,0,0,0,0,0,0,0,0,0
95578,95596,95587,23.5,168.601,-78.0972,23.3709,-42.8745,673.511,0.830042,0.0733559,2.23956,0.0915904,5.538e-06,0.608698,0.166008,0.0276681,0,0.0276681,0,0,0,0,0,0,0,0,0,0
95598,95616,95607,23.6,168.621,-78.0999,23.0822,-41.2933,680.533,0.617424,0.0507491,1.40223,0.0828918,2.19242e-06,0.445917,0.137205,0.0343013,0,0,0,0,0,0,0,0,0,0,0,0
95617,95632,95624,23.7,168.635,-78.1018,22.706,-40.596,685.814,0.989996,0.0715719,1.81748,0.0761815,2.16446e-06,0.928121,0.0618747,0,0,0,0,0,0,0,0,0,0,0,0,0
95635,95652,95644,23.8,168.655,-78.1039,22.2436,-40.8291,689.148,0.689897,0.0574716,1.6196,0.0845429,2.73982e-06,0.546169,0.0574914,0.0862371,0,0,0,0,0,0,0,0,0,0,0,0
95654,95670,95662,23.9,168.675,-78.1064,21.8487,-40.1838,694.621,0.400753,0.0308061,0.811825,0.0790582,1.08539e-06,0.320603,0.0801506,0,0,0,0,0,0,0,0,0,0,0,0,0
95671,95684,95678,24,168.687,-78.108,21.587,-40.23,696.872,0.517049,0.0416814,1.12774,0.0811689,1.6212e-06,0.355471,0.161578,0,0,0,0,0,0,0,0,0,0,0,0,0
95687,95702,95694,24.1,168.703,-78.1101,21.2343,-40.2886,699.989,0.834407,0.0647583,1.71591,0.0794913,2.33028e-06,0.648983,0.185424,0,0,0,0,0,0,0,0,0,0,0,0,0
95705,95718,95712,24.2,168.72,-78.1124,20.8425,-40.3813,703.44,0.497574,0.0363171,0.927787,0.0766406,1.12722e-06,0.456109,0.0414645,0,0,0,0,0,0,0,0,0,0,0,0,0
95719,95734,95726,24.3,168.74,-78.1148,20.555,-40.1662,706.88,0.58861,0.0891467,5.68647,0.191363,4.22613e-05,0.462479,0.0420436,0.0420436,0,0,0,0,0.0420436,0,0,0,0,0,0,0
95735,95749,95742,24.4,168.756,-78.1166,20.21,-39.825,711.362,0.341428,0.0239735,0.597339,0.07475,6.65455e-07,0.341428,0,0,0,0,0,0,0,0,0,0,0,0,0,0
95750,95762,95756,24.5,168.769,-78.118,19.935,-39.41,715.414,0.428055,0.0329048,0.867131,0.0790582,1.15933e-06,0.342444,0.085611,0,0,0,0,0,0,0,0,0,0,0,0,0
95766,95779,95772,24.6,168.788,-78.1203,19.5944,-38.4333,721.956,0.811817,0.0608611,1.58047,0.0779053,2.02257e-06,0.695843,0.115974,0,0,0,0,0,0,0,0,0,0,0,0,0
95784,95794,95789,24.7,168.805,-78.1224,19.264,-37.222,729.212,0.279996,0.0243185,0.683209,0.0842825,1.07724e-06,0.139998,0.139998,0,0,0,0,0,0,0,0,0,0,0,0,0
95797,95808,95802,24.8,168.817,-78.1243,19.0644,-36.7767,732.762,0.439053,0.0341223,0.922358,0.0810928,1.40045e-06,0.399139,0,0.0399139,0,0,0,0,0,0,0,0,0,0,0,0
95813,95826,95820,24.9,168.834,-78.1266,18.6525,-36.5775,737.98,0.54851,0.0521426,1.56537,0.0900631,3.01085e-06,0.274255,0.182837,0.0914183,0,0,0,0,0,0,0,0,0,0,0,0
95827,95839,95833,25,168.85,-78.1289,18.4643,-36.2457,741.147,0.527452,0.0387904,0.995641,0.0770016,1.22828e-06,0.474707,0.0527452,0,0,0,0,0,0,0,0,0,0,0,0,0
