api/src/app/data/B2SAP/Locations/Lauder/NOAA-POPS-B2SAP_GMLBalloon_20240222_R0.ict
61,1001
Thornberry, T. D.
NOAA Chemical Sciences Laboratory
Portable Optical Particle Spectrometer (POPS)
Balloon Baseline Stratospheric Aerosol Profiles (B2SAP)
1,1
2024,02,22,2024,05,28
0
TIME_START,s,Seconds since midnight UTC on flight start day,Start time of 100 m altitude bin in UTC_seconds_since_midnight
28
1.0,1.0,1.0,1.0,1.0,1.0,1.0,1.0,1.0,1.0,1.0,1.0,1.0,1.0,1.0,1.0,1.0,1.0,1.0,1.0,1.0,1.0,1.0,1.0,1.0,1.0,1.0,1.0
99999,99999,99999,99999,99999,99999,99999,99999,99999,99999,99999,99999,99999,99999,99999,99999,99999,99999,99999,99999,99999,99999,99999,99999,99999,99999,99999,99999
TIME_STOP,s,End time of 100 m altitude bin in UTC seconds since midnight,
TIME_MID,s,Mid time of 100 m altitude in UTC seconds since midnight,
GPSAlt,m,GPS reported altitude above sea level (m),
GPS_Lon,deg,GPS reported longitude,
GPS_Lat,deg,GPS reported latitude,
iMet_Pressure,mb,Pressure reported (mB),
iMet_Temperature,degrees C,Ambient temperature (oC),
THETA,K,Potential temperature from iMet,
Aerosol_concentration,cm^-3,Aerosol concentration,
Surface_Area_Conc,um^2 cm^-3,Surface area concentration,
Volume_density,um^3 cm^-3,Volume density,
Effective_radius,um,Effective radius,
Extinction,km^-1,Extinction,
Bin01,cm^-3,particle concentration in size range [140 - 170 nm],
Bin02,cm^-3,particle concentration in size range [170 - 205 nm],
Bin03,cm^-3,particle concentration in size range [205 - 249 nm],
Bin04,cm^-3,particle concentration in size range [249 - 302 nm],
Bin05,cm^-3,particle concentration in size range [302 - 366 nm],
Bin06,cm^-3,particle concentration in size range [366 - 443 nm],
Bin07,cm^-3,particle concentration in size range [443 - 537 nm],
Bin08,cm^-3,particle concentration in size range [537 - 651 nm],
Bin09,cm^-3,particle concentration in size range [651 - 789 nm],
Bin10,cm^-3,particle concentration in size range [789 - 956 nm],
Bin11,cm^-3,particle concentration in size range [956 - 1159 nm],
Bin12,cm^-3,particle concentration in size range [1159 - 1404 nm],
Bin13,cm^-3,particle concentration in size range [1404 - 1702 nm],
Bin14,cm^-3,particle concentration in size range [1702 - 2062 nm],
Bin15,cm^-3,particle concentration in size range [2062 - 2500 nm],
0
19
PI_CONTACT_INFO: 325 Broadway R/CSL6, Boulder, CO 80305; troy.thornberry@noaa.gov; 303-497-3373 
PLATFORM: GML ECC/FPH balloon
LOCATION: Lauder, NZ
ASSOCIATED_DATA: N/A
INSTRUMENT_INFO: Printed Optical Particle Spectrometer counts particles from 140 - 2500 nm in diameter 
DATA_INFO: Particle concentrations reported in number per cubic centimeter, binned to 100 m altitude
UNCERTAINTY: Counting uncertainty dominated by air flow, less than 5 percent
ULOD_FLAG: -77777
ULOD_VALUE: 3000 ~3000 per cm3 (varies depending on flow rate- manufacturer quotes 1250  per cm3 at 1.667 cc/s)
LLOD_FLAG: -88888
LLOD_VALUE: 0 0 (varies depending on data field and measurement precision)
DM_CONTACT_INFO: Troy Thornberry, 325 Broadway R/CSL6, Boulder, CO 80305; troy.thornberry@noaa.gov; 303-497-3373
PROJECT_INFO: B2SAP Lauder, NZ
STIPULATIONS_ON_USE: Please contact the PIs for questions regarding applications and uncertainties
OTHER_COMMENTS: POPS bin Edges (nm):  140, 170, 205, 249, 302, 366, 443, 537, 651, 789, 956, 1159, 1404, 1702, 2062, 2500
Calculations assume sulfate refractive index of 1.45+0.00j and extinction wavelength = 532 nm
REVISION: R0
R0: QA/QC data
TIME_START,TIME_STOP,TIME_MID,GPSAlt,GPS_Lon,GPS_Lat,iMet_Pressure,iMet_Temperature,THETA,Aerosol_concentration,Surface_Area_Conc,Volume_density,Effective_radius,Extinction,Bin01,Bin02,Bin03,Bin04,Bin05,Bin06,Bin07,Bin08,Bin09,Bin10,Bin11,Bin12,Bin13,Bin14,Bin15
[from data line 156]
83273,83298,83286,15.9,170.132,-44.8628,108.994,-63.7844,394.398,8.46114,1.12689,61.7512,0.164393,0.00027115,4.35339,2.19717,1.03717,0.395763,0.218352,0.095529,0.095529,0.027294,0.013647,0.013647,0,0.013647,0,0,0
83300,83324,83312,16,170.137,-44.8599,107.167,-63.9581,395.976,7.86394,1.36231,111.647,0.245863,0.000480588,4.00418,1.94301,0.879606,0.406982,0.262569,0.118156,0.0787707,0.0525138,0.0262569,0.0393854,0.0262569,0.0262569,0,0,0
83326,83351,83338,16.1,170.142,-44.8571,105.424,-63.7417,398.254,8.2569,1.41751,104.19,0.220507,0.000514425,4.16551,1.94193,0.9932,0.415069,0.207534,0.0889433,0.252006,0.103767,0.0592955,0,0,0,0.0296478,0,0
83351,83375,83363,16.2,170.145,-44.8545,103.727,-63.371,400.806,7.21809,1.55448,124.028,0.239362,0.000721626,3.23681,1.66696,0.776835,0.534074,0.291313,0.129473,0.275129,0.161841,0.0809203,0.0323681,0.0161841,0.0161841,0,0,0
83376,83400,83388,16.3,170.149,-44.8519,102.055,-63.565,402.305,7.43238,1.49237,123.262,0.247785,0.000632664,3.39237,1.72703,1.09481,0.323817,0.370077,0.0925193,0.200458,0.0616795,0.0925193,0.0308398,0.0308398,0.0154199,0,0,0
83401,83426,83414,16.4,170.152,-44.8496,100.347,-63.384,404.596,6.98002,1.57062,131.296,0.250785,0.000783329,2.98756,1.73821,0.869107,0.366655,0.325915,0.162958,0.230857,0.067899,0.135798,0.067899,0.0135798,0.0135798,0,0,0
83428,83450,83439,16.5,170.155,-44.848,98.7723,-62.8995,407.365,7.3654,1.65294,138.046,0.250545,0.000826253,3.38993,1.7566,0.755031,0.38522,0.261949,0.215723,0.277358,0.107862,0.12327,0.0616352,0.0154088,0.0154088,0,0,0
83451,83475,83463,16.6,170.159,-44.8467,97.1687,-62.46,410.135,7.97809,1.41485,110.215,0.233696,0.000539394,3.94243,1.97122,1.01225,0.359614,0.213104,0.0665951,0.226423,0.0799141,0.026638,0.0399571,0.013319,0.026638,0,0,0
83476,83502,83489,16.7,170.162,-44.8452,95.5496,-62.6978,411.636,7.73689,1.32919,101.946,0.230093,0.000471328,3.63241,2.04569,0.957277,0.458968,0.301608,0.104907,0.0524535,0.0655669,0.0393401,0.0393401,0.0262268,0.0131134,0,0,0
83503,83526,83514,16.8,170.166,-44.8438,93.9943,-62.8814,413.22,8.10823,1.35764,96.3824,0.212977,0.000479599,3.82409,2.12769,0.991964,0.474418,0.27315,0.143763,0.0862578,0.0718815,0.0575052,0.0287526,0.0143763,0.0143763,0,0,0
83527,83551,83539,16.9,170.169,-44.8425,92.4991,-63.2768,414.329,7.82312,1.24885,84.2033,0.202275,0.000385978,3.63707,1.99009,1.12543,0.398019,0.31567,0.150973,0.0823487,0.0548991,0.0137248,0.0274496,0.0137248,0.0137248,0,0,0
83551,83576,83564,17,170.172,-44.8414,90.9922,-63.5161,415.807,8.23841,1.37894,96.3194,0.209551,0.00050609,3.88853,2.1354,1.10724,0.382262,0.342718,0.0263629,0.158177,0.0790887,0.0659073,0.0263629,0.0263629,0,0,0,0
83577,83601,83589,17.1,170.175,-44.8408,89.5241,-63.8991,416.98,7.25618,1.20065,88.5363,0.221222,0.000422232,3.53189,1.82779,0.975736,0.412283,0.164913,0.0961993,0.0961993,0.0687138,0,0.054971,0.0137428,0.0137428,0,0,0
83602,83628,83615,17.2,170.179,-44.8398,87.9967,-63.7346,419.364,7.3207,1.27827,98.4608,0.231079,0.000474193,3.55288,1.84598,0.897703,0.417242,0.202299,0.113793,0.113793,0.0758622,0.0252874,0.0379311,0.0379311,0,0,0,0
83628,83654,83641,17.3,170.182,-44.8382,86.49,-62.4341,424.059,7.48284,1.25638,79.3146,0.189388,0.00045185,3.19909,2.15561,1.0984,0.30206,0.20595,0.12357,0.24714,0.0686499,0.0686499,0,0,0.01373,0,0,0
83655,83675,83665,17.4,170.185,-44.837,85.1347,-62.5237,425.786,7.17695,1.0905,59.9401,0.164897,0.000340717,3.11694,2.09394,0.92709,0.415592,0.239765,0.159843,0.127874,0.0479529,0.0159843,0.0319686,0,0,0,0,0
83676,83699,83688,17.5,170.187,-44.836,83.7929,-62.7519,427.27,7.5946,1.67546,157.833,0.282607,0.000775364,3.61716,1.90225,0.907893,0.317042,0.187343,0.158521,0.158521,0.158521,0.057644,0.057644,0.043233,0.028822,0,0,0
83701,83722,83712,17.6,170.188,-44.835,82.3952,-63.2214,428.363,7.5487,1.36834,95.9282,0.210317,0.000584573,3.3839,2.1547,1.01228,0.202455,0.202455,0.159072,0.144611,0.173533,0.0723055,0.0289222,0.0144611,0,0,0,0
83723,83742,83732,17.7,170.189,-44.8345,81.1331,-63.5931,429.5,6.82427,1.27017,87.2506,0.206076,0.000514624,2.87037,1.86289,0.8364,0.513246,0.2091,0.133064,0.114055,0.2091,0.0570273,0,0.0190091,0,0,0,0
83743,83760,83752,17.8,170.19,-44.8345,79.83,-63.5418,431.595,7.10856,1.41032,120.719,0.256791,0.00058116,3.35781,1.76821,0.875174,0.357214,0.232189,0.107164,0.196468,0.0893035,0.0357214,0.0357214,0.0357214,0.0178607,0,0,0
83761,83777,83769,17.9,170.192,-44.8347,78.536,-64.0687,432.524,6.30691,1.41893,126.605,0.267677,0.00067609,2.75801,1.52096,0.851737,0.344751,0.283912,0.101397,0.182515,0.101397,0.0405589,0.0811178,0.0202795,0.0202795,0,0,0
83778,83803,83790,18,170.195,-44.8347,77.1042,-64.5483,433.81,6.71561,1.39398,118.542,0.255117,0.000612073,3.04678,1.76459,0.749,0.342763,0.215814,0.177729,0.165034,0.114254,0.0634746,0.0380848,0,0.0253898,0.0126949,0,0
83804,83828,83816,18.1,170.199,-44.8339,75.8424,-64.6452,435.653,6.7217,1.50585,125.828,0.250679,0.000717404,2.99554,1.55866,0.815859,0.328779,0.304425,0.182655,0.219186,0.182655,0.048708,0.048708,0.024354,0.012177,0,0,0
83829,83854,83842,18.2,170.202,-44.8329,74.6435,-63.8612,439.294,5.79703,1.39317,135.196,0.291127,0.00069545,2.67106,1.51633,0.513218,0.268273,0.291601,0.0933123,0.151633,0.11664,0.0466562,0.0699842,0.0583202,0,0,0,0
83855,83880,83868,18.3,170.206,-44.8318,73.4204,-63.1676,442.825,5.00964,1.77985,175.393,0.295632,0.00114467,1.84693,1.05021,0.482857,0.241429,0.313857,0.169,0.374214,0.277643,0.0965714,0.120714,0.0362143,0,0,0,0
83881,83905,83893,18.4,170.209,-44.8306,72.1675,-62.6529,446.11,3.59383,1.08839,90.7986,0.250273,0.000631451,1.09526,0.992583,0.330861,0.159726,0.296634,0.11409,0.353679,0.148317,0.057045,0.034227,0.011409,0,0,0,0
83907,83932,83920,18.5,170.213,-44.8292,71.0005,-61.8425,449.91,3.49033,1.48533,151.75,0.306497,0.000980481,1.02816,0.662892,0.270568,0.25704,0.365267,0.121756,0.311153,0.243511,0.121756,0.0676421,0.0405852,0,0,0,0
83933,83959,83946,18.6,170.217,-44.8274,69.7355,-61.3325,453.324,3.53948,1.38031,131.929,0.286738,0.000878865,1.04023,0.729511,0.310717,0.148604,0.378265,0.202642,0.337736,0.202642,0.108076,0.0540378,0.0135095,0.0135095,0,0,0
83959,83983,83971,18.7,170.22,-44.8259,68.6808,-61.3224,455.318,3.07566,1.24313,125.939,0.303925,0.000780265,0.798594,0.712259,0.388505,0.183461,0.151085,0.172669,0.302171,0.194253,0.107918,0.0215836,0.0323754,0.0107918,0,0,0
83985,84009,83997,18.8,170.223,-44.8241,67.5792,-61.5636,456.91,3.58911,1.6651,178.187,0.321038,0.00107866,0.90536,0.689798,0.377233,0.22634,0.301787,0.215562,0.334121,0.312565,0.107781,0.0538905,0.0431124,0.0215562,0,0,0
84010,84034,84022,18.9,170.225,-44.8225,66.4828,-61.2544,459.719,3.41055,1.5056,141.64,0.282227,0.00105809,0.852638,0.539644,0.474887,0.183479,0.312994,0.1511,0.302201,0.366958,0.1511,0.0647573,0.0107929,0,0,0,0
84034,84059,84046,19,170.227,-44.8216,65.4041,-61.0255,462.371,3.19447,1.18161,98.3329,0.249657,0.000761881,0.884622,0.540602,0.331733,0.17201,0.442311,0.110578,0.331733,0.258015,0.0860049,0.0368592,0,0,0,0,0
84060,84083,84072,19.1,170.229,-44.8209,64.3957,-61.1286,464.205,3.32666,1.44093,147.624,0.307352,0.000949878,0.915477,0.709172,0.232093,0.244987,0.270775,0.232093,0.244987,0.257881,0.116046,0.0644702,0.0257881,0.012894,0,0,0
84084,84107,84096,19.2,170.231,-44.8204,63.3205,-61.2591,466.154,3.00923,1.54936,178.76,0.346129,0.0010392,0.813973,0.493317,0.271324,0.184994,0.29599,0.258991,0.246658,0.184994,0.0616646,0.135662,0.0369988,0.0246658,0,0,0
84108,84131,84120,19.3,170.233,-44.8199,62.306,-60.5655,469.848,3.28519,1.16697,118.298,0.304117,0.000692912,1.09506,0.703004,0.37854,0.202789,0.202789,0.18927,0.18927,0.162232,0.0811158,0.0405579,0.0135193,0.0270386,0,0,0
84133,84155,84144,19.4,170.234,-44.8196,61.329,-60.2567,472.651,2.82791,1.19392,111.698,0.280667,0.000848175,0.822665,0.462749,0.295645,0.141396,0.347062,0.0514166,0.257083,0.269937,0.089979,0.089979,0,0,0,0,0
84156,84180,84168,19.5,170.237,-44.8195,60.2867,-60.8505,473.655,3.00203,1.44736,148.357,0.307505,0.000973176,0.724627,0.504651,0.219976,0.194097,0.362314,0.181157,0.375254,0.232916,0.103518,0.0646989,0.0388193,0,0,0,0
84180,84199,84190,19.6,170.239,-44.8193,59.441,-61.2435,474.682,3.18134,1.26685,109.45,0.259185,0.000842937,0.758108,0.541505,0.365516,0.23014,0.392591,0.121839,0.379054,0.23014,0.108301,0.0541505,0,0,0,0,0
84208,84228,84218,19.7,170.242,-44.8186,58.3257,-61.6238,476.411,2.58745,1.14613,111.398,0.291584,0.000745245,0.569239,0.452804,0.284619,0.181121,0.310494,0.181121,0.219933,0.23287,0.103498,0.0258745,0.0129372,0.0129372,0,0,0
84228,84253,84240,19.8,170.243,-44.8179,57.38,-61.683,478.497,3.10863,1.25577,114.033,0.27242,0.000771529,0.673733,0.555534,0.354596,0.153658,0.496435,0.189118,0.330956,0.248217,0.0472795,0.0354596,0.0236397,0,0,0,0
84254,84278,84266,19.9,170.245,-44.8167,56.4871,-61.0338,482.131,2.96209,1.18973,105.446,0.26589,0.000779111,0.708325,0.437874,0.321966,0.296209,0.360602,0.206058,0.296209,0.19318,0.0515146,0.0901505,0,0,0,0,0
84279,84303,84291,20,170.246,-44.8158,55.5926,-60.9891,484.43,3.01982,1.01945,89.6284,0.263754,0.000594783,0.89302,0.505261,0.43476,0.188004,0.293757,0.235005,0.246755,0.141003,0,0.0705016,0.0117503,0,0,0,0
84304,84327,84316,20.1,170.246,-44.8152,54.6252,-61.1471,486.51,2.64155,1.07819,97.8076,0.272145,0.000700794,0.657166,0.425225,0.296369,0.231941,0.20617,0.231941,0.296369,0.128856,0.128856,0.0257712,0.0128856,0,0,0,0
84328,84350,84339,20.2,170.247,-44.8148,53.7677,-61.0427,488.95,2.82997,1.14977,97.9784,0.255648,0.000766979,0.689037,0.418344,0.393735,0.135347,0.282997,0.172259,0.393735,0.209172,0.0984338,0.0369127,0,0,0,0,0
84352,84376,84364,20.3,170.249,-44.8142,52.9086,-60.6291,492.168,2.35318,0.805711,62.8113,0.233873,0.000472105,0.652978,0.344969,0.258727,0.172485,0.258727,0.246407,0.246407,0.110883,0.036961,0.0246407,0,0,0,0,0
84377,84399,84388,20.4,170.25,-44.8138,52.01,-60.7115,494.386,2.59301,1.04052,88.5589,0.255332,0.000683362,0.583768,0.434432,0.298672,0.162912,0.3394,0.13576,0.3394,0.176488,0.0814559,0.040728,0,0,0,0,0
84400,84422,84411,20.5,170.251,-44.8133,51.2165,-60.712,496.563,2.6876,0.89864,67.9022,0.226683,0.000533482,0.84157,0.339343,0.298622,0.176458,0.325769,0.162885,0.312195,0.162885,0.0678686,0,0,0,0,0,0
84423,84446,84434,20.6,170.252,-44.8129,50.3724,-60.2405,500.034,2.50466,0.926722,75.8755,0.245625,0.000586842,0.606799,0.464782,0.258212,0.219481,0.245302,0.154927,0.284034,0.180749,0.0645531,0.0258212,0,0,0,0,0
84448,84468,84458,20.7,170.253,-44.8129,49.58,-59.6095,503.792,2.41063,0.79612,61.2249,0.230712,0.000469302,0.609747,0.510486,0.241063,0.141802,0.340324,0.113441,0.241063,0.155982,0.0425405,0.0141802,0,0,0,0,0
84469,84491,84480,20.8,170.255,-44.8125,48.7305,-59.5815,506.354,2.69596,0.906845,74.6172,0.246847,0.000567966,0.867041,0.419973,0.311593,0.189665,0.311593,0.10838,0.21676,0.149023,0.0948326,0.027095,0,0,0,0,0
84493,84514,84504,20.9,170.256,-44.8116,48.0047,-59.7126,508.213,2.18511,0.725166,54.6768,0.226197,0.000430047,0.606192,0.366535,0.253755,0.183267,0.197365,0.11278,0.296047,0.11278,0.0563899,0,0,0,0,0,0
84515,84537,84526,21,170.257,-44.8109,47.1442,-59.6395,511.027,2.64249,0.809216,63.2601,0.234524,0.000459315,0.813072,0.487843,0.271024,0.203268,0.325229,0.149063,0.203268,0.135512,0.0135512,0.0406536,0,0,0,0,0
84538,84560,84549,21.1,170.258,-44.8101,46.449,-60.0665,512.167,2.27799,0.724008,58.2798,0.241488,0.000434705,0.637836,0.481631,0.299392,0.117154,0.286375,0.0781024,0.195256,0.0911194,0.0650853,0.0260341,0,0,0,0,0
84561,84584,84572,21.2,170.259,-44.809,45.6194,-60.03,514.908,2.48309,0.830721,65.1644,0.235329,0.000509519,0.822801,0.293857,0.367322,0.161622,0.2057,0.0734643,0.337936,0.161622,0.0440786,0.0146929,0,0,0,0,0
84585,84606,84596,21.3,170.26,-44.8076,44.8768,-59.7068,518.103,2.59387,0.739766,52.0292,0.210996,0.000385769,0.733051,0.451108,0.338331,0.29604,0.253748,0.0845828,0.310137,0.112777,0,0.0140971,0,0,0,0,0
84607,84629,84618,21.4,170.26,-44.8067,44.1058,-59.1584,522.024,2.22888,0.717865,54.0737,0.225977,0.000419607,0.691235,0.380885,0.183389,0.155175,0.253923,0.169282,0.225709,0.0987479,0.0705342,0,0,0,0,0,0
84630,84653,84642,21.5,170.26,-44.8057,43.4565,-58.8265,525.044,2.55827,0.881846,70.8262,0.240948,0.00054081,0.752432,0.410417,0.287292,0.177848,0.259931,0.150486,0.300973,0.136806,0.0547223,0.0273612,0,0,0,0,0
84654,84676,84665,21.6,170.26,-44.8046,42.7169,-58.4575,528.543,2.52172,0.826983,71.8771,0.260744,0.000463661,0.720491,0.531791,0.205855,0.274473,0.257318,0.137236,0.1887,0.137236,0.0343091,0.0171545,0.0171545,0,0,0,0
84677,84698,84688,21.7,170.259,-44.8036,42.11,-58.67,530.175,2.36763,0.791385,58.6764,0.222432,0.000462569,0.618988,0.464241,0.23212,0.123798,0.26307,0.139272,0.371393,0.108323,0.0464241,0,0,0,0,0,0
84700,84723,84712,21.8,170.258,-44.803,41.4263,-58.8126,532.309,2.5023,0.695063,47.5778,0.205353,0.00034312,0.662373,0.412143,0.441582,0.176633,0.309107,0.147194,0.264949,0.073597,0,0.0147194,0,0,0,0,0
84723,84743,84733,21.9,170.258,-44.8025,40.8406,-58.1212,536.206,2.0502,0.568601,39.4763,0.208281,0.000300469,0.666733,0.316698,0.350035,0.0666733,0.250025,0.0833416,0.183352,0.116678,0.0166683,0,0,0,0,0,0
84748,84770,84759,22,170.258,-44.8019,40.0058,-57.3032,541.432,2.22429,0.576673,37.6908,0.196077,0.000275185,0.656838,0.373203,0.358275,0.179138,0.268706,0.104497,0.194066,0.0746407,0.0149281,0,0,0,0,0,0
84774,84794,84784,22.1,170.258,-44.8015,39.3939,-56.7656,545.172,2.27035,0.684254,47.4163,0.207889,0.000364488,0.559594,0.383722,0.415699,0.111919,0.255814,0.143896,0.239826,0.159884,0,0,0,0,0,0,0
84794,84815,84804,22.2,170.258,-44.8012,38.7767,-56.5411,548.204,1.69336,0.392374,23.6617,0.180912,0.000161197,0.46769,0.403181,0.209654,0.112891,0.258036,0.0967634,0.129018,0,0.0161272,0,0,0,0,0,0
84817,84839,84828,22.3,170.258,-44.8009,38.1515,-56.501,550.861,2.23105,0.688139,50.4935,0.220131,0.000368346,0.440339,0.455017,0.308237,0.264203,0.293559,0.14678,0.205491,0.0587118,0.0440339,0.014678,0,0,0,0,0
84840,84861,84850,22.4,170.258,-44.8005,37.5365,-56.1806,554.242,2.16251,0.614107,42.0145,0.205247,0.000313435,0.588204,0.328702,0.346002,0.242202,0.190301,0.173001,0.155701,0.121101,0.0173001,0,0,0,0,0,0
84862,84880,84871,22.5,170.258,-44.8001,36.975,-56.4469,555.952,1.80221,0.548709,37.1558,0.203145,0.000281492,0.43178,0.300368,0.244049,0.112638,0.262822,0.150184,0.206503,0.0938651,0,0,0,0,0,0,0
84885,84906,84896,22.6,170.258,-44.7997,36.4,-56.3063,558.809,1.99767,0.596961,42.0828,0.211485,0.000316349,0.554907,0.253672,0.364653,0.095127,0.285381,0.174399,0.126836,0.110981,0.031709,0,0,0,0,0,0
84907,84929,84918,22.7,170.258,-44.7995,35.7695,-56.0921,562.163,2.23463,0.701782,52.45,0.224215,0.000398613,0.626983,0.434065,0.289377,0.096459,0.225071,0.128612,0.305453,0.096459,0.0160765,0.0160765,0,0,0,0,0
84930,84951,84940,22.8,170.258,-44.799,35.1826,-55.8884,565.343,1.84995,0.659936,53.6856,0.244049,0.000416512,0.567966,0.243414,0.194731,0.178504,0.178504,0.081138,0.210959,0.129821,0.0486828,0.0162276,0,0,0,0,0
84952,84973,84962,22.9,170.258,-44.7984,34.6356,-55.4539,569.032,1.83184,0.57204,41.0306,0.215181,0.000311733,0.376641,0.376641,0.2568,0.15408,0.2568,0.11984,0.15408,0.10272,0.0342401,0,0,0,0,0,0
84974,84993,84984,23,170.257,-44.7979,34.0219,-55.5844,571.59,2.35105,0.661359,43.0248,0.195166,0.000314466,0.56817,0.470209,0.254697,0.156736,0.391841,0.176329,0.293881,0.0195921,0.0195921,0,0,0,0,0,0
84994,85015,85004,23.1,170.258,-44.7977,33.53,-55.5095,574.183,1.64252,0.465392,32.641,0.210409,0.000240075,0.530916,0.232276,0.165911,0.132729,0.265458,0.116138,0.132729,0.0165911,0.0497734,0,0,0,0,0,0
85018,85035,85026,23.2,170.258,-44.7973,32.9665,-55.5953,576.731,1.58792,0.513881,39.1986,0.228838,0.000306932,0.467034,0.261539,0.186814,0.13077,0.186814,0.0747255,0.0934069,0.149451,0.0373628,0,0,0,0,0,0
