api/src/app/data/B2SAP/Locations/Lauder/NOAA-POPS-B2SAP_GMLBalloon_20240222_R0.ict
61,1001
Thornberry, T. D.
NOAA Chemical Sciences Laboratory
Portable Optical Particle Spectrometer (POPS)
Balloon Baseline Stratospheric Aerosol Profiles (B2SAP)
1,1
2024,02,22,2024,05,28
0
TIME_START,s,Seconds since midnight UTC on flight start day,Start time of 100 m altitude bin in UTC_seconds_since_midnight
28
1.0,1.0,1.0,1.0,1.0,1.0,1.0,1.0,1.0,1.0,1.0,1.0,1.0,1.0,1.0,1.0,1.0,1.0,1.0,1.0,1.0,1.0,1.0,1.0,1.0,1.0,1.0,1.0
99999,99999,99999,99999,99999,99999,99999,99999,99999,99999,99999,99999,99999,99999,99999,99999,99999,99999,99999,99999,99999,99999,99999,99999,99999,99999,99999,99999
TIME_STOP,s,End time of 100 m altitude bin in UTC seconds since midnight,
TIME_MID,s,Mid time of 100 m altitude in UTC seconds since midnight,
GPSAlt,m,GPS reported altitude above sea level (m),
GPS_Lon,deg,GPS reported longitude,
GPS_Lat,deg,GPS reported latitude,
iMet_Pressure,mb,Pressure reported (mB),
iMet_Temperature,degrees C,Ambient temperature (oC),
THETA,K,Potential temperature from iMet,
Aerosol_concentration,cm^-3,Aerosol concentration,
Surface_Area_Conc,um^2 cm^-3,Surface area concentration,
Volume_density,um^3 cm^-3,Volume density,
Effective_radius,um,Effective radius,
Extinction,km^-1,Extinction,
Bin01,cm^-3,particle concentration in size range [140 - 170 nm],
Bin02,cm^-3,particle concentration in size range [170 - 205 nm],
Bin03,cm^-3,particle concentration in size range [205 - 249 nm],
Bin04,cm^-3,particle concentration in size range [249 - 302 nm],
Bin05,cm^-3,particle concentration in size range [302 - 366 nm],
Bin06,cm^-3,particle concentration in size range [366 - 443 nm],
Bin07,cm^-3,particle concentration in size range [443 - 537 nm],
Bin08,cm^-3,particle concentration in size range [537 - 651 nm],
Bin09,cm^-3,particle concentration in size range [651 - 789 nm],
Bin10,cm^-3,particle concentration in size range [789 - 956 nm],
Bin11,cm^-3,particle concentration in size range [956 - 1159 nm],
Bin12,cm^-3,particle concentration in size range [1159 - 1404 nm],
Bin13,cm^-3,particle concentration in size range [1404 - 1702 nm],
Bin14,cm^-3,particle concentration in size range [1702 - 2062 nm],
Bin15,cm^-3,particle concentration in size range [2062 - 2500 nm],
0
19
PI_CONTACT_INFO: 325 Broadway R/CSL6, Boulder, CO 80305; troy.thornberry@noaa.gov; 303-497-3373 
PLATFORM: GML ECC/FPH balloon
LOCATION: Lauder, NZ
ASSOCIATED_DATA: N/A
INSTRUMENT_INFO: Printed Optical Particle Spectrometer counts particles from 140 - 2500 nm in diameter 
DATA_INFO: Particle concentrations reported in number per cubic centimeter, binned to 100 m altitude
UNCERTAINTY: Counting uncertainty dominated by air flow, less than 5 percent
ULOD_FLAG: -77777
ULOD_VALUE: 3000 ~3000 per cm3 (varies depending on flow rate- manufacturer quotes 1250  per cm3 at 1.667 cc/s)
LLOD_FLAG: -88888
LLOD_VALUE: 0 0 (varies depending on data field and measurement precision)
DM_CONTACT_INFO: Troy Thornberry, 325 Broadway R/CSL6, Boulder, CO 80305; troy.thornberry@noaa.gov; 303-497-3373
PROJECT_INFO: B2SAP Lauder, NZ
STIPULATIONS_ON_USE: Please contact the PIs for questions regarding applications and uncertainties
OTHER_COMMENTS: POPS bin Edges (nm):  140, 170, 205, 249, 302, 366, 443, 537, 651, 789, 956, 1159, 1404, 1702, 2062, 2500
Calculations assume sulfate refractive index of 1.45+0.00j and extinction wavelength = 532 nm
REVISION: R0
R0: QA/QC data
TIME_START,TIME_STOP,TIME_MID,GPSAlt,GPS_Lon,GPS_Lat,iMet_Pressure,iMet_Temperature,THETA,Aerosol_concentration,Surface_Area_Conc,Volume_density,Effective_radius,Extinction,Bin01,Bin02,Bin03,Bin04,Bin05,Bin06,Bin07,Bin08,Bin09,Bin10,Bin11,Bin12,Bin13,Bin14,Bin15
[from data line 77]
81142,81175,81158,8,169.81,-45.035,370.152,-24.9274,329.736,3.12614,0.402727,23.1675,0.17258,0.000125055,2.03326,0.597271,0.266866,0.0508315,0.0635394,0.0508315,0.0254158,0.0127079,0,0.0254158,0,0,0,0,0
81176,81204,81190,8.1,169.814,-45.0336,365.269,-25.6431,330.032,2.23804,0.370094,28.9012,0.234274,0.000130139,1.28278,0.491277,0.245639,0.0272932,0.0682329,0.0136466,0.0409398,0.0545863,0,0,0,0.0136466,0,0,0
81206,81236,81221,8.2,169.817,-45.0322,360.244,-26.4795,330.217,1.69132,0.305258,23.6062,0.231996,0.000143835,1.06157,0.179927,0.179927,0.125949,0.0359855,0.0359855,0.0179927,0.0179927,0,0.0359855,0,0,0,0,0
81237,81265,81251,8.3,169.821,-45.0308,355.232,-27.2603,330.497,1.34928,0.213295,10.8226,0.15222,6.64682e-05,0.688409,0.289132,0.123914,0.0550727,0.0688409,0.0550727,0.0688409,0,0,0,0,0,0,0,0
81266,81296,81281,8.4,169.824,-45.0295,350.39,-28.0954,330.671,1.83964,0.279831,24.0771,0.258124,8.1558e-05,1.08845,0.44458,0.168634,0.0459911,0.0459911,0.0153304,0,0,0.0153304,0,0,0.0153304,0,0,0
81297,81328,81312,8.5,169.828,-45.0282,345.49,-28.8536,330.973,1.267,0.135711,5.58396,0.123438,2.67173e-05,0.882086,0.224531,0.0801896,0.0320758,0.0160379,0.0160379,0,0.0160379,0,0,0,0,0,0,0
81328,81362,81345,8.6,169.832,-45.0269,340.65,-29.5868,331.309,1.43658,0.151967,5.86003,0.115684,2.61738e-05,0.933779,0.359146,0.0430975,0.0287317,0.0430975,0,0.0287317,0,0,0,0,0,0,0,0
81363,81390,81376,8.7,169.836,-45.0256,336.006,-30.3315,331.602,1.17432,0.215497,21.2706,0.296115,8.33458e-05,0.788032,0.200871,0.077258,0,0.0463548,0.0154516,0,0.0309032,0,0,0.0154516,0,0,0,0
81392,81418,81405,8.8,169.839,-45.0243,331.247,-31.2148,331.743,0.847039,0.0988518,4.2323,0.128444,2.20736e-05,0.577527,0.173258,0.0192509,0,0.0385018,0.0192509,0.0192509,0,0,0,0,0,0,0,0
81419,81446,81432,8.9,169.841,-45.0228,326.712,-31.8,332.243,1.03276,0.103176,4.13327,0.120181,1.94704e-05,0.710023,0.225916,0.0806844,0,0,0,0,0.0161369,0,0,0,0,0,0,0
81447,81474,81460,9,169.843,-45.0214,322.164,-32.4312,332.703,1.05306,0.193112,20.4438,0.317595,6.12778e-05,0.664235,0.210611,0.0810043,0.0162009,0.0324017,0.0162009,0.0162009,0,0,0,0,0.0162009,0,0,0
81475,81503,81489,9.1,169.846,-45.0198,317.442,-33.0246,333.293,1.7944,0.255687,14.2671,0.167397,8.80098e-05,0.940613,0.463071,0.231536,0.014471,0.0868258,0,0.014471,0.014471,0.0289419,0,0,0,0,0,0
81504,81531,81518,9.2,169.848,-45.018,312.801,-33.5188,334.005,1.49986,0.28747,26.6579,0.278198,0.000109268,0.812422,0.390588,0.109365,0.0156235,0.0781175,0.0156235,0.0468705,0,0.0156235,0,0,0.0156235,0,0,0
81532,81559,81546,9.3,169.85,-45.0165,308.33,-34.2628,334.337,2.36714,0.334801,19.2312,0.172322,0.000109384,1.42029,0.506079,0.163251,0.0326503,0.146926,0.0326503,0.0326503,0.0163251,0,0.0163251,0,0,0,0,0
81561,81584,81572,9.4,169.853,-45.0149,304.179,-35.077,334.497,2.26951,0.363455,28.6271,0.236292,0.00010845,1.32239,0.446754,0.250182,0.0536105,0.0536105,0.107221,0,0.0178702,0,0,0.0178702,0,0,0,0
81584,81611,81598,9.5,169.855,-45.0132,299.742,-35.9424,334.682,2.30384,0.321082,24.0569,0.224774,7.74063e-05,1.36585,0.575961,0.131648,0.0987361,0.0822801,0.016456,0.016456,0,0,0,0.016456,0,0,0,0
81613,81637,81625,9.6,169.858,-45.0113,295.353,-36.7613,334.931,2.32514,0.317156,19.5398,0.184828,0.000113565,1.48451,0.482914,0.160971,0.0536571,0.0715429,0,0.0357714,0,0.0178857,0.0178857,0,0,0,0,0
81638,81662,81650,9.7,169.861,-45.0096,291.328,-37.7465,334.846,2.6184,0.320737,18.4985,0.173024,0.000104674,1.8293,0.538028,0.0896714,0.0538028,0.0358686,0,0.0179343,0.0358686,0,0.0179343,0,0,0,0,0
81664,81689,81676,9.8,169.864,-45.0077,286.92,-38.3573,335.441,3.79854,0.390278,14.3816,0.110549,5.60477e-05,2.57624,0.695772,0.28207,0.0752186,0.112828,0.0376093,0,0.0188047,0,0,0,0,0,0,0
81690,81710,81700,9.9,169.867,-45.0058,282.716,-39.1725,335.685,3.36469,0.391675,17.1881,0.131651,9.05918e-05,2.20159,0.643861,0.249236,0.0623091,0.124618,0,0.0415394,0.0415394,0,0,0,0,0,0,0
81711,81725,81718,10,169.869,-45.0045,279.043,-39.9807,335.774,2.84804,0.326744,15.0841,0.138494,8.43245e-05,2.0767,0.41534,0.148336,0.0890014,0,0.0593343,0,0.0593343,0,0,0,0,0,0,0
81726,81748,81737,10.1,169.871,-45.0031,274.798,-40.9284,335.883,3.03908,0.349496,18.5522,0.159248,9.03256e-05,2.10739,0.532394,0.199648,0.0887324,0.0665493,0,0.0221831,0,0,0.0221831,0,0,0,0,0
81749,81772,81760,10.2,169.873,-45.0015,270.597,-41.8742,335.99,2.78392,0.308645,13.2938,0.129214,6.8413e-05,1.67919,0.795405,0.154662,0.0883784,0,0,0.0220946,0.0441892,0,0,0,0,0,0,0
81773,81799,81786,10.3,169.875,-44.9997,266.447,-42.76,336.18,2.43191,0.277197,10.6546,0.11531,4.33626e-05,1.44452,0.493697,0.219421,0.164566,0.0365701,0.0548552,0.0182851,0,0,0,0,0,0,0,0
81801,81826,81814,10.4,169.878,-44.9979,262.567,-43.6548,336.283,2.83696,0.372058,18.3089,0.14763,0.000104054,1.79369,0.420968,0.292847,0.109818,0.109818,0.0366059,0.0366059,0.018303,0.018303,0,0,0,0,0,0
81827,81854,81840,10.5,169.881,-44.9962,259.101,-44.4418,336.409,3.09364,0.37408,16.0906,0.129042,8.30542e-05,1.92105,0.623717,0.299384,0,0.0997947,0.0748461,0.0748461,0,0,0,0,0,0,0,0
81859,81881,81870,10.6,169.885,-44.9937,254.538,-45.6065,336.393,2.69515,0.347564,17.4481,0.150603,0.000102341,1.79061,0.424578,0.221519,0.0553797,0.0738396,0.0553797,0.0369198,0.0184599,0.0184599,0,0,0,0,0,0
81883,81909,81896,10.7,169.888,-44.9918,251.022,-46.6008,336.257,2.67643,0.274664,10.1602,0.110974,3.99396e-05,1.70473,0.664845,0.136379,0.0681893,0.0681893,0.0170473,0,0.0170473,0,0,0,0,0,0,0
81911,81942,81926,10.8,169.891,-44.9895,247.117,-47.5877,336.302,2.93933,0.422401,32.3948,0.230076,0.000146234,2.03602,0.559189,0.114705,0.0716909,0.0430145,0.0143382,0.0430145,0.0286764,0,0.0143382,0.0143382,0,0,0,0
81943,81971,81957,10.9,169.895,-44.9871,243.274,-48.4793,336.47,2.32515,0.268766,11.3785,0.127009,5.70374e-05,1.49579,0.503535,0.118479,0.0444295,0.088859,0.0296197,0.0296197,0.0148098,0,0,0,0,0,0,0
81972,82001,81986,11,169.899,-44.9846,239.489,-49.3418,336.683,2.38165,0.240874,8.66545,0.107925,3.31501e-05,1.59801,0.47633,0.153655,0.0768275,0.0460965,0,0.030731,0,0,0,0,0,0,0,0
82002,82028,82015,11.1,169.902,-44.9821,236.158,-50.06,336.955,2.68231,0.340438,17.0347,0.150113,9.88338e-05,1.7282,0.486057,0.198023,0.0900105,0.108013,0,0.0180021,0.0360042,0.0180021,0,0,0,0,0,0
82029,82058,82044,11.2,169.906,-44.9794,232.375,-51.0081,337.069,2.66577,0.424834,29.4636,0.20806,0.000178749,1.55923,0.553274,0.251488,0.100595,0.0670635,0.0335317,0.0335317,0.0167659,0.0167659,0.0335317,0,0,0,0,0
82058,82085,82072,11.3,169.909,-44.9769,228.911,-51.9296,337.112,3.10967,0.365581,15.2794,0.125384,7.56115e-05,2.02653,0.559042,0.209641,0.0698803,0.139761,0.0349401,0.0698803,0,0,0,0,0,0,0,0
82087,82111,82099,11.4,169.912,-44.9747,225.307,-52.8381,337.26,3.18505,0.344578,13.6653,0.118974,6.1719e-05,2.10255,0.666153,0.166538,0.0832692,0.104086,0.0208173,0.0208173,0.0208173,0,0,0,0,0,0,0
82114,82138,82126,11.5,169.915,-44.9725,221.947,-53.6635,337.437,2.46222,0.393676,26.7816,0.204088,0.000171923,1.62683,0.37373,0.131905,0.109921,0.0879366,0,0.0659524,0.0219841,0.0219841,0.0219841,0,0,0,0,0
82140,82162,82151,11.6,169.917,-44.9702,218.667,-54.5478,337.509,2.93913,0.351874,16.1447,0.137647,8.2877e-05,1.70032,0.70442,0.315774,0.072871,0.072871,0.0242903,0.0242903,0,0.0242903,0,0,0,0,0,0
82162,82183,82172,11.7,169.92,-44.9681,215.179,-55.411,337.731,2.96956,0.486925,39.3317,0.242327,0.00015565,1.60061,0.695003,0.358032,0.063182,0.147425,0.0210607,0.0210607,0.0210607,0.0210607,0,0,0.0210607,0,0,0
82184,82204,82194,11.8,169.922,-44.9655,211.506,-56.1589,338.225,2.52518,0.503217,44.2088,0.263557,0.000214184,1.40288,0.514389,0.233813,0.0935254,0.070144,0.0233813,0.116907,0.0233813,0.0233813,0,0.0233813,0,0,0,0
82205,82229,82217,11.9,169.924,-44.9622,208.06,-56.9212,338.624,2.92488,0.452177,28.9271,0.191919,0.000180604,1.74012,0.629405,0.148095,0.166607,0.0925596,0.0185119,0.0740477,0,0.0370238,0.0185119,0,0,0,0,0
82230,82256,82243,12,169.927,-44.9587,205.06,-57.7515,338.729,2.66086,0.345037,18.279,0.15893,9.41943e-05,1.48744,0.611503,0.314015,0.132217,0.0330542,0.0165271,0.0495813,0,0,0.0165271,0,0,0,0,0
82258,82285,82272,12.1,169.93,-44.9548,201.846,-58.6192,338.886,3.0233,0.543214,50.5597,0.279225,0.000179675,1.77105,0.590349,0.322009,0.0536681,0.125226,0.0536681,0.0536681,0.0178894,0,0,0.0178894,0.0178894,0,0,0
82286,82311,82298,12.2,169.933,-44.9513,198.666,-59.4737,339.074,3.95342,0.696821,60.3447,0.2598,0.000236186,2.09736,0.928033,0.464017,0.148485,0.0928033,0.0742427,0.0742427,0.0185607,0.0185607,0,0.0185607,0.0185607,0,0,0
82312,82331,82322,12.3,169.936,-44.9481,195.545,-60.0774,339.651,5.29226,0.577464,21.0232,0.109218,7.68454e-05,3.06181,1.318,0.405537,0.223046,0.202769,0.0608306,0.0202769,0,0,0,0,0,0,0,0
82332,82359,82346,12.4,169.94,-44.9449,192.161,-60.4615,340.728,6.59155,0.80164,36.0702,0.134986,0.000169613,3.74115,1.48458,0.653217,0.341454,0.222688,0.0593833,0.0445375,0.0296917,0,0.0148458,0,0,0,0,0
82359,82387,82373,12.5,169.945,-44.9413,189.228,-60.03,342.93,7.01164,0.950884,51.0268,0.160987,0.000278127,3.9124,1.56496,0.78248,0.260827,0.230141,0.107399,0.0767138,0.0153428,0.0306855,0.0306855,0,0,0,0,0
82388,82413,82400,12.6,169.95,-44.938,186.115,-60.6208,343.601,6.8622,0.898884,45.3226,0.151263,0.000248005,3.97879,1.46587,0.676555,0.306061,0.177193,0.0966507,0.0644338,0.0644338,0.0161085,0.0161085,0,0,0,0,0
82414,82443,82428,12.7,169.953,-44.9349,183.18,-61.1188,344.351,7.30073,1.04415,55.3152,0.158929,0.000330734,4.14005,1.42453,0.801299,0.370972,0.163228,0.0741944,0.237422,0.0593555,0.0148389,0.0148389,0,0,0,0,0
82445,82469,82457,12.8,169.958,-44.9316,180.262,-60.9862,346.161,7.96451,1.13735,77.7547,0.205094,0.000315306,4.54327,1.7658,0.882902,0.38627,0.091969,0.0735752,0.110363,0.0551814,0.0183938,0,0.0183938,0.0183938,0,0,0
82470,82488,82479,12.9,169.962,-44.9291,177.563,-61.1524,347.378,7.10466,1.06855,71.8846,0.201819,0.000328245,4.06305,1.45271,0.726355,0.249684,0.295082,0.136191,0.0907943,0.0226986,0.0226986,0.0226986,0,0.0226986,0,0,0
82489,82515,82502,13,169.968,-44.9258,174.414,-61.8776,347.962,6.87733,1.0676,65.1545,0.183087,0.000401055,3.90883,1.34597,0.663764,0.295006,0.313444,0.0737515,0.129065,0.0553136,0.0553136,0.0368758,0,0,0,0,0
82516,82545,82530,13.1,169.974,-44.9213,171.579,-62.0023,349.395,8.1471,1.19166,81.0576,0.204062,0.000364908,4.51956,2.05164,0.728482,0.34194,0.14867,0.14867,0.104069,0.029734,0.014867,0.029734,0.029734,0,0,0,0
82547,82575,82561,13.2,169.98,-44.9172,168.977,-61.4056,351.91,5.68141,0.740772,37.5838,0.152208,0.000200176,3.16108,1.25304,0.669238,0.299021,0.128152,0.0711956,0.0142391,0.0427173,0.0284782,0.0142391,0,0,0,0,0
82576,82608,82592,13.3,169.987,-44.9131,166.215,-61.0729,354.13,6.88037,1.15832,92.1121,0.238567,0.0004001,3.56354,1.58989,0.986826,0.205589,0.178177,0.109647,0.109647,0.0411177,0.0411177,0.0137059,0.0274118,0,0.0137059,0,0
82609,82630,82620,13.4,169.993,-44.9094,163.778,-60.562,356.485,7.16768,1.17803,74.3444,0.189327,0.000494573,3.93934,1.5373,0.807084,0.230596,0.115298,0.15373,0.15373,0.115298,0.0960815,0.0192163,0,0,0,0,0
82633,82659,82646,13.5,169.998,-44.9063,160.866,-60.535,358.355,9.37699,1.3922,82.8155,0.178456,0.000476459,4.82845,2.37924,1.06716,0.419865,0.227427,0.174944,0.104966,0.0874719,0.0174944,0.0699775,0,0,0,0,0
82660,82688,82674,13.6,170.003,-44.9034,158.341,-60.5204,360.014,9.52389,1.56881,111.402,0.213031,0.000589335,4.81362,2.37728,1.22555,0.354377,0.265783,0.0590629,0.20672,0.0885943,0.0590629,0.0442971,0.0295314,0,0,0,0
82689,82716,82702,13.7,170.008,-44.9005,155.796,-60.7988,361.204,9.70949,1.64651,130.869,0.238448,0.000551784,4.783,2.56688,1.19575,0.28698,0.43047,0.14349,0.127547,0.04783,0.0318867,0.0318867,0.0318867,0.0318867,0,0,0
82717,82743,82730,13.8,170.013,-44.8982,153.336,-61.0123,362.486,10.2441,2.1714,208.566,0.288153,0.000923789,5.10469,2.55235,1.02441,0.486161,0.277807,0.225718,0.225718,0.104177,0.0868145,0.0347258,0.104177,0.0173629,0,0,0
82744,82766,82755,13.9,170.018,-44.8962,151.025,-60.7642,364.492,10.3419,1.87233,125.819,0.201598,0.000823094,5.01,2.51506,1.12675,0.482892,0.40241,0.201205,0.241446,0.201205,0.080482,0.080482,0,0,0,0,0
82768,82787,82778,14,170.022,-44.895,148.672,-60.5759,366.449,9.45601,1.67641,127.792,0.228688,0.000710128,4.85095,2.25782,1.05067,0.424738,0.312965,0.178837,0.134128,0.0447092,0.0670639,0.111773,0.0223546,0,0,0,0
82788,82818,82803,14.1,170.027,-44.8942,146.108,-61.1324,367.317,9.52551,1.91088,164.565,0.258359,0.000815053,4.64235,2.26097,1.03015,0.481627,0.45487,0.160542,0.200678,0.0802711,0.0802711,0.0668926,0.0535141,0.0133785,0,0,0
82819,82847,82833,14.2,170.034,-44.8934,143.717,-61.59,368.253,9.53597,1.64757,118.157,0.215148,0.000630828,4.69486,2.34012,1.11156,0.424146,0.424146,0.117006,0.190134,0.0877543,0.0731286,0.0438772,0.0146257,0.0146257,0,0,0
82849,82878,82864,14.3,170.041,-44.8926,141.445,-61.6587,369.812,9.25061,1.61912,119.953,0.222256,0.000584731,4.34583,2.29169,1.18777,0.544976,0.377291,0.0838424,0.237554,0.0698687,0.0279475,0.0419212,0.0279475,0.0139737,0,0,0
82879,82906,82892,14.4,170.048,-44.8915,139.204,-61.3336,372.081,9.19464,1.32828,72.1847,0.163033,0.000433253,4.84892,2.27198,0.991131,0.350708,0.243971,0.16773,0.152482,0.091489,0.0609927,0.0152482,0,0,0,0,0
82907,82934,82920,14.5,170.055,-44.8902,136.974,-60.6587,374.986,9.34751,1.65176,118.608,0.215421,0.000654655,4.7857,2.02902,1.16144,0.391812,0.321845,0.181913,0.195906,0.167919,0.0419798,0.0419798,0.0139933,0.0139933,0,0,0
82935,82961,82948,14.6,170.063,-44.8884,134.683,-60.6892,376.748,9.31788,1.27496,61.2518,0.144126,0.000343352,4.63104,2.41316,1.14381,0.446365,0.278978,0.111591,0.181336,0.0836935,0.0278978,0,0,0,0,0,0
82962,82989,82976,14.7,170.069,-44.8862,132.512,-61.0825,377.798,8.6657,1.34316,102.206,0.228279,0.000418394,4.96181,1.90086,0.838616,0.307493,0.293516,0.125792,0.0838616,0.0698847,0.0279539,0.0139769,0.0139769,0,0.0279539,0,0
82990,83015,83002,14.8,170.075,-44.8835,130.408,-60.7536,380.115,8.53484,1.13086,63.6963,0.168977,0.000286028,4.62622,2.03065,0.961887,0.488577,0.229021,0.0610722,0.0305361,0.0458041,0.0305361,0.015268,0.015268,0,0,0,0
83016,83035,83026,14.9,170.079,-44.8812,128.375,-60.6524,382.015,6.8567,0.833968,34.0573,0.122513,0.000154631,3.52686,1.8718,0.669907,0.354657,0.236438,0.0985158,0.0788126,0.0197032,0,0,0,0,0,0,0
83036,83061,83048,15,170.082,-44.8795,126.237,-61.0813,383.069,6.88639,1.03794,64.0406,0.1851,0.000318015,3.69122,1.38603,0.948337,0.306386,0.189667,0.145898,0.116718,0.0583592,0.0145898,0.0145898,0,0.0145898,0,0,0
83062,83088,83075,15.1,170.086,-44.8778,124.226,-61.8087,383.518,6.23562,0.887956,60.8181,0.205477,0.000238581,3.44136,1.5589,0.647093,0.235306,0.117653,0.102947,0.0735333,0,0.0294133,0,0.0147067,0.0147067,0,0,0
83089,83113,83101,15.2,170.09,-44.8766,122.168,-62.1877,384.658,7.31119,1.08334,58.9958,0.163372,0.000346544,3.6479,1.83165,0.846559,0.30784,0.292448,0.15392,0.138528,0.015392,0.0615679,0.015392,0,0,0,0,0
83114,83139,83126,15.3,170.095,-44.8756,120.136,-62.7857,385.411,7.36877,1.03947,54.4801,0.157234,0.000318315,3.82411,1.92677,0.691282,0.367703,0.23533,0.0588325,0.132373,0.102957,0.0147081,0.0147081,0,0,0,0,0
83140,83165,83152,15.4,170.1,-44.8746,118.296,-63.4325,385.926,6.86944,1.10012,83.3449,0.227279,0.000348525,3.6902,1.61801,0.723846,0.312247,0.212896,0.127738,0.0567722,0.0425792,0.0425792,0,0.0283861,0.0141931,0,0,0
83166,83192,83179,15.5,170.107,-44.8732,116.346,-63.3935,387.83,8.18791,1.19177,74.7525,0.188171,0.000346937,4.17857,2.26502,0.846127,0.325434,0.208278,0.143191,0.104139,0.0520694,0.039052,0,0.0260347,0,0,0,0
83193,83218,83206,15.6,170.114,-44.8712,114.506,-63.21,389.95,7.9631,1.34252,108.938,0.243432,0.00042952,4.05424,1.98674,0.872226,0.419961,0.306894,0.0646093,0.113066,0.048457,0.0323047,0,0.048457,0.0161523,0,0,0
83219,83245,83232,15.7,170.121,-44.8686,112.597,-63.7992,390.72,8.01189,1.18293,87.8261,0.222733,0.000334365,4.35901,1.99618,0.882666,0.285169,0.285169,0.0407384,0.0407384,0.0407384,0.0271589,0.0135795,0.0135795,0.0135795,0.0135795,0,0
