api/src/app/data/B2SAP/Locations/Lauder/NOAA-POPS-B2SAP_GMLBalloon_20201117_R0.ict
61,1001
Thornberry, T. D.
NOAA Chemical Sciences Laboratory
Portable Optical Particle Spectrometer (POPS)
Balloon Baseline Stratospheric Aerosol Profiles (B2SAP)
1,1
2020,11,17,2024,05,28
0
TIME_START,s,Seconds since midnight UTC on flight start day,Start time of 100 m altitude bin in UTC_seconds_since_midnight
28
1.0,1.0,1.0,1.0,1.0,1.0,1.0,1.0,1.0,1.0,1.0,1.0,1.0,1.0,1.0,1.0,1.0,1.0,1.0,1.0,1.0,1.0,1.0,1.0,1.0,1.0,1.0,1.0
99999,99999,99999,99999,99999,99999,99999,99999,99999,99999,99999,99999,99999,99999,99999,99999,99999,99999,99999,99999,99999,99999,99999,99999,99999,99999,99999,99999
TIME_STOP,s,End time of 100 m altitude bin in UTC seconds since midnight,
TIME_MID,s,Mid time of 100 m altitude in UTC seconds since midnight,
GPSAlt,m,GPS reported altitude above sea level (m),
GPS_Lon,deg,GPS reported longitude,
GPS_Lat,deg,GPS reported latitude,
iMet_Pressure,mb,Pressure reported (mB),
iMet_Temperature,degrees C,Ambient temperature (oC),
THETA,K,Potential temperature from iMet,
Aerosol_concentration,cm^-3,Aerosol concentration,
Surface_Area_Conc,um^2 cm^-3,Surface area concentration,
Volume_density,um^3 cm^-3,Volume density,
Effective_radius,um,Effective radius,
Extinction,km^-1,Extinction,
Bin01,cm^-3,particle concentration in size range [140 - 170 nm],
Bin02,cm^-3,particle concentration in size range [170 - 205 nm],
Bin03,cm^-3,particle concentration in size range [205 - 249 nm],
Bin04,cm^-3,particle concentration in size range [249 - 302 nm],
Bin05,cm^-3,particle concentration in size range [302 - 366 nm],
Bin06,cm^-3,particle concentration in size range [366 - 443 nm],
Bin07,cm^-3,particle concentration in size range [443 - 537 nm],
Bin08,cm^-3,particle concentration in size range [537 - 651 nm],
Bin09,cm^-3,particle concentration in size range [651 - 789 nm],
Bin10,cm^-3,particle concentration in size range [789 - 956 nm],
Bin11,cm^-3,particle concentration in size range [956 - 1159 nm],
Bin12,cm^-3,particle concentration in size range [1159 - 1404 nm],
Bin13,cm^-3,particle concentration in size range [1404 - 1702 nm],
Bin14,cm^-3,particle concentration in size range [1702 - 2062 nm],
Bin15,cm^-3,particle concentration in size range [2062 - 2500 nm],
0
19
PI_CONTACT_INFO: 325 Broadway R/CSL6, Boulder, CO 80305; troy.thornberry@noaa.gov; 303-497-3373 
PLATFORM: GML ECC/FPH balloon
LOCATION: Lauder, NZ
ASSOCIATED_DATA: N/A
INSTRUMENT_INFO: Printed Optical Particle Spectrometer counts particles from 140 - 2500 nm in diameter 
DATA_INFO: Particle concentrations reported in number per cubic centimeter, binned to 100 m altitude
UNCERTAINTY: Counting uncertainty dominated by air flow, less than 5 percent
ULOD_FLAG: -77777
ULOD_VALUE: 3000 ~3000 per cm3 (varies depending on flow rate- manufacturer quotes 1250  per cm3 at 1.667 cc/s)
LLOD_FLAG: -88888
LLOD_VALUE: 0 0 (varies depending on data field and measurement precision)
DM_CONTACT_INFO: Troy Thornberry, 325 Broadway R/CSL6, Boulder, CO 80305; troy.thornberry@noaa.gov; 303-497-3373
PROJECT_INFO: B2SAP Lauder, NZ
STIPULATIONS_ON_USE: Please contact the PIs for questions regarding applications and uncertainties
OTHER_COMMENTS: POPS bin Edges (nm):  140, 170, 205, 249, 302, 366, 443, 537, 651, 789, 956, 1159, 1404, 1702, 2062, 2500
Calculations assume sulfate refractive index of 1.45+0.00j and extinction wavelength = 532 nm
REVISION: R0
R0: QA/QC data
TIME_START,TIME_STOP,TIME_MID,GPSAlt,GPS_Lon,GPS_Lat,iMet_Pressure,iMet_Temperature,THETA,Aerosol_concentration,Surface_Area_Conc,Volume_density,Effective_radius,Extinction,Bin01,Bin02,Bin03,Bin04,Bin05,Bin06,Bin07,Bin08,Bin09,Bin10,Bin11,Bin12,Bin13,Bin14,Bin15
[from data line 486]
88686,88713,88700,7.9,170.446,-45.1407,355.655,-37.6588,316.413,7.12496,0.802927,28.6703,0.107122,9.39066e-05,3.63722,1.5944,1.12106,0.597899,0.0996499,0.0498249,0.0249125,0,0,0,0,0,0,0,0
88714,88740,88727,7.8,170.449,-45.1383,360.732,-36.8193,316.26,6.25797,0.820694,36.1786,0.132249,0.000170332,2.85821,1.53441,0.962765,0.541555,0.240691,0.0601728,0,0.0300864,0.0300864,0,0,0,0,0,0
88742,88771,88756,7.7,170.453,-45.1357,366.245,-36.0987,315.851,4.43472,0.573671,23.6668,0.123765,0.000103847,2.03607,1.00409,0.669392,0.502044,0.139457,0.0278913,0.0278913,0.0278913,0,0,0,0,0,0,0
88773,88798,88786,7.6,170.456,-45.1334,371.415,-35.55,315.311,3.3059,0.456233,27.3177,0.17963,0.000137279,1.74795,0.835974,0.265992,0.341989,0.0379988,0.0379988,0,0,0,0.0379988,0,0,0,0,0
88802,88830,88816,7.5,170.459,-45.1308,377.106,-35.017,314.651,2.53415,0.310792,13.9864,0.135008,6.87699e-05,1.15189,0.85868,0.335095,0.0837736,0.0628302,0,0.0209434,0,0.0209434,0,0,0,0,0,0
88832,88860,88846,7.4,170.463,-45.1283,382.208,-34.4248,314.227,2.52437,0.339832,14.478,0.127811,6.7028e-05,0.894463,0.834832,0.437293,0.238524,0.0397539,0.0397539,0.019877,0.019877,0,0,0,0,0,0,0
88861,88889,88875,7.3,170.466,-45.1255,387.629,-34.045,313.466,2.70535,0.306879,11.2846,0.110317,4.08936e-05,1.34235,0.764107,0.309773,0.206515,0.0413031,0.0206515,0.0206515,0,0,0,0,0,0,0,0
88891,88918,88904,7.2,170.471,-45.1223,393.627,-33.5178,312.777,2.88017,0.438656,24.9659,0.170743,0.000156105,1.55438,0.685756,0.16001,0.228585,0.0914341,0.0685756,0.0228585,0.0228585,0.0457171,0,0,0,0,0,0
88920,88944,88932,7.1,170.475,-45.1196,398.926,-32.8794,312.412,2.73845,0.322508,12.9905,0.120839,5.68659e-05,1.47278,0.736391,0.20711,0.161086,0.115061,0.0230122,0,0.0230122,0,0,0,0,0,0,0
88946,88970,88958,7,170.479,-45.1169,404.705,-32.0627,312.191,3.73944,0.368534,12.2919,0.100061,3.76261e-05,2.18361,1.00992,0.409427,0.0818855,0.0272952,0,0.0272952,0,0,0,0,0,0,0,0
88971,88996,88984,6.9,170.482,-45.1146,410.153,-31.3363,311.94,3.07332,0.350932,13.3524,0.114145,5.32738e-05,1.65486,0.795194,0.343868,0.12895,0.0644752,0.0644752,0.0214917,0,0,0,0,0,0,0,0
88998,89019,89008,6.8,170.486,-45.1122,416.353,-30.4969,311.686,3.07541,0.321679,11.4853,0.107112,4.11582e-05,1.79399,0.820109,0.230656,0.15377,0.0256284,0.0256284,0.0256284,0,0,0,0,0,0,0,0
89021,89044,89032,6.7,170.488,-45.1103,421.697,-29.6911,311.579,2.72241,0.302365,12.0955,0.120009,5.39169e-05,1.70994,0.60748,0.157495,0.112496,0.0674978,0.0449985,0,0.0224993,0,0,0,0,0,0,0
89045,89068,89056,6.6,170.491,-45.1081,427.781,-28.8029,311.436,3.64353,0.42507,16.8545,0.118953,7.18519e-05,1.92379,0.874448,0.553817,0.0874448,0.145741,0.0291483,0,0.0291483,0,0,0,0,0,0,0
89070,89094,89082,6.5,170.495,-45.1059,434.234,-27.9075,311.245,2.68029,0.325612,13.4019,0.123477,6.2721e-05,1.50766,0.536058,0.301533,0.201022,0.0670072,0,0.0670072,0,0,0,0,0,0,0,0
89095,89116,89106,6.4,170.498,-45.104,440.502,-27.1392,310.947,2.00306,0.222563,9.08465,0.122455,4.16846e-05,1.01694,0.708776,0.154082,0.092449,0,0,0,0.0308163,0,0,0,0,0,0,0
89117,89140,89128,6.3,170.5,-45.1024,446.388,-26.5864,310.469,2.66704,0.247959,7.82378,0.094658,2.01344e-05,1.72067,0.688268,0.143389,0.0860335,0,0.0286778,0,0,0,0,0,0,0,0,0
89141,89165,89153,6.2,170.503,-45.1008,453.03,-26.0471,309.832,2.61657,0.25505,7.84594,0.0922872,1.63552e-05,1.29391,0.891357,0.345042,0.0862604,0,0,0,0,0,0,0,0,0,0,0
89166,89191,89178,6.1,170.506,-45.0997,458.923,-25.4374,309.449,1.97557,0.192466,6.18829,0.0964577,1.61873e-05,1.10462,0.616039,0.169942,0.0637282,0,0.0212427,0,0,0,0,0,0,0,0,0
89193,89218,89206,6,170.509,-45.0986,465.456,-24.7006,309.121,4.72076,0.469611,15.9043,0.101601,4.91256e-05,2.41909,1.66753,0.493213,0.117432,0,0,0,0.0234863,0,0,0,0,0,0,0
89220,89247,89234,5.9,170.512,-45.0974,471.971,-24.2615,308.443,2.60253,0.264066,8.52157,0.0968117,2.10938e-05,1.34719,0.826686,0.214326,0.183708,0.030618,0,0,0,0,0,0,0,0,0,0
89248,89278,89263,5.8,170.516,-45.0961,478.726,-24.1719,307.306,6.1825,0.644548,23.465,0.109216,8.93158e-05,3.97983,1.25152,0.425516,0.375456,0.0500607,0.0250304,0.0750911,0,0,0,0,0,0,0,0
89281,89317,89299,5.7,170.52,-45.0939,485.83,-23.4829,306.859,7.79862,0.955814,48.388,0.151875,0.000185901,4.26668,1.90776,0.863649,0.489831,0.103122,0.0644514,0.0515611,0.0257806,0.0128903,0,0,0.0128903,0,0,0
89318,89353,89336,5.6,170.525,-45.091,492.244,-22.7159,306.646,9.40632,1.2412,56.2935,0.136063,0.000283953,4.6348,2.36525,1.08009,0.656255,0.396487,0.123048,0.0683599,0.0410159,0.0410159,0,0,0,0,0,0
89355,89388,89372,5.5,170.528,-45.0879,498.989,-22.0004,306.331,9.99712,1.3148,60.6847,0.138465,0.000312366,4.9839,2.36002,1.34859,0.791561,0.20522,0.131927,0.0439756,0.0879512,0.0439756,0,0,0,0,0,0
89389,89424,89406,5.4,170.532,-45.084,505.81,-21.5122,305.74,10.3887,1.31226,57.9399,0.132458,0.000265889,5.1858,2.48165,1.31784,0.958431,0.222493,0.0855742,0.0513445,0.0684594,0,0.0171148,0,0,0,0,0
89425,89456,89440,5.3,170.536,-45.0804,512.378,-20.6858,305.617,10.651,1.4501,72.7426,0.150492,0.000306599,5.04599,2.5381,1.5561,0.830927,0.332371,0.166185,0.120862,0.0453233,0,0,0,0.0151078,0,0,0
89458,89488,89473,5.2,170.539,-45.0772,519.467,-19.8675,305.409,9.89844,1.39252,75.4699,0.16259,0.00035744,4.73688,2.45011,1.47007,0.653362,0.196009,0.163341,0.114338,0.0653362,0.0326681,0,0.0163341,0,0,0,0
89490,89516,89503,5.1,170.542,-45.0742,526.69,-19.2416,304.951,9.38702,1.10964,44.379,0.119983,0.000191025,4.97081,2.32108,0.985946,0.718919,0.205405,0.0821621,0.0410811,0.0616216,0,0,0,0,0,0,0
89518,89544,89531,5,170.545,-45.0716,533.527,-18.6081,304.588,9.23519,1.16453,63.8542,0.164498,0.000235297,4.9077,2.12748,1.4022,0.507693,0.120879,0.0725276,0.0241759,0.0241759,0.0241759,0,0.0241759,0,0,0,0
89545,89571,89558,4.9,170.548,-45.0693,540.672,-17.806,304.392,9.58363,1.26206,70.919,0.168579,0.000301887,5.13063,2.47819,0.909961,0.542104,0.271052,0.116165,0.0580826,0.0193609,0.0193609,0.0193609,0.0193609,0,0,0,0
89573,89600,89586,4.8,170.551,-45.0668,548.69,-17.5767,303.389,7.83384,0.932844,38.9408,0.125233,0.000180107,4.21394,1.96774,0.92818,0.334145,0.185636,0.092818,0.0742544,0.0185636,0.0185636,0,0,0,0,0,0
89601,89624,89612,4.7,170.553,-45.0649,555.418,-17.0165,302.989,8.66479,0.993442,40.1026,0.121102,0.000179633,4.92839,2.13181,0.871063,0.343841,0.160459,0.137536,0.0229227,0.0687682,0,0,0,0,0,0,0
89626,89652,89639,4.6,170.555,-45.0629,562.926,-16.1905,302.805,7.87122,0.894387,36.1624,0.121298,0.000164421,4.64531,1.88024,0.718917,0.239639,0.165904,0.129036,0.0368675,0.0553013,0,0,0,0,0,0,0
89653,89678,89666,4.5,170.558,-45.0609,570.697,-15.4626,302.479,8.72791,0.999469,40.2803,0.120905,0.000180754,4.92965,2.14157,0.909157,0.424273,0.101017,0.101017,0.0606105,0.0606105,0,0,0,0,0,0,0
89680,89707,89694,4.4,170.561,-45.0592,578.163,-14.7722,302.165,7.65361,0.965902,46.5115,0.14446,0.000257588,4.49836,1.59894,0.895408,0.27715,0.106596,0.106596,0.0426385,0.085277,0.0426385,0,0,0,0,0,0
89710,89738,89724,4.3,170.565,-45.0574,585.999,-14.0582,301.831,9.06501,1.00167,36.6605,0.109798,0.000134078,5.13509,2.07849,1.04798,0.384259,0.244528,0.13973,0.0349326,0,0,0,0,0,0,0,0
89740,89770,89755,4.2,170.569,-45.0556,593.983,-13.1671,301.704,9.76104,1.25937,54.1814,0.129068,0.000262938,4.75654,2.47971,1.33003,0.541028,0.293057,0.202885,0.0901713,0.0676285,0,0,0,0,0,0,0
89772,89805,89788,4.1,170.573,-45.0541,601.904,-12.6896,301.12,9.56892,1.18039,47.0537,0.119589,0.000198168,4.57843,2.335,1.41931,0.763072,0.274706,0.0915686,0.0763072,0.0305229,0,0,0,0,0,0,0
89806,89840,89823,4,170.577,-45.053,609.882,-12.2812,300.457,6.50052,0.817659,32.4248,0.118967,0.000132795,3.08227,1.57765,0.847258,0.5551,0.292158,0.116863,0.0146079,0.0146079,0,0,0,0,0,0,0
89841,89874,89858,3.9,170.581,-45.0523,617.544,-11.5674,300.202,7.46319,1.03583,51.3069,0.148596,0.000256662,3.31029,1.92599,1.04324,0.742307,0.280873,0.060187,0.0200623,0.0200623,0.0401247,0.0200623,0,0,0,0,0
89876,89910,89893,3.8,170.586,-45.0515,625.799,-10.941,299.785,9.38974,1.3091,104.995,0.240612,0.000292344,4.48579,2.41396,1.33053,0.760303,0.228091,0.133053,0,0.0190076,0,0,0,0,0,0.0190076,0
89912,89945,89928,3.7,170.59,-45.0508,634.072,-10.1875,299.523,9.06272,1.2248,57.3935,0.140578,0.000300323,4.0806,2.60968,1.20994,0.521937,0.37959,0.0948976,0.0474488,0.0711732,0.0474488,0,0,0,0,0,0
89946,89975,89960,3.6,170.595,-45.0502,642.137,-10.1111,298.53,7.72551,0.963013,44.2537,0.13786,0.000202776,3.85283,2.00585,0.953277,0.635518,0.13902,0.0595798,0.0198599,0.0198599,0.0198599,0.0198599,0,0,0,0,0
89979,90005,89992,3.5,170.599,-45.0498,650.936,-10.3409,297.106,5.91255,0.690258,25.5749,0.111154,9.16227e-05,2.97279,1.45337,0.710167,0.528496,0.14864,0.0825776,0.0165155,0,0,0,0,0,0,0,0
90006,90033,90020,3.4,170.602,-45.0497,659.13,-9.9288,296.513,7.08092,0.884236,37.8897,0.128551,0.000180782,3.93384,1.48276,0.756508,0.438775,0.226953,0.151302,0.0605207,0.0151302,0.0151302,0,0,0,0,0,0
90034,90064,90049,3.3,170.606,-45.0497,667.866,-9.87038,295.468,11.0797,1.39389,77.9836,0.167841,0.000280442,5.80155,3.16977,1.03236,0.668851,0.232644,0.0290805,0.0436207,0.0581609,0.0145402,0,0,0.0290805,0,0,0
90066,90094,90080,3.2,170.609,-45.0501,676.844,-9.5575,294.693,15.1001,1.56115,58.8681,0.113124,0.000230348,9.16996,3.75135,1.38307,0.473655,0.15157,0.0568386,0.0378924,0.0378924,0.0378924,0,0,0,0,0,0
90096,90124,90110,3.1,170.611,-45.0507,685.344,-8.856,294.418,16.158,1.78442,84.9833,0.142875,0.000294521,9.73622,4.18074,1.1111,0.734454,0.169489,0.0564965,0.0564965,0.0941608,0,0,0,0,0.0188322,0,0
90126,90153,90140,3,170.613,-45.0517,694.341,-8.12,294.143,26.1895,2.93881,136.114,0.138948,0.000508507,13.9651,8.28806,2.29455,0.969248,0.395611,0.0791223,0.0791223,0.0197806,0.0197806,0.0593417,0,0.0197806,0,0,0
90155,90179,90167,2.9,170.614,-45.0528,702.452,-7.67,293.668,61.4013,7.20916,432.604,0.180023,0.00122791,23.9689,29.3067,6.32372,1.01995,0.237989,0.101995,0.135994,0.135994,0,0.067997,0,0,0.067997,0.0339985,0
90184,90184,90184,2.8,170.616,-45.0536,708.15,-7.3,293.401,64.0223,6.48965,210.897,0.0974922,0.000568596,24.7947,30.3458,8.14156,0.370071,0,0,0.370071,0,0,0,0,0,0,0,0
