api/src/app/data/B2SAP/Locations/Lauder/NOAA-POPS-B2SAP_GMLBalloon_20220525_R0.ict
61,1001
Thornberry, T. D.
NOAA Chemical Sciences Laboratory
Portable Optical Particle Spectrometer (POPS)
Balloon Baseline Stratospheric Aerosol Profiles (B2SAP)
1,1
2022,05,25,2024,05,28
0
TIME_START,s,Seconds since midnight UTC on flight start day,Start time of 100 m altitude bin in UTC_seconds_since_midnight
28
1.0,1.0,1.0,1.0,1.0,1.0,1.0,1.0,1.0,1.0,1.0,1.0,1.0,1.0,1.0,1.0,1.0,1.0,1.0,1.0,1.0,1.0,1.0,1.0,1.0,1.0,1.0,1.0
99999,99999,99999,99999,99999,99999,99999,99999,99999,99999,99999,99999,99999,99999,99999,99999,99999,99999,99999,99999,99999,99999,99999,99999,99999,99999,99999,99999
TIME_STOP,s,End time of 100 m altitude bin in UTC seconds since midnight,
TIME_MID,s,Mid time of 100 m altitude in UTC seconds since midnight,
GPSAlt,m,GPS reported altitude above sea level (m),
GPS_Lon,deg,GPS reported longitude,
GPS_Lat,deg,GPS reported latitude,
iMet_Pressure,mb,Pressure reported (mB),
iMet_Temperature,degrees C,Ambient temperature (oC),
THETA,K,Potential temperature from iMet,
Aerosol_concentration,cm^-3,Aerosol concentration,
Surface_Area_Conc,um^2 cm^-3,Surface area concentration,
Volume_density,um^3 cm^-3,Volume density,
Effective_radius,um,Effective radius,
Extinction,km^-1,Extinction,
Bin01,cm^-3,particle concentration in size range [140 - 170 nm],
Bin02,cm^-3,particle concentration in size range [170 - 205 nm],
Bin03,cm^-3,particle concentration in size range [205 - 249 nm],
Bin04,cm^-3,particle concentration in size range [249 - 302 nm],
Bin05,cm^-3,particle concentration in size range [302 - 366 nm],
Bin06,cm^-3,particle concentration in size range [366 - 443 nm],
Bin07,cm^-3,particle concentration in size range [443 - 537 nm],
Bin08,cm^-3,particle concentration in size range [537 - 651 nm],
Bin09,cm^-3,particle concentration in size range [651 - 789 nm],
Bin10,cm^-3,particle concentration in size range [789 - 956 nm],
Bin11,cm^-3,particle concentration in size range [956 - 1159 nm],
Bin12,cm^-3,particle concentration in size range [1159 - 1404 nm],
Bin13,cm^-3,particle concentration in size range [1404 - 1702 nm],
Bin14,cm^-3,particle concentration in size range [1702 - 2062 nm],
Bin15,cm^-3,particle concentration in size range [2062 - 2500 nm],
0
19
PI_CONTACT_INFO: 325 Broadway R/CSL6, Boulder, CO 80305; troy.thornberry@noaa.gov; 303-497-3373 
PLATFORM: GML ECC/FPH balloon
LOCATION: Lauder, NZ
ASSOCIATED_DATA: N/A
INSTRUMENT_INFO: Printed Optical Particle Spectrometer counts particles from 140 - 2500 nm in diameter 
DATA_INFO: Particle concentrations reported in number per cubic centimeter, binned to 100 m altitude
UNCERTAINTY: Counting uncertainty dominated by air flow, less than 5 percent
ULOD_FLAG: -77777
ULOD_VALUE: 3000 ~3000 per cm3 (varies depending on flow rate- manufacturer quotes 1250  per cm3 at 1.667 cc/s)
LLOD_FLAG: -88888
LLOD_VALUE: 0 0 (varies depending on data field and measurement precision)
DM_CONTACT_INFO: Troy Thornberry, 325 Broadway R/CSL6, Boulder, CO 80305; troy.thornberry@noaa.gov; 303-497-3373
PROJECT_INFO: B2SAP Lauder, NZ
STIPULATIONS_ON_USE: Please contact the PIs for questions regarding applications and uncertainties
OTHER_COMMENTS: POPS bin Edges (nm):  140, 170, 205, 249, 302, 366, 443, 537, 651, 789, 956, 1159, 1404, 1702, 2062, 2500
Calculations assume sulfate refractive index of 1.45+0.00j and extinction wavelength = 532 nm
REVISION: R0
R0: QA/QC data
TIME_START,TIME_STOP,TIME_MID,GPSAlt,GPS_Lon,GPS_Lat,iMet_Pressure,iMet_Temperature,THETA,Aerosol_concentration,Surface_Area_Conc,Volume_density,Effective_radius,Extinction,Bin01,Bin02,Bin03,Bin04,Bin05,Bin06,Bin07,Bin08,Bin09,Bin10,Bin11,Bin12,Bin13,Bin14,Bin15
[from data line 313]
91810,91831,91820,18.2,171.068,-44.6539,71.4864,-53.4595,466.854,8.72133,2.72632,198.997,0.218973,0.00141254,1.48659,1.63525,1.21405,1.41226,1.15211,0.619412,0.644189,0.371647,0.161047,0.0123882,0.0123882,0,0,0,0
91832,91855,91844,18.1,171.075,-44.6528,72.6475,-53.3167,465.007,9.48616,2.78488,197.35,0.212594,0.00141125,1.79434,1.7316,1.59357,1.43045,1.10421,0.765418,0.46427,0.426626,0.125478,0.0501913,0,0,0,0,0
91856,91881,91868,18,171.082,-44.6517,73.8154,-53.1308,463.285,8.75136,2.15309,133.986,0.186689,0.000898617,1.9075,1.60692,1.53756,1.30635,1.17918,0.60115,0.323696,0.19653,0.0809241,0.0115606,0,0,0,0,0
91882,91906,91894,17.9,171.089,-44.6508,75.0096,-53.3256,460.764,8.70747,2.32442,147.977,0.190986,0.00103015,1.55362,1.69814,1.44522,1.34888,1.13209,0.734655,0.481741,0.216783,0.0963482,0,0,0,0,0,0
91907,91932,91920,17.8,171.095,-44.6501,76.1653,-53.9158,457.513,8.97356,2.32655,150.022,0.193447,0.0010204,1.90589,1.76295,1.36589,1.28647,1.14353,0.810003,0.365295,0.254118,0.0476472,0.0317648,0,0,0,0,0
91933,91958,91946,17.7,171.102,-44.6494,77.535,-54.1621,454.687,9.09854,2.44053,168.288,0.206867,0.00107657,1.87133,1.82831,1.41963,1.31208,1.09699,0.774344,0.430191,0.301134,0.0215096,0.0215096,0.0215096,0,0,0,0
91961,91984,91972,17.6,171.108,-44.6487,78.6946,-54.2185,452.641,8.45666,2.14914,135.827,0.189603,0.000934711,1.9156,1.33157,1.54182,1.44838,0.840994,0.654106,0.467219,0.140166,0.116805,0,0,0,0,0,0
91985,92009,91997,17.5,171.114,-44.6478,80.0274,-54.0016,450.919,9.11364,2.23819,144.176,0.193249,0.000890937,1.85766,1.93705,1.4766,1.44485,1.09554,0.666852,0.412813,0.142897,0.0635097,0,0,0.0158774,0,0,0
92010,92034,92022,17.4,171.12,-44.6469,81.3863,-53.8363,449.102,8.59327,2.02421,121.356,0.179856,0.000804871,2.11258,1.76313,1.22307,1.17542,1.0007,0.841855,0.238261,0.174725,0.0635362,0,0,0,0,0,0
92035,92058,92046,17.3,171.125,-44.6462,82.6042,-53.7112,447.443,9.7548,2.57716,178.16,0.207391,0.00109763,2.03121,1.98105,1.3416,1.51714,1.32906,0.827528,0.376149,0.238228,0.0877682,0,0.0125383,0,0.0125383,0,0
92059,92081,92070,17.2,171.13,-44.6454,83.806,-53.5627,445.909,9.54271,2.50008,156.242,0.187484,0.00107199,1.66396,1.62386,1.64391,1.90453,1.24296,0.621479,0.481145,0.280668,0.0801908,0,0,0,0,0,0
92082,92106,92094,17.1,171.136,-44.6445,85.2688,-53.596,443.642,9.3236,2.3775,147.342,0.185921,0.000970795,1.68426,1.68426,1.49178,1.73238,1.32335,0.769949,0.421066,0.120304,0.0721827,0.0240609,0,0,0,0,0
92107,92123,92115,17,171.14,-44.6438,86.437,-53.619,441.869,9.46593,2.37975,137.629,0.1735,0.000896947,1.56761,1.56761,1.77863,1.47717,1.53746,0.964681,0.391902,0.180878,0,0,0,0,0,0,0
92140,92153,92146,16.9,171.149,-44.6429,88.225,-53.855,438.83,9.63573,2.02034,112.226,0.166644,0.000651186,2.10782,1.50558,1.8067,2.71005,0.602233,0.752791,0,0,0.150558,0,0,0,0,0,0
92172,92177,92174,16.8,171.156,-44.6419,89.87,-54.105,436.01,7.82476,1.73387,106.428,0.184145,0.000693107,1.65524,1.35428,2.10667,1.35428,0.752381,0.150476,0.150476,0.150476,0.150476,0,0,0,0,0,0
92216,92232,92224,16.6,171.169,-44.6402,92.4983,-53.885,432.875,9.16911,1.93442,109.54,0.16988,0.000696916,2.06557,2.61975,1.41063,1.10835,0.806076,0.705316,0.302278,0.100759,0.0503797,0,0,0,0,0,0
92233,92258,92246,16.5,171.175,-44.6395,93.7763,-53.885,431.175,9.49162,2.22436,140.631,0.189669,0.000835705,2.12808,1.75143,1.71377,1.43128,1.43128,0.546145,0.263656,0.131828,0.0753303,0,0.0188326,0,0,0,0
92262,92285,92274,16.4,171.182,-44.6388,95.3169,-54.1287,428.703,9.73003,2.32999,140.677,0.181131,0.000916442,2.10379,1.95352,1.40879,1.59663,1.33365,0.751354,0.356893,0.150271,0.0563515,0.0187838,0,0,0,0,0
92288,92313,92300,16.3,171.188,-44.6379,96.7965,-53.8953,427.271,9.28518,2.25821,142.224,0.188943,0.000827164,1.99229,1.49879,1.59018,1.59018,1.33429,0.749394,0.420392,0.0731116,0,0.0182779,0,0.0182779,0,0,0
92315,92337,92326,16.2,171.195,-44.6366,98.3969,-53.8208,425.418,10.4326,2.71125,165.638,0.183279,0.00110972,1.76912,1.87318,1.79513,1.587,1.69107,1.01464,0.442279,0.156099,0.104066,0,0,0,0,0,0
92341,92366,92354,16.1,171.203,-44.6356,99.9489,-53.6905,423.778,10.0987,2.44765,155.197,0.19022,0.000955506,2.22242,1.97351,1.60014,1.58236,1.31567,0.746733,0.462263,0.106676,0.0711175,0,0.0177794,0,0,0,0
92368,92390,92379,16,171.209,-44.6346,101.42,-53.7621,421.864,10.1965,2.23654,124.487,0.166981,0.000781749,2.48284,2.07305,1.51863,1.47042,1.42221,0.747262,0.337473,0.120526,0.0241052,0,0,0,0,0,0
92392,92414,92403,15.9,171.215,-44.6336,103.055,-54.0387,419.418,9.63489,2.24839,144.541,0.19286,0.000843844,2.27898,2.03077,1.48923,1.46667,1.15077,0.631796,0.406155,0.112821,0.0451283,0,0,0.0225641,0,0,0
92419,92441,92430,15.8,171.223,-44.6325,104.81,-54.2742,416.955,8.6437,2.02154,135.824,0.201565,0.000767776,2.09031,1.92082,1.49711,0.932163,1.1299,0.5367,0.423711,0.0564948,0,0.0282474,0.0282474,0,0,0,0
92442,92464,92453,15.7,171.229,-44.6313,106.242,-54.4331,415.03,8.40625,1.66313,88.5904,0.159801,0.000532257,2.29025,2.18614,0.98897,1.06705,1.04102,0.546536,0.208204,0.0520511,0.0260255,0,0,0,0,0,0
92468,92489,92478,15.6,171.235,-44.6298,107.923,-54.3057,413.419,9.53213,2.06816,119.32,0.173081,0.000755805,2.37094,2.22578,1.30643,1.30643,1.25805,0.677411,0.193546,0.0967729,0.0967729,0,0,0,0,0,0
92494,92518,92506,15.5,171.244,-44.6282,109.997,-53.8046,412.116,9.43725,2.00273,111.349,0.166796,0.000690684,2.38524,1.86671,1.71115,1.29633,1.08891,0.700016,0.259265,0.0777795,0.051853,0,0,0,0,0,0
92519,92546,92532,15.4,171.25,-44.627,111.623,-53.5246,410.914,8.90739,1.99579,133.435,0.200575,0.000749067,2.25274,2.0197,1.1911,1.70898,0.906275,0.388404,0.181255,0.181255,0.0258936,0.0258936,0.0258936,0,0,0,0
92547,92575,92561,15.3,171.259,-44.626,113.559,-53.3,409.326,9.48869,2.18092,138.727,0.190829,0.000814831,2.52231,2.01785,1.24914,1.17708,1.36925,0.60055,0.336308,0.192176,0,0,0.024022,0,0,0,0
92576,92602,92589,15.2,171.266,-44.6253,115.214,-53.9592,406.411,8.74266,1.79566,105.092,0.175576,0.000663088,2.89548,1.74291,1.32124,0.927678,0.899566,0.534118,0.224892,0.168669,0,0.0281115,0,0,0,0,0
92613,92632,92622,15.1,171.275,-44.6242,117.562,-54.0717,403.866,9.05712,1.93266,114.737,0.178102,0.000745969,2.49071,2.32089,1.07553,1.24535,0.905712,0.56607,0.226428,0.113214,0.113214,0,0,0,0,0,0
92633,92660,92646,15,171.28,-44.6234,118.784,-53.2718,404.149,7.44385,1.56611,100.065,0.191682,0.000628648,2.31858,1.98299,0.915228,0.640659,0.823705,0.396599,0.213553,0.0610152,0.0305076,0.0610152,0,0,0,0,0
92661,92687,92674,14.9,171.287,-44.6219,120.795,-52.1632,404.239,7.9429,1.42399,75.3507,0.158746,0.000452603,3.08371,1.68203,0.987856,0.787615,0.707519,0.413832,0.21359,0.0266988,0.0400482,0,0,0,0,0,0
92688,92714,92701,14.8,171.295,-44.6201,122.931,-51.3267,403.742,7.16587,1.3817,133.398,0.289638,0.000481262,2.78878,1.82841,1.20047,0.572531,0.406312,0.129281,0.110812,0.073875,0.0184687,0,0,0.0184687,0,0.0184687,0
92715,92740,92728,14.7,171.301,-44.6185,124.692,-52.1613,400.597,7.34979,1.20072,71.8855,0.179606,0.000381645,3.51574,1.7217,0.766808,0.462979,0.405106,0.173617,0.188085,0.0868085,0.0144681,0,0,0.0144681,0,0,0
92741,92767,92754,14.6,171.308,-44.6166,126.686,-51.844,399.35,7.79894,1.21376,68.3822,0.169018,0.000329882,3.37288,1.97307,0.986533,0.573256,0.559924,0.186641,0.0666576,0.0399946,0.0133315,0.0133315,0.0133315,0,0,0,0
92768,92794,92781,14.5,171.315,-44.6149,128.664,-51.7836,397.697,7.2298,1.1804,71.806,0.182496,0.000372159,3.31532,1.651,0.971962,0.519267,0.346178,0.186404,0.133146,0.0532582,0.0266291,0.0133146,0,0.0133146,0,0,0
92795,92823,92809,14.4,171.323,-44.6136,130.788,-51.6028,396.172,7.63991,1.20958,60.0348,0.148898,0.000349443,3.18948,1.96561,0.927174,0.611935,0.445043,0.203978,0.222522,0.0741739,0,0,0,0,0,0,0
92824,92850,92837,14.3,171.33,-44.6124,132.594,-51.5573,394.694,8.41412,1.4244,77.5316,0.163293,0.000481844,3.67548,2.09594,0.759397,0.668269,0.577142,0.273383,0.243007,0.0607518,0.0607518,0,0,0,0,0,0
92854,92871,92862,14.2,171.338,-44.6105,134.877,-51.0086,393.748,7.37385,1.11749,51.5579,0.138411,0.000272807,2.9779,1.74893,1.27624,0.519951,0.378146,0.28361,0.189073,0,0,0,0,0,0,0,0
92899,92904,92902,14.1,171.349,-44.6076,137.498,-51.0375,391.544,7.589,1.17143,55.705,0.142659,0.000302824,2.96961,1.89725,1.31983,0.412446,0.577424,0.247467,0.0824892,0.0824892,0,0,0,0,0,0,0
92909,92937,92923,14,171.356,-44.6058,139.353,-51.0108,390.086,9.44811,1.62137,93.4582,0.172925,0.00054934,3.75893,2.61601,0.965129,0.787342,0.711148,0.27938,0.203185,0.0507963,0.0253981,0.0507963,0,0,0,0,0
92944,92967,92956,13.9,171.364,-44.6037,141.59,-50.88,388.546,9.24155,1.4729,75.0799,0.152923,0.000434653,3.91779,2.36963,1.10583,0.679294,0.473926,0.458128,0.142178,0.0473926,0.0473926,0,0,0,0,0,0
92968,92998,92983,13.8,171.372,-44.6023,143.501,-51.7492,385.553,9.79415,1.57388,81.5947,0.15553,0.000463454,3.99218,2.39531,1.2908,1.01135,0.505676,0.319374,0.172994,0.0532291,0.0399218,0.0133073,0,0,0,0,0
92999,93022,93010,13.7,171.38,-44.6016,145.577,-52.1585,383.259,9.8403,1.53608,80.9679,0.158133,0.000484886,4.42175,2.6326,1.02237,0.613422,0.587862,0.230033,0.178915,0.0766777,0.0766777,0,0,0,0,0,0
93050,93059,93054,13.6,171.394,-44.5999,148.829,-52.165,380.836,10.9441,1.55584,67.5122,0.130179,0.000325205,4.31132,3.36378,1.23181,0.758035,0.805412,0.33164,0.142131,0,0,0,0,0,0,0,0
93062,93090,93076,13.5,171.4,-44.5989,150.679,-52.5405,378.855,11.8223,2.11273,126.879,0.180164,0.000689874,4.75938,2.77948,1.46589,1.02803,0.875727,0.494976,0.22845,0.133263,0.0190375,0.0190375,0,0.0190375,0,0,0
93091,93119,93105,13.4,171.408,-44.5974,152.801,-52.8756,376.766,11.1304,1.81642,88.4609,0.146102,0.000489948,4.48329,2.50329,1.31529,1.13143,1.00414,0.424286,0.198,0.0565715,0.0141429,0,0,0,0,0,0
93120,93144,93132,13.3,171.416,-44.5961,155.018,-53.0139,374.98,11.5096,1.97268,100.75,0.153218,0.000594399,4.42169,2.79875,1.35797,1.1758,0.79491,0.52994,0.347773,0.0662425,0.0165606,0,0,0,0,0,0
93150,93178,93164,13.2,171.424,-44.595,157.604,-53.7955,371.893,11.9125,1.8679,87.4913,0.140518,0.000454665,4.50414,2.83465,1.66949,1.37385,0.973868,0.3652,0.104343,0.069562,0.0173905,0,0,0,0,0,0
93181,93206,93194,13.1,171.431,-44.5938,160.16,-54.6053,368.82,11.5294,1.95841,95.5608,0.146386,0.000532164,4.30431,2.4596,1.61412,1.20418,1.15294,0.486797,0.256209,0.0512418,0,0,0,0,0,0,0
93208,93234,93221,13,171.438,-44.5924,162.579,-53.7253,368.716,10.8776,1.82385,93.6419,0.154029,0.000543288,4.4476,2.33817,1.29616,1.1945,0.94035,0.330393,0.203319,0.0762446,0.0508297,0,0,0,0,0,0
93235,93266,93250,12.9,171.445,-44.5905,165.144,-53.1715,368.001,10.7651,2.06694,134.75,0.195579,0.000676008,3.68586,2.72052,1.5504,0.936092,1.0531,0.351035,0.321782,0.0877586,0.0292529,0,0,0,0.0292529,0,0
93268,93292,93280,12.8,171.453,-44.5882,167.979,-52.3225,367.635,10.3847,1.99733,136.555,0.205107,0.000676007,4.17285,2.22868,1.32773,0.948375,0.853538,0.521606,0.142256,0.0948375,0.0474188,0,0.0474188,0,0,0,0
93295,93327,93311,12.7,171.462,-44.5862,170.57,-51.979,366.592,10.0013,2.08222,159.013,0.2291,0.000714945,3.4344,2.30218,1.58511,0.943517,0.943517,0.490629,0.150963,0,0.0754814,0,0.0754814,0,0,0,0
93330,93355,93342,12.6,171.47,-44.5841,173.378,-51.6533,365.424,12.1221,2.30115,129.284,0.168547,0.000828208,4.27099,2.63796,1.75864,1.50741,1.00494,0.188426,0.502469,0.188426,0.0628086,0,0,0,0,0,0
93356,93382,93369,12.5,171.476,-44.5827,175.516,-53.1214,361.737,11.9665,1.93124,88.112,0.136873,0.000438596,4.31669,2.73208,1.58461,1.25676,1.52997,0.491775,0,0.0546417,0,0,0,0,0,0,0
93387,93417,93402,12.4,171.485,-44.5805,178.595,-53.231,359.765,11.4548,2.21948,127.745,0.172668,0.00080525,3.9578,2.77807,1.33195,1.21778,1.10362,0.646948,0.190279,0.0761115,0.152223,0,0,0,0,0,0
93420,93451,93436,12.3,171.494,-44.5786,181.597,-52.8691,358.638,13.5958,2.51674,137.102,0.163428,0.000802892,4.6811,2.85685,1.96193,1.89309,1.0326,0.688397,0.378618,0.0344199,0.0344199,0.0344199,0,0,0,0,0
93457,93485,93471,12.2,171.504,-44.5765,184.791,-52.805,356.965,13.4336,2.59358,144.287,0.166898,0.000886201,4.49883,3.11458,1.76178,1.54156,1.13257,0.723589,0.534826,0.0943811,0,0.0314604,0,0,0,0,0
93488,93518,93503,12.1,171.512,-44.5751,187.469,-54.226,353.212,13.1725,2.56219,151.052,0.176863,0.000808997,4.17973,3.16646,1.5959,1.77322,1.29192,0.683956,0.30398,0.15199,0,0,0,0.0253317,0,0,0
93522,93552,93537,12,171.52,-44.5726,190.456,-55.1218,350.175,12.5168,2.32167,126.666,0.163674,0.000748719,4.51685,2.49438,1.66292,1.59551,1.2809,0.584269,0.202247,0.11236,0.0449438,0.0224719,0,0,0,0,0
93556,93586,93571,11.9,171.527,-44.5696,193.409,-55.4,348.193,12.5725,2.15548,110.301,0.153517,0.000638132,4.57356,3.04266,1.62658,1.41608,1.09076,0.459269,0.191362,0.133954,0.0382724,0,0,0,0,0,0
93587,93617,93602,11.8,171.534,-44.5662,196.624,-55.75,346.005,12.9675,2.29767,115.932,0.151369,0.000664181,4.31504,3.10772,1.96748,1.20732,1.36382,0.648374,0.268293,0.0670732,0.0223577,0,0,0,0,0,0
93620,93646,93633,11.7,171.54,-44.5634,199.628,-57.1927,342.227,12.3363,2.09926,104.541,0.149397,0.000601459,4.72279,2.80925,1.42498,1.38427,1.1807,0.366423,0.366423,0.0814274,0,0,0,0,0,0,0
93650,93677,93664,11.6,171.546,-44.56,202.701,-56.6767,341.539,12.2077,2.1921,122.132,0.167144,0.000698295,4.7336,2.14258,1.94327,1.34534,1.29551,0.448447,0.149482,0.0498274,0.0498274,0.0498274,0,0,0,0,0
93682,93718,93700,11.5,171.554,-44.5546,206.833,-57.8854,337.684,9.84045,1.62104,80.91,0.149737,0.000457405,3.77679,2.18292,1.80177,0.65834,0.69299,0.485093,0.173247,0.0346495,0.0346495,0,0,0,0,0,0
93719,93751,93735,11.4,171.561,-44.5506,209.738,-58.0965,336.014,10.0756,1.70065,91.1315,0.160759,0.0005657,4.16206,2.54926,1.17925,0.867095,0.572283,0.260129,0.312154,0.138735,0.0346838,0,0,0,0,0,0
93756,93790,93773,11.3,171.569,-44.5461,213.334,-58.7612,333.351,10.4191,2.00578,133.823,0.200156,0.00072152,3.87158,2.96062,1.11023,0.79709,0.654752,0.597817,0.22774,0.11387,0.0284675,0.0284675,0,0.0284675,0,0,0
93793,93826,93810,11.2,171.575,-44.5425,216.565,-58.9931,331.558,11.4637,1.88983,102.987,0.163486,0.000576677,4.78362,2.54749,1.69833,0.905775,0.849164,0.339666,0.254749,0.0283055,0,0.0566109,0,0,0,0,0
93827,93856,93842,11.1,171.58,-44.5392,220.007,-58.6635,330.581,11.0122,2.06686,144.944,0.210383,0.000733706,4.56554,2.62568,1.43041,0.842568,0.705406,0.411487,0.25473,0.0391892,0.0587838,0.0391892,0,0.0391892,0,0,0
93858,93891,93874,11,171.584,-44.5355,223.853,-58.475,329.24,10.6078,1.6744,82.1402,0.147169,0.000468993,4.2104,2.98407,1.22633,0.837992,0.654043,0.34746,0.245266,0.102194,0,0,0,0,0,0,0
93893,93926,93910,10.9,171.587,-44.5324,227.115,-58.4213,327.962,8.8162,1.29318,59.6045,0.138275,0.00030427,3.53252,2.32482,1.41905,0.634042,0.422694,0.362309,0.0905774,0,0.0301925,0,0,0,0,0,0
93930,93945,93938,10.8,171.59,-44.5291,230.343,-58.0333,327.225,9.05118,1.41968,69.2416,0.146318,0.000399257,4.07303,2.5645,0.452559,0.603412,0.603412,0.452559,0.301706,0,0,0,0,0,0,0,0
93958,93980,93969,10.7,171.593,-44.5256,233.873,-57.4233,326.734,7.05356,0.787885,27.7843,0.105793,8.9632e-05,3.90197,1.20061,1.35068,0.150076,0.450227,0,0,0,0,0,0,0,0,0,0
93993,94034,94014,10.6,171.595,-44.5212,238.713,-56.56,326.136,7.98236,1.46603,86.2633,0.176525,0.000556852,3.32598,1.99559,0.554331,0.886929,0.554331,0.332598,0.110866,0.110866,0.110866,0,0,0,0,0,0
94040,94041,94040,10.5,171.596,-44.5187,241.255,-56.2,325.689,7.52639,1.05488,46.5966,0.132517,0.000238178,3.0991,2.21364,1.10682,0.221364,0.664093,0,0.221364,0,0,0,0,0,0,0,0
94322,94322,94322,9.7,171.596,-44.4729,275.87,-52.2,319.215,2.59018,0.338746,11.7998,0.104502,3.02535e-05,0.431696,0.431696,1.72679,0,0,0,0,0,0,0,0,0,0,0,0
94339,94339,94339,9.6,171.596,-44.4675,277.74,-51.72,319.293,1.33684,0.093867,2.33885,0.07475,2.60556e-06,1.33684,0,0,0,0,0,0,0,0,0,0,0,0,0,0
94409,94409,94409,9.4,171.596,-44.4564,285.61,-50.82,318.048,0.858034,0.35704,27.585,0.23178,0.000238079,0.429017,0,0,0,0,0,0.429017,0,0,0,0,0,0,0,0
