api/src/app/data/B2SAP/Locations/Lauder/NOAA-POPS-B2SAP_GMLBalloon_20220525_R0.ict
61,1001
Thornberry, T. D.
NOAA Chemical Sciences Laboratory
Portable Optical Particle Spectrometer (POPS)
Balloon Baseline Stratospheric Aerosol Profiles (B2SAP)
1,1
2022,05,25,2024,05,28
0
TIME_START,s,Seconds since midnight UTC on flight start day,Start time of 100 m altitude bin in UTC_seconds_since_midnight
28
1.0,1.0,1.0,1.0,1.0,1.0,1.0,1.0,1.0,1.0,1.0,1.0,1.0,1.0,1.0,1.0,1.0,1.0,1.0,1.0,1.0,1.0,1.0,1.0,1.0,1.0,1.0,1.0
99999,99999,99999,99999,99999,99999,99999,99999,99999,99999,99999,99999,99999,99999,99999,99999,99999,99999,99999,99999,99999,99999,99999,99999,99999,99999,99999,99999
TIME_STOP,s,End time of 100 m altitude bin in UTC seconds since midnight,
TIME_MID,s,Mid time of 100 m altitude in UTC seconds since midnight,
GPSAlt,m,GPS reported altitude above sea level (m),
GPS_Lon,deg,GPS reported longitude,
GPS_Lat,deg,GPS reported latitude,
iMet_Pressure,mb,Pressure reported (mB),
iMet_Temperature,degrees C,Ambient temperature (oC),
THETA,K,Potential temperature from iMet,
Aerosol_concentration,cm^-3,Aerosol concentration,
Surface_Area_Conc,um^2 cm^-3,Surface area concentration,
Volume_density,um^3 cm^-3,Volume density,
Effective_radius,um,Effective radius,
Extinction,km^-1,Extinction,
Bin01,cm^-3,particle concentration in size range [140 - 170 nm],
Bin02,cm^-3,particle concentration in size range [170 - 205 nm],
Bin03,cm^-3,particle concentration in size range [205 - 249 nm],
Bin04,cm^-3,particle concentration in size range [249 - 302 nm],
Bin05,cm^-3,particle concentration in size range [302 - 366 nm],
Bin06,cm^-3,particle concentration in size range [366 - 443 nm],
Bin07,cm^-3,particle concentration in size range [443 - 537 nm],
Bin08,cm^-3,particle concentration in size range [537 - 651 nm],
Bin09,cm^-3,particle concentration in size range [651 - 789 nm],
Bin10,cm^-3,particle concentration in size range [789 - 956 nm],
Bin11,cm^-3,particle concentration in size range [956 - 1159 nm],
Bin12,cm^-3,particle concentration in size range [1159 - 1404 nm],
Bin13,cm^-3,particle concentration in size range [1404 - 1702 nm],
Bin14,cm^-3,particle concentration in size range [1702 - 2062 nm],
Bin15,cm^-3,particle concentration in size range [2062 - 2500 nm],
0
19
PI_CONTACT_INFO: 325 Broadway R/CSL6, Boulder, CO 80305; troy.thornberry@noaa.gov; 303-497-3373 
PLATFORM: GML ECC/FPH balloon
LOCATION: Lauder, NZ
ASSOCIATED_DATA: N/A
INSTRUMENT_INFO: Printed Optical Particle Spectrometer counts particles from 140 - 2500 nm in diameter 
DATA_INFO: Particle concentrations reported in number per cubic centimeter, binned to 100 m altitude
UNCERTAINTY: Counting uncertainty dominated by air flow, less than 5 percent
ULOD_FLAG: -77777
ULOD_VALUE: 3000 ~3000 per cm3 (varies depending on flow rate- manufacturer quotes 1250  per cm3 at 1.667 cc/s)
LLOD_FLAG: -88888
LLOD_VALUE: 0 0 (varies depending on data field and measurement precision)
DM_CONTACT_INFO: Troy Thornberry, 325 Broadway R/CSL6, Boulder, CO 80305; troy.thornberry@noaa.gov; 303-497-3373
PROJECT_INFO: B2SAP Lauder, NZ
STIPULATIONS_ON_USE: Please contact the PIs for questions regarding applications and uncertainties
OTHER_COMMENTS: POPS bin Edges (nm):  140, 170, 205, 249, 302, 366, 443, 537, 651, 789, 956, 1159, 1404, 1702, 2062, 2500
Calculations assume sulfate refractive index of 1.45+0.00j and extinction wavelength = 532 nm
REVISION: R0
R0: QA/QC data
TIME_START,TIME_STOP,TIME_MID,GPSAlt,GPS_Lon,GPS_Lat,iMet_Pressure,iMet_Temperature,THETA,Aerosol_concentration,Surface_Area_Conc,Volume_density,Effective_radius,Extinction,Bin01,Bin02,Bin03,Bin04,Bin05,Bin06,Bin07,Bin08,Bin09,Bin10,Bin11,Bin12,Bin13,Bin14,Bin15
[from data line 82]
85999,86017,86008,8.6,169.651,-44.8977,327.791,-46.6615,311.489,3.9325,0.470754,18.0616,0.115102,7.13634e-05,1.94973,0.958341,0.561786,0.231324,0.165231,0.0330462,0.0330462,0,0,0,0,0,0,0,0
86018,86032,86025,8.7,169.65,-44.8955,323.366,-47.5193,311.525,3.8097,0.576648,34.4867,0.179416,0.000187926,1.56689,1.25966,0.430127,0.307234,0.122894,0.0614468,0,0,0.0307234,0.0307234,0,0,0,0,0
86033,86049,86041,8.8,169.649,-44.8928,318.585,-48.3362,311.718,4.15294,0.62724,33.6577,0.16098,0.000172799,1.53003,1.42074,0.546439,0.245898,0.218576,0.13661,0.027322,0,0,0.027322,0,0,0,0,0
86050,86069,86060,8.9,169.648,-44.8902,313.366,-49.1711,312.026,3.95222,0.700979,44.2736,0.189479,0.000274015,1.72335,0.942098,0.45956,0.367648,0.206802,0.11489,0.022978,0.045956,0.045956,0.022978,0,0,0,0,0
86071,86092,86082,9,169.647,-44.8874,308.541,-49.9237,312.356,4.85414,0.788175,41.8267,0.159203,0.000222333,1.6794,1.40333,0.713168,0.437103,0.414098,0.138033,0,0.0460108,0,0.0230054,0,0,0,0,0
86094,86109,86102,9.1,169.647,-44.8848,304.425,-50.6809,312.501,6.71993,1.04993,55.6944,0.159138,0.000330195,2.94246,1.70981,0.874784,0.397629,0.516918,0.0397629,0.159052,0,0.0795259,0,0,0,0,0,0
86114,86119,86116,9.2,169.647,-44.8828,300.144,-51.26,312.952,7.9862,1.06303,41.5708,0.117318,0.000158053,2.98385,2.01849,1.57969,0.877604,0.351042,0.175521,0,0,0,0,0,0,0,0,0
86129,86145,86137,9.3,169.646,-44.88,294.549,-52.109,313.431,7.25501,1.0805,53.6187,0.148872,0.000315169,3.53794,1.92571,0.44784,0.626976,0.22392,0.22392,0.179136,0.0895681,0,0,0,0,0,0,0
86147,86165,86156,9.4,169.646,-44.8777,290.466,-52.73,313.796,6.77926,1.12286,56.5535,0.151096,0.00033196,2.66776,1.63204,0.878793,0.753251,0.34524,0.219698,0.219698,0.0627709,0,0,0,0,0,0,0
86167,86188,86178,9.5,169.645,-44.8751,286.271,-53.035,314.669,5.06518,0.916031,53.7684,0.176092,0.000308732,1.7251,1.24794,0.807492,0.477154,0.587267,0.0734084,0.0367042,0.0734084,0,0.0367042,0,0,0,0,0
86190,86209,86200,9.6,169.643,-44.8719,281.48,-53.3233,315.783,1.07576,0.140395,5.68576,0.121495,2.43392e-05,0.391184,0.440082,0.097796,0.048898,0.048898,0.048898,0,0,0,0,0,0,0,0,0
86211,86226,86218,9.7,169.642,-44.8694,276.903,-53.7525,316.642,2.49188,0.298733,12.1944,0.122461,5.67594e-05,1.43975,0.498376,0.276876,0.11075,0.11075,0,0.0553752,0,0,0,0,0,0,0,0
86235,86245,86240,9.8,169.64,-44.8669,271.873,-54.3271,317.466,7.39724,1.30739,71.6954,0.164515,0.000448167,2.21285,2.71864,0.948364,0.505794,0.316121,0.316121,0.316121,0,0.0632243,0,0,0,0,0,0
86247,86264,86256,9.9,169.64,-44.8651,269.09,-54.774,317.752,9.31141,1.33074,60.349,0.13605,0.000317145,4.25664,2.39436,1.3302,0.17736,0.53208,0.4434,0.17736,0,0,0,0,0,0,0,0
86268,86282,86275,10,169.639,-44.8624,264.47,-55.65,318.055,9.421,1.26551,53.0838,0.12584,0.000243765,3.60648,3.16487,1.17762,0.809617,0.294406,0.220805,0.147203,0,0,0,0,0,0,0,0
86286,86302,86294,10.1,169.638,-44.8598,260.109,-56.3391,318.553,9.67318,1.47403,68.101,0.138602,0.0003568,3.77985,2.39797,1.74767,0.487723,0.650298,0.44708,0.121931,0.0406436,0,0,0,0,0,0,0
86303,86322,86312,10.2,169.636,-44.8577,255.921,-56.9457,319.135,8.77834,1.36174,67.1737,0.147988,0.0003745,3.46007,2.49894,1.08928,0.768905,0.384453,0.384453,0.0961132,0.0640754,0.0320377,0,0,0,0,0,0
86323,86340,86332,10.3,169.636,-44.8555,252.179,-57.005,320.393,8.46423,1.20639,53.3223,0.132599,0.00026249,3.48964,2.15318,1.4107,0.556857,0.445486,0.29699,0.0742476,0.0371238,0,0,0,0,0,0,0
86344,86352,86348,10.4,169.636,-44.8539,248.15,-56.9686,321.932,9.61105,1.35052,61.7204,0.137103,0.000324651,4.5191,2.67327,0.700143,0.763792,0.445545,0.318247,0.127299,0.0636493,0,0,0,0,0,0,0
86356,86368,86362,10.5,169.637,-44.8527,244.507,-57.37,322.692,9.72655,1.38763,61.707,0.133408,0.000311691,4.16049,2.58625,1.40557,0.506005,0.506005,0.39356,0.168668,0,0,0,0,0,0,0,0
86371,86385,86378,10.6,169.638,-44.8509,240.734,-58.1336,322.978,10.0668,1.41372,64.407,0.136676,0.000333728,4.18098,3.12559,1.05539,0.81184,0.527696,0.162368,0.081184,0.121776,0,0,0,0,0,0,0
86387,86400,86394,10.7,169.639,-44.8494,237.044,-58.7857,323.421,8.804,1.2039,54.345,0.135422,0.000278866,4.04856,2.31346,1.25312,0.481971,0.257051,0.321314,0.0321314,0.0963942,0,0,0,0,0,0,0
86401,86418,86410,10.8,169.641,-44.8479,233.252,-59.6357,323.636,8.56703,1.21345,60.5071,0.149591,0.000307969,4.00873,2.10135,1.00218,0.775882,0.387941,0.129314,0.0969853,0.0323284,0,0.0323284,0,0,0,0,0
86419,86434,86426,10.9,169.643,-44.8462,229.183,-60.3344,324.199,7.11493,0.895282,44.2187,0.148172,0.000223504,3.99683,1.8992,0.510234,0.283463,0.170078,0.141732,0.0566927,0.0283463,0,0.0283463,0,0,0,0,0
86435,86453,86444,11,169.645,-44.8446,225.664,-61.0747,324.498,6.26941,0.645161,22.199,0.103225,7.11783e-05,3.67106,1.6925,0.476761,0.190704,0.143028,0.0953522,0,0,0,0,0,0,0,0,0
86454,86472,86463,11.1,169.647,-44.8426,221.716,-61.6667,325.231,6.45713,0.936353,76.0068,0.24352,0.000249608,3.76242,1.65242,0.584701,0.127109,0.177952,0.0508435,0.0254218,0,0.0254218,0,0.0254218,0.0254218,0,0,0
86473,86486,86480,11.2,169.648,-44.8405,218.896,-61.7654,326.276,7.19384,0.847114,37.5641,0.133031,0.000191244,4.38649,1.68441,0.491287,0.280735,0.105276,0.105276,0.105276,0,0.0350919,0,0,0,0,0,0
86488,86503,86496,11.3,169.65,-44.839,214.847,-61.8515,327.883,7.45834,0.80778,31.2615,0.116102,0.000133179,4.48201,1.96088,0.490219,0.24511,0.0700314,0.140063,0.0350157,0.0350157,0,0,0,0,0,0,0
86504,86521,86512,11.4,169.652,-44.8375,211.708,-61.3787,329.998,9.89057,1.15765,45.3797,0.1176,0.000191518,5.10115,2.80563,1.04857,0.311737,0.396756,0.141699,0.0566795,0.0283397,0,0,0,0,0,0,0
86522,86541,86532,11.5,169.655,-44.8361,208.022,-60.776,332.606,9.92629,1.18993,47.556,0.119896,0.000207639,5.13273,2.6455,1.08534,0.407001,0.407001,0.135667,0.0904446,0.0226111,0,0,0,0,0,0,0
86542,86556,86549,11.6,169.659,-44.8352,204.871,-59.7793,335.631,7.90568,1.24325,69.943,0.168774,0.0004121,3.80881,1.82439,1.08823,0.352075,0.256054,0.320068,0.160034,0.0320068,0.0320068,0.0320068,0,0,0,0,0
86557,86574,86566,11.7,169.663,-44.8345,201.484,-59.0411,338.395,9.62858,1.49152,75.6659,0.152192,0.00041312,4.53847,2.00595,1.10328,0.777308,0.551638,0.45134,0.150447,0.0250744,0,0.0250744,0,0,0,0,0
86576,86591,86584,11.8,169.666,-44.8335,198.262,-58.3937,340.981,12.559,2.43444,132.57,0.163369,0.00082331,4.11596,2.98143,1.50391,1.42476,1.26645,0.738762,0.316612,0.184691,0.0263844,0,0,0,0,0,0
86593,86611,86602,11.9,169.67,-44.8324,195.217,-58.6694,342.06,12.7388,2.58388,173.723,0.201701,0.00091157,4.31029,3.05134,1.62169,1.40831,1.21627,0.725495,0.149367,0.10669,0.0853523,0.0213381,0.0213381,0.0213381,0,0,0
86612,86630,86621,12,169.673,-44.8306,192.068,-59.2963,342.648,12.7965,2.49166,143.738,0.173063,0.000883553,4.13053,3.07765,1.76155,1.49833,1.19461,0.587183,0.303715,0.161982,0.0404954,0.0404954,0,0,0,0,0
86631,86652,86642,12.1,169.677,-44.8288,188.79,-58.8448,345.062,13.3896,2.68787,159.566,0.178096,0.000925819,4.23883,2.89259,2.25586,1.40081,1.2007,0.782273,0.400233,0.163732,0.0363848,0,0,0.0181924,0,0,0
86653,86669,86661,12.2,169.681,-44.8274,185.805,-58.1407,347.772,13.1861,2.5892,164.361,0.190438,0.000866795,4.23478,3.24582,1.85113,1.36933,1.52148,0.405727,0.405727,0.0507159,0.0507159,0.0253579,0,0,0.0253579,0,0
86670,86690,86680,12.3,169.685,-44.8266,182.954,-58.371,348.947,13.2219,2.41095,130.986,0.162989,0.000762886,4.28623,3.17835,2.12495,1.56193,0.980747,0.653832,0.290592,0.0908099,0.018162,0.036324,0,0,0,0,0
86691,86706,86698,12.4,169.688,-44.826,180.13,-57.4747,351.96,13.7574,2.67623,157.052,0.176053,0.000852116,4.46735,3.09669,2.056,1.42143,1.4722,0.65995,0.456888,0.101531,0,0,0,0.0253827,0,0,0
86707,86725,86716,12.5,169.692,-44.8254,177.329,-56.5339,355.077,12.1107,2.15052,109.724,0.153066,0.000643782,4.44411,2.54852,1.60072,1.43222,1.17948,0.463367,0.315932,0.126373,0,0,0,0,0,0,0
86727,86746,86736,12.6,169.697,-44.8246,174.466,-55.7882,357.964,12.3029,2.15895,115.083,0.159914,0.000692869,4.2994,3.48362,1.38904,1.2788,0.881929,0.551206,0.220482,0.132289,0.0661447,0,0,0,0,0,0
86748,86767,86758,12.7,169.702,-44.8238,171.666,-55.0016,360.927,11.9886,2.26634,122.815,0.162573,0.000756003,4.17339,2.57884,1.61423,1.41738,1.1024,0.610259,0.295287,0.157486,0.0393716,0,0,0,0,0,0
86770,86782,86776,12.8,169.706,-44.8231,169.252,-54.979,362.423,12.6194,2.16501,111.427,0.154401,0.00066153,4.58203,3.34263,1.80277,0.901383,0.93894,0.563364,0.413134,0.0375576,0.0375576,0,0,0,0,0,0
86783,86804,86794,12.9,169.71,-44.8219,166.429,-54.6189,364.768,11.3655,1.9843,110.071,0.166412,0.000645947,4.07246,3.07512,1.51678,1.08045,0.831114,0.374001,0.270112,0.0831114,0.0207779,0.0415557,0,0,0,0,0
86805,86828,86816,13,169.716,-44.8204,163.785,-54.4573,366.72,11.9509,2.08381,105.595,0.152023,0.000617225,4.52195,2.58397,1.76798,1.03699,0.985989,0.628993,0.390996,0.0169998,0.0169998,0,0,0,0,0,0
86829,86846,86838,13.1,169.721,-44.819,161.353,-54.9833,367.399,10.992,1.88481,102.151,0.162591,0.000609433,4.58211,2.35365,1.57745,0.876359,0.751165,0.450699,0.22535,0.150233,0,0.0250388,0,0,0,0,0
86848,86868,86858,13.2,169.725,-44.8175,158.732,-55.5206,368.209,10.5174,1.99615,129.511,0.194641,0.000720719,3.86669,2.80611,1.4362,0.795433,0.662861,0.530289,0.198858,0.110477,0.0662861,0.0220954,0,0.0220954,0,0,0
86870,86891,86880,13.3,169.73,-44.8162,156.232,-55.5695,369.811,11.8681,2.25707,137.443,0.182684,0.000846352,4.25601,3.4123,1.14368,0.974944,1.01244,0.562468,0.299983,0.0937446,0.0374978,0.0749957,0,0,0,0,0
86892,86913,86902,13.4,169.735,-44.8153,153.89,-55.8205,370.977,11.5619,1.94133,110.205,0.170304,0.000581155,4.50486,3.11743,1.52446,0.839308,0.82218,0.376832,0.239802,0.0856437,0.0342575,0,0,0.0171287,0,0,0
86914,86934,86924,13.5,169.74,-44.8144,151.354,-56.0579,372.329,11.8189,2.24092,137.863,0.184561,0.000782482,4.02556,3.05387,1.84422,0.971687,0.912196,0.515589,0.297455,0.0991518,0.0594911,0.0198304,0.0198304,0,0,0,0
86936,86956,86946,13.6,169.746,-44.8134,148.829,-56.1535,373.969,11.4152,1.92425,114.091,0.177873,0.000548647,4.82271,2.80956,1.19462,1.01764,0.70792,0.575185,0.17698,0.08849,0,0,0,0,0.0221225,0,0
86957,86975,86966,13.7,169.751,-44.8129,146.592,-55.7439,376.295,12.2121,1.92715,95.1738,0.148158,0.000542315,5.49731,2.67486,1.23597,1.14374,0.977709,0.350499,0.147579,0.184473,0,0,0,0,0,0,0
86976,86996,86986,13.8,169.757,-44.8125,144.502,-55.6606,377.982,10.802,1.73462,93.4433,0.161609,0.000535415,4.91876,2.54618,1.17664,0.732992,0.694413,0.443653,0.154314,0.0964463,0,0.0385785,0,0,0,0,0
86997,87016,87006,13.9,169.763,-44.8124,142.171,-55.1735,380.601,10.7477,2.0805,151.023,0.21777,0.000741428,4.45237,2.51159,1.20687,0.945924,0.880688,0.212018,0.326181,0.114163,0.0326181,0.016309,0.016309,0.016309,0.016309,0,0
87022,87032,87027,14,169.769,-44.8118,139.553,-54.6833,383.484,10.9943,1.95326,107.345,0.16487,0.000682685,3.97119,3.0887,1.43404,0.956027,0.661865,0.257392,0.404473,0.183851,0.0367703,0,0,0,0,0,0
87034,87048,87041,14.1,169.772,-44.811,137.699,-53.95,386.24,8.95977,1.48312,83.4486,0.168796,0.000500738,3.97607,2.06973,1.11657,0.680833,0.599133,0.217867,0.0817,0.1634,0.0272333,0.0272333,0,0,0,0,0
87049,87067,87058,14.2,169.778,-44.8099,135.361,-54.37,387.399,8.54236,1.33841,68.1416,0.152738,0.000384574,3.4213,2.44068,0.937045,0.675544,0.631961,0.283293,0.0217917,0.0653752,0.0653752,0,0,0,0,0,0
87069,87088,87078,14.3,169.783,-44.8089,133.529,-54.3394,388.962,8.61369,1.29649,62.0684,0.143623,0.000343518,3.72649,2.23997,0.997803,0.631263,0.570173,0.223997,0.12218,0.101817,0,0,0,0,0,0,0
87089,87107,87098,14.4,169.789,-44.8076,131.412,-54.4344,390.566,8.57252,1.21784,66.0184,0.162628,0.000254826,3.80546,2.49606,0.920676,0.511487,0.531946,0.225054,0.0613784,0,0,0,0,0.0204595,0,0,0
87108,87129,87118,14.5,169.795,-44.8065,129.435,-54.9685,391.311,8.24172,1.37019,82.9488,0.181615,0.000451826,3.55781,2.17059,1.10978,0.489607,0.342725,0.261124,0.163202,0.0816012,0.0489607,0,0.0163202,0,0,0,0
87130,87149,87140,14.6,169.801,-44.8055,127.332,-55.2988,392.549,8.08181,1.2551,61.1109,0.14607,0.000346705,3.58545,2.05437,0.833376,0.523283,0.46514,0.406998,0.155047,0.0581425,0,0,0,0,0,0,0
87151,87170,87160,14.7,169.806,-44.8044,125.363,-55.0213,394.798,8.405,1.26107,58.9409,0.140217,0.00031975,3.80372,2.06546,0.715754,0.736204,0.654404,0.184051,0.224951,0.0204501,0,0,0,0,0,0,0
87171,87190,87180,14.8,169.812,-44.8032,123.377,-55.2979,396.109,8.02927,1.28689,63.4222,0.14785,0.000363799,3.18759,2.10208,1.03381,0.654747,0.499676,0.275683,0.206762,0.0689208,0,0,0,0,0,0,0
87191,87210,87200,14.9,169.818,-44.8021,121.343,-55.3606,397.877,8.43978,1.50802,135.06,0.268683,0.000523677,3.66947,2.20168,1.08046,0.530035,0.468877,0.285403,0.0815438,0.0611579,0.020386,0.020386,0,0,0,0.020386,0
87211,87226,87218,15,169.822,-44.8011,119.791,-55.5673,398.959,8.92502,1.69131,111.533,0.197834,0.000638587,4.04688,1.81563,0.962502,0.700002,0.590626,0.306251,0.328126,0.109375,0.021875,0.021875,0.021875,0,0,0,0
87227,87241,87234,15.1,169.827,-44.7997,117.659,-55.9175,400.375,9.57045,2.11234,142.646,0.202589,0.000822681,2.87936,2.24865,1.3437,1.12432,0.850098,0.575873,0.32907,0.137113,0.0274225,0.0274225,0.0274225,0,0,0,0
87242,87260,87251,15.2,169.83,-44.7986,115.747,-56.7271,400.75,9.8647,2.16666,136.416,0.188884,0.000779426,2.58361,2.37223,1.47971,1.12739,1.15088,0.563697,0.422773,0.140924,0,0,0,0.0234874,0,0,0
87262,87282,87272,15.3,169.835,-44.7975,113.84,-56.9505,402.238,10.422,2.43893,156.191,0.192123,0.000975714,2.57252,2.27569,1.68203,1.36871,1.15434,0.610149,0.478225,0.230867,0.0164905,0.0164905,0.0164905,0,0,0,0
87283,87303,87293,15.4,169.84,-44.7965,112.117,-57.0131,403.886,9.37788,2.20208,144.175,0.196417,0.000869271,2.51451,1.97863,1.21603,1.29848,1.1542,0.597711,0.412215,0.144275,0.0206107,0.0206107,0.0206107,0,0,0,0
87304,87325,87314,15.5,169.846,-44.7957,110.393,-57.2305,405.263,9.6716,2.25628,146.862,0.195272,0.000970031,2.86015,2.03352,1.22342,1.12422,1.19035,0.694372,0.214925,0.181859,0.0991959,0.049598,0,0,0,0,0
87326,87345,87336,15.6,169.851,-44.795,108.647,-57.3144,406.956,9.2725,1.99268,117.246,0.176515,0.000747525,2.64404,1.98303,1.46891,1.10168,0.862985,0.752817,0.312144,0.0734455,0.0550842,0.0183614,0,0,0,0,0
87347,87368,87358,15.7,169.857,-44.7942,106.92,-57.1579,409.125,10.5575,2.32769,153.049,0.197254,0.000879422,2.83423,2.69252,1.32264,1.3935,1.18093,0.566847,0.401517,0.0708559,0.0236186,0.0472372,0.0236186,0,0,0,0
87369,87388,87378,15.8,169.862,-44.7935,105.077,-56.892,411.661,9.55565,2.11187,121.12,0.172056,0.000741579,2.1308,1.8013,1.73539,1.49376,1.40589,0.615076,0.21967,0.0878681,0.043934,0.021967,0,0,0,0,0
87390,87408,87399,15.9,169.867,-44.7927,103.588,-56.9288,413.276,10.3359,2.43929,147.31,0.181172,0.000969323,2.51692,1.89801,1.83612,1.25846,1.36161,0.78396,0.453871,0.165044,0.041261,0.0206305,0,0,0,0,0
87409,87428,87418,16,169.872,-44.7919,102.004,-56.9972,414.97,10.6924,2.48828,143.977,0.173586,0.00093895,2.70972,1.8492,1.4464,1.83089,1.29993,0.878828,0.51265,0.128162,0.0366178,0,0,0,0,0,0
87430,87449,87440,16.1,169.877,-44.7914,100.361,-56.9727,416.941,10.5506,2.58526,160.536,0.18629,0.00106923,2.30795,2.19804,1.67051,1.40675,1.34081,0.923179,0.439609,0.153863,0.0879218,0.0219804,0,0,0,0,0
87450,87466,87458,16.2,169.882,-44.7908,98.8623,-56.5377,419.585,11.3892,2.93493,177.795,0.181736,0.00122024,2.08463,2.26258,1.77956,1.67787,1.67787,0.864357,0.711823,0.330489,0,0,0,0,0,0,0
87467,87482,87474,16.3,169.886,-44.7902,97.194,-56.6127,421.483,11.3113,3.0505,196.44,0.193188,0.00136247,2.13345,2.11332,1.83155,1.69066,1.46926,1.0466,0.603807,0.32203,0.0805075,0.0201269,0,0,0,0,0
87484,87501,87492,16.4,169.89,-44.7894,95.5733,-57.2011,422.356,9.90125,2.35043,137.695,0.175748,0.000877298,1.7262,2.18218,1.56336,1.59593,1.53079,0.846817,0.325699,0,0.13028,0,0,0,0,0,0
87502,87520,87511,16.5,169.895,-44.7889,94.0263,-57.2175,424.309,10.0887,2.58189,159.272,0.185065,0.00109739,1.71801,2.12009,1.82767,1.60835,1.16971,0.731067,0.5483,0.32898,0.0365533,0,0,0,0,0,0
