api/src/app/data/B2SAP/Locations/Lauder/NOAA-POPS-B2SAP_GMLBalloon_20240222_R0.ict
61,1001
Thornberry, T. D.
NOAA Chemical Sciences Laboratory
Portable Optical Particle Spectrometer (POPS)
Balloon Baseline Stratospheric Aerosol Profiles (B2SAP)
1,1
2024,02,22,2024,05,28
0
TIME_START,s,Seconds since midnight UTC on flight start day,Start time of 100 m altitude bin in UTC_seconds_since_midnight
28
1.0,1.0,1.0,1.0,1.0,1.0,1.0,1.0,1.0,1.0,1.0,1.0,1.0,1.0,1.0,1.0,1.0,1.0,1.0,1.0,1.0,1.0,1.0,1.0,1.0,1.0,1.0,1.0
99999,99999,99999,99999,99999,99999,99999,99999,99999,99999,99999,99999,99999,99999,99999,99999,99999,99999,99999,99999,99999,99999,99999,99999,99999,99999,99999,99999
TIME_STOP,s,End time of 100 m altitude bin in UTC seconds since midnight,
TIME_MID,s,Mid time of 100 m altitude in UTC seconds since midnight,
GPSAlt,m,GPS reported altitude above sea level (m),
GPS_Lon,deg,GPS reported longitude,
GPS_Lat,deg,GPS reported latitude,
iMet_Pressure,mb,Pressure reported (mB),
iMet_Temperature,degrees C,Ambient temperature (oC),
THETA,K,Potential temperature from iMet,
Aerosol_concentration,cm^-3,Aerosol concentration,
Surface_Area_Conc,um^2 cm^-3,Surface area concentration,
Volume_density,um^3 cm^-3,Volume density,
Effective_radius,um,Effective radius,
Extinction,km^-1,Extinction,
Bin01,cm^-3,particle concentration in size range [140 - 170 nm],
Bin02,cm^-3,particle concentration in size range [170 - 205 nm],
Bin03,cm^-3,particle concentration in size range [205 - 249 nm],
Bin04,cm^-3,particle concentration in size range [249 - 302 nm],
Bin05,cm^-3,particle concentration in size range [302 - 366 nm],
Bin06,cm^-3,particle concentration in size range [366 - 443 nm],
Bin07,cm^-3,particle concentration in size range [443 - 537 nm],
Bin08,cm^-3,particle concentration in size range [537 - 651 nm],
Bin09,cm^-3,particle concentration in size range [651 - 789 nm],
Bin10,cm^-3,particle concentration in size range [789 - 956 nm],
Bin11,cm^-3,particle concentration in size range [956 - 1159 nm],
Bin12,cm^-3,particle concentration in size range [1159 - 1404 nm],
Bin13,cm^-3,particle concentration in size range [1404 - 1702 nm],
Bin14,cm^-3,particle concentration in size range [1702 - 2062 nm],
Bin15,cm^-3,particle concentration in size range [2062 - 2500 nm],
0
19
PI_CONTACT_INFO: 325 Broadway R/CSL6, Boulder, CO 80305; troy.thornberry@noaa.gov; 303-497-3373 
PLATFORM: GML ECC/FPH balloon
LOCATION: Lauder, NZ
ASSOCIATED_DATA: N/A
INSTRUMENT_INFO: Printed Optical Particle Spectrometer counts particles from 140 - 2500 nm in diameter 
DATA_INFO: Particle concentrations reported in number per cubic centimeter, binned to 100 m altitude
UNCERTAINTY: Counting uncertainty dominated by air flow, less than 5 percent
ULOD_FLAG: -77777
ULOD_VALUE: 3000 ~3000 per cm3 (varies depending on flow rate- manufacturer quotes 1250  per cm3 at 1.667 cc/s)
LLOD_FLAG: -88888
LLOD_VALUE: 0 0 (varies depending on data field and measurement precision)
DM_CONTACT_INFO: Troy Thornberry, 325 Broadway R/CSL6, Boulder, CO 80305; troy.thornberry@noaa.gov; 303-497-3373
PROJECT_INFO: B2SAP Lauder, NZ
STIPULATIONS_ON_USE: Please contact the PIs for questions regarding applications and uncertainties
OTHER_COMMENTS: POPS bin Edges (nm):  140, 170, 205, 249, 302, 366, 443, 537, 651, 789, 956, 1159, 1404, 1702, 2062, 2500
Calculations assume sulfate refractive index of 1.45+0.00j and extinction wavelength = 532 nm
REVISION: R0
R0: QA/QC data
TIME_START,TIME_STOP,TIME_MID,GPSAlt,GPS_Lon,GPS_Lat,iMet_Pressure,iMet_Temperature,THETA,Aerosol_concentration,Surface_Area_Conc,Volume_density,Effective_radius,Extinction,Bin01,Bin02,Bin03,Bin04,Bin05,Bin06,Bin07,Bin08,Bin09,Bin10,Bin11,Bin12,Bin13,Bin14,Bin15
[from data line 231]
85061,85082,85072,23.4,170.257,-44.7963,31.9612,-54.5363,584.691,1.50925,0.442329,29.0103,0.196756,0.000216035,0.422589,0.18111,0.18111,0.160986,0.18111,0.140863,0.201233,0.0402466,0,0,0,0,0,0,0
85083,85103,85093,23.5,170.258,-44.7959,31.4006,-54.69,587.251,1.57429,0.490555,39.518,0.241673,0.000273458,0.552024,0.184008,0.102227,0.184008,0.245344,0.0817813,0.163563,0.0204453,0,0.0408907,0,0,0,0,0
85108,85131,85120,23.6,170.259,-44.7952,30.9853,-53.7011,592.152,1.57487,0.483787,35.1866,0.218195,0.000270483,0.553801,0.155756,0.13845,0.173063,0.207675,0.0692251,0.173063,0.0692251,0.0346125,0,0,0,0,0,0
85132,85147,85140,23.7,170.259,-44.7943,30.456,-52.752,597.656,1.5924,0.439707,30.4054,0.207448,0.000230746,0.530802,0.243284,0.243284,0.0663502,0.199051,0.0442335,0.199051,0.0442335,0.0221167,0,0,0,0,0,0
85156,85173,85164,23.8,170.259,-44.7926,29.9756,-52.3894,601.35,1.54593,0.328227,19.1104,0.174669,0.000128515,0.558769,0.29801,0.167631,0.167631,0.149005,0.0931281,0.0745025,0.0372513,0,0,0,0,0,0,0
85176,85197,85186,23.9,170.258,-44.7916,29.5529,-52.2576,604.163,1.51331,0.398277,24.0856,0.181424,0.000166631,0.318591,0.298679,0.219031,0.119472,0.238943,0.179207,0.119472,0.0199119,0,0,0,0,0,0,0
85197,85218,85208,24,170.257,-44.7911,28.9859,-52.0771,608.007,1.39674,0.372004,24.2,0.19516,0.000176133,0.263154,0.323882,0.303639,0.121456,0.101213,0.121456,0.0809704,0.0809704,0,0,0,0,0,0,0
85219,85238,85228,24.1,170.256,-44.7913,28.5364,-52.0429,610.833,1.08979,0.245094,14.0067,0.171445,9.15862e-05,0.272447,0.173375,0.247679,0.0990715,0.173375,0.0495357,0.0495357,0.0247679,0,0,0,0,0,0,0
85239,85259,85249,24.2,170.256,-44.7913,28.1469,-52.1838,612.838,1.58348,0.411716,28.264,0.205948,0.000208375,0.48384,0.329891,0.197935,0.153949,0.153949,0.0879709,0.0659782,0.0879709,0.0219927,0,0,0,0,0,0
85261,85277,85269,24.3,170.255,-44.7912,27.5738,-52.2554,616.259,1.5512,0.376504,22.4189,0.178634,0.000153758,0.326568,0.408211,0.108856,0.27214,0.217712,0.0544281,0.13607,0.027214,0,0,0,0,0,0,0
85279,85301,85290,24.4,170.255,-44.7911,27.1893,-52.3643,618.419,1.81966,0.485838,32.7957,0.20251,0.000242248,0.563838,0.384435,0.179403,0.076887,0.281919,0.102516,0.153774,0.051258,0.025629,0,0,0,0,0,0
85302,85321,85312,24.5,170.255,-44.7913,26.8043,-52.1414,621.583,1.53157,0.308671,19.0139,0.184798,0.000134854,0.519175,0.41534,0.233629,0.181711,0.0259587,0,0.0778762,0.0778762,0,0,0,0,0,0,0
85324,85347,85336,24.6,170.255,-44.7911,26.2683,-51.9756,625.643,1.44132,0.298521,17.1938,0.17279,0.000115584,0.568409,0.263904,0.182703,0.101502,0.101502,0.121802,0.0812013,0.0203003,0,0,0,0,0,0,0
85347,85367,85357,24.7,170.254,-44.7904,25.828,-51.802,629.172,1.26958,0.260281,13.7239,0.158181,8.32272e-05,0.373405,0.248936,0.199149,0.0995746,0.199149,0.0995746,0.0497873,0,0,0,0,0,0,0,0
85370,85394,85382,24.8,170.254,-44.7898,25.5106,-51.2322,633.015,1.16314,0.302745,19.3996,0.192238,0.000142974,0.415408,0.186934,0.166163,0.0207704,0.0623113,0.166163,0.124623,0.0207704,0,0,0,0,0,0,0
85394,85415,85404,24.9,170.253,-44.7899,25.0827,-50.8933,637.06,1.03106,0.314028,26.0178,0.248555,0.000184283,0.45266,0.100591,0.100591,0.0754433,0.0502955,0.125739,0.0502955,0.0502955,0,0.0251478,0,0,0,0,0
85419,85436,85428,25,170.252,-44.7907,24.6667,-50.7642,640.474,1.24715,0.454942,36.2454,0.239011,0.000294761,0.447696,0.127913,0.127913,0.0319783,0.159891,0.0319783,0.159891,0.127913,0.0319783,0,0,0,0,0,0
85439,85459,85449,25.1,170.252,-44.7913,24.2944,-50.3056,644.601,1.35026,0.259153,16.0938,0.186305,0.000110246,0.651019,0.217006,0.192894,0.0964472,0.0241118,0.0723354,0.0723354,0,0.0241118,0,0,0,0,0,0
85461,85480,85470,25.2,170.253,-44.7915,23.9319,-49.8931,648.563,1.33577,0.271552,15.6383,0.172766,0.000105948,0.412873,0.3643,0.194293,0.0971467,0.121433,0.0242867,0.0971467,0.0242867,0,0,0,0,0,0,0
85481,85502,85492,25.3,170.253,-44.7911,23.4112,-49.7294,653.141,1.64794,0.271356,14.2745,0.157814,8.86619e-05,0.81167,0.344345,0.12298,0.147576,0.0737882,0.0737882,0.0491921,0.0245961,0,0,0,0,0,0,0
85504,85524,85514,25.4,170.253,-44.7904,23.0464,-49.3693,657.119,1.71565,0.319838,19.608,0.183918,0.00013199,0.759388,0.30938,0.281255,0.112502,0.140627,0,0.0562509,0.0281255,0.0281255,0,0,0,0,0,0
85525,85543,85534,25.5,170.252,-44.7899,22.7729,-49.0064,660.453,1.75474,0.330141,20.5553,0.186787,0.000140382,0.805457,0.316429,0.287663,0.115065,0.0575326,0.0575326,0.0575326,0.0287663,0.0287663,0,0,0,0,0,0
85545,85565,85555,25.6,170.251,-44.7897,22.4493,-48.7353,663.956,1.3496,0.218208,11.5164,0.158332,7.22088e-05,0.566831,0.377887,0.13496,0.13496,0.0539839,0,0.0539839,0.0269919,0,0,0,0,0,0,0
85566,85587,85576,25.7,170.25,-44.7893,22.0493,-48.4213,668.302,1.28497,0.237679,12.7568,0.161017,7.91312e-05,0.382758,0.437438,0.109359,0.109359,0.136699,0.0546797,0.0273399,0.0273399,0,0,0,0,0,0,0
85588,85607,85598,25.8,170.249,-44.7891,21.7238,-48.1646,671.926,1.19341,0.244632,14.2264,0.174463,9.64563e-05,0.354797,0.354797,0.161271,0.0645085,0.129017,0.0322543,0.0645085,0.0322543,0,0,0,0,0,0,0
85612,85632,85622,25.9,170.248,-44.7894,21.4229,-48.3606,674.013,1.18194,0.251649,14.3837,0.171473,9.51875e-05,0.320109,0.246238,0.221614,0.147743,0.123119,0.0246238,0.0738713,0.0246238,0,0,0,0,0,0,0
85636,85655,85646,26,170.247,-44.7899,21.0947,-48.204,677.46,1.55431,0.186853,6.85447,0.110051,2.32444e-05,0.565205,0.593465,0.197822,0.141301,0.0282603,0.0282603,0,0,0,0,0,0,0,0,0
85656,85680,85668,26.1,170.246,-44.7902,20.66,-47.8718,682.522,1.77388,0.26344,12.7802,0.145538,7.28161e-05,0.83626,0.456142,0.177388,0.0506824,0.177388,0.0253412,0.0253412,0.0253412,0,0,0,0,0,0,0
85683,85703,85693,26.2,170.246,-44.7907,20.2759,-47.3271,687.834,1.59578,0.280265,15.1871,0.162566,9.71617e-05,0.658575,0.455936,0.151979,0.0506596,0.101319,0.101319,0.0506596,0.0253298,0,0,0,0,0,0,0
85705,85726,85716,26.3,170.245,-44.7914,20.0108,-47.0154,691.393,1.37468,0.195585,8.2036,0.125832,3.65651e-05,0.469405,0.368818,0.368818,0,0.100587,0.0670578,0,0,0,0,0,0,0,0,0
85728,85748,85738,26.4,170.244,-44.792,19.6706,-47.0381,694.717,0.85861,0.0952452,3.45728,0.108896,1.22179e-05,0.415456,0.276971,0.110788,0.0276971,0,0.0276971,0,0,0,0,0,0,0,0,0
85750,85770,85760,26.5,170.244,-44.7924,19.3154,-47.0746,698.221,1.53762,0.258832,13.58,0.1574,8.30195e-05,0.649217,0.273355,0.307524,0.102508,0.102508,0.0341693,0.0341693,0.0341693,0,0,0,0,0,0,0
85773,85790,85782,26.6,170.244,-44.7926,19.07,-47.046,700.88,1.33345,0.183877,8.47366,0.13825,4.68941e-05,0.622279,0.400036,0.177794,0,0.0444485,0.0444485,0.0444485,0,0,0,0,0,0,0,0
85800,85800,85800,26.7,170.243,-44.7924,18.75,-46.7,705.341,0.889745,0.135904,4.99448,0.11025,1.38768e-05,0,0,0.889745,0,0,0,0,0,0,0,0,0,0,0,0
85850,85850,85850,27,170.242,-44.7934,18.04,-46,715.372,1.77401,0.446134,30.6807,0.20631,0.000249529,0.887003,0.443502,0,0,0,0,0.443502,0,0,0,0,0,0,0,0
79030,79647,79338,0.4,169.683,-45.0376,974.693,15.624,290.898,327.789,55.0307,3535.73,0.19275,0.0135824,103.63,80.7408,68.0013,39.7061,26.2362,4.6869,2.75671,0.681885,0.280776,0.299009,0.192046,0.254036,0.173814,0.0960231,0.0534812
79066,79067,79066,0.3,169.683,-45.0375,974.61,16.065,291.35,350.039,62.0061,4416.98,0.213704,0.0166624,100.861,81.6417,77.8998,49.4953,28.0643,6.29321,3.06156,1.53078,0.170087,0.510261,0,0.170087,0,0.170087,0.170087
87002,87008,87005,26.7,170.25,-44.819,18.674,-37.598,734.539,0.963445,0.134069,7.25264,0.162289,5.08064e-05,0.700687,0.175172,0,0,0,0,0.0875859,0,0,0,0,0,0,0,0
87009,87021,87015,26.6,170.25,-44.8189,18.8762,-36.9275,734.378,1.09172,0.215193,12.8135,0.178632,8.75079e-05,0.436686,0.327515,0.0545858,0,0.163757,0.0545858,0,0.0545858,0,0,0,0,0,0,0
87027,87033,87030,26.5,170.25,-44.8191,19.2314,-37.3057,729.313,0.81229,0.110271,4.77195,0.129824,2.25903e-05,0.437387,0.187451,0,0.124968,0,0.0624838,0,0,0,0,0,0,0,0,0
87037,87049,87043,26.4,170.25,-44.8193,19.494,-39.217,720.586,1.60382,0.18239,6.42311,0.105649,2.01975e-05,0.736889,0.476811,0.216732,0.0866928,0.0866928,0,0,0,0,0,0,0,0,0,0
87053,87057,87055,26.3,170.249,-44.8197,19.814,-38.438,719.644,1.11201,0.202309,11.2107,0.166241,7.49672e-05,0.513237,0.171079,0.256619,0,0,0.0855395,0.0855395,0,0,0,0,0,0,0,0
87061,87071,87066,26.2,170.249,-44.8201,20.168,-39.766,711.961,1.19634,0.300455,22.7065,0.226721,0.000170959,0.384538,0.256359,0.299085,0.0427264,0.0854529,0,0,0.0854529,0.0427264,0,0,0,0,0,0
87072,87084,87078,26.1,170.249,-44.8204,20.4689,-40.6944,706.126,1.04088,0.179792,10.1072,0.168648,6.58185e-05,0.567752,0.0473126,0.236563,0,0.141938,0,0,0.0473126,0,0,0,0,0,0,0
87085,87096,87090,26,170.249,-44.8206,20.7833,-41.0589,701.972,1.29355,0.15244,5.42289,0.106722,1.66699e-05,0.600578,0.27719,0.230992,0.138595,0.0461983,0,0,0,0,0,0,0,0,0,0
87097,87111,87104,25.9,170.249,-44.8209,21.154,-42.395,694.396,0.708633,0.102434,4.43116,0.129776,2.06685e-05,0.29179,0.208421,0.0416843,0.0833686,0.0416843,0.0416843,0,0,0,0,0,0,0,0,0
87113,87125,87119,25.8,170.248,-44.8212,21.4982,-41.7955,693.003,1.01224,0.14011,5.65523,0.121088,2.29012e-05,0.374903,0.187451,0.299922,0.0749806,0.0374903,0.0374903,0,0,0,0,0,0,0,0,0
87127,87138,87132,25.7,170.247,-44.8212,21.8578,-41.08,691.872,1.2576,0.185425,8.56119,0.138512,4.65054e-05,0.583885,0.269486,0.179657,0.0449143,0.134743,0,0.0449143,0,0,0,0,0,0,0,0
87139,87151,87145,25.6,170.247,-44.8211,22.138,-40.463,691.176,1.4473,0.253887,13.0145,0.153783,7.88064e-05,0.643246,0.160811,0.28142,0.120609,0.120609,0.0402029,0.0804057,0,0,0,0,0,0,0,0
87152,87165,87158,25.5,170.246,-44.8211,22.582,-40.59,686.901,1.65307,0.256176,11.2867,0.132176,5.4586e-05,0.443507,0.443507,0.443507,0.120956,0.161275,0,0.0403188,0,0,0,0,0,0,0,0
87166,87177,87172,25.4,170.246,-44.821,22.8633,-41.4311,681.993,1.45836,0.325178,20.2644,0.186954,0.000146773,0.530314,0.353543,0.132579,0.132579,0.0883857,0.0441928,0.132579,0.0441928,0,0,0,0,0,0,0
87179,87192,87186,25.3,170.245,-44.8205,23.2391,-42.1,676.869,1.00204,0.208772,13.9345,0.200235,9.54818e-05,0.322083,0.214722,0.250509,0.0715741,0.0715741,0,0.035787,0,0.035787,0,0,0,0,0,0
87194,87206,87200,25.2,170.245,-44.8202,23.6337,-42.8612,671.39,1.18488,0.160984,6.78046,0.126356,3.08359e-05,0.641808,0.197479,0.0987397,0.0987397,0.0987397,0.0493698,0,0,0,0,0,0,0,0,0
87208,87219,87214,25.1,170.246,-44.8201,23.9122,-42.2089,671.048,0.906438,0.219199,12.2737,0.16798,7.81856e-05,0.215819,0.0863274,0.215819,0.0863274,0.129491,0.129491,0.0431637,0,0,0,0,0,0,0,0
87220,87233,87226,25,170.246,-44.8203,24.3422,-43.1644,664.88,1.45009,0.378194,25.1878,0.199801,0.000192073,0.682396,0.170599,0.127949,0,0.0852995,0.170599,0.170599,0.0426497,0,0,0,0,0,0,0
87235,87248,87242,24.9,170.246,-44.8208,24.739,-43.975,659.485,0.885678,0.115264,5.17836,0.134779,2.79304e-05,0.5006,0.154031,0.115523,0.0770154,0,0,0.0385077,0,0,0,0,0,0,0,0
87249,87261,87255,24.8,170.246,-44.8209,25.1656,-44.2667,655.431,1.01523,0.229549,14.3521,0.187569,0.000102765,0.465314,0.126904,0.126904,0,0.126904,0.0846026,0.0423013,0.0423013,0,0,0,0,0,0,0
87262,87276,87269,24.7,170.246,-44.8206,25.659,-43.443,654.159,1.04533,0.295873,20.4122,0.20697,0.00015702,0.335999,0.186666,0.0746665,0.112,0.149333,0,0.112,0.0746665,0,0,0,0,0,0,0
87277,87293,87285,24.6,170.245,-44.82,26.0236,-43.9209,650.161,1.01242,0.196687,11.6181,0.177207,8.03313e-05,0.539956,0.168736,0.0337473,0,0.168736,0.0337473,0.0337473,0.0337473,0,0,0,0,0,0,0
87294,87308,87301,24.5,170.245,-44.8197,26.478,-44.249,646.039,1.83139,0.379189,23.8961,0.189057,0.000164618,0.6593,0.439534,0.293022,0.109883,0.109883,0.0732556,0.109883,0,0.0366278,0,0,0,0,0,0
87310,87324,87317,24.4,170.245,-44.8196,26.957,-44.613,641.702,1.86578,0.300345,15.5658,0.15548,9.3778e-05,1.02435,0.256087,0.219503,0.0731678,0.109752,0.146336,0,0.0365839,0,0,0,0,0,0,0
87325,87341,87333,24.3,170.245,-44.8194,27.3383,-45.0125,638.028,1.40093,0.240559,12.5373,0.156352,7.8856e-05,0.578644,0.335004,0.213185,0.030455,0.12182,0.030455,0.0913649,0,0,0,0,0,0,0,0
87343,87357,87350,24.2,170.245,-44.8191,27.755,-45.033,635.208,1.65822,0.386677,23.0952,0.179182,0.000163227,0.540724,0.324434,0.180241,0.144193,0.21629,0.0360483,0.21629,0,0,0,0,0,0,0,0
87358,87374,87366,24.1,170.245,-44.8191,28.3167,-44.9875,631.719,1.42538,0.276708,15.374,0.166681,0.000102204,0.564214,0.32665,0.148477,0.0890864,0.118782,0.059391,0.118782,0,0,0,0,0,0,0,0
87376,87391,87384,24,170.244,-44.8192,28.7355,-46.09,626.021,1.26668,0.366095,25.4607,0.20864,0.000187049,0.35727,0.194874,0.0974371,0.129916,0.292311,0.032479,0.0974371,0.032479,0.032479,0,0,0,0,0,0
87393,87410,87402,23.9,170.243,-44.8187,29.1942,-45.7883,624.036,1.62434,0.377603,22.2457,0.176739,0.000150731,0.502068,0.354401,0.118134,0.147667,0.236267,0.147667,0.0886002,0.0295334,0,0,0,0,0,0,0
87412,87426,87419,23.8,170.243,-44.8178,29.6973,-46.8364,618.12,1.36759,0.263621,14.5215,0.165255,9.51828e-05,0.572478,0.254435,0.190826,0.0636087,0.095413,0.095413,0.095413,0,0,0,0,0,0,0,0
87428,87443,87436,23.7,170.243,-44.8168,30.1055,-46.2809,617.238,1.58255,0.412084,26.9251,0.196017,0.000190163,0.538066,0.189906,0.253208,0.0633019,0.189906,0.221557,0.0949528,0,0.0316509,0,0,0,0,0,0
87445,87463,87454,23.6,170.243,-44.816,30.6933,-46.7325,612.609,1.704,0.39703,23.6372,0.178605,0.000162418,0.577626,0.173288,0.259932,0.288813,0.144406,0.0866438,0.144406,0.0288813,0,0,0,0,0,0,0
87464,87481,87472,23.5,170.244,-44.8155,31.1642,-46.8808,609.56,1.5941,0.350423,23.1906,0.198537,0.000164607,0.65472,0.341593,0.14233,0.113864,0.14233,0.0853982,0.0284661,0.0569322,0.0284661,0,0,0,0,0,0
87482,87500,87491,23.4,170.245,-44.8152,31.63,-47.5669,605.127,1.60086,0.456619,30.3434,0.199357,0.000218758,0.341167,0.28868,0.236193,0.157462,0.236193,0.157462,0.131218,0.0262436,0.0262436,0,0,0,0,0,0
87502,87518,87510,23.3,170.245,-44.8148,32.2158,-46.9667,603.577,1.28783,0.404504,29.4352,0.218306,0.000223662,0.307959,0.22397,0.139981,0.167977,0.167977,0.0839887,0.0839887,0.0839887,0.0279962,0,0,0,0,0,0
87519,87537,87528,23.2,170.245,-44.8145,32.6438,-47.9454,598.697,1.92599,0.4474,30.6283,0.205375,0.000195141,0.590637,0.385198,0.256799,0.256799,0.231119,0.0770396,0.0770396,0.0256799,0,0.0256799,0,0,0,0,0
87539,87556,87548,23.1,170.246,-44.814,33.2462,-48.6862,593.627,2.05721,0.57651,38.4691,0.200182,0.000289053,0.514302,0.488587,0.231436,0.128576,0.231436,0.154291,0.205721,0.10286,0,0,0,0,0,0,0
87557,87576,87566,23,170.246,-44.8138,33.7086,-48.8543,590.831,1.8639,0.493544,31.1343,0.189249,0.000224349,0.477923,0.334546,0.238962,0.238962,0.191169,0.143377,0.191169,0.0477923,0,0,0,0,0,0,0
87577,87595,87586,22.9,170.246,-44.8136,34.2677,-48.1485,589.922,2.08515,0.58582,36.8701,0.188813,0.000264212,0.376834,0.32659,0.401957,0.226101,0.32659,0.150734,0.226101,0.0502446,0,0,0,0,0,0,0
87596,87614,87605,22.8,170.245,-44.8133,34.87,-49.0264,584.699,1.63891,0.466665,29.9053,0.192249,0.000218209,0.374609,0.280957,0.187304,0.140478,0.327783,0.0936522,0.187304,0.0468261,0,0,0,0,0,0,0
87616,87633,87624,22.7,170.246,-44.8129,35.4564,-49.8143,579.875,1.62478,0.508017,35.6997,0.210818,0.000270175,0.441011,0.0928445,0.301745,0.232111,0.162478,0.116056,0.185689,0.0696334,0.0232111,0,0,0,0,0,0
87635,87654,87644,22.6,170.246,-44.8126,36.0571,-50.0871,576.385,1.55612,0.501955,34.6531,0.207109,0.000258379,0.320377,0.228841,0.183073,0.160189,0.228841,0.205957,0.160189,0.0457682,0.0228841,0,0,0,0,0,0
87655,87675,87665,22.5,170.247,-44.8124,36.7163,-49.2825,575.489,1.35671,0.447708,32.438,0.21736,0.000254727,0.379081,0.219468,0.0798065,0.199516,0.0798065,0.0798065,0.259371,0.0399032,0.0199516,0,0,0,0,0,0
87676,87695,87686,22.4,170.246,-44.8122,37.2607,-49.7687,571.822,1.8982,0.552641,37.95,0.20601,0.000281646,0.383905,0.298593,0.447889,0.149296,0.234608,0.127968,0.127968,0.10664,0.021328,0,0,0,0,0,0
