api/src/app/data/B2SAP/Locations/Lauder/NOAA-POPS-B2SAP_GMLBalloon_20230301_R0 (1).ict
61,1001
Thornberry, T. D.
NOAA Chemical Sciences Laboratory
Portable Optical Particle Spectrometer (POPS)
Balloon Baseline Stratospheric Aerosol Profiles (B2SAP)
1,1
2023,03,01,2024,05,28
0
TIME_START,s,Seconds since midnight UTC on flight start day,Start time of 100 m altitude bin in UTC_seconds_since_midnight
28
1.0,1.0,1.0,1.0,1.0,1.0,1.0,1.0,1.0,1.0,1.0,1.0,1.0,1.0,1.0,1.0,1.0,1.0,1.0,1.0,1.0,1.0,1.0,1.0,1.0,1.0,1.0,1.0
99999,99999,99999,99999,99999,99999,99999,99999,99999,99999,99999,99999,99999,99999,99999,99999,99999,99999,99999,99999,99999,99999,99999,99999,99999,99999,99999,99999
TIME_STOP,s,End time of 100 m altitude bin in UTC seconds since midnight,
TIME_MID,s,Mid time of 100 m altitude in UTC seconds since midnight,
GPSAlt,m,GPS reported altitude above sea level (m),
GPS_Lon,deg,GPS reported longitude,
GPS_Lat,deg,GPS reported latitude,
iMet_Pressure,mb,Pressure reported (mB),
iMet_Temperature,degrees C,Ambient temperature (oC),
THETA,K,Potential temperature from iMet,
Aerosol_concentration,cm^-3,Aerosol concentration,
Surface_Area_Conc,um^2 cm^-3,Surface area concentration,
Volume_density,um^3 cm^-3,Volume density,
Effective_radius,um,Effective radius,
Extinction,km^-1,Extinction,
Bin01,cm^-3,particle concentration in size range [140 - 170 nm],
Bin02,cm^-3,particle concentration in size range [170 - 205 nm],
Bin03,cm^-3,particle concentration in size range [205 - 249 nm],
Bin04,cm^-3,particle concentration in size range [249 - 302 nm],
Bin05,cm^-3,particle concentration in size range [302 - 366 nm],
Bin06,cm^-3,particle concentration in size range [366 - 443 nm],
Bin07,cm^-3,particle concentration in size range [443 - 537 nm],
Bin08,cm^-3,particle concentration in size range [537 - 651 nm],
Bin09,cm^-3,particle concentration in size range [651 - 789 nm],
Bin10,cm^-3,particle concentration in size range [789 - 956 nm],
Bin11,cm^-3,particle concentration in size range [956 - 1159 nm],
Bin12,cm^-3,particle concentration in size range [1159 - 1404 nm],
Bin13,cm^-3,particle concentration in size range [1404 - 1702 nm],
Bin14,cm^-3,particle concentration in size range [1702 - 2062 nm],
Bin15,cm^-3,particle concentration in size range [2062 - 2500 nm],
0
19
PI_CONTACT_INFO: 325 Broadway R/CSL6, Boulder, CO 80305; troy.thornberry@noaa.gov; 303-497-3373 
PLATFORM: GML ECC/FPH balloon
LOCATION: Lauder, NZ
ASSOCIATED_DATA: N/A
INSTRUMENT_INFO: Printed Optical Particle Spectrometer counts particles from 140 - 2500 nm in diameter 
DATA_INFO: Particle concentrations reported in number per cubic centimeter, binned to 100 m altitude
UNCERTAINTY: Counting uncertainty dominated by air flow, less than 5 percent
ULOD_FLAG: -77777
ULOD_VALUE: 3000 ~3000 per cm3 (varies depending on flow rate- manufacturer quotes 1250  per cm3 at 1.667 cc/s)
LLOD_FLAG: -88888
LLOD_VALUE: 0 0 (varies depending on data field and measurement precision)
DM_CONTACT_INFO: Troy Thornberry, 325 Broadway R/CSL6, Boulder, CO 80305; troy.thornberry@noaa.gov; 303-497-3373
PROJECT_INFO: B2SAP Lauder, NZ
STIPULATIONS_ON_USE: Please contact the PIs for questions regarding applications and uncertainties
OTHER_COMMENTS: POPS bin Edges (nm):  140, 170, 205, 249, 302, 366, 443, 537, 651, 789, 956, 1159, 1404, 1702, 2062, 2500
Calculations assume sulfate refractive index of 1.45+0.00j and extinction wavelength = 532 nm
REVISION: R0
R0: QA/QC data
TIME_START,TIME_STOP,TIME_MID,GPSAlt,GPS_Lon,GPS_Lat,iMet_Pressure,iMet_Temperature,THETA,Aerosol_concentration,Surface_Area_Conc,Volume_density,Effective_radius,Extinction,Bin01,Bin02,Bin03,Bin04,Bin05,Bin06,Bin07,Bin08,Bin09,Bin10,Bin11,Bin12,Bin13,Bin14,Bin15
[from data line 79]
163861,163878,163870,22.4,170.214,-45.3927,40.81,-54.2833,545.888,2.9064,1.46729,118.001,0.241263,0.000936943,0,0.161467,0.4844,0.161467,0.888067,0.403667,0.403667,0.2422,0.161467,0,0,0,0,0,0
164314,164329,164322,24.8,170.206,-45.4078,28.8209,-49.9091,614.983,0.905954,0.100029,3.33313,0.099965,8.93003e-06,0.20457,0.584487,0.0584487,0.0292243,0.0292243,0,0,0,0,0,0,0,0,0,0
164330,164345,164338,24.9,170.206,-45.408,28.536,-49.418,618.079,0.900671,0.0861903,2.57056,0.0894728,4.78218e-06,0.353835,0.450335,0.0965004,0,0,0,0,0,0,0,0,0,0,0,0
164359,164368,164364,25,170.207,-45.4082,27.9971,-49.2743,621.866,0.986639,0.108176,3.46423,0.0960721,7.55392e-06,0.234914,0.469828,0.281897,0,0,0,0,0,0,0,0,0,0,0,0
164369,164387,164378,25.1,170.207,-45.4082,27.7044,-49.32,623.601,0.813361,0.0749245,2.17857,0.0872305,3.77421e-06,0.332739,0.443652,0.036971,0,0,0,0,0,0,0,0,0,0,0,0
164389,164406,164398,25.2,170.207,-45.4084,27.295,-49.3083,626.282,0.588195,0.0547963,1.60149,0.0876785,2.80476e-06,0.224074,0.336112,0.0280093,0,0,0,0,0,0,0,0,0,0,0,0
164407,164425,164416,25.3,170.208,-45.4087,26.91,-49.3,628.867,0.700749,0.0656708,1.92004,0.0877122,3.34689e-06,0.241638,0.434948,0.0241638,0,0,0,0,0,0,0,0,0,0,0,0
164426,164443,164434,25.4,170.208,-45.4089,26.5767,-49.1342,631.569,0.662711,0.0594191,1.73219,0.0874561,3.1277e-06,0.403389,0.172881,0.0864405,0,0,0,0,0,0,0,0,0,0,0,0
164445,164462,164454,25.5,170.208,-45.4089,26.2271,-48.6043,635.466,0.595971,0.0603563,1.86536,0.0927173,3.79882e-06,0.223489,0.248321,0.124161,0,0,0,0,0,0,0,0,0,0,0,0
164463,164480,164472,25.6,170.207,-45.4085,25.8442,-48.4775,638.503,0.355334,0.0323204,0.940559,0.0873032,1.65879e-06,0.177667,0.148056,0.0296112,0,0,0,0,0,0,0,0,0,0,0,0
164485,164498,164492,25.7,170.207,-45.4084,25.4167,-48.49,641.513,0.356279,0.0329199,0.951354,0.0866971,1.59618e-06,0.11876,0.237519,0,0,0,0,0,0,0,0,0,0,0,0,0
164499,164516,164508,25.8,170.206,-45.4085,25.06,-48.9833,642.702,0.241257,0.0279387,0.905028,0.0971801,1.98032e-06,0,0.180943,0.0603143,0,0,0,0,0,0,0,0,0,0,0,0
164521,164529,164525,25.9,170.206,-45.409,24.79,-49.0617,644.459,0.244929,0.0192353,0.513078,0.0800211,7.09852e-07,0.183697,0.0612322,0,0,0,0,0,0,0,0,0,0,0,0,0
164535,164551,164543,26,170.206,-45.4095,24.4392,-49.2542,646.541,0.401216,0.0322795,0.872437,0.0810827,1.25068e-06,0.277765,0.123451,0,0,0,0,0,0,0,0,0,0,0,0,0
164557,164569,164563,26.1,170.207,-45.4095,24.04,-48.741,651.075,0.414206,0.0353487,0.98469,0.0835695,1.52212e-06,0.225931,0.188276,0,0,0,0,0,0,0,0,0,0,0,0,0
164570,164587,164578,26.2,170.207,-45.4094,23.813,-48.494,653.555,0.531271,0.0410916,1.0867,0.0793375,1.46769e-06,0.417427,0.113844,0,0,0,0,0,0,0,0,0,0,0,0,0
164588,164602,164595,26.3,170.206,-45.4091,23.5082,-48.5936,655.69,0.281005,0.0220685,0.588649,0.0800211,8.14407e-07,0.210754,0.0702512,0,0,0,0,0,0,0,0,0,0,0,0,0
164607,164623,164615,26.4,170.206,-45.4089,23.1075,-48.42,659.415,0.194948,0.0153101,0.408377,0.0800211,5.64997e-07,0.146211,0.0487369,0,0,0,0,0,0,0,0,0,0,0,0,0
164628,164639,164634,26.5,170.205,-45.4084,22.792,-48.275,662.444,0.398089,0.0319259,0.861406,0.0809441,1.22931e-06,0.278662,0.119427,0,0,0,0,0,0,0,0,0,0,0,0,0
164641,164652,164646,26.6,170.204,-45.4083,22.548,-48.358,664.241,0.241181,0.0262447,0.843614,0.0964326,1.87246e-06,0.0803938,0.0803938,0.0803938,0,0,0,0,0,0,0,0,0,0,0,0
164670,164675,164672,26.7,170.204,-45.4083,22.11,-47.6033,670.2,0.80969,0.0703242,1.9757,0.0842825,3.11516e-06,0.404845,0.404845,0,0,0,0,0,0,0,0,0,0,0,0,0
164677,164692,164684,26.8,170.203,-45.4082,21.9,-47.3178,672.899,0.274365,0.0223079,0.606318,0.0815385,8.8197e-07,0.18291,0.0914552,0,0,0,0,0,0,0,0,0,0,0,0,0
164694,164710,164702,26.9,170.203,-45.4081,21.62,-47.3156,675.379,0.321361,0.0256198,0.689038,0.0806843,9.74941e-07,0.229543,0.0918174,0,0,0,0,0,0,0,0,0,0,0,0,0
164712,164726,164719,27,170.202,-45.4082,21.3217,-47.2167,678.359,0.277029,0.0217563,0.580322,0.0800211,8.02885e-07,0.207772,0.0692573,0,0,0,0,0,0,0,0,0,0,0,0,0
164728,164743,164736,27.1,170.202,-45.4085,21.0558,-47.0617,681.271,0.248018,0.0197727,0.531782,0.0806843,7.52435e-07,0.177156,0.0708623,0,0,0,0,0,0,0,0,0,0,0,0,0
164745,164761,164753,27.2,170.202,-45.4089,20.7625,-47.1112,683.846,0.320907,0.0243124,0.635304,0.0783927,8.28522e-07,0.267423,0.0534846,0,0,0,0,0,0,0,0,0,0,0,0,0
164762,164778,164770,27.3,170.202,-45.4091,20.4763,-46.9525,687.05,0.324742,0.0282049,0.792394,0.0842825,1.2494e-06,0.162371,0.162371,0,0,0,0,0,0,0,0,0,0,0,0,0
164779,164795,164787,27.4,170.201,-45.4091,20.227,-46.435,691.04,0.308917,0.0275647,0.784254,0.0853541,1.27229e-06,0.132393,0.176524,0,0,0,0,0,0,0,0,0,0,0,0,0
164796,164812,164804,27.5,170.201,-45.4093,19.9514,-45.86,695.504,0.376383,0.029559,0.788448,0.0800211,1.09083e-06,0.282287,0.0940958,0,0,0,0,0,0,0,0,0,0,0,0,0
164813,164820,164816,27.6,170.2,-45.4095,19.745,-45.88,697.529,0.220116,0.0154556,0.385101,0.07475,4.29015e-07,0.220116,0,0,0,0,0,0,0,0,0,0,0,0,0,0
164830,164830,164830,27.7,170.2,-45.4098,19.56,-45.84,699.52,0,0,0,99999,0,0,0,0,0,0,0,0,0,0,0,0,0,0,0,0
159056,159746,159401,0.4,169.683,-45.0376,967.702,14.0235,289.882,139.176,21.7185,1817.07,0.250994,0.00574237,59.1018,40.5417,21.6523,8.45334,5.47571,1.61766,1.2884,0.300627,0.143156,0.0858934,0.107367,0.12884,0.135998,0.0715779,0.0715779
165536,165546,165541,27.2,170.195,-45.4271,20.8757,-34.4086,721.154,0.367877,0.0278709,0.728291,0.0783927,9.4979e-07,0.306565,0.0613129,0,0,0,0,0,0,0,0,0,0,0,0,0
165551,165566,165558,27.1,170.195,-45.4274,21.165,-34.558,717.886,0.472881,0.0389255,1.06481,0.0820649,1.57452e-06,0.300924,0.171957,0,0,0,0,0,0,0,0,0,0,0,0,0
165568,165582,165575,27,170.195,-45.4277,21.4775,-34.465,715.155,0.318482,0.0276378,0.791667,0.085933,1.37237e-06,0.212321,0.0707737,0.0353868,0,0,0,0,0,0,0,0,0,0,0,0
165583,165598,165590,26.9,170.194,-45.4279,21.72,-35.57,709.567,0.41989,0.0364688,1.02456,0.0842825,1.61546e-06,0.209945,0.209945,0,0,0,0,0,0,0,0,0,0,0,0,0
165599,165614,165606,26.8,170.193,-45.4278,22.0575,-35.8875,705.511,0.523594,0.0437335,1.20529,0.0826798,1.81566e-06,0.314156,0.209438,0,0,0,0,0,0,0,0,0,0,0,0,0
165615,165629,165622,26.7,170.193,-45.4277,22.308,-35.855,703.319,0.416044,0.0375192,1.07263,0.0857669,1.75862e-06,0.166417,0.249626,0,0,0,0,0,0,0,0,0,0,0,0,0
165631,165646,165638,26.6,170.192,-45.4278,22.6543,-36.4136,698.596,0.464301,0.0393605,1.09285,0.0832956,1.67616e-06,0.26117,0.203132,0,0,0,0,0,0,0,0,0,0,0,0,0
165647,165661,165654,26.5,170.191,-45.4278,23.0167,-37.5433,692.107,0.498926,0.0410694,1.12345,0.0820649,1.66124e-06,0.317498,0.181427,0,0,0,0,0,0,0,0,0,0,0,0,0
165662,165676,165669,26.4,170.19,-45.4276,23.2967,-38.4842,686.969,0.404255,0.0373529,1.07946,0.0866971,1.81111e-06,0.134752,0.269503,0,0,0,0,0,0,0,0,0,0,0,0,0
165677,165690,165684,26.3,170.189,-45.4275,23.5775,-38.185,685.504,0.49928,0.0417027,1.14932,0.0826798,1.73135e-06,0.299568,0.199712,0,0,0,0,0,0,0,0,0,0,0,0,0
165692,165705,165698,26.2,170.189,-45.4272,23.965,-39.1037,679.639,0.29957,0.0243572,0.662018,0.0815385,9.62993e-07,0.199713,0.0998567,0,0,0,0,0,0,0,0,0,0,0,0,0
165708,165717,165712,26.1,170.189,-45.4272,24.2714,-40.2557,673.849,0.619712,0.0491373,1.31763,0.0804455,1.84952e-06,0.4507,0.169012,0,0,0,0,0,0,0,0,0,0,0,0,0
165718,165727,165722,26,170.189,-45.4274,24.5862,-41.1163,668.891,0.390682,0.032307,0.885847,0.082259,1.31768e-06,0.244177,0.146506,0,0,0,0,0,0,0,0,0,0,0,0,0
165728,165739,165734,25.9,170.189,-45.4277,24.947,-41.539,664.894,0.313116,0.0245904,0.655917,0.0800211,9.07473e-07,0.234837,0.0782791,0,0,0,0,0,0,0,0,0,0,0,0,0
165741,165751,165746,25.8,170.189,-45.428,25.305,-41.459,662.432,0.727956,0.0600381,1.64398,0.0821468,2.43705e-06,0.459762,0.268194,0,0,0,0,0,0,0,0,0,0,0,0,0
165753,165764,165758,25.7,170.188,-45.428,25.6088,-41.0838,661.238,0.424966,0.0345529,0.93913,0.0815385,1.36609e-06,0.283311,0.141655,0,0,0,0,0,0,0,0,0,0,0,0,0
165767,165780,165774,25.6,170.188,-45.4279,26.0208,-41.4933,657.072,0.620849,0.0497909,1.34343,0.0809441,1.9172e-06,0.434595,0.186255,0,0,0,0,0,0,0,0,0,0,0,0,0
165781,165792,165786,25.5,170.187,-45.4278,26.318,-41.64,654.532,0.369191,0.035751,1.05382,0.0884297,1.84091e-06,0.0738382,0.295353,0,0,0,0,0,0,0,0,0,0,0,0,0
165795,165796,165796,25.4,170.188,-45.4279,26.615,-41.88,651.745,1.0931,0.110672,3.65081,0.0989626,9.50121e-06,0.728737,0.182184,0,0.182184,0,0,0,0,0,0,0,0,0,0,0
165818,165820,165819,25.3,170.188,-45.4281,27.25,-41.9967,647.061,0.240461,0.0208848,0.586741,0.0842825,9.25138e-07,0.12023,0.12023,0,0,0,0,0,0,0,0,0,0,0,0,0
166479,166480,166480,21.5,170.191,-45.4482,46.82,-47.09,542.126,2.74814,1.95865,194.312,0.29762,0.00153638,0,0.124915,0.374746,0.374746,0.374746,0.124915,0.624576,0.374746,0.24983,0.124915,0,0,0,0,0
