api/src/app/data/B2SAP/Locations/Lauder/NOAA-POPS-B2SAP_GMLBalloon_20220525_R0.ict
61,1001
Thornberry, T. D.
NOAA Chemical Sciences Laboratory
Portable Optical Particle Spectrometer (POPS)
Balloon Baseline Stratospheric Aerosol Profiles (B2SAP)
1,1
2022,05,25,2024,05,28
0
TIME_START,s,Seconds since midnight UTC on flight start day,Start time of 100 m altitude bin in UTC_seconds_since_midnight
28
1.0,1.0,1.0,1.0,1.0,1.0,1.0,1.0,1.0,1.0,1.0,1.0,1.0,1.0,1.0,1.0,1.0,1.0,1.0,1.0,1.0,1.0,1.0,1.0,1.0,1.0,1.0,1.0
99999,99999,99999,99999,99999,99999,99999,99999,99999,99999,99999,99999,99999,99999,99999,99999,99999,99999,99999,99999,99999,99999,99999,99999,99999,99999,99999,99999
TIME_STOP,s,End time of 100 m altitude bin in UTC seconds since midnight,
TIME_MID,s,Mid time of 100 m altitude in UTC seconds since midnight,
GPSAlt,m,GPS reported altitude above sea level (m),
GPS_Lon,deg,GPS reported longitude,
GPS_Lat,deg,GPS reported latitude,
iMet_Pressure,mb,Pressure reported (mB),
iMet_Temperature,degrees C,Ambient temperature (oC),
THETA,K,Potential temperature from iMet,
Aerosol_concentration,cm^-3,Aerosol concentration,
Surface_Area_Conc,um^2 cm^-3,Surface area concentration,
Volume_density,um^3 cm^-3,Volume density,
Effective_radius,um,Effective radius,
Extinction,km^-1,Extinction,
Bin01,cm^-3,particle concentration in size range [140 - 170 nm],
Bin02,cm^-3,particle concentration in size range [170 - 205 nm],
Bin03,cm^-3,particle concentration in size range [205 - 249 nm],
Bin04,cm^-3,particle concentration in size range [249 - 302 nm],
Bin05,cm^-3,particle concentration in size range [302 - 366 nm],
Bin06,cm^-3,particle concentration in size range [366 - 443 nm],
Bin07,cm^-3,particle concentration in size range [443 - 537 nm],
Bin08,cm^-3,particle concentration in size range [537 - 651 nm],
Bin09,cm^-3,particle concentration in size range [651 - 789 nm],
Bin10,cm^-3,particle concentration in size range [789 - 956 nm],
Bin11,cm^-3,particle concentration in size range [956 - 1159 nm],
Bin12,cm^-3,particle concentration in size range [1159 - 1404 nm],
Bin13,cm^-3,particle concentration in size range [1404 - 1702 nm],
Bin14,cm^-3,particle concentration in size range [1702 - 2062 nm],
Bin15,cm^-3,particle concentration in size range [2062 - 2500 nm],
0
19
PI_CONTACT_INFO: 325 Broadway R/CSL6, Boulder, CO 80305; troy.thornberry@noaa.gov; 303-497-3373 
PLATFORM: GML ECC/FPH balloon
LOCATION: Lauder, NZ
ASSOCIATED_DATA: N/A
INSTRUMENT_INFO: Printed Optical Particle Spectrometer counts particles from 140 - 2500 nm in diameter 
DATA_INFO: Particle concentrations reported in number per cubic centimeter, binned to 100 m altitude
UNCERTAINTY: Counting uncertainty dominated by air flow, less than 5 percent
ULOD_FLAG: -77777
ULOD_VALUE: 3000 ~3000 per cm3 (varies depending on flow rate- manufacturer quotes 1250  per cm3 at 1.667 cc/s)
LLOD_FLAG: -88888
LLOD_VALUE: 0 0 (varies depending on data field and measurement precision)
DM_CONTACT_INFO: Troy Thornberry, 325 Broadway R/CSL6, Boulder, CO 80305; troy.thornberry@noaa.gov; 303-497-3373
PROJECT_INFO: B2SAP Lauder, NZ
STIPULATIONS_ON_USE: Please contact the PIs for questions regarding applications and uncertainties
OTHER_COMMENTS: POPS bin Edges (nm):  140, 170, 205, 249, 302, 366, 443, 537, 651, 789, 956, 1159, 1404, 1702, 2062, 2500
Calculations assume sulfate refractive index of 1.45+0.00j and extinction wavelength = 532 nm
REVISION: R0
R0: QA/QC data
TIME_START,TIME_STOP,TIME_MID,GPSAlt,GPS_Lon,GPS_Lat,iMet_Pressure,iMet_Temperature,THETA,Aerosol_concentration,Surface_Area_Conc,Volume_density,Effective_radius,Extinction,Bin01,Bin02,Bin03,Bin04,Bin05,Bin06,Bin07,Bin08,Bin09,Bin10,Bin11,Bin12,Bin13,Bin14,Bin15
83788,84537,84162,0.4,169.683,-45.0375,983.078,5.28468,279.795,51.7061,21.0575,3210.9,0.457449,0.0111154,9.96891,14.6667,13.3074,4.8286,2.40332,1.03087,1.57792,1.10814,0.690176,0.6331,0.417091,0.518949,0.317867,0.128201,0.108883
84538,84554,84546,0.5,169.683,-45.0378,970.618,3.85353,279.372,52.8656,23.5862,3968.58,0.504776,0.0123552,10.7502,14.8816,13.5537,4.34223,2.8878,0.800994,1.55983,0.990703,0.737758,0.421576,0.548049,0.632364,0.421576,0.16863,0.16863
84555,84576,84566,0.6,169.683,-45.0378,959.014,2.74773,279.22,51.292,20.2063,3157.86,0.468844,0.0106743,11.8416,13.7311,12.3303,5.00053,2.62243,0.667823,1.53111,0.765553,0.830706,0.651534,0.276902,0.439786,0.358344,0.0977302,0.146595
84577,84596,84586,0.7,169.683,-45.0377,947.475,1.809,279.231,48.9712,20.1373,3181.33,0.473946,0.0105127,10.3867,15.2509,11.4473,3.56586,2.19438,1.0789,1.46292,0.841178,0.749745,0.475448,0.347443,0.420589,0.512021,0.128005,0.109719
84597,84616,84606,0.8,169.683,-45.0378,936.237,0.952,279.309,46.4334,18.5926,2961.38,0.477833,0.0100195,11.3825,15.538,10.0275,2.38491,1.51767,0.794969,1.06598,1.22859,0.487822,0.632362,0.487822,0.343282,0.307147,0.126472,0.108405
84617,84637,84627,0.9,169.683,-45.0378,924.565,0.0542857,279.397,43.5148,15.4703,2334.07,0.452625,0.00790913,11.2196,14.8617,9.33817,2.33023,1.20827,0.759482,0.828525,0.91483,0.483307,0.466046,0.241653,0.431524,0.276175,0.0690438,0.0863047
84638,84659,84648,1,169.683,-45.0379,912.789,-0.78619,279.56,39.5866,15.4839,2524.54,0.489128,0.00799701,9.02367,13.4664,8.8508,2.52386,1.36565,0.708756,0.933483,0.795189,0.432168,0.345734,0.242014,0.293874,0.363021,0.15558,0.0864336
84661,84680,84670,1.1,169.684,-45.0381,900.161,-1.28647,280.156,27.1526,11.3407,1762.76,0.466309,0.00593265,5.89993,7.49334,6.82583,2.28246,1.18429,0.559848,0.753641,0.58138,0.409119,0.279924,0.236859,0.279924,0.258391,0.0430652,0.0645978
84681,84700,84690,1.2,169.684,-45.0381,889.529,-1.36375,281.032,18.3364,9.62039,1687.09,0.526099,0.00567223,5.12778,5.03622,3.22776,0.892784,0.984352,0.36627,0.709649,0.549406,0.389162,0.320487,0.160243,0.206027,0.183135,0.137351,0.0457838
84701,84718,84710,1.3,169.685,-45.0381,878.902,-1.235,282.133,13.1383,8.28728,1387.49,0.502273,0.00509847,4.57512,2.75317,1.25512,0.566828,0.688292,0.506097,0.789511,0.587072,0.445365,0.242926,0.202439,0.242926,0.182195,0.0809755,0.0202439
84719,84736,84728,1.4,169.686,-45.0379,867.802,-1.87944,282.485,12.7415,9.66196,1860.1,0.577554,0.00594685,4.39716,2.39287,1.26802,0.654461,0.777172,0.490845,0.715816,0.470394,0.347682,0.32723,0.245423,0.286327,0.204519,0.0818076,0.0818076
84737,84753,84745,1.5,169.685,-45.0374,856.966,-1.70429,283.685,11.4679,8.79323,1582.17,0.539792,0.00533509,3.66554,2.27787,1.07348,0.602196,0.942568,0.261824,0.654561,0.418919,0.314189,0.340372,0.314189,0.288007,0.235642,0.0261824,0.0523649
84754,84769,84762,1.6,169.685,-45.0364,846.326,-0.168,286.315,7.97075,1.22297,80.0703,0.196416,0.000483246,4.10763,2.27386,0.782405,0.317852,0.146701,0.0244501,0.146701,0.0244501,0.0733504,0.0733504,0,0,0,0,0
84770,84787,84778,1.7,169.684,-45.035,835.592,-0.19,287.334,8.57935,0.87649,32.9634,0.112825,0.000130419,5.2169,2.24164,0.754005,0.203785,0.0611355,0.0203785,0.040757,0.0203785,0.0203785,0,0,0,0,0,0
84788,84803,84796,1.8,169.683,-45.0336,825.364,-0.902667,287.591,11.6681,1.13235,36.0019,0.0953816,9.08991e-05,6.45783,3.81599,0.856151,0.317999,0.17123,0.0489229,0,0,0,0,0,0,0,0,0
84804,84821,84812,1.9,169.682,-45.0321,815.006,-1.66556,287.828,13.2597,1.28508,41.5033,0.0968888,0.000112586,7.78905,3.742,1.17954,0.325391,0.122022,0.0813478,0.020337,0,0,0,0,0,0,0,0
84822,84839,84830,2,169.68,-45.0304,804.651,-2.40778,288.088,14.564,1.46277,49.3281,0.101167,0.000149292,8.6275,3.67696,1.41738,0.534084,0.164333,0.12325,0,0.0205417,0,0,0,0,0,0,0
84840,84857,84848,2.1,169.679,-45.0286,794.712,-2.76294,288.731,14.7659,1.42741,46.8878,0.0985445,0.000136567,8.88128,4.19092,1.0423,0.325719,0.260576,0.0217146,0.0217146,0.0217146,0,0,0,0,0,0,0
84858,84877,84868,2.2,169.678,-45.0269,784.709,-2.83688,289.706,14.805,1.65125,74.0974,0.13462,0.0003286,8.32779,4.39522,1.3417,0.25446,0.25446,0.092531,0.0462655,0.0231327,0.0231327,0.0462655,0,0,0,0,0
84878,84893,84886,2.3,169.677,-45.0254,775.065,-0.83125,292.885,13.3968,1.69539,98.9219,0.175042,0.000354432,7.2471,3.70356,1.30311,0.617261,0.251477,0.091446,0.0685845,0.0685845,0,0,0.045723,0,0,0,0
84898,84912,84905,2.4,169.676,-45.0236,764.371,-0.9925,293.87,9.77155,1.14399,46.951,0.123124,0.000201529,5.32159,2.15616,1.42215,0.412882,0.275255,0.137627,0,0,0.0458758,0,0,0,0,0,0
84913,84931,84922,2.5,169.676,-45.022,755.97,-1.855,293.873,9.57523,1.09923,46.6911,0.127428,0.000198709,5.06441,2.68599,1.02519,0.471585,0.225541,0,0.0410074,0.0410074,0,0.0205037,0,0,0,0,0
84932,84952,84942,2.6,169.675,-45.0201,746.276,-2.78571,293.943,7.15684,0.715492,23.0585,0.0966825,5.81466e-05,3.86715,2.09981,0.752431,0.367466,0.0349968,0.0349968,0,0,0,0,0,0,0,0,0
84953,84971,84962,2.7,169.674,-45.018,736.858,-3.54474,294.182,4.3729,0.496823,22.2473,0.134338,8.96169e-05,2.44882,1.03006,0.563618,0.194351,0.116611,0,0,0,0,0.0194351,0,0,0,0,0
84972,84991,84982,2.8,169.673,-45.0156,728.018,-4.10562,294.591,1.13195,0.163379,12.1852,0.223747,6.71988e-05,0.669931,0.323415,0.0693032,0.0231011,0.0231011,0,0,0,0,0.0231011,0,0,0,0,0
84993,85009,85001,2.9,169.672,-45.0131,718.613,-4.63,295.109,0.278202,0.0231138,0.648851,0.0842162,1.08144e-06,0.216379,0.0309113,0.0309113,0,0,0,0,0,0,0,0,0,0,0,0
85011,85030,85020,3,169.671,-45.0102,709.349,-4.97737,295.82,0.293551,0.0249066,0.727341,0.0876081,1.4382e-06,0.234841,0.0391401,0,0.0195701,0,0,0,0,0,0,0,0,0,0,0
85031,85048,85040,3.1,169.671,-45.0071,699.592,-5.60222,296.299,0.165767,0.0130184,0.347249,0.0800211,4.80426e-07,0.124325,0.0414418,0,0,0,0,0,0,0,0,0,0,0,0,0
85051,85063,85057,3.2,169.67,-45.0049,692.744,-6.17857,296.49,0.535115,0.0473315,1.36467,0.0864966,2.38274e-06,0.321069,0.160535,0.0535115,0,0,0,0,0,0,0,0,0,0,0,0
85069,85087,85078,3.3,169.67,-45.0019,682.559,-7.07125,296.759,0.189284,0.017196,0.513999,0.0896718,1.01473e-06,0.141963,0,0.047321,0,0,0,0,0,0,0,0,0,0,0,0
85088,85105,85096,3.4,169.669,-45,675.622,-7.5775,297.061,0.277414,0.0271103,0.842639,0.0932456,1.80268e-06,0.184942,0,0.0924712,0,0,0,0,0,0,0,0,0,0,0,0
85106,85124,85115,3.5,169.669,-44.9973,665.396,-8.1325,297.732,0.449348,0.0386027,1.09956,0.085452,1.88048e-06,0.307449,0.0945997,0.0472998,0,0,0,0,0,0,0,0,0,0,0,0
85133,85142,85138,3.6,169.668,-44.9945,655.428,-8.805,298.257,0.287003,0.0256915,0.753007,0.0879288,1.3938e-06,0.191336,0.0478339,0.0478339,0,0,0,0,0,0,0,0,0,0,0,0
85143,85159,85151,3.7,169.667,-44.9928,648.868,-9.24125,298.621,0.589999,0.0679289,2.63624,0.116426,1.09834e-05,0.353999,0.118,0.0707999,0,0.0236,0.0236,0,0,0,0,0,0,0,0,0
85161,85177,85169,3.8,169.667,-44.9901,639.666,-10.0662,298.906,0.498091,0.0447967,1.34514,0.0900828,2.77852e-06,0.351594,0.0878985,0.0292995,0.0292995,0,0,0,0,0,0,0,0,0,0,0
85178,85194,85186,3.9,169.666,-44.9879,632.187,-10.8643,299.007,0.189679,0.0164564,0.473971,0.0864051,8.42372e-07,0.135485,0.027097,0.027097,0,0,0,0,0,0,0,0,0,0,0,0
85196,85212,85204,4,169.666,-44.9857,623.335,-11.3473,299.66,0.733559,0.0713406,2.34622,0.0986629,6.67634e-06,0.531198,0.10118,0.0252951,0.0505902,0.0252951,0,0,0,0,0,0,0,0,0,0
85213,85229,85221,4.1,169.666,-44.9838,615.478,-11.9588,300.043,1.67305,0.17778,6.25224,0.105506,2.0721e-05,1.02773,0.310709,0.191206,0.0717022,0.0478014,0.0239007,0,0,0,0,0,0,0,0,0
85230,85246,85238,4.2,169.666,-44.9821,607.595,-12.6118,300.395,3.02729,0.345752,13.1822,0.114379,5.18825e-05,1.81637,0.605458,0.246668,0.201819,0.0448487,0.112122,0,0,0,0,0,0,0,0,0
85247,85262,85254,4.3,169.665,-44.9808,599.764,-12.4844,301.659,6.66067,0.802407,33.5065,0.125273,0.000150474,3.58101,1.5279,0.883315,0.334227,0.119367,0.167114,0.0238734,0,0.0238734,0,0,0,0,0,0
85263,85280,85272,4.4,169.665,-44.9793,591.739,-12.9306,302.31,8.59406,1.12923,55.0429,0.146231,0.00027553,4.21194,2.16979,1.21253,0.531811,0.276542,0.0638173,0.0425449,0.0212724,0.0425449,0.0212724,0,0,0,0,0
85281,85297,85289,4.5,169.664,-44.9776,583.822,-13.5767,302.719,8.27066,1.12448,52.296,0.13952,0.000274012,3.62242,2.62866,0.865534,0.544966,0.320568,0.128227,0.0641136,0.0641136,0.0320568,0,0,0,0,0,0
85298,85313,85306,4.6,169.664,-44.9755,576.29,-13.6457,303.761,2.54809,0.288382,10.3983,0.108173,3.53289e-05,1.32826,0.650576,0.271074,0.162644,0.108429,0.0271074,0,0,0,0,0,0,0,0,0
85314,85330,85322,4.7,169.663,-44.9735,568.654,-14.2082,304.258,0.898779,0.11523,4.47783,0.116579,1.7308e-05,0.381981,0.202225,0.202225,0.044939,0.044939,0.0224695,0,0,0,0,0,0,0,0,0
85332,85347,85340,4.8,169.663,-44.9713,561.246,-15.0157,304.45,1.74163,0.211217,8.99283,0.127729,4.32118e-05,0.77406,0.66348,0.138225,0.082935,0.05529,0,0,0.027645,0,0,0,0,0,0,0
85349,85364,85356,4.9,169.663,-44.9695,553.911,-15.7492,304.732,4.93514,0.828467,57.447,0.208024,0.000225784,2.17027,1.30811,0.475676,0.386487,0.327027,0.178379,0.0594595,0,0,0,0.0297298,0,0,0,0
85365,85380,85372,5,169.663,-44.9677,546.952,-16.3294,305.143,2.85241,0.353284,14.2838,0.121295,6.25822e-05,1.43839,0.707007,0.365693,0.170657,0.0487591,0.0975182,0.0243795,0,0,0,0,0,0,0,0
85382,85397,85390,5.1,169.663,-44.9657,539.261,-17.35,305.16,2.6653,0.350852,14.5112,0.12408,6.47802e-05,1.33265,0.527507,0.333163,0.249872,0.138818,0.0555271,0.0277635,0,0,0,0,0,0,0,0
85398,85414,85406,5.2,169.663,-44.964,532.298,-18.255,305.21,3.39992,0.435873,19.0329,0.130999,9.43585e-05,1.46759,1.00285,0.635956,0.122299,0.0978393,0,0.0244598,0.0489197,0,0,0,0,0,0,0
85415,85432,85424,5.3,169.663,-44.9624,525.751,-19.0231,305.372,1.75879,0.260932,12.3129,0.141565,6.83527e-05,0.788425,0.515509,0.0909721,0.181944,0.0606481,0.0606481,0.0606481,0,0,0,0,0,0,0,0
85433,85449,85441,5.4,169.663,-44.9606,518.314,-19.9087,305.551,2.18423,0.442557,26.2014,0.177614,0.000174908,0.858967,0.441754,0.269961,0.147251,0.196335,0.12271,0.12271,0,0.0245419,0,0,0,0,0,0
85450,85466,85458,5.5,169.663,-44.9591,511.324,-20.8988,305.537,2.68873,0.443046,25.4859,0.172573,0.000167948,1.36754,0.556289,0.301323,0.18543,0.0927149,0.0231787,0.0927149,0.0463574,0.0231787,0,0,0,0,0,0
85467,85484,85476,5.6,169.663,-44.9574,504.283,-21.8228,305.624,2.85359,0.468498,24.6012,0.157532,0.000153812,1.14143,0.856076,0.351211,0.131704,0.153655,0.065852,0.109753,0.0439013,0,0,0,0,0,0,0
85485,85502,85494,5.7,169.662,-44.9555,497.406,-22.2833,306.262,5.32184,0.975136,53.7291,0.165297,0.000335489,1.62734,1.60535,0.769687,0.461812,0.461812,0.109955,0.219911,0.0219911,0.0439821,0,0,0,0,0,0
85503,85519,85511,5.8,169.662,-44.9535,490.177,-23.1386,306.505,4.52969,0.971979,81.3629,0.251126,0.000407397,1.98174,0.792695,0.764385,0.339727,0.311416,0.113242,0.0849316,0.0283105,0.0566211,0.0283105,0,0.0283105,0,0,0
85520,85536,85528,5.9,169.662,-44.9518,484.18,-23.8976,306.648,4.45517,0.693513,35.3924,0.153101,0.000198169,1.80552,1.10207,0.703447,0.351724,0.281379,0.117241,0.0468965,0,0.0468965,0,0,0,0,0,0
85537,85554,85546,6,169.661,-44.9501,477.515,-24.8018,306.746,4.42941,0.842777,51.7751,0.184302,0.000317183,1.61709,1.03119,0.585901,0.515593,0.351541,0.164052,0.0703081,0.023436,0.0468721,0.023436,0,0,0,0,0
85555,85572,85564,6.1,169.661,-44.9485,470.639,-25.7328,306.862,4.35013,0.873457,63.7087,0.218816,0.000328539,1.70418,1.03147,0.583008,0.313927,0.358774,0.179387,0.0672701,0.0448467,0.0448467,0,0.0224234,0,0,0,0
85573,85591,85582,6.2,169.661,-44.9466,464.057,-26.4417,307.222,3.30335,0.753837,65.6548,0.261282,0.000305867,1.16064,0.848159,0.513359,0.2232,0.24552,0.0669599,0.17856,0.02232,0,0.02232,0,0,0.02232,0,0
85592,85609,85600,6.3,169.661,-44.9447,457.703,-27.25,307.425,3.66969,0.68009,39.0184,0.172117,0.000246397,1.38732,0.805543,0.581781,0.29089,0.29089,0.17901,0.0447524,0.0447524,0.0447524,0,0,0,0,0,0
85610,85628,85619,6.4,169.661,-44.9431,451.647,-28.0716,307.563,4.05048,0.928155,76.56,0.247459,0.000407074,1.62019,0.746141,0.596913,0.405048,0.298456,0.12791,0.12791,0.0426366,0.0213183,0.0426366,0,0.0213183,0,0,0
85629,85646,85638,6.5,169.66,-44.9415,445.292,-28.9578,307.691,3.90185,0.691825,40.0736,0.173774,0.000262428,1.61065,1.11157,0.385648,0.226852,0.226852,0.113426,0.158796,0.0226852,0.0453703,0,0,0,0,0,0
85647,85664,85656,6.6,169.66,-44.9401,439.099,-29.8122,307.847,3.60839,0.658208,40.4525,0.184375,0.000245866,1.3757,0.947204,0.383392,0.451049,0.202972,0.112762,0.0451049,0.0451049,0.0225525,0.0225525,0,0,0,0,0
85665,85681,85673,6.7,169.66,-44.9387,433.065,-30.6188,308.046,3.80967,0.655873,45.9319,0.210095,0.000179149,1.56727,0.94036,0.434012,0.482236,0.217006,0.0723354,0.0723354,0,0,0,0.0241118,0,0,0,0
85682,85700,85691,6.8,169.66,-44.9374,427.144,-31.4226,308.232,3.68486,0.650047,34.8961,0.161047,0.000209432,1.19972,1.04976,0.53559,0.342778,0.299931,0.149965,0.0214236,0.0642708,0.0214236,0,0,0,0,0,0
85701,85718,85710,6.9,169.659,-44.9355,421.117,-32.2711,308.397,2.88747,0.516999,40.5311,0.235191,0.00015112,1.18227,0.773023,0.431983,0.204624,0.159152,0.022736,0.0909438,0,0,0,0,0.022736,0,0,0
85719,85736,85728,7,169.659,-44.9337,414.947,-33.0239,308.732,2.99043,0.444365,19.6838,0.13289,9.64038e-05,1.16421,0.776143,0.479383,0.182622,0.20545,0.159794,0.0228277,0,0,0,0,0,0,0,0
85737,85753,85745,7.1,169.659,-44.932,409.21,-33.8125,308.951,1.43828,0.194701,7.94549,0.122426,3.4483e-05,0.410936,0.565037,0.256835,0.102734,0.0770505,0,0.0256835,0,0,0,0,0,0,0,0
85754,85772,85763,7.2,169.659,-44.9301,403.22,-34.6489,309.168,1.66779,0.251389,12.2201,0.145831,6.91781e-05,0.731084,0.479774,0.137078,0.114232,0.114232,0.0456928,0.0228464,0.0228464,0,0,0,0,0,0,0
85773,85788,85780,7.3,169.659,-44.9286,397.652,-35.4544,309.347,3.04423,0.471807,23.6884,0.150624,0.000142198,1.24892,1.04076,0.260191,0.104076,0.156114,0.104076,0.104076,0.0260191,0,0,0,0,0,0,0
85789,85804,85796,7.4,169.659,-44.9273,392.111,-36.3025,309.482,2.1842,0.4724,43.0993,0.273704,0.000169941,0.884082,0.572053,0.312029,0.10401,0.10401,0.10401,0.0520048,0.0260024,0,0,0,0.0260024,0,0,0
85805,85822,85814,7.5,169.659,-44.9253,386.277,-37.2422,309.584,1.9827,0.358544,20.2528,0.169459,0.000133366,0.783858,0.507202,0.276656,0.0922186,0.161383,0.0461093,0.0461093,0.069164,0,0,0,0,0,0,0
85823,85840,85832,7.6,169.658,-44.9229,380.449,-38.0665,309.841,3.01488,0.664119,58.3783,0.26371,0.000310785,1.4333,0.716651,0.321257,0.0741363,0.197697,0.0988484,0.0247121,0.0494242,0.0741363,0,0.0247121,0,0,0,0
85841,85855,85848,7.7,169.658,-44.9207,375.285,-38.8767,309.978,2.8956,0.403201,16.4373,0.122301,6.86088e-05,1.08585,0.723899,0.556846,0.222738,0.222738,0.0835268,0,0,0,0,0,0,0,0,0
85856,85873,85864,7.8,169.658,-44.9186,369.652,-39.7581,310.15,3.15569,0.494459,24.612,0.149327,0.000144352,1.52525,0.60484,0.341866,0.315569,0.157784,0.0788922,0.10519,0.0262974,0,0,0,0,0,0,0
85874,85891,85882,7.9,169.657,-44.9163,364.349,-40.6353,310.269,3.64701,0.573647,27.9369,0.146102,0.000156204,1.42383,1.0991,0.349713,0.249795,0.299754,0.149877,0.0249795,0.049959,0,0,0,0,0,0,0
85892,85908,85900,8,169.656,-44.9137,358.724,-41.6138,310.336,3.94615,0.673994,41.359,0.184092,0.000245466,1.63064,1.20668,0.45658,0.0978385,0.260903,0.195677,0,0.0652257,0,0.0326128,0,0,0,0,0
85910,85927,85918,8.1,169.655,-44.911,353.413,-42.5487,310.4,3.93823,0.654673,36.434,0.166957,0.000197774,1.41031,1.17083,0.505584,0.345926,0.266097,0.159658,0.0532194,0,0,0.0266097,0,0,0,0,0
85928,85943,85936,8.2,169.654,-44.9087,348.411,-43.3514,310.58,3.52297,0.430484,16.7835,0.116963,6.73676e-05,1.74617,0.919034,0.398248,0.214441,0.122538,0.122538,0,0,0,0,0,0,0,0,0
85944,85962,85953,8.3,169.654,-44.9058,343.207,-44.0725,310.948,4.7093,0.675118,32.2977,0.14352,0.000171783,2.02207,1.19728,0.691761,0.452306,0.186243,0.0532124,0.0532124,0.0266062,0.0266062,0,0,0,0,0,0
85963,85979,85971,8.4,169.653,-44.9031,338.606,-44.8079,311.145,3.42547,0.54167,27.6227,0.152986,0.000156707,1.3763,0.764613,0.67286,0.214092,0.214092,0.0917536,0.0611691,0,0.0305845,0,0,0,0,0,0
