api/src/app/data/B2SAP/Locations/Lauder/NOAA-POPS-B2SAP_GMLBalloon_20201117_R0.ict
61,1001
Thornberry, T. D.
NOAA Chemical Sciences Laboratory
Portable Optical Particle Spectrometer (POPS)
Balloon Baseline Stratospheric Aerosol Profiles (B2SAP)
1,1
2020,11,17,2024,05,28
0
TIME_START,s,Seconds since midnight UTC on flight start day,Start time of 100 m altitude bin in UTC_seconds_since_midnight
28
1.0,1.0,1.0,1.0,1.0,1.0,1.0,1.0,1.0,1.0,1.0,1.0,1.0,1.0,1.0,1.0,1.0,1.0,1.0,1.0,1.0,1.0,1.0,1.0,1.0,1.0,1.0,1.0
99999,99999,99999,99999,99999,99999,99999,99999,99999,99999,99999,99999,99999,99999,99999,99999,99999,99999,99999,99999,99999,99999,99999,99999,99999,99999,99999,99999
TIME_STOP,s,End time of 100 m altitude bin in UTC seconds since midnight,
TIME_MID,s,Mid time of 100 m altitude in UTC seconds since midnight,
GPSAlt,m,GPS reported altitude above sea level (m),
GPS_Lon,deg,GPS reported longitude,
GPS_Lat,deg,GPS reported latitude,
iMet_Pressure,mb,Pressure reported (mB),
iMet_Temperature,degrees C,Ambient temperature (oC),
THETA,K,Potential temperature from iMet,
Aerosol_concentration,cm^-3,Aerosol concentration,
Surface_Area_Conc,um^2 cm^-3,Surface area concentration,
Volume_density,um^3 cm^-3,Volume density,
Effective_radius,um,Effective radius,
Extinction,km^-1,Extinction,
Bin01,cm^-3,particle concentration in size range [140 - 170 nm],
Bin02,cm^-3,particle concentration in size range [170 - 205 nm],
Bin03,cm^-3,particle concentration in size range [205 - 249 nm],
Bin04,cm^-3,particle concentration in size range [249 - 302 nm],
Bin05,cm^-3,particle concentration in size range [302 - 366 nm],
Bin06,cm^-3,particle concentration in size range [366 - 443 nm],
Bin07,cm^-3,particle concentration in size range [443 - 537 nm],
Bin08,cm^-3,particle concentration in size range [537 - 651 nm],
Bin09,cm^-3,particle concentration in size range [651 - 789 nm],
Bin10,cm^-3,particle concentration in size range [789 - 956 nm],
Bin11,cm^-3,particle concentration in size range [956 - 1159 nm],
Bin12,cm^-3,particle concentration in size range [1159 - 1404 nm],
Bin13,cm^-3,particle concentration in size range [1404 - 1702 nm],
Bin14,cm^-3,particle concentration in size range [1702 - 2062 nm],
Bin15,cm^-3,particle concentration in size range [2062 - 2500 nm],
0
19
PI_CONTACT_INFO: 325 Broadway R/CSL6, Boulder, CO 80305; troy.thornberry@noaa.gov; 303-497-3373 
PLATFORM: GML ECC/FPH balloon
LOCATION: Lauder, NZ
ASSOCIATED_DATA: N/A
INSTRUMENT_INFO: Printed Optical Particle Spectrometer counts particles from 140 - 2500 nm in diameter 
DATA_INFO: Particle concentrations reported in number per cubic centimeter, binned to 100 m altitude
UNCERTAINTY: Counting uncertainty dominated by air flow, less than 5 percent
ULOD_FLAG: -77777
ULOD_VALUE: 3000 ~3000 per cm3 (varies depending on flow rate- manufacturer quotes 1250  per cm3 at 1.667 cc/s)
LLOD_FLAG: -88888
LLOD_VALUE: 0 0 (varies depending on data field and measurement precision)
DM_CONTACT_INFO: Troy Thornberry, 325 Broadway R/CSL6, Boulder, CO 80305; troy.thornberry@noaa.gov; 303-497-3373
PROJECT_INFO: B2SAP Lauder, NZ
STIPULATIONS_ON_USE: Please contact the PIs for questions regarding applications and uncertainties
OTHER_COMMENTS: POPS bin Edges (nm):  140, 170, 205, 249, 302, 366, 443, 537, 651, 789, 956, 1159, 1404, 1702, 2062, 2500
Calculations assume sulfate refractive index of 1.45+0.00j and extinction wavelength = 532 nm
REVISION: R0
R0: QA/QC data
TIME_START,TIME_STOP,TIME_MID,GPSAlt,GPS_Lon,GPS_Lat,iMet_Pressure,iMet_Temperature,THETA,Aerosol_concentration,Surface_Area_Conc,Volume_density,Effective_radius,Extinction,Bin01,Bin02,Bin03,Bin04,Bin05,Bin06,Bin07,Bin08,Bin09,Bin10,Bin11,Bin12,Bin13,Bin14,Bin15
[from data line 239]
82967,82983,82975,24.3,170.091,-45.016,27.8225,-51.7,616.218,1.8754,0.329072,17.5531,0.160024,0.000104277,0.801144,0.236702,0.327741,0.200286,0.218494,0.0182078,0.0546234,0,0.0182078,0,0,0,0,0,0
82984,83000,82992,24.4,170.09,-45.0173,27.3775,-51.0656,620.844,2.01238,0.343261,16.6297,0.145338,9.03256e-05,0.553867,0.49848,0.443093,0.276933,0.110773,0.0738489,0.0369244,0.0184622,0,0,0,0,0,0,0
83001,83017,83009,24.5,170.089,-45.0188,26.9733,-51.276,622.889,1.79267,0.318187,15.952,0.150402,9.20508e-05,0.657311,0.39837,0.199185,0.239022,0.119511,0.119511,0.0597555,0,0,0,0,0,0,0,0
83018,83033,83026,24.6,170.089,-45.0198,26.52,-51.7514,624.577,1.9708,0.249677,9.46588,0.113738,3.41562e-05,0.822972,0.498115,0.324857,0.194914,0.108286,0.0216572,0,0,0,0,0,0,0,0,0
83034,83050,83042,24.7,170.088,-45.0208,26.0712,-51.7506,627.626,1.46711,0.200191,8.533,0.127873,3.99779e-05,0.724031,0.285802,0.171481,0.152427,0.0762137,0.0381069,0.0190534,0,0,0,0,0,0,0,0
83051,83067,83059,24.8,170.088,-45.022,25.6427,-51.7727,630.551,1.51337,0.228593,10.6435,0.139683,5.73901e-05,0.704858,0.352429,0.103656,0.145118,0.124387,0.0414622,0.0414622,0,0,0,0,0,0,0,0
83070,83084,83077,24.9,170.087,-45.0235,25.2325,-52.71,630.771,1.51037,0.219498,11.2021,0.153105,6.87672e-05,0.84793,0.291476,0.105991,0.158987,0.0264978,0,0.0529956,0.0264978,0,0,0,0,0,0,0
83085,83102,83094,25,170.087,-45.025,24.8256,-53.18,632.364,1.10026,0.106008,3.40677,0.0964105,8.80742e-06,0.780185,0.140033,0.080019,0.080019,0.0200047,0,0,0,0,0,0,0,0,0,0
83103,83122,83112,25.1,170.088,-45.0266,24.3811,-52.3706,637.971,1.15058,0.111858,3.75175,0.10062,1.16658e-05,0.773043,0.251689,0.0539333,0.0359555,0.0179778,0.0179778,0,0,0,0,0,0,0,0,0
83123,83140,83132,25.2,170.089,-45.0279,24.0136,-51.5918,643.013,0.853823,0.0721396,2.03838,0.0847682,3.42846e-06,0.618286,0.147211,0.0883265,0,0,0,0,0,0,0,0,0,0,0,0
83142,83160,83151,25.3,170.089,-45.0289,23.6069,-51.1731,647.372,0.862068,0.0814052,2.56908,0.0946774,6.48299e-06,0.554187,0.22578,0.0205254,0.0410509,0.0205254,0,0,0,0,0,0,0,0,0,0
83161,83177,83169,25.4,170.09,-45.0298,23.2414,-50.5136,652.202,0.902633,0.0809778,2.57692,0.0954675,7.44476e-06,0.736358,0.095014,0.0237535,0,0.047507,0,0,0,0,0,0,0,0,0,0
83178,83191,83184,25.5,170.091,-45.0305,22.91,-49.7689,657.07,0.773361,0.0629722,1.79585,0.0855544,3.36e-06,0.699707,0,0.0368267,0.0368267,0,0,0,0,0,0,0,0,0,0,0
83194,83211,83202,25.6,170.091,-45.0313,22.5129,-49.3521,661.597,1.35722,0.152218,6.0382,0.119004,2.73979e-05,0.945209,0.169653,0.0969445,0.0484722,0.0727084,0,0.0242361,0,0,0,0,0,0,0,0
83213,83230,83222,25.7,170.092,-45.0318,22.1169,-48.5723,667.273,0.889595,0.102818,4.01506,0.117151,1.67527e-05,0.627949,0.0784936,0.0523291,0.0523291,0.0523291,0.0261645,0,0,0,0,0,0,0,0,0
83231,83247,83239,25.8,170.093,-45.032,21.7413,-47.2627,674.463,1.21267,0.171264,7.05082,0.123508,2.99905e-05,0.503372,0.274567,0.160164,0.114403,0.137283,0.0228806,0,0,0,0,0,0,0,0,0
83248,83265,83256,25.9,170.094,-45.0321,21.4131,-47.0685,677.976,1.11399,0.118752,3.96395,0.10014,1.071e-05,0.583519,0.238712,0.212189,0.0530471,0.0265236,0,0,0,0,0,0,0,0,0,0
83266,83282,83274,26,170.095,-45.0323,21.0733,-46.4433,682.971,1.2254,0.176577,8.4475,0.143521,4.82747e-05,0.739862,0.138724,0.115603,0.115603,0.0231207,0.0462414,0.0462414,0,0,0,0,0,0,0,0
83284,83299,83292,26.1,170.095,-45.0326,20.7409,-46.27,686.597,0.706008,0.0680099,2.18918,0.0965672,5.46531e-06,0.545551,0.0320913,0.0320913,0.0962738,0,0,0,0,0,0,0,0,0,0,0
83300,83315,83308,26.2,170.095,-45.0328,20.3927,-46.8645,688.127,0.854896,0.254324,41.8441,0.493592,9.46564e-05,0.55897,0.197284,0,0.0657612,0,0,0,0,0,0,0,0,0.0328806,0,0
83317,83333,83325,26.3,170.095,-45.033,20.0787,-46.1275,693.429,0.907193,0.112213,4.48032,0.119781,1.86757e-05,0.453596,0.272158,0.0226798,0.113399,0,0.0453596,0,0,0,0,0,0,0,0,0
83334,83351,83342,26.4,170.095,-45.0331,19.7365,-46.2912,696.344,0.944808,0.108664,4.35855,0.120331,1.9886e-05,0.622714,0.0858916,0.15031,0.0429458,0.0214729,0,0.0214729,0,0,0,0,0,0,0,0
83352,83368,83360,26.5,170.095,-45.0333,19.4591,-46.7345,697.795,0.818126,0.0840894,3.11293,0.111058,1.22707e-05,0.613594,0.102266,0.0340886,0.0340886,0,0.0340886,0,0,0,0,0,0,0,0,0
83369,83386,83378,26.6,170.096,-45.0337,19.1247,-45.8847,703.901,1.32247,0.200309,9.11276,0.136481,4.6904e-05,0.548952,0.299428,0.199619,0.0998094,0.0998094,0.0499047,0.0249523,0,0,0,0,0,0,0,0
83387,83402,83394,26.7,170.097,-45.034,18.82,-46.4675,705.312,1.2032,0.172264,7.06625,0.12306,2.93684e-05,0.443283,0.253304,0.253304,0.126652,0.0949891,0.031663,0,0,0,0,0,0,0,0,0
83405,83418,83412,26.8,170.097,-45.034,18.52,-46.7679,707.631,1.16062,0.163973,7.50981,0.137398,4.00616e-05,0.607943,0.22107,0.138169,0.0829013,0.0276338,0.0552675,0.0276338,0,0,0,0,0,0,0,0
83421,83437,83429,26.9,170.098,-45.0338,18.2336,-46.9643,710.161,1.24986,0.173122,7.0497,0.122163,2.93671e-05,0.499943,0.333295,0.138873,0.138873,0.111098,0.0277746,0,0,0,0,0,0,0,0,0
83438,83454,83446,27,170.098,-45.0334,17.905,-46.9757,713.835,1.13016,0.127277,4.48753,0.105774,1.41516e-05,0.593333,0.254286,0.14127,0.0847619,0.0565079,0,0,0,0,0,0,0,0,0,0
83455,83471,83463,27.1,170.098,-45.0329,17.6133,-47.2858,716.196,0.963455,0.0904569,2.79648,0.0927451,6.17848e-06,0.664451,0.13289,0.0996677,0.0664451,0,0,0,0,0,0,0,0,0,0,0
83472,83487,83480,27.2,170.097,-45.0324,17.331,-47.362,719.282,0.809881,0.0735382,2.34559,0.0956887,6.70101e-06,0.647905,0.0809881,0.040494,0,0.040494,0,0,0,0,0,0,0,0,0,0
83488,83504,83496,27.3,170.096,-45.0324,17.0524,-47.6435,721.709,0.843134,0.0863344,2.84915,0.0990041,7.72926e-06,0.52997,0.0963582,0.168627,0.0240895,0.0240895,0,0,0,0,0,0,0,0,0,0
83505,83522,83514,27.4,170.095,-45.033,16.8125,-46.81,727.329,0.686135,0.0521502,1.38035,0.0794064,1.93575e-06,0.617522,0.0343068,0.0343068,0,0,0,0,0,0,0,0,0,0,0,0
83523,83540,83532,27.5,170.094,-45.0336,16.5093,-46.6286,731.693,0.892704,0.0790745,2.32228,0.0881048,4.43386e-06,0.595136,0.208298,0.0595136,0.0297568,0,0,0,0,0,0,0,0,0,0,0
83541,83559,83550,27.6,170.093,-45.034,16.2485,-46.5369,735.338,0.583303,0.0495407,1.40519,0.0850933,2.39049e-06,0.421275,0.0972172,0.0648115,0,0,0,0,0,0,0,0,0,0,0,0
83560,83575,83568,27.7,170.092,-45.0343,15.957,-45.988,740.932,0.931451,0.111966,4.26912,0.114386,1.61237e-05,0.63508,0.0423387,0.0423387,0.127016,0.0846774,0,0,0,0,0,0,0,0,0,0
83577,83592,83584,27.8,170.091,-45.0343,15.7473,-45.4733,745.43,1.11511,0.126017,4.36882,0.104006,1.26942e-05,0.543259,0.257333,0.171555,0.11437,0.0285926,0,0,0,0,0,0,0,0,0,0
83594,83609,83602,27.9,170.089,-45.0344,15.4679,-45.6693,748.6,1.24825,0.162891,6.40963,0.118048,2.51667e-05,0.530505,0.312062,0.187237,0.124825,0.0624124,0.0312062,0,0,0,0,0,0,0,0,0
83610,83626,83618,28,170.088,-45.0346,15.2021,-45.8836,751.614,1.09325,0.143267,6.29327,0.131781,3.26497e-05,0.655948,0.156178,0.124943,0.0312356,0.0937069,0,0.0312356,0,0,0,0,0,0,0,0
83627,83642,83634,28.1,170.087,-45.0349,14.9714,-45.8857,754.891,1.1353,0.126134,4.50926,0.107249,1.55052e-05,0.599188,0.346898,0.0630724,0.0315362,0.0946086,0,0,0,0,0,0,0,0,0,0
83645,83660,83652,28.2,170.085,-45.0356,14.7113,-45.8847,758.686,0.934919,0.100672,3.7486,0.111708,1.47174e-05,0.573015,0.271428,0,0.0301587,0.0301587,0.0301587,0,0,0,0,0,0,0,0,0
83661,83680,83670,28.3,170.083,-45.0365,14.4353,-46.0687,762.195,0.87531,0.100411,3.43326,0.102576,9.10853e-06,0.362197,0.241465,0.150916,0.120732,0,0,0,0,0,0,0,0,0,0,0
83681,83696,83688,28.4,170.081,-45.0373,14.2175,-45.5158,767.364,0.677471,0.0801859,2.91211,0.108951,9.64062e-06,0.338735,0.150549,0.0752745,0.0752745,0.0376373,0,0,0,0,0,0,0,0,0,0
77643,78399,78021,0.4,169.683,-45.0376,962.507,16.0954,292.419,14.0233,3.70735,461.925,0.373791,0.00186275,7.36986,3.08841,1.32303,0.648918,0.361742,0.228734,0.231756,0.235787,0.189436,0.125955,0.0856491,0.0715422,0.0423208,0.0130993,0.00705346
84060,84079,84070,28.3,170.032,-45.0586,14.36,-41.9135,777.303,1.29417,0.164086,6.22314,0.113778,2.26786e-05,0.422586,0.475409,0.237704,0.0792348,0.0528232,0.0264116,0,0,0,0,0,0,0,0,0
84080,84101,84090,28.2,170.029,-45.0595,14.6205,-42.793,770.365,0.901599,0.134861,5.8167,0.129393,2.66011e-05,0.31556,0.27048,0.0901599,0.1127,0.0676199,0.04508,0,0,0,0,0,0,0,0,0
84102,84121,84112,28.1,170.027,-45.0604,14.87,-41.0037,772.611,1.20071,0.142646,5.62715,0.118345,2.41916e-05,0.588585,0.353151,0.117717,0.0941737,0.0235434,0,0.0235434,0,0,0,0,0,0,0,0
84123,84143,84133,28,170.025,-45.0611,15.104,-42.7105,763.511,1.01219,0.106279,3.54523,0.100074,9.64623e-06,0.584819,0.179944,0.157451,0.0674791,0.022493,0,0,0,0,0,0,0,0,0,0
84144,84164,84154,27.9,170.023,-45.0615,15.3189,-42.2084,762.102,1.49827,0.150345,4.8885,0.0975454,1.3013e-05,0.829809,0.437955,0.138302,0.0461005,0.0461005,0,0,0,0,0,0,0,0,0,0
84165,84187,84176,27.8,170.021,-45.0617,15.5913,-41.4439,760.776,0.982599,0.118353,4.71392,0.119488,2.03457e-05,0.566884,0.132273,0.151169,0.0944807,0.0188961,0,0.0188961,0,0,0,0,0,0,0,0
84188,84209,84198,27.7,170.019,-45.062,15.853,-44.532,747.08,1.2274,0.125529,4.73112,0.113069,2.02356e-05,0.898633,0.197261,0.0219179,0.0657536,0.0219179,0,0.0219179,0,0,0,0,0,0,0,0
84210,84231,84220,27.6,170.017,-45.0626,16.1325,-44.9869,741.876,0.645993,0.0612885,1.93786,0.0948561,4.62816e-06,0.457579,0.107666,0,0.0807492,0,0,0,0,0,0,0,0,0,0,0
84232,84251,84242,27.5,170.015,-45.0631,16.3694,-45.3478,737.626,0.784412,0.0822728,3.03106,0.110525,1.17461e-05,0.546712,0.14262,0.0237701,0.0237701,0.0237701,0.0237701,0,0,0,0,0,0,0,0,0
84252,84270,84261,27.4,170.013,-45.0637,16.6638,-44.4956,736.622,0.521382,0.0474419,1.55005,0.0980177,4.71594e-06,0.469244,0,0,0.0260691,0.0260691,0,0,0,0,0,0,0,0,0,0
84272,84289,84280,27.3,170.011,-45.0643,16.9333,-44.3275,733.796,0.587243,0.0532345,1.57094,0.0885293,2.9523e-06,0.37998,0.103631,0.103631,0,0,0,0,0,0,0,0,0,0,0,0
84290,84304,84297,27.2,170.009,-45.0647,17.1857,-43.9957,731.753,0.765858,0.0926353,3.49802,0.113284,1.27508e-05,0.471297,0.0883682,0.0294561,0.117824,0.0589122,0,0,0,0,0,0,0,0,0,0
84305,84321,84313,27.1,170.007,-45.0648,17.472,-43.7453,729.107,0.96156,0.0896998,2.76459,0.0924613,6.10507e-06,0.631883,0.219785,0.0274732,0.0824195,0,0,0,0,0,0,0,0,0,0,0
84324,84338,84331,27,170.007,-45.0647,17.7887,-45.2053,720.76,0.971154,0.10939,3.70109,0.101502,9.64181e-06,0.377671,0.350694,0.107906,0.134882,0,0,0,0,0,0,0,0,0,0,0
84339,84354,84346,26.9,170.006,-45.0647,18.0193,-46.8064,713.071,1.23852,0.174281,7.4643,0.128487,3.47525e-05,0.604857,0.259224,0.115211,0.0864081,0.115211,0.0576054,0,0,0,0,0,0,0,0,0
84355,84370,84362,26.8,170.007,-45.0649,18.34,-46.6713,709.904,1.15858,0.207236,11.6138,0.168124,7.43274e-05,0.591616,0.123253,0.0986027,0.172555,0.0986027,0.0246507,0,0.0493013,0,0,0,0,0,0,0
84371,84388,84380,26.7,170.007,-45.0653,18.6553,-45.5229,710.039,1.3597,0.181246,8.18481,0.135476,4.2033e-05,0.64528,0.299594,0.276549,0.0460914,0.0460914,0.0230457,0,0.0230457,0,0,0,0,0,0,0
84389,84404,84396,26.6,170.007,-45.0658,18.9386,-45.5586,706.876,0.726023,0.0636805,1.91099,0.0900272,4.0556e-06,0.586403,0.055848,0.027924,0.055848,0,0,0,0,0,0,0,0,0,0,0
84405,84420,84412,26.5,170.006,-45.0664,19.2427,-46.378,701.141,0.916881,0.0991363,3.49426,0.105741,1.13794e-05,0.611254,0.101876,0.0764068,0.0764068,0.0509379,0,0,0,0,0,0,0,0,0,0
84421,84435,84428,26.4,170.006,-45.0667,19.57,-47.0327,695.747,0.764573,0.081271,3.03698,0.112105,1.2049e-05,0.5213,0.10426,0.10426,0,0,0.0347533,0,0,0,0,0,0,0,0,0
84436,84449,84442,26.3,170.005,-45.0671,19.8646,-46.4638,694.528,0.943389,0.0927037,3.17463,0.102735,1.04305e-05,0.766504,0.0589618,0,0.0589618,0.0589618,0,0,0,0,0,0,0,0,0,0
84451,84463,84457,26.2,170.005,-45.0674,20.2227,-46.2991,691.495,0.614097,0.0657878,2.27657,0.103814,7.15198e-06,0.341165,0.170582,0.0341165,0.0341165,0.0341165,0,0,0,0,0,0,0,0,0,0
84464,84473,84468,26.1,170.005,-45.0676,20.502,-47.322,685.686,0.880762,0.0966751,3.36649,0.104468,1.03301e-05,0.513778,0.146794,0.110095,0.0733968,0.0366984,0,0,0,0,0,0,0,0,0,0
84474,84484,84479,26,170.006,-45.0677,20.826,-47.964,680.676,0.912609,0.0879731,2.73682,0.0933292,6.06221e-06,0.511061,0.292035,0.0365044,0.0730087,0,0,0,0,0,0,0,0,0,0,0
84485,84495,84490,25.9,170.007,-45.0677,21.17,-48.2137,676.752,1.35217,0.15839,6.08299,0.115216,2.41275e-05,0.811305,0.18029,0.225362,0.0450725,0.0450725,0.0450725,0,0,0,0,0,0,0,0,0
84497,84510,84504,25.8,170.007,-45.0679,21.5118,-48.2827,673.447,0.679524,0.0798702,3.63468,0.136522,2.10288e-05,0.517732,0.0647165,0.0323583,0.0323583,0,0,0.0323583,0,0,0,0,0,0,0,0
84511,84525,84518,25.7,170.008,-45.0682,21.9257,-48.4857,669.192,0.890656,0.114653,5.25388,0.137473,2.93361e-05,0.66163,0.0508947,0.0508947,0.0254473,0.0508947,0.0254473,0.0254473,0,0,0,0,0,0,0,0
84526,84539,84532,25.6,170.009,-45.0684,22.3109,-49.0736,664.125,0.714395,0.098499,5.40724,0.164689,3.5347e-05,0.487087,0.064945,0.0974174,0.0324725,0,0,0,0.0324725,0,0,0,0,0,0,0
84540,84553,84546,25.5,170.01,-45.0687,22.633,-49.44,660.334,1.25499,0.117774,3.7567,0.0956931,9.94141e-06,0.906382,0.209165,0.0348608,0.0697217,0.0348608,0,0,0,0,0,0,0,0,0,0
84554,84568,84561,25.4,170.01,-45.0691,23.0392,-49.9469,655.493,1.19766,0.120577,3.99329,0.0993548,1.09967e-05,0.825055,0.133073,0.106459,0.106459,0.0266147,0,0,0,0,0,0,0,0,0,0
84569,84582,84576,25.3,170.011,-45.0693,23.375,-49.985,652.682,0.681446,0.0790538,2.84009,0.107778,9.19593e-06,0.374796,0.102217,0.102217,0.0681446,0.0340723,0,0,0,0,0,0,0,0,0,0
84583,84597,84590,25.2,170.012,-45.0696,23.74,-49.9614,649.859,1.28974,0.111884,3.30506,0.0886207,7.08786e-06,0.924723,0.267683,0.0730044,0,0.0243348,0,0,0,0,0,0,0,0,0,0
84598,84611,84604,25.1,170.013,-45.0702,24.1707,-50.09,646.165,1.20881,0.100609,2.83287,0.0844716,4.82011e-06,0.89452,0.241762,0.0483525,0.0241762,0,0,0,0,0,0,0,0,0,0,0
84612,84626,84619,25,170.014,-45.071,24.588,-50.4593,641.942,1.02157,0.0946914,2.87929,0.0912214,6.02812e-06,0.68845,0.155456,0.133248,0.0444161,0,0,0,0,0,0,0,0,0,0,0
84627,84641,84634,24.9,170.014,-45.0721,24.9967,-50.9993,637.383,1.05148,0.120933,4.9515,0.122833,2.3741e-05,0.744799,0.131435,0.0438117,0.0438117,0.0657176,0,0.0219059,0,0,0,0,0,0,0,0
84642,84658,84650,24.8,170.014,-45.0733,25.4224,-51.02,634.247,1.46636,0.181409,6.74607,0.111561,2.39104e-05,0.571307,0.47609,0.228523,0.0571307,0.133305,0,0,0,0,0,0,0,0,0,0
84659,84674,84666,24.7,170.014,-45.0744,25.8225,-50.2388,633.654,1.01164,0.124981,5.04548,0.12111,2.19596e-05,0.595083,0.198361,0.0595083,0.0595083,0.0595083,0.0396722,0,0,0,0,0,0,0,0,0
84675,84691,84683,24.6,170.013,-45.0753,26.2435,-49.8465,631.832,1.66057,0.245046,11.234,0.137533,5.77812e-05,0.671693,0.354505,0.317188,0.167923,0.0932907,0.0186581,0.0186581,0.0186581,0,0,0,0,0,0,0
84692,84707,84700,24.5,170.013,-45.0761,26.6863,-49.5913,629.547,1.84055,0.26831,12.1367,0.135702,6.10365e-05,0.712469,0.435398,0.336444,0.217699,0.0791633,0.0197908,0.0197908,0.0197908,0,0,0,0,0,0,0
84708,84724,84716,24.4,170.013,-45.077,27.11,-49.0076,628.346,1.65195,0.322723,20.174,0.187535,0.000117003,0.458876,0.422166,0.385456,0.128485,0.11013,0.0917753,0.0367101,0,0,0.0183551,0,0,0,0,0
84725,84741,84733,24.3,170.013,-45.0782,27.5559,-49.2247,624.828,2.27078,0.459259,23.979,0.156637,0.000142285,0.508655,0.454157,0.472323,0.363325,0.29066,0.072665,0.0908313,0.0181663,0,0,0,0,0,0,0
84742,84758,84750,24.2,170.012,-45.0795,28.0594,-49.3563,621.232,1.74435,0.297264,15.5397,0.156827,9.41465e-05,0.625693,0.51193,0.170643,0.208564,0.113762,0.0379208,0.0379208,0.0379208,0,0,0,0,0,0,0
84759,84774,84766,24.1,170.012,-45.0803,28.465,-49.6969,617.756,1.63081,0.263793,13.9525,0.158675,8.08195e-05,0.796443,0.265481,0.151703,0.227555,0.0948146,0.0568888,0.0189629,0,0.0189629,0,0,0,0,0,0
84775,84791,84783,24,170.011,-45.0809,28.9365,-49.2047,616.207,1.79499,0.299495,14.431,0.144554,7.93986e-05,0.686319,0.351959,0.281567,0.228773,0.105588,0.0879896,0.0527938,0,0,0,0,0,0,0,0
84792,84807,84800,23.9,170.01,-45.0814,29.3931,-49.0363,613.928,2.23802,0.440259,25.6655,0.174889,0.00017135,0.869312,0.36992,0.36992,0.295936,0.110976,0.073984,0.055488,0.09248,0,0,0,0,0,0,0
