api/src/app/data/B2SAP/Locations/Lauder/NOAA-POPS-B2SAP_GMLBalloon_20240222_R0.ict
61,1001
Thornberry, T. D.
NOAA Chemical Sciences Laboratory
Portable Optical Particle Spectrometer (POPS)
Balloon Baseline Stratospheric Aerosol Profiles (B2SAP)
1,1
2024,02,22,2024,05,28
0
TIME_START,s,Seconds since midnight UTC on flight start day,Start time of 100 m altitude bin in UTC_seconds_since_midnight
28
1.0,1.0,1.0,1.0,1.0,1.0,1.0,1.0,1.0,1.0,1.0,1.0,1.0,1.0,1.0,1.0,1.0,1.0,1.0,1.0,1.0,1.0,1.0,1.0,1.0,1.0,1.0,1.0
99999,99999,99999,99999,99999,99999,99999,99999,99999,99999,99999,99999,99999,99999,99999,99999,99999,99999,99999,99999,99999,99999,99999,99999,99999,99999,99999,99999
TIME_STOP,s,End time of 100 m altitude bin in UTC seconds since midnight,
TIME_MID,s,Mid time of 100 m altitude in UTC seconds since midnight,
GPSAlt,m,GPS reported altitude above sea level (m),
GPS_Lon,deg,GPS reported longitude,
GPS_Lat,deg,GPS reported latitude,
iMet_Pressure,mb,Pressure reported (mB),
iMet_Temperature,degrees C,Ambient temperature (oC),
THETA,K,Potential temperature from iMet,
Aerosol_concentration,cm^-3,Aerosol concentration,
Surface_Area_Conc,um^2 cm^-3,Surface area concentration,
Volume_density,um^3 cm^-3,Volume density,
Effective_radius,um,Effective radius,
Extinction,km^-1,Extinction,
Bin01,cm^-3,particle concentration in size range [140 - 170 nm],
Bin02,cm^-3,particle concentration in size range [170 - 205 nm],
Bin03,cm^-3,particle concentration in size range [205 - 249 nm],
Bin04,cm^-3,particle concentration in size range [249 - 302 nm],
Bin05,cm^-3,particle concentration in size range [302 - 366 nm],
Bin06,cm^-3,particle concentration in size range [366 - 443 nm],
Bin07,cm^-3,particle concentration in size range [443 - 537 nm],
Bin08,cm^-3,particle concentration in size range [537 - 651 nm],
Bin09,cm^-3,particle concentration in size range [651 - 789 nm],
Bin10,cm^-3,particle concentration in size range [789 - 956 nm],
Bin11,cm^-3,particle concentration in size range [956 - 1159 nm],
Bin12,cm^-3,particle concentration in size range [1159 - 1404 nm],
Bin13,cm^-3,particle concentration in size range [1404 - 1702 nm],
Bin14,cm^-3,particle concentration in size range [1702 - 2062 nm],
Bin15,cm^-3,particle concentration in size range [2062 - 2500 nm],
0
19
PI_CONTACT_INFO: 325 Broadway R/CSL6, Boulder, CO 80305; troy.thornberry@noaa.gov; 303-497-3373 
PLATFORM: GML ECC/FPH balloon
LOCATION: Lauder, NZ
ASSOCIATED_DATA: N/A
INSTRUMENT_INFO: Printed Optical Particle Spectrometer counts particles from 140 - 2500 nm in diameter 
DATA_INFO: Particle concentrations reported in number per cubic centimeter, binned to 100 m altitude
UNCERTAINTY: Counting uncertainty dominated by air flow, less than 5 percent
ULOD_FLAG: -77777
ULOD_VALUE: 3000 ~3000 per cm3 (varies depending on flow rate- manufacturer quotes 1250  per cm3 at 1.667 cc/s)
LLOD_FLAG: -88888
LLOD_VALUE: 0 0 (varies depending on data field and measurement precision)
DM_CONTACT_INFO: Troy Thornberry, 325 Broadway R/CSL6, Boulder, CO 80305; troy.thornberry@noaa.gov; 303-497-3373
PROJECT_INFO: B2SAP Lauder, NZ
STIPULATIONS_ON_USE: Please contact the PIs for questions regarding applications and uncertainties
OTHER_COMMENTS: POPS bin Edges (nm):  140, 170, 205, 249, 302, 366, 443, 537, 651, 789, 956, 1159, 1404, 1702, 2062, 2500
Calculations assume sulfate refractive index of 1.45+0.00j and extinction wavelength = 532 nm
REVISION: R0
R0: QA/QC data
TIME_START,TIME_STOP,TIME_MID,GPSAlt,GPS_Lon,GPS_Lat,iMet_Pressure,iMet_Temperature,THETA,Aerosol_concentration,Surface_Area_Conc,Volume_density,Effective_radius,Extinction,Bin01,Bin02,Bin03,Bin04,Bin05,Bin06,Bin07,Bin08,Bin09,Bin10,Bin11,Bin12,Bin13,Bin14,Bin15
[from data line 389]
89472,89493,89482,14.6,170.448,-44.7359,133.996,-58.8582,380.548,8.98914,1.58597,118.596,0.224335,0.000657307,4.61605,2.18655,0.951553,0.364425,0.323933,0.0809833,0.222704,0.121475,0,0.101229,0,0.0202458,0,0,0
89494,89516,89505,14.5,170.453,-44.7343,136.047,-59.3975,377.944,8.42315,1.51615,119.868,0.237183,0.000639208,4.41955,2.06246,0.831916,0.363963,0.207979,0.138653,0.121321,0.10399,0.0866579,0.0519948,0.0173316,0.0173316,0,0,0
89517,89541,89529,14.4,170.46,-44.7326,138.336,-58.725,377.337,8.36111,1.75563,146.605,0.250517,0.000787118,3.94569,2.06679,0.908136,0.31315,0.266178,0.25052,0.297493,0.156575,0.0782876,0.031315,0.0156575,0.0156575,0.0156575,0,0
89542,89566,89554,14.3,170.467,-44.731,140.591,-58.3667,376.216,8.39757,1.81384,158.287,0.261798,0.000870095,4.00196,2.13219,0.787272,0.311628,0.475643,0.147613,0.131212,0.196818,0.0820075,0.0820075,0.032803,0.0164015,0,0,0
89569,89596,89582,14.2,170.475,-44.7289,143.004,-58.0533,374.943,9.34767,1.90072,161.842,0.255443,0.000822186,4.55944,2.09179,1.17663,0.424894,0.326842,0.196105,0.261473,0.147079,0.0326842,0.0653683,0.0653683,0,0,0,0
89597,89626,89612,14.1,170.482,-44.7266,145.284,-57.7661,373.752,9.17816,1.86601,155.265,0.249621,0.000796333,4.40253,2.23857,0.865582,0.522334,0.38802,0.149238,0.283553,0.19401,0.0298477,0.0447715,0.0298477,0.0298477,0,0,0
89627,89657,89642,14,170.49,-44.7239,147.725,-58.2058,371.213,9.25835,1.8372,139.868,0.228392,0.000824853,4.62918,1.97765,0.996152,0.395531,0.41018,0.161142,0.395531,0.161142,0.0292986,0.0732465,0.0292986,0,0,0,0
89661,89687,89674,13.9,170.497,-44.7214,150.118,-58.4681,369.068,8.59768,1.59851,133.631,0.250791,0.000662834,4.68283,1.79821,0.955297,0.318432,0.28097,0.149851,0.168582,0.056194,0.0936566,0.0374626,0.056194,0,0,0,0
89688,89716,89702,13.8,170.503,-44.7189,152.554,-58.935,366.568,7.98131,1.29687,90.5502,0.209466,0.000474732,4.39665,1.6636,0.79219,0.37629,0.356485,0.118828,0.118828,0.0594142,0.0198047,0.0594142,0.0198047,0,0,0,0
89717,89744,89730,13.7,170.508,-44.7163,155.181,-58.5621,365.424,9.04516,1.70857,165.721,0.290982,0.000682751,4.57432,1.98704,1.1591,0.455363,0.24838,0.206983,0.186285,0.103491,0.0827932,0,0,0.0206983,0,0.0206983,0
89746,89772,89759,13.6,170.513,-44.7135,157.703,-58.9327,363.121,7.56442,1.34323,94.3448,0.210712,0.000604011,4.02363,1.68098,0.804726,0.178828,0.357656,0.12518,0.12518,0.143062,0.0357656,0.089414,0,0,0,0,0
89774,89800,89787,13.5,170.517,-44.7103,160.153,-59.4561,360.632,6.82548,1.36622,119.176,0.261692,0.000583069,3.35787,1.68991,0.76814,0.197522,0.307256,0.175575,0.0877875,0.109734,0.0219469,0.0658406,0,0.0438937,0,0,0
89801,89826,89814,13.4,170.523,-44.7065,162.865,-59.1473,359.43,7.40284,1.06005,56.9725,0.161235,0.000323444,3.97609,1.59567,0.810912,0.470852,0.183109,0.130792,0.156951,0.0261585,0.0261585,0.0261585,0,0,0,0,0
89828,89855,89842,13.3,170.528,-44.7026,165.428,-58.6909,358.593,7.59584,1.32505,104.535,0.236676,0.00051755,4.24369,1.40862,0.998515,0.303121,0.196137,0.124814,0.106984,0.106984,0.0178306,0.0534919,0.0178306,0.0178306,0,0,0
89856,89884,89870,13.2,170.534,-44.6985,168.117,-58.6943,356.936,6.47083,1.01026,72.0122,0.213843,0.000312704,3.49084,1.56662,0.698169,0.170285,0.238399,0.0170285,0.204342,0.0510855,0,0,0.0170285,0.0170285,0,0,0
89886,89913,89900,13.1,170.539,-44.6945,170.753,-59.7509,353.608,8.05316,1.01839,47.5369,0.140036,0.000242172,4.72452,1.71801,0.626357,0.465294,0.214751,0.107375,0.178959,0,0,0.0178959,0,0,0,0,0
89917,89947,89932,13,170.546,-44.6897,173.542,-59.78,351.922,6.57623,0.964348,70.1063,0.218095,0.000279095,3.83464,1.46935,0.627161,0.215027,0.215027,0.0537567,0.0716756,0.0179189,0.0358378,0,0.0179189,0.0179189,0,0,0
89950,89980,89965,12.9,170.554,-44.6847,176.616,-59.7718,350.175,8.28832,1.29012,93.9197,0.218398,0.000439655,4.83336,1.73643,0.769758,0.304323,0.304323,0.0716054,0.0895067,0.0716054,0.053704,0.0179013,0.0179013,0.0179013,0,0,0
89981,90008,89994,12.8,170.56,-44.681,179.386,-60.0727,348.134,9.05715,1.10017,45.4789,0.124014,0.000213409,5.12939,2.04458,0.771203,0.466309,0.394569,0.0896747,0.14348,0.0179349,0,0,0,0,0,0,0
90009,90035,90022,12.7,170.566,-44.6779,182.244,-59.7029,347.159,7.29736,0.904943,43.3009,0.143548,0.000219735,4.41584,1.55303,0.467779,0.411646,0.261956,0.0374223,0.112267,0,0.0187112,0.0187112,0,0,0,0,0
90036,90062,90049,12.6,170.571,-44.6745,185.225,-59.6265,345.682,5.97535,0.758412,48.943,0.193601,0.000156532,3.40889,1.43017,0.764061,0.137139,0.117548,0.0587739,0.0195913,0,0.0195913,0,0,0,0.0195913,0,0
90063,90088,90076,12.5,170.577,-44.6713,188.284,-60.8106,342.162,4.42227,0.637483,36.8575,0.173451,0.000219278,2.51995,0.938805,0.494108,0.148232,0.123527,0.0247054,0.0741162,0.0741162,0,0.0247054,0,0,0,0,0
90089,90117,90103,12.4,170.581,-44.6682,191.306,-59.1367,343.286,4.13778,0.754182,64.1151,0.255038,0.000324879,2.56647,0.707089,0.314262,0.235696,0.0261885,0.0261885,0.157131,0.0261885,0.0261885,0.0261885,0.0261885,0,0,0,0
90121,90147,90134,12.3,170.586,-44.6648,194.521,-58.3,342.997,4.00645,0.515939,25.8365,0.15023,0.000149291,2.40387,0.773659,0.497352,0.082892,0.138153,0,0.0276307,0.0552614,0.0276307,0,0,0,0,0,0
90148,90176,90162,12.2,170.589,-44.6616,197.704,-57.5912,342.538,2.4406,0.4347,37.8215,0.261018,0.000146855,1.409,0.402573,0.32709,0.100643,0.0251608,0.100643,0.0251608,0.0251608,0,0,0.0251608,0,0,0,0
90177,90201,90189,12.1,170.593,-44.6586,200.838,-56.814,342.225,4.29066,0.480709,18.6215,0.116213,8.03716e-05,2.67041,0.930144,0.270042,0.0900139,0.270042,0,0.0600093,0,0,0,0,0,0,0,0
90204,90227,90216,12,170.597,-44.6556,203.999,-56.0887,341.849,4.56515,0.615435,29.3464,0.143052,0.000167185,2.41684,1.10399,0.566914,0.179025,0.0298376,0.11935,0.0895127,0.0596751,0,0,0,0,0,0,0
90230,90254,90242,11.9,170.601,-44.6524,207.471,-55.1093,341.74,4.40271,0.6445,42.712,0.198814,0.000234487,2.36087,1.14853,0.542362,0.127615,0.0319037,0.095711,0.0319037,0,0,0.0638073,0,0,0,0,0
90255,90277,90266,11.8,170.605,-44.6494,210.696,-54.198,341.654,3.86045,0.559443,35.1861,0.188685,0.000195698,2.24445,0.89778,0.314223,0.089778,0.134667,0.089778,0.044889,0,0,0.044889,0,0,0,0,0
90280,90304,90292,11.7,170.608,-44.6464,213.895,-53.4127,341.411,2.01267,0.248373,11.4804,0.138667,6.65338e-05,1.48938,0.201267,0.12076,0.0402535,0.0402535,0.0402535,0.0805069,0,0,0,0,0,0,0,0
90305,90331,90318,11.6,170.612,-44.6433,217.416,-52.713,340.904,1.98744,0.285873,13.8184,0.145012,7.70153e-05,0.927473,0.485819,0.264992,0.132496,0.0883308,0.0441654,0,0.0441654,0,0,0,0,0,0,0
90334,90359,90346,11.5,170.615,-44.6406,220.44,-52.1786,340.379,1.80703,0.229592,10.1522,0.132656,5.45694e-05,0.996983,0.498492,0.124623,0,0.124623,0,0.0623114,0,0,0,0,0,0,0,0
90361,90387,90374,11.4,170.619,-44.6378,223.59,-51.5525,339.968,2.10098,0.251532,10.306,0.122919,4.74014e-05,1.43752,0.221156,0.221156,0,0.110578,0.110578,0,0,0,0,0,0,0,0,0
90395,90419,90407,11.3,170.624,-44.6348,227.177,-50.1933,340.501,2.47726,0.405077,24.2407,0.179527,0.000168562,1.60293,0.291442,0.145721,0.145721,0.145721,0,0,0.145721,0,0,0,0,0,0,0
90423,90455,90439,11.2,170.629,-44.6314,231.42,-49.3708,339.951,2.75847,0.518994,51.0717,0.295215,0.000172808,1.48812,0.617025,0.326661,0.108887,0.108887,0,0.0362956,0.0362956,0,0,0,0.0362956,0,0,0
90458,90481,90470,11.1,170.633,-44.6282,235.193,-48.4933,339.716,2.75524,0.610097,75.4456,0.370985,0.0002137,1.30512,0.870077,0.217519,0.290026,0,0,0,0,0,0,0.0725064,0,0,0,0
90486,90512,90499,11,170.637,-44.6254,238.522,-47.675,339.589,2.78284,0.373715,16.7592,0.134535,8.84624e-05,1.64116,0.428128,0.285419,0.142709,0.142709,0.0713547,0.0713547,0,0,0,0,0,0,0,0
90519,90534,90526,10.9,170.642,-44.6222,242.09,-46.415,340.032,3.04141,0.462413,30.4854,0.19778,0.00020242,2.06382,0.325866,0.217244,0.325866,0,0,0,0,0.108622,0,0,0,0,0,0
90662,90687,90674,10.4,170.666,-44.6109,261.515,-42.2875,338.679,3.22438,0.404688,20.3505,0.150861,0.000123994,2.28827,0.312036,0.416049,0,0.104012,0,0,0.104012,0,0,0,0,0,0,0
90702,90713,90708,10.3,170.671,-44.6091,265.6,-41.5,338.33,3.37335,0.28934,8.17232,0.0847341,1.34544e-05,2.10835,1.05417,0.210835,0,0,0,0,0,0,0,0,0,0,0,0
90717,90738,90728,10.2,170.674,-44.6076,268.35,-40.65,338.569,2.7307,0.205717,5.35765,0.0781315,6.91724e-06,2.31059,0.420108,0,0,0,0,0,0,0,0,0,0,0,0,0
90751,90770,90760,10.1,170.679,-44.6058,272.964,-39.62,338.421,2.87107,0.405211,19.9801,0.147924,0.000114947,1.39452,0.738276,0.328122,0.164061,0.164061,0,0,0.0820306,0,0,0,0,0,0,0
90778,90787,90782,10,170.682,-44.6042,275.87,-39.2033,338.004,3.04105,0.484766,29.7983,0.184409,0.00021937,1.93521,0.691147,0.138229,0,0,0,0.138229,0.138229,0,0,0,0,0,0,0
90937,90966,90952,9.5,170.703,-44.5939,298.29,-34.435,337.273,3.80918,0.455314,17.801,0.117288,7.49912e-05,2.60628,0.400966,0.200483,0,0.601449,0,0,0,0,0,0,0,0,0,0
90974,91002,90988,9.4,170.708,-44.5913,303.119,-33.5857,336.927,3.38371,0.317529,9.77769,0.0923792,2.23493e-05,2.00729,0.974967,0.286755,0.057351,0.057351,0,0,0,0,0,0,0,0,0,0
91006,91036,91021,9.3,170.712,-44.5894,307.02,-33.205,336.234,2.74924,0.273476,9.02182,0.0989684,2.59063e-05,1.69806,0.68731,0.16172,0.0808599,0.12129,0,0,0,0,0,0,0,0,0,0
91040,91067,91054,9.2,170.716,-44.5872,311.448,-32.3391,336.061,2.11502,0.201546,7.13568,0.106214,2.80069e-05,1.45863,0.474056,0.145863,0,0,0,0.0364658,0,0,0,0,0,0,0,0
91070,91103,91086,9.1,170.721,-44.5853,315.931,-31.4633,335.913,2.05122,0.27027,11.8925,0.132007,6.12014e-05,1.03893,0.532785,0.213114,0.106557,0.0532785,0.0532785,0.0532785,0,0,0,0,0,0,0,0
91104,91133,91118,9,170.724,-44.5837,320.325,-30.6255,335.753,1.7742,0.170991,5.40525,0.094834,1.33311e-05,1.05003,0.506913,0.108624,0.0724161,0.0362081,0,0,0,0,0,0,0,0,0,0
91135,91162,91148,8.9,170.728,-44.5823,325.048,-29.938,335.297,1.94789,0.182198,5.83017,0.0959973,1.6066e-05,1.39135,0.357775,0.0795056,0.0397528,0.0795056,0,0,0,0,0,0,0,0,0,0
91164,91189,91176,8.8,170.731,-44.5812,329.146,-29.1477,335.181,1.89517,0.249404,11.4643,0.137901,6.19632e-05,0.794747,0.641911,0.305672,0.0611344,0.0305672,0,0.0305672,0.0305672,0,0,0,0,0,0,0
91193,91213,91203,8.7,170.733,-44.5801,333.584,-28.7713,334.419,1.03245,0.131949,5.41325,0.123076,2.39268e-05,0.58997,0.147492,0.147492,0.0491642,0.0491642,0.0491642,0,0,0,0,0,0,0,0,0
91217,91234,91226,8.6,170.735,-44.579,337.527,-28.4667,333.717,1.43435,0.126575,3.69718,0.087628,6.84977e-06,1.04316,0.130395,0.260791,0,0,0,0,0,0,0,0,0,0,0,0
91254,91254,91254,8.5,170.738,-44.5776,342.99,-27.68,333.247,0,0,0,99999,0,0,0,0,0,0,0,0,0,0,0,0,0,0,0,0
91462,91474,91468,7.7,170.758,-44.568,384.11,-21.63,330.593,4.92094,0.632995,33.6785,0.159615,0.000216065,3.54308,0.787351,0,0.393675,0,0,0,0.196838,0,0,0,0,0,0,0
91497,91497,91497,7.6,170.76,-44.5669,389.17,-20.7,330.58,6.06642,1.12069,89.1684,0.238698,0.00065599,3.79151,1.13745,0.758302,0,0,0,0,0,0.379151,0,0,0,0,0,0
91506,91544,91525,7.5,170.763,-44.5658,394.23,-20.335,329.844,4.58148,0.41241,12.685,0.0922749,3.05387e-05,3.34066,0.859028,0.0954475,0.190895,0.0954475,0,0,0,0,0,0,0,0,0,0
91555,91574,91564,7.4,170.764,-44.5647,399.492,-19.596,329.558,5.62455,1.21929,121.047,0.297831,0.000542176,3.34433,0.988097,0.228022,0.456045,0.228022,0,0.152015,0.0760074,0.0760074,0,0.0760074,0,0,0,0
91587,91609,91598,7.3,170.766,-44.5633,405.54,-18.5975,329.43,5.02421,0.556354,22.3058,0.120278,0.000105128,3.03349,1.42195,0.284389,0,0.0947964,0.0947964,0.0947964,0,0,0,0,0,0,0,0
91610,91640,91625,7.2,170.768,-44.5622,410.447,-18.0078,329.063,6.60043,1.32651,138.262,0.31269,0.000551801,4.14643,1.35393,0.465415,0.0846209,0.0846209,0.0846209,0.169242,0.0846209,0,0.0423105,0,0.0846209,0,0,0
91650,91673,91662,7.1,170.771,-44.5608,416.458,-17.1889,328.754,6.78391,1.17231,97.6549,0.249904,0.000440717,3.68509,1.96817,0.335008,0.167504,0.251256,0.083752,0.125628,0.083752,0,0.041876,0,0.041876,0,0,0
91674,91711,91692,7,170.774,-44.5595,421.725,-16.4083,328.574,7.57361,1.00786,51.5084,0.15332,0.000321634,4.88216,1.43961,0.563326,0.0625918,0.250367,0.0625918,0.125184,0.187775,0,0,0,0,0,0,0
91720,91741,91730,6.9,170.779,-44.5583,427.94,-16.264,327.383,6.31484,0.648589,24.125,0.111589,0.000100008,4.20989,1.50353,0.22553,0.0751766,0.150353,0.0751766,0.0751766,0,0,0,0,0,0,0,0
91756,91779,91768,6.8,170.784,-44.557,433.98,-15.55,326.984,6.08757,0.766404,33.0474,0.12936,0.000167705,3.50035,1.4458,0.304379,0.304379,0.304379,0.0760947,0.152189,0,0,0,0,0,0,0,0
91780,91788,91784,6.7,170.786,-44.5563,436.445,-15.8,326.139,5.79146,0.903887,49.9568,0.165807,0.000347601,3.86097,0.579146,0.579146,0.193049,0,0,0.579146,0,0,0,0,0,0,0,0
92101,92112,92106,5.7,170.827,-44.5537,501.385,-11.795,318.341,10.1609,1.56432,114.052,0.218725,0.000658725,5.64494,2.82247,0.940824,0.188165,0.188165,0,0.188165,0,0,0.188165,0,0,0,0,0
92142,92149,92146,5.6,170.831,-44.5539,509.685,-11.01,317.808,10.881,1.50239,73.4095,0.146586,0.000429396,5.6281,3.00166,0.938017,0.375207,0.375207,0.187603,0.187603,0.187603,0,0,0,0,0,0,0
92215,92246,92230,5.3,170.841,-44.5544,528.863,-9.235,316.598,8.6768,1.2073,61.394,0.152556,0.000359395,4.58631,1.98327,1.30152,0.123954,0.185932,0.247909,0.123954,0.0619772,0.0619772,0,0,0,0,0,0
92249,92273,92261,5.2,170.844,-44.5544,535.636,-8.795,315.977,7.91314,1.46974,115.204,0.235151,0.00057201,4.34991,1.5271,0.786686,0.231378,0.416481,0.138827,0.231378,0.138827,0.0462757,0,0,0.0462757,0,0,0
92277,92301,92289,5.1,170.847,-44.5544,541.873,-8.26143,315.572,7.59312,0.923201,37.853,0.123006,0.000175438,3.9824,1.80536,1.06197,0.371691,0.106197,0.106197,0.159296,0,0,0,0,0,0,0,0
92310,92334,92322,5,170.85,-44.5542,549.77,-7.806,314.804,8.24782,1.47941,125.976,0.255459,0.000492682,4.71304,1.47283,0.810054,0.441848,0.294565,0.147283,0.220924,0.0736413,0,0,0,0.0736413,0,0,0
92338,92338,92338,4.9,170.851,-44.5542,553.1,-7.74,314.338,12.7981,1.23483,38.1526,0.0926913,8.19969e-05,6.94755,4.02227,1.09698,0.731321,0,0,0,0,0,0,0,0,0,0,0
