api/src/app/data/B2SAP/Locations/Lauder/NOAA-POPS-B2SAP_GMLBalloon_20201117_R0.ict
61,1001
Thornberry, T. D.
NOAA Chemical Sciences Laboratory
Portable Optical Particle Spectrometer (POPS)
Balloon Baseline Stratospheric Aerosol Profiles (B2SAP)
1,1
2020,11,17,2024,05,28
0
TIME_START,s,Seconds since midnight UTC on flight start day,Start time of 100 m altitude bin in UTC_seconds_since_midnight
28
1.0,1.0,1.0,1.0,1.0,1.0,1.0,1.0,1.0,1.0,1.0,1.0,1.0,1.0,1.0,1.0,1.0,1.0,1.0,1.0,1.0,1.0,1.0,1.0,1.0,1.0,1.0,1.0
99999,99999,99999,99999,99999,99999,99999,99999,99999,99999,99999,99999,99999,99999,99999,99999,99999,99999,99999,99999,99999,99999,99999,99999,99999,99999,99999,99999
TIME_STOP,s,End time of 100 m altitude bin in UTC seconds since midnight,
TIME_MID,s,Mid time of 100 m altitude in UTC seconds since midnight,
GPSAlt,m,GPS reported altitude above sea level (m),
GPS_Lon,deg,GPS reported longitude,
GPS_Lat,deg,GPS reported latitude,
iMet_Pressure,mb,Pressure reported (mB),
iMet_Temperature,degrees C,Ambient temperature (oC),
THETA,K,Potential temperature from iMet,
Aerosol_concentration,cm^-3,Aerosol concentration,
Surface_Area_Conc,um^2 cm^-3,Surface area concentration,
Volume_density,um^3 cm^-3,Volume density,
Effective_radius,um,Effective radius,
Extinction,km^-1,Extinction,
Bin01,cm^-3,particle concentration in size range [140 - 170 nm],
Bin02,cm^-3,particle concentration in size range [170 - 205 nm],
Bin03,cm^-3,particle concentration in size range [205 - 249 nm],
Bin04,cm^-3,particle concentration in size range [249 - 302 nm],
Bin05,cm^-3,particle concentration in size range [302 - 366 nm],
Bin06,cm^-3,particle concentration in size range [366 - 443 nm],
Bin07,cm^-3,particle concentration in size range [443 - 537 nm],
Bin08,cm^-3,particle concentration in size range [537 - 651 nm],
Bin09,cm^-3,particle concentration in size range [651 - 789 nm],
Bin10,cm^-3,particle concentration in size range [789 - 956 nm],
Bin11,cm^-3,particle concentration in size range [956 - 1159 nm],
Bin12,cm^-3,particle concentration in size range [1159 - 1404 nm],
Bin13,cm^-3,particle concentration in size range [1404 - 1702 nm],
Bin14,cm^-3,particle concentration in size range [1702 - 2062 nm],
Bin15,cm^-3,particle concentration in size range [2062 - 2500 nm],
0
19
PI_CONTACT_INFO: 325 Broadway R/CSL6, Boulder, CO 80305; troy.thornberry@noaa.gov; 303-497-3373 
PLATFORM: GML ECC/FPH balloon
LOCATION: Lauder, NZ
ASSOCIATED_DATA: N/A
INSTRUMENT_INFO: Printed Optical Particle Spectrometer counts particles from 140 - 2500 nm in diameter 
DATA_INFO: Particle concentrations reported in number per cubic centimeter, binned to 100 m altitude
UNCERTAINTY: Counting uncertainty dominated by air flow, less than 5 percent
ULOD_FLAG: -77777
ULOD_VALUE: 3000 ~3000 per cm3 (varies depending on flow rate- manufacturer quotes 1250  per cm3 at 1.667 cc/s)
LLOD_FLAG: -88888
LLOD_VALUE: 0 0 (varies depending on data field and measurement precision)
DM_CONTACT_INFO: Troy Thornberry, 325 Broadway R/CSL6, Boulder, CO 80305; troy.thornberry@noaa.gov; 303-497-3373
PROJECT_INFO: B2SAP Lauder, NZ
STIPULATIONS_ON_USE: Please contact the PIs for questions regarding applications and uncertainties
OTHER_COMMENTS: POPS bin Edges (nm):  140, 170, 205, 249, 302, 366, 443, 537, 651, 789, 956, 1159, 1404, 1702, 2062, 2500
Calculations assume sulfate refractive index of 1.45+0.00j and extinction wavelength = 532 nm
REVISION: R0
R0: QA/QC data
TIME_START,TIME_STOP,TIME_MID,GPSAlt,GPS_Lon,GPS_Lat,iMet_Pressure,iMet_Temperature,THETA,Aerosol_concentration,Surface_Area_Conc,Volume_density,Effective_radius,Extinction,Bin01,Bin02,Bin03,Bin04,Bin05,Bin06,Bin07,Bin08,Bin09,Bin10,Bin11,Bin12,Bin13,Bin14,Bin15
[from data line 81]
79875,79885,79880,8.5,169.782,-44.9418,327.106,-43.403,316.159,7.51557,1.00957,45.4858,0.135164,0.000221828,3.45192,1.66042,1.44194,0.480647,0.218476,0.174781,0.0436952,0,0.0436952,0,0,0,0,0,0
79888,79905,79896,8.6,169.783,-44.9393,321.529,-44.3762,316.378,7.85793,1.21182,79.23,0.196143,0.000300161,3.42244,2.08085,1.12256,0.574971,0.383314,0.109518,0.0821387,0.0547591,0,0,0,0,0.0273796,0,0
79906,79922,79914,8.7,169.784,-44.9373,316.642,-44.9988,316.899,8.1367,1.11579,48.5562,0.130553,0.000224085,3.20537,2.10951,1.36981,0.95887,0.356152,0.0273963,0.0547926,0.0273963,0.0273963,0,0,0,0,0,0
79922,79940,79931,8.8,169.786,-44.9347,312.225,-45.6444,317.27,8.55965,1.07241,42.7381,0.119557,0.000176956,4.02003,2.13308,1.25797,0.601637,0.300818,0.218777,0,0.0273471,0,0,0,0,0,0,0
79942,79956,79949,8.9,169.787,-44.9323,307.782,-46.4931,317.381,8.19165,1.29367,90.0304,0.208779,0.000330248,3.58808,2.06484,1.38784,0.507747,0.236949,0.304648,0.0338498,0,0.0338498,0,0,0,0.0338498,0,0
79957,79972,79964,9,169.789,-44.93,303.125,-47.3477,317.569,8.60601,1.0861,43.9363,0.121359,0.000189491,3.99319,2.20314,1.17042,0.688481,0.413088,0.034424,0.0688481,0.034424,0,0,0,0,0,0,0
79973,79990,79982,9.1,169.792,-44.9274,298.303,-48.2875,317.702,9.01272,1.19065,52.3167,0.131819,0.000248811,4.35289,1.92532,1.39516,0.753385,0.334838,0.167419,0,0.0558063,0.0279032,0,0,0,0,0,0
79990,80004,79997,9.2,169.794,-44.9249,293.803,-49.14,317.872,9.19831,1.2193,51.214,0.126008,0.00023441,3.87297,2.45785,1.48961,0.819283,0.297921,0.11172,0.11172,0.0372401,0,0,0,0,0,0,0
80004,80022,80013,9.3,169.796,-44.9223,289.218,-49.685,318.523,8.71585,1.17624,49.279,0.125686,0.00022192,3.57573,2.12309,1.67612,0.707697,0.409719,0.111742,0.0744944,0.0372472,0,0,0,0,0,0,0
80024,80038,80031,9.4,169.797,-44.9196,284.718,-50.3973,318.939,9.01281,1.24716,53.2738,0.128148,0.000247457,3.71116,1.91675,2.0391,0.611729,0.448602,0.163128,0.0815639,0.040782,0,0,0,0,0,0,0
80038,80054,80046,9.5,169.799,-44.9178,280.611,-50.6971,319.836,9.95894,1.50648,71.6614,0.142706,0.000394949,4.42266,2.38633,1.11362,0.922713,0.509083,0.318177,0.222724,0.0636354,0,0,0,0,0,0,0
80061,80076,80068,9.6,169.802,-44.9155,275.705,-50.9219,321.123,11.7272,2.24983,136.32,0.181774,0.000900889,4.80391,2.40196,1.6955,1.0173,0.734716,0.282583,0.452133,0.254325,0.0565166,0.0282583,0,0,0,0,0
80077,80096,80086,9.7,169.805,-44.9135,271.708,-50.1283,323.615,13.3088,2.5305,139.005,0.164796,0.000878678,4.97524,2.41299,1.86572,1.86572,0.970172,0.522401,0.373143,0.323391,0,0,0,0,0,0,0
80096,80112,80104,9.8,169.808,-44.9118,267.684,-48.3133,327.649,13.7469,3.41328,222.082,0.195192,0.00157592,4.18898,2.65499,1.85849,1.32749,1.41599,0.914496,0.766997,0.560498,0.0294999,0.0294999,0,0,0,0,0
80113,80132,80122,9.9,169.81,-44.9102,263.744,-46.5037,331.689,14.2329,3.22114,187.711,0.174825,0.00125093,4.11788,2.23858,2.32149,2.01749,1.71348,0.746193,0.718556,0.359278,0,0,0,0,0,0,0
80133,80151,80142,10,169.812,-44.9088,259.651,-46.7229,332.848,13.8381,3.63971,236.668,0.195072,0.0017273,3.74836,2.56737,1.84851,1.77149,1.33503,0.821559,1.0783,0.641843,0.0256737,0,0,0,0,0,0
80152,80171,80162,10.1,169.814,-44.908,255.899,-46.867,334.018,15.2021,4.36213,304.373,0.209329,0.00221087,3.64239,2.59548,2.0284,2.35556,1.59218,1.13416,0.937862,0.676133,0.196297,0.0436215,0,0,0,0,0
80172,80190,80181,10.2,169.817,-44.907,252.021,-46.9526,335.361,13.4445,3.58019,234.386,0.196402,0.00166537,3.22206,2.31803,1.9935,2.13258,1.36764,0.90403,0.92721,0.486785,0.0695408,0.0231803,0,0,0,0,0
80190,80207,80198,10.3,169.819,-44.9066,248.302,-46.8276,336.973,15.0005,4.26845,283.577,0.199307,0.00206374,3.75012,1.87506,2.13192,2.41446,1.72094,1.30997,0.976058,0.7192,0.102743,0,0,0,0,0,0
80207,80224,80216,10.4,169.822,-44.9064,244.374,-46.9724,338.291,13.5696,3.52772,221.989,0.188781,0.00157389,3.18077,2.59079,1.9495,1.82125,1.53908,1.10301,0.795193,0.589982,0,0,0,0,0,0,0
80226,80243,80234,10.5,169.824,-44.9059,240.906,-47.2261,339.29,14.5043,3.81472,249.964,0.196578,0.0017884,4.08847,2.19025,2.04423,1.7522,2.0199,0.973445,0.681412,0.608403,0.146017,0,0,0,0,0,0
80244,80261,80252,10.6,169.826,-44.9057,237.252,-47.6579,340.134,12.9288,3.44069,234.258,0.204253,0.00155756,3.08713,2.18188,1.97298,2.0194,1.57838,0.882036,0.557076,0.533864,0.0928459,0,0.0232115,0,0,0,0
80263,80279,80271,10.7,169.829,-44.9057,233.553,-48.1389,340.933,14.3202,3.63518,228.304,0.188411,0.00156657,3.37091,2.11605,2.55894,2.31289,1.77157,0.861182,0.836577,0.418288,0.0492104,0.0246052,0,0,0,0,0
80280,80301,80290,10.8,169.831,-44.9057,229.977,-48.319,342.161,13.4259,3.5763,233.689,0.196031,0.00164553,3.27408,2.17539,2.02158,1.77987,1.91171,0.922894,0.769078,0.439473,0.109868,0.0219737,0,0,0,0,0
80302,80321,80312,10.9,169.833,-44.9056,226.33,-48.4047,343.597,13.3478,3.54368,226.677,0.1919,0.00159238,2.99454,2.13564,2.11243,2.01958,1.81065,1.06782,0.557124,0.557124,0.0928541,0,0,0,0,0,0
80322,80343,80332,11,169.835,-44.9058,223.063,-48.9257,344.233,12.1556,3.44618,234.114,0.203802,0.00170947,2.65707,2.32232,1.69466,1.82019,1.25531,0.857793,0.795027,0.669497,0.0627653,0.0209218,0,0,0,0,0
80344,80369,80356,11.1,169.838,-44.9057,219.504,-49.3069,345.227,12.3309,3.23084,209.47,0.194503,0.00145252,2.78933,2.33011,1.70081,1.95593,1.44569,0.935444,0.714339,0.35717,0.0680323,0.0340162,0,0,0,0,0
80370,80393,80382,11.2,169.841,-44.9059,216.276,-49.155,346.923,13.1473,3.40067,219.904,0.193995,0.0015314,3.19691,2.15791,2.15791,1.91814,1.57847,0.919111,0.699324,0.379633,0.119884,0.0199807,0,0,0,0,0
80395,80413,80404,11.3,169.845,-44.9059,212.957,-49.0965,348.554,12.8408,3.71696,248.821,0.200826,0.00181966,2.76265,2.12171,1.76809,1.72389,1.9228,0.972452,0.773541,0.707238,0.0884047,0,0,0,0,0,0
80416,80435,80426,11.4,169.847,-44.9053,209.954,-48.9258,350.242,11.8476,3.33578,234.186,0.210613,0.00158679,2.86934,2.10573,1.50409,1.66607,1.41153,0.879315,0.879315,0.439657,0.0462797,0.0231399,0.0231399,0,0,0,0
80436,80459,80448,11.5,169.851,-44.9053,206.451,-48.7941,352.132,12.0191,2.88235,192.182,0.200027,0.0011206,3.09523,2.11038,1.98979,1.8491,1.40692,0.743659,0.522571,0.241187,0.0200989,0,0.0401978,0,0,0,0
80460,80475,80468,11.6,169.855,-44.9055,203.584,-48.2775,354.352,11.3657,3.12323,198.395,0.190567,0.00139982,2.46484,1.53368,1.67062,1.88971,1.75278,0.849001,0.76684,0.38342,0.0547743,0,0,0,0,0,0
80476,80500,80488,11.7,169.858,-44.9058,200.296,-47.5358,357.185,12.5,3.2732,204.546,0.187473,0.00143276,2.48539,2.15644,2.28436,1.91886,1.51682,0.840645,0.840645,0.420323,0.0365498,0,0,0,0,0,0
80501,80521,80511,11.8,169.862,-44.9062,197.312,-47.461,358.839,12.8494,3.25776,202.202,0.186203,0.00136907,2.48569,2.30528,2.4456,2.00459,1.60367,0.982248,0.561285,0.400918,0.0400918,0.0200459,0,0,0,0,0
80524,80543,80534,11.9,169.867,-44.9065,194.339,-47.2457,360.74,11.4148,2.88851,177.808,0.184671,0.00122641,2.48149,1.94974,1.84339,1.94974,1.45344,0.673547,0.655822,0.372223,0.0354498,0,0,0,0,0,0
80544,80562,80553,12,169.871,-44.9066,191.433,-47.8589,361.308,11.3954,2.64209,152.799,0.173497,0.00100344,2.5827,2.12925,1.79409,1.95181,1.53779,0.591458,0.512597,0.295729,0,0,0,0,0,0,0
80563,80575,80569,12.1,169.873,-44.9069,188.763,-48.1625,362.279,9.70682,2.17244,156.195,0.215695,0.000934101,3.5696,1.87874,1.31512,1.22118,0.626246,0.375748,0.375748,0.219186,0.0626246,0.0313123,0.0313123,0,0,0,0
80576,80597,80586,12.2,169.877,-44.9075,185.68,-48.411,363.586,9.63283,2.17668,136.498,0.188127,0.000925461,3.02317,1.80263,1.44586,1.3332,0.788653,0.469436,0.469436,0.206552,0.0751098,0.0187774,0,0,0,0,0
80598,80623,80610,12.3,169.882,-44.9081,182.654,-48.2143,365.612,11.0391,2.78935,180.07,0.193669,0.00125129,2.4404,2.16196,1.89991,1.73612,1.21201,0.507734,0.65514,0.294813,0.11465,0.0163785,0,0,0,0,0
80624,80648,80636,12.4,169.886,-44.9089,179.971,-47.4492,368.408,9.37306,2.5542,192.378,0.225955,0.00120036,2.4902,1.73232,1.29924,1.29924,1.06723,0.58775,0.386678,0.386678,0.0618684,0.0309342,0.0154671,0,0.0154671,0,0
80649,80671,80660,12.5,169.89,-44.9095,177.262,-46.4732,371.618,9.16873,2.26539,156.67,0.207475,0.00102114,2.68972,1.6409,1.25182,1.47173,0.964239,0.355246,0.321413,0.372162,0.0676659,0.0169165,0.0169165,0,0,0,0
80672,80694,80683,12.6,169.894,-44.9104,174.663,-46.4159,373.279,9.78191,1.9853,114.202,0.172571,0.000729926,3.12009,1.87206,1.72027,1.29863,0.775807,0.404769,0.354173,0.21925,0,0.0168654,0,0,0,0,0
80695,80712,80704,12.7,169.898,-44.9114,172.196,-46.4337,374.766,9.78606,2.35507,149.952,0.191016,0.00105943,2.86873,1.78139,1.43436,1.48063,0.809722,0.439563,0.532103,0.370158,0.0694047,0,0,0,0,0,0
80713,80728,80720,12.8,169.901,-44.9122,169.742,-46.4293,376.313,9.20041,2.00264,118.482,0.177488,0.000781438,2.75747,1.69691,1.48479,1.16662,1.08708,0.477255,0.212113,0.265142,0.0530283,0,0,0,0,0,0
80729,80745,80737,12.9,169.902,-44.9135,167.055,-46.7273,377.543,8.54409,2.01132,128.481,0.191638,0.000897942,2.62514,1.33734,1.48593,1.38687,0.520075,0.421013,0.396248,0.27242,0.0990619,0,0,0,0,0,0
80746,80759,80752,13,169.904,-44.9144,164.597,-46.9543,378.76,8.98256,2.11782,142.03,0.201192,0.000991958,2.55126,2.0729,1.51481,0.930147,0.85042,0.292332,0.265756,0.372059,0.106303,0.0265756,0,0,0,0,0
80760,80775,80768,13.1,169.907,-44.9154,161.929,-47.6538,379.351,9.88679,2.1177,133.399,0.188977,0.00086731,2.90512,2.17884,1.61656,1.33542,0.913708,0.468568,0.117142,0.163999,0.163999,0.0234284,0,0,0,0,0
80776,80789,80782,13.2,169.909,-44.9165,159.829,-47.9036,380.355,9.20727,2.19287,153.366,0.209815,0.000939145,2.72215,1.70802,1.5212,1.33439,0.854008,0.24019,0.48038,0.24019,0.0800633,0,0,0.0266878,0,0,0
80790,80806,80798,13.3,169.911,-44.9172,157.144,-48.015,382.012,8.33042,2.07458,154.019,0.222724,0.000974695,2.46393,1.38449,1.59569,1.31409,0.610115,0.258126,0.258126,0.211194,0.211194,0,0,0.023466,0,0,0
80807,80826,80816,13.4,169.914,-44.918,154.677,-48.3989,383.083,9.16578,2.53815,193.612,0.228843,0.00128429,2.68724,1.79149,1.14572,1.0624,0.93741,0.520783,0.479121,0.374964,0.0833253,0.062494,0,0.0208313,0,0,0
80827,80846,80836,13.5,169.917,-44.9189,152.339,-48.8426,383.994,8.57762,1.86007,120.681,0.19464,0.000816599,2.90532,1.77877,1.42302,0.928913,0.632451,0.217405,0.33599,0.276697,0.0395282,0.0395282,0,0,0,0,0
80847,80865,80856,13.6,169.92,-44.9199,150.048,-49.1026,385.22,8.5282,1.88997,115.526,0.183377,0.000780319,2.57231,1.8204,1.18722,1.0685,0.831054,0.435314,0.375953,0.138509,0.0989351,0,0,0,0,0,0
80866,80886,80876,13.7,169.923,-44.9206,147.84,-49.242,386.609,7.67437,1.79952,117.124,0.195259,0.000814143,2.67794,1.13228,1.06039,1.11431,0.718911,0.251619,0.413374,0.215673,0.0718911,0.0179728,0,0,0,0,0
80887,80909,80898,13.8,169.927,-44.9213,145.524,-49.7468,387.478,7.41045,1.71493,110.5,0.193302,0.000784213,2.57036,1.38288,1.0071,0.841755,0.55616,0.375784,0.33069,0.270564,0.0751567,0,0,0,0,0,0
80910,80932,80921,13.9,169.931,-44.9221,143.184,-49.631,389.488,8.31159,2.11787,149.554,0.211846,0.00107929,2.94128,1.42107,1.05754,0.809678,0.842726,0.363529,0.347005,0.380053,0.115668,0.0330481,0,0,0,0,0
80933,80952,80942,14,169.934,-44.9229,141.058,-49.5995,391.209,7.34681,2.02627,146.037,0.216215,0.00106238,2.26455,1.17549,0.916191,1.01991,0.743325,0.363019,0.328446,0.397592,0.10372,0.0345732,0,0,0,0,0
80954,80974,80964,14.1,169.937,-44.9238,138.847,-49.371,393.374,7.98098,1.83856,118.52,0.19339,0.000821227,2.75886,1.41227,1.06741,0.804666,1.00173,0.262748,0.328435,0.262748,0.0656871,0.0164218,0,0,0,0,0
80975,80994,80984,14.2,169.94,-44.9247,136.804,-49.8559,394.192,7.76841,1.76204,111.611,0.190026,0.000779876,2.70629,1.34341,1.14871,0.915076,0.603561,0.408864,0.311515,0.253106,0.0778788,0,0,0,0,0,0
80995,81014,81004,14.3,169.943,-44.9257,134.713,-50.0833,395.531,7.13878,1.81102,126.014,0.208745,0.000919205,2.066,1.75241,0.848537,0.848537,0.590286,0.202911,0.332036,0.405822,0.0737858,0.0184465,0,0,0,0,0
81015,81033,81024,14.4,169.947,-44.9265,132.596,-49.3441,398.636,7.21338,1.73118,118.444,0.205253,0.000803172,2.22396,1.56644,0.947602,0.773553,0.734875,0.386776,0.270744,0.212727,0.0386776,0.0580165,0,0,0,0,0
81034,81051,81042,14.5,169.95,-44.927,130.668,-49.3886,400.226,7.08298,1.58197,100.68,0.190928,0.000683979,2.78597,1.01523,0.849958,0.755518,0.826348,0.330539,0.236099,0.236099,0.0236099,0.0236099,0,0,0,0,0
81052,81072,81062,14.6,169.954,-44.9277,128.585,-49.5038,401.87,7.23106,1.89674,156.563,0.247629,0.000865469,2.1536,1.36761,1.16326,0.927462,0.738825,0.282954,0.282954,0.188636,0.0157197,0.0628788,0.0314394,0.0157197,0,0,0
81073,81093,81083,14.7,169.958,-44.9283,126.567,-49.6263,403.464,7.70363,1.71447,117.387,0.205406,0.000685632,2.47555,1.52341,1.14256,1.02138,0.727084,0.328919,0.22505,0.173115,0.0692461,0,0,0,0.0173115,0,0
81094,81114,81104,14.8,169.961,-44.9292,124.585,-49.3758,405.736,7.51737,1.93711,141.728,0.219495,0.000913602,2.39584,1.26736,1.00695,0.937501,0.868057,0.347223,0.260417,0.347223,0.0347223,0.0347223,0,0.0173611,0,0,0
81115,81132,81124,14.9,169.965,-44.9301,122.964,-49.7059,406.667,7.70934,2.22909,188.799,0.254094,0.00111631,2.46001,1.20095,1.22032,0.910399,0.561736,0.445514,0.503625,0.213072,0.116221,0.0193702,0.0387404,0.0193702,0,0,0
81134,81152,81143,15,169.968,-44.9308,120.963,-50.5289,407.069,7.38067,1.83383,124.793,0.204152,0.000778864,2.00622,1.19637,1.23318,1.14115,0.791444,0.331302,0.42333,0.202462,0.0368113,0,0,0.0184057,0,0,0
81153,81172,81162,15.1,169.971,-44.9318,119.029,-50.8429,408.365,7.72125,1.90239,121.857,0.192164,0.000855206,2.0278,1.24788,1.30637,1.34537,0.799422,0.233977,0.389962,0.292471,0.0779924,0,0,0,0,0,0
81173,81193,81183,15.2,169.974,-44.9331,117.15,-50.8647,410.195,7.01541,1.61979,101.789,0.188523,0.000703905,2.01932,1.46227,1.14893,0.818174,0.591871,0.435199,0.243711,0.226303,0.0696318,0,0,0,0,0,0
81194,81216,81205,15.3,169.977,-44.9348,115.36,-51.0337,411.687,7.20284,1.8811,131.409,0.209572,0.000930414,1.98339,1.33966,1.16568,0.922103,0.678528,0.365361,0.365361,0.243574,0.104389,0.0347963,0,0,0,0,0
81217,81238,81228,15.4,169.981,-44.9364,113.596,-50.9244,413.701,7.18923,2.01907,157.825,0.234501,0.000945601,1.82029,1.28707,1.04805,1.10321,0.753857,0.459669,0.349349,0.275801,0.0183868,0.0367735,0.0183868,0.0183868,0,0,0
81239,81258,81248,15.5,169.984,-44.938,111.948,-50.9206,415.45,6.76674,1.54053,103.279,0.201125,0.000702016,1.97286,1.53035,1.3091,0.700643,0.442512,0.295008,0.18438,0.239694,0.055314,0.036876,0,0,0,0,0
81259,81278,81268,15.6,169.989,-44.9394,110.246,-50.0218,418.955,6.69217,1.67442,109.486,0.196162,0.000787021,1.97856,1.06687,1.24145,0.756507,0.562531,0.387952,0.349157,0.290964,0.0581928,0,0,0,0,0,0
81279,81296,81288,15.7,169.993,-44.9405,108.473,-49.8287,421.259,7.20768,1.8319,123.014,0.201453,0.000875126,2.32223,1.00776,0.985853,1.16112,0.613419,0.394341,0.262894,0.416249,0.0219078,0.0219078,0,0,0,0,0
81297,81312,81304,15.8,169.996,-44.9416,106.887,-49.1792,424.276,6.49676,1.6969,109.662,0.193875,0.000777642,1.71899,0.834215,1.08701,1.01117,0.834215,0.429747,0.151675,0.404468,0.0252792,0,0,0,0,0,0
81313,81324,81318,15.9,169.998,-44.9427,105.345,-49.3136,425.781,7.78327,1.79215,108.123,0.180994,0.000732729,2.0955,1.3471,1.22736,1.46685,0.68852,0.299357,0.389164,0.239485,0.0299357,0,0,0,0,0,0
81327,81348,81338,16,169.999,-44.9446,103.575,-49.4605,427.562,6.89214,1.90398,149.367,0.23535,0.000933135,1.87519,1.20078,1.15143,1.03629,0.575716,0.32898,0.312531,0.263184,0.0986941,0.016449,0.032898,0,0,0,0
81350,81370,81360,16.1,170.001,-44.9466,101.917,-49.5167,429.438,6.55018,1.58532,102.969,0.194855,0.000721929,2.17729,0.91483,0.96972,0.878237,0.75016,0.182966,0.384229,0.256152,0.0182966,0.0182966,0,0,0,0,0
81372,81395,81384,16.2,170.004,-44.9485,100.361,-49.8868,430.609,6.25044,1.52083,110.019,0.217024,0.000698914,2.09847,1.2291,0.749454,0.734465,0.659519,0.254814,0.224836,0.194858,0.0749454,0.0149891,0,0.0149891,0,0,0
