api/src/app/data/B2SAP/Locations/Lauder/NOAA-POPS-B2SAP_GMLBalloon_20220525_R0.ict
61,1001
Thornberry, T. D.
NOAA Chemical Sciences Laboratory
Portable Optical Particle Spectrometer (POPS)
Balloon Baseline Stratospheric Aerosol Profiles (B2SAP)
1,1
2022,05,25,2024,05,28
0
TIME_START,s,Seconds since midnight UTC on flight start day,Start time of 100 m altitude bin in UTC_seconds_since_midnight
28
1.0,1.0,1.0,1.0,1.0,1.0,1.0,1.0,1.0,1.0,1.0,1.0,1.0,1.0,1.0,1.0,1.0,1.0,1.0,1.0,1.0,1.0,1.0,1.0,1.0,1.0,1.0,1.0
99999,99999,99999,99999,99999,99999,99999,99999,99999,99999,99999,99999,99999,99999,99999,99999,99999,99999,99999,99999,99999,99999,99999,99999,99999,99999,99999,99999
TIME_STOP,s,End time of 100 m altitude bin in UTC seconds since midnight,
TIME_MID,s,Mid time of 100 m altitude in UTC seconds since midnight,
GPSAlt,m,GPS reported altitude above sea level (m),
GPS_Lon,deg,GPS reported longitude,
GPS_Lat,deg,GPS reported latitude,
iMet_Pressure,mb,Pressure reported (mB),
iMet_Temperature,degrees C,Ambient temperature (oC),
THETA,K,Potential temperature from iMet,
Aerosol_concentration,cm^-3,Aerosol concentration,
Surface_Area_Conc,um^2 cm^-3,Surface area concentration,
Volume_density,um^3 cm^-3,Volume density,
Effective_radius,um,Effective radius,
Extinction,km^-1,Extinction,
Bin01,cm^-3,particle concentration in size range [140 - 170 nm],
Bin02,cm^-3,particle concentration in size range [170 - 205 nm],
Bin03,cm^-3,particle concentration in size range [205 - 249 nm],
Bin04,cm^-3,particle concentration in size range [249 - 302 nm],
Bin05,cm^-3,particle concentration in size range [302 - 366 nm],
Bin06,cm^-3,particle concentration in size range [366 - 443 nm],
Bin07,cm^-3,particle concentration in size range [443 - 537 nm],
Bin08,cm^-3,particle concentration in size range [537 - 651 nm],
Bin09,cm^-3,particle concentration in size range [651 - 789 nm],
Bin10,cm^-3,particle concentration in size range [789 - 956 nm],
Bin11,cm^-3,particle concentration in size range [956 - 1159 nm],
Bin12,cm^-3,particle concentration in size range [1159 - 1404 nm],
Bin13,cm^-3,particle concentration in size range [1404 - 1702 nm],
Bin14,cm^-3,particle concentration in size range [1702 - 2062 nm],
Bin15,cm^-3,particle concentration in size range [2062 - 2500 nm],
0
19
PI_CONTACT_INFO: 325 Broadway R/CSL6, Boulder, CO 80305; troy.thornberry@noaa.gov; 303-497-3373 
PLATFORM: GML ECC/FPH balloon
LOCATION: Lauder, NZ
ASSOCIATED_DATA: N/A
INSTRUMENT_INFO: Printed Optical Particle Spectrometer counts particles from 140 - 2500 nm in diameter 
DATA_INFO: Particle concentrations reported in number per cubic centimeter, binned to 100 m altitude
UNCERTAINTY: Counting uncertainty dominated by air flow, less than 5 percent
ULOD_FLAG: -77777
ULOD_VALUE: 3000 ~3000 per cm3 (varies depending on flow rate- manufacturer quotes 1250  per cm3 at 1.667 cc/s)
LLOD_FLAG: -88888
LLOD_VALUE: 0 0 (varies depending on data field and measurement precision)
DM_CONTACT_INFO: Troy Thornberry, 325 Broadway R/CSL6, Boulder, CO 80305; troy.thornberry@noaa.gov; 303-497-3373
PROJECT_INFO: B2SAP Lauder, NZ
STIPULATIONS_ON_USE: Please contact the PIs for questions regarding applications and uncertainties
OTHER_COMMENTS: POPS bin Edges (nm):  140, 170, 205, 249, 302, 366, 443, 537, 651, 789, 956, 1159, 1404, 1702, 2062, 2500
Calculations assume sulfate refractive index of 1.45+0.00j and extinction wavelength = 532 nm
REVISION: R0
R0: QA/QC data
TIME_START,TIME_STOP,TIME_MID,GPSAlt,GPS_Lon,GPS_Lat,iMet_Pressure,iMet_Temperature,THETA,Aerosol_concentration,Surface_Area_Conc,Volume_density,Effective_radius,Extinction,Bin01,Bin02,Bin03,Bin04,Bin05,Bin06,Bin07,Bin08,Bin09,Bin10,Bin11,Bin12,Bin13,Bin14,Bin15
[from data line 237]
88891,88908,88900,24.1,170.238,-44.7414,28.0764,-54.4364,607.034,4.44214,2.61656,236.992,0.271722,0.00191976,0.419904,0.397803,0.287302,0.486204,0.552505,0.508304,0.795607,0.640905,0.287302,0.0663006,0,0,0,0,0
88909,88925,88917,24.2,170.243,-44.7422,27.6256,-54.2544,610.342,3.86378,2.21362,199.133,0.269874,0.00156052,0.413976,0.315411,0.275984,0.295697,0.670247,0.295697,0.729387,0.670247,0.177418,0,0.0197132,0,0,0,0
88926,88942,88934,24.3,170.248,-44.7432,27.1464,-54.3543,613.134,4.38107,2.91723,278.839,0.28675,0.0022276,0.381939,0.269604,0.314538,0.337005,0.494274,0.539208,0.921148,0.718945,0.247137,0.157269,0,0,0,0,0
88943,88958,88950,24.4,170.253,-44.7439,26.7793,-54.8621,614.089,4.67018,2.80096,256.217,0.274425,0.00198056,0.34172,0.34172,0.34172,0.50119,0.478409,0.865692,0.888473,0.523971,0.34172,0.0227814,0.0227814,0,0,0,0
88959,88973,88966,24.5,170.258,-44.744,26.3293,-54.9293,616.883,3.6332,2.17958,203.626,0.280274,0.00156327,0.326056,0.256187,0.326056,0.395925,0.395925,0.582243,0.489084,0.535664,0.302766,0,0.0232897,0,0,0,0
88974,88989,88982,24.6,170.264,-44.7436,25.9819,-55.1587,618.579,3.27255,1.50962,118.981,0.236444,0.000956089,0.288149,0.39106,0.308732,0.411642,0.432224,0.411642,0.720374,0.185239,0.123493,0,0,0,0,0,0
88990,89003,88996,24.7,170.269,-44.7432,25.5889,-55.37,620.664,3.24044,1.34274,97.3728,0.217555,0.000755717,0.223479,0.372465,0.335218,0.372465,0.670437,0.521451,0.521451,0.186232,0.0372465,0,0,0,0,0,0
89006,89019,89012,24.8,170.274,-44.7428,25.0823,-55.9731,622.505,3.39767,1.73422,160.224,0.277169,0.00115047,0.395078,0.368739,0.447755,0.342401,0.500432,0.18437,0.553109,0.474093,0.0790155,0.0263385,0,0.0263385,0,0,0
89020,89035,89028,24.9,170.278,-44.7425,24.7013,-56.5853,623.459,3.47099,1.62437,138.952,0.256626,0.00108663,0.323959,0.532218,0.393379,0.485938,0.393379,0.347099,0.532218,0.254539,0.161979,0.0462798,0,0,0,0,0
89036,89049,89042,25,170.282,-44.7425,24.4,-57.2169,623.832,3.09831,1.325,106.969,0.242193,0.000861618,0.438699,0.493536,0.41128,0.246768,0.383861,0.246768,0.493536,0.246768,0.137093,0,0,0,0,0,0
89050,89065,89058,25.1,170.287,-44.7428,23.86,-57.4443,627.172,3.29609,1.55839,133.411,0.256824,0.00106626,0.613226,0.306613,0.332164,0.332164,0.357715,0.357715,0.511022,0.281062,0.178858,0.0255511,0,0,0,0,0
89066,89079,89072,25.2,170.291,-44.7433,23.5636,-57.5291,629.167,2.54449,0.898406,68.8371,0.229864,0.000529835,0.49568,0.297408,0.49568,0.264363,0.330453,0.231317,0.165227,0.165227,0.099136,0,0,0,0,0,0
89080,89096,89088,25.3,170.295,-44.7439,23.1331,-57.5546,632.419,2.85814,1.27868,106.374,0.249571,0.000862207,0.543047,0.342977,0.314395,0.285814,0.228651,0.285814,0.485884,0.20007,0.171488,0,0,0,0,0,0
89097,89111,89104,25.4,170.299,-44.7444,22.8377,-57.5892,634.634,3.3967,1.30369,101.142,0.232743,0.000768397,0.50212,0.383974,0.561193,0.443047,0.443047,0.354438,0.413511,0.206755,0.059073,0.0295365,0,0,0,0,0
89113,89127,89120,25.5,170.304,-44.7449,22.4257,-57.5786,637.991,3.38936,1.16854,89.6459,0.230149,0.000696186,0.759684,0.555153,0.438279,0.40906,0.350623,0.262967,0.262967,0.233749,0.116874,0,0,0,0,0,0
89129,89134,89132,25.6,170.307,-44.7452,22.172,-57.858,639.229,2.81269,0.714011,42.0211,0.176556,0.000285092,0.725856,0.362928,0.362928,0.45366,0.362928,0.272196,0.272196,0,0,0,0,0,0,0,0
83561,84524,84042,0.4,169.683,-45.0375,983.284,5.3351,279.829,51.704,21.4593,3259.75,0.455713,0.0112985,9.93216,14.3862,13.3381,4.93804,2.55835,1.00755,1.53314,1.02209,0.763453,0.627382,0.427949,0.583756,0.361472,0.129839,0.0945228
90603,90606,90604,24.3,170.766,-44.6974,27.15,-48.5833,629.282,3.69191,2.15042,185.504,0.258793,0.00154912,0.147677,0.44303,0.295353,0.44303,0.295353,0.590706,0.44303,0.886059,0.147677,0,0,0,0,0,0
90607,90621,90614,24.2,170.768,-44.698,27.39,-48.8,627.09,3.56771,1.70674,130.628,0.22961,0.00104165,0.445964,0,0,0.445964,1.33789,0.445964,0.222982,0.668946,0,0,0,0,0,0,0
90666,90666,90666,23.9,170.782,-44.7,28.8,-48.43,619.173,2.27218,1.5364,121.903,0.238029,0.00105391,0,0,0,0,0.454435,0,1.81774,0,0,0,0,0,0,0,0
90672,90681,90676,23.8,170.785,-44.7002,29.1875,-48.7275,616.01,4.28595,4.09886,472.978,0.346178,0.00361203,0.225576,0.451153,0.338364,0.225576,0.225576,0.112788,0.902305,0.676729,0.563941,0.563941,0,0,0,0,0
90687,90699,90693,23.7,170.789,-44.7005,29.7267,-48.8933,612.337,5.28242,4.61206,535.98,0.348638,0.00355423,0.440202,0,0.440202,0.293468,0.73367,0.73367,0.73367,1.02714,0.440202,0.293468,0.146734,0,0,0,0
90705,90716,90710,23.6,170.794,-44.7007,30.221,-49.211,608.597,4.98858,4.6396,570.742,0.369046,0.00379104,0.752994,0.23531,0.23531,0.329435,0.564745,0.23531,0.611807,0.752994,0.752994,0.376497,0.0941242,0.0470621,0,0,0
90717,90733,90725,23.5,170.798,-44.7009,30.6029,-49.0671,606.806,6.25736,5.54571,675.746,0.36555,0.00448537,0.890056,0.431542,0.431542,0.431542,0.566399,0.485485,0.512456,0.943999,1.05188,0.323657,0.1888,0,0,0,0
90734,90748,90741,23.4,170.803,-44.7009,31.0971,-48.6879,605.055,6.51603,5.95463,731.365,0.368469,0.00468044,0.875287,0.421435,0.129672,0.551107,0.486271,0.713197,0.907705,0.940123,0.907705,0.356599,0.129672,0.0972541,0,0,0
90749,90765,90757,23.3,170.806,-44.7009,31.5325,-49.4637,600.583,4.81423,3.66424,394.833,0.323259,0.00309444,0.51581,0.458498,0.343874,0.573123,0.401186,0.343874,0.458498,0.630435,0.802372,0.286561,0,0,0,0,0
90767,90783,90775,23.2,170.811,-44.7008,32.1675,-48.98,598.447,5.49641,5.70088,768.109,0.404205,0.00437865,0.434967,0.355882,0.47451,0.63268,0.47451,0.237255,0.514052,0.94902,0.711765,0.355882,0.31634,0.0395425,0,0,0
90784,90800,90792,23.1,170.815,-44.7006,32.7153,-48.8706,595.87,5.65112,4.50192,551.725,0.36766,0.00336785,0.867252,0.447614,0.363686,0.47559,0.587493,0.503565,0.727372,0.727372,0.447614,0.307734,0.139879,0.0559517,0,0,0
90801,90818,90810,23,170.82,-44.7003,33.1518,-48.9394,593.435,5.95198,5.21174,652.44,0.375559,0.00406088,0.67945,0.40767,0.434848,0.652272,0.652272,0.570738,0.40767,0.81534,0.706628,0.40767,0.217424,0,0,0,0
90819,90836,90828,22.9,170.824,-44.7,33.7064,-50.005,587.817,5.36874,4.99818,635.152,0.38123,0.00407564,0.600232,0.433501,0.566886,0.333462,0.566886,0.400155,0.366809,0.700271,0.666925,0.566886,0.166731,0,0,0,0
90837,90855,90846,22.8,170.829,-44.6997,34.2909,-50.0255,584.887,7.10322,8.38312,1207.44,0.432096,0.00650579,0.730617,0.568258,0.608848,0.487078,0.568258,0.487078,0.365309,1.09593,0.690027,0.933567,0.405899,0.162359,0,0,0
90856,90873,90864,22.7,170.834,-44.6989,34.8885,-49.8008,582.586,5.884,6.08336,828.937,0.408789,0.00473061,0.845402,0.270529,0.338161,0.574874,0.507241,0.60869,0.405793,0.642506,0.77777,0.574874,0.202897,0.135264,0,0,0
90874,90892,90883,22.6,170.84,-44.6983,35.42,-50.0019,579.563,5.28126,5.7654,823.253,0.428376,0.00429584,0.519916,0.383096,0.574645,0.41046,0.492552,0.355732,0.465188,0.492552,0.766193,0.383096,0.27364,0.164184,0,0,0
90895,90912,90904,22.5,170.845,-44.6979,36.0345,-49.8664,577.058,5.91265,4.89404,603.161,0.369732,0.00389035,0.838957,0.559305,0.359553,0.799007,0.479404,0.399503,0.399503,0.759056,0.719106,0.439454,0.119851,0.0399503,0,0,0
90915,90932,90924,22.4,170.851,-44.6975,36.6125,-49.565,575.227,5.53223,5.36024,712.081,0.398535,0.00442131,1.0107,0.691529,0.319167,0.319167,0.319167,0.212778,0.372362,0.691529,0.744723,0.638334,0.159584,0.0531945,0,0,0
90934,90952,90943,22.3,170.857,-44.697,37.22,-49.3522,573.063,5.72624,5.20706,666.58,0.384044,0.00411076,0.577436,0.433077,0.384957,0.818035,0.529317,0.529317,0.481197,0.529317,0.673676,0.577436,0.0962394,0.0962394,0,0,0
90954,90974,90964,22.2,170.863,-44.6963,37.7709,-48.6464,572.469,4.8222,4.11412,538.096,0.392378,0.00319352,0.717352,0.398529,0.597793,0.518087,0.239117,0.55794,0.398529,0.27897,0.398529,0.55794,0.0398529,0.119559,0,0,0
90976,90994,90985,22.1,170.868,-44.6956,38.44,-48.3689,570.307,5.49165,6.01349,856.288,0.427183,0.00443237,0.716302,0.286521,0.429781,0.429781,0.382028,0.573042,0.429781,0.716302,0.716302,0.334274,0.334274,0.14326,0,0,0
90996,91015,91006,22,170.874,-44.6952,39.0473,-48.2064,568.168,6.10577,5.88396,801.038,0.408418,0.0046031,0.801382,0.648738,0.496094,0.457933,0.72506,0.381611,0.534255,0.343449,0.72506,0.686899,0.228966,0.0763221,0,0,0
91017,91033,91025,21.9,170.878,-44.6951,39.6467,-48.2333,565.638,5.52467,5.41623,766.214,0.424399,0.00400473,0.736622,0.552467,0.782661,0.368311,0.276233,0.506428,0.230195,0.598506,0.782661,0.276233,0.368311,0,0.0460389,0,0
91035,91055,91045,21.8,170.883,-44.695,40.3075,-48.6567,561.906,6.92719,6.2479,829.534,0.39831,0.00482927,0.788739,0.754446,0.960204,0.377223,0.651567,0.548688,0.582981,0.548688,0.754446,0.651567,0.205758,0.102879,0,0,0
91057,91073,91065,21.7,170.887,-44.6948,40.9744,-48.7144,559.142,6.53836,5.96282,824.745,0.414944,0.00435442,0.667179,0.800615,0.711658,0.533744,0.756137,0.756137,0.400308,0.31135,0.667179,0.533744,0.266872,0.133436,0,0,0
91076,91096,91086,21.6,170.891,-44.6941,41.6131,-48.67,556.777,6.91497,5.97447,824.466,0.413995,0.00428531,1.1144,0.800079,0.714356,0.571485,0.657208,0.457188,0.428614,0.800079,0.542911,0.40004,0.285743,0.114297,0.0285743,0,0
91097,91118,91108,21.5,170.896,-44.6929,42.3422,-48.7256,553.891,6.33969,4.9645,655.297,0.39599,0.00349064,0.687695,0.816638,0.687695,0.709186,0.816638,0.494281,0.558752,0.494281,0.343848,0.42981,0.128943,0.171924,0,0,0
91119,91140,91130,21.4,170.902,-44.6917,42.9745,-48.4668,552.18,6.61263,5.3516,721.979,0.404727,0.00360817,0.594967,0.730959,0.90095,0.747959,0.764958,0.509972,0.594967,0.832954,0.220988,0.305983,0.271985,0.118993,0.0169991,0,0
91141,91161,91151,21.3,170.907,-44.6905,43.6589,-48.1044,550.581,5.98662,4.51463,572.407,0.380368,0.00336014,0.876091,0.688357,0.792653,0.500623,0.625779,0.438045,0.438045,0.542342,0.458905,0.417186,0.146015,0.0625779,0,0,0
91163,91184,91174,21.2,170.912,-44.6894,44.3447,-48.4788,547.229,6.0059,4.48588,565.436,0.378144,0.0032253,0.715505,0.845596,0.520367,0.672141,0.693823,0.520367,0.390275,0.650459,0.477003,0.281865,0.151774,0.0867278,0,0,0
91185,91207,91196,21.1,170.918,-44.688,45.152,-48.532,544.279,5.94456,4.30753,562.278,0.391601,0.00289468,0.6578,0.901429,0.535985,0.901429,0.633437,0.41417,0.535985,0.487259,0.389807,0.194904,0.146178,0.121815,0.024363,0,0
91208,91229,91218,21,170.923,-44.6867,45.7614,-48.8224,541.506,5.1563,3.59416,478.862,0.3997,0.00233339,0.724297,0.845013,0.620826,0.5346,0.50011,0.482865,0.379394,0.413884,0.189697,0.189697,0.137961,0.137961,0,0,0
91230,91250,91240,20.9,170.929,-44.6857,46.5181,-48.9057,538.764,3.71904,1.85268,198.665,0.321694,0.00117525,0.536078,0.603087,0.519325,0.435563,0.435563,0.351801,0.318296,0.234534,0.134019,0.0837621,0.0167524,0.0502573,0,0,0
91251,91272,91262,20.8,170.934,-44.685,47.2205,-48.8948,536.495,4.28519,1.99234,223.294,0.336227,0.00120252,0.803473,0.696343,0.607068,0.589214,0.499939,0.303534,0.267824,0.196405,0.14284,0.0892748,0.017855,0.0535649,0.017855,0,0
91273,91292,91282,20.7,170.939,-44.6842,48.0211,-49.1394,533.343,5.39416,2.68624,291.547,0.3256,0.00172575,0.818569,0.902525,0.860547,0.524724,0.60868,0.503735,0.377801,0.335823,0.251868,0.104945,0.0629669,0.0419779,0,0,0
91293,91313,91303,20.6,170.944,-44.6832,48.7429,-49.1586,531.022,7.046,3.66364,391.326,0.32044,0.00253828,1.00155,1.00155,1.10698,0.931267,0.896125,0.404135,0.421706,0.614988,0.298708,0.281137,0.0878554,0,0,0,0
91314,91333,91324,20.5,170.948,-44.6824,49.551,-49.172,528.511,6.49653,3.77408,414.204,0.329249,0.00271743,0.729948,0.857688,0.821191,1.11317,0.784694,0.492715,0.310228,0.474466,0.583958,0.237233,0.0547461,0.0364974,0,0,0
91334,91353,91344,20.4,170.953,-44.6818,50.327,-49.241,525.996,6.67055,3.73739,436.504,0.350382,0.00242788,1.06207,0.857109,0.801211,1.06207,0.857109,0.372656,0.46582,0.540352,0.298125,0.167695,0.0745312,0.111797,0,0,0
91354,91373,91364,20.3,170.958,-44.681,51.1505,-49.392,523.216,8.51416,4.82388,506.957,0.31528,0.00325875,0.696126,0.838921,1.03526,1.35655,1.46365,0.910319,0.767524,0.535482,0.535482,0.249891,0.0713976,0.0535482,0,0,0
91374,91394,91384,20.2,170.962,-44.68,51.9381,-48.8805,522.127,8.02044,4.47427,509.253,0.341455,0.00288375,0.840717,0.89116,1.27789,1.16019,1.36196,0.77346,0.420359,0.453987,0.403544,0.235401,0.134515,0.0672574,0,0,0
91395,91416,91406,20.1,170.967,-44.6791,52.7755,-49.1055,519.222,7.94197,4.19159,436.672,0.312535,0.00274477,0.810081,1.11188,1.01657,0.984805,1.23895,0.889501,0.60359,0.635358,0.333563,0.190607,0.111188,0.0158839,0,0,0
91417,91439,91428,20,170.972,-44.6778,53.6635,-49.4413,515.988,8.11079,4.13212,440.895,0.320099,0.00250523,0.778754,1.05793,1.05793,1.20486,1.45465,0.852221,0.690593,0.455497,0.220402,0.161628,0.132241,0.0440804,0,0,0
91440,91462,91451,19.9,170.978,-44.6759,54.5457,-49.9009,512.521,7.58502,4.2701,449.999,0.316151,0.00285088,0.790717,0.849288,0.863931,1.06893,1.01036,0.878574,0.790717,0.717502,0.278215,0.219644,0.0439287,0.0585716,0.0146429,0,0
91463,91484,91474,19.8,170.983,-44.6741,55.4041,-50.2955,509.346,8.20547,4.05759,393.299,0.290788,0.0024889,0.7042,0.872596,1.07161,1.37778,1.14815,1.0563,0.918522,0.642966,0.183704,0.12247,0.0459261,0.0612348,0,0,0
91485,91506,91496,19.7,170.989,-44.6723,56.2564,-51.6277,504.1,7.22998,3.47042,305.342,0.263952,0.00217886,0.546543,0.890084,0.733929,1.13993,1.12432,0.812006,0.952546,0.76516,0.171771,0.0468465,0.031231,0.0156155,0,0,0
91507,91527,91517,19.6,170.994,-44.6708,57.1867,-50.9948,503.168,7.32027,3.67688,337.011,0.27497,0.00242147,0.784887,0.864977,0.736832,0.897013,1.1533,0.816923,0.864977,0.768868,0.320362,0.0640724,0.0160181,0.0320362,0,0,0
91528,91548,91538,19.5,170.999,-44.6695,58.1119,-51.35,500.076,7.55598,3.64373,354.429,0.291813,0.00230663,1.03551,0.95461,0.889891,1.14877,0.873711,0.760452,0.760452,0.711913,0.258877,0.0647193,0.0647193,0.0323597,0,0,0
91549,91568,91558,19.4,171.004,-44.6681,59.01,-51.0845,498.473,7.37752,3.39357,288.582,0.255114,0.00225147,0.93279,1.00063,0.881911,0.746232,0.96671,0.98367,0.678393,0.847991,0.237438,0.101759,0,0,0,0,0
91570,91588,91579,19.3,171.008,-44.6666,59.9883,-52.0211,494.051,7.36742,2.9447,245.875,0.250492,0.00180652,1.09008,1.09008,1.05249,1.0149,0.864544,0.789366,0.676599,0.413477,0.319505,0.0375889,0.0187944,0,0,0,0
91589,91609,91599,19.2,171.013,-44.6651,60.947,-51.827,492.254,5.65145,1.86254,136.986,0.220644,0.000991818,0.963687,0.865685,0.751349,0.849351,0.93102,0.506344,0.408342,0.261339,0.0653347,0.049001,0,0,0,0,0
91610,91631,91620,19.1,171.019,-44.6635,61.8764,-52.8945,487.756,5.94722,2.09563,165.345,0.2367,0.00114756,0.761713,1.02538,0.996086,0.820306,0.805657,0.703119,0.410153,0.205076,0.17578,0.0292966,0,0.0146483,0,0,0
91632,91652,91642,19,171.025,-44.6623,62.9124,-52.3657,486.621,8.61957,3.18092,258.986,0.244255,0.0017761,1.10319,1.51504,0.985514,1.50033,1.2797,0.897259,0.52953,0.544239,0.191219,0.0441275,0.0147092,0,0.0147092,0,0
91653,91674,91664,18.9,171.03,-44.661,63.9923,-52.3477,484.295,8.15916,2.6475,188.411,0.213497,0.00137946,1.26273,1.30435,1.12397,1.35986,1.09621,0.99908,0.49954,0.305275,0.194266,0.0138761,0,0,0,0,0
91675,91696,91686,18.8,171.035,-44.6598,64.9632,-52.4491,481.995,7.61727,2.81813,233.156,0.248203,0.00159311,0.924489,1.26303,1.3021,1.04168,1.15887,0.742195,0.520839,0.364587,0.221357,0.0520839,0.013021,0,0.013021,0,0
91697,91718,91708,18.7,171.041,-44.6591,66.0018,-52.4255,479.875,6.96651,2.40617,183.658,0.228984,0.00129968,1.0587,0.993349,1.16326,0.967208,1.01949,0.67966,0.627378,0.287548,0.117633,0.0392111,0.0130704,0,0,0,0
91719,91741,91730,18.6,171.047,-44.6582,67.0426,-52.603,477.337,7.19625,2.1479,148.719,0.207718,0.00105144,1.10074,1.32562,1.23094,1.02973,1.02973,0.721992,0.37875,0.260391,0.0828515,0.0355078,0,0,0,0,0
91742,91764,91753,18.5,171.052,-44.6572,68.0967,-53.1995,473.937,7.5275,2.42418,172.46,0.213425,0.00121329,1.01723,1.3224,1.02995,1.28425,1.09352,0.788353,0.508615,0.394177,0.0762923,0,0.0127154,0,0,0,0
91765,91786,91776,18.4,171.057,-44.6563,69.2082,-52.9923,472.195,7.6302,2.35654,160.985,0.204942,0.00118089,1.2287,1.40071,1.08125,1.0321,1.08125,0.810939,0.614348,0.258026,0.12287,0,0,0,0,0,0
