api/src/app/data/B2SAP/Locations/Lauder/NOAA-POPS-B2SAP_GMLBalloon_20201117_R0.ict
61,1001
Thornberry, T. D.
NOAA Chemical Sciences Laboratory
Portable Optical Particle Spectrometer (POPS)
Balloon Baseline Stratospheric Aerosol Profiles (B2SAP)
1,1
2020,11,17,2024,05,28
0
TIME_START,s,Seconds since midnight UTC on flight start day,Start time of 100 m altitude bin in UTC_seconds_since_midnight
28
1.0,1.0,1.0,1.0,1.0,1.0,1.0,1.0,1.0,1.0,1.0,1.0,1.0,1.0,1.0,1.0,1.0,1.0,1.0,1.0,1.0,1.0,1.0,1.0,1.0,1.0,1.0,1.0
99999,99999,99999,99999,99999,99999,99999,99999,99999,99999,99999,99999,99999,99999,99999,99999,99999,99999,99999,99999,99999,99999,99999,99999,99999,99999,99999,99999
TIME_STOP,s,End time of 100 m altitude bin in UTC seconds since midnight,
TIME_MID,s,Mid time of 100 m altitude in UTC seconds since midnight,
GPSAlt,m,GPS reported altitude above sea level (m),
GPS_Lon,deg,GPS reported longitude,
GPS_Lat,deg,GPS reported latitude,
iMet_Pressure,mb,Pressure reported (mB),
iMet_Temperature,degrees C,Ambient temperature (oC),
THETA,K,Potential temperature from iMet,
Aerosol_concentration,cm^-3,Aerosol concentration,
Surface_Area_Conc,um^2 cm^-3,Surface area concentration,
Volume_density,um^3 cm^-3,Volume density,
Effective_radius,um,Effective radius,
Extinction,km^-1,Extinction,
Bin01,cm^-3,particle concentration in size range [140 - 170 nm],
Bin02,cm^-3,particle concentration in size range [170 - 205 nm],
Bin03,cm^-3,particle concentration in size range [205 - 249 nm],
Bin04,cm^-3,particle concentration in size range [249 - 302 nm],
Bin05,cm^-3,particle concentration in size range [302 - 366 nm],
Bin06,cm^-3,particle concentration in size range [366 - 443 nm],
Bin07,cm^-3,particle concentration in size range [443 - 537 nm],
Bin08,cm^-3,particle concentration in size range [537 - 651 nm],
Bin09,cm^-3,particle concentration in size range [651 - 789 nm],
Bin10,cm^-3,particle concentration in size range [789 - 956 nm],
Bin11,cm^-3,particle concentration in size range [956 - 1159 nm],
Bin12,cm^-3,particle concentration in size range [1159 - 1404 nm],
Bin13,cm^-3,particle concentration in size range [1404 - 1702 nm],
Bin14,cm^-3,particle concentration in size range [1702 - 2062 nm],
Bin15,cm^-3,particle concentration in size range [2062 - 2500 nm],
0
19
PI_CONTACT_INFO: 325 Broadway R/CSL6, Boulder, CO 80305; troy.thornberry@noaa.gov; 303-497-3373 
PLATFORM: GML ECC/FPH balloon
LOCATION: Lauder, NZ
ASSOCIATED_DATA: N/A
INSTRUMENT_INFO: Printed Optical Particle Spectrometer counts particles from 140 - 2500 nm in diameter 
DATA_INFO: Particle concentrations reported in number per cubic centimeter, binned to 100 m altitude
UNCERTAINTY: Counting uncertainty dominated by air flow, less than 5 percent
ULOD_FLAG: -77777
ULOD_VALUE: 3000 ~3000 per cm3 (varies depending on flow rate- manufacturer quotes 1250  per cm3 at 1.667 cc/s)
LLOD_FLAG: -88888
LLOD_VALUE: 0 0 (varies depending on data field and measurement precision)
DM_CONTACT_INFO: Troy Thornberry, 325 Broadway R/CSL6, Boulder, CO 80305; troy.thornberry@noaa.gov; 303-497-3373
PROJECT_INFO: B2SAP Lauder, NZ
STIPULATIONS_ON_USE: Please contact the PIs for questions regarding applications and uncertainties
OTHER_COMMENTS: POPS bin Edges (nm):  140, 170, 205, 249, 302, 366, 443, 537, 651, 789, 956, 1159, 1404, 1702, 2062, 2500
Calculations assume sulfate refractive index of 1.45+0.00j and extinction wavelength = 532 nm
REVISION: R0
R0: QA/QC data
TIME_START,TIME_STOP,TIME_MID,GPSAlt,GPS_Lon,GPS_Lat,iMet_Pressure,iMet_Temperature,THETA,Aerosol_concentration,Surface_Area_Conc,Volume_density,Effective_radius,Extinction,Bin01,Bin02,Bin03,Bin04,Bin05,Bin06,Bin07,Bin08,Bin09,Bin10,Bin11,Bin12,Bin13,Bin14,Bin15
[from data line 407]
86555,86576,86566,15.8,170.139,-45.1601,106.225,-48.6256,426.075,6.38778,1.74827,124.428,0.213516,0.000882464,1.66638,1.11092,0.854553,1.02546,0.811825,0.213638,0.27773,0.320457,0.0640914,0.0427276,0,0,0,0,0
86580,86599,86590,15.7,170.143,-45.1618,107.983,-49.2613,422.88,5.88704,1.45875,104.194,0.214281,0.000633569,1.74347,1.08684,0.792486,0.883056,0.611346,0.294352,0.18114,0.249067,0.0226425,0,0.0226425,0,0,0,0
86602,86622,86612,15.6,170.147,-45.1639,109.703,-50.1179,419.37,6.0383,1.59286,123.232,0.232095,0.000776192,1.83349,1.19788,0.806736,0.904522,0.391145,0.220019,0.415591,0.146679,0.0733396,0.0244465,0.0244465,0,0,0,0
86623,86646,86634,15.5,170.151,-45.1664,111.379,-50.3639,417.088,6.78333,1.7706,124.938,0.211687,0.000886746,1.88637,1.27664,1.10515,0.857443,0.685954,0.26676,0.26676,0.323923,0.0762172,0.0381086,0,0,0,0,0
86647,86671,86659,15.4,170.154,-45.169,113.039,-50.2919,415.465,7.11057,1.80521,115.571,0.192062,0.000808672,1.73481,1.3493,1.15654,0.835278,0.878113,0.535435,0.342678,0.192756,0.0856695,0,0,0,0,0,0
86674,86698,86686,15.3,170.157,-45.172,114.944,-49.9571,414.114,7.37137,1.99672,143.772,0.216012,0.00095459,1.90812,1.22521,1.26538,1.14487,0.562393,0.421795,0.461966,0.281197,0.0803419,0,0.0200855,0,0,0,0
86699,86724,86712,15.2,170.16,-45.1745,116.718,-49.1174,413.848,7.29648,1.65697,112.246,0.203225,0.000672363,1.89102,1.53422,1.33798,1.19527,0.660073,0.178398,0.214078,0.214078,0.0356796,0.0178398,0.0178398,0,0,0,0
86725,86748,86736,15.1,170.162,-45.1768,118.438,-48.4856,413.287,7.46334,1.71968,112.703,0.196611,0.000678259,1.94533,1.459,1.40288,1.02878,0.7295,0.374102,0.317987,0.149641,0.0374102,0,0.0187051,0,0,0,0
86749,86772,86760,15,170.164,-45.1786,120.247,-48.6153,411.269,6.80879,1.45058,85.8329,0.177514,0.00055993,1.98366,1.2867,1.23309,0.875672,0.786317,0.250192,0.196579,0.125096,0.0714834,0,0,0,0,0,0
86773,86797,86785,14.9,170.167,-45.1802,122.169,-48.5656,409.494,7.60427,1.90944,133.968,0.210483,0.0008504,1.90579,1.56614,1.18876,1.18876,0.754767,0.320776,0.320776,0.283038,0.0377383,0.0188692,0.0188692,0,0,0,0
86799,86820,86810,14.8,170.171,-45.1811,124.074,-48.9741,406.946,6.46082,1.57054,113.326,0.216472,0.000680686,1.74939,1.33192,1.15301,0.894575,0.457227,0.397589,0.218674,0.198794,0,0.0397589,0.0198794,0,0,0,0
86821,86845,86833,14.7,170.175,-45.1818,126.042,-48.9485,405.172,7.73254,1.98052,142.286,0.215529,0.000924305,2.00536,1.68247,1.20662,0.968692,0.781752,0.373881,0.288908,0.339892,0.0339892,0.0339892,0.0169946,0,0,0,0
86847,86871,86859,14.6,170.178,-45.1826,127.969,-49.2158,402.935,6.58618,1.63126,111.74,0.205497,0.000768951,1.99365,1.15703,0.836623,1.05023,0.74762,0.231406,0.249207,0.195805,0.0890024,0.035601,0,0,0,0,0
86872,86898,86885,14.5,170.182,-45.1838,130.055,-49.9724,399.72,7.28877,1.66134,108.373,0.195696,0.000750207,2.32137,1.6071,1.00647,0.811667,0.665567,0.275967,0.275967,0.227267,0.0811667,0.0162333,0,0,0,0,0
86899,86924,86912,14.4,170.187,-45.1851,132.04,-49.9918,397.964,7.19637,1.52493,94.5739,0.186055,0.000654201,2.62109,1.45789,1.13219,0.558339,0.589358,0.248151,0.356717,0.155094,0.0775471,0,0,0,0,0,0
86926,86954,86940,14.3,170.192,-45.1869,134.114,-50.0509,396.092,6.46746,1.49109,97.2668,0.195696,0.000694671,2.32086,0.912872,1.22232,0.727203,0.479644,0.201141,0.216614,0.32492,0.0618896,0,0,0,0,0,0
86955,86982,86968,14.2,170.196,-45.1886,136.194,-49.9826,394.466,6.70376,1.58658,112.837,0.213359,0.000724103,2.26418,1.42066,0.947109,0.680735,0.473555,0.355166,0.192382,0.31077,0.0295972,0.0147986,0,0.0147986,0,0,0
86983,87009,86996,14.1,170.201,-45.1897,138.255,-50.1462,392.494,6.91622,1.59751,125.564,0.2358,0.000681099,2.60776,1.40916,0.82606,0.761271,0.550706,0.259156,0.242959,0.17817,0.0161972,0.0323945,0,0.0161972,0.0161972,0,0
87010,87039,87024,14,170.206,-45.1904,140.427,-50.1135,390.812,7.16658,1.53658,94.3603,0.184228,0.000634317,2.56691,1.36506,0.919933,0.756719,0.771557,0.25224,0.31159,0.178052,0.0296753,0.0148376,0,0,0,0,0
87040,87066,87053,13.9,170.211,-45.1912,142.569,-49.7481,389.755,6.69149,1.49268,98.6734,0.198315,0.000678866,2.49513,1.27997,0.939724,0.664288,0.437458,0.307841,0.291639,0.210628,0.0324043,0.0324043,0,0,0,0,0
87067,87091,87079,13.8,170.215,-45.1918,144.768,-49.7042,388.131,6.85482,1.40934,86.1487,0.183381,0.000592963,2.58841,1.46379,0.963959,0.589086,0.464128,0.249915,0.303468,0.178511,0.0535533,0,0,0,0,0,0
87093,87119,87106,13.7,170.22,-45.1926,147.092,-49.8305,386.155,6.85643,1.475,89.0427,0.181103,0.000608846,2.52972,1.13401,0.924658,0.837426,0.610623,0.261696,0.348928,0.174464,0.0348928,0,0,0,0,0,0
87120,87146,87133,13.6,170.224,-45.1938,149.455,-49.887,384.304,7.39265,1.78037,129.249,0.21779,0.000846999,2.59332,1.43138,0.976706,0.892507,0.572552,0.202077,0.370475,0.218917,0.101039,0.0168398,0.0168398,0,0,0,0
87148,87175,87162,13.5,170.227,-45.1955,151.855,-49.4491,383.302,6.54456,1.61734,120.355,0.223246,0.000704893,2.10843,1.26506,0.809637,0.775902,0.775902,0.236144,0.303614,0.202409,0.0337349,0,0.0337349,0,0,0,0
87176,87206,87191,13.4,170.232,-45.1973,154.227,-49.5215,381.49,7.97794,1.68489,113.508,0.202105,0.000629208,2.77883,1.5687,1.22508,0.926278,0.672298,0.328679,0.283859,0.1494,0.01494,0,0.0298799,0,0,0,0
87208,87237,87222,13.3,170.236,-45.1993,156.615,-49.155,380.446,8.05876,1.9162,141.501,0.221533,0.000844423,2.49332,1.61769,1.23182,1.23182,0.593647,0.281982,0.222618,0.2523,0.0890471,0.0148412,0.0148412,0.0148412,0,0,0
87239,87266,87252,13.2,170.24,-45.2018,159.001,-48.4879,379.925,8.34407,1.77106,119.163,0.20185,0.000716202,2.82959,1.81672,1.15756,1.17364,0.562702,0.28939,0.241158,0.160772,0.0803861,0.0160772,0,0.0160772,0,0,0
87267,87294,87280,13.1,170.244,-45.2041,161.391,-48.1128,378.942,8.35343,1.87246,128.19,0.205383,0.000816456,2.83063,1.81529,1.09225,1.0461,0.59997,0.307677,0.369212,0.169222,0.092303,0.0153838,0.0153838,0,0,0,0
87295,87320,87308,13,170.246,-45.2065,163.837,-47.1859,378.876,8.28894,1.8193,114.602,0.188978,0.000774388,2.89593,1.57802,1.00577,1.05779,0.832362,0.329477,0.277454,0.225431,0.0693635,0.0173409,0,0,0,0,0
87322,87349,87336,12.9,170.249,-45.2087,166.386,-46.464,378.416,8.11877,1.73454,110.6,0.19129,0.00075964,2.92031,1.77359,1.00911,0.947954,0.596294,0.214054,0.336371,0.229344,0.0764479,0.0152896,0,0,0,0,0
87350,87379,87364,12.8,170.253,-45.211,168.95,-45.97,377.578,8.19399,1.80834,115.95,0.192359,0.000803433,2.74721,1.82618,1.09571,0.90515,0.698712,0.206438,0.365236,0.269957,0.0635193,0.0158798,0,0,0,0,0
87380,87410,87395,12.7,170.256,-45.2131,171.444,-45.8967,376.126,8.05484,1.91988,127.984,0.199987,0.000911753,2.63304,1.6138,1.17496,0.821056,0.721963,0.297279,0.368059,0.325591,0.0849368,0.0141561,0,0,0,0,0
87412,87442,87427,12.6,170.26,-45.2144,174.1,-46.3946,373.662,8.25805,1.85398,117.584,0.190267,0.000823304,2.58247,1.92591,1.0359,1.06508,0.656559,0.291804,0.291804,0.335575,0.072951,0,0,0,0,0,0
87443,87472,87458,12.5,170.263,-45.2147,176.847,-46.2878,372.164,8.67796,2.07077,139.361,0.201898,0.000907351,2.73299,1.5919,1.29606,1.08475,0.718468,0.535329,0.35219,0.281752,0.070438,0,0,0.0140876,0,0,0
87473,87502,87488,12.4,170.266,-45.215,179.425,-45.5739,371.791,8.77146,1.93259,121.23,0.188188,0.000829715,2.84122,1.81706,1.37106,0.941569,0.776381,0.330375,0.313856,0.330375,0.0330375,0.0165187,0,0,0,0,0
87503,87530,87516,12.3,170.27,-45.2155,182.215,-44.827,371.375,8.88774,2.10649,143.221,0.203971,0.000924421,2.98445,1.39383,1.29545,1.21346,0.918291,0.327961,0.344359,0.344359,0.0327961,0.0163981,0.0163981,0,0,0,0
87531,87558,87544,12.2,170.274,-45.2157,184.962,-44.7891,369.857,10.1678,2.42093,148.943,0.184569,0.00101831,2.55482,1.9204,1.64606,1.61177,1.02879,0.617272,0.360075,0.377222,0.0514393,0,0,0,0,0,0
87559,87587,87573,12.1,170.279,-45.2158,187.9,-46.5152,365.405,8.46491,1.92393,126.339,0.197001,0.000807431,2.64909,1.76606,1.08095,1.1723,0.837356,0.289268,0.304493,0.319718,0.0304493,0,0.0152247,0,0,0,0
87589,87617,87603,12,170.286,-45.2151,190.788,-46.8416,363.292,11.0714,2.64587,168.709,0.191289,0.00106302,2.72598,1.97976,1.85793,1.7361,1.40106,0.578699,0.42641,0.28935,0.0609157,0,0,0.0152289,0,0,0
87618,87648,87633,11.9,170.292,-45.214,193.782,-47.3376,360.891,11.6488,3.02733,189.39,0.187681,0.00131057,2.19272,2.05568,1.94909,2.25363,1.37045,0.715681,0.669999,0.365454,0.0761363,0,0,0,0,0,0
87649,87677,87663,11.8,170.298,-45.2131,196.845,-47.1765,359.538,11.8629,2.98861,178.887,0.179568,0.00119428,2.30912,1.65693,2.06235,2.48539,1.69218,0.740329,0.546433,0.334911,0.0352538,0,0,0,0,0,0
87679,87704,87692,11.7,170.303,-45.2118,199.84,-47.6396,357.244,10.4686,2.53417,153.619,0.181858,0.00101768,2.23357,1.84512,1.96166,1.63148,1.35956,0.679782,0.446714,0.271913,0.0194223,0.0194223,0,0,0,0,0
87705,87731,87718,11.6,170.308,-45.2107,202.884,-48.3314,354.619,11.1869,2.80603,172.009,0.183899,0.00119195,2.76622,1.89161,1.66787,1.58651,1.46447,0.752576,0.711896,0.325438,0.0203399,0,0,0,0,0,0
87732,87757,87744,11.5,170.313,-45.2101,205.938,-48.8504,352.297,11.9754,2.99614,189.242,0.189485,0.00131548,3.34413,1.86823,1.71877,1.7935,1.30776,0.765975,0.784657,0.336282,0.0373646,0.0186823,0,0,0,0,0
87758,87780,87769,11.4,170.318,-45.2098,209.022,-49.0362,350.516,11.5516,3.06544,201.396,0.197096,0.00145558,3.01624,2.18196,1.39047,1.49743,1.49743,0.684538,0.663146,0.534795,0.0855672,0,0,0,0,0,0
87782,87804,87793,11.3,170.322,-45.2095,212.082,-48.9429,349.198,12.9166,3.40745,221.503,0.195016,0.00156629,2.79219,2.25933,2.0675,2.13144,1.7691,0.639433,0.532861,0.596804,0.127887,0,0,0,0,0,0
87805,87828,87816,11.2,170.326,-45.2088,215.349,-49.3219,347.092,10.8561,2.84072,197.538,0.208615,0.00130103,2.99553,1.72084,1.63586,1.61461,1.16847,0.743571,0.382408,0.509877,0.0424898,0.0212449,0.0212449,0,0,0,0
87829,87852,87840,11.1,170.331,-45.208,218.856,-49.3227,345.496,12.1428,3.09654,205.842,0.199425,0.00144666,3.10678,2.35547,2.07119,1.46201,1.21834,0.751312,0.548255,0.527949,0.0609172,0.0406115,0,0,0,0,0
87853,87875,87864,11,170.335,-45.2072,222.292,-48.8281,344.723,12.4179,3.18388,199.355,0.187842,0.00139778,2.9181,2.1087,2.0235,1.8531,1.4058,0.873299,0.766799,0.426,0.0426,0,0,0,0,0,0
87876,87898,87887,10.9,170.338,-45.2062,225.582,-48.1095,344.372,12.8026,3.3686,212.665,0.189394,0.00150347,3.00685,2.16118,1.78532,1.90277,1.76183,0.869169,0.751714,0.540294,0.023491,0,0,0,0,0,0
87899,87920,87910,10.8,170.342,-45.2049,229.123,-48.0871,342.879,13.0978,3.55171,227.018,0.191754,0.00161389,2.77316,2.23986,1.87721,2.15453,1.64256,1.0026,0.810615,0.554631,0.0426639,0,0,0,0,0,0
87921,87943,87932,10.7,170.345,-45.2033,232.603,-47.7215,341.965,12.4744,3.18641,206.65,0.19456,0.00146582,2.82398,2.53491,1.95677,1.95677,1.40087,0.555901,0.555901,0.578137,0.11118,0,0,0,0,0,0
87944,87968,87956,10.6,170.349,-45.2015,236.699,-47.3405,340.834,12.4675,3.16024,203.066,0.19277,0.00141729,3.04141,2.25204,1.95022,1.95022,1.39301,0.650073,0.67329,0.487554,0.0464338,0.0232169,0,0,0,0,0
87969,87995,87982,10.5,170.353,-45.2002,240.254,-47.0936,339.755,13.7297,3.76527,256.341,0.204241,0.00181184,3.26609,2.39916,2.03626,1.93546,1.61288,1.02821,0.766119,0.524187,0.100805,0.0604831,0,0,0,0,0
87996,88022,88009,10.4,170.356,-45.1986,243.552,-46.647,339.105,13.2734,3.73271,247.643,0.199033,0.00176083,2.68169,2.31513,1.98715,2.02574,1.67847,1.00322,1.04181,0.443733,0.0578783,0.0385855,0,0,0,0,0
88023,88053,88038,10.3,170.359,-45.1962,247.456,-47.9043,335.7,13.7407,3.36473,209.882,0.187132,0.0014542,3.42406,2.62363,1.97143,2.19377,1.58604,0.785607,0.503974,0.592911,0.0592911,0,0,0,0,0,0
88054,88086,88070,10.2,170.364,-45.193,251.275,-49.2553,332.223,13.4099,3.50647,229.384,0.196252,0.00163821,3.56853,2.13275,1.97942,1.88184,1.71457,0.794555,0.599401,0.613341,0.125456,0,0,0,0,0,0
88087,88116,88102,10.1,170.37,-45.1898,255.156,-49.7112,330.097,14.3138,3.41091,214.77,0.188896,0.00149956,4.09706,2.90424,1.93616,1.84973,1.46941,0.777922,0.726061,0.432179,0.12101,0,0,0,0,0,0
88117,88143,88130,10,170.376,-45.1869,259.1,-49.6758,328.708,14.8702,3.78885,245.263,0.194199,0.00175449,4.33167,2.32523,2.11896,2.04395,1.68766,0.82508,0.768825,0.675066,0.0937591,0,0,0,0,0,0
88144,88169,88156,9.9,170.381,-45.1845,262.92,-49.5991,327.453,14.4259,3.46691,220.099,0.190457,0.00151724,4.30745,2.51945,2.13341,1.788,1.48323,0.99559,0.711136,0.345409,0.121909,0.0203182,0,0,0,0,0
88170,88193,88182,9.8,170.385,-45.1818,266.923,-49.4057,326.317,14.8347,3.45074,216.408,0.18814,0.00149186,4.90226,2.45113,2.08879,1.79039,1.51331,0.895196,0.575483,0.554169,0.0426284,0.0213142,0,0,0,0,0
88194,88219,88206,9.7,170.389,-45.1793,270.961,-49.1155,325.341,13.4217,2.88339,167.631,0.17441,0.00111416,4.07517,2.79788,1.9058,1.72333,1.27729,0.689333,0.608235,0.324392,0.0202745,0,0,0,0,0,0
88220,88245,88232,9.6,170.393,-45.177,275.445,-48.8537,324.201,10.693,2.34485,154.103,0.197159,0.000948185,3.84949,2.02703,1.30176,1.22737,1.02281,0.539301,0.409125,0.241756,0.0371932,0.0185966,0,0.0185966,0,0,0
88246,88275,88260,9.5,170.397,-45.1751,279.658,-49.1844,322.326,9.47296,2.03137,200.613,0.296273,0.000778982,3.6079,1.9017,1.17301,1.13747,0.8531,0.337685,0.319912,0.0710916,0.0533187,0,0,0,0,0,0.0177729
88276,88306,88291,9.4,170.4,-45.1734,284.169,-48.8662,321.304,8.58539,1.40841,73.6697,0.156921,0.00044024,3.53718,2.11201,1.15044,0.704002,0.497953,0.291903,0.137366,0.120196,0.0343416,0,0,0,0,0,0
88307,88338,88322,9.3,170.403,-45.1719,288.609,-48.6155,320.242,7.99034,1.35548,75.0095,0.166014,0.000461406,3.22067,2.02442,1.1349,0.659471,0.368077,0.199375,0.230048,0.122692,0.0153365,0.0153365,0,0,0,0,0
88339,88368,88354,9.2,170.404,-45.1701,292.954,-48.0585,319.672,7.60454,1.04809,46.622,0.133449,0.000222425,3.28713,1.86434,1.07935,0.801339,0.376139,0.114477,0.0327077,0.0163539,0.0327077,0,0,0,0,0,0
88369,88399,88384,9.1,170.406,-45.1681,297.466,-47.6776,318.821,7.93838,1.14287,51.9593,0.136392,0.000259695,3.25632,2.11221,0.985697,0.844883,0.457645,0.176017,0.0352035,0.0528052,0.0176017,0,0,0,0,0,0
88400,88427,88414,9,170.409,-45.1658,302.016,-47.1992,318.109,7.59043,1.01881,44.2589,0.130326,0.000209229,3.49513,1.69461,1.18269,0.706087,0.282435,0.123565,0.0706087,0.0176522,0.0176522,0,0,0,0,0,0
88428,88455,88442,8.9,170.412,-45.1634,306.653,-46.5621,317.618,8.10463,1.01358,42.692,0.12636,0.000200792,4.18953,1.71972,1.22576,0.603731,0.128064,0.0914743,0.0914743,0.0548846,0,0,0,0,0,0,0
88456,88481,88468,8.8,170.415,-45.161,311.388,-45.9336,317.111,7.52249,0.96863,55.9011,0.173134,0.000170203,3.83108,1.77587,1.07749,0.5587,0.179582,0.0399071,0.0199536,0.0199536,0,0,0,0,0.0199536,0,0
88482,88505,88494,8.7,170.419,-45.1587,315.98,-45.1006,316.948,6.95595,0.794453,28.8409,0.108908,9.78194e-05,3.22349,1.93894,1.06642,0.508972,0.193894,0,0,0.0242368,0,0,0,0,0,0,0
88506,88530,88518,8.6,170.422,-45.1565,320.659,-44.1584,316.922,6.88943,0.868186,36.0644,0.12462,0.000166693,3.21659,1.91627,0.889695,0.501879,0.182502,0.0456254,0.114063,0.0228127,0,0,0,0,0,0,0
88532,88555,88544,8.5,170.426,-45.1541,325.707,-43.1343,316.917,6.89281,0.823946,31.5403,0.114839,0.000120555,3.32332,1.78475,0.83083,0.61543,0.276943,0.0307715,0,0.0307715,0,0,0,0,0,0,0
88556,88579,88568,8.4,170.429,-45.152,330.532,-42.2214,316.843,7.54949,0.873481,32.3335,0.111051,0.000117226,3.65678,2.02499,1.06165,0.530824,0.137621,0.0983007,0.0393203,0,0,0,0,0,0,0,0
88580,88604,88592,8.3,170.432,-45.1498,335.509,-41.2793,316.784,6.82132,1.25514,208.168,0.497556,0.000417516,3.44111,1.64442,0.913569,0.548142,0.182714,0.0304523,0.0304523,0,0,0,0,0,0,0,0.0304523
88605,88629,88617,8.2,170.435,-45.1479,340.04,-40.4195,316.745,7.25008,0.836368,30.8569,0.110682,0.000110846,3.47914,1.90792,1.1223,0.538706,0.0673382,0.0897843,0.0448922,0,0,0,0,0,0,0,0
88630,88656,88643,8.1,170.439,-45.1456,345.1,-39.468,316.692,7.15293,0.986551,64.4405,0.195957,0.000179713,3.04926,2.10883,1.2539,0.484461,0.142489,0.0569955,0.0284977,0,0,0,0,0,0.0284977,0,0
