data/B2SAP/Locations/Alaska/NOAA-POPS-B2SAP_GMLBalloon_20240425_R0.ict
82,1001
Thornberry, T. D.
NOAA Chemical Sciences Laboratory
Portable Optical Particle Spectrometer (POPS)
Balloon Baseline Stratospheric Aerosol Profiles (B2SAP)
1,1
2024,04,25,2024,05,28
0
TIME_START,s,Seconds since midnight UTC on flight start day,Start time of 100 m altitude bin in UTC_seconds_since_midnight
49
1.0,1.0,1.0,1.0,1.0,1.0,1.0,1.0,1.0,1.0,1.0,1.0,1.0,1.0,1.0,1.0,1.0,1.0,1.0,1.0,1.0,1.0,1.0,1.0,1.0,1.0,1.0,1.0,1.0,1.0,1.0,1.0,1.0,1.0,1.0,1.0,1.0,1.0,1.0,1.0,1.0,1.0,1.0,1.0,1.0,1.0,1.0,1.0,1.0
99999,99999,99999,99999,99999,99999,99999,99999,99999,99999,99999,99999,99999,99999,99999,99999,99999,99999,99999,99999,99999,99999,99999,99999,99999,99999,99999,99999,99999,99999,99999,99999,99999,99999,99999,99999,99999,99999,99999,99999,99999,99999,99999,99999,99999,99999,99999,99999,99999
TIME_STOP,s,End time of 100 m altitude bin in UTC seconds since midnight,
TIME_MID,s,Mid time of 100 m altitude in UTC seconds since midnight,
GPSAlt,km,GPS reported altitude above sea level (km),
GPS_Lon,deg,GPS reported longitude,
GPS_Lat,deg,GPS reported latitude,
iMet_Pressure,hPa,Pressure reported (hPa),
iMet_Temperature,degrees C,Ambient temperature (oC),
THETA,K,Potential temperature from iMet,
Aerosol_concentration,cm^-3,Aerosol concentration,
Surface_Area_Conc,um^2 cm^-3,Surface area concentration,
Volume_density,um^3 cm^-3,Volume density,
Effective_radius,um,Effective radius,
Extinction,km^-1,Extinction,
Bin01,cm^-3,particle concentration in size range [140 - 146.14 nm],
Bin02,cm^-3,particle concentration in size range [146.14 - 152.56 nm],
Bin03,cm^-3,particle concentration in size range [152.56 - 159.25 nm],
Bin04,cm^-3,particle concentration in size range [159.25 - 166.24 nm],
Bin05,cm^-3,particle concentration in size range [166.24 - 173.54 nm],
Bin06,cm^-3,particle concentration in size range [173.54 - 181.16 nm],
Bin07,cm^-3,particle concentration in size range [181.16 - 189.11 nm],
Bin08,cm^-3,particle concentration in size range [189.11 - 197.41 nm],
Bin09,cm^-3,particle concentration in size range [197.41 - 206.07 nm],
Bin10,cm^-3,particle concentration in size range [206.07 - 215.12 nm],
Bin11,cm^-3,particle concentration in size range [215.12 - 224.56 nm],
Bin12,cm^-3,particle concentration in size range [224.56 - 234.41 nm],
Bin13,cm^-3,particle concentration in size range [234.41 - 244.70 nm],
Bin14,cm^-3,particle concentration in size range [244.70 - 361.30 nm],
Bin15,cm^-3,particle concentration in size range [361.30 - 472.80 nm],
Bin16,cm^-3,particle concentration in size range [472.80 - 567.00 nm],
Bin17,cm^-3,particle concentration in size range [567.00 - 610.66 nm],
Bin18,cm^-3,particle concentration in size range [610.66 - 657.69 nm],
Bin19,cm^-3,particle concentration in size range [657.69 - 708.33 nm],
Bin20,cm^-3,particle concentration in size range [708.33 - 762.88 nm],
Bin21,cm^-3,particle concentration in size range [762.88 - 821.62 nm],
Bin22,cm^-3,particle concentration in size range [821.62 - 884.89 nm],
Bin23,cm^-3,particle concentration in size range [884.89 - 953.03 nm],
Bin24,cm^-3,particle concentration in size range [953.03 - 1026.42 nm],
Bin25,cm^-3,particle concentration in size range [1026.42 - 1105.46 nm],
Bin26,cm^-3,particle concentration in size range [1105.46 - 1190.59 nm]],
[...]
LOCATION: Utqiagvik, AL, USA
ASSOCIATED_DATA: N/A
INSTRUMENT_INFO: Printed Optical Particle Spectrometer counts particles from 140 - 2500 nm in diameter 
DATA_INFO: Particle concentrations reported in number per cubic centimeter, binned to 100 m altitude
UNCERTAINTY: Counting uncertainty dominated by air flow, less than 5 percent
ULOD_FLAG: -77777
ULOD_VALUE: 3000 ~3000 per cm3 (varies depending on flow rate- manufacturer quotes 1250  per cm3 at 1.667 cc/s)
LLOD_FLAG: -88888
LLOD_VALUE: 0 0 (varies depending on data field and measurement precision)
DM_CONTACT_INFO: Troy Thornberry, 325 Broadway R/CSL6, Boulder, CO 80305; troy.thornberry@noaa.gov; 303-497-3373
PROJECT_INFO: B2SAP Utqiagvik, AL, USA
STIPULATIONS_ON_USE: Please contact the PIs for questions regarding applications and uncertainties
OTHER_COMMENTS: POPS bin Edges (nm):  140, 146.14, 152.56, 159.25, 166.24, 173.54, 181.16, 189.11, 197.41, 206.07, 215.12, 224.56, 234.41, 244.70, 361.30, 472.80, 567.00, 610.66, 657.69, 708.33, 762.88, 821.62, 884.89, 953.03, 1026.42, 1105.46, 1190.59, 1282.27, 1381.01, 1487.36, 1601.89, 1725.25, 1858.10, 2001.18, 2155.28, 2321.25, 2500
Calculations assume sulfate refractive index of 1.45+0.00j and extinction wavelength = 532 nm
REVISION: R0
R0: QA/QC data
TIME_START,TIME_STOP,TIME_MID,GPSAlt,GPS_Lon,GPS_Lat,iMet_Pressure,iMet_Temperature,THETA,Aerosol_concentration,Surface_Area_Conc,Volume_density,Effective_radius,Extinction,Bin01,Bin02,Bin03,Bin04,Bin05,Bin06,Bin07,Bin08,Bin09,Bin10,Bin11,Bin12,Bin13,Bin14,Bin15,Bin16,Bin17,Bin18,Bin19,Bin20,Bin21,Bin22,Bin23,Bin24,Bin25,Bin26,Bin27,Bin28,Bin29,Bin30,Bin31,Bin32,Bin33,Bin34,Bin35,Bin36
[from data line 132]
81159,81180,81170,13.3,-156.224,71.2947,152.325,-51.0809,380.174,8.46046,1.74833,114.541,0.196544,0.000729994,0.820916,0.770656,0.78741,0.569615,0.569615,0.603122,0.385328,0.519355,0.418835,0.268054,0.301561,0.234548,0.234548,1.12248,0.368575,0.318315,0.0335068,0.0167534,0.0335068,0,0.0335068,0.0167534,0.0167534,0.0167534,0,0,0,0,0,0,0,0,0,0,0,0
81181,81205,81193,13.4,-156.217,71.2956,150.056,-51.0524,381.858,8.64752,1.64214,97.9282,0.178903,0.000631555,0.999463,0.883583,0.651823,0.695278,0.622854,0.550429,0.521459,0.391094,0.405579,0.246244,0.318669,0.304184,0.217274,1.02843,0.391094,0.275214,0.0289699,0,0.0579399,0.0289699,0.014485,0.014485,0,0,0,0,0,0,0,0,0,0,0,0,0,0
81206,81229,81218,13.5,-156.21,71.2962,147.77,-50.7921,383.985,7.82518,1.70466,128.423,0.226009,0.000711206,0.939559,0.71138,0.684536,0.71138,0.630847,0.281868,0.389246,0.389246,0.281868,0.402668,0.147645,0.268445,0.147645,1.00667,0.348979,0.308712,0.0536891,0.0402668,0.0134223,0,0,0,0.0134223,0.0134223,0,0.0268445,0.0134223,0,0,0,0,0,0,0,0,0
81230,81253,81242,13.6,-156.203,71.2965,145.627,-50.8533,385.487,8.61279,2.0681,169.81,0.246327,0.00101066,1.05654,1.05654,0.762312,0.54833,0.668695,0.427965,0.54833,0.374469,0.227356,0.227356,0.173861,0.200608,0.24073,1.05654,0.468086,0.227356,0.0668695,0.0668695,0.0401217,0.0133739,0.0133739,0.0534956,0.0534956,0.0133739,0,0,0.0267478,0,0,0,0,0,0,0,0,0
81254,81277,81266,13.7,-156.196,71.2966,143.383,-50.6304,387.588,8.14987,1.90299,175.333,0.276407,0.000875543,1.09916,0.603198,0.804264,0.603198,0.509367,0.455749,0.361919,0.402132,0.308301,0.241279,0.308301,0.160853,0.241279,1.11256,0.415536,0.294897,0.0804264,0.0536176,0.0134044,0.0134044,0.0134044,0,0.0402132,0,0,0,0,0,0,0,0,0,0,0.0134044,0,0
81278,81302,81290,13.8,-156.191,71.2969,141.202,-51.064,388.531,7.71921,1.79393,151.841,0.253924,0.00081113,0.887709,0.668998,0.836248,0.514614,0.591806,0.476018,0.334499,0.411691,0.270172,0.347364,0.16725,0.231576,0.154384,0.939171,0.385961,0.270172,0.0514614,0.0257307,0.0514614,0.0128654,0.0257307,0,0.0385961,0,0,0,0.0128654,0,0,0,0.0128654,0,0,0,0,0
81303,81327,81315,13.9,-156.186,71.2969,139.033,-50.9124,390.518,6.94263,1.49524,104.642,0.209949,0.000707943,0.811476,0.695551,0.734193,0.515223,0.463701,0.515223,0.386417,0.309134,0.244731,0.23185,0.154567,0.193209,0.193209,0.66979,0.360656,0.244731,0.0386417,0.0257612,0.0515223,0.0257612,0.0386417,0,0.0386417,0,0,0,0,0,0,0,0,0,0,0,0,0
81328,81351,81340,14,-156.18,71.2966,136.88,-50.7287,392.586,8.2946,1.89611,147.304,0.233061,0.000853722,0.896352,0.789325,0.695676,0.548514,0.682298,0.441487,0.548514,0.387973,0.361216,0.280946,0.307703,0.200676,0.227433,0.963244,0.401352,0.361216,0,0.0535135,0.0401352,0,0,0.0401352,0.0267568,0,0,0.0267568,0.0133784,0,0,0,0,0,0,0,0,0
81352,81375,81364,14.1,-156.174,71.2963,134.835,-50.7012,394.329,7.74324,1.7694,134.069,0.227313,0.000822124,0.75021,0.7904,0.535864,0.576054,0.602848,0.589451,0.415295,0.375105,0.401898,0.200949,0.227742,0.214346,0.267932,0.924366,0.334915,0.227742,0.0803797,0.0937763,0.0267932,0.0267932,0.0267932,0,0.0267932,0,0,0.0133966,0.0133966,0,0,0,0,0,0,0,0,0
81376,81399,81388,14.2,-156.168,71.2961,132.792,-50.5654,396.295,7.66732,1.91294,164.294,0.257658,0.000913501,0.737242,0.804264,0.737242,0.428941,0.576389,0.509367,0.375323,0.361919,0.375323,0.308301,0.134044,0.227875,0.160853,0.965117,0.402132,0.227875,0.0938308,0.067022,0.0402132,0.0268088,0.0134044,0.0402132,0.0134044,0,0,0.0134044,0,0.0134044,0.0134044,0,0,0,0,0,0,0
81400,81422,81411,14.3,-156.164,71.296,130.83,-50.6664,397.803,7.31661,1.64429,131.118,0.239224,0.000704803,0.570696,0.760928,0.629229,0.629229,0.570696,0.482896,0.482896,0.321931,0.204865,0.263398,0.321931,0.102433,0.292665,0.995059,0.263398,0.234132,0.0146332,0.0292665,0.0292665,0.0146332,0.0146332,0.0146332,0.0292665,0,0.0146332,0,0.0292665,0,0,0,0,0,0,0,0,0
81423,81445,81434,14.4,-156.16,71.2956,128.841,-51.1796,398.625,7.41735,1.68735,118.261,0.210261,0.000729946,0.548912,0.577061,0.760032,0.408165,0.63336,0.408165,0.520762,0.281493,0.309643,0.323717,0.21112,0.182971,0.225195,1.15412,0.380016,0.239269,0.112597,0.0562986,0.0281493,0,0.0281493,0,0,0.0140747,0,0,0.0140747,0,0,0,0,0,0,0,0,0
81446,81469,81458,14.5,-156.157,71.2953,126.895,-51.7242,399.383,6.83278,1.54778,111.685,0.216474,0.000733244,0.676513,0.771225,0.487089,0.595331,0.446498,0.473559,0.243545,0.297666,0.297666,0.257075,0.257075,0.243545,0.108242,0.906527,0.257075,0.284135,0.0405908,0.0270605,0.0676513,0.0135303,0.054121,0,0.0135303,0,0,0.0135303,0,0,0,0,0,0,0,0,0,0
81470,81494,81482,14.6,-156.152,71.2952,124.946,-52.0356,400.588,7.03428,1.657,118.734,0.214968,0.000768632,0.830616,0.726789,0.571048,0.350416,0.584027,0.363394,0.415308,0.337438,0.15574,0.181697,0.15574,0.142762,0.142762,1.11614,0.454243,0.324459,0.0389351,0.0259567,0.0259567,0.0129784,0.0129784,0.0259567,0.0259567,0,0,0.0129784,0,0,0,0,0,0,0,0,0,0
81495,81519,81507,14.7,-156.148,71.2955,123.032,-51.4628,403.403,7.42186,1.61894,113.663,0.210625,0.000715135,0.762875,0.775805,0.594784,0.659434,0.504273,0.374972,0.581853,0.284462,0.362042,0.219811,0.193951,0.155161,0.206881,0.840455,0.387902,0.336182,0.0129301,0.0646504,0.0387902,0.0258602,0,0,0.0258602,0,0,0,0.0129301,0,0,0,0,0,0,0,0,0
81520,81543,81532,14.8,-156.143,71.296,121.204,-51.2996,405.429,6.93487,1.5612,105.604,0.202928,0.0007204,0.782534,0.553171,0.431743,0.580155,0.499203,0.323807,0.404759,0.391267,0.242856,0.323807,0.242856,0.20238,0.161904,0.971422,0.242856,0.364283,0.0809518,0.0539679,0.0269839,0.013492,0,0,0.0404759,0,0,0,0,0,0,0,0,0,0,0,0,0
81544,81566,81555,14.9,-156.138,71.2964,119.388,-50.4891,408.668,7.16657,1.81887,130.179,0.214715,0.000895529,0.727854,0.559888,0.573885,0.419916,0.475905,0.335933,0.377924,0.307938,0.25195,0.209958,0.209958,0.223955,0.223955,1.14777,0.517896,0.321936,0.0979804,0.0559888,0.0419916,0,0.0279944,0,0.0559888,0,0,0,0,0,0,0,0,0,0,0,0,0
81567,81588,81578,15,-156.132,71.2968,117.575,-50.2305,410.935,6.7545,1.78297,138.906,0.233721,0.000931335,0.599425,0.701766,0.511704,0.599425,0.380123,0.336263,0.219302,0.350883,0.248542,0.292402,0.146201,0.204682,0.146201,0.950308,0.467844,0.292402,0.102341,0.0438604,0.0292402,0,0.0146201,0.0584805,0.0438604,0,0.0146201,0,0,0,0,0,0,0,0,0,0,0
81589,81612,81600,15.1,-156.126,71.2971,115.754,-50.0446,413.117,6.44545,1.58332,112.487,0.213136,0.000775571,0.549404,0.562804,0.522604,0.549404,0.348403,0.294802,0.428803,0.281402,0.308202,0.227802,0.187601,0.174201,0.107201,0.991607,0.335002,0.294802,0.0804006,0.0670005,0.0938007,0.0134001,0,0,0.0134001,0,0.0134001,0,0,0,0,0,0,0,0,0,0,0
81613,81636,81624,15.2,-156.119,71.2975,114.071,-50.4817,414.035,7.155,1.75421,128.834,0.220328,0.00083812,0.659382,0.533118,0.505059,0.547147,0.448941,0.589235,0.350735,0.196412,0.364765,0.266559,0.196412,0.210441,0.224471,1.10832,0.364765,0.336706,0.0701471,0.0280588,0.0420882,0.0561177,0.0140294,0.0140294,0,0,0.0140294,0.0140294,0,0,0,0,0,0,0,0,0,0
81637,81660,81648,15.3,-156.112,71.2978,112.246,-51.1267,414.744,6.21496,1.31977,77.8247,0.176905,0.000515378,0.485333,0.566222,0.444889,0.471851,0.364,0.417926,0.323555,0.283111,0.202222,0.229185,0.202222,0.229185,0.202222,1.02459,0.404444,0.283111,0,0.0404444,0.0269629,0.0134815,0,0,0,0,0,0,0,0,0,0,0,0,0,0,0,0
81661,81684,81672,15.4,-156.104,71.2981,110.65,-51.5112,415.724,5.93593,1.38249,93.3506,0.20257,0.000652234,0.485667,0.512648,0.418213,0.391232,0.512648,0.36425,0.229343,0.283306,0.296796,0.229343,0.242833,0.161889,0.134907,0.944352,0.242833,0.283306,0.0404722,0.0269815,0.0674537,0.0269815,0.0269815,0.0134907,0,0,0,0,0,0,0,0,0,0,0,0,0,0
81685,81709,81697,15.5,-156.097,71.2983,108.954,-51.1292,418.282,6.6734,1.72388,124.891,0.217342,0.000888251,0.606673,0.57971,0.364004,0.377485,0.512301,0.310077,0.431412,0.256151,0.256151,0.188743,0.404449,0.175261,0.134816,1.11897,0.269632,0.377485,0.0674081,0.148298,0,0.0269632,0.0269632,0,0.0404449,0,0,0,0,0,0,0,0,0,0,0,0,0
81710,81732,81721,15.6,-156.092,71.2983,107.208,-50.6891,421.052,6.27746,1.61818,128.483,0.2382,0.000830355,0.528011,0.748015,0.48401,0.410675,0.410675,0.410675,0.33734,0.205338,0.161337,0.308006,0.234671,0.161337,0.190671,0.762682,0.33734,0.322673,0.0733348,0.0586679,0.0293339,0,0.014667,0.0293339,0.0293339,0,0.014667,0.014667,0,0,0,0,0,0,0,0,0,0
81733,81755,81744,15.7,-156.088,71.2981,105.65,-50.6639,422.863,6.26262,1.63652,130.882,0.239927,0.000801897,0.532393,0.490362,0.532393,0.476351,0.392289,0.476351,0.462341,0.182134,0.238176,0.224165,0.140103,0.168124,0.126093,0.82661,0.448331,0.294217,0.0560413,0.084062,0.0280207,0.0140103,0.0140103,0.0140103,0,0,0.0140103,0.0140103,0.0140103,0,0,0,0,0,0,0,0,0
81756,81779,81768,15.8,-156.085,71.2979,104.101,-51.095,423.829,6.71338,1.55982,116.939,0.224909,0.000728398,0.810469,0.594344,0.648375,0.324187,0.499789,0.337695,0.43225,0.337695,0.189109,0.256648,0.324187,0.202617,0.135078,0.756437,0.364711,0.283664,0.0540312,0.0270156,0.0405234,0.0405234,0,0,0.0270156,0.0135078,0,0,0.0135078,0,0,0,0,0,0,0,0,0
81780,81800,81790,15.9,-156.082,71.2981,102.53,-51.4881,424.92,6.22461,1.74566,149.711,0.257286,0.000906044,0.554668,0.508446,0.554668,0.385186,0.308149,0.338964,0.354371,0.400594,0.292742,0.231112,0.169482,0.169482,0.107852,0.862818,0.385186,0.292742,0.0616298,0.0616298,0.0616298,0.0154075,0,0.0308149,0.0462224,0,0,0,0.0308149,0,0,0,0,0,0,0,0,0
81801,81822,81812,16,-156.078,71.2984,100.992,-51.2855,427.147,5.44223,1.49465,124.318,0.249526,0.000776462,0.588349,0.470679,0.397136,0.250048,0.220631,0.367718,0.308883,0.411845,0.250048,0.279466,0.176505,0.11767,0.0735437,0.617767,0.338301,0.338301,0.0588349,0.0147087,0.0735437,0.0147087,0.0147087,0,0.0294175,0,0,0.0147087,0.0147087,0,0,0,0,0,0,0,0,0
81823,81844,81834,16.1,-156.074,71.2986,99.4332,-51.465,428.704,5.40717,1.38256,101.332,0.21988,0.000682777,0.516335,0.372908,0.387251,0.473307,0.329881,0.258167,0.372908,0.258167,0.215139,0.129084,0.200797,0.114741,0.114741,0.803187,0.344223,0.329881,0.0573705,0.0143426,0.0430279,0.0286853,0.0143426,0.0143426,0,0,0,0.0143426,0,0,0,0,0,0,0,0,0,0
81845,81867,81856,16.2,-156.069,71.2986,97.8957,-52.1222,429.341,5.23457,1.28801,90.7489,0.21137,0.00062915,0.439353,0.477012,0.238506,0.489565,0.326376,0.351482,0.288718,0.251059,0.238506,0.125529,0.175741,0.175741,0.100423,0.778282,0.364035,0.2134,0.0502117,0.0376588,0.0502117,0,0.0251059,0.0251059,0.0125529,0,0,0,0,0,0,0,0,0,0,0,0,0
81868,81888,81878,16.3,-156.065,71.2984,96.3757,-52.3371,430.845,5.42354,1.45219,114.121,0.235756,0.000789225,0.524413,0.621015,0.317408,0.276007,0.441611,0.317408,0.289807,0.220806,0.248406,0.138003,0.248406,0.110403,0.0966024,0.731418,0.262207,0.317408,0.0552014,0.0690017,0.0138003,0.0552014,0,0.0138003,0.0276007,0.0276007,0,0,0,0,0,0,0,0,0,0,0,0
81889,81911,81900,16.4,-156.062,71.2986,94.9057,-52.2739,432.866,5.11454,1.35318,107.667,0.238699,0.000702328,0.440908,0.516493,0.390519,0.340129,0.377921,0.340129,0.28974,0.125974,0.163766,0.176363,0.125974,0.214155,0.0755843,0.81883,0.214155,0.264545,0.0503895,0.0377921,0.0503895,0.0251948,0.0251948,0.0125974,0.0251948,0,0,0,0.0125974,0,0,0,0,0,0,0,0,0
81912,81933,81922,16.5,-156.058,71.2991,93.4468,-52.1318,435.066,5.08103,1.29728,100.328,0.232013,0.000660717,0.539695,0.394899,0.289592,0.513368,0.329082,0.342246,0.289592,0.263266,0.223776,0.092143,0.092143,0.11847,0.171123,0.684491,0.250102,0.263266,0.0263266,0.092143,0.0263266,0,0.0526532,0.0131633,0,0,0,0,0.0131633,0,0,0,0,0,0,0,0,0
81934,81956,81945,16.6,-156.054,71.2994,92.0709,-52.317,436.548,5.725,1.42148,104.705,0.220977,0.000681639,0.517016,0.453965,0.416135,0.390914,0.428745,0.277423,0.327864,0.340474,0.214372,0.214372,0.151322,0.252203,0.138712,0.756608,0.327864,0.315253,0.0378304,0.0630507,0.0504406,0,0.0252203,0,0.0126101,0,0,0,0.0126101,0,0,0,0,0,0,0,0,0
81957,81979,81968,16.7,-156.049,71.2997,90.6465,-52.4296,438.27,5.3041,1.35879,113.753,0.25115,0.000714215,0.644069,0.505152,0.442008,0.416751,0.366235,0.328349,0.328349,0.265205,0.189432,0.164175,0.113659,0.151546,0.0505152,0.593554,0.277834,0.21469,0.063144,0.0252576,0.0378864,0.0252576,0.0252576,0.0252576,0.0378864,0,0,0,0,0.0126288,0,0,0,0,0,0,0,0
81980,82002,81991,16.8,-156.045,71.3,89.2913,-52.1617,440.697,5.92925,1.3983,105.683,0.226739,0.00065396,0.643387,0.466771,0.454156,0.454156,0.403694,0.403694,0.239693,0.378463,0.227078,0.239693,0.201847,0.113539,0.151385,0.845234,0.27754,0.239693,0.0252309,0.0378463,0.0378463,0.0126154,0.0126154,0.0126154,0.0378463,0,0,0,0.0126154,0,0,0,0,0,0,0,0,0
82003,82025,82014,16.9,-156.041,71.3005,87.9357,-52.0448,442.861,5.78879,1.73001,157.563,0.273229,0.000982521,0.490789,0.591464,0.46562,0.490789,0.276855,0.364946,0.364946,0.151012,0.201349,0.201349,0.138428,0.176181,0.100675,0.931241,0.201349,0.28944,0.037753,0.0629217,0.0503373,0.0251687,0.0503373,0.037753,0.0503373,0.0125843,0,0,0.0251687,0,0,0,0,0,0,0,0,0
82026,82049,82038,17,-156.036,71.3011,86.5987,-51.9408,445.012,5.38135,1.76519,170.378,0.289564,0.00101541,0.567093,0.410237,0.434369,0.37404,0.265448,0.361974,0.289579,0.193053,0.132724,0.22925,0.0965264,0.0723948,0.193053,0.808409,0.313711,0.22925,0.0482632,0.132724,0.0844606,0.0120658,0.0120658,0,0.0482632,0.0120658,0.0120658,0.0241316,0.0241316,0,0,0,0,0,0,0,0,0
82050,82072,82061,17.1,-156.031,71.3015,85.2717,-51.6313,447.606,5.04946,1.4548,115.175,0.237507,0.000820934,0.577799,0.489873,0.464751,0.238656,0.326582,0.175852,0.238656,0.213534,0.213534,0.15073,0.138169,0.113048,0.0502434,0.665725,0.401947,0.276339,0.0628043,0.100487,0.0628043,0.0502434,0,0.0125609,0.0125609,0,0,0.0125609,0,0,0,0,0,0,0,0,0,0
82073,82096,82084,17.2,-156.026,71.3019,83.9646,-51.1967,450.467,5.33141,1.49808,121.928,0.244169,0.000779394,0.469357,0.409183,0.397148,0.336974,0.30087,0.349009,0.252731,0.204592,0.264765,0.192557,0.120348,0.180522,0.108313,0.818366,0.469357,0.240696,0.0361044,0.0240696,0.0240696,0.0361044,0,0.0361044,0.0240696,0.0120348,0.0120348,0.0120348,0,0,0,0,0,0,0,0,0,0
82097,82118,82108,17.3,-156.022,71.3025,82.6932,-51.715,451.38,5.01912,1.5265,127.361,0.250299,0.000820355,0.355685,0.382032,0.421553,0.22395,0.276644,0.342512,0.263471,0.171256,0.197603,0.158082,0.197603,0.158082,0.171256,0.685024,0.395206,0.382032,0.0790412,0.0263471,0.0395206,0.0131735,0.0131735,0,0.0263471,0.0131735,0.0131735,0,0.0131735,0,0,0,0,0,0,0,0,0
82119,82142,82130,17.4,-156.018,71.3033,81.4496,-51.7658,453.235,5.33872,1.67162,150.217,0.26959,0.00095675,0.457949,0.27718,0.47,0.47,0.313334,0.289231,0.253077,0.241026,0.180769,0.241026,0.228975,0.120513,0.084359,0.723078,0.385641,0.253077,0.0602565,0.0482052,0.0602565,0.0482052,0.0120513,0.0482052,0.0482052,0,0,0,0.0241026,0,0,0,0,0,0,0,0,0
82143,82165,82154,17.5,-156.013,71.3043,80.2161,-51.723,455.302,4.79348,1.38566,108.221,0.234303,0.000778418,0.441505,0.290132,0.340589,0.416276,0.277517,0.277517,0.201831,0.252288,0.163987,0.151373,0.126144,0.088301,0.176602,0.693793,0.340589,0.277517,0.0630721,0.0756865,0.0378433,0.0378433,0.0126144,0,0.0504577,0,0,0,0,0,0,0,0,0,0,0,0,0
82166,82188,82177,17.6,-156.006,71.3051,78.9987,-51.5735,457.605,5.36295,1.45183,116.4,0.240524,0.000744726,0.55392,0.41544,0.428029,0.339905,0.377673,0.289549,0.214015,0.201425,0.264371,0.151069,0.13848,0.251782,0.163658,0.679811,0.377673,0.314727,0.0251782,0.0251782,0.0629455,0,0.0125891,0.0251782,0.0251782,0.0125891,0,0,0.0125891,0,0,0,0,0,0,0,0,0
82189,82210,82200,17.7,-155.999,71.3053,77.7759,-51.0636,460.707,4.42447,1.3366,109.57,0.245931,0.000748702,0.40821,0.302865,0.329201,0.263361,0.289697,0.197521,0.223857,0.184353,0.171185,0.158017,0.118513,0.131681,0.0921764,0.763747,0.210689,0.289697,0.0790084,0.0395042,0.0921764,0.0131681,0.0263361,0.0263361,0,0,0,0,0.0131681,0,0,0,0,0,0,0,0,0
