data/B2SAP/Locations/Alaska/NOAA-POPS-B2SAP_GMLBalloon_20230314_R0.ict
61,1001
Thornberry, T. D.
NOAA Chemical Sciences Laboratory
Portable Optical Particle Spectrometer (POPS)
Balloon Baseline Stratospheric Aerosol Profiles (B2SAP)
1,1
2023,03,14,2024,05,28
0
TIME_START,s,Seconds since midnight UTC on flight start day,Start time of 100 m altitude bin in UTC_seconds_since_midnight
28
1.0,1.0,1.0,1.0,1.0,1.0,1.0,1.0,1.0,1.0,1.0,1.0,1.0,1.0,1.0,1.0,1.0,1.0,1.0,1.0,1.0,1.0,1.0,1.0,1.0,1.0,1.0,1.0
99999,99999,99999,99999,99999,99999,99999,99999,99999,99999,99999,99999,99999,99999,99999,99999,99999,99999,99999,99999,99999,99999,99999,99999,99999,99999,99999,99999
TIME_STOP,s,End time of 100 m altitude bin in UTC seconds since midnight,
TIME_MID,s,Mid time of 100 m altitude in UTC seconds since midnight,
GPSAlt,m,GPS reported altitude above sea level (m),
GPS_Lon,deg,GPS reported longitude,
GPS_Lat,deg,GPS reported latitude,
iMet_Pressure,mb,Pressure reported (mB),
iMet_Temperature,degrees C,Ambient temperature (oC),
THETA,K,Potential temperature from iMet,
Aerosol_concentration,cm^-3,Aerosol concentration,
Surface_Area_Conc,um^2 cm^-3,Surface area concentration,
Volume_density,um^3 cm^-3,Volume density,
Effective_radius,um,Effective radius,
Extinction,km^-1,Extinction,
Bin01,cm^-3,particle concentration in size range [140 - 170 nm],
Bin02,cm^-3,particle concentration in size range [170 - 205 nm],
Bin03,cm^-3,particle concentration in size range [205 - 249 nm],
Bin04,cm^-3,particle concentration in size range [249 - 302 nm],
Bin05,cm^-3,particle concentration in size range [302 - 366 nm],
Bin06,cm^-3,particle concentration in size range [366 - 443 nm],
Bin07,cm^-3,particle concentration in size range [443 - 537 nm],
Bin08,cm^-3,particle concentration in size range [537 - 651 nm],
Bin09,cm^-3,particle concentration in size range [651 - 789 nm],
Bin10,cm^-3,particle concentration in size range [789 - 956 nm],
Bin11,cm^-3,particle concentration in size range [956 - 1159 nm],
Bin12,cm^-3,particle concentration in size range [1159 - 1404 nm],
Bin13,cm^-3,particle concentration in size range [1404 - 1702 nm],
Bin14,cm^-3,particle concentration in size range [1702 - 2062 nm],
Bin15,cm^-3,particle concentration in size range [2062 - 2500 nm],
0
19
PI_CONTACT_INFO: 325 Broadway R/CSL6, Boulder, CO 80305; troy.thornberry@noaa.gov; 303-497-3373 
PLATFORM: GML ECC/FPH balloon
LOCATION: Utqiagvik, AL, USA
ASSOCIATED_DATA: N/A
INSTRUMENT_INFO: Printed Optical Particle Spectrometer counts particles from 140 - 2500 nm in diameter 
DATA_INFO: Particle concentrations reported in number per cubic centimeter, binned to 100 m altitude
UNCERTAINTY: Counting uncertainty dominated by air flow, less than 5 percent
ULOD_FLAG: -77777
ULOD_VALUE: 3000 ~3000 per cm3 (varies depending on flow rate- manufacturer quotes 1250  per cm3 at 1.667 cc/s)
LLOD_FLAG: -88888
LLOD_VALUE: 0 0 (varies depending on data field and measurement precision)
DM_CONTACT_INFO: Troy Thornberry, 325 Broadway R/CSL6, Boulder, CO 80305; troy.thornberry@noaa.gov; 303-497-3373
PROJECT_INFO: B2SAP Utqiagvik, AL, USA
STIPULATIONS_ON_USE: Please contact the PIs for questions regarding applications and uncertainties
OTHER_COMMENTS: POPS bin Edges (nm):  140, 170, 205, 249, 302, 366, 443, 537, 651, 789, 956, 1159, 1404, 1702, 2062, 2500
Calculations assume sulfate refractive index of 1.45+0.00j and extinction wavelength = 532 nm
REVISION: R0
R0: QA/QC data
TIME_START,TIME_STOP,TIME_MID,GPSAlt,GPS_Lon,GPS_Lat,iMet_Pressure,iMet_Temperature,THETA,Aerosol_concentration,Surface_Area_Conc,Volume_density,Effective_radius,Extinction,Bin01,Bin02,Bin03,Bin04,Bin05,Bin06,Bin07,Bin08,Bin09,Bin10,Bin11,Bin12,Bin13,Bin14,Bin15
[from data line 423]
77160,77160,77160,8.2,-155.836,71.3988,309.99,-58.01,300.647,21.7244,3.34371,143.009,0.128308,0.000632922,7.09368,4.43355,4.8769,2.66013,1.77342,0.886709,0,0,0,0,0,0,0,0,0
77164,77169,77166,8.1,-155.836,71.398,314.583,-57.76,299.728,22.3909,4.59985,365.843,0.238601,0.00174891,8.80707,5.82162,3.43326,0.746362,1.19418,1.49272,0.597089,0,0,0.149272,0.149272,0,0,0,0
77177,77177,77177,8,-155.837,71.3971,321.2,-57.36,298.503,23.7776,4.41021,262.598,0.17863,0.00170274,9.60249,5.48714,2.28631,2.74357,2.28631,0,0.914523,0,0.457261,0,0,0,0,0,0
77188,77188,77188,7.8,-155.838,71.3958,328.69,-58.04,295.613,24.6836,3.42697,137.043,0.119968,0.000542751,8.68497,6.39945,4.57104,2.74262,1.82841,0.457104,0,0,0,0,0,0,0,0,0
77199,77199,77199,7.7,-155.838,71.3948,336.17,-58.11,293.627,22.4839,3.40582,155.551,0.137016,0.000816204,6.42399,7.80055,4.1297,2.29428,0.917712,0,0.917712,0,0,0,0,0,0,0,0
77204,77208,77206,7.6,-155.839,71.3941,341.01,-57.66,293.032,20.3047,3.37544,214.295,0.19046,0.00125503,9.12572,5.47543,2.50957,1.14071,0.912572,0.228143,0.684429,0,0,0.228143,0,0,0,0,0
77212,77215,77214,7.5,-155.839,71.3933,346.317,-57.3,292.232,20.0385,3.31958,169.804,0.153457,0.000965728,7.57011,5.19517,2.52337,2.07807,1.18747,1.03903,0.296867,0,0.148433,0,0,0,0,0,0
77224,77224,77224,7.4,-155.84,71.3923,353.52,-56.68,291.356,20.3965,4.15985,239.284,0.172567,0.00161571,5.94897,6.3739,2.54956,0.849853,2.54956,0.424927,1.27478,0.424927,0,0,0,0,0,0,0
77226,77226,77226,7.3,-155.84,71.392,354.95,-56.59,291.142,22.8232,5.58157,585.301,0.31459,0.00186649,6.14472,7.46144,3.95018,1.75563,2.19454,0.438908,0.438908,0,0,0,0,0.438908,0,0,0
77245,77245,77245,7.1,-155.841,71.3902,368.54,-55.89,288.957,16.8748,2.58387,112.492,0.130609,0.000523353,4.68744,6.09367,2.34372,1.40623,1.40623,0.937488,0,0,0,0,0,0,0,0,0
77249,77253,77251,7,-155.842,71.3896,372.885,-55.565,288.425,13.9788,1.7675,69.278,0.117587,0.000273272,6.55256,3.4947,1.52893,1.52893,0.436837,0.436837,0,0,0,0,0,0,0,0,0
77257,77259,77258,6.9,-155.842,71.3889,377.945,-55.24,287.748,14.4394,2.68231,149.736,0.16747,0.000900245,4.73792,3.15861,2.25615,2.03054,1.35369,0.45123,0.225615,0,0.225615,0,0,0,0,0,0
77271,77273,77272,6.8,-155.843,71.3875,388.235,-54.675,286.293,105.036,21.4163,1181.01,0.165437,0.00716208,24.4464,26.5181,18.2312,13.8806,12.016,4.97214,3.72911,1.03586,0,0.207173,0,0,0,0,0
77276,77281,77278,6.7,-155.844,71.3869,392.78,-54.34,285.778,37.8837,7.65709,488.563,0.191416,0.00239687,10.759,8.33441,7.12213,3.78837,5.30372,1.21228,0.909208,0.303069,0,0,0.151535,0,0,0,0
77287,77289,77288,6.6,-155.844,71.3859,399.935,-53.775,285.035,15.4634,2.33087,104.613,0.134645,0.000525305,6.275,2.91339,3.58572,0.672322,1.12054,0.672322,0.224107,0,0,0,0,0,0,0,0
77296,77296,77296,6.5,-155.845,71.3851,405.91,-53.06,284.757,19.5885,3.68473,199.837,0.162701,0.00126006,7.5683,3.56155,3.56155,0,3.56155,0.445194,0.445194,0.445194,0,0,0,0,0,0,0
77305,77305,77305,6.4,-155.845,71.3842,412.7,-52.28,284.418,18.1063,3.22806,155.003,0.144052,0.000826594,4.76483,3.81186,3.81186,3.33538,0.952965,0.952965,0.476483,0,0,0,0,0,0,0,0
77311,77315,77313,6.3,-155.845,71.3834,418.8,-51.78,283.872,17.1146,2.84173,148.425,0.156692,0.000924869,6.20406,4.49259,3.85079,0.641799,0.641799,0.213933,0.855732,0.213933,0,0,0,0,0,0,0
77322,77322,77322,6.2,-155.846,71.3825,425.62,-51.16,283.358,12.3872,2.119,99.0485,0.140229,0.000512967,4.12907,1.65163,2.47744,2.47744,1.23872,0,0.412907,0,0,0,0,0,0,0,0
77330,77331,77330,6.1,-155.846,71.3817,432.145,-50.395,283.091,14.7356,2.21348,93.3685,0.126545,0.000401447,4.83855,3.07907,3.29901,2.19934,0.659802,0.659802,0,0,0,0,0,0,0,0,0
77338,77338,77338,6,-155.846,71.381,437.94,-49.8,282.771,15.1076,2.29346,107.347,0.140417,0.000580204,6.36109,3.57811,2.38541,1.1927,0.397568,0.795137,0.397568,0,0,0,0,0,0,0,0
77344,77348,77346,5.9,-155.846,71.3803,444,-49.475,282.075,28.8532,4.92066,239.586,0.146069,0.00131335,9.47419,6.89032,4.52177,3.87581,1.9379,1.50726,0.430645,0.215323,0,0,0,0,0,0,0
77351,77357,77354,5.8,-155.846,71.3796,450.295,-49.215,281.273,29.538,4.00763,164.307,0.122995,0.000717015,10.1927,9.36064,5.61639,1.87213,1.87213,0.208014,0.416029,0,0,0,0,0,0,0,0
77370,77375,77372,5.6,-155.847,71.3778,464.75,-48.045,280.199,36.5632,7.58257,593.379,0.234767,0.00276097,11.5348,10.0113,6.3115,3.69984,2.39402,1.30583,0.217638,0.652914,0,0.217638,0,0.217638,0,0,0
77377,77377,77377,5.5,-155.847,71.3774,468.24,-47.91,279.763,29.581,4.87459,228.327,0.140521,0.00120365,7.83027,6.96024,9.13531,2.61009,0.87003,1.30504,0.87003,0,0,0,0,0,0,0,0
77392,77393,77392,5.4,-155.848,71.376,480.6,-47.465,278.241,31.5747,5.16952,249.731,0.144925,0.00137423,11.2916,6.90043,6.48222,2.92745,1.67283,1.46373,0.627311,0.209104,0,0,0,0,0,0,0
77404,77413,77408,5.2,-155.849,71.3744,493.27,-46.535,277.324,25.8512,4.29948,226.222,0.157848,0.00135049,7.75537,8.61708,4.52396,2.3697,1.07713,0.215427,1.07713,0,0.215427,0,0,0,0,0,0
77414,77414,77414,5.1,-155.849,71.3739,497.66,-46.33,276.872,12.4835,2.41488,144.458,0.179459,0.00101985,4.16116,4.57727,1.24835,0.416116,0.832231,0,0.832231,0.416116,0,0,0,0,0,0,0
77423,77423,77423,5,-155.85,71.373,504.99,-45.57,276.631,15.1079,2.18657,95.5682,0.131121,0.000459217,6.66524,3.99914,1.33305,0.888698,1.33305,0.888698,0,0,0,0,0,0,0,0,0
77440,77440,77440,4.9,-155.851,71.3715,518.74,-44.41,275.922,9.0777,1.66396,90.3346,0.162867,0.000595292,3.30098,2.06311,2.06311,0,0.825246,0,0.825246,0,0,0,0,0,0,0,0
77442,77450,77446,4.8,-155.851,71.3709,523.952,-43.8983,275.754,10.1147,2.91089,557.178,0.574234,0.00130835,4.38539,2.26343,1.90977,0.636589,0.212196,0.282929,0.141464,0.141464,0,0,0,0.0707321,0,0,0.0707321
77463,77463,77463,4.6,-155.852,71.3694,537.71,-42.58,275.288,10.9712,1.57567,74.236,0.141341,0.000416901,4.64165,3.79771,0.843935,0.843935,0,0.421968,0.421968,0,0,0,0,0,0,0,0
77474,77474,77474,4.5,-155.852,71.3685,546.91,-41.99,274.663,7.3235,1.42874,83.9288,0.176229,0.000595645,3.66175,1.22058,0.813722,0.406861,0,0.406861,0.813722,0,0,0,0,0,0,0,0
77487,77487,77487,4.4,-155.852,71.3675,557.98,-41.15,274.081,12.9463,1.24212,37.8747,0.0914759,7.74153e-05,6.66929,4.31542,1.56924,0.392311,0,0,0,0,0,0,0,0,0,0,0
77499,77499,77499,4.2,-155.853,71.3665,568.22,-40.67,273.229,40.0505,8.99234,827.01,0.275905,0.00307845,12.9456,9.70922,8.09102,2.83186,3.64096,0.809102,1.21365,0.404551,0,0,0,0,0.404551,0,0
77514,77515,77514,4.1,-155.854,71.3651,581.465,-39.57,272.716,43.4104,7.96657,432.192,0.162752,0.00272222,13.4178,12.2338,7.30084,3.9464,2.76248,1.38124,1.38124,0.986601,0,0,0,0,0,0,0
77519,77519,77519,4,-155.854,71.3647,585.29,-39.29,272.533,44.0833,8.67908,701.389,0.242441,0.0024525,12.0649,12.5289,9.74474,3.24825,5.56842,0,0.464035,0,0,0,0.464035,0,0,0,0
77539,77539,77539,3.8,-155.855,71.3628,602.58,-38.15,271.589,139.578,30.0003,1870.99,0.187097,0.010212,30.7072,35.8915,25.5228,18.3445,14.3566,8.37468,3.98794,1.99397,0,0,0.398794,0,0,0,0
77550,77557,77554,3.7,-155.855,71.3615,615.24,-37.34,270.916,168.303,31.9934,1689.16,0.158392,0.00982676,37.1579,42.1255,39.741,22.0563,15.3003,5.16634,4.57022,1.78835,0.198705,0.198705,0,0,0,0,0
77565,77565,77565,3.6,-155.855,71.3605,625.41,-36.48,270.637,147.008,27.2132,1325.66,0.146141,0.00704596,27.8424,34.5245,38.9793,21.5314,14.1068,7.0534,2.59862,0,0.371232,0,0,0,0,0,0
77578,77578,77578,3.5,-155.855,71.3595,637.04,-35.55,270.268,194.454,38.3782,2166.11,0.169324,0.0106558,45.3595,39.0486,45.7539,26.4268,22.4825,10.2552,4.73316,0,0,0,0,0.39443,0,0,0
77598,77598,77598,3.3,-155.855,71.3581,655.08,-34.29,269.549,202.756,39.6312,2032.56,0.153861,0.0115332,36.8303,48.2211,53.5368,20.8831,30.3755,7.21417,3.79693,1.13908,0.759387,0,0,0,0,0,0
77612,77612,77612,3.1,-155.855,71.3569,667.83,-33.47,268.982,254.937,48.6815,2497.85,0.15393,0.013774,46.1389,65.6893,62.5612,34.4087,29.7166,9.38418,5.4741,0.782015,0.391007,0.391007,0,0,0,0,0
77629,77629,77629,3,-155.856,71.3555,683.48,-32.26,268.562,248.637,44.1724,2088.16,0.141819,0.0106781,51.7325,65.7685,52.5346,38.0976,27.6709,9.22363,2.80719,0.401027,0.401027,0,0,0,0,0,0
77631,77631,77631,2.9,-155.856,71.3554,685.28,-32.13,268.506,278.549,55.7926,2850.66,0.153282,0.0163826,45.6638,71.8167,63.5142,38.1916,37.3613,12.0386,7.88739,2.07563,0,0,0,0,0,0,0
77653,77653,77653,2.7,-155.856,71.3535,705.81,-30.55,267.992,295.624,57.6253,2895.8,0.150757,0.016273,48.8858,73.1362,73.906,43.8817,35.4133,10.393,7.69854,2.30956,0,0,0,0,0,0,0
77677,77679,77678,2.5,-155.856,71.3514,729.18,-28.97,267.235,268.909,52.5463,2696.85,0.15397,0.0155455,48.3521,72.1318,62.2236,32.1026,34.0843,10.5027,7.13391,1.98164,0.396329,0,0,0,0,0,0
77691,77691,77691,2.4,-155.857,71.3503,741.53,-28.13,266.874,287.027,53.2854,2590.22,0.145831,0.013861,47.7064,74.1223,78.4593,36.2726,33.907,9.46242,5.91401,0.788535,0.394268,0,0,0,0,0,0
77696,77704,77700,2.3,-155.857,71.3495,750.17,-27.59,266.582,262.406,49.0412,2444.17,0.149518,0.0133567,46.7895,75.8888,59.0958,33.2013,29.612,11.5371,4.87124,0.897333,0.384571,0.12819,0,0,0,0,0
77714,77714,77714,2.2,-155.857,71.3482,763.59,-26.7,266.188,345.654,58.855,2992.57,0.15254,0.0140665,71.5726,107.359,84.6241,35.3653,32.8392,7.57828,4.63117,0.842031,0.421015,0,0.421015,0,0,0,0
77724,77724,77724,2.1,-155.857,71.3473,773.24,-26.13,265.851,294.139,53.2215,3061.16,0.172552,0.014292,65.4862,83.7784,71.3397,32.1943,28.17,5.85352,4.02429,2.19507,0.365845,0,0.365845,0.365845,0,0,0
77753,77753,77753,1.8,-155.858,71.3446,801.53,-24.7,264.656,416.403,73.2128,3507.91,0.143742,0.0179963,86.5829,118.8,88.9992,52.7552,50.3389,12.0813,4.83253,1.61084,0,0.402711,0,0,0,0,0
77771,77771,77771,1.7,-155.858,71.3432,819.13,-24.1,263.659,227.225,44.9703,2566.55,0.171217,0.0129174,41.9953,61.4931,48.3696,31.1215,29.9967,8.24908,4.87446,0,0.374958,0.374958,0,0.374958,0,0,0
77777,77777,77777,1.6,-155.858,71.3427,825.12,-24.03,263.186,370.742,65.5027,3280.36,0.150239,0.0178993,78.3563,115.358,79.4446,45.7079,29.0209,12.6966,7.61798,1.45104,0.725522,0.362761,0,0,0,0,0
77793,77793,77793,1.5,-155.858,71.3416,840.96,-23.74,262.068,186.026,40.7407,2409.67,0.17744,0.0119464,25.8583,35.121,47.8572,33.9632,30.8756,5.01729,6.56107,0.385945,0,0,0,0,0.385945,0,0
77799,77805,77802,1.4,-155.858,71.341,849.955,-23.675,261.333,167.442,33.8074,1742.67,0.154641,0.0100739,27.5632,42.1885,38.0634,23.2506,23.6256,6.56266,4.87512,1.12503,0.187505,0,0,0,0,0,0
77854,77854,77854,1,-155.858,71.3378,902.85,-23.35,257.199,278.505,56.6966,2971.39,0.157226,0.0174824,42.9907,67.6637,74.0188,40.3739,28.7851,13.0841,8.59815,2.61683,0.373832,0,0,0,0,0,0
77859,77859,77859,0.9,-155.858,71.3375,908.03,-23.28,256.852,94.5531,18.2445,917.214,0.150821,0.00523291,19.0601,25.4135,19.8076,11.2118,10.4644,5.23219,3.36355,0,0,0,0,0,0,0,0
77907,77912,77910,0.5,-155.858,71.3348,961.005,-22.71,253.302,173.773,39.3219,3222.01,0.245818,0.0139832,34.5231,42.6235,38.1876,21.7939,20.6367,7.32893,6.3646,1.54293,0.385733,0,0,0.192867,0,0,0.192867
77930,77938,77934,0.3,-155.858,71.3337,987.765,-23.045,250.986,305.795,71.5511,5033.84,0.211059,0.0259087,50.7792,76.5422,66.461,39.9513,39.9513,14.7484,12.8815,2.80032,0.373377,0.373377,0.373377,0.186688,0.186688,0.186688,0
