data/B2SAP/Locations/Alaska/NOAA-POPS-B2SAP_GMLBalloon_20230319_R0.ict
61,1001
Thornberry, T. D.
NOAA Chemical Sciences Laboratory
Portable Optical Particle Spectrometer (POPS)
Balloon Baseline Stratospheric Aerosol Profiles (B2SAP)
1,1
2023,03,19,2024,05,28
0
TIME_START,s,Seconds since midnight UTC on flight start day,Start time of 100 m altitude bin in UTC_seconds_since_midnight
28
1.0,1.0,1.0,1.0,1.0,1.0,1.0,1.0,1.0,1.0,1.0,1.0,1.0,1.0,1.0,1.0,1.0,1.0,1.0,1.0,1.0,1.0,1.0,1.0,1.0,1.0,1.0,1.0
99999,99999,99999,99999,99999,99999,99999,99999,99999,99999,99999,99999,99999,99999,99999,99999,99999,99999,99999,99999,99999,99999,99999,99999,99999,99999,99999,99999
TIME_STOP,s,End time of 100 m altitude bin in UTC seconds since midnight,
TIME_MID,s,Mid time of 100 m altitude in UTC seconds since midnight,
GPSAlt,m,GPS reported altitude above sea level (m),
GPS_Lon,deg,GPS reported longitude,
GPS_Lat,deg,GPS reported latitude,
iMet_Pressure,mb,Pressure reported (mB),
iMet_Temperature,degrees C,Ambient temperature (oC),
THETA,K,Potential temperature from iMet,
Aerosol_concentration,cm^-3,Aerosol concentration,
Surface_Area_Conc,um^2 cm^-3,Surface area concentration,
Volume_density,um^3 cm^-3,Volume density,
Effective_radius,um,Effective radius,
Extinction,km^-1,Extinction,
Bin01,cm^-3,particle concentration in size range [140 - 170 nm],
Bin02,cm^-3,particle concentration in size range [170 - 205 nm],
Bin03,cm^-3,particle concentration in size range [205 - 249 nm],
Bin04,cm^-3,particle concentration in size range [249 - 302 nm],
Bin05,cm^-3,particle concentration in size range [302 - 366 nm],
Bin06,cm^-3,particle concentration in size range [366 - 443 nm],
Bin07,cm^-3,particle concentration in size range [443 - 537 nm],
Bin08,cm^-3,particle concentration in size range [537 - 651 nm],
Bin09,cm^-3,particle concentration in size range [651 - 789 nm],
Bin10,cm^-3,particle concentration in size range [789 - 956 nm],
Bin11,cm^-3,particle concentration in size range [956 - 1159 nm],
Bin12,cm^-3,particle concentration in size range [1159 - 1404 nm],
Bin13,cm^-3,particle concentration in size range [1404 - 1702 nm],
Bin14,cm^-3,particle concentration in size range [1702 - 2062 nm],
Bin15,cm^-3,particle concentration in size range [2062 - 2500 nm],
0
19
PI_CONTACT_INFO: 325 Broadway R/CSL6, Boulder, CO 80305; troy.thornberry@noaa.gov; 303-497-3373 
PLATFORM: GML ECC/FPH balloon
LOCATION: Utqiagvik, AL, USA
ASSOCIATED_DATA: N/A
INSTRUMENT_INFO: Printed Optical Particle Spectrometer counts particles from 140 - 2500 nm in diameter 
DATA_INFO: Particle concentrations reported in number per cubic centimeter, binned to 100 m altitude
UNCERTAINTY: Counting uncertainty dominated by air flow, less than 5 percent
ULOD_FLAG: -77777
ULOD_VALUE: 3000 ~3000 per cm3 (varies depending on flow rate- manufacturer quotes 1250  per cm3 at 1.667 cc/s)
LLOD_FLAG: -88888
LLOD_VALUE: 0 0 (varies depending on data field and measurement precision)
DM_CONTACT_INFO: Troy Thornberry, 325 Broadway R/CSL6, Boulder, CO 80305; troy.thornberry@noaa.gov; 303-497-3373
PROJECT_INFO: B2SAP Utqiagvik, AL, USA
STIPULATIONS_ON_USE: Please contact the PIs for questions regarding applications and uncertainties
OTHER_COMMENTS: POPS bin Edges (nm):  140, 170, 205, 249, 302, 366, 443, 537, 651, 789, 956, 1159, 1404, 1702, 2062, 2500
Calculations assume sulfate refractive index of 1.45+0.00j and extinction wavelength = 532 nm
REVISION: R0
R0: QA/QC data
TIME_START,TIME_STOP,TIME_MID,GPSAlt,GPS_Lon,GPS_Lat,iMet_Pressure,iMet_Temperature,THETA,Aerosol_concentration,Surface_Area_Conc,Volume_density,Effective_radius,Extinction,Bin01,Bin02,Bin03,Bin04,Bin05,Bin06,Bin07,Bin08,Bin09,Bin10,Bin11,Bin12,Bin13,Bin14,Bin15
[from data line 403]
72498,72503,72500,11.6,-156.117,72.1141,189.075,-60.7167,341.905,12.5195,2.8733,181.055,0.189039,0.00124978,4.00109,2.90402,1.48427,0.903472,1.29067,1.03254,0.580803,0.129067,0.193601,0,0,0,0,0,0
72504,72510,72507,11.5,-156.117,72.1149,192.163,-60.5571,340.579,12.9627,2.80843,175.814,0.187807,0.0012105,4.09931,3.15758,2.04966,0.886338,1.27411,0.553961,0.443169,0.332377,0.166188,0,0,0,0,0,0
72511,72517,72514,11.4,-156.118,72.1158,195.241,-60.0771,339.795,13.0962,2.7328,164.1,0.180144,0.00114078,4.64523,3.02219,1.79093,1.23126,0.727565,0.503699,0.727565,0.447733,0,0,0,0,0,0,0
72518,72524,72521,11.3,-156.118,72.1166,198.314,-59.6871,338.906,13.4,2.80181,167.406,0.179248,0.00113804,4.08067,3.52923,2.15062,0.937451,1.10288,0.606586,0.551442,0.386009,0.0551442,0,0,0,0,0,0
72525,72531,72528,11.2,-156.118,72.1174,201.456,-60.1857,336.603,13.6688,2.91231,204.575,0.210735,0.00110901,4.53662,3.88853,1.41401,1.17834,1.17834,0.471337,0.707005,0.235668,0,0,0,0.0589171,0,0,0
72532,72538,72535,11.1,-156.118,72.1183,204.593,-61.01,333.826,13.3946,2.9724,183.24,0.184942,0.00126037,4.6144,2.62764,1.85858,1.1536,1.28178,0.833155,0.640889,0.256355,0.128178,0,0,0,0,0,0
72539,72541,72540,11,-156.118,72.1192,206.91,-61.38,332.159,14.8764,2.76037,143.268,0.155705,0.00085276,4.81296,2.91694,2.91694,1.75017,1.02093,0.875083,0.437542,0.145847,0,0,0,0,0,0,0
72545,72552,72548,10.9,-156.118,72.1206,210.858,-61.6,330.035,14.1091,2.46277,126.886,0.154564,0.000765792,5.07928,3.16044,2.25746,1.69309,0.902983,0.225746,0.677237,0.112873,0,0,0,0,0,0,0
72554,72561,72558,10.8,-156.119,72.122,215.16,-62.0125,327.499,13.5713,2.47311,130.635,0.158467,0.000796684,4.41066,3.50591,2.14878,1.24403,1.01785,0.678563,0.339282,0.226188,0,0,0,0,0,0,0
72563,72566,72564,10.7,-156.119,72.1231,218.047,-61.5267,327.007,12.5516,2.05744,111.049,0.161922,0.000669912,5.25415,3.50277,1.16759,0.875692,1.02164,0.291897,0.291897,0,0.145949,0,0,0,0,0,0
72569,72573,72571,10.6,-156.118,72.1242,221.263,-61.4267,325.784,13.1191,2.67399,167.878,0.188346,0.00117422,4.52384,3.76987,2.11112,0.753973,0.150795,0.753973,0.603178,0.301589,0.150795,0,0,0,0,0,0
72576,72583,72580,10.5,-156.119,72.126,225.27,-62.4967,322.486,15.0897,2.5923,140.505,0.162603,0.00088054,6.17305,3.81053,1.90526,0.838316,1.29558,0.304842,0.533474,0.152421,0.0762105,0,0,0,0,0,0
72584,72590,72587,10.4,-156.12,72.1275,228.917,-63.44,319.575,17.8458,3.16776,171.799,0.1627,0.00105895,6.87392,4.09792,2.18115,2.24724,0.991431,0.72705,0.330477,0.330477,0.0660954,0,0,0,0,0,0
72591,72598,72594,10.3,-156.121,72.129,232.872,-64.082,317.045,16.6219,3.69441,301.13,0.244529,0.00152194,6.06103,4.13252,2.57134,1.01017,1.102,0.642836,0.551002,0.275501,0.183667,0,0,0,0.0918337,0,0
72599,72606,72602,10.2,-156.121,72.1304,236.593,-64.0288,315.684,20.3242,3.52703,179.003,0.152255,0.00103526,6.56362,5.69999,2.82121,2.1303,1.49697,0.92121,0.575756,0.0575756,0.0575756,0,0,0,0,0,0
72607,72613,72610,10.1,-156.12,72.1317,240.43,-63.5571,314.944,21.1878,3.86859,204.367,0.158482,0.00125536,7.12798,5.16615,3.33511,2.09262,1.50407,0.91552,0.784732,0.261577,0,0,0,0,0,0,0
72614,72621,72618,10,-156.12,72.133,244.201,-62.9537,314.453,24.9738,4.59043,277.205,0.181163,0.00142102,8.53319,5.63191,4.20971,3.12884,1.70664,0.853319,0.625767,0.113776,0.113776,0,0,0.0568879,0,0,0
72622,72629,72626,9.9,-156.119,72.1345,248.316,-62.1725,314.122,24.6897,4.46834,248.158,0.166611,0.00149282,8.72068,5.83266,3.96395,2.37837,1.81209,0.962673,0.736161,0.113256,0.113256,0.0566278,0,0,0,0,0
72630,72637,72634,9.8,-156.118,72.136,252.31,-61.85,313.166,22.6305,3.96049,232.498,0.176113,0.0013509,9.06333,5.56032,2.61335,2.27973,1.6681,0.556032,0.667239,0.0556032,0,0.16681,0,0,0,0,0
72638,72643,72640,9.7,-156.118,72.1374,255.876,-61.836,311.93,25.0004,4.36913,230.033,0.157948,0.00134273,9.08289,5.21592,3.9569,3.3274,1.70866,0.989226,0.359718,0.179859,0.179859,0,0,0,0,0,0
72646,72653,72650,9.6,-156.118,72.1393,260.342,-61.5063,310.88,23.6961,3.88595,194.925,0.150485,0.00111636,8.56006,6.2358,3.57141,2.26756,1.70067,0.566891,0.510202,0.226756,0.0566891,0,0,0,0,0,0
72655,72662,72658,9.5,-156.118,72.1413,265.044,-61.35,309.527,23.6656,4.70583,292.16,0.186254,0.00164555,7.50927,5.97328,3.35642,2.61687,2.10487,0.739549,1.02399,0.227554,0.0568884,0,0.0568884,0,0,0,0
72665,72665,72665,9.4,-156.118,72.1427,268.39,-61.36,308.407,12.4781,1.73048,77.8024,0.13488,0.000413518,5.34775,4.01081,1.33694,0.445646,0.891292,0,0.445646,0,0,0,0,0,0,0,0
72672,72675,72674,9.3,-156.118,72.1444,272.815,-61.395,306.908,18.1162,3.58283,205.489,0.172061,0.00135982,6.68573,4.0977,2.15669,1.07834,2.58802,0.431337,0.431337,0.647006,0,0,0,0,0,0,0
72714,72714,72714,8.8,-156.115,72.154,294.37,-58.36,304.616,28.8146,5.65485,314.909,0.167065,0.00205054,8.89864,8.05115,5.08494,0.847489,2.11872,2.11872,1.27123,0.423745,0,0,0,0,0,0,0
72721,72724,72722,8.7,-156.114,72.1548,298.905,-57.63,304.322,31.952,5.86795,308.188,0.157562,0.00186067,10.4288,7.54421,4.88155,4.21588,1.77511,1.77511,0.887554,0.443777,0,0,0,0,0,0,0
72732,72738,72735,8.6,-156.114,72.1575,305.907,-56.8375,303.433,38.3563,8.61552,546.046,0.190138,0.00354645,9.94831,8.95348,6.52167,4.31093,4.42147,1.54751,1.76859,0.442147,0.221074,0.221074,0,0,0,0,0
72739,72746,72742,8.5,-156.113,72.1595,309.795,-56.29,303.104,37.2368,9.25826,1083.26,0.351015,0.0038513,12.2253,7.17818,6.39307,3.14045,4.14988,2.13102,1.45807,0.224318,0.224318,0,0,0,0,0,0.112159
72748,72756,72752,8.4,-156.113,72.162,314.883,-55.72,302.483,49.282,9.20399,478.35,0.155916,0.00286712,14.7263,12.3934,7.43604,5.54058,4.95736,2.04126,1.74966,0.437414,0,0,0,0,0,0,0
72788,72788,72788,7.8,-156.113,72.1757,335.59,-53.19,300.481,83.9343,13.059,579.745,0.133183,0.00281529,24.2856,26.8419,12.7819,8.94731,7.66912,2.13031,1.27819,0,0,0,0,0,0,0,0
72812,72817,72814,7.7,-156.113,72.1775,350.69,-50.575,300.262,76.5436,13.3162,768.805,0.173203,0.00340907,25.3071,18.2543,12.861,9.33458,6.84536,2.07435,1.65948,0,0,0,0,0.207435,0,0,0
72819,72819,72819,7.6,-156.113,72.1783,353.31,-50.27,300.036,50.8926,12.4604,1806.1,0.434842,0.0049865,16.5292,14.3543,8.26461,5.65474,3.04486,1.73992,0.869959,0,0,0,0,0,0,0.43498,0
72857,72865,72861,7.2,-156.113,72.1868,378.436,-46.552,299.111,8.49839,1.24346,62.7241,0.151329,0.000351914,3.73929,2.03961,1.44473,0.679871,0.254952,0.0849839,0.169968,0,0.0849839,0,0,0,0,0,0
72875,72879,72877,7,-156.113,72.1902,388.13,-44.925,299.087,21.5582,2.91168,121.954,0.125653,0.000558287,9.64987,5.13291,2.66911,2.25848,1.43721,0,0.410633,0,0,0,0,0,0,0,0
72884,72884,72884,6.9,-156.112,72.1912,392.45,-44.23,299.046,22.1068,3.13148,134.508,0.128861,0.00064162,8.59711,6.95956,2.04693,1.63754,2.45632,0,0.409386,0,0,0,0,0,0,0,0
72886,72886,72886,4.5,-156.113,72.2347,393.71,-44,299.073,7.12408,1.217,54.9614,0.135484,0.000262484,1.97891,1.58313,1.18735,1.18735,0.791565,0.395782,0,0,0,0,0,0,0,0,0
73143,73147,73145,4.4,-156.113,72.236,562.71,-23.225,294.55,7.05473,2.26957,267.395,0.353452,0.00102102,2.86003,1.14401,0.953342,0.572005,0.762674,0.190668,0,0.381337,0,0,0,0.190668,0,0,0
73182,73182,73182,4.1,-156.116,72.2418,564.81,-22.97,294.538,3.37137,0.639907,35.6599,0.16718,0.000239792,1.12379,0.749194,0.749194,0.374597,0,0,0.374597,0,0,0,0,0,0,0,0
73189,73189,73189,4,-156.116,72.2423,593.44,-20.49,293.287,6.13937,0.984978,48.276,0.147037,0.000279181,2.68597,0.38371,1.91855,0.767421,0,0,0.38371,0,0,0,0,0,0,0,0
