data/B2SAP/Locations/Alaska/NOAA-POPS-B2SAP_GMLBalloon_20230314_R0.ict
61,1001
Thornberry, T. D.
NOAA Chemical Sciences Laboratory
Portable Optical Particle Spectrometer (POPS)
Balloon Baseline Stratospheric Aerosol Profiles (B2SAP)
1,1
2023,03,14,2024,05,28
0
TIME_START,s,Seconds since midnight UTC on flight start day,Start time of 100 m altitude bin in UTC_seconds_since_midnight
28
1.0,1.0,1.0,1.0,1.0,1.0,1.0,1.0,1.0,1.0,1.0,1.0,1.0,1.0,1.0,1.0,1.0,1.0,1.0,1.0,1.0,1.0,1.0,1.0,1.0,1.0,1.0,1.0
99999,99999,99999,99999,99999,99999,99999,99999,99999,99999,99999,99999,99999,99999,99999,99999,99999,99999,99999,99999,99999,99999,99999,99999,99999,99999,99999,99999
TIME_STOP,s,End time of 100 m altitude bin in UTC seconds since midnight,
TIME_MID,s,Mid time of 100 m altitude in UTC seconds since midnight,
GPSAlt,m,GPS reported altitude above sea level (m),
GPS_Lon,deg,GPS reported longitude,
GPS_Lat,deg,GPS reported latitude,
iMet_Pressure,mb,Pressure reported (mB),
iMet_Temperature,degrees C,Ambient temperature (oC),
THETA,K,Potential temperature from iMet,
Aerosol_concentration,cm^-3,Aerosol concentration,
Surface_Area_Conc,um^2 cm^-3,Surface area concentration,
Volume_density,um^3 cm^-3,Volume density,
Effective_radius,um,Effective radius,
Extinction,km^-1,Extinction,
Bin01,cm^-3,particle concentration in size range [140 - 170 nm],
Bin02,cm^-3,particle concentration in size range [170 - 205 nm],
Bin03,cm^-3,particle concentration in size range [205 - 249 nm],
Bin04,cm^-3,particle concentration in size range [249 - 302 nm],
Bin05,cm^-3,particle concentration in size range [302 - 366 nm],
Bin06,cm^-3,particle concentration in size range [366 - 443 nm],
Bin07,cm^-3,particle concentration in size range [443 - 537 nm],
Bin08,cm^-3,particle concentration in size range [537 - 651 nm],
Bin09,cm^-3,particle concentration in size range [651 - 789 nm],
Bin10,cm^-3,particle concentration in size range [789 - 956 nm],
Bin11,cm^-3,particle concentration in size range [956 - 1159 nm],
Bin12,cm^-3,particle concentration in size range [1159 - 1404 nm],
Bin13,cm^-3,particle concentration in size range [1404 - 1702 nm],
Bin14,cm^-3,particle concentration in size range [1702 - 2062 nm],
Bin15,cm^-3,particle concentration in size range [2062 - 2500 nm],
0
19
PI_CONTACT_INFO: 325 Broadway R/CSL6, Boulder, CO 80305; troy.thornberry@noaa.gov; 303-497-3373 
PLATFORM: GML ECC/FPH balloon
LOCATION: Utqiagvik, AL, USA
ASSOCIATED_DATA: N/A
INSTRUMENT_INFO: Printed Optical Particle Spectrometer counts particles from 140 - 2500 nm in diameter 
DATA_INFO: Particle concentrations reported in number per cubic centimeter, binned to 100 m altitude
UNCERTAINTY: Counting uncertainty dominated by air flow, less than 5 percent
ULOD_FLAG: -77777
ULOD_VALUE: 3000 ~3000 per cm3 (varies depending on flow rate- manufacturer quotes 1250  per cm3 at 1.667 cc/s)
LLOD_FLAG: -88888
LLOD_VALUE: 0 0 (varies depending on data field and measurement precision)
DM_CONTACT_INFO: Troy Thornberry, 325 Broadway R/CSL6, Boulder, CO 80305; troy.thornberry@noaa.gov; 303-497-3373
PROJECT_INFO: B2SAP Utqiagvik, AL, USA
STIPULATIONS_ON_USE: Please contact the PIs for questions regarding applications and uncertainties
OTHER_COMMENTS: POPS bin Edges (nm):  140, 170, 205, 249, 302, 366, 443, 537, 651, 789, 956, 1159, 1404, 1702, 2062, 2500
Calculations assume sulfate refractive index of 1.45+0.00j and extinction wavelength = 532 nm
REVISION: R0
R0: QA/QC data
TIME_START,TIME_STOP,TIME_MID,GPSAlt,GPS_Lon,GPS_Lat,iMet_Pressure,iMet_Temperature,THETA,Aerosol_concentration,Surface_Area_Conc,Volume_density,Effective_radius,Extinction,Bin01,Bin02,Bin03,Bin04,Bin05,Bin06,Bin07,Bin08,Bin09,Bin10,Bin11,Bin12,Bin13,Bin14,Bin15
[from data line 242]
75538,75558,75548,24.8,-156.006,71.2885,25.5915,-50.8362,633.563,0.885456,0.147157,6.77815,0.138182,3.41872e-05,0.278286,0.20239,0.20239,0.0505975,0.0758962,0.0758962,0,0,0,0,0,0,0,0,0
75564,75583,75574,24.9,-155.995,71.2915,25.2309,-51.17,635.201,0.899161,0.14916,7.51222,0.151091,4.50622e-05,0.359664,0.179832,0.14986,0.119888,0.029972,0,0.0599441,0,0,0,0,0,0,0,0
75586,75606,75596,25,-155.984,71.2941,24.8544,-50.8478,638.851,0.932779,0.134674,6.37958,0.142111,3.61577e-05,0.410423,0.261178,0.149245,0.0373112,0,0.0373112,0.0373112,0,0,0,0,0,0,0,0
75608,75627,75618,25.1,-155.975,71.2961,24.51,-50.338,642.877,1.21667,0.183182,8.07442,0.132236,3.83911e-05,0.57454,0.202779,0.101389,0.168982,0.101389,0.067593,0,0,0,0,0,0,0,0,0
75631,75652,75642,25.2,-155.967,71.2982,24.14,-49.9185,646.896,0.937946,0.167948,8.65099,0.15453,5.14738e-05,0.442919,0.13027,0.0781622,0.13027,0.0260541,0.104216,0.0260541,0,0,0,0,0,0,0,0
75654,75674,75664,25.3,-155.963,71.2999,23.8346,-49.5362,650.355,0.819619,0.120914,5.36102,0.133012,2.63602e-05,0.37015,0.185075,0.105757,0.0264393,0.0793179,0.0528786,0,0,0,0,0,0,0,0,0
75675,75695,75685,25.4,-155.96,71.3016,23.5078,-49.5889,652.78,0.999371,0.106471,3.74044,0.105393,1.26162e-05,0.57656,0.307499,0,0.0384373,0.0768747,0,0,0,0,0,0,0,0,0,0
75698,75715,75706,25.5,-155.96,71.3028,23.2167,-50.1467,653.473,1.289,0.19825,10.9801,0.166155,7.11612e-05,0.703093,0.292956,0.0585911,0.117182,0.0585911,0,0,0.0585911,0,0,0,0,0,0,0
75718,75737,75728,25.6,-155.96,71.3046,22.827,-51.181,653.588,1.00302,0.135173,5.44324,0.120806,2.2499e-05,0.537331,0.143288,0.0716441,0.107466,0.143288,0,0,0,0,0,0,0,0,0,0
75740,75755,75748,25.7,-155.96,71.3059,22.5667,-52.0067,653.309,1.40809,0.237943,11.8301,0.149155,6.93677e-05,0.563238,0.201156,0.32185,0.120694,0.120694,0,0.0804625,0,0,0,0,0,0,0,0
75761,75780,75770,25.8,-155.96,71.3078,22.2167,-52.335,655.249,0.928864,0.113859,4.77485,0.12581,2.21592e-05,0.681167,0.0619243,0,0.123849,0,0.0619243,0,0,0,0,0,0,0,0,0
75782,75801,75792,25.9,-155.962,71.3096,21.9,-51.94,659.124,0.741764,0.113513,5.96998,0.157779,3.90868e-05,0.432696,0.123627,0.0618137,0.0618137,0,0,0.0618137,0,0,0,0,0,0,0,0
75806,75822,75814,26,-155.966,71.3115,21.6227,-51.66,662.368,1.09462,0.183135,8.67948,0.142182,4.64304e-05,0.34207,0.273656,0.171035,0.171035,0.068414,0.034207,0.034207,0,0,0,0,0,0,0,0
75826,75845,75836,26.1,-155.97,71.3139,21.3111,-51.7167,664.94,1.18659,0.217762,11.1363,0.153419,6.54703e-05,0.508541,0.169514,0.0847568,0.211892,0.0847568,0.0847568,0.0423784,0,0,0,0,0,0,0,0
75846,75864,75855,26.2,-155.974,71.316,21.0447,-51.6827,667.438,1.14404,0.263391,16.7217,0.190459,0.000121676,0.381347,0.330501,0.0762694,0.0762694,0.101693,0.0508463,0.0762694,0.0508463,0,0,0,0,0,0,0
75868,75889,75878,26.3,-155.979,71.319,20.7373,-51.8127,669.864,1.01683,0.247667,15.4197,0.18678,0.000110157,0.245441,0.280504,0.175315,0,0.140252,0.070126,0.070126,0.035063,0,0,0,0,0,0,0
75895,75914,75904,26.4,-155.985,71.3224,20.4333,-51.4983,673.64,1.11262,0.264,17.0003,0.193186,0.000123089,0.490862,0.0981724,0.163621,0.0654483,0.0981724,0.0981724,0.0327241,0.0654483,0,0,0,0,0,0,0
75918,75940,75929,26.5,-155.989,71.3263,20.1606,-51.6083,675.906,1.26779,0.229953,12.6431,0.164944,8.26103e-05,0.568322,0.240444,0.15301,0.0437171,0.174868,0,0.0655756,0.0218585,0,0,0,0,0,0,0
75941,75963,75952,26.6,-155.992,71.3298,19.8953,-51.7507,678.034,0.965163,0.231236,15.5374,0.201578,0.000118299,0.455772,0.160861,0.0536202,0.0804303,0.0268101,0.0536202,0.0804303,0.0536202,0,0,0,0,0,0,0
75964,75986,75975,26.7,-155.992,71.3331,19.6092,-51.2625,682.337,1.38656,0.236218,14.518,0.18438,9.52798e-05,0.777826,0.202911,0.101456,0.135274,0.101456,0,0.0338185,0,0.0338185,0,0,0,0,0,0
75987,76009,75998,26.8,-155.991,71.3361,19.3377,-51.4646,684.446,1.06235,0.224861,15.5583,0.207571,0.00011084,0.531174,0.156228,0.124982,0.0624911,0.0624911,0.0624911,0,0.0312456,0.0312456,0,0,0,0,0,0
76010,76029,76020,26.9,-155.988,71.3388,19.0808,-51.2942,687.595,1.34361,0.239868,13.0515,0.163233,8.51624e-05,0.723483,0.206709,0.137806,0,0.0689032,0.137806,0.0689032,0,0,0,0,0,0,0,0
76031,76051,76041,27,-155.985,71.3408,18.8531,-51.1894,690.272,1.25633,0.182765,8.55984,0.140505,4.70132e-05,0.628163,0.340255,0.0523469,0.0785204,0.0523469,0.0785204,0.0261735,0,0,0,0,0,0,0,0
76053,76074,76064,27.1,-155.981,71.3433,18.5565,-51.2135,693.35,1.08814,0.199725,10.7197,0.161016,6.62766e-05,0.445147,0.197843,0.0989216,0.148382,0.123652,0.0247304,0.0247304,0.0247304,0,0,0,0,0,0,0
76077,76096,76086,27.2,-155.979,71.3458,18.3058,-52.0633,693.372,0.934323,0.199726,11.5706,0.173797,7.90828e-05,0.395291,0.179678,0.071871,0.0359355,0.071871,0.107807,0.071871,0,0,0,0,0,0,0,0
76097,76116,76106,27.3,-155.977,71.348,18.0717,-52.795,693.614,0.980845,0.167537,8.43211,0.15099,4.96378e-05,0.363276,0.254293,0.14531,0.0726552,0.0363276,0.0726552,0.0363276,0,0,0,0,0,0,0,0
76119,76136,76128,27.4,-155.977,71.3504,17.8157,-53.0314,695.72,1.00085,0.177942,9.1851,0.154855,5.61199e-05,0.500423,0.0625529,0.125106,0.125106,0.125106,0,0.0625529,0,0,0,0,0,0,0,0
76141,76158,76150,27.5,-155.978,71.3528,17.55,-53.0422,698.667,0.642023,0.0820381,3.49127,0.12767,1.6531e-05,0.395091,0.0987728,0.0493864,0.0493864,0,0.0493864,0,0,0,0,0,0,0,0,0
76159,76179,76169,27.6,-155.978,71.3548,17.34,-53.0489,701.047,0.704674,0.180775,12.5743,0.208674,9.74455e-05,0.402671,0.0503339,0,0.0503339,0.0503339,0.0503339,0.0503339,0.0503339,0,0,0,0,0,0,0
76181,76198,76190,27.7,-155.977,71.3575,17.083,-53.604,702.284,0.817471,0.067192,1.85655,0.0828918,2.90277e-06,0.590395,0.18166,0.045415,0,0,0,0,0,0,0,0,0,0,0,0
76201,76218,76210,27.8,-155.976,71.3603,16.858,-54.369,702.482,0.911477,0.154938,9.19885,0.178114,6.35692e-05,0.546886,0.136722,0.0911477,0,0.0455738,0.0455738,0,0.0455738,0,0,0,0,0,0,0
76223,76223,76223,27.9,-155.974,71.362,16.75,-54.56,703.152,2.73682,0.395767,19.9146,0.150957,0.000120048,2.28068,0,0,0,0,0.456137,0,0,0,0,0,0,0,0,0
68935,68935,68935,0.1,-156.789,71.2806,1031.53,17.15,287.741,73.8807,37.5414,6852.71,0.547612,0.0205633,17.284,11.8616,12.8783,6.43914,10.506,5.42244,4.40573,2.03341,0.338902,0.677805,0.677805,0,0.677805,0,0.677805
76317,76317,76317,28,-155.961,71.3706,16.34,-54.74,707.577,0.916183,0.0795734,2.23555,0.0842825,3.52488e-06,0.458091,0.458091,0,0,0,0,0,0,0,0,0,0,0,0,0
76319,76319,76319,27.9,-155.96,71.3708,16.51,-54.98,704.721,1.37579,0.111861,3.04034,0.0815385,4.42258e-06,0.91719,0.458595,0,0,0,0,0,0,0,0,0,0,0,0,0
76321,76322,76322,27.8,-155.96,71.3711,16.725,-55.03,701.938,1.35277,0.44891,31.9337,0.213409,0.000260236,0.450923,0.225461,0,0.225461,0,0,0.450923,0,0,0,0,0,0,0,0
76329,76330,76330,27.5,-155.96,71.3722,17.375,-53.115,700.429,1.51321,0.157145,5.24681,0.100165,1.38245e-05,1.08086,0,0.216172,0.216172,0,0,0,0,0,0,0,0,0,0,0
76332,76334,76333,27.4,-155.96,71.3726,17.6733,-52.9733,697.494,1.00268,0.198628,10.207,0.154163,5.885e-05,0.429719,0.14324,0,0.14324,0.14324,0.14324,0,0,0,0,0,0,0,0,0
76337,76338,76338,27.2,-155.96,71.3731,18.11,-52.89,692.895,1.23498,0.267428,16.6389,0.186654,0.000124155,0.617488,0.205829,0,0.205829,0,0,0.205829,0,0,0,0,0,0,0,0
76341,76341,76341,27.1,-155.959,71.3735,18.45,-51.94,692.21,1.63956,0.398684,27.7894,0.209109,0.000229062,1.22967,0,0,0,0,0,0.40989,0,0,0,0,0,0,0,0
76343,76343,76343,27,-155.959,71.3737,18.61,-51.44,692.072,0.817932,0.239977,14.9932,0.187433,0.000104445,0.408966,0,0,0,0,0.408966,0,0,0,0,0,0,0,0,0
76345,76345,76345,26.9,-155.959,71.3739,18.79,-51.51,689.93,1.22729,0.316153,17.8593,0.169469,0.000112411,0,0.409095,0.409095,0,0,0.409095,0,0,0,0,0,0,0,0,0
76359,76360,76360,26.4,-155.958,71.3756,20.215,-51.545,675.574,1.13853,0.462514,33.1691,0.215144,0.000266744,0.189755,0.189755,0,0.189755,0,0.189755,0.37951,0,0,0,0,0,0,0,0
76370,76370,76370,26.1,-155.96,71.3771,21.27,-51.24,666.734,0.373575,0.0262307,0.653582,0.07475,7.28112e-07,0.373575,0,0,0,0,0,0,0,0,0,0,0,0,0,0
76372,76373,76372,26,-155.96,71.3773,21.53,-51.615,663.311,1.10681,0.2549,15.6249,0.183895,0.000113788,0.368938,0.184469,0.184469,0.184469,0,0,0.184469,0,0,0,0,0,0,0,0
76375,76375,76375,25.9,-155.961,71.3776,21.77,-51.69,660.997,0.363936,0.0812024,3.60674,0.13325,1.40515e-05,0,0,0,0.363936,0,0,0,0,0,0,0,0,0,0,0
76377,76379,76378,25.8,-155.961,71.3779,22.06,-52.305,656.657,0.912373,0.20558,11.1273,0.162378,6.82616e-05,0.182475,0.364949,0,0,0.182475,0.182475,0,0,0,0,0,0,0,0,0
76380,76380,76380,25.7,-155.961,71.378,22.25,-52.67,653.97,1.06702,0.531662,45.1954,0.255023,0.000381124,0.355674,0,0,0,0.355674,0,0,0.355674,0,0,0,0,0,0,0
76388,76388,76388,25.5,-155.962,71.3786,23.14,-50.75,652.314,0.343324,0.0766035,3.40247,0.13325,1.32557e-05,0,0,0,0.343324,0,0,0,0,0,0,0,0,0,0,0
76401,76401,76401,25.1,-155.96,71.3794,24.49,-49.47,645.539,0.332607,0.110709,6.00596,0.16275,3.56584e-05,0,0,0,0,0.332607,0,0,0,0,0,0,0,0,0,0
76402,76402,76402,25,-155.96,71.3794,24.59,-49.44,644.878,0.332562,0.023351,0.581828,0.07475,6.48176e-07,0.332562,0,0,0,0,0,0,0,0,0,0,0,0,0,0
76406,76406,76406,24.9,-155.958,71.3797,25.01,-50.75,637.991,2.2831,0.864434,74.5331,0.258666,0.000636654,0.978473,0.326158,0.326158,0,0,0,0,0.652316,0,0,0,0,0,0,0
76413,76413,76413,24.7,-155.956,71.3803,25.61,-50.64,633.987,5.88816,0.440437,11.5655,0.0787773,1.59406e-05,5.56104,0,0.32712,0,0,0,0,0,0,0,0,0,0,0,0
76424,76424,76424,24.4,-155.951,71.3819,27.02,-49.37,627.927,0.617422,0.384185,34.8462,0.272105,0.000301917,0,0,0.308711,0,0,0,0,0.308711,0,0,0,0,0,0,0
76425,76427,76426,24.3,-155.95,71.3821,27.24,-49.465,626.216,0.904979,0.103496,3.37378,0.0977942,7.59864e-06,0.15083,0.45249,0.30166,0,0,0,0,0,0,0,0,0,0,0,0
76432,76432,76432,24.1,-155.949,71.3828,27.96,-49.14,622.457,2.06063,0.276085,13.3673,0.145252,7.80487e-05,1.76626,0,0,0,0,0.294376,0,0,0,0,0,0,0,0,0
76435,76437,76436,24,-155.948,71.3834,28.425,-49.31,619.074,1.9149,0.344019,16.1933,0.141213,8.34437e-05,0.441899,0.589199,0.2946,0.1473,0.2946,0.1473,0,0,0,0,0,0,0,0,0
76440,76441,76440,23.9,-155.947,71.3841,28.95,-49.185,616.173,1.74676,0.328994,15.6441,0.142654,8.11418e-05,0.436691,0.145564,0.727818,0,0.291127,0.145564,0,0,0,0,0,0,0,0,0
76446,76446,76446,23.7,-155.945,71.3851,29.61,-49.18,612.246,2.30309,0.171292,4.42692,0.077533,5.5818e-06,2.0152,0.287886,0,0,0,0,0,0,0,0,0,0,0,0,0
76448,76449,76448,23.6,-155.945,71.3855,29.94,-50.63,606.355,1.98424,0.257627,11.0325,0.128471,5.18375e-05,1.41731,0,0.141731,0.283463,0,0.141731,0,0,0,0,0,0,0,0,0
76456,76456,76456,23.4,-155.944,71.3868,30.94,-52.16,596.567,1.67611,0.1697,5.59797,0.0989626,1.45687e-05,1.11741,0.279352,0,0.279352,0,0,0,0,0,0,0,0,0,0,0
76461,76461,76461,23.2,-155.943,71.3875,31.6,-51.97,593.476,1.95379,0.295848,12.5255,0.127013,5.36523e-05,1.11645,0,0,0.558224,0.279112,0,0,0,0,0,0,0,0,0,0
76472,76473,76472,22.9,-155.942,71.3886,33.215,-50.81,588.159,1.20258,0.3947,26.239,0.199435,0.000198412,0.267241,0.133621,0,0.400862,0,0.133621,0.267241,0,0,0,0,0,0,0,0
76477,76477,76477,22.8,-155.941,71.389,33.86,-50.48,585.79,2.12743,0.184774,5.19107,0.0842825,8.18497e-06,1.06371,1.06371,0,0,0,0,0,0,0,0,0,0,0,0,0
76479,76479,76479,22.7,-155.941,71.3893,34.13,-50.76,583.732,1.06505,0.258983,18.0519,0.209109,0.000148798,0.79879,0,0,0,0,0,0.266263,0,0,0,0,0,0,0,0
76494,76494,76494,22.3,-155.936,71.3906,36.35,-49.57,576.398,2.5446,0.795052,59.3598,0.223985,0.000480352,1.52676,0,0,0,0.25446,0.25446,0.25446,0.25446,0,0,0,0,0,0,0
76504,76504,76504,22,-155.933,71.3911,37.86,-48.83,571.619,1.92285,0.206138,7.61569,0.110834,2.99601e-05,1.44214,0.240356,0,0,0.240356,0,0,0,0,0,0,0,0,0,0
76509,76509,76509,21.9,-155.932,71.3916,38.6,-48.69,568.807,0.720618,0.21437,12.1149,0.169542,7.38982e-05,0,0,0.240206,0.240206,0,0.240206,0,0,0,0,0,0,0,0,0
76510,76510,76510,21.8,-155.931,71.3917,38.76,-48.6,568.365,2.20176,0.768188,51.6882,0.201857,0.0003959,0.733921,0,0,0.24464,0.48928,0.24464,0.48928,0,0,0,0,0,0,0,0
76514,76516,76515,21.7,-155.93,71.3923,39.57,-48.39,565.559,1.90731,0.649753,52.9142,0.244312,0.000425078,0.715242,0.317885,0.158943,0.158943,0,0.158943,0.158943,0.158943,0.0794713,0,0,0,0,0,0
76518,76520,76519,21.6,-155.929,71.3928,40.175,-48.065,563.91,1.86453,0.435395,25.5967,0.176369,0.00017452,0.582665,0.582665,0,0.116533,0.116533,0.349599,0.116533,0,0,0,0,0,0,0,0
76521,76521,76521,21.5,-155.928,71.393,40.52,-47.95,562.825,1.17532,0.287984,15.5013,0.161481,9.25656e-05,0.235064,0,0.470128,0,0.235064,0.235064,0,0,0,0,0,0,0,0,0
76531,76531,76531,21.3,-155.925,71.3937,42.04,-49.58,552.9,5.66314,1.31044,80.7798,0.18493,0.000566964,1.41579,1.88771,0.471929,0.471929,0.471929,0.471929,0.235964,0.235964,0,0,0,0,0,0,0
76546,76546,76546,20.9,-155.921,71.3949,44.52,-48.43,546.725,2.82679,0.35819,15.2285,0.127545,7.29703e-05,1.64896,0.471132,0.471132,0,0,0.235566,0,0,0,0,0,0,0,0,0
76548,76549,76548,20.8,-155.92,71.3951,44.925,-48.135,546.034,1.9606,0.505675,32.1145,0.190525,0.000238669,0.691976,0.115329,0.461317,0.230659,0,0.115329,0.345988,0,0,0,0,0,0,0,0
76553,76555,76554,20.7,-155.918,71.3956,45.815,-48.195,542.826,2.79843,0.400453,15.7241,0.117797,5.77127e-05,0.81621,0.699608,0.583007,0.466406,0.233203,0,0,0,0,0,0,0,0,0,0
76556,76556,76556,20.6,-155.917,71.3957,46.14,-49.09,539.577,1.1813,0.13857,4.90767,0.10625,1.41882e-05,0.708779,0,0.23626,0.23626,0,0,0,0,0,0,0,0,0,0,0
76563,76563,76563,20.5,-155.915,71.3966,47.37,-50.4,532.419,2.85179,0.474756,19.7054,0.124519,7.6055e-05,0.712948,0.237649,0.712948,0.950597,0.237649,0,0,0,0,0,0,0,0,0,0
76566,76566,76566,20.4,-155.913,71.397,47.84,-50.2,531.377,2.13692,0.549968,34.906,0.190408,0.000257132,0.712308,0.712308,0,0,0,0.474872,0.237436,0,0,0,0,0,0,0,0
76572,76575,76574,20.2,-155.911,71.3982,49.1167,-49.0533,530.122,2.51969,0.459312,22.2079,0.145051,0.000119176,0.944884,0.314961,0.472442,0.157481,0.393702,0.236221,0,0,0,0,0,0,0,0,0
76579,76579,76579,20.1,-155.91,71.3989,50.11,-48.69,527.94,1.88671,0.222258,7.33744,0.0990395,1.69146e-05,0.235839,0.943355,0.707516,0,0,0,0,0,0,0,0,0,0,0,0
76582,76582,76582,20,-155.909,71.3993,50.64,-48.42,526.994,1.88444,0.482302,28.459,0.17702,0.000195808,0.471111,0.235555,0.235555,0.235555,0.471111,0,0.235555,0,0,0,0,0,0,0,0
76586,76586,76586,19.9,-155.909,71.3997,51.38,-47.78,526.318,2.7864,0.743176,44.1147,0.178079,0.000301453,1.01324,0,0.253309,0.253309,0.759927,0.253309,0.253309,0,0,0,0,0,0,0,0
76592,76592,76592,19.8,-155.908,71.4002,52.41,-48.73,521.124,2.85416,0.300176,9.83272,0.0982694,2.41276e-05,1.55681,0.518938,0.518938,0.259469,0,0,0,0,0,0,0,0,0,0,0
76597,76597,76597,19.7,-155.907,71.4006,53.3,-49.12,517.732,3.37897,1.13202,87.1234,0.230888,0.000710319,1.03968,0.779762,0.259921,0,0.519841,0,0.259921,0.519841,0,0,0,0,0,0,0
76598,76600,76599,19.6,-155.906,71.4008,53.6667,-49.3067,516.285,3.2299,0.760876,46.5776,0.183647,0.000337758,1.22213,0.611063,0.349179,0.0872947,0.349179,0.174589,0.436474,0,0,0,0,0,0,0,0
76607,76607,76607,19.4,-155.904,71.4012,55.15,-49.99,510.714,3.91401,0.420568,15.7185,0.112124,6.3551e-05,3.13121,0.260934,0,0,0.521868,0,0,0,0,0,0,0,0,0,0
76614,76616,76615,19.2,-155.901,71.4017,56.805,-50.175,505.994,2.87269,0.50421,25.7397,0.153149,0.000154288,1.30577,0.391731,0.391731,0.261154,0.261154,0.130577,0.130577,0,0,0,0,0,0,0,0
76621,76621,76621,19.1,-155.899,71.4023,58.08,-50.53,502.005,2.3541,0.321041,14.5258,0.135738,7.59254e-05,1.30783,0.523134,0.261567,0,0,0.261567,0,0,0,0,0,0,0,0,0
76625,76625,76625,19,-155.897,71.4027,58.97,-50.27,500.398,1.06637,0.083747,2.23384,0.0800211,3.09056e-06,0.799781,0.266594,0,0,0,0,0,0,0,0,0,0,0,0,0
76628,76628,76628,18.9,-155.896,71.403,59.57,-50.1,499.339,1.79161,0.279176,13.7108,0.147335,7.72422e-05,1.27972,0,0,0.255944,0,0.255944,0,0,0,0,0,0,0,0,0
76630,76632,76631,18.8,-155.894,71.4033,60.225,-49.805,498.447,2.73754,0.275461,8.71744,0.0949403,1.98429e-05,1.17323,1.30359,0,0.260718,0,0,0,0,0,0,0,0,0,0,0
76634,76637,76636,18.7,-155.892,71.4038,61.27,-50.405,494.66,1.94122,0.373616,22.5755,0.181273,0.000154494,0.776489,0.25883,0.517659,0.129415,0.129415,0,0,0.129415,0,0,0,0,0,0,0
