data/B2SAP/Locations/Alaska/NOAA-POPS-B2SAP_GMLBalloon_20230314_R0.ict
61,1001
Thornberry, T. D.
NOAA Chemical Sciences Laboratory
Portable Optical Particle Spectrometer (POPS)
Balloon Baseline Stratospheric Aerosol Profiles (B2SAP)
1,1
2023,03,14,2024,05,28
0
TIME_START,s,Seconds since midnight UTC on flight start day,Start time of 100 m altitude bin in UTC_seconds_since_midnight
28
1.0,1.0,1.0,1.0,1.0,1.0,1.0,1.0,1.0,1.0,1.0,1.0,1.0,1.0,1.0,1.0,1.0,1.0,1.0,1.0,1.0,1.0,1.0,1.0,1.0,1.0,1.0,1.0
99999,99999,99999,99999,99999,99999,99999,99999,99999,99999,99999,99999,99999,99999,99999,99999,99999,99999,99999,99999,99999,99999,99999,99999,99999,99999,99999,99999
TIME_STOP,s,End time of 100 m altitude bin in UTC seconds since midnight,
TIME_MID,s,Mid time of 100 m altitude in UTC seconds since midnight,
GPSAlt,m,GPS reported altitude above sea level (m),
GPS_Lon,deg,GPS reported longitude,
GPS_Lat,deg,GPS reported latitude,
iMet_Pressure,mb,Pressure reported (mB),
iMet_Temperature,degrees C,Ambient temperature (oC),
THETA,K,Potential temperature from iMet,
Aerosol_concentration,cm^-3,Aerosol concentration,
Surface_Area_Conc,um^2 cm^-3,Surface area concentration,
Volume_density,um^3 cm^-3,Volume density,
Effective_radius,um,Effective radius,
Extinction,km^-1,Extinction,
Bin01,cm^-3,particle concentration in size range [140 - 170 nm],
Bin02,cm^-3,particle concentration in size range [170 - 205 nm],
Bin03,cm^-3,particle concentration in size range [205 - 249 nm],
Bin04,cm^-3,particle concentration in size range [249 - 302 nm],
Bin05,cm^-3,particle concentration in size range [302 - 366 nm],
Bin06,cm^-3,particle concentration in size range [366 - 443 nm],
Bin07,cm^-3,particle concentration in size range [443 - 537 nm],
Bin08,cm^-3,particle concentration in size range [537 - 651 nm],
Bin09,cm^-3,particle concentration in size range [651 - 789 nm],
Bin10,cm^-3,particle concentration in size range [789 - 956 nm],
Bin11,cm^-3,particle concentration in size range [956 - 1159 nm],
Bin12,cm^-3,particle concentration in size range [1159 - 1404 nm],
Bin13,cm^-3,particle concentration in size range [1404 - 1702 nm],
Bin14,cm^-3,particle concentration in size range [1702 - 2062 nm],
Bin15,cm^-3,particle concentration in size range [2062 - 2500 nm],
0
19
PI_CONTACT_INFO: 325 Broadway R/CSL6, Boulder, CO 80305; troy.thornberry@noaa.gov; 303-497-3373 
PLATFORM: GML ECC/FPH balloon
LOCATION: Utqiagvik, AL, USA
ASSOCIATED_DATA: N/A
INSTRUMENT_INFO: Printed Optical Particle Spectrometer counts particles from 140 - 2500 nm in diameter 
DATA_INFO: Particle concentrations reported in number per cubic centimeter, binned to 100 m altitude
UNCERTAINTY: Counting uncertainty dominated by air flow, less than 5 percent
ULOD_FLAG: -77777
ULOD_VALUE: 3000 ~3000 per cm3 (varies depending on flow rate- manufacturer quotes 1250  per cm3 at 1.667 cc/s)
LLOD_FLAG: -88888
LLOD_VALUE: 0 0 (varies depending on data field and measurement precision)
DM_CONTACT_INFO: Troy Thornberry, 325 Broadway R/CSL6, Boulder, CO 80305; troy.thornberry@noaa.gov; 303-497-3373
PROJECT_INFO: B2SAP Utqiagvik, AL, USA
STIPULATIONS_ON_USE: Please contact the PIs for questions regarding applications and uncertainties
OTHER_COMMENTS: POPS bin Edges (nm):  140, 170, 205, 249, 302, 366, 443, 537, 651, 789, 956, 1159, 1404, 1702, 2062, 2500
Calculations assume sulfate refractive index of 1.45+0.00j and extinction wavelength = 532 nm
REVISION: R0
R0: QA/QC data
TIME_START,TIME_STOP,TIME_MID,GPSAlt,GPS_Lon,GPS_Lat,iMet_Pressure,iMet_Temperature,THETA,Aerosol_concentration,Surface_Area_Conc,Volume_density,Effective_radius,Extinction,Bin01,Bin02,Bin03,Bin04,Bin05,Bin06,Bin07,Bin08,Bin09,Bin10,Bin11,Bin12,Bin13,Bin14,Bin15
68925,69523,69224,0.1,-156.788,71.2802,1023.64,-11.8979,259.486,170.86,44.0796,3887.97,0.26461,0.0181432,37.5928,37.723,33.3233,20.4235,20.2022,9.33312,8.42194,2.21287,0.533693,0.299389,0.104135,0.234304,0.20827,0.156203,0.0911183
69524,69541,69532,0.2,-156.788,71.2792,1006.07,-24.2312,248.488,249.914,54.271,3448.86,0.190647,0.0189904,52.8268,60.2682,52.1883,31.7059,28.2676,11.6902,9.40617,2.18577,0.58942,0.343829,0.0982367,0.221033,0.0982367,0,0.0245592
69542,69563,69552,0.3,-156.788,71.2782,992.568,-23.5948,250.085,316.922,70.8724,4579.37,0.193843,0.0254964,67.6989,73.5858,62.669,40.9472,38.6745,15.3506,13.1337,3.26013,0.614767,0.353957,0.204922,0.242181,0.111776,0.0745173,0
69564,69580,69572,0.4,-156.788,71.2773,979.804,-23.2335,251.382,336.946,75.2271,4926.78,0.196476,0.026839,71.5203,77.2207,70.1356,42.0721,40.0643,16.8473,14.5164,2.93097,0.646199,0.300021,0.230785,0.276942,0.115393,0.0230785,0.046157
69581,69601,69591,0.5,-156.789,71.2763,965.954,-23.074,252.566,333.406,72.0641,4437.05,0.184713,0.024664,68.4613,77.8698,70.8867,42.622,40.9789,15.8048,12.6164,2.83625,0.606371,0.234724,0.234724,0.176043,0.0195604,0.0391207,0.0195604
69602,69624,69613,0.6,-156.79,71.2753,952.633,-23.0678,253.573,327.842,68.6336,4052.44,0.177134,0.0226918,68.7854,79.2203,69.9901,40.6876,37.345,16.9843,11.1984,2.6469,0.407215,0.237542,0.118771,0.118771,0.0678692,0.0169673,0.0169673
69625,69644,69634,0.7,-156.791,71.2743,939.794,-23.06,254.564,196.612,40.6713,2415.34,0.17816,0.0132106,40.9544,49.2691,41.8246,24.7892,22.3528,9.10743,6.22631,1.2762,0.367391,0.154691,0.154691,0.0773455,0.0386727,0.0193364,0
69645,69666,69656,0.8,-156.792,71.2731,926.978,-23.0991,255.53,83.4262,17.6256,1219.18,0.207514,0.00603829,19.259,20.4737,18.2379,9.85835,8.45001,3.25677,2.79907,0.598542,0.158438,0.123229,0.105625,0.0352084,0.0352084,0.0176042,0.0176042
69667,69689,69678,0.9,-156.793,71.2716,914.273,-23.3209,256.312,62.4833,12.0039,697.398,0.174292,0.00377739,14.0857,17.5945,13.9845,7.01756,5.17882,2.17612,1.63631,0.506074,0.134953,0.0843457,0.0337383,0.0337383,0.0168691,0,0
69690,69711,69700,1,-156.794,71.2701,901.575,-23.5118,257.139,73.7901,14.8483,971.03,0.19619,0.00498338,18.2614,20.0698,14.8928,8.06691,6.84358,2.35802,2.25164,0.585073,0.141836,0.141836,0.0531884,0.0709179,0.035459,0.0177295,0
69712,69732,69722,1.1,-156.795,71.2686,889.128,-23.599,258.07,85.3463,16.6402,961.382,0.173324,0.00510505,20.4005,21.8023,17.3755,9.94201,9.776,3.17259,2.04743,0.461132,0.110672,0.129117,0.0922264,0.0184453,0.0184453,0,0
69733,69752,69742,1.2,-156.796,71.2672,877.02,-23.7415,258.939,76.9641,15.0878,880.881,0.175152,0.00490794,19.1201,19.6232,16.5656,8.30214,7.06359,2.99961,2.34163,0.599921,0.116114,0.135466,0.0387046,0.0580569,0,0,0
69753,69772,69762,1.3,-156.796,71.2658,864.505,-24.0095,259.726,94.7814,19.7368,1429.05,0.217216,0.00665289,22.2063,24.8471,19.3341,10.6405,9.36827,4.33716,3.06493,0.539736,0.192763,0.0771051,0.0578288,0.0192763,0.0385525,0,0.0578288
69773,69792,69782,1.4,-156.797,71.2645,852.811,-23.98,260.767,112.314,21.9779,1217.64,0.166209,0.00672485,23.6746,28.3163,25.0535,15.5759,11.6722,3.78716,3.08799,0.73801,0.174792,0.135949,0.0776853,0.0194213,0,0,0
69793,69814,69804,1.5,-156.798,71.2629,841.339,-23.8618,261.9,140.603,28.9979,1826.07,0.188917,0.00922664,29.4874,33.9796,31.7947,18.5105,15.3118,5.94293,4.0377,1.03127,0.174792,0.0699169,0.104875,0.0349584,0.0873961,0.0174792,0.0174792
69815,69835,69825,1.6,-156.799,71.2611,829.189,-24.3162,262.515,254.005,48.2783,2792.94,0.173552,0.0137121,55.8188,63.0819,58.3628,33.9005,26.8402,8.9959,5.14315,1.23509,0.184342,0.202776,0.0368685,0.110605,0.0368685,0.0184342,0.0368685
69836,69854,69845,1.7,-156.8,71.2596,818.583,-24.4963,263.293,294.526,54.2392,2871.08,0.158801,0.0148729,66.2882,76.7772,66.2272,35.9798,31.0199,10.5093,5.85434,1.30096,0.182948,0.182948,0.0813102,0.0813102,0.0203276,0.0203276,0
69855,69876,69866,1.8,-156.801,71.2577,807.416,-24.775,264.029,303.504,51.4618,2806.11,0.163584,0.012904,82.4978,83.0977,63.4571,33.7226,26.964,8.20566,3.8646,1.05879,0.176466,0.194112,0.105879,0.0882329,0.0176466,0.0176466,0.0352932
69877,69896,69886,1.9,-156.802,71.2558,796.115,-25.1865,264.652,272.734,45.9381,2307.88,0.150717,0.0110163,70.8224,74.4311,58.3369,32.5359,24.701,6.96646,3.58937,0.849097,0.25087,0,0.115786,0.0964884,0.0385953,0,0
69897,69916,69906,2,-156.803,71.2541,785.512,-25.602,265.229,155.518,28.6224,1779.93,0.18656,0.00783612,37.9709,40.2329,34.4715,19.5268,15.1188,4.89136,2.37801,0.367335,0.193334,0.116001,0.0386669,0.0966672,0.0386669,0.0580003,0.0193334
69917,69938,69928,2.1,-156.803,71.2524,774.667,-26.1864,265.655,297.886,54.5247,3065.29,0.168655,0.0150429,70.2962,79.026,64.9526,38.4107,27.6,9.57623,5.89035,1.41086,0.246901,0.141086,0.141086,0.123451,0.0176358,0.0352716,0.0176358
69939,69961,69950,2.2,-156.803,71.2504,763.738,-26.6274,266.257,338.762,63.5102,3397.35,0.160479,0.0174389,66.2994,89.7678,81.455,43.6927,35.4475,12.6212,7.58625,1.40236,0.270334,0.0675835,0.0337918,0.0337918,0.0506876,0,0.0337918
69962,69982,69972,2.3,-156.803,71.2481,753.644,-27.0924,266.764,340.451,64.5129,3487.18,0.162162,0.0179006,61.46,94.4626,82.6455,44.4672,35.173,12.8003,7.30916,1.35424,0.31537,0.204063,0.0742047,0.111307,0.0556535,0,0.0185512
69983,70004,69994,2.4,-156.803,71.2462,743.248,-27.7732,267.091,321.234,61.2935,3199.96,0.156622,0.0172337,60.1001,84.8077,76.825,42.1213,35.4808,12.3273,7.54121,1.35989,0.370879,0.141287,0.0529827,0.0529827,0.0529827,0,0
70005,70027,70016,2.5,-156.803,71.2441,733.08,-28.4948,267.353,297.308,57.5014,3009.24,0.157,0.0161053,52.6854,74.5219,72.9972,43.7238,33.4916,11.13,6.92872,1.21973,0.27105,0.186347,0.0508219,0.0508219,0.0508219,0,0
70028,70047,70038,2.6,-156.803,71.2419,722.834,-29.232,267.618,305.128,57.9329,3001.77,0.155444,0.015792,55.0196,79.2047,75.2229,41.6031,34.0317,11.5139,7.1398,1.01997,0.117689,0.117689,0.0588445,0.0392297,0.0196148,0.0196148,0
70048,70071,70060,2.7,-156.805,71.24,712.475,-29.9346,267.953,296.549,57.5941,3173.75,0.165317,0.0164478,53.6669,77.0593,72.2369,40.4586,32.89,11.4919,6.60415,1.42218,0.343285,0.147122,0.0653876,0.0980814,0.0326938,0.0163469,0.0163469
70072,70092,70082,2.8,-156.805,71.2378,702.814,-30.6195,268.244,297.739,57.3259,3162.53,0.165503,0.0163815,56.6589,78.3819,70.8237,38.967,32.9764,10.7495,7.241,1.26904,0.31726,0.130637,0.0559871,0.0559871,0.0559871,0.0559871,0
70093,70114,70104,2.9,-156.806,71.2357,692.885,-31.4191,268.446,291.894,54.7882,2811.34,0.153938,0.0151872,55.4549,79.666,69.2157,37.5425,30.3669,10.5398,7.47987,1.18103,0.286311,0.0357889,0.0536833,0.0536833,0.0178944,0,0
70115,70136,70126,3,-156.807,71.234,683.147,-32.1036,268.767,250.178,48.4815,2622.11,0.162254,0.0139784,49.466,63.7936,57.8655,33.4012,27.4552,10.2621,6.10713,1.36112,0.214914,0.0537284,0.0716379,0.0895474,0.0179095,0.0179095,0
70137,70157,70147,3.1,-156.808,71.2322,673.465,-32.8714,269.014,275.247,51.2595,2604.7,0.152442,0.0138682,56.2903,71.2183,63.3031,35.9664,30.9841,10.1714,5.88472,1.03406,0.206811,0.0752041,0.0376021,0.0752041,0,0,0
70158,70178,70168,3.2,-156.808,71.2305,663.66,-33.6324,269.285,288.766,52.9014,2711.6,0.153773,0.0141919,62.0111,76.9637,65.3887,36.4325,30.3035,9.82918,6.29979,1.10057,0.227703,0.0379505,0.0569258,0.075901,0.0379505,0,0
70179,70198,70188,3.3,-156.808,71.2288,654.553,-34.3325,269.557,269.543,49.5052,2480.1,0.150294,0.0131278,53.7489,71.9246,63.5051,35.8526,27.5528,9.77616,5.96545,0.89781,0.199513,0.0199513,0.059854,0.0399027,0,0,0
70199,70218,70208,3.4,-156.808,71.227,645.13,-34.9875,269.937,287.143,54.333,3053.17,0.168581,0.01543,62.069,73.5404,64.6535,36.8398,31.452,10.4376,6.12339,1.49109,0.198812,0.17893,0.0198812,0.0596435,0.0198812,0.0198812,0.0397623
70219,70240,70230,3.5,-156.809,71.2254,636.061,-35.615,270.318,276.512,51.826,2651.11,0.153462,0.0144372,59.4564,69.596,62.7999,35.7247,30.0008,10.6302,6.77789,1.16296,0.163542,0.109028,0.0363426,0.0545138,0,0,0
70241,70261,70251,3.6,-156.809,71.2236,626.504,-36.3505,270.645,206.171,39.3465,2090.38,0.159383,0.0114229,49.8024,48.7888,42.6496,25.8192,24.1171,8.58729,5.01085,0.975394,0.191254,0.114752,0.0191254,0.0573761,0.0382507,0,0
70262,70282,70272,3.7,-156.809,71.2217,617.838,-37.021,270.957,196.754,38.5831,2067.03,0.160721,0.0116408,42.7944,48.8147,41.6056,25.366,22.0874,8.99218,5.63689,0.997001,0.287596,0.0766924,0.0383462,0.0383462,0.0191731,0,0
70283,70302,70292,3.8,-156.808,71.2199,609.012,-37.7385,271.249,213.163,42.3586,2251.49,0.159459,0.0128278,44.2633,50.5694,47.6574,28.1566,24.4211,10.0617,6.50695,1.18491,0.180749,0.0803327,0.0401663,0.0401663,0,0,0
70303,70327,70315,3.9,-156.807,71.2179,600.012,-38.34,271.705,179.476,35.9192,2075.71,0.173365,0.0112038,40.0538,43.0058,39.2472,22.745,19.2445,8.09787,5.45235,1.16145,0.225837,0.080656,0.0322624,0.0322624,0.080656,0,0.0161312
70328,70349,70338,4,-156.807,71.2156,591.251,-38.9509,272.139,193.843,36.9192,2109.7,0.171431,0.011113,46.1696,49.7324,42.717,22.1115,19.3934,7.07053,4.68308,1.39574,0.25711,0.128555,0.018365,0.091825,0.03673,0.03673,0
70350,70366,70358,4.1,-156.806,71.2139,582.909,-39.6276,272.462,179.32,36.4197,1995.62,0.164386,0.0111658,35.8688,43.0331,38.115,25.0632,22.0367,8.37017,5.39096,1.04036,0.236445,0.0236445,0.0472891,0.0709336,0.0236445,0,0
70367,70387,70377,4.2,-156.805,71.2119,574.25,-40.4429,272.67,49.3684,9.31978,531.475,0.17108,0.00278131,12.9684,12.5059,9.90452,5.60742,4.75956,2.0233,1.17544,0.231234,0.0963474,0.038539,0,0,0.0578085,0,0
70388,70410,70399,4.3,-156.805,71.2097,565.853,-41.1378,273.001,102.766,20.6645,1243.41,0.180513,0.00639028,23.7043,25.0261,20.9373,12.795,11.4732,5.11097,2.92559,0.563969,0.0352481,0.0528721,0.0352481,0.0881201,0,0,0.017624
70411,70432,70422,4.4,-156.804,71.2075,558.213,-41.4505,273.7,62.3062,11.9991,697.615,0.174417,0.00371164,16.3293,15.4241,11.8775,7.25951,6.76076,2.34595,1.68095,0.461801,0.0923601,0.018472,0,0.0369441,0,0.018472,0
70433,70451,70442,4.5,-156.804,71.2055,550.103,-42.0042,274.186,16.797,2.46763,133.451,0.162241,0.000596878,6.88614,5.0198,2.5099,0.793729,0.772277,0.493399,0.257426,0.0214521,0,0.0214521,0,0,0.0214521,0,0
70452,70474,70463,4.6,-156.805,71.2034,541.526,-42.8226,274.442,18.8958,2.67692,130.584,0.146344,0.000692645,8.42191,5.06742,2.64077,1.23117,0.82078,0.249803,0.267646,0.142744,0.017843,0.0356861,0,0,0,0,0
70475,70495,70485,4.7,-156.806,71.2016,535.316,-43.4263,274.633,15.8592,2.22456,96.4382,0.130055,0.000461687,6.62925,4.33451,1.93778,1.27486,1.12187,0.35696,0.152983,0.0509942,0,0,0,0,0,0,0
70506,70506,70506,4.8,-156.807,71.1991,525.63,-44.07,275.291,16.0247,3.52383,232.097,0.197595,0.0015885,4.63872,3.79532,3.37361,1.26511,1.26511,0.843404,0,0.421702,0.421702,0,0,0,0,0,0
70558,70580,70569,5.1,-156.808,71.1933,502.975,-45.585,276.938,19.218,2.43474,94.7676,0.116769,0.000379259,7.36009,5.72452,4.08894,0.613341,1.22668,0,0.204447,0,0,0,0,0,0,0,0
70591,70598,70594,5.2,-156.809,71.1905,494.11,-46.235,277.549,27.6794,3.83761,156.619,0.122434,0.00065403,9.63654,8.40634,4.51072,2.66543,1.43523,1.02516,0,0,0,0,0,0,0,0,0
70607,70621,70614,5.3,-156.809,71.1883,487.617,-46.58,278.175,27.3045,6.77369,623.113,0.275971,0.00320189,9.7021,6.79147,4.15804,2.77203,1.24741,0.554405,0.693007,0.554405,0.415804,0.138601,0.277203,0,0,0,0
70638,70638,70638,5.4,-156.81,71.1857,480.67,-46.85,278.983,36.1838,12.5993,2754.49,0.655868,0.0061851,12.3354,8.2236,8.2236,2.46708,1.23354,2.87826,0,0,0.41118,0,0,0,0,0,0.41118
70665,70665,70665,5.5,-156.81,71.1826,472.51,-47.54,279.506,27.2209,3.40829,122.889,0.108168,0.00037459,9.8985,5.77412,7.83631,2.88706,0.824875,0,0,0,0,0,0,0,0,0,0
70678,70682,70680,5.6,-156.809,71.1812,468.135,-47.565,280.217,29.6988,5.15527,259.575,0.151054,0.00149394,7.83718,9.69335,4.74356,3.29986,2.06242,1.03121,0.618725,0.412483,0,0,0,0,0,0,0
70705,70719,70712,5.7,-156.81,71.1784,459.014,-48.358,280.804,29.3149,6.05577,547.24,0.2711,0.00220812,8.13841,8.13841,6.06228,2.74048,2.4083,0.66436,0.49827,0.49827,0.083045,0,0,0,0,0.083045,0
70727,70728,70728,5.8,-156.81,71.1767,454.07,-48.955,280.924,28.1777,5.60902,329.964,0.176482,0.00190685,5.88788,8.41125,5.88788,2.52338,3.3645,1.26169,0.420563,0.210281,0,0.210281,0,0,0,0,0
70744,70753,70748,5.9,-156.81,71.1748,446.775,-49.66,281.338,29.8698,4.73204,223.658,0.141794,0.00120275,9.74917,8.91945,5.60059,1.452,2.28172,1.24457,0.414858,0.207429,0,0,0,0,0,0,0
70776,70780,70778,6,-156.81,71.172,436.79,-50.69,281.859,26.4655,5.02583,272.447,0.162628,0.00173847,8.33558,7.9188,3.12584,2.0839,2.0839,1.25034,1.45873,0.20839,0,0,0,0,0,0,0
70787,70801,70794,6.1,-156.808,71.1706,432.567,-51.1167,282.105,21.7142,4.02706,302.829,0.225596,0.0014003,8.07321,6.82047,3.34064,1.11355,0.695967,0.83516,0.41758,0.139193,0.139193,0,0.139193,0,0,0,0
70811,70811,70811,6.2,-156.807,71.1692,427.75,-51.62,282.366,18.7661,3.25252,174.03,0.160519,0.00108975,6.67238,5.42131,3.33619,0.417024,1.25107,0.834048,0.417024,0.417024,0,0,0,0,0,0,0
70846,70846,70846,6.3,-156.806,71.1668,418.16,-52.56,282.992,24.2905,3.12734,132.641,0.12724,0.000638849,11.7264,6.28202,3.76921,0.837602,0.418801,0.837602,0.418801,0,0,0,0,0,0,0,0
70870,70874,70872,6.4,-156.806,71.1648,411.39,-53.17,283.525,20.7881,3.25779,166.902,0.153695,0.00092462,6.29944,6.50942,4.40961,2.09981,0.629944,0.419962,0,0.209981,0.209981,0,0,0,0,0,0
70897,70897,70897,6.5,-156.805,71.1624,404.94,-53.88,283.887,22.7514,5.63406,574.202,0.305749,0.0018369,5.47719,5.47719,6.31983,2.10661,2.10661,0.421322,0.421322,0,0,0,0,0.421322,0,0,0
70924,70924,70924,6.6,-156.804,71.1601,397.68,-54.77,284.21,24.9593,3.16666,121.277,0.114894,0.000458195,9.30687,8.03775,4.65343,0.846079,1.69216,0.423039,0,0,0,0,0,0,0,0,0
70939,70939,70939,6.7,-156.804,71.159,393.59,-55.17,284.527,35.4721,7.04193,625.976,0.266678,0.00201984,10.9794,10.9794,7.17887,2.53372,2.11143,0.844573,0.422286,0,0,0,0,0.422286,0,0,0
70955,70967,70961,6.8,-156.805,71.1572,387.78,-55.675,285.075,31.3218,5.72273,304.808,0.159788,0.00183478,8.67697,9.73514,5.0792,2.5396,2.5396,1.48143,1.05817,0,0.211634,0,0,0,0,0,0
70982,70982,70982,6.9,-156.806,71.1552,382.25,-56.09,285.698,55.9781,10.4171,556.457,0.160253,0.00344786,16.1149,14.4186,11.8741,5.08892,2.96853,2.54446,2.12038,0.848153,0,0,0,0,0,0,0
71011,71011,71011,7,-156.807,71.1522,375.32,-56.54,286.597,74.7925,14.5095,769.357,0.159073,0.00470829,16.5733,21.6728,16.1484,6.37436,6.79932,3.39966,2.9747,0.849915,0,0,0,0,0,0,0
71033,71033,71033,7.1,-156.807,71.1507,369.72,-56.83,287.456,17.8721,2.53013,111.343,0.13202,0.000557808,5.95738,6.80843,2.55316,0.851054,0.851054,0.425527,0.425527,0,0,0,0,0,0,0,0
71051,71056,71054,7.2,-156.808,71.1493,364.81,-57.225,288.027,26.0046,3.97928,178.611,0.134656,0.00089329,8.0998,8.0998,4.90251,1.70522,1.70522,1.06576,0.426305,0,0,0,0,0,0,0,0
71074,71080,71077,7.3,-156.808,71.1473,358.87,-57.525,288.976,13.0204,2.02051,93.256,0.138464,0.00046911,4.05554,2.98829,3.20174,1.70759,0.640348,0.213449,0,0.213449,0,0,0,0,0,0,0
71090,71108,71099,7.4,-156.808,71.1454,352.903,-57.655,290.187,33.0775,5.24765,249.312,0.142528,0.00134899,9.77289,10.3099,6.65845,2.47007,2.25528,0.644366,0.644366,0.322183,0,0,0,0,0,0,0
71115,71119,71117,7.5,-156.807,71.144,348.735,-57.595,291.252,35.6981,7.55791,596.113,0.236618,0.00258944,10.1685,8.87043,7.57232,4.54339,1.51446,1.08176,1.51446,0,0.216352,0,0,0,0.216352,0,0
71142,71142,71142,7.6,-156.808,71.1413,342.53,-57.42,292.984,34.4368,9.76782,909.671,0.279388,0.00438012,9.77835,7.65262,5.10175,3.40117,2.97602,3.40117,1.27544,0,0,0.425146,0.425146,0,0,0,0
71157,71175,71166,7.7,-156.807,71.1389,336.01,-57.5033,294.496,29.5238,7.19842,816.115,0.340123,0.00317673,8.80036,8.09065,5.67765,2.27106,1.84524,1.27747,0.851648,0.283883,0.141941,0.141941,0,0,0,0.141941,0
71178,71194,71186,7.8,-156.807,71.137,331.33,-57.3233,295.922,24.7891,4.8908,294.302,0.180524,0.00185996,7.22424,7.36589,4.24955,1.55817,1.98312,0.708259,1.41652,0.141652,0,0.141652,0,0,0,0,0
