data/B2SAP/Locations/Alaska/NOAA-POPS-B2SAP_GMLBalloon_20230317_R0.ict
61,1001
Thornberry, T. D.
NOAA Chemical Sciences Laboratory
Portable Optical Particle Spectrometer (POPS)
Balloon Baseline Stratospheric Aerosol Profiles (B2SAP)
1,1
2023,03,17,2024,05,28
0
TIME_START,s,Seconds since midnight UTC on flight start day,Start time of 100 m altitude bin in UTC_seconds_since_midnight
28
1.0,1.0,1.0,1.0,1.0,1.0,1.0,1.0,1.0,1.0,1.0,1.0,1.0,1.0,1.0,1.0,1.0,1.0,1.0,1.0,1.0,1.0,1.0,1.0,1.0,1.0,1.0,1.0
99999,99999,99999,99999,99999,99999,99999,99999,99999,99999,99999,99999,99999,99999,99999,99999,99999,99999,99999,99999,99999,99999,99999,99999,99999,99999,99999,99999
TIME_STOP,s,End time of 100 m altitude bin in UTC seconds since midnight,
TIME_MID,s,Mid time of 100 m altitude in UTC seconds since midnight,
GPSAlt,m,GPS reported altitude above sea level (m),
GPS_Lon,deg,GPS reported longitude,
GPS_Lat,deg,GPS reported latitude,
iMet_Pressure,mb,Pressure reported (mB),
iMet_Temperature,degrees C,Ambient temperature (oC),
THETA,K,Potential temperature from iMet,
Aerosol_concentration,cm^-3,Aerosol concentration,
Surface_Area_Conc,um^2 cm^-3,Surface area concentration,
Volume_density,um^3 cm^-3,Volume density,
Effective_radius,um,Effective radius,
Extinction,km^-1,Extinction,
Bin01,cm^-3,particle concentration in size range [140 - 170 nm],
Bin02,cm^-3,particle concentration in size range [170 - 205 nm],
Bin03,cm^-3,particle concentration in size range [205 - 249 nm],
Bin04,cm^-3,particle concentration in size range [249 - 302 nm],
Bin05,cm^-3,particle concentration in size range [302 - 366 nm],
Bin06,cm^-3,particle concentration in size range [366 - 443 nm],
Bin07,cm^-3,particle concentration in size range [443 - 537 nm],
Bin08,cm^-3,particle concentration in size range [537 - 651 nm],
Bin09,cm^-3,particle concentration in size range [651 - 789 nm],
Bin10,cm^-3,particle concentration in size range [789 - 956 nm],
Bin11,cm^-3,particle concentration in size range [956 - 1159 nm],
Bin12,cm^-3,particle concentration in size range [1159 - 1404 nm],
Bin13,cm^-3,particle concentration in size range [1404 - 1702 nm],
Bin14,cm^-3,particle concentration in size range [1702 - 2062 nm],
Bin15,cm^-3,particle concentration in size range [2062 - 2500 nm],
0
19
PI_CONTACT_INFO: 325 Broadway R/CSL6, Boulder, CO 80305; troy.thornberry@noaa.gov; 303-497-3373 
PLATFORM: GML ECC/FPH balloon
LOCATION: Utqiagvik, AL, USA
ASSOCIATED_DATA: N/A
INSTRUMENT_INFO: Printed Optical Particle Spectrometer counts particles from 140 - 2500 nm in diameter 
DATA_INFO: Particle concentrations reported in number per cubic centimeter, binned to 100 m altitude
UNCERTAINTY: Counting uncertainty dominated by air flow, less than 5 percent
ULOD_FLAG: -77777
ULOD_VALUE: 3000 ~3000 per cm3 (varies depending on flow rate- manufacturer quotes 1250  per cm3 at 1.667 cc/s)
LLOD_FLAG: -88888
LLOD_VALUE: 0 0 (varies depending on data field and measurement precision)
DM_CONTACT_INFO: Troy Thornberry, 325 Broadway R/CSL6, Boulder, CO 80305; troy.thornberry@noaa.gov; 303-497-3373
PROJECT_INFO: B2SAP Utqiagvik, AL, USA
STIPULATIONS_ON_USE: Please contact the PIs for questions regarding applications and uncertainties
OTHER_COMMENTS: POPS bin Edges (nm):  140, 170, 205, 249, 302, 366, 443, 537, 651, 789, 956, 1159, 1404, 1702, 2062, 2500
Calculations assume sulfate refractive index of 1.45+0.00j and extinction wavelength = 532 nm
REVISION: R0
R0: QA/QC data
TIME_START,TIME_STOP,TIME_MID,GPSAlt,GPS_Lon,GPS_Lat,iMet_Pressure,iMet_Temperature,THETA,Aerosol_concentration,Surface_Area_Conc,Volume_density,Effective_radius,Extinction,Bin01,Bin02,Bin03,Bin04,Bin05,Bin06,Bin07,Bin08,Bin09,Bin10,Bin11,Bin12,Bin13,Bin14,Bin15
[from data line 419]
78597,78621,78609,13.5,-154.56,71.678,138.05,-59.5548,376.088,6.63991,1.7096,119.723,0.210089,0.000826128,2.10038,1.24668,0.718195,0.785949,0.677542,0.514932,0.338771,0.135508,0.0677542,0.0542034,0,0,0,0,0
78622,78646,78634,13.4,-154.553,71.6782,140.259,-59.9136,373.762,6.23763,1.58932,108.407,0.204628,0.000781535,1.87129,1.31533,0.867844,0.555963,0.596643,0.393242,0.271201,0.284761,0.0678003,0.0135601,0,0,0,0,0
78647,78673,78660,13.3,-154.544,71.6783,142.552,-60.3256,371.32,6.70424,1.59679,109.616,0.205943,0.00071405,2.2012,1.42135,0.89306,0.578602,0.603759,0.440241,0.301879,0.201253,0.0377349,0.0125783,0.0125783,0,0,0,0
78674,78699,78686,13.2,-154.536,71.6784,144.837,-60.3173,369.653,6.40014,1.43533,93.202,0.194802,0.000617117,2.18127,1.37146,0.770629,0.587768,0.626953,0.470215,0.182861,0.143677,0.026123,0.0391845,0,0,0,0,0
78700,78726,78713,13.1,-154.529,71.6788,147.168,-60.2911,368.005,6.61311,1.54944,121.561,0.235366,0.000686972,2.54447,1.36041,0.932133,0.440874,0.503856,0.327506,0.214139,0.201542,0.0377892,0.0125964,0.0251928,0.0125964,0,0,0
78727,78753,78740,13,-154.523,71.6794,149.511,-60.1511,366.593,7.28172,1.63981,115.435,0.211186,0.000766505,2.68823,1.56596,0.926527,0.717732,0.482838,0.37844,0.274043,0.104397,0.0652484,0.078298,0,0,0,0,0
78754,78780,78767,12.9,-154.517,71.6797,151.905,-59.947,365.287,7.22801,1.54337,100.363,0.195086,0.000628774,2.81964,1.61736,0.586829,0.615454,0.687019,0.372135,0.343509,0.143129,0.0286258,0,0.0143129,0,0,0,0
78781,78808,78794,12.8,-154.511,71.6801,154.365,-59.6437,364.135,6.99287,1.76186,136.825,0.232978,0.000821369,2.21656,1.57304,0.900922,0.743619,0.572014,0.40041,0.286007,0.171604,0.0572014,0.0429011,0.0143004,0.0143004,0,0,0
78809,78835,78822,12.7,-154.504,71.6809,156.847,-59.7311,362.319,7.70908,1.66235,104.632,0.188826,0.000708824,3.01784,1.47316,1.00118,0.514892,0.600708,0.529195,0.357564,0.171631,0.0143026,0.0286051,0,0,0,0,0
78836,78862,78849,12.6,-154.497,71.682,159.366,-59.4252,361.195,7.75517,1.69316,116.61,0.206614,0.000735896,2.89926,1.72813,0.899771,0.771233,0.542719,0.328488,0.314206,0.185667,0.0428463,0.0285642,0.0142821,0,0,0,0
78863,78889,78876,12.5,-154.49,71.683,161.865,-59.107,360.131,7.17987,1.55647,109.969,0.211959,0.000610615,2.6782,1.46731,0.925975,0.669551,0.626814,0.341898,0.313407,0.0997204,0.0142458,0.0142458,0.0142458,0.0142458,0,0,0
78890,78917,78904,12.4,-154.484,71.6836,164.422,-58.8682,358.926,7.69786,1.63405,112.119,0.205843,0.000645148,2.79922,1.81126,0.905631,0.631197,0.740971,0.343042,0.219547,0.192104,0.0274434,0,0.0274434,0,0,0,0
78918,78944,78931,12.3,-154.479,71.6837,166.852,-58.7423,357.624,7.30514,1.32521,74.8325,0.169405,0.000488619,2.91856,1.71269,0.978679,0.68158,0.367005,0.157288,0.349528,0.104858,0.0349528,0,0,0,0,0,0
78946,78973,78960,12.2,-154.474,71.6837,169.69,-58.4845,356.335,6.9731,1.22869,72.2273,0.176352,0.000445458,2.85897,1.98733,0.627579,0.453251,0.488117,0.244058,0.174327,0.104596,0,0.0348655,0,0,0,0,0
78975,79000,78988,12.1,-154.468,71.6838,172.52,-58.315,354.939,6.9262,1.42465,87.2903,0.183814,0.000568472,2.69352,1.37425,0.824547,0.577183,0.632153,0.412274,0.274849,0.0824547,0.0274849,0.0274849,0,0,0,0,0
79001,79029,79015,12,-154.462,71.684,175.157,-58.2389,353.533,8.28592,1.75722,126.835,0.216538,0.000736753,3.34842,1.88703,0.922234,0.709411,0.439835,0.454023,0.312141,0.0709411,0.0993175,0.0141882,0.0141882,0.0141882,0,0,0
79030,79056,79043,11.9,-154.454,71.6843,177.862,-58.2289,351.999,8.63911,1.79982,127.609,0.212703,0.00072795,3.5748,1.80159,1.0923,0.624172,0.595801,0.3972,0.283715,0.184415,0.0567429,0,0.0141857,0,0.0141857,0,0
79057,79083,79070,11.8,-154.447,71.6848,180.675,-58.0119,350.775,8.1905,1.51365,91.3517,0.181056,0.000571781,3.55677,1.71462,0.977759,0.651839,0.524305,0.396772,0.184215,0.127534,0.0141704,0.0425112,0,0,0,0,0
79084,79111,79098,11.7,-154.439,71.6849,183.464,-57.6526,349.83,8.72822,1.61333,99.3731,0.184785,0.000618464,3.52513,2.07278,1.14214,0.733227,0.54992,0.296111,0.183307,0.155106,0.0141005,0.0564021,0,0,0,0,0
79112,79140,79126,11.6,-154.432,71.6853,186.45,-57.761,348.049,8.50652,1.651,104.586,0.190041,0.000637431,3.45783,1.89326,1.20958,0.460167,0.617939,0.328691,0.381281,0.0920334,0.0394429,0.0131476,0.0131476,0,0,0,0
79141,79169,79155,11.5,-154.426,71.6858,189.428,-57.541,346.83,9.19801,1.87582,126.98,0.203079,0.000722805,3.45089,2.12565,1.10219,0.970974,0.603579,0.406759,0.367396,0.0787276,0.0393638,0.0262425,0.0262425,0,0,0,0
79170,79199,79184,11.4,-154.42,71.6864,192.412,-57.2947,345.671,9.40071,2.02057,146.095,0.216911,0.000810401,3.29405,2.30583,1.34296,0.823512,0.608132,0.392752,0.367413,0.164702,0.0506777,0.0126694,0,0.0380083,0,0,0
79200,79232,79216,11.3,-154.413,71.6871,195.513,-56.9079,344.715,9.51855,1.86366,121.062,0.194878,0.000694724,3.70166,2.09224,1.32202,0.793213,0.747229,0.356371,0.298892,0.126454,0.0459833,0.0114958,0.0229917,0,0,0,0
79233,79262,79248,11.2,-154.406,71.6879,198.617,-56.6867,343.522,8.8565,1.7098,99.1283,0.173929,0.000655113,3.32279,2.19815,1.06074,0.715677,0.575098,0.485638,0.242819,0.217259,0.0383398,0,0,0,0,0,0
79263,79292,79278,11.1,-154.398,71.6887,201.703,-56.7127,341.975,9.55881,1.79191,100.249,0.167835,0.000649419,3.91512,1.83198,1.28534,0.975088,0.531866,0.428448,0.443222,0.118192,0.0295481,0,0,0,0,0,0
79293,79325,79309,11,-154.39,71.6887,204.931,-56.4027,340.906,9.85833,1.8927,123.283,0.195407,0.000699607,4.20016,2.38098,0.896212,0.72232,0.601933,0.481547,0.428042,0.0802578,0.0401289,0,0.0133763,0.0133763,0,0,0
79326,79357,79342,10.9,-154.381,71.6887,208.363,-57.335,337.835,10.1871,2.14672,157.946,0.220726,0.000885279,4.14413,2.13444,1.41372,0.762298,0.679138,0.443519,0.304919,0.18018,0.0415799,0.0415799,0.0415799,0,0,0,0
79358,79386,79372,10.8,-154.373,71.6889,211.622,-57.5245,336.047,10.4175,1.92592,111.861,0.174246,0.000733273,4.36862,2.36761,1.29837,0.702645,0.626271,0.549896,0.198574,0.229123,0.0763745,0,0,0,0,0,0
79391,79416,79404,10.7,-154.366,71.6895,215.125,-57.9967,333.746,10.0857,1.48634,72.351,0.146032,0.000405845,4.65494,2.40136,1.44081,0.517215,0.517215,0.258608,0.221664,0.0369439,0.0369439,0,0,0,0,0,0
79421,79450,79436,10.6,-154.359,71.6903,218.807,-57.7744,332.464,10.878,1.74846,87.0379,0.149339,0.000505632,4.62245,2.65722,1.16253,0.941098,0.775022,0.332152,0.276794,0.110717,0,0,0,0,0,0,0
79451,79482,79466,10.5,-154.353,71.691,222.083,-57.8552,330.934,11.4189,2.15215,132.246,0.184344,0.000808894,5.07348,2.32951,1.27194,0.786031,0.843197,0.443036,0.428744,0.171498,0.0571659,0,0,0.0142915,0,0,0
79483,79514,79498,10.4,-154.346,71.692,225.552,-58.2969,328.8,11.1924,1.96837,106.329,0.162057,0.000653947,4.47139,2.54119,1.63858,0.86095,0.624883,0.527679,0.388816,0.124977,0,0.0138863,0,0,0,0,0
79515,79547,79531,10.3,-154.34,71.6926,229.117,-58.5564,326.937,12.0549,2.07612,110.255,0.159319,0.000682179,4.86238,2.842,1.62977,0.929375,0.862029,0.363668,0.350199,0.202038,0.0134692,0,0,0,0,0,0
79548,79581,79564,10.2,-154.333,71.6929,232.788,-57.9147,326.424,11.8325,2.07341,123.608,0.178848,0.000710924,5.00405,2.8669,1.47255,0.820977,0.781883,0.260628,0.443067,0.117282,0.0521255,0,0,0,0.0130314,0,0
79582,79613,79598,10.1,-154.324,71.6933,236.472,-58.0288,324.788,11.4077,1.92435,110.315,0.171978,0.000623178,4.75204,2.80676,1.50064,0.972639,0.583583,0.333476,0.277897,0.111159,0.0555794,0,0.0138948,0,0,0,0
79614,79647,79630,10,-154.314,71.6938,240.275,-58.5115,322.589,12.5791,2.38516,158.59,0.199471,0.000867021,5.54003,2.55493,1.65549,0.821227,0.847298,0.547485,0.325884,0.19553,0.0521414,0,0.0130354,0.0260707,0,0,0
79648,79681,79664,9.9,-154.306,71.6947,244.095,-57.8106,322.191,12.7758,2.13821,113.558,0.159326,0.000677309,5.40117,2.97324,1.63593,1.0257,0.68813,0.610228,0.285639,0.103869,0.0389507,0.0129836,0,0,0,0,0
79682,79714,79698,9.8,-154.299,71.6955,247.972,-58.0397,320.398,12.6534,2.10548,115.808,0.165009,0.000643758,5.12833,3.06628,1.86119,1.04441,0.682884,0.388307,0.294578,0.160679,0.0133899,0,0.0133899,0,0,0,0
79715,79746,79730,9.7,-154.292,71.6963,251.793,-56.849,320.764,12.8853,2.25527,126.565,0.168359,0.000720021,4.97553,3.14691,1.87114,0.96392,0.893043,0.524486,0.311856,0.170103,0.0141753,0,0.0141753,0,0,0,0
79747,79778,79762,9.6,-154.284,71.6971,255.655,-56.6303,319.698,13.5825,2.191,112.347,0.15383,0.00064724,5.58714,3.3165,1.84403,1.08715,0.894493,0.440366,0.220183,0.165137,0.0137614,0.0137614,0,0,0,0,0
79779,79804,79792,9.5,-154.276,71.6976,259.203,-56.64,318.43,14.5315,2.41483,131.829,0.163774,0.000797056,6.2618,3.28404,1.88875,1.34424,0.850788,0.323299,0.323299,0.153142,0.0850788,0.0170158,0,0,0,0,0
