data/B2SAP/Locations/Alaska/NOAA-POPS-B2SAP_GMLBalloon_20230319_R0.ict
61,1001
Thornberry, T. D.
NOAA Chemical Sciences Laboratory
Portable Optical Particle Spectrometer (POPS)
Balloon Baseline Stratospheric Aerosol Profiles (B2SAP)
1,1
2023,03,19,2024,05,28
0
TIME_START,s,Seconds since midnight UTC on flight start day,Start time of 100 m altitude bin in UTC_seconds_since_midnight
28
1.0,1.0,1.0,1.0,1.0,1.0,1.0,1.0,1.0,1.0,1.0,1.0,1.0,1.0,1.0,1.0,1.0,1.0,1.0,1.0,1.0,1.0,1.0,1.0,1.0,1.0,1.0,1.0
99999,99999,99999,99999,99999,99999,99999,99999,99999,99999,99999,99999,99999,99999,99999,99999,99999,99999,99999,99999,99999,99999,99999,99999,99999,99999,99999,99999
TIME_STOP,s,End time of 100 m altitude bin in UTC seconds since midnight,
TIME_MID,s,Mid time of 100 m altitude in UTC seconds since midnight,
GPSAlt,m,GPS reported altitude above sea level (m),
GPS_Lon,deg,GPS reported longitude,
GPS_Lat,deg,GPS reported latitude,
iMet_Pressure,mb,Pressure reported (mB),
iMet_Temperature,degrees C,Ambient temperature (oC),
THETA,K,Potential temperature from iMet,
Aerosol_concentration,cm^-3,Aerosol concentration,
Surface_Area_Conc,um^2 cm^-3,Surface area concentration,
Volume_density,um^3 cm^-3,Volume density,
Effective_radius,um,Effective radius,
Extinction,km^-1,Extinction,
Bin01,cm^-3,particle concentration in size range [140 - 170 nm],
Bin02,cm^-3,particle concentration in size range [170 - 205 nm],
Bin03,cm^-3,particle concentration in size range [205 - 249 nm],
Bin04,cm^-3,particle concentration in size range [249 - 302 nm],
Bin05,cm^-3,particle concentration in size range [302 - 366 nm],
Bin06,cm^-3,particle concentration in size range [366 - 443 nm],
Bin07,cm^-3,particle concentration in size range [443 - 537 nm],
Bin08,cm^-3,particle concentration in size range [537 - 651 nm],
Bin09,cm^-3,particle concentration in size range [651 - 789 nm],
Bin10,cm^-3,particle concentration in size range [789 - 956 nm],
Bin11,cm^-3,particle concentration in size range [956 - 1159 nm],
Bin12,cm^-3,particle concentration in size range [1159 - 1404 nm],
Bin13,cm^-3,particle concentration in size range [1404 - 1702 nm],
Bin14,cm^-3,particle concentration in size range [1702 - 2062 nm],
Bin15,cm^-3,particle concentration in size range [2062 - 2500 nm],
0
19
PI_CONTACT_INFO: 325 Broadway R/CSL6, Boulder, CO 80305; troy.thornberry@noaa.gov; 303-497-3373 
PLATFORM: GML ECC/FPH balloon
LOCATION: Utqiagvik, AL, USA
ASSOCIATED_DATA: N/A
INSTRUMENT_INFO: Printed Optical Particle Spectrometer counts particles from 140 - 2500 nm in diameter 
DATA_INFO: Particle concentrations reported in number per cubic centimeter, binned to 100 m altitude
UNCERTAINTY: Counting uncertainty dominated by air flow, less than 5 percent
ULOD_FLAG: -77777
ULOD_VALUE: 3000 ~3000 per cm3 (varies depending on flow rate- manufacturer quotes 1250  per cm3 at 1.667 cc/s)
LLOD_FLAG: -88888
LLOD_VALUE: 0 0 (varies depending on data field and measurement precision)
DM_CONTACT_INFO: Troy Thornberry, 325 Broadway R/CSL6, Boulder, CO 80305; troy.thornberry@noaa.gov; 303-497-3373
PROJECT_INFO: B2SAP Utqiagvik, AL, USA
STIPULATIONS_ON_USE: Please contact the PIs for questions regarding applications and uncertainties
OTHER_COMMENTS: POPS bin Edges (nm):  140, 170, 205, 249, 302, 366, 443, 537, 651, 789, 956, 1159, 1404, 1702, 2062, 2500
Calculations assume sulfate refractive index of 1.45+0.00j and extinction wavelength = 532 nm
REVISION: R0
R0: QA/QC data
TIME_START,TIME_STOP,TIME_MID,GPSAlt,GPS_Lon,GPS_Lat,iMet_Pressure,iMet_Temperature,THETA,Aerosol_concentration,Surface_Area_Conc,Volume_density,Effective_radius,Extinction,Bin01,Bin02,Bin03,Bin04,Bin05,Bin06,Bin07,Bin08,Bin09,Bin10,Bin11,Bin12,Bin13,Bin14,Bin15
[from data line 149]
69045,69067,69056,14.6,-156.801,71.7115,119.049,-56.5841,397.803,7.68504,2.83263,249.342,0.264075,0.00172512,1.79942,1.48078,0.955943,0.674784,0.805992,0.543576,0.693528,0.337392,0.299904,0.056232,0.018744,0.018744,0,0,0
69068,69090,69079,14.7,-156.8,71.7131,117.23,-56.4833,399.75,7.98071,2.49339,200.304,0.241003,0.00134723,2.05218,1.53534,1.1705,0.653658,0.775269,0.653658,0.699263,0.212819,0.152014,0.0456041,0.0304027,0,0,0,0
69091,69114,69102,14.8,-156.798,71.7147,115.382,-55.9868,402.483,7.94558,2.61535,209.775,0.240627,0.00144225,1.78062,1.59584,1.07509,0.722326,0.890308,0.58794,0.688729,0.419957,0.134386,0.0167983,0.0335965,0,0,0,0
69115,69137,69126,14.9,-156.796,71.716,113.671,-55.55,405.014,7.21367,2.18992,152.173,0.208464,0.0011503,1.77002,1.26907,0.768122,0.901709,0.768122,0.634536,0.601139,0.450854,0.0500949,0,0,0,0,0,0
69138,69159,69148,15,-156.793,71.7171,112.129,-55.4733,406.751,7.96414,2.48392,186.579,0.225345,0.00140362,1.97342,1.58578,1.05719,0.84575,0.599073,0.669552,0.634312,0.387635,0.176198,0.0352396,0,0,0,0,0
69168,69181,69174,15.1,-156.789,71.718,110.21,-55.5067,408.692,7.57767,2.41967,206.32,0.255803,0.00119085,1.79749,1.55078,0.740144,0.916369,0.881124,0.810634,0.528675,0.21147,0.035245,0.035245,0.0704899,0,0,0,0
69183,69202,69192,15.2,-156.785,71.7189,108.685,-54.751,411.743,7.20724,2.2785,190.292,0.250549,0.00126771,1.83342,1.45409,1.04315,0.695436,0.821879,0.316107,0.44255,0.410939,0.0948322,0.0632214,0.0316107,0,0,0,0
69208,69231,69220,15.3,-156.78,71.7203,106.907,-53.9967,415.129,7.42673,2.00022,137.275,0.205889,0.00099324,1.96546,1.56036,1.03524,0.900209,0.450105,0.60014,0.540126,0.315073,0.030007,0.030007,0,0,0,0,0
69232,69252,69242,15.4,-156.778,71.7221,105.35,-53.9652,416.927,7.64213,2.37938,195.142,0.246041,0.00129277,1.83171,1.63653,0.97591,0.915854,0.765714,0.52549,0.495462,0.240224,0.165154,0.060056,0.030028,0,0,0,0
69253,69274,69264,15.5,-156.776,71.7241,103.797,-53.8186,418.974,6.73436,1.91892,141.935,0.221898,0.000983522,1.73374,1.47583,0.845377,0.716421,0.644779,0.444181,0.487166,0.27224,0.0859705,0.0143284,0.0143284,0,0,0,0
69275,69297,69286,15.6,-156.774,71.7258,102.205,-54.1922,420.12,6.43898,1.60301,103.136,0.193017,0.000715892,1.73728,1.35122,0.910006,0.592883,0.74455,0.565307,0.303335,0.179244,0.0413639,0.013788,0,0,0,0,0
69298,69319,69308,15.7,-156.773,71.7273,100.693,-54.3059,421.692,6.83775,1.77152,128.499,0.217609,0.000862034,2.10993,1.41965,0.924724,0.651214,0.573069,0.468874,0.351656,0.234437,0.0651214,0.0260486,0.0130243,0,0,0,0
69320,69341,69330,15.8,-156.771,71.7287,99.1373,-54.9091,422.398,6.48264,1.7486,126.358,0.216788,0.000865487,1.89986,1.36071,0.795889,0.577661,0.680357,0.372271,0.513477,0.179717,0.0770215,0.0128369,0.0128369,0,0,0,0
69342,69363,69352,15.9,-156.769,71.7298,97.6645,-55.2168,423.616,6.66768,1.83346,128.202,0.209771,0.000928821,1.76346,1.31294,1.02976,0.630727,0.617855,0.527751,0.424775,0.25744,0.0772319,0.025744,0,0,0,0,0
69364,69385,69374,16,-156.769,71.7312,96.2,-55.2205,425.444,6.61396,1.85771,142.064,0.229417,0.000959505,1.94301,1.28676,0.926469,0.527573,0.720587,0.48897,0.386029,0.167279,0.102941,0.0514705,0.0128676,0,0,0,0
69386,69409,69398,16.1,-156.767,71.7326,94.7171,-55.065,427.635,6.45722,1.56693,99.5771,0.190648,0.000708724,1.90195,1.43233,0.751386,0.692684,0.622242,0.410914,0.387433,0.223068,0.0352212,0,0,0,0,0,0
69410,69431,69420,16.2,-156.766,71.734,93.2786,-55.1873,429.271,6.46907,1.97487,164.437,0.249794,0.00102515,1.93816,1.10385,0.744457,0.782963,0.539089,0.539089,0.487748,0.166861,0.0898482,0.0385064,0.0256709,0.0128355,0,0,0
69432,69454,69443,16.3,-156.766,71.7355,91.8787,-54.9396,431.624,5.94638,1.84453,149.624,0.243353,0.000980147,1.60945,0.933729,0.860014,0.651153,0.712583,0.430007,0.356291,0.245718,0.0737155,0.0491436,0.0245718,0,0,0,0
69455,69476,69466,16.4,-156.765,71.737,90.4755,-54.5914,434.211,6.08584,1.84846,143.105,0.232255,0.00100407,1.52788,1.24542,0.757521,0.706163,0.616288,0.398019,0.410859,0.256787,0.128393,0.0256787,0.0128393,0,0,0,0
69477,69498,69488,16.5,-156.765,71.7392,89.1595,-54.6164,435.984,5.9196,1.60161,111.054,0.208018,0.000791703,1.47669,1.20703,0.860332,0.719084,0.590676,0.410905,0.372383,0.179771,0.0770447,0.0256816,0,0,0,0,0
69499,69521,69510,16.6,-156.763,71.7418,87.8422,-54.7726,437.535,5.71761,1.89164,147.594,0.234073,0.00111085,1.5124,0.873012,0.799236,0.602501,0.528725,0.405766,0.528725,0.295103,0.122959,0.0491838,0,0,0,0,0
69522,69544,69533,16.7,-156.761,71.7446,86.5065,-54.5365,439.922,5.63314,1.67031,135.799,0.243905,0.00091129,1.60772,1.15363,0.711813,0.576814,0.552269,0.331361,0.368179,0.171817,0.0613632,0.0859085,0.0122726,0,0,0,0
69545,69566,69556,16.8,-156.759,71.7474,85.2052,-53.821,443.279,5.87638,2.28817,214.052,0.280642,0.00136997,1.2315,1.07087,0.776379,0.629134,0.64252,0.414961,0.588977,0.240945,0.147244,0.080315,0.0535433,0,0,0,0
69567,69588,69578,16.9,-156.757,71.7504,83.9314,-52.8438,447.181,5.26215,1.73466,133.625,0.231097,0.000944697,1.10572,0.985821,0.599486,0.639451,0.639451,0.492911,0.412979,0.266438,0.0932533,0.0133219,0.0133219,0,0,0,0
69589,69610,69600,17,-156.753,71.7533,82.7257,-52.0533,450.637,5.56732,1.89566,146.686,0.23214,0.00108478,1.14543,1.03888,0.692585,0.532758,0.719223,0.479482,0.586033,0.226422,0.0799136,0.0665947,0,0,0,0,0
69611,69632,69622,17.1,-156.749,71.756,81.4355,-51.6332,453.527,5.43338,1.75613,136.751,0.233612,0.00100324,1.36466,0.884504,0.808689,0.568609,0.555974,0.32853,0.555974,0.24008,0.0505431,0.0758146,0,0,0,0,0
69633,69654,69644,17.2,-156.746,71.7584,80.2343,-51.3119,456.122,5.36564,1.6346,129.285,0.237278,0.000868176,1.25861,1.09963,0.741916,0.675674,0.516692,0.370958,0.35771,0.225225,0.052994,0.052994,0,0.0132485,0,0,0
69655,69675,69665,17.3,-156.744,71.7608,79.0574,-51.4621,457.735,5.53147,1.7229,135.89,0.236618,0.0008825,1.36092,0.995079,0.658508,0.658508,0.643875,0.482906,0.409739,0.204869,0.0878011,0,0.029267,0,0,0,0
69676,69697,69686,17.4,-156.741,71.7632,77.947,-50.3555,461.884,5.92167,1.70566,120.669,0.212239,0.000903207,1.58096,1.17879,0.748876,0.568591,0.582459,0.471515,0.416042,0.249625,0.124813,0,0,0,0,0,0
69698,69720,69709,17.5,-156.736,71.7658,76.7481,-50.6005,463.429,5.80819,1.73521,123.744,0.21394,0.000920284,1.53399,1.04888,0.707996,0.524441,0.62933,0.550663,0.498219,0.196665,0.104888,0.013111,0,0,0,0,0
69721,69743,69732,17.6,-156.731,71.7683,75.6648,-50.2795,465.98,5.01218,1.73316,132.207,0.228843,0.00100899,1.05707,0.795773,0.688878,0.546352,0.546352,0.498843,0.498843,0.190035,0.178158,0.0118772,0,0,0,0,0
69744,69766,69755,17.7,-156.725,71.7709,74.5195,-50.3391,467.894,5.1399,1.64965,116.911,0.212611,0.000887703,1.12329,0.87367,0.567318,0.578664,0.692128,0.476547,0.465201,0.295005,0.0680782,0,0,0,0,0,0
69767,69789,69778,17.8,-156.718,71.7736,73.4396,-50.8409,468.793,5.09027,1.54742,108.469,0.210291,0.000789379,1.03328,0.913639,0.685229,0.641723,0.641723,0.511203,0.380683,0.217533,0.0435066,0.0217533,0,0,0,0,0
69790,69809,69800,17.9,-156.712,71.7761,72.3395,-51.474,469.47,5.18234,1.56764,111.419,0.213223,0.000767789,1.10691,0.867916,0.817602,0.566032,0.528297,0.57861,0.50314,0.176099,0.025157,0,0.0125785,0,0,0,0
69810,69830,69820,18,-156.706,71.7786,71.3176,-51.6543,471.007,5.39202,1.71743,124.991,0.218335,0.000938528,1.07601,0.980367,0.812987,0.60974,0.633652,0.478228,0.370626,0.322804,0.0956455,0.0119557,0,0,0,0,0
69831,69851,69841,18.1,-156.7,71.7811,70.282,-51.3625,473.601,5.03136,1.57748,113.455,0.215765,0.000866143,1.30489,0.878292,0.526975,0.526975,0.514428,0.439146,0.526975,0.213299,0.100376,0,0,0,0,0,0
69852,69873,69862,18.2,-156.694,71.7834,69.2327,-51.8114,474.671,4.99241,1.60057,118.363,0.221852,0.000842569,1.131,0.822549,0.605487,0.594063,0.55979,0.47982,0.525517,0.194213,0.0685457,0,0.0114243,0,0,0,0
69874,69894,69884,18.3,-156.688,71.7853,68.1933,-52.0514,476.221,4.65317,1.3293,94.2785,0.21277,0.000697581,1.07934,1.07934,0.683585,0.39576,0.467716,0.311811,0.359782,0.191883,0.0719563,0.0119927,0,0,0,0,0
69895,69916,69906,18.4,-156.683,71.787,67.1642,-51.9032,478.61,4.36387,1.13411,73.1034,0.193376,0.000509895,1.16724,0.795843,0.583618,0.477506,0.477506,0.464241,0.238753,0.145904,0,0.013264,0,0,0,0,0
69917,69937,69927,18.5,-156.679,71.7885,66.172,-51.494,481.533,4.49694,1.32097,92.4679,0.21,0.00067984,1.1682,0.816484,0.540136,0.414523,0.502452,0.452207,0.401961,0.125613,0.0628065,0.0125613,0,0,0,0,0
69938,69958,69948,18.6,-156.673,71.7899,65.2337,-51.3484,483.831,4.01471,1.10548,75.1477,0.203932,0.000545287,1.05999,0.741992,0.569744,0.423996,0.397496,0.317997,0.304747,0.172248,0.0132499,0.0132499,0,0,0,0,0
69960,69980,69970,18.7,-156.668,71.7912,64.2676,-51.2624,486.078,4.12025,1.03685,65.737,0.190202,0.000466114,1.13456,0.704622,0.656851,0.513538,0.382168,0.298569,0.286626,0.119428,0.0238855,0,0,0,0,0,0
70003,70023,70013,18.9,-156.659,71.7924,62.4361,-51.6483,489.265,4.45165,1.374,107.116,0.233878,0.000736539,1.03592,0.993923,0.559956,0.475963,0.377971,0.391969,0.307976,0.209984,0.0699946,0.0139989,0.0139989,0,0,0,0
70024,70045,70034,19,-156.655,71.793,61.4981,-51.4519,491.812,4.71936,1.24006,83.0862,0.201005,0.000610699,1.30893,0.852608,0.780557,0.576411,0.348248,0.240171,0.372265,0.192137,0.0480342,0,0,0,0,0,0
70046,70066,70056,19.1,-156.653,71.7941,60.6089,-51.6306,493.47,3.95127,1.06691,75.6079,0.212599,0.000550443,1.32178,0.717134,0.379659,0.393721,0.393721,0.281229,0.267168,0.112492,0.0703073,0.0140615,0,0,0,0,0
70068,70086,70077,19.2,-156.652,71.7957,59.7416,-51.8342,495.052,4.22575,1.02765,62.9711,0.18383,0.000440659,1.28899,0.797312,0.504964,0.345502,0.54483,0.332213,0.332213,0.0664426,0.0132885,0,0,0,0,0,0
70088,70109,70098,19.3,-156.65,71.7974,58.8524,-51.6443,497.597,3.81198,1.04388,76.2204,0.21905,0.000503372,1.22657,0.601258,0.444931,0.456956,0.300629,0.34873,0.288604,0.0841762,0.0481007,0,0.0120252,0,0,0,0
70131,70147,70139,19.5,-156.646,71.8011,57.1644,-51.6287,501.791,4.04258,1.11105,72.1516,0.19482,0.000526648,0.931688,0.821149,0.521114,0.489531,0.410575,0.363201,0.315827,0.189496,0,0,0,0,0,0,0
70167,70185,70176,19.7,-156.642,71.8045,55.5258,-52.7553,503.411,3.56655,1.05889,75.8511,0.214898,0.000562512,0.91175,0.576548,0.522915,0.388834,0.455875,0.187713,0.28157,0.187713,0.0402243,0.0134081,0,0,0,0,0
70205,70222,70214,19.9,-156.635,71.808,53.9133,-53.3983,506.18,3.71864,1.02131,68.4586,0.20109,0.000509153,1.0503,0.695471,0.454185,0.383219,0.354832,0.241286,0.383219,0.12774,0.0283866,0,0,0,0,0,0
70223,70243,70233,20,-156.632,71.8095,53.1333,-53.47,508.131,3.16681,0.792908,49.3016,0.186535,0.000347974,0.873603,0.570269,0.412535,0.400401,0.364001,0.194134,0.279068,0.0606669,0.0121334,0,0,0,0,0,0
70244,70263,70254,20.1,-156.629,71.8112,52.3306,-53.3917,510.518,3.35166,0.801655,50.1808,0.187789,0.000353459,0.961658,0.664676,0.523255,0.367693,0.311125,0.197988,0.197988,0.113136,0.014142,0,0,0,0,0,0
70264,70284,70274,20.2,-156.627,71.8133,51.572,-53.6,512.179,3.55362,0.840641,52.6673,0.187954,0.0003671,1.07232,0.735662,0.461347,0.374065,0.349128,0.274314,0.149626,0.11222,0.0249377,0,0,0,0,0,0
70285,70306,70296,20.3,-156.624,71.8157,50.8111,-53.0121,515.73,3.29065,0.727894,42.7391,0.176148,0.000290378,1.09688,0.67785,0.431359,0.221842,0.332763,0.283465,0.184868,0.0616227,0,0,0,0,0,0,0
70307,70328,70318,20.4,-156.621,71.8183,50.0832,-52.6968,518.596,3.20401,0.752147,45.9653,0.183336,0.000319249,0.982072,0.638347,0.392829,0.380553,0.27007,0.245518,0.220966,0.0613795,0.0122759,0,0,0,0,0,0
70329,70350,70340,20.5,-156.618,71.8215,49.3,-52.3805,521.696,2.93686,0.689489,40.486,0.176157,0.000274865,0.746453,0.624083,0.416055,0.428292,0.183554,0.269212,0.244739,0.0244739,0,0,0,0,0,0,0
70351,70372,70362,20.6,-156.614,71.8244,48.6305,-52.435,523.602,2.95307,0.68518,41.3619,0.181099,0.000286568,0.846758,0.645653,0.412795,0.285781,0.296365,0.201105,0.179936,0.0846758,0,0,0,0,0,0,0
70373,70394,70384,20.7,-156.61,71.8273,47.9437,-52.2153,526.251,2.70447,0.635212,38.5923,0.182265,0.000268929,0.765648,0.555712,0.358126,0.407522,0.172888,0.172888,0.197586,0.0740949,0,0,0,0,0,0,0
70395,70415,70405,20.8,-156.607,71.8304,47.2873,-52.026,528.796,2.56832,0.470605,24.9327,0.158941,0.000155937,1.04925,0.563778,0.234907,0.266228,0.140944,0.172265,0.140944,0,0,0,0,0,0,0,0
70416,70436,70426,20.9,-156.603,71.8338,46.5716,-51.9863,531.192,2.64823,0.598625,34.9698,0.175251,0.000235449,0.779618,0.55687,0.296997,0.321747,0.309372,0.173248,0.160874,0.0494996,0,0,0,0,0,0,0
70437,70456,70446,21,-156.599,71.8374,45.8794,-51.3918,534.899,2.76872,0.534643,29.4594,0.165303,0.000189006,0.96001,0.681746,0.361743,0.236524,0.194785,0.180871,0.111305,0.0417396,0,0,0,0,0,0,0
70457,70474,70466,21.1,-156.595,71.8408,45.2467,-50.9961,537.996,2.40833,0.501232,28.5434,0.170839,0.000184824,0.780721,0.46314,0.383744,0.251419,0.224954,0.158791,0.119093,0.0132326,0.0132326,0,0,0,0,0,0
70475,70493,70484,21.2,-156.591,71.8437,44.6132,-51.0458,540.039,2.50014,0.550217,33.1918,0.180975,0.000228982,0.875684,0.418806,0.431497,0.190366,0.24113,0.11422,0.177675,0.0380732,0.0126911,0,0,0,0,0,0
70494,70511,70502,21.3,-156.587,71.8464,43.9689,-51.5017,541.17,2.27869,0.495552,28.2094,0.170776,0.000183118,0.651056,0.393346,0.461164,0.217019,0.244146,0.189891,0.0678183,0.0542546,0,0,0,0,0,0,0
70512,70529,70520,21.4,-156.583,71.8489,43.3478,-52.2094,541.651,2.41764,0.48657,26.5115,0.16346,0.000167714,0.728039,0.576937,0.274732,0.288468,0.329678,0.0686829,0.123629,0.0274732,0,0,0,0,0,0,0
70530,70547,70538,21.5,-156.58,71.852,42.7183,-52.2011,543.932,2.50272,0.616801,38.5944,0.187716,0.000266043,0.639583,0.528351,0.333695,0.291983,0.27808,0.236368,0.125136,0.0417119,0.027808,0,0,0,0,0,0
70548,70564,70556,21.6,-156.576,71.8552,42.108,-52.096,546.431,2.43503,0.495343,27.6221,0.167291,0.000178814,0.755699,0.554179,0.319073,0.335866,0.184726,0.117553,0.134346,0.0335866,0,0,0,0,0,0,0
70569,70583,70576,21.7,-156.571,71.8593,41.43,-51.9317,549.388,2.04027,0.358057,17.7972,0.149115,0.000101718,0.680089,0.467561,0.38255,0.191275,0.106264,0.14877,0.0637584,0,0,0,0,0,0,0,0
70584,70597,70590,21.8,-156.566,71.8625,40.9462,-52.02,551.007,2.65029,0.517481,27.0192,0.156639,0.000164468,0.766349,0.478968,0.606693,0.223518,0.351243,0.0638624,0.159656,0,0,0,0,0,0,0,0
70598,70620,70609,21.9,-156.56,71.8659,40.2967,-52.4933,552.35,2.22748,0.490589,31.0924,0.190133,0.000210901,0.735285,0.410894,0.302764,0.346016,0.21626,0.0648781,0.0648781,0.0432521,0.0432521,0,0,0,0,0,0
70621,70638,70630,22,-156.553,71.8689,39.7347,-52.6941,554.069,2.08966,0.466894,27.6042,0.177369,0.000188118,0.645337,0.476321,0.291938,0.138287,0.184382,0.199747,0.107556,0.0460955,0,0,0,0,0,0,0
70639,70656,70648,22.1,-156.547,71.8719,39.1871,-52.8076,555.976,2.07165,0.44527,26.2811,0.177069,0.000180221,0.638629,0.46729,0.358255,0.186916,0.124611,0.109034,0.140187,0.046729,0,0,0,0,0,0,0
70662,70676,70669,22.2,-156.541,71.8752,38.5992,-53.3925,556.901,1.91739,0.3617,19.2433,0.159608,0.000116527,0.579676,0.379019,0.356723,0.312133,0.156066,0.0445904,0.0445904,0.0445904,0,0,0,0,0,0,0
70677,70697,70687,22.3,-156.534,71.8781,38.0614,-53.9736,557.666,2.16042,0.537759,33.5386,0.187102,0.000239532,0.636553,0.443658,0.270053,0.192895,0.173605,0.212184,0.173605,0.0578685,0,0,0,0,0,0,0
70698,70711,70704,22.4,-156.529,71.8805,37.6317,-54.28,558.689,1.77966,0.339967,19.5623,0.172626,0.000132265,0.684485,0.501956,0.136897,0.136897,0.136897,0.0456324,0.0912647,0.0456324,0,0,0,0,0,0,0
70712,70736,70724,22.5,-156.521,71.8841,36.9882,-54.6382,560.532,1.90733,0.572101,37.7013,0.197699,0.000281354,0.501929,0.301158,0.150579,0.200772,0.225868,0.225868,0.250965,0.0501929,0,0,0,0,0,0,0
70743,70755,70749,22.6,-156.515,71.8873,36.3588,-54.615,563.35,2.35064,0.652031,44.8146,0.206192,0.000334045,0.84202,0.456094,0.105253,0.105253,0.280673,0.280673,0.175421,0.0701683,0.0350842,0,0,0,0,0,0
