data/B2SAP/Locations/Alaska/NOAA-POPS-B2SAP_GMLBalloon_20230315_R0.ict
61,1001
Thornberry, T. D.
NOAA Chemical Sciences Laboratory
Portable Optical Particle Spectrometer (POPS)
Balloon Baseline Stratospheric Aerosol Profiles (B2SAP)
1,1
2023,03,15,2024,05,28
0
TIME_START,s,Seconds since midnight UTC on flight start day,Start time of 100 m altitude bin in UTC_seconds_since_midnight
28
1.0,1.0,1.0,1.0,1.0,1.0,1.0,1.0,1.0,1.0,1.0,1.0,1.0,1.0,1.0,1.0,1.0,1.0,1.0,1.0,1.0,1.0,1.0,1.0,1.0,1.0,1.0,1.0
99999,99999,99999,99999,99999,99999,99999,99999,99999,99999,99999,99999,99999,99999,99999,99999,99999,99999,99999,99999,99999,99999,99999,99999,99999,99999,99999,99999
TIME_STOP,s,End time of 100 m altitude bin in UTC seconds since midnight,
TIME_MID,s,Mid time of 100 m altitude in UTC seconds since midnight,
GPSAlt,m,GPS reported altitude above sea level (m),
GPS_Lon,deg,GPS reported longitude,
GPS_Lat,deg,GPS reported latitude,
iMet_Pressure,mb,Pressure reported (mB),
iMet_Temperature,degrees C,Ambient temperature (oC),
THETA,K,Potential temperature from iMet,
Aerosol_concentration,cm^-3,Aerosol concentration,
Surface_Area_Conc,um^2 cm^-3,Surface area concentration,
Volume_density,um^3 cm^-3,Volume density,
Effective_radius,um,Effective radius,
Extinction,km^-1,Extinction,
Bin01,cm^-3,particle concentration in size range [140 - 170 nm],
Bin02,cm^-3,particle concentration in size range [170 - 205 nm],
Bin03,cm^-3,particle concentration in size range [205 - 249 nm],
Bin04,cm^-3,particle concentration in size range [249 - 302 nm],
Bin05,cm^-3,particle concentration in size range [302 - 366 nm],
Bin06,cm^-3,particle concentration in size range [366 - 443 nm],
Bin07,cm^-3,particle concentration in size range [443 - 537 nm],
Bin08,cm^-3,particle concentration in size range [537 - 651 nm],
Bin09,cm^-3,particle concentration in size range [651 - 789 nm],
Bin10,cm^-3,particle concentration in size range [789 - 956 nm],
Bin11,cm^-3,particle concentration in size range [956 - 1159 nm],
Bin12,cm^-3,particle concentration in size range [1159 - 1404 nm],
Bin13,cm^-3,particle concentration in size range [1404 - 1702 nm],
Bin14,cm^-3,particle concentration in size range [1702 - 2062 nm],
Bin15,cm^-3,particle concentration in size range [2062 - 2500 nm],
0
19
PI_CONTACT_INFO: 325 Broadway R/CSL6, Boulder, CO 80305; troy.thornberry@noaa.gov; 303-497-3373 
PLATFORM: GML ECC/FPH balloon
LOCATION: Utqiagvik, AL, USA
ASSOCIATED_DATA: N/A
INSTRUMENT_INFO: Printed Optical Particle Spectrometer counts particles from 140 - 2500 nm in diameter 
DATA_INFO: Particle concentrations reported in number per cubic centimeter, binned to 100 m altitude
UNCERTAINTY: Counting uncertainty dominated by air flow, less than 5 percent
ULOD_FLAG: -77777
ULOD_VALUE: 3000 ~3000 per cm3 (varies depending on flow rate- manufacturer quotes 1250  per cm3 at 1.667 cc/s)
LLOD_FLAG: -88888
LLOD_VALUE: 0 0 (varies depending on data field and measurement precision)
DM_CONTACT_INFO: Troy Thornberry, 325 Broadway R/CSL6, Boulder, CO 80305; troy.thornberry@noaa.gov; 303-497-3373
PROJECT_INFO: B2SAP Utqiagvik, AL, USA
STIPULATIONS_ON_USE: Please contact the PIs for questions regarding applications and uncertainties
OTHER_COMMENTS: POPS bin Edges (nm):  140, 170, 205, 249, 302, 366, 443, 537, 651, 789, 956, 1159, 1404, 1702, 2062, 2500
Calculations assume sulfate refractive index of 1.45+0.00j and extinction wavelength = 532 nm
REVISION: R0
R0: QA/QC data
TIME_START,TIME_STOP,TIME_MID,GPSAlt,GPS_Lon,GPS_Lat,iMet_Pressure,iMet_Temperature,THETA,Aerosol_concentration,Surface_Area_Conc,Volume_density,Effective_radius,Extinction,Bin01,Bin02,Bin03,Bin04,Bin05,Bin06,Bin07,Bin08,Bin09,Bin10,Bin11,Bin12,Bin13,Bin14,Bin15
[from data line 326]
82896,82904,82900,16.3,-155.438,71.8015,87.7175,-54.41,438.429,5.98965,0.914539,41.5954,0.136447,0.000214073,1.72202,2.09638,1.12306,0.449224,0.224612,0.224612,0.149741,0,0,0,0,0,0,0,0
82912,82912,82912,16.2,-155.435,71.8026,88.75,-54.29,437.209,5.95307,0.707078,24.6861,0.104739,6.80407e-05,2.67888,0.89296,1.48827,0.89296,0,0,0,0,0,0,0,0,0,0,0
82940,82955,82948,16,-155.428,71.8046,91.628,-54.04,433.73,4.85964,0.880363,47.22,0.160911,0.000291528,1.67987,1.07992,0.779942,0.659951,0.299978,0.119991,0.119991,0.119991,0,0,0,0,0,0,0
82962,82970,82966,15.9,-155.425,71.8055,93.06,-53.7075,432.473,5.34354,0.858782,41.9945,0.1467,0.000236028,1.78118,1.63275,0.89059,0.296863,0.445295,0.148432,0.0742158,0.0742158,0,0,0,0,0,0,0
82976,82989,82982,15.8,-155.422,71.8064,94.4667,-54.0944,429.871,5.54558,0.967504,48.7173,0.151061,0.000280359,2.05884,1.02942,0.830176,0.763762,0.531313,0.132828,0.132828,0.0664141,0,0,0,0,0,0,0
82994,83007,83000,15.7,-155.419,71.8073,95.9887,-54.695,426.731,5.56084,1.1337,64.7562,0.171359,0.000415193,1.87866,1.08962,0.826611,0.526025,0.638745,0.338159,0.150293,0.0751464,0.0375732,0,0,0,0,0,0
83009,83026,83018,15.6,-155.417,71.808,97.4213,-55.15,424.045,5.19992,1.17892,71.6344,0.182288,0.000486803,1.72084,0.7856,0.710781,0.7856,0.523733,0.261867,0.261867,0.112229,0.0374095,0,0,0,0,0,0
83029,83043,83036,15.5,-155.414,71.8091,99.0775,-55.2875,421.747,5.2027,1.10505,69.2089,0.187889,0.000469026,1.73423,1.28182,0.52781,0.754014,0.301606,0.301606,0.0754014,0.150803,0.0754014,0,0,0,0,0,0
83049,83061,83055,15.4,-155.412,71.8102,100.737,-54.81,420.664,7.17998,1.22046,58.5875,0.144013,0.000318747,2.39333,1.84939,1.19666,0.43515,0.652725,0.543938,0.108788,0,0,0,0,0,0,0,0
83067,83077,83072,15.3,-155.411,71.811,102.165,-54.78,419.031,6.05536,1.34982,97.5076,0.216712,0.000620472,2.30274,1.10873,0.597007,1.10873,0.341147,0.25586,0.170574,0,0.0852868,0.0852868,0,0,0,0,0
83081,83093,83087,15.2,-155.41,71.8117,103.55,-54.69,417.6,5.61673,1.11461,58.5181,0.157502,0.000348616,1.33732,1.53791,0.735524,0.802389,0.668658,0.334329,0.133732,0.0668658,0,0,0,0,0,0,0
83098,83113,83106,15.1,-155.408,71.8125,105.237,-54.6757,415.708,5.84138,1.37847,90.4112,0.196765,0.000652591,2.17241,0.965517,0.724138,0.675862,0.482759,0.241379,0.241379,0.289655,0.0482759,0,0,0,0,0,0
83118,83132,83125,15,-155.406,71.8132,107.09,-55.5267,412.017,6.59977,1.3511,77.0139,0.171003,0.000492445,2.02493,1.34995,1.04996,0.899969,0.562481,0.374987,0.187494,0.112496,0.0374987,0,0,0,0,0,0
83133,83149,83141,14.9,-155.404,71.8136,108.513,-55.906,409.756,6.01085,1.3975,89.4905,0.192109,0.000618933,1.66402,1.32442,0.781071,1.01879,0.509394,0.203758,0.271677,0.135838,0.101879,0,0,0,0,0,0
83151,83167,83159,14.8,-155.401,71.814,110.261,-56.05,407.624,6.11938,1.51862,100.007,0.197562,0.000716121,1.78482,1.24654,0.934905,0.62327,0.509948,0.424957,0.311635,0.198313,0.0849914,0,0,0,0,0,0
83169,83183,83176,14.7,-155.399,71.8142,111.727,-56.2733,405.669,5.9042,1.24363,68.6459,0.165594,0.000431882,1.71967,1.0318,0.974479,0.74519,0.802512,0.343934,0.171967,0.114645,0,0,0,0,0,0,0
83189,83201,83195,14.6,-155.397,71.8145,113.58,-56.38,403.56,5.77608,1.43416,95.0952,0.198922,0.000668216,0.792795,2.15187,0.792795,0.679538,0.566282,0.339769,0.113256,0.226513,0.113256,0,0,0,0,0,0
83203,83217,83210,14.5,-155.396,71.8147,115.145,-56.03,402.64,6.47237,1.3679,79.8986,0.175229,0.000525503,1.61809,1.61809,1.19228,0.596139,0.93679,0.170325,0,0.340651,0,0,0,0,0,0,0
83230,83240,83235,14.4,-155.392,71.8146,117.61,-56.18,399.94,6.13594,1.61207,102.405,0.190573,0.000723645,1.87487,0.511328,1.02266,0.852214,0.681771,0.681771,0.170443,0.340886,0,0,0,0,0,0,0
83243,83261,83252,14.3,-155.389,71.8146,119.393,-56.125,398.315,6.73079,1.80802,128.369,0.213,0.000894259,1.73879,1.17789,1.29007,0.673079,0.729169,0.504809,0.22436,0.28045,0.0560899,0.0560899,0,0,0,0,0
83264,83279,83272,14.2,-155.386,71.8148,121.206,-56.1229,396.609,7.02712,2.07207,155.704,0.225432,0.00108941,1.78084,1.2514,0.962619,0.52944,1.34767,0.336916,0.481309,0.144393,0.0962619,0.0962619,0,0,0,0,0
83283,83300,83292,14.1,-155.382,71.815,123.147,-56.6775,393.809,7.3133,2.1262,159.784,0.22545,0.00115996,1.30294,1.80731,1.47107,0.798579,0.714518,0.378274,0.252183,0.336244,0.210152,0.0420305,0,0,0,0,0
83302,83320,83311,14,-155.379,71.8152,124.979,-56.405,392.649,6.56807,2.18898,163.588,0.224198,0.00121986,1.52549,0.974617,0.593245,0.932242,0.932242,0.593245,0.466121,0.423746,0.0847493,0.0423746,0,0,0,0,0
83329,83341,83335,13.9,-155.375,71.8153,127.142,-56.184,391.114,7.65841,1.61204,90.323,0.168091,0.000582113,2.50762,1.55879,0.542189,1.21992,1.0166,0.338868,0.338868,0.135547,0,0,0,0,0,0,0
83365,83383,83374,13.7,-155.369,71.8152,130.864,-56.78,386.847,7.10369,1.62391,91.9306,0.169832,0.000597017,2.18575,0.956266,0.751352,1.16118,1.09288,0.478133,0.409828,0.0683047,0,0,0,0,0,0,0
83391,83406,83398,13.6,-155.365,71.815,133.278,-57.102,384.26,6.97509,1.84775,127.42,0.206878,0.000857306,1.89614,1.15123,0.94807,0.880351,0.880351,0.609474,0.474035,0,0.0677193,0.0677193,0,0,0,0,0
83407,83425,83416,13.5,-155.363,71.8147,134.89,-57.1182,382.903,7.5386,1.92185,125.769,0.196324,0.00085077,2.15389,1.10771,0.984634,0.984634,1.13848,0.615396,0.338468,0.0923094,0.0923094,0.0307698,0,0,0,0,0
83429,83448,83438,13.4,-155.361,71.814,136.963,-56.632,382.101,7.01283,1.82293,118.003,0.194198,0.00081632,1.56597,1.53193,0.748943,0.885114,1.22554,0.544686,0.2383,0.136171,0.136171,0,0,0,0,0,0
83449,83466,83458,13.3,-155.358,71.813,138.985,-56.8283,380.164,9.21779,2.78286,253.855,0.273662,0.00131464,1.97928,1.92273,1.86618,1.35722,0.452407,0.735161,0.508958,0.169653,0.0565509,0.0565509,0.113102,0,0,0,0
83473,83493,83483,13.2,-155.354,71.8118,141.615,-57.0375,377.769,8.21407,1.99581,121.87,0.183189,0.000832601,2.08544,1.4896,1.14912,1.23424,1.064,0.510719,0.4256,0.2128,0.04256,0,0,0,0,0,0
83495,83515,83505,13.1,-155.35,71.811,143.863,-57.0557,376.032,7.92882,2.14496,161.775,0.226263,0.00111631,1.88551,2.03055,1.01528,0.918583,1.06362,0.338425,0.145039,0.290079,0.145039,0.096693,0,0,0,0,0
83522,83537,83530,13,-155.347,71.8104,146.493,-56.3375,375.339,10.5028,2.20261,140.216,0.190977,0.000965468,3.89619,2.2869,1.4399,0.762299,1.1858,0.2541,0.1694,0.338799,0.1694,0,0,0,0,0,0
83540,83560,83550,12.9,-155.345,71.8101,148.515,-56.0327,374.4,7.90239,1.94611,138.142,0.212951,0.000943621,2.1968,1.76965,1.28147,0.823802,0.915335,0.274601,0.274601,0.152556,0.152556,0.0610223,0,0,0,0,0
83561,83583,83572,12.8,-155.343,71.8096,150.673,-55.9423,373.018,8.43602,2.24988,168.705,0.224953,0.00103357,2.48503,1.60219,0.899188,1.17712,0.850141,0.653955,0.457768,0.179838,0.0653955,0.0326977,0.0163489,0.0163489,0,0,0
83584,83606,83595,12.7,-155.34,71.809,152.886,-56.0512,371.27,8.24493,2.25947,178.941,0.237589,0.00115002,2.548,1.49034,1.29804,0.889395,0.697093,0.504792,0.31249,0.31249,0.0961508,0.0721131,0,0.0240377,0,0,0
83613,83628,83620,12.6,-155.337,71.8081,155.65,-55.8287,369.757,9.35068,2.44423,165.809,0.203511,0.00119622,2.31357,2.12077,1.54238,0.867588,0.819389,0.77119,0.433794,0.289196,0.192797,0,0,0,0,0,0
83633,83653,83643,12.5,-155.333,71.8072,157.907,-55.9763,367.993,9.11588,2.34138,150.081,0.192298,0.00106231,2.74923,1.2058,1.3505,1.06111,1.15757,0.67525,0.627018,0.192929,0.0964643,0,0,0,0,0,0
83655,83678,83666,12.4,-155.33,71.8061,160.328,-56.141,366.123,9.02985,2.23547,158.52,0.212733,0.000908439,2.44155,1.93774,1.27891,0.968869,1.04638,0.658831,0.426302,0.232528,0,0,0,0.0387547,0,0,0
83683,83701,83692,12.3,-155.325,71.805,163.171,-56.1893,364.195,9.66548,2.53287,168.129,0.199137,0.00120254,2.67343,1.79942,1.43954,0.874006,1.13107,0.642652,0.71977,0.308473,0.0514121,0.0257061,0,0,0,0,0
83704,83725,83714,12.2,-155.322,71.8041,165.544,-56.3976,362.352,10.3434,2.52546,194.778,0.231377,0.00121925,3.48578,2.16437,1.52645,1.00245,0.934099,0.524007,0.227829,0.205046,0.136697,0.113914,0.0227829,0,0,0,0
83726,83744,83735,12.1,-155.319,71.8032,167.779,-56.3427,361.061,10.8135,2.29522,166.306,0.217373,0.000914163,3.91346,2.47166,1.59628,1.0556,0.695154,0.411943,0.334704,0.205972,0.0772394,0,0.0514929,0,0,0,0
83749,83770,83760,12,-155.314,71.8022,170.369,-56.5456,359.152,9.46811,2.012,115.53,0.172262,0.000761585,3.32663,1.70597,0.98093,1.36477,0.810334,0.682386,0.383842,0.213246,0,0,0,0,0,0,0
83773,83792,83782,11.9,-155.31,71.8013,173.349,-56.1611,358.002,10.069,2.51492,185.078,0.220776,0.00100906,2.78506,1.84242,1.92812,0.814093,1.07118,0.942634,0.385623,0.257082,0,0,0,0,0.042847,0,0
83798,83820,83809,11.8,-155.307,71.8002,176.254,-55.9218,356.7,10.4735,2.81909,207.199,0.220495,0.00145669,2.94239,2.17177,1.7164,0.840683,1.05085,0.665541,0.525427,0.315256,0.140114,0.105085,0,0,0,0,0
83823,83843,83833,11.7,-155.303,71.799,179.062,-55.8911,355.147,10.5295,2.30593,138.175,0.179765,0.000913489,3.26639,2.21141,1.50132,1.11585,0.97383,0.770949,0.446339,0.202881,0.0202881,0.0202881,0,0,0,0,0
83845,83870,83858,11.6,-155.3,71.7976,181.649,-56.1212,353.324,11.436,2.8244,228.667,0.242884,0.00124334,3.61497,2.52366,1.5915,1.2732,1.13678,0.591127,0.204621,0.272828,0.0909426,0.0682069,0.0227356,0.0454713,0,0,0
83872,83892,83882,11.5,-155.296,71.7963,184.371,-56.344,351.461,11.2614,2.33365,135.367,0.174019,0.000892196,3.61286,2.57512,1.76799,0.883997,0.960866,0.730258,0.57652,0.0768693,0.0768693,0,0,0,0,0,0
83896,83919,83908,11.4,-155.292,71.7951,187.421,-56.1644,350.101,10.6692,1.87564,123.995,0.198323,0.000566872,4.24198,2.87083,1.37114,0.685572,0.814117,0.342786,0.25709,0,0.0428483,0,0,0.0428483,0,0,0
83921,83939,83930,11.3,-155.29,71.7939,190.214,-55.8871,349.073,11.5132,2.86964,242.19,0.253192,0.00118128,3.91118,2.47892,1.43226,1.15683,0.93648,0.93648,0.330522,0.110174,0.110174,0,0.055087,0.055087,0,0,0
83946,83968,83957,11.2,-155.287,71.7921,193.521,-56.2415,346.796,11.2339,2.51394,179.222,0.213874,0.00110217,3.89323,2.85305,1.36709,0.891579,0.772702,0.713263,0.386351,0.148597,0.148597,0.0297193,0.0297193,0,0,0,0
83971,83994,83982,11.1,-155.284,71.7899,196.688,-56.5175,344.754,11.5137,2.55305,162.131,0.190514,0.000993106,3.28688,2.72946,1.71072,1.21096,1.03796,0.788083,0.49976,0.172994,0.0576646,0,0,0.0192215,0,0,0
83995,84017,84006,11,-155.281,71.7876,199.767,-56.488,343.264,12.2968,2.55686,147.183,0.172692,0.000962367,3.58877,3.14017,1.71522,1.3194,0.949969,0.923581,0.316656,0.316656,0.026388,0,0,0,0,0,0
84020,84039,84030,10.9,-155.277,71.7855,202.652,-56.5773,341.723,13.4282,3.39329,266.702,0.23579,0.00153564,4.18861,3.07986,2.0943,0.94449,1.14981,0.698101,0.739166,0.328518,0.123194,0,0.0410648,0.0410648,0,0,0
84044,84068,84056,10.8,-155.273,71.7832,205.934,-56.545,340.213,13.3031,2.9697,210.276,0.212422,0.00116626,4.21041,2.82187,2.01562,1.34375,1.6125,0.671874,0.223958,0.223958,0.0895832,0.0447916,0,0.0447916,0,0,0
84070,84095,84082,10.7,-155.269,71.7806,209.488,-56.1567,339.163,12.8341,3.0161,232.257,0.231017,0.00116948,4.22858,2.37394,2.00301,1.26115,1.48371,0.890227,0.296742,0.148371,0,0.0741855,0,0.0741855,0,0,0
84100,84123,84112,10.6,-155.264,71.7776,213.012,-56.4093,337.147,13.7441,2.77252,158.713,0.171735,0.00103182,5.0715,2.67079,1.74052,1.32039,1.3504,0.870258,0.420124,0.240071,0.0600178,0,0,0,0,0,0
84126,84151,84138,10.5,-155.258,71.7752,215.905,-56.4368,335.81,14.5188,2.89481,187.795,0.194619,0.00100129,4.8866,3.40652,2.4198,1.22165,1.12768,0.822264,0.352399,0.211439,0.0234933,0,0.0234933,0.0234933,0,0,0
84155,84182,84168,10.4,-155.253,71.7726,218.858,-55.991,335.202,14.1135,2.86012,177.728,0.18642,0.00114036,4.63029,4.09603,1.69184,0.89044,1.29114,0.66783,0.534264,0.22261,0,0.089044,0,0,0,0,0
84187,84212,84200,10.3,-155.245,71.7688,223.089,-55.9533,333.435,15.35,2.85268,157.301,0.165425,0.00100257,6.04096,3.51564,1.63403,1.38645,1.2379,0.841773,0.297096,0.396129,0,0,0,0,0,0,0
84218,84243,84230,10.2,-155.24,71.7658,226.683,-55.885,332.01,15.2269,3.28675,210.507,0.192142,0.00141871,5.026,3.53682,2.27101,1.22858,1.52642,0.595675,0.558445,0.223378,0.223378,0.0372297,0,0,0,0,0
84246,84270,84258,10.1,-155.235,71.7629,230.349,-55.937,330.415,15.7124,3.08961,178.858,0.173671,0.00117388,5.29683,3.5609,2.8042,1.24631,1.24631,0.489623,0.801201,0.133534,0.133534,0,0,0,0,0,0
84271,84298,84284,10,-155.231,71.7601,233.616,-55.9852,329.019,15.6126,3.11634,188,0.180981,0.00113737,5.01909,3.71626,2.71244,1.40962,1.08925,0.790239,0.49123,0.341725,0.0213578,0,0.0213578,0,0,0,0
84301,84311,84306,9.9,-155.226,71.7574,236.66,-55.626,328.348,16.8215,3.71872,268.136,0.216313,0.00172673,5.75473,4.42672,2.30189,1.41655,0.973878,0.885344,0.442672,0.354137,0,0.265603,0,0,0,0,0
84327,84353,84340,9.8,-155.218,71.7534,241.387,-55.8067,326.222,17.9981,4.03115,312.135,0.232293,0.0018886,6.55823,4.63514,2.71205,1.08482,1.13413,0.54241,0.64103,0.24655,0.24655,0.14793,0,0.04931,0,0,0
84358,84380,84369,9.7,-155.212,71.75,245.32,-55.32,325.445,17.1982,3.67448,248.82,0.203147,0.00139414,5.3308,3.80772,3.1731,1.58655,1.65001,0.571158,0.63462,0.31731,0.063462,0,0.063462,0,0,0,0
84387,84413,84400,9.6,-155.207,71.7466,249.364,-55.8728,323.11,16.3148,2.98818,168.246,0.168911,0.00107351,5.4055,4.57011,2.77646,1.0811,1.10567,0.51598,0.51598,0.221134,0.122852,0,0,0,0,0,0
84414,84444,84429,9.5,-155.203,71.744,252.33,-55.9385,321.925,15.7423,3.00747,181.475,0.181025,0.00106761,5.02602,4.38393,2.61264,1.28418,0.929924,0.597808,0.64209,0.177128,0.0664231,0,0,0.022141,0,0,0
84447,84478,84462,9.4,-155.197,71.7391,257.215,-56.0987,319.924,16.2173,2.90491,163.263,0.168608,0.000987456,6.2332,4.08192,2.04096,1.15838,1.32387,0.772255,0.330966,0.220644,0,0.055161,0,0,0,0,0
84480,84507,84494,9.3,-155.191,71.7353,261.229,-56.3929,318.08,15.0798,2.35719,110.388,0.140491,0.00058161,6.34607,3.14162,1.88497,1.50798,1.50798,0.439827,0.125665,0.125665,0,0,0,0,0,0,0
84510,84540,84525,9.2,-155.186,71.7321,265.461,-56.438,316.561,16.3502,2.65147,141.702,0.160328,0.000825894,6.92306,4.06546,2.18003,1.00163,1.14893,0.530277,0.324058,0.0589197,0.0883795,0.0294598,0,0,0,0,0
84541,84569,84555,9.1,-155.182,71.7293,269.398,-55.81,316.149,16.5058,2.83399,179.414,0.189924,0.000922902,7.03719,4.13815,2.22104,1.07545,0.911796,0.490967,0.37407,0.163656,0.0233794,0.0233794,0.0467588,0,0,0,0
84572,84598,84585,9,-155.179,71.726,273.562,-56.046,314.421,16.0186,2.41487,115.185,0.143095,0.000636129,6.74468,4.43729,1.90803,1.10932,0.754339,0.665593,0.266237,0.133119,0,0,0,0,0,0,0
84601,84627,84614,8.9,-155.174,71.7222,278.296,-56.0357,312.895,17.8061,3.04687,178.562,0.175815,0.00103479,7.57706,4.41995,2.02055,1.26284,1.26284,0.757706,0.252569,0.126284,0,0.126284,0,0,0,0,0
84629,84658,84644,8.8,-155.168,71.7181,283.227,-55.5486,312.031,18.4219,2.55017,112.413,0.132242,0.000540537,7.34342,5.50756,2.84874,0.759664,1.39272,0.379832,0.126611,0,0.0633053,0,0,0,0,0,0
84662,84690,84676,8.7,-155.163,71.7146,287.19,-55.0873,311.456,18.0571,2.85033,149.642,0.1575,0.000878281,7.94751,4.4442,2.32219,1.22115,1.061,0.480454,0.280265,0.220208,0.0600567,0.0200189,0,0,0,0,0
84692,84720,84706,8.6,-155.158,71.7109,291.207,-54.667,310.817,17.8381,2.51491,117.199,0.139805,0.000619302,8.41377,4.41558,2.1309,1.07643,1.01053,0.417393,0.285585,0.0219681,0.0659042,0,0,0,0,0,0
84730,84744,84737,8.5,-155.151,71.7069,295.563,-54.39,309.888,18.9729,2.55245,111.626,0.131199,0.000564624,9.26921,4.63461,1.88281,1.59315,1.01382,0,0.579326,0,0,0,0,0,0,0,0
84762,84775,84768,8.4,-155.144,71.703,300.277,-54.3475,308.553,18.7717,3.0077,153.905,0.153511,0.00093266,8.46355,4.6658,1.73611,1.62761,0.868056,0.542535,0.651042,0.217014,0,0,0,0,0,0,0
84789,84817,84803,8.3,-155.135,71.6989,305.442,-54.3767,307.017,19.5224,3.22418,172.734,0.160724,0.00100951,7.72762,5.10245,2.77307,1.18318,1.55292,0.591588,0.295794,0.184871,0.0739485,0.0369743,0,0,0,0,0
84820,84853,84836,8.2,-155.128,71.6953,310.026,-54.1835,305.986,20.7994,3.40986,174.932,0.153906,0.00101046,7.87888,5.63089,2.92457,1.65871,1.24403,0.76388,0.480153,0.174601,0.0218252,0.0218252,0,0,0,0,0
