data/B2SAP/Locations/Alaska/NOAA-POPS-B2SAP_GMLBalloon_20240425_R0.ict
82,1001
Thornberry, T. D.
NOAA Chemical Sciences Laboratory
Portable Optical Particle Spectrometer (POPS)
Balloon Baseline Stratospheric Aerosol Profiles (B2SAP)
1,1
2024,04,25,2024,05,28
0
TIME_START,s,Seconds since midnight UTC on flight start day,Start time of 100 m altitude bin in UTC_seconds_since_midnight
49
1.0,1.0,1.0,1.0,1.0,1.0,1.0,1.0,1.0,1.0,1.0,1.0,1.0,1.0,1.0,1.0,1.0,1.0,1.0,1.0,1.0,1.0,1.0,1.0,1.0,1.0,1.0,1.0,1.0,1.0,1.0,1.0,1.0,1.0,1.0,1.0,1.0,1.0,1.0,1.0,1.0,1.0,1.0,1.0,1.0,1.0,1.0,1.0,1.0
99999,99999,99999,99999,99999,99999,99999,99999,99999,99999,99999,99999,99999,99999,99999,99999,99999,99999,99999,99999,99999,99999,99999,99999,99999,99999,99999,99999,99999,99999,99999,99999,99999,99999,99999,99999,99999,99999,99999,99999,99999,99999,99999,99999,99999,99999,99999,99999,99999
TIME_STOP,s,End time of 100 m altitude bin in UTC seconds since midnight,
TIME_MID,s,Mid time of 100 m altitude in UTC seconds since midnight,
GPSAlt,km,GPS reported altitude above sea level (km),
GPS_Lon,deg,GPS reported longitude,
GPS_Lat,deg,GPS reported latitude,
iMet_Pressure,hPa,Pressure reported (hPa),
iMet_Temperature,degrees C,Ambient temperature (oC),
THETA,K,Potential temperature from iMet,
Aerosol_concentration,cm^-3,Aerosol concentration,
Surface_Area_Conc,um^2 cm^-3,Surface area concentration,
Volume_density,um^3 cm^-3,Volume density,
Effective_radius,um,Effective radius,
Extinction,km^-1,Extinction,
Bin01,cm^-3,particle concentration in size range [140 - 146.14 nm],
Bin02,cm^-3,particle concentration in size range [146.14 - 152.56 nm],
Bin03,cm^-3,particle concentration in size range [152.56 - 159.25 nm],
Bin04,cm^-3,particle concentration in size range [159.25 - 166.24 nm],
Bin05,cm^-3,particle concentration in size range [166.24 - 173.54 nm],
Bin06,cm^-3,particle concentration in size range [173.54 - 181.16 nm],
Bin07,cm^-3,particle concentration in size range [181.16 - 189.11 nm],
Bin08,cm^-3,particle concentration in size range [189.11 - 197.41 nm],
Bin09,cm^-3,particle concentration in size range [197.41 - 206.07 nm],
Bin10,cm^-3,particle concentration in size range [206.07 - 215.12 nm],
Bin11,cm^-3,particle concentration in size range [215.12 - 224.56 nm],
Bin12,cm^-3,particle concentration in size range [224.56 - 234.41 nm],
Bin13,cm^-3,particle concentration in size range [234.41 - 244.70 nm],
Bin14,cm^-3,particle concentration in size range [244.70 - 361.30 nm],
Bin15,cm^-3,particle concentration in size range [361.30 - 472.80 nm],
Bin16,cm^-3,particle concentration in size range [472.80 - 567.00 nm],
Bin17,cm^-3,particle concentration in size range [567.00 - 610.66 nm],
Bin18,cm^-3,particle concentration in size range [610.66 - 657.69 nm],
Bin19,cm^-3,particle concentration in size range [657.69 - 708.33 nm],
Bin20,cm^-3,particle concentration in size range [708.33 - 762.88 nm],
Bin21,cm^-3,particle concentration in size range [762.88 - 821.62 nm],
Bin22,cm^-3,particle concentration in size range [821.62 - 884.89 nm],
Bin23,cm^-3,particle concentration in size range [884.89 - 953.03 nm],
Bin24,cm^-3,particle concentration in size range [953.03 - 1026.42 nm],
Bin25,cm^-3,particle concentration in size range [1026.42 - 1105.46 nm],
Bin26,cm^-3,particle concentration in size range [1105.46 - 1190.59 nm]],
[...]
LOCATION: Utqiagvik, AL, USA
ASSOCIATED_DATA: N/A
INSTRUMENT_INFO: Printed Optical Particle Spectrometer counts particles from 140 - 2500 nm in diameter 
DATA_INFO: Particle concentrations reported in number per cubic centimeter, binned to 100 m altitude
UNCERTAINTY: Counting uncertainty dominated by air flow, less than 5 percent
ULOD_FLAG: -77777
ULOD_VALUE: 3000 ~3000 per cm3 (varies depending on flow rate- manufacturer quotes 1250  per cm3 at 1.667 cc/s)
LLOD_FLAG: -88888
LLOD_VALUE: 0 0 (varies depending on data field and measurement precision)
DM_CONTACT_INFO: Troy Thornberry, 325 Broadway R/CSL6, Boulder, CO 80305; troy.thornberry@noaa.gov; 303-497-3373
PROJECT_INFO: B2SAP Utqiagvik, AL, USA
STIPULATIONS_ON_USE: Please contact the PIs for questions regarding applications and uncertainties
OTHER_COMMENTS: POPS bin Edges (nm):  140, 146.14, 152.56, 159.25, 166.24, 173.54, 181.16, 189.11, 197.41, 206.07, 215.12, 224.56, 234.41, 244.70, 361.30, 472.80, 567.00, 610.66, 657.69, 708.33, 762.88, 821.62, 884.89, 953.03, 1026.42, 1105.46, 1190.59, 1282.27, 1381.01, 1487.36, 1601.89, 1725.25, 1858.10, 2001.18, 2155.28, 2321.25, 2500
Calculations assume sulfate refractive index of 1.45+0.00j and extinction wavelength = 532 nm
REVISION: R0
R0: QA/QC data
TIME_START,TIME_STOP,TIME_MID,GPSAlt,GPS_Lon,GPS_Lat,iMet_Pressure,iMet_Temperature,THETA,Aerosol_concentration,Surface_Area_Conc,Volume_density,Effective_radius,Extinction,Bin01,Bin02,Bin03,Bin04,Bin05,Bin06,Bin07,Bin08,Bin09,Bin10,Bin11,Bin12,Bin13,Bin14,Bin15,Bin16,Bin17,Bin18,Bin19,Bin20,Bin21,Bin22,Bin23,Bin24,Bin25,Bin26,Bin27,Bin28,Bin29,Bin30,Bin31,Bin32,Bin33,Bin34,Bin35,Bin36
78470,78488,78479,0.1,-156.798,71.2804,1012.34,-11.7088,260.527,101.745,23.7713,2357.34,0.297502,0.00885801,7.28691,6.87957,6.69853,6.56275,6.1554,5.90647,5.49913,5.88384,5.11442,4.79759,5.09179,4.2771,4.11869,20.1635,3.77924,1.74252,0.226302,0.181041,0.362083,0.158411,0.0905206,0.0905206,0.135781,0,0.0452603,0,0.135781,0.0452603,0.0452603,0.0678905,0.0678905,0,0.0226302,0.0678905,0.0226302,0.0226302
78489,78513,78501,0.2,-156.807,71.2803,1000.19,-12.4685,260.668,103.119,22.5405,1823.27,0.242665,0.00821165,7.0827,6.67296,7.10221,6.36077,6.88759,6.34126,5.77543,5.63884,5.63884,4.85838,4.62424,4.29255,4.42913,19.9603,3.78525,1.77555,0.195116,0.331697,0.351208,0.0390231,0.156093,0.136581,0.234139,0.0585347,0.0195116,0.0390231,0.156093,0,0.0390231,0.0585347,0.0390231,0.0195116,0.0195116,0,0,0
78515,78537,78526,0.3,-156.818,71.2806,986.199,-13.2052,260.979,104.601,22.718,1859.31,0.245529,0.00823847,7.193,6.89014,6.83335,6.90907,7.193,6.51156,6.53049,6.11405,5.31903,4.97831,4.80795,4.33473,4.08865,19.3265,3.97508,1.83611,0.321792,0.208218,0.227147,0.0946447,0.113574,0.0757158,0.302863,0,0.0378579,0.0567868,0.132503,0,0.0189289,0.0567868,0.0567868,0,0.0378579,0,0.0189289,0
78539,78563,78551,0.4,-156.829,71.2816,973.504,-11.295,263.873,107.329,21.952,1559.85,0.213172,0.0070554,7.31984,6.89427,7.02194,6.63892,7.6603,5.87289,6.29847,5.93673,5.85162,4.85152,4.53234,5.10686,4.29828,22.5128,3.72376,1.4895,0.234065,0.191507,0.170229,0.0212786,0.0851144,0.0638358,0.14895,0.0425572,0.0425572,0.0425572,0.127672,0.0212786,0.0425572,0.0212786,0.0425572,0,0.0212786,0,0,0
78564,78586,78575,0.5,-156.839,71.2831,960.689,-9.23913,266.952,88.1033,16.6429,1014.63,0.182895,0.00487853,6.63035,5.55878,6.21177,5.60901,5.92714,5.35786,5.60901,4.78859,4.43698,4.16909,3.98491,3.58307,3.39889,17.5303,3.34866,1.30598,0.117203,0.117203,0.10046,0.0167433,0.05023,0,0.10046,0.0167433,0,0,0.0837166,0,0.0167433,0.0167433,0,0,0.0167433,0,0,0
78588,78608,78598,0.6,-156.849,71.2847,947.658,-9.66095,267.568,72.2471,15.1004,1235.58,0.245474,0.00502428,4.98889,4.82381,4.58537,4.87884,4.32859,4.71376,4.34693,3.87005,3.57659,3.26479,3.28313,3.13639,2.71454,14.5631,3.15474,1.1922,0.165073,0.201756,0.0550245,0.073366,0.036683,0.036683,0.036683,0.0183415,0,0.036683,0.036683,0.036683,0.0183415,0,0,0.0183415,0.036683,0,0,0.0183415
78609,78629,78619,0.7,-156.858,71.2861,936.343,-9.84667,268.3,61.6529,12.1102,1030.08,0.255175,0.00371222,4.88492,4.85921,4.52498,4.11362,3.41945,3.47087,3.44516,3.18806,2.95666,2.95666,2.93095,2.13394,2.15965,12.6494,2.62243,0.899854,0.102841,0.102841,0.0257101,0.0257101,0.0257101,0.0257101,0,0,0,0,0.0514203,0,0,0,0,0.0514203,0,0.0257101,0,0
78630,78650,78640,0.8,-156.865,71.2874,924.271,-9.1075,270.052,47.7142,8.63218,536.492,0.186451,0.00246326,4.20113,4.03004,3.7449,3.25065,2.9655,2.81343,2.68036,2.66135,2.47125,2.24314,2.1671,1.93898,1.42572,8.59235,1.65384,0.49425,0.0570289,0.0760385,0.0190096,0.0380193,0.0190096,0,0.0760385,0.0190096,0,0,0.0380193,0,0,0.0190096,0.0190096,0,0,0,0,0
78651,78673,78662,0.9,-156.871,71.288,911.436,-5.80238,274.527,53.6063,9.40826,816.625,0.260396,0.00257934,5.2601,4.77538,3.8598,4.36247,3.35713,3.46484,3.5546,2.90831,2.78264,2.47745,2.19021,2.06454,1.86706,8.67108,1.32849,0.430861,0.0179525,0.0359051,0.0359051,0.0179525,0.0179525,0,0,0.0179525,0,0.0179525,0,0.0179525,0,0,0,0.0179525,0,0.0179525,0.0359051,0
78674,78695,78684,1,-156.876,71.2883,899.795,-4.89182,276.474,67.8013,10.6294,575.436,0.162409,0.00245931,6.60602,5.85495,6.04272,5.13802,4.88197,4.83076,4.74541,3.82364,3.48224,2.66289,2.85066,2.49219,2.06545,9.93464,1.53628,0.631583,0,0.0341396,0.0341396,0,0.0341396,0.0170698,0.0170698,0,0,0.0170698,0.0170698,0.0170698,0.0170698,0,0.0170698,0,0,0,0,0
78697,78716,78706,1.1,-156.879,71.2886,888.269,-4.65263,277.743,67.3171,11.7012,890.153,0.22822,0.00330398,6.10368,6.47657,4.985,4.96537,4.84762,4.29809,4.06258,3.76819,3.76819,2.9439,2.61026,2.68876,2.15886,10.8924,1.68783,0.529901,0.0981299,0.039252,0.0981299,0.0981299,0.0588779,0.019626,0.019626,0,0,0,0.019626,0,0,0,0.019626,0.019626,0.019626,0,0.019626,0
78718,78738,78728,1.2,-156.882,71.2886,876.961,-4.80842,278.599,59.3465,9.99221,806.067,0.242009,0.00257791,6.03657,5.91897,4.74302,4.17464,4.23344,3.68466,3.78265,3.15548,2.99868,3.15548,2.5087,2.27351,1.95992,8.66287,1.43074,0.293989,0.0587977,0.0391985,0.0391985,0.0195992,0,0.0391985,0,0,0,0,0.0391985,0,0.0195992,0.0195992,0,0.0195992,0.0195992,0,0.0195992,0
78739,78758,78748,1.3,-156.884,71.2883,865.915,-5.1305,279.275,59.7396,9.42225,590.441,0.187994,0.00221436,6.33798,5.2293,5.3956,4.43474,4.17605,3.95431,3.60322,3.4554,2.67932,2.75323,2.21737,2.21737,1.69998,9.4423,1.49672,0.517386,0.0184781,0.0184781,0.0184781,0,0,0,0.0184781,0,0.0184781,0,0,0,0,0,0,0.0184781,0.0184781,0,0,0
78759,78778,78768,1.4,-156.886,71.2881,855.06,-5.659,279.729,49.118,7.78289,422.555,0.162878,0.00176062,4.40227,4.5334,3.87774,3.44688,3.52181,3.44688,3.31575,2.86616,3.05349,1.76091,2.24797,1.72344,1.59231,7.21222,1.77964,0.18733,0.018733,0.0374661,0.0374661,0,0.018733,0,0,0,0,0,0,0,0,0,0.0374661,0,0,0,0,0
78779,78798,78788,1.5,-156.887,71.2879,844.248,-6.4585,279.911,47.9236,7.39654,363.548,0.147453,0.0015462,4.32083,4.2269,4.13297,3.23123,3.58817,3.04337,2.94943,2.66764,2.5925,2.0477,2.02891,2.19799,1.72833,7.53327,1.35261,0.169076,0.0375724,0.0187862,0,0,0,0.0187862,0,0,0,0.0187862,0,0,0,0.0187862,0,0,0,0,0,0
78799,78818,78808,1.6,-156.889,71.2876,833.918,-6.95765,280.37,40.9597,6.93439,399.085,0.172655,0.00181836,4.1936,3.28388,3.37263,2.72917,2.92886,2.30759,2.52947,2.26321,2.30759,1.75288,1.73069,1.68631,1.24255,6.67869,1.26474,0.465955,0.0443767,0,0.0665651,0,0.0443767,0.0221884,0,0,0,0,0,0.0221884,0,0,0.0221884,0,0,0,0,0
78819,78838,78828,1.7,-156.89,71.2875,823.194,-7.31526,281.032,40.8017,7.1943,560.365,0.233671,0.00191454,3.74709,3.52901,3.13249,2.6765,2.99371,2.45841,2.43859,2.10155,2.37911,2.02224,1.44729,1.54642,1.46712,7.21663,1.0706,0.356866,0.0396518,0.0396518,0.0198259,0,0,0,0.0198259,0,0,0,0.0396518,0,0.0198259,0,0,0.0198259,0.0198259,0,0,0
78839,78859,78849,1.8,-156.891,71.2873,812.398,-8.0519,281.312,45.7145,7.25007,485.163,0.200755,0.00178423,5.43535,4.60745,3.99552,3.68956,3.40159,2.95165,2.75367,2.62769,2.12375,1.90777,1.99776,1.54782,1.38583,5.8313,0.953886,0.25197,0.0359957,0.0359957,0.0179979,0,0,0.0179979,0.0359957,0.0179979,0,0,0,0,0.0539936,0.0179979,0,0,0.0179979,0,0,0
78860,78878,78869,1.9,-156.892,71.287,801.98,-8.60941,281.757,76.7565,12.8125,1271.26,0.297662,0.00351228,8.12274,8.05634,7.50302,5.88732,6.32998,5.93159,5.44467,3.20926,3.56338,3.38632,3.01006,2.52314,1.81489,9.36217,1.70423,0.442656,0.110664,0,0.0442656,0,0.0221328,0.0663984,0,0,0,0,0.0221328,0,0.0663984,0,0,0.0663984,0.0442656,0.0221328,0,0
78879,78897,78888,2,-156.893,71.2866,791.896,-9.31125,282.026,89.6068,14.5234,1122.15,0.231795,0.00360463,8.53738,9.06056,8.22822,7.44345,7.2532,7.03917,5.44585,5.13669,4.35192,3.90008,3.258,3.11531,2.73481,10.9155,2.21163,0.642087,0.047562,0,0.023781,0,0,0.023781,0.071343,0,0,0,0,0.023781,0.023781,0,0.071343,0,0,0,0.023781,0.023781
78899,78917,78908,2.1,-156.894,71.2864,781.337,-10.2424,282.111,92.4174,14.7043,1203.15,0.24547,0.00369617,9.94576,9.76696,8.80591,7.39786,7.30846,6.36976,5.45341,5.45341,4.17946,4.13476,3.28545,2.65965,2.57025,11.6667,2.2797,0.849301,0.02235,0.02235,0.02235,0,0,0.02235,0.0670501,0,0.02235,0,0,0.02235,0,0,0,0.0447001,0,0,0.02235,0.02235
78918,78937,78928,2.2,-156.895,71.286,771.675,-10.998,282.303,88.3398,13.5861,789.893,0.174419,0.00318131,9.28091,8.84349,8.10178,7.03675,6.23799,6.44719,5.17296,4.64045,4.20303,3.6515,2.92881,3.21408,2.58648,12.552,2.51041,0.703675,0,0.0380365,0.0570548,0.0380365,0,0.0190183,0.0190183,0,0,0.0190183,0,0,0,0,0,0.0190183,0.0190183,0,0,0
78938,78956,78947,2.3,-156.896,71.2854,761.337,-11.5972,282.746,86.848,14.414,1008.87,0.209977,0.00384523,9.45154,8.7294,8.1347,6.98777,6.032,6.45678,5.47977,3.88681,4.37532,3.69566,3.63194,2.52749,2.12394,11.7666,2.2089,0.913295,0.0637183,0.0424788,0.0424788,0,0.0212394,0.0212394,0.0212394,0.0212394,0.0212394,0,0.0424788,0.0212394,0.0212394,0.0212394,0.0424788,0,0.0424788,0,0,0
78957,78975,78966,2.4,-156.897,71.2845,751.43,-12.0644,283.298,74.9369,13.2835,1268.19,0.286413,0.00378047,7.98928,8.2029,6.06673,5.95992,5.40451,4.82775,4.67822,3.50332,3.35379,3.1829,3.012,2.58477,2.11481,10.6809,2.11481,0.790384,0.0854469,0.0213617,0.0854469,0.0213617,0,0,0,0.0213617,0,0,0.0640852,0,0,0.0213617,0.0640852,0.0640852,0,0.0213617,0,0
78976,78994,78985,2.5,-156.897,71.2836,741.749,-12.4694,283.908,79.161,15.968,1614.68,0.303359,0.00506976,7.76633,6.95333,6.46125,5.47708,5.8408,4.51431,5.13477,3.53015,3.89386,3.85107,3.29481,2.67436,2.43901,12.5802,2.95249,1.11253,0.0855794,0.0641846,0.0855794,0,0,0.0427897,0,0.0427897,0.0213949,0,0.0641846,0.0213949,0.0427897,0.0427897,0.0855794,0.0427897,0,0.0213949,0,0.0213949
78995,79013,79004,2.6,-156.896,71.2823,731.923,-12.8242,284.605,88.9942,16.3702,1321.23,0.242127,0.00495747,8.39759,8.74159,6.73831,6.69784,6.6169,5.56467,5.26114,4.4922,4.33032,3.7435,2.77222,3.46021,2.50916,14.711,3.35904,0.991523,0.161881,0.0607055,0.0404703,0.0202352,0.0404703,0.0404703,0,0.0404703,0,0.0404703,0.0202352,0.0202352,0,0,0.0202352,0.0202352,0.0202352,0.0607055,0,0
79014,79032,79023,2.7,-156.894,71.2809,722.292,-13.5305,284.908,94.3099,19.3792,2090.78,0.323663,0.00639323,9.3267,8.28371,7.80233,6.95992,6.37826,5.51579,5.53585,4.65332,4.4728,3.89114,3.95131,3.00861,3.14901,16.1462,3.48999,0.862469,0.0601722,0.120344,0.0802296,0,0.0200574,0.0200574,0.0802296,0.0200574,0.0200574,0.0401148,0.100287,0.0401148,0,0.0601722,0.0401148,0.0601722,0.0200574,0.0802296,0.0200574,0
79033,79050,79042,2.8,-156.891,71.2797,712.857,-14.0344,285.425,106.966,19.3277,1430.61,0.222056,0.00539879,10.1771,8.36733,7.62215,8.49508,7.72861,7.02601,6.55761,5.59951,5.3866,4.87562,4.51368,3.12977,3.66204,17.9483,3.81108,1.59682,0.0212909,0.0425819,0.127746,0.0212909,0,0,0.0212909,0.0212909,0,0,0.0425819,0.0638728,0,0.0425819,0,0.0212909,0,0.0212909,0,0.0212909
79051,79069,79060,2.9,-156.888,71.2787,703.497,-14.5584,285.926,106.785,18.9516,1258.42,0.199206,0.0054446,10.1343,9.30159,8.85478,7.43314,7.49407,6.49892,6.62078,5.46316,5.7678,4.4477,4.14306,3.79781,3.45255,17.4455,3.93997,1.36071,0.0812366,0.162473,0.101546,0.0203091,0.0406183,0.0203091,0.0203091,0,0.0406183,0,0.0406183,0,0,0,0.0406183,0,0.0406183,0.0203091,0,0
79070,79086,79078,3,-156.885,71.2782,694.045,-14.3031,287.316,60.318,11.5646,1232.74,0.319787,0.00367071,6.13241,5.34191,5.50959,4.76699,4.45558,3.5453,3.95253,2.99434,3.16203,2.39547,2.22779,1.79661,1.96429,8.62371,2.22779,0.838416,0.0239547,0.0239547,0.0479095,0.0239547,0,0,0.0479095,0.0239547,0,0,0.0479095,0,0,0.0239547,0,0.0479095,0.0239547,0.0239547,0,0.0239547
79087,79104,79096,3.1,-156.883,71.2781,685.386,-14.1294,288.545,36.0301,8.51801,1418.27,0.499506,0.00339961,4.03434,3.9485,2.7897,2.897,2.81116,2.51073,1.8455,1.88841,1.6309,1.65236,1.00858,1.03004,1.09442,5.06438,0.793992,0.364807,0.0429185,0.128755,0.0429185,0.0429185,0,0.0214592,0.0643777,0.0214592,0.0214592,0,0.0643777,0,0,0,0.0429185,0.085837,0.0429185,0.0214592,0,0.0214592
79105,79123,79114,3.2,-156.88,71.2779,676.271,-14.4958,289.24,41.9545,9.61856,1296.83,0.404476,0.00365321,4.65262,4.10644,3.51981,3.03432,3.25683,2.46791,2.34654,2.16448,1.98242,1.84082,1.94196,1.55762,1.01144,5.72474,1.17327,0.505719,0.0606863,0.0202288,0.0809151,0.141601,0,0,0.0404575,0.0202288,0,0,0.0606863,0.0202288,0.0202288,0,0.0809151,0.0202288,0.0404575,0.0202288,0.0202288,0.0202288
79124,79140,79132,3.3,-156.877,71.2776,667.44,-14.7837,290.004,47.8833,11.3249,1575.09,0.417247,0.00437134,5.45933,4.93023,4.04038,3.31889,3.46318,2.95814,3.03029,2.38094,2.47714,1.92399,1.73159,1.75564,1.75564,5.79602,1.29869,0.697447,0.168349,0.0480998,0.0961996,0.0240499,0,0.0480998,0.0721497,0,0,0.0240499,0.0480998,0.0480998,0.0240499,0,0.144299,0.0240499,0.0240499,0.0240499,0.0240499,0.0240499
79141,79158,79150,3.4,-156.875,71.2774,659.003,-15.1476,290.651,59.4619,12.9807,1591.35,0.36778,0.00480878,6.11143,5.65873,4.66279,4.70806,4.14219,3.25943,3.8253,3.10098,2.62565,2.69356,2.10505,2.03714,2.15032,8.85025,1.74289,0.882762,0.0905397,0.248984,0.0679048,0,0.0679048,0,0.0905397,0,0,0,0.13581,0,0,0.0226349,0.0226349,0.0452698,0.0452698,0,0.0679048,0
79159,79176,79168,3.5,-156.872,71.2772,650.067,-15.5917,291.284,62.3384,14.2292,1792.02,0.37782,0.00554726,7.10049,5.74903,4.76226,4.93387,4.69791,3.47516,3.86129,3.08903,3.00323,3.08903,2.08081,2.38113,1.63032,8.36613,2.20952,0.879516,0.171613,0.0858065,0.12871,0.0429032,0,0.0858065,0.0858065,0.0214516,0,0.0214516,0.0643549,0.0214516,0.0214516,0.0643549,0.0214516,0.0214516,0.107258,0.0214516,0.0214516,0.0214516
79177,79193,79185,3.6,-156.87,71.2772,641.752,-16.0025,291.892,55.0816,10.946,1232.86,0.337894,0.00390645,6.37508,5.77138,5.4816,4.17761,4.10516,3.79124,3.7188,2.70458,2.43895,2.26991,1.88355,1.8111,1.47303,6.66486,1.08666,0.434664,0.0724441,0.12074,0.0724441,0.0965921,0.0965921,0.12074,0.024148,0,0,0,0.024148,0.0482961,0.024148,0.0482961,0.0482961,0.024148,0.024148,0.0482961,0,0
79194,79212,79203,3.7,-156.867,71.2769,632.987,-16.5153,292.455,55.2269,10.1164,1005.85,0.298282,0.00318977,5.72079,5.458,4.83134,4.24511,4.68984,4.14404,3.78017,2.93115,2.60771,2.16298,2.00127,1.75869,1.75869,6.75175,1.39482,0.444726,0.0606444,0.0606444,0.0202148,0.0606444,0.0606444,0,0.0404296,0.0202148,0.0202148,0,0.0606444,0.0202148,0,0,0.0404296,0.0202148,0.0202148,0.0202148,0.0202148,0
79213,79229,79221,3.8,-156.864,71.2766,624.642,-17.1118,292.885,57.4428,12.2261,1558.7,0.382469,0.00435182,6.27889,5.8694,5.23241,4.66367,4.80017,3.41244,3.25319,3.23044,2.34321,2.18396,2.04746,1.95647,2.09296,7.21163,1.63797,0.523241,0.0682488,0.0682488,0.0682488,0.0454992,0,0,0.0454992,0,0.0227496,0,0.0454992,0.0682488,0.0454992,0.0227496,0.0454992,0.0227496,0.0227496,0.0909984,0.0227496,0
79230,79248,79239,3.9,-156.861,71.2763,616.67,-17.7817,293.193,69.8858,14.2216,1574.88,0.332215,0.00489832,7.6075,6.10319,6.21064,5.24359,4.62037,4.51292,4.27653,3.41693,3.65332,3.15905,3.09457,2.62179,1.91262,9.5631,2.44987,0.709173,0,0.0644703,0.0644703,0.0859604,0,0.0859604,0.0859604,0.0429802,0,0.0214901,0.0429802,0.0214901,0.0214901,0,0.0429802,0.0214901,0.0859604,0,0,0.0429802
79249,79267,79258,4,-156.859,71.2761,608.318,-18.2553,293.791,55.7501,12.3518,1529.43,0.371466,0.00448207,5.82007,5.30954,4.94195,3.71668,4.26805,3.59415,2.73645,3.43078,2.47098,2.36887,2.22592,1.71539,1.73581,7.96431,1.85834,0.735167,0.0612639,0.0816852,0.0816852,0.0612639,0.0204213,0,0.0816852,0.0204213,0.0204213,0.0204213,0.122528,0.0408426,0.0816852,0.0204213,0.0204213,0.0612639,0.0408426,0,0.0204213,0
79268,79286,79277,4.1,-156.856,71.2756,600.002,-17.8467,295.423,44.4096,10.0395,1394.08,0.416578,0.00378074,4.94395,4.7075,3.56825,3.24581,3.41778,3.07385,2.72992,2.30001,1.84861,1.99908,1.61216,1.31122,1.31122,6.1692,1.03178,0.4729,0.0644864,0,0.107477,0.0859818,0.0214955,0,0.0644864,0,0,0,0.0859818,0,0.0214955,0.0214955,0.0429909,0.0214955,0.0644864,0,0.0429909,0.0214955
79288,79304,79296,4.2,-156.852,71.275,592.007,-18.1124,296.249,65.3697,17.3973,2519.36,0.434441,0.00712078,6.42532,5.51393,5.21773,4.83039,4.23798,4.10127,3.64557,3.21266,3.23545,2.43798,2.18734,2.57469,2.00507,10.9367,2.68861,0.774684,0.136709,0.113924,0.113924,0.0227848,0.0455697,0.0455697,0.136709,0.0227848,0.0455697,0.0455697,0.113924,0.0683545,0.0455697,0.0455697,0.113924,0.0455697,0.0455697,0.0683545,0.0455697,0.0227848
79305,79323,79314,4.3,-156.848,71.2746,584.234,-18.3463,297.096,105.444,24.7852,3230.89,0.391067,0.00942523,9.64728,8.58218,7.96771,7.72192,6.65683,6.94358,5.77608,5.59173,5.07967,4.42423,4.44471,4.09651,2.99045,18.0246,4.50616,1.39281,0.225308,0.0819302,0.122895,0.122895,0.122895,0.0614476,0.102413,0.0409651,0.0204825,0.0819302,0.143378,0.0614476,0.0204825,0.0204825,0.0409651,0.122895,0.0614476,0.0819302,0.0204825,0.0409651
