data/B2SAP/Locations/Alaska/NOAA-POPS-B2SAP_GMLBalloon_20230317_R0.ict
61,1001
Thornberry, T. D.
NOAA Chemical Sciences Laboratory
Portable Optical Particle Spectrometer (POPS)
Balloon Baseline Stratospheric Aerosol Profiles (B2SAP)
1,1
2023,03,17,2024,05,28
0
TIME_START,s,Seconds since midnight UTC on flight start day,Start time of 100 m altitude bin in UTC_seconds_since_midnight
28
1.0,1.0,1.0,1.0,1.0,1.0,1.0,1.0,1.0,1.0,1.0,1.0,1.0,1.0,1.0,1.0,1.0,1.0,1.0,1.0,1.0,1.0,1.0,1.0,1.0,1.0,1.0,1.0
99999,99999,99999,99999,99999,99999,99999,99999,99999,99999,99999,99999,99999,99999,99999,99999,99999,99999,99999,99999,99999,99999,99999,99999,99999,99999,99999,99999
TIME_STOP,s,End time of 100 m altitude bin in UTC seconds since midnight,
TIME_MID,s,Mid time of 100 m altitude in UTC seconds since midnight,
GPSAlt,m,GPS reported altitude above sea level (m),
GPS_Lon,deg,GPS reported longitude,
GPS_Lat,deg,GPS reported latitude,
iMet_Pressure,mb,Pressure reported (mB),
iMet_Temperature,degrees C,Ambient temperature (oC),
THETA,K,Potential temperature from iMet,
Aerosol_concentration,cm^-3,Aerosol concentration,
Surface_Area_Conc,um^2 cm^-3,Surface area concentration,
Volume_density,um^3 cm^-3,Volume density,
Effective_radius,um,Effective radius,
Extinction,km^-1,Extinction,
Bin01,cm^-3,particle concentration in size range [140 - 170 nm],
Bin02,cm^-3,particle concentration in size range [170 - 205 nm],
Bin03,cm^-3,particle concentration in size range [205 - 249 nm],
Bin04,cm^-3,particle concentration in size range [249 - 302 nm],
Bin05,cm^-3,particle concentration in size range [302 - 366 nm],
Bin06,cm^-3,particle concentration in size range [366 - 443 nm],
Bin07,cm^-3,particle concentration in size range [443 - 537 nm],
Bin08,cm^-3,particle concentration in size range [537 - 651 nm],
Bin09,cm^-3,particle concentration in size range [651 - 789 nm],
Bin10,cm^-3,particle concentration in size range [789 - 956 nm],
Bin11,cm^-3,particle concentration in size range [956 - 1159 nm],
Bin12,cm^-3,particle concentration in size range [1159 - 1404 nm],
Bin13,cm^-3,particle concentration in size range [1404 - 1702 nm],
Bin14,cm^-3,particle concentration in size range [1702 - 2062 nm],
Bin15,cm^-3,particle concentration in size range [2062 - 2500 nm],
0
19
PI_CONTACT_INFO: 325 Broadway R/CSL6, Boulder, CO 80305; troy.thornberry@noaa.gov; 303-497-3373 
PLATFORM: GML ECC/FPH balloon
LOCATION: Utqiagvik, AL, USA
ASSOCIATED_DATA: N/A
INSTRUMENT_INFO: Printed Optical Particle Spectrometer counts particles from 140 - 2500 nm in diameter 
DATA_INFO: Particle concentrations reported in number per cubic centimeter, binned to 100 m altitude
UNCERTAINTY: Counting uncertainty dominated by air flow, less than 5 percent
ULOD_FLAG: -77777
ULOD_VALUE: 3000 ~3000 per cm3 (varies depending on flow rate- manufacturer quotes 1250  per cm3 at 1.667 cc/s)
LLOD_FLAG: -88888
LLOD_VALUE: 0 0 (varies depending on data field and measurement precision)
DM_CONTACT_INFO: Troy Thornberry, 325 Broadway R/CSL6, Boulder, CO 80305; troy.thornberry@noaa.gov; 303-497-3373
PROJECT_INFO: B2SAP Utqiagvik, AL, USA
STIPULATIONS_ON_USE: Please contact the PIs for questions regarding applications and uncertainties
OTHER_COMMENTS: POPS bin Edges (nm):  140, 170, 205, 249, 302, 366, 443, 537, 651, 789, 956, 1159, 1404, 1702, 2062, 2500
Calculations assume sulfate refractive index of 1.45+0.00j and extinction wavelength = 532 nm
REVISION: R0
R0: QA/QC data
TIME_START,TIME_STOP,TIME_MID,GPSAlt,GPS_Lon,GPS_Lat,iMet_Pressure,iMet_Temperature,THETA,Aerosol_concentration,Surface_Area_Conc,Volume_density,Effective_radius,Extinction,Bin01,Bin02,Bin03,Bin04,Bin05,Bin06,Bin07,Bin08,Bin09,Bin10,Bin11,Bin12,Bin13,Bin14,Bin15
69180,73391,71286,14.4,-155.526,68.6446,269.017,-55.465,364.681,24.6779,5.3617,317.591,0.1777,0.00203309,5.92494,5.84109,4.55549,2.90657,2.62709,1.45329,0.810487,0.391269,0.111791,0.0558956,0,0,0,0,0
69183,73411,71297,14.5,-155.787,68.689,267.579,-55.6475,365.693,24.5043,5.11387,295.183,0.173166,0.00187228,6.04216,5.90229,4.69946,2.85324,2.60148,1.09095,0.783243,0.363648,0.139865,0.027973,0,0,0,0,0
69189,73435,71312,14.6,-156.211,70.1346,185.365,-58.6592,380.509,14.0398,3.20156,201.288,0.188616,0.00133378,3.1596,3.59277,2.29326,1.88557,1.5798,0.662496,0.382209,0.254806,0.203845,0.0254806,0,0,0,0,0
69191,73323,71257,14.1,-154.394,70.6346,161.255,-59.7112,378.004,10.6853,2.77181,187.557,0.202997,0.00124577,2.50416,2.20261,1.59952,1.3373,1.32419,0.82598,0.432656,0.34088,0.0786647,0.0262216,0.0131108,0,0,0,0
69196,73108,71152,13.2,-153.475,70.2252,193.12,-59.0967,361.659,12.4438,2.73078,185.859,0.204183,0.00105277,3.5084,2.96021,2.13793,1.35219,1.18774,0.56646,0.456822,0.146183,0.0548187,0.0365458,0.0182729,0.0182729,0,0,0
69197,73036,71116,12.9,-147.897,68.1791,284.762,-54.9646,346.538,26.1062,4.80069,251.393,0.157098,0.00145093,7.24049,6.63471,4.73084,3.25966,2.16349,1.21156,0.634625,0.144233,0.0576932,0.0288466,0,0,0,0,0
70264,70292,70278,0.1,-156.785,71.2817,1004.85,-17.0652,255.736,158.852,29.4338,1631.15,0.166253,0.00831029,38.3558,40.4881,34.0519,20.3422,16.2868,4.76177,3.40126,0.667171,0.156981,0.1439,0.156981,0.0261636,0,0.0130818,0
70293,70320,70306,0.2,-156.78,71.2828,991.856,-16.2943,257.458,160.801,28.8982,1507.37,0.156484,0.00781151,39.5775,41.2158,34.3917,20.5808,16.248,4.59007,3.2496,0.500981,0.18956,0.16248,0.01354,0.0406201,0.0406201,0,0
70321,70347,70334,0.3,-156.775,71.2836,978.888,-15.7896,258.933,156.557,28.199,1495.3,0.15908,0.00761735,38.3129,40.4038,33.0011,20.6398,15.5258,4.80324,2.9102,0.579215,0.113017,0.169526,0.0282544,0.0423816,0.0141272,0.0141272,0
70348,70374,70361,0.4,-156.771,71.2845,965.859,-15.7385,259.977,150.377,26.6464,1348.18,0.151786,0.0070547,36.9442,38.4759,32.3771,19.3925,15.1908,4.01903,3.16183,0.576155,0.140526,0.0702628,0.0140526,0,0,0.0140526,0
70375,70400,70388,0.5,-156.768,71.2854,952.848,-14.68,262.066,165.128,30.1186,1696.7,0.169002,0.00837823,39.3544,43.2097,37.1023,20.5742,15.841,4.54237,3.47357,0.496225,0.152685,0.229027,0.0381711,0.0381711,0.0381711,0.0381711,0
70402,70424,70413,0.6,-156.765,71.286,940.288,-14.8183,262.918,153.346,27.5183,1570.89,0.171255,0.00737684,39.385,39.7949,33.8982,17.7847,14.2846,4.06779,3.18486,0.630665,0.0630665,0.0315332,0,0.0630665,0.126133,0.0315332,0
70427,70452,70440,0.7,-156.762,71.2867,927.32,-14.8633,263.915,138.205,24.8982,1300.15,0.156655,0.00689019,34.6683,35.4484,30.0188,16.3512,13.6676,3.99419,3.15166,0.499273,0.249637,0.0624092,0.0624092,0.0312046,0,0,0
70457,70472,70464,0.8,-156.758,71.2871,914.999,-14.9688,264.814,158.538,28.9663,1719.62,0.178099,0.00802502,42.3488,40.5628,32.1024,18.8948,16.1217,4.27718,3.19614,0.564024,0.0940041,0.0940041,0.047002,0.141006,0.047002,0.047002,0
70477,70502,70490,0.9,-156.755,71.2872,902.872,-15.7017,265.079,138.287,25.1475,1362.81,0.162578,0.00688487,37.5463,33.0257,27.5005,17.8628,14.692,3.64162,3.07654,0.627865,0.125573,0,0.0941797,0.0627865,0.0313932,0,0
70507,70522,70514,1,-156.753,71.2875,890.604,-16.1625,265.638,138.131,26.8935,1608.18,0.179394,0.0081548,33.4461,34.013,27.5411,18.2347,15.8255,4.39335,3.30682,0.992046,0.0472403,0.141721,0.0944806,0.0472403,0,0.0472403,0
70527,70550,70538,1.1,-156.75,71.2882,879.089,-15.7536,267.05,132.149,24.5606,1360.06,0.166127,0.00710267,33.9899,34.0919,25.688,16.2974,14.1539,3.26629,3.67458,0.61243,0.136096,0.0680478,0.0680478,0.0680478,0.0340239,0,0
70552,70572,70562,1.2,-156.747,71.2883,866.878,-14.1711,269.766,114.819,20.8446,1094.73,0.157556,0.00578059,31.3256,27.1239,22.5062,14.81,12.3139,3.41129,2.62087,0.457612,0.0832022,0.0832022,0.0416011,0.0416011,0,0,0
70577,70592,70584,1.3,-156.745,71.288,855.761,-14.215,270.723,114.623,19.5138,1184.15,0.182048,0.00502282,33.3831,31.889,20.4501,13.2132,10.9721,2.47455,1.58745,0.466897,0.0466897,0.0466897,0.0466897,0,0,0,0.0466897
70597,70617,70607,1.4,-156.744,71.2877,844.923,-14.4244,271.488,106.663,17.3654,831.434,0.143637,0.00437099,32.813,29.1994,18.9402,11.7545,8.97165,2.49213,1.86909,0.498425,0.0415354,0.0830708,0,0,0,0,0
70619,70640,70630,1.5,-156.743,71.2874,833.217,-14.523,272.466,98.9569,15.8442,785.341,0.1487,0.00378695,30.6748,27.4321,18.3005,10.8461,7.75256,1.97541,1.52815,0.223631,0.111816,0.0372719,0.0372719,0.0372719,0,0,0
70642,70661,70652,1.6,-156.741,71.2868,822.429,-14.9867,272.993,101.358,17.1988,1092.64,0.19059,0.00467919,31.6097,26.9819,20.2054,10.6192,7.52022,1.90071,1.85939,0.289239,0.165279,0.0826397,0.0826397,0,0,0,0.0413199
70664,70685,70674,1.7,-156.74,71.2861,811.752,-15.3679,273.614,92.6854,15.0592,861.612,0.171645,0.00370436,28.7446,25.3699,17.8462,9.88591,7.14644,1.96527,1.25063,0.337471,0.0595537,0.0198512,0.0198512,0,0,0.0198512,0.0198512
70686,70705,70696,1.8,-156.738,71.2855,800.986,-15.572,274.439,82.5452,13.6533,723.852,0.15905,0.00366069,26.3634,22.8708,15.2472,7.99915,5.93364,1.9904,1.44586,0.431879,0.112664,0.0751094,0.0187774,0.0375547,0.0187774,0,0
70706,70726,70716,1.9,-156.737,71.2852,790.552,-15.779,275.245,57.6331,9.07368,450.582,0.148974,0.00212738,18.3361,16.41,10.6882,5.58958,4.36214,1.07637,0.906419,0.169954,0.0377674,0,0.0377674,0.0188837,0,0,0
70727,70748,70738,2,-156.735,71.2847,780.03,-16.5491,275.477,54.433,8.57362,487.86,0.170707,0.00201845,17.6882,15.1051,10.3837,5.11486,4.25953,1.07771,0.581623,0.119746,0.0342131,0.0342131,0.0171065,0,0,0,0.0171065
70749,70767,70758,2.1,-156.734,71.2843,769.848,-17.4226,275.573,56.1731,8.83683,449.327,0.152541,0.00203793,18.4921,15.6059,9.75366,5.97163,4.27967,1.05499,0.816122,0.0995271,0,0.0398108,0,0.0398108,0.0199054,0,0
70768,70789,70778,2.2,-156.733,71.284,759.32,-18.3432,275.661,57.0395,9.35566,567.688,0.182036,0.00238395,18.6365,15.7332,10.3961,5.75437,3.99851,1.54725,0.573699,0.260772,0.0173848,0.0521544,0.0173848,0.0173848,0.0173848,0,0.0173848
70790,70808,70799,2.3,-156.731,71.2837,749.426,-19.2163,275.744,54.1793,8.62458,473.131,0.164575,0.0021267,17.2498,15.9245,9.47837,5.82357,3.47406,1.16471,0.823333,0.120488,0.0200813,0.0602439,0,0.0200813,0,0.0200813,0
70809,70829,70819,2.4,-156.73,71.2833,739.593,-20.1071,275.824,54.8891,8.92545,520.241,0.174862,0.00219899,17.4821,15.0576,9.98978,5.90636,4.15633,1.20315,0.875017,0.145836,0.0182295,0.0182295,0,0,0.0182295,0,0.0182295
70830,70848,70839,2.5,-156.729,71.2832,729.704,-21.0195,275.885,59.4978,9.24262,445.208,0.144507,0.00216858,19.3615,16.7369,10.8618,5.89527,4.25994,1.41325,0.686436,0.141325,0.0605678,0.0605678,0,0.0201893,0,0,0
70853,70871,70862,2.6,-156.728,71.2833,719.252,-21.8967,276.058,59.0144,10.0515,735.853,0.219625,0.00267251,19.6149,14.8173,12.185,5.94389,4.45792,0.976497,0.679302,0.169826,0,0.0424564,0,0,0.0424564,0.0849128,0
70873,70889,70881,2.7,-156.727,71.2835,709.45,-22.6822,276.28,62.0868,10.2565,529.025,0.154738,0.00244913,18.7432,16.6606,11.5843,6.72499,5.81386,1.345,1.04129,0.043387,0.043387,0,0.043387,0.043387,0,0,0
70892,70908,70900,2.8,-156.725,71.2837,699.819,-23.0825,276.918,60.8661,9.80082,490.506,0.150142,0.00242365,19.8134,15.6344,11.8979,6.48976,4.474,0.835802,1.37662,0.294989,0,0,0,0.0491648,0,0,0
70911,70928,70920,2.9,-156.723,71.2837,690.637,-23.0744,277.971,77.1479,13.903,831.912,0.179511,0.00397825,24.5904,19.5251,14.3299,7.44638,6.061,2.59757,2.12135,0.216464,0.0432929,0,0.0432929,0.173172,0,0,0
70930,70946,70938,3,-156.721,71.2836,681.237,-23.6438,278.424,77.3408,13.6741,707.375,0.155193,0.00397752,22.8496,19.3231,14.2991,9.03356,7.29448,2.02893,1.78739,0.531386,0.0483078,0.144923,0,0,0,0,0
70950,70968,70959,3.1,-156.718,71.2836,672.104,-24.3567,278.708,77.5805,13.5744,700.264,0.154761,0.00396679,23.0726,19.8133,15.8678,7.20482,6.60442,2.40161,1.92986,0.51463,0.0428858,0.128657,0,0,0,0,0
70969,70987,70978,3.2,-156.716,71.2834,662.871,-24.9222,279.172,79.3971,14.253,760.479,0.160067,0.00417766,23.2626,20.3493,14.4358,8.91369,7.2614,2.26103,2.21755,0.478296,0.173926,0,0,0,0.0434814,0,0
70991,71007,70999,3.3,-156.712,71.2832,654.079,-25.5275,279.552,81.2017,14.6129,779.906,0.160113,0.00429347,23.1586,21.0577,15.4391,8.59897,7.81725,2.34517,1.90545,0.684009,0.0977156,0.0488578,0,0.0488578,0,0,0
71009,71026,71018,3.4,-156.708,71.2829,645.424,-26.0889,279.987,71.8253,13.372,914.091,0.205075,0.00410852,21.3699,17.8155,14.2177,7.23888,6.89211,1.90725,1.8639,0.346773,0,0.0866932,0,0,0,0.0866932,0
71029,71048,71038,3.5,-156.705,71.2822,636.061,-26.2878,280.932,67.1982,12.7284,722.852,0.170372,0.00389326,17.8732,17.396,12.7108,8.15575,6.11681,1.99556,2.34261,0.433816,0.0867633,0,0,0.0433816,0.0433816,0,0
71049,71067,71058,3.6,-156.701,71.2819,627.117,-26.6344,281.671,67.455,13.2716,795.343,0.179785,0.00441845,19.0548,16.6566,12.7323,7.23822,5.93011,2.48541,2.61622,0.436037,0.130811,0.0436037,0.130811,0,0,0,0
71071,71087,71079,3.7,-156.696,71.2817,618.355,-27.3875,281.946,70.5431,13.0217,683.185,0.157396,0.00398391,20.8233,16.8358,12.7499,7.48259,7.38413,2.55983,2.06756,0.541503,0,0.0984551,0,0,0,0,0
71089,71106,71098,3.8,-156.692,71.2814,609.72,-27.8578,282.539,91.3766,17.3729,951.798,0.164359,0.00560686,26.0638,21.0262,17.8285,10.995,8.4543,2.8035,2.97872,0.876094,0.306633,0,0.0438047,0,0,0,0
71109,71123,71116,3.9,-156.688,71.2811,601.691,-28.5587,282.796,128.074,25.3042,1570.83,0.186233,0.00855797,36.291,31.8222,23.3264,13.1119,12.8664,4.37064,4.91083,0.883949,0.147325,0.196433,0.0982165,0,0,0.0491083,0
71128,71144,71136,4,-156.684,71.2808,593.055,-29.5143,282.86,111.197,23.2041,1947.3,0.251761,0.00808609,33.7071,26.1506,20.7167,11.6036,10.7263,3.87731,2.97166,0.594332,0.283015,0.198111,0.0283015,0.141508,0.0849046,0.0283015,0.0849046
71147,71163,71155,4.1,-156.681,71.2807,584.64,-30.2344,283.18,105.469,28.1925,3916.11,0.416718,0.0117375,34.3456,25.8088,19.1333,9.43014,8.95863,2.92831,2.15901,0.96783,0.272978,0.248162,0.173713,0.248162,0.421875,0.0744485,0.297794
71164,71181,71172,4.2,-156.677,71.2808,576.798,-30.6367,283.8,61.7016,13.8893,1401.42,0.302697,0.00515345,18.7596,15.2546,10.471,6.50303,5.79761,1.96193,1.98397,0.507016,0.110221,0.0220442,0.0881766,0.0881766,0.0440883,0.0220442,0.0881766
71182,71200,71191,4.3,-156.672,71.2809,568.492,-31.0453,284.502,50.903,9.224,516.567,0.168007,0.00274142,14.7356,13.3083,9.7188,5.26873,4.70197,1.3854,1.23847,0.398828,0.0209909,0.0629728,0.0209909,0.0419819,0,0,0
71201,71218,71210,4.4,-156.666,71.2812,561.057,-31.2567,285.325,40.3559,7.16593,381.697,0.159797,0.0020932,11.7576,11.0062,7.18274,4.22124,3.53612,1.32604,0.928231,0.30941,0.0221007,0.0442015,0,0.0221007,0,0,0
71219,71237,71228,4.5,-156.661,71.2813,552.832,-31.7279,285.969,35.3169,6.42786,406.912,0.189913,0.00191033,10.9879,8.86599,6.30283,4.03381,3.02536,0.903406,0.882397,0.231104,0,0.0210094,0.0210094,0.0210094,0,0.0210094,0
71238,71258,71248,4.6,-156.655,71.2817,545.096,-32.3314,286.409,57.4836,11.4031,804.368,0.211619,0.00386755,18.1327,14.3614,9.333,6.2093,4.9522,1.96183,1.67613,0.571408,0.0761877,0.0571408,0,0.0571408,0.0571408,0.0380939,0
71259,71277,71268,4.7,-156.648,71.2825,537.803,-32.8605,286.882,84.0988,17.7842,1573.13,0.26537,0.00634384,27.2091,19.266,14.1749,8.83027,8.13314,2.83076,2.2815,0.887252,0.12675,0.0633751,0.021125,0.12675,0.0422501,0.021125,0.0845002
71278,71298,71288,4.8,-156.641,71.2832,529.826,-33.5976,287.221,52.4188,11.0158,926.351,0.252279,0.00384545,16.0206,12.9572,8.48595,5.66998,5.3275,1.80754,1.36993,0.47567,0.0951339,0.0190268,0.0190268,0.0190268,0.0761071,0.0570804,0.0190268
71299,71316,71308,4.9,-156.634,71.2837,522.269,-34.3506,287.501,88.0399,18.5879,1369.42,0.221019,0.00663409,26.0536,20.7486,15.2785,9.26612,8.88887,3.44238,2.97082,0.754493,0.306513,0.0707337,0.0235779,0.0943117,0.0943117,0.0235779,0.0235779
71318,71332,71325,5,-156.629,71.2839,515.221,-34.987,287.849,96.3344,19.7872,1397.99,0.211954,0.00691582,29.5795,23.6717,15.7141,10.0876,9.2436,3.65725,2.89365,0.763602,0.241137,0.160758,0.0401896,0.200948,0.0401896,0.0401896,0
71333,71349,71341,5.1,-156.623,71.284,507.775,-35.5312,288.385,107.25,21.5341,1344.06,0.187246,0.00730959,32.0742,24.8235,19.3351,10.9767,10.876,3.8771,3.77639,1.00704,0.151056,0.100704,0.151056,0.0503519,0.0503519,0,0
71352,71371,71362,5.2,-156.616,71.2839,500.221,-36.406,288.555,77.9562,16.314,1317.55,0.242287,0.00591067,23.4551,19.7601,13.2939,7.67111,7.51046,2.65075,2.36961,0.722932,0.120489,0.200814,0,0.0401629,0.0803258,0.0401629,0.0401629
71374,71387,71380,5.3,-156.611,71.2837,493.16,-37.25,288.698,72.9044,14.3996,860.581,0.179293,0.00508583,21.5992,17.4299,13.4922,7.70158,6.31182,2.83742,2.37417,0.579066,0.34744,0.17372,0,0.0579066,0,0,0
71390,71409,71400,5.4,-156.606,71.2836,485.866,-38.1489,288.831,80.8725,15.5908,1030.52,0.198293,0.00511862,25.6359,19.1481,14.4624,9.10097,5.99222,3.10875,2.43293,0.675815,0.0901086,0.0450543,0.0901086,0.0450543,0,0.0450543,0
71410,71428,71419,5.5,-156.601,71.2832,478.938,-38.8733,289.123,136.369,25.7043,1397.04,0.163051,0.00828859,40.2156,34.2173,22.9479,15.5864,11.8147,5.27119,4.63501,1.40868,0.181765,0.0454413,0,0.0454413,0,0,0
71432,71448,71440,5.6,-156.597,71.2836,472.394,-39.5633,289.404,136.165,28.2541,2041.52,0.216767,0.00992048,40.8496,30.9218,24.4096,14.3452,13.3888,5.41929,4.91835,1.36621,0.136621,0.0910805,0.136621,0.0455403,0.0455403,0.0455403,0.0455403
71449,71469,71459,5.7,-156.593,71.2842,465.784,-40.2322,289.738,146.329,29.6538,2009.8,0.203327,0.010097,42.8391,34.116,24.8448,16.8525,14.3406,6.25688,5.66316,0.913413,0.274024,0.0456707,0.0456707,0,0.0456707,0.0456707,0.0456707
71471,71489,71480,5.8,-156.588,71.2851,458.924,-40.9038,290.127,126.649,26.5075,1742.24,0.197179,0.00957174,38.9649,27.6707,21.6129,14.3744,11.7049,5.85243,4.41499,1.02674,0.410697,0.308023,0.0513371,0.154011,0.102674,0,0
71491,71509,71500,5.9,-156.583,71.2857,452.109,-41.6088,290.491,114.487,21.8931,1438.07,0.197058,0.00742621,37.2148,29.2033,19.3827,10.4408,9.45876,3.41136,3.77317,0.982057,0.310123,0.103374,0,0.103374,0.0516872,0.0516872,0
71511,71524,71518,6,-156.579,71.2863,446.081,-42.3257,290.707,83.3975,13.8331,688.302,0.149273,0.00385345,29.4798,20.879,13.6426,7.2958,7.17717,2.49125,1.60152,0.771101,0,0.0593155,0,0,0,0,0
71529,71544,71536,6.1,-156.573,71.2868,438.879,-43.0375,291.159,79.0511,12.6737,648.928,0.153608,0.00329778,30.0602,18.6186,13.4699,6.86496,5.92883,1.97628,1.61223,0.416058,0.0520073,0,0,0,0.0520073,0,0
71549,71569,71559,6.2,-156.57,71.2876,432.543,-43.6256,291.622,75.86,12.3405,622.039,0.151219,0.00317545,26.33,19.2872,12.9349,7.13489,6.39838,1.84126,1.51904,0.322221,0,0.0460315,0,0.0460315,0,0,0
71571,71584,71578,6.3,-156.566,71.2881,425.73,-44.2329,292.17,124.09,23.723,1349.11,0.170607,0.00766552,38.3778,28.7092,20.3456,14.3546,12.6344,3.85557,4.38942,1.0677,0.17795,0.0593165,0.0593165,0,0.0593165,0,0
71589,71603,71596,6.4,-156.564,71.2887,418.714,-44.7844,292.857,192.962,41.1691,2590.3,0.188756,0.0150934,54.0312,41.8231,33.4677,23.1628,20.4706,8.40175,8.2625,2.41376,0.557022,0.139256,0.0464185,0.092837,0.0464185,0.0464185,0
71605,71621,71613,6.5,-156.561,71.2893,413.593,-45.3571,293.155,136.689,27.644,1638.12,0.177773,0.0095264,39.3983,31.4301,24.3965,14.2641,14.4854,5.58266,5.13998,1.40181,0.368898,0.0491864,0.0245932,0.122966,0.0245932,0,0
71623,71635,71629,6.6,-156.558,71.2898,408.128,-46.157,293.236,119.361,21.9603,1170.21,0.159862,0.00678089,36.8461,28.3173,20.7548,12.4361,12.184,3.90728,3.90728,0.67222,0.252083,0.0420138,0.0420138,0,0,0,0
71640,71660,71650,6.7,-156.554,71.29,400.899,-47.0021,293.637,139.294,30.4946,2018.24,0.198551,0.0113708,37.5321,31.0404,24.9697,15.7528,14.9552,6.73539,5.91562,1.55091,0.37665,0.221559,0.0221559,0.110779,0.0664676,0.0443118,0
