data/B2SAP/Locations/Alaska/NOAA-POPS-B2SAP_GMLBalloon_20230319_R0.ict
61,1001
Thornberry, T. D.
NOAA Chemical Sciences Laboratory
Portable Optical Particle Spectrometer (POPS)
Balloon Baseline Stratospheric Aerosol Profiles (B2SAP)
1,1
2023,03,19,2024,05,28
0
TIME_START,s,Seconds since midnight UTC on flight start day,Start time of 100 m altitude bin in UTC_seconds_since_midnight
28
1.0,1.0,1.0,1.0,1.0,1.0,1.0,1.0,1.0,1.0,1.0,1.0,1.0,1.0,1.0,1.0,1.0,1.0,1.0,1.0,1.0,1.0,1.0,1.0,1.0,1.0,1.0,1.0
99999,99999,99999,99999,99999,99999,99999,99999,99999,99999,99999,99999,99999,99999,99999,99999,99999,99999,99999,99999,99999,99999,99999,99999,99999,99999,99999,99999
TIME_STOP,s,End time of 100 m altitude bin in UTC seconds since midnight,
TIME_MID,s,Mid time of 100 m altitude in UTC seconds since midnight,
GPSAlt,m,GPS reported altitude above sea level (m),
GPS_Lon,deg,GPS reported longitude,
GPS_Lat,deg,GPS reported latitude,
iMet_Pressure,mb,Pressure reported (mB),
iMet_Temperature,degrees C,Ambient temperature (oC),
THETA,K,Potential temperature from iMet,
Aerosol_concentration,cm^-3,Aerosol concentration,
Surface_Area_Conc,um^2 cm^-3,Surface area concentration,
Volume_density,um^3 cm^-3,Volume density,
Effective_radius,um,Effective radius,
Extinction,km^-1,Extinction,
Bin01,cm^-3,particle concentration in size range [140 - 170 nm],
Bin02,cm^-3,particle concentration in size range [170 - 205 nm],
Bin03,cm^-3,particle concentration in size range [205 - 249 nm],
Bin04,cm^-3,particle concentration in size range [249 - 302 nm],
Bin05,cm^-3,particle concentration in size range [302 - 366 nm],
Bin06,cm^-3,particle concentration in size range [366 - 443 nm],
Bin07,cm^-3,particle concentration in size range [443 - 537 nm],
Bin08,cm^-3,particle concentration in size range [537 - 651 nm],
Bin09,cm^-3,particle concentration in size range [651 - 789 nm],
Bin10,cm^-3,particle concentration in size range [789 - 956 nm],
Bin11,cm^-3,particle concentration in size range [956 - 1159 nm],
Bin12,cm^-3,particle concentration in size range [1159 - 1404 nm],
Bin13,cm^-3,particle concentration in size range [1404 - 1702 nm],
Bin14,cm^-3,particle concentration in size range [1702 - 2062 nm],
Bin15,cm^-3,particle concentration in size range [2062 - 2500 nm],
0
19
PI_CONTACT_INFO: 325 Broadway R/CSL6, Boulder, CO 80305; troy.thornberry@noaa.gov; 303-497-3373 
PLATFORM: GML ECC/FPH balloon
LOCATION: Utqiagvik, AL, USA
ASSOCIATED_DATA: N/A
INSTRUMENT_INFO: Printed Optical Particle Spectrometer counts particles from 140 - 2500 nm in diameter 
DATA_INFO: Particle concentrations reported in number per cubic centimeter, binned to 100 m altitude
UNCERTAINTY: Counting uncertainty dominated by air flow, less than 5 percent
ULOD_FLAG: -77777
ULOD_VALUE: 3000 ~3000 per cm3 (varies depending on flow rate- manufacturer quotes 1250  per cm3 at 1.667 cc/s)
LLOD_FLAG: -88888
LLOD_VALUE: 0 0 (varies depending on data field and measurement precision)
DM_CONTACT_INFO: Troy Thornberry, 325 Broadway R/CSL6, Boulder, CO 80305; troy.thornberry@noaa.gov; 303-497-3373
PROJECT_INFO: B2SAP Utqiagvik, AL, USA
STIPULATIONS_ON_USE: Please contact the PIs for questions regarding applications and uncertainties
OTHER_COMMENTS: POPS bin Edges (nm):  140, 170, 205, 249, 302, 366, 443, 537, 651, 789, 956, 1159, 1404, 1702, 2062, 2500
Calculations assume sulfate refractive index of 1.45+0.00j and extinction wavelength = 532 nm
REVISION: R0
R0: QA/QC data
TIME_START,TIME_STOP,TIME_MID,GPSAlt,GPS_Lon,GPS_Lat,iMet_Pressure,iMet_Temperature,THETA,Aerosol_concentration,Surface_Area_Conc,Volume_density,Effective_radius,Extinction,Bin01,Bin02,Bin03,Bin04,Bin05,Bin06,Bin07,Bin08,Bin09,Bin10,Bin11,Bin12,Bin13,Bin14,Bin15
[from data line 317]
72027,72029,72028,22.8,-156.178,72.0655,34.8967,-54.89,569.271,1.82463,0.285465,14.5104,0.152492,8.9172e-05,0.960329,0.288099,0.288099,0.0960329,0,0.0960329,0.0960329,0,0,0,0,0,0,0,0
72030,72032,72031,22.7,-156.177,72.066,35.4333,-54.4233,568.008,1.93063,0.354437,18.4511,0.156173,0.000112733,0.772253,0.386126,0.193063,0.193063,0.193063,0.0965316,0.0965316,0,0,0,0,0,0,0,0
72033,72034,72034,22.6,-156.177,72.0664,35.91,-54.235,566.337,1.79495,0.34616,17.566,0.152236,9.97006e-05,0.552293,0.552293,0,0.276147,0.138073,0.276147,0,0,0,0,0,0,0,0,0
72038,72038,72038,22.4,-156.176,72.067,36.82,-54.35,561.996,1.95462,0.341744,16.5009,0.144853,8.85107e-05,0.279231,1.11692,0,0.279231,0,0.279231,0,0,0,0,0,0,0,0,0
72040,72045,72042,22.2,-156.174,72.0679,37.735,-53.58,560.048,1.77096,0.197039,6.54172,0.0996003,1.60921e-05,0.681137,0.54491,0.408682,0.136227,0,0,0,0,0,0,0,0,0,0,0
72046,72048,72047,22.1,-156.173,72.0683,38.64,-52.68,558.537,1.95148,0.287059,12.3374,0.128936,5.66049e-05,0.798333,0.443518,0.266111,0.177407,0.177407,0.0887036,0,0,0,0,0,0,0,0,0
72049,72051,72050,22,-156.172,72.0687,39.2233,-52.1433,557.514,2.20966,0.496027,28.3397,0.1714,0.000190225,0.618706,0.530319,0.353546,0,0.353546,0.176773,0.176773,0,0,0,0,0,0,0,0
72052,72053,72052,21.9,-156.171,72.0692,39.74,-52,555.788,1.55813,0.423028,25.9598,0.1841,0.00018184,0.389532,0.259688,0.259688,0.129844,0,0.389532,0.129844,0,0,0,0,0,0,0,0
72055,72056,72056,21.8,-156.17,72.0696,40.35,-52.015,553.333,2.2075,0.409078,20.8559,0.152948,0.000123284,0.90897,0.129853,0.389558,0.389558,0.259706,0,0.129853,0,0,0,0,0,0,0,0
72057,72059,72058,21.7,-156.169,72.0701,40.8933,-51.5567,552.373,1.71633,0.324812,16.0236,0.147996,8.63375e-05,0.514899,0.257449,0.343266,0.343266,0,0.257449,0,0,0,0,0,0,0,0,0
72060,72062,72061,21.6,-156.168,72.0707,41.5333,-50.8567,551.657,2.3071,0.386914,19.0661,0.147832,0.000107508,0.93993,0.683585,0.170896,0.0854482,0.0854482,0.341793,0,0,0,0,0,0,0,0,0
72063,72065,72064,21.5,-156.167,72.0713,42.1233,-50.7267,549.76,1.49924,0.290304,14.9593,0.154589,9.02037e-05,0.499746,0.166582,0.416455,0,0.333164,0,0.083291,0,0,0,0,0,0,0,0
72066,72068,72067,21.4,-156.166,72.0718,42.75,-50.8433,547.167,2.25003,0.461706,22.7212,0.147634,0.00012027,0.416672,0.500007,0.250003,0.583341,0.250003,0.250003,0,0,0,0,0,0,0,0,0
72069,72071,72070,21.3,-156.166,72.0723,43.4033,-51.04,544.311,2.14099,0.564322,35.456,0.188488,0.000250352,0.576419,0.164691,0.329382,0.576419,0.0823456,0.164691,0.164691,0.0823456,0,0,0,0,0,0,0
72072,72074,72073,21.2,-156.165,72.0728,44.0667,-50.7733,542.608,2.42116,0.603187,39.4241,0.196079,0.000296677,0.726347,0.403526,0.645641,0.16141,0,0.0807052,0.322821,0.0807052,0,0,0,0,0,0,0
72075,72076,72076,21.1,-156.164,72.0732,44.63,-50.295,541.812,2.18801,0.399879,19.6361,0.147316,0.000106945,0.972447,0.243112,0.121556,0.364668,0.243112,0.243112,0,0,0,0,0,0,0,0,0
72080,72080,72080,21,-156.163,72.0738,45.6,-50.47,538.058,2.8656,0.443169,19.2984,0.130639,8.87055e-05,0.477599,1.194,0.716399,0.2388,0,0.2388,0,0,0,0,0,0,0,0,0
72081,72083,72082,20.9,-156.163,72.0741,46.05,-51.02,535.232,2.55352,0.609995,37.3028,0.183458,0.000258435,0.877772,0.239392,0.31919,0.63838,0,0.239392,0.159595,0.0797975,0,0,0,0,0,0,0
72084,72086,72085,20.8,-156.162,72.0747,46.71,-51.65,531.557,2.82848,0.820155,53.0963,0.194218,0.00038511,0.471414,0.471414,0.589267,0.35356,0.235707,0.35356,0.235707,0.117853,0,0,0,0,0,0,0
72087,72089,72088,20.7,-156.161,72.0751,47.41,-51.66,529.27,2.94284,0.799817,52.1617,0.195651,0.000388216,1.27258,0.238609,0.159073,0.159073,0.397682,0.318145,0.318145,0.0795363,0,0,0,0,0,0,0
72090,72092,72091,20.6,-156.16,72.0755,48.13,-51.7433,526.797,3.64198,0.647651,34.3064,0.158911,0.00020946,1.26678,0.712561,0.870908,0.316694,0.158347,0.158347,0.0791735,0.0791735,0,0,0,0,0,0,0
72093,72095,72094,20.5,-156.16,72.0759,48.8,-51.5467,525.194,2.74863,0.693485,43.4003,0.187749,0.000300706,0.863856,0.314129,0.392662,0.392662,0.235597,0.392662,0,0.157065,0,0,0,0,0,0,0
72096,72096,72096,20.4,-156.159,72.0765,49.24,-51.47,524.033,1.88412,0.364916,21.7814,0.179067,0.000159136,1.17758,0.235516,0,0,0.235516,0,0.235516,0,0,0,0,0,0,0,0
72099,72101,72100,20.3,-156.158,72.0768,50.1333,-51.6233,520.974,2.57686,0.60719,36.464,0.180161,0.000250229,0.546606,0.624692,0.468519,0.312346,0.23426,0.156173,0.156173,0.0780865,0,0,0,0,0,0,0
72102,72105,72104,20.2,-156.158,72.0773,50.935,-51.7275,518.385,2.62874,0.73663,54.317,0.221211,0.000417534,0.99308,0.292082,0.408915,0.292082,0.175249,0.0584164,0.175249,0.175249,0.0584164,0,0,0,0,0,0
72106,72107,72106,20.1,-156.158,72.0777,51.645,-52.115,515.429,2.24393,0.426667,22.1088,0.155452,0.000132491,0.472406,0.944811,0,0.472406,0.118101,0.118101,0.118101,0,0,0,0,0,0,0,0
72109,72111,72110,20,-156.157,72.0781,52.4767,-52.14,513.022,2.2224,0.501615,28.372,0.169684,0.000187588,0.512862,0.598339,0.341908,0.0854771,0.341908,0.170954,0.170954,0,0,0,0,0,0,0,0
72115,72115,72115,19.8,-156.157,72.0786,53.66,-52.51,508.899,2.80703,0.474594,23.0348,0.145608,0.00012782,1.53111,0.255185,0.255185,0,0.510369,0.255185,0,0,0,0,0,0,0,0,0
72116,72116,72116,19.7,-156.156,72.079,53.93,-52.57,508.035,3.64503,0.617045,30.6222,0.148882,0.000174548,1.82251,0.520718,0.520718,0,0.260359,0.520718,0,0,0,0,0,0,0,0,0
72122,72124,72123,19.6,-156.156,72.0794,55.6467,-52.3833,503.944,2.88077,0.659033,39.911,0.18168,0.000277316,0.872961,0.785665,0.0872961,0.43648,0.261888,0.174592,0.174592,0.0872961,0,0,0,0,0,0,0
72125,72128,72126,19.5,-156.155,72.0797,56.575,-52.0925,502.223,3.79406,0.923778,52.0014,0.168876,0.000334786,1.0289,0.514448,0.450142,0.32153,0.835979,0.450142,0.192918,0,0,0,0,0,0,0,0
72129,72131,72130,19.4,-156.155,72.0801,57.47,-51.6867,500.902,4.06268,1.27573,103.028,0.242281,0.000718027,1.12372,0.69152,0.4322,0.4322,0.60508,0.25932,0.34576,0,0.08644,0.08644,0,0,0,0,0
72132,72133,72132,19.3,-156.155,72.0803,58.1,-51.725,499.251,4.5389,1.0208,65.7197,0.193142,0.000480159,1.68588,1.03746,0.389048,0.648414,0.129683,0.129683,0.259365,0.259365,0,0,0,0,0,0,0
72138,72138,72138,18.9,-156.154,72.0815,59.48,-51.93,495.456,3.11527,0.603465,32.783,0.162974,0.00021382,1.03842,0.778817,0.519212,0,0.519212,0,0.259606,0,0,0,0,0,0,0,0
72159,72159,72159,18.6,-156.152,72.082,64.98,-51.67,483.663,6.08564,2.15998,160.04,0.22228,0.00129142,1.58756,0.793779,1.05837,0.264593,0.264593,0.529186,1.05837,0.529186,0,0,0,0,0,0,0
72160,72160,72160,18.5,-156.151,72.0821,65.26,-51.76,482.875,4.40991,1.25966,90.9364,0.216574,0.000632942,0.518813,1.29703,0.259406,1.03763,0.778219,0.259406,0,0,0.259406,0,0,0,0,0,0
72165,72165,72165,18.4,-156.15,72.0824,66.69,-51.76,479.883,3.17641,0.934961,60.8088,0.195117,0.000432125,0.529401,0.2647,0.794101,0.2647,0.794101,0.2647,0,0.2647,0,0,0,0,0,0,0
72169,72169,72169,18.3,-156.15,72.0828,67.78,-52.19,476.746,2.29333,0.702704,43.6283,0.186259,0.000304553,0.50963,0,0.254815,0.764445,0,0.50963,0.254815,0,0,0,0,0,0,0,0
72173,72173,72173,18.1,-156.148,72.0834,68.83,-52.2,474.643,2.85915,0.752297,45.0134,0.179504,0.000307663,0.519846,0.519846,0.519846,0.519846,0,0.519846,0.259923,0,0,0,0,0,0,0,0
72184,72184,72184,17.4,-156.141,72.0859,72.08,-51.12,470.697,3.43119,0.68999,36.6747,0.159458,0.000229583,0.527875,1.31969,0.527875,0.263937,0.527875,0,0.263937,0,0,0,0,0,0,0,0
72204,72204,72204,17.3,-156.14,72.0864,78.01,-50.18,462.148,4.19948,1.29192,90.3456,0.209793,0.00070334,0.279966,1.67979,0.839897,0,0.279966,0.279966,0.559931,0.279966,0,0,0,0,0,0,0
72222,72223,72222,16.9,-156.136,72.0878,83.555,-51.91,449.644,4.03799,1.56883,128.529,0.24578,0.000989778,0.865283,0.288428,0.576855,0.721069,0.432642,0.576855,0,0.288428,0.288428,0,0,0,0,0,0
72224,72224,72224,16.2,-156.133,72.0915,84,-52.18,448.415,4.33166,1.57371,131.16,0.250034,0.00103504,1.15511,0.288777,1.15511,0.577555,0,0.288777,0.288777,0.288777,0.288777,0,0,0,0,0,0
72253,72254,72254,16.1,-156.133,72.0916,93.455,-54.07,431.241,6.47031,1.86888,133.682,0.214591,0.00101094,2.01299,0.718923,1.15028,0.575139,0.862708,0.143785,0.575139,0.287569,0.143785,0,0,0,0,0,0
72259,72260,72260,16,-156.132,72.0922,95.35,-54.94,427.06,6.8787,2.06618,139.426,0.202441,0.00103562,1.34583,1.64491,0.299074,1.49537,0.149537,1.04676,0.448611,0.448611,0,0,0,0,0,0,0
72263,72263,72263,15.8,-156.132,72.093,96.56,-55.26,424.905,7.29599,2.18764,192.345,0.263771,0.00126202,2.33472,1.16736,0.875518,1.4592,0.291839,0.291839,0.583679,0,0,0.291839,0,0,0,0,0
72271,72275,72273,15.7,-156.132,72.0933,99.7533,-54.42,422.605,5.56281,1.28018,80.8712,0.189516,0.00057823,1.88738,1.19203,0.794687,0.397344,0.397344,0.397344,0.198672,0.298008,0,0,0,0,0,0,0
72278,72279,72278,15.6,-156.132,72.0937,101.76,-54.66,419.738,5.41158,1.37464,84.9836,0.185468,0.000599331,1.54617,1.23693,0.46385,0.154617,0.927699,0.618466,0.309233,0.154617,0,0,0,0,0,0,0
72280,72281,72280,15.5,-156.131,72.0938,102.405,-54.565,419.166,5.15491,0.969237,53.6159,0.165953,0.000354227,2.16174,1.3303,0.498862,0.166287,0.166287,0.498862,0.332575,0,0,0,0,0,0,0,0
72285,72286,72286,15.4,-156.13,72.0943,104.055,-54.325,417.72,7.04127,2.17954,158.057,0.217556,0.00120851,1.6375,1.14625,0.982502,0.982502,0.982502,0,0.818752,0.327501,0.16375,0,0,0,0,0,0
72290,72291,72290,15.3,-156.13,72.0947,105.735,-54.07,416.284,6.06343,2.03379,141.637,0.208926,0.00107954,1.59564,0.319128,0.957383,0.319128,1.11695,0.797819,0.478691,0.478691,0,0,0,0,0,0,0
72292,72298,72295,15.2,-156.129,72.0951,107.507,-53.99,414.475,6.81862,2.12606,174.168,0.245762,0.00125857,1.9796,1.53969,0.439911,0.769844,0.879822,0.219956,0.549889,0.109978,0.219956,0.109978,0,0,0,0,0
72299,72304,72302,15.1,-156.128,72.0953,109.578,-54.55,411.173,6.63841,2.01801,162.907,0.242179,0.001125,1.63911,1.22934,1.31129,0.57369,0.57369,0.491734,0.409779,0.245867,0,0.163911,0,0,0,0,0
72305,72305,72305,15,-156.127,72.0953,110.52,-55.22,408.911,6.58812,1.52792,81.6794,0.160374,0.000491011,1.64703,0.329406,0.988219,1.64703,1.31762,0.329406,0.329406,0,0,0,0,0,0,0,0
72313,72313,72313,14.9,-156.127,72.0957,113.41,-55.27,405.803,5.78602,2.6138,227.251,0.260828,0.00187177,2.25012,0,0.321446,0.642891,0.321446,0.642891,0.321446,0.964337,0.321446,0,0,0,0,0,0
72314,72318,72316,14.8,-156.127,72.0959,114.418,-55.5275,404.305,6.5799,1.68638,123.358,0.219449,0.00083717,1.89172,1.48048,0.904736,0.822487,0.411243,0.493492,0.328995,0.0822487,0.0822487,0.0822487,0,0,0,0,0
72319,72319,72319,14.7,-156.126,72.0961,115.58,-55.72,402.784,7.8252,2.27054,150.453,0.19879,0.00112544,2.13414,0,2.13414,1.06707,1.06707,0,1.06707,0.355691,0,0,0,0,0,0,0
72328,72328,72328,14.6,-156.126,72.0967,119.01,-56.03,398.855,6.58967,1.94322,150.733,0.232706,0.0011754,1.9769,1.9769,0.329484,0.658967,0.329484,0,0.988451,0,0.329484,0,0,0,0,0,0
72329,72333,72331,14.5,-156.125,72.097,120.048,-56.218,397.526,7.66135,2.16306,155.818,0.216107,0.00111496,1.59889,1.79875,1.26579,0.932687,0.599584,0.399723,0.732825,0.199861,0.0666205,0.0666205,0,0,0,0,0
72334,72336,72335,14.4,-156.125,72.0972,121.387,-56.92,394.989,8.62572,2.52682,185.662,0.22043,0.00141833,2.46449,1.56831,1.34427,0.896179,0.560112,0.448089,0.672134,0.448089,0.224045,0,0,0,0,0,0
72339,72339,72339,14.3,-156.123,72.0978,122.86,-56.8,393.851,7.27444,2.31622,215.123,0.27863,0.00143563,2.97591,1.32263,0,0.661313,1.32263,0.330656,0,0.330656,0,0.330656,0,0,0,0,0
72350,72351,72350,14.1,-156.123,72.0986,127.1,-57.71,388.404,8.1353,2.26685,147.669,0.195428,0.00108342,1.99232,1.99232,0.49808,0.830133,0.830133,0.996159,0.664106,0.332053,0,0,0,0,0,0,0
72353,72360,72356,14,-156.122,72.0994,129.78,-57.5275,386.433,8.56726,2.10061,125.989,0.179932,0.000858394,2.3518,1.1759,1.42788,0.923921,1.34388,0.671942,0.419964,0.251978,0,0,0,0,0,0,0
72361,72361,72361,13.9,-156.122,72.0997,131.16,-57.43,385.44,6.30082,2.57994,296.275,0.344515,0.00190043,1.65811,2.32135,0.331622,0.331622,0.663244,0.331622,0,0,0,0.663244,0,0,0,0,0
72370,72371,72370,13.8,-156.121,72.1008,134.485,-57.62,382.346,6.55637,1.56915,96.5309,0.184554,0.000682003,1.803,1.63909,0.819546,0.655637,0.327818,0.655637,0.491727,0.163909,0,0,0,0,0,0,0
72372,72372,72372,13.7,-156.12,72.101,135.04,-57.85,381.489,6.97765,2.47379,185.834,0.225364,0.00141446,0.996807,1.32908,0.664538,1.32908,0.664538,0.664538,0.996807,0,0.332269,0,0,0,0,0,0
72378,72379,72378,13.6,-156.12,72.1016,137.55,-57.195,380.648,7.03236,2.83971,231.762,0.244844,0.00171271,0.837186,1.84181,0.167437,0.669749,1.00462,1.00462,1.00462,0.334874,0,0.167437,0,0,0,0,0
72382,72387,72384,13.5,-156.12,72.1021,139.787,-57.6467,378.1,9.11475,2.41197,152.853,0.190118,0.00110806,2.81319,1.35033,0.675167,1.46286,1.01275,0.562639,1.01275,0.225056,0,0,0,0,0,0,0
72389,72389,72389,13.4,-156.12,72.1024,141.45,-57.93,376.324,6.13648,0.94112,43.4291,0.138438,0.000222912,2.72732,1.36366,0.681831,0.681831,0,0.681831,0,0,0,0,0,0,0,0,0
72393,72398,72396,13.3,-156.12,72.103,144.273,-57.87,374.317,6.93856,1.52797,92.679,0.181965,0.000622771,2.25712,1.25396,1.00317,0.752374,0.919569,0.250791,0.334389,0.0835971,0.0835971,0,0,0,0,0,0
72399,72405,72402,13.2,-156.119,72.1035,146.72,-58.125,372.088,9.62523,2.83312,288.634,0.305636,0.00136079,3.5153,2.17614,1.17177,0.585884,0.920675,0.0836977,0.669581,0.251093,0.0836977,0,0.0836977,0.0836977,0,0,0
72407,72409,72408,13.1,-156.119,72.1042,149.29,-58.595,369.422,10.0027,2.46103,154.528,0.188369,0.00105657,2.50067,2.16725,1.66711,0.833557,0.833557,1.33369,0.500134,0,0.166711,0,0,0,0,0,0
72410,72416,72413,13,-156.119,72.1049,151.492,-58.8383,367.468,7.54434,1.93606,136.098,0.210889,0.000952306,2.81416,1.07776,0.958012,0.598757,0.718509,0.658633,0.41913,0.179627,0.0598757,0.0598757,0,0,0,0,0
72417,72421,72419,12.9,-156.119,72.1056,153.88,-58.782,365.929,10.1853,2.16909,136.182,0.188349,0.00095005,3.54941,2.46915,1.54322,0.540127,0.848772,0.308644,0.69445,0.0771611,0.154322,0,0,0,0,0,0
72423,72428,72426,12.8,-156.118,72.1065,156.592,-58.9617,363.807,9.72189,2.41888,150.238,0.186331,0.00106406,2.94793,1.50533,1.4426,1.00355,1.06627,0.752663,0.689941,0.313609,0,0,0,0,0,0,0
72429,72433,72431,12.7,-156.119,72.1072,158.91,-58.758,362.614,8.38072,1.92703,120.049,0.186891,0.00087442,3.18157,1.86238,0.620794,0.698394,0.543195,0.387996,0.931191,0.155199,0,0,0,0,0,0,0
72434,72440,72437,12.6,-156.119,72.1078,161.489,-58.4886,361.409,10.0834,2.41724,167.722,0.208157,0.00117538,3.8361,1.80844,1.42484,0.548014,0.876822,0.657616,0.602815,0.109603,0.164404,0.0548014,0,0,0,0,0
72441,72446,72444,12.5,-156.118,72.1083,164.143,-59.185,358.566,9.65044,1.88312,109.258,0.174059,0.000710315,3.17363,2.46119,1.55443,0.647681,0.906753,0.453376,0.129536,0.259072,0.0647681,0,0,0,0,0,0
72447,72453,72450,12.4,-156.118,72.1088,166.7,-59.16,357.031,9.79815,2.06725,123.344,0.178997,0.000848047,3.30338,2.1276,1.67968,0.783852,0.559894,0.559894,0.447916,0.335937,0,0,0,0,0,0,0
72454,72459,72456,12.3,-156.118,72.1093,169.39,-58.9033,355.819,10.9304,2.47424,153.558,0.186188,0.00107819,3.79348,2.44326,0.900149,1.22163,0.964445,0.578667,0.70726,0.257185,0.0642963,0,0,0,0,0,0
72460,72466,72463,12.2,-156.118,72.1098,172.089,-59.4,353.396,9.93657,2.4135,160.635,0.199671,0.00108188,2.63511,2.08613,1.37245,1.31756,1.37245,0.384287,0.384287,0.219593,0.109796,0.0548982,0,0,0,0,0
72467,72472,72470,12.1,-156.118,72.1104,174.875,-59.2167,352.083,11.3075,2.62936,177.767,0.202825,0.0011632,3.09534,2.969,1.7056,1.01072,0.947553,0.694872,0.631702,0.12634,0,0.12634,0,0,0,0,0
72473,72478,72476,12,-156.117,72.111,177.648,-59.5733,349.923,12.1257,2.51554,184.338,0.219839,0.000974218,4.64388,2.96693,1.41896,0.902977,1.16097,0.38699,0.257994,0.257994,0.0644984,0,0.0644984,0,0,0,0
72479,72484,72482,11.9,-156.117,72.1117,180.313,-59.67,348.274,12.6572,2.49387,147.478,0.177409,0.000974943,4.6431,3.053,1.65371,0.954062,0.954062,0.699646,0.381625,0.190812,0.127208,0,0,0,0,0,0
72485,72490,72488,11.8,-156.117,72.1125,183.087,-60.0283,346.174,10.4135,1.96179,110.443,0.168892,0.000703458,3.47116,2.46136,1.76713,1.0729,0.820455,0.252448,0.31556,0.189336,0.0631119,0,0,0,0,0,0
