data/B2SAP/Locations/Alaska/NOAA-POPS-B2SAP_GMLBalloon_20230315_R0.ict
61,1001
Thornberry, T. D.
NOAA Chemical Sciences Laboratory
Portable Optical Particle Spectrometer (POPS)
Balloon Baseline Stratospheric Aerosol Profiles (B2SAP)
1,1
2023,03,15,2024,05,28
0
TIME_START,s,Seconds since midnight UTC on flight start day,Start time of 100 m altitude bin in UTC_seconds_since_midnight
28
1.0,1.0,1.0,1.0,1.0,1.0,1.0,1.0,1.0,1.0,1.0,1.0,1.0,1.0,1.0,1.0,1.0,1.0,1.0,1.0,1.0,1.0,1.0,1.0,1.0,1.0,1.0,1.0
99999,99999,99999,99999,99999,99999,99999,99999,99999,99999,99999,99999,99999,99999,99999,99999,99999,99999,99999,99999,99999,99999,99999,99999,99999,99999,99999,99999
TIME_STOP,s,End time of 100 m altitude bin in UTC seconds since midnight,
TIME_MID,s,Mid time of 100 m altitude in UTC seconds since midnight,
GPSAlt,m,GPS reported altitude above sea level (m),
GPS_Lon,deg,GPS reported longitude,
GPS_Lat,deg,GPS reported latitude,
iMet_Pressure,mb,Pressure reported (mB),
iMet_Temperature,degrees C,Ambient temperature (oC),
THETA,K,Potential temperature from iMet,
Aerosol_concentration,cm^-3,Aerosol concentration,
Surface_Area_Conc,um^2 cm^-3,Surface area concentration,
Volume_density,um^3 cm^-3,Volume density,
Effective_radius,um,Effective radius,
Extinction,km^-1,Extinction,
Bin01,cm^-3,particle concentration in size range [140 - 170 nm],
Bin02,cm^-3,particle concentration in size range [170 - 205 nm],
Bin03,cm^-3,particle concentration in size range [205 - 249 nm],
Bin04,cm^-3,particle concentration in size range [249 - 302 nm],
Bin05,cm^-3,particle concentration in size range [302 - 366 nm],
Bin06,cm^-3,particle concentration in size range [366 - 443 nm],
Bin07,cm^-3,particle concentration in size range [443 - 537 nm],
Bin08,cm^-3,particle concentration in size range [537 - 651 nm],
Bin09,cm^-3,particle concentration in size range [651 - 789 nm],
Bin10,cm^-3,particle concentration in size range [789 - 956 nm],
Bin11,cm^-3,particle concentration in size range [956 - 1159 nm],
Bin12,cm^-3,particle concentration in size range [1159 - 1404 nm],
Bin13,cm^-3,particle concentration in size range [1404 - 1702 nm],
Bin14,cm^-3,particle concentration in size range [1702 - 2062 nm],
Bin15,cm^-3,particle concentration in size range [2062 - 2500 nm],
0
19
PI_CONTACT_INFO: 325 Broadway R/CSL6, Boulder, CO 80305; troy.thornberry@noaa.gov; 303-497-3373 
PLATFORM: GML ECC/FPH balloon
LOCATION: Utqiagvik, AL, USA
ASSOCIATED_DATA: N/A
INSTRUMENT_INFO: Printed Optical Particle Spectrometer counts particles from 140 - 2500 nm in diameter 
DATA_INFO: Particle concentrations reported in number per cubic centimeter, binned to 100 m altitude
UNCERTAINTY: Counting uncertainty dominated by air flow, less than 5 percent
ULOD_FLAG: -77777
ULOD_VALUE: 3000 ~3000 per cm3 (varies depending on flow rate- manufacturer quotes 1250  per cm3 at 1.667 cc/s)
LLOD_FLAG: -88888
LLOD_VALUE: 0 0 (varies depending on data field and measurement precision)
DM_CONTACT_INFO: Troy Thornberry, 325 Broadway R/CSL6, Boulder, CO 80305; troy.thornberry@noaa.gov; 303-497-3373
PROJECT_INFO: B2SAP Utqiagvik, AL, USA
STIPULATIONS_ON_USE: Please contact the PIs for questions regarding applications and uncertainties
OTHER_COMMENTS: POPS bin Edges (nm):  140, 170, 205, 249, 302, 366, 443, 537, 651, 789, 956, 1159, 1404, 1702, 2062, 2500
Calculations assume sulfate refractive index of 1.45+0.00j and extinction wavelength = 532 nm
REVISION: R0
R0: QA/QC data
TIME_START,TIME_STOP,TIME_MID,GPSAlt,GPS_Lon,GPS_Lat,iMet_Pressure,iMet_Temperature,THETA,Aerosol_concentration,Surface_Area_Conc,Volume_density,Effective_radius,Extinction,Bin01,Bin02,Bin03,Bin04,Bin05,Bin06,Bin07,Bin08,Bin09,Bin10,Bin11,Bin12,Bin13,Bin14,Bin15
[from data line 75]
76830,76844,76837,7.6,-156.402,71.2929,341.727,-53.7586,298.162,26.2418,4.55598,285.39,0.187922,0.00137497,8.84899,7.68947,4.51604,2.01391,1.70877,0.48822,0.671303,0.122055,0.122055,0,0,0,0.0610275,0,0
76848,76861,76854,7.7,-156.399,71.2919,337.405,-54.0283,298.887,23.0239,3.75254,239.96,0.191837,0.00106519,9.70545,5.95079,3.25876,1.77107,1.13348,0.77927,0.141685,0.141685,0,0.0708427,0,0.0708427,0,0,0
76867,76888,76878,7.8,-156.394,71.2902,331.716,-54.459,299.75,21.5228,3.69775,205.198,0.166478,0.00124911,8.1299,5.73372,3.55148,1.11251,1.36925,0.770201,0.470678,0.256734,0.0855779,0.0427889,0,0,0,0,0
76892,76910,76901,7.9,-156.389,71.289,327.053,-54.81,300.479,23.1518,3.96089,221.611,0.16785,0.00130935,8.46756,6.53825,3.53708,1.3934,1.71495,0.428737,0.857475,0.107184,0,0.107184,0,0,0,0,0
76920,76928,76924,8,-156.384,71.2867,319.887,-55.2133,301.824,22.2101,3.94289,287.425,0.218691,0.00111155,8.96947,5.41016,3.27457,1.85084,1.70847,0.427118,0.284745,0.142373,0,0,0,0.142373,0,0,0
76934,76950,76942,8.1,-156.38,71.2853,315.274,-55.1744,303.142,21.943,3.59499,176.548,0.147329,0.00100413,7.66113,6.05324,3.54682,1.46602,1.89164,0.567491,0.567491,0.189164,0,0,0,0,0,0,0
76955,76974,76964,8.2,-156.376,71.2839,311.606,-55.458,303.762,21.6446,3.6893,194.049,0.157793,0.00120864,8.70957,5.60517,2.93193,1.12103,1.37973,0.7761,0.862334,0.2587,0,0,0,0,0,0,0
76977,76992,76984,8.3,-156.371,71.2817,306.486,-55.4913,305.153,21.9571,4.16539,255.671,0.184139,0.00162127,7.58421,6.20526,3.18219,1.59109,1.64413,0.636437,0.477328,0.424291,0.106073,0.106073,0,0,0,0,0
76995,77013,77004,8.4,-156.367,71.2797,301.246,-55.7489,306.294,23.1869,4.44279,277.238,0.187205,0.00176949,8.32836,6.29359,3.59634,1.32497,1.56157,0.662483,0.946404,0.236601,0.0946404,0.141961,0,0,0,0,0
77015,77032,77024,8.5,-156.364,71.2776,296.553,-55.855,307.522,24.3969,4.63295,278.657,0.18044,0.00176869,9.32824,5.23817,3.80305,1.9374,2.22443,0.717557,0.50229,0.358779,0.215267,0.0717557,0,0,0,0,0
77046,77060,77053,8.6,-156.358,71.2742,291.19,-56.402,308.357,22.7098,4.40084,245.575,0.167406,0.00155267,7.48292,5.91673,2.4363,2.69733,1.74021,1.21815,1.04413,0,0.174021,0,0,0,0,0,0
77062,77087,77074,8.7,-156.354,71.2719,287.181,-56.977,308.757,21.4498,3.86331,224.082,0.174008,0.00137844,7.39351,5.932,3.73974,1.33255,1.41852,0.601797,0.601797,0.300899,0.0429855,0.085971,0,0,0,0,0
77088,77109,77098,8.8,-156.35,71.2694,283.515,-57.0987,309.715,21.6772,3.30995,161.683,0.146542,0.000903603,9.10444,5.36511,3.25158,1.67999,0.975475,0.70451,0.379352,0.162579,0.0541931,0,0,0,0,0,0
77113,77129,77121,8.9,-156.347,71.2672,278.631,-57.4067,310.809,18.9633,3.91362,256.672,0.196753,0.00173589,7.30828,4.58559,2.67493,1.09863,1.1464,0.764265,0.716499,0.429899,0.1433,0.0955331,0,0,0,0,0
77132,77154,77143,9,-156.342,71.2648,274.164,-57.79,311.704,20.3773,3.55761,198.661,0.167523,0.00125752,7.87061,5.39083,2.69541,1.77897,1.13207,0.485175,0.592991,0.269541,0.161725,0,0,0,0,0,0
77159,77181,77170,9.1,-156.338,71.2624,270.379,-57.54,313.305,20.6289,5.13119,417.668,0.244194,0.0024076,7.1241,4.46031,3.40718,1.36287,1.67261,0.805333,0.681436,0.743384,0.185846,0.0619487,0.0619487,0.0619487,0,0,0
77186,77204,77195,9.2,-156.332,71.2593,266.017,-56.8875,315.712,20.5277,4.0782,286.94,0.211079,0.00142853,6.308,5.45268,4.49044,1.28298,1.28298,0.534576,0.962237,0,0.106915,0,0.106915,0,0,0,0
77211,77231,77221,9.3,-156.328,71.2566,262.062,-56.948,316.975,16.8539,3.13103,182.134,0.174512,0.00123324,6.79317,4.29948,2.14974,0.945885,1.11786,0.171979,1.03187,0.257969,0.0859895,0,0,0,0,0,0
77237,77256,77246,9.4,-156.322,71.2541,257.431,-56.8557,318.74,21.0563,4.26526,256.015,0.18007,0.00167061,6.46946,5.49294,3.35679,2.07511,1.46478,0.732392,0.976522,0.366196,0.0610326,0.0610326,0,0,0,0,0
77262,77283,77272,9.5,-156.317,71.2509,252.916,-56.765,320.486,18.8705,3.72733,211.898,0.170549,0.001402,6.21928,4.73091,2.81728,1.48837,1.701,0.584719,0.8505,0.478406,0,0,0,0,0,0,0
77288,77309,77298,9.6,-156.313,71.2485,249.577,-56.1608,322.6,20.1031,4.31889,286.117,0.198743,0.00168707,6.23518,4.4793,3.79845,1.46921,1.97089,0.716688,1.00336,0.286675,0.0716688,0.0358344,0,0,0.0358344,0,0
77313,77330,77322,9.7,-156.309,71.246,245.823,-56.05,324.162,19.1868,4.57184,337.289,0.221326,0.00203963,5.51698,4.16838,3.92318,1.77769,1.47119,0.612998,1.1647,0.245199,0.1226,0.1226,0.0612998,0,0,0,0
77335,77355,77345,9.8,-156.304,71.2432,241.813,-56.36,325.234,19.0252,4.18044,264.61,0.189891,0.00175874,6.03031,4.16176,2.76035,2.08088,1.74115,0.849339,0.849339,0.382203,0.0849339,0.0849339,0,0,0,0,0
77357,77376,77366,9.9,-156.302,71.2411,238.61,-56.4525,326.334,17.2421,3.66953,239.507,0.195807,0.00131091,4.5374,4.75092,2.72244,1.49467,2.08186,0.640574,0.747336,0.160143,0.0533811,0,0,0.0533811,0,0,0
77386,77405,77396,10,-156.297,71.2385,234.549,-56.5522,327.784,16.5299,4.15279,297.037,0.214581,0.00194821,5.05343,3.68381,2.31419,1.27516,1.74745,0.755653,0.802881,0.755653,0.0944566,0,0.0472283,0,0,0,0
77408,77429,77418,10.1,-156.293,71.236,231.037,-56.3367,329.524,17.8682,4.06121,319.822,0.236251,0.00168963,5.87706,4.31301,2.89114,1.61145,1.23229,0.900518,0.568748,0.189583,0.0473957,0.142187,0.0473957,0.0473957,0,0,0
77433,77457,77445,10.2,-156.288,71.2336,227.157,-56.5817,330.757,17.1875,3.40625,194.666,0.171449,0.00124767,5.81237,4.24339,2.28216,1.24805,1.71162,0.82015,0.855809,0.178293,0,0.0356587,0,0,0,0,0
77461,77483,77472,10.3,-156.283,71.2313,223.486,-56.4629,332.481,17.3737,3.27517,186.237,0.170589,0.00120822,6.05356,4.47963,2.54249,1.51339,1.15018,0.54482,0.786962,0.181607,0.121071,0,0,0,0,0,0
77484,77507,77496,10.4,-156.279,71.2292,220.08,-56.26,334.252,17.1493,4.01786,309.138,0.230823,0.00183385,5.71643,4.57315,2.78676,0.857465,0.857465,0.714554,1.00038,0.428732,0.0714554,0.0714554,0,0.0714554,0,0,0
77514,77537,77526,10.5,-156.274,71.2269,216.883,-55.9867,336.072,17.5017,4.70457,420.169,0.267932,0.00231765,6.24037,4.01679,2.0084,1.21938,1.72148,0.717284,0.717284,0.358642,0.215185,0.143457,0.0717284,0.0717284,0,0,0
77540,77564,77552,10.6,-156.27,71.2244,213.472,-55.875,337.776,15.3328,3.70755,242.303,0.196062,0.00172377,4.20586,3.72672,2.55546,0.851821,1.6504,0.851821,0.958298,0.266194,0.266194,0,0,0,0,0,0
77565,77591,77578,10.7,-156.267,71.222,210.309,-55.9656,339.082,16.0396,3.83022,252.344,0.197647,0.00181049,4.55562,4.31835,2.13545,1.09145,1.6609,0.711816,0.806725,0.521998,0.237272,0,0,0,0,0,0
77591,77615,77603,10.8,-156.263,71.2198,207.106,-56.3489,339.968,13.7443,3.19217,220.474,0.207202,0.0013253,3.89977,3.23395,2.28279,1.28407,1.28407,0.618255,0.713372,0.332907,0.0475581,0,0.0475581,0,0,0,0
77621,77643,77632,10.9,-156.259,71.2171,203.443,-56.7889,341.006,15.4604,3.3175,240.821,0.217773,0.00129614,5.15345,3.78235,2.03301,1.74934,1.22926,0.661911,0.520073,0.0945587,0.141838,0.0472794,0,0,0.0472794,0,0
77646,77669,77658,11,-156.255,71.2151,200.779,-57.2567,341.557,14.1925,3.25943,248.542,0.228759,0.00143839,4.57522,4.10837,2.0075,0.606918,1.07378,0.746976,0.513546,0.373488,0.0933719,0.046686,0,0,0.046686,0,0
77672,77687,77680,11.1,-156.252,71.2129,197.763,-57.1583,343.198,14.6966,2.54287,132.654,0.156501,0.000802414,5.40496,3.88671,2.18628,0.668029,1.39679,0.485839,0.607299,0,0.0607299,0,0,0,0,0,0
77697,77714,77706,11.2,-156.248,71.2106,194.787,-56.4338,345.841,13.3809,3.54902,283.854,0.239943,0.00177479,3.83615,3.19679,2.23775,1.09604,1.00471,0.548022,0.822032,0.365348,0.0913369,0.137005,0,0.0456685,0,0,0
77721,77744,77732,11.3,-156.245,71.2084,191.264,-56.6013,347.377,14.2139,3.57402,288.184,0.241898,0.00154614,4.20474,3.56489,1.91956,0.86837,1.87385,0.685556,0.639852,0.182815,0.182815,0,0.0457037,0,0.0457037,0,0
77746,77770,77758,11.4,-156.243,71.2066,188.25,-56.9022,348.47,13.409,3.9234,335.706,0.256695,0.00190004,3.73826,2.60053,2.27546,1.219,1.219,0.609499,1.0971,0.406333,0.1219,0,0.0406333,0.0812666,0,0,0
77772,77798,77785,11.5,-156.24,71.205,185.575,-57.1009,349.588,12.6893,3.0384,227.157,0.224286,0.00129529,3.77339,3.37267,1.66964,1.03518,1.10196,0.601071,0.768035,0.23375,0.0667856,0,0.0333928,0.0333928,0,0,0
77802,77822,77812,11.6,-156.237,71.203,182.493,-57.3612,350.837,12.7506,3.73553,264.061,0.212068,0.00194112,3.2682,2.30155,1.74918,0.966651,1.79521,1.01268,0.874589,0.598403,0.138093,0.046031,0,0,0,0,0
77827,77845,77836,11.7,-156.233,71.2013,179.611,-57.653,351.955,11.3652,3.02516,252.946,0.250842,0.00138092,3.44622,2.603,1.20984,1.39315,1.09986,0.586591,0.549929,0.256634,0.109986,0.0366619,0,0.0366619,0.0366619,0,0
77848,77873,77860,11.8,-156.23,71.2002,177.193,-57.9071,352.902,11.5312,2.49048,142.737,0.171939,0.000933863,3.30213,2.77798,1.46761,1.10071,1.25795,0.89105,0.628977,0.0524147,0.0524147,0,0,0,0,0,0
77878,77899,77888,11.9,-156.226,71.1985,174.106,-57.675,355.072,12.3571,2.97172,221.85,0.223961,0.00132386,3.93595,2.70025,1.73914,1.41877,1.09841,0.366135,0.549203,0.411902,0.0457669,0.0457669,0,0.0457669,0,0,0
77903,77925,77914,12,-156.224,71.1973,171.657,-57.3871,356.985,11.977,3.507,304.474,0.260457,0.00175882,3.64518,2.23918,1.92674,0.937333,1.09355,0.833185,0.676962,0.312444,0.156222,0.052074,0.104148,0,0,0,0
77929,77951,77940,12.1,-156.222,71.1962,169.027,-57.092,359.051,11.9208,3.32565,262.155,0.236485,0.00171016,3.43729,2.59625,1.71865,0.914173,1.24328,0.621638,0.804473,0.255969,0.219402,0.0731339,0,0.0365669,0,0,0
77953,77976,77964,12.2,-156.219,71.195,166.213,-56.883,361.122,12.2438,2.85982,179.611,0.188416,0.00126271,3.53467,3.06095,1.60336,1.0932,0.947438,0.947438,0.583039,0.400839,0.0728799,0,0,0,0,0,0
77982,78004,77993,12.3,-156.216,71.1937,163.564,-56.8787,362.796,10.983,2.61439,175.484,0.201367,0.00118942,3.20338,2.9288,1.23559,0.686438,1.41864,0.549151,0.594913,0.274575,0,0.0915251,0,0,0,0,0
78005,78028,78016,12.4,-156.212,71.1924,160.963,-56.9422,364.357,12.0664,3.87256,333.494,0.258352,0.00203341,2.6587,2.536,1.96335,1.10439,1.39071,0.818063,0.858966,0.368128,0.204516,0.0818063,0,0.0818063,0,0,0
78033,78055,78044,12.5,-156.209,71.1914,158.34,-57.1167,365.772,12.0816,3.21231,259.2,0.242069,0.00147472,3.57516,2.77383,1.3561,0.986252,1.6643,0.678048,0.739689,0.0616407,0.0616407,0.123281,0,0.0616407,0,0,0
78056,78078,78067,12.6,-156.207,71.1906,156.323,-57.1883,366.989,10.7414,3.10551,244.738,0.236423,0.00150516,2.31916,2.31916,1.5868,1.34267,1.46473,0.549275,0.671337,0.183092,0.244122,0,0.0610306,0,0,0,0
78083,78106,78094,12.7,-156.204,71.1897,153.985,-56.8687,369.118,9.47239,2.63312,213.642,0.243409,0.00132255,2.97442,2.10497,1.14401,0.777925,0.732165,0.640645,0.686405,0.183041,0.137281,0.0457603,0,0.0457603,0,0,0
78110,78132,78121,12.8,-156.201,71.189,151.638,-57.044,370.45,10.6327,2.97194,243.617,0.245917,0.00147126,3.44646,2.23653,1.35658,0.769953,0.879947,0.586631,0.806618,0.439973,0,0.0366644,0.0733289,0,0,0,0
78135,78157,78146,12.9,-156.197,71.1882,149.101,-57.3471,371.713,10.4287,2.85618,225.345,0.236692,0.00137675,2.98639,2.51236,1.23248,0.663642,1.13767,0.805851,0.805851,0.094806,0.047403,0.094806,0.047403,0,0,0,0
78162,78186,78174,13,-156.193,71.1873,146.765,-57.221,373.608,10.6392,3.3652,289.532,0.258112,0.00182268,2.89284,2.08927,1.5107,0.899994,1.12499,0.707138,0.642853,0.48214,0.128571,0.0964279,0.0321426,0.0321426,0,0,0
78187,78207,78197,13.1,-156.188,71.1863,144.713,-56.4075,376.528,9.92263,3.0129,217.492,0.216561,0.00152042,1.80777,1.72742,1.80777,0.964143,1.52656,0.883797,0.803452,0.241036,0.0401726,0.120518,0,0,0,0,0
78214,78237,78226,13.2,-156.183,71.185,142.347,-55.8091,379.358,9.30506,3.4867,330.998,0.284794,0.00194498,1.98777,1.58445,1.3828,1.09471,1.00829,0.691398,0.835439,0.374507,0.144041,0.0864247,0.0864247,0.0288082,0,0,0
78242,78264,78253,13.3,-156.18,71.1839,139.931,-56.59,379.843,9.04165,2.60288,181.822,0.209562,0.0013459,2.02697,1.91309,1.32095,0.979322,1.0021,0.523824,0.683248,0.501049,0.0683248,0.0227749,0,0,0,0,0
78266,78286,78276,13.4,-156.177,71.1831,137.798,-57.262,380.326,9.89846,2.88918,209.029,0.217047,0.00151095,2.05682,2.18537,1.54262,0.964136,1.28551,0.642757,0.578482,0.44993,0.128551,0.0642757,0,0,0,0,0
78290,78315,78302,13.5,-156.174,71.1828,135.722,-57.368,381.794,8.97432,2.55368,174.159,0.204598,0.00126667,2.00147,1.84006,1.19442,0.774761,1.38811,0.839324,0.419662,0.355099,0.161409,0,0,0,0,0,0
78317,78341,78329,13.6,-156.171,71.1826,133.699,-57.239,383.671,8.53985,3.38504,346.37,0.306972,0.00185328,1.69518,1.72716,1.24739,0.831596,0.799611,0.831596,0.767627,0.28786,0.127938,0.0639689,0.0959534,0.0639689,0,0,0
78344,78366,78355,13.7,-156.166,71.1822,131.502,-57.0709,385.787,9.24224,2.84387,218.423,0.230414,0.00146436,1.93647,2.17119,1.17362,0.733511,1.11494,0.880213,0.762852,0.322745,0.0586809,0.0586809,0.0293404,0,0,0,0
78372,78392,78382,13.8,-156.161,71.1816,129.274,-56.966,387.858,9.09827,2.57489,185.403,0.216012,0.00131424,2.11439,2.24253,1.31348,0.352398,1.28145,0.672759,0.736832,0.256289,0.0320362,0.0961085,0,0,0,0,0
78394,78417,78406,13.9,-156.158,71.1816,127.661,-57.1492,388.927,8.51211,3.10687,261.974,0.252963,0.00182063,1.6284,1.52971,1.0856,0.937566,1.0856,0.838875,0.789529,0.246728,0.222055,0.123364,0.0246728,0,0,0,0
78418,78443,78430,14,-156.154,71.1818,125.543,-57.17,390.757,8.58503,3.21778,301.259,0.28087,0.00175037,1.78855,1.64546,1.00159,0.608106,1.46661,0.75119,0.643877,0.429251,0.0715419,0.0715419,0.0715419,0.0357709,0,0,0
78447,78466,78456,14.1,-156.149,71.182,123.465,-57.3525,392.288,8.60751,3.09237,273.631,0.265458,0.0017781,1.32733,1.89043,1.40777,1.08599,0.80444,0.723996,0.884884,0.120666,0.120666,0.20111,0.040222,0,0,0,0
78473,78494,78484,14.2,-156.146,71.1822,121.49,-56.4864,395.677,7.94439,2.56056,207.904,0.243584,0.00134211,1.4787,1.65266,0.927811,1.18876,1.13077,0.579882,0.521894,0.231953,0.115976,0.0869823,0,0.0289941,0,0,0
78497,78519,78508,14.3,-156.142,71.1823,119.745,-56.2655,397.733,8.08111,2.42988,191.471,0.236395,0.00125275,1.91166,1.65098,1.27444,0.521362,1.15858,0.63722,0.492398,0.231716,0.115858,0.0579291,0.0289646,0,0,0,0
78524,78542,78533,14.4,-156.137,71.1822,118.046,-56.5893,398.761,7.43622,2.25855,161.795,0.21491,0.00117579,1.48268,1.39144,1.11771,0.889609,0.98085,0.570262,0.547451,0.342157,0.0684314,0.045621,0,0,0,0,0
78548,78570,78559,14.5,-156.132,71.182,116.15,-56.841,400.139,7.78591,2.49433,180.502,0.217094,0.00134856,1.66612,1.47388,0.865101,0.672856,1.24959,0.544693,0.929183,0.224285,0.128163,0.0320408,0,0,0,0,0
78572,78591,78582,14.6,-156.128,71.1814,114.444,-56.7488,402.001,7.76568,2.34615,169.365,0.216566,0.00123757,1.52899,1.56923,1.28757,0.684024,1.12663,0.523077,0.563314,0.321893,0.12071,0.0402367,0,0,0,0,0
78598,78622,78610,14.7,-156.125,71.1813,112.64,-56.742,403.856,8.29477,2.14146,143.233,0.200656,0.000986545,2.01765,1.72941,1.4732,0.608496,1.08889,0.448366,0.736601,0.128105,0,0.0640523,0,0,0,0,0
78623,78641,78632,14.8,-156.121,71.1814,110.891,-57.1829,404.833,8.09496,2.69372,206.85,0.230369,0.00155061,1.97775,1.37982,0.919882,0.919882,0.919882,0.367953,1.05786,0.413947,0.0459941,0.0919882,0,0,0,0,0
78649,78673,78661,14.9,-156.116,71.1814,109.012,-57.0154,407.127,7.31328,2.1542,160.065,0.222911,0.00102358,1.52668,1.35431,1.1327,0.664844,1.25582,0.566348,0.517101,0.221615,0,0.0492477,0.0246238,0,0,0,0
78674,78699,78686,15,-156.113,71.1814,107.689,-56.5258,409.474,7.4606,1.98581,130.832,0.197651,0.000951938,1.76487,1.60443,1.23006,0.695253,0.695253,0.53481,0.668512,0.187183,0.0802215,0,0,0,0,0,0
78701,78724,78712,15.1,-156.109,71.1813,105.767,-56.7075,411.25,7.3788,1.64985,97.4103,0.177126,0.000641768,1.96501,1.72439,1.00255,0.721839,1.00255,0.481226,0.401022,0,0.0802043,0,0,0,0,0,0
78728,78750,78739,15.2,-156.106,71.1813,104.294,-56.5371,413.221,7.14797,1.7144,116.643,0.204111,0.000796954,1.95772,1.73008,1.18374,0.59187,0.728456,0.318699,0.409756,0.091057,0.091057,0.0455285,0,0,0,0,0
