data/B2SAP/Locations/Alaska/NOAA-POPS-B2SAP_GMLBalloon_20230317_R0.ict
61,1001
Thornberry, T. D.
NOAA Chemical Sciences Laboratory
Portable Optical Particle Spectrometer (POPS)
Balloon Baseline Stratospheric Aerosol Profiles (B2SAP)
1,1
2023,03,17,2024,05,28
0
TIME_START,s,Seconds since midnight UTC on flight start day,Start time of 100 m altitude bin in UTC_seconds_since_midnight
28
1.0,1.0,1.0,1.0,1.0,1.0,1.0,1.0,1.0,1.0,1.0,1.0,1.0,1.0,1.0,1.0,1.0,1.0,1.0,1.0,1.0,1.0,1.0,1.0,1.0,1.0,1.0,1.0
99999,99999,99999,99999,99999,99999,99999,99999,99999,99999,99999,99999,99999,99999,99999,99999,99999,99999,99999,99999,99999,99999,99999,99999,99999,99999,99999,99999
TIME_STOP,s,End time of 100 m altitude bin in UTC seconds since midnight,
TIME_MID,s,Mid time of 100 m altitude in UTC seconds since midnight,
GPSAlt,m,GPS reported altitude above sea level (m),
GPS_Lon,deg,GPS reported longitude,
GPS_Lat,deg,GPS reported latitude,
iMet_Pressure,mb,Pressure reported (mB),
iMet_Temperature,degrees C,Ambient temperature (oC),
THETA,K,Potential temperature from iMet,
Aerosol_concentration,cm^-3,Aerosol concentration,
Surface_Area_Conc,um^2 cm^-3,Surface area concentration,
Volume_density,um^3 cm^-3,Volume density,
Effective_radius,um,Effective radius,
Extinction,km^-1,Extinction,
Bin01,cm^-3,particle concentration in size range [140 - 170 nm],
Bin02,cm^-3,particle concentration in size range [170 - 205 nm],
Bin03,cm^-3,particle concentration in size range [205 - 249 nm],
Bin04,cm^-3,particle concentration in size range [249 - 302 nm],
Bin05,cm^-3,particle concentration in size range [302 - 366 nm],
Bin06,cm^-3,particle concentration in size range [366 - 443 nm],
Bin07,cm^-3,particle concentration in size range [443 - 537 nm],
Bin08,cm^-3,particle concentration in size range [537 - 651 nm],
Bin09,cm^-3,particle concentration in size range [651 - 789 nm],
Bin10,cm^-3,particle concentration in size range [789 - 956 nm],
Bin11,cm^-3,particle concentration in size range [956 - 1159 nm],
Bin12,cm^-3,particle concentration in size range [1159 - 1404 nm],
Bin13,cm^-3,particle concentration in size range [1404 - 1702 nm],
Bin14,cm^-3,particle concentration in size range [1702 - 2062 nm],
Bin15,cm^-3,particle concentration in size range [2062 - 2500 nm],
0
19
PI_CONTACT_INFO: 325 Broadway R/CSL6, Boulder, CO 80305; troy.thornberry@noaa.gov; 303-497-3373 
PLATFORM: GML ECC/FPH balloon
LOCATION: Utqiagvik, AL, USA
ASSOCIATED_DATA: N/A
INSTRUMENT_INFO: Printed Optical Particle Spectrometer counts particles from 140 - 2500 nm in diameter 
DATA_INFO: Particle concentrations reported in number per cubic centimeter, binned to 100 m altitude
UNCERTAINTY: Counting uncertainty dominated by air flow, less than 5 percent
ULOD_FLAG: -77777
ULOD_VALUE: 3000 ~3000 per cm3 (varies depending on flow rate- manufacturer quotes 1250  per cm3 at 1.667 cc/s)
LLOD_FLAG: -88888
LLOD_VALUE: 0 0 (varies depending on data field and measurement precision)
DM_CONTACT_INFO: Troy Thornberry, 325 Broadway R/CSL6, Boulder, CO 80305; troy.thornberry@noaa.gov; 303-497-3373
PROJECT_INFO: B2SAP Utqiagvik, AL, USA
STIPULATIONS_ON_USE: Please contact the PIs for questions regarding applications and uncertainties
OTHER_COMMENTS: POPS bin Edges (nm):  140, 170, 205, 249, 302, 366, 443, 537, 651, 789, 956, 1159, 1404, 1702, 2062, 2500
Calculations assume sulfate refractive index of 1.45+0.00j and extinction wavelength = 532 nm
REVISION: R0
R0: QA/QC data
TIME_START,TIME_STOP,TIME_MID,GPSAlt,GPS_Lon,GPS_Lat,iMet_Pressure,iMet_Temperature,THETA,Aerosol_concentration,Surface_Area_Conc,Volume_density,Effective_radius,Extinction,Bin01,Bin02,Bin03,Bin04,Bin05,Bin06,Bin07,Bin08,Bin09,Bin10,Bin11,Bin12,Bin13,Bin14,Bin15
[from data line 239]
75369,75383,75376,24,-155.575,71.43,27.858,-52.77,613.02,0.300539,0.0251027,0.691829,0.0826798,1.04218e-06,0.180323,0.120216,0,0,0,0,0,0,0,0,0,0,0,0,0
75391,75405,75398,24.1,-155.568,71.4318,27.45,-52.73,615.71,0.48764,0.0463294,1.40837,0.0911971,2.84561e-06,0.304775,0.0609551,0.12191,0,0,0,0,0,0,0,0,0,0,0,0
75407,75427,75417,24.2,-155.559,71.434,27.055,-51.9533,620.465,0.203398,0.0572346,3.86243,0.202453,3.02809e-05,0.101699,0,0,0.0508496,0,0,0.0508496,0,0,0,0,0,0,0,0
75430,75447,75438,24.3,-155.551,71.4362,26.6367,-51.3322,624.969,0.37816,0.0288406,0.756561,0.0786976,9.98091e-07,0.309404,0.0687563,0,0,0,0,0,0,0,0,0,0,0,0,0
75448,75466,75457,24.4,-155.545,71.4378,26.2838,-51.3454,627.317,0.405835,0.0572204,2.53073,0.132683,1.26532e-05,0.238726,0.0477453,0.0477453,0,0.0477453,0.0238726,0,0,0,0,0,0,0,0,0
75469,75487,75478,24.5,-155.539,71.4399,25.9081,-50.9087,631.152,0.391239,0.0366073,1.12491,0.0921875,2.42914e-06,0.273867,0.0391239,0.0586858,0.0195619,0,0,0,0,0,0,0,0,0,0,0
75488,75506,75497,24.6,-155.534,71.4423,25.56,-50.7006,634.179,0.417492,0.0572076,2.83442,0.148639,1.75375e-05,0.278328,0.0596417,0.0397611,0,0,0.0198806,0.0198806,0,0,0,0,0,0,0,0
75507,75526,75516,24.7,-155.529,71.4448,25.2044,-50.7089,636.701,0.372316,0.0383814,1.27142,0.0993774,3.29412e-06,0.248211,0.0354587,0.0354587,0.053188,0,0,0,0,0,0,0,0,0,0,0
75537,75538,75538,24.8,-155.522,71.4471,24.845,-50.66,639.463,0.162871,0.0841345,5.68609,0.20275,4.12777e-05,0,0,0,0,0,0.162871,0,0,0,0,0,0,0,0,0
75549,75563,75556,24.9,-155.514,71.4488,24.4822,-50.8489,641.602,0.291021,0.0246469,0.699948,0.0851972,1.20178e-06,0.218266,0.0363776,0.0363776,0,0,0,0,0,0,0,0,0,0,0,0
75575,75576,75576,25,-155.505,71.4504,24.12,-50.815,644.455,0.335139,0.0291079,0.817763,0.0842825,1.2894e-06,0.16757,0.16757,0,0,0,0,0,0,0,0,0,0,0,0,0
75591,75597,75594,25.1,-155.498,71.4517,23.774,-50.814,647.113,0.201083,0.0163495,0.444371,0.0815385,6.46396e-07,0.134055,0.0670275,0,0,0,0,0,0,0,0,0,0,0,0,0
75609,75619,75614,25.2,-155.489,71.4529,23.4414,-50.4329,650.834,0.342285,0.035546,1.18682,0.100165,3.12709e-06,0.244489,0,0.0488978,0.0488978,0,0,0,0,0,0,0,0,0,0,0
75624,75637,75630,25.3,-155.481,71.4539,23.1492,-50.4283,653.197,0.343599,0.0368676,1.29735,0.105568,4.40053e-06,0.200433,0.0858998,0.0286333,0,0.0286333,0,0,0,0,0,0,0,0,0,0
75638,75656,75647,25.4,-155.474,71.455,22.8157,-50.56,655.511,0.221072,0.0329985,1.4223,0.129306,6.59576e-06,0.122818,0.0245635,0,0.0245635,0.049127,0,0,0,0,0,0,0,0,0,0
75657,75672,75664,25.5,-155.468,71.4561,22.5193,-50.5457,658.009,0.376328,0.0289285,0.762346,0.0790582,1.01923e-06,0.301063,0.0752656,0,0,0,0,0,0,0,0,0,0,0,0,0
75677,75693,75685,25.6,-155.462,71.4576,22.1647,-49.948,662.78,0.469955,0.0668062,3.16965,0.142336,1.82865e-05,0.234978,0.117489,0.0469955,0.0234978,0.0234978,0,0.0234978,0,0,0,0,0,0,0,0
75694,75711,75702,25.7,-155.457,71.4593,21.8814,-49.7693,665.742,0.790035,0.112877,5.53733,0.14717,3.35635e-05,0.40776,0.178395,0.10194,0.05097,0,0,0.05097,0,0,0,0,0,0,0,0
75712,75730,75721,25.8,-155.452,71.4612,21.5844,-49.8278,668.183,0.726787,0.0774108,2.78874,0.108076,1.01663e-05,0.383582,0.262451,0.0403771,0,0.0201885,0.0201885,0,0,0,0,0,0,0,0,0
75731,75749,75740,25.9,-155.446,71.4631,21.2744,-50.0644,670.238,0.671454,0.082841,3.67949,0.133249,1.98036e-05,0.447636,0.0813884,0.0813884,0.0203471,0,0.0203471,0.0203471,0,0,0,0,0,0,0,0
75750,75769,75760,26,-155.44,71.4647,20.9767,-50.0944,672.841,0.477192,0.0524288,1.80646,0.103366,5.40102e-06,0.24897,0.103737,0.08299,0.0207475,0.0207475,0,0,0,0,0,0,0,0,0,0
75770,75787,75778,26.1,-155.433,71.466,20.715,-50.4042,674.333,0.935701,0.104769,4.45533,0.127576,2.36188e-05,0.686181,0.12476,0.06238,0,0.03119,0,0.03119,0,0,0,0,0,0,0,0
75790,75806,75798,26.2,-155.425,71.4677,20.4,-50.8912,675.807,0.432562,0.0454709,1.44666,0.095445,3.17581e-06,0.19225,0.0961249,0.144187,0,0,0,0,0,0,0,0,0,0,0,0
75810,75828,75819,26.3,-155.418,71.4693,20.1112,-51.4,677.005,0.533916,0.0534672,1.85971,0.104347,6.51827e-06,0.388302,0.0970756,0,0,0.0485378,0,0,0,0,0,0,0,0,0,0
75832,75844,75838,26.4,-155.412,71.471,19.8171,-51.88,678.404,0.446669,0.0482242,1.60707,0.0999747,4.10343e-06,0.223335,0.111667,0.0558336,0.0558336,0,0,0,0,0,0,0,0,0,0,0
75848,75858,75853,26.5,-155.408,71.4723,19.586,-52.238,679.571,0.239674,0.0194873,0.529654,0.0815385,7.70452e-07,0.159783,0.0798914,0,0,0,0,0,0,0,0,0,0,0,0,0
75866,75881,75874,26.6,-155.402,71.4736,19.3157,-52.1471,682.55,0.457149,0.0453339,1.39922,0.0925945,2.88463e-06,0.228574,0.114287,0.114287,0,0,0,0,0,0,0,0,0,0,0,0
75897,75901,75899,26.7,-155.395,71.4754,18.936,-52.14,686.464,0.241745,0.0595928,3.40656,0.171492,2.18363e-05,0.0805816,0,0.0805816,0,0,0.0805816,0,0,0,0,0,0,0,0,0
75904,75918,75911,26.8,-155.392,71.4762,18.7918,-52.5245,686.763,0.411957,0.0394443,1.20657,0.0917673,2.47842e-06,0.262155,0.0374507,0.112352,0,0,0,0,0,0,0,0,0,0,0,0
75921,75938,75930,26.9,-155.386,71.4779,18.5231,-52.6746,689.122,0.577515,0.0576705,1.82136,0.0947466,4.10267e-06,0.320842,0.128337,0.0962525,0.0320842,0,0,0,0,0,0,0,0,0,0,0
75939,75955,75947,27,-155.381,71.4796,18.2925,-52.8325,691.112,0.260941,0.0263021,0.882426,0.100649,2.42185e-06,0.208753,0,0,0.0521882,0,0,0,0,0,0,0,0,0,0,0
75958,75973,75966,27.1,-155.374,71.4819,17.9971,-52.9886,693.829,0.916406,0.0796291,2.33322,0.0879032,4.50457e-06,0.702578,0.0916406,0.0916406,0.0305469,0,0,0,0,0,0,0,0,0,0,0
75975,75994,75984,27.2,-155.369,71.4839,17.7786,-52.9679,696.329,0.616697,0.0683175,2.5066,0.110072,9.29203e-06,0.400853,0.123339,0,0.0308349,0.0616697,0,0,0,0,0,0,0,0,0,0
75995,76014,76004,27.3,-155.362,71.4859,17.4994,-52.4794,701.039,0.647425,0.0625352,1.89399,0.0908604,3.71744e-06,0.311723,0.215808,0.119894,0,0,0,0,0,0,0,0,0,0,0,0
76015,76035,76025,27.4,-155.357,71.4879,17.2619,-52.4556,703.845,0.687409,0.0614174,1.90919,0.0932564,5.02688e-06,0.522431,0.109985,0.0274964,0,0.0274964,0,0,0,0,0,0,0,0,0,0
76036,76060,76048,27.5,-155.35,71.4906,17.0122,-52.6783,706.084,0.545201,0.051204,1.59099,0.0932146,3.59423e-06,0.371728,0.0991275,0.0247819,0.0495638,0,0,0,0,0,0,0,0,0,0,0
76062,76088,76075,27.6,-155.342,71.4942,16.7742,-53.0263,707.805,0.564659,0.0632585,2.23344,0.10592,7.02168e-06,0.305857,0.141165,0.0235274,0.0705823,0.0235274,0,0,0,0,0,0,0,0,0,0
76091,76120,76106,27.7,-155.334,71.4982,16.5708,-52.6583,711.455,0.409979,0.0386593,1.15971,0.0899945,2.24087e-06,0.223625,0.111812,0.0745416,0,0,0,0,0,0,0,0,0,0,0,0
69187,78376,73782,14.5,-154.616,71.0338,153.73,-59.6484,384.965,10.2344,2.64851,190.389,0.215656,0.00124291,2.4243,2.23146,1.74936,1.32235,1.03308,0.537204,0.550978,0.192842,0.0964212,0.0826467,0.0137745,0,0,0,0
69194,78423,73808,14.3,-152.911,71.0022,157.373,-59.4204,382.004,10.7186,2.4462,162.434,0.199208,0.00100795,2.70712,2.41855,2.03378,1.37417,0.920697,0.673346,0.23361,0.178643,0.137417,0.0274835,0,0.0137417,0,0,0
76216,76220,76218,27.7,-155.295,71.5163,16.5267,-48.5267,725.333,1.02499,0.0817146,2.1977,0.0806843,3.10959e-06,0.732132,0.292853,0,0,0,0,0,0,0,0,0,0,0,0,0
76246,76249,76248,27.6,-155.286,71.521,16.7767,-49.8167,718.093,0.147443,0.0225213,0.827656,0.11025,2.29959e-06,0,0,0.147443,0,0,0,0,0,0,0,0,0,0,0,0
76255,76275,76265,27.5,-155.281,71.5234,16.963,-49.925,715.494,0.620573,0.051657,1.44064,0.0836656,2.31934e-06,0.443266,0.13298,0.0443266,0,0,0,0,0,0,0,0,0,0,0,0
76277,76298,76288,27.4,-155.274,71.5262,17.215,-49.6688,713.29,0.276917,0.0240146,0.698469,0.0872555,1.29556e-06,0.221534,0,0.0553834,0,0,0,0,0,0,0,0,0,0,0,0
76305,76318,76312,27.3,-155.267,71.5285,17.4657,-49.4314,711.109,0.813945,0.112123,5.82815,0.15594,3.86209e-05,0.626111,0.0626111,0,0.0626111,0,0,0.0626111,0,0,0,0,0,0,0,0
76325,76337,76331,27.2,-155.262,71.5304,17.722,-50.166,705.831,0.686806,0.061023,1.77044,0.0870377,3.16214e-06,0.429254,0.171701,0.0858507,0,0,0,0,0,0,0,0,0,0,0,0
76338,76356,76347,27.1,-155.256,71.5324,17.9477,-50.4008,702.534,0.692365,0.0562509,1.55716,0.0830475,2.4997e-06,0.560486,0.0659396,0.0659396,0,0,0,0,0,0,0,0,0,0,0,0
76360,76373,76366,27,-155.25,71.5345,18.1845,-50.81,698.632,0.345939,0.0375576,1.38058,0.110277,5.24477e-06,0.269063,0,0.0384376,0,0.0384376,0,0,0,0,0,0,0,0,0,0
76375,76390,76382,26.9,-155.244,71.5363,18.4656,-51.0569,694.803,0.547764,0.0579814,2.20904,0.114297,9.13777e-06,0.417344,0.052168,0.026084,0.026084,0,0.026084,0,0,0,0,0,0,0,0,0
76391,76407,76399,26.8,-155.238,71.5379,18.6975,-51.2108,691.842,0.452368,0.0392667,1.11812,0.0854249,1.88503e-06,0.278381,0.13919,0.0347976,0,0,0,0,0,0,0,0,0,0,0,0
76408,76422,76415,26.7,-155.234,71.5391,18.9262,-51.1669,689.589,0.505333,0.0401906,1.09337,0.0816136,1.65576e-06,0.410583,0.0631666,0.0315833,0,0,0,0,0,0,0,0,0,0,0,0
76424,76438,76431,26.6,-155.229,71.5403,19.2093,-50.9743,687.264,0.58029,0.0495073,1.44427,0.0875185,2.81099e-06,0.464232,0.058029,0.0290145,0.0290145,0,0,0,0,0,0,0,0,0,0,0
76442,76453,76448,26.5,-155.225,71.5416,19.5,-50.9345,684.437,0.626254,0.0780345,3.26389,0.125479,1.54249e-05,0.368385,0.147354,0.0368385,0,0.0368385,0.0368385,0,0,0,0,0,0,0,0,0
76455,76469,76462,26.4,-155.221,71.5429,19.7809,-50.5927,682.706,0.827183,0.0859241,3.00749,0.105005,1.0357e-05,0.539467,0.179822,0.0359645,0,0.071929,0,0,0,0,0,0,0,0,0,0
76471,76484,76478,26.3,-155.216,71.5442,20.0583,-50.0633,681.602,0.489262,0.0501518,1.59946,0.095677,3.65884e-06,0.228322,0.163087,0.0652349,0.0326174,0,0,0,0,0,0,0,0,0,0,0
76485,76496,76490,26.2,-155.211,71.5452,20.3027,-49.6382,680.541,0.708347,0.0662785,2.03668,0.0921875,4.39802e-06,0.495843,0.0708347,0.106252,0.0354174,0,0,0,0,0,0,0,0,0,0,0
76499,76512,76506,26.1,-155.206,71.5466,20.6154,-49.4577,678.136,1.10746,0.112034,3.75363,0.100513,1.12642e-05,0.670306,0.291437,0.0582875,0.0291437,0.0582875,0,0,0,0,0,0,0,0,0,0
76513,76526,76520,26,-155.201,71.5478,20.8936,-49.2971,676.017,0.704326,0.0729307,2.47515,0.101815,7.36124e-06,0.460521,0.108358,0.0541789,0.0541789,0.0270895,0,0,0,0,0,0,0,0,0,0
76527,76539,76533,25.9,-155.196,71.5492,21.182,-49.293,673.39,0.373193,0.0419385,1.45776,0.104279,4.11468e-06,0.223916,0.0373193,0.0373193,0.0746386,0,0,0,0,0,0,0,0,0,0,0
76540,76552,76546,25.8,-155.192,71.5507,21.5027,-49.5927,669.617,0.335949,0.0337341,1.08452,0.096447,2.59997e-06,0.20157,0.0671898,0.0335949,0.0335949,0,0,0,0,0,0,0,0,0,0,0
76553,76564,76558,25.7,-155.189,71.552,21.8163,-49.3375,667.596,0.273908,0.0469795,2.14453,0.136945,1.07674e-05,0.136954,0,0.0456513,0,0.0913025,0,0,0,0,0,0,0,0,0,0
76565,76577,76571,25.6,-155.186,71.553,22.11,-49.655,664.118,0.583991,0.079552,3.54167,0.133561,1.81184e-05,0.359379,0.0898448,0.0449224,0,0.0449224,0.0449224,0,0,0,0,0,0,0,0,0
76578,76589,76584,25.5,-155.182,71.5537,22.412,-49.348,662.461,0.318574,0.0313149,0.992884,0.0951194,2.32177e-06,0.176986,0.106191,0,0.0353971,0,0,0,0,0,0,0,0,0,0,0
76590,76601,76596,25.4,-155.178,71.5544,22.7333,-49.3833,659.654,0.155219,0.01219,0.325152,0.0800211,4.49854e-07,0.116414,0.0388046,0,0,0,0,0,0,0,0,0,0,0,0,0
76602,76614,76608,25.3,-155.172,71.5551,23.105,-49.38,656.628,0.216083,0.0166104,0.437729,0.0790582,5.85231e-07,0.172866,0.0432166,0,0,0,0,0,0,0,0,0,0,0,0,0
76615,76626,76620,25.2,-155.167,71.5557,23.3837,-49.4375,654.211,0.340133,0.0448964,1.73442,0.115895,6.62156e-06,0.12755,0.0850334,0.0850334,0,0.0425167,0,0,0,0,0,0,0,0,0,0
76627,76638,76632,25.1,-155.161,71.5565,23.7733,-49.27,651.614,0.113293,0.00795491,0.19821,0.07475,2.20812e-07,0.113293,0,0,0,0,0,0,0,0,0,0,0,0,0,0
76642,76651,76646,25,-155.156,71.5573,24.1137,-49.2175,649.132,0.206929,0.0172839,0.476343,0.0826798,7.17566e-07,0.124157,0.0827716,0,0,0,0,0,0,0,0,0,0,0,0,0
76663,76664,76664,24.9,-155.148,71.5587,24.59,-49.56,644.513,0.165797,0.0116415,0.290067,0.07475,3.23144e-07,0.165797,0,0,0,0,0,0,0,0,0,0,0,0,0,0
76665,76674,76670,24.8,-155.145,71.5593,24.776,-49.402,643.589,0.196934,0.0160122,0.435203,0.0815385,6.33061e-07,0.131289,0.0656447,0,0,0,0,0,0,0,0,0,0,0,0,0
76679,76689,76684,24.7,-155.14,71.5608,25.148,-49.354,640.997,0.259299,0.0182068,0.453652,0.07475,5.05383e-07,0.259299,0,0,0,0,0,0,0,0,0,0,0,0,0,0
76690,76697,76694,24.6,-155.137,71.562,25.4167,-49.27,639.278,0.324002,0.0316632,0.984149,0.0932456,2.10542e-06,0.216001,0,0.108001,0,0,0,0,0,0,0,0,0,0,0,0
76707,76710,76708,24.5,-155.132,71.5641,25.8833,-49.21,636.147,0.316015,0.0291995,0.843837,0.0866971,1.41578e-06,0.105338,0.210676,0,0,0,0,0,0,0,0,0,0,0,0,0
76717,76727,76722,24.4,-155.128,71.5654,26.225,-49.5075,632.931,0.395544,0.0611271,2.39812,0.117695,7.95129e-06,0.0791087,0.0791087,0.0791087,0.158217,0,0,0,0,0,0,0,0,0,0,0
76729,76734,76732,24.3,-155.125,71.5664,26.5475,-49.8425,629.765,0.313092,0.0425412,1.82422,0.128643,8.84924e-06,0.234819,0,0,0,0.0782729,0,0,0,0,0,0,0,0,0,0
76742,76751,76746,24.2,-155.12,71.5677,26.9933,-49.65,627.331,0.309098,0.0251319,0.683072,0.0815385,9.9362e-07,0.206065,0.103033,0,0,0,0,0,0,0,0,0,0,0,0,0
76754,76762,76758,24.1,-155.114,71.5688,27.42,-50.41,622.395,0.407081,0.063711,2.76506,0.1302,1.28946e-05,0.20354,0,0.10177,0,0.10177,0,0,0,0,0,0,0,0,0,0
76764,76772,76768,24,-155.109,71.5699,27.8225,-50.9025,618.439,0.303611,0.11046,9.15937,0.24876,7.6275e-05,0.151805,0,0,0.0759027,0,0,0,0.0759027,0,0,0,0,0,0,0
76781,76782,76782,23.9,-155.104,71.5712,28.35,-51.26,614.15,0.742972,0.14616,7.64544,0.156926,4.48297e-05,0.297189,0.148594,0,0.148594,0,0.148594,0,0,0,0,0,0,0,0,0
76792,76792,76792,23.8,-155.102,71.572,28.75,-51.42,611.238,0.594806,0.0417645,1.04063,0.07475,1.1593e-06,0.594806,0,0,0,0,0,0,0,0,0,0,0,0,0,0
76799,76802,76800,23.7,-155.099,71.5727,29.12,-51.335,609.251,0.146974,0.0152106,0.460119,0.09075,8.44467e-07,0,0.146974,0,0,0,0,0,0,0,0,0,0,0,0,0
76804,76809,76806,23.6,-155.097,71.5732,29.385,-51.45,607.369,0.290833,0.0252598,0.709654,0.0842825,1.11894e-06,0.145417,0.145417,0,0,0,0,0,0,0,0,0,0,0,0,0
76821,76823,76822,23.5,-155.091,71.5744,30.0267,-51.0433,604.725,0.381417,0.0299544,0.798994,0.0800211,1.10542e-06,0.286063,0.0953544,0,0,0,0,0,0,0,0,0,0,0,0,0
76824,76833,76828,23.4,-155.089,71.5748,30.252,-51.062,603.391,0.343806,0.0241405,0.601501,0.07475,6.70092e-07,0.343806,0,0,0,0,0,0,0,0,0,0,0,0,0,0
76837,76844,76840,23.3,-155.085,71.5762,30.7733,-51.0533,600.473,0.42318,0.0335943,0.922045,0.0823395,1.46649e-06,0.37616,0,0.04702,0,0,0,0,0,0,0,0,0,0,0,0
76846,76856,76851,23.2,-155.081,71.5774,31.1729,-51.3371,597.495,0.67591,0.0533867,1.44597,0.0812547,2.16189e-06,0.556632,0.0795188,0.0397594,0,0,0,0,0,0,0,0,0,0,0,0
76857,76866,76862,23.1,-155.077,71.5786,31.634,-52.177,592.75,0.587088,0.0463207,1.25098,0.0810208,1.84421e-06,0.475262,0.0838697,0.0279566,0,0,0,0,0,0,0,0,0,0,0,0
76869,76880,76874,23,-155.073,71.5799,32.1209,-52.3818,589.615,0.524709,0.0462985,1.45651,0.0943776,4.08858e-06,0.449751,0.0249862,0.0249862,0,0.0249862,0,0,0,0,0,0,0,0,0,0
76881,76893,76887,22.9,-155.069,71.5813,32.6217,-52.305,587.219,0.615136,0.0602976,2.00202,0.0996067,5.83794e-06,0.455657,0.0683485,0.0227828,0.0455657,0.0227828,0,0,0,0,0,0,0,0,0,0
76894,76906,76900,22.8,-155.066,71.583,33.1525,-52.3992,584.279,0.494719,0.0500379,1.6827,0.100886,5.02554e-06,0.337308,0.0674617,0.0449744,0.0224872,0.0224872,0,0,0,0,0,0,0,0,0,0
76907,76919,76913,22.7,-155.063,71.5844,33.6238,-52.1446,582.58,0.76319,0.0631425,1.76797,0.0839991,2.92674e-06,0.598176,0.0825071,0.0825071,0,0,0,0,0,0,0,0,0,0,0,0
76920,76931,76926,22.6,-155.06,71.5857,34.1267,-51.9717,580.578,0.681254,0.0533045,1.42854,0.0803988,2.04488e-06,0.549398,0.10988,0.0219759,0,0,0,0,0,0,0,0,0,0,0,0
76933,76945,76939,22.5,-155.056,71.587,34.6636,-51.8382,578.346,0.71498,0.0665639,2.04779,0.0922927,4.47867e-06,0.500486,0.0953307,0.071498,0.0476654,0,0,0,0,0,0,0,0,0,0,0
76946,76958,76952,22.4,-155.052,71.588,35.15,-51.7262,576.329,0.77306,0.071677,2.38202,0.0996982,7.63486e-06,0.555017,0.158576,0.0396441,0,0,0.0198221,0,0,0,0,0,0,0,0,0
76959,76971,76965,22.3,-155.048,71.5889,35.65,-52.1062,573.032,0.655426,0.0589191,1.75289,0.0892525,3.46684e-06,0.456812,0.099307,0.0794456,0.0198614,0,0,0,0,0,0,0,0,0,0,0
