data/B2SAP/Locations/Alaska/NOAA-POPS-B2SAP_GMLBalloon_20240425_R0.ict
82,1001
Thornberry, T. D.
NOAA Chemical Sciences Laboratory
Portable Optical Particle Spectrometer (POPS)
Balloon Baseline Stratospheric Aerosol Profiles (B2SAP)
1,1
2024,04,25,2024,05,28
0
TIME_START,s,Seconds since midnight UTC on flight start day,Start time of 100 m altitude bin in UTC_seconds_since_midnight
49
1.0,1.0,1.0,1.0,1.0,1.0,1.0,1.0,1.0,1.0,1.0,1.0,1.0,1.0,1.0,1.0,1.0,1.0,1.0,1.0,1.0,1.0,1.0,1.0,1.0,1.0,1.0,1.0,1.0,1.0,1.0,1.0,1.0,1.0,1.0,1.0,1.0,1.0,1.0,1.0,1.0,1.0,1.0,1.0,1.0,1.0,1.0,1.0,1.0
99999,99999,99999,99999,99999,99999,99999,99999,99999,99999,99999,99999,99999,99999,99999,99999,99999,99999,99999,99999,99999,99999,99999,99999,99999,99999,99999,99999,99999,99999,99999,99999,99999,99999,99999,99999,99999,99999,99999,99999,99999,99999,99999,99999,99999,99999,99999,99999,99999
TIME_STOP,s,End time of 100 m altitude bin in UTC seconds since midnight,
TIME_MID,s,Mid time of 100 m altitude in UTC seconds since midnight,
GPSAlt,km,GPS reported altitude above sea level (km),
GPS_Lon,deg,GPS reported longitude,
GPS_Lat,deg,GPS reported latitude,
iMet_Pressure,hPa,Pressure reported (hPa),
iMet_Temperature,degrees C,Ambient temperature (oC),
THETA,K,Potential temperature from iMet,
Aerosol_concentration,cm^-3,Aerosol concentration,
Surface_Area_Conc,um^2 cm^-3,Surface area concentration,
Volume_density,um^3 cm^-3,Volume density,
Effective_radius,um,Effective radius,
Extinction,km^-1,Extinction,
Bin01,cm^-3,particle concentration in size range [140 - 146.14 nm],
Bin02,cm^-3,particle concentration in size range [146.14 - 152.56 nm],
Bin03,cm^-3,particle concentration in size range [152.56 - 159.25 nm],
Bin04,cm^-3,particle concentration in size range [159.25 - 166.24 nm],
Bin05,cm^-3,particle concentration in size range [166.24 - 173.54 nm],
Bin06,cm^-3,particle concentration in size range [173.54 - 181.16 nm],
Bin07,cm^-3,particle concentration in size range [181.16 - 189.11 nm],
Bin08,cm^-3,particle concentration in size range [189.11 - 197.41 nm],
Bin09,cm^-3,particle concentration in size range [197.41 - 206.07 nm],
Bin10,cm^-3,particle concentration in size range [206.07 - 215.12 nm],
Bin11,cm^-3,particle concentration in size range [215.12 - 224.56 nm],
Bin12,cm^-3,particle concentration in size range [224.56 - 234.41 nm],
Bin13,cm^-3,particle concentration in size range [234.41 - 244.70 nm],
Bin14,cm^-3,particle concentration in size range [244.70 - 361.30 nm],
Bin15,cm^-3,particle concentration in size range [361.30 - 472.80 nm],
Bin16,cm^-3,particle concentration in size range [472.80 - 567.00 nm],
Bin17,cm^-3,particle concentration in size range [567.00 - 610.66 nm],
Bin18,cm^-3,particle concentration in size range [610.66 - 657.69 nm],
Bin19,cm^-3,particle concentration in size range [657.69 - 708.33 nm],
Bin20,cm^-3,particle concentration in size range [708.33 - 762.88 nm],
Bin21,cm^-3,particle concentration in size range [762.88 - 821.62 nm],
Bin22,cm^-3,particle concentration in size range [821.62 - 884.89 nm],
Bin23,cm^-3,particle concentration in size range [884.89 - 953.03 nm],
Bin24,cm^-3,particle concentration in size range [953.03 - 1026.42 nm],
Bin25,cm^-3,particle concentration in size range [1026.42 - 1105.46 nm],
Bin26,cm^-3,particle concentration in size range [1105.46 - 1190.59 nm]],
[...]
LOCATION: Utqiagvik, AL, USA
ASSOCIATED_DATA: N/A
INSTRUMENT_INFO: Printed Optical Particle Spectrometer counts particles from 140 - 2500 nm in diameter 
DATA_INFO: Particle concentrations reported in number per cubic centimeter, binned to 100 m altitude
UNCERTAINTY: Counting uncertainty dominated by air flow, less than 5 percent
ULOD_FLAG: -77777
ULOD_VALUE: 3000 ~3000 per cm3 (varies depending on flow rate- manufacturer quotes 1250  per cm3 at 1.667 cc/s)
LLOD_FLAG: -88888
LLOD_VALUE: 0 0 (varies depending on data field and measurement precision)
DM_CONTACT_INFO: Troy Thornberry, 325 Broadway R/CSL6, Boulder, CO 80305; troy.thornberry@noaa.gov; 303-497-3373
PROJECT_INFO: B2SAP Utqiagvik, AL, USA
STIPULATIONS_ON_USE: Please contact the PIs for questions regarding applications and uncertainties
OTHER_COMMENTS: POPS bin Edges (nm):  140, 146.14, 152.56, 159.25, 166.24, 173.54, 181.16, 189.11, 197.41, 206.07, 215.12, 224.56, 234.41, 244.70, 361.30, 472.80, 567.00, 610.66, 657.69, 708.33, 762.88, 821.62, 884.89, 953.03, 1026.42, 1105.46, 1190.59, 1282.27, 1381.01, 1487.36, 1601.89, 1725.25, 1858.10, 2001.18, 2155.28, 2321.25, 2500
Calculations assume sulfate refractive index of 1.45+0.00j and extinction wavelength = 532 nm
REVISION: R0
R0: QA/QC data
TIME_START,TIME_STOP,TIME_MID,GPSAlt,GPS_Lon,GPS_Lat,iMet_Pressure,iMet_Temperature,THETA,Aerosol_concentration,Surface_Area_Conc,Volume_density,Effective_radius,Extinction,Bin01,Bin02,Bin03,Bin04,Bin05,Bin06,Bin07,Bin08,Bin09,Bin10,Bin11,Bin12,Bin13,Bin14,Bin15,Bin16,Bin17,Bin18,Bin19,Bin20,Bin21,Bin22,Bin23,Bin24,Bin25,Bin26,Bin27,Bin28,Bin29,Bin30,Bin31,Bin32,Bin33,Bin34,Bin35,Bin36
[from data line 477]
88696,88732,88714,9.5,-154.927,71.3798,275.867,-54.7457,315.544,26.3347,6.42717,758.068,0.353842,0.00262483,2.5905,2.30812,2.06257,1.74337,1.70653,1.69426,1.58376,1.41188,0.994456,0.994456,1.06812,0.871683,0.724357,4.19881,1.16634,0.748911,0.0982178,0.0368317,0.0613861,0.0491089,0.0122772,0,0.0245545,0,0,0,0.0736634,0.0245545,0,0,0.0122772,0.0122772,0.0245545,0.0245545,0.0122772,0
88733,88770,88752,9.4,-154.907,71.3803,280.198,-54.3739,314.678,28.4452,8.02288,1127.69,0.421678,0.00358421,2.57945,2.2585,2.17529,1.85435,1.86624,1.61661,1.48586,1.28378,1.33133,1.22435,1.11736,1.02227,0.891514,4.7904,1.60473,0.594343,0.130755,0.106982,0.0594343,0.0356606,0.0594343,0.0237737,0.0713211,0.0118869,0.0118869,0.0118869,0.0356606,0.0118869,0.0237737,0.0237737,0.0118869,0.0237737,0.0475474,0.0118869,0.0237737,0.0118869
88771,88808,88790,9.3,-154.887,71.3809,284.557,-53.6337,314.355,31.5534,9.05894,1268.86,0.420203,0.0039632,3.05012,2.87279,2.1871,1.96248,1.96248,1.85608,1.69057,1.64328,1.34773,1.30044,1.15857,1.00488,1.00488,5.39091,1.57235,0.756619,0.141866,0.0591109,0.0827552,0.0118222,0.0354665,0.0236443,0.070933,0.0118222,0,0.0236443,0.0472887,0.0354665,0.0472887,0.0236443,0.070933,0.0236443,0.0354665,0.0354665,0.0118222,0
88809,88845,88827,9.2,-154.867,71.3816,288.984,-52.83,314.117,32.3806,10.6379,1761.82,0.496855,0.00499547,2.98544,2.80683,2.2327,2.25822,2.04133,1.9265,1.54375,1.55651,1.51824,1.25031,1.35238,1.19928,0.880323,5.49883,1.3779,0.791015,0.127583,0.127583,0.140341,0.0510332,0.0637915,0.0382749,0.102066,0.0127583,0.0255166,0.0127583,0.102066,0.0765498,0.0255166,0.0382749,0.0637915,0.0510332,0,0.0510332,0.0382749,0.0127583
88846,88883,88864,9.1,-154.846,71.3821,293.535,-52.3078,313.458,33.5193,12.4946,2280.57,0.547573,0.00617504,3.53485,2.48428,2.22473,2.03934,2.02698,1.84158,1.87866,1.63147,1.79215,1.38428,1.13709,1.17416,1.05057,5.59891,1.48315,0.914612,0.148315,0.0741577,0.111237,0.0741577,0.098877,0.0617981,0.098877,0.0247192,0.0123596,0.0247192,0.111237,0.098877,0.0370789,0.0123596,0.098877,0.0494385,0.0494385,0.0494385,0.0617981,0.0247192
88884,88920,88902,9,-154.825,71.3827,298.212,-51.5617,313.1,29.7731,12.8073,2637.72,0.617862,0.00666374,2.71935,2.17294,2.2873,1.74089,1.88067,1.56299,1.82984,1.5757,1.10553,1.29614,1.04199,1.02929,0.787849,4.87958,1.46133,0.825971,0.216023,0.101658,0.266852,0.101658,0.0254145,0.0381217,0.114365,0.0127072,0.0381217,0.0381217,0.0762435,0.050829,0.0762435,0.0635362,0.0635362,0.0889507,0.0381217,0.101658,0,0.0635362
88921,88960,88940,8.9,-154.805,71.383,302.66,-50.9492,312.639,31.2413,14.2202,3194.43,0.673921,0.00742118,2.61266,2.46875,2.02592,1.92629,2.1477,1.62738,1.51667,1.43918,1.32847,1.17348,1.15134,1.15134,0.952072,5.44674,1.81558,0.896719,0.17713,0.0885649,0.166059,0.0332118,0.0332118,0.0774943,0.154989,0.055353,0.0442824,0.0221412,0.110706,0.0885649,0.0221412,0.0221412,0.0885649,0.154989,0.055353,0.055353,0.0332118,0.0774943
88961,89001,88981,8.8,-154.784,71.3832,307.415,-50.1017,312.437,39.6643,11.249,1514.97,0.404029,0.00468982,3.09894,2.80942,2.68075,2.45556,2.33761,2.01592,2.04809,1.91942,1.68351,1.78002,1.76929,1.7264,1.69423,7.68838,2.11243,0.890008,0.117953,0.021446,0.0857839,0.042892,0.0857839,0.042892,0.0965069,0.021446,0.032169,0.021446,0.10723,0.0643379,0.053615,0.010723,0.053615,0.053615,0,0.021446,0,0.021446
89002,89042,89022,8.7,-154.764,71.3833,312.25,-49.3215,312.136,35.7471,13.4859,2489.42,0.553783,0.0065431,3.08939,2.85421,2.34109,2.24488,2.00971,1.81729,2.04178,1.6997,1.40038,1.61418,1.58211,1.43245,1.14382,6.55292,1.75315,0.887264,0.0534496,0.106899,0.160349,0.0962093,0.0641396,0.0106899,0.106899,0.0213799,0.0320698,0.0213799,0.106899,0.0427597,0.0427597,0.0641396,0.0962093,0.0427597,0.0320698,0.0748295,0.0641396,0.0427597
89043,89081,89062,8.6,-154.746,71.3834,317.045,-48.4903,311.935,45.034,14.1377,2092.46,0.444016,0.00618044,3.51915,2.97173,3.07228,2.78181,2.55837,2.15618,2.33493,1.99977,2.33493,1.9104,1.72047,1.78751,1.67579,9.31737,2.56954,1.16188,0.156407,0.100547,0.100547,0.0670315,0.0335157,0.0335157,0.122891,0.0223438,0.0111719,0.0335157,0.122891,0.0558596,0.0111719,0.0446876,0.0782034,0.0223438,0.0223438,0.0223438,0.0335157,0.0670315
89082,89120,89101,8.5,-154.729,71.3833,321.809,-47.7803,311.589,26.8673,7.19819,865.017,0.360514,0.00295201,2.05548,1.77468,1.71852,1.48264,1.50511,1.58373,1.5388,1.50511,1.37032,1.258,1.11198,1.03336,1.04459,5.54868,1.17937,0.539143,0.0561607,0.0336964,0.078625,0.078625,0.0224643,0,0.078625,0.0112321,0.0112321,0.0224643,0.0561607,0.0449286,0.0224643,0,0.0449286,0.0224643,0.0224643,0.0112321,0,0
89121,89161,89141,8.4,-154.712,71.3831,326.677,-46.9244,311.435,20.4226,5.2906,731.542,0.414816,0.00214848,1.63807,1.84016,1.26578,1.43597,1.30832,1.11686,1.09559,0.989221,0.978584,0.946674,0.914764,0.691391,0.808396,3.64842,0.936037,0.457382,0.0319104,0.0425471,0.0212736,0.0212736,0.0212736,0.0212736,0.0319104,0,0.0106368,0,0.0106368,0,0.0106368,0.0106368,0.0531839,0.0319104,0.0212736,0,0.0106368,0
89162,89203,89182,8.3,-154.695,71.3829,331.781,-46.1658,311.098,21.5844,5.49807,776.031,0.423438,0.00224794,1.90641,1.99257,1.63714,1.46481,1.29248,1.23863,1.30325,1.29248,0.915506,0.947818,0.678551,0.926277,0.689322,3.50046,0.915506,0.387744,0.0753946,0.0646239,0.0430826,0.032312,0.0215413,0.0215413,0.0430826,0.0107707,0,0,0.0646239,0,0.0215413,0.0107707,0.0215413,0.0430826,0,0.0107707,0.0107707,0
89204,89241,89222,8.2,-154.679,71.3825,336.762,-45.4466,310.757,21.4493,5.35504,702.132,0.393348,0.0021016,1.94685,1.83366,1.48277,1.22244,1.57332,1.32431,1.15453,1.0187,1.13189,0.792322,0.973424,0.928148,0.781003,3.68996,0.803641,0.430118,0.0452755,0.0565944,0.0452755,0.0113189,0,0.0226378,0.0113189,0,0.0113189,0,0.0226378,0.0452755,0.0113189,0.0113189,0,0.0113189,0,0.0226378,0.0339566,0
89242,89282,89262,8.1,-154.664,71.3823,341.705,-44.6298,310.576,22.5257,5.37153,664.565,0.37116,0.00211095,2.03634,1.93137,1.60598,1.43803,1.38555,1.43803,1.35406,1.20711,1.06015,0.976182,0.976182,0.86072,0.787244,3.78927,1.02866,0.304401,0.0419863,0.0419863,0.0209932,0.0209932,0,0,0.0629795,0.0314897,0,0.0104966,0.0209932,0,0.0104966,0.0104966,0,0.0104966,0.0209932,0.0314897,0,0.0104966
89283,89322,89302,8,-154.648,71.382,347.007,-43.963,310.116,22.7034,5.9817,786.521,0.394464,0.00248673,2.0873,1.84111,1.87322,1.40224,1.5735,1.17745,1.44505,1.19886,1.05971,0.974073,0.931257,0.717175,0.65295,3.75714,0.984778,0.578022,0.0856328,0.0535205,0.0321123,0,0.0214082,0.0321123,0,0,0,0.0214082,0.0749287,0.0107041,0.0214082,0,0.0214082,0.0107041,0.0214082,0.0214082,0.0214082,0
89323,89361,89342,7.9,-154.633,71.3814,352.241,-43.2795,309.712,19.1137,4.17771,524.461,0.376614,0.0015652,2.1128,2.17848,1.48881,1.12756,1.3465,1.46692,1.01809,1.00714,0.908614,0.65683,0.580199,0.777248,0.459781,2.73679,0.580199,0.361256,0.0437886,0.0109472,0.065683,0.0218943,0.0218943,0.0109472,0.0218943,0,0,0.0109472,0.0109472,0.0328415,0,0,0.0109472,0.0218943,0,0.0109472,0,0.0109472
89362,89402,89382,7.8,-154.617,71.3808,357.448,-42.4737,309.498,19.3419,5.55069,1024.48,0.553701,0.0024049,2.10531,1.64899,1.42083,1.63862,1.29638,0.974875,1.30675,1.06821,0.974875,0.777826,0.871165,0.539292,0.51855,2.72758,0.725971,0.269646,0.031113,0.031113,0.010371,0.031113,0.020742,0.020742,0.0622261,0,0.010371,0.031113,0.0622261,0.010371,0,0.031113,0.020742,0.0622261,0,0.010371,0.020742,0.010371
89403,89443,89423,7.7,-154.601,71.3802,362.741,-41.6,309.368,21.8396,5.57963,817.734,0.439671,0.0021235,2.39112,1.58721,1.76242,1.47384,1.49445,1.36046,1.22648,1.07188,1.05127,0.876056,0.876056,0.783297,0.80391,3.463,0.886362,0.309196,0.0927589,0.0515327,0.0412262,0,0,0.0103065,0.0206131,0,0.0103065,0.0103065,0.0412262,0.0103065,0.0309196,0.0103065,0.0309196,0.0206131,0,0,0.0103065,0.0309196
89444,89486,89465,7.6,-154.585,71.3797,368.09,-41.0272,308.838,27.5468,7.64763,1067.93,0.418926,0.00328631,2.37439,2.35468,1.81281,1.55665,1.78325,1.61577,1.7734,1.42857,1.25123,1.06404,1.07389,1.18227,0.876848,4.74877,1.42857,0.669951,0.08867,0.08867,0.0295567,0.0197045,0.0295567,0,0.0394089,0.00985223,0.00985223,0.00985223,0.0492611,0.00985223,0.00985223,0.0197045,0.0197045,0.00985223,0.0492611,0.00985223,0.0394089,0.00985223
89487,89531,89509,7.5,-154.57,71.3794,373.492,-40.3583,308.441,23.8312,7.82513,1316.71,0.504801,0.00361324,2.36509,2.30496,1.55334,1.58341,1.38297,1.66358,1.29278,1.29278,1.06228,0.891918,0.861853,0.851832,0.721552,3.84828,0.921983,0.410884,0.100216,0.0701509,0.0801724,0.0300647,0.0400862,0.0400862,0.0300647,0.0300647,0.0200431,0.0200431,0.0701509,0.0701509,0.0200431,0.0200431,0.0601293,0.0200431,0.0200431,0.0400862,0.0200431,0.0200431
89532,89573,89552,7.4,-154.554,71.3791,379.268,-39.6019,308.092,25.9079,6.23939,759.252,0.365061,0.00249062,2.66259,2.27367,2.09417,1.94459,1.82492,1.24653,1.45595,1.39611,1.23656,1.16675,1.10692,0.867585,0.727974,3.88918,1.06703,0.428807,0.079778,0.0598335,0.039889,0.0199445,0.0299167,0,0.079778,0.00997225,0.0199445,0,0.0698057,0.00997225,0.00997225,0.0199445,0.00997225,0.00997225,0.00997225,0.0199445,0.00997225,0.00997225
89574,89613,89594,7.3,-154.54,71.3789,384.857,-38.92,307.7,30.4474,7.60554,932.058,0.36765,0.0031278,2.63531,2.31862,2.21683,2.06979,1.94538,1.77572,1.57214,1.71917,1.36855,1.10841,1.54952,1.41379,0.893517,5.25931,1.4251,0.542896,0.0904827,0.0791724,0.147034,0.0113103,0.0226207,0.0452414,0.033931,0,0,0,0.033931,0.033931,0.0113103,0,0.0226207,0.0226207,0.067862,0,0.0113103,0
89614,89655,89634,7.2,-154.526,71.3785,390.548,-38.1033,307.481,27.209,7.11433,948.52,0.399976,0.002989,2.87559,2.25089,2.09224,1.96333,1.59645,1.884,1.1899,1.32872,1.22956,1.12049,1.12049,1.11057,0.823013,4.37287,1.15023,0.525538,0.0396633,0.0694107,0.0694107,0.0297474,0.0297474,0.0495791,0.0495791,0.00991581,0.0198316,0.00991581,0.0793265,0.00991581,0,0.00991581,0.00991581,0,0.0198316,0.0198316,0.0198316,0.0297474
89656,89696,89676,7.1,-154.512,71.3779,396.316,-37.2195,307.347,29.2381,7.00383,817.804,0.350296,0.00268319,2.84708,2.20093,2.08988,1.74661,1.7668,1.63556,1.72642,1.62546,1.5144,1.49421,1.28219,1.0197,0.878354,4.93695,1.45383,0.514897,0.0706721,0.0605761,0.0403841,0.0403841,0,0.010096,0.0807682,0.0302881,0,0.020192,0.020192,0.010096,0.020192,0.020192,0.0302881,0.020192,0.010096,0,0,0.020192
89697,89737,89717,7,-154.499,71.3772,401.967,-36.3685,307.211,28.9999,6.63553,756.39,0.341973,0.00253628,2.87985,2.35624,2.08437,1.9736,1.82256,1.83263,1.7118,1.52048,1.54062,1.30902,0.966663,1.02708,0.966663,4.58158,1.38958,0.584026,0.100694,0.0704859,0.100694,0,0,0,0.0302082,0,0,0,0.0402776,0,0.0100694,0.0100694,0.0201388,0.0201388,0.0201388,0.0201388,0.0100694,0
89738,89778,89758,6.9,-154.485,71.3762,407.814,-35.4466,307.138,32.3211,9.67505,1577.81,0.48924,0.00434421,3.16403,3.00382,2.39305,2.30293,2.10268,1.59203,1.86237,1.66212,1.47187,1.47187,1.25159,1.04133,1.13144,5.13654,1.21154,0.710905,0.0901147,0.0700892,0.0901147,0.0500637,0.040051,0.0200255,0.0600765,0.0100127,0.0100127,0,0.080102,0.0300382,0.0100127,0.0300382,0.0500637,0.0200255,0.0200255,0.0600765,0.0500637,0.0200255
89779,89821,89800,6.8,-154.471,71.3749,413.756,-34.7388,306.781,33.5511,9.00774,1184.09,0.394359,0.00384889,2.81623,3.0501,2.55312,2.41669,2.1341,2.19257,1.75405,1.77354,1.42273,1.25707,1.35452,1.15962,1.07192,5.40833,1.63712,0.750345,0.107192,0.0584684,0.107192,0.00974473,0.0682131,0.00974473,0.107192,0.0194895,0.0194895,0,0.0584684,0.0389789,0,0.0584684,0.0487237,0.0292342,0.0292342,0.00974473,0.0194895,0
89822,89863,89842,6.7,-154.458,71.3735,419.686,-33.909,306.6,33.9777,9.41907,1338.28,0.426246,0.00402984,3.56077,2.67785,2.60994,2.0666,2.0569,1.75613,2.0472,1.47476,1.72702,1.62029,1.60089,1.42625,0.834403,5.56916,1.60089,0.611249,0.0776189,0.0388095,0.0970236,0.0388095,0.0291071,0.0388095,0.0485118,0.0291071,0,0.00970236,0.0776189,0.0485118,0.00970236,0.0194047,0.0388095,0.00970236,0.0291071,0.0679165,0.00970236,0.0194047
89864,89908,89886,6.6,-154.444,71.3722,425.694,-33.1611,306.313,34.6055,10.7086,1754.26,0.491454,0.00475505,3.63746,2.84317,2.70779,2.19331,2.26551,2.05792,1.79616,1.64272,1.69688,1.50733,1.1463,1.37194,0.974803,5.56901,1.53441,0.622791,0.117337,0.108311,0.0902595,0.0361038,0.0180519,0.0361038,0.0631817,0.0180519,0.00902595,0.0361038,0.117337,0.0541557,0.00902595,0.0361038,0.144415,0.0631817,0.0631817,0,0.00902595,0.00902595
89909,89952,89930,6.5,-154.429,71.3712,431.948,-32.5007,305.877,33.995,10.1729,1658.3,0.489035,0.00441542,3.37117,2.67239,2.47408,2.23801,2.20968,1.9736,1.8414,1.70919,1.39757,1.51089,1.45423,1.27481,1.32203,5.76027,1.4259,0.519368,0.0849875,0.0472153,0.0566584,0.0377722,0.0283292,0.0377722,0.0944306,0.0377722,0,0,0.0849875,0.00944306,0.0472153,0.0566584,0.0566584,0.0377722,0.0283292,0.0472153,0.0188861,0.0283292
89953,89996,89974,6.4,-154.416,71.37,437.977,-31.722,305.655,37.9052,9.21788,1133.09,0.368769,0.00367779,3.51812,2.7517,2.99178,2.70553,2.45622,2.13303,1.98529,1.65287,1.75444,1.78214,1.579,1.51436,1.23734,6.51913,1.96682,0.738712,0.138508,0.0369356,0.0554034,0.0369356,0.0369356,0,0.101573,0.0092339,0,0.0184678,0.0184678,0.0184678,0.0184678,0,0.0184678,0.0277017,0.0184678,0.0277017,0.0277017,0.0092339
89997,90040,90018,6.3,-154.403,71.3687,444.288,-30.9116,305.43,38.2517,9.08365,1108.91,0.366234,0.00351202,3.77447,3.20173,2.99516,2.61959,2.7886,2.43181,2.00929,1.77456,2.04685,1.63373,1.61495,1.38022,1.20182,5.82132,1.57739,0.647857,0.12206,0.0845031,0.0563354,0.0281677,0.0375569,0.0187785,0.0657246,0.0187785,0.00938923,0.0187785,0.0563354,0.0375569,0.0375569,0.0281677,0.0375569,0.0375569,0.00938923,0.0187785,0.00938923,0
90041,90083,90062,6.2,-154.39,71.3675,450.437,-30.1524,305.185,41.1894,13.2652,2543.93,0.575323,0.00611624,4.38307,4.06726,3.68446,2.71789,2.99542,2.69875,2.54563,2.15326,2.0767,1.75131,1.61733,1.20582,1.23453,5.11996,1.32066,0.497641,0.0669902,0.0765602,0.0574202,0.0574202,0.0287101,0.0287101,0.11484,0.0287101,0.0382801,0.00957003,0.0765602,0.0669902,0.0382801,0.0478501,0.0765602,0.0382801,0.0765602,0.0765602,0.0574202,0.0574202
90084,90129,90106,6.1,-154.377,71.3662,456.779,-29.294,305.043,45.2952,12.1714,1969.71,0.485494,0.00528508,4.91797,3.78648,3.74194,3.44793,3.28756,2.88664,2.71736,2.61045,2.21843,1.73733,1.77296,1.65714,1.45223,5.93364,1.38095,0.694931,0.0980031,0.115822,0.0890937,0.0356375,0.0356375,0.0534562,0.133641,0.0178187,0.0445468,0,0.0801843,0.0267281,0.0356375,0.0178187,0.0445468,0.0534562,0.0534562,0.0445468,0.0445468,0.0267281
90130,90175,90152,6,-154.365,71.3647,463.277,-28.5795,304.705,30.6891,6.7045,739.793,0.331028,0.00242826,3.34964,3.02609,2.51223,2.1411,2.24578,1.75095,1.61772,1.40837,1.55111,1.40837,1.14192,1.05628,0.742249,4.3964,1.28466,0.628057,0.0570961,0.0475801,0.019032,0.019032,0.00951601,0.028548,0.028548,0.00951601,0,0,0.0951601,0.019032,0.019032,0.019032,0.00951601,0.028548,0.00951601,0.00951601,0,0
90176,90219,90198,5.9,-154.355,71.3634,469.759,-27.8316,304.425,24.4237,5.55468,831.082,0.448855,0.00211216,2.90669,2.5538,1.9316,1.85731,1.78302,1.23511,1.43942,1.26297,1.17939,0.975089,0.835791,0.928656,0.761498,3.176,0.845077,0.408609,0.0185731,0.0278597,0.0371462,0.0371462,0.0278597,0.00928656,0.00928656,0.00928656,0.00928656,0,0.0371462,0,0,0.0185731,0.0185731,0.0464328,0,0.00928656,0.0185731,0.00928656
90220,90263,90242,5.8,-154.345,71.3622,476.304,-27.1798,304.03,14.771,3.13202,475.259,0.455226,0.00111255,2.14389,1.70784,1.64425,1.0992,1.08103,0.962933,0.844838,0.617731,0.654068,0.57231,0.44513,0.408793,0.436045,1.4444,0.327034,0.218023,0.0181686,0.00908428,0.00908428,0,0.00908428,0,0,0,0,0,0.0272528,0,0.0181686,0,0.0272528,0.0181686,0,0.0181686,0,0.00908428
90264,90307,90286,5.7,-154.335,71.3609,482.896,-26.3964,303.802,11.9701,1.85331,215.535,0.348892,0.000496893,1.92699,1.5378,1.21505,1.06317,1.12012,0.759405,0.721435,0.522091,0.40818,0.398688,0.427165,0.351225,0.256299,0.920779,0.170866,0.0854331,0.00949256,0.00949256,0,0,0.00949256,0.00949256,0,0,0,0,0.0189851,0,0,0.00949256,0,0.0189851,0,0,0,0
