data/B2SAP/Locations/Alaska/NOAA-POPS-B2SAP_GMLBalloon_20240425_R0.ict
82,1001
Thornberry, T. D.
NOAA Chemical Sciences Laboratory
Portable Optical Particle Spectrometer (POPS)
Balloon Baseline Stratospheric Aerosol Profiles (B2SAP)
1,1
2024,04,25,2024,05,28
0
TIME_START,s,Seconds since midnight UTC on flight start day,Start time of 100 m altitude bin in UTC_seconds_since_midnight
49
1.0,1.0,1.0,1.0,1.0,1.0,1.0,1.0,1.0,1.0,1.0,1.0,1.0,1.0,1.0,1.0,1.0,1.0,1.0,1.0,1.0,1.0,1.0,1.0,1.0,1.0,1.0,1.0,1.0,1.0,1.0,1.0,1.0,1.0,1.0,1.0,1.0,1.0,1.0,1.0,1.0,1.0,1.0,1.0,1.0,1.0,1.0,1.0,1.0
99999,99999,99999,99999,99999,99999,99999,99999,99999,99999,99999,99999,99999,99999,99999,99999,99999,99999,99999,99999,99999,99999,99999,99999,99999,99999,99999,99999,99999,99999,99999,99999,99999,99999,99999,99999,99999,99999,99999,99999,99999,99999,99999,99999,99999,99999,99999,99999,99999
TIME_STOP,s,End time of 100 m altitude bin in UTC seconds since midnight,
TIME_MID,s,Mid time of 100 m altitude in UTC seconds since midnight,
GPSAlt,km,GPS reported altitude above sea level (km),
GPS_Lon,deg,GPS reported longitude,
GPS_Lat,deg,GPS reported latitude,
iMet_Pressure,hPa,Pressure reported (hPa),
iMet_Temperature,degrees C,Ambient temperature (oC),
THETA,K,Potential temperature from iMet,
Aerosol_concentration,cm^-3,Aerosol concentration,
Surface_Area_Conc,um^2 cm^-3,Surface area concentration,
Volume_density,um^3 cm^-3,Volume density,
Effective_radius,um,Effective radius,
Extinction,km^-1,Extinction,
Bin01,cm^-3,particle concentration in size range [140 - 146.14 nm],
Bin02,cm^-3,particle concentration in size range [146.14 - 152.56 nm],
Bin03,cm^-3,particle concentration in size range [152.56 - 159.25 nm],
Bin04,cm^-3,particle concentration in size range [159.25 - 166.24 nm],
Bin05,cm^-3,particle concentration in size range [166.24 - 173.54 nm],
Bin06,cm^-3,particle concentration in size range [173.54 - 181.16 nm],
Bin07,cm^-3,particle concentration in size range [181.16 - 189.11 nm],
Bin08,cm^-3,particle concentration in size range [189.11 - 197.41 nm],
Bin09,cm^-3,particle concentration in size range [197.41 - 206.07 nm],
Bin10,cm^-3,particle concentration in size range [206.07 - 215.12 nm],
Bin11,cm^-3,particle concentration in size range [215.12 - 224.56 nm],
Bin12,cm^-3,particle concentration in size range [224.56 - 234.41 nm],
Bin13,cm^-3,particle concentration in size range [234.41 - 244.70 nm],
Bin14,cm^-3,particle concentration in size range [244.70 - 361.30 nm],
Bin15,cm^-3,particle concentration in size range [361.30 - 472.80 nm],
Bin16,cm^-3,particle concentration in size range [472.80 - 567.00 nm],
Bin17,cm^-3,particle concentration in size range [567.00 - 610.66 nm],
Bin18,cm^-3,particle concentration in size range [610.66 - 657.69 nm],
Bin19,cm^-3,particle concentration in size range [657.69 - 708.33 nm],
Bin20,cm^-3,particle concentration in size range [708.33 - 762.88 nm],
Bin21,cm^-3,particle concentration in size range [762.88 - 821.62 nm],
Bin22,cm^-3,particle concentration in size range [821.62 - 884.89 nm],
Bin23,cm^-3,particle concentration in size range [884.89 - 953.03 nm],
Bin24,cm^-3,particle concentration in size range [953.03 - 1026.42 nm],
Bin25,cm^-3,particle concentration in size range [1026.42 - 1105.46 nm],
Bin26,cm^-3,particle concentration in size range [1105.46 - 1190.59 nm]],
[...]
LOCATION: Utqiagvik, AL, USA
ASSOCIATED_DATA: N/A
INSTRUMENT_INFO: Printed Optical Particle Spectrometer counts particles from 140 - 2500 nm in diameter 
DATA_INFO: Particle concentrations reported in number per cubic centimeter, binned to 100 m altitude
UNCERTAINTY: Counting uncertainty dominated by air flow, less than 5 percent
ULOD_FLAG: -77777
ULOD_VALUE: 3000 ~3000 per cm3 (varies depending on flow rate- manufacturer quotes 1250  per cm3 at 1.667 cc/s)
LLOD_FLAG: -88888
LLOD_VALUE: 0 0 (varies depending on data field and measurement precision)
DM_CONTACT_INFO: Troy Thornberry, 325 Broadway R/CSL6, Boulder, CO 80305; troy.thornberry@noaa.gov; 303-497-3373
PROJECT_INFO: B2SAP Utqiagvik, AL, USA
STIPULATIONS_ON_USE: Please contact the PIs for questions regarding applications and uncertainties
OTHER_COMMENTS: POPS bin Edges (nm):  140, 146.14, 152.56, 159.25, 166.24, 173.54, 181.16, 189.11, 197.41, 206.07, 215.12, 224.56, 234.41, 244.70, 361.30, 472.80, 567.00, 610.66, 657.69, 708.33, 762.88, 821.62, 884.89, 953.03, 1026.42, 1105.46, 1190.59, 1282.27, 1381.01, 1487.36, 1601.89, 1725.25, 1858.10, 2001.18, 2155.28, 2321.25, 2500
Calculations assume sulfate refractive index of 1.45+0.00j and extinction wavelength = 532 nm
REVISION: R0
R0: QA/QC data
TIME_START,TIME_STOP,TIME_MID,GPSAlt,GPS_Lon,GPS_Lat,iMet_Pressure,iMet_Temperature,THETA,Aerosol_concentration,Surface_Area_Conc,Volume_density,Effective_radius,Extinction,Bin01,Bin02,Bin03,Bin04,Bin05,Bin06,Bin07,Bin08,Bin09,Bin10,Bin11,Bin12,Bin13,Bin14,Bin15,Bin16,Bin17,Bin18,Bin19,Bin20,Bin21,Bin22,Bin23,Bin24,Bin25,Bin26,Bin27,Bin28,Bin29,Bin30,Bin31,Bin32,Bin33,Bin34,Bin35,Bin36
[from data line 226]
83277,83298,83288,22.7,-155.904,71.3273,36.53,-50.6281,572.859,2.02161,0.5726,40.2381,0.210818,0.000300804,0.163235,0.125566,0.087896,0.138122,0.150679,0.113009,0.0502263,0.138122,0.0627828,0.087896,0.0753394,0.0502263,0.0125566,0.376697,0.125566,0.163235,0.0376697,0.0125566,0.0502263,0,0,0,0,0,0,0,0,0,0,0,0,0,0,0,0,0
83299,83318,83308,22.8,-155.902,71.3276,35.962,-50.27,576.352,1.91675,0.6208,51.1492,0.247177,0.000370665,0.211503,0.158627,0.158627,0.0528758,0.118971,0.105752,0.0793137,0.0925327,0.0528758,0.0396569,0.0396569,0.0660948,0.0264379,0.25116,0.198284,0.158627,0.013219,0.0264379,0.013219,0,0.0264379,0,0.0264379,0,0,0,0,0,0,0,0,0,0,0,0,0
83319,83339,83329,22.9,-155.901,71.3277,35.4376,-49.7676,580.082,1.88347,0.691269,57.7082,0.250445,0.000428154,0.139048,0.139048,0.126407,0.113767,0.113767,0.0758444,0.0379222,0.0379222,0.050563,0.0884852,0.050563,0,0.050563,0.328659,0.202252,0.189611,0.0379222,0.0379222,0.0126407,0.0126407,0,0.0126407,0.0252815,0,0,0,0,0,0,0,0,0,0,0,0,0
83340,83359,83350,23,-155.899,71.3277,34.9045,-49.4945,583.314,1.9299,0.516911,35.22,0.204406,0.000263824,0.227835,0.120618,0.134021,0.147423,0.160825,0.0536082,0.134021,0.0670103,0.0268041,0.0804123,0.0402062,0.0268041,0.0402062,0.268041,0.160825,0.160825,0.0536082,0.0134021,0.0134021,0,0,0,0,0,0,0,0,0,0,0,0,0,0,0,0,0
83360,83378,83369,23.1,-155.898,71.3278,34.3879,-49.7884,585.032,1.66205,0.487898,36.5079,0.224481,0.000274318,0.14328,0.114624,0.057312,0.14328,0.100296,0.014328,0.114624,0.085968,0.114624,0.085968,0.028656,0.07164,0.014328,0.229248,0.14328,0.100296,0.014328,0.028656,0.028656,0.014328,0.014328,0,0,0,0,0,0,0,0,0,0,0,0,0,0,0
83379,83398,83388,23.2,-155.898,71.3281,33.8815,-50.314,586.134,1.48152,0.264989,14.1408,0.160091,8.7317e-05,0.219485,0.109742,0.137178,0.0960246,0.12346,0.0823068,0.0823068,0.068589,0.0548712,0.0548712,0.0274356,0,0.0823068,0.219485,0.0548712,0.0548712,0.0137178,0,0,0,0,0,0,0,0,0,0,0,0,0,0,0,0,0,0,0
83399,83417,83408,23.3,-155.897,71.3285,33.3626,-50.8884,587.21,1.25081,0.32707,21.7859,0.199828,0.000160846,0.174532,0.0727217,0.087266,0.0581773,0.0727217,0.10181,0.10181,0.0290887,0.0727217,0,0,0,0.0581773,0.130899,0.174532,0.0581773,0.043633,0.0145443,0,0,0,0,0,0,0,0,0,0,0,0,0,0,0,0,0,0
83418,83436,83427,23.4,-155.898,71.3288,32.87,-51.1716,588.96,1.44466,0.393711,28.0082,0.213417,0.000200674,0.17511,0.145925,0.029185,0.0729625,0.160518,0.087555,0.087555,0.0437775,0.029185,0.029185,0.029185,0.029185,0.029185,0.160518,0.189703,0.11674,0,0,0.0145925,0,0,0.0145925,0,0,0,0,0,0,0,0,0,0,0,0,0,0
83437,83457,83447,23.5,-155.898,71.3292,32.372,-51.1455,591.602,1.67693,0.406903,25.5195,0.188149,0.00017867,0.183194,0.0986427,0.112735,0.0986427,0.0845509,0.0845509,0.112735,0.0845509,0.0845509,0.0845509,0.0281836,0.0281836,0,0.295928,0.15501,0.112735,0.0140918,0,0.0140918,0,0,0,0,0,0,0,0,0,0,0,0,0,0,0,0,0
83458,83476,83467,23.6,-155.9,71.3299,31.9016,-51.0721,594.277,1.32933,0.493703,42.4328,0.257844,0.000301026,0.179235,0.11949,0.11949,0.0896174,0.0298725,0.0298725,0.0746812,0.0149362,0,0,0.0298725,0.0149362,0,0.209107,0.179235,0.164299,0.0298725,0.0149362,0,0,0,0,0.0149362,0.0149362,0,0,0,0,0,0,0,0,0,0,0,0
83477,83496,83486,23.7,-155.902,71.331,31.434,-50.7585,597.634,1.06043,0.27334,19.8332,0.217677,0.000139416,0.114641,0.114641,0.0716504,0.0716504,0.0286602,0.100311,0.0429903,0,0.0429903,0.0573204,0.0143301,0.0429903,0.0143301,0.186291,0.0429903,0.0859805,0,0,0.0143301,0,0,0.0143301,0,0,0,0,0,0,0,0,0,0,0,0,0,0
83497,83517,83507,23.8,-155.901,71.3325,30.9514,-50.9314,599.812,1.32896,0.316618,20.9799,0.198787,0.000149595,0.150707,0.137006,0.123306,0.109605,0.0411019,0.0685032,0,0.150707,0,0,0.0685032,0.0274013,0.0137006,0.246612,0.0959045,0.0411019,0,0.0274013,0.0274013,0,0,0,0,0,0,0,0,0,0,0,0,0,0,0,0,0
83518,83537,83528,23.9,-155.899,71.3344,30.4905,-51.0815,601.984,1.21735,0.225565,13.3436,0.177469,9.02479e-05,0.26086,0.115938,0.0434767,0.101446,0.0869533,0.0724611,0.0434767,0.0289844,0.0869533,0.0289844,0.0434767,0.0289844,0.0289844,0.13043,0.0579689,0.0144922,0.0144922,0.0289844,0,0,0,0,0,0,0,0,0,0,0,0,0,0,0,0,0,0
83538,83556,83547,24,-155.896,71.3357,30.0321,-51.0426,604.701,1.20797,0.251134,15.8424,0.18925,0.000111233,0.154868,0.216815,0.0929208,0.077434,0.0619472,0.0464604,0.123894,0.0309736,0.0309736,0,0.0309736,0,0.0464604,0.123894,0.0929208,0.0464604,0,0.0154868,0.0154868,0,0,0,0,0,0,0,0,0,0,0,0,0,0,0,0,0
83557,83575,83566,24.1,-155.893,71.3364,29.5905,-50.9574,607.498,1.37057,0.385395,29.4227,0.229033,0.000213986,0.249195,0.124598,0.124598,0.0311494,0.109023,0.0311494,0,0.0778735,0.0467241,0.0778735,0.0155747,0.0155747,0,0.186896,0.0934481,0.140172,0,0.0311494,0,0,0,0,0.0155747,0,0,0,0,0,0,0,0,0,0,0,0,0
83576,83595,83586,24.2,-155.891,71.3365,29.1515,-51.2395,609.326,1.39293,0.33482,23.987,0.214925,0.000169833,0.284578,0.104844,0.104844,0.0449333,0.104844,0.0149778,0.0898667,0.0599111,0.0599111,0.0599111,0.0149778,0.0449333,0.0149778,0.194711,0.0599111,0.0748889,0.0299556,0,0.0149778,0,0,0.0149778,0,0,0,0,0,0,0,0,0,0,0,0,0,0
83596,83614,83605,24.3,-155.889,71.3366,28.7195,-51.1421,612.201,1.04477,0.223339,13.5844,0.182471,9.17197e-05,0.126638,0.142468,0.0791489,0.0474893,0.0474893,0.0474893,0.0316596,0.0474893,0.0791489,0.0316596,0.0316596,0.0158298,0.0158298,0.158298,0.0791489,0.0474893,0,0,0.0158298,0,0,0,0,0,0,0,0,0,0,0,0,0,0,0,0,0
83615,83633,83624,24.4,-155.888,71.3367,28.3039,-51.1844,614.636,0.976643,0.218434,13.97,0.191866,9.45779e-05,0.0841934,0.151548,0.0336774,0.050516,0.050516,0.0336774,0.050516,0.0673547,0.050516,0.0168387,0.0336774,0.0336774,0.0336774,0.151548,0.101032,0,0,0.0168387,0,0.0168387,0,0,0,0,0,0,0,0,0,0,0,0,0,0,0,0
83635,83651,83643,24.5,-155.886,71.3367,27.8467,-50.6047,619.115,1.43479,0.335641,22.6292,0.202262,0.000165353,0.307454,0.163975,0.0819877,0.0614908,0.163975,0,0.0204969,0.0409939,0.0204969,0.0409939,0,0.0614908,0.0409939,0.225466,0.0819877,0.0409939,0.0409939,0.0204969,0.0204969,0,0,0,0,0,0,0,0,0,0,0,0,0,0,0,0,0
83652,83670,83661,24.6,-155.886,71.3368,27.4521,-50.7368,621.273,1.13476,0.337254,25.3658,0.225638,0.000194006,0.113476,0.145898,0.113476,0.0648434,0.0972651,0.0162109,0.0486326,0.0324217,0.0486326,0.0162109,0.0162109,0.0162109,0.0162109,0.0972651,0.113476,0.145898,0,0,0.0162109,0,0.0162109,0,0,0,0,0,0,0,0,0,0,0,0,0,0,0
83671,83689,83680,24.7,-155.886,71.3369,27.0363,-50.8763,623.598,1.25896,0.293067,18.9821,0.194311,0.00013518,0.212551,0.130801,0.0817506,0.0490503,0.0654004,0.0981007,0,0.0490503,0.0490503,0.0490503,0.0327002,0.0327002,0.0490503,0.147151,0.114451,0.0490503,0.0327002,0,0.0163501,0,0,0,0,0,0,0,0,0,0,0,0,0,0,0,0,0
83690,83708,83699,24.8,-155.887,71.3374,26.6316,-50.95,626.082,1.11525,0.270494,19.0848,0.211666,0.000142142,0.199746,0.149809,0.116518,0.0332909,0.0499364,0.0332909,0,0.0499364,0.0332909,0.0332909,0.0332909,0.0332909,0.0332909,0.149809,0.0665818,0.0332909,0.0166455,0.0332909,0,0.0166455,0,0,0,0,0,0,0,0,0,0,0,0,0,0,0,0
83709,83726,83718,24.9,-155.886,71.3379,26.2422,-51.22,627.956,0.773007,0.254993,19.8072,0.233032,0.000153017,0.0878417,0.0175683,0.10541,0.0351367,0.0351367,0.0702733,0,0.0351367,0.0351367,0,0.0175683,0.0175683,0.0351367,0.052705,0.0878417,0.10541,0.0175683,0,0,0,0.0175683,0,0,0,0,0,0,0,0,0,0,0,0,0,0,0
83727,83746,83736,25,-155.886,71.3386,25.853,-51.261,630.529,1.34945,0.491281,41.9315,0.256054,0.000319538,0.144584,0.112454,0.0803242,0.0321297,0.0321297,0.144584,0.0321297,0.0642594,0.0481945,0.0160648,0.0481945,0.0321297,0.0160648,0.192778,0.0963891,0.144584,0.0160648,0.0160648,0.0321297,0.0321297,0,0,0.0160648,0,0,0,0,0,0,0,0,0,0,0,0,0
83747,83764,83756,25.1,-155.885,71.3393,25.4782,-51.2147,633.297,1.10665,0.388293,30.8218,0.238133,0.000246234,0.133562,0.114481,0.0572407,0.0763209,0.0381605,0.0190802,0.0190802,0.0381605,0.0572407,0.0763209,0,0,0.0190802,0.133562,0.114481,0.114481,0.0190802,0.0381605,0.0190802,0.0190802,0,0,0,0,0,0,0,0,0,0,0,0,0,0,0,0
83765,83783,83774,25.2,-155.884,71.34,25.0974,-51.5342,635.114,1.16256,0.276231,17.4138,0.189123,0.000120419,0.136771,0.102578,0.0341928,0.085482,0.0512892,0.0683856,0.0512892,0.0683856,0.0341928,0.0341928,0.0683856,0,0.0170964,0.23935,0.085482,0.0512892,0.0170964,0,0.0170964,0,0,0,0,0,0,0,0,0,0,0,0,0,0,0,0,0
83784,83802,83793,25.3,-155.881,71.3408,24.7247,-51.7163,637.312,1.37109,0.391437,29.6851,0.227509,0.000231015,0.225622,0.1562,0.0867778,0.0347111,0.0867778,0.0694222,0.0520667,0.0694222,0.0520667,0.0347111,0.0347111,0.0173556,0.0173556,0.1562,0.0867778,0.0867778,0.0173556,0.0347111,0.0520667,0,0,0,0,0,0,0,0,0,0,0,0,0,0,0,0,0
83803,83821,83812,25.4,-155.879,71.3415,24.3505,-51.8858,639.603,1.10285,0.328728,23.4621,0.214117,0.000180894,0.210067,0.122539,0.105034,0.0525169,0.0175056,0.0175056,0,0.0350112,0.0175056,0.0350112,0.0175056,0.0175056,0.0175056,0.140045,0.122539,0.140045,0.0175056,0,0.0175056,0,0,0,0,0,0,0,0,0,0,0,0,0,0,0,0,0
83822,83840,83831,25.5,-155.875,71.3419,23.9588,-52.0859,641.993,0.944018,0.282631,21.6865,0.230193,0.000166728,0.177003,0.0590011,0.0983352,0.0786682,0,0,0.0590011,0.0393341,0.0590011,0.0393341,0.019667,0,0,0.0786682,0.0786682,0.118002,0.019667,0,0,0,0.019667,0,0,0,0,0,0,0,0,0,0,0,0,0,0,0
83841,83858,83850,25.6,-155.873,71.3419,23.6335,-51.8724,645.122,1.19901,0.303951,20.359,0.200943,0.000146734,0.0799338,0.179851,0.0599503,0.139884,0.0599503,0.0599503,0.0199834,0.0999172,0,0.0399669,0.0199834,0.0399669,0,0.139884,0.159868,0.0799338,0,0,0,0.0199834,0,0,0,0,0,0,0,0,0,0,0,0,0,0,0,0
83859,83877,83868,25.7,-155.871,71.3419,23.2879,-51.9942,647.493,0.918863,0.221189,14.6627,0.19887,0.000109567,0.144135,0.0720677,0.0360339,0.0900846,0.0360339,0.0720677,0.0180169,0.0720677,0.0540508,0.0540508,0.0180169,0,0.0180169,0.0540508,0.0720677,0.0720677,0.0360339,0,0,0,0,0,0,0,0,0,0,0,0,0,0,0,0,0,0,0
83878,83896,83887,25.8,-155.869,71.3419,22.9358,-51.6953,651.198,1.20971,0.285348,17.8281,0.187436,0.000125895,0.162499,0.126388,0.0361109,0.0361109,0.0180554,0.180554,0.0541663,0.0361109,0.0361109,0.0361109,0.0180554,0,0.0902771,0.180554,0.0902771,0.0722217,0.0361109,0,0,0,0,0,0,0,0,0,0,0,0,0,0,0,0,0,0,0
83897,83914,83906,25.9,-155.866,71.3421,22.5833,-51.4878,654.696,0.929071,0.241509,16.3549,0.203159,0.000124756,0.154845,0.13549,0.0580669,0.0580669,0.0387113,0.0193556,0.0580669,0.0193556,0.0193556,0.0193556,0.0193556,0.0387113,0,0.0774226,0.0774226,0.116134,0.0193556,0,0,0,0,0,0,0,0,0,0,0,0,0,0,0,0,0,0,0
83915,83932,83924,26,-155.864,71.3419,22.2578,-51.0594,658.683,0.974572,0.260061,19.0199,0.219409,0.00014674,0.13644,0.116949,0.0779658,0.0584743,0.0779658,0.0584743,0.0389829,0.0584743,0,0.0194914,0.0194914,0.0194914,0,0.0974572,0.0779658,0.0389829,0.0389829,0.0194914,0.0194914,0,0,0,0,0,0,0,0,0,0,0,0,0,0,0,0,0
83933,83951,83942,26.1,-155.862,71.3417,21.9305,-51.2689,660.855,1.04684,0.226122,13.8006,0.183096,9.48651e-05,0.130855,0.0747744,0.112162,0.0560808,0.112162,0.0747744,0.0560808,0.0186936,0,0,0,0.0560808,0.0560808,0.149549,0.0934679,0.0186936,0.0186936,0.0186936,0,0,0,0,0,0,0,0,0,0,0,0,0,0,0,0,0,0
83952,83969,83960,26.2,-155.86,71.3415,21.5889,-51.0789,664.396,0.760903,0.132467,6.69967,0.151729,3.88564e-05,0.0600713,0.0400475,0.080095,0.0400475,0.0600713,0.080095,0.080095,0.0200238,0.0600713,0,0.0200238,0.0200238,0.0600713,0.0600713,0.0600713,0.0200238,0,0,0,0,0,0,0,0,0,0,0,0,0,0,0,0,0,0,0,0
83970,83987,83978,26.3,-155.859,71.3411,21.2872,-50.9444,667.477,0.498793,0.0927073,5.02433,0.162587,3.15882e-05,0.0798068,0.0798068,0.0598551,0.0199517,0.0199517,0,0.0399034,0,0.0399034,0.0199517,0,0,0,0.0798068,0.0399034,0.0199517,0,0,0,0,0,0,0,0,0,0,0,0,0,0,0,0,0,0,0,0
83988,84005,83996,26.4,-155.858,71.3407,20.9735,-50.9947,670.165,0.556339,0.0873251,4.2585,0.146298,2.39897e-05,0.106988,0.106988,0.0427953,0,0,0.064193,0.064193,0,0,0,0,0.0213977,0.0213977,0.106988,0,0.0213977,0,0,0,0,0,0,0,0,0,0,0,0,0,0,0,0,0,0,0,0
84006,84023,84014,26.5,-155.858,71.3408,20.6387,-51.4813,671.781,0.464059,0.0712363,3.13747,0.13213,1.46874e-05,0.0732724,0.0488483,0,0.0488483,0.0488483,0,0.0244241,0.0244241,0.0244241,0.0244241,0.0244241,0,0.0244241,0.0732724,0.0244241,0,0,0,0,0,0,0,0,0,0,0,0,0,0,0,0,0,0,0,0,0
84024,84041,84032,26.6,-155.858,71.341,20.3506,-51.8539,673.347,0.846734,0.151715,7.70337,0.152326,4.44126e-05,0.123912,0.10326,0,0.0826082,0.0826082,0.0413041,0,0.020652,0.0619561,0.020652,0.020652,0.020652,0.0619561,0.123912,0.0619561,0.020652,0,0,0,0,0,0,0,0,0,0,0,0,0,0,0,0,0,0,0,0
84042,84058,84050,26.7,-155.859,71.3414,20.0587,-52.2106,675.041,0.701934,0.117272,5.67678,0.14522,3.07119e-05,0.163784,0.0701934,0.0467956,0.0701934,0.0233978,0.0233978,0,0.0467956,0,0.0467956,0,0.0233978,0,0.116989,0.0701934,0,0,0,0,0,0,0,0,0,0,0,0,0,0,0,0,0,0,0,0,0
84059,84076,84068,26.8,-155.86,71.342,19.7767,-52.3517,677.347,0.721568,0.146675,7.81782,0.159901,4.702e-05,0.148558,0.0424452,0.0212226,0.0212226,0.0212226,0.0212226,0.0424452,0.0212226,0.0848903,0,0.0212226,0,0.0212226,0.169781,0.0636677,0.0212226,0,0,0,0,0,0,0,0,0,0,0,0,0,0,0,0,0,0,0,0
84077,84095,84086,26.9,-155.86,71.3428,19.4644,-52.7261,679.279,0.833042,0.136162,7.35077,0.161956,4.7424e-05,0.2136,0.12816,0.0854402,0.02136,0.0640801,0.0427201,0.0640801,0,0.02136,0,0,0.02136,0.02136,0.0640801,0.0427201,0.0427201,0,0,0,0,0,0,0,0,0,0,0,0,0,0,0,0,0,0,0,0
84096,84113,84104,27,-155.857,71.3434,19.16,-52.6,682.74,0.662515,0.124193,6.9432,0.16772,4.5573e-05,0.114227,0.0685361,0,0.0685361,0.0913814,0.0456907,0.0228454,0.0228454,0,0.0228454,0.0228454,0,0.0228454,0.0913814,0.0228454,0.0456907,0,0,0,0,0,0,0,0,0,0,0,0,0,0,0,0,0,0,0,0
84114,84131,84122,27.1,-155.855,71.3437,18.8844,-51.9572,687.565,0.609532,0.118405,6.40174,0.1622,4.00406e-05,0.065307,0.021769,0,0.087076,0.021769,0.021769,0.021769,0.043538,0.043538,0.065307,0.021769,0.021769,0.021769,0.108845,0,0.043538,0,0,0,0,0,0,0,0,0,0,0,0,0,0,0,0,0,0,0,0
84132,84150,84141,27.2,-155.853,71.3436,18.5911,-51.3339,692.592,0.568193,0.0709693,2.84577,0.120296,1.19897e-05,0.131121,0.0655607,0.0655607,0,0.0655607,0,0.0655607,0.0218536,0.0218536,0.0437071,0,0,0.0218536,0.0437071,0.0218536,0,0,0,0,0,0,0,0,0,0,0,0,0,0,0,0,0,0,0,0,0
84151,84168,84160,27.3,-155.852,71.3435,18.3169,-51.3706,695.421,0.643918,0.0663778,2.2914,0.103562,7.25129e-06,0.173363,0.12383,0.0742982,0.0742982,0.0495322,0.0247661,0,0,0.0495322,0,0,0,0,0.0742982,0,0,0,0,0,0,0,0,0,0,0,0,0,0,0,0,0,0,0,0,0,0
84169,84186,84178,27.4,-155.851,71.3435,18.0694,-51.2519,698.508,0.529599,0.0552542,1.82057,0.098847,4.77003e-06,0.075657,0.100876,0.050438,0.025219,0.100876,0.025219,0,0.050438,0,0,0.025219,0.025219,0.025219,0.025219,0,0,0,0,0,0,0,0,0,0,0,0,0,0,0,0,0,0,0,0,0,0
84187,84205,84196,27.5,-155.85,71.3434,17.8059,-50.9065,702.539,0.738832,0.14379,7.19648,0.150145,3.93968e-05,0.190666,0.0476666,0,0,0.0714998,0.0238333,0.0476666,0.0238333,0,0,0.0238333,0,0,0.238333,0.0714998,0,0,0,0,0,0,0,0,0,0,0,0,0,0,0,0,0,0,0,0,0
84206,84223,84214,27.6,-155.85,71.3436,17.5481,-50.7662,705.919,0.54066,0.0643588,2.30334,0.107367,7.17108e-06,0.0514914,0.102983,0.0257457,0.0772371,0.0514914,0.0257457,0,0.0257457,0.0257457,0,0.0257457,0.0514914,0.0257457,0.0514914,0,0,0,0,0,0,0,0,0,0,0,0,0,0,0,0,0,0,0,0,0,0
84224,84241,84232,27.7,-155.849,71.3439,17.27,-50.7017,709.35,0.648232,0.0784946,2.84311,0.108661,9.08732e-06,0.0463023,0.162058,0.0463023,0.0231511,0.0694534,0.0463023,0,0,0.0694534,0.0231511,0.0231511,0.0231511,0.0463023,0.0694534,0,0,0,0,0,0,0,0,0,0,0,0,0,0,0,0,0,0,0,0,0,0
84243,84260,84252,27.8,-155.847,71.344,17.0135,-49.9224,714.886,0.588472,0.091687,4.40559,0.144151,2.45087e-05,0.073559,0.0245197,0.0980786,0.0245197,0,0.0490393,0,0.0490393,0.073559,0.0980786,0,0,0,0.073559,0,0.0245197,0,0,0,0,0,0,0,0,0,0,0,0,0,0,0,0,0,0,0,0
