data/B2SAP/Locations/Alaska/NOAA-POPS-B2SAP_GMLBalloon_20230317_R0.ict
61,1001
Thornberry, T. D.
NOAA Chemical Sciences Laboratory
Portable Optical Particle Spectrometer (POPS)
Balloon Baseline Stratospheric Aerosol Profiles (B2SAP)
1,1
2023,03,17,2024,05,28
0
TIME_START,s,Seconds since midnight UTC on flight start day,Start time of 100 m altitude bin in UTC_seconds_since_midnight
28
1.0,1.0,1.0,1.0,1.0,1.0,1.0,1.0,1.0,1.0,1.0,1.0,1.0,1.0,1.0,1.0,1.0,1.0,1.0,1.0,1.0,1.0,1.0,1.0,1.0,1.0,1.0,1.0
99999,99999,99999,99999,99999,99999,99999,99999,99999,99999,99999,99999,99999,99999,99999,99999,99999,99999,99999,99999,99999,99999,99999,99999,99999,99999,99999,99999
TIME_STOP,s,End time of 100 m altitude bin in UTC seconds since midnight,
TIME_MID,s,Mid time of 100 m altitude in UTC seconds since midnight,
GPSAlt,m,GPS reported altitude above sea level (m),
GPS_Lon,deg,GPS reported longitude,
GPS_Lat,deg,GPS reported latitude,
iMet_Pressure,mb,Pressure reported (mB),
iMet_Temperature,degrees C,Ambient temperature (oC),
THETA,K,Potential temperature from iMet,
Aerosol_concentration,cm^-3,Aerosol concentration,
Surface_Area_Conc,um^2 cm^-3,Surface area concentration,
Volume_density,um^3 cm^-3,Volume density,
Effective_radius,um,Effective radius,
Extinction,km^-1,Extinction,
Bin01,cm^-3,particle concentration in size range [140 - 170 nm],
Bin02,cm^-3,particle concentration in size range [170 - 205 nm],
Bin03,cm^-3,particle concentration in size range [205 - 249 nm],
Bin04,cm^-3,particle concentration in size range [249 - 302 nm],
Bin05,cm^-3,particle concentration in size range [302 - 366 nm],
Bin06,cm^-3,particle concentration in size range [366 - 443 nm],
Bin07,cm^-3,particle concentration in size range [443 - 537 nm],
Bin08,cm^-3,particle concentration in size range [537 - 651 nm],
Bin09,cm^-3,particle concentration in size range [651 - 789 nm],
Bin10,cm^-3,particle concentration in size range [789 - 956 nm],
Bin11,cm^-3,particle concentration in size range [956 - 1159 nm],
Bin12,cm^-3,particle concentration in size range [1159 - 1404 nm],
Bin13,cm^-3,particle concentration in size range [1404 - 1702 nm],
Bin14,cm^-3,particle concentration in size range [1702 - 2062 nm],
Bin15,cm^-3,particle concentration in size range [2062 - 2500 nm],
0
19
PI_CONTACT_INFO: 325 Broadway R/CSL6, Boulder, CO 80305; troy.thornberry@noaa.gov; 303-497-3373 
PLATFORM: GML ECC/FPH balloon
LOCATION: Utqiagvik, AL, USA
ASSOCIATED_DATA: N/A
INSTRUMENT_INFO: Printed Optical Particle Spectrometer counts particles from 140 - 2500 nm in diameter 
DATA_INFO: Particle concentrations reported in number per cubic centimeter, binned to 100 m altitude
UNCERTAINTY: Counting uncertainty dominated by air flow, less than 5 percent
ULOD_FLAG: -77777
ULOD_VALUE: 3000 ~3000 per cm3 (varies depending on flow rate- manufacturer quotes 1250  per cm3 at 1.667 cc/s)
LLOD_FLAG: -88888
LLOD_VALUE: 0 0 (varies depending on data field and measurement precision)
DM_CONTACT_INFO: Troy Thornberry, 325 Broadway R/CSL6, Boulder, CO 80305; troy.thornberry@noaa.gov; 303-497-3373
PROJECT_INFO: B2SAP Utqiagvik, AL, USA
STIPULATIONS_ON_USE: Please contact the PIs for questions regarding applications and uncertainties
OTHER_COMMENTS: POPS bin Edges (nm):  140, 170, 205, 249, 302, 366, 443, 537, 651, 789, 956, 1159, 1404, 1702, 2062, 2500
Calculations assume sulfate refractive index of 1.45+0.00j and extinction wavelength = 532 nm
REVISION: R0
R0: QA/QC data
TIME_START,TIME_STOP,TIME_MID,GPSAlt,GPS_Lon,GPS_Lat,iMet_Pressure,iMet_Temperature,THETA,Aerosol_concentration,Surface_Area_Conc,Volume_density,Effective_radius,Extinction,Bin01,Bin02,Bin03,Bin04,Bin05,Bin06,Bin07,Bin08,Bin09,Bin10,Bin11,Bin12,Bin13,Bin14,Bin15
[from data line 335]
76986,76999,76992,22.1,-155.036,71.5905,36.7543,-52.6657,566.614,0.649427,0.0725788,2.55779,0.105725,7.85832e-06,0.378832,0.126277,0.0180396,0.108238,0.0180396,0,0,0,0,0,0,0,0,0,0
77000,77012,77006,22,-155.031,71.5917,37.2933,-52.635,564.349,0.934188,0.0871651,2.78148,0.0957315,7.67159e-06,0.664311,0.166078,0.0622792,0,0.0415194,0,0,0,0,0,0,0,0,0,0
77013,77026,77020,21.9,-155.025,71.5932,37.8508,-52.4742,562.367,1.04972,0.105019,3.97228,0.113473,1.75424e-05,0.82331,0.102914,0.0617482,0.0205827,0.0205827,0,0.0205827,0,0,0,0,0,0,0,0
77027,77039,77033,21.8,-155.021,71.5947,38.3633,-52.22,560.851,0.711795,0.0711383,2.54897,0.107494,9.58369e-06,0.528762,0.101685,0.040674,0,0.020337,0.020337,0,0,0,0,0,0,0,0,0
77040,77053,77046,21.7,-155.017,71.5964,38.9707,-52.4671,557.725,0.816969,0.085738,3.3603,0.117578,1.57272e-05,0.573617,0.173823,0.0173823,0,0.0347647,0,0.0173823,0,0,0,0,0,0,0,0
77054,77067,77060,21.6,-155.013,71.5981,39.5238,-52.8077,554.622,0.704228,0.0693942,2.70446,0.116917,1.29106e-05,0.593034,0.0370646,0.0370646,0.0185323,0,0,0.0185323,0,0,0,0,0,0,0,0
77068,77081,77074,21.5,-155.009,71.5995,40.1114,-52.6557,552.665,1.04606,0.104988,3.51712,0.1005,1.05326e-05,0.703093,0.171486,0.085743,0.0342972,0.0514458,0,0,0,0,0,0,0,0,0,0
77082,77096,77089,21.4,-155.004,71.6007,40.7579,-52.82,549.746,1.14981,0.103074,3.14759,0.0916119,7.28907e-06,0.858069,0.171614,0.0514842,0.0514842,0.0171614,0,0,0,0,0,0,0,0,0,0
77097,77110,77104,21.3,-154.998,71.6017,41.3379,-53.3564,546.191,0.94618,0.0941759,3.22901,0.102861,1.05614e-05,0.619318,0.223643,0.0344065,0.0344065,0.0172033,0.0172033,0,0,0,0,0,0,0,0,0
77111,77124,77118,21.2,-154.993,71.6026,41.9364,-53.5586,543.45,1.03181,0.0830009,2.26576,0.0818942,3.43329e-06,0.791051,0.189164,0.0515903,0,0,0,0,0,0,0,0,0,0,0,0
77129,77139,77134,21.1,-154.987,71.6038,42.612,-53.948,540.023,1.11088,0.0844297,2.21034,0.078539,2.89865e-06,0.917684,0.193197,0,0,0,0,0,0,0,0,0,0,0,0,0
77141,77154,77148,21,-154.981,71.605,43.2357,-53.7457,538.277,0.896157,0.0878651,3.00599,0.102634,1.00744e-05,0.723819,0.0344676,0.0689352,0,0.0689352,0,0,0,0,0,0,0,0,0,0
77156,77166,77161,20.9,-154.975,71.6065,43.862,-53.274,537.218,1.44453,0.106235,2.72676,0.0770016,3.36389e-06,1.30008,0.144453,0,0,0,0,0,0,0,0,0,0,0,0,0
77171,77184,77178,20.8,-154.97,71.6084,44.5286,-53.7986,533.643,1.37904,0.112249,3.09798,0.0827978,4.88467e-06,1.06875,0.206855,0.103428,0,0,0,0,0,0,0,0,0,0,0,0
77186,77196,77191,20.7,-154.965,71.6102,45.174,-54.24,530.37,1.35418,0.117736,3.4183,0.0871005,6.35777e-06,0.918908,0.338545,0.0483636,0.0483636,0,0,0,0,0,0,0,0,0,0,0
77201,77215,77208,20.6,-154.961,71.6119,45.8729,-54.2286,528.081,0.898134,0.0733624,2.02909,0.0829752,3.21796e-06,0.690872,0.138174,0.0690872,0,0,0,0,0,0,0,0,0,0,0,0
77217,77230,77224,20.5,-154.956,71.6135,46.6163,-54.2575,525.599,1.51148,0.129824,3.70919,0.0857125,6.48609e-06,0.997579,0.423215,0.0604593,0.0302297,0,0,0,0,0,0,0,0,0,0,0
77231,77246,77238,20.4,-154.952,71.6144,47.2,-54.2456,523.759,1.55842,0.159868,5.5033,0.103272,1.76921e-05,0.913558,0.429909,0.107477,0.0537387,0.0268693,0.0268693,0,0,0,0,0,0,0,0,0
77248,77261,77254,20.3,-154.946,71.6153,48.0325,-54.23,521.182,1.32994,0.12431,4.60677,0.111176,2.06466e-05,1.08813,0.151129,0.0604517,0,0,0,0.0302259,0,0,0,0,0,0,0,0
77263,77277,77270,20.2,-154.941,71.6158,48.7347,-54.358,518.73,1.62912,0.15666,5.46629,0.104678,1.99459e-05,1.16135,0.290338,0.112909,0.0322598,0,0.0161299,0.0161299,0,0,0,0,0,0,0,0
77278,77292,77285,20.1,-154.935,71.6166,49.47,-54.2407,516.782,1.93455,0.170014,5.02852,0.0887312,1.03277e-05,1.32194,0.483637,0.0483637,0.064485,0.0161212,0,0,0,0,0,0,0,0,0,0
77293,77308,77300,20,-154.929,71.6176,50.2181,-54.5469,513.855,1.65884,0.151901,4.77707,0.0943458,1.25213e-05,1.14843,0.334958,0.127603,0.0159504,0.0159504,0.0159504,0,0,0,0,0,0,0,0,0
77309,77324,77316,19.9,-154.923,71.619,50.9825,-54.62,511.476,1.83193,0.17545,5.51497,0.0942998,1.33346e-05,1.11581,0.466309,0.149885,0.0666156,0.0333078,0,0,0,0,0,0,0,0,0,0
77325,77340,77332,19.8,-154.917,71.6207,51.7694,-54.645,509.173,1.53233,0.137195,4.21998,0.092277,1.03769e-05,1.03266,0.383083,0.083279,0.0166558,0,0.0166558,0,0,0,0,0,0,0,0,0
77341,77356,77348,19.7,-154.912,71.6225,52.5363,-54.7394,506.828,1.9829,0.192757,6.31714,0.0983179,1.79176e-05,1.28305,0.449901,0.116641,0.083315,0.033326,0.016663,0,0,0,0,0,0,0,0,0
77357,77372,77364,19.6,-154.907,71.6243,53.3413,-54.4,505.413,2.01353,0.19701,6.66991,0.101567,2.15179e-05,1.33126,0.46594,0.116485,0.0166407,0.0499221,0.0332814,0,0,0,0,0,0,0,0,0
77373,77389,77381,19.5,-154.904,71.6258,54.1441,-54.4959,503.036,1.91117,0.177168,5.37968,0.0910946,1.1506e-05,1.1749,0.485626,0.187984,0.0469961,0.0156654,0,0,0,0,0,0,0,0,0,0
77390,77405,77398,19.4,-154.9,71.6274,54.9593,-54.75,500.319,1.99122,0.203398,6.99218,0.103131,2.24065e-05,1.28007,0.44447,0.0711151,0.106673,0.0711151,0.0177788,0,0,0,0,0,0,0,0,0
77406,77422,77414,19.3,-154.897,71.6287,55.8065,-55.3494,496.761,2.3123,0.240829,8.48992,0.105759,2.93241e-05,1.35277,0.597737,0.188759,0.110109,0.0314598,0.0157299,0.0157299,0,0,0,0,0,0,0,0
77423,77438,77430,19.2,-154.892,71.6298,56.6512,-55.3419,494.653,2.03683,0.215895,7.75726,0.107792,2.78085e-05,1.20207,0.567643,0.100172,0.0667815,0.0500861,0.0500861,0,0,0,0,0,0,0,0,0
77439,77455,77447,19.1,-154.887,71.631,57.5018,-55.6782,491.799,2.09524,0.207784,7.35344,0.10617,2.60745e-05,1.21303,0.614394,0.204798,0.0472611,0,0,0,0.0157537,0,0,0,0,0,0,0
77456,77472,77464,19,-154.88,71.6319,58.4176,-56.0924,488.638,2.30489,0.276691,11.4517,0.124164,5.39759e-05,1.37346,0.520969,0.126295,0.142082,0.0315739,0.0789347,0.0315739,0,0,0,0,0,0,0,0
77473,77488,77480,18.9,-154.873,71.6329,59.3438,-56.0613,486.523,2.76614,0.312153,12.3963,0.119137,5.46609e-05,1.67645,0.569992,0.284996,0.0838223,0.100587,0.0167645,0.0167645,0.0167645,0,0,0,0,0,0,0
77489,77505,77497,18.8,-154.865,71.6341,60.2565,-55.6888,485.241,2.15836,0.229956,8.46702,0.11046,3.24985e-05,1.26036,0.677442,0.0630178,0.0472634,0.0315089,0.0787723,0,0,0,0,0,0,0,0,0
77506,77522,77514,18.7,-154.859,71.6357,61.1924,-56.4959,481.307,2.4036,0.253917,9.12584,0.107821,3.29661e-05,1.50225,0.506021,0.173945,0.126505,0.0632526,0.0158132,0.0158132,0,0,0,0,0,0,0,0
77523,77539,77531,18.6,-154.853,71.6372,62.1512,-56.8512,478.394,2.97836,0.32673,11.7451,0.107843,4.08737e-05,1.61592,0.792116,0.253477,0.20595,0.0792116,0.0158423,0.0158423,0,0,0,0,0,0,0,0
77540,77556,77548,18.5,-154.847,71.6382,63.1137,-57.195,475.543,3.01659,0.370657,15.3559,0.124287,7.12198e-05,1.43246,0.893181,0.404459,0.117967,0.0842623,0.0337049,0.0337049,0.0168525,0,0,0,0,0,0,0
77557,77574,77566,18.4,-154.841,71.6392,64.0878,-57.4522,472.894,2.89623,0.353229,14.7128,0.124957,7.04108e-05,1.53065,0.810345,0.240102,0.150064,0.0450192,0.0600256,0.0600256,0,0,0,0,0,0,0,0
77575,77592,77584,18.3,-154.835,71.6404,65.0728,-57.8356,470.01,3.11185,0.34119,12.5621,0.110455,4.72561e-05,1.72881,0.766689,0.360795,0.165364,0.0300662,0.0300662,0.0300662,0,0,0,0,0,0,0,0
77593,77607,77600,18.2,-154.831,71.6412,65.9333,-58.1367,467.592,2.77366,0.367282,15.4169,0.125927,7.12954e-05,1.23609,0.814009,0.301485,0.180891,0.120594,0.0904454,0.0301485,0,0,0,0,0,0,0,0
77612,77627,77620,18.1,-154.825,71.6422,67.0625,-57.8287,465.99,2.91089,0.388827,16.9527,0.130799,8.58945e-05,1.45545,0.744647,0.304628,0.0676952,0.236933,0.0338476,0.0676952,0,0,0,0,0,0,0,0
77632,77647,77640,18,-154.819,71.6433,68.2075,-57.6913,464.045,3.3826,0.421991,18.3161,0.130212,9.40355e-05,1.99573,0.710346,0.372086,0.033826,0.067652,0.135304,0.067652,0,0,0,0,0,0,0,0
77652,77665,77658,17.9,-154.813,71.6441,69.3057,-58.2014,460.834,3.83508,0.59367,27.7275,0.140116,0.000145091,1.66574,0.736025,0.581073,0.271167,0.387382,0.154953,0,0.0387382,0,0,0,0,0,0,0
77667,77684,77676,17.8,-154.807,71.645,70.3329,-57.8486,459.652,3.86936,0.681592,38.6444,0.170092,0.000258377,1.31558,1.47036,0.386936,0.270855,0.0386936,0.116081,0.154774,0.116081,0,0,0,0,0,0,0
77685,77702,77694,17.7,-154.799,71.6463,71.5025,-57.3725,458.511,3.81123,0.576814,26.6493,0.138603,0.00014114,1.71393,0.947169,0.315723,0.27062,0.315723,0.180413,0.0676549,0,0,0,0,0,0,0,0
77703,77720,77712,17.6,-154.793,71.6477,72.4665,-57.5159,456.45,3.9162,0.61343,29.6961,0.14523,0.000166498,1.60787,0.923331,0.573102,0.350229,0.222873,0.111436,0.095517,0.031839,0,0,0,0,0,0,0
77721,77739,77730,17.5,-154.787,71.6493,73.61,-57.5958,454.243,3.24227,0.480559,22.5826,0.140977,0.000122262,1.29407,0.924333,0.469277,0.241749,0.127985,0.0995435,0.056882,0.028441,0,0,0,0,0,0,0
77740,77757,77748,17.4,-154.783,71.6506,74.7506,-57.7156,452.007,4.0681,0.574995,26.0531,0.13593,0.000136267,1.83523,1.00938,0.642332,0.152936,0.214111,0.122349,0.076468,0.0152936,0,0,0,0,0,0,0
77758,77776,77767,17.3,-154.779,71.6517,75.9368,-57.94,449.505,3.46773,0.539625,27.107,0.150699,0.000158113,1.5676,0.823388,0.427528,0.25335,0.142509,0.158344,0.0316688,0.0633376,0,0,0,0,0,0,0
77777,77794,77786,17.2,-154.774,71.6528,77.1078,-57.9956,447.426,4.41845,0.761933,40.8098,0.160683,0.000251417,2.00839,0.836828,0.468624,0.418414,0.334731,0.167366,0.117156,0.0502097,0.0167366,0,0,0,0,0,0
77795,77814,77804,17.1,-154.769,71.6537,78.319,-58.1815,445.06,4.07358,0.878748,58.0458,0.198165,0.000406053,1.93118,0.663843,0.347009,0.211223,0.407358,0.165961,0.196136,0.105611,0.0301747,0.0150873,0,0,0,0,0
77815,77833,77824,17,-154.764,71.6543,79.5432,-58.7547,441.906,4.08343,0.859744,52.7255,0.183981,0.000364455,1.41411,1.09633,0.365443,0.41311,0.285999,0.174777,0.206555,0.095333,0.0317777,0,0,0,0,0,0
77834,77853,77844,16.9,-154.758,71.655,80.7775,-58.3175,440.86,4.10109,0.760098,41.2532,0.162821,0.000259734,1.37206,1.02527,0.648334,0.392016,0.286473,0.12062,0.226163,0.0150775,0.0150775,0,0,0,0,0,0
77854,77873,77864,16.8,-154.753,71.656,82.0316,-58.1205,439.333,4.12225,0.871275,52.9332,0.182261,0.000342325,1.31595,0.872014,0.634192,0.42808,0.42808,0.174403,0.190258,0.0475644,0.0158548,0.0158548,0,0,0,0,0
77874,77892,77883,16.7,-154.747,71.657,83.3421,-58.3063,436.967,4.586,0.982588,57.5778,0.175794,0.000376901,1.4599,0.983849,0.555398,0.42845,0.618873,0.269765,0.206291,0.0158685,0.0476056,0,0,0,0,0,0
77893,77913,77903,16.6,-154.74,71.6579,84.6457,-58.3624,434.917,4.61989,1.07073,70.3647,0.19715,0.000496486,1.62632,0.834746,0.690825,0.489334,0.302236,0.302236,0.172706,0.115137,0.0863531,0,0,0,0,0,0
77914,77933,77924,16.5,-154.734,71.6588,85.99,-58.6125,432.465,4.34757,0.966333,63.7206,0.197822,0.000434857,1.29823,1.28314,0.407585,0.52835,0.31701,0.181149,0.166053,0.0905743,0.0603829,0.0150957,0,0,0,0,0
77934,77954,77944,16.4,-154.728,71.6595,87.3348,-58.4052,430.968,5.09859,1.01149,59.1357,0.175391,0.000389018,1.65166,1.24951,0.804285,0.473954,0.459592,0.12926,0.201071,0.0861734,0.0430867,0,0,0,0,0,0
77955,77975,77965,16.3,-154.721,71.6603,88.7124,-58.8381,428.173,5.28719,1.04754,62.2573,0.178296,0.000414338,1.74319,1.41184,0.777952,0.475415,0.316943,0.244911,0.144065,0.129659,0.0432196,0,0,0,0,0,0
77976,77996,77986,16.2,-154.715,71.6615,90.0943,-59.03,425.911,4.72015,1.02694,61.6251,0.180025,0.000401293,1.35686,1.01043,0.837214,0.476346,0.404172,0.346433,0.173217,0.101043,0,0.0144347,0,0,0,0,0
77997,78017,78007,16.1,-154.709,71.6627,91.5276,-59.3838,423.297,4.18412,1.05128,75.6413,0.215854,0.000461909,1.25524,0.750255,0.57712,0.605976,0.3607,0.259704,0.245276,0.0865679,0.014428,0.014428,0.014428,0,0,0,0
78018,78038,78028,16,-154.703,71.6638,93.0019,-59.5514,421.027,4.63011,1.08527,66.4597,0.183714,0.000458456,1.12507,1.16835,0.735626,0.461569,0.389449,0.346177,0.288481,0.0865442,0.0288481,0,0,0,0,0,0
78039,78059,78049,15.9,-154.697,71.6647,94.3282,-59.4088,419.613,4.73021,1.14069,72.3164,0.190191,0.000497513,1.20923,1.04918,0.71131,0.569048,0.426786,0.426786,0.177828,0.0889138,0.071131,0,0,0,0,0,0
78061,78077,78069,15.8,-154.692,71.6658,95.8111,-59.4789,417.616,4.40745,1.14086,73.3994,0.193011,0.000526446,1.21121,0.773827,0.639248,0.571959,0.336446,0.370091,0.370091,0.100934,0.0336446,0,0,0,0,0,0
78082,78102,78092,15.7,-154.687,71.6666,97.4011,-59.6244,415.363,4.59013,1.26399,90.3822,0.214516,0.000644147,1.21503,0.911275,0.607517,0.506264,0.607517,0.236257,0.202506,0.236257,0.0337509,0.0337509,0,0,0,0,0
78104,78124,78114,15.6,-154.682,71.6671,98.98,-59.823,413.078,4.67067,1.1808,76.9675,0.195547,0.000551854,1.30415,0.879542,0.788555,0.485264,0.363948,0.333619,0.363948,0.0909871,0.0606581,0,0,0,0,0,0
78125,78147,78136,15.5,-154.677,71.6677,100.607,-59.745,411.315,4.9408,1.15098,70.6717,0.184203,0.000480697,1.1815,1.12012,0.982023,0.429635,0.491011,0.383603,0.199473,0.107409,0.0460323,0,0,0,0,0,0
78148,78170,78159,15.4,-154.67,71.6686,102.206,-59.9596,409.048,5.49076,1.48338,107.642,0.217696,0.000768021,1.60271,1.03879,0.771675,0.608436,0.563916,0.356158,0.237438,0.148399,0.133559,0.0296798,0,0,0,0,0
78171,78193,78182,15.3,-154.664,71.6694,103.815,-60.1305,406.899,4.80895,1.33262,92.0932,0.20732,0.000656716,1.16346,0.853201,0.744612,0.558459,0.62051,0.372306,0.248204,0.155127,0.0775637,0.0155127,0,0,0,0,0
78194,78216,78205,15.2,-154.659,71.6702,105.426,-60.1409,405.098,5.21248,1.365,96.5846,0.212274,0.000612695,1.37716,0.903298,0.844066,0.710792,0.503478,0.370204,0.310972,0.148082,0.0148082,0.0148082,0.0148082,0,0,0,0
78217,78240,78228,15.1,-154.654,71.6709,107.116,-60.2488,403.059,5.64848,1.46556,96.1019,0.196721,0.000672552,1.36588,1.124,0.88213,0.668711,0.597572,0.483749,0.298786,0.170735,0.0426837,0.0142279,0,0,0,0,0
78241,78262,78252,15,-154.649,71.6717,108.849,-60.4118,400.898,5.70351,1.5569,110.012,0.211983,0.000793149,1.51887,1.1624,0.852427,0.511456,0.604448,0.495957,0.216981,0.201483,0.123989,0.0154987,0,0,0,0,0
78263,78285,78274,14.9,-154.644,71.6726,110.591,-60.523,398.88,6.07312,1.5166,96.0215,0.189942,0.000653093,1.42548,1.1879,0.92062,0.816679,0.80183,0.445461,0.252428,0.178184,0.0296974,0.0148487,0,0,0,0,0
78286,78307,78296,14.8,-154.64,71.673,112.345,-60.2695,397.569,5.75925,1.58411,113.924,0.21575,0.000800025,1.41265,1.21084,0.714085,0.82275,0.667514,0.341519,0.263901,0.201807,0.0776179,0.0465707,0,0,0,0,0
78308,78330,78319,14.7,-154.636,71.6735,114.158,-60.31,395.675,5.65169,1.39168,88.5434,0.190869,0.000615009,1.43888,1.0087,1.0087,0.756526,0.593354,0.356012,0.281843,0.133505,0.0741692,0,0,0,0,0,0
78331,78352,78342,14.6,-154.631,71.6739,115.958,-60.8164,392.97,5.94056,1.73586,131.401,0.227095,0.00085021,1.38044,0.961656,0.868593,0.899614,0.713487,0.589402,0.232659,0.155106,0.0775529,0.0465318,0.0155106,0,0,0,0
78377,78399,78388,14.4,-154.62,71.6748,119.747,-61.3922,388.33,5.99553,1.75183,137.46,0.235401,0.000863287,1.41334,1.21994,0.877758,0.743863,0.565336,0.520704,0.386809,0.119018,0.104141,0.0148773,0.0297545,0,0,0,0
78424,78448,78436,14.2,-154.606,71.6755,123.602,-60.3916,386.64,5.99287,1.67107,121.3,0.217765,0.000793716,1.29686,1.07844,1.06479,0.860025,0.641606,0.477792,0.273024,0.204768,0.0546048,0.0273024,0.0136512,0,0,0,0
78449,78473,78461,14.1,-154.598,71.676,125.593,-60.4664,384.748,6.30332,1.73342,129.944,0.224891,0.000825449,1.6473,1.23888,0.9666,0.571791,0.707932,0.639862,0.272282,0.163369,0.0136141,0.0680704,0,0.0136141,0,0,0
78474,78494,78484,14,-154.592,71.6767,127.428,-60.6648,382.803,6.28538,1.82255,131.476,0.216415,0.000887359,1.54292,1.15313,0.76334,0.682134,0.844547,0.600927,0.389791,0.211137,0.0812064,0,0.0162413,0,0,0,0
78500,78523,78512,13.9,-154.586,71.6774,129.549,-60.7582,380.821,6.09535,1.68187,122.851,0.219133,0.000862664,1.70175,1.33046,0.649759,0.680699,0.556936,0.495054,0.464113,0.0618818,0.0928227,0.0618818,0,0,0,0,0
78524,78546,78535,13.8,-154.58,71.6778,131.607,-60.319,379.899,6.74189,1.68859,108.565,0.192879,0.000757066,1.73655,1.60035,0.715049,0.749099,0.749099,0.680999,0.272399,0.1362,0.10215,0,0,0,0,0,0
78551,78573,78562,13.7,-154.573,71.678,133.885,-60.415,377.876,6.52417,1.53819,97.4099,0.189982,0.000677319,1.71599,1.49512,1.03639,0.730571,0.645621,0.373781,0.23786,0.22087,0.0679601,0,0,0,0,0,0
