data/B2SAP/Locations/Alaska/NOAA-POPS-B2SAP_GMLBalloon_20230314_R0.ict
61,1001
Thornberry, T. D.
NOAA Chemical Sciences Laboratory
Portable Optical Particle Spectrometer (POPS)
Balloon Baseline Stratospheric Aerosol Profiles (B2SAP)
1,1
2023,03,14,2024,05,28
0
TIME_START,s,Seconds since midnight UTC on flight start day,Start time of 100 m altitude bin in UTC_seconds_since_midnight
28
1.0,1.0,1.0,1.0,1.0,1.0,1.0,1.0,1.0,1.0,1.0,1.0,1.0,1.0,1.0,1.0,1.0,1.0,1.0,1.0,1.0,1.0,1.0,1.0,1.0,1.0,1.0,1.0
99999,99999,99999,99999,99999,99999,99999,99999,99999,99999,99999,99999,99999,99999,99999,99999,99999,99999,99999,99999,99999,99999,99999,99999,99999,99999,99999,99999
TIME_STOP,s,End time of 100 m altitude bin in UTC seconds since midnight,
TIME_MID,s,Mid time of 100 m altitude in UTC seconds since midnight,
GPSAlt,m,GPS reported altitude above sea level (m),
GPS_Lon,deg,GPS reported longitude,
GPS_Lat,deg,GPS reported latitude,
iMet_Pressure,mb,Pressure reported (mB),
iMet_Temperature,degrees C,Ambient temperature (oC),
THETA,K,Potential temperature from iMet,
Aerosol_concentration,cm^-3,Aerosol concentration,
Surface_Area_Conc,um^2 cm^-3,Surface area concentration,
Volume_density,um^3 cm^-3,Volume density,
Effective_radius,um,Effective radius,
Extinction,km^-1,Extinction,
Bin01,cm^-3,particle concentration in size range [140 - 170 nm],
Bin02,cm^-3,particle concentration in size range [170 - 205 nm],
Bin03,cm^-3,particle concentration in size range [205 - 249 nm],
Bin04,cm^-3,particle concentration in size range [249 - 302 nm],
Bin05,cm^-3,particle concentration in size range [302 - 366 nm],
Bin06,cm^-3,particle concentration in size range [366 - 443 nm],
Bin07,cm^-3,particle concentration in size range [443 - 537 nm],
Bin08,cm^-3,particle concentration in size range [537 - 651 nm],
Bin09,cm^-3,particle concentration in size range [651 - 789 nm],
Bin10,cm^-3,particle concentration in size range [789 - 956 nm],
Bin11,cm^-3,particle concentration in size range [956 - 1159 nm],
Bin12,cm^-3,particle concentration in size range [1159 - 1404 nm],
Bin13,cm^-3,particle concentration in size range [1404 - 1702 nm],
Bin14,cm^-3,particle concentration in size range [1702 - 2062 nm],
Bin15,cm^-3,particle concentration in size range [2062 - 2500 nm],
0
19
PI_CONTACT_INFO: 325 Broadway R/CSL6, Boulder, CO 80305; troy.thornberry@noaa.gov; 303-497-3373 
PLATFORM: GML ECC/FPH balloon
LOCATION: Utqiagvik, AL, USA
ASSOCIATED_DATA: N/A
INSTRUMENT_INFO: Printed Optical Particle Spectrometer counts particles from 140 - 2500 nm in diameter 
DATA_INFO: Particle concentrations reported in number per cubic centimeter, binned to 100 m altitude
UNCERTAINTY: Counting uncertainty dominated by air flow, less than 5 percent
ULOD_FLAG: -77777
ULOD_VALUE: 3000 ~3000 per cm3 (varies depending on flow rate- manufacturer quotes 1250  per cm3 at 1.667 cc/s)
LLOD_FLAG: -88888
LLOD_VALUE: 0 0 (varies depending on data field and measurement precision)
DM_CONTACT_INFO: Troy Thornberry, 325 Broadway R/CSL6, Boulder, CO 80305; troy.thornberry@noaa.gov; 303-497-3373
PROJECT_INFO: B2SAP Utqiagvik, AL, USA
STIPULATIONS_ON_USE: Please contact the PIs for questions regarding applications and uncertainties
OTHER_COMMENTS: POPS bin Edges (nm):  140, 170, 205, 249, 302, 366, 443, 537, 651, 789, 956, 1159, 1404, 1702, 2062, 2500
Calculations assume sulfate refractive index of 1.45+0.00j and extinction wavelength = 532 nm
REVISION: R0
R0: QA/QC data
TIME_START,TIME_STOP,TIME_MID,GPSAlt,GPS_Lon,GPS_Lat,iMet_Pressure,iMet_Temperature,THETA,Aerosol_concentration,Surface_Area_Conc,Volume_density,Effective_radius,Extinction,Bin01,Bin02,Bin03,Bin04,Bin05,Bin06,Bin07,Bin08,Bin09,Bin10,Bin11,Bin12,Bin13,Bin14,Bin15
[from data line 336]
76651,76653,76652,18.3,-155.886,71.4058,64.97,-51.3667,484.347,2.92713,0.441754,20.9083,0.141991,0.000116519,1.41922,0.709608,0.177402,0.177402,0.266103,0.088701,0.088701,0,0,0,0,0,0,0,0
76658,76658,76658,18.2,-155.884,71.4065,66.51,-50.97,481.966,1.6046,0.245869,10.3843,0.126706,4.47316e-05,0.8023,0,0.267433,0.267433,0.267433,0,0,0,0,0,0,0,0,0,0
76661,76661,76661,18.1,-155.883,71.4068,67.31,-51.23,479.766,4.11595,0.395495,11.9593,0.0907162,2.34377e-05,2.05798,1.28623,0.771741,0,0,0,0,0,0,0,0,0,0,0,0
76663,76663,76663,18,-155.883,71.407,67.9,-51.64,477.691,2.89165,0.300925,10.0758,0.100448,2.69067e-05,1.84014,0.525755,0,0.525755,0,0,0,0,0,0,0,0,0,0,0
76666,76666,76666,17.9,-155.882,71.4074,68.79,-51.73,475.731,3.75692,0.582674,28.8889,0.14874,0.000174939,1.07341,1.34176,1.07341,0,0,0,0.268351,0,0,0,0,0,0,0,0
76672,76674,76673,17.7,-155.881,71.4083,71.1433,-52.8033,468.892,2.96624,0.41362,19.5089,0.141499,0.00011057,1.52806,0.808975,0.269658,0.0898861,0,0.179772,0.0898861,0,0,0,0,0,0,0,0
76675,76677,76676,17.6,-155.88,71.4086,72.1833,-52.3733,467.856,3.18625,0.449171,22.1448,0.147905,0.000135704,1.59312,1.06208,0.177014,0.0885069,0,0.0885069,0.177014,0,0,0,0,0,0,0,0
76679,76679,76679,17.5,-155.88,71.4089,73.2,-52.53,465.658,3.36392,0.485058,21.8701,0.135263,0.000111304,1.81134,0.776288,0,0.258763,0.258763,0.258763,0,0,0,0,0,0,0,0,0
76682,76683,76682,17.4,-155.879,71.4092,74.42,-52.575,463.377,6.79982,0.738251,25.9859,0.105598,8.57358e-05,3.19992,2.39994,0.799979,0.13333,0.13333,0.13333,0,0,0,0,0,0,0,0,0
76688,76688,76688,17.2,-155.878,71.4097,76.4,-52.11,460.875,4.00882,0.60413,26.9149,0.133655,0.000131541,1.71806,0.859032,0.572688,0.286344,0.286344,0.286344,0,0,0,0,0,0,0,0,0
76700,76700,76700,16.8,-155.874,71.4108,80.81,-52.12,453.528,6.58621,0.820723,29.8854,0.10924,9.53598e-05,2.69436,1.19749,1.79624,0.598746,0.299373,0,0,0,0,0,0,0,0,0,0
76704,76704,76704,16.7,-155.873,71.4111,82.35,-52.28,450.77,5.56572,0.758082,32.565,0.128871,0.000156856,2.63639,1.75759,0.292932,0,0.585865,0.292932,0,0,0,0,0,0,0,0,0
76708,76708,76708,16.6,-155.872,71.4113,83.93,-52.44,447.992,8.31639,1.38761,73.9844,0.159954,0.000483021,4.30158,1.72063,0.860316,0,0.573544,0.286772,0.573544,0,0,0,0,0,0,0,0
76711,76712,76712,16.5,-155.871,71.4115,85.245,-53.07,444.741,5.73271,0.812926,34.9462,0.128965,0.000168398,1.61692,2.20489,1.17594,0.146992,0.440977,0,0.146992,0,0,0,0,0,0,0,0
76713,76713,76713,16.4,-155.871,71.4116,85.83,-53.13,443.754,5.41345,1.04569,58.9631,0.16916,0.000402705,1.80448,1.50374,0.902242,0.300747,0.300747,0,0.601495,0,0,0,0,0,0,0,0
76719,76719,76719,16.3,-155.869,71.412,88.18,-53.89,438.813,4.80295,1.14957,62.8259,0.163956,0.000391626,0.565053,1.13011,0.84758,0.565053,1.13011,0.282527,0.282527,0,0,0,0,0,0,0,0
76721,76723,76722,16.2,-155.868,71.4123,89.38,-53.725,437.457,5.17429,1.39707,94.2279,0.202341,0.000673144,1.4373,0.718652,0.718652,0.718652,0.718652,0.287461,0.431191,0,0.14373,0,0,0,0,0,0
76728,76728,76728,16,-155.866,71.413,91.65,-54.38,433.027,3.7611,1.42755,101.993,0.214339,0.000792583,0,0.867945,0.57863,0.867945,0,0.57863,0.57863,0.289315,0,0,0,0,0,0,0
76732,76734,76733,15.9,-155.865,71.4133,93.5,-54.31,430.707,5.0174,1.14702,65.8297,0.172175,0.00044163,1.03299,1.32814,1.03299,0.295141,0.442712,0.442712,0.442712,0,0,0,0,0,0,0,0
76735,76738,76736,15.8,-155.865,71.4135,94.865,-54.555,428.456,3.77097,0.87988,53.8416,0.183576,0.000376287,0.603354,1.05587,0.754193,0.754193,0.150839,0,0.301677,0.150839,0,0,0,0,0,0,0
76740,76742,76741,15.7,-155.864,71.4137,96.55,-54.95,425.52,4.91427,1.6559,127.255,0.230549,0.000994501,1.1563,0.867224,0.867224,0.144537,0.722687,0.289075,0.289075,0.433612,0.144537,0,0,0,0,0,0
76743,76745,76744,15.6,-155.863,71.4139,97.6533,-54.8233,424.392,6.14894,1.70926,113.979,0.20005,0.000867971,2.18188,0.694235,0.892588,0.297529,0.694235,0.297529,0.892588,0.198353,0,0,0,0,0,0,0
76748,76750,76749,15.5,-155.862,71.4141,99.48,-54.645,422.503,5.5832,0.997674,55.0478,0.165529,0.000353246,1.65987,2.11256,0.603589,0.603589,0,0.301795,0.150897,0.150897,0,0,0,0,0,0,0
76752,76754,76753,15.4,-155.862,71.4142,100.975,-54.555,420.866,7.02713,1.62725,103.209,0.190277,0.000701011,1.8739,1.40543,1.56158,0.624633,0.468475,0.624633,0.312317,0,0.156158,0,0,0,0,0,0
76758,76758,76758,15.3,-155.861,71.4145,102.98,-54.59,418.447,4.42518,0.616198,26.3192,0.128137,0.000121171,1.70199,1.36159,0.680796,0.340398,0,0.340398,0,0,0,0,0,0,0,0,0
76760,76762,76761,15.2,-155.861,71.4146,104.115,-54.495,417.326,4.1468,1.23307,83.293,0.202649,0.000636896,0.663487,0.995231,0.829359,0.331744,0.331744,0.165872,0.663487,0.165872,0,0,0,0,0,0,0
76763,76766,76764,15.1,-155.86,71.4146,105.537,-54.5333,415.638,6.5812,1.83383,115.99,0.189751,0.000829199,1.09687,1.31624,1.20655,0.65812,0.877493,0.65812,0.548433,0.219373,0,0,0,0,0,0,0
76768,76770,76769,15,-155.86,71.4147,107.225,-54.66,413.51,6.98047,1.45697,89.3608,0.183999,0.00058133,2.04307,1.36204,1.70255,0.340511,1.02153,0.170255,0.170255,0,0.170255,0,0,0,0,0,0
76772,76775,76774,14.9,-155.859,71.4148,109.107,-54.7567,411.284,6.25854,1.46374,109.514,0.224453,0.000729325,2.08618,1.86658,0.768593,0.329397,0.329397,0.329397,0.329397,0.109799,0,0.109799,0,0,0,0,0
76777,76777,76777,14.8,-155.859,71.4149,110.45,-54.93,409.526,3.56728,0.487113,18.831,0.115975,6.87173e-05,1.29719,0.648596,0.972894,0.324298,0.324298,0,0,0,0,0,0,0,0,0,0
76780,76782,76781,14.7,-155.858,71.415,112.03,-54.9567,407.81,6.7579,1.6154,96.1296,0.178525,0.00066014,0.980986,2.28897,1.08998,0.653991,0.544992,0.544992,0.544992,0.108998,0,0,0,0,0,0,0
76786,76786,76786,14.6,-155.858,71.4152,114.08,-55.56,404.58,6.15448,1.61653,108.215,0.200828,0.000820914,1.70958,1.36766,1.02575,0.341916,0.683831,0,0.683831,0.341916,0,0,0,0,0,0,0
76789,76791,76790,14.5,-155.857,71.4154,115.705,-55.78,402.547,6.3404,1.27281,70.3683,0.165858,0.000460869,2.00223,1.66853,0.834263,0.500558,0.500558,0.333705,0.500558,0,0,0,0,0,0,0,0
76796,76796,76796,14.4,-155.856,71.4155,118.17,-55.82,400.061,7.87347,1.51173,70.9235,0.140746,0.000354388,2.05395,1.02697,1.3693,1.3693,1.71162,0.342325,0,0,0,0,0,0,0,0,0
76798,76798,76798,14.3,-155.856,71.4155,118.99,-55.97,398.98,7.01394,1.46391,77.0701,0.15794,0.000466844,1.66999,1.66999,1.00199,0.667994,1.33599,0.333997,0.333997,0,0,0,0,0,0,0,0
76808,76808,76808,14.1,-155.856,71.4157,123.25,-55.88,395.165,8.43433,2.28132,141.405,0.185951,0.00101421,2.46001,1.40572,0.702861,0.702861,1.05429,1.05429,1.05429,0,0,0,0,0,0,0,0
76811,76812,76812,14,-155.855,71.4158,124.71,-55.95,393.714,7.3027,2.17934,158.313,0.217928,0.00120257,1.42492,1.60303,1.95926,0.178115,0.356229,0.712458,0.534344,0.356229,0.178115,0,0,0,0,0,0
76815,76815,76815,13.9,-155.855,71.4159,126.22,-56.49,391.373,8.58458,4.17769,502.563,0.360891,0.00239727,2.0603,1.71692,1.37353,0.343383,0.343383,0.686767,1.03015,0.686767,0,0,0.343383,0,0,0,0
76821,76821,76821,13.8,-155.854,71.416,128.82,-56.38,389.303,7.02721,1.70398,99.0931,0.174462,0.0006636,2.00777,0.669258,1.00389,1.67314,0.334629,0.669258,0.669258,0,0,0,0,0,0,0,0
76828,76828,76828,13.7,-155.853,71.4161,131.86,-55.94,387.509,8.34878,2.78245,190.915,0.205841,0.00147056,2.00371,1.66976,0,0.333951,2.00371,0.667902,1.3358,0.333951,0,0,0,0,0,0,0
76835,76835,76835,13.5,-155.852,71.416,134.91,-56.39,384.177,5.35431,1.17854,92.0677,0.234361,0.000674144,3.0118,0.669289,0.669289,0.334644,0,0.334644,0,0,0.334644,0,0,0,0,0,0
76846,76846,76846,13.3,-155.849,71.4159,139.7,-56.04,380.99,8.1489,2.47759,218.677,0.264785,0.00142146,1.95574,1.30382,1.95574,0.977868,0.977868,0.325956,0,0.325956,0,0.325956,0,0,0,0,0
76852,76853,76852,13.2,-155.848,71.4159,142.52,-56.155,378.609,6.76619,2.34214,162.31,0.207899,0.00125654,0.805499,1.4499,0.483299,0.966599,1.2888,0.1611,1.2888,0.3222,0,0,0,0,0,0,0
76858,76858,76858,13.1,-155.848,71.4159,144.93,-56.39,376.396,8.81502,2.5313,160.996,0.190806,0.00114806,1.95889,1.30593,0.652965,1.63241,1.30593,0.979447,0.652965,0.326482,0,0,0,0,0,0,0
76863,76863,76863,13,-155.847,71.4158,147.08,-56.39,374.82,7.00331,1.66818,95.4848,0.171717,0.000633435,1.66745,1.33396,0.666982,1.33396,1.00047,0.333491,0.666982,0,0,0,0,0,0,0,0
76864,76866,76865,12.9,-155.847,71.4158,147.99,-56.43,374.093,8.03951,1.50338,77.6245,0.1549,0.000467526,2.22369,1.88159,1.53948,1.19737,0.51316,0.171053,0.51316,0,0,0,0,0,0,0,0
76871,76873,76872,12.8,-155.846,71.4156,151.08,-56.825,371.209,8.35388,2.47109,174.831,0.212251,0.00130596,1.29949,2.78463,0.742567,0.556925,1.29949,0.556925,0.556925,0.371283,0.185642,0,0,0,0,0,0
76878,76878,76878,12.7,-155.845,71.4156,153.77,-56.69,369.569,13.3581,4.34774,351.117,0.242276,0.00237118,3.14309,1.96443,1.96443,1.96443,0.785772,1.96443,1.17866,0,0,0.392886,0,0,0,0,0
76880,76881,76880,12.6,-155.845,71.4156,154.93,-56.555,369.008,9.61975,2.83051,226.654,0.240225,0.00159761,3.14114,1.17793,1.96321,0.785286,0.785286,0.588964,0.392643,0.588964,0,0.196321,0,0,0,0,0
76886,76886,76886,12.5,-155.844,71.4154,157.48,-56.41,367.541,10.4564,5.52038,613.637,0.333475,0.00322994,1.44226,1.80282,1.44226,0.360564,1.44226,0.721128,2.16338,0.721128,0,0,0.360564,0,0,0,0
76892,76895,76894,12.4,-155.843,71.4152,160.96,-56.475,365.142,7.29519,2.33889,252.351,0.323681,0.000908889,1.42345,2.31311,0.533794,1.06759,0.711725,0.889657,0.177931,0,0,0,0,0.177931,0,0,0
76898,76898,76898,12.3,-155.842,71.4151,163.09,-56.6,363.557,6.06935,1.61973,109.331,0.202498,0.000826006,2.02312,1.21387,0.809247,0,0.809247,0.404623,0.404623,0.404623,0,0,0,0,0,0,0
76904,76906,76905,12.2,-155.842,71.4149,166.375,-56.845,361.087,10.6209,3.04187,219.772,0.216747,0.00169697,3.66239,1.46495,1.83119,0.549358,0.915597,0.366239,1.09872,0.549358,0.183119,0,0,0,0,0,0
76907,76909,76908,12.1,-155.841,71.4149,167.74,-56.755,360.398,9.22177,3.11729,359.758,0.346222,0.00149234,3.57579,1.50559,1.3174,0.376399,0.940997,0.188199,0.752797,0.376399,0,0,0,0,0.188199,0,0
76912,76915,76914,12,-155.841,71.4147,170.397,-56.8867,358.569,10.6962,2.70011,177.829,0.197579,0.00127955,3.31073,1.91004,1.7827,0.636679,1.14602,0.891351,0.509343,0.382007,0.127336,0,0,0,0,0,0
76925,76928,76926,11.8,-155.84,71.4143,176.5,-56.9667,354.843,11.66,3.19605,213.124,0.200051,0.00157958,3.62756,1.42511,1.94333,1.03644,1.166,1.03644,0.647778,0.777333,0,0,0,0,0,0,0
76930,76933,76932,11.7,-155.84,71.4141,179.045,-57.155,353.091,11.7939,3.40009,262.217,0.231362,0.00186508,3.28682,2.51345,1.93342,0.773369,0.966711,0.773369,0.773369,0.580027,0,0.193342,0,0,0,0,0
76939,76939,76939,11.6,-155.84,71.4139,182.73,-56.95,351.378,11.3679,4.7312,478.711,0.303545,0.00331211,2.35199,3.52798,0.783996,0.391998,1.95999,0,1.17599,0.391998,0,0.783996,0,0,0,0,0
76942,76942,76942,11.5,-155.84,71.4138,184.19,-56.92,350.63,9.72444,3.44027,425.351,0.370917,0.00154863,3.24148,2.16099,1.80082,0,0.720329,1.08049,0.360165,0,0,0,0.360165,0,0,0,0
76946,76948,76947,11.4,-155.839,71.4138,186.64,-56.965,349.224,9.44128,1.8982,109.62,0.173249,0.000669373,2.59172,2.4066,1.29586,1.11074,1.29586,0.555369,0,0,0.185123,0,0,0,0,0,0
76952,76956,76954,11.3,-155.839,71.4136,190.16,-56.485,348.141,10.8295,2.74418,199.811,0.218438,0.00128595,3.03985,2.27989,1.32993,0.759962,2.46988,0.379981,0,0.379981,0,0.18999,0,0,0,0,0
76961,76963,76962,11.2,-155.839,71.4134,194.225,-56.535,345.967,13.8808,3.64055,224.37,0.184893,0.00160881,3.85577,2.69904,1.7351,0.578366,1.7351,1.54231,1.7351,0,0,0,0,0,0,0,0
76966,76969,76968,11.1,-155.839,71.4132,197.065,-56.725,344.23,15.7867,4.72577,326.158,0.207051,0.00244913,3.80402,3.04321,2.28241,0.951004,1.52161,1.90201,1.52161,0.570602,0.190201,0,0,0,0,0,0
76975,76975,76975,11,-155.838,71.4129,200.95,-56.6,342.508,9.78411,2.42633,149.761,0.18517,0.00103842,2.34819,2.34819,0.782729,1.95682,0.391365,1.17409,0.391365,0.391365,0,0,0,0,0,0,0
76978,76980,76979,10.9,-155.838,71.4128,203.053,-56.4067,341.798,14.7717,4.15362,297.108,0.21459,0.00225155,3.3975,4.57924,1.77261,0.738587,1.18174,1.03402,1.03402,0.738587,0.295435,0,0,0,0,0,0
76982,76987,76984,10.8,-155.838,71.4125,205.988,-56.2875,340.592,12.924,2.76148,161.105,0.17502,0.00108953,3.94293,3.06672,1.64289,1.31431,1.53336,0.328577,0.76668,0.328577,0,0,0,0,0,0,0
76989,76989,76989,10.7,-155.838,71.4123,208.36,-56.2,339.618,15.9742,4.67984,375.292,0.24058,0.00292181,5.02046,4.56406,1.36922,1.36922,0.912812,0,1.36922,0.456406,0.912812,0,0,0,0,0,0
76994,76996,76995,10.6,-155.837,71.4121,211.605,-55.97,338.469,13.2218,3.32013,240.439,0.217256,0.00157412,3.58556,3.13737,1.79278,0.896391,2.46507,0.224098,0.672293,0.224098,0,0.224098,0,0,0,0,0
77006,77006,77006,10.5,-155.837,71.4115,217.54,-56.05,335.686,15.4311,2.98876,160.959,0.161564,0.00102438,6.61331,2.20444,2.20444,0.440887,2.20444,0.881775,0.881775,0,0,0,0,0,0,0,0
77011,77012,77012,10.4,-155.836,71.4111,220.53,-56.265,334.052,12.3267,2.72765,178.192,0.195984,0.00133126,5.02197,2.28271,2.28271,0.684814,0.228271,0.228271,0.913085,0.684814,0,0,0,0,0,0,0
77013,77017,77015,10.3,-155.836,71.4109,222.247,-56.2767,333.297,15.9183,3.73443,253.649,0.203765,0.00172068,4.46308,4.90939,1.78523,1.04138,1.33892,0.892616,1.04138,0.297539,0,0.148769,0,0,0,0,0
77019,77023,77021,10.2,-155.836,71.4104,225.91,-56.26,331.763,14.5934,4.20145,370.91,0.264844,0.00195639,4.66388,2.70806,2.10627,1.05313,1.50448,1.20358,0.601791,0.451343,0.150448,0,0,0.150448,0,0,0
77028,77028,77028,10.1,-155.835,71.4099,229.65,-56.64,329.629,14.6837,2.49388,122.298,0.147118,0.000689234,4.73667,4.263,1.89467,1.89467,0.473667,0.947333,0.473667,0,0,0,0,0,0,0,0
77032,77037,77034,10,-155.835,71.4094,233.347,-56.99,327.604,18.3806,3.34007,176.057,0.158132,0.0010929,5.86943,4.94268,3.24363,1.08121,1.69905,0.463376,0.926753,0.154459,0,0,0,0,0,0,0
77049,77049,77049,9.8,-155.834,71.4084,241.55,-57.82,323.132,15.5579,2.50475,124.578,0.14921,0.000742856,6.66767,4.0006,1.33353,1.33353,1.33353,0,0.889023,0,0,0,0,0,0,0,0
77052,77057,77054,9.7,-155.834,71.408,244.99,-57.49,322.327,19.3718,4.02094,243.141,0.181406,0.00167324,6.41836,4.7846,3.15083,1.28367,1.51707,0.583488,1.05028,0.46679,0.116698,0,0,0,0,0,0
77059,77059,77059,9.6,-155.834,71.4077,247.31,-57.42,321.565,15.2121,3.2332,180.249,0.167248,0.00117594,5.70455,1.90152,2.85228,0.475379,1.90152,1.42614,0.950759,0,0,0,0,0,0,0,0
77070,77070,77070,9.5,-155.834,71.4068,253.78,-57.64,318.881,17.3215,3.04342,148.375,0.146259,0.000827501,5.32968,4.4414,3.10898,0.888281,2.2207,0.888281,0.44414,0,0,0,0,0,0,0,0
77074,77074,77074,9.4,-155.834,71.4065,256.16,-57.53,318.197,13.745,3.87872,323.413,0.250145,0.00206113,2.84379,4.26569,1.89586,1.4219,0.947931,1.4219,0.473965,0,0,0.473965,0,0,0,0,0
77082,77084,77083,9.3,-155.834,71.4057,261.58,-57.23,316.729,19.8041,3.43916,184.448,0.160896,0.00115084,8.48748,4.57018,1.74102,2.17628,1.08814,0.870511,0.435255,0.435255,0,0,0,0,0,0,0
77085,77085,77085,9.2,-155.834,71.4056,262.75,-57.19,316.385,18.2761,3.54475,198.823,0.168269,0.00129988,5.48282,5.48282,1.82761,2.28451,1.82761,0,0.913803,0.456901,0,0,0,0,0,0,0
77096,77097,77096,9.1,-155.834,71.4047,269.765,-57.585,313.444,18.1989,4.71253,320.918,0.204296,0.0023185,4.49621,2.99747,4.28211,2.35516,1.28463,0.642316,1.28463,0.428211,0.428211,0,0,0,0,0,0
77106,77110,77108,8.9,-155.834,71.4037,277.003,-57.6433,310.989,17.5566,3.36897,191.081,0.170154,0.00126169,6.04891,4.86864,2.65562,0.885207,0.885207,1.18028,0.590138,0.442603,0,0,0,0,0,0,0
77119,77119,77119,8.8,-155.834,71.4027,283.77,-57.61,308.904,20.3565,3.78149,201.149,0.159579,0.00126604,7.96557,3.98279,2.65519,2.21266,1.3276,0.885064,1.3276,0,0,0,0,0,0,0,0
77120,77124,77122,8.7,-155.834,71.4024,285.57,-57.475,308.542,20.4635,3.70864,192.947,0.156079,0.00116531,6.29646,5.39696,3.82285,1.34924,1.79899,0.899494,0.674621,0.224874,0,0,0,0,0,0,0
77144,77147,77146,8.4,-155.835,71.4002,300.63,-57.5967,303.869,22.4662,4.09825,224.284,0.164181,0.00144092,8.75306,4.96007,3.64711,1.16707,1.8965,0.729421,0.875306,0.437653,0,0,0,0,0,0,0
