data/B2SAP/Locations/Alaska/NOAA-POPS-B2SAP_GMLBalloon_20230315_R0.ict
61,1001
Thornberry, T. D.
NOAA Chemical Sciences Laboratory
Portable Optical Particle Spectrometer (POPS)
Balloon Baseline Stratospheric Aerosol Profiles (B2SAP)
1,1
2023,03,15,2024,05,28
0
TIME_START,s,Seconds since midnight UTC on flight start day,Start time of 100 m altitude bin in UTC_seconds_since_midnight
28
1.0,1.0,1.0,1.0,1.0,1.0,1.0,1.0,1.0,1.0,1.0,1.0,1.0,1.0,1.0,1.0,1.0,1.0,1.0,1.0,1.0,1.0,1.0,1.0,1.0,1.0,1.0,1.0
99999,99999,99999,99999,99999,99999,99999,99999,99999,99999,99999,99999,99999,99999,99999,99999,99999,99999,99999,99999,99999,99999,99999,99999,99999,99999,99999,99999
TIME_STOP,s,End time of 100 m altitude bin in UTC seconds since midnight,
TIME_MID,s,Mid time of 100 m altitude in UTC seconds since midnight,
GPSAlt,m,GPS reported altitude above sea level (m),
GPS_Lon,deg,GPS reported longitude,
GPS_Lat,deg,GPS reported latitude,
iMet_Pressure,mb,Pressure reported (mB),
iMet_Temperature,degrees C,Ambient temperature (oC),
THETA,K,Potential temperature from iMet,
Aerosol_concentration,cm^-3,Aerosol concentration,
Surface_Area_Conc,um^2 cm^-3,Surface area concentration,
Volume_density,um^3 cm^-3,Volume density,
Effective_radius,um,Effective radius,
Extinction,km^-1,Extinction,
Bin01,cm^-3,particle concentration in size range [140 - 170 nm],
Bin02,cm^-3,particle concentration in size range [170 - 205 nm],
Bin03,cm^-3,particle concentration in size range [205 - 249 nm],
Bin04,cm^-3,particle concentration in size range [249 - 302 nm],
Bin05,cm^-3,particle concentration in size range [302 - 366 nm],
Bin06,cm^-3,particle concentration in size range [366 - 443 nm],
Bin07,cm^-3,particle concentration in size range [443 - 537 nm],
Bin08,cm^-3,particle concentration in size range [537 - 651 nm],
Bin09,cm^-3,particle concentration in size range [651 - 789 nm],
Bin10,cm^-3,particle concentration in size range [789 - 956 nm],
Bin11,cm^-3,particle concentration in size range [956 - 1159 nm],
Bin12,cm^-3,particle concentration in size range [1159 - 1404 nm],
Bin13,cm^-3,particle concentration in size range [1404 - 1702 nm],
Bin14,cm^-3,particle concentration in size range [1702 - 2062 nm],
Bin15,cm^-3,particle concentration in size range [2062 - 2500 nm],
0
19
PI_CONTACT_INFO: 325 Broadway R/CSL6, Boulder, CO 80305; troy.thornberry@noaa.gov; 303-497-3373 
PLATFORM: GML ECC/FPH balloon
LOCATION: Utqiagvik, AL, USA
ASSOCIATED_DATA: N/A
INSTRUMENT_INFO: Printed Optical Particle Spectrometer counts particles from 140 - 2500 nm in diameter 
DATA_INFO: Particle concentrations reported in number per cubic centimeter, binned to 100 m altitude
UNCERTAINTY: Counting uncertainty dominated by air flow, less than 5 percent
ULOD_FLAG: -77777
ULOD_VALUE: 3000 ~3000 per cm3 (varies depending on flow rate- manufacturer quotes 1250  per cm3 at 1.667 cc/s)
LLOD_FLAG: -88888
LLOD_VALUE: 0 0 (varies depending on data field and measurement precision)
DM_CONTACT_INFO: Troy Thornberry, 325 Broadway R/CSL6, Boulder, CO 80305; troy.thornberry@noaa.gov; 303-497-3373
PROJECT_INFO: B2SAP Utqiagvik, AL, USA
STIPULATIONS_ON_USE: Please contact the PIs for questions regarding applications and uncertainties
OTHER_COMMENTS: POPS bin Edges (nm):  140, 170, 205, 249, 302, 366, 443, 537, 651, 789, 956, 1159, 1404, 1702, 2062, 2500
Calculations assume sulfate refractive index of 1.45+0.00j and extinction wavelength = 532 nm
REVISION: R0
R0: QA/QC data
TIME_START,TIME_STOP,TIME_MID,GPSAlt,GPS_Lon,GPS_Lat,iMet_Pressure,iMet_Temperature,THETA,Aerosol_concentration,Surface_Area_Conc,Volume_density,Effective_radius,Extinction,Bin01,Bin02,Bin03,Bin04,Bin05,Bin06,Bin07,Bin08,Bin09,Bin10,Bin11,Bin12,Bin13,Bin14,Bin15
[from data line 153]
78779,78793,78786,15.4,-156.104,71.1821,101.25,-56.1517,417.482,6.63562,1.43776,84.7181,0.176771,0.000565132,1.69872,1.85797,1.0617,0.31851,0.902444,0.31851,0.371594,0.0530849,0.0530849,0,0,0,0,0,0
78800,78821,78810,15.5,-156.101,71.1834,99.5212,-56.0562,419.719,6.6789,1.61939,109.28,0.202448,0.000755927,1.88288,1.52762,1.06578,0.58618,0.674995,0.301971,0.408549,0.124341,0.0710521,0.035526,0,0,0,0,0
78828,78848,78838,15.6,-156.1,71.1847,97.9678,-55.8922,421.923,6.53462,1.43517,82.5772,0.172615,0.000544307,1.70468,1.4837,1.13645,0.568227,0.757637,0.473523,0.252546,0.157841,0,0,0,0,0,0,0
78851,78873,78862,15.7,-156.098,71.1857,96.431,-55.841,423.943,6.16681,1.50923,97.7616,0.194328,0.000676522,1.73353,1.42093,0.682044,0.56837,0.880974,0.255767,0.426278,0.170511,0,0.0284185,0,0,0,0,0
78879,78900,78890,15.8,-156.096,71.1867,94.973,-55.582,426.298,6.75803,1.74779,118.118,0.202745,0.000843909,1.67531,1.44815,1.07901,0.709877,0.823457,0.425926,0.198765,0.255556,0.141975,0,0,0,0,0,0
78901,78924,78912,15.9,-156.093,71.1877,93.6287,-55.4925,428.207,5.82285,1.29603,84.6573,0.195962,0.000564506,1.96477,1.35748,0.643015,0.428676,0.82163,0.178615,0.250061,0.107169,0.035723,0.035723,0,0,0,0,0
78931,78950,78940,16,-156.09,71.1891,92.0344,-55.1067,431.084,5.52708,1.15531,73.3439,0.190453,0.000505209,1.83183,1.516,0.631666,0.600083,0.410583,0.126333,0.1895,0.126333,0.0947499,0,0,0,0,0,0
78952,78973,78962,16.1,-156.088,71.1902,90.8393,-54.4257,434.049,6.48444,1.29498,78.4131,0.181654,0.000506761,1.97967,1.89887,0.969636,0.424216,0.565621,0.282811,0.202008,0.101004,0.0404015,0.0202008,0,0,0,0,0
78981,78999,78990,16.2,-156.086,71.1924,89.2633,-54.47,436.129,7.13076,1.57372,103.275,0.196874,0.000714906,2.35598,1.85337,0.973804,0.502608,0.596848,0.188478,0.376956,0.219891,0.031413,0.031413,0,0,0,0,0
79001,79023,79012,16.3,-156.082,71.1946,87.969,-54.195,438.506,6.17915,1.36233,83.4946,0.183864,0.000571101,1.72113,1.58006,0.987535,0.507875,0.620736,0.282153,0.282153,0.141076,0.0564306,0,0,0,0,0,0
79027,79045,79036,16.4,-156.077,71.197,86.6625,-54.5225,439.731,5.13489,1.24956,86.5193,0.20772,0.000612465,1.59359,1.16863,0.814499,0.495782,0.283304,0.212478,0.283304,0.247891,0,0.035413,0,0,0,0,0
79049,79072,79060,16.5,-156.07,71.1992,85.3655,-54.7345,441.195,5.79164,1.35812,91.1507,0.201346,0.000632369,1.96502,1.24106,0.801521,0.387833,0.568821,0.361977,0.206844,0.180989,0.051711,0.0258555,0,0,0,0,0
79075,79096,79086,16.6,-156.063,71.2012,84.0512,-54.5912,443.443,6.00291,1.241,76.8603,0.185803,0.000518041,1.87903,1.72937,0.881314,0.448971,0.3492,0.266057,0.249428,0.166286,0.0166286,0.0166286,0,0,0,0,0
79097,79121,79109,16.7,-156.058,71.2027,82.8617,-53.9367,446.599,5.39711,1.28743,80.7725,0.188218,0.000570538,1.38448,1.14982,1.12635,0.445849,0.445849,0.305054,0.32852,0.187726,0.0234657,0,0,0,0,0,0
79124,79144,79134,16.8,-156.052,71.2045,81.5022,-53.0078,450.607,5.19036,0.942288,48.7448,0.155191,0.000296433,1.7197,1.37576,0.844215,0.281405,0.406474,0.312672,0.250138,0,0,0,0,0,0,0,0
79147,79174,79160,16.9,-156.046,71.2062,80.2527,-52.6982,453.234,4.90452,0.827774,49.2407,0.178457,0.000307976,2.19682,1.35385,0.536432,0.229899,0.204355,0.127722,0.153266,0.0766331,0,0.0255444,0,0,0,0,0
79179,79198,79188,17,-156.041,71.2079,79.013,-52.784,455.086,5.41813,0.963674,51.6943,0.160929,0.000324959,1.74054,1.79669,0.561464,0.449171,0.505318,0.0561464,0.196512,0.112293,0,0,0,0,0,0,0
79202,79225,79214,17.1,-156.035,71.2096,77.8269,-52.6746,457.279,5.06703,0.899169,48.934,0.163264,0.00031414,2.06993,1.22902,0.71154,0.23718,0.301865,0.23718,0.194056,0.0862473,0,0,0,0,0,0,0
79226,79251,79238,17.2,-156.031,71.2111,76.8506,-52.4659,459.362,5.15842,0.871753,48.8038,0.167951,0.000293958,2.08991,1.39327,0.663463,0.298558,0.348318,0.149279,0.149279,0.0331731,0.0165866,0.0165866,0,0,0,0,0
79257,79271,79264,17.3,-156.027,71.2138,75.6163,-52.5737,461.276,4.36614,0.624104,28.0718,0.134938,0.00014648,1.89977,1.1332,0.599927,0.233305,0.333293,0.0333293,0.133317,0,0,0,0,0,0,0,0
79278,79301,79290,17.4,-156.021,71.2164,74.457,-52.948,462.525,4.97356,0.75585,41.1301,0.163247,0.000253301,2.30915,1.29414,0.710508,0.279128,0.101501,0.0761259,0.101501,0.0507506,0.0507506,0,0,0,0,0,0
79306,79321,79314,17.5,-156.017,71.2188,73.3367,-52.815,464.805,4.109,0.61524,29.0009,0.141412,0.000156462,1.80293,1.09014,0.335429,0.377357,0.2935,0.125786,0.0419286,0.0419286,0,0,0,0,0,0,0
79326,79351,79338,17.6,-156.012,71.221,72.2182,-53.0145,466.443,4.1762,0.653763,33.4806,0.153637,0.000203145,1.69368,1.29926,0.510424,0.232011,0.139207,0.116005,0.116005,0.0696033,0,0,0,0,0,0,0
79355,79376,79366,17.7,-156.007,71.2236,71.07,-52.593,469.473,4.05207,0.66012,33.0783,0.150329,0.000190016,1.61828,0.942934,0.64986,0.280332,0.267589,0.16565,0.101939,0.0127423,0.0127423,0,0,0,0,0,0
79381,79401,79391,17.8,-156.003,71.2262,70.045,-52.07,472.538,3.71913,0.620636,34.2611,0.165609,0.000216231,1.5759,0.94554,0.535806,0.189108,0.220626,0.063036,0.126072,0.031518,0.031518,0,0,0,0,0,0
79404,79425,79414,17.9,-155.998,71.2286,69.1762,-51.9312,474.537,4.71692,0.649392,28.8512,0.133284,0.000145603,2.08937,1.3296,0.664801,0.126629,0.284915,0.158286,0.0316572,0.0316572,0,0,0,0,0,0,0
79431,79455,79443,18,-155.992,71.2322,68.0211,-51.4567,477.841,3.9504,0.674769,37.3349,0.165989,0.000246659,1.70904,1.06465,0.448272,0.224136,0.168102,0.056034,0.196119,0.0840511,0,0,0,0,0,0,0
79455,79479,79467,18.1,-155.988,71.2352,67.023,-51.063,480.715,3.44103,0.464099,18.6523,0.120571,7.71567e-05,1.41689,0.860258,0.480732,0.328922,0.328922,0,0.0253017,0,0,0,0,0,0,0,0
79480,79501,79490,18.2,-155.983,71.2384,65.9617,-50.6758,483.76,3.25153,0.391639,15.824,0.121213,7.12743e-05,1.63625,0.985946,0.314664,0.104888,0.0839103,0.0839103,0.0419552,0,0,0,0,0,0,0,0
79503,79522,79512,18.3,-155.981,71.2408,65.2092,-50.7285,485.228,3.50582,0.409315,16.2634,0.1192,7.06674e-05,1.72385,1.10404,0.406752,0.0774766,0.116215,0.0387383,0.0193692,0.0193692,0,0,0,0,0,0,0
79529,79549,79539,18.4,-155.976,71.2443,64.0911,-50.77,487.541,3.64133,0.514317,23.7559,0.138568,0.000128356,1.60896,1.01618,0.479865,0.169364,0.225819,0.0282273,0.084682,0.0282273,0,0,0,0,0,0,0
79551,79573,79562,18.5,-155.972,71.2482,63.04,-50.8222,489.739,2.69441,0.455032,27.2972,0.179969,0.000177959,1.263,0.673601,0.2526,0.224534,0.112267,0.0280667,0.0842002,0,0.0561334,0,0,0,0,0,0
79575,79595,79585,18.6,-155.967,71.2516,62.2289,-50.5689,492.107,2.86823,0.324906,12.49,0.115325,5.12081e-05,1.6872,0.618638,0.253079,0.196839,0.0281199,0.0562398,0.0281199,0,0,0,0,0,0,0,0
79600,79625,79612,18.7,-155.96,71.2555,61.3145,-50.4436,494.479,2.83835,0.478481,26.8652,0.168441,0.000180016,1.54609,0.5769,0.138456,0.161532,0.161532,0.069228,0.11538,0.069228,0,0,0,0,0,0,0
79628,79650,79639,18.8,-155.954,71.2596,60.3873,-49.6077,498.499,3.02452,0.468457,23.95,0.153376,0.000144844,1.39769,0.733216,0.389521,0.148934,0.171847,0.0572825,0.068739,0.0572825,0,0,0,0,0,0,0
79653,79675,79664,18.9,-155.948,71.2631,59.462,-49.951,499.927,2.37024,0.440729,26.5496,0.180721,0.000179406,1.13469,0.42866,0.252153,0.176507,0.176507,0.0504306,0.0756459,0.0504306,0.0252153,0,0,0,0,0,0
79679,79694,79686,19,-155.945,71.2662,58.6314,-49.7371,502.432,3.09094,0.578531,34.3534,0.178141,0.000234929,1.32982,0.826647,0.251588,0.215647,0.107824,0.179706,0.0359412,0.143765,0,0,0,0,0,0,0
79698,79720,79709,19.1,-155.942,71.2696,57.8055,-49.2282,505.617,3.76188,0.819121,49.174,0.180098,0.000334962,1.16985,0.917532,0.573458,0.13763,0.458766,0.229383,0.183506,0.0688149,0.0229383,0,0,0,0,0,0
79723,79746,79734,19.2,-155.938,71.2739,56.905,-50.092,505.925,3.71962,0.846226,48.4735,0.171846,0.00031853,0.936231,0.759106,0.581981,0.480767,0.379553,0.328946,0.202428,0.0506071,0,0,0,0,0,0,0
79748,79770,79759,19.3,-155.934,71.2782,56.0182,-50.8436,506.499,3.73782,0.906983,56.2549,0.186073,0.000402058,1.17672,0.784481,0.415314,0.299949,0.369168,0.276876,0.323022,0.0922919,0,0,0,0,0,0,0
79771,79792,79782,19.4,-155.929,71.2823,55.263,-50.427,509.413,3.59134,0.87684,53.9616,0.184623,0.000370724,0.850247,0.786796,0.545681,0.368017,0.469539,0.279186,0.190354,0.0761415,0.0253805,0,0,0,0,0,0
79797,79812,79804,19.5,-155.924,71.2867,54.4763,-50.4513,511.448,2.73196,0.627522,37.2768,0.17821,0.000254674,0.921242,0.41297,0.381204,0.254136,0.349437,0.190602,0.158835,0.0635339,0,0,0,0,0,0,0
79817,79840,79828,19.6,-155.919,71.291,53.6409,-50.3118,514.04,3.47049,0.844124,53.7419,0.190998,0.000380072,1.01127,0.6895,0.48265,0.34475,0.436684,0.183867,0.160883,0.1379,0.0229833,0,0,0,0,0,0
79842,79862,79852,19.7,-155.913,71.2954,52.8338,-50.5662,515.672,3.93496,1.04155,69.1358,0.199133,0.00046713,0.94439,0.629594,0.598114,0.377756,0.881431,0.125919,0.251837,0.094439,0,0.0314797,0,0,0,0,0
79867,79887,79877,19.8,-155.908,71.3,52.04,-50.9838,516.944,3.37538,0.818589,51.503,0.18875,0.000366652,0.827924,0.923454,0.477649,0.286589,0.254746,0.286589,0.159216,0.159216,0,0,0,0,0,0,0
79889,79912,79900,19.9,-155.902,71.3048,51.2543,-50.3521,520.67,3.52723,0.840914,53.8137,0.191983,0.000352454,0.963625,0.690901,0.418177,0.472722,0.56363,0.181816,0.163634,0.0181816,0.0363632,0.0181816,0,0,0,0,0
79913,79937,79925,20,-155.896,71.3088,50.5741,-50.3955,522.551,3.23647,0.797582,48.8755,0.183839,0.000340057,0.913697,0.627479,0.440336,0.253193,0.385294,0.330252,0.220168,0.055042,0.0110084,0,0,0,0,0,0
79939,79962,79950,20.1,-155.89,71.313,49.802,-50.322,525.042,3.16016,0.759225,45.0619,0.178057,0.000307585,0.85975,0.697095,0.325311,0.302074,0.39502,0.325311,0.209128,0.046473,0,0,0,0,0,0,0
79965,79981,79973,20.2,-155.884,71.3171,49.0943,-49.8671,528.258,3.32052,0.903046,61.3369,0.203767,0.000445534,0.953415,0.591775,0.36164,0.295888,0.558899,0.197258,0.197258,0.0986292,0.0657528,0,0,0,0,0,0
79987,80007,79997,20.3,-155.878,71.321,48.3937,-49.2062,531.996,2.39546,0.538069,30.2786,0.168818,0.000195918,0.57722,0.519498,0.404054,0.173166,0.404054,0.173166,0.115444,0.028861,0,0,0,0,0,0,0
80011,80035,80023,20.4,-155.873,71.325,47.6736,-48.7509,535.381,2.61894,0.505851,27.7238,0.164419,0.00017498,0.942817,0.439981,0.502836,0.188563,0.314272,0.104757,0.0628545,0.0628545,0,0,0,0,0,0,0
80036,80059,80048,20.5,-155.866,71.3289,46.9036,-49.2,536.792,2.85991,0.663319,41.821,0.189144,0.000292648,0.871123,0.624579,0.410907,0.279417,0.246544,0.164363,0.180799,0.0493089,0.0328726,0,0,0,0,0,0
80060,80083,80072,20.6,-155.862,71.3317,46.2994,-49.6631,537.668,2.71094,0.729173,47.5321,0.195559,0.000342986,0.735414,0.519116,0.346077,0.216298,0.288398,0.302817,0.230718,0.0432596,0.0288398,0,0,0,0,0,0
80088,80103,80096,20.7,-155.857,71.3354,45.5825,-49.8275,539.684,2.25309,0.499613,27.9247,0.167678,0.000178586,0.54883,0.491059,0.375515,0.202201,0.317744,0.202201,0.0866574,0.0288858,0,0,0,0,0,0,0
80111,80131,80121,20.8,-155.852,71.3397,44.8733,-50.2083,541.174,3.0096,0.700966,42.8006,0.183178,0.000286971,0.810278,0.57877,0.501601,0.270093,0.463016,0.192923,0.115754,0.0385847,0.0385847,0,0,0,0,0,0
80133,80153,80143,20.9,-155.848,71.3434,44.2712,-49.97,543.84,3.03068,0.645925,36.6482,0.170213,0.000239546,0.894774,0.606137,0.490682,0.346364,0.3175,0.173182,0.144318,0.0577273,0,0,0,0,0,0,0
80161,80181,80171,21,-155.842,71.3477,43.5625,-49.8113,546.758,2.64398,0.612382,35.7681,0.175224,0.000236568,0.639204,0.610149,0.348657,0.232438,0.464876,0.203383,0.0581094,0.0871642,0,0,0,0,0,0,0
80185,80204,80194,21.1,-155.837,71.3517,42.92,-49.5377,549.748,2.37258,0.57297,37.5688,0.196705,0.000250182,0.70099,0.467327,0.30556,0.251637,0.30556,0.161767,0.107845,0.0539223,0,0.0179741,0,0,0,0,0
80205,80221,80213,21.2,-155.833,71.3545,42.455,-49.6713,551.126,2.39542,0.54354,31.7151,0.175047,0.00021154,0.701097,0.467398,0.233699,0.379761,0.292124,0.146062,0.11685,0.0584248,0,0,0,0,0,0,0
80237,80247,80242,21.3,-155.827,71.3601,41.5667,-49.9833,553.704,1.91063,0.395189,22.5032,0.170829,0.000142811,0.477656,0.477656,0.238828,0.477656,0,0.159219,0,0.0796094,0,0,0,0,0,0,0
80257,80257,80257,21.4,-155.825,71.3627,41.19,-49.43,556.515,2.86561,0.760338,45.6642,0.180173,0.00031589,0.716403,0.477602,0.477602,0,0.477602,0.477602,0.238801,0,0,0,0,0,0,0,0
80275,80292,80284,21.5,-155.821,71.3676,40.442,-50.346,557.152,1.80158,0.393721,22.4287,0.170898,0.000150144,0.486913,0.584295,0.0973826,0.146074,0.194765,0.146074,0.146074,0,0,0,0,0,0,0,0
80296,80315,80306,21.6,-155.817,71.3712,39.9157,-50.5629,558.7,2.13767,0.459111,27.0631,0.17684,0.000173115,0.595743,0.385481,0.420524,0.245306,0.28035,0.105131,0.0700874,0,0.0350437,0,0,0,0,0,0
80321,80336,80328,21.7,-155.814,71.3758,39.262,-50.903,560.473,2.1392,0.467736,26.2692,0.168487,0.000170453,0.596987,0.422865,0.298493,0.248744,0.323368,0.0994978,0.124372,0.0248744,0,0,0,0,0,0,0
80337,80353,80345,21.8,-155.811,71.3787,38.8608,-50.9808,561.922,2.21467,0.532424,32.8808,0.18527,0.000232695,0.585006,0.605899,0.188038,0.292503,0.125358,0.188038,0.167145,0.0626792,0,0,0,0,0,0,0
80364,80374,80369,21.9,-155.807,71.3829,38.27,-50.43,565.798,1.3915,0.439165,33.143,0.226405,0.000254627,0.442751,0.253001,0.0632502,0.1265,0.189751,0.0632502,0.189751,0,0.0632502,0,0,0,0,0,0
80384,80405,80394,22,-155.802,71.3876,37.608,-50.496,568.448,1.63432,0.325643,21.408,0.197222,0.000147016,0.561798,0.510725,0.255363,0.0510725,0.102145,0.0510725,0.0510725,0,0.0510725,0,0,0,0,0,0
80412,80415,80414,22.1,-155.799,71.3905,37.21,-50.2767,570.732,2.31772,0.374731,18.3728,0.147088,0.000105412,1.20178,0.257524,0.257524,0.257524,0.171683,0.0858415,0.0858415,0,0,0,0,0,0,0,0
80452,80452,80452,22.2,-155.792,71.3972,36.36,-51.57,571.19,1.83197,0.452626,28.8801,0.191417,0.000216582,0.523421,0.785131,0,0,0,0.26171,0.26171,0,0,0,0,0,0,0,0
80453,80476,80464,22.3,-155.788,71.4003,35.96,-51.7186,572.609,1.71352,0.342952,21.9382,0.191906,0.000148436,0.609253,0.380783,0.418861,0.0380783,0.0761566,0.114235,0,0.0380783,0.0380783,0,0,0,0,0,0
80478,80500,80489,22.4,-155.784,71.4037,35.54,-51.3071,575.606,1.86792,0.349974,17.3267,0.148526,9.77755e-05,0.41933,0.457451,0.41933,0.190604,0.266846,0.0381209,0.0762418,0,0,0,0,0,0,0,0
80507,80510,80508,22.5,-155.779,71.4078,35.1133,-51.23,577.802,2.23849,0.632309,42.6054,0.202142,0.000317128,0.537238,0.358159,0.537238,0,0.358159,0.179079,0.0895397,0.179079,0,0,0,0,0,0,0
80528,80536,80532,22.6,-155.775,71.4123,34.59,-51.66,579.152,1.35041,0.199551,9.41609,0.141559,5.18334e-05,0.810249,0.270083,0,0,0.135041,0.135041,0,0,0,0,0,0,0,0,0
80567,80568,80568,22.7,-155.768,71.4189,33.765,-52.42,581.17,1.68206,0.485057,30.7407,0.190126,0.000224247,0.420515,0.280344,0,0.420515,0.140172,0.140172,0.280344,0,0,0,0,0,0,0,0
80577,80581,80579,22.8,-155.766,71.4208,33.5633,-52.5833,581.731,1.49365,0.27327,13.5139,0.148357,7.54219e-05,0.373412,0.653472,0,0.0933531,0.186706,0.186706,0,0,0,0,0,0,0,0,0
80639,80639,80639,23.1,-155.76,71.432,32.31,-52.63,587.968,1.43676,0.326582,17.1298,0.157355,9.72261e-05,0.287351,0.287351,0,0.574702,0,0.287351,0,0,0,0,0,0,0,0,0
80766,80766,80766,23.6,-155.754,71.4572,29.9,-53.44,598.931,1.55047,0.472122,32.2778,0.205102,0.00025306,0.62019,0.310095,0,0,0,0.310095,0.310095,0,0,0,0,0,0,0,0
80925,80934,80930,24.3,-155.725,71.4878,26.83,-54.025,616.11,2.17646,0.197809,6.05218,0.0917883,1.33002e-05,1.6742,0.16742,0.16742,0.16742,0,0,0,0,0,0,0,0,0,0,0
81059,81059,81059,24.9,-155.708,71.5091,24.63,-54.46,630.11,4.25853,0.55062,25.0062,0.136244,0.000134902,3.54877,0,0,0,0.354877,0.354877,0,0,0,0,0,0,0,0,0
81073,81077,81075,25,-155.708,71.5121,24.38,-54.01,633.243,4.24978,0.480266,21.064,0.131577,0.000116783,3.18734,0.531223,0.177074,0.177074,0,0,0.177074,0,0,0,0,0,0,0,0
81118,81118,81118,25.2,-155.705,71.5199,23.68,-53.85,639.009,7.63813,0.536314,13.3632,0.07475,1.4887e-05,7.63813,0,0,0,0,0,0,0,0,0,0,0,0,0,0
81186,81198,81192,25.5,-155.696,71.5328,22.56,-52.71,651.279,3.72825,0.326124,10.2829,0.0945922,2.94323e-05,3.35542,0,0.186412,0,0.186412,0,0,0,0,0,0,0,0,0,0
