data/B2SAP/Locations/Alaska/NOAA-POPS-B2SAP_GMLBalloon_20230319_R0.ict
61,1001
Thornberry, T. D.
NOAA Chemical Sciences Laboratory
Portable Optical Particle Spectrometer (POPS)
Balloon Baseline Stratospheric Aerosol Profiles (B2SAP)
1,1
2023,03,19,2024,05,28
0
TIME_START,s,Seconds since midnight UTC on flight start day,Start time of 100 m altitude bin in UTC_seconds_since_midnight
28
1.0,1.0,1.0,1.0,1.0,1.0,1.0,1.0,1.0,1.0,1.0,1.0,1.0,1.0,1.0,1.0,1.0,1.0,1.0,1.0,1.0,1.0,1.0,1.0,1.0,1.0,1.0,1.0
99999,99999,99999,99999,99999,99999,99999,99999,99999,99999,99999,99999,99999,99999,99999,99999,99999,99999,99999,99999,99999,99999,99999,99999,99999,99999,99999,99999
TIME_STOP,s,End time of 100 m altitude bin in UTC seconds since midnight,
TIME_MID,s,Mid time of 100 m altitude in UTC seconds since midnight,
GPSAlt,m,GPS reported altitude above sea level (m),
GPS_Lon,deg,GPS reported longitude,
GPS_Lat,deg,GPS reported latitude,
iMet_Pressure,mb,Pressure reported (mB),
iMet_Temperature,degrees C,Ambient temperature (oC),
THETA,K,Potential temperature from iMet,
Aerosol_concentration,cm^-3,Aerosol concentration,
Surface_Area_Conc,um^2 cm^-3,Surface area concentration,
Volume_density,um^3 cm^-3,Volume density,
Effective_radius,um,Effective radius,
Extinction,km^-1,Extinction,
Bin01,cm^-3,particle concentration in size range [140 - 170 nm],
Bin02,cm^-3,particle concentration in size range [170 - 205 nm],
Bin03,cm^-3,particle concentration in size range [205 - 249 nm],
Bin04,cm^-3,particle concentration in size range [249 - 302 nm],
Bin05,cm^-3,particle concentration in size range [302 - 366 nm],
Bin06,cm^-3,particle concentration in size range [366 - 443 nm],
Bin07,cm^-3,particle concentration in size range [443 - 537 nm],
Bin08,cm^-3,particle concentration in size range [537 - 651 nm],
Bin09,cm^-3,particle concentration in size range [651 - 789 nm],
Bin10,cm^-3,particle concentration in size range [789 - 956 nm],
Bin11,cm^-3,particle concentration in size range [956 - 1159 nm],
Bin12,cm^-3,particle concentration in size range [1159 - 1404 nm],
Bin13,cm^-3,particle concentration in size range [1404 - 1702 nm],
Bin14,cm^-3,particle concentration in size range [1702 - 2062 nm],
Bin15,cm^-3,particle concentration in size range [2062 - 2500 nm],
0
19
PI_CONTACT_INFO: 325 Broadway R/CSL6, Boulder, CO 80305; troy.thornberry@noaa.gov; 303-497-3373 
PLATFORM: GML ECC/FPH balloon
LOCATION: Utqiagvik, AL, USA
ASSOCIATED_DATA: N/A
INSTRUMENT_INFO: Printed Optical Particle Spectrometer counts particles from 140 - 2500 nm in diameter 
DATA_INFO: Particle concentrations reported in number per cubic centimeter, binned to 100 m altitude
UNCERTAINTY: Counting uncertainty dominated by air flow, less than 5 percent
ULOD_FLAG: -77777
ULOD_VALUE: 3000 ~3000 per cm3 (varies depending on flow rate- manufacturer quotes 1250  per cm3 at 1.667 cc/s)
LLOD_FLAG: -88888
LLOD_VALUE: 0 0 (varies depending on data field and measurement precision)
DM_CONTACT_INFO: Troy Thornberry, 325 Broadway R/CSL6, Boulder, CO 80305; troy.thornberry@noaa.gov; 303-497-3373
PROJECT_INFO: B2SAP Utqiagvik, AL, USA
STIPULATIONS_ON_USE: Please contact the PIs for questions regarding applications and uncertainties
OTHER_COMMENTS: POPS bin Edges (nm):  140, 170, 205, 249, 302, 366, 443, 537, 651, 789, 956, 1159, 1404, 1702, 2062, 2500
Calculations assume sulfate refractive index of 1.45+0.00j and extinction wavelength = 532 nm
REVISION: R0
R0: QA/QC data
TIME_START,TIME_STOP,TIME_MID,GPSAlt,GPS_Lon,GPS_Lat,iMet_Pressure,iMet_Temperature,THETA,Aerosol_concentration,Surface_Area_Conc,Volume_density,Effective_radius,Extinction,Bin01,Bin02,Bin03,Bin04,Bin05,Bin06,Bin07,Bin08,Bin09,Bin10,Bin11,Bin12,Bin13,Bin14,Bin15
[from data line 74]
67417,67436,67426,7.1,-156.834,71.4604,385.41,-45.133,299.416,5.55108,1.16445,127.295,0.327953,0.000403266,1.86433,1.69675,0.733162,0.481792,0.481792,0.146632,0.104737,0,0,0,0.0209475,0,0,0.0209475,0
67437,67457,67447,7.2,-156.833,71.4644,379.709,-46.0343,299.503,5.85122,1.2456,107.299,0.258427,0.000454866,2.17158,1.18633,1.00536,0.703754,0.462467,0.100536,0.0804291,0.0201073,0.0603218,0.0201073,0,0,0.0402145,0,0
67458,67480,67469,7.3,-156.832,71.4693,373.92,-47,299.539,7.50432,1.50631,181.147,0.360774,0.00051492,2.92852,1.6839,1.31783,0.768735,0.549097,0.0915161,0.0915161,0,0.0183032,0.0183032,0,0.0183032,0,0,0.0183032
67481,67500,67490,7.4,-156.831,71.4743,368.163,-47.9555,299.609,15.4925,2.27919,116.955,0.153943,0.00047078,5.57983,4.31169,2.6631,1.7754,0.760886,0.169086,0.14795,0.0634071,0,0,0,0,0.0211357,0,0
67501,67521,67511,7.5,-156.831,71.4791,362.903,-48.8224,299.683,15.9649,2.5014,122.337,0.146722,0.000628608,5.66563,3.86477,3.03516,1.74016,0.951017,0.343985,0.303516,0.0202344,0,0.0404688,0,0,0,0,0
67522,67542,67532,7.6,-156.831,71.4837,357.319,-49.6852,299.854,24.3514,4.01761,229.791,0.171587,0.0010791,8.39562,6.66351,4.07554,2.54721,1.52833,0.489065,0.489065,0.0611331,0.0203777,0.0407554,0,0.0203777,0.0203777,0,0
67543,67562,67552,7.7,-156.832,71.4878,352.205,-50.537,299.941,32.0495,5.23203,304.673,0.174697,0.00140769,11.4753,8.49943,5.8661,2.82601,1.96964,0.578047,0.556638,0.128455,0.0428183,0.0428183,0,0.0428183,0.0214091,0,0
67563,67582,67572,7.8,-156.834,71.492,346.721,-51.4535,300.046,36.7408,6.13092,357.17,0.174772,0.00172535,12.9333,9.26562,7.01356,3.47461,2.33785,0.772135,0.579101,0.128689,0.107241,0.0643446,0.0214482,0.0214482,0.0214482,0,0
67583,67602,67592,7.9,-156.833,71.4966,341.542,-52.2165,300.307,48.1554,8.02595,510.579,0.190848,0.00210865,17.1488,12.4502,8.79095,4.11399,3.48607,1.12593,0.736188,0.129916,0.0433052,0,0.0433052,0.0433052,0.0216526,0.0216526,0
67603,67620,67612,8,-156.834,71.501,336.258,-52.8189,300.828,73.7627,11.3061,553.743,0.146932,0.00261933,26.4189,19.5634,12.5167,7.26162,5.13568,1.48099,1.05102,0.214982,0.0477738,0.0238869,0,0.0238869,0.0238869,0,0
67621,67642,67632,8.1,-156.833,71.5057,331.205,-53.3818,301.358,69.8412,12.1234,694.863,0.171948,0.00354688,23.1562,17.8426,12.1173,6.9998,5.58808,1.94112,1.54898,0.392146,0.156858,0.0392146,0.0196073,0,0.0196073,0.0196073,0
67643,67664,67654,8.2,-156.833,71.5108,326.039,-53.9977,301.863,53.6838,10.454,636.849,0.182758,0.00346457,16.2016,13.1306,9.13432,5.84675,5.13806,1.92923,1.57488,0.393721,0.177174,0.0590581,0.019686,0.0590581,0.019686,0,0
67665,67685,67675,8.3,-156.832,71.5158,321.154,-54.6329,302.287,27.6778,6.09769,467.938,0.230221,0.00222804,8.53537,6.00791,5.11708,3.10754,2.52746,0.932262,0.787243,0.372905,0.0828677,0.0414338,0.0207169,0.0828677,0.0621508,0,0
67686,67706,67696,8.4,-156.834,71.5207,316.381,-55.4176,302.497,16.8998,4.36797,517.277,0.355275,0.00184601,5.22057,3.71424,2.66187,2.29045,1.38252,0.61904,0.639674,0.0825386,0.144443,0.0206347,0.0412693,0.0206347,0.0206347,0,0.0412693
67707,67725,67716,8.5,-156.835,71.5253,311.106,-56.1268,302.968,24.1578,5.41175,473.66,0.262573,0.00214573,7.74525,5.46317,3.84957,2.44344,2.42039,0.968156,0.783745,0.253565,0.0230513,0.138308,0.0230513,0,0.0230513,0,0.0230513
67726,67746,67736,8.6,-156.834,71.5306,306.443,-56.7324,303.426,33.5185,6.82373,444.658,0.195491,0.0024069,10.0015,8.21328,5.84286,3.47245,2.99421,1.37235,1.08124,0.291104,0.0831724,0.0831724,0.0207931,0.0415862,0.0207931,0,0
67747,67768,67758,8.7,-156.836,71.5357,301.672,-57.5568,303.625,40.2948,9.50275,837.754,0.264477,0.00370188,11.6857,8.6502,6.72573,4.68222,4.3251,1.82527,1.50783,0.575357,0.119039,0.0198399,0.0396798,0.0595197,0.0396798,0,0.0396798
67769,67787,67778,8.8,-156.835,71.5403,297.054,-58.2953,303.919,73.9802,17.857,1454.98,0.244438,0.0069656,19.2841,16.1513,13.9003,8.77181,7.9596,3.27202,2.92394,0.905028,0.255264,0.116029,0.0928234,0.139235,0.162441,0.0464117,0
67788,67805,67796,8.9,-156.834,71.5445,292.618,-59.0506,304.162,76.8006,16.4166,1099.77,0.200975,0.00592546,20.5698,17.3413,13.5991,9.71013,8.12031,2.93505,3.15518,1.07619,0.171211,0,0.0733763,0,0.0244588,0,0.0244588
67806,67823,67814,9,-156.834,71.5489,287.882,-59.915,304.351,78.6415,18.8391,1550.75,0.246946,0.00764728,20.8002,17.4978,13.6286,9.34038,8.20672,3.54885,3.7953,1.20759,0.246448,0.123224,0.0739344,0.0246448,0.0739344,0.0246448,0.0492896
67824,67845,67834,9.1,-156.834,71.5535,283.115,-60.6555,304.742,95.4645,20.9408,1361.02,0.194981,0.00759081,24.3812,20.8866,17.1699,12.7461,10.2211,4.54496,3.89857,1.11099,0.222198,0.0807994,0.0201998,0.141399,0.0201998,0.0201998,0
67846,67865,67856,9.2,-156.835,71.5585,278.798,-61.252,305.22,68.0744,15.1277,1160.29,0.230099,0.00558588,18.0687,15.4462,13.1126,8.31206,6.823,2.46695,2.64475,0.644518,0.244472,0.0444495,0.133348,0.088899,0,0.0222247,0.0222247
67866,67886,67876,9.3,-156.834,71.5635,274.273,-62.0195,305.539,50.0955,10.5124,725.153,0.206942,0.00378521,14.8628,10.674,9.3557,6.03868,4.93301,1.5522,1.82861,0.489048,0.148841,0.0850518,0.0637889,0,0.0425259,0.021263,0
67887,67905,67896,9.4,-156.834,71.5681,269.832,-62.2947,306.577,18.4416,3.66659,313.63,0.256612,0.00124735,5.69418,4.75686,3.02284,1.99179,1.66373,0.679552,0.468657,0.0702985,0.0234328,0.0468657,0,0,0,0,0.0234328
67906,67924,67915,9.5,-156.834,71.5725,265.37,-61.91,308.598,15.1132,2.7343,164.549,0.180538,0.000929922,5.95157,3.28039,2.31971,1.42931,1.05441,0.398334,0.374902,0.234314,0.0234314,0.0234314,0.0234314,0,0,0,0
67925,67945,67935,9.6,-156.833,71.5772,261.246,-62.0371,309.793,17.4886,3.19589,191.399,0.179667,0.0010566,6.3595,4.09128,2.88297,1.44149,1.37789,0.657148,0.445165,0.148388,0,0.063595,0,0.0211983,0,0,0
67946,67964,67955,9.7,-156.832,71.5815,257.231,-61.4895,311.972,24.8552,4.54605,267.799,0.176724,0.00152767,8.85512,5.76286,4.21672,2.50661,1.61641,0.726214,0.819919,0.234262,0.0234262,0.0702787,0,0.0234262,0,0,0
67965,67983,67974,9.8,-156.83,71.5845,253.226,-61.6537,313.136,23.9797,4.63812,311.335,0.201376,0.00149522,8.53079,5.3522,3.80964,2.38395,2.01,0.958254,0.654417,0.140232,0.023372,0.023372,0.023372,0.0467441,0.023372,0,0
67984,68003,67994,9.9,-156.826,71.5877,249.091,-62.4115,313.487,21.524,3.64759,188.496,0.15503,0.00108988,8.17956,4.85454,3.50236,1.79551,1.68468,0.84234,0.399003,0.221668,0.0221668,0.0221668,0,0,0,0,0
68004,68022,68013,10,-156.822,71.5912,245.241,-63.0447,313.935,22.1047,3.81061,196.193,0.154458,0.00116849,8.49101,4.98233,3.2046,1.96486,1.77773,0.748519,0.77191,0.116956,0.0467824,0,0,0,0,0,0
68023,68041,68032,10.1,-156.821,71.5944,241.378,-63.0342,315.375,19.5182,3.15369,161.915,0.154024,0.000929324,7.14651,5.57662,2.8586,1.59332,1.24185,0.374899,0.538917,0.117156,0.0468624,0.0234312,0,0,0,0,0
68042,68063,68052,10.2,-156.822,71.5979,237.459,-62.7577,317.277,17.1918,3.19442,204.224,0.191794,0.0011247,6.57335,4.08559,2.64957,1.53715,0.970833,0.546094,0.505642,0.182031,0.0809028,0.0202257,0.0202257,0.0202257,0,0,0
68064,68086,68075,10.3,-156.825,71.6022,233.743,-62.0043,319.851,17.3062,3.07887,187.323,0.182524,0.000988689,6.90326,4.07658,2.42287,1.44219,1.15375,0.615332,0.423041,0.192291,0.0384583,0,0,0.0384583,0,0,0
68087,68106,68096,10.4,-156.827,71.6066,230.093,-61.8445,321.531,17.0882,3.43096,231.296,0.202243,0.00141988,7.03371,3.66017,2.38132,1.21271,1.08041,0.705576,0.507133,0.308689,0.088197,0.088197,0,0.0220492,0,0,0
68107,68125,68116,10.5,-156.828,71.6101,226.607,-61.0495,324.15,16.4419,3.15372,195.683,0.186145,0.00118644,6.46591,3.83336,2.26307,1.17772,1.03916,0.669683,0.669683,0.230925,0.046185,0.0230925,0.0230925,0,0,0,0
68126,68144,68135,10.6,-156.829,71.613,222.906,-61.3747,325.187,16.424,3.14847,184.045,0.175366,0.00120045,6.12698,3.93711,2.21317,1.3279,1.23471,0.559116,0.652302,0.279558,0.0698895,0.0232965,0,0,0,0,0
68145,68163,68154,10.7,-156.83,71.6151,219.485,-61.6016,326.273,15.6498,3.00949,186.555,0.185967,0.00111461,5.88897,3.70959,2.29531,1.2288,0.950582,0.765103,0.417329,0.324589,0.0231849,0.0231849,0.0231849,0,0,0,0
68164,68184,68174,10.8,-156.83,71.6173,215.719,-62.3329,326.752,16.0437,3.2455,221.873,0.20509,0.00126643,6.05861,3.98982,2.02658,1.2455,1.05551,0.738855,0.591084,0.189991,0.0422203,0.0633305,0.0211102,0.0211102,0,0,0
68185,68202,68194,10.9,-156.83,71.6199,212.396,-61.8633,328.945,15.0768,2.69422,147.689,0.164451,0.000945968,5.58944,4.36368,1.69154,1.00512,1.12769,0.441271,0.563847,0.269666,0.0245151,0,0,0,0,0,0
68203,68225,68214,11,-156.831,71.6231,209.103,-61.5965,330.831,14.2743,2.75515,169.839,0.184932,0.000989733,5.0391,3.7937,1.89685,1.03464,1.07297,0.632283,0.574803,0.153281,0.0574803,0,0,0,0.0191601,0,0
68226,68248,68237,11.1,-156.832,71.6265,205.713,-60.6822,333.812,15.6897,3.18432,201.532,0.189867,0.00129263,5.55996,3.54162,2.49436,1.38999,1.04725,0.761638,0.533147,0.171369,0.0952047,0.0952047,0,0,0,0,0
68249,68269,68259,11.2,-156.833,71.6295,202.462,-60.2286,336.053,15.8545,3.48034,231.389,0.199453,0.00150416,5.9558,3.38256,1.90918,1.09985,1.61865,0.643309,0.664061,0.43579,0.10376,0.0207519,0,0.0207519,0,0,0
68271,68292,68282,11.3,-156.834,71.6325,199.267,-59.8932,338.12,13.7891,2.87447,175.849,0.183529,0.0011702,4.94683,2.96465,1.82705,1.30996,1.12036,0.741162,0.413672,0.396436,0.0344727,0.0344727,0,0,0,0,0
68293,68314,68304,11.4,-156.834,71.6356,196.222,-60.37,338.847,13.9845,3.16161,205.678,0.195165,0.00142709,4.67924,3.11949,1.96741,1.29388,0.974841,0.744424,0.708975,0.319039,0.141795,0.0354488,0,0,0,0,0
68315,68337,68326,11.5,-156.833,71.6387,193.123,-60.7817,339.729,13.2457,2.81764,178.794,0.190365,0.00113108,4.63762,2.92902,1.77369,1.25297,0.992614,0.602077,0.813618,0.162724,0.0488171,0.0162724,0,0.0162724,0,0,0
68338,68358,68348,11.6,-156.833,71.6417,190.215,-61.5525,339.973,13.3231,2.74017,168.091,0.18403,0.00103226,4.63495,2.88981,1.78267,1.4449,1.03207,0.731835,0.506655,0.243945,0.03753,0,0.018765,0,0,0,0
68361,68385,68373,11.7,-156.833,71.645,187.017,-61.554,341.622,12.7029,2.86546,202.125,0.211616,0.00124157,4.77112,2.46834,1.8061,1.03851,0.903051,0.737491,0.617085,0.225763,0.0451525,0.0602034,0.0150508,0.0150508,0,0,0
68386,68409,68398,11.8,-156.835,71.6483,184.059,-61.2418,343.684,12.8545,2.65859,166.871,0.1883,0.00103068,4.59821,2.95721,1.60681,1.24784,0.854686,0.700842,0.632467,0.205125,0.0170937,0.0170937,0,0.0170937,0,0,0
68410,68434,68422,11.9,-156.837,71.6516,181.219,-60.5656,346.316,12.0815,2.5135,157.325,0.187777,0.00101137,4.18205,3.05784,1.52892,1.04926,0.734482,0.614566,0.584587,0.284799,0.0299788,0,0.0149894,0,0,0,0
68435,68459,68447,12,-156.837,71.6549,178.403,-59.4496,349.702,11.9975,2.53122,169.759,0.201199,0.0010637,4.42983,2.53792,1.93805,0.9075,0.830593,0.522966,0.522966,0.169195,0.0615254,0.0615254,0.0153814,0,0,0,0
68460,68482,68471,12.1,-156.836,71.6578,175.617,-59.3665,351.41,11.5339,2.65107,193.027,0.218433,0.00118345,3.78558,2.81905,1.70754,0.950422,0.853769,0.515483,0.467157,0.257742,0.0966531,0.0483266,0.0161089,0.0161089,0,0,0
68483,68505,68494,12.2,-156.835,71.6601,172.849,-59.2195,353.246,12.7924,2.94333,186.989,0.190589,0.00126851,3.89847,2.70024,1.70453,1.35012,1.51889,0.658184,0.523172,0.303777,0.101259,0.033753,0,0,0,0,0
68506,68529,68518,12.3,-156.834,71.6623,170.165,-59.3452,354.63,11.3654,2.84852,205.39,0.216312,0.00135866,3.68273,2.34355,1.37441,1.18059,1.09248,0.599104,0.651966,0.24669,0.105724,0.0704828,0.0176207,0,0,0,0
68530,68552,68541,12.4,-156.832,71.664,167.412,-59.4965,356.032,10.8166,2.85551,247.146,0.259652,0.00130091,3.60552,2.33393,1.36817,1.12672,0.8209,0.611651,0.563362,0.160961,0.0804804,0.0482882,0.0482882,0.0482882,0,0,0
68553,68576,68564,12.5,-156.83,71.6658,164.862,-59.6358,357.359,10.4163,2.5557,191.333,0.224595,0.00110773,3.14803,2.19128,1.6666,0.972186,1.01848,0.601829,0.462946,0.216041,0.0617261,0.030863,0.0154315,0.030863,0,0,0
68577,68600,68588,12.6,-156.827,71.6677,162.348,-59.4933,359.172,10.4034,2.41356,176.762,0.219711,0.000975295,3.43172,2.31873,1.39124,0.850201,1.06662,0.571953,0.525579,0.17004,0.0154582,0.0154582,0.0154582,0.0154582,0.0154582,0,0
68601,68625,68613,12.7,-156.825,71.6699,159.822,-59.1592,361.355,10.3844,2.32137,151.463,0.195741,0.0009723,3.40229,2.42598,1.34612,0.843176,0.931931,0.69525,0.414192,0.251474,0.0443777,0.0147926,0.0147926,0,0,0,0
68626,68647,68636,12.8,-156.824,71.6722,157.408,-59.1977,362.859,9.6803,2.30558,187.147,0.243515,0.00105748,3.71414,2.16798,1.12601,0.773079,0.672243,0.504182,0.38654,0.151255,0.0504182,0.0840304,0.0336121,0.0168061,0,0,0
68648,68671,68660,12.9,-156.823,71.6747,154.991,-59.5592,363.847,10.4079,2.3851,170.208,0.214089,0.00104226,3.81418,2.33175,1.12727,0.880196,0.864754,0.478703,0.617682,0.185304,0.0463261,0.0308841,0.015442,0.015442,0,0,0
68672,68694,68683,13,-156.822,71.6775,152.594,-59.397,365.758,9.51844,2.09911,146.853,0.209879,0.000915245,3.16745,2.29922,1.4953,0.739609,0.755687,0.385883,0.337647,0.225098,0.0321569,0.0643138,0.0160785,0,0,0,0
68695,68719,68707,13.1,-156.822,71.6804,150.17,-59.1248,367.901,8.68273,2.10008,153.88,0.21982,0.00100745,3.15856,1.6784,1.21585,0.594708,0.845806,0.46255,0.37004,0.18502,0.0925101,0.0660786,0.0132157,0,0,0,0
68721,68743,68732,13.2,-156.82,71.6834,147.751,-57.9609,371.617,9.49771,2.19651,146.702,0.200365,0.000994743,3.30112,2.00025,1.18896,0.769329,0.881231,0.545524,0.531536,0.181841,0.0279756,0.069939,0,0,0,0,0
68744,68766,68755,13.3,-156.817,71.6854,145.543,-57.213,374.519,9.48235,2.66244,209.018,0.235518,0.00137048,3.02154,1.69875,1.18355,0.974691,0.90507,0.682284,0.487345,0.320256,0.0974691,0.0835449,0.0278483,0,0,0,0
68767,68790,68778,13.4,-156.815,71.6869,143.283,-56.7692,376.974,9.13007,2.77065,211.056,0.228527,0.00141121,2.2061,1.66122,1.0366,1.1695,1.14292,0.770806,0.677778,0.292375,0.0930284,0.0531591,0.0265795,0,0,0,0
68791,68814,68802,13.5,-156.815,71.6885,141.011,-56.7812,378.674,8.9647,2.51621,178.378,0.212675,0.00122327,2.07392,1.7528,1.29787,1.12393,1.01689,0.669007,0.602107,0.307743,0.0802809,0.0267603,0.0133801,0,0,0,0
68815,68837,68826,13.6,-156.815,71.6903,138.86,-56.1835,381.389,9.25198,2.87526,230.182,0.240168,0.00150752,1.95582,1.98356,1.33162,1.12355,0.94323,0.651939,0.749036,0.26355,0.166452,0.0416131,0.0416131,0,0,0,0
68838,68861,68850,13.7,-156.815,71.6924,136.769,-56.4429,382.596,9.05295,2.64265,195.867,0.222353,0.00129735,1.99404,1.90099,1.32936,1.0369,0.81091,0.890672,0.66468,0.305753,0.066468,0.0265872,0.0132936,0.0132936,0,0,0
68862,68883,68872,13.8,-156.813,71.6946,134.644,-56.5573,384.104,8.93201,2.4359,163.368,0.2012,0.00118188,2.24028,1.71658,1.28016,1.03285,0.829193,0.74191,0.74191,0.247303,0.0872835,0.0145472,0,0,0,0,0
68884,68904,68894,13.9,-156.812,71.6972,132.585,-56.4543,385.977,9.99444,3.2519,280.032,0.25834,0.0017641,2.44545,1.97459,1.32145,1.01767,1.19994,0.759456,0.531619,0.455674,0.121513,0.106324,0.0455674,0.0151891,0,0,0
68905,68929,68917,14,-156.81,71.6996,130.556,-56.7616,387.142,8.96508,2.60973,187.724,0.215797,0.00135085,2.12297,1.61141,1.394,1.06149,0.971963,0.652239,0.677816,0.306936,0.102312,0.063945,0,0,0,0,0
68930,68952,68941,14.1,-156.809,71.7019,128.615,-57.2496,387.922,8.04208,2.25062,166.83,0.222378,0.00110735,1.86443,1.54441,1.41919,1.00178,0.737422,0.626113,0.500891,0.194791,0.0695682,0.0695682,0.0139136,0,0,0,0
68953,68974,68964,14.2,-156.808,71.704,126.665,-56.8582,390.32,8.18397,2.53922,211.779,0.250209,0.00134704,2.22012,1.5091,1.05927,0.798082,1.03025,0.50787,0.594934,0.232169,0.116085,0.0725529,0.0435317,0,0,0,0
68975,68998,68986,14.3,-156.807,71.7059,124.659,-56.7163,392.367,7.87782,2.35153,184.444,0.235307,0.00125865,2.0857,1.48789,1.1292,0.783797,0.836936,0.611096,0.491534,0.239124,0.106278,0.0929929,0.0132847,0,0,0,0
68999,69021,69010,14.4,-156.806,71.7079,122.793,-56.7841,393.94,8.64267,2.79594,218.848,0.234821,0.00157058,2.13167,1.34861,1.43561,0.783061,0.971576,0.580045,0.76856,0.391531,0.159512,0.0580045,0.0145011,0,0,0,0
