data/B2SAP/Locations/Alaska/NOAA-POPS-B2SAP_GMLBalloon_20230315_R0.ict
61,1001
Thornberry, T. D.
NOAA Chemical Sciences Laboratory
Portable Optical Particle Spectrometer (POPS)
Balloon Baseline Stratospheric Aerosol Profiles (B2SAP)
1,1
2023,03,15,2024,05,28
0
TIME_START,s,Seconds since midnight UTC on flight start day,Start time of 100 m altitude bin in UTC_seconds_since_midnight
28
1.0,1.0,1.0,1.0,1.0,1.0,1.0,1.0,1.0,1.0,1.0,1.0,1.0,1.0,1.0,1.0,1.0,1.0,1.0,1.0,1.0,1.0,1.0,1.0,1.0,1.0,1.0,1.0
99999,99999,99999,99999,99999,99999,99999,99999,99999,99999,99999,99999,99999,99999,99999,99999,99999,99999,99999,99999,99999,99999,99999,99999,99999,99999,99999,99999
TIME_STOP,s,End time of 100 m altitude bin in UTC seconds since midnight,
TIME_MID,s,Mid time of 100 m altitude in UTC seconds since midnight,
GPSAlt,m,GPS reported altitude above sea level (m),
GPS_Lon,deg,GPS reported longitude,
GPS_Lat,deg,GPS reported latitude,
iMet_Pressure,mb,Pressure reported (mB),
iMet_Temperature,degrees C,Ambient temperature (oC),
THETA,K,Potential temperature from iMet,
Aerosol_concentration,cm^-3,Aerosol concentration,
Surface_Area_Conc,um^2 cm^-3,Surface area concentration,
Volume_density,um^3 cm^-3,Volume density,
Effective_radius,um,Effective radius,
Extinction,km^-1,Extinction,
Bin01,cm^-3,particle concentration in size range [140 - 170 nm],
Bin02,cm^-3,particle concentration in size range [170 - 205 nm],
Bin03,cm^-3,particle concentration in size range [205 - 249 nm],
Bin04,cm^-3,particle concentration in size range [249 - 302 nm],
Bin05,cm^-3,particle concentration in size range [302 - 366 nm],
Bin06,cm^-3,particle concentration in size range [366 - 443 nm],
Bin07,cm^-3,particle concentration in size range [443 - 537 nm],
Bin08,cm^-3,particle concentration in size range [537 - 651 nm],
Bin09,cm^-3,particle concentration in size range [651 - 789 nm],
Bin10,cm^-3,particle concentration in size range [789 - 956 nm],
Bin11,cm^-3,particle concentration in size range [956 - 1159 nm],
Bin12,cm^-3,particle concentration in size range [1159 - 1404 nm],
Bin13,cm^-3,particle concentration in size range [1404 - 1702 nm],
Bin14,cm^-3,particle concentration in size range [1702 - 2062 nm],
Bin15,cm^-3,particle concentration in size range [2062 - 2500 nm],
0
19
PI_CONTACT_INFO: 325 Broadway R/CSL6, Boulder, CO 80305; troy.thornberry@noaa.gov; 303-497-3373 
PLATFORM: GML ECC/FPH balloon
LOCATION: Utqiagvik, AL, USA
ASSOCIATED_DATA: N/A
INSTRUMENT_INFO: Printed Optical Particle Spectrometer counts particles from 140 - 2500 nm in diameter 
DATA_INFO: Particle concentrations reported in number per cubic centimeter, binned to 100 m altitude
UNCERTAINTY: Counting uncertainty dominated by air flow, less than 5 percent
ULOD_FLAG: -77777
ULOD_VALUE: 3000 ~3000 per cm3 (varies depending on flow rate- manufacturer quotes 1250  per cm3 at 1.667 cc/s)
LLOD_FLAG: -88888
LLOD_VALUE: 0 0 (varies depending on data field and measurement precision)
DM_CONTACT_INFO: Troy Thornberry, 325 Broadway R/CSL6, Boulder, CO 80305; troy.thornberry@noaa.gov; 303-497-3373
PROJECT_INFO: B2SAP Utqiagvik, AL, USA
STIPULATIONS_ON_USE: Please contact the PIs for questions regarding applications and uncertainties
OTHER_COMMENTS: POPS bin Edges (nm):  140, 170, 205, 249, 302, 366, 443, 537, 651, 789, 956, 1159, 1404, 1702, 2062, 2500
Calculations assume sulfate refractive index of 1.45+0.00j and extinction wavelength = 532 nm
REVISION: R0
R0: QA/QC data
TIME_START,TIME_STOP,TIME_MID,GPSAlt,GPS_Lon,GPS_Lat,iMet_Pressure,iMet_Temperature,THETA,Aerosol_concentration,Surface_Area_Conc,Volume_density,Effective_radius,Extinction,Bin01,Bin02,Bin03,Bin04,Bin05,Bin06,Bin07,Bin08,Bin09,Bin10,Bin11,Bin12,Bin13,Bin14,Bin15
[from data line 236]
81282,81282,81282,25.9,-155.683,71.5464,21.24,-53.27,660.895,8.73658,0.613443,15.2849,0.07475,1.70279e-05,8.73658,0,0,0,0,0,0,0,0,0,0,0,0,0,0
74662,83361,79012,13.8,-157.786,69.5271,240.276,-53.1825,370.754,23.874,5.32039,310.589,0.175131,0.00194516,5.41605,5.06943,4.33284,2.98966,3.29296,1.42984,1.03988,0.216642,0,0.0866569,0,0,0,0,0
74669,82872,78770,16.5,-149.845,70.4403,209.636,-50.9893,416.118,19.2817,3.90473,207.197,0.159189,0.00125068,4.34459,4.59285,3.76531,2.42056,2.27574,1.01374,0.703409,0.14482,0.0206885,0,0,0,0,0,0
74674,82933,78804,16.1,-147.86,67.9783,400.182,-46.38,370.723,45.6638,9.54691,526.3,0.165383,0.00327425,9.40951,12.011,8.08111,6.36526,5.25826,2.15865,1.71585,0.498151,0.16605,0,0,0,0,0,0
81562,81562,81562,26.7,-155.661,71.5957,19.04,-51.3,687.986,3.48764,0.280865,7.78621,0.0831666,1.27472e-05,3.05169,0,0.435955,0,0,0,0,0,0,0,0,0,0,0,0
81648,81651,81650,26.4,-155.655,71.6114,19.935,-50.595,681.179,1.05139,0.175198,7.56546,0.129547,3.34887e-05,0.210278,0.420556,0,0.210278,0.210278,0,0,0,0,0,0,0,0,0,0
81652,81653,81652,26.3,-155.655,71.612,19.965,-52.26,675.793,0.423726,0.124319,7.76716,0.187433,5.41071e-05,0.211863,0,0,0,0,0.211863,0,0,0,0,0,0,0,0,0
81691,81702,81696,26.1,-155.652,71.6195,20.6633,-49.62,677.174,0.135678,0.0451608,2.44997,0.16275,1.45459e-05,0,0,0,0,0.135678,0,0,0,0,0,0,0,0,0,0
81836,81836,81836,25.1,-155.638,71.6413,23.91,-53.09,639.436,0.368776,0.122748,6.65907,0.16275,3.95361e-05,0,0,0,0,0.368776,0,0,0,0,0,0,0,0,0,0
81885,81885,81885,24.7,-155.634,71.6499,25.41,-52.63,629.746,0.697275,0.0489595,1.21991,0.07475,1.35902e-06,0.697275,0,0,0,0,0,0,0,0,0,0,0,0,0,0
81908,81908,81908,24.5,-155.631,71.6534,26.21,-52.17,625.49,1.01697,0.212273,10.0739,0.142371,5.0092e-05,0.338991,0,0,0.338991,0.338991,0,0,0,0,0,0,0,0,0,0
81915,81915,81915,24.4,-155.63,71.6545,26.44,-52.48,623.062,1.0184,0.199976,9.09814,0.136488,4.36389e-05,0,0.339467,0.339467,0,0.339467,0,0,0,0,0,0,0,0,0,0
81926,81926,81926,24.3,-155.628,71.6562,26.79,-52.2,621.494,1.35615,0.203025,7.75943,0.114657,2.43265e-05,0.339037,0,0.678074,0.339037,0,0,0,0,0,0,0,0,0,0,0
81935,81942,81938,24.2,-155.625,71.6581,27.21,-52.3467,618.34,1.54364,0.297748,15.6353,0.157536,9.6791e-05,0.441041,0.330781,0.330781,0.11026,0.220521,0,0.11026,0,0,0,0,0,0,0,0
81944,81952,81948,24.1,-155.622,71.66,27.6375,-52.225,615.936,1.06778,0.18969,8.14475,0.128812,3.40109e-05,0.24641,0,0.410683,0.24641,0.164273,0,0,0,0,0,0,0,0,0,0
81960,81961,81960,24,-155.62,71.6622,28.1033,-52.0167,613.569,1.62623,0.393163,22.126,0.168831,0.00014358,0.433661,0.21683,0.21683,0.108415,0.433661,0.108415,0.108415,0,0,0,0,0,0,0,0
81965,81972,81968,23.9,-155.618,71.6637,28.406,-52.006,611.731,0.90282,0.118554,4.33312,0.10965,1.28621e-05,0.322436,0.128974,0.257949,0.193461,0,0,0,0,0,0,0,0,0,0,0
81975,81984,81980,23.8,-155.616,71.6656,28.7943,-51.8086,609.907,1.14061,0.167211,7.12107,0.127762,3.17797e-05,0.547494,0.091249,0.228122,0.136873,0.091249,0.0456245,0,0,0,0,0,0,0,0,0
81986,81994,81990,23.7,-155.614,71.6677,29.2567,-52.0067,606.588,1.15728,0.143903,6.2107,0.129477,3.09488e-05,0.73645,0.210414,0.105207,0,0,0.105207,0,0,0,0,0,0,0,0,0
81997,82004,82000,23.6,-155.613,71.6697,29.7067,-52.35,603.022,1.46358,0.255883,12.9766,0.152139,7.70309e-05,0.522707,0.209083,0.313624,0.313624,0,0,0.104541,0,0,0,0,0,0,0,0
82006,82016,82011,23.5,-155.61,71.6717,30.14,-52.3725,600.46,1.15797,0.187804,8.34116,0.133242,3.93233e-05,0.231594,0.463189,0.154396,0.154396,0.0771981,0.0771981,0,0,0,0,0,0,0,0,0
82021,82027,82024,23.4,-155.607,71.6738,30.62,-51.98,598.819,1.93719,0.363681,18.6472,0.153821,0.000108841,0.815661,0.407831,0.101958,0.101958,0.203915,0.305873,0,0,0,0,0,0,0,0,0
82033,82034,82034,23.3,-155.606,71.6757,31.01,-51.625,597.624,1.80454,0.242014,9.4336,0.116939,3.50473e-05,0.902268,0.150378,0.300756,0.300756,0.150378,0,0,0,0,0,0,0,0,0,0
82044,82046,82045,23.2,-155.605,71.678,31.5067,-51.1633,596.141,1.10048,0.261847,17.07,0.195573,0.000123543,0.200087,0.400174,0.200087,0,0.200087,0,0,0.100044,0,0,0,0,0,0,0
82051,82057,82054,23.1,-155.604,71.6799,31.8725,-51.0575,594.469,1.85229,0.244232,9.54754,0.117276,3.71607e-05,0.815008,0.44455,0.222275,0.148183,0.222275,0,0,0,0,0,0,0,0,0,0
82062,82070,82066,23,-155.604,71.6821,32.366,-51.17,591.571,1.17388,0.15413,5.85041,0.113873,2.01447e-05,0.528246,0.176082,0.176082,0.234776,0.058694,0,0,0,0,0,0,0,0,0,0
82072,82081,82076,22.9,-155.604,71.6844,32.9275,-50.5,590.438,1.0128,0.127837,4.81158,0.112916,1.6979e-05,0.434056,0.28937,0.0723426,0.144685,0.0723426,0,0,0,0,0,0,0,0,0,0
82082,82091,82086,22.8,-155.603,71.6866,33.4,-50.526,587.98,0.916031,0.143867,6.20789,0.129451,2.72288e-05,0.229008,0.28626,0.114504,0.229008,0,0.0572519,0,0,0,0,0,0,0,0,0
82096,82100,82098,22.7,-155.602,71.6887,33.882,-50.648,585.254,2.17677,0.42189,23.357,0.166088,0.000148994,0.85925,0.3437,0.286417,0.229133,0.286417,0.0572833,0.0572833,0.0572833,0,0,0,0,0,0,0
82103,82112,82108,22.6,-155.601,71.6904,34.341,-50.551,583.257,1.5228,0.412481,25.8116,0.18773,0.000181957,0.338401,0.282,0.1974,0.141,0.2538,0.1692,0.0846001,0.0564001,0,0,0,0,0,0,0
82113,82123,82118,22.5,-155.599,71.6924,34.84,-50.9711,579.771,1.27888,0.249956,13.9336,0.167232,9.00134e-05,0.436692,0.374307,0.0935768,0.0623845,0.187154,0.0623845,0.0311923,0.0311923,0,0,0,0,0,0,0
82123,82131,82127,22.4,-155.598,71.6945,35.3362,-50.7,578.133,1.51001,0.235315,10.1865,0.129866,4.62549e-05,0.446138,0.41182,0.274547,0.171592,0.137273,0.0686367,0,0,0,0,0,0,0,0,0
82133,82140,82136,22.3,-155.596,71.6965,35.8483,-50.6883,575.788,1.87597,0.361297,19.9908,0.165992,0.000127369,0.732086,0.366043,0.183022,0.228777,0.183022,0.0915108,0.0457554,0.0457554,0,0,0,0,0,0,0
82141,82148,82144,22.2,-155.595,71.6981,36.315,-50.63,573.825,1.49397,0.321886,16.0488,0.149576,8.78853e-05,0.27163,0.135815,0.543261,0,0.407446,0.135815,0,0,0,0,0,0,0,0,0
82150,82156,82153,22.1,-155.594,71.6996,36.7933,-50.3933,572.289,1.16382,0.202362,10.0282,0.148667,5.57629e-05,0.537147,0.179049,0.0895245,0.179049,0,0.179049,0,0,0,0,0,0,0,0,0
82158,82166,82162,22,-155.593,71.7013,37.44,-50.285,569.719,1.32865,0.198756,8.82121,0.133146,4.29568e-05,0.398595,0.398595,0.398595,0,0,0.132865,0,0,0,0,0,0,0,0,0
82168,82168,82168,21.9,-155.592,71.7024,37.81,-49.9,569.104,0.80394,0.0742834,2.14672,0.0866971,3.60175e-06,0.26798,0.53596,0,0,0,0,0,0,0,0,0,0,0,0,0
82176,82181,82178,21.8,-155.59,71.7043,38.4375,-49.9,566.433,1.77269,0.336913,18.9024,0.168314,0.000120259,0.656551,0.393931,0.196965,0.26262,0.0656551,0.13131,0,0.0656551,0,0,0,0,0,0,0
82186,82191,82188,21.7,-155.588,71.7062,39.0775,-50.38,562.551,1.87069,0.347103,18.2374,0.157625,0.000112867,0.645064,0.258026,0.516051,0.193519,0.0645064,0.0645064,0.129013,0,0,0,0,0,0,0,0
82196,82201,82198,21.6,-155.587,71.7083,39.67,-49.905,561.341,2.24193,0.42768,21.697,0.152196,0.000125815,0.832716,0.384331,0.192165,0.25622,0.384331,0.12811,0.0640551,0,0,0,0,0,0,0,0
82206,82211,82208,21.5,-155.585,71.7102,40.3125,-49.5575,559.624,2.0268,0.416759,23.201,0.16701,0.000144735,0.633375,0.380025,0.25335,0.380025,0.126675,0.190013,0,0.0633375,0,0,0,0,0,0,0
82216,82220,82218,21.4,-155.584,71.712,40.8767,-49.13,558.48,2.0971,0.289337,11.4939,0.119175,4.51472e-05,0.838839,0.503303,0.251652,0.251652,0.251652,0,0,0,0,0,0,0,0,0,0
82225,82231,82228,21.3,-155.583,71.7138,41.47,-48.6425,557.404,2.48922,0.483992,24.9258,0.154501,0.000147976,0.808997,0.435614,0.311153,0.373383,0.373383,0.0622305,0.124461,0,0,0,0,0,0,0,0
82234,82239,82236,21.2,-155.582,71.7158,42,-48.59,555.5,2.09363,0.553364,41.0082,0.222321,0.000290955,0.49262,0.49262,0.369465,0.369465,0,0.24631,0,0,0.123155,0,0,0,0,0,0
82245,82249,82247,21.1,-155.58,71.7173,42.61,-49.0275,552.145,1.7114,0.263487,10.9263,0.124404,4.50028e-05,0.550092,0.366728,0.244485,0.305607,0.244485,0,0,0,0,0,0,0,0,0,0
82254,82263,82258,21,-155.578,71.7195,43.3225,-48.775,550.165,2.47996,0.53964,28.3803,0.157773,0.000168396,0.604869,0.302435,0.362922,0.604869,0.362922,0.120974,0.120974,0,0,0,0,0,0,0,0
82266,82274,82270,20.9,-155.575,71.7215,44.032,-49.152,546.682,1.92459,0.430457,24.7696,0.172628,0.000167536,0.529261,0.481147,0.192459,0.240573,0.192459,0.0962294,0.192459,0,0,0,0,0,0,0,0
82276,82286,82281,20.8,-155.573,71.7233,44.69,-49.8438,542.698,1.97364,0.371733,18.0364,0.145559,9.65328e-05,0.568169,0.32894,0.32894,0.32894,0.269133,0.119615,0.0299036,0,0,0,0,0,0,0,0
82287,82291,82289,20.7,-155.572,71.7245,45.14,-49.8967,541.022,2.72225,0.656254,38.5697,0.176317,0.000253574,0.800661,0.480396,0.240198,0.320264,0.320264,0.480396,0,0.0800661,0,0,0,0,0,0,0
82305,82305,82305,20.6,-155.569,71.7272,46.1,-49.8,537.998,1.90911,0.615543,42.0421,0.204902,0.00030717,0.238639,0,0.477278,0.477278,0.477278,0,0,0.238639,0,0,0,0,0,0,0
82311,82318,82314,20.5,-155.567,71.7286,46.68,-49.515,536.772,2.62168,0.65228,41.566,0.191172,0.000297223,0.953339,0.357502,0.238335,0.47667,0,0.357502,0.119167,0.119167,0,0,0,0,0,0,0
82326,82326,82326,20.4,-155.564,71.7303,47.34,-48.82,536.291,2.41996,0.555431,32.5253,0.175676,0.00022181,0.725989,0.483993,0.241996,0.483993,0,0.241996,0.241996,0,0,0,0,0,0,0,0
82338,82338,82338,20.3,-155.561,71.7326,48.11,-48.64,534.238,1.89925,0.185457,5.91598,0.0956983,1.42079e-05,1.18703,0.474812,0,0.237406,0,0,0,0,0,0,0,0,0,0,0
82345,82353,82349,20.2,-155.558,71.7342,48.755,-49.23,530.82,1.78524,0.31654,15.5063,0.14696,8.52886e-05,0.595079,0.476063,0.238031,0.119016,0.119016,0.238031,0,0,0,0,0,0,0,0,0
82366,82366,82366,20,-155.554,71.737,49.9,-49.57,526.498,2.39207,0.532759,26.5965,0.149767,0.000142511,0.478413,0,0.71762,0.478413,0.478413,0.239207,0,0,0,0,0,0,0,0,0
82379,82389,82384,19.9,-155.549,71.74,51.03,-50.1833,521.721,3.26859,0.759182,43.8029,0.173092,0.000294664,0.706723,0.971744,0.441702,0.176681,0.353361,0.353361,0.265021,0,0,0,0,0,0,0,0
82390,82401,82396,19.8,-155.546,71.7422,51.74,-50.375,519.215,2.71114,0.692234,42.8419,0.185668,0.000303565,0.859631,0.462878,0.264502,0.132251,0.462878,0.264502,0.198376,0.0661255,0,0,0,0,0,0,0
82402,82410,82406,19.7,-155.544,71.7442,52.445,-50.0675,517.921,2.712,0.636374,38.988,0.183798,0.000268494,0.793755,0.595316,0.198439,0.463024,0.264585,0.198439,0.0661462,0.132292,0,0,0,0,0,0,0
82416,82420,82418,19.6,-155.541,71.7463,53.2033,-49.8733,516.257,3.0705,0.666324,35.1339,0.158184,0.000210628,0.701828,0.789557,0.263186,0.263186,0.701828,0.263186,0.0877285,0,0,0,0,0,0,0,0
82425,82431,82428,19.5,-155.538,71.748,53.8633,-49.7867,514.634,3.01504,0.638336,36.3303,0.170742,0.000235719,0.886776,0.354711,0.886776,0.266033,0.266033,0.177355,0.0886776,0.0886776,0,0,0,0,0,0,0
82442,82444,82443,19.4,-155.534,71.7506,54.88,-50.28,510.764,4.25159,0.820482,43.8024,0.160158,0.000262199,1.19576,0.930036,0.664311,0.664311,0.531449,0.132862,0,0.132862,0,0,0,0,0,0,0
82453,82454,82454,19.3,-155.532,71.7522,55.545,-50.385,508.775,2.5557,0.459034,22.3897,0.146327,0.000123696,0.672552,0.403531,0.672552,0.538041,0.13451,0,0.13451,0,0,0,0,0,0,0,0
82463,82473,82468,19.2,-155.53,71.7544,56.4567,-50.1033,507.043,3.24194,0.618644,32.9599,0.159833,0.000197623,0.963819,0.876199,0.26286,0.52572,0.35048,0.17524,0,0.0876199,0,0,0,0,0,0,0
82474,82486,82480,19.1,-155.527,71.7571,57.415,-49.3225,506.386,3.24118,0.590887,26.9326,0.13674,0.000130386,0.727611,0.793757,0.463025,0.396879,0.793757,0.0661464,0,0,0,0,0,0,0,0,0
82494,82494,82494,19,-155.525,71.7593,58.23,-48.58,506.03,3.394,0.435916,15.7895,0.108664,4.64198e-05,1.04431,1.04431,0.522153,0.78323,0,0,0,0,0,0,0,0,0,0,0
82501,82511,82506,18.9,-155.524,71.7612,59.0475,-49.8275,501.206,1.92262,0.257851,10.9136,0.126976,4.97338e-05,0.92816,0.530377,0.0662971,0.265189,0,0.132594,0,0,0,0,0,0,0,0,0
82514,82525,82520,18.8,-155.52,71.7633,59.98,-50.25,498.032,2.04875,0.288963,12.6805,0.131648,6.29247e-05,0.793065,0.594799,0.264355,0.264355,0.0660887,0,0.0660887,0,0,0,0,0,0,0,0
82528,82539,82534,18.7,-155.516,71.7656,61.03,-49.9183,496.296,1.88227,0.220608,9.16534,0.124637,4.4787e-05,1.05057,0.525284,0.175095,0.0437737,0,0.0437737,0.0437737,0,0,0,0,0,0,0,0
82540,82552,82546,18.6,-155.513,71.7672,61.752,-50.054,494.333,2.71314,0.247348,7.39235,0.0896594,1.47184e-05,1.70236,0.691584,0.212795,0.106398,0,0,0,0,0,0,0,0,0,0,0
82555,82564,82560,18.5,-155.51,71.7692,62.6757,-50.0414,492.275,2.87916,0.319744,11.324,0.106247,3.61761e-05,1.59112,0.568256,0.378837,0.265186,0.0378837,0.0378837,0,0,0,0,0,0,0,0,0
82569,82580,82574,18.4,-155.506,71.7716,63.7445,-50.2409,489.451,2.40498,0.281175,13.0178,0.138894,6.64276e-05,1.39489,0.649345,0.216448,0.0480996,0.0240498,0.0480996,0,0,0.0240498,0,0,0,0,0,0
82581,82591,82586,18.3,-155.505,71.7732,64.5014,-50.1957,487.909,2.50086,0.323348,13.3859,0.124194,6.0863e-05,1.25043,0.530485,0.341026,0.189459,0.113675,0.0378918,0.0378918,0,0,0,0,0,0,0,0
82596,82608,82602,18.2,-155.502,71.7755,65.6333,-50.2933,485.287,2.47334,0.291979,11.1868,0.114941,4.36905e-05,1.28084,0.662502,0.220834,0.176667,0.0441668,0.0883336,0,0,0,0,0,0,0,0,0
82609,82621,82615,18.1,-155.499,71.7774,66.6433,-50.8917,481.863,2.77909,0.481614,26.3874,0.164369,0.000171049,1.4116,0.485238,0.352901,0.0882252,0.0882252,0.220563,0.0882252,0.0441126,0,0,0,0,0,0,0
82626,82636,82631,18,-155.496,71.7792,67.618,-50.81,480.051,3.20278,0.497078,22.8637,0.137989,0.000116856,1.28111,0.907454,0.266898,0.320278,0.106759,0.320278,0,0,0,0,0,0,0,0,0
82638,82651,82644,17.9,-155.493,71.7811,68.6757,-51.5,476.45,3.80238,0.537601,23.7432,0.132495,0.000117629,1.67305,1.02664,0.456285,0.266166,0.114071,0.228143,0.0380238,0,0,0,0,0,0,0,0
82658,82666,82662,17.8,-155.489,71.7829,69.8775,-51.935,473.151,4.12869,0.584773,25.5243,0.130945,0.000124098,1.79798,0.932284,0.665917,0.332959,0.199775,0.133183,0.0665917,0,0,0,0,0,0,0,0
82668,82680,82674,17.7,-155.487,71.7843,70.7583,-52.1767,470.954,3.63825,0.453101,17.8376,0.118104,7.34321e-05,1.9966,0.84301,0.133107,0.221845,0.399321,0.044369,0,0,0,0,0,0,0,0,0
82684,82696,82690,17.6,-155.483,71.7859,71.9087,-52.125,468.897,4.08867,0.559258,26.1248,0.14014,0.000145166,2.12744,0.963994,0.465377,0.166206,0.166206,0.0664824,0.0997235,0.0332412,0,0,0,0,0,0,0
82697,82710,82704,17.5,-155.48,71.7873,72.9671,-51.8,467.624,4.4273,0.634405,30.1644,0.142643,0.000170318,1.75565,1.56482,0.610661,0.0763327,0.152665,0.114499,0.114499,0.0381663,0,0,0,0,0,0,0
82712,82726,82719,17.4,-155.478,71.7887,74.0575,-51.91,465.423,3.33906,0.482865,20.78,0.129104,9.63679e-05,1.30223,0.868154,0.567639,0.200343,0.200343,0.200343,0,0,0,0,0,0,0,0,0
82728,82738,82733,17.3,-155.475,71.7901,75.0825,-52.18,463.038,3.86941,0.43887,15.3222,0.104739,4.72179e-05,1.58922,1.38193,0.552773,0.138193,0.20729,0,0,0,0,0,0,0,0,0,0
82743,82754,82748,17.2,-155.472,71.7919,76.294,-51.598,462.125,3.54419,0.365185,12.0338,0.0988579,3.27099e-05,1.9493,0.826978,0.590698,0.0590698,0.11814,0,0,0,0,0,0,0,0,0,0
82758,82773,82766,17.1,-155.469,71.7933,77.515,-51.6938,459.844,3.27216,0.440057,18.8781,0.128697,8.84973e-05,1.30143,0.855224,0.743673,0.111551,0.185918,0.0371837,0,0.0371837,0,0,0,0,0,0,0
82778,82789,82784,17,-155.466,71.7945,78.795,-51.9883,457.087,4.25346,0.62109,28.0049,0.13527,0.000144739,1.82998,1.08809,0.544047,0.247294,0.346212,0.0989177,0.0989177,0,0,0,0,0,0,0,0
82790,82803,82796,16.9,-155.464,71.7952,79.7817,-52.53,454.342,5.5034,0.957436,49.7736,0.155959,0.000299089,1.63615,1.78489,0.942024,0.347062,0.297481,0.297481,0.0991604,0.0991604,0,0,0,0,0,0,0
82806,82822,82814,16.8,-155.46,71.7961,81.09,-52.76,451.771,4.50462,0.888722,51.5675,0.174073,0.000326587,1.40238,0.977418,0.722439,0.722439,0.297475,0.212482,0,0.127489,0.0424964,0,0,0,0,0,0
82825,82838,82832,16.7,-155.456,71.7971,82.45,-53.6812,447.752,4.63949,0.92935,49.5332,0.159896,0.000302462,1.27212,1.15987,0.636059,0.561228,0.448983,0.374152,0.149661,0.0374152,0,0,0,0,0,0,0
82839,82855,82847,16.6,-155.452,71.798,83.63,-54.0691,445.142,4.8335,0.855252,43.6713,0.153187,0.000258996,1.55655,1.3654,0.710006,0.409619,0.327695,0.273079,0.163848,0.0273079,0,0,0,0,0,0,0
