data/B2SAP/Locations/Hawaii/NOAA-POPS-B2SAP_GMLBalloon_20230920_R0.ict
61,1001
Thornberry, T. D.
NOAA Chemical Sciences Laboratory
Portable Optical Particle Spectrometer (POPS)
Balloon Baseline Stratospheric Aerosol Profiles (B2SAP)
1,1
2023,09,20,2024,05,28
0
TIME_START,s,Seconds since midnight UTC on flight start day,Start time of 100 m altitude bin in UTC_seconds_since_midnight
28
1.0,1.0,1.0,1.0,1.0,1.0,1.0,1.0,1.0,1.0,1.0,1.0,1.0,1.0,1.0,1.0,1.0,1.0,1.0,1.0,1.0,1.0,1.0,1.0,1.0,1.0,1.0,1.0
99999,99999,99999,99999,99999,99999,99999,99999,99999,99999,99999,99999,99999,99999,99999,99999,99999,99999,99999,99999,99999,99999,99999,99999,99999,99999,99999,99999
TIME_STOP,s,End time of 100 m altitude bin in UTC seconds since midnight,
TIME_MID,s,Mid time of 100 m altitude in UTC seconds since midnight,
GPSAlt,m,GPS reported altitude above sea level (m),
GPS_Lon,deg,GPS reported longitude,
GPS_Lat,deg,GPS reported latitude,
iMet_Pressure,mb,Pressure reported (mB),
iMet_Temperature,degrees C,Ambient temperature (oC),
THETA,K,Potential temperature from iMet,
Aerosol_concentration,cm^-3,Aerosol concentration,
Surface_Area_Conc,um^2 cm^-3,Surface area concentration,
Volume_density,um^3 cm^-3,Volume density,
Effective_radius,um,Effective radius,
Extinction,km^-1,Extinction,
Bin01,cm^-3,particle concentration in size range [140 - 170 nm],
Bin02,cm^-3,particle concentration in size range [170 - 205 nm],
Bin03,cm^-3,particle concentration in size range [205 - 249 nm],
Bin04,cm^-3,particle concentration in size range [249 - 302 nm],
Bin05,cm^-3,particle concentration in size range [302 - 366 nm],
Bin06,cm^-3,particle concentration in size range [366 - 443 nm],
Bin07,cm^-3,particle concentration in size range [443 - 537 nm],
Bin08,cm^-3,particle concentration in size range [537 - 651 nm],
Bin09,cm^-3,particle concentration in size range [651 - 789 nm],
Bin10,cm^-3,particle concentration in size range [789 - 956 nm],
Bin11,cm^-3,particle concentration in size range [956 - 1159 nm],
Bin12,cm^-3,particle concentration in size range [1159 - 1404 nm],
Bin13,cm^-3,particle concentration in size range [1404 - 1702 nm],
Bin14,cm^-3,particle concentration in size range [1702 - 2062 nm],
Bin15,cm^-3,particle concentration in size range [2062 - 2500 nm],
0
19
PI_CONTACT_INFO: 325 Broadway R/CSL6, Boulder, CO 80305; troy.thornberry@noaa.gov; 303-497-3373 
PLATFORM: GML ECC/FPH balloon
LOCATION: Hilo, HI, USA
ASSOCIATED_DATA: N/A
INSTRUMENT_INFO: Printed Optical Particle Spectrometer counts particles from 140 - 2500 nm in diameter 
DATA_INFO: Particle concentrations reported in number per cubic centimeter, binned to 100 m altitude
UNCERTAINTY: Counting uncertainty dominated by air flow, less than 5 percent
ULOD_FLAG: -77777
ULOD_VALUE: 3000 ~3000 per cm3 (varies depending on flow rate- manufacturer quotes 1250  per cm3 at 1.667 cc/s)
LLOD_FLAG: -88888
LLOD_VALUE: 0 0 (varies depending on data field and measurement precision)
DM_CONTACT_INFO: Troy Thornberry, 325 Broadway R/CSL6, Boulder, CO 80305; troy.thornberry@noaa.gov; 303-497-3373
PROJECT_INFO: B2SAP Hilo, HI, USA
STIPULATIONS_ON_USE: Please contact the PIs for questions regarding applications and uncertainties
OTHER_COMMENTS: POPS bin Edges (nm):  140, 170, 205, 249, 302, 366, 443, 537, 651, 789, 956, 1159, 1404, 1702, 2062, 2500
Calculations assume sulfate refractive index of 1.45+0.00j and extinction wavelength = 532 nm
REVISION: R0
R0: QA/QC data
TIME_START,TIME_STOP,TIME_MID,GPSAlt,GPS_Lon,GPS_Lat,iMet_Pressure,iMet_Temperature,THETA,Aerosol_concentration,Surface_Area_Conc,Volume_density,Effective_radius,Extinction,Bin01,Bin02,Bin03,Bin04,Bin05,Bin06,Bin07,Bin08,Bin09,Bin10,Bin11,Bin12,Bin13,Bin14,Bin15
[from data line 77]
75185,75199,75192,7.8,-155.068,19.6837,392.322,-16.212,335.688,1.19685,0.205906,16.8883,0.246058,0.000107087,0.851096,0.212774,0.0265968,0,0.0265968,0.0265968,0,0.0265968,0,0.0265968,0,0,0,0,0
75200,75215,75208,7.9,-155.067,19.684,387.168,-16.9408,336,1.17635,0.161652,9.73459,0.180659,6.15503e-05,0.866785,0.0928698,0.0619132,0.0928698,0.0309566,0,0,0,0.0309566,0,0,0,0,0,0
75216,75234,75225,8,-155.066,19.6846,381.843,-17.7405,336.277,1.03771,0.135565,6.75075,0.149391,4.04665e-05,0.741221,0.127067,0.0635333,0.0211778,0,0.0635333,0,0.0211778,0,0,0,0,0,0,0
75235,75252,75244,8.1,-155.065,19.6853,376.676,-18.572,336.487,1.12993,0.24864,19.4417,0.234576,0.00012266,0.511161,0.322838,0.0269032,0.0538064,0.0538064,0.107613,0.0269032,0,0,0.0269032,0,0,0,0,0
75254,75269,75262,8.2,-155.064,19.6859,371.418,-19.2982,336.886,0.77451,0.227747,19.3292,0.254614,0.000146606,0.295051,0.184407,0.0737629,0,0.110644,0.0368814,0,0,0.0737629,0,0,0,0,0,0
75270,75288,75279,8.3,-155.063,19.6862,366.919,-19.9687,337.166,1.08693,0.199812,12.0667,0.181171,8.37872e-05,0.652158,0.135866,0.0543465,0.0543465,0.0543465,0.0815197,0,0.0543465,0,0,0,0,0,0,0
75289,75302,75296,8.4,-155.062,19.6866,361.935,-20.721,337.477,1.37912,0.139385,4.59867,0.0989781,1.26704e-05,0.851812,0.283937,0.121687,0.0811249,0.0405625,0,0,0,0,0,0,0,0,0,0
75304,75319,75312,8.5,-155.062,19.6871,356.829,-21.3909,337.948,1.18603,0.235635,13.1216,0.167059,8.65463e-05,0.518888,0.222381,0.11119,0.0370635,0.11119,0.11119,0.0741269,0,0,0,0,0,0,0,0
75321,75337,75329,8.6,-155.061,19.6877,351.761,-22.116,338.36,1.31261,0.366253,40.8185,0.334347,0.000185579,0.765689,0.218768,0.0546921,0.0546921,0.0273461,0.0546921,0.0820382,0,0.0273461,0,0.0273461,0,0,0,0
75338,75353,75346,8.7,-155.06,19.688,347.239,-22.7364,338.775,1.58182,0.365027,29.7174,0.244234,0.000201566,0.703029,0.439393,0.0878786,0.0878786,0.0878786,0.0585858,0.0292929,0.0292929,0.0292929,0.0292929,0,0,0,0,0
75355,75372,75364,8.8,-155.058,19.6886,342.968,-23.4947,338.943,1.35273,0.218229,11.4632,0.157586,7.0505e-05,0.748832,0.217403,0.169091,0,0.0483117,0.144935,0,0.0241559,0,0,0,0,0,0,0
75373,75390,75382,8.9,-155.057,19.6893,338.071,-24.3022,339.234,1.58152,0.305743,25.1176,0.246458,0.000147609,0.825141,0.320888,0.160444,0.114603,0.0687617,0.0458412,0,0,0,0.0458412,0,0,0,0,0
75391,75408,75400,9,-155.056,19.6899,333.781,-25.0367,339.468,1.36957,0.249848,17.775,0.21343,0.000133182,0.903918,0.19174,0.109566,0.0273915,0.0273915,0,0,0.0821744,0.0273915,0,0,0,0,0,0
75410,75425,75418,9.1,-155.055,19.6904,328.992,-25.9443,339.635,1.2166,0.27587,20.5426,0.223395,0.00015113,0.623135,0.148366,0.148366,0.118692,0.0296731,0.0296731,0.0593462,0,0.0593462,0,0,0,0,0,0
75427,75442,75434,9.2,-155.053,19.6908,324.119,-26.662,340.092,1.42202,0.198159,10.7384,0.162573,7.09906e-05,0.961957,0.209121,0.0836484,0.0836484,0,0,0.0418242,0.0418242,0,0,0,0,0,0,0
75443,75461,75452,9.3,-155.052,19.6909,319.828,-27.035,340.87,1.57575,0.301176,24.2496,0.241548,0.000145813,0.787874,0.331737,0.207335,0.124401,0.0414671,0,0.0414671,0,0,0.0414671,0,0,0,0,0
75462,75480,75471,9.4,-155.051,19.6909,315.459,-27.8242,341.114,1.46136,0.286568,25.2186,0.264006,0.000163736,0.904654,0.313149,0.0695887,0.0695887,0,0.0347944,0,0,0.0347944,0.0347944,0,0,0,0,0
75481,75501,75491,9.5,-155.049,19.691,310.889,-28.7757,341.218,1.28341,0.202767,12.2779,0.181654,8.01297e-05,0.686477,0.328315,0.0596936,0.0895404,0.0596936,0,0.0298468,0,0.0298468,0,0,0,0,0,0
75502,75517,75510,9.6,-155.048,19.6909,306.72,-29.71,341.224,1.32246,0.147472,5.83314,0.118663,2.58307e-05,0.939644,0.174008,0.104405,0,0.0348016,0.0696033,0,0,0,0,0,0,0,0,0
75518,75534,75526,9.7,-155.046,19.6907,302.376,-30.598,341.364,0.675526,0.126361,10.0525,0.238661,7.38592e-05,0.464424,0.0844408,0.0422204,0.0422204,0,0,0,0,0.0422204,0,0,0,0,0,0
75536,75550,75543,9.8,-155.045,19.6909,298.269,-31.3267,341.67,1.016,0.284213,24.6275,0.259955,0.000164854,0.455448,0.210207,0.0350344,0.0700689,0.0350344,0.105103,0.0700689,0,0,0.0350344,0,0,0,0,0
75552,75568,75560,9.9,-155.043,19.691,293.974,-32.1536,341.923,1.2077,0.253177,18.2485,0.216234,0.000137145,0.634044,0.241541,0.12077,0.0301926,0.0603852,0,0.0301926,0.0603852,0.0301926,0,0,0,0,0,0
75570,75585,75578,10,-155.041,19.6912,289.947,-32.825,342.314,1.06224,0.244156,18.8147,0.231181,0.000145478,0.576643,0.151748,0.121398,0.0910489,0,0,0,0.0910489,0.0303496,0,0,0,0,0,0
75586,75603,75594,10.1,-155.039,19.6914,285.753,-33.5758,342.664,1.0645,0.331219,31.0674,0.281391,0.000220912,0.532251,0.2129,0.0354834,0.0354834,0,0.10645,0.0709668,0,0.0354834,0.0354834,0,0,0,0,0
75604,75619,75612,10.2,-155.036,19.6915,281.51,-34.3091,343.082,0.967418,0.291529,29.5781,0.304375,0.000208045,0.503057,0.154787,0.11609,0.0773934,0,0,0,0.0386967,0.0386967,0.0386967,0,0,0,0,0
75621,75636,75628,10.3,-155.034,19.6919,277.708,-34.8177,343.687,0.850157,0.18667,15.8282,0.254378,0.000120351,0.621269,0.0653967,0.0326984,0.0326984,0,0.0326984,0,0,0.0653967,0,0,0,0,0,0
75638,75656,75647,10.4,-155.031,19.6924,273.972,-35.6167,343.86,1.10513,0.166068,7.86409,0.142064,4.3721e-05,0.606037,0.106948,0.178246,0.0712985,0.0712985,0.0356493,0.0356493,0,0,0,0,0,0,0,0
75657,75675,75666,10.5,-155.028,19.6926,269.671,-36.6842,343.861,0.961503,0.165815,8.63985,0.156316,5.41993e-05,0.427334,0.142445,0.178056,0.0712224,0.0712224,0,0.0712224,0,0,0,0,0,0,0,0
75676,75688,75682,10.6,-155.026,19.6927,266.322,-37.4844,343.924,0.96719,0.22655,14.84,0.196514,0.000110512,0.531955,0.096719,0.0483595,0,0.096719,0.096719,0.0483595,0.0483595,0,0,0,0,0,0,0
75691,75710,75700,10.7,-155.023,19.6928,262.264,-38.522,343.922,0.604967,0.124394,8.5911,0.207191,6.75754e-05,0.345695,0.129636,0.0432119,0,0,0,0.0432119,0.0432119,0,0,0,0,0,0,0
75711,75726,75718,10.8,-155.02,19.693,258.302,-39.535,343.925,0.960894,0.159667,7.95221,0.149415,4.71911e-05,0.480447,0.174708,0.043677,0.043677,0.174708,0,0.043677,0,0,0,0,0,0,0,0
75730,75743,75736,10.9,-155.018,19.6933,254.115,-40.3564,344.316,1.1846,0.135705,5.20467,0.115059,2.08791e-05,0.710757,0.276406,0.0394865,0.078973,0.0394865,0.0394865,0,0,0,0,0,0,0,0,0
75745,75759,75752,11,-155.015,19.6934,250.742,-41.0392,344.628,0.903989,0.197413,14.35,0.218071,0.000106603,0.397755,0.216957,0.108479,0.0723191,0,0,0.0723191,0,0.0361596,0,0,0,0,0,0
75760,75775,75768,11.1,-155.013,19.694,247.195,-42.0036,344.594,0.874099,0.099538,4.47755,0.13495,2.57472e-05,0.715172,0.0397318,0.0397318,0.0397318,0,0,0.0397318,0,0,0,0,0,0,0,0
75776,75792,75784,11.2,-155.01,19.6944,243.479,-42.8857,344.764,1.25269,0.133125,4.79197,0.107988,1.72332e-05,0.751612,0.313172,0.0939515,0.0313172,0.0313172,0.0313172,0,0,0,0,0,0,0,0,0
75795,75813,75804,11.3,-155.008,19.6947,239.968,-43.7381,344.912,1.32535,0.147367,6.56329,0.133611,3.51575e-05,0.966402,0.165669,0.110446,0.0276115,0.0276115,0,0,0.0276115,0,0,0,0,0,0,0
75814,75826,75820,11.4,-155.005,19.695,236.619,-44.7691,344.754,1.41176,0.123643,3.72471,0.0903738,8.04457e-06,1.16974,0.0806718,0.0403359,0.121008,0,0,0,0,0,0,0,0,0,0,0
75827,75843,75835,11.5,-155.003,19.6952,232.314,-45.806,344.991,1.20416,0.175054,8.17663,0.140127,4.54144e-05,0.713579,0.0891974,0.178395,0.0445987,0.133796,0,0.0445987,0,0,0,0,0,0,0,0
75844,75863,75854,11.6,-155.001,19.6953,229.388,-46.1218,345.758,0.472414,0.127974,10.7016,0.250869,8.53792e-05,0.209962,0.131226,0.0524904,0,0,0,0.0262452,0.0262452,0.0262452,0,0,0,0,0,0
75864,75876,75870,11.7,-154.999,19.6954,226.677,-46.9222,345.708,0.595587,0.278534,32.168,0.346472,0.000226353,0.248161,0.148897,0,0.0496322,0,0.0496322,0,0,0.0496322,0.0496322,0,0,0,0,0
75877,75897,75887,11.8,-154.996,19.6956,222.144,-47.734,346.471,0.313818,0.0265103,0.734781,0.0831506,1.12227e-06,0.179325,0.134494,0,0,0,0,0,0,0,0,0,0,0,0,0
75900,75920,75910,11.9,-154.993,19.6958,218.925,-48.075,347.39,0.268496,0.0286732,0.958538,0.100289,2.50365e-06,0.134248,0.0894986,0,0.0447493,0,0,0,0,0,0,0,0,0,0,0
75926,75941,75934,12,-154.99,19.6959,215.514,-49.241,347.139,0.268993,0.0331426,1.18293,0.107076,3.39155e-06,0.134497,0,0.0896644,0.0448322,0,0,0,0,0,0,0,0,0,0,0
75943,75957,75950,12.1,-154.987,19.6961,212.625,-49.9645,347.355,0.289733,0.0244756,0.678387,0.0831506,1.03613e-06,0.165562,0.124171,0,0,0,0,0,0,0,0,0,0,0,0,0
75961,75964,75962,12.2,-154.986,19.6966,209.843,-50.81,347.351,0.341461,0.12012,8.44644,0.210949,6.75581e-05,0.11382,0,0,0.11382,0,0,0.11382,0,0,0,0,0,0,0,0
75977,75987,75982,12.3,-154.983,19.6971,206.059,-51.6788,347.793,0.396435,0.0723185,3.57424,0.148271,1.93829e-05,0.169901,0.0566335,0,0.113267,0,0.0566335,0,0,0,0,0,0,0,0,0
76014,76026,76020,12.5,-154.978,19.6993,199.851,-53.0529,348.67,0.328755,0.0331375,1.11175,0.100649,3.05124e-06,0.263004,0,0,0.065751,0,0,0,0,0,0,0,0,0,0,0
76034,76046,76040,12.6,-154.974,19.7005,196.281,-53.263,350.139,0.427875,0.0632271,2.98346,0.141559,1.64233e-05,0.256725,0.0855751,0,0,0.0427875,0.0427875,0,0,0,0,0,0,0,0,0
76051,76060,76056,12.7,-154.972,19.7015,193.229,-53.9714,350.572,0.447161,0.156226,14.1637,0.271984,0.000110204,0.167685,0.11179,0,0.0558952,0,0.0558952,0,0,0.0558952,0,0,0,0,0,0
76063,76081,76072,12.8,-154.968,19.7022,189.979,-54.3331,351.688,0.395391,0.0688246,3.18452,0.13881,1.57276e-05,0.121659,0.091244,0.0304147,0.091244,0.0304147,0.0304147,0,0,0,0,0,0,0,0,0
76082,76103,76092,12.9,-154.964,19.7029,187.344,-55.4646,351.282,0.456566,0.144601,10.8428,0.224952,8.66779e-05,0.152189,0.0304377,0.121751,0.0304377,0,0.0304377,0.0304377,0.0608755,0,0,0,0,0,0,0
76104,76125,76114,13,-154.959,19.7036,184.095,-56.105,351.998,0.454342,0.0880757,5.85465,0.199419,4.49049e-05,0.255567,0.0851892,0.0567928,0,0,0,0.0283964,0.0283964,0,0,0,0,0,0,0
76128,76142,76135,13.1,-154.955,19.7042,181.125,-57.0569,352.082,0.734264,0.143416,8.44193,0.17659,6.0568e-05,0.367132,0.152972,0.0305943,0.0305943,0.0611886,0,0.091783,0,0,0,0,0,0,0,0
76143,76158,76150,13.2,-154.953,19.7045,178.489,-57.8354,352.29,0.587272,0.102669,5.1576,0.150706,2.96726e-05,0.216363,0.216363,0,0.0309091,0.0309091,0.0927272,0,0,0,0,0,0,0,0,0
76162,76182,76172,13.3,-154.948,19.7049,175.134,-58.6982,352.788,0.68171,0.192148,14.1739,0.221297,0.000106932,0.25858,0.117536,0,0.117536,0.0705217,0.0235072,0.0470145,0.0235072,0.0235072,0,0,0,0,0,0
76184,76204,76194,13.4,-154.944,19.7055,172.586,-59.4014,353.102,0.660977,0.154047,14.4075,0.280579,8.82765e-05,0.344857,0.114952,0.0862144,0.0287381,0.0287381,0.0287381,0,0,0,0.0287381,0,0,0,0,0
76206,76224,76215,13.5,-154.938,19.7061,169.273,-60.3567,353.476,0.483842,0.0908916,5.31724,0.175502,3.54295e-05,0.215041,0.0806403,0.0537602,0.0537602,0.0537602,0,0,0.0268801,0,0,0,0,0,0,0
76228,76240,76234,13.6,-154.934,19.7067,166.595,-61.163,353.751,1.0483,0.149908,6.58081,0.131697,3.18483e-05,0.443511,0.322553,0.0806384,0.0806384,0.0403192,0.0806384,0,0,0,0,0,0,0,0,0
76241,76257,76249,13.7,-154.931,19.7075,163.935,-61.3009,355.147,1.68717,0.197039,7.53225,0.114682,2.94614e-05,0.880264,0.403454,0.256744,0.0733553,0,0.0733553,0,0,0,0,0,0,0,0,0
76258,76275,76266,13.8,-154.927,19.7081,161.421,-61.548,356.297,1.18939,0.171527,7.59002,0.132749,3.76285e-05,0.513599,0.378441,0.0810945,0.0270315,0.108126,0.0810945,0,0,0,0,0,0,0,0,0
76276,76293,76284,13.9,-154.923,19.7089,158.346,-62.2817,357.028,1.60391,0.18141,7.07352,0.116975,3.03287e-05,0.926202,0.429216,0.0677709,0.112951,0.0225903,0.0225903,0.0225903,0,0,0,0,0,0,0,0
76294,76314,76304,14,-154.919,19.7098,155.91,-63.2707,356.928,1.34082,0.180944,8.69953,0.144236,4.90868e-05,0.787,0.233185,0.145741,0.0582963,0.0582963,0.0291482,0,0.0291482,0,0,0,0,0,0,0
76315,76330,76322,14.1,-154.915,19.7106,153.697,-63.6792,357.686,1.39963,0.16948,6.65613,0.117821,2.74438e-05,0.887569,0.136549,0.170686,0.0682746,0.102412,0.0341373,0,0,0,0,0,0,0,0,0
76339,76354,76346,14.2,-154.909,19.7113,150.984,-64.38,358.305,0.924687,0.0872785,2.66118,0.0914721,5.55689e-06,0.513715,0.308229,0.0513715,0.0513715,0,0,0,0,0,0,0,0,0,0,0
76370,76374,76372,14.3,-154.902,19.7119,147.934,-65.648,358.22,0.908968,0.110481,4.15972,0.112953,1.52542e-05,0.495801,0.165267,0.0826335,0.0826335,0.0826335,0,0,0,0,0,0,0,0,0,0
76375,76393,76384,14.4,-154.899,19.7121,146.253,-66.2025,358.428,1.18372,0.158752,7.15531,0.135217,3.81057e-05,0.676414,0.202924,0.135283,0.0676414,0.0338207,0.0338207,0.0338207,0,0,0,0,0,0,0,0
76394,76410,76402,14.5,-154.894,19.7123,143.623,-67.0867,358.746,0.726468,0.128912,7.86887,0.183122,5.65943e-05,0.393504,0.151348,0.0908085,0,0,0.0302695,0.0302695,0.0302695,0,0,0,0,0,0,0
76413,76431,76422,14.6,-154.889,19.7123,141.035,-67.5793,359.765,0.729087,0.0915118,3.64687,0.119554,1.50357e-05,0.416621,0.104155,0.0781164,0.0781164,0.0260388,0.0260388,0,0,0,0,0,0,0,0,0
76434,76452,76443,14.7,-154.883,19.7119,138.304,-68.0315,360.979,0.978351,0.136583,6.24962,0.137271,3.37935e-05,0.531105,0.167717,0.139764,0.0279529,0.0559058,0.0279529,0.0279529,0,0,0,0,0,0,0,0
76453,76466,76460,14.8,-154.879,19.7114,135.738,-68.5708,361.958,1.23792,0.161772,6.94747,0.128838,3.43855e-05,0.731501,0.168808,0.140673,0.0562693,0.112539,0,0.0281346,0,0,0,0,0,0,0,0
76467,76485,76476,14.9,-154.875,19.711,132.78,-69.0173,363.456,1.07646,0.11313,3.9758,0.105431,1.3113e-05,0.660557,0.220186,0.0978602,0.0733952,0,0.0244651,0,0,0,0,0,0,0,0,0
76488,76506,76497,15,-154.869,19.7104,130.679,-69.6331,364.01,1.03309,0.158615,9.44728,0.178683,6.10671e-05,0.528022,0.27549,0.114787,0.0229575,0.0459149,0,0.0229575,0,0.0229575,0,0,0,0,0,0
76507,76510,76508,15.1,-154.866,19.71,129.555,-70.135,364.005,0.917882,0.185932,12.648,0.204075,9.52614e-05,0.458941,0.183576,0.0917882,0.0917882,0,0,0,0.0917882,0,0,0,0,0,0,0
76523,76536,76530,15.2,-154.862,19.7092,126.536,-70.662,365.526,1.26168,0.135717,4.834,0.106854,1.62763e-05,0.890599,0.148433,0,0.148433,0.0742166,0,0,0,0,0,0,0,0,0,0
76538,76549,76544,15.3,-154.86,19.7091,124.69,-71.36,365.791,2.37012,0.37538,21.8785,0.174851,0.000138926,1.25477,0.418256,0.371783,0.0929458,0.0929458,0.0464729,0.0464729,0,0.0464729,0,0,0,0,0,0
76550,76560,76555,15.4,-154.858,19.7089,122.331,-72.0929,366.458,2.35725,0.252231,9.77883,0.116308,4.42683e-05,1.33935,0.803608,0.107148,0,0.0535738,0,0.0535738,0,0,0,0,0,0,0,0
76561,76572,76566,15.5,-154.856,19.7089,120.22,-72.5357,367.48,2.38046,0.297306,12.3576,0.124695,5.87731e-05,1.26958,0.528992,0.317395,0.0528992,0.158697,0,0.0528992,0,0,0,0,0,0,0,0
76573,76582,76578,15.6,-154.855,19.7092,118.268,-73.235,367.908,4.10462,0.480235,19.0021,0.118705,8.37406e-05,2.1145,1.11944,0.621913,0,0.124383,0.0621913,0.0621913,0,0,0,0,0,0,0,0
76584,76599,76592,15.7,-154.854,19.7097,115.758,-73.793,369.142,2.86067,0.353394,14.4762,0.12289,6.59283e-05,1.43033,0.865729,0.188202,0.188202,0.0752808,0.0752808,0.0376404,0,0,0,0,0,0,0,0
76602,76612,76607,15.8,-154.853,19.7105,113.754,-74.6057,369.474,3.86232,0.45816,18.2027,0.11919,7.80572e-05,2.36031,0.804651,0.16093,0.214574,0.16093,0.16093,0,0,0,0,0,0,0,0,0
76616,76630,76623,15.9,-154.851,19.7117,111.44,-75.2855,370.374,3.31076,0.364193,13.4968,0.111179,5.23372e-05,1.67245,1.09221,0.341316,0.0682631,0.0682631,0.0341316,0.0341316,0,0,0,0,0,0,0,0
76632,76648,76640,16,-154.85,19.7131,109.271,-76.2233,370.701,3.65423,0.584418,47.5737,0.244211,0.000145669,1.82712,0.913558,0.409526,0.252016,0.15751,0.031502,0.031502,0,0,0,0,0.031502,0,0,0
76651,76663,76657,16.1,-154.848,19.7145,107.28,-76.8375,371.484,2.40833,0.270556,10.7755,0.119482,4.94331e-05,1.36944,0.613888,0.330555,0,0,0.0472221,0.0472221,0,0,0,0,0,0,0,0
76664,76679,76672,16.2,-154.847,19.7159,105.349,-76.9375,373.233,2.61158,0.317884,13.517,0.127566,6.8503e-05,1.28205,0.807216,0.332383,0.0949666,0,0,0.0949666,0,0,0,0,0,0,0,0
76680,76688,76684,16.3,-154.846,19.717,103.376,-77.208,374.736,3.29904,0.333418,12.6305,0.113645,5.60621e-05,2.14821,0.920663,0.0767219,0.0767219,0,0,0.0767219,0,0,0,0,0,0,0,0
76691,76700,76696,16.4,-154.844,19.7179,101.064,-76.7957,377.96,5.58815,0.617724,25.1398,0.122092,0.000116471,3.63501,1.08508,0.488285,0.108508,0.108508,0.108508,0,0.0542539,0,0,0,0,0,0,0
