data/B2SAP/Locations/Hawaii/NOAA-POPS-B2SAP_GMLBalloon_20220504_R0.ict
61,1001
Thornberry, T. D.
NOAA Chemical Sciences Laboratory
Portable Optical Particle Spectrometer (POPS)
Balloon Baseline Stratospheric Aerosol Profiles (B2SAP)
1,1
2022,05,04,2024,05,28
0
TIME_START,s,Seconds since midnight UTC on flight start day,Start time of 100 m altitude bin in UTC_seconds_since_midnight
28
1.0,1.0,1.0,1.0,1.0,1.0,1.0,1.0,1.0,1.0,1.0,1.0,1.0,1.0,1.0,1.0,1.0,1.0,1.0,1.0,1.0,1.0,1.0,1.0,1.0,1.0,1.0,1.0
99999,99999,99999,99999,99999,99999,99999,99999,99999,99999,99999,99999,99999,99999,99999,99999,99999,99999,99999,99999,99999,99999,99999,99999,99999,99999,99999,99999
TIME_STOP,s,End time of 100 m altitude bin in UTC seconds since midnight,
TIME_MID,s,Mid time of 100 m altitude in UTC seconds since midnight,
GPSAlt,m,GPS reported altitude above sea level (m),
GPS_Lon,deg,GPS reported longitude,
GPS_Lat,deg,GPS reported latitude,
iMet_Pressure,mb,Pressure reported (mB),
iMet_Temperature,degrees C,Ambient temperature (oC),
THETA,K,Potential temperature from iMet,
Aerosol_concentration,cm^-3,Aerosol concentration,
Surface_Area_Conc,um^2 cm^-3,Surface area concentration,
Volume_density,um^3 cm^-3,Volume density,
Effective_radius,um,Effective radius,
Extinction,km^-1,Extinction,
Bin01,cm^-3,particle concentration in size range [140 - 170 nm],
Bin02,cm^-3,particle concentration in size range [170 - 205 nm],
Bin03,cm^-3,particle concentration in size range [205 - 249 nm],
Bin04,cm^-3,particle concentration in size range [249 - 302 nm],
Bin05,cm^-3,particle concentration in size range [302 - 366 nm],
Bin06,cm^-3,particle concentration in size range [366 - 443 nm],
Bin07,cm^-3,particle concentration in size range [443 - 537 nm],
Bin08,cm^-3,particle concentration in size range [537 - 651 nm],
Bin09,cm^-3,particle concentration in size range [651 - 789 nm],
Bin10,cm^-3,particle concentration in size range [789 - 956 nm],
Bin11,cm^-3,particle concentration in size range [956 - 1159 nm],
Bin12,cm^-3,particle concentration in size range [1159 - 1404 nm],
Bin13,cm^-3,particle concentration in size range [1404 - 1702 nm],
Bin14,cm^-3,particle concentration in size range [1702 - 2062 nm],
Bin15,cm^-3,particle concentration in size range [2062 - 2500 nm],
0
19
PI_CONTACT_INFO: 325 Broadway R/CSL6, Boulder, CO 80305; troy.thornberry@noaa.gov; 303-497-3373 
PLATFORM: GML ECC/FPH balloon
LOCATION: Hilo, HI, USA
ASSOCIATED_DATA: N/A
INSTRUMENT_INFO: Printed Optical Particle Spectrometer counts particles from 140 - 2500 nm in diameter 
DATA_INFO: Particle concentrations reported in number per cubic centimeter, binned to 100 m altitude
UNCERTAINTY: Counting uncertainty dominated by air flow, less than 5 percent
ULOD_FLAG: -77777
ULOD_VALUE: 3000 ~3000 per cm3 (varies depending on flow rate- manufacturer quotes 1250  per cm3 at 1.667 cc/s)
LLOD_FLAG: -88888
LLOD_VALUE: 0 0 (varies depending on data field and measurement precision)
DM_CONTACT_INFO: Troy Thornberry, 325 Broadway R/CSL6, Boulder, CO 80305; troy.thornberry@noaa.gov; 303-497-3373
PROJECT_INFO: B2SAP Hilo, HI, USA
STIPULATIONS_ON_USE: Please contact the PIs for questions regarding applications and uncertainties
OTHER_COMMENTS: POPS bin Edges (nm):  140, 170, 205, 249, 302, 366, 443, 537, 651, 789, 956, 1159, 1404, 1702, 2062, 2500
Calculations assume sulfate refractive index of 1.45+0.00j and extinction wavelength = 532 nm
REVISION: R0
R0: QA/QC data
TIME_START,TIME_STOP,TIME_MID,GPSAlt,GPS_Lon,GPS_Lat,iMet_Pressure,iMet_Temperature,THETA,Aerosol_concentration,Surface_Area_Conc,Volume_density,Effective_radius,Extinction,Bin01,Bin02,Bin03,Bin04,Bin05,Bin06,Bin07,Bin08,Bin09,Bin10,Bin11,Bin12,Bin13,Bin14,Bin15
[from data line 392]
91222,91264,91243,10.2,-154.944,20.2557,279.243,-40.0493,335.607,19.1167,2.93056,215.284,0.220385,0.000863117,9.33376,4.58968,2.25975,1.13689,0.912323,0.407036,0.29475,0.112286,0.0280715,0.0280715,0,0,0,0,0.0140357
91266,91298,91282,10.1,-154.939,20.2615,283.384,-39.2436,335.358,19.5684,2.71182,138.684,0.153422,0.000682763,10.1565,4.62005,2.08093,0.992737,0.897282,0.34364,0.324549,0.0954555,0.0381822,0,0,0.0190911,0,0,0
91300,91333,91316,10,-154.933,20.267,287.571,-38.0685,335.637,18.038,2.87424,221.475,0.231166,0.000864296,8.95459,3.80087,2.10981,1.1918,1.04685,0.467056,0.354318,0.0161054,0.0805269,0,0,0,0,0,0.0161054
91334,91364,91349,9.9,-154.929,20.2718,291.407,-37.445,335.248,19.7925,3.08251,196.645,0.191382,0.000879055,9.58424,4.73612,2.38406,1.26403,0.864021,0.432011,0.288007,0.128003,0.0320008,0.0160004,0.0320008,0.0160004,0.0160004,0,0
91366,91391,91378,9.8,-154.925,20.2767,295.785,-36.9564,334.516,24.2583,3.86157,237.339,0.184386,0.00109931,10.6518,5.68348,3.27459,1.76903,1.5432,0.639862,0.508126,0.150556,0.0188195,0,0,0,0,0.0188195,0
91393,91423,91408,9.7,-154.921,20.2817,299.893,-36.6083,333.694,21.1913,3.10408,175.554,0.169667,0.000793014,10.5235,4.45848,2.77978,1.5343,1.11913,0.32491,0.306859,0.0541516,0.0180505,0.0361011,0.0180505,0,0.0180505,0,0
91424,91458,91441,9.6,-154.916,20.2877,304.343,-35.2396,334.219,16.4688,2.27354,115.497,0.152402,0.000577338,8.84411,3.46713,1.71887,1.05777,0.734561,0.279133,0.235059,0.0587648,0.0587648,0,0.0146912,0,0,0,0
91459,91493,91476,9.5,-154.911,20.294,308.747,-34.315,334.133,15.3503,2.43324,221.405,0.272975,0.000736624,8.15191,3.27198,1.60795,0.953549,0.747882,0.299153,0.112182,0.149576,0.018697,0,0.018697,0,0,0,0.018697
91494,91528,91511,9.4,-154.905,20.3,313.085,-33.53,333.901,13.8811,1.90245,101.643,0.160282,0.000494516,7.74068,2.90275,1.52581,0.614044,0.539615,0.204681,0.186074,0.130252,0.0186074,0,0,0.0186074,0,0,0
91530,91561,91546,9.3,-154.9,20.3065,317.876,-32.491,333.901,14.1008,2.03339,119.324,0.176047,0.000633263,8.05176,2.86103,1.49182,0.490463,0.633514,0.143052,0.183923,0.10218,0.122616,0,0,0.0204359,0,0,0
91562,91594,91578,9.2,-154.895,20.3121,322.06,-31.6185,333.864,9.64347,1.30342,73.1445,0.168353,0.000351312,5.36418,2.21499,0.904076,0.647921,0.195883,0.0904076,0.105475,0.0602717,0.0301359,0.0150679,0.0150679,0,0,0,0
91595,91629,91612,9.1,-154.89,20.3181,326.493,-30.7829,333.704,9.65216,1.36739,72.7361,0.15958,0.000410253,5.16143,2.15789,1.0352,0.48115,0.437409,0.116642,0.131223,0.0583212,0.0437409,0.0291606,0,0,0,0,0
91631,91662,91646,9,-154.885,20.3238,330.957,-30.2289,333.175,12.3685,1.87876,122.411,0.195466,0.000575606,7.02515,2.42687,1.17086,0.659938,0.489632,0.170307,0.298037,0.0425767,0.0212883,0.0212883,0.0425767,0,0,0,0
91663,91697,91680,8.9,-154.88,20.3296,335.576,-28.9485,333.61,14.054,1.79865,83.0557,0.13853,0.000440435,8.06244,3.05609,1.30688,0.542857,0.583069,0.221164,0.160847,0.0603175,0.0603175,0,0,0,0,0,0
91700,91734,91717,8.8,-154.875,20.3356,340.377,-28.5272,332.836,21.1914,3.37645,244.33,0.217088,0.00102472,10.5845,4.53304,2.41167,1.63011,1.04952,0.424275,0.312624,0.133982,0.0446605,0.0223303,0,0.0223303,0,0.0223303,0
91736,91773,91754,8.7,-154.87,20.3411,344.951,-27.31,333.209,27.7227,4.43864,270.224,0.18264,0.00129656,12.4524,6.16907,3.48438,2.38004,1.73267,0.723533,0.476009,0.228484,0.057121,0,0,0,0,0.0190403,0
91775,91814,91794,8.6,-154.865,20.347,349.974,-26.8975,332.395,18.6579,2.73366,145.989,0.160213,0.000767406,9.67815,3.87459,2.16179,0.997748,1.11415,0.315953,0.349212,0.0665165,0.0665165,0.0166291,0.0166291,0,0,0,0
91815,91854,91834,8.5,-154.86,20.3526,354.846,-25.8243,332.531,19.9125,2.7749,130.86,0.141475,0.000717812,10.1641,4.6475,2.04037,1.07686,1.13354,0.358954,0.2456,0.226707,0.0188923,0,0,0,0,0,0
91857,91898,91878,8.4,-154.855,20.358,359.627,-25.1324,332.192,20.9648,3.18109,217.726,0.205331,0.000915067,10.5951,4.86549,2.27307,1.33378,1.01443,0.300571,0.394499,0.112714,0.0187857,0.0187857,0,0.0187857,0,0.0187857,0
91902,91939,91920,8.3,-154.85,20.3634,364.606,-24.3163,331.969,21.6761,3.22301,252.135,0.234689,0.000889131,10.89,5.17484,2.61859,1.14304,0.976777,0.311737,0.41565,0.124695,0,0,0,0,0,0,0.0207825
91941,91980,91960,8.2,-154.845,20.3682,369.637,-23.506,331.751,22.6948,3.42263,194.759,0.17071,0.000956107,11.5838,4.96448,2.38374,1.45782,1.06382,0.531908,0.492508,0.157602,0.0197003,0,0.0197003,0,0.0197003,0,0
91984,92022,92003,8.1,-154.84,20.3728,374.685,-22.7615,331.456,24.5563,3.80603,217.384,0.171347,0.00103063,10.7899,5.97262,3.46608,1.82116,1.35118,0.489559,0.489559,0.0783294,0.0195824,0.0391647,0,0.0195824,0.0195824,0,0
92024,92063,92044,8,-154.835,20.3771,379.477,-21.9505,331.328,21.6607,3.07218,162.71,0.158887,0.000702514,10.346,5.3791,2.47315,1.52511,1.15414,0.370972,0.309143,0.0618287,0,0,0.0206096,0.0206096,0,0,0
92064,92107,92086,7.9,-154.83,20.3813,384.465,-21.2021,331.072,21.2033,3.24298,182.952,0.169244,0.000888182,9.62894,4.92073,3.23689,1.32418,1.04627,0.474091,0.392351,0.0817398,0.0490439,0.016348,0.016348,0,0.016348,0,0
92109,92149,92129,7.8,-154.824,20.3854,389.98,-20.591,330.526,16.684,2.63785,199.069,0.226399,0.000759003,7.8415,4.09686,2.02062,1.26057,0.926891,0.185378,0.16684,0.0741513,0.0556135,0,0.0370756,0,0,0.0185378,0
92150,92191,92170,7.7,-154.819,20.3894,395.241,-19.963,330.084,18.9858,2.95706,169.842,0.172308,0.000904452,8.88204,4.65434,2.15263,1.3963,0.989048,0.232717,0.446041,0.135752,0.0193931,0.0581793,0,0.0193931,0,0,0
92192,92231,92212,7.6,-154.814,20.3931,400.654,-19.3372,329.619,18.6748,2.71829,145.904,0.161024,0.000711461,8.79954,4.69022,2.34511,1.09725,0.968165,0.344236,0.279692,0.0645443,0.0430296,0.0215148,0,0.0215148,0,0,0
92233,92271,92252,7.5,-154.808,20.3966,405.989,-18.5376,329.409,23.0959,3.60836,192.348,0.159919,0.000936901,9.79827,5.65426,3.03894,1.91545,1.39975,0.663041,0.534116,0.0552534,0,0,0.0368356,0,0,0,0
92273,92308,92290,7.4,-154.803,20.3998,411.447,-17.6717,329.265,26.7827,4.36429,233.588,0.160567,0.00122606,10.5378,6.62621,4.03985,2.15886,1.77411,0.812245,0.598496,0.170999,0.0427497,0,0,0,0.0213749,0,0
92310,92349,92330,7.3,-154.798,20.4026,416.792,-16.8496,329.111,26.5857,5.04395,374.111,0.22251,0.00173111,9.66298,6.20834,4.23903,2.43661,2.31978,0.634185,0.784387,0.116824,0.0834454,0.0500673,0,0.0166891,0,0.0333782,0
92354,92390,92372,7.2,-154.794,20.4055,422.526,-16.2871,328.551,33.0042,6.7994,605.437,0.267128,0.00238313,11.209,7.93053,5.73269,2.89382,3.29675,0.915765,0.494513,0.146522,0.128207,0.0915765,0.0366306,0.0549459,0.0366306,0.0183153,0.0183153
92394,92429,92412,7.1,-154.79,20.4081,428.078,-15.4168,328.44,47.9898,8.84055,530.614,0.180061,0.00279055,15.4883,11.6363,8.80749,4.95547,3.77177,1.6652,1.04326,0.341065,0.100313,0.100313,0.0200626,0.0401253,0.0200626,0,0
92431,92467,92449,7,-154.787,20.4105,433.619,-14.6433,328.209,62.4867,13.0667,1084.49,0.248989,0.00451839,19.1043,14.9273,10.2837,7.294,6.1066,2.35359,1.56906,0.42407,0.127221,0.084814,0.0212035,0.0636105,0.0636105,0.0212035,0.042407
92471,92509,92490,6.9,-154.784,20.4126,439.361,-14.0605,327.716,61.4377,13.0872,1151.54,0.263968,0.00464039,18.8799,14.7056,9.82103,7.46537,5.83719,2.3037,1.6455,0.3291,0.155889,0.0692842,0.0346421,0.0519631,0.0346421,0.0692842,0.0346421
92511,92551,92531,6.8,-154.78,20.4147,445.029,-13.4445,327.297,54.5091,10.8024,760.542,0.211216,0.00353001,16.1171,12.7801,10.1828,6.62228,5.19462,1.49646,1.34166,0.412818,0.154807,0.0516022,0.0516022,0.0344015,0.0516022,0,0.0172007
92553,92593,92573,6.7,-154.777,20.4164,451.096,-12.7248,326.94,44.3396,8.24574,480.902,0.174964,0.00265313,13.7773,10.9498,7.79815,5.00666,3.78201,1.15261,1.33271,0.306163,0.0900479,0.0900479,0.0180096,0.0360192,0,0,0
92594,92630,92612,6.6,-154.773,20.4178,456.709,-12.3584,326.246,26.6604,5.00905,437.663,0.262123,0.00144851,8.80674,6.54501,4.60352,3.10237,2.4819,0.64049,0.30023,0.060046,0.0200153,0,0,0.0400306,0.0200153,0.0200153,0.0200153
92632,92668,92650,6.5,-154.77,20.4191,462.784,-11.9647,325.5,21.8445,4.03349,255.987,0.190396,0.00121394,6.93163,5.20862,4.29761,2.33695,1.76261,0.59414,0.455507,0.118828,0.059414,0.0198047,0,0.0198047,0.0396093,0,0
92673,92698,92686,6.4,-154.768,20.4208,468.876,-11.4133,324.972,33.3737,7.79782,865.578,0.333008,0.00306995,10.7974,8.53218,5.33576,3.3726,2.99507,1.03192,0.679554,0.201349,0.0503373,0.125843,0.100675,0.0503373,0,0.075506,0.0251687
92700,92726,92713,6.3,-154.767,20.4225,474.193,-10.46,325.109,49.52,10.0215,718.613,0.215121,0.00337856,15.5996,11.6121,9.32205,5.22681,4.12218,1.64348,1.23935,0.269423,0.134712,0.107769,0.080827,0.107769,0.0538847,0,0
92731,92760,92746,6.2,-154.765,20.4245,480.78,-10.0275,324.366,69.8886,14.6096,1282.75,0.263404,0.00501173,21.5259,16.8494,12.1024,7.77845,6.60346,2.42049,1.59799,0.516997,0.187999,0.0469997,0,0.0469997,0.140999,0,0.0704996
92762,92793,92778,6.1,-154.764,20.4265,487.182,-9.24353,324.105,67.1336,12.8831,846.205,0.19705,0.00422794,20.2326,16.4859,11.7032,7.69193,6.5679,1.78523,1.69707,0.595078,0.220399,0.0661197,0.0440798,0,0.0220399,0,0.0220399
92796,92823,92810,6,-154.764,20.4284,493.699,-8.95867,323.218,59.0334,12.3865,990.576,0.239916,0.00441326,17.9032,14.8079,10.5735,6.01725,5.20009,1.98099,1.5105,0.470484,0.148574,0.173336,0.0495247,0.0495247,0.123812,0,0.0247623
92826,92854,92840,5.9,-154.764,20.4298,499.741,-8.43733,322.735,52.9073,11.3506,1066.63,0.281913,0.00402194,16.6984,13.09,9.70549,5.49978,4.35503,1.5927,1.02032,0.323516,0.223973,0.0746576,0.0497717,0.124429,0.0995435,0,0.0497717
92855,92881,92868,5.8,-154.764,20.4313,506.151,-7.74714,322.403,45.5331,11.2971,1439.73,0.382326,0.00458409,14.6744,11.3899,6.75448,5.27114,3.99971,1.24494,1.24494,0.42381,0.105953,0.105953,0.0264881,0.0529763,0.105953,0,0.132441
92885,92907,92896,5.7,-154.763,20.4332,512.658,-7.35615,321.704,33.4011,8.15307,1005.04,0.369813,0.00331183,10.6587,7.92278,6.29833,3.7049,2.53643,0.826477,0.71248,0.227994,0.170995,0.0854976,0.0284992,0.0569984,0.0569984,0.0569984,0.0569984
92912,92934,92923,5.6,-154.763,20.435,519.738,-6.91923,320.972,38.4103,7.83494,695.895,0.266458,0.0028225,13.3564,9.49532,7.06429,3.11744,2.97444,0.829411,0.886612,0.200203,0.200203,0.0858011,0.0572007,0.0858011,0.0286004,0,0.0286004
92938,92958,92948,5.5,-154.763,20.4364,525.915,-6.43909,320.46,28.5033,5.70634,497.849,0.261735,0.00198286,10.4535,7.05861,4.77297,2.48732,1.94952,0.739474,0.638636,0.0672249,0.100837,0.0672249,0,0.100837,0.0336124,0.0336124,0
92960,92984,92972,5.4,-154.762,20.4377,532.633,-5.94077,319.899,26.1723,4.73403,355.418,0.225232,0.00147287,10.605,6.49346,4.11158,1.95655,1.4745,0.79396,0.453692,0.0283557,0.0283557,0.0850672,0.0283557,0.0567115,0.0567115,0,0
92986,93006,92996,5.3,-154.763,20.439,539.388,-5.23714,319.591,25.202,5.06467,458.162,0.271387,0.00186558,8.93068,6.81064,3.73658,2.54405,1.59003,0.530011,0.662513,0.159003,0.0530011,0.0795016,0.0265005,0.0265005,0,0.0530011,0
93009,93034,93022,5.2,-154.763,20.44,546.079,-4.626,319.196,27.8429,6.2079,638.174,0.308401,0.00236275,10.4869,6.84461,3.88676,2.76229,2.00449,0.611126,0.586681,0.220005,0.122225,0.0733351,0.04889,0.0733351,0.0977801,0,0.024445
93036,93058,93047,5.1,-154.762,20.441,553.179,-4.20583,318.515,24.8167,4.8922,481.745,0.295416,0.00163762,9.3984,6.23488,3.99278,2.08853,1.75068,0.614274,0.307137,0.24571,0.0307137,0,0.0614274,0.0614274,0,0,0.0307137
93063,93087,93075,5,-154.762,20.4421,559.807,-3.83769,317.866,37.3462,7.60034,666.656,0.263142,0.00276978,13.5675,9.75608,6.14377,3.12877,2.70212,0.597311,0.625755,0.227547,0.255991,0.0853302,0.113774,0.0284434,0.0853302,0.0284434,0
93089,93114,93102,4.9,-154.762,20.4436,567.342,-3.72214,316.794,42.8481,11.1376,1401.8,0.377586,0.00469912,15.4169,10.7055,7.56451,2.8007,3.08862,0.889943,1.02082,0.523496,0.104699,0.157049,0.0785244,0.209398,0.183224,0.0523496,0.0523496
93115,93139,93127,4.8,-154.762,20.4451,574.732,-3.19692,316.237,33.7132,7.76265,950.925,0.3675,0.00301862,13.7698,8.33583,5.20634,2.47514,2.07684,0.455199,0.625898,0.227599,0.0568998,0.0853498,0.0853498,0.1138,0.1138,0.0568998,0.0284499
93140,93165,93152,4.7,-154.762,20.4469,582.077,-2.76938,315.589,18.6138,3.93946,409.398,0.311767,0.00150567,8.42325,4.47557,2.24926,1.35415,1.05577,0.344274,0.298371,0.0688549,0.0688549,0.0918065,0.0229516,0.0688549,0.0688549,0.0229516,0
93168,93190,93179,4.6,-154.762,20.449,588.942,-2.08167,315.337,17.873,2.45527,109.795,0.134154,0.000567624,8.84532,4.0731,2.03655,1.18546,1.03347,0.24317,0.395152,0.0607926,0,0,0,0,0,0,0
93195,93219,93207,4.5,-154.761,20.4513,596.177,-1.25533,315.199,17.4984,2.94344,228.081,0.232463,0.000932603,8.78549,3.9692,2.20242,1.04071,0.798681,0.19362,0.169417,0.121012,0.0968098,0,0.0726074,0.0484049,0,0,0
93222,93246,93234,4.4,-154.761,20.4536,603.979,-0.504667,314.891,17.1264,2.99123,307.829,0.308731,0.00108367,8.95025,3.72524,2.08033,0.749885,0.919214,0.217709,0.193519,0.0967594,0.0725696,0.0725696,0,0,0.0241899,0,0.0241899
93247,93270,93258,4.3,-154.76,20.4556,611.869,0.213333,314.555,14.8221,2.10813,119.431,0.169957,0.000563317,7.69899,3.18265,1.97021,0.788085,0.757774,0.0909329,0.121244,0.121244,0.0606219,0,0.030311,0,0,0,0
93275,93293,93284,4.2,-154.76,20.4575,619.569,0.794167,314.102,12.5422,2.06853,249.977,0.362541,0.000680574,6.82754,2.67688,1.47379,0.751932,0.421082,0.180464,0.0601546,0.0601546,0.0601546,0,0,0,0,0,0.0300773
93298,93315,93306,4.1,-154.759,20.459,626.908,1.571,313.927,15.3422,3.38639,379.956,0.336603,0.00146283,7.83278,3.01814,1.61686,1.22163,0.754534,0.107791,0.287441,0.179651,0.107791,0.0718604,0.0359302,0.0359302,0.0359302,0.0359302,0
93317,93337,93327,4,-154.758,20.4602,633.96,2.37091,313.84,16.5918,3.90983,461.806,0.354343,0.00160028,8.19716,3.29203,2.00814,1.11929,0.987609,0.230442,0.263362,0.0987609,0.0987609,0.0329203,0.0987609,0.131681,0,0.0329203,0
93339,93363,93351,3.9,-154.757,20.4615,642.094,2.79357,313.182,14.6581,2.91172,294.439,0.303367,0.000988482,7.85715,3.19438,1.41686,0.772834,0.540984,0.386417,0.154567,0.128806,0,0,0.0772834,0.0772834,0.0515223,0,0
93364,93385,93374,3.8,-154.757,20.4628,650.309,3.5275,312.872,14.2037,3.07202,364.554,0.356007,0.00125157,7.60701,3.26864,1.33717,0.713157,0.416008,0.297149,0.148574,0.11886,0.0594298,0.0594298,0,0.11886,0.0297149,0.0297149,0
93387,93407,93397,3.7,-154.756,20.4641,658.678,3.98636,312.248,16.3017,2.457,225.853,0.275767,0.000671648,9.21259,3.62623,1.50276,0.849387,0.588037,0.294019,0.130675,0.0326687,0,0,0,0,0.0326687,0.0326687,0
93410,93429,93420,3.6,-154.755,20.4656,666.946,4.59273,311.821,21.7401,3.06914,203.081,0.198506,0.000814582,12.827,4.44011,1.80893,1.18403,0.657794,0.460456,0.131559,0.0328897,0.131559,0,0,0,0.0657794,0,0
93434,93450,93442,3.5,-154.755,20.4674,675.281,5.282,311.487,22.8705,2.98233,151.734,0.152633,0.000630558,11.7385,5.92279,2.53324,1.10606,0.963345,0.249756,0.178397,0.142718,0,0,0,0.0356795,0,0,0
93453,93474,93464,3.4,-154.754,20.4692,683.789,6.29077,311.495,23.8401,3.09582,171.319,0.166016,0.000664115,13.0586,5.23989,2.93544,1.39913,0.630982,0.246906,0.219472,0,0.027434,0.027434,0.027434,0.027434,0,0,0
93475,93495,93485,3.3,-154.754,20.471,691.815,7.07364,311.331,21.6792,2.85797,148.935,0.156337,0.000675194,11.9219,4.71708,2.5847,0.904645,0.904645,0.323088,0.0969263,0.129235,0.0646175,0,0.0323088,0,0,0,0
93497,93518,93508,3.2,-154.754,20.4727,699.907,7.95273,311.275,23.834,3.38067,204.403,0.181387,0.000901023,12.69,5.41096,2.70548,1.54599,0.67637,0.193249,0.354289,0.128832,0.0322081,0.0322081,0.0322081,0.0322081,0,0,0
93519,93541,93530,3.1,-154.754,20.4746,708.404,8.855,311.194,22.3769,2.97936,178.711,0.17995,0.00070787,12.6183,5.48366,1.9753,0.943426,0.619123,0.294821,0.294821,0.0294821,0.0589641,0,0,0.0294821,0.0294821,0,0
93543,93564,93554,3,-154.753,20.4766,717.029,9.41167,310.732,21.9209,2.71889,135.128,0.149099,0.000595803,13.0348,4.85496,1.70659,1.02984,0.617904,0.235392,0.353088,0.029424,0.029424,0,0.029424,0,0,0,0
