data/B2SAP/Locations/Hawaii/NOAA-POPS-B2SAP_GMLBalloon_20220601_R0.ict
61,1001
Thornberry, T. D.
NOAA Chemical Sciences Laboratory
Portable Optical Particle Spectrometer (POPS)
Balloon Baseline Stratospheric Aerosol Profiles (B2SAP)
1,1
2022,06,01,2024,05,28
0
TIME_START,s,Seconds since midnight UTC on flight start day,Start time of 100 m altitude bin in UTC_seconds_since_midnight
28
1.0,1.0,1.0,1.0,1.0,1.0,1.0,1.0,1.0,1.0,1.0,1.0,1.0,1.0,1.0,1.0,1.0,1.0,1.0,1.0,1.0,1.0,1.0,1.0,1.0,1.0,1.0,1.0
99999,99999,99999,99999,99999,99999,99999,99999,99999,99999,99999,99999,99999,99999,99999,99999,99999,99999,99999,99999,99999,99999,99999,99999,99999,99999,99999,99999
TIME_STOP,s,End time of 100 m altitude bin in UTC seconds since midnight,
TIME_MID,s,Mid time of 100 m altitude in UTC seconds since midnight,
GPSAlt,m,GPS reported altitude above sea level (m),
GPS_Lon,deg,GPS reported longitude,
GPS_Lat,deg,GPS reported latitude,
iMet_Pressure,mb,Pressure reported (mB),
iMet_Temperature,degrees C,Ambient temperature (oC),
THETA,K,Potential temperature from iMet,
Aerosol_concentration,cm^-3,Aerosol concentration,
Surface_Area_Conc,um^2 cm^-3,Surface area concentration,
Volume_density,um^3 cm^-3,Volume density,
Effective_radius,um,Effective radius,
Extinction,km^-1,Extinction,
Bin01,cm^-3,particle concentration in size range [140 - 170 nm],
Bin02,cm^-3,particle concentration in size range [170 - 205 nm],
Bin03,cm^-3,particle concentration in size range [205 - 249 nm],
Bin04,cm^-3,particle concentration in size range [249 - 302 nm],
Bin05,cm^-3,particle concentration in size range [302 - 366 nm],
Bin06,cm^-3,particle concentration in size range [366 - 443 nm],
Bin07,cm^-3,particle concentration in size range [443 - 537 nm],
Bin08,cm^-3,particle concentration in size range [537 - 651 nm],
Bin09,cm^-3,particle concentration in size range [651 - 789 nm],
Bin10,cm^-3,particle concentration in size range [789 - 956 nm],
Bin11,cm^-3,particle concentration in size range [956 - 1159 nm],
Bin12,cm^-3,particle concentration in size range [1159 - 1404 nm],
Bin13,cm^-3,particle concentration in size range [1404 - 1702 nm],
Bin14,cm^-3,particle concentration in size range [1702 - 2062 nm],
Bin15,cm^-3,particle concentration in size range [2062 - 2500 nm],
0
19
PI_CONTACT_INFO: 325 Broadway R/CSL6, Boulder, CO 80305; troy.thornberry@noaa.gov; 303-497-3373 
PLATFORM: GML ECC/FPH balloon
LOCATION: Hilo, HI, USA
ASSOCIATED_DATA: N/A
INSTRUMENT_INFO: Printed Optical Particle Spectrometer counts particles from 140 - 2500 nm in diameter 
DATA_INFO: Particle concentrations reported in number per cubic centimeter, binned to 100 m altitude
UNCERTAINTY: Counting uncertainty dominated by air flow, less than 5 percent
ULOD_FLAG: -77777
ULOD_VALUE: 3000 ~3000 per cm3 (varies depending on flow rate- manufacturer quotes 1250  per cm3 at 1.667 cc/s)
LLOD_FLAG: -88888
LLOD_VALUE: 0 0 (varies depending on data field and measurement precision)
DM_CONTACT_INFO: Troy Thornberry, 325 Broadway R/CSL6, Boulder, CO 80305; troy.thornberry@noaa.gov; 303-497-3373
PROJECT_INFO: B2SAP Hilo, HI, USA
STIPULATIONS_ON_USE: Please contact the PIs for questions regarding applications and uncertainties
OTHER_COMMENTS: POPS bin Edges (nm):  140, 170, 205, 249, 302, 366, 443, 537, 651, 789, 956, 1159, 1404, 1702, 2062, 2500
Calculations assume sulfate refractive index of 1.45+0.00j and extinction wavelength = 532 nm
REVISION: R0
R0: QA/QC data
TIME_START,TIME_STOP,TIME_MID,GPSAlt,GPS_Lon,GPS_Lat,iMet_Pressure,iMet_Temperature,THETA,Aerosol_concentration,Surface_Area_Conc,Volume_density,Effective_radius,Extinction,Bin01,Bin02,Bin03,Bin04,Bin05,Bin06,Bin07,Bin08,Bin09,Bin10,Bin11,Bin12,Bin13,Bin14,Bin15
[from data line 75]
70295,70312,70304,7.6,-155.123,19.7202,402.335,-18.7094,330.034,10.1755,1.69798,102.489,0.181078,0.000527981,4.30416,2.45006,1.58923,0.640106,0.573888,0.220726,0.264871,0.0662178,0.0441452,0,0,0.0220726,0,0,0
70313,70328,70320,7.7,-155.124,19.7197,397.343,-19.5433,330.125,9.14214,1.51175,80.1116,0.158978,0.000484712,3.97137,2.18559,0.959525,0.772951,0.639684,0.266535,0.213228,0.0799604,0.053307,0,0,0,0,0,0
70329,70344,70336,7.8,-155.125,19.7192,392.112,-20.4357,330.222,8.7085,1.20716,56.755,0.141046,0.000310278,4.33988,2.06935,1.14964,0.344891,0.373632,0.172446,0.229927,0,0.0287409,0,0,0,0,0,0
70345,70362,70354,7.9,-155.126,19.7184,386.478,-21.4159,330.301,6.08426,1.0679,72.7562,0.20439,0.000348379,2.88825,1.06534,0.828595,0.615528,0.307764,0.165719,0.142045,0.0236741,0,0.0236741,0.0236741,0,0,0,0
70363,70380,70372,8,-155.127,19.7175,381.415,-22.2012,330.511,4.4471,0.639719,34.1429,0.160115,0.000182276,2.2472,0.851572,0.685989,0.378477,0.118274,0.0473096,0.0709644,0.0236548,0,0.0236548,0,0,0,0,0
70381,70396,70388,8.1,-155.128,19.7172,376.443,-22.9793,330.72,4.07149,0.630457,34.1222,0.162369,0.000212309,2.25003,0.642867,0.508936,0.267861,0.107144,0.133931,0.0803583,0.0535722,0.0267861,0,0,0,0,0,0
70398,70413,70406,8.2,-155.129,19.7163,371.142,-23.9331,330.801,2.86395,0.368211,16.3652,0.133335,8.41193e-05,1.78369,0.452202,0.150734,0.226101,0.150734,0.0502446,0.0251223,0.0251223,0,0,0,0,0,0,0
70414,70426,70420,8.3,-155.13,19.7157,365.994,-24.7525,331.035,2.06002,0.327013,22.8953,0.21004,0.00013175,1.3846,0.303937,0.0675415,0.0675415,0.101312,0.101312,0,0,0,0.0337708,0,0,0,0,0
70428,70444,70436,8.4,-155.131,19.715,360.754,-25.6031,331.26,2.6692,0.401252,23.9231,0.178864,0.000131126,1.51426,0.487642,0.256654,0.128327,0.153992,0.0769961,0.0256654,0,0,0.0256654,0,0,0,0,0
70445,70460,70452,8.5,-155.131,19.7145,355.993,-26.2893,331.595,3.46599,0.447968,23.2314,0.155578,0.000138436,2.23788,0.627699,0.300204,0.109165,0.0272913,0.0818738,0,0.0545825,0.0272913,0,0,0,0,0,0
70461,70475,70468,8.6,-155.132,19.7141,351.619,-26.7753,332.113,2.83691,0.600825,57.4873,0.287042,0.000277866,1.50029,0.600115,0.354613,0.0818338,0.109112,0.0272779,0.0545559,0.0272779,0.0272779,0.0272779,0.0272779,0,0,0,0
70476,70490,70483,8.7,-155.132,19.7139,346.636,-26.94,333.255,2.23829,0.257004,10.1579,0.118573,4.47184e-05,1.4467,0.354851,0.191074,0.0818887,0.109185,0.0272962,0.0272962,0,0,0,0,0,0,0,0
70491,70508,70500,8.8,-155.133,19.7139,341.786,-27.155,334.304,1.85108,0.237226,11.1318,0.140775,6.30405e-05,1.18835,0.388498,0.0457057,0.0457057,0.0914114,0.0457057,0.0228528,0.0228528,0,0,0,0,0,0,0
70509,70524,70516,8.9,-155.134,19.7138,337.144,-27.82,334.702,2.09347,0.338763,20.3851,0.180525,0.000138783,1.27783,0.353442,0.108752,0.163127,0.0271879,0.0271879,0.0815636,0.0271879,0.0271879,0,0,0,0,0,0
70525,70542,70534,9,-155.135,19.7136,332.199,-28.7041,334.905,2.12287,0.438879,44.0001,0.300767,0.00017481,1.27855,0.313606,0.144741,0.168865,0.0723707,0.0723707,0.0241236,0,0,0.0241236,0,0.0241236,0,0,0
70543,70559,70551,9.1,-155.136,19.7138,327.664,-29.5129,335.119,1.91207,0.266215,12.2887,0.138482,6.68933e-05,1.21017,0.193628,0.145221,0.145221,0.0968139,0.0726104,0.0484069,0,0,0,0,0,0,0,0
70560,70574,70567,9.2,-155.137,19.7138,323.472,-30.3483,335.198,1.55823,0.208455,9.63509,0.138664,5.43111e-05,0.934938,0.242391,0.173137,0.0692547,0.0692547,0,0.0692547,0,0,0,0,0,0,0,0
70575,70591,70583,9.3,-155.138,19.714,318.959,-31.2465,335.298,1.87703,0.330517,24.057,0.218358,0.000159529,1.29198,0.195016,0.146262,0.0487539,0.024377,0.0487539,0.0487539,0.0487539,0,0.024377,0,0,0,0,0
70592,70609,70600,9.4,-155.139,19.7141,314.285,-32.1182,335.499,1.91127,0.35258,24.5586,0.208962,0.000157252,1.07815,0.294041,0.171524,0.147021,0.0490069,0.0490069,0.0735103,0.0245034,0,0.0245034,0,0,0,0,0
70610,70623,70616,9.5,-155.14,19.7145,310.062,-32.8808,335.742,1.61786,0.257067,15.4533,0.180341,0.000100379,1.03268,0.206535,0.0344226,0.206535,0.0344226,0.0344226,0.0344226,0,0.0344226,0,0,0,0,0,0
70625,70641,70633,9.6,-155.141,19.7146,305.415,-33.606,336.172,1.92385,0.220131,8.59868,0.117185,3.5779e-05,1.28257,0.306701,0.0557638,0.167291,0.0278819,0.0836457,0,0,0,0,0,0,0,0,0
70643,70656,70650,9.7,-155.142,19.7147,301.191,-34.4036,336.385,1.99273,0.246545,12.0657,0.146817,7.37855e-05,1.50964,0.120771,0.21135,0.0301929,0.0301929,0,0.0603857,0.0301929,0,0,0,0,0,0,0
70658,70672,70665,9.8,-155.142,19.7149,296.893,-35.3286,336.459,1.84448,0.268245,19.9587,0.223214,0.000121142,1.39092,0.272137,0.0604749,0.0302374,0,0.0302374,0,0.0302374,0,0.0302374,0,0,0,0,0
70673,70687,70680,9.9,-155.143,19.7153,292.775,-36.1964,336.581,1.88922,0.319476,22.3268,0.209658,0.000160987,1.28947,0.269889,0.119951,0.0599754,0,0.0299877,0.0299877,0.0299877,0.0599754,0,0,0,0,0,0
70688,70704,70696,10,-155.144,19.7152,288.328,-37.0607,336.82,1.67525,0.1947,8.75802,0.134946,4.71373e-05,1.09653,0.36551,0.0913775,0.0304592,0.0304592,0.0304592,0,0.0304592,0,0,0,0,0,0,0
70705,70721,70713,10.1,-155.145,19.7151,284.091,-37.9629,336.95,1.64703,0.310681,21.0483,0.203247,0.000155272,0.998203,0.249551,0.0998203,0.0998203,0.0499101,0,0.0499101,0.0748652,0.0249551,0,0,0,0,0,0
70722,70735,70728,10.2,-155.147,19.7149,280.052,-38.8936,336.994,1.33974,0.179672,10.5419,0.176019,6.65993e-05,0.913457,0.274037,0.0304486,0.0304486,0.0304486,0.0304486,0,0,0.0304486,0,0,0,0,0,0
70736,70750,70743,10.3,-155.148,19.7148,275.558,-39.8473,337.182,1.9422,0.287022,17.9917,0.188052,0.000122508,1.28186,0.388441,0.116532,0,0.0388441,0.0388441,0,0.0388441,0.0388441,0,0,0,0,0,0
70751,70767,70759,10.4,-155.149,19.7149,272.151,-40.6213,337.257,1.8521,0.334759,23.4628,0.210266,0.000143882,1.16825,0.199457,0.0854814,0.113975,0.142469,0.0569876,0.0569876,0,0,0.0284938,0,0,0,0,0
70768,70784,70776,10.5,-155.15,19.7148,268.066,-41.5712,337.33,1.86809,0.348312,22.3972,0.192907,0.000160412,1.03502,0.403911,0.0504889,0.0757333,0.126222,0.0252444,0.0757333,0.0504889,0.0252444,0,0,0,0,0,0
70785,70801,70793,10.6,-155.152,19.715,263.983,-42.6006,337.311,1.55288,0.195566,8.84053,0.135615,4.89278e-05,1.12011,0.101828,0.152742,0.025457,0.076371,0.025457,0.050914,0,0,0,0,0,0,0,0
70802,70817,70810,10.7,-155.153,19.715,260.126,-43.4444,337.495,1.47063,0.26845,29.9202,0.334367,8.869e-05,1.03489,0.190638,0.108936,0.0544679,0.027234,0.027234,0,0,0,0,0.027234,0,0,0,0
70818,70837,70828,10.8,-155.155,19.7154,256.331,-44.3442,337.584,1.3058,0.197622,11.8386,0.179715,7.70044e-05,0.916348,0.0458174,0.137452,0.114544,0.0229087,0.0229087,0,0.0229087,0.0229087,0,0,0,0,0,0
70838,70855,70846,10.9,-155.157,19.7158,252.511,-45.2824,337.64,1.5086,0.313065,33.5815,0.321801,0.000110149,0.971642,0.204556,0.0767086,0.0767086,0.102278,0,0.0511391,0,0,0,0,0.0255695,0,0,0
70857,70875,70866,11,-155.159,19.7163,248.749,-46.2067,337.724,1.70047,0.213598,11.0663,0.155427,6.34347e-05,1.16604,0.267217,0.0971698,0.0728774,0.0242925,0.0485849,0,0,0.0242925,0,0,0,0,0,0
70876,70892,70884,11.1,-155.161,19.7166,245.097,-47.1236,337.783,1.47433,0.250631,16.4845,0.197316,0.000117065,0.909692,0.282318,0.094106,0.0313687,0.0313687,0.0313687,0.0313687,0.0313687,0.0313687,0,0,0,0,0,0
70893,70907,70900,11.2,-155.162,19.7164,241.51,-47.986,337.911,1.79569,0.340229,22.2011,0.19576,0.000157374,0.883128,0.441564,0.147188,0.0883128,0.0294376,0.0883128,0.0294376,0.0588752,0.0294376,0,0,0,0,0,0
70908,70919,70914,11.3,-155.164,19.7162,237.876,-48.545,338.532,4.78458,0.730865,36.7963,0.151039,0.000221001,2.50356,0.83452,0.556347,0.333808,0.278173,0.0556347,0.166904,0.0556347,0,0,0,0,0,0,0
70921,70936,70928,11.4,-155.166,19.7159,233.793,-49.1271,339.338,5.06012,0.842033,58.7805,0.209424,0.000376021,3.22583,0.82227,0.379509,0.189755,0.0632515,0.0632515,0.189755,0.0632515,0,0.0632515,0,0,0,0,0
70937,70953,70945,11.5,-155.168,19.7158,230.733,-49.5357,339.995,6.17617,0.861434,58.2586,0.202889,0.000188145,3.53379,1.30527,0.636718,0.222851,0.318359,0.0955077,0.0318359,0,0,0,0,0.0318359,0,0,0
70954,70970,70962,11.6,-155.17,19.7159,227.024,-50.035,340.806,4.03282,0.52812,27.6719,0.157191,0.000158238,2.38159,0.825618,0.476318,0.127018,0.063509,0.0952636,0,0,0.063509,0,0,0,0,0,0
70971,70987,70979,11.7,-155.172,19.7159,223.442,-50.9487,340.953,2.67154,0.30363,12.6514,0.125001,6.29564e-05,1.84039,0.445256,0.148419,0.0890512,0.0296837,0.0593675,0.0593675,0,0,0,0,0,0,0,0
70988,71004,70996,11.8,-155.174,19.716,220.371,-51.7293,341.111,5.41329,0.640065,26.0869,0.12227,0.000120644,3.20012,1.13649,0.508431,0.269169,0.089723,0.119631,0.089723,0,0,0,0,0,0,0,0
71005,71021,71013,11.9,-155.176,19.7162,217.006,-52.5764,341.3,10.7685,1.25273,56.751,0.135905,0.000259464,6.34003,2.58061,0.923923,0.414173,0.318594,0.0955783,0,0.0637189,0,0.0318594,0,0,0,0,0
71022,71038,71030,12,-155.178,19.7164,213.801,-53.49,341.33,13.1495,1.72385,98.6279,0.171642,0.000332025,7.18117,2.61714,1.81923,0.765991,0.478744,0.159581,0.0638326,0.0319163,0,0,0,0,0.0319163,0,0
71040,71053,71046,12.1,-155.18,19.717,210.586,-54.1092,341.842,10.3594,1.69556,133.028,0.235371,0.000483821,5.63011,2.17698,0.900818,0.82575,0.337807,0.262739,0.112602,0,0.0375341,0,0,0.0750682,0,0,0
71054,71067,71060,12.2,-155.182,19.7172,207.135,-54.7708,342.432,9.66878,1.44209,98.9045,0.205753,0.000423106,5.23293,2.35655,0.797068,0.554482,0.415862,0.138621,0.0346551,0.0346551,0.0346551,0.0346551,0,0.0346551,0,0,0
71068,71084,71076,12.3,-155.185,19.7181,203.817,-55.4033,343.015,10.8899,1.24055,48.5386,0.11738,0.00020661,6.44878,2.28141,1.06466,0.547538,0.304188,0.121675,0.0912563,0.0304188,0,0,0,0,0,0,0
71085,71100,71092,12.4,-155.187,19.7187,200.308,-56.08,343.645,17.8916,2.29503,106.939,0.139787,0.000539198,9.51201,4.22756,2.30251,0.679429,0.566191,0.226476,0.264223,0.0754922,0,0.0377461,0,0,0,0,0
71102,71117,71110,12.5,-155.189,19.7193,197.496,-56.6257,344.174,19.7906,3.15087,372.849,0.354996,0.000970997,10.3511,5.08733,2.02905,1.32329,0.588131,0.117626,0.147033,0.0588131,0,0.0294066,0,0,0,0.0294066,0.0294066
71118,71138,71128,12.6,-155.192,19.7196,194.461,-57.3139,344.604,23.2485,2.8026,113.9,0.121923,0.000513256,12.0901,6.02337,2.73002,0.975006,0.823338,0.281668,0.238335,0.0866672,0,0,0,0,0,0,0
71139,71156,71148,12.7,-155.194,19.7199,191.449,-57.8331,345.307,33.0453,4.24704,199.746,0.141095,0.00089414,16.9732,8.54746,3.31184,1.97249,1.31499,0.389628,0.389628,0.0487035,0.0730552,0,0,0.0243517,0,0,0
71157,71171,71164,12.8,-155.197,19.7198,188.454,-58.6162,345.601,29.2104,4.22217,359.485,0.255427,0.00111248,15.1472,7.4381,3.2824,1.29489,1.26478,0.24091,0.331251,0.120455,0.0301138,0,0,0.0301138,0,0,0.0301138
71172,71185,71178,12.9,-155.198,19.7204,185.692,-59.1864,346.148,24.9542,3.60689,260.772,0.216895,0.000965668,13.0257,5.90799,2.86959,1.54733,0.675198,0.478265,0.225066,0.112533,0.0562665,0,0,0.0281333,0,0.0281333,0
71187,71200,71194,13,-155.2,19.7205,182.689,-59.9755,346.48,24.7817,3.03061,123.946,0.122694,0.000550771,12.5341,6.48192,2.72169,1.68315,0.680422,0.358117,0.286494,0,0.0358117,0,0,0,0,0,0
71201,71215,71208,13.1,-155.202,19.7205,179.5,-60.4882,347.386,27.2106,3.78985,232.091,0.183721,0.000968749,14.8617,5.85135,3.3385,1.29232,1.18463,0.179489,0.251285,0.0717957,0.0358978,0.0717957,0,0.0717957,0,0,0
71216,71231,71224,13.2,-155.204,19.7206,176.658,-61.2569,347.712,22.9262,3.07628,173.032,0.168741,0.000776843,12.3145,5.65554,2.15884,1.42909,0.760154,0.212843,0.243249,0,0.0304061,0.0912184,0,0.0304061,0,0,0
71232,71247,71240,13.3,-155.206,19.7209,173.487,-62.2567,347.874,23.6001,3.04171,131.451,0.129649,0.000640385,11.7173,6.15654,2.71417,1.12539,1.12539,0.364097,0.297897,0.0661994,0.0330997,0,0,0,0,0,0
71248,71261,71254,13.4,-155.208,19.7212,171.209,-63.1191,347.758,24.684,3.53415,212.61,0.180476,0.000923403,12.9022,5.8909,2.52984,1.59018,0.795091,0.433686,0.325265,0.108422,0,0.0361405,0.072281,0,0,0,0
71263,71276,71270,13.5,-155.209,19.7214,168.184,-64,348.062,21.2528,3.02755,192.753,0.190999,0.000706994,11.0867,4.88295,2.52152,1.3208,0.720435,0.320193,0.280169,0.0400242,0,0,0.0400242,0,0.0400242,0,0
71277,71290,71284,13.6,-155.211,19.7224,165.683,-64.4078,348.882,21.8156,3.23661,165.233,0.153154,0.000963387,9.68593,5.86488,2.93244,1.55508,0.755325,0.266585,0.399878,0.222154,0.133293,0,0,0,0,0,0
71292,71309,71300,13.7,-155.212,19.7231,162.751,-64.6092,350.328,16.576,1.9878,80.4146,0.121363,0.000359423,9.03022,4.05123,1.66997,0.834986,0.40203,0.40203,0.154627,0.0309254,0,0,0,0,0,0,0
71311,71328,71320,13.8,-155.213,19.7236,160.015,-64.8177,351.672,16.0227,2.04368,99.704,0.146359,0.000519329,8.59905,4.39232,1.361,0.649568,0.587705,0.123727,0.185591,0,0.0927955,0.0309318,0,0,0,0,0
71329,71343,71336,13.9,-155.215,19.7237,157.472,-65.281,352.501,16.6476,1.8989,73.1237,0.115526,0.000300604,9.8045,3.44158,1.60073,1.00046,0.360165,0.280129,0.160073,0,0,0,0,0,0,0,0
71345,71361,71353,14,-155.216,19.7233,154.997,-65.83,353.17,17.0882,2.21825,96.2854,0.130218,0.00047637,8.94803,4.19439,1.4292,1.08743,0.776739,0.372834,0.186417,0.0932086,0,0,0,0,0,0,0
71362,71380,71371,14.1,-155.219,19.7231,152.532,-66.6854,353.322,17.8126,2.14102,90.3164,0.126551,0.000416678,9.61757,4.3913,1.85548,1.02051,0.525719,0.185548,0.123699,0.0309247,0.0618493,0,0,0,0,0,0
71381,71402,71392,14.2,-155.22,19.7229,149.869,-67.3037,354.039,15.5837,1.90526,82.4849,0.12988,0.000376224,8.43592,3.81384,1.61646,0.656688,0.656688,0.227315,0.126286,0.0252572,0,0.0252572,0,0,0,0,0
71403,71419,71411,14.3,-155.222,19.7225,147.532,-67.7109,354.938,14.904,1.98506,99.5741,0.150485,0.000530188,7.99399,3.92925,1.05006,0.846821,0.508093,0.338728,0.0677457,0.0677457,0.0677457,0.0338728,0,0,0,0,0
71420,71439,71430,14.4,-155.223,19.7222,144.907,-68.558,355.288,14.0194,1.73496,78.1088,0.135061,0.00039698,7.98065,3.07859,1.44457,0.781488,0.284178,0.189452,0.16577,0.0236815,0.0710444,0,0,0,0,0,0
71440,71459,71450,14.5,-155.224,19.722,142.381,-69.2719,355.826,13.0735,1.70543,90.7634,0.159661,0.000386715,7.08238,3.25166,1.13585,0.801779,0.445433,0.13363,0.155901,0.0222716,0,0.0222716,0.0222716,0,0,0,0
71461,71474,71468,14.6,-155.225,19.7215,140.222,-69.7985,356.467,14.5153,2.0381,112.868,0.166137,0.000531879,7.57322,3.51222,1.37196,1.01525,0.439028,0.246953,0.246953,0.0274392,0.0548784,0,0.0274392,0,0,0,0
71475,71491,71483,14.7,-155.226,19.7209,138.008,-70.1636,357.449,12.8365,1.53,62.9848,0.1235,0.000293691,7.23651,3.32419,0.843833,0.536984,0.511414,0.204566,0.127853,0.0511414,0,0,0,0,0,0,0
71494,71512,71503,14.8,-155.228,19.7209,135.454,-69.425,360.663,13.8251,1.74622,77.7019,0.133492,0.000363563,7.67494,3.07506,1.06738,0.991135,0.609929,0.254137,0.101655,0.0254137,0,0.0254137,0,0,0,0,0
71513,71531,71522,14.9,-155.229,19.721,133.134,-69.0453,363.127,13.2253,1.67679,73.805,0.132047,0.000370201,6.99054,3.37719,1.34615,0.543184,0.472334,0.2834,0.118083,0.07085,0.0236167,0,0,0,0,0,0
71532,71550,71541,15,-155.23,19.7211,130.942,-69.0825,364.789,13.0402,1.73694,83.7896,0.144719,0.000443195,7.06253,2.87815,1.50549,0.55349,0.55349,0.221396,0.132837,0.0885583,0.0221396,0.0221396,0,0,0,0,0
71551,71571,71561,15.1,-155.231,19.7215,128.824,-69.0884,366.478,12.9733,1.68766,73.4012,0.130479,0.000365732,6.41185,3.47698,1.34593,0.710351,0.579497,0.186935,0.186935,0.0747738,0,0,0,0,0,0,0
71572,71589,71580,15.2,-155.232,19.7223,126.692,-68.5627,369.179,11.6795,1.37205,59.2296,0.129506,0.000303291,7.36161,2.50106,0.825821,0.283139,0.259544,0.212354,0.141569,0.0943796,0,0,0,0,0,0,0
71590,71608,71599,15.3,-155.232,19.7232,124.519,-68.8214,370.543,12.2178,1.55699,76.2335,0.146886,0.000437003,7.75653,2.48412,0.735096,0.380222,0.27883,0.253481,0.202785,0.0506963,0.0760444,0,0,0,0,0,0
71609,71625,71617,15.4,-155.233,19.7239,122.562,-68.7383,372.37,11.1274,1.27381,56.0701,0.132052,0.00028657,7.00614,2.50219,0.765377,0.382688,0.206063,0.0588751,0.0588751,0.11775,0.0294376,0,0,0,0,0,0
71627,71635,71631,15.5,-155.233,19.7242,120.874,-68.5729,374.147,11.5253,1.45034,105.203,0.21761,0.000377277,7.70033,2.66744,0.654277,0.201316,0.050329,0.050329,0.100658,0,0,0.050329,0,0.050329,0,0,0
