data/B2SAP/Locations/Hawaii/NOAA-POPS-B2SAP_GMLBalloon_20220601_R0.ict
61,1001
Thornberry, T. D.
NOAA Chemical Sciences Laboratory
Portable Optical Particle Spectrometer (POPS)
Balloon Baseline Stratospheric Aerosol Profiles (B2SAP)
1,1
2022,06,01,2024,05,28
0
TIME_START,s,Seconds since midnight UTC on flight start day,Start time of 100 m altitude bin in UTC_seconds_since_midnight
28
1.0,1.0,1.0,1.0,1.0,1.0,1.0,1.0,1.0,1.0,1.0,1.0,1.0,1.0,1.0,1.0,1.0,1.0,1.0,1.0,1.0,1.0,1.0,1.0,1.0,1.0,1.0,1.0
99999,99999,99999,99999,99999,99999,99999,99999,99999,99999,99999,99999,99999,99999,99999,99999,99999,99999,99999,99999,99999,99999,99999,99999,99999,99999,99999,99999
TIME_STOP,s,End time of 100 m altitude bin in UTC seconds since midnight,
TIME_MID,s,Mid time of 100 m altitude in UTC seconds since midnight,
GPSAlt,m,GPS reported altitude above sea level (m),
GPS_Lon,deg,GPS reported longitude,
GPS_Lat,deg,GPS reported latitude,
iMet_Pressure,mb,Pressure reported (mB),
iMet_Temperature,degrees C,Ambient temperature (oC),
THETA,K,Potential temperature from iMet,
Aerosol_concentration,cm^-3,Aerosol concentration,
Surface_Area_Conc,um^2 cm^-3,Surface area concentration,
Volume_density,um^3 cm^-3,Volume density,
Effective_radius,um,Effective radius,
Extinction,km^-1,Extinction,
Bin01,cm^-3,particle concentration in size range [140 - 170 nm],
Bin02,cm^-3,particle concentration in size range [170 - 205 nm],
Bin03,cm^-3,particle concentration in size range [205 - 249 nm],
Bin04,cm^-3,particle concentration in size range [249 - 302 nm],
Bin05,cm^-3,particle concentration in size range [302 - 366 nm],
Bin06,cm^-3,particle concentration in size range [366 - 443 nm],
Bin07,cm^-3,particle concentration in size range [443 - 537 nm],
Bin08,cm^-3,particle concentration in size range [537 - 651 nm],
Bin09,cm^-3,particle concentration in size range [651 - 789 nm],
Bin10,cm^-3,particle concentration in size range [789 - 956 nm],
Bin11,cm^-3,particle concentration in size range [956 - 1159 nm],
Bin12,cm^-3,particle concentration in size range [1159 - 1404 nm],
Bin13,cm^-3,particle concentration in size range [1404 - 1702 nm],
Bin14,cm^-3,particle concentration in size range [1702 - 2062 nm],
Bin15,cm^-3,particle concentration in size range [2062 - 2500 nm],
0
19
PI_CONTACT_INFO: 325 Broadway R/CSL6, Boulder, CO 80305; troy.thornberry@noaa.gov; 303-497-3373 
PLATFORM: GML ECC/FPH balloon
LOCATION: Hilo, HI, USA
ASSOCIATED_DATA: N/A
INSTRUMENT_INFO: Printed Optical Particle Spectrometer counts particles from 140 - 2500 nm in diameter 
DATA_INFO: Particle concentrations reported in number per cubic centimeter, binned to 100 m altitude
UNCERTAINTY: Counting uncertainty dominated by air flow, less than 5 percent
ULOD_FLAG: -77777
ULOD_VALUE: 3000 ~3000 per cm3 (varies depending on flow rate- manufacturer quotes 1250  per cm3 at 1.667 cc/s)
LLOD_FLAG: -88888
LLOD_VALUE: 0 0 (varies depending on data field and measurement precision)
DM_CONTACT_INFO: Troy Thornberry, 325 Broadway R/CSL6, Boulder, CO 80305; troy.thornberry@noaa.gov; 303-497-3373
PROJECT_INFO: B2SAP Hilo, HI, USA
STIPULATIONS_ON_USE: Please contact the PIs for questions regarding applications and uncertainties
OTHER_COMMENTS: POPS bin Edges (nm):  140, 170, 205, 249, 302, 366, 443, 537, 651, 789, 956, 1159, 1404, 1702, 2062, 2500
Calculations assume sulfate refractive index of 1.45+0.00j and extinction wavelength = 532 nm
REVISION: R0
R0: QA/QC data
TIME_START,TIME_STOP,TIME_MID,GPSAlt,GPS_Lon,GPS_Lat,iMet_Pressure,iMet_Temperature,THETA,Aerosol_concentration,Surface_Area_Conc,Volume_density,Effective_radius,Extinction,Bin01,Bin02,Bin03,Bin04,Bin05,Bin06,Bin07,Bin08,Bin09,Bin10,Bin11,Bin12,Bin13,Bin14,Bin15
[from data line 235]
73049,73062,73056,23.6,-155.335,19.7243,31.4729,-55.2471,585.363,2.18482,0.609767,41.4332,0.203848,0.000307642,0.613282,0.421632,0.229981,0.268311,0.153321,0.268311,0.0383302,0.191651,0,0,0,0,0,0,0
73065,73080,73072,23.7,-155.336,19.7236,30.8864,-55.2745,588.446,2.17133,1.02621,101.091,0.295527,0.000672262,0.222068,0.394788,0.296091,0.370113,0.246742,0.0986969,0.222068,0.148045,0.123371,0.0246742,0.0246742,0,0,0,0
73081,73095,73088,23.8,-155.338,19.7227,30.3956,-55.89,589.469,2.86182,1.34486,142.756,0.318447,0.00087419,0.338495,0.584674,0.307723,0.584674,0.246178,0.276951,0.246178,0.0307723,0.0615446,0.153862,0.0307723,0,0,0,0
73098,73111,73104,23.9,-155.34,19.7218,29.98,-56.51,590.11,2.85775,0.993991,88.3429,0.266631,0.000508947,0.564493,0.529213,0.458651,0.246966,0.388089,0.282247,0.141123,0.211685,0,0,0.0352808,0,0,0,0
73112,73127,73120,24,-155.342,19.7209,29.445,-56.2737,593.8,2.08724,0.746407,61.6169,0.247654,0.000450775,0.287895,0.503816,0.287895,0.359868,0.0719737,0.215921,0.215921,0.0359868,0.0719737,0.0359868,0,0,0,0,0
73128,73144,73136,24.1,-155.344,19.7202,28.9825,-55.6287,598.264,2.03592,0.680175,58.2012,0.256704,0.000392394,0.399913,0.436269,0.25449,0.327202,0.181779,0.218134,0.0727115,0.0727115,0,0.0727115,0,0,0,0,0
73145,73158,73152,24.2,-155.346,19.7194,28.5371,-55.7143,600.679,2.36412,0.816404,59.7472,0.21955,0.000458942,0.422165,0.337732,0.337732,0.379948,0.211082,0.253299,0.211082,0.168866,0.0422165,0,0,0,0,0,0
73159,73172,73166,24.3,-155.347,19.7187,28.0871,-55.7571,603.302,1.95599,0.848052,75.9235,0.268581,0.000591316,0.478132,0.304266,0.217333,0.173866,0.1304,0.1304,0.173866,0.260799,0.0434665,0.0434665,0,0,0,0,0
73176,73190,73183,24.4,-155.349,19.718,27.5487,-55.845,606.393,1.98011,1.03683,102.49,0.296549,0.000771164,0.277215,0.277215,0.277215,0.277215,0.118806,0.237613,0.198011,0.0396022,0.198011,0.0792043,0,0,0,0,0
73191,73205,73198,24.5,-155.351,19.7173,27.1687,-55.64,609.379,2.55818,1.46049,164.245,0.337376,0.00106624,0.730909,0.228409,0.274091,0.182727,0.228409,0.137045,0.182727,0.319773,0.137045,0.0913636,0.0456818,0,0,0,0
73206,73214,73210,24.6,-155.353,19.7168,26.812,-55.726,611.448,1.20901,0.324621,21.6095,0.199705,0.00016041,0.345431,0.172715,0.172715,0.172715,0.172715,0,0.0863576,0.0863576,0,0,0,0,0,0,0
74373,74384,74378,23.8,-155.515,19.7161,30.176,-54.854,593.518,0.783078,0.0549841,1.37002,0.07475,1.52625e-06,0.783078,0,0,0,0,0,0,0,0,0,0,0,0,0,0
74386,74400,74393,23.7,-155.517,19.7154,30.6125,-54.2512,592.704,1.27868,0.10308,2.78896,0.0811689,4.00929e-06,0.879094,0.399588,0,0,0,0,0,0,0,0,0,0,0,0,0
74403,74417,74410,23.6,-155.518,19.7144,31.2,-53.1643,592.436,0.444398,0.044794,1.50282,0.100649,4.12455e-06,0.355519,0,0,0.0888797,0,0,0,0,0,0,0,0,0,0,0
74420,74434,74427,23.5,-155.519,19.7137,31.6733,-53.195,589.796,1.23641,0.100529,2.73233,0.0815385,3.97454e-06,0.824273,0.412137,0,0,0,0,0,0,0,0,0,0,0,0,0
74437,74452,74444,23.4,-155.521,19.7133,32.206,-53.656,585.776,1.23901,0.105469,2.98865,0.0850106,5.0466e-06,0.867305,0.247801,0.123901,0,0,0,0,0,0,0,0,0,0,0,0
74453,74467,74460,23.3,-155.522,19.713,32.712,-53.4,583.843,0.618782,0.0475661,1.2535,0.0790582,1.67589e-06,0.495025,0.123756,0,0,0,0,0,0,0,0,0,0,0,0,0
74470,74486,74478,23.2,-155.523,19.7127,33.2675,-53.5087,580.76,0.832328,0.0760671,2.18769,0.0862799,3.63317e-06,0.302665,0.529663,0,0,0,0,0,0,0,0,0,0,0,0,0
74487,74501,74494,23.1,-155.525,19.7125,33.73,-53.6117,578.202,0.807498,0.0768513,2.24915,0.0877989,3.87317e-06,0.201874,0.605623,0,0,0,0,0,0,0,0,0,0,0,0,0
74505,74518,74512,23,-155.526,19.7125,34.2633,-54.2733,573.879,1.09738,0.123647,4.16601,0.101078,1.06382e-05,0.498811,0.199525,0.299287,0.0997623,0,0,0,0,0,0,0,0,0,0,0
74523,74535,74529,22.9,-155.528,19.7125,34.832,-55.144,568.921,1.78984,0.180947,5.63473,0.0934207,1.18143e-05,0.835258,0.47729,0.47729,0,0,0,0,0,0,0,0,0,0,0,0
74540,74554,74547,22.8,-155.531,19.7123,35.36,-55.9743,564.314,1.19779,0.149899,5.28694,0.10581,1.45774e-05,0.342225,0.342225,0.342225,0.171113,0,0,0,0,0,0,0,0,0,0,0
74555,74575,74565,22.7,-155.533,19.7119,36.0433,-56.49,559.913,0.92049,0.0975285,3.18155,0.0978652,7.64529e-06,0.460245,0.197248,0.197248,0.0657493,0,0,0,0,0,0,0,0,0,0,0
74576,74592,74584,22.6,-155.535,19.7119,36.6187,-56.3075,557.842,1.02774,0.137846,5.2153,0.113502,1.79882e-05,0.36705,0.14682,0.36705,0.07341,0.07341,0,0,0,0,0,0,0,0,0,0
74596,74609,74602,22.5,-155.537,19.7118,37.115,-56.7783,554.506,1.06468,0.130583,4.8304,0.110973,1.69609e-05,0.483947,0.193579,0.290368,0,0.0967894,0,0,0,0,0,0,0,0,0,0
74610,74631,74620,22.4,-155.539,19.712,37.7918,-57.2827,550.356,1.42032,0.20583,8.2653,0.120468,3.22555e-05,0.420834,0.473439,0.105209,0.263021,0.157813,0,0,0,0,0,0,0,0,0,0
74637,74648,74642,22.3,-155.541,19.7124,38.4757,-57.9871,545.765,1.86546,0.193155,6.09791,0.09471,1.33173e-05,0.648856,0.892177,0.243321,0.081107,0,0,0,0,0,0,0,0,0,0,0
74654,74665,74660,22.2,-155.543,19.7126,39.0629,-58.1686,542.941,1.47691,0.204423,8.32995,0.122246,3.44862e-05,0.492304,0.328203,0.492304,0.0820507,0,0.0820507,0,0,0,0,0,0,0,0,0
74666,74685,74676,22.1,-155.545,19.7129,39.6067,-59.4011,537.704,2.06873,0.25026,9.07528,0.10879,2.97185e-05,0.877642,0.50151,0.438821,0.125377,0.125377,0,0,0,0,0,0,0,0,0,0
74686,74709,74698,22,-155.548,19.7128,40.225,-58.7325,537.012,1.81979,0.260895,10.456,0.120233,4.02253e-05,0.419952,0.559936,0.489944,0.279968,0,0.069992,0,0,0,0,0,0,0,0,0
74710,74727,74718,21.9,-155.551,19.7123,41.0056,-57.1394,538.027,1.99815,0.297648,12.1116,0.122073,4.79743e-05,0.491852,0.645555,0.307407,0.368889,0.153704,0.0307407,0,0,0,0,0,0,0,0,0
74738,74744,74741,21.8,-155.553,19.7116,41.83,-57.4429,534.23,1.66976,0.22799,8.8754,0.116787,3.2938e-05,0.715613,0.159025,0.477075,0.159025,0.159025,0,0,0,0,0,0,0,0,0,0
74755,74762,74758,21.7,-155.555,19.7109,42.3375,-59.0487,528.42,2.23188,0.325216,13.2044,0.121806,5.21723e-05,0.697463,0.418478,0.627717,0.348732,0.0697463,0.0697463,0,0,0,0,0,0,0,0,0
74763,74777,74770,21.6,-155.557,19.7102,42.95,-59.21,525.871,2.16457,0.313094,12.0338,0.115305,3.90225e-05,0.561185,0.561185,0.240508,0.801693,0,0,0,0,0,0,0,0,0,0,0
74778,74804,74791,21.5,-155.559,19.709,43.6817,-59.7675,521.971,2.88785,0.497807,23.0542,0.138934,0.000115672,0.838409,0.652096,0.558939,0.326048,0.27947,0.232891,0,0,0,0,0,0,0,0,0
74805,74824,74814,21.4,-155.561,19.7073,44.5433,-60.2622,517.868,2.59084,0.451546,20.4854,0.136102,9.7487e-05,0.60252,0.542268,0.60252,0.482016,0.180756,0.180756,0,0,0,0,0,0,0,0,0
74830,74841,74836,21.3,-155.562,19.706,45.2287,-60.08,516.052,3.1831,0.598069,29.9659,0.150313,0.000169829,1.08361,0.474079,0.60953,0.338628,0.338628,0.270902,0.0677256,0,0,0,0,0,0,0,0
74842,74864,74853,21.2,-155.564,19.705,45.9973,-60.3364,512.951,3.08521,0.605009,30.346,0.150474,0.000171566,0.538687,0.783545,0.783545,0.342801,0.342801,0.195886,0.0979432,0,0,0,0,0,0,0,0
74865,74883,74874,21.1,-155.566,19.7037,46.744,-60.861,509.345,3.14197,0.446332,17.5503,0.117964,6.49725e-05,0.975094,0.812578,0.541719,0.541719,0.270859,0,0,0,0,0,0,0,0,0,0
74884,74900,74892,21,-155.567,19.7027,47.4557,-60.8929,507.063,3.28672,0.660297,32.2512,0.14653,0.000170533,0.917225,0.229306,0.764354,0.535048,0.535048,0.305742,0,0,0,0,0,0,0,0,0
74901,74924,74912,20.9,-155.569,19.7017,48.2737,-60.665,505.148,2.95659,0.637817,32.575,0.153218,0.000181448,0.591318,0.525616,0.459914,0.65702,0.262808,0.459914,0,0,0,0,0,0,0,0,0
74925,74942,74934,20.8,-155.571,19.701,49.0043,-60.9986,502.182,3.36855,0.725586,37.8166,0.156356,0.000220315,0.823424,0.523997,0.523997,0.598853,0.44914,0.374283,0.0748567,0,0,0,0,0,0,0,0
74946,74964,74955,20.7,-155.572,19.7002,49.9162,-61.0938,499.329,3.99727,0.983313,57.4306,0.175216,0.000380031,0.982935,0.393174,0.589761,1.04846,0.327645,0.327645,0.262116,0.065529,0,0,0,0,0,0,0
74967,74984,74976,20.6,-155.574,19.6997,50.7233,-61.67,495.695,3.9276,0.687365,33.2304,0.145034,0.000181472,0.892637,1.42822,0.535582,0.446319,0.267791,0.267791,0.0892637,0,0,0,0,0,0,0,0
74985,75004,74994,20.5,-155.575,19.6994,51.6022,-61.5322,493.584,4.27851,0.984714,57.0809,0.173901,0.000380381,1.28941,0.527487,0.703316,0.703316,0.410268,0.293048,0.293048,0.0586097,0,0,0,0,0,0,0
75007,75029,75018,20.4,-155.576,19.6994,52.475,-61.354,491.647,3.35921,0.718087,40.3217,0.168455,0.000255662,0.682339,0.839802,0.682339,0.419901,0.367413,0.20995,0.0524876,0.104975,0,0,0,0,0,0,0
75032,75049,75040,20.3,-155.577,19.6998,53.3837,-63.03,485.359,4.29863,1.23166,82.0901,0.19995,0.000585733,1.25652,0.264531,0.529063,0.859727,0.396797,0.595196,0.198399,0.132266,0.0661328,0,0,0,0,0,0
75050,75067,75058,20.2,-155.578,19.7003,54.1388,-63.835,481.57,4.71536,1.15416,72.0432,0.187262,0.000490074,1.35647,0.645939,0.775127,0.645939,0.516751,0.452158,0.193782,0.0645939,0.0645939,0,0,0,0,0,0
75070,75090,75080,20.1,-155.58,19.7007,55.0156,-64.0844,478.791,4.10193,1.12842,76.413,0.20315,0.000541253,1.08245,0.683654,0.398798,0.569712,0.626683,0.398798,0.170914,0.0569712,0.113942,0,0,0,0,0,0
75093,75116,75104,20,-155.582,19.7012,55.969,-65.053,474.238,4.26032,1.17658,72.9623,0.186037,0.000509505,0.667279,0.61595,0.821267,0.667279,0.769938,0.256646,0.307975,0.153988,0,0,0,0,0,0,0
75117,75138,75128,19.9,-155.584,19.7011,56.9856,-65.3211,471.201,4.20759,1.07089,67.6163,0.189421,0.000461357,0.90975,0.852891,0.511734,0.682312,0.625453,0.341156,0.113719,0.113719,0.0568594,0,0,0,0,0,0
75140,75161,75150,19.8,-155.585,19.7003,58.0011,-65.39,468.668,3.76635,1.05818,78.2788,0.221925,0.000541682,1.06807,0.67457,0.562141,0.449713,0.168642,0.449713,0.224857,0.112428,0,0.0562141,0,0,0,0,0
75164,75181,75172,19.7,-155.586,19.6994,58.9986,-65.65,465.816,4.6616,1.06217,61.5003,0.173702,0.000408813,1.32195,0.695761,0.90449,0.626185,0.347881,0.417457,0.278304,0.0695761,0,0,0,0,0,0,0
75184,75202,75193,19.6,-155.588,19.6985,59.8822,-65.5533,464.043,4.08368,0.82617,43.5069,0.157983,0.000263557,0.993327,1.1037,0.386294,0.772588,0.386294,0.220739,0.220739,0,0,0,0,0,0,0,0
75205,75224,75214,19.5,-155.589,19.6981,60.845,-65.4513,462.17,4.71632,1.0621,58.6516,0.165667,0.000368946,0.786053,0.665122,1.57211,0.544191,0.604656,0.241863,0.241863,0.0604656,0,0,0,0,0,0,0
75225,75249,75237,19.4,-155.59,19.6978,61.9333,-66,458.618,4.29319,0.998615,60.1579,0.180724,0.00039613,0.751307,1.01963,0.697643,0.965967,0.375654,0.160994,0.214659,0.0536648,0.0536648,0,0,0,0,0,0
75250,75273,75262,19.3,-155.592,19.6969,63.0633,-66.0789,456.081,4.76189,1.23913,77.6517,0.188,0.000548583,1.15123,0.994242,0.418628,0.627942,0.784928,0.313971,0.261643,0.209314,0,0,0,0,0,0,0
75274,75292,75283,19.2,-155.593,19.696,63.9789,-65.8978,454.611,5.39844,1.39822,97.7582,0.209748,0.000688187,1.9206,0.778621,0.622897,0.570989,0.674805,0.103816,0.570989,0.103816,0,0.0519081,0,0,0,0,0
75295,75318,75306,19.1,-155.594,19.695,65.1309,-66.7145,450.506,4.15418,1.06542,73.2456,0.206243,0.000494619,1.18691,0.635845,0.678234,0.466286,0.635845,0.169559,0.211948,0.127169,0,0.0423896,0,0,0,0,0
75321,75341,75331,19,-155.595,19.6941,66.2578,-68.3456,444.771,5.0234,1.33837,116.551,0.261254,0.000586675,1.60542,1.13933,0.776815,0.414301,0.207151,0.414301,0.258938,0.155363,0,0,0,0.0517876,0,0,0
75345,75367,75356,18.9,-155.596,19.6939,67.3645,-68.99,441.273,4.74661,0.912087,57.3841,0.188745,0.000348582,1.84824,1.21816,0.294038,0.588075,0.420054,0.210027,0.0420054,0.0840108,0,0.0420054,0,0,0,0,0
75368,75394,75381,18.8,-155.598,19.6942,68.52,-69.9042,437.167,4.71807,1.07435,82.3194,0.229867,0.000390695,1.76448,0.728807,0.575374,0.613732,0.575374,0.153433,0.268508,0,0,0,0.0383583,0,0,0,0
75395,75415,75405,18.7,-155.6,19.6941,69.7411,-69.9033,434.971,5.0309,0.740351,34.6114,0.14025,0.000184809,2.3757,1.11798,0.512407,0.465824,0.279495,0.18633,0.0465824,0.0465824,0,0,0,0,0,0,0
75420,75439,75430,18.6,-155.601,19.6942,70.853,-70.025,432.743,5.38448,0.973791,53.5628,0.165013,0.000344074,2.33745,1.0435,0.459141,0.751322,0.375661,0.0834803,0.208701,0.12522,0,0,0,0,0,0,0
75444,75466,75455,18.5,-155.603,19.6942,72.0791,-70.7636,429.068,5.17258,0.903778,52.6422,0.174741,0.000335053,2.38424,1.25273,0.363697,0.404108,0.323286,0.282875,0.0404108,0.0404108,0.0808215,0,0,0,0,0,0
75467,75487,75477,18.4,-155.604,19.6945,73.293,-70.709,427.136,5.30484,0.737839,36.3924,0.147969,0.000202718,2.81111,1.13351,0.589427,0.272043,0.317384,0.0453405,0.090681,0,0.0453405,0,0,0,0,0,0
75492,75517,75504,18.3,-155.606,19.6946,74.6679,-71.5764,423.057,5.84978,0.829518,46.5908,0.168498,0.000256615,3.05784,1.42921,0.664748,0.232662,0.265899,0.0664748,0.0664748,0,0.0332374,0.0332374,0,0,0,0,0
75518,75540,75529,18.2,-155.608,19.6948,75.959,-72.266,419.55,6.75137,0.941039,53.3732,0.170152,0.000295178,3.93059,1.47975,0.554908,0.323696,0.0924846,0.231211,0.0462423,0.0462423,0,0.0462423,0,0,0,0,0
75541,75565,75553,18.1,-155.609,19.6949,77.2017,-72.5533,417.005,6.00685,0.941633,77.4408,0.246723,0.000267586,3.90445,1.01366,0.300342,0.225257,0.225257,0.225257,0.0375428,0.0375428,0,0,0,0,0.0375428,0,0
75572,75592,75582,18,-155.61,19.6955,78.5117,-71.9417,416.278,6.18836,0.784971,33.9665,0.129813,0.000170027,3.22234,1.53794,0.695733,0.29294,0.256323,0.0366175,0.109853,0.0366175,0,0,0,0,0,0,0
75598,75618,75608,17.9,-155.611,19.6966,79.9233,-73.0707,411.834,7.41928,1.09883,64.7898,0.176888,0.000393735,4.17511,1.60798,0.733465,0.366732,0.141051,0.112841,0.169261,0,0.0846306,0.0282102,0,0,0,0,0
75631,75648,75640,17.8,-155.612,19.6983,81.5789,-71.8411,411.947,6.94125,0.939293,50.2843,0.160603,0.000286641,4.14612,1.44415,0.628905,0.232928,0.139757,0.16305,0.0931712,0.0465856,0.0232928,0.0232928,0,0,0,0,0
75649,75672,75660,17.7,-155.613,19.6995,82.731,-70.081,413.891,7.42582,0.796484,31.1381,0.117283,0.000129196,4.55584,1.76614,0.582024,0.260907,0.120419,0.100349,0,0.0200698,0.0200698,0,0,0,0,0,0
75674,75699,75686,17.6,-155.615,19.7007,84.0286,-70.4324,411.332,7.91156,0.945608,42.2229,0.133955,0.000213642,4.92534,1.68702,0.504168,0.310257,0.193911,0.193911,0.0387822,0.0193911,0.0387822,0,0,0,0,0,0
75700,75719,75710,17.5,-155.617,19.7016,85.4122,-69.1972,411.918,7.61598,0.934835,52.5778,0.168729,0.000193061,4.47467,1.89834,0.632781,0.271192,0.158195,0.067798,0.067798,0.0225993,0,0,0.0225993,0,0,0,0
75728,75742,75735,17.4,-155.618,19.7021,86.816,-71.9727,404.426,8.63665,1.1138,78.495,0.211425,0.000241159,4.85976,2.40347,0.977235,0.132059,0.132059,0,0.0792353,0,0,0,0.0528235,0,0,0,0
75761,75780,75770,17.3,-155.619,19.7039,88.8106,-70.2059,405.335,8.13677,0.929444,40.0907,0.129402,0.000201236,5.28301,1.62735,0.566036,0.259433,0.165094,0.0707545,0.117924,0.0235848,0.0235848,0,0,0,0,0,0
75781,75808,75794,17.2,-155.62,19.7055,90.1279,-70.3614,403.328,8.15672,0.926452,41.1263,0.133174,0.000196646,5.03045,2.0605,0.483151,0.184734,0.170524,0.113683,0.0710516,0.0142103,0.0142103,0.0142103,0,0,0,0,0
75809,75836,75822,17.1,-155.621,19.707,91.5429,-71.0165,400.233,9.16071,0.991103,37.2737,0.112825,0.000148138,5.72256,1.96136,0.599946,0.507646,0.184599,0.115374,0.0461497,0.0230748,0,0,0,0,0,0,0
75837,75864,75850,17,-155.623,19.7085,93.262,-70.256,399.614,8.82342,0.998653,49.0623,0.147385,0.000223166,5.24775,2.26373,0.900349,0.231518,0.0257243,0.0514485,0.0514485,0,0,0.0514485,0,0,0,0,0
75865,75888,75876,16.9,-155.625,19.7096,94.7627,-71.1009,396.142,8.38159,1.096,50.6275,0.138578,0.000265724,4.7507,1.90028,0.610804,0.373269,0.339336,0.305402,0.0339336,0.0339336,0.0339336,0,0,0,0,0,0
75889,75920,75904,16.8,-155.627,19.7104,96.4214,-70.8571,394.652,8.37596,0.867027,33.0051,0.114201,0.000142779,5.34236,2.20137,0.40269,0.107384,0.161076,0.026846,0.107384,0.026846,0,0,0,0,0,0,0
75925,75946,75936,16.7,-155.628,19.7104,98.006,-70.569,393.384,8.87842,1.01476,42.4049,0.125364,0.00020634,5.61926,1.79816,0.599387,0.44954,0.22477,0,0.112385,0.0749234,0,0,0,0,0,0,0
