data/B2SAP/Locations/Hawaii/NOAA-POPS-B2SAP_GMLBalloon_20220504_R0.ict
61,1001
Thornberry, T. D.
NOAA Chemical Sciences Laboratory
Portable Optical Particle Spectrometer (POPS)
Balloon Baseline Stratospheric Aerosol Profiles (B2SAP)
1,1
2022,05,04,2024,05,28
0
TIME_START,s,Seconds since midnight UTC on flight start day,Start time of 100 m altitude bin in UTC_seconds_since_midnight
28
1.0,1.0,1.0,1.0,1.0,1.0,1.0,1.0,1.0,1.0,1.0,1.0,1.0,1.0,1.0,1.0,1.0,1.0,1.0,1.0,1.0,1.0,1.0,1.0,1.0,1.0,1.0,1.0
99999,99999,99999,99999,99999,99999,99999,99999,99999,99999,99999,99999,99999,99999,99999,99999,99999,99999,99999,99999,99999,99999,99999,99999,99999,99999,99999,99999
TIME_STOP,s,End time of 100 m altitude bin in UTC seconds since midnight,
TIME_MID,s,Mid time of 100 m altitude in UTC seconds since midnight,
GPSAlt,m,GPS reported altitude above sea level (m),
GPS_Lon,deg,GPS reported longitude,
GPS_Lat,deg,GPS reported latitude,
iMet_Pressure,mb,Pressure reported (mB),
iMet_Temperature,degrees C,Ambient temperature (oC),
THETA,K,Potential temperature from iMet,
Aerosol_concentration,cm^-3,Aerosol concentration,
Surface_Area_Conc,um^2 cm^-3,Surface area concentration,
Volume_density,um^3 cm^-3,Volume density,
Effective_radius,um,Effective radius,
Extinction,km^-1,Extinction,
Bin01,cm^-3,particle concentration in size range [140 - 170 nm],
Bin02,cm^-3,particle concentration in size range [170 - 205 nm],
Bin03,cm^-3,particle concentration in size range [205 - 249 nm],
Bin04,cm^-3,particle concentration in size range [249 - 302 nm],
Bin05,cm^-3,particle concentration in size range [302 - 366 nm],
Bin06,cm^-3,particle concentration in size range [366 - 443 nm],
Bin07,cm^-3,particle concentration in size range [443 - 537 nm],
Bin08,cm^-3,particle concentration in size range [537 - 651 nm],
Bin09,cm^-3,particle concentration in size range [651 - 789 nm],
Bin10,cm^-3,particle concentration in size range [789 - 956 nm],
Bin11,cm^-3,particle concentration in size range [956 - 1159 nm],
Bin12,cm^-3,particle concentration in size range [1159 - 1404 nm],
Bin13,cm^-3,particle concentration in size range [1404 - 1702 nm],
Bin14,cm^-3,particle concentration in size range [1702 - 2062 nm],
Bin15,cm^-3,particle concentration in size range [2062 - 2500 nm],
0
19
PI_CONTACT_INFO: 325 Broadway R/CSL6, Boulder, CO 80305; troy.thornberry@noaa.gov; 303-497-3373 
PLATFORM: GML ECC/FPH balloon
LOCATION: Hilo, HI, USA
ASSOCIATED_DATA: N/A
INSTRUMENT_INFO: Printed Optical Particle Spectrometer counts particles from 140 - 2500 nm in diameter 
DATA_INFO: Particle concentrations reported in number per cubic centimeter, binned to 100 m altitude
UNCERTAINTY: Counting uncertainty dominated by air flow, less than 5 percent
ULOD_FLAG: -77777
ULOD_VALUE: 3000 ~3000 per cm3 (varies depending on flow rate- manufacturer quotes 1250  per cm3 at 1.667 cc/s)
LLOD_FLAG: -88888
LLOD_VALUE: 0 0 (varies depending on data field and measurement precision)
DM_CONTACT_INFO: Troy Thornberry, 325 Broadway R/CSL6, Boulder, CO 80305; troy.thornberry@noaa.gov; 303-497-3373
PROJECT_INFO: B2SAP Hilo, HI, USA
STIPULATIONS_ON_USE: Please contact the PIs for questions regarding applications and uncertainties
OTHER_COMMENTS: POPS bin Edges (nm):  140, 170, 205, 249, 302, 366, 443, 537, 651, 789, 956, 1159, 1404, 1702, 2062, 2500
Calculations assume sulfate refractive index of 1.45+0.00j and extinction wavelength = 532 nm
REVISION: R0
R0: QA/QC data
TIME_START,TIME_STOP,TIME_MID,GPSAlt,GPS_Lon,GPS_Lat,iMet_Pressure,iMet_Temperature,THETA,Aerosol_concentration,Surface_Area_Conc,Volume_density,Effective_radius,Extinction,Bin01,Bin02,Bin03,Bin04,Bin05,Bin06,Bin07,Bin08,Bin09,Bin10,Bin11,Bin12,Bin13,Bin14,Bin15
[from data line 233]
86311,86328,86320,23.4,-154.92,19.9926,36.0064,-58.8693,553.924,2.68419,0.663112,41.4678,0.187605,0.000292144,0.511274,0.766911,0.383455,0.383455,0.170425,0.213031,0.127818,0.127818,0,0,0,0,0,0,0
86329,86345,86337,23.5,-154.922,19.9925,35.5062,-58.7877,556.352,2.50257,0.709555,46.4766,0.196503,0.00034004,0.509783,0.463439,0.370752,0.324408,0.324408,0.185376,0.185376,0.139032,0,0,0,0,0,0,0
86347,86363,86355,23.6,-154.923,19.9923,34.9312,-58.0894,560.768,1.92416,0.490635,30.8018,0.188339,0.00021811,0.500281,0.346348,0.269382,0.307865,0.115449,0.192416,0.115449,0.0769663,0,0,0,0,0,0,0
86364,86379,86372,23.7,-154.925,19.9922,34.427,-57.931,563.526,1.87028,0.52473,34.0734,0.194805,0.000252435,0.361989,0.482652,0.180995,0.180995,0.301658,0.0603315,0.241326,0.0603315,0,0,0,0,0,0,0
86380,86396,86388,23.8,-154.927,19.9923,33.9964,-57.89,565.655,2.59531,0.607767,37.5476,0.185339,0.000253387,0.680738,0.5531,0.468007,0.212731,0.255277,0.255277,0.127638,0,0.0425461,0,0,0,0,0,0
86398,86412,86405,23.9,-154.929,19.9925,33.5123,-58.1092,567.406,2.00916,0.360185,19.1307,0.15934,0.000117254,0.669721,0.382698,0.526209,0.143512,0.143512,0.0478372,0.0478372,0.0478372,0,0,0,0,0,0,0
86414,86431,86422,24,-154.932,19.9929,33.0106,-57.6456,571.083,2.19637,0.516446,32.733,0.190144,0.000220909,0.378685,0.643765,0.26508,0.454422,0.26508,0.0378685,0.0378685,0.0757371,0.0378685,0,0,0,0,0,0
86432,86448,86440,24.1,-154.934,19.9935,32.5292,-57.6708,573.417,2.34265,0.521828,39.3815,0.226405,0.000248689,0.947027,0.448592,0.398748,0.149531,0.099687,0.149531,0.099687,0,0,0.0498435,0,0,0,0,0
86449,86466,86458,24.2,-154.936,19.9941,32.08,-56.9963,577.509,2.34134,0.770027,73.2374,0.28533,0.000381884,0.717507,0.226581,0.415399,0.377635,0.151054,0.113291,0.188818,0.113291,0,0,0.0377635,0,0,0,0
86467,86481,86474,24.3,-154.937,19.9945,31.655,-56.7807,580.28,2.22019,0.929254,84.8921,0.274065,0.000621626,0.498411,0.453101,0.13593,0.271861,0.13593,0.22655,0.22655,0.18124,0,0.0906202,0,0,0,0,0
86485,86500,86492,24.4,-154.939,19.995,31.1508,-55.1354,587.39,2.2501,0.849332,67.6371,0.238907,0.000520364,0.500023,0.250012,0.150007,0.450021,0.250012,0.250012,0.200009,0.0500023,0.150007,0,0,0,0,0,0
86501,86518,86510,24.5,-154.94,19.995,30.7482,-54.12,592.321,2.66929,0.746157,50.2253,0.201936,0.000375545,0.771129,0.474541,0.296588,0.296588,0.23727,0.23727,0.177953,0.177953,0,0,0,0,0,0,0
86519,86534,86526,24.6,-154.941,19.9948,30.3827,-53.5973,595.76,1.95523,0.719912,63.128,0.263066,0.000463896,0.651744,0.0592495,0.355497,0.236998,0.236998,0,0.177748,0.177748,0,0.0592495,0,0,0,0,0
86536,86541,86538,24.7,-154.942,19.9945,30.0633,-53.365,598.206,2.4453,0.73632,49.3308,0.200989,0.000358253,0.4446,0.4446,0.2223,0.4446,0.33345,0.33345,0,0.2223,0,0,0,0,0,0,0
87588,87592,87590,24.7,-155.076,19.9871,30.07,-53.738,597.144,1.61805,0.182313,6.14262,0.101078,1.56856e-05,0.735477,0.294191,0.441286,0.147095,0,0,0,0,0,0,0,0,0,0,0
87593,87606,87600,24.6,-155.077,19.9868,30.3533,-53.4792,596.257,1.45979,0.369053,23.5205,0.191196,0.000170089,0.40874,0.233566,0.291957,0.175174,0.0583914,0.116783,0.116783,0.0583914,0,0,0,0,0,0,0
87607,87619,87613,24.5,-155.078,19.9866,30.7538,-52.3231,597.138,1.70589,0.402746,25.1167,0.187091,0.000179275,0.660345,0.275144,0.165086,0.165086,0.110057,0.165086,0.110057,0.0550287,0,0,0,0,0,0,0
87622,87634,87628,24.4,-155.079,19.9867,31.2118,-53.8409,590.551,1.80753,0.338944,17.2033,0.152267,9.98612e-05,0.516438,0.451883,0.258219,0.258219,0.129109,0.129109,0.0645547,0,0,0,0,0,0,0,0
87635,87648,87642,24.3,-155.08,19.987,31.6162,-54.2954,587.158,1.99777,0.338666,16.1293,0.142878,8.6602e-05,0.701919,0.539938,0.0539938,0.377956,0.215975,0.0539938,0.0539938,0,0,0,0,0,0,0,0
87650,87663,87656,24.2,-155.082,19.9875,32.0969,-54.3685,584.434,1.25716,0.269726,16.9769,0.188824,0.000122638,0.60125,0.218636,0.109318,0.0546591,0.0546591,0.109318,0.0546591,0.0546591,0,0,0,0,0,0,0
87664,87677,87670,24.1,-155.083,19.988,32.553,-55.559,578.923,2.14284,0.5042,31.5592,0.187778,0.000228436,0.669636,0.468745,0.334818,0.133927,0.200891,0.0669636,0.200891,0.0669636,0,0,0,0,0,0,0
87678,87690,87684,24,-155.084,19.9884,32.9792,-55.9175,575.812,1.83509,0.450001,29.6657,0.19777,0.000221404,0.593706,0.323839,0.323839,0.215893,0.107946,0,0.16192,0.107946,0,0,0,0,0,0,0
87692,87704,87698,23.9,-155.086,19.9888,33.4875,-54.8642,576.093,2.12803,0.483416,31.3204,0.194369,0.000211128,0.545648,0.545648,0.272824,0.272824,0.327389,0.0545648,0,0.0545648,0.0545648,0,0,0,0,0,0
87705,87717,87711,23.8,-155.088,19.9891,33.898,-55.067,573.551,1.97556,0.476317,26.6347,0.167754,0.000169296,0.395112,0.263408,0.32926,0.460964,0.197556,0.197556,0.131704,0,0,0,0,0,0,0,0
87719,87732,87726,23.7,-155.09,19.9893,34.4882,-55.8027,568.808,1.5611,0.310512,14.786,0.142855,7.65972e-05,0.24017,0.420297,0.300212,0.0600424,0.480339,0.0600424,0,0,0,0,0,0,0,0,0
87733,87744,87738,23.6,-155.092,19.9893,34.9338,-55.5237,567.45,1.87778,0.442097,26.5023,0.17984,0.000187533,0.489855,0.489855,0.244927,0.163285,0.163285,0.0816425,0.244927,0,0,0,0,0,0,0,0
87746,87759,87752,23.5,-155.093,19.9893,35.4514,-56.2371,563.215,1.37005,0.285326,15.4596,0.162546,9.72352e-05,0.319679,0.319679,0.27401,0.182674,0.0913368,0.0913368,0.0913368,0,0,0,0,0,0,0,0
87760,87773,87766,23.4,-155.094,19.9893,36.0027,-56.1982,560.849,1.7408,0.26025,13.2964,0.153273,7.91895e-05,0.754346,0.464213,0.290133,0.0580266,0.116053,0,0,0.0580266,0,0,0,0,0,0,0
87774,87786,87780,23.3,-155.095,19.9894,36.4742,-56.3333,558.405,2.16531,0.379461,18.1787,0.14372,9.80384e-05,0.528124,0.633749,0.422499,0.21125,0.21125,0.105625,0.0528124,0,0,0,0,0,0,0,0
87789,87800,87794,23.2,-155.097,19.9898,37.0564,-55.8627,557.101,1.70395,0.345097,19.9072,0.173058,0.000132248,0.567984,0.397589,0.227194,0.170395,0.170395,0.0567984,0.0567984,0.0567984,0,0,0,0,0,0,0
87801,87815,87808,23.1,-155.098,19.9901,37.5454,-56.7108,552.85,1.93243,0.325143,14.8233,0.136771,7.23635e-05,0.579729,0.434797,0.338175,0.289864,0.144932,0.144932,0,0,0,0,0,0,0,0,0
87816,87831,87824,23,-155.099,19.9903,38.1313,-56.8353,550.092,2.23592,0.418149,22.0771,0.158392,0.00013407,0.464059,0.75937,0.548434,0.0421872,0.210936,0.126562,0.0421872,0.0421872,0,0,0,0,0,0,0
87832,87847,87840,22.9,-155.1,19.9906,38.6831,-57.1477,547.051,2.25028,0.425524,23.4164,0.165089,0.000149918,0.635948,0.733786,0.244595,0.293514,0.146757,0.0489191,0.0978382,0.0489191,0,0,0,0,0,0,0
87849,87864,87856,22.8,-155.102,19.991,39.2264,-56.3936,546.77,2.41423,0.394495,18.2053,0.138445,9.29045e-05,0.819927,0.59217,0.273309,0.409964,0.182206,0.091103,0.0455515,0,0,0,0,0,0,0,0
87866,87883,87874,22.7,-155.104,19.9914,39.8018,-56.9271,543.17,2.45558,0.644916,40.6506,0.189097,0.000280465,0.366505,0.586408,0.476456,0.329854,0.183252,0.293204,0.183252,0,0.0366505,0,0,0,0,0,0
87884,87903,87894,22.6,-155.107,19.9915,40.3917,-56.8161,541.157,2.3658,0.440206,21.395,0.145807,0.000115291,0.617166,0.548592,0.377157,0.34287,0.274296,0.171435,0.034287,0,0,0,0,0,0,0,0
87904,87921,87912,22.5,-155.11,19.9914,41.0593,-56.3414,539.819,2.60723,0.563432,32.9067,0.175212,0.000219196,0.674283,0.674283,0.359618,0.359618,0.224761,0.134857,0.0899044,0.0899044,0,0,0,0,0,0,0
87922,87940,87931,22.4,-155.112,19.9911,41.635,-56.32,537.723,2.30055,0.635498,46.0856,0.217557,0.00029679,0.426027,0.340822,0.46863,0.46863,0.255616,0.170411,0.0852055,0.0426027,0,0.0426027,0,0,0,0,0
87941,87958,87950,22.3,-155.115,19.9907,42.2053,-55.7453,537.058,2.32202,0.532417,32.4493,0.182841,0.00022644,0.720626,0.600521,0.160139,0.240209,0.240209,0.160139,0.120104,0.0800695,0,0,0,0,0,0,0
87960,87973,87966,22.2,-155.117,19.9903,42.7815,-55.1138,536.544,2.54066,0.488397,28.8746,0.177363,0.000198679,1.15484,0.554325,0.184775,0.184775,0.184775,0.0923875,0.0923875,0.0923875,0,0,0,0,0,0,0
87978,87995,87986,22.1,-155.119,19.9899,43.4724,-55.3924,533.401,2.41009,0.625337,39.4019,0.189027,0.0002661,0.27943,0.384217,0.87322,0.209573,0.244502,0.27943,0.0349288,0.0698576,0.0349288,0,0,0,0,0,0
87996,88013,88004,22,-155.121,19.9896,44.1356,-56.3525,528.766,2.69471,0.597089,34.6188,0.173938,0.000219124,0.455443,0.493397,0.872933,0.265675,0.341583,0.113861,0.113861,0,0.0379536,0,0,0,0,0,0
88014,88030,88022,21.9,-155.123,19.9892,44.7627,-56.776,525.6,2.89466,0.685075,41.1619,0.180251,0.000277809,0.555141,0.753406,0.436182,0.515488,0.158612,0.27757,0.0793058,0.118959,0,0,0,0,0,0,0
88031,88047,88039,21.8,-155.125,19.9888,45.4181,-56.2831,524.618,2.68767,0.736088,50.1207,0.204272,0.000361004,0.559931,0.447945,0.634588,0.29863,0.261301,0.261301,0,0.186644,0.0373287,0,0,0,0,0,0
88049,88064,88056,21.7,-155.127,19.9885,46.1333,-56.374,522.065,2.86357,0.554812,28.3993,0.153562,0.000161842,0.735241,0.61915,0.386969,0.61915,0.270878,0.154788,0.0386969,0.0386969,0,0,0,0,0,0,0
88065,88081,88073,21.6,-155.129,19.9882,46.7915,-56.19,520.391,2.83922,0.608089,31.5858,0.155828,0.000183344,0.495737,0.630938,0.45067,0.630938,0.270402,0.270402,0.090134,0,0,0,0,0,0,0,0
88082,88099,88090,21.5,-155.131,19.988,47.4619,-56.7869,516.865,2.82723,0.598197,31.5001,0.157975,0.000189822,0.652438,0.543698,0.652438,0.144986,0.507452,0.217479,0.10874,0,0,0,0,0,0,0,0
88101,88116,88108,21.4,-155.133,19.9877,48.1987,-57.6033,512.641,3.28299,0.848065,54.2923,0.192057,0.000376851,0.687137,0.610789,0.53444,0.572614,0.343569,0.26722,0.114523,0.114523,0.0381743,0,0,0,0,0,0
88120,88135,88128,21.3,-155.134,19.9871,48.9573,-57.9947,509.441,3.28288,0.845183,51.1386,0.181518,0.000355058,0.541135,0.82974,0.432908,0.324681,0.685438,0.108227,0.288605,0.0721513,0,0,0,0,0,0,0
88136,88155,88146,21.2,-155.136,19.9866,49.635,-59.32,504.317,3.66866,1.0375,70.4702,0.20377,0.000519006,1.02598,0.466355,0.683987,0.279813,0.404174,0.404174,0.155452,0.217632,0.0310903,0,0,0,0,0,0
88156,88175,88166,21.1,-155.137,19.9862,50.3656,-59.85,500.967,3.64776,0.928353,56.699,0.183224,0.000380535,0.709286,0.743061,0.472857,0.540408,0.607959,0.337755,0.135102,0.067551,0.0337755,0,0,0,0,0,0
88176,88196,88186,21,-155.139,19.986,51.1178,-60.4383,497.483,3.63535,0.87121,50.4831,0.173838,0.000329724,0.626784,0.720802,0.752141,0.564106,0.40741,0.344731,0.125357,0.0940177,0,0,0,0,0,0,0
88197,88217,88207,20.9,-155.14,19.986,51.9416,-60.9047,494.119,3.25595,0.832264,47.6438,0.171738,0.000302185,0.26884,0.657164,0.567551,0.746778,0.53768,0.328582,0.0597422,0.0896133,0,0,0,0,0,0,0
88218,88237,88228,20.8,-155.142,19.9861,52.7026,-62.3837,488.648,3.73066,0.964584,55.8223,0.173616,0.000363585,0.722063,0.511461,0.361031,0.81232,0.752149,0.330945,0.180516,0.0601719,0,0,0,0,0,0,0
88239,88258,88248,20.7,-155.143,19.9865,53.558,-62.3895,486.388,4.10241,1.0628,64.537,0.182171,0.00043874,0.837227,0.641874,0.613966,0.669781,0.697689,0.334891,0.139538,0.167445,0,0,0,0,0,0,0
88259,88278,88268,20.6,-155.145,19.9872,54.4047,-62.5511,483.841,4.18116,1.05202,63.0015,0.179659,0.000426889,0.749724,0.807396,0.77856,0.663218,0.461369,0.374862,0.230684,0.115342,0,0,0,0,0,0,0
88279,88297,88288,20.5,-155.147,19.9877,55.2347,-62.8424,481.095,4.30625,1.06926,61.7332,0.173204,0.000400082,0.765556,0.797454,0.637963,0.733657,0.669861,0.478472,0.127593,0.0956945,0,0,0,0,0,0,0
88298,88316,88307,20.4,-155.149,19.988,56.0363,-62.7356,479.349,3.98981,0.883698,49.5018,0.16805,0.000312873,0.997453,0.63172,0.698217,0.664969,0.565223,0.232739,0.0997453,0.0997453,0,0,0,0,0,0,0
88317,88336,88326,20.3,-155.15,19.9882,56.8995,-63.8663,474.705,4.77929,1.20527,77.8347,0.193736,0.000536064,1.01208,1.01208,0.618496,0.955857,0.534156,0.281135,0.140567,0.140567,0.0843404,0,0,0,0,0,0
88337,88357,88347,20.2,-155.152,19.9883,57.8141,-64.0912,472.034,4.30354,1.00363,58.5573,0.175036,0.000377882,0.891448,0.799229,0.73775,0.799229,0.522573,0.307396,0.153698,0.0614791,0.0307396,0,0,0,0,0,0
88358,88378,88368,20.1,-155.154,19.9882,58.737,-63.2575,471.776,4.9606,1.31919,95.3189,0.216767,0.000630996,1.24664,0.909011,0.701237,0.857068,0.493463,0.337633,0.207774,0.129859,0,0.0779152,0,0,0,0,0
88380,88399,88390,20,-155.155,19.9879,59.6389,-64.3884,467.206,4.57828,1.15947,72.3032,0.187076,0.000495209,0.981061,0.899306,0.599537,0.817551,0.572285,0.381524,0.109007,0.190762,0.0272517,0,0,0,0,0,0
88401,88421,88411,19.9,-155.157,19.9881,60.5763,-65.2784,463.133,4.95372,1.07785,61.7708,0.171928,0.000385405,1.34106,0.875796,0.629479,1.04001,0.492635,0.383161,0.109475,0.0273686,0.0547373,0,0,0,0,0,0
88423,88444,88434,19.8,-155.158,19.9885,61.5606,-65.8022,459.851,4.59454,0.954027,53.711,0.168898,0.000343706,1.18475,1.04027,0.780204,0.693515,0.462343,0.173379,0.115586,0.144482,0,0,0,0,0,0,0
88446,88467,88456,19.7,-155.16,19.989,62.5412,-65.8369,457.698,4.43911,1.03622,64.8991,0.187892,0.000414886,1.25453,0.965023,0.321674,0.611181,0.772019,0.225172,0.225172,0.0321674,0,0.0321674,0,0,0,0,0
88468,88490,88479,19.6,-155.16,19.99,63.4905,-67.1868,452.765,4.59702,0.926359,50.5007,0.163546,0.00031797,1.46915,1.09002,0.426528,0.5924,0.47392,0.308048,0.189568,0.047392,0,0,0,0,0,0,0
88491,88511,88501,19.5,-155.16,19.9915,64.495,-67.252,450.604,4.40503,0.957785,56.5949,0.177268,0.000380938,1.15248,1.07565,0.665876,0.589044,0.460991,0.128053,0.153664,0.179274,0,0,0,0,0,0,0
88512,88533,88522,19.4,-155.161,19.9927,65.502,-67.5295,447.998,5.08674,1.13828,79.3066,0.209016,0.000402237,1.6009,0.800451,0.77463,0.852093,0.490599,0.438957,0,0.077463,0.025821,0,0.025821,0,0,0,0
88534,88554,88544,19.3,-155.163,19.9937,66.5311,-65.6474,450.094,5.10421,1.00353,58.0846,0.173641,0.00036426,1.66558,0.940249,0.859656,0.779063,0.537285,0.0805928,0.134321,0.0268643,0.0805928,0,0,0,0,0,0
88555,88575,88565,19.2,-155.164,19.9945,67.5518,-67.2694,444.641,5.22965,0.985297,55.4492,0.16883,0.000344249,1.83338,0.991829,1.02188,0.540998,0.390721,0.240443,0.120222,0.0300554,0.0601109,0,0,0,0,0,0
88576,88595,88586,19.1,-155.166,19.995,68.6278,-66.4539,444.387,5.26634,0.961215,52.2409,0.163046,0.000320898,1.88084,1.09957,1.01276,0.434039,0.347231,0.28936,0.115744,0.0578719,0.028936,0,0,0,0,0,0
88596,88615,88606,19,-155.168,19.9953,69.7283,-67.4044,440.344,5.13855,1.011,64.2229,0.190572,0.000401353,1.86856,1.13866,0.583926,0.817496,0.379552,0.145981,0.0291963,0.0875889,0.0583926,0.0291963,0,0,0,0,0
88617,88637,88627,18.9,-155.169,19.9958,70.8495,-65.9584,441.414,5.49614,1.04322,56.9243,0.163698,0.000351316,1.85019,1.36043,0.625798,0.59859,0.544173,0.299295,0.136043,0.0544173,0.0272086,0,0,0,0,0,0
88638,88660,88649,18.8,-155.171,19.9965,72.0733,-65.9728,439.23,5.48277,1.04938,56.6786,0.162034,0.000345107,1.8647,1.11325,0.723614,0.779277,0.473132,0.306145,0.166988,0.0278313,0.0278313,0,0,0,0,0,0
88663,88682,88672,18.7,-155.171,19.9972,73.2437,-65.5289,438.16,6.18465,0.979812,50.4709,0.154532,0.000290131,2.71212,1.47012,0.65902,0.557632,0.456245,0.177428,0.0760408,0.0253469,0.0506938,0,0,0,0,0,0
88683,88704,88694,18.6,-155.172,19.9982,74.3355,-66.318,434.638,4.87499,0.89637,47.2658,0.158191,0.000276902,1.88405,0.847825,0.565216,0.659419,0.494564,0.32971,0.0235507,0.0471014,0.0235507,0,0,0,0,0,0
88705,88728,88716,18.5,-155.171,19.9997,75.4356,-65.63,434.27,5.46943,1.08493,82.7959,0.228943,0.000359861,1.8145,1.39976,0.933173,0.622116,0.285136,0.233293,0.103686,0.0259215,0,0.0259215,0,0,0.0259215,0,0
88729,88752,88740,18.4,-155.171,20.0019,76.7228,-65.75,431.919,5.15607,0.907092,51.877,0.171572,0.000304926,2.08275,1.16837,0.482588,0.838179,0.203195,0.203195,0.0761981,0.0761981,0,0.0253994,0,0,0,0,0
88753,88775,88764,18.3,-155.171,20.0041,77.9482,-66.3665,428.689,5.86746,0.993208,57.2021,0.17278,0.000335548,2.49166,1.17885,0.91093,0.589425,0.428673,0.0803762,0.0535841,0.0803762,0.0267921,0.0267921,0,0,0,0,0
88776,88800,88788,18.2,-155.17,20.0062,79.1847,-66.0621,427.401,5.7767,0.926522,44.5138,0.144132,0.000246054,2.32506,1.3423,0.83894,0.407485,0.455424,0.263667,0.119849,0.0239697,0,0,0,0,0,0,0
88800,88820,88810,18.1,-155.169,20.0081,80.3906,-65.1133,427.497,6.3795,1.12666,60.6525,0.161502,0.000363392,2.46707,1.19616,1.09648,0.573159,0.672838,0.17444,0.0747598,0.0747598,0.0498399,0,0,0,0,0,0
