data/B2SAP/Locations/Hawaii/NOAA-POPS-B2SAP_GMLBalloon_20230920_R0.ict
61,1001
Thornberry, T. D.
NOAA Chemical Sciences Laboratory
Portable Optical Particle Spectrometer (POPS)
Balloon Baseline Stratospheric Aerosol Profiles (B2SAP)
1,1
2023,09,20,2024,05,28
0
TIME_START,s,Seconds since midnight UTC on flight start day,Start time of 100 m altitude bin in UTC_seconds_since_midnight
28
1.0,1.0,1.0,1.0,1.0,1.0,1.0,1.0,1.0,1.0,1.0,1.0,1.0,1.0,1.0,1.0,1.0,1.0,1.0,1.0,1.0,1.0,1.0,1.0,1.0,1.0,1.0,1.0
99999,99999,99999,99999,99999,99999,99999,99999,99999,99999,99999,99999,99999,99999,99999,99999,99999,99999,99999,99999,99999,99999,99999,99999,99999,99999,99999,99999
TIME_STOP,s,End time of 100 m altitude bin in UTC seconds since midnight,
TIME_MID,s,Mid time of 100 m altitude in UTC seconds since midnight,
GPSAlt,m,GPS reported altitude above sea level (m),
GPS_Lon,deg,GPS reported longitude,
GPS_Lat,deg,GPS reported latitude,
iMet_Pressure,mb,Pressure reported (mB),
iMet_Temperature,degrees C,Ambient temperature (oC),
THETA,K,Potential temperature from iMet,
Aerosol_concentration,cm^-3,Aerosol concentration,
Surface_Area_Conc,um^2 cm^-3,Surface area concentration,
Volume_density,um^3 cm^-3,Volume density,
Effective_radius,um,Effective radius,
Extinction,km^-1,Extinction,
Bin01,cm^-3,particle concentration in size range [140 - 170 nm],
Bin02,cm^-3,particle concentration in size range [170 - 205 nm],
Bin03,cm^-3,particle concentration in size range [205 - 249 nm],
Bin04,cm^-3,particle concentration in size range [249 - 302 nm],
Bin05,cm^-3,particle concentration in size range [302 - 366 nm],
Bin06,cm^-3,particle concentration in size range [366 - 443 nm],
Bin07,cm^-3,particle concentration in size range [443 - 537 nm],
Bin08,cm^-3,particle concentration in size range [537 - 651 nm],
Bin09,cm^-3,particle concentration in size range [651 - 789 nm],
Bin10,cm^-3,particle concentration in size range [789 - 956 nm],
Bin11,cm^-3,particle concentration in size range [956 - 1159 nm],
Bin12,cm^-3,particle concentration in size range [1159 - 1404 nm],
Bin13,cm^-3,particle concentration in size range [1404 - 1702 nm],
Bin14,cm^-3,particle concentration in size range [1702 - 2062 nm],
Bin15,cm^-3,particle concentration in size range [2062 - 2500 nm],
0
19
PI_CONTACT_INFO: 325 Broadway R/CSL6, Boulder, CO 80305; troy.thornberry@noaa.gov; 303-497-3373 
PLATFORM: GML ECC/FPH balloon
LOCATION: Hilo, HI, USA
ASSOCIATED_DATA: N/A
INSTRUMENT_INFO: Printed Optical Particle Spectrometer counts particles from 140 - 2500 nm in diameter 
DATA_INFO: Particle concentrations reported in number per cubic centimeter, binned to 100 m altitude
UNCERTAINTY: Counting uncertainty dominated by air flow, less than 5 percent
ULOD_FLAG: -77777
ULOD_VALUE: 3000 ~3000 per cm3 (varies depending on flow rate- manufacturer quotes 1250  per cm3 at 1.667 cc/s)
LLOD_FLAG: -88888
LLOD_VALUE: 0 0 (varies depending on data field and measurement precision)
DM_CONTACT_INFO: Troy Thornberry, 325 Broadway R/CSL6, Boulder, CO 80305; troy.thornberry@noaa.gov; 303-497-3373
PROJECT_INFO: B2SAP Hilo, HI, USA
STIPULATIONS_ON_USE: Please contact the PIs for questions regarding applications and uncertainties
OTHER_COMMENTS: POPS bin Edges (nm):  140, 170, 205, 249, 302, 366, 443, 537, 651, 789, 956, 1159, 1404, 1702, 2062, 2500
Calculations assume sulfate refractive index of 1.45+0.00j and extinction wavelength = 532 nm
REVISION: R0
R0: QA/QC data
TIME_START,TIME_STOP,TIME_MID,GPSAlt,GPS_Lon,GPS_Lat,iMet_Pressure,iMet_Temperature,THETA,Aerosol_concentration,Surface_Area_Conc,Volume_density,Effective_radius,Extinction,Bin01,Bin02,Bin03,Bin04,Bin05,Bin06,Bin07,Bin08,Bin09,Bin10,Bin11,Bin12,Bin13,Bin14,Bin15
[from data line 329]
79718,79724,79721,23.6,-155.33,19.7658,22.82,-56.27,638.668,3.10807,0.673177,39.2837,0.175067,0.000271694,0.740017,1.33203,0.148003,0.148003,0.148003,0.296007,0.296007,0,0,0,0,0,0,0,0
79731,79743,79737,23.5,-155.333,19.7663,23.3033,-56.7467,633.46,1.84049,0.500223,30.9871,0.18584,0.000212148,0.387472,0.0968681,0.581209,0.0968681,0.290604,0.290604,0,0.0968681,0,0,0,0,0,0,0
79749,79760,79754,23.4,-155.336,19.7664,23.73,-57.2133,628.832,2.10708,0.905349,68.7986,0.227974,0.000553837,0.287329,0.287329,0.0957762,0.287329,0.287329,0.287329,0.287329,0.287329,0,0,0,0,0,0,0
79765,79779,79772,23.3,-155.339,19.7664,24.4175,-57.54,622.772,1.64358,0.369376,22.2168,0.180441,0.000152468,0.50022,0.3573,0.14292,0.21438,0.28584,0,0.07146,0.07146,0,0,0,0,0,0,0
79783,79796,79790,23.2,-155.342,19.7664,24.9475,-58.05,617.504,2.4822,0.701284,50.7497,0.217101,0.000375696,0.49644,0.42552,0.7092,0.3546,0,0.21276,0.07092,0.14184,0.07092,0,0,0,0,0,0
79800,79812,79806,23.1,-155.345,19.7662,25.435,-57.6375,615.276,2.38308,0.975896,85.9011,0.264069,0.000621906,0.560724,0.210272,0.210272,0.420543,0.210272,0.420543,0.0700906,0.140181,0.0700906,0.0700906,0,0,0,0,0
79816,79828,79822,23,-155.348,19.766,26.0275,-57.4425,611.786,1.82071,0.664685,52.362,0.236332,0.000392219,0.280109,0.420163,0.0700272,0.210082,0.350136,0.280109,0.0700272,0,0.140054,0,0,0,0,0,0
79832,79847,79840,22.9,-155.351,19.7657,26.504,-57.634,608.088,1.48482,0.586145,50.409,0.258003,0.000401473,0.494939,0.109986,0.16498,0.109986,0.219973,0.109986,0,0.16498,0.109986,0,0,0,0,0,0
79850,79864,79857,22.8,-155.353,19.7652,27.166,-57.452,604.332,2.23563,0.721078,61.4831,0.255796,0.000435614,0.708857,0.381692,0.327165,0.109055,0.21811,0.21811,0.109055,0.0545275,0.0545275,0.0545275,0,0,0,0,0
79867,79880,79874,22.7,-155.356,19.7647,27.67,-56.946,602.56,2.47406,0.835457,61.3858,0.220427,0.000471485,0.376488,0.591623,0.26892,0.26892,0.322704,0.215136,0.215136,0.161352,0.0537839,0,0,0,0,0,0
79883,79898,79890,22.6,-155.358,19.7647,28.1883,-57.55,597.714,2.06102,0.916655,83.3897,0.272915,0.000644208,0.582461,0.134414,0.179219,0.268828,0.313633,0.0896094,0.0896094,0.268828,0.0896094,0.0448047,0,0,0,0,0
79901,79915,79908,22.5,-155.361,19.7652,28.7683,-58.9067,590.497,2.80538,1.1447,92.6997,0.242944,0.000732648,0.578888,0.400769,0.222649,0.178119,0.534358,0.356239,0.0890597,0.311709,0.13359,0,0,0,0,0,0
79918,79933,79926,22.4,-155.363,19.7657,29.3429,-58.9971,586.927,1.74187,0.740438,63.0665,0.255524,0.000497079,0.416533,0.189333,0.2272,0.0757333,0.189333,0.3408,0.0378667,0.1136,0.151467,0,0,0,0,0,0
79936,79951,79944,22.3,-155.365,19.7663,30.01,-59.438,581.975,2.04487,0.841984,75.4612,0.268869,0.000560051,0.524325,0.367028,0.104865,0.157298,0.20973,0.314595,0.157298,0.0524325,0.104865,0.0524325,0,0,0,0,0
79956,79970,79963,22.2,-155.367,19.767,30.7333,-59.3817,578.167,2.05307,0.647511,47.5483,0.220297,0.000363892,0.611551,0.262093,0.262093,0.262093,0.0873645,0.262093,0.131047,0.131047,0.0436822,0,0,0,0,0,0
79973,79986,79980,22.1,-155.368,19.7678,31.25,-60.068,573.58,1.99833,0.884964,79.9001,0.270859,0.000599383,0.315525,0.21035,0.262938,0.4207,0.21035,0.105175,0.21035,0.105175,0.105175,0.0525875,0,0,0,0,0
79995,80006,80000,22,-155.371,19.7691,32.0433,-60.4833,568.374,2.10761,0.823096,69.5619,0.253538,0.000548057,0.439085,0.351268,0.263451,0.351268,0.087817,0.175634,0.175634,0.087817,0.175634,0,0,0,0,0,0
80010,80023,80016,21.9,-155.373,19.77,32.66,-60.7,564.715,1.84604,0.760041,67.5204,0.266514,0.00054122,0.46151,0.19779,0.39558,0.19779,0.06593,0.06593,0.19779,0.06593,0.19779,0,0,0,0,0,0
80025,80029,80027,21.8,-155.374,19.7705,33.1,-60.6933,562.569,2.2855,0.824642,68.6127,0.249609,0.00053344,0.615327,0.351615,0.351615,0.263712,0,0.351615,0.0879038,0.0879038,0.175808,0,0,0,0,0,0
80044,80044,80044,21.7,-155.376,19.7716,33.7,-61.26,558.209,3.43742,1.48069,139.039,0.281706,0.00111276,0.264417,1.32208,0.79325,0,0,0.264417,0.264417,0,0.528834,0,0,0,0,0,0
80061,80076,80068,21.6,-155.38,19.7731,34.8467,-60.9167,553.793,2.36161,0.581408,35.6518,0.18396,0.000247105,0.524803,0.437336,0.262401,0.699737,0.0874671,0.0874671,0.174934,0.0874671,0,0,0,0,0,0,0
80088,80093,80090,21.5,-155.384,19.7744,35.6367,-60.79,550.576,1.67093,0.290099,16.3603,0.169187,0.000104688,0.615607,0.439719,0.175888,0.351775,0,0,0,0.0879439,0,0,0,0,0,0,0
80099,80115,80107,21.4,-155.387,19.7752,36.1025,-60.015,550.544,1.90582,0.849216,77.336,0.273203,0.000575291,0.394308,0.32859,0.131436,0.131436,0.262872,0.197154,0.262872,0.0657181,0.0657181,0.0657181,0,0,0,0,0
80119,80128,80124,21.3,-155.389,19.7757,36.7733,-60.1533,547.293,2.27971,0.748504,98.7548,0.395809,0.000344936,0.87681,0.613767,0.263043,0.263043,0.087681,0,0,0.087681,0,0,0.087681,0,0,0,0
80137,80149,80143,21.2,-155.392,19.7762,37.4633,-59.78,545.354,2.12914,0.830016,70.5841,0.255118,0.000556989,0.648,0.185143,0.0925715,0.370286,0.370286,0,0.185143,0.0925715,0.185143,0,0,0,0,0,0
80156,80171,80164,21.1,-155.395,19.7771,38.2325,-61.05,538.968,3.12363,1.16969,94.9778,0.243598,0.000735235,0.581141,0.581141,0.435856,0.145285,0.581141,0.29057,0.145285,0.145285,0.217928,0,0,0,0,0,0
80174,80190,80182,21,-155.397,19.778,39.008,-61.098,535.761,2.38322,0.839382,76.254,0.272536,0.000562702,0.697527,0.6394,0.174382,0.232509,0.0581273,0.174382,0.174382,0.0581273,0.116255,0.0581273,0,0,0,0,0
80195,80212,80204,20.9,-155.401,19.7789,39.8133,-62.4533,529.242,3.02256,1.57272,161.201,0.307495,0.00121925,0.780016,0.390008,0.195004,0.438759,0.292506,0.048751,0.243755,0.243755,0.243755,0.146253,0,0,0,0,0
80213,80228,80220,20.8,-155.404,19.7794,40.4475,-63.01,525.464,3.16857,1.33253,136.26,0.30677,0.000994283,1.10531,0.442126,0.589501,0.147375,0,0.29475,0.147375,0.0736876,0.221063,0.147375,0,0,0,0,0
80231,80248,80240,20.7,-155.408,19.7798,41.282,-63.022,522.379,2.47359,0.848684,79.1016,0.279615,0.000534616,0.824529,0.23558,0.471159,0.176685,0.35337,0.11779,0.0588949,0.11779,0,0.11779,0,0,0,0,0
80251,80270,80260,20.6,-155.411,19.7801,42.1817,-63.0017,519.214,2.34615,1.55242,202.461,0.391248,0.00110633,0.586538,0.342147,0.195513,0.293269,0.146635,0.195513,0,0.195513,0.195513,0.0977563,0.0977563,0,0,0,0
80274,80292,80283,20.5,-155.414,19.7803,43.05,-62.602,517.19,2.7515,1.05401,92.8148,0.264176,0.000677409,0.643967,0.351255,0.409797,0.351255,0.23417,0.351255,0.175627,0,0.175627,0.0585425,0,0,0,0,0
80293,80307,80300,20.4,-155.416,19.7803,43.746,-62.502,515.069,2.51613,1.35007,144.987,0.322176,0.00106743,0.936235,0.117029,0.292573,0,0.351088,0.175544,0.117029,0.175544,0.175544,0.175544,0,0,0,0,0
80311,80324,80318,20.3,-155.419,19.7802,44.58,-62.746,511.703,1.81606,0.534722,38.6966,0.217103,0.000305977,0.70299,0.23433,0.175748,0.175748,0.117165,0.0585825,0.175748,0.175748,0,0,0,0,0,0,0
80325,80347,80336,20.2,-155.421,19.7803,45.3257,-62.7414,509.295,2.13403,0.538918,37.3565,0.207953,0.000261676,0.627656,0.460281,0.251063,0.33475,0.0418438,0.292906,0.0418438,0,0.0836875,0,0,0,0,0,0
80348,80364,80356,20.1,-155.423,19.7804,46.0357,-63.5714,505.035,2.47856,1.08156,129.381,0.358874,0.000750692,1.00823,0.588133,0.0840189,0.168038,0.0420095,0.210047,0.0420095,0.0840189,0.0840189,0.126028,0.0420095,0,0,0,0
80368,80385,80376,20,-155.425,19.7807,46.5588,-64.0738,502.205,2.24764,0.778695,82.4304,0.317571,0.000440396,0.700085,0.405313,0.442159,0.147386,0.184233,0.0736932,0.11054,0.0736932,0.0368466,0.0368466,0.0368466,0,0,0,0
80391,80407,80399,19.9,-155.427,19.7808,46.762,-64.454,500.671,2.42154,1.05943,121.058,0.342801,0.00062662,0.767806,0.354372,0.177186,0.236248,0.236248,0.354372,0.059062,0.059062,0.059062,0.059062,0.059062,0,0,0,0
80408,80429,80418,19.8,-155.429,19.7811,46.8729,-65.6043,497.576,2.71494,1.36709,157.13,0.344814,0.00101556,1.06052,0.424209,0.169684,0.127263,0.127263,0.169684,0.127263,0.127263,0.254526,0.0848419,0.0424209,0,0,0,0
80430,80448,80439,19.7,-155.431,19.7814,46.9814,-65.8886,496.562,3.01602,1.49197,174.067,0.350007,0.00112618,1.31685,0.50975,0.0849583,0.127437,0.127437,0.169917,0.127437,0.127437,0.254875,0.127437,0.0424791,0,0,0,0
80449,80468,80458,19.6,-155.433,19.7816,47.6556,-65.81,494.725,2.67517,0.729881,70.1383,0.288287,0.000365758,1.25502,0.429348,0.297241,0.132107,0.0660536,0.363295,0,0,0.0990804,0,0.0330268,0,0,0,0
80469,80490,80480,19.5,-155.435,19.7817,48.7811,-66.1489,490.64,2.0841,0.524246,39.8724,0.22817,0.000265806,0.727779,0.39697,0.297728,0.132323,0.264647,0.132323,0.0330809,0.0330809,0.0330809,0.0330809,0,0,0,0,0
80491,80512,80502,19.4,-155.437,19.782,49.7167,-65.7067,489.022,3.17604,0.725153,54.8259,0.226818,0.000377436,1.15793,0.959427,0.363921,0.132335,0.165418,0.198502,0,0.0992511,0.0661674,0.0330837,0,0,0,0,0
80513,80533,80523,19.3,-155.439,19.7825,50.4889,-67.2467,483.268,2.59984,0.670305,48.2332,0.215871,0.000350433,0.866613,0.499969,0.299982,0.299982,0.26665,0.133325,0.0666626,0.0666626,0.0999938,0,0,0,0,0,0
80534,80553,80544,19.2,-155.442,19.7831,51.1445,-65.6664,485.168,3.59143,0.79201,57.0011,0.215911,0.000396376,1.59319,0.8371,0.243029,0.243029,0.243029,0.162019,0.0810097,0.108013,0.0540064,0.0270032,0,0,0,0,0
80554,80575,80564,19.1,-155.443,19.7831,52.6742,-64.9883,482.717,3.89823,1.10516,116.818,0.317107,0.000496437,1.40632,0.986893,0.444102,0.370085,0.123362,0.271396,0.148034,0.0493447,0,0.0246723,0.0493447,0.0246723,0,0,0
80576,80595,80586,19,-155.445,19.7823,55.2356,-66.5967,472.513,3.44787,0.69107,46.62,0.202382,0.000336926,1.49187,0.994578,0.364678,0.0994578,0.0994578,0.13261,0.0663052,0.13261,0.0663052,0,0,0,0,0,0
80596,80609,80602,18.9,-155.447,19.7813,56.8183,-67.4083,466.867,3.09535,0.509543,32.0981,0.188982,0.00020711,1.49775,0.698951,0.449326,0.149775,0.1997,0,0,0,0.0998501,0,0,0,0,0,0
80610,80639,80624,18.8,-155.448,19.7806,58.2375,-67.635,463.076,3.60756,0.799247,68.4286,0.256849,0.000431032,1.91652,0.676418,0.30063,0.187894,0.150315,0.187894,0.0375788,0.0375788,0,0.112736,0,0,0,0,0
80640,80647,80644,18.7,-155.45,19.7799,59.9425,-67.9775,458.493,3.71722,1.16847,112.578,0.28904,0.000797903,1.80229,0.750953,0.262834,0.0750953,0.150191,0.150191,0.112643,0.225286,0.0375477,0.150191,0,0,0,0,0
80667,80676,80672,18.6,-155.451,19.7791,62.7587,-69.3012,449.603,3.5617,0.832695,68.5567,0.246993,0.000501178,1.73944,0.911134,0.289906,0.165661,0.0414152,0.0414152,0.0414152,0.207076,0.0828303,0.0414152,0,0,0,0,0
80677,80704,80690,18.5,-155.452,19.7786,64.7364,-68.9664,446.368,4.2379,0.932755,82.075,0.263976,0.000436311,2.04273,0.884166,0.518304,0.152442,0.274396,0.121954,0.060977,0.060977,0.060977,0.0304885,0.0304885,0,0,0,0
80705,80724,80714,18.4,-155.453,19.7782,65.795,-69.4667,443.222,4.04938,0.863116,80.6072,0.280173,0.000307765,1.85596,0.787379,0.562414,0.337448,0.168724,0.224965,0,0.0562414,0,0,0.0562414,0,0,0,0
80750,80770,80760,18.2,-155.455,19.7789,68.8,-69.75,436.991,5.04998,1.77318,209.733,0.354842,0.00104087,2.18833,0.953886,0.673331,0.280555,0.224444,0.112222,0.112222,0.224444,0.0561109,0.112222,0.112222,0,0,0,0
80771,80789,80780,18.1,-155.456,19.7793,69.76,-69.86,435.031,5.48581,1.32306,130.297,0.295446,0.000705628,2.88727,0.962422,0.818059,0.240606,0.0962422,0,0.0481211,0.240606,0.0962422,0.0481211,0,0.0481211,0,0,0
80797,80811,80804,18,-155.458,19.7794,71.7383,-70.2683,430.704,4.99579,1.1196,94.6607,0.253645,0.000644501,2.69436,0.954252,0.561325,0.168397,0.0561325,0.112265,0.168397,0.112265,0.0561325,0.112265,0,0,0,0,0
80815,80840,80828,17.9,-155.46,19.7793,72.916,-70.22,428.795,5.40564,0.919333,62.0094,0.202351,0.000379712,2.83796,1.1487,0.608135,0.202712,0.337853,0,0.135141,0.0675705,0,0.0675705,0,0,0,0,0
80844,80858,80851,17.8,-155.46,19.7794,73.2667,-69.7467,429.205,4.92166,1.34287,158.704,0.354547,0.000600471,2.34897,1.0067,0.671135,0.335568,0.111856,0.111856,0.111856,0,0.111856,0,0,0.111856,0,0,0
80868,80888,80878,17.7,-155.46,19.7802,74.4033,-69.14,428.603,6.69139,0.931175,53.265,0.171606,0.000333541,3.56874,1.67285,1.00371,0.223046,0,0,0,0.111523,0.111523,0,0,0,0,0,0
80889,80912,80900,17.6,-155.46,19.7816,74.6971,-70.1814,425.942,6.29336,0.849132,51.279,0.18117,0.000288378,3.74719,1.48927,0.576491,0.144123,0.144123,0.0480409,0.0480409,0,0.0480409,0.0480409,0,0,0,0,0
80915,80934,80924,17.5,-155.46,19.783,77.212,-71.53,419.134,7.24466,0.934388,45.1403,0.14493,0.000244754,3.92701,1.82809,0.812486,0.203121,0.203121,0.135414,0.0677071,0,0.0677071,0,0,0,0,0,0
80937,80957,80947,17.4,-155.459,19.7843,78.8917,-72.525,414.498,6.94341,1.02121,51.3369,0.150812,0.000292158,2.95949,1.99196,0.967524,0.455306,0.227653,0.113826,0.17074,0,0.0569132,0,0,0,0,0,0
80960,80982,80971,17.3,-155.459,19.7854,78.3489,-73.8111,412.658,6.27751,0.784006,40.7784,0.156039,0.000204847,3.57628,1.674,0.494592,0.228273,0.114137,0.076091,0.076091,0,0,0.0380455,0,0,0,0,0
80985,81006,80996,17.2,-155.459,19.7864,78.0113,-73.8038,413.18,5.5365,0.818062,65.7475,0.241109,0.000204294,3.13306,1.33048,0.472105,0.386267,0.0858372,0.0429186,0,0.0429186,0,0,0,0.0429186,0,0,0
81009,81030,81020,17.1,-155.459,19.7874,80.3812,-74.34,408.562,5.72367,0.945492,73.8127,0.234204,0.00026351,2.62514,1.54926,0.946772,0.129105,0.17214,0.129105,0.129105,0,0,0,0,0.0430351,0,0,0
81033,81054,81044,17,-155.46,19.7888,82.2014,-74.8743,404.867,4.47519,0.489679,19.5166,0.119568,9.04831e-05,3.04903,0.688491,0.393424,0.196712,0,0.049178,0.0983559,0,0,0,0,0,0,0,0
81057,81077,81067,16.9,-155.461,19.7896,84.8778,-74.4544,402.024,5.71519,0.828902,52.4899,0.189974,0.000312534,3.78438,0.926788,0.270313,0.308929,0.154465,0.154465,0,0,0.0772323,0.0386162,0,0,0,0,0
81080,81103,81092,16.8,-155.461,19.79,84.327,-74.262,403.164,6.17262,0.723991,36.3828,0.15076,0.000204174,4.28226,0.887315,0.617262,0.192894,0.0771578,0,0,0.0385789,0.0771578,0,0,0,0,0,0
81109,81126,81118,16.7,-155.461,19.7901,86.1243,-73.61,402.084,5.26038,0.551156,24.5769,0.133775,0.000120384,3.61651,1.15071,0.219183,0.164387,0.0547957,0,0,0,0.0547957,0,0,0,0,0,0
81129,81150,81140,16.6,-155.461,19.7901,87.717,-73.295,400.582,6.258,0.691628,28.0125,0.121507,0.00013353,4.33837,0.959816,0.537497,0.115178,0.0383927,0.153571,0.115178,0,0,0,0,0,0,0,0
81153,81175,81164,16.5,-155.459,19.7905,87.482,-73.373,400.73,6.06841,0.594388,20.1353,0.101627,6.51463e-05,3.91758,1.30586,0.576115,0.153631,0.0384077,0.0384077,0.0384077,0,0,0,0,0,0,0,0
81178,81209,81194,16.4,-155.457,19.7917,92.3933,-74.0533,393.252,6.20879,0.760466,54.3526,0.214418,0.000176022,4.43945,1.12595,0.289529,0.193019,0.0643398,0,0,0.0643398,0,0,0,0.0321699,0,0,0
81210,81234,81222,16.3,-155.453,19.7937,97.7291,-75.5445,384.036,4.34302,0.454374,16.672,0.110076,6.52596e-05,2.93065,0.7768,0.317782,0.0706182,0.176545,0.0353091,0.0353091,0,0,0,0,0,0,0,0
81235,81260,81248,16.2,-155.45,19.7962,99.32,-75.8391,381.699,2.8183,0.258377,8.22589,0.0955103,2.22361e-05,2.0785,0.422745,0.176144,0.105686,0,0.0352287,0,0,0,0,0,0,0,0,0
81261,81289,81275,16.1,-155.447,19.7993,103.574,-76.17,376.515,2.32787,0.254172,10.7371,0.126731,5.45634e-05,1.46877,0.60968,0.138564,0.0277127,0.0277127,0,0.0277127,0.0277127,0,0,0,0,0,0,0
81290,81316,81303,16,-155.444,19.802,106.123,-75.4554,375.265,2.47802,0.301808,12.1677,0.120948,5.43171e-05,1.22408,0.68668,0.358268,0.0298556,0.0895669,0.0597113,0.0298556,0,0,0,0,0,0,0,0
81318,81342,81330,15.9,-155.441,19.804,108.38,-74.9117,374.042,3.23896,0.405235,16.4152,0.121524,7.34536e-05,1.4431,0.962068,0.481034,0.128276,0.160345,0,0.0641379,0,0,0,0,0,0,0,0
81343,81364,81354,15.8,-155.439,19.8054,110.458,-74.41,372.954,3.4309,0.444855,22.0219,0.148511,0.000122837,1.98164,0.739419,0.384498,0.0887302,0.118307,0.0591535,0,0.0295767,0.0295767,0,0,0,0,0,0
81369,81391,81380,15.7,-155.436,19.8065,112.563,-73.4679,372.715,3.65782,0.553392,33.6744,0.182552,0.000202264,2.04729,0.87351,0.272972,0.163783,0.0818916,0.0818916,0.0545944,0.0545944,0,0.0272972,0,0,0,0,0
81398,81414,81406,15.6,-155.433,19.8071,114.652,-72.9833,371.649,2.95632,0.306657,10.1821,0.0996109,2.80968e-05,1.68478,0.603979,0.476825,0.0953651,0.0953651,0,0,0,0,0,0,0,0,0,0
