data/B2SAP/Locations/Hawaii/NOAA-POPS-B2SAP_GMLBalloon_20230920_R0.ict
61,1001
Thornberry, T. D.
NOAA Chemical Sciences Laboratory
Portable Optical Particle Spectrometer (POPS)
Balloon Baseline Stratospheric Aerosol Profiles (B2SAP)
1,1
2023,09,20,2024,05,28
0
TIME_START,s,Seconds since midnight UTC on flight start day,Start time of 100 m altitude bin in UTC_seconds_since_midnight
28
1.0,1.0,1.0,1.0,1.0,1.0,1.0,1.0,1.0,1.0,1.0,1.0,1.0,1.0,1.0,1.0,1.0,1.0,1.0,1.0,1.0,1.0,1.0,1.0,1.0,1.0,1.0,1.0
99999,99999,99999,99999,99999,99999,99999,99999,99999,99999,99999,99999,99999,99999,99999,99999,99999,99999,99999,99999,99999,99999,99999,99999,99999,99999,99999,99999
TIME_STOP,s,End time of 100 m altitude bin in UTC seconds since midnight,
TIME_MID,s,Mid time of 100 m altitude in UTC seconds since midnight,
GPSAlt,m,GPS reported altitude above sea level (m),
GPS_Lon,deg,GPS reported longitude,
GPS_Lat,deg,GPS reported latitude,
iMet_Pressure,mb,Pressure reported (mB),
iMet_Temperature,degrees C,Ambient temperature (oC),
THETA,K,Potential temperature from iMet,
Aerosol_concentration,cm^-3,Aerosol concentration,
Surface_Area_Conc,um^2 cm^-3,Surface area concentration,
Volume_density,um^3 cm^-3,Volume density,
Effective_radius,um,Effective radius,
Extinction,km^-1,Extinction,
Bin01,cm^-3,particle concentration in size range [140 - 170 nm],
Bin02,cm^-3,particle concentration in size range [170 - 205 nm],
Bin03,cm^-3,particle concentration in size range [205 - 249 nm],
Bin04,cm^-3,particle concentration in size range [249 - 302 nm],
Bin05,cm^-3,particle concentration in size range [302 - 366 nm],
Bin06,cm^-3,particle concentration in size range [366 - 443 nm],
Bin07,cm^-3,particle concentration in size range [443 - 537 nm],
Bin08,cm^-3,particle concentration in size range [537 - 651 nm],
Bin09,cm^-3,particle concentration in size range [651 - 789 nm],
Bin10,cm^-3,particle concentration in size range [789 - 956 nm],
Bin11,cm^-3,particle concentration in size range [956 - 1159 nm],
Bin12,cm^-3,particle concentration in size range [1159 - 1404 nm],
Bin13,cm^-3,particle concentration in size range [1404 - 1702 nm],
Bin14,cm^-3,particle concentration in size range [1702 - 2062 nm],
Bin15,cm^-3,particle concentration in size range [2062 - 2500 nm],
0
19
PI_CONTACT_INFO: 325 Broadway R/CSL6, Boulder, CO 80305; troy.thornberry@noaa.gov; 303-497-3373 
PLATFORM: GML ECC/FPH balloon
LOCATION: Hilo, HI, USA
ASSOCIATED_DATA: N/A
INSTRUMENT_INFO: Printed Optical Particle Spectrometer counts particles from 140 - 2500 nm in diameter 
DATA_INFO: Particle concentrations reported in number per cubic centimeter, binned to 100 m altitude
UNCERTAINTY: Counting uncertainty dominated by air flow, less than 5 percent
ULOD_FLAG: -77777
ULOD_VALUE: 3000 ~3000 per cm3 (varies depending on flow rate- manufacturer quotes 1250  per cm3 at 1.667 cc/s)
LLOD_FLAG: -88888
LLOD_VALUE: 0 0 (varies depending on data field and measurement precision)
DM_CONTACT_INFO: Troy Thornberry, 325 Broadway R/CSL6, Boulder, CO 80305; troy.thornberry@noaa.gov; 303-497-3373
PROJECT_INFO: B2SAP Hilo, HI, USA
STIPULATIONS_ON_USE: Please contact the PIs for questions regarding applications and uncertainties
OTHER_COMMENTS: POPS bin Edges (nm):  140, 170, 205, 249, 302, 366, 443, 537, 651, 789, 956, 1159, 1404, 1702, 2062, 2500
Calculations assume sulfate refractive index of 1.45+0.00j and extinction wavelength = 532 nm
REVISION: R0
R0: QA/QC data
TIME_START,TIME_STOP,TIME_MID,GPSAlt,GPS_Lon,GPS_Lat,iMet_Pressure,iMet_Temperature,THETA,Aerosol_concentration,Surface_Area_Conc,Volume_density,Effective_radius,Extinction,Bin01,Bin02,Bin03,Bin04,Bin05,Bin06,Bin07,Bin08,Bin09,Bin10,Bin11,Bin12,Bin13,Bin14,Bin15
[from data line 494]
83987,84022,84004,7,-155.059,19.8655,429.845,-10.0221,334.917,1.76796,0.372465,28.9494,0.233172,0.000200333,0.924159,0.381718,0.160723,0.0401808,0.0803617,0.0602713,0.0200904,0.0401808,0.0401808,0.0200904,0,0,0,0,0
84024,84051,84038,6.9,-155.057,19.8653,435.499,-9.40312,334.456,1.3895,0.192237,9.48831,0.148072,5.62026e-05,0.84783,0.259059,0.0706525,0.0706525,0.0706525,0.0235508,0.0235508,0.0235508,0,0,0,0,0,0,0
84052,84084,84068,6.8,-155.056,19.8648,441.403,-8.705,334.051,1.21841,0.220172,16.7816,0.228661,0.000108935,0.789391,0.188767,0.051482,0.051482,0.051482,0.0343213,0,0.0171607,0.0171607,0.0171607,0,0,0,0,0
84085,84114,84100,6.7,-155.055,19.8643,447.527,-8.00286,333.617,1.43245,0.254313,20.4314,0.241019,0.000122148,0.841563,0.322301,0.089528,0.0537168,0.0358112,0.0358112,0.0179056,0,0,0.0358112,0,0,0,0,0
84115,84141,84128,6.6,-155.055,19.864,452.851,-7.62882,332.963,1.65781,0.339125,28.2474,0.249885,0.000179745,0.884164,0.397874,0.0884164,0.11052,0.0442082,0.0221041,0.0442082,0.0221041,0,0.0442082,0,0,0,0,0
84143,84172,84158,6.5,-155.054,19.8637,459.175,-7.08706,332.326,1.72061,0.362425,36.9438,0.305806,0.000171322,1.08089,0.308827,0.110295,0.0661771,0.0441181,0.022059,0,0.022059,0.0441181,0,0.022059,0,0,0,0
84173,84200,84186,6.4,-155.054,19.8631,465.146,-6.36,332.009,3.41895,0.512853,42.0803,0.246154,0.000157865,2.14154,0.638705,0.356923,0.150283,0,0.0375709,0.0187854,0.0375709,0.0187854,0,0,0,0.0187854,0,0
84201,84231,84216,6.3,-155.053,19.8623,471.175,-5.57652,331.757,6.69212,1.07741,68.0819,0.189571,0.000352733,3.28109,1.64055,0.747179,0.32486,0.292374,0.16243,0.129944,0.0487291,0.0487291,0,0,0.016243,0,0,0
84232,84259,84246,6.2,-155.053,19.8617,477.289,-4.83375,331.451,6.92261,1.26312,86.0637,0.204407,0.000481672,3.22848,1.47455,0.869206,0.481168,0.341474,0.155215,0.232823,0.0620862,0.0310431,0.0310431,0,0.0155215,0,0,0
84260,84288,84274,6.1,-155.054,19.8612,483.365,-4.23769,330.991,2.60372,0.432185,28.0423,0.194655,0.000193439,1.68813,0.429185,0.128755,0.0286123,0.114449,0.085837,0.0572247,0,0.0715308,0,0,0,0,0,0
84289,84316,84302,6,-155.054,19.8606,489.819,-3.50538,330.64,2.74996,0.312593,13.091,0.125636,6.45811e-05,1.8906,0.501295,0.0859363,0.0859363,0.0859363,0.0572909,0.0286454,0.0143227,0,0,0,0,0,0,0
84317,84343,84330,5.9,-155.054,19.8599,496.061,-2.76958,330.347,2.51871,0.393095,25.7573,0.196574,0.00016547,1.55116,0.506815,0.184296,0.0460741,0.0921481,0.030716,0.030716,0.030716,0.030716,0.015358,0,0,0,0,0
84345,84369,84357,5.8,-155.054,19.8593,502.086,-2.13818,329.978,1.97418,0.330557,23.8273,0.216247,0.000157956,1.21488,0.404959,0.118113,0.10124,0.0168733,0.0168733,0.0168733,0.0337466,0.0337466,0.0168733,0,0,0,0,0
84370,84396,84383,5.7,-155.053,19.8585,508.64,-1.38652,329.662,2.9634,0.421433,26.4891,0.188564,0.000164455,2.08239,0.384441,0.176202,0.144165,0.0320367,0.0480551,0.0160184,0.0320367,0.0320367,0.0160184,0,0,0,0,0
84397,84420,84408,5.6,-155.054,19.8577,514.895,-0.792381,329.233,2.58811,0.433751,35.1022,0.242781,0.000155314,1.66129,0.437181,0.139898,0.104923,0.122411,0,0.0349744,0.0699489,0,0,0,0.0174872,0,0,0
84421,84448,84434,5.5,-155.054,19.8568,521.504,-0.191304,328.762,2.46836,0.365562,20.2777,0.16641,0.000132423,1.51287,0.493672,0.143324,0.0955495,0.0318498,0.0636997,0.0796246,0.0318498,0.0159249,0,0,0,0,0,0
84449,84473,84461,5.4,-155.054,19.8557,528.25,0.59913,328.508,2.51656,0.408872,23.5242,0.172604,0.000157391,1.3857,0.573393,0.159276,0.0955655,0.0796379,0.0796379,0.0796379,0.0477828,0.0159276,0,0,0,0,0,0
84475,84501,84488,5.3,-155.054,19.8545,535.275,1.24174,328.041,2.47492,0.332777,16.0914,0.145064,9.36199e-05,1.47543,0.52354,0.158649,0.126919,0.0317297,0.0793243,0.0475946,0.0317297,0,0,0,0,0,0,0
84502,84525,84514,5.2,-155.054,19.8534,542.185,1.474,327.11,3.11803,0.51698,44.6845,0.259301,0.000173312,1.87811,0.583491,0.291745,0.109404,0.127639,0.0364682,0.0364682,0.0182341,0,0.0182341,0,0,0.0182341,0,0
84526,84551,84538,5.1,-155.054,19.8521,548.932,1.5175,326.009,3.00041,0.37492,17.252,0.138045,9.09382e-05,1.93428,0.472146,0.258919,0.121844,0.0609221,0.106614,0.0304611,0,0.0152305,0,0,0,0,0,0
84552,84577,84564,5,-155.054,19.8503,555.858,1.04136,324.283,5.13132,0.548944,25.2563,0.138027,0.000121149,3.78621,0.880129,0.166062,0.083031,0.083031,0.0664248,0.0332124,0.0166062,0,0.0166062,0,0,0,0,0
84578,84603,84590,4.9,-155.054,19.8482,562.971,1.4587,323.6,6.8244,0.710891,31.5058,0.132956,0.000145031,4.49682,1.75756,0.300844,0.110837,0.0633355,0.0158339,0.0158339,0.0316677,0.0158339,0.0158339,0,0,0,0,0
84605,84631,84618,4.8,-155.054,19.8461,570.113,2.1824,323.28,7.42324,0.744947,28.8934,0.116357,0.000124633,5.13356,1.4584,0.525023,0.14584,0.0583359,0.014584,0.0291679,0.0437519,0.014584,0,0,0,0,0,0
84632,84658,84645,4.7,-155.054,19.8439,577.391,2.81739,322.857,6.34578,0.786959,57.0975,0.217664,0.000179685,4.51009,1.07609,0.411447,0.126599,0.0791245,0.0632996,0.0316498,0,0.0158249,0,0.0158249,0,0.0158249,0,0
84659,84683,84671,4.6,-155.053,19.8417,584.738,3.33773,322.302,6.28663,0.715593,35.8923,0.150472,0.000198414,4.41718,1.30696,0.2647,0.066175,0.0330875,0.0330875,0.0827188,0.0496313,0.0165438,0.0165438,0,0,0,0,0
84684,84707,84696,4.5,-155.053,19.8397,592.052,3.92333,321.836,6.7307,0.843124,58.3654,0.207676,0.000250244,4.77551,1.26309,0.380656,0.0865128,0.0519077,0.0519077,0.0519077,0,0,0.0519077,0,0.0173026,0,0,0
84708,84732,84720,4.4,-155.053,19.8377,599.358,4.54105,321.423,9.21753,0.8783,30.3593,0.103698,0.000106031,6.22089,2.10524,0.58795,0.132763,0.0568984,0.0568984,0.0189661,0.0379322,0,0,0,0,0,0,0
84733,84755,84744,4.3,-155.053,19.836,606.579,5.41211,321.333,8.78121,0.999657,53.1269,0.159435,0.00019374,5.59661,2.14819,0.54647,0.169594,0.131907,0.0753752,0.0376876,0.0565314,0,0,0,0.0188438,0,0,0
84756,84779,84768,4.2,-155.052,19.8342,614.05,6.26095,321.19,7.72186,0.996074,63.4229,0.191019,0.000283987,5.09096,1.60587,0.427094,0.222089,0.13667,0.0854188,0.0683351,0.0170838,0.0170838,0.0341675,0,0.0170838,0,0,0
84781,84801,84791,4.1,-155.052,19.8324,621.747,6.89,320.764,5.37521,0.753201,61.24,0.243919,0.000208878,3.87015,0.8242,0.268761,0.107504,0.107504,0.0537521,0.0895869,0.0179174,0,0,0.0179174,0,0.0179174,0,0
84802,84825,84814,4,-155.052,19.8307,629.203,7.53895,320.414,6.5631,0.918035,59.2816,0.193723,0.000362877,4.41312,1.37674,0.207454,0.207454,0.075438,0.037719,0.0565785,0.113157,0.0188595,0.0565785,0,0,0,0,0
84826,84848,84837,3.9,-155.052,19.8289,637.02,8.23056,320.075,14.692,1.42198,59.9469,0.126472,0.000144371,9.51708,3.82666,0.912054,0.277582,0.079309,0.0396545,0.0198273,0,0,0,0,0.0198273,0,0,0
84849,84871,84860,3.8,-155.052,19.827,645.034,9.00476,319.814,17.6448,1.88324,99.9713,0.159255,0.000336095,12.0799,3.83435,1.03493,0.322356,0.135729,0.0848307,0.0678645,0.0169661,0,0.0339323,0,0.0339323,0,0,0
84872,84894,84883,3.7,-155.051,19.8252,653.088,9.6325,319.386,13.7895,1.44281,64.4758,0.134063,0.000222071,8.7589,3.42507,1.03466,0.214067,0.178389,0.0535167,0.0535167,0.0535167,0,0,0.0178389,0,0,0,0
84895,84915,84905,3.6,-155.051,19.8235,660.596,10.1995,318.982,7.44874,0.966075,60.3162,0.187303,0.000272882,4.79115,1.53466,0.580178,0.168439,0.149723,0.0935771,0.0187154,0.0187154,0.0748617,0,0,0.0187154,0,0,0
84916,84938,84927,3.5,-155.051,19.8219,668.634,10.5459,318.274,10.709,1.2065,54.5804,0.135716,0.000266837,6.43509,2.80628,0.854786,0.241921,0.193536,0.016128,0.0322561,0.0806402,0.0322561,0.016128,0,0,0,0,0
84939,84962,84950,3.4,-155.051,19.8203,676.827,10.6081,317.24,5.85084,0.691631,30.2105,0.13104,0.000154562,3.52071,1.22459,0.646313,0.204099,0.0850412,0.0510247,0.0340165,0.0850412,0,0,0,0,0,0,0
84963,84986,84974,3.3,-155.051,19.8191,684.99,10.9779,316.564,4.43855,0.567516,34.2102,0.180841,0.000122914,2.64235,0.994591,0.400806,0.19298,0.0890679,0.0593786,0.0148446,0.0296893,0,0,0,0.0148446,0,0,0
84987,85011,84999,3.2,-155.051,19.8182,692.986,11.6026,316.207,9.63547,1.3784,86.9165,0.189168,0.000356098,5.18003,2.08126,1.11001,0.601253,0.400835,0.0925005,0.0462502,0.061667,0.0154167,0.0154167,0,0.0308335,0,0,0
85012,85036,85024,3.1,-155.052,19.8174,701.732,12.3776,315.936,23.0595,2.86891,134.729,0.140885,0.000619423,12.6396,5.57048,2.48834,1.06037,0.636223,0.311042,0.183798,0.0848297,0.0706914,0,0,0.0141383,0,0,0
85037,85061,85049,3,-155.052,19.8167,710.135,12.9104,315.454,26.4003,3.27772,156.736,0.143456,0.000644928,14.2977,6.49626,2.58071,1.46833,0.934394,0.370791,0.118653,0.0593266,0.0296633,0.0148316,0.0296633,0,0,0,0
85062,85087,85074,2.9,-155.053,19.8161,718.391,13.27,314.81,27.5889,4.30515,360.764,0.251394,0.00132688,14.2198,6.64401,3.32201,1.37742,0.972295,0.391619,0.283586,0.175553,0.0810246,0.0405123,0.0135041,0.0135041,0.0270082,0.0135041,0.0135041
85088,85112,85100,2.8,-155.054,19.8154,726.892,13.2524,313.727,27.1615,3.7264,184.927,0.148879,0.000910544,13.2264,6.46433,3.5724,1.8429,1.30421,0.255171,0.269347,0.0708809,0.113409,0.0283523,0.0141762,0,0,0,0
85113,85140,85126,2.7,-155.055,19.8148,735.809,13.0982,312.471,16.8511,2.20596,112.516,0.153017,0.000538659,9.56003,3.64556,1.69531,0.739309,0.611842,0.293174,0.140214,0.0892269,0.0637335,0,0,0,0.0127467,0,0
85141,85164,85152,2.6,-155.055,19.8144,744.741,13.1433,311.446,11.5576,1.7411,106.552,0.183594,0.000619378,6.83419,2.37647,0.856118,0.487102,0.354256,0.147607,0.265692,0.118085,0.088564,0.0147607,0.0147607,0,0,0,0
85165,85190,85178,2.5,-155.055,19.8138,753.617,12.6924,309.908,16.7533,2.46212,204.718,0.249442,0.000748629,9.2884,3.94615,1.75226,0.698055,0.413134,0.199444,0.256428,0.0997221,0.0569841,0.014246,0,0,0.014246,0,0.014246
85191,85217,85204,2.4,-155.056,19.8129,762.679,10.993,307.011,37.0339,4.7401,324.297,0.205247,0.000981307,19.2934,10.2389,4.48776,1.76352,0.68435,0.289533,0.0658029,0.0394817,0.0263212,0.0526423,0.0263212,0.0263212,0.0263212,0,0.0131606
85218,85244,85231,2.3,-155.056,19.8119,771.925,10.7648,305.708,40.9334,5.68609,347.216,0.183192,0.00138056,19.448,11.391,5.41104,2.72537,1.05839,0.291059,0.171989,0.132299,0.119069,0.0793796,0.0132299,0.0529197,0.0396898,0,0
85245,85272,85258,2.2,-155.057,19.8109,781.425,11.2586,305.173,42.0855,6.02907,406.885,0.202462,0.00142553,18.379,12.1847,6.38548,2.95695,1.24906,0.395109,0.229418,0.0764728,0.0509818,0.0637273,0.0127455,0.0509818,0.0254909,0.0254909,0
85273,85299,85286,2.1,-155.057,19.8102,791.084,11.8663,304.756,40.6905,6.45195,485.763,0.225868,0.00178747,17.0604,12.1727,5.84132,3.33789,1.15237,0.33114,0.238421,0.185439,0.0794737,0.0927193,0.0264912,0.119211,0.0397368,0.0132456,0
85300,85325,85312,2,-155.057,19.8098,800.345,12.2769,304.184,47.4465,7.55453,475.935,0.189,0.00203455,16.8244,14.6566,8.18042,4.39016,1.78606,0.586264,0.422655,0.245413,0.109072,0.0954383,0.0409021,0.0954383,0.013634,0,0
85326,85351,85338,1.9,-155.057,19.8095,809.668,12.8212,303.75,58.6948,11.5626,1158.48,0.300575,0.00392226,19.7204,18.7467,9.9836,5.4855,2.34505,0.918821,0.356557,0.274275,0.191992,0.205706,0.137137,0.150851,0.123424,0.0137137,0.0411412
85352,85378,85365,1.8,-155.056,19.8094,819.127,12.6754,302.59,77.234,15.8029,1722.8,0.327053,0.00544024,22.8313,25.9322,13.8442,8.17756,3.43018,0.946731,0.658595,0.425343,0.150928,0.246973,0.19209,0.137207,0.137207,0.0274415,0.0960452
85379,85404,85392,1.7,-155.056,19.809,829.05,13.1992,302.106,86.3015,18.9538,2203.79,0.348814,0.00687738,27.3865,26.9914,15.1648,9.11521,3.95129,1.23989,0.55863,0.490504,0.245252,0.245252,0.218002,0.313378,0.190752,0.122626,0.0681256
85405,85431,85418,1.6,-155.056,19.8085,839.004,14.0958,302.022,80.421,16.3424,1611.95,0.295908,0.00540073,24.0016,23.1106,15.9279,10.2257,4.02996,1.04176,0.822441,0.20561,0.191903,0.26044,0.123366,0.20561,0.164488,0.0685367,0.041122
85432,85461,85446,1.5,-155.057,19.8077,849.377,14.8877,301.796,75.0556,14.9584,1402.67,0.281316,0.00492827,22.5559,21.4037,14.3721,9.41907,4.21661,1.03337,0.760177,0.415722,0.2138,0.2138,0.0475111,0.166289,0.154411,0.0356333,0.0475111
85462,85490,85476,1.4,-155.057,19.8068,859.711,15.0704,300.938,121.123,22.4592,1657.51,0.221403,0.00641128,31.394,34.4755,25.0045,17.3698,8.20067,2.13821,1.19488,0.427642,0.27671,0.176088,0.100622,0.16351,0.113199,0.0754662,0.0125777
85491,85518,85504,1.3,-155.058,19.8061,869.879,15.7264,300.612,142.656,27.5412,2071.94,0.225692,0.00805437,35.0535,37.4453,28.549,23.4871,11.7436,3.32819,1.56918,0.594771,0.253094,0.177166,0.126547,0.0759282,0.113892,0.101238,0.0379641
85519,85549,85534,1.2,-155.059,19.8056,880.161,16.5532,300.464,141.429,26.8311,1924.83,0.215216,0.00748282,35.0717,36.911,28.7428,23.2707,11.4697,3.03879,1.51939,0.571201,0.217056,0.102816,0.125664,0.17136,0.137088,0.0456961,0.0342721
85550,85579,85564,1.1,-155.06,19.8051,890.873,17.278,300.179,128.695,25.1878,1950.02,0.232259,0.00761001,33.7042,34.2553,25.026,20.5344,9.68672,2.52136,1.19618,0.609818,0.304909,0.234545,0.199363,0.164182,0.164182,0.0820908,0.0117273
85580,85609,85594,1,-155.062,19.8046,901.451,18.2607,300.182,120.96,22.1642,1617.36,0.218915,0.00638042,34.7032,33.5115,22.278,17.2985,8.36607,2.21836,1.26258,0.448393,0.212397,0.235996,0.0825987,0.129798,0.129798,0.0707989,0.0117998
85610,85639,85624,0.9,-155.063,19.8042,912.006,19.2357,300.18,87.5353,16.7923,1539.08,0.274961,0.00521924,27.4254,24.3879,15.5892,11.1835,5.38466,1.51875,0.97903,0.313792,0.15062,0.15062,0.163172,0.100413,0.0878616,0.0251033,0.07531
85640,85668,85654,0.8,-155.065,19.8038,922.224,19.9759,299.983,74.2015,12.9133,986.997,0.229298,0.00351237,24.9434,19.9741,12.6712,9.66058,4.49779,1.22117,0.604542,0.217635,0.0483634,0.0846359,0.0483634,0.072545,0.072545,0.0846359,0
85669,85700,85684,0.7,-155.066,19.8033,933.331,20.3306,299.323,78.6998,17.0789,1850.83,0.325109,0.00646115,28.64,21.3431,12.6218,8.17348,4.14152,1.15042,0.766948,0.4273,0.350605,0.361561,0.131477,0.262954,0.186259,0.109564,0.0328692
85701,85732,85716,0.6,-155.068,19.8031,944.403,20.2561,298.242,98.6715,26.409,3829.65,0.435039,0.0113539,37.1453,28.9047,14.7081,8.96807,3.53494,1.26167,0.761547,0.670616,0.522853,0.488754,0.306892,0.522853,0.522853,0.204595,0.147763
85733,85767,85750,0.5,-155.069,19.8028,956.053,21.1777,298.135,102.782,28.198,3972.97,0.422687,0.0126461,38.5258,29.5878,15.3904,8.93799,4.14588,1.203,0.974331,0.835141,0.686008,0.715835,0.347975,0.596529,0.477223,0.248554,0.109364
85768,85798,85783,0.4,-155.07,19.8027,967.084,22.1226,298.11,103.318,28.8472,4243.89,0.441348,0.0125919,37.4736,30.2047,15.2533,9.79613,4.76387,1.11828,0.905807,0.726882,0.726882,0.424946,0.380215,0.659785,0.503226,0.20129,0.178925
85799,85831,85815,0.3,-155.07,19.8024,978.728,23.1003,298.073,102.698,28.1683,4191.67,0.446423,0.0126489,37.8459,30.2219,15.6066,9.02651,4.18636,1.02286,1.02286,0.864689,0.653789,0.611609,0.221445,0.527249,0.432344,0.27417,0.179265
85832,85861,85846,0.2,-155.071,19.8022,988.838,23.9746,298.077,107.196,28.7752,4077.54,0.425109,0.0126294,38.3014,31.0967,16.9787,9.90645,4.76781,1.43034,0.953562,0.927074,0.476781,0.688684,0.37083,0.397318,0.476781,0.291366,0.132439
