data/B2SAP/Locations/Hawaii/NOAA-POPS-B2SAP_GMLBalloon_20220504_R0.ict
61,1001
Thornberry, T. D.
NOAA Chemical Sciences Laboratory
Portable Optical Particle Spectrometer (POPS)
Balloon Baseline Stratospheric Aerosol Profiles (B2SAP)
1,1
2022,05,04,2024,05,28
0
TIME_START,s,Seconds since midnight UTC on flight start day,Start time of 100 m altitude bin in UTC_seconds_since_midnight
28
1.0,1.0,1.0,1.0,1.0,1.0,1.0,1.0,1.0,1.0,1.0,1.0,1.0,1.0,1.0,1.0,1.0,1.0,1.0,1.0,1.0,1.0,1.0,1.0,1.0,1.0,1.0,1.0
99999,99999,99999,99999,99999,99999,99999,99999,99999,99999,99999,99999,99999,99999,99999,99999,99999,99999,99999,99999,99999,99999,99999,99999,99999,99999,99999,99999
TIME_STOP,s,End time of 100 m altitude bin in UTC seconds since midnight,
TIME_MID,s,Mid time of 100 m altitude in UTC seconds since midnight,
GPSAlt,m,GPS reported altitude above sea level (m),
GPS_Lon,deg,GPS reported longitude,
GPS_Lat,deg,GPS reported latitude,
iMet_Pressure,mb,Pressure reported (mB),
iMet_Temperature,degrees C,Ambient temperature (oC),
THETA,K,Potential temperature from iMet,
Aerosol_concentration,cm^-3,Aerosol concentration,
Surface_Area_Conc,um^2 cm^-3,Surface area concentration,
Volume_density,um^3 cm^-3,Volume density,
Effective_radius,um,Effective radius,
Extinction,km^-1,Extinction,
Bin01,cm^-3,particle concentration in size range [140 - 170 nm],
Bin02,cm^-3,particle concentration in size range [170 - 205 nm],
Bin03,cm^-3,particle concentration in size range [205 - 249 nm],
Bin04,cm^-3,particle concentration in size range [249 - 302 nm],
Bin05,cm^-3,particle concentration in size range [302 - 366 nm],
Bin06,cm^-3,particle concentration in size range [366 - 443 nm],
Bin07,cm^-3,particle concentration in size range [443 - 537 nm],
Bin08,cm^-3,particle concentration in size range [537 - 651 nm],
Bin09,cm^-3,particle concentration in size range [651 - 789 nm],
Bin10,cm^-3,particle concentration in size range [789 - 956 nm],
Bin11,cm^-3,particle concentration in size range [956 - 1159 nm],
Bin12,cm^-3,particle concentration in size range [1159 - 1404 nm],
Bin13,cm^-3,particle concentration in size range [1404 - 1702 nm],
Bin14,cm^-3,particle concentration in size range [1702 - 2062 nm],
Bin15,cm^-3,particle concentration in size range [2062 - 2500 nm],
0
19
PI_CONTACT_INFO: 325 Broadway R/CSL6, Boulder, CO 80305; troy.thornberry@noaa.gov; 303-497-3373 
PLATFORM: GML ECC/FPH balloon
LOCATION: Hilo, HI, USA
ASSOCIATED_DATA: N/A
INSTRUMENT_INFO: Printed Optical Particle Spectrometer counts particles from 140 - 2500 nm in diameter 
DATA_INFO: Particle concentrations reported in number per cubic centimeter, binned to 100 m altitude
UNCERTAINTY: Counting uncertainty dominated by air flow, less than 5 percent
ULOD_FLAG: -77777
ULOD_VALUE: 3000 ~3000 per cm3 (varies depending on flow rate- manufacturer quotes 1250  per cm3 at 1.667 cc/s)
LLOD_FLAG: -88888
LLOD_VALUE: 0 0 (varies depending on data field and measurement precision)
DM_CONTACT_INFO: Troy Thornberry, 325 Broadway R/CSL6, Boulder, CO 80305; troy.thornberry@noaa.gov; 303-497-3373
PROJECT_INFO: B2SAP Hilo, HI, USA
STIPULATIONS_ON_USE: Please contact the PIs for questions regarding applications and uncertainties
OTHER_COMMENTS: POPS bin Edges (nm):  140, 170, 205, 249, 302, 366, 443, 537, 651, 789, 956, 1159, 1404, 1702, 2062, 2500
Calculations assume sulfate refractive index of 1.45+0.00j and extinction wavelength = 532 nm
REVISION: R0
R0: QA/QC data
TIME_START,TIME_STOP,TIME_MID,GPSAlt,GPS_Lon,GPS_Lat,iMet_Pressure,iMet_Temperature,THETA,Aerosol_concentration,Surface_Area_Conc,Volume_density,Effective_radius,Extinction,Bin01,Bin02,Bin03,Bin04,Bin05,Bin06,Bin07,Bin08,Bin09,Bin10,Bin11,Bin12,Bin13,Bin14,Bin15
81987,82173,82080,0.1,-155.05,19.7169,1013.03,23.5487,295.604,36.707,18.3501,3364.08,0.549983,0.00988897,10.8709,9.71794,6.40019,3.4354,1.7177,0.917675,0.494132,0.470602,0.494132,0.541193,0.211771,0.658843,0.470602,0.164711,0.141181
81988,82210,82099,0.3,-155.051,19.7163,994.453,22.1088,295.729,36.6526,17.6323,3223.71,0.548489,0.00952447,11.2326,9.58138,6.5614,3.15034,1.62949,0.999418,0.630068,0.412803,0.347624,0.586615,0.282444,0.543162,0.36935,0.195538,0.130359
82178,82190,82184,0.2,-155.051,19.7164,1000.19,22.321,295.455,36.2513,18.3248,3289.33,0.538506,0.00990501,9.87403,9.49024,6.80366,3.80307,1.57008,0.907155,0.662921,0.523359,0.348906,0.558249,0.418687,0.697812,0.279125,0.209343,0.104672
82212,82226,82219,0.4,-155.053,19.7156,980.279,20.6944,295.519,38.2796,16.8499,2851.39,0.507668,0.008797,11.1147,10.9204,6.8398,3.7308,1.39905,0.77725,0.544075,0.349763,0.738388,0.3109,0.46635,0.46635,0.388625,0.15545,0.077725
82228,82243,82236,0.5,-155.054,19.7152,967.915,19.6323,295.52,36.4758,13.3117,2127.28,0.479414,0.00695511,10.2665,11.0541,6.40975,3.69375,1.27652,0.706159,0.760478,0.543199,0.461719,0.461719,0.271599,0.24444,0.16296,0.0271599,0.1358
82244,82258,82251,0.6,-155.055,19.715,956.596,18.7044,295.583,32.4667,13.3046,1942.77,0.438069,0.00704079,10.1309,9.09388,5.10534,2.67232,1.51565,0.757823,0.558396,0.319084,0.638167,0.478625,0.398854,0.398854,0.319084,0.0797709,0
82259,82270,82264,0.7,-155.055,19.7148,947.056,17.874,295.586,28.7778,10.2661,1541.06,0.450336,0.00516331,8.70108,8.55844,5.27771,2.31791,1.21245,0.534903,0.463582,0.213961,0.320942,0.392262,0.106981,0.427922,0.142641,0.0713203,0.0356602
82272,82283,82278,0.8,-155.056,19.7145,934.255,17.395,296.248,3.34724,0.501059,24.9714,0.149512,0.000131361,0.892596,1.07112,1.07112,0.133889,0.0446298,0.0892596,0,0,0.0446298,0,0,0,0,0,0
82284,82292,82288,0.9,-155.057,19.7144,924.808,17.044,296.749,0.419198,0.325332,31.3862,0.289423,0.00026827,0.0698663,0,0,0,0.0698663,0,0.139733,0.0698663,0.0698663,0,0,0,0,0,0
82294,82306,82300,1,-155.057,19.7142,914.788,16.5325,297.148,0.648398,0.0774998,3.00285,0.11624,1.22779e-05,0.463142,0,0.0926283,0,0.0926283,0,0,0,0,0,0,0,0,0,0
82307,82328,82318,1.1,-155.058,19.7142,903.171,15.485,297.154,16.9966,3.73394,351.69,0.282562,0.00146432,5.44403,5.11176,3.29709,1.53353,0.63897,0.153353,0.281147,0.153353,0.102235,0.102235,0.0766764,0.0511176,0.0511176,0,0
82329,82346,82338,1.2,-155.059,19.7142,893.812,14.7942,297.326,20.0998,4.52185,448.905,0.297824,0.00163788,4.98761,5.67453,4.86815,2.50874,1.04531,0.238927,0.268793,0.209061,0.0298659,0.0597319,0.119464,0.0298659,0.0298659,0.0298659,0
82348,82368,82358,1.3,-155.059,19.7144,882.897,14.0057,297.562,16.6947,4.07172,414.02,0.305045,0.00154826,4.88,4.13516,3.904,1.90063,0.796211,0.333895,0.256842,0.0770527,0.0770527,0.0770527,0.102737,0.102737,0.0513684,0,0
82370,82386,82378,1.4,-155.06,19.7144,872.048,13.1547,297.729,21.8208,7.25538,1162.96,0.480868,0.00317521,5.47934,5.45521,5.74486,2.63105,1.15863,0.313795,0.217243,0.12069,0.0724142,0.0724142,0.144828,0.144828,0.144828,0.0724142,0.0482762
82391,82405,82398,1.5,-155.06,19.7145,860.758,12.5567,298.214,24.027,6.96004,912.008,0.393105,0.00289589,7.03304,6.39916,5.01066,2.65625,1.23757,0.452771,0.301847,0.211293,0.0905541,0.0905541,0.241478,0.150924,0.120739,0,0.0301847
82406,82422,82414,1.6,-155.061,19.7147,851.265,11.9883,298.564,18.0392,4.68642,649.136,0.415542,0.00213058,6.38081,4.80051,2.98169,1.58029,1.07341,0.417436,0.208718,0.178901,0.149084,0.0894506,0.0596337,0.0298169,0,0.0596337,0.0298169
82423,82439,82431,1.7,-155.062,19.7149,842.567,11.9208,299.369,14.8333,3.51557,422.015,0.360125,0.00149908,5.13138,4.09389,2.41147,1.71046,0.392565,0.392565,0.196282,0.196282,0.112161,0.084121,0,0.0280403,0.0560807,0,0.0280403
82441,82457,82449,1.8,-155.062,19.715,831.166,11.234,299.811,15.393,3.01047,266.56,0.265633,0.00110815,6.15722,4.14521,2.59379,1.11509,0.751472,0.0969641,0.121205,0.0727231,0.145446,0.0727231,0.024241,0.048482,0.048482,0,0
82459,82477,82468,1.9,-155.063,19.715,820.721,9.70571,299.284,21.8821,5.11307,635.471,0.372851,0.0022224,8.50245,5.86826,2.84284,2.06041,1.25189,0.46946,0.260811,0.23473,0.0521623,0.182568,0.0260811,0.0521623,0,0.0521623,0.0260811
82478,82496,82487,2,-155.064,19.7152,811.875,9.91846,300.44,19.045,3.20148,224.021,0.209922,0.000934283,8.4799,4.50408,2.41886,1.69598,1.13992,0.333636,0.222424,0.0834089,0.0556059,0.027803,0,0.0556059,0.027803,0,0
82497,82514,82506,2.1,-155.065,19.7153,802.88,8.39333,299.772,29.789,5.42208,467.561,0.258699,0.00186581,11.9095,7.94982,4.08152,2.28443,1.73617,0.883314,0.548264,0.152295,0.0913773,0.0913773,0,0.0304591,0,0,0.0304591
82516,82530,82523,2.2,-155.066,19.7154,793.272,9.25143,301.72,36.3029,6.43719,467.185,0.217728,0.00199126,14.7784,8.92479,5.74862,2.93993,1.99495,0.892479,0.524988,0.157496,0.0524988,0.104998,0.0262494,0.131247,0.0262494,0,0
82535,82550,82542,2.3,-155.066,19.7153,782.527,9.41286,303.069,38.5527,6.33996,371.148,0.175623,0.00172136,14.3323,9.54613,6.62706,3.91838,2.34051,0.999319,0.36817,0.210383,0.0788936,0.0525957,0.0262979,0.0262979,0.0262979,0,0
82551,82569,82560,2.4,-155.066,19.7153,773.938,9.55,304.172,37.3829,6.02192,416.933,0.207708,0.00158703,15.527,9.39495,5.45695,3.17853,2.41906,0.815729,0.337543,0.0562572,0.0562572,0.0281286,0,0.0843858,0,0.0281286,0
82570,82588,82579,2.5,-155.066,19.7151,764.399,9.05615,304.722,19.8842,3.05697,181.849,0.17846,0.000770812,8.75246,4.81527,2.57759,2.01108,0.963054,0.453202,0.1133,0.1133,0,0.0283251,0.0283251,0.0283251,0,0,0
82589,82605,82597,2.6,-155.066,19.7152,755.668,8.75077,305.396,19.3289,3.24262,192.509,0.178105,0.00099898,7.70907,4.83927,3.06675,1.40676,1.06914,0.703382,0.309488,0.0844059,0.0562706,0.0562706,0,0.0281353,0,0,0
82607,82622,82614,2.7,-155.066,19.7155,745.331,8.58071,306.413,25.3998,6.99331,607.572,0.260637,0.00310383,8.59846,4.45749,2.76944,2.87495,2.61119,2.03093,1.16053,0.448386,0.131878,0.079127,0.079127,0.105503,0.0527513,0,0
82623,82640,82632,2.8,-155.066,19.7161,736.343,8.40083,307.279,13.3547,1.99179,141.707,0.213436,0.000529147,7.19807,3.09364,1.13331,1.07205,0.490082,0.12252,0.0612602,0.0612602,0.0612602,0,0,0.0306301,0.0306301,0,0
82642,82656,82649,2.9,-155.065,19.7169,728.946,8.567,308.347,11.162,2.04973,231.933,0.339459,0.000764873,6.11517,2.32082,1.21567,0.66309,0.478898,0.0368383,0.147353,0,0.110515,0,0,0.0368383,0,0.0368383,0
82657,82674,82666,3,-155.064,19.7181,720.209,8.36214,309.186,12.002,1.53987,80.7976,0.157411,0.000397501,6.9182,2.51571,1.36268,0.471695,0.44549,0.157232,0.0262053,0.0262053,0,0.0786159,0,0,0,0,0
82676,82690,82683,3.1,-155.064,19.7196,710.153,7.70364,309.711,19.7075,2.68476,161.319,0.180261,0.000586345,10.4353,4.71916,1.99401,1.36257,0.731137,0.199401,0.132934,0.0332335,0.0332335,0,0,0.066467,0,0,0
82691,82707,82699,3.2,-155.063,19.7209,702.843,7.13273,309.995,23.2999,3.22176,188.486,0.175512,0.000740262,12.1403,5.51217,2.57009,1.55558,0.811608,0.304353,0.236719,0.067634,0.033817,0,0,0.067634,0,0,0
82709,82725,82717,3.3,-155.063,19.7224,694.492,6.67923,310.55,21.5908,3.34215,340.88,0.305983,0.00103718,12.362,4.72832,2.30719,0.996936,0.51271,0.113936,0.37029,0.0569678,0.0284839,0.0284839,0.0284839,0.0284839,0,0,0.0284839
82726,82741,82734,3.4,-155.063,19.7242,685.341,5.87857,310.834,20.7862,2.49422,120.822,0.145322,0.000474515,11.7613,4.60454,2.63117,0.868285,0.578857,0.105247,0.105247,0.0526233,0.0526233,0,0,0.0263117,0,0,0
82742,82758,82750,3.5,-155.063,19.7258,676.749,4.90182,310.866,20.1078,2.54833,110.224,0.12976,0.000537106,10.4064,4.90107,2.38339,1.10778,0.604241,0.369258,0.234983,0.0671379,0.0335689,0,0,0,0,0,0
82759,82775,82767,3.6,-155.062,19.7271,669.956,4.13,310.904,21.3652,2.55944,110.7,0.129754,0.000499493,12.0393,4.9904,1.96497,1.12284,0.74856,0.3119,0.09357,0.03119,0.03119,0.03119,0,0,0,0,0
82777,82791,82784,3.7,-155.062,19.7288,661.102,3.06643,310.888,18.7572,2.50249,150.19,0.180048,0.00058955,10.391,4.52943,1.81177,0.93253,0.666093,0.133219,0.0799311,0.133219,0,0.0266437,0,0.0532874,0,0,0
82794,82811,82802,3.8,-155.061,19.7305,652.768,2.18867,311.023,18.4486,2.33866,120.044,0.153991,0.000500143,10.4958,3.83931,1.96951,1.2216,0.44875,0.199444,0.149583,0.0747917,0,0.0249306,0,0.0249306,0,0,0
82812,82828,82820,3.9,-155.061,19.7319,644.808,1.88667,311.771,16.459,2.42051,166.412,0.206252,0.000719861,10.0847,2.82245,1.7125,0.665972,0.412268,0.31713,0.126852,0.221991,0.031713,0,0.031713,0,0.031713,0,0
82829,82843,82836,4,-155.06,19.7331,637.488,1.58273,312.446,12.5537,1.77496,128.12,0.216546,0.00048687,7.46341,2.7171,1.27256,0.550298,0.171968,0.103181,0.0687872,0.103181,0.0343936,0,0.0343936,0.0343936,0,0,0
82848,82861,82854,4.1,-155.06,19.7344,628.901,0.831818,312.805,13.4908,2.235,157.838,0.211864,0.000796463,7.15421,2.72541,1.63525,0.715421,0.511015,0.306609,0.136271,0.102203,0.136271,0.0340677,0,0,0.0340677,0,0
82863,82877,82870,4.2,-155.06,19.736,621.181,0.457,313.479,15.1645,4.33896,719.648,0.497572,0.00199574,7.01922,3.11548,1.95187,1.16361,0.825791,0.37536,0.18768,0.262752,0,0.037536,0,0.0750719,0.037536,0.0750719,0.037536
82878,82894,82886,4.3,-155.059,19.7373,614.569,0.247,314.196,16.2917,3.26091,336.296,0.309388,0.00113193,8.18391,3.73034,2.13162,0.913552,0.609035,0.190323,0.114194,0.152259,0,0.0380647,0.114194,0.0380647,0.0761294,0,0
82895,82907,82901,4.4,-155.059,19.739,607.297,-0.421818,314.492,17.7666,3.46462,299.329,0.259187,0.00121086,7.76212,4.65727,1.86291,1.37993,1.00045,0.448478,0.310485,0.0344983,0.172491,0,0.0344983,0,0.103495,0,0
82912,82926,82919,4.5,-155.059,19.7404,598.853,-1.36083,314.674,17.6793,4.53784,683.207,0.451673,0.00197733,7.61278,4.49846,2.39079,1.13248,1.00665,0.28312,0.251662,0.157289,0.0943733,0.0314578,0.0314578,0,0.0943733,0.0629155,0.0314578
82928,82945,82936,4.6,-155.059,19.7416,591.499,-1.20385,315.967,25.166,4.32519,388.802,0.269678,0.00143412,11.3408,6.31341,3.27362,1.78295,1.22761,0.409203,0.46766,0.23383,0,0.0584575,0.0292288,0,0,0,0.0292288
82946,82961,82954,4.7,-155.059,19.7424,584.842,-1.47077,316.676,36.897,8.21229,910.157,0.332486,0.0033851,13.7636,9.48613,6.22709,3.34633,1.68772,0.640168,0.785661,0.349183,0.145493,0.20369,0.0581971,0.0872957,0.0290986,0.0581971,0.0290986
82963,82980,82972,4.8,-155.059,19.7431,576.904,-2.24125,317.01,47.7354,12.2638,1575.91,0.385501,0.0048908,17.6429,12.3073,7.04292,4.88499,2.77448,1.01968,0.877401,0.189708,0.0948542,0.118568,0.142281,0.33199,0.165995,0.118568,0.0237135
82981,82998,82990,4.9,-155.059,19.7434,569.789,-2.90929,317.36,51.495,13.735,1747.51,0.381691,0.0058417,17.6469,12.601,8.94616,5.23678,3.46391,1.17282,0.600048,0.518223,0.354574,0.218199,0.0545498,0.354574,0.190924,0.0818247,0.0545498
82999,83015,83007,5,-155.059,19.744,563.372,-3.56,317.621,42.3594,9.83857,1192.28,0.363554,0.00392079,14.1726,11.6044,7.32411,4.1218,2.85355,0.602416,0.697535,0.380473,0.0951183,0.126824,0.0951183,0.126824,0,0.126824,0.0317061
83016,83032,83024,5.1,-155.058,19.7446,556.789,-4.10231,318.045,25.9708,5.74741,578.766,0.302101,0.00208813,9.44662,6.33723,4.44199,2.54674,1.68795,0.592265,0.355359,0.0888397,0.118453,0.0592265,0.0592265,0.177679,0.0296132,0.0296132,0
83034,83050,83042,5.2,-155.058,19.7453,548.751,-4.35313,319.069,22.4409,4.249,301.314,0.212742,0.00143871,7.94431,5.85623,3.74414,1.92007,1.63206,0.408016,0.504019,0.216008,0.0720028,0.0480019,0.0240009,0.0480019,0.0240009,0,0
83051,83068,83060,5.3,-155.059,19.7463,541.564,-5.03714,319.458,22.4045,5.63317,685.339,0.364984,0.00218589,7.79885,5.51155,3.83053,2.42508,1.433,0.275578,0.578713,0.110231,0.0551155,0.0826733,0,0.0551155,0.220462,0,0.0275578
83069,83084,83076,5.4,-155.059,19.7471,536.106,-5.695,319.606,25.969,4.94441,367.95,0.223252,0.00167656,9.37342,6.79957,4.34097,2.26652,1.76712,0.345741,0.61465,0.192078,0.0384157,0.0768313,0.115247,0.0384157,0,0,0
83085,83097,83091,5.5,-155.059,19.7483,529.355,-6.50417,319.793,33.0748,6.14494,456.601,0.222915,0.00206557,11.9276,8.86508,5.67365,3.38485,1.45065,0.58026,0.451313,0.322366,0.19342,0.0644733,0.0322366,0.0644733,0.0644733,0,0
83102,83117,83110,5.6,-155.059,19.7496,521.764,-7.41286,320.019,25.7332,5.56631,614.445,0.33116,0.00207044,9.38016,6.1981,4.28886,2.98837,1.52185,0.470391,0.359711,0.193691,0.0553402,0.0830103,0.0553402,0.0553402,0.0276701,0.0276701,0.0276701
83118,83132,83125,5.7,-155.058,19.7506,515.905,-7.783,320.604,31.3898,8.46706,1284.16,0.454996,0.00382938,10.4503,8.70212,5.20573,3.22445,1.78704,0.660429,0.505034,0.194244,0.194244,0.155395,0.0388488,0.0388488,0.0388488,0.116546,0.0776975
83134,83151,83142,5.8,-155.058,19.7519,509.224,-8.375,321.08,33.5725,6.40222,439.77,0.206071,0.00225563,11.2743,8.24002,6.26353,3.47974,2.47757,0.52892,0.473244,0.473244,0.111352,0.167027,0,0.0278379,0.0556758,0,0
83153,83167,83160,5.9,-155.058,19.7534,502.087,-9.14714,321.441,48.3182,10.9788,1199.06,0.327647,0.00418799,16.032,11.7809,8.69673,5.05688,3.47313,1.3059,1.02805,0.416776,0.0555701,0.11114,0.0555701,0.11114,0.0555701,0.11114,0.0277851
83168,83185,83176,6,-155.058,19.7543,495.716,-9.59545,322.072,61.3666,13.9164,1322.45,0.285085,0.00507469,19.3028,15.2799,10.5512,7.37529,4.30519,2.08202,1.05865,0.564615,0.176442,0.105865,0.0705769,0.247019,0.176442,0.0705769,0
83186,83202,83194,6.1,-155.058,19.755,490.042,-10.2475,322.331,57.031,11.4494,924.749,0.242305,0.00393459,18.4703,13.9013,10.5313,6.12435,4.53656,1.16654,1.32856,0.518463,0.0972119,0.0972119,0.0648079,0.0972119,0.032404,0.0648079,0
83203,83218,83210,6.2,-155.057,19.7558,483.418,-11.2287,322.377,57.5601,11.5608,880.337,0.228446,0.00380979,18.119,14.4512,10.0253,6.55315,4.67034,1.61383,1.2226,0.342329,0.220068,0.024452,0.0733561,0.171164,0.0489041,0.024452,0
83222,83233,83228,6.3,-155.057,19.7567,476.745,-12.2555,322.388,55.4293,10.4087,702.327,0.202424,0.00338617,17.2367,14.3401,9.69119,6.25815,4.61315,1.25163,1.28739,0.42913,0.0715217,0.143043,0.0357609,0.0357609,0,0.0357609,0
83234,83250,83242,6.4,-155.057,19.7574,471.395,-12.6909,322.891,57.0978,11.6761,1076.06,0.276476,0.00419989,19.2356,14.3998,10.173,6.41186,3.54622,1.28954,1.00297,0.286564,0.286564,0.179102,0.0358204,0.143282,0.0358204,0.0358204,0.0358204
83252,83267,83260,6.5,-155.056,19.7583,465.338,-12.8179,323.935,66.4954,13.6972,1115.69,0.244362,0.00480168,20.2414,16.6098,11.5987,7.93891,5.8275,1.80174,1.40761,0.422282,0.197065,0.197065,0,0.0844565,0.0844565,0.0844565,0
83269,83284,83276,6.6,-155.054,19.7596,458.788,-13.1685,324.809,69.8267,13.6837,981.383,0.215157,0.00438109,21.2596,16.9832,12.7985,8.46107,6.07853,1.86327,1.43563,0.39709,0.183272,0.0916361,0.0916361,0.0610907,0.0916361,0.0305454,0
83285,83300,83292,6.7,-155.053,19.7608,452.857,-13.6109,325.462,65.4604,12.0514,823.782,0.205068,0.00364309,20.2384,15.9247,11.7548,8.0163,5.7516,1.76143,1.40195,0.323528,0.179738,0.0359475,0,0,0.0359475,0,0.0359475
83301,83314,83308,6.8,-155.052,19.7619,447.573,-14.2177,325.789,66.5628,12.2634,739.441,0.180889,0.00371057,21.688,14.6524,12.9394,7.3109,5.62847,2.20245,1.52948,0.183537,0.214127,0.0611791,0.0917686,0.0305895,0.0305895,0,0
83316,83331,83324,6.9,-155.05,19.7634,440.734,-15.055,326.165,63.2261,12.2667,937.741,0.229338,0.00385527,19.5306,15.3265,11.5197,7.31569,6.02469,1.85375,0.794465,0.430335,0.0993081,0.132411,0.0331027,0.0331027,0.0993081,0,0.0331027
83332,83345,83338,7,-155.048,19.7644,435.93,-15.526,326.601,69.7914,15.0493,1388.66,0.276822,0.00522181,21.7646,16.3436,12.7295,8.55327,6.26436,1.88734,1.16453,0.321249,0.120469,0.160625,0.0803124,0.200781,0.0803124,0.120469,0
83348,83359,83354,7.1,-155.047,19.7657,430.632,-16.0592,327.064,68.616,13.0329,844.199,0.194324,0.00388952,21.128,16.4625,11.997,8.59783,6.09846,2.16612,1.43297,0.299924,0.199949,0,0.0333249,0.0666498,0.1333,0,0
83364,83379,83372,7.2,-155.045,19.7671,424.263,-16.6607,327.687,61.4913,11.7249,900.421,0.230387,0.00366777,20.4304,13.9727,10.9438,7.0292,5.65765,1.57157,1.25726,0.314314,0.085722,0.057148,0.028574,0.057148,0.028574,0.028574,0.028574
