data/B2SAP/Locations/Hawaii/NOAA-POPS-B2SAP_GMLBalloon_20230208_R0.ict
61,1001
Thornberry, T. D.
NOAA Chemical Sciences Laboratory
Portable Optical Particle Spectrometer (POPS)
Balloon Baseline Stratospheric Aerosol Profiles (B2SAP)
1,1
2023,02,08,2024,05,28
0
TIME_START,s,Seconds since midnight UTC on flight start day,Start time of 100 m altitude bin in UTC_seconds_since_midnight
28
1.0,1.0,1.0,1.0,1.0,1.0,1.0,1.0,1.0,1.0,1.0,1.0,1.0,1.0,1.0,1.0,1.0,1.0,1.0,1.0,1.0,1.0,1.0,1.0,1.0,1.0,1.0,1.0
99999,99999,99999,99999,99999,99999,99999,99999,99999,99999,99999,99999,99999,99999,99999,99999,99999,99999,99999,99999,99999,99999,99999,99999,99999,99999,99999,99999
TIME_STOP,s,End time of 100 m altitude bin in UTC seconds since midnight,
TIME_MID,s,Mid time of 100 m altitude in UTC seconds since midnight,
GPSAlt,m,GPS reported altitude above sea level (m),
GPS_Lon,deg,GPS reported longitude,
GPS_Lat,deg,GPS reported latitude,
iMet_Pressure,mb,Pressure reported (mB),
iMet_Temperature,degrees C,Ambient temperature (oC),
THETA,K,Potential temperature from iMet,
Aerosol_concentration,cm^-3,Aerosol concentration,
Surface_Area_Conc,um^2 cm^-3,Surface area concentration,
Volume_density,um^3 cm^-3,Volume density,
Effective_radius,um,Effective radius,
Extinction,km^-1,Extinction,
Bin01,cm^-3,particle concentration in size range [140 - 170 nm],
Bin02,cm^-3,particle concentration in size range [170 - 205 nm],
Bin03,cm^-3,particle concentration in size range [205 - 249 nm],
Bin04,cm^-3,particle concentration in size range [249 - 302 nm],
Bin05,cm^-3,particle concentration in size range [302 - 366 nm],
Bin06,cm^-3,particle concentration in size range [366 - 443 nm],
Bin07,cm^-3,particle concentration in size range [443 - 537 nm],
Bin08,cm^-3,particle concentration in size range [537 - 651 nm],
Bin09,cm^-3,particle concentration in size range [651 - 789 nm],
Bin10,cm^-3,particle concentration in size range [789 - 956 nm],
Bin11,cm^-3,particle concentration in size range [956 - 1159 nm],
Bin12,cm^-3,particle concentration in size range [1159 - 1404 nm],
Bin13,cm^-3,particle concentration in size range [1404 - 1702 nm],
Bin14,cm^-3,particle concentration in size range [1702 - 2062 nm],
Bin15,cm^-3,particle concentration in size range [2062 - 2500 nm],
0
19
PI_CONTACT_INFO: 325 Broadway R/CSL6, Boulder, CO 80305; troy.thornberry@noaa.gov; 303-497-3373 
PLATFORM: GML ECC/FPH balloon
LOCATION: Hilo, HI, USA
ASSOCIATED_DATA: N/A
INSTRUMENT_INFO: Printed Optical Particle Spectrometer counts particles from 140 - 2500 nm in diameter 
DATA_INFO: Particle concentrations reported in number per cubic centimeter, binned to 100 m altitude
UNCERTAINTY: Counting uncertainty dominated by air flow, less than 5 percent
ULOD_FLAG: -77777
ULOD_VALUE: 3000 ~3000 per cm3 (varies depending on flow rate- manufacturer quotes 1250  per cm3 at 1.667 cc/s)
LLOD_FLAG: -88888
LLOD_VALUE: 0 0 (varies depending on data field and measurement precision)
DM_CONTACT_INFO: Troy Thornberry, 325 Broadway R/CSL6, Boulder, CO 80305; troy.thornberry@noaa.gov; 303-497-3373
PROJECT_INFO: B2SAP Hilo, HI, USA
STIPULATIONS_ON_USE: Please contact the PIs for questions regarding applications and uncertainties
OTHER_COMMENTS: POPS bin Edges (nm):  140, 170, 205, 249, 302, 366, 443, 537, 651, 789, 956, 1159, 1404, 1702, 2062, 2500
Calculations assume sulfate refractive index of 1.45+0.00j and extinction wavelength = 532 nm
REVISION: R0
R0: QA/QC data
TIME_START,TIME_STOP,TIME_MID,GPSAlt,GPS_Lon,GPS_Lat,iMet_Pressure,iMet_Temperature,THETA,Aerosol_concentration,Surface_Area_Conc,Volume_density,Effective_radius,Extinction,Bin01,Bin02,Bin03,Bin04,Bin05,Bin06,Bin07,Bin08,Bin09,Bin10,Bin11,Bin12,Bin13,Bin14,Bin15
[from data line 77]
71698,71698,71698,9.3,-155.105,19.6706,317.84,-33.41,332.631,3.33862,0.296638,8.60623,0.0870377,1.53714e-05,2.08664,0.834654,0.417327,0,0,0,0,0,0,0,0,0,0,0,0
71724,71724,71724,9.4,-155.1,19.6691,310.89,-34.16,333.7,3.46458,2.34772,432.159,0.552228,0.00109623,2.16536,0,0.866145,0,0,0,0,0,0,0,0,0.433073,0,0,0
71801,71807,71804,9.9,-155.084,19.6645,291.13,-37.965,334.606,7.20787,1.13734,69.9506,0.184512,0.000444687,4.02793,1.05998,1.05998,0.423992,0.423992,0,0,0,0.211996,0,0,0,0,0,0
71830,71835,71832,10,-155.078,19.6631,284.75,-36.85,338.32,7.17386,0.917428,44.4651,0.145401,0.000254085,4.21992,1.47697,0.632988,0.632988,0,0,0,0.210996,0,0,0,0,0,0,0
71907,71907,71907,10.4,-155.056,19.6593,269.19,-38.49,341.411,2.62875,0.220737,6.29193,0.0855126,1.11028e-05,2.19062,0,0.438125,0,0,0,0,0,0,0,0,0,0,0,0
71940,71940,71940,10.6,-155.045,19.6587,262.67,-39.68,342.076,1.70272,0.493295,32.9216,0.200215,0.000255108,0.425679,0.425679,0,0.425679,0,0,0.425679,0,0,0,0,0,0,0,0
71985,71985,71985,10.8,-155.031,19.6575,252.72,-42.02,342.394,0.444816,0.0312329,0.778221,0.07475,8.66964e-07,0.444816,0,0,0,0,0,0,0,0,0,0,0,0,0,0
72032,72036,72034,11.1,-155.015,19.6563,242.54,-44.655,342.495,1.9507,0.184536,5.78031,0.0939706,1.33938e-05,1.30047,0.433489,0,0.216744,0,0,0,0,0,0,0,0,0,0,0
72089,72089,72089,11.4,-154.998,19.6555,231.16,-46.71,344.111,4.37423,0.592876,21.6751,0.109678,6.34893e-05,0.874845,1.31227,1.31227,0.874845,0,0,0,0,0,0,0,0,0,0,0
72198,72198,72198,12.1,-154.963,19.6579,210.43,-49.87,348.532,1.76848,0.138887,3.70462,0.0800211,5.12541e-06,1.32636,0.442121,0,0,0,0,0,0,0,0,0,0,0,0,0
72229,72229,72229,12.2,-154.953,19.6599,204.77,-51.94,348.01,2.67755,0.658716,52.387,0.238587,0.00043552,1.78503,0.446258,0,0,0,0,0,0.446258,0,0,0,0,0,0,0
72253,72256,72254,12.4,-154.944,19.6606,200.5,-52.91,348.572,2.0512,0.205269,6.64398,0.0971016,1.6329e-05,1.36747,0.227912,0.227912,0.227912,0,0,0,0,0,0,0,0,0,0,0
72269,72281,72275,12.5,-154.937,19.6613,196.655,-52.75,350.758,2.36322,0.36016,14.5053,0.120824,5.46131e-05,0.590804,0.590804,0.393869,0.590804,0.196935,0,0,0,0,0,0,0,0,0,0
72287,72287,72287,12.6,-154.932,19.6618,194.74,-54.48,348.989,4.24207,0.86468,48.1913,0.167199,0.00032049,1.54257,1.15693,0,0.385643,0.771286,0,0.385643,0,0,0,0,0,0,0,0
72315,72315,72315,12.7,-154.922,19.6623,190.68,-54.24,351.476,3.46698,0.358294,11.1705,0.0935311,2.31219e-05,1.15566,1.54088,0.770441,0,0,0,0,0,0,0,0,0,0,0,0
72335,72335,72335,12.8,-154.915,19.6626,187.39,-55.46,351.255,4.26117,0.388921,11.5186,0.0888505,2.18201e-05,2.71165,0.774758,0.774758,0,0,0,0,0,0,0,0,0,0,0,0
72345,72345,72345,12.9,-154.912,19.6629,185.83,-56.14,350.993,4.00022,0.532377,23.4671,0.13224,0.000118413,2.00011,1.20007,0.400022,0,0,0.400022,0,0,0,0,0,0,0,0,0
72407,72407,72407,13.2,-154.89,19.6631,176.01,-56.56,355.791,5.43238,0.599042,20.9741,0.105038,6.79156e-05,2.71619,1.55211,0.776055,0,0.388027,0,0,0,0,0,0,0,0,0,0
72464,72464,72464,13.5,-154.873,19.6642,167.78,-57.19,359.646,2.33496,0.292057,11.5063,0.118192,4.84688e-05,1.16748,0.778319,0,0,0.389159,0,0,0,0,0,0,0,0,0,0
72590,72590,72590,14.3,-154.834,19.6622,147.47,-63.64,362.003,3.84785,0.606595,28.3407,0.140163,0.0001491,1.74902,1.04941,0,0.349804,0.349804,0.349804,0,0,0,0,0,0,0,0,0
72813,72813,72813,15.7,-154.769,19.6621,117.97,-71.93,370.571,4.60356,1.25159,85.8552,0.20579,0.000687469,2.12472,1.06236,0,0,0,0.35412,1.06236,0,0,0,0,0,0,0,0
72824,72824,72824,15.8,-154.766,19.6622,116.36,-71.56,372.727,3.26076,0.915772,68.8621,0.225587,0.00056305,1.08692,1.08692,0.362307,0,0,0,0.362307,0.362307,0,0,0,0,0,0,0
72909,72909,72909,16.4,-154.745,19.6612,105.12,-74.21,378.66,1.09763,0.107266,3.33403,0.0932456,7.13258e-06,0.731753,0,0.365877,0,0,0,0,0,0,0,0,0,0,0,0
72924,72924,72924,16.5,-154.742,19.662,103.65,-74.64,379.359,0.376071,0.026406,0.657949,0.07475,7.32977e-07,0.376071,0,0,0,0,0,0,0,0,0,0,0,0,0,0
73050,73050,73050,17.5,-154.715,19.6603,87.01,-77.07,393.916,3.53854,0.317826,9.21082,0.0869422,1.61722e-05,1.93011,1.28674,0.321685,0,0,0,0,0,0,0,0,0,0,0,0
73117,73117,73117,18,-154.705,19.6617,79.55,-76.69,404.92,5.37051,1.01339,67.9075,0.201031,0.000526213,3.35657,1.00697,0.335657,0,0,0,0.335657,0.335657,0,0,0,0,0,0,0
73151,73151,73151,18.3,-154.699,19.6624,76.23,-75.18,413.035,6.81602,0.625422,18.608,0.0892579,3.62743e-05,3.57029,2.92115,0,0.324572,0,0,0,0,0,0,0,0,0,0,0
73514,73514,73514,20.7,-154.691,19.6551,51.14,-65.47,485.655,2.21995,0.486396,25.1679,0.155231,0.000144812,0.554988,0.554988,0,0.277494,0.554988,0.277494,0,0,0,0,0,0,0,0,0
73525,73525,73525,20.8,-154.69,19.6555,50.62,-60.57,498.561,4.60866,1.13692,67.3455,0.177705,0.000443562,0.542196,0.813294,1.35549,0.271098,1.35549,0,0,0.271098,0,0,0,0,0,0,0
73692,73702,73697,21.8,-154.687,19.655,43.335,-66.045,507.778,2.43979,1.24238,163.59,0.395026,0.0006352,0.542175,0.135544,0.813262,0,0.271087,0.406631,0,0.135544,0,0,0.135544,0,0,0,0
73812,73812,73812,22.5,-154.688,19.6554,39.08,-62.15,532.81,2.56946,0.959047,75.5556,0.236346,0.00060938,0.570991,0.285496,0.285496,0.570991,0.285496,0,0,0.570991,0,0,0,0,0,0,0
73842,73842,73842,22.6,-154.688,19.6542,38.03,-61.79,537.895,1.16429,0.139481,4.68829,0.100837,1.13191e-05,0.291073,0.291073,0.582147,0,0,0,0,0,0,0,0,0,0,0,0
73877,73877,73877,22.8,-154.69,19.653,36.84,-55.93,557.856,2.61341,0.562551,29.4413,0.157006,0.000170963,0.580758,0,1.45189,0,0,0.580758,0,0,0,0,0,0,0,0,0
73910,73910,73910,23,-154.692,19.6526,35.77,-58.46,556.026,2.45724,0.734361,56.9938,0.23283,0.000474409,1.22862,0.307155,0.307155,0,0,0,0.307155,0.307155,0,0,0,0,0,0,0
73975,73975,73975,23.4,-154.695,19.6544,33.79,-57.65,567.264,0.939351,0.139676,5.40856,0.116166,1.75832e-05,0.313117,0,0.313117,0.313117,0,0,0,0,0,0,0,0,0,0,0
73998,74003,74000,23.6,-154.695,19.6557,33.03,-57.885,570.35,1.1271,0.108502,3.26115,0.0901686,6.22812e-06,0.483042,0.483042,0.161014,0,0,0,0,0,0,0,0,0,0,0,0
74020,74029,74024,23.7,-154.696,19.6568,32.385,-58.3575,572.33,1.58011,0.152239,4.62407,0.0911213,9.19829e-06,0.831639,0.415819,0.332655,0,0,0,0,0,0,0,0,0,0,0,0
74031,74037,74034,23.8,-154.697,19.6572,32.0875,-54.0325,585.383,1.72239,0.154891,4.53047,0.087748,8.27199e-06,1.06624,0.410093,0.246056,0,0,0,0,0,0,0,0,0,0,0,0
74060,74060,74060,23.9,-154.698,19.6579,31.31,-56.47,582.952,0,0,0,99999,0,0,0,0,0,0,0,0,0,0,0,0,0,0,0,0
74068,74071,74070,24,-154.698,19.6582,31.06,-53.97,591.024,1.89749,0.15428,4.19324,0.0815385,6.09963e-06,1.26499,0.632496,0,0,0,0,0,0,0,0,0,0,0,0,0
74093,74093,74093,24.1,-154.698,19.6584,30.37,-54.7,592.831,1.48089,0.103981,2.59086,0.07475,2.88631e-06,1.48089,0,0,0,0,0,0,0,0,0,0,0,0,0,0
70003,70072,70038,0.1,-155.049,19.7171,1021.2,23.5159,294.895,67.9584,34.1571,6311.82,0.554363,0.0188519,21.5983,17.2989,10.647,5.92177,3.69097,1.54128,1.1154,1.19652,1.1154,0.932882,0.425881,1.09512,0.750362,0.344761,0.283921
75992,76005,75998,24.2,-154.635,19.6651,30.204,-54.444,594.479,1.41354,0.136076,4.08994,0.0901686,7.81094e-06,0.605803,0.605803,0.201934,0,0,0,0,0,0,0,0,0,0,0,0
76013,76025,76019,24.1,-154.635,19.6653,30.6875,-54.3975,591.897,2.27128,0.286708,10.3914,0.108732,3.0777e-05,1.00946,0.252364,0.504729,0.504729,0,0,0,0,0,0,0,0,0,0,0
76029,76043,76036,24,-154.635,19.6657,31.165,-54.6037,588.749,1.42756,0.1244,3.73591,0.0900945,8.03289e-06,1.16801,0.129779,0,0.129779,0,0,0,0,0,0,0,0,0,0,0
76055,76055,76055,23.9,-154.635,19.6663,31.61,-54.17,587.514,1.00841,0.104361,3.15693,0.09075,5.79398e-06,0,1.00841,0,0,0,0,0,0,0,0,0,0,0,0,0
76064,76082,76073,23.8,-154.635,19.667,32.07,-56.4886,578.914,1.0192,0.134721,4.86016,0.108227,1.38383e-05,0.2912,0.1456,0.4368,0.1456,0,0,0,0,0,0,0,0,0,0,0
76090,76093,76092,23.7,-154.636,19.6678,32.5433,-58.1267,572.143,0.685376,0.048124,1.19909,0.07475,1.33582e-06,0.685376,0,0,0,0,0,0,0,0,0,0,0,0,0,0
76110,76114,76112,23.6,-154.636,19.6688,33.095,-57.88,570.04,2.31549,0.271056,9.59961,0.106247,2.78649e-05,1.28638,0.257277,0.257277,0.514553,0,0,0,0,0,0,0,0,0,0,0
76123,76138,76130,23.5,-154.637,19.6698,33.6129,-57.91,567.45,0.882214,0.0789725,2.31465,0.0879288,4.28436e-06,0.588143,0.147036,0.147036,0,0,0,0,0,0,0,0,0,0,0,0
76139,76150,76144,23.4,-154.637,19.6704,33.994,-58.918,562.963,1.03409,0.103442,3.17956,0.0922128,6.40845e-06,0.413637,0.413637,0.206819,0,0,0,0,0,0,0,0,0,0,0,0
76171,76175,76173,23.3,-154.639,19.6714,34.7467,-58.9033,559.499,1.68327,0.163001,4.80472,0.0884297,8.39337e-06,0.336654,1.34662,0,0,0,0,0,0,0,0,0,0,0,0,0
76181,76189,76185,23.2,-154.64,19.6717,35.06,-59.3233,556.978,0.65926,0.0844632,2.88228,0.102374,7.035e-06,0,0.32963,0.32963,0,0,0,0,0,0,0,0,0,0,0,0
76195,76203,76199,23.1,-154.641,19.6719,35.4325,-58.54,557.315,1.2247,0.118595,3.49578,0.0884297,6.10679e-06,0.24494,0.979762,0,0,0,0,0,0,0,0,0,0,0,0,0
76217,76222,76220,23,-154.642,19.6719,36.0267,-57.9633,556.173,1.0295,0.112028,3.60104,0.0964326,7.99278e-06,0.343168,0.343168,0.343168,0,0,0,0,0,0,0,0,0,0,0,0
76232,76249,76240,22.9,-154.644,19.6716,36.6614,-58.2814,552.582,0.412412,0.0494519,1.63241,0.09903,3.72377e-06,0,0.274941,0.137471,0,0,0,0,0,0,0,0,0,0,0,0
76256,76269,76262,22.8,-154.645,19.6711,37.2725,-59.92,545.789,1.69695,0.176228,5.88393,0.100165,1.55033e-05,1.21211,0,0.242422,0.242422,0,0,0,0,0,0,0,0,0,0,0
76277,76288,76282,22.7,-154.646,19.6704,37.85,-60.6333,541.579,0.331662,0.0343241,1.0383,0.09075,1.90562e-06,0,0.331662,0,0,0,0,0,0,0,0,0,0,0,0,0
76308,76311,76310,22.6,-154.647,19.6693,38.605,-60.99,537.624,2.43645,0.326018,12.005,0.110469,3.59136e-05,0.974579,0,0.974579,0.487289,0,0,0,0,0,0,0,0,0,0,0
76313,76330,76322,22.5,-154.647,19.6691,38.97,-60.935,536.327,1.43759,0.190159,7.08757,0.111815,2.2189e-05,0.479197,0.479197,0,0.479197,0,0,0,0,0,0,0,0,0,0,0
76336,76346,76341,22.4,-154.647,19.6688,39.5371,-60.9471,534.077,2.06822,0.191447,5.84767,0.0916335,1.2538e-05,1.37881,0.413644,0.137881,0.137881,0,0,0,0,0,0,0,0,0,0,0
76354,76372,76363,22.3,-154.648,19.669,40.22,-60.1767,533.407,1.26635,0.147861,5.23637,0.106243,1.52765e-05,0.633175,0.316587,0,0.316587,0,0,0,0,0,0,0,0,0,0,0
76374,76393,76384,22.2,-154.648,19.6694,40.7756,-61.3811,528.32,1.80421,0.174149,5.26617,0.0907183,1.02793e-05,0.849039,0.636779,0.31839,0,0,0,0,0,0,0,0,0,0,0,0
76395,76409,76402,22.1,-154.649,19.6699,41.3867,-61.7317,525.196,1.09305,0.152976,5.71124,0.112002,1.74891e-05,0.156149,0.468448,0.156149,0.312299,0,0,0,0,0,0,0,0,0,0,0
76419,76434,76426,22,-154.649,19.6702,42.09,-62.966,519.632,1.66006,0.181349,6.08974,0.100741,1.57325e-05,0.922257,0.184451,0.368903,0.184451,0,0,0,0,0,0,0,0,0,0,0
76436,76448,76442,21.9,-154.65,19.6702,42.6233,-63.21,517.165,0.630696,0.0808036,2.7574,0.102374,6.73019e-06,0,0.315348,0.315348,0,0,0,0,0,0,0,0,0,0,0,0
76477,76477,76477,21.8,-154.649,19.6704,43.7,-64.18,511.116,1.86121,0.577035,35.4024,0.184057,0.000241198,0,0.930606,0,0,0,0.930606,0,0,0,0,0,0,0,0,0
76489,76496,76492,21.7,-154.649,19.6704,44.225,-65.29,506.678,1.87115,0.185556,5.72715,0.0925945,1.1807e-05,0.935576,0.467788,0.467788,0,0,0,0,0,0,0,0,0,0,0,0
76501,76501,76501,21.6,-154.649,19.6704,44.5,-64.24,508.314,0,0,0,99999,0,0,0,0,0,0,0,0,0,0,0,0,0,0,0,0
76549,76549,76549,21.4,-154.648,19.6699,46.11,-64.83,501.778,1.86702,0.131093,3.26641,0.07475,3.63889e-06,1.86702,0,0,0,0,0,0,0,0,0,0,0,0,0,0
76567,76576,76572,21.3,-154.648,19.6698,46.8433,-64.3833,500.579,1.75344,0.177528,5.85622,0.0989626,1.52408e-05,1.16896,0.292239,0,0.292239,0,0,0,0,0,0,0,0,0,0,0
76592,76592,76592,21.2,-154.648,19.6697,47.56,-64.32,498.571,0.876452,0.0615404,1.53338,0.07475,1.70824e-06,0.876452,0,0,0,0,0,0,0,0,0,0,0,0,0,0
76612,76612,76612,21.1,-154.648,19.6694,48.26,-65.9,492.722,0,0,0,99999,0,0,0,0,0,0,0,0,0,0,0,0,0,0,0,0
76629,76643,76636,21,-154.646,19.6692,49.135,-64.0367,494.617,1.3129,0.141651,4.87939,0.10334,1.38087e-05,0.875264,0.145877,0,0.291755,0,0,0,0,0,0,0,0,0,0,0
76651,76669,76660,20.9,-154.645,19.6693,49.8567,-63.6367,493.512,3.78557,0.478288,17.9279,0.112451,6.28387e-05,1.74719,0.582395,0.873593,0.291198,0.291198,0,0,0,0,0,0,0,0,0,0
76696,76702,76699,20.7,-154.643,19.6702,51.305,-62.77,491.508,1.73999,0.203163,7.19488,0.106243,2.09902e-05,0.869994,0.434997,0,0.434997,0,0,0,0,0,0,0,0,0,0,0
76716,76732,76724,20.6,-154.641,19.6707,52.1025,-62.8375,489.192,2.39325,0.3268,12.6336,0.115975,4.61018e-05,0.870274,0.435137,0.652705,0.217568,0.217568,0,0,0,0,0,0,0,0,0,0
76742,76742,76742,20.5,-154.64,19.6713,52.88,-62.05,488.941,7.80324,0.833323,30.1861,0.108671,0.000113056,5.20216,1.73405,0,0,0.867027,0,0,0,0,0,0,0,0,0,0
76765,76765,76765,20.4,-154.64,19.6716,53.75,-63.23,483.955,1.64692,0.115639,2.88135,0.07475,3.20992e-06,1.64692,0,0,0,0,0,0,0,0,0,0,0,0,0,0
76788,76804,76796,20.3,-154.639,19.6726,54.94,-65.575,475.555,1.87372,0.250379,9.14759,0.109605,2.69707e-05,0.416382,0.624573,0.416382,0.416382,0,0,0,0,0,0,0,0,0,0,0
76808,76827,76818,20.2,-154.639,19.6731,55.7825,-66.0325,472.461,1.04326,0.205747,9.20969,0.134287,4.08789e-05,0,0.417302,0,0.417302,0.208651,0,0,0,0,0,0,0,0,0,0
76833,76834,76834,20.1,-154.64,19.673,56.39,-66.755,469.358,4.60639,0.415341,12.6332,0.0912492,2.751e-05,3.3501,0.837526,0,0.418763,0,0,0,0,0,0,0,0,0,0,0
76883,76891,76887,19.9,-154.64,19.6727,58.435,-68.785,460.033,1.64593,0.239833,8.96415,0.11213,2.70335e-05,0,0.822966,0.411483,0.411483,0,0,0,0,0,0,0,0,0,0,0
76900,76921,76910,19.8,-154.64,19.6734,59.31,-69.1167,457.343,3.81266,0.317369,8.85095,0.0836656,1.42495e-05,2.72333,0.816998,0.272333,0,0,0,0,0,0,0,0,0,0,0,0
76946,76948,76947,19.7,-154.64,19.6752,60.715,-70.865,450.395,2.4287,0.237345,7.37713,0.0932456,1.57821e-05,1.61913,0,0.809566,0,0,0,0,0,0,0,0,0,0,0,0
76952,76956,76954,19.6,-154.64,19.6754,60.975,-69.795,452.228,1.20796,0.151279,5.22495,0.103615,1.33447e-05,0.402653,0,0.805307,0,0,0,0,0,0,0,0,0,0,0,0
76977,76979,76978,19.5,-154.64,19.6757,61.885,-70,449.871,3.22448,0.365531,13.7717,0.113027,5.42114e-05,2.41836,0,0.40306,0,0.40306,0,0,0,0,0,0,0,0,0,0
77007,77026,77016,19.4,-154.641,19.6753,63.4633,-70.6433,445.224,2.15648,0.311925,14.4981,0.139439,7.77202e-05,1.07824,0.53912,0.26956,0,0,0.26956,0,0,0,0,0,0,0,0,0
77035,77036,77036,19.3,-154.641,19.675,64.2,-71.36,442.192,4.05123,0.819475,40.3538,0.14773,0.000211832,1.62049,0,0,1.62049,0.405123,0.405123,0,0,0,0,0,0,0,0,0
77068,77068,77068,19.2,-154.642,19.6748,65.57,-71.7,438.78,2.30938,0.18777,5.10348,0.0815385,7.4237e-06,1.53959,0.769794,0,0,0,0,0,0,0,0,0,0,0,0,0
77079,77101,77090,19.1,-154.643,19.6741,66.3867,-70.6067,439.609,3.06255,0.488752,25.2429,0.154943,0.000160927,1.02085,1.02085,0.765639,0,0,0,0.255213,0,0,0,0,0,0,0,0
77103,77111,77107,19,-154.643,19.6731,67.22,-71.4133,436.308,3.0748,0.370081,14.0941,0.114251,5.27243e-05,2.04987,0.256233,0,0.512467,0.256233,0,0,0,0,0,0,0,0,0,0
77145,77146,77146,18.9,-154.642,19.67,68.9,-71.945,432.09,6.56176,1.27798,76.7878,0.180256,0.000523129,1.92993,1.92993,1.54394,0.385986,0,0.385986,0,0.385986,0,0,0,0,0,0,0
77183,77204,77194,18.7,-154.64,19.6656,71.0667,-73.3433,425.311,3.20306,0.522337,27.6337,0.158712,0.000179788,1.72472,0.739167,0,0.246389,0.246389,0,0.246389,0,0,0,0,0,0,0,0
77212,77228,77220,18.6,-154.638,19.6635,72.0925,-72.6825,424.971,4.4736,0.496106,17.8976,0.108228,6.27122e-05,2.796,0.745599,0.3728,0.1864,0.3728,0,0,0,0,0,0,0,0,0,0
77243,77264,77254,18.5,-154.635,19.6607,73.6567,-72.2533,423.291,5.70071,0.98023,72.7103,0.22253,0.000542314,4.27553,0.712589,0.23753,0,0,0,0.23753,0,0.23753,0,0,0,0,0,0
77277,77277,77277,18.4,-154.633,19.6593,74.55,-71.89,422.578,3.50237,1.11519,87.6882,0.235891,0.000710593,0.700473,1.40095,0,0.700473,0,0,0,0.700473,0,0,0,0,0,0,0
77333,77342,77338,18.2,-154.626,19.6548,77.265,-73.885,414.153,3.89118,0.751024,50.8783,0.203235,0.000387257,2.4762,0.707486,0,0,0.353743,0,0,0.353743,0,0,0,0,0,0,0
77353,77353,77353,18.1,-154.624,19.6544,77.95,-73.2,414.511,5.9091,0.979468,46.5688,0.142635,0.000244516,2.95455,0,1.47727,0.738637,0,0.738637,0,0,0,0,0,0,0,0,0
