data/B2SAP/Locations/Hawaii/NOAA-POPS-B2SAP_GMLBalloon_20220504_R0.ict
61,1001
Thornberry, T. D.
NOAA Chemical Sciences Laboratory
Portable Optical Particle Spectrometer (POPS)
Balloon Baseline Stratospheric Aerosol Profiles (B2SAP)
1,1
2022,05,04,2024,05,28
0
TIME_START,s,Seconds since midnight UTC on flight start day,Start time of 100 m altitude bin in UTC_seconds_since_midnight
28
1.0,1.0,1.0,1.0,1.0,1.0,1.0,1.0,1.0,1.0,1.0,1.0,1.0,1.0,1.0,1.0,1.0,1.0,1.0,1.0,1.0,1.0,1.0,1.0,1.0,1.0,1.0,1.0
99999,99999,99999,99999,99999,99999,99999,99999,99999,99999,99999,99999,99999,99999,99999,99999,99999,99999,99999,99999,99999,99999,99999,99999,99999,99999,99999,99999
TIME_STOP,s,End time of 100 m altitude bin in UTC seconds since midnight,
TIME_MID,s,Mid time of 100 m altitude in UTC seconds since midnight,
GPSAlt,m,GPS reported altitude above sea level (m),
GPS_Lon,deg,GPS reported longitude,
GPS_Lat,deg,GPS reported latitude,
iMet_Pressure,mb,Pressure reported (mB),
iMet_Temperature,degrees C,Ambient temperature (oC),
THETA,K,Potential temperature from iMet,
Aerosol_concentration,cm^-3,Aerosol concentration,
Surface_Area_Conc,um^2 cm^-3,Surface area concentration,
Volume_density,um^3 cm^-3,Volume density,
Effective_radius,um,Effective radius,
Extinction,km^-1,Extinction,
Bin01,cm^-3,particle concentration in size range [140 - 170 nm],
Bin02,cm^-3,particle concentration in size range [170 - 205 nm],
Bin03,cm^-3,particle concentration in size range [205 - 249 nm],
Bin04,cm^-3,particle concentration in size range [249 - 302 nm],
Bin05,cm^-3,particle concentration in size range [302 - 366 nm],
Bin06,cm^-3,particle concentration in size range [366 - 443 nm],
Bin07,cm^-3,particle concentration in size range [443 - 537 nm],
Bin08,cm^-3,particle concentration in size range [537 - 651 nm],
Bin09,cm^-3,particle concentration in size range [651 - 789 nm],
Bin10,cm^-3,particle concentration in size range [789 - 956 nm],
Bin11,cm^-3,particle concentration in size range [956 - 1159 nm],
Bin12,cm^-3,particle concentration in size range [1159 - 1404 nm],
Bin13,cm^-3,particle concentration in size range [1404 - 1702 nm],
Bin14,cm^-3,particle concentration in size range [1702 - 2062 nm],
Bin15,cm^-3,particle concentration in size range [2062 - 2500 nm],
0
19
PI_CONTACT_INFO: 325 Broadway R/CSL6, Boulder, CO 80305; troy.thornberry@noaa.gov; 303-497-3373 
PLATFORM: GML ECC/FPH balloon
LOCATION: Hilo, HI, USA
ASSOCIATED_DATA: N/A
INSTRUMENT_INFO: Printed Optical Particle Spectrometer counts particles from 140 - 2500 nm in diameter 
DATA_INFO: Particle concentrations reported in number per cubic centimeter, binned to 100 m altitude
UNCERTAINTY: Counting uncertainty dominated by air flow, less than 5 percent
ULOD_FLAG: -77777
ULOD_VALUE: 3000 ~3000 per cm3 (varies depending on flow rate- manufacturer quotes 1250  per cm3 at 1.667 cc/s)
LLOD_FLAG: -88888
LLOD_VALUE: 0 0 (varies depending on data field and measurement precision)
DM_CONTACT_INFO: Troy Thornberry, 325 Broadway R/CSL6, Boulder, CO 80305; troy.thornberry@noaa.gov; 303-497-3373
PROJECT_INFO: B2SAP Hilo, HI, USA
STIPULATIONS_ON_USE: Please contact the PIs for questions regarding applications and uncertainties
OTHER_COMMENTS: POPS bin Edges (nm):  140, 170, 205, 249, 302, 366, 443, 537, 651, 789, 956, 1159, 1404, 1702, 2062, 2500
Calculations assume sulfate refractive index of 1.45+0.00j and extinction wavelength = 532 nm
REVISION: R0
R0: QA/QC data
TIME_START,TIME_STOP,TIME_MID,GPSAlt,GPS_Lon,GPS_Lat,iMet_Pressure,iMet_Temperature,THETA,Aerosol_concentration,Surface_Area_Conc,Volume_density,Effective_radius,Extinction,Bin01,Bin02,Bin03,Bin04,Bin05,Bin06,Bin07,Bin08,Bin09,Bin10,Bin11,Bin12,Bin13,Bin14,Bin15
[from data line 153]
84852,84869,84860,15.4,-154.882,19.9434,124.378,-67.9875,372.177,11.0706,1.23562,47.2317,0.114675,0.000191944,6.44844,2.68309,0.834239,0.631316,0.202923,0.180376,0.067641,0.022547,0,0,0,0,0,0,0
84874,84886,84880,15.5,-154.879,19.944,122.157,-68.4264,373.291,13.1766,1.52024,63.4816,0.125272,0.000295692,7.96496,2.85165,1.08166,0.524442,0.524442,0.0655552,0.0655552,0.0655552,0.0327776,0,0,0,0,0,0
84887,84903,84895,15.6,-154.877,19.9446,120.724,-68.91,373.663,12.5853,1.55101,77.5104,0.149923,0.000387449,7.58115,2.81671,1.10871,0.449475,0.149825,0.269685,0.149825,0,0,0.05993,0,0,0,0,0
84905,84923,84914,15.7,-154.875,19.9454,118.831,-69.3821,374.499,11.4675,1.4103,77.6875,0.165258,0.000298557,6.80232,2.78869,0.860063,0.52125,0.182438,0.156375,0.0781876,0.0260625,0.0260625,0,0,0.0260625,0,0,0
84924,84941,84932,15.8,-154.872,19.9465,116.725,-69.8494,375.547,11.6293,1.28586,50.0219,0.116704,0.000215612,7.22041,2.4494,0.894565,0.596376,0.191692,0.106496,0.149094,0.0212992,0,0,0,0,0,0,0
84943,84962,84952,15.9,-154.869,19.9474,114.754,-69.6156,377.808,11.1193,1.27484,54.667,0.128644,0.000272357,6.88444,2.42314,0.996432,0.317046,0.203816,0.0679385,0.135877,0.0679385,0.0226462,0,0,0,0,0,0
84963,84983,84973,16,-154.867,19.9481,112.842,-69.8925,379.12,10.7886,1.1411,41.9321,0.110241,0.000159182,6.76841,2.40755,0.635958,0.613245,0.158989,0.136277,0.0454255,0.0227128,0,0,0,0,0,0,0
84984,85001,84992,16.1,-154.865,19.9488,111.396,-70.1873,379.962,9.92785,1.16912,52.6291,0.135048,0.000265544,6.04304,2.09182,0.896495,0.431646,0.298832,0,0.066407,0.0332035,0.066407,0,0,0,0,0,0
85005,85023,85014,16.2,-154.863,19.9498,109.387,-69.4208,383.382,7.27029,1.31838,68.6749,0.156271,0.00041658,2.48401,1.96904,0.757322,0.727029,0.696736,0.302929,0.272636,0.0605857,0,0,0,0,0,0,0
85024,85040,85032,16.3,-154.862,19.9506,107.778,-68.886,386.029,7.28507,1.61881,96.1796,0.178241,0.000642897,2.13695,1.50558,1.06848,0.898492,0.631373,0.534238,0.364253,0.0971343,0.0485671,0,0,0,0,0,0
85042,85056,85049,16.4,-154.861,19.9518,105.789,-69.1071,387.661,7.28729,1.60807,95.313,0.177815,0.000625205,2.04874,1.55601,0.98547,1.0114,0.752069,0.570535,0.129667,0.181534,0.0518668,0,0,0,0,0,0
85057,85076,85066,16.5,-154.86,19.9529,104.191,-68.6647,390.196,6.70942,1.2867,72.4658,0.168957,0.000436951,2.31692,1.39981,0.989518,0.772307,0.603365,0.337884,0.217211,0.0482692,0,0.0241346,0,0,0,0,0
85077,85096,85086,16.6,-154.86,19.9546,102.597,-68.7085,391.84,6.9874,1.32652,76.4872,0.172981,0.000467304,2.52323,1.52503,1.02593,0.720922,0.526828,0.388189,0.138639,0.110911,0,0.0277278,0,0,0,0,0
85097,85114,85106,16.7,-154.86,19.9565,100.989,-69.0607,392.928,6.76107,1.46906,103.841,0.212057,0.000574473,2.27032,1.34723,0.972996,0.972996,0.623715,0.224538,0.0997944,0.149692,0.0748458,0,0,0.0249486,0,0,0
85115,85132,85124,16.8,-154.859,19.9589,99.3506,-69.1538,394.589,6.70362,1.39227,91.3351,0.196805,0.000490655,2.22785,1.42502,0.883112,0.883112,0.582051,0.481697,0.0802829,0.100354,0,0.0200707,0.0200707,0,0,0,0
85136,85152,85144,16.9,-154.858,19.9618,97.5613,-69.885,395.225,6.19138,1.19484,68.0207,0.170786,0.000428198,2.1911,1.34683,0.783973,0.783973,0.502547,0.341732,0.100509,0.0804075,0.0603056,0,0,0,0,0,0
85153,85172,85162,17,-154.857,19.9642,96.0625,-70.0644,396.621,6.22296,1.14109,61.6913,0.16219,0.000375802,2.38412,1.25267,0.949607,0.545519,0.424293,0.464701,0.141431,0.0202044,0.0404088,0,0,0,0,0,0
85173,85191,85182,17.1,-154.856,19.9662,94.5877,-69.7169,399.064,6.16882,1.11269,71.1688,0.191882,0.000440097,3.03506,1.08571,0.690907,0.444155,0.518181,0.172727,0.0246753,0.123376,0.0246753,0.0493505,0,0,0,0,0
85192,85212,85202,17.2,-154.855,19.9681,93.2087,-68.6937,402.761,6.88508,0.885161,39.1641,0.132736,0.000196788,3.67204,1.67637,0.658573,0.339265,0.259438,0.159654,0.0997838,0,0.0199568,0,0,0,0,0,0
85213,85230,85222,17.3,-154.853,19.97,91.76,-67.9214,406.088,7.67573,1.13731,68.4061,0.180442,0.00030979,4.07702,1.73102,0.660523,0.501086,0.318873,0.227766,0.0911066,0.0227766,0.0227766,0,0.0227766,0,0,0,0
85231,85249,85240,17.4,-154.852,19.9714,90.0206,-66.9194,410.317,6.35659,1.13919,65.7126,0.17305,0.000407175,2.82074,1.31105,0.59593,0.675388,0.417151,0.258236,0.158915,0.0794574,0.0198643,0.0198643,0,0,0,0,0
85251,85268,85260,17.5,-154.851,19.9726,88.5762,-64.7846,416.48,6.53827,1.5197,89.6789,0.177032,0.000603322,1.71932,1.21079,0.992849,1.01706,0.605395,0.484316,0.339021,0.169511,0,0,0,0,0,0,0
85269,85287,85278,17.6,-154.851,19.9737,87.2645,-64.31,419.205,6.42359,1.51003,100.067,0.198805,0.000676145,1.9128,1.42746,0.885028,0.742281,0.513887,0.513887,0.199845,0.114197,0.0856479,0.0285493,0,0,0,0,0
85288,85305,85296,17.7,-154.85,19.9748,86.0773,-64.2936,420.895,6.16954,1.0798,55.0051,0.152821,0.000320747,2.41664,1.08038,0.824501,0.909794,0.54019,0.170586,0.142155,0.0852932,0,0,0,0,0,0,0
85306,85319,85312,17.8,-154.849,19.976,84.7786,-64.795,421.705,6.00292,1.12934,60.9412,0.161885,0.00037508,2.30709,1.18714,0.64957,0.64957,0.64957,0.313585,0.179192,0.0447979,0.022399,0,0,0,0,0,0
85324,85339,85332,17.9,-154.849,19.9777,83.2777,-65.1254,423.189,5.88785,1.01248,51.2509,0.151858,0.000297566,2.19588,1.30305,0.820438,0.723916,0.386088,0.265436,0.120653,0.0723916,0,0,0,0,0,0,0
85340,85359,85350,18,-154.848,19.9791,82.0706,-65.7262,423.738,6.40074,1.20448,73.3474,0.182686,0.000364045,2.36335,1.29984,0.827172,0.827172,0.531754,0.374197,0.118167,0.0393892,0,0,0.0196946,0,0,0,0
85360,85380,85370,18.1,-154.848,19.9807,80.7656,-65.8563,425.409,5.85423,1.0933,72.1076,0.197863,0.00035657,2.30621,1.2221,0.827871,0.571625,0.512492,0.256246,0.0985561,0,0.0197112,0.0197112,0.0197112,0,0,0,0
85381,85399,85390,18.2,-154.848,19.9826,79.5669,-66.2885,426.339,5.54223,0.885663,42.2382,0.143073,0.0002296,2.16341,1.36125,0.6077,0.72924,0.316004,0.218772,0.12154,0.024308,0,0,0,0,0,0,0
85400,85415,85408,18.3,-154.848,19.9843,78.3347,-66.8707,427.044,5.4525,0.964926,51.6933,0.160717,0.000315409,1.9443,1.33142,0.803081,0.570611,0.422674,0.147936,0.126802,0.0845349,0.0211337,0,0,0,0,0,0
85420,85437,85428,18.4,-154.848,19.9859,76.9356,-67.1844,428.587,6.36543,1.15901,58.1595,0.150542,0.000329042,2.04887,1.37255,0.934923,0.795679,0.696219,0.377948,0.0795679,0.0596759,0,0,0,0,0,0,0
85438,85455,85446,18.5,-154.848,19.9867,75.6845,-67.3936,430.172,4.8076,0.850109,43.7186,0.154281,0.000248047,1.79625,0.871708,0.607554,0.818878,0.369816,0.237739,0.0528308,0.0264154,0.0264154,0,0,0,0,0,0
85456,85470,85463,18.6,-154.847,19.9869,74.6982,-67.2227,432.144,5.13812,0.944047,49.203,0.156358,0.000293322,1.81651,1.01205,0.648753,0.804453,0.467102,0.181651,0.129751,0.0778503,0,0,0,0,0,0,0
85471,85485,85478,18.7,-154.848,19.9868,73.5646,-66.5638,435.416,5.02557,0.880782,44.0165,0.149923,0.00025044,1.70432,1.07066,0.852162,0.633659,0.371455,0.240353,0.109252,0.0437006,0,0,0,0,0,0,0
85490,85507,85498,18.8,-154.848,19.9865,72.2531,-67.4625,435.767,5.2602,0.954646,62.9352,0.197776,0.000276445,2.08625,1.1412,0.606261,0.731079,0.30313,0.249637,0.089156,0.0356624,0,0,0,0,0.0178312,0,0
85508,85525,85516,18.9,-154.849,19.9865,71.1093,-68.436,435.678,5.94294,1.01565,49.9093,0.147421,0.000276676,2.19051,1.16192,0.99049,0.666676,0.476197,0.342862,0.0571437,0.0571437,0,0,0,0,0,0,0
85526,85543,85534,19,-154.849,19.9864,70.0786,-68.9486,436.408,6.02279,1.1268,68.5654,0.182549,0.000324471,2.04857,1.27011,0.880884,0.819427,0.594085,0.245828,0.122914,0.0204857,0,0,0.0204857,0,0,0,0
85544,85561,85552,19.1,-154.85,19.9861,69.03,-69.5893,436.92,5.51737,0.9211,46.1564,0.15033,0.000265578,2.11467,1.2688,0.768972,0.595953,0.40371,0.192243,0.0961215,0.0768972,0,0,0,0,0,0,0
85562,85580,85571,19.2,-154.851,19.9855,67.8541,-69.4771,439.304,5.39542,0.930733,47.1076,0.15184,0.000268906,1.82096,1.24769,0.910478,0.657567,0.387796,0.202328,0.118025,0.0337214,0.0168607,0,0,0,0,0,0
85581,85600,85590,19.3,-154.853,19.9851,66.7473,-69.5467,441.233,5.3889,1.01558,55.641,0.164363,0.000339722,1.94385,0.943057,0.904565,0.63512,0.519644,0.250199,0.0962303,0.0577382,0.0384921,0,0,0,0,0,0
85601,85620,85610,19.4,-154.854,19.9853,65.7062,-69.5162,443.28,4.67724,0.928045,50.8795,0.164473,0.000312308,1.70686,0.775845,0.598509,0.576342,0.465507,0.421173,0.066501,0.044334,0.022167,0,0,0,0,0,0
85621,85637,85629,19.5,-154.855,19.9856,64.8267,-70.0783,443.755,4.74835,0.944235,52.8426,0.16789,0.000332714,1.51851,1.10875,0.626685,0.506169,0.482066,0.313343,0.0964131,0.0723098,0.0241033,0,0,0,0,0,0
85640,85657,85648,19.6,-154.856,19.9863,63.7414,-70.8557,444.205,4.38317,0.794463,42.0564,0.158811,0.000247748,1.47491,0.830933,0.768613,0.727066,0.270053,0.166187,0.06232,0.06232,0.0207733,0,0,0,0,0,0
85658,85676,85667,19.7,-154.857,19.9873,62.7084,-70.3258,447.445,4.92208,1.08803,69.8119,0.19249,0.000465698,1.50862,1.09718,0.731454,0.594306,0.426682,0.259057,0.121909,0.10667,0.0609545,0.0152386,0,0,0,0,0
85678,85695,85686,19.8,-154.857,19.9881,61.654,-69.8853,450.6,5.0065,1.18441,84.2312,0.213349,0.00046452,1.35311,0.850525,1.0245,0.715214,0.483253,0.251292,0.193301,0.0966506,0,0.0193301,0,0.0193301,0,0,0
85696,85713,85704,19.9,-154.857,19.9883,60.7715,-69.37,453.607,5.63919,1.46189,100.514,0.20627,0.000692056,1.38194,1.06989,1.13675,0.6241,0.468075,0.423497,0.289761,0.178314,0.0222893,0.0445786,0,0,0,0,0
85714,85731,85722,20,-154.858,19.9883,59.8493,-69.5921,455.089,4.58192,1.1004,69.3789,0.189146,0.000457942,1.17644,0.949407,0.598539,0.681096,0.454064,0.412786,0.206393,0.0619178,0.0206393,0.0206393,0,0,0,0,0
85733,85749,85741,20.1,-154.859,19.9884,58.868,-69.358,457.781,4.65324,1.07967,67.205,0.186737,0.000439253,1.13447,0.942184,0.826815,0.615304,0.576847,0.249967,0.173054,0.0961412,0.0192282,0.0192282,0,0,0,0,0
85750,85767,85758,20.2,-154.861,19.9889,57.9247,-68.5906,461.622,4.82304,1.23468,76.8181,0.186651,0.000522908,0.84319,0.944372,0.742007,0.961236,0.657688,0.269821,0.236093,0.118047,0.0505914,0,0,0,0,0,0
85768,85784,85776,20.3,-154.862,19.9894,56.997,-67.487,466.267,4.29863,0.975675,54.21,0.166685,0.000331008,1.00301,0.601808,0.68778,0.91704,0.487178,0.45852,0.11463,0,0.0286575,0,0,0,0,0,0
85785,85800,85792,20.4,-154.864,19.9901,56.2292,-66.9433,469.312,4.22146,0.995021,55.36,0.166911,0.00034461,0.691652,0.906303,0.572402,0.834753,0.620102,0.429301,0.0954003,0.0715502,0,0,0,0,0,0,0
85802,85819,85810,20.5,-154.866,19.9911,55.3069,-65.36,475.145,4.83653,1.17903,71.4649,0.181839,0.000474189,0.889067,1.01354,0.817942,0.853505,0.569003,0.373408,0.195595,0.0711254,0.053344,0,0,0,0,0,0
85824,85837,85830,20.6,-154.868,19.9924,54.3677,-65.1685,477.929,4.36778,1.27299,86.5974,0.20408,0.00061886,0.829879,0.80804,0.61149,0.677006,0.524134,0.371262,0.327584,0.19655,0,0.0218389,0,0,0,0,0
85838,85855,85846,20.7,-154.869,19.9937,53.5829,-65.2,479.838,4.21643,1.07473,77.3972,0.216046,0.000386946,0.887669,0.726274,0.746449,0.665752,0.524532,0.443834,0.181569,0.0201743,0,0,0,0,0.0201743,0,0
85856,85873,85864,20.8,-154.871,19.9947,52.7981,-64.775,482.849,4.66921,1.22289,74.0119,0.181566,0.000493808,0.687167,0.792885,0.863363,0.898603,0.616688,0.475731,0.229056,0.0704786,0.0352393,0,0,0,0,0,0
85875,85890,85882,20.9,-154.873,19.9955,52.0014,-63.7564,487.329,4.71537,1.38634,97.2095,0.210358,0.000680768,0.624685,1.10831,0.866499,0.604534,0.503779,0.483627,0.302267,0.161209,0.0201511,0.0403023,0,0,0,0,0
85893,85911,85902,21,-154.874,19.9962,51.1629,-62.7529,491.934,4.71554,1.22436,75.0383,0.183864,0.000514248,1.01708,0.832154,0.601,0.785923,0.61641,0.477718,0.246564,0.123282,0.0154103,0,0,0,0,0,0
85912,85931,85922,21.1,-154.876,19.9965,50.3471,-62.32,495.226,3.81796,1.01821,66.356,0.195507,0.000448762,0.597122,0.759974,0.759974,0.615217,0.416176,0.361892,0.162852,0.108568,0.0180946,0.0180946,0,0,0,0,0
85932,85951,85942,21.2,-154.877,19.9964,49.6643,-61.3286,499.497,3.80906,0.994433,61.9817,0.186986,0.000433867,0.86243,0.682757,0.556986,0.539019,0.449182,0.377313,0.179673,0.161706,0,0,0,0,0,0,0
85952,85970,85961,21.3,-154.879,19.996,48.9843,-60.34,503.801,3.91406,1.02136,60.5841,0.177951,0.000406504,0.718176,0.646358,0.556586,0.682267,0.592495,0.412951,0.233407,0.0718176,0,0,0,0,0,0,0
85971,85989,85980,21.4,-154.881,19.9953,48.3262,-59.7246,507.228,3.69948,0.991855,63.3136,0.191501,0.000442129,0.770726,0.597313,0.558776,0.674385,0.423899,0.327558,0.21195,0.0963407,0.0385363,0,0,0,0,0,0
85990,86006,85998,21.5,-154.883,19.9949,47.5029,-59.1164,511.166,3.36874,0.870878,55.4425,0.190988,0.000387629,0.768951,0.585868,0.604176,0.476018,0.311242,0.311242,0.201392,0.0732335,0.0366167,0,0,0,0,0,0
86011,86025,86018,21.6,-154.885,19.9948,46.7592,-58.4631,515.046,3.85773,0.992386,60.1657,0.181882,0.000414798,0.874949,0.656212,0.556786,0.616442,0.377819,0.417589,0.278393,0.0795408,0,0,0,0,0,0,0
86026,86041,86034,21.7,-154.886,19.9944,46.1733,-58.4392,516.965,3.96775,1.33846,99.5279,0.223081,0.000718381,0.741228,0.370614,0.78483,0.545021,0.436016,0.566821,0.239809,0.218008,0.0218008,0.0436016,0,0,0,0,0
86043,86058,86050,21.8,-154.888,19.9942,45.4767,-58.2853,519.577,3.83533,1.21415,93.4641,0.230936,0.000664277,0.90456,0.560827,0.506553,0.542736,0.560827,0.289459,0.199003,0.162821,0.0542736,0.0542736,0,0,0,0,0
86060,86074,86067,21.9,-154.891,19.9938,44.7729,-58.3379,521.785,4.12857,1.29441,108.736,0.252013,0.000617117,0.785435,0.785435,0.563902,0.765296,0.463206,0.261812,0.302091,0.120836,0.0402787,0,0.0402787,0,0,0,0
86075,86089,86082,22,-154.892,19.9934,44.17,-58.2973,523.899,3.42791,1.19853,103.579,0.259264,0.000624881,0.669513,0.50883,0.589171,0.321366,0.53561,0.348147,0.214244,0.160683,0.0267805,0.0267805,0,0.0267805,0,0,0
86090,86102,86096,22.1,-154.894,19.9931,43.5654,-58.4008,525.707,3.99803,1.13293,76.6781,0.203044,0.000518376,0.743223,0.691966,0.512567,0.768851,0.435682,0.563824,0.15377,0.0512567,0.0512567,0.0256284,0,0,0,0,0
86107,86122,86114,22.2,-154.897,19.9929,42.8229,-58.0521,529.164,3.11475,1.03101,77.0138,0.224092,0.000564461,0.523977,0.494868,0.494868,0.465758,0.436648,0.203769,0.261989,0.174659,0.0291099,0.0291099,0,0,0,0,0
86123,86139,86131,22.3,-154.899,19.9927,42.2191,-57.8482,531.809,4.19796,1.36408,95.2946,0.209579,0.000711243,0.848072,0.508843,0.678458,0.508843,0.424036,0.59365,0.46644,0.0848072,0.0848072,0,0,0,0,0,0
86140,86156,86148,22.4,-154.901,19.9924,41.6592,-58.1377,533.134,3.85252,1.21475,99.1454,0.244854,0.000548515,0.572156,0.610299,0.572156,0.953593,0.457725,0.190719,0.343293,0.114431,0,0,0.0381437,0,0,0,0
86158,86173,86166,22.5,-154.904,19.992,40.9767,-58.0807,535.794,3.45347,0.793295,45.3146,0.171366,0.000294702,0.897902,0.483486,0.552555,0.621625,0.483486,0.172674,0.172674,0.0690694,0,0,0,0,0,0,0
86175,86190,86182,22.6,-154.906,19.9916,40.3967,-58.6017,536.669,3.02046,0.778752,48.0592,0.185139,0.000324537,0.569073,0.612847,0.481523,0.350199,0.481523,0.306424,0.175099,0,0.0437748,0,0,0,0,0,0
86191,86207,86199,22.7,-154.908,19.9913,39.8633,-59.2258,537.158,3.08492,0.763453,43.968,0.172773,0.000286177,0.544399,0.589765,0.499032,0.499032,0.408299,0.362932,0.1361,0.0453665,0,0,0,0,0,0,0
86208,86224,86216,22.8,-154.911,19.9914,39.285,-58.7656,540.557,2.98366,0.619495,30.626,0.148311,0.000165566,0.583014,0.411539,0.720193,0.445834,0.583014,0.20577,0.0342949,0,0,0,0,0,0,0,0
86226,86241,86234,22.9,-154.913,19.9916,38.6757,-58.6293,543.327,2.63454,0.759179,61.4769,0.242934,0.000398876,0.638675,0.638675,0.359255,0.319338,0.119752,0.359255,0.119752,0,0,0.0798344,0,0,0,0,0
86242,86259,86250,23,-154.914,19.992,38.1108,-59.4415,543.548,2.59361,0.599351,33.9223,0.169795,0.000217944,0.527514,0.527514,0.527514,0.263757,0.351676,0.263757,0.087919,0.0439595,0,0,0,0,0,0,0
86260,86276,86268,23.1,-154.916,19.9922,37.5962,-59.4715,545.584,3.09673,0.753622,54.8029,0.218158,0.000355237,0.942482,0.583441,0.583441,0.269281,0.314161,0.2244,0.0897602,0,0.0448801,0.0448801,0,0,0,0,0
86277,86292,86284,23.2,-154.917,19.9923,37.0593,-59.5147,547.729,2.97317,0.71028,43.6484,0.184357,0.000305403,0.73364,0.772253,0.386126,0.270289,0.347514,0.193063,0.154451,0.115838,0,0,0,0,0,0,0
