data/B2SAP/Locations/Hawaii/NOAA-POPS-B2SAP_GMLBalloon_20230208_R0.ict
61,1001
Thornberry, T. D.
NOAA Chemical Sciences Laboratory
Portable Optical Particle Spectrometer (POPS)
Balloon Baseline Stratospheric Aerosol Profiles (B2SAP)
1,1
2023,02,08,2024,05,28
0
TIME_START,s,Seconds since midnight UTC on flight start day,Start time of 100 m altitude bin in UTC_seconds_since_midnight
28
1.0,1.0,1.0,1.0,1.0,1.0,1.0,1.0,1.0,1.0,1.0,1.0,1.0,1.0,1.0,1.0,1.0,1.0,1.0,1.0,1.0,1.0,1.0,1.0,1.0,1.0,1.0,1.0
99999,99999,99999,99999,99999,99999,99999,99999,99999,99999,99999,99999,99999,99999,99999,99999,99999,99999,99999,99999,99999,99999,99999,99999,99999,99999,99999,99999
TIME_STOP,s,End time of 100 m altitude bin in UTC seconds since midnight,
TIME_MID,s,Mid time of 100 m altitude in UTC seconds since midnight,
GPSAlt,m,GPS reported altitude above sea level (m),
GPS_Lon,deg,GPS reported longitude,
GPS_Lat,deg,GPS reported latitude,
iMet_Pressure,mb,Pressure reported (mB),
iMet_Temperature,degrees C,Ambient temperature (oC),
THETA,K,Potential temperature from iMet,
Aerosol_concentration,cm^-3,Aerosol concentration,
Surface_Area_Conc,um^2 cm^-3,Surface area concentration,
Volume_density,um^3 cm^-3,Volume density,
Effective_radius,um,Effective radius,
Extinction,km^-1,Extinction,
Bin01,cm^-3,particle concentration in size range [140 - 170 nm],
Bin02,cm^-3,particle concentration in size range [170 - 205 nm],
Bin03,cm^-3,particle concentration in size range [205 - 249 nm],
Bin04,cm^-3,particle concentration in size range [249 - 302 nm],
Bin05,cm^-3,particle concentration in size range [302 - 366 nm],
Bin06,cm^-3,particle concentration in size range [366 - 443 nm],
Bin07,cm^-3,particle concentration in size range [443 - 537 nm],
Bin08,cm^-3,particle concentration in size range [537 - 651 nm],
Bin09,cm^-3,particle concentration in size range [651 - 789 nm],
Bin10,cm^-3,particle concentration in size range [789 - 956 nm],
Bin11,cm^-3,particle concentration in size range [956 - 1159 nm],
Bin12,cm^-3,particle concentration in size range [1159 - 1404 nm],
Bin13,cm^-3,particle concentration in size range [1404 - 1702 nm],
Bin14,cm^-3,particle concentration in size range [1702 - 2062 nm],
Bin15,cm^-3,particle concentration in size range [2062 - 2500 nm],
0
19
PI_CONTACT_INFO: 325 Broadway R/CSL6, Boulder, CO 80305; troy.thornberry@noaa.gov; 303-497-3373 
PLATFORM: GML ECC/FPH balloon
LOCATION: Hilo, HI, USA
ASSOCIATED_DATA: N/A
INSTRUMENT_INFO: Printed Optical Particle Spectrometer counts particles from 140 - 2500 nm in diameter 
DATA_INFO: Particle concentrations reported in number per cubic centimeter, binned to 100 m altitude
UNCERTAINTY: Counting uncertainty dominated by air flow, less than 5 percent
ULOD_FLAG: -77777
ULOD_VALUE: 3000 ~3000 per cm3 (varies depending on flow rate- manufacturer quotes 1250  per cm3 at 1.667 cc/s)
LLOD_FLAG: -88888
LLOD_VALUE: 0 0 (varies depending on data field and measurement precision)
DM_CONTACT_INFO: Troy Thornberry, 325 Broadway R/CSL6, Boulder, CO 80305; troy.thornberry@noaa.gov; 303-497-3373
PROJECT_INFO: B2SAP Hilo, HI, USA
STIPULATIONS_ON_USE: Please contact the PIs for questions regarding applications and uncertainties
OTHER_COMMENTS: POPS bin Edges (nm):  140, 170, 205, 249, 302, 366, 443, 537, 651, 789, 956, 1159, 1404, 1702, 2062, 2500
Calculations assume sulfate refractive index of 1.45+0.00j and extinction wavelength = 532 nm
REVISION: R0
R0: QA/QC data
TIME_START,TIME_STOP,TIME_MID,GPSAlt,GPS_Lon,GPS_Lat,iMet_Pressure,iMet_Temperature,THETA,Aerosol_concentration,Surface_Area_Conc,Volume_density,Effective_radius,Extinction,Bin01,Bin02,Bin03,Bin04,Bin05,Bin06,Bin07,Bin08,Bin09,Bin10,Bin11,Bin12,Bin13,Bin14,Bin15
[from data line 177]
77412,77430,77421,17.9,-154.611,19.6555,81.3367,-75.2067,405.408,3.91284,0.488128,17.4736,0.107391,5.0637e-05,1.15084,1.61117,0.230167,0.920669,0,0,0,0,0,0,0,0,0,0,0
77439,77441,77440,17.8,-154.609,19.6561,82.265,-75.33,403.833,3.47286,0.284066,7.89737,0.0834036,1.28268e-05,2.77829,0.347286,0.347286,0,0,0,0,0,0,0,0,0,0,0,0
77470,77472,77471,17.7,-154.604,19.657,83.795,-73.83,404.767,5.28028,0.4814,14.5737,0.0908208,3.06529e-05,3.63019,0.990053,0.330018,0.330018,0,0,0,0,0,0,0,0,0,0,0
77499,77504,77502,17.6,-154.6,19.6575,85.36,-72.8967,404.525,3.08764,0.486124,30.5,0.188223,0.000222864,1.54382,1.32327,0,0,0,0,0,0.220545,0,0,0,0,0,0,0
77526,77538,77532,17.5,-154.595,19.6574,86.9367,-74.7833,398.613,4.00769,0.303628,7.93406,0.0783927,1.03471e-05,3.33974,0.667948,0,0,0,0,0,0,0,0,0,0,0,0,0
77543,77543,77543,17.4,-154.593,19.6574,87.54,-75.14,397.112,1.35764,0.117915,3.31273,0.0842825,5.22332e-06,0.678819,0.678819,0,0,0,0,0,0,0,0,0,0,0,0,0
77584,77593,77588,17.3,-154.586,19.6571,89.975,-74.76,394.77,2.65257,0.398814,17.1941,0.129339,8.07562e-05,1.32628,0.331571,0.331571,0,0.663142,0,0,0,0,0,0,0,0,0,0
77618,77618,77618,17.2,-154.582,19.6567,91.58,-74.92,392.46,2.59925,0.764206,42.8941,0.168387,0.000263176,0,0.649813,0,0.649813,0.649813,0.649813,0,0,0,0,0,0,0,0,0
77643,77643,77643,17.1,-154.578,19.6562,92.97,-72.3,395.945,3.20668,0.225159,5.6102,0.07475,6.24995e-06,3.20668,0,0,0,0,0,0,0,0,0,0,0,0,0,0
77667,77669,77668,17,-154.573,19.6557,94.41,-74.325,390.232,3.88092,0.294024,7.68311,0.0783927,1.00198e-05,3.2341,0.646821,0,0,0,0,0,0,0,0,0,0,0,0,0
77715,77715,77715,16.8,-154.564,19.6541,97.14,-73.1,389.453,1.28364,0.311666,15.1923,0.146236,7.88189e-05,0,0,0.641819,0,0.641819,0,0,0,0,0,0,0,0,0,0
77738,77752,77745,16.7,-154.557,19.6528,98.882,-73.256,387.182,2.6705,0.553414,54.8567,0.297372,0.000334803,1.69941,0.606932,0.121386,0,0.121386,0,0,0,0,0.121386,0,0,0,0,0
77764,77787,77776,16.6,-154.549,19.6515,100.572,-72.6683,386.438,2.804,0.226189,6.16752,0.0818012,9.24813e-06,2.07704,0.623111,0.103852,0,0,0,0,0,0,0,0,0,0,0,0
77795,77817,77806,16.5,-154.541,19.6512,102.43,-73.59,382.66,2.20588,0.184783,5.188,0.0842287,8.55883e-06,1.60428,0.401069,0.200535,0,0,0,0,0,0,0,0,0,0,0,0
77844,77844,77844,16.4,-154.531,19.6517,104.58,-71.25,384.843,1.76106,0.143187,3.89175,0.0815385,5.66107e-06,1.17404,0.587019,0,0,0,0,0,0,0,0,0,0,0,0,0
77874,77874,77874,16.3,-154.524,19.6519,106.28,-71.83,381.98,2.35484,0.233522,7.20762,0.0925945,1.48592e-05,1.17742,0.588711,0.588711,0,0,0,0,0,0,0,0,0,0,0,0
77952,77973,77962,16,-154.503,19.6502,111.6,-71.58,377.157,5.46147,1.02426,74.0932,0.217015,0.000541071,3.01322,1.31829,0.376653,0.188326,0.188326,0,0,0.188326,0.188326,0,0,0,0,0,0
78053,78053,78053,15.7,-154.48,19.6471,117.07,-70.72,373.618,2.24787,0.750597,64.0041,0.255813,0.000546256,1.12394,0.561968,0,0,0,0,0,0.561968,0,0,0,0,0,0,0
78317,78317,78317,14.9,-154.404,19.6513,134.51,-65.55,368.265,4.42413,0.310642,7.74017,0.07475,8.6228e-06,4.42413,0,0,0,0,0,0,0,0,0,0,0,0,0,0
78332,78332,78332,14.8,-154.4,19.6513,135.49,-65.76,367.133,5.58111,0.459412,12.5672,0.0820649,1.8583e-05,3.55161,2.02949,0,0,0,0,0,0,0,0,0,0,0,0,0
78415,78415,78415,14.6,-154.376,19.6532,141.15,-65.84,362.72,3.79858,0.41011,13.6669,0.0999747,3.48965e-05,1.89929,0.949645,0.474823,0.474823,0,0,0,0,0,0,0,0,0,0,0
78474,78476,78475,14.4,-154.359,19.6538,145.375,-63.855,363.111,4.55622,0.423547,13.199,0.093489,3.04226e-05,3.41716,0.455622,0.227811,0.455622,0,0,0,0,0,0,0,0,0,0,0
78592,78592,78592,14,-154.325,19.6514,154.02,-61.86,360.572,4.94825,0.766626,30.9089,0.120954,0.000116242,1.34952,0.449841,1.79936,0.899682,0.449841,0,0,0,0,0,0,0,0,0,0
79798,79798,79798,10.5,-153.903,19.6637,264.87,-39.52,341.484,5.53004,0.580173,18.7837,0.0971283,4.44444e-05,2.55233,1.70155,0.850775,0.425388,0,0,0,0,0,0,0,0,0,0,0
79917,79917,79917,10.1,-153.867,19.6594,277.56,-38.37,338.605,5.92626,0.613818,19.8987,0.0972537,4.76144e-05,3.38643,0.846608,1.26991,0.423304,0,0,0,0,0,0,0,0,0,0,0
