data/B2SAP/Locations/Hawaii/NOAA-POPS-B2SAP_GMLBalloon_20220601_R0.ict
61,1001
Thornberry, T. D.
NOAA Chemical Sciences Laboratory
Portable Optical Particle Spectrometer (POPS)
Balloon Baseline Stratospheric Aerosol Profiles (B2SAP)
1,1
2022,06,01,2024,05,28
0
TIME_START,s,Seconds since midnight UTC on flight start day,Start time of 100 m altitude bin in UTC_seconds_since_midnight
28
1.0,1.0,1.0,1.0,1.0,1.0,1.0,1.0,1.0,1.0,1.0,1.0,1.0,1.0,1.0,1.0,1.0,1.0,1.0,1.0,1.0,1.0,1.0,1.0,1.0,1.0,1.0,1.0
99999,99999,99999,99999,99999,99999,99999,99999,99999,99999,99999,99999,99999,99999,99999,99999,99999,99999,99999,99999,99999,99999,99999,99999,99999,99999,99999,99999
TIME_STOP,s,End time of 100 m altitude bin in UTC seconds since midnight,
TIME_MID,s,Mid time of 100 m altitude in UTC seconds since midnight,
GPSAlt,m,GPS reported altitude above sea level (m),
GPS_Lon,deg,GPS reported longitude,
GPS_Lat,deg,GPS reported latitude,
iMet_Pressure,mb,Pressure reported (mB),
iMet_Temperature,degrees C,Ambient temperature (oC),
THETA,K,Potential temperature from iMet,
Aerosol_concentration,cm^-3,Aerosol concentration,
Surface_Area_Conc,um^2 cm^-3,Surface area concentration,
Volume_density,um^3 cm^-3,Volume density,
Effective_radius,um,Effective radius,
Extinction,km^-1,Extinction,
Bin01,cm^-3,particle concentration in size range [140 - 170 nm],
Bin02,cm^-3,particle concentration in size range [170 - 205 nm],
Bin03,cm^-3,particle concentration in size range [205 - 249 nm],
Bin04,cm^-3,particle concentration in size range [249 - 302 nm],
Bin05,cm^-3,particle concentration in size range [302 - 366 nm],
Bin06,cm^-3,particle concentration in size range [366 - 443 nm],
Bin07,cm^-3,particle concentration in size range [443 - 537 nm],
Bin08,cm^-3,particle concentration in size range [537 - 651 nm],
Bin09,cm^-3,particle concentration in size range [651 - 789 nm],
Bin10,cm^-3,particle concentration in size range [789 - 956 nm],
Bin11,cm^-3,particle concentration in size range [956 - 1159 nm],
Bin12,cm^-3,particle concentration in size range [1159 - 1404 nm],
Bin13,cm^-3,particle concentration in size range [1404 - 1702 nm],
Bin14,cm^-3,particle concentration in size range [1702 - 2062 nm],
Bin15,cm^-3,particle concentration in size range [2062 - 2500 nm],
0
19
PI_CONTACT_INFO: 325 Broadway R/CSL6, Boulder, CO 80305; troy.thornberry@noaa.gov; 303-497-3373 
PLATFORM: GML ECC/FPH balloon
LOCATION: Hilo, HI, USA
ASSOCIATED_DATA: N/A
INSTRUMENT_INFO: Printed Optical Particle Spectrometer counts particles from 140 - 2500 nm in diameter 
DATA_INFO: Particle concentrations reported in number per cubic centimeter, binned to 100 m altitude
UNCERTAINTY: Counting uncertainty dominated by air flow, less than 5 percent
ULOD_FLAG: -77777
ULOD_VALUE: 3000 ~3000 per cm3 (varies depending on flow rate- manufacturer quotes 1250  per cm3 at 1.667 cc/s)
LLOD_FLAG: -88888
LLOD_VALUE: 0 0 (varies depending on data field and measurement precision)
DM_CONTACT_INFO: Troy Thornberry, 325 Broadway R/CSL6, Boulder, CO 80305; troy.thornberry@noaa.gov; 303-497-3373
PROJECT_INFO: B2SAP Hilo, HI, USA
STIPULATIONS_ON_USE: Please contact the PIs for questions regarding applications and uncertainties
OTHER_COMMENTS: POPS bin Edges (nm):  140, 170, 205, 249, 302, 366, 443, 537, 651, 789, 956, 1159, 1404, 1702, 2062, 2500
Calculations assume sulfate refractive index of 1.45+0.00j and extinction wavelength = 532 nm
REVISION: R0
R0: QA/QC data
TIME_START,TIME_STOP,TIME_MID,GPSAlt,GPS_Lon,GPS_Lat,iMet_Pressure,iMet_Temperature,THETA,Aerosol_concentration,Surface_Area_Conc,Volume_density,Effective_radius,Extinction,Bin01,Bin02,Bin03,Bin04,Bin05,Bin06,Bin07,Bin08,Bin09,Bin10,Bin11,Bin12,Bin13,Bin14,Bin15
[from data line 156]
71653,71673,71663,15.7,-155.233,19.7232,116.641,-69.3107,376.616,11.6535,1.15587,40.4398,0.10496,0.000144615,7.80275,2.55869,0.658673,0.177335,0.27867,0.101334,0.0760008,0,0,0,0,0,0,0,0
71674,71692,71683,15.8,-155.234,19.7225,114.699,-69.7793,377.562,11.9392,1.19039,44.2557,0.111532,0.000175831,8.19557,2.45361,0.708259,0.227655,0.15177,0.10118,0.0758849,0,0.025295,0,0,0,0,0,0
71694,71712,71703,15.9,-155.235,19.722,112.681,-69.9408,379.182,12.8959,1.58936,92.7467,0.175064,0.000417053,8.66099,2.32235,1.03823,0.382504,0.109287,0.0819652,0.136609,0.109287,0,0.0273217,0.0273217,0,0,0,0
71713,71731,71722,16,-155.237,19.7216,110.936,-70.1907,380.402,11.9157,1.36058,57.8962,0.127658,0.0002839,7.07336,3.04231,1.0141,0.228173,0.228173,0.126763,0.10141,0.0760577,0.0253526,0,0,0,0,0,0
71732,71747,71740,16.1,-155.239,19.7214,109.163,-70.4433,381.685,11.565,1.38063,58.1679,0.126394,0.00028278,6.8379,2.55678,1.10001,0.35676,0.23784,0.2973,0.11892,0.05946,0,0,0,0,0,0,0
71749,71767,71758,16.2,-155.24,19.7214,107.307,-70.6829,383.109,11.7834,1.41024,67.7925,0.144215,0.000347375,7.32001,2.60154,0.816169,0.510105,0.204042,0.127526,0.102021,0.0255053,0.0510105,0.0255053,0,0,0,0,0
71768,71786,71777,16.3,-155.241,19.7219,105.517,-70.36,385.562,10.9868,1.33292,57.6031,0.129648,0.00029025,6.59717,2.38513,0.913454,0.380606,0.20299,0.329858,0.101495,0.0761211,0,0,0,0,0,0,0
71787,71804,71796,16.4,-155.243,19.7223,103.763,-70.3936,387.356,9.30027,1.15591,56.8627,0.147579,0.000289317,5.2854,2.31236,0.787728,0.406569,0.304927,0.0508212,0.0762317,0,0.0508212,0.0254106,0,0,0,0,0
71805,71822,71814,16.5,-155.244,19.7226,102.041,-71.0986,387.856,10.5274,1.25909,66.5436,0.158552,0.000218684,6.28084,2.44114,0.915427,0.330571,0.279714,0.228857,0.0254285,0,0,0,0,0.0254285,0,0,0
71823,71839,71831,16.6,-155.244,19.7228,100.376,-71.6246,388.665,9.64163,1.09975,44.4716,0.121313,0.000194432,5.74103,2.33487,0.57685,0.412035,0.329628,0.192283,0.027469,0,0.027469,0,0,0,0,0,0
71841,71860,71850,16.7,-155.245,19.7228,98.59,-71.5529,390.813,10.0119,1.19222,64.7558,0.162946,0.000275507,6.37873,2.22946,0.805082,0.185788,0.144502,0.0825726,0.0825726,0.0619294,0.0206431,0,0.0206431,0,0,0,0
71861,71879,71870,16.8,-155.246,19.7229,96.7715,-71.3323,393.319,9.60967,1.08592,43.2262,0.119418,0.000194138,5.49819,2.50581,0.924474,0.267611,0.0973131,0.170298,0.121641,0.0243283,0,0,0,0,0,0,0
71880,71895,71888,16.9,-155.247,19.7234,95.2557,-71.4071,394.953,9.21786,1.21396,71.1626,0.17586,0.00030883,5.39968,2.25928,0.677784,0.293706,0.293706,0.0903712,0.0903712,0.0677784,0.0225928,0,0,0.0225928,0,0,0
71897,71914,71906,17,-155.249,19.724,93.6075,-71.4492,396.848,9.59641,1.17803,59.1074,0.150524,0.000284489,5.77366,2.1091,0.790913,0.395456,0.263638,0.158183,0.0527275,0,0,0.0527275,0,0,0,0,0
71916,71932,71924,17.1,-155.25,19.7247,91.9869,-71.6585,398.412,9.62262,1.15499,58.5618,0.152109,0.000292763,6.23643,1.80272,0.755193,0.414138,0.170527,0.0974442,0.0487221,0.0487221,0,0.0487221,0,0,0,0,0
71933,71949,71941,17.2,-155.251,19.7256,90.44,-71.8643,399.945,9.29782,1.03172,43.0374,0.125143,0.00019626,5.44652,2.41561,0.843185,0.273465,0.136733,0.0911551,0.0227888,0.0227888,0.0455775,0,0,0,0,0,0
71951,71966,71958,17.3,-155.252,19.7268,88.9171,-72.3636,400.891,9.17324,0.978329,37.6024,0.115306,0.000162407,5.79004,2.27061,0.544945,0.11353,0.227061,0.11353,0.0908242,0.0227061,0,0,0,0,0,0,0
71968,71985,71976,17.4,-155.253,19.7275,87.4423,-72.1908,403.153,9.33057,1.11669,50.6571,0.136091,0.000240171,5.08052,2.58911,0.928172,0.244256,0.244256,0.0977023,0.0977023,0.0244256,0,0.0244256,0,0,0,0,0
71986,72005,71996,17.5,-155.254,19.7279,85.8688,-71.625,406.402,8.86595,0.940815,34.3777,0.109621,0.000131239,5.28395,2.29565,0.633282,0.277061,0.217691,0.0791603,0.0791603,0,0,0,0,0,0,0,0
72006,72020,72013,17.6,-155.255,19.7286,84.4483,-71.9925,407.589,8.45919,1.07644,63.1644,0.176037,0.000227031,5.02264,1.85045,0.793049,0.396525,0.15861,0.10574,0.0793049,0.026435,0,0,0,0.026435,0,0,0
72021,72040,72030,17.7,-155.257,19.7296,83.0312,-72.0362,409.481,8.39178,0.980576,39.306,0.120254,0.000173813,4.5936,2.28686,0.676115,0.298286,0.318172,0.1392,0.0397714,0.0397714,0,0,0,0,0,0,0
72042,72058,72050,17.8,-155.258,19.7308,81.5731,-72.5192,410.57,7.24181,1.0548,72.5304,0.206287,0.000309301,4.30594,1.68812,0.391449,0.342518,0.171259,0.0978623,0.122328,0.0978623,0,0,0,0,0.0244656,0,0
72060,72075,72068,17.9,-155.259,19.7319,80.2267,-73.1492,411.224,8.02953,0.898185,36.1416,0.120715,0.0001654,4.8124,2.10044,0.478581,0.186115,0.265879,0.0797636,0.0531757,0.0531757,0,0,0,0,0,0,0
72077,72095,72086,18,-155.26,19.733,78.9053,-73.5047,412.458,7.24477,0.861176,35.878,0.124985,0.000174288,4.53863,1.34241,0.596628,0.277006,0.213081,0.127849,0.149157,0,0,0,0,0,0,0,0
72098,72113,72106,18.1,-155.261,19.7338,77.4831,-73.7185,414.155,7.1006,0.928103,42.457,0.137238,0.000219665,3.62426,1.87377,0.7643,0.295858,0.246548,0.197239,0.0246548,0.0493097,0.0246548,0,0,0,0,0,0
72115,72130,72122,18.2,-155.261,19.7341,76.2208,-73.9054,415.713,7.13002,0.965626,50.4031,0.156592,0.000274814,3.99676,1.67765,0.567441,0.37007,0.197371,0.172699,0.074014,0.0246713,0.0246713,0.0246713,0,0,0,0,0
72132,72148,72140,18.3,-155.262,19.7343,74.9829,-73.6379,418.23,6.30533,0.77111,30.7008,0.119441,0.000130998,3.24405,1.5078,0.708208,0.479754,0.182763,0.114227,0.0685362,0,0,0,0,0,0,0,0
72150,72167,72158,18.4,-155.264,19.7345,73.76,-73.1079,421.307,6.15192,0.966328,50.9838,0.158281,0.000305877,3.39495,1.0481,0.432913,0.455698,0.318988,0.341773,0.0911395,0.0227849,0.0455698,0,0,0,0,0,0
72169,72186,72178,18.5,-155.266,19.7348,72.4321,-72.6886,424.396,5.97894,1.05668,71.9527,0.20428,0.00035358,2.86491,1.32865,0.560526,0.332163,0.498245,0.145321,0.186842,0.0207602,0,0.0207602,0,0.0207602,0,0,0
72187,72204,72196,18.6,-155.267,19.735,71.2308,-72.4738,426.882,5.09307,0.756822,35.8768,0.142214,0.000198986,2.68984,0.837821,0.595294,0.264575,0.396862,0.176383,0.11024,0.0220479,0,0,0,0,0,0,0
72205,72221,72213,18.7,-155.268,19.7353,69.9645,-71.4836,431.191,4.78944,0.773901,38.3695,0.148738,0.000223437,2.12289,1.00966,0.621332,0.310666,0.388333,0.155333,0.155333,0.0258888,0,0,0,0,0,0,0
72223,72241,72232,18.8,-155.269,19.7356,68.7418,-71.4273,433.493,5.22809,1.00372,56.1781,0.16791,0.000355822,2.01877,1.00938,0.621159,0.621159,0.414106,0.310579,0.129408,0.0776448,0.0258816,0,0,0,0,0,0
72242,72258,72250,18.9,-155.271,19.736,67.6309,-70.8482,436.758,4.43889,1.0043,64.2167,0.191826,0.00045095,1.44522,0.954878,0.593573,0.490343,0.438728,0.129038,0.180653,0.154845,0.051615,0,0,0,0,0,0
72259,72276,72268,19,-155.271,19.7361,66.4825,-69.6725,441.463,4.54697,1.02632,62.7151,0.18332,0.000428294,1.48424,0.753902,0.683224,0.518308,0.565426,0.212035,0.141357,0.164916,0.0235594,0,0,0,0,0,0
72278,72295,72286,19.1,-155.272,19.7357,65.391,-68.033,447.123,5.06776,1.07289,62.6131,0.175078,0.000411545,1.45593,0.979953,1.14794,0.363983,0.559973,0.251988,0.167992,0.111995,0.0279987,0,0,0,0,0,0
72296,72313,72304,19.2,-155.273,19.7353,64.5142,-66.5842,452.016,4.84223,1.10458,63.8492,0.173412,0.000422673,1.48279,0.695057,0.764563,0.532877,0.671888,0.370697,0.231686,0.0926742,0,0,0,0,0,0,0
72315,72332,72324,19.3,-155.274,19.735,63.4708,-66.6525,453.985,5.32898,1.25997,74.0319,0.176271,0.000491947,1.43651,0.973118,0.648746,0.695084,0.741423,0.46339,0.301203,0.046339,0.0231695,0,0,0,0,0,0
72333,72349,72341,19.4,-155.275,19.7349,62.435,-66.278,456.943,4.47849,1.09348,69.0049,0.189317,0.000480469,1.0014,0.973585,0.751051,0.751051,0.333801,0.278167,0.1669,0.194717,0.0278167,0,0,0,0,0,0
72351,72367,72359,19.5,-155.276,19.735,61.4064,-66.1664,459.376,5.65013,1.16921,65.6525,0.168454,0.000425035,1.79089,1.21074,0.681042,0.781937,0.504476,0.327909,0.252238,0.100895,0,0,0,0,0,0,0
72370,72386,72378,19.6,-155.277,19.7347,60.3482,-66.6227,460.636,5.28342,1.22427,72.6044,0.177913,0.000481201,1.31453,0.960622,0.960622,0.682547,0.631988,0.404472,0.176957,0.126398,0.0252795,0,0,0,0,0,0
72388,72403,72396,19.7,-155.278,19.7344,59.395,-66.4613,463.102,4.8625,1.20213,72.039,0.179779,0.000492379,1.0767,1.04197,0.520983,0.903037,0.48625,0.382054,0.347322,0.104197,0,0,0,0,0,0,0
72404,72421,72412,19.8,-155.279,19.734,58.4722,-65.9578,466.313,4.6813,1.08545,63.5255,0.175574,0.000417398,1.26272,0.831547,0.61596,0.646759,0.677557,0.338778,0.246384,0.030798,0.030798,0,0,0,0,0,0
72424,72436,72430,19.9,-155.28,19.7337,57.5312,-65.9825,468.415,4.4701,1.10044,67.1034,0.182937,0.000453554,1.24747,0.72769,0.589083,0.554431,0.519779,0.554431,0.17326,0.0693038,0.0346519,0,0,0,0,0,0
72439,72457,72448,20,-155.282,19.7342,56.4667,-65.8867,471.15,4.71048,1.12394,77.9279,0.208004,0.000421676,1.26998,0.854352,0.692718,0.831261,0.39254,0.39254,0.184725,0.0692718,0,0,0.0230906,0,0,0,0
72458,72474,72466,20.1,-155.283,19.735,55.5627,-65.5391,474.11,5.25584,1.34847,91.9684,0.204607,0.000632898,1.25738,1.03105,0.754427,1.08135,0.326918,0.352066,0.201181,0.150885,0.0754427,0.0251476,0,0,0,0,0
72476,72492,72484,20.2,-155.284,19.7356,54.6791,-65.2155,477.041,4.30136,1.32424,95.1591,0.215578,0.000689364,0.981011,0.628853,0.553391,0.654008,0.503083,0.452775,0.251541,0.201233,0.0503083,0.0251541,0,0,0,0,0
72493,72509,72501,20.3,-155.286,19.7364,53.794,-64.803,480.214,5.15458,1.43042,96.2057,0.20177,0.000671742,0.937196,0.909632,1.04745,0.689115,0.633986,0.35834,0.385904,0.137823,0.0275646,0.0275646,0,0,0,0,0
72511,72526,72518,20.4,-155.287,19.737,52.91,-63.505,485.505,4.52,1.0513,61.3547,0.175082,0.000398746,1.19848,0.650606,0.719091,0.684848,0.684848,0.308182,0.205454,0.0342424,0.0342424,0,0,0,0,0,0
72528,72544,72536,20.5,-155.287,19.7372,52.0522,-62.8322,489.339,4.24765,1.35669,88.4341,0.195551,0.000637124,0.667487,0.546126,0.546126,0.546126,0.697828,0.728168,0.424765,0.0606807,0.0303403,0,0,0,0,0,0
72547,72563,72555,20.6,-155.288,19.7372,51.139,-63.217,490.918,4.59587,1.43697,107.475,0.224377,0.000654857,0.930116,0.60184,0.656552,0.574483,0.738621,0.60184,0.328276,0.136782,0,0,0.0273563,0,0,0,0
72565,72579,72572,20.7,-155.289,19.7369,50.355,-63.51,492.406,4.62968,1.66115,148.085,0.267438,0.000850292,0.986205,0.630075,0.520497,0.767048,0.602681,0.465708,0.328735,0.219157,0.0547892,0,0.0273946,0.0273946,0,0,0
72582,72598,72590,20.8,-155.29,19.7362,49.5333,-62.8242,496.337,4.9377,1.46762,103.508,0.211583,0.000741593,0.932929,0.796403,0.910175,0.637123,0.705386,0.409579,0.227544,0.227544,0.0682631,0.0227544,0,0,0,0,0
72600,72614,72607,20.9,-155.291,19.7355,48.6709,-62.6064,499.36,4.32258,1.11504,67.9118,0.182716,0.000463089,1.14275,0.571376,0.521691,0.62106,0.670745,0.447163,0.273267,0.0496848,0.0248424,0,0,0,0,0,0
72615,72631,72623,21,-155.292,19.7347,48.0564,-62.1673,502.214,4.15718,1.1757,80.7133,0.205954,0.000561006,0.719958,0.882529,0.534162,0.673509,0.650285,0.301918,0.185796,0.139347,0.0464489,0.0232244,0,0,0,0,0
72633,72648,72640,21.1,-155.294,19.7335,47.15,-61.728,506.012,4.34619,1.19846,79.0672,0.197923,0.000578149,1.03716,0.765522,0.642051,0.642051,0.34572,0.34572,0.370414,0.17286,0.0246943,0,0,0,0,0,0
72649,72663,72656,21.2,-155.295,19.7324,46.4462,-62.0275,507.465,4.43042,1.36785,102.01,0.22373,0.000713218,0.805531,0.898477,0.743567,0.433747,0.526693,0.557675,0.216874,0.15491,0.030982,0.0619639,0,0,0,0,0
72665,72680,72672,21.3,-155.297,19.7313,45.6638,-61.79,510.511,4.70399,1.73046,148.545,0.257524,0.000984189,0.866525,0.866525,0.711788,0.526104,0.340421,0.557052,0.495157,0.185684,0.092842,0.0309473,0.0309473,0,0,0,0
72683,72698,72690,21.4,-155.298,19.7298,44.9009,-61.3764,513.979,4.32553,1.41114,104.257,0.221645,0.000742457,0.739598,0.605125,0.717186,0.470653,0.87407,0.381005,0.291357,0.134472,0.0672361,0.0448241,0,0,0,0,0
72700,72714,72707,21.5,-155.299,19.7285,44.1627,-61.6573,515.727,4.69034,1.5133,112.683,0.223386,0.000812666,0.628371,0.897673,0.85279,0.763022,0.49372,0.403953,0.336627,0.201976,0.0673255,0.0448837,0,0,0,0,0
72717,72732,72724,21.6,-155.301,19.7273,43.5236,-61.1864,519.043,4.83666,1.83524,143.844,0.235136,0.00109406,0.806111,0.582191,0.694151,0.671759,0.604583,0.604583,0.447839,0.201528,0.201528,0.022392,0,0,0,0,0
72733,72749,72741,21.7,-155.302,19.7265,42.8145,-60.7891,522.452,4.20314,1.35481,108.718,0.240738,0.00067827,0.737785,0.871928,0.447143,0.670714,0.626,0.313,0.268286,0.201214,0.0223571,0.0223571,0,0.0223571,0,0,0
72750,72766,72758,21.8,-155.304,19.7257,42.125,-60.64,525.261,3.97295,1.61382,142.854,0.265559,0.000888663,0.368624,0.634853,0.511978,0.716769,0.655332,0.286708,0.430061,0.286708,0.0204791,0.0204791,0.0204791,0.0204791,0,0,0
72768,72784,72776,21.9,-155.306,19.7251,41.3945,-59.9318,529.643,3.70863,1.0899,72.4865,0.199522,0.000529124,0.759598,0.625551,0.513846,0.446822,0.536187,0.379799,0.245752,0.178729,0.0223411,0,0,0,0,0,0
72785,72801,72793,22,-155.309,19.7247,40.7478,-59.9856,531.904,3.51736,0.983446,78.0574,0.238114,0.000435566,0.763458,0.681659,0.681659,0.463528,0.29993,0.327196,0.163598,0.081799,0.0272663,0,0.0272663,0,0,0,0
72802,72816,72809,22.1,-155.311,19.7247,40.1922,-59.8189,534.407,3.78853,1.4148,103.991,0.220507,0.000807692,0.545112,0.436089,0.572367,0.463345,0.626878,0.354323,0.436089,0.299811,0.0545112,0,0,0,0,0,0
72820,72834,72827,22.2,-155.313,19.7249,39.401,-59.689,537.782,3.55881,1.19297,83.1039,0.208985,0.000617829,0.441784,0.466327,0.638132,0.539958,0.539958,0.41724,0.269979,0.196348,0.0490871,0,0,0,0,0,0
72835,72850,72842,22.3,-155.315,19.7252,38.8355,-59.2673,541.073,2.76322,1.02956,87.1835,0.254042,0.000569728,0.490248,0.44568,0.356544,0.356544,0.33426,0.267408,0.289692,0.155988,0.044568,0,0.022284,0,0,0,0
72851,72865,72858,22.4,-155.316,19.7255,38.2833,-59.0144,543.933,3.45945,1.05305,71.1768,0.202774,0.000516516,0.435836,0.653754,0.572035,0.653754,0.326877,0.381356,0.272397,0.108959,0.0544795,0,0,0,0,0,0
72867,72882,72874,22.5,-155.318,19.7258,37.6318,-58.7173,547.369,3.59822,1.2554,102.611,0.245206,0.000635537,0.399802,0.488647,0.821815,0.466435,0.621914,0.310957,0.244323,0.17769,0.0222112,0.0222112,0,0.0222112,0,0,0
72884,72898,72891,22.6,-155.32,19.7257,37.06,-58.39,550.596,3.61047,1.06295,68.1365,0.192304,0.000488601,0.561087,0.536692,0.609877,0.609877,0.463507,0.390322,0.292741,0.146371,0,0,0,0,0,0,0
72900,72915,72908,22.7,-155.321,19.7258,36.3764,-58.6191,552.954,3.35791,0.986844,76.6631,0.233055,0.000446346,0.555945,0.733848,0.51147,0.444756,0.533707,0.311329,0.111189,0.0889512,0.0444756,0,0.0222378,0,0,0,0
72916,72930,72923,22.8,-155.323,19.7256,35.8818,-58.3464,555.817,3.63823,1.36302,137.08,0.301713,0.000686528,0.669614,0.647293,0.468729,0.624973,0.468729,0.290166,0.200884,0.156243,0.0223205,0.0223205,0.0223205,0.0446409,0,0,0
72932,72947,72940,22.9,-155.325,19.7253,35.2182,-57.9273,559.889,3.40385,1.16878,95.4597,0.245023,0.000573205,0.499232,0.590001,0.453847,0.521924,0.431155,0.499232,0.272308,0.0680771,0.0226924,0.0226924,0,0.0226924,0,0,0
72950,72962,72956,23,-155.327,19.7252,34.6944,-57.3533,563.781,3.21924,1.0436,72.4371,0.208233,0.00050923,0.419901,0.503881,0.391907,0.643848,0.363914,0.503881,0.279934,0.0839802,0,0.0279934,0,0,0,0,0
72964,72980,72972,23.1,-155.328,19.7252,34.13,-56.723,568.099,2.84202,1.21368,124.094,0.306737,0.000745206,0.435264,0.563283,0.40966,0.281641,0.460868,0.256038,0.179226,0.0768113,0.0256038,0.128019,0,0.0256038,0,0,0
72981,72995,72988,23.2,-155.33,19.7252,33.4744,-56.4,572.093,2.34434,0.699807,49.9958,0.214327,0.000348355,0.428844,0.457433,0.371664,0.285896,0.285896,0.228717,0.200127,0.0571791,0,0.0285896,0,0,0,0,0
72996,73013,73004,23.3,-155.331,19.7251,32.9718,-56.1209,575.324,2.52335,0.86337,81.2593,0.282356,0.000460712,0.377323,0.660315,0.35374,0.471653,0.188661,0.117913,0.212244,0.0471653,0.0235827,0.0471653,0,0.0235827,0,0,0
73014,73031,73022,23.4,-155.333,19.7249,32.4211,-56.1178,578.096,3.3998,1.63391,171.565,0.315008,0.0010101,0.615482,0.468938,0.468938,0.263778,0.468938,0.381012,0.293086,0.263778,0.0293086,0.0879259,0.0293086,0.0293086,0,0,0
