data/B2SAP/Locations/Hawaii/NOAA-POPS-B2SAP_GMLBalloon_20220601_R0.ict
61,1001
Thornberry, T. D.
NOAA Chemical Sciences Laboratory
Portable Optical Particle Spectrometer (POPS)
Balloon Baseline Stratospheric Aerosol Profiles (B2SAP)
1,1
2022,06,01,2024,05,28
0
TIME_START,s,Seconds since midnight UTC on flight start day,Start time of 100 m altitude bin in UTC_seconds_since_midnight
28
1.0,1.0,1.0,1.0,1.0,1.0,1.0,1.0,1.0,1.0,1.0,1.0,1.0,1.0,1.0,1.0,1.0,1.0,1.0,1.0,1.0,1.0,1.0,1.0,1.0,1.0,1.0,1.0
99999,99999,99999,99999,99999,99999,99999,99999,99999,99999,99999,99999,99999,99999,99999,99999,99999,99999,99999,99999,99999,99999,99999,99999,99999,99999,99999,99999
TIME_STOP,s,End time of 100 m altitude bin in UTC seconds since midnight,
TIME_MID,s,Mid time of 100 m altitude in UTC seconds since midnight,
GPSAlt,m,GPS reported altitude above sea level (m),
GPS_Lon,deg,GPS reported longitude,
GPS_Lat,deg,GPS reported latitude,
iMet_Pressure,mb,Pressure reported (mB),
iMet_Temperature,degrees C,Ambient temperature (oC),
THETA,K,Potential temperature from iMet,
Aerosol_concentration,cm^-3,Aerosol concentration,
Surface_Area_Conc,um^2 cm^-3,Surface area concentration,
Volume_density,um^3 cm^-3,Volume density,
Effective_radius,um,Effective radius,
Extinction,km^-1,Extinction,
Bin01,cm^-3,particle concentration in size range [140 - 170 nm],
Bin02,cm^-3,particle concentration in size range [170 - 205 nm],
Bin03,cm^-3,particle concentration in size range [205 - 249 nm],
Bin04,cm^-3,particle concentration in size range [249 - 302 nm],
Bin05,cm^-3,particle concentration in size range [302 - 366 nm],
Bin06,cm^-3,particle concentration in size range [366 - 443 nm],
Bin07,cm^-3,particle concentration in size range [443 - 537 nm],
Bin08,cm^-3,particle concentration in size range [537 - 651 nm],
Bin09,cm^-3,particle concentration in size range [651 - 789 nm],
Bin10,cm^-3,particle concentration in size range [789 - 956 nm],
Bin11,cm^-3,particle concentration in size range [956 - 1159 nm],
Bin12,cm^-3,particle concentration in size range [1159 - 1404 nm],
Bin13,cm^-3,particle concentration in size range [1404 - 1702 nm],
Bin14,cm^-3,particle concentration in size range [1702 - 2062 nm],
Bin15,cm^-3,particle concentration in size range [2062 - 2500 nm],
0
19
PI_CONTACT_INFO: 325 Broadway R/CSL6, Boulder, CO 80305; troy.thornberry@noaa.gov; 303-497-3373 
PLATFORM: GML ECC/FPH balloon
LOCATION: Hilo, HI, USA
ASSOCIATED_DATA: N/A
INSTRUMENT_INFO: Printed Optical Particle Spectrometer counts particles from 140 - 2500 nm in diameter 
DATA_INFO: Particle concentrations reported in number per cubic centimeter, binned to 100 m altitude
UNCERTAINTY: Counting uncertainty dominated by air flow, less than 5 percent
ULOD_FLAG: -77777
ULOD_VALUE: 3000 ~3000 per cm3 (varies depending on flow rate- manufacturer quotes 1250  per cm3 at 1.667 cc/s)
LLOD_FLAG: -88888
LLOD_VALUE: 0 0 (varies depending on data field and measurement precision)
DM_CONTACT_INFO: Troy Thornberry, 325 Broadway R/CSL6, Boulder, CO 80305; troy.thornberry@noaa.gov; 303-497-3373
PROJECT_INFO: B2SAP Hilo, HI, USA
STIPULATIONS_ON_USE: Please contact the PIs for questions regarding applications and uncertainties
OTHER_COMMENTS: POPS bin Edges (nm):  140, 170, 205, 249, 302, 366, 443, 537, 651, 789, 956, 1159, 1404, 1702, 2062, 2500
Calculations assume sulfate refractive index of 1.45+0.00j and extinction wavelength = 532 nm
REVISION: R0
R0: QA/QC data
TIME_START,TIME_STOP,TIME_MID,GPSAlt,GPS_Lon,GPS_Lat,iMet_Pressure,iMet_Temperature,THETA,Aerosol_concentration,Surface_Area_Conc,Volume_density,Effective_radius,Extinction,Bin01,Bin02,Bin03,Bin04,Bin05,Bin06,Bin07,Bin08,Bin09,Bin10,Bin11,Bin12,Bin13,Bin14,Bin15
[from data line 398]
78959,78993,78976,8.6,-155.903,19.7389,349.809,-26.345,333.185,3.93225,0.645981,45.523,0.211414,0.000195994,1.93317,0.944619,0.373454,0.30755,0.197711,0.0439358,0.0659037,0.0439358,0,0,0.0219679,0,0,0,0
78999,79031,79015,8.5,-155.904,19.738,354.697,-25.7467,332.674,3.45609,0.785509,81.0837,0.309673,0.000352025,1.92491,0.743715,0.153118,0.174992,0.196866,0.021874,0.10937,0.021874,0.0656219,0,0.021874,0,0.021874,0,0
79038,79072,79055,8.4,-155.905,19.7368,359.727,-25.1017,332.206,3.48427,0.579152,33.3241,0.172618,0.000224326,2.09056,0.544417,0.217767,0.13066,0.174214,0.108883,0.152437,0.0435534,0.0217767,0,0,0,0,0,0
79077,79109,79093,8.3,-155.907,19.7354,364.919,-23.9464,332.386,3.65274,0.64166,45.1383,0.211038,0.000276114,2.0355,0.613437,0.362486,0.250952,0.195185,0,0.111534,0.0278835,0,0.055767,0,0,0,0,0
79110,79145,79128,8.2,-155.909,19.7339,369.917,-23.1447,332.157,3.30114,0.719444,69.1145,0.2882,0.000358505,1.81104,0.573115,0.435568,0.114623,0.137548,0.0458492,0.0687738,0,0.0229246,0.0687738,0.0229246,0,0,0,0
79146,79183,79164,8.1,-155.911,19.7324,374.901,-22.3794,331.905,2.89041,0.392361,23.7483,0.18158,0.000137934,1.91885,0.485784,0.29147,0,0.0728676,0.0242892,0.0485784,0.0242892,0,0.0242892,0,0,0,0,0
79184,79216,79200,8,-155.913,19.7311,379.74,-21.5615,331.772,4.24324,0.745394,59.0386,0.237614,0.000270449,2.67057,0.59346,0.237384,0.237384,0.207711,0.148365,0.059346,0.029673,0.029673,0,0.029673,0,0,0,0
79217,79253,79235,7.9,-155.915,19.7296,384.884,-20.7507,331.567,4.17569,0.70998,54.9498,0.232189,0.000248125,2.28015,0.906565,0.384603,0.247245,0.109887,0.082415,0.082415,0.0274717,0.0274717,0,0.0274717,0,0,0,0
79258,79295,79276,7.8,-155.918,19.728,390.359,-19.7726,331.504,4.10896,0.652698,49.2163,0.226213,0.000221983,2.28725,0.931093,0.384582,0.202412,0.141688,0.0404823,0.0607235,0,0.0202412,0.0202412,0.0202412,0,0,0,0
79296,79337,79316,7.7,-155.921,19.7266,395.806,-18.9989,331.203,4.19093,0.652461,38.9538,0.179109,0.000215031,2.11561,0.906691,0.483568,0.241784,0.241784,0.100743,0.0604461,0,0,0.0402974,0,0,0,0,0
79338,79369,79354,7.6,-155.923,19.7254,400.859,-18.3136,330.897,4.27749,0.806997,62.4855,0.232289,0.000308647,2.16616,0.877433,0.438716,0.301618,0.137099,0.137099,0.109679,0.0548396,0.0274198,0,0.0274198,0,0,0,0
79374,79400,79387,7.5,-155.926,19.7243,406.538,-17.3608,330.804,4.25135,0.827684,54.5369,0.197673,0.000357035,1.71323,1.0787,0.666256,0.158632,0.190359,0.158632,0.190359,0.0317265,0.0317265,0.0317265,0,0,0,0,0
79405,79432,79418,7.4,-155.928,19.7233,411.807,-16.8436,330.258,7.10242,1.08666,51.8365,0.143108,0.000286532,3.18743,1.59371,0.970086,0.450397,0.381105,0.346459,0.138584,0.0346459,0,0,0,0,0,0,0
79433,79465,79449,7.3,-155.93,19.7223,417.19,-16.27,329.764,7.05127,1.30357,90.7375,0.208821,0.000426746,3.07071,1.59222,0.834021,0.454921,0.568651,0.22746,0.22746,0.03791,0,0,0.03791,0,0,0,0
79466,79500,79483,7.2,-155.932,19.7209,422.776,-15.628,329.334,6.01492,0.936026,47.1367,0.151075,0.000276832,2.81711,1.14207,1.02787,0.304553,0.342622,0.190346,0.0761382,0.114207,0,0,0,0,0,0,0
79501,79526,79514,7.1,-155.934,19.7194,427.457,-15.04,329.051,4.90482,0.568998,23.0262,0.121404,0.000101569,2.91055,0.862386,0.59289,0.323395,0.161697,0,0,0.0538991,0,0,0,0,0,0,0
79534,79566,79550,7,-155.937,19.7174,434.523,-13.905,328.957,3.51692,0.77006,81.4888,0.317464,0.000350194,1.853,0.869776,0.378163,0.0378163,0.151265,0.113449,0,0,0,0.0756327,0,0.0378163,0,0,0
79567,79599,79583,6.9,-155.939,19.7157,439.794,-13.2327,328.678,3.10993,0.476322,26.163,0.164781,0.000174978,1.84545,0.649326,0.170875,0.102525,0.102525,0.034175,0.1367,0.0683501,0,0,0,0,0,0,0
79600,79631,79616,6.8,-155.94,19.7139,445.738,-12.2713,328.623,2.53024,0.416478,23.3922,0.1685,0.000154431,1.31198,0.515419,0.234281,0.187425,0.0937125,0.0468563,0.0468563,0.0937125,0,0,0,0,0,0,0
79636,79665,79650,6.7,-155.942,19.7121,452.218,-11.235,328.572,3.06211,0.7012,77.7258,0.33254,0.000284839,1.81227,0.562429,0.187476,0.124984,0.124984,0.124984,0,0.0624921,0,0,0.0624921,0,0,0,0
79666,79697,79682,6.6,-155.944,19.7106,457.85,-10.4233,328.428,2.92975,0.397837,21.7245,0.163819,0.000143018,1.99472,0.498681,0.187005,0,0.12467,0,0,0.12467,0,0,0,0,0,0,0
79709,79709,79709,6.5,-155.945,19.7092,463.04,-9.55,328.462,3.33631,0.264854,7.26931,0.0823395,1.15617e-05,2.9656,0,0.370701,0,0,0,0,0,0,0,0,0,0,0,0
79731,79741,79736,6.4,-155.947,19.7083,467.603,-9.11,328.092,3.11868,0.437772,24.4628,0.167641,0.000163732,2.24545,0.498989,0,0.124747,0,0.124747,0,0.124747,0,0,0,0,0,0,0
79758,79758,79758,6.3,-155.949,19.7071,471.11,-8.54,328.1,5.90857,0.61748,21.4132,0.104035,6.95335e-05,3.69286,1.47714,0,0.369286,0.369286,0,0,0,0,0,0,0,0,0,0
79792,79821,79806,6.2,-155.951,19.7056,480.067,-7.125,328.076,4.59152,0.801478,57.8388,0.216496,0.000357974,2.57125,0.918303,0.306101,0.367321,0.183661,0.0612202,0.0612202,0,0.0612202,0.0612202,0,0,0,0,0
79832,79861,79846,6.1,-155.954,19.7043,488.882,-5.9975,327.761,7.22398,1.27682,82.5866,0.194045,0.000470102,3.29194,1.18876,1.00587,0.914428,0.548657,0.0914428,0,0.0914428,0,0.0914428,0,0,0,0,0
79862,79872,79867,6,-155.954,19.704,492.017,-5.53333,327.733,7.10213,1.94303,219.045,0.338202,0.000793503,3.00938,1.20375,0.963001,0.4815,0.842625,0.24075,0.120375,0,0.120375,0,0,0,0.120375,0,0
79873,79873,79873,5.8,-155.957,19.7032,493.18,-5.39,327.687,12.122,2.22088,120.329,0.162543,0.000778339,4.54576,2.65169,3.03051,0,0,1.13644,0.757626,0,0,0,0,0,0,0,0
