data/B2SAP/Locations/Hawaii/NOAA-POPS-B2SAP_GMLBalloon_20230920_R0.ict
61,1001
Thornberry, T. D.
NOAA Chemical Sciences Laboratory
Portable Optical Particle Spectrometer (POPS)
Balloon Baseline Stratospheric Aerosol Profiles (B2SAP)
1,1
2023,09,20,2024,05,28
0
TIME_START,s,Seconds since midnight UTC on flight start day,Start time of 100 m altitude bin in UTC_seconds_since_midnight
28
1.0,1.0,1.0,1.0,1.0,1.0,1.0,1.0,1.0,1.0,1.0,1.0,1.0,1.0,1.0,1.0,1.0,1.0,1.0,1.0,1.0,1.0,1.0,1.0,1.0,1.0,1.0,1.0
99999,99999,99999,99999,99999,99999,99999,99999,99999,99999,99999,99999,99999,99999,99999,99999,99999,99999,99999,99999,99999,99999,99999,99999,99999,99999,99999,99999
TIME_STOP,s,End time of 100 m altitude bin in UTC seconds since midnight,
TIME_MID,s,Mid time of 100 m altitude in UTC seconds since midnight,
GPSAlt,m,GPS reported altitude above sea level (m),
GPS_Lon,deg,GPS reported longitude,
GPS_Lat,deg,GPS reported latitude,
iMet_Pressure,mb,Pressure reported (mB),
iMet_Temperature,degrees C,Ambient temperature (oC),
THETA,K,Potential temperature from iMet,
Aerosol_concentration,cm^-3,Aerosol concentration,
Surface_Area_Conc,um^2 cm^-3,Surface area concentration,
Volume_density,um^3 cm^-3,Volume density,
Effective_radius,um,Effective radius,
Extinction,km^-1,Extinction,
Bin01,cm^-3,particle concentration in size range [140 - 170 nm],
Bin02,cm^-3,particle concentration in size range [170 - 205 nm],
Bin03,cm^-3,particle concentration in size range [205 - 249 nm],
Bin04,cm^-3,particle concentration in size range [249 - 302 nm],
Bin05,cm^-3,particle concentration in size range [302 - 366 nm],
Bin06,cm^-3,particle concentration in size range [366 - 443 nm],
Bin07,cm^-3,particle concentration in size range [443 - 537 nm],
Bin08,cm^-3,particle concentration in size range [537 - 651 nm],
Bin09,cm^-3,particle concentration in size range [651 - 789 nm],
Bin10,cm^-3,particle concentration in size range [789 - 956 nm],
Bin11,cm^-3,particle concentration in size range [956 - 1159 nm],
Bin12,cm^-3,particle concentration in size range [1159 - 1404 nm],
Bin13,cm^-3,particle concentration in size range [1404 - 1702 nm],
Bin14,cm^-3,particle concentration in size range [1702 - 2062 nm],
Bin15,cm^-3,particle concentration in size range [2062 - 2500 nm],
0
19
PI_CONTACT_INFO: 325 Broadway R/CSL6, Boulder, CO 80305; troy.thornberry@noaa.gov; 303-497-3373 
PLATFORM: GML ECC/FPH balloon
LOCATION: Hilo, HI, USA
ASSOCIATED_DATA: N/A
INSTRUMENT_INFO: Printed Optical Particle Spectrometer counts particles from 140 - 2500 nm in diameter 
DATA_INFO: Particle concentrations reported in number per cubic centimeter, binned to 100 m altitude
UNCERTAINTY: Counting uncertainty dominated by air flow, less than 5 percent
ULOD_FLAG: -77777
ULOD_VALUE: 3000 ~3000 per cm3 (varies depending on flow rate- manufacturer quotes 1250  per cm3 at 1.667 cc/s)
LLOD_FLAG: -88888
LLOD_VALUE: 0 0 (varies depending on data field and measurement precision)
DM_CONTACT_INFO: Troy Thornberry, 325 Broadway R/CSL6, Boulder, CO 80305; troy.thornberry@noaa.gov; 303-497-3373
PROJECT_INFO: B2SAP Hilo, HI, USA
STIPULATIONS_ON_USE: Please contact the PIs for questions regarding applications and uncertainties
OTHER_COMMENTS: POPS bin Edges (nm):  140, 170, 205, 249, 302, 366, 443, 537, 651, 789, 956, 1159, 1404, 1702, 2062, 2500
Calculations assume sulfate refractive index of 1.45+0.00j and extinction wavelength = 532 nm
REVISION: R0
R0: QA/QC data
TIME_START,TIME_STOP,TIME_MID,GPSAlt,GPS_Lon,GPS_Lat,iMet_Pressure,iMet_Temperature,THETA,Aerosol_concentration,Surface_Area_Conc,Volume_density,Effective_radius,Extinction,Bin01,Bin02,Bin03,Bin04,Bin05,Bin06,Bin07,Bin08,Bin09,Bin10,Bin11,Bin12,Bin13,Bin14,Bin15
[from data line 410]
81446,81466,81456,15.4,-155.424,19.807,118.757,-71.88,369.973,1.4685,0.192636,8.31594,0.129508,4.16298e-05,0.663195,0.426339,0.189484,0.0947421,0.047371,0,0.047371,0,0,0,0,0,0,0,0
81473,81498,81486,15.3,-155.419,19.8067,120.409,-71.1487,369.843,1.67297,0.311439,18.8846,0.181909,0.000126217,0.918956,0.212067,0.141378,0.0942519,0.117815,0.117815,0.023563,0.023563,0.023563,0,0,0,0,0,0
81499,81525,81512,15.2,-155.413,19.8062,122.502,-70.7208,368.812,1.53085,0.180783,7.93274,0.131639,4.02943e-05,0.95317,0.259955,0.173304,0.0866518,0.0288839,0,0,0.0288839,0,0,0,0,0,0,0
81525,81549,81537,15.1,-155.407,19.8056,124.653,-70.3685,367.626,1.26985,0.311536,19.5453,0.188216,0.000136658,0.346323,0.173161,0.202022,0.202022,0.230882,0,0.0288602,0.0865807,0,0,0,0,0,0,0
81552,81577,81564,15,-155.4,19.8049,126.759,-69.95,366.615,0.80332,0.174961,10.257,0.175875,6.74796e-05,0.31559,0.11476,0.05738,0.14345,0.02869,0.11476,0,0.02869,0,0,0,0,0,0,0
81580,81603,81592,14.9,-155.393,19.8044,128.982,-69.3544,365.874,1.03587,0.185329,12.1822,0.197197,9.12142e-05,0.745829,0.0828699,0.041435,0,0.0828699,0,0,0.0828699,0,0,0,0,0,0,0
81604,81628,81616,14.8,-155.386,19.8041,130.977,-68.9112,365.071,1.21358,0.12393,4.12865,0.099943,1.17867e-05,0.746817,0.23338,0.140028,0.046676,0.046676,0,0,0,0,0,0,0,0,0,0
81633,81659,81646,14.7,-155.379,19.804,133.409,-68.6671,363.578,0.820681,0.164097,10.2821,0.187977,7.27921e-05,0.397104,0.158841,0.0529472,0.0794207,0.0264736,0.0529472,0,0.0529472,0,0,0,0,0,0,0
81661,81685,81673,14.6,-155.371,19.8043,135.977,-67.9491,362.879,0.636025,0.114218,6.82754,0.17933,4.70846e-05,0.33475,0.100425,0.100425,0,0.033475,0.033475,0,0.033475,0,0,0,0,0,0,0
81687,81712,81700,14.5,-155.364,19.8049,138.192,-67.3975,362.184,0.856632,0.128641,5.51911,0.12871,2.49417e-05,0.367128,0.122376,0.15297,0.091782,0.091782,0.030594,0,0,0,0,0,0,0,0,0
81714,81740,81727,14.4,-155.357,19.8055,140.531,-66.5829,361.867,0.705994,0.149756,8.56218,0.171522,5.48667e-05,0.197678,0.141199,0.112959,0.112959,0.0564795,0.0564795,0,0.0282398,0,0,0,0,0,0,0
81741,81767,81754,14.3,-155.35,19.8061,143.033,-65.7246,361.548,1.03127,0.118536,4.28496,0.108447,1.43925e-05,0.58009,0.193363,0.0966817,0.0966817,0.0644544,0,0,0,0,0,0,0,0,0,0
81769,81792,81780,14.2,-155.344,19.8065,145.431,-64.914,361.245,0.914671,0.153053,7.6782,0.150501,4.53166e-05,0.415759,0.124728,0.166304,0.0831519,0.0415759,0.0415759,0.0415759,0,0,0,0,0,0,0,0
81794,81817,81806,14.1,-155.338,19.807,147.808,-64.145,360.901,0.762483,0.181411,11.2166,0.18549,7.75099e-05,0.311925,0.0693166,0.103975,0.0693166,0.0346583,0.138633,0,0.0346583,0,0,0,0,0,0,0
81819,81847,81833,14,-155.331,19.8078,150.449,-63.2773,360.567,0.821699,0.0908807,3.32554,0.109777,1.19869e-05,0.465629,0.16434,0.13695,0.02739,0,0.02739,0,0,0,0,0,0,0,0,0
81849,81874,81862,13.9,-155.325,19.8088,153.238,-62.59,359.86,1.0844,0.192529,9.85873,0.153619,5.87775e-05,0.410312,0.29308,0.117232,0.058616,0.058616,0.117232,0.029308,0,0,0,0,0,0,0,0
81877,81899,81888,13.8,-155.319,19.8099,155.873,-61.6717,359.67,1.15829,0.123455,4.48879,0.109079,1.61486e-05,0.783551,0.170337,0.0681349,0.102202,0,0.0340674,0,0,0,0,0,0,0,0,0
81901,81926,81914,13.7,-155.313,19.8111,158.431,-60.9008,359.302,1.59036,0.201756,9.17046,0.13636,4.82735e-05,0.717221,0.592487,0.124734,0.0935506,0,0.0311835,0,0.0311835,0,0,0,0,0,0,0
81928,81955,81942,13.6,-155.307,19.8125,161.231,-60.1779,358.731,2.16825,0.250892,9.3259,0.111513,3.45637e-05,1.12749,0.60711,0.17346,0.08673,0.14455,0.02891,0,0,0,0,0,0,0,0,0
81956,81981,81968,13.5,-155.302,19.814,163.983,-59.7807,357.67,1.81466,0.24124,11.1915,0.139174,6.32969e-05,1.09456,0.316846,0.115217,0.172825,0.0288041,0,0.0864124,0,0,0,0,0,0,0,0
81983,82009,81996,13.4,-155.296,19.8154,166.606,-59.1227,357.139,1.01894,0.101355,3.26056,0.0965094,8.37507e-06,0.563099,0.294957,0.107257,0.0268142,0.0268142,0,0,0,0,0,0,0,0,0,0
82011,82037,82024,13.3,-155.29,19.8167,169.321,-58.2493,356.949,1.35679,0.218636,12.8523,0.176352,8.14618e-05,0.824713,0.186226,0.106415,0.079811,0.0266037,0.106415,0,0,0.0266037,0,0,0,0,0,0
82039,82065,82052,13.2,-155.284,19.8178,172.046,-57.4021,356.73,0.681408,0.106482,5.32337,0.14998,3.2058e-05,0.369096,0.14196,0.028392,0.028392,0.056784,0.028392,0.028392,0,0,0,0,0,0,0,0
82067,82095,82081,13.1,-155.277,19.8187,174.969,-57.0044,355.667,0.398179,0.144384,14.7735,0.306962,0.00010094,0.174203,0.0746586,0.0248862,0,0.0497724,0.0248862,0,0.0248862,0,0.0248862,0,0,0,0,0
82097,82127,82112,13,-155.27,19.8196,178.031,-56.5719,354.615,0.44546,0.136711,10.182,0.223434,7.48212e-05,0.148487,0.0247478,0.0494955,0.0494955,0.098991,0.0247478,0.0247478,0,0.0247478,0,0,0,0,0,0
82129,82157,82143,12.9,-155.265,19.8204,180.689,-55.9989,354.055,0.220098,0.0284803,1.16372,0.122582,5.22962e-06,0.132059,0.0440197,0,0,0.0440197,0,0,0,0,0,0,0,0,0,0
82161,82188,82174,12.8,-155.258,19.8215,183.848,-55.0493,353.849,0.308542,0.0731979,4.45065,0.182409,3.15137e-05,0.112197,0.0841479,0,0.0280493,0,0.0560986,0.0280493,0,0,0,0,0,0,0,0
82193,82219,82206,12.7,-155.252,19.8229,187.012,-54.1154,353.627,0.39281,0.120257,8.83537,0.220412,7.15576e-05,0.120864,0.120864,0.0302161,0,0,0.0302161,0.0604322,0.0302161,0,0,0,0,0,0,0
82221,82248,82234,12.6,-155.246,19.8243,189.959,-53.4054,353.196,0.306622,0.059865,2.92247,0.146453,1.53271e-05,0.122649,0,0.0306622,0.0919867,0.0306622,0.0306622,0,0,0,0,0,0,0,0,0
82255,82281,82268,12.5,-155.241,19.8261,193.269,-52.7945,352.439,0.32911,0.0339132,1.24667,0.110282,4.97172e-06,0.287971,0,0,0,0.0411388,0,0,0,0,0,0,0,0,0,0
82282,82311,82296,12.4,-155.236,19.8279,196.453,-52.2177,351.709,0.314081,0.110662,9.66111,0.261909,7.46759e-05,0.17449,0,0,0,0.0697959,0.0348979,0,0,0.0348979,0,0,0,0,0,0
82312,82340,82326,12.3,-155.231,19.8294,199.392,-51.3846,351.54,0.345884,0.0785019,7.3608,0.281298,5.81008e-05,0.311296,0,0,0,0,0,0,0,0.0345884,0,0,0,0,0,0
82343,82370,82356,12.2,-155.226,19.8308,202.59,-50.7479,350.954,0.707598,0.0961228,4.10067,0.127982,1.92078e-05,0.385962,0.160818,0,0.0643271,0.0643271,0.0321635,0,0,0,0,0,0,0,0,0
82372,82401,82386,12.1,-155.221,19.832,206.037,-50.1015,350.286,0.446829,0.0626955,3.24693,0.155367,2.13321e-05,0.309343,0.0687429,0,0.0343715,0,0,0.0343715,0,0,0,0,0,0,0,0
82403,82431,82417,12,-155.216,19.8331,209.044,-49.5554,349.682,0.824807,0.286097,24.9143,0.261251,0.00019957,0.343669,0.103101,0.103101,0.0687339,0,0.0343669,0.0687339,0.0343669,0.0687339,0,0,0,0,0,0
82433,82463,82448,11.9,-155.212,19.8341,212.595,-49.1014,348.714,0.38203,0.100526,7.04582,0.210269,5.46703e-05,0.191015,0.0318358,0,0.0636717,0.0318358,0,0.0318358,0.0318358,0,0,0,0,0,0,0
82465,82490,82478,11.8,-155.207,19.8349,215.979,-48.6125,347.906,1.07887,0.104691,3.23581,0.0927243,6.87237e-06,0.636257,0.193643,0.221307,0.0276633,0,0,0,0,0,0,0,0,0,0,0
82493,82521,82507,11.7,-155.203,19.8356,219.296,-48.0039,347.332,1.2752,0.193719,13.9453,0.215962,7.63038e-05,0.784741,0.196185,0.147139,0.0735695,0.0490463,0,0,0,0,0.0245232,0,0,0,0,0
82523,82550,82536,11.6,-155.198,19.8364,222.662,-47.0894,347.222,1.58372,0.255253,16.7539,0.196909,0.000113882,0.882729,0.363477,0.181738,0.0259626,0.0519252,0,0.0259626,0,0.0519252,0,0,0,0,0,0
82552,82581,82566,11.5,-155.193,19.8373,226.182,-46.1275,347.145,1.43471,0.179309,7.5192,0.125803,3.61191e-05,0.744944,0.386267,0.137953,0.055181,0.055181,0.0275905,0.0275905,0,0,0,0,0,0,0,0
82583,82614,82598,11.4,-155.189,19.8384,229.761,-45.1753,347.044,1.31073,0.156684,7.12913,0.1365,3.83169e-05,0.815567,0.262146,0.11651,0.0582548,0.0291274,0,0,0.0291274,0,0,0,0,0,0,0
82616,82642,82629,11.3,-155.184,19.8395,233.334,-44.21,346.976,1.04417,0.250375,22.7495,0.272585,0.000154299,0.580093,0.203032,0.0870139,0.0290046,0.0290046,0.0290046,0.0290046,0,0.0290046,0.0290046,0,0,0,0,0
82644,82673,82658,11.2,-155.18,19.8406,236.762,-43.3287,346.86,1.33205,0.175437,8.25408,0.141146,4.55359e-05,0.608112,0.463323,0.144789,0.0289577,0.0289577,0.0289577,0,0.0289577,0,0,0,0,0,0,0
82675,82704,82690,11.1,-155.175,19.8417,240.532,-42.4035,346.692,1.42158,0.411826,39.649,0.288828,0.000281539,0.837718,0.228468,0.0507708,0,0.101542,0.0253854,0.0253854,0.0761561,0.0253854,0.0507708,0,0,0,0,0
82706,82738,82722,11,-155.17,19.8426,244.182,-41.64,346.35,1.01833,0.172413,8.33831,0.145087,4.572e-05,0.452589,0.181036,0.135777,0.0226295,0.113147,0.113147,0,0,0,0,0,0,0,0,0
82739,82769,82754,10.9,-155.165,19.8432,247.994,-40.7988,346.065,1.23992,0.209452,12.9985,0.186179,8.87678e-05,0.657915,0.253044,0.202435,0,0,0.0506088,0.0506088,0,0.0253044,0,0,0,0,0,0
82770,82798,82784,10.8,-155.16,19.8436,251.542,-39.9044,345.992,0.909036,0.135923,8.55202,0.188755,5.59344e-05,0.561464,0.160418,0.106945,0.0267364,0,0.0267364,0,0,0.0267364,0,0,0,0,0,0
82800,82831,82816,10.7,-155.155,19.8439,255.404,-38.9476,345.906,1.26019,0.242719,15.6144,0.192994,0.000110239,0.680501,0.20163,0.126019,0.0756112,0,0.0756112,0.0756112,0,0.0252037,0,0,0,0,0,0
82833,82862,82848,10.6,-155.15,19.8442,259.426,-37.9572,345.822,0.915206,0.242042,32.6124,0.404215,8.05288e-05,0.398936,0.234668,0.0938673,0.0704004,0.0938673,0,0,0,0,0,0,0,0.0234668,0,0
82863,82891,82877,10.5,-155.145,19.8444,263.27,-37.0153,345.744,1.14558,0.167087,9.84473,0.176759,6.28383e-05,0.672407,0.199232,0.149424,0.0747119,0,0,0.024904,0,0.024904,0,0,0,0,0,0
82894,82922,82908,10.4,-155.141,19.8445,266.979,-36.1053,345.695,1.21036,0.169534,10.0649,0.178103,6.58985e-05,0.765735,0.296414,0.0494023,0.0247011,0,0.0247011,0.0247011,0,0.0247011,0,0,0,0,0,0
82924,82952,82938,10.3,-155.136,19.8447,271.131,-35.1388,345.582,0.790639,0.254844,20.0715,0.23628,0.000151695,0.247075,0.123537,0.0247075,0.123537,0.123537,0.049415,0.0247075,0.0247075,0.049415,0,0,0,0,0,0
82953,82982,82968,10.2,-155.131,19.8449,274.901,-34.4079,345.275,1.03885,0.404843,52.3207,0.387711,0.000266613,0.574683,0.176826,0.0442064,0.0884128,0,0.0221032,0.0221032,0,0.0442064,0.0442064,0,0.0221032,0,0,0
82984,83014,82999,10.1,-155.127,19.8451,279.244,-33.6786,344.779,0.92998,0.125762,5.81737,0.138771,3.22702e-05,0.569376,0.170813,0.0759168,0,0.0379584,0.0569376,0.0189792,0,0,0,0,0,0,0,0
83016,83046,83031,10,-155.123,19.8451,283.398,-32.9245,344.412,0.735619,0.19923,15.1868,0.228683,0.000115004,0.339517,0.113172,0.0377241,0.0377241,0.0754481,0.0377241,0.0565861,0,0.0377241,0,0,0,0,0,0
83048,83077,83062,9.9,-155.118,19.8447,287.891,-32.0904,344.063,0.827867,0.17784,20.1138,0.339303,5.77265e-05,0.430491,0.198688,0.0827867,0.0331147,0.0331147,0.0331147,0,0,0,0,0,0.0165573,0,0,0
83079,83108,83094,9.8,-155.115,19.8444,291.888,-31.4184,343.657,1.23774,0.278609,18.9254,0.203785,0.000138661,0.542868,0.195433,0.173718,0.108574,0.0434295,0.0434295,0.0651442,0.0434295,0.0217147,0,0,0,0,0,0
83109,83140,83124,9.7,-155.111,19.8441,296.144,-30.7582,343.174,1.88232,0.318567,18.8315,0.17734,0.000121524,0.801385,0.521832,0.242279,0.0931843,0.111821,0.0186369,0.0559106,0,0.0372737,0,0,0,0,0,0
83141,83173,83157,9.6,-155.108,19.8439,300.405,-30.0019,342.847,1.47489,0.364613,34.4483,0.283437,0.000185594,0.666081,0.33304,0.190309,0.0634363,0.0792953,0.0158591,0.0158591,0.0634363,0.0317181,0,0.0158591,0,0,0,0
83174,83206,83190,9.5,-155.106,19.8438,304.917,-29.22,342.491,1.6234,0.279557,19.6182,0.210528,0.000127564,0.992951,0.315223,0.0472834,0.0788057,0.0945668,0.0157611,0.0157611,0.0315223,0.0157611,0.0157611,0,0,0,0,0
83208,83239,83224,9.4,-155.104,19.8438,309.506,-28.2754,342.344,1.52429,0.239557,15.4378,0.193329,9.55751e-05,0.958127,0.275824,0.0871025,0.0435512,0.0580683,0.0290342,0.0435512,0.0145171,0,0.0145171,0,0,0,0,0
83240,83272,83256,9.3,-155.102,19.844,313.537,-27.4456,342.238,1.32075,0.289558,28.9102,0.299527,0.000137627,0.840475,0.180102,0.105059,0.0750424,0,0.0150085,0.0450255,0.0150085,0.030017,0,0,0.0150085,0,0,0
83274,83301,83288,9.2,-155.1,19.8441,317.852,-26.5333,342.173,1.44139,0.425991,44.1763,0.311108,0.000242657,0.878345,0.157652,0.067565,0.0450433,0.0450433,0.0450433,0.067565,0.0900867,0.0225217,0,0.0225217,0,0,0,0
83304,83337,83320,9.1,-155.097,19.8444,322.344,-25.8658,341.73,1.49943,0.221874,11.6118,0.157005,7.13765e-05,0.865866,0.274543,0.126712,0.105593,0,0.0844747,0,0.0422373,0,0,0,0,0,0,0
83339,83371,83355,9,-155.095,19.8449,327.05,-25.3335,341.043,1.13186,0.202395,14.5059,0.215013,9.02217e-05,0.592052,0.296026,0.0522399,0.0696532,0.0348266,0.0348266,0.0174133,0.0174133,0,0.0174133,0,0,0,0,0
83372,83403,83388,8.9,-155.092,19.8458,332.07,-24.5173,340.681,1.16244,0.353437,38.4307,0.326203,0.000186119,0.508569,0.254285,0.090816,0.0726528,0.0726528,0.0363264,0.0726528,0,0.0181632,0.0181632,0,0.0181632,0,0,0
83405,83430,83418,8.8,-155.09,19.8467,336.31,-23.8193,340.404,0.940887,0.170731,9.84686,0.173024,6.64592e-05,0.4847,0.142559,0.114047,0.0570235,0.0285117,0.0570235,0.0285117,0.0285117,0,0,0,0,0,0,0
83434,83463,83448,8.7,-155.088,19.848,341.361,-22.9781,340.104,1.19276,0.202917,11.3598,0.167948,7.58117e-05,0.670926,0.198793,0.0745474,0.0745474,0.0496982,0.0496982,0.0496982,0.0248491,0,0,0,0,0,0,0
83465,83490,83478,8.6,-155.086,19.8492,345.818,-22.4473,339.561,1.37669,0.283209,22.3067,0.236292,0.00014728,0.820718,0.211798,0.0794243,0.0529495,0.0794243,0.0529495,0,0.0529495,0,0.0264748,0,0,0,0,0
83492,83522,83507,8.5,-155.084,19.8504,350.401,-21.7829,339.179,1.10347,0.219587,14.7866,0.202015,0.000104986,0.563474,0.187825,0.0939123,0.0939123,0.0704343,0.0234781,0,0.0469562,0.0234781,0,0,0,0,0,0
83524,83555,83540,8.4,-155.082,19.8518,355.797,-20.9919,338.767,1.11351,0.177877,8.74367,0.147467,4.85503e-05,0.509571,0.18873,0.132111,0.150984,0.056619,0.056619,0,0.018873,0,0,0,0,0,0,0
83557,83583,83570,8.3,-155.08,19.8533,360.607,-20.1907,338.545,1.15734,0.188325,11.5858,0.184561,7.69423e-05,0.762792,0.105213,0.0789096,0.0789096,0.0526064,0.0263032,0.0263032,0,0.0263032,0,0,0,0,0,0
83585,83616,83600,8.2,-155.079,19.8548,365.136,-19.475,338.295,1.16391,0.20782,12.2449,0.176763,8.45235e-05,0.680778,0.197645,0.0439212,0.0219606,0.0878424,0.0658818,0.0219606,0.0439212,0,0,0,0,0,0,0
83618,83648,83633,8.1,-155.077,19.8562,370.367,-18.6984,337.947,1.16322,0.183744,9.88081,0.161325,6.32284e-05,0.685468,0.207717,0.083087,0.0415435,0,0.103859,0.0207717,0.0207717,0,0,0,0,0,0,0
83650,83678,83664,8,-155.075,19.8574,375.628,-17.7647,337.826,1.15508,0.162191,8.48075,0.156866,5.46462e-05,0.680672,0.309396,0.0412528,0.0206264,0.0206264,0.0206264,0.0412528,0.0206264,0,0,0,0,0,0,0
83679,83715,83697,7.9,-155.073,19.8587,380.802,-17.0204,337.492,1.05235,0.207648,13.2485,0.191408,9.31556e-05,0.518079,0.194279,0.0971397,0.0971397,0,0.0647598,0.0485699,0.01619,0.01619,0,0,0,0,0,0
83719,83749,83734,7.8,-155.071,19.8601,386.324,-16.3529,336.985,0.987767,0.227875,26.3139,0.346425,8.32441e-05,0.518173,0.210508,0.11335,0.0323858,0.0161929,0.0647716,0,0.0161929,0,0,0,0,0.0161929,0,0
83750,83782,83766,7.7,-155.069,19.8614,391.034,-15.632,336.756,0.976445,0.231607,18.3215,0.237318,0.000140044,0.511471,0.201489,0.0774956,0.0309982,0.0154991,0.0464974,0,0.0464974,0.0464974,0,0,0,0,0,0
83784,83818,83801,7.6,-155.068,19.8628,396.707,-14.7604,336.508,1.2958,0.290195,22.2877,0.230407,0.000156388,0.817589,0.107983,0.0617048,0.0617048,0.0462786,0.107983,0.0154262,0.0462786,0.0154262,0.0154262,0,0,0,0,0
83819,83850,83834,7.5,-155.066,19.8637,402.073,-13.9371,336.289,1.0469,0.250153,20.4272,0.244976,0.000149705,0.551,0.2204,0.0551,0.0551,0.041325,0,0.02755,0.068875,0.013775,0.013775,0,0,0,0,0
83851,83887,83869,7.4,-155.064,19.8645,407.13,-13.1726,336.082,1.08507,0.282245,24.6082,0.261561,0.000178589,0.584267,0.217014,0.0166933,0.05008,0.0834667,0.0166933,0.0333867,0.0166933,0.05008,0.0166933,0,0,0,0,0
83889,83920,83904,7.3,-155.063,19.8651,413.097,-12.331,335.771,1.37634,0.272035,17.7344,0.195575,0.000125797,0.783752,0.210275,0.0573477,0.0382318,0.133811,0.0764636,0,0.0573477,0.0191159,0,0,0,0,0,0
83922,83954,83938,7.2,-155.061,19.8654,418.634,-11.6509,335.361,1.78474,0.321781,21.0025,0.195809,0.00014411,1.02233,0.36388,0.0346552,0.086638,0.121293,0.0693104,0.0346552,0,0.0519828,0,0,0,0,0,0
