data/B2SAP/Locations/Hawaii/NOAA-POPS-B2SAP_GMLBalloon_20230208_R0.ict
61,1001
Thornberry, T. D.
NOAA Chemical Sciences Laboratory
Portable Optical Particle Spectrometer (POPS)
Balloon Baseline Stratospheric Aerosol Profiles (B2SAP)
1,1
2023,02,08,2024,05,28
0
TIME_START,s,Seconds since midnight UTC on flight start day,Start time of 100 m altitude bin in UTC_seconds_since_midnight
28
1.0,1.0,1.0,1.0,1.0,1.0,1.0,1.0,1.0,1.0,1.0,1.0,1.0,1.0,1.0,1.0,1.0,1.0,1.0,1.0,1.0,1.0,1.0,1.0,1.0,1.0,1.0,1.0
99999,99999,99999,99999,99999,99999,99999,99999,99999,99999,99999,99999,99999,99999,99999,99999,99999,99999,99999,99999,99999,99999,99999,99999,99999,99999,99999,99999
TIME_STOP,s,End time of 100 m altitude bin in UTC seconds since midnight,
TIME_MID,s,Mid time of 100 m altitude in UTC seconds since midnight,
GPSAlt,m,GPS reported altitude above sea level (m),
GPS_Lon,deg,GPS reported longitude,
GPS_Lat,deg,GPS reported latitude,
iMet_Pressure,mb,Pressure reported (mB),
iMet_Temperature,degrees C,Ambient temperature (oC),
THETA,K,Potential temperature from iMet,
Aerosol_concentration,cm^-3,Aerosol concentration,
Surface_Area_Conc,um^2 cm^-3,Surface area concentration,
Volume_density,um^3 cm^-3,Volume density,
Effective_radius,um,Effective radius,
Extinction,km^-1,Extinction,
Bin01,cm^-3,particle concentration in size range [140 - 170 nm],
Bin02,cm^-3,particle concentration in size range [170 - 205 nm],
Bin03,cm^-3,particle concentration in size range [205 - 249 nm],
Bin04,cm^-3,particle concentration in size range [249 - 302 nm],
Bin05,cm^-3,particle concentration in size range [302 - 366 nm],
Bin06,cm^-3,particle concentration in size range [366 - 443 nm],
Bin07,cm^-3,particle concentration in size range [443 - 537 nm],
Bin08,cm^-3,particle concentration in size range [537 - 651 nm],
Bin09,cm^-3,particle concentration in size range [651 - 789 nm],
Bin10,cm^-3,particle concentration in size range [789 - 956 nm],
Bin11,cm^-3,particle concentration in size range [956 - 1159 nm],
Bin12,cm^-3,particle concentration in size range [1159 - 1404 nm],
Bin13,cm^-3,particle concentration in size range [1404 - 1702 nm],
Bin14,cm^-3,particle concentration in size range [1702 - 2062 nm],
Bin15,cm^-3,particle concentration in size range [2062 - 2500 nm],
0
19
PI_CONTACT_INFO: 325 Broadway R/CSL6, Boulder, CO 80305; troy.thornberry@noaa.gov; 303-497-3373 
PLATFORM: GML ECC/FPH balloon
LOCATION: Hilo, HI, USA
ASSOCIATED_DATA: N/A
INSTRUMENT_INFO: Printed Optical Particle Spectrometer counts particles from 140 - 2500 nm in diameter 
DATA_INFO: Particle concentrations reported in number per cubic centimeter, binned to 100 m altitude
UNCERTAINTY: Counting uncertainty dominated by air flow, less than 5 percent
ULOD_FLAG: -77777
ULOD_VALUE: 3000 ~3000 per cm3 (varies depending on flow rate- manufacturer quotes 1250  per cm3 at 1.667 cc/s)
LLOD_FLAG: -88888
LLOD_VALUE: 0 0 (varies depending on data field and measurement precision)
DM_CONTACT_INFO: Troy Thornberry, 325 Broadway R/CSL6, Boulder, CO 80305; troy.thornberry@noaa.gov; 303-497-3373
PROJECT_INFO: B2SAP Hilo, HI, USA
STIPULATIONS_ON_USE: Please contact the PIs for questions regarding applications and uncertainties
OTHER_COMMENTS: POPS bin Edges (nm):  140, 170, 205, 249, 302, 366, 443, 537, 651, 789, 956, 1159, 1404, 1702, 2062, 2500
Calculations assume sulfate refractive index of 1.45+0.00j and extinction wavelength = 532 nm
REVISION: R0
R0: QA/QC data
TIME_START,TIME_STOP,TIME_MID,GPSAlt,GPS_Lon,GPS_Lat,iMet_Pressure,iMet_Temperature,THETA,Aerosol_concentration,Surface_Area_Conc,Volume_density,Effective_radius,Extinction,Bin01,Bin02,Bin03,Bin04,Bin05,Bin06,Bin07,Bin08,Bin09,Bin10,Bin11,Bin12,Bin13,Bin14,Bin15
70002,70112,70057,0.1,-155.049,19.7172,1017.04,22.5556,294.284,65.4495,29.9512,5132.72,0.514108,0.0161844,20.776,17.9086,10.3154,5.15407,2.92548,1.6043,1.2123,1.16874,0.965481,0.813037,0.580741,0.943704,0.631556,0.29763,0.152444
70117,70130,70124,0.2,-155.049,19.717,996.637,20.9042,294.335,62.2052,33.148,6308.93,0.570979,0.0187441,20.2868,16.779,8.0095,4.41399,3.36165,1.95853,1.54928,1.05234,1.1985,0.760025,0.613867,1.08157,0.467708,0.350781,0.321549
70131,70141,70136,0.3,-155.049,19.7168,989.403,20.3938,294.435,61.5826,30.8348,5251.69,0.51095,0.0176803,19.6503,15.922,9.1672,4.38622,3.33353,1.53518,1.22814,1.35973,1.14042,1.31587,0.570209,0.78952,0.745658,0.307036,0.131587
70143,70158,70150,0.4,-155.049,19.7165,979.667,19.5613,294.438,62.9627,30.7284,5126.17,0.500465,0.0173136,19.4689,17.1909,8.80679,4.79089,2.88863,1.36212,2.20757,1.52651,1.10378,1.03333,0.704543,0.728028,0.798482,0.187878,0.164393
70159,70174,70166,0.5,-155.049,19.7162,968.694,18.85,294.668,56.9887,27.6581,4772.96,0.51771,0.0161328,18.2853,14.2297,7.48195,4.61503,3.46127,1.71316,1.78308,1.1188,1.18872,1.15376,0.59436,0.629323,0.314661,0.174812,0.244737
70175,70194,70184,0.6,-155.05,19.7159,960.021,18.265,294.832,53.9892,27.0539,4587.83,0.508744,0.0151569,17.2826,13.9823,7.53279,3.98054,2.6201,1.5116,1.81392,1.18408,0.806185,0.906958,0.529059,0.881765,0.604639,0.22674,0.125966
70195,70208,70202,0.7,-155.05,19.7154,949.258,17.555,295.06,54.778,28.2286,5021.78,0.533691,0.0155622,19.3755,13.8798,7.28499,3.47635,2.53058,1.22695,1.38031,1.457,0.869086,0.613473,0.536789,1.02245,0.74128,0.204491,0.17893
70212,70230,70221,0.8,-155.051,19.7149,936.18,16.5712,295.233,49.0434,24.483,4110.41,0.503665,0.0135478,16.1699,12.5889,6.87274,3.33628,2.58006,1.20106,1.15658,1.31227,1.00089,0.556047,0.533805,0.756224,0.689499,0.200177,0.0889676
70232,70247,70240,0.9,-155.053,19.7144,925.447,15.799,295.42,49.3855,21.914,3197.48,0.437732,0.0126084,16.4263,12.373,6.75539,3.34214,2.45327,1.1733,1.67107,1.4933,1.03109,0.959977,0.568875,0.746648,0.284437,0.0355547,0.0711094
70248,70267,70258,1,-155.054,19.7138,915.153,15.4431,295.998,47.0593,24.58,4337.67,0.529413,0.0141152,16.1481,12.4642,5.59505,3.51768,2.18816,0.997137,1.16333,0.941741,0.914043,0.941741,0.526267,0.941741,0.387776,0.16619,0.16619
70268,70284,70276,1.1,-155.055,19.7134,905.369,14.72,296.162,43.3764,18.5481,3163.1,0.511604,0.0103932,15.6239,12.517,5.43698,2.24052,2.12102,0.92608,0.836459,0.896206,0.687091,0.746838,0.179241,0.567597,0.328609,0.119494,0.149368
70286,70301,70294,1.2,-155.057,19.7128,894.729,13.7221,296.133,43.2045,19.2519,3177.05,0.495076,0.0107166,15.1681,10.7753,6.02073,3.04912,2.35144,0.904401,1.1628,0.852721,0.801041,0.594321,0.33592,0.542641,0.36176,0.20672,0.0775201
70303,70320,70312,1.3,-155.058,19.7121,882.859,12.6821,296.194,44.0117,21.174,3790.25,0.537014,0.0116407,15.9088,11.6818,4.79057,3.33034,2.22877,1.12719,1.12719,0.691686,0.64045,0.614832,0.537978,0.666068,0.38427,0.076854,0.204944
70321,70335,70328,1.4,-155.059,19.7114,874.196,12.9156,297.271,41.4299,16.5443,2485.27,0.450656,0.00885324,16.3774,9.76966,5.63478,2.59443,1.62152,1.01345,0.972912,0.851298,0.729684,0.445918,0.445918,0.486456,0.364842,0.081076,0.040538
70337,70350,70344,1.5,-155.06,19.7109,864.499,13.4829,298.808,36.372,12.9079,1995.36,0.463753,0.0068119,14.0251,8.86616,5.18489,2.41097,1.99618,0.803658,0.907356,0.518489,0.362942,0.46664,0.181471,0.285169,0.155547,0.155547,0.0518489
70355,70373,70364,1.6,-155.061,19.7102,852.793,12.6331,299.083,38.7374,11.1773,1530.11,0.410683,0.00551336,15.7526,9.87646,4.97213,2.71207,2.01145,0.836222,0.745819,0.429411,0.429411,0.361609,0.248606,0.203405,0.0452012,0.0452012,0.0678018
70375,70393,70384,1.7,-155.062,19.7097,841.976,11.6533,299.153,39.0493,13.5477,2140.29,0.473946,0.00683201,15.5271,9.67701,5.3382,3.02254,1.92565,0.706885,0.658134,0.487507,0.292504,0.414381,0.243754,0.390006,0.170627,0.121877,0.0731261
70395,70412,70404,1.8,-155.063,19.7093,831.776,10.9618,299.465,32.922,8.93496,1160.45,0.389633,0.00414267,13.9158,7.70163,4.42926,2.24769,1.65271,0.727193,1.09079,0.264434,0.198325,0.198325,0.132217,0.264434,0,0.0661084,0.0330542
70413,70430,70422,1.9,-155.064,19.7091,823.101,10.1854,299.54,35.7162,13.3374,2197.31,0.494242,0.00715292,13.7956,8.77388,4.48568,2.45443,1.97483,1.12847,0.874567,0.592449,0.394966,0.423178,0.253907,0.112847,0.225695,0.112847,0.112847
70432,70447,70440,2,-155.065,19.7087,813.163,9.43286,299.782,41.2314,12.0778,1679.35,0.417133,0.00602644,16.8355,9.53493,5.58586,3.14367,2.13042,1.01325,1.01325,0.519614,0.649518,0.207846,0.259807,0.103923,0.0779422,0.0779422,0.0779422
70451,70467,70459,2.1,-155.066,19.7082,803.016,8.52313,299.897,38.8282,11.5352,1457.31,0.379005,0.00558878,15.2425,9.30593,5.15723,2.93389,2.47547,0.962682,0.756393,0.45842,0.481341,0.343815,0.206289,0.275052,0.160447,0.045842,0.022921
70469,70482,70476,2.2,-155.067,19.7075,793.376,7.66444,300.014,32.9102,9.72546,1265.36,0.390325,0.004842,13.2617,7.89194,3.98665,2.48149,1.95265,0.691562,0.854283,0.610202,0.447481,0.244081,0.0406801,0.203401,0.16272,0.0406801,0.0406801
70483,70498,70490,2.3,-155.068,19.7067,785,6.96308,300.171,16.0562,4.84568,702.418,0.434873,0.00235017,6.50698,4.0563,2.338,1.07041,0.732387,0.22535,0.253519,0.309856,0.169012,0.0845062,0.0563375,0.140844,0.0563375,0.0281687,0.0281687
70499,70514,70506,2.4,-155.07,19.7059,774.87,6.3425,300.619,7.07686,2.26742,349.638,0.462602,0.00098993,3.01536,1.59999,1.07691,0.58461,0.369228,0.0615379,0.030769,0.0923069,0.030769,0,0.0615379,0.030769,0.0923069,0.030769,0
70515,70531,70523,2.5,-155.071,19.7053,764.984,7.744,303.244,40.6607,12.0135,1643.95,0.410526,0.00554224,14.6789,8.91746,5.79818,4.2202,3.15597,1.3945,0.954132,0.440368,0.293579,0.220184,0.146789,0.0366974,0.256882,0.0733947,0.0733947
70532,70547,70540,2.6,-155.073,19.7048,756.508,9.20833,305.792,49.3542,15.2373,2160.94,0.425457,0.00729139,17.7433,10.9306,7.08521,4.69319,3.84539,1.4231,1.54421,0.787245,0.423901,0.121115,0.090836,0.211951,0.181672,0.211951,0.0605573
70549,70561,70555,2.7,-155.074,19.7043,747.268,8.99385,306.632,47.525,12.423,1483.82,0.358326,0.00518056,17.2155,11.4677,6.42078,5.0469,3.56087,1.26173,1.0935,0.420575,0.252345,0.112153,0.084115,0.364498,0.112153,0.084115,0.0280383
70562,70577,70570,2.8,-155.076,19.7038,738.826,8.38909,306.973,42.1981,10.1768,1132.31,0.333791,0.00428263,15.1108,10.1949,5.97174,4.751,3.03536,0.890813,1.08877,0.362924,0.230951,0.197958,0.0659861,0.164965,0.0329931,0.0659861,0.0329931
70578,70594,70586,2.9,-155.077,19.7032,730.261,7.96333,307.533,44.0852,15.1765,2534.8,0.501066,0.00755218,16.2674,10.4317,6.19854,3.59818,3.41676,1.05829,1.08852,0.725683,0.332605,0.0907104,0.120947,0.181421,0.181421,0.302368,0.0907104
70596,70611,70604,3,-155.079,19.7024,721.145,7.28923,307.895,57.7098,18.3933,2753.68,0.449134,0.0088917,17.4086,13.1338,9.19645,6.69344,5.00602,2.08115,1.91241,0.899958,0.478103,0.196866,0.0843711,0.168742,0.112495,0.140618,0.196866
70616,70631,70624,3.1,-155.081,19.7018,711.793,6.99308,308.716,96.2278,25.1733,2732.59,0.325653,0.0105445,24.9741,22.1239,17.1573,12.5858,9.87676,3.92248,3.13234,1.12877,0.310412,0.338632,0.112877,0.197535,0.112877,0.141097,0.112877
70632,70649,70640,3.2,-155.083,19.7014,702.479,6.3525,309.179,36.2282,8.0249,749.969,0.280366,0.00304122,12.1171,7.90377,5.56647,4.18254,3.44445,1.47619,0.922619,0.246032,0.123016,0.0922619,0.030754,0.061508,0,0.030754,0.030754
70650,70668,70659,3.3,-155.084,19.7009,695.387,5.7,309.351,16.8598,4.2967,545.221,0.380679,0.00187728,6.8591,3.82224,2.30382,1.41371,1.07337,0.523595,0.392696,0.130899,0.130899,0.0261798,0.0261798,0,0.0785393,0.0785393,0
70669,70684,70676,3.4,-155.086,19.7002,686.771,5.38857,310.104,37.4859,9.48311,1081.27,0.342062,0.00371063,11.6946,8.36834,6.17726,4.54055,3.82779,1.18793,0.844754,0.290384,0.158391,0,0.105594,0.0527971,0.131993,0.0791956,0.0263985
70687,70704,70696,3.5,-155.088,19.6996,677.835,4.954,310.784,63.9532,14.589,1412.98,0.290556,0.00577452,22.3911,13.499,10.6258,6.88575,4.8547,2.25397,1.93197,0.767835,0.272458,0.0990755,0.0990755,0.0743066,0.0990755,0.0495377,0.0495377
70705,70723,70714,3.6,-155.09,19.6987,669.169,3.99333,310.853,46.6563,9.53129,736.407,0.231786,0.0034655,15.7161,10.703,7.44286,5.01316,4.12125,1.47627,1.44551,0.399823,0.123022,0.0922668,0.0307556,0.0307556,0,0.0615112,0
70724,70741,70732,3.7,-155.092,19.6981,662.008,3.24083,310.96,46.0586,10.2593,994.11,0.290694,0.0038137,16.1718,11.1337,7.49502,4.29175,3.70086,0.90189,1.30619,0.404296,0.279897,0,0,0.124399,0.217698,0,0.0310997
70742,70759,70750,3.8,-155.094,19.6975,654.443,2.40467,311.036,47.4919,9.70163,735.79,0.227525,0.00345382,16.3757,10.8758,7.85339,5.00437,3.46837,1.88283,1.04051,0.619352,0.0743223,0.0990964,0.0495482,0.0495482,0.0743223,0.0247741,0
70761,70776,70768,3.9,-155.096,19.697,646.265,1.43643,311.067,43.8618,8.51226,606.538,0.213764,0.00294836,15.5422,10.4957,6.89871,4.10702,3.67752,1.15426,1.20795,0.510022,0.0805297,0.0536865,0.0268432,0.0805297,0,0.0268432,0
70781,70796,70788,4,-155.098,19.6965,637.315,0.469231,311.205,42.0921,9.49749,948.56,0.299624,0.00373969,14.4917,9.70913,6.5976,4.37919,3.65893,1.29647,1.0948,0.316915,0.201673,0.115242,0.0576209,0.0288105,0.0576209,0.0576209,0.0288105
70797,70814,70806,4.1,-155.1,19.6959,629.558,-0.544167,311.136,42.1098,9.45295,992.836,0.315087,0.00366282,14.7368,10.4726,6.45913,3.82531,3.32363,1.31691,1.12878,0.31355,0.18813,0.094065,0,0.094065,0.094065,0,0.06271
70815,70831,70823,4.2,-155.101,19.6955,623.025,-1.20636,311.311,42.053,10.7749,1399.29,0.389598,0.00458062,14.6737,9.28757,7.25052,4.45389,2.86568,1.4501,1.07032,0.27621,0.207158,0.138105,0.103579,0.103579,0.0345263,0.0345263,0.103579
70832,70847,70840,4.3,-155.103,19.6949,615.116,-1.83214,311.731,39.1732,8.43723,801.846,0.28511,0.0031046,13.1578,8.79009,6.68811,4.14936,3.385,1.36492,1.01004,0.300283,0.136492,0.0272984,0,0.0545968,0.0272984,0.0545968,0.0272984
70849,70867,70858,4.4,-155.104,19.6947,606.988,-2.28625,312.39,9.86747,1.39958,82.8772,0.177647,0.000393901,5.8211,1.70374,0.94652,0.662564,0.378608,0.118315,0.094652,0.070989,0.047326,0,0.023663,0,0,0,0
70868,70885,70876,4.5,-155.106,19.6944,599.267,-3.16769,312.518,11.9726,1.72429,86.3143,0.150173,0.000496389,6.40869,2.18478,1.36913,0.990434,0.495217,0.145652,0.203913,0.116522,0.0582608,0,0,0,0,0,0
70886,70901,70894,4.6,-155.107,19.6941,592.916,-4.04417,312.454,10.3436,1.91031,208.001,0.326651,0.000714786,5.63327,1.94141,1.24123,0.70018,0.413743,0.0636528,0.159132,0.0954791,0,0.0318264,0.0318264,0,0,0.0318264,0
70903,70919,70911,4.7,-155.108,19.6937,584.568,-4.73933,312.908,8.99627,1.26062,62.19,0.147999,0.000363089,5.27543,1.50363,0.891981,0.560674,0.229367,0.203881,0.254852,0.0509703,0.0254852,0,0,0,0,0,0
70924,70938,70931,4.8,-155.109,19.6932,576.184,-4.11923,314.929,5.59555,0.896839,51.9236,0.173688,0.000339287,3.0175,1.14255,0.527329,0.322257,0.234369,0.0878882,0.0878882,0.117184,0.0585922,0,0,0,0,0,0
70939,70953,70946,4.9,-155.11,19.6928,570.212,-4.38889,315.555,7.37495,1.08583,54.2161,0.149791,0.000308579,3.64509,1.82254,0.635771,0.381463,0.508617,0.211924,0.0847695,0.0423847,0.0423847,0,0,0,0,0,0
70955,70971,70963,5,-155.111,19.6922,563.154,-5.03692,315.912,7.67047,1.78546,275.25,0.462486,0.0007119,3.73238,1.70455,0.852275,0.558387,0.411443,0.176333,0.0881664,0.0587776,0,0,0.0587776,0,0,0,0.0293888
70972,70988,70980,5.1,-155.112,19.6918,555.176,-6.06625,315.981,5.40683,0.979117,69.5759,0.21318,0.000467289,3.30151,0.789493,0.454556,0.311012,0.0956961,0.143544,0.047848,0.167468,0.047848,0.047848,0,0,0,0,0
70989,71005,70997,5.2,-155.112,19.6914,548.04,-6.77,316.324,7.58358,1.38464,78.7493,0.17062,0.000519238,3.74919,1.02251,0.852088,0.809484,0.426044,0.298231,0.170418,0.255626,0,0,0,0,0,0,0
71006,71023,71014,5.3,-155.113,19.6911,542.416,-7.44214,316.457,13.4279,2.50923,153.591,0.183631,0.000852128,5.11801,2.99926,1.81607,1.29326,1.12816,0.57784,0.247646,0.137581,0.0825485,0,0.0275162,0,0,0,0
71025,71044,71034,5.4,-155.114,19.6908,535.381,-7.72429,317.3,28.7992,5.31032,359.474,0.20308,0.00182292,11.3761,5.77089,4.44551,3.0097,2.23656,0.745521,0.717909,0.331343,0.138059,0,0,0,0,0.0276119,0
71045,71060,71052,5.5,-155.115,19.6903,528.161,-8.16538,318.001,27.5829,4.77239,266.485,0.167516,0.00146411,11.0628,5.75384,4.18192,2.58033,2.16511,0.860111,0.622839,0.237272,0.088977,0,0,0.029659,0,0,0
71064,71078,71071,5.6,-155.116,19.6897,521.198,-8.03615,319.363,23.9258,3.93269,201.457,0.153679,0.00117325,8.79755,6.12262,3.71518,2.61549,1.2483,0.564707,0.505265,0.267493,0.0891643,0,0,0,0,0,0
71079,71095,71087,5.7,-155.117,19.6893,515.053,-8.8,319.527,23.6446,3.86111,188.742,0.146649,0.00105534,8.9019,5.70003,3.48335,2.28705,1.75927,0.879635,0.387039,0.246298,0,0,0,0,0,0,0
71096,71114,71105,5.8,-155.118,19.6884,508.454,-9.69733,319.622,24.7925,4.23341,253.492,0.179636,0.00122871,9.80831,5.90051,3.54548,2.22563,1.81156,0.698745,0.621106,0.0776383,0.0258794,0.0258794,0,0.0258794,0.0258794,0,0
71115,71132,71124,5.9,-155.119,19.6877,501.605,-10.01,320.48,26.2472,4.04884,305.933,0.226682,0.000966721,10.4164,7.19348,3.79012,2.32048,1.57277,0.696144,0.206265,0.0257831,0,0,0,0,0,0,0.0257831
71134,71134,71134,6,-155.12,19.6875,497.49,-10.07,321.159,21.8542,2.88536,111.203,0.115622,0.000406509,7.54962,6.35758,3.97349,2.78144,0.794697,0.397349,0,0,0,0,0,0,0,0,0
71185,71185,71185,6.2,-155.123,19.6863,479.16,-12.37,321.79,6.19986,0.833776,35.8541,0.129006,0.000171883,3.09993,1.93746,0,0.387491,0.387491,0.387491,0,0,0,0,0,0,0,0,0
71220,71227,71224,6.5,-155.125,19.6852,465.35,-14.535,321.791,3.71198,0.438822,15.6432,0.106944,4.93353e-05,1.56294,0.976838,0.781471,0.195368,0.195368,0,0,0,0,0,0,0,0,0,0
71263,71263,71263,6.7,-155.127,19.684,451.83,-16.71,321.778,7.09289,0.708294,22.3695,0.0947466,5.0388e-05,3.94049,1.5762,1.18215,0.394049,0,0,0,0,0,0,0,0,0,0,0
71289,71289,71289,6.8,-155.128,19.6829,443.16,-17.79,322.21,9.00595,0.829062,24.4588,0.0885055,4.51924e-05,4.91233,2.86553,1.22808,0,0,0,0,0,0,0,0,0,0,0,0
71303,71303,71303,6.9,-155.128,19.6824,438.51,-18.54,322.232,10.6747,1.14171,37.9081,0.0996086,9.61672e-05,5.74794,2.05284,1.64227,1.2317,0,0,0,0,0,0,0,0,0,0,0
71313,71313,71313,7,-155.128,19.682,435.23,-19.39,321.844,5.95346,0.564297,17.3809,0.092403,3.75982e-05,3.57208,1.58759,0.396897,0.396897,0,0,0,0,0,0,0,0,0,0,0
71338,71338,71338,7.1,-155.129,19.6811,426.54,-20.82,321.876,8.38208,0.91327,31.3745,0.103062,9.44867e-05,3.99147,2.79403,0.798293,0.399147,0.399147,0,0,0,0,0,0,0,0,0,0
71364,71364,71364,7.3,-155.129,19.6803,417.6,-19.52,325.507,16.2811,2.20979,88.5615,0.12023,0.000359101,6.35361,3.97101,3.17681,1.1913,1.1913,0.397101,0,0,0,0,0,0,0,0,0
71408,71408,71408,7.6,-155.129,19.6797,403.19,-22.04,325.515,16.0434,2.03631,82.9874,0.122262,0.00036746,6.81846,6.41737,0.802172,0.401086,0.802172,0.802172,0,0,0,0,0,0,0,0,0
71459,71461,71460,7.9,-155.128,19.6783,386.65,-24.52,326.185,21.0296,2.55902,103.308,0.12111,0.00044212,10.5148,5.05519,2.6287,1.81987,0.808831,0,0,0.202208,0,0,0,0,0,0,0
71508,71508,71508,8.1,-155.125,19.6762,372.8,-26.69,326.731,16.292,1.76747,62.7146,0.106448,0.000208853,8.55331,4.48031,2.0365,0.814601,0,0.407301,0,0,0,0,0,0,0,0,0
71516,71524,71520,8.2,-155.124,19.6756,368.8,-27.11,327.179,19.1758,2.25581,90.2098,0.11997,0.00039155,10.0639,5.16795,2.17598,0.543995,0.815992,0.271997,0,0.135999,0,0,0,0,0,0,0
71530,71530,71530,8.3,-155.123,19.6752,365.88,-28.06,326.655,13.1065,1.17869,34.0145,0.0865739,5.84946e-05,6.55324,5.73408,0.819155,0,0,0,0,0,0,0,0,0,0,0,0
71595,71601,71598,8.7,-155.118,19.6738,345.323,-31.1867,327.86,1.81796,0.186258,5.86687,0.0944957,1.29175e-05,0.559371,1.11874,0,0.139843,0,0,0,0,0,0,0,0,0,0,0
71618,71618,71618,8.8,-155.116,19.6736,339.69,-32.13,328.116,1.7177,1.20967,169.507,0.420378,0.00111177,0.85885,0.429425,0,0,0,0,0,0,0,0.429425,0,0,0,0,0
71641,71641,71641,8.9,-155.114,19.6727,333.37,-33.04,328.632,0.862105,0.0748766,2.1036,0.0842825,3.31682e-06,0.431052,0.431052,0,0,0,0,0,0,0,0,0,0,0,0,0
