api/src/app/data/B2SAP/Locations/Costa Rica/NOAA-POPS-B2SAP_GMLBalloon_20230418_R0.ict
61,1001
Thornberry, T. D.
NOAA Chemical Sciences Laboratory
Portable Optical Particle Spectrometer (POPS)
Balloon Baseline Stratospheric Aerosol Profiles (B2SAP)
1,1
2023,04,18,2024,05,28
0
TIME_START,s,Seconds since midnight UTC on flight start day,Start time of 100 m altitude bin in UTC_seconds_since_midnight
28
1.0,1.0,1.0,1.0,1.0,1.0,1.0,1.0,1.0,1.0,1.0,1.0,1.0,1.0,1.0,1.0,1.0,1.0,1.0,1.0,1.0,1.0,1.0,1.0,1.0,1.0,1.0,1.0
99999,99999,99999,99999,99999,99999,99999,99999,99999,99999,99999,99999,99999,99999,99999,99999,99999,99999,99999,99999,99999,99999,99999,99999,99999,99999,99999,99999
TIME_STOP,s,End time of 100 m altitude bin in UTC seconds since midnight,
TIME_MID,s,Mid time of 100 m altitude in UTC seconds since midnight,
GPSAlt,m,GPS reported altitude above sea level (m),
GPS_Lon,deg,GPS reported longitude,
GPS_Lat,deg,GPS reported latitude,
iMet_Pressure,mb,Pressure reported (mB),
iMet_Temperature,degrees C,Ambient temperature (oC),
THETA,K,Potential temperature from iMet,
Aerosol_concentration,cm^-3,Aerosol concentration,
Surface_Area_Conc,um^2 cm^-3,Surface area concentration,
Volume_density,um^3 cm^-3,Volume density,
Effective_radius,um,Effective radius,
Extinction,km^-1,Extinction,
Bin01,cm^-3,particle concentration in size range [140 - 170 nm],
Bin02,cm^-3,particle concentration in size range [170 - 205 nm],
Bin03,cm^-3,particle concentration in size range [205 - 249 nm],
Bin04,cm^-3,particle concentration in size range [249 - 302 nm],
Bin05,cm^-3,particle concentration in size range [302 - 366 nm],
Bin06,cm^-3,particle concentration in size range [366 - 443 nm],
Bin07,cm^-3,particle concentration in size range [443 - 537 nm],
Bin08,cm^-3,particle concentration in size range [537 - 651 nm],
Bin09,cm^-3,particle concentration in size range [651 - 789 nm],
Bin10,cm^-3,particle concentration in size range [789 - 956 nm],
Bin11,cm^-3,particle concentration in size range [956 - 1159 nm],
Bin12,cm^-3,particle concentration in size range [1159 - 1404 nm],
Bin13,cm^-3,particle concentration in size range [1404 - 1702 nm],
Bin14,cm^-3,particle concentration in size range [1702 - 2062 nm],
Bin15,cm^-3,particle concentration in size range [2062 - 2500 nm],
0
19
PI_CONTACT_INFO: 325 Broadway R/CSL6, Boulder, CO 80305; troy.thornberry@noaa.gov; 303-497-3373 
PLATFORM: GML ECC/FPH balloon
LOCATION: San Jose, CR
ASSOCIATED_DATA: N/A
INSTRUMENT_INFO: Printed Optical Particle Spectrometer counts particles from 140 - 2500 nm in diameter 
DATA_INFO: Particle concentrations reported in number per cubic centimeter, binned to 100 m altitude
UNCERTAINTY: Counting uncertainty dominated by air flow, less than 5 percent
ULOD_FLAG: -77777
ULOD_VALUE: 3000 ~3000 per cm3 (varies depending on flow rate- manufacturer quotes 1250  per cm3 at 1.667 cc/s)
LLOD_FLAG: -88888
LLOD_VALUE: 0 0 (varies depending on data field and measurement precision)
DM_CONTACT_INFO: Troy Thornberry, 325 Broadway R/CSL6, Boulder, CO 80305; troy.thornberry@noaa.gov; 303-497-3373
PROJECT_INFO: B2SAP San Jose, CR
STIPULATIONS_ON_USE: Please contact the PIs for questions regarding applications and uncertainties
OTHER_COMMENTS: POPS bin Edges (nm):  140, 170, 205, 249, 302, 366, 443, 537, 651, 789, 956, 1159, 1404, 1702, 2062, 2500
Calculations assume sulfate refractive index of 1.45+0.00j and extinction wavelength = 532 nm
REVISION: R0
R0: QA/QC data
TIME_START,TIME_STOP,TIME_MID,GPSAlt,GPS_Lon,GPS_Lat,iMet_Pressure,iMet_Temperature,THETA,Aerosol_concentration,Surface_Area_Conc,Volume_density,Effective_radius,Extinction,Bin01,Bin02,Bin03,Bin04,Bin05,Bin06,Bin07,Bin08,Bin09,Bin10,Bin11,Bin12,Bin13,Bin14,Bin15
[from data line 226]
46618,46618,46618,1.3,-84.0428,9.9392,878.72,19.45,303.608,750.744,151.967,12284.1,0.242502,0.0541396,260.427,181.167,129.013,60.3889,57.3008,25.3908,24.3614,8.23485,1.71559,0,0,1.71559,0.343119,0.343119,0.343119
46796,47050,46923,1.2,-84.0424,9.93936,878.944,19.3543,303.492,712.207,126.836,8560.37,0.202475,0.0400347,276.317,170.75,106.696,58.6326,52.7296,21.7811,17.2065,4.95335,1.10747,0.589246,0.276209,0.457718,0.386693,0.189401,0.134159
55713,55741,55727,14,-83.7962,10.1781,156.86,-63.51,355.899,2.24916,0.312172,15.541,0.14935,9.32414e-05,1.40572,0.31863,0.18743,0.149944,0.0749719,0.018743,0.0562289,0.0374859,0,0,0,0,0,0,0
55742,55781,55762,13.9,-83.7929,10.1803,159.108,-63.2613,354.875,2.32935,0.444595,36.8236,0.248475,0.000163341,1.25346,0.438712,0.250693,0.0835642,0.104455,0.0731187,0.0835642,0.0208911,0,0,0.0208911,0,0,0,0
55782,55825,55804,13.8,-83.7876,10.1834,161.928,-62.7651,353.932,2.07787,0.355134,22.7889,0.19251,0.000139278,1.06452,0.501555,0.153537,0.0921224,0.0921224,0.0921224,0.0409433,0.0204716,0,0.0204716,0,0,0,0,0
55826,55866,55846,13.7,-83.7824,10.1866,164.459,-62.0344,353.59,2.0292,0.434371,35.6479,0.246203,0.00020118,1.06974,0.363933,0.143367,0.132339,0.121311,0.0551413,0.0661696,0.0330848,0.0220565,0.0110283,0.0110283,0,0,0,0
55868,55910,55889,13.6,-83.7772,10.19,167.058,-61.1913,353.416,2.0596,0.396228,31.8206,0.240926,0.000173874,1.22744,0.353669,0.135226,0.0416081,0.124824,0.0520101,0.0728141,0.010402,0.020804,0.010402,0.010402,0,0,0,0
55911,55950,55930,13.5,-83.7718,10.1938,169.818,-60.1827,353.438,2.95749,0.499338,40.0543,0.240645,0.000212742,1.93223,0.46334,0.216883,0.108441,0.0788664,0.0197166,0.0591498,0.0197166,0.0197166,0.0295749,0,0.0098583,0,0,0
55951,55989,55970,13.4,-83.7667,10.1976,172.493,-59.5051,352.982,5.02847,0.737904,76.4286,0.310725,0.00024496,3.63504,0.767397,0.313017,0.100973,0.060584,0.060584,0.0201947,0.0201947,0.0100973,0.0100973,0.0201947,0,0,0.0100973,0
55990,56024,56007,13.3,-83.7623,10.2014,175.085,-58.4254,353.257,9.09244,1.19809,101.757,0.254799,0.000314432,6.93823,1.30092,0.447628,0.125895,0.0559535,0.0419651,0.0839302,0.0139884,0.0139884,0,0.0279767,0.0279767,0.0139884,0,0
56025,56063,56044,13.2,-83.7578,10.2057,178.008,-57.7696,352.664,14.0983,1.70214,142.774,0.251637,0.000430584,10.7308,2.14018,0.68845,0.164629,0.11973,0.0598652,0.0748315,0.0448989,0,0.0149663,0.0299326,0.0149663,0,0.0149663,0
56068,56100,56084,13.1,-83.753,10.2105,181.179,-57.0104,352.126,10.3172,0.936683,32.18,0.103066,0.000111957,8.08828,1.38463,0.472802,0.185743,0.0844289,0.0337715,0.0506573,0,0.0168858,0,0,0,0,0,0
56101,56127,56114,13,-83.7495,10.2143,183.518,-56.1807,352.183,7.58521,0.882901,53.013,0.180132,0.000214971,5.81484,0.935557,0.374223,0.143932,0.100752,0.0719659,0.0719659,0.0431795,0,0.0143932,0,0,0.0143932,0,0
