api/src/app/data/B2SAP/Locations/Costa Rica/NOAA-POPS-B2SAP_GMLBalloon_20230418_R0.ict
61,1001
Thornberry, T. D.
NOAA Chemical Sciences Laboratory
Portable Optical Particle Spectrometer (POPS)
Balloon Baseline Stratospheric Aerosol Profiles (B2SAP)
1,1
2023,04,18,2024,05,28
0
TIME_START,s,Seconds since midnight UTC on flight start day,Start time of 100 m altitude bin in UTC_seconds_since_midnight
28
1.0,1.0,1.0,1.0,1.0,1.0,1.0,1.0,1.0,1.0,1.0,1.0,1.0,1.0,1.0,1.0,1.0,1.0,1.0,1.0,1.0,1.0,1.0,1.0,1.0,1.0,1.0,1.0
99999,99999,99999,99999,99999,99999,99999,99999,99999,99999,99999,99999,99999,99999,99999,99999,99999,99999,99999,99999,99999,99999,99999,99999,99999,99999,99999,99999
TIME_STOP,s,End time of 100 m altitude bin in UTC seconds since midnight,
TIME_MID,s,Mid time of 100 m altitude in UTC seconds since midnight,
GPSAlt,m,GPS reported altitude above sea level (m),
GPS_Lon,deg,GPS reported longitude,
GPS_Lat,deg,GPS reported latitude,
iMet_Pressure,mb,Pressure reported (mB),
iMet_Temperature,degrees C,Ambient temperature (oC),
THETA,K,Potential temperature from iMet,
Aerosol_concentration,cm^-3,Aerosol concentration,
Surface_Area_Conc,um^2 cm^-3,Surface area concentration,
Volume_density,um^3 cm^-3,Volume density,
Effective_radius,um,Effective radius,
Extinction,km^-1,Extinction,
Bin01,cm^-3,particle concentration in size range [140 - 170 nm],
Bin02,cm^-3,particle concentration in size range [170 - 205 nm],
Bin03,cm^-3,particle concentration in size range [205 - 249 nm],
Bin04,cm^-3,particle concentration in size range [249 - 302 nm],
Bin05,cm^-3,particle concentration in size range [302 - 366 nm],
Bin06,cm^-3,particle concentration in size range [366 - 443 nm],
Bin07,cm^-3,particle concentration in size range [443 - 537 nm],
Bin08,cm^-3,particle concentration in size range [537 - 651 nm],
Bin09,cm^-3,particle concentration in size range [651 - 789 nm],
Bin10,cm^-3,particle concentration in size range [789 - 956 nm],
Bin11,cm^-3,particle concentration in size range [956 - 1159 nm],
Bin12,cm^-3,particle concentration in size range [1159 - 1404 nm],
Bin13,cm^-3,particle concentration in size range [1404 - 1702 nm],
Bin14,cm^-3,particle concentration in size range [1702 - 2062 nm],
Bin15,cm^-3,particle concentration in size range [2062 - 2500 nm],
0
19
PI_CONTACT_INFO: 325 Broadway R/CSL6, Boulder, CO 80305; troy.thornberry@noaa.gov; 303-497-3373 
PLATFORM: GML ECC/FPH balloon
LOCATION: San Jose, CR
ASSOCIATED_DATA: N/A
INSTRUMENT_INFO: Printed Optical Particle Spectrometer counts particles from 140 - 2500 nm in diameter 
DATA_INFO: Particle concentrations reported in number per cubic centimeter, binned to 100 m altitude
UNCERTAINTY: Counting uncertainty dominated by air flow, less than 5 percent
ULOD_FLAG: -77777
ULOD_VALUE: 3000 ~3000 per cm3 (varies depending on flow rate- manufacturer quotes 1250  per cm3 at 1.667 cc/s)
LLOD_FLAG: -88888
LLOD_VALUE: 0 0 (varies depending on data field and measurement precision)
DM_CONTACT_INFO: Troy Thornberry, 325 Broadway R/CSL6, Boulder, CO 80305; troy.thornberry@noaa.gov; 303-497-3373
PROJECT_INFO: B2SAP San Jose, CR
STIPULATIONS_ON_USE: Please contact the PIs for questions regarding applications and uncertainties
OTHER_COMMENTS: POPS bin Edges (nm):  140, 170, 205, 249, 302, 366, 443, 537, 651, 789, 956, 1159, 1404, 1702, 2062, 2500
Calculations assume sulfate refractive index of 1.45+0.00j and extinction wavelength = 532 nm
REVISION: R0
R0: QA/QC data
TIME_START,TIME_STOP,TIME_MID,GPSAlt,GPS_Lon,GPS_Lat,iMet_Pressure,iMet_Temperature,THETA,Aerosol_concentration,Surface_Area_Conc,Volume_density,Effective_radius,Extinction,Bin01,Bin02,Bin03,Bin04,Bin05,Bin06,Bin07,Bin08,Bin09,Bin10,Bin11,Bin12,Bin13,Bin14,Bin15
[from data line 75]
48663,48682,48672,8.7,-83.9987,9.95238,346.037,-22.3939,339.569,4.01816,0.690639,42.6212,0.185138,0.000268187,2.06458,0.799192,0.421796,0.221998,0.177598,0.155399,0.0887992,0.0443996,0.0221998,0.0221998,0,0,0,0,0
48683,48702,48692,8.8,-83.9966,9.95171,341.402,-21.8916,341.561,1.47333,0.213511,10.2977,0.144691,5.79762e-05,0.883998,0.189428,0.147333,0.0210476,0.147333,0.0631427,0,0.0210476,0,0,0,0,0,0,0
48703,48720,48712,8.9,-83.9947,9.95116,336.944,-22.52,341.989,1.24148,0.303911,21.2583,0.209847,0.000159854,0.687247,0.0886771,0.110846,0,0.110846,0.110846,0.0665078,0.0443385,0.0221693,0,0,0,0,0,0
48721,48740,48730,9,-83.9927,9.95069,332.306,-23.024,342.655,1.91293,0.544837,55.7101,0.306753,0.000306796,0.885989,0.422858,0.120817,0.0805444,0.201361,0.0201361,0.0402722,0.0604083,0.0201361,0.0402722,0.0201361,0,0,0,0
48741,48762,48752,9.1,-83.9907,9.95037,327.591,-23.5295,343.361,2.00923,0.557493,57.2101,0.307861,0.000283194,0.908019,0.309113,0.231835,0.173876,0.154556,0.0965977,0.0193195,0.0193195,0.0579586,0.0193195,0,0,0.0193195,0,0
48763,48783,48773,9.2,-83.9887,9.95043,323.209,-24.2871,343.639,1.94211,0.441388,42.2237,0.286984,0.000182888,0.971054,0.399846,0.171363,0.0761611,0.133282,0.0380806,0.0761611,0.0571208,0,0,0,0,0.0190403,0,0
48784,48804,48794,9.3,-83.9867,9.95092,318.893,-25.1833,343.718,2.33085,0.451099,30.0638,0.199937,0.000195936,1.23284,0.404527,0.154106,0.134842,0.134842,0.134842,0.096316,0,0.0192632,0.0192632,0,0,0,0,0
48805,48823,48814,9.4,-83.9848,9.95151,314.586,-26.1525,343.708,1.65117,0.373968,29.6104,0.237537,0.000205895,0.812884,0.355637,0.203221,0,0.0508053,0.0762079,0.0762079,0.0254026,0.0254026,0.0254026,0,0,0,0,0
48824,48844,48834,9.5,-83.983,9.95225,310.126,-27.13,343.746,1.99787,0.385976,23.2973,0.181079,0.000157487,0.969842,0.36854,0.0969842,0.213365,0.116381,0.116381,0.0581905,0.0387937,0.0193968,0,0,0,0,0,0
48845,48868,48856,9.6,-83.9812,9.95306,305.844,-28.0783,343.784,1.87065,0.451681,43.5653,0.289355,0.000232733,0.872972,0.427578,0.267236,0.071263,0.0356315,0.0356315,0.071263,0.0178158,0.0356315,0.0178158,0.0178158,0,0,0,0
48870,48891,48880,9.7,-83.9794,9.95383,301.5,-29.0667,343.8,1.68594,0.351936,32.8384,0.279923,0.000149461,0.852657,0.445707,0.13565,0.0387571,0.0775143,0.0387571,0.0387571,0.0193786,0.0193786,0,0.0193786,0,0,0,0
48892,48914,48903,9.8,-83.9778,9.95466,297.37,-30.0195,343.81,1.8518,0.617946,63.399,0.307789,0.000357751,0.843598,0.288058,0.0617266,0.164604,0.144029,0.0823022,0.144029,0.0411511,0.0205755,0.0411511,0,0.0205755,0,0,0
48915,48935,48925,9.9,-83.9762,9.95549,293.113,-31.0148,343.824,1.67383,0.364362,34.7121,0.285804,0.0001498,0.945221,0.27569,0.177229,0.0196921,0.0787684,0.0787684,0.0590763,0,0.0196921,0,0,0.0196921,0,0,0
48936,48954,48945,10,-83.975,9.95622,289.142,-31.9774,343.8,1.78562,0.424383,40.2011,0.284185,0.000184466,0.914588,0.348414,0.152431,0.0653277,0.0653277,0.10888,0.0435518,0.0653277,0,0,0,0.0217759,0,0,0
48955,48973,48964,10.1,-83.9735,9.95699,285.192,-32.8905,343.846,1.70804,0.37789,39.8191,0.316117,0.000163741,0.854018,0.437958,0.153285,0.131387,0.0218979,0.0218979,0.0218979,0.0218979,0,0.0218979,0,0.0218979,0,0,0
48974,48992,48983,10.2,-83.9721,9.95771,281.279,-33.8284,343.859,1.79625,0.726865,81.0668,0.334589,0.000502929,0.854313,0.306677,0.0657164,0.0438109,0.109527,0.109527,0.0657164,0.0876219,0.0657164,0.0657164,0.0219055,0,0,0,0
48993,49010,49002,10.3,-83.971,9.95835,277.168,-34.8339,343.857,2.14578,0.452801,45.1614,0.299213,0.000193546,1.18951,0.466473,0.163266,0.0932947,0.0932947,0.0233237,0.0466473,0.0233237,0,0.0233237,0,0.0233237,0,0,0
49011,49027,49019,10.4,-83.9698,9.95912,273.342,-35.77,343.869,1.63671,0.440635,35.1075,0.239024,0.000255143,0.844752,0.184789,0.105594,0.0791955,0.131992,0.0791955,0.0791955,0.105594,0,0.0263985,0,0,0,0,0
49028,49048,49038,10.5,-83.9687,9.95981,269.282,-36.7785,343.876,1.98941,0.327789,18.5829,0.170075,0.000118801,1.07936,0.338623,0.169312,0.148148,0.10582,0.0634919,0.0423279,0.021164,0.021164,0,0,0,0,0,0
49049,49066,49058,10.6,-83.9676,9.96054,265.361,-37.7617,343.883,1.67657,0.328575,24.6476,0.225041,0.00015948,0.897321,0.283365,0.212523,0.0472274,0.0944549,0.0708412,0,0.0236137,0.0236137,0.0236137,0,0,0,0,0
49067,49087,49077,10.7,-83.9663,9.96108,261.451,-38.706,343.959,1.88221,0.634597,68.7672,0.325091,0.000397188,0.898329,0.320832,0.149722,0.0855552,0.106944,0.0855552,0.0641664,0.0641664,0.0213888,0.0641664,0.0213888,0,0,0,0
49088,49108,49098,10.8,-83.9652,9.96201,257.725,-39.56,344.114,1.87218,0.423604,29.1689,0.206577,0.000224782,0.93609,0.404221,0.106374,0.0638243,0.0425496,0.0850991,0.0850991,0.148923,0,0,0,0,0,0,0
49109,49124,49116,10.9,-83.9645,9.96293,254.111,-40.4427,344.2,2.55705,1.2095,187.074,0.464013,0.000623942,1.19329,0.539822,0.255705,0.0568234,0.113647,0.085235,0.0568234,0.0568234,0.0284117,0.0284117,0.0284117,0.0568234,0.0568234,0,0
49126,49144,49135,11,-83.9637,9.9639,250.435,-41.3471,344.293,2.21243,1.32806,300.432,0.678655,0.000844339,1.01721,0.406884,0.203442,0.0508605,0.178012,0,0.127151,0.0508605,0.101721,0,0.0254303,0,0,0.0254303,0.0254303
49145,49162,49154,11.1,-83.9626,9.96513,246.724,-42.2835,344.367,1.97969,0.427342,36.5297,0.256444,0.000240292,1.01523,0.558375,0.101523,0.0253807,0.101523,0.0253807,0.0761421,0,0.0253807,0.0507614,0,0,0,0,0
49163,49182,49172,11.2,-83.9616,9.96702,242.982,-42.7275,345.209,2.70919,0.955813,153.578,0.482034,0.000494147,1.49547,0.325102,0.216735,0.173388,0.216735,0.0866939,0.043347,0.043347,0.0216735,0.0216735,0,0.0216735,0.0216735,0.0216735,0
49183,49204,49194,11.3,-83.9607,9.96909,239.195,-43.3355,345.847,2.49263,0.466771,28.9555,0.186101,0.000177,1.08805,0.455004,0.336307,0.197828,0.217611,0.0989139,0.0395656,0.0395656,0,0.0197828,0,0,0,0,0
49205,49225,49215,11.4,-83.9593,9.97138,235.764,-43.9971,346.277,2.3256,0.433454,39.6782,0.274619,0.000134659,1.24586,0.436049,0.249171,0.103821,0.166114,0.0622928,0.0207643,0.0207643,0,0,0,0,0.0207643,0,0
49226,49246,49236,11.5,-83.9582,9.97368,232.347,-44.7752,346.543,2.48412,0.621499,60.9079,0.294005,0.000305259,1.22136,0.517525,0.20701,0.103505,0.144907,0.062103,0.103505,0.062103,0.020701,0.020701,0,0,0.020701,0,0
49247,49266,49256,11.6,-83.9566,9.9758,229.086,-45.4785,346.873,2.13983,0.40915,40.2966,0.295466,0.000141587,1.26643,0.34936,0.21835,0.109175,0.0655051,0.021835,0.0655051,0.021835,0,0,0,0,0.021835,0,0
49267,49286,49276,11.7,-83.9554,9.97763,225.54,-46.2835,347.191,1.74736,0.27814,18.9704,0.204613,0.000116818,1.02657,0.414998,0.087368,0.065526,0.065526,0,0.043684,0.021842,0,0.021842,0,0,0,0,0
49287,49303,49295,11.8,-83.9543,9.97954,222.201,-47.1587,347.328,1.33253,0.286213,31.2069,0.327101,9.68896e-05,0.652668,0.353529,0.054389,0.135973,0.0815835,0.0271945,0,0,0,0,0.0271945,0,0,0,0
49308,49324,49316,11.9,-83.9529,9.98229,218.521,-48.0447,347.621,1.09173,0.397601,48.8481,0.368572,0.000206535,0.467885,0.207949,0.129968,0.0259936,0.0519872,0.0259936,0.0779808,0.0779808,0,0,0,0,0.0259936,0,0
49325,49347,49336,12,-83.9513,9.98519,215.263,-48.8168,347.919,1.23013,0.195452,11.1175,0.170642,6.9179e-05,0.705812,0.221827,0.10083,0.0403321,0.0403321,0.10083,0,0,0.0201661,0,0,0,0,0,0
49348,49367,49358,12.1,-83.9497,9.98861,212.076,-49.5645,348.24,1.33109,0.461164,58.3179,0.379375,0.000214939,0.621177,0.244034,0.0887396,0.0887396,0.110924,0.0221849,0.0665547,0.0443698,0,0,0,0.0443698,0,0,0
49368,49391,49380,12.2,-83.9481,9.99181,208.89,-50.0412,349.003,1.42296,0.38233,53.1189,0.416804,0.000168846,0.997923,0.16632,0.0924002,0.0369601,0.0369601,0.01848,0.01848,0,0,0.01848,0,0.01848,0.01848,0,0
49392,49412,49402,12.3,-83.9461,9.99535,205.681,-50.8319,349.308,2.43752,0.254439,10.1702,0.119914,4.67435e-05,1.80164,0.339133,0.148371,0.0635875,0,0.0635875,0,0.0211958,0,0,0,0,0,0,0
49413,49430,49422,12.4,-83.9442,9.99831,202.531,-51.8317,349.273,3.08096,0.47532,44.3258,0.279764,0.000164863,2.48464,0.173925,0.124232,0.149079,0.0496929,0.0248464,0.0248464,0,0,0.0248464,0,0.0248464,0,0,0
49431,49448,49440,12.5,-83.9427,10.0012,199.287,-52.5818,349.699,3.92141,0.347527,11.1151,0.0959505,3.30879e-05,3.10555,0.473728,0.184227,0.105273,0.0263182,0,0.0263182,0,0,0,0,0,0,0,0
49449,49466,49458,12.6,-83.9409,10.0039,196.377,-53.12,350.315,7.57821,2.13989,307.079,0.430506,0.00107584,5.23003,0.981965,0.341553,0.192124,0.192124,0.106735,0.128082,0.128082,0.0213471,0.0853883,0.0426942,0.0640412,0.0426942,0.0213471,0
49467,49484,49476,12.7,-83.9387,10.0064,193.271,-54.0383,350.445,8.91366,1.02717,62.3153,0.182001,0.000255907,7.15241,0.923584,0.300702,0.128872,0.193308,0.0214787,0.128872,0.0214787,0,0.0214787,0,0.0214787,0,0,0
49485,49502,49494,12.8,-83.9367,10.0085,190.331,-54.7717,350.805,10.41,1.13911,68.1343,0.17944,0.000261364,8.15162,1.35502,0.494689,0.129049,0.107541,0.0645247,0.0215082,0.0215082,0,0.0430165,0,0.0215082,0,0,0
49503,49527,49515,12.9,-83.9342,10.0107,187.268,-55.4829,351.286,11.4419,1.09004,40.2352,0.110735,0.000162899,8.6179,1.81771,0.568035,0.162296,0.146066,0.0162296,0.0486887,0.0486887,0.0162296,0,0,0,0,0,0
49528,49545,49536,13,-83.9316,10.0135,184.546,-56.2565,351.505,12.6207,1.41759,83.444,0.176589,0.000351527,9.63759,1.92752,0.481879,0.183573,0.114733,0.0458933,0.114733,0.0458933,0,0.0458933,0,0.0229466,0,0,0
49546,49562,49554,13.1,-83.9292,10.0158,181.683,-57,351.868,15.3652,2.23247,242.457,0.325815,0.000738181,11.615,2.36989,0.755238,0.104171,0.182299,0.0781281,0.0520854,0,0.0520854,0.0520854,0,0.0520854,0.0260427,0.0260427,0
49563,49579,49571,13.2,-83.927,10.0178,178.766,-58.1024,351.696,15.2313,1.85029,140.209,0.22733,0.000505529,11.7307,2.50378,0.579579,0.0463663,0.0231832,0.0695495,0.0695495,0.0463663,0.0695495,0.0231832,0,0.0463663,0.0231832,0,0
49580,49600,49590,13.3,-83.9245,10.0195,175.957,-58.868,352.034,12.4304,1.31104,72.1512,0.165101,0.000292386,9.51023,1.97308,0.513,0.197308,0.0789231,0,0.0591923,0.0197308,0.0197308,0.0394615,0.0197308,0,0,0,0
49601,49622,49612,13.4,-83.9214,10.0213,173.053,-59.5595,352.569,4.51987,0.650302,50.8094,0.234396,0.000233996,3.33562,0.631597,0.236849,0.0789497,0.0592123,0.0394748,0.0197374,0.0592123,0.0197374,0.0197374,0,0.0197374,0,0,0
49623,49643,49633,13.5,-83.9182,10.0232,170.299,-60.3876,352.816,2.98787,0.508988,42.6136,0.251167,0.000169311,1.7965,0.548406,0.245837,0.113463,0.0945527,0.0567316,0.0756422,0.0378211,0,0,0,0,0.0189105,0,0
49644,49661,49652,13.6,-83.9154,10.0248,167.782,-61.0406,353.232,1.89339,0.293031,18.9487,0.193994,0.000108844,1.05189,0.397379,0.187002,0.116876,0.0467505,0.0233752,0.0467505,0,0,0.0233752,0,0,0,0,0
49662,49677,49670,13.7,-83.913,10.0257,164.899,-62.0273,353.334,1.88003,0.278102,13.331,0.143807,7.65761e-05,1.04744,0.376006,0.134288,0,0.188003,0.0805726,0.0537151,0,0,0,0,0,0,0,0
49678,49692,49685,13.8,-83.9109,10.0267,162.212,-62.9353,353.469,1.82771,0.248679,11.1075,0.133998,5.8328e-05,0.940732,0.376293,0.268781,0.0537561,0.107512,0.0268781,0.0537561,0,0,0,0,0,0,0,0
49693,49709,49701,13.9,-83.9086,10.0277,159.625,-63.7665,353.693,1.91551,0.526564,64.7279,0.368775,0.00026046,0.993225,0.496613,0.212834,0.0236482,0.0236482,0,0.0472964,0.0236482,0.0472964,0,0.0236482,0.0236482,0,0,0
49711,49725,49718,14,-83.9062,10.0284,157.208,-64.4893,354.011,1.46726,0.26119,19.141,0.219852,0.000113157,0.805554,0.316468,0.0575396,0.0863094,0.143849,0,0.0287698,0,0,0.0287698,0,0,0,0,0
49726,49744,49735,14.1,-83.9039,10.0293,154.502,-65.3758,354.26,1.47167,0.197566,9.16126,0.139112,4.96456e-05,0.767828,0.383914,0.0639857,0.1493,0.0639857,0,0.0213286,0.0213286,0,0,0,0,0,0,0
49745,49761,49753,14.2,-83.9014,10.0306,151.776,-66.4535,354.219,1.74283,0.30788,22.2187,0.2165,0.000136147,1.0266,0.190995,0.167121,0.21487,0.0716233,0,0.0238744,0,0.0238744,0.0238744,0,0,0,0,0
49762,49782,49772,14.3,-83.8992,10.0315,149.353,-67.0786,354.775,2.31901,0.411213,35.5734,0.259525,0.000148357,1.46156,0.428725,0.0974376,0.0779501,0.0974376,0.0584626,0.0584626,0,0.0194875,0,0,0.0194875,0,0,0
49783,49802,49792,14.4,-83.897,10.0327,146.869,-67.928,355.01,2.22867,0.476067,39.3316,0.247853,0.000253948,1.17775,0.434862,0.199312,0.0905961,0.144954,0.0362385,0.0543577,0.0181192,0.0181192,0.0543577,0,0,0,0,0
49803,49822,49812,14.5,-83.895,10.0342,144.394,-68.499,355.745,2.0137,0.485261,44.9241,0.277731,0.000252911,1.04281,0.395549,0.197774,0.0719179,0.0539384,0.0898974,0.0539384,0.0179795,0.0719179,0,0.0179795,0,0,0,0
49823,49841,49832,14.6,-83.8935,10.0358,142.057,-68.865,356.768,2.24148,0.328975,16.7041,0.152329,0.000102063,1.24082,0.50033,0.120079,0.100066,0.180119,0,0.0600397,0.0400264,0,0,0,0,0,0,0
49842,49861,49852,14.7,-83.8918,10.0374,139.685,-69.038,358.185,2.66953,0.505084,40.1685,0.238585,0.000184657,1.51514,0.450935,0.180374,0.0901869,0.216449,0.108224,0.0541122,0.0180374,0.0180374,0,0,0.0180374,0,0,0
49862,49880,49871,14.8,-83.8899,10.0388,137.518,-69.3611,359.218,2.98905,0.751281,102.243,0.408274,0.000400962,1.60486,0.702126,0.240729,0.080243,0.0401215,0.0601822,0.140425,0.0401215,0.0601822,0,0,0,0,0.0200607,0
49881,49896,49888,14.9,-83.8881,10.0402,135.395,-70,359.687,3.49237,0.441009,23.6682,0.161005,0.000121042,2.11951,0.77073,0.289024,0.0963412,0.144512,0,0.0481706,0,0,0.0240853,0,0,0,0,0
49897,49908,49902,15,-83.8865,10.0416,133.167,-70.8483,359.886,3.40582,0.826131,90.5806,0.328933,0.000354953,1.8084,0.663079,0.36168,0.1507,0.12056,0.0904199,0.0904199,0,0.0602799,0,0,0.0602799,0,0,0
49909,49919,49914,15.1,-83.8855,10.0427,130.752,-71.8882,359.914,3.89279,0.418896,16.7837,0.1202,8.06163e-05,2.73815,0.659795,0.230928,0.0659795,0.0989692,0,0.0989692,0,0,0,0,0,0,0,0
49920,49940,49930,15.2,-83.8844,10.0441,128.264,-72.505,360.786,4.66183,0.684909,45.1034,0.197559,0.000205242,2.74225,1.0969,0.255944,0.10969,0.237662,0.0914084,0.0731267,0.0182817,0.0182817,0,0.0182817,0,0,0,0
49941,49960,49950,15.3,-83.8829,10.0461,126.032,-73.3929,360.996,5.60166,0.720633,43.206,0.179867,0.000251086,4.16868,0.759916,0.217119,0.130271,0.130271,0.0217119,0.0651356,0.0651356,0,0.0434238,0,0,0,0,0
49961,49980,49970,15.4,-83.8812,10.0481,124.037,-74.1545,361.261,5.95813,1.14718,128.558,0.336194,0.000479391,3.51567,1.14722,0.573609,0.166532,0.166532,0.111021,0.166532,0.0185035,0.037007,0.0185035,0,0.0185035,0,0.0185035,0
49982,49996,49989,15.5,-83.8804,10.05,121.761,-74.7933,362.012,6.64671,0.75062,31.2031,0.124709,0.000154157,4.49703,1.13661,0.46947,0.148254,0.197672,0.0494179,0.123545,0.024709,0,0,0,0,0,0,0
49997,50015,50006,15.6,-83.8802,10.052,119.819,-74.9167,363.453,5.97989,0.807422,43.9243,0.163202,0.000258937,3.8222,1.10967,0.452088,0.123297,0.184945,0.0616484,0.164396,0.0205495,0.0205495,0.0205495,0,0,0,0,0
50016,50039,50028,15.7,-83.88,10.0543,117.66,-75.2362,364.756,5.49743,0.695147,38.7643,0.167293,0.000149761,3.35096,1.15817,0.463266,0.13898,0.231633,0.0617688,0.0772111,0,0,0,0.0154422,0,0,0,0
50040,50060,50050,15.8,-83.8801,10.0562,115.741,-75.9837,365.09,6.68438,0.899599,49.8438,0.16622,0.000298654,4.27489,1.3019,0.466352,0.174882,0.174882,0.058294,0.116588,0.058294,0.0388627,0.0194313,0,0,0,0,0
50061,50082,50072,15.9,-83.8802,10.0583,113.836,-76.6937,365.504,6.88399,1.00518,59.8863,0.178733,0.000351559,4.26483,1.27481,0.394033,0.30132,0.324498,0.115892,0.0927137,0.0463569,0.0231784,0.0463569,0,0,0,0,0
50083,50104,50094,16,-83.8804,10.0607,111.861,-77.4414,365.937,8.57323,1.25514,77.4392,0.185092,0.0004303,5.37098,1.71126,0.491351,0.288033,0.186375,0.152488,0.220261,0.0847157,0.0508294,0,0.0169431,0,0,0,0
50105,50127,50116,16.1,-83.8806,10.0629,109.934,-78.3348,366.083,7.49475,0.979462,59.7046,0.18287,0.000267517,4.84377,1.35822,0.621835,0.245461,0.196369,0.0818204,0.0654563,0.0163641,0.0327282,0.0163641,0,0.0163641,0,0,0
50128,50150,50139,16.2,-83.8807,10.0651,107.987,-79.1591,366.414,6.61549,0.929108,51.9652,0.167791,0.000325518,4.49787,1.09984,0.246234,0.131325,0.213403,0.164156,0.131325,0.0984936,0.0164156,0.0164156,0,0,0,0,0
