api/src/app/data/B2SAP/Locations/Costa Rica/NOAA-POPS-B2SAP_GMLBalloon_20230418_R0.ict
61,1001
Thornberry, T. D.
NOAA Chemical Sciences Laboratory
Portable Optical Particle Spectrometer (POPS)
Balloon Baseline Stratospheric Aerosol Profiles (B2SAP)
1,1
2023,04,18,2024,05,28
0
TIME_START,s,Seconds since midnight UTC on flight start day,Start time of 100 m altitude bin in UTC_seconds_since_midnight
28
1.0,1.0,1.0,1.0,1.0,1.0,1.0,1.0,1.0,1.0,1.0,1.0,1.0,1.0,1.0,1.0,1.0,1.0,1.0,1.0,1.0,1.0,1.0,1.0,1.0,1.0,1.0,1.0
99999,99999,99999,99999,99999,99999,99999,99999,99999,99999,99999,99999,99999,99999,99999,99999,99999,99999,99999,99999,99999,99999,99999,99999,99999,99999,99999,99999
TIME_STOP,s,End time of 100 m altitude bin in UTC seconds since midnight,
TIME_MID,s,Mid time of 100 m altitude in UTC seconds since midnight,
GPSAlt,m,GPS reported altitude above sea level (m),
GPS_Lon,deg,GPS reported longitude,
GPS_Lat,deg,GPS reported latitude,
iMet_Pressure,mb,Pressure reported (mB),
iMet_Temperature,degrees C,Ambient temperature (oC),
THETA,K,Potential temperature from iMet,
Aerosol_concentration,cm^-3,Aerosol concentration,
Surface_Area_Conc,um^2 cm^-3,Surface area concentration,
Volume_density,um^3 cm^-3,Volume density,
Effective_radius,um,Effective radius,
Extinction,km^-1,Extinction,
Bin01,cm^-3,particle concentration in size range [140 - 170 nm],
Bin02,cm^-3,particle concentration in size range [170 - 205 nm],
Bin03,cm^-3,particle concentration in size range [205 - 249 nm],
Bin04,cm^-3,particle concentration in size range [249 - 302 nm],
Bin05,cm^-3,particle concentration in size range [302 - 366 nm],
Bin06,cm^-3,particle concentration in size range [366 - 443 nm],
Bin07,cm^-3,particle concentration in size range [443 - 537 nm],
Bin08,cm^-3,particle concentration in size range [537 - 651 nm],
Bin09,cm^-3,particle concentration in size range [651 - 789 nm],
Bin10,cm^-3,particle concentration in size range [789 - 956 nm],
Bin11,cm^-3,particle concentration in size range [956 - 1159 nm],
Bin12,cm^-3,particle concentration in size range [1159 - 1404 nm],
Bin13,cm^-3,particle concentration in size range [1404 - 1702 nm],
Bin14,cm^-3,particle concentration in size range [1702 - 2062 nm],
Bin15,cm^-3,particle concentration in size range [2062 - 2500 nm],
0
19
PI_CONTACT_INFO: 325 Broadway R/CSL6, Boulder, CO 80305; troy.thornberry@noaa.gov; 303-497-3373 
PLATFORM: GML ECC/FPH balloon
LOCATION: San Jose, CR
ASSOCIATED_DATA: N/A
INSTRUMENT_INFO: Printed Optical Particle Spectrometer counts particles from 140 - 2500 nm in diameter 
DATA_INFO: Particle concentrations reported in number per cubic centimeter, binned to 100 m altitude
UNCERTAINTY: Counting uncertainty dominated by air flow, less than 5 percent
ULOD_FLAG: -77777
ULOD_VALUE: 3000 ~3000 per cm3 (varies depending on flow rate- manufacturer quotes 1250  per cm3 at 1.667 cc/s)
LLOD_FLAG: -88888
LLOD_VALUE: 0 0 (varies depending on data field and measurement precision)
DM_CONTACT_INFO: Troy Thornberry, 325 Broadway R/CSL6, Boulder, CO 80305; troy.thornberry@noaa.gov; 303-497-3373
PROJECT_INFO: B2SAP San Jose, CR
STIPULATIONS_ON_USE: Please contact the PIs for questions regarding applications and uncertainties
OTHER_COMMENTS: POPS bin Edges (nm):  140, 170, 205, 249, 302, 366, 443, 537, 651, 789, 956, 1159, 1404, 1702, 2062, 2500
Calculations assume sulfate refractive index of 1.45+0.00j and extinction wavelength = 532 nm
REVISION: R0
R0: QA/QC data
TIME_START,TIME_STOP,TIME_MID,GPSAlt,GPS_Lon,GPS_Lat,iMet_Pressure,iMet_Temperature,THETA,Aerosol_concentration,Surface_Area_Conc,Volume_density,Effective_radius,Extinction,Bin01,Bin02,Bin03,Bin04,Bin05,Bin06,Bin07,Bin08,Bin09,Bin10,Bin11,Bin12,Bin13,Bin14,Bin15
46792,47087,46940,1.2,-84.0424,9.93936,878.891,19.4091,303.553,712.857,127.345,8576.67,0.202049,0.0405935,277.541,170.708,106.236,57.9656,52.7349,21.5118,17.7974,5.10498,1.10216,0.69426,0.317258,0.434685,0.401723,0.187471,0.119487
47088,47110,47099,1.3,-84.0428,9.93927,874.9,18.5217,303.027,553.563,106.134,7111.59,0.201017,0.0359619,193.304,130.476,87.4881,49.8386,47.3029,20.6413,16.86,5.21963,0.949024,0.459683,0.237256,0.311398,0.222427,0.177942,0.0741425
47111,47134,47122,1.4,-84.0435,9.9392,864.54,17.4208,302.913,478.19,91.1246,6264.95,0.206254,0.0298241,162.857,114.282,79.9006,45.6187,41.1211,15.3776,12.8789,3.74088,0.728186,0.485458,0.285563,0.31412,0.399789,0.128503,0.0713908
47135,47160,47148,1.5,-84.0448,9.93959,854.417,16.7954,303.279,374.596,74.1379,5986.64,0.24225,0.0245335,117.223,91.7308,70.3474,38.9504,31.7826,10.7981,9.21564,2.26069,0.678207,0.398945,0.239367,0.372349,0.239367,0.132982,0.226069
47161,47178,47170,1.6,-84.0463,9.94016,844.938,16.21,303.633,312.904,62.9774,4983.46,0.237393,0.0207425,94.4312,81.1425,57.6361,32.1209,26.9252,9.59957,6.39328,2.24054,0.656711,0.289726,0.251095,0.579451,0.424931,0.135205,0.0772601
47179,47198,47188,1.7,-84.0474,9.94078,834.932,15.6679,304.098,270.687,53.932,3899.01,0.216885,0.017895,81.2445,67.7862,49.6952,27.2829,24.1884,9.33845,7.7088,1.95924,0.366214,0.238039,0.292971,0.238039,0.201418,0.0915534,0.0549321
47199,47219,47209,1.8,-84.0485,9.94126,824.538,15.4315,304.938,252.469,54.6251,3904.16,0.214416,0.0202159,75.0785,57.674,41.795,26.7135,26.1241,10.8345,9.8637,2.68695,0.589395,0.381373,0.156016,0.312033,0.156016,0.0693406,0.0346703
47220,47240,47230,1.9,-84.0491,9.94096,814.971,14.7657,305.25,219.068,44.8873,2906.52,0.194254,0.0158855,66.5086,50.5439,37.1296,21.3636,22.5063,9.58877,8.28046,2.10324,0.513388,0.18217,0.115926,0.0662437,0.0993655,0.0496827,0.0165609
47241,47260,47250,2,-84.0497,9.94056,805.312,13.9305,305.403,197.272,41.7741,2982.08,0.214158,0.0154169,62.9564,44.9515,31.4521,18.9965,19.588,8.28054,7.68907,2.12232,0.48709,0.191357,0.191357,0.173961,0.0869804,0.0869804,0.0173961
47261,47285,47273,2.1,-84.0504,9.94012,796.009,13.9572,306.447,136.492,27.4342,1864.01,0.203834,0.00965096,46.1569,30.453,21.0445,12.3832,13.753,5.93564,4.8841,1.27291,0.332064,0.055344,0.06918,0.041508,0.055344,0.013836,0.041508
47286,47306,47296,2.2,-84.0511,9.93985,786.638,13.5681,307.069,149.56,31.8302,2144.07,0.202079,0.0116197,45.7904,32.3597,24.8908,14.6066,16.4448,7.03831,6.2434,1.42422,0.264972,0.198729,0.0662429,0.115925,0.0662429,0.0331215,0.0165607
47307,47327,47317,2.3,-84.052,9.93998,777.512,12.8233,307.294,205.084,47.1934,3132.82,0.199148,0.0182646,54.0976,41.457,33.9527,24.8809,24.3639,12.7239,9.93901,2.66819,0.533638,0.216791,0.100057,0.0500286,0.0333524,0.0333524,0.0333524
47328,47350,47339,2.4,-84.0533,9.93983,768.11,12.3661,307.87,202.691,48.5082,3390.89,0.20971,0.0190858,49.9805,41.092,34.3606,24.799,25.4721,13.2639,9.62281,2.92203,0.581346,0.183583,0.137687,0.122389,0.0764929,0.0305972,0.0458957
47351,47370,47360,2.5,-84.0545,9.93968,759.437,12.73,309.265,158.285,32.4678,2082.95,0.192463,0.0114199,49.3279,33.8182,25.5191,17.7254,16.4426,7.2301,6.10283,1.51599,0.310972,0.0971788,0.0583073,0.0583073,0.0194358,0.0388715,0.0194358
47371,47391,47381,2.6,-84.055,9.9395,750.35,13.7919,311.482,169.33,29.7245,1772.12,0.178855,0.00897304,61.4762,40.6345,27.3005,14.7157,14.2496,4.7776,4.69436,0.982154,0.183113,0.116527,0.0332933,0.04994,0.0832334,0.0166467,0.0166467
47392,47413,47402,2.7,-84.0552,9.93939,741.6,12.79,311.436,355.476,65.2047,3743.92,0.172254,0.0202674,111.749,89.6273,59.5449,34.289,33.3505,12.7536,11.0777,2.22895,0.452494,0.217867,0.0502771,0.016759,0.0670361,0,0.0502771
47415,47433,47424,2.8,-84.0551,9.93964,732.809,11.9147,311.542,370.547,68.1184,3943.15,0.17366,0.0213672,117.397,93.8299,61.6906,35.4065,34.5989,12.7566,11.4901,2.276,0.513935,0.312032,0.0550645,0.128484,0.0183548,0.0550645,0.0183548
47434,47455,47444,2.9,-84.0549,9.93978,723.915,11.1645,311.809,307.168,53.7147,2961.1,0.165379,0.0157601,107.166,75.1344,49.2855,26.8235,27.9258,10.1447,8.57903,1.46978,0.239638,0.127807,0.0958551,0.0958551,0.0479276,0.0319517,0
47456,47478,47467,3,-84.0549,9.94011,714.802,10.8587,312.602,241.182,41.1667,2385.98,0.173877,0.0119547,90.0507,58.4141,37.4457,20.2327,20.5392,7.12741,5.518,1.07294,0.337211,0.168605,0.0919666,0.0919666,0.0459833,0.0306555,0.0153278
47479,47498,47488,3.1,-84.0552,9.94021,706.38,10.6135,313.392,164.855,27.3879,1551.96,0.169998,0.00777303,64.75,39.2757,24.8001,13.7838,12.4355,4.78972,3.81404,0.816027,0.141918,0.0709589,0.0532192,0.0354794,0.0532192,0.0354794,0
47499,47518,47508,3.2,-84.0553,9.94028,697.803,10.3153,314.157,88.4639,12.8412,599.075,0.139957,0.00317961,42.5937,17.9273,11.7096,6.36672,5.73377,1.97331,1.71269,0.390939,0.0186161,0.0372323,0,0,0,0,0
47519,47538,47528,3.3,-84.0554,9.94007,689.23,10.1732,315.11,76.2715,9.84804,474.643,0.14459,0.00209967,41.9148,16.3292,8.41655,3.84437,3.30317,1.38099,0.802465,0.111972,0.0559859,0.0559859,0.018662,0,0.037324,0,0
47539,47557,47548,3.4,-84.0552,9.93978,681.002,9.65789,315.618,40.2835,5.31638,288.971,0.163065,0.00124138,23.4647,7.75968,4.28825,1.93064,1.52223,0.668298,0.334149,0.148511,0.0928192,0,0.0371277,0.0185638,0.0185638,0,0
47558,47577,47568,3.5,-84.0549,9.93922,673.031,9.5225,316.529,39.3056,5.21363,262.432,0.151007,0.00120293,21.8915,7.80448,4.35352,2.17676,1.78742,0.672495,0.389339,0.106183,0.0353945,0.0530917,0,0.0353945,0,0,0
47578,47599,47588,3.6,-84.0545,9.93841,664.899,8.79818,316.817,45.8103,6.40158,343.052,0.160766,0.00168698,25.4953,8.91522,4.88794,2.40337,2.25722,0.811951,0.682039,0.194868,0.016239,0.0974341,0.032478,0.016239,0,0,0
47600,47618,47609,3.7,-84.0542,9.93755,656.989,8.20895,317.237,38.7246,4.65954,215.746,0.138906,0.000970523,24.1561,6.92849,3.37062,1.87257,1.47933,0.449416,0.243433,0.13108,0.0187257,0.056177,0.0187257,0,0,0,0
47619,47639,47629,3.8,-84.0537,9.93726,648.673,7.7065,317.825,43.5098,5.5036,263.978,0.143894,0.00126531,25.1544,9.46173,4.04742,1.68642,1.73968,0.745577,0.355037,0.213022,0.0177518,0.0710074,0,0.0177518,0,0,0
47640,47660,47650,3.9,-84.0531,9.93672,641.114,7.222,318.341,55.7756,7.82742,414.803,0.158981,0.00196742,28.9405,11.8474,6.90504,3.4436,2.37305,1.10623,0.820754,0.124897,0.0713699,0.0892124,0.0178425,0,0.0356849,0,0
47661,47681,47671,4,-84.0524,9.93666,633.075,6.57571,318.754,53.4319,7.32335,457.514,0.18742,0.00170053,27.7455,12.5258,6.43447,2.83117,2.24778,0.823613,0.531917,0.137269,0.0514758,0.0171586,0.0171586,0.0343172,0.0171586,0,0.0171586
47682,47700,47691,4.1,-84.0516,9.93678,625.709,5.87474,319.02,35.1965,4.62914,284.43,0.18433,0.00110348,21.167,6.8165,3.87086,1.54835,0.906348,0.302116,0.245469,0.151058,0.0377645,0.0377645,0.0377645,0.075529,0,0,0
47701,47718,47710,4.2,-84.0508,9.93657,618.583,5.32875,319.439,35.4405,4.12757,190.907,0.138755,0.000788508,21.7245,7.57988,2.97781,1.30843,1.01516,0.406065,0.27071,0.0902367,0.0225592,0.0225592,0,0,0.0225592,0,0
47719,47737,47728,4.3,-84.05,9.93644,610.97,4.74368,319.898,46.5698,5.78319,386.981,0.200745,0.00115919,27.5038,10.6663,4.11414,2.13326,1.29519,0.43808,0.228563,0.0571408,0.0380939,0,0.0190469,0.0190469,0.0380939,0,0.0190469
47738,47760,47749,4.4,-84.0492,9.93643,603.312,4.21273,320.439,35.6507,4.81311,299.78,0.186852,0.00121269,21.1434,7.67354,2.88169,1.56435,1.36675,0.444604,0.230535,0.131735,0.0494004,0.0658673,0.0164668,0.0494004,0.0329336,0,0
47761,47781,47771,4.5,-84.0481,9.93625,595.695,3.58857,320.88,27.8214,3.58428,228.438,0.1912,0.000825738,16.3656,6.15,2.42899,1.3437,0.878572,0.27563,0.206723,0.0689076,0.0344538,0.0172269,0.0172269,0,0.0172269,0.0172269,0
47782,47803,47792,4.6,-84.0472,9.93623,588.286,2.85864,321.18,24.6678,2.92588,141.01,0.144582,0.000540056,15.1674,4.73356,2.30011,1.13339,0.833373,0.233345,0.20001,0.0166675,0,0.0166675,0.0166675,0.0166675,0,0,0
47804,47822,47813,4.7,-84.0464,9.93604,581.389,2.32,321.635,15.6479,2.45587,244.734,0.298958,0.000803351,9.46154,3.06447,1.28325,0.632046,0.670352,0.229835,0.0957646,0.0766117,0.0383058,0.0383058,0.0383058,0,0,0,0.0191529
47823,47843,47833,4.8,-84.0457,9.93621,574.339,2.08474,322.482,11.4664,1.93145,166.569,0.258721,0.000663909,6.18455,2.32401,1.21002,0.672234,0.441754,0.268894,0.211274,0.0576201,0.0384134,0.0192067,0,0.0192067,0,0.0192067,0
47844,47867,47856,4.9,-84.0447,9.93657,567.015,1.65,323.155,11.1825,1.58726,107.341,0.202879,0.000442044,6.82268,2.21321,0.96516,0.316173,0.48258,0.133125,0.116485,0.0665627,0,0.0166407,0.0499221,0,0,0,0
47868,47888,47878,5,-84.0436,9.93699,560.255,1.328,323.893,8.86428,1.35319,98.3318,0.217999,0.000434711,5.47607,1.64832,0.567753,0.439551,0.384607,0.109888,0.0915731,0.0549439,0.0183146,0.0366292,0,0.0366292,0,0,0
47889,47909,47899,5.1,-84.0427,9.9376,553.159,0.5785,324.19,8.39144,1.21917,64.6334,0.159043,0.000385786,4.59399,1.77832,0.796538,0.426055,0.370483,0.185241,0.111145,0.0370483,0.0926207,0,0,0,0,0,0
47910,47933,47922,5.2,-84.0419,9.93818,546.053,0.0582609,324.771,8.45789,1.40698,105.171,0.224249,0.000513092,4.97143,1.48497,0.871615,0.258256,0.403526,0.129128,0.177551,0.0484231,0.0484231,0.032282,0.016141,0,0.016141,0,0
47934,47954,47944,5.3,-84.0414,9.93875,539.489,-0.6405,325.061,9.65921,1.38629,79.4676,0.171972,0.000391984,5.7398,1.69036,0.873044,0.427234,0.482961,0.130028,0.185754,0.111452,0,0,0,0.0185754,0,0,0
47955,47974,47964,5.4,-84.041,9.9392,532.882,-1.427,325.266,9.12829,1.54097,109.684,0.213537,0.000517983,4.71318,1.99332,0.931458,0.484358,0.4471,0.242179,0.130404,0.0931458,0.0558875,0,0.0186292,0,0.0186292,0,0
47975,47994,47984,5.5,-84.0404,9.93947,526.319,-2.33947,325.323,8.41443,1.18242,65.2075,0.165442,0.000372273,4.97395,1.55313,0.806055,0.471837,0.216259,0.117959,0.176939,0.0393198,0.0196599,0.0393198,0,0,0,0,0
47995,48015,48005,5.6,-84.0397,9.93997,519.571,-3.336,325.324,8.5175,1.42518,100.066,0.210638,0.000555794,4.74653,1.76353,0.637874,0.544069,0.37522,0.075044,0.18761,0.056283,0.056283,0.056283,0.018761,0,0,0,0
48016,48034,48025,5.7,-84.039,9.94044,513.251,-4.238,325.372,8.30103,1.2259,76.9842,0.188394,0.000297933,4.58939,1.68027,0.677123,0.401258,0.601887,0.200629,0.125393,0,0,0,0,0,0.0250786,0,0
48036,48056,48046,5.8,-84.0383,9.94081,506.525,-5.12611,325.521,8.32738,1.02531,44.5092,0.130231,0.000227281,4.98808,1.75313,0.626119,0.354801,0.292189,0.125224,0.146094,0.0417413,0,0,0,0,0,0,0
48057,48078,48068,5.9,-84.0374,9.94127,500.202,-5.81353,325.854,8.41667,1.14974,55.6916,0.145315,0.000326595,5.10774,1.53232,0.64402,0.310906,0.355321,0.155453,0.222076,0.0888303,0,0,0,0,0,0,0
48079,48099,48089,6,-84.0364,9.94164,493.673,-6.58667,326.133,8.22331,1.29777,87.0836,0.201307,0.000436231,4.50274,1.75459,0.845584,0.380513,0.295955,0.105698,0.232536,0.0422792,0,0.0422792,0,0.0211396,0,0,0
48100,48120,48110,6.1,-84.0353,9.94201,487.726,-7.25571,326.442,8.08958,1.02473,47.3541,0.138634,0.000258047,4.97681,1.66497,0.542925,0.235267,0.307657,0.180975,0.108585,0.0542925,0.0180975,0,0,0,0,0,0
48121,48142,48132,6.2,-84.0341,9.94196,481.513,-7.97591,326.753,11.1006,1.7116,117.148,0.205332,0.000514384,6.32595,2.18909,1.10316,0.499871,0.413686,0.172369,0.275791,0.0517108,0.0172369,0,0.0344738,0.0172369,0,0,0
48143,48163,48153,6.3,-84.0328,9.94222,474.979,-8.3915,327.517,8.15556,1.11249,56.0517,0.151152,0.000309027,4.7066,1.44818,1.00992,0.323936,0.285826,0.15244,0.171495,0.019055,0.019055,0.019055,0,0,0,0,0
48164,48185,48174,6.4,-84.0316,9.9427,468.939,-8.9,328.085,10.3786,1.32991,59.9414,0.135215,0.0003073,5.81204,2.22013,0.97469,0.595644,0.451245,0.126349,0.126349,0.0360996,0.0360996,0,0,0,0,0,0
48186,48206,48196,6.5,-84.0304,9.94345,463.056,-9.8055,328.142,8.6931,1.52622,133.166,0.261757,0.000560216,4.66318,1.61197,0.863553,0.556512,0.460561,0.211091,0.15352,0.11514,0.0383801,0,0,0,0,0.0191901,0
48207,48229,48218,6.6,-84.0295,9.94418,457.197,-10.6178,328.322,7.98467,1.30022,91.9851,0.212238,0.000452278,4.5841,1.5836,0.600101,0.466745,0.266711,0.166695,0.183364,0.0500084,0.0333389,0.0166695,0.0333389,0,0,0,0
48230,48250,48240,6.7,-84.0284,9.94496,451.494,-11.325,328.613,7.76425,1.25075,87.1276,0.208981,0.000427003,4.14093,1.7829,0.728497,0.345078,0.402591,0.038342,0.19171,0.0766839,0,0.038342,0,0,0.019171,0,0
48251,48272,48262,6.8,-84.0272,9.94549,445.489,-11.6606,329.45,8.06529,1.16719,63.3787,0.162901,0.000345988,4.428,1.87512,0.542204,0.293694,0.474429,0.316286,0.0677755,0.0225918,0,0.0451837,0,0,0,0,0
48274,48296,48285,6.9,-84.0257,9.94595,439.589,-11.3106,331.15,18.2767,2.81087,140.935,0.150418,0.000804781,8.56456,3.84662,2.46523,1.33888,0.892585,0.510048,0.5313,0.10626,0,0.021252,0,0,0,0,0
48297,48320,48308,7,-84.0243,9.94643,433.744,-11.8223,331.768,18.2319,2.7673,159.086,0.172464,0.000746425,8.84396,4.05348,2.52684,0.842281,1.0353,0.421141,0.350951,0.105285,0.0175475,0,0,0.0175475,0.0175475,0,0
48322,48342,48332,7.1,-84.0228,9.9469,427.914,-12.9158,331.66,12.6011,1.91411,116.673,0.182861,0.000526091,6.60643,2.56917,1.52927,0.530145,0.713657,0.387414,0.142731,0.0611706,0.0203902,0,0.0407804,0,0,0,0
48343,48365,48354,7.2,-84.0215,9.94724,422.805,-13.8048,331.662,7.5399,1.24911,69.0336,0.165798,0.000420657,3.56667,1.53385,0.905527,0.591365,0.388083,0.203282,0.258722,0.0554404,0.0184801,0.0184801,0,0,0,0,0
48366,48388,48377,7.3,-84.0201,9.94789,417.163,-14.629,331.88,7.61329,1.44469,90.4791,0.187887,0.00058149,3.10102,1.91261,0.909881,0.427087,0.55707,0.297104,0.259966,0.037138,0.074276,0.037138,0,0,0,0,0
48389,48410,48400,7.4,-84.0183,9.9486,411.294,-15.3637,332.278,5.9833,1.23721,95.6746,0.231994,0.00051249,2.56427,1.41645,0.537276,0.488432,0.537276,0.0732648,0.219795,0.0488432,0.0244216,0.0488432,0,0.0244216,0,0,0
48411,48433,48422,7.5,-84.0165,9.94903,406.493,-15.4871,333.236,11.9028,1.9704,106.357,0.161932,0.000640814,5.31276,2.70266,1.55496,0.684921,0.703432,0.499807,0.296182,0.0925569,0.0370227,0.0185114,0,0,0,0,0
48435,48455,48445,7.6,-84.0144,9.94916,401.187,-15.0176,335.098,26.1127,4.23736,222.395,0.157453,0.00129688,11.2369,6.38514,3.13535,1.83086,1.71644,0.915432,0.640802,0.160201,0.0457716,0.0457716,0,0,0,0,0
48457,48477,48467,7.7,-84.0126,9.94929,395.628,-15.4768,335.838,20.6547,3.31258,198.062,0.179373,0.000999098,10.0288,4.40689,2.3476,1.50329,1.1738,0.55601,0.411859,0.123558,0.0205929,0.0411859,0.0205929,0.0205929,0,0,0
48478,48498,48488,7.8,-84.011,9.94979,390.747,-16.1106,336.202,15.6578,2.55764,133.494,0.156582,0.000814196,7.38988,3.19496,1.92673,0.878005,1.07312,0.585337,0.365835,0.219501,0.024389,0,0,0,0,0,0
48500,48519,48510,7.9,-84.0094,9.95059,385.106,-17.0456,336.373,22.2425,4.07191,283.223,0.208666,0.00138757,9.06716,4.78882,3.23306,1.6773,1.79885,0.753571,0.680645,0.145852,0.0486175,0.0243087,0,0,0,0.0243087,0
48521,48539,48530,8,-84.0081,9.95126,380.247,-17.7293,336.694,19.9935,3.34312,170.689,0.15317,0.00101709,8.39613,4.24018,2.92039,1.4602,1.43212,0.702017,0.702017,0.112323,0.0280807,0,0,0,0,0,0
48540,48559,48550,8.1,-84.0067,9.95215,375.295,-17.9827,337.622,21.3965,3.53944,175.382,0.148652,0.00100592,8.72237,4.5926,3.06173,1.63767,1.92248,0.783233,0.498421,0.178008,0,0,0,0,0,0,0
48560,48579,48570,8.2,-84.0056,9.95246,370.751,-18.5719,338.016,22.8223,4.38526,264.644,0.181046,0.00156537,8.45361,5.10174,3.37651,1.8731,1.84846,0.887259,1.01049,0.147877,0.0492922,0.0492922,0,0.0246461,0,0,0
48581,48602,48592,8.3,-84.0041,9.95269,364.805,-19.6793,338.104,18.4405,3.33804,202.321,0.181832,0.00113899,7.46068,4.13857,2.64643,1.37952,1.40768,0.47861,0.703838,0.112614,0.056307,0.0281535,0,0.0281535,0,0,0
48603,48622,48612,8.4,-84.003,9.95269,360.591,-20.485,338.15,15.4559,2.97813,196.713,0.198158,0.00109004,6.23798,3.57591,2.18528,0.913844,0.993309,0.715182,0.556253,0.198662,0,0.0397324,0,0.0397324,0,0,0
48625,48641,48633,8.5,-84.0014,9.9527,355.298,-21.4311,338.309,12.3843,2.27158,126.338,0.166851,0.000761431,4.77681,2.52109,1.81342,0.840364,1.59227,0.221148,0.530756,0.0442297,0,0.0442297,0,0,0,0,0
