api/src/app/data/B2SAP/Locations/Costa Rica/NOAA-POPS-B2SAP_GMLBalloon_20230418_R0.ict
61,1001
Thornberry, T. D.
NOAA Chemical Sciences Laboratory
Portable Optical Particle Spectrometer (POPS)
Balloon Baseline Stratospheric Aerosol Profiles (B2SAP)
1,1
2023,04,18,2024,05,28
0
TIME_START,s,Seconds since midnight UTC on flight start day,Start time of 100 m altitude bin in UTC_seconds_since_midnight
28
1.0,1.0,1.0,1.0,1.0,1.0,1.0,1.0,1.0,1.0,1.0,1.0,1.0,1.0,1.0,1.0,1.0,1.0,1.0,1.0,1.0,1.0,1.0,1.0,1.0,1.0,1.0,1.0
99999,99999,99999,99999,99999,99999,99999,99999,99999,99999,99999,99999,99999,99999,99999,99999,99999,99999,99999,99999,99999,99999,99999,99999,99999,99999,99999,99999
TIME_STOP,s,End time of 100 m altitude bin in UTC seconds since midnight,
TIME_MID,s,Mid time of 100 m altitude in UTC seconds since midnight,
GPSAlt,m,GPS reported altitude above sea level (m),
GPS_Lon,deg,GPS reported longitude,
GPS_Lat,deg,GPS reported latitude,
iMet_Pressure,mb,Pressure reported (mB),
iMet_Temperature,degrees C,Ambient temperature (oC),
THETA,K,Potential temperature from iMet,
Aerosol_concentration,cm^-3,Aerosol concentration,
Surface_Area_Conc,um^2 cm^-3,Surface area concentration,
Volume_density,um^3 cm^-3,Volume density,
Effective_radius,um,Effective radius,
Extinction,km^-1,Extinction,
Bin01,cm^-3,particle concentration in size range [140 - 170 nm],
Bin02,cm^-3,particle concentration in size range [170 - 205 nm],
Bin03,cm^-3,particle concentration in size range [205 - 249 nm],
Bin04,cm^-3,particle concentration in size range [249 - 302 nm],
Bin05,cm^-3,particle concentration in size range [302 - 366 nm],
Bin06,cm^-3,particle concentration in size range [366 - 443 nm],
Bin07,cm^-3,particle concentration in size range [443 - 537 nm],
Bin08,cm^-3,particle concentration in size range [537 - 651 nm],
Bin09,cm^-3,particle concentration in size range [651 - 789 nm],
Bin10,cm^-3,particle concentration in size range [789 - 956 nm],
Bin11,cm^-3,particle concentration in size range [956 - 1159 nm],
Bin12,cm^-3,particle concentration in size range [1159 - 1404 nm],
Bin13,cm^-3,particle concentration in size range [1404 - 1702 nm],
Bin14,cm^-3,particle concentration in size range [1702 - 2062 nm],
Bin15,cm^-3,particle concentration in size range [2062 - 2500 nm],
0
19
PI_CONTACT_INFO: 325 Broadway R/CSL6, Boulder, CO 80305; troy.thornberry@noaa.gov; 303-497-3373 
PLATFORM: GML ECC/FPH balloon
LOCATION: San Jose, CR
ASSOCIATED_DATA: N/A
INSTRUMENT_INFO: Printed Optical Particle Spectrometer counts particles from 140 - 2500 nm in diameter 
DATA_INFO: Particle concentrations reported in number per cubic centimeter, binned to 100 m altitude
UNCERTAINTY: Counting uncertainty dominated by air flow, less than 5 percent
ULOD_FLAG: -77777
ULOD_VALUE: 3000 ~3000 per cm3 (varies depending on flow rate- manufacturer quotes 1250  per cm3 at 1.667 cc/s)
LLOD_FLAG: -88888
LLOD_VALUE: 0 0 (varies depending on data field and measurement precision)
DM_CONTACT_INFO: Troy Thornberry, 325 Broadway R/CSL6, Boulder, CO 80305; troy.thornberry@noaa.gov; 303-497-3373
PROJECT_INFO: B2SAP San Jose, CR
STIPULATIONS_ON_USE: Please contact the PIs for questions regarding applications and uncertainties
OTHER_COMMENTS: POPS bin Edges (nm):  140, 170, 205, 249, 302, 366, 443, 537, 651, 789, 956, 1159, 1404, 1702, 2062, 2500
Calculations assume sulfate refractive index of 1.45+0.00j and extinction wavelength = 532 nm
REVISION: R0
R0: QA/QC data
TIME_START,TIME_STOP,TIME_MID,GPSAlt,GPS_Lon,GPS_Lat,iMet_Pressure,iMet_Temperature,THETA,Aerosol_concentration,Surface_Area_Conc,Volume_density,Effective_radius,Extinction,Bin01,Bin02,Bin03,Bin04,Bin05,Bin06,Bin07,Bin08,Bin09,Bin10,Bin11,Bin12,Bin13,Bin14,Bin15
[from data line 152]
50172,50192,50182,16.4,-83.8807,10.069,104.197,-80.4367,367.736,11.6534,1.35554,62.3008,0.137881,0.000318766,7.48761,2.54974,0.754148,0.215471,0.30525,0.125691,0.107735,0.0718236,0.0179559,0.0179559,0,0,0,0,0
50193,50212,50202,16.5,-83.8806,10.0707,102.362,-81.014,368.501,12.5448,1.46919,75.5081,0.154184,0.00033506,8.45124,2.41464,0.773439,0.30183,0.226372,0.169779,0.0754575,0.0943218,0.0188644,0,0.0188644,0,0,0,0
50213,50230,50222,16.6,-83.8803,10.072,100.631,-81.5917,369.187,11.8145,1.49937,80.8224,0.161713,0.000372876,7.34188,2.55278,0.822797,0.40085,0.189876,0.232071,0.189876,0.0421947,0.0210974,0,0.0210974,0,0,0,0
50231,50251,50241,16.7,-83.8799,10.0732,98.7535,-82.282,369.84,7.34222,0.970911,54.9223,0.169703,0.000318701,4.75085,1.44591,0.507008,0.169003,0.187781,0.0563342,0.0938903,0.0751123,0.0187781,0.0375561,0,0,0,0,0
50252,50272,50262,16.8,-83.8795,10.0742,97.0014,-83.251,369.849,4.85172,0.937463,118.276,0.378497,0.000381736,2.89801,1.1071,0.488428,0.0651237,0.0976856,0,0.0814047,0.0325619,0.0162809,0.0162809,0,0.0325619,0,0.0162809,0
50273,50291,50282,16.9,-83.8792,10.075,95.3595,-83.7579,370.665,5.39631,0.701311,43.0128,0.183996,0.000183807,3.46519,1.19116,0.288766,0.108287,0.144383,0.0541436,0.0902393,0.0360957,0,0,0.0180479,0,0,0,0
50294,50316,50305,17,-83.879,10.0756,93.5974,-84.3879,371.407,5.54183,0.855058,67.8912,0.238199,0.000270943,3.31792,1.11195,0.609781,0.161412,0.143478,0.0179347,0.0896736,0.0358694,0,0.0179347,0.0179347,0.0179347,0,0,0
50317,50338,50328,17.1,-83.8787,10.0762,91.7884,-84.8889,372.491,4.85347,0.648035,33.7011,0.156015,0.000186807,3.04247,0.887388,0.307869,0.19921,0.217319,0.0724398,0.0724398,0.0362199,0,0.01811,0,0,0,0,0
50339,50362,50350,17.2,-83.8782,10.077,90.0724,-85.1252,374.036,4.61245,0.596877,32.5852,0.163779,0.00018472,2.96515,0.971909,0.247096,0.0988382,0.16473,0.0658921,0.0329461,0.016473,0.0329461,0.016473,0,0,0,0,0
50363,50386,50374,17.3,-83.8783,10.0774,88.4933,-84.1683,377.844,5.81689,0.712106,33.6654,0.141827,0.000187938,3.712,1.18044,0.455111,0.0995555,0.142222,0.0711111,0.0995555,0.0284444,0.0284444,0,0,0,0,0,0
50387,50411,50399,17.4,-83.8796,10.0781,86.9606,-80.73,386.645,7.12896,0.791013,34.2025,0.129717,0.000148731,4.36278,1.72655,0.538385,0.18565,0.18565,0.07426,0.018565,0.018565,0,0.018565,0,0,0,0,0
50412,50436,50424,17.5,-83.8819,10.0794,85.4367,-79.7057,390.668,5.96414,0.708421,40.1027,0.169826,0.000146423,3.69968,1.51496,0.366779,0.143522,0.0956814,0.0478407,0.0478407,0.0318938,0,0,0,0.0159469,0,0,0
50437,50458,50448,17.6,-83.8841,10.0808,83.9417,-79.8978,392.253,6.52383,0.789167,44.0681,0.167524,0.000164414,4.04736,1.49697,0.480509,0.203292,0.110887,0.0924055,0.0554433,0.0184811,0,0,0.0184811,0,0,0,0
50459,50481,50470,17.7,-83.886,10.0821,82.4356,-79.8261,394.434,6.10511,0.630076,27.0396,0.128745,0.00011344,4.20657,1.28431,0.260584,0.167518,0.111679,0.0372263,0,0.0186131,0,0.0186131,0,0,0,0,0
50483,50505,50494,17.8,-83.8878,10.0837,80.9933,-78.9567,398.213,5.80764,1.11363,103.393,0.27853,0.000453796,3.42927,1.29059,0.294991,0.202806,0.184369,0.110622,0.0921847,0.0921847,0.0553108,0,0.0368739,0,0.0184369,0,0
50506,50526,50516,17.9,-83.8888,10.0853,79.5729,-76.06,406.199,4.31567,0.730768,56.8355,0.233325,0.00029673,2.49651,0.967639,0.387056,0.13547,0.0774111,0.0387056,0.0774111,0.0387056,0.0774111,0,0,0.0193528,0,0,0
50529,50542,50536,18,-83.8892,10.0862,78.2323,-75.6123,409.101,4.19275,0.739073,55.1336,0.223795,0.000268075,2.18424,1.05446,0.326381,0.100425,0.225956,0.0502125,0.175744,0.0502125,0,0,0.0251063,0,0,0,0
50543,50557,50550,18.1,-83.8894,10.0863,76.9713,-74.5747,413.164,3.93791,0.916691,90.2014,0.295197,0.000434089,2.06579,0.817708,0.365817,0.193668,0.0860745,0.107593,0.129112,0.0860745,0,0.0430373,0.0215186,0.0215186,0,0,0
50558,50573,50566,18.2,-83.889,10.086,75.5175,-74.7837,414.984,3.7861,0.914175,95.6445,0.313871,0.000383919,1.83198,0.732793,0.488529,0.223909,0.162843,0.122132,0.0814214,0.0610661,0,0.0203554,0.0203554,0.0407107,0,0,0
50574,50584,50579,18.3,-83.8885,10.0854,74.38,-75.551,415.173,4.10545,0.912559,82.8756,0.27245,0.000415366,2.05272,0.749407,0.488744,0.293246,0.162915,0.0651658,0.130332,0.0651658,0.0325829,0.0325829,0,0.0325829,0,0,0
50585,50606,50596,18.4,-83.8887,10.0842,72.9341,-76.1886,416.162,4.05424,0.905498,81.2164,0.269078,0.000411493,1.88281,0.907049,0.481011,0.206148,0.178661,0.109945,0.137432,0.0549727,0.0412295,0.0274863,0,0.0137432,0.0137432,0,0
50607,50628,50618,18.5,-83.8886,10.0829,71.6423,-76.9882,416.594,3.73349,0.978229,92.0443,0.282278,0.000521698,1.71902,0.792359,0.322316,0.241737,0.174588,0.120868,0.134298,0.107439,0.0402895,0.0537193,0,0.0268596,0,0,0
50629,50650,50640,18.6,-83.8886,10.0818,70.3709,-77.695,417.221,3.64238,0.86095,76.6473,0.267079,0.000395951,1.61132,0.853049,0.379133,0.148945,0.189567,0.148945,0.176026,0.0812428,0,0.0270809,0.0135405,0,0.0135405,0,0
50651,50673,50662,18.7,-83.8888,10.0811,69.06,-77.8452,419.146,4.13072,0.864747,68.4329,0.237409,0.000399207,1.94919,0.86487,0.425981,0.25817,0.309804,0.051634,0.116177,0.0774511,0.0129085,0.051634,0.0129085,0,0,0,0
50674,50695,50684,18.8,-83.8893,10.0807,67.8668,-77.7018,421.548,3.87834,1.14639,118.827,0.310957,0.000589301,1.54864,0.754123,0.552125,0.188531,0.296262,0.188531,0.134665,0.0807988,0.0134665,0.0673324,0.0269329,0.0269329,0,0,0
50696,50717,50706,18.9,-83.8894,10.0809,66.6677,-76.9786,425.268,3.80389,0.97277,79.2064,0.244271,0.0004957,1.45166,0.793038,0.349474,0.389798,0.336033,0.147855,0.120972,0.0940892,0.0806479,0.0268826,0,0.0134413,0,0,0
50718,50738,50728,19,-83.889,10.0809,65.525,-76.33,428.786,3.48494,1.09662,112.408,0.307512,0.000610009,1.2404,0.841701,0.443,0.1772,0.206734,0.1772,0.147667,0.103367,0.0443,0.0590667,0.0295334,0.0147667,0,0,0
50739,50759,50749,19.1,-83.8884,10.0813,64.4229,-75.2686,433.193,3.32081,0.945106,94.9612,0.30143,0.000529478,1.42321,0.69765,0.390684,0.181389,0.223248,0.055812,0.125577,0.069765,0.069765,0.055812,0.013953,0,0.013953,0,0
50760,50780,50770,19.2,-83.8877,10.0818,63.329,-74.96,435.996,3.46833,0.902225,79.2813,0.263619,0.000476993,1.37898,0.87753,0.320368,0.125361,0.29251,0.153219,0.153219,0.0696452,0.013929,0.0696452,0,0.013929,0,0,0
50781,50802,50792,19.3,-83.8869,10.0822,62.2164,-75.1209,437.853,3.11579,0.923739,103.916,0.337484,0.000463561,1.34485,0.652451,0.412775,0.133153,0.226361,0.0665766,0.0932073,0.0665766,0.0266307,0.0266307,0.0665766,0,0,0,0
50803,50822,50812,19.4,-83.8859,10.0826,61.1635,-74.546,441.271,3.3073,0.991753,108.531,0.328299,0.00050928,1.30243,0.848777,0.32195,0.234145,0.175609,0.102439,0.102439,0.102439,0.0146341,0.0439022,0.0292682,0.0292682,0,0,0
50823,50843,50833,19.5,-83.8852,10.0828,60.1276,-73.1514,446.544,3.3791,1.03381,117.998,0.342416,0.000517111,1.39302,0.689612,0.510313,0.206884,0.165507,0.0827534,0.137922,0.0551689,0.0275845,0.0413767,0.0137922,0.0551689,0,0,0
50844,50864,50854,19.6,-83.8847,10.0831,59.03,-71.6648,452.238,3.69285,0.948477,90.8817,0.287456,0.000448103,1.44979,0.957405,0.396639,0.205158,0.24619,0.177804,0.0820633,0.0683861,0.0410317,0.0273544,0.0136772,0.0273544,0,0,0
50865,50885,50875,19.7,-83.8846,10.0831,58.1043,-69.3495,459.503,3.58005,1.11076,110.543,0.29856,0.000614329,1.451,0.759404,0.311898,0.189851,0.271216,0.0813647,0.284776,0.0949255,0.0542431,0.0406823,0,0.0406823,0,0,0
50886,50906,50896,19.8,-83.8846,10.0831,57.1045,-69.3425,461.802,3.65066,1.22684,140.128,0.342656,0.000671157,1.5116,0.6845,0.385031,0.256687,0.285208,0.156864,0.128344,0.0570416,0.0285208,0.0855624,0.0427812,0.0285208,0,0,0
50907,50927,50917,19.9,-83.8846,10.0834,56.1281,-68.549,465.892,3.86327,1.11169,108.618,0.293114,0.000608748,1.41833,0.959064,0.472778,0.243143,0.256651,0.121571,0.148587,0.0540318,0.108064,0.0405238,0.0405238,0,0,0,0
50928,50948,50938,20,-83.8846,10.0844,55.1719,-67.7643,469.979,3.3044,1.06554,107.424,0.302449,0.000637508,1.16863,0.752221,0.389543,0.32238,0.147758,0.0537301,0.174623,0.134325,0.0671626,0.0671626,0.0134325,0,0.0134325,0,0
50949,50968,50958,20.1,-83.884,10.086,54.279,-66.8465,474.284,3.95469,2.11602,286.875,0.406719,0.00128127,1.18218,0.844417,0.394061,0.309619,0.281472,0.15481,0.281472,0.112589,0.0985153,0.112589,0.0844417,0.0985153,0,0,0
50969,50988,50978,20.2,-83.8827,10.0876,53.3905,-67.2405,475.615,3.64467,1.84288,238.752,0.388662,0.00107864,0.985046,0.703604,0.450307,0.295514,0.295514,0.239225,0.239225,0.168865,0.0281442,0.0844325,0.112577,0.0422163,0,0,0
50989,51013,51001,20.3,-83.8806,10.0892,52.4368,-67.6388,477.146,4.30789,2.15139,270.996,0.377889,0.0013239,1.139,0.868344,0.56386,0.28193,0.372147,0.28193,0.236821,0.191712,0.101495,0.124049,0.0902175,0.0451088,0.0112772,0,0
51014,51038,51026,20.4,-83.8783,10.0903,51.5476,-66.5488,482.027,3.96146,2.1611,285.094,0.395762,0.00134006,1.03245,0.729447,0.549891,0.258112,0.392779,0.213223,0.258112,0.112223,0.112223,0.134667,0.101,0.0673336,0,0,0
51039,51061,51050,20.5,-83.8764,10.0911,50.7,-65.1274,487.647,3.96728,2.01368,250.982,0.373915,0.00125332,0.973566,0.888379,0.523291,0.158204,0.365087,0.267731,0.267731,0.146035,0.146035,0.0973566,0.0608478,0.0730174,0,0,0
51062,51083,51072,20.6,-83.8746,10.0918,49.8618,-64.0586,492.491,3.59006,1.87406,232.782,0.372637,0.00117902,1.0656,0.570858,0.317144,0.304458,0.317144,0.190286,0.355201,0.164915,0.0761144,0.101486,0.101486,0.0253715,0,0,0
51084,51103,51094,20.7,-83.8728,10.0922,49.0665,-63.166,496.871,3.53816,1.92412,232.537,0.362562,0.0012802,0.860259,0.51338,0.444004,0.319128,0.374629,0.166502,0.319128,0.208127,0.0693757,0.166502,0.0693757,0.0277503,0,0,0
51104,51123,51114,20.8,-83.8708,10.0926,48.3121,-63.2858,498.789,3.64888,2.12804,269.424,0.37982,0.00144766,0.882794,0.691522,0.411971,0.176559,0.353118,0.220699,0.353118,0.147132,0.0735662,0.220699,0.0882794,0.0294265,0,0,0
51124,51142,51133,20.9,-83.8684,10.093,47.5321,-63.6074,500.348,4.19142,3.04334,427.222,0.421138,0.00195777,0.73127,0.713434,0.481568,0.374553,0.463732,0.267538,0.321045,0.231866,0.160523,0.178358,0.124851,0.142687,0,0,0
51143,51162,51152,21,-83.8661,10.0935,46.7074,-63.3642,503.439,4.07913,2.94212,393.56,0.401303,0.00211034,0.902463,0.595626,0.469281,0.25269,0.451232,0.144394,0.306838,0.216591,0.306838,0.25269,0.0902463,0.0902463,0,0,0
51163,51180,51172,21.1,-83.8638,10.0941,45.9617,-63.6328,505.11,4.24937,2.92663,403.797,0.41392,0.00200399,1.06758,0.669852,0.58612,0.29306,0.251194,0.209329,0.251194,0.230262,0.272127,0.188396,0.167463,0.0627986,0,0,0
51181,51199,51190,21.2,-83.862,10.095,45.1805,-64.1758,506.275,3.41632,2.1088,284.168,0.40426,0.00128299,0.658568,0.617407,0.473346,0.267543,0.308704,0.329284,0.226383,0.164642,0.102901,0.082321,0.102901,0.082321,0,0,0
51200,51219,51210,21.3,-83.8602,10.096,44.461,-64.0815,508.833,4.45908,2.66629,359.874,0.404915,0.00169634,1.04238,0.926562,0.424674,0.482584,0.289551,0.250944,0.347461,0.23164,0.0579101,0.193034,0.17373,0.0193034,0.0193034,0,0
51220,51239,51230,21.4,-83.8576,10.0968,43.7205,-63.2945,513.203,3.52964,2.33936,304.148,0.390039,0.00160269,0.604524,0.643526,0.546022,0.195008,0.292512,0.234009,0.273011,0.234009,0.214509,0.136505,0.117005,0.0390015,0,0,0
51240,51259,51250,21.5,-83.855,10.0971,43.0389,-62.7667,516.81,3.66755,2.49372,338.62,0.407368,0.00172622,0.973486,0.520702,0.407506,0.249031,0.362227,0.181114,0.158474,0.226392,0.226392,0.181114,0.135835,0.0452784,0,0,0
51260,51280,51270,21.6,-83.8525,10.0968,42.2848,-61.1119,523.513,3.78405,2.57436,303.33,0.353482,0.00189386,0.66662,0.411736,0.431342,0.313703,0.235278,0.294097,0.548981,0.392129,0.196065,0.196065,0.0980323,0,0,0,0
51281,51300,51290,21.7,-83.8504,10.0959,41.5855,-59.4675,530.091,3.62658,2.19151,243.337,0.333109,0.00162016,0.750327,0.354321,0.416849,0.229267,0.396006,0.375164,0.375164,0.291794,0.166739,0.229267,0.0208424,0.0208424,0,0,0
51301,51320,51310,21.8,-83.8487,10.0948,40.9247,-59.2663,533.022,3.83269,2.73353,357.506,0.392356,0.00191724,0.753246,0.598166,0.376623,0.221543,0.332314,0.288006,0.46524,0.243697,0.15508,0.221543,0.177234,0,0,0,0
51321,51339,51330,21.9,-83.8475,10.0937,40.2983,-59.8956,533.8,4.19096,3.12571,393.549,0.377721,0.00226644,0.421437,0.538503,0.374611,0.398024,0.819462,0.210719,0.51509,0.257545,0.140479,0.374611,0.117066,0.0234132,0,0,0
51340,51359,51350,22,-83.8467,10.0927,39.6342,-60.1847,535.639,3.81107,2.3918,288.552,0.361926,0.00162593,0.766725,0.60887,0.293159,0.270609,0.293159,0.383362,0.451015,0.31571,0.202957,0.0902029,0.112754,0.0225507,0,0,0
51361,51381,51371,22.1,-83.8458,10.0919,38.9685,-59.8785,539.011,3.59126,2.7994,376.079,0.403028,0.00195494,0.569346,0.481755,0.416061,0.284673,0.350367,0.197081,0.372265,0.394163,0.10949,0.218979,0.153286,0.0437959,0,0,0
51382,51402,51392,22.2,-83.8445,10.0912,38.3205,-59.7824,541.842,3.53498,2.51033,289.851,0.34639,0.0019801,0.508022,0.444519,0.317514,0.296346,0.338681,0.359849,0.359849,0.275178,0.296346,0.296346,0.0423351,0,0,0,0
51403,51422,51412,22.3,-83.8426,10.0906,37.7275,-59.957,543.817,3.78577,2.70383,313.433,0.347766,0.00209507,0.563358,0.540824,0.247878,0.315481,0.315481,0.292946,0.540824,0.338015,0.315481,0.247878,0.067603,0,0,0,0
51423,51442,51432,22.4,-83.8404,10.0902,37.1035,-59.898,546.567,3.29791,2.27083,261.021,0.344835,0.00176444,0.29981,0.576559,0.345935,0.322873,0.368997,0.207561,0.345935,0.253686,0.29981,0.230623,0.0461247,0,0,0,0
51443,51461,51452,22.5,-83.8385,10.0899,36.4826,-59.8389,549.358,3.64952,2.03685,225.177,0.331654,0.00139659,0.629227,0.478212,0.503381,0.27686,0.478212,0.226522,0.402705,0.302029,0.176184,0.100676,0.0755072,0,0,0,0
51462,51482,51472,22.6,-83.8369,10.0897,35.8855,-59.7425,552.205,2.80958,1.82579,187.245,0.307667,0.00134989,0.351197,0.22577,0.275941,0.125428,0.326112,0.301026,0.602052,0.351197,0.100342,0.125428,0.0250855,0,0,0,0
51483,51502,51492,22.7,-83.8358,10.0897,35.296,-58.823,557.214,3.31447,1.84046,183.682,0.299407,0.00133272,0.584907,0.487423,0.292454,0.21934,0.292454,0.316825,0.365567,0.487423,0.170598,0.0731134,0,0.0243711,0,0,0
51503,51522,51512,22.8,-83.8345,10.0896,34.7458,-57.9068,562.114,3.00435,2.06464,234.071,0.340114,0.00150126,0.302959,0.429192,0.252466,0.252466,0.252466,0.403946,0.429192,0.227219,0.302959,0.0757398,0.0757398,0,0,0,0
51523,51543,51533,22.9,-83.8329,10.0896,34.1789,-56.9142,567.367,2.78059,1.83428,212.953,0.348288,0.00130987,0.40445,0.353894,0.227503,0.252781,0.379172,0.176947,0.379172,0.252781,0.176947,0.101112,0.0758343,0,0,0,0
51544,51564,51554,23,-83.832,10.0895,33.631,-56.23,571.794,2.79789,1.83652,178.448,0.2915,0.00142395,0.341206,0.204724,0.113735,0.181977,0.500436,0.250218,0.454941,0.409447,0.250218,0.0909883,0,0,0,0,0
51565,51584,51574,23.1,-83.8311,10.0891,33.0515,-56.0585,575.094,3.1508,2.153,234.311,0.326489,0.00159857,0.214827,0.358045,0.262566,0.405785,0.358045,0.381915,0.358045,0.405785,0.214827,0.143218,0.0477394,0,0,0,0
51585,51603,51594,23.2,-83.8298,10.0887,32.5784,-55.9989,577.625,2.81774,1.95353,212.229,0.325916,0.00149901,0.258509,0.258509,0.31021,0.232658,0.336061,0.387763,0.31021,0.31021,0.206807,0.180956,0.0258509,0,0,0,0
51604,51623,51614,23.3,-83.8279,10.0883,32.0225,-55.5875,581.575,3.20322,2.01454,220.409,0.328228,0.00140896,0.350352,0.425427,0.375377,0.225226,0.325327,0.350352,0.500503,0.300302,0.225226,0.0500503,0.0750754,0,0,0,0
51624,51640,51632,23.4,-83.8262,10.0878,31.5359,-55.2812,584.944,2.81742,1.55679,155.529,0.299711,0.0010788,0.333244,0.333244,0.302949,0.363539,0.302949,0.272654,0.424128,0.242359,0.151474,0.0605898,0.0302949,0,0,0,0
51641,51658,51650,23.5,-83.825,10.0871,31.0322,-55.8239,586.177,2.42912,1.44209,140.445,0.29217,0.00109395,0.289181,0.202427,0.260263,0.231345,0.404853,0.14459,0.404853,0.173509,0.231345,0.0867543,0,0,0,0,0
51659,51676,51668,23.6,-83.8243,10.0863,30.4978,-56.3994,587.533,2.40946,1.42675,161.63,0.339855,0.000965682,0.32322,0.205686,0.440755,0.176302,0.381988,0.205686,0.235069,0.205686,0.088151,0.088151,0.0587673,0,0,0,0
