data/B2SAP/Locations/Boulder/NOAA-POPS-B2SAP_GMLBalloon_20220203_R0.ict
61,1001
Thornberry, T. D.
NOAA Chemical Sciences Laboratory
Portable Optical Particle Spectrometer (POPS)
Balloon Baseline Stratospheric Aerosol Profiles (B2SAP)
1,1
2022,02,03,2024,05,28
0
TIME_START,s,Seconds since midnight UTC on flight start day,Start time of 100 m altitude bin in UTC_seconds_since_midnight
28
1.0,1.0,1.0,1.0,1.0,1.0,1.0,1.0,1.0,1.0,1.0,1.0,1.0,1.0,1.0,1.0,1.0,1.0,1.0,1.0,1.0,1.0,1.0,1.0,1.0,1.0,1.0,1.0
99999,99999,99999,99999,99999,99999,99999,99999,99999,99999,99999,99999,99999,99999,99999,99999,99999,99999,99999,99999,99999,99999,99999,99999,99999,99999,99999,99999
TIME_STOP,s,End time of 100 m altitude bin in UTC seconds since midnight,
TIME_MID,s,Mid time of 100 m altitude in UTC seconds since midnight,
GPSAlt,m,GPS reported altitude above sea level (m),
GPS_Lon,deg,GPS reported longitude,
GPS_Lat,deg,GPS reported latitude,
iMet_Pressure,mb,Pressure reported (mB),
iMet_Temperature,degrees C,Ambient temperature (oC),
THETA,K,Potential temperature from iMet,
Aerosol_concentration,cm^-3,Aerosol concentration,
Surface_Area_Conc,um^2 cm^-3,Surface area concentration,
Volume_density,um^3 cm^-3,Volume density,
Effective_radius,um,Effective radius,
Extinction,km^-1,Extinction,
Bin01,cm^-3,particle concentration in size range [140 - 170 nm],
Bin02,cm^-3,particle concentration in size range [170 - 205 nm],
Bin03,cm^-3,particle concentration in size range [205 - 249 nm],
Bin04,cm^-3,particle concentration in size range [249 - 302 nm],
Bin05,cm^-3,particle concentration in size range [302 - 366 nm],
Bin06,cm^-3,particle concentration in size range [366 - 443 nm],
Bin07,cm^-3,particle concentration in size range [443 - 537 nm],
Bin08,cm^-3,particle concentration in size range [537 - 651 nm],
Bin09,cm^-3,particle concentration in size range [651 - 789 nm],
Bin10,cm^-3,particle concentration in size range [789 - 956 nm],
Bin11,cm^-3,particle concentration in size range [956 - 1159 nm],
Bin12,cm^-3,particle concentration in size range [1159 - 1404 nm],
Bin13,cm^-3,particle concentration in size range [1404 - 1702 nm],
Bin14,cm^-3,particle concentration in size range [1702 - 2062 nm],
Bin15,cm^-3,particle concentration in size range [2062 - 2500 nm],
0
19
PI_CONTACT_INFO: 325 Broadway R/CSL6, Boulder, CO 80305; troy.thornberry@noaa.gov; 303-497-3373 
PLATFORM: GML ECC/FPH balloon
LOCATION: Boulder, CO, USA
ASSOCIATED_DATA: N/A
INSTRUMENT_INFO: Printed Optical Particle Spectrometer counts particles from 140 - 2500 nm in diameter 
DATA_INFO: Particle concentrations reported in number per cubic centimeter, binned to 100 m altitude
UNCERTAINTY: Counting uncertainty dominated by air flow, less than 5 percent
ULOD_FLAG: -77777
ULOD_VALUE: 3000 ~3000 per cm3 (varies depending on flow rate- manufacturer quotes 1250  per cm3 at 1.667 cc/s)
LLOD_FLAG: -88888
LLOD_VALUE: 0 0 (varies depending on data field and measurement precision)
DM_CONTACT_INFO: Troy Thornberry, 325 Broadway R/CSL6, Boulder, CO 80305; troy.thornberry@noaa.gov; 303-497-3373
PROJECT_INFO: B2SAP Boulder, CO, USA
STIPULATIONS_ON_USE: Please contact the PIs for questions regarding applications and uncertainties
OTHER_COMMENTS: POPS bin Edges (nm):  140, 170, 205, 249, 302, 366, 443, 537, 651, 789, 956, 1159, 1404, 1702, 2062, 2500
Calculations assume sulfate refractive index of 1.45+0.00j and extinction wavelength = 532 nm
REVISION: R0
R0: QA/QC data
TIME_START,TIME_STOP,TIME_MID,GPSAlt,GPS_Lon,GPS_Lat,iMet_Pressure,iMet_Temperature,THETA,Aerosol_concentration,Surface_Area_Conc,Volume_density,Effective_radius,Extinction,Bin01,Bin02,Bin03,Bin04,Bin05,Bin06,Bin07,Bin08,Bin09,Bin10,Bin11,Bin12,Bin13,Bin14,Bin15
61513,61987,61750,1.7,-105.197,39.9491,824.692,-14.42,273.375,817.818,106.923,4900.3,0.13749,0.0228085,417.485,189.766,96.6164,54.3752,35.1249,10.7656,10.0357,2.37207,0.364934,0.638635,0.0912336,0.0912336,0.0912336,0,0
61989,62004,61996,1.8,-105.197,39.9492,821.403,-14.5206,273.588,728.925,98.1511,4977.49,0.152138,0.0221015,364.335,170.148,90.1111,47.4062,34.692,9.70356,9.03195,1.9685,0.717925,0.486336,0.0926354,0.0926354,0,0.0926354,0.0463177
62005,62024,62014,1.9,-105.197,39.9495,811.464,-12.4905,276.695,409.72,56.4136,2636.05,0.140182,0.0120488,180.871,105.122,59.9092,30.9226,20.1541,5.95588,4.83109,1.29075,0.368785,0.0553178,0.0921963,0.0921963,0.0553178,0,0
62025,62044,62034,2,-105.197,39.9499,800.61,-10.5195,279.857,377.263,53.8136,2855.89,0.15921,0.0121635,160.659,96.6649,58.1301,30.012,20.7243,4.80775,4.37068,1.03804,0.400646,0.200323,0.0910559,0.0546335,0.0364224,0.0182112,0.0546335
62045,62064,62054,2.1,-105.198,39.9506,790.065,-10.817,280.603,344.282,48.4791,2426.42,0.150152,0.0106362,146.814,89.6641,53.4928,25.6183,18.5405,4.73065,3.52979,1.16447,0.309312,0.145559,0.0909741,0.0727793,0.0909741,0,0.0181948
62066,62082,62074,2.2,-105.198,39.9515,779.901,-11.3339,281.091,290.04,40.1486,1848.57,0.138129,0.00843838,121.318,76.3992,46.1612,22.7039,15.516,3.62448,2.83035,0.977389,0.264709,0.122174,0.0610868,0.0203623,0.0407245,0,0
62083,62100,62092,2.3,-105.198,39.9521,769.787,-12.0633,281.352,251.408,34.8249,1623.76,0.139879,0.00752769,105.563,68.2079,38.6875,18.8995,12.8218,3.00858,2.948,0.78748,0.201918,0.181726,0.0403836,0.0201918,0.0403836,0,0
62101,62118,62110,2.4,-105.198,39.9526,759.673,-12.9011,281.508,215.338,29.7857,1396.52,0.140657,0.00621924,88.6515,58.8951,35.0899,16.3918,10.008,3.04772,2.28579,0.61778,0.0823707,0.123556,0.061778,0.0823707,0,0,0
62119,62137,62128,2.5,-105.198,39.9529,749.882,-13.4642,281.948,154.705,22.0483,1164.12,0.158396,0.00505768,63.6999,42.4731,24.8779,11.7107,7.20508,1.96149,1.82555,0.524359,0.213628,0.0776829,0.0971036,0.0194207,0,0,0.0194207
62138,62158,62148,2.6,-105.197,39.9532,739.797,-14.0367,282.416,134.839,18.5878,899.409,0.145161,0.00385804,56.6021,37.1132,21.7754,9.19915,6.29694,1.7941,1.40714,0.404552,0.105535,0,0.0527676,0.0527676,0.0351784,0,0
62159,62179,62169,2.7,-105.196,39.9535,730.389,-14.252,283.212,100.619,13.0433,573.306,0.131862,0.00253487,43.2725,28.9957,15.9163,6.46601,3.64749,1.03161,0.847397,0.294747,0,0.128952,0.0184217,0,0,0,0
62180,62200,62190,2.8,-105.195,39.9539,720.497,-15.1314,283.352,90.2677,12.2028,572.464,0.140737,0.00241887,37.849,25.3861,14.4634,6.08984,4.21332,0.973666,0.93826,0.212436,0.0531091,0,0.0531091,0.035406,0,0,0
62201,62219,62210,2.9,-105.194,39.954,710.952,-15.8474,283.649,76.6443,10.1312,446.582,0.132239,0.00199309,32.5954,22.0833,11.3358,5.47179,3.09872,1.03944,0.72565,0.176509,0.0588365,0.0392243,0,0.0196122,0,0,0
62220,62241,62230,3,-105.194,39.9536,701.239,-16.1082,284.474,69.9186,9.24868,436.223,0.141498,0.00192964,30.7459,20.5085,10.0681,3.99341,2.77508,0.795298,0.659929,0.219976,0.0338425,0.067685,0.0507637,0,0,0,0
62242,62259,62250,3.1,-105.193,39.953,692.284,-16.6044,284.966,46.1681,6.41852,355.161,0.166001,0.00136458,20.3456,12.6405,6.93458,3.26946,1.89504,0.416491,0.416491,0.0832983,0.0416491,0.0208246,0.0416491,0.0208246,0.0416491,0,0
62260,62279,62270,3.2,-105.193,39.9523,682.931,-17.4016,285.192,44.7791,5.98796,270.066,0.135305,0.00129553,19.6957,12.6897,6.0587,2.99975,2.15114,0.513115,0.414439,0.138146,0.0592056,0.0592056,0,0,0,0,0
62280,62298,62289,3.3,-105.193,39.9517,674.066,-18.2489,285.31,46.984,6.64318,390.402,0.176302,0.00147705,19.7631,13.0904,6.86901,3.59151,2.17846,0.804655,0.569147,0.0588772,0,0.0392515,0,0,0,0,0.0196257
62299,62317,62308,3.4,-105.192,39.9512,665.038,-19.1053,285.445,41.2687,5.45174,236.926,0.130376,0.00112164,17.7739,11.5008,6.56905,2.62368,1.73597,0.355084,0.493172,0.157815,0.0394538,0.0197269,0,0,0,0,0
62318,62336,62327,3.5,-105.192,39.9504,656.151,-19.6358,285.948,33.586,4.70745,295.451,0.188287,0.00104911,15.2214,9.6666,4.26991,2.21403,1.34423,0.355826,0.336058,0.0988405,0,0,0,0.0593043,0,0.0197681,0
62337,62356,62346,3.6,-105.192,39.9493,647.15,-19.8705,286.816,26.1869,3.67548,186.082,0.151884,0.000797945,11.4591,7.13848,3.45652,2.01004,1.31498,0.338138,0.356924,0.0563564,0.0187855,0,0,0.0375709,0,0,0
62357,62374,62366,3.7,-105.191,39.948,638.714,-19.9311,287.821,13.7954,1.91307,88.17,0.138265,0.000441806,6.28599,3.45941,1.81408,1.0547,0.717194,0.147658,0.274221,0.0210939,0,0.0210939,0,0,0,0,0
62375,62395,62385,3.8,-105.191,39.9468,629.989,-19.6576,289.266,12.8116,1.91032,88.1168,0.13838,0.000457461,5.37087,2.89064,1.92709,1.26688,0.767267,0.303338,0.231965,0.0356869,0.0178434,0,0,0,0,0,0
62396,62414,62405,3.9,-105.191,39.9452,621.864,-19.1789,290.894,10.554,1.61231,83.5063,0.155378,0.000483804,4.84381,2.6385,1.27987,0.610398,0.630089,0.177212,0.216593,0.137832,0,0.0196903,0,0,0,0,0
62415,62434,62424,4,-105.192,39.9437,613.472,-19.4795,291.676,8.59047,1.23862,72.9601,0.176713,0.000341404,4.4828,2.0257,0.937825,0.412643,0.412643,0.0937825,0.168808,0,0.0187565,0.0187565,0.0187565,0,0,0,0
62435,62454,62444,4.1,-105.192,39.9424,605.26,-20.0865,292.097,11.5451,1.79825,115.851,0.193274,0.000533136,5.55455,2.97633,1.23224,0.796215,0.473938,0.15166,0.208533,0.07583,0.0189575,0.0189575,0.0189575,0.0189575,0,0,0
62455,62472,62464,4.2,-105.193,39.941,597.151,-20.7333,292.482,13.1066,1.81278,88.8027,0.146961,0.00044515,6.68916,2.84289,1.31693,1.27512,0.45988,0.334458,0.125422,0,0.0209036,0.0418072,0,0,0,0,0
62473,62491,62482,4.3,-105.193,39.9397,589.368,-21.1242,293.123,16.5701,2.40347,130.662,0.163091,0.000635057,8.14597,3.85443,2.00669,1.05301,0.814597,0.357628,0.21855,0.0397364,0.0198682,0.0397364,0.0198682,0,0,0,0
62492,62511,62502,4.4,-105.194,39.9381,581.27,-21.4265,293.928,26.207,4.19193,252.245,0.180521,0.001148,11.0047,5.69143,4.08421,2.53372,1.5883,0.510527,0.69961,0.0567252,0,0.0189084,0,0,0,0.0189084,0
62512,62528,62520,4.5,-105.194,39.9365,573.355,-21.4918,295.011,25.6671,3.84653,183.662,0.143242,0.000970358,10.5142,6.53827,3.71091,2.1647,1.52412,0.618485,0.463864,0.0662663,0.0441775,0.0220888,0,0,0,0,0
62529,62547,62538,4.6,-105.195,39.935,565.663,-21.6816,295.926,18.7669,3.027,197.132,0.195374,0.000838775,7.52268,4.8161,2.78618,1.5722,1.07467,0.537334,0.31842,0.119408,0,0,0,0,0,0.0199013,0
62548,62567,62558,4.7,-105.195,39.9333,557.756,-21.364,297.49,19.6373,3.53068,290.305,0.24667,0.00114937,7.768,5.15977,2.70273,1.47422,1.24742,0.585907,0.434706,0.207903,0.0189002,0,0,0,0.0189002,0,0.0189002
62568,62584,62576,4.8,-105.195,39.9317,550.489,-21.9171,297.956,12.0979,1.90111,107.951,0.170349,0.000541138,5.40402,2.60194,1.84582,1.06746,0.644924,0.200149,0.155671,0.111194,0.0444775,0,0.0222388,0,0,0,0
62585,62604,62594,4.9,-105.196,39.93,543.103,-22.8311,298.018,8.23396,1.44991,95.0529,0.196674,0.000460355,3.03777,2.25834,1.23909,0.739457,0.479648,0.179868,0.179868,0.059956,0.0199853,0.0199853,0,0,0.0199853,0,0
62605,62623,62614,5,-105.196,39.9282,535.378,-23.7863,298.095,3.01862,0.410215,17.319,0.126658,8.07598e-05,1.21944,0.879598,0.419808,0.23989,0.179918,0.0199909,0.0599726,0,0,0,0,0,0,0,0
62624,62641,62632,5.1,-105.197,39.9265,528.197,-24.3122,298.621,1.59252,0.345354,35.4766,0.308176,0.000104623,0.679474,0.318503,0.191102,0.191102,0.148635,0.0212336,0.0212336,0,0,0,0,0,0.0212336,0,0
62643,62659,62651,5.2,-105.198,39.9248,521.154,-24.6035,299.42,0.985184,0.17302,12.973,0.224939,7.31613e-05,0.470202,0.246296,0.111953,0.0447811,0.0895622,0,0,0,0,0.0223905,0,0,0,0,0
62660,62677,62668,5.3,-105.199,39.9234,513.778,-25.0278,300.127,0.512033,0.0734292,2.91218,0.118979,1.1274e-05,0.106674,0.213347,0.0853388,0.0426694,0.0640041,0,0,0,0,0,0,0,0,0,0
62678,62696,62687,5.4,-105.199,39.9213,506.927,-25.3887,300.839,0.330454,0.0442316,1.78309,0.120937,7.46722e-06,0.177937,0.0508391,0.0254196,0.0254196,0.0508391,0,0,0,0,0,0,0,0,0,0
62702,62714,62708,5.5,-105.2,39.9192,499.256,-25.8422,301.597,0.551139,0.0829701,3.74697,0.135481,1.88144e-05,0.254372,0.127186,0.0423953,0.0423953,0.0423953,0.0423953,0,0,0,0,0,0,0,0,0
62715,62734,62724,5.6,-105.2,39.9173,492.829,-26.4475,301.976,1.1269,0.156185,6.44461,0.123788,2.74882e-05,0.431579,0.335673,0.119883,0.14386,0.0479533,0.0479533,0,0,0,0,0,0,0,0,0
62735,62750,62742,5.7,-105.201,39.9155,486.382,-27.0931,302.327,11.4189,1.85352,94.4948,0.152944,0.000526233,4.60593,2.75876,1.36739,1.24744,0.695687,0.407817,0.263881,0.0479784,0,0.0239892,0,0,0,0,0
62751,62769,62760,5.8,-105.201,39.9137,479.616,-27.6468,302.855,13.1025,1.97409,105.046,0.159637,0.00047689,5.33882,3.3011,2.1396,1.05961,0.774333,0.244526,0.163017,0.0203772,0.0407544,0,0,0.0203772,0,0,0
62770,62788,62779,5.9,-105.201,39.912,473.132,-28.3589,303.151,3.7695,0.623373,41.8474,0.201392,0.000157898,1.37856,1.077,0.581579,0.36618,0.25848,0.02154,0.0646199,0,0,0,0.02154,0,0,0,0
62790,62803,62796,6,-105.201,39.9107,467.154,-29.05,303.393,0.298513,0.0490385,2.31213,0.141448,1.22727e-05,0.119405,0.0597026,0.0597026,0,0.0298513,0.0298513,0,0,0,0,0,0,0,0,0
62822,62823,62822,6.1,-105.201,39.9089,458.62,-29.775,304.086,0.386441,0.160803,12.4237,0.23178,0.000107226,0.19322,0,0,0,0,0,0.19322,0,0,0,0,0,0,0,0
62848,62865,62856,6.3,-105.201,39.9068,447.787,-31.07,304.55,0.264579,0.173942,15.5008,0.267344,0.000132423,0,0,0,0.132289,0,0,0,0.132289,0,0,0,0,0,0,0
62866,62886,62876,6.4,-105.202,39.9054,440.86,-31.885,304.877,0.194565,0.0647613,3.5133,0.16275,2.08591e-05,0,0,0,0,0.194565,0,0,0,0,0,0,0,0,0,0
62887,62904,62896,6.5,-105.202,39.9041,434.802,-32.572,305.21,0.15709,0.085996,6.33117,0.220865,5.18553e-05,0,0,0,0,0.0785448,0,0.0785448,0,0,0,0,0,0,0,0
62916,62922,62919,6.6,-105.203,39.9027,427.12,-33.53,305.543,1.59095,0.122738,3.24117,0.0792216,4.3592e-06,1.2595,0.331447,0,0,0,0,0,0,0,0,0,0,0,0,0
62923,62940,62932,6.7,-105.203,39.9021,422.83,-34.0322,305.793,0.746124,0.0783644,2.62236,0.100391,6.94785e-06,0.438896,0.175559,0,0.131669,0,0,0,0,0,0,0,0,0,0,0
62942,62960,62951,6.8,-105.204,39.9009,415.927,-34.83,306.208,1.32181,0.186749,7.63232,0.122608,3.15396e-05,0.528723,0.264361,0.231316,0.165226,0.0991355,0.0330452,0,0,0,0,0,0,0,0,0
62961,62981,62971,6.9,-105.204,39.8997,409.927,-35.5167,306.594,0.771125,0.0935255,3.5046,0.112416,1.24812e-05,0.30845,0.264386,0.0881286,0.0881286,0,0.0220322,0,0,0,0,0,0,0,0,0
62982,63003,62992,7,-105.205,39.8981,404.855,-36.0973,306.932,2.81092,0.433315,20.6104,0.142694,0.000113556,1.10623,0.725398,0.435239,0.199484,0.199484,0.0544049,0.0725398,0.018135,0,0,0,0,0,0,0
63004,63022,63013,7.1,-105.205,39.8968,398.855,-36.9832,307.091,3.70039,0.44048,16.4221,0.111847,5.91208e-05,1.81848,0.888094,0.507482,0.274886,0.148016,0.0634353,0,0,0,0,0,0,0,0,0
63023,63042,63032,7.2,-105.206,39.8952,393.019,-37.892,307.209,6.72225,0.923571,42.6111,0.138412,0.000225615,3.04823,1.97832,0.706543,0.383552,0.383552,0.0403739,0.141309,0.0201869,0.0201869,0,0,0,0,0,0
63043,63070,63056,7.3,-105.206,39.8939,387.069,-38.46,307.803,7.40943,1.16337,70.808,0.182594,0.000339532,3.4664,1.71876,0.90993,0.56329,0.447743,0.12999,0.0722166,0.0577733,0,0.0288867,0,0.0144433,0,0,0
63071,63099,63085,7.4,-105.206,39.8925,381.623,-39.0838,308.227,6.61441,0.933933,42.8875,0.137764,0.000224208,3.09137,1.57353,0.82158,0.501303,0.334202,0.139251,0.125326,0.0139251,0.0139251,0,0,0,0,0,0
63100,63116,63108,7.5,-105.207,39.8916,376.604,-39.7924,308.456,5.41405,0.808443,41.9594,0.155705,0.000221653,2.60064,1.13482,0.685622,0.401916,0.354632,0.141853,0.0472843,0.0236421,0,0.0236421,0,0,0,0,0
63117,63141,63129,7.6,-105.206,39.8911,370.532,-40.7244,308.659,5.22639,0.703585,31.1031,0.13262,0.00015716,2.41721,1.24127,0.865621,0.359314,0.146992,0.0653299,0.0979948,0.0326649,0,0,0,0,0,0,0
63142,63164,63153,7.7,-105.206,39.8902,365.477,-41.5922,308.718,4.64655,0.768955,50.9803,0.198894,0.000235715,2.26144,0.830372,0.830372,0.28268,0.159007,0.106005,0.123672,0.0176675,0.0176675,0,0,0.0176675,0,0,0
63165,63182,63174,7.8,-105.206,39.8893,360.121,-42.5283,308.767,4.04163,0.5554,24.7594,0.133738,0.000128349,1.99811,1.04447,0.363292,0.181646,0.249764,0.113529,0.0908231,0,0,0,0,0,0,0,0
63183,63200,63192,7.9,-105.205,39.8885,354.809,-43.2239,309.143,3.04609,0.362579,16.2393,0.134365,8.01342e-05,1.79583,0.636497,0.318249,0.181856,0.0454641,0.022732,0.022732,0,0.022732,0,0,0,0,0,0
63201,63218,63210,8,-105.204,39.8879,349.554,-43.9506,309.48,4.33421,0.689112,47.6192,0.207307,0.000182255,2.17857,1.14662,0.252256,0.229323,0.321053,0.114662,0.068797,0,0,0,0,0.0229323,0,0,0
63219,63238,63228,8.1,-105.204,39.8874,344.102,-44.7355,309.818,4.74021,0.643301,29.8017,0.138979,0.000154927,2.32889,1.11292,0.638898,0.288535,0.185486,0.103048,0.0412192,0.0206096,0.0206096,0,0,0,0,0,0
63239,63271,63255,8.2,-105.203,39.8868,338.733,-45.4433,310.246,1.89966,0.288183,14.0933,0.146712,8.1548e-05,0.924834,0.437421,0.199964,0.0874843,0.11248,0.0749865,0.049991,0.0124978,0,0,0,0,0,0,0
63272,63299,63286,8.3,-105.202,39.8862,333.769,-46.2482,310.453,2.07217,0.32235,15.5788,0.144987,8.71582e-05,0.976878,0.444036,0.207217,0.133211,0.162813,0.103608,0.0296024,0.0148012,0,0,0,0,0,0,0
63300,63330,63315,8.4,-105.201,39.8857,328.91,-47.0833,310.605,1.11977,0.16572,8.24587,0.149274,4.98346e-05,0.674928,0.199411,0.0460178,0.0613571,0.0306785,0.0613571,0.0460178,0,0,0,0,0,0,0,0
63331,63361,63346,8.5,-105.199,39.8852,323.842,-47.8707,310.907,0.768529,0.184307,19.6413,0.319705,7.04258e-05,0.363304,0.167679,0.0698662,0.055893,0.055893,0.0139732,0.0139732,0.0139732,0,0,0,0.0139732,0,0,0
63362,63385,63374,8.6,-105.198,39.8849,319.451,-48.5637,311.162,1.10135,0.147438,7.04524,0.143353,4.01702e-05,0.681789,0.209781,0.0174818,0.0874089,0.0699271,0,0.0174818,0.0174818,0,0,0,0,0,0,0
63386,63410,63398,8.7,-105.196,39.8845,313.915,-49.428,311.514,2.00353,0.268963,13.1287,0.146437,7.20745e-05,1.22906,0.319891,0.151527,0.117855,0.101018,0.0505091,0.0168364,0,0.0168364,0,0,0,0,0,0
63411,63441,63426,8.8,-105.194,39.8841,309.631,-50.1829,311.68,2.10091,0.261622,10.5528,0.121009,4.59703e-05,1.10298,0.455196,0.262613,0.122553,0.0875377,0.0525226,0.0175075,0,0,0,0,0,0,0,0
63442,63471,63456,8.9,-105.191,39.8834,304.521,-51.1045,311.877,2.46469,0.412401,24.9616,0.181583,0.000154183,1.26881,0.525023,0.160424,0.233344,0.116672,0.0583359,0.029168,0.0583359,0,0.014584,0,0,0,0,0
63472,63500,63486,9,-105.19,39.8827,299.903,-51.9683,312.025,3.11297,0.465437,31.3101,0.201811,0.00012931,1.72456,0.584595,0.394602,0.160764,0.146149,0.0292297,0.0438446,0,0.0146149,0,0.0146149,0,0,0,0
63501,63533,63517,9.1,-105.188,39.8819,295.166,-52.9079,312.112,3.25744,0.469656,27.954,0.178561,0.00016259,1.91841,0.682389,0.296131,0.128753,0.0643763,0.0386258,0.0901268,0.0128753,0,0.0257505,0,0,0,0,0
63534,63563,63548,9.2,-105.187,39.8811,290.687,-53.8148,312.184,2.90157,0.327138,13.2422,0.121437,6.08832e-05,1.85583,0.515508,0.279847,0.132559,0.0294576,0.0441864,0.0294576,0.0147288,0,0,0,0,0,0,0
63563,63592,63578,9.3,-105.186,39.8804,286.307,-54.583,312.447,3.98846,0.510543,23.8627,0.14022,0.000110161,2.11574,0.914917,0.443163,0.25732,0.12866,0.100069,0.0142956,0,0,0.0142956,0,0,0,0,0
63593,63622,63608,9.4,-105.185,39.8799,281.817,-55.2057,312.971,4.55745,0.634817,37.3302,0.176414,0.000141457,2.46387,0.939975,0.455745,0.413019,0.128178,0.0854522,0.0427261,0.014242,0,0,0,0.014242,0,0,0
63623,63651,63637,9.5,-105.184,39.8793,277.42,-55.9496,313.303,4.30349,0.517689,21.661,0.125525,0.000104016,2.50525,0.937546,0.39961,0.199805,0.107587,0.076848,0.0614784,0.0153696,0,0,0,0,0,0,0
63652,63678,63665,9.6,-105.184,39.8788,273.196,-56.5711,313.776,6.96127,0.98205,47.4418,0.144927,0.00023911,3.39262,1.48827,0.896164,0.512094,0.416076,0.176032,0.0320058,0.0160029,0.0160029,0.0160029,0,0,0,0,0
63679,63694,63686,9.7,-105.183,39.8787,269.078,-56.9867,314.539,11.2302,1.67156,80.2377,0.144005,0.000400867,4.924,2.4476,1.41097,1.29579,0.662292,0.316749,0.143977,0,0,0.0287953,0,0,0,0,0
