data/B2SAP/Locations/Boulder/NOAA-POPS-B2SAP_GMLBalloon_20210318_R0.ict
61,1001
Thornberry, T. D.
NOAA Chemical Sciences Laboratory
Portable Optical Particle Spectrometer (POPS)
Balloon Baseline Stratospheric Aerosol Profiles (B2SAP)
1,1
2021,03,18,2024,05,28
0
TIME_START,s,Seconds since midnight UTC on flight start day,Start time of 100 m altitude bin in UTC_seconds_since_midnight
28
1.0,1.0,1.0,1.0,1.0,1.0,1.0,1.0,1.0,1.0,1.0,1.0,1.0,1.0,1.0,1.0,1.0,1.0,1.0,1.0,1.0,1.0,1.0,1.0,1.0,1.0,1.0,1.0
99999,99999,99999,99999,99999,99999,99999,99999,99999,99999,99999,99999,99999,99999,99999,99999,99999,99999,99999,99999,99999,99999,99999,99999,99999,99999,99999,99999
TIME_STOP,s,End time of 100 m altitude bin in UTC seconds since midnight,
TIME_MID,s,Mid time of 100 m altitude in UTC seconds since midnight,
GPSAlt,m,GPS reported altitude above sea level (m),
GPS_Lon,deg,GPS reported longitude,
GPS_Lat,deg,GPS reported latitude,
iMet_Pressure,mb,Pressure reported (mB),
iMet_Temperature,degrees C,Ambient temperature (oC),
THETA,K,Potential temperature from iMet,
Aerosol_concentration,cm^-3,Aerosol concentration,
Surface_Area_Conc,um^2 cm^-3,Surface area concentration,
Volume_density,um^3 cm^-3,Volume density,
Effective_radius,um,Effective radius,
Extinction,km^-1,Extinction,
Bin01,cm^-3,particle concentration in size range [140 - 170 nm],
Bin02,cm^-3,particle concentration in size range [170 - 205 nm],
Bin03,cm^-3,particle concentration in size range [205 - 249 nm],
Bin04,cm^-3,particle concentration in size range [249 - 302 nm],
Bin05,cm^-3,particle concentration in size range [302 - 366 nm],
Bin06,cm^-3,particle concentration in size range [366 - 443 nm],
Bin07,cm^-3,particle concentration in size range [443 - 537 nm],
Bin08,cm^-3,particle concentration in size range [537 - 651 nm],
Bin09,cm^-3,particle concentration in size range [651 - 789 nm],
Bin10,cm^-3,particle concentration in size range [789 - 956 nm],
Bin11,cm^-3,particle concentration in size range [956 - 1159 nm],
Bin12,cm^-3,particle concentration in size range [1159 - 1404 nm],
Bin13,cm^-3,particle concentration in size range [1404 - 1702 nm],
Bin14,cm^-3,particle concentration in size range [1702 - 2062 nm],
Bin15,cm^-3,particle concentration in size range [2062 - 2500 nm],
0
19
PI_CONTACT_INFO: 325 Broadway R/CSL6, Boulder, CO 80305; troy.thornberry@noaa.gov; 303-497-3373 
PLATFORM: GML ECC/FPH balloon
LOCATION: Boulder, CO, USA
ASSOCIATED_DATA: N/A
INSTRUMENT_INFO: Printed Optical Particle Spectrometer counts particles from 140 - 2500 nm in diameter 
DATA_INFO: Particle concentrations reported in number per cubic centimeter, binned to 100 m altitude
UNCERTAINTY: Counting uncertainty dominated by air flow, less than 5 percent
ULOD_FLAG: -77777
ULOD_VALUE: 3000 ~3000 per cm3 (varies depending on flow rate- manufacturer quotes 1250  per cm3 at 1.667 cc/s)
LLOD_FLAG: -88888
LLOD_VALUE: 0 0 (varies depending on data field and measurement precision)
DM_CONTACT_INFO: Troy Thornberry, 325 Broadway R/CSL6, Boulder, CO 80305; troy.thornberry@noaa.gov; 303-497-3373
PROJECT_INFO: B2SAP Boulder, CO, USA
STIPULATIONS_ON_USE: Please contact the PIs for questions regarding applications and uncertainties
OTHER_COMMENTS: POPS bin Edges (nm):  140, 170, 205, 249, 302, 366, 443, 537, 651, 789, 956, 1159, 1404, 1702, 2062, 2500
Calculations assume sulfate refractive index of 1.45+0.00j and extinction wavelength = 532 nm
REVISION: R0
R0: QA/QC data
TIME_START,TIME_STOP,TIME_MID,GPSAlt,GPS_Lon,GPS_Lat,iMet_Pressure,iMet_Temperature,THETA,Aerosol_concentration,Surface_Area_Conc,Volume_density,Effective_radius,Extinction,Bin01,Bin02,Bin03,Bin04,Bin05,Bin06,Bin07,Bin08,Bin09,Bin10,Bin11,Bin12,Bin13,Bin14,Bin15
[from data line 73]
59423,59449,59436,9,-105.015,39.8431,313.145,-44.0176,319.275,14.0818,2.28745,116.059,0.152211,0.000649649,5.62869,3.18757,2.03763,1.53326,0.786806,0.484188,0.322792,0.0605235,0.0201745,0.0201745,0,0,0,0,0
59458,59477,59468,9.1,-105.007,39.8391,307.989,-45.0094,319.403,15.9976,2.69376,154.064,0.171579,0.000738888,5.79086,3.96634,2.69711,1.40144,1.32211,0.317307,0.396634,0.0528846,0.0264423,0,0,0,0.0264423,0,0
59478,59507,59492,9.2,-105.002,39.836,304.159,-45.7295,319.532,15.7425,2.44057,125.415,0.154163,0.000597333,6.35366,3.64222,2.34721,1.65924,1.09267,0.283284,0.303519,0.0202346,0.0202346,0,0.0202346,0,0,0,0
59508,59532,59520,9.3,-104.995,39.8325,299.512,-46.6769,319.6,14.171,2.21616,108.489,0.14686,0.000572197,5.73779,2.98899,2.3218,1.52118,0.880684,0.400311,0.240186,0.0533748,0,0.0266874,0,0,0,0,0
59534,59564,59549,9.4,-104.988,39.829,294.966,-47.5579,319.758,15.0915,2.3976,119.249,0.14921,0.000649788,5.69577,4.01395,2.06303,1.45758,1.05394,0.403637,0.31394,0.0448486,0.0224243,0.0224243,0,0,0,0,0
59566,59587,59576,9.5,-104.982,39.8259,290.784,-48.4416,319.808,16.4081,2.59167,120.863,0.139905,0.000637813,6.31082,3.60618,2.77225,1.48755,1.2847,0.586005,0.315541,0.0450773,0,0,0,0,0,0,0
59589,59607,59598,9.6,-104.977,39.8235,286.629,-49.164,320.09,18.5458,2.94072,164.33,0.167642,0.000763351,7.43553,4.53596,2.92828,1.63639,1.09093,0.430629,0.373212,0.0574172,0.0287086,0,0,0,0.0287086,0,0
59609,59632,59620,9.7,-104.972,39.8213,281.755,-49.9115,320.585,22.4984,3.49145,163.091,0.140135,0.000858955,8.37847,5.70804,3.47156,2.30324,1.43535,0.734368,0.300423,0.166902,0,0,0,0,0,0,0
59634,59651,59642,9.8,-104.967,39.8197,277.751,-50.4445,321.137,23.8173,4.19582,250.97,0.179443,0.00138691,9.91082,5.01417,3.60393,2.07618,1.48858,0.705118,0.665944,0.235039,0.0391732,0.0391732,0.0391732,0,0,0,0
59652,59668,59660,9.9,-104.962,39.8179,273.624,-51.0473,321.641,29.1873,5.32372,310.949,0.175225,0.00168399,10.0207,6.5214,4.97058,3.30047,2.50517,0.795293,0.675999,0.278353,0,0.0795293,0.0397646,0,0,0,0
59670,59690,59680,10,-104.956,39.8158,269.02,-51.8862,321.98,33.1313,7.72628,877.221,0.340612,0.00298963,11.566,7.76619,5.19968,3.36646,2.59984,1.23326,0.76662,0.299982,0.0666626,0.0333313,0,0.0333313,0.0999939,0.0666626,0.0333313
59691,59722,59706,10.1,-104.947,39.8127,264.749,-52.235,322.941,38.6979,8.63705,898.79,0.312187,0.00319207,12.9416,9.49774,6.25329,4.18698,3.0632,1.08753,0.906273,0.344384,0.108753,0.0362509,0.0543764,0.0906273,0.0725019,0,0.0543764
59725,59749,59737,10.2,-104.938,39.8094,261.058,-52.9733,323.167,39.7399,8.42037,654.205,0.233079,0.00310226,13.7359,9.2962,6.50553,4.00479,2.84503,1.37721,1.06915,0.416789,0.163091,0.072485,0.108727,0.0906062,0.0543637,0,0
59751,59775,59763,10.3,-104.93,39.8063,256.753,-53.7737,323.521,38.8792,8.91783,892.077,0.300099,0.00341053,12.445,9.17245,7.21351,4.05616,2.97298,1.22146,0.944901,0.391788,0.138278,0.0230464,0.0921855,0.0230464,0.0921855,0.0921855,0
59776,59800,59788,10.4,-104.922,39.8033,252.774,-54.7128,323.574,30.0048,6.06833,486.706,0.240613,0.00221369,10.8865,7.23329,4.91961,2.53287,2.24062,0.779344,0.75499,0.340963,0.170482,0,0.0730635,0,0.048709,0.0243545,0
59800,59825,59812,10.5,-104.915,39.8003,248.707,-55.5533,323.822,29.9856,5.76939,415.45,0.216028,0.00202436,9.88134,7.95387,5.34324,2.51303,1.97627,1.04913,0.829545,0.170789,0.14639,0.0487967,0.0243984,0.0243984,0,0.0243984,0
59827,59849,59838,10.6,-104.907,39.7968,244.995,-55.8733,324.749,44.2973,9.64934,843.896,0.262369,0.00383251,15.02,10.737,6.57125,4.22438,3.72567,1.55481,1.43746,0.586719,0.205352,0.0880078,0.0293359,0.0586719,0,0.0293359,0.0293359
59851,59877,59864,10.7,-104.9,39.7936,241.169,-55.5271,326.73,47.0159,10.8574,1097.06,0.303129,0.00438509,17.0435,11.1185,7.02221,4.75462,3.36481,1.35324,1.06065,0.530323,0.237731,0.164583,0.0548611,0.109722,0.128009,0.0548611,0.018287
59878,59907,59892,10.8,-104.893,39.7901,237.243,-55.6485,328.078,47.4534,11.971,1281.44,0.321137,0.00503667,17.2351,10.7435,7.07581,4.52787,3.8138,1.347,1.18471,0.503096,0.324578,0.14606,0.129831,0.14606,0.194747,0.0811446,0
59908,59934,59921,10.9,-104.885,39.7869,233.386,-55.8882,329.254,46.1866,10.254,877.604,0.25676,0.00389808,16.8042,10.844,6.7775,4.60471,3.18941,1.4751,1.3555,0.398676,0.25914,0.0797352,0.0797352,0.199338,0.119603,0,0
59935,59960,59948,11,-104.878,39.7843,229.816,-56.091,330.407,43.4299,9.24935,855.051,0.277333,0.00355409,16.0805,10.6023,6.95712,4.02013,2.62454,1.02066,1.14563,0.395764,0.187467,0.124978,0,0.124978,0.0833188,0.0624891,0
59961,59980,59970,11.1,-104.872,39.7818,226.478,-56.0961,331.779,45.5007,10.161,998.562,0.294822,0.00399889,16.1673,11.4478,7.35757,3.824,2.92851,1.40375,1.35534,0.459848,0.145215,0.0726076,0.0726076,0.145215,0.0242025,0.0968101,0
59981,59996,59988,11.2,-104.867,39.7796,223.01,-56.3329,332.878,44.6042,9.67559,887.729,0.275248,0.00382102,17.1288,10.5044,5.74114,4.5109,3.05984,1.35642,1.26179,0.378537,0.252358,0.157724,0.0315447,0.126179,0.0630894,0,0.0315447
59997,60017,60007,11.3,-104.862,39.7772,219.021,-57.0894,333.429,44.5211,8.29365,608.551,0.220127,0.00272175,16.7828,11.0591,6.60436,4.14391,2.92664,1.42447,0.984179,0.310793,0.0258994,0.103598,0.0258994,0.0517989,0.0517989,0.0258994,0
60018,60044,60031,11.4,-104.857,39.7738,215.672,-57.625,334.08,43.9914,9.76679,964.3,0.296198,0.0038227,16.4305,10.6003,6.20561,4.01929,3.29052,1.43546,1.06003,0.331261,0.154588,0.154588,0.0883362,0.0883362,0.0662521,0.0441681,0.022084
60044,60068,60056,11.5,-104.85,39.7702,212.472,-58.039,334.863,38.2943,7.28434,515,0.212099,0.00239728,14.2249,9.49061,5.59703,3.47325,2.8317,1.15038,0.929151,0.287594,0.110613,0.0221226,0.0663679,0.0442453,0.0663679,0,0
60069,60096,60082,11.6,-104.843,39.767,208.772,-57.4273,337.501,28.0876,4.68202,283.485,0.181643,0.00139247,11.7832,7.10193,3.72101,2.06056,1.58043,0.900245,0.700191,0.120033,0.0200054,0.0400109,0,0.0400109,0.0200054,0,0
60097,60121,60109,11.7,-104.836,39.7648,205.615,-57.0805,339.515,23.5362,4.03645,239.97,0.178352,0.00133425,10.2847,5.23026,2.83489,2.26352,1.23065,0.791132,0.571373,0.153831,0.109879,0.0439518,0,0,0.0219759,0,0
60122,60147,60134,11.8,-104.829,39.7633,202.419,-57.1685,340.91,22.2738,3.62868,204.685,0.169223,0.00110328,9.89947,5.03734,2.86909,1.83972,1.18268,0.74465,0.416128,0.197113,0.0219015,0.043803,0,0.0219015,0,0,0
60148,60173,60160,11.9,-104.822,39.7624,199.116,-57.3217,342.269,19.0242,3.09031,162.62,0.157868,0.000961807,8.01999,4.98918,2.30808,1.14238,1.18901,0.722731,0.41965,0.163197,0.0466278,0.0233139,0,0,0,0,0
60175,60198,60186,12,-104.815,39.762,195.976,-57.0586,344.243,17.5234,2.9305,152.689,0.15631,0.000894289,6.64555,4.23226,2.64741,1.81897,1.08058,0.378202,0.522279,0.144077,0.0360192,0.0180096,0,0,0,0,0
60199,60220,60210,12.1,-104.808,39.7618,192.988,-56.9639,345.906,18.6117,3.04665,166.424,0.163875,0.000988106,7.97345,4.53228,2.66481,1.07012,1.11209,0.671449,0.251793,0.23081,0.0629483,0.0419655,0,0,0,0,0
60221,60244,60232,12.2,-104.801,39.761,189.937,-56.4525,348.316,18.0021,3.10631,173.624,0.167682,0.00108488,7.66127,4.32126,2.22667,1.30204,1.00012,0.717065,0.415143,0.245312,0.0943506,0.0188701,0,0,0,0,0
60245,60266,60256,12.3,-104.794,39.7598,187.023,-56.2994,350.101,18.3664,3.11293,164.993,0.159007,0.00101424,7.82351,4.10002,2.63573,1.02501,1.27603,0.711228,0.564799,0.167348,0.0627554,0,0,0,0,0,0
60267,60287,60277,12.4,-104.787,39.7585,184.12,-55.8079,352.463,17.573,3.13341,169.755,0.162527,0.00107143,7.1044,4.03704,2.27578,1.28631,1.24673,0.751997,0.554103,0.296841,0.0197894,0,0,0,0,0,0
60290,60315,60302,12.5,-104.78,39.7567,180.989,-54.9274,355.631,20.3494,3.28795,163.094,0.148811,0.000937155,8.31514,4.62854,3.19938,1.38044,1.42916,0.730823,0.487215,0.162405,0.0162405,0,0,0,0,0,0
60317,60343,60330,12.6,-104.773,39.7549,178.212,-54.5621,357.81,24.5642,4.01133,213.276,0.159506,0.00117413,9.8257,6.34317,3.15604,2.28541,1.27485,0.792896,0.684067,0.139923,0.031094,0.015547,0,0.015547,0,0,0
60345,60367,60356,12.7,-104.767,39.7536,175.455,-53.6783,360.856,17.6946,3.18124,245.142,0.231176,0.00110272,7.53689,4.4508,2.00053,1.13208,1.17861,0.589304,0.573796,0.186096,0.031016,0,0,0,0,0,0.015508
60368,60400,60384,12.8,-104.759,39.7525,172.737,-53.5585,362.663,12.4344,2.06221,116.209,0.169055,0.000632218,4.88592,3.44485,1.72929,0.864643,0.617602,0.439184,0.301939,0.109796,0.0137245,0.0137245,0,0.0137245,0,0,0
60400,60429,60414,12.9,-104.75,39.751,170.002,-53.097,365.09,11.8797,2.1216,122.399,0.173076,0.000785188,4.81576,2.99756,1.47421,0.945952,0.663395,0.393123,0.270272,0.233417,0.0737106,0.0122851,0,0,0,0,0
60430,60455,60442,13,-104.741,39.7496,167.567,-52.0895,368.281,10.6664,2.11716,123.236,0.174623,0.000824604,3.38292,3.12412,1.47887,0.850352,0.49912,0.591549,0.480634,0.221831,0.0369718,0,0,0,0,0,0
60456,60484,60470,13.1,-104.734,39.749,165.035,-51.1638,371.43,10.0025,1.85585,106.239,0.171737,0.000676747,4.00102,2.11321,1.35246,0.986167,0.605788,0.408555,0.338114,0.140881,0.0422643,0.0140881,0,0,0,0,0
60485,60511,60498,13.2,-104.727,39.7493,162.366,-51.0933,373.278,8.54657,1.67055,98.3571,0.176632,0.000640367,3.40946,1.83468,0.886764,0.810319,0.703296,0.412804,0.290492,0.15289,0.0305781,0.015289,0,0,0,0,0
60512,60537,60524,13.3,-104.72,39.7498,160.02,-51.31,374.475,7.76396,1.52131,92.9661,0.183328,0.000599794,3.07629,1.72126,1.00712,0.549337,0.585959,0.402847,0.201423,0.183112,0,0.0366224,0,0,0,0,0
60538,60561,60550,13.4,-104.712,39.7505,157.541,-51.9581,375.05,8.12574,1.56332,89.7162,0.172165,0.000600288,3.19787,1.71252,1.17081,0.681514,0.489292,0.29707,0.349494,0.227171,0,0,0,0,0,0,0
60562,60585,60574,13.5,-104.704,39.7514,155.018,-52.5595,375.755,6.89273,1.37589,83.9927,0.183138,0.000553374,2.6258,1.5639,0.849524,0.617836,0.501992,0.289611,0.270303,0.115844,0.0386147,0.0193074,0,0,0,0,0
60586,60607,60596,13.6,-104.696,39.7523,152.6,-52.6575,377.277,6.09031,1.23915,99.5139,0.240924,0.000494148,2.81516,1.30638,0.717589,0.331195,0.367994,0.239196,0.183997,0.0367994,0.0183997,0.0367994,0.0183997,0.0183997,0,0,0
60609,60630,60620,13.7,-104.687,39.7533,150.184,-52.4037,379.447,5.22964,0.925571,62.9545,0.204051,0.000396886,2.50789,1.47752,0.408262,0.252733,0.174969,0.136087,0.136087,0.0583231,0.019441,0.0583231,0,0,0,0,0
60631,60655,60643,13.8,-104.678,39.7542,147.876,-52.3752,381.174,4.70647,0.946231,66.0849,0.209521,0.000387411,2.14195,1.04912,0.437133,0.233138,0.349707,0.174853,0.174853,0.101998,0.0291422,0,0,0.0145711,0,0,0
60657,60681,60669,13.9,-104.669,39.7548,145.59,-52.9975,381.791,5.29111,0.801821,42.6859,0.159709,0.000256279,2.72654,1.01233,0.728877,0.283452,0.256457,0.107982,0.0944841,0.0269955,0.0539909,0,0,0,0,0,0
60682,60708,60695,14,-104.658,39.7552,143.16,-53.5671,382.648,4.77248,0.778959,41.7948,0.160964,0.000263821,2.42485,1.01937,0.386123,0.262564,0.278009,0.169894,0.169894,0.0463348,0.0154449,0,0,0,0,0,0
60709,60732,60720,14.1,-104.649,39.7557,141.136,-53.7048,383.965,4.19742,0.684602,37.5033,0.164344,0.000237492,1.95019,1.03321,0.464945,0.245388,0.193727,0.103321,0.129151,0.0516606,0.0258303,0,0,0,0,0,0
60733,60757,60745,14.2,-104.64,39.7561,139.015,-54.466,384.287,5.34742,0.936137,57.6113,0.184625,0.000367241,2.58914,1.23602,0.455376,0.35129,0.299247,0.156129,0.117097,0.0910752,0.0260215,0.0260215,0,0,0,0,0
60758,60781,60770,14.3,-104.63,39.7564,136.824,-54.715,385.593,5.13031,0.959144,69.6963,0.217995,0.00037374,2.51984,1.03331,0.634491,0.253796,0.271925,0.145027,0.163155,0.0362566,0.0362566,0.0181283,0,0.0181283,0,0,0
60782,60806,60794,14.4,-104.621,39.7563,134.695,-54.9644,386.893,5.19083,0.851463,52.9147,0.186437,0.000282065,2.58237,1.10859,0.560819,0.443438,0.143465,0.130423,0.117381,0.0782537,0.0130423,0,0.0130423,0,0,0,0
60808,60833,60820,14.5,-104.611,39.7557,132.506,-55.2495,388.195,5.59653,0.930929,48.142,0.155142,0.00029023,2.47081,1.30983,0.461416,0.565606,0.342341,0.23815,0.119075,0.0893063,0,0,0,0,0,0,0
60833,60858,60846,14.6,-104.602,39.7554,130.375,-55.7673,389.065,5.68351,1.02721,62.9769,0.183926,0.000396824,2.50612,1.40223,0.537025,0.402769,0.343099,0.22376,0.149174,0.0596694,0.0298347,0.0298347,0,0,0,0,0
60859,60884,60872,14.7,-104.593,39.7552,128.427,-56.1061,390.141,5.33301,1.12106,79.3247,0.212277,0.00045469,2.09613,1.08371,0.727228,0.413522,0.527597,0.185372,0.128334,0.114075,0.0142594,0.0285188,0,0.0142594,0,0,0
60889,60917,60903,14.8,-104.583,39.7548,126.194,-55.9529,392.377,4.95521,0.858403,46.8057,0.163579,0.000280274,2.01488,1.18316,0.620866,0.386577,0.31629,0.234289,0.164002,0.0117144,0.0117144,0.0117144,0,0,0,0,0
60918,60946,60932,14.9,-104.573,39.754,124.267,-55.954,394.099,4.60903,0.713714,36.9467,0.1553,0.000225199,2.28817,1.04602,0.512115,0.185233,0.250609,0.141649,0.119857,0.0544803,0.0108961,0,0,0,0,0,0
60947,60976,60962,15,-104.563,39.7531,122.356,-55.9644,395.833,4.59087,0.825228,65.0143,0.23635,0.000304261,2.27115,1.23881,0.388645,0.182177,0.170032,0.133597,0.121452,0.0242903,0.0242903,0.0121452,0.0121452,0,0.0121452,0,0
60977,61002,60990,15.1,-104.555,39.7522,120.472,-56.0356,397.465,4.2252,0.724741,55.7942,0.230955,0.000225977,2.13884,0.892278,0.524869,0.249313,0.183704,0.0787304,0.0918521,0.0393652,0,0,0.0131217,0,0.0131217,0,0
61003,61025,61014,15.2,-104.548,39.7513,118.632,-56.0396,399.202,4.00209,0.689397,42.1627,0.183476,0.00027746,1.87241,0.971936,0.54314,0.157225,0.171518,0.0285863,0.128639,0.100052,0.0142932,0.0142932,0,0,0,0,0
61027,61048,61038,15.3,-104.541,39.7505,116.71,-56.4265,400.356,4.24279,0.682676,35.7957,0.157303,0.000213447,1.7925,1.20048,0.394678,0.345343,0.180894,0.180894,0.115114,0,0.0328898,0,0,0,0,0,0
61049,61070,61060,15.4,-104.536,39.75,114.857,-57.035,401.067,3.87899,0.689887,36.8317,0.160164,0.000230923,1.59185,0.823371,0.530617,0.274457,0.311051,0.146377,0.146377,0.0548914,0,0,0,0,0,0,0
61071,61089,61080,15.5,-104.531,39.7497,113.029,-57.5474,401.948,4.59525,0.792523,46.8551,0.177364,0.000294416,2.08087,1.1098,0.554899,0.242768,0.225428,0.173406,0.104043,0.0693623,0.0173406,0.0173406,0,0,0,0,0
61090,61110,61100,15.6,-104.527,39.7495,111.285,-57.8406,403.19,4.78032,0.790553,44.5702,0.169136,0.000283052,2.29704,1.07609,0.475963,0.310411,0.331105,0.10347,0.0413881,0.10347,0.0413881,0,0,0,0,0,0
61111,61129,61120,15.7,-104.522,39.7491,109.54,-57.7757,405.143,5.18038,0.818936,43.5877,0.159674,0.000258782,2.31816,1.30101,0.520404,0.520404,0.189238,0.189238,0.0473094,0.0473094,0.0473094,0,0,0,0,0,0
61131,61147,61139,15.8,-104.518,39.7486,107.667,-58.2393,406.26,4.16248,0.786722,59.0642,0.225229,0.000305717,2.10338,0.819211,0.398535,0.309972,0.199268,0.132845,0.0885634,0.0442817,0.0442817,0,0.0221408,0,0,0,0
61149,61167,61158,15.9,-104.513,39.748,105.979,-58.852,406.936,4.72948,0.82694,51.5404,0.18698,0.000326965,2.08719,1.31004,0.466287,0.310858,0.177633,0.177633,0.0666124,0.0666124,0.0444083,0.0222041,0,0,0,0,0
61169,61187,61178,16,-104.508,39.7472,104.232,-59.5344,407.577,4.49277,0.719938,42.5408,0.177269,0.000270016,2.21865,1.20177,0.480708,0.14791,0.110933,0.110933,0.0924439,0.110933,0,0.0184888,0,0,0,0,0
61188,61205,61196,16.1,-104.504,39.7464,102.561,-60.105,408.362,4.61039,0.736119,39.4954,0.160961,0.00024366,2.22137,0.901123,0.649647,0.377214,0.146694,0.125738,0.0838254,0.0838254,0.0209563,0,0,0,0,0,0
61206,61222,61214,16.2,-104.5,39.7454,101.032,-60.7214,408.934,4.23616,0.759019,43.8782,0.173427,0.000293742,1.84285,1.07699,0.478662,0.215398,0.215398,0.119665,0.191465,0.0717993,0.0239331,0,0,0,0,0,0
61226,61236,61231,16.3,-104.496,39.7446,99.1875,-61.2225,410.127,4.35783,0.667108,37.3747,0.168075,0.00023285,2.08051,1.26518,0.39361,0.22492,0.140575,0.11246,0.028115,0.05623,0.05623,0,0,0,0,0,0
61237,61254,61246,16.4,-104.494,39.7438,97.6956,-61.8137,410.751,4.58101,0.628512,27.3843,0.13071,0.000131285,2.14912,0.961447,0.716373,0.320482,0.263927,0.131963,0,0.0377038,0,0,0,0,0,0,0
