data/B2SAP/Locations/Boulder/NOAA-POPS-B2SAP_GMLBalloon_20211022_R0.ict
61,1001
Thornberry, T. D.
NOAA Chemical Sciences Laboratory
Portable Optical Particle Spectrometer (POPS)
Balloon Baseline Stratospheric Aerosol Profiles (B2SAP)
1,1
2021,10,22,2024,05,28
0
TIME_START,s,Seconds since midnight UTC on flight start day,Start time of 100 m altitude bin in UTC_seconds_since_midnight
28
1.0,1.0,1.0,1.0,1.0,1.0,1.0,1.0,1.0,1.0,1.0,1.0,1.0,1.0,1.0,1.0,1.0,1.0,1.0,1.0,1.0,1.0,1.0,1.0,1.0,1.0,1.0,1.0
99999,99999,99999,99999,99999,99999,99999,99999,99999,99999,99999,99999,99999,99999,99999,99999,99999,99999,99999,99999,99999,99999,99999,99999,99999,99999,99999,99999
TIME_STOP,s,End time of 100 m altitude bin in UTC seconds since midnight,
TIME_MID,s,Mid time of 100 m altitude in UTC seconds since midnight,
GPSAlt,m,GPS reported altitude above sea level (m),
GPS_Lon,deg,GPS reported longitude,
GPS_Lat,deg,GPS reported latitude,
iMet_Pressure,mb,Pressure reported (mB),
iMet_Temperature,degrees C,Ambient temperature (oC),
THETA,K,Potential temperature from iMet,
Aerosol_concentration,cm^-3,Aerosol concentration,
Surface_Area_Conc,um^2 cm^-3,Surface area concentration,
Volume_density,um^3 cm^-3,Volume density,
Effective_radius,um,Effective radius,
Extinction,km^-1,Extinction,
Bin01,cm^-3,particle concentration in size range [140 - 170 nm],
Bin02,cm^-3,particle concentration in size range [170 - 205 nm],
Bin03,cm^-3,particle concentration in size range [205 - 249 nm],
Bin04,cm^-3,particle concentration in size range [249 - 302 nm],
Bin05,cm^-3,particle concentration in size range [302 - 366 nm],
Bin06,cm^-3,particle concentration in size range [366 - 443 nm],
Bin07,cm^-3,particle concentration in size range [443 - 537 nm],
Bin08,cm^-3,particle concentration in size range [537 - 651 nm],
Bin09,cm^-3,particle concentration in size range [651 - 789 nm],
Bin10,cm^-3,particle concentration in size range [789 - 956 nm],
Bin11,cm^-3,particle concentration in size range [956 - 1159 nm],
Bin12,cm^-3,particle concentration in size range [1159 - 1404 nm],
Bin13,cm^-3,particle concentration in size range [1404 - 1702 nm],
Bin14,cm^-3,particle concentration in size range [1702 - 2062 nm],
Bin15,cm^-3,particle concentration in size range [2062 - 2500 nm],
0
19
PI_CONTACT_INFO: 325 Broadway R/CSL6, Boulder, CO 80305; troy.thornberry@noaa.gov; 303-497-3373 
PLATFORM: GML ECC/FPH balloon
LOCATION: Boulder, CO, USA
ASSOCIATED_DATA: N/A
INSTRUMENT_INFO: Printed Optical Particle Spectrometer counts particles from 140 - 2500 nm in diameter 
DATA_INFO: Particle concentrations reported in number per cubic centimeter, binned to 100 m altitude
UNCERTAINTY: Counting uncertainty dominated by air flow, less than 5 percent
ULOD_FLAG: -77777
ULOD_VALUE: 3000 ~3000 per cm3 (varies depending on flow rate- manufacturer quotes 1250  per cm3 at 1.667 cc/s)
LLOD_FLAG: -88888
LLOD_VALUE: 0 0 (varies depending on data field and measurement precision)
DM_CONTACT_INFO: Troy Thornberry, 325 Broadway R/CSL6, Boulder, CO 80305; troy.thornberry@noaa.gov; 303-497-3373
PROJECT_INFO: B2SAP Boulder, CO, USA
STIPULATIONS_ON_USE: Please contact the PIs for questions regarding applications and uncertainties
OTHER_COMMENTS: POPS bin Edges (nm):  140, 170, 205, 249, 302, 366, 443, 537, 651, 789, 956, 1159, 1404, 1702, 2062, 2500
Calculations assume sulfate refractive index of 1.45+0.00j and extinction wavelength = 532 nm
REVISION: R0
R0: QA/QC data
TIME_START,TIME_STOP,TIME_MID,GPSAlt,GPS_Lon,GPS_Lat,iMet_Pressure,iMet_Temperature,THETA,Aerosol_concentration,Surface_Area_Conc,Volume_density,Effective_radius,Extinction,Bin01,Bin02,Bin03,Bin04,Bin05,Bin06,Bin07,Bin08,Bin09,Bin10,Bin11,Bin12,Bin13,Bin14,Bin15
[from data line 325]
64674,64695,64684,20.8,-104.399,39.634,47.3888,-57.7013,514.904,4.3073,1.08856,71.0572,0.195829,0.000493678,0.916815,0.830323,0.813025,0.709234,0.43246,0.242178,0.172984,0.10379,0.086492,0,0,0,0,0,0
64696,64712,64704,20.7,-104.398,39.6324,48.094,-58.05,511.899,4.52792,1.02142,57.43,0.168678,0.000364011,1.01647,0.70229,0.905585,0.776216,0.609884,0.27722,0.129369,0.110888,0,0,0,0,0,0,0
64717,64737,64727,20.6,-104.396,39.6309,48.9914,-57.9471,509.455,4.47293,0.998489,55.5471,0.166893,0.000349611,0.910419,0.950003,0.712502,0.831252,0.514585,0.316668,0.158334,0.0791669,0,0,0,0,0,0,0
64738,64757,64748,20.5,-104.395,39.6301,49.7935,-57.7371,507.583,4.59191,1.11126,71.3452,0.192607,0.000477842,1.02585,0.993285,0.749035,0.814168,0.341951,0.309384,0.227967,0.0651335,0.0488501,0.0162834,0,0,0,0,0
64758,64777,64768,20.4,-104.393,39.6295,50.5536,-58.3209,504.025,5.65232,1.25229,73.191,0.175337,0.000480695,1.28691,1.28691,1.03458,0.832708,0.529905,0.302803,0.227102,0.126168,0.0252336,0,0,0,0,0,0
64778,64795,64786,20.3,-104.392,39.6291,51.365,-58.825,500.564,4.34287,1.07535,70.2509,0.195984,0.000472212,0.859284,0.998627,0.83606,0.603821,0.41803,0.278687,0.185791,0.116119,0.0232239,0.0232239,0,0,0,0,0
64807,64816,64812,20.2,-104.391,39.6283,52.561,-55.073,505.98,4.78512,1.05918,61.5453,0.17432,0.000397846,1.12109,0.929681,0.929681,0.738276,0.546871,0.246092,0.136718,0.109374,0.0273436,0,0,0,0,0,0
64817,64835,64826,20.1,-104.39,39.6277,53.17,-55.2747,503.86,4.307,0.958605,54.5675,0.170772,0.000352222,0.936303,0.907494,0.734638,0.763447,0.475354,0.21607,0.158451,0.115237,0,0,0,0,0,0,0
64836,64855,64846,20,-104.388,39.6267,54.028,-56.4375,498.871,4.14941,0.82063,42.1095,0.153941,0.000242487,1.02012,0.813339,0.730627,0.730627,0.537631,0.17921,0.0964979,0.0413562,0,0,0,0,0,0,0
64856,64876,64866,19.9,-104.386,39.6258,54.9,-56.1361,497.295,6.05853,1.32225,74.897,0.169931,0.000482175,1.33104,1.28514,1.16275,0.979156,0.65787,0.21419,0.321285,0.0917959,0.0152993,0,0,0,0,0,0
64877,64896,64886,19.8,-104.384,39.6253,55.8741,-57.3976,491.925,6.2088,1.26822,68.4267,0.161865,0.00041485,1.27109,1.41776,1.27109,1.12443,0.602954,0.211849,0.211849,0.0814803,0.0162961,0,0,0,0,0,0
64899,64917,64908,19.7,-104.381,39.6252,56.7953,-58.1341,487.954,5.44869,1.11011,58.6003,0.158363,0.000342988,1.093,1.07669,1.23982,1.04406,0.505716,0.293642,0.130507,0.0489403,0.0163134,0,0,0,0,0,0
64920,64942,64931,19.6,-104.378,39.6256,57.7884,-57.8368,486.226,5.01328,1.08273,61.8515,0.171376,0.000393141,1.23875,0.976425,0.888984,0.859837,0.510073,0.276897,0.145735,0.087441,0.029147,0,0,0,0,0,0
64943,64964,64954,19.5,-104.375,39.6261,58.8059,-57.5106,484.528,4.50486,1.0195,57.7095,0.169816,0.000370224,1.08962,0.780626,0.569207,0.992046,0.569207,0.21142,0.195157,0.0975783,0,0,0,0,0,0,0
64965,64986,64976,19.4,-104.373,39.6261,59.7488,-57.3419,482.715,4.56387,1.00843,60.4847,0.179937,0.000386924,1.03724,1.0891,0.829794,0.587771,0.518621,0.224736,0.155586,0.103724,0,0.0172874,0,0,0,0,0
64987,65006,64996,19.3,-104.372,39.6258,60.7547,-57.448,480.181,4.29413,0.897678,49.2253,0.164509,0.000306702,1.03207,0.884628,0.810909,0.645041,0.516033,0.184297,0.129008,0.0921487,0,0,0,0,0,0,0
65007,65029,65018,19.2,-104.372,39.625,61.7006,-57.6706,477.57,4.75793,1.07536,60.8691,0.16981,0.000384057,1.02654,0.831008,0.814714,0.977656,0.537711,0.325885,0.146648,0.0814714,0.0162943,0,0,0,0,0,0
65030,65050,65040,19.1,-104.372,39.6237,62.7493,-57.2707,476.165,4.89829,0.996579,53.0019,0.159552,0.000320183,1.23378,0.994389,0.847072,0.847072,0.47878,0.276219,0.165731,0.0552438,0,0,0,0,0,0,0
65051,65072,65062,19,-104.372,39.6223,63.7812,-56.2431,476.196,4.67931,0.955799,51.3342,0.161125,0.000311587,1.0494,1.10101,0.82576,0.705337,0.602117,0.15483,0.20644,0.0172033,0.0172033,0,0,0,0,0,0
65073,65093,65083,18.9,-104.371,39.6211,64.8625,-56.4231,473.53,5.05568,1.19271,76.761,0.193076,0.000414861,0.997379,0.980182,0.773828,1.01457,0.756632,0.343924,0.0859809,0.0687847,0.0171962,0,0.0171962,0,0,0,0
65094,65116,65105,18.8,-104.37,39.6205,65.9047,-57.1473,469.803,5.35559,1.14275,64.0277,0.168089,0.000405487,1.45392,1.01223,0.864992,0.736164,0.754568,0.239253,0.202445,0.0736164,0.0184041,0,0,0,0,0,0
65116,65135,65126,18.7,-104.368,39.6195,67.0206,-58.0482,465.6,6.3557,1.21313,61.3136,0.151625,0.000343891,1.68721,1.21217,1.22855,1.06474,0.606085,0.393136,0.147426,0,0.0163807,0,0,0,0,0,0
65137,65157,65147,18.6,-104.365,39.6182,68.1365,-60.1165,458.962,7.36082,1.40468,75.4937,0.161233,0.000424351,1.78244,1.68342,1.25431,1.58439,0.594147,0.264065,0.0990245,0.0495122,0.0330082,0.0165041,0,0,0,0,0
65160,65184,65172,18.5,-104.362,39.6173,69.2917,-61.98,452.757,8.71041,1.66155,86.0159,0.155306,0.000498248,2.26408,1.65089,1.77667,1.7295,0.660356,0.28301,0.235841,0.0943366,0.0157228,0,0,0,0,0,0
65184,65208,65196,18.4,-104.359,39.6171,70.4785,-63.4895,447.35,10.1864,1.80124,88.0604,0.146666,0.000456712,2.36496,2.6214,1.9518,1.88057,0.812064,0.356169,0.142467,0.0427402,0,0.0142467,0,0,0,0,0
65209,65233,65221,18.3,-104.357,39.6174,71.7088,-64.6041,442.779,10.6062,1.83475,87.0608,0.142353,0.000451237,2.53361,2.58603,2.28898,1.8871,0.786292,0.314517,0.104839,0.104839,0,0,0,0,0,0,0
65234,65257,65246,18.2,-104.355,39.6177,72.909,-64.6405,440.598,11.751,2.06918,99.7549,0.14463,0.000511442,2.55456,2.66632,2.79405,2.2512,1.05375,0.255456,0.0478979,0.0798299,0.0478979,0,0,0,0,0,0
65258,65281,65270,18.1,-104.354,39.6176,74.1155,-64.9145,437.968,11.239,2.18132,149.332,0.205378,0.000615465,2.27645,2.70627,2.57892,2.18094,0.875559,0.382062,0.159193,0.0477578,0.0159193,0,0,0,0,0.0159193,0
65284,65307,65296,18,-104.353,39.6171,75.3655,-63.737,438.341,10.8648,1.83436,86.7434,0.141865,0.000442781,2.60565,2.74778,2.40036,1.94239,0.726424,0.252669,0.0631673,0.110543,0.0157918,0,0,0,0,0,0
65310,65332,65321,17.9,-104.351,39.6163,76.7016,-63.1474,437.374,11.565,2.00804,96.4421,0.144084,0.000500934,2.73385,2.71728,2.651,2.02139,0.944419,0.2651,0.13255,0.066275,0.0331375,0,0,0,0,0,0
65333,65354,65344,17.8,-104.349,39.615,78.0122,-64.185,433.118,11.8412,2.28386,133.534,0.175406,0.000667948,2.57264,2.80171,2.64312,2.25546,0.88104,0.317174,0.176208,0.158587,0,0.0176208,0,0,0.0176208,0,0
65359,65375,65367,17.7,-104.347,39.6141,79.3912,-63.9738,431.377,11.9787,2.17577,112.726,0.155429,0.00060657,2.68386,2.80227,2.60493,2.42732,0.986715,0.236812,0.0394686,0.118406,0.0592029,0.0197343,0,0,0,0,0
65379,65397,65388,17.6,-104.344,39.6136,80.7319,-64.0687,429.131,10.8124,1.99984,100.966,0.151461,0.000558932,2.60921,2.11504,2.43131,2.21388,0.84997,0.256968,0.217434,0.079067,0.0395335,0,0,0,0,0,0
65398,65401,65400,17.5,-104.342,39.6135,81.4575,-64.645,426.858,11.4803,2.23307,113.424,0.152378,0.000647709,2.77112,2.21689,2.05854,2.45442,1.18762,0.316699,0.395874,0.0791748,0,0,0,0,0,0,0
65402,65440,65421,17.4,-104.338,39.6135,83.2367,-66.3667,420.746,16.0732,2.30661,96.9357,0.126076,0.000429362,5.42871,3.83203,3.83203,1.80957,0.638672,0.319336,0.212891,0,0,0,0,0,0,0,0
65441,65464,65452,17.3,-104.337,39.6137,84.7443,-64.6467,422.055,16.0474,2.28505,103.6,0.136015,0.000492315,5.89313,4.30652,3.02212,1.72261,0.664866,0.241769,0.0604423,0.0906635,0.0302212,0.0151106,0,0,0,0,0
65465,65489,65477,17.2,-104.335,39.6136,86.3044,-67.0768,414.97,15.5614,2.26066,100.412,0.133252,0.000474849,5.43167,4.00296,2.9089,2.16237,0.656434,0.154455,0.167326,0.0257425,0.051485,0,0,0,0,0,0
65490,65513,65502,17.1,-104.334,39.6125,87.829,-65.3538,416.343,15.9328,2.3616,125.909,0.159945,0.000523919,5.98805,4.32049,2.74389,1.75852,0.697342,0.166756,0.136437,0.0606385,0.0303192,0,0,0.0303192,0,0,0
65514,65539,65526,17,-104.332,39.6109,89.248,-64.885,415.384,15.794,2.26219,100.79,0.133663,0.000465397,5.53506,4.35807,2.81525,1.98817,0.699835,0.20677,0.0954321,0.0636214,0.0159054,0.0159054,0,0,0,0,0
65540,65568,65554,16.9,-104.329,39.6086,90.7722,-64.7887,413.568,15.9661,2.303,108.934,0.141903,0.000462797,5.81712,4.16687,2.97044,1.80152,0.838875,0.192529,0.0962644,0.0412562,0.0275041,0,0,0.0137521,0,0,0
65569,65595,65582,16.8,-104.326,39.606,92.4025,-64.706,411.631,16.4463,2.19644,92.4404,0.126259,0.000410425,6.20108,4.8213,2.87057,1.68111,0.523364,0.142736,0.126876,0.0475786,0.0317191,0,0,0,0,0,0
65596,65623,65610,16.7,-104.321,39.6033,94.0547,-64.0912,410.765,16.2662,2.49415,179.886,0.21637,0.000650766,6.69239,4.40583,2.58401,1.54297,0.613469,0.24167,0,0.0929499,0.03718,0.01859,0,0.01859,0,0.01859,0
65624,65646,65635,16.6,-104.315,39.6011,95.4794,-64.56,408.08,15.387,2.069,85.674,0.124225,0.000366748,5.72367,4.25558,2.91758,1.561,0.594667,0.223,0.0371667,0.05575,0.0185833,0,0,0,0,0,0
65659,65678,65668,16.5,-104.307,39.599,97.235,-63.7575,407.526,14.5555,1.93689,79.0219,0.122395,0.000329077,5.29291,4.36015,2.47292,1.54015,0.650768,0.130154,0.0650768,0.0216923,0.0216923,0,0,0,0,0,0
65679,65705,65692,16.4,-104.302,39.5977,98.6887,-63.9658,405.402,15.8601,2.1575,93.8355,0.130478,0.000420704,5.88453,4.66908,2.66805,1.7787,0.518787,0.163047,0.0741124,0.0741124,0.0148225,0.0148225,0,0,0,0,0
65706,65731,65718,16.3,-104.295,39.5963,100.427,-63.066,405.114,14.8917,2.26772,155.524,0.205746,0.000607077,6.11215,3.99233,2.40246,1.37788,0.51229,0.247313,0.105991,0.0706607,0.0353304,0.0176652,0,0,0,0.0176652,0
65732,65756,65744,16.2,-104.29,39.5954,102.161,-62.9785,403.306,13.3967,1.7349,73.7829,0.127586,0.000329065,5.49653,3.65846,2.43897,1.29018,0.282779,0.0706949,0.0706949,0.0353474,0.0530212,0,0,0,0,0,0
65757,65784,65770,16.1,-104.284,39.5948,103.879,-63.0047,401.347,13.0484,1.91258,110.318,0.17304,0.000399329,5.0516,3.56035,2.21823,1.49125,0.410093,0.167765,0.0745624,0.0186406,0.0186406,0,0.0186406,0,0.0186406,0,0
65785,65811,65798,16,-104.279,39.5945,105.426,-64.2023,397.368,12.644,1.64467,70.2485,0.128139,0.000305988,5.3382,3.5158,1.99981,1.08054,0.435443,0.161275,0.0483825,0.0483825,0,0.0161275,0,0,0,0,0
65812,65838,65825,15.9,-104.274,39.5938,107.296,-62.7504,398.127,11.8586,1.45273,59.3251,0.122511,0.000248778,5.69662,2.94701,1.60746,1.12804,0.324312,0.0705027,0.0282011,0.0141005,0.0423016,0,0,0,0,0,0
65839,65865,65852,15.8,-104.269,39.5927,109.124,-62.6622,396.385,12.3233,1.66621,107.67,0.193859,0.000384284,5.74999,3.34545,1.85568,0.797157,0.300567,0.117613,0.0784089,0.0261363,0.0392044,0,0,0,0,0.0130681,0
65866,65893,65880,15.7,-104.264,39.5917,110.962,-64.247,391.517,12.3837,1.41544,56.1161,0.118937,0.000232209,6.60874,3.02643,1.6213,0.802932,0.108087,0.108087,0.046323,0.030882,0.030882,0,0,0,0,0,0
65894,65920,65907,15.6,-104.258,39.5905,112.834,-64.3659,389.43,13.232,1.52692,61.2972,0.120433,0.000265627,7.04412,3.68362,1.26019,0.64625,0.339281,0.0969375,0.12925,0,0.0323125,0,0,0,0,0,0
65922,65947,65934,15.5,-104.253,39.5892,114.708,-64.27,387.785,11.2899,1.40208,60.9799,0.130477,0.000277606,5.80471,2.87573,1.17159,0.834315,0.319525,0.142011,0.088757,0.0355028,0,0.0177514,0,0,0,0,0
65950,65978,65964,15.4,-104.247,39.5875,116.676,-63.925,386.536,11.5456,1.33446,50.6338,0.11383,0.00019909,5.86927,3.21604,1.20601,0.739688,0.289443,0.112561,0.112561,0,0,0,0,0,0,0,0
65979,66006,65992,15.3,-104.242,39.5854,118.65,-64.1868,384.205,10.5853,1.23144,46.5102,0.113307,0.000179387,5.43744,2.76698,1.06175,0.804355,0.370003,0.0482613,0.0965226,0,0,0,0,0,0,0,0
66007,66033,66020,15.2,-104.238,39.5836,120.643,-63.4329,383.766,11.215,1.4017,70.2518,0.150357,0.000275351,5.99366,2.85412,1.14165,0.671558,0.251834,0.201468,0.0503669,0,0.0335779,0,0,0.016789,0,0,0
66036,66060,66048,15.1,-104.233,39.5819,122.65,-62.807,383.099,10.5,1.20283,47.0299,0.117298,0.000196331,5.99999,2.41764,0.970587,0.582352,0.3,0.158823,0.017647,0.0529411,0,0,0,0,0,0,0
66061,66089,66075,15,-104.227,39.5799,124.707,-62.3795,382.053,11.04,1.34423,59.3963,0.132559,0.000278867,5.89693,2.96522,0.938148,0.670106,0.301548,0.100516,0.117269,0.0167526,0.0167526,0.0167526,0,0,0,0,0
66093,66115,66104,14.9,-104.222,39.5777,126.677,-61.7556,381.477,11.614,1.41988,63.3595,0.13387,0.000299675,6.71125,2.48404,1.0677,0.697273,0.305057,0.196108,0.0871592,0.0435796,0,0.0217898,0,0,0,0,0
66119,66143,66131,14.8,-104.217,39.5753,128.805,-61.7853,379.616,11.6981,1.45952,65.4041,0.134437,0.00032711,6.4908,2.58532,1.22849,0.733424,0.366712,0.110014,0.0733424,0.0550068,0.0550068,0,0,0,0,0,0
66146,66174,66160,14.7,-104.211,39.5731,130.796,-61.0613,379.24,11.3909,1.31198,52.6001,0.120277,0.000233108,6.69543,2.39123,1.23909,0.499984,0.282599,0.152169,0.0652153,0.0652153,0,0,0,0,0,0,0
66177,66204,66190,14.6,-104.204,39.5706,133.304,-60.2641,378.611,9.47642,1.18385,65.4141,0.165766,0.000278539,5.74699,1.99718,0.917073,0.387209,0.183415,0.0815176,0.0815176,0.0203794,0.0407588,0,0.0203794,0,0,0,0
66205,66231,66218,14.5,-104.199,39.5686,135.351,-59.951,377.525,10.497,1.23031,53.5938,0.130684,0.000248396,6.40525,2.14084,0.915036,0.46615,0.310767,0.138119,0.0517945,0.0517945,0,0.0172648,0,0,0,0,0
66234,66261,66248,14.4,-104.193,39.5664,137.622,-59.6914,376.186,11.1012,1.4086,75.7349,0.161298,0.000310389,6.42094,2.51254,0.952467,0.62403,0.26275,0.147797,0.114953,0.0164218,0.0328437,0,0,0,0.0164218,0,0
66264,66289,66276,14.3,-104.187,39.5642,139.963,-59.3505,374.974,9.87898,1.18699,63.0795,0.159428,0.000240553,6.086,2.01717,0.86204,0.517224,0.20689,0.086204,0.0344816,0.0344816,0,0.0172408,0,0.0172408,0,0,0
66292,66316,66304,14.2,-104.181,39.5623,142.121,-58.9371,374.065,10.5513,1.26361,56.442,0.134002,0.000291995,6.43671,2.30173,0.794404,0.488864,0.183324,0.162955,0.0407386,0.122216,0.0203693,0,0,0,0,0,0
66317,66348,66332,14.1,-104.174,39.5604,144.489,-57.9109,374.089,10.3443,1.1447,48.1563,0.126207,0.000212313,6.5177,2.27108,0.762213,0.311108,0.279997,0.0933323,0.0777769,0,0.0155554,0.0155554,0,0,0,0,0
66349,66376,66362,14,-104.167,39.5587,146.923,-57.4835,373.037,8.73924,0.956235,36.9266,0.11585,0.000155594,5.35278,1.94812,0.72827,0.364135,0.145654,0.10924,0.0546202,0.0364135,0,0,0,0,0,0,0
66377,66405,66391,13.9,-104.16,39.5569,149.232,-57.2438,371.795,8.39951,0.920852,38.4052,0.125119,0.000178362,5.27282,1.75761,0.83255,0.314519,0.0740045,0.0185011,0.0740045,0.0185011,0.0370022,0,0,0,0,0,0
66406,66434,66420,13.8,-104.152,39.5554,151.604,-56.4605,371.471,8.8187,0.997484,42.2742,0.127143,0.000204078,5.6203,1.81181,0.610099,0.388245,0.203366,0.0554635,0.0369757,0.0739514,0.0184878,0,0,0,0,0,0
66435,66464,66450,13.7,-104.144,39.554,153.996,-56.0695,370.481,7.57076,0.881139,35.394,0.120505,0.00015635,4.56006,1.49655,0.651438,0.440161,0.211277,0.140851,0.0352128,0.0352128,0,0,0,0,0,0,0
66465,66494,66480,13.6,-104.136,39.5527,156.513,-55.5359,369.668,8.47008,0.923415,35.995,0.116941,0.000155749,5.54693,1.54962,0.616326,0.387405,0.193702,0.0704372,0.0704372,0.0352186,0,0,0,0,0,0,0
66495,66524,66510,13.5,-104.127,39.5511,159.022,-55.3722,368.273,11.1644,1.09323,37.1934,0.102065,0.000120278,7.30882,2.48098,0.754351,0.335267,0.15087,0.10058,0.0167634,0.0167634,0,0,0,0,0,0,0
66525,66554,66540,13.4,-104.118,39.5493,161.636,-55.4364,366.459,12.5345,1.30033,48.521,0.111943,0.00019177,7.95258,2.80886,1.01821,0.421329,0.0877768,0.122888,0.105332,0,0.0175554,0,0,0,0,0,0
66557,66585,66571,13.3,-104.109,39.5471,164.303,-55.6438,364.395,14.297,1.67225,80.795,0.144945,0.000420743,9.0644,3.26834,0.998211,0.434705,0.112701,0.144902,0.112701,0.0805009,0.0483005,0.0322004,0,0,0,0,0
66586,66615,66600,13.2,-104.099,39.5442,167.112,-55.3479,363.127,15.3724,1.63712,76.11,0.139471,0.000257056,9.94446,3.54436,0.93166,0.587351,0.141774,0.141774,0.0202535,0,0.0405069,0,0,0.0202535,0,0,0
66616,66645,66630,13.1,-104.09,39.542,169.8,-56.3133,359.877,15.6906,1.56337,55.7858,0.107049,0.00020462,9.89429,4.07955,0.978353,0.332271,0.184595,0.129216,0.0184595,0.073838,0,0,0,0,0,0,0
66649,66676,66662,13,-104.08,39.5404,172.27,-54.3004,361.726,16.9358,1.81791,72.4725,0.119597,0.000302459,10.3441,4.23395,1.16226,0.647546,0.249056,0.149434,0.0498112,0.0830187,0,0.0166037,0,0,0,0,0
