data/B2SAP/Locations/Boulder/NOAA-POPS-B2SAP_GMLBalloon_20191108_R0.ict
61,1001
Thornberry, T. D.
NOAA Chemical Sciences Laboratory
Portable Optical Particle Spectrometer (POPS)
Balloon Baseline Stratospheric Aerosol Profiles (B2SAP)
1,1
2019,11,08,2024,05,30
0
TIME_START,s,Seconds since midnight UTC on flight start day,Start time of 100 m altitude bin in UTC_seconds_since_midnight
28
1.0,1.0,1.0,1.0,1.0,1.0,1.0,1.0,1.0,1.0,1.0,1.0,1.0,1.0,1.0,1.0,1.0,1.0,1.0,1.0,1.0,1.0,1.0,1.0,1.0,1.0,1.0,1.0
99999,99999,99999,99999,99999,99999,99999,99999,99999,99999,99999,99999,99999,99999,99999,99999,99999,99999,99999,99999,99999,99999,99999,99999,99999,99999,99999,99999
TIME_STOP,s,End time of 100 m altitude bin in UTC seconds since midnight,
TIME_MID,s,Mid time of 100 m altitude in UTC seconds since midnight,
GPSAlt,m,GPS reported altitude above sea level (m),
GPS_Lon,deg,GPS reported longitude,
GPS_Lat,deg,GPS reported latitude,
iMet_Pressure,mb,Pressure reported (mB),
iMet_Temperature,degrees C,Ambient temperature (oC),
THETA,K,Potential temperature from iMet,
Aerosol_concentration,cm^-3,Aerosol concentration,
Surface_Area_Conc,um^2 cm^-3,Surface area concentration,
Volume_density,um^3 cm^-3,Volume density,
Effective_radius,um,Effective radius,
Extinction,km^-1,Extinction,
Bin01,cm^-3,particle concentration in size range [140 - 170 nm],
Bin02,cm^-3,particle concentration in size range [170 - 205 nm],
Bin03,cm^-3,particle concentration in size range [205 - 249 nm],
Bin04,cm^-3,particle concentration in size range [249 - 302 nm],
Bin05,cm^-3,particle concentration in size range [302 - 366 nm],
Bin06,cm^-3,particle concentration in size range [366 - 443 nm],
Bin07,cm^-3,particle concentration in size range [443 - 537 nm],
Bin08,cm^-3,particle concentration in size range [537 - 651 nm],
Bin09,cm^-3,particle concentration in size range [651 - 789 nm],
Bin10,cm^-3,particle concentration in size range [789 - 956 nm],
Bin11,cm^-3,particle concentration in size range [956 - 1159 nm],
Bin12,cm^-3,particle concentration in size range [1159 - 1404 nm],
Bin13,cm^-3,particle concentration in size range [1404 - 1702 nm],
Bin14,cm^-3,particle concentration in size range [1702 - 2062 nm],
Bin15,cm^-3,particle concentration in size range [2062 - 2500 nm],
0
19
PI_CONTACT_INFO: 325 Broadway R/CSL6, Boulder, CO 80305; troy.thornberry@noaa.gov; 303-497-3373 
PLATFORM: GML ECC/FPH balloon
LOCATION: Boulder, CO, USA
ASSOCIATED_DATA: N/A
INSTRUMENT_INFO: Printed Optical Particle Spectrometer counts particles from 140 - 2500 nm in diameter 
DATA_INFO: Particle concentrations reported in number per cubic centimeter, binned to 100 m altitude
UNCERTAINTY: Counting uncertainty dominated by air flow, less than 5 percent
ULOD_FLAG: -77777
ULOD_VALUE: 3000 ~3000 per cm3 (varies depending on flow rate- manufacturer quotes 1250  per cm3 at 1.667 cc/s)
LLOD_FLAG: -88888
LLOD_VALUE: 0 0 (varies depending on data field and measurement precision)
DM_CONTACT_INFO: Troy Thornberry, 325 Broadway R/CSL6, Boulder, CO 80305; troy.thornberry@noaa.gov; 303-497-3373
PROJECT_INFO: B2SAP Boulder, CO, USA
STIPULATIONS_ON_USE: Please contact the PIs for questions regarding applications and uncertainties
OTHER_COMMENTS: POPS bin Edges (nm):  140, 170, 205, 249, 302, 366, 443, 537, 651, 789, 956, 1159, 1404, 1702, 2062, 2500
Calculations assume sulfate refractive index of 1.45+0.00j and extinction wavelength = 532 nm
REVISION: R0
R0: QA/QC data
TIME_START,TIME_STOP,TIME_MID,GPSAlt,GPS_Lon,GPS_Lat,iMet_Pressure,iMet_Temperature,THETA,Aerosol_concentration,Surface_Area_Conc,Volume_density,Effective_radius,Extinction,Bin01,Bin02,Bin03,Bin04,Bin05,Bin06,Bin07,Bin08,Bin09,Bin10,Bin11,Bin12,Bin13,Bin14,Bin15
[from data line 81]
63486,63514,63500,9.9,-105.019,39.7845,282.668,-43.4696,329.533,3.87084,0.980931,79.3466,0.242667,0.000486953,1.34893,0.781988,0.606041,0.488742,0.117298,0.117298,0.156398,0.195497,0.0195497,0.0195497,0.0195497,0,0,0,0
63515,63539,63527,10,-105.017,39.7795,278.922,-44.1839,329.763,2.85536,0.572337,34.7077,0.181926,0.000235267,1.04017,0.693444,0.407908,0.244745,0.122372,0.122372,0.183559,0,0.0407908,0,0,0,0,0,0
63541,63557,63549,10.1,-105.015,39.7752,274.377,-45.1207,329.966,3.06213,0.906626,98.3671,0.325494,0.000404949,0.883913,0.852345,0.56823,0.157842,0.252547,0.0631366,0.126273,0.0631366,0.0315683,0,0,0.0631366,0,0,0
63558,63583,63570,10.2,-105.014,39.7714,270.095,-45.8831,330.341,3.19576,0.798476,70.1745,0.263656,0.00032221,1.05916,0.566105,0.62089,0.365229,0.200876,0.164353,0.12783,0.0365229,0.0182615,0,0.0182615,0.0182615,0,0,0
63584,63608,63596,10.3,-105.012,39.7668,266.039,-46.6204,330.692,3.03713,0.698976,45.2022,0.194008,0.000301964,1.04401,0.607426,0.341677,0.284731,0.303713,0.246767,0.113892,0.0759283,0,0.0189821,0,0,0,0,0
63609,63634,63622,10.4,-105.011,39.7622,262.01,-47.4768,330.882,2.76626,0.77742,65.7589,0.253758,0.000387895,0.877571,0.476941,0.457863,0.32432,0.152621,0.209854,0.0953882,0.114466,0.0190776,0.0190776,0.0190776,0,0,0,0
63635,63658,63646,10.5,-105.009,39.7575,258.111,-48.385,330.972,2.78683,0.798064,58.484,0.219847,0.000422034,0.631392,0.587848,0.522531,0.217721,0.326582,0.130633,0.217721,0.0870886,0.0435443,0.0217721,0,0,0,0,0
63659,63678,63668,10.6,-105.008,39.7532,254.593,-49.2768,330.95,2.03617,0.468745,30.8109,0.197192,0.000220913,0.829551,0.377068,0.150827,0.251379,0.100552,0.150827,0.0754137,0.0754137,0.0251379,0,0,0,0,0,0
63679,63700,63690,10.7,-105.007,39.7489,250.071,-50.2638,331.179,2.0653,0.570971,40.0079,0.21021,0.000301721,0.56739,0.385825,0.340434,0.272347,0.0907824,0.113478,0.136174,0.136174,0.0226956,0,0,0,0,0,0
63701,63727,63714,10.8,-105.005,39.7435,246.334,-51.0752,331.395,2.44602,0.599068,44.8837,0.224768,0.000326077,0.864541,0.653678,0.295209,0.189777,0.126518,0.0210864,0.105432,0.147605,0.0210864,0.0210864,0,0,0,0,0
63728,63747,63738,10.9,-105.003,39.7389,242.804,-51.8918,331.549,2.53219,0.75894,72.3293,0.285909,0.000404871,0.863245,0.633047,0.287748,0.143874,0.201424,0.0287748,0.230199,0.0863245,0,0.0287748,0.0287748,0,0,0,0
63748,63773,63760,11,-105.002,39.7338,239.036,-52.6082,331.952,2.01608,0.505342,35.1848,0.208877,0.000262459,0.797571,0.310167,0.288012,0.155083,0.110774,0.088619,0.177238,0.0443095,0.0443095,0,0,0,0,0,0
63774,63800,63787,11.1,-105,39.7278,234.967,-53.3456,332.465,2.42597,0.759091,65.8267,0.260153,0.000479407,0.790485,0.599679,0.354356,0.0817744,0.0545162,0.190807,0.136291,0.109032,0.0545162,0.0545162,0,0,0,0,0
63801,63824,63812,11.2,-104.998,39.7224,231.876,-53.925,332.843,2.5417,0.46823,25.2859,0.162009,0.000162601,1.28451,0.273301,0.273301,0.218641,0.191311,0.13665,0.163981,0,0,0,0,0,0,0,0
63825,63841,63833,11.3,-104.996,39.7174,228.331,-54.552,333.367,2.51723,0.448617,22.9139,0.15323,0.000133323,0.915358,0.49037,0.424988,0.261531,0.196148,0.163457,0.0326913,0.0326913,0,0,0,0,0,0,0
63842,63861,63852,11.4,-104.995,39.7131,224.387,-55.1055,334.178,2.35974,0.511591,45.4091,0.266282,0.000211975,0.884904,0.663678,0.344129,0.196645,0.122903,0,0.0491613,0.0491613,0.0245807,0,0.0245807,0,0,0,0
63862,63884,63873,11.5,-104.994,39.7078,221.027,-55.2335,335.421,2.80187,0.55871,36.3649,0.195262,0.000237847,1.1423,0.538822,0.495716,0.258634,0.0431057,0.129317,0.107764,0.0646586,0,0.0215529,0,0,0,0,0
63885,63910,63898,11.6,-104.993,39.7017,217.497,-56.0288,335.734,2.5976,0.449904,27.6968,0.184685,0.000190244,1.28889,0.634528,0.277606,0.079316,0.118974,0.019829,0.099145,0.039658,0.039658,0,0,0,0,0,0
63911,63937,63924,11.7,-104.992,39.6952,213.959,-57.0156,335.788,2.62578,0.692542,71.3332,0.309006,0.000348878,1.34043,0.459053,0.330518,0.0918105,0.0550863,0.110173,0.0734484,0.0918105,0.0183621,0.0183621,0.0183621,0.0183621,0,0,0
63938,63965,63952,11.8,-104.991,39.6884,210.635,-57.8854,335.934,2.21546,0.411002,25.7833,0.188198,0.000180708,1.19133,0.313509,0.313509,0.0836023,0.0836023,0.0836023,0.0418012,0.0836023,0.0209006,0,0,0,0,0,0
63966,63997,63982,11.9,-104.99,39.6809,207.292,-58.7491,336.115,2.82222,0.777736,72.4642,0.27952,0.000397549,1.18502,0.608103,0.296255,0.124739,0.140331,0.124739,0.202701,0.0779619,0.0155924,0.0155924,0.0311848,0,0,0,0
63998,64031,64014,12,-104.989,39.6724,203.918,-59.47,336.555,2.67334,0.714754,63.1457,0.265038,0.000385038,1.06934,0.613296,0.28306,0.125804,0.220157,0.0786277,0.110079,0.0943532,0.0314511,0.0314511,0.0157255,0,0,0,0
64032,64067,64050,12.1,-104.987,39.663,200.717,-60.1344,337.038,2.95513,0.53805,33.754,0.188202,0.000220606,1.36605,0.599389,0.418178,0.181211,0.167271,0.0418178,0.0836357,0.0696964,0.0139393,0.0139393,0,0,0,0,0
64068,64099,64084,12.2,-104.985,39.6536,197.358,-60.7984,337.611,3.3801,0.528754,29.3041,0.166263,0.000171168,1.58786,0.817512,0.424477,0.220099,0.11005,0.0786069,0.11005,0.0157214,0,0.0157214,0,0,0,0,0
64100,64125,64112,12.3,-104.984,39.6454,194.417,-61.2827,338.285,3.7216,0.908757,80.2794,0.265019,0.000394474,1.46905,0.881431,0.430922,0.235048,0.195874,0.215461,0.156699,0.0783494,0.0195874,0,0.0195874,0.0195874,0,0,0
64126,64140,64133,12.4,-104.982,39.6395,191.482,-61.978,338.64,2.77875,0.799527,80.9901,0.303893,0.000414437,0.847179,0.881066,0.372759,0.23721,0.0677743,0.0677743,0.135549,0.0677743,0.0338872,0.0338872,0,0.0338872,0,0,0
64141,64155,64148,12.5,-104.981,39.6355,188.077,-62.3767,339.747,2.66759,0.302804,11.3123,0.112076,4.34135e-05,1.27028,0.762169,0.423427,0.169371,0,0,0.0423427,0,0,0,0,0,0,0,0
64156,64170,64163,12.6,-104.981,39.6319,185.113,-62.6213,340.895,2.8696,0.633172,42.1932,0.199913,0.000265611,0.74272,0.77648,0.5064,0.30384,0.20256,0.1688,0.10128,0.03376,0,0.03376,0,0,0,0,0
64171,64186,64178,12.7,-104.98,39.6283,182.304,-63.455,341.027,3.36442,0.931667,82.4399,0.265459,0.000474288,1.20611,0.666536,0.476097,0.317398,0.190439,0.0952195,0.222179,0.0952195,0.0634796,0,0.0317398,0,0,0,0
64187,64199,64193,12.8,-104.98,39.6251,179.575,-63.9846,341.631,4.07832,1.22208,92.0843,0.226052,0.000712971,1.37251,0.666648,0.50979,0.43136,0.156858,0.274502,0.313717,0.235287,0.117644,0,0,0,0,0,0
64200,64216,64208,12.9,-104.979,39.6223,176.369,-64.6724,342.273,3.482,1.29422,131.171,0.304054,0.000699247,0.930535,0.690397,0.540311,0.210121,0.180104,0.420242,0.180104,0.210121,0.0600345,0,0,0.0600345,0,0,0
64217,64235,64226,13,-104.979,39.6192,173.385,-65.0821,343.269,4.98684,1.53007,110.08,0.215833,0.000847373,1.40932,0.867276,0.56915,0.596252,0.216819,0.514945,0.406536,0.352331,0.0542048,0,0,0,0,0,0
64236,64254,64245,13.1,-104.978,39.616,170.551,-66.1274,343.153,4.71923,1.85914,188.352,0.303934,0.00115892,1.47305,0.709248,0.654691,0.381903,0.245509,0.43646,0.300067,0.272788,0.0818363,0.109115,0.0545576,0,0,0,0
64255,64275,64265,13.2,-104.978,39.6129,167.662,-66.9886,343.393,5.5287,1.57147,120.531,0.230098,0.00077258,1.44975,1.13031,0.761732,0.6143,0.466868,0.516012,0.319436,0.147432,0.098288,0,0.024572,0,0,0,0
64276,64295,64286,13.3,-104.977,39.6097,164.748,-67.9778,343.472,5.43344,1.54605,104.667,0.2031,0.000762596,1.40867,1.00619,0.603716,0.488722,0.689961,0.661213,0.316232,0.17249,0.0862451,0,0,0,0,0,0
64296,64314,64305,13.4,-104.976,39.6071,162.309,-68.6372,343.828,5.36593,1.64732,139.389,0.253846,0.000925467,1.76931,0.928162,0.812142,0.377066,0.435076,0.203035,0.377066,0.348061,0.0580101,0.0290051,0.0290051,0,0,0,0
64318,64336,64327,13.5,-104.975,39.604,159.439,-69.5829,343.982,6.80942,1.81192,130.112,0.215427,0.000927537,2.07378,1.39284,1.02141,0.557134,0.464279,0.464279,0.526182,0.216663,0.0309519,0.0619038,0,0,0,0,0
64337,64353,64345,13.6,-104.973,39.6015,156.717,-69.7381,345.416,7.04508,2.24212,170.447,0.228061,0.00125191,1.69604,1.43511,0.782787,0.750171,0.684938,0.391393,0.945867,0.260929,0,0.0978483,0,0,0,0,0
64354,64374,64364,13.7,-104.971,39.5995,154.016,-69.9945,346.706,12.5323,4.694,422.35,0.269929,0.00263056,2.96121,2.22091,1.29553,1.32197,1.03113,1.37485,1.21621,0.872499,0.0528787,0.0528787,0.105757,0.0264394,0,0,0
64375,64388,64382,13.8,-104.968,39.5976,151.752,-69.2429,349.46,19.1596,8.41526,758.468,0.27039,0.00525391,3.35479,2.49746,2.31108,2.05015,1.86377,2.4229,2.94476,0.894611,0.335479,0.372755,0.111826,0,0,0,0
64389,64404,64396,13.9,-104.964,39.5964,148.975,-68.4387,352.689,20.7531,9.69402,874.858,0.270741,0.00586902,2.62435,2.31357,2.17545,2.69341,2.58982,2.9006,3.3495,1.4503,0.276247,0.172654,0.207185,0,0,0,0
64405,64424,64414,14,-104.96,39.5953,146.296,-69.002,353.552,20.2959,9.37113,830.642,0.265915,0.00566673,2.45221,2.50438,2.08698,2.53047,2.37394,3.0783,3.31309,1.25219,0.417397,0.104349,0.182611,0,0,0,0
64425,64451,64438,14.1,-104.953,39.594,143.808,-69.4195,354.565,21.9548,10.1704,912.254,0.269091,0.00627514,2.65258,2.53416,3.24467,2.48679,2.1789,2.98415,3.50519,1.56313,0.449991,0.165786,0.18947,0,0,0,0
64453,64479,64466,14.2,-104.945,39.5921,141.495,-69.7192,355.683,22.2953,10.015,830.793,0.248865,0.00621463,2.51527,2.43478,2.85734,2.71649,2.73661,3.1793,3.40064,1.77075,0.442687,0.181099,0.0603664,0,0,0,0
64480,64510,64495,14.3,-104.937,39.5896,139.087,-70.0106,356.914,23.3174,11.6836,1077.29,0.276618,0.00747433,2.58332,2.60021,2.44825,2.98855,2.63398,3.2587,3.74835,2.04302,0.506534,0.30392,0.15196,0.0506534,0,0,0
64511,64540,64526,14.4,-104.928,39.5864,136.708,-69.7169,359.208,25.5445,11.717,996.383,0.255112,0.00719105,2.73627,2.80828,3.22232,2.97029,3.16831,3.85238,4.0684,1.9982,0.378038,0.216021,0.108011,0.0180018,0,0,0
64541,64568,64554,14.5,-104.92,39.5825,134.483,-69.4874,361.3,25.4237,11.3721,962.653,0.253952,0.00695607,2.86272,2.84,3.0672,3.36256,3.58976,3.31712,3.5216,2.13568,0.38624,0.2272,0.1136,0,0,0,0
64569,64596,64582,14.6,-104.912,39.5784,132.272,-68.5132,364.749,26.0655,12.3414,1103.51,0.268245,0.0074761,2.64728,2.77687,3.49885,3.03604,3.22117,3.79505,4.38745,1.90678,0.370249,0.185124,0.1481,0.0925622,0,0,0
64597,64620,64608,14.7,-104.904,39.5749,130.047,-66.2525,370.569,26.8593,12.1674,1022.96,0.252223,0.0073103,2.59243,2.99617,3.18742,3.63365,3.42116,3.9099,4.48363,1.99745,0.339991,0.148746,0.127497,0.0212494,0,0,0
64621,64643,64632,14.8,-104.898,39.572,127.861,-65.6365,373.484,28.0276,12.7516,1103.39,0.25959,0.00774028,3.11909,3.14121,3.80485,3.09697,3.5394,4.40212,3.89334,2.10152,0.575152,0.17697,0.0884849,0.0884849,0,0,0
64644,64665,64654,14.9,-104.893,39.5693,125.865,-65.5888,375.248,26.7758,11.656,1004.78,0.258609,0.00684303,3.5421,2.58153,3.87229,3.66217,2.97176,3.84227,3.5421,2.1913,0.240142,0.120071,0.180107,0.0300178,0,0,0
64666,64687,64676,15,-104.887,39.5666,123.831,-65.5359,377.089,26.1481,12.0254,1049.44,0.261807,0.00734309,2.63815,2.91831,3.57201,3.45528,3.17512,3.40859,4.27241,1.84437,0.490276,0.186772,0.186772,0,0,0,0
64688,64711,64700,15.1,-104.882,39.5637,121.764,-65.9887,378.091,21.8664,8.75204,692.59,0.237404,0.00504968,2.49647,3.05371,2.91997,2.8531,2.80852,3.09829,3.00913,1.15907,0.222899,0.200609,0.0445798,0,0,0,0
64712,64733,64722,15.2,-104.876,39.5612,119.782,-66.0391,379.772,19.2117,8.33085,730.162,0.262936,0.00492279,2.48868,2.39564,2.55846,2.30261,2.62823,2.39564,2.58171,1.25597,0.34888,0.0930347,0.162811,0,0,0,0
64734,64758,64746,15.3,-104.871,39.5591,117.799,-66.2828,381.133,18.849,6.64257,498.328,0.225061,0.00357978,2.93937,2.8366,2.58994,2.58994,2.42549,2.01439,2.2405,1.0072,0.102775,0.0616651,0.0411101,0,0,0,0
64759,64781,64770,15.4,-104.865,39.5574,115.762,-66.3183,382.98,20.7682,8.99922,799.429,0.266499,0.00527827,2.64889,2.62663,2.53759,2.96052,2.76019,2.67115,2.55985,1.38009,0.244855,0.200336,0.133557,0.0445191,0,0,0
64782,64804,64793,15.5,-104.859,39.5559,113.91,-66.7287,383.982,21.114,9.02654,761.731,0.253164,0.00532787,2.37337,2.64205,2.66444,3.20181,2.55249,2.79879,2.91074,1.3882,0.313464,0.156732,0.0671709,0.0447806,0,0,0
64806,64831,64818,15.6,-104.852,39.5544,111.957,-67.4684,384.497,20.2031,8.3956,699.002,0.249774,0.0049053,2.70338,2.51765,2.6002,2.72402,2.33193,2.76529,2.84784,1.23819,0.227002,0.144456,0.103183,0,0,0,0
64832,64856,64844,15.7,-104.845,39.5527,110.084,-67.9608,385.436,19.3798,7.67279,625.115,0.244415,0.00438052,2.73167,2.75318,2.40903,2.51658,2.323,2.77469,2.34451,1.03244,0.322638,0.0860369,0.0645277,0.0215092,0,0,0
64857,64881,64869,15.8,-104.838,39.5512,108.271,-67.8164,387.542,22.9772,10.1986,845.233,0.248631,0.00617359,2.51184,2.55302,2.80009,3.04715,2.69714,3.56188,3.58246,1.60593,0.350011,0.1853,0.0617666,0.0205889,0,0,0
64882,64906,64894,15.9,-104.83,39.5495,106.458,-67.6232,389.776,24.2432,11.5645,1030.44,0.26731,0.00719444,2.30691,2.71886,2.98663,3.29559,2.98663,3.29559,3.93411,1.89496,0.308961,0.350156,0.123584,0.0411948,0,0,0
64907,64928,64918,16,-104.822,39.5475,104.572,-67.6386,391.746,26.8451,12.5505,1093.81,0.261458,0.00775447,2.6747,2.94462,3.28816,3.36178,3.70532,3.85255,3.99978,2.11031,0.441693,0.319001,0.0736155,0.0736155,0,0,0
64930,64951,64940,16.1,-104.815,39.545,102.916,-67.5367,393.736,27.4158,12.4373,1052.03,0.253758,0.00740694,2.43205,2.77598,3.1199,4.34821,3.61122,4.42191,4.10255,1.89159,0.294794,0.270228,0.122831,0.0245662,0,0,0
64952,64974,64963,16.2,-104.808,39.5422,101.173,-66.9843,396.718,25.7258,12.5738,1106.81,0.264075,0.00772091,2.18469,2.42991,2.7643,3.3885,3.83435,3.83435,4.32479,2.20698,0.356684,0.200635,0.133756,0.0668782,0,0,0
64974,64995,64984,16.3,-104.802,39.5392,99.4905,-67.1223,398.36,25.3737,12.2657,1087.32,0.265941,0.00743067,1.87606,2.9548,2.60304,3.25966,3.93973,4.05699,3.93973,1.82916,0.562819,0.117254,0.211057,0.0234508,0,0,0
64997,65021,65009,16.4,-104.795,39.5362,97.7892,-67.6492,399.307,24.7875,11.8224,1017.79,0.258268,0.00746532,2.35481,2.43744,2.78859,3.57353,3.24303,3.55288,3.88338,1.983,0.599031,0.268531,0.103281,0,0,0,0
65022,65045,65034,16.5,-104.789,39.5335,96.1054,-67.0533,402.45,25.1765,11.7469,993.887,0.253826,0.00714372,2.046,2.15368,3.27359,3.72587,3.57511,3.66126,4.04892,2.02446,0.323052,0.215368,0.129221,0,0,0,0
65046,65072,65059,16.6,-104.781,39.5305,94.5656,-66.9167,404.586,24.1818,12.3796,1117.32,0.270766,0.0078967,2.08695,2.18268,2.3167,3.27402,3.73353,3.17829,4.25048,2.20183,0.478658,0.287195,0.191463,0,0,0,0
65073,65099,65086,16.7,-104.774,39.5266,92.9963,-66.4774,407.391,25.1303,11.5122,960.064,0.250186,0.00712072,2.36611,2.88131,3.01488,3.11028,3.16753,4.0262,3.94987,1.77458,0.534282,0.228978,0.076326,0,0,0,0
65100,65129,65114,16.8,-104.767,39.5228,91.4317,-66.158,409.996,23.7919,10.9281,956.634,0.262616,0.00664308,2.62461,2.59053,2.76096,3.4938,2.94843,3.15294,3.68128,1.82359,0.340859,0.204515,0.136344,0.0340859,0,0,0
65130,65156,65143,16.9,-104.76,39.5196,89.8985,-66.6689,410.974,24.2326,11.6129,1037.25,0.267956,0.00710259,2.41945,2.4385,2.64806,3.29578,3.48629,3.48629,3.73395,1.86698,0.457218,0.190508,0.152406,0.0571523,0,0,0
65157,65181,65169,17,-104.753,39.5168,88.4984,-66.6596,412.837,22.4789,9.99968,823.09,0.246935,0.0059391,2.06418,2.60086,2.6215,3.0137,2.97241,3.59167,3.40589,1.73391,0.268343,0.103209,0.0825671,0.0206418,0,0,0
65182,65204,65193,17.1,-104.747,39.5142,87.0196,-66.1222,415.903,23.2099,10.4376,872.77,0.250854,0.00630249,1.96203,2.92074,2.94304,3.07681,2.85386,3.54503,3.52273,1.76137,0.379028,0.133775,0.111479,0,0,0,0
65205,65227,65216,17.2,-104.741,39.5118,85.5395,-65.695,418.818,24.0334,11.4016,988.737,0.260156,0.0068696,1.81296,2.62647,3.11458,2.81242,3.30053,3.85836,3.97458,1.92918,0.278918,0.139459,0.139459,0.0464863,0,0,0
65228,65248,65238,17.3,-104.736,39.5097,84.1576,-65.9605,420.23,23.5026,10.3231,842.975,0.244976,0.00615737,2.51378,2.41615,3.29475,2.78224,2.95308,3.44119,3.90489,1.68399,0.341678,0.0732167,0.0732167,0.0244056,0,0,0
65249,65269,65259,17.4,-104.731,39.508,82.7555,-65.9405,422.287,24.0626,10.9734,923.515,0.252478,0.00670681,2.25027,2.60827,3.04298,3.24755,3.22198,3.32426,3.78455,1.84113,0.485854,0.153428,0.0255713,0.0767138,0,0,0
