data/B2SAP/Locations/Boulder/NOAA-POPS-B2SAP_GMLBalloon_20200124_R0.ict
61,1001
Thornberry, T. D.
NOAA Chemical Sciences Laboratory
Portable Optical Particle Spectrometer (POPS)
Balloon Baseline Stratospheric Aerosol Profiles (B2SAP)
1,1
2020,01,24,2024,05,30
0
TIME_START,s,Seconds since midnight UTC on flight start day,Start time of 100 m altitude bin in UTC_seconds_since_midnight
28
1.0,1.0,1.0,1.0,1.0,1.0,1.0,1.0,1.0,1.0,1.0,1.0,1.0,1.0,1.0,1.0,1.0,1.0,1.0,1.0,1.0,1.0,1.0,1.0,1.0,1.0,1.0,1.0
99999,99999,99999,99999,99999,99999,99999,99999,99999,99999,99999,99999,99999,99999,99999,99999,99999,99999,99999,99999,99999,99999,99999,99999,99999,99999,99999,99999
TIME_STOP,s,End time of 100 m altitude bin in UTC seconds since midnight,
TIME_MID,s,Mid time of 100 m altitude in UTC seconds since midnight,
GPSAlt,m,GPS reported altitude above sea level (m),
GPS_Lon,deg,GPS reported longitude,
GPS_Lat,deg,GPS reported latitude,
iMet_Pressure,mb,Pressure reported (mB),
iMet_Temperature,degrees C,Ambient temperature (oC),
THETA,K,Potential temperature from iMet,
Aerosol_concentration,cm^-3,Aerosol concentration,
Surface_Area_Conc,um^2 cm^-3,Surface area concentration,
Volume_density,um^3 cm^-3,Volume density,
Effective_radius,um,Effective radius,
Extinction,km^-1,Extinction,
Bin01,cm^-3,particle concentration in size range [140 - 170 nm],
Bin02,cm^-3,particle concentration in size range [170 - 205 nm],
Bin03,cm^-3,particle concentration in size range [205 - 249 nm],
Bin04,cm^-3,particle concentration in size range [249 - 302 nm],
Bin05,cm^-3,particle concentration in size range [302 - 366 nm],
Bin06,cm^-3,particle concentration in size range [366 - 443 nm],
Bin07,cm^-3,particle concentration in size range [443 - 537 nm],
Bin08,cm^-3,particle concentration in size range [537 - 651 nm],
Bin09,cm^-3,particle concentration in size range [651 - 789 nm],
Bin10,cm^-3,particle concentration in size range [789 - 956 nm],
Bin11,cm^-3,particle concentration in size range [956 - 1159 nm],
Bin12,cm^-3,particle concentration in size range [1159 - 1404 nm],
Bin13,cm^-3,particle concentration in size range [1404 - 1702 nm],
Bin14,cm^-3,particle concentration in size range [1702 - 2062 nm],
Bin15,cm^-3,particle concentration in size range [2062 - 2500 nm],
0
19
PI_CONTACT_INFO: 325 Broadway R/CSL6, Boulder, CO 80305; troy.thornberry@noaa.gov; 303-497-3373 
PLATFORM: GML ECC/FPH balloon
LOCATION: Boulder, CO, USA
ASSOCIATED_DATA: N/A
INSTRUMENT_INFO: Printed Optical Particle Spectrometer counts particles from 140 - 2500 nm in diameter 
DATA_INFO: Particle concentrations reported in number per cubic centimeter, binned to 100 m altitude
UNCERTAINTY: Counting uncertainty dominated by air flow, less than 5 percent
ULOD_FLAG: -77777
ULOD_VALUE: 3000 ~3000 per cm3 (varies depending on flow rate- manufacturer quotes 1250  per cm3 at 1.667 cc/s)
LLOD_FLAG: -88888
LLOD_VALUE: 0 0 (varies depending on data field and measurement precision)
DM_CONTACT_INFO: Troy Thornberry, 325 Broadway R/CSL6, Boulder, CO 80305; troy.thornberry@noaa.gov; 303-497-3373
PROJECT_INFO: B2SAP Boulder, CO, USA
STIPULATIONS_ON_USE: Please contact the PIs for questions regarding applications and uncertainties
OTHER_COMMENTS: POPS bin Edges (nm):  140, 170, 205, 249, 302, 366, 443, 537, 651, 789, 956, 1159, 1404, 1702, 2062, 2500
Calculations assume sulfate refractive index of 1.45+0.00j and extinction wavelength = 532 nm
REVISION: R0
R0: QA/QC data
TIME_START,TIME_STOP,TIME_MID,GPSAlt,GPS_Lon,GPS_Lat,iMet_Pressure,iMet_Temperature,THETA,Aerosol_concentration,Surface_Area_Conc,Volume_density,Effective_radius,Extinction,Bin01,Bin02,Bin03,Bin04,Bin05,Bin06,Bin07,Bin08,Bin09,Bin10,Bin11,Bin12,Bin13,Bin14,Bin15
61298,61298,61298,1.7,-105.197,39.9492,822.42,2.54,291.529,606.099,149.845,10883.7,0.217899,0.0640877,155.601,120.157,97.4721,83.2943,52.8122,40.7611,39.6977,14.5322,1.06333,0.354444,0,0,0,0,0.354444
61613,61629,61621,1.8,-105.197,39.949,819.115,1.24133,290.488,606.484,150.331,10354.9,0.206641,0.0645731,157.482,122.696,96.4091,75.9001,55.1523,44.48,38.2962,11.9855,2.60242,0.620762,0.477509,0.0955018,0.119377,0.0955018,0.0716264
61630,61646,61638,1.9,-105.197,39.9491,810.07,2.936,293.21,322.294,80.943,5960.33,0.220908,0.0350602,86.1706,63.3021,49.5763,41.2976,29.8513,23.7803,20.0369,5.90308,1.31979,0.551914,0.19197,0.0719888,0.0479925,0.095985,0.095985
61647,61665,61656,2,-105.196,39.9491,799.875,4.79632,296.26,89.5244,22.3996,1639.2,0.21954,0.00924507,22.1606,18.5579,14.7112,11.8403,8.36887,6.90526,4.65354,1.74508,0.168879,0.112586,0.13135,0.0750571,0.0750571,0,0.0187643
61666,61682,61674,2.1,-105.194,39.9491,790.069,4.65471,297.154,49.3705,12.2325,809.085,0.198427,0.00510242,11.7579,9.89915,8.62521,6.47413,4.7825,3.38325,3.1953,1.02333,0.0835371,0.0417686,0.0626529,0.0417686,0,0,0
61683,61701,61692,2.2,-105.192,39.9491,779.994,4.09895,297.645,36.8711,9.18809,670.08,0.218788,0.003834,8.58513,7.62914,6.29826,4.8924,3.86143,2.49306,2.1744,0.768538,0.0937241,0.0187448,0.0187448,0.0187448,0,0,0.0187448
61702,61718,61710,2.3,-105.19,39.9489,770.106,3.54444,298.135,32.3092,8.12275,572.949,0.211609,0.00347479,7.85417,6.38647,5.81129,4.22459,2.59822,2.41972,2.20155,0.634681,0.119003,0,0.0198338,0.0198338,0,0.0198338,0
61720,61737,61728,2.4,-105.189,39.9486,760.551,2.91176,298.521,30.917,8.11043,595.936,0.220433,0.00353014,7.50901,6.06175,4.6774,4.02718,3.39793,2.41211,1.90872,0.734121,0.0838996,0.0209749,0.0419498,0.0209749,0,0.0209749,0
61738,61754,61746,2.5,-105.188,39.9481,751.741,2.39812,298.956,32.0476,8.06222,533.114,0.198375,0.00336097,7.70224,6.41853,4.97718,4.30154,3.13044,2.70254,2.04943,0.630592,0.0450423,0.0225212,0.0225212,0.0450423,0,0,0
61755,61774,61764,2.6,-105.187,39.9476,742.427,1.622,299.175,33.5324,9.12368,646.741,0.212658,0.00407243,7.58514,6.31198,5.59471,4.33949,3.40704,2.56424,2.74356,0.771066,0.0717271,0.0358635,0.0537953,0.0358635,0.0179318,0,0
61775,61793,61784,2.7,-105.186,39.9471,733.137,0.894737,299.463,31.1975,8.63564,621.323,0.215846,0.00389628,6.51211,6.3228,4.82729,4.20258,3.5968,2.57455,2.08236,0.738291,0.189305,0.0378611,0.0946527,0.0189305,0,0,0
61794,61810,61802,2.8,-105.186,39.9465,724.277,0.0347059,299.562,30.885,8.94925,651.975,0.218557,0.00428033,6.32508,5.81738,4.84429,4.56929,3.00388,2.53849,2.64426,0.803856,0.105771,0.148079,0.0846164,0,0,0,0
61811,61829,61820,2.9,-105.186,39.946,715.004,-0.750556,299.799,29.8866,8.14729,540.471,0.199012,0.0037054,6.50319,5.11825,4.91754,4.29532,3.03081,2.87024,2.22794,0.702505,0.120429,0.0802863,0.0200716,0,0,0,0
61830,61848,61839,3,-105.185,39.9459,705.877,-1.63316,299.927,28.1521,7.84282,559.104,0.213866,0.003484,6.16066,4.9209,4.57758,3.87187,2.91821,2.84191,2.07898,0.553124,0.0953662,0.0381465,0.0572197,0.0190732,0.0190732,0,0
61849,61867,61858,3.1,-105.185,39.9457,696.675,-2.42333,300.182,23.2047,6.34708,414.76,0.19604,0.00295022,4.90752,4.82674,3.29187,2.82738,2.42347,2.2821,1.97916,0.464498,0.161564,0.0403911,0,0,0,0,0
61868,61885,61876,3.2,-105.185,39.9456,688.084,-3.15563,300.43,23.4602,7.42485,584.526,0.236177,0.00371312,5.21846,3.82229,3.66208,2.92966,2.24302,2.12858,2.26591,0.892631,0.160216,0,0.0686639,0.0686639,0,0,0
61886,61905,61896,3.3,-105.185,39.9453,679.359,-3.945,300.642,24.539,7.03311,493.928,0.210687,0.00330188,5.41741,4.31556,3.62691,3.23667,2.59393,2.34142,2.27256,0.505013,0.137731,0.0459102,0.0229551,0,0.0229551,0,0
61906,61925,61916,3.4,-105.184,39.9448,670.769,-4.64529,300.959,21.6078,6.15385,423.658,0.206533,0.00304934,4.75371,4.34316,3.13313,2.54972,2.26882,1.83666,1.6638,0.885918,0.0648233,0.108039,0,0,0,0,0
61928,61943,61936,3.5,-105.184,39.9442,662.549,-5.18353,301.413,18.4833,4.55777,314.17,0.206792,0.00198736,5.07639,4.10016,2.75513,2.03923,1.51858,1.23656,1.14978,0.477267,0.0867758,0,0.021694,0,0.021694,0,0
61944,61962,61953,3.6,-105.184,39.9431,654.811,-5.31412,302.276,16.5383,3.84451,254.284,0.198426,0.00163322,5.01748,3.68236,2.15343,1.98115,1.27052,1.07671,0.904439,0.323014,0.0646028,0.0430685,0,0.0215343,0,0,0
61963,61983,61973,3.7,-105.183,39.9418,645.95,-6.11889,302.547,16.5744,4.39747,335.916,0.229165,0.00205588,4.82313,3.43342,2.5955,1.55321,1.24666,1.18535,1.02185,0.510925,0.102185,0.020437,0.061311,0.020437,0,0,0
61984,62001,61992,3.8,-105.183,39.9407,638.129,-6.92824,302.682,17.9087,4.75712,388.587,0.245056,0.00225955,5.25321,3.56003,2.9088,1.56294,1.62806,1.1505,1.06367,0.629517,0.043415,0.0651225,0,0,0.0217075,0.0217075,0
62003,62019,62011,3.9,-105.183,39.9395,629.814,-7.77875,302.845,18.5203,4.98913,400.812,0.241011,0.00231403,5.28822,3.32534,2.8404,2.12452,1.47793,1.63958,1.17773,0.461853,0.115463,0.0230926,0,0,0.0230926,0.0230926,0
62020,62040,62030,4,-105.182,39.9382,621.722,-8.19474,303.491,17.7395,4.49321,380.046,0.253747,0.00195544,5.89358,3.48524,2.29086,1.99716,1.3706,1.21396,1.03774,0.2937,0,0.05874,0.03916,0.03916,0,0.01958,0
62041,62058,62050,4.1,-105.181,39.9365,613.769,-8.54167,304.213,16.9705,3.89505,243.753,0.18774,0.00168513,5.32002,3.62916,2.45381,1.5259,1.4228,1.17535,0.948532,0.371165,0.103101,0.0206203,0,0,0,0,0
62060,62075,62068,4.2,-105.18,39.9347,605.811,-8.55562,305.329,15.001,3.34682,235.378,0.210987,0.00139338,5.25616,3.27929,1.93036,1.60476,1.11635,0.627949,0.767493,0.302346,0.0232574,0.0465147,0.0232574,0.0232574,0,0,0
62076,62092,62084,4.3,-105.178,39.9329,598.079,-8.89875,306.055,15.3312,3.00482,171.224,0.170949,0.00113018,5.18007,3.90248,2.34613,1.23114,0.766558,0.905932,0.673642,0.301977,0.023229,0,0,0,0,0,0
62093,62108,62100,4.4,-105.177,39.9311,590.612,-9.50875,306.45,13.7597,2.71934,178.937,0.197406,0.0011014,5.29398,3.24169,2.02897,1.16607,0.746288,0.349822,0.559716,0.209893,0.116607,0.0233215,0.0233215,0,0,0,0
62109,62126,62118,4.5,-105.176,39.9291,582.838,-10.3512,306.626,10.9017,2.51888,218.093,0.259749,0.00112742,4.14045,2.22439,1.5857,0.858923,0.638686,0.638686,0.594639,0.066071,0.0880947,0.0440473,0,0,0,0.0220237,0
62127,62142,62134,4.6,-105.175,39.9269,575.501,-11.1586,306.792,9.68015,1.88968,130.494,0.207169,0.000753485,3.94673,2.1867,1.52002,0.746678,0.346672,0.346672,0.373339,0.0800012,0.0800012,0.0266671,0.0266671,0,0,0,0
62143,62157,62150,4.7,-105.173,39.9249,568.041,-12.03,306.918,10.3182,2.00277,133.777,0.200387,0.000736808,3.85927,2.62644,1.44722,0.830814,0.482408,0.536009,0.428807,0.0268005,0,0.0536009,0.0268005,0,0,0,0
62158,62173,62166,4.8,-105.172,39.923,560.464,-12.8313,307.148,9.73197,1.76142,93.708,0.1596,0.000580197,3.62887,2.23859,1.5081,0.824743,0.40059,0.706923,0.306333,0.11782,0,0,0,0,0,0,0
62174,62189,62182,4.9,-105.171,39.9212,553.153,-13.7219,307.248,9.36946,1.73415,94.968,0.16429,0.000610703,3.4135,2.40122,1.05936,1.05936,0.494369,0.329579,0.470827,0.141248,0,0,0,0,0,0,0
62190,62205,62198,5,-105.17,39.9195,546.102,-14.5856,307.353,9.6842,2.20224,148.628,0.202469,0.000909251,3.02336,2.17304,1.44082,0.96842,0.7086,0.61412,0.54326,0.14172,0.02362,0.02362,0.02362,0,0,0,0
62206,62222,62214,5.1,-105.168,39.9175,538.657,-15.4273,307.553,9.17271,1.93079,132.704,0.20619,0.000771422,3.39542,2.12847,1.26695,0.785508,0.456102,0.456102,0.532118,0.0760169,0.025339,0.025339,0,0.025339,0,0,0
62223,62240,62232,5.2,-105.166,39.9156,531.471,-16.2767,307.716,9.25659,1.81869,125.688,0.207327,0.000650571,3.50821,2.19791,1.24689,0.972154,0.486077,0.401542,0.190204,0.211338,0,0,0.0422676,0,0,0,0
62241,62256,62248,5.3,-105.164,39.9138,524.725,-16.7707,308.246,8.89329,1.64012,91.9459,0.168182,0.000596627,3.27781,2.36307,1.11801,0.83851,0.355732,0.40655,0.355732,0.152456,0.0254094,0,0,0,0,0,0
62257,62271,62264,5.4,-105.162,39.9121,518.105,-17.3369,308.69,11.9045,2.2307,119.898,0.161248,0.000752078,4.6852,2.21,1.65013,1.1492,0.913466,0.677733,0.500933,0.117867,0,0,0,0,0,0,0
62272,62287,62280,5.5,-105.16,39.9103,510.821,-17.958,309.189,15.4619,2.96446,166.269,0.168263,0.00108171,5.51294,3.5129,2.35902,1.56414,0.794889,0.717964,0.717964,0.256416,0.0256416,0,0,0,0,0,0
62288,62302,62295,5.6,-105.158,39.9087,503.965,-18.4492,309.785,15.5735,3.1773,204.199,0.192804,0.00126873,6.25906,2.90705,2.40277,1.24588,1.00857,0.62294,0.652604,0.415293,0.0296638,0,0.0296638,0,0,0,0
62303,62316,62310,5.7,-105.156,39.9071,497.689,-18.5693,310.748,14.9503,3.57306,256.783,0.215599,0.00155319,4.69945,3.13296,2.36346,1.56648,0.961875,0.934393,0.851946,0.274821,0.0824464,0.0274821,0.0549643,0,0,0,0
62318,62334,62326,5.8,-105.154,39.9053,490.778,-19.03,311.424,13.5716,3.73025,377.902,0.303923,0.00175369,4.09411,3.07624,1.83217,1.19883,1.15359,0.927395,0.859537,0.226194,0.113097,0.0226194,0.0226194,0.0226194,0,0,0.0226194
62335,62350,62342,5.9,-105.151,39.9033,484.086,-19.9664,311.502,13.591,3.54976,282.391,0.238656,0.00162333,4.35574,2.70166,1.9849,1.26813,0.992448,1.02002,0.82704,0.27568,0,0.082704,0.082704,0,0,0,0
62351,62366,62358,6,-105.149,39.9014,477.625,-20.8971,311.552,14.7896,4.22621,454.961,0.322957,0.00208262,4.66164,2.96902,2.13659,1.58163,1.24865,0.749193,0.776941,0.38847,0.110992,0.0832436,0.0277479,0.0277479,0,0,0.0277479
62368,62386,62377,6.1,-105.146,39.8996,470.775,-21.76,311.769,14.0072,3.60485,317.081,0.263879,0.00162068,4.36439,2.94767,1.80517,1.82802,1.07396,0.822607,0.639805,0.388453,0.0228502,0.0457004,0.0228502,0.0228502,0,0.0228502,0
62387,62401,62394,6.2,-105.143,39.8978,464.802,-22.2773,312.262,13.7446,3.37599,226.837,0.201573,0.00160879,4.3227,3.08025,1.70837,1.13892,1.1648,1.06126,0.750649,0.258844,0.23296,0.0258844,0,0,0,0,0
62402,62418,62410,6.3,-105.14,39.8961,458.457,-22.4571,313.263,12.3621,3.2706,262.279,0.240579,0.00155342,3.88457,2.39929,1.78233,1.46242,0.914016,0.776913,0.616961,0.274205,0.114252,0.0685512,0.0685512,0,0,0,0
62419,62435,62427,6.4,-105.137,39.8942,452.361,-22.8531,313.971,11.2588,2.63768,170.767,0.194224,0.0012196,3.30711,2.82077,1.5806,1.16721,0.656558,0.607924,0.632241,0.364754,0.121585,0,0,0,0,0,0
62436,62450,62443,6.5,-105.134,39.8923,446.409,-23.5107,314.337,9.39017,1.87703,122.331,0.195517,0.000686193,3.37155,2.31271,1.19815,0.919512,0.55728,0.585144,0.222912,0.167184,0.027864,0,0.027864,0,0,0,0
62452,62467,62460,6.6,-105.131,39.8905,440.264,-24.3981,314.46,9.95847,2.50574,179.693,0.215137,0.0011464,3.0585,1.93297,1.51702,0.97872,0.831912,0.709572,0.6117,0.195744,0.048936,0.048936,0.024468,0,0,0,0
62469,62485,62477,6.7,-105.128,39.8886,434.065,-25.1985,314.718,10.0837,2.94402,262.962,0.267963,0.00150674,3.2401,2.08941,1.4535,0.847877,0.666189,0.514783,0.817596,0.211969,0.0605627,0.090844,0.090844,0,0,0,0
62486,62503,62494,6.8,-105.125,39.8866,428.224,-26.0681,314.828,11.0835,2.7404,217.597,0.238209,0.00112467,3.33245,2.49316,1.57983,1.30829,0.715859,0.789914,0.592435,0.172794,0,0.0246848,0.0246848,0.0246848,0.0246848,0,0
62504,62518,62511,6.9,-105.123,39.8846,422.299,-27.0453,314.838,12.1001,2.89262,199.36,0.206761,0.00138409,3.76974,2.95252,1.55535,1.31809,0.659045,0.711769,0.632684,0.316342,0.105447,0.0790855,0,0,0,0,0
62519,62535,62527,7,-105.12,39.8827,416.684,-27.9125,314.934,14.5188,3.64835,273.295,0.224728,0.00168818,4.33582,3.17134,2.15552,1.58567,1.09015,0.966268,0.619403,0.346865,0.123881,0.0743283,0.0495522,0,0,0,0
62536,62554,62545,7.1,-105.118,39.8806,410.365,-28.8524,315.097,18.4868,4.72339,478.628,0.303995,0.00207821,5.30204,4.29325,2.95601,1.90029,1.59531,1.10264,0.821113,0.328445,0.0938415,0.0234604,0.0234604,0,0,0.0234604,0.0234604
62555,62572,62564,7.2,-105.115,39.8785,404.793,-29.6056,315.352,21.4686,5.07334,434.694,0.257046,0.00204087,7.0732,4.38339,3.16301,2.64,1.84302,1.12075,0.647546,0.348679,0.0996225,0.0249056,0.0249056,0.0498113,0.0249056,0.0249056,0
62573,62590,62582,7.3,-105.112,39.8762,399.141,-30.3114,315.701,23.0996,5.29606,386.578,0.21898,0.00222779,7.85215,4.93972,2.79822,2.76967,2.11294,1.19924,0.656725,0.428299,0.17132,0.0856598,0.0571066,0.0285533,0,0,0
62591,62611,62601,7.4,-105.108,39.8739,393.602,-30.7089,316.454,20.4091,4.7405,340.808,0.215679,0.00198221,6.45832,4.26334,3.16585,2.42715,1.45629,1.18192,0.780909,0.443218,0.126634,0.0211056,0.0844225,0,0,0,0
62612,62632,62622,7.5,-105.104,39.8715,387.811,-31.2133,317.135,15.1764,3.81523,279.415,0.21971,0.00167489,4.19584,3.07992,2.67819,1.69619,1.20519,0.892731,0.937368,0.334774,0.0669548,0.0223183,0.0669548,0,0,0,0
62633,62652,62642,7.6,-105.1,39.8691,382.595,-31.7163,317.699,17.009,3.95549,268.243,0.203446,0.00155913,4.45272,3.67191,2.80669,2.23691,1.66713,1.07625,0.717499,0.232132,0.0633088,0.0422058,0.0211029,0,0.0211029,0,0
62653,62670,62662,7.7,-105.096,39.8667,377.408,-32.3444,318.108,13.2764,2.99982,180.553,0.180564,0.00123228,3.90481,2.72221,2.09744,1.45036,1.13797,0.914842,0.669397,0.334698,0.0446264,0,0,0,0,0,0
62673,62691,62682,7.8,-105.091,39.8642,371.732,-33.3172,318.198,12.6805,3.13894,236.146,0.225694,0.001434,3.89825,2.44201,2.46441,1.2098,0.761727,0.739323,0.806534,0.156826,0.0672112,0.0896149,0.0448075,0,0,0,0
62694,62712,62703,7.9,-105.086,39.862,366.522,-34.0881,318.464,12.2102,2.71718,168.009,0.185496,0.00112723,3.43808,2.93248,1.97184,1.31456,0.7584,0.93536,0.53088,0.22752,0.07584,0.02528,0,0,0,0,0
62714,62731,62722,8,-105.081,39.8595,361.427,-34.89,318.664,12.877,2.72137,164.166,0.180975,0.00105415,3.90143,2.61599,2.16496,1.75903,1.01482,0.631445,0.496136,0.202965,0.0451032,0.0451032,0,0,0,0,0
62732,62750,62741,8.1,-105.076,39.8571,356.369,-35.6353,318.946,13.2772,3.03367,207.542,0.205239,0.00126708,3.91785,3.18326,2.01334,1.41478,0.952256,0.81622,0.598561,0.272073,0.0272073,0.0544146,0,0.0272073,0,0,0
62751,62768,62760,8.2,-105.071,39.8549,351.399,-36.43,319.154,12.3067,3.00217,223.891,0.223729,0.00125901,3.31057,2.66285,2.01513,1.77523,0.935596,0.599741,0.67171,0.191917,0.0479793,0.0479793,0,0.0239896,0.0239896,0,0
62769,62788,62778,8.3,-105.066,39.8524,346.095,-37.237,319.459,10.3604,2.93486,218.848,0.223705,0.00141349,2.51348,2.06391,1.61435,1.28739,0.735652,0.796956,0.980869,0.245217,0.0613043,0.0204348,0.0408696,0,0,0,0
62789,62808,62798,8.4,-105.06,39.8496,341.141,-37.9912,319.752,9.61977,2.21656,131.661,0.178197,0.00089609,2.45919,2.16987,1.56713,1.13316,0.675071,0.77151,0.699181,0.120548,0.0241097,0,0,0,0,0,0
62809,62827,62818,8.5,-105.054,39.8469,336.49,-38.7053,320.031,7.5935,1.94984,131.193,0.201852,0.000917458,1.74119,1.62027,1.45099,0.84641,0.677128,0.580395,0.314381,0.241831,0.0967325,0.0241831,0,0,0,0,0
62828,62849,62838,8.6,-105.049,39.8443,331.63,-39.487,320.289,6.14381,1.34122,76.7941,0.17177,0.000506067,1.67559,1.11706,1.24117,0.703332,0.641273,0.310294,0.33098,0.124117,0,0,0,0,0,0,0
62851,62869,62860,8.7,-105.042,39.8415,326.655,-40.3876,320.44,6.5133,1.75201,124.995,0.214032,0.000794163,1.67693,1.26377,0.923528,0.874921,0.510371,0.486067,0.607584,0.121517,0.0243034,0,0.0243034,0,0,0,0
62871,62891,62881,8.8,-105.036,39.8391,321.771,-41.2084,320.69,6.34407,1.72121,128.454,0.223891,0.000820742,1.68446,1.13756,1.13756,0.721912,0.568779,0.459398,0.306266,0.240637,0.0437522,0.0218761,0.0218761,0,0,0,0
62892,62917,62904,8.9,-105.03,39.8362,316.838,-42.09,320.881,5.35412,1.35995,125.642,0.277161,0.000598472,1.59626,1.18057,0.781503,0.532087,0.465576,0.399065,0.21616,0.166277,0,0,0,0,0,0.0166277,0
62918,62937,62928,9,-105.024,39.8335,312.448,-42.9087,321.018,4.67231,1.02848,63.2176,0.1844,0.000405559,1.27932,1.00121,0.750908,0.695285,0.38936,0.19468,0.305925,0.0278114,0,0.0278114,0,0,0,0,0
62939,62958,62948,9.1,-105.018,39.8312,307.815,-43.7875,321.163,4.44943,1.11341,87.7902,0.236545,0.000494572,1.46569,0.837539,0.654327,0.628154,0.183212,0.314077,0.209385,0.104692,0,0.0261731,0.0261731,0,0,0,0
62959,62973,62966,9.2,-105.014,39.8292,303.72,-44.5986,321.259,3.96142,0.838296,49.1557,0.175913,0.00032222,1.20043,0.930334,0.420151,0.630226,0.300108,0.240086,0.150054,0.0600216,0.0300108,0,0,0,0,0,0
