data/B2SAP/Locations/Boulder/NOAA-POPS-B2SAP_GMLBalloon_20240312_R0.ict
82,1001
Thornberry, T. D.
NOAA Chemical Sciences Laboratory
Portable Optical Particle Spectrometer (POPS)
Balloon Baseline Stratospheric Aerosol Profiles (B2SAP)
1,1
2024,03,12,2024,05,28
0
TIME_START,s,Seconds since midnight UTC on flight start day,Start time of 100 m altitude bin in UTC_seconds_since_midnight
49
1.0,1.0,1.0,1.0,1.0,1.0,1.0,1.0,1.0,1.0,1.0,1.0,1.0,1.0,1.0,1.0,1.0,1.0,1.0,1.0,1.0,1.0,1.0,1.0,1.0,1.0,1.0,1.0,1.0,1.0,1.0,1.0,1.0,1.0,1.0,1.0,1.0,1.0,1.0,1.0,1.0,1.0,1.0,1.0,1.0,1.0,1.0,1.0,1.0
99999,99999,99999,99999,99999,99999,99999,99999,99999,99999,99999,99999,99999,99999,99999,99999,99999,99999,99999,99999,99999,99999,99999,99999,99999,99999,99999,99999,99999,99999,99999,99999,99999,99999,99999,99999,99999,99999,99999,99999,99999,99999,99999,99999,99999,99999,99999,99999,99999
TIME_STOP,s,End time of 100 m altitude bin in UTC seconds since midnight,
TIME_MID,s,Mid time of 100 m altitude in UTC seconds since midnight,
GPSAlt,km,GPS reported altitude above sea level (km),
GPS_Lon,deg,GPS reported longitude,
GPS_Lat,deg,GPS reported latitude,
iMet_Pressure,hPa,Pressure reported (hPa),
iMet_Temperature,degrees C,Ambient temperature (oC),
THETA,K,Potential temperature from iMet,
Aerosol_concentration,cm^-3,Aerosol concentration,
Surface_Area_Conc,um^2 cm^-3,Surface area concentration,
Volume_density,um^3 cm^-3,Volume density,
Effective_radius,um,Effective radius,
Extinction,km^-1,Extinction,
Bin01,cm^-3,particle concentration in size range [140 - 146.14 nm],
Bin02,cm^-3,particle concentration in size range [146.14 - 152.56 nm],
Bin03,cm^-3,particle concentration in size range [152.56 - 159.25 nm],
Bin04,cm^-3,particle concentration in size range [159.25 - 166.24 nm],
Bin05,cm^-3,particle concentration in size range [166.24 - 173.54 nm],
Bin06,cm^-3,particle concentration in size range [173.54 - 181.16 nm],
Bin07,cm^-3,particle concentration in size range [181.16 - 189.11 nm],
Bin08,cm^-3,particle concentration in size range [189.11 - 197.41 nm],
Bin09,cm^-3,particle concentration in size range [197.41 - 206.07 nm],
Bin10,cm^-3,particle concentration in size range [206.07 - 215.12 nm],
Bin11,cm^-3,particle concentration in size range [215.12 - 224.56 nm],
Bin12,cm^-3,particle concentration in size range [224.56 - 234.41 nm],
Bin13,cm^-3,particle concentration in size range [234.41 - 244.70 nm],
Bin14,cm^-3,particle concentration in size range [244.70 - 361.30 nm],
Bin15,cm^-3,particle concentration in size range [361.30 - 472.80 nm],
Bin16,cm^-3,particle concentration in size range [472.80 - 567.00 nm],
Bin17,cm^-3,particle concentration in size range [567.00 - 610.66 nm],
Bin18,cm^-3,particle concentration in size range [610.66 - 657.69 nm],
Bin19,cm^-3,particle concentration in size range [657.69 - 708.33 nm],
Bin20,cm^-3,particle concentration in size range [708.33 - 762.88 nm],
Bin21,cm^-3,particle concentration in size range [762.88 - 821.62 nm],
Bin22,cm^-3,particle concentration in size range [821.62 - 884.89 nm],
Bin23,cm^-3,particle concentration in size range [884.89 - 953.03 nm],
Bin24,cm^-3,particle concentration in size range [953.03 - 1026.42 nm],
Bin25,cm^-3,particle concentration in size range [1026.42 - 1105.46 nm],
Bin26,cm^-3,particle concentration in size range [1105.46 - 1190.59 nm]],
[...]
LOCATION: Boulder, CO, USA
ASSOCIATED_DATA: N/A
INSTRUMENT_INFO: Printed Optical Particle Spectrometer counts particles from 140 - 2500 nm in diameter 
DATA_INFO: Particle concentrations reported in number per cubic centimeter, binned to 100 m altitude
UNCERTAINTY: Counting uncertainty dominated by air flow, less than 5 percent
ULOD_FLAG: -77777
ULOD_VALUE: 3000 ~3000 per cm3 (varies depending on flow rate- manufacturer quotes 1250  per cm3 at 1.667 cc/s)
LLOD_FLAG: -88888
LLOD_VALUE: 0 0 (varies depending on data field and measurement precision)
DM_CONTACT_INFO: Troy Thornberry, 325 Broadway R/CSL6, Boulder, CO 80305; troy.thornberry@noaa.gov; 303-497-3373
PROJECT_INFO: B2SAP Boulder, CO, USA
STIPULATIONS_ON_USE: Please contact the PIs for questions regarding applications and uncertainties
OTHER_COMMENTS: POPS bin Edges (nm):  140, 146.14, 152.56, 159.25, 166.24, 173.54, 181.16, 189.11, 197.41, 206.07, 215.12, 224.56, 234.41, 244.70, 361.30, 472.80, 567.00, 610.66, 657.69, 708.33, 762.88, 821.62, 884.89, 953.03, 1026.42, 1105.46, 1190.59, 1282.27, 1381.01, 1487.36, 1601.89, 1725.25, 1858.10, 2001.18, 2155.28, 2321.25, 2500
Calculations assume sulfate refractive index of 1.45+0.00j and extinction wavelength = 532 nm
REVISION: R0
R0: QA/QC data
TIME_START,TIME_STOP,TIME_MID,GPSAlt,GPS_Lon,GPS_Lat,iMet_Pressure,iMet_Temperature,THETA,Aerosol_concentration,Surface_Area_Conc,Volume_density,Effective_radius,Extinction,Bin01,Bin02,Bin03,Bin04,Bin05,Bin06,Bin07,Bin08,Bin09,Bin10,Bin11,Bin12,Bin13,Bin14,Bin15,Bin16,Bin17,Bin18,Bin19,Bin20,Bin21,Bin22,Bin23,Bin24,Bin25,Bin26,Bin27,Bin28,Bin29,Bin30,Bin31,Bin32,Bin33,Bin34,Bin35,Bin36
[from data line 396]
66315,66333,66324,15.4,-104.363,39.7959,114.699,-57.6374,400.101,5.87989,1.00436,59.0662,0.176429,0.000381482,0.730532,0.730532,0.570171,0.570171,0.356357,0.391993,0.40981,0.356357,0.267268,0.160361,0.195996,0.0890892,0.124725,0.516717,0.124725,0.142543,0.0712714,0.0178178,0.0178178,0,0.0356357,0,0,0,0,0,0,0,0,0,0,0,0,0,0,0
66334,66354,66344,15.3,-104.361,39.7963,116.478,-56.8057,399.884,6.63442,0.9125,40.4961,0.133138,0.000201375,0.851391,0.931711,0.674687,0.562239,0.497983,0.385536,0.481919,0.289152,0.273088,0.16064,0.24096,0.208832,0.112448,0.755007,0.0963839,0.0803199,0.016064,0.016064,0,0,0,0,0,0,0,0,0,0,0,0,0,0,0,0,0,0
66356,66374,66365,15.2,-104.359,39.7967,118.313,-56.2761,399.075,6.5912,1.07723,66.657,0.185634,0.000383456,0.863804,0.788691,0.563351,0.525794,0.544572,0.525794,0.356789,0.375567,0.394345,0.206562,0.262897,0.169005,0.169005,0.488237,0.187784,0.0563351,0,0.0375567,0,0,0.0187784,0.0187784,0.0375567,0,0,0,0,0,0,0,0,0,0,0,0,0
66375,66396,66386,15.1,-104.358,39.797,120.18,-55.3886,398.923,6.82495,1.09788,63.2481,0.172828,0.00037402,0.927221,0.820818,0.608013,0.668815,0.577613,0.44081,0.349608,0.47121,0.304007,0.212805,0.167204,0.197604,0.091202,0.577613,0.152003,0.182404,0.0152003,0.0152003,0,0.0152003,0,0,0.0304007,0,0,0,0,0,0,0,0,0,0,0,0,0
66397,66417,66407,15,-104.355,39.7973,122.104,-54.5605,398.626,6.41602,1.00293,53.0025,0.158543,0.000306498,0.864571,0.667388,0.621884,0.758395,0.333694,0.333694,0.36403,0.455037,0.242686,0.182015,0.242686,0.166847,0.212351,0.621884,0.182015,0.0758395,0.0303358,0.0303358,0,0.0151679,0,0.0151679,0,0,0,0,0,0,0,0,0,0,0,0,0,0
66418,66437,66428,14.9,-104.353,39.7976,123.977,-53.8137,398.252,7.05359,0.980952,50.033,0.153014,0.000266097,1.36521,0.805125,0.420065,0.507579,0.717611,0.542584,0.455071,0.332552,0.402562,0.0525081,0.280043,0.122519,0.262541,0.595092,0.0525081,0.0525081,0,0.0350054,0.0350054,0,0,0,0.0175027,0,0,0,0,0,0,0,0,0,0,0,0,0
66438,66454,66446,14.8,-104.351,39.798,125.948,-53.86,396.378,7.35607,1.1017,59.9667,0.163293,0.000323245,1.05087,0.79276,0.64527,0.737451,0.534652,0.442471,0.534652,0.460907,0.350289,0.331853,0.221235,0.14749,0.110618,0.682142,0.184363,0.0553088,0,0.0184363,0,0,0.0184363,0.0184363,0.0184363,0,0,0,0,0,0,0,0,0,0,0,0,0
66456,66470,66463,14.7,-104.348,39.7987,127.906,-54.5688,393.36,8.50664,1.46872,83.7076,0.170981,0.000507048,0.898736,0.710629,1.14955,0.668827,0.731529,0.543422,0.355314,0.292612,0.25081,0.606124,0.25081,0.271711,0.188108,1.02414,0.271711,0.167207,0.0209008,0.0418017,0,0,0.0418017,0.0209008,0,0,0,0,0,0,0,0,0,0,0,0,0,0
66472,66486,66479,14.6,-104.345,39.7995,129.891,-54.076,392.512,7.8298,1.46129,96.4982,0.198108,0.000633782,0.731964,0.93159,0.776325,0.776325,0.576699,0.532337,0.465795,0.399253,0.532337,0.354892,0.221807,0.177446,0.110904,0.665422,0.155265,0.133084,0.110904,0.0443614,0.0443614,0.0221807,0.0221807,0.0221807,0.0221807,0,0,0,0,0,0,0,0,0,0,0,0,0
66488,66502,66495,14.5,-104.342,39.8002,131.999,-53.7179,391.352,7.97873,1.43571,90.3453,0.188782,0.000550991,0.926102,0.926102,0.522417,0.617402,0.68864,0.569909,0.593655,0.379939,0.213716,0.166224,0.284955,0.498671,0.142477,0.997341,0.18997,0.0712387,0,0.0237462,0.0712387,0.0237462,0.0237462,0.0237462,0.0237462,0,0,0,0,0,0,0,0,0,0,0,0,0
66503,66517,66510,14.4,-104.339,39.8007,133.967,-53.5967,389.914,8.93439,1.70318,112.905,0.198872,0.000715243,1.28584,0.68726,0.620751,0.620751,0.598582,0.886788,0.620751,0.576412,0.421224,0.266036,0.221697,0.266036,0.177358,1.04198,0.221697,0.199527,0.0221697,0.0443394,0,0.0665091,0.0221697,0.0221697,0.0443394,0,0,0,0,0,0,0,0,0,0,0,0,0
66518,66533,66526,14.3,-104.336,39.801,136.046,-53.6607,388.09,8.91473,1.66811,105.18,0.18916,0.000661964,0.953566,0.864862,0.776158,0.620927,0.665279,0.554399,0.864862,0.332639,0.332639,0.310463,0.376991,0.310463,0.243935,1.06445,0.288287,0.177408,0,0,0.022176,0.0665279,0.0443519,0.0443519,0,0,0,0,0,0,0,0,0,0,0,0,0,0
66534,66551,66542,14.2,-104.333,39.8011,138.189,-54.1724,385.463,8.98797,1.89584,126.569,0.200284,0.000803703,0.9595,0.802847,0.685357,0.60703,0.704939,0.509122,0.450377,0.528704,0.372051,0.372051,0.372051,0.195816,0.176235,1.29239,0.587449,0.156653,0.0195816,0.0391633,0.0195816,0.0195816,0.0391633,0.0391633,0.0391633,0,0,0,0,0,0,0,0,0,0,0,0,0
66552,66568,66560,14.1,-104.329,39.8013,140.419,-54.8382,382.536,8.85831,1.79022,105.005,0.175964,0.00066842,0.844584,0.844584,0.451754,0.707093,0.53032,0.66781,0.373188,0.373188,0.510679,0.314264,0.314264,0.39283,0.235698,1.33562,0.510679,0.333905,0.039283,0.039283,0.0196415,0,0,0,0.0196415,0,0,0,0,0,0,0,0,0,0,0,0,0
66569,66587,66578,14,-104.324,39.8016,142.632,-55.34,379.956,8.93708,2.06077,145.64,0.212018,0.000974851,0.821607,0.754537,0.821607,0.73777,0.553327,0.486257,0.385652,0.452722,0.26828,0.435955,0.234745,0.352117,0.234745,1.37493,0.435955,0.26828,0.06707,0.0167675,0.0838375,0.033535,0.033535,0.0503025,0.033535,0,0,0,0,0,0,0,0,0,0,0,0,0
66589,66611,66600,13.9,-104.319,39.8019,144.934,-56.3504,376.467,9.98933,1.95126,120.64,0.185481,0.000800955,1.00733,0.979347,0.965356,0.755496,0.825449,0.545636,0.587608,0.447701,0.433711,0.447701,0.405729,0.265823,0.195869,1.17522,0.447701,0.20986,0.0699533,0.083944,0.083944,0.0139907,0.0279813,0.0139907,0,0,0,0,0,0,0,0,0,0,0,0,0,0
66613,66637,66625,13.8,-104.313,39.8023,147.221,-56.3456,374.793,9.92826,2.10276,141.794,0.202297,0.00094122,0.971243,1.01171,0.903795,0.755411,0.701453,0.580048,0.553069,0.499111,0.5126,0.310258,0.26979,0.229321,0.310258,1.29499,0.418174,0.337237,0.0404684,0.0404684,0.0404684,0.0404684,0.026979,0.0674474,0.0134895,0,0,0,0,0,0,0,0,0,0,0,0,0
66639,66663,66651,13.7,-104.307,39.8029,149.577,-56.9208,372.107,8.23127,1.3901,79.9016,0.172437,0.000481552,0.933443,0.820299,0.792013,0.707154,0.608153,0.480865,0.466722,0.466722,0.410149,0.452579,0.268719,0.268719,0.254575,0.820299,0.18386,0.127288,0.0707154,0,0.0565723,0.0141431,0,0.0141431,0.0141431,0,0,0,0,0,0,0,0,0,0,0,0,0
66665,66687,66676,13.6,-104.302,39.8036,151.913,-57.2757,369.857,7.78262,1.08333,51.3566,0.142219,0.000245577,1.07116,1.05442,0.73642,0.753157,0.451894,0.384947,0.535578,0.41842,0.267789,0.267789,0.184105,0.435157,0.100421,0.920525,0.133895,0.0167368,0,0,0.0334736,0,0,0,0.0167368,0,0,0,0,0,0,0,0,0,0,0,0,0
66689,66707,66698,13.5,-104.297,39.8043,154.426,-56.7763,368.978,7.29607,0.920595,39.2267,0.127831,0.000184221,1.19908,1.01617,0.751963,0.711316,0.54873,0.670669,0.386143,0.325173,0.18291,0.264203,0.142263,0.162587,0.12194,0.589376,0.142263,0.0609699,0,0,0.0203233,0,0,0,0,0,0,0,0,0,0,0,0,0,0,0,0,0
66708,66727,66718,13.4,-104.293,39.8047,156.697,-55.8716,368.977,7.22273,1.15126,71.3097,0.185822,0.000439881,1.02607,0.905356,0.865118,0.704166,0.643809,0.382262,0.402381,0.362142,0.261547,0.261547,0.301785,0.181071,0.160952,0.362142,0.181071,0.0402381,0,0.0603571,0.0402381,0.0402381,0,0.020119,0.020119,0,0,0,0,0,0,0,0,0,0,0,0,0
66728,66746,66737,13.3,-104.289,39.8051,159.188,-55.4668,368.004,6.92919,1.02766,52.6024,0.153559,0.000308261,0.926577,0.94672,0.805719,0.54386,0.684861,0.423003,0.54386,0.261859,0.161144,0.161144,0.221573,0.141001,0.141001,0.624432,0.120858,0.141001,0.020143,0,0.0604289,0,0,0,0,0,0,0,0,0,0,0,0,0,0,0,0,0
66748,66766,66757,13.2,-104.286,39.8054,161.743,-54.8705,367.337,7.60347,1.21092,68.7988,0.170446,0.000398808,1.2069,1.04598,0.68391,0.72414,0.60345,0.4023,0.36207,0.341955,0.24138,0.32184,0.181035,0.100575,0.221265,0.663795,0.301725,0.12069,0.020115,0,0,0.020115,0,0.020115,0.020115,0,0,0,0,0,0,0,0,0,0,0,0,0
66766,66785,66776,13.1,-104.282,39.8055,164.346,-54.51,366.27,7.02443,0.947212,40.7697,0.129125,0.000194405,1.01486,0.935264,0.835768,0.676574,0.457683,0.437783,0.25869,0.198992,0.278589,0.25869,0.318388,0.198992,0.119395,0.835768,0.079597,0.119395,0,0,0,0,0,0,0,0,0,0,0,0,0,0,0,0,0,0,0,0
66785,66803,66794,13,-104.277,39.8056,166.958,-54.5794,364.507,8.48723,1.18693,52.8872,0.133674,0.000262035,1.1002,1.03284,0.651136,0.718495,0.740948,0.538872,0.651136,0.471513,0.516419,0.202077,0.269436,0.179624,0.157171,0.920572,0.246983,0.044906,0,0.044906,0,0,0,0,0,0,0,0,0,0,0,0,0,0,0,0,0,0
66804,66822,66813,12.9,-104.273,39.8055,169.559,-54.4521,363.11,11.2085,1.82327,92.9828,0.152993,0.000533919,1.28097,1.08082,1.28097,0.760578,0.760578,0.680517,0.560426,0.780593,0.620472,0.220167,0.300228,0.320243,0.50038,1.38105,0.380289,0.180137,0.0600456,0,0.0400304,0.0200152,0,0,0,0,0,0,0,0,0,0,0,0,0,0,0,0
66824,66848,66836,12.8,-104.267,39.8054,172.25,-54.7808,360.94,13.7893,2.40982,136.15,0.169494,0.000796022,1.4579,1.26048,1.19973,1.16936,0.698579,0.896004,0.941563,0.987123,0.60746,0.531528,0.440409,0.501155,0.455595,1.71607,0.440409,0.318917,0.0759325,0.0151865,0.0151865,0,0,0.0151865,0.0455595,0,0,0,0,0,0,0,0,0,0,0,0,0
66849,66877,66863,12.7,-104.259,39.8056,175.001,-55.4868,358.147,12.0601,2.01947,113.029,0.167909,0.000651736,1.5007,1.13234,1.15963,0.91406,0.91406,0.736705,0.695777,0.668491,0.477494,0.532065,0.491137,0.286496,0.368352,1.5007,0.327424,0.231926,0,0.0136427,0.0272854,0.0136427,0.0272854,0.0136427,0.0272854,0,0,0,0,0,0,0,0,0,0,0,0,0
66879,66911,66895,12.6,-104.251,39.8059,177.704,-57.3218,353.576,12.7166,2.1037,112.211,0.16002,0.000654308,1.43631,1.43631,0.910832,1.07431,0.957541,0.723994,0.65393,0.794058,0.65393,0.513802,0.420384,0.52548,0.432061,1.40128,0.385352,0.256901,0.035032,0.0233547,0.0467093,0,0.0233547,0,0.0116773,0,0,0,0,0,0,0,0,0,0,0,0,0
66912,66941,66926,12.5,-104.244,39.8061,180.535,-59.0183,349.217,13.692,2.28767,124.18,0.162847,0.000738069,1.47226,1.49903,0.990428,1.05735,1.03058,1.07073,0.869971,0.762897,0.722745,0.455062,0.508598,0.468446,0.455062,1.47226,0.401525,0.254299,0.0669208,0.0267683,0.0669208,0.0133842,0.0133842,0,0.0133842,0,0,0,0,0,0,0,0,0,0,0,0,0
66942,66969,66956,12.4,-104.239,39.8057,183.464,-60.4544,345.281,13.3174,2.03436,96.4344,0.142208,0.000518179,1.57782,1.38964,1.27384,1.15803,1.15803,0.723772,0.593493,0.550066,0.564542,0.66587,0.477689,0.535591,0.34741,1.66467,0.303984,0.275033,0.0434263,0,0.0144754,0,0,0,0,0,0,0,0,0,0,0,0,0,0,0,0,0
66971,66995,66983,12.3,-104.234,39.8042,186.405,-60.2171,344.101,13.5199,2.04008,100.32,0.147523,0.000539105,1.62498,1.57623,1.41374,1.00749,1.02374,0.617494,0.926241,0.714993,0.633744,0.779992,0.357497,0.373746,0.487495,1.25124,0.438746,0.227498,0.0162498,0,0.0324997,0,0,0,0.0162498,0,0,0,0,0,0,0,0,0,0,0,0,0
66996,67018,67007,12.2,-104.229,39.8022,189.332,-60.0191,342.89,13.6282,2.16141,113.147,0.157046,0.0006197,1.70142,1.5498,1.21289,1.14551,0.741211,0.926514,0.825439,0.808594,0.572754,0.488525,0.488525,0.437988,0.269531,1.80249,0.370605,0.151611,0.0336914,0.0168457,0.0336914,0.0168457,0,0,0.0336914,0,0,0,0,0,0,0,0,0,0,0,0,0
67020,67039,67030,12.1,-104.224,39.8005,192.316,-59.8019,341.709,12.1417,1.87266,92.4647,0.148128,0.000498527,1.51466,1.14821,0.952769,1.09935,0.952769,0.830619,0.757329,0.513029,0.708469,0.41531,0.41531,0.41531,0.29316,1.58795,0.31759,0.12215,0.02443,0,0.02443,0.02443,0.02443,0,0,0,0,0,0,0,0,0,0,0,0,0,0,0
67041,67060,67050,12,-104.218,39.7987,195.626,-59.805,340.043,11.187,1.59716,69.9098,0.131314,0.000336291,1.2495,1.2495,1.01522,1.13236,0.702846,0.761416,0.683322,0.44904,0.566181,0.429517,0.370946,0.605228,0.175711,1.40569,0.214758,0.175711,0,0,0,0,0,0,0,0,0,0,0,0,0,0,0,0,0,0,0,0
67061,67081,67071,11.9,-104.212,39.7972,198.727,-60.9847,336.647,12.0604,2.03694,114.205,0.168201,0.000662662,1.23263,1.45015,0.918428,1.13595,1.28097,0.410876,0.628398,0.628398,0.58006,0.531722,0.29003,0.338368,0.362538,1.52266,0.459214,0.145015,0,0.0241692,0.0241692,0.0241692,0.0483383,0,0.0241692,0,0,0,0,0,0,0,0,0,0,0,0,0
67081,67101,67091,11.8,-104.205,39.7961,202.077,-61.0025,335.014,11.8961,1.91038,107.34,0.168563,0.000591668,1.11454,1.04631,1.31926,1.16004,1.0918,0.773357,0.70512,0.659628,0.659628,0.454916,0.363933,0.386679,0.250204,1.36475,0.318441,0.0682374,0.0227458,0,0.0454916,0,0.0454916,0,0.0454916,0,0,0,0,0,0,0,0,0,0,0,0,0
67101,67123,67112,11.7,-104.198,39.7956,205.318,-61.0273,333.456,11.4075,1.8625,106.56,0.17164,0.000618715,1.57919,1.18439,0.976602,0.976602,0.872708,0.99738,0.540248,0.457133,0.49869,0.49869,0.457133,0.290903,0.290903,1.14283,0.311681,0.187009,0.0207788,0.0207788,0,0.0415575,0.0207788,0,0.0415575,0,0,0,0,0,0,0,0,0,0,0,0,0
67123,67146,67134,11.6,-104.191,39.7957,208.7,-60.6365,332.513,11.2638,1.92825,105.599,0.164293,0.000632635,1.52427,0.989785,0.890807,1.06897,0.950194,0.574075,0.593871,0.534484,0.574075,0.514688,0.336527,0.197957,0.296936,1.4055,0.41571,0.257344,0.0593871,0.0395914,0,0.0197957,0,0,0.0197957,0,0,0,0,0,0,0,0,0,0,0,0,0
67147,67168,67158,11.5,-104.183,39.7963,212.127,-60.5196,331.152,12.1686,2.15935,126.708,0.176036,0.000792759,1.54083,1.30378,1.02722,0.948203,1.04697,0.770415,0.651889,0.711152,0.434593,0.395085,0.395085,0.256805,0.197542,1.71862,0.256805,0.256805,0.0592627,0.0395085,0.0987711,0.0197542,0.0197542,0,0.0197542,0,0,0,0,0,0,0,0,0,0,0,0,0
67170,67193,67182,11.4,-104.175,39.7976,215.496,-60.5756,329.577,11.9807,1.76818,84.6558,0.143632,0.000452511,1.45711,1.36717,1.18728,1.1513,1.07934,0.665595,0.719562,0.449727,0.539672,0.503694,0.341792,0.323803,0.341792,1.29521,0.323803,0.161902,0.0179891,0.0179891,0.0179891,0,0.0179891,0,0,0,0,0,0,0,0,0,0,0,0,0,0,0
67195,67224,67210,11.3,-104.166,39.7992,218.919,-59.7272,329.407,13.0498,2.14019,107.8,0.151109,0.000623725,1.65662,1.37531,1.09399,0.984595,1.01585,0.812682,0.812682,0.546997,0.484483,0.406341,0.390712,0.578254,0.375084,1.64099,0.453226,0.343827,0.0468855,0.0156285,0.0156285,0,0,0,0,0,0,0,0,0,0,0,0,0,0,0,0,0
67225,67256,67240,11.2,-104.156,39.8007,222.552,-59.0956,328.831,13.0535,2.02471,99.3685,0.147233,0.000554993,1.57882,1.32508,1.2687,1.09954,0.944474,0.859894,0.775314,0.761218,0.563865,0.422899,0.394705,0.394705,0.408802,1.60702,0.310126,0.211449,0.0563865,0.0422899,0.0281932,0,0,0,0,0,0,0,0,0,0,0,0,0,0,0,0,0
67257,67287,67272,11.1,-104.147,39.8017,226.199,-58.6693,327.96,12.994,1.967,94.1672,0.14362,0.000491161,1.30442,1.78939,1.30442,0.836165,0.986675,0.819442,0.551869,0.735826,0.668932,0.484976,0.468253,0.367913,0.384636,1.75595,0.317743,0.117063,0.0501699,0.0167233,0.0167233,0,0,0.0167233,0,0,0,0,0,0,0,0,0,0,0,0,0,0
67287,67319,67303,11,-104.138,39.8021,229.67,-58.8028,326.333,14.3928,2.39588,127.038,0.159071,0.000707427,1.51429,1.61335,1.34446,1.03311,0.877438,0.834981,0.905742,0.721763,0.608545,0.566089,0.50948,0.481175,0.495328,2.12283,0.410414,0.226436,0.0141522,0.0283044,0.0424567,0,0,0.0141522,0.0283044,0,0,0,0,0,0,0,0,0,0,0,0,0
67320,67351,67336,10.9,-104.128,39.8022,233.389,-59.369,323.982,15.5671,2.4938,121.79,0.146511,0.000650341,1.76369,1.66165,1.39929,1.09319,1.09319,0.976587,0.962011,0.655916,0.612189,0.553885,0.64134,0.583037,0.349822,2.40503,0.510157,0.233215,0.0291518,0.0291518,0,0,0,0,0.0145759,0,0,0,0,0,0,0,0,0,0,0,0,0
67353,67381,67367,10.8,-104.118,39.8027,237.247,-59.0354,322.969,15.2816,2.50597,129.986,0.155612,0.000728622,1.85183,1.65859,1.27212,1.09499,1.23992,0.96617,0.772936,0.805142,0.708525,0.434776,0.499188,0.531393,0.402571,2.17388,0.483085,0.257645,0.0483085,0.0161028,0.0322057,0,0,0.0161028,0.0161028,0,0,0,0,0,0,0,0,0,0,0,0,0
67382,67409,67396,10.7,-104.109,39.803,241.015,-58.6211,322.141,8.46919,1.1343,47.102,0.124575,0.000203541,1.05031,0.966954,0.766895,0.833581,0.800238,0.550164,0.366776,0.51682,0.300089,0.350104,0.250074,0.216731,0.20006,1.10033,0.166716,0.0166716,0,0,0.0166716,0,0,0,0,0,0,0,0,0,0,0,0,0,0,0,0,0
67411,67438,67424,10.6,-104.099,39.8034,245.058,-58.0948,321.4,27.1823,4.56001,222.706,0.146517,0.00121491,2.34765,2.69689,1.59097,1.95961,2.07602,1.74619,1.72679,1.33874,1.35815,1.55217,1.20293,0.698475,0.911898,4.34607,1.02831,0.485052,0.0388042,0.0194021,0.0582063,0,0,0,0,0,0,0,0,0,0,0,0,0,0,0,0,0
