data/B2SAP/Locations/Boulder/NOAA-POPS-B2SAP_GMLBalloon_20230531_R0.ict
61,1001
Thornberry, T. D.
NOAA Chemical Sciences Laboratory
Portable Optical Particle Spectrometer (POPS)
Balloon Baseline Stratospheric Aerosol Profiles (B2SAP)
1,1
2023,05,31,2024,05,30
0
TIME_START,s,Seconds since midnight UTC on flight start day,Start time of 100 m altitude bin in UTC_seconds_since_midnight
28
1.0,1.0,1.0,1.0,1.0,1.0,1.0,1.0,1.0,1.0,1.0,1.0,1.0,1.0,1.0,1.0,1.0,1.0,1.0,1.0,1.0,1.0,1.0,1.0,1.0,1.0,1.0,1.0
99999,99999,99999,99999,99999,99999,99999,99999,99999,99999,99999,99999,99999,99999,99999,99999,99999,99999,99999,99999,99999,99999,99999,99999,99999,99999,99999,99999
TIME_STOP,s,End time of 100 m altitude bin in UTC seconds since midnight,
TIME_MID,s,Mid time of 100 m altitude in UTC seconds since midnight,
GPSAlt,m,GPS reported altitude above sea level (m),
GPS_Lon,deg,GPS reported longitude,
GPS_Lat,deg,GPS reported latitude,
iMet_Pressure,mb,Pressure reported (mB),
iMet_Temperature,degrees C,Ambient temperature (oC),
THETA,K,Potential temperature from iMet,
Aerosol_concentration,cm^-3,Aerosol concentration,
Surface_Area_Conc,um^2 cm^-3,Surface area concentration,
Volume_density,um^3 cm^-3,Volume density,
Effective_radius,um,Effective radius,
Extinction,km^-1,Extinction,
Bin01,cm^-3,particle concentration in size range [140 - 170 nm],
Bin02,cm^-3,particle concentration in size range [170 - 205 nm],
Bin03,cm^-3,particle concentration in size range [205 - 249 nm],
Bin04,cm^-3,particle concentration in size range [249 - 302 nm],
Bin05,cm^-3,particle concentration in size range [302 - 366 nm],
Bin06,cm^-3,particle concentration in size range [366 - 443 nm],
Bin07,cm^-3,particle concentration in size range [443 - 537 nm],
Bin08,cm^-3,particle concentration in size range [537 - 651 nm],
Bin09,cm^-3,particle concentration in size range [651 - 789 nm],
Bin10,cm^-3,particle concentration in size range [789 - 956 nm],
Bin11,cm^-3,particle concentration in size range [956 - 1159 nm],
Bin12,cm^-3,particle concentration in size range [1159 - 1404 nm],
Bin13,cm^-3,particle concentration in size range [1404 - 1702 nm],
Bin14,cm^-3,particle concentration in size range [1702 - 2062 nm],
Bin15,cm^-3,particle concentration in size range [2062 - 2500 nm],
0
19
PI_CONTACT_INFO: 325 Broadway R/CSL6, Boulder, CO 80305; troy.thornberry@noaa.gov; 303-497-3373 
PLATFORM: GML ECC/FPH balloon
LOCATION: Boulder, CO, USA
ASSOCIATED_DATA: N/A
INSTRUMENT_INFO: Printed Optical Particle Spectrometer counts particles from 140 - 2500 nm in diameter 
DATA_INFO: Particle concentrations reported in number per cubic centimeter, binned to 100 m altitude
UNCERTAINTY: Counting uncertainty dominated by air flow, less than 5 percent
ULOD_FLAG: -77777
ULOD_VALUE: 3000 ~3000 per cm3 (varies depending on flow rate- manufacturer quotes 1250  per cm3 at 1.667 cc/s)
LLOD_FLAG: -88888
LLOD_VALUE: 0 0 (varies depending on data field and measurement precision)
DM_CONTACT_INFO: Troy Thornberry, 325 Broadway R/CSL6, Boulder, CO 80305; troy.thornberry@noaa.gov; 303-497-3373
PROJECT_INFO: B2SAP Boulder, CO, USA
STIPULATIONS_ON_USE: Please contact the PIs for questions regarding applications and uncertainties
OTHER_COMMENTS: POPS bin Edges (nm):  140, 170, 205, 249, 302, 366, 443, 537, 651, 789, 956, 1159, 1404, 1702, 2062, 2500
Calculations assume sulfate refractive index of 1.45+0.00j and extinction wavelength = 532 nm
REVISION: R0
R0: QA/QC data
TIME_START,TIME_STOP,TIME_MID,GPSAlt,GPS_Lon,GPS_Lat,iMet_Pressure,iMet_Temperature,THETA,Aerosol_concentration,Surface_Area_Conc,Volume_density,Effective_radius,Extinction,Bin01,Bin02,Bin03,Bin04,Bin05,Bin06,Bin07,Bin08,Bin09,Bin10,Bin11,Bin12,Bin13,Bin14,Bin15
[from data line 306]
65335,65343,65339,20.2,-105.137,40.2821,55.1889,-59.4467,488.969,3.2256,0.852559,58.6384,0.206338,0.000434812,1.12407,0.537599,0.342109,0.244363,0.439854,0.146618,0.195491,0.146618,0.0488727,0,0,0,0,0,0
65361,65374,65368,20.1,-105.138,40.283,56.4971,-58.0121,488.968,3.76353,0.84927,52.9468,0.187032,0.000372875,1.30635,0.653175,0.715382,0.217725,0.311036,0.186622,0.279932,0.0622072,0.0311036,0,0,0,0,0,0
65376,65394,65385,20,-105.139,40.2837,57.2727,-59.5093,483.682,4.10542,0.943012,59.4938,0.189267,0.000415065,1.45582,0.524096,0.757028,0.436747,0.378514,0.232932,0.116466,0.174699,0.0291164,0,0,0,0,0,0
65399,65415,65407,19.9,-105.141,40.2843,58.2445,-60.49,479.15,4.32514,1.17347,92.7751,0.237181,0.000666978,1.32157,1.08129,0.560667,0.440524,0.280333,0.200238,0.120143,0.120143,0.160191,0.0400476,0,0,0,0,0
65416,65435,65426,19.8,-105.143,40.2848,59.14,-60.5916,476.839,4.32393,1.16598,94.4357,0.242977,0.000576322,1.4336,0.855537,0.53182,0.393085,0.485575,0.184981,0.208104,0.138736,0.0462452,0.0231226,0.0231226,0,0,0,0
65436,65456,65446,19.7,-105.145,40.2849,60.1261,-61.0211,473.628,3.36684,0.713148,41.6981,0.175411,0.000280869,1.20244,0.480977,0.601221,0.40883,0.264537,0.144293,0.168342,0.0961954,0,0,0,0,0,0,0
65458,65476,65467,19.6,-105.147,40.2847,61.0435,-61.4065,470.732,4.03022,1.15804,103.97,0.269342,0.000589996,1.16598,0.887156,0.582988,0.557641,0.177431,0.27882,0.202778,0.0506946,0.0253473,0.0760419,0,0.0253473,0,0,0
65479,65501,65490,19.5,-105.148,40.2844,62.0595,-61.1247,469.141,3.66763,0.937107,76.3073,0.244286,0.000439404,1.23,0.782726,0.536726,0.31309,0.268363,0.223636,0.156545,0.0894544,0.0223636,0.0223636,0.0223636,0,0,0,0
65502,65523,65512,19.4,-105.149,40.2843,63.1312,-62.8947,462.957,3.40457,1.17332,111.351,0.284709,0.000685558,1.08442,0.479162,0.403505,0.403505,0.378286,0.252191,0.126095,0.100876,0.0756572,0.0756572,0.0252191,0,0,0,0
65524,65546,65535,19.3,-105.15,40.2841,64.0812,-63.5306,459.587,3.08509,0.882464,79.2546,0.269432,0.000465523,1.30427,0.451476,0.300984,0.275902,0.225738,0.200656,0.150492,0.0752461,0.050164,0.025082,0.025082,0,0,0,0
65547,65567,65557,19.2,-105.15,40.2842,65.1647,-63.5294,457.391,2.69721,0.7683,64.0471,0.250086,0.000461963,1.01455,0.519647,0.321686,0.296941,0.0989803,0.0742353,0.148471,0.123725,0.0494902,0.0494902,0,0,0,0,0
65569,65590,65580,19.1,-105.151,40.2842,66.2774,-63.2258,455.848,2.7409,0.582881,40.5994,0.208959,0.000297038,1.37045,0.456817,0.282791,0.195779,0.130519,0.0652595,0.0652595,0.108766,0.0652595,0,0,0,0,0,0
65593,65614,65604,19,-105.153,40.2844,67.3741,-63.1741,453.821,3.13197,0.732474,76.8769,0.314865,0.000331912,1.66236,0.626395,0.33729,0.120461,0.168645,0,0.0963684,0,0.0722763,0,0.0240921,0.0240921,0,0,0
65614,65636,65625,18.9,-105.154,40.2844,68.4895,-62.3458,453.481,2.80734,0.685467,68.407,0.299389,0.00031203,1.44557,0.439957,0.293305,0.230454,0.104752,0.104752,0.062851,0.0419007,0.0419007,0,0.0419007,0,0,0,0
65636,65658,65647,18.8,-105.156,40.2842,69.6353,-62.1842,451.684,2.9423,0.88159,94.1944,0.320538,0.00046709,1.16857,0.667757,0.292144,0.208674,0.271276,0.0834696,0.0626022,0.0626022,0.0208674,0.0626022,0.0208674,0.0208674,0,0,0
65662,65679,65670,18.7,-105.157,40.2841,70.8031,-62.02,449.89,2.88805,0.507267,26.4425,0.156382,0.000160651,1.35763,0.419631,0.271526,0.370263,0.197473,0.148105,0.0987367,0.0246842,0,0,0,0,0,0,0
65680,65695,65688,18.6,-105.157,40.2842,71.7536,-61.7982,448.652,3.33154,1.00723,107.576,0.320411,0.000592916,1.68368,0.71646,0.143292,0.071646,0.214938,0.179115,0.107469,0,0.107469,0.071646,0,0.035823,0,0,0
65702,65721,65712,18.5,-105.157,40.2849,73.0781,-61.7587,446.397,3.66952,1.05347,102.678,0.2924,0.000538817,1.66352,0.63605,0.293562,0.269098,0.220171,0.171244,0.195708,0.0978539,0.0733904,0,0.0244635,0.0244635,0,0,0
65722,65743,65732,18.4,-105.157,40.2859,74.3061,-61.695,444.408,3.02173,0.594123,39.1135,0.197502,0.000269261,1.15726,0.814368,0.407184,0.214307,0.214307,0.0214307,0.0642922,0.0428615,0.0857229,0,0,0,0,0,0
65744,65764,65754,18.3,-105.158,40.2868,75.5506,-61.7441,442.204,3.15893,0.941624,109.235,0.348019,0.000479125,1.64716,0.451276,0.338457,0.203074,0.157947,0.0451276,0.135383,0.0676915,0,0.0451276,0.0451276,0.0225638,0,0,0
65766,65785,65776,18.2,-105.159,40.2875,76.7689,-61.7539,440.167,3.32156,1.0227,115.965,0.340172,0.000574042,1.7983,0.444285,0.317346,0.169251,0.169251,0.0634693,0.105782,0.0846257,0.0634693,0.0423128,0.0634693,0,0,0,0
65786,65807,65796,18.1,-105.159,40.2881,77.9632,-61.4926,438.772,2.99855,0.864356,89.5463,0.310797,0.000475296,1.42037,0.572092,0.256455,0.157818,0.217,0.0789092,0.0986365,0.0591819,0.0591819,0.0394546,0.0394546,0,0,0,0
65809,65830,65820,18,-105.159,40.2886,79.2768,-61.0584,437.577,3.69084,0.97603,93.6053,0.287712,0.000514631,1.81613,0.683489,0.312452,0.195283,0.175754,0.175754,0.0976413,0.0976413,0.078113,0.0195283,0.0390565,0,0,0,0
65831,65851,65841,17.9,-105.159,40.2889,80.5019,-60.7888,436.218,3.25278,0.838448,88.8054,0.317749,0.000407061,1.7302,0.599803,0.161485,0.230693,0.253763,0.0461387,0.069208,0.0230693,0.069208,0.0230693,0,0.0461387,0,0,0
65855,65875,65865,17.8,-105.159,40.2892,81.9026,-60.1742,435.33,3.29444,0.768084,58.3637,0.227958,0.000404316,1.42567,0.63577,0.443112,0.231189,0.0963288,0.192658,0.0963288,0.077063,0.0577973,0.0385315,0,0,0,0,0
65876,65897,65886,17.7,-105.159,40.2893,83.1733,-58.9462,435.916,3.4244,0.723661,63.3978,0.262821,0.000287351,1.82405,0.550658,0.309745,0.258121,0.154872,0.120456,0.0860403,0.0860403,0,0,0.0172081,0.0172081,0,0,0
65898,65921,65910,17.6,-105.159,40.2894,84.5648,-59.7914,432.149,3.29019,0.793084,75.4534,0.285418,0.000383647,1.70415,0.607419,0.1856,0.286837,0.1856,0.067491,0.0843638,0.067491,0.0506183,0.0168728,0.0168728,0.0168728,0,0,0
65921,65944,65932,17.5,-105.159,40.2897,85.92,-60.7952,428.159,3.754,0.870924,90.2474,0.310868,0.000422103,2.3231,0.622861,0.202009,0.101005,0.134673,0.101005,0.134673,0.0168341,0.0336682,0.0336682,0.0505023,0,0,0,0
65944,65964,65954,17.4,-105.159,40.2903,87.2633,-60.2489,427.367,3.41131,0.744098,79.7643,0.321588,0.000288848,1.6382,0.963646,0.32764,0.115638,0.173456,0.0385459,0.0770917,0,0,0.0192729,0.0385459,0.0192729,0,0,0
65965,65986,65976,17.3,-105.159,40.2908,88.7214,-58.5045,428.833,3.85261,0.7771,67.0467,0.258834,0.000332539,1.98895,0.93966,0.234915,0.250576,0.125288,0.062644,0.093966,0.109627,0,0.015661,0.031322,0,0,0,0
65988,66011,66000,17.2,-105.158,40.2912,90.2076,-58.5319,426.743,3.75347,0.835696,78.37,0.281335,0.000385373,2.06922,0.593497,0.368931,0.176445,0.240607,0.0320809,0.112283,0.0641618,0.0481214,0.0160405,0.0160405,0,0.0160405,0,0
66011,66030,66020,17.1,-105.156,40.2915,91.5475,-57.675,426.65,3.87307,0.724812,50.6455,0.209622,0.000351496,2.07009,0.90149,0.300497,0.100166,0.150248,0.100166,0.0834713,0.066777,0.0834713,0.0166943,0,0,0,0,0
66035,66056,66046,17,-105.154,40.2915,93.1136,-58.7864,422.396,3.99443,0.840652,71.7013,0.255877,0.000416844,2.22417,0.74139,0.332869,0.151304,0.181565,0.121043,0.0605216,0.0605216,0.0605216,0.0453912,0,0.0151304,0,0,0
66057,66077,66067,16.9,-105.152,40.2916,94.5584,-57.6711,422.729,3.6768,0.728931,48.6071,0.200048,0.00032667,1.77741,0.627322,0.365938,0.348512,0.209107,0.121979,0.0871281,0.0697024,0.0522768,0.0174256,0,0,0,0,0
66078,66100,66089,16.8,-105.149,40.2921,96.1419,-58.1,419.891,3.47708,0.745891,62.7025,0.252192,0.000305959,1.73074,0.592507,0.374215,0.233884,0.187107,0.140331,0.109146,0.0623691,0.0155923,0,0.0311846,0,0,0,0
66101,66123,66112,16.7,-105.147,40.2929,97.6645,-57.6225,418.942,4.01165,1.05063,99.2594,0.283427,0.000559229,1.86024,0.8088,0.388224,0.258816,0.177936,0.129408,0.16176,0.08088,0.064704,0.048528,0.016176,0.016176,0,0,0
66124,66148,66136,16.6,-105.144,40.2938,99.1805,-58.5123,415.377,4.91596,0.891123,63.4996,0.213774,0.000359225,2.6386,0.989474,0.408354,0.235589,0.267001,0.125648,0.0785297,0.125648,0.0157059,0.0157059,0.0157059,0,0,0,0
66149,66176,66162,16.5,-105.141,40.2947,100.834,-58.4452,413.549,5.27355,0.920785,62.0734,0.202241,0.000403169,2.82971,1.27194,0.328704,0.242955,0.185789,0.142915,0.10004,0.0857487,0.0428744,0.0428744,0,0,0,0,0
66176,66203,66190,16.4,-105.138,40.2959,102.525,-58.456,411.568,7.08154,1.10899,66.8582,0.180862,0.000416574,3.94215,1.53386,0.530399,0.415718,0.215027,0.186356,0.0716755,0.100346,0.0573404,0.0286702,0,0,0,0,0
66204,66229,66216,16.3,-105.135,40.2975,104.119,-58.39,409.884,6.97243,1.0602,64.9592,0.183812,0.000396352,4.16172,1.35101,0.481393,0.341634,0.295047,0.077644,0.077644,0.12423,0.0155288,0.0465864,0,0,0,0,0
66230,66256,66243,16.2,-105.132,40.2991,105.84,-58.4304,407.893,7.78728,1.00531,59.4785,0.177492,0.000283776,4.92728,1.7875,0.45076,0.202065,0.139891,0.0932608,0.0621739,0.0621739,0.0466304,0,0,0.0155435,0,0,0
66257,66280,66268,16.1,-105.13,40.3005,107.569,-57.411,407.932,7.92909,1.1128,75.8044,0.204361,0.000396303,5.14415,1.75611,0.372507,0.195123,0.159646,0.0532153,0.106431,0.0177384,0.0709538,0.0354769,0.0177384,0,0,0,0
66281,66305,66293,16,-105.127,40.3017,109.248,-56.7833,407.315,7.78228,0.926824,49.4179,0.159959,0.00021638,5.12923,1.60657,0.501131,0.191609,0.117913,0.0736958,0.0736958,0.0736958,0,0,0.0147392,0,0,0,0
66306,66329,66318,15.9,-105.124,40.3031,110.995,-56.3987,406.196,7.71402,0.949288,49.068,0.155068,0.000273665,5.04555,1.57961,0.490753,0.15336,0.199368,0.0920161,0.046008,0.030672,0.0613441,0.015336,0,0,0,0,0
66329,66353,66341,15.8,-105.121,40.3047,112.799,-55.8895,405.279,7.88025,1.1763,89.2264,0.22756,0.00041469,5.3284,1.38025,0.369136,0.27284,0.176543,0.128395,0.0962964,0.0160494,0.0320988,0.0481482,0.0160494,0.0160494,0,0,0
66354,66378,66366,15.7,-105.118,40.3064,114.568,-55.4545,404.287,8.94346,1.17705,77.9367,0.198641,0.000323909,5.98364,1.6799,0.511969,0.271984,0.239985,0.0799952,0.0479971,0.0639961,0.015999,0.015999,0.015999,0.015999,0,0,0
66380,66403,66392,15.6,-105.116,40.3082,116.361,-54.6614,403.964,7.9408,1.0572,62.273,0.176711,0.000366467,5.14474,1.75752,0.383459,0.207707,0.111842,0.0798873,0.111842,0.0639098,0.0319549,0.0479324,0,0,0,0,0
66404,66428,66416,15.5,-105.114,40.31,118.233,-53.9021,403.524,8.67575,1.00813,54.1945,0.161272,0.000241882,5.64797,2.0816,0.465812,0.145566,0.13101,0.0582265,0.0436699,0.0436699,0.0436699,0,0.0145566,0,0,0,0
66429,66453,66441,15.4,-105.112,40.3119,120.072,-53.547,402.4,9.1313,1.22222,86.8076,0.213074,0.00037775,5.92096,2.13518,0.469436,0.227147,0.121145,0.0454293,0.0908587,0.0302862,0,0.0605724,0.0151431,0.0151431,0,0,0
66454,66479,66466,15.3,-105.11,40.3139,121.913,-52.9504,401.742,9.26532,0.992723,39.6317,0.119767,0.000174764,6.00777,1.93584,0.707582,0.253662,0.186909,0.066753,0.066753,0.0133506,0.0267012,0,0,0,0,0,0
66480,66507,66494,15.2,-105.108,40.3159,123.826,-52.7192,400.378,8.95575,1.28685,94.7524,0.220894,0.000410971,5.88719,1.80504,0.430432,0.291583,0.180504,0.124964,0.0833093,0.0416547,0.0555396,0.0138849,0.0138849,0.0277698,0,0,0
66508,66534,66521,15.1,-105.106,40.318,125.73,-52.6344,398.788,7.5908,1.08139,75.0037,0.208077,0.000351641,4.61266,1.78689,0.484814,0.263185,0.193926,0.0415555,0.083111,0.0138518,0.0692591,0.0138518,0.0277037,0,0,0,0
66536,66566,66551,15,-105.103,40.3212,127.756,-52.4597,397.287,7.49217,1.01803,58.2533,0.171665,0.000290785,4.48576,1.59865,0.477208,0.405627,0.286325,0.0477208,0.059651,0.0954416,0.0119302,0.0119302,0.0119302,0,0,0,0
66567,66596,66582,14.9,-105.1,40.3241,129.644,-52.0736,396.316,7.30336,0.905787,43.6244,0.144486,0.000231652,4.54555,1.41355,0.637485,0.318743,0.110867,0.110867,0.0970086,0.0415751,0.0138584,0.0138584,0,0,0,0,0
66597,66624,66610,14.8,-105.099,40.3273,131.81,-51.9246,394.714,7.62025,0.999326,51.2195,0.153762,0.000293998,4.84563,1.31429,0.597406,0.358444,0.199135,0.0663785,0.132757,0.0663785,0.0265514,0.0132757,0,0,0,0,0
66625,66651,66638,14.7,-105.098,40.3299,133.874,-52.3336,392.236,6.99033,0.949611,61.8507,0.195398,0.000258753,4.39826,1.3374,0.565293,0.275753,0.193027,0.0827258,0.0413629,0.0413629,0.0275753,0,0.0275753,0,0,0,0
66653,66677,66665,14.6,-105.097,40.3321,135.922,-51.0648,392.782,7.65724,1.18842,81.5515,0.205866,0.000417492,4.56964,1.57811,0.562629,0.274453,0.26073,0.123504,0.123504,0.0686133,0.0686133,0,0.0274453,0,0,0,0
66680,66705,66692,14.5,-105.095,40.3342,138.108,-49.5946,393.587,7.46226,1.0407,56.3397,0.162409,0.000321358,4.46885,1.39031,0.638406,0.340483,0.269549,0.127681,0.156055,0.0141868,0.0283736,0.0283736,0,0,0,0,0
66706,66729,66718,14.4,-105.093,40.336,140.229,-48.9039,393.085,7.27602,1.19471,65.8358,0.165318,0.000422499,3.7487,1.56442,0.575588,0.457519,0.265656,0.324691,0.191863,0.118069,0.0295173,0,0,0,0,0,0
66730,66755,66742,14.3,-105.091,40.3376,142.328,-49.6733,390.078,7.0749,1.09739,61.3302,0.167662,0.00037219,3.72213,1.43487,0.653505,0.554058,0.340959,0.12786,0.0710331,0.113653,0.0426199,0.0142066,0,0,0,0,0
66756,66781,66768,14.2,-105.088,40.3392,144.555,-49.8033,388.125,7.29338,1.65924,151.904,0.274651,0.000737585,3.62545,1.40203,0.66561,0.552314,0.283238,0.269076,0.184105,0.155781,0.0708096,0.0141619,0.0424857,0.0141619,0.0141619,0,0
66782,66807,66794,14.1,-105.086,40.3411,146.772,-49.6219,386.755,7.56345,1.41963,95.1189,0.201007,0.000569068,3.58612,1.65614,0.704184,0.521617,0.417294,0.208647,0.28689,0.104323,0.0391213,0.0260809,0,0.0130404,0,0,0
66808,66837,66822,14,-105.083,40.3437,149.01,-51.1658,382.428,7.81548,1.58919,134.876,0.254612,0.000687852,4.04786,1.65028,0.685022,0.529335,0.217962,0.155687,0.249099,0.140118,0.0622747,0.0311374,0,0.0311374,0.0155687,0,0
66838,66868,66853,13.9,-105.079,40.3469,151.458,-51.865,379.45,7.70519,1.4866,105.631,0.213166,0.000572486,3.34327,1.82835,0.770519,0.600743,0.522386,0.300372,0.156716,0.0914175,0.0261193,0.0391789,0.0261193,0,0,0,0
66869,66899,66884,13.8,-105.076,40.3491,153.788,-52.1207,377.363,7.79729,1.54266,112.341,0.21847,0.000622801,3.59012,1.51458,0.967649,0.589004,0.434741,0.294502,0.154263,0.154263,0.0420717,0.0280478,0.0140239,0.0140239,0,0,0
66900,66929,66914,13.7,-105.072,40.3513,156.252,-52.5317,374.956,8.34563,1.42226,91.4295,0.192854,0.000497314,3.99669,1.88319,0.867078,0.541924,0.541924,0.21677,0.149029,0.0677405,0.0270962,0.0406443,0,0.0135481,0,0,0
66930,66957,66944,13.6,-105.068,40.3536,158.655,-52.4646,373.436,8.99947,1.49147,102.134,0.205436,0.00057745,5.07353,1.64588,0.936187,0.528493,0.286896,0.135898,0.135898,0.105699,0.120798,0.0150998,0,0,0.0150998,0,0
66959,66985,66972,13.5,-105.063,40.3561,161.138,-53.008,370.868,9.36079,1.51635,95.0841,0.188118,0.000524727,5.1987,1.64913,0.848126,0.596829,0.502593,0.204178,0.204178,0.0785301,0.0314121,0.0314121,0.015706,0,0,0,0
66986,67013,67000,13.4,-105.06,40.3586,163.538,-52.931,369.434,9.55766,1.87959,140.774,0.224688,0.000847466,4.9655,1.9414,0.802694,0.48535,0.429348,0.410681,0.168006,0.130671,0.168006,0.0373346,0,0,0.0186673,0,0
67014,67039,67026,13.3,-105.056,40.3618,166.436,-53.0993,367.305,9.61165,1.62499,110.768,0.204496,0.000578768,5.21215,2.01761,0.72858,0.532424,0.420334,0.280223,0.252201,0.0840669,0.0280223,0.0280223,0,0.0280223,0,0,0
67040,67066,67053,13.2,-105.052,40.3643,168.803,-53.7496,364.745,11.2537,2.24655,154.767,0.206673,0.000984365,5.19004,2.29527,1.19902,0.873571,0.582381,0.376835,0.308319,0.256933,0.119902,0.0342577,0.0171288,0,0,0,0
67067,67090,67078,13.1,-105.049,40.3671,171.284,-53.8443,363.069,10.8167,2.06041,119.377,0.173815,0.000764642,4.15894,2.46456,1.40343,0.838635,0.85575,0.54768,0.325185,0.154035,0.051345,0.017115,0,0,0,0,0
67096,67121,67108,13,-105.046,40.3706,174.394,-54.1636,360.682,11.7751,2.40427,146.428,0.18271,0.000955554,4.49855,2.43746,1.32627,1.14704,1.03951,0.627288,0.448063,0.14338,0.0716901,0.035845,0,0,0,0,0
67122,67149,67136,12.9,-105.043,40.373,176.878,-53.8985,359.663,12.3286,2.72369,192.694,0.212243,0.00115588,4.65914,2.69262,1.40682,1.07402,0.937879,0.771481,0.378177,0.226906,0.136144,0.0151271,0,0.0151271,0.0151271,0,0
