data/B2SAP/Locations/Boulder/NOAA-POPS-B2SAP_GMLBalloon_20240129_R0.ict
82,1001
Thornberry, T. D.
NOAA Chemical Sciences Laboratory
Portable Optical Particle Spectrometer (POPS)
Balloon Baseline Stratospheric Aerosol Profiles (B2SAP)
1,1
2024,01,29,2024,05,30
0
TIME_START,s,Seconds since midnight UTC on flight start day,Start time of 100 m altitude bin in UTC_seconds_since_midnight
49
1.0,1.0,1.0,1.0,1.0,1.0,1.0,1.0,1.0,1.0,1.0,1.0,1.0,1.0,1.0,1.0,1.0,1.0,1.0,1.0,1.0,1.0,1.0,1.0,1.0,1.0,1.0,1.0,1.0,1.0,1.0,1.0,1.0,1.0,1.0,1.0,1.0,1.0,1.0,1.0,1.0,1.0,1.0,1.0,1.0,1.0,1.0,1.0,1.0
99999,99999,99999,99999,99999,99999,99999,99999,99999,99999,99999,99999,99999,99999,99999,99999,99999,99999,99999,99999,99999,99999,99999,99999,99999,99999,99999,99999,99999,99999,99999,99999,99999,99999,99999,99999,99999,99999,99999,99999,99999,99999,99999,99999,99999,99999,99999,99999,99999
TIME_STOP,s,End time of 100 m altitude bin in UTC seconds since midnight,
TIME_MID,s,Mid time of 100 m altitude in UTC seconds since midnight,
GPSAlt,km,GPS reported altitude above sea level (km),
GPS_Lon,deg,GPS reported longitude,
GPS_Lat,deg,GPS reported latitude,
iMet_Pressure,hPa,Pressure reported (hPa),
iMet_Temperature,degrees C,Ambient temperature (oC),
THETA,K,Potential temperature from iMet,
Aerosol_concentration,cm^-3,Aerosol concentration,
Surface_Area_Conc,um^2 cm^-3,Surface area concentration,
Volume_density,um^3 cm^-3,Volume density,
Effective_radius,um,Effective radius,
Extinction,km^-1,Extinction,
Bin01,cm^-3,particle concentration in size range [140 - 146.14 nm],
Bin02,cm^-3,particle concentration in size range [146.14 - 152.56 nm],
Bin03,cm^-3,particle concentration in size range [152.56 - 159.25 nm],
Bin04,cm^-3,particle concentration in size range [159.25 - 166.24 nm],
Bin05,cm^-3,particle concentration in size range [166.24 - 173.54 nm],
Bin06,cm^-3,particle concentration in size range [173.54 - 181.16 nm],
Bin07,cm^-3,particle concentration in size range [181.16 - 189.11 nm],
Bin08,cm^-3,particle concentration in size range [189.11 - 197.41 nm],
Bin09,cm^-3,particle concentration in size range [197.41 - 206.07 nm],
Bin10,cm^-3,particle concentration in size range [206.07 - 215.12 nm],
Bin11,cm^-3,particle concentration in size range [215.12 - 224.56 nm],
Bin12,cm^-3,particle concentration in size range [224.56 - 234.41 nm],
Bin13,cm^-3,particle concentration in size range [234.41 - 244.70 nm],
Bin14,cm^-3,particle concentration in size range [244.70 - 361.30 nm],
Bin15,cm^-3,particle concentration in size range [361.30 - 472.80 nm],
Bin16,cm^-3,particle concentration in size range [472.80 - 567.00 nm],
Bin17,cm^-3,particle concentration in size range [567.00 - 610.66 nm],
Bin18,cm^-3,particle concentration in size range [610.66 - 657.69 nm],
Bin19,cm^-3,particle concentration in size range [657.69 - 708.33 nm],
Bin20,cm^-3,particle concentration in size range [708.33 - 762.88 nm],
Bin21,cm^-3,particle concentration in size range [762.88 - 821.62 nm],
Bin22,cm^-3,particle concentration in size range [821.62 - 884.89 nm],
Bin23,cm^-3,particle concentration in size range [884.89 - 953.03 nm],
Bin24,cm^-3,particle concentration in size range [953.03 - 1026.42 nm],
Bin25,cm^-3,particle concentration in size range [1026.42 - 1105.46 nm],
Bin26,cm^-3,particle concentration in size range [1105.46 - 1190.59 nm]],
[...]
LOCATION: Boulder, CO, USA
ASSOCIATED_DATA: N/A
INSTRUMENT_INFO: Printed Optical Particle Spectrometer counts particles from 140 - 2500 nm in diameter 
DATA_INFO: Particle concentrations reported in number per cubic centimeter, binned to 100 m altitude
UNCERTAINTY: Counting uncertainty dominated by air flow, less than 5 percent
ULOD_FLAG: -77777
ULOD_VALUE: 3000 ~3000 per cm3 (varies depending on flow rate- manufacturer quotes 1250  per cm3 at 1.667 cc/s)
LLOD_FLAG: -88888
LLOD_VALUE: 0 0 (varies depending on data field and measurement precision)
DM_CONTACT_INFO: Troy Thornberry, 325 Broadway R/CSL6, Boulder, CO 80305; troy.thornberry@noaa.gov; 303-497-3373
PROJECT_INFO: B2SAP Boulder, CO, USA
STIPULATIONS_ON_USE: Please contact the PIs for questions regarding applications and uncertainties
OTHER_COMMENTS: POPS bin Edges (nm):  140, 146.14, 152.56, 159.25, 166.24, 173.54, 181.16, 189.11, 197.41, 206.07, 215.12, 224.56, 234.41, 244.70, 361.30, 472.80, 567.00, 610.66, 657.69, 708.33, 762.88, 821.62, 884.89, 953.03, 1026.42, 1105.46, 1190.59, 1282.27, 1381.01, 1487.36, 1601.89, 1725.25, 1858.10, 2001.18, 2155.28, 2321.25, 2500
Calculations assume sulfate refractive index of 1.45+0.00j and extinction wavelength = 532 nm
REVISION: R0
R0: QA/QC data
TIME_START,TIME_STOP,TIME_MID,GPSAlt,GPS_Lon,GPS_Lat,iMet_Pressure,iMet_Temperature,THETA,Aerosol_concentration,Surface_Area_Conc,Volume_density,Effective_radius,Extinction,Bin01,Bin02,Bin03,Bin04,Bin05,Bin06,Bin07,Bin08,Bin09,Bin10,Bin11,Bin12,Bin13,Bin14,Bin15,Bin16,Bin17,Bin18,Bin19,Bin20,Bin21,Bin22,Bin23,Bin24,Bin25,Bin26,Bin27,Bin28,Bin29,Bin30,Bin31,Bin32,Bin33,Bin34,Bin35,Bin36
[from data line 154]
64656,64680,64668,17,-104.864,39.8705,91.5012,-60.9096,420.303,6.81812,1.47557,102.546,0.208487,0.000689599,0.74951,0.713243,0.580266,0.556088,0.53191,0.374755,0.302222,0.3264,0.205511,0.169244,0.229689,0.241777,0.241777,0.918754,0.241777,0.205511,0.0241777,0.0241777,0.0725332,0.0241777,0.0362666,0.0362666,0.0120889,0,0,0,0,0,0,0,0,0,0,0,0,0
64681,64702,64692,17.1,-104.861,39.8702,90.0045,-61.4241,421.266,7.0107,1.37456,92.937,0.202837,0.000603739,0.786634,0.786634,0.786634,0.483021,0.455419,0.565824,0.331214,0.345015,0.289812,0.289812,0.248411,0.220809,0.151806,0.648628,0.248411,0.151806,0.0552024,0.0414018,0.0414018,0.0138006,0,0.0414018,0.0276012,0,0,0,0,0,0,0,0,0,0,0,0,0
64703,64724,64714,17.2,-104.858,39.8698,88.585,-61.8618,422.308,6.85334,1.40955,98.0908,0.208771,0.000629399,1.07774,0.994839,0.635592,0.303979,0.34543,0.359247,0.34543,0.303979,0.303979,0.193441,0.124355,0.124355,0.138172,0.953387,0.290161,0.138172,0.0829032,0.0414516,0,0.0138172,0,0.0276344,0.0552688,0,0,0,0,0,0,0,0,0,0,0,0,0
64725,64747,64736,17.3,-104.855,39.8694,87.143,-62.53,422.954,6.56854,1.24327,73.722,0.177891,0.000480854,0.877578,0.744611,0.545162,0.571755,0.412196,0.465382,0.372306,0.226043,0.15956,0.279229,0.132966,0.132966,0.106373,0.944061,0.239339,0.252636,0.0265933,0.0132966,0.0398899,0.0132966,0,0.0132966,0,0,0,0,0,0,0,0,0,0,0,0,0,0
64748,64769,64758,17.4,-104.852,39.8688,85.6877,-63.2218,423.598,6.4817,1.40714,94.9522,0.202437,0.000655152,0.886387,0.67864,0.540142,0.540142,0.304695,0.373944,0.263146,0.332395,0.207747,0.207747,0.138498,0.235446,0.235446,0.789438,0.263146,0.263146,0.069249,0.0415494,0.0415494,0.0276996,0.0138498,0.0138498,0.0138498,0,0,0,0,0,0,0,0,0,0,0,0,0
64770,64789,64780,17.5,-104.85,39.8679,84.375,-63.8185,424.26,7.19879,1.29713,74.7816,0.172955,0.00046395,0.861393,0.630663,0.630663,0.661427,0.584517,0.461461,0.38455,0.353786,0.353786,0.199966,0.169202,0.276876,0.15382,0.892157,0.30764,0.138438,0.0461461,0.030764,0.0461461,0,0,0,0.015382,0,0,0,0,0,0,0,0,0,0,0,0,0
64790,64812,64801,17.6,-104.847,39.8668,83.0565,-64.4674,424.852,6.89883,1.3524,90.4283,0.200594,0.000569151,0.589415,0.910914,0.709977,0.549228,0.50904,0.442061,0.375082,0.267916,0.361686,0.308103,0.174145,0.174145,0.174145,0.723373,0.294707,0.174145,0.0535832,0,0.0133958,0.0133958,0.0267916,0,0.0535832,0,0,0,0,0,0,0,0,0,0,0,0,0
64813,64836,64824,17.7,-104.845,39.8654,81.7225,-64.4554,426.849,6.28334,1.4371,104.77,0.218711,0.000725144,0.682412,0.74679,0.553655,0.618033,0.399146,0.347644,0.296141,0.347644,0.206011,0.154508,0.257514,0.141633,0.115881,0.579406,0.321892,0.27039,0.0515028,0.0772541,0.0257514,0.0128757,0.0128757,0.0257514,0.0386271,0,0,0,0,0,0,0,0,0,0,0,0,0
64837,64861,64849,17.8,-104.842,39.8642,80.406,-63.868,430.042,5.91174,1.41233,98.3265,0.208861,0.000681159,0.686841,0.686841,0.478336,0.306626,0.318891,0.22077,0.257565,0.306626,0.257565,0.12265,0.22077,0.159445,0.14718,0.895347,0.429276,0.183975,0.0613251,0.0490601,0.0367951,0.0367951,0.012265,0.02453,0.012265,0,0,0,0,0,0,0,0,0,0,0,0,0
64862,64887,64874,17.9,-104.839,39.8627,79.1115,-63.3138,433.183,5.18492,1.42446,110.226,0.232143,0.000760359,0.54206,0.459572,0.377085,0.329949,0.306382,0.306382,0.21211,0.247462,0.21211,0.153191,0.0824873,0.164975,0.0942712,0.777738,0.412437,0.282814,0.0824873,0.0117839,0.0117839,0.0235678,0.0235678,0,0.0707034,0,0,0,0,0,0,0,0,0,0,0,0,0
64888,64915,64902,18,-104.836,39.8608,77.805,-61.5996,438.806,4.68533,1.15454,81.2589,0.211147,0.000551635,0.541032,0.367902,0.33544,0.259695,0.389543,0.259695,0.17313,0.17313,0.205592,0.119027,0.151489,0.119027,0.0973857,0.779086,0.378722,0.194771,0.0108206,0.0216413,0.0541032,0,0.0108206,0.0216413,0.0216413,0,0,0,0,0,0,0,0,0,0,0,0,0
64916,64935,64926,18.1,-104.835,39.8595,76.5035,-61.0865,441.994,4.36877,1.28481,98.0458,0.228935,0.000716587,0.576435,0.303387,0.257879,0.257879,0.303387,0.136524,0.0910161,0.22754,0.182032,0.136524,0.136524,0.0758467,0.0910161,0.69779,0.364064,0.288218,0.0606774,0.045508,0.0758467,0.0151693,0.0151693,0,0.0303387,0,0,0,0,0,0,0,0,0,0,0,0,0
64936,64959,64948,18.2,-104.833,39.8588,75.3375,-61.4692,443.135,4.15854,1.13329,85.6713,0.226786,0.000612412,0.4499,0.364784,0.328305,0.243189,0.170232,0.182392,0.182392,0.194551,0.182392,0.145914,0.158073,0.121595,0.0972757,0.644451,0.279668,0.194551,0.0486378,0.0486378,0.0364784,0.0121595,0.0364784,0.0243189,0.0121595,0,0,0,0,0,0,0,0,0,0,0,0,0
64960,64984,64972,18.3,-104.832,39.8584,74.136,-61.9296,444.208,4.42379,1.28276,99.8147,0.233437,0.000701968,0.392257,0.337777,0.294193,0.261505,0.239713,0.250609,0.174336,0.16344,0.16344,0.119856,0.196129,0.141648,0.0980643,0.806306,0.326881,0.207025,0.0653762,0.0653762,0.0217921,0.0217921,0.010896,0.0217921,0.0435841,0,0,0,0,0,0,0,0,0,0,0,0,0
64985,65003,64994,18.4,-104.832,39.8584,72.9689,-62.3326,445.373,4.26243,1.12604,82.2789,0.219207,0.000595523,0.345602,0.504003,0.244802,0.388803,0.216001,0.201601,0.316802,0.129601,0.100801,0.129601,0.0864006,0.0864006,0.129601,0.720005,0.172801,0.288002,0.0576004,0.0288002,0.0720005,0.0144001,0,0.0144001,0.0144001,0,0,0,0,0,0,0,0,0,0,0,0,0
65004,65028,65016,18.5,-104.83,39.8589,71.822,-61.9336,448.245,3.66953,0.871992,58.7704,0.202193,0.000407082,0.415006,0.305794,0.218424,0.262109,0.251188,0.229345,0.185661,0.0873697,0.131055,0.152897,0.120133,0.0873697,0.131055,0.556982,0.229345,0.218424,0.0109212,0.0327636,0,0.0109212,0.0218424,0,0.0109212,0,0,0,0,0,0,0,0,0,0,0,0,0
65029,65054,65042,18.6,-104.828,39.8596,70.6977,-60.8542,452.571,3.75397,0.969776,69.0402,0.213576,0.000479034,0.334616,0.230048,0.313702,0.271875,0.240505,0.167308,0.156851,0.219592,0.135938,0.167308,0.104567,0.0731972,0.115024,0.596034,0.313702,0.177765,0.0209135,0.0313702,0.041827,0.0104567,0,0.0104567,0.0209135,0,0,0,0,0,0,0,0,0,0,0,0,0
65055,65079,65067,18.7,-104.825,39.86,69.5384,-60.786,454.858,3.75779,1.11449,90.8366,0.244516,0.000631805,0.33668,0.412705,0.195492,0.271516,0.17377,0.152049,0.119467,0.195492,0.141189,0.0977459,0.0977459,0.152049,0.119467,0.608197,0.314959,0.152049,0.0434426,0.032582,0.0108607,0.0434426,0.0217213,0.0108607,0.0543033,0,0,0,0,0,0,0,0,0,0,0,0,0
65080,65105,65092,18.8,-104.821,39.8599,68.4638,-60.6723,457.131,3.91792,1.17333,91.4758,0.233888,0.000677015,0.42836,0.313434,0.229852,0.208956,0.261195,0.146269,0.229852,0.104478,0.250747,0.114926,0.125374,0.0731346,0.0835824,0.52239,0.33433,0.240299,0.0731346,0.052239,0.0417912,0.0104478,0.0313434,0.0417912,0,0,0,0,0,0,0,0,0,0,0,0,0,0
65106,65128,65117,18.9,-104.818,39.8592,67.3891,-60.903,458.704,3.51811,0.983901,70.9086,0.216206,0.000517186,0.436812,0.342366,0.200697,0.16528,0.188892,0.118057,0.141669,0.106252,0.16528,0.129863,0.0826401,0.118057,0.118057,0.425006,0.401395,0.24792,0.0236114,0.0118057,0.0590286,0.0118057,0,0.0236114,0,0,0,0,0,0,0,0,0,0,0,0,0,0
65129,65147,65138,19,-104.815,39.858,66.2826,-60.9832,460.704,3.52366,1.05572,84.6562,0.240565,0.000607502,0.329448,0.272152,0.272152,0.329448,0.100267,0.11459,0.157562,0.171886,0.100267,0.11459,0.186209,0.171886,0.0429714,0.444038,0.315124,0.186209,0.071619,0,0.0429714,0.0143238,0.0286476,0.0429714,0.0143238,0,0,0,0,0,0,0,0,0,0,0,0,0
65148,65167,65158,19.1,-104.813,39.8567,65.267,-61.243,462.174,3.50869,0.941103,66.9025,0.213269,0.000482454,0.448786,0.231193,0.190394,0.176794,0.231193,0.176794,0.190394,0.095197,0.095197,0.135996,0.149595,0.122396,0.0815974,0.516784,0.339989,0.176794,0.0271991,0.0543983,0.0271991,0,0.0271991,0.0135996,0,0,0,0,0,0,0,0,0,0,0,0,0,0
65168,65188,65178,19.2,-104.812,39.8554,64.2475,-61.9445,462.721,3.03529,0.868614,68.8883,0.237925,0.000477384,0.287122,0.205087,0.232432,0.136725,0.191415,0.136725,0.10938,0.123052,0.16407,0.136725,0.0683624,0.136725,0.123052,0.464864,0.232432,0.10938,0.0546899,0.0410174,0,0,0.027345,0.027345,0.027345,0,0,0,0,0,0,0,0,0,0,0,0,0
65189,65212,65200,19.3,-104.811,39.8544,63.2279,-62.5617,463.48,3.41324,1.00768,77.4135,0.23047,0.000564266,0.376712,0.159817,0.239726,0.251141,0.171233,0.171233,0.171233,0.136986,0.136986,0.10274,0.10274,0.114155,0.10274,0.456621,0.33105,0.182648,0.0342466,0.0684931,0.0570776,0.0114155,0,0.0114155,0.022831,0,0,0,0,0,0,0,0,0,0,0,0,0
65213,65234,65224,19.4,-104.81,39.8539,62.1855,-62.4082,466.031,3.0129,0.936598,69.7655,0.223465,0.000512378,0.373499,0.1992,0.18675,0.11205,0.11205,0.11205,0.16185,0.1245,0.0871499,0.0622499,0.0497999,0.0622499,0.0746999,0.572699,0.3237,0.2739,0.0249,0.0249,0.0373499,0.01245,0,0.01245,0.01245,0,0,0,0,0,0,0,0,0,0,0,0,0
65235,65255,65245,19.5,-104.809,39.8537,61.2067,-62.4014,468.16,3.42698,0.967516,73.7684,0.228735,0.000513987,0.444722,0.235441,0.196201,0.183121,0.143881,0.10464,0.130801,0.235441,0.196201,0.0130801,0.117721,0.0915604,0.0784803,0.654003,0.287761,0.143881,0.0523202,0.0130801,0.0261601,0.0130801,0.0261601,0.0130801,0.0261601,0,0,0,0,0,0,0,0,0,0,0,0,0
65256,65278,65267,19.6,-104.809,39.8535,60.2183,-62.213,470.767,3.03305,0.899464,65.7195,0.219195,0.000484157,0.203,0.179117,0.250764,0.262705,0.191058,0.10747,0.167176,0.179117,0.0358235,0.0955292,0.0238823,0.0835881,0.0835881,0.465705,0.334352,0.214941,0.0716469,0.0238823,0.0358235,0,0.0119412,0,0.0119412,0,0,0,0,0,0,0,0,0,0,0,0,0
65279,65300,65290,19.7,-104.807,39.8533,59.2523,-61.8418,473.777,3.55922,1.12903,90.4774,0.240413,0.00065234,0.410679,0.224007,0.261341,0.161783,0.199117,0.149338,0.0871138,0.112003,0.136893,0.136893,0.074669,0.112003,0.124448,0.560017,0.38579,0.211562,0.0248897,0.0497793,0.0497793,0.0248897,0.0124448,0.0124448,0.0373345,0,0,0,0,0,0,0,0,0,0,0,0,0
65301,65323,65312,19.8,-104.806,39.8532,58.3343,-61.4191,476.846,3.18002,0.998119,74.8951,0.225109,0.000549068,0.213583,0.272912,0.16612,0.189852,0.189852,0.130523,0.0474629,0.0711944,0.154254,0.0711944,0.16612,0.0593287,0.0949258,0.628884,0.308509,0.261046,0.0237315,0.0355972,0.0593287,0,0.0118657,0.0118657,0.0118657,0,0,0,0,0,0,0,0,0,0,0,0,0
65324,65347,65336,19.9,-104.804,39.8528,57.4054,-60.1804,481.843,3.22513,0.833881,55.9341,0.20123,0.000383649,0.282906,0.294222,0.147111,0.18106,0.158427,0.158427,0.113162,0.135795,0.158427,0.113162,0.124479,0.0792137,0.0792137,0.611077,0.36212,0.147111,0.0113162,0.0339487,0,0,0.0113162,0.0226325,0,0,0,0,0,0,0,0,0,0,0,0,0,0
65348,65371,65360,20,-104.802,39.852,56.5175,-59.2475,486.112,3.04724,0.972108,82.0085,0.253085,0.000573509,0.361154,0.191863,0.214435,0.203149,0.158005,0.169291,0.0902886,0.112861,0.112861,0.0790025,0.0677164,0.0677164,0.0790025,0.496587,0.293438,0.169291,0.0225721,0.0338582,0.0225721,0.0112861,0.0225721,0.0112861,0.0564304,0,0,0,0,0,0,0,0,0,0,0,0,0
65372,65396,65384,20.1,-104.801,39.8511,55.6252,-59.226,488.376,2.96811,1.04858,85.5189,0.24467,0.000631775,0.269828,0.215862,0.161897,0.107931,0.17269,0.140311,0.0971381,0.0755518,0.0539656,0.0863449,0.118724,0.0971381,0.0539656,0.496483,0.377759,0.259035,0.0215862,0.0323794,0.0431725,0.0215862,0.0215862,0.0215862,0.0215862,0,0,0,0,0,0,0,0,0,0,0,0,0
65397,65420,65408,20.2,-104.8,39.8502,54.7713,-59.465,489.991,2.74491,0.938731,81.2116,0.259536,0.000572352,0.271103,0.203327,0.180735,0.135551,0.101663,0.146847,0.101663,0.0903675,0.0903675,0.0903675,0.101663,0.0903675,0.0790716,0.429246,0.282399,0.146847,0.0564797,0.0225919,0.0225919,0,0.0225919,0.0338878,0.0451838,0,0,0,0,0,0,0,0,0,0,0,0,0
65421,65445,65433,20.3,-104.799,39.8493,53.8992,-59.8872,491.272,3.15247,0.99173,80.3609,0.243093,0.000588657,0.358729,0.260894,0.217412,0.173929,0.163059,0.130447,0.130447,0.119576,0.076094,0.076094,0.0869646,0.076094,0.0978352,0.532658,0.239153,0.228282,0.0217412,0.0217412,0.0326117,0.0217412,0.0543529,0.0217412,0.0108706,0,0,0,0,0,0,0,0,0,0,0,0,0
65446,65469,65458,20.4,-104.799,39.8484,53.0546,-60.1958,492.78,3.14445,0.973184,77.9878,0.24041,0.00053784,0.294085,0.248841,0.203597,0.0904877,0.11311,0.282774,0.0791767,0.101799,0.101799,0.147042,0.0904877,0.0791767,0.0452438,0.633414,0.282774,0.203597,0.0452438,0,0.0226219,0,0.011311,0.0226219,0.0452438,0,0,0,0,0,0,0,0,0,0,0,0,0
65470,65492,65481,20.5,-104.798,39.847,52.1813,-60.0191,495.534,3.04708,0.828926,56.6062,0.204866,0.000406034,0.271639,0.248018,0.153535,0.0944831,0.212587,0.118104,0.0708623,0.129914,0.153535,0.106293,0.177156,0.0826727,0.0590519,0.590519,0.31888,0.141725,0.0236208,0.0118104,0.0472416,0.0354312,0,0,0,0,0,0,0,0,0,0,0,0,0,0,0,0
65493,65513,65503,20.6,-104.798,39.8455,51.3686,-60.5048,496.627,3.06952,0.809082,53.745,0.199281,0.000387462,0.299148,0.208103,0.208103,0.169084,0.130064,0.104052,0.104052,0.143071,0.156077,0.0910451,0.143071,0.104052,0.0910451,0.559277,0.234116,0.247123,0.0130064,0.0390193,0.0130064,0,0.0130064,0,0,0,0,0,0,0,0,0,0,0,0,0,0,0
65514,65533,65524,20.7,-104.797,39.8446,50.575,-60.5855,498.65,2.78442,0.697201,46.2609,0.199057,0.000332193,0.259334,0.232035,0.177439,0.245684,0.204737,0.109193,0.109193,0.0955439,0.109193,0.122842,0.0545965,0.0682457,0.0818948,0.409474,0.272983,0.136491,0.0136491,0.0272983,0.0545965,0,0,0,0,0,0,0,0,0,0,0,0,0,0,0,0,0
65534,65554,65544,20.8,-104.796,39.8435,49.8019,-60.749,500.467,2.91436,0.703105,46.5213,0.198496,0.000316965,0.353971,0.176986,0.165186,0.153387,0.24778,0.11799,0.153387,0.0943923,0.106191,0.106191,0.0707942,0.0943923,0.106191,0.542756,0.212383,0.129789,0.0235981,0.0235981,0.011799,0.011799,0,0,0.011799,0,0,0,0,0,0,0,0,0,0,0,0,0
65555,65577,65566,20.9,-104.795,39.8424,49.0217,-60.4787,503.369,2.91341,0.705778,46.5379,0.197816,0.000332312,0.322517,0.247263,0.225762,0.161259,0.172009,0.139757,0.118256,0.139757,0.118256,0.075254,0.118256,0.0645034,0.0860046,0.473025,0.204261,0.139757,0.0430023,0.0215011,0.0215011,0.0215011,0,0,0,0,0,0,0,0,0,0,0,0,0,0,0,0
65578,65600,65589,21,-104.794,39.8412,48.2361,-60.3617,505.977,3.05486,0.746586,48.4903,0.194848,0.00033571,0.34421,0.31194,0.215131,0.215131,0.118322,0.139835,0.107566,0.096809,0.0645394,0.0752959,0.0752959,0.0860525,0.0645394,0.666907,0.268914,0.107566,0.0322697,0.0322697,0.0107566,0,0.0215131,0,0,0,0,0,0,0,0,0,0,0,0,0,0,0
65601,65624,65612,21.1,-104.794,39.8401,47.4533,-60.395,508.264,2.81664,0.660531,41.8082,0.189884,0.000287436,0.257934,0.175395,0.247616,0.19603,0.144443,0.144443,0.0825388,0.113491,0.134125,0.123808,0.0722214,0.0722214,0.0825388,0.619041,0.144443,0.123808,0.030952,0.0103173,0.0206347,0.0206347,0,0,0,0,0,0,0,0,0,0,0,0,0,0,0,0
65625,65647,65636,21.2,-104.794,39.8395,46.7078,-60.2117,511.009,2.99082,0.792324,51.9927,0.196862,0.000373112,0.182892,0.268958,0.204408,0.204408,0.172133,0.0860667,0.1291,0.118342,0.150617,0.0753084,0.0753084,0.0753084,0.096825,0.570192,0.311992,0.150617,0.0753084,0.0215167,0.0107583,0.0107583,0,0,0,0,0,0,0,0,0,0,0,0,0,0,0,0
65648,65670,65659,21.3,-104.793,39.8391,45.9922,-60.0791,513.587,2.65107,0.701549,49.2673,0.210679,0.000359997,0.323301,0.193981,0.172427,0.204757,0.172427,0.107767,0.172427,0.0646602,0.0969903,0.0862136,0.0431068,0.12932,0.0646602,0.269418,0.237087,0.226311,0.0431068,0.0215534,0,0.0107767,0,0,0.0107767,0,0,0,0,0,0,0,0,0,0,0,0,0
65671,65691,65681,21.4,-104.792,39.8388,45.2481,-59.7752,516.727,2.96968,0.80411,60.254,0.224797,0.000435631,0.282827,0.271042,0.21212,0.164982,0.200335,0.21212,0.0824911,0.141413,0.117844,0.0824911,0.117844,0.0235689,0.0589222,0.5303,0.200335,0.0707066,0.0589222,0.0589222,0.0235689,0.0235689,0.0235689,0,0.0117844,0,0,0,0,0,0,0,0,0,0,0,0,0
65692,65713,65702,21.5,-104.791,39.8392,44.5409,-59.5,519.725,2.57738,0.58916,37.2678,0.189767,0.000259667,0.270119,0.281374,0.135059,0.191334,0.123804,0.0787846,0.157569,0.112549,0.157569,0.123804,0.0675297,0.0787846,0.0450198,0.360158,0.202589,0.135059,0.0112549,0.0112549,0.0225099,0.0112549,0,0,0,0,0,0,0,0,0,0,0,0,0,0,0,0
65714,65734,65724,21.6,-104.789,39.8399,43.8505,-59.9852,520.863,2.57251,0.692325,45.9721,0.199208,0.000335836,0.200609,0.212409,0.165207,0.153407,0.153407,0.141606,0.106205,0.118005,0.0826036,0.0826036,0.0354016,0.106205,0.0472021,0.424819,0.271412,0.188808,0.0472021,0.023601,0,0.0118005,0,0,0,0,0,0,0,0,0,0,0,0,0,0,0,0
