data/B2SAP/Locations/Boulder/NOAA-POPS-B2SAP_GMLBalloon_20200603_R0.ict
61,1001
Thornberry, T. D.
NOAA Chemical Sciences Laboratory
Portable Optical Particle Spectrometer (POPS)
Balloon Baseline Stratospheric Aerosol Profiles (B2SAP)
1,1
2020,06,03,2024,05,30
0
TIME_START,s,Seconds since midnight UTC on flight start day,Start time of 100 m altitude bin in UTC_seconds_since_midnight
28
1.0,1.0,1.0,1.0,1.0,1.0,1.0,1.0,1.0,1.0,1.0,1.0,1.0,1.0,1.0,1.0,1.0,1.0,1.0,1.0,1.0,1.0,1.0,1.0,1.0,1.0,1.0,1.0
99999,99999,99999,99999,99999,99999,99999,99999,99999,99999,99999,99999,99999,99999,99999,99999,99999,99999,99999,99999,99999,99999,99999,99999,99999,99999,99999,99999
TIME_STOP,s,End time of 100 m altitude bin in UTC seconds since midnight,
TIME_MID,s,Mid time of 100 m altitude in UTC seconds since midnight,
GPSAlt,m,GPS reported altitude above sea level (m),
GPS_Lon,deg,GPS reported longitude,
GPS_Lat,deg,GPS reported latitude,
iMet_Pressure,mb,Pressure reported (mB),
iMet_Temperature,degrees C,Ambient temperature (oC),
THETA,K,Potential temperature from iMet,
Aerosol_concentration,cm^-3,Aerosol concentration,
Surface_Area_Conc,um^2 cm^-3,Surface area concentration,
Volume_density,um^3 cm^-3,Volume density,
Effective_radius,um,Effective radius,
Extinction,km^-1,Extinction,
Bin01,cm^-3,particle concentration in size range [140 - 170 nm],
Bin02,cm^-3,particle concentration in size range [170 - 205 nm],
Bin03,cm^-3,particle concentration in size range [205 - 249 nm],
Bin04,cm^-3,particle concentration in size range [249 - 302 nm],
Bin05,cm^-3,particle concentration in size range [302 - 366 nm],
Bin06,cm^-3,particle concentration in size range [366 - 443 nm],
Bin07,cm^-3,particle concentration in size range [443 - 537 nm],
Bin08,cm^-3,particle concentration in size range [537 - 651 nm],
Bin09,cm^-3,particle concentration in size range [651 - 789 nm],
Bin10,cm^-3,particle concentration in size range [789 - 956 nm],
Bin11,cm^-3,particle concentration in size range [956 - 1159 nm],
Bin12,cm^-3,particle concentration in size range [1159 - 1404 nm],
Bin13,cm^-3,particle concentration in size range [1404 - 1702 nm],
Bin14,cm^-3,particle concentration in size range [1702 - 2062 nm],
Bin15,cm^-3,particle concentration in size range [2062 - 2500 nm],
0
19
PI_CONTACT_INFO: 325 Broadway R/CSL6, Boulder, CO 80305; troy.thornberry@noaa.gov; 303-497-3373 
PLATFORM: GML ECC/FPH balloon
LOCATION: Boulder, CO, USA
ASSOCIATED_DATA: N/A
INSTRUMENT_INFO: Printed Optical Particle Spectrometer counts particles from 140 - 2500 nm in diameter 
DATA_INFO: Particle concentrations reported in number per cubic centimeter, binned to 100 m altitude
UNCERTAINTY: Counting uncertainty dominated by air flow, less than 5 percent
ULOD_FLAG: -77777
ULOD_VALUE: 3000 ~3000 per cm3 (varies depending on flow rate- manufacturer quotes 1250  per cm3 at 1.667 cc/s)
LLOD_FLAG: -88888
LLOD_VALUE: 0 0 (varies depending on data field and measurement precision)
DM_CONTACT_INFO: Troy Thornberry, 325 Broadway R/CSL6, Boulder, CO 80305; troy.thornberry@noaa.gov; 303-497-3373
PROJECT_INFO: B2SAP Boulder, CO, USA
STIPULATIONS_ON_USE: Please contact the PIs for questions regarding applications and uncertainties
OTHER_COMMENTS: POPS bin Edges (nm):  140, 170, 205, 249, 302, 366, 443, 537, 651, 789, 956, 1159, 1404, 1702, 2062, 2500
Calculations assume sulfate refractive index of 1.45+0.00j and extinction wavelength = 532 nm
REVISION: R0
R0: QA/QC data
TIME_START,TIME_STOP,TIME_MID,GPSAlt,GPS_Lon,GPS_Lat,iMet_Pressure,iMet_Temperature,THETA,Aerosol_concentration,Surface_Area_Conc,Volume_density,Effective_radius,Extinction,Bin01,Bin02,Bin03,Bin04,Bin05,Bin06,Bin07,Bin08,Bin09,Bin10,Bin11,Bin12,Bin13,Bin14,Bin15
[from data line 312]
65056,65056,65056,22.7,-104.654,40.0153,34.52,-56.7,566.319,1.94139,0.515207,31.1419,0.181336,0.000220888,0.277342,0.554683,0.277342,0,0.554683,0,0.277342,0,0,0,0,0,0,0,0
65057,65058,65058,22.6,-104.654,40.0154,35.155,-56.75,563.236,6.1908,1.10989,64.7146,0.174922,0.000437546,3.76831,0.269165,0.403748,0.807495,0.53833,0,0.134583,0.269165,0,0,0,0,0,0,0
65060,65061,65060,22.4,-104.654,40.0154,36.33,-56.375,558.938,2.25771,1.11541,87.9946,0.23667,0.000724846,0.132806,0.265613,0.265613,0.132806,0.398419,0.265613,0.398419,0.398419,0,0,0,0,0,0,0
65062,65062,65062,22.3,-104.654,40.0154,36.87,-56.12,557.248,3.649,1.43197,102.388,0.214505,0.000795993,0.521286,0.260643,0.521286,0.521286,0.260643,0.781928,0.521286,0.260643,0,0,0,0,0,0,0
65063,65064,65064,22.2,-104.655,40.0155,37.455,-55.895,555.312,2.78751,1.47313,125.827,0.256244,0.00105494,0.265477,0.530954,0.265477,0,0.398216,0.132739,0.663693,0.398216,0.132739,0,0,0,0,0,0
65065,65065,65065,22.1,-104.655,40.0155,38.26,-55.77,552.278,1.59195,0.297267,14.8485,0.149851,8.25784e-05,0.265326,0.795977,0,0.265326,0,0.265326,0,0,0,0,0,0,0,0,0
65069,65069,65069,21.9,-104.655,40.0156,39.585,-56.695,544.594,2.97187,1.22866,97.6098,0.238333,0.000769695,0.516846,0.258423,0.387635,0.387635,0.387635,0.387635,0.258423,0.258423,0.129212,0,0,0,0,0,0
65070,65070,65070,21.8,-104.655,40.0156,40.09,-57.07,541.678,4.52224,1.991,148.838,0.224266,0.00118793,0.502472,0.502472,0,1.00494,0.502472,0.753707,0.753707,0.502472,0,0,0,0,0,0,0
65071,65072,65072,21.7,-104.655,40.0156,40.715,-57.37,538.554,1.73497,0.460402,26.545,0.172969,0.000170241,0.247852,0.371779,0.371779,0.123926,0,0.619631,0,0,0,0,0,0,0,0,0
65073,65074,65074,21.6,-104.655,40.0156,41.565,-57.89,534.083,2.23226,1.04615,82.215,0.235765,0.000676631,0.372044,0.124015,0.248029,0.124015,0.372044,0.248029,0.372044,0.372044,0,0,0,0,0,0,0
65075,65075,65075,21.5,-104.656,40.0156,42.08,-57.77,532.51,3.28786,1.15894,75.3705,0.195103,0.000552152,0.505824,0.252912,0.252912,0.505824,0.505824,0.758736,0.505824,0,0,0,0,0,0,0,0
65076,65077,65076,21.4,-104.656,40.0156,42.815,-57.395,530.806,2.11911,0.960805,72.9201,0.227685,0.0005898,0.373961,0.124654,0.124654,0.124654,0.373961,0.373961,0.373961,0.249307,0,0,0,0,0,0,0
65078,65079,65078,21.3,-104.656,40.0155,43.78,-57.075,528.225,2.59441,1.17047,92.1542,0.236198,0.000728781,0.247087,0.123543,0.247087,0.617717,0.37063,0.247087,0.494174,0.123543,0.123543,0,0,0,0,0,0
65080,65080,65080,21.2,-104.656,40.0155,44.55,-57.36,524.888,4.05166,1.14374,70.9778,0.186173,0.000504504,0.953331,0.476666,0.714998,0.476666,0.238333,0.714998,0.476666,0,0,0,0,0,0,0,0
65081,65082,65082,21.1,-104.656,40.0155,45.19,-57.82,521.65,1.73264,0.765552,56.141,0.220002,0.000446154,0.12376,0.12376,0.24752,0.24752,0.12376,0.371279,0.371279,0.12376,0,0,0,0,0,0,0
65083,65084,65084,21,-104.656,40.0155,46.035,-58.085,518.258,2.5788,1.21816,94.9138,0.233746,0.000778866,0.3684,0,0.614,0.1228,0.1228,0.4912,0.4912,0.3684,0,0,0,0,0,0,0
65085,65086,65086,20.9,-104.656,40.0155,46.765,-57.98,516.183,3.62477,1.61802,122.195,0.226564,0.000975857,0.374977,0.249984,0.124992,0.874946,0.499969,0.499969,0.499969,0.499969,0,0,0,0,0,0,0
65087,65087,65087,20.8,-104.656,40.0155,47.4,-58.17,513.751,3.11,2.52499,260.607,0.309633,0.00203651,0,0.239231,0.478461,0,0,0.478461,1.19615,0.239231,0.239231,0.239231,0,0,0,0,0
65089,65089,65089,20.7,-104.656,40.0155,48.32,-58.31,510.593,4.63416,1.35562,92.3343,0.204336,0.000702278,0.514907,1.80217,0.514907,0.514907,0,0.514907,0.514907,0.257454,0,0,0,0,0,0,0
65090,65091,65090,20.6,-104.656,40.0155,49.01,-58.71,507.593,5.00798,2.67355,230.753,0.258929,0.00191032,0.541403,0.270702,0.541403,0.947455,0.541403,0.270702,0.676754,0.947455,0.270702,0,0,0,0,0,0
65092,65093,65092,20.5,-104.657,40.0156,49.965,-59.395,503.179,2.98725,1.4431,113.388,0.235717,0.000940784,0.271568,0.67892,0.135784,0,0.271568,0.543136,0.67892,0.407352,0,0,0,0,0,0,0
65094,65095,65094,20.4,-104.657,40.0156,50.885,-60.05,499.039,3.75179,1.44588,106.903,0.221808,0.000848582,0.694776,0.55582,0.416865,0.138955,0.55582,0.55582,0.416865,0.416865,0,0,0,0,0,0,0
65096,65096,65096,20.3,-104.657,40.0156,51.64,-60.35,496.228,5.13218,2.30472,170.972,0.22255,0.00134983,0.540229,0.540229,0.540229,0.270115,0.270115,1.8908,0.540229,0.540229,0,0,0,0,0,0,0
65097,65098,65098,20.2,-104.657,40.0156,52.365,-60.525,493.859,2.56822,0.597302,32.0472,0.16096,0.000191084,0.270339,0.405509,0.540679,0.946188,0,0.270339,0.13517,0,0,0,0,0,0,0,0
65099,65100,65100,20.1,-104.657,40.0155,53.275,-61.11,490.092,8.379,3.32088,280.112,0.253046,0.00213781,2.09475,0.69825,1.25685,1.1172,0.5586,0.5586,1.3965,0.2793,0.2793,0.13965,0,0,0,0,0
65101,65101,65101,20,-104.657,40.0155,54.01,-61.51,487.239,4.70946,1.76349,140.466,0.238957,0.00108408,1.10811,0.277027,0.554054,0.831081,0.831081,0.277027,0.277027,0.277027,0.277027,0,0,0,0,0,0
65103,65104,65104,19.9,-104.657,40.0155,55.265,-62.3,482.261,5.39922,2.31478,183.076,0.23727,0.00148211,0.944863,0.539922,0.539922,0.944863,0.269961,0.539922,0.944863,0.539922,0.13498,0,0,0,0,0,0
65105,65105,65105,19.8,-104.657,40.0155,55.95,-63.08,478.771,5.67644,2.84486,219.226,0.231181,0.00177036,0,0,1.70293,0.567644,0,1.70293,0.851465,0.851465,0,0,0,0,0,0,0
65107,65108,65108,19.7,-104.657,40.0155,57.07,-63.57,474.971,5.81659,2.82053,226.919,0.241358,0.00183319,0.415471,0.553961,0.415471,1.24641,0.553961,0.969432,0.553961,0.969432,0.13849,0,0,0,0,0,0
65109,65110,65110,19.6,-104.657,40.0155,58.115,-64.21,471.072,5.87274,3.32967,289.089,0.260466,0.00241937,0.699136,0.559308,0.419481,0.419481,0.699136,0.699136,0.838963,1.25844,0.279654,0,0,0,0,0,0
65111,65112,65112,19.5,-104.657,40.0155,59.27,-64.06,468.765,5.56027,1.86508,122.914,0.197708,0.000891489,0.285142,0.712855,1.14057,1.14057,0.570284,0.997997,0.427713,0.285142,0,0,0,0,0,0,0
65114,65114,65114,19.4,-104.656,40.0155,60.61,-63.26,467.552,5.62121,2.59407,198.181,0.229193,0.00151371,0.803031,0,0.267677,0.267677,1.60606,1.87374,0.267677,0.267677,0.267677,0,0,0,0,0,0
65115,65116,65116,19.3,-104.656,40.0155,61.42,-63.38,465.525,6.96365,3.27695,269.758,0.24696,0.00217296,0.710576,0.994807,0.568461,0.994807,0.710576,0.852691,1.27904,0.426346,0.426346,0,0,0,0,0,0
65118,65120,65119,19.1,-104.656,40.0155,63.16,-63.38,461.826,6.69052,3.25922,280.404,0.258103,0.00219203,0.819248,0.546165,0.955789,0.546165,1.22887,0.409624,1.22887,0.682706,0.136541,0.136541,0,0,0,0,0
65122,65122,65122,19,-104.656,40.0155,64.75,-64.09,457.01,5.95208,2.20019,163.174,0.222492,0.00129165,0.258786,2.32908,0,0.776359,0.776359,0.517572,0.517572,0.776359,0,0,0,0,0,0,0
65123,65123,65123,18.9,-104.656,40.0156,65.32,-64.2,455.61,8.38909,3.55973,284.251,0.239556,0.00229265,1.11855,1.11855,0.838909,1.67782,0.838909,0.279636,1.39818,0.838909,0.279636,0,0,0,0,0,0
65125,65125,65125,18.8,-104.656,40.0156,66.33,-65.95,449.826,8.74194,3.15218,231.977,0.220777,0.00185063,1.40999,1.12799,1.97399,1.12799,0.281998,0.563996,1.40999,0.845994,0,0,0,0,0,0,0
65127,65128,65128,18.7,-104.656,40.0156,67.705,-65.88,447.349,7.04745,4.25557,442.554,0.311982,0.00282284,0.862953,0.575302,0.431476,1.00678,0.431476,1.29443,1.29443,0.719127,0.143825,0.143825,0.143825,0,0,0,0
65129,65129,65129,18.6,-104.656,40.0156,68.58,-65.27,447.018,8.04581,3.25118,249.046,0.229805,0.00200445,1.78796,1.19197,0.595986,0.595986,0.297993,1.78796,0.595986,1.19197,0,0,0,0,0,0,0
65131,65132,65132,18.5,-104.656,40.0156,69.985,-64.365,446.381,7.80918,2.95585,218.378,0.22164,0.00172211,1.1156,0.836698,1.6734,0.697248,0.836698,0.976148,0.697248,0.976148,0,0,0,0,0,0,0
65133,65134,65134,18.4,-104.656,40.0156,71.165,-64.305,444.37,8.36436,3.1916,241.783,0.227268,0.00191461,1.76092,0.733715,1.46743,0.440229,1.17394,0.880458,1.0272,0.733715,0.146743,0,0,0,0,0,0
65136,65136,65136,18.3,-104.656,40.0155,72.57,-64.81,440.835,9.41157,4.57505,393.281,0.257886,0.00295855,0.570398,0.855597,0.855597,1.426,2.56679,0.570398,1.1408,1.1408,0,0.285199,0,0,0,0,0
65137,65137,65137,18.2,-104.656,40.0155,73.18,-64.57,440.293,24.2615,4.68879,304.509,0.194832,0.00228667,16.2851,1.3294,1.66175,1.3294,0.664699,0.332349,1.3294,1.3294,0,0,0,0,0,0,0
65138,65140,65139,18.1,-104.656,40.0155,74.33,-64.585,438.297,6.3451,2.16796,161.168,0.223022,0.00123636,0.793138,1.26902,1.11039,0.951766,0.63451,0.475883,0.475883,0.475883,0.158628,0,0,0,0,0,0
65141,65141,65141,18,-104.656,40.0155,75.54,-65.9,433.531,6.86077,2.63578,196.994,0.224215,0.00155155,1.63352,0,1.30681,0.980111,0.326704,1.30681,0.326704,0.980111,0,0,0,0,0,0,0
65143,65145,65144,17.9,-104.655,40.0155,77.285,-67.32,427.757,8.84073,3.5017,338.793,0.290253,0.00238103,3.05407,1.12518,0.803703,0.964443,0.482222,0.803703,0.642962,0.482222,0,0.482222,0,0,0,0,0
65147,65147,65147,17.8,-104.655,40.0156,78.94,-67.31,425.201,8.3581,8.34931,2197.92,0.789737,0.00555193,0.964396,1.92879,1.28586,0.964396,0.964396,0,0.964396,0.642931,0,0.321465,0,0,0,0,0.321465
65148,65149,65148,17.7,-104.655,40.0157,79.855,-66.835,424.777,7.11066,2.07325,144.368,0.208902,0.00106747,1.89617,0.948087,1.1061,1.1061,0.316029,0.790073,0.632058,0.158015,0.158015,0,0,0,0,0,0
65150,65150,65150,17.6,-104.655,40.0157,80.74,-66.29,424.554,9.75749,4.04959,383.577,0.28416,0.00286423,2.74429,1.52461,1.21969,0.609843,1.21969,0.304922,0.914765,0.304922,0.609843,0.304922,0,0,0,0,0
65151,65153,65152,17.5,-104.655,40.0159,82.06,-65.465,424.288,8.20018,1.46484,83.5708,0.171153,0.00055807,3.0371,2.12597,1.51855,0.607421,0.30371,0,0.30371,0.30371,0,0,0,0,0,0,0
65154,65156,65155,17.4,-104.655,40.016,83.9467,-64.92,422.638,9.77443,5.25313,1346.57,0.769011,0.00295257,2.4956,2.28763,2.07967,1.14382,0.6239,0.415933,0.207967,0.207967,0.103983,0,0,0,0,0,0.207967
65157,65157,65157,17.3,-104.655,40.016,85.27,-64.83,420.94,8.35685,2.91569,240.231,0.247177,0.00195171,3.09513,1.23805,1.23805,0.309513,0,0.619026,0.619026,0.928539,0.309513,0,0,0,0,0,0
65158,65160,65159,17.2,-104.654,40.016,86.595,-64.59,419.573,7.86322,1.68286,96.6595,0.172313,0.000624051,1.66337,2.11702,1.05851,1.81459,0.302431,0.453647,0.151216,0.302431,0,0,0,0,0,0,0
65161,65161,65161,17.1,-104.654,40.016,87.91,-64.1,418.745,8.51694,1.67582,93.6023,0.167564,0.000588307,2.83898,1.26177,1.89265,1.26177,0.315442,0.630884,0,0.315442,0,0,0,0,0,0,0
65162,65165,65164,17,-104.654,40.016,89.49,-63.265,418.298,6.99364,2.28748,189.841,0.248973,0.00137382,1.78907,1.30114,1.30114,0.650571,0.325286,0.487929,0.487929,0.487929,0,0.162643,0,0,0,0,0
65166,65167,65166,16.9,-104.654,40.0159,91.445,-62.645,416.937,8.54685,2.3284,185.524,0.239036,0.00128862,2.13671,1.98409,1.83147,1.06836,0.305245,0.152622,0.61049,0.152622,0.152622,0.152622,0,0,0,0,0
65168,65170,65169,16.8,-104.653,40.0159,93.0833,-63.23,413.683,8.7747,1.97082,131.101,0.199563,0.000836529,2.44875,2.34672,1.32641,0.816251,0.612188,0.612188,0.510157,0,0,0.102031,0,0,0,0,0
65171,65172,65172,16.7,-104.653,40.0158,94.75,-62.995,412.048,10.9445,2.70137,175.338,0.194721,0.00124007,2.5016,2.34525,2.34525,1.09445,1.09445,0.46905,0.6254,0.3127,0.15635,0,0,0,0,0,0
65173,65173,65173,16.6,-104.653,40.0158,95.75,-63.19,410.427,10.6157,2.51882,169.281,0.201619,0.00120703,3.44292,3.15601,0.860729,0.57382,0.57382,1.14764,0.57382,0,0.28691,0,0,0,0,0,0
65177,65177,65177,16.5,-104.652,40.0158,98.33,-63.25,407.216,11.6688,2.13093,124.657,0.175497,0.000831818,4.11839,3.08879,2.05919,1.0296,0.686398,0,0,0.686398,0,0,0,0,0,0,0
65178,65180,65179,16.4,-104.652,40.0158,99.67,-62.915,406.281,11.1569,2.0471,113.798,0.166769,0.000733775,4.2911,1.88808,2.40301,1.02986,0.686576,0.171644,0.343288,0.343288,0,0,0,0,0,0,0
65182,65182,65182,16.3,-104.651,40.0156,101.71,-62.77,404.221,10.356,1.82975,95.0249,0.1558,0.0005849,3.67471,2.67252,1.33626,1.33626,0.334064,0.334064,0.668129,0,0,0,0,0,0,0,0
65183,65185,65184,16.2,-104.651,40.0155,103.023,-62.87,402.551,11.9313,3.23115,306.674,0.284735,0.00159075,4.13462,2.5989,2.12638,0.945056,0.708792,0.354396,0.354396,0.354396,0.118132,0.118132,0,0.118132,0,0,0
65186,65187,65186,16.1,-104.65,40.0154,104.655,-62.76,400.951,13.011,3.57899,363.173,0.304421,0.00153725,4.79352,2.22556,2.56796,0.855986,0.684789,0.855986,0.342395,0.513592,0,0,0,0,0.171197,0,0
65189,65190,65190,16,-104.649,40.0153,106.775,-61.75,400.582,11.1199,2.25377,120.34,0.160185,0.000725198,2.82146,2.15758,1.82565,2.48952,0.663872,0.663872,0.331936,0.165968,0,0,0,0,0,0,0
65191,65193,65192,15.9,-104.649,40.0152,108.363,-61.1733,399.978,10.0606,2.89332,224.326,0.232597,0.00158608,2.42424,2.54545,0.727272,1.93939,0.848484,0.484848,0.363636,0.363636,0.242424,0.121212,0,0,0,0,0
65195,65195,65195,15.8,-104.648,40.0151,110.41,-61.02,398.133,12.5696,4.13049,298.401,0.21673,0.00227766,1.93379,2.90068,0.644596,2.90068,1.28919,0.322298,1.93379,0.322298,0.322298,0,0,0,0,0,0
65196,65197,65196,15.7,-104.648,40.015,111.605,-60.71,397.496,10.6203,4.34474,424.878,0.293374,0.00245731,1.60914,1.60914,2.25279,1.44822,0.482741,1.1264,1.28731,0.482741,0,0.160914,0.160914,0,0,0,0
65199,65200,65200,15.6,-104.647,40.0149,113.795,-60.595,395.499,11.7775,3.91726,288.909,0.221259,0.00220385,1.90519,2.77118,1.55879,1.21239,1.03919,1.38559,1.03919,0.519597,0.346398,0,0,0,0,0,0
65203,65205,65204,15.4,-104.646,40.0147,117.145,-61.655,390.29,14.9519,5.666,475.825,0.251937,0.00348826,2.74977,2.57791,2.23418,1.54674,1.37488,1.54674,1.89046,0.343721,0.343721,0.343721,0,0,0,0,0
65206,65207,65206,15.3,-104.645,40.0146,118.995,-61.465,388.882,13.5179,2.64801,136.303,0.154421,0.000794123,2.6702,2.83709,4.17219,1.00133,1.83576,0.500663,0.333775,0.166888,0,0,0,0,0,0,0
65210,65211,65210,15.2,-104.644,40.0146,121.94,-61.05,386.942,12.8082,3.30769,293.25,0.265971,0.00131474,4.26941,2.9032,1.19544,1.70776,0.683106,1.19544,0.683106,0,0,0,0.170776,0,0,0,0
65212,65212,65212,15.1,-104.643,40.0146,123.03,-61.3,385.507,11.6225,2.70256,169.828,0.188519,0.00119314,4.39769,2.19885,1.25648,0.942363,0.314121,1.88473,0,0.628242,0,0,0,0,0,0,0
65214,65216,65215,15,-104.642,40.0147,125.29,-61.845,382.514,11.6808,2.78246,193.959,0.209123,0.00124108,3.21647,2.53932,1.52359,2.03145,1.01573,0.507863,0.507863,0.169288,0,0.169288,0,0,0,0,0
65217,65218,65218,14.9,-104.641,40.0147,127.19,-61.93,380.721,24.3856,4.09466,234.129,0.171537,0.00153727,13.7282,3.97395,1.62571,1.80634,1.0838,0.90317,0.722536,0.361268,0.180634,0,0,0,0,0,0
65220,65221,65220,14.8,-104.64,40.0148,129.595,-62.25,378.123,13.6982,2.86543,158.817,0.166276,0.000992377,3.73587,2.31268,2.13478,3.20217,0.889493,0.711594,0.355797,0.355797,0,0,0,0,0,0,0
65224,65224,65224,14.7,-104.639,40.0149,132.21,-63.15,374.354,12.5066,2.15375,118.098,0.1645,0.000753723,5.35996,2.50132,1.78665,1.78665,0,0.357331,0.357331,0.357331,0,0,0,0,0,0,0
65227,65227,65227,14.6,-104.638,40.0149,134.55,-62.75,373.197,11.9393,2.24283,146.356,0.195764,0.000989057,4.1949,2.90416,2.90416,0.968054,0.322685,0,0,0.322685,0.322685,0,0,0,0,0,0
65228,65230,65229,14.5,-104.637,40.0149,136.235,-62.315,372.648,12.04,2.02554,100.562,0.148941,0.000571927,3.6285,2.63891,3.29863,1.15452,0.659727,0.164932,0.329863,0.164932,0,0,0,0,0,0,0
65231,65233,65232,14.4,-104.636,40.0149,138.603,-61.6567,371.962,12.4544,2.66493,164.157,0.184797,0.00112436,3.77059,3.19929,1.94243,1.25686,0.685562,0.685562,0.457041,0.342781,0.11426,0,0,0,0,0,0
65234,65235,65234,14.3,-104.635,40.0148,140.595,-61.19,371.27,18.2176,4.27654,422.514,0.296394,0.00212376,9.9681,3.09355,1.54677,1.54677,0.171864,0.859319,0.171864,0.343728,0,0.343728,0.171864,0,0,0,0
65237,65238,65238,14.2,-104.634,40.0148,142.895,-60.34,371.039,17.1183,3.94344,284.868,0.216715,0.00195862,4.27958,6.33378,2.56775,1.19828,0.513549,0.684733,0.684733,0.513549,0.171183,0.171183,0,0,0,0,0
65240,65242,65241,14.1,-104.633,40.0147,145.677,-59.44,370.557,14.6255,2.9539,180.776,0.183597,0.00119654,5.09677,2.76998,3.21318,1.21879,0.664796,0.997193,0.110799,0.332398,0.221599,0,0,0,0,0,0
65244,65245,65244,14,-104.632,40.0146,148.52,-58.845,369.542,17.0951,3.15851,176.386,0.167535,0.00113089,7.16893,3.12492,2.38964,1.83819,0.735275,1.10291,0.183819,0.551456,0,0,0,0,0,0,0
