data/B2SAP/Locations/Boulder/NOAA-POPS-B2SAP_GMLBalloon_20231020_R0.ict
82,1001
Thornberry, T. D.
NOAA Chemical Sciences Laboratory
Portable Optical Particle Spectrometer (POPS)
Balloon Baseline Stratospheric Aerosol Profiles (B2SAP)
1,1
2023,10,20,2024,05,30
0
TIME_START,s,Seconds since midnight UTC on flight start day,Start time of 100 m altitude bin in UTC_seconds_since_midnight
49
1.0,1.0,1.0,1.0,1.0,1.0,1.0,1.0,1.0,1.0,1.0,1.0,1.0,1.0,1.0,1.0,1.0,1.0,1.0,1.0,1.0,1.0,1.0,1.0,1.0,1.0,1.0,1.0,1.0,1.0,1.0,1.0,1.0,1.0,1.0,1.0,1.0,1.0,1.0,1.0,1.0,1.0,1.0,1.0,1.0,1.0,1.0,1.0,1.0
99999,99999,99999,99999,99999,99999,99999,99999,99999,99999,99999,99999,99999,99999,99999,99999,99999,99999,99999,99999,99999,99999,99999,99999,99999,99999,99999,99999,99999,99999,99999,99999,99999,99999,99999,99999,99999,99999,99999,99999,99999,99999,99999,99999,99999,99999,99999,99999,99999
TIME_STOP,s,End time of 100 m altitude bin in UTC seconds since midnight,
TIME_MID,s,Mid time of 100 m altitude in UTC seconds since midnight,
GPSAlt,km,GPS reported altitude above sea level (km),
GPS_Lon,deg,GPS reported longitude,
GPS_Lat,deg,GPS reported latitude,
iMet_Pressure,hPa,Pressure reported (hPa),
iMet_Temperature,degrees C,Ambient temperature (oC),
THETA,K,Potential temperature from iMet,
Aerosol_concentration,cm^-3,Aerosol concentration,
Surface_Area_Conc,um^2 cm^-3,Surface area concentration,
Volume_density,um^3 cm^-3,Volume density,
Effective_radius,um,Effective radius,
Extinction,km^-1,Extinction,
Bin01,cm^-3,particle concentration in size range [140 - 146.14 nm],
Bin02,cm^-3,particle concentration in size range [146.14 - 152.56 nm],
Bin03,cm^-3,particle concentration in size range [152.56 - 159.25 nm],
Bin04,cm^-3,particle concentration in size range [159.25 - 166.24 nm],
Bin05,cm^-3,particle concentration in size range [166.24 - 173.54 nm],
Bin06,cm^-3,particle concentration in size range [173.54 - 181.16 nm],
Bin07,cm^-3,particle concentration in size range [181.16 - 189.11 nm],
Bin08,cm^-3,particle concentration in size range [189.11 - 197.41 nm],
Bin09,cm^-3,particle concentration in size range [197.41 - 206.07 nm],
Bin10,cm^-3,particle concentration in size range [206.07 - 215.12 nm],
Bin11,cm^-3,particle concentration in size range [215.12 - 224.56 nm],
Bin12,cm^-3,particle concentration in size range [224.56 - 234.41 nm],
Bin13,cm^-3,particle concentration in size range [234.41 - 244.70 nm],
Bin14,cm^-3,particle concentration in size range [244.70 - 361.30 nm],
Bin15,cm^-3,particle concentration in size range [361.30 - 472.80 nm],
Bin16,cm^-3,particle concentration in size range [472.80 - 567.00 nm],
Bin17,cm^-3,particle concentration in size range [567.00 - 610.66 nm],
Bin18,cm^-3,particle concentration in size range [610.66 - 657.69 nm],
Bin19,cm^-3,particle concentration in size range [657.69 - 708.33 nm],
Bin20,cm^-3,particle concentration in size range [708.33 - 762.88 nm],
Bin21,cm^-3,particle concentration in size range [762.88 - 821.62 nm],
Bin22,cm^-3,particle concentration in size range [821.62 - 884.89 nm],
Bin23,cm^-3,particle concentration in size range [884.89 - 953.03 nm],
Bin24,cm^-3,particle concentration in size range [953.03 - 1026.42 nm],
Bin25,cm^-3,particle concentration in size range [1026.42 - 1105.46 nm],
Bin26,cm^-3,particle concentration in size range [1105.46 - 1190.59 nm]],
[...]
LOCATION: Boulder, CO, USA
ASSOCIATED_DATA: N/A
INSTRUMENT_INFO: Printed Optical Particle Spectrometer counts particles from 140 - 2500 nm in diameter 
DATA_INFO: Particle concentrations reported in number per cubic centimeter, binned to 100 m altitude
UNCERTAINTY: Counting uncertainty dominated by air flow, less than 5 percent
ULOD_FLAG: -77777
ULOD_VALUE: 3000 ~3000 per cm3 (varies depending on flow rate- manufacturer quotes 1250  per cm3 at 1.667 cc/s)
LLOD_FLAG: -88888
LLOD_VALUE: 0 0 (varies depending on data field and measurement precision)
DM_CONTACT_INFO: Troy Thornberry, 325 Broadway R/CSL6, Boulder, CO 80305; troy.thornberry@noaa.gov; 303-497-3373
PROJECT_INFO: B2SAP Boulder, CO, USA
STIPULATIONS_ON_USE: Please contact the PIs for questions regarding applications and uncertainties
OTHER_COMMENTS: POPS bin Edges (nm):  140, 146.14, 152.56, 159.25, 166.24, 173.54, 181.16, 189.11, 197.41, 206.07, 215.12, 224.56, 234.41, 244.70, 361.30, 472.80, 567.00, 610.66, 657.69, 708.33, 762.88, 821.62, 884.89, 953.03, 1026.42, 1105.46, 1190.59, 1282.27, 1381.01, 1487.36, 1601.89, 1725.25, 1858.10, 2001.18, 2155.28, 2321.25, 2500
Calculations assume sulfate refractive index of 1.45+0.00j and extinction wavelength = 532 nm
REVISION: R0
R0: QA/QC data
TIME_START,TIME_STOP,TIME_MID,GPSAlt,GPS_Lon,GPS_Lat,iMet_Pressure,iMet_Temperature,THETA,Aerosol_concentration,Surface_Area_Conc,Volume_density,Effective_radius,Extinction,Bin01,Bin02,Bin03,Bin04,Bin05,Bin06,Bin07,Bin08,Bin09,Bin10,Bin11,Bin12,Bin13,Bin14,Bin15,Bin16,Bin17,Bin18,Bin19,Bin20,Bin21,Bin22,Bin23,Bin24,Bin25,Bin26,Bin27,Bin28,Bin29,Bin30,Bin31,Bin32,Bin33,Bin34,Bin35,Bin36
[from data line 107]
61274,61302,61288,12.4,-104.796,39.923,200.877,-53.0928,348.097,0.938643,0.141054,8.92618,0.189846,6.29371e-05,0.361016,0.234661,0.0722033,0.0361016,0.0361016,0.0541525,0,0.0180508,0,0,0.0180508,0,0,0.0361016,0.0361016,0,0,0.0180508,0.0180508,0,0,0,0,0,0,0,0,0,0,0,0,0,0,0,0,0
61305,61331,61318,12.5,-104.791,39.9243,197.663,-53.765,348.636,0.980863,0.132818,6.27254,0.14168,3.534e-05,0.28237,0.0743078,0.148616,0.104031,0.0297231,0.0297231,0,0.0594463,0.0297231,0.0297231,0.0297231,0.0445847,0.0148616,0.0445847,0.0297231,0.0297231,0,0,0,0,0,0,0,0,0,0,0,0,0,0,0,0,0,0,0,0
61332,61357,61344,12.6,-104.786,39.9256,194.672,-54.6646,348.722,0.93747,0.159879,10.7984,0.202624,7.38286e-05,0.290939,0.129306,0.0808164,0.0646531,0.0484898,0.0646531,0.0161633,0.0484898,0.0161633,0.0323266,0,0.0161633,0.0161633,0.0323266,0.0323266,0.0161633,0.0161633,0,0,0,0.0161633,0,0,0,0,0,0,0,0,0,0,0,0,0,0,0
61359,61384,61372,12.7,-104.781,39.927,191.651,-55.5696,348.833,0.941691,0.108473,5.19965,0.143805,3.10401e-05,0.357193,0.113652,0.0974163,0.162361,0.0487082,0.0162361,0.0324721,0.0162361,0.0162361,0.0162361,0,0,0,0.0324721,0,0.0162361,0.0162361,0,0,0,0,0,0,0,0,0,0,0,0,0,0,0,0,0,0,0
61386,61412,61399,12.8,-104.776,39.9286,188.754,-56.178,349.374,0.946263,0.130871,6.16612,0.141348,3.43572e-05,0.294738,0.108588,0.0465375,0.0155125,0.0775626,0.0465375,0.0775626,0.0465375,0.031025,0,0.031025,0.0155125,0.031025,0.0775626,0.0155125,0.031025,0,0,0,0,0,0,0,0,0,0,0,0,0,0,0,0,0,0,0,0
61413,61439,61426,12.9,-104.77,39.9301,185.887,-56.6472,350.146,0.766176,0.141398,11.0739,0.234952,7.46092e-05,0.234544,0.12509,0.0781812,0.0312725,0.0469087,0.0312725,0,0,0.0469087,0.0312725,0.0156362,0.0312725,0,0.0469087,0.0156362,0,0,0,0,0,0.0312725,0,0,0,0,0,0,0,0,0,0,0,0,0,0,0
61439,61464,61452,13,-104.764,39.9313,182.872,-57.0371,351.155,0.762744,0.104329,5.27754,0.151757,3.20538e-05,0.178515,0.0973716,0.1136,0.0649144,0.0162286,0.0486858,0,0.0324572,0.0486858,0.0324572,0.0324572,0.0324572,0,0.0324572,0,0.0162286,0.0162286,0,0,0,0,0,0,0,0,0,0,0,0,0,0,0,0,0,0,0
61465,61483,61474,13.1,-104.759,39.9323,180.119,-57.5913,351.772,0.728954,0.144783,8.66042,0.17945,5.84188e-05,0.0781022,0.104136,0.0260341,0.0781022,0.0781022,0.0520681,0.0260341,0.0520681,0,0,0.0260341,0,0,0.13017,0.0520681,0,0,0.0260341,0,0,0,0,0,0,0,0,0,0,0,0,0,0,0,0,0,0
61485,61504,61494,13.2,-104.755,39.9331,177.286,-58.449,351.966,0.80709,0.310366,34.633,0.334763,0.00022712,0.177166,0.0196851,0.0393703,0.0393703,0.0590554,0.0787405,0.0590554,0.0590554,0,0.0196851,0.0393703,0.0196851,0,0.0590554,0.0393703,0,0,0,0.0393703,0,0,0,0.0590554,0,0,0,0,0,0,0,0,0,0,0,0,0
61505,61524,61514,13.3,-104.75,39.9342,174.545,-59.3159,352.108,0.766756,0.15607,11.0014,0.21147,7.17984e-05,0.116175,0.13941,0.0929401,0.0697051,0,0.0464701,0,0.023235,0,0.0697051,0,0,0.023235,0.116175,0.0464701,0,0,0,0,0,0.023235,0,0,0,0,0,0,0,0,0,0,0,0,0,0,0
61526,61545,61536,13.4,-104.744,39.9353,171.762,-60.2905,352.116,0.965737,0.190087,13.3625,0.210891,8.89114e-05,0.118253,0.118253,0.197089,0.0591267,0.0197089,0.0591267,0.0197089,0.0591267,0.0591267,0,0.0394178,0,0,0.157671,0.0197089,0,0,0,0.0197089,0,0.0197089,0,0,0,0,0,0,0,0,0,0,0,0,0,0,0
61546,61561,61554,13.5,-104.739,39.9362,169.012,-61.1586,352.302,1.36206,0.167331,7.37995,0.132312,3.85488e-05,0.283762,0.22701,0.198633,0.198633,0.170257,0.0283762,0,0.0283762,0.0283762,0.0283762,0,0,0,0.113505,0.0283762,0.0283762,0,0,0,0,0,0,0,0,0,0,0,0,0,0,0,0,0,0,0,0
61561,61572,61566,13.6,-104.736,39.9367,166.346,-61.572,353.217,4.22798,0.526376,26.6603,0.151946,0.000158639,1.15671,0.717959,0.438753,0.478639,0.358979,0.23932,0.159546,0.0797732,0.0398866,0.0797732,0.0398866,0.11966,0,0.159546,0.0398866,0.0398866,0.0398866,0,0.0398866,0,0,0,0,0,0,0,0,0,0,0,0,0,0,0,0,0
61573,61589,61581,13.7,-104.732,39.9369,163.588,-62.2124,353.833,5.90867,0.565673,20.8337,0.11049,8.52262e-05,1.53625,1.48898,0.898118,0.425424,0.425424,0.307251,0.259981,0.0236347,0.070904,0.118173,0.0472694,0.0472694,0.0472694,0.118173,0.0472694,0.0236347,0,0.0236347,0,0,0,0,0,0,0,0,0,0,0,0,0,0,0,0,0,0
61590,61608,61599,13.8,-104.728,39.937,161.055,-62.8219,354.386,6.94333,0.741757,34.1191,0.137993,0.000184459,2.24784,1.32373,0.824208,0.799232,0.524496,0.24976,0.224784,0.12488,0.049952,0.049952,0.074928,0.024976,0.099904,0.174832,0.024976,0.049952,0,0.024976,0.024976,0.024976,0,0,0,0,0,0,0,0,0,0,0,0,0,0,0,0
61609,61630,61620,13.9,-104.723,39.9371,158.505,-63.2571,355.268,6.63232,0.67642,25.4256,0.112765,0.000106397,1.96302,1.06727,1.0101,0.47646,0.514577,0.343051,0.209642,0.266818,0.152467,0.0571752,0.0762336,0.0571752,0.0381168,0.304934,0,0.095292,0,0,0,0,0,0,0,0,0,0,0,0,0,0,0,0,0,0,0,0
61633,61653,61643,14,-104.719,39.9374,155.928,-64.1355,355.445,5.9074,0.606246,25.6866,0.12711,0.000124908,1.6331,1.1089,0.887118,0.665339,0.524206,0.262103,0.181456,0.120971,0.100809,0.0403236,0.0604853,0.0403236,0,0.181456,0.0403236,0,0,0.0201618,0.0403236,0,0,0,0,0,0,0,0,0,0,0,0,0,0,0,0,0
61654,61677,61666,14.1,-104.714,39.9378,153.435,-65.0473,355.525,5.29748,0.597006,29.6915,0.149202,0.000151164,1.25079,1.15882,0.772549,0.607002,0.386274,0.220728,0.147152,0.128758,0.165546,0.055182,0.036788,0.055182,0.055182,0.110364,0.055182,0.055182,0,0,0.018394,0,0,0,0.018394,0,0,0,0,0,0,0,0,0,0,0,0,0
61678,61702,61690,14.2,-104.708,39.9383,150.902,-65.9737,355.633,4.09529,0.401062,13.9984,0.10471,4.9223e-05,1.14601,0.72468,0.539297,0.455032,0.286502,0.151677,0.185383,0.101118,0.101118,0.0674121,0.0674121,0.0505591,0.016853,0.134824,0.0505591,0.016853,0,0,0,0,0,0,0,0,0,0,0,0,0,0,0,0,0,0,0,0
61703,61727,61715,14.3,-104.703,39.9389,148.393,-66.7422,356.014,4.22211,0.457263,21.8965,0.143658,0.000118776,1.27943,0.863613,0.607728,0.383828,0.159928,0.239893,0.175921,0.095957,0.0639714,0.11195,0,0.0479785,0.0159928,0.0799642,0.0319857,0,0.0159928,0.0159928,0.0159928,0,0.0159928,0,0,0,0,0,0,0,0,0,0,0,0,0,0,0
61728,61753,61740,14.4,-104.698,39.9394,145.982,-67.532,356.317,3.77821,0.511436,28.7815,0.168828,0.000162993,0.858685,0.686948,0.558145,0.386408,0.128803,0.143114,0.171737,0.157426,0.157426,0.0572457,0.0143114,0.0429342,0.0572457,0.171737,0.114491,0.0286228,0,0,0.0143114,0,0,0.0286228,0,0,0,0,0,0,0,0,0,0,0,0,0,0
61755,61782,61768,14.5,-104.693,39.9397,143.539,-68.0519,357.132,4.32817,0.443971,18.8492,0.127367,7.33801e-05,1.08548,0.920595,0.549609,0.384726,0.370986,0.206103,0.137402,0.123662,0.0961815,0.123662,0.0412207,0.0549609,0.0274804,0.151142,0.0412207,0,0,0,0,0,0,0,0.0137402,0,0,0,0,0,0,0,0,0,0,0,0,0
61783,61816,61800,14.6,-104.688,39.9389,141.178,-67.4317,359.914,8.97997,0.900257,36.3132,0.12101,0.0001593,2.5674,1.50258,1.46708,0.934674,0.638891,0.437759,0.283952,0.295783,0.141976,0.141976,0.0828192,0.0709879,0.035494,0.236626,0.0591566,0.035494,0,0.0236626,0.0118313,0,0,0.0118313,0,0,0,0,0,0,0,0,0,0,0,0,0,0
61817,61854,61836,14.7,-104.681,39.9382,138.877,-66.8197,362.685,10.7071,1.03295,36.5733,0.10622,0.000131028,2.56082,2.13738,1.52238,1.03844,0.917459,0.554508,0.473853,0.312541,0.221803,0.262131,0.110902,0.0806558,0.110902,0.302459,0.0504098,0.010082,0.0201639,0.010082,0,0.010082,0,0,0,0,0,0,0,0,0,0,0,0,0,0,0,0
61855,61887,61871,14.8,-104.674,39.9383,136.577,-66.9862,364.123,10.7151,1.0596,38.8362,0.109956,0.000151702,2.9936,2.02151,1.21512,1.15988,0.718023,0.66279,0.430814,0.298256,0.198837,0.198837,0.088372,0.165698,0.088372,0.320349,0.0773255,0.044186,0.0110465,0.0110465,0.0110465,0,0,0,0,0,0,0,0,0,0,0,0,0,0,0,0,0
61888,61915,61902,14.9,-104.667,39.939,134.355,-67.4824,364.953,8.268,0.797461,28.4048,0.106857,0.000104281,2.32802,1.62256,1.05819,0.846553,0.649024,0.225748,0.296294,0.310403,0.197529,0.155201,0.0846553,0.112874,0.0846553,0.169311,0.0846553,0.0282184,0,0,0.0141092,0,0,0,0,0,0,0,0,0,0,0,0,0,0,0,0,0
61916,61941,61928,15,-104.661,39.94,132.132,-67.3648,366.909,9.86043,1.08604,45.3768,0.125346,0.000209155,2.1968,1.69371,1.45894,0.838472,0.804933,0.486314,0.436005,0.486314,0.318619,0.134156,0.150925,0.100617,0.0838472,0.503083,0.0838472,0,0.0167694,0.0503083,0,0,0.0167694,0,0,0,0,0,0,0,0,0,0,0,0,0,0,0
61942,61966,61954,15.1,-104.656,39.941,130.027,-67.4926,368.365,12.0293,1.26719,52.9848,0.125439,0.000230401,2.53492,2.58101,1.81285,1.21369,0.937151,0.553073,0.599162,0.368715,0.153631,0.230447,0.168994,0.168994,0.0921788,0.399441,0.122905,0.0307263,0.0153631,0,0.0153631,0.0153631,0,0,0.0153631,0,0,0,0,0,0,0,0,0,0,0,0,0
61967,61988,61978,15.2,-104.65,39.942,127.832,-67.8419,369.534,9.21575,0.962059,37.9576,0.118364,0.000161862,2.29971,1.74169,1.26822,0.93003,0.524199,0.405831,0.47347,0.321283,0.253645,0.186006,0.186006,0.101458,0.0507289,0.287464,0.101458,0.0676385,0,0,0,0,0.0169096,0,0,0,0,0,0,0,0,0,0,0,0,0,0,0
61989,62009,61999,15.3,-104.646,39.943,125.714,-68.0056,371.006,7.00345,0.764208,31.0577,0.121921,0.000140972,1.57381,1.31806,0.865595,0.649196,0.629523,0.334434,0.37378,0.354107,0.177053,0.0393452,0.0786904,0.0786904,0.0590178,0.314762,0.098363,0.0196726,0,0.0196726,0.0196726,0,0,0,0,0,0,0,0,0,0,0,0,0,0,0,0,0
62010,62028,62019,15.4,-104.641,39.9438,123.771,-68.6306,371.525,7.43923,0.859518,39.4873,0.137824,0.000187885,1.69701,1.00637,1.22343,1.16423,0.335456,0.21706,0.236792,0.335456,0.197327,0.157862,0.157862,0.138129,0.0789308,0.29599,0.0789308,0.0986635,0,0,0,0,0,0,0.0197327,0,0,0,0,0,0,0,0,0,0,0,0,0
62029,62047,62038,15.5,-104.637,39.9447,121.782,-69.2822,372.057,7.87182,0.896282,40.7505,0.136398,0.000186173,1.70523,1.26901,1.1897,0.674161,0.495706,0.555191,0.535363,0.218111,0.277596,0.138798,0.0594848,0.158626,0.0991413,0.317252,0.11897,0,0.0198283,0,0.0198283,0,0,0,0.0198283,0,0,0,0,0,0,0,0,0,0,0,0,0
62048,62064,62056,15.6,-104.633,39.9455,119.685,-70.0147,372.566,7.78548,0.879878,35.6449,0.121533,0.000157798,1.78566,1.52376,0.976161,0.642838,0.642838,0.285706,0.238088,0.309514,0.0952352,0.19047,0.214279,0.142853,0.0952352,0.428558,0.166662,0.0238088,0,0,0.0238088,0,0,0,0,0,0,0,0,0,0,0,0,0,0,0,0,0
62065,62081,62073,15.7,-104.628,39.9461,117.786,-70.7165,372.98,7.5458,0.870013,34.5016,0.118969,0.000144014,1.63948,1.28215,0.756681,0.693625,0.525473,0.420379,0.420379,0.273246,0.126114,0.252227,0.18917,0.105095,0.105095,0.630568,0.0840757,0.0210189,0,0,0.0210189,0,0,0,0,0,0,0,0,0,0,0,0,0,0,0,0,0
62084,62097,62090,15.8,-104.624,39.9464,115.679,-71.4327,373.58,6.97332,0.778611,30.8746,0.11896,0.000135226,1.37062,1.22634,0.937792,0.721378,0.480919,0.529011,0.216413,0.144276,0.216413,0.144276,0.240459,0.192368,0.0721378,0.336643,0.0721378,0.0480919,0,0.0240459,0,0,0,0,0,0,0,0,0,0,0,0,0,0,0,0,0,0
62100,62118,62109,15.9,-104.619,39.9464,113.768,-72.0363,374.241,6.76928,0.908354,48.3348,0.159634,0.00026834,1.44108,1.02393,0.815348,0.568847,0.549886,0.417155,0.265462,0.284424,0.246501,0.0758463,0.132731,0.151693,0.113769,0.455078,0.0948079,0.0379232,0,0.0379232,0.0189616,0.0189616,0,0,0.0189616,0,0,0,0,0,0,0,0,0,0,0,0,0
62119,62137,62128,16,-104.615,39.946,111.812,-72.7753,374.72,5.87218,0.621453,22.638,0.109283,8.43031e-05,1.08116,1.18716,0.741972,0.678374,0.360386,0.360386,0.190793,0.190793,0.211992,0.169594,0.169594,0.0847968,0.0847968,0.27559,0.0423984,0.0423984,0,0,0,0,0,0,0,0,0,0,0,0,0,0,0,0,0,0,0,0
62137,62156,62146,16.1,-104.611,39.9455,110.112,-73.38,375.226,5.59324,0.605475,22.2403,0.110196,8.1412e-05,0.962278,0.902136,0.741756,0.581376,0.541281,0.360854,0.400949,0.200475,0.140332,0.0601424,0.0601424,0.0601424,0.0801898,0.481139,0,0,0,0.0200475,0,0,0,0,0,0,0,0,0,0,0,0,0,0,0,0,0,0
62157,62185,62171,16.2,-104.606,39.9451,108.253,-74.2154,375.481,5.31644,0.554506,18.9663,0.102612,5.84345e-05,0.953873,0.715404,0.701377,0.434854,0.603184,0.490964,0.196386,0.252496,0.266523,0.0701377,0.0981928,0.126248,0.0841652,0.294578,0.0140275,0.0140275,0,0,0,0,0,0,0,0,0,0,0,0,0,0,0,0,0,0,0,0
62186,62220,62203,16.3,-104.601,39.9437,106.379,-73.9344,377.892,5.72496,0.715237,32.2318,0.135193,0.00014918,1.05938,0.963077,0.588547,0.567145,0.395932,0.288923,0.310325,0.203316,0.203316,0.181915,0.139111,0.12841,0.0856069,0.460137,0.0963077,0.0321026,0,0,0.0107009,0,0,0,0.0107009,0,0,0,0,0,0,0,0,0,0,0,0,0
62223,62242,62232,16.4,-104.598,39.9426,104.377,-72.676,382.346,6.87314,0.884085,35.6795,0.121073,0.000150788,0.865907,1.01022,0.64943,0.703549,0.432953,0.432953,0.450993,0.360795,0.270596,0.270596,0.252556,0.162358,0.0901986,0.739629,0.144318,0.0360795,0,0,0,0,0,0,0,0,0,0,0,0,0,0,0,0,0,0,0,0
62243,62267,62255,16.5,-104.597,39.9414,102.807,-72.5755,384.198,7.30813,0.892828,34.6567,0.11645,0.000137058,0.983156,0.983156,0.950384,0.573508,0.770139,0.458806,0.458806,0.163859,0.344105,0.213017,0.229403,0.147473,0.163859,0.737367,0.0983156,0.0327719,0,0,0,0,0,0,0,0,0,0,0,0,0,0,0,0,0,0,0,0
62268,62284,62276,16.6,-104.596,39.9406,101.106,-72.8718,385.465,7.31395,0.961792,41.8552,0.130554,0.00019982,0.935506,1.1056,0.892983,0.595322,0.489014,0.595322,0.361445,0.297661,0.318922,0.127569,0.297661,0.233876,0.170092,0.680368,0.127569,0.042523,0.0212615,0,0.0212615,0,0,0,0,0,0,0,0,0,0,0,0,0,0,0,0,0
62286,62312,62299,16.7,-104.595,39.9401,99.4021,-72.4804,388.098,7.86552,1.04538,46.9501,0.134736,0.000233457,1.15627,1.09917,0.813675,0.585275,0.71375,0.65665,0.4568,0.385425,0.2855,0.214125,0.214125,0.19985,0.157025,0.6281,0.185575,0.08565,0.014275,0,0,0,0.014275,0,0,0,0,0,0,0,0,0,0,0,0,0,0,0
62313,62332,62322,16.8,-104.595,39.9396,97.7689,-73.2911,388.363,7.91286,1.07314,48.9755,0.136912,0.000235795,1.3129,0.922575,0.780641,0.691931,0.461288,0.603222,0.408062,0.443546,0.266127,0.212902,0.266127,0.354837,0.141935,0.816124,0.141935,0.0532255,0,0.0177418,0,0,0,0.0177418,0,0,0,0,0,0,0,0,0,0,0,0,0,0
62332,62351,62342,16.9,-104.594,39.9391,96.0572,-74.1039,388.739,7.48345,1.03252,45.1785,0.131266,0.00021862,1.02047,0.89515,0.734023,0.554993,0.554993,0.501284,0.519187,0.304351,0.268545,0.304351,0.268545,0.268545,0.232739,0.841441,0.089515,0.089515,0.035806,0,0,0,0,0,0,0,0,0,0,0,0,0,0,0,0,0,0,0
62352,62370,62361,17,-104.593,39.9386,94.4867,-74.3928,390.012,7.23288,1.03237,50.2331,0.145974,0.000268196,0.823545,0.948868,0.716126,0.608708,0.716126,0.39387,0.465482,0.447579,0.322257,0.268547,0.107419,0.250644,0.232741,0.662417,0.143225,0.0537095,0.0179032,0.0179032,0,0.0179032,0.0179032,0,0,0,0,0,0,0,0,0,0,0,0,0,0,0
62372,62390,62381,17.1,-104.592,39.9382,92.8853,-74.6147,391.483,7.89988,1.2381,70.7407,0.17141,0.000383123,0.742399,1.02794,0.837578,0.913722,0.437825,0.494933,0.666255,0.342646,0.399753,0.266502,0.22843,0.133251,0.266502,0.761435,0.247466,0.0380717,0.0190359,0,0,0.0190359,0,0.0190359,0.0380717,0,0,0,0,0,0,0,0,0,0,0,0,0
62391,62409,62400,17.2,-104.59,39.9377,91.2868,-75.3205,392.029,7.77235,1.19436,66.6777,0.167482,0.000376196,0.937455,1.1079,0.784053,0.528384,0.579518,0.494294,0.426116,0.392027,0.357937,0.357937,0.238625,0.22158,0.340893,0.715875,0.119312,0.0340893,0.0170446,0.0340893,0.0170446,0.0340893,0,0.0170446,0.0170446,0,0,0,0,0,0,0,0,0,0,0,0,0
62412,62430,62421,17.3,-104.588,39.9371,89.7294,-75.6867,393.233,8.52372,1.30118,72.7711,0.167781,0.000407973,1.24342,1.06321,0.864986,0.756863,1.02717,0.432493,0.32437,0.252288,0.34239,0.32437,0.288329,0.270308,0.198226,0.702801,0.216247,0.144164,0,0,0,0.0180205,0,0.0360411,0.0180205,0,0,0,0,0,0,0,0,0,0,0,0,0
62431,62453,62442,17.4,-104.584,39.9363,88.1909,-75.4559,395.643,7.98263,1.25626,65.5648,0.156571,0.000369052,0.870564,0.737766,0.796787,0.604968,0.678744,0.737766,0.575457,0.265596,0.457415,0.265596,0.280351,0.265596,0.22133,0.782032,0.236085,0.118043,0.0295106,0.0147553,0.0295106,0,0,0,0.0147553,0,0,0,0,0,0,0,0,0,0,0,0,0
62454,62479,62466,17.5,-104.579,39.9345,86.5913,-74.2308,400.183,7.85171,1.1362,55.3186,0.146062,0.000273641,0.86944,0.86944,0.86944,0.588544,0.575168,0.615296,0.46816,0.374528,0.40128,0.307648,0.361152,0.20064,0.227392,0.856064,0.173888,0.040128,0.013376,0.013376,0,0,0,0.013376,0.013376,0,0,0,0,0,0,0,0,0,0,0,0,0
