data/B2SAP/Locations/Boulder/NOAA-POPS-B2SAP_GMLBalloon_20230110_R0.ict
61,1001
Thornberry, T. D.
NOAA Chemical Sciences Laboratory
Portable Optical Particle Spectrometer (POPS)
Balloon Baseline Stratospheric Aerosol Profiles (B2SAP)
1,1
2023,01,10,2024,05,28
0
TIME_START,s,Seconds since midnight UTC on flight start day,Start time of 100 m altitude bin in UTC_seconds_since_midnight
28
1.0,1.0,1.0,1.0,1.0,1.0,1.0,1.0,1.0,1.0,1.0,1.0,1.0,1.0,1.0,1.0,1.0,1.0,1.0,1.0,1.0,1.0,1.0,1.0,1.0,1.0,1.0,1.0
99999,99999,99999,99999,99999,99999,99999,99999,99999,99999,99999,99999,99999,99999,99999,99999,99999,99999,99999,99999,99999,99999,99999,99999,99999,99999,99999,99999
TIME_STOP,s,End time of 100 m altitude bin in UTC seconds since midnight,
TIME_MID,s,Mid time of 100 m altitude in UTC seconds since midnight,
GPSAlt,m,GPS reported altitude above sea level (m),
GPS_Lon,deg,GPS reported longitude,
GPS_Lat,deg,GPS reported latitude,
iMet_Pressure,mb,Pressure reported (mB),
iMet_Temperature,degrees C,Ambient temperature (oC),
THETA,K,Potential temperature from iMet,
Aerosol_concentration,cm^-3,Aerosol concentration,
Surface_Area_Conc,um^2 cm^-3,Surface area concentration,
Volume_density,um^3 cm^-3,Volume density,
Effective_radius,um,Effective radius,
Extinction,km^-1,Extinction,
Bin01,cm^-3,particle concentration in size range [140 - 170 nm],
Bin02,cm^-3,particle concentration in size range [170 - 205 nm],
Bin03,cm^-3,particle concentration in size range [205 - 249 nm],
Bin04,cm^-3,particle concentration in size range [249 - 302 nm],
Bin05,cm^-3,particle concentration in size range [302 - 366 nm],
Bin06,cm^-3,particle concentration in size range [366 - 443 nm],
Bin07,cm^-3,particle concentration in size range [443 - 537 nm],
Bin08,cm^-3,particle concentration in size range [537 - 651 nm],
Bin09,cm^-3,particle concentration in size range [651 - 789 nm],
Bin10,cm^-3,particle concentration in size range [789 - 956 nm],
Bin11,cm^-3,particle concentration in size range [956 - 1159 nm],
Bin12,cm^-3,particle concentration in size range [1159 - 1404 nm],
Bin13,cm^-3,particle concentration in size range [1404 - 1702 nm],
Bin14,cm^-3,particle concentration in size range [1702 - 2062 nm],
Bin15,cm^-3,particle concentration in size range [2062 - 2500 nm],
0
19
PI_CONTACT_INFO: 325 Broadway R/CSL6, Boulder, CO 80305; troy.thornberry@noaa.gov; 303-497-3373 
PLATFORM: GML ECC/FPH balloon
LOCATION: Boulder, CO, USA
ASSOCIATED_DATA: N/A
INSTRUMENT_INFO: Printed Optical Particle Spectrometer counts particles from 140 - 2500 nm in diameter 
DATA_INFO: Particle concentrations reported in number per cubic centimeter, binned to 100 m altitude
UNCERTAINTY: Counting uncertainty dominated by air flow, less than 5 percent
ULOD_FLAG: -77777
ULOD_VALUE: 3000 ~3000 per cm3 (varies depending on flow rate- manufacturer quotes 1250  per cm3 at 1.667 cc/s)
LLOD_FLAG: -88888
LLOD_VALUE: 0 0 (varies depending on data field and measurement precision)
DM_CONTACT_INFO: Troy Thornberry, 325 Broadway R/CSL6, Boulder, CO 80305; troy.thornberry@noaa.gov; 303-497-3373
PROJECT_INFO: B2SAP Boulder, CO, USA
STIPULATIONS_ON_USE: Please contact the PIs for questions regarding applications and uncertainties
OTHER_COMMENTS: POPS bin Edges (nm):  140, 170, 205, 249, 302, 366, 443, 537, 651, 789, 956, 1159, 1404, 1702, 2062, 2500
Calculations assume sulfate refractive index of 1.45+0.00j and extinction wavelength = 532 nm
REVISION: R0
R0: QA/QC data
TIME_START,TIME_STOP,TIME_MID,GPSAlt,GPS_Lon,GPS_Lat,iMet_Pressure,iMet_Temperature,THETA,Aerosol_concentration,Surface_Area_Conc,Volume_density,Effective_radius,Extinction,Bin01,Bin02,Bin03,Bin04,Bin05,Bin06,Bin07,Bin08,Bin09,Bin10,Bin11,Bin12,Bin13,Bin14,Bin15
60569,60898,60734,1.7,-105.197,39.9491,814.564,10.1981,300.446,30.1836,5.05,606.463,0.360275,0.00164953,16.2077,7.41047,3.09853,1.32175,1.06173,0.476697,0.303353,0.10834,0.0650041,0.021668,0,0,0.0433361,0,0.0650041
60578,61122,60850,1.8,-105.191,39.9488,809.65,11.2881,302.129,15.8971,2.58231,262.496,0.304954,0.000830875,8.31831,4.06442,1.58298,0.666198,0.525624,0.317819,0.268924,0.0733429,0.0305595,0,0.00611191,0.00611191,0.00611191,0.0122238,0.0183357
60924,61162,61043,1.9,-105.184,39.9483,799.877,11.2242,303.111,6.28509,0.97556,72.8141,0.223915,0.000289949,3.42077,1.41751,0.732186,0.2343,0.205012,0.11715,0.0820049,0.011715,0.02343,0.011715,0,0.011715,0.0175725,0,0
60943,61186,61064,2,-105.185,39.9483,791.018,10.3058,303.092,6.5024,0.976786,85.8817,0.263768,0.000303957,3.47137,1.55588,0.785279,0.220172,0.205494,0.117425,0.0733905,0.0366953,0.0146781,0.0146781,0,0,0,0,0.00733905
60968,61201,61084,2.1,-105.186,39.9488,782.172,9.4862,303.186,5.68118,0.916517,90.3188,0.295637,0.000285056,3.17499,1.19678,0.619509,0.281595,0.197117,0.0985583,0.056319,0.0211196,0.00703988,0,0.00703988,0.00703988,0,0.0140798,0
61202,61216,61209,2.2,-105.17,39.9469,771.851,8.36867,303.142,5.63261,0.852145,63.8989,0.224958,0.000260136,3.00564,1.51465,0.520661,0.236664,0.189331,0.0236664,0.0236664,0.0473328,0.0473328,0,0,0,0.0236664,0,0
61217,61254,61236,2.3,-105.168,39.9486,762.379,7.69162,303.479,5.53646,0.861848,57.2387,0.199242,0.000269665,2.79222,1.38172,0.690858,0.211096,0.18231,0.0959525,0.076762,0.0575715,0.0287858,0,0,0.0191905,0,0,0
61255,61270,61262,2.4,-105.165,39.9502,753.206,6.77688,303.535,5.79051,0.845102,53.5497,0.190095,0.000233489,3.33122,1.00607,0.827216,0.1565,0.178857,0.111786,0.134143,0.0223572,0,0,0.0223572,0,0,0,0
61271,61285,61278,2.5,-105.162,39.9509,744.537,5.77467,303.452,5.27033,0.806789,49.0156,0.182262,0.000309412,3.06637,0.910329,0.694725,0.215604,0.0958241,0.0479121,0.0718681,0.11978,0.023956,0.023956,0,0,0,0,0
61286,61302,61294,2.6,-105.159,39.9519,734.841,4.88176,303.619,5.6462,0.76568,47.2011,0.184938,0.000189464,3.19317,1.33225,0.613257,0.148028,0.148028,0.0845872,0.0845872,0.0211468,0,0,0.0211468,0,0,0,0
61303,61360,61332,2.7,-105.152,39.9536,725.311,4.00055,303.784,4.58039,0.597093,28.1184,0.141277,0.000145755,2.43806,1.09745,0.532298,0.164289,0.190576,0.0722874,0.0394295,0.0328579,0.00657158,0.00657158,0,0,0,0,0
61361,61393,61377,2.8,-105.141,39.9559,716.944,2.9829,303.672,3.50867,0.665199,76.8117,0.346415,0.000278957,2.21046,0.643255,0.187129,0.175433,0.0818689,0.0701733,0.0584778,0.0350867,0.0116956,0.0116956,0.0116956,0,0,0.0116956,0
61395,61428,61412,2.9,-105.132,39.9572,708.548,2.15517,303.789,3.1779,0.502412,33.4086,0.199489,0.000163086,1.76966,0.648043,0.336484,0.112161,0.112161,0.0747742,0.0623118,0.0498495,0,0,0.0124624,0,0,0,0
61429,61470,61450,3,-105.122,39.9589,699.96,1.27143,303.867,3.99583,0.602169,38.9125,0.193862,0.000198763,2.21644,0.926117,0.385015,0.166493,0.0936523,0.0520291,0.0936523,0.0312174,0.0104058,0.0104058,0.0104058,0,0,0,0
61472,61495,61484,3.1,-105.112,39.9603,691.478,0.439048,303.999,3.38872,0.573347,41.7055,0.218221,0.000193044,1.78994,0.729878,0.364939,0.17378,0.121646,0.0347561,0.104268,0.0521341,0,0,0,0.017378,0,0,0
61496,61514,61505,3.2,-105.106,39.9608,683.149,-0.322,304.21,3.49604,0.378322,13.7847,0.109309,5.0779e-05,2.10251,0.757883,0.293374,0.195583,0.0977913,0.0244478,0.0244478,0,0,0,0,0,0,0,0
61515,61534,61524,3.3,-105.1,39.9613,674.43,-1.22063,304.322,3.19791,0.525371,31.2808,0.178622,0.000205319,1.80454,0.525371,0.274107,0.228422,0.182738,0.0456844,0.0228422,0.0685267,0.0456844,0,0,0,0,0,0
61536,61553,61544,3.4,-105.094,39.9616,665.787,-2.15214,304.396,2.44137,0.460288,44.3569,0.289103,0.000175419,1.1288,0.735035,0.315015,0.105005,0.0787538,0,0.0262513,0,0,0.0262513,0.0262513,0,0,0,0
61555,61573,61564,3.5,-105.089,39.962,657.553,-2.92867,304.607,2.85627,0.461723,43.2128,0.280771,0.000131233,1.74823,0.640198,0.172361,0.098492,0.073869,0.073869,0,0.024623,0,0,0,0,0.024623,0,0
61574,61590,61582,3.6,-105.083,39.9622,649.153,-3.83385,304.706,2.59512,0.376013,23.6634,0.188797,0.000135167,1.39737,0.827015,0.114071,0.0855532,0.0285177,0.0570355,0.0570355,0,0,0.0285177,0,0,0,0,0
61592,61607,61600,3.7,-105.078,39.9623,641.028,-4.91643,304.572,2.74485,0.346099,15.0255,0.130242,7.42937e-05,1.59894,0.506332,0.319789,0.0799471,0.133245,0.0799471,0,0.026649,0,0,0,0,0,0,0
61609,61627,61618,3.8,-105.072,39.9622,632.776,-5.31867,305.244,2.62686,0.280585,10.4235,0.111447,4.1205e-05,1.73472,0.446071,0.223035,0.0991268,0.0743451,0.0247817,0.0247817,0,0,0,0,0,0,0,0
61628,61644,61636,3.9,-105.066,39.9621,625.039,-5.66833,305.922,2.99739,0.339488,15.215,0.134452,8.20418e-05,2.02948,0.624456,0.124891,0.0624456,0.0936684,0,0,0.0624456,0,0,0,0,0,0,0
61645,61662,61654,4,-105.06,39.962,617.111,-6.44467,306.145,3.1511,0.37169,20.8264,0.168095,0.000107088,1.97569,0.875307,0.150053,0.0500175,0.0500175,0,0,0.0250088,0,0.0250088,0,0,0,0,0
61663,61675,61669,4.1,-105.055,39.9617,610.364,-7.2,306.235,3.15673,0.281304,8.86912,0.0945858,2.40351e-05,2.45062,0.456895,0.0830719,0.124608,0,0.0415359,0,0,0,0,0,0,0,0,0
61677,61694,61686,4.2,-105.05,39.9613,601.656,-8.15778,306.395,4.41869,0.404746,12.7294,0.0943511,3.25445e-05,3.25149,0.583601,0.375172,0.166743,0,0.0416858,0,0,0,0,0,0,0,0,0
61695,61713,61704,4.3,-105.044,39.9607,594.062,-9.04667,306.474,6.35076,0.807136,36.3214,0.135001,0.000196335,3.87546,1.10013,0.675081,0.25003,0.150018,0.100012,0.175021,0.025003,0,0,0,0,0,0,0
61714,61740,61727,4.4,-105.036,39.9603,585.361,-9.99222,306.666,7.50689,0.849263,40.5078,0.143093,0.000209475,5.29037,1.27554,0.501854,0.125463,0.0836423,0.0836423,0.0627317,0.0627317,0,0.0209106,0,0,0,0,0
61741,61775,61758,4.5,-105.027,39.9596,578.56,-10.1065,307.563,7.96398,0.933463,47.8695,0.153845,0.000240705,5.37241,1.51418,0.495019,0.23295,0.160153,0.0582375,0.0582375,0.0291188,0,0.0436782,0,0,0,0,0
61777,61816,61796,4.6,-105.017,39.9594,570.712,-9.94821,308.947,4.32146,0.486008,21.4598,0.132466,0.000107986,2.9575,0.742751,0.2971,0.108036,0.108036,0.0405137,0.0405137,0,0.0270091,0,0,0,0,0,0
61817,61854,61836,4.7,-105.008,39.9591,563.263,-10.3041,309.688,5.03416,0.574218,23.324,0.121856,0.000108603,3.16914,0.967568,0.46275,0.182295,0.0841363,0.0841363,0.0701136,0.0140227,0,0,0,0,0,0,0
61855,61887,61871,4.8,-104.999,39.9588,556.383,-11.1292,309.806,5.39446,0.594026,25.0592,0.126556,0.000101102,3.30921,1.16351,0.468427,0.27199,0.105774,0.0453316,0.0151105,0,0,0.0151105,0,0,0,0,0
61888,61913,61900,4.9,-104.992,39.9584,549.323,-12.0389,309.855,6.1508,0.768461,33.4826,0.130713,0.000170063,3.44529,1.4373,0.591829,0.232504,0.211368,0.105684,0.084547,0.0422735,0,0,0,0,0,0,0
61915,61940,61928,5,-104.985,39.9582,542.101,-12.6247,310.332,7.90584,1.05971,56.106,0.158834,0.000314348,4.39958,1.85363,0.826316,0.31266,0.290327,0.0223329,0.0669986,0.0669986,0.0446657,0.0223329,0,0,0,0,0
61941,61963,61952,5.1,-104.978,39.9585,534.993,-12.8405,311.251,8.15206,1.22363,63.4944,0.155671,0.000385598,3.90578,2.02299,1.06157,0.420622,0.260385,0.160237,0.140207,0.160237,0.0200296,0,0,0,0,0,0
61964,61985,61974,5.2,-104.973,39.959,528.044,-13.0862,312.119,9.64118,1.39855,73.0472,0.156692,0.000416788,4.80863,2.46412,1.10048,0.4067,0.263159,0.311006,0.191388,0.0478471,0.0239235,0.0239235,0,0,0,0,0
61987,62008,61998,5.3,-104.968,39.9597,520.457,-13.8561,312.482,9.12866,1.33229,81.528,0.183582,0.000380563,5.09506,1.8045,1.06147,0.38213,0.403359,0.148606,0.106147,0.0849177,0,0.0212294,0,0.0212294,0,0,0
62009,62036,62022,5.4,-104.962,39.9603,514.042,-14.3739,312.963,10.2282,1.62408,121.166,0.223817,0.00051845,5.53054,2.24887,1.23271,0.38314,0.466431,0.0166583,0.183241,0.0499748,0.0499748,0.0166583,0.0166583,0.0166583,0.0166583,0,0
62037,62063,62050,5.5,-104.955,39.9608,507.174,-15.1596,313.213,9.76308,1.50932,93.9834,0.186806,0.000488985,4.98151,2.2825,1.08294,0.533138,0.449835,0.0999633,0.166606,0.0833028,0.0333211,0.0333211,0,0.0166606,0,0,0
62064,62091,62078,5.6,-104.949,39.9614,500.404,-15.9924,313.412,11.0952,1.52847,77.3106,0.151741,0.000437909,5.98701,2.61817,1.08022,0.549267,0.366178,0.16478,0.16478,0.128162,0.0183089,0.0183089,0,0,0,0,0
62092,62110,62101,5.7,-104.943,39.962,493.979,-16.8694,313.496,10.2818,1.42242,74.2105,0.156516,0.000435295,5.82335,2.32024,0.887151,0.500444,0.272969,0.0909898,0.204727,0.159232,0,0.0227474,0,0,0,0,0
62111,62133,62122,5.8,-104.937,39.9626,486.498,-17.7729,313.753,8.01964,1.13976,83.9381,0.220937,0.000295201,4.23765,2.46057,0.546794,0.341746,0.273397,0.0455662,0.0227831,0.0227831,0,0.0227831,0.0227831,0.0227831,0,0,0
62134,62153,62144,5.9,-104.932,39.9633,480.236,-18.4673,314.058,7.31954,1.11897,85.5347,0.229322,0.0003078,4.07506,1.66117,0.752718,0.389337,0.155735,0.0519116,0.181691,0,0,0,0.0259558,0.0259558,0,0,0
62155,62172,62164,6,-104.927,39.9644,473.628,-19.034,314.599,4.25676,0.589625,27.1214,0.137993,0.000146138,2.2322,0.960366,0.389338,0.207647,0.259559,0.103823,0.0778676,0.0259559,0,0,0,0,0,0,0
62173,62192,62182,6.1,-104.922,39.9658,467.47,-19.7559,314.89,2.07059,0.330179,19.197,0.174423,0.000132653,1.15033,0.483137,0.184052,0.0230065,0.0920262,0,0.0460131,0.0920262,0,0,0,0,0,0,0
62194,62214,62204,6.2,-104.918,39.9676,461.13,-20.5429,315.138,0.72923,0.0837277,2.91436,0.104423,8.61363e-06,0.336568,0.140237,0.196331,0.0280473,0.0280473,0,0,0,0,0,0,0,0,0,0
62214,62230,62222,6.3,-104.913,39.9693,455.473,-21.4315,315.136,0.939998,0.090855,2.82598,0.0933128,6.21785e-06,0.545805,0.24258,0.0909676,0.060645,0,0,0,0,0,0,0,0,0,0,0
62233,62248,62240,6.4,-104.909,39.9709,448.803,-22.4933,315.13,1.18478,0.15851,7.70538,0.145834,4.37474e-05,0.724034,0.131643,0.164553,0.0987319,0.0329106,0,0,0.0329106,0,0,0,0,0,0,0
62249,62264,62256,6.5,-104.906,39.9723,442.981,-23.309,315.276,0.680551,0.106737,6.27182,0.176279,4.29437e-05,0.360292,0.16013,0.0800649,0.0400324,0,0,0,0.0400324,0,0,0,0,0,0,0
62265,62282,62274,6.6,-104.903,39.974,436.49,-24.24,315.439,0.45205,0.0449737,1.40375,0.093638,3.05329e-06,0.197772,0.197772,0.0282531,0.0282531,0,0,0,0,0,0,0,0,0,0,0
62285,62304,62294,6.7,-104.899,39.9759,430.652,-25.1225,315.529,0.267487,0.0441378,2.5932,0.176257,1.91998e-05,0.167179,0.0668717,0,0,0,0,0.0334359,0,0,0,0,0,0,0,0
62306,62328,62317,6.8,-104.895,39.9783,424.407,-26.1217,315.57,0.467241,0.091278,5.48003,0.18011,3.75741e-05,0.222496,0.0889982,0.0444991,0.0222496,0.0222496,0.0444991,0,0.0222496,0,0,0,0,0,0,0
62331,62348,62340,6.9,-104.892,39.9805,419.818,-26.808,315.67,0.36064,0.0404871,1.49459,0.110746,5.61979e-06,0.240427,0.0400711,0.0400711,0,0.0400711,0,0,0,0,0,0,0,0,0,0
62354,62382,62368,7,-104.886,39.9834,413.036,-27.5818,316.146,0.329791,0.0311981,0.977236,0.0939706,2.2644e-06,0.219861,0.0732869,0,0.0366434,0,0,0,0,0,0,0,0,0,0,0
62384,62408,62396,7.1,-104.88,39.9859,407.092,-27.9262,317.02,1.44201,0.249716,15.2622,0.183355,0.000105296,0.865204,0.230721,0.076907,0.0384535,0.115361,0.0192268,0.0576803,0.0192268,0.0192268,0,0,0,0,0,0
62410,62431,62420,7.2,-104.875,39.9879,401.325,-28.8119,317.162,2.13946,0.299365,15.1033,0.151353,9.10245e-05,1.25851,0.453062,0.100681,0.125851,0.100681,0.0251701,0.0251701,0.0503403,0,0,0,0,0,0,0
62433,62455,62444,7.3,-104.87,39.9894,396.002,-29.6162,317.324,3.3081,0.533797,42.6452,0.239671,0.000176574,2.09641,0.576994,0.173098,0.153865,0.153865,0.0576994,0.0576994,0,0,0.0192331,0,0.0192331,0,0,0
62456,62477,62466,7.4,-104.865,39.9909,390.361,-30.4406,317.546,4.75789,0.626227,29.6063,0.141832,0.000160443,2.74953,0.836815,0.549907,0.262999,0.215181,0.023909,0.071727,0.023909,0.023909,0,0,0,0,0,0
62478,62499,62488,7.5,-104.86,39.9923,384.988,-31.3194,317.655,6.48889,0.930685,48.9172,0.157681,0.000270428,3.43529,1.22144,0.992418,0.279913,0.254466,0.127233,0.101786,0.0508932,0,0.0254466,0,0,0,0,0
62500,62517,62508,7.6,-104.855,39.9936,379.831,-32.0777,317.885,7.50392,1.09509,61.1907,0.167632,0.000355071,3.90961,1.82869,0.882814,0.189175,0.34682,0.126116,0.0945873,0.0630582,0.0315291,0.0315291,0,0,0,0,0
62518,62542,62530,7.7,-104.849,39.9951,374.311,-32.7322,318.348,8.00504,1.20744,61.7957,0.153538,0.000343083,4.07075,1.4782,0.841439,0.727731,0.523057,0.0909664,0.227416,0.0227416,0,0.0227416,0,0,0,0,0
62542,62560,62551,7.8,-104.843,39.9964,369.156,-33.5337,318.543,7.73308,1.19824,79.197,0.198283,0.000378095,4.25064,1.69001,0.716975,0.384094,0.230456,0.20485,0.179244,0.0256062,0,0.0256062,0.0256062,0,0,0,0
62561,62586,62574,7.9,-104.836,39.9982,363.803,-34.2542,318.911,7.69508,1.11424,65.8319,0.177248,0.000282596,4.3447,1.55631,0.540385,0.540385,0.324231,0.216154,0.129692,0.0216154,0,0,0,0.0216154,0,0,0
62587,62608,62598,8,-104.828,39.9999,358.684,-35.0188,319.19,7.67592,1.11315,65.8864,0.177568,0.000286711,4.22417,1.66553,0.555177,0.482762,0.434486,0.0965525,0.193105,0,0,0,0.0241381,0,0,0,0
62609,62633,62621,8.1,-104.82,40.002,353.577,-35.6075,319.705,7.26794,0.92213,41.4948,0.134997,0.000213606,4.09987,1.57369,0.683311,0.414128,0.269183,0.0828256,0.0828256,0.0414128,0.0207064,0,0,0,0,0,0
62635,62666,62650,8.2,-104.809,40.005,347.939,-36.0377,320.592,8.26759,1.30041,80.6698,0.186103,0.000383919,4.23694,1.61861,0.96799,0.507798,0.539535,0.158687,0.174556,0,0.0317374,0.0158687,0,0,0.0158687,0,0
62667,62700,62684,8.3,-104.797,40.0086,343.669,-36.69,320.837,9.08668,1.48697,93.7508,0.189144,0.000412269,4.22562,1.84275,1.30264,0.556003,0.714861,0.254173,0.079429,0.0635432,0.0158858,0,0,0.0317716,0,0,0
62701,62734,62718,8.4,-104.784,40.0126,338.071,-37.705,320.968,8.62234,1.52598,153.594,0.301959,0.000503013,3.93809,2.03122,1.11925,0.732346,0.373082,0.179632,0.151996,0.0414536,0.0276357,0,0.0138179,0,0,0,0.0138179
62735,62757,62746,8.5,-104.773,40.0159,333.311,-38.5616,321.1,10.3269,1.41574,61.4546,0.130224,0.000297514,4.93324,2.21448,1.38131,0.745467,0.723542,0.175404,0.109628,0.043851,0,0,0,0,0,0,0
62758,62777,62768,8.6,-104.765,40.0189,328.431,-39.3971,321.305,9.96914,1.5695,91.8336,0.175534,0.000446252,4.51803,2.23446,1.37505,0.859408,0.589309,0.0736636,0.147327,0.147327,0,0,0.0245545,0,0,0,0
62784,62817,62800,8.7,-104.753,40.0236,323.555,-40.1724,321.606,8.87924,1.32279,62.1205,0.140885,0.000336864,3.97729,2.08998,1.10199,0.645993,0.607993,0.227997,0.164665,0.0633326,0,0,0,0,0,0,0
62818,62847,62832,8.8,-104.742,40.0281,319.212,-40.9859,321.725,9.35996,1.4656,80.5604,0.164903,0.000394818,4.37629,1.90003,1.30821,0.638533,0.622959,0.23361,0.218036,0.046722,0,0,0,0.015574,0,0,0
62848,62868,62858,8.9,-104.732,40.0316,314.482,-41.9471,321.768,8.404,1.19561,54.171,0.135925,0.000271857,4.21203,1.48424,1.00286,0.782234,0.581661,0.240687,0.0601719,0.0200573,0.0200573,0,0,0,0,0,0
62869,62886,62878,9,-104.725,40.034,309.708,-42.9256,321.807,8.20323,1.49391,131.628,0.26433,0.000462856,3.98215,1.91143,0.929169,0.610596,0.45131,0.0530953,0.106191,0.079643,0,0,0.0265477,0.0265477,0.0265477,0,0
62887,62906,62896,9.1,-104.717,40.0367,305.127,-43.834,321.901,7.53249,1.08627,61.1921,0.168996,0.000329857,3.83731,1.90444,0.82431,0.369518,0.227396,0.198971,0.113698,0,0,0.056849,0,0,0,0,0
62907,62926,62916,9.2,-104.709,40.0394,300.605,-44.7027,322.053,6.63028,0.800968,32.449,0.121537,0.000146336,3.9554,1.1667,0.540667,0.51221,0.313018,0.0284561,0.113825,0,0,0,0,0,0,0,0
62927,62950,62938,9.3,-104.699,40.0427,296.018,-45.61,322.193,5.94832,0.71983,29.5838,0.123295,0.000134779,3.65011,0.856198,0.653414,0.405568,0.202784,0.112658,0.0450631,0.0225315,0,0,0,0,0,0,0
62953,62972,62962,9.4,-104.688,40.0461,291.551,-46.3925,322.479,6.5536,0.955437,72.8825,0.228846,0.000311203,4.30665,1.12347,0.534988,0.213995,0.160496,0.0534988,0.0802482,0,0,0.0534988,0,0.0267494,0,0,0
62973,62999,62986,9.5,-104.678,40.0496,287.125,-47.1945,322.743,6.10975,0.87396,42.2454,0.145014,0.000235054,3.30945,1.21412,0.489563,0.411233,0.372068,0.176243,0.0783301,0.039165,0.0195825,0,0,0,0,0,0
63000,63021,63010,9.6,-104.667,40.0535,282.679,-48.1219,322.857,6.37191,0.733628,29.0606,0.118836,0.000125351,3.83394,1.24198,0.620991,0.323995,0.188997,0.107998,0.0269996,0.0269996,0,0,0,0,0,0,0
