data/B2SAP/Locations/Boulder/NOAA-POPS-B2SAP_GMLBalloon_20240627_R0.ict
82,1001
Thornberry, T. D.
NOAA Chemical Sciences Laboratory
Portable Optical Particle Spectrometer (POPS)
Balloon Baseline Stratospheric Aerosol Profiles (B2SAP)
1,1
2024,06,27,2024,07,24
0
TIME_START,s,Seconds since midnight UTC on flight start day,Start time of 100 m altitude bin in UTC_seconds_since_midnight
49
1.0,1.0,1.0,1.0,1.0,1.0,1.0,1.0,1.0,1.0,1.0,1.0,1.0,1.0,1.0,1.0,1.0,1.0,1.0,1.0,1.0,1.0,1.0,1.0,1.0,1.0,1.0,1.0,1.0,1.0,1.0,1.0,1.0,1.0,1.0,1.0,1.0,1.0,1.0,1.0,1.0,1.0,1.0,1.0,1.0,1.0,1.0,1.0,1.0
99999,99999,99999,99999,99999,99999,99999,99999,99999,99999,99999,99999,99999,99999,99999,99999,99999,99999,99999,99999,99999,99999,99999,99999,99999,99999,99999,99999,99999,99999,99999,99999,99999,99999,99999,99999,99999,99999,99999,99999,99999,99999,99999,99999,99999,99999,99999,99999,99999
TIME_STOP,s,End time of 100 m altitude bin in UTC seconds since midnight,
TIME_MID,s,Mid time of 100 m altitude in UTC seconds since midnight,
GPSAlt,km,GPS reported altitude above sea level (km),
GPS_Lon,deg,GPS reported longitude,
GPS_Lat,deg,GPS reported latitude,
iMet_Pressure,hPa,Pressure reported (hPa),
iMet_Temperature,degrees C,Ambient temperature (oC),
THETA,K,Potential temperature from iMet,
Aerosol_concentration,cm^-3,Aerosol concentration,
Surface_Area_Conc,um^2 cm^-3,Surface area concentration,
Volume_density,um^3 cm^-3,Volume density,
Effective_radius,um,Effective radius,
Extinction,km^-1,Extinction,
Bin01,cm^-3,particle concentration in size range [140 - 146.14 nm],
Bin02,cm^-3,particle concentration in size range [146.14 - 152.56 nm],
Bin03,cm^-3,particle concentration in size range [152.56 - 159.25 nm],
Bin04,cm^-3,particle concentration in size range [159.25 - 166.24 nm],
Bin05,cm^-3,particle concentration in size range [166.24 - 173.54 nm],
Bin06,cm^-3,particle concentration in size range [173.54 - 181.16 nm],
Bin07,cm^-3,particle concentration in size range [181.16 - 189.11 nm],
Bin08,cm^-3,particle concentration in size range [189.11 - 197.41 nm],
Bin09,cm^-3,particle concentration in size range [197.41 - 206.07 nm],
Bin10,cm^-3,particle concentration in size range [206.07 - 215.12 nm],
Bin11,cm^-3,particle concentration in size range [215.12 - 224.56 nm],
Bin12,cm^-3,particle concentration in size range [224.56 - 234.41 nm],
Bin13,cm^-3,particle concentration in size range [234.41 - 244.70 nm],
Bin14,cm^-3,particle concentration in size range [244.70 - 361.30 nm],
Bin15,cm^-3,particle concentration in size range [361.30 - 472.80 nm],
Bin16,cm^-3,particle concentration in size range [472.80 - 567.00 nm],
Bin17,cm^-3,particle concentration in size range [567.00 - 610.66 nm],
Bin18,cm^-3,particle concentration in size range [610.66 - 657.69 nm],
Bin19,cm^-3,particle concentration in size range [657.69 - 708.33 nm],
Bin20,cm^-3,particle concentration in size range [708.33 - 762.88 nm],
Bin21,cm^-3,particle concentration in size range [762.88 - 821.62 nm],
Bin22,cm^-3,particle concentration in size range [821.62 - 884.89 nm],
Bin23,cm^-3,particle concentration in size range [884.89 - 953.03 nm],
Bin24,cm^-3,particle concentration in size range [953.03 - 1026.42 nm],
Bin25,cm^-3,particle concentration in size range [1026.42 - 1105.46 nm],
Bin26,cm^-3,particle concentration in size range [1105.46 - 1190.59 nm]],
[...]
LOCATION: Boulder, CO, USA
ASSOCIATED_DATA: N/A
INSTRUMENT_INFO: Printed Optical Particle Spectrometer counts particles from 140 - 2500 nm in diameter 
DATA_INFO: Particle concentrations reported in number per cubic centimeter, binned to 100 m altitude
UNCERTAINTY: Counting uncertainty dominated by air flow, less than 5 percent
ULOD_FLAG: -77777
ULOD_VALUE: 3000 ~3000 per cm3 (varies depending on flow rate- manufacturer quotes 1250  per cm3 at 1.667 cc/s)
LLOD_FLAG: -88888
LLOD_VALUE: 0 0 (varies depending on data field and measurement precision)
DM_CONTACT_INFO: Troy Thornberry, 325 Broadway R/CSL6, Boulder, CO 80305; troy.thornberry@noaa.gov; 303-497-3373
PROJECT_INFO: B2SAP Boulder, CO, USA
STIPULATIONS_ON_USE: Please contact the PIs for questions regarding applications and uncertainties
OTHER_COMMENTS: POPS bin Edges (nm):  140, 146.14, 152.56, 159.25, 166.24, 173.54, 181.16, 189.11, 197.41, 206.07, 215.12, 224.56, 234.41, 244.70, 361.30, 472.80, 567.00, 610.66, 657.69, 708.33, 762.88, 821.62, 884.89, 953.03, 1026.42, 1105.46, 1190.59, 1282.27, 1381.01, 1487.36, 1601.89, 1725.25, 1858.10, 2001.18, 2155.28, 2321.25, 2500
Calculations assume sulfate refractive index of 1.45+0.00j and extinction wavelength = 532 nm
REVISION: R0
R0: QA/QC data
TIME_START,TIME_STOP,TIME_MID,GPSAlt,GPS_Lon,GPS_Lat,iMet_Pressure,iMet_Temperature,THETA,Aerosol_concentration,Surface_Area_Conc,Volume_density,Effective_radius,Extinction,Bin01,Bin02,Bin03,Bin04,Bin05,Bin06,Bin07,Bin08,Bin09,Bin10,Bin11,Bin12,Bin13,Bin14,Bin15,Bin16,Bin17,Bin18,Bin19,Bin20,Bin21,Bin22,Bin23,Bin24,Bin25,Bin26,Bin27,Bin28,Bin29,Bin30,Bin31,Bin32,Bin33,Bin34,Bin35,Bin36
[from data line 512]
70392,70408,70400,3.6,-104.111,40.3481,662.744,10.3693,318.88,121.881,15.134,628.917,0.124669,0.00232924,15.3194,15.0274,12.826,12.1971,10.782,8.10894,7.92924,6.82858,5.1439,4.02078,4.35771,3.25705,3.00997,10.9841,1.68468,0.269549,0.0224624,0.0449249,0,0,0,0,0,0,0,0.0224624,0.0449249,0,0,0,0,0,0,0,0,0
70409,70425,70417,3.5,-104.11,40.3482,670.75,11.19,318.708,123.602,16.2043,862.427,0.159666,0.00303669,15.354,15.8402,13.1866,11.4649,10.7559,8.95313,7.79854,6.48191,5.65141,4.63861,3.38274,3.28147,2.91686,11.3028,1.90406,0.425375,0.0405119,0.020256,0.0607679,0.020256,0,0.020256,0,0,0,0.020256,0.0405119,0,0,0,0,0,0.020256,0,0.020256,0
70426,70444,70435,3.4,-104.109,40.3482,678.931,12.0074,318.518,137.419,18.2153,1001.07,0.164873,0.00349478,14.9613,17.5501,14.2293,13.0867,12.8189,10.2301,8.58758,7.49851,6.67725,4.94545,3.92779,4.12418,2.94584,12.7118,2.26741,0.517754,0.0535608,0.0178536,0.0178536,0.0178536,0.0357072,0.0714144,0.0535608,0.0178536,0,0,0,0.0178536,0,0,0,0.0178536,0,0,0,0.0178536
70445,70463,70454,3.3,-104.108,40.3483,687.359,12.98,318.482,146.795,18.8714,941.3,0.149639,0.00323185,17.8378,18.3899,15.4772,13.7448,12.6597,10.6608,9.15686,7.65293,6.94856,5.97766,5.02581,3.80743,3.00787,13.7448,2.13216,0.380743,0.0190371,0.0190371,0.0380743,0.0380743,0,0,0,0,0,0,0,0.0190371,0.0190371,0,0,0,0.0190371,0,0.0190371,0
70464,70481,70472,3.2,-104.106,40.3484,695.515,13.9225,318.454,156.252,19.5408,826.505,0.126889,0.00320013,18.6968,20.5278,17.706,14.0873,13.3118,11.3301,10.1454,7.92677,7.12979,5.902,4.71729,4.00647,4.13571,13.8718,2.06785,0.387723,0.0215401,0.0861606,0.0215401,0.0215401,0.0215401,0.0430803,0.0215401,0,0,0,0.0646204,0,0,0,0,0,0,0,0,0
70482,70499,70490,3.1,-104.104,40.3484,703.651,14.7273,318.288,171.997,21.582,955.149,0.13277,0.00341679,20.909,21.3883,18.9916,16.1383,15.3165,11.9839,10.9567,8.69686,8.14903,7.07619,5.15877,4.88485,3.67505,15.773,2.23699,0.479355,0.0456528,0.0228264,0.0228264,0,0,0,0,0,0,0.0228264,0.0228264,0,0,0,0.0456528,0,0,0,0,0
70500,70516,70508,3,-104.102,40.3485,712.544,15.5471,318.052,193.048,25.2008,1230.32,0.146462,0.00445426,22.6619,22.7584,20.2243,16.7008,16.0974,14.8424,12.7428,10.8603,8.49518,7.74703,6.97474,5.5267,5.28536,18.1729,3.16156,0.530949,0.0482681,0,0.0482681,0.024134,0,0.0482681,0,0,0.024134,0,0.024134,0,0,0,0,0,0,0.0482681,0,0
70517,70533,70525,2.9,-104.101,40.3485,720.163,16.3137,317.927,213.787,28.2155,1273.58,0.135413,0.00490804,23.0196,24.2234,22.2594,20.1052,17.8244,14.213,13.8329,12.2701,10.9607,8.93331,7.34939,6.63135,4.94183,22.9985,3.16784,0.739163,0.105595,0.0422379,0.0211189,0,0,0,0.0422379,0.0211189,0.0211189,0,0,0.0211189,0,0.0211189,0,0,0.0211189,0,0,0
70534,70549,70542,2.8,-104.099,40.3486,728.561,17.0653,317.699,267.769,37.3748,1975.83,0.158596,0.00704858,25.8009,28.2861,26.9305,23.3609,22.1409,19.4975,17.3964,15.4308,13.8493,11.6127,10.3023,7.99782,7.09411,31.9461,4.54114,1.08445,0.112964,0,0.0677782,0.0903709,0,0.0451854,0.0225927,0,0,0,0.0225927,0,0.0451854,0.0225927,0.0225927,0.0225927,0,0,0,0.0225927
70550,70564,70557,2.7,-104.097,40.3486,737.371,17.9787,317.607,276.096,38.1654,2055.26,0.161554,0.00714769,27.9998,30.2167,26.6918,24.497,22.9895,19.908,17.7797,16.1614,13.9888,12.6586,9.97617,8.88987,7.40453,30.5492,5.16544,0.820263,0.088677,0.0443385,0.0443385,0,0,0.0443385,0.0221693,0,0,0,0.0221693,0,0.0221693,0.0221693,0,0,0.0221693,0.0221693,0.0221693,0.0221693
70565,70578,70572,2.6,-104.096,40.3484,746.318,18.88,317.494,337.095,48.2735,2303.9,0.143178,0.00917231,30.5707,31.0559,31.7199,27.3527,26.9952,24.3646,22.5768,19.3844,16.9837,16.2941,13.7402,12.1568,9.6539,45.7155,6.79348,1.09819,0.0510788,0.127697,0.102158,0.0510788,0.0255394,0.0766182,0.0255394,0.0255394,0,0,0.102158,0,0,0.0255394,0,0.0255394,0,0,0,0
70579,70593,70586,2.5,-104.095,40.3483,754.723,19.3629,317.003,496.708,75.5502,3635.51,0.144361,0.015484,38.8793,44.5072,40.3566,37.0034,37.8475,32.8528,32.6183,29.1947,27.7877,25.2317,21.0342,18.9238,17.6106,77.0083,12.8269,2.04011,0.328293,0.140697,0.0937981,0.0234495,0.0703486,0.0468991,0.0703486,0.0234495,0.0234495,0.0234495,0.0468991,0,0.0234495,0.0234495,0,0,0,0.0234495,0.0234495,0
70594,70608,70601,2.4,-104.093,40.3484,763.712,20.3621,317.012,463.839,69.3219,3447.8,0.149208,0.0137424,39.6593,40.3803,39.101,35.9841,37.3332,31.2389,30.5644,26.7962,24.0979,23.0047,19.1202,17.9572,14.5844,71.2239,10.6068,1.39563,0.139563,0.162824,0.0697817,0.0465211,0.0232606,0.0232606,0.0930423,0.0465211,0.0232606,0,0.0465211,0.0232606,0,0.0232606,0,0,0,0.0232606,0.0232606,0.0232606
70609,70623,70616,2.3,-104.092,40.3485,772.585,21.3773,317.06,459.369,67.0342,3231.73,0.144631,0.0128087,38.1632,42.487,39.0734,37.6398,35.842,32.2919,31.3361,26.4662,24.6456,21.0956,20.4129,17.5,14.4278,66.063,9.62613,1.70676,0.0910272,0.113784,0.182054,0.0227568,0,0.0455136,0,0,0,0,0.0227568,0,0,0.0227568,0.0227568,0,0.0227568,0.0227568,0,0.0227568
70624,70639,70632,2.2,-104.091,40.3486,781.577,22.5513,317.273,374.062,52.1773,2551.89,0.146724,0.00971333,34.7461,37.915,35.9735,31.1978,31.5103,26.3106,24.3468,22.2045,19.3034,17.4735,15.1749,13.2334,10.9349,45.2793,6.47165,1.40591,0.0446321,0.0669481,0.0669481,0.0669481,0.022316,0.022316,0.0892642,0.022316,0,0,0.0669481,0.0446321,0,0,0,0.022316,0.022316,0.022316,0,0
70640,70646,70643,2.1,-104.09,40.3488,788.027,23.0829,317.099,405.423,56.3434,2567.42,0.136702,0.0101317,37.1401,40.873,36.2423,35.2028,32.2259,28.304,26.1304,24.3348,21.4997,19.1843,17.3888,14.8371,12.9943,50.4179,6.75704,1.32306,0.0945041,0.0945041,0.047252,0.047252,0,0.0945041,0.047252,0,0,0,0,0.0945041,0,0,0,0,0.047252,0,0,0
70658,70671,70664,2,-104.088,40.3487,800.41,24.2171,316.897,478.069,68.0641,3269.83,0.144122,0.0127226,38.9736,46.0965,44.3813,39.593,38.8783,33.3515,34.0185,29.3016,25.0612,22.2264,20.3206,16.2231,14.0791,64.5827,8.6952,1.59611,0.0714674,0.142935,0.142935,0.0238225,0.0238225,0.0714674,0.0952899,0,0,0,0,0.0238225,0.0238225,0,0,0,0,0,0.0714674,0
70675,70689,70682,1.9,-104.087,40.349,809.965,25.4227,317.107,449.795,65.8879,3837.35,0.174722,0.0132312,38.2582,44.6595,40.4717,38.2881,36.3139,33.861,30.0921,27.1606,22.8831,20.6397,16.9305,16.3921,13.2513,59.7354,8.43535,1.55545,0.149563,0.149563,0.0897377,0.0598252,0.0299126,0.0299126,0,0.0299126,0,0.0299126,0,0.0598252,0,0,0.0598252,0.0299126,0.0299126,0.0299126,0.0598252,0.0299126
