data/B2SAP/Locations/Boulder/NOAA-POPS-B2SAP_GMLBalloon_20190408_R0.ict
61,1001
Thornberry, T. D.
NOAA Chemical Sciences Laboratory
Portable Optical Particle Spectrometer (POPS)
Balloon Baseline Stratospheric Aerosol Profiles (B2SAP)
1,1
2019,04,08,2024,05,30
0
TIME_START,s,Seconds since midnight UTC on flight start day,Start time of 100 m altitude bin in UTC_seconds_since_midnight
28
1.0,1.0,1.0,1.0,1.0,1.0,1.0,1.0,1.0,1.0,1.0,1.0,1.0,1.0,1.0,1.0,1.0,1.0,1.0,1.0,1.0,1.0,1.0,1.0,1.0,1.0,1.0,1.0
99999,99999,99999,99999,99999,99999,99999,99999,99999,99999,99999,99999,99999,99999,99999,99999,99999,99999,99999,99999,99999,99999,99999,99999,99999,99999,99999,99999
TIME_STOP,s,End time of 100 m altitude bin in UTC seconds since midnight,
TIME_MID,s,Mid time of 100 m altitude in UTC seconds since midnight,
GPSAlt,m,GPS reported altitude above sea level (m),
GPS_Lon,deg,GPS reported longitude,
GPS_Lat,deg,GPS reported latitude,
iMet_Pressure,mb,Pressure reported (mB),
iMet_Temperature,degrees C,Ambient temperature (oC),
THETA,K,Potential temperature from iMet,
Aerosol_concentration,cm^-3,Aerosol concentration,
Surface_Area_Conc,um^2 cm^-3,Surface area concentration,
Volume_density,um^3 cm^-3,Volume density,
Effective_radius,um,Effective radius,
Extinction,km^-1,Extinction,
Bin01,cm^-3,particle concentration in size range [140 - 170 nm],
Bin02,cm^-3,particle concentration in size range [170 - 205 nm],
Bin03,cm^-3,particle concentration in size range [205 - 249 nm],
Bin04,cm^-3,particle concentration in size range [249 - 302 nm],
Bin05,cm^-3,particle concentration in size range [302 - 366 nm],
Bin06,cm^-3,particle concentration in size range [366 - 443 nm],
Bin07,cm^-3,particle concentration in size range [443 - 537 nm],
Bin08,cm^-3,particle concentration in size range [537 - 651 nm],
Bin09,cm^-3,particle concentration in size range [651 - 789 nm],
Bin10,cm^-3,particle concentration in size range [789 - 956 nm],
Bin11,cm^-3,particle concentration in size range [956 - 1159 nm],
Bin12,cm^-3,particle concentration in size range [1159 - 1404 nm],
Bin13,cm^-3,particle concentration in size range [1404 - 1702 nm],
Bin14,cm^-3,particle concentration in size range [1702 - 2062 nm],
Bin15,cm^-3,particle concentration in size range [2062 - 2500 nm],
0
19
PI_CONTACT_INFO: 325 Broadway R/CSL6, Boulder, CO 80305; troy.thornberry@noaa.gov; 303-497-3373 
PLATFORM: GML ECC/FPH balloon
LOCATION: Boulder, CO, USA
ASSOCIATED_DATA: N/A
INSTRUMENT_INFO: Printed Optical Particle Spectrometer counts particles from 140 - 2500 nm in diameter 
DATA_INFO: Particle concentrations reported in number per cubic centimeter, binned to 100 m altitude
UNCERTAINTY: Counting uncertainty dominated by air flow, less than 5 percent
ULOD_FLAG: -77777
ULOD_VALUE: 3000 ~3000 per cm3 (varies depending on flow rate- manufacturer quotes 1250  per cm3 at 1.667 cc/s)
LLOD_FLAG: -88888
LLOD_VALUE: 0 0 (varies depending on data field and measurement precision)
DM_CONTACT_INFO: Troy Thornberry, 325 Broadway R/CSL6, Boulder, CO 80305; troy.thornberry@noaa.gov; 303-497-3373
PROJECT_INFO: B2SAP Boulder, CO, USA
STIPULATIONS_ON_USE: Please contact the PIs for questions regarding applications and uncertainties
OTHER_COMMENTS: POPS bin Edges (nm):  140, 170, 205, 249, 302, 366, 443, 537, 651, 789, 956, 1159, 1404, 1702, 2062, 2500
Calculations assume sulfate refractive index of 1.45+0.00j and extinction wavelength = 532 nm
REVISION: R0
R0: QA/QC data
TIME_START,TIME_STOP,TIME_MID,GPSAlt,GPS_Lon,GPS_Lat,iMet_Pressure,iMet_Temperature,THETA,Aerosol_concentration,Surface_Area_Conc,Volume_density,Effective_radius,Extinction,Bin01,Bin02,Bin03,Bin04,Bin05,Bin06,Bin07,Bin08,Bin09,Bin10,Bin11,Bin12,Bin13,Bin14,Bin15
[from data line 392]
66791,66830,66810,12.9,-104.295,39.7469,172.03,-63.5429,346.588,7.97464,1.87788,139.91,0.223513,0.000848267,2.82726,1.73693,1.02694,0.849445,0.405705,0.44374,0.418384,0.164818,0.0253566,0.0507132,0.0126783,0.0126783,0,0,0
66831,66868,66850,12.8,-104.283,39.7377,175.095,-63.9017,344.247,9.33309,1.91742,118.528,0.18545,0.000785528,3.2419,2.2211,1.35734,0.863759,0.560883,0.415053,0.437488,0.168265,0.033653,0.033653,0,0,0,0,0
66869,66907,66888,12.7,-104.272,39.7289,177.976,-66.2458,338.805,10.3016,2.05235,123.166,0.180037,0.000819244,3.82726,2.4265,1.35664,0.948542,0.50736,0.474271,0.551478,0.154414,0.0330887,0.0220591,0,0,0,0,0
66908,66947,66928,12.6,-104.258,39.7188,181.19,-65.0894,338.966,14.456,3.27243,204.102,0.187111,0.0013617,4.65127,3.03707,1.86529,1.59028,1.14787,0.896774,0.884817,0.346752,0.023914,0,0.011957,0,0,0,0
66948,66990,66969,12.5,-104.243,39.7075,184.362,-65.7851,336.164,21.4327,5.57591,372.482,0.200406,0.00262796,5.72963,4.47786,3.30751,1.89291,1.91327,1.62831,1.66902,0.692033,0.0610618,0.0508848,0.010177,0,0,0,0
66991,67027,67009,12.4,-104.229,39.6968,187.331,-65.5533,334.996,23.1039,6.38696,432.053,0.202939,0.00306089,5.92374,4.25564,3.17859,2.58753,2.02274,2.36424,1.89139,0.709273,0.118212,0.0394041,0,0.0131347,0,0,0
67028,67061,67044,12.3,-104.216,39.6877,190.285,-65.3679,333.803,19.0491,5.05659,349.817,0.207541,0.00234528,5.2311,3.619,2.61555,2.1714,1.76015,1.4805,1.5134,0.54285,0.0329,0.04935,0.01645,0.01645,0,0,0
67062,67098,67080,12.2,-104.204,39.6781,193.521,-65.1859,332.495,18.6468,4.98641,369.026,0.222019,0.00232056,5.3214,3.45527,2.71173,2.15772,1.60371,1.53081,1.16633,0.466534,0.102054,0.0728959,0.0291584,0.0145792,0.0145792,0,0
67099,67133,67116,12.1,-104.191,39.6681,196.668,-63.8943,333.024,18.5814,4.45231,287.318,0.193597,0.00192164,5.1673,4.01901,2.71414,2.0356,1.67024,1.37012,1.08305,0.391462,0.0782924,0.0391462,0.0130487,0,0,0,0
67140,67183,67162,12,-104.177,39.6558,200.226,-63.4769,331.972,21.0565,4.98148,312.631,0.188276,0.00210373,5.96136,4.13693,3.32349,2.4287,1.85929,1.56878,1.17368,0.499685,0.0813441,0.0116206,0.0116206,0,0,0,0
67185,67227,67206,11.9,-104.16,39.6415,204.21,-62.2775,332.002,27.6362,6.7637,414.87,0.184013,0.00283498,6.62262,5.67254,4.21948,3.43706,3.04585,2.1796,1.90016,0.419153,0.111774,0.0279436,0,0,0,0,0
67228,67266,67247,11.8,-104.152,39.6347,206.62,-61.8327,331.594,29.229,7.28003,509.109,0.209797,0.00308468,7.58589,5.58456,4.49401,3.90679,2.66045,2.21704,2.24101,0.419441,0.0838882,0.011984,0,0.011984,0,0,0.011984
67267,67299,67283,11.7,-104.143,39.6263,209.673,-60.4175,332.419,30.3014,7.78102,507.41,0.195634,0.00332469,6.37807,6.59877,4.67873,4.21527,3.02352,2.3835,2.3835,0.507598,0.0441389,0.0441389,0.0441389,0,0,0,0
67300,67335,67318,11.6,-104.132,39.6158,213.879,-60.12,330.991,29.1617,6.86443,440.551,0.192537,0.00273188,7.21203,5.80098,5.4247,3.63737,2.85345,2.22632,1.37969,0.438993,0.0940699,0.0627133,0,0,0.0313566,0,0
67336,67375,67356,11.5,-104.123,39.6081,216.872,-59.554,330.559,27.3079,7.02287,465.586,0.198887,0.0031061,6.52334,5.5342,4.34472,3.30549,2.71702,2.15358,1.99081,0.563436,0.0751248,0.0751248,0.0125208,0,0.0125208,0,0
67377,67417,67397,11.4,-104.112,39.5983,220.395,-58.0107,331.422,25.4917,6.51068,436.298,0.201038,0.00282955,6.43833,4.88325,4.02578,3.13923,2.52883,2.04922,1.78762,0.450538,0.101734,0.0436005,0.0145335,0.029067,0,0,0
67422,67467,67444,11.3,-104.099,39.5869,224.321,-57.3518,330.764,25.056,6.30373,423.241,0.201424,0.00276319,6.18695,4.85139,4.21215,3.21904,2.32867,1.86065,1.63235,0.627828,0.11415,0.011415,0,0,0,0.011415,0
67468,67514,67491,11.2,-104.086,39.5763,227.842,-56.6306,330.389,24.2513,5.90545,366.108,0.185985,0.00249609,6.09077,4.62396,4.02326,3.07332,2.44469,1.91384,1.46681,0.488938,0.0838179,0.041909,0,0,0,0,0
67515,67564,67540,11.1,-104.074,39.5661,231.328,-55.7073,330.366,24.3765,5.95763,437.457,0.220284,0.00250998,6.49711,5.10136,3.84322,2.84064,2.54577,1.62182,1.28763,0.481632,0.0491461,0.0688045,0,0.0196584,0.00982922,0,0.00982922
67566,67605,67586,11,-104.063,39.5559,234.81,-55.1009,329.878,24.2095,5.96607,369.247,0.185674,0.00255923,5.85022,4.75093,4.19497,3.04514,2.11012,1.94586,1.70579,0.492783,0.101084,0.0126355,0,0,0,0,0
67621,67662,67642,10.9,-104.05,39.5449,238.808,-54.23,329.601,25.8239,6.59194,435.508,0.1982,0.00288685,6.58283,4.84699,4.20607,2.96428,2.67052,2.01624,1.7759,0.61422,0.0934682,0.0133526,0.0400578,0,0,0,0
67663,67711,67687,10.8,-104.04,39.5355,242.368,-53.77,328.895,26.4444,6.69753,472.725,0.211746,0.00288094,6.83425,5.48872,3.85009,3.27724,2.30473,2.35802,1.65194,0.519563,0.0932549,0.0133221,0.0133221,0.0266443,0,0.0133221,0
67712,67757,67734,10.7,-104.028,39.5253,246.454,-53.0447,328.414,25.4041,6.30166,410.517,0.195432,0.00265099,6.35455,5.19918,3.69156,3.42385,2.55028,1.80351,1.8176,0.436788,0.0704496,0.0140899,0.0281798,0.0140899,0,0,0
67758,67801,67780,10.6,-104.019,39.5166,250.222,-52.1976,328.255,26.7359,6.6748,446.153,0.200524,0.00284596,6.8397,5.14535,4.36047,3.41362,2.72841,1.7691,1.68189,0.660299,0.0622924,0.024917,0.0124585,0.024917,0.0124585,0,0
67802,67845,67824,10.5,-104.01,39.5077,254.102,-51.2633,328.193,27.064,7.0076,501.019,0.21449,0.00310237,6.54856,5.47419,4.59167,3.10801,2.68593,2.14875,1.67551,0.588347,0.166272,0.0255803,0.0255803,0,0.0127902,0.0127902,0
67847,67891,67869,10.4,-104.001,39.4988,258.101,-50.4623,327.909,25.9838,6.54056,416.636,0.191101,0.00279243,6.17659,4.82897,4.46399,3.34097,2.61101,2.14777,1.79683,0.505358,0.0421131,0.0561508,0,0.0140377,0,0,0
67892,67940,67916,10.3,-103.993,39.4899,261.993,-49.6754,327.669,28.1661,7.12756,448.444,0.188751,0.00299857,6.30393,5.07861,5.03025,3.54697,3.3535,2.45063,1.67675,0.596535,0.0806129,0.0322452,0.0161226,0,0,0,0
67942,67987,67964,10.2,-103.985,39.4806,266.138,-49.3243,326.717,28.912,7.47479,478.126,0.191895,0.00328587,6.56783,5.47319,4.87509,3.63375,3.03565,2.33598,2.27956,0.552962,0.101564,0.0451397,0.0112849,0,0,0,0
67989,68034,68012,10.1,-103.977,39.4719,270.314,-48.4427,326.541,30.4582,8.32825,547.467,0.197209,0.00371294,6.66865,5.33998,4.71994,3.87212,3.53046,2.97369,2.51814,0.733931,0.050616,0.012654,0.025308,0.012654,0,0,0
68035,68083,68059,10,-103.97,39.4642,274.486,-47.387,326.643,31.8886,8.82027,639.893,0.217644,0.00396762,6.93945,5.68475,4.93193,4.47831,3.26222,3.12709,2.61556,0.723865,0.0675607,0.0193031,0.00965153,0.00965153,0,0.00965153,0.00965153
68084,68131,68108,9.9,-103.963,39.4569,278.598,-46.7136,326.231,31.2141,8.65331,584.135,0.202513,0.00393363,6.64856,5.55123,5.04406,4.12192,3.33811,3.0707,2.48053,0.765369,0.101434,0.0461065,0.0276639,0.0184426,0,0,0
68132,68168,68150,9.8,-103.956,39.4506,282.58,-45.653,326.437,31.9896,8.79884,648.294,0.221039,0.00401265,7.29632,6.09267,4.76494,4.08246,3.48685,2.94086,2.22116,0.905835,0.111678,0.0372261,0.0248174,0,0.0124087,0,0.0124087
68169,68201,68185,9.7,-103.95,39.4458,287.149,-45.3254,325.407,32.5212,9.09617,691.549,0.228079,0.00417596,7.15091,5.9705,5.20066,4.31108,3.38727,2.92537,2.54901,0.821157,0.102645,0.0513223,0.0171074,0,0.0171074,0,0.0171074
68202,68261,68232,9.6,-103.941,39.4396,291.365,-44.0329,325.891,33.031,9.04991,596.45,0.19772,0.00398779,6.85163,5.829,5.23115,4.48385,3.73654,3.53201,2.44645,0.78664,0.0707976,0.0157328,0.0314656,0.0157328,0,0,0
68265,68309,68287,9.5,-103.931,39.4331,295.395,-43.0543,326.004,38.6275,10.6963,777.014,0.217929,0.00475855,8.40406,6.27867,6.31767,5.30372,4.30927,4.15328,2.76885,0.95545,0.0779959,0.019499,0.019499,0,0,0,0.019499
68310,68351,68330,9.4,-103.921,39.4276,300.332,-42.3041,325.526,46.5416,13.3401,891.616,0.200511,0.00619,9.15268,7.88117,7.14676,6.68639,5.45872,4.65855,4.00087,1.27151,0.197303,0.0438452,0.0328839,0.0109613,0,0,0
68352,68389,68370,9.3,-103.913,39.4231,304.765,-41.9181,324.703,49.2244,13.7904,895.336,0.194774,0.00630462,10.1479,7.92762,7.71866,6.97422,5.94245,4.93681,3.87892,1.54112,0.078362,0.0653017,0.0130603,0,0,0,0
68392,68424,68408,9.2,-103.906,39.4192,309.235,-40.6824,325.08,48.9928,13.8367,911.271,0.197576,0.00625198,9.51879,7.94304,8.08776,7.0587,5.94924,4.63076,4.3735,1.27024,0.0803952,0.0321581,0,0.0482371,0,0,0
68430,68458,68444,9.1,-103.898,39.4157,313.959,-39.9921,324.639,39.0494,11.8457,808.805,0.204835,0.00581776,7.4062,6.13847,6.10511,5.35448,4.50377,4.38701,3.28608,1.6347,0.133445,0.0834032,0.0166806,0,0,0,0
68459,68494,68476,9,-103.891,39.4125,318.563,-38.9342,324.763,41.2605,12.5035,876.875,0.21039,0.00606055,7.63289,7.09644,6.54467,5.28785,4.64411,4.61345,3.95439,1.10355,0.229906,0.0919625,0.0459813,0,0.0153271,0,0
68497,68531,68514,8.9,-103.884,39.4095,323.144,-38.3874,324.194,39.8185,12.3369,901.41,0.219198,0.00600476,7.40501,6.5773,6.07477,5.2914,4.41936,4.78887,3.63599,1.38936,0.0739023,0.0886827,0.0295609,0.0147805,0.0147805,0.0147805,0
68532,68563,68548,8.8,-103.878,39.4067,327.849,-36.9373,324.846,39.0349,12.1821,870.141,0.214284,0.00604967,7.39817,6.1626,6.01006,5.30838,4.40839,4.0423,4.10332,1.26608,0.167794,0.0915238,0.0762698,0,0,0,0
68565,68599,68582,8.7,-103.871,39.4038,332.81,-36.3104,324.317,38.2982,12.2089,957.681,0.235323,0.00614065,7.71796,5.89995,5.72844,4.83659,4.51072,4.3049,3.55026,1.37208,0.17151,0.120057,0.0686041,0,0,0,0.017151
68600,68635,68618,8.6,-103.863,39.4008,337.901,-35.0357,324.654,37.6047,11.7023,892.445,0.228787,0.00561737,7.22969,6.11611,5.65355,4.79695,5.0368,3.85469,3.51205,1.11358,0.0856599,0.0685279,0.0856599,0.017132,0.017132,0.017132,0
68636,68669,68652,8.5,-103.857,39.3981,342.433,-33.9796,324.858,34.0849,9.76439,676.809,0.207942,0.00451186,6.95409,6.03994,5.15844,4.75033,3.83618,3.3791,2.87305,0.832532,0.146917,0.0489725,0.0326483,0.0163242,0.0163242,0,0
68671,68703,68687,8.4,-103.85,39.3955,347.311,-32.9044,324.994,33.6959,9.94142,678.508,0.204752,0.00469521,6.42342,5.4718,5.12576,5.21227,3.71996,3.4388,3.07113,1.03813,0.108138,0.0432554,0.0216277,0.0216277,0,0,0
68704,68732,68718,8.3,-103.845,39.3934,351.4,-32.7071,324.175,36.9533,11.4488,930.973,0.243948,0.00546314,7.58016,6.27035,6.10314,4.29171,4.43105,3.42779,3.56713,0.891783,0.195078,0,0.0836047,0.0278682,0.0557364,0.0278682,0
68739,68771,68755,8.2,-103.836,39.3907,358.046,-31.9536,323.458,37.1103,10.6519,708.913,0.199657,0.00484704,7.23271,6.08417,5.69615,5.32365,4.29927,4.19063,3.2749,0.807084,0.139688,0.0155208,0.0310417,0.0155208,0,0,0
68772,68802,68787,8.1,-103.83,39.3888,362.684,-31.4438,322.956,38.1558,10.8702,724.257,0.199883,0.00499563,7.99688,6.21709,5.90014,4.97367,4.72986,3.55959,3.60835,1.04837,0.0731422,0,0.0243807,0.0243807,0,0,0
68803,68833,68818,8,-103.824,39.3872,367.759,-30.0094,323.581,36.5516,10.5975,709.691,0.200903,0.00508009,7.10428,6.37454,6.13844,4.91505,3.62726,3.45556,3.49848,1.26632,0.128779,0.0214631,0.0214631,0,0,0,0
68834,68867,68850,7.9,-103.818,39.3856,372.974,-29.358,323.142,32.8926,9.26602,611.863,0.198099,0.00414263,6.31523,5.32311,5.53298,4.78889,3.77769,3.54874,2.70925,0.76317,0.0572378,0.0381585,0.0190793,0.0190793,0,0,0
68868,68895,68882,7.8,-103.811,39.3843,378.373,-28.5514,322.885,28.6307,8.52889,587.094,0.206508,0.0040924,5.24713,4.73521,4.82663,3.91249,3.2726,3.03492,2.39503,0.987264,0.146261,0.0365653,0.0365653,0,0,0,0
68896,68923,68910,7.7,-103.805,39.3831,383.827,-27.4673,322.995,21.0437,6.11303,431.653,0.211836,0.00288473,4.5692,3.45229,3.47767,2.51306,2.41152,2.05614,1.77691,0.659996,0.0253845,0.0507689,0.0507689,0,0,0,0
68933,68959,68946,7.6,-103.799,39.3817,389.677,-26.9894,322.231,17.6344,5.29541,463.568,0.262624,0.00250574,3.54935,3.145,3.05514,2.1341,1.86453,1.93193,1.34786,0.449285,0.112321,0,0.0224643,0,0,0,0.0224643
68960,68990,68975,7.5,-103.793,39.3807,394.7,-25.925,322.435,15.252,4.44592,316.651,0.213668,0.00212906,3.14368,2.57367,2.45276,2.34912,1.62366,1.10547,1.33002,0.535461,0.0863648,0.017273,0,0.0345459,0,0,0
68991,69019,69005,7.4,-103.787,39.3799,399.774,-25.4676,321.854,14.9519,4.58607,347.169,0.227102,0.00220258,3.00122,2.63963,2.02492,2.18764,1.82604,1.31981,1.35597,0.415832,0.0903983,0.0180797,0.054239,0.0180797,0,0,0
69020,69053,69036,7.3,-103.781,39.379,405.731,-24.3615,321.931,15.5513,4.41481,298.479,0.202826,0.00201548,3.36245,2.56532,2.3769,1.92761,2.00008,1.42034,1.40585,0.449292,0.0144933,0,0.0144933,0.0144933,0,0,0
69059,69080,69070,7.2,-103.775,39.3783,410.908,-23.5794,321.778,15.616,4.35039,279.953,0.193054,0.00203313,3.57635,2.57675,2.42125,1.82149,1.75485,1.42165,1.53272,0.488694,0.0222133,0,0,0,0,0,0
69087,69116,69102,7.1,-103.769,39.3775,417.03,-22.4919,321.82,15.6573,4.75462,368.065,0.232236,0.00232112,3.4285,2.52626,2.35969,2.04044,1.70731,1.4297,1.65179,0.374775,0.0694028,0.0277611,0.0277611,0,0,0.0138806,0
69117,69148,69132,7,-103.763,39.3769,422.388,-21.5986,321.781,20.1711,6.49002,588.02,0.271811,0.00303193,3.62911,3.54471,3.08896,3.10584,2.36314,1.97491,1.83987,0.38823,0.0675183,0.0168796,0.0843979,0.0168796,0.0337592,0,0.0168796
69149,69178,69164,6.9,-103.757,39.3764,428.218,-20.8176,321.521,25.791,8.07196,624.448,0.23208,0.0039224,4.75051,4.25418,4.09465,3.74014,2.78295,2.65887,2.42843,0.904014,0.0531773,0.0354515,0.0354515,0.0354515,0,0.0177258,0
69179,69210,69194,6.8,-103.752,39.3759,434.121,-19.8697,321.471,22.3377,6.52585,484.404,0.222685,0.00307591,4.83445,3.79319,3.33453,3.16099,2.35525,2.04535,2.09493,0.582614,0.0371881,0.0495842,0.012396,0.012396,0.012396,0.012396,0
69211,69240,69226,6.7,-103.746,39.3755,439.515,-19.498,320.811,14.6269,4.29023,293.226,0.205043,0.00199803,2.82143,2.71005,2.11607,1.87476,1.48496,1.72627,1.52209,0.315554,0.018562,0.018562,0,0,0.018562,0,0
69245,69276,69260,6.6,-103.74,39.3756,445.996,-18.7756,320.385,16.4495,5.60963,584.469,0.31257,0.00282863,3.39618,2.95721,2.33343,1.98688,1.77895,1.80205,1.61723,0.369652,0.0462065,0.0693097,0,0.0231032,0.0231032,0.0231032,0.0231032
69277,69310,69294,6.5,-103.734,39.3757,452.087,-18.2385,319.81,14.8188,4.29273,308.481,0.215584,0.00202401,3.20481,2.54741,2.38306,1.91741,1.6298,1.3011,1.31479,0.369786,0.0958703,0.0136958,0.0273915,0,0.0136958,0,0
69311,69337,69324,6.4,-103.728,39.3753,457.846,-17.6125,319.44,19.1687,5.1921,337.498,0.195007,0.00238711,4.24529,3.46668,2.91053,2.7993,1.81676,1.85384,1.39038,0.57469,0.0741535,0.0370768,0,0,0,0,0
69345,69374,69360,6.3,-103.721,39.3745,464.009,-16.8368,319.19,20.3188,5.84602,464.359,0.238295,0.00268123,4.51744,3.78069,3.14088,2.65617,2.01637,2.01637,1.6286,0.387763,0.0581644,0.0387763,0.0387763,0,0.0193881,0.0193881,0
69378,69416,69397,6.2,-103.712,39.3731,471.098,-15.8918,318.985,22.382,6.73232,607.759,0.270824,0.00321652,4.98125,4.17348,3.50034,2.92817,2.20454,2.17088,1.63237,0.521685,0.100971,0.0673142,0.0673142,0,0,0.0168285,0.0168285
69417,69460,69438,6.1,-103.703,39.3714,477.161,-15.1952,318.685,26.5,7.20587,502.129,0.20905,0.00317124,6.19234,4.90624,3.63601,3.81067,2.7151,2.61984,1.88946,0.555723,0.0635112,0.0317556,0.0476334,0.0317556,0,0,0
69464,69502,69483,6,-103.695,39.3696,483.325,-14.5376,318.319,27.9611,9.12473,909.706,0.29909,0.00441132,6.03008,5.02924,4.30363,3.6781,3.05257,2.71479,2.05173,0.675569,0.100084,0.0750632,0.125105,0.0375316,0.0250211,0.0500422,0.0125105
69505,69538,69522,5.9,-103.686,39.3678,489.966,-13.628,318.196,27.7021,8.92225,821.897,0.276353,0.00430403,5.87707,4.97737,4.32437,3.45369,2.87324,2.8297,2.20572,0.754587,0.159624,0.0290226,0.0580452,0.0870678,0.0435339,0.0145113,0.0145113
69539,69567,69553,5.8,-103.679,39.3666,496.458,-12.8344,317.973,29.756,9.61868,1001.8,0.312456,0.00455712,6.77784,5.26041,4.66789,4.10428,3.04931,2.73137,2.1244,0.520261,0.158969,0.0867101,0.0578067,0.0433551,0.115613,0.0289034,0.0289034
69568,69591,69580,5.7,-103.673,39.3655,502.449,-12.0393,317.855,29.6823,8.72283,688.753,0.23688,0.00396389,5.69215,5.25029,4.73046,4.6005,3.48287,2.7811,2.36523,0.441856,0.155949,0.0519831,0.0779746,0.0259915,0,0.0259915,0
