data/B2SAP/Locations/Boulder/NOAA-POPS-B2SAP_GMLBalloon_20230531_R0.ict
61,1001
Thornberry, T. D.
NOAA Chemical Sciences Laboratory
Portable Optical Particle Spectrometer (POPS)
Balloon Baseline Stratospheric Aerosol Profiles (B2SAP)
1,1
2023,05,31,2024,05,30
0
TIME_START,s,Seconds since midnight UTC on flight start day,Start time of 100 m altitude bin in UTC_seconds_since_midnight
28
1.0,1.0,1.0,1.0,1.0,1.0,1.0,1.0,1.0,1.0,1.0,1.0,1.0,1.0,1.0,1.0,1.0,1.0,1.0,1.0,1.0,1.0,1.0,1.0,1.0,1.0,1.0,1.0
99999,99999,99999,99999,99999,99999,99999,99999,99999,99999,99999,99999,99999,99999,99999,99999,99999,99999,99999,99999,99999,99999,99999,99999,99999,99999,99999,99999
TIME_STOP,s,End time of 100 m altitude bin in UTC seconds since midnight,
TIME_MID,s,Mid time of 100 m altitude in UTC seconds since midnight,
GPSAlt,m,GPS reported altitude above sea level (m),
GPS_Lon,deg,GPS reported longitude,
GPS_Lat,deg,GPS reported latitude,
iMet_Pressure,mb,Pressure reported (mB),
iMet_Temperature,degrees C,Ambient temperature (oC),
THETA,K,Potential temperature from iMet,
Aerosol_concentration,cm^-3,Aerosol concentration,
Surface_Area_Conc,um^2 cm^-3,Surface area concentration,
Volume_density,um^3 cm^-3,Volume density,
Effective_radius,um,Effective radius,
Extinction,km^-1,Extinction,
Bin01,cm^-3,particle concentration in size range [140 - 170 nm],
Bin02,cm^-3,particle concentration in size range [170 - 205 nm],
Bin03,cm^-3,particle concentration in size range [205 - 249 nm],
Bin04,cm^-3,particle concentration in size range [249 - 302 nm],
Bin05,cm^-3,particle concentration in size range [302 - 366 nm],
Bin06,cm^-3,particle concentration in size range [366 - 443 nm],
Bin07,cm^-3,particle concentration in size range [443 - 537 nm],
Bin08,cm^-3,particle concentration in size range [537 - 651 nm],
Bin09,cm^-3,particle concentration in size range [651 - 789 nm],
Bin10,cm^-3,particle concentration in size range [789 - 956 nm],
Bin11,cm^-3,particle concentration in size range [956 - 1159 nm],
Bin12,cm^-3,particle concentration in size range [1159 - 1404 nm],
Bin13,cm^-3,particle concentration in size range [1404 - 1702 nm],
Bin14,cm^-3,particle concentration in size range [1702 - 2062 nm],
Bin15,cm^-3,particle concentration in size range [2062 - 2500 nm],
0
19
PI_CONTACT_INFO: 325 Broadway R/CSL6, Boulder, CO 80305; troy.thornberry@noaa.gov; 303-497-3373 
PLATFORM: GML ECC/FPH balloon
LOCATION: Boulder, CO, USA
ASSOCIATED_DATA: N/A
INSTRUMENT_INFO: Printed Optical Particle Spectrometer counts particles from 140 - 2500 nm in diameter 
DATA_INFO: Particle concentrations reported in number per cubic centimeter, binned to 100 m altitude
UNCERTAINTY: Counting uncertainty dominated by air flow, less than 5 percent
ULOD_FLAG: -77777
ULOD_VALUE: 3000 ~3000 per cm3 (varies depending on flow rate- manufacturer quotes 1250  per cm3 at 1.667 cc/s)
LLOD_FLAG: -88888
LLOD_VALUE: 0 0 (varies depending on data field and measurement precision)
DM_CONTACT_INFO: Troy Thornberry, 325 Broadway R/CSL6, Boulder, CO 80305; troy.thornberry@noaa.gov; 303-497-3373
PROJECT_INFO: B2SAP Boulder, CO, USA
STIPULATIONS_ON_USE: Please contact the PIs for questions regarding applications and uncertainties
OTHER_COMMENTS: POPS bin Edges (nm):  140, 170, 205, 249, 302, 366, 443, 537, 651, 789, 956, 1159, 1404, 1702, 2062, 2500
Calculations assume sulfate refractive index of 1.45+0.00j and extinction wavelength = 532 nm
REVISION: R0
R0: QA/QC data
TIME_START,TIME_STOP,TIME_MID,GPSAlt,GPS_Lon,GPS_Lat,iMet_Pressure,iMet_Temperature,THETA,Aerosol_concentration,Surface_Area_Conc,Volume_density,Effective_radius,Extinction,Bin01,Bin02,Bin03,Bin04,Bin05,Bin06,Bin07,Bin08,Bin09,Bin10,Bin11,Bin12,Bin13,Bin14,Bin15
58003,58022,58012,1.8,-105.197,39.9494,818.625,18.0355,308.322,343.352,47.9078,3296.19,0.206408,0.0114812,174.598,84.14,42.9651,19.0781,13.8654,4.05431,2.24654,0.965311,0.438778,0.263267,0.193062,0.228164,0.140409,0.0526533,0.122858
58023,58042,58032,1.9,-105.197,39.9501,809.248,16.9225,308.156,349.338,47.1888,2849.21,0.181137,0.0105952,175.882,89.0121,41.0975,20.3097,14.1832,4.10798,2.81538,0.743686,0.38955,0.247895,0.0177068,0.247895,0.159361,0.0708272,0.0531204
58043,58066,58054,2,-105.198,39.9507,799.741,16.0092,308.224,366.058,48.1971,2809.03,0.174847,0.0101846,186.877,91.7521,43.3356,21.4227,14.2471,3.84776,2.88211,0.772524,0.222843,0.163419,0.11885,0.178275,0.11885,0.0594249,0.0594249
58067,58087,58077,2.1,-105.198,39.9512,790.437,15.1962,308.388,348.93,47.9962,3049.19,0.19059,0.0109334,174.752,88.1518,42.3891,20.4945,14.3209,4.26759,2.51332,0.826529,0.286755,0.202415,0.134943,0.202415,0.219283,0.134943,0.0337359
58088,58106,58097,2.2,-105.198,39.9517,781.278,14.8387,309.032,280.843,39.1557,2351.07,0.180132,0.00892444,135.407,72.035,35.9056,17.1917,12.5804,3.71592,2.28327,0.693936,0.246235,0.201465,0.156695,0.22385,0.156695,0,0.0447701
58107,58124,58116,2.3,-105.199,39.9521,771.743,14.7872,310.061,226.04,33.2752,2284.4,0.205955,0.00817357,104.664,56.7646,30.8482,16.2327,11.0614,2.77534,2.27618,0.559061,0.239597,0.139765,0.0798658,0.119799,0.159732,0.0399329,0.0798658
58125,58143,58134,2.4,-105.199,39.9524,762.977,15.5684,311.922,185.95,27.9279,1865.77,0.20042,0.00725435,82.3586,47.2017,26.4758,14.4123,9.58314,2.63067,1.84147,0.526133,0.469762,0.187905,0.0187905,0.112743,0.0375809,0.0187905,0.0751619
58144,58162,58153,2.5,-105.199,39.9529,754.067,15.2616,312.636,175.306,26.8032,1899.91,0.212651,0.00720157,78.0202,43.2256,26.0631,13.0503,9.33238,2.17818,2.04674,0.600877,0.319216,0.206552,0.0375548,0.0375548,0.0563323,0.0563323,0.0751097
58163,58179,58171,2.6,-105.2,39.9533,745.093,14.9347,313.352,151.882,23.0832,1491.54,0.193847,0.00591382,65.8667,37.0896,22.8698,12.1522,8.69221,2.48952,1.66671,0.464147,0.274269,0.105488,0.0210976,0.0843904,0.0210976,0.0421952,0.0421952
58180,58198,58189,2.7,-105.201,39.9536,736.271,14.4406,313.881,120.222,20.4833,1656.53,0.242617,0.00600961,49.8162,29.266,17.8115,11.1147,7.89622,1.73917,1.31937,0.45978,0.319847,0.0799617,0.0199904,0.179914,0.0599713,0.0999522,0.0399809
58198,58216,58207,2.8,-105.201,39.9541,727.593,13.6095,314.035,129.463,20.0799,1298.91,0.194061,0.0051401,54.355,30.7216,20.4874,11.6935,8.07365,1.76256,1.44037,0.397997,0.189522,0.132666,0.0189522,0.0758089,0.0568567,0.0189522,0.0379045
58217,58234,58226,2.9,-105.201,39.9548,718.917,12.6339,314.043,155.647,23.987,1419.63,0.17755,0.00633515,67.3213,37.3584,22.8479,12.9271,9.35964,2.50526,2.04429,0.440925,0.481009,0.10021,0.0801682,0.0601262,0.0801682,0.0400841,0
58235,58253,58244,3,-105.202,39.9556,710.317,11.7158,314.112,177.223,27.6197,1785.43,0.19393,0.00711037,75.2656,43.1936,27.2622,14.6767,10.5703,2.96576,1.86311,0.684406,0.228135,0.114068,0.0570338,0.133079,0.133079,0.0570338,0.0190113
58254,58269,58262,3.1,-105.202,39.9563,701.847,10.7487,314.12,174.67,25.3566,1363.33,0.161299,0.00586325,74.269,43.3027,27.6143,14.3202,9.82804,2.78195,1.48219,0.592875,0.136817,0.15962,0.0912115,0.0456057,0,0.0456057,0
58270,58286,58278,3.2,-105.202,39.9571,693.564,9.80824,314.143,174.825,25.8791,1477.06,0.171226,0.00614577,75.6739,41.8,26.807,14.5634,10.1815,2.94275,1.8258,0.494039,0.236279,0.0859198,0.0214799,0.0644398,0.0859198,0.0214799,0.0214799
58287,58322,58304,3.3,-105.202,39.958,685.58,8.97,314.25,157.549,24.3978,1662.1,0.204375,0.00645444,68.7394,38.9433,23.833,12.6016,8.31743,2.16137,1.52454,0.617536,0.28947,0.135086,0.077192,0.154384,0.057894,0.077192,0.019298
58322,58510,58416,3.4,-105.203,39.9589,677.119,8.0925,314.386,140.111,21.7834,1393.72,0.191942,0.00564205,60.0575,33.1661,21.5131,12.2735,8.27428,2.27543,1.47098,0.344762,0.321778,0.137905,0.0229841,0.0689523,0.137905,0.0229841,0.0229841
58510,58512,58511,3.5,-105.203,39.9596,668.99,7.11778,314.379,145.516,22.6632,1417.29,0.187611,0.00603336,63.0303,34.3108,21.911,12.0903,8.89233,2.24887,1.8775,0.433269,0.22695,0.206319,0.144423,0.0825274,0.0206319,0.0206319,0.0206319
58512,58514,58513,3.6,-105.204,39.9606,660.645,6.11684,314.382,142.607,21.6392,1352.68,0.187531,0.00553404,61.2731,35.2667,21.0157,11.931,8.32441,2.08598,1.5986,0.584853,0.233941,0.0974756,0.0779805,0.0389902,0.0194951,0.0194951,0.0389902
58514,58516,58515,3.7,-105.204,39.9614,652.524,5.22158,314.484,132.485,20.6062,1429.07,0.208054,0.00535344,57.7346,32.0357,19.6556,11.1871,7.54931,2.17092,1.32993,0.17602,0.17602,0.156462,0.0782312,0.0782312,0.0586734,0.0782312,0.0195578
58516,58518,58517,3.8,-105.204,39.9624,644.454,4.285,314.543,129.769,20.5853,1399.76,0.203995,0.00555099,56.4871,31.5013,18.7808,10.3005,7.9839,2.1511,1.50991,0.39299,0.186153,0.124102,0.0827347,0.103418,0.0827347,0.0827347,0
58518,58520,58519,3.9,-105.205,39.9633,636.694,3.32579,314.54,138.893,22.4867,1613.11,0.215208,0.00613996,59.0936,33.4033,21.1567,11.4223,8.85128,2.17848,1.60932,0.471022,0.137381,0.157007,0.157007,0.0981295,0.0785036,0.0392518,0.0392518
58521,58522,58522,4,-105.205,39.9643,628.756,2.37056,314.579,133.795,21.1543,1575.89,0.223485,0.00569287,58.5665,32.574,19.9734,10.4762,7.51867,2.14522,1.43709,0.562338,0.124964,0.0833094,0.0833094,0.104137,0.0416547,0.0416547,0.062482
58523,58524,58524,4.1,-105.205,39.9652,621.034,1.45882,314.648,130.097,20.6211,1551.89,0.225773,0.00551195,56.4169,31.4731,19.6319,10.4468,7.94573,1.96983,1.26158,0.37626,0.199197,0.0663989,0.0442659,0.0663989,0.0663989,0.0885318,0.0442659
58525,58527,58526,4.2,-105.206,39.9661,613.502,0.596111,314.755,128.365,18.6468,988.495,0.159034,0.00423506,56.7651,30.6109,18.831,10.8174,7.32317,2.09234,1.08801,0.43939,0.146463,0.0418467,0.0627701,0.0836934,0.0627701,0,0
58527,58529,58528,4.3,-105.206,39.967,605.857,-0.342222,314.801,125.599,19.2587,1265.74,0.197169,0.00480175,54.307,31.1259,18.8188,10.0522,6.99647,2.25489,1.2855,0.295032,0.105369,0.0421474,0.0842949,0.105369,0.0421474,0.0842949,0
58529,58531,58530,4.4,-105.206,39.9679,598.511,-1.26833,314.828,124.144,19.2333,1235.76,0.192753,0.00495089,53.8149,30.2379,17.9101,10.3401,7.37973,2.00881,1.54361,0.422907,0.126872,0.0845814,0.105727,0.0211454,0.105727,0.0211454,0.0211454
58531,58532,58532,4.5,-105.205,39.9686,591.061,-2.13882,314.945,113.615,17.1755,1126.02,0.196678,0.00426017,49.7177,27.8687,16.3868,9.60911,6.42094,1.71671,1.20393,0.267539,0.13377,0.0891797,0.0445898,0.0668848,0.0445898,0,0.0445898
58533,58538,58536,4.6,-105.205,39.9691,583.603,-2.94647,315.148,126.077,20.0827,1474.94,0.22033,0.00557026,55.0197,31.3563,18.3549,9.6948,7.06304,2.1594,1.21466,0.517356,0.247431,0.134962,0.0224937,0.157456,0.0449875,0.0449875,0.0449875
58539,58555,58547,4.7,-105.204,39.9698,574.729,-4.04625,315.243,130.435,20.4034,1593.13,0.234245,0.0055329,60.4784,30.6481,17.6576,10.9698,6.44718,2.06887,1.15472,0.288679,0.336793,0.0481132,0,0.14434,0.0481132,0.0962265,0.0481132
58556,58572,58564,4.8,-105.204,39.9701,568.909,-4.81706,315.256,140.48,22.2136,1576.05,0.212849,0.00596494,63.1502,33.3645,20.3177,10.5779,8.26751,2.33302,1.13254,0.520967,0.226507,0.158555,0.0453014,0.135904,0.181206,0.0453014,0.0226507
58573,58591,58582,4.9,-105.203,39.9705,561.923,-5.72947,315.294,142.736,21.9931,1360.15,0.185534,0.00557282,62.4,35.0173,20.7864,11.5842,7.75674,2.36163,1.64907,0.508973,0.203589,0.0610767,0.0610767,0.223948,0.101795,0.0203589,0
58592,58611,58602,5,-105.202,39.9711,554.639,-6.6225,315.416,144.681,23.4488,1928.59,0.24674,0.00666765,65.3698,35.2408,20.6217,11.308,7.26116,1.91695,1.51032,0.658345,0.135542,0.174268,0.0968155,0.116179,0.135542,0.0580893,0.0774524
58612,58628,58620,5.1,-105.2,39.9713,547.421,-7.49765,315.558,153.983,22.729,1350.24,0.178218,0.00564896,69.6309,37.2498,20.5999,13.2969,8.19862,2.34246,1.46978,0.574133,0.298549,0.114827,0.0459306,0.068896,0.0459306,0.0229653,0.0229653
58629,58648,58638,5.2,-105.199,39.9717,540.506,-8.295,315.756,154.891,23.3776,1588.96,0.203907,0.00582752,71.9213,35.8053,21.9414,12.1357,7.98047,2.64074,1.49512,0.310675,0.213589,0.0582516,0.097086,0.116503,0.097086,0.0388344,0.0388344
58649,58664,58656,5.3,-105.198,39.9722,533.485,-9.16125,315.9,148.464,22.648,1667.4,0.220868,0.00593631,69.6236,35.1887,19.7222,11.9403,7.51438,2.01843,1.41047,0.316139,0.218866,0.14591,0.0486368,0.14591,0.0486368,0.0729552,0.0486368
58665,58684,58674,5.4,-105.197,39.9729,526.858,-9.9005,316.144,138.555,23.0628,1981.02,0.25769,0.00691288,62.5708,32.9791,19.293,11.3694,7.39791,2.02469,1.49905,0.506173,0.253086,0.233618,0.0389364,0.116809,0.0973409,0.0973409,0.0778728
58685,58702,58694,5.5,-105.195,39.9738,520.059,-10.4628,316.641,135.94,20.9468,1386.61,0.198591,0.00561306,61.3262,34.7719,17.8995,10.3157,6.86258,2.01069,1.4206,0.502673,0.262264,0.174843,0.174843,0.0655661,0.131132,0,0.0218554
58703,58720,58712,5.6,-105.193,39.975,513.577,-11.2211,316.861,138.643,21.7667,1696.85,0.233869,0.00582399,63.3493,34.306,18.7799,10.2634,7.6648,2.05268,0.917156,0.633274,0.131022,0.109185,0.021837,0.240207,0.0655111,0.0436741,0.0655111
58721,58738,58730,5.7,-105.192,39.9762,506.855,-11.7817,317.376,69.8543,12.9477,1189.65,0.275645,0.00441424,30.6677,17.4963,9.80756,4.9147,3.97545,1.114,0.655293,0.327647,0.262117,0.196588,0.109216,0.0873724,0.152902,0.0873724,0
58739,58757,58748,5.8,-105.19,39.9776,500.162,-12.5528,317.642,52.6649,12.1092,1618.67,0.401018,0.00502434,22.8691,13.3037,7.52041,3.84816,2.33089,0.923559,0.527748,0.373822,0.197906,0.241885,0.0659685,0.153927,0.109948,0.131937,0.0659685
58758,58775,58766,5.9,-105.188,39.9788,493.784,-13.4011,317.771,51.7037,11.6589,1648.5,0.424181,0.00473805,22.791,12.6176,7.35479,4.05174,2.29011,0.814752,0.638589,0.374345,0.198183,0.132122,0.0440406,0.154142,0.0440406,0.0660609,0.132122
58776,58792,58784,6,-105.186,39.9803,487.204,-14.2524,317.948,47.2674,10.2048,1062.6,0.312382,0.00417335,20.9843,11.1604,6.40079,3.63415,2.25083,0.797169,0.656492,0.398584,0.281354,0.281354,0.0703384,0.164123,0.117231,0.0703384,0
58793,58810,58802,6.1,-105.185,39.9817,481.199,-15.0125,318.137,41.2338,10.9746,1681.19,0.459568,0.00496122,18.0351,10.2024,5.66247,3.04327,1.99559,0.399117,0.473952,0.449007,0.224503,0.149669,0.124724,0.149669,0.0997793,0.149669,0.0748345
58811,58828,58820,6.2,-105.184,39.9831,474.712,-15.7944,318.407,64.4305,12.5308,1277.54,0.305855,0.00449315,27.9369,16.4243,8.93448,4.91174,3.13373,1.17793,0.755652,0.266701,0.244476,0.200026,0.111125,0.0889003,0.13335,0.0889003,0.0222251
58829,58848,58838,6.3,-105.182,39.9845,468.205,-16.55,318.727,35.179,8.47443,1176.78,0.416587,0.00349613,15.5044,8.50071,4.83845,2.56625,1.95142,0.374245,0.481172,0.320781,0.133659,0.0534636,0.106927,0.133659,0.0801953,0.0801953,0.0534636
58849,58867,58858,6.4,-105.181,39.9858,461.881,-17.2953,319.037,34.0565,9.60188,1467.89,0.458625,0.0043196,14.9868,8.28402,4.64944,2.57253,1.29807,0.519227,0.495625,0.354018,0.141607,0.118006,0.165208,0.0708036,0.236012,0.118006,0.0472024
58868,58885,58876,6.5,-105.18,39.987,455.829,-18.1211,319.209,33.4041,9.13889,1412.68,0.463736,0.00421242,15.0251,7.95975,4.31526,2.21353,1.69927,0.693124,0.290665,0.402459,0.111794,0.223588,0.0223588,0.111794,0.156512,0.111794,0.0670765
58886,58903,58894,6.6,-105.178,39.988,449.952,-18.9928,319.299,32.2413,6.85041,777.211,0.340364,0.00254175,13.5906,8.06032,4.07494,3.02262,1.81357,0.559744,0.492575,0.134339,0.0895591,0.111949,0.0671693,0.111949,0.0671693,0,0.0447795
58904,58923,58914,6.7,-105.177,39.9893,443.948,-19.9275,319.35,37.3252,9.59403,1364.37,0.426632,0.00417639,16.1878,9.4936,4.48309,2.81968,1.96769,0.608564,0.527422,0.385424,0.202855,0.121713,0.162284,0.101427,0.141998,0.0405709,0.0811418
58924,58941,58932,6.8,-105.176,39.9907,437.892,-20.8806,319.399,38.6673,9.18864,1171.03,0.38233,0.00367622,16.9494,9.80806,5.53681,2.37292,1.67234,0.655377,0.655377,0.135595,0.203393,0.0903969,0.158195,0.225992,0.135595,0.0225992,0.0451984
58942,58959,58950,6.9,-105.174,39.9919,432.095,-21.81,319.435,37.4025,8.84445,1091.95,0.370384,0.00373476,16.4825,9.14686,4.8904,2.76217,1.8339,0.6113,0.452815,0.362252,0.203767,0.203767,0.113204,0.158485,0.113204,0.0226407,0.0452815
58960,58975,58968,7,-105.173,39.993,426.274,-22.6612,319.59,43.2139,10.6042,1480.03,0.418709,0.00433428,19.1035,10.3991,6.18809,3.05553,2.3109,0.693271,0.256767,0.282444,0.15406,0.128384,0.15406,0.15406,0.179737,0.102707,0.0513534
58976,58991,58984,7.1,-105.172,39.9939,420.896,-23.32,319.906,37.355,7.94958,855.619,0.322892,0.00313479,15.5625,9.07597,6.07628,2.76894,1.89724,0.512767,0.564043,0.179468,0.179468,0.230745,0.076915,0.076915,0.102553,0.0256383,0.0256383
58992,59009,59000,7.2,-105.171,39.9949,414.977,-24.2411,320.019,39.1157,10.1011,1344.53,0.399323,0.00426538,16.1092,10.1513,5.5454,2.91019,1.94777,0.595787,0.641617,0.252064,0.137489,0.183319,0.114574,0.183319,0.229149,0.0916595,0.0229149
59010,59027,59018,7.3,-105.17,39.9958,409.248,-25.1244,320.153,40.4738,8.83539,1010.77,0.3432,0.00364191,17.8683,9.88849,5.54216,3.40348,1.47178,0.528919,0.643902,0.344947,0.275958,0.137979,0.091986,0.045993,0.114982,0.114982,0
59028,59041,59034,7.4,-105.168,39.9968,403.936,-25.9393,320.294,36.3536,10.1638,1522.26,0.449318,0.00456457,15.2897,9.25044,4.419,2.76924,1.94436,0.64812,0.7365,0.41244,0.17676,0.08838,0.17676,0.17676,0.11784,0.05892,0.08838
59042,59057,59050,7.5,-105.167,39.9977,398.421,-26.8431,320.379,40.362,8.15829,916.244,0.336925,0.00305566,17.5577,9.94765,6.05171,3.01287,2.12978,0.493487,0.337649,0.311676,0.077919,0.129865,0.077919,0.077919,0.025973,0.129865,0
59058,59074,59066,7.6,-105.166,39.9987,393.217,-27.6959,320.473,33.7475,5.59203,472.897,0.253699,0.00175223,15.7358,8.29615,4.67423,2.10463,1.63965,0.513921,0.269197,0.195779,0.146835,0.0489449,0.0244724,0.0734173,0,0,0.0244724
59075,59093,59084,7.7,-105.165,39.9998,387.857,-28.6011,320.546,48.7237,8.41331,691.404,0.246539,0.0025673,22.2052,11.7518,6.80019,3.87325,2.09067,0.880284,0.462149,0.15405,0.0880284,0.110035,0.132043,0.0660213,0.0880284,0.0220071,0
59094,59112,59103,7.8,-105.164,40.0007,382.054,-29.5516,320.675,51.5833,9.28578,942.661,0.30455,0.00297538,22.6324,12.2849,8.38806,4.05093,2.39973,0.682493,0.462334,0.154111,0.220159,0.0220159,0.0660477,0.0660477,0.0660477,0.0440318,0.0440318
59113,59130,59122,7.9,-105.162,40.0016,376.31,-30.3889,320.96,28.7439,4.81082,375.428,0.234115,0.00139051,13.532,6.906,4.05961,1.93648,1.11989,0.466622,0.303304,0.163318,0.0466622,0.0233311,0.0233311,0.0933244,0.0699933,0,0
59131,59146,59138,8,-105.16,40.0027,370.985,-31.278,321.092,39.0127,6.22718,463.736,0.223409,0.00178551,18.4841,8.934,5.65727,2.57658,1.90443,0.560125,0.476107,0.140031,0.112025,0.0280063,0.0280063,0.0280063,0.0560125,0.0280063,0
59147,59164,59156,8.1,-105.159,40.0036,365.736,-32.1522,321.235,42.2319,6.83372,549.663,0.241302,0.00208962,20.4732,9.93278,5.25853,3.06163,1.93981,0.631024,0.37394,0.163599,0.163599,0.093485,0.0233713,0.0701138,0.0233713,0,0.0233713
59165,59181,59173,8.2,-105.157,40.0044,360.81,-32.9035,321.478,33.426,5.88258,636.337,0.324519,0.00187468,15.362,7.58091,5.07896,2.67709,1.52619,0.450351,0.350273,0.250195,0,0.0250195,0,0.050039,0,0.0250195,0.050039
59182,59199,59190,8.3,-105.154,40.0055,355.755,-33.5067,321.966,29.5355,4.68212,332.294,0.212913,0.00140036,13.7769,7.14797,3.91605,1.98161,1.55698,0.448222,0.35386,0.165135,0.0471813,0.070772,0.0235907,0.0235907,0,0.0235907,0
59200,59218,59209,8.4,-105.152,40.0067,350.636,-34.2721,322.268,24.2518,3.57188,214.515,0.18017,0.000855822,11.5101,5.71026,3.09026,2.03778,1.09727,0.380684,0.201539,0.134359,0.0223932,0,0.0223932,0,0.0447864,0,0
59219,59236,59228,8.5,-105.15,40.0081,345.604,-35.1356,322.434,24.9515,3.26007,142.981,0.131575,0.000665045,12.3097,5.47889,3.58144,1.75514,1.16219,0.355772,0.237181,0,0.0474362,0.0237181,0,0,0,0,0
