data/B2SAP/Locations/Boulder/NOAA-POPS-B2SAP_GMLBalloon_20201221_R0.ict
61,1001
Thornberry, T. D.
NOAA Chemical Sciences Laboratory
Portable Optical Particle Spectrometer (POPS)
Balloon Baseline Stratospheric Aerosol Profiles (B2SAP)
1,1
2020,12,21,2024,05,28
0
TIME_START,s,Seconds since midnight UTC on flight start day,Start time of 100 m altitude bin in UTC_seconds_since_midnight
28
1.0,1.0,1.0,1.0,1.0,1.0,1.0,1.0,1.0,1.0,1.0,1.0,1.0,1.0,1.0,1.0,1.0,1.0,1.0,1.0,1.0,1.0,1.0,1.0,1.0,1.0,1.0,1.0
99999,99999,99999,99999,99999,99999,99999,99999,99999,99999,99999,99999,99999,99999,99999,99999,99999,99999,99999,99999,99999,99999,99999,99999,99999,99999,99999,99999
TIME_STOP,s,End time of 100 m altitude bin in UTC seconds since midnight,
TIME_MID,s,Mid time of 100 m altitude in UTC seconds since midnight,
GPSAlt,m,GPS reported altitude above sea level (m),
GPS_Lon,deg,GPS reported longitude,
GPS_Lat,deg,GPS reported latitude,
iMet_Pressure,mb,Pressure reported (mB),
iMet_Temperature,degrees C,Ambient temperature (oC),
THETA,K,Potential temperature from iMet,
Aerosol_concentration,cm^-3,Aerosol concentration,
Surface_Area_Conc,um^2 cm^-3,Surface area concentration,
Volume_density,um^3 cm^-3,Volume density,
Effective_radius,um,Effective radius,
Extinction,km^-1,Extinction,
Bin01,cm^-3,particle concentration in size range [140 - 170 nm],
Bin02,cm^-3,particle concentration in size range [170 - 205 nm],
Bin03,cm^-3,particle concentration in size range [205 - 249 nm],
Bin04,cm^-3,particle concentration in size range [249 - 302 nm],
Bin05,cm^-3,particle concentration in size range [302 - 366 nm],
Bin06,cm^-3,particle concentration in size range [366 - 443 nm],
Bin07,cm^-3,particle concentration in size range [443 - 537 nm],
Bin08,cm^-3,particle concentration in size range [537 - 651 nm],
Bin09,cm^-3,particle concentration in size range [651 - 789 nm],
Bin10,cm^-3,particle concentration in size range [789 - 956 nm],
Bin11,cm^-3,particle concentration in size range [956 - 1159 nm],
Bin12,cm^-3,particle concentration in size range [1159 - 1404 nm],
Bin13,cm^-3,particle concentration in size range [1404 - 1702 nm],
Bin14,cm^-3,particle concentration in size range [1702 - 2062 nm],
Bin15,cm^-3,particle concentration in size range [2062 - 2500 nm],
0
19
PI_CONTACT_INFO: 325 Broadway R/CSL6, Boulder, CO 80305; troy.thornberry@noaa.gov; 303-497-3373 
PLATFORM: GML ECC/FPH balloon
LOCATION: Boulder, CO, USA
ASSOCIATED_DATA: N/A
INSTRUMENT_INFO: Printed Optical Particle Spectrometer counts particles from 140 - 2500 nm in diameter 
DATA_INFO: Particle concentrations reported in number per cubic centimeter, binned to 100 m altitude
UNCERTAINTY: Counting uncertainty dominated by air flow, less than 5 percent
ULOD_FLAG: -77777
ULOD_VALUE: 3000 ~3000 per cm3 (varies depending on flow rate- manufacturer quotes 1250  per cm3 at 1.667 cc/s)
LLOD_FLAG: -88888
LLOD_VALUE: 0 0 (varies depending on data field and measurement precision)
DM_CONTACT_INFO: Troy Thornberry, 325 Broadway R/CSL6, Boulder, CO 80305; troy.thornberry@noaa.gov; 303-497-3373
PROJECT_INFO: B2SAP Boulder, CO, USA
STIPULATIONS_ON_USE: Please contact the PIs for questions regarding applications and uncertainties
OTHER_COMMENTS: POPS bin Edges (nm):  140, 170, 205, 249, 302, 366, 443, 537, 651, 789, 956, 1159, 1404, 1702, 2062, 2500
Calculations assume sulfate refractive index of 1.45+0.00j and extinction wavelength = 532 nm
REVISION: R0
R0: QA/QC data
TIME_START,TIME_STOP,TIME_MID,GPSAlt,GPS_Lon,GPS_Lat,iMet_Pressure,iMet_Temperature,THETA,Aerosol_concentration,Surface_Area_Conc,Volume_density,Effective_radius,Extinction,Bin01,Bin02,Bin03,Bin04,Bin05,Bin06,Bin07,Bin08,Bin09,Bin10,Bin11,Bin12,Bin13,Bin14,Bin15
[from data line 84]
62083,62102,62092,10.1,-104.963,39.8418,267.231,-51.4375,323.245,4.00399,0.618227,44.6872,0.216849,0.000198519,2.31925,0.875188,0.328195,0.218797,0.0656391,0.0437594,0.0656391,0.0656391,0,0,0.0218797,0,0,0,0
62103,62122,62112,10.2,-104.957,39.8403,263.325,-52.225,323.462,4.11998,0.63288,47.235,0.223905,0.000198506,2.40149,0.99144,0.286416,0.154224,0.044064,0.154224,0,0.044064,0.022032,0,0,0.022032,0,0,0
62123,62142,62132,10.3,-104.951,39.8388,258.724,-53.32,323.483,3.29355,0.587099,57.9114,0.29592,0.000192997,1.94519,0.729445,0.331566,0.0221044,0.132626,0.0221044,0.0442088,0.0221044,0,0,0.0221044,0.0221044,0,0,0
62143,62162,62152,10.4,-104.945,39.8372,255.105,-54.1355,323.58,3.22835,0.429268,21.3436,0.149163,0.000126155,2.0343,0.464352,0.398016,0.11056,0.066336,0.066336,0,0.088448,0,0,0,0,0,0,0
62163,62180,62172,10.5,-104.939,39.836,251.249,-55.0353,323.653,3.52803,0.511414,35.1533,0.206212,0.000200161,2.35202,0.601071,0.235202,0.104534,0.104534,0.052267,0,0.0261335,0,0.052267,0,0,0,0,0
62181,62198,62190,10.6,-104.934,39.8348,247.202,-55.9339,323.824,3.52193,0.383277,15.8338,0.123935,7.7281e-05,2.62904,0.372035,0.297628,0.0248023,0.0744069,0.0744069,0.0248023,0.0248023,0,0,0,0,0,0,0
62199,62217,62208,10.7,-104.929,39.8333,243.19,-56.8726,323.937,2.94259,0.404853,20.7949,0.154093,0.000131237,1.88326,0.588519,0.117704,0.117704,0.0235408,0.0706223,0.094163,0.0470815,0,0,0,0,0,0,0
62218,62234,62226,10.8,-104.924,39.8319,239.509,-57.8118,323.935,3.18125,0.374853,18.4385,0.147566,0.00010497,2.2799,0.450678,0.185573,0.132552,0.0530209,0,0.0265105,0.0265105,0.0265105,0,0,0,0,0,0
62235,62254,62244,10.9,-104.919,39.8302,235.572,-58.7484,324.053,2.3597,0.414676,33.0392,0.239024,0.000212058,1.64464,0.262189,0.214518,0.0715061,0,0.0238354,0.0476708,0.0476708,0,0.0476708,0,0,0,0,0
62255,62276,62266,11,-104.913,39.8284,231.694,-59.662,324.213,2.11597,0.297195,19.08,0.1926,0.000113608,1.50819,0.337654,0.0675309,0.0450206,0.0450206,0.0225103,0.0675309,0,0,0.0225103,0,0,0,0,0
62277,62296,62286,11.1,-104.907,39.8268,227.852,-60.6332,324.285,2.21322,0.285733,13.1977,0.138566,7.51165e-05,1.42788,0.333173,0.190384,0.0951922,0.0475961,0.0237981,0.0951922,0,0,0,0,0,0,0,0
62297,62316,62306,11.2,-104.902,39.8258,224.254,-61.4674,324.481,2.20113,0.293911,14.9521,0.152619,9.07722e-05,1.41159,0.382805,0.119627,0.119627,0.0957012,0,0,0.0717759,0,0,0,0,0,0,0
62317,62342,62330,11.3,-104.895,39.8251,220.676,-62.2225,324.808,2.38845,0.402954,34.3836,0.255987,0.000139955,1.58593,0.382152,0.095538,0.0764304,0.133753,0.0191076,0.0573228,0,0.0191076,0,0,0.0191076,0,0,0
62343,62367,62355,11.4,-104.888,39.8242,217.044,-63.0108,325.136,2.96927,0.398848,23.0393,0.173294,0.000129395,1.83986,0.674006,0.182164,0.0728656,0.0546492,0.0910819,0.0182164,0,0.0182164,0.0182164,0,0,0,0,0
62368,62391,62380,11.5,-104.88,39.8238,213.416,-63.73,325.592,3.87169,0.481837,23.8179,0.148294,0.000139122,2.64069,0.694919,0.178693,0.119129,0.0397096,0.0992741,0.0397096,0.0397096,0.0198548,0,0,0,0,0,0
62392,62414,62403,11.6,-104.873,39.8233,209.982,-64.4886,325.916,4.48498,0.518411,26.3396,0.152425,0.000136498,3.21249,0.792693,0.125162,0.166883,0.0417207,0.0625811,0.0417207,0.0208604,0,0.0208604,0,0,0,0,0
62415,62434,62424,11.7,-104.867,39.8228,206.654,-65.097,326.449,4.38335,0.478816,19.0619,0.119432,8.45252e-05,2.82279,0.803232,0.43604,0.137697,0.114747,0.0229495,0,0.045899,0,0,0,0,0,0,0
62435,62454,62444,11.8,-104.86,39.8222,203.287,-64.684,328.638,6.46389,0.644304,24.518,0.11416,0.00010631,4.58432,1.19192,0.435511,0.0916865,0.0458432,0.0229216,0.0458432,0.0458432,0,0,0,0,0,0,0
62455,62467,62461,11.9,-104.855,39.8211,200.181,-63.8438,331.424,9.36875,1.31232,86.7931,0.198412,0.000511542,6.36368,1.94446,0.247476,0.212123,0.176769,0.106061,0.176769,0,0.0353538,0.106061,0,0,0,0,0
62468,62482,62475,12,-104.85,39.8191,196.926,-62.8593,334.542,9.28071,1.26199,62.9925,0.149745,0.000374959,5.16222,2.25671,0.846265,0.282088,0.310297,0.0564177,0.225671,0.112835,0.0282088,0,0,0,0,0,0
62483,62499,62491,12.1,-104.846,39.8167,193.739,-62.35,336.916,10.316,1.56624,99.2121,0.190033,0.000529701,5.96035,2.22367,0.802355,0.41264,0.366791,0.114622,0.229244,0.114622,0.0687733,0,0,0.0229244,0,0,0
62500,62520,62510,12.2,-104.841,39.8138,190.176,-62.6095,338.291,9.74786,1.80732,163.154,0.270822,0.000757523,5.86365,2.05415,0.653592,0.298785,0.280111,0.0933703,0.186741,0.112044,0.0933703,0.0373481,0.0373481,0.0186741,0.0186741,0,0
62521,62544,62532,12.3,-104.835,39.8107,187.171,-63.2437,338.817,10.567,1.87547,148.724,0.237898,0.000800243,6.03134,2.341,0.877876,0.37391,0.276369,0.113799,0.16257,0.178827,0.130056,0.0325139,0.0325139,0.016257,0,0,0
62545,62561,62553,12.4,-104.829,39.8081,183.787,-63.3371,340.432,12.0764,2.12882,172.771,0.243474,0.000918322,7.25141,2.45432,1.00404,0.251011,0.334681,0.19523,0.22312,0.11156,0.11156,0.0836702,0.0557801,0,0,0,0
62562,62585,62574,12.5,-104.824,39.8054,181.03,-62.9196,342.582,12.2016,1.82184,117.281,0.193125,0.000668967,7.01185,2.89584,1.05747,0.325376,0.357913,0.081344,0.162688,0.162688,0.081344,0.0488064,0.0162688,0,0,0,0
62586,62608,62597,12.6,-104.816,39.8018,178.037,-62.4973,344.911,11.4104,1.80272,131.766,0.219279,0.000656013,6.97694,2.3492,0.812505,0.317937,0.3356,0.158968,0.158968,0.158968,0.0883157,0,0.0529894,0,0,0,0
62609,62629,62619,12.7,-104.809,39.7983,175.241,-61.282,348.481,12.851,1.7179,87.6401,0.153048,0.000535917,7.83408,2.85577,0.868309,0.347324,0.289436,0.154366,0.250845,0.212253,0.0385915,0,0,0,0,0,0
62630,62647,62638,12.8,-104.803,39.795,172.524,-60.8322,350.777,12.5842,1.91077,127.908,0.200821,0.000712505,7.52479,2.91559,0.81465,0.407325,0.214381,0.150067,0.23582,0.214381,0.0214381,0.0643144,0,0.0214381,0,0,0
62648,62663,62656,12.9,-104.798,39.7923,169.667,-60.2731,353.38,12.9192,1.70273,102.688,0.180923,0.000488457,7.72757,3.08624,1.02875,0.406714,0.311017,0.0717731,0.0717731,0.0956974,0.0717731,0.0239244,0,0.0239244,0,0,0
62664,62684,62674,13,-104.792,39.7894,166.75,-60.3857,354.949,13.0624,1.67325,100.247,0.179734,0.000414311,8.23939,2.79518,0.931727,0.365383,0.292307,0.127884,0.237499,0.0182692,0,0.0182692,0.0182692,0.0182692,0,0,0
62685,62708,62696,13.1,-104.785,39.7865,164.035,-60.5208,356.397,13.4781,1.852,125.047,0.20256,0.000569913,8.50407,3.09676,0.898543,0.192545,0.240681,0.160454,0.176499,0.080227,0.0641816,0.0160454,0.0320908,0.0160454,0,0,0
62709,62734,62722,13.2,-104.778,39.7834,161.325,-59.8908,359.155,11.8718,1.45477,75.8529,0.156422,0.000361453,7.50651,2.66931,0.752126,0.309699,0.235961,0.103233,0.147476,0.11798,0.0147476,0,0,0.0147476,0,0,0
62735,62765,62750,13.3,-104.769,39.7797,158.733,-58.637,362.937,12.132,1.9135,141.979,0.222595,0.000639943,6.82742,2.86802,0.989849,0.482234,0.393402,0.190356,0.177665,0.0507615,0.0634519,0.0253807,0.0634519,0,0,0,0
62766,62801,62784,13.4,-104.759,39.7748,156.217,-58.3364,365.114,12.0118,1.80732,119.346,0.198104,0.000616603,7.11087,2.64511,0.858801,0.435126,0.34352,0.125957,0.263366,0.114507,0.0687041,0.0114507,0.0229014,0.0114507,0,0,0
62802,62832,62817,13.5,-104.749,39.7692,153.781,-57.5419,368.116,12.3958,1.95464,131.599,0.20198,0.000696791,6.92706,2.77083,1.16666,0.449652,0.401041,0.13368,0.279513,0.145833,0.0607637,0.0243055,0.0364582,0,0,0,0
62833,62861,62847,13.6,-104.741,39.7637,151.396,-57.0897,370.534,12.3359,2.01909,154.021,0.228848,0.000705376,6.98775,2.83674,1.14511,0.312302,0.299289,0.195189,0.338327,0.091088,0.0520503,0.0130126,0.0260251,0.0260251,0.0130126,0,0
62862,62879,62870,13.7,-104.734,39.7595,149.001,-56.2278,373.707,13.0565,1.93327,120.678,0.187266,0.000662586,7.29743,2.99786,1.32143,0.552238,0.236674,0.177505,0.216951,0.118337,0.0788912,0.0394456,0.0197228,0,0,0,0
62880,62903,62892,13.8,-104.729,39.7565,146.654,-55.6454,376.426,12.3268,1.81683,108.125,0.178538,0.000603603,6.87848,2.73777,1.25311,0.463106,0.408623,0.0817245,0.258794,0.163449,0.0408623,0.0272415,0,0.0136208,0,0,0
62904,62926,62915,13.9,-104.724,39.7531,144.359,-54.6895,379.783,12.1447,1.92677,112.719,0.175505,0.000716593,6.46437,2.76622,1.15382,0.473363,0.428986,0.266267,0.369815,0.0887556,0.103548,0.0295852,0,0,0,0,0
62927,62947,62937,14,-104.719,39.75,142.116,-55.1262,380.719,11.2176,1.93895,124.311,0.192339,0.000786215,5.56232,2.57199,1.17754,0.681733,0.35636,0.340866,0.232409,0.139445,0.0774696,0.0774696,0,0,0,0,0
62948,62965,62956,14.1,-104.714,39.7475,139.983,-55.425,381.84,11.5437,1.95309,129.236,0.198511,0.000750477,6.05737,2.44742,1.2849,0.489484,0.448694,0.265137,0.285532,0.122371,0.0815807,0.0407904,0.0203952,0,0,0,0
62966,62984,62975,14.2,-104.709,39.7451,137.804,-55.8942,382.74,11.3578,1.846,121.865,0.198047,0.000622619,5.73051,2.77061,1.17019,0.567889,0.430219,0.240922,0.189296,0.189296,0.0172087,0.0172087,0.0172087,0.0172087,0,0,0
62985,63003,62994,14.3,-104.704,39.7423,135.634,-55.8963,384.472,11.8225,2.00341,137.986,0.206628,0.000720135,5.71335,3.06318,1.23904,0.602311,0.430222,0.292551,0.223715,0.120462,0.0688355,0.0344178,0,0.0344178,0,0,0
63004,63016,63010,14.4,-104.7,39.7398,133.638,-55.9546,385.996,10.7548,2.15973,177.338,0.246333,0.000959671,5.22664,2.61332,1.15589,0.477433,0.326665,0.251281,0.326665,0.150768,0.12564,0.0502561,0.0251281,0,0.0251281,0,0
63017,63035,63026,14.5,-104.696,39.7371,131.343,-56.1021,387.653,10.4159,1.76787,121.154,0.205594,0.000631808,5.07,2.63847,1.13816,0.448368,0.431123,0.224184,0.241429,0.120714,0.0517347,0.0172449,0.0172449,0.0172449,0,0,0
63036,63052,63044,14.6,-104.693,39.7343,129.471,-56.74,388.103,11.6103,2.10946,134.941,0.191908,0.000921839,5.57219,2.6599,1.37849,0.66012,0.310645,0.213568,0.465967,0.135907,0.194153,0.0194153,0,0,0,0,0
63053,63063,63058,14.7,-104.691,39.7323,127.484,-57.5536,388.352,10.8253,2.3328,227.874,0.293048,0.00109777,5.09953,2.38575,1.25252,0.596436,0.506971,0.149109,0.417506,0.268396,0.0894655,0.0298218,0,0,0,0.0298218,0
63064,63080,63072,14.8,-104.689,39.7307,125.412,-58.2106,388.98,9.83738,1.94938,150.417,0.231484,0.000825719,4.9478,1.90151,1.06717,0.562691,0.485078,0.271644,0.31045,0.135822,0.0582094,0.0582094,0,0.0388062,0,0,0
63081,63098,63090,14.9,-104.687,39.7288,123.298,-59.1422,389.191,10.9355,2.2673,186.82,0.247192,0.000989774,4.84788,2.71999,1.46176,0.462584,0.462584,0.259047,0.33306,0.203537,0.05551,0.0740134,0.0185033,0.0185033,0.0185033,0,0
63099,63117,63108,15,-104.684,39.727,121.19,-59.9683,389.6,10.435,1.72699,104.511,0.181549,0.000650962,4.95755,2.61803,1.2626,0.389919,0.557028,0.167108,0.222811,0.167108,0.0371352,0.0557028,0,0,0,0,0
63118,63131,63124,15.1,-104.682,39.7253,119.488,-60.7857,389.672,9.89786,1.8205,124.395,0.20499,0.000703623,4.47307,2.49826,0.999303,0.499652,0.642409,0.285515,0.309308,0.0713788,0.0475859,0.0475859,0.0237929,0,0,0,0
63132,63143,63138,15.2,-104.681,39.7243,117.535,-61.6392,389.944,10.2178,2.00383,173.823,0.260236,0.000795487,4.7739,2.62425,1.20046,0.642104,0.335011,0.0837527,0.251258,0.11167,0.0837527,0.0279176,0.0279176,0.0558351,0,0,0
63144,63153,63148,15.3,-104.679,39.7234,115.788,-62.352,390.297,10.0454,1.75299,106.585,0.182406,0.000652707,5.03949,1.81422,0.940704,0.907108,0.571142,0.369562,0.167983,0.167983,0,0.0671932,0,0,0,0,0
63154,63175,63164,15.4,-104.677,39.7228,113.541,-62.7318,391.776,9.58733,2.06647,172.622,0.250604,0.000974575,4.61782,2.26304,0.963321,0.321107,0.412852,0.305816,0.321107,0.168199,0.0917448,0.076454,0,0.0458724,0,0,0
63176,63198,63187,15.5,-104.673,39.7218,111.639,-62.2825,394.518,9.40451,1.84363,130.13,0.211751,0.000783239,4.27171,2.11053,1.01305,0.675369,0.540295,0.0675369,0.422106,0.202611,0.0506527,0.0337684,0,0,0.0168842,0,0
63199,63221,63210,15.6,-104.669,39.7207,109.878,-62.4235,396.049,9.26239,1.7439,104.837,0.18035,0.000720547,4.00081,2.01722,1.34481,0.554735,0.420253,0.235342,0.353013,0.285772,0.0504304,0,0,0,0,0,0
63222,63246,63234,15.7,-104.665,39.7195,108.094,-63.1236,396.577,8.74432,2.07876,231.067,0.333468,0.000917498,3.65133,2.10187,1.14525,0.498521,0.417679,0.363785,0.282944,0.121262,0.0808412,0.0134735,0.0134735,0.0269471,0.0134735,0,0.0134735
63247,63270,63258,15.8,-104.66,39.7182,106.332,-63.8796,397.015,9.04716,1.76924,120.196,0.203809,0.000750538,3.74609,2.29006,1.22985,0.438222,0.466494,0.367541,0.141362,0.254451,0.070681,0.0282724,0.0141362,0,0,0,0
63271,63296,63284,15.9,-104.655,39.7167,104.564,-64.5927,397.564,9.10974,2.02444,164.268,0.243427,0.000930191,3.84808,2.30361,1.19107,0.392661,0.30104,0.196331,0.471193,0.30104,0.0261774,0.0261774,0.0130887,0.0392661,0,0,0
63297,63321,63309,16,-104.648,39.715,102.791,-65.2504,398.244,9.15265,1.74133,116.324,0.200405,0.000707784,3.57901,2.6878,1.14585,0.537559,0.311218,0.297072,0.367804,0.11317,0.0707315,0.0282926,0,0.0141463,0,0,0
63323,63348,63336,16.1,-104.642,39.7131,101.068,-65.1608,400.349,9.3527,2.0729,163.327,0.236374,0.000948844,3.81957,2.04059,1.47812,0.497067,0.497067,0.300856,0.36626,0.18313,0.0654035,0.0654035,0.0261614,0.0130807,0,0,0
63349,63373,63361,16.2,-104.635,39.7115,99.4025,-65.5662,401.473,8.67307,1.72179,119.908,0.208924,0.000670589,3.48596,2.00791,1.22706,0.627473,0.501979,0.264933,0.36254,0.125495,0.0139438,0.0278877,0.0139438,0.0139438,0,0,0
63374,63402,63388,16.3,-104.628,39.7097,97.7254,-65.6793,403.204,8.51034,1.77083,121.405,0.205675,0.000745449,3.30898,1.9789,1.25438,0.44336,0.594751,0.302782,0.335223,0.216273,0.0432546,0.0108137,0.0216273,0,0,0,0
63403,63430,63416,16.4,-104.619,39.7081,96.0626,-64.183,408.115,8.40092,1.61193,98.0579,0.182498,0.000645266,3.14616,2.17554,1.1826,0.55783,0.535517,0.256602,0.334698,0.133879,0.055783,0.0223132,0,0,0,0,0
63431,63457,63444,16.5,-104.611,39.7064,94.5281,-61.3252,415.604,7.59982,1.38411,83.887,0.181821,0.000551067,3.26803,1.91915,0.866357,0.526394,0.307063,0.252231,0.241264,0.164498,0.0328996,0.0219331,0,0,0,0,0
63458,63480,63469,16.6,-104.603,39.7045,93.0787,-60.6839,418.699,8.25159,1.74989,136.563,0.234122,0.000815827,3.69722,1.99573,0.959487,0.409381,0.281449,0.281449,0.307036,0.166311,0.0639658,0.0639658,0,0.0255863,0,0,0
63481,63500,63490,16.7,-104.597,39.7022,91.5995,-60.564,420.863,8.35081,1.84696,144.489,0.234692,0.000877459,3.42294,1.94754,1.18033,0.604917,0.280327,0.221311,0.309836,0.206557,0.103279,0.0442622,0.0147541,0.0147541,0,0,0
63501,63521,63511,16.8,-104.591,39.6998,90.0895,-59.1965,425.588,7.85481,1.71353,132.229,0.231502,0.000774422,3.17722,1.92693,0.985528,0.558956,0.353025,0.176512,0.323606,0.264769,0.0294187,0.0294187,0.0147094,0,0.0147094,0,0
63522,63540,63531,16.9,-104.587,39.6978,88.6174,-59.0284,427.924,7.44528,1.85512,174.773,0.282633,0.000828052,2.93486,1.48288,1.26662,0.617866,0.355273,0.18536,0.27804,0.154466,0.0617866,0.0154466,0.0617866,0.0308933,0,0,0
63541,63561,63551,17,-104.582,39.6964,87.0465,-59.0047,430.173,7.30128,1.5086,111.752,0.222231,0.000673317,2.87574,1.99752,0.91266,0.49938,0.3444,0.15498,0.20664,0.20664,0.03444,0.05166,0,0.01722,0,0,0
63562,63583,63572,17.1,-104.577,39.6953,85.6822,-59.5761,430.962,8.04968,1.77822,144.753,0.24421,0.00078656,3.37461,1.926,0.987691,0.493846,0.395077,0.246923,0.279846,0.214,0.0823076,0,0.032923,0,0.0164615,0,0
63584,63606,63595,17.2,-104.572,39.694,84.3467,-60.2924,431.442,8.09965,1.94891,152.042,0.234042,0.000954672,2.83135,2.01435,1.19734,0.563454,0.450763,0.225381,0.408504,0.253554,0.084518,0.042259,0.0140863,0.0140863,0,0,0
63607,63626,63616,17.3,-104.568,39.6931,82.956,-60.2745,433.545,7.44906,1.71558,120.949,0.211502,0.000787357,2.64036,1.72582,1.01779,0.501521,0.560523,0.265511,0.472019,0.191758,0.0295012,0.0295012,0.0147506,0,0,0,0
63627,63639,63633,17.4,-104.564,39.6928,81.8131,-60.1692,435.477,7.78006,1.51345,87.7954,0.17403,0.000574705,2.8353,1.74654,1.11144,0.680471,0.657789,0.272189,0.317553,0.0907295,0.0680471,0,0,0,0,0,0
