data/B2SAP/Locations/Boulder/NOAA-POPS-B2SAP_GMLBalloon_20201016_R0.ict
61,1001
Thornberry, T. D.
NOAA Chemical Sciences Laboratory
Portable Optical Particle Spectrometer (POPS)
Balloon Baseline Stratospheric Aerosol Profiles (B2SAP)
1,1
2020,10,16,2024,05,28
0
TIME_START,s,Seconds since midnight UTC on flight start day,Start time of 100 m altitude bin in UTC_seconds_since_midnight
28
1.0,1.0,1.0,1.0,1.0,1.0,1.0,1.0,1.0,1.0,1.0,1.0,1.0,1.0,1.0,1.0,1.0,1.0,1.0,1.0,1.0,1.0,1.0,1.0,1.0,1.0,1.0,1.0
99999,99999,99999,99999,99999,99999,99999,99999,99999,99999,99999,99999,99999,99999,99999,99999,99999,99999,99999,99999,99999,99999,99999,99999,99999,99999,99999,99999
TIME_STOP,s,End time of 100 m altitude bin in UTC seconds since midnight,
TIME_MID,s,Mid time of 100 m altitude in UTC seconds since midnight,
GPSAlt,m,GPS reported altitude above sea level (m),
GPS_Lon,deg,GPS reported longitude,
GPS_Lat,deg,GPS reported latitude,
iMet_Pressure,mb,Pressure reported (mB),
iMet_Temperature,degrees C,Ambient temperature (oC),
THETA,K,Potential temperature from iMet,
Aerosol_concentration,cm^-3,Aerosol concentration,
Surface_Area_Conc,um^2 cm^-3,Surface area concentration,
Volume_density,um^3 cm^-3,Volume density,
Effective_radius,um,Effective radius,
Extinction,km^-1,Extinction,
Bin01,cm^-3,particle concentration in size range [140 - 170 nm],
Bin02,cm^-3,particle concentration in size range [170 - 205 nm],
Bin03,cm^-3,particle concentration in size range [205 - 249 nm],
Bin04,cm^-3,particle concentration in size range [249 - 302 nm],
Bin05,cm^-3,particle concentration in size range [302 - 366 nm],
Bin06,cm^-3,particle concentration in size range [366 - 443 nm],
Bin07,cm^-3,particle concentration in size range [443 - 537 nm],
Bin08,cm^-3,particle concentration in size range [537 - 651 nm],
Bin09,cm^-3,particle concentration in size range [651 - 789 nm],
Bin10,cm^-3,particle concentration in size range [789 - 956 nm],
Bin11,cm^-3,particle concentration in size range [956 - 1159 nm],
Bin12,cm^-3,particle concentration in size range [1159 - 1404 nm],
Bin13,cm^-3,particle concentration in size range [1404 - 1702 nm],
Bin14,cm^-3,particle concentration in size range [1702 - 2062 nm],
Bin15,cm^-3,particle concentration in size range [2062 - 2500 nm],
0
19
PI_CONTACT_INFO: 325 Broadway R/CSL6, Boulder, CO 80305; troy.thornberry@noaa.gov; 303-497-3373 
PLATFORM: GML ECC/FPH balloon
LOCATION: Boulder, CO, USA
ASSOCIATED_DATA: N/A
INSTRUMENT_INFO: Printed Optical Particle Spectrometer counts particles from 140 - 2500 nm in diameter 
DATA_INFO: Particle concentrations reported in number per cubic centimeter, binned to 100 m altitude
UNCERTAINTY: Counting uncertainty dominated by air flow, less than 5 percent
ULOD_FLAG: -77777
ULOD_VALUE: 3000 ~3000 per cm3 (varies depending on flow rate- manufacturer quotes 1250  per cm3 at 1.667 cc/s)
LLOD_FLAG: -88888
LLOD_VALUE: 0 0 (varies depending on data field and measurement precision)
DM_CONTACT_INFO: Troy Thornberry, 325 Broadway R/CSL6, Boulder, CO 80305; troy.thornberry@noaa.gov; 303-497-3373
PROJECT_INFO: B2SAP Boulder, CO, USA
STIPULATIONS_ON_USE: Please contact the PIs for questions regarding applications and uncertainties
OTHER_COMMENTS: POPS bin Edges (nm):  140, 170, 205, 249, 302, 366, 443, 537, 651, 789, 956, 1159, 1404, 1702, 2062, 2500
Calculations assume sulfate refractive index of 1.45+0.00j and extinction wavelength = 532 nm
REVISION: R0
R0: QA/QC data
TIME_START,TIME_STOP,TIME_MID,GPSAlt,GPS_Lon,GPS_Lat,iMet_Pressure,iMet_Temperature,THETA,Aerosol_concentration,Surface_Area_Conc,Volume_density,Effective_radius,Extinction,Bin01,Bin02,Bin03,Bin04,Bin05,Bin06,Bin07,Bin08,Bin09,Bin10,Bin11,Bin12,Bin13,Bin14,Bin15
[from data line 78]
61324,61345,61334,9.5,-104.857,39.7273,301.165,-37.3836,332.201,1.39623,0.358795,23.2264,0.194203,0.000161301,0.174528,0.329664,0.349056,0.232704,0.0969601,0.0969601,0.038784,0.0581761,0.019392,0,0,0,0,0,0
61346,61375,61360,9.6,-104.85,39.723,296.67,-38.2543,332.395,1.87191,0.697886,61.4943,0.264345,0.000399699,0.300077,0.414392,0.271498,0.171472,0.200051,0.185762,0.185762,0.0714468,0.0428681,0.0142894,0.0142894,0,0,0,0
61376,61402,61389,9.7,-104.842,39.7186,292.578,-39.1072,332.502,1.73564,0.442493,27.7595,0.188203,0.00019009,0.257768,0.498352,0.240584,0.257768,0.171846,0.18903,0.0515537,0.0515537,0.0171846,0,0,0,0,0,0
61403,61431,61417,9.8,-104.834,39.7139,288.226,-40.0452,332.594,2.07673,0.649473,47.7318,0.220479,0.000346379,0.237341,0.548851,0.252175,0.385679,0.252175,0.0741691,0.222507,0.0445014,0.0445014,0.0148338,0,0,0,0,0
61433,61461,61447,9.9,-104.827,39.7093,284.186,-40.9712,332.615,1.74396,0.548501,40.1872,0.219802,0.000297348,0.249137,0.38201,0.415228,0.1827,0.0664365,0.116264,0.249137,0.0664365,0,0.0166091,0,0,0,0,0
61463,61485,61474,10,-104.819,39.7049,280.345,-41.7467,332.792,1.25337,0.328102,20.3795,0.18634,0.00014329,0.168723,0.337446,0.168723,0.21693,0.168723,0.0482066,0.0964132,0.0482066,0,0,0,0,0,0,0
61486,61505,61496,10.1,-104.813,39.7016,276.019,-42.6347,332.987,1.3036,0.555062,70.932,0.383373,0.000254398,0.115875,0.376595,0.347626,0.144844,0.0579377,0.0869065,0.115875,0,0,0,0.0289688,0.0289688,0,0,0
61506,61528,61517,10.2,-104.806,39.6981,271.841,-43.573,333.082,1.3994,0.409578,32.9462,0.241319,0.000210633,0.262387,0.39358,0.174924,0.131193,0.174924,0.174924,0.0437311,0,0,0.0437311,0,0,0,0,0
61532,61546,61539,10.3,-104.8,39.6948,267.98,-44.47,333.145,1.20732,0.254894,18.4051,0.216621,0.000132367,0.384148,0.493905,0.0548783,0.164635,0,0,0.0548783,0,0.0548783,0,0,0,0,0,0
61553,61567,61560,10.4,-104.794,39.6915,263.943,-45.4036,333.223,2.16338,1.27083,305.846,0.721999,0.000734069,0.480751,0.641001,0.600938,0.120188,0.0400626,0,0.0801251,0.0801251,0.0400626,0,0,0.0400626,0,0,0.0400626
61573,61594,61584,10.5,-104.788,39.688,260.347,-46.0367,333.6,1.32465,0.219305,10.5739,0.144646,5.82155e-05,0.588732,0.294366,0.147183,0,0.147183,0.147183,0,0,0,0,0,0,0,0,0
61597,61609,61603,10.6,-104.781,39.6843,256.265,-46.965,333.742,0.442725,0.246639,19.9466,0.242622,0.000163257,0,0.110681,0,0,0,0.221362,0,0.110681,0,0,0,0,0,0,0
61646,61647,61646,10.8,-104.768,39.6773,248.215,-48.81,334.051,0.445983,0.038735,1.08823,0.0842825,1.71585e-06,0.222991,0.222991,0,0,0,0,0,0,0,0,0,0,0,0,0
61661,61661,61661,10.9,-104.764,39.6748,245,-49.57,334.158,0.894997,0.114665,3.91292,0.102374,9.55056e-06,0,0.447499,0.447499,0,0,0,0,0,0,0,0,0,0,0,0
59104,59540,59322,1.7,-105.197,39.9491,826.909,4.7425,293.403,329.738,102.49,7445.58,0.217941,0.0466348,30.0781,59.253,60.1336,56.4077,47.3828,38.0116,29.5136,6.85714,1.03121,0.474204,0.225812,0.120433,0.0978517,0.0677435,0.0827976
59284,59290,59287,1.8,-105.197,39.9491,826.907,4.94333,293.617,330.379,106.579,8076.99,0.227352,0.0500376,27.8938,58.8065,60.497,55.0631,47.4557,38.7615,32.3617,7.00364,1.44903,0.362257,0.362257,0,0,0.362257,0
