data/B2SAP/Locations/Boulder/NOAA-POPS-B2SAP_GMLBalloon_20230713_R0.ict
82,1001
Thornberry, T. D.
NOAA Chemical Sciences Laboratory
Portable Optical Particle Spectrometer (POPS)
Balloon Baseline Stratospheric Aerosol Profiles (B2SAP)
1,1
2023,07,13,2024,05,28
0
TIME_START,s,Seconds since midnight UTC on flight start day,Start time of 100 m altitude bin in UTC_seconds_since_midnight
49
1.0,1.0,1.0,1.0,1.0,1.0,1.0,1.0,1.0,1.0,1.0,1.0,1.0,1.0,1.0,1.0,1.0,1.0,1.0,1.0,1.0,1.0,1.0,1.0,1.0,1.0,1.0,1.0,1.0,1.0,1.0,1.0,1.0,1.0,1.0,1.0,1.0,1.0,1.0,1.0,1.0,1.0,1.0,1.0,1.0,1.0,1.0,1.0,1.0
99999,99999,99999,99999,99999,99999,99999,99999,99999,99999,99999,99999,99999,99999,99999,99999,99999,99999,99999,99999,99999,99999,99999,99999,99999,99999,99999,99999,99999,99999,99999,99999,99999,99999,99999,99999,99999,99999,99999,99999,99999,99999,99999,99999,99999,99999,99999,99999,99999
TIME_STOP,s,End time of 100 m altitude bin in UTC seconds since midnight,
TIME_MID,s,Mid time of 100 m altitude in UTC seconds since midnight,
GPSAlt,km,GPS reported altitude above sea level (km),
GPS_Lon,deg,GPS reported longitude,
GPS_Lat,deg,GPS reported latitude,
iMet_Pressure,hPa,Pressure reported (hPa),
iMet_Temperature,degrees C,Ambient temperature (oC),
THETA,K,Potential temperature from iMet,
Aerosol_concentration,cm^-3,Aerosol concentration,
Surface_Area_Conc,um^2 cm^-3,Surface area concentration,
Volume_density,um^3 cm^-3,Volume density,
Effective_radius,um,Effective radius,
Extinction,km^-1,Extinction,
Bin01,cm^-3,particle concentration in size range [140 - 146.14 nm],
Bin02,cm^-3,particle concentration in size range [146.14 - 152.56 nm],
Bin03,cm^-3,particle concentration in size range [152.56 - 159.25 nm],
Bin04,cm^-3,particle concentration in size range [159.25 - 166.24 nm],
Bin05,cm^-3,particle concentration in size range [166.24 - 173.54 nm],
Bin06,cm^-3,particle concentration in size range [173.54 - 181.16 nm],
Bin07,cm^-3,particle concentration in size range [181.16 - 189.11 nm],
Bin08,cm^-3,particle concentration in size range [189.11 - 197.41 nm],
Bin09,cm^-3,particle concentration in size range [197.41 - 206.07 nm],
Bin10,cm^-3,particle concentration in size range [206.07 - 215.12 nm],
Bin11,cm^-3,particle concentration in size range [215.12 - 224.56 nm],
Bin12,cm^-3,particle concentration in size range [224.56 - 234.41 nm],
Bin13,cm^-3,particle concentration in size range [234.41 - 244.70 nm],
Bin14,cm^-3,particle concentration in size range [244.70 - 361.30 nm],
Bin15,cm^-3,particle concentration in size range [361.30 - 472.80 nm],
Bin16,cm^-3,particle concentration in size range [472.80 - 567.00 nm],
Bin17,cm^-3,particle concentration in size range [567.00 - 610.66 nm],
Bin18,cm^-3,particle concentration in size range [610.66 - 657.69 nm],
Bin19,cm^-3,particle concentration in size range [657.69 - 708.33 nm],
Bin20,cm^-3,particle concentration in size range [708.33 - 762.88 nm],
Bin21,cm^-3,particle concentration in size range [762.88 - 821.62 nm],
Bin22,cm^-3,particle concentration in size range [821.62 - 884.89 nm],
Bin23,cm^-3,particle concentration in size range [884.89 - 953.03 nm],
Bin24,cm^-3,particle concentration in size range [953.03 - 1026.42 nm],
Bin25,cm^-3,particle concentration in size range [1026.42 - 1105.46 nm],
Bin26,cm^-3,particle concentration in size range [1105.46 - 1190.59 nm]],
[...]
LOCATION: Boulder, CO, USA
ASSOCIATED_DATA: N/A
INSTRUMENT_INFO: Printed Optical Particle Spectrometer counts particles from 140 - 2500 nm in diameter 
DATA_INFO: Particle concentrations reported in number per cubic centimeter, binned to 100 m altitude
UNCERTAINTY: Counting uncertainty dominated by air flow, less than 5 percent
ULOD_FLAG: -77777
ULOD_VALUE: 3000 ~3000 per cm3 (varies depending on flow rate- manufacturer quotes 1250  per cm3 at 1.667 cc/s)
LLOD_FLAG: -88888
LLOD_VALUE: 0 0 (varies depending on data field and measurement precision)
DM_CONTACT_INFO: Troy Thornberry, 325 Broadway R/CSL6, Boulder, CO 80305; troy.thornberry@noaa.gov; 303-497-3373
PROJECT_INFO: B2SAP Boulder, CO, USA
STIPULATIONS_ON_USE: Please contact the PIs for questions regarding applications and uncertainties
OTHER_COMMENTS: POPS bin Edges (nm):  140, 146.14, 152.56, 159.25, 166.24, 173.54, 181.16, 189.11, 197.41, 206.07, 215.12, 224.56, 234.41, 244.70, 361.30, 472.80, 567.00, 610.66, 657.69, 708.33, 762.88, 821.62, 884.89, 953.03, 1026.42, 1105.46, 1190.59, 1282.27, 1381.01, 1487.36, 1601.89, 1725.25, 1858.10, 2001.18, 2155.28, 2321.25, 2500
Calculations assume sulfate refractive index of 1.45+0.00j and extinction wavelength = 532 nm
REVISION: R0
R0: QA/QC data
TIME_START,TIME_STOP,TIME_MID,GPSAlt,GPS_Lon,GPS_Lat,iMet_Pressure,iMet_Temperature,THETA,Aerosol_concentration,Surface_Area_Conc,Volume_density,Effective_radius,Extinction,Bin01,Bin02,Bin03,Bin04,Bin05,Bin06,Bin07,Bin08,Bin09,Bin10,Bin11,Bin12,Bin13,Bin14,Bin15,Bin16,Bin17,Bin18,Bin19,Bin20,Bin21,Bin22,Bin23,Bin24,Bin25,Bin26,Bin27,Bin28,Bin29,Bin30,Bin31,Bin32,Bin33,Bin34,Bin35,Bin36
[from data line 317]
62208,62222,62215,24.9,-104.6,39.7775,28.385,-49.368,619.158,1.51243,0.362583,20.857,0.17257,0.000135356,0.126036,0.189053,0,0,0.126036,0.0945267,0.0315089,0.0315089,0.0945267,0.0630178,0.0315089,0,0.0630178,0.441125,0.126036,0.0945267,0,0,0,0,0,0,0,0,0,0,0,0,0,0,0,0,0,0,0,0
62224,62236,62230,24.8,-104.602,39.777,28.7742,-49.4608,616.497,1.07058,0.235877,13.9448,0.177356,9.49113e-05,0.104447,0.130558,0.104447,0.078335,0.078335,0.0261117,0.0261117,0.0522233,0,0.0261117,0.0261117,0.0522233,0.0522233,0.130558,0.104447,0.078335,0,0,0,0,0,0,0,0,0,0,0,0,0,0,0,0,0,0,0,0
62237,62251,62244,24.7,-104.604,39.7769,29.2333,-50.335,611.317,1.44892,0.276893,14.8578,0.160977,9.02104e-05,0.206988,0.103494,0.103494,0.051747,0.0776205,0.103494,0.0258735,0.0776205,0.051747,0.051747,0.0776205,0.0776205,0.051747,0.258735,0.0776205,0.0258735,0.0258735,0,0,0,0,0,0,0,0,0,0,0,0,0,0,0,0,0,0,0
62252,62265,62258,24.6,-104.605,39.7772,29.6415,-50.8923,607.374,1.31522,0.265801,13.3167,0.150301,7.2553e-05,0.119565,0.047826,0.143478,0.071739,0.023913,0.071739,0.047826,0.071739,0.023913,0.047826,0.047826,0.071739,0.023913,0.358695,0.143478,0,0,0,0,0,0,0,0,0,0,0,0,0,0,0,0,0,0,0,0,0
62267,62281,62274,24.5,-104.607,39.7775,30.075,-50.565,605.755,1.5906,0.26357,12.9034,0.146868,7.18103e-05,0.275296,0.122354,0.0611769,0.183531,0.183531,0.0611769,0.122354,0.0917654,0,0,0.0305885,0.0305885,0.0305885,0.275296,0.0917654,0.0305885,0,0,0,0,0,0,0,0,0,0,0,0,0,0,0,0,0,0,0,0
62283,62296,62290,24.4,-104.609,39.7777,30.5309,-50.9091,602.225,1.32812,0.321666,19.1219,0.17834,0.000125836,0.0553382,0.0830073,0.0830073,0,0.0553382,0.0830073,0.0830073,0.110676,0.0553382,0.0276691,0.0276691,0.138346,0.0553382,0.249022,0.166015,0,0.0553382,0,0,0,0,0,0,0,0,0,0,0,0,0,0,0,0,0,0,0
62300,62313,62306,24.3,-104.612,39.7778,30.9864,-50.4182,601.004,1.84974,0.328915,15.9623,0.145591,8.55844e-05,0.193257,0.138041,0.138041,0.138041,0.110433,0.0828244,0.110433,0.0828244,0,0.0828244,0.0552163,0.138041,0.0828244,0.358906,0.110433,0.0276081,0,0,0,0,0,0,0,0,0,0,0,0,0,0,0,0,0,0,0,0
62315,62331,62323,24.2,-104.615,39.7773,31.4986,-50.385,598.285,1.76724,0.378246,20.9785,0.166388,0.000131053,0.127752,0.127752,0.085168,0.10646,0.127752,0.170336,0.085168,0.042584,0.10646,0,0.042584,0.042584,0.10646,0.361964,0.170336,0.042584,0.021292,0,0,0,0,0,0,0,0,0,0,0,0,0,0,0,0,0,0,0
62333,62348,62340,24.1,-104.616,39.7766,31.9707,-50.9743,594.176,1.5301,0.321295,18.8159,0.175689,0.000124732,0.106257,0.191263,0.106257,0.0637542,0.0425028,0.106257,0.106257,0.0637542,0,0.127508,0.106257,0.0637542,0.0212514,0.255017,0.0850056,0.0425028,0.0212514,0.0212514,0,0,0,0,0,0,0,0,0,0,0,0,0,0,0,0,0,0
62350,62366,62358,24,-104.618,39.7761,32.4633,-51.3358,590.615,1.7077,0.325225,16.8158,0.155115,9.82453e-05,0.146374,0.121978,0.195165,0.121978,0.0975826,0.121978,0.0487913,0.0487913,0.0243956,0.0731869,0.0487913,0.0487913,0.121978,0.317143,0.121978,0.0487913,0,0,0,0,0,0,0,0,0,0,0,0,0,0,0,0,0,0,0,0
62366,62383,62374,23.9,-104.619,39.7757,32.9464,-51.5243,587.634,1.8385,0.350702,17.9203,0.153295,0.000102452,0.229812,0.188028,0.146244,0.146244,0.0626761,0.10446,0.041784,0.041784,0.0835681,0.0835681,0.041784,0.0626761,0,0.396948,0.188028,0.020892,0,0,0,0,0,0,0,0,0,0,0,0,0,0,0,0,0,0,0,0
62384,62398,62391,23.8,-104.621,39.7753,33.4514,-52.1029,583.558,2.14654,0.637881,40.0305,0.188266,0.000280139,0.0619195,0.103199,0.123839,0.185758,0.0619195,0.103199,0.103199,0.0412797,0.0412797,0.0412797,0.0619195,0.0206398,0.0412797,0.577915,0.392157,0.185758,0,0,0,0,0,0,0,0,0,0,0,0,0,0,0,0,0,0,0,0
62401,62416,62408,23.7,-104.623,39.7753,33.9446,-52.0485,581.268,1.92154,0.522024,31.9779,0.183773,0.000217985,0.110434,0.0662601,0.0883468,0.13252,0.0662601,0.0441734,0.110434,0.0662601,0.0883468,0.13252,0.0662601,0.0441734,0.0220867,0.441734,0.331301,0.0883468,0,0.0220867,0,0,0,0,0,0,0,0,0,0,0,0,0,0,0,0,0,0
62417,62433,62425,23.6,-104.625,39.7756,34.466,-52.138,578.501,2.20691,0.689851,44.8063,0.194852,0.000319151,0.0951256,0.0951256,0.0951256,0.171226,0.0570754,0.0761005,0.0380502,0.0951256,0.0761005,0.0380502,0.0951256,0.0761005,0.0190251,0.513678,0.494653,0.0951256,0.0761005,0,0,0,0,0,0,0,0,0,0,0,0,0,0,0,0,0,0,0
62434,62451,62442,23.5,-104.626,39.776,35.014,-53.254,572.995,2.15078,0.557775,34.6318,0.186268,0.000235685,0.0565995,0.113199,0.132065,0.132065,0.132065,0.132065,0.0943325,0.132065,0.075466,0.0565995,0.037733,0.037733,0.0943325,0.547128,0.245264,0.075466,0.0188665,0.0188665,0.0188665,0,0,0,0,0,0,0,0,0,0,0,0,0,0,0,0,0
62452,62469,62460,23.4,-104.628,39.7764,35.5129,-52.6536,572.244,2.28509,0.686669,46.2289,0.20197,0.000333549,0.100223,0.120268,0.100223,0.120268,0.100223,0.0601339,0.120268,0.0801785,0.160357,0.120268,0,0.0801785,0.0400892,0.52116,0.360803,0.120268,0,0.0400892,0.0400892,0,0,0,0,0,0,0,0,0,0,0,0,0,0,0,0,0
62470,62486,62478,23.3,-104.629,39.777,36.0954,-52.6062,569.713,1.99707,0.642237,46.5318,0.217358,0.000337178,0.107369,0.171791,0.0429478,0.0858955,0.107369,0.0644216,0.0644216,0.171791,0.0644216,0.0429478,0.0644216,0.0644216,0.0214739,0.365056,0.322108,0.171791,0.0214739,0,0.0214739,0,0,0.0214739,0,0,0,0,0,0,0,0,0,0,0,0,0,0
62487,62504,62496,23.2,-104.631,39.7775,36.6094,-52.195,568.468,2.22621,0.660166,44.0627,0.200235,0.000322797,0.172574,0.103545,0.0690297,0.120802,0.103545,0.155317,0.138059,0.103545,0.0517723,0.0517723,0.0172574,0.0690297,0.0172574,0.500465,0.327891,0.138059,0.0345148,0.0517723,0,0,0,0,0,0,0,0,0,0,0,0,0,0,0,0,0,0
62505,62521,62513,23.1,-104.633,39.778,37.2057,-52.3771,565.385,2.04431,0.44979,25.3205,0.168882,0.000159906,0.176912,0.137598,0.0393137,0.216225,0.0982842,0.137598,0.0982842,0.0393137,0.0589705,0.0393137,0.0982842,0.0589705,0.0589705,0.570048,0.117941,0.0589705,0.0393137,0,0,0,0,0,0,0,0,0,0,0,0,0,0,0,0,0,0,0
62523,62538,62530,23,-104.635,39.7782,37.75,-53.3457,560.576,1.59447,0.46994,30.2636,0.193196,0.000216525,0.077779,0.0583342,0.0583342,0.116668,0.0972237,0.0388895,0.077779,0.0583342,0.0972237,0.0388895,0.0388895,0.0194447,0.0388895,0.36945,0.252782,0.136113,0,0.0194447,0,0,0,0,0,0,0,0,0,0,0,0,0,0,0,0,0,0
62540,62555,62548,22.9,-104.638,39.7785,38.3062,-54.6685,554.875,2.2088,0.458294,25.8072,0.168935,0.000159409,0.189326,0.273471,0.0420725,0.0420725,0.126217,0.16829,0.16829,0.0841449,0.0631087,0.0631087,0.0841449,0.0631087,0.126217,0.504869,0.147254,0.0210362,0,0.0210362,0.0210362,0,0,0,0,0,0,0,0,0,0,0,0,0,0,0,0,0
62557,62574,62566,22.8,-104.64,39.7787,38.8847,-53.3747,555.777,2.01995,0.400456,22.1764,0.166133,0.000134967,0.198388,0.198388,0.144282,0.162317,0.162317,0.0541057,0.108211,0.0901761,0.0180352,0.0901761,0.0180352,0.0901761,0.0360705,0.450881,0.162317,0,0,0.0180352,0.0180352,0,0,0,0,0,0,0,0,0,0,0,0,0,0,0,0,0
62575,62592,62584,22.7,-104.642,39.7783,39.4993,-54.2613,551.057,2.06433,0.432795,24.2828,0.168321,0.000154112,0.217298,0.235406,0.217298,0.0724326,0.108649,0.0724326,0.0543245,0.0905408,0.0724326,0.0724326,0.0724326,0.0724326,0.0724326,0.307839,0.271622,0.0362163,0,0.0181082,0,0,0,0,0,0,0,0,0,0,0,0,0,0,0,0,0,0
62592,62608,62600,22.6,-104.645,39.7776,40.1493,-53.8529,549.522,2.2872,0.506866,27.6723,0.163785,0.000169613,0.213213,0.135681,0.058149,0.0969151,0.135681,0.135681,0.135681,0.0969151,0.077532,0.038766,0.058149,0.116298,0.077532,0.639639,0.174447,0.0969151,0,0,0,0,0,0,0,0,0,0,0,0,0,0,0,0,0,0,0,0
62609,62627,62618,22.5,-104.647,39.7773,40.7267,-54.2647,546.254,2.08515,0.526071,31.8324,0.181529,0.000211522,0.199449,0.0906585,0.126922,0.0906585,0.10879,0.0543951,0.0906585,0.0362634,0.10879,0.0543951,0.0181317,0.0725268,0.0543951,0.689005,0.163185,0.0906585,0,0.0181317,0.0181317,0,0,0,0,0,0,0,0,0,0,0,0,0,0,0,0,0
62627,62644,62636,22.4,-104.648,39.7772,41.3869,-54.6688,542.751,1.94279,0.537794,33.8254,0.18869,0.000225903,0.13515,0.0506813,0.0844689,0.152044,0.0337876,0.0844689,0.0675751,0.0675751,0.0506813,0.101363,0.0506813,0.0844689,0.0337876,0.523707,0.320982,0.0844689,0,0,0,0,0.0168938,0,0,0,0,0,0,0,0,0,0,0,0,0,0,0
62647,62661,62654,22.3,-104.65,39.7772,42.0308,-54.3308,541.194,2.14437,0.436818,22.204,0.152494,0.000123869,0.145734,0.166553,0.124915,0.124915,0.124915,0.104096,0.124915,0,0.104096,0.0832765,0.0416383,0.104096,0.104096,0.562117,0.208191,0.0208191,0,0,0,0,0,0,0,0,0,0,0,0,0,0,0,0,0,0,0,0
62662,62679,62670,22.2,-104.651,39.7773,42.6213,-54.758,537.992,1.9263,0.502512,30.1732,0.180134,0.000202184,0.109036,0.0726905,0.145381,0.0545179,0.109036,0.109036,0.0726905,0.0545179,0.0726905,0.0908631,0.0181726,0.109036,0.0363452,0.490661,0.272589,0.0908631,0,0.0181726,0,0,0,0,0,0,0,0,0,0,0,0,0,0,0,0,0,0
62680,62698,62689,22.1,-104.653,39.7775,43.3167,-55.748,533.08,2.54924,0.692918,44.8866,0.194337,0.00031066,0.127462,0.182088,0.200297,0.182088,0.0546265,0.109253,0.0910441,0.109253,0.0910441,0.109253,0.0364176,0.127462,0.0546265,0.491638,0.437012,0.0910441,0,0.0364176,0,0,0.0182088,0,0,0,0,0,0,0,0,0,0,0,0,0,0,0
62698,62716,62707,22,-104.654,39.7776,43.9663,-55.9144,530.412,2.51759,0.669502,41.8681,0.187609,0.00028884,0.0680429,0.204129,0.136086,0.153096,0.0340214,0.136086,0.0680429,0.119075,0.136086,0.136086,0.0680429,0.102064,0.119075,0.544343,0.306193,0.136086,0.0170107,0.0170107,0.0170107,0,0,0,0,0,0,0,0,0,0,0,0,0,0,0,0,0
62718,62734,62726,21.9,-104.656,39.7777,44.6927,-55.5007,528.939,2.49177,0.693919,47.0069,0.203224,0.000328903,0.127317,0.145505,0.109129,0.218257,0.0727525,0.200069,0.0363762,0.109129,0.0909406,0.163693,0.0909406,0.0545643,0.0363762,0.527455,0.309198,0.0909406,0.0727525,0.0181881,0,0,0,0.0181881,0,0,0,0,0,0,0,0,0,0,0,0,0,0
62735,62753,62744,21.8,-104.658,39.778,45.38,-55.6662,526.238,2.28774,0.690242,48.4254,0.210471,0.000357625,0.204872,0.136582,0.119509,0.1878,0.102436,0.0853634,0.0512181,0.0682908,0.0682908,0.0853634,0.0853634,0.0682908,0.0170727,0.44389,0.290236,0.1878,0.0341454,0.0170727,0.0170727,0,0.0170727,0,0,0,0,0,0,0,0,0,0,0,0,0,0,0
62754,62770,62762,21.7,-104.66,39.7782,46.0323,-55.4308,524.667,2.47272,0.763699,59.9782,0.235609,0.000420064,0.209552,0.146687,0.146687,0.125731,0.125731,0.146687,0.0838209,0.104776,0.0628657,0.104776,0.0209552,0.125731,0.0419105,0.544836,0.230507,0.0838209,0.0838209,0.0209552,0,0,0.0209552,0.0209552,0.0209552,0,0,0,0,0,0,0,0,0,0,0,0,0
62771,62789,62780,21.6,-104.661,39.7783,46.778,-56.468,519.777,2.2007,0.644006,42.2623,0.196872,0.00030713,0.091696,0.146714,0.091696,0.128374,0.110035,0.128374,0.0733568,0.110035,0.0550176,0.0733568,0.0550176,0.0550176,0.0733568,0.495158,0.256749,0.183392,0.0733568,0,0,0,0,0,0,0,0,0,0,0,0,0,0,0,0,0,0,0
62790,62807,62798,21.5,-104.663,39.7786,47.5279,-56.6264,517.037,2.2214,0.635546,41.1769,0.194369,0.000291229,0.137609,0.216243,0.137609,0.0589753,0.0589753,0.0982922,0.0982922,0.0786338,0.0196584,0.0786338,0.0786338,0.0393169,0.0393169,0.570095,0.334193,0.117951,0.0196584,0.0196584,0.0196584,0,0,0,0,0,0,0,0,0,0,0,0,0,0,0,0,0
62809,62825,62817,21.4,-104.663,39.7792,48.256,-57.474,512.779,2.73138,0.768404,52.9746,0.206823,0.000379618,0.183314,0.183314,0.146651,0.109988,0.12832,0.146651,0.109988,0.0549942,0.146651,0.0549942,0.12832,0.12832,0.109988,0.586605,0.293302,0.0549942,0.091657,0,0.0366628,0.0366628,0,0,0,0,0,0,0,0,0,0,0,0,0,0,0,0
62826,62842,62834,21.3,-104.665,39.7799,48.9685,-56.8508,512.114,2.87633,0.710789,44.9833,0.189859,0.000312031,0.226483,0.13589,0.13589,0.13589,0.203835,0.158538,0.13589,0.0226483,0.181186,0.13589,0.0905931,0.203835,0.113241,0.588855,0.158538,0.158538,0.0679449,0,0,0.0226483,0,0,0,0,0,0,0,0,0,0,0,0,0,0,0,0
62849,62863,62856,21.2,-104.667,39.7804,49.825,-56.877,509.521,2.79832,0.803108,59.5836,0.222574,0.000407818,0.182499,0.182499,0.182499,0.182499,0.0304166,0.0912497,0.121666,0.121666,0.0608331,0.212916,0.0608331,0.152083,0.0912497,0.669164,0.243332,0.0304166,0.0912497,0.0304166,0,0.0304166,0,0,0.0304166,0,0,0,0,0,0,0,0,0,0,0,0,0
62864,62881,62872,21.1,-104.668,39.7802,50.5544,-56.7867,507.621,2.8998,1.00023,73.7908,0.221321,0.000569438,0.134874,0.118015,0.286608,0.134874,0.134874,0.118015,0.101156,0,0.168593,0.101156,0.0674372,0.0505779,0.0505779,0.623794,0.303467,0.320327,0.101156,0.0168593,0.0505779,0.0168593,0,0,0,0,0,0,0,0,0,0,0,0,0,0,0,0
62882,62898,62890,21,-104.67,39.7795,51.2681,-57.5881,503.718,2.53272,0.825421,59.2627,0.215391,0.000443506,0.152344,0.133301,0.133301,0.152344,0.0761719,0.0952149,0.0952149,0.0571289,0.0952149,0.0761719,0.114258,0.038086,0.0761719,0.571289,0.38086,0.114258,0.0571289,0.0952149,0,0,0.019043,0,0,0,0,0,0,0,0,0,0,0,0,0,0,0
62902,62919,62910,20.9,-104.672,39.7784,52.1544,-57.8194,500.725,2.59259,0.874941,71.4094,0.244849,0.000507051,0.209695,0.171568,0.114379,0.114379,0.0953158,0.0762526,0.190632,0.0571895,0.114379,0.133442,0.114379,0.0381263,0.0762526,0.438453,0.3622,0.0762526,0.0762526,0.0571895,0.0190632,0,0,0.0190632,0.0381263,0,0,0,0,0,0,0,0,0,0,0,0,0
62921,62938,62930,20.8,-104.673,39.7774,53.0175,-58.4919,496.826,3.01747,0.718539,43.8798,0.183204,0.000301951,0.381958,0.114587,0.229175,0.229175,0.171881,0.133685,0.114587,0.0572937,0.114587,0.133685,0.133685,0.0572937,0.0381958,0.611132,0.286468,0.152783,0.0190979,0.0381958,0,0,0,0,0,0,0,0,0,0,0,0,0,0,0,0,0,0
62940,62957,62948,20.7,-104.674,39.7764,53.8556,-58.9913,493.45,3.04052,0.96028,68.0111,0.212473,0.000511169,0.15395,0.173194,0.15395,0.115463,0.15395,0.134707,0.0577314,0.173194,0.096219,0.096219,0.134707,0.096219,0.0384876,0.80824,0.230926,0.230926,0.096219,0.0577314,0.0192438,0.0192438,0,0,0,0,0,0,0,0,0,0,0,0,0,0,0,0
62957,62974,62966,20.6,-104.676,39.7752,54.7125,-58.8987,491.443,3.15041,0.842742,54.8768,0.195351,0.000388524,0.134469,0.326567,0.211308,0.153678,0.096049,0.096049,0.192098,0.115259,0.134469,0.134469,0.0192098,0.153678,0.0768392,0.729973,0.326567,0.115259,0.0768392,0.0384196,0,0.0192098,0,0,0,0,0,0,0,0,0,0,0,0,0,0,0,0
62975,62991,62983,20.5,-104.677,39.774,55.5387,-59.0507,488.998,3.1433,0.860106,60.8937,0.212393,0.000438095,0.142877,0.244933,0.142877,0.224522,0.1837,0.142877,0.244933,0.0816442,0.204111,0.102055,0.0816442,0.0612332,0.0816442,0.714387,0.1837,0.163288,0.0204111,0.0612332,0,0.0204111,0.0408221,0,0,0,0,0,0,0,0,0,0,0,0,0,0,0
62994,63013,63004,20.4,-104.678,39.7726,56.3947,-59.3241,486.242,3.1775,0.991754,68.3755,0.206832,0.000491834,0.144432,0.126378,0.126378,0.108324,0.144432,0.18054,0.018054,0.18054,0.09027,0.09027,0.144432,0.108324,0.108324,0.884646,0.415242,0.162486,0.054162,0.036108,0.018054,0.018054,0.018054,0,0,0,0,0,0,0,0,0,0,0,0,0,0,0
63013,63034,63024,20.3,-104.678,39.7713,57.3115,-58.8305,485.122,3.23129,0.947804,65.1098,0.206086,0.000470851,0.18377,0.214398,0.122513,0.122513,0.245027,0.107199,0.107199,0.122513,0.153142,0.091885,0.0612567,0.153142,0.122513,0.750394,0.336912,0.214398,0.0459425,0.0306283,0,0.0306283,0.0153142,0,0,0,0,0,0,0,0,0,0,0,0,0,0,0
63035,63055,63045,20.2,-104.678,39.7704,58.2484,-58.5989,483.397,3.26745,1.07469,79.0819,0.220758,0.00059648,0.241437,0.241437,0.160958,0.128766,0.160958,0.0321916,0.144862,0.0965749,0.160958,0.112671,0.112671,0.0160958,0.0804791,0.756503,0.434587,0.112671,0.112671,0.0482874,0.0965749,0.0160958,0,0,0,0,0,0,0,0,0,0,0,0,0,0,0,0
63058,63075,63066,20.1,-104.679,39.7693,59.19,-59.3963,479.404,2.70818,0.859171,64.3913,0.224837,0.000463083,0.209561,0.209561,0.128961,0.112841,0.145081,0.128961,0.128961,0.0483603,0.0483603,0.0322402,0.0483603,0.0644804,0.145081,0.628684,0.370762,0.0967206,0.0322402,0.0483603,0.0322402,0.0161201,0.0161201,0,0.0161201,0,0,0,0,0,0,0,0,0,0,0,0,0
63079,63096,63088,20,-104.679,39.7683,60.1294,-58.9029,478.356,3.57653,1.01737,67.355,0.198615,0.000472782,0.252886,0.216759,0.180633,0.144506,0.162569,0.180633,0.10838,0.0541898,0.234823,0.0722531,0.0541898,0.126443,0.0722531,1.01154,0.415455,0.162569,0.0541898,0.0180633,0.0361265,0,0.0180633,0,0,0,0,0,0,0,0,0,0,0,0,0,0,0
