data/B2SAP/Locations/Boulder/NOAA-POPS-B2SAP_GMLBalloon_20191231_R0.ict
61,1001
Thornberry, T. D.
NOAA Chemical Sciences Laboratory
Portable Optical Particle Spectrometer (POPS)
Balloon Baseline Stratospheric Aerosol Profiles (B2SAP)
1,1
2019,12,31,2024,05,30
0
TIME_START,s,Seconds since midnight UTC on flight start day,Start time of 100 m altitude bin in UTC_seconds_since_midnight
28
1.0,1.0,1.0,1.0,1.0,1.0,1.0,1.0,1.0,1.0,1.0,1.0,1.0,1.0,1.0,1.0,1.0,1.0,1.0,1.0,1.0,1.0,1.0,1.0,1.0,1.0,1.0,1.0
99999,99999,99999,99999,99999,99999,99999,99999,99999,99999,99999,99999,99999,99999,99999,99999,99999,99999,99999,99999,99999,99999,99999,99999,99999,99999,99999,99999
TIME_STOP,s,End time of 100 m altitude bin in UTC seconds since midnight,
TIME_MID,s,Mid time of 100 m altitude in UTC seconds since midnight,
GPSAlt,m,GPS reported altitude above sea level (m),
GPS_Lon,deg,GPS reported longitude,
GPS_Lat,deg,GPS reported latitude,
iMet_Pressure,mb,Pressure reported (mB),
iMet_Temperature,degrees C,Ambient temperature (oC),
THETA,K,Potential temperature from iMet,
Aerosol_concentration,cm^-3,Aerosol concentration,
Surface_Area_Conc,um^2 cm^-3,Surface area concentration,
Volume_density,um^3 cm^-3,Volume density,
Effective_radius,um,Effective radius,
Extinction,km^-1,Extinction,
Bin01,cm^-3,particle concentration in size range [140 - 170 nm],
Bin02,cm^-3,particle concentration in size range [170 - 205 nm],
Bin03,cm^-3,particle concentration in size range [205 - 249 nm],
Bin04,cm^-3,particle concentration in size range [249 - 302 nm],
Bin05,cm^-3,particle concentration in size range [302 - 366 nm],
Bin06,cm^-3,particle concentration in size range [366 - 443 nm],
Bin07,cm^-3,particle concentration in size range [443 - 537 nm],
Bin08,cm^-3,particle concentration in size range [537 - 651 nm],
Bin09,cm^-3,particle concentration in size range [651 - 789 nm],
Bin10,cm^-3,particle concentration in size range [789 - 956 nm],
Bin11,cm^-3,particle concentration in size range [956 - 1159 nm],
Bin12,cm^-3,particle concentration in size range [1159 - 1404 nm],
Bin13,cm^-3,particle concentration in size range [1404 - 1702 nm],
Bin14,cm^-3,particle concentration in size range [1702 - 2062 nm],
Bin15,cm^-3,particle concentration in size range [2062 - 2500 nm],
0
19
PI_CONTACT_INFO: 325 Broadway R/CSL6, Boulder, CO 80305; troy.thornberry@noaa.gov; 303-497-3373 
PLATFORM: GML ECC/FPH balloon
LOCATION: Boulder, CO, USA
ASSOCIATED_DATA: N/A
INSTRUMENT_INFO: Printed Optical Particle Spectrometer counts particles from 140 - 2500 nm in diameter 
DATA_INFO: Particle concentrations reported in number per cubic centimeter, binned to 100 m altitude
UNCERTAINTY: Counting uncertainty dominated by air flow, less than 5 percent
ULOD_FLAG: -77777
ULOD_VALUE: 3000 ~3000 per cm3 (varies depending on flow rate- manufacturer quotes 1250  per cm3 at 1.667 cc/s)
LLOD_FLAG: -88888
LLOD_VALUE: 0 0 (varies depending on data field and measurement precision)
DM_CONTACT_INFO: Troy Thornberry, 325 Broadway R/CSL6, Boulder, CO 80305; troy.thornberry@noaa.gov; 303-497-3373
PROJECT_INFO: B2SAP Boulder, CO, USA
STIPULATIONS_ON_USE: Please contact the PIs for questions regarding applications and uncertainties
OTHER_COMMENTS: POPS bin Edges (nm):  140, 170, 205, 249, 302, 366, 443, 537, 651, 789, 956, 1159, 1404, 1702, 2062, 2500
Calculations assume sulfate refractive index of 1.45+0.00j and extinction wavelength = 532 nm
REVISION: R0
R0: QA/QC data
TIME_START,TIME_STOP,TIME_MID,GPSAlt,GPS_Lon,GPS_Lat,iMet_Pressure,iMet_Temperature,THETA,Aerosol_concentration,Surface_Area_Conc,Volume_density,Effective_radius,Extinction,Bin01,Bin02,Bin03,Bin04,Bin05,Bin06,Bin07,Bin08,Bin09,Bin10,Bin11,Bin12,Bin13,Bin14,Bin15
[from data line 310]
69865,69881,69873,22,-105.137,39.5871,38.7818,-54.25,553.979,3.14063,1.01681,69.2621,0.204352,0.000521829,0.520886,0.505565,0.551526,0.337044,0.245123,0.444285,0.413644,0.107241,0.0153202,0,0,0,0,0,0
69882,69898,69890,21.9,-105.139,39.5874,39.4482,-54.0694,551.755,2.80257,0.942061,66.6744,0.212325,0.000487039,0.391757,0.452028,0.497231,0.316419,0.210946,0.527366,0.316419,0.0452028,0.0301352,0.0150676,0,0,0,0,0
69899,69915,69907,21.8,-105.14,39.5876,40.0513,-53.7919,550.051,3.08744,1.10145,85.9331,0.234054,0.000621748,0.525183,0.44561,0.334207,0.588841,0.334207,0.366036,0.302378,0.0954878,0.0477439,0.0477439,0,0,0,0,0
69916,69933,69924,21.7,-105.142,39.5876,40.7388,-53.9947,546.885,2.70732,0.817209,54.2148,0.199024,0.000378986,0.443822,0.39944,0.39944,0.473411,0.281088,0.39944,0.251499,0.0443822,0,0.0147941,0,0,0,0,0
69934,69951,69942,21.6,-105.144,39.5875,41.4,-53.5853,545.391,2.94859,1.06496,74.0153,0.208501,0.000559223,0.316515,0.49976,0.316515,0.416467,0.299856,0.566395,0.433126,0.0666347,0.0333174,0,0,0,0,0,0
69952,69968,69960,21.5,-105.145,39.5872,42.0825,-53.3362,543.46,3.08428,1.1409,87.3519,0.229693,0.00062983,0.337583,0.506374,0.398962,0.398962,0.49103,0.506374,0.245515,0.122757,0.0306894,0.046034,0,0,0,0,0
69969,69987,69978,21.4,-105.146,39.5868,42.8011,-52.9606,541.772,3.08802,1.04217,74.8889,0.215576,0.000554996,0.544144,0.448919,0.421712,0.421712,0.326487,0.476126,0.244865,0.163243,0.0272072,0.0136036,0,0,0,0,0
69988,70004,69996,21.3,-105.148,39.5863,43.5262,-52.7456,539.691,3.40948,1.39395,108.929,0.234433,0.000849448,0.35165,0.473963,0.519831,0.53512,0.290494,0.397517,0.519831,0.214048,0.0917348,0.0152891,0,0,0,0,0
70005,70022,70014,21.2,-105.15,39.5857,44.1271,-52.6859,537.733,3.33752,1.35816,99.442,0.219654,0.00077517,0.359647,0.374033,0.41719,0.431576,0.302103,0.704908,0.517891,0.187016,0.0431576,0,0,0,0,0,0
70023,70040,70032,21.1,-105.152,39.5852,44.9119,-52.655,535.109,3.46921,1.3557,101.832,0.22534,0.000780922,0.275091,0.672445,0.366788,0.565465,0.305657,0.565465,0.42792,0.229243,0.0458485,0.0152828,0,0,0,0,0
70041,70058,70050,21,-105.153,39.5851,45.6094,-52.6489,532.765,3.88513,1.76517,140.354,0.23854,0.00110561,0.326025,0.516206,0.489038,0.421116,0.339609,0.665635,0.787894,0.21735,0.0950906,0.0271688,0,0,0,0,0
70060,70076,70068,20.9,-105.154,39.585,46.4031,-52.6156,530.237,3.85059,1.69836,134.336,0.237292,0.00106452,0.473684,0.397283,0.473684,0.427843,0.519524,0.550084,0.504244,0.412563,0.0764006,0.0152801,0,0,0,0,0
70077,70093,70085,20.8,-105.155,39.5854,47.1471,-53.0206,526.85,4.20706,1.84788,164.875,0.267671,0.00108306,0.547494,0.749203,0.360194,0.489863,0.374601,0.648349,0.70598,0.230524,0.0288155,0.0288155,0.0432232,0,0,0,0
70094,70111,70102,20.7,-105.157,39.5856,47.925,-52.7294,525.094,4.07158,1.72609,139.484,0.242428,0.00101887,0.503841,0.503841,0.503841,0.449371,0.490223,0.585545,0.76257,0.177025,0.0544693,0.0272346,0.0136173,0,0,0,0
70112,70129,70120,20.6,-105.159,39.5854,48.6883,-52.565,523.12,4.38482,2.02657,179.279,0.265392,0.00126225,0.535096,0.639143,0.445914,0.490505,0.475641,0.624279,0.713462,0.297276,0.0891827,0.0445914,0.0297276,0,0,0,0
70130,70147,70138,20.5,-105.161,39.5847,49.4918,-52.4071,521.045,4.03762,1.82654,150.704,0.247523,0.0011121,0.538349,0.45918,0.45918,0.300842,0.475014,0.633352,0.839191,0.237507,0.0633352,0.0158338,0,0.0158338,0,0,0
70148,70165,70156,20.4,-105.163,39.5838,50.2656,-52.1656,519.317,3.2415,1.44399,126.264,0.262324,0.000833356,0.298756,0.537761,0.343569,0.40332,0.26888,0.61245,0.552698,0.13444,0.0448134,0.0149378,0.0149378,0.0149378,0,0,0
70166,70183,70174,20.3,-105.164,39.5828,51.0694,-53.3439,514.206,3.85959,1.53877,119.048,0.232097,0.000911181,0.570679,0.585697,0.465554,0.375447,0.28534,0.765912,0.540643,0.165197,0.0750894,0.0300357,0,0,0,0,0
70184,70202,70193,20.2,-105.164,39.5815,51.8726,-54.2947,509.704,4.32965,1.7282,136.264,0.236542,0.00100225,0.557282,0.600149,0.743042,0.4001,0.371521,0.643017,0.714464,0.20005,0.0857356,0,0.0142893,0,0,0,0
70203,70220,70212,20.1,-105.165,39.5803,52.7639,-54.1228,507.635,4.7785,1.88545,145.574,0.231627,0.0010675,0.723559,0.557743,0.572817,0.572817,0.602966,0.663262,0.738633,0.286409,0.0452224,0,0.0150741,0,0,0,0
70221,70238,70230,20,-105.165,39.5794,53.6022,-54.3389,504.842,4.01292,1.64476,126.572,0.230864,0.000956439,0.482757,0.467671,0.467671,0.543102,0.407326,0.754308,0.663791,0.135775,0.0452585,0.0452585,0,0,0,0,0
70239,70257,70248,19.9,-105.165,39.5787,54.5367,-54.3572,502.322,4.11887,1.40217,96.2842,0.206004,0.00071699,0.603497,0.603497,0.497885,0.543147,0.558235,0.694022,0.437535,0.135787,0.0452623,0,0,0,0,0,0
70258,70275,70266,19.8,-105.165,39.5778,55.395,-54.1628,500.53,4.08506,1.37043,92.9826,0.203548,0.000688883,0.618035,0.572813,0.482369,0.587887,0.542665,0.693405,0.406999,0.15074,0.0301481,0,0,0,0,0,0
70276,70293,70284,19.7,-105.165,39.5768,56.2712,-53.7859,499.143,4.85966,1.81933,134.03,0.22101,0.00101065,0.701066,0.716999,0.541733,0.493933,0.685133,0.796666,0.637333,0.223066,0.0318666,0.0318666,0,0,0,0,0
70294,70312,70303,19.6,-105.165,39.5765,57.23,-54.1247,495.982,5.08395,2.00458,161.983,0.242419,0.00114893,0.628353,0.671196,0.75688,0.771161,0.499827,0.771161,0.614073,0.242773,0.057123,0.057123,0.0142808,0,0,0,0
70313,70331,70322,19.5,-105.165,39.5764,58.1516,-54.3147,493.283,5.57333,2.09859,154.813,0.22131,0.00116206,0.571623,0.72882,0.928888,0.628785,0.843144,0.843144,0.714529,0.185778,0.100034,0.0285812,0,0,0,0,0
70332,70350,70341,19.4,-105.166,39.5761,59.0789,-54.2532,491.204,5.45845,2.25098,181.011,0.241243,0.00131027,0.571565,0.671589,0.871637,0.685878,0.614433,0.800191,0.857348,0.242915,0.0857348,0.0428674,0,0.0142891,0,0,0
70351,70368,70360,19.3,-105.166,39.5754,60.0282,-54.1624,489.175,6.36832,2.38746,180.721,0.227087,0.00129618,0.782075,0.845918,0.8938,0.90976,0.782075,0.957643,0.845918,0.239411,0.0798035,0.0159607,0.0159607,0,0,0,0
70369,70388,70378,19.2,-105.166,39.5747,61.039,-54.4505,486.202,6.52055,2.58816,195.859,0.227026,0.00149572,0.665639,0.91016,0.91016,0.815069,0.815069,1.046,0.828653,0.407534,0.0815069,0.0407534,0,0,0,0,0
70389,70408,70398,19.1,-105.166,39.5738,62.031,-54.334,484.234,6.74789,2.76158,216.237,0.234906,0.00159748,0.814635,0.828212,0.868944,0.841789,0.719594,1.16764,1.05903,0.298699,0.0950407,0.0407317,0.0135772,0,0,0,0
70411,70428,70420,19,-105.165,39.5729,63.068,-54.87,480.752,7.24083,3.11586,247.992,0.23877,0.00183965,0.85293,0.907372,0.671455,0.889225,0.889225,1.16144,1.36106,0.381096,0.0544423,0.0544423,0.0181474,0,0,0,0
70429,70449,70439,18.9,-105.165,39.5727,64.0767,-54.5111,479.374,8.21334,3.48369,280.936,0.241929,0.00201807,0.875687,0.875687,1.01157,1.17765,0.966275,1.5853,1.14745,0.286863,0.226471,0.0301961,0.0301961,0,0,0,0
70450,70470,70460,18.8,-105.165,39.5726,65.1486,-55.5405,474.857,8.59459,3.41884,260.402,0.228501,0.00196337,1.00118,1.17022,0.962178,1.14421,1.05319,1.57329,1.0792,0.429079,0.104019,0.0780144,0,0,0,0,0
70471,70491,70481,18.7,-105.163,39.5728,66.1435,-56.1382,471.505,9.15007,3.83645,291.312,0.227798,0.00222164,0.88601,1.07932,0.821573,1.30485,1.27263,1.78813,1.3854,0.402732,0.144984,0.0644371,0,0,0,0,0
70492,70513,70502,18.6,-105.162,39.5734,67.2832,-55.75,470.054,8.52241,3.44122,255.98,0.223159,0.00197501,0.906904,1.08083,1.08083,0.931751,1.14295,1.39141,1.45353,0.40997,0.0869634,0.03727,0,0,0,0,0
70514,70532,70523,18.5,-105.161,39.5743,68.3854,-55.4692,468.477,8.35681,3.38797,253.377,0.224362,0.00195949,0.818883,0.902871,1.32281,0.965862,1.11284,1.32281,1.34381,0.377946,0.167976,0.020997,0,0,0,0,0
70533,70552,70542,18.4,-105.161,39.575,69.4256,-55.4856,466.425,8.22357,3.54715,276.781,0.234088,0.00211985,0.801883,0.716577,1.14311,1.17723,0.972497,1.43315,1.29666,0.494779,0.102368,0.0853067,0,0,0,0,0
70553,70572,70562,18.3,-105.16,39.5755,70.5915,-55.0805,465.086,8.29685,3.44579,264.057,0.229896,0.00202181,0.899166,0.831047,1.10352,1.0899,1.14439,1.34875,1.18526,0.544949,0.0817423,0.0681186,0,0,0,0,0
70573,70593,70583,18.2,-105.16,39.5754,71.7581,-55.27,462.495,8.55934,3.65417,291.409,0.239241,0.00217271,0.935163,1.06505,1.01309,1.0001,1.06505,1.40274,1.46769,0.40264,0.103907,0.0909186,0.0129884,0,0,0,0
70594,70613,70604,18.1,-105.159,39.5753,72.8479,-54.6271,461.873,7.14257,3.0169,242.524,0.241165,0.00178002,0.940338,0.720259,0.800288,0.980353,0.960345,1.16042,0.920331,0.480173,0.120043,0.0400144,0.0200072,0,0,0,0
70614,70632,70623,18,-105.158,39.5752,74.0758,-54.0589,460.871,7.74132,3.15254,254.235,0.241933,0.00179854,0.93786,1.00144,0.969652,1.03324,0.93786,1.1763,1.1763,0.333814,0.0953756,0.0476878,0.0317919,0,0,0,0
70633,70652,70642,17.9,-105.158,39.5749,75.2405,-53.8425,459.266,6.95475,2.86903,222.94,0.233117,0.00172468,0.814656,0.950432,0.784484,0.935346,0.784484,1.14655,0.935346,0.362069,0.211207,0.0301725,0,0,0,0,0
70653,70674,70664,17.8,-105.156,39.5744,76.4705,-53.8832,457.068,8.28525,3.41566,265.808,0.233462,0.0019967,0.919059,1.09738,0.960211,1.06995,1.08367,1.16597,1.3443,0.493823,0.0960211,0.0411519,0.0137173,0,0,0,0
70675,70690,70682,17.7,-105.155,39.5738,77.5625,-53.9794,455.014,8.81208,3.44731,263.164,0.229016,0.00193977,1.16991,1.13217,1.00009,1.20765,1.01896,1.58504,1.07556,0.41513,0.188696,0,0.0188696,0,0,0,0
70697,70717,70707,17.6,-105.153,39.5732,79.0908,-53.8846,452.683,10.8177,4.35271,329.019,0.226768,0.00250919,1.34641,1.04463,1.46248,1.39284,1.46248,1.78748,1.57855,0.510709,0.162498,0.0696421,0,0,0,0,0
70718,70738,70728,17.5,-105.152,39.5724,80.219,-56.339,445.813,10.275,4.28826,325.562,0.227758,0.0024937,1.09,1.07546,1.01733,1.52599,1.46786,1.71493,1.67133,0.508665,0.1308,0.0726664,0,0,0,0,0
70747,70761,70754,17.4,-105.15,39.5711,81.8562,-56.1346,443.652,11.9854,4.73652,344.636,0.218284,0.00268574,1.2431,1.7591,1.57147,1.07892,1.52456,2.06402,2.04056,0.539459,0.164183,0,0,0,0,0,0
70762,70782,70772,17.3,-105.15,39.5703,82.8614,-55.4243,443.562,11.9685,5.10226,397.958,0.233989,0.00301161,1.12883,1.23014,1.563,1.60642,1.67878,1.91033,1.91033,0.622305,0.246028,0.0578889,0.0144722,0,0,0,0
70783,70805,70794,17.2,-105.149,39.5694,84.2368,-55.3795,441.574,12.0537,5.37894,425.491,0.23731,0.00323529,1.03554,1.13219,1.61544,1.5326,1.3393,2.43007,1.9192,0.731782,0.220915,0.0828433,0.0138072,0,0,0,0
70806,70826,70816,17.1,-105.149,39.5684,85.59,-55.3633,439.592,12.7154,5.39188,410.852,0.228595,0.00317261,1.11387,1.51891,1.48998,1.62017,1.67803,2.30006,1.99628,0.737756,0.188055,0.072329,0,0,0,0,0
70835,70849,70842,17,-105.148,39.5672,87.274,-54.4653,438.962,13.0313,5.53438,438.724,0.237818,0.00325651,1.4524,1.27085,1.55326,1.87602,1.73481,2.19878,1.91636,0.706029,0.18155,0.121034,0.0201723,0,0,0,0
70850,70871,70860,16.9,-105.147,39.5662,88.4336,-55.8882,434.464,14.0355,6.26151,491.321,0.235401,0.0037962,1.10734,1.45338,1.64717,1.82711,1.96552,2.43614,2.43614,0.761295,0.276834,0.124576,0,0,0,0,0
70872,70894,70883,16.8,-105.145,39.5647,89.83,-54.7109,434.859,14.1979,6.26359,486.537,0.233031,0.00366577,1.4356,1.18535,1.52779,1.75169,1.93608,2.6868,2.73949,0.684872,0.158047,0.065853,0.0263412,0,0,0,0
70895,70916,70906,16.7,-105.143,39.5633,91.2825,-55.292,431.727,13.4484,5.99964,468.22,0.234124,0.00363784,1.09287,1.32055,1.59377,1.70002,1.97324,2.30717,2.29199,0.789296,0.288397,0.0910726,0,0,0,0,0
70917,70938,70928,16.6,-105.14,39.5625,92.77,-55.0938,430.128,14.6418,6.40583,519.119,0.243116,0.003783,1.66685,1.4585,1.79944,1.83733,1.74262,2.36769,2.65181,0.776602,0.227298,0.0568245,0.037883,0.0189415,0,0,0
70939,70962,70950,16.5,-105.138,39.5623,94.26,-55.5358,427.303,14.9751,6.52761,508.845,0.233858,0.00382163,1.36597,1.42921,1.78335,1.88454,2.04896,2.87107,2.46634,0.809466,0.215014,0.0758874,0.0252958,0,0,0,0
70963,70986,70974,16.4,-105.135,39.5623,95.8075,-55.2312,425.919,14.5838,6.28188,536.564,0.256244,0.00370085,1.45081,1.5265,1.91759,1.90498,1.94282,2.34653,2.42222,0.744329,0.239699,0.0756944,0,0,0,0,0.0126157
70987,71010,70998,16.3,-105.133,39.5627,97.3291,-55.6109,423.267,14.8525,6.39765,495.661,0.232426,0.00378989,1.51991,1.61324,1.58657,1.85322,1.97322,2.71984,2.51985,0.639963,0.359979,0.0533302,0.0133326,0,0,0,0
71011,71033,71022,16.2,-105.131,39.5631,98.925,-54.975,422.529,14.4072,6.63305,564.481,0.255303,0.00407046,1.60269,1.51745,1.4663,1.82434,2.02894,2.31879,2.25059,0.835447,0.375099,0.11935,0.0681998,0,0,0,0
71034,71058,71046,16.1,-105.129,39.5629,100.552,-55.428,419.698,14.5431,6.01384,478.808,0.238853,0.00344463,1.58553,1.6402,1.83156,1.92724,2.03658,2.48764,2.11859,0.505728,0.259698,0.109347,0.041005,0,0,0,0
71059,71084,71072,16,-105.127,39.5622,102.172,-54.516,419.538,13.5705,5.98143,504.441,0.253004,0.00356734,1.34752,1.67419,1.74225,1.82392,1.55169,2.21865,2.05531,0.707789,0.272226,0.108891,0.0544453,0.0136113,0,0,0
71085,71103,71094,15.9,-105.124,39.5619,103.619,-54.2747,418.307,14.0615,5.76785,470.278,0.244603,0.00333384,1.64587,1.78899,1.96789,1.68165,1.86055,2.1289,1.96789,0.644036,0.214679,0.125229,0,0,0.0357798,0,0
71111,71133,71122,15.8,-105.121,39.5622,105.336,-54.9341,415.1,12.8526,5.53463,477.717,0.258942,0.00325334,1.56397,1.54392,1.70433,1.60407,1.70433,1.98504,1.68428,0.621579,0.22056,0.140356,0.0601528,0.0200509,0,0,0
71134,71157,71146,15.7,-105.118,39.563,107.117,-54.6386,413.677,11.8355,4.35666,337.188,0.232188,0.00245113,1.91314,1.60509,1.70237,1.63752,1.1187,1.79965,1.18355,0.632309,0.129704,0.0972783,0.016213,0,0,0,0
71158,71181,71170,15.6,-105.115,39.5643,108.811,-54.335,412.392,11.796,4.66689,389.329,0.250271,0.00262569,1.71671,1.85269,1.25779,1.44476,1.47875,1.8017,1.49575,0.441926,0.135977,0.101983,0.0679886,0,0,0,0
71182,71205,71194,15.5,-105.113,39.5653,110.545,-54.4064,410.404,11.301,4.48395,368.024,0.246227,0.00262472,1.94792,1.53051,1.32953,1.31407,1.09764,1.77786,1.54597,0.44833,0.123677,0.154597,0.0309193,0,0,0,0
71206,71231,71218,15.4,-105.111,39.5659,112.041,-55.238,407.282,10.2423,4.10832,373.048,0.272409,0.00240434,1.77533,1.63877,1.43392,1.1608,1.02423,1.3315,1.12665,0.34141,0.136564,0.204846,0,0.0682821,0,0,0
71232,71256,71244,15.3,-105.108,39.5668,114.222,-55.1584,405.182,10.6437,3.81553,277.847,0.21846,0.00208856,1.65114,1.4601,1.33729,1.47374,1.30999,1.47374,1.2827,0.518539,0.0818746,0.0545831,0,0,0,0,0
71263,71281,71272,15.2,-105.106,39.5676,116.227,-53.4142,406.404,10.9196,3.80906,303.099,0.23872,0.00202663,2.04853,1.62101,1.47851,1.6032,1.0688,1.19349,1.37163,0.338453,0.0890667,0.05344,0.05344,0,0,0,0
71282,71305,71294,15.1,-105.105,39.5682,117.941,-53.3747,404.787,10.4507,3.73915,293.311,0.23533,0.00201945,1.86762,1.70867,1.21196,1.21196,1.1921,1.49012,1.15236,0.45697,0.0596048,0.0596048,0.0397365,0,0,0,0
71310,71324,71317,15,-105.103,39.5685,119.688,-53.6067,402.651,10.5814,4.11371,319.602,0.233076,0.00238524,1.55345,1.62099,1.3058,1.17071,1.23825,1.35082,1.44088,0.720439,0.135082,0.0225137,0.0225137,0,0,0,0
71329,71352,71340,14.9,-105.102,39.5686,121.589,-52.5133,402.844,10.7546,3.89714,320.222,0.246506,0.00211853,2.01648,1.6524,1.30231,1.40034,1.13427,1.54037,1.07826,0.364087,0.12603,0.0840201,0.0420101,0.0140034,0,0,0
71362,71378,71370,14.8,-105.098,39.5682,123.931,-52.6818,400.355,9.91265,3.32504,239.576,0.216157,0.00179238,1.97857,1.5235,1.36521,0.989286,0.989286,1.40479,1.22671,0.257214,0.1385,0.0395714,0,0,0,0,0
71393,71408,71400,14.7,-105.095,39.5676,125.98,-52.7206,398.399,10.4268,3.41153,259.573,0.228261,0.00178402,2.33342,1.53459,1.32437,1.26131,1.17722,1.38744,0.840871,0.399413,0.0630653,0.0840871,0,0.0210218,0,0,0
71409,71434,71422,14.6,-105.092,39.5676,127.601,-52.6878,397.013,10.9671,3.95403,309.705,0.234979,0.0022331,1.88701,1.81227,1.58807,1.25178,1.00889,1.36388,1.34519,0.504447,0.0747329,0.112099,0.0186832,0,0,0,0
71435,71456,71446,14.5,-105.089,39.5679,129.443,-52.2241,396.224,11.2118,4.18443,330.307,0.236811,0.00235576,1.89152,1.49491,1.51017,1.44915,1.29661,1.51017,1.22034,0.610168,0.122034,0.076271,0.0305084,0,0,0,0
