data/B2SAP/Locations/Boulder/NOAA-POPS-B2SAP_GMLBalloon_20190408_R0.ict
61,1001
Thornberry, T. D.
NOAA Chemical Sciences Laboratory
Portable Optical Particle Spectrometer (POPS)
Balloon Baseline Stratospheric Aerosol Profiles (B2SAP)
1,1
2019,04,08,2024,05,30
0
TIME_START,s,Seconds since midnight UTC on flight start day,Start time of 100 m altitude bin in UTC_seconds_since_midnight
28
1.0,1.0,1.0,1.0,1.0,1.0,1.0,1.0,1.0,1.0,1.0,1.0,1.0,1.0,1.0,1.0,1.0,1.0,1.0,1.0,1.0,1.0,1.0,1.0,1.0,1.0,1.0,1.0
99999,99999,99999,99999,99999,99999,99999,99999,99999,99999,99999,99999,99999,99999,99999,99999,99999,99999,99999,99999,99999,99999,99999,99999,99999,99999,99999,99999
TIME_STOP,s,End time of 100 m altitude bin in UTC seconds since midnight,
TIME_MID,s,Mid time of 100 m altitude in UTC seconds since midnight,
GPSAlt,m,GPS reported altitude above sea level (m),
GPS_Lon,deg,GPS reported longitude,
GPS_Lat,deg,GPS reported latitude,
iMet_Pressure,mb,Pressure reported (mB),
iMet_Temperature,degrees C,Ambient temperature (oC),
THETA,K,Potential temperature from iMet,
Aerosol_concentration,cm^-3,Aerosol concentration,
Surface_Area_Conc,um^2 cm^-3,Surface area concentration,
Volume_density,um^3 cm^-3,Volume density,
Effective_radius,um,Effective radius,
Extinction,km^-1,Extinction,
Bin01,cm^-3,particle concentration in size range [140 - 170 nm],
Bin02,cm^-3,particle concentration in size range [170 - 205 nm],
Bin03,cm^-3,particle concentration in size range [205 - 249 nm],
Bin04,cm^-3,particle concentration in size range [249 - 302 nm],
Bin05,cm^-3,particle concentration in size range [302 - 366 nm],
Bin06,cm^-3,particle concentration in size range [366 - 443 nm],
Bin07,cm^-3,particle concentration in size range [443 - 537 nm],
Bin08,cm^-3,particle concentration in size range [537 - 651 nm],
Bin09,cm^-3,particle concentration in size range [651 - 789 nm],
Bin10,cm^-3,particle concentration in size range [789 - 956 nm],
Bin11,cm^-3,particle concentration in size range [956 - 1159 nm],
Bin12,cm^-3,particle concentration in size range [1159 - 1404 nm],
Bin13,cm^-3,particle concentration in size range [1404 - 1702 nm],
Bin14,cm^-3,particle concentration in size range [1702 - 2062 nm],
Bin15,cm^-3,particle concentration in size range [2062 - 2500 nm],
0
19
PI_CONTACT_INFO: 325 Broadway R/CSL6, Boulder, CO 80305; troy.thornberry@noaa.gov; 303-497-3373 
PLATFORM: GML ECC/FPH balloon
LOCATION: Boulder, CO, USA
ASSOCIATED_DATA: N/A
INSTRUMENT_INFO: Printed Optical Particle Spectrometer counts particles from 140 - 2500 nm in diameter 
DATA_INFO: Particle concentrations reported in number per cubic centimeter, binned to 100 m altitude
UNCERTAINTY: Counting uncertainty dominated by air flow, less than 5 percent
ULOD_FLAG: -77777
ULOD_VALUE: 3000 ~3000 per cm3 (varies depending on flow rate- manufacturer quotes 1250  per cm3 at 1.667 cc/s)
LLOD_FLAG: -88888
LLOD_VALUE: 0 0 (varies depending on data field and measurement precision)
DM_CONTACT_INFO: Troy Thornberry, 325 Broadway R/CSL6, Boulder, CO 80305; troy.thornberry@noaa.gov; 303-497-3373
PROJECT_INFO: B2SAP Boulder, CO, USA
STIPULATIONS_ON_USE: Please contact the PIs for questions regarding applications and uncertainties
OTHER_COMMENTS: POPS bin Edges (nm):  140, 170, 205, 249, 302, 366, 443, 537, 651, 789, 956, 1159, 1404, 1702, 2062, 2500
Calculations assume sulfate refractive index of 1.45+0.00j and extinction wavelength = 532 nm
REVISION: R0
R0: QA/QC data
TIME_START,TIME_STOP,TIME_MID,GPSAlt,GPS_Lon,GPS_Lat,iMet_Pressure,iMet_Temperature,THETA,Aerosol_concentration,Surface_Area_Conc,Volume_density,Effective_radius,Extinction,Bin01,Bin02,Bin03,Bin04,Bin05,Bin06,Bin07,Bin08,Bin09,Bin10,Bin11,Bin12,Bin13,Bin14,Bin15
[from data line 154]
61858,61876,61867,17.6,-104.679,39.7663,81.1,-62.8989,430.975,4.32594,1.16458,74.114,0.19092,0.000528166,1.21257,0.655445,0.491584,0.491584,0.524356,0.557128,0.196634,0.196634,0,0,0,0,0,0,0
61878,61897,61888,17.7,-104.678,39.7659,79.9864,-63.1836,432.088,5.21974,1.60568,126.77,0.236852,0.000794393,1.13005,1.07624,0.59193,0.753365,0.4574,0.618836,0.376683,0.107624,0.0538118,0.0269059,0.0269059,0,0,0,0
61899,61917,61908,17.8,-104.676,39.7652,78.4733,-63.39,434.032,4.16496,1.27933,91.5945,0.214786,0.000690068,0.842908,0.793325,0.619786,0.644577,0.297497,0.371871,0.247914,0.272706,0.0743743,0,0,0,0,0,0
61919,61941,61930,17.9,-104.675,39.7648,77.3179,-63.4286,435.793,4.84295,1.76187,141.193,0.240415,0.00095942,0.828399,0.679712,0.700953,0.722194,0.42482,0.63723,0.467302,0.318615,0.021241,0.021241,0,0.021241,0,0,0
61942,61958,61950,18,-104.673,39.7643,75.98,-63.5555,437.698,5.1984,1.85021,145.526,0.235961,0.00107542,1.24656,0.610017,0.530449,0.822197,0.503927,0.556972,0.503927,0.31827,0.0265225,0.0795674,0,0,0,0,0
61960,61978,61969,18.1,-104.673,39.7638,74.795,-63.9125,438.933,4.97896,1.75481,130.493,0.223088,0.000963388,0.801979,0.701732,0.768564,0.534653,0.6349,0.801979,0.434406,0.167079,0.100247,0.0334158,0,0,0,0,0
61981,61999,61990,18.2,-104.672,39.7634,73.5642,-64.4842,439.805,4.70534,1.71484,128.163,0.224212,0.000956461,0.958908,0.579805,0.401403,0.535204,0.691305,0.691305,0.557504,0.223002,0.0223002,0.0446004,0,0,0,0,0
62001,62018,62010,18.3,-104.671,39.7633,72.3088,-63.2825,444.526,6.02042,2.34413,181.827,0.232701,0.00136047,0.765025,0.731763,0.964597,0.731763,0.765025,0.931335,0.665239,0.299358,0.0997859,0.0665239,0,0,0,0,0
62023,62041,62032,18.4,-104.67,39.7633,71.1733,-62.48,448.245,5.47729,2.27202,181.765,0.240004,0.00136586,0.598732,0.820484,0.709608,0.643082,0.576556,0.88701,0.88701,0.177402,0.088701,0.088701,0,0,0,0,0
62048,62063,62056,18.5,-104.668,39.7639,69.9243,-62.9414,449.522,6.55385,2.39608,168.28,0.210694,0.00128566,0.984972,0.681904,0.757671,1.06074,0.719787,0.984972,1.13651,0.151534,0.0757671,0,0,0,0,0,0
62064,62082,62073,18.6,-104.666,39.7642,68.9907,-63.3064,450.48,5.33951,2.16003,167.491,0.232624,0.00129382,0.570055,0.93109,0.62706,0.570055,0.703068,0.722069,0.703068,0.399038,0.0760073,0.0380037,0,0,0,0,0
62084,62097,62090,18.7,-104.664,39.7647,67.823,-64.071,451.027,5.49288,2.288,179.476,0.235327,0.0013968,0.826599,0.559954,0.77327,0.639947,0.559954,0.693276,0.906592,0.453296,0.0266645,0.0533289,0,0,0,0,0
62102,62116,62109,18.8,-104.661,39.7649,66.6633,-62.8778,455.843,6.33522,3.08788,262.836,0.255355,0.00205764,0.589323,0.589323,0.942916,0.707187,0.766119,0.883984,1.00185,0.500924,0.265195,0.0883984,0,0,0,0,0
62119,62133,62126,18.9,-104.659,39.7647,65.61,-62.1858,459.433,6.59711,2.72041,216.05,0.238255,0.00167329,0.948749,0.904621,0.838429,0.706045,0.683981,1.037,0.838429,0.397151,0.198575,0.0441278,0,0,0,0,0
62134,62149,62142,19,-104.657,39.7644,64.5311,-61.6844,462.704,5.59851,2.3125,184.169,0.238922,0.00140782,0.791412,0.527608,0.820724,0.850036,0.527608,0.850036,0.674166,0.38105,0.117246,0.0586231,0,0,0,0,0
62152,62167,62160,19.1,-104.654,39.7637,63.5021,-61.9364,464.289,5.46011,2.23872,175.146,0.234705,0.00134203,0.812405,0.717939,0.566794,0.642366,0.547901,1.00134,0.623473,0.453435,0.0377863,0.0566794,0,0,0,0,0
62168,62186,62177,19.2,-104.651,39.7625,62.4173,-61.7713,466.94,4.99171,1.83436,128.107,0.209511,0.000979888,0.564433,0.652626,0.652626,0.72318,0.634987,0.758457,0.740818,0.246939,0.0176385,0,0,0,0,0,0
62187,62205,62196,19.3,-104.649,39.7613,61.4006,-61.2525,470.288,5.06355,2.11288,165.348,0.234771,0.00127681,0.560785,0.643253,0.692734,0.67624,0.544291,0.626759,0.923645,0.280392,0.0659747,0.049481,0,0,0,0,0
62210,62226,62218,19.4,-104.646,39.7604,60.3336,-61.2291,472.703,5.4909,2.61646,229.457,0.263093,0.00168549,0.575466,0.719332,0.52751,0.695354,0.74331,0.719332,0.911154,0.263755,0.263755,0.0479555,0.0239777,0,0,0,0
62227,62249,62238,19.5,-104.644,39.7595,59.455,-61.7819,473.442,5.30776,2.35925,196.454,0.249808,0.00149355,0.628333,0.462982,0.727544,0.760614,0.826754,0.595263,0.677939,0.429912,0.0992105,0.0992105,0,0,0,0,0
62252,62271,62262,19.6,-104.641,39.7585,58.3453,-61.3576,476.966,5.17252,2.3915,196.053,0.245937,0.00152788,0.574724,0.543658,0.590258,0.590258,0.621324,0.85432,0.792188,0.419394,0.124265,0.0621324,0,0,0,0,0
62272,62289,62280,19.7,-104.639,39.7577,57.5007,-60.1864,481.596,5.60776,2.44041,200.27,0.246192,0.0014587,0.581407,0.693937,0.768957,0.562652,0.693937,1.10655,0.637672,0.393856,0.11253,0.0375101,0.0187551,0,0,0,0
62291,62308,62300,19.8,-104.638,39.757,56.4947,-60.3587,483.648,5.9157,2.7461,226.475,0.247415,0.00175289,0.59507,0.542564,0.735087,0.805095,0.752589,0.822597,1.03262,0.402548,0.140017,0.0875104,0,0,0,0,0
62309,62324,62316,19.9,-104.637,39.7566,55.7546,-60.6154,484.883,5.24388,2.11899,160.644,0.227435,0.00121815,0.66814,0.526413,0.566906,0.769373,0.688386,0.9111,0.78962,0.202467,0.0809866,0.0404933,0,0,0,0,0
62325,62339,62332,20,-104.637,39.7564,54.8491,-61.3327,485.508,6.4704,2.83023,223.239,0.23663,0.00171723,0.74566,0.625392,0.697553,0.841874,0.841874,1.01025,1.27484,0.240535,0.120268,0.0721606,0,0,0,0,0
62340,62355,62348,20.1,-104.637,39.7566,53.9292,-61.6954,487.034,5.33224,2.35278,180.561,0.230231,0.00142064,0.490321,0.469891,0.715051,0.674191,0.633331,1.00107,0.735481,0.551611,0.0408601,0.02043,0,0,0,0,0
62356,62371,62364,20.2,-104.636,39.7569,53.0831,-62.3206,487.783,5.62095,2.69857,226.1,0.251356,0.00168338,0.51401,0.480848,0.563753,0.779306,0.630077,1.21041,0.84563,0.364782,0.16581,0.0497429,0.016581,0,0,0,0
62372,62384,62378,20.3,-104.636,39.7575,52.2537,-62.595,489.353,5.06656,2.36862,190.135,0.240818,0.00148882,0.364262,0.596066,0.596066,0.529836,0.596066,1.09279,0.728525,0.364262,0.165574,0.0331148,0,0,0,0,0
62386,62400,62393,20.4,-104.635,39.7585,51.3313,-62.9067,491.118,5.25536,2.58146,224.782,0.261226,0.00163856,0.47776,0.495455,0.601624,0.566234,0.707793,1.04399,0.760877,0.389286,0.0884741,0.106169,0.0176948,0,0,0,0
62401,62414,62408,20.5,-104.635,39.7596,50.498,-62.97,493.269,5.02273,2.20633,189.183,0.257236,0.00135364,0.807675,0.555277,0.429078,0.681476,0.731956,0.504797,0.807675,0.353358,0.0757196,0.0504797,0.0252399,0,0,0,0
62422,62431,62426,20.6,-104.634,39.7612,49.5787,-61.4688,499.411,4.81373,1.98002,147.859,0.224026,0.00116268,0.4844,0.6055,0.42385,0.696325,0.908251,0.54495,0.635775,0.454125,0.06055,0,0,0,0,0,0
62435,62447,62441,20.7,-104.632,39.762,48.811,-61.072,502.575,4.55065,1.85833,134.416,0.216995,0.00103701,0.411495,0.556728,0.387289,0.65355,0.556728,0.944017,0.895606,0.0484111,0.0968223,0,0,0,0,0,0
62450,62464,62457,20.8,-104.63,39.7627,48.0322,-60.4011,506.5,4.22919,1.87471,143.135,0.229051,0.00113771,0.240903,0.53534,0.562107,0.53534,0.481806,0.669175,0.856544,0.240903,0.107068,0,0,0,0,0,0
62469,62487,62478,20.9,-104.627,39.7635,47.2146,-59.0685,512.17,3.90814,1.61297,130.926,0.243513,0.000940792,0.500093,0.37044,0.685313,0.388962,0.629747,0.426005,0.537137,0.27783,0.0740879,0,0.018522,0,0,0,0
62491,62508,62500,21,-104.626,39.7645,46.4387,-57.7653,517.741,3.5025,1.33525,100.895,0.226688,0.000758779,0.522998,0.427908,0.459605,0.396211,0.491302,0.522998,0.443756,0.174333,0.0316969,0.0316969,0,0,0,0,0
62510,62526,62518,21.1,-104.624,39.7653,45.7409,-56.8527,522.183,3.52254,1.29095,90.9636,0.211388,0.000690334,0.367382,0.475435,0.453825,0.605099,0.388993,0.62671,0.345771,0.237718,0.0216107,0,0,0,0,0,0
62528,62541,62534,21.2,-104.623,39.7656,45.0878,-56.6744,524.764,3.59968,1.30105,89.9945,0.207511,0.000682552,0.344087,0.502896,0.529365,0.529365,0.44996,0.529365,0.582301,0.105873,0.0264682,0,0,0,0,0,0
62543,62555,62549,21.3,-104.623,39.7652,44.438,-55.923,528.78,3.56174,1.3379,94.3962,0.211667,0.000739044,0.522388,0.498643,0.427408,0.356174,0.356174,0.522388,0.736092,0.142469,0,0,0,0,0,0,0
62557,62571,62564,21.4,-104.623,39.7651,43.6878,-56.0433,531.053,2.848,0.855291,55.8397,0.195862,0.000399715,0.474666,0.369185,0.421926,0.474666,0.501037,0.263704,0.237333,0.0791111,0.0263704,0,0,0,0,0,0
62572,62590,62581,21.5,-104.624,39.765,42.9312,-55.91,534.051,3.12252,1.13725,81.0021,0.213679,0.000620472,0.460944,0.446075,0.386598,0.341991,0.371729,0.550159,0.35686,0.17843,0.0297383,0,0,0,0,0,0
62591,62607,62599,21.6,-104.624,39.7651,42.3075,-55.6556,536.908,2.93999,0.979419,65.732,0.20134,0.000490815,0.504847,0.341514,0.445453,0.341514,0.341514,0.504847,0.341514,0.118787,0,0,0,0,0,0,0
62608,62624,62616,21.7,-104.624,39.7654,41.5108,-55.6133,539.945,3.18637,1.29039,102.149,0.237484,0.000765753,0.316658,0.593733,0.316658,0.35624,0.435404,0.554151,0.376031,0.118747,0.0791644,0.0395822,0,0,0,0,0
62625,62641,62633,21.8,-104.624,39.7657,40.8453,-54.7473,544.598,2.90783,0.991193,70.755,0.214151,0.00053895,0.527244,0.367473,0.38345,0.479312,0.335519,0.319542,0.255633,0.207702,0.0319542,0,0,0,0,0,0
62642,62659,62650,21.9,-104.623,39.7657,40.2069,-54.1256,548.613,2.80749,0.949325,64.5764,0.20407,0.000482862,0.407538,0.30188,0.422632,0.498102,0.332068,0.362256,0.362256,0.105658,0.015094,0,0,0,0,0,0
62660,62676,62668,22,-104.621,39.7657,39.653,-54.687,549.381,2.85046,1.0687,82.7005,0.232153,0.000626505,0.442312,0.393166,0.442312,0.319448,0.393166,0.294875,0.319448,0.17201,0.0491458,0.0245729,0,0,0,0,0
62677,62696,62686,22.1,-104.62,39.7654,38.9637,-53.6969,554.639,2.97944,1.08233,82.842,0.229622,0.000600513,0.447688,0.324188,0.555751,0.355063,0.385938,0.416813,0.324188,0.108063,0.0154375,0.0463126,0,0,0,0,0
62697,62714,62706,22.2,-104.619,39.7648,38.4191,-52.9118,558.874,2.80159,0.863571,59.4476,0.206518,0.000433279,0.429275,0.406682,0.587429,0.406682,0.293715,0.316308,0.248528,0.0451869,0.0677803,0,0,0,0,0,0
62717,62732,62724,22.3,-104.618,39.7641,37.6775,-53.1869,561.278,2.62081,0.923655,66.9464,0.21744,0.000498391,0.489429,0.347337,0.284185,0.347337,0.252609,0.473641,0.284185,0.110516,0.015788,0.015788,0,0,0,0,0
62733,62749,62741,22.4,-104.618,39.7638,37.1693,-53.1536,563.562,2.90031,0.975291,80.1017,0.246393,0.000488764,0.580061,0.398792,0.416919,0.380665,0.435046,0.326285,0.23565,0.0543808,0.0362538,0.0181269,0,0.0181269,0,0,0
62750,62766,62758,22.5,-104.618,39.7639,36.625,-52.9312,566.503,2.91598,0.893236,60.2706,0.202423,0.000444508,0.467202,0.676637,0.322208,0.338318,0.338318,0.370539,0.289987,0.080552,0.0322208,0,0,0,0,0,0
62767,62785,62776,22.6,-104.619,39.7641,36.0194,-52.6165,570.028,2.66243,0.863393,57.1057,0.198423,0.000421597,0.456416,0.349919,0.441202,0.228208,0.304277,0.517272,0.27385,0.0912832,0,0,0,0,0,0,0
62786,62802,62794,22.7,-104.62,39.7643,35.426,-52.7713,572.332,2.859,0.951618,76.1032,0.239917,0.00049205,0.578816,0.561276,0.298178,0.298178,0.420957,0.315718,0.192939,0.140319,0.0350797,0,0.0175399,0,0,0,0
62803,62821,62812,22.8,-104.62,39.7642,34.8469,-53.415,573.36,2.6209,0.776586,54.1626,0.209234,0.000386407,0.383953,0.634357,0.300485,0.500808,0.250404,0.200323,0.23371,0.083468,0.0166936,0.0166936,0,0,0,0,0
62822,62839,62830,22.9,-104.62,39.7644,34.3007,-53.9867,574.452,2.15097,0.607316,41.3711,0.204364,0.000301114,0.361507,0.50611,0.343432,0.325357,0.198829,0.162678,0.126528,0.0903769,0.0361507,0,0,0,0,0,0
62840,62857,62848,23,-104.621,39.7646,33.7788,-54.2759,576.213,2.28929,0.662051,43.1501,0.195529,0.000309759,0.368208,0.33619,0.49628,0.320181,0.272154,0.224127,0.1761,0.0800452,0.016009,0,0,0,0,0,0
62859,62877,62868,23.1,-104.621,39.7645,33.145,-54.1572,579.656,2.00253,0.601586,42.6874,0.212874,0.000297766,0.354294,0.369698,0.215657,0.400506,0.246465,0.215657,0.107829,0.0462123,0.0308082,0.0154041,0,0,0,0,0
62880,62894,62887,23.2,-104.622,39.7645,32.6558,-53.7525,583.192,2.14945,0.672423,44.2036,0.197214,0.000318966,0.346685,0.277348,0.30046,0.369797,0.254235,0.323572,0.231123,0.0231123,0.0231123,0,0,0,0,0,0
62895,62912,62904,23.3,-104.623,39.7645,32.2025,-53.3263,586.675,2.09676,0.567827,36.8179,0.19452,0.00026418,0.475735,0.334776,0.387636,0.299537,0.158578,0.193818,0.176198,0.0528594,0.0176198,0,0,0,0,0,0
62913,62928,62920,23.4,-104.623,39.7645,31.7133,-53.29,589.332,2.13009,0.594372,39.3277,0.198501,0.000290516,0.60321,0.358156,0.245054,0.263904,0.131952,0.263904,0.150803,0.113102,0,0,0,0,0,0,0
62929,62944,62936,23.5,-104.623,39.7641,31.1564,-53.6807,591.281,2.38582,0.700934,49.1143,0.21021,0.000361172,0.534752,0.411347,0.308511,0.431915,0.185106,0.205674,0.185106,0.0617021,0.0617021,0,0,0,0,0,0
62945,62958,62952,23.6,-104.624,39.7636,30.6843,-53.6836,593.846,1.9267,0.528003,33.2964,0.189183,0.000239309,0.435061,0.352192,0.227889,0.290041,0.186455,0.186455,0.207172,0.0414344,0,0,0,0,0,0,0
62960,62975,62968,23.7,-104.624,39.7633,30.206,-53.3253,597.505,2.47805,0.705998,46.3429,0.196925,0.000330552,0.550677,0.472009,0.314673,0.216338,0.295006,0.393341,0.177003,0.019667,0.0393341,0,0,0,0,0,0
62976,62990,62983,23.8,-104.625,39.7635,29.7247,-53.2333,600.493,2.03744,0.687264,47.2495,0.20625,0.000359937,0.395619,0.237371,0.276933,0.316495,0.118686,0.316495,0.276933,0.0989047,0,0,0,0,0,0,0
62991,63005,62998,23.9,-104.626,39.7641,29.2513,-53.1367,603.53,1.54648,0.401474,24.3626,0.182049,0.000168026,0.421767,0.220926,0.220926,0.200841,0.0803366,0.281178,0.100421,0.0200841,0,0,0,0,0,0,0
63006,63023,63014,24,-104.626,39.7651,28.7125,-53.3419,606.168,2.0104,0.528482,32.9747,0.187186,0.000226274,0.265525,0.512084,0.303457,0.360356,0.189661,0.208627,0.113796,0.0379322,0.0189661,0,0,0,0,0,0
63024,63041,63032,24.1,-104.627,39.766,28.3183,-53.3956,608.43,1.8602,0.474395,28.4143,0.179688,0.00019491,0.494916,0.273057,0.221859,0.290123,0.187727,0.221859,0.153595,0.0170661,0,0,0,0,0,0,0
63042,63060,63051,24.2,-104.627,39.7668,27.8388,-53.3135,611.625,1.91976,0.547548,34.4987,0.189018,0.000245317,0.383952,0.310819,0.292535,0.164551,0.310819,0.255968,0.146268,0.0548503,0,0,0,0,0,0,0
63061,63080,63070,24.3,-104.626,39.7677,27.3828,-52.9667,615.491,1.81549,0.42202,24.3274,0.172935,0.000159621,0.506241,0.314219,0.226936,0.226936,0.261849,0.174566,0.0698264,0.0349132,0,0,0,0,0,0,0
63081,63099,63090,24.4,-104.624,39.7681,26.9572,-53.0567,617.995,1.50269,0.326898,18.2529,0.167511,0.000118607,0.388932,0.318217,0.300539,0.14143,0.106072,0.14143,0.106072,0,0,0,0,0,0,0,0
63100,63115,63108,24.5,-104.624,39.7683,26.532,-53.2307,620.324,1.85098,0.467069,30.3457,0.194911,0.000217936,0.473506,0.387414,0.322845,0.172184,0.193707,0.0860921,0.150661,0.043046,0.021523,0,0,0,0,0,0
63116,63133,63124,24.6,-104.624,39.7681,26.1364,-53.7343,621.562,1.6114,0.319906,16.9245,0.158713,0.000103094,0.467074,0.350305,0.280244,0.210183,0.0700611,0.163476,0.0700611,0,0,0,0,0,0,0,0
63134,63147,63140,24.7,-104.624,39.7686,25.7445,-53.0809,626.109,1.1627,0.193698,9.06998,0.140476,4.76377e-05,0.447193,0.119252,0.298129,0.119252,0.119252,0.0298129,0.0298129,0,0,0,0,0,0,0,0
63151,63165,63158,24.8,-104.623,39.7692,25.2625,-52.605,630.86,1.62428,0.247124,11.4611,0.139134,6.10401e-05,0.624723,0.374834,0.374834,0.0832964,0.0416482,0.0832964,0.0416482,0,0,0,0,0,0,0,0
63167,63181,63174,24.9,-104.623,39.7694,24.8808,-52.045,635.224,1.39054,0.276437,15.3516,0.166601,9.76753e-05,0.500595,0.305919,0.139054,0.166865,0.0834324,0.139054,0.0278108,0.0278108,0,0,0,0,0,0,0
63182,63197,63190,25,-104.622,39.7695,24.4783,-51.9733,638.394,0.90987,0.17255,8.77309,0.152531,5.104e-05,0.199034,0.255901,0.227468,0.0568669,0.0568669,0.0853004,0.0284335,0,0,0,0,0,0,0,0
63198,63213,63206,25.1,-104.621,39.7697,24.0562,-51.6494,642.516,1.21968,0.279987,16.8713,0.180772,0.000117328,0.385161,0.342366,0.128387,0.0213979,0.0641936,0.192581,0.0641936,0.0213979,0,0,0,0,0,0,0
63214,63229,63222,25.2,-104.62,39.7698,23.68,-51.85,644.831,1.21731,0.318555,20.248,0.190686,0.000143267,0.322959,0.223587,0.124215,0.124215,0.223587,0.099372,0.024843,0.074529,0,0,0,0,0,0,0
63230,63245,63238,25.3,-104.619,39.7698,23.2869,-51.9263,647.698,1.16861,0.195301,9.40563,0.144479,5.21228e-05,0.440984,0.220492,0.198443,0.132295,0.110246,0.0220492,0.0440984,0,0,0,0,0,0,0,0
