data/B2SAP/Locations/Boulder/NOAA-POPS-B2SAP_GMLBalloon_20230912_R0.ict
82,1001
Thornberry, T. D.
NOAA Chemical Sciences Laboratory
Portable Optical Particle Spectrometer (POPS)
Balloon Baseline Stratospheric Aerosol Profiles (B2SAP)
1,1
2023,09,12,2024,05,30
0
TIME_START,s,Seconds since midnight UTC on flight start day,Start time of 100 m altitude bin in UTC_seconds_since_midnight
49
1.0,1.0,1.0,1.0,1.0,1.0,1.0,1.0,1.0,1.0,1.0,1.0,1.0,1.0,1.0,1.0,1.0,1.0,1.0,1.0,1.0,1.0,1.0,1.0,1.0,1.0,1.0,1.0,1.0,1.0,1.0,1.0,1.0,1.0,1.0,1.0,1.0,1.0,1.0,1.0,1.0,1.0,1.0,1.0,1.0,1.0,1.0,1.0,1.0
99999,99999,99999,99999,99999,99999,99999,99999,99999,99999,99999,99999,99999,99999,99999,99999,99999,99999,99999,99999,99999,99999,99999,99999,99999,99999,99999,99999,99999,99999,99999,99999,99999,99999,99999,99999,99999,99999,99999,99999,99999,99999,99999,99999,99999,99999,99999,99999,99999
TIME_STOP,s,End time of 100 m altitude bin in UTC seconds since midnight,
TIME_MID,s,Mid time of 100 m altitude in UTC seconds since midnight,
GPSAlt,km,GPS reported altitude above sea level (km),
GPS_Lon,deg,GPS reported longitude,
GPS_Lat,deg,GPS reported latitude,
iMet_Pressure,hPa,Pressure reported (hPa),
iMet_Temperature,degrees C,Ambient temperature (oC),
THETA,K,Potential temperature from iMet,
Aerosol_concentration,cm^-3,Aerosol concentration,
Surface_Area_Conc,um^2 cm^-3,Surface area concentration,
Volume_density,um^3 cm^-3,Volume density,
Effective_radius,um,Effective radius,
Extinction,km^-1,Extinction,
Bin01,cm^-3,particle concentration in size range [140 - 146.14 nm],
Bin02,cm^-3,particle concentration in size range [146.14 - 152.56 nm],
Bin03,cm^-3,particle concentration in size range [152.56 - 159.25 nm],
Bin04,cm^-3,particle concentration in size range [159.25 - 166.24 nm],
Bin05,cm^-3,particle concentration in size range [166.24 - 173.54 nm],
Bin06,cm^-3,particle concentration in size range [173.54 - 181.16 nm],
Bin07,cm^-3,particle concentration in size range [181.16 - 189.11 nm],
Bin08,cm^-3,particle concentration in size range [189.11 - 197.41 nm],
Bin09,cm^-3,particle concentration in size range [197.41 - 206.07 nm],
Bin10,cm^-3,particle concentration in size range [206.07 - 215.12 nm],
Bin11,cm^-3,particle concentration in size range [215.12 - 224.56 nm],
Bin12,cm^-3,particle concentration in size range [224.56 - 234.41 nm],
Bin13,cm^-3,particle concentration in size range [234.41 - 244.70 nm],
Bin14,cm^-3,particle concentration in size range [244.70 - 361.30 nm],
Bin15,cm^-3,particle concentration in size range [361.30 - 472.80 nm],
Bin16,cm^-3,particle concentration in size range [472.80 - 567.00 nm],
Bin17,cm^-3,particle concentration in size range [567.00 - 610.66 nm],
Bin18,cm^-3,particle concentration in size range [610.66 - 657.69 nm],
Bin19,cm^-3,particle concentration in size range [657.69 - 708.33 nm],
Bin20,cm^-3,particle concentration in size range [708.33 - 762.88 nm],
Bin21,cm^-3,particle concentration in size range [762.88 - 821.62 nm],
Bin22,cm^-3,particle concentration in size range [821.62 - 884.89 nm],
Bin23,cm^-3,particle concentration in size range [884.89 - 953.03 nm],
Bin24,cm^-3,particle concentration in size range [953.03 - 1026.42 nm],
Bin25,cm^-3,particle concentration in size range [1026.42 - 1105.46 nm],
Bin26,cm^-3,particle concentration in size range [1105.46 - 1190.59 nm]],
[...]
LOCATION: Boulder, CO, USA
ASSOCIATED_DATA: N/A
INSTRUMENT_INFO: Printed Optical Particle Spectrometer counts particles from 140 - 2500 nm in diameter 
DATA_INFO: Particle concentrations reported in number per cubic centimeter, binned to 100 m altitude
UNCERTAINTY: Counting uncertainty dominated by air flow, less than 5 percent
ULOD_FLAG: -77777
ULOD_VALUE: 3000 ~3000 per cm3 (varies depending on flow rate- manufacturer quotes 1250  per cm3 at 1.667 cc/s)
LLOD_FLAG: -88888
LLOD_VALUE: 0 0 (varies depending on data field and measurement precision)
DM_CONTACT_INFO: Troy Thornberry, 325 Broadway R/CSL6, Boulder, CO 80305; troy.thornberry@noaa.gov; 303-497-3373
PROJECT_INFO: B2SAP Boulder, CO, USA
STIPULATIONS_ON_USE: Please contact the PIs for questions regarding applications and uncertainties
OTHER_COMMENTS: POPS bin Edges (nm):  140, 146.14, 152.56, 159.25, 166.24, 173.54, 181.16, 189.11, 197.41, 206.07, 215.12, 224.56, 234.41, 244.70, 361.30, 472.80, 567.00, 610.66, 657.69, 708.33, 762.88, 821.62, 884.89, 953.03, 1026.42, 1105.46, 1190.59, 1282.27, 1381.01, 1487.36, 1601.89, 1725.25, 1858.10, 2001.18, 2155.28, 2321.25, 2500
Calculations assume sulfate refractive index of 1.45+0.00j and extinction wavelength = 532 nm
REVISION: R0
R0: QA/QC data
TIME_START,TIME_STOP,TIME_MID,GPSAlt,GPS_Lon,GPS_Lat,iMet_Pressure,iMet_Temperature,THETA,Aerosol_concentration,Surface_Area_Conc,Volume_density,Effective_radius,Extinction,Bin01,Bin02,Bin03,Bin04,Bin05,Bin06,Bin07,Bin08,Bin09,Bin10,Bin11,Bin12,Bin13,Bin14,Bin15,Bin16,Bin17,Bin18,Bin19,Bin20,Bin21,Bin22,Bin23,Bin24,Bin25,Bin26,Bin27,Bin28,Bin29,Bin30,Bin31,Bin32,Bin33,Bin34,Bin35,Bin36
[from data line 403]
67531,67557,67544,16.1,-104.54,39.7527,108.739,-57.7648,406.009,8.47802,1.5561,92.92,0.17914,0.000572204,0.952009,0.759034,0.694709,0.746169,0.759034,0.514599,0.450274,0.398814,0.398814,0.321625,0.270165,0.295895,0.218705,0.990604,0.398814,0.167245,0.02573,0,0.0514599,0.02573,0.012865,0,0.02573,0,0,0,0,0,0,0,0,0,0,0,0,0
67558,67582,67570,16,-104.535,39.7514,110.467,-57,405.62,5.30423,0.996938,59.7404,0.179772,0.00039201,0.66476,0.457023,0.443174,0.470872,0.512419,0.373928,0.290833,0.276983,0.207738,0.138492,0.083095,0.152341,0.124643,0.595515,0.263134,0.138492,0.0276983,0.0138492,0.0276983,0.0276983,0.0138492,0,0,0,0,0,0,0,0,0,0,0,0,0,0,0
67583,67609,67596,15.9,-104.53,39.75,112.175,-56.8419,404.145,5.91675,1.17251,77.2934,0.197763,0.000523127,0.862307,0.650047,0.650047,0.464319,0.371455,0.53065,0.265325,0.21226,0.21226,0.225526,0.10613,0.0928638,0.0397988,0.596982,0.278591,0.185728,0.053065,0.0397988,0.0132663,0.0265325,0.0132663,0.0132663,0.0132663,0,0,0,0,0,0,0,0,0,0,0,0,0
67610,67638,67624,15.8,-104.524,39.7486,113.996,-57.4345,401.184,5.53095,1.047,62.1595,0.178107,0.000412074,0.776484,0.704808,0.585349,0.358377,0.453944,0.250864,0.370323,0.107513,0.20308,0.155297,0.143351,0.143351,0.0597295,0.597295,0.322539,0.191134,0.0597295,0.0238918,0.0119459,0,0,0.0119459,0,0,0,0,0,0,0,0,0,0,0,0,0,0
67639,67666,67652,15.7,-104.518,39.7471,115.838,-56.4682,401.14,5.87595,1.34568,92.7942,0.206871,0.000651634,0.751432,0.542016,0.689839,0.394194,0.455786,0.307964,0.295645,0.184778,0.160141,0.0985484,0.135504,0.123186,0.147823,0.76375,0.357238,0.307964,0.0246371,0,0.0246371,0.0739113,0.0246371,0,0.0123186,0,0,0,0,0,0,0,0,0,0,0,0,0
67667,67693,67680,15.6,-104.511,39.7459,117.674,-57.0896,398.197,5.74017,1.18835,79.5744,0.200887,0.000534887,0.84565,0.653457,0.576579,0.307509,0.525328,0.320322,0.281883,0.294696,0.153754,0.230632,0.153754,0.0768772,0.0768772,0.499702,0.384386,0.205006,0.0512515,0.0128129,0.0512515,0,0,0.0128129,0.0256257,0,0,0,0,0,0,0,0,0,0,0,0,0
67694,67720,67707,15.5,-104.505,39.745,119.593,-57.1322,396.283,6.86898,1.36846,90.1308,0.197588,0.000586268,0.820176,0.807361,0.743285,0.48698,0.589502,0.371642,0.371642,0.320381,0.384458,0.115337,0.128153,0.0897068,0.205044,0.666393,0.410088,0.192229,0.0384458,0.0384458,0.0384458,0,0,0.0128153,0.0384458,0,0,0,0,0,0,0,0,0,0,0,0,0
67721,67747,67734,15.4,-104.499,39.7438,121.508,-57.49,393.834,7.14205,1.39125,98.5122,0.212425,0.000625437,1.0098,0.881281,0.624241,0.734401,0.569161,0.40392,0.3672,0.23868,0.29376,0.1836,0.31212,0.16524,0.12852,0.624241,0.20196,0.20196,0.0550801,0.01836,0.03672,0,0,0.01836,0.0734401,0,0,0,0,0,0,0,0,0,0,0,0,0
67748,67775,67762,15.3,-104.494,39.7422,123.44,-57.4386,392.158,7.98449,1.44778,86.0578,0.178324,0.000560248,1.16183,0.926992,0.889912,0.506756,0.630354,0.358437,0.370797,0.370797,0.358437,0.333717,0.271918,0.160679,0.222478,0.617995,0.407876,0.247198,0.0617995,0.0494396,0,0,0.0123599,0.0247198,0,0,0,0,0,0,0,0,0,0,0,0,0,0
67776,67803,67790,15.2,-104.488,39.7401,125.393,-58.5511,388.392,9.30847,1.46975,81.5391,0.166435,0.000482561,1.46649,1.10608,0.969374,0.807811,0.708388,0.546826,0.484687,0.447403,0.397692,0.335552,0.17399,0.248557,0.17399,0.907234,0.273413,0.0994229,0.0497115,0.0372836,0.0372836,0,0.0124279,0.0124279,0.0124279,0,0,0,0,0,0,0,0,0,0,0,0,0
67804,67831,67818,15.1,-104.481,39.7385,127.394,-58.2664,387.147,9.26849,1.4757,86.3988,0.175642,0.000514204,1.40019,1.06563,0.929327,0.743462,0.693898,0.706289,0.619551,0.421295,0.408904,0.334558,0.260212,0.260212,0.185865,0.731071,0.23543,0.0867372,0.0371731,0.0495641,0.0247821,0.0371731,0,0,0.0371731,0,0,0,0,0,0,0,0,0,0,0,0,0
67832,67860,67846,15,-104.474,39.737,129.437,-58.0383,385.801,9.41626,1.43134,83.3368,0.174669,0.0004728,1.56539,1.23081,0.860369,0.920117,0.597479,0.776722,0.454084,0.346538,0.394336,0.358487,0.310689,0.191193,0.227042,0.776722,0.215092,0.0238991,0.0477983,0.0119496,0,0.0119496,0.0477983,0.0238991,0.0238991,0,0,0,0,0,0,0,0,0,0,0,0,0
67861,67881,67871,14.9,-104.468,39.7355,131.248,-58.1529,384.066,7.94754,1.44191,94.5208,0.196658,0.000608545,1.29417,1.01211,0.696862,0.68027,0.447983,0.51435,0.497758,0.497758,0.282063,0.232287,0.165919,0.165919,0.149328,0.696862,0.232287,0.149328,0.0497758,0.0829597,0.0165919,0.0331839,0,0,0.0497758,0,0,0,0,0,0,0,0,0,0,0,0,0
67892,67917,67904,14.8,-104.46,39.7339,133.68,-58.0431,382.253,7.68922,1.39761,91.3004,0.195978,0.000598506,1.16341,0.922706,0.989569,0.601765,0.601765,0.414549,0.468039,0.254078,0.213961,0.294196,0.267451,0.160471,0.120353,0.534902,0.334314,0.160471,0,0.0401177,0.0401177,0.0401177,0.0133726,0.0534902,0,0,0,0,0,0,0,0,0,0,0,0,0,0
67918,67945,67932,14.7,-104.453,39.7329,135.766,-58.1229,380.425,8.30391,1.43757,84.8902,0.177154,0.000546103,1.27657,1.02869,0.917149,0.768422,0.50815,0.483362,0.44618,0.198302,0.28506,0.309848,0.322241,0.22309,0.123939,0.743634,0.28506,0.210696,0.0619695,0.0371817,0.0371817,0.0123939,0.0123939,0,0.0123939,0,0,0,0,0,0,0,0,0,0,0,0,0
67946,67973,67960,14.6,-104.447,39.7318,137.96,-57.0339,380.605,8.8653,1.58818,93.5494,0.176711,0.00059971,1.17135,0.924753,0.875433,0.604172,0.739802,0.530192,0.591842,0.357571,0.271261,0.332911,0.406891,0.209611,0.184951,0.949413,0.320581,0.221941,0.0369901,0.0493201,0.0246601,0.0246601,0.0246601,0.01233,0,0,0,0,0,0,0,0,0,0,0,0,0,0
67974,68000,67987,14.5,-104.441,39.7307,140.116,-57.2974,378.459,9.97805,1.7936,113.253,0.189428,0.00071092,1.45112,1.06587,0.963133,0.809031,0.847557,0.462304,0.642088,0.398095,0.256835,0.398095,0.35957,0.321044,0.333886,0.937449,0.333886,0.141259,0.0642088,0.0642088,0.0256835,0.0128418,0.0256835,0.0385253,0.0256835,0,0,0,0,0,0,0,0,0,0,0,0,0
68003,68029,68016,14.4,-104.434,39.7294,142.354,-57.023,377.228,11.5084,1.93483,114.296,0.177219,0.000706392,1.62217,1.20066,1.2262,0.945199,1.04738,0.702513,0.613102,0.56201,0.600329,0.421508,0.293778,0.306551,0.21714,0.945199,0.332097,0.255459,0.0766377,0.0510918,0.0255459,0,0.012773,0.0255459,0.0255459,0,0,0,0,0,0,0,0,0,0,0,0,0
68031,68059,68045,14.3,-104.429,39.7275,144.608,-57.5052,374.703,11.7718,1.86894,101.499,0.162925,0.000604461,1.46404,1.3212,1.23788,1.08315,0.91651,0.78558,0.821289,0.702261,0.488012,0.357082,0.309471,0.26186,0.226152,1.07125,0.345179,0.226152,0.0357082,0.0476109,0.0238055,0.0238055,0,0.0119027,0.0119027,0,0,0,0,0,0,0,0,0,0,0,0,0
68060,68088,68074,14.2,-104.422,39.7248,146.91,-58.1931,371.826,11.5589,1.85001,106.14,0.172118,0.000620093,1.61204,1.44487,1.17022,0.931403,0.811992,0.800051,0.752287,0.513466,0.6687,0.346291,0.310468,0.238821,0.191057,1.12246,0.322409,0.155234,0.0358232,0,0.0358232,0.0238821,0.0358232,0,0.0358232,0,0,0,0,0,0,0,0,0,0,0,0,0
68089,68115,68102,14.1,-104.415,39.7222,149.337,-58.4548,369.642,10.7793,1.5907,76.9635,0.145151,0.000418809,1.46473,1.26564,1.12343,0.895904,0.711035,0.61149,0.654152,0.61149,0.526166,0.327076,0.355517,0.284414,0.355517,1.09499,0.270193,0.142207,0.0142207,0.0426621,0.0142207,0,0.0142207,0,0,0,0,0,0,0,0,0,0,0,0,0,0,0
68116,68142,68129,14,-104.408,39.7196,151.719,-58.6144,367.698,12.2445,1.97569,105.107,0.159601,0.000614773,1.56,1.2951,1.16264,1.08906,1.04491,0.58868,0.765284,0.470944,0.58868,0.412076,0.470944,0.382642,0.470944,1.16264,0.426793,0.176604,0.088302,0.029434,0.029434,0,0,0.029434,0,0,0,0,0,0,0,0,0,0,0,0,0,0
68143,68169,68156,13.9,-104.4,39.7167,154.186,-58.8344,365.63,10.4817,1.49292,74.7395,0.150188,0.00041913,1.8749,1.35819,0.900542,0.98912,0.84149,0.679097,0.428127,0.546231,0.324786,0.487179,0.324786,0.191919,0.280497,0.767675,0.191919,0.206682,0.044289,0.014763,0,0,0.014763,0.014763,0,0,0,0,0,0,0,0,0,0,0,0,0,0
68170,68196,68183,13.8,-104.392,39.714,156.602,-58.6559,364.316,7.40406,0.928046,39.8336,0.128766,0.000187796,1.04774,1.23401,1.02446,0.558797,0.535514,0.419098,0.395815,0.325965,0.372532,0.139699,0.302682,0.139699,0.116416,0.605364,0.116416,0.0232832,0,0.0232832,0.0232832,0,0,0,0,0,0,0,0,0,0,0,0,0,0,0,0,0
68197,68226,68212,13.7,-104.383,39.7116,159.218,-59.023,361.971,7.07405,1.01584,50.0243,0.147732,0.000266859,1.22333,0.811122,0.73134,0.704746,0.558478,0.31913,0.372318,0.41221,0.172862,0.265942,0.132971,0.186159,0.132971,0.757934,0.119674,0.132971,0.0265942,0,0,0,0,0,0.0132971,0,0,0,0,0,0,0,0,0,0,0,0,0
68227,68256,68242,13.6,-104.373,39.7092,161.817,-58.9477,360.428,7.42932,1.02626,51.0329,0.149181,0.000275231,1.07268,1.05944,0.88728,0.595935,0.648906,0.410533,0.450262,0.384047,0.317832,0.225131,0.158916,0.278103,0.119187,0.52972,0.158916,0.039729,0.039729,0.013243,0.013243,0,0.013243,0.013243,0,0,0,0,0,0,0,0,0,0,0,0,0,0
68257,68287,68272,13.5,-104.363,39.7067,164.432,-57.6871,360.893,7.34944,1.03116,48.8511,0.142125,0.000253449,1.11007,1.02076,0.944199,0.574175,0.484859,0.44658,0.293467,0.318986,0.21691,0.191392,0.331745,0.204151,0.178632,0.740047,0.178632,0.0637972,0.0127594,0.0255189,0,0,0,0.0127594,0,0,0,0,0,0,0,0,0,0,0,0,0,0
68288,68317,68302,13.4,-104.354,39.7042,167.043,-58.4411,358.014,6.05371,0.901737,45.2443,0.150524,0.000241421,0.961804,0.820363,0.579911,0.523335,0.466758,0.311172,0.297028,0.183874,0.240451,0.183874,0.254595,0.141442,0.141442,0.6082,0.226307,0.0848651,0.0141442,0,0,0,0,0,0.0141442,0,0,0,0,0,0,0,0,0,0,0,0,0
68318,68348,68333,13.3,-104.344,39.7019,169.691,-57.7017,357.636,6.29818,0.947382,53.6297,0.169825,0.000295621,1.11763,0.762619,0.894105,0.512796,0.433904,0.328715,0.210378,0.249824,0.197229,0.184081,0.157783,0.170932,0.210378,0.604836,0.105189,0.105189,0,0,0,0,0,0.0394458,0.0131486,0,0,0,0,0,0,0,0,0,0,0,0,0
68349,68378,68364,13.2,-104.335,39.6994,172.398,-57.6977,356.029,6.45967,0.951515,46.8433,0.147691,0.00026647,1.1781,0.833933,0.807459,0.370637,0.330926,0.344163,0.3574,0.317689,0.264741,0.13237,0.13237,0.198555,0.238266,0.635377,0.119133,0.158844,0.013237,0.013237,0,0.013237,0,0,0,0,0,0,0,0,0,0,0,0,0,0,0,0
68379,68407,68393,13.1,-104.327,39.6966,175.112,-57.2379,355.2,4.75591,0.76463,44.6242,0.175081,0.000268476,0.924006,0.584298,0.529944,0.434826,0.203825,0.258178,0.271766,0.258178,0.16306,0.122295,0.0815299,0.108707,0.0543533,0.475591,0.108707,0.0951182,0.040765,0.0135883,0,0,0,0.0135883,0.0135883,0,0,0,0,0,0,0,0,0,0,0,0,0
68408,68436,68422,13,-104.319,39.6937,177.883,-56.9255,354.125,4.87991,0.71514,37.2636,0.15632,0.000202499,0.975982,0.582878,0.365993,0.43377,0.406659,0.216885,0.23044,0.20333,0.189774,0.135553,0.149108,0.135553,0.20333,0.43377,0.108442,0.0677765,0.0135553,0,0,0.0135553,0,0,0.0135553,0,0,0,0,0,0,0,0,0,0,0,0,0
68437,68466,68452,12.9,-104.31,39.6911,180.819,-56.5613,353.064,5.7068,0.842977,42.948,0.152844,0.000232246,1.1911,0.706805,0.484293,0.497382,0.327225,0.301047,0.235602,0.274869,0.196335,0.13089,0.209424,0.104712,0.0916229,0.706805,0.13089,0.0785339,0,0.013089,0.013089,0,0,0,0.013089,0,0,0,0,0,0,0,0,0,0,0,0,0
68467,68495,68481,12.8,-104.301,39.6888,183.693,-55.1148,353.823,5.44433,0.755101,33.778,0.134199,0.00017061,0.846895,0.873781,0.604925,0.336069,0.362955,0.268856,0.282298,0.215084,0.255413,0.161313,0.24197,0.120985,0.0672139,0.551154,0.174756,0.0672139,0.0134428,0,0,0,0,0,0,0,0,0,0,0,0,0,0,0,0,0,0,0
68496,68526,68511,12.7,-104.291,39.6865,186.604,-54.6119,353.05,5.83415,0.780574,37.4599,0.14397,0.000195061,1.27427,0.724584,0.649627,0.462235,0.399771,0.324814,0.274842,0.187393,0.237364,0.212378,0.187393,0.137421,0.149914,0.337307,0.199885,0.0374785,0.0124928,0,0,0.0124928,0,0.0124928,0,0,0,0,0,0,0,0,0,0,0,0,0,0
68527,68559,68543,12.6,-104.281,39.6845,189.577,-55.0006,350.834,7.40999,1.06731,54.5806,0.153416,0.000303918,1.51032,0.955747,0.967546,0.495572,0.507372,0.259586,0.330382,0.271385,0.318582,0.212388,0.224188,0.247786,0.141592,0.578168,0.212388,0.117993,0.0235987,0.0117993,0,0,0.0117993,0,0.0117993,0,0,0,0,0,0,0,0,0,0,0,0,0
68560,68594,68577,12.5,-104.27,39.6826,192.567,-54.1674,350.603,7.88914,0.988355,43.5584,0.132215,0.00020869,1.63758,1.28351,0.752401,0.508977,0.553236,0.531106,0.387265,0.354071,0.287683,0.265553,0.254488,0.132777,0.077453,0.652818,0.110647,0.0553236,0.0221294,0.0110647,0,0,0,0.0110647,0,0,0,0,0,0,0,0,0,0,0,0,0,0
68595,68632,68614,12.4,-104.258,39.6807,195.647,-54.5334,348.435,9.23927,1.25142,62.2448,0.149218,0.000328143,1.43845,1.2946,0.984785,0.8852,0.608575,0.57538,0.61964,0.453665,0.431535,0.320885,0.33195,0.24343,0.15491,0.55325,0.165975,0.08852,0.04426,0,0,0.011065,0.011065,0.011065,0.011065,0,0,0,0,0,0,0,0,0,0,0,0,0
68633,68668,68650,12.3,-104.246,39.6789,198.644,-54.1767,347.491,9.02396,1.23927,60.8725,0.147359,0.000327327,1.5002,1.32973,0.988771,0.772833,0.556894,0.59099,0.511433,0.545529,0.340956,0.30686,0.28413,0.147747,0.125017,0.61372,0.238669,0.102287,0,0.0113652,0.0454607,0,0,0,0.0113652,0,0,0,0,0,0,0,0,0,0,0,0,0
68669,68702,68686,12.2,-104.236,39.6777,201.777,-53.8238,346.498,9.45604,1.203,53.1414,0.132522,0.000247759,1.87789,1.05215,0.985559,0.772465,0.705874,0.745829,0.359596,0.506098,0.439506,0.346278,0.253049,0.15982,0.253049,0.759147,0.0932286,0.133184,0,0,0,0,0,0,0.0133184,0,0,0,0,0,0,0,0,0,0,0,0,0
68703,68736,68720,12.1,-104.226,39.6762,204.905,-53.3256,345.763,9.65822,1.2697,58.0945,0.137263,0.000285404,1.64283,1.13938,1.15263,0.84791,0.715424,0.874407,0.476949,0.304718,0.344463,0.264972,0.238475,0.331215,0.264972,0.741921,0.172232,0.0927401,0.0264972,0.0132486,0,0,0,0,0.0132486,0,0,0,0,0,0,0,0,0,0,0,0,0
68737,68771,68754,12,-104.217,39.6743,208.07,-53.0656,344.658,11.3106,1.50281,72.2737,0.144277,0.000388427,1.90612,1.66786,1.21936,0.896998,0.939045,0.756842,0.70078,0.448499,0.504561,0.434483,0.280312,0.238265,0.252281,0.616686,0.224249,0.12614,0.0140156,0.0280312,0.0280312,0.0140156,0,0.0140156,0,0,0,0,0,0,0,0,0,0,0,0,0,0
68772,68806,68789,11.9,-104.208,39.672,211.426,-53.416,342.54,11.23,1.55034,78.361,0.151633,0.000435191,2.15616,1.45027,1.11658,1.07808,0.911233,0.744388,0.564708,0.577542,0.462034,0.295188,0.282354,0.17968,0.102674,0.808559,0.282354,0.115508,0,0,0.0513371,0.0256685,0.0128343,0.0128343,0,0,0,0,0,0,0,0,0,0,0,0,0,0
68807,68838,68822,11.8,-104.2,39.6696,214.749,-53.3916,341.055,6.32466,0.907785,45.8256,0.151442,0.000260709,1.08705,0.974111,0.677643,0.564702,0.437644,0.296469,0.296469,0.197646,0.282351,0.254116,0.197646,0.127058,0.0988229,0.522349,0.155293,0.0988229,0,0.0141176,0.0282351,0,0.0141176,0,0,0,0,0,0,0,0,0,0,0,0,0,0,0
68839,68869,68854,11.7,-104.192,39.6676,218.129,-53.689,339.076,3.95788,0.518627,26.6431,0.154117,0.000141715,0.713001,0.742103,0.451082,0.349225,0.334674,0.232817,0.232817,0.101857,0.14551,0.0582042,0.101857,0.0873062,0.014551,0.261919,0.0291021,0.0727552,0.014551,0,0,0,0,0,0.014551,0,0,0,0,0,0,0,0,0,0,0,0,0
68870,68902,68886,11.6,-104.184,39.6661,221.483,-53.1845,338.379,4.08279,0.566179,31.5523,0.167185,0.000187186,0.751015,0.682741,0.559848,0.505228,0.327716,0.273096,0.177513,0.0955838,0.0682741,0.0819289,0.0273096,0.0136548,0.0682741,0.286751,0.0409645,0.0546193,0.0273096,0,0.0136548,0,0.0136548,0.0136548,0,0,0,0,0,0,0,0,0,0,0,0,0,0
68903,68935,68919,11.5,-104.176,39.6651,224.917,-51.2412,339.87,4.34495,0.584456,29.3145,0.15047,0.000166822,0.647694,0.566732,0.512758,0.458783,0.431796,0.256379,0.256379,0.215898,0.14843,0.14843,0.107949,0.121443,0.0674682,0.283366,0.0134936,0.0404809,0,0.0269873,0.0269873,0.0134936,0,0,0,0,0,0,0,0,0,0,0,0,0,0,0,0
68936,68967,68952,11.4,-104.168,39.6643,228.377,-50.9606,338.818,4.7864,0.687554,35.4951,0.154876,0.000210118,0.776923,0.665934,0.61044,0.527198,0.346841,0.291346,0.235852,0.166484,0.194231,0.138736,0.110989,0.0693682,0.0693682,0.319094,0.124863,0.0832418,0.0138736,0,0.0277473,0.0138736,0,0,0,0,0,0,0,0,0,0,0,0,0,0,0,0
68968,69002,68985,11.3,-104.159,39.6637,231.884,-50.1823,338.527,5.55378,0.986539,65.4844,0.199134,0.000454365,0.894146,0.868959,0.654867,0.642274,0.390402,0.188904,0.289653,0.264466,0.17631,0.201498,0.0881552,0.13853,0.062968,0.226685,0.0755616,0.214091,0.0377808,0.0503744,0.0503744,0,0.0251872,0,0.0125936,0,0,0,0,0,0,0,0,0,0,0,0,0
