data/B2SAP/Locations/Boulder/NOAA-POPS-B2SAP_GMLBalloon_20190807_R0.ict
61,1001
Thornberry, T. D.
NOAA Chemical Sciences Laboratory
Portable Optical Particle Spectrometer (POPS)
Balloon Baseline Stratospheric Aerosol Profiles (B2SAP)
1,1
2019,08,07,2024,05,30
0
TIME_START,s,Seconds since midnight UTC on flight start day,Start time of 100 m altitude bin in UTC_seconds_since_midnight
28
1.0,1.0,1.0,1.0,1.0,1.0,1.0,1.0,1.0,1.0,1.0,1.0,1.0,1.0,1.0,1.0,1.0,1.0,1.0,1.0,1.0,1.0,1.0,1.0,1.0,1.0,1.0,1.0
99999,99999,99999,99999,99999,99999,99999,99999,99999,99999,99999,99999,99999,99999,99999,99999,99999,99999,99999,99999,99999,99999,99999,99999,99999,99999,99999,99999
TIME_STOP,s,End time of 100 m altitude bin in UTC seconds since midnight,
TIME_MID,s,Mid time of 100 m altitude in UTC seconds since midnight,
GPSAlt,m,GPS reported altitude above sea level (m),
GPS_Lon,deg,GPS reported longitude,
GPS_Lat,deg,GPS reported latitude,
iMet_Pressure,mb,Pressure reported (mB),
iMet_Temperature,degrees C,Ambient temperature (oC),
THETA,K,Potential temperature from iMet,
Aerosol_concentration,cm^-3,Aerosol concentration,
Surface_Area_Conc,um^2 cm^-3,Surface area concentration,
Volume_density,um^3 cm^-3,Volume density,
Effective_radius,um,Effective radius,
Extinction,km^-1,Extinction,
Bin01,cm^-3,particle concentration in size range [140 - 170 nm],
Bin02,cm^-3,particle concentration in size range [170 - 205 nm],
Bin03,cm^-3,particle concentration in size range [205 - 249 nm],
Bin04,cm^-3,particle concentration in size range [249 - 302 nm],
Bin05,cm^-3,particle concentration in size range [302 - 366 nm],
Bin06,cm^-3,particle concentration in size range [366 - 443 nm],
Bin07,cm^-3,particle concentration in size range [443 - 537 nm],
Bin08,cm^-3,particle concentration in size range [537 - 651 nm],
Bin09,cm^-3,particle concentration in size range [651 - 789 nm],
Bin10,cm^-3,particle concentration in size range [789 - 956 nm],
Bin11,cm^-3,particle concentration in size range [956 - 1159 nm],
Bin12,cm^-3,particle concentration in size range [1159 - 1404 nm],
Bin13,cm^-3,particle concentration in size range [1404 - 1702 nm],
Bin14,cm^-3,particle concentration in size range [1702 - 2062 nm],
Bin15,cm^-3,particle concentration in size range [2062 - 2500 nm],
0
19
PI_CONTACT_INFO: 325 Broadway R/CSL6, Boulder, CO 80305; troy.thornberry@noaa.gov; 303-497-3373 
PLATFORM: GML ECC/FPH balloon
LOCATION: Boulder, CO, USA
ASSOCIATED_DATA: N/A
INSTRUMENT_INFO: Printed Optical Particle Spectrometer counts particles from 140 - 2500 nm in diameter 
DATA_INFO: Particle concentrations reported in number per cubic centimeter, binned to 100 m altitude
UNCERTAINTY: Counting uncertainty dominated by air flow, less than 5 percent
ULOD_FLAG: -77777
ULOD_VALUE: 3000 ~3000 per cm3 (varies depending on flow rate- manufacturer quotes 1250  per cm3 at 1.667 cc/s)
LLOD_FLAG: -88888
LLOD_VALUE: 0 0 (varies depending on data field and measurement precision)
DM_CONTACT_INFO: Troy Thornberry, 325 Broadway R/CSL6, Boulder, CO 80305; troy.thornberry@noaa.gov; 303-497-3373
PROJECT_INFO: B2SAP Boulder, CO, USA
STIPULATIONS_ON_USE: Please contact the PIs for questions regarding applications and uncertainties
OTHER_COMMENTS: POPS bin Edges (nm):  140, 170, 205, 249, 302, 366, 443, 537, 651, 789, 956, 1159, 1404, 1702, 2062, 2500
Calculations assume sulfate refractive index of 1.45+0.00j and extinction wavelength = 532 nm
REVISION: R0
R0: QA/QC data
TIME_START,TIME_STOP,TIME_MID,GPSAlt,GPS_Lon,GPS_Lat,iMet_Pressure,iMet_Temperature,THETA,Aerosol_concentration,Surface_Area_Conc,Volume_density,Effective_radius,Extinction,Bin01,Bin02,Bin03,Bin04,Bin05,Bin06,Bin07,Bin08,Bin09,Bin10,Bin11,Bin12,Bin13,Bin14,Bin15
[from data line 229]
63113,63129,63121,24.6,-104.815,39.8884,27.5881,-51.05,619.522,2.05612,0.585815,38.573,0.197535,0.000273892,0.398636,0.419617,0.25177,0.230789,0.293732,0.25177,0.167847,0,0.0419617,0,0,0,0,0,0
63130,63146,63138,24.7,-104.816,39.8879,27.1462,-51.4138,621.373,2.05455,0.537314,31.9989,0.17866,0.000216471,0.470833,0.214015,0.363826,0.363826,0.192614,0.27822,0.149811,0.0214015,0,0,0,0,0,0,0
63147,63162,63154,24.8,-104.817,39.8871,26.662,-51.5673,624.137,1.91111,0.520532,32.0082,0.184474,0.00021357,0.322356,0.322356,0.276305,0.230254,0.391432,0.276305,0.0460508,0.0230254,0.0230254,0,0,0,0,0,0
63164,63180,63172,24.9,-104.818,39.8865,26.2556,-51.2163,627.881,1.66656,0.371949,20.4101,0.16462,0.000126814,0.328926,0.372782,0.306997,0.175427,0.26314,0.153499,0.0438567,0.0219284,0,0,0,0,0,0,0
63181,63197,63189,25,-104.819,39.8861,25.8457,-51.2993,630.47,1.62066,0.349866,18.873,0.161831,0.000115456,0.53178,0.202583,0.202583,0.278551,0.126614,0.227906,0.0506457,0,0,0,0,0,0,0,0
63198,63216,63207,25.1,-104.821,39.8858,25.4059,-50.7347,635.187,1.48004,0.336611,18.2321,0.162491,0.000111778,0.296008,0.359439,0.190291,0.169148,0.211434,0.211434,0.0422869,0,0,0,0,0,0,0,0
63217,63233,63225,25.2,-104.822,39.8854,25.0387,-50.128,639.569,2.05825,0.438533,25.3107,0.17315,0.00016844,0.629583,0.46008,0.290577,0.217933,0.193718,0.121074,0.0968589,0.0484295,0,0,0,0,0,0,0
63234,63251,63242,25.3,-104.824,39.885,24.6369,-49.9469,643.059,2.11922,0.588606,38.9474,0.198507,0.000278537,0.442475,0.419187,0.326034,0.25617,0.209593,0.279458,0.0698645,0.0931526,0.0232882,0,0,0,0,0,0
63252,63269,63260,25.4,-104.826,39.8848,24.2064,-49.2329,648.368,1.903,0.522829,37.7241,0.216461,0.000259245,0.455647,0.375239,0.294831,0.294831,0.134014,0.107211,0.18762,0.0268028,0,0.0268028,0,0,0,0,0
63270,63286,63278,25.5,-104.828,39.8849,23.7886,-49.54,650.716,2.13203,0.458612,25.2267,0.16502,0.000159643,0.574007,0.437339,0.355338,0.109335,0.437339,0.109335,0.082001,0.0273337,0,0,0,0,0,0,0
63287,63303,63295,25.6,-104.829,39.8856,23.494,-49.6713,652.647,1.49335,0.297766,15.1373,0.152508,8.64981e-05,0.334715,0.334715,0.231726,0.308968,0.128737,0.102989,0.0514947,0,0,0,0,0,0,0,0
63304,63320,63312,25.7,-104.831,39.8863,23.1256,-49.3912,656.422,1.72179,0.361263,19.3169,0.160411,0.000118409,0.442745,0.393551,0.245969,0.221373,0.172179,0.172179,0.0737908,0,0,0,0,0,0,0,0
63322,63337,63330,25.8,-104.833,39.8868,22.7114,-49.5571,659.331,2.06593,0.461405,26.902,0.174914,0.000177102,0.424507,0.481108,0.367906,0.339605,0.254704,0.0566009,0.0566009,0.0849014,0,0,0,0,0,0,0
63338,63353,63346,25.9,-104.835,39.8872,22.318,-49.6673,662.307,2.1668,0.454238,25.2535,0.166786,0.000162231,0.568784,0.541699,0.325019,0.243765,0.21668,0.135425,0.10834,0.027085,0,0,0,0,0,0,0
63354,63370,63362,26,-104.837,39.8878,21.9887,-49.7127,664.988,1.83798,0.355867,18.1402,0.152924,0.000105185,0.576084,0.356623,0.246893,0.246893,0.21946,0.137163,0.0548651,0,0,0,0,0,0,0,0
63371,63386,63378,26.1,-104.838,39.8883,21.6507,-49.9873,667.117,1.84779,0.39169,23.1208,0.177085,0.000156498,0.699919,0.279968,0.363958,0.111987,0.0839903,0.195977,0.0559935,0.0559935,0,0,0,0,0,0,0
63387,63402,63394,26.2,-104.84,39.8882,21.3643,-49.7686,670.32,1.26717,0.254326,15.4019,0.181679,9.73318e-05,0.422389,0.271536,0.181024,0.211195,0.0301706,0.120683,0,0,0.0301706,0,0,0,0,0,0
63403,63417,63410,26.3,-104.841,39.8882,20.956,-50.2593,672.544,1.33527,0.29335,18.8427,0.192699,0.000128116,0.522498,0.290277,0.0580554,0.116111,0.203194,0.0870831,0,0.0290277,0.0290277,0,0,0,0,0,0
63418,63433,63426,26.4,-104.843,39.8883,20.5893,-50.646,674.769,1.34388,0.31858,17.9248,0.168794,0.000114942,0.321362,0.204503,0.292147,0.116859,0.116859,0.233718,0.0584295,0,0,0,0,0,0,0,0
63434,63448,63441,26.5,-104.845,39.8883,20.2746,-50.0131,679.677,1.06754,0.223214,13.5699,0.18238,9.25861e-05,0.309931,0.275495,0.172184,0.137747,0.0688737,0.0344368,0,0.0688737,0,0,0,0,0,0,0
63449,63463,63456,26.6,-104.848,39.8883,20.01,-49.5508,683.645,1.53409,0.292998,15.9081,0.162883,9.8215e-05,0.523836,0.224501,0.299335,0.299335,0.0374169,0.0748337,0.0374169,0.0374169,0,0,0,0,0,0,0
63464,63472,63468,26.7,-104.85,39.8885,19.802,-49.286,686.49,1.34541,0.203502,8.41608,0.124069,3.44988e-05,0.538165,0.179388,0.179388,0.269083,0.179388,0,0,0,0,0,0,0,0,0,0
58238,58662,58450,1.7,-105.197,39.9492,825.532,23.23,313.068,738.275,182.511,11330.5,0.186244,0.0734278,176.605,131.965,112.055,102.833,89.2804,68.113,44.2211,11.1775,1.11775,0.419157,0.349297,0.0698595,0,0.0698595,0
58627,58946,58786,1.8,-105.197,39.9491,825.563,22.4167,312.204,748.646,182.864,11371.4,0.186555,0.0729324,184.016,139.923,113.937,98.4163,86.1877,69.3735,43.7406,10.9351,0.940657,0.352746,0.705493,0,0.117582,0,0
64399,64399,64399,24.7,-104.997,39.9119,27,-50.07,626.098,1.37333,0.274204,11.6431,0.127385,4.2489e-05,0,0,0.457776,0.915552,0,0,0,0,0,0,0,0,0,0,0
64400,64412,64406,24.6,-104.997,39.9117,27.2285,-50.1192,624.462,1.75298,0.542051,35.2826,0.195273,0.000254577,0.324626,0.162313,0.292164,0.162313,0.422014,0.194776,0.0973879,0.0973879,0,0,0,0,0,0,0
64413,64425,64419,24.5,-104.998,39.9113,27.66,-49.6231,623.034,2.0655,0.545819,31.6374,0.173889,0.000204787,0.354085,0.147535,0.413099,0.501621,0.236057,0.295071,0.0885213,0.0295071,0,0,0,0,0,0,0
64426,64438,64432,24.4,-104.999,39.911,28.1708,-49.6517,619.719,1.70366,0.575782,39.3593,0.205074,0.000297724,0.252393,0.283943,0.252393,0.126197,0.252393,0.252393,0.189295,0.0946476,0,0,0,0,0,0,0
64439,64451,64445,24.3,-105,39.9107,28.6031,-50.3738,615.022,2.10415,0.611373,44.4202,0.21797,0.000307209,0.496813,0.379916,0.292243,0.263019,0.233794,0.20457,0.146121,0.0584486,0,0.0292243,0,0,0,0,0
64452,64465,64458,24.2,-105.001,39.9106,29.0514,-50.6429,611.567,2.06436,0.571024,34.4457,0.180968,0.000238278,0.353113,0.353113,0.325951,0.244463,0.298788,0.271626,0.217301,0,0,0,0,0,0,0,0
64466,64479,64472,24.1,-105.002,39.9106,29.5893,-50.5121,608.716,1.74885,0.531263,33.7067,0.190339,0.000244445,0.264978,0.291476,0.264978,0.264978,0.132489,0.264978,0.264978,0,0,0,0,0,0,0,0
64480,64492,64486,24,-105.003,39.9106,30.0338,-50.7415,605.517,2.33307,0.821232,56.2426,0.205457,0.000417218,0.284521,0.284521,0.227617,0.455234,0.312973,0.39833,0.284521,0.0569042,0.0284521,0,0,0,0,0,0
64493,64505,64499,23.9,-105.003,39.9106,30.4977,-51.3092,601.319,2.33904,0.62784,38.2659,0.182846,0.000263952,0.456399,0.342299,0.484924,0.199674,0.370824,0.285249,0.142625,0.0570499,0,0,0,0,0,0,0
64506,64519,64512,23.8,-105.004,39.911,30.9864,-51.6093,597.798,2.21982,0.546368,32.6041,0.179023,0.000223782,0.626773,0.313386,0.339502,0.287271,0.23504,0.208924,0.182809,0.0261155,0,0,0,0,0,0,0
64520,64533,64526,23.7,-105.005,39.9116,31.5069,-51.8231,594.374,2.08746,0.494037,27.5338,0.167197,0.000174456,0.556657,0.250495,0.250495,0.417492,0.250495,0.250495,0.111331,0,0,0,0,0,0,0,0
64534,64548,64541,23.6,-105.006,39.9119,32.046,-51.7593,591.681,1.97684,0.699295,47.671,0.20451,0.000354645,0.313401,0.0723233,0.265185,0.337509,0.409832,0.289293,0.144647,0.144647,0,0,0,0,0,0,0
64549,64562,64556,23.5,-105.007,39.912,32.6371,-51.97,588.025,2.01527,0.644162,41.7275,0.194334,0.000299531,0.280608,0.306118,0.357137,0.127549,0.255098,0.510196,0.102039,0.0765294,0,0,0,0,0,0,0
64563,64577,64570,23.4,-105.008,39.9123,33.0907,-52.0253,585.575,2.16976,0.684022,48.7738,0.213913,0.000348249,0.400933,0.471686,0.259427,0.188674,0.212259,0.33018,0.259427,0.0235843,0,0.0235843,0,0,0,0,0
64578,64592,64585,23.3,-105.009,39.913,33.6193,-51.924,583.19,2.04462,0.635282,41.344,0.195239,0.00030182,0.376022,0.188011,0.399523,0.211512,0.329019,0.258515,0.211512,0.0705041,0,0,0,0,0,0,0
64593,64608,64600,23.2,-105.01,39.9137,34.1831,-52.1844,579.748,2.26725,0.649442,43.7768,0.20222,0.000316035,0.396218,0.462255,0.374206,0.352194,0.176097,0.242133,0.176097,0.0440242,0.0440242,0,0,0,0,0,0
64609,64623,64616,23.1,-105.011,39.914,34.6933,-52.6033,576.202,2.42225,0.657694,39.7637,0.181378,0.000271389,0.530589,0.346036,0.276829,0.346036,0.392174,0.346036,0.138415,0.0461382,0,0,0,0,0,0,0
64624,64639,64632,23,-105.013,39.9141,35.3006,-52.5044,573.61,2.39008,0.904373,78.0181,0.258803,0.000481842,0.38758,0.38758,0.301451,0.279919,0.279919,0.38758,0.215322,0.107661,0,0.0215322,0.0215322,0,0,0,0
64640,64654,64647,22.9,-105.014,39.9145,35.8667,-52.516,570.979,2.55265,0.794384,56.1963,0.212226,0.000401664,0.496976,0.361437,0.451797,0.316258,0.271078,0.316258,0.225898,0.0903593,0,0.0225898,0,0,0,0,0
64655,64670,64662,22.8,-105.014,39.9148,36.4519,-52.8756,567.418,2.22957,0.624606,38.4064,0.184467,0.000262692,0.357573,0.315506,0.315506,0.441708,0.336539,0.294472,0.0841349,0.0841349,0,0,0,0,0,0,0
64671,64686,64678,22.7,-105.015,39.9149,37.1144,-52.72,564.905,2.50125,0.698768,43.2734,0.185785,0.00029799,0.546491,0.273245,0.420378,0.273245,0.399359,0.37834,0.18917,0,0.0210189,0,0,0,0,0,0
64687,64702,64694,22.6,-105.016,39.9149,37.6331,-52.8581,562.312,2.33434,0.77289,52.0548,0.202052,0.000386015,0.454474,0.227237,0.268553,0.330526,0.351184,0.330526,0.309869,0.0413158,0.0206579,0,0,0,0,0,0
64703,64719,64711,22.5,-105.017,39.9148,38.236,-52.6193,560.379,1.85937,0.53109,33.1854,0.187457,0.000235484,0.35,0.328125,0.196875,0.196875,0.415625,0.153125,0.175,0.04375,0,0,0,0,0,0,0
64720,64735,64728,22.4,-105.018,39.9145,38.8244,-52.5538,558.095,2.72642,0.83733,56.532,0.202544,0.000410941,0.450987,0.409988,0.471486,0.368989,0.34849,0.34849,0.204994,0.0819976,0.0409988,0,0,0,0,0,0
64736,64751,64744,22.3,-105.019,39.914,39.4519,-52.6656,555.275,2.56233,0.87856,61.0225,0.208372,0.000432912,0.403516,0.262286,0.221934,0.423692,0.48422,0.464044,0.201758,0.0807033,0,0.0201758,0,0,0,0,0
64752,64768,64760,22.2,-105.02,39.9136,40.1135,-52.4129,553.263,2.57169,0.761379,48.8342,0.192418,0.000345064,0.431743,0.375429,0.431743,0.300343,0.375429,0.412971,0.168943,0.0563143,0.0187714,0,0,0,0,0,0
64769,64785,64777,22.1,-105.02,39.9134,40.7329,-52.5376,550.546,2.3853,0.780541,52.37,0.201284,0.000390855,0.462267,0.351323,0.166416,0.314342,0.406795,0.314342,0.25887,0.110944,0,0,0,0,0,0,0
64786,64802,64794,22,-105.021,39.9131,41.4553,-53.3224,545.829,3.15706,1.12575,78.3393,0.208765,0.000577627,0.295397,0.443096,0.369247,0.516945,0.516945,0.609257,0.221548,0.129236,0.055387,0,0,0,0,0,0
64803,64819,64811,21.9,-105.021,39.913,42.1013,-53.0975,543.987,2.87914,1.09834,82.0417,0.224087,0.000600327,0.430892,0.156688,0.39172,0.430892,0.548408,0.372134,0.411306,0.09793,0,0.039172,0,0,0,0,0
64820,64837,64828,21.8,-105.022,39.9125,42.7783,-53.3422,540.908,3.23615,1.10622,77.0748,0.209023,0.000555999,0.484557,0.467252,0.259584,0.415335,0.674919,0.536474,0.242279,0.121139,0.0173056,0.0173056,0,0,0,0,0
64838,64854,64846,21.7,-105.022,39.9119,43.5006,-53.5312,537.865,3.03086,1.10394,74.8867,0.203507,0.000555658,0.249375,0.306923,0.383654,0.556298,0.49875,0.537115,0.383654,0.0959134,0.0191827,0,0,0,0,0,0
64855,64871,64863,21.6,-105.022,39.9115,44.1835,-54.0841,534.131,2.93103,1.07607,80.3922,0.224127,0.000584986,0.431563,0.377618,0.3956,0.341654,0.359636,0.575418,0.305691,0.089909,0.0179818,0.0359636,0,0,0,0,0
64873,64889,64881,21.5,-105.021,39.9116,44.948,-54.78,529.825,3.29799,1.08129,75.6927,0.210007,0.000542776,0.502742,0.502742,0.482632,0.361974,0.522852,0.542961,0.221207,0.120658,0.0201097,0.0201097,0,0,0,0,0
64890,64906,64898,21.4,-105.021,39.9121,45.6412,-55.0924,526.767,3.03822,1.07552,73.2807,0.204406,0.000549272,0.408649,0.33758,0.355347,0.444184,0.479719,0.479719,0.426417,0.0888368,0.0177674,0,0,0,0,0,0
64907,64924,64916,21.3,-105.02,39.9129,46.4011,-55.1083,524.24,3.55232,1.22159,82.7543,0.203229,0.000617079,0.365191,0.564387,0.497988,0.464789,0.547787,0.531188,0.43159,0.132797,0.0165996,0,0,0,0,0,0
64925,64941,64933,21.2,-105.02,39.914,47.196,-55.1727,521.556,3.33213,1.17746,81.7848,0.208375,0.000609619,0.473203,0.374619,0.335185,0.55207,0.55207,0.55207,0.295752,0.157734,0.0394335,0,0,0,0,0,0
64942,64958,64950,21.1,-105.02,39.9148,47.9665,-55.5641,518.209,3.39233,1.27609,87.3356,0.20532,0.000657197,0.278345,0.330535,0.452311,0.55669,0.487104,0.643673,0.539294,0.0869828,0.0173966,0,0,0,0,0,0
64959,64974,64966,21,-105.02,39.9153,48.684,-55.324,516.588,3.60949,1.58158,135.333,0.256706,0.0009345,0.313869,0.372719,0.529653,0.510036,0.60812,0.568887,0.333485,0.235401,0.0784671,0.0392336,0.0196168,0,0,0,0
64976,64993,64984,20.9,-105.021,39.9158,49.5411,-55.6194,513.32,3.07537,1.21428,91.0917,0.225051,0.00070754,0.418637,0.33813,0.402536,0.402536,0.386434,0.45084,0.466941,0.11271,0.0966086,0,0,0,0,0,0
64994,65010,65002,20.8,-105.021,39.9164,50.2987,-55.3633,511.7,3.2581,1.17666,83.8194,0.213705,0.000634641,0.402471,0.498298,0.383306,0.459967,0.421637,0.536628,0.364141,0.134157,0.0574959,0,0,0,0,0,0
65011,65028,65020,20.7,-105.022,39.9172,51.1029,-55.0612,510.099,4.07955,1.80983,147.142,0.243905,0.00112569,0.432932,0.366327,0.516188,0.599444,0.566141,0.666049,0.482885,0.283071,0.116559,0.0499537,0,0,0,0,0
65029,65046,65038,20.6,-105.022,39.9178,51.9372,-55.2106,507.388,3.95186,1.61542,125.108,0.23234,0.000937114,0.297957,0.564551,0.548869,0.548869,0.470459,0.752734,0.454777,0.219548,0.0470459,0.0470459,0,0,0,0,0
65047,65063,65055,20.5,-105.023,39.9184,52.775,-55.4531,504.522,4.07244,1.53346,111.735,0.218595,0.000812633,0.313264,0.539511,0.4873,0.713546,0.609125,0.870179,0.24365,0.24365,0.0174036,0.0348071,0,0,0,0,0
65064,65082,65073,20.4,-105.023,39.9191,53.6871,-55.5235,501.885,3.98686,1.49336,105.203,0.211342,0.000777603,0.294112,0.506527,0.522866,0.506527,0.800639,0.686262,0.506527,0.114377,0.0326792,0.0163396,0,0,0,0,0
65083,65102,65092,20.3,-105.025,39.9195,54.5444,-56.0872,498.33,3.88268,1.51947,108.183,0.213592,0.000815785,0.355783,0.324846,0.525941,0.587816,0.525941,0.943599,0.371252,0.185626,0.0618754,0,0,0,0,0,0
65103,65121,65112,20.2,-105.025,39.9199,55.4172,-55.7022,496.951,4.03657,1.72361,139.911,0.243521,0.00100222,0.277322,0.585457,0.508423,0.52383,0.647084,0.554644,0.616271,0.231102,0.0462203,0.0308135,0.0154068,0,0,0,0
65122,65141,65132,20.1,-105.026,39.9204,56.312,-57.365,490.904,3.86191,1.62711,126.86,0.2339,0.000962519,0.51772,0.377795,0.307833,0.51772,0.643652,0.671636,0.503727,0.223879,0.0559697,0.0419773,0,0,0,0,0
65142,65162,65152,20,-105.027,39.9206,57.2424,-58.731,485.52,4.59123,1.75701,133.121,0.227297,0.0010095,0.57726,0.684657,0.57726,0.510137,0.751781,0.604109,0.536986,0.228219,0.0939726,0.0268493,0,0,0,0,0
65163,65182,65172,19.9,-105.028,39.921,58.1705,-56.862,487.497,3.92608,1.65535,139.524,0.252861,0.000975588,0.433127,0.46107,0.558873,0.544901,0.544901,0.600789,0.433127,0.237521,0.0279437,0.0698591,0.0139718,0,0,0,0
65183,65201,65192,19.8,-105.028,39.9218,59.0653,-59.022,480.536,4.23478,1.96414,160.593,0.245287,0.00121862,0.395246,0.338783,0.564638,0.414068,0.621101,0.90342,0.583459,0.263498,0.075285,0.075285,0,0,0,0,0
65202,65221,65212,19.7,-105.029,39.9232,60.2492,-57.4792,481.253,4.6239,1.88341,150.557,0.239817,0.0011449,0.653884,0.607178,0.513766,0.653884,0.560472,0.677237,0.537119,0.23353,0.140118,0.046706,0,0,0,0,0
65222,65241,65232,19.6,-105.03,39.924,61.0585,-58.516,477.123,4.30905,1.63525,118.378,0.217175,0.000911277,0.45062,0.60552,0.521029,0.661848,0.591438,0.619602,0.521029,0.281637,0.0563275,0,0,0,0,0,0
65242,65260,65251,19.5,-105.032,39.9248,62.1268,-56.8895,478.359,4.29504,1.64527,124.015,0.22613,0.000869768,0.544235,0.485399,0.558944,0.455981,0.647198,0.956089,0.367726,0.220636,0.0441272,0,0.0147091,0,0,0,0
65261,65280,65270,19.4,-105.033,39.9251,63.104,-57.1945,475.559,4.51526,1.71931,126.454,0.220648,0.00095133,0.531206,0.419374,0.670998,0.657019,0.726914,0.726914,0.47529,0.195708,0.0978538,0.0139791,0,0,0,0,0
65281,65300,65290,19.3,-105.034,39.9248,64.127,-58.331,470.894,5.26448,1.91358,141.329,0.221568,0.0010396,0.701931,0.589622,0.758085,0.81424,0.800201,0.744047,0.547506,0.196541,0.0701931,0.0421159,0,0,0,0,0
65301,65320,65310,19.2,-105.035,39.9243,65.2356,-59.36,466.34,15.4683,4.14741,271.082,0.196085,0.00185925,3.31015,2.63557,2.41594,2.40025,1.86686,1.4276,0.956963,0.282383,0.109815,0.0627517,0,0,0,0,0
