data/B2SAP/Locations/Boulder/NOAA-POPS-B2SAP_GMLBalloon_20231020_R0.ict
82,1001
Thornberry, T. D.
NOAA Chemical Sciences Laboratory
Portable Optical Particle Spectrometer (POPS)
Balloon Baseline Stratospheric Aerosol Profiles (B2SAP)
1,1
2023,10,20,2024,05,30
0
TIME_START,s,Seconds since midnight UTC on flight start day,Start time of 100 m altitude bin in UTC_seconds_since_midnight
49
1.0,1.0,1.0,1.0,1.0,1.0,1.0,1.0,1.0,1.0,1.0,1.0,1.0,1.0,1.0,1.0,1.0,1.0,1.0,1.0,1.0,1.0,1.0,1.0,1.0,1.0,1.0,1.0,1.0,1.0,1.0,1.0,1.0,1.0,1.0,1.0,1.0,1.0,1.0,1.0,1.0,1.0,1.0,1.0,1.0,1.0,1.0,1.0,1.0
99999,99999,99999,99999,99999,99999,99999,99999,99999,99999,99999,99999,99999,99999,99999,99999,99999,99999,99999,99999,99999,99999,99999,99999,99999,99999,99999,99999,99999,99999,99999,99999,99999,99999,99999,99999,99999,99999,99999,99999,99999,99999,99999,99999,99999,99999,99999,99999,99999
TIME_STOP,s,End time of 100 m altitude bin in UTC seconds since midnight,
TIME_MID,s,Mid time of 100 m altitude in UTC seconds since midnight,
GPSAlt,km,GPS reported altitude above sea level (km),
GPS_Lon,deg,GPS reported longitude,
GPS_Lat,deg,GPS reported latitude,
iMet_Pressure,hPa,Pressure reported (hPa),
iMet_Temperature,degrees C,Ambient temperature (oC),
THETA,K,Potential temperature from iMet,
Aerosol_concentration,cm^-3,Aerosol concentration,
Surface_Area_Conc,um^2 cm^-3,Surface area concentration,
Volume_density,um^3 cm^-3,Volume density,
Effective_radius,um,Effective radius,
Extinction,km^-1,Extinction,
Bin01,cm^-3,particle concentration in size range [140 - 146.14 nm],
Bin02,cm^-3,particle concentration in size range [146.14 - 152.56 nm],
Bin03,cm^-3,particle concentration in size range [152.56 - 159.25 nm],
Bin04,cm^-3,particle concentration in size range [159.25 - 166.24 nm],
Bin05,cm^-3,particle concentration in size range [166.24 - 173.54 nm],
Bin06,cm^-3,particle concentration in size range [173.54 - 181.16 nm],
Bin07,cm^-3,particle concentration in size range [181.16 - 189.11 nm],
Bin08,cm^-3,particle concentration in size range [189.11 - 197.41 nm],
Bin09,cm^-3,particle concentration in size range [197.41 - 206.07 nm],
Bin10,cm^-3,particle concentration in size range [206.07 - 215.12 nm],
Bin11,cm^-3,particle concentration in size range [215.12 - 224.56 nm],
Bin12,cm^-3,particle concentration in size range [224.56 - 234.41 nm],
Bin13,cm^-3,particle concentration in size range [234.41 - 244.70 nm],
Bin14,cm^-3,particle concentration in size range [244.70 - 361.30 nm],
Bin15,cm^-3,particle concentration in size range [361.30 - 472.80 nm],
Bin16,cm^-3,particle concentration in size range [472.80 - 567.00 nm],
Bin17,cm^-3,particle concentration in size range [567.00 - 610.66 nm],
Bin18,cm^-3,particle concentration in size range [610.66 - 657.69 nm],
Bin19,cm^-3,particle concentration in size range [657.69 - 708.33 nm],
Bin20,cm^-3,particle concentration in size range [708.33 - 762.88 nm],
Bin21,cm^-3,particle concentration in size range [762.88 - 821.62 nm],
Bin22,cm^-3,particle concentration in size range [821.62 - 884.89 nm],
Bin23,cm^-3,particle concentration in size range [884.89 - 953.03 nm],
Bin24,cm^-3,particle concentration in size range [953.03 - 1026.42 nm],
Bin25,cm^-3,particle concentration in size range [1026.42 - 1105.46 nm],
Bin26,cm^-3,particle concentration in size range [1105.46 - 1190.59 nm]],
[...]
LOCATION: Boulder, CO, USA
ASSOCIATED_DATA: N/A
INSTRUMENT_INFO: Printed Optical Particle Spectrometer counts particles from 140 - 2500 nm in diameter 
DATA_INFO: Particle concentrations reported in number per cubic centimeter, binned to 100 m altitude
UNCERTAINTY: Counting uncertainty dominated by air flow, less than 5 percent
ULOD_FLAG: -77777
ULOD_VALUE: 3000 ~3000 per cm3 (varies depending on flow rate- manufacturer quotes 1250  per cm3 at 1.667 cc/s)
LLOD_FLAG: -88888
LLOD_VALUE: 0 0 (varies depending on data field and measurement precision)
DM_CONTACT_INFO: Troy Thornberry, 325 Broadway R/CSL6, Boulder, CO 80305; troy.thornberry@noaa.gov; 303-497-3373
PROJECT_INFO: B2SAP Boulder, CO, USA
STIPULATIONS_ON_USE: Please contact the PIs for questions regarding applications and uncertainties
OTHER_COMMENTS: POPS bin Edges (nm):  140, 146.14, 152.56, 159.25, 166.24, 173.54, 181.16, 189.11, 197.41, 206.07, 215.12, 224.56, 234.41, 244.70, 361.30, 472.80, 567.00, 610.66, 657.69, 708.33, 762.88, 821.62, 884.89, 953.03, 1026.42, 1105.46, 1190.59, 1282.27, 1381.01, 1487.36, 1601.89, 1725.25, 1858.10, 2001.18, 2155.28, 2321.25, 2500
Calculations assume sulfate refractive index of 1.45+0.00j and extinction wavelength = 532 nm
REVISION: R0
R0: QA/QC data
TIME_START,TIME_STOP,TIME_MID,GPSAlt,GPS_Lon,GPS_Lat,iMet_Pressure,iMet_Temperature,THETA,Aerosol_concentration,Surface_Area_Conc,Volume_density,Effective_radius,Extinction,Bin01,Bin02,Bin03,Bin04,Bin05,Bin06,Bin07,Bin08,Bin09,Bin10,Bin11,Bin12,Bin13,Bin14,Bin15,Bin16,Bin17,Bin18,Bin19,Bin20,Bin21,Bin22,Bin23,Bin24,Bin25,Bin26,Bin27,Bin28,Bin29,Bin30,Bin31,Bin32,Bin33,Bin34,Bin35,Bin36
[from data line 209]
63608,63628,63618,22.6,-104.493,39.9164,37.7667,-60.926,541.175,2.01574,0.521139,32.6926,0.188199,0.000223027,0.18027,0.147494,0.0655527,0.0491645,0.0163882,0.098329,0.147494,0.0655527,0.0819408,0.0655527,0.0819408,0.0819408,0.0491645,0.606362,0.114717,0.114717,0.0163882,0,0.0327763,0,0,0,0,0,0,0,0,0,0,0,0,0,0,0,0,0
63629,63650,63640,22.7,-104.491,39.9165,37.1205,-60.8726,543.989,1.95479,0.447416,25.3863,0.17022,0.000161627,0.116511,0.168293,0.116511,0.129456,0.103565,0.116511,0.0517825,0.0906193,0.0776737,0.0388369,0.0647281,0.0517825,0.0906193,0.41426,0.258912,0.0517825,0,0.0129456,0,0,0,0,0,0,0,0,0,0,0,0,0,0,0,0,0,0
63651,63669,63660,22.8,-104.49,39.9165,36.58,-60.0006,548.517,2.13901,0.567475,35.152,0.185834,0.000237727,0.229692,0.114846,0.10049,0.0717787,0.0717787,0.114846,0.0430672,0.0861345,0.057423,0.0717787,0.057423,0.057423,0.0717787,0.57423,0.287115,0.10049,0,0,0.0287115,0,0,0,0,0,0,0,0,0,0,0,0,0,0,0,0,0
63672,63693,63682,22.9,-104.489,39.9163,35.9963,-59.5963,552.087,2.04408,0.412688,21.8524,0.158854,0.000130795,0.141414,0.15427,0.167126,0.0642793,0.141414,0.15427,0.128559,0.102847,0.0128559,0.089991,0.102847,0.0385676,0.0642793,0.475667,0.128559,0.0771351,0,0,0,0,0,0,0,0,0,0,0,0,0,0,0,0,0,0,0,0
63694,63714,63704,23,-104.487,39.9157,35.3933,-60.3172,552.885,1.98222,0.431668,24.9223,0.173205,0.000162025,0.109364,0.136705,0.177716,0.0410114,0.177716,0.177716,0.123034,0.0956933,0.0683524,0.0136705,0.0546819,0.0273409,0.109364,0.437455,0.136705,0.0546819,0.0136705,0.0273409,0,0,0,0,0,0,0,0,0,0,0,0,0,0,0,0,0,0
63715,63734,63724,23.1,-104.486,39.9149,34.8394,-61.0117,553.571,1.93886,0.381198,20.1078,0.158247,0.000118946,0.163847,0.204809,0.0819237,0.136539,0.0682697,0.136539,0.0955776,0.122886,0.0273079,0.0546158,0.163847,0.0409618,0.0409618,0.395964,0.163847,0.0273079,0,0.0136539,0,0,0,0,0,0,0,0,0,0,0,0,0,0,0,0,0,0
63735,63755,63745,23.2,-104.485,39.9134,34.3388,-61.3212,555.054,1.66266,0.384079,21.929,0.171285,0.000140181,0.144579,0.115663,0.115663,0.144579,0.0722894,0.0289158,0.0722894,0.0867473,0.0433737,0.0433737,0.0144579,0.0144579,0.0867473,0.419279,0.20241,0.0433737,0,0.0144579,0,0,0,0,0,0,0,0,0,0,0,0,0,0,0,0,0,0
63757,63777,63767,23.3,-104.485,39.9117,33.808,-60.694,559.178,1.97643,0.302323,12.8842,0.127852,5.62406e-05,0.228677,0.114339,0.163341,0.0816705,0.163341,0.114339,0.0980046,0.163341,0.0816705,0.0816705,0.0980046,0.0653364,0.0980046,0.35935,0.0653364,0,0,0,0,0,0,0,0,0,0,0,0,0,0,0,0,0,0,0,0,0
63778,63799,63788,23.4,-104.486,39.9106,33.2775,-60.325,562.689,1.97752,0.366852,19.6476,0.160672,0.000117601,0.245655,0.159676,0.233372,0.110545,0.13511,0.049131,0.0736965,0.13511,0.0736965,0.0614137,0.0736965,0.0122827,0.0859792,0.343917,0.13511,0.0245655,0.0122827,0,0.0122827,0,0,0,0,0,0,0,0,0,0,0,0,0,0,0,0,0
63800,63819,63810,23.5,-104.486,39.9096,32.7662,-60.2731,565.321,1.71051,0.313398,15.5016,0.148389,8.4986e-05,0.137452,0.198541,0.152724,0.152724,0.0610896,0.0610896,0.0458172,0.076362,0.0305448,0.0916345,0.0610896,0.106907,0.0458172,0.320721,0.152724,0.0152724,0,0,0,0,0,0,0,0,0,0,0,0,0,0,0,0,0,0,0,0
63822,63842,63832,23.6,-104.487,39.9086,32.245,-59.93,568.827,1.45585,0.266474,14.5568,0.163882,9.20879e-05,0.137923,0.183897,0.199222,0.0919484,0.137923,0.0459742,0.0612989,0.0306495,0.0612989,0.0306495,0.0306495,0.0766237,0.0612989,0.137923,0.107273,0.0459742,0.0153247,0,0,0,0,0,0,0,0,0,0,0,0,0,0,0,0,0,0,0
63843,63863,63853,23.7,-104.488,39.9075,31.7456,-59.6556,572.11,1.78658,0.41932,26.7323,0.191254,0.000185388,0.183239,0.137429,0.0763496,0.122159,0.0916195,0.106889,0.0763496,0.106889,0.0763496,0.0610797,0.0610797,0.0610797,0.0305398,0.351208,0.137429,0.0458098,0,0.0458098,0,0.0152699,0,0,0,0,0,0,0,0,0,0,0,0,0,0,0,0
63864,63883,63874,23.8,-104.489,39.9067,31.2,-59.3872,575.672,1.83992,0.418703,25.5334,0.182946,0.000175418,0.204436,0.122661,0.163548,0.0817742,0.0954033,0.0545162,0.0954033,0.0408871,0.122661,0.0408871,0.0681452,0.13629,0.013629,0.367984,0.0954033,0.0817742,0.0272581,0.0272581,0,0,0,0,0,0,0,0,0,0,0,0,0,0,0,0,0,0
63887,63901,63894,23.9,-104.49,39.9065,30.7587,-59.4007,577.983,1.45256,0.370044,22.9272,0.185874,0.000155932,0.114246,0.0489626,0.0652834,0.0816043,0.130567,0.0816043,0.0326417,0.0652834,0.0816043,0.0326417,0.0489626,0.0326417,0.0163209,0.37538,0.146888,0.0652834,0.0163209,0,0.0163209,0,0,0,0,0,0,0,0,0,0,0,0,0,0,0,0,0
63904,63923,63914,24,-104.491,39.9066,30.272,-59.3673,580.714,1.27002,0.270889,15.1503,0.167784,9.53151e-05,0.048847,0.097694,0.146541,0.0325647,0.0814117,0.048847,0.048847,0.097694,0.097694,0.0325647,0.0162823,0.0325647,0.0651293,0.2768,0.097694,0.0325647,0,0.0162823,0,0,0,0,0,0,0,0,0,0,0,0,0,0,0,0,0,0
63924,63942,63933,24.1,-104.492,39.9062,29.7913,-59.1063,584.091,1.70913,0.436302,26.25,0.180495,0.000176576,0.122081,0.122081,0.0457803,0.0915605,0.0915605,0.0915605,0.0763004,0.0305202,0.0763004,0.0305202,0.0915605,0.0763004,0.0305202,0.412022,0.213641,0.0763004,0.0305202,0,0,0,0,0,0,0,0,0,0,0,0,0,0,0,0,0,0,0
63945,63964,63954,24.2,-104.493,39.9053,29.3133,-58.8628,587.462,1.30511,0.311252,19.0208,0.183332,0.000129227,0.121093,0.0807285,0.0403643,0.161457,0.0672738,0.0672738,0.053819,0.0672738,0.0403643,0.0134548,0.053819,0.0403643,0.053819,0.201821,0.161457,0.0672738,0,0,0.0134548,0,0,0,0,0,0,0,0,0,0,0,0,0,0,0,0,0
63966,63983,63974,24.3,-104.494,39.9043,28.8635,-58.4506,591.196,1.6027,0.425994,27.1111,0.190926,0.000188688,0.105095,0.118232,0.0788211,0.0525474,0.0788211,0.0262737,0.0788211,0.118232,0.0394106,0.0788211,0.0656843,0.0262737,0.0788211,0.354695,0.183916,0.0525474,0.0525474,0,0.0131369,0,0,0,0,0,0,0,0,0,0,0,0,0,0,0,0,0
63986,64005,63996,24.4,-104.495,39.9038,28.3978,-58.4039,594.083,1.3514,0.301515,18.052,0.179613,0.00011955,0.111584,0.148778,0.0867873,0.0991855,0.0867873,0.0495928,0.0371946,0.0371946,0.061991,0.0743892,0.0247964,0.0495928,0.0495928,0.235566,0.13638,0.0247964,0.0247964,0,0.0123982,0,0,0,0,0,0,0,0,0,0,0,0,0,0,0,0,0
64007,64024,64016,24.5,-104.495,39.9038,27.9406,-58.4541,596.707,1.52358,0.368357,22.3352,0.181904,0.000144049,0.105075,0.105075,0.039403,0.118209,0.0919402,0.0788059,0.0788059,0.0525373,0.0525373,0.0919402,0.0131343,0.0131343,0.0525373,0.39403,0.170746,0.0525373,0,0,0,0,0.0131343,0,0,0,0,0,0,0,0,0,0,0,0,0,0,0
64025,64044,64034,24.6,-104.494,39.9039,27.5065,-58.621,598.912,1.48557,0.309676,16.521,0.160048,9.92361e-05,0.111697,0.134036,0.033509,0.100527,0.0893573,0.0893573,0.0781877,0.0446787,0.0781877,0.0558483,0.067018,0.0223393,0.0446787,0.379769,0.100527,0.0558483,0,0,0,0,0,0,0,0,0,0,0,0,0,0,0,0,0,0,0,0
64045,64064,64054,24.7,-104.494,39.9038,27.0778,-58.6089,601.645,1.48372,0.313775,17.2142,0.164584,0.000103105,0.0748095,0.137151,0.112214,0.049873,0.049873,0.0748095,0.0623413,0.0997461,0.0872778,0.049873,0.0623413,0.0249365,0.049873,0.411453,0.0997461,0.0124683,0.0124683,0,0.0124683,0,0,0,0,0,0,0,0,0,0,0,0,0,0,0,0,0
64064,64082,64073,24.8,-104.494,39.9038,26.6379,-58.4111,605.021,1.10756,0.228626,11.6379,0.15271,6.50751e-05,0.0353475,0.0471301,0.0824776,0.0942601,0.0471301,0.0471301,0.0353475,0.0706951,0.0589126,0.023565,0.0471301,0.0589126,0.0353475,0.32991,0.0706951,0.023565,0,0,0,0,0,0,0,0,0,0,0,0,0,0,0,0,0,0,0,0
64083,64101,64092,24.9,-104.494,39.9037,26.2506,-58.5278,607.232,1.43168,0.321677,18.4425,0.171997,0.000119353,0.0995955,0.161843,0.0497977,0.0373483,0.0746966,0.0995955,0.0373483,0.0373483,0.0995955,0.0995955,0.0995955,0.0373483,0.0124494,0.261438,0.161843,0.0497977,0,0.0124494,0,0,0,0,0,0,0,0,0,0,0,0,0,0,0,0,0,0
64102,64120,64111,25,-104.494,39.9035,25.8406,-58.5239,609.975,1.28252,0.269644,14.6772,0.163296,8.72089e-05,0.0622582,0.0747098,0.099613,0.0747098,0.0747098,0.0373549,0.0373549,0.0747098,0.0747098,0.099613,0.0249033,0.0249033,0.0622582,0.348646,0.0747098,0.0249033,0,0,0.0124516,0,0,0,0,0,0,0,0,0,0,0,0,0,0,0,0,0
64121,64140,64130,25.1,-104.494,39.9035,25.4176,-58.2571,613.621,1.47146,0.260023,13.3947,0.15454,7.59276e-05,0.183932,0.118242,0.052552,0.0656901,0.13138,0.0788281,0.105104,0.13138,0.0919661,0.0656901,0,0.026276,0.052552,0.26276,0.0788281,0.013138,0,0,0.013138,0,0,0,0,0,0,0,0,0,0,0,0,0,0,0,0,0
64141,64160,64150,25.2,-104.494,39.9035,25.0453,-58.3894,615.839,1.35674,0.22493,10.2774,0.137074,5.04414e-05,0.105378,0.11855,0.065861,0.144894,0.065861,0.065861,0.11855,0.0526888,0.0526888,0.131722,0.0395166,0.0263444,0.0395166,0.2371,0.0922054,0,0,0,0,0,0,0,0,0,0,0,0,0,0,0,0,0,0,0,0,0
64161,64179,64170,25.3,-104.495,39.9036,24.6573,-58.3607,618.669,1.51509,0.281686,14.629,0.155801,8.59461e-05,0.0900054,0.105006,0.195012,0.0750045,0.120007,0.0450027,0.105006,0.0300018,0.105006,0.0900054,0.0900054,0.0300018,0.0450027,0.255015,0.0900054,0.0300018,0.0150009,0,0,0,0,0,0,0,0,0,0,0,0,0,0,0,0,0,0,0
64180,64199,64190,25.4,-104.495,39.9037,24.2822,-58.0522,622.28,1.26077,0.286873,16.6271,0.173879,0.000108,0.112345,0.112345,0.0499313,0.0624141,0.0499313,0.074897,0.0624141,0.0124828,0.0374485,0.0374485,0.074897,0.074897,0.0374485,0.299588,0.0998626,0.0374485,0.0124828,0.0124828,0,0,0,0,0,0,0,0,0,0,0,0,0,0,0,0,0,0
64201,64219,64210,25.5,-104.495,39.9037,23.8856,-57.7289,626.156,1.33997,0.230462,11.0428,0.143747,5.83877e-05,0.212892,0.112708,0.125231,0.0751384,0.0250461,0.0751384,0.0375692,0.0500923,0.0876615,0.0250461,0.0500923,0.0876615,0.0125231,0.262984,0.0876615,0.0125231,0,0,0,0,0,0,0,0,0,0,0,0,0,0,0,0,0,0,0,0
64220,64240,64230,25.6,-104.495,39.9034,23.5235,-57.587,629.307,1.148,0.179916,8.26587,0.137829,4.20218e-05,0.102297,0.136396,0.0909309,0.0909309,0.102297,0.0568318,0.0681982,0.0795646,0.0113664,0.0454655,0.0340991,0.0227327,0.0568318,0.204595,0.0227327,0.0227327,0,0,0,0,0,0,0,0,0,0,0,0,0,0,0,0,0,0,0,0
64242,64261,64252,25.7,-104.495,39.9032,23.15,-57.3479,632.89,1.18518,0.236586,13.4166,0.170128,8.69644e-05,0.13303,0.0967492,0.13303,0.0241873,0.0967492,0.13303,0.0483746,0.0604682,0.0846555,0.0120936,0.0241873,0,0,0.181405,0.108843,0.0241873,0.0241873,0,0,0,0,0,0,0,0,0,0,0,0,0,0,0,0,0,0,0
64262,64282,64272,25.8,-104.496,39.9028,22.8105,-56.8095,637.155,1.34148,0.192629,8.23357,0.12823,3.74452e-05,0.182928,0.0975619,0.134148,0.109757,0.0609762,0.109757,0.134148,0.0609762,0.0487809,0.0365857,0.0121952,0.0731714,0.0243905,0.219514,0.0243905,0.0121952,0,0,0,0,0,0,0,0,0,0,0,0,0,0,0,0,0,0,0,0
64284,64304,64294,25.9,-104.496,39.9025,22.4462,-56.3662,641.405,1.0058,0.126244,5.26054,0.125009,2.37893e-05,0.055878,0.156458,0.156458,0.10058,0.0782291,0.0782291,0.0670535,0.055878,0.0223512,0.0223512,0.0447024,0.0335268,0.055878,0.055878,0.0111756,0,0.0111756,0,0,0,0,0,0,0,0,0,0,0,0,0,0,0,0,0,0,0
64304,64321,64312,26,-104.496,39.9032,22.125,-55.3606,647.036,0.858265,0.0950207,3.45086,0.108951,1.21553e-05,0.162774,0.133179,0.0739884,0.044393,0.177572,0.0295954,0.0591907,0.0147977,0.0295954,0,0.0147977,0.0295954,0.0147977,0.0591907,0.0147977,0,0,0,0,0,0,0,0,0,0,0,0,0,0,0,0,0,0,0,0,0
64324,64341,64332,26.1,-104.496,39.9045,21.7786,-55.2264,650.362,1.1649,0.141089,5.23557,0.111325,1.84077e-05,0.102786,0.137048,0.0513928,0.137048,0.137048,0.102786,0.154178,0.0685238,0.0342619,0.0171309,0.0513928,0.0342619,0.0171309,0.102786,0.0171309,0,0,0,0,0,0,0,0,0,0,0,0,0,0,0,0,0,0,0,0,0
64341,64361,64351,26.2,-104.495,39.906,21.4437,-55.1237,653.558,1.04585,0.15183,6.93265,0.136982,3.59361e-05,0.140297,0.17856,0.0637715,0.0637715,0.127543,0.0382629,0.0510172,0.0892801,0,0.0127543,0.0510172,0.0255086,0.0127543,0.153052,0.0127543,0.0255086,0,0,0,0,0,0,0,0,0,0,0,0,0,0,0,0,0,0,0,0
64362,64380,64371,26.3,-104.495,39.9069,21.1168,-55.3863,655.642,1.28597,0.142093,4.87881,0.103006,1.41835e-05,0.246802,0.168864,0.129896,0.0519583,0.0649478,0.090927,0.116906,0.0779374,0.0779374,0.0779374,0.0389687,0.0129896,0.0259791,0.103917,0,0,0,0,0,0,0,0,0,0,0,0,0,0,0,0,0,0,0,0,0,0
64382,64402,64392,26.4,-104.494,39.9074,20.782,-55.3405,658.783,1.20616,0.142776,5.35373,0.112492,1.96356e-05,0.163334,0.188462,0.138206,0.0753849,0.15077,0.0753849,0.0376924,0.0502566,0.0376924,0.0251283,0.100513,0.0376924,0.0125641,0.087949,0.0251283,0,0,0,0,0,0,0,0,0,0,0,0,0,0,0,0,0,0,0,0,0
64403,64421,64412,26.5,-104.493,39.9077,20.4676,-55.4971,661.184,1.22634,0.143269,5.52751,0.115744,2.23285e-05,0.224331,0.209376,0.0897324,0.0598216,0.104688,0.074777,0.119643,0.0598216,0.0299108,0.0448662,0.0299108,0.074777,0,0.0897324,0,0.0149554,0,0,0,0,0,0,0,0,0,0,0,0,0,0,0,0,0,0,0,0
64422,64441,64432,26.6,-104.492,39.9079,20.158,-55.438,664.249,1.1972,0.123282,4.04452,0.0984214,1.06308e-05,0.24459,0.128732,0.167351,0.115859,0.115859,0.0257463,0.0514927,0.0901122,0.0643659,0.0386195,0.0514927,0,0.0386195,0.0643659,0,0,0,0,0,0,0,0,0,0,0,0,0,0,0,0,0,0,0,0,0,0
64442,64462,64452,26.7,-104.492,39.908,19.8367,-55.4671,667.219,1.23685,0.146656,5.38086,0.110071,1.83855e-05,0.199895,0.149921,0.162414,0.0999473,0.0624671,0.0624671,0.0499737,0.0874539,0.0249868,0.0499737,0.0999473,0.0499737,0.0124934,0.112441,0.0124934,0,0,0,0,0,0,0,0,0,0,0,0,0,0,0,0,0,0,0,0,0
64463,64481,64472,26.8,-104.491,39.9083,19.5118,-55.9076,669.016,1.20837,0.131883,4.58141,0.104215,1.40801e-05,0.20401,0.20401,0.141238,0.0627724,0.141238,0.0941586,0.0784655,0.0470793,0.0313862,0.0313862,0,0.0470793,0,0.125545,0,0,0,0,0,0,0,0,0,0,0,0,0,0,0,0,0,0,0,0,0,0
64484,64502,64493,26.9,-104.49,39.9088,19.2183,-56.0022,671.625,0.852584,0.0870755,2.83638,0.0977215,7.34127e-06,0.119661,0.119661,0.164534,0.104703,0.0448728,0.0149576,0.0299152,0.0897457,0.0299152,0.0299152,0.0299152,0.0299152,0,0.0448728,0,0,0,0,0,0,0,0,0,0,0,0,0,0,0,0,0,0,0,0,0,0
64503,64523,64513,27,-104.488,39.9095,18.9422,-55.9639,674.524,1.14237,0.122898,4.26527,0.104118,1.33838e-05,0.121853,0.213243,0.137085,0.121853,0.0913897,0.0761581,0.0761581,0.0913897,0.0152316,0.0609265,0.0152316,0.0304632,0.0304632,0.0456949,0.0152316,0,0,0,0,0,0,0,0,0,0,0,0,0,0,0,0,0,0,0,0,0
64524,64543,64534,27.1,-104.487,39.91,18.6365,-55.614,678.764,0.998003,0.100834,3.41683,0.101657,1.04799e-05,0.194056,0.166334,0.138612,0.12475,0.0831669,0.0554446,0.0277223,0.0277223,0.0554446,0.0138612,0.0138612,0.0138612,0.0415835,0.0277223,0.0138612,0,0,0,0,0,0,0,0,0,0,0,0,0,0,0,0,0,0,0,0,0
64544,64565,64554,27.2,-104.485,39.9107,18.3505,-54.7735,684.406,0.809376,0.0800925,2.57367,0.0964013,6.55337e-06,0.125593,0.111638,0.167457,0.0976833,0.0279095,0.0697738,0.0697738,0.0139548,0.0279095,0,0.0279095,0.0139548,0.0139548,0.0418643,0,0,0,0,0,0,0,0,0,0,0,0,0,0,0,0,0,0,0,0,0,0
64567,64584,64576,27.3,-104.483,39.9112,18.1006,-54.4,688.261,1.29978,0.127252,4.061,0.0957393,1.02099e-05,0.183302,0.249958,0.233294,0.0999831,0.133311,0.0666554,0.0833193,0.0333277,0.0833193,0.0166639,0.0333277,0,0.0166639,0.0666554,0,0,0,0,0,0,0,0,0,0,0,0,0,0,0,0,0,0,0,0,0,0
64585,64607,64596,27.4,-104.482,39.9116,17.7889,-54.6384,690.93,0.925801,0.12807,6.40657,0.150072,3.51885e-05,0.106239,0.136594,0.0607082,0.0758853,0.106239,0.106239,0.0758853,0.0607082,0,0.0303541,0.0151771,0.0151771,0.0455312,0.0607082,0.0151771,0,0,0,0.0151771,0,0,0,0,0,0,0,0,0,0,0,0,0,0,0,0,0
64608,64807,64708,27.5,-104.479,39.9123,17.5122,-53.9037,696.368,0.892439,0.0873178,2.85724,0.0981671,7.89251e-06,0.23655,0.13978,0.129027,0.13978,0.0430091,0.0215046,0.0107523,0.0107523,0.0322568,0.0107523,0.0537614,0,0,0.0645137,0,0,0,0,0,0,0,0,0,0,0,0,0,0,0,0,0,0,0,0,0,0
64637,64773,64705,27.6,-104.477,39.9129,17.21,-53.3223,701.696,1.01045,0.102775,3.34855,0.097744,8.7425e-06,0.142989,0.142989,0.228782,0.0190652,0.0857932,0.0571955,0.114391,0.0476629,0.0571955,0.00953258,0,0.0381303,0.00953258,0.0571955,0,0,0,0,0,0,0,0,0,0,0,0,0,0,0,0,0,0,0,0,0,0
64642,64784,64713,27.6,-104.469,39.9149,17.304,-49.242,713.609,1.07684,0.117661,4.2487,0.108329,1.4792e-05,0.291039,0.130967,0.101864,0.0873117,0.101864,0.0727597,0.0873117,0.0145519,0,0,0.0436558,0.0291039,0.0145519,0.0873117,0.0145519,0,0,0,0,0,0,0,0,0,0,0,0,0,0,0,0,0,0,0,0,0
