data/B2SAP/Locations/Boulder/NOAA-POPS-B2SAP_GMLBalloon_20230621_R0.ict
82,1001
Thornberry, T. D.
NOAA Chemical Sciences Laboratory
Portable Optical Particle Spectrometer (POPS)
Balloon Baseline Stratospheric Aerosol Profiles (B2SAP)
1,1
2023,06,21,2024,05,30
0
TIME_START,s,Seconds since midnight UTC on flight start day,Start time of 100 m altitude bin in UTC_seconds_since_midnight
49
1.0,1.0,1.0,1.0,1.0,1.0,1.0,1.0,1.0,1.0,1.0,1.0,1.0,1.0,1.0,1.0,1.0,1.0,1.0,1.0,1.0,1.0,1.0,1.0,1.0,1.0,1.0,1.0,1.0,1.0,1.0,1.0,1.0,1.0,1.0,1.0,1.0,1.0,1.0,1.0,1.0,1.0,1.0,1.0,1.0,1.0,1.0,1.0,1.0
99999,99999,99999,99999,99999,99999,99999,99999,99999,99999,99999,99999,99999,99999,99999,99999,99999,99999,99999,99999,99999,99999,99999,99999,99999,99999,99999,99999,99999,99999,99999,99999,99999,99999,99999,99999,99999,99999,99999,99999,99999,99999,99999,99999,99999,99999,99999,99999,99999
TIME_STOP,s,End time of 100 m altitude bin in UTC seconds since midnight,
TIME_MID,s,Mid time of 100 m altitude in UTC seconds since midnight,
GPSAlt,km,GPS reported altitude above sea level (km),
GPS_Lon,deg,GPS reported longitude,
GPS_Lat,deg,GPS reported latitude,
iMet_Pressure,hPa,Pressure reported (hPa),
iMet_Temperature,degrees C,Ambient temperature (oC),
THETA,K,Potential temperature from iMet,
Aerosol_concentration,cm^-3,Aerosol concentration,
Surface_Area_Conc,um^2 cm^-3,Surface area concentration,
Volume_density,um^3 cm^-3,Volume density,
Effective_radius,um,Effective radius,
Extinction,km^-1,Extinction,
Bin01,cm^-3,particle concentration in size range [140 - 146.14 nm],
Bin02,cm^-3,particle concentration in size range [146.14 - 152.56 nm],
Bin03,cm^-3,particle concentration in size range [152.56 - 159.25 nm],
Bin04,cm^-3,particle concentration in size range [159.25 - 166.24 nm],
Bin05,cm^-3,particle concentration in size range [166.24 - 173.54 nm],
Bin06,cm^-3,particle concentration in size range [173.54 - 181.16 nm],
Bin07,cm^-3,particle concentration in size range [181.16 - 189.11 nm],
Bin08,cm^-3,particle concentration in size range [189.11 - 197.41 nm],
Bin09,cm^-3,particle concentration in size range [197.41 - 206.07 nm],
Bin10,cm^-3,particle concentration in size range [206.07 - 215.12 nm],
Bin11,cm^-3,particle concentration in size range [215.12 - 224.56 nm],
Bin12,cm^-3,particle concentration in size range [224.56 - 234.41 nm],
Bin13,cm^-3,particle concentration in size range [234.41 - 244.70 nm],
Bin14,cm^-3,particle concentration in size range [244.70 - 361.30 nm],
Bin15,cm^-3,particle concentration in size range [361.30 - 472.80 nm],
Bin16,cm^-3,particle concentration in size range [472.80 - 567.00 nm],
Bin17,cm^-3,particle concentration in size range [567.00 - 610.66 nm],
Bin18,cm^-3,particle concentration in size range [610.66 - 657.69 nm],
Bin19,cm^-3,particle concentration in size range [657.69 - 708.33 nm],
Bin20,cm^-3,particle concentration in size range [708.33 - 762.88 nm],
Bin21,cm^-3,particle concentration in size range [762.88 - 821.62 nm],
Bin22,cm^-3,particle concentration in size range [821.62 - 884.89 nm],
Bin23,cm^-3,particle concentration in size range [884.89 - 953.03 nm],
Bin24,cm^-3,particle concentration in size range [953.03 - 1026.42 nm],
Bin25,cm^-3,particle concentration in size range [1026.42 - 1105.46 nm],
Bin26,cm^-3,particle concentration in size range [1105.46 - 1190.59 nm]],
[...]
LOCATION: Boulder, CO, USA
ASSOCIATED_DATA: N/A
INSTRUMENT_INFO: Printed Optical Particle Spectrometer counts particles from 140 - 2500 nm in diameter 
DATA_INFO: Particle concentrations reported in number per cubic centimeter, binned to 100 m altitude
UNCERTAINTY: Counting uncertainty dominated by air flow, less than 5 percent
ULOD_FLAG: -77777
ULOD_VALUE: 3000 ~3000 per cm3 (varies depending on flow rate- manufacturer quotes 1250  per cm3 at 1.667 cc/s)
LLOD_FLAG: -88888
LLOD_VALUE: 0 0 (varies depending on data field and measurement precision)
DM_CONTACT_INFO: Troy Thornberry, 325 Broadway R/CSL6, Boulder, CO 80305; troy.thornberry@noaa.gov; 303-497-3373
PROJECT_INFO: B2SAP Boulder, CO, USA
STIPULATIONS_ON_USE: Please contact the PIs for questions regarding applications and uncertainties
OTHER_COMMENTS: POPS bin Edges (nm):  140, 146.14, 152.56, 159.25, 166.24, 173.54, 181.16, 189.11, 197.41, 206.07, 215.12, 224.56, 234.41, 244.70, 361.30, 472.80, 567.00, 610.66, 657.69, 708.33, 762.88, 821.62, 884.89, 953.03, 1026.42, 1105.46, 1190.59, 1282.27, 1381.01, 1487.36, 1601.89, 1725.25, 1858.10, 2001.18, 2155.28, 2321.25, 2500
Calculations assume sulfate refractive index of 1.45+0.00j and extinction wavelength = 532 nm
REVISION: R0
R0: QA/QC data
TIME_START,TIME_STOP,TIME_MID,GPSAlt,GPS_Lon,GPS_Lat,iMet_Pressure,iMet_Temperature,THETA,Aerosol_concentration,Surface_Area_Conc,Volume_density,Effective_radius,Extinction,Bin01,Bin02,Bin03,Bin04,Bin05,Bin06,Bin07,Bin08,Bin09,Bin10,Bin11,Bin12,Bin13,Bin14,Bin15,Bin16,Bin17,Bin18,Bin19,Bin20,Bin21,Bin22,Bin23,Bin24,Bin25,Bin26,Bin27,Bin28,Bin29,Bin30,Bin31,Bin32,Bin33,Bin34,Bin35,Bin36
[from data line 255]
63905,63923,63914,27.3,-105.11,40.314,19.2794,-46.64,699.941,0.763358,0.157302,8.11186,0.154706,4.62201e-05,0.0710101,0.0710101,0.0177525,0.0532575,0.0177525,0.0532575,0.035505,0.0177525,0,0.0177525,0.0177525,0.0532575,0.0532575,0.21303,0.0532575,0.0177525,0,0,0,0,0,0,0,0,0,0,0,0,0,0,0,0,0,0,0,0
63927,63945,63936,27.4,-105.113,40.3132,18.9865,-46.2976,704.074,0.883179,0.135416,5.91452,0.13103,2.72151e-05,0.108144,0.0720963,0.144193,0.0360481,0.0180241,0.0720963,0.0360481,0.0360481,0.0180241,0.0901203,0.0180241,0,0.0180241,0.180241,0.0360481,0,0,0,0,0,0,0,0,0,0,0,0,0,0,0,0,0,0,0,0,0
63946,63961,63954,27.5,-105.117,40.3123,18.7336,-45.9143,707.971,1.01835,0.134242,5.39402,0.120544,2.20384e-05,0.177104,0.177104,0.0442759,0.0885518,0.0442759,0.0442759,0.0664139,0.0885518,0.0442759,0,0,0.0442759,0.022138,0.154966,0.022138,0,0,0,0,0,0,0,0,0,0,0,0,0,0,0,0,0,0,0,0,0
63968,63983,63976,27.6,-105.12,40.3111,18.43,-46.6027,709.131,0.722355,0.156293,8.47932,0.162758,5.16984e-05,0.0866826,0.0288942,0.0288942,0.0866826,0,0.0288942,0,0,0.0866826,0.0288942,0,0.0288942,0.0577884,0.173365,0.0577884,0.0288942,0,0,0,0,0,0,0,0,0,0,0,0,0,0,0,0,0,0,0,0
63984,63999,63992,27.7,-105.124,40.3102,18.1827,-47.0609,710.429,1.02793,0.228567,13.0154,0.17083,8.43686e-05,0.205586,0,0.0587389,0.0587389,0.0881083,0,0.0587389,0,0.0881083,0,0.0293694,0.0293694,0.0293694,0.234955,0.0881083,0.0587389,0,0,0,0,0,0,0,0,0,0,0,0,0,0,0,0,0,0,0,0
64002,64016,64009,27.8,-105.127,40.3094,17.9583,-47.1292,712.734,0.627664,0.118437,6.78197,0.171787,4.41418e-05,0.0818692,0.0545795,0.0272897,0.109159,0.0272897,0.0545795,0.0545795,0,0,0.0272897,0,0.0272897,0,0.109159,0.0272897,0,0.0272897,0,0,0,0,0,0,0,0,0,0,0,0,0,0,0,0,0,0,0
64024,64043,64034,27.9,-105.132,40.3085,17.6462,-47.1346,716.31,0.875255,0.143232,6.98687,0.14634,3.89448e-05,0.0772284,0.154457,0.0514856,0.0772284,0.0514856,0.0257428,0.0772284,0.0514856,0.0257428,0.0257428,0.0257428,0.0257428,0,0.154457,0.0257428,0.0257428,0,0,0,0,0,0,0,0,0,0,0,0,0,0,0,0,0,0,0,0
64050,64060,64055,28,-105.137,40.3081,17.3789,-47.4444,718.449,0.787264,0.145549,7.41498,0.152834,4.25449e-05,0.149955,0.0374888,0,0,0.149955,0.0374888,0.0749775,0.0749775,0,0.0374888,0,0,0,0.112466,0.112466,0,0,0,0,0,0,0,0,0,0,0,0,0,0,0,0,0,0,0,0,0
64067,64086,64076,28.1,-105.141,40.308,17.1093,-47.1864,722.488,0.786858,0.0925925,3.41911,0.110779,1.18994e-05,0.196714,0.122947,0.0737679,0.0737679,0,0.0491786,0.0245893,0,0.0737679,0.0245893,0.0245893,0,0,0.122947,0,0,0,0,0,0,0,0,0,0,0,0,0,0,0,0,0,0,0,0,0,0
64087,64107,64097,28.2,-105.145,40.3083,16.8638,-47.2654,725.229,0.782324,0.0781532,2.57333,0.0987803,7.08973e-06,0.24279,0.0809301,0.107907,0.0539534,0.0539534,0.0539534,0.0269767,0,0.0539534,0,0.0269767,0.0269767,0,0.0539534,0,0,0,0,0,0,0,0,0,0,0,0,0,0,0,0,0,0,0,0,0,0
64114,64126,64120,28.3,-105.149,40.3085,16.6567,-46.9617,728.766,0.7962,0.139792,6.79971,0.145924,3.69608e-05,0.0589778,0.0589778,0,0.117956,0.0884667,0.0294889,0,0.0589778,0,0.0294889,0.0589778,0.0589778,0.0294889,0.176933,0,0.0294889,0,0,0,0,0,0,0,0,0,0,0,0,0,0,0,0,0,0,0,0
64135,64159,64147,28.4,-105.153,40.3089,16.41,-46.6544,732.876,0.784969,0.128624,6.42288,0.149805,3.71603e-05,0.0897108,0.0897108,0.0448554,0.112138,0.0448554,0.0672831,0.0224277,0.0672831,0,0.0448554,0.0224277,0.0224277,0,0.0897108,0.0448554,0.0224277,0,0,0,0,0,0,0,0,0,0,0,0,0,0,0,0,0,0,0,0
64160,64185,64172,28.5,-105.157,40.3093,16.161,-45.679,739.257,0.689044,0.131094,7.58455,0.173568,5.06646e-05,0.108796,0.0543982,0.0362654,0.0725309,0.0543982,0.0362654,0.0181327,0.0181327,0.0543982,0.0543982,0.0181327,0.0181327,0.0181327,0.0362654,0.0543982,0.0181327,0.0181327,0,0,0,0,0,0,0,0,0,0,0,0,0,0,0,0,0,0,0
64191,64213,64202,28.6,-105.161,40.3097,15.9393,-45.4079,743.061,0.631844,0.078395,2.88864,0.110542,9.57575e-06,0.0789806,0.0526537,0.0789806,0.0789806,0.0789806,0.0263269,0,0,0.0263269,0.0263269,0.0263269,0.0526537,0.0263269,0.0789806,0,0,0,0,0,0,0,0,0,0,0,0,0,0,0,0,0,0,0,0,0,0
64214,64239,64226,28.7,-105.166,40.3101,15.7225,-45.2531,746.484,0.820614,0.130364,5.649,0.129998,2.50501e-05,0.0703383,0.0937844,0.0703383,0.0468922,0.0937844,0.0234461,0.0234461,0.0234461,0.0234461,0,0.0234461,0.0468922,0.0703383,0.187569,0.0234461,0,0,0,0,0,0,0,0,0,0,0,0,0,0,0,0,0,0,0,0,0
64240,64263,64252,28.8,-105.17,40.3102,15.445,-45.3317,750.037,0.706781,0.0880014,3.16064,0.107747,9.67344e-06,0.0642528,0,0.128506,0.0642528,0,0.0642528,0,0.128506,0.0642528,0.0642528,0,0,0.0642528,0.0642528,0,0,0,0,0,0,0,0,0,0,0,0,0,0,0,0,0,0,0,0,0,0
64281,64288,64284,28.9,-105.175,40.3101,15.1813,-44.8575,755.302,0.777085,0.0829733,2.81501,0.10178,7.96844e-06,0.242839,0.0485678,0.0485678,0.0971356,0.0485678,0.0971356,0,0,0,0,0.0485678,0.0485678,0.0485678,0.0485678,0,0,0,0,0,0,0,0,0,0,0,0,0,0,0,0,0,0,0,0,0,0
64291,64319,64305,29,-105.179,40.3101,15.0395,-44.7042,757.838,0.599709,0.0517226,1.46816,0.085156,2.45756e-06,0.103398,0.165437,0.0620388,0.0413592,0.0413592,0.0827184,0.0206796,0.0413592,0,0.0206796,0,0.0206796,0,0,0,0,0,0,0,0,0,0,0,0,0,0,0,0,0,0,0,0,0,0,0,0
64328,64404,64366,29.1,-105.187,40.3103,14.8076,-41.3442,772.407,0.875892,0.120715,5.41479,0.134568,2.76694e-05,0.175178,0.103046,0.0824369,0.051523,0.103046,0.051523,0.051523,0.0412184,0.0309138,0.0103046,0.0309138,0.0103046,0,0.0824369,0.0412184,0.0103046,0,0,0,0,0,0,0,0,0,0,0,0,0,0,0,0,0,0,0,0
64406,64414,64410,29.1,-105.194,40.3107,14.87,-38.0233,782.518,3.32646,0.490885,21.1631,0.129337,9.63044e-05,0.383822,0.383822,0.383822,0.255882,0.383822,0,0.255882,0.127941,0.127941,0,0.127941,0.127941,0,0.639704,0.127941,0,0,0,0,0,0,0,0,0,0,0,0,0,0,0,0,0,0,0,0,0
64415,64433,64424,29,-105.197,40.3107,15.0038,-39.2137,776.58,3.28278,0.458147,20.187,0.132187,9.93107e-05,0.531039,0.434486,0.337934,0.0482762,0.193105,0.144829,0.434486,0.337934,0.0482762,0.0482762,0,0.144829,0.0965525,0.337934,0.0965525,0.0482762,0,0,0,0,0,0,0,0,0,0,0,0,0,0,0,0,0,0,0,0
64451,64451,64451,28.9,-105.201,40.3108,15.23,-43.21,760.063,1.90683,0.189518,5.88146,0.0931011,1.23703e-05,0.381365,0,0.381365,0.381365,0,0,0.381365,0,0,0,0,0.381365,0,0,0,0,0,0,0,0,0,0,0,0,0,0,0,0,0,0,0,0,0,0,0,0
64477,64482,64480,28.8,-105.206,40.3107,15.5375,-43.0875,756.124,1.42936,0.181329,6.67327,0.110406,2.19473e-05,0.190581,0.190581,0,0,0.0952906,0.190581,0,0.190581,0.190581,0.190581,0,0,0,0.190581,0,0,0,0,0,0,0,0,0,0,0,0,0,0,0,0,0,0,0,0,0,0
64483,64504,64494,28.7,-105.208,40.3106,15.6543,-42.9436,754.99,1.18974,0.124293,4.13549,0.0998163,1.13617e-05,0.216317,0.189277,0.108158,0.108158,0.108158,0.0540792,0.0811188,0.0540792,0.108158,0.0540792,0,0,0.0270396,0.0811188,0,0,0,0,0,0,0,0,0,0,0,0,0,0,0,0,0,0,0,0,0,0
64505,64525,64515,28.6,-105.212,40.3108,15.9455,-43.9885,747.614,1.13539,0.186794,10.6279,0.17069,6.53689e-05,0.148903,0.0930647,0.148903,0.0744517,0.0930647,0.0744517,0.0744517,0.0558388,0.0744517,0.0372259,0,0.0372259,0.0372259,0.130291,0.0186129,0.0186129,0,0,0,0.0186129,0,0,0,0,0,0,0,0,0,0,0,0,0,0,0,0
64526,64542,64534,28.5,-105.216,40.3111,16.1659,-40.3912,756.365,0.91948,0.168636,9.38082,0.166883,5.95025e-05,0.106916,0.149683,0.0641497,0.0213832,0.0641497,0.0641497,0.0427665,0.0213832,0.0427665,0.0213832,0.0427665,0.0213832,0,0.213832,0,0.0213832,0,0.0213832,0,0,0,0,0,0,0,0,0,0,0,0,0,0,0,0,0,0
64543,64560,64552,28.4,-105.219,40.3113,16.4059,-42.2876,747.069,1.54047,0.202991,8.13657,0.120251,3.32158e-05,0.211023,0.232126,0.0422046,0.147716,0.126614,0.0844093,0.168819,0.0844093,0.0422046,0.0211023,0.063307,0.0844093,0,0.189921,0.0422046,0,0,0,0,0,0,0,0,0,0,0,0,0,0,0,0,0,0,0,0,0
64561,64577,64569,28.3,-105.221,40.3116,16.6531,-45.2638,734.288,1.35345,0.247105,12.3922,0.150449,6.97509e-05,0.157902,0.09023,0.09023,0.0676725,0.135345,0.0676725,0.0676725,0.045115,0.045115,0.0676725,0.0676725,0.0676725,0.0225575,0.225575,0.112787,0.0225575,0,0,0,0,0,0,0,0,0,0,0,0,0,0,0,0,0,0,0,0
64578,64593,64586,28.2,-105.224,40.3119,16.8827,-44.1113,735.113,1.14747,0.152941,6.79656,0.133317,3.47447e-05,0.304431,0.0936711,0.0936711,0,0.140507,0.0936711,0.0936711,0.0936711,0.0234178,0.0234178,0,0.0234178,0,0.117089,0.0234178,0.0234178,0,0,0,0,0,0,0,0,0,0,0,0,0,0,0,0,0,0,0,0
64594,64608,64601,28.1,-105.227,40.3122,17.11,-42.4493,737.625,0.909312,0.124055,5.67443,0.137223,3.02274e-05,0.294912,0.024576,0.049152,0.073728,0.024576,0.073728,0.049152,0.024576,0.024576,0.049152,0.024576,0.098304,0.024576,0.024576,0.024576,0.024576,0,0,0,0,0,0,0,0,0,0,0,0,0,0,0,0,0,0,0,0
64609,64621,64615,28,-105.23,40.3125,17.3658,-44.7108,727.307,0.974009,0.138646,6.02029,0.130266,2.84432e-05,0.085942,0.114589,0.171884,0.0286473,0.0572947,0.085942,0.0572947,0.0572947,0.114589,0.0286473,0,0,0,0.114589,0.0572947,0,0,0,0,0,0,0,0,0,0,0,0,0,0,0,0,0,0,0,0,0
64622,64637,64630,27.9,-105.233,40.3126,17.592,-45.3507,722.592,1.15075,0.193021,10.2906,0.15994,6.51014e-05,0.203074,0.203074,0.0902551,0.0451276,0.0902551,0.0225638,0.0676913,0.0225638,0.0902551,0,0.0676913,0,0.0225638,0.135383,0.0225638,0.0676913,0,0,0,0,0,0,0,0,0,0,0,0,0,0,0,0,0,0,0,0
64638,64651,64644,27.8,-105.236,40.3125,17.8736,-45.6307,718.431,0.901864,0.148682,7.80305,0.157444,4.70835e-05,0.1424,0.0474665,0.1424,0.0711998,0.0474665,0.0474665,0.0474665,0.0474665,0.0711998,0,0.0237333,0.0474665,0,0.094933,0.0474665,0,0.0237333,0,0,0,0,0,0,0,0,0,0,0,0,0,0,0,0,0,0,0
64652,64666,64659,27.7,-105.239,40.3122,18.1207,-43.976,720.826,0.909194,0.17541,9.12918,0.156135,5.38e-05,0.0216475,0.108237,0.0649424,0.0865899,0.0216475,0.0649424,0.0865899,0.0649424,0.0216475,0.0216475,0.0649424,0,0.0216475,0.151532,0.0865899,0.0216475,0,0,0,0,0,0,0,0,0,0,0,0,0,0,0,0,0,0,0,0
64667,64680,64674,27.6,-105.242,40.3118,18.3792,-45.1692,714.184,0.893006,0.160065,7.57381,0.141951,3.86607e-05,0.0992229,0.0496114,0.0248057,0.0248057,0.0744172,0.0744172,0.0496114,0.0248057,0.0496114,0.0744172,0.0248057,0.0496114,0.0248057,0.17364,0.0744172,0,0,0,0,0,0,0,0,0,0,0,0,0,0,0,0,0,0,0,0,0
64681,64695,64688,27.5,-105.245,40.3112,18.6658,-47.0033,705.307,0.99278,0.173014,8.50846,0.147533,4.69412e-05,0.0804957,0.214655,0.107328,0.0268319,0.0536638,0.0268319,0.0268319,0,0,0.0268319,0.107328,0,0.0268319,0.241487,0.0268319,0.0268319,0,0,0,0,0,0,0,0,0,0,0,0,0,0,0,0,0,0,0,0
64696,64709,64702,27.4,-105.247,40.3108,18.9414,-47.2321,701.649,0.87677,0.116531,4.93016,0.126924,2.26777e-05,0.112406,0.202332,0.0674438,0.0674438,0.0674438,0.0449626,0.0449626,0.0449626,0.0449626,0,0,0.0449626,0,0.0899251,0.0449626,0,0,0,0,0,0,0,0,0,0,0,0,0,0,0,0,0,0,0,0,0
64710,64723,64716,27.3,-105.249,40.3105,19.2371,-45.8586,702.798,0.814516,0.122262,5.39279,0.132326,2.55862e-05,0.11007,0.0660418,0.0880557,0.0880557,0.0660418,0,0.0880557,0.0440279,0,0.0220139,0.0440279,0,0.0220139,0.132084,0.0440279,0,0,0,0,0,0,0,0,0,0,0,0,0,0,0,0,0,0,0,0,0
64724,64736,64730,27.2,-105.251,40.3102,19.5062,-45.0208,702.595,1.05,0.209824,11.5994,0.165845,7.24279e-05,0.0699998,0.0699998,0.14,0.093333,0.116666,0.0699998,0,0.0233333,0.093333,0.0233333,0.0233333,0,0,0.186666,0.116666,0,0.0233333,0,0,0,0,0,0,0,0,0,0,0,0,0,0,0,0,0,0,0
64737,64751,64744,27.1,-105.253,40.3097,19.8,-46.6814,694.513,1.26518,0.19415,9.3148,0.143932,5.14957e-05,0.0857749,0.214437,0.128662,0.150106,0.128662,0.0643312,0.0857749,0.0428875,0.0428875,0.0214437,0.0214437,0.0214437,0.0428875,0.107219,0.0857749,0.0214437,0,0,0,0,0,0,0,0,0,0,0,0,0,0,0,0,0,0,0,0
64752,64763,64758,27,-105.255,40.309,20.1036,-47.8282,687.988,1.07939,0.170957,8.14739,0.142973,4.3801e-05,0.188892,0.107939,0.134923,0.0539693,0.107939,0.0809539,0,0.0809539,0,0.0809539,0,0,0,0.134923,0.107939,0,0,0,0,0,0,0,0,0,0,0,0,0,0,0,0,0,0,0,0,0
64765,64776,64770,26.9,-105.257,40.3085,20.3808,-47.2808,686.972,1.11913,0.171831,8.14399,0.142186,4.40718e-05,0.145973,0.170302,0.0973155,0.0729867,0.145973,0.0243289,0,0,0.0973155,0.0486578,0.0486578,0.0486578,0.0243289,0.121644,0.0486578,0.0243289,0,0,0,0,0,0,0,0,0,0,0,0,0,0,0,0,0,0,0,0
64777,64787,64782,26.8,-105.258,40.3082,20.6909,-47.0682,684.659,1.12345,0.2223,12.4447,0.167945,8.09035e-05,0.182887,0.0783801,0.104507,0.0522534,0.104507,0.0783801,0.0522534,0.0261267,0.0261267,0.0522534,0,0,0,0.261267,0.0261267,0.0783801,0,0,0,0,0,0,0,0,0,0,0,0,0,0,0,0,0,0,0,0
64788,64797,64792,26.7,-105.26,40.308,21.0012,-48.0513,678.797,1.41852,0.230393,11.438,0.148937,6.35474e-05,0.212779,0.177315,0.141852,0.106389,0.0709262,0.0709262,0.0354631,0.0354631,0.0354631,0.0354631,0.0709262,0.0354631,0.0354631,0.319168,0,0,0.0354631,0,0,0,0,0,0,0,0,0,0,0,0,0,0,0,0,0,0,0
64798,64807,64802,26.6,-105.261,40.3079,21.3244,-50.2478,669.238,0.945718,0.20025,11.6805,0.174989,7.88145e-05,0.0945718,0.15762,0.0630479,0.0315239,0.0630479,0,0.0945718,0.0315239,0.0315239,0,0.0945718,0.0315239,0,0.0945718,0.0945718,0.0630479,0,0,0,0,0,0,0,0,0,0,0,0,0,0,0,0,0,0,0,0
64808,64818,64813,26.5,-105.262,40.308,21.6445,-49.7564,667.861,0.963307,0.16718,7.90676,0.141884,4.06238e-05,0.152101,0.101401,0.0507004,0.0507004,0.0253502,0.0253502,0.101401,0.0253502,0,0.0253502,0.0760506,0.0507004,0,0.202802,0.0760506,0,0,0,0,0,0,0,0,0,0,0,0,0,0,0,0,0,0,0,0,0
64822,64830,64826,26.4,-105.263,40.3083,22.0278,-47.7644,670.447,1.08671,0.206709,12.2983,0.178487,7.81816e-05,0.120746,0.150932,0.120746,0.060373,0.060373,0.060373,0.060373,0.060373,0,0.0301865,0,0.060373,0.0301865,0.181119,0.060373,0,0,0,0.0301865,0,0,0,0,0,0,0,0,0,0,0,0,0,0,0,0,0
64831,64841,64836,26.3,-105.265,40.3084,22.3178,-51.6389,656.467,0.998137,0.14986,6.41098,0.12834,2.84336e-05,0.0907398,0.120986,0.120986,0.0907398,0.0907398,0,0.0302466,0.0302466,0.0604932,0.0302466,0.0604932,0.0302466,0,0.211726,0.0302466,0,0,0,0,0,0,0,0,0,0,0,0,0,0,0,0,0,0,0,0,0
64842,64854,64848,26.2,-105.266,40.3086,22.6325,-52.36,651.716,1.2808,0.203294,10.111,0.149207,5.8725e-05,0.247172,0.112351,0.0449403,0.0674105,0.157291,0.157291,0.0674105,0.0674105,0,0.0449403,0.0224702,0.0224702,0.0224702,0.157291,0.0449403,0.0449403,0,0,0,0,0,0,0,0,0,0,0,0,0,0,0,0,0,0,0,0
64855,64866,64860,26.1,-105.267,40.3088,22.9827,-51.39,651.705,0.813011,0.179741,10.9898,0.183427,7.76773e-05,0.0956483,0.143473,0.167385,0,0.0239121,0.0478242,0.0239121,0,0.0239121,0,0.0239121,0,0,0.11956,0.0717363,0.0717363,0,0,0,0,0,0,0,0,0,0,0,0,0,0,0,0,0,0,0,0
64867,64878,64872,26,-105.269,40.309,23.3392,-53.4133,642.932,1.22586,0.220079,11.5363,0.157257,6.99375e-05,0.0875611,0.175122,0.131342,0.0875611,0.109451,0.0437806,0.0875611,0.0437806,0.0437806,0.0437806,0,0.0437806,0.0437806,0.153232,0.0875611,0.0437806,0,0,0,0,0,0,0,0,0,0,0,0,0,0,0,0,0,0,0,0
64879,64890,64884,25.9,-105.27,40.3094,23.6817,-51.1167,646.955,1.17085,0.22425,11.1057,0.148571,6.01978e-05,0.106441,0.106441,0.0851525,0.0425763,0.0851525,0,0.0851525,0.0638644,0.0638644,0.0425763,0.0212881,0.0425763,0.0425763,0.255458,0.127729,0,0,0,0,0,0,0,0,0,0,0,0,0,0,0,0,0,0,0,0,0
64891,64902,64896,25.8,-105.272,40.3095,24.0792,-52.8308,638.917,0.951953,0.18254,9.10931,0.149709,5.01655e-05,0.084618,0.105773,0.0211545,0.042309,0.0634635,0.105773,0.042309,0,0,0.0211545,0.0634635,0.042309,0.0211545,0.275009,0.042309,0.0211545,0,0,0,0,0,0,0,0,0,0,0,0,0,0,0,0,0,0,0,0
64903,64914,64908,25.7,-105.274,40.3093,24.4358,-50.2683,643.637,0.805534,0.143726,7.15421,0.14933,3.99477e-05,0.103274,0.0619641,0.0619641,0.0206547,0.0826188,0.0413094,0.0826188,0.0413094,0.0413094,0.0413094,0,0,0.0206547,0.103274,0.103274,0,0,0,0,0,0,0,0,0,0,0,0,0,0,0,0,0,0,0,0,0
64915,64927,64921,25.6,-105.276,40.3088,24.8423,-52.0762,635.411,1.04147,0.20835,11.479,0.165285,7.26061e-05,0.189358,0.094679,0.094679,0.0189358,0.0378716,0.0378716,0.113615,0.0378716,0.0378716,0.0189358,0.0189358,0.0189358,0,0.170422,0.113615,0.0378716,0,0,0,0,0,0,0,0,0,0,0,0,0,0,0,0,0,0,0,0
