data/B2SAP/Locations/Boulder/NOAA-POPS-B2SAP_GMLBalloon_20200124_R0.ict
61,1001
Thornberry, T. D.
NOAA Chemical Sciences Laboratory
Portable Optical Particle Spectrometer (POPS)
Balloon Baseline Stratospheric Aerosol Profiles (B2SAP)
1,1
2020,01,24,2024,05,30
0
TIME_START,s,Seconds since midnight UTC on flight start day,Start time of 100 m altitude bin in UTC_seconds_since_midnight
28
1.0,1.0,1.0,1.0,1.0,1.0,1.0,1.0,1.0,1.0,1.0,1.0,1.0,1.0,1.0,1.0,1.0,1.0,1.0,1.0,1.0,1.0,1.0,1.0,1.0,1.0,1.0,1.0
99999,99999,99999,99999,99999,99999,99999,99999,99999,99999,99999,99999,99999,99999,99999,99999,99999,99999,99999,99999,99999,99999,99999,99999,99999,99999,99999,99999
TIME_STOP,s,End time of 100 m altitude bin in UTC seconds since midnight,
TIME_MID,s,Mid time of 100 m altitude in UTC seconds since midnight,
GPSAlt,m,GPS reported altitude above sea level (m),
GPS_Lon,deg,GPS reported longitude,
GPS_Lat,deg,GPS reported latitude,
iMet_Pressure,mb,Pressure reported (mB),
iMet_Temperature,degrees C,Ambient temperature (oC),
THETA,K,Potential temperature from iMet,
Aerosol_concentration,cm^-3,Aerosol concentration,
Surface_Area_Conc,um^2 cm^-3,Surface area concentration,
Volume_density,um^3 cm^-3,Volume density,
Effective_radius,um,Effective radius,
Extinction,km^-1,Extinction,
Bin01,cm^-3,particle concentration in size range [140 - 170 nm],
Bin02,cm^-3,particle concentration in size range [170 - 205 nm],
Bin03,cm^-3,particle concentration in size range [205 - 249 nm],
Bin04,cm^-3,particle concentration in size range [249 - 302 nm],
Bin05,cm^-3,particle concentration in size range [302 - 366 nm],
Bin06,cm^-3,particle concentration in size range [366 - 443 nm],
Bin07,cm^-3,particle concentration in size range [443 - 537 nm],
Bin08,cm^-3,particle concentration in size range [537 - 651 nm],
Bin09,cm^-3,particle concentration in size range [651 - 789 nm],
Bin10,cm^-3,particle concentration in size range [789 - 956 nm],
Bin11,cm^-3,particle concentration in size range [956 - 1159 nm],
Bin12,cm^-3,particle concentration in size range [1159 - 1404 nm],
Bin13,cm^-3,particle concentration in size range [1404 - 1702 nm],
Bin14,cm^-3,particle concentration in size range [1702 - 2062 nm],
Bin15,cm^-3,particle concentration in size range [2062 - 2500 nm],
0
19
PI_CONTACT_INFO: 325 Broadway R/CSL6, Boulder, CO 80305; troy.thornberry@noaa.gov; 303-497-3373 
PLATFORM: GML ECC/FPH balloon
LOCATION: Boulder, CO, USA
ASSOCIATED_DATA: N/A
INSTRUMENT_INFO: Printed Optical Particle Spectrometer counts particles from 140 - 2500 nm in diameter 
DATA_INFO: Particle concentrations reported in number per cubic centimeter, binned to 100 m altitude
UNCERTAINTY: Counting uncertainty dominated by air flow, less than 5 percent
ULOD_FLAG: -77777
ULOD_VALUE: 3000 ~3000 per cm3 (varies depending on flow rate- manufacturer quotes 1250  per cm3 at 1.667 cc/s)
LLOD_FLAG: -88888
LLOD_VALUE: 0 0 (varies depending on data field and measurement precision)
DM_CONTACT_INFO: Troy Thornberry, 325 Broadway R/CSL6, Boulder, CO 80305; troy.thornberry@noaa.gov; 303-497-3373
PROJECT_INFO: B2SAP Boulder, CO, USA
STIPULATIONS_ON_USE: Please contact the PIs for questions regarding applications and uncertainties
OTHER_COMMENTS: POPS bin Edges (nm):  140, 170, 205, 249, 302, 366, 443, 537, 651, 789, 956, 1159, 1404, 1702, 2062, 2500
Calculations assume sulfate refractive index of 1.45+0.00j and extinction wavelength = 532 nm
REVISION: R0
R0: QA/QC data
TIME_START,TIME_STOP,TIME_MID,GPSAlt,GPS_Lon,GPS_Lat,iMet_Pressure,iMet_Temperature,THETA,Aerosol_concentration,Surface_Area_Conc,Volume_density,Effective_radius,Extinction,Bin01,Bin02,Bin03,Bin04,Bin05,Bin06,Bin07,Bin08,Bin09,Bin10,Bin11,Bin12,Bin13,Bin14,Bin15
[from data line 153]
64781,64801,64791,17,-104.617,39.6483,89.4663,-59.0144,426.791,13.255,6.4731,561.387,0.260178,0.00415002,1.27027,1.28868,1.54642,1.67528,1.76733,1.80415,2.11712,1.34391,0.220917,0.165687,0.0552292,0,0,0,0
64802,64824,64813,17.1,-104.615,39.6477,88.0526,-58.8658,429.033,12.1835,6.1649,557.152,0.271125,0.0039963,1.08504,1.31755,1.37956,1.51906,1.62757,1.51906,2.07708,1.14705,0.24801,0.186007,0.0620025,0.0155006,0,0,0
64825,64842,64834,17.2,-104.613,39.647,86.6262,-59.1481,430.48,13.208,6.71835,579.739,0.258876,0.00438557,1.34475,1.10527,1.23422,1.87897,1.27107,2.0816,2.3395,1.51054,0.29474,0.0921062,0.0552637,0,0,0,0
64843,64861,64852,17.3,-104.611,39.6462,85.26,-59.8108,431.094,11.5599,5.63339,469.597,0.250079,0.00364093,1.14003,1.04882,1.23123,1.61884,1.09443,2.00645,1.68724,1.39083,0.250806,0.0684016,0.0228005,0,0,0,0
64861,64881,64871,17.4,-104.61,39.6454,83.8756,-60.225,432.273,11.2823,5.93816,505.542,0.255403,0.00400253,0.909268,1.05772,1.03916,1.22473,1.42885,1.78142,1.92988,1.41029,0.426799,0.0556695,0.0185565,0,0,0,0
64882,64902,64892,17.5,-104.609,39.6444,82.4811,-60.1639,434.481,11.0991,5.36035,431.434,0.241459,0.00344295,0.856307,1.18566,1.15272,1.16919,1.53147,1.74555,2.05843,1.08685,0.247012,0.0658698,0,0,0,0,0
64905,64925,64915,17.6,-104.609,39.643,81.1569,-59.7531,437.329,11.015,5.33035,446.89,0.251516,0.00342329,0.961044,1.16434,1.21979,1.29371,1.38612,1.8112,1.71879,1.1089,0.203298,0.129371,0.0184816,0,0,0,0
64926,64949,64938,17.7,-104.608,39.6416,79.807,-59.7655,439.409,10.7123,5.47458,460.09,0.252123,0.00368917,0.932144,0.87296,1.37602,1.18367,1.25765,1.37602,1.95306,1.40561,0.236735,0.118367,0,0,0,0,0
64950,64973,64962,17.8,-104.608,39.6403,78.6156,-59.5122,441.827,11.1495,5.72441,491.958,0.257821,0.00384608,0.853862,1.18227,1.26437,1.33006,1.31363,1.51068,1.85551,1.39574,0.295568,0.131363,0.0164204,0,0,0,0
64974,64998,64986,17.9,-104.607,39.6385,77.3514,-59.0662,444.796,10.239,4.72964,384.215,0.243707,0.00297498,1.09554,1.12363,1.0534,1.22194,1.26408,1.58712,1.58712,1.06745,0.168544,0.0561813,0,0.0140453,0,0,0
64999,65024,65012,18,-104.606,39.6363,76.0455,-59.186,446.726,9.62082,4.8067,415.744,0.259478,0.00312673,0.796816,0.900107,1.32803,1.07718,1.23949,1.25425,1.57888,1.07718,0.280361,0.0442676,0.0442676,0,0,0,0
65025,65050,65038,18.1,-104.605,39.6341,74.8289,-58.3132,450.616,8.36737,3.90321,321.205,0.246878,0.00247881,0.866124,0.897057,0.958923,0.958923,1.15999,1.02079,1.40745,0.912523,0.108265,0.061866,0.0154665,0,0,0,0
65051,65068,65060,18.2,-104.605,39.6327,73.8086,-57.4957,454.102,8.4782,3.76847,309.938,0.246735,0.00232186,0.935658,1.08842,0.954753,1.03113,0.935658,1.45122,1.12661,0.725612,0.133665,0.0763802,0.0190951,0,0,0,0
65069,65094,65082,18.3,-104.604,39.6324,72.5975,-55.4725,460.544,6.90495,3.10436,254.952,0.246381,0.00195307,0.758499,0.928507,0.693111,0.915429,0.745421,1.11159,0.876197,0.627723,0.209241,0.0261551,0.0130776,0,0,0,0
65095,65118,65106,18.4,-104.603,39.6321,71.3611,-55.9937,461.695,7.32762,3.71811,330.698,0.266828,0.00239287,0.564723,0.70246,0.936614,0.840198,0.936614,1.07435,1.44624,0.495854,0.179059,0.11019,0.0413212,0,0,0,0
65119,65140,65130,18.5,-104.602,39.6316,70.2661,-56.3817,462.91,7.45726,3.37583,269.492,0.23949,0.00214735,0.859333,0.757378,0.932157,0.888463,0.844768,1.07781,1.1215,0.771943,0.17478,0.0291299,0,0,0,0,0
65143,65161,65152,18.6,-104.6,39.6311,69.1825,-56.9588,463.738,6.3068,2.99437,255.16,0.25564,0.00186702,0.592806,0.757474,0.67514,0.823341,0.658673,0.806875,1.38321,0.444604,0.0823341,0.0494005,0.0329337,0,0,0,0
65162,65181,65172,18.7,-104.599,39.6306,68.084,-57.7413,464.17,6.22625,2.76219,223.766,0.243031,0.00168772,0.668354,0.721119,0.738708,0.897002,0.61559,0.791472,1.14324,0.562825,0.0351765,0.0351765,0.0175883,0,0,0,0
65182,65199,65190,18.8,-104.598,39.6302,66.9883,-58.7442,464.16,6.36139,2.75741,231.851,0.252249,0.0017091,1.10441,0.662645,0.817262,0.72891,0.48594,0.905615,0.949791,0.574293,0.0441763,0.0662645,0.0220882,0,0,0,0
65199,65217,65208,18.9,-104.597,39.6296,65.9412,-59.7147,464.144,5.8816,3.08067,274.354,0.267171,0.00211128,0.611687,0.658739,0.752845,0.423475,0.643055,0.752845,1.08221,0.674424,0.172527,0.0941056,0.0156843,0,0,0,0
65217,65237,65227,19,-104.596,39.6289,64.843,-60.424,464.819,6.49177,2.77566,214.283,0.231601,0.00167018,0.681235,0.561017,0.948387,0.908314,0.788096,0.921672,1.08196,0.480872,0.0801454,0.0400727,0,0,0,0,0
65238,65256,65247,19.1,-104.594,39.6281,63.8525,-60.9075,465.821,5.15889,2.67945,229.787,0.257277,0.00179483,0.401992,0.46899,0.669986,0.46899,0.602988,0.669986,1.20598,0.535989,0,0.133997,0,0,0,0,0
65270,65276,65273,19.2,-104.593,39.627,62.4629,-61.8486,466.666,6.87749,2.85393,237.47,0.249625,0.00168853,0.8837,0.922122,0.806857,0.998966,1.03739,0.614748,0.8837,0.537905,0.153687,0,0.0384218,0,0,0,0
65277,65291,65284,19.3,-104.593,39.6266,61.8847,-62.1473,467.248,5.09937,2.19381,177.69,0.242988,0.00130651,0.628444,0.395022,0.861866,0.592533,0.592533,0.718222,0.915733,0.251378,0.107733,0.0179555,0.0179555,0,0,0,0
65300,65318,65309,19.4,-104.592,39.626,60.6624,-62.5682,468.988,5.17255,2.42798,207.758,0.256705,0.00155231,0.636621,0.652536,0.525212,0.557043,0.541128,0.875354,0.684367,0.541128,0.0795776,0.0636621,0.0159155,0,0,0,0
65318,65340,65329,19.5,-104.592,39.6253,59.6938,-62.5867,471.101,5.06459,2.12877,173.042,0.243862,0.00129235,0.668423,0.706986,0.642714,0.578443,0.591297,0.578443,0.771257,0.437046,0.0385629,0.0385629,0.0128543,0,0,0,0
65340,65359,65350,19.6,-104.591,39.6245,58.7832,-61.5489,475.519,5.27345,2.46701,215.441,0.261987,0.00155174,0.678622,0.636208,0.452414,0.636208,0.735173,0.749311,0.721035,0.48069,0.0989656,0.0565518,0.0282759,0,0,0,0
65360,65381,65370,19.7,-104.591,39.6235,57.8755,-61.1855,478.451,5.29247,2.48667,221.49,0.267213,0.00154461,0.585342,0.682899,0.682899,0.585342,0.731678,0.365839,0.97557,0.585342,0.0243893,0.0243893,0.0487785,0,0,0,0
65382,65403,65392,19.8,-104.591,39.6226,56.9189,-61.0356,481.076,4.72115,2.0688,170.099,0.246664,0.00131226,0.536156,0.521263,0.714875,0.565943,0.655302,0.580836,0.55105,0.41701,0.119146,0.0595729,0,0,0,0,0
65404,65426,65415,19.9,-104.591,39.6211,55.9733,-61.445,482.454,5.73868,2.50847,199.808,0.23896,0.00155575,0.597779,0.657557,0.762168,0.672501,0.836891,0.672501,0.896668,0.523057,0.0597779,0.0597779,0,0,0,0,0
65427,65438,65432,20,-104.591,39.6196,55.2983,-61.3258,484.393,4.99299,2.20824,184.219,0.250271,0.00134075,0.559753,0.582143,0.649313,0.626923,0.582143,0.761263,0.671703,0.425412,0.0895604,0.0223901,0.0223901,0,0,0,0
65451,65470,65460,20.1,-104.591,39.6171,54.1456,-60.8372,488.451,4.41521,1.85146,144.279,0.233781,0.00114535,0.701064,0.462404,0.462404,0.641399,0.462404,0.507152,0.656315,0.447487,0.059665,0.0149162,0,0,0,0,0
65472,65493,65482,20.2,-104.592,39.6153,53.2971,-60.3405,491.803,4.34575,1.89896,158.25,0.250005,0.00121972,0.573487,0.637207,0.52251,0.547998,0.407813,0.509766,0.611719,0.407813,0.0509766,0.0764649,0,0,0,0,0
65494,65517,65506,20.3,-104.593,39.6139,52.4995,-60.0757,494.537,4.114,1.76726,148.027,0.251282,0.00109376,0.560422,0.585895,0.471264,0.547685,0.433053,0.484,0.547685,0.356632,0.089158,0.0254737,0,0.0127369,0,0,0
65518,65539,65528,20.4,-104.595,39.6122,51.6121,-59.0868,499.268,4.30314,1.69561,126.696,0.224161,0.000994823,0.546653,0.476569,0.700837,0.546653,0.476569,0.56067,0.588703,0.336402,0.0700837,0,0,0,0,0,0
65541,65563,65552,20.5,-104.596,39.6102,50.7742,-59.65,500.28,4.28559,1.96005,174.037,0.266377,0.00118406,0.491789,0.547993,0.477738,0.674453,0.365329,0.6323,0.604198,0.351278,0.0983578,0,0.0421533,0,0,0,0
65564,65585,65574,20.6,-104.597,39.6081,49.9182,-59.6335,502.76,4.0999,1.89575,158.402,0.250669,0.00118151,0.50267,0.392711,0.455545,0.565504,0.345586,0.738297,0.612629,0.361294,0.0942507,0.0157084,0.0157084,0,0,0,0
65585,65605,65595,20.7,-104.598,39.6066,49.1262,-59.3225,505.799,3.49375,1.47836,122.402,0.248389,0.000882609,0.393441,0.487866,0.424916,0.519341,0.409178,0.424916,0.456391,0.299015,0.0472129,0.0157376,0.0157376,0,0,0,0
65607,65627,65617,20.8,-104.6,39.605,48.371,-59.4138,507.817,4.04279,1.90633,169.226,0.266312,0.00119771,0.542889,0.531338,0.438932,0.438932,0.404279,0.438932,0.739253,0.404279,0.0577542,0.0115508,0.0346525,0,0,0,0
65627,65646,65636,20.9,-104.602,39.6037,47.5815,-59.4205,510.207,4.19655,1.81268,151.257,0.250332,0.0011246,0.667082,0.545794,0.473021,0.375991,0.509408,0.618567,0.497279,0.400249,0.0606438,0.0363863,0.0121288,0,0,0,0
65648,65668,65658,21,-104.603,39.603,46.8141,-59.5155,512.348,3.97117,1.68641,139.411,0.248002,0.00107986,0.573614,0.650831,0.441242,0.463304,0.397117,0.430211,0.540521,0.341962,0.0772173,0.0551552,0,0,0,0,0
65669,65691,65680,21.1,-104.605,39.6026,45.9765,-59.7741,514.374,4.3593,1.81737,146.341,0.241571,0.00109183,0.586004,0.657467,0.543125,0.457369,0.443076,0.51454,0.728931,0.371612,0.0285855,0.0142928,0.0142928,0,0,0,0
65691,65712,65702,21.2,-104.606,39.6028,45.2413,-59.9513,516.324,3.60209,1.83064,165.008,0.270411,0.00118917,0.471159,0.334371,0.471159,0.303974,0.288775,0.562351,0.638345,0.410365,0.0759934,0.0151987,0.0303974,0,0,0,0
65716,65733,65724,21.3,-104.608,39.6032,44.5473,-59.752,519.084,3.57949,1.57006,138.957,0.265512,0.0010047,0.647872,0.583085,0.372526,0.291542,0.388723,0.259149,0.647872,0.291542,0.0161968,0.0647872,0.0161968,0,0,0,0
65734,65750,65742,21.4,-104.609,39.6035,43.9031,-60.2031,520.154,3.25871,1.43562,112.799,0.235717,0.000884908,0.355836,0.374564,0.243467,0.561846,0.374564,0.449477,0.599302,0.20601,0.0749128,0.0187282,0,0,0,0,0
65755,65774,65764,21.5,-104.61,39.6033,43.14,-60.2469,522.658,3.3905,1.45702,112.887,0.232433,0.000883894,0.393373,0.337177,0.449569,0.355909,0.487033,0.468301,0.599426,0.224785,0.0561962,0.0187321,0,0,0,0,0
65775,65793,65784,21.6,-104.611,39.6029,42.4531,-60.5363,524.345,3.58152,1.48598,119.541,0.241336,0.00092677,0.563899,0.563899,0.365772,0.381013,0.365772,0.365772,0.670582,0.213367,0.0457215,0.0457215,0,0,0,0,0
65795,65814,65804,21.7,-104.613,39.6023,41.7563,-60.3969,527.185,3.1258,1.23607,93.1556,0.226093,0.000721659,0.442187,0.365948,0.426939,0.335452,0.411691,0.411691,0.48793,0.198222,0.0304956,0.0152478,0,0,0,0,0
65816,65832,65824,21.8,-104.615,39.6018,41.1014,-60.0757,530.36,3.2717,1.42097,106.179,0.224169,0.000843875,0.435066,0.243637,0.226234,0.417663,0.556884,0.487274,0.626495,0.243637,0.0348053,0,0,0,0,0,0
65835,65853,65844,21.9,-104.617,39.601,40.3842,-59.4583,534.586,3.01708,1.20109,92.0332,0.229875,0.000725432,0.445474,0.506221,0.404977,0.182239,0.283484,0.546718,0.34423,0.222737,0.0809953,0,0,0,0,0,0
65856,65873,65864,22,-104.619,39.5997,39.7533,-59.908,535.862,3.03469,1.15849,90.611,0.234644,0.000682818,0.405707,0.503077,0.421936,0.324566,0.438164,0.357022,0.308337,0.194739,0.0486849,0.0324566,0,0,0,0,0
65874,65895,65884,22.1,-104.621,39.5982,39.1529,-60.0624,537.803,3.43491,1.36163,105.743,0.232977,0.000834498,0.601108,0.429363,0.486612,0.329178,0.415051,0.314866,0.472299,0.329178,0.0429363,0.0143121,0,0,0,0,0
65896,65918,65907,22.2,-104.625,39.5969,38.4717,-59.9033,540.921,3.28345,1.34466,107.712,0.24031,0.000821439,0.445901,0.405365,0.459413,0.445901,0.364828,0.432389,0.391853,0.243219,0.0540486,0.0405365,0,0,0,0,0
65919,65940,65930,22.3,-104.628,39.5959,37.88,-59.7039,543.819,3.39247,1.32468,101.297,0.229408,0.000788987,0.513601,0.378443,0.567664,0.364927,0.41899,0.324379,0.554148,0.189221,0.067579,0.0135158,0,0,0,0,0
65941,65963,65952,22.4,-104.632,39.595,37.2411,-59.2772,547.571,3.03863,1.12562,90.6772,0.241673,0.00063313,0.445666,0.513192,0.445666,0.405151,0.351131,0.270101,0.337626,0.229586,0.013505,0.013505,0.013505,0,0,0,0
65964,65985,65974,22.5,-104.636,39.5943,36.6375,-58.5156,552.087,3.16509,1.35327,106.692,0.23652,0.000840851,0.439175,0.363455,0.363455,0.378599,0.378599,0.439175,0.424031,0.302879,0.0605758,0.015144,0,0,0,0,0
65985,66009,65997,22.6,-104.639,39.5935,36.0395,-58.2342,555.417,3.12284,1.17875,87.4046,0.222451,0.000679974,0.420628,0.548091,0.369643,0.34415,0.382389,0.331404,0.458867,0.254926,0,0.0127463,0,0,0,0,0
66010,66025,66018,22.7,-104.643,39.5926,35.53,-57.7358,558.978,2.97915,1.25902,106.143,0.252918,0.000745977,0.510129,0.265267,0.448914,0.306077,0.346888,0.367293,0.428508,0.244862,0.0408103,0,0.0204052,0,0,0,0
66031,66052,66042,22.8,-104.647,39.5918,34.9065,-57.1676,563.285,3.35124,1.27807,96.52,0.226561,0.000727513,0.34668,0.635579,0.40446,0.332235,0.491129,0.491129,0.40446,0.187785,0.02889,0.02889,0,0,0,0,0
66053,66074,66064,22.9,-104.651,39.591,34.3582,-57.1882,565.798,3.13236,1.21008,91.0188,0.225651,0.000688939,0.39706,0.338236,0.426472,0.514707,0.411766,0.352942,0.455883,0.205883,0,0.0294118,0,0,0,0,0
66076,66097,66086,23,-104.655,39.5899,33.8165,-57.5553,567.397,3.51857,1.2877,92.1741,0.214742,0.000716666,0.430542,0.400849,0.697775,0.445388,0.415696,0.296926,0.623544,0.178155,0.0296926,0,0,0,0,0,0
66097,66117,66107,23.1,-104.658,39.5888,33.254,-57.5767,570.068,2.85899,1.19478,98.0376,0.246165,0.000699365,0.374392,0.39141,0.340357,0.408428,0.272285,0.306321,0.510535,0.221232,0.0170178,0,0.0170178,0,0,0,0
66119,66138,66128,23.2,-104.662,39.5877,32.7213,-57.5987,572.648,3.0793,1.00712,71.4947,0.212969,0.000529835,0.461895,0.530324,0.461895,0.461895,0.393466,0.239501,0.342145,0.171072,0,0.0171072,0,0,0,0,0
66139,66157,66148,23.3,-104.665,39.587,32.1947,-57.846,574.642,2.97082,0.969509,65.8847,0.20387,0.00049318,0.521196,0.43433,0.382211,0.416957,0.330091,0.399584,0.364838,0.104239,0.0173732,0,0,0,0,0,0
66159,66179,66169,23.4,-104.669,39.5867,31.6925,-57.8906,577.121,3.11013,1.10978,82.1638,0.222108,0.000622556,0.477216,0.510127,0.444304,0.362026,0.34557,0.378481,0.378481,0.164557,0.0329114,0.0164557,0,0,0,0,0
66181,66202,66192,23.5,-104.673,39.5869,31.1835,-57.3776,581.166,3.12039,1.14508,87.0202,0.227985,0.000651696,0.436855,0.358845,0.421253,0.670884,0.327641,0.374447,0.280835,0.140418,0.0936117,0.015602,0,0,0,0,0
66203,66225,66214,23.6,-104.677,39.587,30.6745,-57.45,583.72,3.18279,1.28716,102.327,0.238495,0.00080821,0.508177,0.414565,0.508177,0.387819,0.240715,0.320954,0.427938,0.280834,0.0802384,0.0133731,0,0,0,0,0
66226,66248,66237,23.7,-104.682,39.5867,30.1511,-57.3879,586.759,3.00574,1.18431,91.536,0.231872,0.000709976,0.441601,0.441601,0.35613,0.413111,0.270659,0.427356,0.35613,0.227923,0.0569808,0.0142452,0,0,0,0,0
66249,66270,66260,23.8,-104.686,39.5859,29.6944,-57.4239,589.227,3.00782,0.955514,64.9646,0.203967,0.000483743,0.466213,0.436135,0.571487,0.360939,0.406056,0.315822,0.270704,0.16543,0.0150391,0,0,0,0,0,0
66271,66294,66282,23.9,-104.691,39.5854,29.1812,-57.5569,591.806,2.81335,1.05882,78.6511,0.222846,0.000611579,0.448755,0.431495,0.293417,0.345196,0.310677,0.431495,0.293417,0.207118,0.0517795,0,0,0,0,0,0
66295,66315,66305,24,-104.694,39.585,28.7344,-57.2178,595.352,2.68098,0.867374,61.2629,0.211891,0.000467631,0.561135,0.4832,0.327329,0.311742,0.218219,0.311742,0.311742,0.124697,0.0311742,0,0,0,0,0,0
66317,66338,66328,24.1,-104.698,39.5852,28.2706,-56.8624,599.118,2.89002,0.913232,62.0693,0.2039,0.000464829,0.581326,0.398624,0.49828,0.24914,0.348796,0.365405,0.315577,0.116265,0.0166093,0,0,0,0,0,0
66340,66361,66350,24.2,-104.701,39.5858,27.8211,-56.6795,602.366,2.70412,0.878021,63.3185,0.216345,0.00048758,0.645983,0.450686,0.300457,0.345526,0.21032,0.285435,0.240366,0.195297,0.0300457,0,0,0,0,0,0
66361,66381,66371,24.3,-104.705,39.5868,27.3547,-56.3912,606.103,3.04866,1.18743,96.1526,0.242926,0.000673787,0.55892,0.355677,0.304866,0.508109,0.304866,0.355677,0.372614,0.254055,0.016937,0,0.016937,0,0,0,0
66384,66403,66394,24.4,-104.708,39.5882,26.8875,-56.7413,608.097,2.1686,0.756523,53.8778,0.213653,0.000420117,0.312425,0.385936,0.385936,0.220535,0.147023,0.257291,0.294047,0.165401,0,0,0,0,0,0,0
