data/B2SAP/Locations/Boulder/NOAA-POPS-B2SAP_GMLBalloon_20220414_R0.ict
61,1001
Thornberry, T. D.
NOAA Chemical Sciences Laboratory
Portable Optical Particle Spectrometer (POPS)
Balloon Baseline Stratospheric Aerosol Profiles (B2SAP)
1,1
2022,04,14,2024,05,28
0
TIME_START,s,Seconds since midnight UTC on flight start day,Start time of 100 m altitude bin in UTC_seconds_since_midnight
28
1.0,1.0,1.0,1.0,1.0,1.0,1.0,1.0,1.0,1.0,1.0,1.0,1.0,1.0,1.0,1.0,1.0,1.0,1.0,1.0,1.0,1.0,1.0,1.0,1.0,1.0,1.0,1.0
99999,99999,99999,99999,99999,99999,99999,99999,99999,99999,99999,99999,99999,99999,99999,99999,99999,99999,99999,99999,99999,99999,99999,99999,99999,99999,99999,99999
TIME_STOP,s,End time of 100 m altitude bin in UTC seconds since midnight,
TIME_MID,s,Mid time of 100 m altitude in UTC seconds since midnight,
GPSAlt,m,GPS reported altitude above sea level (m),
GPS_Lon,deg,GPS reported longitude,
GPS_Lat,deg,GPS reported latitude,
iMet_Pressure,mb,Pressure reported (mB),
iMet_Temperature,degrees C,Ambient temperature (oC),
THETA,K,Potential temperature from iMet,
Aerosol_concentration,cm^-3,Aerosol concentration,
Surface_Area_Conc,um^2 cm^-3,Surface area concentration,
Volume_density,um^3 cm^-3,Volume density,
Effective_radius,um,Effective radius,
Extinction,km^-1,Extinction,
Bin01,cm^-3,particle concentration in size range [140 - 170 nm],
Bin02,cm^-3,particle concentration in size range [170 - 205 nm],
Bin03,cm^-3,particle concentration in size range [205 - 249 nm],
Bin04,cm^-3,particle concentration in size range [249 - 302 nm],
Bin05,cm^-3,particle concentration in size range [302 - 366 nm],
Bin06,cm^-3,particle concentration in size range [366 - 443 nm],
Bin07,cm^-3,particle concentration in size range [443 - 537 nm],
Bin08,cm^-3,particle concentration in size range [537 - 651 nm],
Bin09,cm^-3,particle concentration in size range [651 - 789 nm],
Bin10,cm^-3,particle concentration in size range [789 - 956 nm],
Bin11,cm^-3,particle concentration in size range [956 - 1159 nm],
Bin12,cm^-3,particle concentration in size range [1159 - 1404 nm],
Bin13,cm^-3,particle concentration in size range [1404 - 1702 nm],
Bin14,cm^-3,particle concentration in size range [1702 - 2062 nm],
Bin15,cm^-3,particle concentration in size range [2062 - 2500 nm],
0
19
PI_CONTACT_INFO: 325 Broadway R/CSL6, Boulder, CO 80305; troy.thornberry@noaa.gov; 303-497-3373 
PLATFORM: GML ECC/FPH balloon
LOCATION: Boulder, CO, USA
ASSOCIATED_DATA: N/A
INSTRUMENT_INFO: Printed Optical Particle Spectrometer counts particles from 140 - 2500 nm in diameter 
DATA_INFO: Particle concentrations reported in number per cubic centimeter, binned to 100 m altitude
UNCERTAINTY: Counting uncertainty dominated by air flow, less than 5 percent
ULOD_FLAG: -77777
ULOD_VALUE: 3000 ~3000 per cm3 (varies depending on flow rate- manufacturer quotes 1250  per cm3 at 1.667 cc/s)
LLOD_FLAG: -88888
LLOD_VALUE: 0 0 (varies depending on data field and measurement precision)
DM_CONTACT_INFO: Troy Thornberry, 325 Broadway R/CSL6, Boulder, CO 80305; troy.thornberry@noaa.gov; 303-497-3373
PROJECT_INFO: B2SAP Boulder, CO, USA
STIPULATIONS_ON_USE: Please contact the PIs for questions regarding applications and uncertainties
OTHER_COMMENTS: POPS bin Edges (nm):  140, 170, 205, 249, 302, 366, 443, 537, 651, 789, 956, 1159, 1404, 1702, 2062, 2500
Calculations assume sulfate refractive index of 1.45+0.00j and extinction wavelength = 532 nm
REVISION: R0
R0: QA/QC data
TIME_START,TIME_STOP,TIME_MID,GPSAlt,GPS_Lon,GPS_Lat,iMet_Pressure,iMet_Temperature,THETA,Aerosol_concentration,Surface_Area_Conc,Volume_density,Effective_radius,Extinction,Bin01,Bin02,Bin03,Bin04,Bin05,Bin06,Bin07,Bin08,Bin09,Bin10,Bin11,Bin12,Bin13,Bin14,Bin15
[from data line 70]
56170,56190,56180,8.7,-104.752,39.8832,316.551,-46.4044,314.973,115.242,29.4711,3537.55,0.360104,0.012047,34.57,31.8486,20.909,12.1251,7.89478,2.55974,1.96696,0.808339,0.673616,0.377225,0.35028,0.673616,0.215557,0.161668,0.107779
56191,56207,56199,8.8,-104.742,39.8817,311.961,-47.2857,315.058,126.212,31.7273,3951.88,0.373673,0.0128165,38.355,34.8235,23.1542,13.4196,7.98422,3.34723,1.96535,0.737005,0.491337,0.460628,0.42992,0.276377,0.399211,0.21496,0.153543
56209,56224,56216,8.9,-104.733,39.8799,306.96,-48.2723,315.129,115.687,31.9077,4441.25,0.417571,0.0140318,36.3456,30.3933,21.7475,11.4391,7.5817,2.42748,1.82892,1.1306,0.86458,0.365784,0.465543,0.299278,0.332531,0.232772,0.232772
56225,56242,56234,9,-104.725,39.878,302.553,-48.8936,315.566,117.164,27.0401,2987.27,0.331427,0.0105644,37.5359,30.8098,21.7901,12.3363,7.74895,2.51066,1.39481,1.02286,0.557925,0.433941,0.123983,0.340954,0.278962,0.216971,0.0619916
56243,56262,56252,9.1,-104.715,39.8765,297.763,-49.3728,316.333,96.4818,22.8309,2471.37,0.32474,0.0089007,28.7872,27.0924,18.11,10.6045,6.10123,1.96111,1.08951,0.774759,0.556858,0.38738,0.121056,0.338957,0.38738,0.145267,0.0242112
56263,56291,56277,9.2,-104.701,39.8744,292.97,-49.8655,317.099,80.0674,19.8575,2443.1,0.369096,0.00786519,28.3386,20.8267,14.0898,7.15419,4.47137,1.88791,1.15262,0.536565,0.198728,0.278219,0.258346,0.317964,0.377582,0.119237,0.0596183
56292,56320,56306,9.3,-104.686,39.8719,288.534,-50.3576,317.779,77.893,17.8557,2132,0.358205,0.00696659,26.1619,21.4733,13.9088,7.49474,4.63628,1.27236,0.941199,0.732044,0.348592,0.226585,0.0697185,0.244015,0.191726,0.0871481,0.104578
56321,56352,56336,9.4,-104.669,39.869,284.014,-50.5133,319.001,71.8002,18.4852,2526.39,0.410013,0.00764849,24.2356,18.116,13.1296,7.38238,4.53304,1.60275,0.971366,0.404736,0.307599,0.259031,0.161894,0.145705,0.27522,0.145705,0.129515
56353,56378,56366,9.5,-104.653,39.8661,279.911,-50.9422,319.711,82.0457,18.8905,2229.87,0.354126,0.00720424,26.999,21.7065,15.4872,8.19481,5.21932,1.73164,0.829237,0.560954,0.219504,0.317061,0.121947,0.268283,0.195115,0.0975573,0.0975573
56379,56401,56390,9.6,-104.639,39.8632,275.72,-51.3471,320.503,88.5397,20.8279,2328.33,0.335366,0.00796746,28.2431,23.0299,16.1838,10.0704,5.17127,2.26112,1.29805,0.774644,0.334981,0.251236,0.209363,0.314045,0.272172,0.0209363,0.104682
56404,56430,56417,9.7,-104.625,39.8605,271.147,-51.867,321.28,84.9651,19.8183,2276.88,0.344664,0.00770273,26.5241,23.2923,14.9545,9.56169,5.27805,2.00795,1.28127,0.764935,0.382467,0.152987,0.191234,0.17211,0.17211,0.152987,0.0764935
56431,56456,56444,9.8,-104.612,39.858,267.224,-52.2578,322.061,86.0362,20.0947,2255.77,0.336771,0.00781522,27.7121,21.9316,15.8053,9.69828,5.37726,2.03568,1.2675,0.80659,0.403295,0.21125,0.134432,0.268863,0.192045,0.115227,0.0768181
56457,56480,56468,9.9,-104.598,39.8555,263.129,-52.48,323.157,82.3384,18.8013,2093.57,0.334057,0.00708203,26.097,20.5741,15.0089,10.0552,5.54404,2.04476,1.22264,0.54808,0.40052,0.16864,0.23188,0.16864,0.12648,0.02108,0.12648
56481,56502,56492,10,-104.586,39.8534,259.306,-53.1753,323.485,81.3754,20.1057,2442.61,0.364466,0.00811981,24.7033,21.7047,15.0849,9.01865,5.51268,1.77605,1.4762,0.761165,0.230656,0.276787,0.138394,0.322918,0.115328,0.161459,0.0922624
56503,56522,56512,10.1,-104.574,39.8512,255.177,-53.7217,324.161,75.1668,18.722,2223.39,0.356275,0.00767167,22.4793,20.0412,13.3852,8.80156,4.75431,2.26744,1.38972,0.707051,0.268192,0.365716,0.0975242,0.292573,0.146286,0.0487621,0.121905
56525,56544,56534,10.2,-104.563,39.8494,251.294,-54.2378,324.829,75.8478,17.6353,1914.14,0.325621,0.00675022,23.6367,18.7236,14.6171,8.57962,5.40198,1.78437,1.31994,0.733301,0.171104,0.21999,0.14666,0.171104,0.171104,0.122217,0.0488867
56545,56564,56554,10.3,-104.552,39.8477,247.482,-55.0375,325.055,73.0678,19.8636,2577.42,0.389267,0.00844688,20.8013,19.2779,13.5167,9.00191,5.09647,1.85578,1.19102,0.692455,0.443171,0.221586,0.30468,0.276982,0.138491,0.138491,0.110793
56565,56585,56575,10.4,-104.54,39.846,243.466,-55.7353,325.53,72.9781,15.3381,1342.99,0.262677,0.005404,23.255,17.8824,13.7212,8.4013,5.08292,1.81721,1.18514,0.737418,0.342373,0.0790091,0.105345,0.184355,0.131682,0.0263364,0.0263364
56586,56606,56596,10.5,-104.528,39.8442,239.616,-55.8319,326.868,69.4299,15.5792,1552.17,0.298893,0.00569662,22.6057,17.7676,12.6792,7.45183,4.81032,1.50149,0.973187,0.472691,0.333664,0.139027,0.194637,0.083416,0.333664,0.083416,0
56607,56627,56617,10.6,-104.516,39.8423,235.951,-55.9844,328.09,59.2412,14.1655,1527.13,0.323417,0.00557214,18.7299,14.0824,11.3387,6.66324,4.50748,1.53982,0.811907,0.419952,0.363958,0.223974,0.0839904,0.139984,0.223974,0.0839904,0.0279968
56628,56653,56640,10.7,-104.503,39.8401,232.09,-56.5526,328.774,55.6395,13.5701,1532.3,0.338751,0.00549283,17.8584,13.944,9.77635,6.40721,3.60284,1.49956,1.12954,0.389496,0.311597,0.155798,0.116849,0.194748,0.097374,0.136324,0.0194748
56654,56678,56666,10.8,-104.489,39.8384,228.26,-56.4373,330.513,47.8502,10.1283,838.624,0.2484,0.0037633,15.5645,12.1148,8.52294,5.27611,2.88157,1.37991,0.953758,0.44644,0.243513,0.162342,0.0811709,0.142049,0.0608782,0.0202927,0
56679,56718,56698,10.9,-104.47,39.8365,224.426,-56.2955,332.335,40.3455,8.37597,809.857,0.290064,0.00290347,13.5592,10.469,6.87346,4.02877,3.19125,0.953042,0.606482,0.231041,0.12996,0.0433201,0.0577601,0.0433201,0.0866402,0.0577601,0.01444
56719,56771,56745,11,-104.441,39.8336,220.893,-55.6219,334.889,26.5268,5.48255,480.311,0.262822,0.00196756,9.3472,6.20683,4.05476,3.10342,1.81956,1.00676,0.489527,0.240145,0.110836,0.0277091,0.0184727,0.0369454,0.0277091,0.0277091,0.00923636
56772,56780,56776,11.1,-104.423,39.8312,218.86,-53.73,338.69,18.5764,3.47258,187.132,0.161666,0.00115883,6.2568,4.60772,2.37661,2.1826,1.30956,1.06705,0.388018,0.388018,0,0,0,0,0,0,0
56810,56833,56822,11.2,-104.399,39.828,214.258,-52.6142,342.481,16.7915,3.32369,208.961,0.188611,0.00110965,5.70727,3.37665,2.53248,2.14711,1.61492,0.82581,0.330324,0.128459,0.0734054,0.0183513,0.0183513,0,0.0183513,0,0
56834,56856,56845,11.3,-104.385,39.8262,211.188,-52.2118,344.525,15.6616,2.72555,143.477,0.157924,0.000855916,5.99204,3.29176,2.39167,1.69732,1.18298,0.514338,0.385753,0.128584,0.0771507,0,0,0,0,0,0
56857,56875,56866,11.4,-104.373,39.8245,207.923,-51.9193,346.528,15.9887,2.91062,163.239,0.168252,0.000966771,5.61008,3.74005,2.2752,2.11936,0.96618,0.654509,0.374005,0.187003,0,0.0623342,0,0,0,0,0
56876,56896,56886,11.5,-104.362,39.8228,204.815,-51.55,348.599,15.1705,2.64411,137.56,0.156075,0.000812914,5.65022,3.45721,2.16721,1.44481,1.34161,0.619202,0.283801,0.154801,0.0516002,0,0,0,0,0,0
56897,56912,56904,11.6,-104.351,39.8208,201.831,-51.77,349.712,13.8574,2.46767,128.522,0.156247,0.000759756,5.03342,2.92062,1.98851,1.86423,0.869973,0.714621,0.279634,0.155352,0.0310705,0,0,0,0,0,0
56919,56937,56928,11.7,-104.339,39.8184,198.292,-51.6789,351.63,14.4504,2.67793,141.046,0.15801,0.000832175,4.88249,2.8463,2.16756,2.12377,1.2261,0.788205,0.175157,0.197051,0.0437892,0,0,0,0,0,0
56942,56963,56952,11.8,-104.327,39.816,195.159,-51.871,352.933,14.1222,2.64625,138.843,0.157404,0.000826185,4.50868,2.92505,2.47791,1.62089,1.32279,0.801129,0.260833,0.186309,0.0186309,0,0,0,0,0,0
56964,56992,56978,11.9,-104.313,39.8139,192.242,-51.4713,355.092,13.4313,2.84664,177.101,0.186642,0.00106416,4.10897,2.76097,2.22502,1.52665,1.36424,0.763327,0.454748,0.097446,0.081205,0.032482,0.016241,0,0,0,0
56993,57022,57008,12,-104.298,39.8113,189.193,-50.2033,358.754,13.3071,2.80595,176.521,0.188729,0.000981855,3.93045,2.62618,2.30892,1.83304,1.23377,0.775515,0.334882,0.193879,0.0352507,0,0.0352507,0,0,0,0
57023,57051,57037,12.1,-104.283,39.8087,186.309,-50.2096,360.326,12.9824,2.63327,155.964,0.177685,0.000907359,4.06727,2.56088,2.05418,1.7529,1.32837,0.657337,0.356058,0.123251,0.0547781,0.0136945,0,0.0136945,0,0,0
57056,57081,57068,12.2,-104.268,39.8066,183.24,-49.568,363.085,12.2848,2.39564,135.007,0.169066,0.000836327,4.0275,2.64822,1.82065,1.54479,1.12181,0.588493,0.275856,0.202294,0.0367808,0.0183904,0,0,0,0,0
57082,57104,57093,12.3,-104.255,39.8051,180.666,-49.3735,364.868,12.7014,2.36309,127.027,0.161264,0.000738619,4.2553,2.42853,2.14914,1.78379,0.967113,0.752199,0.236406,0.0644742,0.0429828,0.0214914,0,0,0,0,0
57105,57126,57116,12.4,-104.244,39.8041,178.011,-49.9241,365.509,11.3038,1.9924,99.2495,0.149442,0.000553246,4.05723,2.08286,1.64893,1.73571,0.889553,0.629196,0.195268,0.0433929,0.0216964,0,0,0,0,0,0
57131,57147,57139,12.5,-104.233,39.8028,175.335,-49.9846,367,11.7063,2.07255,120.868,0.174955,0.000756974,5.40293,1.99796,1.54771,1.23817,0.619086,0.365823,0.281403,0.140701,0.0844208,0.0281403,0,0,0,0,0
57148,57172,57160,12.6,-104.222,39.8014,172.644,-49.9389,368.705,10.8877,1.96627,113.092,0.172547,0.000701275,4.39185,2.45127,1.3482,1.06222,0.755807,0.469826,0.163418,0.142991,0.0817089,0.0204272,0,0,0,0,0
57173,57194,57184,12.7,-104.213,39.7998,170.206,-49.7036,370.591,11.0183,2.36863,152.763,0.193482,0.00100975,3.81303,2.34041,1.42003,1.34114,0.946684,0.499639,0.210374,0.315561,0.0788903,0.0525935,0,0,0,0,0
57195,57217,57206,12.8,-104.202,39.7979,167.404,-49.9589,371.923,10.8858,2.14161,118.857,0.166496,0.000739565,3.33531,2.49637,1.6165,1.24818,1.22772,0.511551,0.225082,0.163696,0.0613861,0,0,0,0,0,0
57221,57239,57230,12.9,-104.192,39.7961,164.707,-50.5122,372.738,10.9453,2.10545,126.527,0.180284,0.000709595,3.71027,2.41168,1.91697,1.07186,0.783279,0.597766,0.288577,0.103063,0.0412252,0,0.0206126,0,0,0,0
57240,57262,57251,13,-104.182,39.7943,162.201,-50.8853,373.743,9.73034,1.88995,103.833,0.164818,0.000640666,3.12621,2.03204,1.4068,1.4068,0.898787,0.468932,0.17585,0.17585,0.0390777,0,0,0,0,0,0
57263,57284,57274,13.1,-104.173,39.7926,159.805,-51.3315,374.577,11.5662,2.31647,138.345,0.179167,0.000786373,3.80612,2.45735,1.57049,1.51506,1.0901,0.609718,0.314097,0.166287,0.0184763,0,0,0.0184763,0,0,0
57285,57299,57292,13.2,-104.165,39.7915,157.519,-51.7733,375.373,9.73918,1.98206,111.896,0.169363,0.000674482,2.98956,1.88003,1.41773,1.35609,1.10953,0.647224,0.184921,0.123281,0,0.0308202,0,0,0,0,0
57300,57325,57312,13.3,-104.155,39.7902,154.777,-52.1478,376.631,10.6087,2.21875,127.168,0.171945,0.000823046,2.99272,2.43545,1.58924,1.30028,1.21773,0.412789,0.454068,0.144476,0.0619183,0,0,0,0,0,0
57328,57352,57340,13.4,-104.142,39.7891,152.478,-52.7825,377.154,10.777,2.22702,121.573,0.163769,0.000751295,2.92733,2.03235,1.90183,1.71538,0.988207,0.708526,0.354263,0.130518,0.0186454,0,0,0,0,0,0
57355,57382,57368,13.5,-104.129,39.7878,150.065,-53.5014,377.635,9.77007,1.71796,87.3578,0.152549,0.000496963,3.35846,2.05239,1.49265,1.39088,0.814173,0.390124,0.169619,0.0678477,0.0339239,0,0,0,0,0,0
57383,57408,57396,13.6,-104.115,39.7864,147.753,-54.1387,378.221,9.3547,1.78732,101.293,0.17002,0.000623436,3.22523,2.0024,1.28398,1.29926,0.748988,0.382137,0.259853,0.0764273,0.0611419,0.0152855,0,0,0,0,0
57409,57438,57424,13.7,-104.101,39.7849,145.33,-54.7671,378.923,9.95782,2.07024,133.766,0.19384,0.000750492,3.32385,2.0053,1.34602,1.4147,0.961445,0.439518,0.247229,0.123614,0.0686746,0,0.0274699,0,0,0,0
57439,57464,57452,13.8,-104.088,39.7834,143.039,-54.7774,380.623,9.91649,1.82797,94.9262,0.155789,0.000552012,3.29388,2.02164,1.4988,1.25481,1.08053,0.453126,0.261419,0,0.0522838,0,0,0,0,0,0
57466,57490,57478,13.9,-104.077,39.7822,141.057,-54.6033,382.445,9.54491,2.00431,122.895,0.183945,0.000803906,2.98865,2.26887,1.36132,1.00143,0.907549,0.500717,0.266006,0.109532,0.125179,0.0156474,0,0,0,0,0
57491,57513,57502,14,-104.066,39.7809,138.951,-55.0388,383.338,9.05621,1.79942,104.431,0.174108,0.000655764,3.01226,1.98226,1.26321,1.0883,0.855093,0.44698,0.194339,0.155471,0.0388679,0.0194339,0,0,0,0,0
57514,57536,57525,14.1,-104.055,39.7799,136.816,-55.7053,383.856,8.81238,1.54309,86.4131,0.168,0.00051795,3.64918,1.86341,1.06758,0.931706,0.71819,0.291158,0.135874,0.0776421,0.0582316,0.0194105,0,0,0,0,0
57541,57565,57553,14.2,-104.044,39.7794,134.601,-56.4661,384.297,8.93314,1.63305,84.1196,0.154532,0.00048861,2.86082,1.95643,1.36581,1.29198,0.701362,0.479879,0.184569,0.0738276,0.0184569,0,0,0,0,0,0
57566,57585,57576,14.3,-104.034,39.7793,132.542,-56.17,386.527,8.63832,1.66495,92.9117,0.167413,0.00060172,3.06521,1.89992,1.13995,1.06396,0.65864,0.253323,0.354652,0.202658,0,0,0,0,0,0,0
57586,57606,57596,14.4,-104.024,39.7787,130.421,-56.3855,387.928,9.48197,1.77811,95.4561,0.161052,0.000581956,3.36511,1.84003,1.32615,1.39246,0.679652,0.464153,0.298384,0.0828844,0.0331538,0,0,0,0,0,0
57607,57630,57618,14.5,-104.013,39.7775,128.328,-56.8894,388.813,8.27801,1.55483,83.3115,0.160747,0.000506942,2.79638,1.79635,1.09262,1.12966,0.7778,0.351862,0.18519,0.129633,0.018519,0,0,0,0,0,0
57631,57648,57640,14.6,-104.002,39.7763,126.272,-57.3875,389.712,9.03396,1.87869,117.916,0.188294,0.000657805,2.90005,1.81514,1.39786,1.1475,0.792819,0.584182,0.208636,0.146046,0.0208636,0,0,0.0208636,0,0,0
57649,57674,57662,14.7,-103.991,39.7753,124.026,-57.36,391.773,8.57332,1.72181,94.9483,0.165433,0.000596696,2.8208,1.72734,1.06176,1.20439,0.824053,0.522957,0.269402,0.126777,0.0158472,0,0,0,0,0,0
57675,57698,57686,14.8,-103.98,39.7745,122.276,-57.3973,393.293,9.7542,1.94714,110.989,0.171004,0.000678285,3.30313,1.75132,1.39662,1.35229,1.04193,0.554216,0.177349,0.110843,0.0443373,0.0221686,0,0,0,0,0
57699,57711,57705,14.9,-103.971,39.7741,120.76,-57.4508,394.595,8.16909,1.66008,88.5394,0.160004,0.000539695,2.20925,1.54134,1.31014,1.48996,0.847736,0.333957,0.359646,0.0770669,0,0,0,0,0,0,0
57712,57748,57730,15,-103.954,39.7741,118.344,-57.2855,397.196,8.23977,1.56019,81.9167,0.157513,0.000479097,2.3138,1.881,1.34833,1.19851,0.882238,0.366212,0.133168,0.08323,0.033292,0,0,0,0,0,0
57749,57774,57762,15.1,-103.944,39.7738,116.701,-57.2689,398.811,9.51349,2.2013,150.012,0.204441,0.000788948,2.36089,2.06359,1.36407,1.52146,1.03179,0.71701,0.262321,0.139904,0.017488,0,0,0.017488,0.017488,0,0
57775,57789,57782,15.2,-103.933,39.7731,114.81,-55.6853,403.611,9.92555,2.25723,145.356,0.193188,0.000826579,2.40954,1.61373,2.03374,1.76847,1.1274,0.3758,0.397906,0.132635,0.0221059,0.0221059,0,0.0221059,0,0,0
57790,57807,57798,15.3,-103.926,39.7718,113.083,-53.5633,409.329,9.1664,2.08669,123.389,0.177394,0.000814802,2.05516,2.12791,1.38223,1.52773,0.87299,0.581994,0.381933,0.181873,0.0545619,0,0,0,0,0,0
57808,57823,57816,15.4,-103.919,39.7706,111.349,-52.2519,413.59,9.45567,2.22903,140.947,0.189697,0.000932557,2.46581,1.67105,1.56915,1.54877,1.08007,0.468708,0.264922,0.326058,0.0203786,0.0407572,0,0,0,0,0
57824,57838,57831,15.5,-103.913,39.7691,109.265,-50.77,418.611,8.4992,1.9077,112.641,0.177136,0.00073849,2.10056,1.64813,1.45424,1.3896,0.937174,0.420113,0.323164,0.161582,0.0646327,0,0,0,0,0,0
57839,57853,57846,15.6,-103.91,39.768,107.858,-51.0008,419.737,8.5613,2.05755,130.003,0.18955,0.000870563,1.91634,1.5928,1.66746,1.3937,0.945725,0.3982,0.29865,0.273763,0.049775,0.0248875,0,0,0,0,0
57854,57870,57862,15.7,-103.906,39.7665,106.248,-51.6877,420.239,8.39833,1.77003,100.271,0.169949,0.000651491,2.48189,1.62953,1.42897,1.02785,0.877437,0.426184,0.325905,0.200557,0,0,0,0,0,0,0
57871,57885,57878,15.8,-103.902,39.7648,104.673,-51.6567,422.089,8.07996,1.8885,110.181,0.175029,0.000709881,1.62466,1.73297,1.16975,1.4297,1.03978,0.649862,0.281607,0.0866483,0.0649862,0,0,0,0,0,0
57886,57901,57894,15.9,-103.899,39.7641,102.941,-51.1667,425.055,8.45864,2.07088,139.731,0.202422,0.000813953,2.05385,1.64849,1.35122,1.27015,0.864781,0.67561,0.405366,0.135122,0.0270244,0,0,0.0270244,0,0,0
57902,57911,57906,16,-103.898,39.7637,101.569,-50.4757,428.012,7.75018,1.602,88.2123,0.165192,0.000542875,1.48507,2.45964,1.1138,1.02098,0.835349,0.510491,0.232041,0.0464083,0.0464083,0,0,0,0,0,0
57916,57928,57922,16.1,-103.897,39.7635,99.9038,-50.2554,430.456,7.85923,1.78694,107.889,0.181129,0.000725535,2.15017,1.63116,1.16158,1.08744,0.766151,0.469576,0.420147,0.0988582,0.0741436,0,0,0,0,0,0
