data/B2SAP/Locations/Boulder/NOAA-POPS-B2SAP_GMLBalloon_20220111_R0.ict
61,1001
Thornberry, T. D.
NOAA Chemical Sciences Laboratory
Portable Optical Particle Spectrometer (POPS)
Balloon Baseline Stratospheric Aerosol Profiles (B2SAP)
1,1
2022,01,11,2024,05,28
0
TIME_START,s,Seconds since midnight UTC on flight start day,Start time of 100 m altitude bin in UTC_seconds_since_midnight
28
1.0,1.0,1.0,1.0,1.0,1.0,1.0,1.0,1.0,1.0,1.0,1.0,1.0,1.0,1.0,1.0,1.0,1.0,1.0,1.0,1.0,1.0,1.0,1.0,1.0,1.0,1.0,1.0
99999,99999,99999,99999,99999,99999,99999,99999,99999,99999,99999,99999,99999,99999,99999,99999,99999,99999,99999,99999,99999,99999,99999,99999,99999,99999,99999,99999
TIME_STOP,s,End time of 100 m altitude bin in UTC seconds since midnight,
TIME_MID,s,Mid time of 100 m altitude in UTC seconds since midnight,
GPSAlt,m,GPS reported altitude above sea level (m),
GPS_Lon,deg,GPS reported longitude,
GPS_Lat,deg,GPS reported latitude,
iMet_Pressure,mb,Pressure reported (mB),
iMet_Temperature,degrees C,Ambient temperature (oC),
THETA,K,Potential temperature from iMet,
Aerosol_concentration,cm^-3,Aerosol concentration,
Surface_Area_Conc,um^2 cm^-3,Surface area concentration,
Volume_density,um^3 cm^-3,Volume density,
Effective_radius,um,Effective radius,
Extinction,km^-1,Extinction,
Bin01,cm^-3,particle concentration in size range [140 - 170 nm],
Bin02,cm^-3,particle concentration in size range [170 - 205 nm],
Bin03,cm^-3,particle concentration in size range [205 - 249 nm],
Bin04,cm^-3,particle concentration in size range [249 - 302 nm],
Bin05,cm^-3,particle concentration in size range [302 - 366 nm],
Bin06,cm^-3,particle concentration in size range [366 - 443 nm],
Bin07,cm^-3,particle concentration in size range [443 - 537 nm],
Bin08,cm^-3,particle concentration in size range [537 - 651 nm],
Bin09,cm^-3,particle concentration in size range [651 - 789 nm],
Bin10,cm^-3,particle concentration in size range [789 - 956 nm],
Bin11,cm^-3,particle concentration in size range [956 - 1159 nm],
Bin12,cm^-3,particle concentration in size range [1159 - 1404 nm],
Bin13,cm^-3,particle concentration in size range [1404 - 1702 nm],
Bin14,cm^-3,particle concentration in size range [1702 - 2062 nm],
Bin15,cm^-3,particle concentration in size range [2062 - 2500 nm],
0
19
PI_CONTACT_INFO: 325 Broadway R/CSL6, Boulder, CO 80305; troy.thornberry@noaa.gov; 303-497-3373 
PLATFORM: GML ECC/FPH balloon
LOCATION: Boulder, CO, USA
ASSOCIATED_DATA: N/A
INSTRUMENT_INFO: Printed Optical Particle Spectrometer counts particles from 140 - 2500 nm in diameter 
DATA_INFO: Particle concentrations reported in number per cubic centimeter, binned to 100 m altitude
UNCERTAINTY: Counting uncertainty dominated by air flow, less than 5 percent
ULOD_FLAG: -77777
ULOD_VALUE: 3000 ~3000 per cm3 (varies depending on flow rate- manufacturer quotes 1250  per cm3 at 1.667 cc/s)
LLOD_FLAG: -88888
LLOD_VALUE: 0 0 (varies depending on data field and measurement precision)
DM_CONTACT_INFO: Troy Thornberry, 325 Broadway R/CSL6, Boulder, CO 80305; troy.thornberry@noaa.gov; 303-497-3373
PROJECT_INFO: B2SAP Boulder, CO, USA
STIPULATIONS_ON_USE: Please contact the PIs for questions regarding applications and uncertainties
OTHER_COMMENTS: POPS bin Edges (nm):  140, 170, 205, 249, 302, 366, 443, 537, 651, 789, 956, 1159, 1404, 1702, 2062, 2500
Calculations assume sulfate refractive index of 1.45+0.00j and extinction wavelength = 532 nm
REVISION: R0
R0: QA/QC data
TIME_START,TIME_STOP,TIME_MID,GPSAlt,GPS_Lon,GPS_Lat,iMet_Pressure,iMet_Temperature,THETA,Aerosol_concentration,Surface_Area_Conc,Volume_density,Effective_radius,Extinction,Bin01,Bin02,Bin03,Bin04,Bin05,Bin06,Bin07,Bin08,Bin09,Bin10,Bin11,Bin12,Bin13,Bin14,Bin15
[from data line 82]
63473,63489,63481,9.9,-104.99,39.9333,276.909,-51.63,319.699,8.50276,3.1777,687.201,0.648773,0.0016534,7.16698,0.565138,0.0770643,0.0256881,0.102752,0.0256881,0.0256881,0.154129,0.0256881,0.0256881,0.0513762,0.0770643,0.102752,0.0256881,0.0513762
63490,63501,63496,10,-104.986,39.9337,272.846,-52.5982,319.651,9.11285,4.34422,984.246,0.679694,0.00254722,7.36952,0.633937,0.198105,0.0396211,0.0396211,0.0396211,0.0396211,0.118863,0.118863,0.118863,0.158484,0.0396211,0.0792421,0.0396211,0.0792421
63502,63520,63511,10.1,-104.981,39.9339,268.461,-53.4188,319.945,6.68945,4.27362,1112.33,0.780832,0.00259628,5.13977,0.568215,0.180796,0.025828,0.051656,0.051656,0.051656,0.154968,0.103312,0.025828,0,0,0.12914,0.12914,0.0774839
63527,63543,63535,10.2,-104.974,39.9342,263.474,-54.3175,320.343,4.02588,0.814295,85.6779,0.315652,0.000453178,3.33652,0.248171,0.0827236,0.0827236,0,0.0551491,0,0.0551491,0.0551491,0.0827236,0,0.0275745,0,0,0
63545,63568,63556,10.3,-104.967,39.9343,259.918,-54.9771,320.618,3.54585,1.69534,400.693,0.70905,0.000965992,2.57212,0.40419,0.110234,0.0918614,0.0183723,0.0367446,0.0734891,0.0551168,0.0183723,0.0367446,0,0.0183723,0.0551168,0.0183723,0.0367446
63569,63589,63579,10.4,-104.96,39.9348,255.558,-55.6968,321.11,5.83356,1.80746,410.915,0.682034,0.000858018,4.73685,0.513353,0.16334,0.140005,0,0.0233342,0.0700027,0.0466685,0,0,0,0,0.0933369,0,0.0466685
63590,63607,63598,10.5,-104.954,39.9352,251.942,-56.1131,321.809,5.1477,2.82257,698.681,0.742602,0.00164388,3.97903,0.556508,0.0556508,0.0834762,0.0556508,0.0556508,0.0278254,0.0278254,0,0.0556508,0,0.0556508,0.0556508,0.111302,0.0278254
63608,63628,63618,10.6,-104.947,39.936,247.87,-56.8437,322.218,4.3572,1.79405,451.903,0.755671,0.000954223,3.34989,0.538794,0.0702774,0.0937032,0.0234258,0.0702774,0.0234258,0.0468516,0,0,0.0234258,0,0.0468516,0.0234258,0.0468516
63629,63646,63638,10.7,-104.941,39.9367,244.129,-57.7159,322.313,6.5599,2.62587,641.278,0.732646,0.0014242,5.48408,0.577271,0.0524792,0.0787188,0.0262396,0,0.0262396,0.0524792,0.0262396,0,0.0787188,0.0262396,0.0262396,0.0524792,0.0524792
63647,63666,63656,10.8,-104.934,39.9373,240.014,-58.6718,322.446,11.808,4.98393,1286.24,0.774231,0.00282308,10.4931,0.499671,0.0788954,0.0788954,0.0262985,0,0.0525969,0.0788954,0.0525969,0.0525969,0.105194,0.0525969,0.0262985,0.0788954,0.131492
63667,63687,63677,10.9,-104.927,39.9382,236.229,-59.5039,322.664,12.4287,3.75305,814.71,0.651239,0.00185311,11.1335,0.697401,0.0996287,0.0249072,0,0,0.0498144,0.0747216,0,0,0.0249072,0.0747216,0.0996287,0.124536,0.0249072
63689,63712,63700,11,-104.919,39.9391,232.348,-60.3491,322.908,9.23122,2.5097,579.429,0.692627,0.0013013,8.07241,0.707072,0.0982045,0,0.0196409,0.0196409,0.0785636,0.0196409,0.0196409,0.0589227,0,0,0.0392818,0.0392818,0.0589227
63713,63735,63724,11.1,-104.911,39.9401,228.926,-61.1836,323.004,8.4973,2.30463,512.25,0.66681,0.00112566,7.39162,0.696164,0.102377,0.0204754,0.0204754,0,0.0204754,0.0409508,0.0204754,0.0204754,0,0,0.0819017,0.0409508,0.0409508
63736,63770,63753,11.2,-104.901,39.9417,224.735,-61.9312,323.569,8.6268,2.11321,514.096,0.729833,0.00103465,7.44079,0.847149,0.0847149,0.0423574,0.0282383,0,0.0141191,0.0282383,0.0282383,0.0141191,0,0,0.0141191,0.0141191,0.0705957
63771,63799,63785,11.3,-104.889,39.9436,221.446,-62.5836,323.939,11.2283,3.48599,844.687,0.726928,0.00173833,9.37207,1.31027,0.20018,0.0181982,0.0181982,0.0181982,0,0,0,0.0181982,0.0181982,0.0363964,0.0727928,0.0727928,0.0727928
63800,63823,63812,11.4,-104.879,39.9446,217.659,-62.5778,325.546,10.3987,3.37468,738.436,0.656449,0.00170745,6.44483,1.79902,0.711699,0.434927,0.533774,0.0988471,0.0395388,0.0790777,0.0593083,0,0.0197694,0.0197694,0.0197694,0.0790777,0.0593083
63824,63842,63833,11.5,-104.871,39.9447,214.216,-62.7135,326.817,9.0421,1.18521,52.913,0.133933,0.000255468,4.37435,2.37388,1.06691,0.480111,0.453438,0.240056,0,0,0.0533457,0,0,0,0,0,0
63844,63868,63856,11.6,-104.863,39.9446,210.797,-63.3273,327.362,9.56208,1.39277,65.1485,0.140328,0.000349748,4.37657,2.11569,1.34823,0.788198,0.477067,0.228163,0.124452,0.10371,0,0,0,0,0,0,0
63869,63893,63881,11.7,-104.854,39.9447,207.493,-64.1343,327.589,9.64835,1.28247,55.7975,0.130523,0.000271052,4.71552,2.23824,1.08653,0.869221,0.478071,0.108653,0.0651915,0.0869221,0,0,0,0,0,0,0
63894,63919,63906,11.8,-104.846,39.945,203.77,-64.7983,328.239,10.1983,1.56253,84.7164,0.162652,0.000390284,4.32534,2.49997,1.28966,1.1111,0.555548,0.19841,0.119046,0.079364,0,0,0.019841,0,0,0,0
63920,63963,63942,11.9,-104.835,39.9447,200.522,-64.1591,330.758,14.668,2.3386,116.81,0.149846,0.000634896,5.3175,3.81203,2.33418,1.51929,0.953007,0.428162,0.138117,0.0966818,0.0552468,0.0138117,0,0,0,0,0
63963,64026,63994,12,-104.821,39.9449,197.121,-62.0207,335.777,18.5846,2.98407,141.545,0.142301,0.000737089,6.53927,4.43202,2.8006,2.47432,1.47507,0.523414,0.203927,0.108761,0.0203927,0.00679758,0,0,0,0,0
64027,64079,64053,12.1,-104.807,39.9473,194.267,-58.1686,343.34,17.8958,3.00962,168.927,0.168387,0.000823031,6.7486,4.06617,2.65924,2.17996,1.2987,0.533395,0.22418,0.108225,0.0463821,0,0.0154607,0.00773036,0.00773036,0,0
64082,64111,64096,12.2,-104.796,39.9495,191.229,-57.2563,346.35,18.5199,3.10677,154.352,0.149047,0.000862039,6.59535,4.2995,2.88025,2.12888,1.461,0.709627,0.236542,0.166971,0.0417427,0,0,0,0,0,0
64112,64135,64124,12.3,-104.789,39.9505,188.445,-56.3882,349.199,20.1083,3.44491,182.375,0.158821,0.00104155,7.38216,4.55604,3.08304,2.4493,1.2846,0.805015,0.308304,0.119896,0.0856399,0.034256,0,0,0,0,0
64136,64155,64146,12.4,-104.784,39.9515,185.543,-56.4844,350.592,18.7495,3.49801,246.003,0.210979,0.00107672,6.38191,4.2129,3.00325,2.35672,1.64762,0.709102,0.187703,0.166847,0.0417119,0,0.0208559,0,0,0.0208559,0
64156,64173,64164,12.5,-104.779,39.9519,182.721,-55.7581,353.317,18.3075,3.19343,204.287,0.191913,0.000888678,6.62979,4.46639,3.04738,1.90752,1.3027,0.604823,0.116312,0.139575,0,0.0232624,0.0232624,0.0465249,0,0,0
64174,64190,64182,12.6,-104.775,39.9519,179.723,-55.8529,354.837,16.4382,2.79543,137.907,0.148,0.000751477,5.4647,3.52561,2.84252,2.46793,1.12379,0.639017,0.264421,0.0440701,0.0661052,0,0,0,0,0,0
64191,64207,64199,12.7,-104.77,39.9518,177.04,-56.5312,355.249,17.9519,2.95822,146.365,0.148432,0.00080402,6.66716,3.88721,2.80351,2.47368,0.942355,0.801002,0.21203,0.0942355,0.0706766,0,0,0,0,0,0
64208,64226,64217,12.8,-104.765,39.9515,174.13,-57.4939,355.345,18.3936,3.08807,169.647,0.164808,0.000843187,6.82952,4.31559,2.82818,1.96925,1.36171,0.691332,0.209495,0.125697,0.0418989,0,0,0,0.0209495,0,0
64227,64246,64236,12.9,-104.759,39.9506,171.195,-58.0279,356.199,17.6192,2.84943,137.226,0.144477,0.000733206,6.42864,3.90877,2.71828,2.42066,1.2897,0.496037,0.178573,0.13889,0.039683,0,0,0,0,0,0
64247,64270,64258,13,-104.754,39.9492,168.309,-58.1778,357.684,17.5064,3.29228,224.79,0.204834,0.00110052,6.20396,3.56397,2.85448,2.50798,1.22099,0.610496,0.230998,0.214498,0.0329998,0.0494996,0,0,0,0.0164999,0
64272,64301,64286,13.1,-104.747,39.9472,165.597,-58.6359,358.578,17.0964,2.95215,157.915,0.160475,0.000818647,5.63791,4.03267,2.79285,2.20557,1.50083,0.626434,0.130507,0.0783043,0.0522028,0.0261014,0.0130507,0,0,0,0
64302,64352,64327,13.2,-104.737,39.9433,162.89,-58.5244,360.454,17.439,3.10919,163.756,0.158004,0.000908609,5.63183,3.78868,3.08766,2.41814,1.29965,0.693148,0.315067,0.157534,0.0315067,0.00787668,0.00787668,0,0,0,0
64353,64399,64376,13.3,-104.726,39.9382,160.504,-57.829,363.161,17.198,3.08982,164.098,0.159328,0.000935393,5.16128,4.16293,3.09865,2.27925,1.31858,0.715799,0.244878,0.113021,0.0753472,0.0282552,0,0,0,0,0
64400,64430,64415,13.4,-104.718,39.9351,157.972,-58.4963,363.68,15.4882,2.63178,141.478,0.161273,0.000794454,5.67368,3.68292,2.3292,1.8315,1.0352,0.477784,0.278707,0.119446,0,0.059723,0,0,0,0,0
64431,64463,64447,13.5,-104.71,39.9327,155.495,-58.6663,365.032,16.6299,2.89757,158.085,0.163673,0.000927151,5.86715,4.23949,2.27116,2.10713,1.09773,0.454231,0.328056,0.164028,0.0630877,0.0378526,0,0,0,0,0
64464,64488,64476,13.6,-104.703,39.9305,153.131,-59.2332,365.661,15.4379,2.60165,140.404,0.161902,0.000712676,5.32866,3.53214,2.69478,1.94877,1.24843,0.31972,0.213147,0.0913485,0.0152248,0.0304495,0.0152248,0,0,0,0
64489,64509,64499,13.7,-104.698,39.9286,150.66,-58.773,368.167,15.3958,2.55954,129.745,0.152072,0.000721786,5.51066,3.69271,2.53755,1.72326,0.908975,0.643857,0.208307,0.132559,0.018937,0.018937,0,0,0,0,0
64511,64534,64522,13.8,-104.693,39.9265,148.233,-58.7759,369.868,14.8754,2.44666,121.423,0.148884,0.00068536,5.79808,3.31092,2.202,1.50496,1.10892,0.570302,0.190101,0.174259,0.0158417,0,0,0,0,0,0
64535,64559,64547,13.9,-104.688,39.9242,145.833,-59.5032,370.332,15.7688,2.65102,132.587,0.150041,0.000717964,4.99397,3.96491,2.73912,2.10352,1.02906,0.620463,0.166466,0.0907995,0.0453997,0.0151332,0,0,0,0,0
64562,64576,64569,14,-104.685,39.9224,143.605,-60.2423,370.679,15.4673,2.92646,159.41,0.163416,0.000934269,4.69634,3.36911,2.57788,2.19503,1.37827,0.791231,0.255236,0.102094,0.0765707,0.0255236,0,0,0,0,0
64577,64600,64588,14.1,-104.681,39.9207,141.084,-61.055,371.145,14.5452,2.51996,131.878,0.157001,0.000753832,5.12198,3.40452,2.05183,2.00623,0.972719,0.592751,0.212782,0.106391,0.060795,0.0151987,0,0,0,0,0
64601,64617,64609,14.2,-104.677,39.9191,139.045,-60.9675,372.841,13.9428,2.80015,302.547,0.32414,0.000941645,4.97958,3.5687,2.29614,1.35555,0.857594,0.470294,0.248979,0.110657,0,0,0,0,0.0276643,0,0.0276643
64618,64636,64627,14.3,-104.673,39.9181,137.017,-61.238,373.927,14.1326,2.20982,117.753,0.159859,0.000659057,6.08069,3.37445,1.83757,1.53688,0.567976,0.400924,0.167052,0.0334104,0.100231,0.0334104,0,0,0,0,0
64643,64668,64656,14.4,-104.667,39.9167,134.382,-62.1263,374.44,13.6967,2.09768,106.446,0.152234,0.000564099,5.55653,3.32684,1.99964,1.53955,0.725534,0.283135,0.106176,0.0884798,0.0353919,0.0353919,0,0,0,0,0
64669,64698,64684,14.5,-104.662,39.9153,132.191,-62.3379,375.824,14.2646,2.23525,110.04,0.147689,0.000610505,5.91753,3.17526,2.03265,1.56357,0.829897,0.38488,0.19244,0.120275,0.04811,0,0,0,0,0,0
64699,64725,64712,14.6,-104.655,39.9137,130.089,-62.3478,377.528,13.2992,2.05733,99.3441,0.144864,0.000534219,5.20277,3.21519,1.92912,1.57837,0.774569,0.321519,0.116916,0.116916,0.0438435,0,0,0,0,0,0
64729,64753,64741,14.7,-104.648,39.913,127.951,-60.45,382.734,12.7018,1.83838,83.8279,0.136797,0.000425277,5.5017,3.04844,1.64035,1.24841,0.725819,0.31936,0.15968,0.0290327,0.0290327,0,0,0,0,0,0
64754,64776,64765,14.8,-104.643,39.9125,126.063,-60.125,384.957,12.8716,2.06774,101.047,0.146604,0.00055861,5.0077,3.06026,1.68778,1.50231,0.890258,0.408035,0.166923,0.129829,0.018547,0,0,0,0,0,0
64777,64798,64788,14.9,-104.638,39.9119,123.911,-60.5629,386.056,12.9465,1.85735,84.3691,0.136273,0.000398976,5.28468,3.08437,2.00386,1.53236,0.550079,0.353622,0.0785826,0.0392913,0,0.0196457,0,0,0,0,0
64799,64822,64810,15,-104.633,39.9105,121.978,-59.9011,388.995,12.8681,1.98764,98.662,0.148914,0.000535174,5.55749,2.84011,1.82328,1.08695,0.929171,0.333099,0.210378,0.035063,0.035063,0.0175315,0,0,0,0,0
64824,64850,64837,15.1,-104.627,39.909,119.958,-60.0465,390.6,12.3985,1.8362,89.3451,0.145972,0.000463123,5.055,3.17205,1.76708,1.24565,0.738697,0.231748,0.057937,0.057937,0.057937,0.0144842,0,0,0,0,0
64851,64871,64861,15.2,-104.622,39.9077,118.125,-60.1253,392.174,10.8451,1.57582,78.9918,0.150383,0.000428068,4.95272,2.77979,1.33117,0.861342,0.411095,0.254487,0.156608,0.0391519,0.0391519,0.019576,0,0,0,0,0
64872,64900,64886,15.3,-104.618,39.9071,116.151,-59.573,395.082,11.0152,1.7398,96.2652,0.165993,0.000499292,5.06063,2.56636,1.15342,1.02366,0.547874,0.346026,0.187431,0.0865065,0.0288355,0,0,0.0144177,0,0,0
64902,64927,64914,15.4,-104.613,39.9066,114.3,-59.8109,396.465,11.4195,1.70197,79.6901,0.140467,0.000421476,4.95448,2.46214,1.7673,1.07246,0.5891,0.332313,0.151051,0.0755257,0.0151051,0,0,0,0,0,0
64928,64955,64942,15.5,-104.609,39.9065,112.448,-60.5691,396.903,10.0371,1.48065,67.0719,0.135897,0.000339378,4.41923,2.15185,1.31421,1.14091,0.433257,0.433257,0.101093,0.0433257,0,0,0,0,0,0,0
64956,64985,64970,15.6,-104.605,39.9068,110.621,-61.4144,397.173,10.4959,1.64108,87.2113,0.159428,0.000440963,4.50777,2.62731,1.2403,0.920225,0.573474,0.386761,0.146703,0.066683,0.0133366,0,0.0133366,0,0,0,0
64986,65011,64998,15.7,-104.601,39.9071,108.969,-62.305,397.209,10.4846,1.46742,66.5689,0.136094,0.00033397,4.73824,2.62115,1.22657,0.924124,0.604881,0.218429,0.0840113,0.0336045,0.0336045,0,0,0,0,0,0
65013,65036,65024,15.8,-104.596,39.9075,107.124,-63.065,397.717,10.3557,1.51334,69.7219,0.138215,0.000359581,4.32046,2.75703,1.34489,0.890991,0.470712,0.420279,0.0840557,0.0504334,0.0168111,0,0,0,0,0,0
65038,65064,65051,15.9,-104.592,39.9082,105.329,-63.0959,399.578,10.1044,1.51379,72.4096,0.1435,0.000390872,4.32829,2.5604,1.1278,1.02111,0.594379,0.243848,0.137164,0.0609619,0.0304809,0,0,0,0,0,0
65065,65090,65078,16,-104.586,39.9086,103.59,-63.1995,401.288,10.299,1.43515,64.4602,0.134746,0.000327772,4.90123,2.37053,1.13721,0.977043,0.49653,0.224239,0.11212,0.0800855,0,0,0,0,0,0,0
65091,65107,65099,16.1,-104.581,39.9081,101.862,-63.2993,403.033,10.1944,1.68402,102.727,0.183003,0.00050478,4.33376,2.40265,1.45956,0.898188,0.583822,0.224547,0.112273,0.134728,0,0.0224547,0,0.0224547,0,0,0
65108,65129,65118,16.2,-104.577,39.9069,100.212,-63.432,404.656,9.50837,1.41417,70.1207,0.148753,0.000354939,4.0124,2.42767,1.23069,0.842941,0.590058,0.269741,0.0842941,0.0168588,0,0.0337176,0,0,0,0,0
65130,65152,65141,16.3,-104.573,39.9058,98.5871,-63.7633,405.911,9.5665,1.46296,79.2336,0.162479,0.000367919,4.22456,2.32657,1.07145,0.964303,0.489805,0.336741,0.0918384,0.0153064,0.0306128,0,0,0.0153064,0,0,0
65153,65175,65164,16.4,-104.568,39.9045,97.0175,-63.6569,407.987,9.17474,1.47622,76.1431,0.154739,0.00040113,3.66617,1.95405,1.39575,0.967721,0.800231,0.20471,0.13027,0.01861,0,0.03722,0,0,0,0,0
65175,65203,65189,16.5,-104.562,39.9029,95.3311,-64.0982,409.166,8.89483,1.46329,78.0287,0.159973,0.000386245,3.37575,2.08975,1.24313,1.06095,0.621566,0.332216,0.107167,0.0428666,0,0.0107167,0.0107167,0,0,0,0
65206,65248,65227,16.6,-104.553,39.9002,93.6339,-60.6786,418.008,10.6717,1.85107,95.4688,0.154725,0.000497327,3.42902,2.37331,1.96412,1.33396,0.908405,0.401008,0.21278,0.0163677,0.0245515,0,0.00818383,0,0,0,0
65249,65280,65264,16.7,-104.545,39.8971,92.2412,-58.0265,425.038,11.1627,2.0884,108.925,0.156472,0.000633525,3.10449,2.58894,1.90528,1.71475,0.997472,0.493132,0.224151,0.0896604,0.0448302,0,0,0,0,0,0
65282,65301,65292,16.8,-104.539,39.8943,90.85,-57.6871,427.555,10.2484,2.1025,113.1,0.161379,0.000685551,2.71687,2.06344,1.53039,1.71954,1.20368,0.601838,0.275126,0.120368,0.0171954,0,0,0,0,0,0
65302,65323,65312,16.9,-104.535,39.8918,89.3873,-57.4467,430.027,10.2916,2.32459,143.584,0.185302,0.000917653,2.3496,2.44669,1.63113,1.57287,1.08742,0.679635,0.271854,0.116509,0.0970908,0.0388363,0,0,0,0,0
65324,65340,65332,17,-104.532,39.8896,88.0357,-57.8229,431.15,10.5855,2.59788,169.763,0.196041,0.00101007,2.06292,1.95874,1.81287,2.20879,1.20858,0.687642,0.375077,0.166701,0.0625129,0.0208376,0,0.0208376,0,0,0
65341,65358,65350,17.1,-104.529,39.8879,86.6014,-58.1264,432.561,10.8451,2.67898,177.966,0.199292,0.00111592,2.37302,2.24813,1.93589,1.70691,0.957536,0.770192,0.541216,0.187344,0.10408,0,0,0.020816,0,0,0
65359,65374,65366,17.2,-104.526,39.8863,85.2269,-58.6469,433.498,9.86651,2.16841,120.453,0.166647,0.000745738,2.0677,1.9778,1.77552,1.6182,1.3485,0.696724,0.157325,0.202275,0.022475,0,0,0,0,0,0
65376,65394,65385,17.3,-104.523,39.8848,83.852,-59.0027,434.794,10.4685,2.49869,157.463,0.189055,0.000936113,1.83932,2.17197,1.91759,2.01543,1.25231,0.743556,0.293509,0.117404,0.0978364,0,0.0195673,0,0,0,0
