data/B2SAP/Locations/Boulder/NOAA-POPS-B2SAP_GMLBalloon_20211022_R0.ict
61,1001
Thornberry, T. D.
NOAA Chemical Sciences Laboratory
Portable Optical Particle Spectrometer (POPS)
Balloon Baseline Stratospheric Aerosol Profiles (B2SAP)
1,1
2021,10,22,2024,05,28
0
TIME_START,s,Seconds since midnight UTC on flight start day,Start time of 100 m altitude bin in UTC_seconds_since_midnight
28
1.0,1.0,1.0,1.0,1.0,1.0,1.0,1.0,1.0,1.0,1.0,1.0,1.0,1.0,1.0,1.0,1.0,1.0,1.0,1.0,1.0,1.0,1.0,1.0,1.0,1.0,1.0,1.0
99999,99999,99999,99999,99999,99999,99999,99999,99999,99999,99999,99999,99999,99999,99999,99999,99999,99999,99999,99999,99999,99999,99999,99999,99999,99999,99999,99999
TIME_STOP,s,End time of 100 m altitude bin in UTC seconds since midnight,
TIME_MID,s,Mid time of 100 m altitude in UTC seconds since midnight,
GPSAlt,m,GPS reported altitude above sea level (m),
GPS_Lon,deg,GPS reported longitude,
GPS_Lat,deg,GPS reported latitude,
iMet_Pressure,mb,Pressure reported (mB),
iMet_Temperature,degrees C,Ambient temperature (oC),
THETA,K,Potential temperature from iMet,
Aerosol_concentration,cm^-3,Aerosol concentration,
Surface_Area_Conc,um^2 cm^-3,Surface area concentration,
Volume_density,um^3 cm^-3,Volume density,
Effective_radius,um,Effective radius,
Extinction,km^-1,Extinction,
Bin01,cm^-3,particle concentration in size range [140 - 170 nm],
Bin02,cm^-3,particle concentration in size range [170 - 205 nm],
Bin03,cm^-3,particle concentration in size range [205 - 249 nm],
Bin04,cm^-3,particle concentration in size range [249 - 302 nm],
Bin05,cm^-3,particle concentration in size range [302 - 366 nm],
Bin06,cm^-3,particle concentration in size range [366 - 443 nm],
Bin07,cm^-3,particle concentration in size range [443 - 537 nm],
Bin08,cm^-3,particle concentration in size range [537 - 651 nm],
Bin09,cm^-3,particle concentration in size range [651 - 789 nm],
Bin10,cm^-3,particle concentration in size range [789 - 956 nm],
Bin11,cm^-3,particle concentration in size range [956 - 1159 nm],
Bin12,cm^-3,particle concentration in size range [1159 - 1404 nm],
Bin13,cm^-3,particle concentration in size range [1404 - 1702 nm],
Bin14,cm^-3,particle concentration in size range [1702 - 2062 nm],
Bin15,cm^-3,particle concentration in size range [2062 - 2500 nm],
0
19
PI_CONTACT_INFO: 325 Broadway R/CSL6, Boulder, CO 80305; troy.thornberry@noaa.gov; 303-497-3373 
PLATFORM: GML ECC/FPH balloon
LOCATION: Boulder, CO, USA
ASSOCIATED_DATA: N/A
INSTRUMENT_INFO: Printed Optical Particle Spectrometer counts particles from 140 - 2500 nm in diameter 
DATA_INFO: Particle concentrations reported in number per cubic centimeter, binned to 100 m altitude
UNCERTAINTY: Counting uncertainty dominated by air flow, less than 5 percent
ULOD_FLAG: -77777
ULOD_VALUE: 3000 ~3000 per cm3 (varies depending on flow rate- manufacturer quotes 1250  per cm3 at 1.667 cc/s)
LLOD_FLAG: -88888
LLOD_VALUE: 0 0 (varies depending on data field and measurement precision)
DM_CONTACT_INFO: Troy Thornberry, 325 Broadway R/CSL6, Boulder, CO 80305; troy.thornberry@noaa.gov; 303-497-3373
PROJECT_INFO: B2SAP Boulder, CO, USA
STIPULATIONS_ON_USE: Please contact the PIs for questions regarding applications and uncertainties
OTHER_COMMENTS: POPS bin Edges (nm):  140, 170, 205, 249, 302, 366, 443, 537, 651, 789, 956, 1159, 1404, 1702, 2062, 2500
Calculations assume sulfate refractive index of 1.45+0.00j and extinction wavelength = 532 nm
REVISION: R0
R0: QA/QC data
TIME_START,TIME_STOP,TIME_MID,GPSAlt,GPS_Lon,GPS_Lat,iMet_Pressure,iMet_Temperature,THETA,Aerosol_concentration,Surface_Area_Conc,Volume_density,Effective_radius,Extinction,Bin01,Bin02,Bin03,Bin04,Bin05,Bin06,Bin07,Bin08,Bin09,Bin10,Bin11,Bin12,Bin13,Bin14,Bin15
[from data line 405]
66708,66715,66712,12.8,-104.062,39.5365,176.846,-54.8075,358.184,14.5793,1.78401,75.7393,0.127364,0.000354491,8.00903,3.30912,1.53466,0.815291,0.527541,0.191833,0.143875,0,0.0479583,0,0,0,0,0,0
66763,66768,66766,12.7,-104.045,39.5324,181.913,-55.6617,353.922,15.1685,2.09211,104.567,0.149945,0.000528612,7.39142,3.66357,1.86392,1.28546,0.385639,0.257093,0.257093,0,0,0.0642732,0,0,0,0,0
66769,66801,66785,12.6,-104.039,39.5306,183.648,-54.935,354.149,14.7873,2.03905,110.062,0.161931,0.000465027,7.16047,3.8683,1.67352,0.98765,0.658434,0.246913,0.0823042,0.0274347,0.0548695,0,0,0.0274347,0,0,0
66802,66834,66818,12.5,-104.03,39.5277,186.589,-55.6193,351.426,14.2386,1.91355,97.9743,0.153601,0.000472521,7.58015,3.17788,1.59582,0.990509,0.412712,0.165085,0.192599,0.0687854,0.0275142,0.0137571,0.0137571,0,0,0,0
66835,66866,66850,12.4,-104.021,39.5244,189.55,-57.1538,347.386,11.7075,1.71958,97.5232,0.17014,0.000453584,5.64856,2.776,1.33972,1.1104,0.374156,0.181043,0.132765,0.0844869,0.0362087,0,0.0120696,0.0120696,0,0,0
66872,66907,66890,12.3,-104.01,39.5209,192.827,-57.0964,345.782,10.8802,1.42642,63.8925,0.134377,0.000309613,5.32186,2.69856,1.3224,0.817093,0.376293,0.182771,0.0860098,0.0537561,0.0107512,0.0107512,0,0,0,0,0
66908,66927,66918,12.2,-104.003,39.5187,195.19,-57.8575,343.37,10.5312,1.46988,74.4938,0.152041,0.000410546,5.7125,2.1179,1.10753,0.777211,0.388606,0.174873,0.116582,0.0777211,0.0388606,0.0194303,0,0,0,0,0
66955,66966,66960,12.1,-103.991,39.5155,198.764,-56.9992,342.944,10.5724,1.4887,70.9351,0.142947,0.000391451,5.11691,2.52083,1.12873,1.12873,0.225746,0.150497,0.112873,0.188122,0,0,0,0,0,0,0
66967,67004,66986,12,-103.98,39.5112,201.45,-56.1867,342.924,9.98994,1.27929,56.8872,0.133403,0.000286795,5.81504,1.78924,0.745518,1.04372,0.298207,0.149104,0,0.149104,0,0,0,0,0,0,0
67014,67053,67034,11.9,-103.97,39.5072,205.458,-57.0283,339.677,3.49824,0.392241,14.3978,0.11012,5.2687e-05,1.86076,0.967597,0.372153,0.0744306,0.148861,0.0744306,0,0,0,0,0,0,0,0,0
67054,67087,67070,11.8,-103.96,39.5026,209.054,-56.0254,339.571,4.30892,0.456419,16.3884,0.107719,5.86405e-05,2.58535,0.965199,0.379185,0.275771,0.0344714,0.0344714,0.0344714,0,0,0,0,0,0,0,0
67088,67123,67106,11.7,-103.95,39.4984,212.123,-55.8661,338.396,5.28528,0.609556,22.845,0.112434,8.64076e-05,2.87754,1.33111,0.371927,0.371927,0.254476,0.0587253,0.0195751,0,0,0,0,0,0,0,0
67124,67159,67142,11.6,-103.94,39.4942,215.577,-54.9335,338.287,5.89384,0.729088,30.3641,0.12494,0.000140319,3.09298,1.28874,0.824794,0.395214,0.103099,0.103099,0.0515496,0.0343664,0,0,0,0,0,0,0
67160,67195,67178,11.5,-103.929,39.4904,219.128,-54.418,337.511,6.16368,0.824309,39.5765,0.144035,0.00019747,3.07296,1.45655,0.781561,0.497357,0.142102,0.106577,0.0532883,0.0355255,0,0.0177628,0,0,0,0,0
67201,67232,67216,11.4,-103.918,39.4872,222.709,-53.9075,336.739,8.147,1.21645,74.6455,0.18409,0.000360947,4.44214,1.52987,0.811014,0.77415,0.294914,0.110593,0.0552964,0.0552964,0.0368643,0.0184321,0.0184321,0,0,0,0
67233,67267,67250,11.3,-103.909,39.4846,226.014,-53.0574,336.617,7.63141,1.01306,46.0747,0.136442,0.000238131,3.93034,1.81778,0.81882,0.540422,0.163764,0.22927,0.0655056,0.0491292,0.0163764,0,0,0,0,0,0
67270,67302,67286,11.2,-103.901,39.4824,229.332,-53.0204,335.274,6.93824,1.14967,81.5862,0.212895,0.000441315,3.83622,1.46841,0.697495,0.312037,0.183551,0.183551,0.128486,0,0.0734205,0.0367103,0.0183551,0,0,0,0
67308,67339,67324,11.1,-103.891,39.4802,233.434,-52.71,334.054,4.02418,0.640854,52.118,0.243978,0.000202345,2.28772,0.854449,0.330754,0.330754,0.137814,0,0,0,0.0551257,0,0,0.0275629,0,0,0
67340,67371,67356,11,-103.884,39.4784,236.824,-52.0296,333.711,3.60153,0.443181,20.7921,0.140747,0.000108172,2.08687,0.807819,0.38708,0.117807,0.100977,0.0504887,0.0168296,0,0.0336591,0,0,0,0,0,0
67372,67405,67388,10.9,-103.877,39.4764,240.695,-51.1669,333.458,3.69536,0.444841,19.1135,0.128901,8.85212e-05,1.97309,0.953102,0.317701,0.317701,0.0501633,0.0501633,0,0.0167211,0.0167211,0,0,0,0,0,0
67406,67437,67422,10.8,-103.87,39.4744,244.468,-50.3691,333.173,2.97942,0.355846,14.0398,0.118365,5.95556e-05,1.79555,0.434088,0.394626,0.118388,0.15785,0.0591938,0.0197313,0,0,0,0,0,0,0,0
67438,67469,67454,10.7,-103.864,39.4724,248.148,-49.3731,333.24,3.14786,0.360777,15.621,0.129895,7.55562e-05,1.91869,0.68953,0.269816,0.149898,0.0599591,0.0149898,0.0149898,0.0149898,0.0149898,0,0,0,0,0,0
67470,67501,67486,10.6,-103.858,39.4701,252.13,-48.7291,332.687,2.74134,0.37137,16.8452,0.136079,8.89042e-05,1.39025,0.665755,0.313296,0.117486,0.117486,0.0783241,0.039162,0.019581,0,0,0,0,0,0,0
67502,67523,67512,10.5,-103.854,39.4684,255.002,-47.7175,333.103,2.17351,0.226306,7.9473,0.105353,2.64919e-05,1.36851,0.402503,0.241502,0.107334,0,0.053667,0,0,0,0,0,0,0,0,0
67524,67747,67636,9.9,-103.823,39.4556,279.077,-43.405,330.868,1.67751,0.18809,6.95585,0.110945,2.55359e-05,1.04844,0.209689,0.251626,0.0838755,0.0419377,0.0419377,0,0,0,0,0,0,0,0,0
67748,67783,67766,9.8,-103.82,39.4543,284.489,-42.3558,330.531,2.51968,0.271771,10.4176,0.114997,4.25618e-05,1.6098,0.454943,0.244969,0.139982,0.0174978,0.0349956,0,0.0174978,0,0,0,0,0,0,0
67784,67817,67800,9.7,-103.816,39.4526,288.65,-41.5926,330.246,2.93177,0.33443,13.1302,0.117784,5.58963e-05,1.53569,0.806624,0.3878,0.093072,0.031024,0.046536,0.015512,0.015512,0,0,0,0,0,0,0
67818,67854,67836,9.6,-103.812,39.4509,292.99,-40.8314,329.92,3.07545,0.334161,12.7615,0.11457,5.37417e-05,1.88687,0.653718,0.341716,0.0891434,0.0148572,0.0445717,0.0445717,0,0,0,0,0,0,0,0
67855,67889,67872,9.5,-103.807,39.4493,297.367,-39.9636,329.756,3.37883,0.388209,15.8824,0.122736,7.31591e-05,1.9213,0.828145,0.347821,0.132503,0.0828145,0.0165629,0.0165629,0.0331258,0,0,0,0,0,0,0
67890,67922,67906,9.4,-103.803,39.4478,301.789,-39.1274,329.549,3.0089,0.297584,9.72768,0.0980666,2.67031e-05,1.84474,0.680585,0.304472,0.107461,0.0537304,0.0179101,0,0,0,0,0,0,0,0,0
67923,67958,67940,9.3,-103.798,39.4464,306.263,-38.196,329.467,2.58451,0.282264,10.6896,0.113613,4.40292e-05,1.62972,0.477393,0.279851,0.0658473,0.0823091,0.0164618,0.0329236,0,0,0,0,0,0,0,0
67959,67993,67976,9.2,-103.793,39.445,310.697,-37.2608,329.421,3.19142,0.387252,16.096,0.124694,7.35651e-05,1.65074,0.864671,0.282983,0.251541,0.0471639,0.0628851,0,0.0314426,0,0,0,0,0,0,0
67994,68024,68009,9.1,-103.789,39.4438,315.192,-36.3654,329.321,3.29266,0.363072,14.7528,0.1219,6.38167e-05,1.86697,0.899541,0.27156,0.152752,0.0678899,0,0.0169725,0,0.0169725,0,0,0,0,0,0
68027,68062,68044,9,-103.784,39.4425,319.967,-35.3281,329.349,2.63917,0.33708,15.5969,0.138812,8.22139e-05,1.51452,0.479849,0.374882,0.119962,0.0449858,0.0449858,0.0449858,0,0.0149953,0,0,0,0,0,0
68063,68098,68080,8.9,-103.779,39.4411,324.712,-34.4386,329.19,2.77929,0.328953,13.1159,0.119615,5.64862e-05,1.4765,0.680348,0.318461,0.15923,0.0868529,0.028951,0.0144755,0.0144755,0,0,0,0,0,0,0
68099,68131,68115,8.8,-103.775,39.4398,329.345,-33.6908,328.883,3.37582,0.435251,20.6472,0.142312,0.000107858,1.8252,0.807612,0.339197,0.161522,0.161522,0.0323045,0.0161522,0,0.0323045,0,0,0,0,0,0
68134,68166,68150,8.7,-103.77,39.4385,334.17,-33.0336,328.421,7.36132,0.927475,49.7626,0.160962,0.000200475,4.13974,1.78798,0.757073,0.289943,0.177187,0.112756,0.0483238,0.0161079,0.0161079,0,0.0161079,0,0,0,0
68167,68203,68185,8.6,-103.766,39.4374,338.828,-32.3115,328.112,9.57754,1.21088,89.0374,0.220594,0.000263956,5.44111,2.47593,0.711644,0.548559,0.252041,0.0593037,0.0444778,0.0296518,0,0,0,0,0,0.0148259,0
68204,68239,68222,8.5,-103.761,39.4363,343.743,-31.3046,328.131,7.98199,0.88164,33.5331,0.114105,0.000134513,4.76586,1.64972,0.849857,0.399933,0.183302,0.0666554,0.0333277,0.0333277,0,0,0,0,0,0,0
68240,68275,68258,8.4,-103.756,39.4354,348.706,-30.4776,327.9,8.18732,0.885095,33.0078,0.111879,0.00012753,4.93154,1.69173,0.893743,0.414952,0.127678,0.0638388,0.0319194,0.0319194,0,0,0,0,0,0,0
68278,68310,68294,8.3,-103.752,39.4345,353.776,-29.5539,327.796,10.2943,1.1459,44.2025,0.115723,0.000177899,5.7248,2.65548,1.05185,0.465571,0.20692,0.120704,0.0344867,0.0172434,0.0172434,0,0,0,0,0,0
68311,68344,68328,8.2,-103.747,39.4338,358.55,-28.8096,327.544,8.61283,0.928474,35.1558,0.113592,0.000138555,5.00207,2.03727,1.01035,0.3147,0.115942,0.0496894,0.0662526,0,0.0165631,0,0,0,0,0,0
68345,68377,68361,8.1,-103.742,39.4332,363.595,-28.0917,327.201,6.15347,0.748183,32.1823,0.129042,0.000154487,3.42812,1.43981,0.58278,0.30853,0.274249,0.0342812,0.0342812,0.0342812,0.0171406,0,0,0,0,0,0
68381,68412,68396,8,-103.737,39.4327,368.813,-27.3278,326.88,3.90788,0.465349,22.1875,0.143038,0.000103427,2.32084,0.88738,0.324235,0.23891,0.03413,0.051195,0.03413,0,0,0.017065,0,0,0,0,0
68415,68447,68431,7.9,-103.732,39.4321,373.987,-26.5632,326.594,3.58279,0.487734,24.3673,0.149881,0.000135707,1.97132,0.735332,0.391134,0.219035,0.140808,0.0625815,0,0.0312907,0.0312907,0,0,0,0,0,0
68448,68485,68466,7.8,-103.727,39.4312,379.208,-25.6862,326.462,3.15559,0.414678,18.4044,0.133147,9.47455e-05,1.60785,0.796412,0.390693,0.120213,0.0601066,0.120213,0.0450799,0.0150266,0,0,0,0,0,0,0
68486,68522,68504,7.7,-103.722,39.4302,384.597,-24.7868,326.334,4.07112,0.524361,24.8195,0.141998,0.00013828,2.29261,1.08378,0.250103,0.152841,0.111157,0.069473,0.069473,0.0277892,0.0138946,0,0,0,0,0,0
68523,68558,68540,7.6,-103.717,39.4291,389.93,-23.9983,326.084,5.03123,0.670373,33.699,0.150807,0.000190097,2.84726,1.06772,0.501506,0.291197,0.161776,0.0485328,0.0323552,0.0323552,0.0485328,0,0,0,0,0,0
68559,68595,68577,7.5,-103.711,39.4282,395.368,-23.1407,325.907,5.49232,0.86234,79.0797,0.275111,0.000276277,3.0929,1.23439,0.416085,0.27739,0.235782,0.110956,0.0693475,0.027739,0.0138695,0,0,0,0,0.0138695,0
68596,68631,68614,7.4,-103.705,39.4274,400.964,-22.355,325.623,4.2143,0.468186,18.2498,0.11694,7.25771e-05,2.38071,1.06466,0.369675,0.236592,0.103509,0.044361,0,0,0.014787,0,0,0,0,0,0
68632,68668,68650,7.3,-103.7,39.4265,406.496,-21.5192,325.435,3.57163,0.442761,18.1466,0.122955,8.25164e-05,1.97768,0.796976,0.280417,0.236141,0.162347,0.073794,0.0442764,0,0,0,0,0,0,0,0
68671,68706,68688,7.2,-103.694,39.4255,412.038,-20.6814,325.26,2.8653,0.45267,25.7199,0.170455,0.000155377,1.41939,0.689795,0.305102,0.132653,0.132653,0.0530612,0.0928571,0.0265306,0,0.0132653,0,0,0,0,0
68707,68741,68724,7.1,-103.689,39.4244,417.436,-19.8359,325.135,2.70629,0.336113,14.0494,0.125399,6.63372e-05,1.57097,0.554459,0.18482,0.211223,0.066007,0.0792085,0.0396042,0,0,0,0,0,0,0,0
68746,68784,68765,7,-103.684,39.4233,423.067,-18.9519,325.019,2.45259,0.320669,23.5163,0.220006,6.62623e-05,1.53585,0.500043,0.214304,0.0952463,0.0714347,0,0.0238116,0,0,0,0,0,0.0119058,0,0
68785,68827,68806,6.9,-103.679,39.4223,428.906,-18.1358,324.791,3.05637,0.430979,21.4298,0.149171,0.000124618,1.62622,0.692008,0.311404,0.196069,0.0461339,0.0807343,0.0692008,0.0230669,0.0115335,0,0,0,0,0,0
68828,68870,68849,6.8,-103.674,39.4208,435.066,-17.7644,323.943,0.983357,0.108178,3.95895,0.109789,1.47187e-05,0.525202,0.257014,0.12292,0.044698,0.022349,0,0.0111745,0,0,0,0,0,0,0,0
68873,68920,68896,6.7,-103.669,39.4196,440.759,-17.0832,323.606,0.845508,0.108326,4.52104,0.125206,2.08607e-05,0.422754,0.178002,0.144626,0.0556255,0,0.0333753,0.0111251,0,0,0,0,0,0,0,0
68923,68967,68945,6.6,-103.664,39.4184,446.921,-16.2167,323.41,0.96821,0.120038,4.91172,0.122754,2.23572e-05,0.553263,0.188612,0.0880191,0.0502966,0.0628708,0.0125742,0.0125742,0,0,0,0,0,0,0,0
68974,69019,68996,6.5,-103.659,39.4172,452.834,-15.4677,323.134,1.0785,0.190753,17.1084,0.269066,5.17405e-05,0.545309,0.242359,0.12118,0.0727078,0.0484719,0.0363539,0,0,0,0,0,0.012118,0,0,0
69025,69067,69046,6.4,-103.654,39.416,458.845,-14.7614,322.804,1.60822,0.255753,13.8025,0.161904,8.45204e-05,0.790706,0.281438,0.241232,0.14742,0.0402054,0.0402054,0.0402054,0.0134018,0.0134018,0,0,0,0,0,0
69068,69098,69083,6.3,-103.651,39.4154,464.255,-14.0604,322.6,3.36162,0.429878,18.5233,0.129269,9.14903e-05,1.7624,0.750653,0.391645,0.244778,0.11423,0.0163186,0.0652742,0.0163186,0,0,0,0,0,0,0
69111,69147,69129,6.2,-103.646,39.4154,471.154,-13.2869,322.205,3.26518,0.46561,24.2313,0.156127,0.000133647,1.78419,0.653037,0.279873,0.291534,0.104952,0.0583068,0.0583068,0.0233227,0,0.0116614,0,0,0,0,0
69148,69178,69163,6.1,-103.643,39.4157,476.085,-12.8047,321.844,3.17722,0.427932,18.623,0.130556,9.18864e-05,1.68722,0.613533,0.372502,0.197207,0.131471,0.131471,0.0438238,0,0,0,0,0,0,0,0
69184,69216,69200,6,-103.639,39.4158,483.105,-11.6561,321.907,3.97177,0.662287,68.3043,0.309402,0.000226742,2.29805,0.704026,0.385222,0.292237,0.132835,0.053134,0.0398505,0.053134,0,0,0,0,0,0.0132835,0
69217,69249,69233,5.9,-103.636,39.4158,489.609,-10.7425,321.802,4.37765,0.80482,52.6191,0.19614,0.000290021,1.80961,1.02456,0.572155,0.439096,0.212895,0.0665296,0.146365,0.0798356,0.0133059,0,0.0133059,0,0,0,0
69253,69283,69268,5.8,-103.632,39.4157,496.385,-9.69286,321.825,5.12268,0.814499,50.0212,0.18424,0.000256487,2.81946,0.93982,0.410344,0.357396,0.291212,0.145606,0.0661845,0.0661845,0.0132369,0,0.0132369,0,0,0,0
69284,69310,69297,5.7,-103.629,39.4155,502.258,-8.84952,321.775,5.78714,0.917737,47.3849,0.154897,0.000288212,2.68313,1.38541,0.648862,0.368273,0.263052,0.210442,0.122758,0.105221,0,0,0,0,0,0,0
69313,69339,69326,5.6,-103.627,39.4153,508.975,-7.85273,321.765,9.59075,1.53425,88.3709,0.172796,0.000467459,4.86268,1.8845,0.959075,0.689861,0.588906,0.28604,0.218736,0.0504776,0.0336518,0,0.0168259,0,0,0,0
69342,69364,69353,5.5,-103.624,39.4149,515.797,-7.26389,321.247,11.5449,1.81735,106.594,0.17596,0.000508807,5.4257,2.48848,1.44821,0.958677,0.632319,0.265166,0.183576,0.101987,0.0203974,0,0,0,0.0203974,0,0
69368,69389,69378,5.4,-103.622,39.4145,522.258,-6.51273,321.013,10.5257,1.81509,102.865,0.170015,0.00066616,5.22953,1.93193,0.999274,0.965964,0.532946,0.333091,0.266473,0.199855,0.0666182,0,0,0,0,0,0
69392,69415,69404,5.3,-103.621,39.4141,528.996,-5.93889,320.53,10.4281,1.52586,72.0224,0.141604,0.000395677,5.00143,2.2881,1.19467,0.850445,0.546715,0.242984,0.222736,0.0809948,0,0,0,0,0,0,0
69416,69443,69430,5.2,-103.619,39.414,535.73,-5.40278,320.017,10.5698,1.61247,79.7315,0.148341,0.000458989,5.39646,1.84616,1.23753,0.831785,0.568049,0.344887,0.263737,0.0608623,0.0202874,0,0,0,0,0,0
69444,69472,69458,5.1,-103.617,39.4139,542.974,-5.11579,319.134,13.5492,2.11542,122.319,0.173467,0.000608349,6.46756,2.85954,1.5929,1.3626,0.594939,0.287874,0.191916,0.115149,0.0575747,0,0,0,0.0191916,0,0
69473,69501,69487,5,-103.614,39.4138,549.697,-4.88947,318.275,13.8751,2.06984,100.502,0.145667,0.000568161,6.77487,2.88985,1.53104,1.2057,0.708108,0.306209,0.344485,0.0956902,0.019138,0,0,0,0,0,0
69504,69533,69518,4.9,-103.611,39.4135,556.733,-6.16118,315.621,13.0817,1.84736,98.2924,0.159621,0.000570251,7.11194,2.78012,1.48704,0.754296,0.431026,0.150859,0.107757,0.150859,0.0862053,0.0215513,0,0,0,0,0
69537,69564,69550,4.8,-103.607,39.4126,564.12,-6.80308,313.684,13.1286,1.55215,63.6774,0.123076,0.000285306,7.57852,2.47922,1.69038,0.647977,0.507113,0.0563458,0.112692,0.0281729,0.0281729,0,0,0,0,0,0
69566,69590,69578,4.7,-103.604,39.4119,570.212,-6.9625,312.531,17.8899,2.44488,129.8,0.159271,0.00069499,10.0109,3.98582,1.66848,0.834242,0.648855,0.370774,0.185387,0.0926936,0,0.0926936,0,0,0,0,0
69597,69607,69602,4.6,-103.599,39.411,576.575,-6.21,312.42,22.4064,2.45489,93.3,0.114017,0.000371118,12.4069,5.74049,2.59248,0.925886,0.555532,0,0,0.185177,0,0,0,0,0,0,0
69638,69638,69638,4.5,-103.596,39.4104,585.75,-5.29,312.09,23.2679,2.82716,110.923,0.117704,0.000455451,10.9068,6.90765,3.27205,0.727121,0.363561,1.09068,0,0,0,0,0,0,0,0,0
