data/B2SAP/Locations/Boulder/NOAA-POPS-B2SAP_GMLBalloon_20220928_R0.ict
61,1001
Thornberry, T. D.
NOAA Chemical Sciences Laboratory
Portable Optical Particle Spectrometer (POPS)
Balloon Baseline Stratospheric Aerosol Profiles (B2SAP)
1,1
2022,09,28,2024,05,28
0
TIME_START,s,Seconds since midnight UTC on flight start day,Start time of 100 m altitude bin in UTC_seconds_since_midnight
28
1.0,1.0,1.0,1.0,1.0,1.0,1.0,1.0,1.0,1.0,1.0,1.0,1.0,1.0,1.0,1.0,1.0,1.0,1.0,1.0,1.0,1.0,1.0,1.0,1.0,1.0,1.0,1.0
99999,99999,99999,99999,99999,99999,99999,99999,99999,99999,99999,99999,99999,99999,99999,99999,99999,99999,99999,99999,99999,99999,99999,99999,99999,99999,99999,99999
TIME_STOP,s,End time of 100 m altitude bin in UTC seconds since midnight,
TIME_MID,s,Mid time of 100 m altitude in UTC seconds since midnight,
GPSAlt,m,GPS reported altitude above sea level (m),
GPS_Lon,deg,GPS reported longitude,
GPS_Lat,deg,GPS reported latitude,
iMet_Pressure,mb,Pressure reported (mB),
iMet_Temperature,degrees C,Ambient temperature (oC),
THETA,K,Potential temperature from iMet,
Aerosol_concentration,cm^-3,Aerosol concentration,
Surface_Area_Conc,um^2 cm^-3,Surface area concentration,
Volume_density,um^3 cm^-3,Volume density,
Effective_radius,um,Effective radius,
Extinction,km^-1,Extinction,
Bin01,cm^-3,particle concentration in size range [140 - 170 nm],
Bin02,cm^-3,particle concentration in size range [170 - 205 nm],
Bin03,cm^-3,particle concentration in size range [205 - 249 nm],
Bin04,cm^-3,particle concentration in size range [249 - 302 nm],
Bin05,cm^-3,particle concentration in size range [302 - 366 nm],
Bin06,cm^-3,particle concentration in size range [366 - 443 nm],
Bin07,cm^-3,particle concentration in size range [443 - 537 nm],
Bin08,cm^-3,particle concentration in size range [537 - 651 nm],
Bin09,cm^-3,particle concentration in size range [651 - 789 nm],
Bin10,cm^-3,particle concentration in size range [789 - 956 nm],
Bin11,cm^-3,particle concentration in size range [956 - 1159 nm],
Bin12,cm^-3,particle concentration in size range [1159 - 1404 nm],
Bin13,cm^-3,particle concentration in size range [1404 - 1702 nm],
Bin14,cm^-3,particle concentration in size range [1702 - 2062 nm],
Bin15,cm^-3,particle concentration in size range [2062 - 2500 nm],
0
19
PI_CONTACT_INFO: 325 Broadway R/CSL6, Boulder, CO 80305; troy.thornberry@noaa.gov; 303-497-3373 
PLATFORM: GML ECC/FPH balloon
LOCATION: Boulder, CO, USA
ASSOCIATED_DATA: N/A
INSTRUMENT_INFO: Printed Optical Particle Spectrometer counts particles from 140 - 2500 nm in diameter 
DATA_INFO: Particle concentrations reported in number per cubic centimeter, binned to 100 m altitude
UNCERTAINTY: Counting uncertainty dominated by air flow, less than 5 percent
ULOD_FLAG: -77777
ULOD_VALUE: 3000 ~3000 per cm3 (varies depending on flow rate- manufacturer quotes 1250  per cm3 at 1.667 cc/s)
LLOD_FLAG: -88888
LLOD_VALUE: 0 0 (varies depending on data field and measurement precision)
DM_CONTACT_INFO: Troy Thornberry, 325 Broadway R/CSL6, Boulder, CO 80305; troy.thornberry@noaa.gov; 303-497-3373
PROJECT_INFO: B2SAP Boulder, CO, USA
STIPULATIONS_ON_USE: Please contact the PIs for questions regarding applications and uncertainties
OTHER_COMMENTS: POPS bin Edges (nm):  140, 170, 205, 249, 302, 366, 443, 537, 651, 789, 956, 1159, 1404, 1702, 2062, 2500
Calculations assume sulfate refractive index of 1.45+0.00j and extinction wavelength = 532 nm
REVISION: R0
R0: QA/QC data
TIME_START,TIME_STOP,TIME_MID,GPSAlt,GPS_Lon,GPS_Lat,iMet_Pressure,iMet_Temperature,THETA,Aerosol_concentration,Surface_Area_Conc,Volume_density,Effective_radius,Extinction,Bin01,Bin02,Bin03,Bin04,Bin05,Bin06,Bin07,Bin08,Bin09,Bin10,Bin11,Bin12,Bin13,Bin14,Bin15
[from data line 232]
64107,64126,64116,25,-104.964,39.7679,24.9484,-50.3163,639.693,1.73762,0.461196,32.924,0.214165,0.000228044,0.559898,0.270296,0.212375,0.173762,0.270296,0.0772273,0.0772273,0.0772273,0,0.0193068,0,0,0,0,0
64127,64145,64136,25.1,-104.963,39.7682,24.5695,-50.8537,640.948,1.76149,0.434568,27.0664,0.186851,0.000188435,0.406499,0.367785,0.309713,0.212928,0.174214,0.154857,0.0387142,0.0967854,0,0,0,0,0,0,0
64146,64165,64156,25.2,-104.961,39.7689,24.1545,-51.0255,643.572,2.06939,0.539727,35.9356,0.199743,0.000265967,0.671153,0.391506,0.186431,0.242361,0.205074,0.130502,0.0932156,0.149145,0,0,0,0,0,0,0
64166,64184,64175,25.3,-104.96,39.7697,23.7826,-51.4721,645.137,1.93525,0.461608,28.0952,0.182592,0.000195272,0.538678,0.37907,0.279315,0.239413,0.179559,0.139657,0.119706,0.0598531,0,0,0,0,0,0,0
64185,64203,64194,25.4,-104.958,39.7704,23.4053,-52.0111,646.508,1.625,0.515041,39.6068,0.230701,0.000292812,0.421297,0.320988,0.160494,0.240741,0.080247,0.140432,0.12037,0.12037,0,0.0200617,0,0,0,0,0
64204,64223,64214,25.5,-104.958,39.7711,23.014,-51.9095,649.94,1.92957,0.46925,29.6426,0.189511,0.000208392,0.554036,0.401199,0.229256,0.210152,0.248361,0.0955235,0.133733,0.0382094,0.0191047,0,0,0,0,0,0
64224,64243,64234,25.6,-104.957,39.7714,22.634,-51.9215,652.988,1.83941,0.505921,34.0371,0.201832,0.000249322,0.528341,0.234818,0.332659,0.195682,0.156546,0.176114,0.117409,0.0782728,0.0195682,0,0,0,0,0,0
64244,64264,64254,25.7,-104.956,39.7716,22.2933,-51.1652,658.081,1.48809,0.317595,20.15,0.190337,0.000141021,0.595236,0.316219,0.16741,0.111607,0.0930056,0.0930056,0.0558033,0.0372022,0.0186011,0,0,0,0,0,0
64265,64285,64275,25.8,-104.956,39.772,21.9362,-51.201,661.007,1.68875,0.4236,26.7314,0.189316,0.000195252,0.469098,0.394042,0.187639,0.168875,0.168875,0.0562917,0.206403,0.0375278,0,0,0,0,0,0,0
64286,64306,64296,25.9,-104.956,39.7721,21.5767,-51.1538,664.286,1.78654,0.402164,23.9948,0.178993,0.000164109,0.518673,0.364992,0.268942,0.211311,0.192101,0.0768405,0.0960506,0.0576303,0,0,0,0,0,0,0
64307,64325,64316,26,-104.956,39.7721,21.2563,-51.1205,667.224,1.84992,0.509282,33.1634,0.195354,0.000242592,0.42527,0.36148,0.276426,0.233899,0.127581,0.191372,0.148845,0.085054,0,0,0,0,0,0,0
64326,64345,64336,26.1,-104.957,39.7724,20.926,-51.156,670.111,1.48935,0.486674,32.7866,0.202106,0.000247272,0.224423,0.224423,0.285629,0.102011,0.224423,0.163217,0.204021,0.0612063,0,0,0,0,0,0,0
64346,64364,64355,26.2,-104.958,39.7731,20.5684,-51.6532,671.912,1.56273,0.413037,26.1105,0.189648,0.000186152,0.330155,0.330155,0.198093,0.242113,0.176082,0.110052,0.110052,0.0660309,0,0,0,0,0,0,0
64365,64385,64375,26.3,-104.957,39.7742,20.205,-51.771,674.984,1.38078,0.396956,28.5948,0.216106,0.000215467,0.376577,0.334735,0.104605,0.188288,0.0627628,0.104605,0.146446,0.0209209,0.0418418,0,0,0,0,0,0
64386,64404,64395,26.4,-104.957,39.7751,19.8763,-51.0842,680.257,1.44922,0.286904,16.4479,0.171986,0.00010853,0.52699,0.307411,0.197621,0.175663,0.0658738,0.0878317,0.0439159,0.0439159,0,0,0,0,0,0,0
64405,64423,64414,26.5,-104.957,39.7757,19.5644,-50.3467,685.607,1.5343,0.558325,46.242,0.248468,0.000350131,0.401278,0.212441,0.165232,0.212441,0.165232,0.0708137,0.118023,0.141627,0.0236046,0.0236046,0,0,0,0,0
64424,64443,64434,26.6,-104.957,39.7762,19.258,-48.9655,692.98,1.34491,0.290387,15.9221,0.164492,0.000101316,0.277521,0.384259,0.213477,0.128086,0.149434,0.106739,0.085391,0,0,0,0,0,0,0,0
64444,64464,64454,26.7,-104.958,39.7766,18.9538,-50.0457,692.777,1.45026,0.337631,21.0273,0.186836,0.000151309,0.490229,0.285967,0.245115,0.0817049,0.0817049,0.102131,0.122557,0.0408525,0,0,0,0,0,0,0
64465,64484,64474,26.8,-104.959,39.7774,18.6395,-49.9775,696.315,1.42964,0.453857,34.2828,0.22661,0.000263355,0.346579,0.303256,0.151628,0.151628,0.173289,0.0866446,0.0649835,0.108306,0.0433223,0,0,0,0,0,0
64485,64506,64496,26.9,-104.959,39.7785,18.3245,-49.6705,700.671,1.51237,0.392711,26.3189,0.201055,0.000195626,0.423465,0.4033,0.100825,0.16132,0.181485,0.0604949,0.0604949,0.12099,0,0,0,0,0,0,0
64507,64528,64518,27,-104.959,39.7797,18.0473,-50.2005,702.068,1.80151,0.449175,27.5014,0.183679,0.000193444,0.445318,0.404835,0.182176,0.242901,0.222659,0.101209,0.161934,0.0404835,0,0,0,0,0,0,0
64529,64546,64538,27.1,-104.959,39.781,17.776,-50.2913,704.809,1.78341,0.584228,43.2814,0.222249,0.000345105,0.475576,0.326958,0.208064,0.208064,0.0891705,0.0891705,0.178341,0.208064,0,0,0,0,0,0,0
64554,64566,64560,27.2,-104.959,39.7822,17.46,-50.13,708.958,0.668295,0.340402,28.6144,0.252181,0.000239551,0,0.222765,0,0,0.222765,0,0,0.222765,0,0,0,0,0,0,0
65161,65175,65168,26.9,-104.972,39.7969,18.3143,-49.3214,701.881,1.54163,0.277016,14.5107,0.157147,8.98033e-05,0.642345,0.385407,0.128469,0.0642345,0.128469,0.128469,0.0642345,0,0,0,0,0,0,0,0
65176,65190,65183,26.8,-104.972,39.7975,18.5725,-49.0683,699.863,1.38619,0.401486,27.8577,0.208159,0.0002137,0.262252,0.449574,0.149858,0.0749291,0.149858,0.0749291,0.112394,0.112394,0,0,0,0,0,0,0
65191,65206,65198,26.7,-104.973,39.7979,18.8962,-49.4381,695.279,1.29466,0.281461,17.6311,0.187924,0.000116032,0.394028,0.197014,0.281448,0.168869,0.140724,0.0562897,0,0.0281448,0.0281448,0,0,0,0,0,0
65207,65221,65214,26.6,-104.973,39.7982,19.1993,-49.286,692.585,1.45964,0.423436,28.7478,0.203675,0.000217577,0.238309,0.387252,0.268098,0.148943,0.0595773,0.119155,0.148943,0.0893659,0,0,0,0,0,0,0
65222,65236,65229,26.5,-104.973,39.7985,19.508,-49.688,688.21,1.49167,0.579371,47.5531,0.246231,0.000385716,0.321732,0.292483,0.233987,0.0584967,0.146242,0.0584967,0.146242,0.17549,0.0584967,0,0,0,0,0,0
65237,65250,65244,26.4,-104.973,39.799,19.82,-50.6871,682.018,1.28505,0.37519,27.0048,0.215929,0.000213012,0.250741,0.438797,0.188056,0.0626853,0.0626853,0.0313427,0.125371,0.125371,0,0,0,0,0,0,0
65251,65262,65256,26.3,-104.973,39.7997,20.1325,-51.3633,676.926,1.17089,0.320874,21.2335,0.198522,0.000157054,0.292724,0.146362,0.182952,0.256133,0.109771,0,0.109771,0.0731809,0,0,0,0,0,0,0
65263,65273,65268,26.2,-104.973,39.8003,20.4391,-51.2182,674.441,1.63576,0.469838,32.7634,0.2092,0.000256663,0.701039,0.194733,0.11684,0.11684,0.0389466,0.155787,0.23368,0.0778933,0,0,0,0,0,0,0
65274,65285,65280,26.1,-104.973,39.8008,20.77,-51.03,671.929,1.27699,0.377377,26.5538,0.211093,0.00020747,0.503056,0.154786,0.11609,0.11609,0,0.154786,0.154786,0.0773932,0,0,0,0,0,0,0
65286,65297,65292,26,-104.973,39.801,21.1583,-50.5442,669.836,1.75926,0.377565,20.4542,0.162522,0.000128507,0.387038,0.457408,0.281482,0.140741,0.281482,0.105556,0.105556,0,0,0,0,0,0,0,0
65298,65309,65304,25.9,-104.973,39.8011,21.475,-50.5408,667.015,1.75722,0.593901,59.1414,0.298744,0.000288724,0.551285,0.241187,0.275643,0.137821,0.172277,0.172277,0.103366,0.0689106,0,0,0.0344553,0,0,0,0
65310,65322,65316,25.8,-104.973,39.8012,21.8577,-50.4146,664.031,1.8918,0.484321,29.4816,0.182616,0.000208754,0.630599,0.25224,0.18918,0.15765,0.25224,0.18918,0.22071,0,0,0,0,0,0,0,0
65323,65335,65329,25.7,-104.973,39.8014,22.2077,-50.7092,660.151,1.70801,0.547014,41.942,0.230023,0.000294306,0.474447,0.221409,0.0948895,0.284668,0.253039,0.158149,0.126519,0.0632596,0,0.0316298,0,0,0,0,0
65336,65348,65342,25.6,-104.973,39.8015,22.5392,-50.9746,656.583,1.30665,0.31321,18.8182,0.180245,0.000130057,0.373327,0.248885,0.155553,0.124442,0.217774,0.0622212,0.0933319,0.0311106,0,0,0,0,0,0,0
65349,65361,65355,25.5,-104.972,39.8015,22.9415,-50.95,653.338,1.66454,0.38523,23.3414,0.181772,0.000160378,0.554847,0.246599,0.246599,0.215774,0.123299,0.154124,0.0616497,0.0616497,0,0,0,0,0,0,0
65362,65374,65368,25.4,-104.971,39.8019,23.3115,-50.69,651.126,1.59316,0.439739,28.4823,0.194312,0.000212866,0.367652,0.337015,0.275739,0.0612754,0.214464,0.0612754,0.245101,0.0306377,0,0,0,0,0,0,0
65375,65388,65382,25.3,-104.971,39.8023,23.6636,-50.5864,648.634,1.81772,0.528848,37.8349,0.214626,0.000280686,0.307615,0.419474,0.363544,0.22372,0.16779,0.0838949,0.139825,0.0559299,0.0559299,0,0,0,0,0,0
65389,65401,65395,25.2,-104.97,39.8026,24.0823,-50.3192,646.179,1.93029,0.509783,33.254,0.195695,0.000241174,0.593937,0.267272,0.207878,0.356362,0.118787,0.178181,0.0890905,0.118787,0,0,0,0,0,0,0
65402,65414,65408,25.1,-104.969,39.8029,24.4854,-50.3085,643.139,1.95939,0.446888,27.093,0.181878,0.000180195,0.534378,0.356252,0.296877,0.326565,0.207814,0.0890631,0.118751,0,0.0296877,0,0,0,0,0,0
65415,65427,65421,25,-104.968,39.803,24.8315,-50.1892,640.918,1.63619,0.42557,26.9631,0.190073,0.00019475,0.555137,0.175307,0.175307,0.175307,0.292178,0.0584355,0.146089,0.0584355,0,0,0,0,0,0,0
65428,65441,65434,24.9,-104.967,39.803,25.2736,-50.0593,638.062,2.199,0.594414,38.7251,0.195445,0.00028891,0.777697,0.348623,0.18772,0.134086,0.214537,0.214537,0.268171,0.0536343,0,0,0,0,0,0,0
65442,65455,65448,24.8,-104.966,39.8033,25.7,-50.2979,634.345,1.58068,0.352743,20.9758,0.178394,0.000142877,0.509033,0.321494,0.241121,0.0535824,0.241121,0.107165,0.0535824,0.0535824,0,0,0,0,0,0,0
65456,65469,65462,24.7,-104.966,39.8037,26.1069,-50.5015,630.922,1.83998,0.407151,24.519,0.180663,0.00016191,0.594456,0.254767,0.367996,0.169845,0.226459,0.11323,0.0849223,0,0.0283074,0,0,0,0,0,0
65470,65483,65476,24.6,-104.965,39.8039,26.535,-50.3,628.568,1.61822,0.356324,20.6308,0.173697,0.000135974,0.417606,0.365406,0.234904,0.208803,0.208803,0.0783012,0.0522008,0.0522008,0,0,0,0,0,0,0
65484,65498,65491,24.5,-104.964,39.8039,26.9253,-50.416,625.628,1.96694,0.477171,29.2685,0.184013,0.000196385,0.485665,0.461381,0.242832,0.145699,0.291399,0.242832,0.0485665,0.0242832,0.0242832,0,0,0,0,0,0
65499,65513,65506,24.4,-104.963,39.8041,27.378,-50.414,622.655,1.50483,0.351069,21.0182,0.179607,0.00014387,0.38218,0.262749,0.286635,0.214976,0.167204,0.0477725,0.0955449,0.0477725,0,0,0,0,0,0,0
65514,65529,65522,24.3,-104.961,39.8044,27.8281,-50.6306,619.163,1.80865,0.407968,23.5688,0.173313,0.000157253,0.424252,0.491239,0.156303,0.334936,0.133974,0.111645,0.133974,0.022329,0,0,0,0,0,0,0
65530,65545,65538,24.2,-104.96,39.805,28.2269,-51.4794,614.291,1.62764,0.377027,24.6339,0.196012,0.000174469,0.579707,0.289854,0.222964,0.156075,0.178371,0.0668893,0.0445928,0.0668893,0.0222964,0,0,0,0,0,0
65546,65562,65554,24.1,-104.959,39.8056,28.7318,-52.0012,609.76,1.85829,0.435175,27.14,0.187097,0.000188188,0.536839,0.474896,0.227124,0.123886,0.165181,0.185829,0.103238,0.0206476,0.0206476,0,0,0,0,0,0
65563,65579,65571,24,-104.959,39.8059,29.1894,-52.4612,605.738,2.26143,0.513782,30.3777,0.177377,0.000205929,0.534519,0.555077,0.39061,0.246701,0.205584,0.143909,0.12335,0.0616752,0,0,0,0,0,0,0
65580,65595,65588,23.9,-104.958,39.8061,29.6309,-53.0955,601.425,2.18337,0.59634,41.2466,0.207499,0.000311912,0.601219,0.569575,0.221502,0.158215,0.189858,0.0949292,0.253145,0.0632862,0.0316431,0,0,0,0,0,0
65597,65611,65604,23.8,-104.957,39.8064,30.125,-53.3013,598.015,1.37643,0.250169,12.3878,0.148553,6.94616e-05,0.430135,0.258081,0.258081,0.215068,0.0860271,0.0860271,0.0430135,0,0,0,0,0,0,0,0
65613,65629,65621,23.7,-104.957,39.8071,30.6254,-54.2946,592.534,1.73006,0.369287,22.1546,0.179978,0.000153935,0.498049,0.445623,0.366983,0.104852,0.0524262,0.104852,0.104852,0.0524262,0,0,0,0,0,0,0
65630,65646,65638,23.6,-104.956,39.8077,31.1508,-55.2542,587.063,1.54479,0.410074,28.484,0.208381,0.000211509,0.589829,0.140435,0.224697,0.224697,0.0561741,0.112348,0.112348,0.0561741,0.0280871,0,0,0,0,0,0
65647,65663,65655,23.5,-104.955,39.8085,31.6655,-55.6673,583.221,2.11379,0.506473,32.2362,0.190946,0.000233759,0.704596,0.520788,0.214442,0.0919039,0.183808,0.183808,0.122538,0.0919039,0,0,0,0,0,0,0
65664,65681,65672,23.4,-104.955,39.8097,32.1908,-56.1238,579.262,2.39738,0.474166,25.9161,0.163969,0.000162108,0.721793,0.541344,0.412453,0.232005,0.232005,0.15467,0.0515566,0.0515566,0,0,0,0,0,0,0
65683,65698,65690,23.3,-104.955,39.8112,32.6942,-56.835,574.811,2.01076,0.596503,43.4448,0.218497,0.000332177,0.633526,0.35808,0.220357,0.165268,0.165268,0.137723,0.220357,0.0550892,0.0550892,0,0,0,0,0,0
65700,65718,65709,23.2,-104.956,39.8128,33.236,-56.5987,572.745,1.91502,0.415746,23.4968,0.169552,0.000152743,0.594316,0.352187,0.286152,0.220117,0.154082,0.198105,0.0880469,0.0220117,0,0,0,0,0,0,0
65719,65737,65728,23.1,-104.958,39.8143,33.8292,-55.9177,571.646,2.28257,0.556691,35.1887,0.189631,0.000246742,0.652163,0.576914,0.175582,0.275915,0.150499,0.250832,0.150499,0.0250832,0.0250832,0,0,0,0,0,0
65738,65756,65747,23,-104.959,39.8152,34.3836,-55.8443,569.196,2.24837,0.499149,29.6549,0.178233,0.000201848,0.711219,0.504736,0.160598,0.367081,0.206483,0.114713,0.114713,0.0688276,0,0,0,0,0,0,0
65758,65776,65767,22.9,-104.96,39.8155,34.9592,-56.1592,565.672,2.48994,0.549407,31.4336,0.171641,0.000209113,0.567015,0.616321,0.443751,0.320487,0.197223,0.123264,0.197223,0.0246528,0,0,0,0,0,0,0
65777,65796,65786,22.8,-104.961,39.8153,35.4836,-56.3436,562.803,2.61911,0.639768,41.8196,0.1961,0.000301626,0.76767,0.587042,0.383835,0.225785,0.248364,0.135471,0.135471,0.112893,0.0225785,0,0,0,0,0,0
65798,65818,65808,22.7,-104.962,39.8154,36.1031,-56.11,560.618,2.6503,0.788002,53.7271,0.204544,0.00039836,0.667484,0.373006,0.333742,0.353374,0.294478,0.235582,0.294478,0.0588956,0.0392637,0,0,0,0,0,0
65819,65837,65828,22.6,-104.963,39.8159,36.6775,-55.7925,558.921,2.73254,0.687196,44.9293,0.196142,0.000318701,0.702652,0.546507,0.487953,0.331808,0.175663,0.234217,0.136627,0.0780724,0.0390362,0,0,0,0,0,0
65839,65854,65846,22.5,-104.964,39.8168,37.2371,-55.6729,556.808,2.67835,0.73758,50.0225,0.203459,0.000367891,0.76838,0.439074,0.351259,0.285398,0.307352,0.17563,0.241491,0.0658611,0.0439074,0,0,0,0,0,0
65856,65874,65865,22.4,-104.964,39.8182,37.8494,-55.4141,554.882,2.1448,0.739324,61.6371,0.250109,0.000451573,0.558728,0.342446,0.252329,0.252329,0.270352,0.144188,0.126164,0.0901175,0.072094,0.036047,0,0,0,0,0
65876,65894,65885,22.3,-104.965,39.8191,38.505,-54.9231,553.413,2.95505,0.754828,51.923,0.206364,0.000366666,0.871362,0.625107,0.35991,0.397796,0.189426,0.151541,0.265197,0.0568279,0.0189426,0.0189426,0,0,0,0,0
65895,65913,65904,22.2,-104.966,39.8194,39.0853,-55.8587,548.688,2.74636,0.883316,66.725,0.226618,0.000506487,0.681579,0.420975,0.380882,0.360836,0.260604,0.220511,0.220511,0.0801858,0.120279,0,0,0,0,0,0
65914,65933,65924,22.1,-104.966,39.8193,39.7665,-57.0265,543.06,2.74826,0.905782,64.6389,0.214087,0.000493169,0.460999,0.514191,0.372345,0.336884,0.372345,0.212769,0.265961,0.177307,0.0354614,0,0,0,0,0,0
65934,65952,65943,22,-104.967,39.8192,40.4129,-57.6065,539.099,2.74829,0.793528,62.027,0.234498,0.000370148,0.687073,0.458049,0.352345,0.440432,0.334728,0.176173,0.19379,0.0528518,0.0352345,0,0.0176173,0,0,0,0
65954,65973,65964,21.9,-104.967,39.8191,41.0644,-57.5283,536.848,2.36445,0.760488,53.5475,0.211236,0.000405288,0.476173,0.377655,0.311976,0.279136,0.328395,0.197037,0.246297,0.114938,0.0328395,0,0,0,0,0,0
65974,65992,65983,21.8,-104.968,39.8195,41.7475,-57.0931,535.392,2.65465,0.675845,41.7373,0.185267,0.000288277,0.645226,0.405571,0.405571,0.442441,0.294961,0.202785,0.202785,0.0368701,0.018435,0,0,0,0,0,0
65993,66013,66003,21.7,-104.969,39.8197,42.4279,-57.4058,532.158,3.29726,1.00771,73.7419,0.219534,0.000557857,0.720796,0.70546,0.521427,0.337394,0.230041,0.276049,0.306722,0.0920165,0.107353,0,0,0,0,0,0
66014,66034,66024,21.6,-104.97,39.8195,43.1622,-57.3683,529.649,2.90659,0.927775,69.3861,0.224363,0.000500342,0.562048,0.562048,0.465697,0.192702,0.449638,0.289053,0.208761,0.11241,0.032117,0.032117,0,0,0,0,0
66035,66054,66044,21.5,-104.97,39.8191,43.8611,-58.1489,525.312,3.05662,0.936994,70.6566,0.226223,0.00051141,0.656133,0.528107,0.54411,0.400081,0.336068,0.176036,0.176036,0.176036,0.0320065,0.0320065,0,0,0,0,0
66055,66073,66064,21.4,-104.97,39.819,44.54,-57.8688,523.7,3.17064,1.03909,84.723,0.244607,0.000535931,0.650816,0.634129,0.383815,0.350439,0.383815,0.367127,0.233626,0.083438,0.0500628,0.0166876,0,0.0166876,0,0,0
66074,66093,66084,21.3,-104.971,39.8187,45.3067,-58.155,520.449,3.02654,0.841977,57.4297,0.204625,0.000402805,0.567477,0.614767,0.472897,0.488661,0.331028,0.204922,0.236449,0.063053,0.0315265,0.0157632,0,0,0,0,0
