data/B2SAP/Locations/Boulder/NOAA-POPS-B2SAP_GMLBalloon_20201030_R0.ict
61,1001
Thornberry, T. D.
NOAA Chemical Sciences Laboratory
Portable Optical Particle Spectrometer (POPS)
Balloon Baseline Stratospheric Aerosol Profiles (B2SAP)
1,1
2020,10,30,2024,05,28
0
TIME_START,s,Seconds since midnight UTC on flight start day,Start time of 100 m altitude bin in UTC_seconds_since_midnight
28
1.0,1.0,1.0,1.0,1.0,1.0,1.0,1.0,1.0,1.0,1.0,1.0,1.0,1.0,1.0,1.0,1.0,1.0,1.0,1.0,1.0,1.0,1.0,1.0,1.0,1.0,1.0,1.0
99999,99999,99999,99999,99999,99999,99999,99999,99999,99999,99999,99999,99999,99999,99999,99999,99999,99999,99999,99999,99999,99999,99999,99999,99999,99999,99999,99999
TIME_STOP,s,End time of 100 m altitude bin in UTC seconds since midnight,
TIME_MID,s,Mid time of 100 m altitude in UTC seconds since midnight,
GPSAlt,m,GPS reported altitude above sea level (m),
GPS_Lon,deg,GPS reported longitude,
GPS_Lat,deg,GPS reported latitude,
iMet_Pressure,mb,Pressure reported (mB),
iMet_Temperature,degrees C,Ambient temperature (oC),
THETA,K,Potential temperature from iMet,
Aerosol_concentration,cm^-3,Aerosol concentration,
Surface_Area_Conc,um^2 cm^-3,Surface area concentration,
Volume_density,um^3 cm^-3,Volume density,
Effective_radius,um,Effective radius,
Extinction,km^-1,Extinction,
Bin01,cm^-3,particle concentration in size range [140 - 170 nm],
Bin02,cm^-3,particle concentration in size range [170 - 205 nm],
Bin03,cm^-3,particle concentration in size range [205 - 249 nm],
Bin04,cm^-3,particle concentration in size range [249 - 302 nm],
Bin05,cm^-3,particle concentration in size range [302 - 366 nm],
Bin06,cm^-3,particle concentration in size range [366 - 443 nm],
Bin07,cm^-3,particle concentration in size range [443 - 537 nm],
Bin08,cm^-3,particle concentration in size range [537 - 651 nm],
Bin09,cm^-3,particle concentration in size range [651 - 789 nm],
Bin10,cm^-3,particle concentration in size range [789 - 956 nm],
Bin11,cm^-3,particle concentration in size range [956 - 1159 nm],
Bin12,cm^-3,particle concentration in size range [1159 - 1404 nm],
Bin13,cm^-3,particle concentration in size range [1404 - 1702 nm],
Bin14,cm^-3,particle concentration in size range [1702 - 2062 nm],
Bin15,cm^-3,particle concentration in size range [2062 - 2500 nm],
0
19
PI_CONTACT_INFO: 325 Broadway R/CSL6, Boulder, CO 80305; troy.thornberry@noaa.gov; 303-497-3373 
PLATFORM: GML ECC/FPH balloon
LOCATION: Boulder, CO, USA
ASSOCIATED_DATA: N/A
INSTRUMENT_INFO: Printed Optical Particle Spectrometer counts particles from 140 - 2500 nm in diameter 
DATA_INFO: Particle concentrations reported in number per cubic centimeter, binned to 100 m altitude
UNCERTAINTY: Counting uncertainty dominated by air flow, less than 5 percent
ULOD_FLAG: -77777
ULOD_VALUE: 3000 ~3000 per cm3 (varies depending on flow rate- manufacturer quotes 1250  per cm3 at 1.667 cc/s)
LLOD_FLAG: -88888
LLOD_VALUE: 0 0 (varies depending on data field and measurement precision)
DM_CONTACT_INFO: Troy Thornberry, 325 Broadway R/CSL6, Boulder, CO 80305; troy.thornberry@noaa.gov; 303-497-3373
PROJECT_INFO: B2SAP Boulder, CO, USA
STIPULATIONS_ON_USE: Please contact the PIs for questions regarding applications and uncertainties
OTHER_COMMENTS: POPS bin Edges (nm):  140, 170, 205, 249, 302, 366, 443, 537, 651, 789, 956, 1159, 1404, 1702, 2062, 2500
Calculations assume sulfate refractive index of 1.45+0.00j and extinction wavelength = 532 nm
REVISION: R0
R0: QA/QC data
TIME_START,TIME_STOP,TIME_MID,GPSAlt,GPS_Lon,GPS_Lat,iMet_Pressure,iMet_Temperature,THETA,Aerosol_concentration,Surface_Area_Conc,Volume_density,Effective_radius,Extinction,Bin01,Bin02,Bin03,Bin04,Bin05,Bin06,Bin07,Bin08,Bin09,Bin10,Bin11,Bin12,Bin13,Bin14,Bin15
[from data line 396]
68548,68576,68562,10.7,-103.17,40.1805,246.412,-47.27,337.05,7.51648,1.11523,57.299,0.154137,0.000351823,4.05383,1.52019,0.760094,0.337819,0.506729,0,0.16891,0.16891,0,0,0,0,0,0,0
68587,68604,68596,10.6,-103.161,40.1826,250.626,-46.6688,336.305,5.76224,0.829393,49.0579,0.177447,0.000270217,2.96042,1.6388,0.528646,0.211458,0.158594,0.105729,0.105729,0,0,0.0528646,0,0,0,0,0
68660,68675,68668,10.4,-103.14,40.1868,259.883,-45.3933,334.721,6.42152,1.03268,62.2267,0.180772,0.000407175,3.21076,1.95438,0.279197,0.279197,0.279197,0.139598,0.139598,0,0.139598,0,0,0,0,0,0
68679,68704,68692,10.3,-103.133,40.1879,262.725,-44.895,334.411,6.09678,0.716908,29.57,0.12374,0.000141317,3.8418,1.16924,0.375829,0.33407,0.167035,0.0835175,0.125276,0,0,0,0,0,0,0,0
68709,68737,68723,10.2,-103.124,40.1894,266.889,-44.1117,334.048,6.73066,1.11676,69.416,0.186475,0.000441966,3.60819,1.24899,0.867354,0.346941,0.173471,0.173471,0.104082,0.138777,0.0346941,0.0346941,0,0,0,0,0
68741,68766,68754,10.1,-103.114,40.191,270.833,-43.507,333.533,5.32314,0.967678,80.8174,0.250551,0.000369868,2.99427,1.03968,0.415871,0.291109,0.332696,0.0415871,0.0831741,0,0.0831741,0,0.0415871,0,0,0,0
68770,68802,68786,10,-103.105,40.1928,274.818,-42.8182,333.144,4.89336,0.810613,49.5319,0.183313,0.000327359,2.48432,1.05395,0.639901,0.188206,0.263488,0,0.150565,0,0.112924,0,0,0,0,0,0
68807,68815,68811,9.9,-103.096,40.1945,278.13,-42.245,332.834,5.76298,0.589866,19.8101,0.100752,5.7513e-05,3.70477,1.0291,0.411641,0.411641,0.205821,0,0,0,0,0,0,0,0,0,0
68846,68846,68846,9.8,-103.086,40.1965,282.58,-41.63,332.2,5.33712,0.546272,17.5615,0.0964434,4.13352e-05,2.87383,1.23164,0.821095,0.410548,0,0,0,0,0,0,0,0,0,0,0
68914,68923,68918,9.6,-103.066,40.2003,291.825,-40.28,331.086,4.48984,1.01123,101.027,0.299714,0.000653098,3.06126,0.816335,0.204084,0,0,0,0.204084,0,0,0.204084,0,0,0,0,0
68933,68961,68947,9.5,-103.059,40.2015,295.11,-39.84,330.652,4.1834,0.937854,106.605,0.341007,0.00040647,2.54285,0.738247,0.32811,0.246082,0.0820274,0.0820274,0,0,0.0820274,0,0.0820274,0,0,0,0
68970,68993,68982,9.4,-103.05,40.2032,299.851,-39.05,330.257,4.06023,0.530122,25.8299,0.146173,0.000155031,2.55214,0.812046,0.290016,0.0580033,0.17401,0,0.116007,0.0580033,0,0,0,0,0,0,0
69003,69033,69018,9.3,-103.04,40.2048,304.23,-38.51,329.654,3.07867,0.282081,8.77795,0.0933556,2.18631e-05,2.18748,0.567124,0.162035,0.0810177,0.0810177,0,0,0,0,0,0,0,0,0,0
69038,69056,69047,9.2,-103.033,40.2061,308.185,-37.895,329.303,4.24231,0.714488,46.4656,0.1951,0.000329531,2.62619,0.909067,0.202015,0,0.101007,0.101007,0.202015,0,0.101007,0,0,0,0,0,0
69146,69175,69160,8.9,-103.006,40.2109,323.195,-35.3717,328.341,3.73093,0.993171,115.83,0.349879,0.000484205,1.99871,0.73286,0.399742,0.0666237,0.266495,0,0.0666237,0.0666237,0,0.0666237,0,0.0666237,0,0,0
69176,69211,69194,8.8,-102.998,40.212,327.792,-34.7856,327.828,3.50022,0.408773,20.4399,0.150009,0.000115654,2.39255,0.620292,0.265839,0.13292,0,0,0.0443066,0,0.0443066,0,0,0,0,0,0
69215,69240,69228,8.7,-102.99,40.2131,332.223,-33.934,327.742,3.40006,0.65122,62.3701,0.287322,0.000244161,2.20004,0.480008,0.320005,0.0800014,0.0400007,0.0800014,0.120002,0.0400007,0,0,0,0.0400007,0,0,0
69244,69264,69254,8.6,-102.983,40.2141,335.979,-33.2286,327.643,3.90512,0.455676,19.3821,0.127604,9.98926e-05,2.49022,0.792343,0.339575,0.0565959,0.0565959,0.0565959,0.113192,0,0,0,0,0,0,0,0
69296,69304,69300,8.5,-102.97,40.2157,342.725,-32.27,327.094,3.74865,0.313077,8.98595,0.0861062,1.67865e-05,2.95946,0.591892,0,0.197297,0,0,0,0,0,0,0,0,0,0,0
69316,69343,69330,8.4,-102.962,40.2164,347.063,-31.6614,326.747,3.09257,0.330211,12.5668,0.114171,5.34247e-05,1.968,0.730972,0.112457,0.168686,0.0562286,0,0.0562286,0,0,0,0,0,0,0,0
69347,69382,69364,8.3,-102.954,40.2173,352.166,-30.725,326.652,4.93511,0.71005,37.1353,0.156898,0.000227038,2.97414,0.849754,0.392194,0.196097,0.261463,0.0653657,0.130731,0.0326829,0.0326829,0,0,0,0,0,0
69386,69414,69400,8.2,-102.946,40.2181,356.707,-30.0067,326.418,5.19505,0.74644,37.6054,0.151139,0.000228906,2.68411,1.25547,0.562797,0.259752,0.173168,0,0.173168,0.0865842,0,0,0,0,0,0,0
69415,69446,69430,8.1,-102.937,40.2188,361.251,-29.3743,326.082,4.36546,0.581872,27.0541,0.139485,0.00014822,2.51853,0.895478,0.279837,0.279837,0.22387,0.0559674,0.0559674,0.0559674,0,0,0,0,0,0,0
69455,69455,69455,8,-102.929,40.2193,365.02,-28.97,325.657,2.72483,0.230184,6.37999,0.0831506,9.74446e-06,1.55705,1.16779,0,0,0,0,0,0,0,0,0,0,0,0,0
69487,69487,69487,7.9,-102.922,40.2199,369.72,-28.26,325.415,3.10507,0.609947,35.1974,0.173117,0.000244753,1.55253,0,0.776267,0.388133,0,0,0.388133,0,0,0,0,0,0,0,0
69673,69673,69673,7.4,-102.883,40.2236,398.88,-24.31,323.572,4.59974,0.450017,13.6564,0.0910395,2.6704e-05,1.91656,1.91656,0.766624,0,0,0,0,0,0,0,0,0,0,0,0
69694,69694,69694,7.3,-102.88,40.2239,402.61,-23.62,323.609,1.52901,0.12008,3.20297,0.0800211,4.43136e-06,1.14676,0.382252,0,0,0,0,0,0,0,0,0,0,0,0,0
69823,69823,69823,6.9,-102.855,40.2265,426.21,-20.23,322.709,3.39416,0.928136,70.6374,0.22832,0.00058322,1.88564,0.377128,0.377128,0,0,0,0.377128,0.377128,0,0,0,0,0,0,0
69855,69862,69858,6.8,-102.849,40.2275,432.76,-20.515,320.934,3.77554,0.638722,47.8059,0.224539,0.000344663,2.83165,0.377554,0.188777,0,0.188777,0,0,0,0.188777,0,0,0,0,0,0
69876,69907,69892,6.7,-102.843,40.2284,439.55,-20.844,319.097,3.47803,0.462943,23.7047,0.153613,0.000148814,2.19267,0.756092,0.226828,0.0756092,0,0.0756092,0.0756092,0.0756092,0,0,0,0,0,0,0
69924,69943,69934,6.6,-102.837,40.2288,445.669,-20.0543,318.836,2.6919,0.484007,28.8589,0.178875,0.000201234,1.5613,0.484543,0.107676,0.0538381,0.161514,0.161514,0.0538381,0.107676,0,0,0,0,0,0,0
69958,69986,69972,6.5,-102.829,40.2293,452.134,-18.9956,318.857,3.32808,0.56663,44.8006,0.237195,0.000217673,2.23965,0.397695,0.188382,0.188382,0.104657,0.0627939,0.0418626,0.0627939,0.0209313,0,0.0209313,0,0,0,0
69987,70027,70007,6.4,-102.822,40.2298,457.163,-18.2663,318.766,3.43192,0.430315,21.6524,0.150953,0.000130554,2.25089,0.750298,0.166733,0.0416832,0.069472,0.0416832,0.0416832,0.0555776,0.0138944,0,0,0,0,0,0
70028,70070,70049,6.3,-102.813,40.2307,463.852,-17.5938,318.275,3.62732,0.442331,28.2095,0.191324,9.65724e-05,2.56215,0.633341,0.158335,0.0863647,0.100759,0.0143941,0.0575764,0,0,0,0,0.0143941,0,0,0
70073,70113,70093,6.2,-102.805,40.2319,470.129,-16.665,318.208,3.60641,0.443271,20.487,0.138653,0.000114109,2.31328,0.660937,0.301732,0.100577,0.100577,0.0287364,0.0431046,0.0574727,0,0,0,0,0,0,0
70114,70157,70136,6.1,-102.796,40.2329,476.344,-15.7436,318.158,3.78731,0.522734,30.9196,0.177449,0.000181634,2.52043,0.706786,0.160027,0.0933491,0.12002,0.0666779,0.0533423,0.0400067,0,0.0266712,0,0,0,0,0
70158,70200,70179,6,-102.788,40.2337,482.409,-14.893,318.059,3.62743,0.484703,26.4148,0.163491,0.00015033,2.29463,0.673274,0.261065,0.109922,0.164883,0.0412208,0.0137403,0.0412208,0.0137403,0.0137403,0,0,0,0,0
70203,70240,70222,5.9,-102.78,40.2344,489.138,-14.1564,317.709,4.39575,0.584751,29.6774,0.152256,0.000182047,2.9601,0.695624,0.266409,0.0740026,0.162806,0.059202,0.118404,0.0444015,0.0148005,0,0,0,0,0,0
70243,70277,70260,5.8,-102.773,40.2347,495.506,-13.409,317.444,3.76125,0.551976,33.6539,0.18291,0.000213928,2.42548,0.65031,0.281215,0.140608,0.0527278,0.0351519,0.0703038,0.0703038,0.0175759,0.0175759,0,0,0,0,0
70278,70313,70296,5.7,-102.766,40.2351,502.111,-12.5424,317.299,3.8889,0.509963,26.7522,0.157377,0.000159083,2.37164,0.883841,0.250422,0.132576,0.103115,0.044192,0.0294614,0.0294614,0.044192,0,0,0,0,0,0
70316,70347,70332,5.6,-102.76,40.2353,508.999,-11.7013,317.089,3.33692,0.413946,19.0091,0.137765,0.00010279,2.15543,0.494949,0.335288,0.127729,0.111763,0.0478983,0,0.0638645,0,0,0,0,0,0,0
70348,70381,70364,5.5,-102.754,40.2353,515.577,-10.8096,317.007,3.5018,0.47535,33.8557,0.213668,0.00013811,2.33963,0.626959,0.27525,0.0458751,0.122334,0.0305834,0.0152917,0.0152917,0,0.0152917,0.0152917,0,0,0,0
70383,70415,70399,5.4,-102.748,40.235,522.163,-9.88609,316.974,3.74984,0.477818,25.8216,0.162122,0.000148439,2.56904,0.670185,0.175525,0.0797839,0.111697,0.0319136,0.0478703,0.0478703,0,0.0159568,0,0,0,0,0
70417,70451,70434,5.3,-102.741,40.2347,529.12,-8.99043,316.849,3.76743,0.569355,37.068,0.195316,0.000231963,2.48523,0.64901,0.174125,0.174125,0.0791476,0.031659,0.0791476,0.0474886,0.0158295,0.031659,0,0,0,0,0
70452,70484,70468,5.2,-102.735,40.2347,535.998,-8.31667,316.483,3.77275,0.603971,48.6198,0.241501,0.000210556,2.31819,0.712125,0.28788,0.151516,0.151516,0.0303032,0.0606064,0.0151516,0,0.0303032,0,0,0.0151516,0,0
70485,70514,70500,5.1,-102.73,40.2351,542.873,-7.659,316.117,4.54037,0.671432,44.094,0.197015,0.000204023,2.64101,0.994903,0.397961,0.162802,0.0904457,0.0723566,0.126624,0.0361783,0,0,0.0180891,0,0,0,0
70515,70546,70530,5,-102.724,40.2357,549.915,-6.82364,315.95,3.85238,0.44234,19.0348,0.129096,9.79554e-05,2.60651,0.672118,0.26229,0.0819656,0.0983587,0.0491794,0.0491794,0.0327862,0,0,0,0,0,0,0
70547,70575,70561,4.9,-102.718,40.2367,557.385,-5.93118,315.787,3.97728,0.526464,29.2949,0.166934,0.000168087,2.55226,0.850754,0.148882,0.148882,0.127613,0.0212689,0.0638066,0.0425377,0,0.0212689,0,0,0,0,0
70577,70606,70592,4.8,-102.713,40.2377,564.102,-5.33111,315.413,4.73962,0.648974,43.18,0.199607,0.000187773,3.27974,0.659948,0.339973,0.179986,0.0799936,0.0399968,0.099992,0.0399968,0,0,0.0199984,0,0,0,0
70609,70635,70622,4.7,-102.709,40.2384,570.148,-5.19286,314.619,4.10944,0.531437,25.4994,0.143946,0.000138286,2.54271,0.744835,0.282524,0.25684,0.0770519,0.154104,0,0.025684,0.025684,0,0,0,0,0,0
70638,70671,70654,4.6,-102.704,40.2392,578.476,-4.38571,314.263,4.58666,0.453267,15.2888,0.101191,4.80152e-05,3.1597,0.662517,0.560592,0,0.152889,0.0509629,0,0,0,0,0,0,0,0,0
70678,70701,70690,4.5,-102.7,40.2398,586.167,-3.96167,313.569,4.29662,0.777179,75.3979,0.291044,0.000255419,2.56604,0.895129,0.298376,0.179026,0.119351,0.119351,0.0596753,0,0,0,0.0596753,0,0,0,0
70706,70737,70722,4.4,-102.696,40.2405,593.317,-3.26333,313.299,6.5473,0.777975,33.3739,0.128695,0.000169267,4.04742,1.4285,0.357125,0.317445,0.198403,0.0396806,0.119042,0.0396806,0,0,0,0,0,0,0
70742,70746,70744,4.3,-102.693,40.2412,598.535,-2.93,312.904,7.7987,0.787938,30.0066,0.114247,0.000134034,5.62232,1.26956,0.544095,0.181365,0,0,0.181365,0,0,0,0,0,0,0,0
