data/B2SAP/Locations/Boulder/NOAA-POPS-B2SAP_GMLBalloon_20230823_R0.ict
82,1001
Thornberry, T. D.
NOAA Chemical Sciences Laboratory
Portable Optical Particle Spectrometer (POPS)
Balloon Baseline Stratospheric Aerosol Profiles (B2SAP)
1,1
2023,08,23,2024,05,30
0
TIME_START,s,Seconds since midnight UTC on flight start day,Start time of 100 m altitude bin in UTC_seconds_since_midnight
49
1.0,1.0,1.0,1.0,1.0,1.0,1.0,1.0,1.0,1.0,1.0,1.0,1.0,1.0,1.0,1.0,1.0,1.0,1.0,1.0,1.0,1.0,1.0,1.0,1.0,1.0,1.0,1.0,1.0,1.0,1.0,1.0,1.0,1.0,1.0,1.0,1.0,1.0,1.0,1.0,1.0,1.0,1.0,1.0,1.0,1.0,1.0,1.0,1.0
99999,99999,99999,99999,99999,99999,99999,99999,99999,99999,99999,99999,99999,99999,99999,99999,99999,99999,99999,99999,99999,99999,99999,99999,99999,99999,99999,99999,99999,99999,99999,99999,99999,99999,99999,99999,99999,99999,99999,99999,99999,99999,99999,99999,99999,99999,99999,99999,99999
TIME_STOP,s,End time of 100 m altitude bin in UTC seconds since midnight,
TIME_MID,s,Mid time of 100 m altitude in UTC seconds since midnight,
GPSAlt,km,GPS reported altitude above sea level (km),
GPS_Lon,deg,GPS reported longitude,
GPS_Lat,deg,GPS reported latitude,
iMet_Pressure,hPa,Pressure reported (hPa),
iMet_Temperature,degrees C,Ambient temperature (oC),
THETA,K,Potential temperature from iMet,
Aerosol_concentration,cm^-3,Aerosol concentration,
Surface_Area_Conc,um^2 cm^-3,Surface area concentration,
Volume_density,um^3 cm^-3,Volume density,
Effective_radius,um,Effective radius,
Extinction,km^-1,Extinction,
Bin01,cm^-3,particle concentration in size range [140 - 146.14 nm],
Bin02,cm^-3,particle concentration in size range [146.14 - 152.56 nm],
Bin03,cm^-3,particle concentration in size range [152.56 - 159.25 nm],
Bin04,cm^-3,particle concentration in size range [159.25 - 166.24 nm],
Bin05,cm^-3,particle concentration in size range [166.24 - 173.54 nm],
Bin06,cm^-3,particle concentration in size range [173.54 - 181.16 nm],
Bin07,cm^-3,particle concentration in size range [181.16 - 189.11 nm],
Bin08,cm^-3,particle concentration in size range [189.11 - 197.41 nm],
Bin09,cm^-3,particle concentration in size range [197.41 - 206.07 nm],
Bin10,cm^-3,particle concentration in size range [206.07 - 215.12 nm],
Bin11,cm^-3,particle concentration in size range [215.12 - 224.56 nm],
Bin12,cm^-3,particle concentration in size range [224.56 - 234.41 nm],
Bin13,cm^-3,particle concentration in size range [234.41 - 244.70 nm],
Bin14,cm^-3,particle concentration in size range [244.70 - 361.30 nm],
Bin15,cm^-3,particle concentration in size range [361.30 - 472.80 nm],
Bin16,cm^-3,particle concentration in size range [472.80 - 567.00 nm],
Bin17,cm^-3,particle concentration in size range [567.00 - 610.66 nm],
Bin18,cm^-3,particle concentration in size range [610.66 - 657.69 nm],
Bin19,cm^-3,particle concentration in size range [657.69 - 708.33 nm],
Bin20,cm^-3,particle concentration in size range [708.33 - 762.88 nm],
Bin21,cm^-3,particle concentration in size range [762.88 - 821.62 nm],
Bin22,cm^-3,particle concentration in size range [821.62 - 884.89 nm],
Bin23,cm^-3,particle concentration in size range [884.89 - 953.03 nm],
Bin24,cm^-3,particle concentration in size range [953.03 - 1026.42 nm],
Bin25,cm^-3,particle concentration in size range [1026.42 - 1105.46 nm],
Bin26,cm^-3,particle concentration in size range [1105.46 - 1190.59 nm]],
[...]
LOCATION: Boulder, CO, USA
ASSOCIATED_DATA: N/A
INSTRUMENT_INFO: Printed Optical Particle Spectrometer counts particles from 140 - 2500 nm in diameter 
DATA_INFO: Particle concentrations reported in number per cubic centimeter, binned to 100 m altitude
UNCERTAINTY: Counting uncertainty dominated by air flow, less than 5 percent
ULOD_FLAG: -77777
ULOD_VALUE: 3000 ~3000 per cm3 (varies depending on flow rate- manufacturer quotes 1250  per cm3 at 1.667 cc/s)
LLOD_FLAG: -88888
LLOD_VALUE: 0 0 (varies depending on data field and measurement precision)
DM_CONTACT_INFO: Troy Thornberry, 325 Broadway R/CSL6, Boulder, CO 80305; troy.thornberry@noaa.gov; 303-497-3373
PROJECT_INFO: B2SAP Boulder, CO, USA
STIPULATIONS_ON_USE: Please contact the PIs for questions regarding applications and uncertainties
OTHER_COMMENTS: POPS bin Edges (nm):  140, 146.14, 152.56, 159.25, 166.24, 173.54, 181.16, 189.11, 197.41, 206.07, 215.12, 224.56, 234.41, 244.70, 361.30, 472.80, 567.00, 610.66, 657.69, 708.33, 762.88, 821.62, 884.89, 953.03, 1026.42, 1105.46, 1190.59, 1282.27, 1381.01, 1487.36, 1601.89, 1725.25, 1858.10, 2001.18, 2155.28, 2321.25, 2500
Calculations assume sulfate refractive index of 1.45+0.00j and extinction wavelength = 532 nm
REVISION: R0
R0: QA/QC data
TIME_START,TIME_STOP,TIME_MID,GPSAlt,GPS_Lon,GPS_Lat,iMet_Pressure,iMet_Temperature,THETA,Aerosol_concentration,Surface_Area_Conc,Volume_density,Effective_radius,Extinction,Bin01,Bin02,Bin03,Bin04,Bin05,Bin06,Bin07,Bin08,Bin09,Bin10,Bin11,Bin12,Bin13,Bin14,Bin15,Bin16,Bin17,Bin18,Bin19,Bin20,Bin21,Bin22,Bin23,Bin24,Bin25,Bin26,Bin27,Bin28,Bin29,Bin30,Bin31,Bin32,Bin33,Bin34,Bin35,Bin36
[from data line 154]
61870,61891,61880,17.1,-104.865,40.2281,95.8953,-70.4205,396.128,6.16427,0.994184,56.5091,0.170519,0.000358087,0.875798,0.656848,0.640006,0.825271,0.555795,0.353688,0.437899,0.185265,0.185265,0.202107,0.101054,0.0505268,0.117896,0.589479,0.168423,0.101054,0.0168423,0.0336845,0,0.0673691,0,0,0,0,0,0,0,0,0,0,0,0,0,0,0,0
61893,61916,61904,17.2,-104.864,40.2283,94.3304,-70.767,397.313,5.56466,1.04348,64.9487,0.186727,0.000450164,0.765141,0.737317,0.639936,0.528643,0.278233,0.361703,0.264321,0.25041,0.278233,0.0973815,0.0973815,0.0973815,0.125205,0.486908,0.25041,0.111293,0.0417349,0.0973815,0.0278233,0.0278233,0,0,0,0,0,0,0,0,0,0,0,0,0,0,0,0
61917,61939,61928,17.3,-104.862,40.2283,92.7662,-69.5362,401.644,4.77421,0.955598,66.3655,0.208347,0.000448159,0.775429,0.653793,0.44093,0.395317,0.273681,0.30409,0.197658,0.152045,0.13684,0.167249,0.167249,0.0760225,0.106431,0.456135,0.228067,0.0760225,0,0.0456135,0.030409,0.060818,0,0.0152045,0.0152045,0,0,0,0,0,0,0,0,0,0,0,0,0
61940,61961,61950,17.4,-104.861,40.2278,91.2729,-68.4786,405.607,4.33648,0.827032,47.0395,0.170632,0.000303654,0.619497,0.377742,0.4684,0.317303,0.302194,0.256865,0.181316,0.0755484,0.135987,0.226645,0.0906581,0.0302194,0.105768,0.725265,0.241755,0.0906581,0.0302194,0.0453291,0.0151097,0,0,0,0,0,0,0,0,0,0,0,0,0,0,0,0,0
61962,61983,61972,17.5,-104.861,40.2273,89.7586,-68.3748,407.756,4.42962,0.92151,60.5536,0.197134,0.000410924,0.65008,0.332599,0.377954,0.332599,0.347717,0.302363,0.24189,0.211654,0.211654,0.151181,0.120945,0.0755907,0.0151181,0.57449,0.196536,0.136063,0.0604726,0.0151181,0.0453544,0.0151181,0,0,0.0151181,0,0,0,0,0,0,0,0,0,0,0,0,0
61984,62007,61996,17.6,-104.861,40.2274,88.1671,-68.4443,409.709,4.25806,0.936724,67.469,0.21608,0.000453425,0.621283,0.409138,0.439444,0.469751,0.272759,0.287912,0.0909195,0.0454598,0.136379,0.196992,0.121226,0.106073,0.106073,0.393985,0.318218,0.0909195,0.0303065,0.0151533,0.0303065,0.0151533,0.0303065,0,0.0303065,0,0,0,0,0,0,0,0,0,0,0,0,0
62008,62031,62020,17.7,-104.862,40.2272,86.8004,-67.6343,413.169,3.74339,0.869455,64.2353,0.22164,0.000430017,0.357824,0.344061,0.399111,0.385349,0.289012,0.178912,0.151387,0.0825747,0.220199,0.123862,0.151387,0.0412874,0.0550498,0.495448,0.247724,0.0688123,0.0137625,0.0137625,0.0550498,0.0137625,0.0137625,0.0137625,0.0275249,0,0,0,0,0,0,0,0,0,0,0,0,0
62032,62054,62043,17.8,-104.862,40.2269,85.3555,-66.9123,416.612,3.58051,0.806379,54.6856,0.203449,0.000377628,0.501272,0.358051,0.243475,0.243475,0.200509,0.214831,0.114576,0.186187,0.157542,0.171865,0.100254,0.0859323,0.014322,0.544238,0.200509,0.0859323,0.0572882,0.0429661,0.0286441,0.014322,0,0,0.014322,0,0,0,0,0,0,0,0,0,0,0,0,0
62056,62077,62066,17.9,-104.863,40.227,83.9452,-66.9243,418.577,3.54642,0.759283,50.8678,0.200984,0.000344116,0.447028,0.417226,0.298019,0.283118,0.208613,0.238415,0.134108,0.134108,0.193712,0.104307,0.0596037,0.0745046,0.0298019,0.536433,0.134108,0.149009,0.0447028,0.0149009,0,0.0149009,0.0149009,0,0.0149009,0,0,0,0,0,0,0,0,0,0,0,0,0
62079,62099,62089,18,-104.864,40.2273,82.5657,-66.9033,420.605,3.85102,0.943002,67.1286,0.213558,0.000463602,0.462719,0.403013,0.388087,0.268676,0.164191,0.20897,0.179117,0.179117,0.0597057,0.0298528,0.164191,0.0597057,0.119411,0.522425,0.403013,0.0895585,0.0149264,0.0597057,0.0149264,0.0149264,0.0149264,0.0149264,0.0149264,0,0,0,0,0,0,0,0,0,0,0,0,0
62101,62120,62110,18.1,-104.865,40.2276,81.241,-66.679,423.012,3.33253,0.816564,58.2241,0.213911,0.000422733,0.406788,0.438079,0.265977,0.250331,0.21904,0.140811,0.0625828,0.140811,0.125166,0.10952,0.125166,0.140811,0.0156457,0.328559,0.265977,0.10952,0.10952,0.0312914,0,0.0156457,0.0156457,0.0156457,0,0,0,0,0,0,0,0,0,0,0,0,0,0
62122,62142,62132,18.2,-104.865,40.2279,79.872,-66.301,425.853,3.37708,0.890306,65.9277,0.222152,0.000482746,0.328327,0.469039,0.23452,0.187616,0.187616,0.23452,0.171981,0.171981,0.0781732,0.125077,0.0469039,0.0625386,0.0156346,0.469039,0.250154,0.20325,0,0.0312693,0.0312693,0.0469039,0.0156346,0.0156346,0,0,0,0,0,0,0,0,0,0,0,0,0,0
62143,62163,62153,18.3,-104.866,40.2279,78.5826,-66.1332,428.181,3.00097,0.82551,62.7629,0.228088,0.000427522,0.362754,0.263821,0.247332,0.148399,0.181377,0.131911,0.0659553,0.148399,0.0659553,0.0824441,0.0659553,0.0494665,0.0329776,0.676042,0.214355,0.131911,0.0329776,0.0164888,0.0329776,0,0,0.0164888,0.0329776,0,0,0,0,0,0,0,0,0,0,0,0,0
62164,62185,62174,18.4,-104.866,40.2277,77.3214,-66.1405,430.151,2.77497,0.933417,78.7343,0.253052,0.00056718,0.208869,0.208869,0.223788,0.119354,0.149192,0.149192,0.119354,0.0895153,0.0895153,0.0895153,0.0596768,0.0596768,0.0895153,0.522172,0.223788,0.164111,0.0447576,0.0447576,0.0149192,0.0298384,0.0298384,0,0.0447576,0,0,0,0,0,0,0,0,0,0,0,0,0
62186,62207,62196,18.5,-104.867,40.2274,76.0937,-65.1279,434.237,3.64418,1.05511,79.038,0.224729,0.000565333,0.262643,0.229813,0.229813,0.262643,0.262643,0.246228,0.131322,0.180567,0.114907,0.0820761,0.0820761,0.0492457,0.0984913,0.738685,0.279059,0.196983,0.0656609,0.0164152,0.0656609,0,0.0164152,0.0164152,0.0164152,0,0,0,0,0,0,0,0,0,0,0,0,0
62208,62229,62218,18.6,-104.87,40.2271,74.8542,-64.0616,438.516,3.34779,1.18782,100.687,0.254299,0.000745859,0.195017,0.292525,0.162514,0.308777,0.146263,0.178765,0.178765,0.11376,0.0487542,0.0975084,0.0975084,0.0162514,0.0975084,0.601302,0.276274,0.243771,0.11376,0.0162514,0.0325028,0.0325028,0.0487542,0.0162514,0.0325028,0,0,0,0,0,0,0,0,0,0,0,0,0
62230,62253,62242,18.7,-104.872,40.2271,73.6417,-63.8491,441.012,3.45054,1.07218,79.8803,0.223508,0.000599809,0.306714,0.293935,0.178917,0.230036,0.230036,0.178917,0.153357,0.0766786,0.140577,0.102238,0.0894584,0.0511191,0.0511191,0.460072,0.421732,0.319494,0.0766786,0.0255595,0.0127798,0.0255595,0.0127798,0,0.0127798,0,0,0,0,0,0,0,0,0,0,0,0,0
62254,62274,62264,18.8,-104.874,40.2274,72.4305,-64.4505,441.834,3.65927,1.26343,99.8946,0.237199,0.000752128,0.161655,0.264526,0.205742,0.161655,0.102871,0.205742,0.146959,0.176351,0.0881753,0.0881753,0.161655,0.102871,0.176351,0.764186,0.293918,0.24983,0.102871,0.0146959,0.117567,0.0293918,0.0146959,0.0293918,0,0,0,0,0,0,0,0,0,0,0,0,0,0
62276,62297,62286,18.9,-104.876,40.2279,71.2733,-64.6471,443.455,3.55002,1.18595,93.5067,0.236536,0.000668658,0.253573,0.186843,0.213535,0.13346,0.200189,0.0934217,0.186843,0.160151,0.120114,0.0667298,0.13346,0.13346,0.0800757,0.707336,0.453763,0.213535,0.0667298,0.0400379,0.0266919,0.013346,0.013346,0.013346,0.0400379,0,0,0,0,0,0,0,0,0,0,0,0,0
62300,62320,62310,19,-104.877,40.2281,70.074,-64.342,446.262,2.6555,0.794641,59.9549,0.226347,0.000424861,0.223621,0.0698817,0.125787,0.209645,0.195669,0.125787,0.167716,0.0978344,0.111811,0.0698817,0.111811,0.083858,0.0279527,0.447243,0.335432,0.111811,0.0139763,0.0559054,0.041929,0,0,0,0.0279527,0,0,0,0,0,0,0,0,0,0,0,0,0
62321,62343,62332,19.1,-104.879,40.2282,68.941,-63.717,449.688,2.97733,0.995931,78.0372,0.235068,0.00058493,0.264342,0.15304,0.236517,0.166953,0.15304,0.139127,0.0834765,0.0834765,0.111302,0.15304,0.0417382,0.0973892,0.0834765,0.389557,0.40347,0.194778,0.0834765,0.055651,0.0417382,0,0.0139127,0.0139127,0.0139127,0,0,0,0,0,0,0,0,0,0,0,0,0
62344,62365,62354,19.2,-104.88,40.2281,67.8858,-63.2405,452.702,3.1075,1.06919,82.7203,0.232101,0.00062891,0.233427,0.102124,0.248016,0.072946,0.116714,0.0875352,0.17507,0.131303,0.116714,0.102124,0.131303,0.0583568,0.102124,0.641925,0.36473,0.160481,0.072946,0.0583568,0.0583568,0.0437676,0.0291784,0,0,0,0,0,0,0,0,0,0,0,0,0,0,0
62366,62389,62378,19.3,-104.882,40.2277,66.8257,-63.0426,455.169,2.45679,0.77079,65.2881,0.254109,0.000474815,0.204733,0.168603,0.19269,0.19269,0.15656,0.240862,0.0361293,0.0843017,0.0843017,0.0481724,0.108388,0.0963448,0.0481724,0.325164,0.15656,0.120431,0.0240862,0.0481724,0.0361293,0.0240862,0,0.0481724,0.0120431,0,0,0,0,0,0,0,0,0,0,0,0,0
62390,62413,62402,19.4,-104.884,40.2268,65.751,-62.894,457.607,3.04829,0.822804,63.1373,0.230203,0.000432045,0.290973,0.263262,0.277118,0.180126,0.166271,0.193982,0.166271,0.166271,0.0969912,0.0554235,0.0692794,0.0969912,0.0415676,0.429532,0.304829,0.138559,0.0138559,0,0.0277118,0,0.0277118,0.0138559,0.0277118,0,0,0,0,0,0,0,0,0,0,0,0,0
62414,62436,62425,19.5,-104.886,40.226,64.6391,-62.3955,460.933,2.597,0.789592,59.5171,0.226131,0.000431449,0.21328,0.21328,0.150551,0.100367,0.175643,0.125459,0.125459,0.138005,0.112913,0.0501836,0.0501836,0.0752754,0.0501836,0.401469,0.313648,0.175643,0.0376377,0.0250918,0.0250918,0,0.0125459,0.0125459,0.0125459,0,0,0,0,0,0,0,0,0,0,0,0,0
62437,62460,62448,19.6,-104.889,40.2256,63.601,-62.0838,463.755,2.69998,0.880296,69.1625,0.235702,0.00051571,0.222814,0.11796,0.144173,0.11796,0.15728,0.131067,0.131067,0.170387,0.0917467,0.131067,0.03932,0.0524267,0.0655334,0.524267,0.249027,0.15728,0.0524267,0.0524267,0,0.0524267,0.0131067,0.0262134,0,0,0,0,0,0,0,0,0,0,0,0,0,0
62462,62485,62474,19.7,-104.892,40.2254,62.5653,-62.2526,465.562,2.67372,0.923733,69.8018,0.226695,0.000533856,0.203435,0.174373,0.174373,0.116249,0.13078,0.101718,0.0726554,0.116249,0,0.101718,0.0871865,0.0726554,0.0290622,0.53765,0.348746,0.188904,0.101718,0.0581243,0.0435932,0,0,0.0145311,0,0,0,0,0,0,0,0,0,0,0,0,0,0
62485,62506,62496,19.8,-104.894,40.2256,61.6042,-62.5884,466.879,2.85197,0.810546,61.2371,0.226651,0.000439445,0.231632,0.14477,0.159247,0.159247,0.231632,0.246109,0.217155,0.101339,0.0868621,0.043431,0.159247,0.043431,0.014477,0.492218,0.217155,0.14477,0.0579081,0.028954,0.014477,0.014477,0,0.043431,0,0,0,0,0,0,0,0,0,0,0,0,0,0
62507,62528,62518,19.9,-104.896,40.2257,60.6642,-62.6668,468.762,2.64752,0.701393,49.8012,0.21301,0.000346519,0.247296,0.174562,0.218202,0.189109,0.189109,0.160015,0.116375,0.0581873,0.0727341,0.0581873,0.0727341,0.0581873,0.0727341,0.480045,0.27639,0.0872809,0.0581873,0.0145468,0,0.0145468,0.0145468,0,0.0145468,0,0,0,0,0,0,0,0,0,0,0,0,0
62529,62551,62540,20,-104.898,40.2261,59.6915,-62.3425,471.655,2.63329,0.759171,53.0689,0.209711,0.000379727,0.22059,0.124082,0.193016,0.124082,0.137869,0.0827211,0.0551474,0.0551474,0.0551474,0.0827211,0.096508,0.193016,0.0689343,0.661769,0.26195,0.0827211,0.0275737,0.0275737,0.0551474,0.0137869,0.0137869,0,0,0,0,0,0,0,0,0,0,0,0,0,0,0
62552,62574,62563,20.1,-104.9,40.2266,58.7132,-62.2047,474.198,2.61221,0.888378,72.1219,0.243552,0.000525427,0.217684,0.159635,0.116098,0.145123,0.0725615,0.203172,0.101586,0.130611,0.0435369,0.0580492,0.0290246,0.101586,0.0435369,0.595004,0.275734,0.130611,0.0145123,0.0435369,0.0580492,0,0.0435369,0.0145123,0.0145123,0,0,0,0,0,0,0,0,0,0,0,0,0
62575,62595,62585,20.2,-104.902,40.2267,57.7816,-62.8995,474.802,3.09006,0.980242,73.157,0.223895,0.000529085,0.189485,0.320667,0.218636,0.116606,0.160333,0.058303,0.131182,0.116606,0.0874545,0.0874545,0.0728788,0.0874545,0.0291515,0.626758,0.437273,0.233212,0,0.058303,0,0.0145758,0.0145758,0.0145758,0.0145758,0,0,0,0,0,0,0,0,0,0,0,0,0
62596,62619,62608,20.3,-104.903,40.2265,56.8245,-63.421,475.893,3.2256,0.997588,75.1669,0.226046,0.000548526,0.276875,0.207656,0.138438,0.2215,0.193813,0.124594,0.0830625,0.0692188,0.11075,0.0692188,0.138438,0.138438,0.0830625,0.719875,0.276875,0.152281,0.0969063,0.0138438,0.055375,0.0138438,0.0138438,0.0276875,0,0,0,0,0,0,0,0,0,0,0,0,0,0
62620,62643,62632,20.4,-104.904,40.2262,55.8959,-62.5641,480.091,2.79741,0.883456,63.3954,0.215275,0.000470265,0.213255,0.100355,0.163078,0.150533,0.087811,0.163078,0.1129,0.175622,0.100355,0.0627221,0.0752666,0.100355,0.0501777,0.514322,0.363788,0.238344,0.0501777,0.0125444,0.0501777,0,0,0.0125444,0,0,0,0,0,0,0,0,0,0,0,0,0,0
62643,62664,62654,20.5,-104.907,40.2262,54.99,-61.0311,485.851,2.87197,0.92476,67.2195,0.218066,0.000503445,0.129888,0.14432,0.187616,0.173184,0.129888,0.173184,0.0865921,0.0865921,0.129888,0.0577281,0.129888,0.0721601,0.014432,0.663873,0.303073,0.21648,0.0577281,0.0721601,0.028864,0,0,0.014432,0,0,0,0,0,0,0,0,0,0,0,0,0,0
62665,62686,62676,20.6,-104.909,40.2265,54.1071,-60.2414,489.918,2.64807,0.849653,60.4053,0.213282,0.000436296,0.194711,0.103846,0.181731,0.103846,0.0778845,0.103846,0.0389423,0.0908653,0.116827,0.0908653,0.103846,0.0649038,0.0908653,0.571153,0.415384,0.207692,0.0259615,0.0259615,0.0129808,0.0129808,0,0,0.0129808,0,0,0,0,0,0,0,0,0,0,0,0,0
62687,62710,62698,20.7,-104.91,40.2264,53.249,-59.8643,493.029,2.4845,0.740853,54.3434,0.220058,0.000394288,0.117071,0.221134,0.169102,0.156095,0.130079,0.104063,0.195118,0.0260158,0.0650394,0.0780473,0.0390236,0.117071,0.0650394,0.442268,0.338205,0.0910551,0.0130079,0.0130079,0.0650394,0.0260158,0,0.0130079,0,0,0,0,0,0,0,0,0,0,0,0,0,0
62712,62733,62722,20.8,-104.912,40.2264,52.3895,-59.8574,495.347,2.86745,0.97355,76.1082,0.234528,0.000554407,0.243734,0.114698,0.172047,0.129035,0.129035,0.0860236,0.100361,0.114698,0.100361,0.0716864,0.0860236,0.100361,0.0430118,0.673852,0.358432,0.15771,0.0430118,0.0286745,0.0430118,0.0143373,0.0143373,0.0430118,0,0,0,0,0,0,0,0,0,0,0,0,0,0
62734,62756,62745,20.9,-104.913,40.2265,51.5833,-60.2276,496.683,2.86061,0.795848,51.9029,0.195651,0.000370534,0.221047,0.182039,0.130028,0.169036,0.117025,0.143031,0.0780167,0.0910195,0.0910195,0.104022,0.0520111,0.0910195,0.130028,0.70215,0.273058,0.195042,0.0520111,0.0130028,0.0260056,0,0,0,0,0,0,0,0,0,0,0,0,0,0,0,0,0
62757,62777,62767,21,-104.914,40.2263,50.7826,-59.9363,499.591,2.79139,0.73339,45.5508,0.18633,0.000307513,0.215829,0.187052,0.230217,0.10072,0.115109,0.10072,0.158274,0.0719429,0.0287772,0.0719429,0.0863315,0.0719429,0.10072,0.690652,0.388492,0.143886,0.0143886,0,0,0,0.0143886,0,0,0,0,0,0,0,0,0,0,0,0,0,0,0
62781,62802,62792,21.1,-104.916,40.2259,49.9789,-59.3721,503.199,2.67215,0.808788,60.2426,0.223455,0.00044778,0.342949,0.214343,0.157185,0.142896,0.142896,0.100027,0.0857374,0.0857374,0.0285791,0.0714478,0.0714478,0.0285791,0.0571582,0.571582,0.271502,0.142896,0.0285791,0.0285791,0.0571582,0.0142896,0.0285791,0,0,0,0,0,0,0,0,0,0,0,0,0,0,0
62802,62823,62812,21.2,-104.918,40.2257,49.1663,-59.6774,504.838,1.99722,0.60476,39.9285,0.198071,0.000289336,0.143685,0.0574739,0.100579,0.028737,0.129316,0.0718424,0.0718424,0.0574739,0.0718424,0.100579,0.0718424,0.0574739,0.0431055,0.517265,0.258633,0.129316,0.0718424,0.0143685,0,0,0,0,0,0,0,0,0,0,0,0,0,0,0,0,0,0
62824,62846,62835,21.3,-104.92,40.2255,48.4195,-59.7105,506.972,2.59696,0.815788,59.6727,0.219442,0.000437604,0.151279,0.163886,0.138673,0.113459,0.126066,0.100853,0.0756397,0.113459,0.100853,0.0882463,0.063033,0.0882463,0.0756397,0.66815,0.176493,0.176493,0.113459,0.0378198,0,0,0.0126066,0,0.0126066,0,0,0,0,0,0,0,0,0,0,0,0,0
62848,62870,62859,21.4,-104.922,40.2254,47.6632,-59.2316,510.402,2.61951,0.806705,55.4549,0.206227,0.000401206,0.208518,0.182453,0.104259,0.104259,0.0781943,0.130324,0.0781943,0.0781943,0.0651619,0.0651619,0.0521295,0.0130324,0.0781943,0.794975,0.32581,0.156389,0.0390971,0.0130324,0.0130324,0.0390971,0,0,0,0,0,0,0,0,0,0,0,0,0,0,0,0
62870,62894,62882,21.5,-104.924,40.2256,46.9157,-59.1676,512.862,2.18372,0.763,54.9986,0.216246,0.000415114,0.117404,0.187847,0.0352213,0.0939235,0.105664,0.0704426,0.0704426,0.0587022,0.0469618,0.0469618,0.0704426,0.0821831,0.0234809,0.493098,0.363954,0.199587,0.0704426,0.0117404,0.0234809,0,0.0117404,0,0,0,0,0,0,0,0,0,0,0,0,0,0,0
62894,62915,62904,21.6,-104.925,40.2258,46.1937,-59.2779,514.879,2.67745,0.700234,41.76,0.178912,0.000278153,0.155968,0.116976,0.168966,0.129974,0.103979,0.116976,0.103979,0.129974,0.0779841,0.0909815,0.0779841,0.0779841,0.0909815,0.701857,0.376923,0.129974,0.0259947,0,0,0,0,0,0,0,0,0,0,0,0,0,0,0,0,0,0,0
62916,62936,62926,21.7,-104.927,40.226,45.4794,-58.6553,518.678,1.95171,0.59697,41.4191,0.208146,0.000299884,0.1012,0.0289142,0.0722856,0.0722856,0.1012,0.144571,0.0722856,0.0722856,0.0578284,0.0433713,0.130114,0.0433713,0.173485,0.390342,0.231314,0.130114,0.0578284,0,0,0.0144571,0.0144571,0,0,0,0,0,0,0,0,0,0,0,0,0,0,0
