data/B2SAP/Locations/Boulder/NOAA-POPS-B2SAP_GMLBalloon_20220928_R0.ict
61,1001
Thornberry, T. D.
NOAA Chemical Sciences Laboratory
Portable Optical Particle Spectrometer (POPS)
Balloon Baseline Stratospheric Aerosol Profiles (B2SAP)
1,1
2022,09,28,2024,05,28
0
TIME_START,s,Seconds since midnight UTC on flight start day,Start time of 100 m altitude bin in UTC_seconds_since_midnight
28
1.0,1.0,1.0,1.0,1.0,1.0,1.0,1.0,1.0,1.0,1.0,1.0,1.0,1.0,1.0,1.0,1.0,1.0,1.0,1.0,1.0,1.0,1.0,1.0,1.0,1.0,1.0,1.0
99999,99999,99999,99999,99999,99999,99999,99999,99999,99999,99999,99999,99999,99999,99999,99999,99999,99999,99999,99999,99999,99999,99999,99999,99999,99999,99999,99999
TIME_STOP,s,End time of 100 m altitude bin in UTC seconds since midnight,
TIME_MID,s,Mid time of 100 m altitude in UTC seconds since midnight,
GPSAlt,m,GPS reported altitude above sea level (m),
GPS_Lon,deg,GPS reported longitude,
GPS_Lat,deg,GPS reported latitude,
iMet_Pressure,mb,Pressure reported (mB),
iMet_Temperature,degrees C,Ambient temperature (oC),
THETA,K,Potential temperature from iMet,
Aerosol_concentration,cm^-3,Aerosol concentration,
Surface_Area_Conc,um^2 cm^-3,Surface area concentration,
Volume_density,um^3 cm^-3,Volume density,
Effective_radius,um,Effective radius,
Extinction,km^-1,Extinction,
Bin01,cm^-3,particle concentration in size range [140 - 170 nm],
Bin02,cm^-3,particle concentration in size range [170 - 205 nm],
Bin03,cm^-3,particle concentration in size range [205 - 249 nm],
Bin04,cm^-3,particle concentration in size range [249 - 302 nm],
Bin05,cm^-3,particle concentration in size range [302 - 366 nm],
Bin06,cm^-3,particle concentration in size range [366 - 443 nm],
Bin07,cm^-3,particle concentration in size range [443 - 537 nm],
Bin08,cm^-3,particle concentration in size range [537 - 651 nm],
Bin09,cm^-3,particle concentration in size range [651 - 789 nm],
Bin10,cm^-3,particle concentration in size range [789 - 956 nm],
Bin11,cm^-3,particle concentration in size range [956 - 1159 nm],
Bin12,cm^-3,particle concentration in size range [1159 - 1404 nm],
Bin13,cm^-3,particle concentration in size range [1404 - 1702 nm],
Bin14,cm^-3,particle concentration in size range [1702 - 2062 nm],
Bin15,cm^-3,particle concentration in size range [2062 - 2500 nm],
0
19
PI_CONTACT_INFO: 325 Broadway R/CSL6, Boulder, CO 80305; troy.thornberry@noaa.gov; 303-497-3373 
PLATFORM: GML ECC/FPH balloon
LOCATION: Boulder, CO, USA
ASSOCIATED_DATA: N/A
INSTRUMENT_INFO: Printed Optical Particle Spectrometer counts particles from 140 - 2500 nm in diameter 
DATA_INFO: Particle concentrations reported in number per cubic centimeter, binned to 100 m altitude
UNCERTAINTY: Counting uncertainty dominated by air flow, less than 5 percent
ULOD_FLAG: -77777
ULOD_VALUE: 3000 ~3000 per cm3 (varies depending on flow rate- manufacturer quotes 1250  per cm3 at 1.667 cc/s)
LLOD_FLAG: -88888
LLOD_VALUE: 0 0 (varies depending on data field and measurement precision)
DM_CONTACT_INFO: Troy Thornberry, 325 Broadway R/CSL6, Boulder, CO 80305; troy.thornberry@noaa.gov; 303-497-3373
PROJECT_INFO: B2SAP Boulder, CO, USA
STIPULATIONS_ON_USE: Please contact the PIs for questions regarding applications and uncertainties
OTHER_COMMENTS: POPS bin Edges (nm):  140, 170, 205, 249, 302, 366, 443, 537, 651, 789, 956, 1159, 1404, 1702, 2062, 2500
Calculations assume sulfate refractive index of 1.45+0.00j and extinction wavelength = 532 nm
REVISION: R0
R0: QA/QC data
TIME_START,TIME_STOP,TIME_MID,GPSAlt,GPS_Lon,GPS_Lat,iMet_Pressure,iMet_Temperature,THETA,Aerosol_concentration,Surface_Area_Conc,Volume_density,Effective_radius,Extinction,Bin01,Bin02,Bin03,Bin04,Bin05,Bin06,Bin07,Bin08,Bin09,Bin10,Bin11,Bin12,Bin13,Bin14,Bin15
[from data line 469]
70581,70609,70595,5.4,-104.682,39.6118,530.908,-9.30294,316.164,368.698,48.101,2057.55,0.128327,0.00933161,166,99.6993,53.7522,21.82,16.8178,5.23939,4.42006,0.711522,0.129368,0.0646838,0,0.0215613,0.0215613,0,0
70616,70647,70632,5.3,-104.678,39.6113,538.868,-8.459,315.833,375.218,49.6321,2265.17,0.136918,0.00962366,166.231,101.978,55.3799,23.3265,17.783,5.74472,3.78713,0.676926,0.128067,0.0365906,0.0548859,0.0182953,0.0548859,0,0.0182953
70648,70676,70662,5.2,-104.675,39.611,545.466,-7.65682,315.692,343.107,45.2968,2055.36,0.136126,0.00899568,154.807,91.4633,50.4375,20.8014,15.4609,5.02727,4.36796,0.412071,0.164829,0.0659314,0.0494486,0.0164829,0.0164829,0,0.0164829
70679,70699,70689,5.1,-104.673,39.6109,552.801,-6.754,315.561,361.054,46.3805,2110.5,0.136512,0.00857303,161.754,102.257,52.8461,20.3929,15.1302,4.0932,3.80083,0.51165,0.0974571,0.0243643,0.0487286,0.0243643,0.0487286,0,0.0243643
70701,70722,70712,5,-104.671,39.6109,559.207,-5.89286,315.54,340.923,43.9856,2036.16,0.138874,0.00833148,155.167,94.117,48.3754,19.4806,15.3341,4.45941,3.15549,0.547647,0.15647,0.0521568,0.0260784,0,0,0.0260784,0.0260784
70724,70741,70732,4.9,-104.67,39.6109,565.448,-5.04833,315.53,331.252,42.5102,2139.78,0.151007,0.00803823,156.314,88.3615,47.7807,18.2673,12.4956,4.2842,2.97514,0.476022,0,0.119005,0,0.0595027,0.0595027,0,0.0595027
70744,70763,70754,4.8,-104.668,39.6109,574.149,-3.94143,315.458,316.988,40.7262,1774.55,0.130718,0.00780477,145.912,87.5057,44.1671,18.0189,12.5822,4.55651,3.41738,0.466007,0.155336,0.103557,0.0517785,0.0517785,0,0,0
70764,70787,70776,4.7,-104.666,39.6109,581.706,-2.85545,315.551,328.148,42.2525,2080.51,0.14772,0.00793733,149.684,92.0275,46.4084,18.024,13.8798,4.44021,3.0917,0.361795,0.0986713,0.0328904,0,0.0328904,0,0,0.0657809
70788,70805,70796,4.6,-104.665,39.6107,588.389,-1.987,315.526,345.134,44.8162,2070.19,0.138579,0.00867155,157.007,93.145,51.219,19.7744,14.8398,4.39431,3.85403,0.648341,0.144076,0.036019,0.036019,0,0,0,0.036019
70806,70820,70813,4.5,-104.664,39.6107,595.498,-1.08778,315.492,335.061,43.7407,2251.72,0.154437,0.00848715,151.995,94.478,47.4366,18.6979,13.4404,4.82272,3.59728,0.316244,0.118592,0,0,0.0790611,0,0,0.0790611
70821,70834,70828,4.4,-104.663,39.6104,602.915,-0.11,315.511,335.004,43.3181,2220.71,0.153796,0.00823671,153.757,93.7245,47.1499,18.2846,13.8413,4.69901,2.87694,0.383593,0.0958981,0.031966,0.031966,0.031966,0,0.031966,0.0639321
70837,70847,70842,4.3,-104.662,39.6102,609.972,0.756667,315.461,339.042,43.1697,1810.76,0.125836,0.00813801,152.625,95.9907,48.9031,19.2099,13.8803,3.8654,3.63113,0.585666,0.1757,0.1757,0,0,0,0,0
70848,70863,70856,4.2,-104.661,39.6099,617.656,1.765,315.488,339.082,42.917,1802.56,0.126003,0.00763388,155.115,92.6776,49.5229,19.1759,14.3375,4.19806,3.66441,0.177884,0.0711536,0.0711536,0,0.0355768,0.0355768,0,0
70864,70876,70870,4.1,-104.66,39.6097,624.513,2.60857,315.462,333.858,43.0617,2076.58,0.14467,0.00826335,153.899,92.3898,46.5464,18.7792,14.461,3.56504,3.31398,0.702966,0,0.0502118,0.0502118,0,0,0.100424,0
70881,70891,70886,4,-104.659,39.6095,633.331,3.67375,315.418,342.484,44.0235,2082.85,0.141936,0.00815784,156.005,93.9482,51.1156,18.8251,14.1299,4.6509,3.01201,0.575826,0.0442943,0.0442943,0,0.0885886,0,0,0.0442943
70893,70903,70898,3.9,-104.658,39.6093,640.961,4.62571,315.413,335.851,44.4901,2180.5,0.147033,0.0086557,149.069,92.3996,50.3166,19.6184,14.4851,5.64156,3.76104,0.355774,0.0508249,0,0,0.0508249,0.0508249,0,0.0508249
70904,70915,70910,3.8,-104.657,39.609,648.511,5.54143,315.399,348.027,44.7575,1923.19,0.128908,0.00821045,156.196,98.3751,48.0331,20.729,15.7601,4.71799,3.61378,0.401531,0,0.100383,0,0.0501914,0.0501914,0,0
70917,70930,70924,3.7,-104.657,39.6086,656.561,6.52778,315.405,337.578,43.6157,1986.96,0.136668,0.00819964,153.218,94.9512,47.378,18.1863,14.6739,5.15148,3.35627,0.42929,0.0390264,0.0390264,0.0390264,0.0390264,0.0390264,0.0390264,0
70930,70945,70938,3.6,-104.656,39.6081,665.247,7.58182,315.406,336.562,43.1918,1820.96,0.126479,0.00807324,153.107,91.7435,48.1527,19.6729,15.2061,4.3084,3.51641,0.633588,0.126718,0.0633588,0,0,0.0316794,0,0
70946,70958,70952,3.5,-104.655,39.6077,673.259,8.51556,315.37,339.41,45.0556,2131.99,0.141958,0.00906638,152.372,94.8511,46.557,20.1901,15.905,4.59393,3.93765,0.579067,0.193022,0.0386044,0,0.0772089,0.0772089,0.0386044,0
70959,70972,70966,3.4,-104.655,39.6072,680.968,9.39,315.325,316.439,41.4465,1857.83,0.134474,0.00819937,145.147,86.9083,42.3994,18.8134,13.6605,5.04919,3.52752,0.622503,0.069167,0.10375,0,0.10375,0.0345835,0,0
70974,70988,70981,3.3,-104.654,39.6066,689.681,10.403,315.311,295.8,38.161,1706.79,0.134178,0.00727757,136.43,80.3748,41.6707,15.9025,13.2808,4.31195,3.31158,0.275965,0.137982,0.0344956,0,0,0.0344956,0.0344956,0
70990,71004,70997,3.2,-104.653,39.6063,698.001,11.391,315.324,288.745,36.7709,1568.21,0.127944,0.0067952,133.357,81.0332,38.2446,15.9381,12.0827,4.64719,2.85716,0.37866,0.103271,0.0344236,0,0.0344236,0.0344236,0,0
71005,71023,71014,3.1,-104.653,39.6059,706.586,12.3491,315.281,294.801,39.1343,1798.01,0.137834,0.00805285,136.632,78.0216,40.2924,17.5361,13.1599,4.53251,3.46971,0.750208,0.250069,0,0.0312587,0.0312587,0.093776,0,0
71026,71035,71030,3,-104.652,39.6055,714.042,13.204,315.28,277.344,36.4591,1877.56,0.154493,0.00747632,127.244,76.7558,39.2307,14.3277,12.2809,3.4796,2.93378,0.886956,0.136455,0,0,0,0,0,0.0682274
71054,71057,71056,2.9,-104.652,39.6049,726.22,14.53,315.217,245.749,36.7058,3317.99,0.271182,0.00965796,114.415,68.0124,33.1686,11.8938,10.2186,4.52299,2.84781,0,0.167518,0.167518,0,0,0,0,0.335037
71066,71069,71068,2.8,-104.652,39.6046,731.4,15.17,315.274,243.752,31.8325,1500.23,0.141386,0.00623634,115.077,65.4424,31.6163,14.2783,10.5388,4.07952,1.86978,0.50994,0,0.16998,0,0,0.16998,0,0
