data/B2SAP/Locations/Boulder/NOAA-POPS-B2SAP_GMLBalloon_20201201_R0.ict
61,1001
Thornberry, T. D.
NOAA Chemical Sciences Laboratory
Portable Optical Particle Spectrometer (POPS)
Balloon Baseline Stratospheric Aerosol Profiles (B2SAP)
1,1
2020,12,01,2024,05,30
0
TIME_START,s,Seconds since midnight UTC on flight start day,Start time of 100 m altitude bin in UTC_seconds_since_midnight
28
1.0,1.0,1.0,1.0,1.0,1.0,1.0,1.0,1.0,1.0,1.0,1.0,1.0,1.0,1.0,1.0,1.0,1.0,1.0,1.0,1.0,1.0,1.0,1.0,1.0,1.0,1.0,1.0
99999,99999,99999,99999,99999,99999,99999,99999,99999,99999,99999,99999,99999,99999,99999,99999,99999,99999,99999,99999,99999,99999,99999,99999,99999,99999,99999,99999
TIME_STOP,s,End time of 100 m altitude bin in UTC seconds since midnight,
TIME_MID,s,Mid time of 100 m altitude in UTC seconds since midnight,
GPSAlt,m,GPS reported altitude above sea level (m),
GPS_Lon,deg,GPS reported longitude,
GPS_Lat,deg,GPS reported latitude,
iMet_Pressure,mb,Pressure reported (mB),
iMet_Temperature,degrees C,Ambient temperature (oC),
THETA,K,Potential temperature from iMet,
Aerosol_concentration,cm^-3,Aerosol concentration,
Surface_Area_Conc,um^2 cm^-3,Surface area concentration,
Volume_density,um^3 cm^-3,Volume density,
Effective_radius,um,Effective radius,
Extinction,km^-1,Extinction,
Bin01,cm^-3,particle concentration in size range [140 - 170 nm],
Bin02,cm^-3,particle concentration in size range [170 - 205 nm],
Bin03,cm^-3,particle concentration in size range [205 - 249 nm],
Bin04,cm^-3,particle concentration in size range [249 - 302 nm],
Bin05,cm^-3,particle concentration in size range [302 - 366 nm],
Bin06,cm^-3,particle concentration in size range [366 - 443 nm],
Bin07,cm^-3,particle concentration in size range [443 - 537 nm],
Bin08,cm^-3,particle concentration in size range [537 - 651 nm],
Bin09,cm^-3,particle concentration in size range [651 - 789 nm],
Bin10,cm^-3,particle concentration in size range [789 - 956 nm],
Bin11,cm^-3,particle concentration in size range [956 - 1159 nm],
Bin12,cm^-3,particle concentration in size range [1159 - 1404 nm],
Bin13,cm^-3,particle concentration in size range [1404 - 1702 nm],
Bin14,cm^-3,particle concentration in size range [1702 - 2062 nm],
Bin15,cm^-3,particle concentration in size range [2062 - 2500 nm],
0
19
PI_CONTACT_INFO: 325 Broadway R/CSL6, Boulder, CO 80305; troy.thornberry@noaa.gov; 303-497-3373 
PLATFORM: GML ECC/FPH balloon
LOCATION: Boulder, CO, USA
ASSOCIATED_DATA: N/A
INSTRUMENT_INFO: Printed Optical Particle Spectrometer counts particles from 140 - 2500 nm in diameter 
DATA_INFO: Particle concentrations reported in number per cubic centimeter, binned to 100 m altitude
UNCERTAINTY: Counting uncertainty dominated by air flow, less than 5 percent
ULOD_FLAG: -77777
ULOD_VALUE: 3000 ~3000 per cm3 (varies depending on flow rate- manufacturer quotes 1250  per cm3 at 1.667 cc/s)
LLOD_FLAG: -88888
LLOD_VALUE: 0 0 (varies depending on data field and measurement precision)
DM_CONTACT_INFO: Troy Thornberry, 325 Broadway R/CSL6, Boulder, CO 80305; troy.thornberry@noaa.gov; 303-497-3373
PROJECT_INFO: B2SAP Boulder, CO, USA
STIPULATIONS_ON_USE: Please contact the PIs for questions regarding applications and uncertainties
OTHER_COMMENTS: POPS bin Edges (nm):  140, 170, 205, 249, 302, 366, 443, 537, 651, 789, 956, 1159, 1404, 1702, 2062, 2500
Calculations assume sulfate refractive index of 1.45+0.00j and extinction wavelength = 532 nm
REVISION: R0
R0: QA/QC data
TIME_START,TIME_STOP,TIME_MID,GPSAlt,GPS_Lon,GPS_Lat,iMet_Pressure,iMet_Temperature,THETA,Aerosol_concentration,Surface_Area_Conc,Volume_density,Effective_radius,Extinction,Bin01,Bin02,Bin03,Bin04,Bin05,Bin06,Bin07,Bin08,Bin09,Bin10,Bin11,Bin12,Bin13,Bin14,Bin15
[from data line 145]
63216,63235,63226,16.2,-104.933,39.8852,99.1712,-50.0018,431.857,9.39416,2.10997,128.387,0.182544,0.000886064,2.76405,2.07755,1.69817,0.614233,0.867153,0.560036,0.578102,0.180657,0.0541971,0,0,0,0,0,0
63236,63257,63246,16.3,-104.932,39.8835,97.7063,-50.54,432.652,9.72153,2.21472,137.343,0.18604,0.000959049,2.90613,2.08002,1.57846,1.00313,0.796605,0.486814,0.486814,0.339295,0.0442558,0,0,0,0,0,0
63259,63277,63268,16.4,-104.93,39.8817,96.2526,-51.2884,433.052,9.52336,2.19678,137.824,0.188218,0.000984761,2.98428,2.19432,1.33122,0.863101,0.702183,0.453493,0.599782,0.380349,0.0146288,0,0,0,0,0,0
63278,63298,63288,16.5,-104.928,39.8799,94.7074,-51.9042,433.846,9.58807,2.24423,144.035,0.19254,0.00103815,2.92594,2.37076,1.27541,0.840269,0.765245,0.345111,0.660212,0.345111,0.0600192,0,0,0,0,0,0
63299,63320,63310,16.6,-104.926,39.8782,93.304,-52.726,434.084,9.85707,2.26839,147.831,0.195511,0.00100238,3.08742,2.06772,1.52955,0.92056,0.963047,0.439036,0.509848,0.269087,0.0141625,0.0566498,0,0,0,0,0
63321,63344,63332,16.7,-104.924,39.8761,91.7696,-53.8026,434.019,9.2137,2.07414,132.615,0.191812,0.000911119,2.7225,2.16373,1.50986,0.903537,0.760873,0.368548,0.427991,0.273439,0.0594432,0.0237773,0,0,0,0,0
63345,63371,63358,16.8,-104.921,39.8738,90.3188,-54.734,434.142,9.38226,2.31829,173.586,0.22463,0.00114119,3.09615,2.11101,1.45425,0.691942,0.680214,0.387018,0.551208,0.246284,0.070367,0.0820948,0,0,0.0117278,0,0
63372,63394,63383,16.9,-104.918,39.8715,89.0105,-55.4782,434.471,9.63194,2.32671,167.75,0.216293,0.00104761,2.93691,2.21312,1.48933,0.82122,0.807301,0.473246,0.556759,0.208785,0.0695949,0.027838,0.013919,0.013919,0,0,0
63395,63421,63408,17,-104.915,39.8699,87.4252,-55.6352,436.398,11.5189,2.6444,194.242,0.220362,0.00121082,3.69133,3.06512,1.79623,0.906353,0.642686,0.329583,0.609728,0.362541,0.0164791,0.0659166,0.0329583,0,0,0,0
63422,63450,63436,17.1,-104.912,39.8678,86.0131,-55.8096,438.074,9.67317,2.26,148.88,0.197628,0.00104657,3.05333,2.18095,1.52667,0.769748,0.756919,0.346387,0.692773,0.269412,0.0384874,0.0384874,0,0,0,0,0
63451,63475,63463,17.2,-104.909,39.8654,84.6287,-56.3329,439.058,7.5718,1.75276,120.002,0.205394,0.000840383,2.48466,1.92776,1.03885,0.556908,0.546198,0.267744,0.42839,0.214195,0.0642586,0.042839,0,0,0,0,0
63476,63499,63488,17.3,-104.908,39.8634,83.41,-56.6225,440.291,9.13656,2.0389,138.229,0.203388,0.00088833,2.9178,2.34308,1.23786,0.898919,0.559983,0.383146,0.515773,0.191573,0.0442091,0.0294728,0.0147364,0,0,0,0
63500,63520,63510,17.4,-104.907,39.8613,82.1363,-57.2937,440.853,7.87221,1.65006,110.613,0.201108,0.000667884,2.7043,1.75567,1.33091,0.707932,0.608822,0.21238,0.325649,0.155745,0.0283173,0.0283173,0,0.0141586,0,0,0
63522,63542,63532,17.5,-104.905,39.8592,80.798,-58.1045,441.272,9.45819,2.37037,178.221,0.22556,0.00110765,2.66474,2.28642,1.66135,0.756656,0.67441,0.575716,0.378328,0.312532,0.0822452,0.0328981,0.016449,0.016449,0,0,0
63543,63563,63553,17.6,-104.904,39.8572,79.4825,-57.948,443.668,8.13785,2.07736,145.93,0.210743,0.000979436,2.13692,1.81492,1.37582,0.805003,0.717185,0.395183,0.57082,0.20491,0.0878185,0.0146364,0.0146364,0,0,0,0
63564,63585,63574,17.7,-104.904,39.8548,78.1909,-56.4005,448.947,6.8613,1.68137,112.702,0.201089,0.000785048,1.96911,1.52881,1.10074,0.562602,0.599293,0.415836,0.440297,0.171227,0.0366914,0.0366914,0,0,0,0,0
63586,63610,63598,17.8,-104.904,39.8521,76.9757,-56.8904,449.953,6.84166,1.59615,102.692,0.193011,0.000726309,2.11766,1.51619,1.0275,0.639056,0.563873,0.263141,0.438568,0.23808,0.025061,0.0125305,0,0,0,0,0
63611,63635,63623,17.9,-104.904,39.8491,75.7052,-57.5372,450.738,7.36662,1.80601,127.123,0.211167,0.000830981,2.07302,1.76453,1.08587,0.678667,0.740364,0.333164,0.394861,0.20977,0.0370182,0.0370182,0.0123394,0,0,0,0
63636,63662,63649,18,-104.904,39.8461,74.5096,-58.0542,451.706,6.80789,1.78425,135.01,0.227002,0.000854984,2.02653,1.4038,1.05549,0.622737,0.601627,0.422195,0.358865,0.200542,0.0633292,0.0316646,0,0.0211097,0,0,0
63663,63691,63677,18.1,-104.905,39.8428,73.2415,-58.6933,452.584,7.28056,1.77894,114.998,0.193932,0.000812574,2.0467,1.53757,1.15063,0.722965,0.631321,0.458217,0.458217,0.213835,0.050913,0.0101826,0,0,0,0,0
63692,63718,63705,18.2,-104.905,39.8397,72.0908,-59.146,453.67,7.37884,2.03995,158.018,0.232384,0.0010491,2.14617,1.58197,1.08415,0.619513,0.652701,0.475697,0.398258,0.221255,0.154878,0.0221255,0.0110627,0.0110627,0,0,0
63719,63746,63732,18.3,-104.905,39.8365,70.9174,-58.4541,457.284,6.4786,1.81007,181.828,0.30136,0.000829521,1.94915,1.52219,0.835349,0.44552,0.649716,0.343421,0.556899,0.120662,0.00928166,0,0,0.0371266,0,0,0.00928166
63747,63771,63759,18.4,-104.905,39.834,69.7812,-58.1004,460.152,6.77598,1.87067,137.918,0.22118,0.000952789,1.92336,1.3154,1.03906,0.630067,0.685336,0.243184,0.585851,0.265291,0.0442152,0.0331614,0,0.0110538,0,0,0
63772,63798,63785,18.5,-104.905,39.8316,68.6754,-58.6577,461.053,6.28439,1.74781,129.449,0.22219,0.000875483,1.53641,1.46702,0.812808,0.683948,0.644299,0.426229,0.416316,0.188334,0.0495615,0.0495615,0.00991229,0,0,0,0
63799,63822,63810,18.6,-104.905,39.8296,67.5655,-58.5914,463.359,5.58818,1.57477,104.409,0.198904,0.000755972,1.12445,1.10173,0.988153,0.488398,0.704201,0.465681,0.47704,0.215804,0.0113581,0.0113581,0,0,0,0,0
63824,63846,63835,18.7,-104.904,39.8278,66.5127,-57.9518,466.823,5.43453,1.51558,110.684,0.219093,0.000768671,1.55927,0.928685,0.882824,0.493006,0.561797,0.321027,0.389818,0.194909,0.091722,0,0.0114652,0,0,0,0
63847,63865,63856,18.8,-104.904,39.8262,65.4083,-57.2489,470.593,5.55777,1.50853,98.0028,0.194897,0.000720099,1.43984,1.10868,0.748716,0.489545,0.53274,0.475147,0.590334,0.158382,0.0143984,0,0,0,0,0,0
63866,63885,63876,18.9,-104.904,39.8245,64.2935,-57.3212,472.757,5.78031,1.46443,95.7553,0.196163,0.000671878,1.43376,1.10173,1.07155,0.664056,0.573503,0.316936,0.422581,0.13583,0.0452766,0.0150922,0,0,0,0,0
63886,63909,63898,19,-104.905,39.8228,63.3057,-57.5205,474.405,5.60301,1.65407,118.125,0.214244,0.000867544,1.35614,0.999263,0.880303,0.499632,0.689967,0.392568,0.487736,0.190336,0.0832719,0.023792,0,0,0,0,0
63911,63934,63922,19.1,-104.907,39.821,62.2787,-57.9626,475.661,5.92854,1.73606,123.002,0.212554,0.00089218,1.11527,1.27963,1.03309,0.680902,0.586984,0.434369,0.446108,0.281753,0.0352191,0.0352191,0,0,0,0,0
63935,63959,63947,19.2,-104.909,39.8195,61.2817,-57.6446,478.56,5.09095,1.49838,107.164,0.214559,0.000785502,1.09846,1.03509,0.823847,0.506983,0.580917,0.337988,0.433048,0.168994,0.0844971,0.0211243,0,0,0,0,0
63960,63984,63972,19.3,-104.911,39.8181,60.2912,-57.95,480.109,5.34832,1.57678,112.274,0.213615,0.000789838,1.09955,1.11023,0.854022,0.555115,0.555115,0.373635,0.533764,0.224181,0.0320258,0,0.0106753,0,0,0,0
63985,64008,63996,19.4,-104.913,39.8173,59.28,-58.0767,482.159,5.42328,1.61407,117.434,0.218269,0.000811202,1.09323,1.1361,0.868154,0.52518,0.621641,0.439436,0.460872,0.225077,0.0214359,0.0214359,0.010718,0,0,0,0
64009,64035,64022,19.5,-104.914,39.817,58.3342,-57.4892,485.693,5.46982,1.70129,125.585,0.221453,0.000930671,1.21327,1.02117,0.818957,0.606635,0.596524,0.283096,0.616745,0.212322,0.0606635,0.0404423,0,0,0,0,0
64036,64061,64048,19.6,-104.915,39.8166,57.3829,-57.6017,487.735,5.13382,1.4674,101.908,0.208344,0.00072794,1.16628,0.980984,0.828387,0.414193,0.675789,0.446893,0.392394,0.174397,0.0217996,0.0326995,0,0,0,0,0
64062,64088,64075,19.7,-104.915,39.8161,56.4463,-57.8493,489.465,5.21658,1.5943,113.304,0.213204,0.000822957,1.02064,0.945033,0.699324,0.756026,0.699324,0.311861,0.491417,0.245708,0.00945033,0.0378013,0,0,0,0,0
64090,64114,64102,19.8,-104.915,39.8155,55.5513,-58.1308,491.063,4.97389,1.56271,119.822,0.230026,0.000838613,1.06741,0.924352,0.737281,0.649247,0.495189,0.363138,0.429163,0.187071,0.0880335,0.0220084,0.0110042,0,0,0,0
64115,64138,64126,19.9,-104.913,39.8151,54.7015,-58.23,493.008,5.657,1.62294,109.488,0.202389,0.000813579,1.34502,1.08129,0.698883,0.632951,0.71207,0.342848,0.593391,0.197797,0.0527459,0,0,0,0,0,0
64139,64164,64152,20,-104.912,39.8146,53.8015,-58.3875,494.978,5.13334,1.49267,109.83,0.220739,0.000722055,0.938072,0.951101,1.02927,0.560238,0.755669,0.32572,0.338748,0.143317,0.0521151,0.0260576,0.0130288,0,0,0,0
64166,64192,64179,20.1,-104.909,39.8137,52.9257,-58.4774,497.105,5.25234,1.56938,109.958,0.210194,0.000807898,1.17098,0.841284,0.841284,0.659385,0.602541,0.329692,0.545698,0.204637,0.0341061,0.0227374,0,0,0,0,0
64193,64220,64206,20.2,-104.908,39.8122,52.0076,-58.0484,500.593,5.10082,1.57009,121.03,0.231254,0.000798296,1.09228,0.880184,0.890789,0.519627,0.678696,0.349953,0.402976,0.190883,0.0636278,0.0106046,0.0212093,0,0,0,0
64221,64249,64235,20.3,-104.907,39.8104,51.1884,-57.1836,504.885,4.81717,1.47704,107.451,0.218243,0.000793351,1.0512,0.918528,0.785852,0.459264,0.479676,0.367411,0.489882,0.183706,0.0510293,0.0306176,0,0,0,0,0
64250,64277,64264,20.4,-104.906,39.8088,50.3724,-57.0788,507.465,5.1197,1.56838,106.299,0.203329,0.000778551,0.959293,0.844595,0.71947,0.64648,0.709042,0.521355,0.479646,0.208542,0.0208542,0.0104271,0,0,0,0,0
64278,64304,64291,20.5,-104.906,39.8076,49.5204,-57.0119,510.093,4.89989,1.5398,110.068,0.214446,0.000812804,0.79322,1.01412,0.783179,0.592405,0.53216,0.421712,0.512079,0.160652,0.0702853,0.0200815,0,0,0,0,0
64305,64332,64318,20.6,-104.905,39.8066,48.742,-56.824,512.856,4.41377,1.41539,101.803,0.215777,0.000738221,0.794278,0.713845,0.593195,0.603249,0.673628,0.41222,0.392112,0.150812,0.0502707,0.0301624,0,0,0,0,0
64333,64356,64344,20.7,-104.904,39.8055,47.9881,-56.0624,516.962,4.33542,1.43903,99.8396,0.20814,0.000750044,0.731955,0.709433,0.551781,0.484216,0.630607,0.450434,0.563042,0.202695,0,0.0112608,0,0,0,0,0
64357,64381,64369,20.8,-104.904,39.804,47.2074,-56.493,518.35,4.80923,1.52782,110.367,0.216715,0.000814707,0.974151,0.769067,0.748558,0.512711,0.707541,0.297372,0.543474,0.184576,0.0410169,0.0307627,0,0,0,0,0
64382,64405,64394,20.9,-104.904,39.8022,46.4464,-56.3564,521.103,4.86251,1.60919,114.758,0.213943,0.000841426,0.748078,0.865633,0.683957,0.502281,0.769452,0.534342,0.512968,0.192363,0.0213737,0.0320605,0,0,0,0,0
64406,64429,64418,21,-104.904,39.8005,45.7122,-54.6956,527.486,4.15321,1.32541,91.2749,0.206597,0.00068011,0.794187,0.624934,0.624934,0.416623,0.611915,0.325486,0.624934,0.104156,0.0130195,0.0130195,0,0,0,0,0
64430,64453,64442,21.1,-104.904,39.7993,44.9495,-54.1523,531.344,4.07321,1.25916,86.6346,0.20641,0.000642231,0.795549,0.678868,0.615225,0.4349,0.572795,0.307612,0.498544,0.137895,0.0212146,0.0106073,0,0,0,0,0
64454,64475,64464,21.2,-104.904,39.7979,44.2172,-53.6656,535.035,3.73739,1.10539,75.4556,0.204784,0.000563012,0.762996,0.737132,0.556082,0.465557,0.336236,0.310371,0.387964,0.142254,0.0387964,0,0,0,0,0,0
64477,64500,64488,21.3,-104.903,39.7959,43.459,-54.0581,536.713,3.75691,1.02931,66.4146,0.193571,0.000469013,0.775764,0.52087,0.70927,0.531952,0.554117,0.265976,0.265976,0.0886587,0.0443294,0,0,0,0,0,0
64502,64528,64515,21.4,-104.902,39.7933,42.7724,-54.2772,538.635,3.68557,0.990836,64.7462,0.196035,0.00046669,0.895733,0.634477,0.634477,0.373222,0.447866,0.242594,0.354561,0.0559833,0.0466527,0,0,0,0,0,0
64529,64552,64540,21.5,-104.901,39.7903,42.1035,-54.6526,540.13,3.78419,0.917138,56.1237,0.183583,0.000388317,0.933366,0.781187,0.557991,0.436247,0.547846,0.152179,0.284068,0.071017,0.0202906,0,0,0,0,0,0
64553,64577,64565,21.6,-104.901,39.7865,41.43,-54.253,543.619,3.43517,0.807926,48.6941,0.180811,0.000321365,0.780259,0.719459,0.587727,0.476262,0.37493,0.212798,0.233064,0.0405329,0,0.0101332,0,0,0,0,0
64578,64604,64591,21.7,-104.902,39.7824,40.7679,-54.0813,546.559,3.59328,0.902517,57.4175,0.190858,0.000392838,0.679809,0.93231,0.524424,0.427309,0.49529,0.213654,0.203943,0.087404,0.0194231,0.00971156,0,0,0,0,0
64605,64629,64617,21.8,-104.902,39.7786,40.109,-54.4457,548.186,3.5378,0.901297,56.9633,0.189604,0.000393638,0.853953,0.654327,0.554515,0.443612,0.421431,0.232896,0.299438,0.0665418,0,0.0110903,0,0,0,0,0
64630,64655,64642,21.9,-104.902,39.7754,39.4161,-54.5048,550.785,3.40054,0.884686,55.8152,0.189271,0.000387492,0.845044,0.6516,0.346162,0.478519,0.468337,0.223987,0.335981,0.040725,0,0.0101812,0,0,0,0,0
64656,64681,64668,22,-104.902,39.7725,38.7892,-54.306,553.81,3.51991,0.818305,48.3809,0.17737,0.000319802,0.765605,0.821625,0.560199,0.401476,0.494842,0.261426,0.121376,0.0746932,0.0186733,0,0,0,0,0,0
64682,64704,64693,22.1,-104.902,39.7702,38.1757,-54.08,556.914,3.44457,0.869982,52.3501,0.180521,0.00035624,0.655579,0.677802,0.633356,0.388903,0.51113,0.277788,0.233342,0.0555576,0.0111115,0,0,0,0,0,0
64706,64726,64716,22.2,-104.902,39.7681,37.5705,-54.2242,559.097,3.42624,0.855537,55.5714,0.194865,0.000379298,0.788776,0.702503,0.628556,0.394388,0.382063,0.221843,0.221843,0.0369739,0.0369739,0.0123246,0,0,0,0,0
64727,64747,64737,22.3,-104.902,39.766,36.9859,-53.56,563.301,3.22142,0.98266,69.7277,0.212874,0.000492273,0.575743,0.534618,0.562035,0.328996,0.534618,0.274163,0.315288,0.0274163,0.0411245,0.0274163,0,0,0,0,0
64749,64767,64758,22.4,-104.903,39.764,36.3667,-53.3322,566.626,3.34949,0.77363,43.1901,0.167484,0.000276775,0.672485,0.659552,0.64662,0.413837,0.465566,0.27158,0.206918,0.0129324,0,0,0,0,0,0,0
64769,64789,64779,22.5,-104.903,39.7619,35.8,-53.9078,567.674,2.90446,0.780183,47.0067,0.180753,0.000320274,0.479755,0.518654,0.440856,0.401957,0.518654,0.298226,0.181529,0.0648317,0,0,0,0,0,0,0
64790,64810,64800,22.6,-104.904,39.7593,35.2679,-54.0253,569.807,3.05724,0.747304,45.9818,0.184591,0.000317679,0.748963,0.589348,0.527957,0.31923,0.405177,0.171893,0.233283,0.0368342,0.0245562,0,0,0,0,0,0
64812,64834,64823,22.7,-104.904,39.7564,34.6514,-52.9333,575.539,3.18399,0.737753,42.962,0.174701,0.000280763,0.652276,0.652276,0.707553,0.309555,0.397999,0.287444,0.0994997,0.0663331,0.0110555,0,0,0,0,0,0
64835,64857,64846,22.8,-104.904,39.7539,34.1067,-52.9933,577.988,2.71404,0.678892,40.4405,0.178705,0.000273303,0.542808,0.553886,0.409876,0.365565,0.376642,0.254788,0.14401,0.0664663,0,0,0,0,0,0,0
64858,64881,64870,22.9,-104.905,39.7518,33.507,-53.2735,580.194,2.97648,0.744449,52.0096,0.20959,0.000323668,0.840298,0.668189,0.364467,0.283474,0.364467,0.151861,0.242978,0.0303722,0.0202482,0,0.0101241,0,0,0,0
64883,64904,64894,23,-104.906,39.7496,32.9815,-53.301,582.736,2.69717,0.666935,41.5135,0.186736,0.000274406,0.523159,0.651042,0.406901,0.325521,0.360398,0.244141,0.116257,0.0581287,0,0.0116257,0,0,0,0,0
64906,64930,64918,23.1,-104.907,39.747,32.4686,-53.5586,584.681,3.07317,0.789447,49.726,0.188965,0.000334666,0.676764,0.532535,0.454874,0.465968,0.454874,0.22189,0.199701,0.0443779,0.0110945,0.0110945,0,0,0,0,0
64931,64955,64943,23.2,-104.907,39.7443,31.8955,-53.4045,588.065,2.78811,0.770908,49.9961,0.194561,0.000342711,0.498255,0.561862,0.328636,0.392243,0.508856,0.233226,0.201422,0.0318035,0.0212023,0.0106012,0,0,0,0,0
64956,64982,64969,23.3,-104.907,39.7407,31.4121,-52.9533,591.854,2.56427,0.667271,41.0609,0.184607,0.000284896,0.437092,0.650781,0.310821,0.349673,0.349673,0.213689,0.194263,0.0485657,0.00971315,0,0,0,0,0,0
64983,65007,64995,23.4,-104.906,39.7371,30.9325,-52.5454,595.562,2.6488,0.766164,51.3996,0.201261,0.000373097,0.485128,0.475425,0.446317,0.388102,0.291077,0.232861,0.213456,0.0776204,0.0388102,0,0,0,0,0,0
65009,65031,65020,23.5,-104.904,39.7337,30.3774,-52.3248,599.249,2.92552,0.821149,51.8718,0.189509,0.000365707,0.597251,0.496022,0.394793,0.344178,0.415039,0.374547,0.253072,0.0303687,0.0202458,0,0,0,0,0,0
65032,65054,65043,23.6,-104.903,39.731,29.9457,-52.4109,601.474,2.9808,0.910756,64.9234,0.213856,0.000463325,0.485011,0.525428,0.515324,0.434489,0.404176,0.242505,0.222297,0.0909395,0.0404176,0.0202088,0,0,0,0,0
65055,65077,65066,23.7,-104.902,39.7286,29.4153,-52.7453,603.631,2.69051,0.928561,68.1806,0.220278,0.000508174,0.307136,0.491418,0.343993,0.528274,0.331707,0.184282,0.368563,0.0614272,0.0614272,0.0122854,0,0,0,0,0
