data/B2SAP/Locations/Boulder/NOAA-POPS-B2SAP_GMLBalloon_20220203_R0.ict
61,1001
Thornberry, T. D.
NOAA Chemical Sciences Laboratory
Portable Optical Particle Spectrometer (POPS)
Balloon Baseline Stratospheric Aerosol Profiles (B2SAP)
1,1
2022,02,03,2024,05,28
0
TIME_START,s,Seconds since midnight UTC on flight start day,Start time of 100 m altitude bin in UTC_seconds_since_midnight
28
1.0,1.0,1.0,1.0,1.0,1.0,1.0,1.0,1.0,1.0,1.0,1.0,1.0,1.0,1.0,1.0,1.0,1.0,1.0,1.0,1.0,1.0,1.0,1.0,1.0,1.0,1.0,1.0
99999,99999,99999,99999,99999,99999,99999,99999,99999,99999,99999,99999,99999,99999,99999,99999,99999,99999,99999,99999,99999,99999,99999,99999,99999,99999,99999,99999
TIME_STOP,s,End time of 100 m altitude bin in UTC seconds since midnight,
TIME_MID,s,Mid time of 100 m altitude in UTC seconds since midnight,
GPSAlt,m,GPS reported altitude above sea level (m),
GPS_Lon,deg,GPS reported longitude,
GPS_Lat,deg,GPS reported latitude,
iMet_Pressure,mb,Pressure reported (mB),
iMet_Temperature,degrees C,Ambient temperature (oC),
THETA,K,Potential temperature from iMet,
Aerosol_concentration,cm^-3,Aerosol concentration,
Surface_Area_Conc,um^2 cm^-3,Surface area concentration,
Volume_density,um^3 cm^-3,Volume density,
Effective_radius,um,Effective radius,
Extinction,km^-1,Extinction,
Bin01,cm^-3,particle concentration in size range [140 - 170 nm],
Bin02,cm^-3,particle concentration in size range [170 - 205 nm],
Bin03,cm^-3,particle concentration in size range [205 - 249 nm],
Bin04,cm^-3,particle concentration in size range [249 - 302 nm],
Bin05,cm^-3,particle concentration in size range [302 - 366 nm],
Bin06,cm^-3,particle concentration in size range [366 - 443 nm],
Bin07,cm^-3,particle concentration in size range [443 - 537 nm],
Bin08,cm^-3,particle concentration in size range [537 - 651 nm],
Bin09,cm^-3,particle concentration in size range [651 - 789 nm],
Bin10,cm^-3,particle concentration in size range [789 - 956 nm],
Bin11,cm^-3,particle concentration in size range [956 - 1159 nm],
Bin12,cm^-3,particle concentration in size range [1159 - 1404 nm],
Bin13,cm^-3,particle concentration in size range [1404 - 1702 nm],
Bin14,cm^-3,particle concentration in size range [1702 - 2062 nm],
Bin15,cm^-3,particle concentration in size range [2062 - 2500 nm],
0
19
PI_CONTACT_INFO: 325 Broadway R/CSL6, Boulder, CO 80305; troy.thornberry@noaa.gov; 303-497-3373 
PLATFORM: GML ECC/FPH balloon
LOCATION: Boulder, CO, USA
ASSOCIATED_DATA: N/A
INSTRUMENT_INFO: Printed Optical Particle Spectrometer counts particles from 140 - 2500 nm in diameter 
DATA_INFO: Particle concentrations reported in number per cubic centimeter, binned to 100 m altitude
UNCERTAINTY: Counting uncertainty dominated by air flow, less than 5 percent
ULOD_FLAG: -77777
ULOD_VALUE: 3000 ~3000 per cm3 (varies depending on flow rate- manufacturer quotes 1250  per cm3 at 1.667 cc/s)
LLOD_FLAG: -88888
LLOD_VALUE: 0 0 (varies depending on data field and measurement precision)
DM_CONTACT_INFO: Troy Thornberry, 325 Broadway R/CSL6, Boulder, CO 80305; troy.thornberry@noaa.gov; 303-497-3373
PROJECT_INFO: B2SAP Boulder, CO, USA
STIPULATIONS_ON_USE: Please contact the PIs for questions regarding applications and uncertainties
OTHER_COMMENTS: POPS bin Edges (nm):  140, 170, 205, 249, 302, 366, 443, 537, 651, 789, 956, 1159, 1404, 1702, 2062, 2500
Calculations assume sulfate refractive index of 1.45+0.00j and extinction wavelength = 532 nm
REVISION: R0
R0: QA/QC data
TIME_START,TIME_STOP,TIME_MID,GPSAlt,GPS_Lon,GPS_Lat,iMet_Pressure,iMet_Temperature,THETA,Aerosol_concentration,Surface_Area_Conc,Volume_density,Effective_radius,Extinction,Bin01,Bin02,Bin03,Bin04,Bin05,Bin06,Bin07,Bin08,Bin09,Bin10,Bin11,Bin12,Bin13,Bin14,Bin15
[from data line 240]
69454,69468,69461,21.6,-104.393,39.8246,40.805,-58.0042,536.625,3.15539,0.721507,41.2263,0.171417,0.000268892,0.724887,0.682246,0.426404,0.596965,0.213202,0.298483,0.170562,0.0426404,0,0,0,0,0,0,0
69469,69483,69476,21.5,-104.391,39.8237,41.5258,-58.3875,533.003,3.09925,0.761595,48.4646,0.190907,0.000334547,0.84911,0.424555,0.551922,0.509466,0.339644,0.169822,0.127367,0.084911,0.0424555,0,0,0,0,0,0
69485,69499,69492,21.4,-104.389,39.8225,42.2042,-58.705,529.755,3.46542,0.872831,52.8469,0.18164,0.000358647,0.918545,0.542776,0.41752,0.501024,0.41752,0.459272,0.0835041,0.125256,0,0,0,0,0,0,0
69500,69516,69508,21.3,-104.386,39.8216,42.9507,-59.0707,526.206,3.12445,0.738543,44.0005,0.178732,0.000295581,0.731255,0.764493,0.29915,0.365627,0.598299,0.166194,0.0664777,0.132955,0,0,0,0,0,0,0
69517,69533,69525,21.2,-104.383,39.8207,43.6645,-59.2882,523.21,4.379,1.31994,91.9722,0.209037,0.000682084,0.804305,1.07241,0.49152,0.49152,0.446836,0.49152,0.357469,0.134051,0.0893673,0,0,0,0,0,0
69534,69550,69542,21.1,-104.38,39.8196,44.3742,-59.1,521.252,4.1747,1.13078,78.1281,0.207276,0.000523783,0.963392,0.802827,0.481696,0.682403,0.481696,0.441555,0.200707,0.0401414,0.0401414,0.0401414,0,0,0,0,0
69551,69568,69560,21,-104.377,39.8183,45.1638,-59.2585,518.257,3.59604,1.00611,66.6943,0.198867,0.000481296,0.778524,0.593161,0.556089,0.556089,0.407798,0.296581,0.222435,0.14829,0.0370726,0,0,0,0,0,0
69570,69586,69578,20.9,-104.373,39.8167,45.8586,-59.81,514.666,4.0618,1.06188,67.0107,0.189318,0.000484349,0.722863,0.963817,0.894973,0.413064,0.206532,0.309798,0.447486,0.103266,0,0,0,0,0,0,0
69588,69605,69596,20.8,-104.37,39.8156,46.7567,-59.6913,512.106,3.74583,0.751119,38.1549,0.152392,0.000214974,0.73012,0.888841,0.603142,0.761864,0.444421,0.22221,0.0634887,0.0317443,0,0,0,0,0,0,0
69606,69621,69614,20.7,-104.366,39.8147,47.3646,-59.3438,511.057,4.7449,1.10147,65.7247,0.17901,0.000437306,1.2315,0.760633,0.796853,0.796853,0.57953,0.217324,0.253544,0.0724412,0.0362206,0,0,0,0,0,0
69623,69640,69632,20.6,-104.362,39.8139,48.1221,-58.88,509.836,4.77075,1.23484,75.4998,0.183424,0.000516214,0.894516,0.761995,0.960776,0.761995,0.530083,0.496953,0.165651,0.198781,0,0,0,0,0,0,0
69641,69657,69649,20.5,-104.359,39.8133,49.0038,-59.14,506.592,5.19018,1.42983,95.1856,0.199713,0.000686419,0.995377,1.03093,0.746533,1.03093,0.462139,0.284393,0.391041,0.177746,0.0710983,0,0,0,0,0,0
69658,69674,69666,20.4,-104.355,39.813,49.7585,-59.3669,503.849,4.62748,1.32695,90.4404,0.20447,0.000630116,0.961091,0.640727,0.676323,0.854303,0.676323,0.249172,0.391556,0.142384,0,0.035596,0,0,0,0,0
69675,69691,69683,20.3,-104.351,39.8127,50.646,-59.3493,501.347,3.78039,0.922661,56.0249,0.182163,0.000371744,0.720075,0.540056,0.900093,0.720075,0.39004,0.270028,0.0900093,0.120012,0.0300031,0,0,0,0,0,0
69693,69708,69700,20.2,-104.347,39.8126,51.4638,-59.8662,497.859,5.35137,1.31865,82.6393,0.188008,0.000568152,1.03575,1.5191,0.586924,0.863124,0.448824,0.448824,0.310725,0.0690499,0.0690499,0,0,0,0,0,0
69709,69725,69717,20.1,-104.343,39.8128,52.3056,-60.1119,494.977,4.24516,0.997279,61.1742,0.184023,0.000412948,1.04075,1.01336,0.57515,0.57515,0.356045,0.383433,0.219105,0.0273881,0.0547762,0,0,0,0,0,0
69726,69742,69734,20,-104.339,39.8132,53.17,-60.632,491.465,4.20298,0.996999,56.618,0.170365,0.000363129,0.869583,0.66668,0.637694,0.811611,0.724652,0.231889,0.173917,0.0869583,0,0,0,0,0,0,0
69743,69762,69752,19.9,-104.335,39.8139,53.9612,-59.6013,491.774,5.32074,1.47146,90.5091,0.184529,0.000619629,0.845862,0.873148,0.764004,0.955005,0.79129,0.627575,0.354716,0.0818576,0.0272859,0,0,0,0,0,0
69763,69781,69772,19.8,-104.33,39.815,54.906,-59.276,490.076,4.94575,1.18958,68.2528,0.172126,0.000450191,0.983365,1.09905,0.723062,0.607372,0.723062,0.433837,0.34707,0.0289225,0,0,0,0,0,0,0
69782,69802,69792,19.7,-104.326,39.8161,55.8578,-58.3572,489.78,6.00947,1.6074,110.381,0.206012,0.000769322,1.34329,1.10763,0.82483,1.17833,0.706997,0.306365,0.188532,0.235666,0.0942662,0.0235666,0,0,0,0,0
69803,69820,69812,19.6,-104.322,39.8171,56.7406,-58.5731,487.096,6.37197,1.5956,93.3687,0.17555,0.000605568,0.891551,1.04888,1.3111,1.28488,0.943995,0.49822,0.235999,0.13111,0.0262221,0,0,0,0,0,0
69821,69839,69830,19.5,-104.319,39.8177,57.628,-58.2067,485.769,5.74011,1.36847,82.7642,0.181439,0.000554005,1.22419,1.33301,0.816129,0.843333,0.707312,0.408064,0.272043,0.0816129,0.0544086,0,0,0,0,0,0
69840,69859,69850,19.4,-104.317,39.8179,58.6461,-57.25,485.498,6.04132,1.64211,104.265,0.190483,0.000725038,0.920795,0.965712,1.25767,1.16784,0.651294,0.516544,0.291959,0.224584,0.0449168,0,0,0,0,0,0
69860,69882,69871,19.3,-104.314,39.8175,59.5514,-57.7129,482.335,6.77494,1.73191,106.045,0.18369,0.000718662,0.945789,1.48624,1.33183,1.0616,0.907186,0.463244,0.405338,0.115811,0.0579055,0,0,0,0,0,0
69883,69903,69893,19.2,-104.311,39.8165,60.5053,-57.5816,480.45,6.39204,1.53339,87.7335,0.171646,0.000568076,1.07235,1.13543,1.36672,1.0303,0.904137,0.462582,0.29437,0.126159,0,0,0,0,0,0,0
69904,69922,69913,19.1,-104.309,39.8159,61.505,-56.4922,480.619,6.90363,1.57669,91.1623,0.173456,0.000579603,1.25521,1.34177,1.53655,1.08207,0.908942,0.411188,0.238056,0.0649245,0.0649245,0,0,0,0,0,0
69923,69941,69932,19,-104.307,39.8159,62.482,-56.5233,478.39,6.16147,1.53457,91.7067,0.179281,0.000610812,0.979648,1.16011,1.10855,1.26323,0.824967,0.335143,0.309362,0.154681,0.0257802,0,0,0,0,0,0
69942,69960,69951,18.9,-104.305,39.8158,63.4741,-56.2771,476.79,7.2336,1.83856,111.694,0.182253,0.000745427,1.01363,1.35918,1.45133,1.42829,0.967551,0.506813,0.230369,0.230369,0.0460739,0,0,0,0,0,0
69961,69979,69970,18.8,-104.302,39.8156,64.4838,-55.8125,475.649,7.42616,1.73563,100.051,0.172937,0.000637145,1.26963,1.38941,1.72479,1.17381,0.814482,0.694705,0.215598,0.0958214,0.0479107,0,0,0,0,0,0
69980,69994,69987,18.7,-104.3,39.8155,65.4633,-57.33,470.305,6.81792,1.72391,104.925,0.182593,0.000699208,0.91927,1.25123,1.48105,1.45551,0.740523,0.485171,0.229818,0.204282,0.0510706,0,0,0,0,0,0
70001,70017,70009,18.6,-104.297,39.8155,66.6341,-56.4935,469.745,8.33561,1.8593,101.899,0.164415,0.000619363,1.42209,1.57523,1.68462,1.72838,0.962643,0.634469,0.196904,0.109391,0.0218782,0,0,0,0,0,0
70018,70036,70027,18.5,-104.294,39.8156,67.6805,-55.7358,469.284,8.02209,1.94417,114.384,0.176503,0.000752528,1.22371,1.57334,1.80643,1.39852,0.854654,0.621566,0.310783,0.213663,0.019424,0,0,0,0,0,0
70037,70055,70046,18.4,-104.291,39.8163,68.7589,-56.9111,464.657,7.97893,1.84581,106.349,0.172848,0.000678097,1.18917,1.76457,1.68785,1.51523,0.824745,0.575403,0.210981,0.172621,0.0383602,0,0,0,0,0,0
70063,70074,70068,18.3,-104.288,39.8177,70.1342,-56.9925,461.847,7.62156,1.6505,91.193,0.165755,0.00054671,1.29536,1.41586,1.68699,1.71711,0.843493,0.391622,0.120499,0.0903742,0.0602495,0,0,0,0,0,0
70075,70094,70084,18.2,-104.285,39.8189,71.0206,-56.3706,461.524,8.37057,1.80839,100.137,0.166121,0.000591039,1.63821,1.43624,1.66065,1.9075,1.00985,0.359059,0.246853,0.0897648,0,0.0224412,0,0,0,0,0
70095,70114,70104,18.1,-104.283,39.8206,72.1868,-55.03,462.229,8.19162,2.0332,130.053,0.191895,0.000868011,1.57888,1.41171,1.65318,1.65318,0.891605,0.427227,0.241476,0.204326,0.111451,0.0185751,0,0,0,0,0
70117,70135,70126,18,-104.28,39.8223,73.3971,-54.4988,461.146,8.69572,1.96722,111.775,0.170457,0.000694593,1.40846,1.81671,1.77589,1.73506,0.959387,0.6532,0.142887,0.142887,0.0612375,0,0,0,0,0,0
70136,70155,70146,17.9,-104.278,39.8236,74.5922,-53.4972,461.135,9.28798,2.29352,144.357,0.188823,0.000931911,1.32685,1.86529,1.9999,1.9999,0.903799,0.653812,0.211527,0.211527,0.0769191,0.0384595,0,0,0,0,0
70156,70177,70166,17.8,-104.277,39.8245,75.8095,-54.0325,457.889,8.33088,2.11192,140.676,0.199831,0.000851735,1.63146,1.44055,1.4579,1.63146,1.07607,0.52068,0.329764,0.156204,0.052068,0.017356,0,0.017356,0,0,0
70178,70197,70188,17.7,-104.275,39.8247,77.0261,-54.4222,454.993,7.6711,1.69669,99.582,0.176076,0.00064171,1.59815,1.59815,1.76736,1.1093,0.733267,0.451241,0.206819,0.131612,0.0752069,0,0,0,0,0,0
70200,70221,70210,17.6,-104.273,39.8246,78.1959,-53.1841,455.609,8.51981,1.89881,107.923,0.170512,0.00065789,1.73412,1.52301,1.52301,1.83968,0.980155,0.588093,0.165872,0.120634,0.0301586,0.0150793,0,0,0,0,0
70222,70243,70232,17.5,-104.271,39.8239,79.4274,-53.5405,452.842,8.19931,1.82147,103.974,0.171249,0.00064902,1.59143,1.69522,1.59143,1.43574,1.00329,0.55354,0.138385,0.121087,0.0691925,0,0,0,0,0,0
70244,70265,70254,17.4,-104.268,39.8227,80.7565,-53.7805,450.207,8.51069,1.86982,108.518,0.17411,0.00069645,1.84452,1.66654,1.87688,1.3753,0.857542,0.404501,0.25888,0.1618,0.0647201,0,0,0,0,0,0
70266,70285,70276,17.3,-104.265,39.8212,81.9629,-53.5853,448.708,8.39439,1.74933,98.1741,0.168363,0.000583535,2.0891,1.51935,1.53834,1.59531,0.854632,0.531771,0.132943,0.0759673,0.0379837,0.0189918,0,0,0,0,0
70286,70305,70296,17.2,-104.261,39.8198,83.275,-54.1183,445.585,8.46938,1.91687,110.952,0.173646,0.000693492,1.66205,1.67973,1.57364,1.64437,0.901751,0.583486,0.247539,0.141451,0.0176814,0.0176814,0,0,0,0,0
70306,70325,70316,17.1,-104.257,39.8185,84.6194,-53.8081,444.18,8.46352,1.92428,111.47,0.173785,0.000716807,1.95312,1.59801,1.38099,1.49936,0.946967,0.611583,0.315656,0.0986424,0.0591855,0,0,0,0,0,0
70326,70344,70335,17,-104.253,39.8176,85.9531,-54.4375,440.936,8.43225,1.77524,99.5401,0.168214,0.000590592,1.70192,1.77928,1.70192,1.58588,0.908981,0.464161,0.15472,0.0773601,0.03868,0.01934,0,0,0,0,0
70345,70362,70354,16.9,-104.249,39.817,87.2273,-55.4987,436.949,8.31846,2.15359,151.475,0.211008,0.000937171,1.59334,1.73819,1.46918,1.4278,0.951864,0.579395,0.269005,0.103463,0.144849,0.0206927,0.0206927,0,0,0,0
70367,70386,70376,16.8,-104.243,39.8161,88.9733,-55.17,435.141,9.88252,2.11035,114.585,0.16289,0.000683421,1.65558,2.11404,2.19046,1.88481,1.04429,0.662231,0.178293,0.101882,0.0509408,0,0,0,0,0,0
70387,70402,70394,16.7,-104.24,39.8155,89.925,-54.7575,434.645,8.95923,2.01609,118.104,0.175741,0.000769355,2.00331,1.85491,1.66942,1.42828,0.908907,0.556474,0.296786,0.185491,0.0556474,0,0,0,0,0,0
70409,70430,70420,16.6,-104.235,39.8143,91.5743,-53.9629,433.958,8.3958,1.97065,116.049,0.176667,0.000737595,1.60192,1.58762,1.53041,1.60192,0.972597,0.657933,0.271755,0.114423,0.0429087,0.0143029,0,0,0,0,0
70431,70453,70442,16.5,-104.23,39.8133,92.993,-54.5878,430.83,8.52878,1.72403,90.3765,0.157265,0.000528244,1.81912,1.80594,1.87185,1.38411,0.738194,0.659102,0.158184,0.0790922,0.013182,0,0,0,0,0,0
70454,70475,70464,16.4,-104.225,39.8125,94.503,-54.4105,429.206,9.08686,1.96501,108.454,0.165578,0.000663198,1.91462,1.73228,1.77786,1.53474,1.23083,0.53184,0.212736,0.106368,0.0455863,0,0,0,0,0,0
70479,70498,70488,16.3,-104.22,39.812,95.99,-54.1859,427.723,9.17309,1.93857,107.638,0.166573,0.00066119,2.09619,1.89912,1.61246,1.61246,1.09289,0.483737,0.197078,0.125413,0.0537486,0,0,0,0,0,0
70499,70520,70510,16.2,-104.214,39.8117,97.5165,-54.4553,425.279,9.92263,2.30751,135.805,0.176561,0.000861356,1.76108,1.91257,2.06406,1.89363,1.06043,0.643835,0.416599,0.0946816,0.0568089,0.0189363,0,0,0,0,0
70521,70543,70532,16.1,-104.209,39.8119,99.0741,-53.7682,424.694,10.1812,2.16609,121.564,0.168364,0.000752715,2.304,2.02378,1.88368,2.00822,0.934054,0.544865,0.311351,0.0934054,0.0778378,0,0,0,0,0,0
70544,70564,70554,16,-104.204,39.812,100.644,-53.5574,423.186,10.3721,2.10474,117.154,0.166985,0.000722592,2.46697,2.2869,2.10683,1.65665,1.0084,0.414163,0.144057,0.234092,0.0540213,0,0,0,0,0,0
70566,70586,70576,15.9,-104.2,39.812,102.201,-53.8585,420.76,10.7401,2.26649,131.602,0.174193,0.000813777,2.56532,2.32589,2.01805,1.88123,0.855106,0.547268,0.32494,0.171021,0.0171021,0.0342042,0,0,0,0,0
70587,70605,70596,15.8,-104.195,39.8121,103.68,-53.4147,419.889,9.57427,2.17555,125.061,0.172455,0.000810841,1.9269,1.9269,1.94697,1.58568,0.963448,0.602155,0.401437,0.200718,0.0200718,0,0,0,0,0,0
70612,70634,70623,15.7,-104.19,39.8118,105.564,-53.6014,417.372,10.2007,2.22703,125.626,0.169229,0.000768673,2.118,2.04014,1.86883,1.86883,1.27703,0.591795,0.249177,0.140162,0.0311471,0.0155736,0,0,0,0,0
70635,70656,70646,15.6,-104.187,39.8112,107.176,-53.0355,416.644,11.4416,2.50498,137.142,0.164243,0.000842849,2.27464,2.30885,2.27464,1.89839,1.24849,0.957745,0.324949,0.136821,0.0171026,0,0,0,0,0,0
70657,70678,70668,15.5,-104.183,39.8105,108.841,-52.0623,416.651,11.1556,2.28697,122.338,0.16048,0.000726406,2.28357,2.299,2.42244,2.11385,0.987491,0.648041,0.216014,0.154295,0.0308591,0,0,0,0,0,0
70679,70702,70690,15.4,-104.179,39.8104,110.613,-53.2348,412.527,10.8118,2.45741,145.157,0.177208,0.000921789,2.00218,2.07634,2.47678,2.01702,0.993677,0.652564,0.341113,0.14831,0.088986,0.014831,0,0,0,0,0
70703,70726,70714,15.3,-104.175,39.8108,112.314,-53.2183,410.762,10.7573,2.2588,121.691,0.161623,0.000730393,2.15742,2.3062,1.99375,2.03839,1.27957,0.550513,0.267817,0.133909,0.0297575,0,0,0,0,0,0
70727,70752,70740,15.2,-104.171,39.8112,114.077,-52.2865,410.678,11.9744,2.54173,140.639,0.165996,0.000865109,2.7724,2.38898,2.33,1.90234,1.22399,0.884809,0.280189,0.132721,0.0589872,0,0,0,0,0,0
70753,70777,70765,15.1,-104.166,39.8114,115.908,-51.3896,410.471,10.9196,2.23576,118.763,0.15936,0.0007028,2.20012,2.49707,2.09214,1.95716,1.1743,0.607394,0.242958,0.121479,0.0269953,0,0,0,0,0,0
70778,70804,70791,15,-104.162,39.8122,117.722,-52.6342,406.356,11.6512,2.44208,132.453,0.162713,0.000807736,2.54516,2.5593,2.12097,2.10683,0.975646,0.820109,0.395915,0.0989786,0.0282796,0,0,0,0,0,0
70805,70831,70818,14.9,-104.157,39.8134,119.619,-51.9319,405.798,12.0238,2.42017,138.377,0.171529,0.000782533,3.11914,2.6412,2.0375,2.0375,1.1571,0.565972,0.301852,0.113194,0.0251543,0.0125772,0.0125772,0,0,0,0
70832,70858,70845,14.8,-104.153,39.8148,121.503,-52.8835,402.254,12.1363,2.50497,136.898,0.163952,0.000834105,2.81572,2.6984,2.13786,2.05965,1.22536,0.70393,0.299822,0.143393,0.052143,0,0,0,0,0,0
70859,70884,70872,14.7,-104.148,39.8159,123.408,-52.0756,401.928,11.9147,2.48403,139.08,0.167969,0.000838053,2.82333,2.29649,2.26947,2.28298,1.14824,0.580876,0.297192,0.175614,0.0135087,0.0270175,0,0,0,0,0
70885,70906,70896,14.6,-104.144,39.8164,125.266,-51.9089,400.524,11.73,2.34702,126.769,0.162039,0.000759439,2.7996,2.48066,2.37434,1.98453,1.06314,0.602445,0.212628,0.159471,0.0531569,0,0,0,0,0,0
70914,70937,70926,14.5,-104.139,39.8162,127.461,-52.0325,398.324,12.0722,2.37792,125.138,0.157875,0.000717461,2.67645,2.69054,2.29611,2.26794,1.21145,0.49303,0.352165,0.0422598,0.0281732,0.0140866,0,0,0,0,0
70938,70961,70950,14.4,-104.134,39.8159,129.421,-51.4142,397.695,12.3488,2.57358,149.04,0.173735,0.000833224,2.72242,2.7936,2.25979,2.15303,1.29893,0.693951,0.213523,0.160142,0.0355872,0,0.0177936,0,0,0,0
70962,70985,70974,14.3,-104.129,39.8157,131.315,-51.5748,395.757,12.7004,2.57722,134.363,0.156404,0.000785033,2.80084,2.73645,2.20526,2.41452,1.31994,0.804839,0.273645,0.144871,0,0,0,0,0,0,0
70986,71010,70998,14.2,-104.124,39.8153,133.366,-52.1975,392.906,12.8324,2.79727,168.911,0.181153,0.000998938,2.82719,2.86104,2.2008,2.43781,1.21891,0.711029,0.253939,0.22008,0.0846463,0,0.0169293,0,0,0,0
71011,71033,71022,14.1,-104.119,39.8148,135.44,-51.9224,391.67,13.7731,3.0873,183.546,0.178355,0.00109076,2.48237,3.12298,2.6265,2.5144,1.55348,0.848809,0.30429,0.240229,0.0640611,0,0.0160153,0,0,0,0
71034,71058,71046,14,-104.114,39.8145,137.556,-51.639,390.426,14.2536,2.94711,161.856,0.164761,0.000974899,3.0784,3.14253,2.8379,2.3088,1.6354,0.705466,0.2405,0.272567,0.0160333,0.0160333,0,0,0,0,0
71059,71084,71072,13.9,-104.109,39.8142,139.769,-51.74,388.477,13.696,2.80599,153.762,0.164394,0.000925722,2.94745,3.04356,2.57902,2.69115,1.24946,0.656769,0.288337,0.144169,0.0961125,0,0,0,0,0,0
71085,71108,71096,13.8,-104.104,39.8142,141.889,-50.8752,388.324,13.0174,2.60624,143.38,0.165043,0.000775249,2.85713,2.88629,2.44897,2.44897,1.32653,0.670551,0.247812,0.0874632,0.0291544,0,0.0145772,0,0,0,0
