data/B2SAP/Locations/Boulder/NOAA-POPS-B2SAP_GMLBalloon_20220713_R0.ict
61,1001
Thornberry, T. D.
NOAA Chemical Sciences Laboratory
Portable Optical Particle Spectrometer (POPS)
Balloon Baseline Stratospheric Aerosol Profiles (B2SAP)
1,1
2022,07,13,2024,05,28
0
TIME_START,s,Seconds since midnight UTC on flight start day,Start time of 100 m altitude bin in UTC_seconds_since_midnight
28
1.0,1.0,1.0,1.0,1.0,1.0,1.0,1.0,1.0,1.0,1.0,1.0,1.0,1.0,1.0,1.0,1.0,1.0,1.0,1.0,1.0,1.0,1.0,1.0,1.0,1.0,1.0,1.0
99999,99999,99999,99999,99999,99999,99999,99999,99999,99999,99999,99999,99999,99999,99999,99999,99999,99999,99999,99999,99999,99999,99999,99999,99999,99999,99999,99999
TIME_STOP,s,End time of 100 m altitude bin in UTC seconds since midnight,
TIME_MID,s,Mid time of 100 m altitude in UTC seconds since midnight,
GPSAlt,m,GPS reported altitude above sea level (m),
GPS_Lon,deg,GPS reported longitude,
GPS_Lat,deg,GPS reported latitude,
iMet_Pressure,mb,Pressure reported (mB),
iMet_Temperature,degrees C,Ambient temperature (oC),
THETA,K,Potential temperature from iMet,
Aerosol_concentration,cm^-3,Aerosol concentration,
Surface_Area_Conc,um^2 cm^-3,Surface area concentration,
Volume_density,um^3 cm^-3,Volume density,
Effective_radius,um,Effective radius,
Extinction,km^-1,Extinction,
Bin01,cm^-3,particle concentration in size range [140 - 170 nm],
Bin02,cm^-3,particle concentration in size range [170 - 205 nm],
Bin03,cm^-3,particle concentration in size range [205 - 249 nm],
Bin04,cm^-3,particle concentration in size range [249 - 302 nm],
Bin05,cm^-3,particle concentration in size range [302 - 366 nm],
Bin06,cm^-3,particle concentration in size range [366 - 443 nm],
Bin07,cm^-3,particle concentration in size range [443 - 537 nm],
Bin08,cm^-3,particle concentration in size range [537 - 651 nm],
Bin09,cm^-3,particle concentration in size range [651 - 789 nm],
Bin10,cm^-3,particle concentration in size range [789 - 956 nm],
Bin11,cm^-3,particle concentration in size range [956 - 1159 nm],
Bin12,cm^-3,particle concentration in size range [1159 - 1404 nm],
Bin13,cm^-3,particle concentration in size range [1404 - 1702 nm],
Bin14,cm^-3,particle concentration in size range [1702 - 2062 nm],
Bin15,cm^-3,particle concentration in size range [2062 - 2500 nm],
0
19
PI_CONTACT_INFO: 325 Broadway R/CSL6, Boulder, CO 80305; troy.thornberry@noaa.gov; 303-497-3373 
PLATFORM: GML ECC/FPH balloon
LOCATION: Boulder, CO, USA
ASSOCIATED_DATA: N/A
INSTRUMENT_INFO: Printed Optical Particle Spectrometer counts particles from 140 - 2500 nm in diameter 
DATA_INFO: Particle concentrations reported in number per cubic centimeter, binned to 100 m altitude
UNCERTAINTY: Counting uncertainty dominated by air flow, less than 5 percent
ULOD_FLAG: -77777
ULOD_VALUE: 3000 ~3000 per cm3 (varies depending on flow rate- manufacturer quotes 1250  per cm3 at 1.667 cc/s)
LLOD_FLAG: -88888
LLOD_VALUE: 0 0 (varies depending on data field and measurement precision)
DM_CONTACT_INFO: Troy Thornberry, 325 Broadway R/CSL6, Boulder, CO 80305; troy.thornberry@noaa.gov; 303-497-3373
PROJECT_INFO: B2SAP Boulder, CO, USA
STIPULATIONS_ON_USE: Please contact the PIs for questions regarding applications and uncertainties
OTHER_COMMENTS: POPS bin Edges (nm):  140, 170, 205, 249, 302, 366, 443, 537, 651, 789, 956, 1159, 1404, 1702, 2062, 2500
Calculations assume sulfate refractive index of 1.45+0.00j and extinction wavelength = 532 nm
REVISION: R0
R0: QA/QC data
TIME_START,TIME_STOP,TIME_MID,GPSAlt,GPS_Lon,GPS_Lat,iMet_Pressure,iMet_Temperature,THETA,Aerosol_concentration,Surface_Area_Conc,Volume_density,Effective_radius,Extinction,Bin01,Bin02,Bin03,Bin04,Bin05,Bin06,Bin07,Bin08,Bin09,Bin10,Bin11,Bin12,Bin13,Bin14,Bin15
[from data line 385]
70934,70971,70952,8.2,-105.169,39.6594,371.243,-20.7811,334.96,57.8302,8.70053,512.378,0.176671,0.00208809,22.5476,15.2522,10.0366,4.14901,3.80771,1.13058,0.650617,0.12799,0.0426634,0.0533292,0.0106658,0,0,0,0.0213317
70972,71008,70990,8.1,-105.165,39.6587,376.388,-19.9294,334.775,56.8151,8.72702,536.707,0.184498,0.00218431,23.059,15.3196,8.58747,3.94388,3.65763,1.1662,0.858747,0.0636109,0.0106018,0.0636109,0.0106018,0.0212036,0.0318054,0.0106018,0.0106018
71009,71045,71027,8,-105.162,39.6579,381.417,-19.1503,334.526,26.8407,3.84127,192.513,0.150351,0.000854241,11.386,7.10217,4.07888,1.70124,1.66025,0.532919,0.256211,0.0614907,0.0102484,0.0204969,0.0102484,0.0204969,0,0,0
71046,71082,71064,7.9,-105.158,39.657,386.536,-18.1114,334.617,9.99455,1.51797,89.7961,0.177466,0.000429338,5.21867,2.12964,0.917221,0.611481,0.674737,0.179227,0.18977,0.0210855,0.0105428,0.0210855,0.0105428,0.0105428,0,0,0
71083,71122,71102,7.8,-105.154,39.6562,391.85,-17.3523,334.31,8.92581,1.1865,52.7071,0.133267,0.000273404,4.8893,1.87613,0.814883,0.511671,0.435868,0.180032,0.198983,0.0189508,0,0,0,0,0,0,0
71123,71161,71142,7.7,-105.15,39.6558,397.044,-16.5195,334.141,8.15832,1.43897,121.395,0.253087,0.000492155,4.11386,1.70502,1.01112,0.455994,0.426255,0.109042,0.198258,0.0793033,0.0198258,0,0,0.0297387,0,0.00991291,0
71162,71198,71180,7.6,-105.147,39.6555,402.379,-15.6315,334.022,9.36025,1.74138,142.973,0.246309,0.000669188,4.78017,2.07882,0.978268,0.489134,0.444667,0.16675,0.222334,0.0667001,0.0111167,0.0667001,0.03335,0.0111167,0.0111167,0,0
71199,71231,71215,7.5,-105.143,39.6553,407.686,-14.7485,333.907,7.67826,1.29623,84.4364,0.19542,0.000444306,3.77675,1.826,0.669154,0.487689,0.408298,0.158782,0.238174,0.056708,0.0226832,0.0113416,0.0226832,0,0,0,0
71232,71261,71246,7.4,-105.14,39.6551,412.95,-14.0977,333.526,11.3797,1.54596,67.9716,0.131902,0.000338777,5.30303,2.93226,1.43494,0.648841,0.586453,0.249554,0.212121,0,0.0124777,0,0,0,0,0,0
71262,71288,71275,7.3,-105.137,39.6551,418.58,-14.1336,332.195,67.259,8.79199,356.69,0.121709,0.00153202,28.6253,18.0956,10.4701,4.5723,3.96167,0.878716,0.625527,0.0148935,0.0148935,0,0,0,0,0,0
71289,71317,71303,7.2,-105.135,39.6559,424.157,-13.6203,331.599,100.172,13.0834,540.05,0.123832,0.00229634,42.4773,28.1891,14.7141,6.66006,5.85982,1.30362,0.864776,0.0774426,0.0129071,0,0,0.0129071,0,0,0
71318,71350,71334,7.1,-105.132,39.6572,429.708,-13.6909,330.277,228.436,32.5039,1500.82,0.138521,0.00628354,79.9333,68.1602,39.8205,19.0919,15.374,3.51908,2.29149,0.116913,0.0233826,0.0233826,0.0116913,0.0467652,0,0.0116913,0.0116913
71351,71385,71368,7,-105.128,39.6584,435.718,-13.4064,329.325,280.16,39.8404,1957.98,0.147437,0.00798833,102.73,82.7894,47.5181,21.0137,18.3135,4.50778,2.85831,0.180763,0.0790838,0.033893,0.0451907,0.0225954,0.0225954,0.0112977,0.033893
71386,71423,71404,6.9,-105.124,39.6592,441.429,-12.8979,328.747,301.358,42.5897,1842.87,0.129811,0.00831157,110.829,85.9999,51.1799,23.3573,20.9234,5.35843,3.45452,0.127582,0.0686979,0.00981398,0.019628,0.019628,0.00981398,0,0
71424,71465,71444,6.8,-105.118,39.66,447.268,-12.3302,328.232,294.704,41.9621,1900.89,0.1359,0.00856371,114.639,79.9598,46.8353,22.7669,21.0858,5.38669,3.6785,0.225952,0.0542284,0.0180761,0.00903807,0.0180761,0.00903807,0.00903807,0.00903807
71466,71504,71485,6.7,-105.113,39.6608,453.075,-11.74,327.767,332.126,47.6023,2215.58,0.139631,0.00968726,122.862,94.464,54.9899,26.221,23.2642,6.07513,3.82191,0.237681,0.0855652,0.0285217,0.0285217,0.00950724,0,0.0190145,0.0190145
71505,71537,71521,6.6,-105.108,39.6615,459.03,-11.2377,327.17,488.244,72.6569,3520.11,0.145345,0.0149781,156.546,146.93,89.8485,43.7373,36.3998,8.45253,5.77889,0.227799,0.0959152,0.0479576,0.0479576,0.0119894,0.0359682,0.0479576,0.0359682
71538,71562,71550,6.5,-105.105,39.6618,464.598,-11.0737,326.245,536.387,86.0756,4924.34,0.171629,0.019873,153.149,161.306,107.878,51.8804,43.6619,10.6485,6.4541,0.634575,0.12382,0.185729,0.0309549,0.0773873,0.108342,0.154775,0.0928647
71563,71584,71574,6.4,-105.102,39.6621,470.92,-9.98429,326.341,537.478,78.3152,3651.98,0.139896,0.015724,173.155,169.785,95.698,45.5579,37.289,9.16426,6.19729,0.333565,0.0877802,0.0526681,0,0.0526681,0.0351121,0.0526681,0.017556
71585,71609,71597,6.3,-105.1,39.6621,477.02,-9.28083,326.015,576.685,82.8378,3666.87,0.132797,0.0162779,195.121,175.112,100.765,47.638,41.5357,9.75146,5.995,0.505972,0.0766624,0.0766624,0.0459974,0.030665,0,0.030665,0
71611,71635,71623,6.2,-105.097,39.6621,483.047,-8.85333,325.376,646.77,96.2041,4399.33,0.137188,0.0198947,207.831,193.193,119.194,55.8805,49.714,11.5699,8.63927,0.473176,0.0457912,0.0457912,0.0915824,0.0457912,0.0152637,0.0152637,0.0152637
71637,71666,71652,6.1,-105.094,39.662,489.749,-8.193,324.905,649.239,97.0624,4501.4,0.139129,0.0201038,209.06,189.058,120.438,60.0657,49.8566,12.1332,7.64762,0.637302,0.0857907,0.0857907,0.0245116,0.0490232,0.0367674,0.0490232,0.0122558
71667,71692,71680,6,-105.091,39.6617,496.013,-7.33462,324.771,631.948,91.0939,3985.1,0.131241,0.0181827,220.481,183.928,108.606,54.5835,44.9296,11.2815,7.36666,0.477079,0.0841904,0.112254,0.056127,0.0280635,0.0140317,0,0
71693,71719,71706,5.9,-105.089,39.6615,502.401,-6.67846,324.387,655.88,96.0926,4359.86,0.136114,0.0196329,223.682,191.381,114.486,56.2862,49.6039,11.6765,7.86403,0.534585,0.14068,0.0562721,0.0703401,0.0562721,0.014068,0.014068,0.014068
71720,71743,71732,5.8,-105.087,39.6612,508.752,-6.58458,323.341,632.807,102.759,4821.76,0.140769,0.0233635,163.936,189.813,125.47,66.6899,61.234,14.4017,10.1803,0.731516,0.167639,0.0609597,0.0457197,0.0457197,0.0152399,0,0.0152399
71744,71767,71756,5.7,-105.085,39.6609,515.13,-5.78125,323.165,618.766,98.6345,4599.75,0.139903,0.0225142,188.133,168.666,116.758,61.5579,58.5081,13.9594,10.0902,0.69797,0.106213,0.136559,0.0303465,0.0910396,0.0303465,0,0
71768,71790,71779,5.6,-105.083,39.6606,521.68,-4.90043,323.063,558.841,88.1664,4178.98,0.142196,0.020307,180.977,147.16,103.948,54.2202,49.4751,12.7958,9.12633,0.695942,0.189802,0.126535,0.0158169,0.0316337,0.0474506,0.0316337,0
71791,71822,71806,5.5,-105.081,39.6602,529.076,-3.78719,323.093,531.31,82.9805,3971.68,0.143589,0.0188113,174.138,142.905,97.3695,49.9941,45.4451,12.1458,8.31918,0.586971,0.158031,0.0677274,0.0564395,0.0677274,0.0338637,0,0.0225758
71823,71851,71837,5.4,-105.079,39.6593,535.144,-2.88571,323.121,521.854,80.8477,3840.41,0.142505,0.0180119,172.386,139.705,96.4514,48.3861,44.3828,12.0356,7.673,0.46192,0.179635,0.0384933,0.0641555,0.0384933,0.0256622,0,0.0256622
71852,71876,71864,5.3,-105.077,39.6585,541.749,-1.9608,323.095,520.56,81.0446,3855.24,0.142708,0.0180766,171.936,137.973,95.536,48.8056,46.1435,11.7076,7.64288,0.500938,0.085875,0.0429375,0.028625,0.05725,0.05725,0.0429375,0
71877,71902,71890,5.2,-105.075,39.6577,548.52,-0.935385,323.17,512.716,79.5176,3765.77,0.142073,0.0178975,172.203,136.585,92.2484,47.0181,44.1989,11.7167,7.98991,0.330048,0.151272,0.110016,0.055008,0.041256,0.055008,0,0.013752
71903,71925,71914,5.1,-105.074,39.6569,555.467,-0.0921739,323.009,506.021,79.2939,4086.06,0.154592,0.0181779,170.054,134.915,90.3725,47.1955,43.7598,11.1048,7.74577,0.490821,0.107367,0.0613527,0.0153382,0.0766908,0.0306763,0.0153382,0.0766908
71926,71948,71937,5,-105.073,39.6562,562.516,0.805909,322.901,519.146,80.9449,3898.89,0.144502,0.0182784,173.124,136.298,96.839,47.0702,45.4059,11.3757,8.07934,0.597871,0.113111,0.0323174,0.0646347,0.0323174,0.0807934,0.0161587,0.0161587
71949,71968,71958,4.9,-105.072,39.6557,569.219,1.7845,322.959,508.301,79.2297,3847.84,0.145697,0.0179175,167.032,137.348,93.9611,46.7245,43.6166,11.3721,7.18703,0.529756,0.158927,0.141268,0.0706342,0.0529756,0.0529756,0.0529756,0
71969,71987,71978,4.8,-105.071,39.6554,576.463,2.73632,322.911,513.272,79.9344,3925,0.147308,0.0181691,170.454,139.029,92.4947,46.9611,44.347,11.3092,7.74961,0.519112,0.111238,0.111238,0.0556192,0.0370795,0.0185397,0.0556192,0.0185397
71988,72010,71999,4.7,-105.07,39.6553,583.782,3.57364,322.729,508.004,77.9406,3678.23,0.141578,0.0173639,171.217,137.975,90.4796,47.7033,41.2405,10.878,7.55063,0.49591,0.191965,0.127977,0.0319942,0.0479913,0.0479913,0,0.0159971
72011,72032,72022,4.6,-105.069,39.6552,590.649,4.5245,322.749,552.547,84.9336,4329.4,0.152922,0.0190187,192.986,143.852,101.226,49.6558,44.9582,11.2395,7.67282,0.417568,0.104392,0.139189,0.0347974,0.0869934,0.052196,0.0869934,0.0347974
72033,72054,72044,4.5,-105.068,39.6549,598.293,5.477,322.672,607.878,93.5167,4806.26,0.154184,0.021181,214.816,160.405,106.601,53.9943,50.3011,11.7733,8.68695,0.65889,0.190731,0.0693569,0.104035,0.0866961,0.0520176,0.104035,0.0346784
72056,72084,72070,4.4,-105.067,39.6548,605.913,6.45593,322.64,510.85,78.3229,3822.53,0.146414,0.0174013,174.332,138.182,91.4172,45.6891,41.7618,11.4579,7.19361,0.414767,0.129615,0.0907302,0,0.0648073,0.0518458,0.0388844,0.0259229
72085,72109,72097,4.3,-105.067,39.655,613.048,7.29292,322.526,575.23,87.3139,4225.45,0.145181,0.0193103,199.727,157.6,100.951,50.1928,45.8843,11.5763,8.1527,0.623783,0.159573,0.101546,0.0870396,0.0580264,0.0580264,0.0435198,0.0145066
72110,72134,72122,4.2,-105.068,39.655,620.74,8.29636,322.522,552.035,82.7869,3788.16,0.137274,0.0178635,193.465,148.766,97.481,48.1812,44.5416,10.9818,7.64155,0.551452,0.267848,0.0315115,0.0315115,0.0315115,0.0472673,0.0157558,0
72135,72154,72144,4.1,-105.068,39.655,628.317,9.17789,322.416,601.173,90.5041,4517.57,0.149747,0.0199111,213.014,165.036,104.617,51.4677,45.3733,12.2973,8.26448,0.651031,0.162758,0.0361684,0,0.090421,0.0361684,0.090421,0.0361684
72155,72174,72164,4,-105.069,39.655,635.475,10.0315,322.348,608.746,90.2603,4172.83,0.138693,0.0190952,217.234,165.027,107.055,51.3617,48.2551,10.9765,7.64557,0.673086,0.207103,0.0690345,0.0517759,0.0862931,0.0862931,0.0172586,0
72175,72191,72183,3.9,-105.069,39.6549,642.754,10.9476,322.343,601.99,90.1601,4491.61,0.149455,0.0196385,216.514,162.709,105.424,51.6193,44.7192,11.5946,8.29633,0.627283,0.141645,0.0404699,0.0809398,0.0607048,0.0809398,0.0202349,0.0607048
72192,72208,72200,3.8,-105.07,39.6549,650.99,12.0433,322.404,588.955,88.5358,4445.11,0.150621,0.0197963,211.959,160.412,102.201,49.1197,43.3261,12.1368,8.74765,0.549591,0.251896,0.0686988,0,0.0457992,0,0.0915984,0.0457992
72209,72223,72216,3.7,-105.07,39.6548,658.402,12.952,322.388,582.175,88.6168,4707.86,0.159378,0.0203637,209.76,158.149,101.299,47.4012,44.1069,12.0104,8.02984,0.709188,0.22877,0.205893,0.022877,0.022877,0.0457541,0.114385,0.0686311
72224,72237,72230,3.6,-105.07,39.6546,666.031,13.9154,322.413,566.94,85.5682,4450.82,0.156045,0.0190655,200.69,157.031,100.515,45.8236,43.5285,10.5105,7.51122,0.730257,0.208645,0.104322,0.0260806,0.0521612,0.0782418,0.0521612,0.0782418
72238,72257,72248,3.5,-105.071,39.6544,674.529,14.926,322.381,559.601,83.2869,4131.77,0.148827,0.0180721,202.812,152.156,98.6571,44.7667,42.571,10.5874,6.77459,0.64682,0.22128,0.119151,0.0851079,0.0851079,0.0510647,0.0170216,0.0510647
72258,72281,72270,3.4,-105.071,39.6541,683.106,16.0958,322.517,526.968,78.0491,4152.56,0.159613,0.0171677,195.697,147.319,88.3297,42.0511,35.9898,9.64487,6.76121,0.573933,0.181979,0.0839902,0.0279967,0.0699918,0.0979886,0.0559935,0.0839902
72282,72302,72292,3.3,-105.072,39.6537,690.651,17.0714,322.591,536.891,77.2504,3603.68,0.139948,0.0160251,199.871,151.156,90.3543,41.7352,37.4609,9.07706,6.0994,0.544303,0.256143,0.128071,0.0320178,0.0800446,0.0480267,0.0480267,0
72303,72328,72316,3.2,-105.072,39.6535,699.479,18.0923,322.556,548.421,78.1585,3632,0.139409,0.015812,207.19,153.402,92.1217,41.8676,37.5709,9.12417,6.09572,0.62122,0.168247,0.0258842,0.0647104,0.0647104,0.0776525,0,0.0258842
72329,72360,72344,3.1,-105.073,39.6532,707.774,19.019,322.497,543.145,79.1746,4008.76,0.151896,0.0167564,202.617,151.167,91.8652,42.9395,38.1397,9.34076,5.93236,0.539305,0.129433,0.172578,0.0539305,0.0647166,0.0755027,0.0539305,0.0539305
72361,72392,72376,3,-105.073,39.653,716.051,19.9835,322.487,537.632,77.0864,3617.78,0.140795,0.0159079,201.862,150.818,89.8601,42.9494,35.9742,8.71906,6.35092,0.548978,0.204521,0.118407,0.0322928,0.0753499,0.0753499,0.0322928,0.0107643
72393,72423,72408,2.9,-105.074,39.6531,723.671,20.9058,322.52,531.958,76.6472,3720.83,0.145635,0.0161426,199.566,150.68,88.2816,41.4912,35.547,8.82494,6.34192,0.644941,0.236478,0.128988,0.042996,0.0644941,0.042996,0.021498,0.042996
72424,72452,72438,2.8,-105.076,39.6533,732.521,21.8946,322.485,528.729,75.7757,3592.64,0.142235,0.0155223,198.319,148.662,87.3479,42.3207,36.4207,8.78465,5.93558,0.522331,0.166196,0.0474846,0.0474846,0.0474846,0.0237423,0.0712269,0.0118712
72453,72476,72464,2.7,-105.077,39.6532,740.937,22.9313,322.566,530.533,76.4994,3828.69,0.150146,0.0158874,200.044,149.415,89.1263,41.3736,34.6888,8.83897,5.93434,0.528115,0.166773,0.0416933,0.0833865,0.111182,0.0972843,0.0416933,0.0416933
72477,72501,72489,2.6,-105.077,39.6531,748.893,23.79,322.518,494.866,72.0425,3658.79,0.152359,0.0153758,185.195,139.511,82.6325,39.3646,32.2393,8.86013,6.01002,0.536977,0.0826119,0.144571,0.0826119,0.0619589,0.0619589,0.020653,0.0619589
72503,72529,72516,2.5,-105.078,39.6529,758.409,24.8562,322.505,521.848,74.9697,3680.11,0.147264,0.0154781,195.858,147.475,87.1669,41.2354,34.5825,8.83615,5.6848,0.453136,0.226568,0.0617913,0.0823883,0.0411942,0.0617913,0.0411942,0.0411942
72531,72548,72540,2.4,-105.079,39.6528,764.954,25.5813,322.495,497.058,72.9811,3636.39,0.149479,0.0158674,185.629,139.419,84.0332,38.7366,33.0901,8.80189,5.89561,0.539739,0.24911,0.24911,0,0.207592,0.166073,0.0415184,0
72553,72556,72554,2.3,-105.08,39.6526,770.92,26.175,322.421,527.784,76.261,3866.3,0.152095,0.016081,196.874,153.255,84.7329,39.4417,40.4445,6.68504,5.01378,0.501378,0.334252,0.167126,0.167126,0,0,0.167126,0
