data/B2SAP/Locations/Boulder/NOAA-POPS-B2SAP_GMLBalloon_20210104_R0.ict
61,1001
Thornberry, T. D.
NOAA Chemical Sciences Laboratory
Portable Optical Particle Spectrometer (POPS)
Balloon Baseline Stratospheric Aerosol Profiles (B2SAP)
1,1
2021,01,04,2024,05,30
0
TIME_START,s,Seconds since midnight UTC on flight start day,Start time of 100 m altitude bin in UTC_seconds_since_midnight
28
1.0,1.0,1.0,1.0,1.0,1.0,1.0,1.0,1.0,1.0,1.0,1.0,1.0,1.0,1.0,1.0,1.0,1.0,1.0,1.0,1.0,1.0,1.0,1.0,1.0,1.0,1.0,1.0
99999,99999,99999,99999,99999,99999,99999,99999,99999,99999,99999,99999,99999,99999,99999,99999,99999,99999,99999,99999,99999,99999,99999,99999,99999,99999,99999,99999
TIME_STOP,s,End time of 100 m altitude bin in UTC seconds since midnight,
TIME_MID,s,Mid time of 100 m altitude in UTC seconds since midnight,
GPSAlt,m,GPS reported altitude above sea level (m),
GPS_Lon,deg,GPS reported longitude,
GPS_Lat,deg,GPS reported latitude,
iMet_Pressure,mb,Pressure reported (mB),
iMet_Temperature,degrees C,Ambient temperature (oC),
THETA,K,Potential temperature from iMet,
Aerosol_concentration,cm^-3,Aerosol concentration,
Surface_Area_Conc,um^2 cm^-3,Surface area concentration,
Volume_density,um^3 cm^-3,Volume density,
Effective_radius,um,Effective radius,
Extinction,km^-1,Extinction,
Bin01,cm^-3,particle concentration in size range [140 - 170 nm],
Bin02,cm^-3,particle concentration in size range [170 - 205 nm],
Bin03,cm^-3,particle concentration in size range [205 - 249 nm],
Bin04,cm^-3,particle concentration in size range [249 - 302 nm],
Bin05,cm^-3,particle concentration in size range [302 - 366 nm],
Bin06,cm^-3,particle concentration in size range [366 - 443 nm],
Bin07,cm^-3,particle concentration in size range [443 - 537 nm],
Bin08,cm^-3,particle concentration in size range [537 - 651 nm],
Bin09,cm^-3,particle concentration in size range [651 - 789 nm],
Bin10,cm^-3,particle concentration in size range [789 - 956 nm],
Bin11,cm^-3,particle concentration in size range [956 - 1159 nm],
Bin12,cm^-3,particle concentration in size range [1159 - 1404 nm],
Bin13,cm^-3,particle concentration in size range [1404 - 1702 nm],
Bin14,cm^-3,particle concentration in size range [1702 - 2062 nm],
Bin15,cm^-3,particle concentration in size range [2062 - 2500 nm],
0
19
PI_CONTACT_INFO: 325 Broadway R/CSL6, Boulder, CO 80305; troy.thornberry@noaa.gov; 303-497-3373 
PLATFORM: GML ECC/FPH balloon
LOCATION: Boulder, CO, USA
ASSOCIATED_DATA: N/A
INSTRUMENT_INFO: Printed Optical Particle Spectrometer counts particles from 140 - 2500 nm in diameter 
DATA_INFO: Particle concentrations reported in number per cubic centimeter, binned to 100 m altitude
UNCERTAINTY: Counting uncertainty dominated by air flow, less than 5 percent
ULOD_FLAG: -77777
ULOD_VALUE: 3000 ~3000 per cm3 (varies depending on flow rate- manufacturer quotes 1250  per cm3 at 1.667 cc/s)
LLOD_FLAG: -88888
LLOD_VALUE: 0 0 (varies depending on data field and measurement precision)
DM_CONTACT_INFO: Troy Thornberry, 325 Broadway R/CSL6, Boulder, CO 80305; troy.thornberry@noaa.gov; 303-497-3373
PROJECT_INFO: B2SAP Boulder, CO, USA
STIPULATIONS_ON_USE: Please contact the PIs for questions regarding applications and uncertainties
OTHER_COMMENTS: POPS bin Edges (nm):  140, 170, 205, 249, 302, 366, 443, 537, 651, 789, 956, 1159, 1404, 1702, 2062, 2500
Calculations assume sulfate refractive index of 1.45+0.00j and extinction wavelength = 532 nm
REVISION: R0
R0: QA/QC data
TIME_START,TIME_STOP,TIME_MID,GPSAlt,GPS_Lon,GPS_Lat,iMet_Pressure,iMet_Temperature,THETA,Aerosol_concentration,Surface_Area_Conc,Volume_density,Effective_radius,Extinction,Bin01,Bin02,Bin03,Bin04,Bin05,Bin06,Bin07,Bin08,Bin09,Bin10,Bin11,Bin12,Bin13,Bin14,Bin15
[from data line 391]
68702,68723,68712,14.3,-103.591,39.5059,135.324,-58.7606,379.649,10.3434,1.93764,139.39,0.215814,0.000768381,4.9728,2.34716,1.03434,0.716083,0.358041,0.318259,0.358041,0.0994559,0.0795647,0.0198912,0.0397824,0,0,0,0
68729,68751,68740,14.2,-103.581,39.5042,137.621,-57.7095,379.678,10.5619,1.82891,109.924,0.180311,0.000737706,5.49289,2.15477,1.05972,0.529861,0.370903,0.229606,0.476875,0.158958,0.0706481,0.017662,0,0,0,0,0
68753,68782,68768,14.1,-103.571,39.503,139.94,-56.8165,379.44,10.6589,1.80906,116.276,0.192823,0.000692451,5.42178,2.50107,0.956785,0.5875,0.402857,0.268571,0.235,0.167857,0.0839285,0.0167857,0.0167857,0,0,0,0
68782,68811,68796,14,-103.559,39.5024,142.179,-58.4107,374.945,10.7952,2.04291,150.623,0.221188,0.000872135,5.5677,2.33594,1.07725,0.374204,0.442241,0.317507,0.396883,0.124735,0.0680371,0.0566976,0.0340186,0,0,0,0
68822,68856,68839,13.9,-103.546,39.5022,144.527,-58.8561,372.408,9.82485,1.56825,109.192,0.20888,0.000559572,5.22723,2.38666,1.0103,0.424621,0.307484,0.0585684,0.175705,0.117137,0.0585684,0.0292842,0,0.0292842,0,0,0
68856,68887,68872,13.8,-103.534,39.501,146.719,-57.5448,373.084,10.3204,1.58678,97.1676,0.183707,0.000551016,5.70516,2.36818,0.8477,0.376756,0.417122,0.188378,0.2422,0.0807333,0.0538222,0.0269111,0.0134556,0,0,0,0
68902,68921,68912,13.7,-103.523,39.4985,149.067,-58.1559,370.345,11.0725,1.7964,116.25,0.194138,0.000688033,5.91804,2.64085,1.00225,0.429535,0.397718,0.143178,0.25454,0.159087,0.0795436,0.0318174,0.0159087,0,0,0,0
68930,68959,68944,13.6,-103.514,39.4953,151.439,-57.2287,370.27,10.9471,1.89854,131.164,0.20726,0.000778983,5.76423,2.55819,1.11298,0.332232,0.332232,0.166116,0.398679,0.132893,0.0996697,0.0332232,0,0,0.0166116,0,0
68959,68990,68974,13.5,-103.504,39.4921,153.855,-55.9287,370.81,10.6306,1.88722,131.401,0.20888,0.000723558,5.15823,2.59565,1.22343,0.52905,0.247992,0.247992,0.330656,0.214926,0.0330656,0.0165328,0,0.0330656,0,0,0
68990,69016,69003,13.4,-103.495,39.4891,155.949,-55.72,369.74,11.9274,2.00839,150.102,0.224212,0.000696977,6.30558,2.63365,1.06359,0.835679,0.531795,0.126618,0.202589,0.101294,0,0.0759708,0,0.0506472,0,0,0
69017,69042,69030,13.3,-103.484,39.485,158.745,-56.3537,366.8,11.9336,2.23095,178.856,0.240511,0.000907005,6.35659,2.39871,1.27931,0.579689,0.479742,0.219882,0.319828,0.0999463,0.0599678,0.0799571,0.0199893,0.0399785,0,0,0
69043,69067,69055,13.2,-103.474,39.4812,161.17,-55.2224,367.119,11.1084,1.66706,100.527,0.180906,0.000549766,6.14765,2.35863,1.18692,0.380424,0.486943,0.15217,0.213037,0.0913018,0.0456509,0.0304339,0.015217,0,0,0,0
69068,69096,69082,13.1,-103.464,39.4768,163.816,-55.7574,364.512,11.5818,1.90278,129.586,0.204311,0.000689519,6.2793,2.41205,1.29573,0.538226,0.338883,0.159474,0.27908,0.159474,0.0797371,0,0.0398686,0,0,0,0
69097,69128,69112,13,-103.453,39.4726,166.299,-56.4938,361.722,12.4564,2.16286,152.733,0.211849,0.000836491,6.47225,2.91071,1.15705,0.614683,0.361578,0.32542,0.289263,0.198868,0.0361578,0.0542367,0.0180789,0.0180789,0,0,0
69129,69152,69140,12.9,-103.441,39.4682,168.716,-56.8564,359.637,11.6856,1.5783,76.6067,0.145613,0.000435951,6.40123,2.75117,1.03509,0.680982,0.245153,0.163436,0.326871,0.0272393,0.0544785,0,0,0,0,0,0
69162,69189,69176,12.8,-103.426,39.4627,171.534,-57.1519,357.448,12.7749,2.15913,152.469,0.211848,0.000873209,6.97346,2.95933,1.18666,0.498104,0.263702,0.190452,0.395553,0.117201,0.102551,0.0586005,0.0146501,0.0146501,0,0,0
69199,69232,69216,12.7,-103.41,39.4568,174.463,-58.2862,353.846,12.2943,1.91449,119.024,0.186511,0.000715134,6.88598,2.77804,1.12304,0.443304,0.280759,0.206875,0.236429,0.221652,0.0886607,0.0147768,0.0147768,0,0,0,0
69233,69269,69251,12.6,-103.393,39.4513,177.431,-59.4905,350.177,12.9529,2.1292,145.625,0.205183,0.000775024,6.95482,3.01743,1.08554,0.643964,0.441576,0.202389,0.36798,0.0919949,0.0735959,0.036798,0.018399,0.018399,0,0,0
69269,69304,69286,12.5,-103.377,39.4461,180.339,-59.3621,348.766,13.0225,1.98278,115.363,0.174547,0.00071322,7.1405,3.09148,1.08065,0.478769,0.410374,0.232545,0.341978,0.15047,0.0410374,0.0547165,0,0,0,0,0
69310,69341,69326,12.4,-103.359,39.4404,183.623,-59.2145,347.209,11.9896,1.80874,118.843,0.197115,0.00059749,6.52898,2.9941,1.01562,0.501214,0.408885,0.131899,0.184658,0.118709,0.0395696,0.0395696,0.0131899,0,0.0131899,0,0
69343,69374,69358,12.3,-103.344,39.4356,186.051,-60.3981,343.99,12.4164,1.76143,99.2891,0.169105,0.000539647,7.31229,2.38916,1.25491,0.398194,0.398194,0.289596,0.20513,0.0965318,0.0361994,0.024133,0.0120665,0,0,0,0
69386,69421,69404,12.2,-103.325,39.4284,189.489,-61.8892,339.801,11.3715,1.66181,95.2829,0.172011,0.000518565,6.27755,2.75673,0.868968,0.40452,0.434484,0.224733,0.209751,0.13484,0.0449466,0,0,0.0149822,0,0,0
69422,69457,69440,12.1,-103.31,39.4212,192.632,-61.1261,339.433,10.8128,1.46451,78.0322,0.159846,0.000452374,6.47936,2.39515,0.66455,0.526102,0.221517,0.179982,0.221517,0.0415344,0.0553792,0.0276896,0,0,0,0,0
69457,69481,69469,12,-103.302,39.4171,194.554,-60.5689,339.363,9.1273,1.21982,57.9297,0.142471,0.000328768,5.01785,1.98984,1.12469,0.346059,0.216287,0.129772,0.173029,0.129772,0,0,0,0,0,0,0
69495,69526,69510,11.9,-103.283,39.4087,198.799,-61.815,335.289,6.19953,0.963566,72.3159,0.225151,0.000329605,3.69536,1.42129,0.365475,0.216578,0.257186,0.0406083,0.0676805,0.0676805,0.0135361,0.0270722,0,0.0270722,0,0,0
69527,69560,69544,11.8,-103.271,39.4033,201.694,-61.5793,334.282,6.79854,1.0273,60.5181,0.17673,0.000370399,4.06107,1.1732,0.60164,0.240656,0.421148,0.060164,0.060164,0.120328,0.030082,0.030082,0,0,0,0,0
69561,69589,69575,11.7,-103.258,39.3973,204.93,-62.2003,331.792,7.75218,0.951303,40.9843,0.129247,0.000208062,4.44313,1.81765,0.71463,0.217496,0.279638,0.0932126,0.155354,0.0310709,0,0,0,0,0,0,0
69594,69628,69611,11.6,-103.244,39.3903,208.691,-62.3837,329.79,8.12085,1.1869,71.7221,0.181284,0.000368426,4.74552,1.72108,0.584835,0.434449,0.167096,0.167096,0.183805,0.0668382,0.0334191,0,0,0.0167096,0,0,0
69630,69663,69646,11.5,-103.233,39.3843,211.908,-62.5333,328.107,6.53501,0.786674,34.2961,0.130789,0.000176746,3.96288,1.49542,0.373856,0.269176,0.239268,0.0448627,0.0897255,0.059817,0,0,0,0,0,0,0
69664,69699,69682,11.4,-103.222,39.3782,215.46,-61.8336,327.64,6.3226,0.814171,46.1401,0.170014,0.000199661,4.0439,1.17145,0.497464,0.192567,0.176519,0.0962833,0.0962833,0.0320944,0,0,0.0160472,0,0,0,0
69700,69734,69717,11.3,-103.21,39.3714,219.028,-61.2112,327.071,5.12335,0.611476,28.2874,0.138783,0.000154754,3.3721,0.968779,0.335347,0.186304,0.0745215,0.0558911,0.0745215,0.0372607,0.0186304,0,0,0,0,0,0
69747,69768,69758,11.2,-103.198,39.3637,223.123,-59.643,327.756,5.19184,0.624602,26.3594,0.126606,0.000129289,2.93836,1.14883,0.596509,0.265115,0.0883718,0.0220929,0.110465,0.0220929,0,0,0,0,0,0,0
69769,69801,69785,11.1,-103.19,39.358,226.015,-59.1322,327.327,5.47013,0.902775,70.678,0.234869,0.000375076,3.23975,1.13961,0.553525,0.130241,0.162802,0.0488405,0.0325603,0.0651206,0.0162802,0.0651206,0.0162802,0,0,0,0
69803,69836,69820,11,-103.179,39.3502,229.641,-58.1404,327.349,6.01241,0.818879,51.3628,0.18817,0.000233882,3.73242,1.31732,0.422219,0.101333,0.168888,0.118221,0.101333,0.0168888,0,0.0168888,0.0168888,0,0,0,0
69836,69872,69854,10.9,-103.168,39.342,233.439,-57.4932,326.803,6.74557,0.735816,29.9459,0.122093,0.000137855,4.37678,1.44324,0.439246,0.188248,0.141186,0.0627495,0.0627495,0.0156874,0.0156874,0,0,0,0,0,0
69873,69908,69890,10.8,-103.158,39.3329,237.24,-56.836,326.293,6.38473,0.766646,35.7318,0.139824,0.000192654,4.13044,1.14896,0.552665,0.232701,0.116351,0.0436314,0.116351,0,0.0436314,0,0,0,0,0,0
69910,69944,69927,10.7,-103.147,39.3235,241.014,-56.0931,325.937,6.02949,0.712936,31.7893,0.133768,0.000169011,3.92514,1.07456,0.537281,0.164169,0.13432,0.0596979,0.0447734,0.0895468,0,0,0,0,0,0,0
69945,69985,69965,10.6,-103.136,39.313,245.047,-55.4183,325.401,4.82732,0.598441,35.4478,0.177701,0.000121774,3.17294,0.864226,0.296306,0.172845,0.22223,0.0370383,0.0370383,0.0123461,0,0,0,0,0.0123461,0,0
69987,70022,70004,10.5,-103.125,39.3027,248.973,-55.0973,324.407,2.88634,0.383065,19.74,0.154595,0.000116022,1.70883,0.631836,0.229758,0.157959,0.0287198,0.0430797,0.0430797,0.0143599,0.0287198,0,0,0,0,0,0
70022,70061,70042,10.4,-103.114,39.2936,252.777,-54.3011,324.187,3.16855,0.491937,29.9392,0.18258,0.000180644,1.80003,0.641108,0.271238,0.135619,0.147948,0.024658,0.098632,0.024658,0,0.024658,0,0,0,0,0
70062,70097,70080,10.3,-103.102,39.284,256.879,-53.3042,324.168,3.30758,0.550182,44.978,0.245253,0.000189212,1.80305,0.823911,0.298518,0.119407,0.107467,0.0597037,0.0358222,0.0119407,0.0119407,0.0119407,0.0238815,0,0,0,0
70099,70134,70116,10.2,-103.091,39.2747,260.812,-52.2168,324.355,3.04857,0.41761,20.1097,0.144463,0.000115381,1.61667,0.762143,0.254048,0.184762,0.0808334,0.0461905,0.0577381,0.0461905,0,0,0,0,0,0,0
70135,70173,70154,10.1,-103.08,39.2656,264.826,-51.5603,323.905,3.32937,0.457672,29.1084,0.190803,0.000131562,2.18979,0.480413,0.312827,0.145241,0.0670343,0.0558619,0.0223448,0.0335172,0.0111724,0,0.0111724,0,0,0,0
70174,70213,70194,10,-103.069,39.2564,269.025,-51.1346,323.076,3.27709,0.503375,28.7416,0.171294,0.000172024,1.72099,0.669845,0.381296,0.185495,0.15458,0.0515265,0.0618318,0.0103053,0.0309159,0.0103053,0,0,0,0,0
70214,70255,70234,9.9,-103.056,39.2472,273.194,-49.7495,323.664,3.86672,0.577276,36.2148,0.188202,0.000166382,2.07657,0.838812,0.450094,0.163671,0.143212,0.0920647,0.0613765,0.0204588,0,0.0102294,0,0.0102294,0,0,0
70256,70297,70276,9.8,-103.043,39.238,277.353,-49.5156,322.602,3.80727,0.576593,31.0334,0.161466,0.000198512,2.21067,0.644779,0.399149,0.143284,0.163753,0.051173,0.112581,0.0716421,0.0102346,0,0,0,0,0,0
70298,70339,70318,9.7,-103.03,39.2287,281.663,-47.8814,323.535,3.63864,0.540612,32.068,0.177954,0.000146833,1.9548,0.80321,0.319349,0.183867,0.203222,0.0483862,0.10645,0.00967723,0,0,0,0.00967723,0,0,0
70340,70383,70362,9.6,-103.017,39.2194,286.055,-47.0844,323.251,3.89254,0.679849,54.4565,0.240303,0.000230501,2.31814,0.579535,0.44431,0.125566,0.144884,0.106248,0.125566,0.00965892,0.00965892,0,0.00965892,0.0193178,0,0,0
70384,70427,70406,9.5,-103.003,39.2101,290.412,-46.5091,322.676,3.38341,0.441906,19.5981,0.133047,0.000100738,1.90317,0.663225,0.346031,0.192239,0.124955,0.0865076,0.0480598,0.0192239,0,0,0,0,0,0,0
70427,70467,70447,9.4,-102.99,39.2012,294.903,-45.4037,322.825,4.12343,0.766012,62.2758,0.243896,0.000273682,2.16228,0.794514,0.432457,0.251428,0.2112,0.0804571,0.120686,0.0201143,0.0100571,0.0100571,0.0100571,0.0201143,0,0,0
70468,70510,70489,9.3,-102.977,39.1927,299.334,-44.7636,322.359,4.26109,0.557693,24.9427,0.134174,0.000126546,2.33044,0.887321,0.438785,0.224268,0.234019,0.0780062,0.0390031,0.0195016,0.00975078,0,0,0,0,0,0
70511,70548,70530,9.2,-102.964,39.1846,303.786,-43.2692,323.106,4.65266,0.591899,26.5624,0.134629,0.000139083,2.68101,1.02233,0.417279,0.125184,0.229503,0.0730237,0.0834557,0.010432,0.010432,0,0,0,0,0,0
70550,70588,70569,9.1,-102.951,39.1771,308.36,-42.638,322.612,4.88931,0.691279,32.4556,0.14085,0.000178341,2.52581,1.04481,0.50719,0.344889,0.192732,0.142013,0.0912943,0.0405752,0,0,0,0,0,0,0
70589,70630,70610,9,-102.937,39.1701,313.06,-41.9034,322.238,4.84352,0.692489,37.9434,0.164378,0.000173928,2.61412,0.887814,0.542553,0.394584,0.217021,0.0789168,0.0591876,0.0394584,0,0,0.0098646,0,0,0,0
70631,70671,70651,8.9,-102.924,39.1633,317.729,-41.1329,321.95,4.03092,0.67421,40.1673,0.178731,0.000210168,1.88558,0.827348,0.557979,0.230888,0.230888,0.125064,0.134685,0.028861,0,0,0.00962033,0,0,0,0
70672,70712,70692,8.8,-102.911,39.157,322.385,-40.3998,321.631,2.99388,0.52287,30.018,0.17223,0.000187736,1.23682,0.755833,0.373009,0.215952,0.19632,0.0588961,0.0883441,0.0588961,0,0.00981602,0,0,0,0,0
70713,70749,70731,8.7,-102.899,39.1515,326.752,-39.6421,321.443,3.18203,0.536739,28.1836,0.157527,0.000170002,1.23746,0.789614,0.459626,0.259276,0.212135,0.0942823,0.082497,0.0353559,0.0117853,0,0,0,0,0,0
70754,70796,70775,8.6,-102.884,39.1447,332.225,-38.8147,321.045,3.54127,0.649453,37.2471,0.172054,0.000243255,1.41118,0.878662,0.399392,0.292887,0.266261,0.0798783,0.133131,0.0532522,0.0266261,0,0,0,0,0,0
70796,70843,70820,8.5,-102.871,39.1388,337.045,-38.193,320.577,4.69612,0.749576,37.6158,0.150548,0.000214132,1.8526,1.1094,0.775506,0.430837,0.247731,0.129251,0.107709,0.0215418,0.0215418,0,0,0,0,0,0
70844,70890,70867,8.4,-102.857,39.1329,341.711,-37.3912,320.413,6.46155,1.05094,57.4161,0.163899,0.000336705,3.07507,1.36237,0.739575,0.398981,0.408712,0.282206,0.126506,0.0291937,0.0194625,0.0194625,0,0,0,0,0
70891,70939,70915,8.3,-102.842,39.1262,346.877,-36.0538,320.855,6.25252,1.02811,56.6946,0.165434,0.000337963,2.87798,1.33765,0.820833,0.415483,0.354681,0.192541,0.182407,0.040535,0.0101337,0.0202675,0,0,0,0,0
70939,70987,70963,8.2,-102.826,39.1195,352.038,-35.2018,320.646,7.52363,1.21433,64.5681,0.159515,0.000329521,3.40627,1.4222,1.00959,0.640869,0.588195,0.254592,0.149244,0.0438952,0,0,0,0.00877903,0,0,0
70987,71034,71010,8.1,-102.811,39.1132,357.06,-34.5253,320.258,6.74331,1.16365,67.8906,0.175029,0.000386735,2.94132,1.51244,0.810534,0.584921,0.376021,0.225613,0.183832,0.0835602,0.00835602,0.00835602,0.00835602,0,0,0,0
71035,71079,71057,8,-102.796,39.1068,362.139,-33.6569,320.132,5.579,0.911674,50.1596,0.165058,0.000294793,2.54145,1.15758,0.774619,0.409069,0.348143,0.156665,0.113147,0.0435179,0.0174072,0.0174072,0,0,0,0,0
71081,71123,71102,7.9,-102.783,39.1003,367.249,-32.767,320.041,6.49188,1.04345,51.8468,0.149064,0.000297467,2.89611,1.29306,0.876803,0.44283,0.584535,0.203702,0.132849,0.0531396,0.00885659,0,0,0,0,0,0
71125,71167,71146,7.8,-102.769,39.0941,372.467,-31.9234,319.872,7.46901,1.35006,79.9633,0.177688,0.000449886,2.88153,1.72362,1.06953,0.662929,0.5657,0.247494,0.194459,0.0972297,0,0.0176781,0,0.00883906,0,0,0
71168,71210,71189,7.7,-102.756,39.0883,377.863,-31.0651,319.686,9.47404,1.81109,126.936,0.210265,0.000618648,3.62931,2.08033,1.31484,0.855546,0.7835,0.441281,0.252161,0.0630402,0.036023,0,0,0.00900574,0,0.00900574,0
71211,71249,71230,7.6,-102.744,39.0831,383.07,-30.1989,319.581,8.46982,1.55002,97.1383,0.188007,0.000471741,3.28728,1.7989,1.2421,0.781665,0.717419,0.289109,0.299817,0.0321232,0,0,0,0,0.0214155,0,0
71250,71290,71270,7.5,-102.732,39.078,388.665,-29.5321,319.136,8.48374,1.77421,161.02,0.272268,0.000644042,3.19912,1.90327,1.14399,0.79978,0.647923,0.334085,0.354333,0.0708666,0,0,0,0.0101238,0.0101238,0,0.0101238
71290,71327,71308,7.4,-102.72,39.0728,394.153,-28.896,318.693,7.26923,1.29723,69.2872,0.160234,0.000417217,2.7807,1.53267,1.19329,0.569277,0.514539,0.361272,0.262743,0.0437906,0,0.0109476,0,0,0,0,0
71328,71365,71346,7.3,-102.709,39.0677,399.562,-27.8086,318.862,7.99801,1.54857,104.67,0.202774,0.000559443,3.02805,1.89802,1.16295,0.658273,0.603417,0.252338,0.230395,0.0877697,0.0438848,0.0109712,0,0.0109712,0.0109712,0,0
71366,71404,71385,7.2,-102.698,39.0624,405.177,-27.3385,318.2,11.5614,2.32536,171.137,0.220789,0.000881524,4.46718,2.58078,1.55078,0.937413,0.960559,0.312471,0.624942,0.057865,0.023146,0.023146,0,0.011573,0,0.011573,0
71405,71441,71423,7.1,-102.687,39.0571,410.943,-26.8455,317.556,13.2568,2.38967,122.787,0.154148,0.000730052,4.69334,2.81355,2.10095,1.29005,1.21634,0.602026,0.442304,0.0982899,0,0,0,0,0,0,0
71442,71481,71462,7,-102.678,39.0518,416.53,-25.9547,317.48,15.0408,2.68293,147.454,0.16488,0.000835805,5.67386,3.17826,2.28298,1.43245,1.35412,0.581935,0.358114,0.134293,0.0223821,0.0111911,0.0111911,0,0,0,0
71482,71520,71501,6.9,-102.668,39.0461,422.473,-24.973,317.456,18.4877,3.73018,280.023,0.225209,0.00137051,7.00693,3.99374,2.5944,1.60363,1.53213,0.745635,0.714993,0.214498,0.0204284,0.0204284,0.0204284,0,0.0102142,0,0.0102142
