data/B2SAP/Locations/Boulder/NOAA-POPS-B2SAP_GMLBalloon_20230928_R0.ict
82,1001
Thornberry, T. D.
NOAA Chemical Sciences Laboratory
Portable Optical Particle Spectrometer (POPS)
Balloon Baseline Stratospheric Aerosol Profiles (B2SAP)
1,1
2023,09,28,2024,05,28
0
TIME_START,s,Seconds since midnight UTC on flight start day,Start time of 100 m altitude bin in UTC_seconds_since_midnight
49
1.0,1.0,1.0,1.0,1.0,1.0,1.0,1.0,1.0,1.0,1.0,1.0,1.0,1.0,1.0,1.0,1.0,1.0,1.0,1.0,1.0,1.0,1.0,1.0,1.0,1.0,1.0,1.0,1.0,1.0,1.0,1.0,1.0,1.0,1.0,1.0,1.0,1.0,1.0,1.0,1.0,1.0,1.0,1.0,1.0,1.0,1.0,1.0,1.0
99999,99999,99999,99999,99999,99999,99999,99999,99999,99999,99999,99999,99999,99999,99999,99999,99999,99999,99999,99999,99999,99999,99999,99999,99999,99999,99999,99999,99999,99999,99999,99999,99999,99999,99999,99999,99999,99999,99999,99999,99999,99999,99999,99999,99999,99999,99999,99999,99999
TIME_STOP,s,End time of 100 m altitude bin in UTC seconds since midnight,
TIME_MID,s,Mid time of 100 m altitude in UTC seconds since midnight,
GPSAlt,km,GPS reported altitude above sea level (km),
GPS_Lon,deg,GPS reported longitude,
GPS_Lat,deg,GPS reported latitude,
iMet_Pressure,hPa,Pressure reported (hPa),
iMet_Temperature,degrees C,Ambient temperature (oC),
THETA,K,Potential temperature from iMet,
Aerosol_concentration,cm^-3,Aerosol concentration,
Surface_Area_Conc,um^2 cm^-3,Surface area concentration,
Volume_density,um^3 cm^-3,Volume density,
Effective_radius,um,Effective radius,
Extinction,km^-1,Extinction,
Bin01,cm^-3,particle concentration in size range [140 - 146.14 nm],
Bin02,cm^-3,particle concentration in size range [146.14 - 152.56 nm],
Bin03,cm^-3,particle concentration in size range [152.56 - 159.25 nm],
Bin04,cm^-3,particle concentration in size range [159.25 - 166.24 nm],
Bin05,cm^-3,particle concentration in size range [166.24 - 173.54 nm],
Bin06,cm^-3,particle concentration in size range [173.54 - 181.16 nm],
Bin07,cm^-3,particle concentration in size range [181.16 - 189.11 nm],
Bin08,cm^-3,particle concentration in size range [189.11 - 197.41 nm],
Bin09,cm^-3,particle concentration in size range [197.41 - 206.07 nm],
Bin10,cm^-3,particle concentration in size range [206.07 - 215.12 nm],
Bin11,cm^-3,particle concentration in size range [215.12 - 224.56 nm],
Bin12,cm^-3,particle concentration in size range [224.56 - 234.41 nm],
Bin13,cm^-3,particle concentration in size range [234.41 - 244.70 nm],
Bin14,cm^-3,particle concentration in size range [244.70 - 361.30 nm],
Bin15,cm^-3,particle concentration in size range [361.30 - 472.80 nm],
Bin16,cm^-3,particle concentration in size range [472.80 - 567.00 nm],
Bin17,cm^-3,particle concentration in size range [567.00 - 610.66 nm],
Bin18,cm^-3,particle concentration in size range [610.66 - 657.69 nm],
Bin19,cm^-3,particle concentration in size range [657.69 - 708.33 nm],
Bin20,cm^-3,particle concentration in size range [708.33 - 762.88 nm],
Bin21,cm^-3,particle concentration in size range [762.88 - 821.62 nm],
Bin22,cm^-3,particle concentration in size range [821.62 - 884.89 nm],
Bin23,cm^-3,particle concentration in size range [884.89 - 953.03 nm],
Bin24,cm^-3,particle concentration in size range [953.03 - 1026.42 nm],
Bin25,cm^-3,particle concentration in size range [1026.42 - 1105.46 nm],
Bin26,cm^-3,particle concentration in size range [1105.46 - 1190.59 nm]],
[...]
LOCATION: Boulder, CO, USA
ASSOCIATED_DATA: N/A
INSTRUMENT_INFO: Printed Optical Particle Spectrometer counts particles from 140 - 2500 nm in diameter 
DATA_INFO: Particle concentrations reported in number per cubic centimeter, binned to 100 m altitude
UNCERTAINTY: Counting uncertainty dominated by air flow, less than 5 percent
ULOD_FLAG: -77777
ULOD_VALUE: 3000 ~3000 per cm3 (varies depending on flow rate- manufacturer quotes 1250  per cm3 at 1.667 cc/s)
LLOD_FLAG: -88888
LLOD_VALUE: 0 0 (varies depending on data field and measurement precision)
DM_CONTACT_INFO: Troy Thornberry, 325 Broadway R/CSL6, Boulder, CO 80305; troy.thornberry@noaa.gov; 303-497-3373
PROJECT_INFO: B2SAP Boulder, CO, USA
STIPULATIONS_ON_USE: Please contact the PIs for questions regarding applications and uncertainties
OTHER_COMMENTS: POPS bin Edges (nm):  140, 146.14, 152.56, 159.25, 166.24, 173.54, 181.16, 189.11, 197.41, 206.07, 215.12, 224.56, 234.41, 244.70, 361.30, 472.80, 567.00, 610.66, 657.69, 708.33, 762.88, 821.62, 884.89, 953.03, 1026.42, 1105.46, 1190.59, 1282.27, 1381.01, 1487.36, 1601.89, 1725.25, 1858.10, 2001.18, 2155.28, 2321.25, 2500
Calculations assume sulfate refractive index of 1.45+0.00j and extinction wavelength = 532 nm
REVISION: R0
R0: QA/QC data
TIME_START,TIME_STOP,TIME_MID,GPSAlt,GPS_Lon,GPS_Lat,iMet_Pressure,iMet_Temperature,THETA,Aerosol_concentration,Surface_Area_Conc,Volume_density,Effective_radius,Extinction,Bin01,Bin02,Bin03,Bin04,Bin05,Bin06,Bin07,Bin08,Bin09,Bin10,Bin11,Bin12,Bin13,Bin14,Bin15,Bin16,Bin17,Bin18,Bin19,Bin20,Bin21,Bin22,Bin23,Bin24,Bin25,Bin26,Bin27,Bin28,Bin29,Bin30,Bin31,Bin32,Bin33,Bin34,Bin35,Bin36
[from data line 206]
63939,63959,63949,22.4,-104.704,40.1786,39.4927,-60.912,534.344,2.06924,0.621488,40.1606,0.19386,0.000287317,0.0662157,0.0993236,0.0827696,0.0827696,0.0827696,0.132431,0.0662157,0.0165539,0.148985,0.0662157,0.0662157,0.0662157,0.0993236,0.46351,0.314525,0.165539,0.0496618,0,0,0,0,0,0,0,0,0,0,0,0,0,0,0,0,0,0,0
63960,63980,63970,22.5,-104.704,40.1791,38.8865,-61.0053,536.474,1.95966,0.529823,34.0088,0.192567,0.000244722,0.175492,0.175492,0.0731215,0.0584972,0.0877459,0.10237,0.131619,0.116994,0,0.0438729,0.0438729,0.0877459,0.10237,0.321735,0.233989,0.175492,0.0146243,0.0146243,0,0,0,0,0,0,0,0,0,0,0,0,0,0,0,0,0,0
63981,64003,63992,22.6,-104.702,40.1795,38.2413,-60.5706,540.152,2.04918,0.580365,40.7814,0.210806,0.000277467,0.139717,0.0931444,0.263909,0.0931444,0.0310481,0.124193,0.0620963,0.0931444,0.0776203,0.0155241,0.0931444,0.0310481,0.0465722,0.450198,0.263909,0.139717,0,0,0,0,0.0155241,0,0.0155241,0,0,0,0,0,0,0,0,0,0,0,0,0
64004,64025,64014,22.7,-104.7,40.1797,37.6514,-60.3336,543.159,2.11801,0.586955,39.3327,0.201034,0.000279433,0.11266,0.146458,0.146458,0.123926,0.0901282,0.0563301,0.135192,0.0675962,0.0675962,0.123926,0.0563301,0.0788622,0.0901282,0.360513,0.259119,0.157724,0,0.0337981,0,0,0,0.011266,0,0,0,0,0,0,0,0,0,0,0,0,0,0
64026,64047,64036,22.8,-104.699,40.1797,37.0375,-59.755,547.2,1.79429,0.544343,38.0715,0.209821,0.000286439,0.11137,0.0989955,0.0742466,0.0866211,0.0618722,0.0742466,0.0742466,0.0866211,0.11137,0.0618722,0.0989955,0.0742466,0.0371233,0.346484,0.136119,0.173242,0.0371233,0.0247489,0.0247489,0,0,0,0,0,0,0,0,0,0,0,0,0,0,0,0,0
64049,64067,64058,22.9,-104.699,40.1796,36.5094,-59.9667,548.9,2.03383,0.565776,37.0759,0.196593,0.000263657,0.109937,0.123679,0.0961946,0.123679,0.164905,0.0412262,0.151163,0.0824525,0.0961946,0.0412262,0.0687104,0.0137421,0.0137421,0.467231,0.274842,0.0961946,0.0274842,0.0137421,0.0274842,0,0,0,0,0,0,0,0,0,0,0,0,0,0,0,0,0
64078,64092,64085,23,-104.699,40.1792,35.8393,-59.8933,552.005,1.65339,0.415754,26.9707,0.194615,0.000193861,0.165339,0.148805,0.0992035,0.0661357,0.0826696,0.0661357,0.0992035,0.115737,0,0.0992035,0.0826696,0.0661357,0,0.264543,0.132271,0.132271,0,0.0165339,0.0165339,0,0,0,0,0,0,0,0,0,0,0,0,0,0,0,0,0
64094,64115,64104,23.1,-104.699,40.1791,35.3341,-59.8282,554.418,1.90153,0.518856,33.4487,0.193399,0.000236933,0.168775,0.0787617,0.123768,0.0450067,0.0787617,0.033755,0.146272,0.06751,0.0787617,0.13502,0.0450067,0.0787617,0.0562584,0.360054,0.225033,0.146272,0.0112517,0,0.0225033,0,0,0,0,0,0,0,0,0,0,0,0,0,0,0,0,0
64115,64137,64126,23.2,-104.7,40.1788,34.7579,-60.1484,556.192,1.82854,0.419608,24.1465,0.172636,0.000158011,0.169793,0.104488,0.13061,0.117549,0.0914271,0.0522441,0.0522441,0.0914271,0.0914271,0.0914271,0.0391831,0.0391831,0.0914271,0.391831,0.156732,0.117549,0,0,0,0,0,0,0,0,0,0,0,0,0,0,0,0,0,0,0,0
64138,64161,64150,23.3,-104.701,40.1788,34.2509,-59.8595,559.293,1.896,0.482748,31.0856,0.193179,0.000203069,0.124143,0.146714,0.101571,0.101571,0.101571,0.0789998,0.101571,0.0789998,0.0338571,0.0451427,0.0902855,0.0789998,0.0112857,0.49657,0.191857,0.0789998,0.0112857,0.0112857,0,0,0,0,0.0112857,0,0,0,0,0,0,0,0,0,0,0,0,0
64162,64184,64173,23.4,-104.702,40.1791,33.6814,-59.3127,563.418,1.73409,0.481874,32.0145,0.199312,0.000233593,0.146385,0.101343,0.135124,0.0900828,0.101343,0.0563018,0.0675621,0.0450414,0.123864,0.0450414,0.0450414,0.0337811,0.0337811,0.32655,0.202686,0.123864,0.0225207,0.0225207,0.0112604,0,0,0,0,0,0,0,0,0,0,0,0,0,0,0,0,0
64186,64207,64196,23.5,-104.703,40.1796,33.1845,-59.17,566.193,1.56261,0.335161,18.6233,0.166695,0.000118004,0.0868116,0.124017,0.0620083,0.0992133,0.111615,0.07441,0.0620083,0.111615,0.0992133,0.0620083,0.0496067,0.07441,0.0496067,0.29764,0.111615,0.0868116,0,0,0,0,0,0,0,0,0,0,0,0,0,0,0,0,0,0,0,0
64209,64229,64219,23.6,-104.703,40.1803,32.6516,-58.7195,570.019,1.57582,0.408637,24.9556,0.183211,0.000170964,0.143257,0.104187,0.0651166,0.0651166,0.07814,0.03907,0.0651166,0.104187,0.0520933,0.03907,0.0911633,0.03907,0.03907,0.31256,0.23442,0.0911633,0,0.0130233,0,0,0,0,0,0,0,0,0,0,0,0,0,0,0,0,0,0
64231,64253,64242,23.7,-104.702,40.181,32.1652,-57.5848,575.495,1.41869,0.339739,20.1564,0.177987,0.000136268,0.0703482,0.117247,0.0703482,0.0703482,0.0937976,0.0586235,0.0703482,0.0703482,0.0586235,0.0937976,0.0468988,0.0234494,0.0703482,0.269668,0.117247,0.117247,0,0,0,0,0,0,0,0,0,0,0,0,0,0,0,0,0,0,0,0
64254,64277,64266,23.8,-104.7,40.1812,31.6608,-57.0517,579.531,1.73191,0.374311,20.7765,0.166518,0.000130504,0.0717358,0.133224,0.10248,0.0614879,0.122976,0.143472,0.10248,0.0922318,0.0614879,0.0922318,0.0614879,0.0717358,0.0614879,0.307439,0.174216,0.0614879,0.010248,0,0,0,0,0,0,0,0,0,0,0,0,0,0,0,0,0,0,0
64278,64301,64290,23.9,-104.699,40.181,31.1529,-57.0381,582.251,1.89594,0.48985,31.6238,0.193674,0.000226073,0.14044,0.152143,0.128737,0.10533,0.117033,0.0585166,0.07022,0.0585166,0.117033,0.10533,0.03511,0.0585166,0.0585166,0.339396,0.152143,0.163847,0.0234067,0,0,0.0117033,0,0,0,0,0,0,0,0,0,0,0,0,0,0,0,0
64302,64323,64312,24,-104.698,40.1808,30.6624,-55.8814,588.027,1.61414,0.345941,19.9568,0.173065,0.00013225,0.104513,0.0929004,0.0812878,0.174188,0.0929004,0.0812878,0.150963,0.0812878,0.0696753,0.0464502,0.0580627,0.0812878,0.0348376,0.255476,0.0929004,0.104513,0.0116125,0,0,0,0,0,0,0,0,0,0,0,0,0,0,0,0,0,0,0
64324,64344,64334,24.1,-104.698,40.1799,30.1968,-55.5184,591.591,1.77013,0.344405,18.363,0.159954,0.000111886,0.192406,0.115443,0.153924,0.141097,0.141097,0.0384811,0.115443,0.0384811,0.102616,0.102616,0.0384811,0.0384811,0.0384811,0.307849,0.141097,0.0641352,0,0,0,0,0,0,0,0,0,0,0,0,0,0,0,0,0,0,0,0
64346,64369,64358,24.2,-104.698,40.179,29.7254,-55.6854,593.802,1.49378,0.322013,18.977,0.176798,0.000128931,0.0812942,0.101618,0.132103,0.162588,0.091456,0.0812942,0.142265,0,0.091456,0.0711324,0.0711324,0.0406471,0.0406471,0.152427,0.121941,0.101618,0.0101618,0,0,0,0,0,0,0,0,0,0,0,0,0,0,0,0,0,0,0
64370,64393,64382,24.3,-104.699,40.1781,29.255,-55.7295,596.393,1.38314,0.364957,24.1184,0.198257,0.000174456,0.140475,0.108058,0.0324173,0.0756403,0.0540288,0.118863,0.0864461,0.0864461,0.0540288,0.043223,0.0216115,0.0216115,0.0540288,0.194504,0.151281,0.108058,0.0108058,0,0.0216115,0,0,0,0,0,0,0,0,0,0,0,0,0,0,0,0,0
64393,64416,64404,24.4,-104.7,40.1777,28.8432,-55.6941,598.91,1.3901,0.290229,16.6249,0.171846,0.000109403,0.111614,0.202934,0.071027,0.131907,0.0913205,0.0507336,0.0202934,0.101467,0.071027,0.0202934,0.0608803,0.0101467,0.0304402,0.223228,0.111614,0.071027,0.0101467,0,0,0,0,0,0,0,0,0,0,0,0,0,0,0,0,0,0,0
64417,64437,64427,24.5,-104.701,40.1774,28.3867,-55.5176,602.133,1.48488,0.321749,18.9936,0.177098,0.000129701,0.190913,0.0848501,0.116669,0.106063,0.106063,0.106063,0.0954563,0.0318188,0.042425,0.0212125,0.0530313,0.042425,0.0530313,0.222731,0.0848501,0.127275,0,0,0,0,0,0,0,0,0,0,0,0,0,0,0,0,0,0,0,0
64440,64460,64450,24.6,-104.702,40.1774,27.9505,-55.137,605.857,1.44807,0.303756,17.2531,0.170398,0.000112695,0.189363,0.122529,0.11139,0.133668,0.044556,0.077973,0.055695,0.044556,0.077973,0.022278,0.033417,0.066834,0.044556,0.200502,0.144807,0.077973,0,0,0,0,0,0,0,0,0,0,0,0,0,0,0,0,0,0,0,0
64462,64481,64472,24.7,-104.704,40.1779,27.486,-54.7875,609.743,1.36428,0.234756,12.2922,0.157085,7.46083e-05,0.155284,0.210743,0.077642,0.144192,0.077642,0.0998254,0.0665503,0.0332751,0.0443669,0.0332751,0.0332751,0.0332751,0.0665503,0.177467,0.0554586,0.0443669,0.0110917,0,0,0,0,0,0,0,0,0,0,0,0,0,0,0,0,0,0,0
64482,64503,64492,24.8,-104.705,40.1784,27.0815,-54.725,612.511,1.14409,0.207328,11.1062,0.160705,6.62917e-05,0.0999687,0.155507,0.088861,0.0555381,0.111076,0.0333229,0.088861,0.0333229,0.0555381,0.0444305,0.0555381,0.0222153,0,0.211045,0.0555381,0.0222153,0,0,0.0111076,0,0,0,0,0,0,0,0,0,0,0,0,0,0,0,0,0
64504,64525,64514,24.9,-104.705,40.1789,26.6673,-54.6955,615.293,1.54456,0.290111,15.1864,0.157041,9.08099e-05,0.171618,0.131237,0.100952,0.0908565,0.171618,0.111047,0.0504759,0.0706662,0.060571,0.0302855,0.0403807,0.0302855,0.0504759,0.27257,0.111047,0.0504759,0,0,0,0,0,0,0,0,0,0,0,0,0,0,0,0,0,0,0,0
64526,64547,64536,25,-104.704,40.1791,26.2545,-54.6723,618.11,1.24157,0.224432,11.8796,0.158795,7.25381e-05,0.0908469,0.141317,0.121129,0.0706587,0.121129,0.0504705,0.0807528,0.0706587,0.0403764,0.0403764,0.0504705,0.0201882,0.0403764,0.211976,0.0302823,0.0504705,0.0100941,0,0,0,0,0,0,0,0,0,0,0,0,0,0,0,0,0,0,0
64548,64569,64558,25.1,-104.704,40.179,25.8386,-54.0505,622.706,1.46083,0.273224,14.1327,0.155176,8.30276e-05,0.141045,0.110821,0.100747,0.120896,0.130971,0.100747,0.130971,0.030224,0.060448,0.030224,0.0402987,0.030224,0.0201493,0.241792,0.141045,0.030224,0,0,0,0,0,0,0,0,0,0,0,0,0,0,0,0,0,0,0,0
64570,64591,64580,25.2,-104.704,40.1789,25.4532,-53.7068,626.363,1.40031,0.238118,11.4182,0.143856,6.0921e-05,0.12089,0.100742,0.161187,0.0906675,0.110816,0.0705191,0.0705191,0.100742,0.0503708,0.0402966,0.0805933,0.0100742,0.0402966,0.251854,0.0805933,0.0201483,0,0,0,0,0,0,0,0,0,0,0,0,0,0,0,0,0,0,0,0
64592,64612,64602,25.3,-104.704,40.1788,25.07,-53.64,629.275,1.23752,0.199133,9.17703,0.138255,4.65008e-05,0.126925,0.0528853,0.0846164,0.0951935,0.105771,0.126925,0.0423082,0.0528853,0.0634623,0.0528853,0.0634623,0.0634623,0.0634623,0.17981,0.0423082,0.0211541,0,0,0,0,0,0,0,0,0,0,0,0,0,0,0,0,0,0,0,0
64613,64634,64624,25.4,-104.705,40.1791,24.6877,-53.7245,631.805,1.36405,0.258651,13.7814,0.159846,8.42823e-05,0.151561,0.141457,0.121249,0.0808326,0.101041,0.0909367,0.0404163,0.0404163,0.0505204,0.0707285,0.0707285,0.0303122,0.0303122,0.161665,0.141457,0.0404163,0,0,0,0,0,0,0,0,0,0,0,0,0,0,0,0,0,0,0,0
64635,64657,64646,25.5,-104.705,40.1796,24.3117,-53.6096,634.91,1.23366,0.227558,11.8692,0.156476,7.02756e-05,0.163845,0.192759,0.0289138,0.0771035,0.0481897,0.0963794,0.0385518,0.0192759,0.0578276,0.0578276,0.0385518,0.0192759,0.0481897,0.240948,0.0674656,0.0289138,0.00963794,0,0,0,0,0,0,0,0,0,0,0,0,0,0,0,0,0,0,0
64658,64678,64668,25.6,-104.706,40.18,23.9323,-53.7182,637.455,1.39454,0.242733,12.1714,0.150429,6.96088e-05,0.141475,0.171791,0.080843,0.101054,0.0909484,0.080843,0.0707376,0.080843,0.0707376,0.0505269,0.080843,0.0101054,0.0202107,0.232424,0.0707376,0.0404215,0,0,0,0,0,0,0,0,0,0,0,0,0,0,0,0,0,0,0,0
64680,64700,64690,25.7,-104.706,40.1804,23.5686,-53.9455,639.585,1.08384,0.182934,8.52958,0.13988,4.33075e-05,0.0920239,0.143148,0.0408995,0.0715742,0.0511244,0.0715742,0.0511244,0.0920239,0.0408995,0.0408995,0.0511244,0.0408995,0,0.235172,0.0511244,0.0102249,0,0,0,0,0,0,0,0,0,0,0,0,0,0,0,0,0,0,0,0
64701,64723,64712,25.8,-104.706,40.1809,23.2118,-54.0477,642.078,1.27535,0.223738,11.6362,0.156024,7.01857e-05,0.143991,0.133706,0.123421,0.0617104,0.123421,0.0719955,0.0617104,0.0514253,0.102851,0.0514253,0.0205701,0.0411403,0.0308552,0.113136,0.102851,0.0411403,0,0,0,0,0,0,0,0,0,0,0,0,0,0,0,0,0,0,0,0
64724,64743,64734,25.9,-104.707,40.1814,22.8565,-54.236,644.36,1.30614,0.24294,13.1275,0.162108,8.26031e-05,0.137489,0.091659,0.137489,0.0687443,0.114574,0.0802016,0.103116,0.0229148,0.114574,0.0458295,0.0458295,0.0229148,0.0114574,0.171861,0.0687443,0.0687443,0,0,0,0,0,0,0,0,0,0,0,0,0,0,0,0,0,0,0,0
64744,64764,64754,26,-104.708,40.1823,22.5048,-54.7005,645.847,1.39658,0.219893,10.1561,0.138559,5.19999e-05,0.175947,0.13196,0.0769768,0.153954,0.0769768,0.0659801,0.0659801,0.0769768,0.0549834,0.0549834,0.0659801,0.0879735,0.0329901,0.19794,0.0549834,0.0219934,0,0,0,0,0,0,0,0,0,0,0,0,0,0,0,0,0,0,0,0
64765,64784,64774,26.1,-104.709,40.1831,22.162,-55.02,647.737,1.27487,0.214652,10.6253,0.1485,5.99933e-05,0.175441,0.152049,0.0701766,0.116961,0.0584805,0.0818726,0.0818726,0.0584805,0.0350883,0.0467844,0,0.0350883,0.0701766,0.198834,0.0584805,0.0350883,0,0,0,0,0,0,0,0,0,0,0,0,0,0,0,0,0,0,0,0
64784,64805,64794,26.2,-104.709,40.1835,21.819,-55.3876,649.538,1.16371,0.180443,8.51894,0.141634,4.56853e-05,0.18077,0.112981,0.0677887,0.0790868,0.0564906,0.135577,0.0338944,0.112981,0.0451925,0.0225962,0.0338944,0.0338944,0.0451925,0.124279,0.0564906,0.0225962,0,0,0,0,0,0,0,0,0,0,0,0,0,0,0,0,0,0,0,0
64806,64827,64816,26.3,-104.709,40.1837,21.4836,-55.5655,651.883,1.17005,0.191247,9.32083,0.146211,5.1804e-05,0.174961,0.131221,0.0765456,0.153091,0.0437403,0.0656105,0.0656105,0.0437403,0.0437403,0.0328053,0,0.0328053,0.0109351,0.229637,0.0328053,0.0328053,0,0,0,0,0,0,0,0,0,0,0,0,0,0,0,0,0,0,0,0
64828,64849,64838,26.4,-104.71,40.1841,21.1445,-55.5909,654.776,1.20892,0.163712,6.70629,0.122891,2.84638e-05,0.144184,0.144184,0.0887283,0.0998194,0.122001,0.0554552,0.0887283,0.0443642,0.0998194,0.0443642,0.0332731,0.0443642,0.0221821,0.133092,0.0443642,0,0,0,0,0,0,0,0,0,0,0,0,0,0,0,0,0,0,0,0,0
64850,64871,64860,26.5,-104.711,40.1846,20.8109,-55.4886,658.068,0.996002,0.143558,6.03801,0.12618,2.63556e-05,0.145483,0.123101,0.0335731,0.0559552,0.0223821,0.0783372,0.11191,0.100719,0.0447641,0.0223821,0.0223821,0.0223821,0.011191,0.167866,0.0335731,0,0,0,0,0,0,0,0,0,0,0,0,0,0,0,0,0,0,0,0,0
64872,64892,64882,26.6,-104.712,40.1855,20.5067,-55.659,660.327,1.14965,0.179881,8.32075,0.138771,4.28911e-05,0.130372,0.154076,0.0237041,0.106668,0.0592602,0.0474081,0.0711122,0.0948162,0.0355561,0.0355561,0.0711122,0.0711122,0.0474081,0.142224,0.0355561,0.0237041,0,0,0,0,0,0,0,0,0,0,0,0,0,0,0,0,0,0,0,0
64893,64913,64903,26.7,-104.713,40.1868,20.201,-55.479,663.715,0.888374,0.115414,4.54468,0.118132,1.79093e-05,0.0480202,0.132056,0.0960405,0.120051,0.0240101,0.0840354,0.0600253,0.0360152,0.0480202,0.0240101,0.0360152,0.0480202,0.0240101,0.0840354,0.0240101,0,0,0,0,0,0,0,0,0,0,0,0,0,0,0,0,0,0,0,0,0
64914,64935,64924,26.8,-104.714,40.1875,19.8817,-55.1704,667.688,1.07516,0.140854,5.99579,0.127702,2.83605e-05,0.110841,0.177345,0.110841,0.0997568,0.110841,0.121925,0.0665045,0.0443363,0.0221682,0.0110841,0.0110841,0.0221682,0.0221682,0.0997568,0.0332523,0.0110841,0,0,0,0,0,0,0,0,0,0,0,0,0,0,0,0,0,0,0,0
64937,64956,64946,26.9,-104.715,40.1877,19.575,-55.4895,669.678,1.20026,0.178038,7.50714,0.126498,3.24884e-05,0.103248,0.103248,0.0774362,0.141966,0.103248,0.0645302,0.0516242,0.0387181,0.0774362,0.0516242,0.0645302,0.0645302,0.012906,0.206497,0.0387181,0,0,0,0,0,0,0,0,0,0,0,0,0,0,0,0,0,0,0,0,0
64956,64976,64966,27,-104.715,40.1875,19.2865,-55.772,671.652,1.20609,0.164375,7.47275,0.136385,3.94334e-05,0.157316,0.249083,0.104877,0.131096,0.0393289,0.0917675,0.0786578,0.0524385,0.0131096,0.0524385,0.0262193,0.0393289,0.0262193,0.0786578,0.0393289,0.0262193,0,0,0,0,0,0,0,0,0,0,0,0,0,0,0,0,0,0,0,0
64978,64997,64988,27.1,-104.716,40.1872,18.9705,-55.7565,674.876,1.08999,0.124672,4.47973,0.107796,1.49155e-05,0.146218,0.0930477,0.199388,0.0398776,0.0930477,0.0664626,0.132925,0.0531701,0.0797552,0.0398776,0.0265851,0.0132925,0.0132925,0.0797552,0.0132925,0,0,0,0,0,0,0,0,0,0,0,0,0,0,0,0,0,0,0,0,0
64998,65019,65008,27.2,-104.716,40.1872,18.6715,-56.0345,677.083,0.95633,0.106333,3.70382,0.104497,1.12811e-05,0.148164,0.148164,0.0808166,0.107755,0.0808166,0.0673472,0.0538777,0.0404083,0.0538777,0.0269389,0.0134694,0.0269389,0.0134694,0.094286,0,0,0,0,0,0,0,0,0,0,0,0,0,0,0,0,0,0,0,0,0,0
65020,65040,65030,27.3,-104.717,40.1877,18.381,-56.4605,678.788,0.885944,0.122345,5.02295,0.123167,2.11667e-05,0.143314,0.0260572,0.0781715,0.0912001,0.0912001,0.0912001,0.0260572,0.0390857,0.0521143,0.0260572,0,0.0521143,0.0130286,0.130286,0.0260572,0,0,0,0,0,0,0,0,0,0,0,0,0,0,0,0,0,0,0,0,0
65041,65061,65051,27.4,-104.717,40.1888,18.1119,-56.5019,681.525,0.818069,0.0989024,3.75687,0.113957,1.40486e-05,0.079168,0.171531,0.118752,0.039584,0.079168,0.0527787,0.0263893,0.0131947,0.039584,0.0527787,0.0263893,0,0.0131947,0.0923627,0.0131947,0,0,0,0,0,0,0,0,0,0,0,0,0,0,0,0,0,0,0,0,0
