data/B2SAP/Locations/Boulder/NOAA-POPS-B2SAP_GMLBalloon_20210430_R0.ict
61,1001
Thornberry, T. D.
NOAA Chemical Sciences Laboratory
Portable Optical Particle Spectrometer (POPS)
Balloon Baseline Stratospheric Aerosol Profiles (B2SAP)
1,1
2021,04,30,2024,05,28
0
TIME_START,s,Seconds since midnight UTC on flight start day,Start time of 100 m altitude bin in UTC_seconds_since_midnight
28
1.0,1.0,1.0,1.0,1.0,1.0,1.0,1.0,1.0,1.0,1.0,1.0,1.0,1.0,1.0,1.0,1.0,1.0,1.0,1.0,1.0,1.0,1.0,1.0,1.0,1.0,1.0,1.0
99999,99999,99999,99999,99999,99999,99999,99999,99999,99999,99999,99999,99999,99999,99999,99999,99999,99999,99999,99999,99999,99999,99999,99999,99999,99999,99999,99999
TIME_STOP,s,End time of 100 m altitude bin in UTC seconds since midnight,
TIME_MID,s,Mid time of 100 m altitude in UTC seconds since midnight,
GPSAlt,m,GPS reported altitude above sea level (m),
GPS_Lon,deg,GPS reported longitude,
GPS_Lat,deg,GPS reported latitude,
iMet_Pressure,mb,Pressure reported (mB),
iMet_Temperature,degrees C,Ambient temperature (oC),
THETA,K,Potential temperature from iMet,
Aerosol_concentration,cm^-3,Aerosol concentration,
Surface_Area_Conc,um^2 cm^-3,Surface area concentration,
Volume_density,um^3 cm^-3,Volume density,
Effective_radius,um,Effective radius,
Extinction,km^-1,Extinction,
Bin01,cm^-3,particle concentration in size range [140 - 170 nm],
Bin02,cm^-3,particle concentration in size range [170 - 205 nm],
Bin03,cm^-3,particle concentration in size range [205 - 249 nm],
Bin04,cm^-3,particle concentration in size range [249 - 302 nm],
Bin05,cm^-3,particle concentration in size range [302 - 366 nm],
Bin06,cm^-3,particle concentration in size range [366 - 443 nm],
Bin07,cm^-3,particle concentration in size range [443 - 537 nm],
Bin08,cm^-3,particle concentration in size range [537 - 651 nm],
Bin09,cm^-3,particle concentration in size range [651 - 789 nm],
Bin10,cm^-3,particle concentration in size range [789 - 956 nm],
Bin11,cm^-3,particle concentration in size range [956 - 1159 nm],
Bin12,cm^-3,particle concentration in size range [1159 - 1404 nm],
Bin13,cm^-3,particle concentration in size range [1404 - 1702 nm],
Bin14,cm^-3,particle concentration in size range [1702 - 2062 nm],
Bin15,cm^-3,particle concentration in size range [2062 - 2500 nm],
0
19
PI_CONTACT_INFO: 325 Broadway R/CSL6, Boulder, CO 80305; troy.thornberry@noaa.gov; 303-497-3373 
PLATFORM: GML ECC/FPH balloon
LOCATION: Boulder, CO, USA
ASSOCIATED_DATA: N/A
INSTRUMENT_INFO: Printed Optical Particle Spectrometer counts particles from 140 - 2500 nm in diameter 
DATA_INFO: Particle concentrations reported in number per cubic centimeter, binned to 100 m altitude
UNCERTAINTY: Counting uncertainty dominated by air flow, less than 5 percent
ULOD_FLAG: -77777
ULOD_VALUE: 3000 ~3000 per cm3 (varies depending on flow rate- manufacturer quotes 1250  per cm3 at 1.667 cc/s)
LLOD_FLAG: -88888
LLOD_VALUE: 0 0 (varies depending on data field and measurement precision)
DM_CONTACT_INFO: Troy Thornberry, 325 Broadway R/CSL6, Boulder, CO 80305; troy.thornberry@noaa.gov; 303-497-3373
PROJECT_INFO: B2SAP Boulder, CO, USA
STIPULATIONS_ON_USE: Please contact the PIs for questions regarding applications and uncertainties
OTHER_COMMENTS: POPS bin Edges (nm):  140, 170, 205, 249, 302, 366, 443, 537, 651, 789, 956, 1159, 1404, 1702, 2062, 2500
Calculations assume sulfate refractive index of 1.45+0.00j and extinction wavelength = 532 nm
REVISION: R0
R0: QA/QC data
TIME_START,TIME_STOP,TIME_MID,GPSAlt,GPS_Lon,GPS_Lat,iMet_Pressure,iMet_Temperature,THETA,Aerosol_concentration,Surface_Area_Conc,Volume_density,Effective_radius,Extinction,Bin01,Bin02,Bin03,Bin04,Bin05,Bin06,Bin07,Bin08,Bin09,Bin10,Bin11,Bin12,Bin13,Bin14,Bin15
[from data line 75]
58807,58826,58816,9.2,-105.186,39.8609,317.902,-35.448,329.785,6.43028,0.775866,34.6277,0.133893,0.000175893,3.70164,1.43835,0.740328,0.232675,0.148066,0.0634567,0.0211522,0.0634567,0.0211522,0,0,0,0,0,0
58827,58843,58835,9.3,-105.185,39.8595,313.355,-36.3447,329.904,5.54342,0.562067,19.0098,0.101464,5.87932e-05,3.09928,1.61263,0.529145,0.176382,0.0755921,0.0251974,0.0251974,0,0,0,0,0,0,0,0
58844,58862,58853,9.4,-105.184,39.858,308.919,-37.1417,330.132,6.66151,0.862969,44.3083,0.154032,0.000234003,3.63785,1.67719,0.732294,0.188979,0.259846,0.0472448,0.0236224,0.0472448,0.0236224,0.0236224,0,0,0,0,0
58863,58882,58872,9.5,-105.183,39.8562,304.316,-38.0945,330.209,6.18915,0.8019,36.7207,0.137377,0.000190232,2.82688,1.99166,0.663888,0.385483,0.14991,0.0428315,0.0428315,0.0642472,0.0214157,0,0,0,0,0,0
58883,58901,58892,9.6,-105.182,39.8543,299.863,-38.9285,330.427,5.69134,0.854679,67.6395,0.23742,0.000233597,3.05803,1.46531,0.63709,0.276072,0.106182,0.0424727,0.0212363,0.0212363,0.0212363,0,0.0212363,0.0212363,0,0,0
58903,58919,58911,9.7,-105.182,39.8526,295.578,-39.5956,330.85,5.24777,0.867842,102.802,0.355372,0.000266959,3.01568,0.85484,0.736112,0.308692,0.166219,0.142473,0,0,0,0,0,0,0,0.0237455,0
58920,58939,58930,9.8,-105.181,39.8506,291.279,-40.2695,331.276,5.81156,0.82934,41.8148,0.151258,0.000218299,2.5305,1.62981,0.836351,0.407453,0.128669,0.150114,0.0857795,0.0214449,0,0.0214449,0,0,0,0,0
58940,58959,58950,9.9,-105.18,39.8488,287.139,-40.9821,331.612,5.28199,0.76188,49.7735,0.19599,0.000187906,2.59585,1.37693,0.722323,0.316016,0.0902904,0.0677178,0.0451452,0.0451452,0,0,0,0.0225726,0,0,0
58960,58981,58970,10,-105.179,39.8464,282.843,-41.8752,331.763,5.61123,0.806123,43.597,0.162247,0.000220251,2.21983,1.74709,0.98659,0.308309,0.164432,0.0822158,0.0616619,0,0,0.0411079,0,0,0,0,0
58981,58999,58990,10.1,-105.179,39.8438,278.817,-42.5794,332.116,3.57323,0.496043,35.6417,0.215556,0.000108252,1.6659,1.18303,0.434582,0.169004,0.0724303,0,0.0241434,0,0,0,0.0241434,0,0,0,0
59000,59020,59010,10.2,-105.178,39.8416,274.741,-43.2805,332.499,3.32777,0.447393,21.3807,0.143368,0.000117452,1.57087,1.0128,0.454726,0.0206694,0.103347,0.0826775,0.0620081,0,0.0206694,0,0,0,0,0,0
59021,59040,59030,10.3,-105.178,39.8391,270.699,-44.1467,332.648,4.31058,0.594951,30.5681,0.154137,0.000176838,2.0006,1.36124,0.47437,0.247497,0.0618743,0.0412496,0.0412496,0.0412496,0.0412496,0,0,0,0,0,0
59041,59057,59049,10.4,-105.177,39.8375,266.759,-44.8341,333.044,6.9014,1.02106,54.1202,0.159012,0.000293828,2.88417,1.85411,1.10731,0.566533,0.283267,0.0257515,0.0772545,0.051503,0.0257515,0.0257515,0,0,0,0,0
59058,59085,59072,10.5,-105.176,39.8356,262.474,-45.5896,333.486,9.36798,1.12174,44.6036,0.119288,0.000188494,4.57809,2.65562,1.0427,0.570225,0.391011,0.0488764,0.0162921,0.0651685,0,0,0,0,0,0,0
59086,59108,59097,10.6,-105.176,39.8331,258.78,-46.373,333.683,11.1345,1.43575,64.8893,0.135586,0.000306311,5.32933,2.81693,1.56073,0.799399,0.418733,0.0380666,0.0951666,0.0380666,0.0190333,0.0190333,0,0,0,0,0
59109,59128,59118,10.7,-105.175,39.8304,254.402,-47.325,333.901,9.40663,1.64562,116.936,0.213177,0.000614923,4.34393,2.4376,1.2188,0.531271,0.281261,0.0937538,0.25001,0.156256,0.0312513,0.0312513,0,0.0312513,0,0,0
59129,59151,59140,10.8,-105.175,39.8283,250.915,-48.1086,334.064,10.0931,1.36006,59.8572,0.132032,0.000301518,4.77672,2.53826,1.33908,0.599588,0.419712,0.199863,0.179876,0.0399725,0,0,0,0,0,0,0
59152,59171,59162,10.9,-105.174,39.8259,247.313,-48.9485,334.196,11.0402,1.56289,79.7647,0.15311,0.000432407,5.17717,2.94258,1.3496,0.752239,0.376119,0.221247,0.0884987,0.0442493,0.066374,0.0221247,0,0,0,0,0
59172,59199,59186,11,-105.174,39.8231,243.382,-49.8036,334.445,10.5107,1.43984,66.5552,0.138672,0.00034909,4.92295,2.67517,1.32967,0.82313,0.395736,0.110806,0.158294,0.0633177,0.0316588,0,0,0,0,0,0
59200,59216,59208,11.1,-105.174,39.8204,239.946,-50.7576,334.368,10.1864,1.44814,75.5463,0.156503,0.000390811,5.1063,2.09489,1.33549,0.837957,0.549909,0.0523723,0.104745,0.0523723,0,0.0523723,0,0,0,0,0
59217,59241,59229,11.2,-105.173,39.8177,235.902,-51.6244,334.696,9.75546,1.24979,52.9731,0.127157,0.000241093,4.72558,2.30909,1.34249,0.805497,0.286399,0.214799,0,0.0536998,0.0178999,0,0,0,0,0,0
59242,59268,59255,11.3,-105.173,39.8142,232.376,-52.3041,335.106,9.16019,1.19786,54.8311,0.137322,0.00027237,4.34693,2.24841,1.49894,0.566266,0.249823,0.133239,0.0333098,0.0166549,0.0666195,0,0,0,0,0,0
59269,59294,59282,11.4,-105.172,39.8107,228.853,-52.9888,335.524,7.33881,0.928307,51.0337,0.164925,0.000185078,3.78165,1.96853,0.915193,0.328088,0.241749,0.0518034,0,0,0.0345356,0,0,0.0172678,0,0,0
59295,59321,59308,11.5,-105.171,39.8071,225.321,-53.6822,335.953,5.05684,0.626518,36.61,0.175302,0.000134832,3.02745,1.09787,0.548933,0.216246,0.0665373,0.0166343,0.0332687,0.0332687,0,0,0.0166343,0,0,0,0
59323,59347,59335,11.6,-105.17,39.8035,221.715,-54.6925,335.962,5.09588,0.641211,29.9902,0.140313,0.000155701,2.47244,1.54764,0.67945,0.150989,0.113242,0.0566209,0,0.0377472,0.0377472,0,0,0,0,0,0
59348,59375,59362,11.7,-105.168,39.7998,218.252,-55.4536,336.298,4.91176,0.520254,18.8491,0.108692,7.04635e-05,2.84365,1.37335,0.306985,0.193885,0.129257,0.0161571,0.0484713,0,0,0,0,0,0,0,0
59376,59402,59389,11.8,-105.167,39.7958,214.851,-56.2107,336.631,4.70732,0.554501,25.2085,0.136384,0.000112256,2.78084,1.02187,0.485809,0.184272,0.117264,0.0837601,0.016752,0,0,0.016752,0,0,0,0,0
59402,59429,59416,11.9,-105.165,39.7917,211.428,-57.0996,336.792,5.6989,0.834002,55.8166,0.200778,0.000265257,3.05178,1.5849,0.539541,0.219188,0.0505819,0.0674426,0.0505819,0.101164,0,0.0168606,0,0.0168606,0,0,0
59430,59458,59444,12,-105.164,39.7872,208.086,-57.7903,337.256,7.25501,0.890652,45.3055,0.152603,0.00016174,3.76127,1.93572,0.95999,0.314751,0.0944252,0.1259,0.0314751,0.0157375,0,0,0.0157375,0,0,0,0
59460,59485,59472,12.1,-105.162,39.7825,204.802,-58.5281,337.628,8.79953,0.942265,33.2243,0.10578,0.000111216,4.96035,2.07248,1.07021,0.390713,0.20385,0.06795,0.033975,0,0,0,0,0,0,0,0
59487,59513,59500,12.2,-105.16,39.7779,201.659,-59.1615,338.118,8.86181,1.09684,50.6394,0.138506,0.000246245,4.96261,2.02049,0.974799,0.407643,0.230407,0.159513,0.0354472,0.0354472,0.0177236,0.0177236,0,0,0,0,0
59514,59540,59527,12.3,-105.159,39.773,198.423,-59.9119,338.495,9.27107,1.13996,89.9333,0.236674,0.000238677,5.30252,2.31777,1.0505,0.333492,0.21677,0,0.0166746,0,0.0166746,0,0,0,0,0.0166746,0
59541,59567,59554,12.4,-105.157,39.7681,195.269,-60.5459,339.043,8.64787,1.0529,47.043,0.134038,0.000235029,4.56537,2.44365,0.892589,0.321917,0.160959,0.146326,0.0292652,0.0438978,0.0438978,0,0,0,0,0,0
59568,59592,59580,12.5,-105.155,39.763,192.19,-61.1354,339.637,8.91084,0.9839,36.9531,0.112673,0.000142372,4.89791,2.09039,1.2817,0.396715,0.0915497,0.0915497,0.0152583,0.0457749,0,0,0,0,0,0,0
59593,59617,59605,12.6,-105.153,39.7577,189.083,-61.8624,340.048,9.01602,1.088,83.7679,0.230977,0.000201683,5.17942,2.1421,0.991123,0.543519,0.0959151,0.0479576,0,0,0,0,0,0,0,0.0159859,0
59618,59645,59632,12.7,-105.152,39.752,186.121,-62.0214,341.334,12.1494,1.38969,57.1053,0.123276,0.00023945,6.58565,3.22186,1.23481,0.652887,0.255478,0.0993524,0.0425796,0.0283864,0.0141932,0.0141932,0,0,0,0,0
59646,59673,59660,12.8,-105.15,39.7459,182.982,-62.2154,342.684,16.6837,1.89728,87.4632,0.138298,0.00030894,8.6903,4.94963,1.97701,0.654261,0.213346,0.0426692,0.0853384,0.0284461,0.0142231,0.0142231,0,0,0.0142231,0,0
59675,59698,59686,12.9,-105.149,39.7404,180.064,-61.858,344.841,11.4223,1.22946,44.7839,0.109278,0.000165781,6.6762,2.61036,1.31309,0.42715,0.158204,0.158204,0.0791019,0,0,0,0,0,0,0,0
59700,59722,59711,13,-105.148,39.7362,177.226,-61.1946,347.492,11.0519,1.32314,59.6203,0.135179,0.000307133,6.46618,2.57327,1.00622,0.593833,0.0989721,0.0824767,0.115467,0.0659814,0.049486,0,0,0,0,0,0
59724,59749,59736,13.1,-105.147,39.7323,174.4,-61.8144,348.082,10.5586,1.2462,56.6772,0.13644,0.000263688,6.1354,2.55245,0.903663,0.491466,0.237806,0.0792687,0.110976,0.0158537,0,0.0317075,0,0,0,0,0
59750,59775,59762,13.2,-105.146,39.7286,171.617,-62.5192,348.516,11.582,1.36775,64.0438,0.140472,0.000304677,6.59424,2.93757,1.10159,0.520195,0.214198,0.0764992,0.0458995,0.0152998,0.0458995,0.0305997,0,0,0,0,0
59776,59798,59787,13.3,-105.145,39.7256,168.882,-62.8617,349.545,10.5242,1.43806,120.857,0.252125,0.000381087,6.28335,2.42333,0.830857,0.519285,0.242333,0.0865476,0.034619,0.0519285,0.0173095,0,0.0173095,0,0,0.0173095,0
59799,59817,59808,13.4,-105.145,39.7236,166.298,-63.2875,350.379,10.1817,1.28438,75.6148,0.176618,0.000341156,6.54256,2.1676,0.676131,0.338065,0.139203,0.0795448,0.119317,0.0596586,0.0198862,0.0198862,0,0.0198862,0,0,0
59818,59841,59830,13.5,-105.144,39.7219,163.519,-63.9779,350.917,10.3406,1.16033,57.3374,0.148244,0.000206757,6.52742,2.34787,0.799276,0.283077,0.199819,0.0999094,0.0166516,0.0333031,0.0166516,0,0,0.0166516,0,0,0
59842,59865,59854,13.6,-105.144,39.7202,160.84,-64.7683,351.24,10.1036,1.05923,42.5099,0.120399,0.000190571,6.79699,2.10423,0.634608,0.200403,0.167002,0.0835011,0.0668009,0.0167002,0.0334004,0,0,0,0,0,0
59867,59889,59878,13.7,-105.142,39.7187,158.245,-65.2971,351.976,10.6109,1.20165,58.3164,0.14559,0.00022172,6.63811,2.46415,0.821383,0.217918,0.234681,0.11734,0.0838146,0,0.0167629,0,0.0167629,0,0,0,0
59891,59916,59904,13.8,-105.141,39.7172,155.601,-65.9365,352.598,10.1187,1.18606,62.7713,0.158772,0.00026207,6.40801,2.24514,0.732789,0.296234,0.280643,0.0467738,0.0155913,0.0311825,0.0311825,0.0155913,0.0155913,0,0,0,0
59917,59942,59930,13.9,-105.139,39.7154,153.075,-66.5427,353.21,11.0749,1.25489,59.8669,0.14312,0.000219892,6.85368,2.47667,0.887864,0.49845,0.124612,0.109036,0.0623062,0.0467297,0,0,0,0.0155766,0,0,0
59943,59961,59952,14,-105.138,39.7135,150.845,-66.709,354.404,11.351,1.38801,77.6701,0.167874,0.000346573,7.12219,2.52919,0.870041,0.424904,0.141635,0.040467,0.0607005,0.080934,0.0607005,0,0,0.0202335,0,0,0
59964,59985,59974,14.1,-105.136,39.7106,147.932,-65.7186,358.101,10.8263,1.50675,81.5747,0.162418,0.000511087,6.68833,2.06055,0.962714,0.304015,0.219566,0.202677,0.118228,0.185787,0.0844486,0,0,0,0,0,0
59986,60008,59997,14.2,-105.134,39.7071,145.635,-64.5471,361.737,11.598,1.54446,85.6177,0.166306,0.000421462,6.57949,2.8302,1.07956,0.393894,0.233419,0.204241,0.145887,0.0583547,0.043766,0.0145887,0,0.0145887,0,0,0
60009,60030,60020,14.3,-105.133,39.7036,143.367,-64.3114,363.769,10.7173,1.33976,58.8007,0.131667,0.000300724,5.62815,3.18664,0.808551,0.348787,0.269517,0.285371,0.0951236,0.0951236,0,0,0,0,0,0,0
60031,60053,60042,14.4,-105.132,39.7007,140.934,-64.1755,365.787,10.8976,1.3696,60.982,0.133577,0.00031342,5.98891,2.81177,0.873714,0.492457,0.270057,0.270057,0.0953143,0.0794286,0.0158857,0,0,0,0,0,0
60054,60076,60065,14.5,-105.132,39.6981,138.747,-64.583,366.718,10.9622,1.48542,86.2626,0.174218,0.000404889,6.10858,2.64604,1.01306,0.544329,0.257044,0.181443,0.105842,0.0302405,0.0151203,0.0453608,0,0.0151203,0,0,0
60077,60099,60088,14.6,-105.13,39.696,136.427,-64.9813,367.78,13.0992,1.63019,84.2491,0.155041,0.000354623,7.48961,3.09288,1.30386,0.454835,0.409351,0.181934,0.0606446,0.0454835,0.0454835,0,0,0,0.0151612,0,0
60100,60122,60111,14.7,-105.129,39.6939,134.21,-65.3574,368.833,13.7124,1.62577,75.9557,0.14016,0.000375896,8.00147,3.43574,1.19106,0.534449,0.19851,0.13743,0.0763499,0.0763499,0.03054,0.03054,0,0,0,0,0
60123,60145,60134,14.8,-105.127,39.6917,132.074,-64.5874,371.91,11.6817,1.57979,81.304,0.154396,0.000378834,5.90938,3.0613,1.17274,0.731057,0.350298,0.258916,0.0913821,0.0609214,0.0304607,0,0.0152304,0,0,0,0
60146,60169,60158,14.9,-105.124,39.689,129.817,-64.5337,373.839,10.6849,1.73773,105.892,0.182811,0.000599444,5.45147,2.29688,1.14844,0.625101,0.450655,0.26167,0.247133,0.116298,0.058149,0.0145372,0,0.0145372,0,0,0
60170,60192,60181,15,-105.123,39.6867,127.84,-64.081,376.292,8.57744,1.5405,88.1567,0.171678,0.000553855,3.61938,1.91712,0.975085,0.760236,0.57844,0.347064,0.181796,0.148742,0.0330537,0.0165269,0,0,0,0,0
60192,60208,60200,15.1,-105.122,39.6853,125.81,-64.2175,377.775,11.5942,1.76091,101.194,0.172401,0.000603768,5.88395,2.8877,1.19416,0.629648,0.347392,0.282256,0.151984,0.086848,0.086848,0.043424,0,0,0,0,0
60208,60230,60219,15.2,-105.121,39.6843,123.696,-64.8987,378.372,12.4615,1.6498,79.3932,0.144369,0.000437238,6.72164,2.94544,1.37454,0.558878,0.362516,0.196363,0.166153,0.0604193,0.0755241,0,0,0,0,0,0
60231,60255,60243,15.3,-105.119,39.6827,121.647,-65.314,379.418,12.6365,2.11235,192.127,0.272862,0.000714148,6.4086,3.23905,1.20943,0.722879,0.347538,0.319735,0.250227,0.055606,0.027803,0.0139015,0,0.0139015,0,0.027803,0
60256,60279,60268,15.4,-105.117,39.681,119.691,-65.1057,381.567,8.8589,1.57329,95.278,0.181679,0.000544949,3.73404,1.99552,1.19429,0.740761,0.529115,0.256999,0.226764,0.120941,0.0453527,0,0.0151176,0,0,0,0
60279,60302,60290,15.5,-105.114,39.6793,117.663,-65.0861,383.471,7.10289,1.35829,75.1616,0.166006,0.00047282,2.52917,1.65078,0.878396,0.681514,0.60579,0.454343,0.181737,0.0908685,0.0302895,0,0,0,0,0,0
60302,60324,60313,15.6,-105.112,39.6773,115.787,-65.2026,385.014,6.97185,1.37865,80.9493,0.176149,0.000520602,2.64869,1.2939,1.11123,0.624117,0.517561,0.380559,0.274003,0.0761119,0.0304447,0.0152224,0,0,0,0,0
60326,60343,60334,15.7,-105.11,39.6753,114.046,-65.3656,386.387,7.14271,1.41312,81.7574,0.173567,0.000530159,2.58147,1.51394,1.04812,0.659925,0.504648,0.485239,0.194095,0.0970477,0.0582286,0,0,0,0,0,0
60343,60359,60351,15.8,-105.11,39.6744,112.101,-65.0241,388.929,7.03024,1.73816,114.048,0.196843,0.00081809,2.31609,1.25028,0.901839,0.778861,0.573897,0.532905,0.348438,0.245956,0.0819853,0,0,0,0,0,0
60360,60376,60368,15.9,-105.109,39.6739,110.361,-64.9547,390.795,7.02894,1.57329,101.135,0.192849,0.000701817,2.20676,1.6755,1.02165,0.674288,0.531257,0.408659,0.224763,0.163464,0.122598,0,0,0,0,0,0
60377,60389,60383,16,-105.108,39.6731,108.695,-65.5692,391.345,7.23411,1.73804,148.518,0.256355,0.000739462,2.7019,1.45263,1.01684,0.726317,0.522948,0.319579,0.174316,0.203369,0.0581053,0,0.0290527,0,0.0290527,0,0
60390,60409,60400,16.1,-105.107,39.6732,106.692,-65.809,392.976,7.24471,1.4175,91.7872,0.194259,0.000529436,2.81739,1.80243,1.01496,0.437483,0.26249,0.489981,0.279989,0.104996,0.0174993,0,0,0.0174993,0,0,0
60411,60428,60420,16.2,-105.104,39.6733,104.926,-66.3028,393.907,6.39046,1.17174,76.9687,0.197063,0.000424047,2.77761,1.45679,0.835227,0.505021,0.233087,0.291358,0.116543,0.135967,0.0194239,0,0.0194239,0,0,0,0
60429,60445,60437,16.3,-105.102,39.6736,103.228,-66.7235,394.953,6.63928,1.6482,143.103,0.260472,0.00071297,2.37856,1.57192,0.827324,0.517078,0.455028,0.434345,0.186148,0.165465,0.0206831,0.0206831,0.0206831,0.0413662,0,0,0
60446,60467,60456,16.4,-105.1,39.6735,101.473,-67.309,395.761,6.58942,1.45087,99.4566,0.205649,0.000601223,2.22435,1.45502,0.953292,0.685701,0.485008,0.334488,0.250866,0.133795,0.0334488,0.0167244,0.0167244,0,0,0,0
60467,60491,60479,16.5,-105.098,39.6732,99.7858,-66.5954,399.036,6.66865,1.31668,83.2559,0.189695,0.000486413,2.59175,1.48516,0.815381,0.582415,0.465932,0.37857,0.218406,0.0873623,0.0291208,0,0.0145604,0,0,0,0
60492,60514,60503,16.6,-105.095,39.6726,98.2277,-65.8982,402.198,14.4314,2.16818,114.674,0.158668,0.000584578,6.58035,3.58516,1.86065,0.998398,0.589963,0.43869,0.242036,0.0907635,0.0302545,0,0,0.0151272,0,0,0
60514,60539,60526,16.7,-105.092,39.6717,96.5713,-66.1008,403.754,14.0654,1.86338,83.6163,0.13462,0.000428179,6.84574,3.57113,1.77912,0.941129,0.386765,0.219167,0.232059,0.0644609,0.0257843,0,0,0,0,0,0
60540,60564,60552,16.8,-105.09,39.6704,94.9988,-66.4368,404.994,22.297,2.6806,109.407,0.122443,0.000478843,10.4708,6.52868,3.1462,1.28086,0.435245,0.174098,0.11192,0.11192,0.0373067,0,0,0,0,0,0
