data/B2SAP/Locations/Boulder/NOAA-POPS-B2SAP_GMLBalloon_20210913_R0.ict
61,1001
Thornberry, T. D.
NOAA Chemical Sciences Laboratory
Portable Optical Particle Spectrometer (POPS)
Balloon Baseline Stratospheric Aerosol Profiles (B2SAP)
1,1
2021,09,13,2024,05,30
0
TIME_START,s,Seconds since midnight UTC on flight start day,Start time of 100 m altitude bin in UTC_seconds_since_midnight
28
1.0,1.0,1.0,1.0,1.0,1.0,1.0,1.0,1.0,1.0,1.0,1.0,1.0,1.0,1.0,1.0,1.0,1.0,1.0,1.0,1.0,1.0,1.0,1.0,1.0,1.0,1.0,1.0
99999,99999,99999,99999,99999,99999,99999,99999,99999,99999,99999,99999,99999,99999,99999,99999,99999,99999,99999,99999,99999,99999,99999,99999,99999,99999,99999,99999
TIME_STOP,s,End time of 100 m altitude bin in UTC seconds since midnight,
TIME_MID,s,Mid time of 100 m altitude in UTC seconds since midnight,
GPSAlt,m,GPS reported altitude above sea level (m),
GPS_Lon,deg,GPS reported longitude,
GPS_Lat,deg,GPS reported latitude,
iMet_Pressure,mb,Pressure reported (mB),
iMet_Temperature,degrees C,Ambient temperature (oC),
THETA,K,Potential temperature from iMet,
Aerosol_concentration,cm^-3,Aerosol concentration,
Surface_Area_Conc,um^2 cm^-3,Surface area concentration,
Volume_density,um^3 cm^-3,Volume density,
Effective_radius,um,Effective radius,
Extinction,km^-1,Extinction,
Bin01,cm^-3,particle concentration in size range [140 - 170 nm],
Bin02,cm^-3,particle concentration in size range [170 - 205 nm],
Bin03,cm^-3,particle concentration in size range [205 - 249 nm],
Bin04,cm^-3,particle concentration in size range [249 - 302 nm],
Bin05,cm^-3,particle concentration in size range [302 - 366 nm],
Bin06,cm^-3,particle concentration in size range [366 - 443 nm],
Bin07,cm^-3,particle concentration in size range [443 - 537 nm],
Bin08,cm^-3,particle concentration in size range [537 - 651 nm],
Bin09,cm^-3,particle concentration in size range [651 - 789 nm],
Bin10,cm^-3,particle concentration in size range [789 - 956 nm],
Bin11,cm^-3,particle concentration in size range [956 - 1159 nm],
Bin12,cm^-3,particle concentration in size range [1159 - 1404 nm],
Bin13,cm^-3,particle concentration in size range [1404 - 1702 nm],
Bin14,cm^-3,particle concentration in size range [1702 - 2062 nm],
Bin15,cm^-3,particle concentration in size range [2062 - 2500 nm],
0
19
PI_CONTACT_INFO: 325 Broadway R/CSL6, Boulder, CO 80305; troy.thornberry@noaa.gov; 303-497-3373 
PLATFORM: GML ECC/FPH balloon
LOCATION: Boulder, CO, USA
ASSOCIATED_DATA: N/A
INSTRUMENT_INFO: Printed Optical Particle Spectrometer counts particles from 140 - 2500 nm in diameter 
DATA_INFO: Particle concentrations reported in number per cubic centimeter, binned to 100 m altitude
UNCERTAINTY: Counting uncertainty dominated by air flow, less than 5 percent
ULOD_FLAG: -77777
ULOD_VALUE: 3000 ~3000 per cm3 (varies depending on flow rate- manufacturer quotes 1250  per cm3 at 1.667 cc/s)
LLOD_FLAG: -88888
LLOD_VALUE: 0 0 (varies depending on data field and measurement precision)
DM_CONTACT_INFO: Troy Thornberry, 325 Broadway R/CSL6, Boulder, CO 80305; troy.thornberry@noaa.gov; 303-497-3373
PROJECT_INFO: B2SAP Boulder, CO, USA
STIPULATIONS_ON_USE: Please contact the PIs for questions regarding applications and uncertainties
OTHER_COMMENTS: POPS bin Edges (nm):  140, 170, 205, 249, 302, 366, 443, 537, 651, 789, 956, 1159, 1404, 1702, 2062, 2500
Calculations assume sulfate refractive index of 1.45+0.00j and extinction wavelength = 532 nm
REVISION: R0
R0: QA/QC data
TIME_START,TIME_STOP,TIME_MID,GPSAlt,GPS_Lon,GPS_Lat,iMet_Pressure,iMet_Temperature,THETA,Aerosol_concentration,Surface_Area_Conc,Volume_density,Effective_radius,Extinction,Bin01,Bin02,Bin03,Bin04,Bin05,Bin06,Bin07,Bin08,Bin09,Bin10,Bin11,Bin12,Bin13,Bin14,Bin15
[from data line 154]
61107,61127,61117,17.2,-104.29,39.9454,90.7324,-64.4206,414.354,21.0061,3.02902,141.147,0.139794,0.0005965,6.57235,6.4271,4.23027,2.37839,0.962249,0.217868,0.0544669,0.12709,0.0181556,0,0.0181556,0,0,0,0
61131,61156,61144,17.3,-104.286,39.9474,89.0217,-65.2639,414.922,19.7175,2.96279,149.623,0.151502,0.000645912,6.47843,5.55102,3.92469,2.39245,0.766121,0.336018,0.120966,0.0806443,0.0403221,0,0.0134407,0.0134407,0,0,0
61161,61188,61174,17.4,-104.282,39.9493,87.5827,-65.2141,416.966,21.3308,3.0063,127.862,0.127595,0.000571437,7.20901,5.81235,4.35926,2.5817,0.888782,0.23983,0.0987536,0.126969,0.0141077,0,0,0,0,0,0
61189,61206,61198,17.5,-104.278,39.9497,86.2214,-64.3836,420.509,22.8269,3.39114,158.742,0.140433,0.000778839,7.12375,6.88114,4.49921,2.71276,0.970417,0.286714,0.154385,0.0882198,0.0882198,0.0220549,0,0,0,0,0
61207,61231,61219,17.6,-104.276,39.9488,84.6893,-63.9647,423.507,22.6055,3.26368,140.88,0.129498,0.000636536,7.24114,6.19497,4.73853,2.8103,1.04617,0.348723,0.102566,0.0820525,0.0410263,0,0,0,0,0,0
61232,61256,61244,17.7,-104.274,39.9483,83.3816,-63.85,425.641,22.2086,3.40497,177.008,0.155956,0.000779618,7.0465,6.34995,4.55188,2.67281,0.907136,0.291579,0.194386,0.129591,0.0161989,0.0161989,0.0161989,0.0161989,0,0,0
61257,61282,61270,17.8,-104.272,39.9474,82.0348,-63.9552,427.403,20.7478,2.99009,125.77,0.126187,0.000544968,5.96994,6.14639,4.4407,2.85263,0.838144,0.294086,0.132339,0.0588172,0.0147043,0,0,0,0,0,0
61283,61306,61294,17.9,-104.271,39.9465,80.7239,-64.5417,428.169,20.6884,3.10475,139.925,0.135204,0.000668939,6.70743,4.92336,4.70035,2.67611,1.20082,0.205855,0.102927,0.102927,0.0686182,0,0,0,0,0,0
61308,61329,61318,18,-104.269,39.9455,79.4112,-65.1575,428.916,18.878,2.69568,111.003,0.123534,0.000463387,5.63437,5.2084,4.2403,2.45899,0.968105,0.232345,0.0774484,0.0580863,0,0,0,0,0,0,0
61331,61351,61341,18.1,-104.268,39.9445,78.1156,-65.44,430.343,19.2765,3.06887,141.276,0.138105,0.000696795,5.54901,5.04631,3.61555,3.07419,1.39209,0.290018,0.193345,0.0580035,0.0580035,0,0,0,0,0,0
61352,61374,61363,18.2,-104.266,39.9437,76.8156,-65.5906,432.106,17.598,2.75666,125.243,0.136299,0.000614465,5.19986,4.85062,3.20141,2.59993,1.04773,0.446257,0.135817,0.0970123,0.0194025,0,0,0,0,0,0
61375,61400,61388,18.3,-104.264,39.9429,75.5063,-65.7468,433.904,17.345,2.60217,111.867,0.12897,0.000492403,4.76169,4.76169,3.68172,2.7981,0.981791,0.212721,0.0818159,0.0327264,0.0327264,0,0,0,0,0,0
61401,61425,61413,18.4,-104.261,39.9419,74.2155,-65.1595,437.281,14.757,2.32803,104.318,0.134428,0.000493061,3.98376,3.92176,2.9607,2.46466,0.976564,0.263517,0.124008,0.031002,0.031002,0,0,0,0,0,0
61426,61437,61432,18.5,-104.26,39.9411,73.1889,-62.8656,443.874,13.7559,2.2017,96.9103,0.132048,0.000445935,3.03038,3.88161,3.20062,2.34939,0.817181,0.340492,0.0680984,0.0680984,0,0,0,0,0,0,0
61439,61455,61447,18.6,-104.26,39.9407,71.95,-61.1015,449.777,12.6427,2.17736,100.038,0.137834,0.00049717,2.90611,3.01218,2.7152,2.24853,1.27275,0.233338,0.233338,0.0212125,0,0,0,0,0,0,0
61457,61480,61468,18.7,-104.259,39.9402,70.7371,-60.3041,453.673,12.3982,2.22115,106.85,0.144317,0.00055917,2.59833,2.98326,2.7908,2.47001,0.834031,0.449094,0.192469,0.0641562,0.0160391,0,0,0,0,0,0
61482,61501,61492,18.8,-104.259,39.9405,69.5371,-57.3979,462.119,10.0611,1.81513,98.9844,0.163598,0.000470046,2.26566,2.66887,2.20806,1.65124,0.710419,0.345609,0.115203,0.0768021,0,0,0.0192005,0,0,0,0
61503,61525,61514,18.9,-104.258,39.9413,68.4107,-57.152,464.804,9.37783,1.83483,99.7459,0.163087,0.000610186,2.04022,2.20129,2.32656,1.50332,0.590589,0.250553,0.21476,0.232656,0.0178966,0,0,0,0,0,0
61526,61549,61538,19,-104.257,39.9423,67.3275,-57.9844,465.137,8.91979,1.50072,70.0808,0.140094,0.000351218,2.11656,2.18375,2.08297,1.54543,0.638328,0.201577,0.0839905,0.0503943,0.0167981,0,0,0,0,0,0
61550,61573,61562,19.1,-104.256,39.9436,66.2113,-58.5063,466.221,9.18333,1.69265,83.4492,0.147903,0.00045192,1.77252,2.29583,2.19455,1.62059,0.692126,0.371385,0.168811,0.0506434,0.0168811,0,0,0,0,0,0
61574,61597,61586,19.2,-104.255,39.9453,65.2362,-59.1244,466.86,9.33564,1.66656,83.5119,0.150331,0.000458348,2.28317,2.35082,1.92801,1.43755,0.84562,0.287511,0.0676496,0.101474,0.0338248,0,0,0,0,0,0
61599,61621,61610,19.3,-104.254,39.9469,64.1547,-59.6907,467.852,8.16367,1.41765,69.6363,0.147363,0.000374914,2.00479,2.25765,1.66163,1.10173,0.686326,0.270918,0.126428,0.0180612,0.0361224,0,0,0,0,0,0
61624,61643,61634,19.4,-104.252,39.9479,63.1536,-59.825,469.66,7.94627,1.38499,66.9582,0.145037,0.000362981,2.21485,1.84571,1.57371,1.224,0.582856,0.272,0.194285,0.0388571,0,0,0,0,0,0,0
61644,61666,61655,19.5,-104.251,39.9483,62.16,-59.8014,471.853,7.54642,1.47481,81.5696,0.165926,0.000513504,1.92056,2.13395,1.20277,1.06698,0.581986,0.213395,0.252194,0.155196,0.0193995,0,0,0,0,0,0
61668,61692,61680,19.6,-104.25,39.9483,61.095,-60.1487,473.407,6.90176,1.27353,65.3503,0.153943,0.000373994,1.6871,1.7723,1.29515,1.09065,0.61349,0.221538,0.11929,0.0852069,0.0170414,0,0,0,0,0,0
61694,61715,61704,19.7,-104.249,39.9483,60.0686,-60.2736,475.438,6.88153,1.28808,63.4976,0.147889,0.00034957,1.67652,1.52056,1.28663,1.20865,0.66281,0.331405,0.17545,0.0194944,0,0,0,0,0,0,0
61717,61739,61728,19.8,-104.248,39.9483,59.0873,-60.1973,477.841,6.09259,1.15651,60.9381,0.158074,0.000362376,1.47313,1.63682,1.21852,0.745661,0.472858,0.309176,0.163682,0.0545605,0.0181868,0,0,0,0,0,0
61741,61763,61752,19.9,-104.247,39.948,58.1343,-60.5593,479.256,5.08886,0.991723,51.9154,0.157046,0.000308127,1.28684,1.07237,1.01387,0.779902,0.545932,0.175478,0.136483,0.0779902,0,0,0,0,0,0,0
61764,61787,61776,20,-104.246,39.9476,57.2487,-60.9913,480.384,5.99924,1.25547,71.0748,0.169836,0.000446276,1.53172,1.44055,0.784096,1.02115,0.601748,0.364696,0.109409,0.109409,0.0364696,0,0,0,0,0,0
61789,61812,61800,20.1,-104.244,39.9473,56.292,-61.0013,482.672,5.07627,1.03776,56.8476,0.164338,0.000351518,1.3695,0.967779,0.876479,0.858219,0.566059,0.16434,0.20086,0.0547799,0.01826,0,0,0,0,0,0
61813,61836,61824,20.2,-104.242,39.9468,55.36,-60.4371,486.282,4.99238,0.990184,52.9527,0.160433,0.000321283,1.35277,1.04679,0.7247,0.982371,0.499238,0.14494,0.14494,0.0966266,0,0,0,0,0,0,0
61837,61859,61848,20.3,-104.24,39.9467,54.52,-59.4367,490.7,5.12528,1.11211,65.3408,0.176261,0.000427838,1.25406,1.19953,0.854214,0.76334,0.508893,0.218097,0.181748,0.109049,0.0363495,0,0,0,0,0,0
61859,61882,61870,20.4,-104.238,39.9466,53.658,-57.9173,496.447,4.15207,0.865334,50.3016,0.174389,0.000309613,1.15036,0.898717,0.772897,0.377461,0.521256,0.233667,0.143795,0.0359487,0,0.0179743,0,0,0,0,0
61882,61906,61894,20.5,-104.236,39.9468,52.7565,-57.3324,500.212,3.84347,0.88653,54.1532,0.183253,0.00037312,1.07554,0.885737,0.506135,0.442868,0.363785,0.253068,0.189801,0.110717,0.0158167,0,0,0,0,0,0
61908,61930,61919,20.6,-104.233,39.947,51.91,-57.0069,503.283,3.77287,0.805157,44.5977,0.16617,0.000280675,1.01059,0.656884,0.623198,0.589512,0.538982,0.151589,0.117902,0.0842159,0,0,0,0,0,0,0
61931,61955,61943,20.7,-104.231,39.9468,51.0487,-56.6831,506.459,3.15386,0.622643,31.9186,0.153789,0.000184817,0.721361,0.771688,0.536827,0.452948,0.369068,0.20131,0.0838792,0.0167758,0,0,0,0,0,0,0
61956,61980,61968,20.8,-104.229,39.9462,50.2283,-56.3583,509.562,3.56672,0.772165,45.0896,0.175181,0.000286626,0.820793,0.835717,0.641711,0.417858,0.507399,0.194006,0.0596941,0.0447705,0.0447705,0,0,0,0,0,0
61981,62006,61994,20.9,-104.228,39.9458,49.4526,-55.4674,513.948,2.81551,0.614741,35.3428,0.172477,0.000227709,0.816498,0.478637,0.422327,0.366016,0.464559,0.11262,0.0844653,0.0563102,0.0140776,0,0,0,0,0,0
62007,62030,62018,21,-104.227,39.9457,48.7112,-54.865,517.591,3.17967,0.742364,43.399,0.175382,0.000284787,0.699195,0.566015,0.649252,0.482777,0.299655,0.26636,0.166475,0.033295,0.0166475,0,0,0,0,0,0
62031,62055,62043,21.1,-104.226,39.9455,47.8695,-53.8921,522.5,3.23073,0.602044,29.7046,0.148019,0.000165083,0.856847,0.744473,0.50568,0.519727,0.351167,0.154513,0.0983267,0,0,0,0,0,0,0,0
62056,62080,62068,21.2,-104.226,39.9456,47.1028,-54.2022,524.17,2.86308,0.616944,32.9005,0.159985,0.000199127,0.746301,0.434212,0.46135,0.447781,0.46135,0.189968,0.108553,0.0135691,0,0,0,0,0,0,0
62081,62102,62092,21.3,-104.226,39.9459,46.342,-54.0107,527.073,2.89254,0.627634,34.5051,0.164929,0.000215662,0.517102,0.614059,0.727175,0.387826,0.323189,0.161594,0.113116,0.0484783,0,0,0,0,0,0,0
62104,62125,62114,21.4,-104.226,39.9461,45.6447,-53.5365,530.512,3.21864,0.732524,40.6293,0.166395,0.000255099,0.694772,0.552982,0.538803,0.58134,0.439549,0.241043,0.127611,0.042537,0,0,0,0,0,0,0
62126,62147,62136,21.5,-104.226,39.9461,44.8912,-54.0244,531.846,3.31416,0.699935,37.7592,0.16184,0.00023181,0.756658,0.711258,0.469128,0.605326,0.499394,0.0907989,0.136198,0.0453995,0,0,0,0,0,0,0
62148,62169,62158,21.6,-104.226,39.9462,44.2465,-54.5606,532.756,2.8987,0.610299,31.644,0.15555,0.000184343,0.7175,0.53095,0.35875,0.4592,0.58835,0.15785,0.07175,0.01435,0,0,0,0,0,0,0
62170,62191,62180,21.7,-104.226,39.9468,43.5569,-54.5494,535.17,2.82474,0.524181,25.3746,0.145224,0.000135782,0.774524,0.485976,0.546723,0.516349,0.288548,0.151867,0.060747,0,0,0,0,0,0,0,0
62193,62215,62204,21.8,-104.227,39.9476,42.8124,-54.7635,537.29,2.70915,0.557436,30.197,0.162514,0.000182067,0.655899,0.513313,0.527571,0.470537,0.285174,0.142587,0.0855521,0.0142587,0.0142587,0,0,0,0,0,0
62216,62239,62228,21.9,-104.227,39.9484,42.0725,-55.025,539.324,3.03425,0.609655,31.1679,0.153371,0.000178038,0.819248,0.530994,0.500652,0.470309,0.394453,0.257911,0.0455138,0.0151713,0,0,0,0,0,0,0
62240,62261,62250,22,-104.226,39.949,41.4733,-55.6413,540.006,2.93117,0.617177,32.5489,0.158215,0.000194691,0.618802,0.586233,0.569949,0.455959,0.407106,0.162843,0.11399,0.0162843,0,0,0,0,0,0,0
62262,62285,62274,22.1,-104.226,39.9496,40.8633,-55.77,541.984,2.8086,0.60578,36.2494,0.179518,0.000222324,0.795498,0.503275,0.373397,0.584448,0.275989,0.129877,0.097408,0.0324693,0,0.0162347,0,0,0,0,0
62286,62308,62297,22.2,-104.226,39.9505,40.1723,-55.7392,544.699,3.24647,0.628519,31.1893,0.14887,0.000171254,0.750629,0.675566,0.544206,0.619269,0.431612,0.150126,0.0562972,0.0187657,0,0,0,0,0,0,0
62309,62329,62319,22.3,-104.224,39.9508,39.6,-54.4729,550.135,2.83464,0.577857,30.5755,0.158735,0.000183601,0.816033,0.458124,0.47244,0.443807,0.372225,0.15748,0.0858982,0.0286327,0,0,0,0,0,0,0
62330,62353,62342,22.4,-104.223,39.9507,38.8775,-53.1675,556.328,2.70331,0.650823,38.6283,0.178059,0.000255955,0.498376,0.498376,0.52858,0.52858,0.271841,0.166125,0.151023,0.0453069,0.0151023,0,0,0,0,0,0
62354,62374,62364,22.5,-104.223,39.9503,38.2947,-52.928,559.351,2.65968,0.46762,22.8082,0.146325,0.000125357,0.870441,0.467459,0.515817,0.370743,0.290147,0.0644771,0.0644771,0.0161193,0,0,0,0,0,0,0
62375,62395,62385,22.6,-104.223,39.9495,37.6289,-53.1656,561.544,2.68293,0.565801,31.3023,0.165972,0.000194577,0.684146,0.536585,0.456097,0.415854,0.295122,0.160976,0.107317,0.0134146,0.0134146,0,0,0,0,0,0
62396,62418,62407,22.7,-104.223,39.9486,37.1277,-52.7338,564.812,2.23077,0.432036,23.4445,0.162795,0.000137705,0.576282,0.520513,0.316026,0.446154,0.241667,0.074359,0,0.0371795,0.0185898,0,0,0,0,0,0
62419,62441,62430,22.8,-104.223,39.9479,36.505,-52.6189,567.843,2.56057,0.517357,27.0139,0.156645,0.000158816,0.606451,0.525591,0.377347,0.566021,0.269534,0.107813,0.0808601,0.0269534,0,0,0,0,0,0,0
62442,62461,62452,22.9,-104.223,39.9476,35.9422,-52.1961,571.461,2.66858,0.55797,29.4192,0.158176,0.000176391,0.683907,0.442528,0.402298,0.509578,0.402298,0.0938696,0.120689,0.0134099,0,0,0,0,0,0,0
62463,62486,62474,23,-104.223,39.9478,35.3895,-52.0584,574.359,2.76719,0.595971,34.1467,0.171888,0.000216031,0.888549,0.444274,0.330032,0.456968,0.291952,0.241177,0.0761613,0.0126936,0.0253871,0,0,0,0,0,0
62487,62510,62498,23.1,-104.223,39.9479,34.7645,-51.892,577.721,2.257,0.465301,25.0654,0.161608,0.000154597,0.663823,0.398294,0.362085,0.289668,0.313807,0.120695,0.0844865,0.024139,0,0,0,0,0,0,0
62511,62533,62522,23.2,-104.222,39.9477,34.2818,-51.3718,581.405,2.23943,0.498522,27.2823,0.164179,0.000170006,0.395194,0.46106,0.373239,0.50497,0.285418,0.0658657,0.131731,0.0219552,0,0,0,0,0,0,0
62534,62555,62544,23.3,-104.221,39.9473,33.6914,-50.991,585.289,2.24464,0.488395,26.9926,0.165804,0.000166219,0.481834,0.481834,0.376065,0.352561,0.293801,0.164529,0.0705122,0.011752,0.011752,0,0,0,0,0,0
62556,62578,62567,23.4,-104.221,39.9468,33.1848,-50.477,589.201,2.45363,0.546828,31.4624,0.172609,0.000201855,0.50802,0.540447,0.464784,0.378313,0.270223,0.162134,0.0648536,0.0540447,0.0108089,0,0,0,0,0,0
62579,62602,62590,23.5,-104.22,39.9463,32.6044,-50.5213,592.045,2.3082,0.477922,24.576,0.154268,0.000140203,0.458478,0.490098,0.41105,0.426859,0.268763,0.205525,0.0316192,0.0158096,0,0,0,0,0,0,0
62610,62626,62618,23.6,-104.219,39.9459,32.0747,-50.2112,595.664,2.07781,0.447621,24.5488,0.164529,0.000151666,0.500494,0.25783,0.485328,0.394329,0.242664,0.0909989,0.060666,0.0454995,0,0,0,0,0,0,0
62631,62651,62641,23.7,-104.219,39.9456,31.6253,-50.2894,597.852,2.05769,0.498366,28.5974,0.172147,0.000186928,0.320085,0.457264,0.350569,0.320085,0.320085,0.137179,0.121937,0.0304843,0,0,0,0,0,0,0
62652,62674,62663,23.8,-104.22,39.9456,31.0378,-49.975,601.922,2.20341,0.476069,24.7686,0.156082,0.000144516,0.437764,0.350212,0.40858,0.481541,0.291843,0.145921,0.0875529,0,0,0,0,0,0,0,0
62675,62695,62685,23.9,-104.22,39.9457,30.6387,-50.2647,603.356,2.05897,0.453613,26.2131,0.173362,0.000166081,0.479243,0.372744,0.425994,0.319495,0.230747,0.141998,0.0354995,0.0354995,0.0177497,0,0,0,0,0,0
62696,62713,62704,24,-104.22,39.9459,30.1553,-50.8387,604.55,1.78342,0.394344,22.5375,0.171456,0.000142044,0.468372,0.216172,0.414329,0.270215,0.198157,0.1261,0.0720573,0,0.0180143,0,0,0,0,0,0
62714,62738,62726,24.1,-104.221,39.946,29.7006,-51.035,606.639,2.30129,0.570038,33.897,0.178393,0.000228486,0.441969,0.441969,0.350527,0.441969,0.274325,0.152403,0.137163,0.0609612,0,0,0,0,0,0,0
62740,62760,62750,24.2,-104.221,39.9461,29.1988,-51.6025,608.05,1.98784,0.373534,17.8107,0.143045,9.21962e-05,0.366181,0.470804,0.401055,0.418492,0.191809,0.104623,0.0348744,0,0,0,0,0,0,0,0
62761,62781,62771,24.3,-104.221,39.9461,28.762,-51.21,611.75,1.89229,0.379143,19.2482,0.152303,0.000110388,0.37471,0.412181,0.412181,0.299768,0.224826,0.0936775,0.074942,0,0,0,0,0,0,0,0
62782,62801,62792,24.4,-104.222,39.9465,28.2514,-50.3293,617.336,1.94314,0.53233,45.1454,0.254422,0.000211752,0.283374,0.485784,0.40482,0.323856,0.20241,0.121446,0.060723,0.020241,0.020241,0,0,0.020241,0,0,0
62804,62825,62814,24.5,-104.223,39.9474,27.834,-49.6733,621.784,1.78636,0.346529,17.0363,0.147488,9.11238e-05,0.441788,0.288122,0.326539,0.326539,0.307331,0.0768326,0,0.0192082,0,0,0,0,0,0,0
62827,62852,62840,24.6,-104.224,39.9483,27.4116,-50.1016,623.313,1.77315,0.379548,20.7277,0.163834,0.000129541,0.400886,0.400886,0.323793,0.231281,0.185024,0.138768,0.0770935,0.0154187,0,0,0,0,0,0,0
62853,62876,62864,24.7,-104.224,39.9492,26.9406,-50.7476,624.59,1.9143,0.417088,26.0644,0.187474,0.000157242,0.609094,0.348054,0.226235,0.313249,0.174027,0.19143,0.0174027,0.0174027,0,0.0174027,0,0,0,0,0
62879,62903,62891,24.8,-104.224,39.9501,26.5217,-50.1422,629.103,1.86527,0.397327,20.5871,0.155442,0.000119095,0.349739,0.266468,0.466319,0.299776,0.349739,0.0666169,0.0499627,0.0166542,0,0,0,0,0,0,0
62904,62926,62915,24.9,-104.224,39.9511,26.1207,-50.1693,631.77,1.49951,0.330233,19.4617,0.1768,0.000133656,0.506592,0.263428,0.243164,0.16211,0.0810548,0.101318,0.121582,0.0202637,0,0,0,0,0,0,0
62927,62952,62940,25,-104.224,39.9524,25.705,-50.2019,634.579,1.50015,0.323092,18.2239,0.169215,0.000116535,0.442353,0.288491,0.153862,0.269259,0.173095,0.0961638,0.0384655,0.0384655,0,0,0,0,0,0,0
62953,62974,62964,25.1,-104.224,39.9534,25.2221,-49.7379,639.355,1.97046,0.396934,19.8781,0.150238,0.000109252,0.246307,0.403048,0.626964,0.291091,0.268699,0.0895663,0.0223916,0.0223916,0,0,0,0,0,0,0
