data/B2SAP/Locations/Boulder/NOAA-POPS-B2SAP_GMLBalloon_20220817_R0.ict
61,1001
Thornberry, T. D.
NOAA Chemical Sciences Laboratory
Portable Optical Particle Spectrometer (POPS)
Balloon Baseline Stratospheric Aerosol Profiles (B2SAP)
1,1
2022,08,17,2024,05,28
0
TIME_START,s,Seconds since midnight UTC on flight start day,Start time of 100 m altitude bin in UTC_seconds_since_midnight
28
1.0,1.0,1.0,1.0,1.0,1.0,1.0,1.0,1.0,1.0,1.0,1.0,1.0,1.0,1.0,1.0,1.0,1.0,1.0,1.0,1.0,1.0,1.0,1.0,1.0,1.0,1.0,1.0
99999,99999,99999,99999,99999,99999,99999,99999,99999,99999,99999,99999,99999,99999,99999,99999,99999,99999,99999,99999,99999,99999,99999,99999,99999,99999,99999,99999
TIME_STOP,s,End time of 100 m altitude bin in UTC seconds since midnight,
TIME_MID,s,Mid time of 100 m altitude in UTC seconds since midnight,
GPSAlt,m,GPS reported altitude above sea level (m),
GPS_Lon,deg,GPS reported longitude,
GPS_Lat,deg,GPS reported latitude,
iMet_Pressure,mb,Pressure reported (mB),
iMet_Temperature,degrees C,Ambient temperature (oC),
THETA,K,Potential temperature from iMet,
Aerosol_concentration,cm^-3,Aerosol concentration,
Surface_Area_Conc,um^2 cm^-3,Surface area concentration,
Volume_density,um^3 cm^-3,Volume density,
Effective_radius,um,Effective radius,
Extinction,km^-1,Extinction,
Bin01,cm^-3,particle concentration in size range [140 - 170 nm],
Bin02,cm^-3,particle concentration in size range [170 - 205 nm],
Bin03,cm^-3,particle concentration in size range [205 - 249 nm],
Bin04,cm^-3,particle concentration in size range [249 - 302 nm],
Bin05,cm^-3,particle concentration in size range [302 - 366 nm],
Bin06,cm^-3,particle concentration in size range [366 - 443 nm],
Bin07,cm^-3,particle concentration in size range [443 - 537 nm],
Bin08,cm^-3,particle concentration in size range [537 - 651 nm],
Bin09,cm^-3,particle concentration in size range [651 - 789 nm],
Bin10,cm^-3,particle concentration in size range [789 - 956 nm],
Bin11,cm^-3,particle concentration in size range [956 - 1159 nm],
Bin12,cm^-3,particle concentration in size range [1159 - 1404 nm],
Bin13,cm^-3,particle concentration in size range [1404 - 1702 nm],
Bin14,cm^-3,particle concentration in size range [1702 - 2062 nm],
Bin15,cm^-3,particle concentration in size range [2062 - 2500 nm],
0
19
PI_CONTACT_INFO: 325 Broadway R/CSL6, Boulder, CO 80305; troy.thornberry@noaa.gov; 303-497-3373 
PLATFORM: GML ECC/FPH balloon
LOCATION: Boulder, CO, USA
ASSOCIATED_DATA: N/A
INSTRUMENT_INFO: Printed Optical Particle Spectrometer counts particles from 140 - 2500 nm in diameter 
DATA_INFO: Particle concentrations reported in number per cubic centimeter, binned to 100 m altitude
UNCERTAINTY: Counting uncertainty dominated by air flow, less than 5 percent
ULOD_FLAG: -77777
ULOD_VALUE: 3000 ~3000 per cm3 (varies depending on flow rate- manufacturer quotes 1250  per cm3 at 1.667 cc/s)
LLOD_FLAG: -88888
LLOD_VALUE: 0 0 (varies depending on data field and measurement precision)
DM_CONTACT_INFO: Troy Thornberry, 325 Broadway R/CSL6, Boulder, CO 80305; troy.thornberry@noaa.gov; 303-497-3373
PROJECT_INFO: B2SAP Boulder, CO, USA
STIPULATIONS_ON_USE: Please contact the PIs for questions regarding applications and uncertainties
OTHER_COMMENTS: POPS bin Edges (nm):  140, 170, 205, 249, 302, 366, 443, 537, 651, 789, 956, 1159, 1404, 1702, 2062, 2500
Calculations assume sulfate refractive index of 1.45+0.00j and extinction wavelength = 532 nm
REVISION: R0
R0: QA/QC data
TIME_START,TIME_STOP,TIME_MID,GPSAlt,GPS_Lon,GPS_Lat,iMet_Pressure,iMet_Temperature,THETA,Aerosol_concentration,Surface_Area_Conc,Volume_density,Effective_radius,Extinction,Bin01,Bin02,Bin03,Bin04,Bin05,Bin06,Bin07,Bin08,Bin09,Bin10,Bin11,Bin12,Bin13,Bin14,Bin15
[from data line 77]
60689,60713,60701,9.4,-105.135,39.9044,313.525,-30.2418,338.345,6.23371,0.710174,27.234,0.115045,0.000110893,3.45512,1.59467,0.57988,0.314102,0.0966467,0.14497,0.0483234,0,0,0,0,0,0,0,0
60714,60739,60726,9.5,-105.13,39.9031,309.335,-31.0626,338.506,5.4867,0.722966,38.1532,0.158319,0.000214745,3.30632,1.26891,0.321696,0.214464,0.142976,0.0893599,0.0714879,0.035744,0.017872,0.017872,0,0,0,0,0
60740,60766,60753,9.6,-105.123,39.9019,305.027,-31.6965,338.977,4.63088,0.62513,28.9447,0.138906,0.000151167,2.41059,0.935691,0.634367,0.301324,0.158592,0.111014,0.0317183,0.0317183,0.0158592,0,0,0,0,0,0
60769,60796,60782,9.7,-105.116,39.9005,300.562,-32.25,339.624,3.56639,0.46423,23.7069,0.153202,0.00012472,1.91583,0.957914,0.338954,0.162109,0.0589486,0.0589486,0.0294743,0.0294743,0,0.0147371,0,0,0,0,0
60797,60828,60812,9.8,-105.109,39.8991,296.38,-32.5675,340.534,2.69199,0.334223,14.9503,0.134195,8.07467e-05,1.5714,0.644016,0.257607,0.038641,0.038641,0.0644016,0.0644016,0.0128803,0,0,0,0,0,0,0
60829,60860,60844,9.9,-105.1,39.8974,292.169,-33.0262,341.283,5.79092,0.657501,27.6486,0.126153,0.000115713,3.29059,1.47688,0.505248,0.285012,0.129551,0.0518203,0.0388652,0,0,0.0129551,0,0,0,0,0
60861,60878,60870,10,-105.094,39.8958,288.091,-33.6681,341.741,10.396,1.33852,79.2403,0.177599,0.000337613,6.29981,2.35919,0.90738,0.181476,0.362952,0.0777755,0.129626,0.0259252,0,0.0259252,0.0259252,0,0,0,0
60879,60899,60889,10.1,-105.089,39.8941,284.154,-34.2624,342.232,8.46804,1.17375,74.481,0.190366,0.000296592,4.83191,1.87907,0.829721,0.366054,0.268439,0.0488071,0.170825,0.0488071,0,0,0,0,0.0244036,0,0
60900,60926,60913,10.2,-105.083,39.8912,279.683,-34.5268,343.402,4.79679,0.510525,18.3455,0.107803,6.61382e-05,2.76006,1.16113,0.552012,0.171314,0.0761396,0.0380698,0.0380698,0,0,0,0,0,0,0,0
60929,60960,60944,10.3,-105.074,39.8876,275.854,-35.1371,343.886,1.77111,0.446926,39.5035,0.265168,0.00022976,0.833463,0.253016,0.282782,0.119066,0.0446498,0.0446498,0.0744164,0.0744164,0.0297665,0,0.0148833,0,0,0,0
60961,60990,60976,10.4,-105.064,39.8839,271.922,-35.8779,344.221,1.85895,0.334379,29.1336,0.261382,0.000113868,1.19876,0.2606,0.121613,0.05212,0.0868667,0.0694934,0.0347467,0.0173733,0,0,0,0.0173733,0,0,0
60991,61019,61005,10.5,-105.055,39.8805,268.091,-36.7521,344.342,1.50173,0.316712,31.468,0.298075,0.000137169,0.785788,0.349239,0.122234,0.104772,0.0523859,0.017462,0.017462,0.017462,0,0.017462,0.017462,0,0,0,0
61020,61044,61032,10.6,-105.047,39.8772,264.293,-37.6935,344.369,1.50648,0.30535,19.227,0.188901,0.000132709,0.690471,0.292927,0.146464,0.0418468,0.167387,0.0836935,0.0209234,0.0418468,0.0209234,0,0,0,0,0,0
61047,61074,61060,10.7,-105.038,39.8739,260.398,-38.6552,344.43,1.53898,0.20804,9.14996,0.131945,4.48263e-05,0.714525,0.421387,0.128248,0.128248,0.109927,0.0183212,0,0.0183212,0,0,0,0,0,0,0
61075,61101,61088,10.8,-105.029,39.8706,256.655,-39.4748,344.645,1.63773,0.330412,21.3667,0.194,0.000153944,0.754459,0.404831,0.110409,0.0736057,0.110409,0.0368029,0.0736057,0.0552043,0.0184014,0,0,0,0,0,0
61103,61129,61116,10.9,-105.021,39.8674,253.056,-40.43,344.62,1.29498,0.304106,22.9711,0.226609,0.000157877,0.679332,0.169833,0.127375,0.0212291,0.0849165,0.0849165,0.0849165,0.0212291,0,0.0212291,0,0,0,0,0
61130,61158,61144,11,-105.012,39.8638,249.225,-41.4173,344.66,0.982852,0.170355,9.48142,0.166971,6.1824e-05,0.491426,0.18019,0.0982852,0.0327617,0.114666,0.0163809,0.0163809,0.0327617,0,0,0,0,0,0,0
61162,61185,61174,11.1,-105.004,39.8602,245.5,-42.4268,344.641,1.50385,0.32594,20.1614,0.185569,0.000144837,0.650921,0.269346,0.157119,0.112228,0.0673366,0.0897822,0.112228,0.0448911,0,0,0,0,0,0,0
61186,61214,61200,11.2,-104.996,39.8568,241.919,-43.2517,344.85,1.28842,0.176467,7.57096,0.128709,3.62339e-05,0.662107,0.268422,0.0894739,0.107369,0.125263,0.0178948,0.0178948,0,0,0,0,0,0,0,0
61215,61241,61228,11.3,-104.988,39.8533,238.507,-44.0565,345.037,1.37645,0.238984,12.6344,0.158602,7.80049e-05,0.623704,0.301099,0.0430141,0.193563,0.107535,0.0430141,0.0430141,0.0215071,0,0,0,0,0,0,0
61242,61268,61255,11.4,-104.98,39.8499,235.076,-44.9171,345.171,1.14618,0.150786,6.43972,0.128123,3.14694e-05,0.611295,0.229236,0.127353,0.0509412,0.101882,0,0.0254706,0,0,0,0,0,0,0,0
61271,61291,61281,11.5,-104.973,39.8471,231.952,-45.6216,345.427,1.56716,0.256299,13.3679,0.156473,8.46851e-05,0.840361,0.27255,0.158987,0.0454249,0.0908499,0.0681374,0.0908499,0,0,0,0,0,0,0,0
61301,61323,61312,11.6,-104.964,39.8434,227.816,-46.3347,346.114,1.57617,0.247183,13.7589,0.166989,8.59312e-05,0.776664,0.388332,0.159901,0.0456861,0.137058,0,0.0456861,0,0.0228431,0,0,0,0,0,0
61324,61353,61338,11.7,-104.956,39.8403,224.424,-46.966,346.63,1.63644,0.283617,15.3892,0.162782,9.94106e-05,0.741854,0.349108,0.174554,0.152735,0.0654577,0.0436384,0.0872769,0.0218192,0,0,0,0,0,0,0
61354,61383,61368,11.8,-104.948,39.8372,220.92,-47.55,347.301,2.23133,0.50524,48.0246,0.285159,0.000206998,1.26879,0.284385,0.196882,0.131254,0.0656272,0.087503,0.15313,0.0218757,0,0,0,0,0.0218757,0,0
61384,61410,61397,11.9,-104.939,39.8339,217.644,-48.1191,347.905,1.54895,0.277409,17.62,0.190549,0.000119847,0.714899,0.357449,0.2383,0.0595749,0.0595749,0.0198583,0.0595749,0,0.0397166,0,0,0,0,0,0
61411,61428,61420,12,-104.933,39.8316,215.214,-48.9039,347.803,1.48222,0.258052,14.6588,0.170417,0.000100489,0.826156,0.242987,0.121494,0.0485974,0.0971948,0.0242987,0.0971948,0.0242987,0,0,0,0,0,0,0
61440,61460,61450,12.1,-104.924,39.8281,211.313,-49.8513,348.143,1.20359,0.183949,11.6403,0.18984,7.97018e-05,0.821964,0.234847,0,0.0293559,0.0293559,0.0293559,0.0293559,0,0.0293559,0,0,0,0,0,0
61485,61493,61489,12.2,-104.912,39.8243,207.224,-50.9462,348.386,1.70537,0.230701,9.32401,0.121248,3.92737e-05,0.825177,0.385083,0.110024,0.110024,0.275059,0,0,0,0,0,0,0,0,0,0
61495,61523,61509,12.3,-104.906,39.8221,204.763,-51.5492,348.626,1.65221,0.350085,27.5822,0.236361,0.000175428,0.766491,0.289563,0.27253,0.102199,0.0851656,0.0510994,0.0170331,0.0170331,0.0170331,0.0340663,0,0,0,0,0
61524,61544,61534,12.4,-104.9,39.82,202.576,-52.07,348.872,1.37551,0.388464,33.1705,0.256167,0.000214929,0.63863,0.0982507,0.147376,0.0982507,0.147376,0.147376,0.0491254,0,0,0.0491254,0,0,0,0,0
61561,61579,61570,12.5,-104.888,39.8156,198.219,-53.2747,349.134,1.34765,0.16696,7.25832,0.13042,3.80493e-05,0.673825,0.404295,0.161718,0.053906,0,0,0.053906,0,0,0,0,0,0,0,0
61580,61606,61593,12.6,-104.881,39.813,195.737,-53.8189,349.531,1.41274,0.365634,32.9838,0.27063,0.00022882,0.645822,0.403639,0.0807277,0.0605458,0.0403639,0.0403639,0.0201819,0.0605458,0.0201819,0.0403639,0,0,0,0,0
61607,61634,61620,12.7,-104.872,39.8097,192.722,-54.3783,350.185,1.53781,0.313225,20.2305,0.193763,0.000146717,0.726188,0.341736,0.106792,0.0854339,0.106792,0,0.128151,0.0213585,0.0213585,0,0,0,0,0,0
61635,61663,61649,12.8,-104.864,39.8062,189.625,-55.0791,350.679,1.72688,0.302591,23.2408,0.230419,0.000144671,1.09892,0.279092,0.139546,0.0523297,0.0348865,0.0174432,0.0697729,0,0,0.0348865,0,0,0,0,0
61664,61687,61676,12.9,-104.856,39.8029,186.79,-55.6789,351.227,2.00856,0.424526,47.1948,0.333512,0.000156432,1.13616,0.446347,0.182597,0.0608656,0.0608656,0.040577,0.040577,0,0,0,0.040577,0,0,0,0
61691,61714,61702,13,-104.847,39.7994,183.92,-56.2944,351.789,2.23408,0.36887,23.6294,0.192176,0.000144438,1.37482,0.343705,0.107408,0.128889,0.107408,0.0859263,0.0429632,0.0214816,0,0.0214816,0,0,0,0,0
61719,61742,61730,13.1,-104.839,39.7957,181.053,-57.01,352.201,2.48648,0.319396,14.9459,0.140383,8.54107e-05,1.49672,0.531093,0.193125,0.0724218,0.0965624,0,0.0724218,0.0241406,0,0,0,0,0,0,0
61749,61772,61760,13.2,-104.831,39.7917,178.105,-57.7987,352.563,2.32182,0.403786,36.9189,0.274295,0.000131827,1.37858,0.459527,0.193485,0.0967425,0.120928,0,0,0.0483712,0,0,0,0.0241856,0,0,0
61773,61796,61784,13.3,-104.823,39.7879,175.216,-58.8205,352.542,2.3598,0.282264,11.6619,0.123947,5.59825e-05,1.31328,0.595081,0.2052,0.1026,0.0820801,0,0.0615601,0,0,0,0,0,0,0,0
61797,61825,61811,13.4,-104.815,39.784,172.468,-59.5656,352.903,2.64716,0.318329,12.588,0.118632,5.36179e-05,1.32358,0.781129,0.238678,0.130188,0.0867921,0.065094,0.021698,0,0,0,0,0,0,0,0
61826,61849,61838,13.5,-104.808,39.7802,169.78,-60.1068,353.587,4.11137,0.718681,49.6743,0.207356,0.000319703,2.34348,0.822273,0.308353,0.143898,0.205568,0.0616705,0.123341,0.0205568,0.0411137,0.0411137,0,0,0,0,0
61850,61879,61864,13.6,-104.8,39.7759,167.037,-60.7189,354.22,4.21023,0.677884,37.8891,0.16768,0.000247827,2.3778,0.785327,0.349034,0.130888,0.218146,0.130888,0.130888,0.0654439,0.0218146,0,0,0,0,0,0
61880,61894,61887,13.7,-104.795,39.7727,164.55,-61.3308,354.72,5.00503,0.859217,51.8095,0.180895,0.000351122,2.83179,0.921979,0.296351,0.263423,0.263423,0.131711,0.164639,0.0658557,0.0658557,0,0,0,0,0,0
61899,61917,61908,13.8,-104.791,39.77,161.748,-62.0693,355.217,4.78462,0.643282,28.7796,0.134216,0.000148575,2.82848,0.634425,0.581556,0.211475,0.317212,0.132172,0.0528687,0.0264344,0,0,0,0,0,0,0
61918,61944,61931,13.9,-104.786,39.7671,159.176,-62.4292,356.237,5.38459,0.732393,35.6584,0.146063,0.000208698,3.12653,1.12113,0.521089,0.157906,0.126325,0.157906,0.0947435,0.0789529,0,0,0,0,0,0,0
61945,61971,61958,14,-104.779,39.7634,156.421,-63.1806,356.751,7.52401,1.08504,56.2813,0.15561,0.000346689,4.268,1.452,0.836001,0.33,0.176,0.132,0.198,0.11,0.022,0,0,0,0,0,0
61972,61998,61985,14.1,-104.773,39.7601,153.904,-63.8944,357.184,7.38009,1.15205,67.0253,0.174538,0.000426562,4.05758,1.49954,0.793874,0.352833,0.176416,0.161715,0.161715,0.10291,0.0588055,0.0147014,0,0,0,0,0
61999,62023,62011,14.2,-104.766,39.7567,151.443,-64.5108,357.771,7.85336,1.34491,89.7601,0.200221,0.000536406,4.30103,1.78413,0.525681,0.318595,0.302665,0.143368,0.286735,0.111508,0.0477892,0.0159297,0.0159297,0,0,0,0
62024,62049,62036,14.3,-104.76,39.7534,148.982,-65.115,358.419,8.31903,1.17409,57.5189,0.14697,0.000335414,4.89964,1.46545,0.695719,0.296051,0.503286,0.17763,0.207236,0.0592102,0.0148025,0,0,0,0,0,0
62050,62072,62061,14.4,-104.755,39.7506,146.534,-65.69,359.121,7.74663,1.19908,65.7067,0.164393,0.000420758,4.17493,1.69854,0.682593,0.365108,0.285736,0.142868,0.253988,0.0952455,0.0476227,0,0,0,0,0,0
62073,62092,62082,14.5,-104.75,39.7487,144.281,-66.174,359.868,7.64243,1.07025,62.5208,0.175251,0.000297764,4.22437,1.80544,0.718669,0.315513,0.262928,0.1227,0.105171,0.035057,0.035057,0,0.0175285,0,0,0,0
62093,62119,62106,14.6,-104.746,39.7468,141.594,-66.4141,361.392,8.544,1.0459,46.372,0.13301,0.000231992,4.89527,1.90877,0.856997,0.376559,0.246711,0.116863,0.0908937,0.0129848,0.0389544,0,0,0,0,0,0
62120,62147,62134,14.7,-104.74,39.7449,139.234,-66.1896,363.527,9.41984,1.26568,70.0843,0.166119,0.000348045,5.37206,2.14882,0.912,0.362301,0.262356,0.149918,0.0999452,0.0499726,0.0374795,0.0124932,0.0124932,0,0,0,0
62148,62173,62160,14.8,-104.735,39.7428,136.952,-66.0954,365.408,9.7847,1.10172,44.7255,0.121788,0.000203204,6.02964,2.08615,0.807541,0.390311,0.26918,0.0672951,0.0807541,0.040377,0.013459,0,0,0,0,0,0
62174,62198,62186,14.9,-104.731,39.7406,134.768,-65.9136,367.414,10.4283,1.26871,60.1646,0.142265,0.000301052,6.18439,2.45701,0.809695,0.390887,0.279205,0.139603,0.0837615,0.0418808,0.0139603,0.0279205,0,0,0,0,0
62199,62225,62212,15,-104.727,39.7381,132.574,-66.1064,368.803,11.5279,1.2621,49.558,0.117799,0.000217054,7.08444,2.59902,0.992101,0.377278,0.251518,0.0698662,0.0838395,0.0698662,0,0,0,0,0,0,0
62226,62252,62239,15.1,-104.724,39.7354,130.308,-66.6278,369.685,11.6974,1.49888,82.3004,0.164724,0.000350162,6.52158,3.0667,1.03517,0.38819,0.349371,0.129397,0.103517,0.0517586,0.0258793,0,0.0258793,0,0,0,0
62253,62277,62265,15.2,-104.721,39.7336,128.186,-66.8835,370.963,12.7445,1.52698,68.0348,0.133665,0.000333088,7.50933,2.89994,1.12945,0.412097,0.488411,0.10684,0.0915771,0.0763143,0.0152629,0.0152629,0,0,0,0,0
62278,62303,62290,15.3,-104.718,39.7322,125.98,-67.3696,371.935,12.8391,1.59844,78.6331,0.147581,0.000347492,7.32263,2.94025,1.38612,0.490042,0.252022,0.210018,0.182016,0.0140012,0.0280024,0,0,0.0140012,0,0,0
62304,62328,62316,15.4,-104.714,39.7312,123.889,-67.9579,372.643,12.124,1.51574,68.6115,0.135798,0.000354801,6.55985,3.236,1.1714,0.322136,0.409991,0.190353,0.161068,0.0146425,0.0585701,0,0,0,0,0,0
62329,62352,62340,15.5,-104.711,39.7305,121.804,-68.4752,373.512,12.2066,1.49722,74.1595,0.148595,0.000318046,7.15507,2.88659,0.967316,0.491335,0.368501,0.10748,0.168897,0.0307085,0.0153542,0,0,0.0153542,0,0,0
62353,62375,62364,15.6,-104.707,39.7293,119.786,-68.3155,375.597,9.56622,1.0873,44.4644,0.122683,0.000204461,5.64039,2.25936,0.929382,0.256381,0.272405,0.0640953,0.0961429,0.0320476,0.0160238,0,0,0,0,0,0
62376,62401,62388,15.7,-104.703,39.7274,117.753,-67.0985,379.675,10.755,1.25403,54.9382,0.131428,0.000259824,6.25619,2.81177,0.825957,0.281177,0.263603,0.175736,0.0702942,0.0527207,0,0.0175736,0,0,0,0,0
62402,62427,62414,15.8,-104.699,39.7254,115.842,-66.57,382.434,12.4086,1.63046,101.055,0.185938,0.000427416,7.2833,2.8562,1.36463,0.317355,0.206281,0.14281,0.126942,0.0317355,0,0.0476033,0.0158678,0.0158678,0,0,0
62428,62452,62440,15.9,-104.696,39.7232,113.907,-66.8891,383.689,12.718,1.59988,73.9884,0.138739,0.000377614,6.652,3.69028,1.14034,0.395953,0.411791,0.190057,0.142543,0.0475143,0.0316762,0.0158381,0,0,0,0,0
62453,62466,62460,16,-104.693,39.7215,112.177,-66.8785,385.383,11.9553,1.40393,55.517,0.118632,0.000240223,6.57005,3.23117,0.834719,0.538528,0.37697,0.296191,0.107706,0,0,0,0,0,0,0,0
62467,62493,62480,16.1,-104.691,39.7193,110.19,-67.045,387.049,12.5346,1.5247,73.5434,0.144704,0.000314293,6.7259,3.40662,1.41215,0.422188,0.218373,0.16014,0.116466,0.0291164,0.0291164,0,0.0145582,0,0,0,0
62494,62517,62506,16.2,-104.69,39.7173,108.357,-66.6621,389.632,10.8488,1.33981,57.0168,0.127667,0.000280962,6.02302,2.44973,1.21566,0.460476,0.313123,0.147352,0.202609,0.0368381,0,0,0,0,0,0,0
62518,62537,62528,16.3,-104.689,39.7153,106.61,-66.129,392.449,10.8154,1.40553,74.2507,0.158482,0.000337944,5.93103,2.82596,0.837322,0.54077,0.366328,0.087221,0.139554,0.0348884,0.0348884,0,0.0174442,0,0,0,0
62538,62559,62548,16.4,-104.688,39.7136,104.863,-66.1526,394.27,10.8465,1.45051,65.7896,0.136069,0.000353433,5.56044,2.87168,1.02429,0.475564,0.329237,0.274364,0.274364,0.0365819,0,0,0,0,0,0,0
62560,62583,62572,16.5,-104.688,39.712,102.96,-66.8067,395.081,12.7968,1.64442,77.2884,0.141001,0.000407021,6.87826,3.34461,1.16334,0.552588,0.40717,0.145418,0.203585,0.0581671,0.0290836,0.0145418,0,0,0,0,0
62584,62609,62596,16.6,-104.688,39.7104,101.198,-66.6632,397.309,12.8289,1.64771,78.2499,0.142471,0.000403386,6.6727,3.4899,1.382,0.530465,0.265233,0.223354,0.139596,0.0977173,0,0.0279192,0,0,0,0,0
62610,62628,62619,16.7,-104.688,39.7089,99.7362,-66.3944,399.49,10.1864,1.15474,44.6957,0.116119,0.000187867,5.74615,2.48129,1.04476,0.370018,0.370018,0.0435315,0.108829,0.0217657,0,0,0,0,0,0,0
62631,62651,62641,16.8,-104.687,39.7076,97.9995,-66.3135,401.65,9.54513,1.28255,60.548,0.141627,0.000319112,5.07545,2.29214,0.933228,0.409311,0.360193,0.229214,0.229214,0,0,0.0163724,0,0,0,0,0
62652,62677,62664,16.9,-104.686,39.7056,96.2755,-66.3223,403.678,10.0224,1.41959,75.6504,0.159871,0.000366355,5.18643,2.41099,0.995235,0.574713,0.336417,0.26633,0.154191,0.0841043,0,0,0,0.0140174,0,0,0
62678,62704,62691,17,-104.686,39.7032,94.67,-66.3252,405.618,10.2157,1.33435,58.6244,0.131804,0.000295308,4.81289,2.92259,1.27361,0.496036,0.294941,0.214502,0.120657,0.0804383,0,0,0,0,0,0,0
62705,62729,62717,17.1,-104.686,39.7015,93.1581,-66.451,407.234,10.1922,1.44589,72.9418,0.151343,0.00040834,5.23542,2.3904,1.05588,0.645261,0.366626,0.234641,0.131985,0.0879902,0.0293301,0.014665,0,0,0,0,0
62730,62754,62742,17.2,-104.686,39.7005,91.5748,-66.0129,410.11,12.1116,1.61575,72.9202,0.135392,0.000374217,5.78419,3.40592,1.33594,0.601908,0.455101,0.308294,0.146807,0.044042,0.0293614,0,0,0,0,0,0
