data/B2SAP/Locations/Boulder/NOAA-POPS-B2SAP_GMLBalloon_20190628_R0 (1).ict
61,1001
Thornberry, T. D.
NOAA Chemical Sciences Laboratory
Portable Optical Particle Spectrometer (POPS)
Balloon Baseline Stratospheric Aerosol Profiles (B2SAP)
1,1
2019,06,28,2024,05,30
0
TIME_START,s,Seconds since midnight UTC on flight start day,Start time of 100 m altitude bin in UTC_seconds_since_midnight
28
1.0,1.0,1.0,1.0,1.0,1.0,1.0,1.0,1.0,1.0,1.0,1.0,1.0,1.0,1.0,1.0,1.0,1.0,1.0,1.0,1.0,1.0,1.0,1.0,1.0,1.0,1.0,1.0
99999,99999,99999,99999,99999,99999,99999,99999,99999,99999,99999,99999,99999,99999,99999,99999,99999,99999,99999,99999,99999,99999,99999,99999,99999,99999,99999,99999
TIME_STOP,s,End time of 100 m altitude bin in UTC seconds since midnight,
TIME_MID,s,Mid time of 100 m altitude in UTC seconds since midnight,
GPSAlt,m,GPS reported altitude above sea level (m),
GPS_Lon,deg,GPS reported longitude,
GPS_Lat,deg,GPS reported latitude,
iMet_Pressure,mb,Pressure reported (mB),
iMet_Temperature,degrees C,Ambient temperature (oC),
THETA,K,Potential temperature from iMet,
Aerosol_concentration,cm^-3,Aerosol concentration,
Surface_Area_Conc,um^2 cm^-3,Surface area concentration,
Volume_density,um^3 cm^-3,Volume density,
Effective_radius,um,Effective radius,
Extinction,km^-1,Extinction,
Bin01,cm^-3,particle concentration in size range [140 - 170 nm],
Bin02,cm^-3,particle concentration in size range [170 - 205 nm],
Bin03,cm^-3,particle concentration in size range [205 - 249 nm],
Bin04,cm^-3,particle concentration in size range [249 - 302 nm],
Bin05,cm^-3,particle concentration in size range [302 - 366 nm],
Bin06,cm^-3,particle concentration in size range [366 - 443 nm],
Bin07,cm^-3,particle concentration in size range [443 - 537 nm],
Bin08,cm^-3,particle concentration in size range [537 - 651 nm],
Bin09,cm^-3,particle concentration in size range [651 - 789 nm],
Bin10,cm^-3,particle concentration in size range [789 - 956 nm],
Bin11,cm^-3,particle concentration in size range [956 - 1159 nm],
Bin12,cm^-3,particle concentration in size range [1159 - 1404 nm],
Bin13,cm^-3,particle concentration in size range [1404 - 1702 nm],
Bin14,cm^-3,particle concentration in size range [1702 - 2062 nm],
Bin15,cm^-3,particle concentration in size range [2062 - 2500 nm],
0
19
PI_CONTACT_INFO: 325 Broadway R/CSL6, Boulder, CO 80305; troy.thornberry@noaa.gov; 303-497-3373 
PLATFORM: GML ECC/FPH balloon
LOCATION: Boulder, CO, USA
ASSOCIATED_DATA: N/A
INSTRUMENT_INFO: Printed Optical Particle Spectrometer counts particles from 140 - 2500 nm in diameter 
DATA_INFO: Particle concentrations reported in number per cubic centimeter, binned to 100 m altitude
UNCERTAINTY: Counting uncertainty dominated by air flow, less than 5 percent
ULOD_FLAG: -77777
ULOD_VALUE: 3000 ~3000 per cm3 (varies depending on flow rate- manufacturer quotes 1250  per cm3 at 1.667 cc/s)
LLOD_FLAG: -88888
LLOD_VALUE: 0 0 (varies depending on data field and measurement precision)
DM_CONTACT_INFO: Troy Thornberry, 325 Broadway R/CSL6, Boulder, CO 80305; troy.thornberry@noaa.gov; 303-497-3373
PROJECT_INFO: B2SAP Boulder, CO, USA
STIPULATIONS_ON_USE: Please contact the PIs for questions regarding applications and uncertainties
OTHER_COMMENTS: POPS bin Edges (nm):  140, 170, 205, 249, 302, 366, 443, 537, 651, 789, 956, 1159, 1404, 1702, 2062, 2500
Calculations assume sulfate refractive index of 1.45+0.00j and extinction wavelength = 532 nm
REVISION: R0
R0: QA/QC data
TIME_START,TIME_STOP,TIME_MID,GPSAlt,GPS_Lon,GPS_Lat,iMet_Pressure,iMet_Temperature,THETA,Aerosol_concentration,Surface_Area_Conc,Volume_density,Effective_radius,Extinction,Bin01,Bin02,Bin03,Bin04,Bin05,Bin06,Bin07,Bin08,Bin09,Bin10,Bin11,Bin12,Bin13,Bin14,Bin15
[from data line 318]
66547,66576,66562,14.7,-105.41,40.0833,136.145,-57.2527,381.658,7.44496,1.53767,91.9077,0.179313,0.000591911,2.0022,2.0022,1.35781,0.747948,0.471783,0.402741,0.299179,0.115069,0.0230138,0.0230138,0,0,0,0,0
66577,66604,66590,14.6,-105.409,40.083,138.234,-57.8007,379.044,7.81305,1.66723,111.486,0.200606,0.000629111,2.20938,2.04892,1.33303,0.740573,0.629487,0.419658,0.234515,0.148115,0.0123429,0.0123429,0.0246858,0,0,0,0
66605,66637,66621,14.5,-105.405,40.0825,140.497,-59.2409,374.764,8.32697,1.75072,113.825,0.195048,0.000685652,2.46647,2.19242,1.41242,0.706212,0.548104,0.579726,0.263512,0.0632428,0.0421619,0.0421619,0.0105405,0,0,0,0
66638,66667,66652,14.4,-105.4,40.0821,142.74,-61.1893,369.667,8.30692,1.5974,88.3803,0.165983,0.000550059,2.35168,2.22298,1.47418,0.807292,0.643493,0.456295,0.187198,0.116999,0.0467995,0,0,0,0,0,0
66668,66695,66682,14.3,-105.394,40.0814,145.167,-62.3581,365.868,9.62447,2.40128,169.193,0.211379,0.00109777,2.44345,2.44345,1.35747,1.08598,0.800908,0.69231,0.420816,0.244345,0.0678736,0.0542989,0,0.0135747,0,0,0
66696,66721,66708,14.2,-105.388,40.0804,147.665,-64.0376,361.193,9.36509,2.28233,149.599,0.19664,0.00102992,2.33748,2.23123,1.56338,0.941063,0.7741,0.728565,0.48571,0.166963,0.106249,0.0303569,0,0,0,0,0
66722,66744,66733,14.1,-105.383,40.0791,149.92,-64.0141,359.66,9.79324,2.41918,156.271,0.19379,0.00110084,2.42976,2.17009,1.59511,1.18706,0.834651,0.630625,0.612077,0.185478,0.148382,0,0,0,0,0,0
66748,66780,66764,14,-105.376,40.0773,152.62,-64.7191,356.631,11.3246,2.654,167.98,0.189879,0.00114764,3.07276,2.5276,1.84614,1.27619,0.830142,0.842532,0.607119,0.210633,0.0867312,0.0247804,0,0,0,0,0
66781,66814,66798,13.9,-105.368,40.0752,155.246,-64.7112,354.912,11.7975,2.84894,200.201,0.210816,0.00127834,3.37602,2.5722,2.02808,1.22427,0.939844,0.643051,0.531754,0.358625,0.0494655,0.0494655,0.0247327,0,0,0,0
66815,66848,66832,13.8,-105.36,40.0732,157.792,-64.6869,353.306,11.832,2.65249,170.829,0.19321,0.00107931,2.93251,3.14926,2.00176,1.326,0.879753,0.752253,0.446252,0.255001,0.0382501,0.0382501,0.01275,0,0,0,0
66849,66882,66866,13.7,-105.352,40.0712,160.463,-64.5668,351.813,13.239,3.10524,212.783,0.205572,0.00133639,3.60954,3.32174,2.11056,1.28313,0.995323,0.935364,0.599592,0.215853,0.0959348,0.0479674,0.0119918,0.0119918,0,0,0
66883,66916,66900,13.6,-105.345,40.0693,163.165,-63.5771,351.804,12.3542,2.7315,170.711,0.187492,0.0010794,3.29445,2.97217,2.13662,1.32494,0.978786,0.835549,0.513266,0.226792,0.0358093,0.0238728,0.0119364,0,0,0,0
66917,66950,66934,13.5,-105.337,40.0674,165.922,-63.0932,350.937,11.3457,2.38977,149.205,0.187304,0.000949874,3.143,2.9287,1.96437,1.23815,0.797655,0.678602,0.333348,0.119053,0.0833371,0.0595265,0,0,0,0,0
66951,66986,66968,13.4,-105.328,40.0655,168.658,-62.9426,349.541,8.60759,1.90175,120.899,0.190718,0.000759264,2.1608,2.32702,1.57905,0.819205,0.534264,0.569882,0.415539,0.130598,0.0593627,0,0,0.0118725,0,0,0
66987,67023,67005,13.3,-105.318,40.0638,171.485,-62.6749,348.334,4.85085,1.09068,71.0139,0.19533,0.000459115,1.3449,1.11501,0.816138,0.655209,0.241393,0.402321,0.149434,0.0574745,0.0344847,0.0344847,0,0,0,0,0
67024,67058,67041,13.2,-105.308,40.0624,174.268,-62.9064,346.357,4.74751,0.953074,53.1535,0.167312,0.000317207,1.07399,1.33028,0.720059,0.756673,0.414949,0.268497,0.122044,0.0366132,0.0122044,0.0122044,0,0,0,0,0
67059,67094,67076,13.1,-105.299,40.0609,177.097,-62.4503,345.512,7.83741,1.66678,97.2043,0.174956,0.000625093,1.97459,1.9624,1.36515,0.853218,0.767896,0.463175,0.280343,0.134077,0.0243777,0.0121888,0,0,0,0,0
67095,67127,67111,13,-105.29,40.0593,180.008,-61.8218,344.927,5.56529,1.25145,80.1354,0.192102,0.000466725,1.36094,1.30019,0.911347,0.704775,0.619716,0.364539,0.206572,0.0607565,0.0121513,0.0121513,0.0121513,0,0,0,0
67128,67158,67143,12.9,-105.282,40.0578,182.947,-61.0087,344.66,1.51774,0.290201,14.7109,0.152076,8.4038e-05,0.452659,0.239643,0.26627,0.252957,0.213016,0.0399405,0.0399405,0.0133135,0,0,0,0,0,0,0
67159,67187,67173,12.8,-105.274,40.0565,185.87,-60.2255,344.374,1.68697,0.356305,19.4349,0.163637,0.000120861,0.411457,0.384027,0.246874,0.219444,0.260589,0.0822914,0.0548609,0.0274305,0,0,0,0,0,0,0
67188,67216,67202,12.7,-105.266,40.0553,188.888,-59.3103,344.258,1.79964,0.461741,30.5937,0.198772,0.000206643,0.368108,0.463543,0.218138,0.259039,0.190871,0.136336,0.109069,0.0409009,0,0.0136336,0,0,0,0,0
67217,67244,67230,12.6,-105.258,40.0541,191.967,-58.4192,344.1,1.77013,0.418615,27.0586,0.193915,0.000175298,0.438751,0.438751,0.24207,0.211811,0.166423,0.151293,0.0907761,0.0151293,0,0.0151293,0,0,0,0,0
67245,67272,67258,12.5,-105.251,40.0531,195.021,-57.3996,344.182,2.87102,0.642645,49.0634,0.229038,0.000253933,0.884505,0.623503,0.507503,0.420502,0.159501,0.101501,0.101501,0.0290002,0.0145001,0.0145001,0,0.0145001,0,0,0
67274,67300,67287,12.4,-105.244,40.0522,198.182,-56.7879,343.58,3.86438,0.758227,39.6504,0.156881,0.000236199,1.08347,0.794546,0.704257,0.59591,0.198637,0.3431,0.126405,0.0180579,0,0,0,0,0,0,0
67301,67329,67315,12.3,-105.237,40.0512,201.401,-55.9386,343.333,7.19939,1.54059,89.6487,0.174573,0.000570436,1.87058,1.69767,1.19466,0.833117,0.723083,0.487295,0.267226,0.0943152,0.0157192,0.0157192,0,0,0,0,0
67330,67361,67346,12.2,-105.229,40.0502,204.621,-55.0897,343.121,7.65885,1.63632,94.0191,0.172373,0.000621261,1.81633,2.02823,1.4682,0.741667,0.620579,0.408674,0.438946,0.121088,0.0151361,0,0,0,0,0,0
67362,67393,67378,12.1,-105.221,40.0491,207.994,-54.2593,342.827,6.74015,1.41141,80.6974,0.171525,0.000522563,1.7642,1.61342,1.31184,0.738854,0.407123,0.512674,0.271416,0.0904719,0.0301573,0,0,0,0,0,0
67394,67429,67412,12,-105.213,40.048,211.141,-53.3969,342.704,4.09265,0.989915,73.1351,0.22164,0.000417047,1.13256,0.952378,0.579149,0.540539,0.321749,0.270269,0.19305,0.0386099,0.0386099,0.01287,0,0,0.01287,0,0
67430,67465,67448,11.9,-105.205,40.0467,214.561,-52.6744,342.248,3.06414,0.6452,38.8575,0.180677,0.000245403,0.87191,0.697528,0.485778,0.435955,0.224205,0.186838,0.0996469,0.0373676,0.0124559,0.0124559,0,0,0,0,0
67466,67501,67484,11.8,-105.197,40.0454,217.869,-51.8243,342.073,5.58029,1.27426,76.4781,0.180053,0.000518662,1.2613,1.52885,0.879086,0.624278,0.420432,0.433173,0.293029,0.114663,0.0254808,0,0,0,0,0,0
67502,67540,67521,11.7,-105.189,40.0438,221.341,-50.9562,341.872,7.66464,1.75064,113.719,0.194876,0.000703214,1.78804,2.09553,1.17304,0.990822,0.603605,0.421384,0.421384,0.125276,0.0113888,0.0227775,0,0.0113888,0,0,0
67541,67578,67560,11.6,-105.181,40.0427,224.808,-50.1658,341.564,9.43242,2.36417,192.672,0.24449,0.00102733,2.42215,2.27077,1.66523,0.978177,0.628828,0.756922,0.442509,0.163029,0.0465798,0.0232899,0.011645,0.011645,0,0.011645,0
67579,67617,67598,11.5,-105.173,40.0422,228.372,-49.6133,340.87,8.09261,1.67152,98.6628,0.177077,0.000634525,2.45608,1.87884,1.31293,0.916785,0.565917,0.464052,0.33955,0.124502,0.0113183,0.0226367,0,0,0,0,0
67618,67653,67636,11.4,-105.166,40.0423,231.838,-49.5691,339.478,6.56299,1.5289,102.035,0.200213,0.000639428,1.42345,1.86434,1.19671,0.730621,0.440892,0.403101,0.289729,0.138566,0.0629846,0,0,0.0125969,0,0,0
67654,67689,67672,11.3,-105.159,40.0426,235.576,-48.5929,339.409,5.18786,1.16862,76.2186,0.195664,0.000431693,1.24735,1.2757,0.864644,0.680375,0.396886,0.453584,0.198443,0.0425235,0,0.0141745,0.0141745,0,0,0,0
67690,67722,67706,11.2,-105.153,40.043,238.987,-47.8384,339.151,7.78452,1.87439,120.555,0.19295,0.000815651,1.65541,1.97007,1.32706,1.06712,0.601966,0.51988,0.410432,0.136811,0.0684053,0.0273621,0,0,0,0,0
67723,67755,67739,11.1,-105.147,40.0434,242.585,-47.3403,338.448,7.03917,1.61729,106.821,0.198148,0.000632403,1.73164,1.78795,1.18258,0.689838,0.661682,0.520898,0.295645,0.126705,0.0281567,0,0,0,0.0140783,0,0
67756,67787,67772,11,-105.143,40.0441,246.333,-46.5044,338.22,7.0599,1.44668,82.5426,0.17117,0.000517579,1.77855,1.86001,1.2219,0.814603,0.610952,0.407302,0.244381,0.0950371,0.0135767,0.0135767,0,0,0,0,0
67788,67817,67802,10.9,-105.139,40.0449,250.154,-45.6097,338.069,7.38022,1.60107,96.2584,0.180363,0.000613945,1.75857,1.85947,1.38379,0.821626,0.648652,0.490093,0.259461,0.115316,0.0144145,0.028829,0,0,0,0,0
67818,67845,67832,10.8,-105.135,40.0458,253.954,-44.7154,337.933,6.93404,1.63228,110.053,0.20227,0.000679,1.72198,1.78348,1.12236,0.722616,0.553493,0.538118,0.322871,0.0922488,0.0461244,0.0153748,0.0153748,0,0,0,0
67846,67874,67860,10.7,-105.132,40.0469,257.763,-43.9293,337.656,5.96462,1.45443,104.667,0.215893,0.000576292,1.34352,1.46163,0.94489,0.841543,0.546265,0.41339,0.310042,0.0442917,0.0147639,0.0147639,0.0295278,0,0,0,0
67875,67903,67889,10.6,-105.129,40.0479,261.779,-43.3155,337.072,5.97688,1.46827,91.38,0.186709,0.000633172,1.35771,1.31344,0.988767,0.826432,0.442732,0.51652,0.354185,0.132819,0.0442732,0,0,0,0,0,0
67904,67929,67916,10.5,-105.126,40.0488,265.694,-42.4008,336.985,7.07463,1.71641,103.002,0.180031,0.00069614,1.48312,1.61949,1.05693,0.835318,1.00579,0.511419,0.409135,0.119331,0.0340946,0,0,0,0,0,0
67930,67955,67942,10.4,-105.123,40.0495,269.507,-41.6458,336.704,8.81322,2.4164,178.299,0.221362,0.00110266,2.03518,1.82281,1.39808,1.13262,0.778678,0.725586,0.601706,0.19467,0.0884862,0,0,0.0353945,0,0,0
67956,67981,67968,10.3,-105.12,40.0503,273.559,-40.802,336.496,7.48202,2.04792,220.386,0.322844,0.000920758,1.8959,1.84511,1.01566,0.947948,0.677106,0.524757,0.389336,0.0846382,0.0507829,0.0169276,0.0169276,0,0,0,0.0169276
67982,68008,67995,10.2,-105.116,40.0509,277.534,-39.9925,336.283,6.65969,1.52897,91.7091,0.179943,0.000610335,1.4936,1.51117,1.24759,0.825872,0.650154,0.456865,0.351435,0.0527152,0.070287,0,0,0,0,0,0
68009,68037,68023,10.1,-105.113,40.0515,281.697,-39.1807,336.024,4.93415,1.26957,93.1683,0.220157,0.000553741,1.07399,1.26078,0.715996,0.57591,0.560345,0.404693,0.202347,0.0778257,0,0.0466954,0.0155651,0,0,0,0
68038,68068,68053,10,-105.11,40.052,285.816,-38.369,335.785,4.39024,1.15603,87.8514,0.227983,0.000488838,1.03979,1.08312,0.577663,0.476572,0.447689,0.447689,0.202182,0.0577663,0.0288831,0,0.0288831,0,0,0,0
68069,68101,68085,9.9,-105.106,40.0526,290.09,-37.4594,335.663,4.58908,1.24118,89.9448,0.217402,0.00058226,0.859663,1.1125,0.884947,0.568894,0.379263,0.30341,0.278126,0.113779,0.0758526,0,0,0.0126421,0,0,0
68103,68137,68120,9.8,-105.102,40.0534,294.408,-36.4582,335.673,7.06222,1.88068,128.377,0.204783,0.00083335,1.24627,1.72464,1.1078,1.01968,0.679786,0.64202,0.390247,0.201418,0.0125886,0.0251772,0.0125886,0,0,0,0
68138,68174,68156,9.7,-105.098,40.0545,298.714,-35.6029,335.492,7.90035,2.10906,145.359,0.206765,0.000966413,1.49729,2.02074,1.27818,0.852118,0.766906,0.706041,0.523444,0.158251,0.0608656,0.0243462,0.0121731,0,0,0,0
68175,68212,68194,9.6,-105.094,40.0559,303.069,-34.9151,335.067,5.24245,1.36699,88.5709,0.194378,0.000603892,0.954244,1.17808,0.966025,0.624382,0.565478,0.483012,0.329862,0.0942463,0.0235616,0.0235616,0,0,0,0,0
68213,68256,68234,9.5,-105.09,40.0575,307.421,-34.374,334.466,9.75121,2.58036,180.271,0.209588,0.00113472,1.65606,2.32466,1.94407,1.14176,1.02861,0.792029,0.555449,0.195436,0.0617165,0.0308583,0.0102861,0,0.0102861,0,0
68257,68305,68281,9.4,-105.086,40.0596,311.958,-33.7984,333.875,11.8107,3.0498,208.61,0.205203,0.00129864,2.26878,2.75428,1.81129,1.82996,1.1484,1.1484,0.504174,0.224077,0.0466827,0.0560193,0,0.00933655,0.00933655,0,0
68306,68352,68329,9.3,-105.081,40.062,316.478,-33.0851,333.499,12.621,3.3817,244.803,0.217171,0.00152806,2.6004,2.71471,1.99079,1.68598,1.31449,1.21924,0.714397,0.238132,0.0857276,0.0476265,0,0,0,0.00952529,0
68353,68401,68377,9.2,-105.077,40.0642,321.019,-32.4044,333.077,11.5431,3.21374,248.499,0.231972,0.00142754,2.13258,2.53187,2.18702,1.47919,1.30677,0.916554,0.571712,0.245019,0.0544487,0.0544487,0.0272244,0.0362992,0,0,0
68402,68441,68422,9.1,-105.073,40.0659,325.684,-32.0217,332.237,6.91189,1.83024,132.731,0.217564,0.000846786,1.42723,1.56996,1.28451,0.886924,0.621866,0.489338,0.377198,0.142723,0.0509727,0.0509727,0,0,0.0101945,0,0
68442,68479,68460,9,-105.07,40.0674,330.306,-31.2108,332.018,5.36308,1.88187,223.485,0.356271,0.000984524,1.01493,1.07903,0.940142,0.726474,0.555539,0.363237,0.448704,0.106834,0.0427337,0.0427337,0.0213669,0,0,0.0106834,0.0106834
68480,68515,68498,8.9,-105.068,40.0689,334.973,-30.2792,331.966,4.42624,1.2196,105.719,0.26005,0.000555009,0.87626,1.03354,0.786387,0.528003,0.426896,0.359491,0.292087,0.0786387,0.0337023,0,0,0,0,0.0112341,0
68516,68549,68532,8.8,-105.065,40.0705,339.648,-29.2988,331.98,4.21511,1.06006,66.2357,0.187449,0.000458046,0.733063,1.07516,0.745281,0.513144,0.42762,0.354314,0.232137,0.0977418,0.0366532,0,0,0,0,0,0
68550,68576,68563,8.7,-105.063,40.0718,344.206,-28.3835,331.961,4.32621,0.994771,58.6208,0.176787,0.000388848,0.618031,1.22061,0.880694,0.695284,0.370818,0.20086,0.216311,0.108155,0.0154508,0,0,0,0,0,0
68579,68607,68593,8.6,-105.06,40.0731,349.133,-27.4255,331.913,4.85185,1.30789,87.9493,0.201736,0.000618675,0.909723,0.992425,0.964857,0.647833,0.482429,0.385943,0.220539,0.179188,0.0551347,0.0137837,0,0,0,0,0
68608,68635,68622,8.5,-105.058,40.0745,354.017,-26.6259,331.677,4.96354,1.35141,90.5079,0.200919,0.000633601,0.856802,1.07839,0.945436,0.590898,0.60567,0.384083,0.324994,0.0886346,0.0738622,0.0147724,0,0,0,0,0
68636,68661,68648,8.4,-105.056,40.0759,358.911,-25.7456,331.555,7.19267,2.03268,137.462,0.202878,0.000946028,1.03206,1.49252,1.46076,0.936793,0.793893,0.778015,0.460458,0.142901,0.0476336,0.0476336,0,0,0,0,0
68662,68686,68674,8.3,-105.053,40.0773,364.023,-24.9513,331.274,7.08144,2.02031,143.675,0.213347,0.000946682,1.12247,1.66719,1.10596,1.05644,0.709795,0.660275,0.511713,0.132055,0.0825343,0.0165069,0.0165069,0,0,0,0
68687,68710,68698,8.2,-105.051,40.0786,368.847,-24.0727,331.201,7.63339,2.05566,134.02,0.195587,0.000914549,1.21847,1.63061,1.30807,1.16472,0.967612,0.627156,0.483806,0.161269,0.0358375,0.0358375,0,0,0,0,0
68711,68734,68722,8.1,-105.049,40.08,374.08,-23.1268,331.127,7.74609,2.01567,135.287,0.201353,0.000868581,1.37431,1.82051,1.32076,1.23152,0.678229,0.553292,0.535444,0.178481,0.0356963,0,0.0178481,0,0,0,0
68735,68759,68747,8,-105.047,40.0814,379.353,-22.1329,331.119,10.17,2.88443,198.31,0.206255,0.00131009,1.64611,2.03726,1.7113,1.46683,1.33644,0.896395,0.733414,0.277067,0,0.0488943,0.0162981,0,0,0,0
68761,68785,68773,7.9,-105.045,40.0829,384.552,-21.1696,331.089,11.0578,3.12629,217.54,0.208752,0.00141131,1.73998,2.32539,2.06521,1.4798,1.2684,0.926906,0.878121,0.292707,0.0487845,0,0.032523,0,0,0,0
68786,68812,68799,7.8,-105.043,40.0845,389.75,-20.3027,330.959,8.69117,2.54522,191.437,0.225644,0.00116852,1.27151,1.95963,1.55573,1.19672,0.912498,0.927457,0.643236,0.0897539,0.0448769,0.0598359,0.014959,0,0.014959,0,0
68813,68841,68827,7.7,-105.041,40.0861,395.148,-19.2675,331.014,7.67167,1.97542,123.465,0.187503,0.000855106,1.21422,1.86272,1.43499,0.952059,0.855473,0.6761,0.413939,0.206969,0.0551918,0,0,0,0,0,0
68842,68870,68856,7.6,-105.039,40.0878,400.451,-18.4571,330.811,8.431,2.37805,160.093,0.201964,0.00110108,1.17097,1.90111,1.39139,1.33629,0.96433,0.867897,0.454613,0.261747,0.0275523,0.0551046,0,0,0,0,0
68873,68902,68888,7.5,-105.037,40.0897,406.01,-17.6576,330.542,7.64771,2.33552,172.403,0.221453,0.00112516,1.19495,1.48705,1.27462,1.15512,0.863022,0.677141,0.703695,0.199159,0.0398318,0.0265545,0.0265545,0,0,0,0
68903,68933,68918,7.4,-105.035,40.0914,411.409,-17.0139,330.122,10.2919,2.97449,216.614,0.218471,0.00138147,1.53693,2.29167,1.96232,1.45459,0.864521,1.08408,0.727295,0.247006,0.0548902,0.0411676,0.0137225,0,0.0137225,0,0
68934,68969,68952,7.3,-105.032,40.0935,417.21,-16.2791,329.749,15.8841,4.37203,305.95,0.209937,0.00194838,2.68386,3.62595,2.80436,1.89513,1.88418,1.51173,0.963999,0.328636,0.1205,0.0219091,0.0328636,0.0109545,0,0,0
68970,69008,68989,7.2,-105.03,40.0955,422.85,-16.151,328.653,12.6852,3.41692,242.484,0.212897,0.00146959,2.56853,2.76535,1.9387,1.64347,1.49585,1.14157,0.757766,0.255869,0.0688878,0,0.0196822,0.0295233,0,0,0
