data/B2SAP/Locations/Boulder/NOAA-POPS-B2SAP_GMLBalloon_20191108_R0.ict
61,1001
Thornberry, T. D.
NOAA Chemical Sciences Laboratory
Portable Optical Particle Spectrometer (POPS)
Balloon Baseline Stratospheric Aerosol Profiles (B2SAP)
1,1
2019,11,08,2024,05,30
0
TIME_START,s,Seconds since midnight UTC on flight start day,Start time of 100 m altitude bin in UTC_seconds_since_midnight
28
1.0,1.0,1.0,1.0,1.0,1.0,1.0,1.0,1.0,1.0,1.0,1.0,1.0,1.0,1.0,1.0,1.0,1.0,1.0,1.0,1.0,1.0,1.0,1.0,1.0,1.0,1.0,1.0
99999,99999,99999,99999,99999,99999,99999,99999,99999,99999,99999,99999,99999,99999,99999,99999,99999,99999,99999,99999,99999,99999,99999,99999,99999,99999,99999,99999
TIME_STOP,s,End time of 100 m altitude bin in UTC seconds since midnight,
TIME_MID,s,Mid time of 100 m altitude in UTC seconds since midnight,
GPSAlt,m,GPS reported altitude above sea level (m),
GPS_Lon,deg,GPS reported longitude,
GPS_Lat,deg,GPS reported latitude,
iMet_Pressure,mb,Pressure reported (mB),
iMet_Temperature,degrees C,Ambient temperature (oC),
THETA,K,Potential temperature from iMet,
Aerosol_concentration,cm^-3,Aerosol concentration,
Surface_Area_Conc,um^2 cm^-3,Surface area concentration,
Volume_density,um^3 cm^-3,Volume density,
Effective_radius,um,Effective radius,
Extinction,km^-1,Extinction,
Bin01,cm^-3,particle concentration in size range [140 - 170 nm],
Bin02,cm^-3,particle concentration in size range [170 - 205 nm],
Bin03,cm^-3,particle concentration in size range [205 - 249 nm],
Bin04,cm^-3,particle concentration in size range [249 - 302 nm],
Bin05,cm^-3,particle concentration in size range [302 - 366 nm],
Bin06,cm^-3,particle concentration in size range [366 - 443 nm],
Bin07,cm^-3,particle concentration in size range [443 - 537 nm],
Bin08,cm^-3,particle concentration in size range [537 - 651 nm],
Bin09,cm^-3,particle concentration in size range [651 - 789 nm],
Bin10,cm^-3,particle concentration in size range [789 - 956 nm],
Bin11,cm^-3,particle concentration in size range [956 - 1159 nm],
Bin12,cm^-3,particle concentration in size range [1159 - 1404 nm],
Bin13,cm^-3,particle concentration in size range [1404 - 1702 nm],
Bin14,cm^-3,particle concentration in size range [1702 - 2062 nm],
Bin15,cm^-3,particle concentration in size range [2062 - 2500 nm],
0
19
PI_CONTACT_INFO: 325 Broadway R/CSL6, Boulder, CO 80305; troy.thornberry@noaa.gov; 303-497-3373 
PLATFORM: GML ECC/FPH balloon
LOCATION: Boulder, CO, USA
ASSOCIATED_DATA: N/A
INSTRUMENT_INFO: Printed Optical Particle Spectrometer counts particles from 140 - 2500 nm in diameter 
DATA_INFO: Particle concentrations reported in number per cubic centimeter, binned to 100 m altitude
UNCERTAINTY: Counting uncertainty dominated by air flow, less than 5 percent
ULOD_FLAG: -77777
ULOD_VALUE: 3000 ~3000 per cm3 (varies depending on flow rate- manufacturer quotes 1250  per cm3 at 1.667 cc/s)
LLOD_FLAG: -88888
LLOD_VALUE: 0 0 (varies depending on data field and measurement precision)
DM_CONTACT_INFO: Troy Thornberry, 325 Broadway R/CSL6, Boulder, CO 80305; troy.thornberry@noaa.gov; 303-497-3373
PROJECT_INFO: B2SAP Boulder, CO, USA
STIPULATIONS_ON_USE: Please contact the PIs for questions regarding applications and uncertainties
OTHER_COMMENTS: POPS bin Edges (nm):  140, 170, 205, 249, 302, 366, 443, 537, 651, 789, 956, 1159, 1404, 1702, 2062, 2500
Calculations assume sulfate refractive index of 1.45+0.00j and extinction wavelength = 532 nm
REVISION: R0
R0: QA/QC data
TIME_START,TIME_STOP,TIME_MID,GPSAlt,GPS_Lon,GPS_Lat,iMet_Pressure,iMet_Temperature,THETA,Aerosol_concentration,Surface_Area_Conc,Volume_density,Effective_radius,Extinction,Bin01,Bin02,Bin03,Bin04,Bin05,Bin06,Bin07,Bin08,Bin09,Bin10,Bin11,Bin12,Bin13,Bin14,Bin15
[from data line 469]
72745,72777,72761,7.2,-103.294,38.7939,413.01,-22.8765,322.213,0.371981,0.0569165,2.67492,0.140992,1.48296e-05,0.0826626,0.144659,0.103328,0.0206656,0,0,0.0206656,0,0,0,0,0,0,0,0
72779,72801,72790,7.1,-103.29,38.7904,417.726,-22.2571,321.967,0.266334,0.0396023,1.53349,0.116166,4.98535e-06,0.0887779,0,0.0887779,0.0887779,0,0,0,0,0,0,0,0,0,0,0
72817,72831,72824,7,-103.284,38.786,424.365,-21.385,321.624,0.207186,0.0389373,1.60815,0.123903,5.61539e-06,0,0,0.103593,0.103593,0,0,0,0,0,0,0,0,0,0,0
72844,72861,72852,6.9,-103.28,38.7826,429.864,-20.5927,321.454,0.26274,0.0414899,1.71997,0.124366,7.00597e-06,0.0750685,0.0375342,0.0750685,0.0375342,0.0375342,0,0,0,0,0,0,0,0,0,0
72875,72896,72886,6.8,-103.275,38.7788,436.653,-19.556,321.335,0.24399,0.0369834,1.4162,0.114878,4.47532e-06,0,0.121995,0.0406651,0.0813301,0,0,0,0,0,0,0,0,0,0,0
72897,72907,72902,6.7,-103.272,38.777,440.135,-19.1125,321.168,0.201882,0.125619,11.3938,0.272105,9.87194e-05,0,0,0.100941,0,0,0,0,0.100941,0,0,0,0,0,0,0
72932,72938,72935,6.6,-103.267,38.7735,446.784,-18.074,321.105,0.323327,0.0778132,4.21821,0.162628,2.5025e-05,0.0808318,0,0.0808318,0.0808318,0,0.0808318,0,0,0,0,0,0,0,0,0
72962,72979,72970,6.5,-103.261,38.7699,454.188,-17.066,320.855,0.282751,0.0770851,5.46217,0.212577,4.52209e-05,0.161572,0.040393,0,0,0,0,0.0807859,0,0,0,0,0,0,0,0
72992,73012,73002,6.4,-103.257,38.7669,460.96,-16.2786,320.486,0.231795,0.0229864,0.70947,0.0925945,1.46264e-06,0.115897,0.0579487,0.0579487,0,0,0,0,0,0,0,0,0,0,0,0
73018,73036,73027,6.3,-103.253,38.7642,466.369,-15.5778,320.293,0.222692,0.0406743,2.1002,0.154904,1.24119e-05,0.0890769,0.0445384,0.0445384,0,0,0.0445384,0,0,0,0,0,0,0,0,0
73043,73073,73058,6.2,-103.248,38.7607,473.034,-14.634,320.17,0.239267,0.0565244,2.67827,0.142148,1.28738e-05,0,0,0.0797556,0.0797556,0.0797556,0,0,0,0,0,0,0,0,0,0
73074,73088,73081,6.1,-103.246,38.7584,477.124,-14.0329,320.126,0.284456,0.126145,10.4237,0.247897,8.86307e-05,0.113783,0,0,0.0568913,0,0,0.0568913,0.0568913,0,0,0,0,0,0,0
73112,73121,73116,6,-103.241,38.7539,484.332,-13.17,319.81,0.20237,0.0875759,6.64574,0.227656,5.65357e-05,0,0.101185,0,0,0,0,0.101185,0,0,0,0,0,0,0,0
73154,73167,73160,5.9,-103.235,38.7488,493.463,-12.47,318.968,0.239711,0.0624012,3.88116,0.18659,2.8304e-05,0.0799037,0.0399519,0,0.0399519,0.0399519,0,0.0399519,0,0,0,0,0,0,0,0
73168,73195,73182,5.8,-103.233,38.7466,498.107,-12.2246,318.417,0.975848,0.176657,10.2519,0.174098,6.57892e-05,0.396438,0.25921,0.0914857,0.0609905,0.0914857,0.0304952,0.0304952,0,0.0152476,0,0,0,0,0,0
73196,73223,73210,5.7,-103.229,38.7438,504.749,-11.8182,317.711,2.68593,0.442426,23.0738,0.156458,0.000143893,1.25815,0.636142,0.24032,0.212047,0.0565459,0.141365,0.127228,0.0141365,0,0,0,0,0,0,0
73224,73249,73236,5.6,-103.226,38.741,511.181,-11.1562,317.367,2.75936,0.569602,34.3265,0.180792,0.000233733,1.06716,0.457353,0.472598,0.274412,0.137206,0.152451,0.106716,0.0762255,0.0152451,0,0,0,0,0,0
73251,73286,73268,5.5,-103.223,38.738,518.871,-10.1614,317.209,2.78129,0.621429,40.7905,0.196919,0.000285394,1.02126,0.619272,0.336797,0.293339,0.0869154,0.152102,0.173831,0.076051,0.0108644,0.0108644,0,0,0,0,0
73283,73305,73294,5.4,-103.22,38.7352,525.655,-9.297,317.072,3.25086,0.73184,61.2512,0.251084,0.000324797,1.39885,0.571363,0.512256,0.256128,0.197022,0.0788087,0.157617,0.0197022,0,0.0394043,0.0197022,0,0,0,0
73306,73332,73319,5.3,-103.217,38.7326,531.78,-8.6137,316.845,5.43518,1.26679,84.3114,0.199666,0.000603796,1.95146,1.17088,0.737219,0.433658,0.260195,0.361382,0.216829,0.27465,0.0144553,0.0144553,0,0,0,0,0
73333,73361,73347,5.2,-103.214,38.7297,538.483,-7.90172,316.565,6.85422,1.49618,93.7754,0.188029,0.000642671,2.00251,1.81435,1.12893,0.591344,0.38975,0.349431,0.36287,0.161276,0.0403189,0.0134396,0,0,0,0,0
73362,73388,73375,5.1,-103.211,38.7268,545.454,-7.22481,316.211,6.8879,1.56353,105.125,0.201707,0.000676651,2.38761,1.4181,1.07081,0.491993,0.564345,0.347289,0.3907,0.159174,0.0434112,0,0.0144704,0,0,0,0
73389,73415,73402,5,-103.209,38.7243,552.312,-6.6137,315.804,3.93142,0.736297,41.7898,0.17027,0.00027584,1.68489,0.849648,0.403223,0.316818,0.230413,0.187211,0.201611,0.0432024,0.0144008,0,0,0,0,0,0
73416,73441,73428,4.9,-103.206,38.7219,559.434,-5.84115,315.561,4.67341,1.07473,66.4132,0.185385,0.000471584,1.39905,1.17579,0.595339,0.446504,0.282786,0.253019,0.416737,0.0893008,0.0148835,0,0,0,0,0,0
73442,73467,73454,4.8,-103.203,38.7196,566.444,-5.0136,315.418,3.7262,0.944587,68.0743,0.216203,0.000486088,1.21102,0.822869,0.512353,0.403672,0.155258,0.155258,0.294991,0.108681,0.0310517,0.0310517,0,0,0,0,0
73468,73495,73482,4.7,-103.2,38.7176,573.895,-4.23821,315.148,4.34967,1.21393,88.0531,0.217608,0.000611126,1.09771,1.0291,0.493969,0.370477,0.480248,0.425362,0.274427,0.109771,0.0137214,0.0548855,0,0,0,0,0
73496,73525,73510,4.6,-103.197,38.7151,581.055,-3.70276,314.658,6.06812,1.6374,117.477,0.215237,0.000828373,1.73944,1.19503,0.849803,0.677186,0.451458,0.50457,0.35851,0.185894,0.0531127,0.0531127,0,0,0,0,0
73526,73555,73540,4.5,-103.193,38.7124,588.796,-2.84367,314.474,8.64558,2.23743,152.126,0.203974,0.00102034,2.51578,1.62185,1.18765,0.89393,0.740685,0.766226,0.676833,0.191557,0.0127704,0.0255409,0.0127704,0,0,0,0
73556,73587,73572,4.4,-103.19,38.7095,596.356,-1.98,314.328,10.8968,3.24858,253.557,0.234155,0.00157798,2.81328,2.10074,1.30222,1.27765,0.872239,1.13023,1.00737,0.257986,0.0491402,0.0245701,0.0491402,0.0122851,0,0,0
73587,73616,73602,4.3,-103.187,38.7064,603.896,-1.14433,314.166,12.0425,3.41702,251.002,0.22037,0.00164885,3.10571,2.19301,1.80004,1.40708,0.925374,1.1282,1.03946,0.316909,0.0507054,0.0380291,0.0380291,0,0,0,0
73617,73647,73632,4.2,-103.184,38.7028,611.451,-0.824839,313.423,23.3607,6.87095,502.907,0.21958,0.0033238,5.32254,4.28727,3.51994,2.80134,1.96094,2.48467,2.14363,0.584627,0.133977,0.0487189,0.0487189,0.0243595,0,0,0
73648,73675,73662,4.1,-103.181,38.6991,618.996,-1.06357,312.051,32.2743,9.387,696.218,0.222505,0.00448859,7.78004,5.63476,4.82009,3.8425,3.15003,3.16361,2.75628,0.733197,0.17651,0.108622,0.0271555,0.0814664,0,0,0
73676,73702,73689,4,-103.179,38.6957,626.644,-0.558889,311.532,38.0214,11.0685,829.257,0.224761,0.00526583,9.58309,6.26152,5.58307,4.59367,3.77387,3.63253,3.29331,0.848061,0.197881,0.0989405,0.0848061,0.0706718,0,0,0
73704,73726,73715,3.9,-103.177,38.6926,634.766,-0.165417,310.84,43.2391,12.4729,910.291,0.218945,0.00594852,10.4083,7.32199,6.53468,5.55842,3.90506,4.3932,3.65312,0.992012,0.173208,0.173208,0.0944773,0.0314924,0,0,0
73727,73750,73738,3.8,-103.175,38.6898,642.812,0.284783,310.235,43.3082,12.1132,875.291,0.216778,0.00565192,10.749,7.97133,6.19627,5.243,4.14181,4.28973,3.32002,0.903965,0.246536,0.11505,0.0986144,0.0328715,0,0,0
73750,73771,73760,3.7,-103.173,38.6869,650.554,0.742273,309.688,42.2244,12.3995,910.706,0.220341,0.00603411,10.5604,7.33888,5.54723,4.8409,4.34131,4.41022,3.60053,1.0681,0.258411,0.137819,0.0689097,0.0516823,0,0,0
73772,73796,73784,3.6,-103.17,38.6839,659.053,1.26636,309.135,39.6332,11.1449,764.931,0.205905,0.00533508,9.43565,7.30446,5.98107,4.27956,3.6952,4.21081,3.35146,1.06559,0.137496,0.137496,0.034374,0,0,0,0
73797,73821,73809,3.5,-103.168,38.6811,667.355,1.59208,308.401,38.858,11.3622,857.351,0.226369,0.00538362,9.22938,6.86287,5.91627,4.57525,3.9284,3.56554,3.4551,0.915049,0.126214,0.110437,0.0946603,0.0788836,0,0,0
73822,73846,73834,3.4,-103.166,38.6783,675.904,2.1008,307.842,36.6273,10.9062,861.584,0.236999,0.0054232,9.70609,6.39549,5.58289,3.64167,3.32565,3.46109,2.97955,0.917941,0.240771,0.195627,0.135434,0.0451446,0,0,0
73847,73872,73860,3.3,-103.163,38.6754,684.35,2.36192,307.046,28.1118,7.96598,587.028,0.221076,0.00374058,7.2486,4.91921,4.09452,3.29876,2.44514,3.03834,2.0979,0.651072,0.144683,0.0723413,0.0578731,0.0434048,0,0,0
73873,73901,73887,3.2,-103.161,38.6721,692.841,2.95759,306.631,27.228,7.54816,519.954,0.206655,0.00363219,7.05862,5.13589,3.49705,2.90346,2.7486,2.7228,2.29696,0.6065,0.0903297,0.154851,0.0129042,0,0,0,0
73902,73930,73916,3.1,-103.159,38.6688,701.357,3.79931,306.491,29.8765,8.12728,569.987,0.210398,0.00368796,7.35938,5.43561,4.67385,3.64096,2.64679,2.94375,2.32402,0.619737,0.0903784,0.064556,0.0516448,0.0258224,0,0,0
73931,73958,73944,3,-103.157,38.6659,710.316,4.73714,306.414,30.2474,8.11119,551.797,0.204087,0.0037218,7.56845,5.64001,4.45125,3.46062,3.15682,3.01153,1.92843,0.726465,0.198127,0.0660423,0.0396254,0,0,0,0
73959,73984,73972,2.9,-103.154,38.6632,719.04,5.67538,306.381,30.724,8.07345,556.932,0.206949,0.0036422,7.59933,6.10787,4.84368,3.53688,2.86928,2.82667,2.07384,0.539765,0.170452,0.0994305,0.0568174,0,0,0,0
73985,74009,73997,2.8,-103.152,38.6609,727.594,6.4736,306.224,33.4667,8.86874,624.496,0.211246,0.00406156,8.5403,6.44216,5.08281,4.04851,3.16198,3.19153,1.90605,0.664902,0.192083,0.177307,0.0443268,0.0147756,0,0,0
74010,74031,74020,2.7,-103.151,38.6591,736.624,7.34455,306.09,35.4727,9.73487,660.404,0.203517,0.00462729,8.82214,6.39479,5.02209,4.4027,3.4485,3.54894,2.52778,0.887236,0.301325,0.100442,0.0167403,0,0,0,0
74032,74055,74044,2.6,-103.149,38.6578,745.968,7.75167,305.436,38.9641,10.3507,685.558,0.198699,0.00477067,9.8182,6.97772,6.19041,4.47685,3.70498,3.73586,2.71699,1.04975,0.185249,0.0926246,0,0.0154374,0,0,0
74056,74079,74068,2.5,-103.147,38.6571,754.85,8.31167,305.014,41.2745,10.5755,724.431,0.205502,0.00465815,10.4919,8.73559,6.19348,4.8377,3.55894,3.38947,2.97349,0.770334,0.169473,0.0616267,0.04622,0.04622,0,0,0
74080,74107,74094,2.4,-103.146,38.6563,764.033,9.09321,304.804,40.0304,9.85832,655.752,0.199553,0.00419863,10.5191,8.3025,6.24327,4.7218,3.64628,3.0954,2.3609,0.891896,0.144277,0.0262322,0.0524644,0.0262322,0,0,0
74109,74135,74122,2.3,-103.144,38.6554,773.637,9.65714,304.323,49.1993,11.0699,700.218,0.189763,0.00438014,14.2854,10.7075,7.44411,5.55687,4.28561,3.47304,2.45079,0.747032,0.104847,0.078635,0.0393175,0.0262117,0,0,0
74136,74163,74150,2.2,-103.142,38.6546,783.15,10.4175,304.08,52.9244,12.0259,756.149,0.18863,0.00471213,14.2951,11.4361,8.5901,6.5666,4.53004,3.78591,2.62403,0.835511,0.156658,0.0261097,0.0522195,0.0261097,0,0,0
74164,74193,74178,2.1,-103.14,38.6541,792.816,11.0303,303.674,61.6193,14.6312,971.303,0.199158,0.00593439,16.7409,12.4093,9.78588,7.99221,5.66166,4.28285,3.40432,0.951744,0.146422,0.0976148,0.122019,0.0244037,0,0,0
74194,74230,74212,2,-103.138,38.6538,802.576,11.3684,302.968,91.8193,23.2356,1560.45,0.201474,0.00998817,22.1944,18.7959,14.674,11.7115,9.10564,6.91592,5.85575,1.96182,0.27743,0.148623,0.0792656,0.099082,0,0,0
74231,74268,74250,1.9,-103.136,38.6543,812.364,11.3547,301.908,146.94,40.6123,2878.73,0.21265,0.0187961,33.6778,28.0131,22.7767,18.8146,15.3558,11.9505,11.0831,3.81218,0.792418,0.299834,0.117792,0.246292,0,0,0
74384,74426,74405,1.6,-103.127,38.6598,842.207,14.3212,301.925,153.572,42.7399,3057.46,0.214609,0.0194917,34.2747,28.68,23.893,20.4016,16.7083,12.8467,11.6436,3.66808,0.715108,0.260804,0.185087,0.294456,0,0,0
74427,74453,74440,1.5,-103.124,38.661,850.519,15.137,301.936,153.494,43.4907,3092.88,0.213347,0.0204658,33.4075,29.236,23.4394,19.882,16.3787,13.2727,12.2614,3.93666,0.993195,0.325046,0.144465,0.216697,0,0,0
74461,74473,74467,1.4,-103.122,38.6621,859.436,16.1657,302.114,159.144,44.3317,3225.94,0.218305,0.0198512,33.7286,31.0872,26.1092,21.0804,16.1531,14.4769,11.6323,3.20015,0.914329,0.101592,0.304776,0.355572,0,0,0
