data/B2SAP/Locations/Boulder/NOAA-POPS-B2SAP_GMLBalloon_20240129_R0.ict
82,1001
Thornberry, T. D.
NOAA Chemical Sciences Laboratory
Portable Optical Particle Spectrometer (POPS)
Balloon Baseline Stratospheric Aerosol Profiles (B2SAP)
1,1
2024,01,29,2024,05,30
0
TIME_START,s,Seconds since midnight UTC on flight start day,Start time of 100 m altitude bin in UTC_seconds_since_midnight
49
1.0,1.0,1.0,1.0,1.0,1.0,1.0,1.0,1.0,1.0,1.0,1.0,1.0,1.0,1.0,1.0,1.0,1.0,1.0,1.0,1.0,1.0,1.0,1.0,1.0,1.0,1.0,1.0,1.0,1.0,1.0,1.0,1.0,1.0,1.0,1.0,1.0,1.0,1.0,1.0,1.0,1.0,1.0,1.0,1.0,1.0,1.0,1.0,1.0
99999,99999,99999,99999,99999,99999,99999,99999,99999,99999,99999,99999,99999,99999,99999,99999,99999,99999,99999,99999,99999,99999,99999,99999,99999,99999,99999,99999,99999,99999,99999,99999,99999,99999,99999,99999,99999,99999,99999,99999,99999,99999,99999,99999,99999,99999,99999,99999,99999
TIME_STOP,s,End time of 100 m altitude bin in UTC seconds since midnight,
TIME_MID,s,Mid time of 100 m altitude in UTC seconds since midnight,
GPSAlt,km,GPS reported altitude above sea level (km),
GPS_Lon,deg,GPS reported longitude,
GPS_Lat,deg,GPS reported latitude,
iMet_Pressure,hPa,Pressure reported (hPa),
iMet_Temperature,degrees C,Ambient temperature (oC),
THETA,K,Potential temperature from iMet,
Aerosol_concentration,cm^-3,Aerosol concentration,
Surface_Area_Conc,um^2 cm^-3,Surface area concentration,
Volume_density,um^3 cm^-3,Volume density,
Effective_radius,um,Effective radius,
Extinction,km^-1,Extinction,
Bin01,cm^-3,particle concentration in size range [140 - 146.14 nm],
Bin02,cm^-3,particle concentration in size range [146.14 - 152.56 nm],
Bin03,cm^-3,particle concentration in size range [152.56 - 159.25 nm],
Bin04,cm^-3,particle concentration in size range [159.25 - 166.24 nm],
Bin05,cm^-3,particle concentration in size range [166.24 - 173.54 nm],
Bin06,cm^-3,particle concentration in size range [173.54 - 181.16 nm],
Bin07,cm^-3,particle concentration in size range [181.16 - 189.11 nm],
Bin08,cm^-3,particle concentration in size range [189.11 - 197.41 nm],
Bin09,cm^-3,particle concentration in size range [197.41 - 206.07 nm],
Bin10,cm^-3,particle concentration in size range [206.07 - 215.12 nm],
Bin11,cm^-3,particle concentration in size range [215.12 - 224.56 nm],
Bin12,cm^-3,particle concentration in size range [224.56 - 234.41 nm],
Bin13,cm^-3,particle concentration in size range [234.41 - 244.70 nm],
Bin14,cm^-3,particle concentration in size range [244.70 - 361.30 nm],
Bin15,cm^-3,particle concentration in size range [361.30 - 472.80 nm],
Bin16,cm^-3,particle concentration in size range [472.80 - 567.00 nm],
Bin17,cm^-3,particle concentration in size range [567.00 - 610.66 nm],
Bin18,cm^-3,particle concentration in size range [610.66 - 657.69 nm],
Bin19,cm^-3,particle concentration in size range [657.69 - 708.33 nm],
Bin20,cm^-3,particle concentration in size range [708.33 - 762.88 nm],
Bin21,cm^-3,particle concentration in size range [762.88 - 821.62 nm],
Bin22,cm^-3,particle concentration in size range [821.62 - 884.89 nm],
Bin23,cm^-3,particle concentration in size range [884.89 - 953.03 nm],
Bin24,cm^-3,particle concentration in size range [953.03 - 1026.42 nm],
Bin25,cm^-3,particle concentration in size range [1026.42 - 1105.46 nm],
Bin26,cm^-3,particle concentration in size range [1105.46 - 1190.59 nm]],
[...]
LOCATION: Boulder, CO, USA
ASSOCIATED_DATA: N/A
INSTRUMENT_INFO: Printed Optical Particle Spectrometer counts particles from 140 - 2500 nm in diameter 
DATA_INFO: Particle concentrations reported in number per cubic centimeter, binned to 100 m altitude
UNCERTAINTY: Counting uncertainty dominated by air flow, less than 5 percent
ULOD_FLAG: -77777
ULOD_VALUE: 3000 ~3000 per cm3 (varies depending on flow rate- manufacturer quotes 1250  per cm3 at 1.667 cc/s)
LLOD_FLAG: -88888
LLOD_VALUE: 0 0 (varies depending on data field and measurement precision)
DM_CONTACT_INFO: Troy Thornberry, 325 Broadway R/CSL6, Boulder, CO 80305; troy.thornberry@noaa.gov; 303-497-3373
PROJECT_INFO: B2SAP Boulder, CO, USA
STIPULATIONS_ON_USE: Please contact the PIs for questions regarding applications and uncertainties
OTHER_COMMENTS: POPS bin Edges (nm):  140, 146.14, 152.56, 159.25, 166.24, 173.54, 181.16, 189.11, 197.41, 206.07, 215.12, 224.56, 234.41, 244.70, 361.30, 472.80, 567.00, 610.66, 657.69, 708.33, 762.88, 821.62, 884.89, 953.03, 1026.42, 1105.46, 1190.59, 1282.27, 1381.01, 1487.36, 1601.89, 1725.25, 1858.10, 2001.18, 2155.28, 2321.25, 2500
Calculations assume sulfate refractive index of 1.45+0.00j and extinction wavelength = 532 nm
REVISION: R0
R0: QA/QC data
TIME_START,TIME_STOP,TIME_MID,GPSAlt,GPS_Lon,GPS_Lat,iMet_Pressure,iMet_Temperature,THETA,Aerosol_concentration,Surface_Area_Conc,Volume_density,Effective_radius,Extinction,Bin01,Bin02,Bin03,Bin04,Bin05,Bin06,Bin07,Bin08,Bin09,Bin10,Bin11,Bin12,Bin13,Bin14,Bin15,Bin16,Bin17,Bin18,Bin19,Bin20,Bin21,Bin22,Bin23,Bin24,Bin25,Bin26,Bin27,Bin28,Bin29,Bin30,Bin31,Bin32,Bin33,Bin34,Bin35,Bin36
[from data line 503]
73064,73102,73083,6,-104.34,39.6796,485.389,-19.5238,311.805,8.38569,0.959539,45.9017,0.143512,0.000217697,1.84603,1.63982,1.24705,0.805183,0.579339,0.412411,0.373134,0.274941,0.166928,0.186567,0.157109,0.0294579,0.13747,0.333857,0.0981931,0.0490965,0.00981931,0,0,0.00981931,0,0,0.0294579,0,0,0,0,0,0,0,0,0,0,0,0,0
73103,73144,73124,5.9,-104.337,39.6782,491.965,-18.9695,311.287,8.87995,0.980976,44.3338,0.135581,0.000214301,2.34268,1.55561,1.14819,0.861142,0.750027,0.416682,0.444461,0.342605,0.101856,0.166673,0.0833364,0.046298,0.0648172,0.370384,0.0555576,0.0648172,0.0370384,0,0,0,0.0092596,0.0092596,0.0092596,0,0,0,0,0,0,0,0,0,0,0,0,0
73145,73182,73164,5.8,-104.334,39.6762,498.797,-18.0503,311.185,9.03268,0.876582,32.2408,0.11034,0.000125033,2.2609,1.91139,1.45266,0.742711,0.622567,0.513344,0.327667,0.251211,0.174756,0.207522,0.0873778,0.0546111,0.120144,0.174756,0.0546111,0.0655333,0,0,0,0,0.0109222,0,0,0,0,0,0,0,0,0,0,0,0,0,0,0
73183,73217,73200,5.7,-104.332,39.6744,505.129,-17.1859,311.115,9.10101,0.951241,37.5524,0.118432,0.000164151,2.18068,1.69114,1.29061,0.934578,0.623052,0.511793,0.467289,0.289274,0.200267,0.122385,0.133511,0.111259,0.0778815,0.289274,0.0667556,0.0890075,0.0111259,0,0,0,0.0111259,0,0,0,0,0,0,0,0,0,0,0,0,0,0,0
73218,73253,73236,5.6,-104.331,39.6729,511.427,-16.4163,310.948,8.86356,0.859631,32.4425,0.11322,0.00012985,2.4288,1.64023,1.3248,1.04092,0.75703,0.378515,0.252343,0.205029,0.0946288,0.189258,0.0788573,0.0788573,0.0630858,0.205029,0.0630858,0.0315429,0.0157715,0,0,0,0.0157715,0,0,0,0,0,0,0,0,0,0,0,0,0,0,0
73255,73286,73270,5.5,-104.329,39.671,519.32,-15.8511,310.273,9.16699,1.12198,51.2914,0.137145,0.000266882,2.01674,1.63595,1.14235,0.803874,0.662844,0.592328,0.296164,0.282061,0.211546,0.239752,0.155134,0.155134,0.0987214,0.592328,0.141031,0.0564122,0.0282061,0,0.0423092,0.0141031,0,0,0,0,0,0,0,0,0,0,0,0,0,0,0,0
73287,73318,73302,5.4,-104.328,39.6696,525.603,-15.1443,310.057,11.0162,1.41785,66.0475,0.139749,0.000350558,2.34331,1.85848,1.27939,0.875373,0.94271,0.579093,0.457888,0.269346,0.377084,0.282813,0.202009,0.228944,0.121206,0.727233,0.282813,0.134673,0,0.0134673,0.0134673,0.0134673,0.0134673,0,0,0,0,0,0,0,0,0,0,0,0,0,0,0
73320,73346,73333,5.3,-104.326,39.6683,532.185,-14.4585,309.779,12.6652,1.83087,94.4645,0.154786,0.000521799,2.20264,1.68096,1.47808,0.985389,1.07234,0.521677,0.637605,0.550659,0.405749,0.405749,0.318802,0.463713,0.405749,0.898443,0.318802,0.231856,0.028982,0,0,0.028982,0,0,0.028982,0,0,0,0,0,0,0,0,0,0,0,0,0
73353,73379,73366,5.2,-104.324,39.6672,540.1,-13.5667,309.539,14.2936,2.24121,122.746,0.164304,0.000714043,2.11296,1.80223,1.39828,1.18077,1.21185,1.27399,0.652532,0.652532,0.590386,0.248584,0.248584,0.341803,0.31073,1.36721,0.559313,0.217511,0,0,0,0.031073,0.0621459,0.031073,0,0,0,0,0,0,0,0,0,0,0,0,0,0
73381,73402,73392,5.1,-104.322,39.6665,545.404,-13.049,309.288,14.3114,2.12084,106.741,0.150989,0.000593448,2.37904,1.93297,1.44972,1.00366,0.854966,0.557586,1.00366,0.520414,0.594759,0.483242,0.446069,0.594759,0.297379,1.63559,0.297379,0.0371724,0.0743449,0,0.111517,0.0371724,0,0,0,0,0,0,0,0,0,0,0,0,0,0,0,0
73421,73442,73432,5,-104.32,39.6651,555.058,-11.8177,309.198,13.4631,1.97359,95.673,0.14543,0.000504614,2.32435,1.81118,1.5395,0.875404,0.99615,0.543354,0.633913,0.482982,0.452795,0.362236,0.392423,0.573541,0.241491,1.59988,0.392423,0.181118,0.0301864,0,0,0,0,0.0301864,0,0,0,0,0,0,0,0,0,0,0,0,0,0
73443,73477,73460,4.9,-104.318,39.6642,561.096,-11.0827,309.114,13.2998,1.91439,89.0019,0.139473,0.000472287,2.12846,1.90176,1.38539,1.19647,0.944585,0.680101,0.59194,0.516373,0.428212,0.352645,0.277078,0.403023,0.251889,1.62469,0.365239,0.188917,0.0251889,0.0377834,0,0,0,0,0,0,0,0,0,0,0,0,0,0,0,0,0,0
73478,73516,73497,4.8,-104.316,39.6632,568.811,-10.1381,309.018,15.5534,2.25788,107.351,0.142635,0.000565556,2.91365,2.27542,1.4152,1.05447,1.02672,0.665978,0.749225,0.721476,0.527233,0.430111,0.485609,0.374613,0.263616,1.91469,0.430111,0.263616,0.0138745,0.0138745,0,0,0,0,0.0138745,0,0,0,0,0,0,0,0,0,0,0,0,0
73517,73553,73535,4.7,-104.313,39.6622,576.173,-9.26167,308.912,13.9686,1.89856,82.921,0.131027,0.000402864,2.20074,2.17018,1.31433,1.13094,1.03924,0.871128,0.51962,0.443205,0.626601,0.565469,0.366791,0.320942,0.305659,1.58943,0.320942,0.152829,0.0152829,0.0152829,0,0,0,0,0,0,0,0,0,0,0,0,0,0,0,0,0,0
73554,73598,73576,4.6,-104.311,39.6609,583.768,-8.25225,308.934,14.7856,2.31218,118.033,0.153145,0.000658251,2.46882,1.74913,1.42117,1.32096,0.892785,0.883675,0.592154,0.619484,0.501053,0.364402,0.428173,0.391732,0.464613,1.80379,0.519273,0.282412,0.0364402,0,0.0182201,0,0,0.00911005,0.0182201,0,0,0,0,0,0,0,0,0,0,0,0,0
73599,73641,73620,4.5,-104.309,39.6592,591.083,-7.33975,308.899,14.7397,2.2896,119.346,0.156377,0.00068581,2.47193,2.12273,1.31407,1.14866,0.9465,0.900553,0.716767,0.569738,0.597306,0.468655,0.340005,0.413519,0.165408,1.67246,0.487034,0.303247,0.0183786,0.00918932,0.027568,0.0183786,0,0.0183786,0.00918932,0,0,0,0,0,0,0,0,0,0,0,0,0
73642,73684,73663,4.4,-104.307,39.6576,598.472,-6.52053,308.753,15.3332,2.25455,106.458,0.141658,0.000575436,2.48904,2.26104,1.56753,1.12102,1.17802,0.63651,0.59851,0.551009,0.655511,0.551009,0.465508,0.323005,0.370506,1.73853,0.484508,0.304005,0.0190003,0,0.0190003,0,0,0,0,0,0,0,0,0,0,0,0,0,0,0,0,0
73685,73734,73710,4.3,-104.304,39.6559,606.09,-6.19429,308.015,19.3535,3.11224,156.884,0.151227,0.000874079,3.10003,2.33801,1.61929,1.11705,1.23828,1.16034,0.96984,0.753358,0.684084,0.718721,0.571513,0.649447,0.536876,2.7017,0.796655,0.285757,0.0259779,0.0259779,0.00865929,0.0173186,0.0173186,0.0173186,0,0,0,0,0,0,0,0,0,0,0,0,0,0
73735,73785,73760,4.2,-104.301,39.6543,614.147,-6.1225,306.937,20.5617,3.48033,182.249,0.157096,0.00105642,3.20905,2.31307,1.81023,1.25253,1.37139,0.978256,0.886831,0.795405,0.831975,0.694836,0.731407,0.676551,0.53027,3.00791,0.923401,0.402274,0.0182852,0.0457129,0.0457129,0.0182852,0,0,0.0182852,0,0,0,0,0,0,0,0,0,0,0,0,0
73790,73829,73810,4.1,-104.298,39.6525,622.268,-5.353,306.669,22.2126,3.66286,187.815,0.153827,0.00107319,3.27748,2.53541,1.7686,1.52124,1.59545,1.29862,1.13784,0.878116,0.841013,0.704967,0.667863,0.717334,0.791541,2.98065,0.878116,0.469978,0.0865748,0.0123678,0.0247357,0,0,0.0123678,0.0123678,0,0,0,0,0,0,0,0,0,0,0,0,0
73830,73869,73850,4,-104.296,39.6508,629.745,-4.78897,306.268,19.902,3.24798,163.578,0.151088,0.000930913,2.72251,2.33178,1.68896,1.22261,1.34865,1.07136,1.10917,0.920106,0.554584,0.882293,0.831877,0.63021,0.554584,2.87376,0.617605,0.403334,0.0378126,0.0378126,0.0252084,0.0378126,0,0,0,0,0,0,0,0,0,0,0,0,0,0,0,0
73870,73904,73887,3.9,-104.294,39.6495,637.786,-4.37542,305.631,16.3323,2.38953,112.37,0.141078,0.000586661,2.60039,2.00732,1.87046,1.36863,0.805969,0.988452,0.745141,0.684313,0.593071,0.441002,0.577864,0.471416,0.456209,1.94649,0.471416,0.273725,0,0,0.015207,0,0,0.015207,0,0,0,0,0,0,0,0,0,0,0,0,0,0
73905,73944,73924,3.8,-104.292,39.6485,646.082,-4.08688,304.83,11.6008,1.34733,54.3257,0.120963,0.00024211,2.17798,2.12155,1.29776,1.20748,0.880218,0.564242,0.733515,0.507818,0.259551,0.225697,0.293406,0.124133,0.146703,0.756085,0.191842,0.0789939,0.0225697,0.0112848,0,0,0,0,0,0,0,0,0,0,0,0,0,0,0,0,0,0
73945,73978,73962,3.7,-104.289,39.6478,654.212,-3.52963,304.372,11.9563,1.48979,66.8267,0.134569,0.000331974,2.2176,1.83019,1.56301,1.09544,0.921774,0.708029,0.547721,0.480925,0.387412,0.427489,0.360694,0.200386,0.0534362,0.734747,0.293899,0.0667952,0.013359,0.013359,0.013359,0,0.0267181,0,0,0,0,0,0,0,0,0,0,0,0,0,0,0
73980,74013,73996,3.6,-104.286,39.647,662.66,-3.30815,303.508,12.5462,1.40911,54.9504,0.11699,0.000233256,2.31434,2.179,1.5835,1.35342,1.0286,0.866186,0.609037,0.365422,0.365422,0.297751,0.216546,0.203012,0.189478,0.676708,0.175944,0.108273,0.0135342,0,0,0,0,0,0,0,0,0,0,0,0,0,0,0,0,0,0,0
74015,74049,74032,3.5,-104.283,39.6462,670.772,-2.7308,303.101,12.7812,1.42547,57.4221,0.120848,0.000257911,2.4165,2.4165,1.92155,1.13546,0.756975,0.713304,0.611403,0.509503,0.451274,0.247473,0.305702,0.26203,0.203801,0.582289,0.0873433,0.101901,0.0145572,0.0291144,0.0145572,0,0,0,0,0,0,0,0,0,0,0,0,0,0,0,0,0
74051,74083,74067,3.4,-104.28,39.6457,680.175,-2.08895,302.615,15.678,1.68548,62.8246,0.111822,0.000241212,3.11648,2.19874,2.3517,1.79723,1.16629,0.917737,0.76478,0.611824,0.458868,0.248554,0.40151,0.420629,0.325032,0.630944,0.172076,0.076478,0,0,0.0191195,0,0,0,0,0,0,0,0,0,0,0,0,0,0,0,0,0
74086,74117,74102,3.3,-104.278,39.6449,688.085,-1.80286,301.936,42.6609,4.95651,192.657,0.116609,0.000779018,5.80408,6.66522,5.37351,4.09903,3.63401,3.03121,2.30786,2.1873,1.60172,1.51561,1.29171,0.912809,0.826695,2.60064,0.516684,0.223896,0.0172228,0.0344456,0,0,0.0172228,0,0,0,0,0,0,0,0,0,0,0,0,0,0,0
74118,74151,74134,3.2,-104.277,39.6435,695.412,-1.68556,301.154,72.6785,9.22082,377.246,0.122737,0.00164727,9.45021,8.8896,7.52813,6.2067,6.04653,5.72618,3.92424,5.24567,3.52381,2.28247,2.76298,2.00216,1.24134,5.9264,1.28138,0.560605,0,0.0400432,0,0.0400432,0,0,0,0,0,0,0,0,0,0,0,0,0,0,0,0
74156,74189,74172,3.1,-104.275,39.6418,703.869,-1.2825,300.56,138.836,19.4589,869.694,0.134082,0.00412811,16.848,15.477,13.6794,11.0289,10.6328,8.62201,7.92128,7.58615,7.34242,6.39796,5.6363,5.1793,3.25991,14.045,3.59504,1.31006,0.0913994,0,0.0609329,0,0,0,0.121866,0,0,0,0,0,0,0,0,0,0,0,0,0
