data/B2SAP/Locations/Boulder/NOAA-POPS-B2SAP_GMLBalloon_20240129_R0.ict
82,1001
Thornberry, T. D.
NOAA Chemical Sciences Laboratory
Portable Optical Particle Spectrometer (POPS)
Balloon Baseline Stratospheric Aerosol Profiles (B2SAP)
1,1
2024,01,29,2024,05,30
0
TIME_START,s,Seconds since midnight UTC on flight start day,Start time of 100 m altitude bin in UTC_seconds_since_midnight
49
1.0,1.0,1.0,1.0,1.0,1.0,1.0,1.0,1.0,1.0,1.0,1.0,1.0,1.0,1.0,1.0,1.0,1.0,1.0,1.0,1.0,1.0,1.0,1.0,1.0,1.0,1.0,1.0,1.0,1.0,1.0,1.0,1.0,1.0,1.0,1.0,1.0,1.0,1.0,1.0,1.0,1.0,1.0,1.0,1.0,1.0,1.0,1.0,1.0
99999,99999,99999,99999,99999,99999,99999,99999,99999,99999,99999,99999,99999,99999,99999,99999,99999,99999,99999,99999,99999,99999,99999,99999,99999,99999,99999,99999,99999,99999,99999,99999,99999,99999,99999,99999,99999,99999,99999,99999,99999,99999,99999,99999,99999,99999,99999,99999,99999
TIME_STOP,s,End time of 100 m altitude bin in UTC seconds since midnight,
TIME_MID,s,Mid time of 100 m altitude in UTC seconds since midnight,
GPSAlt,km,GPS reported altitude above sea level (km),
GPS_Lon,deg,GPS reported longitude,
GPS_Lat,deg,GPS reported latitude,
iMet_Pressure,hPa,Pressure reported (hPa),
iMet_Temperature,degrees C,Ambient temperature (oC),
THETA,K,Potential temperature from iMet,
Aerosol_concentration,cm^-3,Aerosol concentration,
Surface_Area_Conc,um^2 cm^-3,Surface area concentration,
Volume_density,um^3 cm^-3,Volume density,
Effective_radius,um,Effective radius,
Extinction,km^-1,Extinction,
Bin01,cm^-3,particle concentration in size range [140 - 146.14 nm],
Bin02,cm^-3,particle concentration in size range [146.14 - 152.56 nm],
Bin03,cm^-3,particle concentration in size range [152.56 - 159.25 nm],
Bin04,cm^-3,particle concentration in size range [159.25 - 166.24 nm],
Bin05,cm^-3,particle concentration in size range [166.24 - 173.54 nm],
Bin06,cm^-3,particle concentration in size range [173.54 - 181.16 nm],
Bin07,cm^-3,particle concentration in size range [181.16 - 189.11 nm],
Bin08,cm^-3,particle concentration in size range [189.11 - 197.41 nm],
Bin09,cm^-3,particle concentration in size range [197.41 - 206.07 nm],
Bin10,cm^-3,particle concentration in size range [206.07 - 215.12 nm],
Bin11,cm^-3,particle concentration in size range [215.12 - 224.56 nm],
Bin12,cm^-3,particle concentration in size range [224.56 - 234.41 nm],
Bin13,cm^-3,particle concentration in size range [234.41 - 244.70 nm],
Bin14,cm^-3,particle concentration in size range [244.70 - 361.30 nm],
Bin15,cm^-3,particle concentration in size range [361.30 - 472.80 nm],
Bin16,cm^-3,particle concentration in size range [472.80 - 567.00 nm],
Bin17,cm^-3,particle concentration in size range [567.00 - 610.66 nm],
Bin18,cm^-3,particle concentration in size range [610.66 - 657.69 nm],
Bin19,cm^-3,particle concentration in size range [657.69 - 708.33 nm],
Bin20,cm^-3,particle concentration in size range [708.33 - 762.88 nm],
Bin21,cm^-3,particle concentration in size range [762.88 - 821.62 nm],
Bin22,cm^-3,particle concentration in size range [821.62 - 884.89 nm],
Bin23,cm^-3,particle concentration in size range [884.89 - 953.03 nm],
Bin24,cm^-3,particle concentration in size range [953.03 - 1026.42 nm],
Bin25,cm^-3,particle concentration in size range [1026.42 - 1105.46 nm],
Bin26,cm^-3,particle concentration in size range [1105.46 - 1190.59 nm]],
[...]
LOCATION: Boulder, CO, USA
ASSOCIATED_DATA: N/A
INSTRUMENT_INFO: Printed Optical Particle Spectrometer counts particles from 140 - 2500 nm in diameter 
DATA_INFO: Particle concentrations reported in number per cubic centimeter, binned to 100 m altitude
UNCERTAINTY: Counting uncertainty dominated by air flow, less than 5 percent
ULOD_FLAG: -77777
ULOD_VALUE: 3000 ~3000 per cm3 (varies depending on flow rate- manufacturer quotes 1250  per cm3 at 1.667 cc/s)
LLOD_FLAG: -88888
LLOD_VALUE: 0 0 (varies depending on data field and measurement precision)
DM_CONTACT_INFO: Troy Thornberry, 325 Broadway R/CSL6, Boulder, CO 80305; troy.thornberry@noaa.gov; 303-497-3373
PROJECT_INFO: B2SAP Boulder, CO, USA
STIPULATIONS_ON_USE: Please contact the PIs for questions regarding applications and uncertainties
OTHER_COMMENTS: POPS bin Edges (nm):  140, 146.14, 152.56, 159.25, 166.24, 173.54, 181.16, 189.11, 197.41, 206.07, 215.12, 224.56, 234.41, 244.70, 361.30, 472.80, 567.00, 610.66, 657.69, 708.33, 762.88, 821.62, 884.89, 953.03, 1026.42, 1105.46, 1190.59, 1282.27, 1381.01, 1487.36, 1601.89, 1725.25, 1858.10, 2001.18, 2155.28, 2321.25, 2500
Calculations assume sulfate refractive index of 1.45+0.00j and extinction wavelength = 532 nm
REVISION: R0
R0: QA/QC data
TIME_START,TIME_STOP,TIME_MID,GPSAlt,GPS_Lon,GPS_Lat,iMet_Pressure,iMet_Temperature,THETA,Aerosol_concentration,Surface_Area_Conc,Volume_density,Effective_radius,Extinction,Bin01,Bin02,Bin03,Bin04,Bin05,Bin06,Bin07,Bin08,Bin09,Bin10,Bin11,Bin12,Bin13,Bin14,Bin15,Bin16,Bin17,Bin18,Bin19,Bin20,Bin21,Bin22,Bin23,Bin24,Bin25,Bin26,Bin27,Bin28,Bin29,Bin30,Bin31,Bin32,Bin33,Bin34,Bin35,Bin36
[from data line 403]
69798,69823,69810,16,-104.68,39.8018,106.904,-56.4296,410.517,10.5713,1.70719,91.3597,0.160544,0.000542049,1.08853,1.08853,1.07807,0.921067,0.826867,0.900133,0.617533,0.617533,0.5652,0.3454,0.324467,0.1884,0.2826,1.10947,0.2826,0.157,0.0732667,0.0418667,0.0418667,0.0104667,0,0,0.0104667,0,0,0,0,0,0,0,0,0,0,0,0,0
69824,69848,69836,15.9,-104.675,39.801,108.584,-57.9029,405.913,10.4528,1.72611,96.6419,0.167964,0.000567688,1.17794,1.02927,0.972086,0.92634,0.823414,0.674742,0.74336,0.571815,0.434579,0.491761,0.331653,0.240162,0.30878,1.13219,0.285908,0.137236,0.0571815,0.0228726,0.0228726,0.0228726,0.0228726,0,0.0228726,0,0,0,0,0,0,0,0,0,0,0,0,0
69849,69874,69862,15.8,-104.671,39.8006,110.287,-57.318,405.209,10.7702,1.70283,88.1827,0.155358,0.000518878,1.21124,1.1785,1.04756,0.818404,0.785668,0.785668,0.818404,0.545603,0.436482,0.567427,0.338274,0.283713,0.261889,1.09121,0.283713,0.152769,0.0545603,0.0545603,0.0327362,0.0218241,0,0,0,0,0,0,0,0,0,0,0,0,0,0,0,0
69875,69901,69888,15.7,-104.668,39.8008,112.098,-57.497,402.999,11.943,1.89114,106.372,0.168743,0.000585628,1.37531,1.22362,1.4461,1.09216,0.738218,0.748331,0.677543,0.596642,0.556192,0.556192,0.475291,0.364053,0.262927,1.29441,0.293265,0.101126,0.0101126,0.0101126,0.0202252,0.0101126,0.0303377,0.0202252,0.0404503,0,0,0,0,0,0,0,0,0,0,0,0,0
69902,69926,69914,15.6,-104.665,39.801,113.903,-56.4444,403.119,12.7417,1.78136,86.5606,0.145777,0.000459306,1.5086,1.51945,1.29154,1.29154,1.28068,0.900819,0.716314,0.759727,0.607781,0.455836,0.293038,0.347304,0.260478,1.03106,0.227918,0.130239,0.0325597,0.043413,0.0108532,0,0.0217065,0,0.0108532,0,0,0,0,0,0,0,0,0,0,0,0,0
69927,69953,69940,15.5,-104.661,39.8007,115.719,-56.9974,400.274,14.1459,2.00265,95.9808,0.14378,0.000487316,1.54154,1.66244,1.38033,1.3501,1.21912,1.02769,0.846334,0.785881,0.775806,0.624675,0.413091,0.332488,0.302262,1.39041,0.282111,0.13098,0,0.0201508,0.0100754,0,0.0201508,0.0302262,0,0,0,0,0,0,0,0,0,0,0,0,0,0
69954,69979,69966,15.4,-104.658,39.7998,117.564,-56.9438,398.57,14.441,1.97217,91.9348,0.139848,0.000454498,1.68234,1.73459,1.37931,1.29572,1.17033,1.08673,0.94044,0.971788,0.752352,0.543365,0.480669,0.376176,0.344828,1.26437,0.219436,0.104493,0.0104493,0.0208987,0.0104493,0.031348,0,0.0104493,0.0104493,0,0,0,0,0,0,0,0,0,0,0,0,0
69980,70003,69992,15.3,-104.655,39.7985,119.359,-56.1283,398.346,14.3,2.06604,105.128,0.152651,0.000526062,1.86522,1.51478,1.34522,1.19826,1.20957,0.949567,0.949567,0.825219,0.599131,0.678262,0.418262,0.429566,0.384348,1.51478,0.169565,0.169565,0,0.0113044,0,0,0.0113044,0,0.0565218,0,0,0,0,0,0,0,0,0,0,0,0,0
70004,70030,70017,15.2,-104.651,39.7973,121.269,-55.3937,397.885,14.458,1.94692,83.6208,0.128851,0.000386843,1.56979,1.67977,1.38981,1.20984,1.4398,0.969868,1.03986,0.699905,0.7399,0.429942,0.579921,0.389947,0.43994,1.4998,0.229969,0.0999864,0,0.0199973,0.0199973,0.00999864,0,0,0,0,0,0,0,0,0,0,0,0,0,0,0,0
70031,70054,70042,15.1,-104.647,39.7959,123.165,-55.5459,395.849,15.5804,2.09531,94.7666,0.135684,0.000447726,2.09949,2.05038,1.62066,1.28916,1.3751,1.00677,0.847161,0.650718,0.662996,0.58933,0.405164,0.405164,0.503386,1.73116,0.196443,0.0613885,0,0,0.0491108,0.0122777,0,0.0245554,0,0,0,0,0,0,0,0,0,0,0,0,0,0
70055,70080,70068,15,-104.641,39.7943,125.131,-55.6314,393.909,16.6947,2.31006,107.528,0.139643,0.000508075,1.89322,1.86863,1.80716,1.37689,1.32771,1.38918,0.84826,0.958902,0.749911,0.590094,0.676149,0.651562,0.344221,1.78257,0.258166,0.0860553,0.0122936,0.0122936,0.0122936,0,0.0122936,0.0122936,0.0245872,0,0,0,0,0,0,0,0,0,0,0,0,0
70081,70108,70094,14.9,-104.636,39.7929,127.116,-55.8439,391.756,17.6559,2.32109,100.811,0.130298,0.00047174,1.91996,2.12257,1.9682,1.73665,1.37967,1.27354,1.32178,1.02269,0.810437,0.501699,0.530643,0.617476,0.414866,1.62087,0.221905,0.0771844,0.0385922,0.0482403,0.00964806,0.00964806,0,0.00964806,0,0,0,0,0,0,0,0,0,0,0,0,0,0
70109,70134,70122,14.8,-104.631,39.7917,129.123,-55.5712,390.496,17.1278,2.38769,113.162,0.142182,0.00056347,1.87189,1.99669,1.65351,1.64311,1.33112,1.35192,1.00874,0.904749,0.811154,0.821554,0.623965,0.499172,0.509571,1.62231,0.249586,0.0935947,0.0103994,0.0207988,0.0519971,0.0207988,0,0.0207988,0.0103994,0,0,0,0,0,0,0,0,0,0,0,0,0
70135,70161,70148,14.7,-104.626,39.7909,131.139,-55.2615,389.325,17.9555,2.56195,122.866,0.143873,0.000602308,1.74956,2.24943,1.89952,1.33966,1.45963,1.14971,1.00975,1.12972,0.889776,0.819794,0.699824,0.599849,0.469882,2.00949,0.229942,0.139965,0.019995,0.019995,0,0.00999749,0.019995,0.00999749,0.0299925,0,0,0,0,0,0,0,0,0,0,0,0,0
70162,70190,70176,14.6,-104.621,39.79,133.255,-55.6766,386.812,17.0131,2.42425,116.911,0.144676,0.000579338,1.85309,1.85309,1.75066,1.51786,1.41543,1.20125,1.18263,0.931203,0.819459,0.568034,0.577346,0.59597,0.409729,1.80653,0.307297,0.102432,0.0279361,0.0186241,0.0186241,0.0186241,0,0,0.0372481,0,0,0,0,0,0,0,0,0,0,0,0,0
70191,70219,70205,14.5,-104.617,39.7894,135.396,-55.5531,385.272,16.7151,2.40979,112.996,0.140671,0.000574999,1.92759,1.75066,1.65754,1.35956,1.38749,1.25712,0.95914,0.893955,0.828771,0.568034,0.661154,0.577346,0.465602,1.85309,0.288673,0.176929,0.00931203,0.00931203,0.0651842,0.00931203,0,0,0.00931203,0,0,0,0,0,0,0,0,0,0,0,0,0
70220,70247,70234,14.4,-104.613,39.7891,137.492,-55.3739,383.901,17.1286,2.48299,118.516,0.143194,0.000598492,1.82936,1.79084,1.58865,1.34795,1.52125,1.21315,1.29981,0.876166,0.741371,0.837653,0.635461,0.452525,0.519922,1.91601,0.327359,0.0962819,0.0288846,0.00962819,0.048141,0.00962819,0.0192564,0.00962819,0.00962819,0,0,0,0,0,0,0,0,0,0,0,0,0
70248,70280,70264,14.3,-104.608,39.7887,139.753,-55.3345,382.185,17.1441,2.54705,124.493,0.146632,0.000637273,1.89766,1.69405,1.62889,1.55559,1.37642,1.21353,1.0262,0.961048,0.741147,0.749291,0.602691,0.561969,0.407224,2.13385,0.325779,0.154745,0.0244334,0,0.0244334,0.0162889,0.0162889,0.0162889,0.0162889,0,0,0,0,0,0,0,0,0,0,0,0,0
70281,70308,70294,14.2,-104.603,39.7885,142.013,-54.6407,381.646,17.9666,2.66987,131.329,0.147568,0.000700489,1.80049,1.86753,1.74303,1.48445,1.53233,1.27375,1.30248,1.0439,0.833205,0.804473,0.632086,0.574624,0.32562,2.17399,0.249004,0.105348,0.0478853,0.0574624,0.0670395,0.0191541,0.00957706,0.0191541,0,0,0,0,0,0,0,0,0,0,0,0,0,0
70309,70336,70322,14.1,-104.598,39.7882,144.136,-54.7754,379.797,16.9594,2.71264,147.634,0.163273,0.000822578,1.92481,1.8099,1.46515,1.43642,1.446,1.12041,0.94804,0.861855,0.727789,0.526689,0.689484,0.718212,0.545841,1.98227,0.344742,0.181947,0.0670332,0.0383047,0.0287285,0.0191523,0.0191523,0.00957617,0.0478808,0,0,0,0,0,0,0,0,0,0,0,0,0
70337,70364,70350,14,-104.592,39.7878,146.312,-55.3007,377.268,17.0968,2.573,128.464,0.149784,0.000694034,1.60403,1.68087,1.84415,1.39272,1.59442,1.19101,1.1718,0.845236,0.93168,0.739581,0.662742,0.566692,0.403408,1.7481,0.355383,0.220914,0.0192099,0.0480248,0.00960495,0.0192099,0.0288149,0.00960495,0.00960495,0,0,0,0,0,0,0,0,0,0,0,0,0
70365,70395,70380,13.9,-104.586,39.7871,148.668,-55.2143,375.698,16.5448,2.46613,120.076,0.14607,0.000624036,1.57741,1.67599,1.55052,1.60429,1.26372,1.1472,1.2906,0.887291,0.815591,0.752853,0.591527,0.367464,0.510864,1.84628,0.367464,0.179251,0.0448127,0.00896253,0.00896253,0.0268876,0,0.00896253,0.0179251,0,0,0,0,0,0,0,0,0,0,0,0,0
70396,70423,70410,13.8,-104.581,39.7869,151.096,-54.5361,375.128,18.4504,2.77961,137.654,0.148568,0.000723726,2.06202,2.22375,1.57684,1.50946,1.53641,1.17252,1.09166,0.741251,0.822114,0.781682,0.64691,0.808637,0.64691,2.0755,0.458228,0.134773,0,0.0808637,0.0404318,0,0.0134773,0,0.0269546,0,0,0,0,0,0,0,0,0,0,0,0,0
70425,70451,70438,13.7,-104.576,39.7868,153.502,-54.1804,374.045,18.3518,2.86512,147.743,0.154699,0.00075846,2.10146,1.81359,1.69844,1.5545,1.3386,1.36739,1.1083,0.84922,0.863613,0.777252,0.4462,0.489381,0.474987,2.76356,0.4462,0.115148,0.0575742,0,0,0,0.0143936,0.0143936,0.0575742,0,0,0,0,0,0,0,0,0,0,0,0,0
70452,70481,70466,13.6,-104.571,39.7863,155.843,-54.7373,371.482,18.1345,2.81973,142.514,0.151625,0.000762085,2.01784,1.8486,1.86162,1.37994,1.40598,1.14561,1.05448,0.963355,0.794117,0.794117,0.598842,0.520732,0.520732,2.46046,0.468659,0.130183,0.0390549,0.0130183,0.0260366,0.0650915,0,0,0.0260366,0,0,0,0,0,0,0,0,0,0,0,0,0
70482,70511,70496,13.5,-104.567,39.7856,158.262,-54.4977,370.259,17.426,2.73899,144.802,0.158601,0.000787937,2.09423,2.00373,1.43493,1.29273,1.48664,1.33151,0.827349,0.904912,0.672221,0.749785,0.749785,0.452456,0.517093,2.09423,0.504166,0.129273,0,0.038782,0.0646366,0.0129273,0.0129273,0.0129273,0.038782,0,0,0,0,0,0,0,0,0,0,0,0,0
70512,70542,70527,13.4,-104.562,39.7852,160.71,-54.2897,368.988,15.8741,2.80304,164.63,0.176198,0.00100353,1.57989,1.64258,1.57989,1.36673,1.31657,1.09088,0.94041,0.764867,0.714712,0.614401,0.451397,0.463936,0.338548,1.85574,0.589324,0.300931,0.062694,0.0501552,0.0250776,0.0250776,0.0376164,0.0376164,0.0250776,0,0,0,0,0,0,0,0,0,0,0,0,0
70543,70573,70558,13.3,-104.557,39.785,163.273,-54.1503,367.559,15.3808,2.68439,149.25,0.166797,0.000889148,1.48158,1.70758,1.1928,1.25558,1.13002,1.02957,1.06724,0.765901,0.753345,0.477119,0.552453,0.351561,0.514786,2.04659,0.527342,0.339005,0.0627788,0.0125558,0.0376673,0.0125558,0.0251115,0.0251115,0.0125558,0,0,0,0,0,0,0,0,0,0,0,0,0
70574,70605,70590,13.2,-104.551,39.7843,165.881,-54.1869,365.836,14.4976,2.52848,142.329,0.168871,0.000874822,1.64856,1.49097,1.29703,1.12732,1.10308,0.945495,0.90913,0.666695,0.5576,0.5576,0.606087,0.436382,0.424261,1.68492,0.521235,0.254556,0.0727304,0.0848521,0.0606087,0.0121217,0,0.0363652,0,0,0,0,0,0,0,0,0,0,0,0,0,0
70606,70634,70620,13.1,-104.545,39.7833,168.437,-53.9917,364.567,15.1585,2.54823,138.943,0.163575,0.000827656,1.71681,1.5571,1.35748,1.27762,1.18446,0.918292,0.771898,0.865058,0.678738,0.678738,0.612195,0.385949,0.385949,1.82328,0.439183,0.319406,0.0133086,0.0266172,0.106469,0,0.0133086,0.0266172,0,0,0,0,0,0,0,0,0,0,0,0,0,0
70635,70665,70650,13,-104.54,39.782,171.033,-54.5974,361.974,17.6039,3.05404,176.245,0.173126,0.00104414,1.72906,1.77918,1.704,1.55365,1.16524,1.16524,1.05247,0.964767,0.776825,0.639001,0.701649,0.601413,0.43853,2.29289,0.488648,0.250589,0.0250589,0.100236,0.0751766,0.0250589,0,0.0250589,0.0501178,0,0,0,0,0,0,0,0,0,0,0,0,0
70666,70696,70681,12.9,-104.535,39.7799,173.764,-54.8684,359.893,19.9821,3.24586,167.837,0.155124,0.000944569,2.06104,2.09874,1.87253,1.57092,1.45781,1.25673,1.18133,0.929983,1.04309,0.703771,0.75404,0.653501,0.703771,2.66428,0.540395,0.276481,0.0502693,0.037702,0.075404,0,0.037702,0,0.0125673,0,0,0,0,0,0,0,0,0,0,0,0,0
70697,70725,70711,12.8,-104.53,39.7778,176.584,-54.5107,358.827,19.5294,3.38394,180.125,0.159689,0.00105835,1.89554,1.7754,1.49507,1.45503,1.53512,1.33489,1.09461,0.840978,0.921071,0.894373,0.787583,0.734187,0.747536,2.80326,0.600699,0.360419,0.0667443,0.106791,0.0266977,0.0266977,0.0133489,0,0.0133489,0,0,0,0,0,0,0,0,0,0,0,0,0
70726,70752,70739,12.7,-104.526,39.7761,179.319,-54.4767,357.313,20.4854,3.47004,184.925,0.159876,0.00105259,2.12612,1.75261,1.82444,1.63769,1.58022,1.33601,1.16362,1.0056,0.775746,0.905037,0.818843,0.818843,0.617724,2.94496,0.646455,0.301679,0.043097,0.043097,0.086194,0.0143657,0,0.0143657,0.0287313,0,0,0,0,0,0,0,0,0,0,0,0,0
70753,70782,70768,12.6,-104.522,39.7747,182.068,-54.6793,355.432,20.4985,3.26617,170.937,0.157007,0.00092403,1.97872,1.88819,1.7718,1.59074,1.82353,1.33208,1.35795,1.02169,1.12515,0.8277,0.853566,0.698372,0.801834,2.58656,0.349186,0.297455,0.0517312,0.0258656,0.0258656,0.0258656,0,0.0129328,0.0517312,0,0,0,0,0,0,0,0,0,0,0,0,0
70783,70816,70800,12.5,-104.517,39.7731,185.009,-57.6379,349.016,17.3597,2.7539,145.056,0.158019,0.000822087,2.08177,1.89672,1.5035,1.39941,1.2375,1.00619,1.17967,0.971493,0.855839,0.774881,0.636097,0.589835,0.416354,1.94299,0.439485,0.161915,0.104089,0.057827,0.057827,0.0115654,0,0.0115654,0.0231308,0,0,0,0,0,0,0,0,0,0,0,0,0
70817,70850,70834,12.4,-104.512,39.7711,187.964,-56.9529,348.544,18.079,2.79263,144.798,0.15555,0.000817055,2.34059,1.71797,1.87939,1.42972,1.45278,1.24524,1.153,0.945459,0.726389,0.714859,0.622619,0.576499,0.541909,1.86786,0.415079,0.2306,0.0461199,0.0807099,0.03459,0,0.03459,0.01153,0.01153,0,0,0,0,0,0,0,0,0,0,0,0,0
70851,70883,70867,12.3,-104.508,39.7695,190.92,-56.8045,347.233,18.681,2.88949,150.16,0.155904,0.000835395,2.07435,2.20474,1.71875,1.65948,1.45797,1.1972,1.14978,1.0431,0.924569,0.616379,0.616379,0.557112,0.568965,2.03879,0.37931,0.260776,0.0711207,0.0355603,0.0474138,0.0237069,0,0,0.0355603,0,0,0,0,0,0,0,0,0,0,0,0,0
70884,70918,70901,12.2,-104.504,39.7684,193.874,-56.1791,346.712,19.7198,3.13181,166.644,0.15963,0.000946889,2.20029,2.15297,1.82174,1.82174,1.49052,1.21844,1.13563,0.875383,1.06466,0.768918,0.733429,0.733429,0.626964,2.07016,0.48501,0.295738,0.047318,0.047318,0.023659,0.0354885,0.0354885,0.0118295,0.023659,0,0,0,0,0,0,0,0,0,0,0,0,0
70919,70952,70936,12.1,-104.5,39.7674,196.982,-56.277,344.985,20.0215,3.04736,154.22,0.151824,0.000848394,2.5248,2.14726,1.84051,1.61635,1.46297,1.47477,1.2978,1.13262,0.908457,0.861265,0.696091,0.601705,0.483724,1.95849,0.566311,0.271357,0.0353944,0.0235963,0.082587,0,0.0117981,0,0.0235963,0,0,0,0,0,0,0,0,0,0,0,0,0
70953,70992,70972,12,-104.497,39.7658,200.143,-56.452,343.142,18.9901,3.1614,180.455,0.171242,0.0010686,2.16396,2.25896,1.92117,1.49894,1.39338,1.28782,1.14004,1.00281,0.791692,0.686133,0.570019,0.570019,0.475015,2.1534,0.475015,0.285009,0.0738913,0.0738913,0.0527795,0.0211118,0.0105559,0.0527795,0.0316677,0,0,0,0,0,0,0,0,0,0,0,0,0
70993,71027,71010,11.9,-104.495,39.7639,203.374,-56.5817,341.37,16.8292,2.55591,134.637,0.15803,0.000757132,1.7715,1.8757,1.75847,1.38073,1.57611,1.18534,1.19837,0.976929,0.768517,0.768517,0.534054,0.325643,0.325643,1.68032,0.27354,0.156309,0.09118,0.104206,0.0390772,0,0,0,0.0390772,0,0,0,0,0,0,0,0,0,0,0,0,0
71028,71062,71045,11.8,-104.492,39.7621,206.5,-55.8543,341.028,17.5493,2.82376,155.55,0.165258,0.000898517,2.06234,2.21798,1.59539,1.43974,1.51757,1.14142,0.998741,0.959829,0.531797,0.77824,0.466944,0.609621,0.466944,1.73807,0.505856,0.298325,0.077824,0.038912,0.0129707,0.0259413,0.0129707,0,0.0518827,0,0,0,0,0,0,0,0,0,0,0,0,0
71063,71093,71078,11.7,-104.49,39.7601,209.764,-55.5184,340.027,17.9255,2.87249,157.14,0.164116,0.000898451,2.13468,1.84226,1.65219,1.75453,1.35976,1.27204,1.14045,1.00886,0.687193,0.774919,0.65795,0.467876,0.321665,1.7984,0.599466,0.233938,0.0584845,0.0292422,0.0292422,0.0438634,0,0.0146211,0.0438634,0,0,0,0,0,0,0,0,0,0,0,0,0
71094,71126,71110,11.6,-104.488,39.7582,213.069,-55.3279,338.809,16.6959,2.54067,128.13,0.151295,0.000702413,2.17952,2.02873,1.53526,1.27481,1.20627,1.05549,1.27481,0.795045,0.64426,0.699091,0.479768,0.548307,0.370107,1.74087,0.466061,0.301569,0.0274153,0,0.0137077,0.0137077,0.0137077,0.0137077,0.0137077,0,0,0,0,0,0,0,0,0,0,0,0,0
71127,71159,71143,11.5,-104.486,39.7562,216.388,-54.8903,337.993,16.9828,2.60192,133.079,0.153439,0.000771712,2.26437,2.22344,1.60961,1.24131,1.45956,1.22767,1.06398,0.736601,0.641116,0.504708,0.600194,0.504708,0.300097,1.65053,0.504708,0.245534,0.0545631,0.0545631,0.0682038,0.0136408,0.0136408,0,0,0,0,0,0,0,0,0,0,0,0,0,0,0
71160,71193,71176,11.4,-104.484,39.7539,219.776,-55.3194,335.834,16.7786,2.65147,140.899,0.15942,0.000834255,2.14905,2.01557,2.00222,1.22803,1.24138,1.09455,1.01446,0.7208,0.86763,0.614015,0.547274,0.320356,0.307008,1.60178,0.560622,0.266963,0.0800889,0.0400445,0.0533926,0.0400445,0,0,0.0133482,0,0,0,0,0,0,0,0,0,0,0,0,0
71194,71227,71210,11.3,-104.482,39.7515,223.479,-54.8144,335.01,16.9725,2.7626,155.64,0.169015,0.000923134,2.1464,2.39814,1.62967,1.51043,1.11295,1.16595,0.887709,0.755215,0.715467,0.622721,0.503476,0.370983,0.344484,1.77542,0.503476,0.278237,0.0662469,0.0662469,0.0264988,0.0132494,0.0132494,0.0397481,0.0264988,0,0,0,0,0,0,0,0,0,0,0,0,0
