data/B2SAP/Locations/Boulder/NOAA-POPS-B2SAP_GMLBalloon_20210402_R0.ict
61,1001
Thornberry, T. D.
NOAA Chemical Sciences Laboratory
Portable Optical Particle Spectrometer (POPS)
Balloon Baseline Stratospheric Aerosol Profiles (B2SAP)
1,1
2021,04,02,2024,05,28
0
TIME_START,s,Seconds since midnight UTC on flight start day,Start time of 100 m altitude bin in UTC_seconds_since_midnight
28
1.0,1.0,1.0,1.0,1.0,1.0,1.0,1.0,1.0,1.0,1.0,1.0,1.0,1.0,1.0,1.0,1.0,1.0,1.0,1.0,1.0,1.0,1.0,1.0,1.0,1.0,1.0,1.0
99999,99999,99999,99999,99999,99999,99999,99999,99999,99999,99999,99999,99999,99999,99999,99999,99999,99999,99999,99999,99999,99999,99999,99999,99999,99999,99999,99999
TIME_STOP,s,End time of 100 m altitude bin in UTC seconds since midnight,
TIME_MID,s,Mid time of 100 m altitude in UTC seconds since midnight,
GPSAlt,m,GPS reported altitude above sea level (m),
GPS_Lon,deg,GPS reported longitude,
GPS_Lat,deg,GPS reported latitude,
iMet_Pressure,mb,Pressure reported (mB),
iMet_Temperature,degrees C,Ambient temperature (oC),
THETA,K,Potential temperature from iMet,
Aerosol_concentration,cm^-3,Aerosol concentration,
Surface_Area_Conc,um^2 cm^-3,Surface area concentration,
Volume_density,um^3 cm^-3,Volume density,
Effective_radius,um,Effective radius,
Extinction,km^-1,Extinction,
Bin01,cm^-3,particle concentration in size range [140 - 170 nm],
Bin02,cm^-3,particle concentration in size range [170 - 205 nm],
Bin03,cm^-3,particle concentration in size range [205 - 249 nm],
Bin04,cm^-3,particle concentration in size range [249 - 302 nm],
Bin05,cm^-3,particle concentration in size range [302 - 366 nm],
Bin06,cm^-3,particle concentration in size range [366 - 443 nm],
Bin07,cm^-3,particle concentration in size range [443 - 537 nm],
Bin08,cm^-3,particle concentration in size range [537 - 651 nm],
Bin09,cm^-3,particle concentration in size range [651 - 789 nm],
Bin10,cm^-3,particle concentration in size range [789 - 956 nm],
Bin11,cm^-3,particle concentration in size range [956 - 1159 nm],
Bin12,cm^-3,particle concentration in size range [1159 - 1404 nm],
Bin13,cm^-3,particle concentration in size range [1404 - 1702 nm],
Bin14,cm^-3,particle concentration in size range [1702 - 2062 nm],
Bin15,cm^-3,particle concentration in size range [2062 - 2500 nm],
0
19
PI_CONTACT_INFO: 325 Broadway R/CSL6, Boulder, CO 80305; troy.thornberry@noaa.gov; 303-497-3373 
PLATFORM: GML ECC/FPH balloon
LOCATION: Boulder, CO, USA
ASSOCIATED_DATA: N/A
INSTRUMENT_INFO: Printed Optical Particle Spectrometer counts particles from 140 - 2500 nm in diameter 
DATA_INFO: Particle concentrations reported in number per cubic centimeter, binned to 100 m altitude
UNCERTAINTY: Counting uncertainty dominated by air flow, less than 5 percent
ULOD_FLAG: -77777
ULOD_VALUE: 3000 ~3000 per cm3 (varies depending on flow rate- manufacturer quotes 1250  per cm3 at 1.667 cc/s)
LLOD_FLAG: -88888
LLOD_VALUE: 0 0 (varies depending on data field and measurement precision)
DM_CONTACT_INFO: Troy Thornberry, 325 Broadway R/CSL6, Boulder, CO 80305; troy.thornberry@noaa.gov; 303-497-3373
PROJECT_INFO: B2SAP Boulder, CO, USA
STIPULATIONS_ON_USE: Please contact the PIs for questions regarding applications and uncertainties
OTHER_COMMENTS: POPS bin Edges (nm):  140, 170, 205, 249, 302, 366, 443, 537, 651, 789, 956, 1159, 1404, 1702, 2062, 2500
Calculations assume sulfate refractive index of 1.45+0.00j and extinction wavelength = 532 nm
REVISION: R0
R0: QA/QC data
TIME_START,TIME_STOP,TIME_MID,GPSAlt,GPS_Lon,GPS_Lat,iMet_Pressure,iMet_Temperature,THETA,Aerosol_concentration,Surface_Area_Conc,Volume_density,Effective_radius,Extinction,Bin01,Bin02,Bin03,Bin04,Bin05,Bin06,Bin07,Bin08,Bin09,Bin10,Bin11,Bin12,Bin13,Bin14,Bin15
[from data line 312]
66463,66484,66474,14,-103.795,39.6542,145.199,-56.4,376.185,13.9236,1.4523,56.2188,0.11613,0.000237524,9.1513,3.01547,0.865309,0.340879,0.367101,0.052443,0.052443,0.052443,0.0262215,0,0,0,0,0,0
66488,66516,66502,13.9,-103.788,39.6532,147.329,-56.2104,374.951,16.0429,1.73254,78.518,0.135959,0.000315224,10.7282,3.40646,0.961158,0.367502,0.24029,0.127212,0.141347,0.0282694,0.0282694,0,0,0.0141347,0,0,0
66517,66549,66533,13.8,-103.778,39.6521,149.787,-55.7104,374.035,18.5485,1.92265,73.5988,0.11484,0.000312856,12.4991,3.92914,0.978579,0.355847,0.415155,0.177924,0.118616,0.0593078,0.014827,0,0,0,0,0,0
66550,66584,66567,13.7,-103.77,39.6509,151.97,-55.0524,373.624,20.5423,2.25189,95.1703,0.126787,0.000448094,13.5974,4.24005,1.35243,0.456902,0.347245,0.255865,0.164485,0.0913804,0.0182761,0.0182761,0,0,0,0,0
66585,66620,66602,13.6,-103.759,39.6492,154.521,-54.6416,372.557,21.6924,2.34746,104.716,0.133825,0.000415864,14.5976,4.09128,1.56976,0.667459,0.321369,0.210126,0.123604,0.0741621,0.0123604,0.0123604,0,0,0.0123604,0,0
66621,66649,66635,13.5,-103.749,39.6478,156.794,-54.3879,371.432,20.0441,2.0945,81.653,0.116953,0.000353755,13.3787,4.32135,1.10027,0.430541,0.414595,0.191351,0.111622,0.0637838,0.0318919,0,0,0,0,0,0
66654,66680,66667,13.4,-103.739,39.6465,159.264,-54.4487,369.671,13.1393,1.71783,103.797,0.181269,0.00046416,8.59815,2.65457,0.651122,0.417386,0.267127,0.250432,0.150259,0.0667817,0.0500863,0,0,0.0333909,0,0,0
66682,66705,66694,13.3,-103.731,39.6452,161.708,-54.9884,367.162,6.91514,1.05465,57.7063,0.164148,0.00036724,3.76086,1.51648,0.66725,0.242636,0.262856,0.161758,0.141538,0.121318,0.0404394,0,0,0,0,0,0
66706,66728,66717,13.2,-103.724,39.6441,164.208,-54.4371,366.485,7.96589,1.10896,52.9517,0.143247,0.000300708,4.12962,1.9407,0.744686,0.451325,0.293361,0.135398,0.18053,0.090265,0,0,0,0,0,0,0
66732,66755,66744,13.1,-103.716,39.6433,166.979,-54.5274,364.575,9.89524,1.34585,60.0334,0.133819,0.00030789,5.24931,1.87044,1.10618,0.784379,0.462582,0.201123,0.181011,0.0402246,0,0,0,0,0,0,0
66757,66775,66766,13,-103.71,39.6429,169.394,-54.0553,363.87,10.669,1.79295,113.638,0.190141,0.000577516,5.32323,2.0526,1.24058,0.676682,0.63157,0.383453,0.180448,0.11278,0.0451121,0,0,0,0.0225561,0,0
66782,66808,66795,12.9,-103.702,39.6427,172.205,-54.6236,361.228,12.0737,1.87367,94.0876,0.150647,0.000553508,5.75767,2.44265,1.58772,0.907269,0.575767,0.331502,0.34895,0.104685,0.0174475,0,0,0,0,0,0
66809,66835,66822,12.8,-103.694,39.6429,174.962,-55.5152,358.127,15.0067,2.34177,122.485,0.156914,0.000722183,6.98414,3.63443,1.62461,1.08866,0.653193,0.485708,0.368468,0.100491,0.0502456,0.0167485,0,0,0,0,0
66839,66872,66856,12.7,-103.686,39.6428,177.835,-56.1712,355.381,16.8839,2.78981,163.83,0.176173,0.000949818,7.74616,4.06635,1.91721,1.25237,0.819454,0.417458,0.278305,0.262844,0.0927684,0.0154614,0,0.0154614,0,0,0
66873,66907,66890,12.6,-103.678,39.6423,180.783,-55.6756,354.528,16.6773,2.90153,178.443,0.184499,0.000962339,6.94176,4.00541,2.32342,1.28287,0.926518,0.570165,0.342099,0.185304,0.0285082,0.0427624,0,0.0285082,0,0,0
66908,66947,66928,12.5,-103.668,39.6411,183.729,-56.8159,351.049,18.608,2.87568,156.209,0.162962,0.000865922,8.83412,4.2291,2.25552,1.31572,0.966651,0.429623,0.295366,0.18796,0.0671285,0.0134257,0.0134257,0,0,0,0
66948,66981,66964,12.4,-103.659,39.64,186.403,-56.9779,349.336,19.3377,2.85066,139.947,0.147279,0.000796505,9.28127,4.71203,2.06024,1.2647,0.877131,0.550757,0.428366,0.101992,0.0611952,0,0,0,0,0,0
66995,67025,67010,12.3,-103.647,39.6396,189.74,-56.6653,348.068,20.2983,3.17595,187.394,0.177012,0.000995808,10.3497,4.19162,2.26399,1.46189,0.879722,0.491609,0.336364,0.206993,0.0517484,0.0388113,0.0129371,0,0.0129371,0,0
67071,67084,67078,12.1,-103.63,39.6396,196.199,-55.6836,346.326,20.5572,3.0118,154.342,0.153738,0.000856324,9.94878,4.89194,2.58339,1.26421,0.687071,0.659588,0.274828,0.19238,0,0.0549657,0,0,0,0,0
67086,67111,67098,12,-103.625,39.6397,198.688,-55.5733,345.249,20.4773,2.87965,152.148,0.158507,0.000741706,11.3241,3.81382,2.40564,1.17348,0.733427,0.49873,0.410719,0.0586741,0.0293371,0,0.0293371,0,0,0,0
67112,67127,67120,11.9,-103.62,39.64,201.294,-54.8663,345.082,21.5256,3.46814,255.911,0.221367,0.00114158,11.1492,4.33272,2.37333,1.71101,0.71752,0.551938,0.469148,0.0551938,0.110388,0.0275969,0,0,0,0.0275969,0
67128,67162,67145,11.8,-103.613,39.6407,205.213,-54.5068,343.757,19.4043,2.80828,156.022,0.166673,0.000807615,10.3463,4.04592,2.11354,1.22786,0.865544,0.342192,0.201289,0.140903,0.0603868,0.0402579,0.0201289,0,0,0,0
67163,67200,67182,11.7,-103.607,39.6408,208.953,-55.2426,340.842,29.5503,3.57783,150.689,0.126352,0.000726427,17.2416,6.57717,2.25503,1.43288,1.10403,0.469798,0.305369,0.164429,0,0,0,0,0,0,0
67201,67240,67220,11.6,-103.601,39.6402,211.991,-56.0388,338.191,29.1773,3.9247,204.787,0.156537,0.000991793,16.3181,6.33198,2.90099,1.47839,0.934455,0.516042,0.460254,0.139471,0.0557883,0.0139471,0,0.0139471,0.0139471,0,0
67246,67295,67270,11.5,-103.594,39.6387,215.299,-55.7073,337.211,30.5577,3.98284,192.853,0.145263,0.000915205,16.7063,7.20792,2.8658,1.57402,0.955266,0.673028,0.401646,0.108553,0.0325659,0.0108553,0,0.0217106,0,0,0
67296,67341,67318,11.4,-103.585,39.6366,218.672,-55.76,335.64,32.9648,4.48267,211.57,0.141592,0.00112428,17.1946,7.67062,3.38057,1.90479,1.35566,0.652089,0.600608,0.137282,0.0343205,0.0343205,0,0,0,0,0
67342,67373,67358,11.3,-103.578,39.6347,221.935,-55.2437,335.019,34.04,4.38328,200.656,0.137333,0.00105536,19.3275,7.47625,3.00896,1.58755,1.36603,0.461497,0.572256,0.184599,0.0369197,0.0184599,0,0,0,0,0
67374,67404,67389,11.2,-103.574,39.6332,225.244,-54.7009,334.43,35.9724,4.95461,287.254,0.173931,0.00126104,19.6323,8.6447,3.39325,1.67642,1.23207,0.686728,0.343364,0.201979,0.0605937,0.0201979,0.0403958,0.0201979,0.0201979,0,0
67409,67437,67423,11.1,-103.571,39.6316,228.876,-53.9425,334.059,35.4771,4.90069,245.594,0.150343,0.00126527,19.2527,7.69224,3.44825,1.85675,1.54729,0.862061,0.530499,0.198937,0.0442083,0.0221041,0.0221041,0,0,0,0
67437,67461,67449,11,-103.568,39.6302,232.487,-53.2126,333.68,34.8329,4.70362,223.38,0.142473,0.00124275,18.9682,7.87447,3.21927,2.08442,1.08853,0.602165,0.602165,0.324243,0.0694806,0,0,0,0,0,0
67462,67486,67474,10.9,-103.566,39.6289,236.257,-52.6632,332.984,34.0526,4.66881,212.877,0.136787,0.00111121,18.1077,6.81052,3.61234,2.13979,1.79466,0.966357,0.414153,0.16106,0.046017,0,0,0,0,0,0
67490,67516,67503,10.8,-103.564,39.6276,240.003,-52.6262,331.539,33.6148,4.8533,246.492,0.152365,0.00131431,16.7762,7.81498,3.93875,1.83391,1.58384,0.625198,0.666878,0.333439,0.0208399,0,0,0.0208399,0,0,0
67516,67544,67530,10.7,-103.562,39.6259,243.859,-52.7013,329.921,35.3014,5.00683,248.302,0.148778,0.00127908,18.1469,7.80448,3.66372,2.11809,1.96543,0.629702,0.782356,0.133573,0.0190819,0.0190819,0,0.0190819,0,0,0
67551,67576,67564,10.6,-103.561,39.6235,247.88,-52.3262,328.945,36.4052,5.53011,312.949,0.16977,0.0015646,17.7457,8.35199,4.14858,2.41239,2.01033,0.694476,0.621374,0.25586,0.0913785,0.0182757,0.0182757,0.0182757,0.0182757,0,0
67582,67611,67596,10.5,-103.558,39.6206,251.704,-51.6454,328.522,36.4886,5.64447,318.786,0.169433,0.0015886,17.5247,8.21584,4.1899,2.49572,2.02208,1.03837,0.637593,0.255037,0.018217,0.0364339,0.018217,0.018217,0.018217,0,0
67612,67645,67628,10.4,-103.556,39.6171,255.52,-51.1911,327.774,34.0216,4.79325,233.85,0.146362,0.00121422,17.1277,7.6833,3.8962,2.05719,1.82342,0.529883,0.607807,0.249357,0.0311696,0,0,0.0155848,0,0,0
67665,67685,67675,10.3,-103.551,39.613,260.3,-50.5194,327.033,27.7732,4.0863,205.176,0.150632,0.00112324,13.6564,5.75412,3.60591,1.91804,1.45771,0.690494,0.485903,0.0767216,0.0767216,0.0511477,0,0,0,0,0
67688,67723,67706,10.2,-103.547,39.6109,263.465,-50.5592,325.85,28.1651,4.23477,208.69,0.147841,0.0011676,12.6885,6.4611,3.9568,2.1537,1.46919,0.534251,0.667814,0.150258,0.0667814,0.0166954,0,0,0,0,0
67724,67758,67741,10.1,-103.541,39.6092,267.754,-50.9511,323.783,19.2239,2.79661,136.703,0.146645,0.000667115,8.98982,4.29272,2.39521,1.43091,1.33759,0.37328,0.295513,0.09332,0,0,0.0155533,0,0,0,0
67759,67797,67778,10,-103.537,39.6087,271.747,-50.9086,322.468,12.9982,1.77341,79.303,0.134154,0.000401089,6.24348,3.06751,1.61122,0.852087,0.821102,0.154925,0.154925,0.0774625,0.0154925,0,0,0,0,0,0
67798,67830,67814,9.9,-103.532,39.6082,275.585,-50.0662,322.399,11.8268,1.97356,175.606,0.266938,0.000572872,5.10891,2.8862,1.69191,0.763018,0.829368,0.31516,0.149286,0.0663494,0,0,0,0,0,0,0.0165874
67831,67863,67847,9.8,-103.528,39.6075,279.956,-49.1377,322.292,12.7525,1.83907,96.0069,0.156613,0.000458827,6.2525,2.92003,1.50126,0.87436,0.676392,0.214466,0.197968,0.0989841,0,0,0,0.0164974,0,0,0
67863,67894,67878,9.7,-103.524,39.607,284.61,-48.1656,322.172,11.4576,1.66452,89.4418,0.161203,0.00037829,5.22207,2.47361,1.83803,0.961961,0.56687,0.206135,0.120245,0.0343558,0.0171779,0,0,0,0.0171779,0,0
67895,67920,67908,9.6,-103.52,39.6067,289.258,-47.275,321.945,12.0224,1.83412,103.115,0.168661,0.000478563,5.61839,2.57113,1.61886,1.02369,0.690396,0.214261,0.166647,0.0714202,0.0238067,0,0,0.0238067,0,0,0
67921,67950,67936,9.5,-103.516,39.6067,293.049,-46.6075,321.7,11.5482,1.58825,73.2674,0.138393,0.0003592,5.1467,3.10503,1.46745,0.850694,0.616753,0.170139,0.127604,0.0425347,0,0.0212674,0,0,0,0,0
67951,67979,67965,9.4,-103.512,39.6065,297.534,-45.899,321.313,13.5851,2.01974,107.912,0.160287,0.000512633,6.32844,3.07984,1.85634,0.907076,0.801602,0.379706,0.126569,0.0421896,0.0421896,0,0.0210948,0,0,0,0
67980,68012,67996,9.3,-103.508,39.6063,302.04,-45.0048,321.197,13.4636,2.02697,98.8291,0.146271,0.000515317,5.26925,3.56626,2.02355,1.36239,0.601055,0.400703,0.140246,0.0400703,0.0400703,0.0200352,0,0,0,0,0
68012,68043,68028,9.2,-103.504,39.6061,306.675,-44.0591,321.118,13.4243,1.99674,106.121,0.159441,0.000506378,6.092,3.26487,1.6598,1.07613,0.76606,0.255353,0.237114,0.036479,0,0.0182395,0.0182395,0,0,0,0
68047,68082,68064,9.1,-103.499,39.6057,311.661,-43.0481,321.056,12.5369,1.79203,83.8512,0.140373,0.000439332,5.81512,2.84503,1.64137,1.09424,0.594018,0.312641,0.140688,0.0468961,0.0468961,0,0,0,0,0,0
68083,68118,68100,9,-103.494,39.6053,316.362,-42.2292,320.827,12.1096,1.78515,92.1497,0.15486,0.00042018,5.54224,2.67501,1.66587,1.00914,0.688775,0.352396,0.0961081,0.0480541,0.016018,0,0,0.016018,0,0,0
68119,68158,68138,8.9,-103.489,39.6046,321.134,-41.2911,320.759,12.1249,1.71129,90.473,0.158605,0.000403423,5.97374,2.70593,1.61173,0.887189,0.414021,0.310516,0.162651,0.0147865,0.029573,0,0,0,0.0147865,0,0
68159,68200,68180,8.8,-103.483,39.6036,325.845,-40.4545,320.57,12.7809,1.78176,79.8156,0.134388,0.000403564,6.04503,2.7103,1.83344,1.07615,0.59786,0.25243,0.212572,0.0398573,0.0132858,0,0,0,0,0,0
68201,68241,68221,8.7,-103.477,39.6026,330.693,-39.5683,320.438,11.4199,1.65825,87.8973,0.159018,0.000420599,5.29804,2.64192,1.54822,1.05109,0.497135,0.127835,0.142039,0.0710193,0.0142039,0.0142039,0.0142039,0,0,0,0
68246,68281,68264,8.6,-103.472,39.6019,335.634,-38.6752,320.306,10.2929,1.38386,62.316,0.135092,0.000311153,5.10845,2.21975,1.39874,0.790594,0.410501,0.228056,0.0456112,0.0608149,0.0304075,0,0,0,0,0,0
68282,68317,68300,8.5,-103.468,39.6015,340.113,-38.0847,319.902,9.20909,1.35867,73.6059,0.162525,0.000305848,4.03033,2.16684,1.32177,0.910075,0.433369,0.238353,0.0433369,0.0433369,0,0,0.0216684,0,0,0,0
68318,68360,68339,8.4,-103.463,39.6007,345.648,-36.88,320.056,9.67692,1.62191,159.325,0.294699,0.000518011,4.91048,2.00348,1.25708,0.890434,0.327365,0.0916623,0.0654731,0.0654731,0.0130946,0.0130946,0,0.0130946,0,0.0261892,0
68361,68395,68378,8.3,-103.458,39.6,350.467,-36.1819,319.733,10.0217,1.41436,80.8452,0.171481,0.000311951,5.04084,2.17536,1.30522,0.78013,0.375062,0.195032,0.105017,0.0150025,0,0,0.0150025,0.0150025,0,0,0
68402,68431,68416,8.2,-103.453,39.5992,355.837,-35.1943,319.676,10.5117,1.4325,72.8852,0.152639,0.000321307,5.37651,2.22569,1.31396,0.831281,0.469272,0.134078,0.0804465,0.0402233,0.0268155,0,0,0.0134078,0,0,0
68433,68467,68450,8.1,-103.449,39.5986,361.2,-34.3932,319.387,10.9437,1.44283,63.0154,0.131024,0.000304387,5.59996,2.30587,1.33594,0.841824,0.494114,0.237907,0.0549016,0.0549016,0.0183005,0,0,0,0,0,0
68473,68498,68486,8,-103.445,39.5981,365.803,-33.6177,319.27,10.1616,1.54676,94.4782,0.183244,0.000447002,5.1172,2.18528,1.29296,0.564531,0.619163,0.0910533,0.182107,0.0364213,0.0364213,0.0182107,0,0,0.0182107,0,0
68504,68529,68516,7.9,-103.441,39.5976,370.873,-32.7026,319.222,10.6645,1.57546,76.6791,0.146013,0.000402202,4.9656,2.2209,1.40378,1.00569,0.565702,0.293327,0.125711,0.0628557,0,0.0209519,0,0,0,0,0
68533,68562,68548,7.8,-103.437,39.597,376.342,-31.733,319.174,10.8043,1.43065,62.5693,0.131205,0.000304226,5.29313,2.43841,1.52648,0.693856,0.495612,0.198245,0.0991223,0.0396489,0.0198245,0,0,0,0,0,0
68563,68591,68577,7.7,-103.433,39.5965,381.784,-30.7822,319.122,10.1226,1.38311,64.1186,0.139075,0.000311996,4.9654,2.36549,1.04422,0.937671,0.404903,0.277039,0.0852428,0.0213107,0,0.0213107,0,0,0,0,0
68592,68628,68610,7.6,-103.429,39.5961,387.076,-29.8273,319.125,9.36535,1.52293,104.861,0.206564,0.0004212,4.34526,2.05741,1.20153,1.02048,0.362105,0.164593,0.115215,0.0164593,0.0329186,0,0.0329186,0.0164593,0,0,0
68630,68667,68648,7.5,-103.423,39.5955,392.765,-28.8742,319.04,9.02113,1.39912,126.738,0.271751,0.00037113,4.72683,1.82276,1.32845,0.64878,0.262602,0.123577,0.0308943,0.0308943,0,0,0.0154471,0,0.0154471,0.0154471,0
68670,68713,68692,7.4,-103.417,39.5949,398.505,-27.8693,319.022,8.40641,1.03269,44.0915,0.128087,0.000201567,4.45045,1.88922,1.06507,0.494495,0.367701,0.0760761,0,0.0253587,0.0380381,0,0,0,0,0,0
68715,68766,68740,7.3,-103.41,39.5942,404.207,-26.9916,318.869,7.80438,0.908436,40.8,0.134737,0.000137471,4.17004,1.73314,1.26047,0.451667,0.0735272,0.0525194,0.0420155,0.0105039,0,0,0.0105039,0,0,0,0
68767,68820,68794,7.2,-103.402,39.5937,409.629,-26.1879,318.698,6.27797,0.704446,27.7675,0.118253,9.95709e-05,3.26266,1.41343,1.11896,0.365135,0.0824499,0.0117786,0,0.0117786,0,0.0117786,0,0,0,0,0
68823,68852,68838,7.1,-103.395,39.5935,414.258,-25.4682,318.604,5.8268,0.598664,20.269,0.101571,6.21817e-05,3.01999,1.7587,0.817173,0.142117,0.0355293,0.0177646,0.0355293,0,0,0,0,0,0,0,0
68894,68895,68894,7,-103.386,39.5938,421.697,-24.53,318.179,6.48864,0.874408,38.747,0.132937,0.000202665,2.59546,2.07636,1.16795,0.259546,0.129773,0,0.259546,0,0,0,0,0,0,0,0
68936,68939,68938,6.9,-103.379,39.5941,427.86,-23.7767,317.825,4.91645,0.679385,39.7859,0.175685,0.000244056,2.07008,2.07008,0.517521,0.12938,0,0,0,0,0.12938,0,0,0,0,0,0
