data/B2SAP/Locations/Boulder/NOAA-POPS-B2SAP_GMLBalloon_20210709_R0.ict
61,1001
Thornberry, T. D.
NOAA Chemical Sciences Laboratory
Portable Optical Particle Spectrometer (POPS)
Balloon Baseline Stratospheric Aerosol Profiles (B2SAP)
1,1
2021,07,09,2024,05,28
0
TIME_START,s,Seconds since midnight UTC on flight start day,Start time of 100 m altitude bin in UTC_seconds_since_midnight
28
1.0,1.0,1.0,1.0,1.0,1.0,1.0,1.0,1.0,1.0,1.0,1.0,1.0,1.0,1.0,1.0,1.0,1.0,1.0,1.0,1.0,1.0,1.0,1.0,1.0,1.0,1.0,1.0
99999,99999,99999,99999,99999,99999,99999,99999,99999,99999,99999,99999,99999,99999,99999,99999,99999,99999,99999,99999,99999,99999,99999,99999,99999,99999,99999,99999
TIME_STOP,s,End time of 100 m altitude bin in UTC seconds since midnight,
TIME_MID,s,Mid time of 100 m altitude in UTC seconds since midnight,
GPSAlt,m,GPS reported altitude above sea level (m),
GPS_Lon,deg,GPS reported longitude,
GPS_Lat,deg,GPS reported latitude,
iMet_Pressure,mb,Pressure reported (mB),
iMet_Temperature,degrees C,Ambient temperature (oC),
THETA,K,Potential temperature from iMet,
Aerosol_concentration,cm^-3,Aerosol concentration,
Surface_Area_Conc,um^2 cm^-3,Surface area concentration,
Volume_density,um^3 cm^-3,Volume density,
Effective_radius,um,Effective radius,
Extinction,km^-1,Extinction,
Bin01,cm^-3,particle concentration in size range [140 - 170 nm],
Bin02,cm^-3,particle concentration in size range [170 - 205 nm],
Bin03,cm^-3,particle concentration in size range [205 - 249 nm],
Bin04,cm^-3,particle concentration in size range [249 - 302 nm],
Bin05,cm^-3,particle concentration in size range [302 - 366 nm],
Bin06,cm^-3,particle concentration in size range [366 - 443 nm],
Bin07,cm^-3,particle concentration in size range [443 - 537 nm],
Bin08,cm^-3,particle concentration in size range [537 - 651 nm],
Bin09,cm^-3,particle concentration in size range [651 - 789 nm],
Bin10,cm^-3,particle concentration in size range [789 - 956 nm],
Bin11,cm^-3,particle concentration in size range [956 - 1159 nm],
Bin12,cm^-3,particle concentration in size range [1159 - 1404 nm],
Bin13,cm^-3,particle concentration in size range [1404 - 1702 nm],
Bin14,cm^-3,particle concentration in size range [1702 - 2062 nm],
Bin15,cm^-3,particle concentration in size range [2062 - 2500 nm],
0
19
PI_CONTACT_INFO: 325 Broadway R/CSL6, Boulder, CO 80305; troy.thornberry@noaa.gov; 303-497-3373 
PLATFORM: GML ECC/FPH balloon
LOCATION: Boulder, CO, USA
ASSOCIATED_DATA: N/A
INSTRUMENT_INFO: Printed Optical Particle Spectrometer counts particles from 140 - 2500 nm in diameter 
DATA_INFO: Particle concentrations reported in number per cubic centimeter, binned to 100 m altitude
UNCERTAINTY: Counting uncertainty dominated by air flow, less than 5 percent
ULOD_FLAG: -77777
ULOD_VALUE: 3000 ~3000 per cm3 (varies depending on flow rate- manufacturer quotes 1250  per cm3 at 1.667 cc/s)
LLOD_FLAG: -88888
LLOD_VALUE: 0 0 (varies depending on data field and measurement precision)
DM_CONTACT_INFO: Troy Thornberry, 325 Broadway R/CSL6, Boulder, CO 80305; troy.thornberry@noaa.gov; 303-497-3373
PROJECT_INFO: B2SAP Boulder, CO, USA
STIPULATIONS_ON_USE: Please contact the PIs for questions regarding applications and uncertainties
OTHER_COMMENTS: POPS bin Edges (nm):  140, 170, 205, 249, 302, 366, 443, 537, 651, 789, 956, 1159, 1404, 1702, 2062, 2500
Calculations assume sulfate refractive index of 1.45+0.00j and extinction wavelength = 532 nm
REVISION: R0
R0: QA/QC data
TIME_START,TIME_STOP,TIME_MID,GPSAlt,GPS_Lon,GPS_Lat,iMet_Pressure,iMet_Temperature,THETA,Aerosol_concentration,Surface_Area_Conc,Volume_density,Effective_radius,Extinction,Bin01,Bin02,Bin03,Bin04,Bin05,Bin06,Bin07,Bin08,Bin09,Bin10,Bin11,Bin12,Bin13,Bin14,Bin15
[from data line 74]
59569,59592,59580,9,-105.076,39.8789,334.379,-28.5817,334.456,2.60234,0.33925,16.974,0.150101,9.85314e-05,1.61272,0.531464,0.164937,0.109958,0.0733053,0.0366527,0.0366527,0.0183263,0.0183263,0,0,0,0,0,0
59593,59613,59603,9.1,-105.073,39.8777,329.939,-29.4295,334.569,1.82688,0.192957,6.88484,0.107042,2.44924e-05,1.06401,0.401512,0.240907,0.0803025,0.0200756,0,0.0200756,0,0,0,0,0,0,0,0
59613,59636,59624,9.2,-105.069,39.8764,325.147,-30.2827,334.791,1.68463,0.210381,8.08236,0.115253,3.05902e-05,0.871359,0.309817,0.193635,0.174272,0.116181,0.0193635,0,0,0,0,0,0,0,0,0
59636,59655,59646,9.3,-105.066,39.8756,320.721,-30.9895,335.123,1.83038,0.231856,11.3032,0.146252,6.0332e-05,1.19188,0.234119,0.170268,0.106418,0.0851341,0.0212835,0,0,0.0212835,0,0,0,0,0,0
59657,59672,59664,9.4,-105.063,39.8752,316.341,-31.7794,335.355,2.14981,0.217998,7.48184,0.102962,2.39102e-05,1.42425,0.403089,0.134363,0.10749,0.0537452,0.0268726,0,0,0,0,0,0,0,0,0
59673,59693,59683,9.5,-105.06,39.875,311.697,-32.6595,335.543,2.52448,0.291089,12.3678,0.127464,5.9898e-05,1.51037,0.474689,0.345228,0.129461,0.0215768,0,0,0.0431535,0,0,0,0,0,0,0
59694,59717,59706,9.6,-105.056,39.8746,307.139,-33.5129,335.759,3.1633,0.409654,18.1395,0.132841,9.15035e-05,1.78718,0.571896,0.321692,0.268076,0.107231,0.0536153,0.0178718,0.0357435,0,0,0,0,0,0,0
59718,59741,59730,9.7,-105.053,39.8743,302.811,-34.4296,335.832,3.02563,0.359782,15.0056,0.125122,6.98815e-05,1.62919,0.787738,0.304354,0.161128,0.0716126,0.0358063,0,0.0358063,0,0,0,0,0,0,0
59742,59766,59754,9.8,-105.048,39.8736,298.433,-35.3844,335.892,3.59769,0.60116,37.0181,0.184733,0.000229365,1.88533,0.588084,0.432415,0.328635,0.172966,0.0518898,0.0345932,0.0518898,0.0345932,0.0172966,0,0,0,0,0
59767,59789,59778,9.9,-105.044,39.8731,294.1,-36.331,335.952,2.85421,0.353196,14.1914,0.12054,6.12564e-05,1.40642,0.76526,0.22751,0.330923,0.0413654,0.0413654,0.0413654,0,0,0,0,0,0,0,0
59791,59812,59802,10,-105.04,39.8724,289.923,-37.1957,336.092,3.26652,0.519001,32.0249,0.185115,0.000188646,1.53963,0.873846,0.24967,0.374505,0.104029,0.0208058,0.0416117,0,0.0416117,0.0208058,0,0,0,0,0
59813,59834,59824,10.1,-105.037,39.8719,286.001,-37.8714,336.437,2.80422,0.648616,130.888,0.605387,0.000266565,1.45183,0.636418,0.377873,0.198881,0.0397761,0.0397761,0.0397761,0,0,0,0,0,0,0,0.0198881
59835,59851,59843,10.2,-105.033,39.8714,282.052,-38.5071,336.87,3.54659,0.440763,16.6346,0.113221,5.98552e-05,1.50652,0.941573,0.564944,0.345244,0.125543,0.0627715,0,0,0,0,0,0,0,0,0
59851,59865,59858,10.3,-105.029,39.8706,278.204,-39.1864,337.212,5.0503,1.21099,224.503,0.556163,0.000552118,2.86807,0.872891,0.561144,0.342922,0.187048,0.0311747,0.0935241,0.0311747,0,0.0311747,0,0,0,0,0.0311747
59866,59885,59876,10.4,-105.025,39.8694,273.653,-39.9189,337.741,5.34375,0.749684,39.6743,0.158764,0.000232876,2.99054,1.00502,0.686353,0.318664,0.0980504,0.0980504,0.0735378,0,0.0735378,0,0,0,0,0,0
59886,59905,59896,10.5,-105.021,39.868,269.634,-40.693,338.049,4.63351,0.655071,33.2825,0.152423,0.000186602,2.42708,0.970831,0.441287,0.463351,0.176515,0.066193,0,0.0441287,0.0441287,0,0,0,0,0,0
59906,59927,59916,10.6,-105.016,39.8664,265.609,-41.5286,338.288,4.76181,0.836058,60.0012,0.2153,0.000290735,2.30748,1.06983,0.419542,0.524428,0.125863,0.125863,0.104886,0.0419542,0,0.0209771,0.0209771,0,0,0,0
59928,59943,59936,10.7,-105.012,39.8649,261.976,-42.3869,338.359,4.49074,1.58127,217.983,0.41356,0.000724037,2.24537,0.720737,0.360368,0.471251,0.166324,0.138603,0.110883,0.0554413,0.0554413,0,0.0277206,0.0831619,0.0554413,0,0
59945,59961,59953,10.8,-105.007,39.8635,258.176,-43.29,338.441,5.72327,3.07827,683.423,0.666047,0.00170293,2.87546,1.05065,0.691216,0.276487,0.165892,0.110595,0.0552973,0.110595,0.110595,0,0.0552973,0.0552973,0.082946,0.0276487,0.0552973
59961,59974,59968,10.9,-105.003,39.8619,254.574,-44.1343,338.561,5.93271,3.67529,714.444,0.583174,0.00218097,2.77498,1.11637,0.733615,0.191378,0.159481,0.0637926,0.159481,0.159481,0.0956889,0.127585,0,0.127585,0.127585,0.0956889,0
59975,59991,59983,11,-104.999,39.8605,250.556,-44.8718,339.008,10.0325,12.266,3346.76,0.818544,0.00783052,5.28024,1.55767,0.369617,0.396018,0.264012,0.184808,0.237611,0.237611,0.184808,0.237611,0.158407,0.211209,0.158407,0.264012,0.290413
59993,60011,60002,11.1,-104.994,39.8585,246.696,-45.625,339.387,5.38939,1.53951,276.137,0.538101,0.00082596,3.01172,0.860491,0.747268,0.2038,0.158511,0.135867,0.0226445,0.113222,0.0226445,0.0679335,0,0,0,0.0226445,0.0226445
60013,60029,60021,11.2,-104.988,39.8565,243.157,-46.5033,339.472,5.77414,2.80798,702.205,0.750224,0.00170389,3.27451,0.899866,0.624907,0.299955,0.124981,0,0.149978,0.0999851,0.0999851,0.0749888,0,0.0249963,0,0,0.0999851
60030,60054,60042,11.3,-104.982,39.8546,239.205,-47.3133,339.857,5.68676,2.746,632.622,0.691139,0.00143023,3.08818,1.11099,0.621401,0.263625,0.188303,0.056491,0.0188303,0.0376607,0.0188303,0.0376607,0,0.056491,0.112982,0.0188303,0.056491
60055,60078,60066,11.4,-104.975,39.8519,235.522,-47.7828,340.654,4.80692,0.916687,144.563,0.473106,0.000323137,2.67452,0.993911,0.560204,0.361422,0.0903556,0.0542133,0.0180711,0.0180711,0,0,0.0180711,0,0,0,0.0180711
60080,60104,60092,11.5,-104.967,39.8489,231.836,-48.5332,341.049,5.27613,0.795691,53.7004,0.202467,0.0002321,2.70937,1.40222,0.451561,0.356496,0.142598,0.0712991,0.0712991,0.0237664,0.0237664,0,0.0237664,0,0,0,0
60104,60129,60116,11.6,-104.96,39.8462,228.571,-49.3444,341.196,5.0393,0.672312,33.5837,0.149858,0.000191451,2.94717,0.964199,0.509388,0.236502,0.236502,0.0181924,0.0363849,0.0545773,0.0363849,0,0,0,0,0,0
60160,60188,60174,11.8,-104.942,39.8403,221.516,-50.4538,342.564,5.73936,1.10297,124.185,0.337776,0.000373144,2.86182,1.32084,0.628971,0.456004,0.172967,0.141519,0.0786214,0.0314486,0,0,0,0,0.0314486,0.0157243,0
60188,60216,60202,11.9,-104.933,39.8374,218.172,-51.0361,343.152,6.91555,0.866748,38.9732,0.134895,0.000180528,3.65258,1.72077,0.649347,0.470777,0.243505,0.0974021,0.048701,0.0162337,0,0.0162337,0,0,0,0,0
60216,60244,60230,12,-104.924,39.8347,214.857,-51.4103,344.079,5.52084,0.775123,42.4643,0.164352,0.000246913,3.23364,0.962204,0.630953,0.347024,0.110417,0.0788692,0.0473215,0.0630953,0.0315477,0.0157738,0,0,0,0,0
60246,60273,60260,12.1,-104.915,39.8318,211.594,-51.7693,345.032,5.93852,1.02045,107.241,0.315274,0.000378643,3.52205,1.12137,0.615963,0.300085,0.126351,0.0947636,0.0157939,0.0631757,0.0473818,0,0,0.0157939,0,0.0157939,0
60274,60299,60286,12.2,-104.906,39.8289,208.353,-52.3123,345.702,5.46845,0.726823,34.9883,0.144416,0.000193532,2.97314,1.25651,0.51322,0.38934,0.141578,0.070789,0.0176973,0.0884863,0.0176973,0,0,0,0,0,0
60300,60329,60314,12.3,-104.897,39.8256,205.143,-52.8883,346.329,5.24236,0.795156,42.0668,0.158712,0.000254939,2.73171,1.02636,0.647399,0.315805,0.205273,0.142112,0.0631609,0.0789511,0.0315805,0,0,0,0,0,0
60330,60357,60344,12.4,-104.888,39.8223,201.896,-53.65,346.717,5.13319,0.904698,97.7848,0.324257,0.000301978,2.59828,1.20408,0.586197,0.396079,0.190118,0.0475295,0.0316863,0.0316863,0.0158432,0,0,0.0158432,0,0.0158432,0
60359,60385,60372,12.5,-104.879,39.8192,198.715,-54.3536,347.175,5.71251,0.698702,30.2536,0.129899,0.000141048,3.14602,1.25841,0.612646,0.364276,0.215254,0.066232,0.016558,0,0.033116,0,0,0,0,0,0
60387,60414,60400,12.6,-104.871,39.816,195.684,-54.9814,347.699,6.20998,0.844365,46.8288,0.166381,0.000186643,3.26311,1.30812,0.819372,0.416873,0.229999,0.0862497,0.0431248,0.0143749,0.0143749,0,0,0.0143749,0,0,0
60415,60442,60428,12.7,-104.862,39.8124,192.569,-55.5538,348.38,6.31142,0.937351,60.3735,0.193226,0.00023001,3.27919,1.19368,0.823229,0.589981,0.233248,0.0686024,0.0823229,0,0.0137205,0,0.0137205,0.0137205,0,0,0
60443,60472,60458,12.8,-104.853,39.8088,189.501,-56.0443,349.2,6.38725,0.97538,62.0024,0.190702,0.000318139,3.40477,1.43845,0.686233,0.382707,0.145165,0.145165,0.0527872,0.065984,0.0395904,0.0131968,0,0.0131968,0,0,0
60473,60499,60486,12.9,-104.845,39.8054,186.568,-56.4996,350.02,7.07911,0.941304,42.5087,0.135478,0.000211408,3.46261,1.60049,0.96953,0.584796,0.261619,0.0923362,0.0461681,0.0307787,0.0307787,0,0,0,0,0,0
60499,60527,60513,13,-104.837,39.8021,183.643,-57.1631,350.522,7.39663,1.12308,75.6609,0.202107,0.000307622,3.65011,1.73552,0.964179,0.55096,0.234158,0.0964179,0.0826439,0.027548,0.013774,0.013774,0.013774,0,0.013774,0,0
60528,60556,60542,13.1,-104.828,39.7986,180.753,-57.7929,351.095,8.53945,1.06882,46.9717,0.131842,0.000212054,4.46218,2.13843,0.78409,0.584503,0.342148,0.171074,0.0285124,0,0.0142562,0.0142562,0,0,0,0,0
60557,60581,60569,13.2,-104.821,39.7954,177.833,-58.3712,351.785,7.6933,1.05143,60.5963,0.172896,0.000271762,4.14609,1.82735,0.721727,0.537456,0.245694,0.0921353,0.0460677,0.0153559,0.0307118,0.0153559,0.0153559,0,0,0,0
60583,60608,60596,13.3,-104.814,39.7923,175.115,-59.0588,352.2,8.5915,1.20449,66.4139,0.165416,0.000301134,4.07864,2.26419,1.20963,0.480752,0.24813,0.108557,0.124065,0.0310163,0.0310163,0,0,0.0155081,0,0,0
60609,60635,60622,13.4,-104.806,39.7895,172.274,-59.7,352.792,8.59235,1.1423,53.5575,0.140658,0.000273534,4.24406,2.20393,1.0424,0.550983,0.223371,0.148914,0.10424,0.0595657,0,0.0148914,0,0,0,0,0
60636,60661,60648,13.5,-104.799,39.7868,169.479,-60.1585,353.689,9.80742,1.36651,75.7086,0.166209,0.000324717,4.75605,2.549,1.19678,0.543993,0.450737,0.155427,0.0621706,0.046628,0.0310853,0,0,0,0.0155427,0,0
60662,60686,60674,13.6,-104.792,39.784,166.825,-60.5627,354.608,9.4079,1.18507,49.6301,0.125638,0.000220017,4.60287,2.22368,1.29067,0.793062,0.248804,0.171053,0.0466507,0,0.0311005,0,0,0,0,0,0
60688,60712,60700,13.7,-104.784,39.7811,164.157,-61.2412,355.104,9.69115,1.31226,69.698,0.159338,0.000286246,4.65861,2.32151,1.3711,0.841354,0.280451,0.0934838,0.0311613,0.0623225,0,0.0155806,0,0.0155806,0,0,0
60713,60737,60725,13.8,-104.776,39.778,161.504,-61.8792,355.697,9.73971,1.41085,92.9506,0.197648,0.00034754,5.05685,2.19509,1.10568,0.796738,0.308939,0.0975597,0.0812998,0.0325199,0.0325199,0,0,0,0.0325199,0,0
60738,60762,60750,13.9,-104.768,39.7751,158.851,-62.2824,356.699,9.1402,1.12844,50.3405,0.133832,0.000249398,4.88668,2.27288,0.990324,0.535749,0.243522,0.0649393,0.0649393,0.0324696,0.0487045,0,0,0,0,0,0
60763,60785,60774,14,-104.761,39.7721,156.287,-62.8265,357.431,10.8583,1.34705,58.0568,0.129298,0.000283697,6.07779,2.36358,1.08405,0.67531,0.302112,0.159942,0.142171,0.0355426,0.0177713,0,0,0,0,0,0
60786,60808,60797,14.1,-104.754,39.7692,153.802,-63.5096,357.911,10.5676,1.34577,72.2685,0.161102,0.000307476,5.87288,2.4634,1.1603,0.606924,0.214209,0.0714028,0.107104,0.0178507,0.0178507,0.0178507,0.0178507,0,0,0,0
60809,60832,60820,14.2,-104.748,39.7666,151.266,-63.7496,359.205,12.3877,1.96901,191.251,0.291391,0.000546997,5.89565,2.99894,1.82322,0.800854,0.408947,0.272631,0.136316,0,0,0.0170395,0,0,0.0170395,0,0.0170395
60833,60856,60844,14.3,-104.741,39.7644,148.797,-64.3643,359.833,11.7523,1.52361,65.2224,0.128423,0.000309172,5.68086,2.78717,1.68651,0.763366,0.532581,0.106516,0.142022,0.0355054,0.0177527,0,0,0,0,0,0
60856,60879,60868,14.4,-104.735,39.7625,146.327,-64.75,360.891,12.7042,1.65247,79.1694,0.143729,0.000325426,6.25488,3.09503,1.60423,1.03708,0.405109,0.145839,0.0810218,0.0648174,0,0,0.0162044,0,0,0,0
60880,60905,60892,14.5,-104.728,39.7605,143.855,-64.924,362.355,12.6135,1.61319,76.4703,0.142209,0.000309646,6.10561,3.26111,1.76704,0.861969,0.301689,0.114929,0.143661,0.0430984,0,0,0,0.0143661,0,0,0
60906,60930,60918,14.6,-104.722,39.7583,141.584,-64.3265,365.046,14.7838,1.96845,86.9048,0.132446,0.000412922,6.37328,4.06073,2.16113,1.29393,0.509312,0.206478,0.0825911,0.0275304,0.0688259,0,0,0,0,0,0
60931,60956,60944,14.7,-104.715,39.756,139.313,-64.5054,366.418,12.9455,1.76521,85.0568,0.144556,0.000356501,5.38014,3.59598,2.0746,1.14795,0.387259,0.20746,0.0553227,0.0691534,0.0138307,0,0,0.0138307,0,0,0
60958,60982,60970,14.8,-104.708,39.7539,137.062,-64.8781,367.48,12.8074,1.90873,115.505,0.181542,0.000497039,5.82655,3.32553,1.62154,1.1818,0.384772,0.192386,0.096193,0.123677,0.0137419,0.0137419,0,0,0.0274837,0,0
60984,61009,60996,14.9,-104.701,39.7519,134.762,-65.2452,368.605,11.7819,1.57027,78.3223,0.149635,0.000315993,5.69077,2.77389,1.50133,1.18677,0.328863,0.200178,0.0428952,0.0142984,0.0142984,0.0142984,0,0.0142984,0,0,0
61009,61026,61018,15,-104.695,39.7501,132.467,-65.8744,369.292,13.6603,2.10831,203.878,0.290106,0.000534782,5.6918,3.85444,2.29669,1.13836,0.439367,0.0998561,0.0599136,0.0199712,0.0199712,0,0.0199712,0,0,0,0.0199712
61027,61045,61036,15.1,-104.691,39.7481,130.206,-65.6621,371.504,12.657,1.60414,62.7822,0.117413,0.000246333,5.38394,3.32482,2.00245,1.34126,0.302257,0.245583,0.0377821,0.018891,0,0,0,0,0,0,0
61046,61068,61057,15.2,-104.685,39.7458,128.192,-65.9661,372.61,13.1837,1.75885,76.4704,0.130433,0.000340879,5.5765,3.46774,2.01504,1.34336,0.437372,0.218686,0.0781022,0.0156204,0.0156204,0.0156204,0,0,0,0,0
61069,61092,61080,15.3,-104.679,39.7427,126.066,-65.86,374.582,13.5848,1.72485,67.9876,0.11825,0.00027279,5.4183,4.01298,2.20167,1.32725,0.343523,0.171762,0.0780735,0.0312294,0,0,0,0,0,0,0
61092,61107,61100,15.4,-104.676,39.7402,124.137,-65.5773,376.76,14.7209,2.54226,270.063,0.318688,0.000767131,6.18948,4.08649,2.27027,1.29047,0.358464,0.215078,0.167283,0.0477952,0.0238976,0,0.0238976,0.0238976,0,0,0.0238976
61108,61119,61114,15.5,-104.674,39.7388,122.112,-65.21,379.197,16.5046,2.10406,82.7283,0.117956,0.000317904,6.7394,4.09865,3.05336,1.95305,0.440124,0.137539,0.0550155,0,0.0275077,0,0,0,0,0,0
61120,61138,61129,15.6,-104.672,39.7375,119.912,-65.4239,380.779,17.4569,2.6466,146.512,0.166076,0.000606886,6.23744,4.94212,3.0689,2.11236,0.538054,0.259063,0.119567,0.119567,0.0199279,0,0,0.0398558,0,0,0
61139,61151,61145,15.7,-104.671,39.7362,118.235,-65.5021,382.177,19.7427,2.75585,126.682,0.137905,0.000599031,7.18615,5.42158,4.29635,1.79014,0.51147,0.306882,0.0767205,0.051147,0.0767205,0.0255735,0,0,0,0,0
61152,61172,61162,15.8,-104.67,39.7349,116.141,-66.0542,383.106,17.6805,2.62891,179.786,0.205164,0.000621821,7.09486,4.88715,2.96248,1.73598,0.509471,0.28304,0.0943465,0.0377386,0.0377386,0,0,0.0188693,0,0.0188693,0
61172,61190,61181,15.9,-104.669,39.7337,114.277,-66.7732,383.54,17.6412,2.54116,158.117,0.186667,0.00053155,6.4167,5.03493,3.25567,1.98747,0.662491,0.11357,0.0946416,0.0378566,0.0189283,0,0,0,0,0.0189283,0
61192,61206,61199,16,-104.667,39.7331,112.116,-67.1753,384.897,16.4446,2.29388,95.3873,0.12475,0.000411883,5.746,4.37562,3.31778,1.80314,0.793381,0.288502,0.0480837,0.0721256,0,0,0,0,0,0,0
61207,61227,61217,16.1,-104.667,39.7332,110.245,-67.0524,386.974,18.3943,2.42685,100.82,0.124631,0.000434483,6.86994,5.65053,3.02277,1.92358,0.549595,0.223273,0.0515245,0.0686994,0.0343497,0,0,0,0,0,0
61229,61246,61238,16.2,-104.666,39.7335,108.304,-67.6616,387.799,17.17,2.32443,107.288,0.13847,0.000414552,6.11039,5.21572,3.19796,1.94162,0.399745,0.133248,0.0951773,0.0380709,0.0190355,0,0.0190355,0,0,0,0
61248,61269,61258,16.3,-104.665,39.734,106.591,-67.5591,389.764,17.745,2.32022,93.9656,0.121496,0.000383128,6.50388,5.15932,3.33011,1.95429,0.547201,0.125075,0.046903,0.046903,0.0312686,0,0,0,0,0,0
61270,61293,61282,16.4,-104.663,39.7339,104.686,-67.1577,392.536,17.5825,2.45406,109.334,0.133657,0.00050891,6.42501,4.79822,3.48364,1.85684,0.575129,0.180755,0.164322,0.0492967,0.0328645,0.0164322,0,0,0,0,0
61293,61315,61304,16.5,-104.661,39.7332,103.102,-66.6174,395.294,19.0097,2.74498,148.929,0.162765,0.000560006,6.89276,5.50485,3.55554,2.02728,0.639373,0.187134,0.0623779,0.0623779,0.0311889,0,0.0155945,0.0311889,0,0,0
61317,61339,61328,16.6,-104.658,39.732,101.328,-66.6404,397.209,19.1741,2.80121,200.293,0.214507,0.000564454,6.72512,5.43987,3.90057,2.31643,0.50812,0.149447,0.0448341,0.0597788,0,0,0,0.0149447,0,0,0.0149447
