data/B2SAP/Locations/Boulder/NOAA-POPS-B2SAP_GMLBalloon_20230621_R0.ict
82,1001
Thornberry, T. D.
NOAA Chemical Sciences Laboratory
Portable Optical Particle Spectrometer (POPS)
Balloon Baseline Stratospheric Aerosol Profiles (B2SAP)
1,1
2023,06,21,2024,05,30
0
TIME_START,s,Seconds since midnight UTC on flight start day,Start time of 100 m altitude bin in UTC_seconds_since_midnight
49
1.0,1.0,1.0,1.0,1.0,1.0,1.0,1.0,1.0,1.0,1.0,1.0,1.0,1.0,1.0,1.0,1.0,1.0,1.0,1.0,1.0,1.0,1.0,1.0,1.0,1.0,1.0,1.0,1.0,1.0,1.0,1.0,1.0,1.0,1.0,1.0,1.0,1.0,1.0,1.0,1.0,1.0,1.0,1.0,1.0,1.0,1.0,1.0,1.0
99999,99999,99999,99999,99999,99999,99999,99999,99999,99999,99999,99999,99999,99999,99999,99999,99999,99999,99999,99999,99999,99999,99999,99999,99999,99999,99999,99999,99999,99999,99999,99999,99999,99999,99999,99999,99999,99999,99999,99999,99999,99999,99999,99999,99999,99999,99999,99999,99999
TIME_STOP,s,End time of 100 m altitude bin in UTC seconds since midnight,
TIME_MID,s,Mid time of 100 m altitude in UTC seconds since midnight,
GPSAlt,km,GPS reported altitude above sea level (km),
GPS_Lon,deg,GPS reported longitude,
GPS_Lat,deg,GPS reported latitude,
iMet_Pressure,hPa,Pressure reported (hPa),
iMet_Temperature,degrees C,Ambient temperature (oC),
THETA,K,Potential temperature from iMet,
Aerosol_concentration,cm^-3,Aerosol concentration,
Surface_Area_Conc,um^2 cm^-3,Surface area concentration,
Volume_density,um^3 cm^-3,Volume density,
Effective_radius,um,Effective radius,
Extinction,km^-1,Extinction,
Bin01,cm^-3,particle concentration in size range [140 - 146.14 nm],
Bin02,cm^-3,particle concentration in size range [146.14 - 152.56 nm],
Bin03,cm^-3,particle concentration in size range [152.56 - 159.25 nm],
Bin04,cm^-3,particle concentration in size range [159.25 - 166.24 nm],
Bin05,cm^-3,particle concentration in size range [166.24 - 173.54 nm],
Bin06,cm^-3,particle concentration in size range [173.54 - 181.16 nm],
Bin07,cm^-3,particle concentration in size range [181.16 - 189.11 nm],
Bin08,cm^-3,particle concentration in size range [189.11 - 197.41 nm],
Bin09,cm^-3,particle concentration in size range [197.41 - 206.07 nm],
Bin10,cm^-3,particle concentration in size range [206.07 - 215.12 nm],
Bin11,cm^-3,particle concentration in size range [215.12 - 224.56 nm],
Bin12,cm^-3,particle concentration in size range [224.56 - 234.41 nm],
Bin13,cm^-3,particle concentration in size range [234.41 - 244.70 nm],
Bin14,cm^-3,particle concentration in size range [244.70 - 361.30 nm],
Bin15,cm^-3,particle concentration in size range [361.30 - 472.80 nm],
Bin16,cm^-3,particle concentration in size range [472.80 - 567.00 nm],
Bin17,cm^-3,particle concentration in size range [567.00 - 610.66 nm],
Bin18,cm^-3,particle concentration in size range [610.66 - 657.69 nm],
Bin19,cm^-3,particle concentration in size range [657.69 - 708.33 nm],
Bin20,cm^-3,particle concentration in size range [708.33 - 762.88 nm],
Bin21,cm^-3,particle concentration in size range [762.88 - 821.62 nm],
Bin22,cm^-3,particle concentration in size range [821.62 - 884.89 nm],
Bin23,cm^-3,particle concentration in size range [884.89 - 953.03 nm],
Bin24,cm^-3,particle concentration in size range [953.03 - 1026.42 nm],
Bin25,cm^-3,particle concentration in size range [1026.42 - 1105.46 nm],
Bin26,cm^-3,particle concentration in size range [1105.46 - 1190.59 nm]],
[...]
LOCATION: Boulder, CO, USA
ASSOCIATED_DATA: N/A
INSTRUMENT_INFO: Printed Optical Particle Spectrometer counts particles from 140 - 2500 nm in diameter 
DATA_INFO: Particle concentrations reported in number per cubic centimeter, binned to 100 m altitude
UNCERTAINTY: Counting uncertainty dominated by air flow, less than 5 percent
ULOD_FLAG: -77777
ULOD_VALUE: 3000 ~3000 per cm3 (varies depending on flow rate- manufacturer quotes 1250  per cm3 at 1.667 cc/s)
LLOD_FLAG: -88888
LLOD_VALUE: 0 0 (varies depending on data field and measurement precision)
DM_CONTACT_INFO: Troy Thornberry, 325 Broadway R/CSL6, Boulder, CO 80305; troy.thornberry@noaa.gov; 303-497-3373
PROJECT_INFO: B2SAP Boulder, CO, USA
STIPULATIONS_ON_USE: Please contact the PIs for questions regarding applications and uncertainties
OTHER_COMMENTS: POPS bin Edges (nm):  140, 146.14, 152.56, 159.25, 166.24, 173.54, 181.16, 189.11, 197.41, 206.07, 215.12, 224.56, 234.41, 244.70, 361.30, 472.80, 567.00, 610.66, 657.69, 708.33, 762.88, 821.62, 884.89, 953.03, 1026.42, 1105.46, 1190.59, 1282.27, 1381.01, 1487.36, 1601.89, 1725.25, 1858.10, 2001.18, 2155.28, 2321.25, 2500
Calculations assume sulfate refractive index of 1.45+0.00j and extinction wavelength = 532 nm
REVISION: R0
R0: QA/QC data
TIME_START,TIME_STOP,TIME_MID,GPSAlt,GPS_Lon,GPS_Lat,iMet_Pressure,iMet_Temperature,THETA,Aerosol_concentration,Surface_Area_Conc,Volume_density,Effective_radius,Extinction,Bin01,Bin02,Bin03,Bin04,Bin05,Bin06,Bin07,Bin08,Bin09,Bin10,Bin11,Bin12,Bin13,Bin14,Bin15,Bin16,Bin17,Bin18,Bin19,Bin20,Bin21,Bin22,Bin23,Bin24,Bin25,Bin26,Bin27,Bin28,Bin29,Bin30,Bin31,Bin32,Bin33,Bin34,Bin35,Bin36
[from data line 410]
66836,66861,66848,15.5,-105.326,40.3987,120.694,-61.3012,387.619,6.88365,0.954143,47.9225,0.150677,0.000261938,1.18992,0.985207,0.665334,0.818873,0.57577,0.422231,0.435026,0.255898,0.191923,0.115154,0.102359,0.179128,0.115154,0.486206,0.217513,0.0639745,0.0127949,0.0255898,0.0127949,0,0,0,0.0127949,0,0,0,0,0,0,0,0,0,0,0,0,0
66862,66888,66875,15.4,-105.322,40.402,122.715,-60.4185,387.388,6.62326,0.92987,51.0438,0.16468,0.000308718,1.35013,0.789696,0.853381,0.6878,0.611378,0.458533,0.305689,0.331163,0.12737,0.101896,0.101896,0.0891592,0.101896,0.445796,0.0764222,0.0891592,0,0,0.0382111,0.0509481,0.012737,0,0,0,0,0,0,0,0,0,0,0,0,0,0,0
66888,66912,66900,15.3,-105.319,40.4051,124.647,-60.3775,385.739,6.41378,0.790849,35.1909,0.133493,0.000176777,1.16989,0.963443,0.949679,0.426668,0.536775,0.523012,0.344087,0.220216,0.137635,0.233979,0.123871,0.0963443,0.0825808,0.412904,0.0963443,0.0550539,0.0137635,0,0.0137635,0.0137635,0,0,0,0,0,0,0,0,0,0,0,0,0,0,0,0
66912,66938,66925,15.2,-105.315,40.4083,126.657,-61.1154,382.65,6.54691,0.803,35.4842,0.132569,0.000177467,1.40109,1.05719,0.853391,0.534961,0.49675,0.292955,0.40759,0.254744,0.101897,0.140109,0.152846,0.127372,0.0891602,0.40759,0.140109,0.0636859,0,0,0.0127372,0.0127372,0,0,0,0,0,0,0,0,0,0,0,0,0,0,0,0
66938,66963,66950,15.1,-105.311,40.4113,128.715,-60.7323,381.579,7.35457,1.04935,55.931,0.159901,0.000313077,1.29787,1.14518,0.877968,0.776174,0.534415,0.445346,0.369001,0.241759,0.203587,0.190863,0.101793,0.127242,0.076345,0.598036,0.190863,0.101793,0.0254483,0.0254483,0,0,0,0,0.0254483,0,0,0,0,0,0,0,0,0,0,0,0,0
66964,66991,66978,15,-105.306,40.4142,130.835,-61.0657,379.205,7.2305,1.1266,63.1163,0.16807,0.000389875,1.33723,0.994045,0.911208,0.591694,0.532524,0.402352,0.343182,0.224844,0.295847,0.177508,0.094671,0.15384,0.118339,0.57986,0.201176,0.165674,0.0236677,0.0236677,0.0355016,0.0118339,0,0,0.0118339,0,0,0,0,0,0,0,0,0,0,0,0,0
66992,67015,67004,14.9,-105.301,40.4174,132.907,-62.1646,375.551,6.57822,1.1066,67.8568,0.183961,0.00041989,1.09637,0.818808,0.902076,0.638392,0.416343,0.36083,0.388587,0.194293,0.194293,0.166537,0.180415,0.0971467,0.0555124,0.555124,0.249806,0.166537,0.0138781,0.0277562,0,0.0138781,0,0.0138781,0.0277562,0,0,0,0,0,0,0,0,0,0,0,0,0
67016,67040,67028,14.8,-105.297,40.4211,134.965,-62.24,373.771,6.9038,1.01708,52.5624,0.155039,0.000313189,1.26127,0.840848,0.796592,0.708082,0.73021,0.420424,0.243403,0.265531,0.177021,0.199148,0.110638,0.154893,0,0.553189,0.243403,0.132765,0.0221276,0,0.0221276,0.0221276,0,0,0,0,0,0,0,0,0,0,0,0,0,0,0,0
67041,67064,67052,14.7,-105.293,40.4248,137.117,-62.2558,372.059,7.24231,1.1293,64.5992,0.171609,0.000400669,1.16543,0.985065,0.90182,0.73533,0.527218,0.471721,0.443973,0.249735,0.152616,0.221986,0.16649,0.110993,0.110993,0.554966,0.180364,0.124867,0.0416225,0.0277483,0.0277483,0.0277483,0,0,0.0138742,0,0,0,0,0,0,0,0,0,0,0,0,0
67065,67089,67077,14.6,-105.289,40.4285,139.347,-61.4429,371.777,7.35099,1.13706,67.6904,0.178593,0.000412437,1.3378,1.0068,0.979213,0.648211,0.551669,0.510294,0.441335,0.275835,0.262043,0.0689586,0.179292,0.124126,0.0413752,0.441335,0.220668,0.124126,0.0551669,0.0275835,0.0137917,0,0,0.0137917,0.0275835,0,0,0,0,0,0,0,0,0,0,0,0,0
67090,67113,67102,14.5,-105.285,40.432,141.652,-61.2475,370.378,6.49542,0.946806,47.5073,0.150529,0.000279407,1.10092,1.04587,0.729359,0.591744,0.591744,0.454129,0.27523,0.151376,0.192661,0.0825689,0.110092,0.055046,0.123853,0.605506,0.192661,0.123853,0.0412845,0.0137615,0.0137615,0,0,0,0,0,0,0,0,0,0,0,0,0,0,0,0,0
67115,67135,67125,14.4,-105.281,40.4353,143.9,-61.9495,367.494,7.12957,1.0494,54.6103,0.156119,0.000316305,1.4018,1.02497,0.708435,0.648142,0.437119,0.497412,0.346681,0.256242,0.226096,0.211023,0.0602923,0.165804,0.0904385,0.648142,0.226096,0.105512,0.0301462,0.0150731,0,0.0150731,0,0.0150731,0,0,0,0,0,0,0,0,0,0,0,0,0,0
67140,67160,67150,14.3,-105.277,40.4389,146.367,-61.4142,366.639,7.46842,1.12531,60.4564,0.161172,0.000363514,1.23603,1.11417,1.02713,0.574494,0.400405,0.504859,0.417814,0.261134,0.208907,0.174089,0.261134,0.174089,0.104453,0.557085,0.208907,0.121862,0.0696357,0.0174089,0.0174089,0,0,0.0174089,0,0,0,0,0,0,0,0,0,0,0,0,0,0
67164,67186,67175,14.2,-105.275,40.4424,148.781,-60.837,365.928,7.7201,1.29381,84.3765,0.195646,0.000521675,1.34723,0.908247,0.89311,0.877972,0.514674,0.590361,0.408711,0.287612,0.196787,0.211924,0.181649,0.105962,0.0908247,0.620636,0.211924,0.0908247,0.0302749,0.0151375,0.0302749,0.0151375,0.0302749,0.0302749,0.0302749,0,0,0,0,0,0,0,0,0,0,0,0,0
67187,67211,67199,14.1,-105.273,40.4456,151.041,-61.0748,363.945,8.39757,1.14732,53.3125,0.139401,0.000290227,1.59406,1.42972,0.82168,0.673778,0.64091,0.476574,0.394406,0.361539,0.23007,0.18077,0.213637,0.131469,0.131469,0.673778,0.246504,0.18077,0,0.0164336,0,0,0,0,0,0,0,0,0,0,0,0,0,0,0,0,0,0
67212,67237,67224,14,-105.271,40.4492,153.551,-59.7336,364.523,8.89064,1.2726,64.8275,0.152823,0.000382823,1.53964,1.40378,0.830195,0.935857,0.664156,0.633967,0.437739,0.452834,0.241511,0.196228,0.166039,0.166039,0.0754723,0.664156,0.226417,0.120756,0.0905668,0,0.0301889,0.0150945,0,0,0,0,0,0,0,0,0,0,0,0,0,0,0,0
67239,67263,67251,13.9,-105.269,40.4526,156.017,-59.5481,363.187,9.70707,1.3877,75.8288,0.16393,0.000423992,1.65165,1.39086,1.27496,1.11559,0.753384,0.608503,0.405668,0.376692,0.275275,0.217322,0.202834,0.101417,0.15937,0.666455,0.275275,0.144882,0.0289763,0,0,0,0.0144882,0.0144882,0.0289763,0,0,0,0,0,0,0,0,0,0,0,0,0
67264,67289,67276,13.8,-105.266,40.4558,158.527,-59.7596,361.176,9.18854,1.34436,71.3087,0.159128,0.000425331,1.48707,1.47142,1.11139,0.798322,0.782669,0.516562,0.657442,0.375681,0.266107,0.125227,0.14088,0.14088,0.109574,0.657442,0.250454,0.219147,0.0156534,0,0.0156534,0.0313068,0,0.0156534,0,0,0,0,0,0,0,0,0,0,0,0,0,0
67290,67314,67302,13.7,-105.263,40.4588,160.869,-60.6832,358.109,9.71819,1.41226,69.8848,0.148453,0.000389382,1.43973,1.38831,1.04552,1.04552,0.908402,0.51419,0.565609,0.291374,0.308514,0.137117,0.274235,0.257095,0.051419,0.925542,0.394212,0.102838,0,0.0171397,0.0342793,0,0.0171397,0,0,0,0,0,0,0,0,0,0,0,0,0,0,0
67320,67347,67334,13.6,-105.259,40.4629,163.806,-60.3057,356.898,9.75328,1.41469,71.5173,0.15166,0.00039827,2.03699,1.13316,1.03873,0.944301,0.6745,0.52611,0.62054,0.37772,0.20235,0.1349,0.21584,0.16188,0.17537,0.971281,0.37772,0.0809401,0,0.02698,0.02698,0,0.01349,0.01349,0,0,0,0,0,0,0,0,0,0,0,0,0,0
67348,67381,67364,13.5,-105.255,40.4672,166.386,-59.9082,355.969,10.399,1.63045,87.2711,0.160577,0.000510684,1.85656,1.13825,1.30401,0.873026,0.773567,0.486242,0.46414,0.353631,0.375733,0.375733,0.309427,0.176815,0.165764,1.04984,0.430988,0.154713,0.011051,0.0331529,0.0442039,0,0,0.011051,0.011051,0,0,0,0,0,0,0,0,0,0,0,0,0
67382,67415,67398,13.4,-105.251,40.472,169.068,-59.5309,354.975,11.0875,1.62748,79.7221,0.146955,0.000453467,1.97283,1.49891,1.14623,0.936819,0.958862,0.639241,0.55107,0.451878,0.242471,0.297578,0.286557,0.165321,0.1543,1.14623,0.352685,0.220428,0.0110214,0.0330642,0.0220428,0,0,0,0,0,0,0,0,0,0,0,0,0,0,0,0,0
67416,67448,67432,13.3,-105.248,40.4766,171.803,-59.673,353.116,13.1495,2.16396,124.127,0.172083,0.000760528,2.26755,1.75479,1.19645,1.13947,0.911579,0.854605,0.763447,0.444395,0.455789,0.398816,0.353237,0.239289,0.148132,1.26482,0.455789,0.353237,0.0341842,0,0.0341842,0.0113947,0.0227895,0.0341842,0.0113947,0,0,0,0,0,0,0,0,0,0,0,0,0
67449,67480,67464,13.2,-105.245,40.4811,174.568,-59.3128,352.099,12.7909,2.06594,113.853,0.165329,0.00068356,2.01468,1.75699,1.51101,1.03077,0.937061,0.655943,0.726222,0.515384,0.421677,0.316258,0.281118,0.175699,0.222552,1.27675,0.50367,0.316258,0.0585663,0.0117133,0.0234265,0,0,0.0117133,0.0234265,0,0,0,0,0,0,0,0,0,0,0,0,0
67481,67510,67496,13.1,-105.242,40.4854,177.399,-58.806,351.315,11.7951,1.95773,107.957,0.165432,0.000655284,1.58516,1.38546,1.21072,1.18575,0.823786,0.674007,0.524227,0.649043,0.324522,0.399411,0.299558,0.399411,0.212187,1.32305,0.374448,0.23715,0.0998528,0.0249632,0.0249632,0,0.0249632,0,0.0124816,0,0,0,0,0,0,0,0,0,0,0,0,0
67511,67538,67524,13,-105.24,40.4893,180.215,-58.9932,349.435,12.4284,1.9928,106.764,0.160725,0.000619474,1.82692,1.65356,1.16016,1.14683,0.800111,0.813446,0.626753,0.453396,0.373385,0.346715,0.41339,0.333379,0.306709,1.36019,0.440061,0.266704,0.0400055,0.0133352,0.0133352,0.0133352,0,0,0.0266704,0,0,0,0,0,0,0,0,0,0,0,0,0
67539,67567,67553,12.9,-105.237,40.4931,183.129,-58.1096,349.27,12.3974,1.95761,102.992,0.157834,0.00059422,1.7138,1.54795,1.31299,1.25771,0.829257,0.704869,0.704869,0.386987,0.317882,0.42845,0.317882,0.44227,0.262598,1.4512,0.373166,0.221135,0.0552838,0.013821,0,0.0276419,0.013821,0,0.013821,0,0,0,0,0,0,0,0,0,0,0,0,0
67568,67595,67582,12.8,-105.234,40.4972,186.404,-57.66,348.233,12.0508,1.93207,99.948,0.155193,0.000584544,1.67143,1.44445,1.17619,1.03175,0.969844,0.887304,0.742859,0.433334,0.392064,0.226985,0.185715,0.268255,0.226985,1.6508,0.392064,0.268255,0,0.0412699,0,0.020635,0.020635,0,0,0,0,0,0,0,0,0,0,0,0,0,0,0
67597,67623,67610,12.7,-105.232,40.5001,188.743,-56.5714,348.748,11.9291,2.03444,114.314,0.168567,0.000691363,1.65636,1.28828,1.27155,0.886736,0.719427,0.803082,0.518657,0.552119,0.485195,0.468464,0.401541,0.38481,0.217501,1.45559,0.418272,0.234232,0.0334617,0.0501926,0.0167309,0.0167309,0.0334617,0,0.0167309,0,0,0,0,0,0,0,0,0,0,0,0,0
67624,67656,67640,12.6,-105.229,40.5048,191.955,-56.403,347.339,13.2183,2.03302,102.535,0.151304,0.000570777,1.85011,1.62721,1.39316,1.12567,1.03651,0.724442,0.691006,0.601844,0.512682,0.367794,0.334358,0.356648,0.334358,1.49347,0.479246,0.21176,0,0,0.0557263,0.0111453,0,0,0.0111453,0,0,0,0,0,0,0,0,0,0,0,0,0
67657,67690,67674,12.5,-105.226,40.5096,195.018,-55.6971,346.899,13.5752,2.15224,111.729,0.155739,0.000651355,1.91928,1.6605,1.2939,1.05668,1.08903,0.77634,0.743992,0.69008,0.398952,0.366605,0.452865,0.377387,0.442082,1.49877,0.366605,0.323475,0.0323475,0.0539125,0.0107825,0,0.0107825,0,0.0107825,0,0,0,0,0,0,0,0,0,0,0,0,0
67691,67727,67709,12.4,-105.223,40.5144,198.062,-55.32,345.964,11.7633,1.79199,89.7783,0.150299,0.000493183,1.79441,1.40614,1.17528,0.90245,0.881463,0.661097,0.64011,0.545668,0.367276,0.37777,0.388263,0.346289,0.272834,1.40614,0.325302,0.209872,0.0104936,0,0.0209872,0.0104936,0.0104936,0,0.0104936,0,0,0,0,0,0,0,0,0,0,0,0,0
67728,67764,67746,12.3,-105.22,40.5198,201.145,-54.9373,345.047,8.4801,1.2665,62.3422,0.147672,0.000350658,1.24468,1.17488,0.953866,0.814276,0.569993,0.4653,0.383873,0.337343,0.27918,0.314078,0.197753,0.244283,0.174488,0.802643,0.32571,0.13959,0.0348975,0.0116325,0,0,0.0116325,0,0,0,0,0,0,0,0,0,0,0,0,0,0,0
67765,67803,67784,12.2,-105.218,40.5253,204.276,-54.1932,344.699,10.1365,1.61276,86.8914,0.161632,0.000516565,1.64803,1.25296,1.06106,0.824016,0.778865,0.711137,0.48538,0.383788,0.282197,0.293485,0.270909,0.203182,0.225758,1.03849,0.349925,0.225758,0.0338637,0.0225758,0.0112879,0,0.0225758,0,0.0112879,0,0,0,0,0,0,0,0,0,0,0,0,0
67804,67842,67823,12.1,-105.215,40.5308,207.567,-53.7336,343.848,11.0832,1.70421,83.3345,0.146697,0.00045081,1.73381,1.32779,1.00956,1.02053,0.746197,0.614515,0.625489,0.384072,0.384072,0.263364,0.351152,0.25239,0.285311,1.42655,0.438939,0.186549,0.0109735,0.0109735,0,0,0,0,0.0109735,0,0,0,0,0,0,0,0,0,0,0,0,0
67844,67878,67861,12,-105.212,40.5358,210.785,-53.9986,341.928,10.5399,1.70393,87.3049,0.153712,0.00050819,1.3815,1.2624,1.08376,0.881299,0.797933,0.607382,0.488287,0.464469,0.464469,0.345374,0.297736,0.262008,0.202461,1.23858,0.488287,0.190551,0.0357283,0.0238189,0,0.0119094,0.0119094,0,0,0,0,0,0,0,0,0,0,0,0,0,0,0
67879,67911,67895,11.9,-105.21,40.54,214.085,-53.06,341.872,9.42421,1.52014,76.9075,0.151777,0.000439808,1.17319,1.03138,0.825101,0.812209,0.696179,0.605934,0.618826,0.373874,0.438335,0.283629,0.283629,0.257844,0.296521,1.05716,0.451227,0.154707,0.0257844,0,0.0128922,0.0257844,0,0,0,0,0,0,0,0,0,0,0,0,0,0,0,0
67912,67942,67927,11.8,-105.207,40.5438,217.38,-52.4807,341.281,10.5641,1.80599,100.788,0.167423,0.000609297,1.56766,1.25695,1.07335,0.790892,0.720276,0.579046,0.536676,0.466061,0.409569,0.282461,0.282461,0.240092,0.211846,1.36994,0.381323,0.296584,0.0141231,0.0423692,0,0,0.0141231,0.0141231,0.0141231,0,0,0,0,0,0,0,0,0,0,0,0,0
67943,67971,67957,11.7,-105.204,40.5473,220.616,-52.2431,340.206,13.7382,2.22689,114.887,0.154773,0.000664605,1.86004,1.27266,1.40319,1.14213,0.995283,0.783173,0.848438,0.685277,0.522116,0.652644,0.391587,0.277374,0.310006,1.72951,0.473167,0.277374,0.0163161,0.0489483,0.0326322,0,0,0.0163161,0,0,0,0,0,0,0,0,0,0,0,0,0,0
67972,68002,67987,11.6,-105.201,40.5508,224.115,-51.5246,339.781,12.79,2.17877,117.891,0.162328,0.000693648,1.58553,1.40433,1.14762,1.17782,0.890917,0.664413,0.573811,0.51341,0.709714,0.483209,0.317106,0.377507,0.302006,1.73653,0.558711,0.211404,0,0.0453009,0.0604012,0,0.0151003,0,0.0151003,0,0,0,0,0,0,0,0,0,0,0,0,0
68003,68033,68018,11.5,-105.199,40.5547,227.705,-50.8945,339.203,7.34334,1.14921,60.4324,0.157758,0.000359503,1.29188,0.951914,0.720735,0.543951,0.530352,0.367167,0.407963,0.339969,0.285574,0.231179,0.163185,0.122389,0.176784,0.720735,0.271976,0.149587,0.0135988,0.0135988,0.0135988,0.0135988,0.0135988,0,0,0,0,0,0,0,0,0,0,0,0,0,0,0
68034,68064,68049,11.4,-105.196,40.559,231.254,-50.5974,338.159,5.50798,0.710516,29.3402,0.123882,0.000130545,0.990352,0.610491,0.610491,0.434127,0.434127,0.393427,0.325595,0.203497,0.217063,0.284896,0.135665,0.122098,0,0.542658,0.176364,0.0271329,0,0,0,0,0,0,0,0,0,0,0,0,0,0,0,0,0,0,0,0
68065,68095,68080,11.3,-105.193,40.5632,234.681,-49.7545,338.017,4.1175,0.537614,27.2113,0.151845,0.000141731,0.98242,0.664578,0.534552,0.346737,0.332289,0.202263,0.101132,0.101132,0.115579,0.101132,0.0577894,0.0288947,0.0722368,0.317842,0.0866841,0.0433421,0.0144474,0,0,0,0,0,0.0144474,0,0,0,0,0,0,0,0,0,0,0,0,0
68096,68123,68110,11.2,-105.19,40.5677,238.003,-48.6789,338.284,4.70396,0.553588,25.1885,0.136501,0.000121758,1.0796,0.755718,0.663181,0.416416,0.339302,0.200497,0.169651,0.215919,0.169651,0.0925369,0.123382,0.0771141,0.0308456,0.262188,0.0308456,0.0616912,0,0,0,0,0,0.0154228,0,0,0,0,0,0,0,0,0,0,0,0,0,0
68130,68159,68144,11.1,-105.186,40.5729,241.862,-48.0413,337.689,4.1162,0.469017,19.3664,0.123874,9.17884e-05,1.06358,0.621574,0.414383,0.317694,0.331506,0.303881,0.138128,0.0828766,0.179566,0.193379,0.0828766,0.0552511,0.0414383,0.193379,0.0276255,0.0552511,0,0.0138128,0,0,0,0,0,0,0,0,0,0,0,0,0,0,0,0,0,0
68166,68200,68183,11,-105.182,40.5785,245.841,-46.7045,338.115,4.43584,0.498539,19.3543,0.116466,8.07412e-05,1.04666,0.610552,0.461029,0.348887,0.398728,0.299046,0.323966,0.149523,0.124602,0.124602,0.0623012,0.0996819,0.0124602,0.286585,0.0498409,0.0249205,0.0124602,0,0,0,0,0,0,0,0,0,0,0,0,0,0,0,0,0,0,0
68200,68237,68218,10.9,-105.177,40.5838,249.371,-45.9411,337.874,4.58097,0.615486,30.503,0.148678,0.000175679,0.993985,0.734684,0.637447,0.399755,0.399755,0.237692,0.194475,0.0972376,0.151259,0,0.0972376,0.0432167,0.0540209,0.291713,0.12965,0.0864335,0.0108042,0.0108042,0,0,0.0108042,0,0,0,0,0,0,0,0,0,0,0,0,0,0,0
68238,68275,68256,10.8,-105.173,40.5893,253.109,-45.3397,337.332,4.59085,0.503428,21.6455,0.128989,9.27484e-05,0.948345,1.02378,0.581939,0.538832,0.215533,0.204756,0.204756,0.107766,0.12932,0.0754365,0.140096,0.0646599,0.0862131,0.183203,0.0431066,0.0323299,0,0,0,0,0,0,0.0107766,0,0,0,0,0,0,0,0,0,0,0,0,0
68276,68314,68295,10.7,-105.168,40.5946,256.938,-44.5477,337.055,4.48082,0.4962,20.0139,0.121003,8.87886e-05,0.887808,0.80425,0.553574,0.50135,0.313344,0.271565,0.28201,0.135782,0.177562,0.0626688,0.0940032,0.0104448,0.0731136,0.229786,0.0313344,0.0417792,0,0,0,0.0104448,0,0,0,0,0,0,0,0,0,0,0,0,0,0,0,0
