data/B2SAP/Locations/Boulder/NOAA-POPS-B2SAP_GMLBalloon_20230110_R0.ict
61,1001
Thornberry, T. D.
NOAA Chemical Sciences Laboratory
Portable Optical Particle Spectrometer (POPS)
Balloon Baseline Stratospheric Aerosol Profiles (B2SAP)
1,1
2023,01,10,2024,05,28
0
TIME_START,s,Seconds since midnight UTC on flight start day,Start time of 100 m altitude bin in UTC_seconds_since_midnight
28
1.0,1.0,1.0,1.0,1.0,1.0,1.0,1.0,1.0,1.0,1.0,1.0,1.0,1.0,1.0,1.0,1.0,1.0,1.0,1.0,1.0,1.0,1.0,1.0,1.0,1.0,1.0,1.0
99999,99999,99999,99999,99999,99999,99999,99999,99999,99999,99999,99999,99999,99999,99999,99999,99999,99999,99999,99999,99999,99999,99999,99999,99999,99999,99999,99999
TIME_STOP,s,End time of 100 m altitude bin in UTC seconds since midnight,
TIME_MID,s,Mid time of 100 m altitude in UTC seconds since midnight,
GPSAlt,m,GPS reported altitude above sea level (m),
GPS_Lon,deg,GPS reported longitude,
GPS_Lat,deg,GPS reported latitude,
iMet_Pressure,mb,Pressure reported (mB),
iMet_Temperature,degrees C,Ambient temperature (oC),
THETA,K,Potential temperature from iMet,
Aerosol_concentration,cm^-3,Aerosol concentration,
Surface_Area_Conc,um^2 cm^-3,Surface area concentration,
Volume_density,um^3 cm^-3,Volume density,
Effective_radius,um,Effective radius,
Extinction,km^-1,Extinction,
Bin01,cm^-3,particle concentration in size range [140 - 170 nm],
Bin02,cm^-3,particle concentration in size range [170 - 205 nm],
Bin03,cm^-3,particle concentration in size range [205 - 249 nm],
Bin04,cm^-3,particle concentration in size range [249 - 302 nm],
Bin05,cm^-3,particle concentration in size range [302 - 366 nm],
Bin06,cm^-3,particle concentration in size range [366 - 443 nm],
Bin07,cm^-3,particle concentration in size range [443 - 537 nm],
Bin08,cm^-3,particle concentration in size range [537 - 651 nm],
Bin09,cm^-3,particle concentration in size range [651 - 789 nm],
Bin10,cm^-3,particle concentration in size range [789 - 956 nm],
Bin11,cm^-3,particle concentration in size range [956 - 1159 nm],
Bin12,cm^-3,particle concentration in size range [1159 - 1404 nm],
Bin13,cm^-3,particle concentration in size range [1404 - 1702 nm],
Bin14,cm^-3,particle concentration in size range [1702 - 2062 nm],
Bin15,cm^-3,particle concentration in size range [2062 - 2500 nm],
0
19
PI_CONTACT_INFO: 325 Broadway R/CSL6, Boulder, CO 80305; troy.thornberry@noaa.gov; 303-497-3373 
PLATFORM: GML ECC/FPH balloon
LOCATION: Boulder, CO, USA
ASSOCIATED_DATA: N/A
INSTRUMENT_INFO: Printed Optical Particle Spectrometer counts particles from 140 - 2500 nm in diameter 
DATA_INFO: Particle concentrations reported in number per cubic centimeter, binned to 100 m altitude
UNCERTAINTY: Counting uncertainty dominated by air flow, less than 5 percent
ULOD_FLAG: -77777
ULOD_VALUE: 3000 ~3000 per cm3 (varies depending on flow rate- manufacturer quotes 1250  per cm3 at 1.667 cc/s)
LLOD_FLAG: -88888
LLOD_VALUE: 0 0 (varies depending on data field and measurement precision)
DM_CONTACT_INFO: Troy Thornberry, 325 Broadway R/CSL6, Boulder, CO 80305; troy.thornberry@noaa.gov; 303-497-3373
PROJECT_INFO: B2SAP Boulder, CO, USA
STIPULATIONS_ON_USE: Please contact the PIs for questions regarding applications and uncertainties
OTHER_COMMENTS: POPS bin Edges (nm):  140, 170, 205, 249, 302, 366, 443, 537, 651, 789, 956, 1159, 1404, 1702, 2062, 2500
Calculations assume sulfate refractive index of 1.45+0.00j and extinction wavelength = 532 nm
REVISION: R0
R0: QA/QC data
TIME_START,TIME_STOP,TIME_MID,GPSAlt,GPS_Lon,GPS_Lat,iMet_Pressure,iMet_Temperature,THETA,Aerosol_concentration,Surface_Area_Conc,Volume_density,Effective_radius,Extinction,Bin01,Bin02,Bin03,Bin04,Bin05,Bin06,Bin07,Bin08,Bin09,Bin10,Bin11,Bin12,Bin13,Bin14,Bin15
[from data line 396]
71252,71272,71262,14.6,-104.035,40.1122,125.936,-53.0994,397.762,8.98761,1.481,85.2202,0.172627,0.000559447,4.62281,1.99964,0.860058,0.430029,0.365525,0.236516,0.258018,0.129009,0.0860058,0,0,0,0,0,0
71279,71295,71287,14.5,-104.025,40.1152,128.08,-53.726,394.718,8.28504,1.23175,68.3029,0.166356,0.00041446,4.36055,1.99667,0.91801,0.298353,0.183602,0.206552,0.160652,0.114751,0.0229502,0.0229502,0,0,0,0,0
71296,71318,71307,14.4,-104.016,40.1187,129.933,-54.5958,391.549,8.52452,1.22606,71.0613,0.173877,0.000329493,4.57191,1.9672,0.87431,0.364296,0.273222,0.309651,0.0910739,0.0182148,0.0364296,0,0,0.0182148,0,0,0
71319,71343,71331,14.3,-104.004,40.124,132.096,-56.4283,386.445,8.37686,1.02138,41.6221,0.122253,0.000188537,4.22721,2.30751,0.969544,0.310254,0.310254,0.135736,0.0969544,0.0193909,0,0,0,0,0,0,0
71344,71367,71356,14.2,-103.993,40.1297,134.095,-56.7042,384.285,8.82824,1.24082,65.1013,0.157399,0.000350995,4.32216,2.28063,1.08514,0.459804,0.367843,0.0919608,0.128745,0.0367843,0.0183922,0.0367843,0,0,0,0,0
71368,71391,71380,14.1,-103.98,40.1351,136.274,-56.2611,383.307,9.44015,1.40477,80.9965,0.172975,0.000395474,4.61926,2.34629,1.15481,0.49492,0.348277,0.219965,0.109982,0.109982,0.0183304,0,0,0.0183304,0,0,0
71392,71418,71405,14,-103.968,40.1397,138.442,-55.4885,382.947,8.86066,1.31928,82.7504,0.188172,0.00034964,4.76043,1.87637,0.920814,0.469094,0.434346,0.191112,0.138991,0.0347477,0,0,0.0347477,0,0,0,0
71419,71443,71431,13.9,-103.955,40.1437,140.798,-55.3737,381.306,9.63901,1.61877,113.502,0.21035,0.000558423,4.63695,2.37324,1.22313,0.492904,0.328603,0.273835,0.109534,0.0730228,0.0730228,0.0182557,0.0182557,0.0182557,0,0,0
71445,71469,71457,13.8,-103.943,40.147,143.058,-55.5265,379.301,10.2089,1.34007,59.8509,0.133988,0.000305203,5.24736,2.5318,1.02089,0.551279,0.510444,0.142924,0.142924,0.0408355,0.0204177,0,0,0,0,0,0
71469,71491,71480,13.7,-103.931,40.1507,145.269,-55.57,377.571,11.0278,1.43601,63.4042,0.13246,0.000322116,6.00402,2.53231,1.00067,0.490124,0.510546,0.326749,0.0816873,0.0816873,0,0,0,0,0,0,0
71492,71514,71503,13.6,-103.919,40.155,147.572,-55.5618,375.898,10.424,1.54966,89.3753,0.173022,0.00044542,5.18883,2.66391,1.20455,0.509618,0.20848,0.254809,0.301138,0.0694933,0,0,0.0231644,0,0,0,0
71515,71537,71526,13.5,-103.908,40.1595,149.968,-56.2638,372.959,11.8211,1.67403,79.2396,0.142004,0.000426613,5.51152,3.11738,1.17213,0.947682,0.573597,0.199512,0.224451,0.024939,0.049878,0,0,0,0,0,0
71538,71560,71549,13.4,-103.897,40.1641,152.511,-56.8874,370.103,10.1674,1.40568,65.6538,0.140118,0.000352547,4.85261,2.64688,1.23941,0.525175,0.462154,0.21007,0.126042,0.0840279,0.021007,0,0,0,0,0,0
71561,71585,71573,13.3,-103.886,40.1689,154.979,-56.98,368.256,10.0835,1.5145,83.4761,0.165354,0.000478305,5.39556,1.92383,1.14987,0.574937,0.552824,0.176904,0.176904,0.0663389,0.022113,0.0442259,0,0,0,0,0
71586,71611,71598,13.2,-103.875,40.173,157.538,-58.4033,364.129,11.6004,1.56684,83.9909,0.160816,0.000381661,6.29627,2.86194,1.06846,0.419751,0.47699,0.228955,0.171716,0.0381592,0.0190796,0,0,0.0190796,0,0,0
71612,71638,71625,13.1,-103.863,40.1763,160.086,-58.889,361.631,10.3005,1.28345,56.9756,0.133177,0.000285801,5.70243,2.57011,0.823238,0.522054,0.321264,0.20079,0.100395,0.020079,0.040158,0,0,0,0,0,0
71639,71667,71653,13,-103.85,40.1794,162.671,-59.2868,359.316,11.5367,1.37866,56.7399,0.123468,0.000260463,6.12885,2.84175,1.46329,0.551385,0.254485,0.127243,0.0848284,0.0848284,0,0,0,0,0,0,0
71668,71694,71681,12.9,-103.837,40.1825,165.264,-60.5816,355.534,11.9877,1.43028,72.0951,0.151218,0.000286307,6.85925,3.11978,1.04705,0.53421,0.12821,0.106842,0.106842,0.0641051,0,0,0.0213684,0,0,0,0
71695,71720,71708,12.8,-103.825,40.1856,167.979,-61.3383,352.627,12.7818,1.57064,71.6867,0.136925,0.000348746,7.08847,3.12793,1.26017,0.652589,0.247534,0.225031,0.0900123,0.0450062,0.0225031,0.0225031,0,0,0,0,0
71721,71745,71733,12.7,-103.813,40.1887,170.753,-61.2082,351.183,11.1153,1.50429,79.3359,0.158219,0.00043078,6.02179,2.64197,1.23768,0.476031,0.333221,0.119008,0.166611,0.0476031,0.0238015,0.0476031,0,0,0,0,0
71745,71768,71756,12.6,-103.802,40.1917,173.544,-61.3894,349.267,13.3374,1.56795,71.8713,0.137514,0.000357204,8.0311,3.05947,1.24291,0.406335,0.262923,0.0956083,0.11951,0.0717062,0.0239021,0.0239021,0,0,0,0,0
71770,71789,71780,12.5,-103.791,40.1952,176.469,-61.4838,347.452,10.8125,1.34224,61.8833,0.138314,0.000328766,6.27987,2.60817,0.810305,0.455797,0.278542,0.151932,0.12661,0.0506441,0.0506441,0,0,0,0,0,0
71790,71810,71800,12.4,-103.781,40.1986,179.212,-61.1256,346.513,10.8954,1.38073,61.2176,0.133011,0.00031267,5.89007,2.75544,0.985892,0.455027,0.404468,0.176955,0.176955,0.0252793,0.0252793,0,0,0,0,0,0
71811,71831,71821,12.3,-103.771,40.2023,182.178,-60.724,345.532,10.6715,1.18071,45.7629,0.116276,0.00019325,5.94364,2.9448,0.972595,0.459281,0.135083,0.0810496,0.0810496,0.0540331,0,0,0,0,0,0,0
71833,71855,71844,12.2,-103.761,40.2065,185.158,-61.0647,343.388,11.3754,1.38091,60.4686,0.131366,0.000311296,6.45461,2.89712,0.937302,0.404744,0.340837,0.0852093,0.127814,0.127814,0,0,0,0,0,0,0
71856,71881,71868,12.1,-103.749,40.2113,188.233,-61.68,340.786,10.5068,1.28349,59.6538,0.139434,0.000298167,5.81817,2.70662,1.08691,0.404927,0.170496,0.10656,0.149184,0.021312,0.021312,0.021312,0,0,0,0,0
71882,71908,71895,12,-103.737,40.216,191.333,-62.1895,338.387,9.44648,1.20395,66.4282,0.165525,0.000283071,5.69348,2.11106,0.703688,0.341182,0.298534,0.127943,0.106619,0.0213239,0.0213239,0,0.0213239,0,0,0,0
71909,71928,71918,11.9,-103.725,40.2202,193.971,-61.806,337.665,8.54542,0.940776,36.2413,0.115568,0.000152934,5.2042,1.94398,0.668244,0.323997,0.222748,0.0809993,0.0809993,0.0202498,0,0,0,0,0,0,0
71930,71967,71948,11.8,-103.709,40.227,197.665,-61.6396,336.119,9.00933,1.08571,56.999,0.157499,0.000200859,5.54723,1.73105,0.865525,0.39342,0.314736,0.0786841,0.019671,0.039342,0,0,0,0.019671,0,0,0
71968,71975,71972,11.7,-103.7,40.2307,199.705,-61.6575,335.108,7.99188,0.979754,41.2597,0.126337,0.000196621,4.28976,1.99797,0.822694,0.352583,0.293819,0.117528,0.0587638,0.0587638,0,0,0,0,0,0,0
72001,72023,72012,11.6,-103.681,40.2387,204.389,-61.053,333.853,8.44658,0.950047,38.8783,0.122768,0.000180425,5.26381,1.81581,0.652875,0.34684,0.142816,0.122414,0.0204024,0.0816094,0,0,0,0,0,0,0
72024,72049,72036,11.5,-103.67,40.2435,207.39,-60.4396,333.417,9.02101,1.03298,44.8129,0.130147,0.000222583,5.46292,2.21033,0.682865,0.251582,0.197672,0.0539104,0.0898507,0.0359403,0.0359403,0,0,0,0,0,0
72050,72072,72061,11.4,-103.659,40.2484,210.553,-59.7413,333.069,8.40276,0.910737,34.8219,0.114705,0.00014322,5.38586,1.61981,0.668171,0.344209,0.222724,0.101238,0.0202476,0.0404952,0,0,0,0,0,0,0
72079,72101,72090,11.3,-103.647,40.2545,214.388,-59.0733,332.398,8.29548,1.05527,47.7447,0.135732,0.0002406,4.22502,2.11251,1.05626,0.386435,0.309148,0.0515247,0.103049,0,0.0515247,0,0,0,0,0,0
72102,72127,72114,11.2,-103.636,40.2603,217.875,-59.1105,330.815,8.31118,1.11141,69.6852,0.188099,0.000281523,4.73598,1.92689,0.812546,0.441096,0.20894,0.0696468,0.0232156,0.0232156,0.0232156,0.0232156,0,0.0232156,0,0,0
72133,72149,72141,11.1,-103.625,40.2655,221.073,-58.7712,329.958,8.86774,1.12333,54.1443,0.144599,0.000265351,4.80222,2.15554,0.954988,0.463851,0.218283,0.163712,0.0545707,0,0.0272854,0.0272854,0,0,0,0,0
72156,72182,72169,11,-103.614,40.2707,224.583,-58.1005,329.499,8.63337,1.12262,60.7033,0.162219,0.00023516,4.52538,2.32859,0.768876,0.505261,0.263614,0.0878715,0.131807,0,0,0,0.0219679,0,0,0,0
72183,72209,72196,10.9,-103.603,40.2762,228.364,-57.1247,329.424,9.18469,1.09286,42.8599,0.117654,0.000180295,4.90656,2.24783,0.918469,0.531745,0.362554,0.120851,0.096681,0,0,0,0,0,0,0,0
72212,72235,72224,10.8,-103.592,40.2811,231.992,-56.4611,328.954,10.1957,1.36136,62.8053,0.138403,0.000337429,5.30177,2.3705,1.12153,0.662722,0.382339,0.101957,0.101957,0.152936,0,0,0,0,0,0,0
72238,72258,72248,10.7,-103.582,40.2856,235.632,-55.768,328.539,9.32353,1.12809,47.428,0.126128,0.000216087,5.1325,2.06515,1.0022,0.546656,0.425177,0.0607396,0.0303698,0.0303698,0.0303698,0,0,0,0,0,0
72261,72282,72272,10.6,-103.573,40.2895,239.087,-54.9293,328.433,9.49979,1.1768,47.0652,0.119983,0.000199057,4.73481,2.17138,1.38727,0.573003,0.392055,0.180948,0.0301581,0.0301581,0,0,0,0,0,0,0
72285,72309,72297,10.5,-103.564,40.2936,242.919,-54.0994,328.192,10.0136,1.22122,49.7368,0.122181,0.00022152,5.25915,2.52333,0.929648,0.610912,0.478105,0.106246,0.0531228,0.0531228,0,0,0,0,0,0,0
72314,72333,72324,10.4,-103.553,40.2974,246.999,-53.19,327.993,9.52084,1.14745,45.4036,0.118708,0.000189329,5.28935,1.82723,1.05787,0.769361,0.38468,0.128227,0.0320567,0.0320567,0,0,0,0,0,0,0
72334,72357,72346,10.3,-103.544,40.3005,251.034,-52.7531,327.124,10.1295,1.30279,55.7159,0.1283,0.000257163,4.92694,2.37734,1.30926,0.930262,0.344542,0.103362,0.103362,0,0.0344542,0,0,0,0,0,0
72358,72380,72369,10.2,-103.535,40.3031,254.7,-52.365,326.34,10.2198,1.31365,54.369,0.124163,0.00024531,5.23765,2.23558,1.14973,0.670675,0.670675,0.159685,0.0638738,0.0319369,0,0,0,0,0,0,0
72381,72402,72392,10.1,-103.526,40.3061,258.736,-51.6177,325.981,9.27712,1.17176,49.359,0.126371,0.000233168,4.86107,2.01974,1.12969,0.753124,0.205397,0.136932,0.136932,0.0342329,0,0,0,0,0,0,0
72403,72424,72414,10,-103.517,40.3093,262.7,-50.5625,326.117,9.46613,1.20876,51.4449,0.127681,0.000232375,4.82515,2.09949,0.994497,0.957663,0.368332,0.147333,0.0368332,0,0.0368332,0,0,0,0,0,0
72425,72451,72438,9.9,-103.508,40.3128,266.82,-49.7478,325.858,9.97012,1.36024,78.4439,0.173008,0.000330744,5.35341,2.2838,1.2524,0.417468,0.343797,0.122785,0.0982278,0.0491139,0.0245569,0,0,0.0245569,0,0,0
72452,72475,72464,9.8,-103.498,40.3166,271.129,-48.9113,325.579,8.96682,1.0965,43.917,0.120156,0.000190458,4.93587,1.97435,0.767801,0.603273,0.438744,0.164529,0.0822644,0,0,0,0,0,0,0,0
72477,72499,72488,9.7,-103.488,40.32,275.054,-48.224,325.241,8.88241,1.13564,51.1873,0.135221,0.000260714,4.73339,2.13295,0.934991,0.496714,0.292185,0.146092,0.0584369,0.0584369,0.0292185,0,0,0,0,0,0
72502,72524,72513,9.6,-103.478,40.3235,279.229,-47.55,324.819,9.30453,1.10411,42.8194,0.116346,0.00017394,4.98641,2.10766,1.02812,0.693984,0.257031,0.154219,0.0771094,0,0,0,0,0,0,0,0
72527,72553,72540,9.5,-103.467,40.3272,283.703,-46.9039,324.272,8.47113,1.24289,73.3834,0.177128,0.000335556,4.71963,1.37958,1.13755,0.508268,0.363049,0.096813,0.193626,0.0484065,0,0,0.0242032,0,0,0,0
72554,72580,72567,9.4,-103.455,40.3304,288.193,-46.5032,323.386,9.13693,1.19095,53.8933,0.135757,0.00027821,4.61415,2.28423,1.1878,0.38832,0.365477,0.114212,0.0913693,0.068527,0.0228423,0,0,0,0,0,0
72583,72608,72596,9.3,-103.444,40.3333,292.6,-45.9135,322.828,7.71493,1.14404,72.527,0.190186,0.000309822,4.02296,1.68048,0.891163,0.483774,0.356465,0.127309,0.101847,0,0,0.0254618,0.0254618,0,0,0,0
72609,72636,72622,9.2,-103.431,40.3362,296.911,-45.3875,322.23,8.33003,0.920684,35.5351,0.115789,0.000148212,5.14438,1.74349,0.688788,0.27982,0.344394,0.0645738,0.0215246,0.0430492,0,0,0,0,0,0,0
72637,72665,72651,9.1,-103.418,40.3389,301.613,-45.515,320.605,9.11001,1.16215,54.4931,0.14067,0.000286294,5.12573,2.02445,0.90454,0.51688,0.215367,0.172293,0.06461,0.0215367,0.06461,0,0,0,0,0,0
72666,72695,72680,9,-103.404,40.3413,306.16,-45.4552,319.316,7.80456,0.950735,39.7166,0.125324,0.000189128,4.58004,1.74576,0.513458,0.328613,0.349151,0.184845,0.0821532,0.0205383,0,0,0,0,0,0,0
72698,72725,72712,8.9,-103.391,40.3435,310.952,-44.803,318.816,8.50883,1.00474,41.4,0.123615,0.000195224,4.99759,1.9818,0.603158,0.430827,0.215413,0.129248,0.129248,0.0215413,0,0,0,0,0,0,0
72726,72751,72738,8.8,-103.379,40.3456,315.577,-44.1484,318.387,8.32875,1.09513,60.9552,0.16698,0.000323746,4.69769,1.86092,1.04393,0.363106,0.136165,0.113471,0,0,0.0680824,0.0453883,0,0,0,0,0
72755,72782,72768,8.7,-103.369,40.3481,320.223,-43.5511,317.888,7.14009,1.02479,61.2894,0.17942,0.000265985,3.88638,1.58167,0.655261,0.4745,0.203357,0.180762,0.0903809,0.0451904,0,0,0.0225952,0,0,0,0
72783,72814,72798,8.6,-103.357,40.3516,325.211,-42.8548,317.44,6.61025,0.781033,31.1127,0.119506,0.000137028,3.75121,1.58159,0.506921,0.304152,0.283876,0.101384,0.0811073,0,0,0,0,0,0,0,0
72815,72842,72828,8.5,-103.345,40.3557,330.098,-41.72,317.651,6.01337,0.824496,42.2324,0.153666,0.00023826,3.44586,1.30064,0.472962,0.236481,0.33783,0.0168915,0.135132,0.0506745,0,0.0168915,0,0,0,0,0
72843,72867,72855,8.4,-103.337,40.3588,334.732,-40.9672,317.42,6.18647,0.806278,39.0671,0.145361,0.00020039,3.5568,1.29798,0.53942,0.320281,0.235996,0.151712,0.0168569,0.0505706,0,0.0168569,0,0,0,0,0
72868,72895,72882,8.3,-103.327,40.3621,340.019,-40.053,317.249,6.372,0.727038,28.4703,0.117478,0.00011979,3.52137,1.71876,0.503052,0.251526,0.272487,0.0628815,0,0.041921,0,0,0,0,0,0,0
72896,72924,72910,8.2,-103.317,40.3658,345.158,-39.0943,317.182,6.6659,0.827932,34.0771,0.123478,0.000156733,3.82617,1.22557,0.717407,0.328811,0.358703,0.119568,0.0896758,0,0,0,0,0,0,0,0
72926,72953,72940,8.1,-103.307,40.3696,349.986,-38.1682,317.178,6.70562,0.940804,48.4994,0.154653,0.00026218,3.73353,1.20357,0.786007,0.442129,0.221064,0.171939,0.0736882,0.0491254,0,0.0245627,0,0,0,0,0
72956,72979,72968,8,-103.299,40.3731,354.729,-37.2718,317.169,6.97101,0.914019,41.4929,0.136188,0.000220919,3.81571,1.49204,0.807169,0.293516,0.293516,0.0978387,0.0978387,0.073379,0,0,0,0,0,0,0
72980,73005,72992,7.9,-103.291,40.3768,359.882,-36.4407,316.981,6.85269,0.967326,47.8526,0.148407,0.000275267,3.6878,1.65125,0.440334,0.385292,0.33025,0.165125,0.110083,0.0550417,0.0275209,0,0,0,0,0,0
73006,73028,73017,7.8,-103.282,40.3807,365.389,-35.6314,316.682,6.99391,0.887314,43.4691,0.146969,0.000212056,3.99652,1.41054,0.675882,0.587723,0.176317,0.0293862,0.0587723,0.0293862,0,0.0293862,0,0,0,0,0
73031,73049,73040,7.7,-103.276,40.3837,370.094,-34.9992,316.364,6.69128,1.07764,78.6782,0.219028,0.00036112,3.69283,1.54657,0.568127,0.284064,0.220938,0.126251,0.189376,0,0,0.0315626,0.0315626,0,0,0,0
73053,73075,73064,7.6,-103.27,40.3867,375.459,-34.3075,315.984,6.98724,1.09222,62.2619,0.171015,0.000360652,3.30616,1.67012,0.74985,0.647598,0.272673,0.102252,0.136336,0.0340841,0.0340841,0.0340841,0,0,0,0,0
73076,73097,73086,7.5,-103.263,40.3902,381.675,-33.31,315.822,6.18544,0.716227,28.0186,0.117359,0.000118729,3.7409,1.1482,0.51854,0.444463,0.185193,0.0740772,0.0740772,0,0,0,0,0,0,0,0
73100,73123,73112,7.4,-103.257,40.393,386.805,-32.4246,315.783,6.99257,0.841752,33.364,0.118909,0.000143789,3.62115,1.77936,0.780421,0.343385,0.312168,0.0624337,0.0936505,0,0,0,0,0,0,0,0
73124,73147,73136,7.3,-103.25,40.3961,392.528,-31.4281,315.752,6.13333,0.731141,29.9931,0.123067,0.000139444,3.26942,1.64738,0.557576,0.329476,0.202755,0,0.101377,0.0253443,0,0,0,0,0,0,0
73148,73173,73160,7.2,-103.243,40.3992,398.203,-30.6053,315.534,4.71205,0.809262,58.8638,0.218213,0.000263088,2.13108,1.27865,0.473573,0.331501,0.236786,0.118393,0.0947145,0,0,0.0236786,0.0236786,0,0,0,0
73174,73200,73187,7.1,-103.235,40.4023,403.684,-30.0553,315.019,4.60412,0.631042,28.7276,0.136572,0.00014399,2.12498,1.27499,0.472217,0.259719,0.306941,0.118054,0.0236109,0,0.0236109,0,0,0,0,0,0
73201,73225,73213,7,-103.228,40.4049,409.348,-29.4182,314.592,7.20748,0.960578,44.016,0.137467,0.000238652,4.05127,1.48389,0.73017,0.3062,0.259093,0.188431,0.141323,0.0471077,0,0,0,0,0,0,0
73228,73252,73240,6.9,-103.22,40.4074,415.139,-28.6638,314.301,4.84982,0.597426,23.9348,0.12019,0.000104026,2.32491,1.42495,0.524981,0.224992,0.199993,0.0999963,0.0499982,0,0,0,0,0,0,0,0
73255,73279,73267,6.8,-103.212,40.41,420.934,-27.8786,314.058,5.33172,0.746973,36.2949,0.145768,0.00020731,2.58078,1.47473,0.482124,0.368683,0.226882,0.0283602,0.0567204,0.113441,0,0,0,0,0,0,0
73280,73312,73296,6.7,-103.203,40.4126,427.005,-27.052,313.832,5.01189,0.652694,32.6181,0.149924,0.000167877,2.74461,1.25297,0.437546,0.25855,0.139219,0.0795538,0.0596654,0.0198885,0,0.0198885,0,0,0,0,0
