data/B2SAP/Locations/Boulder/NOAA-POPS-B2SAP_GMLBalloon_20190207_R0.ict
61,1001
Thornberry, T. D.
NOAA Chemical Sciences Laboratory
Portable Optical Particle Spectrometer (POPS)
Balloon Baseline Stratospheric Aerosol Profiles (B2SAP)
1,1
2019,02,07,2024,05,30
0
TIME_START,s,Seconds since midnight UTC on flight start day,Start time of 100 m altitude bin in UTC_seconds_since_midnight
28
1.0,1.0,1.0,1.0,1.0,1.0,1.0,1.0,1.0,1.0,1.0,1.0,1.0,1.0,1.0,1.0,1.0,1.0,1.0,1.0,1.0,1.0,1.0,1.0,1.0,1.0,1.0,1.0
99999,99999,99999,99999,99999,99999,99999,99999,99999,99999,99999,99999,99999,99999,99999,99999,99999,99999,99999,99999,99999,99999,99999,99999,99999,99999,99999,99999
TIME_STOP,s,End time of 100 m altitude bin in UTC seconds since midnight,
TIME_MID,s,Mid time of 100 m altitude in UTC seconds since midnight,
GPSAlt,m,GPS reported altitude above sea level (m),
GPS_Lon,deg,GPS reported longitude,
GPS_Lat,deg,GPS reported latitude,
iMet_Pressure,mb,Pressure reported (mB),
iMet_Temperature,degrees C,Ambient temperature (oC),
THETA,K,Potential temperature from iMet,
Aerosol_concentration,cm^-3,Aerosol concentration,
Surface_Area_Conc,um^2 cm^-3,Surface area concentration,
Volume_density,um^3 cm^-3,Volume density,
Effective_radius,um,Effective radius,
Extinction,km^-1,Extinction,
Bin01,cm^-3,particle concentration in size range [140 - 170 nm],
Bin02,cm^-3,particle concentration in size range [170 - 205 nm],
Bin03,cm^-3,particle concentration in size range [205 - 249 nm],
Bin04,cm^-3,particle concentration in size range [249 - 302 nm],
Bin05,cm^-3,particle concentration in size range [302 - 366 nm],
Bin06,cm^-3,particle concentration in size range [366 - 443 nm],
Bin07,cm^-3,particle concentration in size range [443 - 537 nm],
Bin08,cm^-3,particle concentration in size range [537 - 651 nm],
Bin09,cm^-3,particle concentration in size range [651 - 789 nm],
Bin10,cm^-3,particle concentration in size range [789 - 956 nm],
Bin11,cm^-3,particle concentration in size range [956 - 1159 nm],
Bin12,cm^-3,particle concentration in size range [1159 - 1404 nm],
Bin13,cm^-3,particle concentration in size range [1404 - 1702 nm],
Bin14,cm^-3,particle concentration in size range [1702 - 2062 nm],
Bin15,cm^-3,particle concentration in size range [2062 - 2500 nm],
0
19
PI_CONTACT_INFO: 325 Broadway R/CSL6, Boulder, CO 80305; troy.thornberry@noaa.gov; 303-497-3373 
PLATFORM: GML ECC/FPH balloon
LOCATION: Boulder, CO, USA
ASSOCIATED_DATA: N/A
INSTRUMENT_INFO: Printed Optical Particle Spectrometer counts particles from 140 - 2500 nm in diameter 
DATA_INFO: Particle concentrations reported in number per cubic centimeter, binned to 100 m altitude
UNCERTAINTY: Counting uncertainty dominated by air flow, less than 5 percent
ULOD_FLAG: -77777
ULOD_VALUE: 3000 ~3000 per cm3 (varies depending on flow rate- manufacturer quotes 1250  per cm3 at 1.667 cc/s)
LLOD_FLAG: -88888
LLOD_VALUE: 0 0 (varies depending on data field and measurement precision)
DM_CONTACT_INFO: Troy Thornberry, 325 Broadway R/CSL6, Boulder, CO 80305; troy.thornberry@noaa.gov; 303-497-3373
PROJECT_INFO: B2SAP Boulder, CO, USA
STIPULATIONS_ON_USE: Please contact the PIs for questions regarding applications and uncertainties
OTHER_COMMENTS: POPS bin Edges (nm):  140, 170, 205, 249, 302, 366, 443, 537, 651, 789, 956, 1159, 1404, 1702, 2062, 2500
Calculations assume sulfate refractive index of 1.45+0.00j and extinction wavelength = 532 nm
REVISION: R0
R0: QA/QC data
TIME_START,TIME_STOP,TIME_MID,GPSAlt,GPS_Lon,GPS_Lat,iMet_Pressure,iMet_Temperature,THETA,Aerosol_concentration,Surface_Area_Conc,Volume_density,Effective_radius,Extinction,Bin01,Bin02,Bin03,Bin04,Bin05,Bin06,Bin07,Bin08,Bin09,Bin10,Bin11,Bin12,Bin13,Bin14,Bin15
64934,64934,64934,1.8,-105.197,39.9491,813.01,-16.96,271.802,608.135,165.331,11073.4,0.200932,0.0736483,108.878,112.046,114.421,91.4578,68.4944,58.2004,35.6329,13.0654,2.37553,3.16737,0,0.395921,0,0,0
64959,64970,64964,2,-105.197,39.9492,794.68,-9.74333,281.282,283.135,74.4354,4713.11,0.189954,0.0304656,49.5321,47.43,54.3934,45.0651,35.9995,27.0653,18.6567,3.81017,0.26277,0.656925,0.131385,0.131385,0,0,0
64993,64996,64994,2.1,-105.196,39.9492,779.42,-10.39,282.155,223.507,55.9578,3304.41,0.177155,0.0215312,37.3154,42.7197,38.3448,37.4441,29.981,23.676,10.5513,2.70215,0.514695,0.257348,0,0,0,0,0
65002,65016,65009,2.2,-105.196,39.9492,772.2,-11.0033,282.245,215.802,53.7055,3318.02,0.185345,0.0204775,38.0981,39.4028,41.4904,35.2277,27.6603,19.9624,10.6988,2.08757,0.913311,0,0.130473,0,0.130473,0,0
65021,65021,65021,2.3,-105.195,39.9492,766.19,-11.44,282.402,206.187,49.033,2866.57,0.175387,0.0182517,37.2068,41.0825,37.9819,32.9435,27.9051,17.0531,9.68926,1.16271,0.775141,0.38757,0,0,0,0,0
65053,65055,65054,2.4,-105.194,39.9489,751.41,-12.8,282.498,205.122,50.0877,3054.36,0.182941,0.0199928,37.4011,41.6867,40.1283,31.3624,23.3757,16.5578,11.1035,1.94797,0.973987,0.584392,0,0,0,0,0
65077,65084,65080,2.5,-105.193,39.9485,741.635,-13.765,282.514,187.506,44.9669,2595.84,0.173183,0.0169054,31.088,38.7134,36.3671,30.697,22.2895,15.2507,10.7537,1.7597,0.586567,0,0,0,0,0,0
65093,65108,65100,2.6,-105.192,39.9483,732.915,-14.595,282.562,220.344,54.6533,3413.67,0.187381,0.0212561,40.5161,38.9194,46.7033,34.1293,24.3496,21.755,10.9773,1.39711,0.798347,0.59876,0,0.199587,0,0,0
65120,65127,65124,2.7,-105.191,39.9482,722.527,-15.6967,282.504,210.094,51.9296,3148.85,0.181911,0.0201764,36.5615,42.207,37.6368,35.2173,25.2704,19.0872,10.0813,3.09159,0.672086,0.134417,0.134417,0,0,0,0
65139,65145,65142,2.8,-105.19,39.9479,713.595,-16.6083,282.502,208.163,52.2908,3299.07,0.189273,0.020716,37.2692,42.7733,39.2586,29.7092,23.6745,21.5524,10.1462,2.58629,0.596837,0.331576,0.198946,0.0663152,0,0,0
65158,65166,65162,2.9,-105.189,39.9474,702.544,-17.664,282.605,217.852,53.8585,3355.24,0.186892,0.0209876,41.4728,42.5136,40.7522,32.5057,25.22,20.8965,10.7285,2.56203,0.800633,0.160127,0.0800633,0.0800633,0.0800633,0,0
65173,65176,65174,3,-105.188,39.9472,697.193,-18.22,282.605,281.849,66.818,3999.46,0.179568,0.0253053,58.0909,56.2084,48.947,43.4337,33.483,25.5493,11.0265,3.89962,0.672349,0.403409,0.13447,0,0,0,0
65188,65202,65195,3.1,-105.187,39.9466,685.812,-19.152,282.896,251.024,62.3479,3909.97,0.188137,0.0248588,49.1984,48.24,47.1219,36.3398,29.7107,23.3213,12.4593,2.87523,1.03828,0.479206,0.239603,0,0,0,0
65210,65219,65214,3.2,-105.186,39.946,675.175,-20.1525,283.047,193.005,48.4237,3079.03,0.190755,0.0195387,37.4172,36.9156,35.2103,29.5927,23.4735,16.9531,9.42954,2.40754,1.00314,0.401257,0.100314,0.100314,0,0,0
65226,65228,65227,3.3,-105.185,39.9458,669.23,-20.77,283.071,178.778,44.0522,2646.52,0.18023,0.0172535,29.8292,38.5212,31.6071,29.8292,19.3594,18.3716,7.70423,2.76562,0.395089,0.395089,0,0,0,0,0
65248,65248,65248,3.4,-105.183,39.9453,658.01,-21.92,283.142,160.688,44.2042,3668.14,0.248945,0.01823,31.0878,27.4542,26.6467,28.2616,16.5532,20.1869,7.67102,2.42243,0,0,0,0,0,0.403738,0
65255,65270,65262,3.5,-105.181,39.9447,650.507,-22.5617,283.343,164.672,38.2806,2166.27,0.169768,0.0136505,31.9283,30.7209,29.7148,28.7086,19.7204,14.8909,7.57962,1.00614,0.268305,0.134153,0,0,0,0,0
65277,65288,65282,3.6,-105.18,39.944,640.705,-23.6033,283.4,159.128,38.5608,2327.8,0.181101,0.0145567,28.7314,32.6828,27.325,27.7268,18.3506,14.1983,7.63493,2.00919,0.133946,0.200919,0.133946,0,0,0,0
65294,65303,65298,3.7,-105.178,39.9432,631.863,-24.5067,283.494,163.36,38.7667,2290.79,0.177275,0.0146045,30.7661,31.5829,30.9022,27.2266,19.6032,13.6133,7.48733,1.2252,0.544533,0.4084,0,0,0,0,0
65306,65311,65308,3.8,-105.177,39.9427,625.96,-25.1067,283.566,161.488,39.6789,2412.43,0.182397,0.0148914,29.0058,27.5218,30.7597,29.1408,20.7763,15.9195,5.80117,1.48402,0.674554,0.269822,0.134911,0,0,0,0
65321,65330,65326,3.9,-105.176,39.9421,615.728,-26.078,283.79,157.522,40.6968,3091.49,0.227892,0.0157991,24.6542,31.6037,30.0318,27.3844,20.5176,14.2299,6.53585,1.57191,0.579126,0.0827323,0.165465,0,0,0.0827323,0.0827323
65340,65351,65346,4,-105.173,39.9413,605.393,-27.0633,284.032,151.358,41.7286,3716.99,0.267226,0.0168701,31.1334,26.8247,26.1298,27.1027,16.8176,13.7598,6.39346,1.52887,0.555953,0.138988,0.277977,0.416965,0.138988,0,0.138988
65353,65365,65359,4.1,-105.172,39.9409,599.635,-27.655,284.121,132.214,32.093,1881.67,0.175895,0.0122964,25.5132,23.5507,25.2033,21.6914,14.6675,12.6017,7.12717,1.44609,0.309877,0.103292,0,0,0,0,0
65372,65384,65378,4.2,-105.169,39.9404,588.901,-28.4514,284.665,116.045,27.63,1577.44,0.171275,0.00997919,20.4061,22.8689,20.8752,18.8229,14.9527,12.1381,4.86697,0.820935,0.175915,0.117276,0,0,0,0,0
65386,65397,65392,4.3,-105.167,39.94,583.452,-29.115,284.652,112.089,27.1455,1553.06,0.171638,0.00983967,21.1197,18.3381,19.9865,19.2653,15.3505,12.5688,4.12093,1.13325,0.103023,0.103023,0,0,0,0,0
65410,65415,65412,4.4,-105.163,39.939,573.456,-30.242,284.735,117.252,27.8731,1599.34,0.172138,0.010261,21.8125,22.3139,22.1467,19.6396,12.2016,12.2852,5.43222,1.25359,0.0835726,0.0835726,0,0,0,0,0
65423,65430,65426,4.5,-105.16,39.9385,565.335,-31.135,284.843,103.571,25.0931,1464.58,0.175098,0.00931077,18.9067,17.9717,19.6338,16.7251,14.8552,9.76497,4.46696,0.831062,0.207765,0.207765,0,0,0,0,0
65434,65444,65439,4.6,-105.158,39.9379,558.55,-31.9,284.93,108.581,30.9306,2539.37,0.246296,0.0127886,18.0793,19.656,19.4458,18.4998,14.085,12.5084,4.3096,0.525561,0.315337,0.525561,0.315337,0.105112,0.105112,0.105112,0
65450,65462,65456,4.7,-105.154,39.9373,549.616,-32.4887,285.546,85.243,19.8335,1347.63,0.203841,0.0069299,17.0486,16.2093,15.7896,13.9536,11.2783,7.18664,2.99006,0.629486,0.104914,0,0,0,0,0,0.0524572
65464,65477,65470,4.8,-105.15,39.937,542.261,-32.991,286.045,67.1755,15.6717,948.637,0.181596,0.00543411,14.0159,11.8273,12.3744,10.9855,9.04933,5.76631,2.56748,0.378809,0.0420899,0.0420899,0.0841798,0.0420899,0,0,0
65478,65491,65484,4.9,-105.146,39.9366,534.273,-33.3944,286.785,47.6881,11.2344,687.703,0.183642,0.00418708,9.0879,10.1653,8.85368,6.83935,6.41774,4.12235,1.31166,0.515293,0.234224,0.0936897,0.0468448,0,0,0,0
65493,65506,65500,5,-105.141,39.936,527.485,-33.9763,287.133,39.5992,8.98858,511.991,0.17088,0.00320763,8.26972,7.95165,7.2095,5.88422,4.824,3.55174,1.48431,0.265055,0.106022,0.053011,0,0,0,0,0
65508,65523,65516,5.1,-105.136,39.9356,519.736,-34.805,287.348,30.6563,7.07129,426.629,0.180997,0.00256182,6.06456,6.48908,5.70069,4.791,3.42648,2.85034,0.849038,0.303228,0.0909684,0.0606456,0.0303228,0,0,0,0
65526,65543,65534,5.2,-105.13,39.9349,511.261,-35.7157,287.596,20.0406,4.60413,277.937,0.181101,0.00164517,4.34213,3.94739,3.49192,3.21864,2.3988,1.70041,0.66802,0.151823,0.0910936,0,0.0303645,0,0,0,0
65544,65560,65552,5.3,-105.124,39.934,504.634,-36.4336,287.803,18.0717,3.88671,240.574,0.185689,0.00141148,4.93982,4.14208,2.82275,2.42388,1.56479,1.22728,0.675006,0.184092,0.0306821,0.0306821,0.0306821,0,0,0,0
65562,65582,65572,5.4,-105.117,39.9335,496.484,-36.9506,288.515,14.174,3.51957,275.902,0.235172,0.00153373,4.54781,2.67816,1.86966,1.74333,1.6928,0.783234,0.378984,0.202125,0.101062,0.101062,0.0757969,0,0,0,0
65583,65607,65595,5.5,-105.109,39.933,489.982,-37.0733,289.451,11.4116,2.26866,128.706,0.170197,0.000787478,3.35917,2.71592,1.6915,1.57238,0.85766,0.786188,0.238239,0.119119,0.0476478,0.0238239,0,0,0,0,0
65608,65629,65618,5.6,-105.099,39.9323,482.417,-37.15,290.644,11.182,2.90329,298.139,0.30807,0.00118292,2.84891,3.1338,1.73309,1.32949,0.925896,0.569782,0.403596,0.0474818,0.0474818,0.0237409,0.0474818,0.0237409,0.0237409,0.0237409,0
65630,65650,65640,5.7,-105.092,39.9316,476.068,-36.6729,292.335,12.9597,2.90746,184.132,0.189992,0.00105345,3.21694,2.87993,2.23654,1.59315,1.37869,0.949763,0.4902,0.153188,0.0306375,0,0,0.0306375,0,0,0
65651,65672,65662,5.8,-105.086,39.9309,469.711,-35.825,294.514,12.2414,3.16561,210.823,0.199793,0.00131453,2.41767,2.6625,1.95862,1.49957,1.65259,1.07112,0.734483,0.122414,0.0918104,0,0.0306035,0,0,0,0
65674,65691,65682,5.9,-105.079,39.9304,462.339,-35.699,296.01,9.69669,2.26995,148.291,0.195984,0.000949543,2.26398,2.22127,1.75138,1.2815,0.89705,0.683467,0.38445,0.0854334,0.0427167,0.0854334,0,0,0,0,0
65692,65708,65700,6,-105.075,39.9299,455.631,-36.2957,296.5,6.61461,1.71703,126.447,0.220928,0.000703151,1.45643,1.54745,0.81924,1.00129,0.758556,0.606845,0.242738,0.121369,0,0.0303422,0,0.0303422,0,0,0
65709,65729,65719,6.1,-105.07,39.9295,449.446,-36.9738,296.805,6.96855,1.61358,93.2341,0.173342,0.000606712,1.84935,1.12569,1.09889,1.09889,0.616449,0.777262,0.321626,0.0536043,0.0268021,0,0,0,0,0,0
65731,65751,65741,6.2,-105.064,39.9289,442.915,-37.8282,296.968,7.35882,1.75323,106.984,0.183064,0.00070953,2.00923,1.28089,1.13019,0.954386,0.778578,0.627886,0.477193,0.0753463,0,0.0251154,0,0,0,0,0
65753,65771,65762,6.3,-105.058,39.9282,436.186,-38.5357,297.374,7.69959,1.78662,123.736,0.20777,0.000670108,2.06349,1.57072,1.32433,0.954749,0.800757,0.615967,0.215588,0.0615967,0.0615967,0,0,0.0307983,0,0,0
65772,65789,65780,6.4,-105.053,39.9274,430.207,-39.1293,297.801,10.2799,2.95474,206.273,0.209433,0.00131109,2.09292,1.6928,1.63124,1.47735,0.923346,1.4158,0.831011,0.123113,0.0615564,0,0,0.0307782,0,0,0
65790,65807,65798,6.5,-105.049,39.9267,424.11,-39.6924,298.295,11.5105,3.35111,306.414,0.274309,0.00149504,2.83296,2.11834,1.65894,1.3782,1.27611,1.32715,0.663576,0.127611,0.0255222,0.0255222,0.0510443,0,0,0.0255222,0
65808,65823,65816,6.6,-105.045,39.9258,417.298,-40.5392,298.589,13.044,3.52407,256.399,0.218269,0.00161779,3.30313,2.59532,1.68527,1.68527,1.44933,1.2134,0.606698,0.37076,0,0.101116,0.0337054,0,0,0,0
65825,65839,65832,6.7,-105.041,39.9251,411.849,-41.1517,298.921,13.7582,4.19959,427.919,0.305686,0.00201353,3.693,2.57062,2.20856,1.52065,1.231,1.37582,0.543088,0.362059,0.0724117,0.0724117,0,0.0362059,0.0362059,0.0362059,0
65840,65853,65846,6.8,-105.037,39.9244,406.102,-41.5892,299.556,17.8647,5.47768,502.695,0.275314,0.00236851,3.49235,3.59309,3.15654,2.5521,1.88049,1.64543,1.07457,0.134321,0.0335802,0.0671605,0.134321,0.0335802,0.0671605,0,0
65854,65869,65862,6.9,-105.033,39.9237,399.001,-41.9555,300.602,19.3973,5.43179,459.366,0.25371,0.00227973,3.57737,4.1736,2.90165,2.7029,2.46441,2.18617,1.15271,0.0794972,0.0397486,0.0397486,0,0.0397486,0,0.0397486,0
65870,65885,65878,7,-105.03,39.9233,393.48,-42.3169,301.327,20.6495,5.90735,403.756,0.205044,0.00269289,4.00863,3.6044,3.43597,2.3917,2.69488,2.29065,1.71798,0.33686,0.0673719,0.0673719,0.033686,0,0,0,0
65886,65899,65892,7.1,-105.027,39.9224,388.393,-42.728,301.908,19.1712,4.99012,311.22,0.187102,0.00218014,4.78183,2.98316,3.46573,1.7548,2.28124,2.10576,1.3161,0.39483,0.0877401,0,0,0,0,0,0
65900,65913,65906,7.2,-105.024,39.9217,382.838,-43.0892,302.676,27.2836,8.8013,870.592,0.296749,0.00411023,5.80189,4.44322,4.07601,4.18617,3.23143,2.90094,1.68916,0.477371,0.257046,0,0,0.0367208,0.110162,0.0734416,0
65914,65929,65922,7.3,-105.022,39.9213,377.066,-43.8836,302.944,27.557,9.67345,980.95,0.304219,0.00451237,5.03899,4.81853,3.74775,4.06268,4.18866,3.24385,1.35423,0.377924,0.188962,0.157468,0.0629873,0.094481,0.188962,0.0314937,0
65931,65947,65939,7.4,-105.018,39.9205,371.249,-44.948,302.886,26.4598,8.50727,695.007,0.245087,0.00397421,4.96122,4.34107,3.69138,3.75045,3.72092,3.24842,1.77186,0.472497,0.236249,0.0590622,0.0885932,0.0885932,0.0295311,0,0
65948,65962,65955,7.5,-105.016,39.9199,365.778,-45.8927,302.911,25.5188,8.41102,869.42,0.3101,0.0041327,5.5284,4.44676,4.16633,3.00457,3.08469,2.72414,1.40213,0.681035,0.120183,0.160244,0.120183,0,0.0400609,0,0.0400609
65963,65976,65970,7.6,-105.013,39.9196,360.609,-46.8409,302.874,23.1139,8.02374,882.495,0.329956,0.00407023,4.93852,4.00749,3.76461,2.7931,2.75262,2.5907,1.29535,0.283358,0.202398,0.283358,0.0809593,0,0.0809593,0,0.0404797
65977,65990,65984,7.7,-105.01,39.9193,354.888,-47.1108,303.896,21.8899,5.46242,365.503,0.200737,0.00227096,5.36004,4.348,3.22352,3.29849,1.87414,2.32393,0.93707,0.374828,0,0.112448,0.0374828,0,0,0,0
65991,66004,65998,7.8,-105.007,39.9194,349.274,-46.8075,305.7,18.6133,4.53025,285.495,0.189059,0.00170839,4.55156,3.21939,3.2934,2.10926,2.07225,2.36829,0.777095,0.148018,0.0370045,0,0,0.0370045,0,0,0
66006,66021,66014,7.9,-105.004,39.9196,344.385,-47.3154,306.245,19.0407,5.19045,412.943,0.238675,0.00226067,3.95963,3.33986,3.75304,2.13476,2.44464,1.92817,1.06738,0.241021,0.103295,0.0344316,0,0,0,0.0344316,0
66023,66040,66032,8,-105,39.9203,338.389,-47.9256,306.951,18.0884,4.76273,300.219,0.189105,0.00204594,3.53965,3.37242,2.89861,2.6199,2.2297,2.0346,0.89188,0.334455,0.139356,0.0278712,0,0,0,0,0
66042,66058,66050,8.1,-104.997,39.9212,333.438,-48.7655,307.094,16.2491,3.86648,227.167,0.176259,0.00150419,3.96022,3.14368,2.53127,1.91887,1.83721,1.91887,0.612404,0.285789,0.040827,0,0,0,0,0,0
66059,66078,66068,8.2,-104.993,39.9224,328.744,-49.5181,307.306,19.5779,4.90455,338.622,0.207127,0.0019865,4.88028,3.80208,2.86574,2.66713,2.18478,2.01453,0.794464,0.170242,0.0567474,0.0851211,0.0283737,0.0283737,0,0,0
66079,66097,66088,8.3,-104.988,39.9238,323.298,-50.2573,307.763,18.3357,5.12233,374.648,0.219421,0.00229172,4.19879,3.08112,2.80926,2.65822,2.05408,1.84263,1.17808,0.271864,0.120828,0.0604142,0.0302071,0,0.0302071,0,0
66098,66114,66106,8.4,-104.984,39.9252,318.401,-51.0108,308.06,17.4171,4.57863,331.816,0.217412,0.00190303,4.19563,3.13791,2.82059,2.43276,1.72761,1.79813,0.881434,0.282059,0.0352574,0.0352574,0.0352574,0,0.0352574,0,0
66115,66135,66125,8.5,-104.979,39.9258,313.186,-50.9565,309.59,18.2643,4.66254,309.538,0.199165,0.00196691,4.31083,3.33522,2.76801,2.47306,2.40499,1.70164,0.839478,0.249575,0.0680658,0.0907544,0.0226886,0,0,0,0
66136,66153,66144,8.6,-104.974,39.9263,308.921,-50.3871,311.599,19.2039,5.15603,343.738,0.200001,0.0022355,4.08084,2.96061,3.38736,2.96061,2.24046,1.94707,1.17357,0.240049,0.133361,0.0533443,0.0266721,0,0,0,0
66154,66172,66163,8.7,-104.968,39.9271,304.083,-49.7674,313.888,19.7125,4.74504,284.125,0.179635,0.00185656,4.19364,3.95671,3.34069,2.72468,2.29821,1.84804,1.11356,0.142157,0.0473857,0.0473857,0,0,0,0,0
66174,66197,66186,8.8,-104.96,39.9272,299.077,-49.5309,315.711,20.5594,5.00425,303.645,0.182032,0.00193827,4.58695,4.05454,3.19449,2.74398,2.49825,2.06822,1.06483,0.32764,0,0,0.0204775,0,0,0,0
66198,66223,66210,8.9,-104.952,39.9274,294.371,-48.9119,318.02,19.5855,4.95889,307.87,0.186254,0.00207032,4.37843,3.75904,2.92607,2.28533,2.88336,1.92224,1.00384,0.277657,0.106791,0.0427164,0,0,0,0,0
66224,66242,66233,9,-104.945,39.9273,290.544,-47.5671,321.123,19.3646,4.86015,301.171,0.185903,0.0020356,4.57182,3.36318,3.10043,2.73258,2.15454,1.99689,0.998444,0.289023,0.131374,0.0262748,0,0,0,0,0
66243,66265,66254,9.1,-104.937,39.9269,285.532,-47.1405,323.341,20.504,5.80624,389.476,0.201236,0.00258293,3.66722,3.09992,3.38357,3.58618,2.61365,2.43131,1.03331,0.486261,0.101304,0.0810435,0.0202609,0,0,0,0
66266,66294,66280,9.2,-104.927,39.9256,281.448,-46.3904,325.751,19.9501,5.41814,360.292,0.199492,0.00241617,4.32878,3.28509,3.16532,3.02844,2.2585,2.01896,1.28324,0.410636,0.0855491,0.0684393,0.0171098,0,0,0,0
66295,66324,66310,9.3,-104.917,39.9241,277.517,-46.0589,327.537,18.0751,4.78418,316.45,0.198435,0.00211528,3.70691,3.32671,2.96236,2.62969,2.31286,1.75841,0.855441,0.300988,0.095049,0.126732,0,0,0,0,0
66325,66347,66336,9.4,-104.907,39.9234,272.95,-45.761,329.522,20.4007,5.39424,346.529,0.192722,0.00228966,4.43035,3.48099,3.01686,3.01686,2.51053,2.38395,1.05485,0.316454,0.168775,0,0.0210969,0,0,0,0
66348,66373,66360,9.5,-104.898,39.9236,269.076,-45.135,331.79,17.6048,4.98648,340.139,0.204637,0.0022549,3.1777,3.05875,2.9398,2.56595,2.2091,2.15812,0.95161,0.339861,0.0849652,0.101958,0.016993,0,0,0,0
