data/B2SAP/Locations/Boulder/NOAA-POPS-B2SAP_GMLBalloon_20200820_R0.ict
61,1001
Thornberry, T. D.
NOAA Chemical Sciences Laboratory
Portable Optical Particle Spectrometer (POPS)
Balloon Baseline Stratospheric Aerosol Profiles (B2SAP)
1,1
2020,08,20,2024,05,30
0
TIME_START,s,Seconds since midnight UTC on flight start day,Start time of 100 m altitude bin in UTC_seconds_since_midnight
28
1.0,1.0,1.0,1.0,1.0,1.0,1.0,1.0,1.0,1.0,1.0,1.0,1.0,1.0,1.0,1.0,1.0,1.0,1.0,1.0,1.0,1.0,1.0,1.0,1.0,1.0,1.0,1.0
99999,99999,99999,99999,99999,99999,99999,99999,99999,99999,99999,99999,99999,99999,99999,99999,99999,99999,99999,99999,99999,99999,99999,99999,99999,99999,99999,99999
TIME_STOP,s,End time of 100 m altitude bin in UTC seconds since midnight,
TIME_MID,s,Mid time of 100 m altitude in UTC seconds since midnight,
GPSAlt,m,GPS reported altitude above sea level (m),
GPS_Lon,deg,GPS reported longitude,
GPS_Lat,deg,GPS reported latitude,
iMet_Pressure,mb,Pressure reported (mB),
iMet_Temperature,degrees C,Ambient temperature (oC),
THETA,K,Potential temperature from iMet,
Aerosol_concentration,cm^-3,Aerosol concentration,
Surface_Area_Conc,um^2 cm^-3,Surface area concentration,
Volume_density,um^3 cm^-3,Volume density,
Effective_radius,um,Effective radius,
Extinction,km^-1,Extinction,
Bin01,cm^-3,particle concentration in size range [140 - 170 nm],
Bin02,cm^-3,particle concentration in size range [170 - 205 nm],
Bin03,cm^-3,particle concentration in size range [205 - 249 nm],
Bin04,cm^-3,particle concentration in size range [249 - 302 nm],
Bin05,cm^-3,particle concentration in size range [302 - 366 nm],
Bin06,cm^-3,particle concentration in size range [366 - 443 nm],
Bin07,cm^-3,particle concentration in size range [443 - 537 nm],
Bin08,cm^-3,particle concentration in size range [537 - 651 nm],
Bin09,cm^-3,particle concentration in size range [651 - 789 nm],
Bin10,cm^-3,particle concentration in size range [789 - 956 nm],
Bin11,cm^-3,particle concentration in size range [956 - 1159 nm],
Bin12,cm^-3,particle concentration in size range [1159 - 1404 nm],
Bin13,cm^-3,particle concentration in size range [1404 - 1702 nm],
Bin14,cm^-3,particle concentration in size range [1702 - 2062 nm],
Bin15,cm^-3,particle concentration in size range [2062 - 2500 nm],
0
19
PI_CONTACT_INFO: 325 Broadway R/CSL6, Boulder, CO 80305; troy.thornberry@noaa.gov; 303-497-3373 
PLATFORM: GML ECC/FPH balloon
LOCATION: Boulder, CO, USA
ASSOCIATED_DATA: N/A
INSTRUMENT_INFO: Printed Optical Particle Spectrometer counts particles from 140 - 2500 nm in diameter 
DATA_INFO: Particle concentrations reported in number per cubic centimeter, binned to 100 m altitude
UNCERTAINTY: Counting uncertainty dominated by air flow, less than 5 percent
ULOD_FLAG: -77777
ULOD_VALUE: 3000 ~3000 per cm3 (varies depending on flow rate- manufacturer quotes 1250  per cm3 at 1.667 cc/s)
LLOD_FLAG: -88888
LLOD_VALUE: 0 0 (varies depending on data field and measurement precision)
DM_CONTACT_INFO: Troy Thornberry, 325 Broadway R/CSL6, Boulder, CO 80305; troy.thornberry@noaa.gov; 303-497-3373
PROJECT_INFO: B2SAP Boulder, CO, USA
STIPULATIONS_ON_USE: Please contact the PIs for questions regarding applications and uncertainties
OTHER_COMMENTS: POPS bin Edges (nm):  140, 170, 205, 249, 302, 366, 443, 537, 651, 789, 956, 1159, 1404, 1702, 2062, 2500
Calculations assume sulfate refractive index of 1.45+0.00j and extinction wavelength = 532 nm
REVISION: R0
R0: QA/QC data
TIME_START,TIME_STOP,TIME_MID,GPSAlt,GPS_Lon,GPS_Lat,iMet_Pressure,iMet_Temperature,THETA,Aerosol_concentration,Surface_Area_Conc,Volume_density,Effective_radius,Extinction,Bin01,Bin02,Bin03,Bin04,Bin05,Bin06,Bin07,Bin08,Bin09,Bin10,Bin11,Bin12,Bin13,Bin14,Bin15
[from data line 453]
69965,69995,69980,6.7,-104.518,39.2183,449.717,-12.285,327.775,273.38,117.945,9030.78,0.229703,0.069853,27.1597,28.8884,31.1844,34.1151,36.7352,40.1251,52.2261,19.9477,2.431,0.324134,0.108045,0.0675279,0.0405167,0.0270112,0
69996,70030,70013,6.6,-104.515,39.2146,455.955,-11.3585,327.645,302.938,133.958,10474.1,0.234567,0.0798867,27.1892,31.3766,33.8753,38.8043,40.4131,44.8286,60.2431,23.0247,2.39603,0.422158,0.148326,0.0570484,0.0798677,0.068458,0.0114097
70031,70060,70046,6.5,-104.511,39.211,461.519,-11.1204,326.81,290.843,125.625,9660.71,0.230703,0.0740577,29.2375,28.6943,33.5138,37.9433,38.389,42.9578,56.4831,20.7685,2.10332,0.431807,0.125363,0.111434,0.055717,0.0139293,0.0139293
70062,70092,70077,6.4,-104.507,39.2075,467.712,-10.3277,326.555,309.473,136.157,10643.5,0.234511,0.0804397,28.2442,29.9192,34.6121,38.6119,43.8247,47.7956,61.6578,21.9051,2.10821,0.490952,0.101078,0.0577591,0.0433193,0.0577591,0.0433193
70093,70121,70107,6.3,-104.503,39.2041,473.708,-9.744,326.094,317.225,138.663,10594.1,0.229207,0.0817963,28.5204,32.3061,35.1791,40.2218,43.0499,49.8283,62.3976,22.6846,2.22956,0.448904,0.209488,0.104744,0.0299269,0.0149635,0
70122,70146,70134,6.2,-104.5,39.2007,479.97,-9.04727,325.727,333.308,145.706,11240.7,0.231439,0.0862291,30.4626,33.7701,37.1962,42.0302,45.8635,51.2063,65.844,23.4406,2.69686,0.542763,0.101768,0.0339227,0.0678454,0.0169614,0.0339227
70148,70174,70161,6.1,-104.496,39.1975,486.062,-8.49714,325.229,390.862,179.236,14238.5,0.238319,0.109307,35.0402,37.8655,41.6325,48.2603,53.0579,58.0687,79.1959,31.6819,4.42445,1.01283,0.284302,0.195458,0.106613,0.0177689,0.0177689
70175,70201,70188,6,-104.493,39.1943,492.45,-7.84,324.825,522.568,249.713,19941.8,0.239576,0.157082,41.0482,48.4793,55.185,63.4301,67.4464,80.6809,107.858,47.6124,8.52811,1.91086,0.230011,0.0707727,0.0707727,0,0.0176932
70203,70225,70214,5.9,-104.49,39.1917,498.546,-7.00368,324.707,531.893,254.491,20354,0.239938,0.159209,42.5702,46.4207,56.5062,63.7381,69.4258,82.0718,112.934,48.8248,7.40776,1.42683,0.293183,0.0977278,0.117273,0.0390911,0.0195456
70227,70248,70238,5.8,-104.487,39.1891,504.781,-6.18111,324.558,520.912,248.123,20189.2,0.244103,0.154672,43.4968,48.0418,53.6152,62.767,68.1964,79.487,108.567,47.9184,6.99239,1.13112,0.370185,0.0616975,0.102829,0.0822634,0.0822634
70251,70276,70264,5.7,-104.484,39.1865,511.267,-5.22091,324.54,508.757,239.363,19139.3,0.239877,0.148526,42.6183,47.3239,53.8381,62.0938,67.3185,75.8924,106.27,44.812,6.59789,1.35642,0.351664,0.150713,0.0502377,0.0669836,0.0167459
70277,70304,70290,5.6,-104.48,39.1835,517.722,-4.70045,323.999,512.801,248.94,20356.5,0.245318,0.1575,43.5063,45.4146,51.8091,61.9031,65.4686,77.5547,106.029,51.0558,7.85088,1.50657,0.334792,0.117177,0.133917,0.0669585,0.0502189
70305,70327,70316,5.5,-104.477,39.1807,524.439,-3.96722,323.692,528.283,267.756,22405.5,0.251037,0.174665,45.7642,46.1713,50.5279,59.4649,63.964,76.769,112.252,60.6456,10.0364,1.95434,0.305366,0.244293,0.0610732,0.0407154,0.0814309
70329,70352,70340,5.4,-104.474,39.1781,531.114,-3.00556,323.679,558.868,291.338,24340.7,0.250644,0.193042,43.0353,44.9091,54.3797,62.7098,67.6997,79.3088,122.751,69.9197,11.1814,2.4033,0.325871,0.101835,0.0407339,0.0611008,0.0407339
70353,70375,70364,5.3,-104.471,39.1755,537.909,-2.03278,323.669,567.797,302.573,25716.3,0.254976,0.202676,43.4756,46.7779,52.6327,61.0199,66.6113,81.4004,125.929,73.702,13.2088,2.28926,0.344402,0.141812,0.101295,0.101295,0.0607768
70376,70397,70386,5.2,-104.469,39.1733,544.321,-1.18813,323.582,577.758,323.67,27816.9,0.257826,0.223101,42.2933,45.869,50.1735,57.006,63.793,79.0523,131.868,89.3694,15.2138,2.32306,0.501052,0.0911003,0.113875,0.0455502,0.0455502
70399,70418,70408,5.1,-104.466,39.1711,551.25,-0.275625,323.491,718.094,464.331,41564.7,0.268545,0.340954,39.6299,43.8873,47.4653,58.4711,69.8845,91.7828,184.924,149.212,26.5633,5.43496,0.588787,0.0452913,0.0905826,0.0905826,0.0226456
70420,70440,70430,5,-104.464,39.169,558.27,0.655882,323.422,715.221,444.734,39319.9,0.265236,0.3213,42.8339,45.4376,51.072,62.7889,72.3075,93.5857,182.903,133.88,25.0344,4.69529,0.426845,0.085369,0.0426845,0.085369,0.0426845
70442,70463,70452,4.9,-104.461,39.167,565.159,1.46,323.24,733.027,404.4,34596,0.256647,0.275676,53.9309,55.97,65.6772,75.1294,81.2468,103.38,171.203,105.334,16.8229,3.46228,0.446061,0.063723,0.148687,0.169928,0.042482
70464,70485,70474,4.8,-104.459,39.165,572.182,2.33875,323.136,837.466,490.546,42427.4,0.25947,0.343536,53.2898,56.6486,67.018,80.0474,92.6936,114.875,206.329,138.432,22.6324,4.4859,0.698809,0.0901689,0.0901689,0.112711,0.0225422
70486,70510,70498,4.7,-104.456,39.1629,579.709,3.31353,323.064,876.369,533.189,46506.1,0.261668,0.379075,49.2803,53.9948,62.9799,79.5758,94.9032,121.309,227.692,155.029,26.194,4.69336,0.465108,0.0634238,0.0422826,0.0422826,0.105706
70511,70536,70524,4.6,-104.454,39.161,586.604,4.10938,322.903,957.025,571.98,49575.4,0.26002,0.401686,55.0191,60.7507,70.3183,88.5614,105.466,133.478,252.526,160.441,24.0639,5.21867,0.691363,0.22302,0.11151,0.0892081,0.0669061
70537,70563,70550,4.5,-104.451,39.1586,594.355,5.03062,322.766,1021.18,603.99,50755.3,0.2521,0.41826,50.7642,58.1599,71.767,92.0772,113.281,158.236,290.42,161.833,21.0698,2.92699,0.402181,0.13406,0.0670302,0.0223434,0.0223434
70564,70591,70578,4.4,-104.449,39.1564,601.077,5.7725,322.591,1085.94,641.223,53611.3,0.250823,0.440381,45.8744,56.3276,75.5252,100.893,126.682,174.598,316.393,166.985,19.4417,2.61886,0.42168,0.0443874,0.0221937,0.0443874,0.0665811
70592,70613,70602,4.3,-104.447,39.154,608.607,6.603,322.395,1138.98,651.606,53982.6,0.248536,0.440088,53.3845,62.3707,84.2502,109.539,138.878,185.336,326.061,157.525,17.7948,3.09012,0.355186,0.142075,0.106556,0.106556,0.0355186
70616,70632,70624,4.2,-104.446,39.1523,615.046,7.25571,322.179,1060.09,591.546,48394.6,0.245431,0.394859,53.1847,62.8362,78.685,106.979,131.514,173.117,298.891,135.629,16.0011,2.53986,0.406378,0.203189,0.0507973,0.0507973,0
70636,70654,70645,4.1,-104.445,39.1505,622.396,8.146,322.11,982.614,534.486,43516,0.24425,0.352334,51.7833,61.5763,79.8237,105.68,119.771,162.395,264.834,119.912,14.302,1.76134,0.21136,0.21136,0.281814,0.0704534,0
70669,70673,70671,4,-104.444,39.1479,631.553,9.24333,322.023,924.123,496.376,40381.7,0.244059,0.325824,52.0202,60.141,75.0879,97.2142,115.339,154.06,246.213,108.866,13.0639,1.76539,0.117693,0.117693,0,0,0.117693
