data/B2SAP/Locations/Boulder/NOAA-POPS-B2SAP_GMLBalloon_20230328_R0.ict
61,1001
Thornberry, T. D.
NOAA Chemical Sciences Laboratory
Portable Optical Particle Spectrometer (POPS)
Balloon Baseline Stratospheric Aerosol Profiles (B2SAP)
1,1
2023,03,28,2024,05,28
0
TIME_START,s,Seconds since midnight UTC on flight start day,Start time of 100 m altitude bin in UTC_seconds_since_midnight
28
1.0,1.0,1.0,1.0,1.0,1.0,1.0,1.0,1.0,1.0,1.0,1.0,1.0,1.0,1.0,1.0,1.0,1.0,1.0,1.0,1.0,1.0,1.0,1.0,1.0,1.0,1.0,1.0
99999,99999,99999,99999,99999,99999,99999,99999,99999,99999,99999,99999,99999,99999,99999,99999,99999,99999,99999,99999,99999,99999,99999,99999,99999,99999,99999,99999
TIME_STOP,s,End time of 100 m altitude bin in UTC seconds since midnight,
TIME_MID,s,Mid time of 100 m altitude in UTC seconds since midnight,
GPSAlt,m,GPS reported altitude above sea level (m),
GPS_Lon,deg,GPS reported longitude,
GPS_Lat,deg,GPS reported latitude,
iMet_Pressure,mb,Pressure reported (mB),
iMet_Temperature,degrees C,Ambient temperature (oC),
THETA,K,Potential temperature from iMet,
Aerosol_concentration,cm^-3,Aerosol concentration,
Surface_Area_Conc,um^2 cm^-3,Surface area concentration,
Volume_density,um^3 cm^-3,Volume density,
Effective_radius,um,Effective radius,
Extinction,km^-1,Extinction,
Bin01,cm^-3,particle concentration in size range [140 - 170 nm],
Bin02,cm^-3,particle concentration in size range [170 - 205 nm],
Bin03,cm^-3,particle concentration in size range [205 - 249 nm],
Bin04,cm^-3,particle concentration in size range [249 - 302 nm],
Bin05,cm^-3,particle concentration in size range [302 - 366 nm],
Bin06,cm^-3,particle concentration in size range [366 - 443 nm],
Bin07,cm^-3,particle concentration in size range [443 - 537 nm],
Bin08,cm^-3,particle concentration in size range [537 - 651 nm],
Bin09,cm^-3,particle concentration in size range [651 - 789 nm],
Bin10,cm^-3,particle concentration in size range [789 - 956 nm],
Bin11,cm^-3,particle concentration in size range [956 - 1159 nm],
Bin12,cm^-3,particle concentration in size range [1159 - 1404 nm],
Bin13,cm^-3,particle concentration in size range [1404 - 1702 nm],
Bin14,cm^-3,particle concentration in size range [1702 - 2062 nm],
Bin15,cm^-3,particle concentration in size range [2062 - 2500 nm],
0
19
PI_CONTACT_INFO: 325 Broadway R/CSL6, Boulder, CO 80305; troy.thornberry@noaa.gov; 303-497-3373 
PLATFORM: GML ECC/FPH balloon
LOCATION: Boulder, CO, USA
ASSOCIATED_DATA: N/A
INSTRUMENT_INFO: Printed Optical Particle Spectrometer counts particles from 140 - 2500 nm in diameter 
DATA_INFO: Particle concentrations reported in number per cubic centimeter, binned to 100 m altitude
UNCERTAINTY: Counting uncertainty dominated by air flow, less than 5 percent
ULOD_FLAG: -77777
ULOD_VALUE: 3000 ~3000 per cm3 (varies depending on flow rate- manufacturer quotes 1250  per cm3 at 1.667 cc/s)
LLOD_FLAG: -88888
LLOD_VALUE: 0 0 (varies depending on data field and measurement precision)
DM_CONTACT_INFO: Troy Thornberry, 325 Broadway R/CSL6, Boulder, CO 80305; troy.thornberry@noaa.gov; 303-497-3373
PROJECT_INFO: B2SAP Boulder, CO, USA
STIPULATIONS_ON_USE: Please contact the PIs for questions regarding applications and uncertainties
OTHER_COMMENTS: POPS bin Edges (nm):  140, 170, 205, 249, 302, 366, 443, 537, 651, 789, 956, 1159, 1404, 1702, 2062, 2500
Calculations assume sulfate refractive index of 1.45+0.00j and extinction wavelength = 532 nm
REVISION: R0
R0: QA/QC data
TIME_START,TIME_STOP,TIME_MID,GPSAlt,GPS_Lon,GPS_Lat,iMet_Pressure,iMet_Temperature,THETA,Aerosol_concentration,Surface_Area_Conc,Volume_density,Effective_radius,Extinction,Bin01,Bin02,Bin03,Bin04,Bin05,Bin06,Bin07,Bin08,Bin09,Bin10,Bin11,Bin12,Bin13,Bin14,Bin15
[from data line 144]
63068,63087,63078,16.3,-103.789,39.8852,95.4707,-60.6421,415.757,6.35879,1.9977,171.936,0.258202,0.0011284,1.78304,1.24598,0.923743,0.53706,0.708919,0.279271,0.472613,0.171859,0.107412,0.107412,0,0.0214824,0,0,0
63089,63111,63100,16.4,-103.78,39.8852,93.9587,-60.89,417.172,6.69396,1.90829,139.724,0.219658,0.00104432,2.04426,1.30272,0.861798,0.481003,0.701463,0.380794,0.460962,0.300627,0.140293,0.0200418,0,0,0,0,0
63112,63139,63126,16.5,-103.769,39.8855,92.3453,-60.9526,419.123,5.63447,1.68045,129.32,0.230867,0.000900741,1.6302,1.02876,0.759703,0.538123,0.474814,0.364024,0.458987,0.284889,0.0633086,0.0158271,0.0158271,0,0,0,0
63140,63182,63161,16.6,-103.753,39.8861,90.6488,-59.8204,423.591,5.54204,1.70006,141.818,0.250258,0.000924567,1.64763,0.986083,0.736442,0.586657,0.499283,0.29957,0.42439,0.237159,0.0374462,0.0624103,0.0249641,0,0,0,0
63185,63265,63225,16.7,-103.729,39.8883,89.2741,-57.4355,430.21,5.3191,1.6071,124.806,0.232978,0.000878522,1.41156,0.951137,0.757275,0.563412,0.617936,0.333201,0.296852,0.224153,0.127222,0.030291,0,0,0.0060582,0,0
63266,63296,63281,16.8,-103.707,39.8912,88.0694,-56.5289,433.692,5.74779,1.7394,142.426,0.245646,0.000955104,1.79003,1.01818,0.804691,0.426979,0.541934,0.394134,0.394134,0.229912,0.065689,0.065689,0,0.0164223,0,0,0
63299,63320,63310,16.9,-103.695,39.8925,86.6857,-57.0586,434.587,5.69368,1.81874,146.098,0.240988,0.00098156,1.1218,1.1853,0.888976,0.761979,0.550318,0.359823,0.38099,0.296325,0.10583,0.0211661,0,0.0211661,0,0,0
63322,63337,63330,17,-103.687,39.893,85.347,-57.328,435.991,4.71909,1.49431,118.961,0.238827,0.000841174,1.00911,1.03879,0.682635,0.385837,0.652955,0.356157,0.267118,0.178079,0.0593596,0.0890393,0,0,0,0,0
63339,63354,63346,17.1,-103.681,39.8932,84.0933,-57.1267,438.241,6.02719,1.7799,153.708,0.259073,0.00097142,1.81145,1.28448,0.955129,0.461097,0.494032,0.230548,0.428161,0.164677,0.0988065,0.065871,0.0329355,0,0,0,0
63357,63371,63364,17.2,-103.674,39.8936,82.645,-57.6412,439.367,5.19971,1.34324,89.6813,0.200295,0.000647661,1.59705,1.03994,0.631394,0.408549,0.519971,0.519971,0.222845,0.185704,0.0742816,0,0,0,0,0,0
63372,63389,63380,17.3,-103.669,39.894,81.4418,-58.0827,440.32,4.59226,1.34996,99.3128,0.220701,0.000704543,1.19562,0.788021,0.597809,0.543463,0.543463,0.326078,0.380424,0.135866,0.0271731,0.0543463,0,0,0,0,0
63390,63407,63398,17.4,-103.662,39.8941,80.0683,-58.1167,442.387,5.15459,1.449,108.215,0.224048,0.000741296,1.34468,0.771943,0.921352,0.697239,0.572732,0.34862,0.224113,0.149408,0.0498028,0.0747042,0,0,0,0,0
63408,63430,63419,17.5,-103.655,39.8938,78.8062,-58.2654,444.095,5.38242,1.28275,84.3662,0.197309,0.000573312,1.54112,1.12709,0.897071,0.483038,0.552043,0.414033,0.138011,0.161013,0.0460036,0.0230018,0,0,0,0,0
63433,63453,63443,17.6,-103.647,39.8936,77.4733,-58.9033,444.942,4.54869,1.55039,140.425,0.271723,0.000824917,1.19966,0.849756,0.474864,0.499857,0.474864,0.374892,0.399885,0.149957,0.0499857,0.0249928,0.0499857,0,0,0,0
63456,63481,63468,17.7,-103.638,39.8935,76.2157,-59.2429,446.311,4.51908,1.61875,141.789,0.262776,0.000889081,0.989893,0.860776,0.537985,0.387349,0.559505,0.451908,0.408869,0.172155,0.107597,0,0.0430388,0,0,0,0
63484,63517,63500,17.8,-103.626,39.8929,74.9441,-59.1505,448.666,4.49479,1.54426,134.539,0.261366,0.000876306,1.17493,0.860705,0.505494,0.423522,0.464508,0.327888,0.327888,0.27324,0.0956339,0.013662,0.013662,0,0.013662,0,0
63520,63558,63539,17.9,-103.613,39.8922,73.7232,-58.8873,451.325,4.85355,2.00102,304.048,0.455839,0.00113092,1.47243,0.804381,0.627144,0.436274,0.518076,0.340839,0.259038,0.218137,0.0818014,0.0272671,0.0136336,0.0136336,0.0136336,0,0.0272671
63561,63611,63586,18,-103.598,39.8919,72.5883,-57.9417,455.329,4.6269,1.51195,119.991,0.238086,0.000876094,1.0729,0.955555,0.603509,0.419103,0.494542,0.360429,0.410721,0.150877,0.0922027,0.0670565,0,0,0,0,0
63614,63644,63629,18.1,-103.584,39.8916,71.4785,-57.5325,458.213,4.11775,1.24328,92.4335,0.22304,0.000667911,0.982339,0.780489,0.619008,0.322961,0.578638,0.269134,0.336417,0.134567,0.0538268,0.0403701,0,0,0,0,0
63648,63673,63660,18.2,-103.575,39.8911,70.3506,-57.6761,459.985,4.44367,1.34049,108.958,0.243847,0.000738585,1.30168,0.897711,0.598474,0.314199,0.463817,0.284275,0.269313,0.179542,0.0897711,0.0299237,0.0149619,0,0,0,0
63674,63696,63685,18.3,-103.568,39.8906,69.3173,-58.14,460.946,4.28232,1.46131,125.194,0.257017,0.000841763,1.11556,0.755704,0.539789,0.341866,0.539789,0.341866,0.359859,0.107958,0.107958,0.0539789,0.017993,0,0,0,0
63697,63721,63709,18.4,-103.562,39.89,68.1871,-58.8688,461.545,4.16182,1.2712,98.3904,0.232198,0.000698685,1.06836,0.749446,0.558098,0.398642,0.605935,0.255131,0.255131,0.159457,0.047837,0.0637826,0,0,0,0,0
63722,63744,63733,18.5,-103.556,39.8897,67.1008,-59.5146,462.265,4.05357,1.47344,132.438,0.269652,0.000801011,0.835788,0.66863,0.417894,0.626841,0.564157,0.35521,0.271631,0.167158,0.0835788,0.0208947,0.0417894,0,0,0,0
63745,63765,63755,18.6,-103.549,39.8892,65.9508,-60.2285,463.011,3.63249,1.29093,115.809,0.269128,0.000671523,0.755894,0.587918,0.503929,0.440938,0.482932,0.335953,0.272962,0.146979,0.0629912,0,0.0209971,0.0209971,0,0,0
63766,63786,63776,18.7,-103.543,39.8889,64.9777,-60.5085,464.363,3.82162,1.22957,98.83,0.241133,0.000714427,0.965903,0.671933,0.50395,0.545945,0.314968,0.272973,0.230977,0.188981,0.0629937,0.0629937,0,0,0,0,0
63790,63812,63801,18.8,-103.537,39.8887,63.8906,-60.3788,466.896,4.32966,1.39767,109.542,0.235124,0.000800663,0.903432,0.835249,0.66479,0.460239,0.630698,0.221597,0.221597,0.255688,0.0852294,0.0511377,0,0,0,0,0
63813,63835,63824,18.9,-103.53,39.8889,62.8312,-60.3156,469.27,4.09684,1.32437,97.7066,0.221328,0.000736302,0.955929,0.648666,0.580385,0.409684,0.495034,0.358473,0.307263,0.273122,0.0512105,0.0170702,0,0,0,0,0
63838,63863,63850,19,-103.524,39.8899,61.7319,-60.4219,471.404,3.86477,1.08923,75.0387,0.206675,0.000523402,0.837936,0.649828,0.649828,0.547224,0.410418,0.290713,0.359116,0.0855037,0,0.0342015,0,0,0,0,0
63864,63893,63878,19.1,-103.516,39.891,60.775,-60.6005,473.122,3.97639,1.07026,75.1529,0.210657,0.000528572,1.15178,0.767855,0.452486,0.425063,0.452486,0.370216,0.123405,0.178252,0.0274234,0.0274234,0,0,0,0,0
63899,63929,63914,19.2,-103.505,39.8924,59.7728,-59.6304,477.537,3.76347,1.0733,76.6181,0.214157,0.000548581,0.796328,0.774511,0.589064,0.46907,0.479978,0.218172,0.207263,0.15272,0.054543,0.0218172,0,0,0,0,0
63930,63961,63946,19.3,-103.494,39.8938,58.7619,-58.7586,481.84,4.04822,1.04212,63.8662,0.183855,0.000436199,0.905353,0.60788,0.620814,0.60788,0.672548,0.28454,0.245739,0.0776017,0.0258672,0,0,0,0,0,0
63962,63981,63972,19.4,-103.489,39.8944,57.8875,-56.9085,488.076,3.40642,0.917759,58.1443,0.190064,0.000407271,0.605885,0.659742,0.632813,0.336603,0.565493,0.282746,0.201962,0.0942488,0.0269282,0,0,0,0,0,0
63982,64000,63991,19.5,-103.484,39.8951,57.1436,-56.6327,490.505,4.05854,1.00437,64.189,0.191729,0.000450174,1.07576,0.733471,0.75792,0.415633,0.415633,0.293388,0.220041,0.0977961,0.0488981,0,0,0,0,0,0
64001,64010,64006,19.6,-103.481,39.8958,56.32,-55.796,494.455,3.34995,1.02416,71.4007,0.20915,0.000530412,0.66999,0.777188,0.214397,0.509192,0.348395,0.401994,0.214397,0.160797,0.0535992,0,0,0,0,0,0
64018,64036,64027,19.7,-103.477,39.8966,55.1126,-55.5258,498.134,3.72933,1.13775,84.0368,0.221586,0.000605042,0.802158,0.647356,0.506626,0.562918,0.47848,0.281459,0.197021,0.154803,0.0703648,0.0281459,0,0,0,0,0
64037,64063,64050,19.8,-103.473,39.8972,54.2275,-55.1231,501.383,3.84994,1.0047,64.0093,0.191129,0.000450379,0.903899,0.669555,0.652816,0.485427,0.418472,0.351516,0.234344,0.100433,0.0334778,0,0,0,0,0,0
64064,64095,64080,19.9,-103.468,39.8979,53.328,-55.232,503.522,3.20682,0.81938,55.7393,0.204078,0.00038532,0.954537,0.632783,0.386105,0.343204,0.332479,0.257403,0.193052,0.0643508,0.0214503,0.0214503,0,0,0,0,0
64103,64126,64114,20,-103.464,39.8988,52.55,-54.1972,508.05,2.99811,0.714212,45.8279,0.192497,0.000320232,0.831158,0.712421,0.371053,0.311684,0.371053,0.148421,0.133579,0.0742106,0.0445263,0,0,0,0,0,0
64127,64151,64139,20.1,-103.461,39.8988,51.7007,-53.6593,511.672,3.63817,0.880374,59.7219,0.203511,0.000417181,1.13582,0.709886,0.62115,0.408184,0.177471,0.230713,0.212966,0.0887357,0.0354943,0.0177471,0,0,0,0,0
64152,64180,64166,20.2,-103.459,39.8985,50.8838,-53.9171,513.397,3.40131,0.804854,51.7091,0.19274,0.000349809,0.926475,0.837635,0.406126,0.368052,0.35536,0.253829,0.152297,0.0634572,0.0253829,0.0126914,0,0,0,0,0
64181,64203,64192,20.3,-103.456,39.8981,50.108,-54.6873,513.851,3.40566,0.760687,44.2044,0.174334,0.000294337,0.80238,0.998517,0.356613,0.463597,0.231799,0.320952,0.160476,0.0713226,0,0,0,0,0,0,0
64204,64223,64214,20.4,-103.453,39.898,49.4183,-55.4392,514.106,3.22598,0.867307,64.1321,0.221832,0.000441763,0.963313,0.537663,0.604871,0.268832,0.291234,0.224026,0.201624,0.0672079,0.0224026,0.0448053,0,0,0,0,0
64224,64244,64234,20.5,-103.45,39.8984,48.54,-56.3747,514.534,3.07627,0.772661,48.1667,0.187016,0.000336537,0.773566,0.647636,0.377788,0.341808,0.413768,0.233869,0.197889,0.0719596,0.0179899,0,0,0,0,0,0
64245,64269,64257,20.6,-103.447,39.899,47.7973,-56.7747,515.848,2.83102,0.632574,36.0308,0.170877,0.000238433,0.685216,0.757344,0.36064,0.27048,0.324576,0.216384,0.198352,0.018032,0,0,0,0,0,0,0
64270,64295,64282,20.7,-103.442,39.9,47.0047,-57.4794,516.629,2.97251,0.830061,59.6598,0.215622,0.000431056,0.851423,0.507866,0.388368,0.328619,0.403306,0.16431,0.119498,0.149372,0.0448117,0.0149372,0,0,0,0,0
64296,64321,64308,20.8,-103.438,39.9011,46.185,-58.0115,517.955,2.71237,0.746951,52.9671,0.212733,0.000375437,0.681189,0.557336,0.408713,0.309631,0.185779,0.322016,0.123852,0.049541,0.0619262,0.0123852,0,0,0,0,0
64326,64350,64338,20.9,-103.433,39.9023,45.4537,-58.7506,518.525,2.7844,0.73507,49.1735,0.200689,0.000343063,0.762209,0.451103,0.466658,0.248885,0.342216,0.248885,0.139998,0.108887,0,0.0155553,0,0,0,0,0
64351,64377,64364,21,-103.429,39.9038,44.7778,-59.155,519.782,2.71211,0.789826,60.1255,0.228375,0.000371805,0.51198,0.636515,0.470468,0.221397,0.35977,0.179885,0.179885,0.138373,0,0,0,0.0138373,0,0,0
64378,64410,64394,21.1,-103.423,39.9057,43.9667,-59.455,521.76,2.55656,0.751106,53.3907,0.213248,0.000378156,0.509234,0.509234,0.363739,0.332561,0.322169,0.218243,0.176673,0.0831403,0.0207851,0.0207851,0,0,0,0,0
64411,64448,64430,21.2,-103.416,39.9076,43.1741,-59.7811,523.688,2.65418,0.750047,50.469,0.201864,0.00036414,0.612504,0.501139,0.343373,0.232009,0.445457,0.25057,0.139205,0.0835232,0.0464018,0,0,0,0,0,0
64449,64479,64464,21.3,-103.408,39.9086,42.4929,-59.06,527.844,2.33223,0.638022,45.956,0.216087,0.000326104,0.531699,0.580036,0.362522,0.181261,0.26585,0.193345,0.0966726,0.0483363,0.0604204,0.0120841,0,0,0,0,0
64480,64506,64493,21.4,-103.402,39.909,41.7867,-58.08,532.814,2.82389,0.744479,50.8858,0.205053,0.000354273,0.850568,0.391261,0.357239,0.442295,0.323216,0.187125,0.136091,0.102068,0.0170114,0.0170114,0,0,0,0,0
64507,64518,64512,21.5,-103.398,39.9094,41.3575,-56.865,537.403,2.26733,0.691122,47.0901,0.204407,0.000352002,0.513357,0.363628,0.278068,0.320848,0.192509,0.299458,0.128339,0.171119,0,0,0,0,0,0,0
64527,64543,64535,21.6,-103.395,39.9098,40.5975,-54.0769,547.216,2.68221,0.630283,37.2582,0.17734,0.000251805,0.690629,0.530018,0.41759,0.305162,0.321223,0.208795,0.14455,0.0642446,0,0,0,0,0,0,0
64552,64563,64558,21.7,-103.394,39.91,39.8083,-53.1367,552.661,2.44645,0.552843,34.3783,0.186554,0.000241432,0.836944,0.536502,0.236061,0.300441,0.171681,0.171681,0.0643803,0.128761,0,0,0,0,0,0,0
64564,64582,64573,21.8,-103.392,39.9102,39.2217,-52.9758,555.409,2.32441,0.500292,29.2513,0.175405,0.000190707,0.738596,0.391021,0.412745,0.195511,0.325851,0.13034,0.0868937,0.0217234,0.0217234,0,0,0,0,0,0
64583,64601,64592,21.9,-103.392,39.9103,38.6744,-53.6089,556.052,2.22816,0.516353,30.5881,0.177716,0.000204636,0.615676,0.410451,0.263861,0.322497,0.351815,0.117272,0.0586358,0.0879538,0,0,0,0,0,0,0
64602,64608,64605,22,-103.391,39.9104,38.2643,-54.2114,556.21,2.06109,0.434668,25.2059,0.173966,0.000170996,0.725198,0.305347,0.419852,0.152673,0.22901,0.0381683,0.152673,0.0381683,0,0,0,0,0,0,0
64609,64641,64625,22.1,-103.389,39.9112,37.42,-54.42,559.243,2.0346,0.427062,24.6494,0.173156,0.000161982,0.549892,0.494903,0.311606,0.293276,0.164968,0.0916487,0.0549892,0.073319,0,0,0,0,0,0,0
64658,64670,64664,22.2,-103.387,39.9123,36.6518,-54.7945,561.59,2.23193,0.445192,23.5549,0.158729,0.000142257,0.677101,0.300934,0.501557,0.275856,0.275856,0.100311,0.0752335,0.0250778,0,0,0,0,0,0,0
64671,64683,64677,22.3,-103.385,39.9126,36.3527,-54.8055,562.876,2.23619,0.551613,33.8308,0.183992,0.000228514,0.577891,0.276383,0.402011,0.35176,0.301508,0.150754,0.125628,0.0251257,0.0251257,0,0,0,0,0,0
64702,64724,64713,22.4,-103.381,39.913,35.6224,-53.5705,569.36,1.94514,0.424682,24.9402,0.17618,0.00016867,0.563421,0.442688,0.268296,0.241466,0.187807,0.0804887,0.107318,0.0536591,0,0,0,0,0,0,0
64725,64745,64735,22.5,-103.377,39.913,35.0671,-53.6371,571.74,1.99951,0.448568,29.2449,0.195588,0.000204289,0.775318,0.367256,0.224434,0.163225,0.224434,0.102016,0.0612093,0.0408062,0.0408062,0,0,0,0,0,0
64753,64777,64765,22.6,-103.374,39.913,34.5478,-53.4333,574.729,1.97397,0.417487,24.3567,0.175023,0.000162757,0.732281,0.318383,0.254706,0.222868,0.206949,0.111434,0.0636766,0.0636766,0,0,0,0,0,0,0
64778,64803,64790,22.7,-103.37,39.9131,33.9481,-53.0069,578.724,2.13917,0.544265,35.3604,0.194907,0.00025234,0.603355,0.347386,0.310819,0.310819,0.237685,0.109701,0.109701,0.0914174,0.0182835,0,0,0,0,0,0
64804,64827,64816,22.8,-103.367,39.9137,33.4538,-52.5715,582.313,2.09501,0.537808,36.7164,0.204812,0.000265646,0.630756,0.428013,0.270324,0.22527,0.180216,0.157689,0.090108,0.067581,0.045054,0,0,0,0,0,0
64830,64858,64844,22.9,-103.365,39.9146,32.8456,-52.0412,586.771,2.17049,0.610271,41.1883,0.202476,0.000306069,0.612189,0.371023,0.278268,0.129858,0.352472,0.129858,0.185512,0.0927558,0.0185512,0,0,0,0,0,0
64859,64886,64872,23,-103.362,39.9153,32.3537,-52.1153,589.118,1.69638,0.450529,30.029,0.199958,0.000214567,0.361267,0.392682,0.235609,0.219902,0.204194,0.109951,0.0942436,0.0471218,0.0314145,0,0,0,0,0,0
64887,64916,64902,23.1,-103.36,39.9164,31.8,-52.4471,591.13,2.08135,0.474655,29.5785,0.186948,0.00020515,0.556224,0.627995,0.215312,0.19737,0.161484,0.161484,0.0897135,0.0538281,0.0179427,0,0,0,0,0,0
64917,64942,64930,23.2,-103.357,39.9177,31.3258,-52.3179,594.031,1.74413,0.43371,26.7311,0.184901,0.000184813,0.46833,0.322986,0.193792,0.24224,0.226091,0.161493,0.048448,0.0807466,0,0,0,0,0,0,0
64948,64971,64960,23.3,-103.355,39.9194,30.8206,-52.5688,596.11,1.83444,0.414595,24.4314,0.176785,0.000166196,0.37079,0.546428,0.351275,0.136607,0.136607,0.136607,0.117092,0.0390306,0,0,0,0,0,0,0
64972,64994,64983,23.4,-103.354,39.9211,30.3675,-52.9944,597.489,1.74601,0.398302,23.0713,0.173773,0.000151332,0.510071,0.333508,0.137327,0.353126,0.117709,0.196181,0.0588544,0.0392363,0,0,0,0,0,0,0
64998,65023,65010,23.5,-103.351,39.9222,29.8868,-52.5511,601.425,1.56679,0.319848,18.6433,0.174863,0.000128269,0.683389,0.266688,0.200016,0.0833401,0.0833401,0.116676,0.116676,0.016668,0,0,0,0,0,0,0
65024,65051,65038,23.6,-103.349,39.9229,29.3671,-52.4941,604.607,1.62204,0.302896,16.664,0.165047,0.000106275,0.603548,0.396079,0.20747,0.113165,0.132026,0.0943044,0.0377218,0.0377218,0,0,0,0,0,0,0
65052,65079,65066,23.7,-103.347,39.9234,28.8832,-52.5916,607.211,1.69711,0.307547,15.8919,0.155019,9.49149e-05,0.627931,0.322451,0.271538,0.15274,0.186682,0.0678844,0.0509133,0.0169711,0,0,0,0,0,0,0
65081,65105,65093,23.8,-103.346,39.9242,28.4088,-52.4862,610.387,1.71927,0.282582,13.3048,0.141249,7.05415e-05,0.654959,0.24561,0.40935,0.184207,0.102337,0.0818699,0.040935,0,0,0,0,0,0,0,0
