data/B2SAP/Locations/Boulder/NOAA-POPS-B2SAP_GMLBalloon_20220526_R0.ict
61,1001
Thornberry, T. D.
NOAA Chemical Sciences Laboratory
Portable Optical Particle Spectrometer (POPS)
Balloon Baseline Stratospheric Aerosol Profiles (B2SAP)
1,1
2022,05,26,2024,05,28
0
TIME_START,s,Seconds since midnight UTC on flight start day,Start time of 100 m altitude bin in UTC_seconds_since_midnight
28
1.0,1.0,1.0,1.0,1.0,1.0,1.0,1.0,1.0,1.0,1.0,1.0,1.0,1.0,1.0,1.0,1.0,1.0,1.0,1.0,1.0,1.0,1.0,1.0,1.0,1.0,1.0,1.0
99999,99999,99999,99999,99999,99999,99999,99999,99999,99999,99999,99999,99999,99999,99999,99999,99999,99999,99999,99999,99999,99999,99999,99999,99999,99999,99999,99999
TIME_STOP,s,End time of 100 m altitude bin in UTC seconds since midnight,
TIME_MID,s,Mid time of 100 m altitude in UTC seconds since midnight,
GPSAlt,m,GPS reported altitude above sea level (m),
GPS_Lon,deg,GPS reported longitude,
GPS_Lat,deg,GPS reported latitude,
iMet_Pressure,mb,Pressure reported (mB),
iMet_Temperature,degrees C,Ambient temperature (oC),
THETA,K,Potential temperature from iMet,
Aerosol_concentration,cm^-3,Aerosol concentration,
Surface_Area_Conc,um^2 cm^-3,Surface area concentration,
Volume_density,um^3 cm^-3,Volume density,
Effective_radius,um,Effective radius,
Extinction,km^-1,Extinction,
Bin01,cm^-3,particle concentration in size range [140 - 170 nm],
Bin02,cm^-3,particle concentration in size range [170 - 205 nm],
Bin03,cm^-3,particle concentration in size range [205 - 249 nm],
Bin04,cm^-3,particle concentration in size range [249 - 302 nm],
Bin05,cm^-3,particle concentration in size range [302 - 366 nm],
Bin06,cm^-3,particle concentration in size range [366 - 443 nm],
Bin07,cm^-3,particle concentration in size range [443 - 537 nm],
Bin08,cm^-3,particle concentration in size range [537 - 651 nm],
Bin09,cm^-3,particle concentration in size range [651 - 789 nm],
Bin10,cm^-3,particle concentration in size range [789 - 956 nm],
Bin11,cm^-3,particle concentration in size range [956 - 1159 nm],
Bin12,cm^-3,particle concentration in size range [1159 - 1404 nm],
Bin13,cm^-3,particle concentration in size range [1404 - 1702 nm],
Bin14,cm^-3,particle concentration in size range [1702 - 2062 nm],
Bin15,cm^-3,particle concentration in size range [2062 - 2500 nm],
0
19
PI_CONTACT_INFO: 325 Broadway R/CSL6, Boulder, CO 80305; troy.thornberry@noaa.gov; 303-497-3373 
PLATFORM: GML ECC/FPH balloon
LOCATION: Boulder, CO, USA
ASSOCIATED_DATA: N/A
INSTRUMENT_INFO: Printed Optical Particle Spectrometer counts particles from 140 - 2500 nm in diameter 
DATA_INFO: Particle concentrations reported in number per cubic centimeter, binned to 100 m altitude
UNCERTAINTY: Counting uncertainty dominated by air flow, less than 5 percent
ULOD_FLAG: -77777
ULOD_VALUE: 3000 ~3000 per cm3 (varies depending on flow rate- manufacturer quotes 1250  per cm3 at 1.667 cc/s)
LLOD_FLAG: -88888
LLOD_VALUE: 0 0 (varies depending on data field and measurement precision)
DM_CONTACT_INFO: Troy Thornberry, 325 Broadway R/CSL6, Boulder, CO 80305; troy.thornberry@noaa.gov; 303-497-3373
PROJECT_INFO: B2SAP Boulder, CO, USA
STIPULATIONS_ON_USE: Please contact the PIs for questions regarding applications and uncertainties
OTHER_COMMENTS: POPS bin Edges (nm):  140, 170, 205, 249, 302, 366, 443, 537, 651, 789, 956, 1159, 1404, 1702, 2062, 2500
Calculations assume sulfate refractive index of 1.45+0.00j and extinction wavelength = 532 nm
REVISION: R0
R0: QA/QC data
TIME_START,TIME_STOP,TIME_MID,GPSAlt,GPS_Lon,GPS_Lat,iMet_Pressure,iMet_Temperature,THETA,Aerosol_concentration,Surface_Area_Conc,Volume_density,Effective_radius,Extinction,Bin01,Bin02,Bin03,Bin04,Bin05,Bin06,Bin07,Bin08,Bin09,Bin10,Bin11,Bin12,Bin13,Bin14,Bin15
[from data line 378]
70635,70665,70650,9,-104.449,39.5778,322.872,-35.5326,328.217,23.3584,4.28525,312.901,0.219055,0.0013589,9.36878,5.63822,3.64577,1.58972,1.78049,0.551105,0.423927,0.169571,0.0423927,0.0211963,0.063589,0.0211963,0.0423927,0,0
70669,70697,70683,8.9,-104.444,39.5742,327.674,-34.6191,328.088,26.1314,5.13071,462.189,0.270249,0.00181482,10.0491,6.54194,3.76162,2.03527,1.92624,0.926775,0.52699,0.127204,0.0908603,0.0545162,0,0.0181721,0.0363441,0.0181721,0.0181721
70700,70729,70714,8.8,-104.438,39.5704,332.555,-33.3621,328.423,24.9095,4.63427,292.113,0.1891,0.00154772,9.63422,5.38756,3.86637,2.11277,1.96487,0.929618,0.63383,0.211277,0.0845107,0.0211277,0.0211277,0.0422554,0,0,0
70738,70762,70750,8.7,-104.433,39.5662,337.428,-32.765,327.878,25.9901,5.78263,710.278,0.368488,0.00227845,10.2877,6.26954,3.53374,2.08035,1.99485,0.598456,0.854937,0.170987,0.0284979,0.0284979,0.0284979,0.0284979,0,0.0284979,0.0569958
70763,70792,70778,8.6,-104.429,39.5627,341.864,-31.9728,327.738,19.7765,3.5043,247.258,0.211675,0.00121622,9.2128,4.16348,2.65754,1.26233,1.37306,0.398631,0.442923,0.0442923,0.0221461,0.132877,0.0221461,0.0442923,0,0,0
70793,70825,70809,8.5,-104.424,39.5583,347.368,-31.2544,327.214,22.4017,3.61154,239.815,0.199207,0.00107135,9.59127,5.53427,3.19709,1.54342,1.47728,0.507125,0.286636,0.176391,0.0440978,0.0220489,0,0,0,0.0220489,0
70826,70856,70841,8.4,-104.419,39.553,353.163,-30.645,326.488,26.2676,4.53651,308.043,0.203709,0.00159073,11.5418,6.30156,3.78094,2.18896,0.994983,0.530658,0.265329,0.397993,0.0663322,0.132664,0,0.0663322,0,0,0
70857,70888,70872,8.3,-104.417,39.5505,356.682,-30.025,326.399,29.1865,5.89778,510.608,0.259729,0.00210157,11.0728,6.74593,4.81852,2.26176,2.34043,0.826033,0.649026,0.177007,0.0786698,0.0393349,0.118005,0.0196674,0,0.0393349,0
70892,70916,70904,8.2,-104.413,39.5459,361.791,-29.3374,325.997,30.8906,5.71112,399.093,0.20964,0.00171362,10.6977,7.87813,5.26591,2.94393,2.21832,1.07806,0.456103,0.0829277,0.10366,0.0207319,0.0414639,0.0414639,0.0621958,0,0
70919,70948,70934,8.1,-104.41,39.5411,366.894,-28.5781,325.71,35.8603,7.3842,697.519,0.283383,0.00253607,12.0759,9.8224,5.68278,3.13533,2.69442,1.17575,0.881811,0.0734843,0.0489895,0.0489895,0.0734843,0.0489895,0.0489895,0.0244948,0.0244948
