data/B2SAP/Locations/Boulder/NOAA-POPS-B2SAP_GMLBalloon_20211005_R0.ict
61,1001
Thornberry, T. D.
NOAA Chemical Sciences Laboratory
Portable Optical Particle Spectrometer (POPS)
Balloon Baseline Stratospheric Aerosol Profiles (B2SAP)
1,1
2021,10,05,2024,05,30
0
TIME_START,s,Seconds since midnight UTC on flight start day,Start time of 100 m altitude bin in UTC_seconds_since_midnight
28
1.0,1.0,1.0,1.0,1.0,1.0,1.0,1.0,1.0,1.0,1.0,1.0,1.0,1.0,1.0,1.0,1.0,1.0,1.0,1.0,1.0,1.0,1.0,1.0,1.0,1.0,1.0,1.0
99999,99999,99999,99999,99999,99999,99999,99999,99999,99999,99999,99999,99999,99999,99999,99999,99999,99999,99999,99999,99999,99999,99999,99999,99999,99999,99999,99999
TIME_STOP,s,End time of 100 m altitude bin in UTC seconds since midnight,
TIME_MID,s,Mid time of 100 m altitude in UTC seconds since midnight,
GPSAlt,m,GPS reported altitude above sea level (m),
GPS_Lon,deg,GPS reported longitude,
GPS_Lat,deg,GPS reported latitude,
iMet_Pressure,mb,Pressure reported (mB),
iMet_Temperature,degrees C,Ambient temperature (oC),
THETA,K,Potential temperature from iMet,
Aerosol_concentration,cm^-3,Aerosol concentration,
Surface_Area_Conc,um^2 cm^-3,Surface area concentration,
Volume_density,um^3 cm^-3,Volume density,
Effective_radius,um,Effective radius,
Extinction,km^-1,Extinction,
Bin01,cm^-3,particle concentration in size range [140 - 170 nm],
Bin02,cm^-3,particle concentration in size range [170 - 205 nm],
Bin03,cm^-3,particle concentration in size range [205 - 249 nm],
Bin04,cm^-3,particle concentration in size range [249 - 302 nm],
Bin05,cm^-3,particle concentration in size range [302 - 366 nm],
Bin06,cm^-3,particle concentration in size range [366 - 443 nm],
Bin07,cm^-3,particle concentration in size range [443 - 537 nm],
Bin08,cm^-3,particle concentration in size range [537 - 651 nm],
Bin09,cm^-3,particle concentration in size range [651 - 789 nm],
Bin10,cm^-3,particle concentration in size range [789 - 956 nm],
Bin11,cm^-3,particle concentration in size range [956 - 1159 nm],
Bin12,cm^-3,particle concentration in size range [1159 - 1404 nm],
Bin13,cm^-3,particle concentration in size range [1404 - 1702 nm],
Bin14,cm^-3,particle concentration in size range [1702 - 2062 nm],
Bin15,cm^-3,particle concentration in size range [2062 - 2500 nm],
0
19
PI_CONTACT_INFO: 325 Broadway R/CSL6, Boulder, CO 80305; troy.thornberry@noaa.gov; 303-497-3373 
PLATFORM: GML ECC/FPH balloon
LOCATION: Boulder, CO, USA
ASSOCIATED_DATA: N/A
INSTRUMENT_INFO: Printed Optical Particle Spectrometer counts particles from 140 - 2500 nm in diameter 
DATA_INFO: Particle concentrations reported in number per cubic centimeter, binned to 100 m altitude
UNCERTAINTY: Counting uncertainty dominated by air flow, less than 5 percent
ULOD_FLAG: -77777
ULOD_VALUE: 3000 ~3000 per cm3 (varies depending on flow rate- manufacturer quotes 1250  per cm3 at 1.667 cc/s)
LLOD_FLAG: -88888
LLOD_VALUE: 0 0 (varies depending on data field and measurement precision)
DM_CONTACT_INFO: Troy Thornberry, 325 Broadway R/CSL6, Boulder, CO 80305; troy.thornberry@noaa.gov; 303-497-3373
PROJECT_INFO: B2SAP Boulder, CO, USA
STIPULATIONS_ON_USE: Please contact the PIs for questions regarding applications and uncertainties
OTHER_COMMENTS: POPS bin Edges (nm):  140, 170, 205, 249, 302, 366, 443, 537, 651, 789, 956, 1159, 1404, 1702, 2062, 2500
Calculations assume sulfate refractive index of 1.45+0.00j and extinction wavelength = 532 nm
REVISION: R0
R0: QA/QC data
TIME_START,TIME_STOP,TIME_MID,GPSAlt,GPS_Lon,GPS_Lat,iMet_Pressure,iMet_Temperature,THETA,Aerosol_concentration,Surface_Area_Conc,Volume_density,Effective_radius,Extinction,Bin01,Bin02,Bin03,Bin04,Bin05,Bin06,Bin07,Bin08,Bin09,Bin10,Bin11,Bin12,Bin13,Bin14,Bin15
[from data line 78]
60999,61027,61013,9.5,-105.169,40.0295,305.24,-36.8121,331.725,2.31443,0.354223,21.5214,0.182269,0.000147145,1.61131,0.249021,0.175779,0.0439449,0.0878897,0.0292966,0.0292966,0.0585931,0.0292966,0,0,0,0,0,0
61028,61055,61042,9.6,-105.168,40.0323,301.006,-37.5282,332.039,2.55078,0.350957,19.0492,0.162834,0.00012252,1.66488,0.473498,0.137467,0.0763707,0.0763707,0,0.0610966,0.0458224,0.0152741,0,0,0,0,0,0
61056,61085,61070,9.7,-105.167,40.0354,296.523,-38.114,332.644,2.52272,0.370264,20.9676,0.169887,0.000134559,1.55354,0.42758,0.228043,0.085516,0.0997687,0.0285053,0.0285053,0.042758,0.0285053,0,0,0,0,0,0
61086,61114,61100,9.8,-105.166,40.0385,292.128,-39.1169,332.64,2.68119,0.411586,23.4661,0.171041,0.000152233,1.73314,0.37033,0.103692,0.177758,0.118505,0.0592527,0.0592527,0.0296264,0.0296264,0,0,0,0,0,0
61115,61142,61128,9.9,-105.164,40.0417,287.885,-39.9486,332.843,2.93781,0.393651,19.7128,0.150231,0.000113498,1.73808,0.599867,0.169193,0.246099,0.0769061,0.0307624,0.0153812,0.0461436,0.0153812,0,0,0,0,0,0
61143,61169,61156,10,-105.163,40.0447,283.774,-40.7122,333.115,2.23274,0.306789,16.8498,0.164769,8.64358e-05,1.24395,0.382755,0.303014,0.191377,0.0478443,0.0318962,0,0.0159481,0,0.0159481,0,0,0,0,0
61170,61195,61182,10.1,-105.162,40.0476,279.715,-41.6088,333.208,2.61797,0.281143,11.1549,0.119031,5.0341e-05,1.88979,0.294738,0.225388,0.0866876,0.0693501,0.0173375,0.0173375,0.0173375,0,0,0,0,0,0,0
61196,61221,61208,10.2,-105.161,40.0506,275.837,-42.4096,333.381,2.83584,0.415139,22.7576,0.164457,0.000147581,1.85164,0.383672,0.216858,0.133451,0.0500442,0.0500442,0.100088,0.0333628,0.0166814,0,0,0,0,0,0
61222,61240,61231,10.3,-105.161,40.0532,271.594,-43.0967,333.86,2.44255,0.377003,32.5977,0.259396,0.000107729,1.59612,0.338571,0.169286,0.26602,0.0241837,0,0,0.0241837,0,0,0.0241837,0,0,0,0
61241,61261,61251,10.4,-105.161,40.0555,267.304,-43.9785,334.093,2.74582,0.28433,10.7027,0.112926,4.51224e-05,1.89592,0.501222,0.152546,0.108961,0.0217922,0.0217922,0.0435845,0,0,0,0,0,0,0,0
61262,61288,61275,10.5,-105.16,40.0584,263.799,-44.5443,334.537,3.37509,0.390354,17.8842,0.137446,9.59046e-05,2.29173,0.604183,0.229173,0.0833356,0.0625017,0.0208339,0.0625017,0,0.0208339,0,0,0,0,0,0
61289,61315,61302,10.6,-105.16,40.0621,259.712,-45.3512,334.845,2.84374,0.315279,14.5672,0.138612,7.86294e-05,2.06657,0.494563,0.0883148,0.0883148,0.017663,0.0353259,0.017663,0.017663,0.017663,0,0,0,0,0,0
61316,61341,61328,10.7,-105.159,40.0655,255.904,-46.2246,334.968,2.70983,0.265544,10.2387,0.115673,4.51559e-05,1.96926,0.488106,0.151481,0.0504937,0.0168312,0,0,0.0336625,0,0,0,0,0,0,0
61342,61367,61354,10.8,-105.158,40.0688,252.123,-47.0654,335.145,2.56115,0.360348,27.282,0.22713,0.000102257,1.83181,0.390108,0.0848062,0.0678449,0.0848062,0.0508837,0.0169612,0.0169612,0,0,0.0169612,0,0,0,0
61368,61393,61380,10.9,-105.158,40.0721,248.343,-47.835,335.459,2.46111,0.306272,15.4567,0.151402,9.06804e-05,1.71429,0.305518,0.220652,0.101839,0.0339464,0.0169732,0.0169732,0.0339464,0.0169732,0,0,0,0,0,0
61394,61420,61407,11,-105.157,40.0755,244.489,-48.6352,335.762,3.28377,0.376164,18.2277,0.14537,8.43354e-05,2.24938,0.492565,0.246282,0.197026,0.0164188,0.0492565,0.0164188,0,0,0.0164188,0,0,0,0,0
61421,61446,61434,11.1,-105.156,40.0787,240.549,-49.3604,336.231,4.3084,0.528856,24.1241,0.136847,0.000124892,2.76703,0.705686,0.315702,0.204278,0.204278,0.055712,0,0.0371414,0.0185707,0,0,0,0,0,0
61447,61475,61461,11.2,-105.154,40.0818,237.031,-50.259,336.29,4.39744,0.573578,26.8934,0.140661,0.000153366,2.63227,0.867101,0.402583,0.201291,0.0619358,0.0619358,0.139356,0.0309679,0,0,0,0,0,0,0
61476,61501,61488,11.3,-105.153,40.0851,233.622,-50.8812,336.752,4.91121,0.788376,83.8528,0.319084,0.000259865,3.06735,0.861616,0.344647,0.258485,0.155091,0.137859,0.0344647,0.0344647,0,0,0,0,0,0.0172323,0
61502,61527,61514,11.4,-105.152,40.0881,230.127,-51.5138,337.241,5.73722,0.77787,39.0087,0.150444,0.00023334,3.39727,1.14398,0.554656,0.225329,0.121331,0.0693319,0.138664,0.0693319,0.017333,0,0,0,0,0,0
61528,61554,61541,11.5,-105.15,40.0909,226.428,-52.3942,337.457,4.63843,0.67232,35.5942,0.158827,0.000216649,2.72443,0.862162,0.327621,0.293135,0.172432,0.103459,0.0689729,0.0517297,0.0344865,0,0,0,0,0,0
61555,61579,61567,11.6,-105.149,40.0937,222.776,-53.0852,337.962,3.96187,0.570517,31.2581,0.164367,0.000196697,2.45463,0.753616,0.258383,0.0861275,0.172255,0.0861275,0.0861275,0.0215319,0.0430638,0,0,0,0,0,0
61581,61606,61594,11.7,-105.148,40.0966,219.173,-53.9013,338.29,5.38792,0.635629,25.4386,0.120064,0.000113494,3.18377,1.18685,0.3391,0.282583,0.263744,0.0565166,0.0753555,0,0,0,0,0,0,0,0
61607,61627,61617,11.8,-105.148,40.0994,216.042,-54.7095,338.431,5.68577,0.822714,42.7288,0.155809,0.000259857,3.53569,0.860032,0.358347,0.334457,0.238898,0.167228,0.0955591,0.0716693,0.0238898,0,0,0,0,0,0
61628,61650,61639,11.9,-105.147,40.1023,212.687,-55.3461,338.953,7.2877,1.16694,64.6353,0.166166,0.000429029,4.03778,1.33936,0.768163,0.33484,0.216661,0.078786,0.39393,0.0984825,0.0196965,0,0,0,0,0,0
61651,61676,61664,12,-105.147,40.105,209.611,-56.02,339.31,5.02404,0.669444,32.747,0.14675,0.000187378,2.91438,1.1092,0.347986,0.282738,0.152244,0.0652473,0.0869964,0.0434982,0.0217491,0,0,0,0,0,0
61677,61698,61688,12.1,-105.146,40.1081,206.106,-56.8611,339.636,3.97108,0.530001,26.3737,0.149285,0.000152756,2.45485,0.649813,0.288806,0.33694,0.0962686,0,0.0962686,0.0240672,0.0240672,0,0,0,0,0,0
61699,61721,61710,12.2,-105.146,40.111,202.999,-57.6568,339.858,5.27349,0.689281,32.572,0.141765,0.000185488,3.31417,0.917128,0.375189,0.229282,0.187594,0.0833753,0.104219,0.0625315,0,0,0,0,0,0,0
61723,61747,61735,12.3,-105.146,40.1144,199.566,-58.5648,340.075,6.45132,1.06322,70.4256,0.198714,0.000386817,3.8155,1.08751,0.571403,0.239621,0.202756,0.258053,0.165891,0.0368647,0.0552971,0,0.0184324,0,0,0,0
61748,61771,61760,12.4,-105.146,40.1182,196.479,-59.0995,340.738,9.38126,1.49763,94.2457,0.18879,0.000583108,5.5353,1.59949,0.826701,0.539153,0.287548,0.179718,0.179718,0.143774,0.0179718,0.071887,0,0,0,0,0
61772,61795,61784,12.5,-105.147,40.1224,193.398,-59.7812,341.199,8.80449,1.34204,80.1953,0.179269,0.000418607,4.73324,1.83703,0.84404,0.595793,0.330996,0.148948,0.165498,0.115849,0,0.0165498,0.0165498,0,0,0,0
61796,61818,61807,12.6,-105.146,40.1266,190.292,-60.5564,341.534,9.26019,1.30196,66.2235,0.152594,0.000386672,5.24264,1.6935,0.97286,0.684605,0.198175,0.198175,0.108096,0.108096,0.0540478,0,0,0,0,0,0
61819,61844,61832,12.7,-105.146,40.1309,187.34,-60.9954,342.351,9.03371,1.45017,90.382,0.186975,0.000509169,5.0463,1.77034,0.794172,0.479813,0.31436,0.215088,0.215088,0.132362,0.0496358,0,0,0.0165453,0,0,0
61845,61870,61858,12.8,-105.146,40.1359,184.331,-61.0012,343.925,10.1751,1.46369,74.7054,0.153117,0.000441694,5.86415,1.69585,1.06189,0.586415,0.396226,0.221887,0.237736,0.0475472,0.0633962,0,0,0,0,0,0
61871,61895,61883,12.9,-105.146,40.1412,181.145,-61.3942,345.014,10.8689,1.80579,105.577,0.175397,0.000687257,5.8167,2.19373,0.797718,0.76448,0.481955,0.232668,0.299144,0.19943,0.0664765,0.0166191,0,0,0,0,0
61896,61920,61908,13,-105.146,40.1465,178.349,-61.8356,345.824,11.6403,1.90124,114.203,0.180202,0.000621864,5.82013,2.26427,1.27564,1.11619,0.43053,0.191347,0.350802,0.127564,0.0478367,0,0,0,0.0159456,0,0
61921,61944,61932,13.1,-105.147,40.1516,175.436,-62.2708,346.736,9.1675,1.53105,88.7062,0.173815,0.000569888,4.81711,1.66682,0.966755,0.616723,0.383368,0.283359,0.166682,0.216686,0.0333364,0.0166682,0,0,0,0,0
61945,61958,61952,13.2,-105.147,40.1554,172.866,-62.7314,347.438,8.33976,1.38536,80.0504,0.17335,0.000494596,4.29885,1.51893,0.888428,0.57318,0.458544,0.257931,0.171954,0.114636,0.028659,0.028659,0,0,0,0,0
61959,61983,61971,13.3,-105.145,40.1589,169.916,-62.2079,350.03,7.80408,1.27261,71.469,0.168478,0.000454344,4.00167,1.67705,0.614364,0.464924,0.547946,0.199253,0.0830221,0.14944,0.0664177,0,0,0,0,0,0
61984,62009,61996,13.4,-105.144,40.1636,167.158,-62.426,351.301,9.05702,1.38931,74.9882,0.161926,0.000450525,4.91849,1.55991,0.986881,0.652615,0.397936,0.191009,0.206927,0.0955046,0.0318349,0.0159174,0,0,0,0,0
62010,62034,62022,13.5,-105.142,40.168,164.356,-63.148,351.788,9.17855,1.40089,83.1544,0.178075,0.000435489,4.78116,2.09476,0.767544,0.703582,0.383772,0.143915,0.143915,0.111934,0.0159905,0.0159905,0.0159905,0,0,0,0
62035,62058,62046,13.6,-105.141,40.1722,161.789,-63.7233,352.41,9.28758,1.47767,94.1132,0.191071,0.000520941,5.04326,1.96404,0.782287,0.748999,0.216377,0.116511,0.199733,0.133155,0.0499332,0.0166444,0,0.0166444,0,0,0
62059,62082,62070,13.7,-105.14,40.1761,159.133,-64.4367,352.878,10.1466,1.28776,61.5564,0.143404,0.000325252,5.99421,2.07621,0.937641,0.569282,0.200923,0.133949,0.133949,0.0669744,0.0167436,0.0167436,0,0,0,0,0
62083,62108,62096,13.8,-105.139,40.18,156.515,-65.0892,353.441,11.1281,1.3922,66.2794,0.142823,0.000360951,6.59329,2.33706,1.16079,0.417884,0.27859,0.123818,0.0309544,0.123818,0.0619088,0,0,0,0,0,0
62109,62128,62118,13.9,-105.138,40.1832,153.901,-65.5735,354.314,10.8787,1.37534,62.8956,0.137193,0.000339154,6.51515,2.31248,0.764123,0.563038,0.241302,0.201085,0.201085,0.0603255,0.0201085,0,0,0,0,0,0
62129,62152,62140,14,-105.138,40.186,151.458,-65.2446,356.515,12.3341,1.36714,52.973,0.116242,0.000216754,7.28986,2.56402,1.4077,0.670332,0.2011,0.0837915,0.0670332,0.0335166,0.0167583,0,0,0,0,0,0
62153,62174,62164,14.1,-105.137,40.1888,149.018,-64.7518,359.018,11.6031,1.30606,50.8582,0.11682,0.000209646,6.65341,2.63626,1.16569,0.663548,0.340741,0.0179337,0.0896686,0.0179337,0.0179337,0,0,0,0,0,0
62175,62196,62186,14.2,-105.135,40.191,146.562,-63.7641,362.43,13.319,1.58056,76.3726,0.14496,0.000307451,7.99461,2.81321,1.12846,0.858268,0.301983,0.0317877,0.111257,0.0317877,0.0317877,0,0,0.0158939,0,0,0
62197,62223,62210,14.3,-105.133,40.193,144.15,-63.7974,364.098,13.9701,1.54443,68.0763,0.132236,0.000242182,8.30445,3.2985,1.26766,0.672635,0.258706,0.0776117,0.0388058,0.0258706,0,0.0129353,0.0129353,0,0,0,0
62224,62248,62236,14.4,-105.131,40.1949,141.759,-64.3112,364.948,13.8395,1.61345,65.4881,0.121767,0.000293245,7.86432,3.17652,1.46931,0.671686,0.265876,0.223895,0.111948,0.0419804,0.0139935,0,0,0,0,0,0
62249,62273,62261,14.5,-105.13,40.1967,139.457,-64.4596,366.395,14.1138,1.49363,53.5307,0.107518,0.000189652,8.46827,3.14416,1.36946,0.684728,0.223585,0.153714,0.0558962,0.013974,0,0,0,0,0,0,0
62274,62297,62286,14.6,-105.128,40.1983,137.296,-64.4275,368.085,14.7359,1.67041,65.1448,0.116998,0.000268043,8.00613,3.72749,1.72596,0.725193,0.261069,0.174046,0.0435116,0.0580154,0.0145039,0,0,0,0,0,0
62298,62322,62310,14.7,-105.127,40.1995,135.139,-64.2008,370.166,15.7265,1.8961,80.2948,0.127042,0.000371178,8.53244,3.61095,1.81245,1.0317,0.432199,0.0975933,0.111535,0.0418257,0.0557676,0,0,0,0,0,0
62323,62344,62334,14.8,-105.126,40.2011,132.93,-64.0532,372.173,17.6507,2.3548,105.227,0.134059,0.000497497,7.77075,4.42457,3.01315,1.34799,0.650206,0.206163,0.126869,0.047576,0.047576,0.0158587,0,0,0,0,0
62345,62368,62356,14.9,-105.126,40.2034,130.648,-64.0483,374.021,16.9714,2.33354,114.218,0.146839,0.000473935,6.78549,4.63548,2.94292,1.72306,0.53369,0.167731,0.0914898,0.0304966,0.0152483,0.0304966,0,0.0152483,0,0,0
62369,62396,62382,15,-105.124,40.2067,128.404,-63.8904,376.167,15.971,2.23217,120.523,0.161981,0.000519003,7.34947,3.85462,2.37701,1.51615,0.488252,0.154185,0.0899411,0.0513949,0.0385462,0.0256975,0.0128487,0.0128487,0,0,0
62397,62422,62410,15.1,-105.121,40.2102,126.368,-63.7296,378.181,14.8396,1.8682,79.5912,0.12781,0.000364045,7.01242,3.9136,2.08369,1.06856,0.427424,0.173641,0.0667849,0.040071,0.0534279,0,0,0,0,0,0
62423,62446,62434,15.2,-105.118,40.2131,124.416,-62.9075,381.352,10.3526,1.25269,60.2341,0.144251,0.000223395,5.58002,2.53768,1.16791,0.706514,0.129768,0.129768,0.0576746,0.0144187,0.0144187,0,0,0.0144187,0,0,0
62447,62467,62457,15.3,-105.116,40.2153,122.559,-62.5357,383.671,8.28477,1.03986,42.7628,0.123371,0.000192342,4.13415,1.96002,1.0706,0.592946,0.329414,0.0823536,0.0823536,0.0329414,0,0,0,0,0,0,0
62468,62485,62476,15.4,-105.115,40.2169,120.577,-62.8389,384.914,10.0452,1.33462,61.9184,0.139182,0.000298195,5.0226,2.03983,1.48176,0.962184,0.250168,0.153949,0.0577311,0.0384874,0.0192437,0.0192437,0,0,0,0,0
62486,62506,62496,15.5,-105.114,40.2184,118.569,-63.3724,385.779,10.6363,1.47085,87.7781,0.179035,0.000313325,4.86465,2.9023,1.58307,0.742065,0.313317,0.0989421,0.049471,0.0329807,0.0164903,0,0.0164903,0,0.0164903,0,0
62507,62531,62519,15.6,-105.114,40.2204,116.576,-63.958,386.569,10.7322,1.36547,55.208,0.121294,0.000236362,4.92122,2.69694,1.52919,0.959222,0.361446,0.152919,0.0834106,0.0278035,0,0,0,0,0,0,0
62532,62555,62544,15.7,-105.114,40.2228,114.676,-64.5321,387.329,9.87807,1.2567,60.2469,0.143822,0.000219165,4.8664,2.30973,1.45266,0.755382,0.319585,0.0871595,0.0435797,0.0290532,0,0,0,0.0145266,0,0,0
62556,62578,62567,15.8,-105.115,40.2256,112.789,-65.3532,387.632,10.3369,1.40296,66.0378,0.141211,0.000330718,4.67544,2.63987,1.49487,0.922366,0.365766,0.0636114,0.0318057,0.11132,0.0159029,0.0159029,0,0,0,0,0
62579,62601,62590,15.9,-105.114,40.2284,110.966,-65.4787,389.204,10.5322,1.50906,79.1422,0.157334,0.000413013,4.68098,2.75083,1.4742,0.987868,0.319157,0.136782,0.0303959,0.0759899,0.0303959,0.0455939,0,0,0,0,0
62602,62626,62614,16,-105.113,40.2316,109.082,-65.815,390.487,10.4668,1.47925,84.3754,0.171119,0.000295131,4.60481,2.66056,1.44723,1.111,0.438554,0.131566,0.0146185,0.0146185,0.0146185,0,0.0146185,0,0.0146185,0,0
62627,62650,62638,16.1,-105.111,40.2344,107.342,-66.0652,391.806,11.595,1.61607,82.8979,0.153888,0.000363743,5.0413,3.02478,1.87903,0.947154,0.36664,0.13749,0.122213,0.0152767,0.04583,0,0,0.0152767,0,0,0
62651,62676,62664,16.2,-105.109,40.2372,105.536,-65.9212,393.985,13.0439,1.97015,117.655,0.179156,0.000466658,5.09589,3.6631,2.05458,1.41928,0.44606,0.13517,0.0811018,0.0946187,0.013517,0,0.0270339,0,0.013517,0,0
62677,62700,62688,16.3,-105.106,40.2394,103.734,-65.1274,397.45,17.0529,2.29634,98.5013,0.128685,0.000436751,6.68472,4.88091,2.80425,1.44002,0.879169,0.197055,0.106107,0.0303162,0.0151581,0.0151581,0,0,0,0,0
62701,62719,62710,16.4,-105.104,40.2408,102.185,-64.31,400.723,19.4278,2.70766,139.633,0.154709,0.000550065,7.76743,5.43536,3.45219,1.61592,0.661058,0.238715,0.20199,0,0,0.0183627,0.0367254,0,0,0,0
62720,62744,62732,16.5,-105.103,40.2423,100.437,-64.9129,401.542,19.7045,2.71659,129.107,0.142577,0.000551947,7.89921,5.30002,3.28166,2.09097,0.72603,0.174247,0.116165,0.0435618,0.0435618,0.0145206,0,0.0145206,0,0,0
62745,62769,62757,16.6,-105.102,40.2441,98.7421,-65.0104,403.316,19.8206,2.74929,116.452,0.127072,0.000519476,7.2511,5.43127,3.54091,2.20072,0.902861,0.282144,0.141072,0.0423216,0.0282144,0,0,0,0,0,0
62770,62794,62782,16.7,-105.1,40.2456,97.1432,-64.6824,405.832,17.658,2.5373,115.744,0.136851,0.000555959,5.79962,5.30603,3.55381,1.88796,0.653999,0.185094,0.135736,0.061698,0.061698,0.0123396,0,0,0,0,0
62795,62817,62806,16.8,-105.099,40.2466,95.5917,-65.153,406.788,18.8108,2.7852,127.846,0.137706,0.000617554,6.01893,5.29181,3.87797,2.19482,0.942562,0.215443,0.107721,0.0942562,0.0538607,0.0134652,0,0,0,0,0
62818,62838,62828,16.9,-105.097,40.2472,94.0686,-65.2238,408.522,18.1586,2.65245,123.522,0.139707,0.000593579,6.50941,4.7127,3.54925,1.97344,0.942539,0.220908,0.132545,0.0441815,0.0441815,0.0294544,0,0,0,0,0
62839,62861,62850,17,-105.096,40.248,92.5064,-65.7241,409.486,17.7144,2.70725,147.664,0.163632,0.00063346,5.90948,5.02306,3.48941,2.13867,0.647229,0.196983,0.182913,0.0422106,0.0281404,0.0281404,0.0140702,0,0.0140702,0,0
62862,62884,62873,17.1,-105.095,40.2495,90.9952,-65.9696,410.939,17.0187,2.42058,103.877,0.128743,0.000473821,5.76724,4.75662,3.19354,2.1964,0.646793,0.215598,0.161698,0.0673742,0.0134748,0,0,0,0,0,0
