data/B2SAP/Locations/Boulder/NOAA-POPS-B2SAP_GMLBalloon_20200902_R0.ict
61,1001
Thornberry, T. D.
NOAA Chemical Sciences Laboratory
Portable Optical Particle Spectrometer (POPS)
Balloon Baseline Stratospheric Aerosol Profiles (B2SAP)
1,1
2020,09,02,2024,05,28
0
TIME_START,s,Seconds since midnight UTC on flight start day,Start time of 100 m altitude bin in UTC_seconds_since_midnight
28
1.0,1.0,1.0,1.0,1.0,1.0,1.0,1.0,1.0,1.0,1.0,1.0,1.0,1.0,1.0,1.0,1.0,1.0,1.0,1.0,1.0,1.0,1.0,1.0,1.0,1.0,1.0,1.0
99999,99999,99999,99999,99999,99999,99999,99999,99999,99999,99999,99999,99999,99999,99999,99999,99999,99999,99999,99999,99999,99999,99999,99999,99999,99999,99999,99999
TIME_STOP,s,End time of 100 m altitude bin in UTC seconds since midnight,
TIME_MID,s,Mid time of 100 m altitude in UTC seconds since midnight,
GPSAlt,m,GPS reported altitude above sea level (m),
GPS_Lon,deg,GPS reported longitude,
GPS_Lat,deg,GPS reported latitude,
iMet_Pressure,mb,Pressure reported (mB),
iMet_Temperature,degrees C,Ambient temperature (oC),
THETA,K,Potential temperature from iMet,
Aerosol_concentration,cm^-3,Aerosol concentration,
Surface_Area_Conc,um^2 cm^-3,Surface area concentration,
Volume_density,um^3 cm^-3,Volume density,
Effective_radius,um,Effective radius,
Extinction,km^-1,Extinction,
Bin01,cm^-3,particle concentration in size range [140 - 170 nm],
Bin02,cm^-3,particle concentration in size range [170 - 205 nm],
Bin03,cm^-3,particle concentration in size range [205 - 249 nm],
Bin04,cm^-3,particle concentration in size range [249 - 302 nm],
Bin05,cm^-3,particle concentration in size range [302 - 366 nm],
Bin06,cm^-3,particle concentration in size range [366 - 443 nm],
Bin07,cm^-3,particle concentration in size range [443 - 537 nm],
Bin08,cm^-3,particle concentration in size range [537 - 651 nm],
Bin09,cm^-3,particle concentration in size range [651 - 789 nm],
Bin10,cm^-3,particle concentration in size range [789 - 956 nm],
Bin11,cm^-3,particle concentration in size range [956 - 1159 nm],
Bin12,cm^-3,particle concentration in size range [1159 - 1404 nm],
Bin13,cm^-3,particle concentration in size range [1404 - 1702 nm],
Bin14,cm^-3,particle concentration in size range [1702 - 2062 nm],
Bin15,cm^-3,particle concentration in size range [2062 - 2500 nm],
0
19
PI_CONTACT_INFO: 325 Broadway R/CSL6, Boulder, CO 80305; troy.thornberry@noaa.gov; 303-497-3373 
PLATFORM: GML ECC/FPH balloon
LOCATION: Boulder, CO, USA
ASSOCIATED_DATA: N/A
INSTRUMENT_INFO: Printed Optical Particle Spectrometer counts particles from 140 - 2500 nm in diameter 
DATA_INFO: Particle concentrations reported in number per cubic centimeter, binned to 100 m altitude
UNCERTAINTY: Counting uncertainty dominated by air flow, less than 5 percent
ULOD_FLAG: -77777
ULOD_VALUE: 3000 ~3000 per cm3 (varies depending on flow rate- manufacturer quotes 1250  per cm3 at 1.667 cc/s)
LLOD_FLAG: -88888
LLOD_VALUE: 0 0 (varies depending on data field and measurement precision)
DM_CONTACT_INFO: Troy Thornberry, 325 Broadway R/CSL6, Boulder, CO 80305; troy.thornberry@noaa.gov; 303-497-3373
PROJECT_INFO: B2SAP Boulder, CO, USA
STIPULATIONS_ON_USE: Please contact the PIs for questions regarding applications and uncertainties
OTHER_COMMENTS: POPS bin Edges (nm):  140, 170, 205, 249, 302, 366, 443, 537, 651, 789, 956, 1159, 1404, 1702, 2062, 2500
Calculations assume sulfate refractive index of 1.45+0.00j and extinction wavelength = 532 nm
REVISION: R0
R0: QA/QC data
TIME_START,TIME_STOP,TIME_MID,GPSAlt,GPS_Lon,GPS_Lat,iMet_Pressure,iMet_Temperature,THETA,Aerosol_concentration,Surface_Area_Conc,Volume_density,Effective_radius,Extinction,Bin01,Bin02,Bin03,Bin04,Bin05,Bin06,Bin07,Bin08,Bin09,Bin10,Bin11,Bin12,Bin13,Bin14,Bin15
[from data line 228]
63603,63625,63614,24.5,-104.737,39.6897,27.016,-54.338,614.026,2.05838,0.941837,79.0492,0.251793,0.000571321,0.258915,0.194187,0.297753,0.168295,0.220078,0.362482,0.323644,0.194187,0.0258915,0,0.0129458,0,0,0,0
63626,63646,63636,24.6,-104.738,39.6896,26.6444,-53.8122,617.932,2.35621,0.978422,72.5419,0.222425,0.000579143,0.247256,0.349068,0.159989,0.392701,0.261801,0.29089,0.42179,0.232712,0,0,0,0,0,0,0
63647,63667,63657,24.7,-104.739,39.6894,26.2289,-53.2621,622.271,1.98166,0.87489,67.5788,0.231728,0.000531647,0.279107,0.153509,0.223285,0.153509,0.293062,0.307017,0.41866,0.125598,0.0139553,0.0139553,0,0,0,0,0
63669,63690,63680,24.8,-104.739,39.6891,25.7495,-52.6155,627.399,2.01464,0.786993,58.6652,0.223631,0.000447251,0.228326,0.241757,0.295481,0.255188,0.268619,0.241757,0.402928,0.0402928,0.0268619,0.0134309,0,0,0,0,0
63691,63709,63700,24.9,-104.74,39.6885,25.3528,-52.4394,630.691,2.23572,0.980239,75.8625,0.232176,0.000602113,0.150048,0.300097,0.255082,0.375121,0.225073,0.345111,0.330106,0.195063,0.0600193,0,0,0,0,0,0
63710,63730,63720,25,-104.742,39.6881,24.9705,-52.029,634.614,2.05338,0.945524,81.0378,0.25712,0.000573855,0.205338,0.232716,0.301162,0.205338,0.232716,0.314851,0.342229,0.177959,0.0136892,0.0136892,0.0136892,0,0,0,0
63731,63752,63742,25.1,-104.744,39.6881,24.5325,-51.3755,639.719,2.04795,0.848004,62.8237,0.222253,0.000494254,0.16605,0.249075,0.249075,0.290587,0.304425,0.262912,0.359775,0.138375,0.027675,0,0,0,0,0,0
63753,63771,63762,25.2,-104.746,39.6882,24.0617,-51.2822,643.536,2.00785,0.853763,63.7104,0.223869,0.000510088,0.202341,0.233471,0.233471,0.2646,0.233471,0.233471,0.451377,0.140082,0.0155647,0,0,0,0,0,0
63772,63791,63782,25.3,-104.748,39.6882,23.7047,-51.26,646.359,2.03712,0.957028,74.59,0.233817,0.000580803,0.13481,0.149789,0.179746,0.299577,0.299577,0.434387,0.344514,0.149789,0.0299577,0.0149789,0,0,0,0,0
63792,63810,63801,25.4,-104.749,39.6882,23.4105,-51.2037,648.833,1.95177,0.830266,63.3269,0.228819,0.000504811,0.27234,0.24208,0.10591,0.3026,0.22695,0.28747,0.3026,0.18156,0.03026,0,0,0,0,0,0
63811,63830,63820,25.5,-104.751,39.688,22.997,-51.571,651.066,1.87524,0.703943,48.9067,0.208426,0.00037671,0.203514,0.203514,0.290735,0.261661,0.188978,0.305272,0.348882,0.0726837,0,0,0,0,0,0,0
63831,63849,63840,25.6,-104.752,39.688,22.5624,-51.5812,654.593,1.82701,0.792394,60.6673,0.229686,0.000471771,0.137888,0.155124,0.344719,0.189596,0.224068,0.241304,0.413663,0.103416,0,0.017236,0,0,0,0,0
63850,63868,63859,25.7,-104.754,39.6881,22.2132,-51.6732,657.244,1.71199,0.614076,44.0731,0.215314,0.000335506,0.235595,0.204182,0.267007,0.251301,0.219888,0.219888,0.204182,0.0785316,0.0314126,0,0,0,0,0,0
63869,63887,63878,25.8,-104.757,39.6883,21.8756,-51.64,660.228,1.56143,0.690685,55.6114,0.241549,0.000426318,0.184685,0.100737,0.235054,0.235054,0.134316,0.302212,0.235054,0.0671582,0.0503687,0.0167896,0,0,0,0,0
63888,63907,63898,25.9,-104.759,39.6887,21.5265,-51.7635,662.892,1.98318,0.848459,66.8439,0.236348,0.000498593,0.153735,0.169108,0.230602,0.322843,0.415084,0.245976,0.307469,0.0768674,0.0307469,0.0307469,0,0,0,0,0
63908,63926,63917,26,-104.76,39.6887,21.1122,-51.9828,665.931,1.74674,0.868321,78.0957,0.269816,0.000535279,0.154124,0.205499,0.171249,0.256874,0.119874,0.291123,0.393873,0.102749,0.0171249,0.0171249,0.0171249,0,0,0,0
63927,63947,63937,26.1,-104.762,39.6882,20.663,-51.6755,670.968,2.0747,0.902454,68.427,0.22747,0.000549444,0.298631,0.172891,0.251478,0.172891,0.251478,0.345783,0.3615,0.204326,0.0157174,0,0,0,0,0,0
63948,63967,63958,26.2,-104.763,39.6876,20.3545,-51.564,674.188,1.8631,0.814448,61.9869,0.228327,0.000496697,0.125251,0.266158,0.187876,0.328783,0.156563,0.266158,0.313127,0.203532,0.0156563,0,0,0,0,0,0
63968,63988,63978,26.3,-104.765,39.6872,20.0967,-51.1971,677.77,1.63979,0.607158,43.3648,0.214268,0.000329133,0.178887,0.223608,0.26833,0.178887,0.178887,0.327959,0.193794,0.0596289,0.0298145,0,0,0,0,0,0
63989,64009,63999,26.4,-104.768,39.6869,19.769,-51.3276,680.563,1.36087,0.579285,43.043,0.222911,0.000340861,0.136087,0.151207,0.151207,0.151207,0.181449,0.226811,0.257052,0.0907244,0.0151207,0,0,0,0,0,0
64010,64029,64020,26.5,-104.77,39.6868,19.3975,-51.6275,683.339,1.3072,0.686308,58.9113,0.257514,0.000467815,0.0806916,0.112968,0.19366,0.112968,0.177521,0.19366,0.242075,0.112968,0.0645533,0.0161383,0,0,0,0,0
64030,64048,64039,26.6,-104.773,39.687,19.0926,-52.1579,684.791,1.63639,0.768289,63.3965,0.247549,0.000502777,0.191492,0.156675,0.191492,0.261126,0.121859,0.191492,0.313351,0.156675,0.0348167,0.0174084,0,0,0,0,0
64049,64068,64058,26.7,-104.775,39.6875,18.7469,-52.2981,687.946,1.55616,0.541576,38.695,0.214347,0.000295335,0.290484,0.248986,0.207488,0.103744,0.165991,0.290484,0.145242,0.0829953,0.0207488,0,0,0,0,0,0
64069,64088,64078,26.8,-104.778,39.6879,18.5158,-52.6895,689.161,1.6162,0.59658,45.2039,0.227315,0.000342045,0.359155,0.16162,0.197535,0.16162,0.197535,0.179577,0.269366,0.071831,0,0.0179577,0,0,0,0,0
64089,64107,64098,26.9,-104.779,39.6881,18.0994,-52.7924,693.336,1.50762,0.686124,59.2412,0.259025,0.000446345,0.201016,0.221118,0.160813,0.160813,0.140711,0.221118,0.281422,0.0402032,0.0402032,0.0402032,0,0,0,0,0
64109,64126,64118,27,-104.781,39.6879,17.7287,-52.7193,697.673,1.50449,0.605067,45.9795,0.227972,0.000371605,0.162022,0.300899,0.162022,0.208314,0.138876,0.0462921,0.370337,0.0925842,0.023146,0,0,0,0,0,0
64127,64146,64136,27.1,-104.782,39.6875,17.5037,-52.6147,700.566,1.49637,0.547043,37.7186,0.20685,0.000286037,0.110842,0.166263,0.240158,0.258632,0.258632,0.166263,0.203211,0.0923684,0,0,0,0,0,0,0
64147,64168,64158,27.2,-104.784,39.6872,17.3436,-52.395,703.099,1.58784,0.647846,47.2089,0.218612,0.000371394,0.163694,0.212803,0.196433,0.147325,0.180064,0.278281,0.327389,0.0654778,0.0163694,0,0,0,0,0,0
64169,64189,64179,27.3,-104.787,39.6871,17.0447,-51.7995,708.508,1.47444,0.544415,39.7274,0.218918,0.000308811,0.24574,0.24574,0.113419,0.189031,0.170128,0.207934,0.189031,0.0945155,0.0189031,0,0,0,0,0,0
64190,64208,64199,27.4,-104.789,39.6871,16.72,-51.7822,712.461,1.46288,0.407901,25.4909,0.187478,0.000180187,0.243814,0.264132,0.162543,0.325085,0.182861,0.101589,0.142225,0.0406357,0,0,0,0,0,0,0
64210,64229,64220,27.5,-104.791,39.6873,16.4086,-51.621,716.829,1.65099,0.574315,40.4453,0.211271,0.000307202,0.245892,0.228328,0.210765,0.228328,0.263456,0.175637,0.193201,0.0878186,0.0175637,0,0,0,0,0,0
64230,64250,64240,27.6,-104.793,39.6871,16.1625,-51.095,721.63,1.32881,0.47353,33.8183,0.214252,0.000255368,0.221468,0.184556,0.110734,0.221468,0.129189,0.221468,0.203012,0,0.0369113,0,0,0,0,0,0
64251,64270,64260,27.7,-104.795,39.6865,15.9287,-50.726,725.852,1.08317,0.374497,26.564,0.212797,0.000199436,0.20152,0.10076,0.15114,0.15114,0.15114,0.15114,0.12595,0.02519,0.02519,0,0,0,0,0,0
64271,64290,64280,27.8,-104.798,39.6861,15.6668,-50.2511,730.849,1.72678,0.646933,45.0313,0.208822,0.000345766,0.317568,0.158784,0.138936,0.178632,0.238176,0.357264,0.258024,0.079392,0,0,0,0,0,0,0
64291,64316,64304,27.9,-104.801,39.686,15.3504,-50.067,735.741,1.46615,0.45671,31.5498,0.207242,0.000235987,0.21659,0.283233,0.249912,0.233251,0.116625,0.133286,0.149947,0.0666431,0.0166608,0,0,0,0,0,0
64317,64346,64332,28,-104.804,39.6863,15.0339,-49.7311,741.241,1.3852,0.436574,30.4806,0.209453,0.000212882,0.235483,0.221631,0.193927,0.180075,0.166223,0.235483,0.110816,0.0277039,0,0.013852,0,0,0,0,0
64347,64421,64384,28.1,-104.808,39.6864,14.7371,-47.0469,754.443,1.18626,0.476589,66.4017,0.417981,0.000263338,0.258929,0.204735,0.15054,0.18667,0.120432,0.102367,0.0662377,0.0602161,0.0240864,0,0,0.00602161,0,0,0.00602161
57662,67432,62547,14.2,-104.631,40.1031,167.41,-61.2186,359.937,14.0716,3.44569,244.843,0.213173,0.00151608,3.81106,3.01845,2.32355,1.81324,1.10749,0.803472,0.71661,0.314874,0.0651463,0.0651463,0.0217154,0,0.0108577,0,0
57663,67503,62583,14,-104.605,40.1009,172.748,-59.8174,358.907,13.0531,2.88576,184.68,0.191991,0.00113815,3.89263,2.83206,1.88804,1.72488,1.03726,0.827475,0.571074,0.198128,0.0233092,0.0466183,0,0,0.0116546,0,0
57664,67770,62717,13.2,-104.491,40.0361,194.006,-55.8212,352.578,13.497,3.19901,252.71,0.236988,0.00133403,3.48879,3.03067,2.41983,1.69153,0.998475,0.83402,0.775287,0.152708,0.0587338,0.0352403,0,0,0,0,0.0117468
57664,67940,62802,12.7,-104.437,39.9674,207.127,-54.105,347.823,13.48,3.04612,200.325,0.197292,0.00123337,3.68535,2.98338,2.38012,1.61234,1.15167,0.778749,0.537447,0.219366,0.0658098,0.0438732,0.0219366,0,0,0,0
57665,67871,62768,12.9,-104.473,39.9962,201.79,-54.8814,349.571,14.5992,3.27547,212.247,0.194396,0.00134274,4.3458,3.06696,2.46715,1.81075,0.995913,0.679031,0.928009,0.192392,0.0679031,0.0226344,0.0226344,0,0,0,0
57666,67802,62734,13.1,-104.51,40.036,197.3,-55.8542,350.811,13.8839,3.24832,224.783,0.207599,0.00133931,3.87345,3.11087,2.19092,1.80358,1.00468,0.823109,0.702064,0.2663,0.0363136,0.0363136,0.0121045,0.0121045,0.0121045,0,0
57667,58082,57874,1.7,-105.197,39.9491,825.825,21.6083,311.325,242.251,59.21,4162.06,0.21088,0.0246916,57.8806,51.1092,42.8776,32.1258,21.9864,15.6861,14.4731,4.82829,0.647697,0.247303,0.164868,0.0824342,0.035329,0.0588816,0.0471053
57714,58309,58012,1.8,-105.197,39.9492,825.943,21.2899,310.976,252.479,60.4736,4112.6,0.204019,0.0248065,62.5824,53.4242,43.4114,33.1459,23.2548,16.2953,14.4454,4.46788,0.745714,0.312048,0.160024,0.0832127,0.0752115,0.0544083,0.0208032
64416,64462,64439,28.1,-104.813,39.6869,14.7455,-43.5343,766.023,1.13944,0.38474,28.1491,0.219492,0.000214965,0.185037,0.175298,0.185037,0.204514,0.0876489,0.116865,0.0681714,0.0973877,0.0194775,0,0,0,0,0,0
64463,64488,64476,28,-104.816,39.6871,15.0265,-45.8735,754.134,1.36787,0.45385,30.6215,0.202411,0.000230471,0.337747,0.135099,0.118211,0.135099,0.185761,0.236423,0.168873,0.050662,0,0,0,0,0,0,0
64489,64513,64501,27.9,-104.819,39.6876,15.2573,-43.8891,757.424,1.21443,0.382315,26.3054,0.206417,0.000201173,0.277585,0.190839,0.138792,0.17349,0.104094,0.104094,0.156141,0.0693961,0,0,0,0,0,0,0
64514,64536,64525,27.8,-104.822,39.6878,15.5519,-46.9338,743.289,1.33827,0.465501,33.2268,0.214136,0.000249864,0.183324,0.109994,0.256654,0.238321,0.201656,0.146659,0.0733296,0.109994,0.0183324,0,0,0,0,0,0
64537,64559,64548,27.7,-104.825,39.6874,15.8315,-45.849,743.067,1.24177,0.367017,23.2425,0.189984,0.000168027,0.248354,0.171937,0.191042,0.0764166,0.267458,0.114625,0.152833,0.0191042,0,0,0,0,0,0,0
64560,64580,64570,27.6,-104.828,39.687,16.0461,-48.6883,730.962,1.30672,0.538366,40.2336,0.224198,0.000319997,0.189685,0.147533,0.10538,0.147533,0.231837,0.168609,0.147533,0.168609,0,0,0,0,0,0,0
64581,64601,64591,27.5,-104.83,39.6868,16.3132,-47.8468,730.254,1.24527,0.437145,30.2161,0.207364,0.000231391,0.217428,0.138363,0.118597,0.237194,0.118597,0.158129,0.197662,0.0592985,0,0,0,0,0,0,0
64601,64618,64610,27.4,-104.832,39.6871,16.6021,-48.6793,723.909,1.47191,0.514276,36.6847,0.213998,0.00028678,0.294382,0.13381,0.187334,0.347905,0.0535239,0.107048,0.240858,0.107048,0,0,0,0,0,0,0
64619,64636,64628,27.3,-104.834,39.6872,16.84,-48.5081,721.524,1.43579,0.576553,43.8783,0.228314,0.000348167,0.231578,0.138947,0.20842,0.185263,0.138947,0.185263,0.185263,0.138947,0.0231578,0,0,0,0,0,0
64637,64652,64644,27.2,-104.836,39.6871,17.12,-49.6013,714.641,1.15337,0.455656,35.0569,0.230812,0.000283686,0.207606,0.230673,0.0922694,0.115337,0.069202,0.0922694,0.253741,0.069202,0.0230673,0,0,0,0,0,0
64654,64668,64661,27.1,-104.837,39.6869,17.3914,-50.2264,709.444,0.999051,0.385642,27.4715,0.213707,0.000212879,0.157745,0.0262908,0.184036,0.105163,0.157745,0.157745,0.131454,0.0788724,0,0,0,0,0,0,0
64669,64685,64677,27,-104.839,39.6867,17.7206,-50.5337,704.679,1.38238,0.432576,29.1227,0.201971,0.000219004,0.294606,0.181296,0.22662,0.11331,0.203958,0.135972,0.158634,0.0679859,0,0,0,0,0,0,0
64685,64700,64692,26.9,-104.84,39.6866,18.0129,-49.9464,703.248,1.43924,0.618019,48.3528,0.234715,0.000391767,0.257007,0.128503,0.128503,0.231306,0.128503,0.128503,0.257007,0.154204,0.0257007,0,0,0,0,0,0
64700,64716,64708,26.8,-104.841,39.6867,18.3107,-50.4973,698.236,1.44606,0.57948,42.0624,0.21776,0.000332765,0.260766,0.142236,0.142236,0.142236,0.0948239,0.308178,0.260766,0.0948239,0,0,0,0,0,0,0
64717,64731,64724,26.7,-104.843,39.6871,18.6367,-50.018,696.216,1.45396,0.482056,30.801,0.191685,0.000221331,0.164157,0.117255,0.187608,0.281412,0.304863,0.187608,0.187608,0.023451,0,0,0,0,0,0,0
64732,64746,64739,26.6,-104.845,39.6875,18.9779,-50.5386,691,1.6062,0.594834,40.7618,0.205579,0.000313565,0.200775,0.175678,0.225872,0.200775,0.175678,0.250969,0.351357,0.0250969,0,0,0,0,0,0,0
64747,64760,64754,26.5,-104.847,39.6876,19.3262,-50.1738,688.549,1.83308,0.858347,78.372,0.273917,0.000495155,0.161742,0.215656,0.242613,0.26957,0.188699,0.26957,0.296527,0.161742,0,0,0.026957,0,0,0,0
64761,64774,64768,26.4,-104.849,39.6876,19.5986,-50.3086,685.385,1.47261,0.522761,36.9667,0.212143,0.000285047,0.196348,0.245435,0.147261,0.245435,0.196348,0.147261,0.171805,0.122718,0,0,0,0,0,0,0
64775,64787,64781,26.3,-104.85,39.6875,19.9308,-51.4308,678.669,1.98923,0.765389,55.8868,0.219053,0.000429745,0.318277,0.185661,0.212184,0.265231,0.265231,0.397846,0.159138,0.159138,0.0265231,0,0,0,0,0,0
64788,64801,64794,26.2,-104.851,39.6872,20.3469,-49.53,680.453,1.91901,0.691716,47.2706,0.205015,0.000356635,0.155595,0.233393,0.285258,0.31119,0.337123,0.233393,0.259325,0.10373,0,0,0,0,0,0,0
64803,64815,64809,26.1,-104.853,39.6869,20.67,-50.493,674.484,1.17167,0.479634,36.1063,0.225836,0.000290913,0.133906,0.133906,0.234335,0.133906,0.0669528,0.133906,0.200858,0.133906,0,0,0,0,0,0,0
64816,64827,64822,26,-104.854,39.6867,20.8967,-50.5242,672.292,1.33646,0.594326,43.5304,0.21973,0.00034457,0.0835286,0.167057,0.0556858,0.167057,0.250586,0.250586,0.250586,0.111372,0,0,0,0,0,0,0
64828,64839,64834,25.9,-104.855,39.6869,21.2367,-49.2167,673.128,1.35583,0.605301,46.5867,0.230894,0.000373589,0.135583,0.135583,0.135583,0.216932,0.135583,0.189816,0.271165,0.108466,0.0271165,0,0,0,0,0,0
64840,64850,64845,25.8,-104.856,39.6874,21.678,-50.785,664.494,1.31517,0.5927,48.1016,0.24347,0.000355854,0.128309,0.0320772,0.288695,0.128309,0.128309,0.320772,0.192463,0.0641545,0,0.0320772,0,0,0,0,0
64851,64863,64857,25.7,-104.857,39.6878,22.0658,-51.2783,659.673,1.81666,0.67501,47.2708,0.210089,0.000362124,0.24044,0.187009,0.24044,0.160293,0.400734,0.24044,0.213725,0.133578,0,0,0,0,0,0,0
64864,64876,64870,25.6,-104.859,39.688,22.445,-51.3642,656.212,1.65045,0.650548,46.9675,0.21659,0.000372012,0.212961,0.186341,0.212961,0.186341,0.239581,0.159721,0.346062,0.106481,0,0,0,0,0,0,0
64876,64890,64883,25.5,-104.86,39.6881,22.8757,-50.8414,654.194,1.69877,0.688455,51.363,0.223818,0.000405856,0.178818,0.223523,0.201171,0.335284,0.0670568,0.312932,0.156466,0.223523,0,0,0,0,0,0,0
64891,64905,64898,25.4,-104.861,39.6882,23.2071,-47.8671,660.232,1.91262,0.762939,58.6417,0.230589,0.00044245,0.307778,0.197858,0.175873,0.285794,0.219842,0.351747,0.197858,0.153889,0,0.0219842,0,0,0,0,0
64906,64919,64912,25.3,-104.862,39.6884,23.6069,-48.3615,655.576,1.58447,0.767927,62.3165,0.243447,0.000490655,0.165542,0.118244,0.21284,0.141893,0.141893,0.283786,0.354733,0.141893,0,0.0236489,0,0,0,0,0
64920,64933,64926,25.2,-104.863,39.6886,23.9938,-50.3885,646.65,1.76816,0.96287,84.6026,0.263595,0.000658821,0.21218,0.0943021,0.141453,0.141453,0.259331,0.306482,0.377208,0.141453,0.047151,0.047151,0,0,0,0,0
64934,64947,64940,25.1,-104.865,39.6889,24.3769,-50.2977,643.997,2.20089,1.10217,90.2045,0.245528,0.000714598,0.163896,0.140482,0.257551,0.351205,0.163896,0.398033,0.468274,0.187309,0.0468274,0.0234137,0,0,0,0,0
64948,64962,64955,25,-104.866,39.6892,24.8293,-50.006,641.461,2.03959,0.898669,68.5496,0.228837,0.000541822,0.239952,0.0799841,0.259948,0.29994,0.29994,0.29994,0.39992,0.0999801,0.0599881,0,0,0,0,0,0
