data/B2SAP/Locations/Boulder/NOAA-POPS-B2SAP_GMLBalloon_20210104_R0.ict
61,1001
Thornberry, T. D.
NOAA Chemical Sciences Laboratory
Portable Optical Particle Spectrometer (POPS)
Balloon Baseline Stratospheric Aerosol Profiles (B2SAP)
1,1
2021,01,04,2024,05,30
0
TIME_START,s,Seconds since midnight UTC on flight start day,Start time of 100 m altitude bin in UTC_seconds_since_midnight
28
1.0,1.0,1.0,1.0,1.0,1.0,1.0,1.0,1.0,1.0,1.0,1.0,1.0,1.0,1.0,1.0,1.0,1.0,1.0,1.0,1.0,1.0,1.0,1.0,1.0,1.0,1.0,1.0
99999,99999,99999,99999,99999,99999,99999,99999,99999,99999,99999,99999,99999,99999,99999,99999,99999,99999,99999,99999,99999,99999,99999,99999,99999,99999,99999,99999
TIME_STOP,s,End time of 100 m altitude bin in UTC seconds since midnight,
TIME_MID,s,Mid time of 100 m altitude in UTC seconds since midnight,
GPSAlt,m,GPS reported altitude above sea level (m),
GPS_Lon,deg,GPS reported longitude,
GPS_Lat,deg,GPS reported latitude,
iMet_Pressure,mb,Pressure reported (mB),
iMet_Temperature,degrees C,Ambient temperature (oC),
THETA,K,Potential temperature from iMet,
Aerosol_concentration,cm^-3,Aerosol concentration,
Surface_Area_Conc,um^2 cm^-3,Surface area concentration,
Volume_density,um^3 cm^-3,Volume density,
Effective_radius,um,Effective radius,
Extinction,km^-1,Extinction,
Bin01,cm^-3,particle concentration in size range [140 - 170 nm],
Bin02,cm^-3,particle concentration in size range [170 - 205 nm],
Bin03,cm^-3,particle concentration in size range [205 - 249 nm],
Bin04,cm^-3,particle concentration in size range [249 - 302 nm],
Bin05,cm^-3,particle concentration in size range [302 - 366 nm],
Bin06,cm^-3,particle concentration in size range [366 - 443 nm],
Bin07,cm^-3,particle concentration in size range [443 - 537 nm],
Bin08,cm^-3,particle concentration in size range [537 - 651 nm],
Bin09,cm^-3,particle concentration in size range [651 - 789 nm],
Bin10,cm^-3,particle concentration in size range [789 - 956 nm],
Bin11,cm^-3,particle concentration in size range [956 - 1159 nm],
Bin12,cm^-3,particle concentration in size range [1159 - 1404 nm],
Bin13,cm^-3,particle concentration in size range [1404 - 1702 nm],
Bin14,cm^-3,particle concentration in size range [1702 - 2062 nm],
Bin15,cm^-3,particle concentration in size range [2062 - 2500 nm],
0
19
PI_CONTACT_INFO: 325 Broadway R/CSL6, Boulder, CO 80305; troy.thornberry@noaa.gov; 303-497-3373 
PLATFORM: GML ECC/FPH balloon
LOCATION: Boulder, CO, USA
ASSOCIATED_DATA: N/A
INSTRUMENT_INFO: Printed Optical Particle Spectrometer counts particles from 140 - 2500 nm in diameter 
DATA_INFO: Particle concentrations reported in number per cubic centimeter, binned to 100 m altitude
UNCERTAINTY: Counting uncertainty dominated by air flow, less than 5 percent
ULOD_FLAG: -77777
ULOD_VALUE: 3000 ~3000 per cm3 (varies depending on flow rate- manufacturer quotes 1250  per cm3 at 1.667 cc/s)
LLOD_FLAG: -88888
LLOD_VALUE: 0 0 (varies depending on data field and measurement precision)
DM_CONTACT_INFO: Troy Thornberry, 325 Broadway R/CSL6, Boulder, CO 80305; troy.thornberry@noaa.gov; 303-497-3373
PROJECT_INFO: B2SAP Boulder, CO, USA
STIPULATIONS_ON_USE: Please contact the PIs for questions regarding applications and uncertainties
OTHER_COMMENTS: POPS bin Edges (nm):  140, 170, 205, 249, 302, 366, 443, 537, 651, 789, 956, 1159, 1404, 1702, 2062, 2500
Calculations assume sulfate refractive index of 1.45+0.00j and extinction wavelength = 532 nm
REVISION: R0
R0: QA/QC data
TIME_START,TIME_STOP,TIME_MID,GPSAlt,GPS_Lon,GPS_Lat,iMet_Pressure,iMet_Temperature,THETA,Aerosol_concentration,Surface_Area_Conc,Volume_density,Effective_radius,Extinction,Bin01,Bin02,Bin03,Bin04,Bin05,Bin06,Bin07,Bin08,Bin09,Bin10,Bin11,Bin12,Bin13,Bin14,Bin15
[from data line 153]
63747,63780,63764,17,-104.308,39.5524,87.8968,-65.9226,415.116,7.06126,1.37754,89.548,0.195017,0.000600167,2.95629,1.70076,0.899353,0.43632,0.427415,0.133567,0.267135,0.151376,0.0534269,0.035618,0,0,0,0,0
63781,63810,63796,17.1,-104.299,39.5506,86.4486,-65.8852,417.172,7.22288,1.41069,100.301,0.213302,0.000624343,3.5644,1.49475,0.752601,0.365848,0.355395,0.177698,0.282226,0.135886,0.0313584,0.052264,0,0.0104528,0,0,0
63811,63833,63822,17.2,-104.294,39.5489,85.0526,-64.3591,422.197,6.99234,1.4497,101.333,0.209698,0.000625692,2.66624,1.82977,0.875676,0.496652,0.379024,0.248326,0.274466,0.117628,0.065349,0.0261396,0,0.0130698,0,0,0
63833,63856,63844,17.3,-104.29,39.5479,83.7183,-62.5804,427.725,6.84511,1.4404,90.4729,0.188433,0.000609016,2.45489,1.57165,0.948184,0.584497,0.415642,0.324721,0.376676,0.116899,0.0259776,0.0259776,0,0,0,0,0
63857,63877,63867,17.4,-104.287,39.5473,82.419,-62.9043,428.981,7.02714,1.67091,113.194,0.203233,0.000796719,2.35182,1.4876,0.963398,0.651711,0.566705,0.29752,0.439196,0.155844,0.0850057,0.0283352,0,0,0,0,0
63878,63902,63890,17.5,-104.284,39.5471,81.042,-62.5556,431.76,7.02119,1.58819,99.0591,0.187117,0.000684836,1.97696,1.66544,1.21014,0.563133,0.670967,0.371428,0.31152,0.179723,0.0718893,0,0,0,0,0,0
63903,63923,63913,17.6,-104.282,39.547,79.793,-62.42,433.964,6.62996,1.91481,140.995,0.220903,0.00100269,1.88148,1.17966,1.13486,0.477835,0.537565,0.373309,0.657023,0.313579,0.0597294,0,0.0149324,0,0,0,0
63924,63945,63934,17.7,-104.279,39.5473,78.4971,-62.7295,435.359,6.53933,1.73591,123.158,0.212842,0.000869789,1.82197,1.25702,1.00279,0.748562,0.621448,0.395467,0.381343,0.169486,0.0988667,0.0423714,0,0,0,0,0
63946,63964,63955,17.8,-104.277,39.5476,77.2263,-63.4689,435.849,6.33074,1.54905,99.4041,0.192513,0.000678804,1.61803,1.36669,0.879705,0.754033,0.769742,0.439853,0.298471,0.125672,0.0628361,0.015709,0,0,0,0,0
63966,63985,63976,17.9,-104.273,39.548,75.9715,-63.6375,437.553,6.22102,1.70802,122.845,0.215768,0.000817495,1.5403,1.25617,0.912217,0.657992,0.762673,0.403768,0.388814,0.224316,0.0448631,0.0149544,0.0149544,0,0,0,0
63986,64005,63996,18,-104.27,39.5485,74.7255,-63.818,439.241,6.32516,1.79743,132.804,0.221657,0.000876985,1.60509,1.14261,0.952174,0.748137,0.612112,0.48969,0.503292,0.176832,0.0680124,0.0136025,0,0,0.0136025,0,0
64006,64028,64017,18.1,-104.266,39.549,73.4361,-63.8013,441.464,5.91796,1.5917,105.55,0.198938,0.000736642,1.1742,1.13897,1.08026,0.728004,0.810197,0.340518,0.446196,0.129162,0.046968,0.023484,0,0,0,0,0
64029,64055,64042,18.2,-104.261,39.5496,72.2315,-63.4519,444.303,5.81538,1.51475,101.927,0.201868,0.000686494,1.45384,1.22481,0.87629,0.537723,0.707007,0.36844,0.458061,0.149368,0.0298735,0,0.00995784,0,0,0,0
64056,64082,64069,18.3,-104.255,39.5506,71.0696,-61.9881,449.476,5.64446,1.58354,104.073,0.197165,0.000749514,1.18623,1.03795,0.919326,0.553573,0.790818,0.41518,0.573343,0.128508,0.0296557,0.00988523,0,0,0,0,0
64083,64107,64095,18.4,-104.25,39.5509,69.9058,-60.5767,454.622,5.33524,1.46612,93.5032,0.191328,0.000677139,1.17088,1.08251,0.740084,0.508118,0.662762,0.497072,0.508118,0.165691,0,0,0,0,0,0,0
64108,64132,64120,18.5,-104.246,39.551,68.7952,-60.0376,457.868,5.44166,1.55448,110.887,0.214002,0.000746648,1.12221,1.02693,0.95282,0.582279,0.730496,0.349368,0.486997,0.116456,0.0423476,0.0211738,0.0105869,0,0,0,0
64133,64154,64144,18.6,-104.243,39.5511,67.7459,-59.7918,460.405,5.12109,1.53642,109.591,0.213986,0.000789482,1.04586,0.949686,0.769366,0.661174,0.577025,0.420747,0.456811,0.156278,0.0480854,0.036064,0,0,0,0,0
64156,64176,64166,18.7,-104.24,39.5511,66.6352,-60.0986,461.927,5.22243,1.43557,99.3331,0.207583,0.000661919,1.17033,1.01932,0.75505,0.666961,0.679545,0.314604,0.390109,0.201347,0.0125842,0,0.0125842,0,0,0,0
64177,64195,64186,18.8,-104.237,39.551,65.6305,-60.7189,462.583,5.49492,1.40395,89.4378,0.191113,0.000622603,1.31431,1.1605,0.741045,0.685117,0.615207,0.405477,0.433441,0.111856,0.013982,0.013982,0,0,0,0,0
64196,64217,64206,18.9,-104.234,39.551,64.51,-60.9127,464.436,5.26102,1.56313,108.645,0.208515,0.000804018,0.989458,1.20666,0.748127,0.494729,0.687794,0.361997,0.482662,0.229265,0.0482662,0.0120666,0,0,0,0,0
64218,64236,64227,19,-104.232,39.551,63.483,-60.715,467.015,6.03133,1.88396,144.546,0.230174,0.000907158,1.13171,0.985251,0.931994,0.785538,0.945308,0.465997,0.50594,0.213027,0.0266284,0.0133142,0.0133142,0,0.0133142,0,0
64237,64258,64248,19.1,-104.229,39.5509,62.4582,-61.2041,468.103,5.18673,1.45998,97.9039,0.201176,0.000683178,0.981601,0.90889,0.969482,0.533215,0.787704,0.460504,0.387793,0.0848297,0.0484741,0.0242371,0,0,0,0,0
64260,64277,64268,19.2,-104.226,39.551,61.4833,-61.3628,469.86,5.81022,1.77237,121.795,0.206156,0.000896431,1.10882,1.10882,0.739214,0.709645,0.768782,0.532234,0.547018,0.251333,0.0295685,0.0147843,0,0,0,0,0
64278,64295,64286,19.3,-104.225,39.5516,60.4189,-61.3817,472.173,5.15854,1.31243,82.0255,0.187497,0.000571724,1.18929,1.04063,0.758171,0.624376,0.654109,0.386519,0.386519,0.0743305,0.0445983,0,0,0,0,0,0
64296,64319,64308,19.4,-104.222,39.5525,59.4954,-60.845,475.45,4.68025,1.25067,79.0623,0.189648,0.000560605,0.940476,0.840896,0.874089,0.531092,0.630672,0.331933,0.387255,0.121709,0.0221288,0,0,0,0,0,0
64320,64347,64334,19.5,-104.218,39.5527,58.5157,-60.8236,477.77,4.89865,1.50103,104.633,0.209121,0.000758498,0.894123,0.856075,0.741931,0.58974,0.694372,0.456573,0.466085,0.114143,0.0665836,0.0190239,0,0,0,0,0
64348,64375,64362,19.6,-104.214,39.5522,57.5714,-61.3666,478.76,4.47097,1.23822,80.6268,0.195345,0.000570335,0.942229,0.74824,0.739003,0.545015,0.591202,0.415689,0.332551,0.129325,0.0184751,0.00923754,0,0,0,0,0
64376,64407,64392,19.7,-104.21,39.551,56.6939,-61.1677,481.319,5.01249,1.46857,100.394,0.205085,0.000723977,0.981828,0.904316,0.826803,0.499527,0.766515,0.396176,0.413401,0.163638,0.0430626,0.0172251,0,0,0,0,0
64408,64434,64421,19.8,-104.208,39.5498,55.7359,-60.2256,485.824,4.40509,1.24097,81.8665,0.19791,0.00058771,0.936205,0.798238,0.719399,0.443465,0.551868,0.404046,0.413901,0.108403,0.0197096,0.00985479,0,0,0,0,0
64435,64461,64448,19.9,-104.207,39.5494,54.8815,-59.5656,489.475,4.27809,1.10795,69.1163,0.187147,0.000485278,0.951777,0.843844,0.627977,0.470983,0.667225,0.294364,0.264928,0.147182,0.00981214,0,0,0,0,0,0
64462,64484,64473,20,-104.207,39.5493,53.983,-59.8609,491.12,3.89975,1.13927,74.3116,0.195682,0.000534466,0.703802,0.657651,0.623038,0.438434,0.588425,0.426896,0.334594,0.0923019,0.0346132,0,0,0,0,0,0
64485,64508,64496,20.1,-104.206,39.5495,53.1008,-60.7237,491.435,4.56433,1.34172,94.2357,0.210705,0.000655779,0.841964,0.908434,0.642551,0.587159,0.631473,0.465296,0.28804,0.14402,0.0110785,0.0443139,0,0,0,0,0
64509,64532,64520,20.2,-104.205,39.5501,52.2775,-61.3525,492.167,4.47072,1.22845,79.8719,0.195055,0.000568241,1.08145,0.780426,0.613192,0.445958,0.613192,0.401362,0.42366,0.0891915,0.0111489,0.0111489,0,0,0,0,0
64533,64555,64544,20.3,-104.204,39.551,51.4104,-61.9239,493.203,4.49054,1.19284,74.502,0.187374,0.000521399,0.977217,0.872515,0.546776,0.465341,0.860882,0.325739,0.314105,0.104702,0.0232671,0,0,0,0,0,0
64556,64580,64568,20.4,-104.202,39.5521,50.5736,-61.7628,495.892,4.0782,1.09025,66.6103,0.183289,0.000465169,0.729005,0.781832,0.665614,0.475438,0.665614,0.306394,0.380351,0.0739571,0,0,0,0,0,0,0
64581,64605,64593,20.5,-104.199,39.5527,49.7367,-60.2587,501.807,4.0119,1.10134,70.3092,0.191519,0.00050407,0.927374,0.69553,0.514088,0.493927,0.564488,0.352805,0.322565,0.131042,0.0100801,0,0,0,0,0,0
64606,64634,64620,20.6,-104.194,39.5529,48.869,-59.8393,505.335,3.67581,0.879323,56.2952,0.192063,0.000365695,0.916943,0.772162,0.587165,0.369994,0.522818,0.289561,0.128694,0.0482601,0.0160867,0.0241301,0,0,0,0,0
64635,64662,64648,20.7,-104.188,39.5525,48.0979,-58.8117,510.074,3.86468,0.899457,54.1787,0.180705,0.000354387,0.9912,0.740897,0.630763,0.480582,0.450545,0.320388,0.180218,0.0500606,0.0100121,0.0100121,0,0,0,0,0
64662,64686,64674,20.8,-104.183,39.5515,47.3671,-57.2925,515.951,3.45078,0.809567,46.8605,0.17365,0.000310523,0.904959,0.487286,0.6464,0.417674,0.507175,0.228726,0.198892,0.0596676,0,0,0,0,0,0,0
64687,64709,64698,20.9,-104.179,39.5501,46.666,-57.295,518.143,3.68815,0.847323,48.4473,0.171531,0.000315599,0.927985,0.642451,0.55917,0.547273,0.523479,0.249842,0.166561,0.0713835,0,0,0,0,0,0,0
64710,64729,64720,21,-104.176,39.5488,45.8905,-57.6637,519.733,3.5691,0.85513,50.9366,0.178698,0.000349879,0.86714,0.741467,0.552959,0.402152,0.452421,0.201076,0.289047,0.0628362,0,0,0,0,0,0,0
64730,64746,64738,21.1,-104.175,39.5479,45.2082,-57.65,522.009,3.70504,0.903168,55.2779,0.183613,0.00038229,0.912225,0.63154,0.771882,0.378924,0.421027,0.280685,0.154376,0.154376,0,0,0,0,0,0,0
64747,64761,64754,21.2,-104.173,39.5474,44.526,-57.242,525.265,4.06296,1.01815,60.0116,0.176826,0.000402467,0.876325,0.685127,0.605461,0.541728,0.716993,0.318664,0.238998,0.0796659,0,0,0,0,0,0,0
64762,64775,64768,21.3,-104.171,39.5471,43.8769,-57.4608,526.938,3.84749,1.03162,62.5857,0.182003,0.00043267,0.699543,0.717952,0.717952,0.312953,0.533862,0.515453,0.294544,0.0552271,0,0,0,0,0,0,0
64775,64788,64782,21.4,-104.17,39.547,43.2238,-57.7592,528.477,3.36293,0.769478,43.4546,0.169419,0.000284475,0.937211,0.514547,0.477794,0.532924,0.404287,0.22052,0.27565,0,0,0,0,0,0,0,0
64789,64800,64794,21.5,-104.169,39.5471,42.5233,-58.4642,529.202,3.55679,0.847413,49.398,0.174878,0.000327435,0.843983,0.683225,0.482276,0.482276,0.542561,0.281328,0.160759,0.0803794,0,0,0,0,0,0,0
64800,64813,64806,21.6,-104.168,39.5475,41.7731,-59.1315,530.257,3.28089,0.90962,58.3635,0.192488,0.000419384,0.759979,0.537546,0.42633,0.389258,0.51901,0.240969,0.315113,0.0741443,0.0185361,0,0,0,0,0,0
64814,64826,64820,21.7,-104.167,39.548,41.1157,-59.87,530.823,3.41205,0.920419,60.9314,0.198599,0.000435015,0.762083,0.710123,0.467642,0.329081,0.588882,0.225161,0.155881,0.12124,0.0519602,0,0,0,0,0,0
64827,64843,64835,21.8,-104.166,39.5488,40.47,-59.5988,533.904,3.76677,0.979696,62.0236,0.189927,0.000424069,0.862273,0.710997,0.589976,0.393317,0.484083,0.363062,0.302552,0.0453828,0,0.0151276,0,0,0,0,0
64844,64859,64852,21.9,-104.164,39.5495,39.7906,-58.7225,538.704,3.41132,0.853267,51.1475,0.179829,0.00034919,0.736365,0.676254,0.480892,0.510947,0.405752,0.300557,0.225418,0.0751393,0,0,0,0,0,0,0
64860,64879,64870,22,-104.163,39.5496,39.1795,-58.6381,541.295,3.33664,0.878291,57.7739,0.197339,0.000399143,0.745297,0.630636,0.493043,0.504509,0.401314,0.275187,0.137593,0.114661,0.0229322,0.0114661,0,0,0,0,0
64881,64898,64890,22.1,-104.162,39.5497,38.5079,-59.3142,542.267,2.76015,0.687479,44.7435,0.19525,0.000304007,0.725015,0.559661,0.407026,0.29255,0.317989,0.216233,0.190793,0.0127196,0.0254391,0.0127196,0,0,0,0,0
64899,64918,64908,22.2,-104.162,39.5496,37.88,-60.0411,542.965,3.31256,0.842164,50.2102,0.178862,0.000345958,0.777178,0.637031,0.394959,0.4077,0.458663,0.293034,0.331256,0.0127406,0,0,0,0,0,0,0
64918,64938,64928,22.3,-104.162,39.5496,37.279,-60.7855,543.542,3.39787,0.828575,49.7351,0.180074,0.00034067,0.840334,0.68201,0.511508,0.341005,0.438435,0.304469,0.19486,0.0852513,0,0,0,0,0,0,0
64939,64965,64952,22.4,-104.161,39.5494,36.6011,-60.2793,547.712,2.99696,0.743556,44.8914,0.181122,0.000306491,0.668887,0.616766,0.434342,0.356161,0.425655,0.243232,0.182424,0.0608079,0.00868684,0,0,0,0,0,0
64966,65003,64984,22.5,-104.159,39.5492,36.0651,-60.0876,550.509,3.18558,0.785401,48.6322,0.18576,0.000336754,0.740681,0.64236,0.54404,0.33429,0.458829,0.176977,0.183532,0.0852111,0.0196641,0,0,0,0,0,0
65004,65031,65018,22.6,-104.156,39.5491,35.5104,-60.3779,552.21,2.94815,0.715481,43.7319,0.183367,0.000298788,0.713122,0.608762,0.426134,0.373954,0.373954,0.217415,0.147842,0.0695728,0.0173932,0,0,0,0,0,0
65032,65054,65043,22.7,-104.154,39.5484,34.9541,-59.6295,556.655,2.97692,0.821359,54.3245,0.198419,0.000396886,0.628461,0.595384,0.507179,0.308718,0.374872,0.17641,0.242564,0.121282,0.0220513,0,0,0,0,0,0
65055,65076,65066,22.8,-104.153,39.5474,34.4305,-59.2436,560.065,2.97156,0.774778,48.4973,0.187785,0.000342402,0.682357,0.594311,0.396207,0.308161,0.484253,0.187098,0.231121,0.0770403,0.0110058,0,0,0,0,0,0
65077,65094,65086,22.9,-104.152,39.5466,33.8678,-58.9228,563.562,3.05405,0.724907,43.7725,0.181151,0.000299547,0.766875,0.591974,0.51125,0.390164,0.349803,0.161447,0.215263,0.0538158,0.0134539,0,0,0,0,0,0
65094,65110,65102,23,-104.15,39.5461,33.3563,-58.785,566.373,3.06253,0.62733,37.5526,0.179583,0.000237737,1.00063,0.530637,0.560959,0.454832,0.242577,0.0454832,0.181933,0.0303221,0,0.0151611,0,0,0,0,0
65111,65127,65119,23.1,-104.149,39.5454,32.8144,-58.4319,569.972,2.91648,0.579113,31.7832,0.164648,0.000202563,0.997742,0.598645,0.337697,0.445146,0.199548,0.153499,0.153499,0.0306997,0,0,0,0,0,0,0
65128,65146,65137,23.2,-104.147,39.5449,32.2818,-58.5259,572.391,2.95652,0.79717,54.6046,0.205494,0.000386168,0.709565,0.665217,0.310435,0.384347,0.39913,0.147826,0.221739,0.073913,0.0295652,0.0147826,0,0,0,0,0
65147,65163,65155,23.3,-104.146,39.5444,31.6483,-58.8144,574.866,2.73478,0.772868,50.0958,0.194454,0.000359402,0.598234,0.455797,0.313361,0.356092,0.484285,0.185168,0.27063,0.042731,0.0284873,0,0,0,0,0,0
65165,65185,65175,23.4,-104.144,39.5442,31.2145,-59.1473,576.246,2.92761,0.770741,48.7751,0.18985,0.000350137,0.749754,0.464133,0.487935,0.321323,0.345125,0.214215,0.238017,0.107108,0,0,0,0,0,0,0
65186,65207,65196,23.5,-104.142,39.5441,30.6868,-59.6514,577.686,2.72331,0.744935,46.6246,0.187767,0.000331299,0.593077,0.508352,0.278383,0.387316,0.399419,0.242072,0.242072,0.0726217,0,0,0,0,0,0,0
65208,65232,65220,23.6,-104.141,39.5445,30.2052,-60.0812,579.147,2.5094,0.74777,49.2412,0.197552,0.000357459,0.49097,0.381865,0.305492,0.425507,0.305492,0.294582,0.185477,0.109104,0.0109104,0,0,0,0,0,0
65233,65259,65246,23.7,-104.139,39.5455,29.7054,-60.505,580.747,2.78397,0.775818,50.8892,0.196783,0.000370323,0.65066,0.501328,0.383996,0.330663,0.330663,0.255997,0.191998,0.127999,0.0106666,0,0,0,0,0,0
65260,65291,65276,23.8,-104.138,39.5467,29.2472,-59.8628,585.099,2.65284,0.710013,44.1757,0.186654,0.000309299,0.53762,0.493553,0.370164,0.343724,0.414232,0.220336,0.202709,0.0616941,0.00881344,0,0,0,0,0,0
65292,65321,65306,23.9,-104.136,39.5474,28.7458,-59.3219,589.487,2.77166,0.727023,45.5294,0.187873,0.000320751,0.600525,0.517376,0.471182,0.32336,0.32336,0.249449,0.203255,0.0739108,0.00923885,0,0,0,0,0,0
65322,65347,65334,24,-104.135,39.5474,28.3631,-59.1177,592.305,2.36394,0.590215,37.8668,0.192473,0.000257954,0.582582,0.470547,0.347308,0.336105,0.246477,0.156849,0.156849,0.0560175,0,0.0112035,0,0,0,0,0
65348,65369,65358,24.1,-104.133,39.5475,27.8909,-58.8841,595.818,2.78984,0.848721,59.0262,0.208642,0.000428428,0.413804,0.560637,0.547289,0.253622,0.400455,0.26697,0.146834,0.186879,0,0.0133485,0,0,0,0,0
65370,65387,65378,24.2,-104.132,39.5476,27.4394,-58.5994,599.386,2.5928,0.613686,36.8914,0.180343,0.000254992,0.735794,0.420454,0.420454,0.297821,0.385416,0.0700756,0.192708,0.0700756,0,0,0,0,0,0,0
65388,65405,65396,24.3,-104.132,39.5475,26.9633,-59.0794,601.053,2.65017,0.713612,49.9271,0.209892,0.000355568,0.637383,0.553517,0.486424,0.218052,0.318692,0.0838662,0.268372,0.0335465,0.0335465,0.0167732,0,0,0,0,0
65406,65420,65413,24.4,-104.132,39.5477,26.5087,-59.495,602.8,2.63946,0.68812,45.2858,0.197433,0.000310365,0.745935,0.420784,0.325151,0.401658,0.229519,0.210392,0.286898,0,0,0.0191265,0,0,0,0,0
65421,65436,65428,24.5,-104.131,39.5479,26.1047,-59.6407,605.043,2.39419,0.625454,40.1484,0.192572,0.00028585,0.577907,0.45407,0.330233,0.330233,0.288954,0.144477,0.185756,0.0619186,0.0206395,0,0,0,0,0,0
65437,65452,65444,24.6,-104.131,39.5482,25.7125,-60.11,606.33,2.87149,0.840581,56.1025,0.200227,0.000411903,0.550696,0.609699,0.43269,0.236013,0.334351,0.354019,0.216345,0.118006,0.0196677,0,0,0,0,0,0
