data/B2SAP/Locations/Boulder/NOAA-POPS-B2SAP_GMLBalloon_20230328_R0.ict
61,1001
Thornberry, T. D.
NOAA Chemical Sciences Laboratory
Portable Optical Particle Spectrometer (POPS)
Balloon Baseline Stratospheric Aerosol Profiles (B2SAP)
1,1
2023,03,28,2024,05,28
0
TIME_START,s,Seconds since midnight UTC on flight start day,Start time of 100 m altitude bin in UTC_seconds_since_midnight
28
1.0,1.0,1.0,1.0,1.0,1.0,1.0,1.0,1.0,1.0,1.0,1.0,1.0,1.0,1.0,1.0,1.0,1.0,1.0,1.0,1.0,1.0,1.0,1.0,1.0,1.0,1.0,1.0
99999,99999,99999,99999,99999,99999,99999,99999,99999,99999,99999,99999,99999,99999,99999,99999,99999,99999,99999,99999,99999,99999,99999,99999,99999,99999,99999,99999
TIME_STOP,s,End time of 100 m altitude bin in UTC seconds since midnight,
TIME_MID,s,Mid time of 100 m altitude in UTC seconds since midnight,
GPSAlt,m,GPS reported altitude above sea level (m),
GPS_Lon,deg,GPS reported longitude,
GPS_Lat,deg,GPS reported latitude,
iMet_Pressure,mb,Pressure reported (mB),
iMet_Temperature,degrees C,Ambient temperature (oC),
THETA,K,Potential temperature from iMet,
Aerosol_concentration,cm^-3,Aerosol concentration,
Surface_Area_Conc,um^2 cm^-3,Surface area concentration,
Volume_density,um^3 cm^-3,Volume density,
Effective_radius,um,Effective radius,
Extinction,km^-1,Extinction,
Bin01,cm^-3,particle concentration in size range [140 - 170 nm],
Bin02,cm^-3,particle concentration in size range [170 - 205 nm],
Bin03,cm^-3,particle concentration in size range [205 - 249 nm],
Bin04,cm^-3,particle concentration in size range [249 - 302 nm],
Bin05,cm^-3,particle concentration in size range [302 - 366 nm],
Bin06,cm^-3,particle concentration in size range [366 - 443 nm],
Bin07,cm^-3,particle concentration in size range [443 - 537 nm],
Bin08,cm^-3,particle concentration in size range [537 - 651 nm],
Bin09,cm^-3,particle concentration in size range [651 - 789 nm],
Bin10,cm^-3,particle concentration in size range [789 - 956 nm],
Bin11,cm^-3,particle concentration in size range [956 - 1159 nm],
Bin12,cm^-3,particle concentration in size range [1159 - 1404 nm],
Bin13,cm^-3,particle concentration in size range [1404 - 1702 nm],
Bin14,cm^-3,particle concentration in size range [1702 - 2062 nm],
Bin15,cm^-3,particle concentration in size range [2062 - 2500 nm],
0
19
PI_CONTACT_INFO: 325 Broadway R/CSL6, Boulder, CO 80305; troy.thornberry@noaa.gov; 303-497-3373 
PLATFORM: GML ECC/FPH balloon
LOCATION: Boulder, CO, USA
ASSOCIATED_DATA: N/A
INSTRUMENT_INFO: Printed Optical Particle Spectrometer counts particles from 140 - 2500 nm in diameter 
DATA_INFO: Particle concentrations reported in number per cubic centimeter, binned to 100 m altitude
UNCERTAINTY: Counting uncertainty dominated by air flow, less than 5 percent
ULOD_FLAG: -77777
ULOD_VALUE: 3000 ~3000 per cm3 (varies depending on flow rate- manufacturer quotes 1250  per cm3 at 1.667 cc/s)
LLOD_FLAG: -88888
LLOD_VALUE: 0 0 (varies depending on data field and measurement precision)
DM_CONTACT_INFO: Troy Thornberry, 325 Broadway R/CSL6, Boulder, CO 80305; troy.thornberry@noaa.gov; 303-497-3373
PROJECT_INFO: B2SAP Boulder, CO, USA
STIPULATIONS_ON_USE: Please contact the PIs for questions regarding applications and uncertainties
OTHER_COMMENTS: POPS bin Edges (nm):  140, 170, 205, 249, 302, 366, 443, 537, 651, 789, 956, 1159, 1404, 1702, 2062, 2500
Calculations assume sulfate refractive index of 1.45+0.00j and extinction wavelength = 532 nm
REVISION: R0
R0: QA/QC data
TIME_START,TIME_STOP,TIME_MID,GPSAlt,GPS_Lon,GPS_Lat,iMet_Pressure,iMet_Temperature,THETA,Aerosol_concentration,Surface_Area_Conc,Volume_density,Effective_radius,Extinction,Bin01,Bin02,Bin03,Bin04,Bin05,Bin06,Bin07,Bin08,Bin09,Bin10,Bin11,Bin12,Bin13,Bin14,Bin15
[from data line 71]
60876,60918,60897,8.9,-104.672,39.8682,313.434,-46.5186,315.701,34.8843,7.31267,869.651,0.356771,0.00282662,15.2168,8.80974,4.73667,2.26536,1.76195,0.778003,0.629267,0.240266,0.125853,0.0800885,0.0572061,0.0228824,0.0800885,0.0228824,0.0572061
60919,60964,60942,9,-104.656,39.8674,308.898,-46.9135,316.467,44.384,8.06828,690.696,0.256819,0.0027676,20.0275,10.4491,6.04558,2.98547,2.37594,0.821004,0.970278,0.360744,0.0995157,0.0373184,0.0497578,0.0870762,0.0124395,0.0621973,0
60965,61010,60988,9.1,-104.64,39.867,304.158,-47.5674,316.955,54.6682,9.86353,862.225,0.262246,0.00329238,22.8928,13.8604,8.0343,3.91735,3.05653,1.09785,1.0729,0.349317,0.099805,0.0873294,0.0374269,0.0499025,0.0374269,0.0499025,0.0249512
61012,61051,61032,9.2,-104.624,39.8666,299.413,-48.5363,317.011,57.6951,10.5779,1042.85,0.295761,0.00368178,25.8628,14.3068,7.9687,3.45972,2.93509,1.3612,1.03508,0.283584,0.17015,0.0850751,0.0283584,0.0283584,0.0567167,0.0708959,0.0425375
61052,61084,61068,9.3,-104.612,39.8663,295.154,-49.4512,317.011,60.1782,9.68497,677.46,0.209849,0.00284226,26.2584,15.4522,8.29553,4.06364,3.31303,1.22945,0.957674,0.310597,0.0905908,0.0905908,0.0129415,0.0258831,0.0388246,0.0258831,0.0129415
61085,61118,61102,9.4,-104.6,39.8659,290.502,-50.3969,317.11,62.7357,9.99764,713.81,0.214194,0.00290138,26.8825,16.4315,9.26676,4.2337,2.96063,1.18425,1.11023,0.458897,0.0740156,0.0296063,0.0148031,0.0444094,0,0.0148031,0.0296063
61118,61149,61134,9.5,-104.589,39.8657,286.23,-51.2981,317.171,70.7768,9.86797,510.05,0.155062,0.00222987,30.2616,20.0412,10.6365,4.21132,3.24588,1.29835,0.615884,0.299619,0.0998731,0.0166455,0,0.0166455,0.0166455,0.0166455,0
61150,61183,61166,9.6,-104.577,39.8655,281.665,-52.1304,317.432,67.6979,8.81393,378.384,0.128791,0.00176122,30.5652,18.7595,9.64242,3.73953,2.95145,1.12804,0.695367,0.108168,0.077263,0.0309052,0,0,0,0,0
61184,61217,61200,9.7,-104.565,39.8653,277.255,-53.0207,317.578,64.4764,8.52321,393.665,0.138562,0.00172828,29.1034,18.3135,8.9013,3.4986,2.56977,1.08364,0.804987,0.108364,0.0464416,0,0,0.0464416,0,0,0
61218,61250,61234,9.8,-104.555,39.8652,273.709,-53.7332,317.717,62.025,8.54906,437.019,0.153357,0.00195505,27.3734,17.8065,8.7659,3.50178,2.67783,0.892611,0.526412,0.297537,0.0457749,0.0686624,0.0457749,0,0.0228875,0,0
61251,61282,61266,9.9,-104.541,39.8655,268.719,-54.6608,318.048,62.7835,8.52961,449.748,0.158184,0.00204955,30.0519,16.5137,8.30037,3.34103,2.69718,0.696048,0.713449,0.243617,0.13921,0.0522036,0.0174012,0,0,0.0174012,0
61287,61317,61302,10,-104.529,39.8659,264.676,-55.4848,318.221,58.7335,7.72974,364.97,0.141649,0.001677,28.1048,15.8436,7.53912,3.22407,2.1331,0.86301,0.732744,0.162832,0.0651328,0.0325664,0.0162832,0,0.0162832,0,0
61318,61350,61334,10.1,-104.516,39.8662,260.277,-56.3848,318.422,58.0156,7.69026,359.078,0.140078,0.00165309,27.8285,15.384,7.07594,3.27394,2.62267,0.915295,0.545657,0.264028,0.0704073,0,0,0.0352037,0,0,0
61351,61383,61367,10.2,-104.504,39.8661,256.533,-56.9878,318.86,51.2964,6.77703,313.247,0.138666,0.00151837,25.5042,12.8289,6.31843,2.82313,2.03572,0.748993,0.787403,0.15364,0.0576149,0.019205,0.019205,0,0,0,0
61384,61414,61399,10.3,-104.491,39.8661,252.461,-57.6788,319.298,51.2084,7.2733,471.319,0.194404,0.00189008,26.1199,12.6065,5.70761,3.02272,2.027,0.835693,0.480079,0.195588,0.0533421,0.0711228,0.0355614,0.0177807,0,0.0355614,0
61415,61433,61424,10.4,-104.482,39.8662,249.05,-58.3773,319.499,52.7955,6.93244,311.186,0.134665,0.00155388,25.8491,13.8187,6.62484,2.39795,2.15409,0.975437,0.690934,0.203216,0.0406432,0.0406432,0,0,0,0,0
61434,61451,61442,10.5,-104.476,39.8663,245.084,-59.2813,319.613,51.4551,7.13946,356.457,0.149783,0.00167103,25.0282,12.7968,6.07105,3.03552,2.5296,0.892801,0.833281,0.17856,0.02976,0,0.0595201,0,0,0,0
61452,61472,61462,10.6,-104.468,39.8658,240.692,-60.0653,320.098,50.0525,6.94994,357.76,0.15443,0.00172599,24.7241,12.1387,6.64739,2.36468,2.36468,0.683131,0.73568,0.210194,0.105097,0.0262743,0.0262743,0.0262743,0,0,0
61475,61505,61490,10.7,-104.457,39.8654,236.667,-60.5813,320.864,55.6701,7.94241,498.786,0.188401,0.00194283,25.8251,14.7656,7.5887,3.01979,2.76487,0.627489,0.705925,0.176481,0.117654,0,0.019609,0.019609,0.019609,0,0.019609
61507,61529,61518,10.8,-104.447,39.8647,233.023,-61.3056,321.188,56.0092,7.41461,347.031,0.140411,0.00164342,27.8417,13.5074,7.54307,2.90696,2.30552,0.977342,0.601441,0.22554,0.02506,0.0501201,0.02506,0,0,0,0
61530,61550,61540,10.9,-104.439,39.864,229.422,-62.0612,321.466,62.3866,17.3691,3092.51,0.534141,0.00775514,31.5659,14.7183,6.92002,3.19385,2.84785,0.851695,0.479078,0.425847,0.159693,0.0798464,0.186308,0.372616,0.159693,0.212924,0.212924
61551,61573,61562,11,-104.431,39.8633,225.631,-62.8994,321.728,58.767,16.3737,2847.49,0.52172,0.00738064,28.3635,14.3376,7.48047,2.89018,2.80518,0.566702,0.538367,0.425027,0.170011,0.170011,0.11334,0.226681,0.283351,0.226681,0.170011
61574,61595,61584,11.1,-104.423,39.8629,222.167,-63.5737,322.113,53.9716,7.34853,375.62,0.153345,0.00156646,25.4117,14.521,6.63655,3.20483,2.38235,1.04937,0.567226,0.0850839,0,0.0283613,0.0283613,0.0567226,0,0,0
61597,61620,61608,11.2,-104.414,39.8626,218.261,-64.3544,322.54,53.644,8.18982,657.633,0.240896,0.00222345,25.9478,13.6834,6.66433,3.16746,2.35659,0.962906,0.481453,0.101359,0.0506793,0.0760189,0.0253396,0.0253396,0.0506793,0.0253396,0.0253396
61623,61650,61636,11.3,-104.403,39.8621,214.676,-65.0665,322.96,66.6665,11.6916,1249.78,0.320686,0.00390984,31.4992,16.9647,8.55111,3.73681,3.0949,1.10041,1.03163,0.183402,0.160477,0.0917009,0.0458504,0.0458504,0.0229252,0.0458504,0.0917009
61651,61677,61664,11.4,-104.393,39.8615,210.899,-65.9411,323.25,90.658,13.4986,966.517,0.214803,0.0036955,44.2364,21.9483,11.6054,4.85581,4.34595,1.65098,1.33535,0.437023,0.0728371,0.0728371,0,0,0.024279,0.024279,0.0485581
61679,61708,61694,11.5,-104.382,39.8607,207.753,-66.531,323.713,94.8275,14.5102,1007.93,0.208391,0.00401243,45.2041,23.1078,11.7627,5.69449,5.16681,1.75892,1.23124,0.461715,0.241851,0,0.0879458,0.0659593,0,0,0.0439729
61709,61738,61724,11.6,-104.37,39.8596,204.407,-67.1185,324.29,94.925,13.8557,731.55,0.158393,0.00362971,43.9382,23.9979,12.8453,5.21693,4.63727,1.83172,1.73898,0.370982,0.185491,0.0695591,0,0.0695591,0.0231864,0,0
61739,61766,61752,11.7,-104.36,39.8584,201.097,-67.675,324.923,75.8995,10.9219,561.756,0.154301,0.00273039,34.5895,19.8464,9.76571,4.47333,4.20031,1.4071,1.07108,0.315023,0.0840061,0.0840061,0.0210015,0.0210015,0.0210015,0,0
61770,61783,61776,11.8,-104.351,39.8575,198.152,-68.0375,325.731,48.5337,6.27504,264.386,0.126399,0.00124923,23.0845,12.3493,6.64383,2.89025,2.13954,0.487965,0.825787,0.112607,0,0,0,0,0,0,0
61786,61811,61798,11.9,-104.343,39.8573,194.542,-68.298,327.027,35.5901,5.06677,278.394,0.164835,0.00132424,18.1128,8.46059,4.17071,1.84703,1.42996,0.754701,0.476653,0.198605,0.0595816,0.0198605,0.0397211,0.0198605,0,0,0
61812,61842,61827,12,-104.331,39.8578,191.123,-67.1729,330.49,33.5237,4.99943,280.713,0.168447,0.0013908,16.0194,8.31492,4.00898,2.01274,1.63329,0.593923,0.643417,0.131983,0.0659915,0.0494936,0.0164979,0.0329957,0,0,0
61843,61868,61856,12.1,-104.318,39.8583,187.825,-66.4782,333.256,27.5945,4.35777,255.433,0.175847,0.00132501,12.7042,6.8807,3.54786,1.37972,1.6485,0.447962,0.609229,0.215022,0.107511,0,0.035837,0.0179185,0,0,0
61869,61895,61882,12.2,-104.307,39.8593,184.913,-66.3663,334.936,22.5763,3.47217,200.647,0.173361,0.00100494,10.5852,5.52004,3.03912,1.13709,1.07506,0.558206,0.392812,0.165394,0.0413486,0.0206743,0.0206743,0.0206743,0,0,0
61902,61936,61919,12.3,-104.292,39.8606,181.812,-63.791,340.747,15.8748,2.89627,194.686,0.201658,0.00108033,6.90324,3.93511,1.88026,1.08786,0.805825,0.590938,0.282039,0.201456,0.107443,0.0402913,0.0268608,0.0134304,0,0,0
61937,61976,61956,12.4,-104.274,39.8624,178.951,-62.6993,344.075,14.3027,2.6114,166.843,0.191671,0.000950093,6.17712,3.27512,1.65829,1.10552,1.00879,0.345476,0.469848,0.15201,0.0414572,0.0414572,0.0276381,0,0,0,0
61977,62012,61994,12.5,-104.256,39.8637,176.103,-61.2112,348.103,10.6144,2.00004,130.882,0.196319,0.000795281,4.65674,2.54273,1.16788,0.665248,0.606115,0.340016,0.384366,0.13305,0.0739165,0.0295666,0,0.0147833,0,0,0
62013,62040,62026,12.6,-104.24,39.8642,173.445,-60.5415,350.728,9.78923,1.75066,98.892,0.169465,0.000613889,4.18719,2.17963,1.01334,0.803023,0.745664,0.45887,0.229435,0.114718,0.0382392,0.0191196,0,0,0,0,0
62048,62067,62058,12.7,-104.226,39.8641,170.48,-59.1194,354.812,9.81916,1.98468,138.122,0.208782,0.000787087,3.65254,2.63267,1.23332,0.616662,0.64038,0.545509,0.332049,0.0474356,0.0237178,0.0711534,0.0237178,0,0,0,0
62070,62098,62084,12.8,-104.214,39.8638,167.762,-58.6652,357.197,9.12106,1.86035,143.122,0.230799,0.000722158,3.77267,2.25754,1.09089,0.636353,0.499992,0.24242,0.393933,0.136361,0.0454538,0,0,0.0151513,0.0303025,0,0
62099,62121,62110,12.9,-104.202,39.8633,165.175,-58.7963,358.576,9.60597,1.89133,134.85,0.213897,0.000704637,3.67636,2.65647,1.1622,0.687835,0.498087,0.403213,0.284621,0.166029,0.0237184,0,0.0474369,0,0,0,0
62129,62155,62142,13,-104.19,39.8625,162.389,-58.8659,360.205,8.10421,1.66382,142.196,0.25639,0.00068149,3.39687,1.75879,1.01734,0.672477,0.534533,0.206916,0.327617,0.120701,0.051729,0,0,0,0,0.017243,0
62156,62186,62171,13.1,-104.178,39.8617,159.84,-59.2071,361.256,9.43568,1.80265,121.851,0.202788,0.000679094,3.95096,2.35585,1.05523,0.564423,0.638043,0.380372,0.257671,0.159511,0.0368102,0.0122701,0.0122701,0,0.0122701,0,0
62187,62219,62203,13.2,-104.164,39.8611,157.048,-60.002,361.73,8.38182,1.696,116.068,0.205309,0.000707773,3.43517,1.98477,1.06872,0.412221,0.610697,0.381686,0.183209,0.244279,0,0.0458023,0.0152674,0,0,0,0
62220,62256,62238,13.3,-104.151,39.8612,154.739,-60.0483,363.193,8.44777,1.60904,95.0154,0.177153,0.000629906,3.36122,1.92982,1.12467,0.587894,0.639015,0.293947,0.306727,0.115023,0.0894621,0,0,0,0,0,0
62257,62285,62271,13.4,-104.136,39.8616,152.359,-59.5773,365.607,6.83618,1.37018,93.5235,0.204769,0.000562691,2.97799,1.48166,0.806845,0.440097,0.337408,0.366748,0.249388,0.117359,0.0146699,0.0293398,0.0146699,0,0,0,0
62288,62331,62310,13.5,-104.117,39.8624,149.749,-59.4374,367.652,6.96286,1.46032,110.777,0.227573,0.00060623,2.92642,1.58094,0.840925,0.482131,0.448494,0.213034,0.269096,0.112123,0.033637,0.0224247,0.0224247,0.0112123,0,0,0
62335,62371,62353,13.6,-104.098,39.8619,147.493,-58.7765,370.399,7.9526,2.13427,199.258,0.280084,0.00106491,2.97641,1.90676,0.837116,0.662716,0.523197,0.337172,0.313918,0.162772,0.0697596,0.0930128,0.0348798,0.0232532,0.0116266,0,0
62376,62407,62392,13.7,-104.082,39.8608,145.16,-58.2141,373.066,7.28527,1.61291,122.457,0.22777,0.000689735,2.87065,1.64691,0.926385,0.503221,0.526095,0.240174,0.297358,0.194426,0.0343106,0.0114369,0,0.0343106,0,0,0
62414,62443,62428,13.8,-104.068,39.86,142.766,-57.3955,376.266,7.66872,1.80873,152.922,0.253639,0.000764507,3.05381,1.77759,0.831823,0.467188,0.615321,0.30766,0.387424,0.113948,0.0455793,0,0.0227897,0.0455793,0,0,0
62444,62473,62458,13.9,-104.058,39.8597,140.631,-57.6453,377.449,7.3996,1.50613,99.6844,0.198558,0.000617693,2.91132,1.66519,0.959412,0.540359,0.540359,0.308776,0.308776,0.0661664,0.0661664,0.0220555,0.0110277,0,0,0,0
62474,62495,62484,14,-104.048,39.8601,138.436,-57.9656,378.596,7.18483,1.80643,152.277,0.252892,0.0009286,2.89235,1.56592,0.902709,0.442143,0.405298,0.35003,0.165804,0.27634,0.0921132,0.0552679,0.0368453,0,0,0,0
62496,62518,62507,14.1,-104.039,39.8609,136.377,-58.3409,379.553,7.56945,1.58989,104.499,0.197181,0.000639902,2.86568,1.54862,1.05654,0.564452,0.69471,0.361828,0.260516,0.159204,0.0289463,0.0144731,0.0144731,0,0,0,0
62521,62542,62532,14.2,-104.029,39.8616,134.006,-59.2129,379.904,6.86191,1.64959,145.638,0.264863,0.000730205,2.63466,1.57293,0.786465,0.668495,0.471879,0.275263,0.23594,0.0589849,0.0393233,0.0589849,0.0393233,0.0196616,0,0,0
62543,62565,62554,14.3,-104.019,39.8625,131.855,-59.9006,380.447,7.51679,1.70197,128.916,0.227235,0.000789726,2.80153,1.97291,0.749706,0.552415,0.532686,0.43404,0.197291,0.0986455,0.0986455,0.0591873,0.0197291,0,0,0,0
62566,62586,62576,14.4,-104.009,39.8635,129.777,-59.5522,382.801,7.40538,1.63145,103.837,0.19094,0.000723383,2.64212,1.50713,1.04196,0.669834,0.595408,0.353523,0.334917,0.148852,0.111639,0,0,0,0,0,0
62587,62615,62601,14.5,-103.997,39.8647,127.545,-60.1124,383.689,7.30515,1.73415,118.537,0.205064,0.000821216,2.5576,1.40668,0.959101,0.639401,0.751296,0.44758,0.19182,0.207805,0.111895,0.03197,0,0,0,0,0
62616,62642,62629,14.6,-103.985,39.8662,125.46,-60.2845,385.191,7.44393,2.10191,180.651,0.257838,0.00108182,2.4533,1.62993,0.856976,0.672138,0.688941,0.235248,0.504104,0.184838,0.134428,0.0336069,0.0168035,0.0336069,0,0,0
62643,62672,62658,14.7,-103.974,39.8681,123.563,-59.9443,387.494,7.38172,2.21368,214.825,0.291133,0.00117296,2.55644,1.78951,0.734977,0.49531,0.655088,0.367488,0.399444,0.0798888,0.127822,0.0958665,0.0479333,0.0319555,0,0,0
62673,62704,62688,14.8,-103.96,39.8704,121.644,-59.577,389.897,7.37048,1.84474,137.563,0.223711,0.000890732,2.58332,1.34274,1.13841,0.583801,0.554611,0.540016,0.335685,0.11676,0.11676,0.0437851,0,0.014595,0,0,0
62705,62732,62718,14.9,-103.947,39.8726,119.658,-59.2095,392.405,6.68076,2.04156,198.849,0.292201,0.00106828,2.37008,1.36796,0.874861,0.334038,0.636262,0.349944,0.302225,0.222692,0.0954394,0.0477197,0.0477197,0.0159066,0.0159066,0,0
62733,62753,62743,15,-103.936,39.8745,117.874,-58.8265,394.809,6.29223,1.33156,92.9657,0.209452,0.000601235,2.41858,1.45508,0.904508,0.452254,0.353938,0.314612,0.196632,0.0983161,0.0196632,0.0786529,0,0,0,0,0
62754,62780,62767,15.1,-103.925,39.8761,116.129,-59.075,396.029,7.54136,2.06604,167.179,0.242753,0.0011053,2.59038,1.58765,0.856497,0.772937,0.459584,0.438694,0.355133,0.292463,0.0835607,0.0835607,0.0208902,0,0,0,0
62781,62792,62786,15.2,-103.916,39.8772,114.349,-59.717,396.582,6.80406,1.45079,95.3816,0.197234,0.000652052,2.58085,1.64236,0.770904,0.569798,0.402211,0.301658,0.26814,0.201105,0.0335175,0.0335175,0,0,0,0,0
62795,62821,62808,15.3,-103.906,39.8779,112.143,-59.3923,399.415,7.70084,1.85252,140.766,0.227959,0.00084091,2.66861,1.67741,1.0217,0.640466,0.655715,0.426977,0.335482,0.152492,0.0457476,0.0457476,0.0304984,0,0,0,0
62822,62850,62836,15.4,-103.893,39.8789,110.332,-59.1129,401.794,6.2867,1.50181,117.029,0.233777,0.000668068,2.48285,1.14593,0.795784,0.381976,0.620712,0.445639,0.238735,0.0477471,0.0636627,0.0318314,0.0318314,0,0,0,0
62851,62883,62867,15.5,-103.879,39.8798,108.432,-59.3115,403.415,6.80301,2.08093,210.279,0.303151,0.00105247,2.22902,1.48172,0.992106,0.592687,0.450957,0.360766,0.309228,0.154614,0.0644225,0.0644225,0.077307,0.025769,0,0,0
62892,62914,62903,15.6,-103.865,39.8807,106.633,-59.013,405.922,6.65401,1.78217,144.669,0.243527,0.000881818,2.08211,1.55794,0.757131,0.582408,0.640649,0.422246,0.334885,0.116482,0.0582408,0.072801,0.0291204,0,0,0,0
62958,62979,62968,15.8,-103.837,39.8832,103.265,-58.4536,410.722,6.6341,1.82648,149.747,0.245959,0.00093991,2.13022,1.36942,1.00424,0.593417,0.395612,0.380396,0.410827,0.18259,0.091295,0.0456475,0.0152158,0.0152158,0,0,0
62980,63003,62992,15.9,-103.827,39.8841,101.816,-58.5962,412.121,6.56489,1.6385,112.312,0.205637,0.000777382,1.94438,1.50533,0.857199,0.522682,0.627219,0.54359,0.313609,0.146351,0.0627219,0.0418146,0,0,0,0,0
63004,63025,63014,16,-103.817,39.8845,100.232,-58.7153,413.735,6.67582,1.98213,162.864,0.246499,0.00110106,2.28435,1.12248,0.768015,0.649858,0.630166,0.275698,0.51201,0.256005,0.0787707,0.0787707,0.0196927,0,0,0,0
63026,63046,63036,16.1,-103.807,39.8848,98.5807,-59.22,414.722,5.88144,1.78624,143.324,0.240713,0.00106718,1.60839,1.24831,0.98424,0.504123,0.456111,0.264065,0.264065,0.28807,0.216053,0.0480117,0,0,0,0,0
