data/B2SAP/Locations/Boulder/NOAA-POPS-B2SAP_GMLBalloon_20200820_R0.ict
61,1001
Thornberry, T. D.
NOAA Chemical Sciences Laboratory
Portable Optical Particle Spectrometer (POPS)
Balloon Baseline Stratospheric Aerosol Profiles (B2SAP)
1,1
2020,08,20,2024,05,30
0
TIME_START,s,Seconds since midnight UTC on flight start day,Start time of 100 m altitude bin in UTC_seconds_since_midnight
28
1.0,1.0,1.0,1.0,1.0,1.0,1.0,1.0,1.0,1.0,1.0,1.0,1.0,1.0,1.0,1.0,1.0,1.0,1.0,1.0,1.0,1.0,1.0,1.0,1.0,1.0,1.0,1.0
99999,99999,99999,99999,99999,99999,99999,99999,99999,99999,99999,99999,99999,99999,99999,99999,99999,99999,99999,99999,99999,99999,99999,99999,99999,99999,99999,99999
TIME_STOP,s,End time of 100 m altitude bin in UTC seconds since midnight,
TIME_MID,s,Mid time of 100 m altitude in UTC seconds since midnight,
GPSAlt,m,GPS reported altitude above sea level (m),
GPS_Lon,deg,GPS reported longitude,
GPS_Lat,deg,GPS reported latitude,
iMet_Pressure,mb,Pressure reported (mB),
iMet_Temperature,degrees C,Ambient temperature (oC),
THETA,K,Potential temperature from iMet,
Aerosol_concentration,cm^-3,Aerosol concentration,
Surface_Area_Conc,um^2 cm^-3,Surface area concentration,
Volume_density,um^3 cm^-3,Volume density,
Effective_radius,um,Effective radius,
Extinction,km^-1,Extinction,
Bin01,cm^-3,particle concentration in size range [140 - 170 nm],
Bin02,cm^-3,particle concentration in size range [170 - 205 nm],
Bin03,cm^-3,particle concentration in size range [205 - 249 nm],
Bin04,cm^-3,particle concentration in size range [249 - 302 nm],
Bin05,cm^-3,particle concentration in size range [302 - 366 nm],
Bin06,cm^-3,particle concentration in size range [366 - 443 nm],
Bin07,cm^-3,particle concentration in size range [443 - 537 nm],
Bin08,cm^-3,particle concentration in size range [537 - 651 nm],
Bin09,cm^-3,particle concentration in size range [651 - 789 nm],
Bin10,cm^-3,particle concentration in size range [789 - 956 nm],
Bin11,cm^-3,particle concentration in size range [956 - 1159 nm],
Bin12,cm^-3,particle concentration in size range [1159 - 1404 nm],
Bin13,cm^-3,particle concentration in size range [1404 - 1702 nm],
Bin14,cm^-3,particle concentration in size range [1702 - 2062 nm],
Bin15,cm^-3,particle concentration in size range [2062 - 2500 nm],
0
19
PI_CONTACT_INFO: 325 Broadway R/CSL6, Boulder, CO 80305; troy.thornberry@noaa.gov; 303-497-3373 
PLATFORM: GML ECC/FPH balloon
LOCATION: Boulder, CO, USA
ASSOCIATED_DATA: N/A
INSTRUMENT_INFO: Printed Optical Particle Spectrometer counts particles from 140 - 2500 nm in diameter 
DATA_INFO: Particle concentrations reported in number per cubic centimeter, binned to 100 m altitude
UNCERTAINTY: Counting uncertainty dominated by air flow, less than 5 percent
ULOD_FLAG: -77777
ULOD_VALUE: 3000 ~3000 per cm3 (varies depending on flow rate- manufacturer quotes 1250  per cm3 at 1.667 cc/s)
LLOD_FLAG: -88888
LLOD_VALUE: 0 0 (varies depending on data field and measurement precision)
DM_CONTACT_INFO: Troy Thornberry, 325 Broadway R/CSL6, Boulder, CO 80305; troy.thornberry@noaa.gov; 303-497-3373
PROJECT_INFO: B2SAP Boulder, CO, USA
STIPULATIONS_ON_USE: Please contact the PIs for questions regarding applications and uncertainties
OTHER_COMMENTS: POPS bin Edges (nm):  140, 170, 205, 249, 302, 366, 443, 537, 651, 789, 956, 1159, 1404, 1702, 2062, 2500
Calculations assume sulfate refractive index of 1.45+0.00j and extinction wavelength = 532 nm
REVISION: R0
R0: QA/QC data
TIME_START,TIME_STOP,TIME_MID,GPSAlt,GPS_Lon,GPS_Lat,iMet_Pressure,iMet_Temperature,THETA,Aerosol_concentration,Surface_Area_Conc,Volume_density,Effective_radius,Extinction,Bin01,Bin02,Bin03,Bin04,Bin05,Bin06,Bin07,Bin08,Bin09,Bin10,Bin11,Bin12,Bin13,Bin14,Bin15
[from data line 378]
67101,67128,67114,14.2,-104.971,39.57,149.563,-61.3223,364.537,2.95751,0.64152,44.5352,0.208264,0.000294859,1.03588,0.720612,0.360306,0.420357,0.105089,0.0900765,0.105089,0.0750637,0.0150127,0.0300255,0,0,0,0,0
67129,67161,67145,14.1,-104.964,39.5648,152.095,-60.625,363.993,2.74449,0.574998,36.5796,0.190851,0.00024327,0.918971,0.608508,0.484322,0.24837,0.211115,0.0745111,0.0993482,0.0745111,0.0124185,0.0124185,0,0,0,0,0
67163,67198,67180,14,-104.956,39.5593,154.63,-60.5282,362.448,2.65197,0.554506,31.7954,0.17202,0.00020809,0.841154,0.642549,0.233654,0.373846,0.221971,0.163558,0.140192,0.0233654,0.0116827,0,0,0,0,0,0
67199,67238,67218,13.9,-104.947,39.5536,157.147,-60.2163,361.3,3.26638,0.780562,60.8697,0.233945,0.000331832,1.04357,0.740935,0.51135,0.313071,0.240021,0.166971,0.135664,0.0834857,0,0.0104357,0.0208714,0,0,0,0
67239,67275,67257,13.8,-104.939,39.5476,159.751,-59.7709,360.362,3.05914,0.669816,46.9155,0.210127,0.000273325,1.04982,0.654723,0.507975,0.237055,0.282208,0.124172,0.101595,0.06773,0.0225767,0,0.0112883,0,0,0,0
67276,67311,67294,13.7,-104.931,39.5417,162.244,-59.4722,359.278,2.51148,0.549219,37.7591,0.206252,0.000194369,0.750983,0.529381,0.357025,0.357025,0.270846,0.135423,0.0492448,0.0492448,0,0,0.0123112,0,0,0,0
67312,67347,67330,13.6,-104.922,39.5353,165.02,-59.0503,358.243,2.13033,0.501365,32.6392,0.195302,0.000220922,0.519901,0.557943,0.393096,0.164847,0.177527,0.139486,0.101444,0.0634026,0,0.0126805,0,0,0,0,0
67348,67380,67364,13.5,-104.914,39.5298,167.656,-58.7135,357.182,2.16545,0.57998,46.7307,0.241719,0.000274951,0.607846,0.455884,0.354577,0.278596,0.113971,0.151961,0.101308,0.0633173,0.0126635,0.0126635,0.0126635,0,0,0,0
67381,67413,67397,13.4,-104.906,39.5245,170.23,-57.9592,356.886,2.315,0.418498,24.4227,0.175074,0.000141915,0.875948,0.4849,0.375406,0.250271,0.156419,0.0938515,0.0469258,0.0156419,0,0.0156419,0,0,0,0,0
67414,67446,67430,13.3,-104.897,39.5191,173.04,-57.3393,356.249,1.67691,0.404421,29.9401,0.222096,0.000203222,0.636966,0.402979,0.142992,0.129993,0.103994,0.103994,0.0909952,0.0389979,0,0.0259986,0,0,0,0,0
67447,67479,67463,13.2,-104.888,39.5138,175.76,-56.936,355.318,1.28453,0.382401,31.8325,0.249731,0.000230872,0.467103,0.233551,0.181651,0.103801,0.0389252,0.0648754,0.0908255,0.0648754,0.0129751,0.0259501,0,0,0,0,0
67481,67516,67498,13.1,-104.879,39.5086,178.608,-56.4094,354.554,1.10388,0.25818,15.761,0.183139,0.000108696,0.315395,0.21835,0.157698,0.145567,0.0970447,0.0849141,0.0363917,0.0485223,0,0,0,0,0,0,0
67517,67553,67535,13,-104.869,39.5031,181.453,-55.5018,354.439,1.19395,0.336451,25.7003,0.229159,0.000175207,0.35116,0.245812,0.163875,0.0819374,0.0936428,0.140464,0.0702321,0.0234107,0,0.0234107,0,0,0,0,0
67554,67592,67573,12.9,-104.858,39.4974,184.378,-54.6891,354.14,0.83624,0.233897,15.2439,0.195521,0.000108826,0.146907,0.158208,0.135606,0.135606,0.0904043,0.0678032,0.0791038,0.0113005,0.0113005,0,0,0,0,0,0
67593,67631,67612,12.8,-104.847,39.4914,187.404,-54.0532,353.516,0.62989,0.170513,11.0656,0.194688,8.11358e-05,0.135859,0.123508,0.123508,0.0864555,0.0123508,0.0617539,0.0617539,0.0247016,0,0,0,0,0,0,0
67632,67669,67650,12.7,-104.838,39.4859,190.236,-53.767,352.468,0.764577,0.221384,15.6396,0.211934,0.000119018,0.196937,0.115845,0.12743,0.139014,0.0347535,0.0115845,0.092676,0.0347535,0.0115845,0,0,0,0,0,0
67670,67705,67688,12.6,-104.83,39.4801,193.302,-53.5624,351.194,1.48159,0.383697,26.6865,0.208653,0.000199689,0.451423,0.324098,0.231499,0.138899,0.0694497,0.0694497,0.104174,0.0694497,0.0231499,0,0,0,0,0,0
67706,67740,67723,12.5,-104.822,39.4742,196.325,-53.2223,350.176,0.909354,0.23117,15.9558,0.207066,0.000114948,0.249339,0.234672,0.132003,0.073335,0.044001,0.088002,0.058668,0,0.029334,0,0,0,0,0,0
67741,67774,67758,12.4,-104.814,39.4684,199.445,-52.513,349.724,1.15156,0.197355,10.402,0.158121,6.45871e-05,0.454939,0.298554,0.156385,0.0853011,0.0426505,0.0568674,0.0426505,0.0142168,0,0,0,0,0,0,0
67775,67807,67791,12.3,-104.807,39.463,202.503,-51.7959,349.343,1.45362,0.475793,44.207,0.278737,0.000261447,0.504941,0.321326,0.0918074,0.0918074,0.12241,0.107109,0.0918074,0.0765062,0.0306025,0,0,0.0153012,0,0,0
67808,67843,67826,12.2,-104.799,39.4572,205.628,-51.1591,348.823,0.833674,0.153801,8.53917,0.166563,5.56451e-05,0.33868,0.208419,0.0651308,0.104209,0.0130262,0.0521046,0.0390785,0.0130262,0,0,0,0,0,0,0
67844,67879,67862,12.1,-104.791,39.4511,208.821,-50.4077,348.458,0.544252,0.199646,18.2874,0.274798,0.000133136,0.132386,0.117676,0.0588381,0.0882571,0.029419,0.029419,0.029419,0.0147095,0.029419,0.0147095,0,0,0,0,0
67880,67917,67898,12,-104.783,39.4447,212.096,-49.6314,348.121,0.722161,0.340983,39.6268,0.34864,0.000222578,0.109894,0.204089,0.156992,0.0470975,0.0313983,0.0156992,0.0313983,0.0627966,0.0313983,0.0156992,0,0.0156992,0,0,0
67918,67958,67938,11.9,-104.774,39.4378,215.424,-48.7586,347.934,0.949221,0.223549,15.1382,0.203152,0.000111955,0.399672,0.137387,0.137387,0.0874283,0.0374693,0.0374693,0.0624488,0.0374693,0.0124898,0,0,0,0,0,0
67959,67997,67978,11.8,-104.765,39.431,218.719,-48.1676,347.345,3.81549,0.940957,62.7345,0.200013,0.000432644,1.09519,0.706572,0.68302,0.423943,0.282629,0.235524,0.270853,0.0824334,0.0117762,0.0235524,0,0,0,0,0
67998,68032,68015,11.7,-104.757,39.4248,222.077,-47.6581,346.608,4.56456,1.28585,90.659,0.211515,0.000649433,1.20906,0.815099,0.57057,0.584155,0.48906,0.366795,0.285285,0.176605,0.040755,0.02717,0,0,0,0,0
68035,68068,68052,11.6,-104.749,39.4194,225.515,-46.7488,346.484,5.95143,1.97015,143.568,0.218615,0.0010735,0.946818,1.08208,0.987396,0.757455,0.581617,0.581617,0.649247,0.256994,0.0811559,0.027052,0,0,0,0,0
68069,68102,68086,11.5,-104.743,39.4151,228.885,-47.1783,344.37,4.62015,1.30964,91.338,0.209229,0.000674151,1.24101,0.882165,0.702741,0.46351,0.209327,0.493414,0.38875,0.194375,0.0299039,0.0149519,0,0,0,0,0
68103,68137,68120,11.4,-104.737,39.4114,231.967,-47.2368,342.97,1.11032,0.333406,31.8857,0.286909,0.000156688,0.399021,0.173487,0.13879,0.104092,0.0867437,0.104092,0.069395,0,0.0173487,0,0.0173487,0,0,0,0
68138,68171,68154,11.3,-104.73,39.4074,235.769,-46.2581,342.848,1.03913,0.254143,17.304,0.204264,0.000124708,0.377867,0.134952,0.188933,0.107962,0.0674762,0.053981,0.0674762,0.0134952,0.0269905,0,0,0,0,0,0
68174,68209,68192,11.2,-104.723,39.4039,239.492,-45.6031,342.306,1.6363,0.435321,37.957,0.261579,0.00020306,0.467514,0.332181,0.307575,0.209151,0.110727,0.086121,0.061515,0.024606,0,0.024606,0.012303,0,0,0,0
68210,68246,68228,11.1,-104.717,39.4009,243.142,-45.1159,341.564,1.69175,0.40799,29.0446,0.213568,0.000202131,0.605999,0.340874,0.164125,0.2525,0.101,0.0631249,0.0883749,0.0378749,0.02525,0.012625,0,0,0,0,0
68247,68285,68266,11,-104.711,39.398,246.781,-44.0795,341.666,2.49708,0.667289,48.1727,0.216575,0.000340676,0.809239,0.450862,0.300574,0.300574,0.161848,0.184969,0.184969,0.0578028,0.0231211,0.0231211,0,0,0,0,0
68287,68328,68308,10.9,-104.704,39.3947,250.673,-43.407,341.132,4.08327,1.02784,81.4242,0.237656,0.000480119,1.41795,0.810257,0.575709,0.383806,0.309177,0.255871,0.127935,0.138597,0.0213225,0.0213225,0.0213225,0,0,0,0
68329,68375,68352,10.8,-104.698,39.3904,254.555,-42.8674,340.438,6.75603,2.31957,189.74,0.2454,0.0013066,1.7827,1.06354,0.790061,0.668513,0.577352,0.6989,0.688771,0.324128,0.10129,0.030387,0.030387,0,0,0,0
68376,68418,68397,10.7,-104.692,39.3861,258.203,-42.2272,340.003,7.50498,2.75802,220.9,0.240281,0.0016614,1.87624,1.02822,0.720817,0.773818,0.879821,0.763218,0.805619,0.349808,0.275607,0.0212005,0.0106003,0,0,0,0
68419,68463,68441,10.6,-104.686,39.382,262.06,-41.8042,339.183,5.32602,1.68779,134.3,0.238713,0.000917041,1.4964,0.817116,0.738358,0.590686,0.423325,0.41348,0.492238,0.246119,0.0689134,0.0196895,0.00984477,0.00984477,0,0,0
68464,68509,68486,10.5,-104.681,39.3778,265.871,-40.7645,339.301,14.4957,7.05942,615.789,0.261688,0.0047608,2.26558,1.53378,1.48366,1.46361,1.624,1.45358,2.3959,1.60395,0.521284,0.110272,0.0400988,0,0,0,0
68510,68557,68534,10.4,-104.675,39.373,269.887,-40.6133,338.075,33.5414,18.4337,1621.31,0.263861,0.0129894,3.66813,3.21818,2.90516,3.12036,3.39425,4.32351,6.60264,4.4898,1.44769,0.332578,0.0293451,0.00978169,0,0,0
68560,68606,68583,10.3,-104.669,39.3679,273.864,-39.9324,337.654,48.2571,28.0324,2540.97,0.271932,0.0202929,5.12387,4.19627,4.25149,4.3067,4.90301,5.74227,9.29806,7.22201,2.55089,0.574227,0.0772998,0.0110428,0,0,0
68607,68654,68630,10.2,-104.662,39.3624,277.974,-39.0664,337.463,42.3866,22.2572,1934.62,0.260763,0.0152359,4.54074,4.23676,3.75229,4.66423,4.69273,5.52869,7.81805,5.03471,1.7194,0.313482,0.0759957,0.00949946,0,0,0
68655,68695,68675,10.1,-104.656,39.3574,282.061,-38.08,337.473,36.4357,17.9846,1546.45,0.257963,0.0117795,4.10124,3.99425,3.4712,4.17257,4.22012,4.86205,6.40745,3.89915,0.903462,0.285304,0.106989,0,0.0118877,0,0
68697,68737,68717,10,-104.651,39.3528,286.27,-36.93,337.696,31.3381,13.4694,1096.17,0.244146,0.00814983,3.9445,3.67209,3.85733,4.04257,3.6394,4.29319,4.72904,2.35362,0.588406,0.119861,0.0980677,0,0,0,0
68738,68776,68757,9.9,-104.645,39.3487,290.363,-36.0619,337.568,31.7692,13.66,1069.39,0.23486,0.00829645,3.76516,3.5706,3.68505,4.01693,3.99404,4.23437,5.34446,2.49484,0.560768,0.0686654,0.0228885,0.0114442,0,0,0
68777,68814,68796,9.8,-104.64,39.3448,294.553,-35.0551,337.609,31.6647,12.7487,973.001,0.228964,0.00738188,4.03853,3.78335,4.01634,4.02743,3.86101,4.44904,4.92612,2.1524,0.288466,0.077664,0.0443794,0,0,0,0
68815,68851,68833,9.7,-104.635,39.3412,298.735,-34.192,337.472,33.6959,13.0255,970.566,0.223539,0.00735298,4.53015,4.00475,4.5068,4.30831,4.27329,4.6002,5.09058,1.98486,0.315242,0.0467026,0.0233513,0.0116756,0,0,0
68852,68885,68868,9.6,-104.629,39.3376,303.032,-33.3423,337.296,39.7293,16.7329,1304.13,0.233813,0.00991275,4.6525,4.58468,4.88309,5.01873,4.92378,5.14081,7.03978,2.98411,0.311975,0.122077,0.0406924,0.0135641,0.0135641,0,0
68886,68920,68903,9.5,-104.625,39.3343,307.427,-32.4148,337.214,47.6831,20.8669,1615.86,0.23231,0.0126527,4.9766,5.24221,5.29812,6.01106,5.91321,7.01757,8.5413,3.98408,0.517231,0.153771,0.0139792,0.0139792,0,0,0
68921,68953,68937,9.4,-104.62,39.3313,311.845,-31.7407,336.776,50.478,22.2978,1777.22,0.239111,0.0135504,5.38234,5.51723,5.40932,6.4615,6.62338,7.21692,8.78171,4.22224,0.63401,0.161875,0.0539583,0,0,0.0134896,0
68954,68987,68970,9.3,-104.616,39.3283,316.174,-30.5594,337.093,46.3715,20.4049,1607.35,0.236319,0.0123092,4.89531,4.85877,5.24845,5.88167,5.67466,6.68538,8.81642,3.66539,0.51145,0.0730643,0.0365321,0.0121774,0,0.0121774,0
68992,69022,69007,9.2,-104.612,39.3247,320.918,-29.9334,336.531,45.1819,18.5127,1397.54,0.226473,0.0107653,5.32772,4.705,5.79822,5.74287,6.33791,6.07499,7.50033,3.09977,0.512015,0.0415147,0.0276765,0.0138382,0,0,0
69023,69056,69040,9.1,-104.608,39.3214,325.306,-28.8903,336.668,46.0065,18.5413,1395.62,0.225814,0.0106925,5.73698,5.37756,5.39138,6.19318,5.65404,6.58025,7.52029,3.05512,0.359425,0.0967684,0.0276481,0.0138241,0,0,0
69057,69087,69072,9,-104.605,39.3181,329.707,-28.2346,336.275,53.5515,23.4993,1854.22,0.236716,0.0143275,6.03702,5.82082,6.23659,6.80204,6.4029,7.13466,9.71245,4.40719,0.831545,0.0831545,0.0498927,0.0166309,0.0166309,0,0
69090,69125,69108,8.9,-104.602,39.3144,334.497,-27.2503,336.234,57.8638,25.7931,2047.01,0.238088,0.0156776,6.28175,6.06926,6.69345,7.10515,6.83954,8.12776,10.8104,5.12633,0.597629,0.0796839,0.0929646,0.0265613,0.0132807,0,0
69128,69164,69146,8.8,-104.598,39.3105,339.335,-26.4994,335.884,49.6636,19.713,1494.25,0.227401,0.0113515,6.51672,6.08227,6.3057,6.405,6.16916,6.03262,8.52759,3.05355,0.397209,0.111715,0.0496512,0,0.0124128,0,0
69167,69205,69186,8.7,-104.594,39.3066,344.073,-25.5169,335.891,42.5819,16.6028,1291.06,0.233284,0.00946127,6.65801,5.56153,4.87199,5.23371,5.36936,5.1998,6.57888,2.49817,0.406941,0.0904313,0.0565196,0.0452157,0.0113039,0,0
69206,69251,69228,8.6,-104.59,39.3021,348.901,-25.0389,335.201,42.2416,16.2045,1223.29,0.226472,0.00927486,6.73371,5.14381,5.55947,5.01911,4.98794,4.89441,6.92076,2.50436,0.322138,0.103915,0.0415661,0.0103915,0,0,0
69252,69294,69273,8.5,-104.586,39.2971,353.772,-24.2908,334.877,46.3148,17.4475,1307.76,0.224862,0.0097283,6.97312,6.14422,5.91628,5.50183,5.30496,6.24784,7.54299,2.23803,0.33156,0.0621675,0.0310838,0.0103613,0,0.0103613,0
69295,69339,69317,8.4,-104.582,39.2923,358.51,-23.5749,334.569,54.6728,20.4932,1536.31,0.2249,0.0113602,7.97249,7.19934,7.08889,7.00856,6.61697,6.92823,8.54482,2.83154,0.311269,0.100409,0.0301228,0.0301228,0,0.0100409,0
69340,69388,69364,8.3,-104.578,39.287,363.588,-22.7046,334.393,71.2986,27.3539,2007.62,0.220182,0.0153279,10.0337,8.43996,8.70058,9.04139,9.41226,9.53255,11.4571,4.12977,0.420996,0.0801897,0.0400948,0,0.0100237,0,0
69389,69430,69410,8.2,-104.575,39.2818,368.472,-21.9142,334.175,82.55,32.3295,2440.45,0.22646,0.0181594,10.6205,10.0143,10.0251,10.5556,10.8262,11.5083,13.8576,4.4171,0.498007,0.140741,0.0324787,0.0108262,0.0216525,0.0216525,0
69431,69470,69450,8.1,-104.572,39.2772,373.539,-21.2048,333.805,78.5803,29.8514,2201.79,0.221275,0.0164584,10.878,9.71118,9.59826,10.1378,10.2883,10.7275,12.7349,3.87694,0.414043,0.112921,0.0627337,0.0125467,0.0250935,0,0
69471,69507,69489,8,-104.569,39.273,378.492,-20.5759,333.381,132.953,52.4978,3876.87,0.221545,0.0296437,16.851,15.869,15.1417,17.0571,17.5299,19.0331,22.7307,7.69812,0.824366,0.109107,0.0727381,0,0.0363691,0,0
69508,69547,69528,7.9,-104.566,39.2687,383.806,-19.6694,333.251,175.579,70.3473,5204.37,0.221943,0.039791,20.8567,19.7729,20.2263,22.5376,24.0969,26.2533,30.3119,9.98599,1.22751,0.154822,0.0884695,0.0552934,0.0110587,0,0
69548,69586,69567,7.8,-104.562,39.2645,389.039,-19.2121,332.566,137.987,56.556,4235.82,0.224688,0.0324291,15.6143,14.7592,15.9892,17.5237,19.187,20.9558,24.2122,8.48071,0.937095,0.234274,0.0585684,0,0.0234274,0.0117137,0
69587,69628,69608,7.7,-104.558,39.2603,394.304,-18.6924,331.967,136.245,56.2346,4209.78,0.224583,0.0325203,15.5579,14.343,16.0005,17.5733,18.1948,19.7299,24.7495,8.87139,0.932344,0.188352,0.0565057,0.0376705,0.00941762,0,0
69629,69668,69648,7.6,-104.554,39.2557,399.659,-18.2974,331.198,157.796,64.5041,4910.09,0.228362,0.0368412,17.7346,17.5417,18.1658,21.4789,21.0251,23.1355,27.9691,9.19067,1.08926,0.272316,0.124812,0.0340395,0.0113465,0.0113465,0.0113465
69669,69708,69688,7.5,-104.55,39.2512,404.935,-17.4439,331.067,159.774,63.6726,4678.8,0.220446,0.0360494,18.2447,18.5175,18.7408,21.3082,22.0895,22.3748,27.7701,9.53782,0.930217,0.17364,0.0496116,0.0372087,0,0,0
69709,69747,69728,7.4,-104.545,39.2468,410.197,-16.4706,331.106,165.235,65.0184,4791.12,0.221066,0.0363603,19.2505,19.893,19.7076,21.3757,22.4259,24.1681,28.4926,8.71089,0.852555,0.234762,0.0741352,0.0247117,0.0123559,0.0123559,0
69747,69785,69766,7.3,-104.541,39.2423,415.803,-15.9203,330.534,170.764,67.4921,4920.96,0.218735,0.0379716,20.0937,19.2638,20.1483,22.6819,23.4026,25.1062,28.9721,9.93766,0.884561,0.21841,0.0327615,0.021841,0,0,0
69786,69821,69804,7.2,-104.537,39.2379,421.346,-15.1579,330.257,172.934,68.5969,5066.31,0.221569,0.0386669,20.583,19.6705,20.248,22.9278,23.5515,24.9375,29.5577,10.2684,1.00489,0.0924041,0.0346515,0.0346515,0.0115505,0,0.0115505
69822,69858,69840,7.1,-104.533,39.2338,426.83,-14.2325,330.216,175.017,70.4508,5278.43,0.224771,0.0398692,19.7535,20.0384,20.6293,22.9191,23.7949,25.9476,30.0945,10.4888,1.07631,0.105521,0.116073,0,0.0316562,0.0105521,0.0105521
69859,69895,69877,7,-104.529,39.2295,432.476,-13.3366,330.12,176.538,70.665,5224.53,0.221801,0.0400912,21.0581,19.6495,20.5728,23.3427,23.4847,24.7039,32.256,10.3693,0.911453,0.0946964,0.0355111,0.0355111,0,0.0236741,0
69896,69929,69912,6.9,-104.525,39.2255,438.21,-12.6667,329.731,176.246,71.9891,5391.66,0.224687,0.041322,19.7679,20.0757,21.2509,22.0063,22.7758,26.3992,31.4216,11.0941,1.1192,0.19586,0.0699502,0.0279801,0.0279801,0.01399,0
