data/B2SAP/Locations/Boulder/NOAA-POPS-B2SAP_GMLBalloon_20220111_R0.ict
61,1001
Thornberry, T. D.
NOAA Chemical Sciences Laboratory
Portable Optical Particle Spectrometer (POPS)
Balloon Baseline Stratospheric Aerosol Profiles (B2SAP)
1,1
2022,01,11,2024,05,28
0
TIME_START,s,Seconds since midnight UTC on flight start day,Start time of 100 m altitude bin in UTC_seconds_since_midnight
28
1.0,1.0,1.0,1.0,1.0,1.0,1.0,1.0,1.0,1.0,1.0,1.0,1.0,1.0,1.0,1.0,1.0,1.0,1.0,1.0,1.0,1.0,1.0,1.0,1.0,1.0,1.0,1.0
99999,99999,99999,99999,99999,99999,99999,99999,99999,99999,99999,99999,99999,99999,99999,99999,99999,99999,99999,99999,99999,99999,99999,99999,99999,99999,99999,99999
TIME_STOP,s,End time of 100 m altitude bin in UTC seconds since midnight,
TIME_MID,s,Mid time of 100 m altitude in UTC seconds since midnight,
GPSAlt,m,GPS reported altitude above sea level (m),
GPS_Lon,deg,GPS reported longitude,
GPS_Lat,deg,GPS reported latitude,
iMet_Pressure,mb,Pressure reported (mB),
iMet_Temperature,degrees C,Ambient temperature (oC),
THETA,K,Potential temperature from iMet,
Aerosol_concentration,cm^-3,Aerosol concentration,
Surface_Area_Conc,um^2 cm^-3,Surface area concentration,
Volume_density,um^3 cm^-3,Volume density,
Effective_radius,um,Effective radius,
Extinction,km^-1,Extinction,
Bin01,cm^-3,particle concentration in size range [140 - 170 nm],
Bin02,cm^-3,particle concentration in size range [170 - 205 nm],
Bin03,cm^-3,particle concentration in size range [205 - 249 nm],
Bin04,cm^-3,particle concentration in size range [249 - 302 nm],
Bin05,cm^-3,particle concentration in size range [302 - 366 nm],
Bin06,cm^-3,particle concentration in size range [366 - 443 nm],
Bin07,cm^-3,particle concentration in size range [443 - 537 nm],
Bin08,cm^-3,particle concentration in size range [537 - 651 nm],
Bin09,cm^-3,particle concentration in size range [651 - 789 nm],
Bin10,cm^-3,particle concentration in size range [789 - 956 nm],
Bin11,cm^-3,particle concentration in size range [956 - 1159 nm],
Bin12,cm^-3,particle concentration in size range [1159 - 1404 nm],
Bin13,cm^-3,particle concentration in size range [1404 - 1702 nm],
Bin14,cm^-3,particle concentration in size range [1702 - 2062 nm],
Bin15,cm^-3,particle concentration in size range [2062 - 2500 nm],
0
19
PI_CONTACT_INFO: 325 Broadway R/CSL6, Boulder, CO 80305; troy.thornberry@noaa.gov; 303-497-3373 
PLATFORM: GML ECC/FPH balloon
LOCATION: Boulder, CO, USA
ASSOCIATED_DATA: N/A
INSTRUMENT_INFO: Printed Optical Particle Spectrometer counts particles from 140 - 2500 nm in diameter 
DATA_INFO: Particle concentrations reported in number per cubic centimeter, binned to 100 m altitude
UNCERTAINTY: Counting uncertainty dominated by air flow, less than 5 percent
ULOD_FLAG: -77777
ULOD_VALUE: 3000 ~3000 per cm3 (varies depending on flow rate- manufacturer quotes 1250  per cm3 at 1.667 cc/s)
LLOD_FLAG: -88888
LLOD_VALUE: 0 0 (varies depending on data field and measurement precision)
DM_CONTACT_INFO: Troy Thornberry, 325 Broadway R/CSL6, Boulder, CO 80305; troy.thornberry@noaa.gov; 303-497-3373
PROJECT_INFO: B2SAP Boulder, CO, USA
STIPULATIONS_ON_USE: Please contact the PIs for questions regarding applications and uncertainties
OTHER_COMMENTS: POPS bin Edges (nm):  140, 170, 205, 249, 302, 366, 443, 537, 651, 789, 956, 1159, 1404, 1702, 2062, 2500
Calculations assume sulfate refractive index of 1.45+0.00j and extinction wavelength = 532 nm
REVISION: R0
R0: QA/QC data
TIME_START,TIME_STOP,TIME_MID,GPSAlt,GPS_Lon,GPS_Lat,iMet_Pressure,iMet_Temperature,THETA,Aerosol_concentration,Surface_Area_Conc,Volume_density,Effective_radius,Extinction,Bin01,Bin02,Bin03,Bin04,Bin05,Bin06,Bin07,Bin08,Bin09,Bin10,Bin11,Bin12,Bin13,Bin14,Bin15
[from data line 401]
71167,71203,71185,10.9,-103.489,39.5694,235.397,-58.1161,325.081,1.98576,0.183155,5.77016,0.094513,1.47785e-05,1.3881,0.366305,0.134954,0.0771168,0,0.0192792,0,0,0,0,0,0,0,0,0
71204,71238,71221,10.8,-103.48,39.5722,238.235,-57.5383,324.843,1.93997,0.212385,7.36502,0.104033,2.23908e-05,0.969987,0.671529,0,0.223843,0.0746144,0,0,0,0,0,0,0,0,0,0
71239,71313,71276,10.6,-103.451,39.5797,247.571,-54.9054,325.215,2.03721,0.184636,5.53359,0.0899106,1.18473e-05,1.22233,0.645117,0.135814,0,0.0339535,0,0,0,0,0,0,0,0,0,0
71317,71327,71322,10.5,-103.446,39.5807,249.956,-54.014,325.649,2.40602,0.251754,8.40734,0.100185,2.36913e-05,1.24756,0.712894,0.267335,0.0891117,0.0891117,0,0,0,0,0,0,0,0,0,0
71328,71370,71349,10.4,-103.435,39.5829,254.502,-53.366,324.94,2.55076,0.294117,11.116,0.113384,4.28531e-05,1.43664,0.527744,0.205234,0.293191,0.0586383,0,0.0293191,0,0,0,0,0,0,0,0
71376,71402,71389,10.3,-103.426,39.5846,258.809,-52.4087,324.798,3.11686,0.411989,18.6963,0.136142,0.000101907,1.90475,0.577197,0.202019,0.0865795,0.173159,0.0865795,0.0865795,0,0,0,0,0,0,0,0
71403,71427,71415,10.2,-103.419,39.5857,262.494,-51.9147,324.201,3.24783,0.45669,21.8285,0.143391,0.000121857,1.81572,0.562617,0.332456,0.204588,0.179015,0.0767205,0.0255735,0.051147,0,0,0,0,0,0,0
71428,71453,71440,10.1,-103.411,39.5869,266.561,-51.0707,324.015,3.04761,0.335806,12.4234,0.110988,4.71551e-05,1.89757,0.517518,0.28751,0.201257,0.115004,0,0.028751,0,0,0,0,0,0,0,0
71454,71480,71467,10,-103.403,39.5879,270.678,-50.221,323.837,2.78921,0.326304,13.2565,0.121878,5.90459e-05,1.63061,0.579297,0.278921,0.171644,0.0429109,0.0643664,0,0.0214555,0,0,0,0,0,0,0
71481,71508,71494,9.9,-103.394,39.5889,275.153,-49.2594,323.717,3.57187,0.451117,20.4908,0.136267,0.000111665,2.23871,0.62885,0.301848,0.150924,0.0754621,0.0754621,0.0754621,0.025154,0,0,0,0,0,0,0
71509,71534,71522,9.8,-103.386,39.5898,279.365,-47.8367,324.352,3.7397,0.428839,16.8153,0.117634,7.18221e-05,2.20982,0.906593,0.198317,0.226648,0.0566621,0.113324,0.028331,0,0,0,0,0,0,0,0
71535,71564,71550,9.7,-103.378,39.5906,283.565,-47.1667,323.937,3.18219,0.677454,93.0389,0.412008,0.000306022,1.82418,0.587792,0.344568,0.141881,0.101343,0.0608061,0.0405374,0.0202687,0.0405374,0,0,0,0,0.0202687,0
71565,71591,71578,9.6,-103.369,39.5913,287.921,-46.82,323.026,3.66803,0.413286,15.7303,0.114185,6.37535e-05,2.20613,0.744237,0.372119,0.10632,0.159479,0.0531598,0.0265799,0,0,0,0,0,0,0,0
71593,71621,71607,9.5,-103.361,39.5918,292.453,-45.9294,322.857,2.76409,0.328912,13.0329,0.118873,5.42027e-05,1.26492,0.866707,0.327943,0.210821,0.046849,0.0234245,0,0.0234245,0,0,0,0,0,0,0
71622,71653,71638,9.4,-103.353,39.5919,296.663,-45.9977,321.435,2.06378,0.299599,15.5676,0.155884,9.28141e-05,1.11868,0.443615,0.192876,0.0964381,0.115726,0.0192876,0.0578629,0,0.0192876,0,0,0,0,0,0
71654,71686,71670,9.3,-103.343,39.5918,301.397,-44.7675,321.721,1.9369,0.341033,18.3387,0.161322,0.000116689,0.811403,0.497311,0.18322,0.104697,0.157046,0.0785228,0.0785228,0.0261743,0,0,0,0,0,0,0
71696,71717,71706,9.2,-103.333,39.5913,306.342,-43.9433,321.387,2.25911,0.522546,39.0327,0.224092,0.000292956,1.15261,0.414939,0.184418,0.0922088,0.0922088,0.0922088,0.0922088,0.0461044,0.0922088,0,0,0,0,0,0
71720,71752,71736,9.1,-103.323,39.5909,310.418,-43.1493,321.289,2.38861,0.472091,28.4314,0.180674,0.000199097,1.00263,0.560292,0.235912,0.206423,0.0884672,0.0884672,0.117956,0.0884672,0,0,0,0,0,0,0
71753,71794,71774,9,-103.312,39.5904,315.369,-42.158,321.209,2.25372,0.373251,21.8016,0.17523,0.000143701,1.14077,0.445179,0.278237,0.166942,0.0834711,0,0.0834711,0.0278237,0.0278237,0,0,0,0,0,0
71795,71830,71812,8.9,-103.302,39.5899,319.67,-41.2633,321.209,2.21228,0.356013,18.1851,0.153239,0.000110282,0.774297,0.71899,0.387148,0.0829604,0.0829604,0.0553069,0.0829604,0.0276535,0,0,0,0,0,0,0
71830,71864,71847,8.8,-103.291,39.5893,324.823,-40.5975,320.666,2.08416,0.248558,9.0426,0.109141,3.03093e-05,0.922495,0.614997,0.239165,0.170832,0.136666,0,0,0,0,0,0,0,0,0,0
71865,71896,71880,8.7,-103.282,39.589,329.058,-39.8512,320.51,1.82873,0.233732,9.68177,0.124267,4.4182e-05,0.902172,0.463278,0.195064,0.146298,0.0487661,0.0487661,0.024383,0,0,0,0,0,0,0,0
71901,71934,71918,8.6,-103.271,39.5886,334.226,-39.0133,320.226,2.16369,0.324968,17.8684,0.164956,0.0001118,0.911029,0.819926,0.182206,0.0911029,0.0227757,0.0455514,0.0455514,0.0227757,0.0227757,0,0,0,0,0,0
71937,71960,71948,8.5,-103.262,39.5881,338.965,-38.1853,320.067,1.46341,0.219481,9.68563,0.132389,4.6627e-05,0.514903,0.433603,0.243902,0.0813005,0.0813005,0.108401,0,0,0,0,0,0,0,0,0
71964,71989,71976,8.4,-103.253,39.5874,344.283,-37.3108,319.836,1.82123,0.214224,8.03989,0.112591,3.01602e-05,0.753613,0.659412,0.282605,0.0314005,0.0314005,0.0628011,0,0,0,0,0,0,0,0,0
71992,72015,72004,8.3,-103.246,39.5868,348.827,-36.6108,319.589,1.69436,0.241501,10.5032,0.130473,5.10536e-05,0.542195,0.677743,0.169436,0.135549,0.101661,0.0338872,0.0338872,0,0,0,0,0,0,0,0
72020,72046,72033,8.2,-103.237,39.586,354.287,-36.0879,318.875,2.86763,0.358127,15.0219,0.125837,6.86347e-05,1.4483,0.695184,0.318626,0.28966,0.028966,0.057932,0,0.028966,0,0,0,0,0,0,0
72047,72076,72062,8.1,-103.229,39.5854,358.872,-35.5881,318.37,3.3576,0.627641,40.0605,0.191481,0.000248862,1.57857,0.651474,0.400907,0.125283,0.275624,0.22551,0.0250567,0.0250567,0.0250567,0.0250567,0,0,0,0,0
72076,72105,72090,8,-103.221,39.5847,364.218,-34.6933,318.225,3.12617,0.558314,30.0894,0.16168,0.000187831,1.24374,0.773138,0.268918,0.369762,0.168074,0.168074,0.0672294,0.0672294,0,0,0,0,0,0,0
72106,72121,72114,7.9,-103.212,39.5841,368.31,-34.02,318.108,3.24912,0.356312,12.5597,0.105748,4.10079e-05,1.82763,0.812281,0.20307,0.20307,0.20307,0,0,0,0,0,0,0,0,0,0
72136,72162,72149,7.8,-103.205,39.5838,374.892,-32.9825,317.88,2.77097,0.263,8.15708,0.0930465,1.90455e-05,1.48445,1.0886,0.0494816,0.0989632,0.0494816,0,0,0,0,0,0,0,0,0,0
72164,72189,72176,7.7,-103.198,39.5836,380.165,-32.0318,317.857,2.63226,0.557398,53.3173,0.286962,0.000189104,1.33416,0.540875,0.180292,0.144233,0.252409,0.0721167,0.0721167,0,0,0,0,0.0360584,0,0,0
72193,72214,72204,7.6,-103.191,39.5835,385.816,-31.1388,317.695,2.9562,0.33562,12.1318,0.108442,4.13078e-05,1.67518,0.689781,0.0985402,0.29562,0.19708,0,0,0,0,0,0,0,0,0,0
72220,72237,72228,7.5,-103.186,39.5836,390.084,-30.44,317.614,2.83891,0.324168,12.1923,0.112833,4.64091e-05,1.57717,0.788585,0.0788585,0.236576,0.0788585,0.0788585,0,0,0,0,0,0,0,0,0
72249,72273,72261,7.4,-103.178,39.584,397.491,-29.2662,317.443,2.21789,0.277978,11.3789,0.122803,5.12368e-05,1.18288,0.394292,0.295719,0.246432,0.0492865,0,0.0492865,0,0,0,0,0,0,0,0
72279,72301,72290,7.3,-103.172,39.5843,402.404,-28.5075,317.313,2.6296,0.27907,10.3397,0.111152,4.0447e-05,1.65568,0.681749,0.0973927,0.0486963,0.0486963,0.0973927,0,0,0,0,0,0,0,0,0
72305,72316,72310,7.2,-103.167,39.5847,407.303,-27.68,317.281,2.5738,0.252108,7.98928,0.0950698,1.86514e-05,1.54428,0.64345,0.12869,0.25738,0,0,0,0,0,0,0,0,0,0,0
72328,72343,72336,7.1,-103.162,39.585,412.51,-26.835,317.223,3.65478,0.368361,11.9141,0.0970303,2.90533e-05,2.28424,0.587376,0.391584,0.391584,0,0,0,0,0,0,0,0,0,0,0
72354,72360,72357,7,-103.156,39.5854,416.89,-26.32,316.93,1.73752,0.170794,5.41526,0.0951194,1.26631e-05,0.965291,0.579175,0,0.193058,0,0,0,0,0,0,0,0,0,0,0
72399,72400,72400,6.9,-103.146,39.5856,425.59,-25.34,316.32,1.13857,0.0956064,2.72519,0.0855126,4.80888e-06,0.948812,0,0.189762,0,0,0,0,0,0,0,0,0,0,0,0
72410,72435,72422,6.8,-103.141,39.5855,430.579,-24.7933,315.961,1.25879,0.346972,46.557,0.402543,0.000153896,0.824727,0.217033,0.0868134,0,0,0.0434067,0.0434067,0,0,0,0.0434067,0,0,0,0
72439,72467,72453,6.7,-103.135,39.5855,436.748,-24.0718,315.589,1.73991,0.163381,4.9571,0.0910222,1.01668e-05,1.00915,0.487175,0.173991,0.0695965,0,0,0,0,0,0,0,0,0,0,0
72471,72494,72482,6.6,-103.128,39.5857,442.752,-23.381,315.235,2.21705,0.187516,5.32013,0.085115,9.17413e-06,1.56723,0.496925,0.114675,0.038225,0,0,0,0,0,0,0,0,0,0,0
72500,72519,72510,6.5,-103.122,39.5861,449.276,-22.688,314.794,4.45739,0.64612,37.6965,0.175029,0.000241851,2.34202,1.43543,0.226647,0.075549,0.226647,0,0,0.075549,0.075549,0,0,0,0,0,0
72526,72544,72535,6.4,-103.116,39.5866,455.812,-21.804,314.607,4.14312,0.450081,15.7189,0.104774,4.99369e-05,2.45518,0.767244,0.460346,0.230173,0.230173,0,0,0,0,0,0,0,0,0,0
72548,72567,72558,6.3,-103.111,39.587,460.692,-21.1825,314.422,5.69385,0.531858,16.766,0.0945703,4.34837e-05,3.7959,1.32856,0.284692,0.0948974,0.189795,0,0,0,0,0,0,0,0,0,0
72573,72588,72580,6.2,-103.105,39.5875,466.964,-20.264,314.347,5.84003,0.60228,21.0105,0.104655,7.04976e-05,3.79223,1.13767,0.455067,0.151689,0.227534,0.0758445,0,0,0,0,0,0,0,0,0
72596,72618,72607,6.1,-103.099,39.5879,473.97,-19.43,314.048,6.27892,0.642673,22.1685,0.103483,7.235e-05,3.93378,1.43734,0.453898,0.151299,0.226949,0.0756497,0,0,0,0,0,0,0,0,0
72626,72643,72634,6,-103.092,39.5885,481.2,-18.536,313.797,4.22151,0.56053,24.9461,0.133513,0.000132018,2.26152,0.829225,0.603073,0.150768,0.226152,0,0.150768,0,0,0,0,0,0,0,0
72643,72660,72652,5.9,-103.088,39.5888,485.908,-17.99,313.598,3.36215,0.415475,20.745,0.149792,0.000128534,2.31615,0.672431,0.0747145,0.149429,0,0,0.0747145,0.0747145,0,0,0,0,0,0,0
72684,72684,72684,5.8,-103.081,39.5892,494.58,-16.92,313.328,3.30348,0.304754,9.12294,0.0898062,1.78508e-05,2.20232,0.367053,0.734106,0,0,0,0,0,0,0,0,0,0,0,0
72691,72714,72702,5.7,-103.077,39.5891,499.357,-16.4867,312.988,6.67001,0.686502,22.9986,0.100504,6.84057e-05,3.58204,2.09982,0.617594,0,0.370556,0,0,0,0,0,0,0,0,0,0
72720,72720,72720,5.6,-103.072,39.589,503.9,-16.18,312.553,5.48994,0.512631,15.3637,0.0899108,2.98534e-05,3.29396,1.09799,1.09799,0,0,0,0,0,0,0,0,0,0,0,0
