data/B2SAP/Locations/Boulder/NOAA-POPS-B2SAP_GMLBalloon_20191203_R0.ict
61,1001
Thornberry, T. D.
NOAA Chemical Sciences Laboratory
Portable Optical Particle Spectrometer (POPS)
Balloon Baseline Stratospheric Aerosol Profiles (B2SAP)
1,1
2019,12,03,2024,05,30
0
TIME_START,s,Seconds since midnight UTC on flight start day,Start time of 100 m altitude bin in UTC_seconds_since_midnight
28
1.0,1.0,1.0,1.0,1.0,1.0,1.0,1.0,1.0,1.0,1.0,1.0,1.0,1.0,1.0,1.0,1.0,1.0,1.0,1.0,1.0,1.0,1.0,1.0,1.0,1.0,1.0,1.0
99999,99999,99999,99999,99999,99999,99999,99999,99999,99999,99999,99999,99999,99999,99999,99999,99999,99999,99999,99999,99999,99999,99999,99999,99999,99999,99999,99999
TIME_STOP,s,End time of 100 m altitude bin in UTC seconds since midnight,
TIME_MID,s,Mid time of 100 m altitude in UTC seconds since midnight,
GPSAlt,m,GPS reported altitude above sea level (m),
GPS_Lon,deg,GPS reported longitude,
GPS_Lat,deg,GPS reported latitude,
iMet_Pressure,mb,Pressure reported (mB),
iMet_Temperature,degrees C,Ambient temperature (oC),
THETA,K,Potential temperature from iMet,
Aerosol_concentration,cm^-3,Aerosol concentration,
Surface_Area_Conc,um^2 cm^-3,Surface area concentration,
Volume_density,um^3 cm^-3,Volume density,
Effective_radius,um,Effective radius,
Extinction,km^-1,Extinction,
Bin01,cm^-3,particle concentration in size range [140 - 170 nm],
Bin02,cm^-3,particle concentration in size range [170 - 205 nm],
Bin03,cm^-3,particle concentration in size range [205 - 249 nm],
Bin04,cm^-3,particle concentration in size range [249 - 302 nm],
Bin05,cm^-3,particle concentration in size range [302 - 366 nm],
Bin06,cm^-3,particle concentration in size range [366 - 443 nm],
Bin07,cm^-3,particle concentration in size range [443 - 537 nm],
Bin08,cm^-3,particle concentration in size range [537 - 651 nm],
Bin09,cm^-3,particle concentration in size range [651 - 789 nm],
Bin10,cm^-3,particle concentration in size range [789 - 956 nm],
Bin11,cm^-3,particle concentration in size range [956 - 1159 nm],
Bin12,cm^-3,particle concentration in size range [1159 - 1404 nm],
Bin13,cm^-3,particle concentration in size range [1404 - 1702 nm],
Bin14,cm^-3,particle concentration in size range [1702 - 2062 nm],
Bin15,cm^-3,particle concentration in size range [2062 - 2500 nm],
0
19
PI_CONTACT_INFO: 325 Broadway R/CSL6, Boulder, CO 80305; troy.thornberry@noaa.gov; 303-497-3373 
PLATFORM: GML ECC/FPH balloon
LOCATION: Boulder, CO, USA
ASSOCIATED_DATA: N/A
INSTRUMENT_INFO: Printed Optical Particle Spectrometer counts particles from 140 - 2500 nm in diameter 
DATA_INFO: Particle concentrations reported in number per cubic centimeter, binned to 100 m altitude
UNCERTAINTY: Counting uncertainty dominated by air flow, less than 5 percent
ULOD_FLAG: -77777
ULOD_VALUE: 3000 ~3000 per cm3 (varies depending on flow rate- manufacturer quotes 1250  per cm3 at 1.667 cc/s)
LLOD_FLAG: -88888
LLOD_VALUE: 0 0 (varies depending on data field and measurement precision)
DM_CONTACT_INFO: Troy Thornberry, 325 Broadway R/CSL6, Boulder, CO 80305; troy.thornberry@noaa.gov; 303-497-3373
PROJECT_INFO: B2SAP Boulder, CO, USA
STIPULATIONS_ON_USE: Please contact the PIs for questions regarding applications and uncertainties
OTHER_COMMENTS: POPS bin Edges (nm):  140, 170, 205, 249, 302, 366, 443, 537, 651, 789, 956, 1159, 1404, 1702, 2062, 2500
Calculations assume sulfate refractive index of 1.45+0.00j and extinction wavelength = 532 nm
REVISION: R0
R0: QA/QC data
TIME_START,TIME_STOP,TIME_MID,GPSAlt,GPS_Lon,GPS_Lat,iMet_Pressure,iMet_Temperature,THETA,Aerosol_concentration,Surface_Area_Conc,Volume_density,Effective_radius,Extinction,Bin01,Bin02,Bin03,Bin04,Bin05,Bin06,Bin07,Bin08,Bin09,Bin10,Bin11,Bin12,Bin13,Bin14,Bin15
[from data line 229]
66977,66993,66985,24.6,-104.505,39.6349,26.02,-54.8258,619.266,2.23053,0.988737,79.4289,0.241001,0.000626425,0.27262,0.223053,0.371755,0.223053,0.223053,0.198269,0.520457,0.148702,0.0247837,0.0247837,0,0,0,0,0
66994,67010,67002,24.7,-104.505,39.635,25.6015,-54.67,622.574,2.07045,0.989659,130.223,0.39475,0.000574995,0.302425,0.302425,0.302425,0.162844,0.232635,0.348952,0.302425,0.0697904,0.0232635,0,0,0,0,0.0232635,0
67011,67027,67019,24.8,-104.506,39.6348,25.1923,-54.5731,625.735,2.15903,0.850041,61.2237,0.216073,0.000475775,0.21121,0.234678,0.305081,0.305081,0.281613,0.305081,0.398952,0.0938711,0.0234678,0,0,0,0,0,0
67028,67043,67036,24.9,-104.508,39.6344,24.8218,-54.06,629.858,2.33001,0.926987,67.4271,0.218214,0.000513694,0.308796,0.224579,0.11229,0.421086,0.336869,0.505303,0.280724,0.0842171,0.0561448,0,0,0,0,0,0
67044,67063,67054,25,-104.51,39.6337,24.3883,-53.9067,633.48,1.79152,1.15649,208.035,0.539653,0.000703424,0.155784,0.181748,0.207712,0.181748,0.285605,0.311569,0.285605,0.155784,0,0,0,0,0,0,0.0259641
67064,67081,67072,25.1,-104.511,39.6327,23.9631,-53.9875,636.439,1.73868,0.758358,54.5454,0.215777,0.000424725,0.118546,0.17782,0.138304,0.118546,0.355639,0.395155,0.375397,0.0395155,0.0197577,0,0,0,0,0,0
67082,67099,67090,25.2,-104.512,39.6314,23.6013,-53.5507,640.477,1.78808,0.760287,58.1734,0.229545,0.000436509,0.12772,0.149007,0.170293,0.38316,0.25544,0.340586,0.19158,0.149007,0,0.0212866,0,0,0,0,0
67100,67118,67109,25.3,-104.514,39.6303,23.1894,-53.4494,644.016,2.03857,0.708369,48.3464,0.204751,0.00036158,0.163085,0.326171,0.346556,0.285399,0.265014,0.285399,0.305785,0.0407713,0.0203857,0,0,0,0,0,0
67119,67136,67128,25.4,-104.516,39.6294,22.8321,-53.525,646.644,1.79775,0.66603,46.4866,0.209389,0.000352705,0.186779,0.280169,0.186779,0.256822,0.186779,0.350211,0.303517,0.0233474,0.0233474,0,0,0,0,0,0
67137,67153,67145,25.5,-104.518,39.6289,22.4892,-53.3331,650.026,1.7965,0.638321,44.1015,0.207269,0.00032664,0.102657,0.230979,0.307972,0.282308,0.384965,0.205315,0.17965,0.076993,0.0256643,0,0,0,0,0,0
67155,67172,67164,25.6,-104.52,39.6286,22.0953,-53.0088,654.274,2.04961,0.682111,44.6889,0.196547,0.00033052,0.256202,0.256202,0.315325,0.236494,0.394157,0.236494,0.315325,0.0394157,0,0,0,0,0,0,0
67173,67190,67182,25.7,-104.522,39.6288,21.7358,-52.4808,658.924,1.98076,0.724083,50.0719,0.207456,0.000380573,0.226373,0.254669,0.226373,0.311262,0.254669,0.339559,0.254669,0.113186,0,0,0,0,0,0,0
67191,67208,67200,25.8,-104.524,39.6291,21.4031,-51.635,664.375,2.06811,1.01547,173.073,0.511311,0.000573061,0.234528,0.319811,0.341132,0.341132,0.255849,0.27717,0.127924,0.127924,0.0213207,0,0,0,0,0,0.0213207
67209,67224,67216,25.9,-104.526,39.6291,21.0917,-51.3117,668.129,1.96913,0.667014,45.2381,0.203465,0.000338478,0.231662,0.289578,0.289578,0.289578,0.289578,0.26062,0.202704,0.115831,0,0,0,0,0,0,0
67225,67243,67234,26,-104.527,39.6287,20.7307,-51.2073,671.762,2.12954,0.821792,58.0047,0.211749,0.000445874,0.117008,0.421227,0.234015,0.210614,0.30422,0.374424,0.397826,0.046803,0.0234015,0,0,0,0,0,0
67244,67261,67252,26.1,-104.529,39.6281,20.3723,-51.08,675.49,1.7617,0.632977,44.4611,0.210724,0.000341156,0.16516,0.275266,0.357846,0.137633,0.247739,0.247739,0.192686,0.137633,0,0,0,0,0,0,0
67262,67278,67270,26.2,-104.531,39.6274,20.0738,-51.1754,678.065,2.07587,1.0707,203.691,0.570723,0.00057668,0.193748,0.387496,0.304461,0.33214,0.221426,0.359818,0.221426,0.0276783,0,0,0,0,0,0,0.0276783
67279,67294,67286,26.3,-104.533,39.6269,19.7827,-51.6682,679.383,1.87843,0.749902,54.2292,0.216945,0.000426392,0.20126,0.268347,0.134173,0.40252,0.0670867,0.335434,0.335434,0.134173,0,0,0,0,0,0,0
67297,67313,67305,26.4,-104.534,39.6271,19.4527,-52.0067,681.615,1.63654,0.498474,34.4288,0.207205,0.000254459,0.322348,0.272756,0.198368,0.297552,0.173572,0.148776,0.12398,0.0743881,0.024796,0,0,0,0,0,0
67314,67332,67323,26.5,-104.535,39.6271,19.1207,-51.6987,685.931,2.0769,0.712353,52.7133,0.221997,0.00041086,0.35032,0.400366,0.300275,0.300275,0.150137,0.17516,0.17516,0.200183,0.0250229,0,0,0,0,0,0
67333,67348,67340,26.6,-104.536,39.6271,18.8467,-51.9067,688.108,1.69186,0.631521,62.2982,0.295943,0.000306216,0.255375,0.287297,0.414984,0.159609,0.127687,0.191531,0.159609,0.0638437,0,0,0,0.0319219,0,0,0
67349,67367,67358,26.7,-104.537,39.6268,18.5143,-52.3964,690.098,2.1984,1.0149,198.837,0.587756,0.000542809,0.4122,0.2748,0.49464,0.32976,0.2748,0.19236,0.08244,0.10992,0,0,0,0,0,0,0.02748
67368,67384,67376,26.8,-104.537,39.6263,18.2029,-52.9721,691.635,2.25639,0.798013,54.732,0.205756,0.000410006,0.197434,0.338459,0.310254,0.366663,0.310254,0.310254,0.366663,0.0282049,0.0282049,0,0,0,0,0,0
67385,67399,67392,26.9,-104.537,39.6259,17.9025,-53.6308,692.861,1.56187,0.717781,77.1357,0.322392,0.000369729,0.132925,0.23262,0.23262,0.265851,0.199388,0.23262,0.0996941,0.132925,0,0,0,0,0.0332314,0,0
67402,67416,67409,27,-104.537,39.6257,17.6308,-54.0131,694.672,1.93188,0.709028,72.4678,0.306622,0.000328694,0.467391,0.155797,0.249275,0.373913,0.249275,0.249275,0.0934782,0.0311594,0.0311594,0,0,0,0.0311594,0,0
67419,67433,67426,27.1,-104.538,39.6256,17.3509,-53.6627,698.977,2.23778,1.06128,170.569,0.48216,0.000617492,0.559446,0.298371,0.298371,0.298371,0.223778,0.223778,0.186482,0.0745927,0.0372964,0,0,0,0,0.0372964,0
67434,67449,67442,27.2,-104.539,39.6255,17.0591,-52.8736,704.896,1.26714,0.415519,28.3826,0.204919,0.000211125,0.111806,0.186344,0.260881,0.223612,0.186344,0.111806,0.0745374,0.111806,0,0,0,0,0,0,0
67450,67463,67456,27.3,-104.54,39.6253,16.7889,-52.6533,708.831,1.45258,0.93287,185.706,0.597209,0.00056368,0.18743,0.234288,0.18743,0.421718,0.0937151,0.0468575,0.140573,0.0937151,0,0,0,0,0,0.0468575,0
67464,67481,67472,27.4,-104.541,39.6247,16.4908,-52.32,713.545,1.55416,0.684927,73.8848,0.323618,0.000354102,0.161892,0.291406,0.259027,0.161892,0.259027,0.0971352,0.19427,0.0971352,0,0,0,0,0.0323784,0,0
67482,67496,67489,27.5,-104.543,39.6238,16.2444,-52.08,717.383,1.49711,0.530999,44.7415,0.252777,0.000316845,0.434645,0.193175,0.144882,0.193175,0.0965877,0.144882,0.241469,0,0,0.0482939,0,0,0,0,0
67500,67514,67507,27.6,-104.545,39.6229,15.9885,-52.1062,720.58,1.80834,0.511312,31.4531,0.184543,0.000219148,0.234414,0.401852,0.301389,0.133951,0.301389,0.267902,0.133951,0.0334877,0,0,0,0,0,0,0
67515,67537,67526,27.7,-104.547,39.622,15.6869,-52.1194,724.46,1.87162,0.556598,37.2339,0.200687,0.000278856,0.419019,0.36315,0.251411,0.195542,0.111738,0.251411,0.195542,0.0838037,0,0,0,0,0,0,0
67538,67558,67548,27.8,-104.55,39.6211,15.4127,-52.0427,728.379,1.65346,0.540054,39.4807,0.219315,0.000309168,0.360755,0.390818,0.180377,0.150314,0.0901887,0.120252,0.270566,0.0601258,0.0300629,0,0,0,0,0,0
67560,67574,67567,27.9,-104.552,39.6202,15.2436,-52.2091,730.116,1.88718,0.94584,99.9748,0.317098,0.00050722,0.369232,0.123077,0.164103,0.123077,0.246154,0.369232,0.410257,0.0410257,0,0,0,0,0.0410257,0,0
67588,67588,67588,28,-104.554,39.6194,14.97,-52.57,732.721,0.452021,0.069044,2.53737,0.11025,7.04992e-06,0,0,0.452021,0,0,0,0,0,0,0,0,0,0,0,0
62200,73883,68042,1.7,-103.503,39.1607,826.889,8.63321,297.513,141.159,34.7803,2211.45,0.19075,0.0145904,34.6203,28.7699,22.5261,16.9802,13.5537,11.8532,9.97492,2.42393,0.215743,0.152289,0.0126907,0.0380722,0.0253815,0.0126907,0
62207,73858,68032,1.8,-103.389,39.109,817.072,7.89143,297.741,135.693,31.2898,1906.55,0.182796,0.012507,33.8773,30.8006,22.3396,15.9354,11.9055,10.1665,8.22686,1.92295,0.317704,0.13377,0.0501638,0.0167213,0,0,0
67728,67745,67736,27.8,-104.571,39.6148,15.3209,-50.1782,735.77,1.55012,0.55367,40.4655,0.219258,0.000315619,0.122378,0.326341,0.367134,0.0815853,0.203963,0.163171,0.0815853,0.203963,0,0,0,0,0,0,0
67746,67763,67754,27.7,-104.573,39.6142,15.4957,-50.49,732.37,1.86158,0.51386,34.5617,0.201777,0.000258007,0.577733,0.192578,0.320963,0.25677,0.128385,0.128385,0.128385,0.128385,0,0,0,0,0,0,0
67764,67781,67772,27.6,-104.575,39.6133,15.8193,-50.9536,726.535,1.8333,0.630987,43.5033,0.206835,0.00032861,0.225143,0.257306,0.225143,0.385959,0.192979,0.225143,0.192979,0.128653,0,0,0,0,0,0,0
67782,67797,67790,27.5,-104.577,39.6123,16.1109,-50.8573,723.073,1.98973,0.537246,32.9055,0.183745,0.000234,0.477535,0.238767,0.358151,0.198973,0.318357,0.119384,0.278562,0,0,0,0,0,0,0,0
67798,67812,67805,27.4,-104.578,39.6117,16.368,-51.581,717.458,1.70238,0.611811,42.9264,0.210488,0.000329019,0.130952,0.261905,0.261905,0.349206,0.174603,0.174603,0.218254,0.130952,0,0,0,0,0,0,0
67813,67827,67820,27.3,-104.579,39.6113,16.6058,-51.4783,714.848,1.95795,0.646135,43.1095,0.200157,0.000324442,0.398841,0.181291,0.290066,0.253808,0.181291,0.290066,0.326324,0.0362583,0,0,0,0,0,0,0
67830,67841,67836,27.2,-104.58,39.6113,16.9011,-51.9711,709.66,2.12587,0.617666,40.0213,0.194383,0.000299395,0.566899,0.377933,0.188966,0.236208,0.141725,0.236208,0.377933,0,0,0,0,0,0,0,0
67842,67854,67848,27.1,-104.58,39.6112,17.1889,-52.6144,704.206,1.8913,0.542872,33.6572,0.185995,0.000240563,0.378261,0.141848,0.425543,0.236413,0.283696,0.141848,0.283696,0,0,0,0,0,0,0,0
67855,67865,67860,27,-104.581,39.611,17.4343,-52.9757,700.2,1.36388,0.53429,39.9001,0.224036,0.00029814,0.177897,0,0.237197,0.296496,0.177897,0.296496,0.0592992,0.0592992,0.0592992,0,0,0,0,0,0
67866,67879,67872,26.9,-104.581,39.6106,17.7656,-53.0922,696.082,2.29698,0.725116,48.2664,0.199691,0.000361017,0.321577,0.413457,0.321577,0.321577,0.367517,0.137819,0.321577,0.0918793,0,0,0,0,0,0,0
67882,67891,67886,26.8,-104.581,39.6101,18.09,-52.2957,694.997,1.70671,0.608492,46.6369,0.22993,0.000363366,0.235409,0.294261,0.353113,0.176557,0.235409,0.0588522,0.176557,0.117704,0.0588522,0,0,0,0,0,0
67892,67900,67896,26.7,-104.581,39.6096,18.355,-51.77,693.76,1.73477,0.82348,67.3114,0.245221,0.000528657,0.200166,0.066722,0.200166,0.200166,0.33361,0.33361,0.200166,0.066722,0.133444,0,0,0,0,0,0
67902,67912,67907,26.6,-104.581,39.6094,18.655,-51.259,692.154,2.22665,0.673965,44.8969,0.199848,0.000325249,0.278331,0.397615,0.437377,0.357854,0.198808,0.238569,0.278331,0,0.0397615,0,0,0,0,0,0
67913,67923,67918,26.5,-104.581,39.6091,18.942,-51.439,688.572,1.74563,0.649064,46.9456,0.216984,0.000368721,0.158694,0.357062,0.277715,0.158694,0.198368,0.198368,0.238041,0.158694,0,0,0,0,0,0,0
67924,67934,67929,26.4,-104.582,39.609,19.277,-50.73,687.339,1.77623,0.732015,58.5691,0.240032,0.000465179,0.270296,0.231682,0.231682,0.270296,0.154455,0.193068,0.193068,0.154455,0.0772274,0,0,0,0,0,0
67935,67945,67940,26.3,-104.583,39.609,19.5745,-51.6409,681.514,2.09741,0.728943,50.6882,0.20861,0.000385789,0.384526,0.209741,0.174784,0.524353,0.104871,0.314612,0.244698,0.139828,0,0,0,0,0,0,0
67946,67955,67950,26.2,-104.584,39.6088,19.8975,-50.2025,682.759,1.91223,0.687992,48.4924,0.211452,0.000358485,0.186559,0.373118,0.139919,0.279838,0.233199,0.466397,0.139919,0.0466397,0.0466397,0,0,0,0,0,0
67956,67965,67960,26.1,-104.584,39.6084,20.231,-50.719,677.938,2.24391,0.749286,52.518,0.210272,0.000394515,0.373984,0.336586,0.261789,0.373984,0.261789,0.261789,0.261789,0.0747969,0.0373984,0,0,0,0,0,0
67966,67976,67971,26,-104.585,39.6081,20.5755,-50.0282,676.775,1.74881,0.737872,56.934,0.231479,0.000452599,0.201786,0.100893,0.369941,0.201786,0.235417,0.201786,0.201786,0.201786,0.033631,0,0,0,0,0,0
67977,67984,67980,25.9,-104.586,39.6079,20.8687,-50.6463,672.177,1.36304,0.402832,25.7999,0.192139,0.000186058,0.181739,0.227173,0.272608,0.181739,0.181739,0.136304,0.136304,0.0454346,0,0,0,0,0,0,0
67985,67992,67988,25.8,-104.587,39.6079,21.175,-49.8425,671.799,2.17301,0.848428,58.8816,0.208203,0.000455403,0.316898,0.0905422,0.226355,0.40744,0.226355,0.362169,0.497982,0.0452711,0,0,0,0,0,0,0
67993,67998,67996,25.7,-104.588,39.6081,21.4833,-49.7967,669.174,2.25155,0.880731,68.5242,0.233411,0.000524246,0.355507,0.237005,0.237005,0.355507,0.355507,0.355507,0.118502,0.118502,0.118502,0,0,0,0,0,0
67999,68007,68003,25.6,-104.588,39.6084,21.8629,-51.1329,661.844,2.53287,0.911391,64.1878,0.211285,0.000479226,0.151972,0.405259,0.405259,0.303944,0.557231,0.303944,0.253287,0.101315,0.0506573,0,0,0,0,0,0
68008,68015,68012,25.5,-104.589,39.6086,22.2583,-51.1033,658.559,2.31445,0.827211,60.4506,0.219233,0.000467119,0.289306,0.46289,0.231445,0.405029,0.231445,0.173584,0.405029,0.0578612,0.0578612,0,0,0,0,0,0
68016,68023,68020,25.4,-104.59,39.6085,22.6471,-51.8929,652.965,2.33305,0.81608,57.8011,0.212483,0.000430921,0.248197,0.248197,0.496394,0.347476,0.297837,0.347476,0.198558,0.0992789,0.0496394,0,0,0,0,0,0
68024,68030,68027,25.3,-104.591,39.6083,22.9583,-52.2483,649.385,2.43485,0.902399,60.2603,0.200333,0.000447945,0.289864,0.115945,0.347836,0.289864,0.463782,0.521754,0.347836,0.0579727,0,0,0,0,0,0,0
68031,68042,68036,25.2,-104.592,39.6079,23.404,-51.668,647.526,2.23227,0.892832,64.1488,0.215546,0.000501106,0.236756,0.3044,0.202934,0.270578,0.3044,0.405867,0.338223,0.169111,0,0,0,0,0,0,0
68043,68051,68047,25.1,-104.593,39.6074,23.8014,-51.5,644.904,1.97952,0.804487,56.9538,0.212386,0.000434128,0.0482809,0.144843,0.241405,0.434528,0.434528,0.289686,0.193124,0.193124,0,0,0,0,0,0,0
68052,68061,68056,25,-104.593,39.6068,24.1689,-51.86,641.054,2.02262,0.827559,58.5511,0.212255,0.000455878,0.036775,0.2942,0.2942,0.183875,0.4413,0.257425,0.404525,0.110325,0,0,0,0,0,0,0
68062,68071,68066,24.9,-104.594,39.6063,24.5578,-52.3756,636.636,2.20549,0.86331,62.5199,0.217257,0.000488823,0.147033,0.367582,0.330824,0.294066,0.220549,0.257308,0.514615,0.0367582,0.0367582,0,0,0,0,0,0
68073,68080,68076,24.8,-104.595,39.6059,24.965,-52.43,633.507,1.57316,0.557626,37.8214,0.203478,0.000287484,0.054247,0.325482,0.325482,0.054247,0.325482,0.162741,0.271235,0.054247,0,0,0,0,0,0,0
68082,68091,68086,24.7,-104.596,39.6056,25.3212,-53.035,629.213,1.9415,0.920722,68.0897,0.221858,0.000543927,0.20224,0.0808958,0.161792,0.242688,0.0404479,0.647167,0.444927,0.121344,0,0,0,0,0,0,0
68092,68102,68097,24.6,-104.597,39.6054,25.794,-53.812,623.693,2.50954,0.984332,76.1463,0.232075,0.000572882,0.321736,0.289562,0.257388,0.579124,0.225215,0.289562,0.321736,0.193041,0,0.0321736,0,0,0,0,0
68103,68113,68108,24.5,-104.597,39.6054,26.2618,-54.4127,618.791,2.13931,0.756286,54.2314,0.215123,0.000421712,0.433643,0.404734,0.144548,0.173457,0.231276,0.289095,0.375824,0.0578191,0.0289095,0,0,0,0,0,0
68117,68123,68120,24.4,-104.598,39.6056,26.6986,-54.37,616.004,2.72433,0.790565,50.7928,0.192746,0.000367311,0.267967,0.669918,0.535934,0.401951,0.133984,0.357289,0.267967,0.0893223,0,0,0,0,0,0,0
68125,68135,68130,24.3,-104.599,39.6058,27.16,-55.1138,610.916,2.18126,0.836319,59.8432,0.214666,0.000471791,0.233706,0.38951,0.350559,0.116853,0.194755,0.350559,0.428461,0.116853,0,0,0,0,0,0,0
68136,68147,68142,24.2,-104.6,39.6058,27.5775,-54.8188,609.074,2.27516,0.871822,66.9469,0.230369,0.000525925,0.501307,0.231372,0.269934,0.269934,0.19281,0.308496,0.308496,0.115686,0.0771241,0,0,0,0,0,0
68148,68160,68154,24.1,-104.602,39.6059,28.013,-55.112,605.553,2.25347,0.661081,41.3698,0.187737,0.000287666,0.243619,0.395881,0.274071,0.51769,0.334976,0.274071,0.121809,0.0913571,0,0,0,0,0,0,0
68161,68170,68166,24,-104.603,39.606,28.4638,-55.05,602.951,2.9219,0.947656,66.8558,0.211646,0.000506872,0.531255,0.379468,0.455362,0.569202,0.265628,0.189734,0.341521,0.151787,0.0379468,0,0,0,0,0,0
68173,68184,68178,23.9,-104.604,39.606,28.9357,-54.5114,601.619,2.20583,0.614546,39.3249,0.19197,0.000288422,0.424198,0.466618,0.381778,0.212099,0.212099,0.169679,0.296939,0.0424198,0,0,0,0,0,0,0
68185,68196,68190,23.8,-104.605,39.6058,29.3964,-53.8882,600.612,2.14044,0.835681,62.5961,0.224713,0.000500446,0.321066,0.321066,0.347822,0.187289,0.133778,0.2408,0.428088,0.133778,0.0267555,0,0,0,0,0,0
68199,68208,68204,23.7,-104.606,39.6057,29.8833,-53.5722,598.661,2.66744,0.875455,58.457,0.20032,0.000434854,0.44993,0.385655,0.417792,0.257103,0.224965,0.546344,0.289241,0.0964136,0,0,0,0,0,0,0
68210,68221,68216,23.6,-104.607,39.6054,30.3933,-53.3411,596.402,2.93936,0.869594,60.7657,0.209635,0.000453568,0.638992,0.575092,0.447294,0.351445,0.255597,0.223647,0.319496,0.0638992,0.0638992,0,0,0,0,0,0
