data/B2SAP/Locations/Boulder/NOAA-POPS-B2SAP_GMLBalloon_20200603_R0.ict
61,1001
Thornberry, T. D.
NOAA Chemical Sciences Laboratory
Portable Optical Particle Spectrometer (POPS)
Balloon Baseline Stratospheric Aerosol Profiles (B2SAP)
1,1
2020,06,03,2024,05,30
0
TIME_START,s,Seconds since midnight UTC on flight start day,Start time of 100 m altitude bin in UTC_seconds_since_midnight
28
1.0,1.0,1.0,1.0,1.0,1.0,1.0,1.0,1.0,1.0,1.0,1.0,1.0,1.0,1.0,1.0,1.0,1.0,1.0,1.0,1.0,1.0,1.0,1.0,1.0,1.0,1.0,1.0
99999,99999,99999,99999,99999,99999,99999,99999,99999,99999,99999,99999,99999,99999,99999,99999,99999,99999,99999,99999,99999,99999,99999,99999,99999,99999,99999,99999
TIME_STOP,s,End time of 100 m altitude bin in UTC seconds since midnight,
TIME_MID,s,Mid time of 100 m altitude in UTC seconds since midnight,
GPSAlt,m,GPS reported altitude above sea level (m),
GPS_Lon,deg,GPS reported longitude,
GPS_Lat,deg,GPS reported latitude,
iMet_Pressure,mb,Pressure reported (mB),
iMet_Temperature,degrees C,Ambient temperature (oC),
THETA,K,Potential temperature from iMet,
Aerosol_concentration,cm^-3,Aerosol concentration,
Surface_Area_Conc,um^2 cm^-3,Surface area concentration,
Volume_density,um^3 cm^-3,Volume density,
Effective_radius,um,Effective radius,
Extinction,km^-1,Extinction,
Bin01,cm^-3,particle concentration in size range [140 - 170 nm],
Bin02,cm^-3,particle concentration in size range [170 - 205 nm],
Bin03,cm^-3,particle concentration in size range [205 - 249 nm],
Bin04,cm^-3,particle concentration in size range [249 - 302 nm],
Bin05,cm^-3,particle concentration in size range [302 - 366 nm],
Bin06,cm^-3,particle concentration in size range [366 - 443 nm],
Bin07,cm^-3,particle concentration in size range [443 - 537 nm],
Bin08,cm^-3,particle concentration in size range [537 - 651 nm],
Bin09,cm^-3,particle concentration in size range [651 - 789 nm],
Bin10,cm^-3,particle concentration in size range [789 - 956 nm],
Bin11,cm^-3,particle concentration in size range [956 - 1159 nm],
Bin12,cm^-3,particle concentration in size range [1159 - 1404 nm],
Bin13,cm^-3,particle concentration in size range [1404 - 1702 nm],
Bin14,cm^-3,particle concentration in size range [1702 - 2062 nm],
Bin15,cm^-3,particle concentration in size range [2062 - 2500 nm],
0
19
PI_CONTACT_INFO: 325 Broadway R/CSL6, Boulder, CO 80305; troy.thornberry@noaa.gov; 303-497-3373 
PLATFORM: GML ECC/FPH balloon
LOCATION: Boulder, CO, USA
ASSOCIATED_DATA: N/A
INSTRUMENT_INFO: Printed Optical Particle Spectrometer counts particles from 140 - 2500 nm in diameter 
DATA_INFO: Particle concentrations reported in number per cubic centimeter, binned to 100 m altitude
UNCERTAINTY: Counting uncertainty dominated by air flow, less than 5 percent
ULOD_FLAG: -77777
ULOD_VALUE: 3000 ~3000 per cm3 (varies depending on flow rate- manufacturer quotes 1250  per cm3 at 1.667 cc/s)
LLOD_FLAG: -88888
LLOD_VALUE: 0 0 (varies depending on data field and measurement precision)
DM_CONTACT_INFO: Troy Thornberry, 325 Broadway R/CSL6, Boulder, CO 80305; troy.thornberry@noaa.gov; 303-497-3373
PROJECT_INFO: B2SAP Boulder, CO, USA
STIPULATIONS_ON_USE: Please contact the PIs for questions regarding applications and uncertainties
OTHER_COMMENTS: POPS bin Edges (nm):  140, 170, 205, 249, 302, 366, 443, 537, 651, 789, 956, 1159, 1404, 1702, 2062, 2500
Calculations assume sulfate refractive index of 1.45+0.00j and extinction wavelength = 532 nm
REVISION: R0
R0: QA/QC data
TIME_START,TIME_STOP,TIME_MID,GPSAlt,GPS_Lon,GPS_Lat,iMet_Pressure,iMet_Temperature,THETA,Aerosol_concentration,Surface_Area_Conc,Volume_density,Effective_radius,Extinction,Bin01,Bin02,Bin03,Bin04,Bin05,Bin06,Bin07,Bin08,Bin09,Bin10,Bin11,Bin12,Bin13,Bin14,Bin15
[from data line 225]
63011,63029,63020,24.2,-104.448,39.9577,28.5965,-54.8853,602.614,2.36499,0.932001,66.7018,0.214705,0.000521188,0.255675,0.255675,0.335573,0.319593,0.239695,0.399492,0.399492,0.159797,0,0,0,0,0,0,0
63030,63048,63039,24.3,-104.451,39.9576,28.1629,-55.4229,603.759,2.3438,0.789328,54.8252,0.208374,0.000417438,0.227869,0.520844,0.374356,0.260422,0.276698,0.276698,0.227869,0.17904,0,0,0,0,0,0,0
63049,63070,63060,24.4,-104.453,39.9575,27.6863,-55.1026,607.605,2.627,1.14453,91.8105,0.24065,0.000724231,0.29352,0.396252,0.322872,0.278844,0.278844,0.3669,0.381576,0.22014,0.07338,0.014676,0,0,0,0,0
63071,63091,63081,24.5,-104.456,39.9574,27.2759,-55.35,609.504,2.12795,0.792268,56.723,0.214787,0.000437721,0.282619,0.282619,0.265994,0.282619,0.265994,0.315868,0.282619,0.132997,0.0166246,0,0,0,0,0,0
63092,63111,63102,24.6,-104.459,39.9576,26.8253,-55.5012,611.992,2.30512,0.796439,57.1179,0.21515,0.000441168,0.334075,0.484409,0.217149,0.384186,0.183741,0.250556,0.26726,0.167037,0.0167037,0,0,0,0,0,0
63113,63130,63122,24.7,-104.462,39.9578,26.4282,-55.4088,614.86,1.9352,0.73583,64.0653,0.261196,0.000406925,0.37346,0.339509,0.220681,0.135804,0.288583,0.220681,0.220681,0.101853,0,0.0169755,0.0169755,0,0,0,0
63131,63151,63141,24.8,-104.465,39.9584,25.9759,-54.8812,619.403,1.83332,0.702582,51.2737,0.218937,0.000403472,0.154204,0.342676,0.291275,0.222739,0.13707,0.222739,0.342676,0.102803,0.0171338,0,0,0,0,0,0
63152,63172,63162,24.9,-104.466,39.9592,25.5256,-55.6228,620.391,2.07694,0.679883,47.7774,0.210819,0.000365627,0.346157,0.346157,0.36264,0.230771,0.247255,0.148353,0.263738,0.115386,0.0164836,0,0,0,0,0,0
63174,63193,63184,25,-104.468,39.9597,25.1218,-55.3688,623.953,2.09058,0.732681,52.965,0.216868,0.000411255,0.318902,0.389769,0.265751,0.230318,0.283468,0.177168,0.248035,0.159451,0.0177168,0,0,0,0,0,0
63198,63215,63206,25.1,-104.47,39.9597,24.7171,-54.8729,628.276,1.88759,0.623595,43.7422,0.210436,0.000334321,0.36884,0.238661,0.238661,0.347143,0.195268,0.108482,0.30375,0.0650894,0.0216965,0,0,0,0,0,0
63215,63235,63225,25.2,-104.473,39.9597,24.3274,-54.2226,633.025,1.98429,0.710157,52.4818,0.221705,0.000396214,0.292764,0.325293,0.260234,0.309028,0.162646,0.21144,0.309028,0.0975879,0,0.0162646,0,0,0,0,0
63237,63256,63246,25.3,-104.475,39.9593,23.9233,-53.6311,637.769,1.2839,0.401095,25.8792,0.193564,0.000189531,0.222542,0.154068,0.188305,0.188305,0.171186,0.154068,0.188305,0.0171186,0,0,0,0,0,0,0
63257,63276,63266,25.4,-104.477,39.9592,23.6069,-53.3281,641.097,1.67813,0.522881,39.5279,0.226789,0.000292621,0.327911,0.443644,0.250755,0.135022,0.115733,0.115733,0.1736,0.0964444,0,0.0192889,0,0,0,0,0
63277,63296,63286,25.5,-104.48,39.9593,23.18,-52.8756,645.765,1.67147,0.639831,57.2384,0.268376,0.000416992,0.471945,0.235972,0.275301,0.0786574,0.117986,0.176979,0.117986,0.137651,0,0.0589931,0,0,0,0,0
63297,63313,63305,25.6,-104.483,39.9595,22.8479,-52.6143,649.211,1.38618,0.486777,34.9993,0.2157,0.000270076,0.249966,0.15907,0.227242,0.204518,0.0908969,0.15907,0.227242,0.0454484,0.0227242,0,0,0,0,0,0
63317,63335,63326,25.7,-104.486,39.9601,22.4712,-52.2918,653.242,1.70282,0.66965,50.8009,0.227585,0.000402565,0.245962,0.340563,0.132441,0.132441,0.245962,0.189202,0.264882,0.113521,0.0378404,0,0,0,0,0,0
63336,63355,63346,25.8,-104.488,39.9607,22.1242,-51.3437,658.988,1.75769,0.647308,47.7341,0.221227,0.000371903,0.321117,0.236612,0.18591,0.253513,0.169009,0.253513,0.152108,0.169009,0.0169009,0,0,0,0,0,0
63357,63374,63366,25.9,-104.49,39.9615,21.765,-51.4,661.891,1.73375,0.543122,35.9676,0.198671,0.000268016,0.273749,0.291999,0.273749,0.237249,0.16425,0.200749,0.237249,0.0547499,0,0,0,0,0,0,0
63377,63396,63386,26,-104.492,39.9622,21.4242,-50.9089,666.37,1.86419,0.689411,50.1952,0.218426,0.000390129,0.397003,0.207132,0.155349,0.224393,0.207132,0.310698,0.207132,0.138088,0.017261,0,0,0,0,0,0
63398,63418,63408,26.1,-104.495,39.9626,21.0921,-51.1032,668.753,1.7734,0.690107,54.9246,0.238766,0.000420374,0.319212,0.230542,0.195074,0.26601,0.212808,0.159606,0.212808,0.124138,0.035468,0.017734,0,0,0,0,0
63419,63437,63428,26.2,-104.497,39.963,20.7447,-51.216,671.607,1.37275,0.421905,29.437,0.209315,0.000225583,0.360066,0.225041,0.157529,0.135025,0.157529,0.112521,0.112521,0.112521,0,0,0,0,0,0,0
63438,63456,63447,26.3,-104.5,39.9637,20.4024,-51.0676,675.243,1.69072,0.477715,33.2025,0.208508,0.000256116,0.563573,0.281786,0.221404,0.140893,0.0805104,0.120766,0.161021,0.120766,0,0,0,0,0,0,0
63458,63477,63468,26.4,-104.502,39.9644,20.105,-50.4406,680.008,1.5349,0.464617,30.3515,0.195977,0.000223631,0.324275,0.302657,0.108092,0.172947,0.194565,0.216183,0.172947,0.0432367,0,0,0,0,0,0,0
63478,63497,63488,26.5,-104.505,39.9651,19.7783,-50.0772,684.302,1.52427,0.499089,33.9692,0.204187,0.000254209,0.293128,0.214961,0.175877,0.195419,0.175877,0.254044,0.117251,0.0977094,0,0,0,0,0,0,0
63498,63516,63507,26.6,-104.507,39.9656,19.4492,-49.5623,689.188,1.14453,0.305614,19.3181,0.189633,0.000137063,0.163505,0.272508,0.163505,0.245257,0.109003,0.0545016,0.0817525,0.0545016,0,0,0,0,0,0,0
63517,63536,63526,26.7,-104.509,39.9661,19.1983,-49.5717,691.712,1.18092,0.321639,21.0696,0.196521,0.000154871,0.29523,0.265707,0.118092,0.147615,0.0885689,0.118092,0.0885689,0.0590459,0,0,0,0,0,0,0
63538,63557,63548,26.8,-104.511,39.9662,18.8453,-48.8773,697.562,1.57118,0.384564,23.7183,0.185028,0.000166491,0.48344,0.217548,0.290064,0.169204,0.096688,0.169204,0.096688,0.048344,0,0,0,0,0,0,0
63558,63571,63564,26.9,-104.513,39.9663,18.5664,-48.3407,702.2,1.76024,0.540264,38.7853,0.215369,0.000299774,0.440059,0.336516,0.258858,0.207087,0.0517717,0.129429,0.232973,0.0776575,0.0258858,0,0,0,0,0,0
63578,63596,63587,27,-104.516,39.9663,18.1827,-47.5613,708.865,1.38795,0.278392,15.1924,0.163715,9.6887e-05,0.446127,0.371772,0.148709,0.123924,0.0743545,0.148709,0.0743545,0,0,0,0,0,0,0,0
63597,63618,63608,27.1,-104.518,39.9666,17.933,-48.277,709.403,1.08195,0.254939,15.2565,0.179531,0.000105078,0.223852,0.317123,0.186543,0.0932715,0.0373086,0.13058,0.0746172,0.0186543,0,0,0,0,0,0,0
63619,63639,63629,27.2,-104.521,39.9673,17.6575,-48.6335,711.428,1.3943,0.403508,28.0671,0.208673,0.000211405,0.433362,0.188418,0.188418,0.131893,0.131893,0.113051,0.131893,0.0565255,0.0188418,0,0,0,0,0,0
63640,63659,63650,27.3,-104.524,39.9685,17.3772,-48.595,714.797,1.62946,0.342009,21.2071,0.186022,0.00015243,0.643209,0.428806,0.107202,0.150082,0.0857612,0.0428806,0.107202,0.0643209,0,0,0,0,0,0,0
63660,63677,63668,27.4,-104.526,39.9693,17.13,-47.9382,719.845,1.22302,0.337273,24.1571,0.214874,0.000183578,0.385025,0.226485,0.181188,0.113243,0.0905941,0.045297,0.0905941,0.0679456,0.0226485,0,0,0,0,0,0
63678,63699,63688,27.5,-104.528,39.9699,16.8565,-47.0559,725.983,1.5078,0.439064,32.1903,0.219947,0.000250287,0.525445,0.29699,0.114227,0.0913817,0.182763,0.0456908,0.114227,0.114227,0.0228454,0,0,0,0,0,0
63700,63718,63709,27.6,-104.53,39.9704,16.5846,-46.3385,731.689,1.36473,0.317894,19.6664,0.185594,0.000138302,0.363929,0.363929,0.181964,0.12131,0.12131,0.0909822,0.0606548,0.0606548,0,0,0,0,0,0,0
63722,63741,63732,27.7,-104.531,39.9711,16.2835,-46.039,736.495,1.3387,0.535933,50.1762,0.280872,0.000306807,0.37405,0.177181,0.157495,0.0590605,0.137808,0.118121,0.196868,0.0984341,0,0,0.0196868,0,0,0,0
63742,63761,63752,27.8,-104.533,39.9714,16.0445,-45.418,741.639,1.21208,0.335181,21.3819,0.191376,0.000153715,0.242416,0.323221,0.121208,0.101007,0.101007,0.202013,0.0808053,0.0404027,0,0,0,0,0,0,0
63762,63780,63771,27.9,-104.535,39.9715,15.8042,-44.9105,746.489,1.38382,0.375524,25.1103,0.200602,0.000188141,0.468371,0.255475,0.0638688,0.127738,0.212896,0.0638688,0.106448,0.0851584,0,0,0,0,0,0,0
63781,63800,63790,28,-104.537,39.9717,15.5775,-44.6495,750.449,1.25838,0.316173,23.8444,0.226247,0.000164391,0.446523,0.223262,0.243558,0.081186,0.081186,0.040593,0.081186,0.040593,0,0.0202965,0,0,0,0,0
63801,63820,63810,28.1,-104.54,39.9719,15.304,-44.699,754.088,1.27411,0.306137,21.1284,0.207048,0.000156021,0.543062,0.20887,0.146209,0.0835481,0.0835481,0.0835481,0.041774,0.0626611,0.020887,0,0,0,0,0,0
63821,63839,63830,28.2,-104.543,39.9719,15.0463,-44.4526,758.573,1.12157,0.308397,22.6665,0.220494,0.000166986,0.219915,0.395847,0.0879659,0.15394,0.0659745,0.0879659,0.0219915,0.043983,0.043983,0,0,0,0,0,0
63840,63859,63850,28.3,-104.545,39.9719,14.8678,-44.0906,762.364,0.790465,0.261658,19.1027,0.219019,0.000152861,0.209241,0.185992,0.0464979,0.023249,0.116245,0.023249,0.116245,0.0697469,0,0,0,0,0,0,0
63860,63879,63870,28.4,-104.548,39.972,14.62,-43.7342,767.234,1.1317,0.374066,41.9392,0.336351,0.000163678,0.248974,0.316875,0.181072,0.135804,0.0452679,0.0452679,0.135804,0,0,0,0,0,0.022634,0,0
63880,63896,63888,28.5,-104.55,39.9721,14.3576,-43.5447,771.849,0.887867,0.205246,12.9745,0.189643,9.25342e-05,0.355147,0.126838,0.101471,0.0761029,0.101471,0.0507353,0.0253676,0.0507353,0,0,0,0,0,0,0
63901,63913,63907,28.6,-104.553,39.9723,14.1489,-42.9878,776.962,0.908213,0.706274,171.937,0.730328,0.000444174,0.430206,0.191203,0,0,0.0478007,0.0956014,0.0956014,0,0,0,0,0,0,0.0478007,0
63920,63920,63920,28.7,-104.554,39.9724,14.01,-42.86,779.575,0.859935,0.0603807,1.50449,0.07475,1.67605e-06,0.859935,0,0,0,0,0,0,0,0,0,0,0,0,0,0
57900,58152,58026,1.8,-105.197,39.9491,827.305,24.6764,314.407,556.837,149.082,10104,0.203325,0.0636324,112.552,106.474,86.7083,77.9685,62.6191,55.6023,44.7324,8.58312,0.689155,0.219277,0.219277,0.125301,0.156626,0.125301,0.0626505
57956,58068,58012,1.7,-105.197,39.9491,827.323,24.3367,314.046,518.383,145.557,10560.3,0.217652,0.0639659,87.2411,105.196,81.7166,76.1921,63.4167,51.1017,42.6998,8.17166,1.26603,0.575469,0.230188,0.115094,0.115094,0.230188,0.115094
64997,64997,64997,27.2,-104.648,40.0142,16.25,-43.7,744.498,0.427326,0.325628,26.7286,0.24625,0.000236308,0,0,0,0,0,0,0.427326,0,0,0,0,0,0,0,0
64999,64999,64999,27.1,-104.648,40.0142,16.95,-45.11,731.072,1.33438,0.0936943,2.33455,0.07475,2.60077e-06,1.33438,0,0,0,0,0,0,0,0,0,0,0,0,0,0
65000,65000,65000,27,-104.648,40.0142,17.2,-45.4,727.109,2.22681,0.156356,3.89587,0.07475,4.34013e-06,2.22681,0,0,0,0,0,0,0,0,0,0,0,0,0,0
65002,65002,65002,26.8,-104.648,40.0143,17.59,-45.39,722.488,2.08305,0.80604,63.6031,0.236724,0.000516232,0.41661,0.41661,0.41661,0,0,0.41661,0,0.41661,0,0,0,0,0,0,0
65006,65006,65006,26.4,-104.649,40.0144,18.66,-46.55,706.779,1.18009,0.687266,53.1071,0.231819,0.000450242,0,0,0,0.393364,0,0,0.786729,0,0,0,0,0,0,0,0
65008,65008,65008,26.3,-104.649,40.0144,19.23,-47.23,698.625,2.03439,0.337998,17.6141,0.156339,0.000107835,1.22063,0.406878,0,0,0,0.406878,0,0,0,0,0,0,0,0,0
65009,65009,65009,26.2,-104.649,40.0144,19.46,-47.56,695.25,1.1466,0.68611,50.5926,0.221215,0.000405082,0,0,0,0,0,0.764401,0.3822,0,0,0,0,0,0,0,0
65010,65010,65010,26.1,-104.649,40.0144,19.67,-47.79,692.394,0.407889,0.0422129,1.27694,0.09075,2.3436e-06,0,0.407889,0,0,0,0,0,0,0,0,0,0,0,0,0
65011,65011,65011,26,-104.649,40.0145,19.94,-48.18,688.522,0,0,0,99999,0,0,0,0,0,0,0,0,0,0,0,0,0,0,0,0
65012,65013,65012,25.9,-104.649,40.0145,20.32,-48.54,683.728,1.19055,0.314051,17.9034,0.171023,0.00011286,0.198425,0.198425,0.198425,0.198425,0,0.39685,0,0,0,0,0,0,0,0,0
65014,65014,65014,25.8,-104.65,40.0145,20.73,-48.7,679.353,1.45615,0.52869,37.2558,0.211405,0.000296372,0.364038,0.364038,0,0,0,0.364038,0.364038,0,0,0,0,0,0,0,0
65015,65015,65015,25.7,-104.65,40.0145,20.95,-48.77,677.075,0.374556,0.0262996,0.655298,0.07475,7.30024e-07,0.374556,0,0,0,0,0,0,0,0,0,0,0,0,0,0
65016,65016,65016,25.6,-104.65,40.0145,21.28,-49.2,672.781,0.70998,0.424293,39.1886,0.277086,0.000343681,0,0.35499,0,0,0,0,0,0.35499,0,0,0,0,0,0,0
65017,65017,65017,25.5,-104.65,40.0146,21.62,-49.71,668.23,0.376132,0.0839236,3.72761,0.13325,1.45224e-05,0,0,0,0.376132,0,0,0,0,0,0,0,0,0,0,0
65018,65019,65018,25.4,-104.65,40.0146,22,-50.265,663.252,1.30116,0.245133,11.0876,0.135692,5.24302e-05,0.18588,0.37176,0.18588,0.18588,0.37176,0,0,0,0,0,0,0,0,0,0
65020,65020,65020,25.3,-104.65,40.0147,22.5,-50.6,658.001,1.10144,0.185981,8.42137,0.135842,4.21865e-05,0.367146,0.367146,0,0,0.367146,0,0,0,0,0,0,0,0,0,0
65021,65021,65021,25.2,-104.651,40.0147,22.81,-50.79,654.887,1.10238,1.769,339.437,0.575644,0.000978692,0,0.36746,0.36746,0,0,0,0,0,0,0,0.36746,0,0,0,0
65022,65022,65022,25,-104.651,40.0147,23.11,-51.07,651.607,0.357979,0.0370477,1.12069,0.09075,2.05683e-06,0,0.357979,0,0,0,0,0,0,0,0,0,0,0,0,0
65025,65025,65025,24.9,-104.651,40.0147,23.92,-52.52,641.013,0.350849,0.181239,12.2488,0.20275,8.89187e-05,0,0,0,0,0,0.350849,0,0,0,0,0,0,0,0,0
65026,65026,65026,24.8,-104.651,40.0148,24.27,-52.88,637.329,2.05447,3.93405,687.583,0.524332,0.00231154,0,0,0,0,0.342412,0.342412,0.684824,0,0,0,0.684824,0,0,0,0
65027,65027,65027,24.7,-104.651,40.0148,24.63,-53.33,633.37,20.0721,2.1816,105.847,0.145554,0.000661278,18.6635,0.352142,0,0,0,0.352142,0.352142,0.352142,0,0,0,0,0,0,0
65028,65028,65028,24.6,-104.651,40.0149,24.98,-53.43,630.518,2.40288,0.776544,51.1169,0.197478,0.000380384,0.686538,0.343269,0,0.343269,0,0.686538,0.343269,0,0,0,0,0,0,0,0
65030,65032,65031,24.4,-104.652,40.0149,26.08,-53.79,621.802,1.50856,0.304727,17.3221,0.170533,0.000118796,0.502855,0.335237,0.335237,0,0.167618,0,0.167618,0,0,0,0,0,0,0,0
65033,65033,65033,24.3,-104.652,40.0149,26.63,-53.94,617.661,1.67733,0.479708,28.3851,0.177515,0.000185574,0.335466,0.335466,0,0.335466,0,0.670932,0,0,0,0,0,0,0,0,0
65034,65034,65034,24.2,-104.652,40.0149,26.89,-54.13,615.423,1.27907,0.353556,19.7339,0.167446,0.000122148,0,0.319769,0.319769,0,0.319769,0.319769,0,0,0,0,0,0,0,0,0
65035,65036,65036,24.1,-104.652,40.015,27.43,-54.055,612.153,1.59829,0.499757,33.4019,0.200509,0.00023926,0.319657,0,0.159829,0.639314,0.159829,0.159829,0,0.159829,0,0,0,0,0,0,0
65037,65037,65037,24,-104.652,40.015,27.88,-54.33,608.544,2.4441,1.19733,95.5992,0.23953,0.000773018,0,0.305513,0.305513,0.611025,0,0.611025,0,0.611025,0,0,0,0,0,0,0
65038,65038,65038,23.9,-104.652,40.015,28.2,-54.59,605.824,2.01878,0.470713,24.6873,0.15734,0.000142172,0.336464,0.336464,0.336464,0.336464,0.336464,0.336464,0,0,0,0,0,0,0,0,0
65039,65040,65040,23.8,-104.653,40.0151,28.7,-54.855,602.078,2.94285,1.2344,90.8345,0.220757,0.000732101,0.619547,0,0.46466,0.309774,0.154887,0.46466,0.774434,0.154887,0,0,0,0,0,0,0
65041,65041,65041,23.7,-104.653,40.0151,29.19,-55.05,598.62,1.22608,0.510191,39.4175,0.23178,0.000340202,0.613042,0,0,0,0,0,0.613042,0,0,0,0,0,0,0,0
65042,65043,65042,23.6,-104.653,40.0151,29.755,-54.985,595.548,2.12091,0.861186,67.9434,0.236686,0.000522952,0.151494,0.151494,0.605975,0.151494,0.454481,0.151494,0.302988,0,0.151494,0,0,0,0,0,0
65044,65044,65044,23.5,-104.653,40.0151,30.41,-55.09,591.555,1.75949,0.598321,42.2629,0.211907,0.000341366,0.586496,0,0.293248,0.293248,0,0,0.586496,0,0,0,0,0,0,0,0
65045,65046,65046,23.4,-104.653,40.0151,31,-55.07,588.389,2.19916,0.872241,66.8332,0.229867,0.000543779,0.439833,0.293222,0.439833,0,0.146611,0.293222,0.293222,0.293222,0,0,0,0,0,0,0
65047,65047,65047,23.3,-104.653,40.0152,31.47,-55.18,585.551,3.52043,1.4064,104.21,0.222292,0.000841204,0,1.17348,0,0.880107,0.293369,0,0.880107,0.293369,0,0,0,0,0,0,0
65048,65049,65048,23.2,-104.653,40.0152,31.9,-55.53,582.361,2.20381,1.08726,89.4263,0.246747,0.00071451,0.293841,0,0.440761,0,0.440761,0.440761,0.293841,0.14692,0.14692,0,0,0,0,0,0
65050,65050,65050,23.1,-104.654,40.0152,32.39,-55.91,578.801,3.16901,1.39124,99.1345,0.213768,0.000792706,0.288092,0,0.576184,0.288092,0.576184,0.288092,1.15237,0,0,0,0,0,0,0,0
65051,65052,65052,23,-104.654,40.0153,33.02,-56.295,574.621,1.58732,0.563054,39.1467,0.208577,0.000310281,0.577207,0,0.144302,0,0.288603,0.144302,0.432905,0,0,0,0,0,0,0,0
65053,65053,65053,22.9,-104.654,40.0153,33.53,-56.31,572.053,2.54349,1.18467,84.7393,0.21459,0.000675936,0,0.565221,0,0,0.565221,0.565221,0.847831,0,0,0,0,0,0,0,0
