data/B2SAP/Locations/Boulder/NOAA-POPS-B2SAP_GMLBalloon_20230303_R0.ict
61,1001
Thornberry, T. D.
NOAA Chemical Sciences Laboratory
Portable Optical Particle Spectrometer (POPS)
Balloon Baseline Stratospheric Aerosol Profiles (B2SAP)
1,1
2023,03,03,2024,05,28
0
TIME_START,s,Seconds since midnight UTC on flight start day,Start time of 100 m altitude bin in UTC_seconds_since_midnight
28
1.0,1.0,1.0,1.0,1.0,1.0,1.0,1.0,1.0,1.0,1.0,1.0,1.0,1.0,1.0,1.0,1.0,1.0,1.0,1.0,1.0,1.0,1.0,1.0,1.0,1.0,1.0,1.0
99999,99999,99999,99999,99999,99999,99999,99999,99999,99999,99999,99999,99999,99999,99999,99999,99999,99999,99999,99999,99999,99999,99999,99999,99999,99999,99999,99999
TIME_STOP,s,End time of 100 m altitude bin in UTC seconds since midnight,
TIME_MID,s,Mid time of 100 m altitude in UTC seconds since midnight,
GPSAlt,m,GPS reported altitude above sea level (m),
GPS_Lon,deg,GPS reported longitude,
GPS_Lat,deg,GPS reported latitude,
iMet_Pressure,mb,Pressure reported (mB),
iMet_Temperature,degrees C,Ambient temperature (oC),
THETA,K,Potential temperature from iMet,
Aerosol_concentration,cm^-3,Aerosol concentration,
Surface_Area_Conc,um^2 cm^-3,Surface area concentration,
Volume_density,um^3 cm^-3,Volume density,
Effective_radius,um,Effective radius,
Extinction,km^-1,Extinction,
Bin01,cm^-3,particle concentration in size range [140 - 170 nm],
Bin02,cm^-3,particle concentration in size range [170 - 205 nm],
Bin03,cm^-3,particle concentration in size range [205 - 249 nm],
Bin04,cm^-3,particle concentration in size range [249 - 302 nm],
Bin05,cm^-3,particle concentration in size range [302 - 366 nm],
Bin06,cm^-3,particle concentration in size range [366 - 443 nm],
Bin07,cm^-3,particle concentration in size range [443 - 537 nm],
Bin08,cm^-3,particle concentration in size range [537 - 651 nm],
Bin09,cm^-3,particle concentration in size range [651 - 789 nm],
Bin10,cm^-3,particle concentration in size range [789 - 956 nm],
Bin11,cm^-3,particle concentration in size range [956 - 1159 nm],
Bin12,cm^-3,particle concentration in size range [1159 - 1404 nm],
Bin13,cm^-3,particle concentration in size range [1404 - 1702 nm],
Bin14,cm^-3,particle concentration in size range [1702 - 2062 nm],
Bin15,cm^-3,particle concentration in size range [2062 - 2500 nm],
0
19
PI_CONTACT_INFO: 325 Broadway R/CSL6, Boulder, CO 80305; troy.thornberry@noaa.gov; 303-497-3373 
PLATFORM: GML ECC/FPH balloon
LOCATION: Boulder, CO, USA
ASSOCIATED_DATA: N/A
INSTRUMENT_INFO: Printed Optical Particle Spectrometer counts particles from 140 - 2500 nm in diameter 
DATA_INFO: Particle concentrations reported in number per cubic centimeter, binned to 100 m altitude
UNCERTAINTY: Counting uncertainty dominated by air flow, less than 5 percent
ULOD_FLAG: -77777
ULOD_VALUE: 3000 ~3000 per cm3 (varies depending on flow rate- manufacturer quotes 1250  per cm3 at 1.667 cc/s)
LLOD_FLAG: -88888
LLOD_VALUE: 0 0 (varies depending on data field and measurement precision)
DM_CONTACT_INFO: Troy Thornberry, 325 Broadway R/CSL6, Boulder, CO 80305; troy.thornberry@noaa.gov; 303-497-3373
PROJECT_INFO: B2SAP Boulder, CO, USA
STIPULATIONS_ON_USE: Please contact the PIs for questions regarding applications and uncertainties
OTHER_COMMENTS: POPS bin Edges (nm):  140, 170, 205, 249, 302, 366, 443, 537, 651, 789, 956, 1159, 1404, 1702, 2062, 2500
Calculations assume sulfate refractive index of 1.45+0.00j and extinction wavelength = 532 nm
REVISION: R0
R0: QA/QC data
TIME_START,TIME_STOP,TIME_MID,GPSAlt,GPS_Lon,GPS_Lat,iMet_Pressure,iMet_Temperature,THETA,Aerosol_concentration,Surface_Area_Conc,Volume_density,Effective_radius,Extinction,Bin01,Bin02,Bin03,Bin04,Bin05,Bin06,Bin07,Bin08,Bin09,Bin10,Bin11,Bin12,Bin13,Bin14,Bin15
[from data line 456]
73154,73198,73176,7.8,-103.173,40.3694,359.042,-39.9171,312.527,52.2134,10.6156,877.359,0.247944,0.00350889,15.4603,13.2897,10.0538,5.60618,4.66072,1.47811,1.02536,0.199745,0.079898,0.106531,0.039949,0.079898,0.0665817,0.0665817,0
73199,73239,73219,7.7,-103.16,40.3727,364.576,-39.5844,311.612,54.8357,11.2256,932.331,0.249162,0.00378001,17.0629,12.7064,10.6272,6.10569,4.53801,1.68319,1.41916,0.330037,0.0660074,0.0660074,0.0165019,0.0825093,0.0660074,0.0495056,0.0165019
73240,73278,73259,7.6,-103.149,40.3753,369.624,-38.5897,311.714,76.7396,15.7332,1243.28,0.237068,0.00526078,22.0463,19.7034,14.3775,8.25776,6.81105,2.791,1.76678,0.28166,0.28166,0.0896191,0.102422,0.102422,0.0896191,0,0.0384082
73292,73301,73296,7.5,-103.139,40.3773,374.423,-38.759,310.345,114.971,24.9417,2104.84,0.253171,0.00865114,31.419,27.5376,22.4713,13.3602,11.2357,4.08569,3.18684,0.776282,0.204285,0.163428,0.0817139,0.122571,0.245142,0,0.0817139
73319,73346,73332,7.4,-103.129,40.3794,379.844,-37.8387,310.276,138.125,30.0091,2485.78,0.248503,0.0104616,36.5234,34.2518,26.2656,16.4515,13.5942,5.41285,3.67364,0.798617,0.372688,0.159723,0.106482,0.17747,0.195218,0.0887352,0.0532411
73365,73395,73380,7.3,-103.118,40.3816,386.282,-36.7391,310.236,141.911,32.046,2825.96,0.264554,0.0117265,38.1514,34.1685,26.3685,17.2594,13.8481,5.5503,4.24109,0.921977,0.516307,0.184395,0.0921977,0.258154,0.184395,0.0737581,0.0921977
73396,73431,73414,7.2,-103.109,40.3837,391.534,-36.0968,309.884,144.439,32.4767,2853.48,0.263587,0.0116636,39.7525,33.6956,28.4628,16.378,14.6434,5.01604,4.26435,0.780594,0.346931,0.231287,0.231287,0.289109,0.202376,0.0722772,0.0722772
73432,73469,73450,7.1,-103.099,40.3862,397.493,-34.9693,310.02,137.11,33.1039,3506.55,0.317777,0.0126489,37.754,32.6645,26.2957,15.5744,13.2521,5.20073,4.11609,0.750908,0.264208,0.278114,0.0973399,0.264208,0.29202,0.152963,0.152963
73470,73508,73489,7,-103.09,40.3888,403.478,-33.9045,310.074,134.368,30.7812,2913.66,0.283972,0.0111877,36.7138,32.0761,26.5663,15.2143,12.9855,5.06683,3.72398,0.650659,0.263032,0.235345,0.221501,0.263032,0.193813,0.0969067,0.0969067
73509,73546,73528,6.9,-103.081,40.3909,408.678,-33.1555,309.906,143.873,32.0356,2864.81,0.268278,0.0113884,39.2303,34.2751,27.6115,16.974,14.5024,5.13702,4.02238,0.920786,0.266543,0.19385,0.0969249,0.242312,0.218081,0.0848093,0.0969249
73548,73584,73566,6.8,-103.072,40.3931,414.725,-32.2518,309.774,145.096,31.5769,2645.99,0.251385,0.0109155,39.6723,35.7576,26.8771,17.2173,14.4263,5.18331,3.89654,0.869926,0.235605,0.181235,0.199358,0.199358,0.253728,0.0724938,0.0543704
73585,73615,73600,6.7,-103.063,40.3949,420.221,-31.7615,309.241,147.27,32.7312,2969.42,0.272164,0.0119111,41.0138,35.62,28.1187,16.4173,14.5604,5.42331,3.84643,0.825287,0.383169,0.353694,0.176847,0.191584,0.147373,0.0736863,0.117898
73636,73664,73650,6.6,-103.052,40.397,427.171,-30.21,309.776,149.7,32.3896,2780.77,0.257561,0.0110934,41.8188,35.2774,29.5086,17.0726,14.8082,5.46323,3.88177,0.62899,0.287538,0.179711,0.0898557,0.305509,0.215654,0.0898557,0.0718846
73665,73706,73686,6.5,-103.044,40.3987,432.454,-29.4061,309.706,150.922,35.2121,3464.94,0.295205,0.0130343,40.0467,36.495,29.9064,16.729,14.9103,6.38277,4.03212,0.960847,0.291686,0.274528,0.102948,0.25737,0.274528,0.102948,0.154422
73707,73750,73728,6.4,-103.033,40.4009,439.156,-28.3122,309.731,159.58,34.4541,2767.26,0.240952,0.012042,43.2634,39.0829,30.0232,18.1684,16.1579,6.05614,4.41338,1.06657,0.465857,0.171631,0.171631,0.281966,0.147113,0.0367782,0.0735563
73751,73790,73770,6.3,-103.023,40.4028,445.365,-27.9227,308.984,178.204,39.968,3446.31,0.25868,0.0144877,47.8987,43.4854,33.8906,20.0783,18.075,6.507,5.24175,1.446,0.346437,0.286187,0.150625,0.406687,0.195812,0.1205,0.0753124
73793,73835,73814,6.2,-103.011,40.4047,452.355,-26.958,308.825,191.144,45.8247,4628.23,0.302996,0.0175551,52.4352,46.2449,35.581,21.1717,18.3107,8.32304,5.51402,1.50855,0.468171,0.312114,0.130048,0.468171,0.312114,0.182067,0.182067
73837,73876,73856,6.1,-103.003,40.4059,457.565,-26.239,308.717,203.942,45.3771,3956.9,0.261601,0.016268,55.3734,50.4723,37.8589,23.1925,19.6785,8.5446,5.60392,1.47958,0.480865,0.203443,0.221938,0.369896,0.221938,0.129464,0.110969
73877,73923,73900,6,-102.992,40.4075,464.632,-25.1663,308.696,217.171,48.2584,4247.15,0.264025,0.0172985,59.7788,51.6029,41.2435,25.4254,20.7067,8.89161,6.19865,1.61335,0.436696,0.230478,0.218348,0.279,0.279,0.121304,0.145565
73924,73975,73950,5.9,-102.981,40.4085,470.393,-24.8611,307.99,187.048,38.7081,2835.88,0.21979,0.0134026,52.7976,46.7513,34.9882,19.9012,17.5658,6.73402,5.44452,1.46142,0.530125,0.243571,0.18626,0.200588,0.157605,0.0429831,0.0429831
73976,74015,73996,5.8,-102.97,40.4093,476.745,-24.5,307.26,194.133,43.467,3848.65,0.265626,0.0157236,54.3655,46.893,35.7602,21.8374,19.0058,7.4725,5.87026,1.04974,0.552495,0.276248,0.165749,0.400559,0.276248,0.0828743,0.124311
74016,74051,74034,5.7,-102.961,40.41,483.266,-24.1561,306.496,154.772,33.8769,2950.81,0.261312,0.0118954,44.0615,37.6323,28.76,16.9088,14.7657,6.32205,4.11469,1.02867,0.192876,0.150015,0.214307,0.214307,0.214307,0.128584,0.0642921
74057,74093,74075,5.6,-102.951,40.4116,491.407,-23.445,305.91,103.161,21.2098,1683.99,0.238191,0.00727645,30.6843,25.9821,19.0008,10.388,9.16451,3.86253,2.73496,0.55179,0.215918,0.215918,0.0239909,0.0959634,0.167936,0.0239909,0.0479817
74094,74132,74113,5.5,-102.944,40.4136,497.24,-23.5767,304.715,70.155,15.4808,1394.64,0.270266,0.0056381,20.8816,17.6148,12.9709,7.14201,5.84492,2.83439,1.53729,0.608512,0.176148,0.112094,0.0960809,0.112094,0.128108,0.0800674,0.0160135
74133,74171,74152,5.4,-102.937,40.4162,502.408,-23.0125,304.499,60.6702,14.9588,1741.21,0.349201,0.0058557,18.0155,14.3036,11.7757,6.30382,5.75983,1.85595,1.27996,0.639981,0.0959972,0.0959972,0.159995,0.159995,0.0639981,0.0639981,0.0959972
74171,74205,74188,5.3,-102.928,40.4198,510.72,-22.2386,304.016,48.9805,10.4661,919.843,0.263663,0.00364257,14.9432,11.7436,8.94171,4.92918,4.70434,1.67765,1.36634,0.311317,0.0864769,0.0345908,0.0518862,0.0518862,0.0864769,0.0172954,0.0345908
74206,74239,74222,5.2,-102.92,40.4227,518.082,-21.8374,303.261,50.0023,10.5679,957.651,0.271857,0.00373285,15.7492,12.1313,9.57562,4.8293,3.99952,1.67615,1.27786,0.331911,0.14936,0.0331911,0.0497866,0.0497866,0.0829777,0.0331911,0.0331911
74241,74265,74253,5.1,-102.914,40.4245,523.675,-20.9509,303.4,47.3638,9.81404,742.317,0.226915,0.00342969,14.403,11.8409,8.03245,4.67405,4.7433,1.73113,1.17717,0.380849,0.103868,0.103868,0,0.0692453,0.0692453,0.0346226,0
74273,74306,74290,5,-102.905,40.4266,532.735,-20.1662,302.853,41.9119,8.55761,732.364,0.256741,0.00282464,13.174,10.2885,7.60709,4.75079,3.14776,1.63217,0.757794,0.233167,0.0291459,0.0874378,0.0291459,0.0582919,0.0874378,0,0.0291459
74307,74340,74324,4.9,-102.899,40.428,538.9,-19.4294,302.737,42.577,9.21284,887.82,0.289103,0.00340873,14.3258,9.4249,7.70485,4.17052,3.72283,1.34305,1.22524,0.282747,0.117811,0.0706867,0.0235622,0.0706867,0.0235622,0.0235622,0.0471245
74341,74371,74356,4.8,-102.892,40.4295,547.002,-18.57,302.474,43.5145,9.67237,897.886,0.27849,0.00368315,13.79,10.5482,7.83011,4.46366,3.56594,1.17202,1.17202,0.398987,0.249367,0.07481,0.0249367,0.0498733,0.124683,0.0249367,0.0249367
74376,74403,74390,4.7,-102.885,40.4306,553.971,-17.7967,302.295,43.8142,9.935,1065.2,0.32165,0.00367304,14.5548,10.111,7.76423,4.56867,3.64495,1.57282,0.923719,0.249654,0.0499308,0.0499308,0.0748961,0.0748961,0.0499308,0.0998615,0.0249654
74404,74433,74418,4.6,-102.878,40.4318,561.199,-17.1636,301.923,44.5935,8.40687,585.779,0.209036,0.00265693,14.7397,10.9143,8.23924,3.95911,3.71836,1.55154,1.01653,0.187255,0.0802523,0.0535015,0.0267508,0.0535015,0.0267508,0.0267508,0
74441,74466,74454,4.5,-102.871,40.4327,568.063,-16.5043,301.654,36.9134,7.67555,681.657,0.266427,0.00279053,13.4425,8.5349,6.08112,3.30727,3.0939,1.12021,0.586774,0.373402,0.0533431,0.106686,0.106686,0,0.0533431,0.0533431,0
74478,74488,74483,4.4,-102.863,40.433,575.29,-15.88,301.3,23.4149,3.62416,167.57,0.138711,0.000882393,8.05473,6.93082,2.99711,3.18443,0.936597,0.561958,0.749278,0,0,0,0,0,0,0,0
74505,74505,74505,4.3,-102.857,40.4332,580.42,-15.54,300.925,28.0608,4.54744,230.682,0.152183,0.00134044,10.8502,8.23118,2.24487,2.61901,2.99316,0.374144,0,0.748289,0,0,0,0,0,0,0
74532,74532,74532,4.2,-102.849,40.4329,587.1,-14.69,300.935,39.9018,7.74888,406.222,0.15727,0.00244218,9.69576,10.0687,7.83119,4.84788,3.72914,1.86457,1.49166,0.372914,0,0,0,0,0,0,0
74569,74587,74578,4.1,-102.841,40.4326,599.145,-13.4,300.694,28.5718,4.52536,209.274,0.138734,0.00108502,9.27655,6.86465,6.12252,2.59743,2.78296,0.185531,0.556593,0.185531,0,0,0,0,0,0,0
