data/B2SAP/Locations/Boulder/NOAA-POPS-B2SAP_GMLBalloon_20190827_R0.ict
61,1001
Thornberry, T. D.
NOAA Chemical Sciences Laboratory
Portable Optical Particle Spectrometer (POPS)
Balloon Baseline Stratospheric Aerosol Profiles (B2SAP)
1,1
2019,08,27,2024,05,30
0
TIME_START,s,Seconds since midnight UTC on flight start day,Start time of 100 m altitude bin in UTC_seconds_since_midnight
28
1.0,1.0,1.0,1.0,1.0,1.0,1.0,1.0,1.0,1.0,1.0,1.0,1.0,1.0,1.0,1.0,1.0,1.0,1.0,1.0,1.0,1.0,1.0,1.0,1.0,1.0,1.0,1.0
99999,99999,99999,99999,99999,99999,99999,99999,99999,99999,99999,99999,99999,99999,99999,99999,99999,99999,99999,99999,99999,99999,99999,99999,99999,99999,99999,99999
TIME_STOP,s,End time of 100 m altitude bin in UTC seconds since midnight,
TIME_MID,s,Mid time of 100 m altitude in UTC seconds since midnight,
GPSAlt,m,GPS reported altitude above sea level (m),
GPS_Lon,deg,GPS reported longitude,
GPS_Lat,deg,GPS reported latitude,
iMet_Pressure,mb,Pressure reported (mB),
iMet_Temperature,degrees C,Ambient temperature (oC),
THETA,K,Potential temperature from iMet,
Aerosol_concentration,cm^-3,Aerosol concentration,
Surface_Area_Conc,um^2 cm^-3,Surface area concentration,
Volume_density,um^3 cm^-3,Volume density,
Effective_radius,um,Effective radius,
Extinction,km^-1,Extinction,
Bin01,cm^-3,particle concentration in size range [140 - 170 nm],
Bin02,cm^-3,particle concentration in size range [170 - 205 nm],
Bin03,cm^-3,particle concentration in size range [205 - 249 nm],
Bin04,cm^-3,particle concentration in size range [249 - 302 nm],
Bin05,cm^-3,particle concentration in size range [302 - 366 nm],
Bin06,cm^-3,particle concentration in size range [366 - 443 nm],
Bin07,cm^-3,particle concentration in size range [443 - 537 nm],
Bin08,cm^-3,particle concentration in size range [537 - 651 nm],
Bin09,cm^-3,particle concentration in size range [651 - 789 nm],
Bin10,cm^-3,particle concentration in size range [789 - 956 nm],
Bin11,cm^-3,particle concentration in size range [956 - 1159 nm],
Bin12,cm^-3,particle concentration in size range [1159 - 1404 nm],
Bin13,cm^-3,particle concentration in size range [1404 - 1702 nm],
Bin14,cm^-3,particle concentration in size range [1702 - 2062 nm],
Bin15,cm^-3,particle concentration in size range [2062 - 2500 nm],
0
19
PI_CONTACT_INFO: 325 Broadway R/CSL6, Boulder, CO 80305; troy.thornberry@noaa.gov; 303-497-3373 
PLATFORM: GML ECC/FPH balloon
LOCATION: Boulder, CO, USA
ASSOCIATED_DATA: N/A
INSTRUMENT_INFO: Printed Optical Particle Spectrometer counts particles from 140 - 2500 nm in diameter 
DATA_INFO: Particle concentrations reported in number per cubic centimeter, binned to 100 m altitude
UNCERTAINTY: Counting uncertainty dominated by air flow, less than 5 percent
ULOD_FLAG: -77777
ULOD_VALUE: 3000 ~3000 per cm3 (varies depending on flow rate- manufacturer quotes 1250  per cm3 at 1.667 cc/s)
LLOD_FLAG: -88888
LLOD_VALUE: 0 0 (varies depending on data field and measurement precision)
DM_CONTACT_INFO: Troy Thornberry, 325 Broadway R/CSL6, Boulder, CO 80305; troy.thornberry@noaa.gov; 303-497-3373
PROJECT_INFO: B2SAP Boulder, CO, USA
STIPULATIONS_ON_USE: Please contact the PIs for questions regarding applications and uncertainties
OTHER_COMMENTS: POPS bin Edges (nm):  140, 170, 205, 249, 302, 366, 443, 537, 651, 789, 956, 1159, 1404, 1702, 2062, 2500
Calculations assume sulfate refractive index of 1.45+0.00j and extinction wavelength = 532 nm
REVISION: R0
R0: QA/QC data
TIME_START,TIME_STOP,TIME_MID,GPSAlt,GPS_Lon,GPS_Lat,iMet_Pressure,iMet_Temperature,THETA,Aerosol_concentration,Surface_Area_Conc,Volume_density,Effective_radius,Extinction,Bin01,Bin02,Bin03,Bin04,Bin05,Bin06,Bin07,Bin08,Bin09,Bin10,Bin11,Bin12,Bin13,Bin14,Bin15
[from data line 229]
61684,61702,61693,24.6,-104.64,39.6735,27.4117,-52.585,616.371,1.49188,0.512104,33.4816,0.196141,0.000244642,0.111891,0.167836,0.279727,0.205133,0.24243,0.261078,0.186484,0.0372969,0,0,0,0,0,0,0
61703,61721,61712,24.7,-104.641,39.6731,26.9726,-50.9647,623.768,1.59806,0.403407,23.992,0.17842,0.000160619,0.15805,0.403906,0.333661,0.245856,0.210734,0.122928,0.0702445,0.0526834,0,0,0,0,0,0,0
61722,61738,61730,24.8,-104.642,39.6728,26.5481,-51.3919,625.4,1.88074,0.497494,28.45,0.17156,0.000184524,0.128232,0.470185,0.277837,0.320581,0.320581,0.235093,0.128232,0,0,0,0,0,0,0,0
61740,61757,61748,24.9,-104.644,39.672,26.1063,-51.3679,628.474,2.07258,0.552423,32.133,0.174502,0.000203482,0.218166,0.272708,0.381791,0.490874,0.34543,0.272708,0.0727221,0,0.0181805,0,0,0,0,0,0
61759,61776,61768,25,-104.645,39.6708,25.7044,-49.7889,635.761,1.88344,0.483483,28.0478,0.174036,0.000175075,0.213586,0.349504,0.31067,0.31067,0.427171,0.233002,0,0.0194169,0.0194169,0,0,0,0,0,0
61777,61794,61786,25.1,-104.647,39.6696,25.2939,-50.7522,635.935,1.65789,0.452739,27.4194,0.18169,0.000185768,0.175542,0.331579,0.25356,0.312074,0.312074,0.136532,0.0780186,0.0585139,0,0,0,0,0,0,0
61795,61812,61804,25.2,-104.649,39.669,24.9156,-49.2489,643.004,1.35278,0.364941,22.7373,0.186912,0.000154151,0.139256,0.298407,0.3183,0.179044,0.119363,0.198938,0.0795751,0,0.0198938,0,0,0,0,0,0
61812,61830,61821,25.3,-104.651,39.6689,24.5038,-48.6806,647.699,1.45562,0.341648,18.4441,0.161957,0.000112225,0.179153,0.335912,0.223942,0.291124,0.223942,0.134365,0.0671825,0,0,0,0,0,0,0,0
61830,61848,61839,25.4,-104.653,39.6693,24.1135,-50.2694,646.08,1.57452,0.409279,23.1722,0.169852,0.000146292,0.129413,0.258825,0.388238,0.237257,0.280394,0.215688,0.0431375,0.0215688,0,0,0,0,0,0,0
61849,61866,61858,25.5,-104.655,39.6701,23.75,-50.5206,648.15,1.58602,0.404471,23.9325,0.17751,0.00016126,0.226574,0.411953,0.247172,0.205977,0.164781,0.205977,0.102988,0.0205977,0,0,0,0,0,0,0
61867,61884,61876,25.6,-104.656,39.6708,23.4047,-50.4187,651.178,1.2489,0.342399,20.6224,0.180688,0.000140472,0.12489,0.249779,0.199823,0.249779,0.199823,0.0999117,0.0999117,0.0249779,0,0,0,0,0,0,0
61885,61902,61894,25.7,-104.657,39.6708,22.9639,-49.9717,656.032,1.33145,0.38828,24.8139,0.191722,0.000178497,0.10567,0.380413,0.190207,0.211341,0.10567,0.169073,0.126804,0.0422681,0,0,0,0,0,0,0
61903,61920,61912,25.8,-104.659,39.6705,22.5683,-49.2844,661.335,1.36365,0.323352,18.1044,0.167969,0.000115807,0.191763,0.404834,0.234377,0.106535,0.149149,0.21307,0.0639211,0,0,0,0,0,0,0,0
61921,61938,61930,25.9,-104.661,39.6698,22.2227,-48.6873,666.017,1.47957,0.291959,13.9023,0.142852,6.9852e-05,0.10383,0.441276,0.337446,0.363404,0.0778722,0.155744,0,0,0,0,0,0,0,0,0
61939,61956,61948,26,-104.663,39.6693,21.8683,-48.3094,670.224,1.27409,0.318298,19.2714,0.181635,0.000132281,0.129569,0.345517,0.280733,0.215948,0.107974,0.0647845,0.0863793,0.0431896,0,0,0,0,0,0,0
61957,61972,61964,26.1,-104.666,39.6688,21.5131,-48.3963,673.09,1.61224,0.326954,16.4621,0.151049,9.23502e-05,0.148822,0.520878,0.347252,0.297645,0.124019,0.124019,0.0496074,0,0,0,0,0,0,0,0
61973,61989,61981,26.2,-104.668,39.6686,21.1544,-48.9425,674.706,1.28015,0.258482,12.9053,0.149782,7.07531e-05,0.225909,0.351415,0.225909,0.175707,0.125505,0.175707,0,0,0,0,0,0,0,0,0
61991,62007,61999,26.3,-104.671,39.6688,20.89,-49.6419,675.005,1.29668,0.263154,13.1762,0.150212,7.20358e-05,0.279677,0.152551,0.432228,0.177976,0.0508503,0.203401,0,0,0,0,0,0,0,0,0
62010,62025,62018,26.4,-104.673,39.6691,20.5292,-48.9669,680.438,1.40231,0.296852,16.1005,0.162713,0.000101293,0.223095,0.414319,0.318707,0.159353,0.095612,0.095612,0.095612,0,0,0,0,0,0,0,0
62026,62042,62034,26.5,-104.675,39.6689,20.1844,-48.815,684.189,1.19005,0.25369,13.371,0.158118,8.05001e-05,0.284578,0.181095,0.284578,0.103483,0.206966,0.0776122,0.0517415,0,0,0,0,0,0,0,0
62043,62059,62051,26.6,-104.677,39.6686,19.9,-46.9412,692.716,1.1056,0.232611,12.9467,0.166975,8.16173e-05,0.157943,0.368534,0.236914,0.157943,0.0263238,0.105295,0.0263238,0.0263238,0,0,0,0,0,0,0
62060,62075,62068,26.7,-104.679,39.6683,19.5747,-48.0653,692.52,1.17738,0.264117,15.468,0.175694,0.000107166,0.200405,0.425861,0.275557,0,0.0501013,0.100203,0.125253,0,0,0,0,0,0,0,0
62077,62092,62084,26.8,-104.681,39.6676,19.2306,-48.4659,694.81,1.17765,0.197318,9.4569,0.143782,5.20797e-05,0.256011,0.409618,0.256011,0.128006,0.0512022,0.0256011,0.0512022,0,0,0,0,0,0,0,0
62094,62108,62101,26.9,-104.684,39.667,18.9507,-47.9021,699.465,1.13106,0.243862,13.8022,0.169795,8.91481e-05,0.251347,0.251347,0.282765,0.0628367,0.157092,0.0628367,0.0314183,0.0314183,0,0,0,0,0,0,0
62110,62126,62118,27,-104.687,39.667,18.6624,-48.2506,701.458,0.935235,0.228622,13.7216,0.180056,9.48726e-05,0.0779362,0.363702,0.129894,0.0779362,0.181851,0,0.0779362,0.0259787,0,0,0,0,0,0,0
62127,62144,62136,27.1,-104.69,39.6672,18.3456,-46.8281,709.358,1.05851,0.24953,14.8525,0.178566,0.000101017,0.0557112,0.529257,0.111422,0.111422,0.0557112,0.111422,0.0557112,0.0278556,0,0,0,0,0,0,0
62146,62162,62154,27.2,-104.693,39.6675,18.0365,-47.9676,709.221,1.15461,0.321256,21.3969,0.199812,0.000150593,0.241663,0.18796,0.134257,0.18796,0.241663,0.0537029,0.0537029,0.0268514,0.0268514,0,0,0,0,0,0
62163,62180,62172,27.3,-104.695,39.6674,17.7781,-49.135,708.447,1.2621,0.234984,11.1343,0.142149,5.79719e-05,0.172104,0.401576,0.258156,0.172104,0.200788,0.028684,0.028684,0,0,0,0,0,0,0,0
62181,62184,62182,27.4,-104.697,39.6674,17.6333,-48.6433,711.652,1.22117,0.222734,10.4672,0.140982,5.28498e-05,0,0.610585,0.305293,0.152646,0,0.152646,0,0,0,0,0,0,0,0,0
62691,62695,62693,27.2,-104.765,39.6868,18.0225,-46.6675,713.465,1.59813,0.351764,19.5635,0.166847,0.0001271,0.228304,0.684913,0.114152,0.114152,0.228304,0.114152,0.114152,0,0,0,0,0,0,0,0
62696,62707,62702,27.1,-104.766,39.6869,18.19,-46.229,712.971,0.820991,0.173602,9.81198,0.16956,6.62205e-05,0.136832,0.319274,0.136832,0.0456106,0.0912212,0,0.0912212,0,0,0,0,0,0,0,0
62708,62718,62713,27,-104.767,39.6871,18.4427,-46.5464,709.163,0.869242,0.21043,13.5285,0.19287,9.98632e-05,0.124177,0.33114,0.206962,0,0.082785,0,0.082785,0.0413925,0,0,0,0,0,0,0
62719,62729,62724,26.9,-104.769,39.6873,18.785,-47.072,703.819,1.43528,0.236753,10.7605,0.136351,5.3156e-05,0.448525,0.403672,0.17941,0.134557,0.17941,0.089705,0,0,0,0,0,0,0,0,0
62730,62741,62736,26.8,-104.771,39.6872,19.0655,-47.3482,699.977,0.725053,0.135535,6.20675,0.137384,2.94239e-05,0.0805614,0.241684,0.0805614,0.201403,0.0805614,0.0402807,0,0,0,0,0,0,0,0,0
62742,62754,62748,26.7,-104.773,39.6868,19.3825,-47.37,696.628,1.18168,0.243404,14.5598,0.179452,9.76057e-05,0.258493,0.369275,0.221565,0.184638,0.0369275,0.0369275,0,0.0738551,0,0,0,0,0,0,0
62755,62768,62762,26.6,-104.775,39.6865,19.7123,-47.5692,692.661,1.67577,0.342422,17.8316,0.156225,0.000106127,0.4357,0.402185,0.167577,0.234608,0.268123,0.100546,0.0670308,0,0,0,0,0,0,0,0
62769,62781,62775,26.5,-104.776,39.6863,20.01,-47.8517,688.84,1.3967,0.310278,18.3574,0.177493,0.000129333,0.429753,0.286502,0.286502,0.0716255,0.107438,0.0358127,0.179064,0,0,0,0,0,0,0,0
62782,62795,62788,26.4,-104.778,39.6862,20.315,-48.4833,683.949,1.21129,0.175302,6.92451,0.118501,2.57172e-05,0.320635,0.356261,0.213757,0.213757,0.106878,0,0,0,0,0,0,0,0,0,0
62796,62809,62802,26.3,-104.779,39.6863,20.7077,-49.3246,677.677,1.32199,0.248836,11.9402,0.143953,6.31157e-05,0.161219,0.354682,0.419169,0.161219,0.128975,0.0644876,0.0322438,0,0,0,0,0,0,0,0
62810,62821,62816,26.2,-104.781,39.6864,20.9727,-49.4582,674.807,1.52523,0.25842,12.2894,0.142668,6.49234e-05,0.381309,0.610094,0.152523,0.152523,0.0381309,0.190654,0,0,0,0,0,0,0,0,0
62822,62833,62828,26.1,-104.783,39.6862,21.3136,-50.6827,668.026,0.867071,0.117805,4.50667,0.114766,1.61079e-05,0.226193,0.30159,0.188494,0.0753975,0.0753975,0,0,0,0,0,0,0,0,0,0
62835,62847,62841,26,-104.785,39.6856,21.7289,-50.45,665.047,0.99909,0.225346,11.619,0.154682,6.63608e-05,0.0908264,0.0908264,0.363306,0.227066,0.13624,0.0454132,0.0454132,0,0,0,0,0,0,0,0
62848,62860,62854,25.9,-104.787,39.685,22.0436,-48.2436,668.88,1.43204,0.302283,16.5698,0.164446,0.000106875,0.367189,0.367189,0.220313,0.0734377,0.257032,0.0367189,0.110157,0,0,0,0,0,0,0,0
62861,62873,62867,25.8,-104.788,39.6845,22.42,-49.8233,660.987,0.990426,0.210959,12.2223,0.17381,8.15404e-05,0.264114,0.231099,0.231099,0,0.165071,0.0330142,0.0330142,0.0330142,0,0,0,0,0,0,0
62874,62885,62880,25.7,-104.789,39.684,22.7336,-49.9345,658.027,1.47856,0.3787,22.5462,0.178607,0.000152294,0.2885,0.216375,0.360624,0.0721249,0.2885,0.14425,0.0721249,0.0360624,0,0,0,0,0,0,0
62887,62898,62892,25.6,-104.79,39.6838,23.1267,-50.0017,654.63,1.61295,0.36856,19.8778,0.161801,0.000120851,0.225812,0.419366,0.225812,0.322589,0.161295,0.193554,0.0645179,0,0,0,0,0,0,0,0
62899,62911,62905,25.5,-104.791,39.6841,23.4767,-48.755,655.457,1.59724,0.364631,19.8018,0.162919,0.00011903,0.287502,0.319447,0.223613,0.287502,0.287502,0.159724,0,0.0319447,0,0,0,0,0,0,0
62912,62924,62918,25.4,-104.792,39.6845,23.875,-50.3867,647.582,1.70516,0.482479,30.7009,0.190895,0.000219707,0.347348,0.315771,0.189463,0.22104,0.252617,0.189463,0.126308,0.0631542,0,0,0,0,0,0,0
62925,62937,62931,25.3,-104.793,39.6849,24.2633,-49.8058,646.269,1.59182,0.3928,23.5222,0.17965,0.000157543,0.312122,0.28091,0.343334,0.218485,0.156061,0.187273,0.0312122,0.0624244,0,0,0,0,0,0,0
62938,62950,62944,25.2,-104.794,39.685,24.6467,-49.395,644.576,2.02037,0.534659,31.2115,0.175129,0.000204659,0.186496,0.46624,0.310827,0.372992,0.279744,0.279744,0.093248,0.0310827,0,0,0,0,0,0,0
62951,62963,62957,25.1,-104.796,39.6848,25.0708,-49.54,641.02,1.78962,0.48788,28.927,0.177874,0.000193647,0.12133,0.485321,0.303325,0.151663,0.36399,0.24266,0.0909976,0.0303325,0,0,0,0,0,0,0
62964,62975,62970,25,-104.797,39.6842,25.4455,-50.4955,635.588,1.6616,0.409755,23.6172,0.172912,0.000156752,0.16616,0.564945,0.232624,0.199392,0.16616,0.199392,0.132928,0,0,0,0,0,0,0,0
62977,62990,62984,24.9,-104.798,39.6833,25.8929,-50.5371,632.31,2.07147,0.562134,33.7898,0.18033,0.000227561,0.332458,0.358032,0.332458,0.281311,0.306885,0.332458,0.0767212,0.0511475,0,0,0,0,0,0,0
62991,63003,62997,24.8,-104.799,39.6827,26.31,-51.7708,625.937,1.59675,0.460188,29.7533,0.193964,0.000205875,0.220241,0.247771,0.357891,0.165181,0.247771,0.247771,0.0550602,0.0275301,0.0275301,0,0,0,0,0,0
63005,63017,63011,24.7,-104.8,39.6824,26.7692,-51.2883,624.21,1.62769,0.446256,26.683,0.179379,0.000179089,0.232527,0.174395,0.406923,0.261593,0.174395,0.261593,0.0871977,0.0290659,0,0,0,0,0,0,0
63018,63031,63024,24.6,-104.801,39.6821,27.1923,-51.3369,621.283,2.32974,0.488198,26.1538,0.160716,0.000158387,0.56235,0.428457,0.508793,0.294565,0.241007,0.214229,0.0535572,0.0267786,0,0,0,0,0,0,0
63032,63045,63038,24.5,-104.802,39.6815,27.6043,-51.53,618.086,1.61016,0.542418,49.8972,0.275971,0.00026214,0.341548,0.268359,0.292756,0.19517,0.146378,0.170774,0.0975852,0.0731889,0,0,0.0243963,0,0,0,0
63046,63059,63052,24.4,-104.803,39.681,28.1379,-52.1307,613.044,1.77618,0.430785,26.7367,0.186195,0.000181428,0.364969,0.462294,0.267644,0.170319,0.243313,0.145988,0.0729938,0.0243313,0.0243313,0,0,0,0,0,0
63060,63072,63066,24.3,-104.803,39.6806,28.57,-52.2217,610.133,2.22039,0.581172,35.1883,0.181641,0.000244381,0.309168,0.505911,0.309168,0.505911,0.196743,0.112425,0.252955,0.0281062,0,0,0,0,0,0,0
63073,63085,63079,24.2,-104.803,39.6804,29.0067,-52.1008,607.82,2.10447,0.501683,29.6599,0.177362,0.000188556,0.166142,0.664569,0.359975,0.387665,0.249213,0.193833,0.0276904,0.0276904,0.0276904,0,0,0,0,0,0
63086,63099,63092,24.1,-104.804,39.6805,29.475,-53.0636,602.418,1.94461,0.524264,32.1213,0.183808,0.000219468,0.260863,0.403151,0.332007,0.355722,0.166003,0.284577,0.0711443,0.0711443,0,0,0,0,0,0,0
63100,63112,63106,24,-104.805,39.6807,29.9358,-52.4958,601.289,1.9768,0.452006,25.2438,0.167545,0.000163292,0.379113,0.406192,0.406192,0.270795,0.243715,0.108318,0.162477,0,0,0,0,0,0,0,0
63113,63126,63120,23.9,-104.806,39.681,30.4215,-52.8738,597.518,1.7713,0.466947,28.1383,0.180781,0.000191092,0.374219,0.299375,0.224532,0.199584,0.349271,0.199584,0.0748438,0.0498959,0,0,0,0,0,0,0
63127,63140,63134,23.8,-104.806,39.6813,30.9618,-52.9873,594.201,2.35235,0.761029,50.2423,0.198057,0.000358231,0.174248,0.435621,0.232331,0.551786,0.319455,0.377538,0.174248,0.0580827,0.0290414,0,0,0,0,0,0
63141,63154,63148,23.7,-104.808,39.6815,31.4529,-53.325,590.641,1.99267,0.548466,33.1541,0.181346,0.000226729,0.33966,0.317016,0.249084,0.271728,0.475524,0.158508,0.135864,0.045288,0,0,0,0,0,0,0
63155,63168,63162,23.6,-104.809,39.6816,32.0015,-53.74,586.606,2.03962,0.590674,38.4991,0.195535,0.000274506,0.21596,0.479911,0.335937,0.287946,0.311942,0.167969,0.167969,0.0479911,0.0239955,0,0,0,0,0,0
63169,63182,63176,23.5,-104.811,39.6817,32.4664,-53.385,585.149,2.23588,0.604613,36.258,0.179907,0.000237916,0.221375,0.376337,0.575574,0.287787,0.26565,0.398474,0.0885499,0,0.0221375,0,0,0,0,0,0
63183,63196,63190,23.4,-104.812,39.6817,33.0171,-53.1879,582.86,2.17317,0.621097,38.4333,0.185639,0.000268851,0.282513,0.391171,0.347708,0.369439,0.282513,0.260781,0.195586,0.0434635,0,0,0,0,0,0,0
63197,63210,63204,23.3,-104.813,39.6816,33.5223,-54.3169,577.364,2.40945,0.82839,67.1698,0.243254,0.000389526,0.231678,0.509692,0.370685,0.301182,0.347517,0.347517,0.20851,0.0695035,0,0,0.0231678,0,0,0,0
63211,63225,63218,23.2,-104.814,39.6815,34.0857,-52.8164,578.56,1.91011,0.589306,39.6172,0.201681,0.000290072,0.275905,0.360799,0.297129,0.233458,0.275905,0.212235,0.169788,0.0636704,0.0212235,0,0,0,0,0,0
63226,63240,63233,23.1,-104.815,39.6816,34.6293,-53.3347,574.591,2.33947,0.62446,38.3607,0.18429,0.000262873,0.491486,0.452167,0.334211,0.176935,0.35387,0.35387,0.157276,0,0.0196594,0,0,0,0,0,0
63242,63254,63248,23,-104.815,39.682,35.2183,-51.2808,577.177,2.09376,0.698934,45.5422,0.195479,0.000330395,0.216595,0.264728,0.240662,0.385059,0.385059,0.31286,0.216595,0.0721985,0,0,0,0,0,0,0
63255,63269,63262,22.9,-104.816,39.6822,35.7987,-51.818,573.097,2.15647,0.646139,41.6481,0.19337,0.000295285,0.362592,0.267173,0.362592,0.305341,0.324424,0.305341,0.171754,0.0381676,0.0190838,0,0,0,0,0,0
63270,63283,63276,22.8,-104.817,39.6821,36.3529,-54.4857,563.712,2.25439,0.686494,44.9851,0.196586,0.000327195,0.266428,0.471372,0.3689,0.307416,0.245933,0.266428,0.286922,0.0204944,0.0204944,0,0,0,0,0,0
63284,63298,63291,22.7,-104.818,39.6819,36.9508,-52.1815,566.992,2.77731,0.854984,58.0262,0.203605,0.000399802,0.301414,0.516709,0.49518,0.301414,0.516709,0.344473,0.258355,0,0.0215295,0.0215295,0,0,0,0,0
63299,63313,63306,22.6,-104.819,39.6819,37.552,-52.3947,563.857,2.76609,0.852173,55.6748,0.195998,0.0003942,0.334159,0.389852,0.445545,0.59406,0.259901,0.445545,0.222773,0.0371288,0.0371288,0,0,0,0,0,0
63314,63329,63322,22.5,-104.82,39.682,38.1794,-55.1269,554.229,2.91608,1.00894,67.2482,0.199956,0.0005011,0.279385,0.436539,0.401616,0.384154,0.471462,0.436539,0.419078,0.0873078,0,0,0,0,0,0,0
63330,63345,63338,22.4,-104.821,39.6819,38.7793,-55.0573,551.953,2.76167,0.970941,65.8063,0.203327,0.000484287,0.202522,0.405045,0.497101,0.239345,0.497101,0.570745,0.202522,0.128878,0.0184111,0,0,0,0,0,0
63346,63359,63352,22.3,-104.823,39.6816,39.3677,-54.7092,550.453,2.71546,1.17302,88.569,0.226515,0.00069532,0.250657,0.250657,0.229769,0.459539,0.417762,0.43865,0.417762,0.187993,0.0626644,0,0,0,0,0,0
63361,63377,63369,22.2,-104.824,39.6814,40.0624,-54.6006,547.989,2.81311,1.11594,81.8799,0.220118,0.000631609,0.286079,0.286079,0.365546,0.397333,0.476799,0.397333,0.413226,0.127146,0.0635732,0,0,0,0,0,0
63378,63393,63386,22.1,-104.825,39.6814,40.7025,-54.7894,545.038,3.12383,1.15712,91.5464,0.237348,0.000615386,0.315707,0.498484,0.448636,0.465252,0.5151,0.348939,0.348939,0.0996968,0.0664645,0,0.0166161,0,0,0,0
63394,63410,63402,22,-104.825,39.6818,41.3769,-55.3081,541.195,3.07939,1.25711,90.0562,0.214913,0.000687069,0.231782,0.298005,0.314561,0.430452,0.513231,0.695346,0.430452,0.115891,0.0496676,0,0,0,0,0,0
