data/B2SAP/Locations/Boulder/NOAA-POPS-B2SAP_GMLBalloon_20211005_R0.ict
61,1001
Thornberry, T. D.
NOAA Chemical Sciences Laboratory
Portable Optical Particle Spectrometer (POPS)
Balloon Baseline Stratospheric Aerosol Profiles (B2SAP)
1,1
2021,10,05,2024,05,30
0
TIME_START,s,Seconds since midnight UTC on flight start day,Start time of 100 m altitude bin in UTC_seconds_since_midnight
28
1.0,1.0,1.0,1.0,1.0,1.0,1.0,1.0,1.0,1.0,1.0,1.0,1.0,1.0,1.0,1.0,1.0,1.0,1.0,1.0,1.0,1.0,1.0,1.0,1.0,1.0,1.0,1.0
99999,99999,99999,99999,99999,99999,99999,99999,99999,99999,99999,99999,99999,99999,99999,99999,99999,99999,99999,99999,99999,99999,99999,99999,99999,99999,99999,99999
TIME_STOP,s,End time of 100 m altitude bin in UTC seconds since midnight,
TIME_MID,s,Mid time of 100 m altitude in UTC seconds since midnight,
GPSAlt,m,GPS reported altitude above sea level (m),
GPS_Lon,deg,GPS reported longitude,
GPS_Lat,deg,GPS reported latitude,
iMet_Pressure,mb,Pressure reported (mB),
iMet_Temperature,degrees C,Ambient temperature (oC),
THETA,K,Potential temperature from iMet,
Aerosol_concentration,cm^-3,Aerosol concentration,
Surface_Area_Conc,um^2 cm^-3,Surface area concentration,
Volume_density,um^3 cm^-3,Volume density,
Effective_radius,um,Effective radius,
Extinction,km^-1,Extinction,
Bin01,cm^-3,particle concentration in size range [140 - 170 nm],
Bin02,cm^-3,particle concentration in size range [170 - 205 nm],
Bin03,cm^-3,particle concentration in size range [205 - 249 nm],
Bin04,cm^-3,particle concentration in size range [249 - 302 nm],
Bin05,cm^-3,particle concentration in size range [302 - 366 nm],
Bin06,cm^-3,particle concentration in size range [366 - 443 nm],
Bin07,cm^-3,particle concentration in size range [443 - 537 nm],
Bin08,cm^-3,particle concentration in size range [537 - 651 nm],
Bin09,cm^-3,particle concentration in size range [651 - 789 nm],
Bin10,cm^-3,particle concentration in size range [789 - 956 nm],
Bin11,cm^-3,particle concentration in size range [956 - 1159 nm],
Bin12,cm^-3,particle concentration in size range [1159 - 1404 nm],
Bin13,cm^-3,particle concentration in size range [1404 - 1702 nm],
Bin14,cm^-3,particle concentration in size range [1702 - 2062 nm],
Bin15,cm^-3,particle concentration in size range [2062 - 2500 nm],
0
19
PI_CONTACT_INFO: 325 Broadway R/CSL6, Boulder, CO 80305; troy.thornberry@noaa.gov; 303-497-3373 
PLATFORM: GML ECC/FPH balloon
LOCATION: Boulder, CO, USA
ASSOCIATED_DATA: N/A
INSTRUMENT_INFO: Printed Optical Particle Spectrometer counts particles from 140 - 2500 nm in diameter 
DATA_INFO: Particle concentrations reported in number per cubic centimeter, binned to 100 m altitude
UNCERTAINTY: Counting uncertainty dominated by air flow, less than 5 percent
ULOD_FLAG: -77777
ULOD_VALUE: 3000 ~3000 per cm3 (varies depending on flow rate- manufacturer quotes 1250  per cm3 at 1.667 cc/s)
LLOD_FLAG: -88888
LLOD_VALUE: 0 0 (varies depending on data field and measurement precision)
DM_CONTACT_INFO: Troy Thornberry, 325 Broadway R/CSL6, Boulder, CO 80305; troy.thornberry@noaa.gov; 303-497-3373
PROJECT_INFO: B2SAP Boulder, CO, USA
STIPULATIONS_ON_USE: Please contact the PIs for questions regarding applications and uncertainties
OTHER_COMMENTS: POPS bin Edges (nm):  140, 170, 205, 249, 302, 366, 443, 537, 651, 789, 956, 1159, 1404, 1702, 2062, 2500
Calculations assume sulfate refractive index of 1.45+0.00j and extinction wavelength = 532 nm
REVISION: R0
R0: QA/QC data
TIME_START,TIME_STOP,TIME_MID,GPSAlt,GPS_Lon,GPS_Lat,iMet_Pressure,iMet_Temperature,THETA,Aerosol_concentration,Surface_Area_Conc,Volume_density,Effective_radius,Extinction,Bin01,Bin02,Bin03,Bin04,Bin05,Bin06,Bin07,Bin08,Bin09,Bin10,Bin11,Bin12,Bin13,Bin14,Bin15
[from data line 156]
62909,62933,62921,17.3,-105.09,40.2518,88.0217,-65.6417,415.506,17.0305,2.53234,111.807,0.132455,0.000535504,5.56046,4.50009,3.43972,2.09487,0.905191,0.245695,0.168107,0.116382,0,0,0,0,0,0,0
62934,62954,62944,17.4,-105.088,40.2522,86.501,-64.9086,419.067,14.8484,2.31567,104.213,0.13501,0.000501183,4.27388,3.86265,3.11362,2.18835,0.925274,0.293738,0.0734344,0.102808,0.0146869,0,0,0,0,0,0
62955,62979,62967,17.5,-105.087,40.2526,85.1432,-64.658,421.467,15.2262,2.39506,111.149,0.139223,0.000547022,4.26579,4.09319,3.4151,2.04659,0.863022,0.295893,0.123289,0.098631,0.0123289,0.0123289,0,0,0,0,0
62980,63003,62992,17.6,-105.086,40.2532,83.6952,-63.5174,425.854,14.1592,2.43369,118.238,0.145752,0.000629451,3.30959,3.91012,3.00265,2.3087,0.920812,0.360318,0.213522,0.0934158,0.0400353,0,0,0,0,0,0
63004,63029,63016,17.7,-105.084,40.2536,82.3276,-63.116,428.687,14.0366,2.23828,101.931,0.13662,0.000500231,3.85702,3.8204,2.66085,2.39233,0.732345,0.341761,0.146469,0.0732345,0.0122058,0,0,0,0,0,0
63030,63054,63042,17.8,-105.081,40.2538,81.1232,-62.8644,431.004,14.5781,2.43376,119.115,0.146829,0.000621899,3.96807,3.65063,3.12562,2.38084,0.793615,0.354074,0.170932,0.0732567,0.0488378,0.0122095,0,0,0,0,0
63055,63077,63066,17.9,-105.08,40.2537,79.7526,-62.8409,433.159,14.8285,2.39497,110.905,0.138922,0.000557681,4.00663,3.90014,3.14141,2.2895,0.931773,0.25291,0.212977,0.0665552,0.0266221,0,0,0,0,0,0
63078,63103,63090,18,-105.078,40.2539,78.4372,-62.4572,436.019,12.7377,2.15254,102.815,0.143293,0.000530191,3.09606,3.37642,2.66944,2.05998,1.07265,0.243785,0.0731354,0.109703,0.0365677,0,0,0,0,0,0
63104,63127,63116,18.1,-105.076,40.2542,77.1625,-61.7879,439.448,11.5064,1.9885,95.6364,0.144284,0.000501058,2.94938,2.79748,2.2152,2.07596,0.949371,0.278482,0.139241,0.0759497,0.0253166,0,0,0,0,0,0
63128,63152,63140,18.2,-105.075,40.2543,75.9596,-61.608,441.811,12.2483,2.16057,106.404,0.147744,0.000565706,2.87982,3.06208,2.56389,2.23581,0.887032,0.303778,0.194418,0.10936,0,0.0121511,0,0,0,0,0
63153,63176,63164,18.3,-105.074,40.2542,74.7092,-61.6513,443.815,11.4145,1.99071,94.5335,0.142462,0.00048617,2.66423,2.80313,2.37382,2.09603,0.883869,0.404054,0.101014,0.0757602,0.0126267,0,0,0,0,0,0
63177,63199,63188,18.4,-105.072,40.254,73.4274,-61.9135,445.462,11.099,1.93604,92.7594,0.143736,0.000486211,2.70555,2.65521,2.36578,1.92534,0.880876,0.327183,0.151007,0.0755037,0.0125839,0,0,0,0,0,0
63200,63222,63211,18.5,-105.071,40.254,72.2822,-62.2565,446.745,10.9919,1.87102,86.9316,0.139387,0.00043819,2.58353,2.75098,2.45196,1.81804,0.885097,0.31098,0.119608,0.0717646,0,0,0,0,0,0,0
63223,63245,63234,18.6,-105.07,40.2542,71.1287,-62.6439,447.971,10.4333,1.89279,99.4706,0.157657,0.0005521,2.65899,2.51591,2.17012,1.69317,0.810813,0.286169,0.166932,0.0834661,0.0238474,0.0238474,0,0,0,0,0
63246,63267,63256,18.7,-105.069,40.2547,69.9671,-62.8067,449.741,10.3951,1.904,96.6848,0.152339,0.000549232,2.52041,2.55959,2.16782,1.60627,0.901081,0.30036,0.182828,0.143651,0.0130591,0,0,0,0,0,0
63268,63291,63280,18.8,-105.066,40.2551,68.8365,-62.2583,453.017,10.0212,1.73767,82.0255,0.141613,0.000417599,2.52616,2.24018,2.09719,1.82313,0.83411,0.357476,0.0714951,0.0595793,0.0119159,0,0,0,0,0,0
63292,63316,63304,18.9,-105.065,40.2552,67.6352,-61.8028,456.279,9.27724,1.77478,97.3419,0.164542,0.000509794,2.32477,1.93185,1.93185,1.63716,0.796751,0.382004,0.185545,0.054572,0.0218288,0,0,0.0109144,0,0,0
63317,63338,63328,19,-105.063,40.2553,66.5773,-61.7355,458.495,8.98663,1.69042,88.036,0.156239,0.000505299,2.20921,1.97207,1.80981,1.73492,0.673997,0.299554,0.137296,0.112333,0.0374443,0,0,0,0,0,0
63339,63362,63350,19.1,-105.062,40.2553,65.5221,-60.605,463.047,8.09362,1.51418,78.9127,0.156347,0.00045734,2.01491,1.93568,1.56212,1.35837,0.701824,0.226395,0.181116,0.0792382,0.0339592,0,0,0,0,0,0
63363,63386,63374,19.2,-105.06,40.2553,64.42,-61.1446,464.12,7.73168,1.56084,84.411,0.162242,0.000511635,1.87331,1.61219,1.4873,1.3397,0.749326,0.329249,0.204362,0.113534,0.0227068,0,0,0,0,0,0
63387,63410,63398,19.3,-105.059,40.2559,63.3913,-60.6463,467.356,7.49069,1.32079,64.4141,0.146308,0.000343011,1.59134,1.94371,1.75048,1.26171,0.602438,0.147768,0.125034,0.045467,0.0227335,0,0,0,0,0,0
63411,63434,63422,19.4,-105.057,40.2563,62.4242,-60.2325,470.32,8.88177,1.74423,94.7384,0.162946,0.000549469,1.96489,1.93082,1.89675,1.64688,0.897263,0.249871,0.147651,0.0795043,0.0567888,0.0113578,0,0,0,0,0
63435,63458,63446,19.5,-105.056,40.2561,61.3713,-60.385,472.283,8.76177,1.66945,85.6997,0.154002,0.000484044,1.75462,1.94706,2.16214,1.6301,0.701848,0.305643,0.113201,0.124521,0.0226402,0,0,0,0,0,0
63459,63481,63470,19.6,-105.054,40.2556,60.387,-60.833,473.462,7.72331,1.57065,88.9527,0.169903,0.00054844,1.91898,1.57546,1.64653,1.26748,0.710734,0.225066,0.177683,0.165838,0.0236911,0.0118456,0,0,0,0,0
63482,63504,63493,19.7,-105.054,40.2549,59.4948,-60.6883,475.809,6.85513,1.3441,69.8459,0.155894,0.000404661,1.63953,1.34251,1.44944,1.14054,0.772242,0.285135,0.130687,0.0831645,0.0118806,0,0,0,0,0,0
63505,63527,63516,19.8,-105.054,40.2541,58.543,-60.4287,478.591,6.44002,1.23065,62.4282,0.152183,0.000355929,1.54466,1.40207,1.35454,0.974321,0.641626,0.320813,0.142584,0.0594098,0,0,0,0,0,0,0
63528,63549,63538,19.9,-105.054,40.2536,57.5555,-59.9155,482.077,5.20716,1.01501,52.3365,0.154688,0.000303312,1.19975,1.12554,1.11317,0.76685,0.606059,0.222634,0.0989484,0.0742113,0,0,0,0,0,0,0
63550,63572,63561,20,-105.056,40.2534,56.6695,-60.1545,483.685,4.70252,0.938562,48.898,0.156297,0.000288691,1.188,1.0395,0.680627,0.742502,0.693002,0.173251,0.136125,0.0495002,0,0,0,0,0,0,0
63573,63594,63584,20.1,-105.057,40.2539,55.7382,-59.6441,487.136,4.98677,1.03694,55.507,0.160589,0.000337225,1.16029,0.999823,0.925762,0.827014,0.580144,0.259213,0.172809,0.0617175,0,0,0,0,0,0,0
63595,63618,63606,20.2,-105.058,40.255,54.8596,-59.6792,489.276,6.52479,1.23455,64.1323,0.155844,0.000369258,1.45875,1.51529,1.51529,1.05166,0.531482,0.237471,0.113081,0.0791569,0.0226163,0,0,0,0,0,0
63619,63641,63630,20.3,-105.059,40.2567,53.9548,-60.2835,490.215,7.94157,1.61286,88.6873,0.164963,0.000537835,1.83723,1.80167,1.50534,1.43422,0.616361,0.355593,0.260768,0.118531,0,0.0118531,0,0,0,0,0
63642,63663,63652,20.4,-105.06,40.2589,53.0823,-60.4291,492.162,7.73369,1.54234,81.9018,0.159307,0.000468671,1.61377,1.7255,1.48964,1.47722,0.881368,0.285514,0.173791,0.0620682,0.0124136,0.0124136,0,0,0,0,0
63664,63685,63674,20.5,-105.059,40.2611,52.2255,-60.825,493.545,7.68274,1.63576,94.6181,0.173531,0.0005965,1.72242,1.77199,1.42502,1.23915,0.842623,0.260222,0.210656,0.173481,0.024783,0.0123915,0,0,0,0,0
63686,63707,63696,20.6,-105.058,40.2632,51.3445,-61.1085,495.278,6.80118,1.36466,74.603,0.164004,0.00044518,1.67287,1.56318,1.20666,1.00098,0.7953,0.274241,0.191969,0.0822724,0,0.0137121,0,0,0,0,0
63708,63730,63719,20.7,-105.057,40.2646,50.52,-60.9795,497.885,6.79571,1.39355,76.6526,0.165016,0.000480338,1.66172,1.63692,1.15329,0.979673,0.706853,0.27282,0.27282,0.0992074,0.0124009,0,0,0,0,0,0
63731,63752,63742,20.8,-105.054,40.2654,49.7327,-60.8677,500.385,6.15092,1.36573,81.923,0.179955,0.000537771,1.43189,1.35719,1.19532,0.846685,0.647465,0.336184,0.112061,0.161866,0.0622563,0,0,0,0,0,0
63753,63775,63764,20.9,-105.052,40.2657,48.9057,-61.0122,502.442,5.90776,1.17314,64.0179,0.163709,0.000387737,1.49488,1.32745,1.17199,0.777337,0.633829,0.287017,0.107631,0.0717542,0.0358771,0,0,0,0,0,0
63776,63798,63787,21,-105.05,40.2654,48.1387,-60.2265,506.595,5.01737,1.11228,64.8306,0.174859,0.000424471,1.16041,1.21566,0.729398,0.806758,0.497317,0.254184,0.265236,0.0552574,0.0331545,0,0,0,0,0,0
63799,63821,63810,21.1,-105.048,40.2649,47.3535,-59.4661,510.787,4.98093,1.12362,65.5139,0.174918,0.000422531,1.00701,1.18026,0.757968,0.898734,0.563062,0.303187,0.129937,0.108281,0.0324843,0,0,0,0,0,0
63822,63844,63833,21.2,-105.046,40.2645,46.6391,-59.363,513.267,4.80397,0.961434,54.3107,0.169468,0.000341997,1.34943,1.1767,0.755681,0.604544,0.485795,0.215909,0.0971589,0.0863635,0.0323863,0,0,0,0,0,0
63845,63867,63856,21.3,-105.045,40.264,45.8522,-59.6365,515.103,4.76576,1.12935,70.0904,0.186187,0.000465057,1.10807,0.978971,0.785328,0.710023,0.559412,0.31198,0.150611,0.118337,0.0322738,0.0107579,0,0,0,0,0
63868,63890,63879,21.4,-105.044,40.2631,45.1364,-59.8336,516.945,4.37869,1.10447,96.6469,0.262515,0.000468047,1.10311,0.911758,0.675376,0.675376,0.495276,0.225125,0.146332,0.123819,0,0.0112563,0,0,0,0.0112563,0
63891,63912,63902,21.5,-105.042,40.2624,44.3877,-60.1177,518.736,4.06047,0.910148,53.2399,0.175488,0.00035243,0.91615,1.0745,0.520283,0.633387,0.373246,0.260141,0.180968,0.0904839,0.0113105,0,0,0,0,0,0
63913,63934,63924,21.6,-105.041,40.262,43.6886,-60.4477,520.276,4.28622,0.965854,56.1332,0.174353,0.000365063,0.893433,1.01784,0.678557,0.678557,0.520227,0.226186,0.169639,0.079165,0.0226186,0,0,0,0,0,0
63935,63957,63946,21.7,-105.04,40.2615,42.9783,-60.3078,523.076,3.6943,0.861204,51.3728,0.178957,0.000339637,0.853362,0.853362,0.540102,0.47529,0.399676,0.356468,0.140427,0.0432082,0.0324061,0,0,0,0,0,0
63958,63979,63968,21.8,-105.039,40.2609,42.281,-60.6286,524.726,3.66232,0.924022,60.8829,0.197667,0.000445323,1.09394,0.677767,0.511298,0.451845,0.404282,0.118906,0.118906,0.285376,0,0,0,0,0,0,0
63980,64002,63991,21.9,-105.039,40.2604,41.5914,-60.5268,527.454,3.47091,0.850751,53.3304,0.188059,0.000375583,0.93839,0.734884,0.395707,0.452236,0.44093,0.169589,0.1922,0.135671,0.0113059,0,0,0,0,0,0
64003,64024,64014,22,-105.039,40.2603,40.8971,-60.2114,530.782,3.48132,0.832089,51.6706,0.186292,0.000354897,0.891122,0.629726,0.617845,0.463384,0.427739,0.178224,0.118816,0.130698,0.0237633,0,0,0,0,0,0
64025,64045,64035,22.1,-105.039,40.2607,40.2471,-60.5638,532.329,3.12937,0.828563,55.3064,0.200249,0.000401846,0.832912,0.535444,0.416456,0.487849,0.392659,0.0832912,0.202279,0.142785,0.0356962,0,0,0,0,0,0
64046,64067,64056,22.2,-105.04,40.2615,39.5709,-60.3668,535.418,3.57349,0.93433,59.7284,0.191779,0.00041998,0.739734,0.682832,0.534885,0.625929,0.421079,0.227611,0.159327,0.159327,0.0227611,0,0,0,0,0,0
64068,64088,64078,22.3,-105.041,40.2624,38.9305,-59.709,539.571,3.42699,0.923995,58.8261,0.190995,0.000418745,0.716443,0.573155,0.513451,0.620917,0.382103,0.214933,0.274637,0.119407,0.0119407,0,0,0,0,0,0
64089,64111,64100,22.4,-105.041,40.2631,38.3135,-59.8448,541.706,3.28813,0.849415,52.4534,0.185257,0.000362593,0.692818,0.648829,0.395896,0.538858,0.461878,0.252933,0.186951,0.098974,0.0109971,0,0,0,0,0,0
64112,64133,64122,22.5,-105.04,40.264,37.6473,-59.7668,544.618,3.4662,0.910688,56.0228,0.184551,0.000388454,0.690899,0.632348,0.515246,0.468406,0.573797,0.269333,0.187362,0.128812,0,0,0,0,0,0,0
64134,64154,64144,22.6,-105.04,40.2647,37.039,-59.8048,547.067,3.37437,0.8353,49.9977,0.179568,0.000329484,0.722189,0.560319,0.510513,0.498061,0.622577,0.273934,0.0871607,0.0747092,0.0249031,0,0,0,0,0,0
64155,64175,64165,22.7,-105.039,40.2648,36.489,-58.729,552.18,2.82578,0.673293,37.927,0.168992,0.000241944,0.51492,0.565156,0.51492,0.313976,0.489802,0.288858,0.100472,0.0376771,0,0,0,0,0,0,0
64176,64196,64186,22.8,-105.038,40.2645,35.9005,-58.061,556.48,2.79535,0.627475,35.6017,0.170214,0.000224302,0.581837,0.493296,0.493296,0.607134,0.328864,0.139135,0.0885404,0.0505945,0.0126486,0,0,0,0,0,0
64197,64217,64207,22.9,-105.037,40.2642,35.3025,-57.643,560.245,2.67498,0.600642,34.6966,0.173297,0.000220642,0.56742,0.55391,0.49987,0.4053,0.32424,0.18914,0.09457,0.01351,0.02702,0,0,0,0,0,0
64218,64238,64228,23,-105.037,40.2634,34.7476,-58.0038,561.832,2.48666,0.610411,38.1834,0.187661,0.000249113,0.56277,0.484244,0.366455,0.379543,0.314104,0.222491,0.0916138,0.0523507,0,0.0130877,0,0,0,0,0
64239,64259,64249,23.1,-105.037,40.2623,34.2081,-58.3819,563.374,2.68997,0.594017,31.6543,0.159865,0.000189765,0.625883,0.43945,0.386183,0.4794,0.43945,0.226383,0.0799,0.0133167,0,0,0,0,0,0,0
64260,64279,64270,23.2,-105.037,40.2613,33.621,-58.5205,565.789,2.49099,0.498175,25.8318,0.155559,0.00015061,0.569369,0.512432,0.498198,0.398558,0.298919,0.128108,0.0569369,0.0284684,0,0,0,0,0,0,0
64280,64302,64291,23.3,-105.038,40.2606,33.1226,-59.1374,566.585,2.5285,0.496471,24.9506,0.150768,0.000141334,0.625866,0.550762,0.400554,0.363002,0.375519,0.13769,0.0751039,0,0,0,0,0,0,0,0
64303,64325,64314,23.4,-105.038,40.2604,32.5935,-59.1913,569.05,2.31025,0.494767,27.7369,0.168182,0.000174021,0.571216,0.456972,0.418891,0.304648,0.330036,0.114243,0.0761621,0.0253874,0.0126937,0,0,0,0,0,0
64326,64347,64336,23.5,-105.038,40.2604,32.051,-58.7433,572.985,2.12357,0.480753,27.2161,0.169834,0.000176742,0.54847,0.365647,0.365647,0.25314,0.309394,0.140633,0.112507,0.0281267,0,0,0,0,0,0,0
64348,64369,64358,23.6,-105.039,40.261,31.5043,-58.66,576.032,2.35462,0.533335,30.0574,0.169072,0.000192207,0.627899,0.385302,0.299679,0.399572,0.34249,0.171245,0.0856226,0.0428113,0,0,0,0,0,0,0
64370,64392,64381,23.7,-105.039,40.2619,31.0252,-58.3052,579.513,2.03252,0.439762,23.638,0.161255,0.000143342,0.485182,0.445843,0.222921,0.275373,0.39339,0.144243,0.039339,0.026226,0,0,0,0,0,0,0
64393,64414,64404,23.8,-105.038,40.263,30.4668,-57.5305,584.634,2.25522,0.418018,21.192,0.152089,0.000122693,0.705621,0.539593,0.29055,0.235207,0.304386,0.110686,0.0553428,0.0138357,0,0,0,0,0,0,0
64415,64435,64425,23.9,-105.037,40.2639,29.9981,-57.2143,588.083,2.38928,0.441586,21.5494,0.1464,0.000117579,0.600984,0.571668,0.410428,0.366454,0.249188,0.131923,0.0586326,0,0,0,0,0,0,0,0
64436,64457,64446,24,-105.036,40.2645,29.5368,-57.4782,589.981,1.9979,0.461862,26.4276,0.171659,0.000171456,0.495932,0.28339,0.354237,0.354237,0.240881,0.141695,0.0850169,0.0425084,0,0,0,0,0,0,0
64458,64478,64468,24.1,-105.035,40.2646,29.0438,-57.3581,593.142,1.82912,0.345159,18.4001,0.159928,0.000106291,0.569727,0.314849,0.284863,0.404806,0.119942,0.0899569,0.0149928,0.0149928,0.0149928,0,0,0,0,0,0
64479,64499,64489,24.2,-105.033,40.2644,28.5862,-57.2462,596.164,2.24,0.476025,28.595,0.180211,0.000186231,0.700954,0.411429,0.350477,0.320001,0.24381,0.106667,0.0304763,0.0457144,0.0304763,0,0,0,0,0,0
64500,64521,64510,24.3,-105.033,40.264,28.1327,-57.2177,598.96,2.02506,0.436559,24.664,0.169489,0.000159625,0.54295,0.33751,0.381533,0.33751,0.220115,0.0586973,0.10272,0.044023,0,0,0,0,0,0,0
64522,64543,64532,24.4,-105.032,40.2636,27.6477,-57.2009,602,1.85919,0.369673,18.7425,0.152101,0.000107279,0.339376,0.516441,0.354131,0.250843,0.206577,0.132799,0.0590219,0,0,0,0,0,0,0,0
64544,64564,64554,24.5,-105.032,40.2633,27.2229,-57.5248,603.754,1.99652,0.42756,22.6186,0.158705,0.000134213,0.393015,0.471618,0.26725,0.377294,0.251529,0.172926,0.0471618,0.0157206,0,0,0,0,0,0,0
64565,64585,64575,24.6,-105.033,40.2631,26.8181,-57.619,606.082,1.82376,0.401578,22.8939,0.171029,0.000150297,0.444045,0.444045,0.285458,0.190305,0.222023,0.111011,0.0951526,0.0317175,0,0,0,0,0,0,0
64587,64607,64597,24.7,-105.033,40.2631,26.3757,-57.0967,610.447,2.06308,0.400997,21.0698,0.15763,0.000127845,0.564123,0.548006,0.290121,0.193414,0.290121,0.0805891,0.0805891,0.0161178,0,0,0,0,0,0,0
64608,64628,64618,24.8,-105.034,40.2635,25.9229,-57.2033,613.17,1.85819,0.391697,22.099,0.169256,0.000143725,0.63017,0.355481,0.193899,0.226215,0.226215,0.113107,0.0807911,0.0323164,0,0,0,0,0,0,0
64629,64648,64638,24.9,-105.034,40.2639,25.5279,-56.6221,617.526,1.94415,0.352004,17.5927,0.149936,9.95321e-05,0.49058,0.599597,0.181696,0.363392,0.199866,0.0363392,0.0545088,0.0181696,0,0,0,0,0,0,0
64649,64669,64659,25,-105.035,40.2645,25.1455,-56.768,619.768,1.94507,0.391009,20.6068,0.158105,0.000122024,0.403033,0.455603,0.315417,0.43808,0.192755,0.0525695,0.0525695,0.0350464,0,0,0,0,0,0,0
64670,64690,64680,25.1,-105.034,40.2653,24.689,-57.0467,622.229,1.80647,0.376509,20.2177,0.161093,0.00012384,0.434891,0.418164,0.267625,0.267625,0.217445,0.117086,0.0669063,0.0167266,0,0,0,0,0,0,0
64691,64710,64700,25.2,-105.034,40.266,24.2995,-56.4515,626.773,1.4952,0.269394,13.3846,0.149052,7.41704e-05,0.516201,0.249201,0.195801,0.284801,0.1602,0.0534001,0.0178,0.0178,0,0,0,0,0,0,0
