data/B2SAP/Locations/Boulder/NOAA-POPS-B2SAP_GMLBalloon_20211104_R0.ict
61,1001
Thornberry, T. D.
NOAA Chemical Sciences Laboratory
Portable Optical Particle Spectrometer (POPS)
Balloon Baseline Stratospheric Aerosol Profiles (B2SAP)
1,1
2021,11,04,2024,05,30
0
TIME_START,s,Seconds since midnight UTC on flight start day,Start time of 100 m altitude bin in UTC_seconds_since_midnight
28
1.0,1.0,1.0,1.0,1.0,1.0,1.0,1.0,1.0,1.0,1.0,1.0,1.0,1.0,1.0,1.0,1.0,1.0,1.0,1.0,1.0,1.0,1.0,1.0,1.0,1.0,1.0,1.0
99999,99999,99999,99999,99999,99999,99999,99999,99999,99999,99999,99999,99999,99999,99999,99999,99999,99999,99999,99999,99999,99999,99999,99999,99999,99999,99999,99999
TIME_STOP,s,End time of 100 m altitude bin in UTC seconds since midnight,
TIME_MID,s,Mid time of 100 m altitude in UTC seconds since midnight,
GPSAlt,m,GPS reported altitude above sea level (m),
GPS_Lon,deg,GPS reported longitude,
GPS_Lat,deg,GPS reported latitude,
iMet_Pressure,mb,Pressure reported (mB),
iMet_Temperature,degrees C,Ambient temperature (oC),
THETA,K,Potential temperature from iMet,
Aerosol_concentration,cm^-3,Aerosol concentration,
Surface_Area_Conc,um^2 cm^-3,Surface area concentration,
Volume_density,um^3 cm^-3,Volume density,
Effective_radius,um,Effective radius,
Extinction,km^-1,Extinction,
Bin01,cm^-3,particle concentration in size range [140 - 170 nm],
Bin02,cm^-3,particle concentration in size range [170 - 205 nm],
Bin03,cm^-3,particle concentration in size range [205 - 249 nm],
Bin04,cm^-3,particle concentration in size range [249 - 302 nm],
Bin05,cm^-3,particle concentration in size range [302 - 366 nm],
Bin06,cm^-3,particle concentration in size range [366 - 443 nm],
Bin07,cm^-3,particle concentration in size range [443 - 537 nm],
Bin08,cm^-3,particle concentration in size range [537 - 651 nm],
Bin09,cm^-3,particle concentration in size range [651 - 789 nm],
Bin10,cm^-3,particle concentration in size range [789 - 956 nm],
Bin11,cm^-3,particle concentration in size range [956 - 1159 nm],
Bin12,cm^-3,particle concentration in size range [1159 - 1404 nm],
Bin13,cm^-3,particle concentration in size range [1404 - 1702 nm],
Bin14,cm^-3,particle concentration in size range [1702 - 2062 nm],
Bin15,cm^-3,particle concentration in size range [2062 - 2500 nm],
0
19
PI_CONTACT_INFO: 325 Broadway R/CSL6, Boulder, CO 80305; troy.thornberry@noaa.gov; 303-497-3373 
PLATFORM: GML ECC/FPH balloon
LOCATION: Boulder, CO, USA
ASSOCIATED_DATA: N/A
INSTRUMENT_INFO: Printed Optical Particle Spectrometer counts particles from 140 - 2500 nm in diameter 
DATA_INFO: Particle concentrations reported in number per cubic centimeter, binned to 100 m altitude
UNCERTAINTY: Counting uncertainty dominated by air flow, less than 5 percent
ULOD_FLAG: -77777
ULOD_VALUE: 3000 ~3000 per cm3 (varies depending on flow rate- manufacturer quotes 1250  per cm3 at 1.667 cc/s)
LLOD_FLAG: -88888
LLOD_VALUE: 0 0 (varies depending on data field and measurement precision)
DM_CONTACT_INFO: Troy Thornberry, 325 Broadway R/CSL6, Boulder, CO 80305; troy.thornberry@noaa.gov; 303-497-3373
PROJECT_INFO: B2SAP Boulder, CO, USA
STIPULATIONS_ON_USE: Please contact the PIs for questions regarding applications and uncertainties
OTHER_COMMENTS: POPS bin Edges (nm):  140, 170, 205, 249, 302, 366, 443, 537, 651, 789, 956, 1159, 1404, 1702, 2062, 2500
Calculations assume sulfate refractive index of 1.45+0.00j and extinction wavelength = 532 nm
REVISION: R0
R0: QA/QC data
TIME_START,TIME_STOP,TIME_MID,GPSAlt,GPS_Lon,GPS_Lat,iMet_Pressure,iMet_Temperature,THETA,Aerosol_concentration,Surface_Area_Conc,Volume_density,Effective_radius,Extinction,Bin01,Bin02,Bin03,Bin04,Bin05,Bin06,Bin07,Bin08,Bin09,Bin10,Bin11,Bin12,Bin13,Bin14,Bin15
[from data line 157]
62544,62570,62557,17.4,-104.748,39.4205,83.676,-68.938,414.868,14.7741,2.74055,168.912,0.184903,0.000772741,3.39097,3.89423,2.99556,2.4923,1.21021,0.467307,0.179733,0.0958579,0.0239645,0.0119822,0,0,0,0.0119822,0
62571,62596,62584,17.5,-104.746,39.4172,82.227,-68.0757,418.706,14.4087,2.69344,139.017,0.154839,0.000776877,3.28825,3.62484,2.95166,2.21374,1.30753,0.660239,0.233026,0.0647293,0.0517834,0.0129459,0,0,0,0,0
62597,62623,62610,17.6,-104.744,39.4142,80.8712,-67.5124,421.859,12.3989,2.19147,106.432,0.1457,0.0005706,3.02239,3.23658,2.37983,1.95146,1.05903,0.452169,0.237983,0.0356975,0.0237983,0,0,0,0,0,0
62624,62650,62637,17.7,-104.742,39.4114,79.5581,-66.0281,426.889,10.7872,2.11281,110.287,0.156598,0.000643654,2.39351,2.5793,2.09842,1.8689,0.852482,0.622968,0.251373,0.0983633,0.0218585,0,0,0,0,0,0
62651,62673,62662,17.8,-104.741,39.4085,78.2639,-64.5265,432.01,10.4067,2.04593,105.491,0.154684,0.00060894,2.29278,2.2673,2.08897,1.79601,1.1846,0.43308,0.191065,0.152852,0,0,0,0,0,0,0
62674,62692,62683,17.9,-104.74,39.4063,77.025,-64.9489,433.103,11.5956,2.34763,129.075,0.164943,0.000773039,2.39741,2.7562,2.36479,2.12016,1.01115,0.424031,0.326178,0.14678,0.0326178,0.0163089,0,0,0,0,0
62698,62717,62708,18,-104.74,39.4041,75.6842,-64.3963,436.429,9.53049,1.94569,106.305,0.163908,0.000640553,1.94311,2.12817,2.03564,1.85058,0.709389,0.462645,0.246744,0.092529,0.061686,0,0,0,0,0,0
62719,62743,62731,18.1,-104.739,39.402,74.5168,-64.4572,438.256,9.63651,1.96376,107.231,0.163814,0.000649677,2.09846,2.08674,2.11018,1.69987,0.691672,0.527546,0.293081,0.0703395,0.0586162,0,0,0,0,0,0
62744,62767,62756,18.2,-104.737,39.3998,73.2945,-64.4095,440.428,8.77743,1.66341,82.2889,0.14841,0.00045016,1.75842,2.03683,1.93426,1.6705,0.67406,0.483565,0.161188,0.0586139,0,0,0,0,0,0,0
62768,62791,62780,18.3,-104.734,39.3976,72.0074,-63.503,444.583,9.03067,1.89655,106.231,0.168038,0.000657718,1.91521,2.11815,1.68691,1.57276,0.849796,0.481974,0.228304,0.114152,0.0634176,0,0,0,0,0,0
62792,62814,62803,18.4,-104.731,39.3953,70.8475,-63.5045,446.653,9.07668,1.89062,103.562,0.164331,0.000628499,1.79491,2.18891,1.75113,1.66357,0.685858,0.685858,0.102149,0.175113,0.0291855,0,0,0,0,0,0
62817,62843,62830,18.5,-104.729,39.3927,69.6978,-63.1209,449.558,9.30686,2.08669,119.57,0.171904,0.000749736,1.72209,1.93735,1.92468,1.6841,0.924355,0.620458,0.31656,0.139286,0.0253248,0.0126624,0,0,0,0,0
62843,62869,62856,18.6,-104.728,39.39,68.5861,-63.3909,451.053,8.75658,1.84292,98.6088,0.160521,0.00059204,1.64979,1.80208,1.9036,1.66248,0.850276,0.494937,0.291886,0.0888348,0.0126907,0,0,0,0,0,0
62870,62894,62882,18.7,-104.727,39.3872,67.3914,-64.0623,451.872,8.22084,1.7973,103.123,0.17213,0.000635093,1.60407,1.69179,1.67926,1.579,0.814565,0.463676,0.263167,0.0501271,0.0626589,0.0125318,0,0,0,0,0
62895,62920,62908,18.8,-104.726,39.3848,66.2681,-64.7571,452.532,8.34931,1.66779,86.935,0.156378,0.000504654,1.81789,1.76595,1.76595,1.41536,0.805065,0.493427,0.233729,0.0259699,0.0259699,0,0,0,0,0,0
62921,62945,62933,18.9,-104.724,39.3833,65.1857,-64.4443,455.362,6.77107,1.4675,82.1978,0.168037,0.000511744,1.47969,1.3258,1.30213,1.2311,0.67474,0.437989,0.201238,0.0828627,0.0355126,0,0,0,0,0,0
62946,62971,62958,19,-104.722,39.3817,64.1155,-63.8164,458.887,6.0577,1.41137,80.8504,0.171855,0.000520608,1.16968,1.15737,1.14505,1.04655,0.701807,0.480184,0.233936,0.110812,0.0123124,0,0,0,0,0,0
62973,62997,62985,19.1,-104.719,39.38,63.0367,-63.9014,460.933,6.7032,1.56008,97.7486,0.187968,0.000587025,1.53992,1.35876,1.13877,1.06112,0.698789,0.504681,0.271751,0.0905837,0.0258811,0,0.0129405,0,0,0,0
62998,63022,63010,19.2,-104.716,39.3778,62.0386,-63.7029,463.481,6.73231,1.40675,76.3075,0.162731,0.000464641,1.50762,1.40365,1.2087,1.1827,0.818795,0.311922,0.181954,0.103974,0.0129967,0,0,0,0,0,0
63023,63047,63035,19.3,-104.715,39.3754,61.069,-63.902,465.12,6.99912,1.47023,82.3555,0.168046,0.000510743,1.52214,1.59009,1.41341,1.06006,0.706707,0.421306,0.122315,0.122315,0.0407716,0,0,0,0,0,0
63048,63074,63061,19.4,-104.713,39.3727,60.0125,-63.7188,467.868,6.1229,1.34979,75.1652,0.16706,0.000473318,1.31529,1.21324,1.07718,1.14521,0.646306,0.396855,0.204097,0.124726,0,0,0,0,0,0,0
63075,63100,63088,19.5,-104.712,39.3703,58.9829,-63.9457,469.669,5.89126,1.43611,89.4521,0.186864,0.000600402,1.3135,1.15744,0.884339,1.06641,0.663254,0.351134,0.247095,0.169065,0.02601,0.013005,0,0,0,0,0
63101,63125,63113,19.6,-104.712,39.3684,58.02,-64.1095,471.515,5.94118,1.49585,99.7801,0.200113,0.000604893,1.19689,1.15363,1.09595,0.89406,0.721016,0.519132,0.144203,0.187464,0,0.0144203,0.0144203,0,0,0,0
63128,63150,63139,19.7,-104.711,39.3671,57.0785,-63.6985,474.658,6.19743,1.40912,86.3686,0.183878,0.000560936,1.36207,1.47104,1.08966,0.898968,0.599312,0.422243,0.204311,0.0681036,0.0681036,0.0136207,0,0,0,0,0
63151,63176,63164,19.8,-104.71,39.3657,56.1559,-63.6382,477.001,5.41388,1.33142,87.8232,0.197886,0.000537275,1.23605,1.02592,0.951755,0.865232,0.54386,0.395535,0.210128,0.160686,0.0123605,0,0,0.0123605,0,0,0
63177,63204,63190,19.9,-104.71,39.364,55.2209,-63.9939,478.495,5.08986,1.22239,77.3869,0.189924,0.000506617,1.23391,1.03221,0.735598,0.759327,0.628818,0.379663,0.189832,0.0711869,0.0355934,0.023729,0,0,0,0,0
63205,63231,63218,20,-104.71,39.3627,54.3087,-63.9274,480.921,4.82732,1.21374,78.7216,0.194576,0.000540963,1.36398,0.676062,0.853973,0.65234,0.462569,0.438847,0.201632,0.118607,0.0474429,0.0118607,0,0,0,0,0
63232,63258,63245,20.1,-104.711,39.3618,53.4367,-64.2942,482.307,4.19807,0.923142,51.8808,0.168601,0.000334153,1.10957,0.823599,0.617699,0.629138,0.457555,0.297411,0.2059,0.0571944,0,0,0,0,0,0,0
63259,63283,63271,20.2,-104.711,39.3612,52.5829,-64.7548,483.465,4.20947,1.05026,64.8543,0.185252,0.000448499,0.984671,0.738503,0.726195,0.713887,0.283093,0.393869,0.221551,0.135392,0.0123084,0,0,0,0,0,0
63285,63309,63297,20.3,-104.71,39.3607,51.65,-65.0511,485.245,4.1572,1.0429,66.2365,0.190535,0.000444863,1.07326,0.65211,0.679281,0.543425,0.516254,0.407569,0.163027,0.0815137,0.0271712,0.0135856,0,0,0,0,0
63310,63335,63322,20.4,-104.71,39.3598,50.8336,-64.9445,487.719,3.83243,0.960103,59.09,0.184636,0.000399268,0.782843,0.654317,0.642633,0.712738,0.490738,0.257053,0.163579,0.0934738,0.0350527,0,0,0,0,0,0
63336,63359,63348,20.5,-104.71,39.3585,49.9789,-65.0353,489.869,3.79446,1.01533,66.1197,0.195365,0.000471682,0.931737,0.661668,0.499627,0.580648,0.405103,0.351089,0.162041,0.175545,0.0270069,0,0,0,0,0,0
63360,63385,63372,20.6,-104.709,39.3566,49.109,-64.7771,492.941,3.97894,0.874583,50.3391,0.172674,0.000326886,1.04065,0.832517,0.599902,0.624388,0.342801,0.306072,0.146915,0.0734574,0.0122429,0,0,0,0,0,0
63386,63409,63398,20.7,-104.709,39.3548,48.3268,-64.8479,495.046,3.52176,0.833181,48.7968,0.175701,0.000322092,0.907529,0.514718,0.595989,0.568899,0.379266,0.31154,0.189633,0.0406356,0.0135452,0,0,0,0,0,0
63412,63434,63423,20.8,-104.709,39.353,47.5444,-64.4683,498.257,3.4988,0.834149,48.8158,0.175565,0.000326844,0.839143,0.768029,0.426683,0.440906,0.426683,0.341346,0.199119,0.0568911,0,0,0,0,0,0,0
63436,63459,63448,20.9,-104.708,39.3511,46.7658,-64.0168,501.705,3.30127,0.871253,54.5717,0.187908,0.000384644,0.781526,0.660255,0.363814,0.417712,0.404238,0.336865,0.256017,0.067373,0.0134746,0,0,0,0,0,0
63461,63486,63474,21,-104.708,39.3489,45.9529,-62.8357,507.071,3.26603,0.770581,45.7303,0.178036,0.000311027,0.901814,0.633707,0.426534,0.377787,0.414347,0.243733,0.194987,0.07312,0,0,0,0,0,0,0
63487,63511,63499,21.1,-104.708,39.3472,45.1925,-62.357,510.648,3.37034,0.719621,38.7338,0.161476,0.000233943,0.702153,0.663854,0.638321,0.651088,0.319161,0.268095,0.0765985,0.0510657,0,0,0,0,0,0,0
63514,63535,63524,21.2,-104.708,39.3462,44.3862,-62.1206,513.864,3.81542,0.951388,58.676,0.185022,0.00041019,0.937956,0.763083,0.492825,0.58821,0.381542,0.238463,0.333849,0.0635903,0.0158976,0,0,0,0,0,0
63536,63558,63547,21.3,-104.708,39.3454,43.7153,-62.3953,515.424,3.67888,0.937328,60.6117,0.193993,0.000433129,0.852425,0.83747,0.583238,0.43369,0.343961,0.239277,0.224322,0.134593,0.0299096,0,0,0,0,0,0
63559,63582,63570,21.4,-104.707,39.3443,43.0132,-61.9374,518.95,3.72307,1.01428,68.6076,0.202926,0.000487611,0.934056,0.684098,0.513073,0.486762,0.36836,0.315737,0.289426,0.0789343,0.0394672,0.0131557,0,0,0,0,0
63584,63606,63595,21.5,-104.706,39.343,42.3112,-61.1406,523.359,3.54932,0.786678,45.7594,0.174504,0.000298917,0.841736,0.799649,0.547128,0.561157,0.39281,0.182376,0.12626,0.0841736,0.0140289,0,0,0,0,0,0
63608,63632,63620,21.6,-104.706,39.3412,41.5816,-60.4526,527.668,3.59421,0.819738,48.9053,0.178979,0.000328416,0.939254,0.81402,0.463365,0.500936,0.388225,0.237944,0.137757,0.100187,0.0125234,0,0,0,0,0,0
63633,63657,63645,21.7,-104.706,39.3396,40.9456,-60.4172,530.093,3.32089,0.661347,35.4111,0.160632,0.000217334,0.943134,0.770447,0.438358,0.491492,0.345373,0.172686,0.119552,0.0398507,0,0,0,0,0,0,0
63658,63679,63668,21.8,-104.706,39.3385,40.3059,-60.1341,533.182,3.41047,0.755755,43.1446,0.171264,0.000282973,0.866595,0.642957,0.587048,0.587048,0.279547,0.181705,0.20966,0.0559093,0,0,0,0,0,0,0
63682,63703,63692,21.9,-104.706,39.3381,39.5938,-60.535,534.905,2.4905,0.462766,23.8664,0.15472,0.000141516,0.835136,0.611439,0.23861,0.313176,0.253523,0.149131,0.0745657,0.0149131,0,0,0,0,0,0,0
63704,63724,63714,22,-104.706,39.3385,38.9637,-60.7463,536.823,2.60847,0.477398,24.3272,0.152874,0.000137436,0.840228,0.438925,0.489088,0.413844,0.238274,0.112866,0.0627036,0,0.0125407,0,0,0,0,0,0
63726,63748,63737,22.1,-104.705,39.3392,38.3735,-60.5988,539.54,2.3563,0.475125,25.3184,0.159864,0.000155031,0.589074,0.589074,0.392716,0.294537,0.210384,0.168307,0.098179,0.0140256,0,0,0,0,0,0,0
63749,63770,63760,22.2,-104.704,39.3397,37.7306,-61.1835,540.668,2.56452,0.534933,30.4653,0.170855,0.000198386,0.732721,0.591813,0.380451,0.36636,0.18318,0.154999,0.0845447,0.0704539,0,0,0,0,0,0,0
63771,63792,63782,22.3,-104.702,39.3397,37.1581,-61.725,541.637,2.82695,0.692769,42.6001,0.184477,0.000293713,0.79696,0.405998,0.49622,0.360888,0.270666,0.255629,0.165407,0.0601479,0.015037,0,0,0,0,0,0
63793,63819,63806,22.4,-104.7,39.3399,36.469,-61.881,544.154,2.47468,0.610315,36.8455,0.181114,0.000255656,0.60065,0.516559,0.336364,0.372403,0.156169,0.24026,0.216234,0.036039,0,0,0,0,0,0,0
63821,63846,63834,22.5,-104.698,39.3394,35.8922,-61.4267,547.805,2.46267,0.557943,32.0878,0.172533,0.000209855,0.638964,0.505846,0.319482,0.386041,0.239611,0.2263,0.0931822,0.053247,0,0,0,0,0,0,0
63847,63871,63859,22.6,-104.696,39.3387,35.2514,-60.6043,552.777,2.45719,0.479602,25.5947,0.1601,0.00015645,0.819063,0.38678,0.489163,0.261645,0.250269,0.147886,0.0682553,0.0341276,0,0,0,0,0,0,0
63872,63895,63884,22.7,-104.695,39.3383,34.7012,-60.5882,555.305,2.69777,0.5114,26.8774,0.15767,0.000161056,0.857104,0.505832,0.463679,0.407475,0.238865,0.112407,0.0702544,0.0421526,0,0,0,0,0,0,0
63897,63920,63908,22.8,-104.693,39.3382,34.119,-60.6576,557.814,2.3578,0.459772,24.5159,0.159965,0.000150253,0.751762,0.489784,0.36449,0.296149,0.182245,0.170855,0.0797323,0.0227807,0,0,0,0,0,0,0
63922,63944,63933,22.9,-104.692,39.3379,33.5374,-60.5711,560.792,2.15635,0.381455,19.0303,0.149666,0.000108162,0.807054,0.416137,0.252204,0.302645,0.214374,0.100882,0.0504409,0.0126102,0,0,0,0,0,0,0
63945,63965,63955,23,-104.691,39.3373,32.9953,-60.7747,562.86,2.30589,0.382746,18.8658,0.147872,0.000101987,0.759424,0.579924,0.386616,0.276154,0.165692,0.096654,0.0276154,0,0.0138077,0,0,0,0,0,0
63966,63986,63976,23.1,-104.689,39.337,32.4961,-60.9506,564.862,2.3205,0.481507,27.3329,0.170296,0.000176472,0.71885,0.416176,0.441399,0.277451,0.189171,0.126114,0.126114,0.0126114,0.0126114,0,0,0,0,0,0
63989,64008,63998,23.2,-104.687,39.3365,31.9606,-60.9353,567.58,2.34135,0.449049,24.6416,0.164625,0.000153219,0.722473,0.548545,0.387995,0.294341,0.16055,0.107033,0.093654,0.0133791,0.0133791,0,0,0,0,0,0
64009,64035,64022,23.3,-104.684,39.3356,31.37,-60.9941,570.464,1.89263,0.331871,16.1259,0.145773,8.78871e-05,0.525732,0.483673,0.399556,0.157719,0.168234,0.126176,0.0210293,0.0105146,0,0,0,0,0,0,0
64036,64059,64048,23.4,-104.682,39.3341,30.8715,-60.7195,573.816,2.0933,0.400373,21.5618,0.161562,0.000134399,0.771833,0.409305,0.245583,0.292361,0.140333,0.128639,0.0818611,0.0233889,0,0,0,0,0,0,0
64061,64081,64071,23.5,-104.681,39.3326,30.385,-60.5712,576.831,2.37522,0.414949,20.915,0.151212,0.000119889,0.875862,0.460198,0.400818,0.252367,0.192986,0.133606,0.0296902,0.0296902,0,0,0,0,0,0,0
64084,64108,64096,23.6,-104.679,39.3308,29.8978,-60.0394,580.952,2.00667,0.358061,18.941,0.158696,0.000112337,0.682266,0.508355,0.267555,0.187289,0.2408,0.0535111,0.0401333,0.0133778,0.0133778,0,0,0,0,0,0
64109,64132,64120,23.7,-104.678,39.3287,29.4474,-59.6784,584.458,2.35953,0.413882,20.9387,0.151773,0.000120699,0.773617,0.696255,0.244979,0.257872,0.154723,0.180511,0.0257872,0.0257872,0,0,0,0,0,0,0
64133,64155,64144,23.8,-104.677,39.3268,28.922,-59.4395,588.141,1.93035,0.33971,17.0072,0.150192,9.88388e-05,0.709872,0.386071,0.273986,0.249078,0.161901,0.0622695,0.0871772,0,0,0,0,0,0,0,0
64156,64175,64166,23.9,-104.675,39.3248,28.4794,-59.7047,589.993,2.26858,0.385784,19.4156,0.150983,0.000113014,0.948947,0.504128,0.177928,0.281719,0.1631,0.118618,0.0593092,0.0148273,0,0,0,0,0,0,0
64179,64203,64191,24,-104.673,39.3221,27.9524,-58.8852,595.443,2.06616,0.395664,23.9387,0.181508,0.000146151,0.729232,0.474001,0.303847,0.267385,0.0972309,0.0972309,0.0729232,0,0.0121539,0.0121539,0,0,0,0,0
64204,64227,64216,24.1,-104.672,39.3194,27.5089,-58.0617,600.455,1.98535,0.282045,12.4155,0.132058,6.13722e-05,0.942684,0.385644,0.299945,0.128548,0.128548,0.0714155,0.0285662,0,0,0,0,0,0,0,0
64228,64253,64240,24.2,-104.672,39.3176,27.0819,-58.1457,602.913,1.60193,0.299046,16.5015,0.165542,0.000102015,0.546396,0.347707,0.248362,0.223526,0.0993447,0.0620905,0.0496724,0.0124181,0.0124181,0,0,0,0,0,0
64254,64279,64266,24.3,-104.673,39.3162,26.5991,-57.9118,606.679,1.80986,0.308096,16.2392,0.158124,9.95855e-05,0.820471,0.337841,0.217183,0.16892,0.120657,0.0723945,0.0361972,0.0361972,0,0,0,0,0,0,0
64280,64305,64292,24.4,-104.673,39.3149,26.1605,-57.493,610.753,2.23327,0.373873,18.2836,0.146709,0.000100466,0.820658,0.55159,0.269068,0.242161,0.174894,0.147987,0,0.0269068,0,0,0,0,0,0,0
64307,64328,64318,24.5,-104.674,39.314,25.769,-57.5424,613.252,2.17513,0.363996,18.327,0.151048,0.000106464,0.815673,0.59557,0.181261,0.297785,0.129472,0.0776831,0.0517887,0.0258944,0,0,0,0,0,0,0
64332,64349,64340,24.6,-104.675,39.3139,25.3113,-57.0681,617.752,1.92991,0.324342,15.9911,0.14791,8.98976e-05,0.747621,0.382504,0.295571,0.226025,0.139092,0.0869327,0.0347731,0.0173865,0,0,0,0,0,0,0
64350,64371,64360,24.7,-104.675,39.3143,24.9733,-57.1383,619.935,1.6173,0.253803,11.6078,0.137207,5.98099e-05,0.445343,0.632856,0.117196,0.234391,0.117196,0.0234391,0.0468782,0,0,0,0,0,0,0,0
64372,64394,64383,24.8,-104.675,39.3153,24.5252,-58.0626,620.474,1.96235,0.444481,28.0468,0.1893,0.000194865,0.707937,0.385018,0.211139,0.198719,0.161459,0.149039,0.0869396,0.0372598,0.0248399,0,0,0,0,0,0
64395,64417,64406,24.9,-104.675,39.3161,24.1836,-58.9218,620.491,1.4812,0.229984,11.2041,0.146151,6.24575e-05,0.608351,0.396751,0.18515,0.0793501,0.13225,0.0529001,0,0.02645,0,0,0,0,0,0,0
64418,64440,64429,25,-104.675,39.317,23.7073,-59.2141,623.162,1.91079,0.292467,14.0851,0.144479,7.90469e-05,0.901569,0.417144,0.134563,0.228756,0.134563,0.0269125,0.053825,0.0134563,0,0,0,0,0,0,0
64441,64461,64451,25.1,-104.675,39.3173,23.3644,-59.0483,626.254,1.75199,0.332058,17.8961,0.161684,0.000112296,0.634053,0.400454,0.233598,0.15017,0.116799,0.133485,0.0667424,0.0166856,0,0,0,0,0,0,0
64465,64487,64476,25.2,-104.674,39.3171,22.9268,-58.2518,631.985,1.86693,0.333382,18.2734,0.164437,0.000112054,0.686372,0.411823,0.315731,0.178457,0.137274,0.0686372,0.0274549,0.0274549,0.0137274,0,0,0,0,0,0
64488,64511,64500,25.3,-104.674,39.317,22.55,-57.5496,637.064,1.76674,0.416647,24.8598,0.178999,0.00017139,0.563307,0.345666,0.179234,0.153629,0.204839,0.166432,0.128024,0.0256049,0,0,0,0,0,0,0
