data/B2SAP/Locations/Boulder/NOAA-POPS-B2SAP_GMLBalloon_20190408_R0.ict
61,1001
Thornberry, T. D.
NOAA Chemical Sciences Laboratory
Portable Optical Particle Spectrometer (POPS)
Balloon Baseline Stratospheric Aerosol Profiles (B2SAP)
1,1
2019,04,08,2024,05,30
0
TIME_START,s,Seconds since midnight UTC on flight start day,Start time of 100 m altitude bin in UTC_seconds_since_midnight
28
1.0,1.0,1.0,1.0,1.0,1.0,1.0,1.0,1.0,1.0,1.0,1.0,1.0,1.0,1.0,1.0,1.0,1.0,1.0,1.0,1.0,1.0,1.0,1.0,1.0,1.0,1.0,1.0
99999,99999,99999,99999,99999,99999,99999,99999,99999,99999,99999,99999,99999,99999,99999,99999,99999,99999,99999,99999,99999,99999,99999,99999,99999,99999,99999,99999
TIME_STOP,s,End time of 100 m altitude bin in UTC seconds since midnight,
TIME_MID,s,Mid time of 100 m altitude in UTC seconds since midnight,
GPSAlt,m,GPS reported altitude above sea level (m),
GPS_Lon,deg,GPS reported longitude,
GPS_Lat,deg,GPS reported latitude,
iMet_Pressure,mb,Pressure reported (mB),
iMet_Temperature,degrees C,Ambient temperature (oC),
THETA,K,Potential temperature from iMet,
Aerosol_concentration,cm^-3,Aerosol concentration,
Surface_Area_Conc,um^2 cm^-3,Surface area concentration,
Volume_density,um^3 cm^-3,Volume density,
Effective_radius,um,Effective radius,
Extinction,km^-1,Extinction,
Bin01,cm^-3,particle concentration in size range [140 - 170 nm],
Bin02,cm^-3,particle concentration in size range [170 - 205 nm],
Bin03,cm^-3,particle concentration in size range [205 - 249 nm],
Bin04,cm^-3,particle concentration in size range [249 - 302 nm],
Bin05,cm^-3,particle concentration in size range [302 - 366 nm],
Bin06,cm^-3,particle concentration in size range [366 - 443 nm],
Bin07,cm^-3,particle concentration in size range [443 - 537 nm],
Bin08,cm^-3,particle concentration in size range [537 - 651 nm],
Bin09,cm^-3,particle concentration in size range [651 - 789 nm],
Bin10,cm^-3,particle concentration in size range [789 - 956 nm],
Bin11,cm^-3,particle concentration in size range [956 - 1159 nm],
Bin12,cm^-3,particle concentration in size range [1159 - 1404 nm],
Bin13,cm^-3,particle concentration in size range [1404 - 1702 nm],
Bin14,cm^-3,particle concentration in size range [1702 - 2062 nm],
Bin15,cm^-3,particle concentration in size range [2062 - 2500 nm],
0
19
PI_CONTACT_INFO: 325 Broadway R/CSL6, Boulder, CO 80305; troy.thornberry@noaa.gov; 303-497-3373 
PLATFORM: GML ECC/FPH balloon
LOCATION: Boulder, CO, USA
ASSOCIATED_DATA: N/A
INSTRUMENT_INFO: Printed Optical Particle Spectrometer counts particles from 140 - 2500 nm in diameter 
DATA_INFO: Particle concentrations reported in number per cubic centimeter, binned to 100 m altitude
UNCERTAINTY: Counting uncertainty dominated by air flow, less than 5 percent
ULOD_FLAG: -77777
ULOD_VALUE: 3000 ~3000 per cm3 (varies depending on flow rate- manufacturer quotes 1250  per cm3 at 1.667 cc/s)
LLOD_FLAG: -88888
LLOD_VALUE: 0 0 (varies depending on data field and measurement precision)
DM_CONTACT_INFO: Troy Thornberry, 325 Broadway R/CSL6, Boulder, CO 80305; troy.thornberry@noaa.gov; 303-497-3373
PROJECT_INFO: B2SAP Boulder, CO, USA
STIPULATIONS_ON_USE: Please contact the PIs for questions regarding applications and uncertainties
OTHER_COMMENTS: POPS bin Edges (nm):  140, 170, 205, 249, 302, 366, 443, 537, 651, 789, 956, 1159, 1404, 1702, 2062, 2500
Calculations assume sulfate refractive index of 1.45+0.00j and extinction wavelength = 532 nm
REVISION: R0
R0: QA/QC data
TIME_START,TIME_STOP,TIME_MID,GPSAlt,GPS_Lon,GPS_Lat,iMet_Pressure,iMet_Temperature,THETA,Aerosol_concentration,Surface_Area_Conc,Volume_density,Effective_radius,Extinction,Bin01,Bin02,Bin03,Bin04,Bin05,Bin06,Bin07,Bin08,Bin09,Bin10,Bin11,Bin12,Bin13,Bin14,Bin15
57604,59030,58317,1.8,-105.196,39.9489,823.47,16.0983,305.751,76.706,25.0601,4177.42,0.500088,0.0118082,25.0758,15.1993,11.0594,9.3443,5.67755,4.96785,3.60761,0.827976,0.0591411,0.0591411,0.118282,0.0591411,0.118282,0.0591411,0.473129
59034,59048,59041,1.9,-105.194,39.9487,814.65,14.905,305.433,66.389,16.519,1338.4,0.243065,0.00695313,19.9346,13.7789,9.12625,7.37258,6.40627,4.68839,3.3284,1.28841,0.0357892,0.143157,0.143157,0.107368,0,0,0.0357892
59049,59063,59056,2,-105.192,39.9484,806.813,14.1222,305.446,71.8811,17.7871,1482.68,0.25007,0.00745797,22.2831,14.5759,10.1432,8.7056,5.79042,4.99174,3.63399,1.07822,0.19967,0.159736,0.0798679,0.0798679,0.119802,0,0.0399339
59065,59082,59074,2.1,-105.189,39.9481,796.062,12.97,305.386,68.4881,16.5002,1164.75,0.21177,0.00687432,21.448,12.5053,10.6876,7.48861,5.8164,5.19841,3.78066,0.981517,0.181762,0.181762,0.0363525,0.14541,0.0363525,0,0
59084,59108,59096,2.2,-105.185,39.9479,786.765,12.0212,305.394,64.5207,15.8212,1215.16,0.230417,0.00648846,18.8388,12.6929,10.0741,7.64533,5.6812,4.79417,3.31579,1.03486,0.105598,0.0844788,0.0633591,0.0422394,0.105598,0.0422394,0
59110,59135,59122,2.3,-105.181,39.9476,776.707,10.9972,305.422,64.8634,16.1727,1372.94,0.254677,0.00689838,19.7871,13.785,9.6835,7.16259,5.18187,4.22152,3.38122,1.00036,0.200072,0.140051,0.140051,0.0400145,0.0800289,0.0400145,0.0200072
59136,59152,59144,2.4,-105.179,39.9472,768.804,10.567,305.854,60.6287,14.6806,1152.04,0.235421,0.00606912,20.1145,10.7705,9.48662,6.49084,5.20694,4.31534,2.71046,0.962927,0.17832,0.0713279,0.213984,0.0713279,0,0.035664,0
59158,59171,59164,2.5,-105.177,39.9468,758.28,9.79714,306.224,59.106,14.3658,1268.38,0.264875,0.00588316,19.5311,11.0728,8.71468,7.02301,5.02376,4.04976,2.25556,0.871468,0.153788,0.102526,0.153788,0.102526,0,0,0.0512628
59172,59190,59181,2.6,-105.175,39.9463,748.322,8.76615,306.26,55.6851,15.7533,1680.89,0.320103,0.00703784,15.8616,11.0636,8.74931,6.71721,4.40288,4.40288,3.01992,0.705589,0.197565,0.141118,0.112894,0.112894,0.0846707,0.0282236,0.0846707
59191,59205,59198,2.7,-105.174,39.9459,740.397,7.69429,306.03,54.6749,14.4527,1359.36,0.282167,0.0063132,15.2787,11.3417,9.02122,5.89248,5.11029,3.57199,3.02446,0.80826,0.234656,0.104292,0.0521458,0.104292,0.0521458,0.0260729,0.0521458
59206,59224,59215,2.8,-105.173,39.9458,731.013,6.82812,306.201,53.7859,13.9092,1135.82,0.244979,0.00593363,15.0573,10.4647,8.20269,6.85462,4.75253,4.08992,2.92464,0.936798,0.114244,0.137092,0.0685462,0.0685462,0.0913949,0,0.0228487
59225,59240,59232,2.9,-105.171,39.9458,722.343,5.89714,306.222,51.3015,13.7552,1358.85,0.296366,0.00593862,15.3484,9.61904,8.06843,5.88706,4.17876,4.15248,2.94353,0.657038,0.105126,0.0262815,0.105126,0.0788445,0.0262815,0.052563,0.052563
59241,59258,59250,3,-105.17,39.9456,713.391,5.18125,306.524,51.3932,13.4648,1241.68,0.27665,0.00578618,15.2531,10.6497,7.3975,6.27528,4.23696,3.61859,2.7712,0.595465,0.114512,0.137415,0.18322,0.0229025,0.0687075,0.045805,0.0229025
59259,59276,59268,3.1,-105.168,39.9453,704.819,4.39067,306.718,49.9192,13.0482,1216.57,0.279708,0.00581773,14.5046,10.1115,8.2217,5.64475,4.24583,3.11688,2.74875,0.760814,0.147254,0.196339,0.0736272,0.0245424,0.0245424,0.0736272,0.0245424
59277,59294,59286,3.2,-105.167,39.9449,695.806,3.45667,306.809,49.461,12.2688,1032.53,0.252477,0.005131,16.2078,8.8675,7.46348,6.20725,3.6209,3.34995,2.58636,0.591167,0.221688,0.0738959,0.0738959,0.12316,0.0492639,0,0.024632
59296,59311,59304,3.3,-105.166,39.9443,686.119,2.345,306.799,47.8208,11.6933,949.465,0.243593,0.00491368,15.0267,8.92983,7.45179,5.14235,4.21857,3.54114,2.43261,0.677435,0.12317,0.12317,0.061585,0.0307925,0.0307925,0,0.0307925
59312,59324,59318,3.4,-105.165,39.9443,679.672,1.732,306.942,47.573,11.5408,809.163,0.210339,0.00484154,14.6693,9.24721,6.94469,5.08782,3.93656,3.60233,3.11954,0.594198,0.14855,0.0742748,0.0371374,0.0742748,0.0371374,0,0
59327,59340,59334,3.5,-105.164,39.944,670.338,0.794,307.112,44.375,10.8173,761.952,0.211314,0.00444333,12.2478,8.97179,6.96151,5.84469,3.42492,3.31323,2.68037,0.632865,0.0372273,0.111682,0.0372273,0.0744547,0.0372273,0,0
59341,59352,59346,3.6,-105.163,39.9439,661.887,-0.113,307.204,42.0102,10.1376,832.711,0.246422,0.00414693,11.8073,8.06892,7.32865,5.8111,3.29419,2.55392,2.2208,0.703254,0.0370134,0.0740268,0.0370134,0.0370134,0,0,0.0370134
59353,59364,59358,3.7,-105.161,39.9438,654.446,-0.954,307.246,43.9955,10.4804,761.355,0.217937,0.00425537,14.065,8.32651,6.56369,5.06342,3.48813,3.18808,2.43794,0.487588,0.11252,0.0750136,0.11252,0,0.0750136,0,0
59367,59382,59374,3.8,-105.16,39.9433,644.794,-1.92125,307.461,41.4757,11.9945,1180.09,0.295159,0.00557387,12.69,7.1381,6.25167,4.3855,3.779,3.17249,2.51933,0.97974,0.139963,0.0933085,0.139963,0.0933085,0.0466543,0,0.0466543
59383,59402,59392,3.9,-105.158,39.9427,637.144,-2.61579,307.721,40.4565,10.6807,931.696,0.261695,0.00480626,12.6648,8.13463,5.59379,4.4514,3.24991,2.87568,2.206,0.709072,0.157572,0.177268,0.0984822,0.0590893,0.0590893,0,0.0196964
59403,59418,59410,4,-105.157,39.9424,629.845,-2.19833,309.21,30.1052,8.64009,930.542,0.323102,0.0039928,8.57919,5.58427,4.67956,3.74365,2.90133,2.18379,1.55985,0.436759,0.124788,0.124788,0.0623941,0,0.0311971,0.0623941,0.0311971
59420,59434,59427,4.1,-105.156,39.942,622.063,-1.943,310.601,27.0914,7.20474,643.161,0.267807,0.00308729,7.56473,5.29158,4.35997,3.0557,3.0557,1.7887,1.22973,0.335382,0.186323,0.0372647,0.0372647,0.0745293,0.0372647,0.0372647,0
59436,59452,59444,4.2,-105.155,39.9419,613.362,-2.34667,311.395,25.8354,7.60532,740.19,0.291976,0.00359228,7.18683,4.08906,4.33688,3.28364,2.60213,2.10648,1.36302,0.433688,0.0619554,0.185866,0.123911,0,0,0.0619554,0
59455,59465,59460,4.3,-105.154,39.9418,606.766,-2.312,312.395,21.7922,5.40062,412.506,0.229144,0.00212294,5.99098,4.19369,3.66948,2.54617,2.39639,1.79729,0.748873,0.224662,0,0.0748873,0.149775,0,0,0,0
59473,59479,59476,4.4,-105.153,39.9417,597.75,-2.9825,312.953,19.0112,5.20107,455.882,0.262955,0.00224106,4.4514,4.08045,3.80224,2.50391,1.57654,1.02011,0.834637,0.37095,0.185475,0,0.0927375,0,0.0927375,0,0
59486,59493,59490,4.5,-105.152,39.9414,590.057,-3.71,313.276,16.85,5.79691,706.42,0.365585,0.00256305,5.02985,3.77238,2.64067,2.01194,0.880223,1.13172,0.502985,0.251492,0.125746,0,0.125746,0.251492,0.125746,0,0
59494,59505,59500,4.6,-105.151,39.9412,583.889,-4.35333,313.465,16.3878,4.52835,356.531,0.236199,0.00207473,4.712,2.91894,2.29345,1.83476,1.70966,1.25097,1.04248,0.416991,0.0833983,0.0416991,0,0.0416991,0.0416991,0,0
59508,59516,59512,4.7,-105.15,39.9408,576.85,-4.89833,313.912,14.7566,4.4089,609.563,0.414773,0.00180961,3.57926,2.63735,2.51176,2.51176,1.75823,1.0047,0.565146,0.062794,0,0,0,0,0.062794,0,0.062794
59519,59531,59525,4.8,-105.149,39.9404,569.565,-5.795,314.002,14.7031,4.38544,399.49,0.273284,0.00197547,3.71101,3.19429,1.83202,2.16084,1.17437,1.40924,0.563698,0.375798,0.0469748,0.0469748,0.0939496,0.0939496,0,0,0
59534,59549,59542,4.9,-105.147,39.9399,561.455,-6.84091,314.061,15.2295,4.42536,468.939,0.317899,0.00193983,3.57741,3.06635,2.18052,2.38494,1.56725,1.29468,0.919905,0.102212,0,0.0340706,0,0.0340706,0,0.0681411,0
59552,59565,59558,5,-105.145,39.9391,553.866,-7.76875,314.182,12.9033,3.67928,449.35,0.366389,0.00163779,4.01752,2.26872,1.7488,1.27615,1.32342,1.22889,0.898034,0.0945298,0,0,0,0,0,0,0.0472649
59569,59580,59574,5.1,-105.143,39.9387,547.057,-8.60143,314.302,12.8602,3.68495,329.193,0.268003,0.00158889,3.68984,2.22476,1.57361,2.06197,1.13951,1.3023,0.542623,0.0542623,0.0542623,0.0542623,0.162787,0,0,0,0
59581,59593,59587,5.2,-105.141,39.9384,541.033,-9.305,314.468,12.5494,3.65109,275.45,0.22633,0.00190999,3.28214,1.80196,2.25245,1.67325,1.09405,0.965336,0.965336,0.193067,0.128711,0.193067,0,0,0,0,0
59595,59611,59603,5.3,-105.139,39.9382,533.233,-10.3444,314.53,11.4344,3.34487,303.712,0.272398,0.00143401,2.76297,2.29539,1.74279,1.61527,1.02017,1.14769,0.425072,0.212536,0.0850144,0,0.0425072,0,0.0850144,0,0
59613,59630,59622,5.4,-105.137,39.938,526.385,-11.1891,314.678,11.7369,3.78722,477.723,0.378423,0.0018042,3.13449,2.40311,1.53242,1.56724,1.32345,0.766209,0.59207,0.139311,0.104483,0.0348277,0.0696553,0.0348277,0,0,0.0348277
59631,59647,59639,5.5,-105.136,39.9379,519.658,-12.215,314.597,12.3669,4.30526,468.396,0.326389,0.00211952,2.9566,2.2254,1.93928,1.33524,1.36703,1.1127,0.921951,0.22254,0.0317914,0.0635828,0.0953743,0.0635828,0,0.0317914,0
59649,59668,59658,5.6,-105.135,39.9379,512.683,-13.166,314.661,9.90307,2.91916,250.208,0.257137,0.00131583,2.33466,1.94983,1.46237,1.3854,0.872291,0.923602,0.667046,0.153934,0.0256556,0.0513112,0,0.0256556,0.0513112,0,0
59669,59687,59678,5.7,-105.134,39.938,505.749,-13.7538,315.178,9.11708,3.58209,520.677,0.436066,0.00176737,2.28528,1.732,1.5155,1.01034,0.745724,0.914113,0.553279,0.0962225,0.0240556,0.0481112,0.0240556,0.0481112,0.0721668,0.0240556,0.0240556
59688,59705,59696,5.8,-105.132,39.9382,499.358,-14.4043,315.535,10.9086,2.54384,155.301,0.18315,0.00102444,3.01785,2.02113,1.68889,1.35665,1.13516,0.969035,0.526048,0.110747,0.0553734,0.0276867,0,0,0,0,0
59706,59719,59712,5.9,-105.131,39.9381,493.343,-15.204,315.648,10.8258,2.62841,178.902,0.204195,0.00105774,2.54272,2.42714,1.88778,1.27136,1.11726,0.731996,0.616418,0.154104,0.0385261,0,0.0385261,0,0,0,0
59724,59739,59732,6,-105.13,39.9386,486.441,-16.0673,315.858,14.8218,4.37384,370.796,0.254327,0.00194433,3.30938,2.99253,2.42923,1.79552,1.47866,1.37304,0.985774,0.211237,0.0704124,0.0352062,0,0.140825,0,0,0
59741,59754,59748,6.1,-105.13,39.9394,480.655,-16.915,315.893,13.936,3.91239,295.355,0.226477,0.00171301,3.07526,2.17993,2.53028,1.98529,1.67388,1.40138,0.58391,0.272491,0.155709,0,0.0389273,0.0389273,0,0,0
59758,59772,59765,6.2,-105.13,39.94,473.839,-17.8788,315.992,13.4598,3.2578,216.152,0.199047,0.00124418,3.09866,2.71133,2.324,1.50091,2.13033,0.726248,0.726248,0.193666,0,0,0.0484166,0,0,0,0
59773,59788,59780,6.3,-105.129,39.9404,467.109,-18.9075,316.014,13.7451,3.85891,279.085,0.216967,0.00173902,3.60933,2.27437,1.82939,1.58217,1.33496,1.92827,0.791086,0.197771,0.148329,0,0,0.0494429,0,0,0
59789,59800,59794,6.4,-105.128,39.9406,461.047,-19.8122,316.064,10.3064,3.12484,296.534,0.284687,0.00142329,2.69618,1.9569,1.69598,1.43506,0.826248,0.652301,0.521841,0.347894,0,0.0434867,0,0.0869734,0.0434867,0,0
59803,59818,59810,6.5,-105.127,39.9411,454.413,-20.75,316.198,9.05553,2.56266,215.612,0.252409,0.00113577,2.23107,1.74986,1.57488,1.13741,0.787438,0.699945,0.656198,0.0874931,0,0.0437465,0.0874931,0,0,0,0
59819,59835,59827,6.6,-105.126,39.9413,448.552,-21.6808,316.2,8.30064,2.00049,119.553,0.179285,0.000802822,1.92257,1.55637,1.46482,0.976546,1.0681,0.732409,0.366205,0.183102,0.0305171,0,0,0,0,0,0
59837,59854,59846,6.7,-105.124,39.9418,442.17,-22.7973,316.093,8.62045,2.304,174.352,0.227021,0.00105253,2.44246,1.58042,1.3649,1.00572,0.682452,0.682452,0.574697,0.179593,0.0359185,0.0359185,0,0.0359185,0,0,0
59856,59874,59865,6.8,-105.122,39.9421,436.708,-23.6164,316.183,8.04753,2.31816,241.03,0.311923,0.0010693,2.33522,1.36521,1.11372,0.970014,0.862235,0.826308,0.359265,0.143706,0,0.0359265,0,0,0,0.0359265,0
59876,59891,59884,6.9,-105.12,39.9419,429.9,-24.641,316.298,6.42925,2.01099,187.836,0.280214,0.000956549,1.6772,1.23793,0.998331,0.598999,0.838598,0.359399,0.439266,0.1198,0.0399333,0.0399333,0,0.0798665,0,0,0
59895,59909,59902,7,-105.117,39.9416,424.321,-25.4775,316.409,5.80121,1.47732,99.1919,0.20143,0.000653505,1.48749,0.892494,1.04124,0.743745,0.743745,0.49583,0.247915,0.049583,0.049583,0.049583,0,0,0,0,0
59912,59939,59926,7.1,-105.112,39.9409,418.29,-26.0331,316.991,14.8595,4.37525,389.662,0.267182,0.00195947,3.68976,2.48494,2.23394,1.73193,1.73193,1.83233,0.803214,0.150603,0.0502008,0.0502008,0.0502008,0.0251004,0,0.0251004,0
59941,59969,59955,7.2,-105.107,39.94,412.717,-26.5388,317.563,22.1851,6.32543,488.272,0.231576,0.00289121,4.94112,4.59175,3.46876,2.6702,2.04632,2.29587,1.32262,0.573968,0.0998206,0.0499103,0.0499103,0.0748654,0,0,0
59972,59996,59984,7.3,-105.102,39.9389,406.355,-27.406,317.854,14.0041,3.59685,252.976,0.210998,0.00161817,3.72734,2.71563,2.18316,1.70393,1.30457,1.19807,0.745468,0.239615,0.0798715,0.0798715,0.0266238,0,0,0,0
59997,60020,60008,7.4,-105.098,39.938,401.112,-28.02,318.237,9.92003,2.76457,233.435,0.253314,0.00124226,2.99473,2.05887,1.20324,1.01607,0.668466,1.14976,0.508034,0.160432,0.0534773,0.0267386,0.0267386,0.0267386,0.0267386,0,0
60024,60045,60034,7.5,-105.094,39.9372,395.703,-27.7115,319.873,6.36286,1.99729,175.914,0.26423,0.000927128,1.47545,1.07585,0.891415,0.891415,0.768461,0.58403,0.461077,0.0922153,0.0307384,0.0307384,0.0307384,0,0.0307384,0,0
60047,60065,60056,7.6,-105.09,39.9363,389.908,-28.3425,320.397,6.92484,1.72439,122.311,0.212789,0.000673704,2.03084,1.09865,1.03207,0.79902,0.93219,0.53268,0.366217,0.0998775,0,0,0,0.0332925,0,0,0
60066,60091,60078,7.7,-105.085,39.9353,384.679,-29.1377,320.599,8.02938,1.97152,119.63,0.182038,0.000821376,1.90008,1.47103,1.47103,0.980687,0.796808,0.766162,0.367758,0.275818,0,0,0,0,0,0,0
60092,60112,60102,7.8,-105.081,39.9339,379.754,-29.9207,320.746,8.80541,2.79269,322.51,0.346452,0.00131136,2.10037,1.37332,1.31946,1.34639,1.02326,0.727052,0.75398,0.0269279,0.0807836,0,0.0269279,0,0,0,0.0269279
60115,60134,60124,7.9,-105.076,39.933,374.227,-30.8408,320.871,9.25938,2.72474,201.284,0.221617,0.00126896,2.2142,1.30839,1.44258,1.1742,1.1071,0.939358,0.805164,0.167742,0.0335485,0.0335485,0,0.0335485,0,0,0
60135,60153,60144,8,-105.072,39.9319,369.412,-31.6362,321,10.4446,3.45582,401.192,0.348275,0.00172314,2.68131,1.87068,1.34065,1.30948,1.06005,0.685916,1.09123,0.342958,0,0,0,0,0.031178,0,0.031178
60155,60173,60164,8.1,-105.068,39.9307,363.872,-32.56,321.161,12.3839,3.33266,223.406,0.201106,0.00143166,2.84579,2.12652,1.65744,2.03271,1.2509,1.28217,0.844355,0.312724,0,0,0.0312724,0,0,0,0
60174,60186,60180,8.2,-105.066,39.9301,360.228,-33.1983,321.234,12.3479,3.36294,214.04,0.19094,0.0015302,2.91737,1.96753,1.83183,1.6283,1.35691,1.15338,1.22122,0.203537,0.0678457,0,0,0,0,0,0
60193,60208,60200,8.3,-105.061,39.9289,353.672,-34.4283,321.266,24.9503,7.31863,494.613,0.202748,0.00357693,4.78777,4.6529,3.97857,2.69733,3.16937,2.36017,2.4276,0.6069,0.2023,0.0674333,0,0,0,0,0
60211,60225,60218,8.4,-105.058,39.9282,349.289,-35.0843,321.524,29.0843,8.50099,592.405,0.20906,0.00407478,6.34567,4.99428,4.52423,3.70164,2.52652,3.34911,2.40901,1.05761,0.117512,0,0.0587562,0,0,0,0
60229,60244,60236,8.5,-105.055,39.9274,343.752,-35.9462,321.827,35.4226,9.87268,625.231,0.189988,0.00444877,7.24785,5.8187,5.46141,4.64475,4.28746,3.82809,3.36872,0.612494,0.153124,0,0,0,0,0,0
60246,60258,60252,8.6,-105.052,39.9268,338.848,-36.7933,322.002,35.4332,10.2884,702.393,0.204811,0.00480965,7.18735,5.85975,5.35618,4.89838,4.07436,3.93702,2.92987,0.961365,0.0915586,0.0915586,0.0457793,0,0,0,0
60259,60273,60266,8.7,-105.049,39.926,333.856,-37.6944,322.135,34.5885,9.47284,605.405,0.191729,0.00421004,7.04667,5.15834,5.80314,5.2044,4.69778,2.85551,3.03974,0.598736,0.0921133,0.0921133,0,0,0,0,0
60279,60286,60282,8.8,-105.046,39.9252,329.448,-38.592,322.124,32.2598,9.26294,609.474,0.197391,0.00432973,7.03098,4.79761,4.05316,5.2112,4.05316,3.22598,2.97783,0.66174,0.165435,0.0827175,0,0,0,0,0
60292,60303,60298,8.9,-105.043,39.9243,324.859,-39.6175,322,34.0741,8.93293,539.897,0.181317,0.00368671,6.66893,6.14792,4.84539,5.73111,3.49077,4.27228,2.34454,0.52101,0.052101,0,0,0,0,0,0
60307,60318,60312,9,-105.04,39.9235,319.664,-40.577,322.168,31.6481,9.03782,592.857,0.196792,0.00417059,5.49504,5.78425,4.8753,4.75135,3.75976,3.55318,2.47896,0.661057,0.20658,0.0826322,0,0,0,0,0
60320,60671,60496,9.1,-106.581,39.999,307.612,-42.986,322.586,30.1925,8.01023,510.848,0.191323,0.0036063,7.33846,4.69662,5.19983,3.9418,2.80958,2.85152,2.55798,0.670945,0.0838682,0.0419341,0,0,0,0,0
60335,60677,60506,9.2,-109.387,40.207,292.972,-45.8317,323.258,29.9899,8.53245,549.13,0.193074,0.00386188,5.8431,4.43512,5.20951,3.73113,3.87193,3.62554,2.49916,0.668788,0.0351994,0.0703987,0,0,0,0,0
