data/B2SAP/Locations/Boulder/NOAA-POPS-B2SAP_GMLBalloon_20220817_R0.ict
61,1001
Thornberry, T. D.
NOAA Chemical Sciences Laboratory
Portable Optical Particle Spectrometer (POPS)
Balloon Baseline Stratospheric Aerosol Profiles (B2SAP)
1,1
2022,08,17,2024,05,28
0
TIME_START,s,Seconds since midnight UTC on flight start day,Start time of 100 m altitude bin in UTC_seconds_since_midnight
28
1.0,1.0,1.0,1.0,1.0,1.0,1.0,1.0,1.0,1.0,1.0,1.0,1.0,1.0,1.0,1.0,1.0,1.0,1.0,1.0,1.0,1.0,1.0,1.0,1.0,1.0,1.0,1.0
99999,99999,99999,99999,99999,99999,99999,99999,99999,99999,99999,99999,99999,99999,99999,99999,99999,99999,99999,99999,99999,99999,99999,99999,99999,99999,99999,99999
TIME_STOP,s,End time of 100 m altitude bin in UTC seconds since midnight,
TIME_MID,s,Mid time of 100 m altitude in UTC seconds since midnight,
GPSAlt,m,GPS reported altitude above sea level (m),
GPS_Lon,deg,GPS reported longitude,
GPS_Lat,deg,GPS reported latitude,
iMet_Pressure,mb,Pressure reported (mB),
iMet_Temperature,degrees C,Ambient temperature (oC),
THETA,K,Potential temperature from iMet,
Aerosol_concentration,cm^-3,Aerosol concentration,
Surface_Area_Conc,um^2 cm^-3,Surface area concentration,
Volume_density,um^3 cm^-3,Volume density,
Effective_radius,um,Effective radius,
Extinction,km^-1,Extinction,
Bin01,cm^-3,particle concentration in size range [140 - 170 nm],
Bin02,cm^-3,particle concentration in size range [170 - 205 nm],
Bin03,cm^-3,particle concentration in size range [205 - 249 nm],
Bin04,cm^-3,particle concentration in size range [249 - 302 nm],
Bin05,cm^-3,particle concentration in size range [302 - 366 nm],
Bin06,cm^-3,particle concentration in size range [366 - 443 nm],
Bin07,cm^-3,particle concentration in size range [443 - 537 nm],
Bin08,cm^-3,particle concentration in size range [537 - 651 nm],
Bin09,cm^-3,particle concentration in size range [651 - 789 nm],
Bin10,cm^-3,particle concentration in size range [789 - 956 nm],
Bin11,cm^-3,particle concentration in size range [956 - 1159 nm],
Bin12,cm^-3,particle concentration in size range [1159 - 1404 nm],
Bin13,cm^-3,particle concentration in size range [1404 - 1702 nm],
Bin14,cm^-3,particle concentration in size range [1702 - 2062 nm],
Bin15,cm^-3,particle concentration in size range [2062 - 2500 nm],
0
19
PI_CONTACT_INFO: 325 Broadway R/CSL6, Boulder, CO 80305; troy.thornberry@noaa.gov; 303-497-3373 
PLATFORM: GML ECC/FPH balloon
LOCATION: Boulder, CO, USA
ASSOCIATED_DATA: N/A
INSTRUMENT_INFO: Printed Optical Particle Spectrometer counts particles from 140 - 2500 nm in diameter 
DATA_INFO: Particle concentrations reported in number per cubic centimeter, binned to 100 m altitude
UNCERTAINTY: Counting uncertainty dominated by air flow, less than 5 percent
ULOD_FLAG: -77777
ULOD_VALUE: 3000 ~3000 per cm3 (varies depending on flow rate- manufacturer quotes 1250  per cm3 at 1.667 cc/s)
LLOD_FLAG: -88888
LLOD_VALUE: 0 0 (varies depending on data field and measurement precision)
DM_CONTACT_INFO: Troy Thornberry, 325 Broadway R/CSL6, Boulder, CO 80305; troy.thornberry@noaa.gov; 303-497-3373
PROJECT_INFO: B2SAP Boulder, CO, USA
STIPULATIONS_ON_USE: Please contact the PIs for questions regarding applications and uncertainties
OTHER_COMMENTS: POPS bin Edges (nm):  140, 170, 205, 249, 302, 366, 443, 537, 651, 789, 956, 1159, 1404, 1702, 2062, 2500
Calculations assume sulfate refractive index of 1.45+0.00j and extinction wavelength = 532 nm
REVISION: R0
R0: QA/QC data
TIME_START,TIME_STOP,TIME_MID,GPSAlt,GPS_Lon,GPS_Lat,iMet_Pressure,iMet_Temperature,THETA,Aerosol_concentration,Surface_Area_Conc,Volume_density,Effective_radius,Extinction,Bin01,Bin02,Bin03,Bin04,Bin05,Bin06,Bin07,Bin08,Bin09,Bin10,Bin11,Bin12,Bin13,Bin14,Bin15
[from data line 395]
69562,69591,69576,10.3,-104.804,39.496,274.484,-34.72,344.976,1.63163,0.338301,29.6327,0.262778,0.000140434,0.897394,0.285534,0.122372,0.0815813,0.0815813,0.0951782,0.0271938,0.0135969,0,0.0135969,0.0135969,0,0,0,0
69593,69624,69608,10.2,-104.795,39.4923,278.797,-33.6641,344.957,2.01503,0.372691,23.7122,0.190873,0.000155297,1.00118,0.405541,0.164751,0.164751,0.088712,0.0633657,0.0633657,0.0506926,0,0.0126731,0,0,0,0,0
69625,69654,69640,10.1,-104.787,39.4887,282.878,-32.909,344.615,1.66957,0.458448,45.6021,0.298411,0.000260153,0.888641,0.228892,0.148107,0.0942498,0.121178,0.0269285,0.0403928,0.0403928,0.0403928,0.0269285,0,0.0134643,0,0,0
69655,69684,69670,10,-104.779,39.4851,286.911,-32.078,344.414,3.86913,0.518099,26.7292,0.154772,0.00014642,2.31613,0.682788,0.40164,0.227596,0.06694,0.080328,0.040164,0.040164,0,0.013388,0,0,0,0,0
69685,69716,69700,9.9,-104.77,39.4815,290.985,-31.765,343.473,9.31409,1.12555,52.9173,0.141043,0.000261321,5.50034,1.96351,1.06986,0.377598,0.151039,0.0755196,0.113279,0.0251732,0.0125866,0.0251732,0,0,0,0,0
69717,69747,69732,9.8,-104.763,39.4787,295.22,-31.5348,342.379,9.0422,1.11453,58.3327,0.157015,0.000243188,5.50563,1.73589,0.997491,0.336815,0.23318,0.103635,0.0777266,0.0129544,0.0129544,0.0129544,0,0.0129544,0,0,0
69748,69777,69762,9.7,-104.756,39.4767,299.474,-30.8403,341.966,9.25981,1.16363,61.0113,0.157295,0.000253915,5.22242,2.28739,0.78543,0.468502,0.26181,0.0964564,0.0688974,0.0413384,0,0.0137795,0,0.0137795,0,0,0
69778,69808,69793,9.6,-104.748,39.475,303.682,-30.3445,341.306,4.51355,0.616629,34.1787,0.166285,0.00018685,2.53483,0.995827,0.491447,0.193992,0.155194,0.0387985,0.0387985,0.0258656,0.0129328,0.0258656,0,0,0,0,0
69809,69838,69824,9.5,-104.741,39.4735,308.001,-29.8521,340.619,2.88101,0.374529,17.5256,0.140381,9.25001e-05,1.53746,0.637146,0.360126,0.180063,0.083106,0.027702,0.013851,0.027702,0.013851,0,0,0,0,0,0
69839,69867,69853,9.4,-104.734,39.4722,312.383,-29.4962,339.738,4.2589,0.48944,18.834,0.115442,7.61306e-05,2.31552,1.11641,0.413486,0.137829,0.179177,0.0826971,0,0.0137829,0,0,0,0,0,0,0
69868,69897,69882,9.3,-104.727,39.471,316.847,-29.6073,338.213,6.04997,0.705846,28.0744,0.119322,0.000122962,3.37735,1.43604,0.691425,0.19945,0.15956,0.11967,0.0531866,0.0132966,0,0,0,0,0,0,0
69898,69930,69914,9.2,-104.721,39.47,321.453,-29.3361,337.199,5.53926,0.721928,42.7436,0.177623,0.000182479,3.39114,1.0982,0.482725,0.265499,0.168954,0.0362043,0.0362043,0.0241362,0.0120681,0.0120681,0,0.0120681,0,0,0
69931,69966,69948,9.1,-104.713,39.4693,326.119,-29.2109,335.985,7.43468,0.973376,52.7299,0.162517,0.000241576,4.03662,1.88148,0.775396,0.262266,0.296475,0.0342087,0.0684173,0.0456115,0.0114029,0.0114029,0.0114029,0,0,0,0
69967,70002,69984,9,-104.706,39.4684,330.685,-28.9458,335.011,10.2386,1.2957,55.6572,0.128866,0.000274314,5.43542,2.274,1.32003,0.521357,0.366059,0.0998342,0.16639,0.0554635,0,0,0,0,0,0,0
70003,70038,70020,8.9,-104.701,39.4672,335.316,-28.3369,334.517,10.8952,1.34228,65.8508,0.147177,0.000283523,6.07365,2.36136,1.46075,0.527188,0.230645,0.0988478,0.0768816,0.0109831,0.0329493,0.0109831,0.0109831,0,0,0,0
70039,70074,70056,8.8,-104.696,39.466,340.093,-27.3873,334.464,12.1537,1.53001,78.2062,0.153345,0.000296852,6.3525,3.15228,1.4383,0.587307,0.323618,0.107873,0.155816,0.0119859,0,0,0.0119859,0.0119859,0,0,0
70075,70110,70092,8.7,-104.691,39.4648,344.639,-26.3827,334.561,11.3999,1.3275,52.4718,0.11858,0.000220812,5.98046,2.96039,1.34889,0.549104,0.358112,0.0954964,0.0596853,0.0358112,0.0119371,0,0,0,0,0,0
70111,70144,70128,8.6,-104.687,39.4636,349.57,-25.3982,334.526,11.6876,1.78339,158.111,0.265973,0.000540133,6.09889,2.96639,1.29334,0.569546,0.415294,0.10679,0.130521,0.0355966,0.0118655,0.0237311,0.0118655,0,0,0.0237311,0
70145,70176,70160,8.5,-104.683,39.4624,354.359,-24.4312,334.532,11.8732,1.67102,93.3186,0.167536,0.000466327,6.28439,2.77001,1.28128,0.622338,0.488108,0.0976216,0.231851,0.0244054,0.0244054,0.0366081,0,0.0122027,0,0,0
70177,70208,70192,8.4,-104.679,39.4612,359.442,-23.5797,334.317,12.1494,1.6198,84.6345,0.15675,0.000404883,6.48861,2.88518,1.38781,0.58434,0.38956,0.158259,0.158259,0.048695,0.0121738,0.0243475,0.0121738,0,0,0,0
70209,70242,70226,8.3,-104.676,39.46,364.402,-22.5672,334.364,11.8436,1.45866,64.1212,0.131877,0.000314221,6.36898,3.00925,1.28105,0.495499,0.33839,0.0966828,0.193366,0.0483414,0,0.0120853,0,0,0,0,0
70243,70276,70260,8.2,-104.673,39.4587,369.266,-21.8341,334.069,10.7369,1.4937,103.855,0.208586,0.000419674,6.1285,2.31628,1.01337,0.554943,0.386047,0.108576,0.0965118,0.0965118,0.012064,0.012064,0,0,0,0.012064,0
70277,70310,70294,8.1,-104.67,39.4571,374.377,-20.8935,334.003,10.721,1.37958,75.0897,0.163288,0.000312795,5.76242,2.78498,1.20003,0.407558,0.283026,0.0679264,0.135853,0.0339632,0.0226421,0,0.0113211,0.0113211,0,0,0
70311,70345,70328,8,-104.668,39.4551,379.491,-20.0575,333.817,9.92044,1.33978,78.7558,0.176348,0.000308483,5.42094,2.30958,1.04111,0.466703,0.382936,0.131634,0.107701,0.0239335,0,0.0119668,0,0.0119668,0.0119668,0,0
70346,70378,70362,7.9,-104.665,39.4531,384.761,-19.0864,333.783,9.65625,1.38687,87.8564,0.190046,0.0004018,5.11828,2.56494,0.800819,0.499061,0.359788,0.0580304,0.116061,0.0696364,0.0232121,0.0232121,0.0116061,0,0.0116061,0,0
70379,70412,70396,7.8,-104.663,39.4511,389.987,-18.2106,333.646,9.55923,1.18728,60.3881,0.152588,0.000270586,5.69633,2.04099,0.899421,0.403586,0.265214,0.0691862,0.11531,0.0230621,0.0345931,0,0,0.011531,0,0,0
70413,70447,70430,7.7,-104.66,39.4494,395.254,-17.5871,333.174,8.81294,1.1035,50.6896,0.137806,0.00026277,4.95728,2.28192,0.674459,0.281025,0.281025,0.146133,0.123651,0.0562049,0,0.011241,0,0,0,0,0
70448,70481,70464,7.6,-104.658,39.4478,400.423,-16.847,332.903,7.33318,0.931642,42.6911,0.137471,0.000226786,4.17074,1.60413,0.710401,0.366659,0.252078,0.0458323,0.114581,0.0458323,0.0229162,0,0,0,0,0,0
70482,70517,70500,7.5,-104.656,39.446,405.926,-16.0911,332.588,6.47616,0.764879,32.5504,0.127669,0.000158579,3.8165,1.38389,0.67032,0.291914,0.151363,0.0324348,0.0864929,0.0324348,0.0108116,0,0,0,0,0,0
70518,70552,70535,7.4,-104.654,39.4442,411.489,-15.2614,332.369,7.16183,1.2051,95.2066,0.237009,0.000405765,3.87708,1.52929,0.861573,0.258472,0.247702,0.140006,0.118466,0.0538483,0.0107697,0.0215393,0.0215393,0.0107697,0.0107697,0,0
70553,70589,70571,7.3,-104.652,39.4424,416.952,-14.5184,332.07,8.80281,1.37304,109.107,0.238392,0.000425558,4.69562,1.90649,0.953245,0.506044,0.376591,0.188295,0.0941477,0.0117685,0.0235369,0.0235369,0.0117685,0,0,0.0117685,0
70590,70627,70608,7.2,-104.649,39.4403,422.511,-13.8235,331.7,8.4327,1.17409,65.5291,0.167438,0.000301871,4.50408,1.89238,1.00706,0.331996,0.354129,0.154932,0.121732,0.0331996,0.0110665,0.0110665,0,0,0.0110665,0,0
70628,70667,70648,7.1,-104.647,39.4384,428.174,-12.9514,331.555,7.56387,0.899301,37.4177,0.124823,0.000178254,4.51123,1.50027,0.770973,0.29172,0.302138,0.0520928,0.093767,0.0416742,0,0,0,0,0,0,0
70668,70706,70687,7,-104.644,39.4366,433.807,-12.0953,331.408,8.12496,1.03865,49.007,0.14155,0.000257397,4.67624,1.73021,0.806651,0.362408,0.268884,0.0935247,0.116906,0.0467624,0.0116906,0.0116906,0,0,0,0,0
70707,70747,70727,6.9,-104.643,39.4344,439.877,-11.4295,330.94,8.78672,1.22931,79.1492,0.193155,0.000375024,5.41109,1.93469,0.564285,0.272066,0.221683,0.120918,0.110842,0.100765,0.0100765,0.020153,0,0.0100765,0.0100765,0,0
70748,70790,70769,6.8,-104.641,39.4323,445.607,-10.781,330.531,13.1368,1.71918,88.2045,0.153918,0.000434561,7.51582,3.05528,1.11513,0.489571,0.417042,0.244785,0.226653,0.0271984,0.00906613,0.0271984,0,0.00906613,0,0,0
70791,70829,70810,6.7,-104.64,39.4304,451.466,-10.4862,329.666,16.9849,2.39399,157.475,0.197338,0.000677188,9.57165,3.82261,1.6642,0.746367,0.463958,0.262237,0.302581,0.0605162,0.0504302,0.010086,0.010086,0,0.010086,0.010086,0
70830,70867,70848,6.6,-104.639,39.429,457.148,-9.88611,329.243,16.1073,2.23485,138.925,0.186489,0.000581488,9.21005,3.61823,1.50074,0.647582,0.55507,0.174744,0.246698,0.0719535,0.0308372,0,0.0205581,0.0205581,0.0102791,0,0
70868,70905,70886,6.5,-104.638,39.4279,463.012,-9.15882,328.955,15.436,2.1603,156.093,0.216766,0.000612924,8.92919,3.19365,1.62941,0.521412,0.467099,0.293294,0.260706,0.0977648,0.0325883,0,0,0,0,0,0.0108628
70907,70941,70924,6.4,-104.637,39.4268,469.149,-8.40656,328.656,15.226,1.96763,93.1861,0.142079,0.000493011,8.68241,3.21399,1.57231,0.728351,0.462445,0.184978,0.254345,0.092489,0.0115611,0.0231223,0,0,0,0,0
70942,70974,70958,6.3,-104.636,39.4258,475.318,-7.72355,328.273,14.8326,2.01814,103.854,0.154381,0.000539648,8.49785,2.99504,1.58072,0.522944,0.499174,0.320898,0.297127,0.0831957,0.0118851,0.0118851,0.0118851,0,0,0,0
70975,71006,70990,6.2,-104.635,39.4245,481.401,-7.30103,327.599,14.1346,1.97847,111.451,0.168997,0.000561681,8.03505,2.99245,1.47712,0.534821,0.43295,0.203741,0.280144,0.127338,0.0254677,0,0.0254677,0,0,0,0
71008,71039,71024,6.1,-104.635,39.4231,487.758,-6.55276,327.295,8.98223,1.13464,51.946,0.137346,0.000277206,5.34626,1.84966,0.836146,0.266046,0.316722,0.177364,0.11402,0.0506755,0.0253377,0,0,0,0,0,0
71040,71069,71054,6,-104.634,39.4221,493.783,-5.81308,327.056,7.4638,0.91563,45.345,0.14857,0.000252674,4.92893,1.42235,0.450645,0.239405,0.168992,0.0422479,0.112661,0.0704132,0.0140826,0.0140826,0,0,0,0,0
71070,71097,71084,5.9,-104.634,39.4211,500.358,-4.7236,327.152,7.3341,0.995783,61.3636,0.18487,0.000295384,4.50314,1.5695,0.630732,0.146682,0.190687,0.132014,0.0586728,0.0293364,0.0440046,0.0146682,0,0.0146682,0,0,0
71098,71124,71111,5.8,-104.633,39.4202,506.588,-3.97,326.913,10.0803,1.28795,71.8047,0.167253,0.000326176,6.19975,2.10701,0.757916,0.424433,0.288008,0.136425,0.0909499,0.0151583,0.0151583,0.0303166,0.0151583,0,0,0,0
71125,71151,71138,5.7,-104.633,39.4191,512.982,-3.2813,326.569,12.2458,1.72077,97.4284,0.169858,0.000518579,7.14867,2.65116,0.931063,0.504983,0.457641,0.126246,0.268272,0.0946844,0.0315615,0.0157807,0.0157807,0,0,0,0
71152,71177,71164,5.6,-104.633,39.4181,519.411,-2.52348,326.325,14.0659,2.00361,104.152,0.155946,0.000620287,8.12521,2.79746,1.16299,0.707223,0.471482,0.267173,0.36147,0.110012,0.0471482,0.0157161,0,0,0,0,0
71178,71203,71190,5.5,-104.632,39.4171,526.217,-1.88545,325.883,14.8028,2.1228,116.18,0.164188,0.000591429,7.84744,3.35375,1.60253,0.578233,0.693879,0.363461,0.214772,0.0991256,0,0.0330419,0.0165209,0,0,0,0
71204,71227,71216,5.4,-104.632,39.416,532.67,-1.71048,324.961,23.4889,3.55996,187.055,0.157632,0.00100895,11.4313,4.95877,2.99266,1.61812,1.18314,0.539375,0.539375,0.173992,0.0173992,0.0173992,0.0173992,0,0,0,0
71228,71252,71240,5.3,-104.631,39.4147,539.409,-1.33952,324.241,24.9217,3.59063,174.644,0.145916,0.000969429,11.6255,6.40697,2.96236,1.5673,1.22284,0.327238,0.620029,0.120561,0.0516691,0.017223,0,0,0,0,0
71253,71276,71264,5.2,-104.63,39.4135,546.043,-0.851905,323.684,27.2941,3.96336,195.479,0.147965,0.00101236,12.9569,6.33181,3.48508,1.81155,1.36298,0.569345,0.586598,0.172529,0,0,0.0172529,0,0,0,0
71278,71302,71290,5.1,-104.63,39.4123,553.181,-0.847826,322.489,35.0776,5.00934,228.468,0.136825,0.00118837,16.0989,8.26188,4.46929,2.56512,2.15596,0.786846,0.519318,0.20458,0.0157369,0,0,0,0,0,0
71303,71329,71316,5,-104.629,39.4109,560.184,-0.8616,321.319,39.7743,5.75272,275.264,0.143548,0.00139299,17.5347,9.72709,5.70059,2.81422,2.41012,0.69273,0.678298,0.129887,0.0577275,0.0144319,0.0144319,0,0,0,0
71330,71355,71342,4.9,-104.628,39.4095,567.368,-0.839583,320.18,35.8592,5.15151,255.854,0.148997,0.00132976,17.1102,8.54004,4.55569,2.21019,1.8343,0.661553,0.691623,0.195459,0,0.0451059,0.0150353,0,0,0,0
71357,71381,71369,4.8,-104.628,39.4084,574.597,-0.618261,319.277,26.434,3.96956,281.117,0.212455,0.00103679,12.6019,6.22997,3.48563,1.76647,1.40371,0.362758,0.425846,0.0788603,0.0315441,0,0.0157721,0.0157721,0,0,0.0157721
71382,71408,71395,4.7,-104.628,39.4077,581.75,0.0447826,318.926,16.1404,2.08835,105.503,0.15156,0.000497218,8.92508,3.54493,1.91364,0.815648,0.470566,0.125484,0.219598,0.0627422,0.0313711,0.0156855,0.0156855,0,0,0,0
71409,71434,71422,4.6,-104.627,39.407,589.156,0.779167,318.632,16.6019,2.34217,154.418,0.197788,0.000653018,8.6998,3.76289,2.25773,0.782681,0.556908,0.135464,0.255877,0.0752578,0.0301031,0.0301031,0,0,0,0.0150516,0
71435,71459,71447,4.5,-104.627,39.4063,596.526,1.39409,318.216,15.3403,1.92928,87.4446,0.135975,0.000441242,8.60235,3.28721,1.76626,0.768651,0.408857,0.179897,0.22896,0.0654171,0.0163543,0.0163543,0,0,0,0,0
71461,71483,71472,4.4,-104.627,39.4055,603.923,1.98905,317.779,18.7593,2.43387,108.765,0.134064,0.000567702,10.1286,4.25573,2.04275,0.86817,0.783055,0.187252,0.391527,0.0851147,0.0170229,0,0,0,0,0,0
71484,71504,71494,4.3,-104.627,39.4049,611.409,2.5355,317.294,21.816,2.79479,120.674,0.129534,0.000592127,11.2217,5.44951,2.25868,1.29067,0.842524,0.340595,0.322669,0.0717041,0.017926,0,0,0,0,0,0
71505,71526,71516,4.2,-104.627,39.4045,618.812,3.05263,316.801,67.3925,9.95853,501.877,0.15119,0.00243897,27.2321,18.1485,11.0813,4.76798,3.26032,1.18728,1.3192,0.263841,0.0565373,0.0188458,0.0188458,0.0188458,0.0188458,0,0
71527,71547,71537,4.1,-104.626,39.4041,626.628,3.783,316.501,105.063,15.7514,872.627,0.1662,0.00382603,43.6875,25.7112,16.8403,7.9694,6.43683,2.18167,1.89318,0.198334,0.0721213,0.0180303,0,0,0.0180303,0.0180303,0.0180303
71550,71570,71560,4,-104.626,39.4039,634.699,4.0365,315.63,200.592,31.1899,1588.11,0.152752,0.00768075,76.1955,49.9514,33.1937,16.9006,15.0068,4.8415,3.80531,0.446632,0.0893265,0.0714612,0.0357306,0.0357306,0,0,0.0178653
71571,71590,71580,3.9,-104.625,39.4036,642.052,4.57647,315.208,236.083,37.8458,1836.7,0.145593,0.00961886,84.4568,59.084,38.891,22.2986,18.9928,6.14844,5.41147,0.547464,0.126338,0.0631689,0.0210563,0.0421126,0,0,0
71592,71611,71602,3.8,-104.625,39.4035,649.805,5.22941,314.87,366.088,61.1764,2985.55,0.146407,0.0163888,128.184,84.91,62.4326,35.5857,31.6785,12.3311,9.87326,0.840277,0.147049,0.0840277,0,0.0210069,0,0,0
71612,71629,71620,3.7,-104.624,39.4034,657.35,5.49231,314.13,632.715,104.519,5384.65,0.154555,0.0281087,240.407,136.964,103.743,59.8025,54.1705,18.1747,17.5218,1.46922,0.244869,0.0816231,0,0.0272077,0.0544154,0,0.0544154
71630,71649,71640,3.6,-104.624,39.4035,666.159,6.18923,313.714,710.335,116.804,5674.06,0.145733,0.030203,255.144,157.596,123.283,71.127,64.3085,18.7784,18.1461,1.48468,0.219952,0.082482,0.164964,0,0,0,0
71650,71666,71658,3.5,-104.623,39.4038,673.755,7.04545,313.66,712.748,117.67,5721.12,0.14586,0.0307559,256.754,158.015,120.536,73.2304,64.0446,19.6839,18.2436,1.76035,0.25605,0.128025,0,0.0640126,0.0320063,0,0
71667,71684,71676,3.4,-104.623,39.4038,681.63,7.88444,313.559,643.913,110.019,5415.24,0.147663,0.0300401,221.549,141.478,113.7,63.078,62.9586,20.6148,18.4259,1.75106,0.198984,0.11939,0,0.0397968,0,0,0
71684,71701,71692,3.3,-104.623,39.4036,690.524,8.68,313.288,652.242,117.314,6391.05,0.163434,0.0336219,208.082,145.68,114.102,71.6015,67.8866,23.307,18.7075,2.16706,0.353806,0.132677,0.0884515,0,0.0442258,0,0.0884515
71704,71718,71711,3.2,-104.623,39.4033,699.436,9.63,313.185,654.001,118.851,6098.88,0.153946,0.0344861,211.066,135.931,116.814,71.058,69.3009,26.2866,21.226,1.75712,0.28114,0.14057,0.0702849,0,0.0702849,0,0
71721,71724,71722,3.1,-104.623,39.4032,703.835,10.06,313.101,648.791,118.179,6276.41,0.159328,0.0350759,202.604,146.256,120.997,68.8888,61.2934,22.7863,22.433,2.64957,0.353276,0.176638,0.176638,0,0.176638,0,0
