data/B2SAP/Locations/Boulder/NOAA-POPS-B2SAP_GMLBalloon_20220914_R0.ict
61,1001
Thornberry, T. D.
NOAA Chemical Sciences Laboratory
Portable Optical Particle Spectrometer (POPS)
Balloon Baseline Stratospheric Aerosol Profiles (B2SAP)
1,1
2022,09,14,2024,05,30
0
TIME_START,s,Seconds since midnight UTC on flight start day,Start time of 100 m altitude bin in UTC_seconds_since_midnight
28
1.0,1.0,1.0,1.0,1.0,1.0,1.0,1.0,1.0,1.0,1.0,1.0,1.0,1.0,1.0,1.0,1.0,1.0,1.0,1.0,1.0,1.0,1.0,1.0,1.0,1.0,1.0,1.0
99999,99999,99999,99999,99999,99999,99999,99999,99999,99999,99999,99999,99999,99999,99999,99999,99999,99999,99999,99999,99999,99999,99999,99999,99999,99999,99999,99999
TIME_STOP,s,End time of 100 m altitude bin in UTC seconds since midnight,
TIME_MID,s,Mid time of 100 m altitude in UTC seconds since midnight,
GPSAlt,m,GPS reported altitude above sea level (m),
GPS_Lon,deg,GPS reported longitude,
GPS_Lat,deg,GPS reported latitude,
iMet_Pressure,mb,Pressure reported (mB),
iMet_Temperature,degrees C,Ambient temperature (oC),
THETA,K,Potential temperature from iMet,
Aerosol_concentration,cm^-3,Aerosol concentration,
Surface_Area_Conc,um^2 cm^-3,Surface area concentration,
Volume_density,um^3 cm^-3,Volume density,
Effective_radius,um,Effective radius,
Extinction,km^-1,Extinction,
Bin01,cm^-3,particle concentration in size range [140 - 170 nm],
Bin02,cm^-3,particle concentration in size range [170 - 205 nm],
Bin03,cm^-3,particle concentration in size range [205 - 249 nm],
Bin04,cm^-3,particle concentration in size range [249 - 302 nm],
Bin05,cm^-3,particle concentration in size range [302 - 366 nm],
Bin06,cm^-3,particle concentration in size range [366 - 443 nm],
Bin07,cm^-3,particle concentration in size range [443 - 537 nm],
Bin08,cm^-3,particle concentration in size range [537 - 651 nm],
Bin09,cm^-3,particle concentration in size range [651 - 789 nm],
Bin10,cm^-3,particle concentration in size range [789 - 956 nm],
Bin11,cm^-3,particle concentration in size range [956 - 1159 nm],
Bin12,cm^-3,particle concentration in size range [1159 - 1404 nm],
Bin13,cm^-3,particle concentration in size range [1404 - 1702 nm],
Bin14,cm^-3,particle concentration in size range [1702 - 2062 nm],
Bin15,cm^-3,particle concentration in size range [2062 - 2500 nm],
0
19
PI_CONTACT_INFO: 325 Broadway R/CSL6, Boulder, CO 80305; troy.thornberry@noaa.gov; 303-497-3373 
PLATFORM: GML ECC/FPH balloon
LOCATION: Boulder, CO, USA
ASSOCIATED_DATA: N/A
INSTRUMENT_INFO: Printed Optical Particle Spectrometer counts particles from 140 - 2500 nm in diameter 
DATA_INFO: Particle concentrations reported in number per cubic centimeter, binned to 100 m altitude
UNCERTAINTY: Counting uncertainty dominated by air flow, less than 5 percent
ULOD_FLAG: -77777
ULOD_VALUE: 3000 ~3000 per cm3 (varies depending on flow rate- manufacturer quotes 1250  per cm3 at 1.667 cc/s)
LLOD_FLAG: -88888
LLOD_VALUE: 0 0 (varies depending on data field and measurement precision)
DM_CONTACT_INFO: Troy Thornberry, 325 Broadway R/CSL6, Boulder, CO 80305; troy.thornberry@noaa.gov; 303-497-3373
PROJECT_INFO: B2SAP Boulder, CO, USA
STIPULATIONS_ON_USE: Please contact the PIs for questions regarding applications and uncertainties
OTHER_COMMENTS: POPS bin Edges (nm):  140, 170, 205, 249, 302, 366, 443, 537, 651, 789, 956, 1159, 1404, 1702, 2062, 2500
Calculations assume sulfate refractive index of 1.45+0.00j and extinction wavelength = 532 nm
REVISION: R0
R0: QA/QC data
TIME_START,TIME_STOP,TIME_MID,GPSAlt,GPS_Lon,GPS_Lat,iMet_Pressure,iMet_Temperature,THETA,Aerosol_concentration,Surface_Area_Conc,Volume_density,Effective_radius,Extinction,Bin01,Bin02,Bin03,Bin04,Bin05,Bin06,Bin07,Bin08,Bin09,Bin10,Bin11,Bin12,Bin13,Bin14,Bin15
[from data line 236]
67070,67088,67079,21.9,-104.936,40.2014,39.2356,-56.8128,545.68,1.70629,0.184308,6.49012,0.105641,2.11171e-05,0.872103,0.530846,0.15167,0.113753,0,0.0379175,0,0,0,0,0,0,0,0,0
67089,67107,67098,21.8,-104.936,40.2019,39.9167,-56.546,543.674,1.6995,0.161225,4.91363,0.0914306,1.01895e-05,0.894471,0.62613,0.0894471,0.0894471,0,0,0,0,0,0,0,0,0,0,0
67108,67127,67118,21.7,-104.935,40.2025,40.5637,-56.55,541.174,1.4513,0.176915,6.95077,0.117866,2.85915e-05,0.884942,0.176988,0.176988,0.0707953,0.106193,0.0353977,0,0,0,0,0,0,0,0,0
67128,67147,67138,21.6,-104.934,40.2032,41.3035,-56.7205,537.96,1.64859,0.189924,7.86803,0.124282,3.84182e-05,1.07663,0.336448,0.0672895,0.0672895,0.0336448,0.0336448,0.0336448,0,0,0,0,0,0,0,0
67148,67166,67157,21.5,-104.933,40.2041,42.0011,-56.6644,535.534,1.67394,0.17595,6.62816,0.113012,2.82762e-05,0.929969,0.520782,0.185994,0,0,0,0.0371987,0,0,0,0,0,0,0,0
67168,67187,67178,21.4,-104.932,40.2052,42.7642,-56.5132,533.152,1.92864,0.231758,9.18014,0.118833,3.85569e-05,0.96432,0.61992,0.10332,0.13776,0,0.10332,0,0,0,0,0,0,0,0,0
67188,67207,67198,21.3,-104.932,40.2061,43.4979,-56.8205,529.823,2.46345,0.282409,10.1798,0.108139,3.39502e-05,1.21485,0.607427,0.371205,0.16873,0.0674919,0.0337459,0,0,0,0,0,0,0,0,0
67208,67226,67217,21.2,-104.932,40.2068,44.2456,-56.695,527.547,2.10117,0.204205,6.52472,0.0958556,1.70604e-05,1.17523,0.71226,0.106839,0.035613,0.071226,0,0,0,0,0,0,0,0,0,0
67227,67245,67236,21.1,-104.932,40.2073,45.0144,-57.4956,523.024,1.74649,0.182779,6.05028,0.0993047,1.61423e-05,0.855426,0.605927,0.106928,0.142571,0.0356427,0,0,0,0,0,0,0,0,0,0
67246,67264,67255,21,-104.931,40.2078,45.7674,-58.0789,519.133,2.62923,0.317954,12.1825,0.114946,4.67858e-05,1.38203,0.53933,0.337081,0.202249,0.101124,0.0674162,0,0,0,0,0,0,0,0,0
67265,67285,67275,20.9,-104.931,40.2082,46.6125,-59.0675,514.06,2.05926,0.276672,11.4274,0.123909,5.06435e-05,0.740046,0.675694,0.321759,0.193055,0.0643518,0.0321759,0.0321759,0,0,0,0,0,0,0,0
67286,67305,67296,20.8,-104.93,40.2089,47.433,-59.641,510.128,2.27156,0.32173,14.1103,0.131573,7.00494e-05,0.946484,0.59944,0.283945,0.220846,0.157747,0,0.063099,0,0,0,0,0,0,0,0
67306,67324,67315,20.7,-104.929,40.2097,48.2267,-59.4222,508.237,2.68997,0.356937,14.0043,0.117704,5.41916e-05,1.06909,0.758709,0.310381,0.310381,0.206921,0.0344868,0,0,0,0,0,0,0,0,0
67325,67345,67335,20.6,-104.928,40.2104,49.0429,-59.2038,506.324,2.7406,0.384024,17.7427,0.138606,9.44247e-05,1.38504,0.618845,0.235751,0.235751,0.147344,0.0589377,0.0294688,0.0294688,0,0,0,0,0,0,0
67346,67365,67356,20.5,-104.928,40.211,49.8889,-59.2911,503.647,2.43146,0.294584,10.6453,0.10841,3.42252e-05,0.991778,0.639857,0.479893,0.191957,0.127971,0,0,0,0,0,0,0,0,0,0
67366,67386,67376,20.4,-104.927,40.2118,50.7262,-59.5705,500.61,2.6952,0.402835,18.1035,0.134821,9.13605e-05,1.15923,0.579613,0.318787,0.318787,0.202865,0.0579613,0.0579613,0,0,0,0,0,0,0,0
67387,67406,67396,20.3,-104.927,40.2128,51.5935,-60.3735,496.308,2.19021,0.339837,16.5887,0.146442,9.29006e-05,1.0201,0.480046,0.120011,0.330031,0.120011,0.0600057,0.0300029,0.0300029,0,0,0,0,0,0,0
67407,67428,67418,20.2,-104.926,40.2138,52.5433,-60.1248,494.315,2.78614,0.396936,17.77,0.134304,9.13339e-05,1.23829,0.675429,0.337714,0.281429,0.140714,0.0281429,0.0844286,0,0,0,0,0,0,0,0
67429,67449,67439,20.1,-104.926,40.2147,53.4519,-60.0671,492.022,3.39622,0.42741,17.1476,0.120359,7.33335e-05,1.83962,0.707546,0.226415,0.31132,0.254717,0.0283018,0.0283018,0,0,0,0,0,0,0,0
67450,67472,67461,20,-104.926,40.216,54.3677,-60.4973,488.66,3.23411,0.478514,20.6409,0.129406,9.44783e-05,1.30452,0.679436,0.380484,0.570726,0.163065,0.10871,0.0271774,0,0,0,0,0,0,0,0
67473,67495,67484,19.9,-104.927,40.2176,55.3848,-60.767,485.459,3.17575,0.437044,17.8686,0.122655,7.51885e-05,1.30615,0.665883,0.537828,0.435385,0.153665,0.0512218,0.0256109,0,0,0,0,0,0,0,0
67496,67517,67506,19.8,-104.927,40.2186,56.3548,-60.8238,482.928,3.61347,0.569968,26.4909,0.139434,0.000135783,1.34136,0.930742,0.410622,0.492746,0.191623,0.218998,0,0.0273748,0,0,0,0,0,0,0
67518,67539,67528,19.7,-104.926,40.2194,57.3523,-61.1114,479.864,3.82022,0.589336,26.245,0.133599,0.000127963,1.28213,1.0728,0.523318,0.470986,0.287825,0.13083,0.0523318,0,0,0,0,0,0,0,0
67540,67562,67551,19.6,-104.926,40.2204,58.2905,-60.641,478.698,4.26168,0.681166,32.1068,0.141405,0.000170556,1.90011,0.678612,0.515745,0.4886,0.4886,0.108578,0.0542889,0.0271445,0,0,0,0,0,0,0
67563,67584,67574,19.5,-104.926,40.2215,59.2495,-60.3736,477.08,4.45952,0.736402,34.9331,0.142313,0.00018848,1.64698,0.886837,0.785484,0.481426,0.380073,0.152029,0.126691,0,0,0,0,0,0,0,0
67585,67605,67595,19.4,-104.926,40.2227,60.2371,-60.2676,475.058,4.25301,0.689352,30.9898,0.134865,0.000149331,1.54893,0.8401,0.603822,0.603822,0.393797,0.262531,0,0,0,0,0,0,0,0,0
67606,67628,67617,19.3,-104.925,40.2241,61.2637,-60.3263,472.648,3.92354,0.683171,32.6975,0.143584,0.000174501,1.47133,0.576992,0.663541,0.519293,0.375045,0.259646,0.0576992,0,0,0,0,0,0,0,0
67629,67649,67639,19.2,-104.925,40.2256,62.3519,-60.9529,468.888,3.86972,0.663601,30.7309,0.138928,0.000153098,1.35963,0.522935,0.653669,0.810549,0.235321,0.261467,0.0261467,0,0,0,0,0,0,0,0
67650,67669,67660,19.1,-104.925,40.2271,63.3805,-60.6495,467.368,3.78252,0.692638,34.4951,0.149407,0.00019448,1.22532,0.825761,0.426199,0.665936,0.266374,0.266374,0.10655,0,0,0,0,0,0,0,0
67670,67691,67680,19,-104.925,40.2286,64.5005,-61.115,464.022,4.38579,0.933135,50.4163,0.162087,0.000313852,1.26059,0.630293,0.787866,0.682818,0.47272,0.288884,0.262622,0,0,0,0,0,0,0,0
67692,67714,67703,18.9,-104.927,40.2298,65.55,-60.9645,462.204,5.27887,1.13308,64.1029,0.169722,0.000418538,1.81536,0.812134,0.525498,0.931565,0.549385,0.262749,0.310522,0.0716589,0,0,0,0,0,0,0
67715,67735,67725,18.8,-104.927,40.2308,66.6438,-60.5552,460.921,4.97927,0.964757,51.6089,0.160483,0.000316851,1.61763,1.06157,0.631886,0.682437,0.530785,0.227479,0.151653,0.0758264,0,0,0,0,0,0,0
67737,67758,67748,18.7,-104.928,40.2317,67.7968,-60.9395,457.83,5.42039,1.14129,61.4468,0.16152,0.000380883,1.871,0.852956,0.605323,0.522779,0.825441,0.522779,0.220118,0,0,0,0,0,0,0,0
67759,67781,67770,18.6,-104.928,40.2324,68.9374,-60.78,456.001,4.75276,1.00035,55.2375,0.165654,0.000355451,1.6814,0.67256,0.605304,0.717397,0.425955,0.313861,0.33628,0,0,0,0,0,0,0,0
67782,67804,67793,18.5,-104.928,40.2333,70.1561,-60.5974,454.117,4.94729,1.08198,62.6434,0.173692,0.00041572,1.57515,0.931776,0.709925,0.554629,0.421518,0.443703,0.199666,0.110926,0,0,0,0,0,0,0
67805,67827,67816,18.4,-104.929,40.2343,71.3217,-60.5657,452.043,5.21876,1.19378,70.3522,0.176797,0.000476652,1.68062,0.862422,0.641288,0.641288,0.619175,0.353814,0.309587,0.110567,0,0,0,0,0,0,0
67828,67851,67840,18.3,-104.929,40.2348,72.4389,-60.4467,450.3,5.90556,1.27433,70.5697,0.166133,0.000445266,1.94118,0.765535,0.820216,0.847557,0.765535,0.49213,0.191384,0.0820216,0,0,0,0,0,0,0
67852,67875,67864,18.2,-104.928,40.2351,73.8671,-61.2592,446.078,5.54701,1.28823,75.4005,0.175591,0.000504205,1.54656,1.05166,0.598005,0.845455,0.701109,0.391796,0.288692,0.123725,0,0,0,0,0,0,0
67876,67899,67888,18.1,-104.927,40.2355,75.1796,-61.6025,443.124,5.15529,1.01816,54.2068,0.15972,0.000327587,1.64312,1.02695,0.575092,0.821561,0.595631,0.308085,0.102695,0.0821561,0,0,0,0,0,0,0
67900,67922,67911,18,-104.926,40.2364,76.441,-61.6314,440.961,5.77006,1.11112,59.4235,0.160442,0.000369996,2.01494,1.14485,0.915882,0.457941,0.641117,0.297662,0.251868,0.0457941,0,0,0,0,0,0,0
67923,67946,67934,17.9,-104.925,40.2373,77.6142,-62.0504,438.172,6.12929,1.23621,70.9266,0.172122,0.000440034,2.38804,1.07462,0.557208,0.776111,0.557208,0.517408,0.199003,0.0398006,0,0.0199003,0,0,0,0,0
67947,67970,67958,17.8,-104.924,40.2378,78.7379,-63.0671,434.282,6.41745,1.36694,91.1564,0.200059,0.000515344,2.55152,1.10179,0.753857,0.59922,0.637879,0.444582,0.173967,0.115978,0.0193297,0,0,0.0193297,0,0,0
67971,67995,67983,17.7,-104.924,40.2381,79.8962,-64.1658,430.209,6.28769,1.14517,65.1311,0.170624,0.00042088,2.54642,1.42991,0.881452,0.489696,0.332993,0.293817,0.156703,0.117527,0.0391756,0,0,0,0,0,0
67996,68020,68008,17.6,-104.923,40.2385,81.2672,-64.506,427.423,8.06623,1.42606,76.1294,0.160154,0.000479397,2.79504,2.36359,1.14428,0.544002,0.506485,0.243863,0.356415,0.112552,0,0,0,0,0,0,0
68021,68044,68032,17.5,-104.923,40.2384,82.7288,-63.9533,426.386,10.3447,1.60017,81.8664,0.153483,0.000460622,4.31029,2.72027,1.53255,0.632176,0.536391,0.306509,0.210725,0.0574705,0.0191568,0.0191568,0,0,0,0,0
68045,68068,68056,17.4,-104.922,40.238,84.1374,-64.2452,423.733,10.4075,1.44121,67.5324,0.140574,0.000337966,4.38209,3.09094,1.44766,0.723828,0.332569,0.254318,0.0978145,0.0586887,0,0.0195629,0,0,0,0,0
68069,68092,68080,17.3,-104.921,40.2375,85.5825,-64.6996,420.765,11.3066,1.52183,65.6298,0.129377,0.000313197,4.84833,3.03483,1.85051,0.740203,0.388607,0.296081,0.0740203,0.0740203,0,0,0,0,0,0,0
68096,68117,68106,17.2,-104.918,40.2371,87.18,-65.4391,417.064,11.388,1.66922,82.3273,0.147962,0.000448256,5.07489,2.96373,1.52247,0.771383,0.44659,0.304493,0.202996,0.0811982,0,0.0202996,0,0,0,0,0
68118,68142,68130,17.1,-104.916,40.2367,88.6192,-66.7916,412.407,10.6237,1.45428,64.2903,0.132623,0.00032479,4.87294,2.50813,1.73777,0.662863,0.376219,0.214982,0.214982,0.0358304,0,0,0,0,0,0,0
68143,68168,68156,17,-104.913,40.2366,90.1673,-66.3158,411.325,11.6607,1.58463,74.4566,0.14096,0.000381548,5.24305,3.47267,1.39588,0.646869,0.476641,0.187252,0.153206,0.0510686,0.0170229,0.0170229,0,0,0,0,0
68169,68194,68182,16.9,-104.911,40.2368,91.6204,-66.5313,409.02,10.3567,1.33312,60.3352,0.135776,0.000290877,5.02824,2.94565,1.14449,0.450291,0.525339,0.112573,0.0750484,0.0562863,0,0.0187621,0,0,0,0,0
68194,68221,68208,16.8,-104.909,40.237,93.243,-66.5293,406.976,10.2797,1.5448,118.151,0.229449,0.000456406,4.95883,2.77065,1.25939,0.613951,0.251877,0.220393,0.0787117,0.0787117,0.0157423,0.0157423,0,0,0,0.0157423,0
68222,68248,68235,16.7,-104.908,40.2371,94.84,-66.4284,405.211,11.2649,1.42279,57.7414,0.121749,0.000252936,5.40648,2.71161,1.67383,0.70301,0.468673,0.167383,0.117168,0.0167383,0,0,0,0,0,0,0
68249,68273,68261,16.6,-104.908,40.2368,96.5248,-66.8584,402.328,10.7401,1.34828,55.7885,0.124133,0.000248256,5.13008,2.76363,1.53903,0.579203,0.479911,0.148938,0.049646,0.0330973,0.0165487,0,0,0,0,0,0
68274,68300,68287,16.5,-104.908,40.2364,98.1648,-66.4741,401.147,11.5282,1.5409,77.9781,0.151816,0.000342867,5.55286,3.10839,1.50893,0.64884,0.286697,0.21125,0.135804,0.0452679,0.0150893,0,0,0.0150893,0,0,0
68301,68326,68314,16.4,-104.907,40.2362,99.8592,-66.1058,399.907,11.2705,1.41566,58.4822,0.123933,0.000265573,5.45988,2.85195,1.54036,0.777804,0.320272,0.152511,0.122008,0.0457532,0,0,0,0,0,0,0
68327,68352,68340,16.3,-104.907,40.2359,101.583,-65.7108,398.705,10.4298,1.48138,80.3504,0.162721,0.000368131,5.34977,2.15789,1.30373,0.824194,0.374634,0.22478,0.119883,0.0299707,0.0149854,0.0149854,0,0.0149854,0,0,0
68353,68376,68364,16.2,-104.905,40.2357,103.333,-65.2908,397.574,12.206,1.56067,67.3988,0.129558,0.00032821,6.03958,3.01186,1.6486,0.792596,0.348742,0.110963,0.190223,0.0475557,0.0158519,0,0,0,0,0,0
68377,68403,68390,16.1,-104.904,40.2356,105.076,-65.28,395.7,12.2206,1.56943,77.4504,0.148048,0.00030227,6.14179,3.07089,1.46458,0.834653,0.425201,0.157482,0.0944891,0,0,0.0157482,0,0.0157482,0,0,0
68404,68428,68416,16,-104.901,40.2357,106.842,-64.6528,395.002,11.1268,1.51813,103.538,0.204603,0.000331722,5.30918,2.99109,1.46563,0.658039,0.418752,0.209376,0.0299109,0.0299109,0,0,0,0,0,0.0149554,0
68430,68458,68444,15.9,-104.899,40.2358,108.767,-64.3619,393.547,11.7435,1.49924,70.7355,0.141542,0.000278086,5.61943,3.20526,1.48669,0.777445,0.354624,0.190952,0.0409182,0.0545576,0,0,0,0.0136394,0,0,0
68459,68484,68472,15.8,-104.896,40.2356,110.655,-64.5492,391.263,11.6795,1.46131,59.5015,0.122153,0.00026442,5.68644,2.91291,1.6028,0.780492,0.348434,0.181186,0.153311,0.0139374,0,0,0,0,0,0,0
68485,68509,68497,15.7,-104.893,40.2358,112.496,-64.5488,389.421,11.495,1.55144,80.8975,0.15643,0.000374856,5.51013,3.10754,1.55377,0.719338,0.244575,0.100707,0.143868,0.057547,0.0431603,0,0,0.0143868,0,0,0
68510,68535,68522,15.6,-104.89,40.2361,114.363,-63.8977,388.809,11.1869,1.50442,68.1088,0.135817,0.000355795,5.52425,2.83827,1.28761,0.60919,0.456892,0.207678,0.193833,0.0553809,0.0138452,0,0,0,0,0,0
68538,68563,68550,15.5,-104.887,40.2366,116.395,-62.9777,388.553,11.1154,1.4006,60.2381,0.129026,0.000286581,5.10261,3.28222,1.54458,0.593006,0.31719,0.0965359,0.0965359,0.0551634,0.0275817,0,0,0,0,0,0
68564,68591,68578,15.4,-104.883,40.2369,118.314,-62.6171,387.405,11.5637,1.46032,63.2152,0.129866,0.000291354,5.48092,2.98377,1.78002,0.768354,0.268924,0.102447,0.102447,0.0640295,0,0.0128059,0,0,0,0,0
68592,68617,68604,15.3,-104.879,40.2375,120.278,-62.1121,386.519,10.4269,1.45753,70.8902,0.145911,0.000393391,4.88576,2.80037,1.40019,0.566033,0.283016,0.208538,0.178747,0.0446868,0.0595824,0,0,0,0,0,0
68618,68644,68631,15.2,-104.875,40.2387,122.321,-61.9341,384.982,11.0439,1.32512,52.1359,0.118033,0.000215377,5.55503,2.83042,1.3094,0.780349,0.31743,0.171941,0.0396788,0.0396788,0,0,0,0,0,0,0
68645,68672,68658,15.1,-104.87,40.2403,124.519,-61.5383,383.746,11.5929,1.54385,77.0054,0.149636,0.000330167,5.78871,2.96419,1.4433,0.46558,0.512138,0.248309,0.108635,0.046558,0,0,0,0.0155193,0,0,0
68673,68701,68687,15,-104.865,40.2416,126.458,-61.2959,382.499,9.92998,1.19868,49.4283,0.123707,0.000220918,5.16162,2.47021,1.20438,0.626769,0.196633,0.147475,0.0983166,0,0.0245792,0,0,0,0,0,0
68711,68731,68721,14.9,-104.859,40.2435,128.902,-61.0067,380.919,9.15689,1.11022,47.018,0.12705,0.00022319,5.04219,2.00676,1.26476,0.33727,0.219226,0.151772,0.0843175,0.033727,0.0168635,0,0,0,0,0,0
68732,68762,68747,14.8,-104.855,40.2452,130.762,-60.7394,379.848,8.84163,1.00535,41.292,0.123216,0.00018271,4.93486,2.14758,1.05094,0.434085,0.13708,0.0342699,0.0456932,0.0228466,0.0342699,0,0,0,0,0,0
68763,68792,68778,14.7,-104.85,40.2477,132.975,-60.5393,378.392,7.9963,1.01077,45.0473,0.133701,0.00023204,4.34017,1.99318,0.754813,0.365612,0.259467,0.117939,0.0943516,0.0589697,0.0117939,0,0,0,0,0,0
68793,68823,68808,14.6,-104.846,40.2507,135.135,-60.2871,377.098,6.98741,0.857475,40.4133,0.141392,0.000197445,3.89968,1.81833,0.617545,0.251592,0.205848,0.0686161,0.0914882,0.011436,0,0.022872,0,0,0,0,0
68824,68854,68839,14.5,-104.841,40.2541,137.361,-59.8074,376.183,6.91408,0.827956,36.3353,0.131657,0.00018242,4.15756,1.51495,0.580919,0.261983,0.159468,0.125296,0.0683434,0.0227811,0.0227811,0,0,0,0,0,0
68855,68884,68870,14.4,-104.838,40.2571,139.349,-59.0821,375.921,7.19702,1.14944,89.5453,0.233709,0.000375823,4.21289,1.5046,0.677072,0.250767,0.200614,0.100307,0.125384,0.0501535,0.0250767,0,0.0501535,0,0,0,0
68885,68914,68900,14.3,-104.834,40.2604,142.003,-58.143,375.542,7.39589,0.91304,41.3333,0.13581,0.000200006,4.0817,1.75594,0.744241,0.407007,0.209318,0.0930301,0.0465151,0.0348863,0.0116288,0.0116288,0,0,0,0,0
68915,68942,68928,14.2,-104.83,40.2631,144.502,-57.3987,374.96,7.7918,1.01742,47.559,0.140235,0.000242427,4.15355,1.90501,0.749512,0.421601,0.249837,0.140534,0.140534,0.0156148,0,0.0156148,0,0,0,0,0
68943,68970,68956,14.1,-104.827,40.265,146.912,-56.8455,374.154,9.54418,1.19174,62.6045,0.157596,0.000260681,5.45639,2.10692,1.15251,0.378166,0.216095,0.0900395,0.0540237,0.0540237,0.0180079,0,0.0180079,0,0,0,0
68971,68998,68984,14,-104.824,40.2665,149.089,-56.2705,373.581,9.39312,1.16747,51.0169,0.131096,0.000252196,5.20842,2.04745,1.02372,0.538802,0.341242,0.0718403,0.0718403,0.0718403,0.0179601,0,0,0,0,0,0
68999,69027,69013,13.9,-104.82,40.268,151.483,-55.7424,372.78,9.78571,1.32792,64.6386,0.14603,0.000354194,5.0902,2.36817,1.11603,0.517186,0.258593,0.176932,0.122491,0.122491,0,0.0136102,0,0,0,0,0
