data/B2SAP/Locations/Boulder/NOAA-POPS-B2SAP_GMLBalloon_20240627_R0.ict
82,1001
Thornberry, T. D.
NOAA Chemical Sciences Laboratory
Portable Optical Particle Spectrometer (POPS)
Balloon Baseline Stratospheric Aerosol Profiles (B2SAP)
1,1
2024,06,27,2024,07,24
0
TIME_START,s,Seconds since midnight UTC on flight start day,Start time of 100 m altitude bin in UTC_seconds_since_midnight
49
1.0,1.0,1.0,1.0,1.0,1.0,1.0,1.0,1.0,1.0,1.0,1.0,1.0,1.0,1.0,1.0,1.0,1.0,1.0,1.0,1.0,1.0,1.0,1.0,1.0,1.0,1.0,1.0,1.0,1.0,1.0,1.0,1.0,1.0,1.0,1.0,1.0,1.0,1.0,1.0,1.0,1.0,1.0,1.0,1.0,1.0,1.0,1.0,1.0
99999,99999,99999,99999,99999,99999,99999,99999,99999,99999,99999,99999,99999,99999,99999,99999,99999,99999,99999,99999,99999,99999,99999,99999,99999,99999,99999,99999,99999,99999,99999,99999,99999,99999,99999,99999,99999,99999,99999,99999,99999,99999,99999,99999,99999,99999,99999,99999,99999
TIME_STOP,s,End time of 100 m altitude bin in UTC seconds since midnight,
TIME_MID,s,Mid time of 100 m altitude in UTC seconds since midnight,
GPSAlt,km,GPS reported altitude above sea level (km),
GPS_Lon,deg,GPS reported longitude,
GPS_Lat,deg,GPS reported latitude,
iMet_Pressure,hPa,Pressure reported (hPa),
iMet_Temperature,degrees C,Ambient temperature (oC),
THETA,K,Potential temperature from iMet,
Aerosol_concentration,cm^-3,Aerosol concentration,
Surface_Area_Conc,um^2 cm^-3,Surface area concentration,
Volume_density,um^3 cm^-3,Volume density,
Effective_radius,um,Effective radius,
Extinction,km^-1,Extinction,
Bin01,cm^-3,particle concentration in size range [140 - 146.14 nm],
Bin02,cm^-3,particle concentration in size range [146.14 - 152.56 nm],
Bin03,cm^-3,particle concentration in size range [152.56 - 159.25 nm],
Bin04,cm^-3,particle concentration in size range [159.25 - 166.24 nm],
Bin05,cm^-3,particle concentration in size range [166.24 - 173.54 nm],
Bin06,cm^-3,particle concentration in size range [173.54 - 181.16 nm],
Bin07,cm^-3,particle concentration in size range [181.16 - 189.11 nm],
Bin08,cm^-3,particle concentration in size range [189.11 - 197.41 nm],
Bin09,cm^-3,particle concentration in size range [197.41 - 206.07 nm],
Bin10,cm^-3,particle concentration in size range [206.07 - 215.12 nm],
Bin11,cm^-3,particle concentration in size range [215.12 - 224.56 nm],
Bin12,cm^-3,particle concentration in size range [224.56 - 234.41 nm],
Bin13,cm^-3,particle concentration in size range [234.41 - 244.70 nm],
Bin14,cm^-3,particle concentration in size range [244.70 - 361.30 nm],
Bin15,cm^-3,particle concentration in size range [361.30 - 472.80 nm],
Bin16,cm^-3,particle concentration in size range [472.80 - 567.00 nm],
Bin17,cm^-3,particle concentration in size range [567.00 - 610.66 nm],
Bin18,cm^-3,particle concentration in size range [610.66 - 657.69 nm],
Bin19,cm^-3,particle concentration in size range [657.69 - 708.33 nm],
Bin20,cm^-3,particle concentration in size range [708.33 - 762.88 nm],
Bin21,cm^-3,particle concentration in size range [762.88 - 821.62 nm],
Bin22,cm^-3,particle concentration in size range [821.62 - 884.89 nm],
Bin23,cm^-3,particle concentration in size range [884.89 - 953.03 nm],
Bin24,cm^-3,particle concentration in size range [953.03 - 1026.42 nm],
Bin25,cm^-3,particle concentration in size range [1026.42 - 1105.46 nm],
Bin26,cm^-3,particle concentration in size range [1105.46 - 1190.59 nm]],
[...]
LOCATION: Boulder, CO, USA
ASSOCIATED_DATA: N/A
INSTRUMENT_INFO: Printed Optical Particle Spectrometer counts particles from 140 - 2500 nm in diameter 
DATA_INFO: Particle concentrations reported in number per cubic centimeter, binned to 100 m altitude
UNCERTAINTY: Counting uncertainty dominated by air flow, less than 5 percent
ULOD_FLAG: -77777
ULOD_VALUE: 3000 ~3000 per cm3 (varies depending on flow rate- manufacturer quotes 1250  per cm3 at 1.667 cc/s)
LLOD_FLAG: -88888
LLOD_VALUE: 0 0 (varies depending on data field and measurement precision)
DM_CONTACT_INFO: Troy Thornberry, 325 Broadway R/CSL6, Boulder, CO 80305; troy.thornberry@noaa.gov; 303-497-3373
PROJECT_INFO: B2SAP Boulder, CO, USA
STIPULATIONS_ON_USE: Please contact the PIs for questions regarding applications and uncertainties
OTHER_COMMENTS: POPS bin Edges (nm):  140, 146.14, 152.56, 159.25, 166.24, 173.54, 181.16, 189.11, 197.41, 206.07, 215.12, 224.56, 234.41, 244.70, 361.30, 472.80, 567.00, 610.66, 657.69, 708.33, 762.88, 821.62, 884.89, 953.03, 1026.42, 1105.46, 1190.59, 1282.27, 1381.01, 1487.36, 1601.89, 1725.25, 1858.10, 2001.18, 2155.28, 2321.25, 2500
Calculations assume sulfate refractive index of 1.45+0.00j and extinction wavelength = 532 nm
REVISION: R0
R0: QA/QC data
TIME_START,TIME_STOP,TIME_MID,GPSAlt,GPS_Lon,GPS_Lat,iMet_Pressure,iMet_Temperature,THETA,Aerosol_concentration,Surface_Area_Conc,Volume_density,Effective_radius,Extinction,Bin01,Bin02,Bin03,Bin04,Bin05,Bin06,Bin07,Bin08,Bin09,Bin10,Bin11,Bin12,Bin13,Bin14,Bin15,Bin16,Bin17,Bin18,Bin19,Bin20,Bin21,Bin22,Bin23,Bin24,Bin25,Bin26,Bin27,Bin28,Bin29,Bin30,Bin31,Bin32,Bin33,Bin34,Bin35,Bin36
[from data line 298]
68423,68423,68423,25,-104.496,40.2238,27.79,-51.99,615.602,1.61754,0.155097,4.60528,0.0890785,8.38045e-06,0.26959,0,0.26959,0,0.26959,0.26959,0,0.26959,0.26959,0,0,0,0,0,0,0,0,0,0,0,0,0,0,0,0,0,0,0,0,0,0,0,0,0,0,0
68424,68427,68426,24.9,-104.497,40.2237,28.1833,-52.18,612.628,1.13826,0.269079,15.276,0.170314,9.77681e-05,0,0.175116,0.175116,0.0875582,0,0,0,0.0875582,0,0,0,0,0,0.525349,0,0.0875582,0,0,0,0,0,0,0,0,0,0,0,0,0,0,0,0,0,0,0,0
68428,68430,68429,24.8,-104.497,40.2237,28.6133,-52.1433,610.076,1.11589,0.138803,5.19376,0.112255,1.80581e-05,0.0858378,0.257513,0,0.257513,0.0858378,0,0,0.0858378,0.0858378,0,0,0,0.0858378,0.171676,0,0,0,0,0,0,0,0,0,0,0,0,0,0,0,0,0,0,0,0,0,0
68431,68434,68432,24.7,-104.497,40.2238,29.0375,-51.7925,608.487,1.38927,0.249431,13.2546,0.159418,8.19189e-05,0.126297,0.252595,0.252595,0.0631487,0.0631487,0,0,0.0631487,0.126297,0.0631487,0,0,0,0.252595,0.0631487,0.0631487,0,0,0,0,0,0,0,0,0,0,0,0,0,0,0,0,0,0,0,0
68435,68436,68436,24.6,-104.497,40.2239,29.38,-51.725,606.639,1.12026,0.34124,19.2974,0.169653,0.000117466,0,0,0,0,0,0.124473,0.124473,0,0,0,0,0,0,0.622364,0.248946,0,0,0,0,0,0,0,0,0,0,0,0,0,0,0,0,0,0,0,0,0
68438,68441,68440,24.5,-104.498,40.2241,29.9725,-52.5125,601.043,1.59387,0.550334,36.6572,0.199827,0.000269867,0.183908,0,0,0.0613026,0,0,0.0613026,0.0613026,0.122605,0,0,0.122605,0,0.49042,0.24521,0.24521,0,0,0,0,0,0,0,0,0,0,0,0,0,0,0,0,0,0,0,0
68442,68445,68444,24.4,-104.498,40.2244,30.415,-52.705,598.014,1.26503,0.332049,21.4354,0.193665,0.000157363,0.120479,0.0602397,0.240959,0,0.120479,0,0.0602397,0,0,0.0602397,0.0602397,0,0.0602397,0.240959,0.0602397,0.180719,0,0,0,0,0,0,0,0,0,0,0,0,0,0,0,0,0,0,0,0
68446,68448,68447,24.3,-104.499,40.2245,30.83,-52.64,595.881,1.42802,0.381686,26.3921,0.207438,0.000202394,0.0793344,0.238003,0.0793344,0.0793344,0.0793344,0,0.0793344,0.158669,0,0.0793344,0.0793344,0,0,0.238003,0,0.158669,0.0793344,0,0,0,0,0,0,0,0,0,0,0,0,0,0,0,0,0,0,0
68449,68452,68450,24.2,-104.499,40.2246,31.2567,-52.4467,594.058,1.26069,0.314157,21.2764,0.203176,0.000157194,0.157586,0.078793,0.078793,0,0.078793,0.078793,0.157586,0.157586,0,0.078793,0,0,0,0.157586,0.157586,0,0,0.078793,0,0,0,0,0,0,0,0,0,0,0,0,0,0,0,0,0,0
68453,68456,68454,24.1,-104.499,40.2248,31.8867,-52.63,590.187,1.41945,0.353417,21.8035,0.185081,0.000153502,0,0.236576,0.0788585,0.157717,0,0.157717,0,0,0.0788585,0.0788585,0,0.0788585,0,0.315434,0.0788585,0.157717,0,0,0,0,0,0,0,0,0,0,0,0,0,0,0,0,0,0,0,0
68457,68458,68458,24,-104.5,40.2249,32.22,-52.82,587.918,1.79185,0.375658,19.3341,0.154402,0.000109169,0.238914,0.119457,0,0.119457,0.119457,0,0.119457,0,0,0.35837,0,0,0,0.477827,0.238914,0,0,0,0,0,0,0,0,0,0,0,0,0,0,0,0,0,0,0,0,0
68460,68462,68461,23.9,-104.5,40.2249,32.695,-53.245,584.35,1.19687,0.382694,26.8748,0.210676,0.000202191,0.239373,0,0,0.119687,0,0.119687,0,0,0.119687,0,0,0,0,0.239373,0.239373,0,0.119687,0,0,0,0,0,0,0,0,0,0,0,0,0,0,0,0,0,0,0
68465,68467,68466,23.8,-104.5,40.225,33.3933,-53.4633,580.256,1.43337,0.47007,32.7721,0.209153,0.000254082,0.0796316,0.159263,0,0.0796316,0,0.159263,0,0,0,0.159263,0,0.159263,0,0.238895,0.0796316,0.318526,0,0,0,0,0,0,0,0,0,0,0,0,0,0,0,0,0,0,0,0
68468,68471,68470,23.7,-104.5,40.2249,33.8567,-53.91,576.8,1.4537,0.658133,58.9415,0.268676,0.000428859,0,0.242283,0,0.0807611,0,0,0.0807611,0,0,0.0807611,0.0807611,0,0.0807611,0.242283,0.323044,0.0807611,0.0807611,0,0,0,0,0.0807611,0,0,0,0,0,0,0,0,0,0,0,0,0,0
68472,68474,68473,23.6,-104.5,40.2248,34.3733,-54.07,573.892,1.69722,0.706171,67.1109,0.285105,0.000466904,0.16164,0.0808201,0.0808201,0,0.24246,0,0.0808201,0,0,0,0.0808201,0.16164,0.16164,0.0808201,0.32328,0.0808201,0,0.0808201,0,0,0,0,0.0808201,0,0,0,0,0,0,0,0,0,0,0,0,0
68475,68478,68476,23.5,-104.5,40.2246,34.8,-54.375,571.076,1.89028,0.69889,62.8004,0.269572,0.000435348,0.18293,0.0609768,0.0609768,0.0609768,0.121954,0.0609768,0.18293,0.0609768,0.0609768,0,0.121954,0.121954,0,0.304884,0.304884,0,0,0.0609768,0.0609768,0,0,0,0.0609768,0,0,0,0,0,0,0,0,0,0,0,0,0
68479,68482,68480,23.4,-104.501,40.2244,35.275,-54.24,569.214,1.81008,0.610556,43.3274,0.212892,0.000334227,0.181008,0.120672,0.181008,0,0.0603361,0.0603361,0.0603361,0,0.120672,0.0603361,0,0,0,0.422352,0.241344,0.241344,0,0.0603361,0,0,0,0,0,0,0,0,0,0,0,0,0,0,0,0,0,0
68483,68484,68484,23.3,-104.501,40.2244,35.725,-53.975,567.842,1.0906,0.195485,9.47473,0.145404,5.03798e-05,0.121178,0.121178,0.121178,0,0,0,0.121178,0,0.121178,0,0.121178,0,0.121178,0.121178,0.121178,0,0,0,0,0,0,0,0,0,0,0,0,0,0,0,0,0,0,0,0,0
68487,68490,68488,23.2,-104.501,40.2244,36.5,-54.11,564.029,1.36592,0.369954,26.7682,0.217066,0.000195052,0.160696,0.160696,0.080348,0.080348,0,0.080348,0,0.241044,0,0,0.080348,0,0.080348,0.080348,0.241044,0,0,0,0.080348,0,0,0,0,0,0,0,0,0,0,0,0,0,0,0,0,0
68491,68494,68492,23.1,-104.501,40.2245,37.0175,-53.9225,562.245,2.40114,0.888997,128.435,0.433414,0.000446192,0.360172,0.300143,0.300143,0.120057,0.120057,0.180086,0.120057,0.120057,0,0.120057,0,0.0600286,0.0600286,0.240114,0.0600286,0.0600286,0,0.0600286,0,0.0600286,0,0,0,0,0,0,0,0,0.0600286,0,0,0,0,0,0,0
68495,68498,68496,23,-104.502,40.2245,37.59,-54.0133,559.555,2.55459,0.770164,56.3786,0.21961,0.000414821,0.0798309,0.159662,0.0798309,0.0798309,0.159662,0.0798309,0.0798309,0.239493,0.239493,0.0798309,0.159662,0,0.0798309,0.558816,0.239493,0,0.159662,0,0,0.0798309,0,0,0,0,0,0,0,0,0,0,0,0,0,0,0,0
68500,68502,68501,22.9,-104.502,40.2246,38.2633,-54.5333,555.399,1.37685,0.595632,57.6262,0.290244,0.000435617,0.0809914,0,0.0809914,0.0809914,0.0809914,0.0809914,0,0.161983,0.0809914,0,0.0809914,0,0.161983,0.161983,0,0.0809914,0.0809914,0.0809914,0,0,0,0.0809914,0,0,0,0,0,0,0,0,0,0,0,0,0,0
68503,68506,68504,22.8,-104.502,40.2248,38.7875,-54.5575,553.185,2.49076,1.04654,93.5542,0.26818,0.000703338,0.1215,0.1215,0.243001,0.1215,0.0607502,0.0607502,0.0607502,0.182251,0,0.1215,0.0607502,0,0.0607502,0.546752,0.243001,0.243001,0.0607502,0,0,0.0607502,0.0607502,0.0607502,0,0,0,0,0,0,0,0,0,0,0,0,0,0
68507,68510,68508,22.7,-104.502,40.2249,39.35,-54.16,551.908,1.37451,0.387833,27.6796,0.21411,0.000213918,0.24256,0.0808533,0.0808533,0.0808533,0.0808533,0.161707,0,0,0,0,0.161707,0,0,0.161707,0.161707,0.0808533,0,0.0808533,0,0,0,0,0,0,0,0,0,0,0,0,0,0,0,0,0,0
68513,68513,68513,22.6,-104.502,40.2251,40.1,-54.61,547.804,1.2153,0.541515,55.7649,0.308938,0.000449791,0.243059,0,0.243059,0,0,0.243059,0,0,0,0,0,0,0,0.243059,0,0,0,0,0,0.243059,0,0,0,0,0,0,0,0,0,0,0,0,0,0,0,0
68515,68518,68516,22.5,-104.503,40.2253,40.59,-54.77,545.52,1.95477,0.64054,44.7851,0.209753,0.000344024,0.122173,0,0.244347,0.18326,0.122173,0.0610867,0,0,0,0.0610867,0.0610867,0.0610867,0.122173,0.36652,0.18326,0.305434,0.0610867,0,0,0,0,0,0,0,0,0,0,0,0,0,0,0,0,0,0,0
68519,68522,68520,22.4,-104.503,40.2255,41.1175,-55.4225,541.894,1.96064,0.443634,27.038,0.18284,0.000184205,0.0612699,0.18381,0,0.36762,0.0612699,0.12254,0.18381,0.12254,0,0.0612699,0.18381,0.0612699,0,0.18381,0.30635,0,0,0.0612699,0,0,0,0,0,0,0,0,0,0,0,0,0,0,0,0,0,0
68523,68527,68525,22.3,-104.503,40.2258,41.77,-55.734,538.678,1.81328,0.589627,43.8332,0.223022,0.000328839,0.0490077,0.0980153,0.147023,0.0980153,0.147023,0.0490077,0.0490077,0,0.0980153,0.0980153,0.0490077,0.147023,0.0490077,0.245038,0.294046,0.0490077,0.0490077,0,0.0980153,0,0,0,0,0,0,0,0,0,0,0,0,0,0,0,0,0
68528,68531,68530,22.2,-104.503,40.226,42.47,-56.1125,535.192,2.38623,0.815398,62.3445,0.229377,0.000494901,0.183556,0.367113,0.0611855,0.0611855,0.0611855,0,0.183556,0.122371,0.183556,0,0,0.0611855,0.0611855,0.428298,0.122371,0.305927,0.0611855,0.0611855,0.0611855,0,0,0,0,0,0,0,0,0,0,0,0,0,0,0,0,0
68532,68536,68534,22.1,-104.503,40.226,43.116,-56.228,532.608,1.76308,0.519528,35.7643,0.20652,0.000268241,0.293847,0.0489745,0,0.146923,0.146923,0.0489745,0.0489745,0.0489745,0.0489745,0.0489745,0,0.0489745,0.0979489,0.293847,0.244872,0.0979489,0.0489745,0.0489745,0,0,0,0,0,0,0,0,0,0,0,0,0,0,0,0,0,0
68537,68540,68538,22,-104.504,40.2258,43.75,-55.79,531.461,2.55436,0.765097,52.1883,0.204634,0.000378052,0.121636,0.0608182,0.121636,0.304091,0.121636,0.121636,0.121636,0,0,0.0608182,0.182455,0.182455,0,0.547364,0.364909,0.121636,0.0608182,0,0.0608182,0,0,0,0,0,0,0,0,0,0,0,0,0,0,0,0,0
68541,68545,68543,21.9,-104.504,40.226,44.485,-55.75,529.037,2.26009,0.614907,44.0955,0.215132,0.000340463,0.18325,0.427584,0.18325,0.0610835,0.18325,0.0610835,0,0,0.122167,0.122167,0.122167,0.0610835,0.0610835,0.18325,0.244334,0.0610835,0.0610835,0.122167,0,0,0,0,0,0,0,0,0,0,0,0,0,0,0,0,0,0
68548,68549,68548,21.8,-104.505,40.226,45.22,-55.525,527.105,2.70952,0.673723,42.2929,0.188325,0.000291216,0.369481,0.12316,0.12316,0.24632,0,0.12316,0,0.24632,0.24632,0,0,0,0,0.862121,0.24632,0,0,0.12316,0,0,0,0,0,0,0,0,0,0,0,0,0,0,0,0,0,0
68552,68554,68553,21.7,-104.505,40.2257,45.9933,-55.4033,524.853,2.2907,0.826462,78.2572,0.284068,0.00055271,0.0818107,0.0818107,0.327243,0.0818107,0,0.245432,0.163621,0.0818107,0.245432,0.0818107,0,0.0818107,0.163621,0.163621,0.163621,0.0818107,0,0.0818107,0.0818107,0,0,0,0.0818107,0,0,0,0,0,0,0,0,0,0,0,0,0
68556,68558,68557,21.6,-104.506,40.2255,46.65,-55.2433,523.119,2.37077,0.987459,93.7692,0.28488,0.000711638,0.0817507,0.245252,0.163501,0.0817507,0.163501,0.245252,0.0817507,0,0,0.0817507,0,0.163501,0,0.572255,0.0817507,0,0,0.0817507,0.245252,0,0,0.0817507,0,0,0,0,0,0,0,0,0,0,0,0,0,0
68559,68563,68561,21.5,-104.506,40.2255,47.204,-55.318,521.184,2.04833,0.336762,16.012,0.142641,8.46887e-05,0.195079,0.195079,0.341389,0.243849,0.0975397,0,0.0975397,0.14631,0.0487699,0.0975397,0,0.0487699,0.0487699,0.292619,0.195079,0,0,0,0,0,0,0,0,0,0,0,0,0,0,0,0,0,0,0,0,0
68564,68568,68566,21.4,-104.506,40.2255,48.024,-56.514,515.774,2.11493,0.81224,62.1998,0.229734,0.00049496,0.147553,0.147553,0.0983686,0.147553,0.0491843,0.147553,0.0491843,0.0491843,0.0491843,0.0491843,0,0,0.0983686,0.295106,0.34429,0.295106,0.0491843,0.0491843,0.0491843,0,0,0,0,0,0,0,0,0,0,0,0,0,0,0,0,0
68569,68572,68570,21.3,-104.505,40.2253,48.7625,-56.895,512.63,2.45631,1.01802,88.896,0.261967,0.000748339,0.245631,0.0614077,0.184223,0.122815,0.184223,0.184223,0.0614077,0.184223,0.122815,0.122815,0.0614077,0,0,0.122815,0.122815,0.245631,0.0614077,0.245631,0.122815,0,0,0,0,0,0,0,0,0,0,0,0,0,0,0,0,0
68573,68577,68575,21.2,-104.505,40.2253,49.48,-57.814,508.321,2.66317,0.661199,41.3464,0.187597,0.000294885,0.401987,0.100497,0.200994,0.200994,0.100497,0.200994,0.150745,0.100497,0,0.150745,0.0502484,0,0.100497,0.301491,0.351739,0.251242,0,0,0,0,0,0,0,0,0,0,0,0,0,0,0,0,0,0,0,0
68578,68582,68580,21.1,-104.505,40.2255,50.254,-57.754,506.217,3.0504,0.895876,62.7502,0.21013,0.000477204,0.217885,0.163414,0.272357,0.272357,0.163414,0.108943,0.163414,0.108943,0,0.0544713,0.108943,0.108943,0,0.653656,0.272357,0.217885,0,0.163414,0,0,0,0,0,0,0,0,0,0,0,0,0,0,0,0,0,0
68583,68587,68585,21,-104.505,40.2258,51.064,-57.916,503.526,2.80264,1.07013,95.6174,0.268055,0.000692633,0.0549538,0.274769,0.164861,0.164861,0.109908,0.164861,0.0549538,0.274769,0.109908,0.0549538,0.0549538,0,0.0549538,0.549538,0.329723,0.109908,0,0.0549538,0.109908,0,0.0549538,0,0.0549538,0,0,0,0,0,0,0,0,0,0,0,0,0
68588,68592,68590,20.9,-104.505,40.2259,51.732,-58.612,500.036,3.0323,1.03192,83.7101,0.243363,0.000644703,0.275663,0.165398,0.165398,0.110265,0.330796,0.110265,0.0551326,0.165398,0,0.0551326,0.0551326,0.220531,0.110265,0.496194,0.330796,0.0551326,0.0551326,0.165398,0,0.0551326,0.0551326,0,0,0,0,0,0,0,0,0,0,0,0,0,0,0
68593,68597,68595,20.8,-104.505,40.2261,52.626,-59.514,495.5,2.74415,0.714416,46.573,0.195571,0.000329751,0.164649,0.439064,0.274415,0.054883,0.164649,0,0.274415,0.054883,0.054883,0.109766,0,0,0,0.603714,0.329298,0.164649,0,0,0.054883,0,0,0,0,0,0,0,0,0,0,0,0,0,0,0,0,0
68598,68602,68600,20.7,-104.505,40.2264,53.46,-59.556,493.187,3.24734,1.0363,79.8225,0.231079,0.000625045,0.330238,0.165119,0.165119,0.220159,0.110079,0.110079,0.385278,0.0550396,0.0550396,0.110079,0.0550396,0.110079,0.110079,0.605436,0.165119,0.165119,0.0550396,0.165119,0.110079,0,0,0,0,0,0,0,0,0,0,0,0,0,0,0,0,0
68603,68607,68605,20.6,-104.505,40.2267,54.402,-59.768,490.251,3.4685,1.16329,97.8478,0.25234,0.000747348,0.440445,0.275278,0.220222,0.220222,0.110111,0.165167,0.0550556,0.110111,0.0550556,0.220222,0.275278,0.165167,0,0.330334,0.330334,0.110111,0.110111,0.110111,0.0550556,0.0550556,0,0.0550556,0,0,0,0,0,0,0,0,0,0,0,0,0,0
68608,68613,68610,20.5,-104.505,40.227,55.3283,-59.4867,488.531,3.16577,1.02645,88.2086,0.257807,0.000558617,0.458808,0.183523,0.183523,0.0458808,0.0458808,0.183523,0.137642,0.183523,0.0917616,0.0458808,0.0458808,0.183523,0.0917616,0.642331,0.321165,0.0917616,0.0458808,0.0917616,0.0458808,0,0,0,0,0,0.0458808,0,0,0,0,0,0,0,0,0,0,0
68614,68618,68616,20.4,-104.506,40.2272,56.2,-60.072,485.022,2.91043,1.11776,103.952,0.279001,0.000779833,0.109827,0.219655,0.219655,0.109827,0.274569,0.109827,0.219655,0.0549137,0.274569,0.164741,0,0.109827,0,0.329482,0.274569,0.0549137,0.109827,0,0.0549137,0.0549137,0.109827,0.0549137,0,0,0,0,0,0,0,0,0,0,0,0,0,0
68619,68623,68621,20.3,-104.506,40.2274,57.0867,-60.5433,481.786,2.48151,0.585011,44.2991,0.227171,0.000306434,0.0919078,0.275723,0.367631,0.183816,0,0.275723,0.275723,0.0919078,0,0,0.183816,0.0919078,0.0919078,0.275723,0.0919078,0.0919078,0,0,0,0,0.0919078,0,0,0,0,0,0,0,0,0,0,0,0,0,0,0
68624,68629,68626,20.2,-104.507,40.2277,57.9633,-60.5117,479.762,3.24235,0.862334,65.8578,0.229115,0.000478298,0.411002,0.228334,0.228334,0.274001,0.137001,0.228334,0.137001,0.182667,0.0913337,0.0913337,0.0456669,0.0456669,0.182667,0.502336,0.0913337,0.182667,0,0.0913337,0.0456669,0,0,0.0456669,0,0,0,0,0,0,0,0,0,0,0,0,0,0
68630,68634,68632,20.1,-104.507,40.2281,58.9075,-60.9875,476.485,2.75838,0.99833,85.4415,0.256753,0.000650428,0.206878,0.137919,0.0689594,0.206878,0.275838,0.0689594,0.0689594,0.0689594,0.206878,0.0689594,0.137919,0.0689594,0.137919,0.413756,0.0689594,0.275838,0.0689594,0.0689594,0.0689594,0,0,0.0689594,0,0,0,0,0,0,0,0,0,0,0,0,0,0
68636,68640,68638,20,-104.507,40.2285,60.015,-60.915,474.115,2.70312,1.22733,118.163,0.288829,0.000912125,0.135156,0.270312,0.202734,0.0675779,0.135156,0.202734,0.0675779,0.202734,0.135156,0,0,0,0.0675779,0.405468,0.202734,0.0675779,0.202734,0.135156,0,0.135156,0,0,0.0675779,0,0,0,0,0,0,0,0,0,0,0,0,0
68641,68645,68643,19.9,-104.507,40.2287,60.772,-60.66,472.986,3.70172,0.757749,46.4931,0.18407,0.000315628,0.552496,0.165749,0.497247,0.220999,0.331498,0.331498,0.110499,0.110499,0.165749,0.0552496,0.220999,0.0552496,0,0.331498,0.386747,0.0552496,0.0552496,0,0.0552496,0,0,0,0,0,0,0,0,0,0,0,0,0,0,0,0,0
68647,68651,68649,19.8,-104.507,40.229,61.828,-60.556,470.905,4.40005,1.32341,129.344,0.293208,0.000745925,0.385005,0.330004,0.440005,0.330004,0.495006,0.165002,0.275003,0.220003,0.220003,0.0550007,0.110001,0.110001,0.0550007,0.550007,0.220003,0.220003,0,0.0550007,0,0,0.0550007,0,0.0550007,0,0,0.0550007,0,0,0,0,0,0,0,0,0,0
68652,68657,68654,19.7,-104.507,40.2292,62.7733,-60.7433,468.455,4.27776,0.888267,52.7047,0.178003,0.000357137,0.551969,0.413976,0.275984,0.18399,0.413976,0.275984,0.18399,0.229987,0.0919948,0.229987,0.0919948,0.18399,0.0919948,0.413976,0.413976,0.137992,0.0459974,0.0459974,0,0,0,0,0,0,0,0,0,0,0,0,0,0,0,0,0,0
68658,68661,68660,19.6,-104.507,40.2292,63.735,-60.6375,466.651,4.86363,1.26345,108.486,0.257595,0.000541855,0.411011,0.274007,0.137004,0.274007,0.616517,0.137004,0.274007,0.205506,0.342509,0.274007,0.137004,0.137004,0.0685019,1.09603,0.137004,0.205506,0.0685019,0,0,0,0,0,0,0,0,0.0685019,0,0,0,0,0,0,0,0,0,0
68663,68668,68666,19.5,-104.507,40.2293,64.8117,-60.545,464.627,5.62531,0.989189,50.6599,0.153641,0.00028543,0.414982,0.553309,0.737745,0.138327,0.553309,0.230545,0.368872,0.368872,0.184436,0.322763,0.184436,0.138327,0.0461091,0.876072,0.461091,0,0,0,0.0461091,0,0,0,0,0,0,0,0,0,0,0,0,0,0,0,0,0
