data/B2SAP/Locations/Boulder/NOAA-POPS-B2SAP_GMLBalloon_20210318_R0.ict
61,1001
Thornberry, T. D.
NOAA Chemical Sciences Laboratory
Portable Optical Particle Spectrometer (POPS)
Balloon Baseline Stratospheric Aerosol Profiles (B2SAP)
1,1
2021,03,18,2024,05,28
0
TIME_START,s,Seconds since midnight UTC on flight start day,Start time of 100 m altitude bin in UTC_seconds_since_midnight
28
1.0,1.0,1.0,1.0,1.0,1.0,1.0,1.0,1.0,1.0,1.0,1.0,1.0,1.0,1.0,1.0,1.0,1.0,1.0,1.0,1.0,1.0,1.0,1.0,1.0,1.0,1.0,1.0
99999,99999,99999,99999,99999,99999,99999,99999,99999,99999,99999,99999,99999,99999,99999,99999,99999,99999,99999,99999,99999,99999,99999,99999,99999,99999,99999,99999
TIME_STOP,s,End time of 100 m altitude bin in UTC seconds since midnight,
TIME_MID,s,Mid time of 100 m altitude in UTC seconds since midnight,
GPSAlt,m,GPS reported altitude above sea level (m),
GPS_Lon,deg,GPS reported longitude,
GPS_Lat,deg,GPS reported latitude,
iMet_Pressure,mb,Pressure reported (mB),
iMet_Temperature,degrees C,Ambient temperature (oC),
THETA,K,Potential temperature from iMet,
Aerosol_concentration,cm^-3,Aerosol concentration,
Surface_Area_Conc,um^2 cm^-3,Surface area concentration,
Volume_density,um^3 cm^-3,Volume density,
Effective_radius,um,Effective radius,
Extinction,km^-1,Extinction,
Bin01,cm^-3,particle concentration in size range [140 - 170 nm],
Bin02,cm^-3,particle concentration in size range [170 - 205 nm],
Bin03,cm^-3,particle concentration in size range [205 - 249 nm],
Bin04,cm^-3,particle concentration in size range [249 - 302 nm],
Bin05,cm^-3,particle concentration in size range [302 - 366 nm],
Bin06,cm^-3,particle concentration in size range [366 - 443 nm],
Bin07,cm^-3,particle concentration in size range [443 - 537 nm],
Bin08,cm^-3,particle concentration in size range [537 - 651 nm],
Bin09,cm^-3,particle concentration in size range [651 - 789 nm],
Bin10,cm^-3,particle concentration in size range [789 - 956 nm],
Bin11,cm^-3,particle concentration in size range [956 - 1159 nm],
Bin12,cm^-3,particle concentration in size range [1159 - 1404 nm],
Bin13,cm^-3,particle concentration in size range [1404 - 1702 nm],
Bin14,cm^-3,particle concentration in size range [1702 - 2062 nm],
Bin15,cm^-3,particle concentration in size range [2062 - 2500 nm],
0
19
PI_CONTACT_INFO: 325 Broadway R/CSL6, Boulder, CO 80305; troy.thornberry@noaa.gov; 303-497-3373 
PLATFORM: GML ECC/FPH balloon
LOCATION: Boulder, CO, USA
ASSOCIATED_DATA: N/A
INSTRUMENT_INFO: Printed Optical Particle Spectrometer counts particles from 140 - 2500 nm in diameter 
DATA_INFO: Particle concentrations reported in number per cubic centimeter, binned to 100 m altitude
UNCERTAINTY: Counting uncertainty dominated by air flow, less than 5 percent
ULOD_FLAG: -77777
ULOD_VALUE: 3000 ~3000 per cm3 (varies depending on flow rate- manufacturer quotes 1250  per cm3 at 1.667 cc/s)
LLOD_FLAG: -88888
LLOD_VALUE: 0 0 (varies depending on data field and measurement precision)
DM_CONTACT_INFO: Troy Thornberry, 325 Broadway R/CSL6, Boulder, CO 80305; troy.thornberry@noaa.gov; 303-497-3373
PROJECT_INFO: B2SAP Boulder, CO, USA
STIPULATIONS_ON_USE: Please contact the PIs for questions regarding applications and uncertainties
OTHER_COMMENTS: POPS bin Edges (nm):  140, 170, 205, 249, 302, 366, 443, 537, 651, 789, 956, 1159, 1404, 1702, 2062, 2500
Calculations assume sulfate refractive index of 1.45+0.00j and extinction wavelength = 532 nm
REVISION: R0
R0: QA/QC data
TIME_START,TIME_STOP,TIME_MID,GPSAlt,GPS_Lon,GPS_Lat,iMet_Pressure,iMet_Temperature,THETA,Aerosol_concentration,Surface_Area_Conc,Volume_density,Effective_radius,Extinction,Bin01,Bin02,Bin03,Bin04,Bin05,Bin06,Bin07,Bin08,Bin09,Bin10,Bin11,Bin12,Bin13,Bin14,Bin15
[from data line 232]
64514,64527,64520,22.2,-104.235,39.7887,36.688,-62.508,541.6,2.6599,0.278246,9.99138,0.107725,3.60873e-05,1.72893,0.531979,0.199492,0.0664974,0.0664974,0.0664974,0,0,0,0,0,0,0,0,0
64528,64544,64536,22.1,-104.234,39.7892,37.2691,-62.8455,538.314,2.89383,0.388985,16.083,0.124038,7.04106e-05,1.5072,0.361729,0.542593,0.180864,0.180864,0.120576,0,0,0,0,0,0,0,0,0
64545,64561,64553,22,-104.234,39.7894,37.9236,-63.51,533.954,2.10768,0.234682,7.88098,0.100745,2.01561e-05,0.903293,0.602195,0.361317,0.240878,0,0,0,0,0,0,0,0,0,0,0
64562,64577,64570,21.9,-104.234,39.7895,38.55,-64.2258,529.639,2.82748,0.387897,16.4349,0.127107,7.64584e-05,1.41374,0.380623,0.489372,0.271873,0.217499,0,0.0543747,0,0,0,0,0,0,0,0
64579,64594,64586,21.8,-104.234,39.7896,39.2218,-64.4145,526.565,2.85334,0.425776,20.3522,0.143401,0.000115932,1.45579,0.524083,0.349388,0.174694,0.174694,0.0582314,0.116463,0,0,0,0,0,0,0,0
64596,64613,64604,21.7,-104.234,39.7898,39.9792,-63.5985,525.732,3.68106,0.667186,35.2473,0.158489,0.000216846,1.37426,0.687132,0.638051,0.392647,0.294485,0.0981617,0.147243,0.0490808,0,0,0,0,0,0,0
64615,64631,64623,21.6,-104.235,39.79,40.615,-63.875,522.686,2.55558,0.433983,20.3404,0.140607,0.000105739,0.798618,0.532412,0.479171,0.372688,0.212965,0.106482,0.0532412,0,0,0,0,0,0,0,0
64633,64649,64641,21.5,-104.235,39.7902,41.3517,-63.6783,520.491,4.13939,0.806116,40.8108,0.151879,0.000231615,1.30993,0.838358,0.419179,0.628768,0.419179,0.471576,0.0523974,0,0,0,0,0,0,0,0
64651,64667,64659,21.4,-104.235,39.7906,42.0275,-63.3283,518.952,3.04675,0.596839,32.3206,0.162459,0.000201881,0.863247,0.507792,0.761689,0.457013,0.203117,0.0507792,0.152338,0.0507792,0,0,0,0,0,0,0
64669,64687,64678,21.3,-104.235,39.7909,42.7915,-62.7862,517.627,3.89457,0.767289,40.1113,0.15683,0.000237082,1.07922,0.844606,0.703838,0.37538,0.469225,0.328458,0.0469225,0.0469225,0,0,0,0,0,0,0
64688,64706,64697,21.2,-104.234,39.7914,43.52,-61.9215,517.245,4.00538,0.920623,61.9931,0.202015,0.000397146,1.11778,1.16435,0.326019,0.55889,0.232871,0.372593,0.139723,0.0465742,0,0.0465742,0,0,0,0,0
64708,64725,64716,21.1,-104.234,39.7919,44.2423,-61.2562,516.45,3.51613,0.74237,41.1229,0.166183,0.000256829,0.913281,0.684961,0.639297,0.502305,0.365312,0.273984,0.045664,0.0913281,0,0,0,0,0,0,0
64727,64744,64736,21,-104.233,39.7923,45.0092,-61.1438,514.181,3.81661,0.840285,49.5438,0.176882,0.000322713,1.39194,0.628619,0.269408,0.493915,0.493915,0.359211,0.134704,0,0.0449013,0,0,0,0,0,0
64746,64763,64754,20.9,-104.232,39.7929,45.6938,-60.6154,513.252,3.70555,0.693728,34.9325,0.151064,0.000200369,1.25007,0.714323,0.357162,0.669678,0.401807,0.178581,0.133936,0,0,0,0,0,0,0,0
64764,64783,64774,20.8,-104.231,39.7935,46.4886,-60.9321,509.969,3.68244,0.855874,51.7347,0.18134,0.000347608,1.07577,0.86889,0.248254,0.496509,0.372382,0.372382,0.206879,0,0.0413757,0,0,0,0,0,0
64784,64805,64794,20.7,-104.23,39.7938,47.31,-62.0831,504.671,3.47509,0.807221,49.3712,0.183486,0.000336164,1.01357,0.470586,0.796376,0.361989,0.32579,0.217193,0.217193,0.0361989,0.0361989,0,0,0,0,0,0
64806,64826,64816,20.6,-104.23,39.7935,48.1538,-63.7863,498.081,3.72005,0.802293,42.6228,0.159379,0.00025775,0.902926,0.758457,0.505638,0.505638,0.577872,0.325053,0.144468,0,0,0,0,0,0,0,0
64827,64848,64838,20.5,-104.23,39.7932,48.9976,-63.3288,496.686,4.33916,1.07962,66.3984,0.184506,0.00045512,1.03472,0.700942,0.700942,0.767698,0.433916,0.300404,0.300404,0.0667563,0.0333782,0,0,0,0,0,0
64850,64867,64858,20.4,-104.23,39.7929,49.8469,-63.0092,495.016,3.57481,0.865994,51.4331,0.178176,0.000347992,0.904471,0.68912,0.51684,0.34456,0.51684,0.34456,0.17228,0.0861401,0,0,0,0,0,0,0
64869,64888,64878,20.3,-104.231,39.7925,50.6607,-63.034,492.665,4.08561,0.974831,59.8434,0.184166,0.000419188,0.965689,1.00283,0.631412,0.482845,0.371419,0.222851,0.259993,0.148568,0,0,0,0,0,0,0
64889,64907,64898,20.2,-104.231,39.7919,51.5229,-62.545,491.441,3.66723,1.06065,75.6095,0.213857,0.000555384,0.50717,1.13138,0.50717,0.468157,0.351118,0.273092,0.195065,0.117039,0.117039,0,0,0,0,0,0
64909,64928,64918,20.1,-104.23,39.7914,52.37,-62.7967,488.575,4.134,0.93577,58.3659,0.187116,0.000401361,1.25817,0.898695,0.575165,0.503269,0.32353,0.287582,0.107843,0.143791,0.0359478,0,0,0,0,0,0
64929,64948,64938,20,-104.229,39.7911,53.2627,-63.5213,484.539,4.20959,1.17496,80.1517,0.20465,0.000546392,0.899484,0.647629,0.647629,0.57567,0.755567,0.323814,0.143917,0.179897,0,0.0359794,0,0,0,0,0
64949,64969,64959,19.9,-104.227,39.7909,54.2413,-64.32,480.198,4.85096,1.22331,75.8366,0.185979,0.000524905,1.43732,0.646794,0.610861,0.682727,0.610861,0.431196,0.323397,0.071866,0.035933,0,0,0,0,0,0
64972,64990,64981,19.8,-104.225,39.7912,55.2033,-64.37,477.667,4.10049,1.0333,70.8367,0.205661,0.000477681,1.1215,0.560751,0.841127,0.595798,0.45561,0.140188,0.245329,0.0700939,0.0350469,0.0350469,0,0,0,0,0
64994,65011,65002,19.7,-104.223,39.7917,56.1269,-64.0113,476.229,4.5906,1.18144,75.0735,0.190632,0.000526264,1.10695,0.846494,0.586034,0.781379,0.488362,0.358132,0.227902,0.162787,0.0325575,0,0,0,0,0,0
65013,65034,65024,19.6,-104.221,39.7924,57.0737,-63.4969,475.126,4.77421,1.02285,63.8883,0.187383,0.00040102,1.20167,1.13672,0.81194,0.844417,0.324776,0.194866,0.0974328,0.12991,0,0.0324776,0,0,0,0,0
65035,65056,65046,19.5,-104.218,39.7933,58.0889,-63.1111,473.604,4.70622,1.29199,86.445,0.200725,0.000619771,1.08386,0.770108,0.884199,0.541928,0.484883,0.541928,0.0855676,0.256703,0.0570451,0,0,0,0,0,0
65058,65080,65069,19.4,-104.216,39.7944,59.0053,-63.8594,469.82,4.44769,1.12032,74.5244,0.199562,0.000511112,1.27501,0.859888,0.563375,0.622677,0.326164,0.385467,0.266862,0.118605,0,0.0296513,0,0,0,0,0
65081,65101,65091,19.3,-104.215,39.7955,59.99,-64.3847,466.419,4.32172,1.11119,70.9834,0.191641,0.000496356,1.18403,0.769621,0.473613,0.562415,0.562415,0.384811,0.266407,0.0592016,0.0592016,0,0,0,0,0,0
65102,65122,65112,19.2,-104.214,39.7963,61.0471,-64.0076,464.942,5.00207,1.23085,79.3432,0.193386,0.000564703,1.79486,0.706175,0.559055,0.647327,0.382511,0.411935,0.353088,0.0882719,0.0588479,0,0,0,0,0,0
65125,65147,65136,19.1,-104.214,39.7972,62.12,-63.2817,464.235,5.10906,1.09261,66.3449,0.182164,0.000450299,1.55731,1.20213,0.737671,0.683029,0.327854,0.24589,0.136606,0.191248,0.0273212,0,0,0,0,0,0
65148,65170,65159,19,-104.212,39.7979,63.17,-62.8867,462.886,4.49291,1.04518,61.7282,0.17718,0.000417353,1.33717,0.775561,0.588357,0.53487,0.588357,0.320922,0.240691,0.106974,0,0,0,0,0,0,0
65171,65193,65182,18.9,-104.211,39.7979,64.1611,-64.2368,457.881,4.62519,1.12713,72.194,0.192153,0.000510175,1.22657,1.0477,0.868821,0.153321,0.587732,0.332196,0.229982,0.127768,0.0511071,0,0,0,0,0,0
65196,65217,65206,18.8,-104.21,39.7979,65.3168,-63.1111,457.993,4.56718,1.12013,86.1735,0.230796,0.000489277,1.56445,0.984089,0.731758,0.201864,0.32803,0.403729,0.176631,0.126165,0.025233,0,0,0.025233,0,0,0
65218,65240,65229,18.7,-104.209,39.7976,66.4824,-63.2959,455.292,4.65393,1.09238,66.5052,0.182643,0.00044643,1.43198,0.771065,0.68845,0.468146,0.495684,0.523222,0.192766,0.027538,0.055076,0,0,0,0,0,0
65241,65260,65250,18.6,-104.208,39.7973,67.5337,-62.45,455.082,4.75993,0.981385,55.9682,0.17109,0.000358986,1.39315,1.18998,0.638527,0.522431,0.435359,0.348287,0.14512,0.0580479,0.0290239,0,0,0,0,0,0
65267,65280,65274,18.5,-104.206,39.7971,68.7421,-61.5764,454.655,4.74415,1.08212,69.4169,0.192447,0.000472125,1.51549,0.757747,0.922474,0.527128,0.395346,0.362401,0.065891,0.0988365,0.0988365,0,0,0,0,0,0
65281,65297,65289,18.4,-104.205,39.7971,69.7418,-61.0141,453.994,4.86997,0.971509,52.588,0.162391,0.000328742,1.55197,1.07032,0.642194,0.508404,0.56192,0.294339,0.187307,0.0535162,0,0,0,0,0,0,0
65298,65314,65306,18.3,-104.203,39.797,71.032,-60.769,452.138,6.07403,1.30446,76.1733,0.175183,0.000495821,1.8758,1.20587,0.848578,0.803916,0.535944,0.491282,0.178648,0.089324,0.044662,0,0,0,0,0,0
65315,65331,65323,18.2,-104.201,39.7971,72.0023,-61.2138,449.448,4.50044,0.876851,48.1979,0.164901,0.00029059,1.33982,0.858862,0.961925,0.480963,0.446608,0.30919,0,0.0687089,0.0343545,0,0,0,0,0,0
65332,65348,65340,18.1,-104.198,39.7974,73.2787,-61.486,446.629,5.15678,1.19445,87.0621,0.218667,0.000447162,1.54412,1.0197,0.932299,0.466149,0.582687,0.291343,0.20394,0.087403,0,0,0,0.0291343,0,0,0
65352,65375,65364,18,-104.194,39.7977,74.562,-60.5995,446.268,5.13192,1.12862,73.7258,0.195972,0.000500127,1.7756,1.25591,0.627957,0.368113,0.433074,0.324805,0.151576,0.129922,0.0433074,0.0216537,0,0,0,0,0
65376,65400,65388,17.9,-104.191,39.7975,75.84,-60.6939,443.918,4.85176,0.979062,56.8246,0.174119,0.000379592,1.82541,1.05682,0.52841,0.456354,0.408316,0.216168,0.288223,0.0480372,0.0240186,0,0,0,0,0,0
65401,65425,65413,17.8,-104.187,39.7967,77.0962,-60.2138,442.837,4.97313,1.08726,75.2018,0.207499,0.000415491,1.64401,1.10971,0.637054,0.575404,0.431553,0.328802,0.102751,0.102751,0.0205501,0,0.0205501,0,0,0,0
65426,65449,65438,17.7,-104.184,39.7955,78.3629,-60.4543,440.277,4.92391,1.06963,63.0036,0.176707,0.000432225,1.55012,1.18539,0.577496,0.516707,0.395129,0.243156,0.364734,0.0911835,0,0,0,0,0,0,0
65450,65477,65464,17.6,-104.178,39.7941,79.689,-60.9238,437.213,5.51242,1.04847,58.0734,0.166166,0.000376877,1.80406,1.40316,0.922077,0.461038,0.380858,0.160361,0.280632,0.100226,0,0,0,0,0,0,0
65478,65507,65492,17.5,-104.17,39.7936,81.0814,-61.4695,433.927,4.72294,0.806029,42.2334,0.15719,0.000251583,1.87028,1.07683,0.661211,0.396727,0.377835,0.188917,0.075567,0.0566752,0.0188917,0,0,0,0,0,0
65508,65530,65519,17.4,-104.163,39.7942,82.3847,-61.9911,430.892,5.07905,0.922786,57.8775,0.188161,0.000394723,2.28127,1.09759,0.753248,0.451949,0.107607,0.0645641,0.107607,0.129128,0.0860855,0,0,0,0,0,0
65536,65556,65546,17.3,-104.156,39.7952,83.6881,-60.5071,431.983,5.02774,1.03104,74.051,0.215464,0.00041059,1.92634,1.11728,0.770534,0.462321,0.28895,0.134844,0.211897,0.0577901,0.0192634,0.0192634,0.0192634,0,0,0,0
65561,65582,65572,17.2,-104.151,39.7961,85.0717,-62.0756,426.781,4.61077,0.760691,39.4247,0.155483,0.000238401,2.10588,0.93102,0.532012,0.376842,0.354674,0.133003,0.0886686,0.0886686,0,0,0,0,0,0,0
65583,65604,65594,17.1,-104.146,39.7967,86.5865,-63.6171,421.544,4.44675,0.723885,36.5999,0.151681,0.000217235,1.83517,1.03522,0.682306,0.329389,0.235278,0.141167,0.141167,0.0470556,0,0,0,0,0,0,0
65605,65625,65615,17,-104.142,39.7973,88.0324,-64.0757,418.635,4.48451,0.778698,44.1113,0.169942,0.000287938,1.97623,1.02612,0.60807,0.285033,0.228026,0.114013,0.114013,0.114013,0.0190022,0,0,0,0,0,0
65626,65647,65636,16.9,-104.139,39.7982,89.4927,-63.4545,417.904,3.75098,0.676766,42.6562,0.189088,0.000279614,1.89318,0.760811,0.389252,0.176933,0.176933,0.15924,0.0707731,0.0884664,0.0176933,0.0176933,0,0,0,0,0
65648,65663,65656,16.8,-104.135,39.799,90.7575,-61.895,419.332,4.07229,0.841704,64.6464,0.230413,0.000324954,1.75904,0.915663,0.433735,0.26506,0.313253,0.168675,0.0963856,0.0722892,0.0240964,0,0,0.0240964,0,0,0
65665,65694,65680,16.7,-104.131,39.8002,92.7281,-61.95,416.651,4.31074,0.781056,56.3148,0.216303,0.000273982,2.01326,0.947415,0.61582,0.213168,0.189483,0.118427,0.118427,0.0710562,0,0,0.0236854,0,0,0,0
65695,65719,65707,16.6,-104.129,39.8009,94.0581,-61.8381,415.182,3.98672,0.720868,44.4139,0.184835,0.000300702,1.98442,0.858127,0.357553,0.286042,0.053633,0.214532,0.143021,0.0178777,0.0715106,0,0,0,0,0,0
65720,65745,65732,16.5,-104.125,39.8013,95.6905,-61.802,413.223,4.12436,0.803435,63.3493,0.236544,0.000337086,1.87471,1.12483,0.44993,0.187471,0.13123,0.149977,0.0562413,0.0749884,0.0374942,0.0187471,0,0.0187471,0,0,0
65746,65772,65759,16.4,-104.122,39.8014,97.3296,-61.2539,412.283,4.48163,0.826207,57.2205,0.207771,0.000299692,2.15963,0.925554,0.454658,0.324756,0.178616,0.259805,0.0974268,0.0487134,0,0.0162378,0.0162378,0,0,0,0
65773,65797,65785,16.3,-104.118,39.8012,98.9265,-60.6335,411.572,4.30495,0.709336,39.6241,0.167582,0.000226684,1.85021,1.08082,0.457973,0.384697,0.219827,0.219827,0.0366378,0.0183189,0.0183189,0.0183189,0,0,0,0,0
65798,65832,65815,16.2,-104.113,39.8006,100.561,-60.4655,409.979,3.92737,0.549048,27.1382,0.148283,0.000152612,2.03873,0.863021,0.475287,0.237644,0.137583,0.0750453,0.0500302,0.0250151,0.0250151,0,0,0,0,0,0
65833,65863,65848,16.1,-104.106,39.7996,102.479,-59.7421,409.149,3.84173,0.60022,32.0723,0.160303,0.000198832,1.94898,0.749606,0.505984,0.224882,0.168661,0.0749606,0.0937008,0.0562205,0.0187402,0,0,0,0,0,0
65865,65894,65880,16,-104.1,39.7989,103.743,-59.1081,408.933,4.26489,0.685266,38.0589,0.166616,0.000236791,2.00054,0.967296,0.571584,0.241824,0.241824,0.087936,0.043968,0.065952,0.043968,0,0,0,0,0,0
65895,65921,65908,15.9,-104.094,39.7983,105.527,-58.7476,407.638,4.24043,0.66646,37.4358,0.168514,0.000218815,1.83641,1.21871,0.467449,0.300503,0.200335,0.0834731,0.0500838,0.0500838,0.0166946,0.0166946,0,0,0,0,0
65928,65952,65940,15.8,-104.088,39.7982,107.132,-58.5269,406.291,3.74784,0.64304,41.3618,0.192967,0.000257681,1.78776,0.861573,0.495405,0.172315,0.193854,0.107697,0.0430787,0,0.064618,0.0215393,0,0,0,0,0
65953,65977,65965,15.7,-104.081,39.7986,108.938,-58.5027,404.405,3.93908,0.617025,35.3537,0.171891,0.000213082,2.06145,0.761556,0.48582,0.236345,0.157563,0.105042,0.0525211,0.0393908,0.0262606,0.0131303,0,0,0,0,0
65978,66002,65990,15.6,-104.075,39.7988,110.722,-57.9158,403.639,3.57418,0.526437,26.4884,0.150949,0.000152324,1.75135,0.947159,0.303806,0.142967,0.214451,0.142967,0.0178709,0.0357418,0.0178709,0,0,0,0,0,0
66003,66025,66014,15.5,-104.069,39.7988,112.491,-57.0287,403.466,3.86704,0.650137,36.3226,0.167608,0.000228839,1.93352,0.737984,0.398511,0.265674,0.191876,0.177116,0.118077,0,0.044279,0,0,0,0,0,0
66026,66045,66036,15.4,-104.063,39.799,114.308,-57.1375,401.421,4.20206,0.660983,37.4851,0.170133,0.000242105,2.20823,1.07195,0.23583,0.171513,0.278708,0.0428782,0.0857564,0.0643173,0.0428782,0,0,0,0,0,0
66050,66062,66056,15.3,-104.058,39.7989,115.973,-57.4262,399.235,4.23008,0.658851,34.0387,0.154991,0.000197079,2.06216,0.819578,0.502322,0.343694,0.237942,0.185066,0,0.052876,0.026438,0,0,0,0,0,0
66076,66092,66084,15.2,-104.051,39.7984,118.318,-56.8353,398.037,3.60848,0.550574,31.5027,0.171654,0.000180047,1.82429,0.76179,0.441036,0.240565,0.200471,0.0200471,0.0801885,0,0.0200471,0.0200471,0,0,0,0,0
66093,66115,66104,15.1,-104.047,39.798,119.662,-56.7888,396.842,4.18866,0.619529,30.2268,0.14637,0.000170162,2.05159,0.683863,0.683863,0.427415,0.170966,0.0427415,0.0427415,0.0854829,0,0,0,0,0,0,0
66116,66138,66127,15,-104.04,39.7971,121.899,-55.9705,396.246,4.90526,0.76073,39.7722,0.156845,0.000235505,2.21251,1.32065,0.480235,0.325874,0.27442,0.154361,0.0514538,0.0514538,0.0343025,0,0,0,0,0,0
66139,66160,66150,14.9,-104.034,39.7963,123.813,-55.4124,395.499,4.55411,0.739867,41.1971,0.167045,0.000262489,2.2569,1.00755,0.483622,0.282113,0.181358,0.120905,0.141056,0.0403018,0.0403018,0,0,0,0,0,0
66165,66192,66178,14.8,-104.027,39.7953,125.861,-54.675,394.978,4.71253,0.71506,34.2938,0.143878,0.00018677,2.09446,1.15503,0.462013,0.446613,0.261807,0.184805,0.0924026,0,0.0154004,0,0,0,0,0,0
66193,66220,66206,14.7,-104.019,39.7942,127.955,-54.2027,393.975,4.88339,0.923913,59.5638,0.193407,0.000384071,2.12589,1.12457,0.539175,0.36972,0.323505,0.15405,0.077025,0.107835,0.03081,0.03081,0,0,0,0,0
66223,66250,66236,14.6,-104.011,39.7933,129.907,-53.7981,393.004,5.16495,0.877198,45.862,0.156847,0.000275859,2.09826,1.2751,0.548776,0.468074,0.371231,0.209826,0.129124,0.0484214,0.0161405,0,0,0,0,0,0
66251,66274,66262,14.5,-104.002,39.7923,131.786,-53.0055,392.796,5.08412,0.896092,48.4029,0.162047,0.000300899,2.02018,1.14477,0.858577,0.252523,0.303027,0.303027,0.117844,0.0673394,0.0168348,0,0,0,0,0,0
66281,66309,66295,14.4,-103.992,39.7913,134.148,-53.2193,390.434,5.2263,0.835583,41.6114,0.149398,0.000239184,2.35125,1.07087,0.675112,0.395755,0.372476,0.197878,0.128038,0.0232797,0.0116399,0,0,0,0,0,0
66310,66336,66323,14.3,-103.983,39.79,136.21,-52.7555,389.561,4.68694,0.838198,47.032,0.168333,0.000304161,1.92992,1.05686,0.643306,0.413554,0.229752,0.153168,0.137851,0.107218,0.0153168,0,0,0,0,0,0
