data/B2SAP/Locations/Boulder/NOAA-POPS-B2SAP_GMLBalloon_20220203_R0.ict
61,1001
Thornberry, T. D.
NOAA Chemical Sciences Laboratory
Portable Optical Particle Spectrometer (POPS)
Balloon Baseline Stratospheric Aerosol Profiles (B2SAP)
1,1
2022,02,03,2024,05,28
0
TIME_START,s,Seconds since midnight UTC on flight start day,Start time of 100 m altitude bin in UTC_seconds_since_midnight
28
1.0,1.0,1.0,1.0,1.0,1.0,1.0,1.0,1.0,1.0,1.0,1.0,1.0,1.0,1.0,1.0,1.0,1.0,1.0,1.0,1.0,1.0,1.0,1.0,1.0,1.0,1.0,1.0
99999,99999,99999,99999,99999,99999,99999,99999,99999,99999,99999,99999,99999,99999,99999,99999,99999,99999,99999,99999,99999,99999,99999,99999,99999,99999,99999,99999
TIME_STOP,s,End time of 100 m altitude bin in UTC seconds since midnight,
TIME_MID,s,Mid time of 100 m altitude in UTC seconds since midnight,
GPSAlt,m,GPS reported altitude above sea level (m),
GPS_Lon,deg,GPS reported longitude,
GPS_Lat,deg,GPS reported latitude,
iMet_Pressure,mb,Pressure reported (mB),
iMet_Temperature,degrees C,Ambient temperature (oC),
THETA,K,Potential temperature from iMet,
Aerosol_concentration,cm^-3,Aerosol concentration,
Surface_Area_Conc,um^2 cm^-3,Surface area concentration,
Volume_density,um^3 cm^-3,Volume density,
Effective_radius,um,Effective radius,
Extinction,km^-1,Extinction,
Bin01,cm^-3,particle concentration in size range [140 - 170 nm],
Bin02,cm^-3,particle concentration in size range [170 - 205 nm],
Bin03,cm^-3,particle concentration in size range [205 - 249 nm],
Bin04,cm^-3,particle concentration in size range [249 - 302 nm],
Bin05,cm^-3,particle concentration in size range [302 - 366 nm],
Bin06,cm^-3,particle concentration in size range [366 - 443 nm],
Bin07,cm^-3,particle concentration in size range [443 - 537 nm],
Bin08,cm^-3,particle concentration in size range [537 - 651 nm],
Bin09,cm^-3,particle concentration in size range [651 - 789 nm],
Bin10,cm^-3,particle concentration in size range [789 - 956 nm],
Bin11,cm^-3,particle concentration in size range [956 - 1159 nm],
Bin12,cm^-3,particle concentration in size range [1159 - 1404 nm],
Bin13,cm^-3,particle concentration in size range [1404 - 1702 nm],
Bin14,cm^-3,particle concentration in size range [1702 - 2062 nm],
Bin15,cm^-3,particle concentration in size range [2062 - 2500 nm],
0
19
PI_CONTACT_INFO: 325 Broadway R/CSL6, Boulder, CO 80305; troy.thornberry@noaa.gov; 303-497-3373 
PLATFORM: GML ECC/FPH balloon
LOCATION: Boulder, CO, USA
ASSOCIATED_DATA: N/A
INSTRUMENT_INFO: Printed Optical Particle Spectrometer counts particles from 140 - 2500 nm in diameter 
DATA_INFO: Particle concentrations reported in number per cubic centimeter, binned to 100 m altitude
UNCERTAINTY: Counting uncertainty dominated by air flow, less than 5 percent
ULOD_FLAG: -77777
ULOD_VALUE: 3000 ~3000 per cm3 (varies depending on flow rate- manufacturer quotes 1250  per cm3 at 1.667 cc/s)
LLOD_FLAG: -88888
LLOD_VALUE: 0 0 (varies depending on data field and measurement precision)
DM_CONTACT_INFO: Troy Thornberry, 325 Broadway R/CSL6, Boulder, CO 80305; troy.thornberry@noaa.gov; 303-497-3373
PROJECT_INFO: B2SAP Boulder, CO, USA
STIPULATIONS_ON_USE: Please contact the PIs for questions regarding applications and uncertainties
OTHER_COMMENTS: POPS bin Edges (nm):  140, 170, 205, 249, 302, 366, 443, 537, 651, 789, 956, 1159, 1404, 1702, 2062, 2500
Calculations assume sulfate refractive index of 1.45+0.00j and extinction wavelength = 532 nm
REVISION: R0
R0: QA/QC data
TIME_START,TIME_STOP,TIME_MID,GPSAlt,GPS_Lon,GPS_Lat,iMet_Pressure,iMet_Temperature,THETA,Aerosol_concentration,Surface_Area_Conc,Volume_density,Effective_radius,Extinction,Bin01,Bin02,Bin03,Bin04,Bin05,Bin06,Bin07,Bin08,Bin09,Bin10,Bin11,Bin12,Bin13,Bin14,Bin15
[from data line 320]
71136,71161,71148,13.6,-104.096,39.8141,146.407,-49.4308,387.354,13.8233,2.74074,147.024,0.160932,0.000868291,3.31225,3.03178,2.73795,2.29721,1.18867,0.734572,0.347252,0.133558,0.0267117,0.0133558,0,0,0,0,0
71162,71188,71175,13.5,-104.092,39.8142,148.652,-49.138,386.184,13.6388,2.76455,148.435,0.161077,0.000904325,3.63801,2.56008,2.63494,2.12591,1.27255,0.778504,0.464108,0.149712,0.0149712,0,0,0,0,0,0
71189,71207,71198,13.4,-104.089,39.8145,150.722,-50.355,382.574,13.5677,2.70821,156.159,0.172983,0.000855979,3.23846,3.1538,2.56114,2.37064,1.16415,0.550327,0.338663,0.126998,0.0423328,0,0.0211664,0,0,0,0
71218,71244,71231,13.3,-104.083,39.8149,153.559,-49.1494,382.597,15.3607,3.19495,194.73,0.182848,0.00105809,3.82892,3.4235,2.8379,2.22978,1.62166,0.900922,0.22523,0.22523,0.022523,0.022523,0,0,0.022523,0,0
71245,71274,71260,13.2,-104.078,39.8151,155.721,-49.0129,381.301,15.1257,3.14985,179.752,0.171201,0.00110951,3.76105,3.27225,2.7563,2.44401,1.38494,0.814669,0.407334,0.190089,0.067889,0.0271556,0,0,0,0,0
71275,71302,71288,13.1,-104.073,39.8153,158.087,-49.358,379.083,14.215,2.92726,195.162,0.200012,0.000957821,3.60316,3.17747,2.44772,2.41731,1.29227,0.80577,0.258454,0.182438,0.0152032,0,0,0,0,0.0152032,0
71303,71328,71316,13,-104.067,39.8151,160.594,-50.2923,375.81,13.8354,2.73035,148.059,0.162681,0.000893887,3.88363,2.67,2.54863,2.34058,1.14428,0.710844,0.312078,0.156039,0.0693506,0,0,0,0,0,0
71336,71359,71348,12.9,-104.062,39.815,163.322,-50.7625,373.21,14.5624,2.63089,133.214,0.151904,0.000756359,4.01503,3.56891,2.67668,2.05531,1.21088,0.589508,0.30272,0.111529,0.0318653,0,0,0,0,0,0
71360,71387,71374,12.8,-104.057,39.815,165.667,-50.3775,372.335,14.8524,2.69182,139.193,0.155129,0.000806498,4.4435,3.58742,2.50032,1.94318,1.29093,0.665846,0.190242,0.190242,0.0407661,0,0,0,0,0,0
71388,71412,71400,12.7,-104.052,39.8149,168.065,-50.3264,370.897,14.3885,2.6747,140.565,0.157661,0.000804571,4.29404,3.0647,2.44137,2.04313,1.59295,0.55407,0.207776,0.138517,0.0346294,0.0173147,0,0,0,0,0
71420,71448,71434,12.6,-104.046,39.815,170.996,-50.6252,368.582,15.54,2.84045,144.943,0.153084,0.000830862,4.57911,3.68434,2.48693,2.28955,1.18425,0.88161,0.276325,0.131584,0.0263167,0,0,0,0,0,0
71449,71478,71464,12.5,-104.04,39.8156,173.603,-50.1029,367.846,15.6421,3.06168,168.629,0.165232,0.00100264,4.11134,3.44427,2.89972,2.66828,1.22523,0.694299,0.340342,0.176978,0.0544548,0.0272274,0,0,0,0,0
71479,71508,71494,12.4,-104.034,39.8161,176.207,-50.1858,366.148,15.7514,3.01149,166.907,0.16627,0.000907982,4.35833,3.53932,2.69105,2.51555,1.46253,0.687388,0.307131,0.146253,0.0146253,0.0146253,0,0.0146253,0,0,0
71509,71537,71523,12.3,-104.029,39.8164,178.872,-50.0948,364.732,16.1296,3.05623,163.72,0.160708,0.000881607,4.36431,3.52502,2.89937,2.67047,1.35813,0.824031,0.381496,0.0762992,0.0152598,0,0.0152598,0,0,0,0
71538,71564,71551,12.2,-104.024,39.8163,181.606,-49.8156,363.612,16.6751,3.15204,164.626,0.156686,0.000944818,4.34803,3.81406,2.94446,2.80715,1.57139,0.625506,0.381406,0.137306,0.0305125,0.0152563,0,0,0,0,0
71565,71590,71578,12.1,-104.021,39.8161,184.413,-50.1304,361.51,17.2697,3.21135,166.092,0.155161,0.000941931,4.31345,4.09061,3.48577,2.83319,1.22559,0.764005,0.39792,0.111417,0.0318336,0.0159168,0,0,0,0,0
71591,71615,71603,12,-104.017,39.8162,187.291,-49.533,360.872,17.2471,3.2595,167.956,0.154584,0.000970784,4.77289,3.49885,3.17559,2.9474,1.52124,0.76062,0.342279,0.209171,0.0190155,0,0,0,0,0,0
71616,71640,71628,11.9,-104.013,39.8166,190.379,-49.7872,358.786,18.568,3.99025,273.132,0.205349,0.00136601,4.17091,4.04388,3.42988,3.53574,1.6726,0.952745,0.508131,0.148205,0.0846885,0,0,0,0,0.0211721,0
71641,71665,71653,11.8,-104.009,39.8168,193.333,-49.4567,357.744,18.9659,3.68026,189.025,0.154085,0.00108574,4.317,4.19056,3.72093,3.50418,1.6979,0.885075,0.451569,0.180628,0.0180628,0,0,0,0,0,0
71666,71692,71679,11.7,-104.005,39.8171,196.275,-49.97,355.384,19.0538,3.72355,209.661,0.168921,0.00118468,5.1487,4.35101,3.37203,2.93693,1.57724,1.06962,0.308197,0.181292,0.0906461,0,0.0181292,0,0,0,0
71695,71724,71710,11.6,-103.999,39.8178,199.623,-50.6261,352.625,20.1864,4.2544,238.49,0.168172,0.00145981,5.03207,3.73535,3.77406,3.58051,1.93541,1.25802,0.599978,0.135479,0.116125,0.0193541,0,0,0,0,0
71725,71761,71743,11.5,-103.994,39.8181,202.542,-50.523,351.331,21.1609,4.18482,249.26,0.178689,0.00130944,5.55935,4.37965,4.45338,3.43588,1.74006,0.855284,0.39815,0.221194,0.0737314,0,0.0147463,0.0294926,0,0,0
71764,71803,71784,11.4,-103.988,39.818,205.812,-51.2351,348.613,21.1841,4.08047,218.066,0.160324,0.00120712,5.18156,4.7839,3.9404,3.68734,2.03647,0.915811,0.349454,0.241003,0.0361504,0,0,0.0120501,0,0,0
71804,71839,71822,11.3,-103.982,39.8178,209.002,-51.4955,346.678,21.5745,4.23428,241.985,0.171447,0.00124713,5.2888,4.85596,4.2608,3.4898,1.85311,1.24442,0.392264,0.108211,0.0405791,0,0.0270527,0.0135264,0,0,0
71840,71872,71856,11.2,-103.977,39.8174,212.037,-51.6019,345.077,21.1965,4.26967,245.589,0.172559,0.00140132,5.10898,5.00978,3.83587,3.52173,1.96754,0.958967,0.429882,0.248009,0.0661357,0.0330678,0,0.0165339,0,0,0
71873,71902,71888,11.1,-103.973,39.817,215.262,-51.4208,343.876,22.0837,4.26043,222.913,0.156965,0.00126608,5.37495,5.15171,4.19006,3.1082,2.43848,1.21924,0.429309,0.120207,0.0171724,0.0343447,0,0,0,0,0
71903,71928,71916,11,-103.969,39.8167,218.442,-51.1077,342.927,21.5697,4.04054,207.55,0.154101,0.00118711,5.12665,5.07521,4.57798,3.58351,1.56029,0.960176,0.411504,0.222898,0.051438,0,0,0,0,0,0
71934,71963,71948,10.9,-103.966,39.8164,222.203,-51.6625,340.408,21.329,4.01135,224.786,0.168112,0.00122546,6.12583,4.56653,3.99107,3.56412,1.54074,0.965282,0.259884,0.204194,0.0556894,0.0371262,0.0185631,0,0,0,0
71964,71996,71980,10.8,-103.962,39.8158,225.648,-50.7667,340.276,21.7466,3.90827,199.984,0.153508,0.00111848,5.89306,5.38295,3.89291,3.32911,2.01357,0.63092,0.362443,0.147662,0.0805429,0.0134238,0,0,0,0,0
71997,72030,72014,10.7,-103.958,39.8153,229.111,-51.3459,337.92,21.6653,3.97425,223.289,0.168552,0.00116067,6.28646,5.10583,4.0172,3.09723,1.73261,0.81264,0.383321,0.153328,0.0153328,0.0306656,0.0306656,0,0,0,0
72031,72065,72048,10.6,-103.954,39.8151,232.746,-51.7972,335.722,20.8597,3.8007,198.802,0.15692,0.00115818,6.2903,4.90273,3.70018,2.88305,1.35673,0.971296,0.555026,0.138757,0.0462522,0.0154174,0,0,0,0,0
72066,72095,72080,10.5,-103.95,39.8151,236.166,-51.727,334.435,21.6421,3.88152,200.596,0.15504,0.00110919,6.29803,5.0206,3.93627,3.29755,1.52995,1.01006,0.371346,0.118831,0.0148538,0.0445615,0,0,0,0,0
72100,72132,72116,10.4,-103.946,39.8154,239.975,-51.0326,333.943,20.7554,3.48405,181.831,0.156568,0.000937776,7.24158,4.71843,3.39271,2.87953,1.36849,0.698499,0.256591,0.128296,0.0427652,0.0142551,0,0.0142551,0,0,0
72133,72162,72148,10.3,-103.943,39.8154,243.843,-52.6274,330.039,19.9321,3.39482,173.228,0.153082,0.00097281,6.50137,4.78962,3.57164,2.63347,1.21798,0.60899,0.411479,0.115214,0.0658367,0.0164592,0,0,0,0,0
72163,72193,72178,10.2,-103.94,39.8148,247.52,-52.96,328.137,21.4259,3.66257,184.097,0.150794,0.00101667,7.22869,4.64569,3.6608,3.02899,1.52379,0.929137,0.167245,0.130079,0.111496,0,0,0,0,0,0
72194,72225,72210,10.1,-103.936,39.8141,251.383,-53.0532,326.554,22.4744,3.99817,227.03,0.17035,0.00118873,7.68204,4.94866,3.94821,2.8763,1.6436,0.661013,0.375169,0.250113,0.0535956,0,0.0178652,0.0178652,0,0,0
72226,72259,72242,10,-103.933,39.8134,255.258,-53.3292,324.714,19.4686,3.17296,168.398,0.159218,0.00086006,7.11213,4.63366,3.23279,2.42459,1.09556,0.520838,0.251439,0.10776,0.0538798,0.0179599,0.0179599,0,0,0,0
72260,72295,72278,9.9,-103.929,39.8126,259.497,-53.6032,322.788,14.9806,2.44935,127.88,0.156629,0.000650306,5.73643,3.1913,2.43963,1.91214,0.870355,0.527488,0.118685,0.145059,0.0263744,0,0,0.0131872,0,0,0
72296,72337,72316,9.8,-103.924,39.8126,263.607,-54.1535,320.541,13.558,2.11387,106.164,0.150668,0.00052812,5.39623,3.26022,1.85495,1.56266,0.798192,0.427202,0.146148,0.0899372,0.0112421,0,0.0112421,0,0,0,0
72338,72382,72360,9.7,-103.92,39.8126,267.794,-55.1403,317.666,12.1653,1.89087,92.1209,0.146156,0.000498377,5.09977,2.72961,1.59508,1.33672,0.79754,0.292057,0.224659,0.0673978,0.011233,0.011233,0,0,0,0,0
72383,72423,72403,9.6,-103.916,39.812,272.125,-55.4882,315.698,5.71941,0.864872,47.6631,0.16533,0.000211476,2.65402,1.38009,0.530804,0.517534,0.384833,0.145971,0.0796206,0.0132701,0,0,0.0132701,0,0,0,0
72424,72461,72442,9.5,-103.913,39.8116,276.487,-55.0675,314.878,5.11267,0.692508,30.8977,0.133851,0.000154875,2.61259,1.00003,0.662522,0.425014,0.212507,0.100003,0.0875029,0,0.0125004,0,0,0,0,0,0
72462,72496,72479,9.4,-103.912,39.811,280.813,-54.5177,314.277,4.50357,0.634664,32.2987,0.152673,0.00018389,2.41582,0.999136,0.447374,0.223687,0.208775,0.1193,0.029825,0.0149125,0.0447374,0,0,0,0,0,0
72497,72532,72514,9.3,-103.91,39.8101,285.303,-53.4871,314.333,4.40568,0.624266,28.6484,0.137674,0.000150505,2.33054,0.814092,0.383102,0.415027,0.239439,0.143663,0.0478878,0.0319252,0,0,0,0,0,0,0
72533,72565,72549,9.2,-103.909,39.8089,289.715,-52.8169,313.903,2.86354,0.356601,16.2413,0.136634,8.1687e-05,1.61182,0.668732,0.205764,0.222911,0.0857349,0.0342939,0,0.017147,0.017147,0,0,0,0,0,0
72566,72601,72584,9.1,-103.907,39.8072,294.483,-51.942,313.687,3.00987,0.41542,20.2843,0.146485,0.000119111,1.69674,0.61968,0.295085,0.147543,0.10328,0.0295085,0.0737714,0.0442628,0,0,0,0,0,0,0
72603,72634,72618,9,-103.905,39.8054,298.934,-51.2613,313.31,2.82849,0.343341,14.7226,0.128641,6.82258e-05,1.62034,0.56854,0.270057,0.213203,0.0994946,0.028427,0.0142135,0,0.0142135,0,0,0,0,0,0
72637,72672,72654,8.9,-103.904,39.8034,303.352,-50.0825,313.66,2.88644,0.698118,78.0303,0.335317,0.000310095,1.64418,0.40191,0.255761,0.255761,0.109612,0.0365373,0.0730745,0.0365373,0,0.0365373,0,0,0.0365373,0,0
72677,72712,72694,8.8,-103.901,39.8011,308.307,-49.2925,313.308,3.14914,0.38896,15.9763,0.123224,7.23798e-05,1.85519,0.576823,0.296207,0.171488,0.0935389,0.140308,0.0155898,0,0,0,0,0,0,0,0
72713,72750,72732,8.7,-103.899,39.7988,313.121,-48.2194,313.422,2.80188,0.33982,14.32,0.12642,6.78339e-05,1.54104,0.658443,0.266179,0.196132,0.0700471,0.0280188,0.0140094,0.0280188,0,0,0,0,0,0,0
72753,72785,72769,8.6,-103.896,39.7966,317.884,-47.6232,312.903,2.36773,0.31174,15.1507,0.145801,8.55676e-05,1.44523,0.430495,0.169123,0.153748,0.0768742,0.0153748,0.0614994,0,0.0153748,0,0,0,0,0,0
72786,72820,72803,8.5,-103.893,39.7945,322.822,-47.0763,312.287,2.5292,0.327988,14.8352,0.135692,7.32776e-05,1.40867,0.512242,0.240114,0.144068,0.144068,0.0640303,0,0,0.0160076,0,0,0,0,0,0
72821,72854,72838,8.4,-103.89,39.7926,327.629,-46.4479,311.829,1.6996,0.296659,24.246,0.245191,9.5111e-05,0.903389,0.444039,0.0612467,0.107182,0.0765584,0.045935,0.045935,0,0,0,0.0153117,0,0,0,0
72855,72887,72871,8.3,-103.887,39.7906,332.903,-45.2152,312.095,1.88936,0.2866,14.4234,0.150978,8.4487e-05,0.952616,0.396923,0.190523,0.0793847,0.190523,0.0317539,0,0.0476308,0,0,0,0,0,0,0
72888,72919,72904,8.2,-103.885,39.789,337.762,-44.6548,311.573,2.07176,0.263848,10.8333,0.123176,4.86499e-05,1.16536,0.295966,0.240472,0.221974,0.110987,0,0.0369957,0,0,0,0,0,0,0,0
72920,72953,72936,8.1,-103.882,39.7876,342.887,-43.7896,311.413,2.34772,0.291095,12.406,0.127855,6.03411e-05,1.32355,0.472696,0.252105,0.157565,0.0787827,0.0157565,0.0315131,0.0157565,0,0,0,0,0,0,0
72954,72987,72970,8,-103.88,39.7859,347.974,-42.9144,311.289,1.54785,0.194118,7.72515,0.119388,3.26283e-05,0.727623,0.383656,0.251361,0.0661475,0.079377,0.026459,0.0132295,0,0,0,0,0,0,0,0
72988,73021,73004,7.9,-103.878,39.7841,352.897,-42.3504,310.794,1.33829,0.166139,6.89596,0.124522,3.23041e-05,0.811993,0.240591,0.0902215,0.0601477,0.0902215,0.0300738,0.0150369,0,0,0,0,0,0,0,0
73022,73055,73038,7.8,-103.876,39.7821,358.257,-41.3413,310.815,1.06394,0.109133,3.5511,0.0976175,8.96736e-06,0.552169,0.323221,0.0942727,0.0808052,0.0134675,0,0,0,0,0,0,0,0,0,0
73056,73093,73074,7.7,-103.874,39.7799,363.849,-40.3774,310.732,1.27688,0.148589,5.60809,0.113227,2.12976e-05,0.672042,0.309139,0.16129,0.0672042,0.0268817,0.0403225,0,0,0,0,0,0,0,0,0
73094,73129,73112,7.6,-103.873,39.7777,369.302,-39.464,310.631,1.60533,0.392738,58.5636,0.447349,0.000176573,0.830346,0.332138,0.110713,0.110713,0.110713,0.0276782,0.0553564,0.0138391,0,0,0,0,0,0.0138391,0
73130,73165,73148,7.5,-103.871,39.7757,374.636,-38.7694,310.274,1.75075,0.235528,11.0191,0.140354,6.09213e-05,0.868889,0.479834,0.194527,0.0648425,0.077811,0.0129685,0.025937,0.025937,0,0,0,0,0,0,0
73166,73202,73184,7.4,-103.87,39.7738,379.932,-37.9094,310.165,1.9537,0.205533,7.65763,0.111772,2.99015e-05,1.23392,0.372746,0.231359,0.0514132,0.0385599,0.0128533,0,0.0128533,0,0,0,0,0,0,0
