data/B2SAP/Locations/Boulder/NOAA-POPS-B2SAP_GMLBalloon_20240129_R0.ict
82,1001
Thornberry, T. D.
NOAA Chemical Sciences Laboratory
Portable Optical Particle Spectrometer (POPS)
Balloon Baseline Stratospheric Aerosol Profiles (B2SAP)
1,1
2024,01,29,2024,05,30
0
TIME_START,s,Seconds since midnight UTC on flight start day,Start time of 100 m altitude bin in UTC_seconds_since_midnight
49
1.0,1.0,1.0,1.0,1.0,1.0,1.0,1.0,1.0,1.0,1.0,1.0,1.0,1.0,1.0,1.0,1.0,1.0,1.0,1.0,1.0,1.0,1.0,1.0,1.0,1.0,1.0,1.0,1.0,1.0,1.0,1.0,1.0,1.0,1.0,1.0,1.0,1.0,1.0,1.0,1.0,1.0,1.0,1.0,1.0,1.0,1.0,1.0,1.0
99999,99999,99999,99999,99999,99999,99999,99999,99999,99999,99999,99999,99999,99999,99999,99999,99999,99999,99999,99999,99999,99999,99999,99999,99999,99999,99999,99999,99999,99999,99999,99999,99999,99999,99999,99999,99999,99999,99999,99999,99999,99999,99999,99999,99999,99999,99999,99999,99999
TIME_STOP,s,End time of 100 m altitude bin in UTC seconds since midnight,
TIME_MID,s,Mid time of 100 m altitude in UTC seconds since midnight,
GPSAlt,km,GPS reported altitude above sea level (km),
GPS_Lon,deg,GPS reported longitude,
GPS_Lat,deg,GPS reported latitude,
iMet_Pressure,hPa,Pressure reported (hPa),
iMet_Temperature,degrees C,Ambient temperature (oC),
THETA,K,Potential temperature from iMet,
Aerosol_concentration,cm^-3,Aerosol concentration,
Surface_Area_Conc,um^2 cm^-3,Surface area concentration,
Volume_density,um^3 cm^-3,Volume density,
Effective_radius,um,Effective radius,
Extinction,km^-1,Extinction,
Bin01,cm^-3,particle concentration in size range [140 - 146.14 nm],
Bin02,cm^-3,particle concentration in size range [146.14 - 152.56 nm],
Bin03,cm^-3,particle concentration in size range [152.56 - 159.25 nm],
Bin04,cm^-3,particle concentration in size range [159.25 - 166.24 nm],
Bin05,cm^-3,particle concentration in size range [166.24 - 173.54 nm],
Bin06,cm^-3,particle concentration in size range [173.54 - 181.16 nm],
Bin07,cm^-3,particle concentration in size range [181.16 - 189.11 nm],
Bin08,cm^-3,particle concentration in size range [189.11 - 197.41 nm],
Bin09,cm^-3,particle concentration in size range [197.41 - 206.07 nm],
Bin10,cm^-3,particle concentration in size range [206.07 - 215.12 nm],
Bin11,cm^-3,particle concentration in size range [215.12 - 224.56 nm],
Bin12,cm^-3,particle concentration in size range [224.56 - 234.41 nm],
Bin13,cm^-3,particle concentration in size range [234.41 - 244.70 nm],
Bin14,cm^-3,particle concentration in size range [244.70 - 361.30 nm],
Bin15,cm^-3,particle concentration in size range [361.30 - 472.80 nm],
Bin16,cm^-3,particle concentration in size range [472.80 - 567.00 nm],
Bin17,cm^-3,particle concentration in size range [567.00 - 610.66 nm],
Bin18,cm^-3,particle concentration in size range [610.66 - 657.69 nm],
Bin19,cm^-3,particle concentration in size range [657.69 - 708.33 nm],
Bin20,cm^-3,particle concentration in size range [708.33 - 762.88 nm],
Bin21,cm^-3,particle concentration in size range [762.88 - 821.62 nm],
Bin22,cm^-3,particle concentration in size range [821.62 - 884.89 nm],
Bin23,cm^-3,particle concentration in size range [884.89 - 953.03 nm],
Bin24,cm^-3,particle concentration in size range [953.03 - 1026.42 nm],
Bin25,cm^-3,particle concentration in size range [1026.42 - 1105.46 nm],
Bin26,cm^-3,particle concentration in size range [1105.46 - 1190.59 nm]],
[...]
LOCATION: Boulder, CO, USA
ASSOCIATED_DATA: N/A
INSTRUMENT_INFO: Printed Optical Particle Spectrometer counts particles from 140 - 2500 nm in diameter 
DATA_INFO: Particle concentrations reported in number per cubic centimeter, binned to 100 m altitude
UNCERTAINTY: Counting uncertainty dominated by air flow, less than 5 percent
ULOD_FLAG: -77777
ULOD_VALUE: 3000 ~3000 per cm3 (varies depending on flow rate- manufacturer quotes 1250  per cm3 at 1.667 cc/s)
LLOD_FLAG: -88888
LLOD_VALUE: 0 0 (varies depending on data field and measurement precision)
DM_CONTACT_INFO: Troy Thornberry, 325 Broadway R/CSL6, Boulder, CO 80305; troy.thornberry@noaa.gov; 303-497-3373
PROJECT_INFO: B2SAP Boulder, CO, USA
STIPULATIONS_ON_USE: Please contact the PIs for questions regarding applications and uncertainties
OTHER_COMMENTS: POPS bin Edges (nm):  140, 146.14, 152.56, 159.25, 166.24, 173.54, 181.16, 189.11, 197.41, 206.07, 215.12, 224.56, 234.41, 244.70, 361.30, 472.80, 567.00, 610.66, 657.69, 708.33, 762.88, 821.62, 884.89, 953.03, 1026.42, 1105.46, 1190.59, 1282.27, 1381.01, 1487.36, 1601.89, 1725.25, 1858.10, 2001.18, 2155.28, 2321.25, 2500
Calculations assume sulfate refractive index of 1.45+0.00j and extinction wavelength = 532 nm
REVISION: R0
R0: QA/QC data
TIME_START,TIME_STOP,TIME_MID,GPSAlt,GPS_Lon,GPS_Lat,iMet_Pressure,iMet_Temperature,THETA,Aerosol_concentration,Surface_Area_Conc,Volume_density,Effective_radius,Extinction,Bin01,Bin02,Bin03,Bin04,Bin05,Bin06,Bin07,Bin08,Bin09,Bin10,Bin11,Bin12,Bin13,Bin14,Bin15,Bin16,Bin17,Bin18,Bin19,Bin20,Bin21,Bin22,Bin23,Bin24,Bin25,Bin26,Bin27,Bin28,Bin29,Bin30,Bin31,Bin32,Bin33,Bin34,Bin35,Bin36
[from data line 251]
66764,66784,66774,26.7,-104.782,39.8281,19.611,-59.763,656.187,1.10855,0.28567,18.1877,0.191001,0.000129198,0.102103,0.0583445,0.145861,0.116689,0.0437584,0.0437584,0.0291723,0.0145861,0.0291723,0.0145861,0.0583445,0.0145861,0.0145861,0.160447,0.18962,0.0437584,0.0145861,0.0145861,0,0,0,0,0,0,0,0,0,0,0,0,0,0,0,0,0,0
66785,66806,66796,26.8,-104.782,39.8286,19.3055,-59.6045,659.627,0.927943,0.19831,10.9929,0.166299,6.91413e-05,0.147933,0.134484,0.0403453,0.0268969,0.0268969,0.0134484,0.0268969,0.0537938,0.0134484,0.0134484,0.0403453,0.0134484,0.0268969,0.228624,0.0806907,0.0403453,0,0,0,0,0,0,0,0,0,0,0,0,0,0,0,0,0,0,0,0
66807,66827,66817,26.9,-104.782,39.829,18.9944,-59.2411,663.825,0.900989,0.169544,9.15141,0.16193,5.72555e-05,0.10011,0.10011,0.0834249,0.0500549,0.03337,0.0834249,0.0667399,0.016685,0.03337,0,0.016685,0.0500549,0.03337,0.150165,0.03337,0.0500549,0,0,0,0,0,0,0,0,0,0,0,0,0,0,0,0,0,0,0,0
66828,66848,66838,27,-104.782,39.8293,18.71,-59.0325,667.341,0.960236,0.216328,12.183,0.168951,7.76425e-05,0.091451,0.0762092,0.0609674,0.0457255,0.0762092,0.0609674,0.0609674,0.0152418,0,0.0304837,0.0152418,0.0152418,0.0152418,0.259111,0.091451,0.0457255,0,0,0,0,0,0,0,0,0,0,0,0,0,0,0,0,0,0,0,0
66849,66868,66858,27.1,-104.783,39.8297,18.43,-59.1245,669.932,0.89876,0.163684,8.86062,0.162398,5.57918e-05,0.170454,0.108471,0.0929752,0.0619834,0.0774793,0,0.0309917,0.0154959,0.0619834,0,0.0154959,0.0154959,0.0464876,0.0774793,0.0929752,0.0309917,0,0,0,0,0,0,0,0,0,0,0,0,0,0,0,0,0,0,0,0
66869,66889,66879,27.2,-104.783,39.8298,18.12,-58.9295,673.802,0.958674,0.18713,10.7681,0.172631,7.10776e-05,0.141444,0.110012,0.0314319,0.125728,0.0314319,0.0314319,0.0628639,0.0314319,0.0471479,0.0314319,0.015716,0.015716,0.0471479,0.125728,0.0628639,0.0314319,0,0.015716,0,0,0,0,0,0,0,0,0,0,0,0,0,0,0,0,0,0
66890,66911,66900,27.3,-104.783,39.8295,17.8365,-59.083,676.359,0.764615,0.160252,9.13323,0.170979,6.00065e-05,0.0955769,0.0796474,0.0637179,0.031859,0,0.031859,0.0477884,0.0477884,0.031859,0.031859,0.0477884,0.0159295,0.031859,0.0955769,0.0637179,0.0477884,0,0,0,0,0,0,0,0,0,0,0,0,0,0,0,0,0,0,0,0
66912,66933,66922,27.4,-104.783,39.8292,17.5624,-59.0681,679.406,0.665285,0.141718,8.88995,0.18819,6.3463e-05,0.0309435,0.061887,0.061887,0.0773587,0.061887,0.0309435,0.0464152,0.061887,0.0464152,0.0154717,0,0,0,0.0928305,0.0154717,0.0309435,0.0309435,0,0,0,0,0,0,0,0,0,0,0,0,0,0,0,0,0,0,0
66934,66954,66944,27.5,-104.783,39.8294,17.2929,-58.4414,684.413,0.831852,0.188096,11.473,0.182986,7.97923e-05,0.0941719,0.0313906,0.141258,0.0470859,0.0470859,0.0313906,0.0627813,0.0313906,0.0156953,0.0313906,0.0313906,0,0,0.125563,0.0784766,0.0470859,0.0156953,0,0,0,0,0,0,0,0,0,0,0,0,0,0,0,0,0,0,0
66955,66975,66965,27.6,-104.783,39.8298,17.0176,-57.3443,691.071,0.52138,0.115599,6.76033,0.175442,4.53446e-05,0.0315988,0.0631976,0.078997,0.0157994,0.0315988,0.0157994,0.0315988,0,0.0473982,0,0,0.0157994,0.0315988,0.0631976,0.0631976,0.0315988,0,0,0,0,0,0,0,0,0,0,0,0,0,0,0,0,0,0,0,0
66976,66996,66986,27.7,-104.784,39.83,16.7737,-56.2558,697.424,0.652132,0.159871,10.0702,0.188969,7.13845e-05,0.0881259,0.0528756,0.0705008,0.0881259,0.0352504,0.0176252,0,0.0176252,0,0.0176252,0,0,0,0.141002,0.0705008,0.0352504,0.0176252,0,0,0,0,0,0,0,0,0,0,0,0,0,0,0,0,0,0,0
66997,67018,67008,27.8,-104.785,39.8301,16.5086,-55.7138,702.36,0.651729,0.128797,7.53394,0.175484,5.17031e-05,0.0814661,0.0814661,0.0651729,0.0651729,0.0325864,0.0488797,0.0162932,0.0162932,0.0488797,0.0162932,0.0162932,0.0162932,0,0.0488797,0.0488797,0.0488797,0,0,0,0,0,0,0,0,0,0,0,0,0,0,0,0,0,0,0,0
67019,67039,67029,27.9,-104.786,39.8305,16.255,-55.522,706.099,0.466288,0.0709929,3.26387,0.137924,1.65994e-05,0.120889,0.0690796,0.0345398,0.0345398,0,0.0172699,0.0172699,0,0,0.0172699,0.0345398,0.0172699,0,0.0690796,0.0345398,0,0,0,0,0,0,0,0,0,0,0,0,0,0,0,0,0,0,0,0,0
67040,67059,67050,28,-104.786,39.8314,16.0161,-55.6178,708.778,0.468009,0.0772877,3.63262,0.141004,1.87558e-05,0.117002,0.0195004,0.0390007,0,0.0195004,0,0.0585011,0.0390007,0.0195004,0,0.0195004,0,0.0195004,0.0780015,0.0390007,0,0,0,0,0,0,0,0,0,0,0,0,0,0,0,0,0,0,0,0,0
67060,67078,67069,28.1,-104.785,39.8325,15.7907,-55.85,710.895,0.434852,0.0541341,1.99041,0.110304,6.53019e-06,0.051159,0.051159,0.0255795,0.051159,0.051159,0.0255795,0.0255795,0,0.0255795,0,0.0255795,0,0.051159,0.051159,0,0,0,0,0,0,0,0,0,0,0,0,0,0,0,0,0,0,0,0,0,0
67079,67096,67088,28.2,-104.785,39.8335,15.5169,-55.7906,714.653,0.520603,0.113147,6.82136,0.180863,4.77107e-05,0.0452698,0.0679048,0.0226349,0.0226349,0.0679048,0.0452698,0.0452698,0,0.0226349,0.0226349,0,0,0.0226349,0.0452698,0.0452698,0.0452698,0,0,0,0,0,0,0,0,0,0,0,0,0,0,0,0,0,0,0,0
67097,67116,67106,28.3,-104.784,39.834,15.2781,-56.1819,716.526,0.60298,0.082461,3.67992,0.133878,1.85612e-05,0.185532,0.0231915,0.0695746,0.0231915,0.0927661,0.0231915,0,0.046383,0.0231915,0,0,0.0231915,0,0.046383,0.046383,0,0,0,0,0,0,0,0,0,0,0,0,0,0,0,0,0,0,0,0,0
67117,67136,67126,28.4,-104.784,39.8344,15.0637,-56.3437,718.893,0.640086,0.109862,5.66586,0.154718,3.38354e-05,0.140019,0.0800107,0.060008,0.0200027,0.0400054,0.0200027,0.0200027,0.0200027,0.0400054,0.0200027,0,0.0200027,0,0.100013,0.0400054,0.0200027,0,0,0,0,0,0,0,0,0,0,0,0,0,0,0,0,0,0,0,0
67137,67158,67148,28.5,-104.785,39.8348,14.822,-56.6907,721.071,0.463812,0.0704258,3.1241,0.13308,1.49162e-05,0.128837,0,0,0.0257673,0.0257673,0.0773019,0.0257673,0.0257673,0,0.0257673,0,0.0257673,0,0.0773019,0.0257673,0,0,0,0,0,0,0,0,0,0,0,0,0,0,0,0,0,0,0,0,0
67159,67183,67171,28.6,-104.786,39.8351,14.6138,-57.09,722.654,0.672725,0.0859797,3.57285,0.124664,1.61926e-05,0.130808,0.0747473,0.0747473,0.0186868,0.0747473,0.0747473,0.0186868,0.0373736,0.0373736,0.0186868,0.0186868,0.0186868,0,0.0373736,0.0373736,0,0,0,0,0,0,0,0,0,0,0,0,0,0,0,0,0,0,0,0,0
67184,67210,67197,28.7,-104.787,39.8353,14.3855,-56.9995,726.214,0.415979,0.0661988,3.36309,0.152409,2.00818e-05,0.0990425,0.039617,0.0594255,0.0594255,0.0198085,0,0,0,0.0198085,0,0,0,0.0198085,0.079234,0,0.0198085,0,0,0,0,0,0,0,0,0,0,0,0,0,0,0,0,0,0,0,0
67211,67248,67230,28.8,-104.787,39.8357,14.1603,-56.9976,729.501,0.446201,0.0662596,2.81922,0.127644,1.23794e-05,0.0418313,0.0836627,0.0418313,0.0278876,0.0278876,0,0.0139438,0.0278876,0.0139438,0,0.0278876,0.0278876,0.0139438,0.0836627,0.0139438,0,0,0,0,0,0,0,0,0,0,0,0,0,0,0,0,0,0,0,0,0
67249,67328,67288,28.9,-104.788,39.8359,13.9688,-55.1481,738.612,0.476395,0.0516004,1.84241,0.107116,6.24321e-06,0.135097,0.0782142,0.0355519,0.0213311,0.0213311,0.0213311,0.0355519,0.00711038,0.0355519,0.0284415,0.00711038,0,0.0142208,0.0284415,0.00711038,0,0,0,0,0,0,0,0,0,0,0,0,0,0,0,0,0,0,0,0,0
67296,67336,67316,28.9,-104.789,39.8359,14.0083,-51.1287,751.622,0.573036,0.0819931,3.44064,0.125888,1.49744e-05,0.0347294,0.104188,0.0520942,0.0694589,0.0347294,0,0.0520942,0.0173647,0.0347294,0.0173647,0.0173647,0.0173647,0,0.104188,0.0173647,0,0,0,0,0,0,0,0,0,0,0,0,0,0,0,0,0,0,0,0,0
67337,67363,67350,28.8,-104.789,39.836,14.1912,-52.0817,745.63,0.517922,0.120582,9.32961,0.232115,6.64076e-05,0.0668287,0.0501215,0.0501215,0.0334143,0.0167072,0.0334143,0.0501215,0.0334143,0.0334143,0,0.0167072,0.0167072,0,0.0668287,0.0167072,0,0,0.0167072,0,0,0.0167072,0,0,0,0,0,0,0,0,0,0,0,0,0,0,0
67364,67383,67374,28.7,-104.789,39.8363,14.3964,-52.2671,741.958,0.398219,0.0544463,2.14845,0.11838,8.15363e-06,0.0284442,0,0.0853326,0.113777,0.0284442,0,0,0,0,0,0.0284442,0,0.0284442,0.0853326,0,0,0,0,0,0,0,0,0,0,0,0,0,0,0,0,0,0,0,0,0,0
67384,67405,67394,28.6,-104.79,39.8365,14.6032,-52.8532,736.976,0.390049,0.0526504,2.01509,0.114819,7.06674e-06,0.0821156,0.0205289,0,0.0410578,0,0.0205289,0.0205289,0.0410578,0.0205289,0.0205289,0.0205289,0.0205289,0.0205289,0.0615867,0,0,0,0,0,0,0,0,0,0,0,0,0,0,0,0,0,0,0,0,0,0
67406,67423,67414,28.5,-104.791,39.8367,14.775,-52.77,734.789,0.969995,0.100307,3.30248,0.098771,8.86497e-06,0.258665,0.0646663,0.0646663,0,0.0646663,0.193999,0.129333,0.0646663,0,0.0646663,0,0,0,0.0646663,0,0,0,0,0,0,0,0,0,0,0,0,0,0,0,0,0,0,0,0,0,0
67433,67444,67438,28.4,-104.792,39.8371,15.0643,-52.5143,731.581,1.02738,0.201768,11.0901,0.164894,7.01832e-05,0.270362,0.162217,0,0,0,0,0.0540724,0.108145,0.0540724,0,0,0,0.0540724,0.21629,0.0540724,0.0540724,0,0,0,0,0,0,0,0,0,0,0,0,0,0,0,0,0,0,0,0
67451,67469,67460,28.3,-104.792,39.8374,15.2767,-52.4942,728.725,1.23119,0.157495,6.07935,0.1158,2.30441e-05,0.126276,0.126276,0.0631378,0.0631378,0.157844,0.0947066,0.0947066,0.0631378,0.126276,0.0947066,0.0631378,0,0.0315689,0.0947066,0.0315689,0,0,0,0,0,0,0,0,0,0,0,0,0,0,0,0,0,0,0,0,0
67473,67490,67482,28.2,-104.792,39.8379,15.545,-52.3183,725.69,0.737353,0.117436,6.2277,0.159092,3.96468e-05,0.184338,0.10241,0.0409641,0.0409641,0.020482,0.0409641,0.10241,0.020482,0.020482,0,0.0409641,0,0,0.0614461,0.020482,0.0409641,0,0,0,0,0,0,0,0,0,0,0,0,0,0,0,0,0,0,0,0
67491,67510,67500,28.1,-104.792,39.8387,15.7711,-52.7611,721.256,0.764457,0.122493,6.20663,0.152008,3.67927e-05,0.191114,0.0764457,0.0382228,0.114669,0.0382228,0.0191114,0.0191114,0.0382228,0,0.0573343,0.0191114,0,0,0.0764457,0.0573343,0.0191114,0,0,0,0,0,0,0,0,0,0,0,0,0,0,0,0,0,0,0,0
67511,67532,67522,28,-104.792,39.8399,16.0159,-52.5395,718.807,0.604747,0.0961594,4.29841,0.134103,2.04747e-05,0.0653781,0.0490336,0.0653781,0.0490336,0.0326891,0.0163445,0.0326891,0.0490336,0.0163445,0.0163445,0.0326891,0.0326891,0,0.114412,0.0326891,0,0,0,0,0,0,0,0,0,0,0,0,0,0,0,0,0,0,0,0,0
67533,67549,67541,27.9,-104.792,39.8409,16.2576,-52.5435,715.722,0.869331,0.155166,7.87317,0.152221,4.54247e-05,0.0620951,0.186285,0.0413967,0.0413967,0.0413967,0.0827934,0,0.0413967,0.0620951,0.0206984,0.0206984,0,0.0413967,0.144889,0.0620951,0.0206984,0,0,0,0,0,0,0,0,0,0,0,0,0,0,0,0,0,0,0,0
67550,67568,67559,27.8,-104.793,39.8414,16.5105,-52.4874,712.761,0.69921,0.118081,5.99773,0.152379,3.52152e-05,0.0920013,0.073601,0.0368005,0.073601,0.073601,0.073601,0.0184003,0.0184003,0,0,0.0184003,0.073601,0.0184003,0.0552008,0.0552008,0.0184003,0,0,0,0,0,0,0,0,0,0,0,0,0,0,0,0,0,0,0,0
67569,67585,67577,27.7,-104.794,39.8417,16.7618,-52.8518,708.515,0.927637,0.134527,6.15898,0.137347,3.19818e-05,0.221826,0.10083,0.0806641,0.040332,0.0604981,0,0.040332,0.10083,0,0.040332,0.020166,0.040332,0.020166,0.120996,0.020166,0.020166,0,0,0,0,0,0,0,0,0,0,0,0,0,0,0,0,0,0,0,0
67586,67603,67594,27.6,-104.794,39.8419,17.0222,-53.8367,702.25,0.815204,0.177189,9.58984,0.162367,5.82468e-05,0.0758329,0.0568747,0.0568747,0.0379164,0.0568747,0.0189582,0.0568747,0.0189582,0,0,0.0189582,0.0379164,0.0379164,0.265415,0.0379164,0.0379164,0,0,0,0,0,0,0,0,0,0,0,0,0,0,0,0,0,0,0,0
67604,67620,67612,27.5,-104.794,39.8424,17.2924,-54.8453,695.879,1.24994,0.269725,15.6379,0.173932,0.000104365,0.0992013,0.138882,0.119042,0.158722,0.0396805,0.0595208,0.0595208,0,0.079361,0,0.079361,0,0.0198403,0.198403,0.119042,0.079361,0,0,0,0,0,0,0,0,0,0,0,0,0,0,0,0,0,0,0,0
67621,67636,67628,27.4,-104.794,39.8426,17.5731,-55.7308,689.877,0.770171,0.167744,9.87889,0.176678,6.69498e-05,0.179707,0.0770171,0.0256724,0.0513447,0.0513447,0,0.0256724,0.0256724,0.0256724,0,0.0256724,0.0256724,0,0.128362,0.0770171,0.0513447,0,0,0,0,0,0,0,0,0,0,0,0,0,0,0,0,0,0,0,0
67637,67652,67644,27.3,-104.794,39.8426,17.8287,-55.9525,686.334,0.929015,0.21849,14.2465,0.195614,0.000101357,0.0619343,0.123869,0.0619343,0.0412896,0.123869,0.0619343,0.0412896,0.0412896,0.0206448,0.0206448,0,0.0206448,0.0206448,0.144513,0.0619343,0.0619343,0,0,0.0206448,0,0,0,0,0,0,0,0,0,0,0,0,0,0,0,0,0
67653,67667,67660,27.2,-104.795,39.8421,18.1233,-56.0787,682.73,0.841528,0.163477,9.40379,0.172571,6.34439e-05,0.194199,0.0431553,0.107888,0,0,0.0431553,0.0863106,0.0431553,0,0.0431553,0.0215777,0.064733,0.0215777,0.064733,0.0431553,0.064733,0,0,0,0,0,0,0,0,0,0,0,0,0,0,0,0,0,0,0,0
67668,67683,67676,27.1,-104.795,39.842,18.395,-55.8794,680.463,1.03988,0.176464,9.39961,0.159799,5.79744e-05,0.159982,0.139985,0.0799912,0.0999889,0.0399956,0.0799912,0.0399956,0.0599934,0.0399956,0,0.0199978,0.0599934,0,0.139985,0.0399956,0.0199978,0.0199978,0,0,0,0,0,0,0,0,0,0,0,0,0,0,0,0,0,0,0
67684,67698,67691,27,-104.795,39.8422,18.716,-56.0047,676.711,1.0501,0.251333,16.1755,0.193077,0.000117272,0.189017,0.0420038,0.147013,0.0630057,0.126011,0.0210019,0,0.0210019,0.0420038,0.0420038,0.0630057,0,0,0.0210019,0.210019,0.0420038,0,0.0210019,0,0,0,0,0,0,0,0,0,0,0,0,0,0,0,0,0,0
67699,67713,67706,26.9,-104.795,39.8423,18.996,-55.948,674.027,0.97474,0.283041,20.5426,0.217735,0.000156165,0.186652,0.0414783,0.0414783,0.0207392,0.0414783,0.0414783,0.0622175,0.0829566,0.0414783,0.0207392,0,0,0.0414783,0.124435,0.124435,0.0207392,0.0414783,0.0207392,0.0207392,0,0,0,0,0,0,0,0,0,0,0,0,0,0,0,0,0
67714,67728,67721,26.8,-104.796,39.8423,19.296,-56.146,670.403,1.22855,0.275163,16.86,0.183819,0.000116291,0.122855,0.10238,0.122855,0.10238,0.0409518,0.0409518,0.0819037,0.0409518,0.0204759,0.0614277,0.0204759,0.0614277,0.0204759,0.225235,0.0819037,0.0409518,0.0204759,0.0204759,0,0,0,0,0,0,0,0,0,0,0,0,0,0,0,0,0,0
67729,67741,67735,26.7,-104.795,39.8424,19.6031,-56.6562,665.823,1.04722,0.319617,21.9416,0.205949,0.000166219,0.139629,0.116358,0.046543,0,0.0232715,0.0232715,0,0.0698146,0.0232715,0.046543,0.046543,0.0232715,0,0.232715,0.0930861,0.139629,0,0.0232715,0,0,0,0,0,0,0,0,0,0,0,0,0,0,0,0,0,0
67742,67753,67748,26.6,-104.795,39.8427,19.8975,-56.8258,662.468,0.896687,0.264526,17.3293,0.196532,0.000125711,0.0747239,0.0747239,0.024908,0.0498159,0.0747239,0.024908,0,0.0498159,0,0,0.024908,0,0.0747239,0.199264,0.12454,0.0747239,0.024908,0,0,0,0,0,0,0,0,0,0,0,0,0,0,0,0,0,0,0
67754,67764,67759,26.5,-104.796,39.8428,20.1918,-56.94,659.347,1.06826,0.324248,23.8289,0.22047,0.000182849,0.106826,0.0534128,0.133532,0.0267064,0.106826,0,0.0534128,0.0267064,0.0534128,0.0267064,0.0267064,0.0267064,0.0267064,0.133532,0.133532,0.0534128,0.0267064,0.0267064,0.0267064,0,0,0,0,0,0,0,0,0,0,0,0,0,0,0,0,0
67765,67775,67770,26.4,-104.796,39.8428,20.5236,-57.1318,655.702,0.924975,0.202258,11.9155,0.176738,8.08558e-05,0.158567,0.0264279,0.0792836,0.0528557,0.0528557,0.0792836,0.0528557,0,0.0528557,0.105711,0,0,0,0.0792836,0.132139,0.0528557,0,0,0,0,0,0,0,0,0,0,0,0,0,0,0,0,0,0,0,0
67776,67786,67781,26.3,-104.796,39.8428,20.8627,-56.9345,653.233,1.16562,0.345062,24.6901,0.214658,0.000182702,0.103611,0.207222,0.0777081,0,0.0518054,0.0259027,0.0259027,0.0518054,0,0.0259027,0,0.0259027,0.0777081,0.233124,0.129514,0.0777081,0,0,0.0518054,0,0,0,0,0,0,0,0,0,0,0,0,0,0,0,0,0
67787,67797,67792,26.2,-104.796,39.8429,21.1945,-56.8609,650.514,1.45117,0.340541,22.8197,0.20103,0.000169914,0.254592,0.101837,0.0763776,0.127296,0.0509184,0,0.101837,0.0254592,0.101837,0.101837,0,0.101837,0.0509184,0.152755,0.0509184,0.0763776,0.0254592,0.0509184,0,0,0,0,0,0,0,0,0,0,0,0,0,0,0,0,0,0
67798,67809,67804,26.1,-104.796,39.8429,21.5225,-57.18,646.711,1.15425,0.247938,14.13,0.170971,9.09581e-05,0.0923397,0.161594,0.0692547,0.0230849,0.0692547,0.0692547,0.0692547,0.0230849,0.0461698,0.0923397,0.0461698,0,0,0.230849,0.115425,0.0230849,0.0230849,0,0,0,0,0,0,0,0,0,0,0,0,0,0,0,0,0,0,0
67810,67822,67816,26,-104.796,39.8428,21.8369,-57.0585,644.401,1.28378,0.336872,20.7511,0.184798,0.000142667,0.168364,0.147319,0.0631367,0.0631367,0.0420911,0,0.0210456,0,0.0210456,0.0420911,0.0841822,0.0841822,0.0420911,0.168364,0.273592,0.0420911,0.0210456,0,0,0,0,0,0,0,0,0,0,0,0,0,0,0,0,0,0,0
67823,67834,67828,25.9,-104.796,39.8424,22.1742,-57.975,638.869,1.57925,0.426914,31.0026,0.217861,0.000232604,0.248169,0.135365,0.0902431,0.0676823,0.0451216,0.0902431,0.112804,0.112804,0,0.0225608,0.0676823,0,0.0676823,0.225608,0.135365,0.0676823,0,0.0451216,0.0225608,0.0225608,0,0,0,0,0,0,0,0,0,0,0,0,0,0,0,0
67835,67846,67840,25.8,-104.796,39.8417,22.5617,-58.4442,634.322,1.64605,0.409953,25.941,0.189834,0.000178774,0.244683,0.155707,0.111219,0.0889755,0.0222439,0.0667316,0.0889755,0.0222439,0.0444878,0.0444878,0,0.0444878,0.0222439,0.40039,0.200195,0.0444878,0,0.0222439,0.0222439,0,0,0,0,0,0,0,0,0,0,0,0,0,0,0,0,0
