data/B2SAP/Locations/Boulder/NOAA-POPS-B2SAP_GMLBalloon_20230621_R0.ict
82,1001
Thornberry, T. D.
NOAA Chemical Sciences Laboratory
Portable Optical Particle Spectrometer (POPS)
Balloon Baseline Stratospheric Aerosol Profiles (B2SAP)
1,1
2023,06,21,2024,05,30
0
TIME_START,s,Seconds since midnight UTC on flight start day,Start time of 100 m altitude bin in UTC_seconds_since_midnight
49
1.0,1.0,1.0,1.0,1.0,1.0,1.0,1.0,1.0,1.0,1.0,1.0,1.0,1.0,1.0,1.0,1.0,1.0,1.0,1.0,1.0,1.0,1.0,1.0,1.0,1.0,1.0,1.0,1.0,1.0,1.0,1.0,1.0,1.0,1.0,1.0,1.0,1.0,1.0,1.0,1.0,1.0,1.0,1.0,1.0,1.0,1.0,1.0,1.0
99999,99999,99999,99999,99999,99999,99999,99999,99999,99999,99999,99999,99999,99999,99999,99999,99999,99999,99999,99999,99999,99999,99999,99999,99999,99999,99999,99999,99999,99999,99999,99999,99999,99999,99999,99999,99999,99999,99999,99999,99999,99999,99999,99999,99999,99999,99999,99999,99999
TIME_STOP,s,End time of 100 m altitude bin in UTC seconds since midnight,
TIME_MID,s,Mid time of 100 m altitude in UTC seconds since midnight,
GPSAlt,km,GPS reported altitude above sea level (km),
GPS_Lon,deg,GPS reported longitude,
GPS_Lat,deg,GPS reported latitude,
iMet_Pressure,hPa,Pressure reported (hPa),
iMet_Temperature,degrees C,Ambient temperature (oC),
THETA,K,Potential temperature from iMet,
Aerosol_concentration,cm^-3,Aerosol concentration,
Surface_Area_Conc,um^2 cm^-3,Surface area concentration,
Volume_density,um^3 cm^-3,Volume density,
Effective_radius,um,Effective radius,
Extinction,km^-1,Extinction,
Bin01,cm^-3,particle concentration in size range [140 - 146.14 nm],
Bin02,cm^-3,particle concentration in size range [146.14 - 152.56 nm],
Bin03,cm^-3,particle concentration in size range [152.56 - 159.25 nm],
Bin04,cm^-3,particle concentration in size range [159.25 - 166.24 nm],
Bin05,cm^-3,particle concentration in size range [166.24 - 173.54 nm],
Bin06,cm^-3,particle concentration in size range [173.54 - 181.16 nm],
Bin07,cm^-3,particle concentration in size range [181.16 - 189.11 nm],
Bin08,cm^-3,particle concentration in size range [189.11 - 197.41 nm],
Bin09,cm^-3,particle concentration in size range [197.41 - 206.07 nm],
Bin10,cm^-3,particle concentration in size range [206.07 - 215.12 nm],
Bin11,cm^-3,particle concentration in size range [215.12 - 224.56 nm],
Bin12,cm^-3,particle concentration in size range [224.56 - 234.41 nm],
Bin13,cm^-3,particle concentration in size range [234.41 - 244.70 nm],
Bin14,cm^-3,particle concentration in size range [244.70 - 361.30 nm],
Bin15,cm^-3,particle concentration in size range [361.30 - 472.80 nm],
Bin16,cm^-3,particle concentration in size range [472.80 - 567.00 nm],
Bin17,cm^-3,particle concentration in size range [567.00 - 610.66 nm],
Bin18,cm^-3,particle concentration in size range [610.66 - 657.69 nm],
Bin19,cm^-3,particle concentration in size range [657.69 - 708.33 nm],
Bin20,cm^-3,particle concentration in size range [708.33 - 762.88 nm],
Bin21,cm^-3,particle concentration in size range [762.88 - 821.62 nm],
Bin22,cm^-3,particle concentration in size range [821.62 - 884.89 nm],
Bin23,cm^-3,particle concentration in size range [884.89 - 953.03 nm],
Bin24,cm^-3,particle concentration in size range [953.03 - 1026.42 nm],
Bin25,cm^-3,particle concentration in size range [1026.42 - 1105.46 nm],
Bin26,cm^-3,particle concentration in size range [1105.46 - 1190.59 nm]],
[...]
LOCATION: Boulder, CO, USA
ASSOCIATED_DATA: N/A
INSTRUMENT_INFO: Printed Optical Particle Spectrometer counts particles from 140 - 2500 nm in diameter 
DATA_INFO: Particle concentrations reported in number per cubic centimeter, binned to 100 m altitude
UNCERTAINTY: Counting uncertainty dominated by air flow, less than 5 percent
ULOD_FLAG: -77777
ULOD_VALUE: 3000 ~3000 per cm3 (varies depending on flow rate- manufacturer quotes 1250  per cm3 at 1.667 cc/s)
LLOD_FLAG: -88888
LLOD_VALUE: 0 0 (varies depending on data field and measurement precision)
DM_CONTACT_INFO: Troy Thornberry, 325 Broadway R/CSL6, Boulder, CO 80305; troy.thornberry@noaa.gov; 303-497-3373
PROJECT_INFO: B2SAP Boulder, CO, USA
STIPULATIONS_ON_USE: Please contact the PIs for questions regarding applications and uncertainties
OTHER_COMMENTS: POPS bin Edges (nm):  140, 146.14, 152.56, 159.25, 166.24, 173.54, 181.16, 189.11, 197.41, 206.07, 215.12, 224.56, 234.41, 244.70, 361.30, 472.80, 567.00, 610.66, 657.69, 708.33, 762.88, 821.62, 884.89, 953.03, 1026.42, 1105.46, 1190.59, 1282.27, 1381.01, 1487.36, 1601.89, 1725.25, 1858.10, 2001.18, 2155.28, 2321.25, 2500
Calculations assume sulfate refractive index of 1.45+0.00j and extinction wavelength = 532 nm
REVISION: R0
R0: QA/QC data
TIME_START,TIME_STOP,TIME_MID,GPSAlt,GPS_Lon,GPS_Lat,iMet_Pressure,iMet_Temperature,THETA,Aerosol_concentration,Surface_Area_Conc,Volume_density,Effective_radius,Extinction,Bin01,Bin02,Bin03,Bin04,Bin05,Bin06,Bin07,Bin08,Bin09,Bin10,Bin11,Bin12,Bin13,Bin14,Bin15,Bin16,Bin17,Bin18,Bin19,Bin20,Bin21,Bin22,Bin23,Bin24,Bin25,Bin26,Bin27,Bin28,Bin29,Bin30,Bin31,Bin32,Bin33,Bin34,Bin35,Bin36
[from data line 155]
61579,61597,61588,17.3,-104.946,40.2498,90.5459,-65.5582,412.335,5.31228,0.781634,40.0471,0.153705,0.000241504,0.859593,0.670482,0.73925,0.584523,0.326645,0.361029,0.223494,0.18911,0.171919,0.154727,0.137535,0.0859593,0.154727,0.309453,0.154727,0.137535,0.0171919,0.0171919,0.0171919,0,0,0,0,0,0,0,0,0,0,0,0,0,0,0,0,0
61598,61619,61608,17.4,-104.945,40.2519,89.0471,-66.3062,412.812,4.70229,0.782542,45.2981,0.173657,0.00026954,0.767437,0.530229,0.516276,0.474415,0.320928,0.181394,0.223254,0.181394,0.251161,0.167441,0.111627,0.069767,0.125581,0.418602,0.195348,0.125581,0.0139534,0,0,0,0,0.0139534,0.0139534,0,0,0,0,0,0,0,0,0,0,0,0,0
61620,61645,61632,17.5,-104.943,40.2545,87.6668,-66.5116,414.249,4.70075,0.765447,48.3233,0.189392,0.000299592,0.797135,0.738522,0.644741,0.375122,0.328232,0.3634,0.222729,0.117226,0.117226,0.0937806,0.117226,0.0468903,0.128948,0.281342,0.140671,0.0937806,0.0234451,0.0234451,0,0.0117226,0,0.0117226,0.0234451,0,0,0,0,0,0,0,0,0,0,0,0,0
61647,61670,61658,17.6,-104.941,40.2574,86.1959,-66.3682,416.544,4.73329,0.784512,45.4335,0.173739,0.000288124,0.649667,0.822027,0.477306,0.411014,0.411014,0.331463,0.251912,0.145844,0.132585,0.132585,0.0662925,0.053034,0.0928095,0.371238,0.145844,0.159102,0.0662925,0,0,0,0,0,0.0132585,0,0,0,0,0,0,0,0,0,0,0,0,0
61671,61690,61680,17.7,-104.94,40.2593,84.8311,-66.4026,418.38,4.47478,0.922098,65.1668,0.212017,0.000454815,0.738108,0.584335,0.461317,0.461317,0.184527,0.292168,0.230659,0.153772,0.138395,0.123018,0.0768862,0.138395,0.0922635,0.261413,0.230659,0.123018,0.061509,0.0461317,0,0.0461317,0,0.0153772,0.0153772,0,0,0,0,0,0,0,0,0,0,0,0,0
61691,61714,61702,17.8,-104.938,40.2605,83.465,-65.8233,421.503,4.33307,0.829778,56.741,0.205143,0.000379747,0.912866,0.523377,0.438176,0.413833,0.194745,0.194745,0.15823,0.133887,0.109544,0.121715,0.133887,0.133887,0.0730293,0.413833,0.146059,0.0852008,0.0243431,0.0121715,0.0486862,0.0243431,0.0121715,0.0121715,0.0121715,0,0,0,0,0,0,0,0,0,0,0,0,0
61715,61735,61725,17.9,-104.936,40.2618,82.2533,-64.7452,425.469,4.37124,0.73451,44.4126,0.181397,0.000293294,0.802315,0.608653,0.650152,0.401158,0.27666,0.165996,0.221328,0.124497,0.13833,0.0553321,0.0553321,0.124497,0.0829981,0.304327,0.124497,0.165996,0.013833,0.013833,0,0.027666,0,0.013833,0,0,0,0,0,0,0,0,0,0,0,0,0,0
61744,61767,61756,18,-104.933,40.2639,80.7908,-63.054,431.126,4.37765,0.929884,66.7085,0.215215,0.000460772,0.495366,0.633608,0.437765,0.368644,0.345604,0.253443,0.207362,0.126722,0.218883,0.115201,0.138242,0.138242,0.0576007,0.345604,0.184322,0.138242,0.0460805,0,0.0460805,0.0460805,0.0115201,0,0.0230403,0,0,0,0,0,0,0,0,0,0,0,0,0
61768,61796,61782,18.1,-104.931,40.2658,79.5215,-61.8685,435.523,4.04009,0.768236,54.9329,0.214515,0.000366302,0.835515,0.698025,0.380741,0.285556,0.285556,0.190371,0.126914,0.116338,0.190371,0.0846091,0.0634568,0.074033,0.0423046,0.296132,0.148066,0.0846091,0.0105761,0.0423046,0.0211523,0.0211523,0.0105761,0,0.0317284,0,0,0,0,0,0,0,0,0,0,0,0,0
61797,61823,61810,18.2,-104.929,40.2679,78.2679,-60.9068,439.496,3.56589,0.764226,54.9812,0.215831,0.000385967,0.609555,0.568918,0.304777,0.26414,0.172707,0.223503,0.193026,0.111752,0.0609555,0.121911,0.0609555,0.0304777,0.0711147,0.355573,0.172707,0.0914332,0.0101592,0.0507962,0.040637,0.0101592,0.0101592,0.0304777,0,0,0,0,0,0,0,0,0,0,0,0,0,0
61824,61849,61836,18.3,-104.927,40.2701,77.0338,-59.2315,444.982,3.33842,0.942889,77.043,0.245129,0.000549251,0.50022,0.282733,0.271858,0.315356,0.217487,0.141366,0.173989,0.0761204,0.0761204,0.097869,0.065246,0.065246,0.065246,0.347979,0.304481,0.141366,0.032623,0.0217487,0.0434974,0.032623,0.0108743,0.0217487,0.032623,0,0,0,0,0,0,0,0,0,0,0,0,0
61850,61874,61862,18.4,-104.927,40.2719,75.8022,-58.7057,448.133,3.08899,0.851504,67.4433,0.237614,0.000496228,0.40451,0.318705,0.281931,0.17161,0.134837,0.183868,0.196126,0.0735473,0.147095,0.0980631,0.0735473,0.0490315,0.0367737,0.429026,0.0980631,0.208384,0.0367737,0.0490315,0.0245158,0,0.0367737,0.0367737,0,0,0,0,0,0,0,0,0,0,0,0,0,0
61876,61900,61888,18.5,-104.927,40.2737,74.6817,-58.5808,450.307,3.04072,0.894726,75.2634,0.252357,0.000529704,0.352207,0.305246,0.293506,0.152623,0.211324,0.0821816,0.129143,0.117402,0.152623,0.0939218,0.0587011,0.0469609,0.0939218,0.410908,0.223064,0.117402,0.0469609,0.0117402,0.0234805,0.0352207,0.0352207,0,0.0469609,0,0,0,0,0,0,0,0,0,0,0,0,0
61902,61920,61911,18.6,-104.927,40.2755,73.5041,-58.6135,452.287,2.91676,0.826704,64.4043,0.233715,0.000450791,0.287143,0.27203,0.226692,0.181353,0.181353,0.151128,0.151128,0.105789,0,0.0302255,0.0906766,0.0604511,0.0906766,0.619624,0.196466,0.120902,0.0151128,0.0302255,0.0302255,0.0151128,0.0151128,0.0302255,0.0151128,0,0,0,0,0,0,0,0,0,0,0,0,0
61921,61940,61930,18.7,-104.928,40.2769,72.2736,-58.8393,453.994,2.81602,0.952672,80.2889,0.252833,0.00059115,0.199847,0.272518,0.163511,0.218015,0.127175,0.0908395,0.109007,0.199847,0.109007,0.0181679,0.0908395,0.0545037,0.0363358,0.490533,0.272518,0.109007,0.0363358,0.0908395,0.0363358,0.0181679,0.0181679,0.0363358,0.0181679,0,0,0,0,0,0,0,0,0,0,0,0,0
61941,61962,61952,18.8,-104.929,40.2786,71.1691,-59.6,454.377,2.98927,0.89249,68.0535,0.228754,0.000489789,0.289657,0.243312,0.150622,0.22014,0.104277,0.173794,0.139036,0.0926904,0.104277,0.0695178,0.104277,0.0695178,0.0579315,0.556142,0.289657,0.150622,0.0463452,0.0463452,0.0347589,0,0.0231726,0,0.0231726,0,0,0,0,0,0,0,0,0,0,0,0,0
61962,61989,61976,18.9,-104.93,40.2805,70.077,-59.8959,455.758,2.9525,0.865386,66.5686,0.230771,0.000478249,0.274431,0.321747,0.160873,0.160873,0.170336,0.132484,0.15141,0.123021,0.0946314,0.0757051,0.0851682,0.0473157,0.0567788,0.511009,0.264968,0.141947,0.0757051,0.0283894,0.0189263,0,0.0283894,0.00946314,0.0189263,0,0,0,0,0,0,0,0,0,0,0,0,0
61989,62013,62001,19,-104.932,40.2821,68.9813,-60.1642,457.239,3.00548,0.82541,58.4727,0.212522,0.000424402,0.191839,0.202497,0.33039,0.159866,0.245128,0.191839,0.106577,0.0959197,0.117235,0.085262,0.085262,0.0639465,0.0319732,0.500914,0.266444,0.213155,0.0319732,0.042631,0.0213155,0,0.0106577,0,0.0106577,0,0,0,0,0,0,0,0,0,0,0,0,0
62014,62034,62024,19.1,-104.933,40.2831,67.8184,-59.1142,461.731,2.79981,0.807326,61.6625,0.229136,0.00043938,0.294717,0.294717,0.187547,0.174151,0.147359,0.147359,0.160755,0.0803774,0.0669812,0.053585,0.0669812,0.0803774,0.0267925,0.42868,0.281321,0.187547,0.0401887,0,0.0267925,0.0133962,0.0133962,0,0.0267925,0,0,0,0,0,0,0,0,0,0,0,0,0
62035,62055,62045,19.2,-104.936,40.2837,66.759,-59.029,463.998,2.67605,0.836533,61.4386,0.220333,0.000436697,0.0764586,0.127431,0.216633,0.140174,0.127431,0.20389,0.127431,0.0637155,0.0637155,0.101945,0.0382293,0.0254862,0.101945,0.662641,0.33132,0.127431,0.0637155,0.0127431,0.0127431,0.0254862,0,0.0127431,0.0127431,0,0,0,0,0,0,0,0,0,0,0,0,0
62057,62078,62068,19.3,-104.939,40.2841,65.8152,-59.4838,464.897,2.97675,0.860354,62.0274,0.216286,0.000450432,0.231796,0.243996,0.207397,0.195197,0.207397,0.134198,0.121998,0.109798,0.121998,0.109798,0.0365994,0.0243996,0.0487992,0.512392,0.365994,0.170797,0.060999,0,0.0365994,0,0.0243996,0.0121998,0,0,0,0,0,0,0,0,0,0,0,0,0,0
62080,62098,62089,19.4,-104.941,40.2847,64.8116,-59.6442,466.593,2.85326,0.920507,71.7525,0.233847,0.000528748,0.121129,0.309552,0.174964,0.161505,0.121129,0.0942115,0.188423,0.10767,0.0807527,0.0942115,0.067294,0.0538352,0.10767,0.497975,0.309552,0.174964,0.067294,0.0134588,0.0403764,0.0134588,0.0403764,0,0.0134588,0,0,0,0,0,0,0,0,0,0,0,0,0
62105,62124,62114,19.5,-104.943,40.2853,63.61,-58.9111,470.707,2.72569,0.747106,52.3809,0.210335,0.000404712,0.454282,0.141963,0.312319,0.198749,0.113571,0.227141,0.113571,0.0283926,0.0567853,0.0567853,0.0567853,0.0283926,0,0.312319,0.227141,0.255534,0.113571,0.0283926,0,0,0,0,0,0,0,0,0,0,0,0,0,0,0,0,0,0
62133,62151,62142,19.6,-104.944,40.2862,62.6432,-59.1163,472.314,3.09263,0.973911,75.3873,0.23222,0.000555659,0.242032,0.201694,0.174801,0.161355,0.147909,0.121016,0.134462,0.201694,0.134462,0.0672312,0.0268925,0.134462,0.0268925,0.712651,0.201694,0.201694,0.0403387,0.053785,0.0268925,0.053785,0,0.0134462,0.0134462,0,0,0,0,0,0,0,0,0,0,0,0,0
62153,62172,62162,19.7,-104.945,40.2873,61.7541,-58.6618,475.257,3.35939,0.998736,68.8326,0.206759,0.000505745,0.254954,0.134976,0.149973,0.209962,0.224959,0.134976,0.0749864,0.224959,0.119978,0.104981,0.0599891,0.0599891,0.104981,0.749864,0.374932,0.209962,0.0899837,0.0149973,0.0449918,0.0149973,0,0,0,0,0,0,0,0,0,0,0,0,0,0,0,0
62174,62195,62184,19.8,-104.945,40.2882,60.9193,-58.308,477.896,3.16801,1.10628,82.2311,0.222993,0.000622476,0.13553,0.118589,0.13553,0.13553,0.13553,0.13553,0.169412,0.101647,0.101647,0.118589,0.0677649,0.0508237,0.186354,0.694591,0.40659,0.254119,0.0847062,0.0847062,0.0169412,0.0169412,0,0.0169412,0,0,0,0,0,0,0,0,0,0,0,0,0,0
62198,62218,62208,19.9,-104.945,40.2897,59.8495,-58.5595,479.759,2.81588,0.957208,72.6941,0.227832,0.000537242,0.24209,0.0764493,0.114674,0.216606,0.0891909,0.114674,0.0637078,0.101932,0.0382247,0.229348,0.0764493,0.101932,0.0254831,0.535145,0.445955,0.16564,0.0637078,0.0254831,0.0382247,0.0127416,0.0127416,0.0254831,0,0,0,0,0,0,0,0,0,0,0,0,0,0
62219,62237,62228,20,-104.944,40.2904,58.9535,-58.2482,482.53,2.83217,0.889481,68.3943,0.230677,0.000506423,0.209791,0.209791,0.14985,0.17982,0.14985,0.0899102,0.0899102,0.14985,0.164835,0.134865,0.11988,0.014985,0.0749252,0.449551,0.239761,0.239761,0.0749252,0.014985,0.014985,0.014985,0.0299701,0,0.014985,0,0,0,0,0,0,0,0,0,0,0,0,0
62238,62259,62248,20.1,-104.945,40.2905,58.0205,-57.8643,485.602,3.26652,1.04049,77.5341,0.22355,0.0005592,0.0846876,0.254063,0.20567,0.120982,0.169375,0.108884,0.0725894,0.145179,0.145179,0.20567,0.0725894,0.0725894,0.108884,0.786385,0.33875,0.20567,0.0483929,0.0241965,0.0241965,0.0362947,0.0120982,0.0120982,0.0120982,0,0,0,0,0,0,0,0,0,0,0,0,0
62261,62283,62272,20.2,-104.946,40.291,57.1357,-57.943,487.556,3.09685,0.825909,55.9643,0.203283,0.000377352,0.143782,0.232264,0.165903,0.210143,0.154842,0.143782,0.0774212,0.143782,0.0995416,0.165903,0.0884814,0.110602,0.176963,0.63043,0.320745,0.165903,0.0221204,0,0,0.0110602,0.0110602,0.0110602,0.0110602,0,0,0,0,0,0,0,0,0,0,0,0,0
62285,62307,62296,20.3,-104.947,40.2921,56.26,-57.7805,490.089,3.19777,0.849685,55.8303,0.197121,0.000401791,0.173164,0.219341,0.150076,0.184709,0.196253,0.184709,0.184709,0.115443,0.16162,0.103899,0.173164,0.0692657,0.0923543,0.588759,0.288607,0.196253,0.0577214,0.0346329,0.0115443,0.0115443,0,0,0,0,0,0,0,0,0,0,0,0,0,0,0,0
62308,62332,62320,20.4,-104.949,40.2936,55.393,-57.3865,493.165,2.96752,0.998817,74.2919,0.22314,0.00054682,0.121348,0.143412,0.121348,0.187538,0.121348,0.121348,0.099285,0.099285,0.0772216,0.099285,0.121348,0.110317,0.121348,0.672931,0.308887,0.297855,0.0551583,0.0220633,0.033095,0,0.0110317,0.0110317,0.0110317,0,0,0,0,0,0,0,0,0,0,0,0,0
62335,62358,62346,20.5,-104.95,40.2951,54.5037,-57.4947,495.205,2.64544,0.7322,49.0122,0.200815,0.000353899,0.227134,0.0935257,0.120247,0.173691,0.16033,0.16033,0.120247,0.120247,0.0801649,0.0267216,0.120247,0.0801649,0.0668041,0.587876,0.253856,0.133608,0.0534433,0.0267216,0.0400825,0,0,0,0,0,0,0,0,0,0,0,0,0,0,0,0,0
62359,62382,62370,20.6,-104.951,40.2964,53.6755,-57.4645,497.445,2.44475,0.761295,52.2916,0.206063,0.000380158,0.139338,0.101337,0.0633355,0.139338,0.114004,0.0886697,0.0633355,0.114004,0.114004,0.101337,0.0760026,0.0506684,0.101337,0.570019,0.342012,0.164672,0.0633355,0.0126671,0,0.0126671,0.0126671,0,0,0,0,0,0,0,0,0,0,0,0,0,0,0
62385,62407,62396,20.7,-104.952,40.2978,52.8058,-57.2484,500.272,2.95978,0.872685,61.0358,0.209821,0.000431539,0.17332,0.119991,0.159988,0.159988,0.159988,0.119991,0.199985,0.159988,0.0933264,0.079994,0.0933264,0.0666617,0.039997,0.679949,0.39997,0.119991,0.0533294,0.0266647,0.0266647,0.0133323,0,0,0.0133323,0,0,0,0,0,0,0,0,0,0,0,0,0
62409,62430,62420,20.8,-104.954,40.2992,52.0375,-57.195,502.497,2.55616,0.690888,44.3547,0.192598,0.000309033,0.147877,0.105626,0.211253,0.232378,0.126752,0.169002,0.0845011,0.0422505,0.0211253,0.126752,0.0211253,0.0633758,0.0422505,0.654883,0.316879,0.126752,0.0211253,0,0.0422505,0,0,0,0,0,0,0,0,0,0,0,0,0,0,0,0,0
62432,62453,62442,20.9,-104.955,40.3003,51.1841,-56.5647,506.349,2.54252,0.874123,69.3264,0.237929,0.000522126,0.163554,0.148686,0.118948,0.148686,0.133817,0.10408,0.133817,0.118948,0.0743428,0.133817,0,0.0594742,0.0743428,0.520399,0.193291,0.223028,0.0743428,0.0148686,0.0446057,0.0297371,0.0148686,0,0.0148686,0,0,0,0,0,0,0,0,0,0,0,0,0
62454,62477,62466,21,-104.955,40.3009,50.4145,-56.2115,509.375,2.33427,0.873395,73.8343,0.253611,0.000537956,0.16403,0.113559,0.100942,0.113559,0.0883239,0.100942,0.100942,0.0630885,0.0630885,0.0252354,0.126177,0.0757062,0.0757062,0.542561,0.214501,0.176648,0.0378531,0.0252354,0.0504708,0,0.0126177,0.0504708,0.0126177,0,0,0,0,0,0,0,0,0,0,0,0,0
62479,62498,62488,21.1,-104.956,40.3011,49.66,-55.9878,512.099,2.61948,0.932673,70.1491,0.225639,0.000539902,0.140079,0.182103,0.140079,0.0980552,0.182103,0.0840474,0.0980552,0.0840474,0.0700395,0.0560316,0.0560316,0.0420237,0.0420237,0.5323,0.434245,0.182103,0.0560316,0.0560316,0.0560316,0.0280158,0,0,0,0,0,0,0,0,0,0,0,0,0,0,0,0
62500,62521,62510,21.2,-104.957,40.3015,48.9012,-56.42,513.332,2.68981,0.754029,52.558,0.209109,0.00036631,0.198679,0.198679,0.183396,0.0916982,0.122264,0.168113,0.122264,0.0916982,0.137547,0.0611321,0.0611321,0.106981,0.0305661,0.580755,0.275095,0.198679,0.015283,0,0.015283,0,0,0.0305661,0,0,0,0,0,0,0,0,0,0,0,0,0,0
62522,62540,62531,21.3,-104.958,40.3021,48.2093,-56.6233,514.944,2.41295,0.780875,55.2943,0.212432,0.000415461,0.197285,0.0910546,0.10623,0.0758788,0.182109,0.151758,0.10623,0.0303515,0.0910546,0.060703,0.0455273,0.0151758,0.0758788,0.531152,0.318691,0.227636,0.0455273,0.0455273,0,0,0.0151758,0,0,0,0,0,0,0,0,0,0,0,0,0,0,0
62544,62563,62554,21.4,-104.96,40.3025,47.4035,-56.6835,517.287,2.45994,0.726688,52.9689,0.218673,0.000368705,0.187169,0.147062,0.200539,0.120323,0.0802154,0.160431,0.0802154,0.0802154,0.0668462,0.120323,0.0668462,0.0802154,0.0668462,0.441185,0.307492,0.1738,0.0401077,0,0.0133692,0,0,0,0.0267385,0,0,0,0,0,0,0,0,0,0,0,0,0
62566,62586,62576,21.5,-104.962,40.3026,46.6331,-57.0381,518.864,2.68063,0.943234,72.9439,0.232001,0.000527621,0.228139,0.128328,0.0712934,0.0427761,0.11407,0.11407,0.128328,0.0998108,0.0855521,0.11407,0.0570348,0.0855521,0.0570348,0.584606,0.442019,0.185363,0.0427761,0,0.0427761,0,0.0285174,0.0142587,0.0142587,0,0,0,0,0,0,0,0,0,0,0,0,0
62586,62605,62596,21.6,-104.963,40.3023,45.9357,-57.36,520.325,2.30871,0.847611,64.0513,0.226701,0.000483709,0.0654952,0.147364,0.0982428,0.0654952,0.0491214,0.13099,0.081869,0.0491214,0.0982428,0.114617,0.0654952,0.0654952,0.081869,0.458466,0.376597,0.212859,0.0654952,0.0163738,0.0327476,0.0163738,0,0.0163738,0,0,0,0,0,0,0,0,0,0,0,0,0,0
62606,62629,62618,21.7,-104.966,40.3022,45.23,-56.9342,523.663,2.1575,0.625674,45.1309,0.216395,0.000314269,0.132584,0.180796,0.0843715,0.132584,0.0602653,0.0723184,0.15669,0.0723184,0.0843715,0.0843715,0.0964245,0.0843715,0.0482123,0.421857,0.241061,0.132584,0.0120531,0.0120531,0.0241061,0,0,0.0120531,0.0120531,0,0,0,0,0,0,0,0,0,0,0,0,0
62631,62650,62640,21.8,-104.968,40.3026,44.5087,-56.9369,526.068,2.54611,0.873801,65.3969,0.224526,0.000479155,0.114432,0.114432,0.128736,0.14304,0.14304,0.0715199,0.0715199,0.100128,0.0858239,0.0715199,0.0572159,0.0858239,0.0572159,0.615071,0.328992,0.243168,0.0429119,0.014304,0.014304,0,0.014304,0.028608,0,0,0,0,0,0,0,0,0,0,0,0,0,0
62652,62674,62663,21.9,-104.97,40.3033,43.8626,-56.9789,528.167,2.20973,0.704885,50.8136,0.216263,0.000381383,0.1449,0.0966,0.16905,0.0966,0.0483,0.132825,0.1449,0.07245,0.0483,0.036225,0.07245,0.060375,0.060375,0.470925,0.301875,0.108675,0.0483,0.0483,0.02415,0.02415,0,0,0,0,0,0,0,0,0,0,0,0,0,0,0,0
