data/B2SAP/Locations/Boulder/NOAA-POPS-B2SAP_GMLBalloon_20190807_R0.ict
61,1001
Thornberry, T. D.
NOAA Chemical Sciences Laboratory
Portable Optical Particle Spectrometer (POPS)
Balloon Baseline Stratospheric Aerosol Profiles (B2SAP)
1,1
2019,08,07,2024,05,30
0
TIME_START,s,Seconds since midnight UTC on flight start day,Start time of 100 m altitude bin in UTC_seconds_since_midnight
28
1.0,1.0,1.0,1.0,1.0,1.0,1.0,1.0,1.0,1.0,1.0,1.0,1.0,1.0,1.0,1.0,1.0,1.0,1.0,1.0,1.0,1.0,1.0,1.0,1.0,1.0,1.0,1.0
99999,99999,99999,99999,99999,99999,99999,99999,99999,99999,99999,99999,99999,99999,99999,99999,99999,99999,99999,99999,99999,99999,99999,99999,99999,99999,99999,99999
TIME_STOP,s,End time of 100 m altitude bin in UTC seconds since midnight,
TIME_MID,s,Mid time of 100 m altitude in UTC seconds since midnight,
GPSAlt,m,GPS reported altitude above sea level (m),
GPS_Lon,deg,GPS reported longitude,
GPS_Lat,deg,GPS reported latitude,
iMet_Pressure,mb,Pressure reported (mB),
iMet_Temperature,degrees C,Ambient temperature (oC),
THETA,K,Potential temperature from iMet,
Aerosol_concentration,cm^-3,Aerosol concentration,
Surface_Area_Conc,um^2 cm^-3,Surface area concentration,
Volume_density,um^3 cm^-3,Volume density,
Effective_radius,um,Effective radius,
Extinction,km^-1,Extinction,
Bin01,cm^-3,particle concentration in size range [140 - 170 nm],
Bin02,cm^-3,particle concentration in size range [170 - 205 nm],
Bin03,cm^-3,particle concentration in size range [205 - 249 nm],
Bin04,cm^-3,particle concentration in size range [249 - 302 nm],
Bin05,cm^-3,particle concentration in size range [302 - 366 nm],
Bin06,cm^-3,particle concentration in size range [366 - 443 nm],
Bin07,cm^-3,particle concentration in size range [443 - 537 nm],
Bin08,cm^-3,particle concentration in size range [537 - 651 nm],
Bin09,cm^-3,particle concentration in size range [651 - 789 nm],
Bin10,cm^-3,particle concentration in size range [789 - 956 nm],
Bin11,cm^-3,particle concentration in size range [956 - 1159 nm],
Bin12,cm^-3,particle concentration in size range [1159 - 1404 nm],
Bin13,cm^-3,particle concentration in size range [1404 - 1702 nm],
Bin14,cm^-3,particle concentration in size range [1702 - 2062 nm],
Bin15,cm^-3,particle concentration in size range [2062 - 2500 nm],
0
19
PI_CONTACT_INFO: 325 Broadway R/CSL6, Boulder, CO 80305; troy.thornberry@noaa.gov; 303-497-3373 
PLATFORM: GML ECC/FPH balloon
LOCATION: Boulder, CO, USA
ASSOCIATED_DATA: N/A
INSTRUMENT_INFO: Printed Optical Particle Spectrometer counts particles from 140 - 2500 nm in diameter 
DATA_INFO: Particle concentrations reported in number per cubic centimeter, binned to 100 m altitude
UNCERTAINTY: Counting uncertainty dominated by air flow, less than 5 percent
ULOD_FLAG: -77777
ULOD_VALUE: 3000 ~3000 per cm3 (varies depending on flow rate- manufacturer quotes 1250  per cm3 at 1.667 cc/s)
LLOD_FLAG: -88888
LLOD_VALUE: 0 0 (varies depending on data field and measurement precision)
DM_CONTACT_INFO: Troy Thornberry, 325 Broadway R/CSL6, Boulder, CO 80305; troy.thornberry@noaa.gov; 303-497-3373
PROJECT_INFO: B2SAP Boulder, CO, USA
STIPULATIONS_ON_USE: Please contact the PIs for questions regarding applications and uncertainties
OTHER_COMMENTS: POPS bin Edges (nm):  140, 170, 205, 249, 302, 366, 443, 537, 651, 789, 956, 1159, 1404, 1702, 2062, 2500
Calculations assume sulfate refractive index of 1.45+0.00j and extinction wavelength = 532 nm
REVISION: R0
R0: QA/QC data
TIME_START,TIME_STOP,TIME_MID,GPSAlt,GPS_Lon,GPS_Lat,iMet_Pressure,iMet_Temperature,THETA,Aerosol_concentration,Surface_Area_Conc,Volume_density,Effective_radius,Extinction,Bin01,Bin02,Bin03,Bin04,Bin05,Bin06,Bin07,Bin08,Bin09,Bin10,Bin11,Bin12,Bin13,Bin14,Bin15
58623,58633,58628,1.7,-105.197,39.9492,825.485,23.03,312.861,732.585,182.85,12397.2,0.2034,0.0740458,180.571,131.324,110.368,97.6198,88.3643,69.8532,41.5626,10.1287,2.0956,0,0.174633,0.174633,0,0.174633,0.174633
58648,58964,58806,1.8,-105.197,39.9488,822.609,21.005,311.029,759.886,186.208,12242.1,0.197233,0.0746367,192.428,138.643,115.929,100.161,89.511,67.2809,42.2049,10.7034,1.70037,0.375871,0.357972,0.196885,0.178986,0.161087,0.0536958
58965,58984,58974,1.9,-105.197,39.9482,813.238,19.4889,310.447,782.713,190.244,11953.5,0.188497,0.0758005,199.69,138.521,119.05,105.531,90.338,71.0382,45.5588,10.496,1.35003,0.494377,0.323247,0.152116,0.0950726,0.038029,0.038029
58985,59006,58996,2,-105.197,39.9471,803.9,18.5123,310.434,800.045,197.587,12574.4,0.190919,0.0801182,203.354,139.662,119.906,107.122,92.2318,75.1863,48.6058,11.4126,1.33882,0.62043,0.244907,0.179598,0.0653084,0.0653084,0.0489813
59007,59024,59016,2.1,-105.197,39.9461,795.221,18.0571,310.91,757.273,186.559,11705.3,0.188229,0.0758173,191.067,134.821,114.13,99.6697,86.1664,71.4084,46.5069,11.0791,1.55236,0.425303,0.148856,0.127591,0.0850606,0.0637954,0.0212651
59025,59038,59032,2.2,-105.197,39.9454,785.734,18.3893,312.331,627.869,150.675,9297.85,0.185123,0.0587621,158.859,110.287,98.512,84.0773,73.2062,58.9264,34.6018,7.97908,0.748846,0.258223,0.206578,0.129111,0,0.0516446,0.0258223
59039,59054,59046,2.3,-105.197,39.9447,776.35,17.654,312.618,638.503,152.396,9156.24,0.180246,0.0594982,161.856,112.59,97.4706,87.6319,75.5265,57.9229,35.9064,8.12657,0.819892,0.43406,0.144687,0,0.0482289,0.0241145,0
59055,59072,59064,2.4,-105.197,39.9438,767.024,16.9139,312.903,675.392,162.52,9741.36,0.179819,0.0631714,166.737,117.683,103.343,94.1181,81.4434,64.5972,37.8839,8.022,1.08297,0.20055,0.16044,0.060165,0.04011,0.020055,0
59073,59088,59080,2.5,-105.197,39.9432,758.221,16.1431,313.1,702.575,172.86,10759.4,0.18673,0.0687993,171.192,125.252,104.698,95.8954,84.8472,68.8986,40.7221,9.02919,1.13432,0.408355,0.294923,0.113432,0.0226864,0.0453728,0.0226864
59089,59106,59098,2.6,-105.197,39.9428,749.305,17.1233,315.223,649.837,155.416,9833.05,0.189808,0.0602802,166.544,113.678,100.036,91.2585,74.4946,59.616,34.8047,7.84474,0.790555,0.283789,0.141895,0.141895,0.0202707,0.141895,0.0405413
59107,59124,59116,2.7,-105.198,39.9427,740.568,19.2631,318.614,492.532,108.746,6481.51,0.178807,0.0394857,139.608,92.7021,74.3881,65.1744,54.014,39.5484,20.8042,5.11616,0.543309,0.271655,0.113189,0.158465,0.0452758,0.0452758,0
59125,59143,59134,2.8,-105.198,39.9423,731.802,18.7505,319.142,442.907,95.4512,5568.83,0.175026,0.0340241,127.688,84.3686,69.5691,58.5167,45.4016,33.3273,18.6224,4.52312,0.454205,0.170327,0.0567756,0.094626,0.094626,0.0189252,0
59144,59160,59152,2.9,-105.198,39.9421,723.266,18.0453,319.437,436.777,93.1394,5689.49,0.183257,0.0330153,132.663,84.6371,66.2046,55.6567,42.1072,32.9755,17.6715,3.80486,0.422763,0.211381,0.126829,0.169105,0.0634144,0.0211381,0.0422763
59161,59178,59170,3,-105.198,39.9417,715.315,17.3006,319.625,436.99,90.9066,5351.17,0.176593,0.031569,134.987,84.2357,69.1113,55.0787,41.491,30.1275,17.2273,3.72044,0.424616,0.222418,0.0808792,0.141539,0.101099,0.0404396,0
59179,59198,59188,3.1,-105.197,39.9417,706.263,16.476,319.884,408.622,84.8348,5097.83,0.180274,0.0292344,125.118,80.1918,64.375,51.5908,39.4785,27.8565,16.0711,3.0871,0.30871,0.199753,0.127116,0.145275,0,0.0363188,0.0363188
59199,59215,59207,3.2,-105.197,39.9415,698.709,15.8987,320.23,376.935,78.2907,4736.91,0.181512,0.0270396,114.89,74.5878,59.8746,47.5001,36.011,25.8389,14.1683,3.2696,0.317878,0.158939,0.113528,0.136233,0,0.0227056,0.0454112
59216,59233,59224,3.3,-105.197,39.9411,690.282,15.2644,320.634,366.864,74.8423,4341.13,0.174011,0.0250728,110.541,73.8971,58.7559,47.0494,35.7901,24.1649,13.1495,2.76403,0.32518,0.121942,0.121942,0.121942,0.0406475,0,0.0203237
59234,59249,59242,3.4,-105.197,39.9406,682.214,14.3694,320.711,348.961,72.6458,4511.95,0.186327,0.0251945,105.486,70.665,55.5046,45.3901,31.1844,24.3429,12.5238,2.90933,0.363667,0.250021,0.136375,0.0681875,0.0454583,0.0454583,0.0454583
59250,59266,59258,3.5,-105.196,39.9398,674.187,13.5844,320.925,333.608,68.3807,3996.38,0.175329,0.0233765,100.284,67.8502,54.0416,41.8845,31.8378,21.6992,12.8911,2.13322,0.550509,0.229379,0.0917515,0.0229379,0.0688136,0,0.0229379
59267,59284,59276,3.6,-105.196,39.939,666.075,12.7106,321.055,340.073,71.42,4284.25,0.17996,0.0251786,103.01,67.9407,53.8266,41.0479,33.3643,23.5646,13.1485,3.3693,0.308168,0.184901,0.184901,0.041089,0.0205445,0.0616335,0
59285,59300,59292,3.7,-105.196,39.938,658.408,11.8556,321.152,329.137,67.4173,3897.22,0.173422,0.0230004,101.826,64.523,52.0578,42.5528,31.3596,21.1839,11.6326,3.19146,0.393151,0.0925061,0.208139,0.0693796,0.046253,0,0
59301,59320,59310,3.8,-105.196,39.9368,650.474,11.0095,321.307,315.785,66.7406,4211.33,0.1893,0.0236424,95.4672,62.3766,50.3383,40.2706,28.8567,22.9254,11.8236,2.80958,0.468263,0.19511,0.0975549,0,0.0585329,0.0390219,0.0585329
59321,59337,59329,3.9,-105.196,39.9356,642.909,10.1794,321.449,302.533,62.022,3855.58,0.186494,0.0213233,95.4861,60.3577,47.2831,37.625,28.1202,20.236,9.89901,2.71566,0.328507,0.219005,0.0876019,0.0219005,0.0657014,0.0438009,0.0438009
59338,59356,59347,4,-105.195,39.9342,635.107,9.25389,321.515,286.089,57.4304,3477.76,0.181668,0.0194312,92.8746,57.2304,45.4391,35.0411,25.4542,17.6973,8.92145,2.57869,0.270347,0.270347,0.124775,0.0831837,0.0623877,0.0207959,0.0207959
59357,59372,59364,4.1,-105.195,39.9329,627.578,8.29625,321.515,272.762,55.3602,3396.12,0.184038,0.0187127,84.3448,57.9943,43.3267,33.9058,23.4822,17.3027,9.46751,2.19198,0.279828,0.0932759,0.163233,0.0932759,0.069957,0.023319,0.023319
59373,59389,59381,4.2,-105.195,39.9318,620.077,7.36765,321.56,276.566,56.1577,3313.7,0.177021,0.0190282,83.9748,56.7219,46.5186,33.5943,25.6291,17.6639,9.36954,2.30398,0.394969,0.131656,0.131656,0.0877709,0,0.0438854,0
59390,59406,59398,4.3,-105.194,39.9304,612.441,6.48529,321.688,288.691,59.2648,3620.01,0.183246,0.0204153,88.9815,59.6243,46.9095,35.7701,26.0953,17.5522,9.98546,2.81812,0.421608,0.133139,0.11095,0.133139,0.11095,0.0443798,0
59408,59423,59416,4.4,-105.194,39.9292,604.996,5.555,321.736,292.129,58.2656,3424.67,0.176331,0.0190439,89.2976,61.5691,46.9615,37.64,26.8082,17.1799,10.1239,1.9351,0.212389,0.0471975,0.235987,0.0235987,0.0471975,0.0471975,0
59424,59439,59432,4.5,-105.193,39.9279,597.554,4.7175,321.904,262.338,53.965,3268.23,0.181686,0.018424,77.4006,55.3883,43.31,33.7809,23.1797,17.2954,8.90977,2.21553,0.404989,0.16676,0.0714687,0.0714687,0.119115,0,0.0238229
59440,59456,59448,4.6,-105.193,39.9268,590.329,3.88765,322.067,251.934,51.3714,3058.92,0.178636,0.0176437,77.2866,53.4577,39.9696,30.6853,22.7274,16.1182,8.74476,2.02321,0.472082,0.157361,0.202321,0.0224801,0.0449602,0.0224801,0
59457,59473,59465,4.7,-105.192,39.9257,583.071,2.99647,322.164,269.187,58.1717,3473.92,0.179155,0.0205389,72.3888,54.7412,44.2426,37.3859,27.2694,19.1763,10.6785,2.42795,0.494582,0.0899239,0.157367,0.0899239,0.022481,0.022481,0
59474,59490,59482,4.8,-105.191,39.9248,575.926,2.06588,322.208,252.019,54.9185,3303.87,0.180478,0.0196134,69.2618,49.6726,42.0897,32.7013,25.7729,19.2507,10.0203,2.52764,0.361091,0.0902728,0.135409,0.0451364,0.0677046,0.0225682,0
59491,59507,59499,4.9,-105.191,39.9238,568.753,1.20118,322.353,312.782,72.7334,4325.67,0.178419,0.0270768,75.3602,57.8309,52.5429,43.7895,36.0487,28.2404,15.2566,2.79029,0.472549,0.225023,0.112512,0.112512,0,0,0
59508,59523,59516,5,-105.19,39.9228,561.697,0.334375,322.482,505.1,132.252,8376.68,0.190017,0.0536863,98.675,85.7917,79.1571,77.1788,70.0375,55.0071,30.3745,7.47903,0.844407,0.265385,0.144755,0.0723777,0,0.0241259,0.0482518
59524,59539,59532,5.1,-105.19,39.9216,554.744,-0.576875,322.551,638.818,173.125,10914.4,0.18913,0.072323,121.839,100.557,97.3267,100.557,89.5175,74.5738,42.0351,10.2437,1.44616,0.337438,0.192822,0.144616,0,0.0482054,0
59540,59557,59548,5.2,-105.189,39.9206,547.771,-1.39278,322.748,402.942,101.924,6540.01,0.192496,0.0412078,94.6093,67.3573,60.319,58.0015,53.152,39.1612,23.1963,5.51476,1.09437,0.193124,0.150207,0.0858328,0.0214582,0.0643746,0.0214582
59558,59574,59566,5.3,-105.188,39.9198,541.064,-2.17625,322.954,264.962,57.6278,3404.94,0.177255,0.0210413,82.353,45.4587,40.1846,32.5396,29.2252,20.3947,11.4917,2.63704,0.362895,0.169351,0.120965,0,0,0.024193,0
59575,59592,59584,5.4,-105.187,39.9193,534.326,-2.81444,323.355,289.573,62.9042,3864.84,0.18432,0.0225282,82.565,56.2343,46.1654,38.8248,28.9075,21.6102,11.498,2.87992,0.498032,0.0866142,0.0866142,0.108268,0.0649607,0.0216536,0.0216536
59593,59610,59602,5.5,-105.187,39.9188,527.323,-3.48278,323.771,291.421,59.9467,3445.66,0.172436,0.0206802,89.1715,57.5349,46.1665,37.0285,27.6956,19.1422,11.4334,2.66345,0.324811,0.10827,0.0216541,0.0649623,0.0433082,0.0216541,0
59611,59628,59620,5.6,-105.186,39.9182,520.799,-4.14611,324.123,252.15,50.8832,3032.2,0.178774,0.0169247,77.6147,51.7215,39.089,31.7653,25.1132,16.251,8.42884,1.53843,0.346688,0.10834,0.043336,0.0650039,0,0.043336,0.021668
59629,59646,59638,5.7,-105.185,39.9177,514.228,-4.95111,324.325,248.135,50.8348,2970.92,0.175328,0.017226,76.1852,49.4051,38.3102,31.6532,23.8868,17.7519,8.37559,2.00144,0.304567,0.0870191,0.108774,0.0435096,0,0,0.0217548
59647,59664,59656,5.8,-105.184,39.9173,507.69,-5.52444,324.817,163.772,33.1128,1864.01,0.168879,0.0110504,50.6229,32.3751,25.8129,20.8858,15.8496,10.5519,6.148,1.30809,0.0436029,0.0654043,0.0436029,0.0436029,0.0218014,0,0
59665,59681,59673,5.9,-105.183,39.9169,501.331,-6.31529,325.033,196.305,40.4033,2359.02,0.17516,0.0137176,57.0641,41.7007,31.6509,24.6508,18.5516,13.6769,7.02327,1.47858,0.300337,0.0462057,0.0693086,0.0231029,0.0462057,0.0231029,0
59684,59698,59691,6,-105.182,39.9167,494.968,-7.25625,325.069,310.184,65.7511,3889.09,0.177446,0.0226353,84.9104,63.0459,52.0642,40.8352,32.3268,22.2602,11.3527,2.59703,0.445205,0.0989344,0.0742008,0.0989344,0.0494672,0,0.0247336
59699,59715,59707,6.1,-105.181,39.9168,488.338,-8.13,325.249,305.684,63.9717,3790.12,0.177741,0.0219747,84.5366,64.851,50.6625,39.9655,29.615,21.2703,11.4647,2.67427,0.396188,0.0247617,0.14857,0.0247617,0,0.0247617,0.0247617
59716,59733,59724,6.2,-105.181,39.917,482.447,-8.83437,325.509,278.217,59.3439,3723.21,0.188219,0.020613,77.3211,56.0894,46.7247,36.9883,28.7384,19.3984,9.68682,2.45267,0.396392,0.123872,0.123872,0.0743234,0.0247745,0.0247745,0.0495489
59733,59751,59742,6.3,-105.18,39.9172,475.992,-9.58368,325.836,242.295,49.8264,2951.13,0.177684,0.0168506,68.7462,51.8681,40.0723,31.2254,23.4243,15.7277,8.9096,1.75682,0.271889,0.125487,0.0418291,0.0836582,0,0.0209146,0.0209146
59752,59768,59760,6.4,-105.179,39.9177,470.081,-10.3047,326.116,220.904,44.695,2612.88,0.17538,0.0151259,65.5221,47.1115,36.6345,26.5308,21.1407,14.1171,7.42023,1.82006,0.350011,0.140004,0.0700022,0.0233341,0,0,0.0233341
59769,59785,59777,6.5,-105.179,39.9182,464.059,-11.1541,326.259,192.427,39.4486,2221,0.168903,0.0133446,55.3242,40.6196,31.2621,24.5312,18.3398,13.3444,7.01227,1.66512,0.117262,0.117262,0.0234524,0.0469048,0.0234524,0,0
59786,59801,59794,6.6,-105.177,39.9186,457.971,-11.6625,326.855,157.778,32.0697,1815.08,0.169794,0.0108084,46.7768,33.2902,24.8925,19.8789,15.2915,10.3781,5.81577,1.00272,0.275748,0.0752039,0.0752039,0,0.025068,0,0
59802,59818,59810,6.7,-105.176,39.9189,452.204,-12.0212,327.588,128.778,24.7452,1344.26,0.162972,0.00796639,41.8775,26.8072,19.8589,16.0796,11.3379,7.44124,4.17836,0.915483,0.234739,0,0,0.0469479,0,0,0
59819,59834,59826,6.8,-105.174,39.9193,446.299,-12.6819,327.987,108.79,21.5672,1248.79,0.173706,0.00716398,32.8766,23.9148,18.2481,12.5815,9.46107,6.91482,3.81938,0.748897,0.124816,0.0499265,0,0,0.0249632,0.0249632,0
59835,59852,59844,6.9,-105.173,39.92,440.236,-12.89,329.017,63.121,12.2128,722.595,0.177501,0.00401757,21.8982,12.9126,9.34057,8.03156,4.92543,3.32799,1.95242,0.532479,0.0443733,0.0443733,0.110933,0,0,0,0
59853,59870,59862,7,-105.171,39.9205,434.483,-13.565,329.397,63.159,11.4836,622.391,0.162595,0.00339315,21.6858,13.7351,10.1171,6.83404,5.24836,3.59569,1.51868,0.335002,0.0223335,0,0.0670004,0,0,0,0
59871,59888,59880,7.1,-105.169,39.9209,428.71,-14.2217,329.819,70.1575,13.1872,707.867,0.161034,0.00412733,22.6307,14.7582,12.2013,7.93982,5.98851,3.99234,2.13074,0.358862,0.0897155,0.0448578,0.0224289,0,0,0,0
59889,59905,59897,7.2,-105.168,39.9211,423.123,-14.8147,330.296,84.7377,16.7715,1088.9,0.194776,0.00546661,25.6117,19.066,13.4009,11.5205,6.9266,4.90336,2.66591,0.476055,0,0.095211,0,0.0238027,0,0.0238027,0.0238027
59906,59924,59915,7.3,-105.166,39.9211,417.45,-15.5911,330.579,92.8204,17.854,998.827,0.167833,0.00562018,28.4484,19.9267,15.7406,12.2379,7.90234,4.99769,2.73378,0.619372,0.0427153,0.0854307,0.0427153,0.0427153,0,0,0
59925,59941,59933,7.4,-105.164,39.9212,411.938,-16.3106,330.915,94.5901,18.8549,1036.86,0.164975,0.00604149,25.588,21.1255,16.2595,13.3162,8.28406,6.24271,2.99081,0.61715,0.0474731,0.0712096,0.0237365,0.0237365,0,0,0
59943,59958,59950,7.5,-105.161,39.9213,406.446,-17.0644,331.208,93.8982,17.6405,943.763,0.1605,0.00530755,28.3085,20.4731,16.3279,12.2333,8.36617,5.02981,2.42644,0.556059,0.101102,0.0252754,0,0.0505508,0,0,0
59959,59976,59968,7.6,-105.159,39.9211,401.115,-17.7747,331.535,73.1016,13.5746,716.988,0.158455,0.00413086,23.0152,16.8714,11.6396,8.80771,5.75981,4.41585,2.15993,0.28799,0.119996,0,0,0.0239992,0,0,0
59977,59993,59985,7.7,-105.157,39.921,395.623,-18.0335,332.503,50.8507,8.94617,448.691,0.150464,0.00255196,17.3338,11.1723,7.95966,6.13757,4.24355,2.51736,1.17477,0.239749,0.0719247,0,0,0,0,0,0
59994,60011,60002,7.8,-105.155,39.9209,390.434,-18.6583,332.95,58.2965,10.7174,571.952,0.160101,0.00324152,19.2278,12.8488,9.12585,6.90114,5.19856,3.06465,1.56638,0.20431,0.0908045,0.0454022,0,0.0227011,0,0,0
60012,60031,60022,7.9,-105.153,39.9211,384.917,-19.2505,333.528,43.3002,7.91276,427.31,0.162008,0.00250785,14.727,9.38102,7.23035,4.97727,3.35914,2.08922,1.04461,0.368686,0.0204826,0.102413,0,0,0,0,0
60032,60048,60040,8,-105.15,39.9213,380.047,-19.8333,333.972,37.6161,7.18231,411.291,0.171793,0.00221912,10.7787,9.02787,6.72987,4.76015,3.03665,1.99707,0.957501,0.218857,0,0.0547144,0.0547144,0,0,0,0
60049,60063,60056,8.1,-105.148,39.9214,375.245,-20.3627,334.485,30.2108,5.79679,339.308,0.175601,0.00181865,9.67731,6.36016,5.07168,3.7832,2.79628,1.48038,0.767605,0.137072,0.0548289,0.0274145,0.0548289,0,0,0,0
60064,60082,60073,8.2,-105.145,39.9216,369.959,-20.94,335.079,20.6156,3.76956,214.377,0.170612,0.00119926,7.2648,4.68785,3.12523,2.3028,1.67227,0.657944,0.685358,0.137072,0.0548287,0,0.0274143,0,0,0,0
60083,60101,60092,8.3,-105.143,39.9218,365.063,-21.74,335.294,17.0644,3.19969,191.372,0.179428,0.000949886,5.21683,4.16859,2.70593,2.41339,1.26764,0.706954,0.438799,0.0975109,0,0,0.0487554,0,0,0,0
60102,60119,60110,8.4,-105.14,39.9218,359.895,-22.6783,335.403,17.1345,3.07876,162.269,0.158117,0.000944229,5.62694,3.94347,2.99796,1.93714,1.17612,0.899388,0.36898,0.138367,0.0230612,0.0230612,0,0,0,0,0
60120,60138,60129,8.5,-105.137,39.922,355.156,-23.4024,335.7,18.3886,3.45782,199.793,0.173341,0.001106,5.99895,4.50533,2.6934,2.17921,1.29773,1.07736,0.440739,0.122427,0.0244855,0.0244855,0.0244855,0,0,0,0
60139,60157,60148,8.6,-105.134,39.9217,350.294,-24.0682,336.125,19.2003,3.76457,226.43,0.180443,0.00132105,6.85024,4.19854,2.67626,2.11155,1.27675,1.15398,0.638374,0.220976,0.0245528,0.0245528,0,0.0245528,0,0,0
60158,60178,60168,8.7,-105.131,39.9215,345.217,-24.5479,336.888,20.014,4.03878,234.192,0.173958,0.00139199,5.39852,4.89378,3.31372,2.61148,1.68978,1.33866,0.614465,0.0219452,0.0219452,0.109726,0,0,0,0,0
60179,60196,60188,8.8,-105.128,39.9215,340.669,-25.0406,337.493,16.3147,3.4233,228.33,0.200096,0.00127444,5.15978,3.61185,2.77645,1.7445,1.40051,0.810823,0.515978,0.0982815,0.122852,0.0245704,0.0491408,0,0,0,0
