data/B2SAP/Locations/Boulder/NOAA-POPS-B2SAP_GMLBalloon_20230823_R0.ict
82,1001
Thornberry, T. D.
NOAA Chemical Sciences Laboratory
Portable Optical Particle Spectrometer (POPS)
Balloon Baseline Stratospheric Aerosol Profiles (B2SAP)
1,1
2023,08,23,2024,05,30
0
TIME_START,s,Seconds since midnight UTC on flight start day,Start time of 100 m altitude bin in UTC_seconds_since_midnight
49
1.0,1.0,1.0,1.0,1.0,1.0,1.0,1.0,1.0,1.0,1.0,1.0,1.0,1.0,1.0,1.0,1.0,1.0,1.0,1.0,1.0,1.0,1.0,1.0,1.0,1.0,1.0,1.0,1.0,1.0,1.0,1.0,1.0,1.0,1.0,1.0,1.0,1.0,1.0,1.0,1.0,1.0,1.0,1.0,1.0,1.0,1.0,1.0,1.0
99999,99999,99999,99999,99999,99999,99999,99999,99999,99999,99999,99999,99999,99999,99999,99999,99999,99999,99999,99999,99999,99999,99999,99999,99999,99999,99999,99999,99999,99999,99999,99999,99999,99999,99999,99999,99999,99999,99999,99999,99999,99999,99999,99999,99999,99999,99999,99999,99999
TIME_STOP,s,End time of 100 m altitude bin in UTC seconds since midnight,
TIME_MID,s,Mid time of 100 m altitude in UTC seconds since midnight,
GPSAlt,km,GPS reported altitude above sea level (km),
GPS_Lon,deg,GPS reported longitude,
GPS_Lat,deg,GPS reported latitude,
iMet_Pressure,hPa,Pressure reported (hPa),
iMet_Temperature,degrees C,Ambient temperature (oC),
THETA,K,Potential temperature from iMet,
Aerosol_concentration,cm^-3,Aerosol concentration,
Surface_Area_Conc,um^2 cm^-3,Surface area concentration,
Volume_density,um^3 cm^-3,Volume density,
Effective_radius,um,Effective radius,
Extinction,km^-1,Extinction,
Bin01,cm^-3,particle concentration in size range [140 - 146.14 nm],
Bin02,cm^-3,particle concentration in size range [146.14 - 152.56 nm],
Bin03,cm^-3,particle concentration in size range [152.56 - 159.25 nm],
Bin04,cm^-3,particle concentration in size range [159.25 - 166.24 nm],
Bin05,cm^-3,particle concentration in size range [166.24 - 173.54 nm],
Bin06,cm^-3,particle concentration in size range [173.54 - 181.16 nm],
Bin07,cm^-3,particle concentration in size range [181.16 - 189.11 nm],
Bin08,cm^-3,particle concentration in size range [189.11 - 197.41 nm],
Bin09,cm^-3,particle concentration in size range [197.41 - 206.07 nm],
Bin10,cm^-3,particle concentration in size range [206.07 - 215.12 nm],
Bin11,cm^-3,particle concentration in size range [215.12 - 224.56 nm],
Bin12,cm^-3,particle concentration in size range [224.56 - 234.41 nm],
Bin13,cm^-3,particle concentration in size range [234.41 - 244.70 nm],
Bin14,cm^-3,particle concentration in size range [244.70 - 361.30 nm],
Bin15,cm^-3,particle concentration in size range [361.30 - 472.80 nm],
Bin16,cm^-3,particle concentration in size range [472.80 - 567.00 nm],
Bin17,cm^-3,particle concentration in size range [567.00 - 610.66 nm],
Bin18,cm^-3,particle concentration in size range [610.66 - 657.69 nm],
Bin19,cm^-3,particle concentration in size range [657.69 - 708.33 nm],
Bin20,cm^-3,particle concentration in size range [708.33 - 762.88 nm],
Bin21,cm^-3,particle concentration in size range [762.88 - 821.62 nm],
Bin22,cm^-3,particle concentration in size range [821.62 - 884.89 nm],
Bin23,cm^-3,particle concentration in size range [884.89 - 953.03 nm],
Bin24,cm^-3,particle concentration in size range [953.03 - 1026.42 nm],
Bin25,cm^-3,particle concentration in size range [1026.42 - 1105.46 nm],
Bin26,cm^-3,particle concentration in size range [1105.46 - 1190.59 nm]],
[...]
LOCATION: Boulder, CO, USA
ASSOCIATED_DATA: N/A
INSTRUMENT_INFO: Printed Optical Particle Spectrometer counts particles from 140 - 2500 nm in diameter 
DATA_INFO: Particle concentrations reported in number per cubic centimeter, binned to 100 m altitude
UNCERTAINTY: Counting uncertainty dominated by air flow, less than 5 percent
ULOD_FLAG: -77777
ULOD_VALUE: 3000 ~3000 per cm3 (varies depending on flow rate- manufacturer quotes 1250  per cm3 at 1.667 cc/s)
LLOD_FLAG: -88888
LLOD_VALUE: 0 0 (varies depending on data field and measurement precision)
DM_CONTACT_INFO: Troy Thornberry, 325 Broadway R/CSL6, Boulder, CO 80305; troy.thornberry@noaa.gov; 303-497-3373
PROJECT_INFO: B2SAP Boulder, CO, USA
STIPULATIONS_ON_USE: Please contact the PIs for questions regarding applications and uncertainties
OTHER_COMMENTS: POPS bin Edges (nm):  140, 146.14, 152.56, 159.25, 166.24, 173.54, 181.16, 189.11, 197.41, 206.07, 215.12, 224.56, 234.41, 244.70, 361.30, 472.80, 567.00, 610.66, 657.69, 708.33, 762.88, 821.62, 884.89, 953.03, 1026.42, 1105.46, 1190.59, 1282.27, 1381.01, 1487.36, 1601.89, 1725.25, 1858.10, 2001.18, 2155.28, 2321.25, 2500
Calculations assume sulfate refractive index of 1.45+0.00j and extinction wavelength = 532 nm
REVISION: R0
R0: QA/QC data
TIME_START,TIME_STOP,TIME_MID,GPSAlt,GPS_Lon,GPS_Lat,iMet_Pressure,iMet_Temperature,THETA,Aerosol_concentration,Surface_Area_Conc,Volume_density,Effective_radius,Extinction,Bin01,Bin02,Bin03,Bin04,Bin05,Bin06,Bin07,Bin08,Bin09,Bin10,Bin11,Bin12,Bin13,Bin14,Bin15,Bin16,Bin17,Bin18,Bin19,Bin20,Bin21,Bin22,Bin23,Bin24,Bin25,Bin26,Bin27,Bin28,Bin29,Bin30,Bin31,Bin32,Bin33,Bin34,Bin35,Bin36
[from data line 510]
70433,70459,70446,6.1,-104.813,40.6043,492.77,-7.89739,324.694,171.931,36.0134,1990.52,0.165815,0.0123229,11.6244,11.9882,11.6561,9.99544,10.201,10.1852,8.68275,8.73019,7.57566,7.11701,6.65835,6.31041,5.53545,36.1228,12.1938,6.38949,0.442836,0.221418,0.158156,0.0632623,0,0.0474467,0.0316311,0,0,0,0,0,0,0,0,0,0,0,0,0
70460,70488,70474,6,-104.812,40.6056,497.505,-7.28692,324.555,180.093,38.1455,2135.56,0.167954,0.0133836,12.9712,12.29,12.0062,11.5237,11.2399,10.2181,9.13948,8.54343,7.18102,6.55658,6.78365,6.8688,5.67669,38.1474,12.9145,6.6985,0.482519,0.397369,0.255451,0.113534,0.0283835,0.0283835,0.0283835,0,0,0,0,0,0,0,0,0,0,0,0,0
70496,70515,70506,5.9,-104.809,40.6078,505.679,-6.62875,323.846,229.543,53.0351,3140.18,0.177629,0.0205285,14.8589,13.364,13.1827,14.3606,12.9562,12.1408,11.5972,10.3741,9.92104,10.3287,9.15091,7.88247,7.61066,49.9676,18.1206,11.2348,0.906031,0.724825,0.407714,0.0906031,0.181206,0.0453015,0.135905,0,0,0,0,0,0,0,0,0,0,0,0,0
70516,70542,70529,5.8,-104.808,40.6094,511.592,-6.28522,323.189,280.84,63.2498,3715.49,0.176229,0.0241011,17.6112,18.7248,17.4521,16.6566,16.3385,15.4794,14.6362,12.8067,13.0453,11.2635,11.4544,10.9931,8.36809,59.213,21.1589,12.3453,1.25681,0.827264,0.540903,0.254543,0.174998,0.127271,0.111362,0,0,0,0,0,0,0,0,0,0,0,0,0
70543,70567,70555,5.7,-104.807,40.6111,518.063,-5.6235,322.829,282.929,63.6402,3731.36,0.175896,0.0243953,18.6682,18.6137,17.3789,16.3982,16.6888,15.6174,14.5459,13.8922,12.9116,12.3486,10.8414,10.4782,8.80747,58.7467,20.1391,13.5108,1.32566,0.853508,0.726389,0.254236,0.0907987,0.0181597,0.0726389,0,0,0,0,0,0,0,0,0,0,0,0,0
70568,70595,70582,5.6,-104.806,40.6129,524.258,-4.5775,322.993,301.731,69.5483,4125.5,0.177955,0.0270833,18.3457,17.8968,17.5376,16.7296,17.7771,17.1486,15.6821,14.4252,14.0062,13.258,11.4324,11.1032,10.3849,65.2723,22.5655,14.2157,1.25696,1.4066,0.568626,0.359132,0.149639,0.149639,0.0598554,0,0,0,0,0,0,0,0,0,0,0,0,0
70596,70624,70610,5.5,-104.805,40.615,530.95,-3.73182,322.837,346.439,87.3232,5345.58,0.183648,0.0361394,18.0755,17.572,18.449,17.0848,19.0986,16.76,16.9549,16.2241,15.1198,14.7462,12.9273,13.788,11.5469,80.682,32.0584,20.3979,2.095,1.1693,0.97442,0.406008,0.146163,0.097442,0.0649613,0,0,0,0,0,0,0,0,0,0,0,0,0
70625,70649,70637,5.4,-104.804,40.6169,537.401,-3.34333,322.19,376.859,97.0116,5994.09,0.185362,0.0408206,19.7791,18.9677,18.4605,18.7851,19.1908,18.7243,17.4868,17.5679,16.4522,15.0524,14.4236,14.1396,13.3281,89.8075,35.3387,23.9581,2.0692,1.58233,1.01432,0.182577,0.324581,0.182577,0.0405726,0,0,0,0,0,0,0,0,0,0,0,0,0
70650,70673,70662,5.3,-104.803,40.6191,544.866,-2.33174,322.125,367.12,94.079,5816.8,0.185487,0.0397757,19.013,18.951,19.013,19.0595,18.6411,18.2692,17.9283,16.8436,15.9449,14.7517,14.4108,14.1629,11.978,85.4888,33.4238,23.6152,2.32433,1.79748,0.821263,0.309911,0.201442,0.13946,0.0309911,0,0,0,0,0,0,0,0,0,0,0,0,0
70679,70703,70691,5.2,-104.802,40.6216,552.207,-1.46789,321.918,349.614,83.9286,5062.54,0.180959,0.0337718,20.8493,20.4898,20.2439,18.4276,18.5222,18.4654,18.087,15.8167,15.5708,14.3221,14.1896,12.4869,13.1112,76.4348,29.4009,18.1438,2.00547,1.62708,0.813539,0.227034,0.170276,0.075678,0.132437,0,0,0,0,0,0,0,0,0,0,0,0,0
70704,70729,70716,5.1,-104.801,40.6234,558.674,-0.535385,321.952,356.67,82.2035,4868.13,0.177661,0.0319773,23.111,21.7329,21.5951,20.148,19.6106,19.1971,18.2049,17.9293,16.6063,14.9526,13.6709,12.8165,11.3005,76.6646,27.3418,17.5572,1.63996,1.2403,0.59259,0.330748,0.192936,0.151593,0.0826869,0,0,0,0,0,0,0,0,0,0,0,0,0
70731,70754,70742,5,-104.801,40.6249,565.576,0.251579,321.751,373.837,86.8186,5152.56,0.178046,0.0339628,23.2092,23.3021,21.4067,21.3696,21.1094,19.6972,19.214,18.638,16.6311,15.3303,14.5127,13.0261,12.5988,82.0777,28.5981,18.0619,2.08121,1.50516,0.854783,0.297316,0.148658,0.0743289,0.0929112,0,0,0,0,0,0,0,0,0,0,0,0,0
70755,70779,70767,4.9,-104.8,40.6262,572.635,0.943182,321.423,367.212,82.6014,4806.43,0.174565,0.0309902,24.4448,23.3337,22.1749,20.6987,20.6829,19.9368,18.6987,16.7304,16.6828,15.4288,15.0002,13.5875,12.0319,79.9853,28.1909,15.524,1.71431,0.968269,0.698423,0.301592,0.158733,0.126986,0.111113,0,0,0,0,0,0,0,0,0,0,0,0,0
70781,70803,70792,4.8,-104.799,40.6277,579.898,1.89692,321.383,368.239,83.3483,4846.07,0.174427,0.0313736,24.0676,22.9411,22.1718,20.7157,21.7872,18.4628,18.2155,17.1165,17.5561,16.7044,14.5889,12.7481,11.5118,80.3626,29.5624,15.523,1.75836,1.12645,0.769283,0.329693,0.0824232,0.0824232,0.0549488,0,0,0,0,0,0,0,0,0,0,0,0,0
70804,70826,70815,4.7,-104.798,40.629,587.346,2.81059,321.275,371.805,84.6062,4892.55,0.173482,0.0315803,22.5941,23.2234,21.2934,20.9577,20.2654,19.3424,18.6291,18.734,16.1536,14.2655,15.0627,14.0977,13.3634,84.5022,29.2023,16.2795,1.6783,1.09089,0.566425,0.398595,0.0209787,0.0209787,0.0629361,0,0,0,0,0,0,0,0,0,0,0,0,0
70827,70850,70838,4.6,-104.797,40.6302,594.231,3.6345,321.163,381.739,87.974,5184.67,0.176802,0.0337964,24.6978,23.5491,23.0645,20.6413,20.6952,19.367,18.8285,18.667,16.6567,15.4361,15.2746,14.5207,13.6053,85.0423,29.3646,17.9849,1.52566,1.36412,0.789756,0.17949,0.143592,0.233337,0.107694,0,0,0,0,0,0,0,0,0,0,0,0,0
70852,70879,70866,4.5,-104.796,40.6319,601.765,4.62833,321.159,382.463,87.8482,5152.06,0.175942,0.0334674,24.6203,22.8513,22.3396,22.5443,21.9302,19.4448,18.5091,17.6173,17.8366,16.1699,14.5617,13.8307,12.8219,84.9869,30.8485,17.3103,1.79828,1.16961,0.672527,0.190062,0.0877209,0.190062,0.131581,0,0,0,0,0,0,0,0,0,0,0,0,0
70880,70902,70891,4.4,-104.796,40.6334,609.141,5.30789,320.827,393.054,93.5632,5585.18,0.179083,0.0368168,23.7684,23.6393,22.5145,20.3939,20.8549,19.1585,19.1769,18.1443,18.0706,16.3004,14.4933,15.0281,13.5161,90.9061,32.6561,19.5826,1.86238,1.34607,0.829772,0.331909,0.184394,0.184394,0.110636,0,0,0,0,0,0,0,0,0,0,0,0,0
70903,70926,70914,4.3,-104.795,40.6346,616.629,6.0475,320.558,419.09,102.632,6193.86,0.181051,0.0412672,24.1824,23.4884,22.4563,22.9902,22.1538,20.1965,20.0185,19.805,16.9223,17.0825,15.9081,15.6056,14.2354,98.7936,37.5992,22.1182,2.22428,1.63707,0.925301,0.195737,0.320296,0.0889712,0.142354,0,0,0,0,0,0,0,0,0,0,0,0,0
70928,70947,70938,4.2,-104.795,40.6355,624.302,6.90437,320.408,430.036,107.995,6646.18,0.184625,0.045021,23.7311,24.0081,23.8802,22.2186,23.5607,19.8753,21.1961,19.7901,18.3842,17.0847,15.6574,16.19,14.5923,99.7389,37.8548,25.9892,2.34329,1.91724,1.10774,0.426053,0.127816,0.170421,0.191724,0,0,0,0,0,0,0,0,0,0,0,0,0
70948,70970,70959,4.1,-104.794,40.6363,631.581,7.69304,320.247,434.778,109.907,6770.24,0.184799,0.0458851,24.0195,24.3322,23.8854,21.0561,22.2772,20.3413,21.3242,20.2222,18.0928,17.4971,17.0653,16.2761,15.5464,100.426,40.0126,25.7766,2.65063,1.87629,1.34021,0.268041,0.119129,0.193585,0.178694,0,0,0,0,0,0,0,0,0,0,0,0,0
70971,70993,70982,4,-104.794,40.6374,639.277,8.67261,320.254,452.836,113.257,6880.28,0.182248,0.0461647,23.9532,23.5615,24.8119,22.4467,24.3901,21.9646,21.6633,20.5485,19.9008,18.0478,17.0234,16.6015,16.4961,107.413,42.3776,25.7459,2.5761,1.47636,1.00935,0.361558,0.210909,0.120519,0.135584,0,0,0,0,0,0,0,0,0,0,0,0,0
70996,71018,71007,3.9,-104.793,40.6386,647.336,9.64905,320.216,463.106,117.018,7150.42,0.183316,0.0482598,24.9768,24.5299,24.1492,22.643,24.0003,22.5106,21.5671,20.8388,20.4581,19.6306,17.5616,17.2636,15.145,111.146,42.6377,27.9396,2.48279,1.78761,1.00967,0.380694,0.165519,0.132415,0.148967,0,0,0,0,0,0,0,0,0,0,0,0,0
71019,71037,71028,3.8,-104.793,40.6395,654.267,10.45,320.146,462.044,116.648,7105.63,0.182745,0.0478504,23.7278,24.5002,21.6887,22.7701,23.8205,23.6969,22.0286,21.0708,20.0821,18.6301,19.3407,17.765,16.3747,109.834,43.3774,27.4353,2.19359,2.03911,0.895973,0.370747,0.0617912,0.247165,0.0926868,0,0,0,0,0,0,0,0,0,0,0,0,0
71041,71062,71052,3.7,-104.793,40.6407,663.132,11.4175,320.003,482.133,122.973,7497.31,0.182902,0.0505687,23.1904,25.1538,24.3001,23.3896,24.044,24.2717,22.223,20.971,20.9994,19.3491,19.1499,17.9548,16.9304,119.452,45.3849,28.9382,3.10154,1.45118,1.10973,0.284545,0.312999,0.113818,0.056909,0,0,0,0,0,0,0,0,0,0,0,0,0
71063,71082,71072,3.6,-104.793,40.6415,669.473,12.1833,319.995,471.949,124.511,7848.73,0.189109,0.0540321,25.3905,25.9535,24.6587,21.5623,23.2512,23.026,21.1682,21.2808,18.2407,19.1977,18.0718,17.171,16.4954,111.246,45.1513,32.7656,2.87122,1.74525,1.40746,0.562983,0.225193,0.168895,0.33779,0,0,0,0,0,0,0,0,0,0,0,0,0
71095,71106,71100,3.5,-104.793,40.6424,680.31,13.3314,319.813,485.909,125.154,7685.99,0.184238,0.0521605,26.932,25.7996,24.1748,23.0424,25.1595,22.1562,23.0424,21.2207,21.3684,18.2173,18.4142,15.657,17.2818,117.969,49.9744,28.4091,3.29881,1.96944,0.886246,0.393887,0.393887,0.0984718,0.0492359,0,0,0,0,0,0,0,0,0,0,0,0,0
71107,71128,71118,3.4,-104.793,40.6429,686.842,14.032,319.719,486.582,123.445,7495.5,0.182158,0.0504713,26.308,23.1529,24.4985,24.1737,25.1944,23.5705,22.8049,22.6657,20.7866,19.1858,18.5826,18.3275,17.1211,117.667,47.3962,29.5327,2.57512,1.41516,0.881574,0.32479,0.255192,0.0927972,0.0695979,0,0,0,0,0,0,0,0,0,0,0,0,0
71131,71151,71141,3.3,-104.793,40.6437,695.276,15.0041,319.685,479.085,120.48,7308.46,0.181983,0.0490127,25.7039,25.4837,22.9813,22.8212,24.5028,22.581,23.1615,21.8403,20.9395,20.1988,19.5782,17.9367,17.5563,114.927,44.6214,28.8068,2.2621,1.56145,0.800744,0.360335,0.180167,0.0800744,0.200186,0,0,0,0,0,0,0,0,0,0,0,0,0
71152,71174,71163,3.2,-104.793,40.6443,703.454,15.9367,319.651,480.423,123.382,7578.7,0.184273,0.051299,24.0624,25.1859,23.5006,23.5006,24.0062,21.7966,22.8639,22.2834,20.9914,19.0814,18.4072,17.9578,17.1901,118.102,45.4095,29.4179,2.77138,1.85383,1.16099,0.374511,0.187256,0.16853,0.149805,0,0,0,0,0,0,0,0,0,0,0,0,0
71175,71195,71185,3.1,-104.793,40.6449,711.411,16.7308,319.5,484.298,122.473,7463.04,0.182808,0.0501811,25.1152,25.8731,22.8415,24.6448,24.2789,23.7562,22.162,24.1483,20.986,19.5486,18.7907,17.876,16.8045,116.612,46.5194,28.1468,2.37824,1.98622,0.966976,0.365883,0.156807,0.182941,0.156807,0,0,0,0,0,0,0,0,0,0,0,0,0
71199,71219,71209,3,-104.793,40.6453,720.633,17.665,319.354,481.904,118.96,7150.3,0.18032,0.04744,26.0737,25.1898,25.6318,24.034,23.5921,23.2861,23.7621,23.3881,19.7167,19.7167,19.0368,18.6969,17.7111,115.853,44.4306,26.3456,2.31162,1.52975,0.849859,0.237961,0.135977,0.135977,0.237961,0,0,0,0,0,0,0,0,0,0,0,0,0
71224,71241,71232,2.9,-104.793,40.6456,729.214,18.524,319.214,487.712,121.476,7325.48,0.180912,0.0488443,24.8522,25.9803,26.0487,23.69,24.4762,24.2711,23.0405,22.3909,21.0577,18.9041,19.7245,18.0495,17.9128,119.373,44.7477,27.3477,2.6664,1.46994,0.854616,0.376031,0.205108,0.136739,0.136739,0,0,0,0,0,0,0,0,0,0,0,0,0
71242,71265,71254,2.8,-104.792,40.646,737.358,19.3092,319.06,484.164,119.438,7149.06,0.179568,0.047534,24.5918,26.8761,24.6482,23.1817,24.6482,24.9302,25.6634,21.969,21.2358,19.7129,17.1183,18.19,17.6542,116.895,44.4739,27.2427,2.11512,1.55109,0.958853,0.197411,0.141008,0.0282016,0.141008,0,0,0,0,0,0,0,0,0,0,0,0,0
71266,71288,71277,2.7,-104.792,40.6463,745.832,19.8362,318.594,493.906,123.42,7437.57,0.180787,0.049522,25.7902,25.6605,22.9621,23.8702,24.7005,23.7924,25.2713,22.3135,23.5589,20.7048,19.3816,18.3178,16.3459,120.908,47.507,27.2951,2.04973,1.60865,0.985944,0.467026,0.12973,0.12973,0.155675,0,0,0,0,0,0,0,0,0,0,0,0,0
71290,71313,71302,2.6,-104.792,40.6466,754.011,20.5467,318.373,496.15,124.608,7491.4,0.180359,0.049949,26.0755,24.6219,25.2034,23.951,25.5164,22.9223,24.1299,21.7818,21.6476,20.1045,18.7404,19.5678,17.488,121.902,48.8636,28.7591,1.9456,1.47597,0.849803,0.245995,0.134179,0.0894529,0.134179,0,0,0,0,0,0,0,0,0,0,0,0,0
71319,71337,71328,2.5,-104.792,40.647,764.316,21.43,318.092,484.053,120.876,7236.88,0.179611,0.0482232,25.1944,24.024,24.3936,22.638,24.8556,23.562,22.6688,21.868,21.714,19.7736,19.3732,18.2952,17.6176,119.566,45.0913,28.8288,2.0328,1.386,0.616001,0.2772,0.154,0.0308,0.0924001,0,0,0,0,0,0,0,0,0,0,0,0,0
71341,71363,71352,2.4,-104.793,40.6476,772.741,22.2853,318.019,481.813,119.277,7094.65,0.178441,0.0470604,24.8323,25.0301,24.5027,23.0743,23.7775,23.294,22.3711,21.558,21.7777,20.2614,20.1515,18.1737,17.3826,118.514,44.9179,27.843,2.10965,1.14273,0.63729,0.263706,0.087902,0.0659265,0.043951,0,0,0,0,0,0,0,0,0,0,0,0,0
71365,71388,71376,2.3,-104.793,40.6483,780.998,23.077,317.904,490.029,121.424,7256.33,0.179281,0.0481449,24.8724,24.4056,25.4892,23.7555,24.689,23.4054,24.1889,22.3718,20.438,20.188,20.7714,19.2544,17.6874,120.928,45.2771,27.1229,2.20051,1.40032,0.900207,0.33341,0.200046,0.100023,0.0500115,0,0,0,0,0,0,0,0,0,0,0,0,0
71390,71415,71402,2.2,-104.793,40.6494,789.958,23.8105,317.655,487.763,123.077,7423.14,0.18094,0.0494962,24.1507,24.2102,23.5849,23.8231,23.2871,23.9422,23.0489,21.679,21.7386,20.3985,19.4158,19.3712,17.2271,121.617,46.2913,28.7664,2.62054,1.10182,0.893367,0.193563,0.104226,0.0446683,0.253121,0,0,0,0,0,0,0,0,0,0,0,0,0
71416,71438,71427,2.1,-104.793,40.6504,798.663,24.7304,317.642,484.713,122.829,7412.22,0.181037,0.0496005,23.7606,24.8792,23.8314,23.1517,24.3695,22.7552,23.449,20.433,20.8861,19.5692,19.201,19.5409,17.4452,119.723,48.0875,28.4334,2.27977,1.55761,0.750483,0.198241,0.212401,0.11328,0.0849603,0,0,0,0,0,0,0,0,0,0,0,0,0
71439,71469,71454,2,-104.794,40.6516,808.209,25.6926,317.588,516.501,134.283,8196.29,0.183112,0.0552983,24.2877,24.7863,24.1468,22.9763,24.8621,24.0384,24.6779,22.5862,22.7596,21.0363,20.1802,19.2914,18.4353,131.789,52.618,32.1018,2.36266,1.78825,1.0296,0.292623,0.216758,0.130055,0.108379,0,0,0,0,0,0,0,0,0,0,0,0,0
71470,71509,71490,1.9,-104.795,40.6531,816.71,26.6274,317.632,503.156,130.005,7906.72,0.182456,0.053283,24.5876,23.9208,24.1208,23.5778,24.4447,23.1682,23.7779,22.4156,21.663,21.0343,19.5958,18.8813,17.5,125.844,51.9189,31.5228,2.0196,1.63854,0.857376,0.333424,0.10479,0.123843,0.10479,0,0,0,0,0,0,0,0,0,0,0,0,0
