data/B2SAP/Locations/Boulder/NOAA-POPS-B2SAP_GMLBalloon_20190827_R0.ict
61,1001
Thornberry, T. D.
NOAA Chemical Sciences Laboratory
Portable Optical Particle Spectrometer (POPS)
Balloon Baseline Stratospheric Aerosol Profiles (B2SAP)
1,1
2019,08,27,2024,05,30
0
TIME_START,s,Seconds since midnight UTC on flight start day,Start time of 100 m altitude bin in UTC_seconds_since_midnight
28
1.0,1.0,1.0,1.0,1.0,1.0,1.0,1.0,1.0,1.0,1.0,1.0,1.0,1.0,1.0,1.0,1.0,1.0,1.0,1.0,1.0,1.0,1.0,1.0,1.0,1.0,1.0,1.0
99999,99999,99999,99999,99999,99999,99999,99999,99999,99999,99999,99999,99999,99999,99999,99999,99999,99999,99999,99999,99999,99999,99999,99999,99999,99999,99999,99999
TIME_STOP,s,End time of 100 m altitude bin in UTC seconds since midnight,
TIME_MID,s,Mid time of 100 m altitude in UTC seconds since midnight,
GPSAlt,m,GPS reported altitude above sea level (m),
GPS_Lon,deg,GPS reported longitude,
GPS_Lat,deg,GPS reported latitude,
iMet_Pressure,mb,Pressure reported (mB),
iMet_Temperature,degrees C,Ambient temperature (oC),
THETA,K,Potential temperature from iMet,
Aerosol_concentration,cm^-3,Aerosol concentration,
Surface_Area_Conc,um^2 cm^-3,Surface area concentration,
Volume_density,um^3 cm^-3,Volume density,
Effective_radius,um,Effective radius,
Extinction,km^-1,Extinction,
Bin01,cm^-3,particle concentration in size range [140 - 170 nm],
Bin02,cm^-3,particle concentration in size range [170 - 205 nm],
Bin03,cm^-3,particle concentration in size range [205 - 249 nm],
Bin04,cm^-3,particle concentration in size range [249 - 302 nm],
Bin05,cm^-3,particle concentration in size range [302 - 366 nm],
Bin06,cm^-3,particle concentration in size range [366 - 443 nm],
Bin07,cm^-3,particle concentration in size range [443 - 537 nm],
Bin08,cm^-3,particle concentration in size range [537 - 651 nm],
Bin09,cm^-3,particle concentration in size range [651 - 789 nm],
Bin10,cm^-3,particle concentration in size range [789 - 956 nm],
Bin11,cm^-3,particle concentration in size range [956 - 1159 nm],
Bin12,cm^-3,particle concentration in size range [1159 - 1404 nm],
Bin13,cm^-3,particle concentration in size range [1404 - 1702 nm],
Bin14,cm^-3,particle concentration in size range [1702 - 2062 nm],
Bin15,cm^-3,particle concentration in size range [2062 - 2500 nm],
0
19
PI_CONTACT_INFO: 325 Broadway R/CSL6, Boulder, CO 80305; troy.thornberry@noaa.gov; 303-497-3373 
PLATFORM: GML ECC/FPH balloon
LOCATION: Boulder, CO, USA
ASSOCIATED_DATA: N/A
INSTRUMENT_INFO: Printed Optical Particle Spectrometer counts particles from 140 - 2500 nm in diameter 
DATA_INFO: Particle concentrations reported in number per cubic centimeter, binned to 100 m altitude
UNCERTAINTY: Counting uncertainty dominated by air flow, less than 5 percent
ULOD_FLAG: -77777
ULOD_VALUE: 3000 ~3000 per cm3 (varies depending on flow rate- manufacturer quotes 1250  per cm3 at 1.667 cc/s)
LLOD_FLAG: -88888
LLOD_VALUE: 0 0 (varies depending on data field and measurement precision)
DM_CONTACT_INFO: Troy Thornberry, 325 Broadway R/CSL6, Boulder, CO 80305; troy.thornberry@noaa.gov; 303-497-3373
PROJECT_INFO: B2SAP Boulder, CO, USA
STIPULATIONS_ON_USE: Please contact the PIs for questions regarding applications and uncertainties
OTHER_COMMENTS: POPS bin Edges (nm):  140, 170, 205, 249, 302, 366, 443, 537, 651, 789, 956, 1159, 1404, 1702, 2062, 2500
Calculations assume sulfate refractive index of 1.45+0.00j and extinction wavelength = 532 nm
REVISION: R0
R0: QA/QC data
TIME_START,TIME_STOP,TIME_MID,GPSAlt,GPS_Lon,GPS_Lat,iMet_Pressure,iMet_Temperature,THETA,Aerosol_concentration,Surface_Area_Conc,Volume_density,Effective_radius,Extinction,Bin01,Bin02,Bin03,Bin04,Bin05,Bin06,Bin07,Bin08,Bin09,Bin10,Bin11,Bin12,Bin13,Bin14,Bin15
[from data line 312]
63428,63445,63436,21.8,-104.827,39.6829,42.7682,-56.7118,532.649,2.98595,1.20594,92.643,0.230467,0.00069039,0.277047,0.30783,0.461745,0.369396,0.492528,0.523311,0.354004,0.10774,0.061566,0.030783,0,0,0,0,0
63446,63462,63454,21.7,-104.828,39.6837,43.4635,-56.6706,530.31,2.955,1.15163,81.7425,0.21294,0.000627285,0.181846,0.318231,0.439462,0.500078,0.46977,0.424308,0.409155,0.197,0.0151539,0,0,0,0,0,0
63463,63479,63471,21.6,-104.83,39.6845,44.2082,-56.2582,528.735,3.30305,1.32461,99.7457,0.225906,0.000767599,0.328811,0.433432,0.448378,0.373649,0.538054,0.418486,0.538054,0.149459,0.0597838,0.0149459,0,0,0,0,0
63480,63497,63488,21.5,-104.831,39.6849,44.9272,-57.1133,524.24,3.02732,1.15974,84.9838,0.219834,0.000641276,0.281611,0.394256,0.464659,0.352014,0.478739,0.464659,0.422417,0.112645,0.0422417,0.0140806,0,0,0,0,0
63498,63514,63506,21.4,-104.831,39.6848,45.6441,-56.8506,522.5,3.42096,1.5473,137.664,0.266911,0.000915693,0.283835,0.448161,0.448161,0.403345,0.582609,0.567671,0.313713,0.239019,0.0746935,0.0298774,0.0298774,0,0,0,0
63515,63532,63524,21.3,-104.832,39.6845,46.38,-56.0129,522.136,3.21431,1.53383,154.743,0.302661,0.000927147,0.28274,0.357145,0.327383,0.401788,0.520837,0.625004,0.401788,0.163692,0.119048,0,0,0,0,0.014881,0
63533,63550,63542,21.2,-104.832,39.684,47.1711,-56.495,518.469,2.78563,1.10291,83.2102,0.226339,0.000646686,0.323583,0.351721,0.393927,0.351721,0.379858,0.393927,0.351721,0.154757,0.084413,0,0,0,0,0,0
63551,63567,63559,21.1,-104.833,39.6836,47.9129,-56.1606,516.952,3.37602,1.50674,124.438,0.247763,0.000935067,0.343854,0.422002,0.484521,0.218816,0.453262,0.750226,0.406372,0.140667,0.0937782,0.0625188,0,0,0,0,0
63568,63585,63576,21,-104.833,39.6835,48.7147,-55.9429,515.033,3.76792,1.66499,141.123,0.254277,0.000999838,0.326227,0.342538,0.60352,0.489341,0.652454,0.554586,0.473029,0.130491,0.146802,0.0326227,0.0163114,0,0,0,0
63586,63602,63594,20.9,-104.834,39.6834,49.4356,-55.9325,512.889,3.41401,1.32048,100.832,0.229081,0.000757064,0.38126,0.571889,0.41592,0.31194,0.606549,0.467909,0.39859,0.19063,0.03466,0.03466,0,0,0,0,0
63603,63620,63612,20.8,-104.834,39.6834,50.2556,-56.2006,509.863,4.50827,1.8718,147.053,0.235687,0.00110159,0.449277,0.573216,0.449277,0.728139,0.619693,0.759124,0.573216,0.232385,0.0619693,0.0619693,0,0,0,0,0
63621,63638,63630,20.7,-104.834,39.6838,51.1067,-56.1483,507.539,4.3426,1.84393,159.907,0.260162,0.00106352,0.309082,0.618164,0.772705,0.571802,0.571802,0.710889,0.33999,0.293628,0.0927246,0.0309082,0.0154541,0.0154541,0,0,0
63639,63657,63648,20.6,-104.835,39.6847,51.9678,-56.1278,505.171,7.08559,2.40158,177.086,0.221211,0.00122875,0.883761,1.16284,1.08532,1.08532,0.945779,0.930274,0.558165,0.356605,0.0310091,0.0310091,0.0155046,0,0,0,0
63658,63675,63666,20.5,-104.835,39.6857,52.7976,-55.9735,503.25,21.9032,8.40941,675.389,0.24094,0.00460162,1.77861,3.7219,3.06316,2.96435,3.04669,3.65603,2.27267,0.93871,0.296435,0.11528,0.0329372,0,0,0.0164686,0
63676,63692,63684,20.4,-104.836,39.6865,53.5976,-55.6665,501.792,32.2495,14.0397,1131.96,0.241877,0.00823546,2.06476,4.06396,4.12951,4.08035,4.93247,6.25982,4.12951,1.60592,0.540769,0.3769,0.0491609,0.016387,0,0,0
63693,63711,63702,20.3,-104.836,39.6872,54.5189,-55.1733,500.499,34.5159,15.3947,1315.73,0.256399,0.00887138,2.20182,4.12454,4.88432,4.49668,4.99287,6.60547,4.52769,1.55058,0.58922,0.310116,0.170564,0.0465174,0.0155058,0,0
63712,63728,63720,20.2,-104.837,39.6876,55.3476,-55.3241,497.991,28.3384,12.7134,1090.75,0.257386,0.00750389,1.80186,4.06239,3.70201,3.30888,4.37362,4.75037,3.99686,1.31045,0.573321,0.27847,0.180186,0,0,0,0
63729,63746,63738,20.1,-104.838,39.6875,56.2383,-55.2006,496.011,28.0751,12.7268,1140.75,0.268902,0.00740331,1.75663,3.79309,3.57545,4.18172,4.35272,4.67918,3.42,1.10373,0.637363,0.310909,0.233181,0.0310909,0,0,0
63747,63764,63756,20,-104.838,39.6873,57.1606,-55.4306,493.194,26.4484,10.1261,799.412,0.236837,0.00550702,2.28344,4.00834,4.13976,3.84406,3.56479,4.09047,2.98982,0.82138,0.459973,0.147848,0.082138,0.0164276,0,0,0
63765,63782,63774,19.9,-104.838,39.6872,58.1144,-55.8456,489.923,44.057,18.1358,1519.32,0.251325,0.0100752,2.9184,6.11772,6.64834,6.49228,6.92926,7.55351,4.3698,1.52943,0.811534,0.421374,0.249703,0.0156064,0,0,0
63783,63800,63792,19.8,-104.837,39.6875,59.0394,-56.27,486.776,39.772,16.964,1474.88,0.260826,0.0096004,2.66139,5.02523,5.98399,6.21541,6.43031,6.61214,3.85157,1.40508,0.776927,0.528971,0.198364,0.0826518,0,0,0
63801,63818,63810,19.7,-104.837,39.6882,59.9589,-57.4728,481.936,14.4945,5.55695,442.308,0.238786,0.00297444,1.14142,2.12649,2.31412,2.12649,2.23594,2.15776,1.57923,0.422171,0.250175,0.0781798,0.015636,0.0469079,0,0,0
63819,63837,63828,19.6,-104.837,39.6892,60.9742,-58.0121,478.433,12.0026,4.33877,331.327,0.229093,0.00230751,0.953057,1.87633,2.26351,1.80187,1.62318,1.62318,1.2211,0.312722,0.238264,0.0595661,0.029783,0,0,0,0
63838,63857,63848,19.5,-104.837,39.6901,61.9835,-57.5405,477.236,13.0654,4.92436,435.845,0.265524,0.00274,1.46581,2.49469,2.28328,1.84635,1.55037,1.53628,0.972507,0.380546,0.239603,0.211414,0.0140943,0.0704715,0,0,0
63858,63878,63868,19.4,-104.838,39.6906,63.0371,-57.899,474.151,13.355,5.06548,401.471,0.237768,0.00283739,1.23982,2.25055,2.21012,1.85973,1.68454,1.75192,1.26677,0.76815,0.202145,0.0808579,0.040429,0,0,0,0
63879,63897,63888,19.3,-104.839,39.6911,64.0744,-57.5994,472.611,13.8306,5.08048,392.377,0.231697,0.00271953,1.18771,2.28166,2.21915,2.03161,1.85971,2.31291,1.04706,0.546973,0.203161,0.109395,0.0156278,0.0156278,0,0,0
63898,63917,63908,19.2,-104.839,39.6912,65.114,-57.8935,469.789,12.5785,4.66895,349.071,0.224293,0.00250251,1.01645,1.97642,1.89172,1.75055,1.8776,2.04701,1.32703,0.451754,0.127056,0.0988212,0.0141173,0,0,0,0
63918,63937,63928,19.1,-104.84,39.6909,66.2358,-58.5774,466.025,10.138,3.51068,252.009,0.215351,0.00178183,1.00036,1.5528,1.68717,1.508,1.29897,1.62745,1.00036,0.328476,0.0895845,0.0298615,0.0149307,0,0,0,0
63938,63956,63947,19,-104.84,39.6905,67.2647,-58.5511,464.03,8.79689,3.12978,234.279,0.224565,0.00165808,0.897642,1.51103,1.46615,1.06221,1.22678,1.2567,0.85276,0.374017,0.0897642,0.0448821,0,0.0149607,0,0,0
63957,63977,63967,18.9,-104.84,39.6906,68.3805,-58.0852,462.855,8.77705,3.00233,230.45,0.230271,0.00155497,0.972227,1.52586,1.55286,1.37732,1.08025,0.985731,0.783183,0.337579,0.0810189,0.0540126,0.0135032,0.0135032,0,0,0
63978,63996,63987,18.8,-104.84,39.691,69.4978,-57.1272,462.778,8.99818,3.20101,240.982,0.22585,0.00162341,0.798099,1.48666,1.36146,1.28322,1.39276,1.42406,0.860695,0.219086,0.109543,0.031298,0.031298,0,0,0,0
63997,64016,64006,18.7,-104.84,39.6916,70.615,-56.9675,461.003,8.94018,3.33746,254.845,0.229077,0.00179799,0.787186,1.40569,1.36352,1.19484,1.32135,1.46192,0.857471,0.379536,0.0702845,0.0843414,0,0.0140569,0,0,0
64017,64034,64026,18.6,-104.84,39.6923,71.7211,-56.8706,459.172,8.69864,3.21755,238.661,0.222524,0.00172203,0.844832,1.45499,1.31418,0.985638,1.04822,1.45499,1.23596,0.219031,0.0938702,0.0312901,0.015645,0,0,0,0
64035,64052,64044,18.5,-104.84,39.6926,72.8944,-56.0528,458.775,8.96653,3.12587,223.958,0.214939,0.0016508,0.762404,1.67397,1.40879,1.2762,1.12703,1.39222,0.828699,0.314906,0.149166,0.033148,0,0,0,0,0
64053,64070,64062,18.4,-104.84,39.6925,74.0178,-55.7272,457.457,9.87136,3.28725,242.371,0.221192,0.00172594,1.17147,1.77443,1.84334,1.25761,1.20592,1.27483,0.861375,0.292867,0.06891,0.120592,0,0,0,0,0
64071,64086,64078,18.3,-104.84,39.6917,75.2275,-56.9931,452.701,9.83433,3.2197,244.279,0.227611,0.00155853,1.13173,1.61954,1.83418,1.58052,1.26832,1.2488,0.702452,0.312201,0.0390251,0.0585377,0.0195126,0.0195126,0,0,0
64087,64104,64096,18.2,-104.839,39.6905,76.4506,-58.3656,447.751,7.65566,2.58813,193.521,0.224318,0.00127277,0.732432,1.51718,1.30791,0.90682,1.04633,1.09865,0.697554,0.261583,0.0523166,0,0.0348777,0,0,0,0
64105,64125,64115,18.1,-104.839,39.6889,77.7519,-60.44,441.298,10.8791,3.64783,266.407,0.219094,0.00188555,0.997247,2.19092,1.76785,1.60164,1.5412,1.26922,0.906588,0.362635,0.196427,0.0302196,0.0151098,0,0,0,0
64126,64146,64136,18,-104.837,39.687,79.0486,-62.3881,435.198,15.496,4.82545,342.797,0.213118,0.00226453,1.40595,2.93416,2.85775,2.59795,2.24647,1.89498,0.932207,0.397334,0.122257,0.0764104,0.0305642,0,0,0,0
64147,64169,64158,17.9,-104.835,39.6847,80.3696,-63.6726,430.492,20.6911,6.25285,455.33,0.218459,0.00287529,2.06771,4.4847,3.96777,3.15745,2.57067,2.47287,1.28534,0.335305,0.195594,0.0838262,0.0698552,0,0,0,0
64170,64189,64180,17.8,-104.833,39.6828,81.72,-64.6085,426.542,24.0625,6.59698,438.7,0.1995,0.00287254,2.83947,5.40311,4.42957,4.05639,2.95305,2.61231,1.10334,0.29206,0.243383,0.113579,0.0162255,0,0,0,0
64190,64210,64200,17.7,-104.83,39.6814,83.1105,-65.959,421.738,26.6335,7.44667,506.037,0.203864,0.00328359,3.25357,5.72236,5.00298,4.49614,3.07373,2.86118,1.48781,0.39239,0.163496,0.147146,0.0326992,0,0,0,0
64211,64232,64222,17.6,-104.828,39.6805,84.4968,-66.2364,419.185,29.7583,9.15556,653.343,0.214081,0.00432214,2.74989,6.27273,5.26196,4.84576,4.26605,3.29987,1.90263,0.609436,0.371607,0.118914,0.0445929,0.0148643,0,0,0
64233,64253,64243,17.5,-104.825,39.6798,85.9329,-66.4357,416.777,33.5062,11.0055,790.43,0.215463,0.00552761,3.26057,5.72928,6.17955,5.1548,4.93743,3.97478,2.56187,1.16449,0.31053,0.201845,0.031053,0,0,0,0
64254,64278,64266,17.4,-104.822,39.6794,87.41,-66.796,414.02,40.1468,14.2172,1066.84,0.225116,0.00733294,2.6214,6.99915,6.7239,6.18651,6.48797,5.95059,3.00151,1.27138,0.524281,0.301461,0.0786421,0,0,0,0
64279,64304,64292,17.3,-104.819,39.6789,88.9412,-66.6935,412.18,47.9824,20.2021,1658.45,0.246279,0.0115034,2.86163,6.2755,6.95325,7.21682,7.41764,8.2209,5.38438,2.08346,0.916223,0.451836,0.163163,0.037653,0,0,0
64305,64330,64318,17.2,-104.816,39.6783,90.4365,-67.0746,409.469,60.3768,27.8614,2366.21,0.254784,0.0166148,2.37932,7.01207,7.78,9.10184,9.78165,11.3049,7.36456,3.15984,1.49809,0.704984,0.264369,0.025178,0,0,0
64331,64355,64343,17.1,-104.813,39.678,91.9596,-66.468,408.708,61.9004,30.3387,2675.79,0.264592,0.0186488,2.30563,6.57822,8.32373,8.49307,9.49609,11.5933,8.79267,3.41286,1.60222,0.911833,0.377759,0.0130262,0,0,0
64356,64377,64366,17,-104.811,39.6778,93.4423,-66.0795,407.616,62.5601,27.5842,2320.46,0.252369,0.0163861,5.00955,7.33648,7.92932,8.46289,9.93018,11.3234,7.17344,2.91977,1.3339,0.918912,0.207496,0.0148212,0,0,0
64378,64401,64390,16.9,-104.809,39.6773,95.0321,-66.1517,405.517,56.2793,25.1631,2080.47,0.248038,0.0148686,2.50702,7.18229,7.2636,8.03603,8.80846,10.5295,7.18229,2.66964,1.28739,0.623368,0.162618,0.027103,0,0,0
64402,64423,64412,16.8,-104.806,39.6762,96.6477,-66.0777,403.705,54.3446,24.9162,2183.55,0.262907,0.0148053,3.45748,5.82158,7.43211,7.90493,8.80624,9.89964,6.20574,2.30499,1.37413,0.783105,0.354614,0,0,0,0
64424,64443,64434,16.7,-104.804,39.6749,98.26,-66.0637,401.836,55.7499,24.2328,2022.2,0.250346,0.0143343,3.44276,7.09475,8.02677,8.57837,8.12187,8.82564,6.88552,2.54878,1.40754,0.608665,0.209229,0,0,0,0
64444,64465,64454,16.6,-104.802,39.6743,99.7314,-66.3979,399.488,55.3964,25.2196,2222.27,0.26435,0.0149714,3.59002,7.57311,7.57311,7.23245,8.01859,9.1978,7.12764,2.98732,0.995773,0.681318,0.393068,0.0262045,0,0,0
64467,64488,64478,16.5,-104.799,39.6741,101.701,-65.5145,398.953,58.0049,25.7156,2188.7,0.255336,0.0153487,4.07081,7.31084,7.84254,8.17485,8.93917,9.35456,7.1613,2.87449,1.1797,0.847393,0.249233,0,0,0,0
64489,64513,64501,16.4,-104.797,39.6747,103.419,-65.4168,397.241,61.221,28.5545,2494.45,0.262072,0.0175117,3.54268,7.91979,7.84659,8.22721,9.4569,10.4963,7.56845,3.33773,1.47856,1.05402,0.278144,0.0146392,0,0,0
64514,64538,64526,16.3,-104.795,39.6754,105.138,-64.6888,396.755,63.5599,29.3102,2548.28,0.260826,0.0178527,4.24024,7.83935,8.3202,8.80105,9.0779,11.0305,8.33477,3.05997,1.50084,1.04913,0.291425,0.0145713,0,0,0
64539,64562,64550,16.2,-104.793,39.6756,106.931,-64.0854,395.985,63.8992,31.4637,2875.98,0.274219,0.0194944,3.5854,7.23158,8.43177,8.29504,10.1789,10.9233,8.43177,3.44867,1.71674,1.13943,0.486156,0.0303848,0,0,0
64563,64587,64575,16.1,-104.792,39.6753,108.726,-63.2016,395.777,64.4716,31.8076,2946.91,0.277944,0.0196659,3.12239,7.89271,8.76005,8.83232,9.87312,10.7115,8.44202,3.39705,1.60456,1.27209,0.462577,0.0867331,0.0144555,0,0
64588,64612,64600,16,-104.79,39.6743,110.522,-62.2388,395.728,63.9167,31.7359,2865.24,0.270851,0.0200939,3.39952,6.88511,8.53466,8.70679,9.32358,11.6903,8.34819,3.21305,2.12291,1.34833,0.286879,0.0573759,0,0,0
64613,64640,64626,15.9,-104.787,39.6725,112.418,-62,394.259,62.7861,31.5344,2924,0.278172,0.019907,3.49026,7.46812,8.09688,8.58449,8.86679,10.7402,8.49467,3.27212,2.04026,1.23186,0.410619,0.076991,0.0128318,0,0
64641,64670,64656,15.8,-104.784,39.6699,114.246,-62.366,391.771,41.2706,16.2025,1331.71,0.246575,0.00910481,3.01892,6.86446,6.50506,6.07379,6.20556,5.59459,4.15701,1.46154,0.718791,0.515134,0.155738,0,0,0,0
64671,64705,64688,15.7,-104.78,39.6663,116.131,-62.264,390.125,25.094,7.32916,536.977,0.219797,0.0034557,3.21508,5.62896,5.08455,3.44106,2.85556,2.49605,1.30452,0.606037,0.256795,0.143805,0.0513591,0,0.0102718,0,0
64706,64739,64722,15.6,-104.774,39.6626,118.045,-62.8071,387.309,19.6162,4.75374,310.846,0.196169,0.00187898,2.85077,5.01269,3.88934,3.39125,1.98176,1.29291,0.688847,0.317929,0.0741835,0.0847812,0.0317929,0,0,0,0
64740,64769,64754,15.5,-104.767,39.6602,120.007,-63.6977,383.863,18.1843,3.96778,222.015,0.167863,0.0013719,2.66141,4.6966,4.22694,2.69754,1.79434,1.24038,0.590086,0.192681,0.0722554,0.0120426,0,0,0,0,0
64770,64797,64784,15.4,-104.76,39.6592,121.965,-63.7839,381.927,21.1814,5.11969,316.906,0.185698,0.0019878,2.9891,5.37265,4.36769,2.73142,2.78296,1.73935,0.785927,0.219029,0.115956,0.0644203,0.0128841,0,0,0,0
64798,64825,64812,15.3,-104.754,39.6589,123.972,-63.4007,380.846,19.7865,4.8179,300.531,0.187134,0.00185194,3.08478,4.55618,4.05281,2.71048,2.55559,1.67791,0.7357,0.271048,0.0903492,0.025814,0.025814,0,0,0,0
64826,64852,64839,15.2,-104.749,39.6586,126.031,-62.9228,379.928,17.3264,3.97879,237.97,0.179429,0.00148782,2.7077,4.27759,3.60066,2.75091,1.87234,1.20982,0.590509,0.187234,0.0576106,0.0720133,0,0,0,0,0
64853,64873,64863,15.1,-104.745,39.658,128.067,-62.707,378.575,17.2678,4.03572,236.592,0.175873,0.00150223,2.47457,4.66014,3.19708,2.45651,2.02301,1.51726,0.70444,0.126438,0.0722503,0.0361251,0,0,0,0,0
64874,64897,64886,15,-104.741,39.6569,130.15,-62.0174,378.067,17.0868,3.99958,252.143,0.189127,0.00141959,2.4967,4.29121,3.62022,2.62154,1.81011,1.38879,0.639781,0.109231,0.0624176,0,0.0468132,0,0,0,0
64898,64919,64908,14.9,-104.737,39.6553,132.324,-61.4857,377.235,15.817,3.37579,182.983,0.162613,0.00109653,2.02389,4.43895,3.57157,2.43207,1.5987,1.03746,0.595262,0.0850374,0.0170075,0.0170075,0,0,0,0,0
64920,64941,64930,14.8,-104.733,39.6532,134.57,-61.0529,376.193,15.598,3.69797,240.444,0.195062,0.00140335,2.54592,4.10742,2.95327,2.39317,1.45966,1.32388,0.509184,0.152755,0.0848641,0.0339456,0.0169728,0.0169728,0,0,0
64942,64962,64952,14.7,-104.729,39.6505,136.768,-60.5112,375.405,14.8478,3.21573,179.741,0.167683,0.00110478,2.23243,4.5491,2.52728,2.10606,1.64273,1.26364,0.33697,0.0631819,0.126364,0,0,0,0,0,0
64967,64979,64973,14.6,-104.724,39.6474,139.002,-60.0588,374.47,14.7494,3.37538,213.643,0.189883,0.00118048,2.2213,3.90949,3.10982,2.399,1.1995,1.11065,0.66639,0.044426,0.044426,0,0.044426,0,0,0,0
65006,65012,65009,14.5,-104.715,39.6429,142.078,-59.676,372.811,15.3978,3.37029,188.67,0.167941,0.0012108,2.75465,4.44982,3.24908,1.20075,1.41264,1.48327,0.635689,0.211896,0,0,0,0,0,0,0
65013,65030,65022,14.4,-104.712,39.6414,143.125,-59.656,372.054,12.8696,2.70342,156.476,0.173642,0.000926643,2.03203,3.88582,2.56678,1.74684,1.53294,0.570396,0.356497,0.106949,0,0.0712995,0,0,0,0,0
