data/B2SAP/Locations/Boulder/NOAA-POPS-B2SAP_GMLBalloon_20190628_R0 (1).ict
61,1001
Thornberry, T. D.
NOAA Chemical Sciences Laboratory
Portable Optical Particle Spectrometer (POPS)
Balloon Baseline Stratospheric Aerosol Profiles (B2SAP)
1,1
2019,06,28,2024,05,30
0
TIME_START,s,Seconds since midnight UTC on flight start day,Start time of 100 m altitude bin in UTC_seconds_since_midnight
28
1.0,1.0,1.0,1.0,1.0,1.0,1.0,1.0,1.0,1.0,1.0,1.0,1.0,1.0,1.0,1.0,1.0,1.0,1.0,1.0,1.0,1.0,1.0,1.0,1.0,1.0,1.0,1.0
99999,99999,99999,99999,99999,99999,99999,99999,99999,99999,99999,99999,99999,99999,99999,99999,99999,99999,99999,99999,99999,99999,99999,99999,99999,99999,99999,99999
TIME_STOP,s,End time of 100 m altitude bin in UTC seconds since midnight,
TIME_MID,s,Mid time of 100 m altitude in UTC seconds since midnight,
GPSAlt,m,GPS reported altitude above sea level (m),
GPS_Lon,deg,GPS reported longitude,
GPS_Lat,deg,GPS reported latitude,
iMet_Pressure,mb,Pressure reported (mB),
iMet_Temperature,degrees C,Ambient temperature (oC),
THETA,K,Potential temperature from iMet,
Aerosol_concentration,cm^-3,Aerosol concentration,
Surface_Area_Conc,um^2 cm^-3,Surface area concentration,
Volume_density,um^3 cm^-3,Volume density,
Effective_radius,um,Effective radius,
Extinction,km^-1,Extinction,
Bin01,cm^-3,particle concentration in size range [140 - 170 nm],
Bin02,cm^-3,particle concentration in size range [170 - 205 nm],
Bin03,cm^-3,particle concentration in size range [205 - 249 nm],
Bin04,cm^-3,particle concentration in size range [249 - 302 nm],
Bin05,cm^-3,particle concentration in size range [302 - 366 nm],
Bin06,cm^-3,particle concentration in size range [366 - 443 nm],
Bin07,cm^-3,particle concentration in size range [443 - 537 nm],
Bin08,cm^-3,particle concentration in size range [537 - 651 nm],
Bin09,cm^-3,particle concentration in size range [651 - 789 nm],
Bin10,cm^-3,particle concentration in size range [789 - 956 nm],
Bin11,cm^-3,particle concentration in size range [956 - 1159 nm],
Bin12,cm^-3,particle concentration in size range [1159 - 1404 nm],
Bin13,cm^-3,particle concentration in size range [1404 - 1702 nm],
Bin14,cm^-3,particle concentration in size range [1702 - 2062 nm],
Bin15,cm^-3,particle concentration in size range [2062 - 2500 nm],
0
19
PI_CONTACT_INFO: 325 Broadway R/CSL6, Boulder, CO 80305; troy.thornberry@noaa.gov; 303-497-3373 
PLATFORM: GML ECC/FPH balloon
LOCATION: Boulder, CO, USA
ASSOCIATED_DATA: N/A
INSTRUMENT_INFO: Printed Optical Particle Spectrometer counts particles from 140 - 2500 nm in diameter 
DATA_INFO: Particle concentrations reported in number per cubic centimeter, binned to 100 m altitude
UNCERTAINTY: Counting uncertainty dominated by air flow, less than 5 percent
ULOD_FLAG: -77777
ULOD_VALUE: 3000 ~3000 per cm3 (varies depending on flow rate- manufacturer quotes 1250  per cm3 at 1.667 cc/s)
LLOD_FLAG: -88888
LLOD_VALUE: 0 0 (varies depending on data field and measurement precision)
DM_CONTACT_INFO: Troy Thornberry, 325 Broadway R/CSL6, Boulder, CO 80305; troy.thornberry@noaa.gov; 303-497-3373
PROJECT_INFO: B2SAP Boulder, CO, USA
STIPULATIONS_ON_USE: Please contact the PIs for questions regarding applications and uncertainties
OTHER_COMMENTS: POPS bin Edges (nm):  140, 170, 205, 249, 302, 366, 443, 537, 651, 789, 956, 1159, 1404, 1702, 2062, 2500
Calculations assume sulfate refractive index of 1.45+0.00j and extinction wavelength = 532 nm
REVISION: R0
R0: QA/QC data
TIME_START,TIME_STOP,TIME_MID,GPSAlt,GPS_Lon,GPS_Lat,iMet_Pressure,iMet_Temperature,THETA,Aerosol_concentration,Surface_Area_Conc,Volume_density,Effective_radius,Extinction,Bin01,Bin02,Bin03,Bin04,Bin05,Bin06,Bin07,Bin08,Bin09,Bin10,Bin11,Bin12,Bin13,Bin14,Bin15
[from data line 395]
69050,69092,69071,7,-105.022,40.0984,434.155,-14.6728,328.058,10.9099,3.0347,256.671,0.253736,0.00140524,2.23702,2.46782,1.9352,1.42921,0.9676,0.807813,0.674657,0.275189,0.0355083,0.0443853,0.00887707,0,0.00887707,0.0177541,0
69093,69131,69112,6.9,-105.019,40.0992,440.013,-14.0059,327.646,9.76201,2.4902,163.01,0.196383,0.00107356,1.69052,2.30614,1.82732,1.31919,1.10421,0.723112,0.410415,0.302925,0.0488589,0.0195436,0.00977178,0,0,0,0
69132,69166,69149,6.8,-105.015,40.0997,445.545,-13.1359,327.577,9.145,2.29928,169.871,0.221641,0.000951859,1.83791,2.53966,1.47033,1.203,0.724025,0.623776,0.501248,0.155944,0.0334166,0.0111389,0.0222777,0.0111389,0.0111389,0,0
69167,69197,69182,6.7,-105.012,40.0999,451.485,-12.3994,327.267,8.90087,2.113,136.73,0.194127,0.000871267,1.61168,2.52741,1.64831,1.11108,0.744792,0.561646,0.463969,0.146516,0.0610485,0.0122097,0.0122097,0,0,0,0
69198,69225,69212,6.6,-105.009,40.1002,457.399,-11.7614,326.852,9.85796,2.56715,212.573,0.248415,0.00111115,1.93663,2.47458,1.92318,1.22384,0.941415,0.497605,0.564849,0.201732,0.0268976,0.0268976,0,0.0268976,0,0.0134488,0
69226,69250,69238,6.5,-105.005,40.1006,463.268,-11.3704,326.146,14.4901,3.41898,217.041,0.190444,0.0013541,2.91369,3.39931,2.83537,1.69182,1.77015,0.908571,0.673595,0.15665,0.0939901,0.03133,0,0.015665,0,0,0
69251,69274,69262,6.4,-105.002,40.1012,469.284,-10.5904,325.911,10.6502,2.60528,199.15,0.229323,0.00113753,2.37365,2.9983,1.95202,1.26491,0.718342,0.593413,0.40602,0.124929,0.109313,0.0624646,0.0312323,0.0156161,0,0,0
69275,69296,69286,6.3,-105,40.1018,475.28,-9.94909,325.527,9.2785,2.13305,133.29,0.187464,0.000903793,2.11107,2.57074,1.5833,0.936362,0.74909,0.561817,0.544793,0.119173,0.0851238,0.0170248,0,0,0,0,0
69298,69319,69308,6.2,-104.998,40.1025,481.323,-9.21524,325.26,6.37547,1.34746,87.545,0.194912,0.000576136,1.56279,2.09556,1.18985,0.497251,0.33742,0.284143,0.17759,0.142072,0.0532769,0.0355179,0,0,0,0,0
69320,69341,69330,6.1,-104.996,40.1033,487.802,-8.34182,325.095,7.40522,1.71768,118.467,0.206907,0.000731071,1.88096,2.10125,1.11841,0.745606,0.626987,0.338912,0.321966,0.203347,0.0338912,0.0169456,0,0.0169456,0,0,0
69343,69364,69354,6,-104.994,40.104,494.569,-7.4845,324.863,11.6398,2.71591,195.816,0.216299,0.00117736,2.86347,3.12378,2.04533,1.33876,0.892509,0.669382,0.390473,0.130158,0.0185939,0.148751,0.0185939,0,0,0,0
69365,69385,69375,5.9,-104.993,40.1046,500.616,-6.70421,324.683,13.7731,3.08412,207.015,0.201369,0.00112609,2.70788,4.24688,2.12344,1.7533,1.36368,0.896131,0.467547,0.0974056,0.0389622,0.0389622,0.0194811,0,0.0194811,0,0
69386,69408,69397,5.8,-104.992,40.1054,507.286,-5.732,324.64,14.4036,2.93439,175.744,0.179674,0.00103966,3.53609,4.23961,2.4623,1.53663,1.0923,0.796084,0.444326,0.25919,0,0.0185136,0.0185136,0,0,0,0
69409,69430,69420,5.7,-104.99,40.106,513.734,-4.812,324.586,11.6183,2.63305,176.731,0.20136,0.00109599,2.77588,3.38253,2.00378,1.06623,0.8824,0.753717,0.38605,0.257367,0.0367667,0.05515,0.0183833,0,0,0,0
69431,69451,69441,5.6,-104.989,40.1069,520.215,-3.923,324.499,15.3022,3.12737,174.658,0.167545,0.00110127,3.48195,4.54486,2.36406,1.96089,1.20952,0.952954,0.549781,0.164934,0.0733042,0,0,0,0,0,0
69452,69472,69462,5.5,-104.988,40.108,526.768,-3.31263,324.076,15.8275,3.79841,240.543,0.189982,0.00163507,3.29659,4.37617,2.35195,1.90855,1.52299,1.04103,0.90608,0.250618,0.134948,0.0385566,0,0,0,0,0
69473,69494,69484,5.4,-104.986,40.1094,533.594,-2.45238,323.906,25.6499,6.28766,430.649,0.205474,0.00255018,5.19954,6.66028,4.22571,3.16494,2.50413,2.08677,1.26945,0.330406,0.0521693,0.0869489,0.0521693,0,0.0173898,0,0
69495,69515,69505,5.3,-104.984,40.1108,540.319,-1.8345,323.487,81.4503,20.9601,1356.75,0.19419,0.00857415,13.1295,18.3668,15.0389,11.4383,9.98353,6.56476,5.16452,1.34569,0.218219,0.0727397,0.0363699,0.0545548,0.0363699,0,0
69517,69537,69527,5.2,-104.983,40.1121,547.038,-0.815882,323.56,125.491,30.6458,1921.38,0.18809,0.0120592,20.7764,30.62,22.7622,18.2781,13.3028,10.591,6.79022,1.90041,0.256235,0.106764,0.0854115,0,0,0.0213529,0
69538,69558,69548,5.1,-104.981,40.1132,554.116,-0.461579,322.795,216.828,53.3609,3261.43,0.18336,0.0210914,35.0191,52.6431,38.9101,30.594,23.4605,19.8747,12.4169,3.29973,0.362398,0.152589,0.0572207,0.0190736,0,0.0190736,0
69559,69581,69570,5,-104.979,40.1142,560.998,0.308571,322.569,245.489,62.0549,3964.51,0.191662,0.0249387,38.5485,55.9125,45.5354,36.6727,26.9839,22.544,14.5934,3.85485,0.464647,0.20651,0.120464,0.0172092,0,0,0.0344183
69582,69605,69594,4.9,-104.977,40.1153,568.304,0.994,322.176,270.655,68.2666,4292.4,0.188631,0.0273362,41.6211,63.0185,50.0898,38.3348,32.0871,24.0879,16.2693,4.3156,0.52365,0.108341,0.126398,0.0180569,0,0.0541707,0
69606,69629,69618,4.8,-104.975,40.1162,575.891,1.91727,322.042,267.21,67.9065,4337.05,0.191604,0.0276881,42.4754,62.3135,48.4006,38.5961,29.8391,23.3246,16.8265,4.38666,0.605622,0.229154,0.0982089,0.0491045,0.0327363,0.0163682,0.0163682
69630,69655,69642,4.7,-104.973,40.1171,582.886,2.78545,321.949,255.051,65.1813,4103.95,0.188886,0.0265539,39.1029,59.4063,45.838,38.4653,27.3491,23.4748,16.3473,3.98875,0.751978,0.114431,0.049042,0.0980841,0.049042,0.0163473,0
69656,69683,69670,4.6,-104.971,40.1178,590.291,3.7064,321.861,257.93,66.0469,4353.6,0.19775,0.0266617,38.3012,60.0501,47.8477,38.2294,29.5872,23.0984,15.978,3.97654,0.387605,0.244048,0.0717788,0.057423,0.0430673,0,0.057423
69684,69711,69698,4.5,-104.968,40.1185,597.506,4.5852,321.757,247.401,63.8373,4277.46,0.201017,0.0261244,38.0332,57.2779,45.7026,35.9947,27.7836,22.5092,15.0251,3.96298,0.598724,0.228085,0.128298,0.042766,0.042766,0.0285107,0.042766
69712,69739,69726,4.4,-104.966,40.1192,604.694,5.4776,321.693,243.321,62.4348,3969.63,0.190741,0.0255599,38.09,55.2327,44.7236,34.9783,27.383,22.3477,15.5019,4.27152,0.452611,0.155585,0.0565764,0.0707205,0.0141441,0.0424323,0
69740,69770,69755,4.3,-104.964,40.1198,612.481,6.48607,321.682,244.723,62.961,3998.06,0.190502,0.0258019,36.8132,56.2106,46.2642,34.4759,27.7941,22.6367,15.5103,4.05225,0.508119,0.254059,0.114327,0.0254059,0.0381089,0.0254059,0
69771,69798,69784,4.2,-104.962,40.1203,619.934,7.308,321.516,229.216,58.3716,3828.05,0.196742,0.0236298,35.5814,53.4218,42.6722,34.8156,23.825,20.2938,14.0822,3.58792,0.482172,0.155997,0.18436,0.0425446,0.0141815,0.0425446,0.0141815
69800,69828,69814,4.1,-104.96,40.1206,627.037,8.2137,321.499,222.274,57.6571,3724.98,0.193817,0.0239143,34.068,51.0823,40.0977,31.9707,25.7967,19.7015,14.7728,3.93243,0.498108,0.183513,0.0786486,0.0262162,0.0262162,0.0262162,0.0131081
69829,69861,69845,4,-104.958,40.1209,634.935,9.25345,321.538,205.082,54.9285,3717.69,0.203047,0.0231187,28.7916,46.5095,37.8088,29.7773,24.6055,19.2512,13.7509,3.50464,0.644951,0.182533,0.0973512,0.0608445,0.0486756,0.0121689,0.0365067
69861,69892,69876,3.9,-104.956,40.1212,643.024,10.214,321.469,198.683,52.8097,3440.75,0.195461,0.02205,28.4618,44.5686,37.0511,28.9131,22.5805,19.3083,13.7514,3.04646,0.507743,0.21156,0.155144,0.0846238,0.0282079,0.014104,0
69893,69923,69908,3.8,-104.955,40.1215,650.493,11.0846,321.397,192.195,50.4962,3180.61,0.188961,0.0209124,26.9555,43.4658,35.2044,28.9148,22.388,18.1825,12.8538,3.53167,0.41182,0.112315,0.112315,0.0499176,0.0124794,0,0
69924,69953,69938,3.7,-104.953,40.1217,658.446,11.999,321.306,183.491,48.5267,3298.95,0.203947,0.0201991,26.4986,41.6683,34.1683,26.9711,21.8095,16.7328,11.6075,3.1018,0.448307,0.242328,0.109048,0.060582,0.0242328,0.0121164,0.0363492
69954,69984,69969,3.6,-104.952,40.1216,666.434,12.7715,321.07,200.865,52.9251,3483.39,0.197452,0.0216864,27.4658,46.3018,36.3154,29.7396,25.2825,19.4173,12.2343,3.17808,0.581356,0.116271,0.0645951,0.038757,0.0645951,0.0645951,0
69984,70008,69996,3.5,-104.951,40.1214,673.895,13.4833,320.85,254.901,67.406,4501.22,0.200333,0.0281383,36.1895,58.3605,46.9105,37.4323,30.6053,23.4469,15.7915,5.03736,0.646241,0.198843,0.132562,0.0497108,0.0331406,0.0331406,0.0331406
70010,70030,70020,3.4,-104.951,40.1211,681.875,14.3193,320.707,314.201,82.8527,5470.4,0.198077,0.0343261,42.4358,74.3496,57.3846,47.3956,36.1551,29.1326,20.7428,5.05244,1.01976,0.139058,0.208587,0.069529,0.0463526,0.0463526,0.0231763
70031,70049,70040,3.3,-104.951,40.1209,690.153,15.2861,320.676,291.125,77.1425,4977.12,0.193556,0.0322707,41.5755,66.1921,53.6421,41.6529,34.1693,27.3818,20.3623,4.77635,0.812173,0.212712,0.212712,0.0773498,0.0386749,0.0193374,0
70050,70067,70058,3.2,-104.951,40.1204,698.221,16.2106,320.633,281.814,74.4976,4833.2,0.194632,0.0309207,38.329,65.0859,51.1462,41.9415,34.1655,26.4303,18.6339,4.97992,0.612285,0.224504,0.102047,0.040819,0.0612285,0.0612285,0
70068,70090,70079,3.1,-104.952,40.1199,706.068,17.1305,320.63,251.056,66.5224,4249.62,0.191648,0.0280678,33.7482,58.6411,47.3129,36.0938,29.0932,23.22,17.0377,4.54582,0.872797,0.272749,0.145466,0.0181833,0.0545498,0,0
70091,70112,70102,3,-104.952,40.1193,715.365,18.0863,320.488,264.105,70.851,4891.21,0.207105,0.0296851,37.0531,60.5218,49.4948,38.504,30.941,24.5751,17.0121,4.55229,0.634781,0.308322,0.181366,0.163229,0.0725464,0.0725464,0.0181366
70113,70141,70127,2.9,-104.953,40.1189,724.247,19.1661,320.546,278.998,74.8671,5245.41,0.210189,0.0315487,38.8159,63.7753,52.5226,42.0779,31.8428,25.4533,17.9116,5.01284,0.912786,0.224456,0.164601,0.0897822,0.0598548,0.0897822,0.0448911
70142,70190,70166,2.8,-104.955,40.1185,732.731,20.2225,320.63,274.516,75.7779,5603.15,0.221825,0.0323756,37.4931,62.097,52.2259,40.3245,32.3359,25.374,17.7275,5.11835,0.816758,0.303367,0.256696,0.17113,0.11668,0.0855652,0.0700079
70192,70233,70212,2.7,-104.957,40.1183,741.156,21.0868,320.525,271.666,76.2262,5781.83,0.227553,0.0329026,34.5804,63.4558,50.3775,41.6218,32.0827,24.9399,17.2349,5.25342,0.949302,0.368661,0.276496,0.18433,0.156681,0.119815,0.0645157
70235,70273,70254,2.6,-104.958,40.1181,750.348,22.0931,320.494,270.787,75.0076,5587.98,0.223496,0.0322132,35.9154,62.4403,50.0698,40.8459,31.7789,25.9073,16.8795,5.02855,0.852795,0.460705,0.205847,0.147034,0.0882202,0.0784179,0.0882202
70274,70310,70292,2.5,-104.96,40.1177,758.748,23.0479,320.511,269.363,74.6111,5633.91,0.226531,0.032047,35.955,62.1308,50.4122,40.1746,31.4063,24.7536,17.8658,4.97187,0.799261,0.293846,0.1528,0.141046,0.0940307,0.117538,0.0940307
70311,70340,70326,2.4,-104.961,40.1173,767.452,23.9704,320.465,279.938,75.946,5287.09,0.208849,0.0321144,36.6807,64.5079,52.8931,41.6341,33.9478,25.621,17.6642,5.30923,0.782863,0.370081,0.156573,0.170806,0.0854032,0.0996371,0.0142339
70340,70378,70359,2.3,-104.962,40.117,775.912,24.9112,320.468,271.41,75.2813,5582.51,0.222466,0.0323134,35.8087,62.4135,50.3026,40.4619,32.5216,25.6598,17.1955,5.16688,0.955308,0.297892,0.174626,0.174626,0.102721,0.102721,0.0719049
70379,70415,70397,2.2,-104.963,40.1169,784.466,25.82,320.439,272.47,75.9219,5698.12,0.225157,0.0326349,36.1504,62.1676,50.9097,40.5644,32.5958,25.3063,17.985,4.75356,1.01862,0.318319,0.244044,0.16977,0.127327,0.0636637,0.0954956
70416,70442,70429,2.1,-104.964,40.1169,792.994,26.7217,320.417,277.022,76.1811,5445.25,0.214433,0.0326098,36.2994,64.3705,50.8646,40.8392,33.027,26.8415,17.7052,5.27751,1.02145,0.22699,0.264821,0.0567474,0.0756632,0.113495,0.0378316
70443,70477,70460,2,-104.966,40.1169,802.331,27.6552,320.343,269.794,74.4256,5438.09,0.219202,0.0317396,35.9171,61.7656,50.1201,40.0514,31.6836,25.9726,17.9151,4.66811,0.856648,0.248304,0.198643,0.124152,0.111737,0.0993215,0.0620759
70480,70504,70492,1.9,-104.967,40.1168,811.521,28.6306,320.339,269.89,76.2801,5764.3,0.226703,0.0329033,34.2623,61.717,49.6167,40.4527,32.9718,25.8837,17.7857,5.3114,0.841595,0.299234,0.130915,0.280532,0.205723,0.0187021,0.112213
70531,70555,70543,1.7,-104.969,40.1164,829.836,30.5796,320.352,275.482,77.1777,5626.08,0.218693,0.0334033,35.219,63.4352,51.173,41.8702,32.7431,25.2129,18.3127,5.42056,0.92296,0.395554,0.278353,0.175802,0.175802,0.146502,0
70556,70581,70568,1.6,-104.969,40.1163,839.496,31.4857,320.249,286.351,79.9727,6096.56,0.228699,0.0345144,35.7517,66.683,54.905,42.8378,33.4379,27.1874,18.1892,5.30251,0.931955,0.465978,0.208887,0.160682,0.0642728,0.112477,0.112477
70582,70585,70584,1.5,-104.969,40.1161,845.133,32.05,320.231,288.017,77.5978,5553.85,0.214717,0.0320836,41.0972,71.0779,48.2836,43.7921,31.7773,28.2964,16.6185,5.72666,0.224575,0.224575,0.224575,0.224575,0.336862,0.112287,0
