data/B2SAP/Locations/Boulder/NOAA-POPS-B2SAP_GMLBalloon_20201030_R0.ict
61,1001
Thornberry, T. D.
NOAA Chemical Sciences Laboratory
Portable Optical Particle Spectrometer (POPS)
Balloon Baseline Stratospheric Aerosol Profiles (B2SAP)
1,1
2020,10,30,2024,05,28
0
TIME_START,s,Seconds since midnight UTC on flight start day,Start time of 100 m altitude bin in UTC_seconds_since_midnight
28
1.0,1.0,1.0,1.0,1.0,1.0,1.0,1.0,1.0,1.0,1.0,1.0,1.0,1.0,1.0,1.0,1.0,1.0,1.0,1.0,1.0,1.0,1.0,1.0,1.0,1.0,1.0,1.0
99999,99999,99999,99999,99999,99999,99999,99999,99999,99999,99999,99999,99999,99999,99999,99999,99999,99999,99999,99999,99999,99999,99999,99999,99999,99999,99999,99999
TIME_STOP,s,End time of 100 m altitude bin in UTC seconds since midnight,
TIME_MID,s,Mid time of 100 m altitude in UTC seconds since midnight,
GPSAlt,m,GPS reported altitude above sea level (m),
GPS_Lon,deg,GPS reported longitude,
GPS_Lat,deg,GPS reported latitude,
iMet_Pressure,mb,Pressure reported (mB),
iMet_Temperature,degrees C,Ambient temperature (oC),
THETA,K,Potential temperature from iMet,
Aerosol_concentration,cm^-3,Aerosol concentration,
Surface_Area_Conc,um^2 cm^-3,Surface area concentration,
Volume_density,um^3 cm^-3,Volume density,
Effective_radius,um,Effective radius,
Extinction,km^-1,Extinction,
Bin01,cm^-3,particle concentration in size range [140 - 170 nm],
Bin02,cm^-3,particle concentration in size range [170 - 205 nm],
Bin03,cm^-3,particle concentration in size range [205 - 249 nm],
Bin04,cm^-3,particle concentration in size range [249 - 302 nm],
Bin05,cm^-3,particle concentration in size range [302 - 366 nm],
Bin06,cm^-3,particle concentration in size range [366 - 443 nm],
Bin07,cm^-3,particle concentration in size range [443 - 537 nm],
Bin08,cm^-3,particle concentration in size range [537 - 651 nm],
Bin09,cm^-3,particle concentration in size range [651 - 789 nm],
Bin10,cm^-3,particle concentration in size range [789 - 956 nm],
Bin11,cm^-3,particle concentration in size range [956 - 1159 nm],
Bin12,cm^-3,particle concentration in size range [1159 - 1404 nm],
Bin13,cm^-3,particle concentration in size range [1404 - 1702 nm],
Bin14,cm^-3,particle concentration in size range [1702 - 2062 nm],
Bin15,cm^-3,particle concentration in size range [2062 - 2500 nm],
0
19
PI_CONTACT_INFO: 325 Broadway R/CSL6, Boulder, CO 80305; troy.thornberry@noaa.gov; 303-497-3373 
PLATFORM: GML ECC/FPH balloon
LOCATION: Boulder, CO, USA
ASSOCIATED_DATA: N/A
INSTRUMENT_INFO: Printed Optical Particle Spectrometer counts particles from 140 - 2500 nm in diameter 
DATA_INFO: Particle concentrations reported in number per cubic centimeter, binned to 100 m altitude
UNCERTAINTY: Counting uncertainty dominated by air flow, less than 5 percent
ULOD_FLAG: -77777
ULOD_VALUE: 3000 ~3000 per cm3 (varies depending on flow rate- manufacturer quotes 1250  per cm3 at 1.667 cc/s)
LLOD_FLAG: -88888
LLOD_VALUE: 0 0 (varies depending on data field and measurement precision)
DM_CONTACT_INFO: Troy Thornberry, 325 Broadway R/CSL6, Boulder, CO 80305; troy.thornberry@noaa.gov; 303-497-3373
PROJECT_INFO: B2SAP Boulder, CO, USA
STIPULATIONS_ON_USE: Please contact the PIs for questions regarding applications and uncertainties
OTHER_COMMENTS: POPS bin Edges (nm):  140, 170, 205, 249, 302, 366, 443, 537, 651, 789, 956, 1159, 1404, 1702, 2062, 2500
Calculations assume sulfate refractive index of 1.45+0.00j and extinction wavelength = 532 nm
REVISION: R0
R0: QA/QC data
TIME_START,TIME_STOP,TIME_MID,GPSAlt,GPS_Lon,GPS_Lat,iMet_Pressure,iMet_Temperature,THETA,Aerosol_concentration,Surface_Area_Conc,Volume_density,Effective_radius,Extinction,Bin01,Bin02,Bin03,Bin04,Bin05,Bin06,Bin07,Bin08,Bin09,Bin10,Bin11,Bin12,Bin13,Bin14,Bin15
[from data line 234]
64027,64032,64030,25.1,-104.237,40.0684,23.1375,-54.34,641.805,2.39142,0.300829,11.3389,0.113077,4.07989e-05,1.03975,0.623849,0.311925,0.20795,0.20795,0,0,0,0,0,0,0,0,0,0
58345,58524,58434,1.7,-105.197,39.9491,828.225,13.2673,302.26,111.625,16.0912,1103.66,0.205763,0.00449674,59.8549,25.829,11.9124,4.63886,4.50375,2.1618,1.75646,0.608007,0.135113,0.090075,0.0225188,0.0225188,0.0225188,0.0225188,0.0450375
58752,58861,58806,1.8,-105.197,39.9492,828.405,11.87,300.77,227.347,35.039,3014.77,0.258121,0.0106737,125.007,53.4026,24.8983,7.04021,6.8685,2.57569,5.66651,0.68685,0.171712,0.171712,0.171712,0.515137,0,0,0.171712
64935,64935,64935,26.8,-103.99,40.0923,17.12,-53.17,703.215,0.912779,0.0640911,1.59694,0.07475,1.77904e-06,0.912779,0,0,0,0,0,0,0,0,0,0,0,0,0,0
64940,64949,64944,26.7,-103.988,40.0924,17.358,-52.048,704.036,1.90711,0.265685,10.5665,0.119313,4.05604e-05,0.908147,0.181629,0.272444,0.363259,0.181629,0,0,0,0,0,0,0,0,0,0
64953,64964,64958,26.6,-103.984,40.0926,17.6288,-51.645,702.212,1.41518,0.166919,6.56654,0.118019,2.76477e-05,0.849106,0.283035,0.113214,0.0566071,0.0566071,0.0566071,0,0,0,0,0,0,0,0,0
64966,64977,64972,26.5,-103.981,40.093,17.9138,-51.6,699.134,1.16448,0.151342,6.15809,0.12207,2.66779e-05,0.554515,0.221806,0.277258,0,0.0554515,0.0554515,0,0,0,0,0,0,0,0,0
64978,64990,64984,26.4,-103.978,40.0937,18.2167,-51.0856,697.418,1.40822,0.169395,6.42939,0.113865,2.3945e-05,0.631273,0.437035,0.145678,0.145678,0,0.0485595,0,0,0,0,0,0,0,0,0
64993,65003,64998,26.3,-103.974,40.0943,18.5925,-51.7088,691.404,1.17632,0.165844,6.66834,0.120626,2.68284e-05,0.48122,0.213876,0.213876,0.106938,0.160407,0,0,0,0,0,0,0,0,0,0
65006,65016,65011,26.2,-103.971,40.0948,18.9088,-51.365,689.159,1.41779,0.20072,8.54531,0.12772,3.87208e-05,0.525109,0.367576,0.315065,0.105022,0,0.105022,0,0,0,0,0,0,0,0,0
65017,65026,65022,26.1,-103.968,40.0955,19.1725,-51.485,686.05,1.2416,0.188974,9.25593,0.14694,5.43799e-05,0.620802,0.258668,0.155201,0.0517335,0.0517335,0.0517335,0.0517335,0,0,0,0,0,0,0,0
65028,65036,65032,26,-103.966,40.0963,19.4957,-51.41,683.027,1.58975,0.19771,7.82551,0.118742,3.21728e-05,0.824315,0.353278,0.176639,0.117759,0.0588796,0.0588796,0,0,0,0,0,0,0,0,0
65038,65046,65042,25.9,-103.964,40.0968,19.815,-51.1283,680.722,1.98296,0.264915,11.3009,0.127976,5.32521e-05,1.02567,0.410268,0.273512,0.0683779,0.0683779,0.136756,0,0,0,0,0,0,0,0,0
65048,65057,65052,25.8,-103.962,40.0971,20.1687,-51.3963,676.478,2.05635,0.247773,9.96695,0.120679,4.32262e-05,1.30403,0.300929,0.150465,0.150465,0.0501549,0.10031,0,0,0,0,0,0,0,0,0
65058,65068,65063,25.7,-103.96,40.0972,20.5129,-51.6286,672.506,1.94766,0.311495,15.6851,0.151063,9.33446e-05,1.14568,0.229137,0.114568,0.171853,0.0572842,0.171853,0.0572842,0,0,0,0,0,0,0,0
65069,65078,65074,25.6,-103.958,40.097,20.8814,-51.8243,668.503,2.24682,0.384922,20.0624,0.156362,0.000120128,0.898727,0.449363,0.449363,0.0561704,0.224682,0.112341,0,0.0561704,0,0,0,0,0,0,0
65080,65092,65086,25.5,-103.955,40.0965,21.2488,-52.01,664.622,1.29705,0.253474,13.8655,0.164105,8.94718e-05,0.384312,0.336273,0.240195,0.144117,0,0.096078,0.096078,0,0,0,0,0,0,0,0
65093,65104,65098,25.4,-103.953,40.0958,21.6038,-52.3837,660.364,1.41092,0.244137,13.7132,0.16851,9.0414e-05,0.535176,0.437872,0.145957,0.145957,0.0486524,0,0.0486524,0.0486524,0,0,0,0,0,0,0
65106,65117,65112,25.3,-103.95,40.0952,21.9775,-52.58,656.552,1.64959,0.336854,17.7024,0.157656,0.000105977,0.436656,0.388139,0.242587,0.19407,0.145552,0.19407,0.0485174,0,0,0,0,0,0,0,0
65119,65131,65125,25.2,-103.946,40.0947,22.3633,-52.3556,653.956,1.84825,0.390172,23.8008,0.183003,0.000153593,0.462062,0.420056,0.420056,0.252034,0.0840112,0.126017,0.0420056,0,0.0420056,0,0,0,0,0,0
65133,65146,65140,25.1,-103.943,40.0942,22.7689,-52.5389,650.074,2.22815,0.437324,21.7333,0.149088,0.000120185,0.504486,0.504486,0.378365,0.336324,0.294284,0.168162,0.0420405,0,0,0,0,0,0,0,0
65147,65161,65154,25,-103.939,40.0939,23.1333,-52.8578,646.186,2.01811,0.333835,16.1874,0.145467,9.06818e-05,0.617788,0.576602,0.370673,0.247115,0.0411859,0.0823718,0.0823718,0,0,0,0,0,0,0,0
65162,65176,65169,24.9,-103.935,40.0937,23.5467,-52.8078,643.086,2.40253,0.467272,24.7141,0.15867,0.000151741,0.720758,0.560589,0.400421,0.280295,0.120126,0.20021,0.120126,0,0,0,0,0,0,0,0
65177,65190,65184,24.8,-103.931,40.0939,23.9378,-53.7989,637.169,1.58088,0.317136,17.8193,0.168565,0.000113769,0.553307,0.355697,0.237132,0.118566,0.0395219,0.237132,0,0.0395219,0,0,0,0,0,0,0
65192,65205,65198,24.7,-103.928,40.0943,24.3344,-54.1467,633.192,2.22333,0.323928,15.9402,0.147627,9.28249e-05,1.13117,0.585087,0.0780116,0.156023,0.195029,0,0.0390058,0.0390058,0,0,0,0,0,0,0
65207,65220,65214,24.6,-103.925,40.0948,24.7522,-53.9456,630.692,2.29923,0.530207,29.7564,0.168367,0.000191828,0.3897,0.74043,0.31176,0.19485,0.19485,0.35073,0.11691,0,0,0,0,0,0,0,0
65222,65236,65229,24.5,-103.922,40.095,25.1878,-54.02,627.349,2.18373,0.440109,24.4167,0.166436,0.000157086,0.459732,0.727909,0.344799,0.268177,0.153244,0.076622,0.114933,0.038311,0,0,0,0,0,0,0
65238,65250,65244,24.4,-103.919,40.0952,25.63,-53.6522,625.278,2.06532,0.337728,16.032,0.142411,8.7125e-05,0.764935,0.535454,0.305974,0.0764935,0.22948,0.11474,0.0382467,0,0,0,0,0,0,0,0
65252,65264,65258,24.3,-103.917,40.0953,26.0287,-54.1562,621.1,1.71582,0.290894,15.0613,0.155328,8.92633e-05,0.600537,0.514746,0.214478,0.128687,0.128687,0.0857911,0,0.0428955,0,0,0,0,0,0,0
65266,65279,65272,24.2,-103.914,40.0953,26.4612,-54.6138,616.893,2.04359,0.312071,14.2219,0.136718,7.21946e-05,0.723772,0.638622,0.340599,0.0851496,0.0425748,0.212874,0,0,0,0,0,0,0,0,0
65281,65293,65287,24.1,-103.911,40.0951,26.8956,-54.4489,614.487,2.48615,0.365145,15.9481,0.131028,7.67989e-05,1.03899,0.556601,0.33396,0.22264,0.259747,0.0371067,0.0371067,0,0,0,0,0,0,0,0
65295,65308,65302,24,-103.909,40.095,27.3189,-54.6644,611.159,2.37807,0.398235,18.246,0.137451,9.05809e-05,0.85462,0.520204,0.222944,0.334417,0.297259,0.14863,0,0,0,0,0,0,0,0,0
65310,65322,65316,23.9,-103.905,40.0945,27.8325,-54.9725,607.047,2.34849,0.393334,18.9115,0.14424,0.000103236,0.618024,0.947637,0.206008,0.24721,0.0824032,0.206008,0.0412016,0,0,0,0,0,0,0,0
65324,65337,65330,23.8,-103.902,40.094,28.3062,-55.3862,602.994,2.16216,0.374039,18.6117,0.149276,0.00010409,0.611931,0.652727,0.326363,0.203977,0.244772,0.0815908,0,0.0407954,0,0,0,0,0,0,0
65339,65351,65345,23.7,-103.899,40.0936,28.761,-55.143,600.908,2.1808,0.350633,17.48,0.149558,0.000101531,0.833835,0.513129,0.384847,0.192424,0.160353,0,0.0641412,0.0320706,0,0,0,0,0,0,0
65353,65366,65360,23.6,-103.895,40.0934,29.245,-55.3663,597.451,2.70915,0.386,16.4497,0.127847,7.61231e-05,0.956172,0.876491,0.318724,0.278884,0.199203,0.0398405,0.0398405,0,0,0,0,0,0,0,0
65368,65382,65375,23.5,-103.891,40.0933,29.7656,-55.9178,592.933,2.36488,0.432923,21.9325,0.151985,0.000128238,0.834663,0.556442,0.278221,0.173888,0.278221,0.173888,0.0695553,0,0,0,0,0,0,0,0
65383,65397,65390,23.4,-103.887,40.0936,30.2767,-56.1478,589.438,2.56302,0.488825,27.3758,0.16801,0.000177533,0.831249,0.761978,0.311718,0.207812,0.173177,0.138541,0.0692707,0.0692707,0,0,0,0,0,0,0
65399,65411,65405,23.3,-103.884,40.0943,30.7812,-56.9288,584.544,2.92476,0.492705,23.8474,0.145203,0.000131778,1.15451,0.61574,0.30787,0.384837,0.230902,0.153935,0.0769675,0,0,0,0,0,0,0,0
65412,65426,65419,23.2,-103.88,40.0952,31.2622,-57.3744,580.762,2.81217,0.717002,50.4113,0.210925,0.000329186,0.685894,0.651599,0.377242,0.342947,0.308652,0.274358,0.102884,0,0.0342947,0.0342947,0,0,0,0,0
65427,65442,65434,23.1,-103.877,40.0963,31.807,-57.653,577.158,2.88915,0.685104,40.1671,0.175887,0.000269756,0.669067,0.547419,0.486594,0.364946,0.42577,0.152061,0.182473,0.0608243,0,0,0,0,0,0,0
65444,65458,65451,23,-103.874,40.0972,32.386,-57.543,574.479,3.1239,0.770115,51.3223,0.199927,0.000335175,0.83304,0.505774,0.654532,0.238011,0.446272,0.267763,0.0595029,0.0892543,0,0.0297514,0,0,0,0,0
65460,65474,65467,22.9,-103.871,40.0979,32.93,-57.477,571.936,2.68708,0.559697,31.5062,0.168875,0.000201339,0.915379,0.590567,0.236227,0.35434,0.147642,0.35434,0.0295283,0.0590567,0,0,0,0,0,0,0
65476,65490,65483,22.8,-103.868,40.0986,33.501,-57.68,568.587,2.80881,0.611973,35.6954,0.174985,0.000228428,0.768727,0.561762,0.443496,0.384363,0.295664,0.236531,0.0591328,0.0295664,0.0295664,0,0,0,0,0,0
65491,65505,65498,22.7,-103.865,40.0991,34.051,-57.669,565.987,2.53989,0.569548,34.3792,0.181087,0.000225415,0.671466,0.291942,0.671466,0.467107,0.116777,0.175165,0.0583883,0.0583883,0.0291942,0,0,0,0,0,0
65507,65522,65514,22.6,-103.862,40.0996,34.6045,-58.2118,561.956,2.94711,0.631657,33.9686,0.161331,0.000206971,0.868346,0.315762,0.499957,0.52627,0.421016,0.184195,0.105254,0.0263135,0,0,0,0,0,0,0
65523,65540,65532,22.5,-103.858,40.1001,35.1883,-58.5725,558.344,3.12209,0.789146,48.1437,0.183022,0.000330973,0.556651,0.629257,0.532449,0.580853,0.338831,0.193618,0.169415,0.121011,0,0,0,0,0,0,0
65541,65560,65550,22.4,-103.855,40.1005,35.8054,-58.5662,555.592,2.79836,0.605912,32.0747,0.158808,0.000189883,0.572893,0.484756,0.638996,0.374584,0.35255,0.308481,0.0440687,0.0220344,0,0,0,0,0,0,0
65560,65581,65570,22.3,-103.85,40.1011,36.4273,-58.496,553.044,2.92105,0.746727,44.8623,0.180236,0.000299572,0.588004,0.512132,0.360389,0.512132,0.474197,0.26555,0.151743,0.0379357,0.0189679,0,0,0,0,0,0
65582,65602,65592,22.2,-103.846,40.1019,37.038,-57.9807,551.752,2.92544,0.666647,37.9508,0.170784,0.000239713,0.689434,0.503101,0.484467,0.484467,0.354034,0.2795,0.0931668,0.0186334,0.0186334,0,0,0,0,0,0
65604,65626,65615,22.1,-103.842,40.1026,37.6688,-58.9906,546.512,3.19049,0.712264,40.9692,0.172559,0.000270679,0.756509,0.59205,0.740063,0.361808,0.328917,0.164458,0.180904,0.0657834,0,0,0,0,0,0,0
65627,65647,65637,22,-103.838,40.1027,38.3356,-60.5513,539.825,2.91463,0.585404,31.388,0.160853,0.00019195,0.754994,0.70232,0.474066,0.421392,0.210696,0.228254,0.08779,0.035116,0,0,0,0,0,0,0
65648,65667,65658,21.9,-103.834,40.1023,38.9462,-61.4692,535.064,3.39589,0.823929,46.3717,0.168843,0.000293678,0.64479,0.42986,0.601804,0.752255,0.472846,0.300902,0.150451,0.042986,0,0,0,0,0,0,0
65668,65686,65677,21.8,-103.83,40.1017,39.6413,-62.636,529.436,3.34209,0.861627,52.6679,0.183378,0.000363051,0.798387,0.538447,0.445611,0.501313,0.445611,0.334209,0.167104,0.111403,0,0,0,0,0,0,0
65687,65704,65696,21.7,-103.827,40.1015,40.3021,-62.4564,527.391,3.71419,0.863597,50.9977,0.177158,0.000338309,0.754755,0.873927,0.595859,0.575997,0.417102,0.218482,0.19862,0.0595859,0.019862,0,0,0,0,0,0
65705,65722,65714,21.6,-103.823,40.1017,41.0321,-62.0614,525.672,2.99774,0.642398,33.7403,0.157567,0.000200176,0.631103,0.512771,0.631103,0.512771,0.335273,0.256386,0.118332,0,0,0,0,0,0,0,0
65723,65739,65731,21.5,-103.82,40.1021,41.7171,-62.2907,522.634,3.41077,0.787883,43.2852,0.164816,0.000270433,0.552033,0.709756,0.630894,0.552033,0.532317,0.236585,0.177439,0.0197155,0,0,0,0,0,0,0
65740,65757,65748,21.4,-103.818,40.1026,42.4007,-61.9121,521.13,3.08966,0.748272,43.873,0.175897,0.000293014,0.621819,0.466364,0.660682,0.602387,0.252614,0.21375,0.21375,0.0582955,0,0,0,0,0,0,0
65758,65776,65767,21.3,-103.816,40.1032,43.124,-61.72,519.102,3.61065,0.862595,50.1014,0.174247,0.000321904,0.762046,0.762046,0.489887,0.526174,0.435455,0.50803,0.0544318,0.0544318,0.0181439,0,0,0,0,0,0
65777,65796,65786,21.2,-103.814,40.1035,43.9007,-61.5521,516.865,4.01598,0.983329,58.5788,0.178716,0.000386343,0.768608,0.653317,0.845469,0.634102,0.518811,0.307443,0.230582,0.0192152,0.0384304,0,0,0,0,0,0
65797,65815,65806,21.1,-103.811,40.1039,44.65,-61.7123,513.983,3.16237,0.783956,48.8185,0.186816,0.000310966,0.410698,0.862465,0.492837,0.554442,0.349093,0.308023,0.123209,0.0410698,0,0.0205349,0,0,0,0,0
65816,65834,65825,21,-103.809,40.1042,45.3707,-61.13,513.054,3.47277,0.869978,52.6772,0.18165,0.000351051,0.655574,0.744165,0.460674,0.549265,0.513828,0.318928,0.159464,0.0354364,0.0354364,0,0,0,0,0,0
65835,65855,65845,20.9,-103.807,40.1043,46.1333,-60.8047,511.387,4.35101,1.10983,66.0661,0.178585,0.000441468,0.848978,0.77823,0.636734,0.636734,0.707482,0.424489,0.247619,0.0530611,0.017687,0,0,0,0,0,0
65856,65876,65866,20.8,-103.806,40.1041,46.9147,-61.4071,507.505,3.46788,0.902976,54.2302,0.180171,0.000368706,0.644474,0.537062,0.613785,0.613785,0.414305,0.337582,0.230169,0.0767231,0,0,0,0,0,0,0
65877,65895,65886,20.7,-103.804,40.1034,47.6977,-61.45,505.002,3.88292,0.893793,53.4526,0.179412,0.000357543,0.745206,1.11781,0.529489,0.490267,0.56871,0.156886,0.137275,0.117664,0.0196107,0,0,0,0,0,0
65896,65914,65905,20.6,-103.802,40.1026,48.4714,-60.76,504.323,4.00025,1.03677,62.1991,0.17998,0.000415614,0.589323,0.767905,0.732189,0.660756,0.535748,0.428598,0.196441,0.071433,0.0178583,0,0,0,0,0,0
65915,65933,65924,20.5,-103.799,40.1016,49.334,-60.8187,501.656,3.79901,0.963911,58.3701,0.181666,0.000388725,0.545076,0.858908,0.660698,0.594628,0.528559,0.363384,0.148657,0.0660698,0.0330349,0,0,0,0,0,0
65934,65953,65944,20.4,-103.796,40.1007,50.1975,-60.4081,500.131,4.1715,0.996696,58.7278,0.176768,0.000394205,0.828166,0.966193,0.690138,0.506101,0.567447,0.291392,0.21471,0.107355,0,0,0,0,0,0,0
65954,65973,65964,20.3,-103.793,40.0996,51.0621,-61.7386,494.595,4.45608,1.25392,93.0925,0.222723,0.000572419,0.88428,0.988313,0.520165,0.693553,0.606859,0.381454,0.225405,0.0693553,0.0520165,0.0173388,0.0173388,0,0,0,0
65974,65993,65984,20.2,-103.79,40.0988,51.922,-63.492,488.151,4.29879,1.07814,64.8487,0.180446,0.000433341,0.794871,0.729983,0.811093,0.713761,0.600209,0.356881,0.145997,0.129775,0.0162219,0,0,0,0,0,0
65994,66013,66004,20.1,-103.786,40.0984,52.81,-63.68,485.353,4.65191,1.19406,73.0598,0.183558,0.000496935,0.767792,1.02372,0.692518,0.812956,0.57208,0.391423,0.270985,0.0903284,0.0301095,0,0,0,0,0,0
66014,66023,66018,20,-103.784,40.0979,53.425,-64.219,482.513,5.32985,1.47015,94.8952,0.193643,0.000664037,1.10938,0.940562,0.627042,0.819978,0.795861,0.578808,0.265287,0.120585,0.072351,0,0,0,0,0,0
66041,66058,66050,19.9,-103.778,40.0968,54.666,-62.5,483.294,4.766,1.18753,72.0678,0.182062,0.000489906,1.01675,1.00086,0.699013,0.635466,0.587807,0.4766,0.206527,0.127093,0.0158867,0,0,0,0,0,0
66059,66081,66070,19.8,-103.773,40.0967,55.5416,-63.8516,478.026,5.05961,1.24136,76.6871,0.185329,0.000527271,1.2806,1.04205,0.627744,0.740738,0.502195,0.451976,0.276207,0.100439,0.0376646,0,0,0,0,0,0
66082,66104,66093,19.7,-103.768,40.0972,56.5244,-62.8513,477.905,4.56156,1.18144,83.5657,0.212197,0.000505797,1.02191,0.903427,0.725703,0.696083,0.53317,0.325826,0.222154,0.0740514,0.0296205,0.0148103,0.0148103,0,0,0,0
66105,66126,66116,19.6,-103.764,40.098,57.4719,-64.1644,472.671,4.78712,1.18821,82.6727,0.208732,0.000476004,0.998541,1.11602,0.675484,0.734221,0.63143,0.381795,0.117475,0.0881066,0,0.0293689,0.0146844,0,0,0,0
66127,66145,66136,19.5,-103.76,40.0992,58.3907,-64.5929,469.576,6.06309,1.47854,92.3613,0.187403,0.000647616,1.85065,0.93414,0.898889,0.793137,0.581634,0.458257,0.29963,0.229129,0.0176253,0,0,0,0,0,0
66146,66165,66156,19.4,-103.756,40.1004,59.412,-65.0693,466.176,5.7128,1.17673,65.8921,0.167988,0.000418287,1.72291,1.12442,0.9612,0.779842,0.398989,0.435261,0.199494,0.0725434,0.0181359,0,0,0,0,0,0
66166,66184,66175,19.3,-103.753,40.1016,60.49,-64.0369,466.095,5.73548,1.57957,116.874,0.221974,0.000823213,1.42862,1.42862,0.630272,0.819354,0.420181,0.357154,0.336145,0.189082,0.0630272,0.0630272,0,0,0,0,0
66187,66201,66194,19.2,-103.751,40.1026,61.4858,-63.7125,464.643,5.24953,1.04714,56.9554,0.163175,0.000348041,1.36351,1.29534,0.886284,0.681757,0.454505,0.363604,0.136351,0.0454505,0.0227252,0,0,0,0,0,0
66202,66220,66211,19.1,-103.749,40.1037,62.5046,-63.7362,462.414,5.44528,1.25948,78.5752,0.187161,0.000517695,1.26634,1.39298,0.802018,0.759807,0.422115,0.443221,0.211057,0.105529,0.0211057,0.0211057,0,0,0,0,0
66221,66239,66230,19,-103.748,40.1045,63.475,-64.5193,458.67,5.6405,1.17907,68.4023,0.174042,0.000449349,1.66473,1.27303,0.881328,0.744232,0.411286,0.313361,0.195851,0.137095,0.0195851,0,0,0,0,0,0
