data/B2SAP/Locations/Boulder/NOAA-POPS-B2SAP_GMLBalloon_20210709_R0.ict
61,1001
Thornberry, T. D.
NOAA Chemical Sciences Laboratory
Portable Optical Particle Spectrometer (POPS)
Balloon Baseline Stratospheric Aerosol Profiles (B2SAP)
1,1
2021,07,09,2024,05,28
0
TIME_START,s,Seconds since midnight UTC on flight start day,Start time of 100 m altitude bin in UTC_seconds_since_midnight
28
1.0,1.0,1.0,1.0,1.0,1.0,1.0,1.0,1.0,1.0,1.0,1.0,1.0,1.0,1.0,1.0,1.0,1.0,1.0,1.0,1.0,1.0,1.0,1.0,1.0,1.0,1.0,1.0
99999,99999,99999,99999,99999,99999,99999,99999,99999,99999,99999,99999,99999,99999,99999,99999,99999,99999,99999,99999,99999,99999,99999,99999,99999,99999,99999,99999
TIME_STOP,s,End time of 100 m altitude bin in UTC seconds since midnight,
TIME_MID,s,Mid time of 100 m altitude in UTC seconds since midnight,
GPSAlt,m,GPS reported altitude above sea level (m),
GPS_Lon,deg,GPS reported longitude,
GPS_Lat,deg,GPS reported latitude,
iMet_Pressure,mb,Pressure reported (mB),
iMet_Temperature,degrees C,Ambient temperature (oC),
THETA,K,Potential temperature from iMet,
Aerosol_concentration,cm^-3,Aerosol concentration,
Surface_Area_Conc,um^2 cm^-3,Surface area concentration,
Volume_density,um^3 cm^-3,Volume density,
Effective_radius,um,Effective radius,
Extinction,km^-1,Extinction,
Bin01,cm^-3,particle concentration in size range [140 - 170 nm],
Bin02,cm^-3,particle concentration in size range [170 - 205 nm],
Bin03,cm^-3,particle concentration in size range [205 - 249 nm],
Bin04,cm^-3,particle concentration in size range [249 - 302 nm],
Bin05,cm^-3,particle concentration in size range [302 - 366 nm],
Bin06,cm^-3,particle concentration in size range [366 - 443 nm],
Bin07,cm^-3,particle concentration in size range [443 - 537 nm],
Bin08,cm^-3,particle concentration in size range [537 - 651 nm],
Bin09,cm^-3,particle concentration in size range [651 - 789 nm],
Bin10,cm^-3,particle concentration in size range [789 - 956 nm],
Bin11,cm^-3,particle concentration in size range [956 - 1159 nm],
Bin12,cm^-3,particle concentration in size range [1159 - 1404 nm],
Bin13,cm^-3,particle concentration in size range [1404 - 1702 nm],
Bin14,cm^-3,particle concentration in size range [1702 - 2062 nm],
Bin15,cm^-3,particle concentration in size range [2062 - 2500 nm],
0
19
PI_CONTACT_INFO: 325 Broadway R/CSL6, Boulder, CO 80305; troy.thornberry@noaa.gov; 303-497-3373 
PLATFORM: GML ECC/FPH balloon
LOCATION: Boulder, CO, USA
ASSOCIATED_DATA: N/A
INSTRUMENT_INFO: Printed Optical Particle Spectrometer counts particles from 140 - 2500 nm in diameter 
DATA_INFO: Particle concentrations reported in number per cubic centimeter, binned to 100 m altitude
UNCERTAINTY: Counting uncertainty dominated by air flow, less than 5 percent
ULOD_FLAG: -77777
ULOD_VALUE: 3000 ~3000 per cm3 (varies depending on flow rate- manufacturer quotes 1250  per cm3 at 1.667 cc/s)
LLOD_FLAG: -88888
LLOD_VALUE: 0 0 (varies depending on data field and measurement precision)
DM_CONTACT_INFO: Troy Thornberry, 325 Broadway R/CSL6, Boulder, CO 80305; troy.thornberry@noaa.gov; 303-497-3373
PROJECT_INFO: B2SAP Boulder, CO, USA
STIPULATIONS_ON_USE: Please contact the PIs for questions regarding applications and uncertainties
OTHER_COMMENTS: POPS bin Edges (nm):  140, 170, 205, 249, 302, 366, 443, 537, 651, 789, 956, 1159, 1404, 1702, 2062, 2500
Calculations assume sulfate refractive index of 1.45+0.00j and extinction wavelength = 532 nm
REVISION: R0
R0: QA/QC data
TIME_START,TIME_STOP,TIME_MID,GPSAlt,GPS_Lon,GPS_Lat,iMet_Pressure,iMet_Temperature,THETA,Aerosol_concentration,Surface_Area_Conc,Volume_density,Effective_radius,Extinction,Bin01,Bin02,Bin03,Bin04,Bin05,Bin06,Bin07,Bin08,Bin09,Bin10,Bin11,Bin12,Bin13,Bin14,Bin15
[from data line 230]
63071,63090,63080,24.7,-104.737,39.7104,26.819,-49.854,627.912,2.04671,0.553546,35.1919,0.190726,0.000249083,0.48077,0.315934,0.357143,0.21978,0.21978,0.247253,0.151099,0.0412088,0.0137363,0,0,0,0,0,0
63093,63109,63101,24.8,-104.74,39.711,26.3592,-50.31,629.74,2.24682,0.499271,27.2193,0.163554,0.000170277,0.491491,0.491491,0.37447,0.257448,0.304257,0.210639,0.117022,0,0,0,0,0,0,0,0
63110,63131,63120,24.9,-104.742,39.7113,25.9586,-49.7286,634.147,1.96469,0.388256,21.1076,0.163095,0.000129525,0.592098,0.41716,0.282592,0.296049,0.188395,0.121111,0.0134568,0.0538271,0,0,0,0,0,0,0
63135,63151,63143,25,-104.746,39.7115,25.4725,-49.3656,638.621,2.00618,0.501218,31.0449,0.185817,0.000211367,0.447807,0.39407,0.286596,0.286596,0.286596,0.161211,0.0716491,0.0537368,0.0179123,0,0,0,0,0,0
63151,63170,63160,25.1,-104.748,39.7115,25.2189,-49.0637,641.31,2.0535,0.449679,25.1685,0.16791,0.000162563,0.558672,0.437878,0.256687,0.286886,0.226489,0.150992,0.120794,0.0150992,0,0,0,0,0,0,0
63171,63193,63182,25.2,-104.751,39.7112,24.75,-49.3295,643.99,1.55485,0.381473,22.2781,0.175201,0.000146024,0.308036,0.264031,0.264031,0.264031,0.205358,0.161352,0.0440052,0.0440052,0,0,0,0,0,0,0
63195,63215,63205,25.3,-104.753,39.7107,24.3172,-48.9906,648.226,1.7955,0.385636,22.623,0.175992,0.00014926,0.532001,0.349126,0.266,0.29925,0.149625,0.0997502,0.016625,0.0831251,0,0,0,0,0,0,0
63215,63238,63226,25.4,-104.756,39.7098,23.9941,-48.1612,653.109,1.78086,0.350706,19.4021,0.165969,0.000117206,0.45844,0.387911,0.317381,0.335014,0.158691,0.0528969,0.0352646,0.0176323,0.0176323,0,0,0,0,0,0
63242,63258,63250,25.5,-104.76,39.7092,23.595,-48.0206,656.664,1.59835,0.334688,17.3782,0.155771,0.000101614,0.399587,0.323475,0.133196,0.361531,0.209307,0.114168,0.0570838,0,0,0,0,0,0,0,0
63258,63278,63268,25.6,-104.764,39.7091,23.1629,-48.2871,659.359,1.62928,0.386845,22.1936,0.172112,0.000145303,0.366131,0.366131,0.219679,0.164759,0.219679,0.201372,0.0732262,0.0183066,0,0,0,0,0,0,0
63279,63299,63289,25.7,-104.767,39.7092,22.8156,-48.3056,662.158,1.80581,0.320066,15.0141,0.140728,7.61128e-05,0.468816,0.468816,0.190999,0.416725,0.121545,0.121545,0.0173636,0,0,0,0,0,0,0,0
63301,63320,63310,25.8,-104.77,39.7094,22.5067,-48.4411,664.334,1.56621,0.335833,21.0465,0.188008,0.000144419,0.551732,0.355956,0.142382,0.231371,0.106787,0.0711912,0.0355956,0.0533934,0.0177978,0,0,0,0,0,0
63320,63340,63330,25.9,-104.773,39.7097,22.13,-48.31,667.944,1.64089,0.319574,16.7645,0.157377,0.00010029,0.524409,0.253746,0.304496,0.23683,0.169164,0.0845821,0.0507493,0.0169164,0,0,0,0,0,0,0
63341,63360,63350,26,-104.777,39.7097,21.7844,-47.8678,672.267,1.62008,0.317441,17.6061,0.166388,0.000113832,0.673516,0.273047,0.182031,0.163828,0.109219,0.127422,0.0728126,0.0182031,0,0,0,0,0,0,0
63361,63379,63370,26.1,-104.78,39.7099,21.4282,-47.5159,676.502,1.43239,0.325378,19.4802,0.179609,0.000132282,0.367775,0.329062,0.174209,0.251635,0.135496,0.0580697,0.0580697,0.0580697,0,0,0,0,0,0,0
63383,63402,63392,26.2,-104.782,39.7102,21.0524,-47.8594,678.89,1.70478,0.339348,18.0401,0.159484,0.000110869,0.654158,0.19823,0.257699,0.218053,0.158584,0.138761,0.0792919,0,0,0,0,0,0,0,0
63403,63424,63414,26.3,-104.785,39.71,20.7338,-47.7056,682.325,1.28159,0.276105,16.487,0.179138,0.000113246,0.576717,0.170879,0.1068,0.0640797,0.192239,0.0854396,0.0427198,0.0427198,0,0,0,0,0,0,0
63425,63446,63436,26.4,-104.788,39.7095,20.3668,-46.7684,688.665,1.63071,0.276599,13.386,0.145184,7.16543e-05,0.543569,0.398617,0.199309,0.271785,0.0905948,0.108714,0,0.018119,0,0,0,0,0,0,0
63448,63464,63456,26.5,-104.792,39.7088,20.0425,-46.1833,693.617,1.36282,0.194751,7.8633,0.121129,3.076e-05,0.463939,0.37695,0.115985,0.318958,0.0579923,0.0289962,0,0,0,0,0,0,0,0,0
63467,63487,63477,26.6,-104.796,39.7084,19.724,-45.732,698.186,1.50984,0.312844,17.5913,0.168691,0.000114279,0.495416,0.37746,0.0707737,0.235912,0.141547,0.0943649,0.0707737,0.0235912,0,0,0,0,0,0,0
63488,63510,63499,26.7,-104.799,39.7082,19.3905,-44.8947,704.178,1.57724,0.552739,83.7444,0.454524,0.000280707,0.525747,0.319203,0.150213,0.150213,0.150213,0.187767,0.0187767,0.05633,0,0,0,0,0,0.0187767,0
63511,63530,63520,26.8,-104.802,39.7079,19.0247,-44.2007,710.182,1.13003,0.246423,13.6094,0.165683,8.66164e-05,0.38469,0.120216,0.144259,0.216388,0.0961725,0.0961725,0.0721294,0,0,0,0,0,0,0,0
63532,63552,63542,26.9,-104.806,39.7074,18.7138,-43.5554,715.527,1.24736,0.223762,11.7449,0.157464,7.34129e-05,0.453585,0.340189,0.113396,0.141745,0.0850472,0.0283491,0.0850472,0,0,0,0,0,0,0,0
63554,63573,63564,27,-104.81,39.7071,18.5147,-43.1547,718.98,1.13509,0.247006,14.4752,0.175808,9.84909e-05,0.349259,0.196458,0.218287,0.152801,0.0654861,0.0436574,0.0873148,0.0218287,0,0,0,0,0,0,0
63575,63595,63585,27.1,-104.815,39.7073,18.1986,-42.8657,723.431,1.46209,0.280368,14.2591,0.152576,8.29253e-05,0.541516,0.243682,0.0812274,0.243682,0.243682,0.0541516,0.0541516,0,0,0,0,0,0,0,0
63599,63618,63608,27.2,-104.818,39.7077,17.8429,-42.9371,727.309,1.17841,0.243213,13.3358,0.164496,8.57742e-05,0.411073,0.246644,0.0822146,0.137024,0.164429,0.0548097,0.0822146,0,0,0,0,0,0,0,0
63620,63640,63630,27.3,-104.821,39.708,17.6425,-42.9125,729.722,1.49106,0.348796,21.4423,0.184426,0.00014906,0.391098,0.391098,0.146662,0.171105,0.195549,0.0733309,0.0488873,0.0733309,0,0,0,0,0,0,0
63641,63662,63652,27.4,-104.825,39.708,17.3581,-42.5637,734.24,1.42911,0.281258,15.0476,0.160503,9.42128e-05,0.492798,0.246399,0.197119,0.221759,0.1232,0.0492798,0.0985596,0,0,0,0,0,0,0,0
63663,63682,63672,27.5,-104.829,39.708,17.0471,-42.4118,738.52,1.06931,0.229547,13.112,0.171364,8.5142e-05,0.371934,0.162721,0.162721,0.139475,0.0464917,0.139475,0.0232459,0.0232459,0,0,0,0,0,0,0
63683,63703,63693,27.6,-104.833,39.7082,16.7662,-42.7146,741.07,1.27092,0.296216,17.3684,0.175902,0.000115157,0.340978,0.30998,0.0929939,0.185988,0.0929939,0.185988,0.030998,0.030998,0,0,0,0,0,0,0
63704,63723,63714,27.7,-104.837,39.7087,16.5216,-43.0711,743.02,1.18586,0.235567,12.7005,0.161744,7.80844e-05,0.344977,0.258733,0.215611,0.107805,0.129367,0.0862444,0.0215611,0.0215611,0,0,0,0,0,0,0
63724,63742,63733,27.8,-104.841,39.709,16.2675,-43.2594,745.723,1.45935,0.310023,18.2503,0.176602,0.000122093,0.495138,0.286659,0.234539,0.156359,0.0521198,0.156359,0.0260599,0.0521198,0,0,0,0,0,0,0
63743,63759,63751,27.9,-104.845,39.7094,15.9881,-43.3656,749.063,1.15895,0.271838,16.413,0.181133,0.000113863,0.269523,0.323428,0.161714,0.134762,0.0539046,0.107809,0.0808569,0.0269523,0,0,0,0,0,0,0
63761,63780,63770,28,-104.849,39.7102,15.7218,-43.3188,752.832,0.949532,0.269757,16.4568,0.183018,0.000115191,0.153978,0.128315,0.128315,0.205304,0.128315,0.0769891,0.128315,0,0,0,0,0,0,0,0
63782,63804,63793,28.1,-104.854,39.7114,15.4405,-43.68,755.535,1.0303,0.266762,15.9187,0.179022,0.00010918,0.313571,0.0895917,0.156786,0.11199,0.11199,0.156786,0.0895917,0,0,0,0,0,0,0,0
63807,63808,63808,28.2,-104.857,39.7123,15.31,-44.06,756.116,1.12194,0.213246,11.2353,0.158061,6.68443e-05,0.673166,0,0,0.224389,0,0.224389,0,0,0,0,0,0,0,0,0
64376,64377,64376,25.2,-104.961,39.7267,24.705,-48.425,646.936,0.696596,0.291704,18.5141,0.190406,0.000126661,0,0,0,0.232199,0,0.464397,0,0,0,0,0,0,0,0,0
64380,64391,64386,25.1,-104.963,39.7266,25.0033,-48.0933,645.662,1.80432,0.372057,21.0344,0.169606,0.000135267,0.618625,0.206208,0.360865,0.309312,0.103104,0.103104,0.0515521,0.0515521,0,0,0,0,0,0,0
64393,64405,64399,25,-104.965,39.7266,25.4337,-48.6313,640.994,2.21157,0.383097,18.5461,0.145233,0.000101586,0.814789,0.349195,0.407394,0.290996,0.174598,0.116398,0.0581992,0,0,0,0,0,0,0,0
64406,64418,64412,24.9,-104.967,39.7266,25.81,-49.0237,637.19,2.15714,0.433858,21.7869,0.15065,0.000121632,0.408108,0.349807,0.641312,0.349807,0.174903,0.174903,0.0583011,0,0,0,0,0,0,0,0
64420,64432,64426,24.8,-104.968,39.7268,26.26,-49.45,632.848,1.66504,0.352824,18.4193,0.156616,0.000107638,0.416259,0.277506,0.231255,0.370008,0.138753,0.185004,0.046251,0,0,0,0,0,0,0,0
64433,64446,64440,24.7,-104.97,39.7271,26.6811,-49.2456,630.548,1.51521,0.334202,19.7615,0.177391,0.000133364,0.439899,0.293266,0.342144,0.0977554,0.0977554,0.146633,0.0488777,0.0488777,0,0,0,0,0,0,0
64447,64460,64454,24.6,-104.972,39.7272,27.114,-49.236,627.688,2.45363,0.535307,29.0745,0.162941,0.00018105,0.613407,0.481962,0.350518,0.394333,0.262889,0.219074,0.131444,0,0,0,0,0,0,0,0
64461,64474,64468,24.5,-104.973,39.7274,27.6482,-49.8582,622.458,1.79687,0.349026,17.8315,0.153268,0.000104144,0.559027,0.199652,0.439235,0.239583,0.199652,0.0798609,0.0798609,0,0,0,0,0,0,0,0
64475,64489,64482,24.4,-104.975,39.7277,28.052,-49.9793,619.555,2.33607,0.529771,30.8681,0.174801,0.000205328,0.547968,0.461446,0.490287,0.317244,0.173042,0.173042,0.115362,0.0576808,0,0,0,0,0,0,0
64490,64503,64496,24.3,-104.977,39.7278,28.4892,-50.5425,615.262,2.23423,0.505723,28.7855,0.170759,0.000186166,0.425567,0.602886,0.425567,0.248247,0.106392,0.319175,0.0709278,0.0354639,0,0,0,0,0,0,0
64504,64517,64510,24.2,-104.979,39.7276,28.9758,-50.6667,611.954,1.84697,0.477794,29.2393,0.183589,0.000204315,0.487878,0.243939,0.209091,0.383333,0.174242,0.139394,0.174242,0.0348484,0,0,0,0,0,0,0
64518,64532,64525,24.1,-104.981,39.7273,29.3754,-50.4054,610.278,2.36691,0.509889,26.408,0.155375,0.000153582,0.529441,0.404866,0.404866,0.311436,0.467154,0.186861,0.0622871,0,0,0,0,0,0,0,0
64533,64548,64540,24,-104.983,39.7268,29.9046,-50.1854,607.777,2.2243,0.75341,51.9127,0.206711,0.000383214,0.344609,0.187969,0.469922,0.156641,0.407266,0.375938,0.156641,0.0939844,0.0313281,0,0,0,0,0,0
64549,64562,64556,23.9,-104.984,39.7263,30.427,-50.553,603.772,2.26979,0.635723,40.8585,0.192813,0.000281254,0.358388,0.398209,0.199104,0.557492,0.398209,0.159284,0.119463,0.0398209,0.0398209,0,0,0,0,0,0
64564,64578,64571,23.8,-104.985,39.726,30.9283,-50.495,601.121,2.72305,0.663514,40.0693,0.181169,0.00027316,0.615927,0.518676,0.551093,0.291755,0.259338,0.291755,0.0972517,0.0972517,0,0,0,0,0,0,0
64579,64594,64586,23.7,-104.986,39.7259,31.435,-50.7607,597.62,2.10569,0.395053,19.5456,0.148428,0.000108589,0.581835,0.38789,0.443303,0.304771,0.193945,0.138532,0.0554128,0,0,0,0,0,0,0,0
64595,64610,64602,23.6,-104.986,39.7261,31.952,-51.358,593.247,2.36126,0.483531,23.9092,0.148341,0.000129262,0.571272,0.190424,0.571272,0.457018,0.380848,0.152339,0.0380848,0,0,0,0,0,0,0,0
64611,64626,64618,23.5,-104.987,39.7269,32.4808,-51.8708,589.101,2.55127,0.631872,37.7835,0.179388,0.000253342,0.537109,0.469971,0.369263,0.402832,0.402832,0.201416,0.0671387,0.100708,0,0,0,0,0,0,0
64628,64643,64636,23.4,-104.988,39.7277,32.9964,-51.7391,586.808,2.43409,0.539631,28.5365,0.158644,0.000169085,0.472287,0.399627,0.508617,0.435957,0.254308,0.290638,0.0726595,0,0,0,0,0,0,0,0
64645,64660,64652,23.3,-104.99,39.7282,33.5508,-52.0985,583.072,3.00621,0.913701,59.9536,0.196849,0.000440773,0.607315,0.334023,0.425121,0.546584,0.364389,0.273292,0.334023,0.121463,0,0,0,0,0,0,0
64661,64676,64668,23.2,-104.991,39.7285,34.1242,-51.585,581.605,2.26059,0.543701,31.0351,0.171244,0.000200864,0.425908,0.45867,0.360384,0.327621,0.327621,0.229335,0.0982864,0.0327621,0,0,0,0,0,0,0
64678,64694,64686,23.1,-104.992,39.7285,34.64,-51.6793,578.874,2.34843,0.574874,33.8591,0.176695,0.000215515,0.408423,0.408423,0.43395,0.43395,0.280791,0.306317,0.0255264,0.0255264,0.0255264,0,0,0,0,0,0
64695,64709,64702,23,-104.993,39.7283,35.2,-51.3143,577.171,2.2054,0.620759,39.03,0.188624,0.000266246,0.318854,0.265711,0.371996,0.425138,0.504852,0.132856,0.106285,0.0531423,0.0265711,0,0,0,0,0,0
64711,64727,64719,22.9,-104.993,39.7281,35.7854,-50.8477,575.67,2.61814,0.642005,37.182,0.173746,0.000240713,0.506736,0.506736,0.365976,0.534888,0.168912,0.42228,0.056304,0.056304,0,0,0,0,0,0,0
64728,64744,64736,22.8,-104.994,39.7279,36.3246,-50.6577,573.7,2.7563,0.716962,45.8082,0.191676,0.000323961,0.640351,0.556827,0.445462,0.250572,0.361938,0.222731,0.19489,0.0556827,0.0278414,0,0,0,0,0,0
64745,64762,64754,22.7,-104.995,39.7277,36.9617,-50.8025,570.493,2.46283,0.582467,34.6568,0.1785,0.000226448,0.563779,0.563779,0.326399,0.296726,0.296726,0.296726,0.0890178,0,0.0296726,0,0,0,0,0,0
64763,64779,64771,22.6,-104.996,39.7277,37.5492,-51.2258,566.838,2.2077,0.551951,34.0997,0.185341,0.000228962,0.6021,0.286714,0.372728,0.258043,0.286714,0.286714,0.0573428,0.0286714,0.0286714,0,0,0,0,0,0
64781,64799,64790,22.5,-104.997,39.7275,38.2073,-51.618,563.045,2.90765,0.71912,44.4509,0.185439,0.000308616,0.677722,0.633998,0.480964,0.32793,0.240482,0.32793,0.087448,0.131172,0,0,0,0,0,0,0
64801,64817,64809,22.4,-104.997,39.7272,38.8131,-52.1915,559.058,2.85643,0.66666,38.4944,0.173227,0.000252848,0.714107,0.541736,0.418615,0.418615,0.270868,0.320117,0.123122,0.0492488,0,0,0,0,0,0,0
64819,64836,64828,22.3,-104.998,39.7269,39.4438,-52.4777,555.781,2.59355,0.559862,31.4142,0.168332,0.000201016,0.741014,0.568111,0.296406,0.321106,0.321106,0.222304,0.0741014,0.0494009,0,0,0,0,0,0,0
64837,64855,64846,22.2,-104.999,39.7268,40.0671,-53.1336,551.644,2.35968,0.536322,32.048,0.179266,0.000213653,0.623312,0.489745,0.333917,0.333917,0.289395,0.111306,0.133567,0.0222611,0.0222611,0,0,0,0,0,0
64856,64875,64866,22.1,-105,39.7268,40.7267,-53.684,547.708,2.58239,0.510951,28.4428,0.166999,0.000175626,0.827941,0.551961,0.394258,0.315406,0.177416,0.236555,0.0394258,0.0197129,0.0197129,0,0,0,0,0,0
64876,64893,64884,22,-105.001,39.7268,41.4107,-53.1871,546.334,2.66381,0.540246,29.7405,0.16515,0.00018276,0.732038,0.691369,0.305016,0.32535,0.32535,0.18301,0.0813376,0,0.0203344,0,0,0,0,0,0
64894,64912,64903,21.9,-105.003,39.7268,42.0193,-53.2193,543.987,2.8429,0.49619,25.6002,0.154781,0.000153292,1.1555,0.623604,0.275119,0.275119,0.311802,0.0917065,0.0733652,0.0366826,0,0,0,0,0,0,0
64913,64931,64922,21.8,-105.004,39.7265,42.7653,-53.504,540.557,2.62571,0.555933,30.5081,0.164632,0.000191938,0.70242,0.501729,0.434831,0.367934,0.334486,0.133794,0.11707,0.0334486,0,0,0,0,0,0,0
64932,64949,64940,21.7,-105.006,39.726,43.4543,-53.345,538.483,2.87528,0.595826,34.2921,0.172662,0.000220901,0.862583,0.557085,0.575055,0.287528,0.269557,0.179705,0.0718819,0.0539114,0.0179705,0,0,0,0,0,0
64950,64968,64959,21.6,-105.007,39.7254,44.1553,-53.6713,535.236,2.77831,0.535002,29.4818,0.165318,0.000181302,0.791397,0.740882,0.420956,0.387279,0.134706,0.202059,0.0505147,0.0336765,0.0168382,0,0,0,0,0,0
64969,64985,64977,21.5,-105.008,39.7251,44.8829,-54.4864,530.757,3.07891,0.89604,57.2521,0.191684,0.00040736,0.561449,0.380336,0.507115,0.489004,0.470892,0.344114,0.181112,0.14489,0,0,0,0,0,0,0
64986,65004,64995,21.4,-105.009,39.7255,45.5773,-54.3713,528.721,3.80835,1.19477,83.3376,0.209257,0.000611436,0.74145,0.539236,0.488683,0.572938,0.589789,0.421278,0.219065,0.15166,0.0842556,0,0,0,0,0,0
65006,65023,65014,21.3,-105.01,39.7258,46.3753,-54.6093,525.521,3.11466,0.815865,50.1736,0.184492,0.00034551,0.648137,0.522111,0.360076,0.666141,0.37808,0.270057,0.144031,0.126027,0,0,0,0,0,0,0
65024,65043,65034,21.2,-105.012,39.7261,47.0913,-55.5881,520.893,3.02693,0.722573,41.6036,0.172731,0.000263791,0.629882,0.437418,0.559895,0.594889,0.314941,0.367431,0.0699869,0.0349935,0.0174967,0,0,0,0,0,0
65044,65063,65054,21.1,-105.014,39.7266,47.9029,-55.1929,519.289,3.06441,0.735276,43.7538,0.17852,0.000298323,0.724914,0.510735,0.659013,0.362457,0.313031,0.214179,0.214179,0.0659013,0,0,0,0,0,0,0
65064,65082,65073,21,-105.016,39.727,48.7311,-55.0422,517.116,3.09368,0.696539,40.46,0.174262,0.000263469,0.746215,0.668484,0.450838,0.497476,0.310923,0.233192,0.124369,0.0466384,0.0155461,0,0,0,0,0,0
65083,65103,65093,20.9,-105.018,39.7273,49.5156,-55.4244,513.854,3.33645,0.836346,51.1437,0.183454,0.00035035,0.732772,0.608045,0.467727,0.576863,0.467727,0.218273,0.109136,0.155909,0,0,0,0,0,0,0
65104,65122,65113,20.8,-105.021,39.7275,50.3022,-55.8139,510.631,3.03885,0.774424,48.2537,0.186928,0.000329314,0.654522,0.623355,0.374013,0.514268,0.327261,0.327261,0.124671,0.0623355,0.0311677,0,0,0,0,0,0
