data/B2SAP/Locations/Boulder/NOAA-POPS-B2SAP_GMLBalloon_20201201_R0.ict
61,1001
Thornberry, T. D.
NOAA Chemical Sciences Laboratory
Portable Optical Particle Spectrometer (POPS)
Balloon Baseline Stratospheric Aerosol Profiles (B2SAP)
1,1
2020,12,01,2024,05,30
0
TIME_START,s,Seconds since midnight UTC on flight start day,Start time of 100 m altitude bin in UTC_seconds_since_midnight
28
1.0,1.0,1.0,1.0,1.0,1.0,1.0,1.0,1.0,1.0,1.0,1.0,1.0,1.0,1.0,1.0,1.0,1.0,1.0,1.0,1.0,1.0,1.0,1.0,1.0,1.0,1.0,1.0
99999,99999,99999,99999,99999,99999,99999,99999,99999,99999,99999,99999,99999,99999,99999,99999,99999,99999,99999,99999,99999,99999,99999,99999,99999,99999,99999,99999
TIME_STOP,s,End time of 100 m altitude bin in UTC seconds since midnight,
TIME_MID,s,Mid time of 100 m altitude in UTC seconds since midnight,
GPSAlt,m,GPS reported altitude above sea level (m),
GPS_Lon,deg,GPS reported longitude,
GPS_Lat,deg,GPS reported latitude,
iMet_Pressure,mb,Pressure reported (mB),
iMet_Temperature,degrees C,Ambient temperature (oC),
THETA,K,Potential temperature from iMet,
Aerosol_concentration,cm^-3,Aerosol concentration,
Surface_Area_Conc,um^2 cm^-3,Surface area concentration,
Volume_density,um^3 cm^-3,Volume density,
Effective_radius,um,Effective radius,
Extinction,km^-1,Extinction,
Bin01,cm^-3,particle concentration in size range [140 - 170 nm],
Bin02,cm^-3,particle concentration in size range [170 - 205 nm],
Bin03,cm^-3,particle concentration in size range [205 - 249 nm],
Bin04,cm^-3,particle concentration in size range [249 - 302 nm],
Bin05,cm^-3,particle concentration in size range [302 - 366 nm],
Bin06,cm^-3,particle concentration in size range [366 - 443 nm],
Bin07,cm^-3,particle concentration in size range [443 - 537 nm],
Bin08,cm^-3,particle concentration in size range [537 - 651 nm],
Bin09,cm^-3,particle concentration in size range [651 - 789 nm],
Bin10,cm^-3,particle concentration in size range [789 - 956 nm],
Bin11,cm^-3,particle concentration in size range [956 - 1159 nm],
Bin12,cm^-3,particle concentration in size range [1159 - 1404 nm],
Bin13,cm^-3,particle concentration in size range [1404 - 1702 nm],
Bin14,cm^-3,particle concentration in size range [1702 - 2062 nm],
Bin15,cm^-3,particle concentration in size range [2062 - 2500 nm],
0
19
PI_CONTACT_INFO: 325 Broadway R/CSL6, Boulder, CO 80305; troy.thornberry@noaa.gov; 303-497-3373 
PLATFORM: GML ECC/FPH balloon
LOCATION: Boulder, CO, USA
ASSOCIATED_DATA: N/A
INSTRUMENT_INFO: Printed Optical Particle Spectrometer counts particles from 140 - 2500 nm in diameter 
DATA_INFO: Particle concentrations reported in number per cubic centimeter, binned to 100 m altitude
UNCERTAINTY: Counting uncertainty dominated by air flow, less than 5 percent
ULOD_FLAG: -77777
ULOD_VALUE: 3000 ~3000 per cm3 (varies depending on flow rate- manufacturer quotes 1250  per cm3 at 1.667 cc/s)
LLOD_FLAG: -88888
LLOD_VALUE: 0 0 (varies depending on data field and measurement precision)
DM_CONTACT_INFO: Troy Thornberry, 325 Broadway R/CSL6, Boulder, CO 80305; troy.thornberry@noaa.gov; 303-497-3373
PROJECT_INFO: B2SAP Boulder, CO, USA
STIPULATIONS_ON_USE: Please contact the PIs for questions regarding applications and uncertainties
OTHER_COMMENTS: POPS bin Edges (nm):  140, 170, 205, 249, 302, 366, 443, 537, 651, 789, 956, 1159, 1404, 1702, 2062, 2500
Calculations assume sulfate refractive index of 1.45+0.00j and extinction wavelength = 532 nm
REVISION: R0
R0: QA/QC data
TIME_START,TIME_STOP,TIME_MID,GPSAlt,GPS_Lon,GPS_Lat,iMet_Pressure,iMet_Temperature,THETA,Aerosol_concentration,Surface_Area_Conc,Volume_density,Effective_radius,Extinction,Bin01,Bin02,Bin03,Bin04,Bin05,Bin06,Bin07,Bin08,Bin09,Bin10,Bin11,Bin12,Bin13,Bin14,Bin15
59077,60035,59556,1.8,-105.197,39.9491,822.123,2.92935,291.969,110.482,15.2248,941.569,0.185533,0.00391256,57.7474,27.2392,12.9075,5.09684,3.53247,1.60923,1.37934,0.549495,0.196248,0.0728922,0.0392496,0.0560709,0.0168213,0.0168213,0.0224284
59434,60017,59726,1.7,-105.197,39.9491,823.114,3.14727,292.097,104.764,13.6439,804.117,0.176809,0.00324194,56.9769,25.985,10.6792,4.81673,3.13721,1.20418,1.10912,0.602092,0.126756,0.031689,0.0633781,0,0,0,0.031689
60036,60051,60044,1.9,-105.197,39.9487,810.215,1.63312,291.816,106.302,14.4821,878.348,0.181952,0.00354574,55.9566,26.5034,12.2204,4.32483,3.39333,1.70775,1.41943,0.465751,0.0887144,0.0443572,0.0221786,0.0887144,0.0443572,0,0.0221786
60052,60071,60062,2,-105.197,39.9487,799.032,0.5915,291.863,103.367,13.9808,735.659,0.157858,0.00348143,53.8934,25.0118,12.639,4.49111,3.39052,1.61538,1.49112,0.426035,0.230769,0.0710058,0.0355029,0,0.0710058,0,0
60072,60089,60080,2.1,-105.197,39.9486,789.615,-0.344444,291.849,102.298,13.4698,757.365,0.16868,0.0033009,55.2191,24.6188,11.844,4.17906,2.93129,1.26758,1.40622,0.49515,0.237672,0.019806,0.019806,0,0.039612,0,0.019806
60090,60105,60098,2.2,-105.196,39.9483,780.204,-1.29125,291.84,97.8495,12.8152,726.675,0.170113,0.00305788,52.445,24.2381,10.6729,4.41713,2.89243,1.16594,1.25563,0.538127,0.11211,0.0448439,0,0,0.0448439,0,0.022422
60106,60120,60113,2.3,-105.196,39.9483,770.501,-2.22214,291.882,95.2818,13.5383,809.63,0.179408,0.00381081,50.2348,22.6005,10.7353,4.85398,2.82507,1.61799,1.28412,0.590696,0.308189,0.10273,0.0256824,0.0513648,0.0256824,0.0256824,0
60120,60133,60126,2.4,-105.195,39.9479,761.008,-3.23923,291.815,92.8668,12.9006,891.619,0.207344,0.00328102,49.08,22.7248,10.7527,4.29554,3.04845,1.33023,0.997674,0.249418,0.110853,0.110853,0.0277132,0.0277132,0.0554263,0.0277132,0.0277132
60133,60147,60140,2.5,-105.194,39.9476,751.279,-4.19733,291.85,95.1619,12.5809,633.067,0.150959,0.00303398,49.2674,24.3325,11.0581,4.3124,2.81872,1.10821,1.46959,0.530016,0.14455,0.0240916,0.0722749,0.0240916,0,0,0
60148,60165,60156,2.6,-105.193,39.9471,740.738,-5.15833,291.988,95.6397,13.2719,734.969,0.166134,0.00337435,48.8776,23.3105,12.0884,4.37199,3.30417,1.59164,1.26929,0.342506,0.282064,0.0604422,0.0201474,0.0402948,0.0805896,0,0
60167,60188,60178,2.7,-105.193,39.9465,731.795,-5.92455,292.162,114.513,15.5982,861.984,0.165786,0.00386921,59.5294,27.9765,13.5871,5.36467,3.81042,1.73809,1.63781,0.451234,0.200548,0.0668494,0.0501371,0.0334247,0.0501371,0.0167124,0
60189,60209,60199,2.8,-105.192,39.9459,722.446,-6.88429,292.181,128.803,17.3041,881.432,0.152813,0.00418991,66.077,31.9858,15.4051,6.28135,4.38642,1.73702,1.8423,0.684281,0.263185,0.0175457,0.0350913,0.0350913,0.052637,0,0
60209,60231,60220,2.9,-105.192,39.9454,713.416,-7.80091,292.23,108.345,15.0222,869.742,0.173692,0.00385818,55.2809,26.5402,13.7572,5.19046,3.59469,1.47819,1.59577,0.520726,0.134381,0.100786,0.0671904,0.0503928,0,0.0335952,0
60232,60254,60243,3,-105.191,39.9447,704.233,-8.79,292.219,110.131,15.5132,1127.55,0.21805,0.00413441,58.7336,26.7641,12.2528,4.96521,3.86005,1.48956,1.10516,0.44847,0.240252,0.080084,0.0480504,0.0320336,0.0320336,0.0320336,0.0480504
60255,60277,60266,3.1,-105.191,39.9437,694.939,-9.76522,292.244,117.109,15.8773,986.228,0.186347,0.00391246,61.8481,28.9464,13.4319,5.66659,3.27726,1.45297,1.66284,0.435891,0.129153,0.0807206,0.0322882,0.0807206,0.0322882,0,0.0322882
60278,60297,60288,3.2,-105.191,39.9428,686.142,-10.7037,292.267,127.198,19.0577,1542.38,0.242796,0.00571652,68.4043,31.2136,14.1809,5.15669,3.4964,1.67983,1.50404,0.683653,0.292994,0.195329,0.0390659,0.175796,0.0585988,0.0781317,0.0390659
60298,60315,60306,3.3,-105.19,39.9419,677.279,-11.5544,292.406,112.599,17.8158,1780.03,0.299739,0.00569473,62.7698,26.3732,11.338,4.60093,3.28638,1.37617,1.58157,0.534036,0.184859,0.123239,0.123239,0.0616195,0.0616195,0.0821594,0.102699
60316,60333,60324,3.4,-105.189,39.9411,668.673,-12.3506,292.58,101.916,14.6381,1049.21,0.21503,0.00403179,54.106,24.9505,11.4763,4.48366,3.22917,1.39388,1.11511,0.696942,0.185851,0.0464628,0.0232314,0.0929257,0.0464628,0.0464628,0.0232314
60334,60351,60342,3.5,-105.189,39.9401,659.739,-12.9478,293.034,90.8479,13.2058,838.592,0.190506,0.00368849,45.8496,22.9456,10.4449,4.65141,3.07325,1.4328,1.39127,0.706018,0.103826,0.103826,0.0207652,0.0622957,0.0415305,0,0.0207652
60352,60368,60360,3.6,-105.188,39.9389,651.131,-13.3176,293.722,102.462,19.2307,1987.89,0.310112,0.00719326,49.1384,25.7475,12.5544,5.26404,4.16278,1.76202,1.8281,0.858986,0.352404,0.242278,0.110126,0.154177,0.0881011,0.132152,0.0660758
60369,60386,60378,3.7,-105.187,39.9379,642.506,-13.7806,294.314,96.571,15.8223,1357.52,0.257394,0.00507056,47.4284,23.2087,12.2197,5.2747,3.97801,1.73626,1.42857,0.703294,0.219779,0.0879117,0.0659338,0.0659338,0.0219779,0.0879117,0.0439559
60387,60405,60396,3.8,-105.186,39.9368,634.16,-14.5063,294.587,91.7702,15.2395,1362.78,0.268271,0.00487669,43.8737,22.9277,11.7512,4.81541,4.12183,1.74385,1.32771,0.713394,0.178348,0.0594495,0,0.0594495,0.0594495,0.079266,0.0594495
60406,60420,60413,3.9,-105.185,39.9361,625.837,-15.228,294.882,101.322,18.0609,1644.35,0.273133,0.00619863,49.0935,24.4204,11.7299,6.01661,4.85373,1.82015,1.56735,0.884795,0.252799,0.176959,0.0758396,0.176959,0.151679,0.0505597,0.0505597
60421,60436,60428,4,-105.184,39.9356,617.862,-16.0071,295.067,99.1929,14.9724,848.827,0.170079,0.00435146,47.6028,23.381,13.5078,5.3977,4.6111,1.54607,1.89869,0.759475,0.244117,0.108496,0.0542482,0.0542482,0.0271241,0,0
60437,60453,60445,4.1,-105.184,39.9355,609.829,-16.8718,295.173,103.793,15.5443,965.897,0.186415,0.00434424,48.5012,26.443,14.3008,5.66635,4.27225,1.77636,1.66393,0.742022,0.179884,0.089942,0.0224855,0.089942,0.0224855,0,0.0224855
60454,60470,60462,4.2,-105.183,39.9355,601.52,-17.5406,295.566,105.409,14.7581,791.764,0.160949,0.00365844,52.0218,25.5632,13.968,5.28277,4.61123,1.92508,1.23115,0.380538,0.156692,0.134308,0.0447692,0.0447692,0.0447692,0,0
60471,60488,60480,4.3,-105.183,39.9356,593.622,-18.3244,295.771,106.015,15.0479,837.942,0.167055,0.00384574,49.6032,27.7406,13.5109,6.55456,4.58819,1.43778,1.64921,0.6766,0.126863,0.0634313,0.0211438,0.0211438,0,0,0.0211438
60489,60509,60499,4.4,-105.182,39.9358,585.588,-18.9829,296.154,99.1245,14.2824,829.267,0.174187,0.0035306,46.6575,24.4508,13.7185,5.80956,4.66937,1.62885,1.59265,0.343868,0.0723933,0.0361967,0.0723933,0.0361967,0.0180983,0,0.0180983
60510,60528,60519,4.5,-105.181,39.936,577.698,-19.72,296.449,106.397,15.3322,960.907,0.188017,0.00396772,50.3795,27.5106,13.5402,6.36254,4.39264,1.72083,1.72083,0.566062,0.0905699,0.0226425,0,0,0.0226425,0.0452849,0.0226425
60529,60547,60538,4.6,-105.18,39.9364,570.374,-20.4247,296.701,109.361,16.2469,1086.21,0.20057,0.0046069,53.5444,26.7621,13.6347,6.24922,4.48402,1.7652,1.90723,0.60869,0.162317,0.121738,0.060869,0,0,0.0202897,0.0405793
60548,60567,60558,4.7,-105.179,39.9365,562.54,-21.1335,297.036,109.635,15.1942,782.707,0.15454,0.00361986,52.2678,26.8293,15.4331,6.37412,4.79025,1.69977,1.50661,0.482888,0.115893,0.0579465,0.0193155,0.038631,0,0.0193155,0
60568,60587,60578,4.8,-105.178,39.9365,554.683,-21.747,297.514,119.673,16.8419,1008.96,0.179722,0.00421084,59.1503,28.7246,16.2373,6.74623,4.60058,1.8557,1.35311,0.579905,0.231962,0.0386603,0.0579905,0,0.0579905,0.0193302,0.0193302
60588,60606,60597,4.9,-105.178,39.9368,546.85,-22.28,298.087,130.546,16.7904,840.884,0.150243,0.00362599,69.1554,30.3902,16.059,6.7082,4.47213,1.72787,1.17902,0.548853,0.203279,0,0.0406558,0,0.0406558,0.0203279,0
60607,60625,60616,5,-105.177,39.9375,539.916,-22.8237,298.524,127.095,16.2344,770.881,0.142453,0.00343963,66.1866,31.9508,14.3981,6.36993,4.38817,1.77954,1.35487,0.384218,0.121332,0.060666,0.040444,0.060666,0,0,0
60626,60643,60634,5.1,-105.176,39.9379,532.672,-23.7082,298.629,119.091,15.7989,817.038,0.155144,0.0036729,61.7045,28.8533,13.9127,6.35093,4.27203,1.78192,1.46208,0.434056,0.159916,0.0685352,0.0228451,0.0456901,0,0.0228451,0
60645,60663,60654,5.2,-105.175,39.9382,525.197,-24.3689,299.041,80.4274,11.0903,591.159,0.159912,0.00286902,41.4991,19.1377,9.97692,3.85611,2.95839,1.04054,1.16295,0.469262,0.163222,0.0816108,0.0204027,0.0204027,0.0408054,0,0
60664,60682,60673,5.3,-105.174,39.9384,517.656,-25.1944,299.28,78.7072,10.8028,583.634,0.162079,0.0027573,41.2255,18.849,9.58682,3.20282,2.81329,1.12532,1.03875,0.62758,0.0865627,0.0432814,0,0.0865627,0.0216407,0,0
60683,60700,60692,5.4,-105.173,39.9389,510.978,-25.8994,299.536,78.7693,11.2313,655.13,0.174993,0.00302865,40.6481,18.7556,9.14909,3.68142,3.13683,1.43771,1.15453,0.501022,0.174268,0.0217835,0.0217835,0.0435671,0.0217835,0.0217835,0
60701,60718,60710,5.5,-105.172,39.9393,504.194,-26.7467,299.65,78.4052,11.2361,664.716,0.177477,0.0030844,39.6718,19.5086,9.09963,3.84061,3.16414,1.1129,1.09108,0.589185,0.152752,0.065465,0.0218217,0.0436433,0.0218217,0.0218217,0
60719,60735,60727,5.6,-105.171,39.9398,497.366,-27.6435,299.728,84.4548,13.9139,1323.2,0.285297,0.00465297,45.208,20.0177,8.51275,3.92004,2.85305,1.25256,1.57729,0.487106,0.231955,0.092782,0.046391,0.046391,0.092782,0.046391,0.0695865
60736,60753,60744,5.7,-105.17,39.9401,490.484,-28.48,299.902,84.8168,12.5913,930.805,0.221773,0.00363906,43.6842,21.0025,9.90147,3.77303,3.05332,1.28675,1.35218,0.327141,0.0654282,0.196285,0.0654282,0.0436188,0.0218094,0,0.0436188
60755,60774,60764,5.8,-105.169,39.9403,483.369,-29.352,300.081,82.5556,12.6652,966.356,0.2289,0.00381647,42.1717,20.4005,9.9321,3.63515,3.05909,1.15212,1.21172,0.417148,0.23837,0.099321,0.0595926,0.0595926,0.0595926,0.0397284,0.0198642
60775,60791,60783,5.9,-105.169,39.9407,476.629,-30.1444,300.306,72.5291,10.8117,717.531,0.199098,0.00307052,36.3394,17.4958,8.96007,3.66889,2.84526,1.198,1.3228,0.424293,0.0998337,0.0499168,0,0.0249584,0.0499168,0.0499168,0
60792,60808,60800,6,-105.169,39.9412,470.101,-30.9306,300.514,69.1535,10.0453,583.13,0.17415,0.00259897,33.3779,17.2531,8.88512,4.30152,2.5386,1.15177,0.987235,0.399595,0.0470112,0.0705168,0.0470112,0.0235056,0.0705168,0,0
60809,60825,60817,6.1,-105.169,39.9419,463.366,-31.79,300.687,85.1752,20.9756,3299.53,0.47191,0.00937478,43.0806,19.9556,9.64912,4.81282,2.84074,1.05647,1.31472,0.727793,0.493021,0.234772,0.117386,0.305203,0.16434,0.187818,0.234772
60826,60841,60834,6.2,-105.168,39.9429,456.788,-32.6425,300.857,71.1042,10.857,829.395,0.229179,0.00308682,33.3765,18.386,9.43193,4.30096,2.89246,1.23244,0.754554,0.326974,0.201215,0.0754554,0,0.0754554,0,0,0.0503036
60842,60859,60850,6.3,-105.168,39.9438,450.259,-33.5089,301.006,78.6681,18.3492,2858.4,0.467334,0.00781611,40.8016,17.3212,9.13866,4.38033,2.75716,1.17847,1.24517,0.667056,0.222352,0.155646,0.0444704,0.177882,0.200117,0.155646,0.222352
60860,60876,60868,6.4,-105.168,39.9447,443.937,-34.4047,301.092,63.7964,9.35631,549.905,0.176321,0.00257738,31.022,15.7241,7.86207,3.64686,2.74699,0.923556,1.23141,0.449938,0.0947237,0.0236809,0,0.0236809,0.0236809,0.0236809,0
60877,60893,60885,6.5,-105.168,39.9453,437.931,-35.1771,301.286,68.0433,12.1884,1363.7,0.335656,0.00424913,34.8903,16.0886,7.85389,3.47475,2.52277,1.07099,1.18998,0.428394,0.142798,0.0475993,0.0237997,0.0951987,0.071399,0.0475993,0.0951987
60894,60911,60902,6.6,-105.167,39.9465,431.606,-36.0567,301.424,61.1418,11.1302,1142.89,0.30805,0.00393334,31.674,14.2274,6.82105,2.94903,2.34122,1.10307,0.900468,0.540281,0.13507,0.0450234,0.0900468,0.112559,0.0900468,0.0900468,0.0225117
60912,60929,60920,6.7,-105.167,39.9478,425.132,-36.9494,301.595,56.0313,9.46391,819.123,0.259657,0.00313349,28.3213,13.5833,6.47473,2.73931,2.01486,1.13195,0.882917,0.362222,0.20375,0.0452778,0.0905556,0.0905556,0.0452778,0.0226389,0.0226389
60930,60947,60938,6.8,-105.167,39.9493,419.281,-37.7907,301.711,54.2777,11.4097,1717.31,0.451538,0.00460918,29.1804,11.4326,6.20627,2.74927,2.1232,0.925497,0.871056,0.217764,0.108882,0.0816615,0.0272205,0.0816615,0,0.136102,0.136102
60948,60965,60956,6.9,-105.167,39.9508,413.316,-38.6544,301.834,59.5474,12.4664,1680.39,0.404382,0.00508847,32.328,13.6484,6.32111,2.21884,1.98663,0.748213,0.799814,0.696612,0.103202,0.154803,0.0516009,0.103202,0.180603,0.129002,0.0774014
60966,60984,60975,7,-105.167,39.9526,406.987,-39.5989,301.944,59.8467,12.0111,1529.92,0.382127,0.00463524,30.9961,13.809,6.18553,3.26395,2.41943,0.935817,1.11842,0.479321,0.114124,0.0912993,0.114124,0.0684745,0.0912993,0.0456496,0.114124
60985,61001,60993,7.1,-105.167,39.9542,401.093,-40.4914,302.05,52.8446,9.30863,762.119,0.245617,0.00331026,25.5985,12.7404,6.0024,2.70696,2.41273,1.29463,1.20636,0.441353,0.147118,0.117694,0.0294235,0,0.0882705,0.058847,0
61002,61019,61010,7.2,-105.167,39.956,395.05,-41.1556,302.501,39.9431,6.49824,537.647,0.248212,0.00206865,19.5237,9.34839,5.23693,2.11315,1.79158,0.826884,0.620163,0.252659,0.068907,0.068907,0.022969,0.022969,0,0.022969,0.022969
61020,61035,61028,7.3,-105.166,39.9585,389.567,-41.1944,303.657,26.3797,4.95394,367.455,0.222523,0.00196611,13.0347,5.61216,3.02591,1.18967,1.47416,0.594837,0.750012,0.362075,0.129312,0.10345,0.0258625,0.0775874,0,0,0
61035,61058,61046,7.4,-105.166,39.9621,383.224,-41.0009,305.337,21.7098,4.95792,473.423,0.286465,0.00216782,9.54514,5.23906,2.38629,1.29182,1.14829,0.592086,0.645912,0.484434,0.143536,0.035884,0.08971,0.053826,0.035884,0.017942,0
61058,61078,61068,7.5,-105.165,39.9662,378.172,-41.255,306.159,21.2029,4.20166,285.225,0.203652,0.00185984,9.38217,4.71175,2.78985,1.05394,1.13661,0.723295,0.681964,0.330649,0.309984,0.0619967,0.0206656,0,0,0,0
61079,61097,61088,7.6,-105.164,39.9695,372.376,-41.6489,306.998,23.4714,4.82677,356.443,0.221542,0.00224349,10.8524,5.11645,2.77619,1.17013,1.28485,0.573593,0.757143,0.504762,0.229437,0.160606,0.0458875,0,0,0,0
61098,61116,61107,7.7,-105.163,39.9725,366.464,-42.2633,307.586,20.6682,4.55597,361.56,0.238079,0.00213752,9.26269,4.51614,2.46544,0.921661,1.31337,0.506913,0.806453,0.46083,0.230415,0.0921661,0.0691245,0.0230415,0,0,0
61117,61137,61127,7.8,-105.162,39.9758,361.264,-42.4875,308.542,21.5148,4.1715,322.535,0.231956,0.00166301,10.043,5.09397,2.33991,1.28385,0.973238,0.496973,0.766166,0.227779,0.103536,0.0828288,0.0414144,0.0414144,0.0207072,0,0
61138,61156,61147,7.9,-105.16,39.9789,356.067,-42.7205,309.506,18.6714,4.00479,313.189,0.23461,0.00184961,8.39555,4.02287,2.2738,1.22435,0.961991,0.393542,0.459132,0.568449,0.262361,0.0218634,0.0874537,0,0,0,0
61157,61180,61168,8,-105.158,39.9812,350.54,-43.1387,310.331,22.804,5.07496,408.123,0.241257,0.00232318,9.60716,5.34117,2.844,1.19656,1.43934,0.572268,0.797707,0.537585,0.312146,0.0346829,0.0693658,0.0346829,0.0173415,0,0
61181,61210,61196,8.1,-105.155,39.9839,345.127,-43.8468,310.758,23.5551,4.88585,416.536,0.255761,0.0021893,10.92,5.07814,3.01473,1.21929,1.25949,0.415363,0.790529,0.482357,0.214381,0.0803928,0.0267976,0.0267976,0,0.0267976,0
61212,61239,61226,8.2,-105.152,39.987,340.328,-44.0036,311.788,23.9263,5.15878,392.144,0.228045,0.00229879,9.92466,5.43104,3.30326,1.36892,1.39868,0.580303,0.863014,0.699339,0.252952,0.0148796,0.0297591,0.0148796,0.0446387,0,0
61240,61258,61249,8.3,-105.15,39.99,334.799,-44.7873,312.175,21.4339,4.77535,378.43,0.23774,0.00222435,9.00725,4.97623,2.89122,1.00081,1.13981,0.583803,0.834005,0.583803,0.305802,0.0278002,0,0.0278002,0.0556003,0,0
61259,61291,61275,8.4,-105.148,39.9927,329.88,-45.132,313.024,22.1635,4.64019,363.194,0.234814,0.00207038,9.63484,4.8676,3.12798,1.5389,1.00363,0.451633,0.70254,0.434906,0.167271,0.150544,0.0501814,0.0167271,0.0167271,0,0
61292,61311,61302,8.5,-105.146,39.9954,325.662,-44.6572,314.841,22.3195,4.59269,344.75,0.225194,0.00205204,10.1389,4.77944,2.76094,1.55448,0.951248,0.487225,0.719237,0.533627,0.278414,0.0464024,0.0232012,0.0232012,0.0232012,0,0
61312,61334,61323,8.6,-105.144,39.9971,320.088,-44.4086,316.738,23.8555,4.85633,344.152,0.2126,0.00221433,10.52,5.5739,2.94865,1.31262,1.04629,0.58973,0.875083,0.608753,0.26633,0.0760942,0,0.0380471,0,0,0
