data/B2SAP/Locations/Boulder/NOAA-POPS-B2SAP_GMLBalloon_20200804_R0 (1).ict
61,1001
Thornberry, T. D.
NOAA Chemical Sciences Laboratory
Portable Optical Particle Spectrometer (POPS)
Balloon Baseline Stratospheric Aerosol Profiles (B2SAP)
1,1
2020,08,04,2024,05,30
0
TIME_START,s,Seconds since midnight UTC on flight start day,Start time of 100 m altitude bin in UTC_seconds_since_midnight
28
1.0,1.0,1.0,1.0,1.0,1.0,1.0,1.0,1.0,1.0,1.0,1.0,1.0,1.0,1.0,1.0,1.0,1.0,1.0,1.0,1.0,1.0,1.0,1.0,1.0,1.0,1.0,1.0
99999,99999,99999,99999,99999,99999,99999,99999,99999,99999,99999,99999,99999,99999,99999,99999,99999,99999,99999,99999,99999,99999,99999,99999,99999,99999,99999,99999
TIME_STOP,s,End time of 100 m altitude bin in UTC seconds since midnight,
TIME_MID,s,Mid time of 100 m altitude in UTC seconds since midnight,
GPSAlt,m,GPS reported altitude above sea level (m),
GPS_Lon,deg,GPS reported longitude,
GPS_Lat,deg,GPS reported latitude,
iMet_Pressure,mb,Pressure reported (mB),
iMet_Temperature,degrees C,Ambient temperature (oC),
THETA,K,Potential temperature from iMet,
Aerosol_concentration,cm^-3,Aerosol concentration,
Surface_Area_Conc,um^2 cm^-3,Surface area concentration,
Volume_density,um^3 cm^-3,Volume density,
Effective_radius,um,Effective radius,
Extinction,km^-1,Extinction,
Bin01,cm^-3,particle concentration in size range [140 - 170 nm],
Bin02,cm^-3,particle concentration in size range [170 - 205 nm],
Bin03,cm^-3,particle concentration in size range [205 - 249 nm],
Bin04,cm^-3,particle concentration in size range [249 - 302 nm],
Bin05,cm^-3,particle concentration in size range [302 - 366 nm],
Bin06,cm^-3,particle concentration in size range [366 - 443 nm],
Bin07,cm^-3,particle concentration in size range [443 - 537 nm],
Bin08,cm^-3,particle concentration in size range [537 - 651 nm],
Bin09,cm^-3,particle concentration in size range [651 - 789 nm],
Bin10,cm^-3,particle concentration in size range [789 - 956 nm],
Bin11,cm^-3,particle concentration in size range [956 - 1159 nm],
Bin12,cm^-3,particle concentration in size range [1159 - 1404 nm],
Bin13,cm^-3,particle concentration in size range [1404 - 1702 nm],
Bin14,cm^-3,particle concentration in size range [1702 - 2062 nm],
Bin15,cm^-3,particle concentration in size range [2062 - 2500 nm],
0
19
PI_CONTACT_INFO: 325 Broadway R/CSL6, Boulder, CO 80305; troy.thornberry@noaa.gov; 303-497-3373 
PLATFORM: GML ECC/FPH balloon
LOCATION: Boulder, CO, USA
ASSOCIATED_DATA: N/A
INSTRUMENT_INFO: Printed Optical Particle Spectrometer counts particles from 140 - 2500 nm in diameter 
DATA_INFO: Particle concentrations reported in number per cubic centimeter, binned to 100 m altitude
UNCERTAINTY: Counting uncertainty dominated by air flow, less than 5 percent
ULOD_FLAG: -77777
ULOD_VALUE: 3000 ~3000 per cm3 (varies depending on flow rate- manufacturer quotes 1250  per cm3 at 1.667 cc/s)
LLOD_FLAG: -88888
LLOD_VALUE: 0 0 (varies depending on data field and measurement precision)
DM_CONTACT_INFO: Troy Thornberry, 325 Broadway R/CSL6, Boulder, CO 80305; troy.thornberry@noaa.gov; 303-497-3373
PROJECT_INFO: B2SAP Boulder, CO, USA
STIPULATIONS_ON_USE: Please contact the PIs for questions regarding applications and uncertainties
OTHER_COMMENTS: POPS bin Edges (nm):  140, 170, 205, 249, 302, 366, 443, 537, 651, 789, 956, 1159, 1404, 1702, 2062, 2500
Calculations assume sulfate refractive index of 1.45+0.00j and extinction wavelength = 532 nm
REVISION: R0
R0: QA/QC data
TIME_START,TIME_STOP,TIME_MID,GPSAlt,GPS_Lon,GPS_Lat,iMet_Pressure,iMet_Temperature,THETA,Aerosol_concentration,Surface_Area_Conc,Volume_density,Effective_radius,Extinction,Bin01,Bin02,Bin03,Bin04,Bin05,Bin06,Bin07,Bin08,Bin09,Bin10,Bin11,Bin12,Bin13,Bin14,Bin15
[from data line 226]
64028,64048,64038,24.3,-104.659,39.7215,28.7186,-51.1843,612.089,2.35693,0.940908,69.3375,0.221077,0.00053622,0.270065,0.220963,0.34372,0.306892,0.294617,0.466477,0.233238,0.184135,0.0368271,0,0,0,0,0,0
64050,64068,64059,24.4,-104.663,39.7217,28.3082,-51.2347,614.473,2.00853,0.894782,73.3464,0.245914,0.000541811,0.168656,0.168656,0.229985,0.321979,0.352643,0.367976,0.183988,0.153323,0.0153323,0.045997,0,0,0,0,0
64069,64087,64078,24.5,-104.666,39.722,27.8847,-50.2642,619.814,2.30249,0.894316,64.5116,0.216405,0.000502263,0.303322,0.248173,0.303322,0.275747,0.289535,0.372259,0.344684,0.151661,0.0137874,0,0,0,0,0,0
64089,64108,64098,24.6,-104.669,39.7225,27.3995,-50.4825,622.33,2.03814,0.874307,68.9817,0.236696,0.00052876,0.291163,0.251459,0.158816,0.224989,0.238224,0.344102,0.410275,0.0661734,0.0264694,0.0264694,0,0,0,0,0
64110,64127,64118,24.7,-104.672,39.723,26.9605,-50.1205,626.214,2.30717,0.949624,69.3119,0.218966,0.000533908,0.239158,0.211022,0.22509,0.323567,0.323567,0.520521,0.309499,0.112545,0.0422044,0,0,0,0,0,0
64128,64147,64138,24.8,-104.674,39.7234,26.5479,-50.5711,627.722,1.89984,0.903059,70.2893,0.233504,0.000555959,0.114276,0.142845,0.299975,0.142845,0.242837,0.385682,0.371398,0.185699,0,0.0142845,0,0,0,0,0
64148,64166,64157,24.9,-104.678,39.724,26.1019,-49.7706,633.023,2.00637,0.800867,58.7217,0.219968,0.000454418,0.205781,0.205781,0.325821,0.205781,0.274375,0.377266,0.257227,0.120039,0.0342969,0,0,0,0,0,0
64167,64188,64178,25,-104.681,39.7253,25.6583,-49.0161,638.29,2.42078,0.948338,71.4502,0.226028,0.000541834,0.30838,0.277542,0.370056,0.231285,0.339218,0.400894,0.354637,0.0770949,0.046257,0.015419,0,0,0,0,0
64189,64210,64200,25.1,-104.684,39.7266,25.3227,-50.1527,637.435,2.08955,0.844122,61.5044,0.218586,0.000479675,0.180579,0.232173,0.257969,0.361157,0.232173,0.348259,0.296665,0.16768,0.0128985,0,0,0,0,0,0
64211,64231,64221,25.2,-104.687,39.7276,24.9165,-49.7095,641.675,1.99573,0.814537,59.5548,0.219345,0.000462217,0.199573,0.199573,0.213829,0.32787,0.228084,0.384891,0.29936,0.114042,0.0285105,0,0,0,0,0,0
64232,64254,64243,25.3,-104.691,39.7289,24.4664,-49.1518,646.624,2.26233,0.808552,55.3026,0.205191,0.000413056,0.204504,0.230067,0.434572,0.268412,0.396227,0.357883,0.25563,0.102252,0.0127815,0,0,0,0,0,0
64255,64277,64266,25.4,-104.694,39.7301,24.0709,-49.1741,649.587,1.84931,0.73548,53.2459,0.217188,0.000419592,0.164665,0.265997,0.29133,0.227998,0.113999,0.29133,0.405329,0.0759992,0.0126665,0,0,0,0,0,0
64278,64300,64289,25.5,-104.697,39.731,23.7124,-49.8433,650.416,1.85,0.76513,58.387,0.22893,0.000451498,0.199641,0.173022,0.252878,0.292806,0.186331,0.359353,0.252878,0.0532375,0.0798563,0,0,0,0,0,0
64301,64322,64312,25.6,-104.7,39.7315,23.3123,-50.22,652.498,1.98494,0.728153,50.4436,0.207828,0.000377907,0.203583,0.178135,0.267203,0.368994,0.292651,0.318099,0.279927,0.0508958,0.0254479,0,0,0,0,0,0
64323,64344,64334,25.7,-104.703,39.7315,22.8881,-50.4843,655.138,1.85006,0.766672,60.8978,0.238294,0.000471691,0.312878,0.258464,0.163241,0.163241,0.231258,0.299275,0.258464,0.0952237,0.0544135,0.0136034,0,0,0,0,0
64346,64365,64356,25.8,-104.706,39.7313,22.5919,-50.3319,658.047,2.21393,0.791062,55.5411,0.210632,0.000426739,0.368988,0.273324,0.218659,0.341655,0.28699,0.259658,0.355321,0.0956634,0.0136662,0,0,0,0,0,0
64366,64385,64376,25.9,-104.709,39.7312,22.296,-50.52,659.96,1.65435,0.575655,39.7446,0.207127,0.000296737,0.204964,0.278165,0.204964,0.204964,0.175683,0.351367,0.146403,0.0732014,0.0146403,0,0,0,0,0,0
64386,64406,64396,26,-104.713,39.7313,21.8945,-50.8055,662.554,1.92352,0.655394,44.6565,0.204411,0.000328805,0.278984,0.220251,0.264301,0.234934,0.337718,0.352401,0.117467,0.102784,0.0146834,0,0,0,0,0,0
64407,64425,64416,26.1,-104.716,39.7312,21.5117,-50.7439,666.075,1.93208,0.748397,52.2937,0.209623,0.000397876,0.264216,0.198162,0.165135,0.148621,0.363297,0.478891,0.181648,0.132108,0,0,0,0,0,0,0
64426,64444,64435,26.2,-104.72,39.7313,21.1435,-50.5929,669.837,1.92584,0.679093,48.0824,0.212412,0.000358723,0.247356,0.212019,0.30036,0.318029,0.247356,0.282692,0.247356,0.0176683,0.0530048,0,0,0,0,0,0
64445,64465,64455,26.3,-104.724,39.7316,20.8163,-50.3753,673.473,1.63029,0.57519,40.4412,0.210928,0.000302447,0.221592,0.174108,0.205764,0.316561,0.205764,0.237421,0.189936,0.0474841,0.0316561,0,0,0,0,0,0
64466,64484,64475,26.4,-104.728,39.732,20.5117,-50.31,676.525,1.64169,0.495804,30.7545,0.186088,0.000217069,0.290716,0.136807,0.256514,0.290716,0.205211,0.256514,0.205211,0,0,0,0,0,0,0,0
64486,64503,64494,26.5,-104.731,39.7321,20.1474,-49.7584,681.675,1.70148,0.57952,41.7294,0.21602,0.000296268,0.226865,0.113432,0.340297,0.324092,0.259274,0.21066,0.145842,0.0486139,0.0162046,0.0162046,0,0,0,0,0
64504,64524,64514,26.6,-104.734,39.7318,19.7965,-49.698,685.295,1.69812,0.654541,50.0042,0.229187,0.000373634,0.251574,0.251574,0.14151,0.220127,0.220127,0.314467,0.18868,0.0628934,0.0314467,0.0157233,0,0,0,0,0
64525,64546,64536,26.7,-104.738,39.7317,19.4882,-49.1309,690.111,1.98848,0.665752,48.3341,0.217802,0.00035589,0.386251,0.271807,0.271807,0.200279,0.343335,0.200279,0.200279,0.0858337,0.0143056,0.0143056,0,0,0,0,0
64547,64567,64557,26.8,-104.741,39.7319,19.2181,-48.6862,694.26,1.90804,0.550729,35.755,0.194769,0.000252962,0.427401,0.2137,0.259493,0.290022,0.305286,0.244229,0.0763215,0.0763215,0.0152643,0,0,0,0,0,0
64568,64589,64578,26.9,-104.745,39.7321,18.9327,-48.9036,696.544,1.84194,0.521183,33.7026,0.193997,0.000239908,0.321608,0.380082,0.248515,0.219278,0.292371,0.190041,0.116948,0.0584741,0.0146185,0,0,0,0,0,0
64590,64612,64601,27,-104.749,39.7323,18.6074,-49.0809,699.463,1.69659,0.559653,39.9355,0.214073,0.000290858,0.270884,0.285142,0.24237,0.228113,0.185342,0.213856,0.199599,0.0570283,0,0.0142571,0,0,0,0,0
64613,64635,64624,27.1,-104.752,39.7327,18.3326,-48.4587,704.382,1.5651,0.478991,31.4909,0.197233,0.000227821,0.315891,0.172304,0.272815,0.157946,0.21538,0.244098,0.143587,0.0287174,0.0143587,0,0,0,0,0,0
64636,64657,64646,27.2,-104.755,39.733,18,-48.6,707.64,1.75527,0.6095,55.815,0.274725,0.000305071,0.290002,0.320528,0.290002,0.290002,0.137369,0.213686,0.122106,0.0457898,0.0152633,0.0152633,0,0,0.0152633,0,0
64658,64678,64668,27.3,-104.758,39.7332,17.7616,-48.4395,710.836,1.90559,0.577176,36.8506,0.191539,0.000265635,0.373994,0.23152,0.23152,0.320566,0.213711,0.284948,0.213711,0.0356185,0,0,0,0,0,0,0
64679,64700,64690,27.4,-104.761,39.7333,17.5129,-48.4048,713.828,1.77232,0.593514,53.5644,0.270749,0.000292927,0.344617,0.410259,0.246155,0.196924,0.114872,0.229745,0.131283,0.0656414,0.0164103,0,0,0,0.0164103,0,0
64702,64722,64712,27.5,-104.765,39.7336,17.1925,-47.91,719.173,1.64776,0.530471,38.9152,0.220079,0.00027131,0.260173,0.190793,0.294862,0.329552,0.173449,0.225483,0.104069,0.0173449,0.0346897,0.0173449,0,0,0,0,0
64723,64744,64734,27.6,-104.768,39.7338,16.858,-47.5115,724.513,1.49009,0.421186,28.3647,0.202035,0.000208099,0.298018,0.315548,0.245426,0.192835,0.105183,0.140244,0.122713,0.0525914,0.0175305,0,0,0,0,0,0
64745,64765,64755,27.7,-104.771,39.7334,16.6337,-47.3595,727.765,1.44833,0.456214,32.2561,0.212112,0.000222296,0.209627,0.247741,0.247741,0.209627,0.114342,0.247741,0.152456,0,0,0.019057,0,0,0,0,0
64768,64768,64768,27.8,-104.773,39.7331,16.48,-47.04,730.751,0.440966,0.146777,7.96264,0.16275,4.72756e-05,0,0,0,0,0.440966,0,0,0,0,0,0,0,0,0,0
57684,58816,58250,1.7,-105.197,39.9491,826.422,23.248,312.99,639.769,198.321,13925.3,0.210648,0.0933748,105.42,98.3828,95.0048,93.1047,73.4704,92.401,66.7145,12.5969,1.40748,0.774113,0.140748,0.0703739,0,0.211122,0.0703739
57694,58909,58302,1.8,-105.197,39.9491,826.144,23.2519,313.027,641.431,200.327,13823.7,0.207017,0.0951716,101.576,102.11,93.8663,89.7027,80.7434,87.1087,68.525,15.1503,1.51139,0.599472,0.178025,0.127161,0.101729,0.0835627,0.0472311
65013,65020,65016,28.1,-104.819,39.7273,15.4488,-44.1375,753.917,1.67824,0.598934,40.036,0.200536,0.000297492,0.101711,0.254279,0.35599,0.101711,0.203423,0.406846,0.203423,0.0508557,0,0,0,0,0,0,0
65637,65637,65637,24,-104.914,39.73,30.02,-49.15,609.914,0,0,0,99999,0,0,0,0,0,0,0,0,0,0,0,0,0,0,0,0
65809,65809,65809,23,-104.937,39.7339,35.58,-55.36,564.905,18.0082,1.26445,31.5059,0.07475,3.50986e-05,18.0082,0,0,0,0,0,0,0,0,0,0,0,0,0,0
65811,65823,65817,22.9,-104.938,39.7337,35.8267,-55.7667,562.748,1.5052,0.105688,2.6334,0.07475,2.9337e-06,1.5052,0,0,0,0,0,0,0,0,0,0,0,0,0,0
65835,65845,65840,22.8,-104.94,39.7333,36.5275,-56.3775,558.063,5.02576,0.352885,8.79273,0.07475,9.79539e-06,5.02576,0,0,0,0,0,0,0,0,0,0,0,0,0,0
65857,65864,65860,22.7,-104.942,39.7333,37.1775,-56.975,553.731,1.9454,0.136597,3.40354,0.07475,3.79165e-06,1.9454,0,0,0,0,0,0,0,0,0,0,0,0,0,0
65869,65878,65874,22.6,-104.943,39.7333,37.5625,-56.93,552.228,2.0934,0.146989,3.66247,0.07475,4.08012e-06,2.0934,0,0,0,0,0,0,0,0,0,0,0,0,0,0
65889,65905,65897,22.5,-104.944,39.7335,38.4567,-56.9783,548.396,4.73574,0.332522,8.28534,0.07475,9.23014e-06,4.73574,0,0,0,0,0,0,0,0,0,0,0,0,0,0
65918,65919,65918,22.4,-104.945,39.7338,39.095,-56.14,547.937,3.38867,0.237937,5.92859,0.07475,6.60464e-06,3.38867,0,0,0,0,0,0,0,0,0,0,0,0,0,0
65936,65938,65937,22.3,-104.947,39.734,39.68,-56.435,544.873,3.39328,0.266489,7.10825,0.0800211,9.83439e-06,2.54496,0.84832,0,0,0,0,0,0,0,0,0,0,0,0,0
65947,65952,65950,22.2,-104.949,39.734,40.1975,-55.3275,545.643,5.06404,0.355574,8.85971,0.07475,9.87001e-06,5.06404,0,0,0,0,0,0,0,0,0,0,0,0,0,0
65964,65975,65970,22.1,-104.952,39.7336,40.915,-55.3383,542.856,2.2508,0.158041,3.93785,0.07475,4.38689e-06,2.2508,0,0,0,0,0,0,0,0,0,0,0,0,0,0
65983,65995,65989,22,-104.954,39.7331,41.625,-55.3925,540.071,2.53278,0.17784,4.43118,0.07475,4.93648e-06,2.53278,0,0,0,0,0,0,0,0,0,0,0,0,0,0
66011,66012,66012,21.9,-104.956,39.7323,42.46,-55.445,536.871,1.68893,0.118589,2.95483,0.07475,3.29178e-06,1.68893,0,0,0,0,0,0,0,0,0,0,0,0,0,0
66029,66030,66030,21.8,-104.957,39.7314,43.095,-54.95,535.825,1.34808,0.0946556,2.3585,0.07475,2.62745e-06,1.34808,0,0,0,0,0,0,0,0,0,0,0,0,0,0
66034,66051,66042,21.7,-104.957,39.7311,43.5725,-55.605,532.533,2.08011,0.146056,3.63922,0.07475,4.05421e-06,2.08011,0,0,0,0,0,0,0,0,0,0,0,0,0,0
66054,66069,66062,21.6,-104.957,39.7308,44.325,-55.319,530.63,1.8905,0.132742,3.3075,0.07475,3.68466e-06,1.8905,0,0,0,0,0,0,0,0,0,0,0,0,0,0
66071,66081,66076,21.5,-104.958,39.7306,44.846,-55.774,527.766,2.41635,0.169665,4.22749,0.07475,4.70957e-06,2.41635,0,0,0,0,0,0,0,0,0,0,0,0,0,0
66093,66104,66098,21.4,-104.959,39.7302,45.7837,-55.085,526.306,1.68614,0.118393,2.94995,0.07475,3.28635e-06,1.68614,0,0,0,0,0,0,0,0,0,0,0,0,0,0
66113,66121,66117,21.3,-104.96,39.7302,46.5375,-55.99,521.694,1.69172,0.118785,2.95972,0.07475,3.29723e-06,1.69172,0,0,0,0,0,0,0,0,0,0,0,0,0,0
66139,66146,66142,21.2,-104.961,39.7307,47.4425,-56.7,517.121,1.08711,0.0763315,1.90193,0.07475,2.11881e-06,1.08711,0,0,0,0,0,0,0,0,0,0,0,0,0,0
66149,66167,66158,21.1,-104.962,39.7308,48.1218,-57.6118,512.868,1.92238,0.134981,3.36327,0.07475,3.74679e-06,1.92238,0,0,0,0,0,0,0,0,0,0,0,0,0,0
66169,66185,66177,21,-104.962,39.7312,48.9029,-57.6229,510.475,0.834775,0.058614,1.46047,0.07475,1.62701e-06,0.834775,0,0,0,0,0,0,0,0,0,0,0,0,0,0
66213,66224,66218,20.8,-104.962,39.7319,50.47,-57.5825,505.995,1.00824,0.0707938,1.76394,0.07475,1.96509e-06,1.00824,0,0,0,0,0,0,0,0,0,0,0,0,0,0
66244,66249,66246,20.7,-104.963,39.7326,51.6125,-57.14,503.802,1.45529,0.102184,2.54607,0.07475,2.83641e-06,1.45529,0,0,0,0,0,0,0,0,0,0,0,0,0,0
66258,66269,66264,20.6,-104.963,39.7333,52.2614,-57.6971,500.718,1.94375,0.136481,3.40065,0.07475,3.78844e-06,1.94375,0,0,0,0,0,0,0,0,0,0,0,0,0,0
66270,66291,66280,20.5,-104.963,39.7343,53.02,-57.1564,499.901,1.1976,0.0840898,2.09524,0.07475,2.33417e-06,1.1976,0,0,0,0,0,0,0,0,0,0,0,0,0,0
66292,66307,66300,20.4,-104.964,39.7353,53.841,-57.633,496.623,1.2057,0.0846586,2.10941,0.07475,2.34995e-06,1.2057,0,0,0,0,0,0,0,0,0,0,0,0,0,0
66321,66329,66325,20.3,-104.965,39.7366,54.9633,-57.365,494.305,0.84908,0.0596185,1.48549,0.07475,1.65489e-06,0.84908,0,0,0,0,0,0,0,0,0,0,0,0,0,0
66339,66349,66344,20.2,-104.965,39.7374,55.7133,-56.3267,494.772,1.69003,0.118666,2.95676,0.07475,3.29393e-06,1.69003,0,0,0,0,0,0,0,0,0,0,0,0,0,0
66350,66371,66360,20.1,-104.967,39.7379,56.558,-57.335,490.358,1.18855,0.0834543,2.0794,0.07475,2.31652e-06,1.18855,0,0,0,0,0,0,0,0,0,0,0,0,0,0
66375,66390,66382,20,-104.968,39.7384,57.4937,-56.5225,489.9,1.05722,0.0742333,1.84965,0.07475,2.06057e-06,1.05722,0,0,0,0,0,0,0,0,0,0,0,0,0,0
66396,66415,66406,19.9,-104.97,39.7388,58.5336,-56.13,488.285,1.3815,0.0970023,2.41698,0.07475,2.69259e-06,1.3815,0,0,0,0,0,0,0,0,0,0,0,0,0,0
66416,66437,66426,19.8,-104.971,39.7386,59.3629,-56.5286,485.426,1.5429,0.108335,2.69936,0.07475,3.00717e-06,1.5429,0,0,0,0,0,0,0,0,0,0,0,0,0,0
66438,66454,66446,19.7,-104.972,39.7379,60.2289,-56.9844,482.413,1.11468,0.0844495,2.20674,0.0783927,2.87789e-06,0.928899,0.18578,0,0,0,0,0,0,0,0,0,0,0,0,0
66464,66483,66474,19.6,-104.974,39.736,61.4309,-56.8664,479.948,1.95732,0.137434,3.42439,0.07475,3.81488e-06,1.95732,0,0,0,0,0,0,0,0,0,0,0,0,0,0
66484,66505,66494,19.5,-104.974,39.7348,62.3031,-57.6862,476.214,1.26987,0.0891643,2.22168,0.07475,2.47502e-06,1.26987,0,0,0,0,0,0,0,0,0,0,0,0,0,0
66506,66521,66514,19.4,-104.975,39.734,63.149,-58.074,473.532,1.12025,0.0839838,2.18093,0.0779053,2.791e-06,0.960211,0.160035,0,0,0,0,0,0,0,0,0,0,0,0,0
66532,66550,66541,19.3,-104.976,39.7335,64.46,-58.087,470.726,1.81125,0.1322,3.3773,0.0766406,4.10325e-06,1.66031,0.150938,0,0,0,0,0,0,0,0,0,0,0,0,0
66551,66572,66562,19.2,-104.976,39.7334,65.4785,-57.7631,469.341,1.62346,0.117851,3.00045,0.0763793,3.60445e-06,1.5075,0.115962,0,0,0,0,0,0,0,0,0,0,0,0,0
66573,66594,66584,19.1,-104.976,39.7333,66.5367,-58.3525,465.902,1.38531,0.0972698,2.42364,0.07475,2.70001e-06,1.38531,0,0,0,0,0,0,0,0,0,0,0,0,0,0
66595,66617,66606,19,-104.977,39.7329,67.6075,-57.6331,465.343,1.57862,0.113933,2.89009,0.0760996,3.42934e-06,1.48576,0.0928599,0,0,0,0,0,0,0,0,0,0,0,0,0
66624,66642,66633,18.9,-104.978,39.7322,68.8494,-58.9744,460.039,1.99836,0.15616,4.19189,0.0805309,6.07024e-06,1.65082,0.260655,0.0868851,0,0,0,0,0,0,0,0,0,0,0,0
66643,66667,66655,18.8,-104.979,39.7317,69.8715,-58.1705,459.832,1.9705,0.13836,3.44746,0.07475,3.84058e-06,1.9705,0,0,0,0,0,0,0,0,0,0,0,0,0,0
66671,66691,66681,18.7,-104.979,39.7313,71.0578,-58.9239,456.023,2.27291,0.173409,4.58318,0.0792895,6.3269e-06,1.96986,0.227291,0.0757637,0,0,0,0,0,0,0,0,0,0,0,0
66692,66716,66704,18.6,-104.979,39.7311,72.0945,-60.11,451.62,1.35289,0.101132,2.62171,0.0777706,3.33725e-06,1.1684,0.184484,0,0,0,0,0,0,0,0,0,0,0,0,0
66717,66742,66730,18.5,-104.978,39.7313,73.3179,-60.9971,447.592,0.93656,0.0657609,1.63854,0.07475,1.82539e-06,0.93656,0,0,0,0,0,0,0,0,0,0,0,0,0,0
66742,66766,66754,18.4,-104.978,39.7319,74.4268,-59.8732,448.029,2.07784,0.161261,4.27295,0.0794913,5.80286e-06,1.6161,0.461742,0,0,0,0,0,0,0,0,0,0,0,0,0
66768,66789,66778,18.3,-104.978,39.7326,75.8167,-60.3139,444.751,2.07384,0.164018,4.39202,0.0803331,6.14162e-06,1.52082,0.553024,0,0,0,0,0,0,0,0,0,0,0,0,0
66791,66813,66802,18.2,-104.978,39.7331,76.944,-61.375,440.673,2.5277,0.19488,5.17137,0.0796084,7.17236e-06,2.09614,0.369907,0.0616512,0,0,0,0,0,0,0,0,0,0,0,0
66813,66835,66824,18.1,-104.979,39.7335,78.21,-61.01,439.371,1.70018,0.129855,3.40934,0.0787648,4.50907e-06,1.38533,0.314847,0,0,0,0,0,0,0,0,0,0,0,0,0
66837,66860,66848,18,-104.979,39.7337,79.539,-61.5386,436.179,2.68598,0.222306,6.12229,0.0826199,9.31302e-06,1.75411,0.877054,0.0548159,0,0,0,0,0,0,0,0,0,0,0,0
66862,66884,66873,17.9,-104.978,39.7342,80.8855,-61.3115,434.55,2.23476,0.200419,5.83789,0.0873853,1.05012e-05,1.34086,0.614559,0.279345,0,0,0,0,0,0,0,0,0,0,0,0
66886,66910,66898,17.8,-104.978,39.7344,82.2505,-61.4745,432.149,2.70168,0.237756,6.82894,0.0861673,1.1788e-05,1.62101,0.835064,0.245607,0,0,0,0,0,0,0,0,0,0,0,0
