data/B2SAP/Locations/Boulder/NOAA-POPS-B2SAP_GMLBalloon_20201030_R0.ict
61,1001
Thornberry, T. D.
NOAA Chemical Sciences Laboratory
Portable Optical Particle Spectrometer (POPS)
Balloon Baseline Stratospheric Aerosol Profiles (B2SAP)
1,1
2020,10,30,2024,05,28
0
TIME_START,s,Seconds since midnight UTC on flight start day,Start time of 100 m altitude bin in UTC_seconds_since_midnight
28
1.0,1.0,1.0,1.0,1.0,1.0,1.0,1.0,1.0,1.0,1.0,1.0,1.0,1.0,1.0,1.0,1.0,1.0,1.0,1.0,1.0,1.0,1.0,1.0,1.0,1.0,1.0,1.0
99999,99999,99999,99999,99999,99999,99999,99999,99999,99999,99999,99999,99999,99999,99999,99999,99999,99999,99999,99999,99999,99999,99999,99999,99999,99999,99999,99999
TIME_STOP,s,End time of 100 m altitude bin in UTC seconds since midnight,
TIME_MID,s,Mid time of 100 m altitude in UTC seconds since midnight,
GPSAlt,m,GPS reported altitude above sea level (m),
GPS_Lon,deg,GPS reported longitude,
GPS_Lat,deg,GPS reported latitude,
iMet_Pressure,mb,Pressure reported (mB),
iMet_Temperature,degrees C,Ambient temperature (oC),
THETA,K,Potential temperature from iMet,
Aerosol_concentration,cm^-3,Aerosol concentration,
Surface_Area_Conc,um^2 cm^-3,Surface area concentration,
Volume_density,um^3 cm^-3,Volume density,
Effective_radius,um,Effective radius,
Extinction,km^-1,Extinction,
Bin01,cm^-3,particle concentration in size range [140 - 170 nm],
Bin02,cm^-3,particle concentration in size range [170 - 205 nm],
Bin03,cm^-3,particle concentration in size range [205 - 249 nm],
Bin04,cm^-3,particle concentration in size range [249 - 302 nm],
Bin05,cm^-3,particle concentration in size range [302 - 366 nm],
Bin06,cm^-3,particle concentration in size range [366 - 443 nm],
Bin07,cm^-3,particle concentration in size range [443 - 537 nm],
Bin08,cm^-3,particle concentration in size range [537 - 651 nm],
Bin09,cm^-3,particle concentration in size range [651 - 789 nm],
Bin10,cm^-3,particle concentration in size range [789 - 956 nm],
Bin11,cm^-3,particle concentration in size range [956 - 1159 nm],
Bin12,cm^-3,particle concentration in size range [1159 - 1404 nm],
Bin13,cm^-3,particle concentration in size range [1404 - 1702 nm],
Bin14,cm^-3,particle concentration in size range [1702 - 2062 nm],
Bin15,cm^-3,particle concentration in size range [2062 - 2500 nm],
0
19
PI_CONTACT_INFO: 325 Broadway R/CSL6, Boulder, CO 80305; troy.thornberry@noaa.gov; 303-497-3373 
PLATFORM: GML ECC/FPH balloon
LOCATION: Boulder, CO, USA
ASSOCIATED_DATA: N/A
INSTRUMENT_INFO: Printed Optical Particle Spectrometer counts particles from 140 - 2500 nm in diameter 
DATA_INFO: Particle concentrations reported in number per cubic centimeter, binned to 100 m altitude
UNCERTAINTY: Counting uncertainty dominated by air flow, less than 5 percent
ULOD_FLAG: -77777
ULOD_VALUE: 3000 ~3000 per cm3 (varies depending on flow rate- manufacturer quotes 1250  per cm3 at 1.667 cc/s)
LLOD_FLAG: -88888
LLOD_VALUE: 0 0 (varies depending on data field and measurement precision)
DM_CONTACT_INFO: Troy Thornberry, 325 Broadway R/CSL6, Boulder, CO 80305; troy.thornberry@noaa.gov; 303-497-3373
PROJECT_INFO: B2SAP Boulder, CO, USA
STIPULATIONS_ON_USE: Please contact the PIs for questions regarding applications and uncertainties
OTHER_COMMENTS: POPS bin Edges (nm):  140, 170, 205, 249, 302, 366, 443, 537, 651, 789, 956, 1159, 1404, 1702, 2062, 2500
Calculations assume sulfate refractive index of 1.45+0.00j and extinction wavelength = 532 nm
REVISION: R0
R0: QA/QC data
TIME_START,TIME_STOP,TIME_MID,GPSAlt,GPS_Lon,GPS_Lat,iMet_Pressure,iMet_Temperature,THETA,Aerosol_concentration,Surface_Area_Conc,Volume_density,Effective_radius,Extinction,Bin01,Bin02,Bin03,Bin04,Bin05,Bin06,Bin07,Bin08,Bin09,Bin10,Bin11,Bin12,Bin13,Bin14,Bin15
[from data line 317]
66263,66286,66274,18.8,-103.742,40.1055,65.8281,-64.5131,453.934,6.45344,1.34677,77.938,0.17361,0.00050629,1.93082,1.46116,1.04368,0.643605,0.574026,0.434868,0.260921,0.0521842,0.0521842,0,0,0,0,0,0
66287,66314,66300,18.7,-103.739,40.1063,66.9415,-66.383,447.712,5.83361,1.28954,80.1499,0.186461,0.000553259,1.77666,1.42693,0.797399,0.629526,0.433673,0.307768,0.25181,0.153884,0.0559578,0,0,0,0,0,0
66315,66346,66330,18.6,-103.734,40.1071,68.1261,-67.3613,443.365,6.84004,1.27735,72.5381,0.170363,0.000451952,2.39894,1.62389,1.05799,0.701227,0.430578,0.282951,0.246045,0.0492089,0.0369067,0.0123022,0,0,0,0,0
66347,66377,66362,18.5,-103.729,40.1074,69.2921,-67.785,440.319,7.39746,1.50926,93.7783,0.186406,0.000614992,2.67921,1.55299,1.16178,0.67573,0.545326,0.355647,0.201533,0.142259,0.0592745,0.0237098,0,0,0,0,0
66383,66405,66394,18.4,-103.724,40.1077,70.52,-67.2928,439.151,7.96322,1.65817,111.802,0.202275,0.000672542,2.61761,2.23916,1.05651,0.646519,0.567675,0.37845,0.189225,0.173456,0.063075,0.0157688,0,0.0157688,0,0,0
66406,66421,66414,18.3,-103.721,40.108,71.475,-67.2725,437.514,7.306,1.28563,67.3731,0.157214,0.000405755,2.60044,1.83977,1.02602,0.725293,0.513012,0.300731,0.212281,0.0707603,0.0176901,0,0,0,0,0,0
66443,66450,66446,18.2,-103.716,40.1079,73.2286,-67.1543,434.749,8.57736,1.42344,75.2044,0.158499,0.000447665,3.3858,2.03148,1.30918,0.90288,0.361152,0.316008,0.090288,0.135432,0.045144,0,0,0,0,0,0
66451,66471,66461,18.1,-103.714,40.1077,74.015,-66.7783,434.206,8.72984,1.76016,104.058,0.177355,0.00070323,2.90995,2.3332,1.28457,0.655393,0.419452,0.471883,0.471883,0.131079,0.0524315,0,0,0,0,0,0
66472,66492,66482,18,-103.71,40.1073,75.3524,-66.2748,433.054,9.81818,1.9202,116.542,0.182079,0.000765634,3.58655,2.40598,1.38979,0.806974,0.64259,0.433375,0.283935,0.14944,0.104608,0.014944,0,0,0,0,0
66493,66513,66503,17.9,-103.707,40.107,76.6006,-67.7576,427.934,8.56986,1.53074,90.1186,0.176617,0.000551365,3.16025,2.3423,1.28269,0.65064,0.427563,0.316025,0.278846,0.0185897,0.0557692,0.0371794,0,0,0,0,0
66514,66535,66524,17.8,-103.704,40.1066,77.8144,-67.2862,426.988,7.71743,1.30522,70.504,0.162051,0.000445512,3.0396,2.19088,1.02636,0.473704,0.355278,0.217114,0.276327,0.118426,0.0197377,0,0,0,0,0,0
66536,66549,66542,17.7,-103.7,40.1064,79.0107,-66.4636,426.839,8.96415,1.62416,91.2536,0.168556,0.000595995,3.41491,2.33652,1.30306,0.606597,0.449331,0.359465,0.202199,0.292065,0,0,0,0,0,0,0
66584,66585,66584,17.6,-103.692,40.1067,81.365,-67.83,420.465,10.9089,1.80633,104.412,0.173411,0.000666133,4.2687,3.3201,1.7391,0.4743,0.4743,0.1581,0.1581,0.1581,0.1581,0,0,0,0,0,0
66586,66606,66596,17.5,-103.69,40.1067,81.9562,-67.0248,421.246,10.8867,2.12069,171.164,0.242134,0.000831274,4.27693,2.76655,1.64497,0.867349,0.478538,0.254223,0.299086,0.20936,0.0448629,0.0149543,0.0149543,0,0,0.0149543,0
66607,66641,66624,17.4,-103.683,40.107,83.7915,-66.8508,418.953,12.2554,1.77703,87.9153,0.148419,0.000492095,5.28333,3.57047,1.56811,0.796118,0.482496,0.241248,0.144749,0.0964991,0.0723743,0,0,0,0,0,0
66642,66657,66650,17.3,-103.68,40.1071,84.6167,-67.2713,416.914,11.4392,1.78813,109.474,0.183669,0.000545845,5.04916,3.37309,1.29895,0.628526,0.523771,0.209509,0.230459,0.0419017,0.0209509,0.0419017,0,0.0209509,0,0,0
66676,66696,66686,17.2,-103.672,40.1074,86.5114,-66.7662,415.308,12.1712,2.04885,124.195,0.181851,0.000733427,5.23122,3.43252,1.55888,0.73447,0.254816,0.344751,0.344751,0.164881,0.0899351,0,0,0.0149892,0,0,0
66702,66721,66712,17.1,-103.666,40.1079,87.9325,-65.7745,415.371,11.8271,2.07229,154.056,0.223023,0.000735955,5.15778,3.1944,1.88547,0.592132,0.311648,0.186989,0.186989,0.171407,0.0623297,0.0155824,0.0467473,0.0155824,0,0,0
66722,66746,66734,17,-103.661,40.1081,89.2796,-66.2028,412.703,11.6911,1.97957,128.676,0.195006,0.000661195,4.83901,3.2135,1.83807,0.650203,0.337605,0.387621,0.112535,0.250078,0.0250078,0.0125039,0,0,0.0250078,0,0
66747,66769,66758,16.9,-103.656,40.1087,90.8291,-66.333,410.429,12.4591,1.85689,93.7117,0.151401,0.000551544,5.39984,3.52282,1.76821,0.598471,0.544064,0.136016,0.299235,0.149618,0.0408048,0,0,0,0,0,0
66770,66791,66780,16.8,-103.652,40.1092,92.1164,-66.1571,409.135,11.7661,1.94324,117.861,0.181955,0.000639362,5.35836,2.88012,1.4289,0.826081,0.558163,0.178612,0.312571,0.156286,0.044653,0,0,0.0223265,0,0,0
66791,66812,66802,16.7,-103.648,40.1095,93.6385,-65.5923,408.324,12.7052,2.15287,127.833,0.178134,0.00079512,5.48962,3.28419,1.65408,0.862998,0.575332,0.239722,0.33561,0.119861,0.0958886,0.0479443,0,0,0,0,0
66813,66835,66824,16.6,-103.643,40.1103,95.4483,-65.9291,405.444,11.6316,2.107,123.609,0.175998,0.000805986,4.6336,3.26118,1.49471,0.570707,0.475589,0.475589,0.475589,0.190236,0.0271765,0.0271765,0,0,0,0,0
66836,66859,66848,16.5,-103.639,40.1114,96.8757,-65.7671,404.046,12.1968,2.23351,131.511,0.176643,0.000856816,4.71083,3.31157,1.60914,0.862874,0.559702,0.419777,0.396456,0.25653,0.0466419,0.0233209,0,0,0,0,0
66860,66874,66867,16.4,-103.635,40.1127,98.4473,-64.914,403.837,10.5038,2.1842,156.004,0.214272,0.00102245,4.29489,2.77767,1.23711,0.560203,0.420152,0.443494,0.490178,0.0933672,0.0466836,0.140051,0,0,0,0,0
66906,66911,66908,16.3,-103.626,40.1146,101.078,-65.9667,398.789,10.8457,1.94226,121.113,0.18707,0.000792807,4.60651,2.79889,1.63269,0.641413,0.291551,0.116621,0.408172,0.291551,0,0.0583103,0,0,0,0,0
66912,66942,66927,16.2,-103.623,40.1152,101.971,-65.4325,398.817,10.5402,1.78379,116.788,0.196415,0.000626703,4.74454,2.77373,1.38686,0.598542,0.321169,0.262774,0.189781,0.160584,0.0729929,0,0.0145986,0.0145986,0,0,0
66943,66974,66958,16.1,-103.615,40.116,104.033,-65.6956,396.031,10.9026,1.6768,90.3861,0.161712,0.000555119,5.26186,2.86245,1.17866,0.463044,0.420949,0.238538,0.280633,0.154348,0.0280633,0.0140316,0,0,0,0,0
66975,67005,66990,16,-103.608,40.1166,105.814,-65.3444,394.789,11.0621,1.62403,82.8073,0.152966,0.000492933,5.0847,3.02753,1.51377,0.543403,0.271702,0.194073,0.232887,0.155258,0.0388145,0,0,0,0,0,0
67006,67032,67019,15.9,-103.601,40.117,107.482,-65.1833,393.33,11.5058,1.86742,106.351,0.170853,0.000649964,5.01682,3.21542,1.41401,0.677949,0.36803,0.30992,0.29055,0.13559,0.03874,0.03874,0,0,0,0,0
67033,67060,67046,15.8,-103.594,40.1173,109.238,-64.3135,393.145,11.4736,1.84206,102.129,0.166328,0.000647778,5.31025,2.87276,1.44508,0.78348,0.208928,0.313392,0.278571,0.174107,0.0870533,0,0,0,0,0,0
67061,67082,67072,15.7,-103.588,40.1173,110.943,-64.3378,391.371,11.811,1.83714,104.184,0.170129,0.000628567,5.6739,2.89485,1.64041,0.540371,0.270186,0.36668,0.19299,0.135093,0.0578969,0.0385979,0,0,0,0,0
67083,67111,67097,15.6,-103.58,40.1171,113.068,-65.2247,387.602,11.6074,1.60831,84.2455,0.157144,0.00050141,6.23462,2.82392,1.22859,0.531777,0.348405,0.0733485,0.12836,0.12836,0.110023,0,0,0,0,0,0
67112,67135,67124,15.5,-103.574,40.1175,114.748,-63.7275,388.746,11.9209,1.84671,107.037,0.173882,0.000591952,5.71509,3.10289,1.38548,0.606146,0.404097,0.202049,0.288641,0.173185,0.014432,0.014432,0,0.014432,0,0,0
67136,67159,67148,15.4,-103.568,40.1182,116.659,-63.8321,386.726,11.4215,1.84063,115.362,0.188026,0.000691586,5.80458,2.85897,1.22734,0.534253,0.259907,0.158832,0.288785,0.158832,0.101075,0.0144393,0.0144393,0,0,0,0
67160,67183,67172,15.3,-103.562,40.1192,118.582,-64.3021,384.064,11.2397,1.8777,129.025,0.206143,0.000717196,5.49689,2.92203,1.35976,0.535223,0.231448,0.231448,0.115724,0.188051,0.101258,0.028931,0.028931,0,0,0,0
67189,67209,67199,15.2,-103.555,40.1205,120.703,-63.3088,383.93,11.4649,1.64271,91.1729,0.166505,0.00044381,5.74261,2.95276,1.14038,0.773827,0.305458,0.244367,0.203639,0.0407278,0.0407278,0,0.0203639,0,0,0,0
67210,67233,67222,15.1,-103.549,40.1217,122.531,-63.5144,381.916,11.5252,1.7131,90.5736,0.158613,0.00056228,6.01229,2.70841,1.15252,0.614675,0.384172,0.153669,0.230503,0.230503,0.0384172,0,0,0,0,0,0
67237,67265,67251,15,-103.542,40.1233,124.652,-63.1855,380.651,12.3271,2.15429,161.653,0.225113,0.000833891,6.09447,3.29758,1.36392,0.43162,0.328031,0.189913,0.241707,0.189913,0.138118,0,0.0172648,0.0172648,0.0172648,0,0
67266,67295,67280,14.9,-103.534,40.1252,126.761,-63.0337,379.093,10.5882,1.52245,83.3178,0.164178,0.000508964,5.72452,2.81922,0.83931,0.365853,0.215208,0.193687,0.236728,0.129125,0.0430415,0.0215208,0,0,0,0,0
67296,67324,67310,14.8,-103.527,40.1272,128.926,-63.2447,376.887,10.8933,1.53209,97.1157,0.190163,0.000434006,6.19887,2.68255,0.888142,0.380632,0.326256,0.108752,0.126877,0.126877,0.0181253,0,0.0181253,0.0181253,0,0,0
67328,67356,67342,14.7,-103.52,40.1291,130.877,-62.9493,375.806,11.0256,1.56646,94.0045,0.180032,0.000467865,5.9722,2.71046,1.21741,0.4594,0.18376,0.11485,0.16079,0.13782,0.04594,0,0,0.02297,0,0,0
67357,67386,67372,14.6,-103.513,40.1308,133.172,-62.15,375.365,10.1972,1.33043,62.1356,0.14011,0.000317246,5.48152,2.33771,1.12855,0.523968,0.342595,0.141068,0.201526,0.0201526,0,0.0201526,0,0,0,0,0
67387,67416,67402,14.5,-103.506,40.1318,135.377,-62.0258,373.822,8.60101,1.20813,61.428,0.152537,0.000362686,4.76834,1.94332,0.71975,0.413856,0.305894,0.161944,0.179937,0.0539812,0.0539812,0,0,0,0,0,0
67417,67446,67432,14.4,-103.499,40.132,137.59,-62.3128,371.592,10.0418,1.57296,92.8932,0.177169,0.000484442,4.78183,2.41004,1.30066,0.669456,0.267782,0.191273,0.267782,0.114764,0.0191273,0,0,0.0191273,0,0,0
67455,67477,67466,14.3,-103.491,40.1318,139.843,-62.6662,369.256,11.8015,1.63541,80.1486,0.147025,0.000458053,6.28528,2.83766,1.19341,0.424323,0.397803,0.318242,0.238682,0.0530404,0.0530404,0,0,0,0,0,0
67478,67490,67484,14.2,-103.486,40.1317,141.522,-62.1546,368.889,11.1184,1.30518,56.0406,0.128812,0.000280708,6.63943,2.55566,0.974838,0.395204,0.237123,0.105388,0.0790409,0.131735,0,0,0,0,0,0,0
67491,67528,67510,14.1,-103.476,40.1316,144.282,-61.9671,367.182,10.8823,1.31278,59.2631,0.135429,0.000308606,6.36818,2.82135,0.644879,0.403049,0.322439,0.120915,0.0806099,0.0806099,0.0403049,0,0,0,0,0,0
67535,67553,67544,14,-103.468,40.1315,147.008,-61.4869,366.06,11.7123,1.69186,95.739,0.169764,0.000595321,6.79491,2.6524,0.864264,0.596044,0.149011,0.119209,0.298022,0.149011,0.0596044,0.0298022,0,0,0,0,0
67559,67582,67570,13.9,-103.46,40.1313,149.355,-60.9753,365.29,11.1842,1.4574,79.3497,0.163338,0.000358451,6.36813,2.67051,1.04994,0.456497,0.251073,0.0684746,0.228249,0.0684746,0,0,0.0228249,0,0,0,0
67583,67599,67591,13.8,-103.453,40.1313,151.515,-60.283,364.97,9.84124,1.16561,49.4345,0.127233,0.000242966,6.06812,2.0616,0.700167,0.350084,0.350084,0.155593,0.0777964,0.0777964,0,0,0,0,0,0,0
67600,67632,67616,13.7,-103.445,40.1316,154.034,-59.6887,364.275,10.221,1.40584,75.4104,0.160923,0.000441784,5.93642,2.34876,0.851748,0.283916,0.283916,0.180674,0.206484,0.0516211,0.0516211,0.0258105,0,0,0,0,0
67633,67659,67646,13.6,-103.436,40.1323,156.544,-59.1729,363.477,11.0696,1.36399,65.9493,0.14505,0.000360277,7.35709,2.03735,0.633842,0.271646,0.294284,0.181098,0.203735,0.0679116,0,0.0226372,0,0,0,0,0
67660,67689,67674,13.5,-103.427,40.1333,159.488,-58.6728,362.387,11.1031,1.11437,46.1179,0.124154,0.000202057,8.38614,1.66867,0.556223,0.149752,0.106966,0.106966,0.0855728,0.0213932,0,0.0213932,0,0,0,0,0
67690,67718,67704,13.4,-103.419,40.134,161.771,-58.9161,360.506,13.7068,1.29272,48.7607,0.113158,0.000181789,9.90057,2.77986,0.598739,0.213835,0.0641506,0.042767,0.0641506,0.0213835,0,0.0213835,0,0,0,0,0
67719,67751,67735,13.3,-103.408,40.1349,164.502,-58.1753,360.031,13.0209,1.36552,70.225,0.154282,0.000274216,9.77578,2.23734,0.423281,0.221719,0.141094,0.080625,0.0604687,0.0201562,0.0201562,0.0201562,0.0201562,0,0,0,0
67752,67788,67770,13.2,-103.398,40.1359,167.223,-57.7705,359.027,13.0618,1.10485,33.5627,0.0911331,8.62169e-05,10.0743,2.34487,0.399497,0.138956,0.0521083,0,0.0347389,0.0173694,0,0,0,0,0,0,0
67789,67822,67806,13.1,-103.387,40.1372,169.958,-57.3913,357.99,12.1441,1.10808,39.0762,0.105795,0.000145968,9.45648,1.79175,0.53089,0.165903,0.0663612,0.0331806,0.0497709,0.0331806,0.0165903,0,0,0,0,0,0
67823,67853,67838,13,-103.377,40.139,172.701,-56.9469,357.088,9.41333,1.04357,59.2562,0.170347,0.000200394,7.00868,1.43693,0.439875,0.087975,0.29325,0.05865,0.029325,0.029325,0,0,0.029325,0,0,0,0
67854,67883,67868,12.9,-103.368,40.1406,175.311,-56.6559,356.044,7.78014,0.852203,39.7094,0.139788,0.000197738,5.63389,1.43083,0.223567,0.156497,0.0894269,0.13414,0.0447134,0.0447134,0,0.0223567,0,0,0,0,0
67884,67914,67899,12.8,-103.358,40.142,178.199,-56.2453,355.062,15.631,1.44674,62.3138,0.129216,0.000200647,12.2851,2.58833,0.353528,0.164138,0.088382,0.06313,0.050504,0,0,0.025252,0,0.012626,0,0,0
67915,67921,67918,12.7,-103.352,40.1431,179.997,-56.1529,354.197,16.2035,1.64185,75.7012,0.138322,0.000363933,12.6928,2.37652,0.59413,0.108024,0.108024,0.108024,0.0540118,0.108024,0,0.0540118,0,0,0,0,0
67954,67974,67964,12.6,-103.339,40.1452,184.45,-56.4848,351.185,10.8995,1.32227,63.8616,0.144891,0.000341808,6.71711,2.17265,1.26738,0.271581,0.144843,0.0543163,0.144843,0.0724217,0.0362108,0.0181054,0,0,0,0,0
67975,68003,67989,12.5,-103.332,40.1461,186.809,-56.5265,349.848,9.57976,1.24968,61.4804,0.147591,0.000363448,5.7033,2.13874,0.846584,0.245064,0.222785,0.0668355,0.200507,0.133671,0.0222785,0,0,0,0,0,0
68004,68032,68018,12.4,-103.324,40.1472,189.459,-55.5213,350.064,9.12516,1.26411,61.3635,0.145628,0.000355945,5.45498,1.48315,0.854698,0.452487,0.402211,0.175967,0.175967,0.125691,0,0,0,0,0,0,0
68033,68062,68048,12.3,-103.315,40.1487,192.878,-55.2433,348.72,8.2675,1.05284,48.0509,0.136918,0.000256187,4.53243,2.0354,0.860323,0.293769,0.209835,0.125901,0.146884,0.041967,0.0209835,0,0,0,0,0,0
68063,68083,68073,12.2,-103.307,40.1501,195.826,-54.5958,348.24,9.24761,1.06293,41.2821,0.116515,0.00016798,4.95296,2.163,1.28526,0.470217,0.219435,0.0940435,0,0.0626956,0,0,0,0,0,0,0
68084,68149,68116,12,-103.288,40.1546,202.696,-53.26,346.947,4.78823,0.699248,41.2472,0.176964,0.000271634,3.22118,0.74,0.304706,0.0870588,0.130588,0.0870588,0.130588,0,0.0870588,0,0,0,0,0,0
68150,68182,68166,11.9,-103.281,40.156,205.823,-52.6181,346.426,5.51439,0.592824,27.6708,0.140029,0.00013747,4.19428,0.651701,0.384336,0.116972,0.0334205,0.0334205,0.0501308,0.0334205,0,0.0167103,0,0,0,0,0
68183,68214,68198,11.8,-103.274,40.1574,208.622,-52.3815,345.464,7.72281,0.72191,25.7018,0.106808,9.36502e-05,5.86035,1.18813,0.321115,0.192669,0.0802787,0.0481672,0,0.0160557,0.0160557,0,0,0,0,0,0
68215,68241,68228,11.7,-103.267,40.1592,211.204,-52.6146,343.891,7.30174,0.8552,40.8392,0.143262,0.000239877,5.23458,1.30031,0.300072,0.0666826,0.100024,0.100024,0.0333413,0.166706,0,0,0,0,0,0,0
68250,68280,68265,11.6,-103.255,40.1624,215.54,-51.4363,343.733,6.64802,0.867147,50.0143,0.17303,0.000268449,4.26987,1.24313,0.54049,0.216196,0.162147,0.108098,0,0.054049,0,0.054049,0,0,0,0,0
68281,68308,68294,11.5,-103.247,40.1643,218.204,-51.3278,342.693,8.1076,1.08919,55.0023,0.151495,0.00032721,4.89334,1.53517,0.911505,0.143922,0.191896,0.143922,0.191896,0.047974,0.047974,0,0,0,0,0,0
68315,68344,68330,11.4,-103.236,40.167,222.044,-50.582,342.13,7.39585,1.14659,74.5675,0.195102,0.00043345,4.25692,1.46197,0.601988,0.558989,0.128997,0.171997,0.0429992,0.0859983,0,0.0859983,0,0,0,0,0
68353,68372,68362,11.3,-103.227,40.1696,225.27,-50.1067,341.453,7.9827,1.33054,82.8346,0.186769,0.000578218,4.56155,1.99568,0.427645,0.142548,0,0.285097,0.427645,0,0.142548,0,0,0,0,0,0
68383,68418,68400,11.2,-103.216,40.1719,228.945,-49.67,340.549,7.57586,1.22783,73.7496,0.180195,0.000496293,3.94799,2.02734,0.533512,0.426809,0,0.213405,0.213405,0.106702,0.106702,0,0,0,0,0,0
68477,68486,68482,11,-103.194,40.1758,237.067,-48.6533,338.699,7.0176,1.00734,51.2343,0.152583,0.000311657,4.01006,1.28895,0.716081,0.429649,0.143216,0.143216,0.143216,0.143216,0,0,0,0,0,0,0
68501,68523,68512,10.9,-103.185,40.1775,240.537,-47.8243,338.545,7.69286,1.73708,143.56,0.247933,0.000946828,3.29694,1.89269,1.16003,0.427381,0.0610545,0.244218,0.244218,0.122109,0.0610545,0.183163,0,0,0,0,0
