data/B2SAP/Locations/Boulder/NOAA-POPS-B2SAP_GMLBalloon_20200709_R0.ict
61,1001
Thornberry, T. D.
NOAA Chemical Sciences Laboratory
Portable Optical Particle Spectrometer (POPS)
Balloon Baseline Stratospheric Aerosol Profiles (B2SAP)
1,1
2020,07,09,2024,05,28
0
TIME_START,s,Seconds since midnight UTC on flight start day,Start time of 100 m altitude bin in UTC_seconds_since_midnight
28
1.0,1.0,1.0,1.0,1.0,1.0,1.0,1.0,1.0,1.0,1.0,1.0,1.0,1.0,1.0,1.0,1.0,1.0,1.0,1.0,1.0,1.0,1.0,1.0,1.0,1.0,1.0,1.0
99999,99999,99999,99999,99999,99999,99999,99999,99999,99999,99999,99999,99999,99999,99999,99999,99999,99999,99999,99999,99999,99999,99999,99999,99999,99999,99999,99999
TIME_STOP,s,End time of 100 m altitude bin in UTC seconds since midnight,
TIME_MID,s,Mid time of 100 m altitude in UTC seconds since midnight,
GPSAlt,m,GPS reported altitude above sea level (m),
GPS_Lon,deg,GPS reported longitude,
GPS_Lat,deg,GPS reported latitude,
iMet_Pressure,mb,Pressure reported (mB),
iMet_Temperature,degrees C,Ambient temperature (oC),
THETA,K,Potential temperature from iMet,
Aerosol_concentration,cm^-3,Aerosol concentration,
Surface_Area_Conc,um^2 cm^-3,Surface area concentration,
Volume_density,um^3 cm^-3,Volume density,
Effective_radius,um,Effective radius,
Extinction,km^-1,Extinction,
Bin01,cm^-3,particle concentration in size range [140 - 170 nm],
Bin02,cm^-3,particle concentration in size range [170 - 205 nm],
Bin03,cm^-3,particle concentration in size range [205 - 249 nm],
Bin04,cm^-3,particle concentration in size range [249 - 302 nm],
Bin05,cm^-3,particle concentration in size range [302 - 366 nm],
Bin06,cm^-3,particle concentration in size range [366 - 443 nm],
Bin07,cm^-3,particle concentration in size range [443 - 537 nm],
Bin08,cm^-3,particle concentration in size range [537 - 651 nm],
Bin09,cm^-3,particle concentration in size range [651 - 789 nm],
Bin10,cm^-3,particle concentration in size range [789 - 956 nm],
Bin11,cm^-3,particle concentration in size range [956 - 1159 nm],
Bin12,cm^-3,particle concentration in size range [1159 - 1404 nm],
Bin13,cm^-3,particle concentration in size range [1404 - 1702 nm],
Bin14,cm^-3,particle concentration in size range [1702 - 2062 nm],
Bin15,cm^-3,particle concentration in size range [2062 - 2500 nm],
0
19
PI_CONTACT_INFO: 325 Broadway R/CSL6, Boulder, CO 80305; troy.thornberry@noaa.gov; 303-497-3373 
PLATFORM: GML ECC/FPH balloon
LOCATION: Boulder, CO, USA
ASSOCIATED_DATA: N/A
INSTRUMENT_INFO: Printed Optical Particle Spectrometer counts particles from 140 - 2500 nm in diameter 
DATA_INFO: Particle concentrations reported in number per cubic centimeter, binned to 100 m altitude
UNCERTAINTY: Counting uncertainty dominated by air flow, less than 5 percent
ULOD_FLAG: -77777
ULOD_VALUE: 3000 ~3000 per cm3 (varies depending on flow rate- manufacturer quotes 1250  per cm3 at 1.667 cc/s)
LLOD_FLAG: -88888
LLOD_VALUE: 0 0 (varies depending on data field and measurement precision)
DM_CONTACT_INFO: Troy Thornberry, 325 Broadway R/CSL6, Boulder, CO 80305; troy.thornberry@noaa.gov; 303-497-3373
PROJECT_INFO: B2SAP Boulder, CO, USA
STIPULATIONS_ON_USE: Please contact the PIs for questions regarding applications and uncertainties
OTHER_COMMENTS: POPS bin Edges (nm):  140, 170, 205, 249, 302, 366, 443, 537, 651, 789, 956, 1159, 1404, 1702, 2062, 2500
Calculations assume sulfate refractive index of 1.45+0.00j and extinction wavelength = 532 nm
REVISION: R0
R0: QA/QC data
TIME_START,TIME_STOP,TIME_MID,GPSAlt,GPS_Lon,GPS_Lat,iMet_Pressure,iMet_Temperature,THETA,Aerosol_concentration,Surface_Area_Conc,Volume_density,Effective_radius,Extinction,Bin01,Bin02,Bin03,Bin04,Bin05,Bin06,Bin07,Bin08,Bin09,Bin10,Bin11,Bin12,Bin13,Bin14,Bin15
56772,57798,57285,2,-104.261,38.7755,805.7,22.1632,314.119,376.405,111.545,8187.86,0.220213,0.0539903,71.9893,68.3983,61.9643,50.0315,40.8856,34.1711,33.5913,12.1198,2.1883,0.523695,0.205737,0.130924,0.0748135,0.0561101,0.0748135
56772,57887,57330,2.4,-104.488,39.1422,767.537,18.6296,314.7,345.184,104.621,7427.61,0.212986,0.0509924,62.3448,60.6892,55.7952,45.9199,38.9346,33.9534,33.8373,10.9209,1.77174,0.508285,0.275926,0.0871346,0.0871346,0.0580897,0
56774,58005,57390,3,-102.774,37.5221,728.607,16.4014,317.056,387.739,153.003,11981.5,0.234927,0.0864407,50.8253,46.8175,49.1526,50.4775,48.9705,55.5617,59.8178,21.0489,3.59371,0.828043,0.298095,0.0993651,0.0993651,0.0993651,0.0496826
56777,58086,57432,3.4,-104.353,39.1665,687.099,13.2624,318.893,147.155,39.0713,2890.85,0.221968,0.0170935,33.3557,28.4804,25.1483,20.3782,14.2227,11.2939,10.119,2.99886,0.631339,0.105223,0.157835,0.12276,0.0701487,0.0526116,0.0175372
56807,57738,57272,1.7,-105.197,39.9492,823.473,25.8609,316.073,407.051,123.435,8985.66,0.21839,0.0601014,72.0674,69.942,68.9076,57.3216,45.3031,38.8393,37.7484,13.3539,2.31343,0.645754,0.275856,0.11285,0.100311,0.068964,0.0501556
56846,57761,57304,1.8,-105.197,39.9492,823.288,25.9993,316.239,416.631,124.414,9131.04,0.220177,0.0604074,77.681,75.6925,68.1844,57.5164,44.287,37.7913,38.4636,13.4272,2.38935,0.557256,0.271517,0.115072,0.106021,0.084041,0.0646469
57762,57780,57771,1.9,-105.198,39.9495,812.421,22.655,313.897,402.408,117.607,8496.44,0.216734,0.0565483,80.728,71.33,65.3295,54.7592,42.9371,35.5656,36.0624,12.3188,2.2452,0.596072,0.238429,0.139083,0.0397381,0.0596072,0.0596072
57799,57819,57809,2.1,-105.199,39.9499,796.635,21.1789,314.084,394.467,114.388,8164.36,0.214124,0.0544838,77.3217,72.2966,64.0412,53.6699,41.5417,35.4777,35.5721,11.3536,2.28583,0.415606,0.188912,0.0755648,0.132238,0.0377824,0.0566736
57820,57843,57832,2.2,-105.199,39.9502,786.325,20.1392,314.139,401.575,115.458,8029.75,0.208641,0.0547464,78.9815,72.8102,65.4826,54.5663,43.0795,36.5928,35.1513,11.9373,2.01208,0.570589,0.195202,0.0750775,0.060062,0.030031,0.030031
57844,57862,57853,2.3,-105.199,39.9502,775.436,18.9924,314.162,411.633,120.039,8629.67,0.215672,0.0575298,82.6473,73.9037,65.2242,56.4593,42.4567,38.3307,36.5777,13.0192,2.07366,0.448938,0.21378,0.064134,0.0855119,0.064134,0.064134
57888,57908,57898,2.5,-105.199,39.95,756.142,18.2432,315.62,246.596,81.1284,5944.71,0.219826,0.0425557,45.6872,38.5761,35.4602,31.1591,28.3872,25.9977,28.6549,10.1124,1.72044,0.611712,0.0955799,0.0764639,0.019116,0.019116,0.019116
57909,57929,57919,2.6,-105.199,39.9503,747.098,17.6037,316.008,218.106,73.732,5471.27,0.222614,0.0390393,40.3128,34.9008,28.7812,26.3525,24.4019,26.1613,25.1095,9.60011,1.74026,0.344227,0.210361,0.114742,0.0573712,0.0191237,0
57930,57947,57938,2.7,-105.2,39.9505,738.928,16.9537,316.3,209.715,72.7185,5429.65,0.224,0.039212,36.8881,33.7913,28.4858,24.296,23.0436,24.4326,26.277,10.2011,1.52562,0.387097,0.136622,0.113852,0.136622,0,0
57948,57966,57957,2.8,-105.2,39.9506,730.872,16.4932,316.789,300.029,114.018,8632.82,0.227143,0.0639352,45.3431,39.9296,35.3031,37.434,36.9349,40.2175,45.5735,15.5303,2.78355,0.575908,0.172772,0.115182,0.0959846,0,0.0191969
57967,57986,57976,2.9,-105.2,39.951,722.443,15.8088,317.087,371.04,146.508,11558.3,0.236676,0.0833852,53.753,46.2315,42.4923,45.2588,46.9015,53.2991,58.3999,19.2361,4.10658,0.778089,0.280977,0.108068,0.0648408,0.0432272,0.0864543
58007,58025,58016,3.1,-105.201,39.9524,705.008,14.3311,317.677,394.851,151.337,11839.6,0.234699,0.0843999,58.0784,51.6343,49.1511,47.9608,48.8433,55.0821,59.4944,19.6604,3.59142,0.615672,0.307836,0.143657,0.164179,0.0410448,0.0820895
58026,58045,58036,3.2,-105.201,39.9532,696.611,13.4161,317.752,380.638,137.461,10262.5,0.223972,0.0749982,63.0261,53.4481,47.6849,46.3313,46.2697,48.0951,53.6327,18.2741,2.89186,0.471722,0.205096,0.102548,0.164077,0.0205096,0.0205096
58046,58065,58056,3.3,-105.2,39.9539,688.403,12.7925,318.133,280.898,84.6111,6436.52,0.228216,0.0412599,58.5938,48.8004,42.0801,36.1004,29.8986,28.2509,26.2145,8.60857,1.5551,0.296209,0.222157,0.0740522,0.0555391,0.0555391,0.0925652
58087,58108,58098,3.5,-105.199,39.9553,671.56,12.296,319.841,104.647,27.1055,1935,0.214163,0.0118717,26.3381,20.9516,16.5124,13.4848,9.15705,8.22834,6.81671,2.41464,0.278612,0.167167,0.130019,0.0928707,0.0557224,0.0185741,0
58109,58127,58118,3.6,-105.198,39.9558,662.908,11.4006,320.018,98.7136,25.5688,1877.87,0.220331,0.0111569,24.5035,19.8477,16.0005,13.2901,9.04948,7.21335,5.83626,1.94542,0.48089,0.218586,0.153011,0.0655759,0.0874346,0.0218586,0
58128,58145,58136,3.7,-105.197,39.956,655.343,10.5467,320.103,98.1483,25.0492,1702.63,0.203915,0.0112942,24.5009,19.6586,17.2375,11.6296,8.60841,6.62186,6.41492,2.71082,0.351786,0.269013,0.12416,0.0206933,0,0,0
58146,58166,58156,3.8,-105.196,39.9563,647.359,9.6445,320.206,102.616,26.0156,1915.12,0.220843,0.0112688,26.5652,20.8351,16.3073,13.245,9.50635,6.85735,6.35009,2.16053,0.319383,0.187872,0.131511,0.112723,0,0.0187872,0.0187872
58167,58186,58176,3.9,-105.195,39.9564,639.843,8.82684,320.351,110.009,28.8241,2199.69,0.228943,0.0126693,26.5669,22.313,18.2561,13.8644,10.162,9.01975,6.69588,2.10723,0.590813,0.118163,0.196938,0.0196938,0.0196938,0.0590813,0.0196938
58187,58207,58197,4,-105.194,39.9566,632.023,7.9435,320.468,119.854,30.9973,2330.24,0.225527,0.0135428,29.8928,23.9029,19.8343,15.7092,11.1321,8.58922,7.51557,2.14731,0.508572,0.28254,0.113016,0.056508,0.0941801,0.0753441,0
58208,58226,58217,4.1,-105.193,39.9568,624.908,7.07882,320.514,134.36,35.0972,2520.24,0.215423,0.0153384,32.7442,27.0011,21.1691,17.1178,13.5785,9.92787,9.05974,2.62666,0.467456,0.244858,0.222598,0.133559,0.0445196,0.0222598,0
58227,58245,58236,4.2,-105.192,39.9567,617.884,6.21111,320.561,135.805,35.2209,2524.1,0.214994,0.0153821,32.8189,26.4019,22.082,17.7411,12.834,11.3241,8.66085,3.10364,0.461353,0.125823,0.104853,0.0838823,0,0.0419411,0.0209706
58246,58263,58254,4.3,-105.19,39.9565,610.793,5.36,320.639,152.903,40.2408,2841.92,0.211868,0.0177271,36.7796,28.9741,25.0587,19.1982,16.1669,12.5041,9.54856,3.38494,0.580997,0.32839,0.176825,0.151564,0.0252607,0.0252607,0
58264,58284,58274,4.4,-105.189,39.9563,602.775,4.3865,320.724,158.218,41.111,2803.35,0.204569,0.0177655,37.1685,30.7044,25.4761,20.8562,15.1336,13.7647,11.103,3.13699,0.342217,0.209132,0.171108,0.0950602,0.0380241,0.019012,0
58285,58305,58295,4.5,-105.187,39.9562,595.176,3.43476,320.785,158.443,40.8793,2869.13,0.210557,0.0174827,38.3977,30.6018,24.8594,21.8247,15.4826,12.8477,10.4308,2.90754,0.490647,0.181721,0.254409,0.109033,0.0363442,0,0.0181721
58307,58326,58316,4.6,-105.186,39.9561,587.28,2.39632,320.806,158.687,42.5714,3202.34,0.225669,0.018692,37.5162,30.0453,25.3406,21.4234,15.8707,13.6496,10.4997,3.08933,0.464409,0.302876,0.201917,0.100959,0.100959,0.0605751,0.0201917
58328,58345,58336,4.7,-105.184,39.956,580.062,1.46667,320.852,154.356,41.0277,2982.79,0.218106,0.0181396,37.5862,28.8635,25.0009,20.4591,15.0472,12.7339,9.99611,3.28959,0.657918,0.254678,0.254678,0.0848926,0.0848926,0.0424463,0
58346,58366,58356,4.8,-105.181,39.9559,573.11,0.575238,320.912,150.69,39.53,3356.69,0.254745,0.0172405,38.2053,30.8397,25.2743,18.4414,13.9229,10.5799,9.44111,2.79192,0.53267,0.146943,0.128575,0.0734717,0.128575,0.0918396,0.0918396
58367,58387,58377,4.9,-105.179,39.9556,566.175,-0.3525,320.946,146.24,37.3621,2724.76,0.218785,0.0160343,35.7695,29.2519,24.142,18.7814,13.9993,11.936,8.388,2.98883,0.34709,0.308524,0.115697,0.134979,0,0.0578483,0.0192828
58388,58406,58397,5,-105.177,39.9557,559.181,-1.315,320.948,144.441,36.7473,2606.32,0.212777,0.0157636,35.0576,28.5702,23.9087,19.3762,13.5332,11.0629,9.3229,2.62072,0.386664,0.32222,0.107407,0.0859254,0.0429627,0.0214813,0.0214813
58407,58426,58416,5.1,-105.175,39.9556,551.928,-2.2845,320.996,148.578,37.5226,2642.12,0.211243,0.0158875,36.5001,28.572,24.482,20.7409,14.4217,11.0683,9.09109,2.63622,0.4846,0.251992,0.155072,0.135688,0,0.019384,0.019384
58427,58446,58436,5.2,-105.173,39.9557,545.001,-3.24526,321.011,152.529,38.7665,2808.81,0.217364,0.0164971,37.0209,30.8679,24.6326,19.9201,15.0018,11.5857,9.83657,2.6958,0.452729,0.205786,0.0823144,0.102893,0.0617358,0.0205786,0.0411572
58447,58467,58457,5.3,-105.171,39.9556,537.953,-4.23333,321.035,151.701,38.0613,2672.51,0.210648,0.01602,37.0741,30.396,24.4805,20.574,14.4539,11.3659,9.69173,2.84613,0.372043,0.148817,0.130215,0.111613,0.0186022,0,0.0372043
58468,58487,58478,5.4,-105.168,39.9554,531.027,-5.211,321.054,157.174,38.4091,2644.21,0.20653,0.0159259,41.0735,31.0307,25.5778,19.9483,14.8877,11.4943,9.74859,2.45186,0.549216,0.117689,0.117689,0.0784595,0.0588446,0.0196149,0.0196149
58488,58503,58496,5.5,-105.166,39.9553,524.633,-6.13063,321.06,158.561,38.6237,2543.51,0.197561,0.0161958,41.1682,31.9763,25.1068,21.0242,14.4236,11.2455,9.55866,3.05584,0.513381,0.22002,0.0977868,0.171127,0,0,0
58504,58523,58514,5.6,-105.164,39.9551,517.888,-7.0885,321.09,163.029,39.8877,2740.82,0.206141,0.0167429,42.7308,32.4873,26.1911,21.5924,15.1384,11.0725,9.65145,3.01978,0.61185,0.217108,0.13816,0.0986855,0.0592113,0,0.0197371
58524,58543,58534,5.7,-105.161,39.955,511.172,-8.05263,321.12,164.101,40.9761,2910.46,0.213085,0.0171621,40.916,33.6943,25.765,22.5808,15.3591,12.1749,9.30287,3.22583,0.478671,0.187306,0.166494,0.124871,0.0832471,0.0208118,0.0208118
58544,58562,58553,5.8,-105.158,39.9547,504.526,-9.02444,321.147,173.468,41.8274,2706.88,0.194146,0.0172455,44.86,34.7732,27.5841,22.8724,16.2584,12.7634,10.5293,2.80928,0.530888,0.221203,0.176963,0.0884813,0,0,0
58563,58584,58574,5.9,-105.155,39.9545,498.003,-9.98409,321.174,179.235,42.2297,2695.94,0.191519,0.0172825,47.5724,35.9228,29.6651,22.7944,15.9957,13.2366,10.0086,3.10177,0.504939,0.270503,0.126235,0.0180335,0,0.0180335,0
58585,58608,58596,6,-105.152,39.9543,491.463,-10.9529,321.2,183.307,43.3475,2781.05,0.192472,0.017652,48.3272,36.3246,30.0232,24.8888,16.5369,12.7194,10.1856,3.38407,0.383417,0.300065,0.166703,0,0.0666812,0,0
58609,58632,58620,6.1,-105.149,39.954,484.807,-11.9452,321.231,185.719,43.9865,2864.76,0.195385,0.0178598,48.7288,38.2807,29.9535,24.1645,17.5062,12.6559,9.94395,3.40737,0.556305,0.19123,0.19123,0.0869227,0.0521536,0,0
58633,58654,58644,6.2,-105.146,39.9536,478.651,-12.8827,321.246,183.099,43.5273,2882,0.198634,0.0178722,48.0667,37.3284,30.2791,22.9194,16.5823,13.4046,10.6653,2.75763,0.639185,0.255674,0.0913122,0.0547873,0.0182624,0.0182624,0.0182624
58655,58673,58664,6.3,-105.144,39.9533,472.97,-13.7878,321.227,188.426,43.7885,2760.32,0.189112,0.0176971,50.9084,37.7482,30.4595,24.3631,17.2544,12.8902,10.6856,3.3294,0.449919,0.202464,0.0674879,0.022496,0.022496,0.022496,0
58674,58693,58684,6.4,-105.141,39.9531,466.875,-14.749,321.228,185.914,44.9021,3027.1,0.202247,0.0187432,49.0162,36.7217,31.1407,23.8004,16.3387,13.2853,10.7779,4.0038,0.34376,0.242654,0.121327,0.0202212,0.0606636,0.0202212,0.0202212
58694,58712,58703,6.5,-105.138,39.9529,460.75,-15.6611,321.302,189.42,44.0758,2922.9,0.198946,0.0175555,50.0096,38.0424,32.3692,24.5766,17.2978,13.2303,10.1261,2.91152,0.449572,0.214082,0.0214082,0.0856328,0.0214082,0.0428164,0.0214082
58713,58736,58724,6.6,-105.136,39.9528,454.162,-16.6762,321.352,190.721,43.6195,2804.04,0.192852,0.0172633,51.5179,39.7096,31.8487,24.0046,16.9533,13.0735,9.85149,2.74965,0.50607,0.286773,0.151821,0.050607,0,0,0.016869
58737,58757,58747,6.7,-105.132,39.9523,448.471,-17.5114,321.459,186.514,41.7267,2615.64,0.188055,0.0162967,51.654,40.8255,30.1331,21.9097,15.6303,12.7142,10.3425,2.76058,0.252729,0.155526,0.0388814,0.0194407,0.0388814,0.0388814,0
58758,58791,58774,6.8,-105.127,39.9522,441.874,-17.0706,323.388,52.6587,13.0495,982.357,0.225838,0.00557527,14.6261,11.025,8.48459,6.28945,4.30396,3.68734,2.82409,0.87559,0.234313,0.123323,0.0616613,0.0739935,0.0246645,0.0246645,0
58793,58823,58808,6.9,-105.12,39.9522,436.394,-16.7435,324.957,11.5646,3.87813,363.652,0.281309,0.00201922,2.85836,1.86187,1.82253,1.24561,1.20628,1.04894,0.917822,0.288458,0.144229,0.0655587,0.0655587,0.0262235,0,0.0131117,0
58824,58849,58836,7,-105.113,39.9523,430.762,-17.2168,325.56,11.4701,3.71406,357.473,0.288746,0.00190888,2.91641,2.36246,1.53152,1.28713,0.92869,0.993861,0.830933,0.374735,0.081464,0.0651712,0.0488784,0,0.0325856,0.0162928,0
58850,58878,58864,7.1,-105.106,39.9523,424.968,-17.8379,326.027,9.03688,2.66289,225.321,0.253845,0.00128078,2.32502,1.76936,1.44766,1.00897,0.775008,0.731139,0.62878,0.146228,0.0877367,0.0438684,0.0438684,0.0292456,0,0,0
58879,58908,58894,7.2,-105.099,39.9527,419.183,-18.1576,326.895,11.6388,3.48244,283.651,0.244355,0.0016707,2.80401,2.36721,1.57814,1.26815,1.25406,1.02861,0.873612,0.253629,0.0986337,0.028181,0.0563621,0.028181,0,0,0
58909,58931,58920,7.3,-105.092,39.9532,413.869,-18.7935,327.278,10.8847,3.89749,470.182,0.361912,0.00205747,2.89429,2.02423,1.45603,1.34949,0.834551,1.01212,0.763526,0.213077,0.124295,0.088782,0.0355128,0.0177564,0.0355128,0.0177564,0.0177564
58932,58948,58940,7.4,-105.088,39.9534,408.733,-19.4806,327.559,14.5637,4.25642,346.172,0.243988,0.00212487,3.95338,2.72911,1.98944,1.91292,1.17326,1.22427,0.918204,0.306068,0.17854,0.102023,0.0510113,0.0255057,0,0,0
58949,58965,58957,7.5,-105.083,39.9534,402.944,-19.7676,328.522,29.7877,7.68939,618.203,0.24119,0.00341683,9.07519,6.39334,3.63966,3.30442,2.49029,1.93955,2.13111,0.526792,0.143671,0,0.0718353,0.0239451,0.0239451,0.0239451,0
58966,58984,58975,7.6,-105.078,39.9532,397.379,-20.0489,329.46,24.0115,6.79705,675.028,0.297936,0.00321147,7.6873,4.61238,3.14275,3.09753,1.80878,1.49224,1.10787,0.610462,0.135658,0.113048,0.113048,0.0452194,0.0226097,0,0.0226097
58985,59010,58998,7.7,-105.07,39.9533,391.938,-20.3235,330.406,14.9348,5.9448,693.747,0.350094,0.00318097,3.96681,2.71829,1.86487,1.83327,1.35915,1.1695,0.97985,0.347689,0.15804,0.189648,0.173844,0.0948241,0.0632161,0.015804,0
59011,59034,59022,7.8,-105.062,39.9533,386.528,-20.7908,331.11,14.5896,4.31494,417.414,0.29021,0.00203564,4.56138,2.64799,1.98172,1.6913,1.14462,1.14462,0.854191,0.256257,0.102503,0.0512515,0.0512515,0.0683353,0.0170838,0.0170838,0
59035,59059,59047,7.9,-105.054,39.9531,380.965,-21.4763,331.578,31.1675,8.43989,844.205,0.300077,0.00383657,10.1516,6.78212,4.21183,3.26147,2.22471,1.77113,1.59833,0.712771,0.151194,0.0431982,0.107996,0.0215991,0.0863965,0.0215991,0.0215991
59060,59084,59072,8,-105.046,39.9532,376.215,-21.83,332.299,31.3817,7.33695,537.655,0.219842,0.00311158,9.83681,7.15873,4.63515,3.33044,2.31757,1.73389,1.44205,0.549351,0.154505,0.103003,0.0686688,0.0343344,0.0171672,0,0
59085,59109,59097,8.1,-105.038,39.9534,371.112,-22.4296,332.802,8.29486,2.14103,195.763,0.274303,0.000974834,2.38791,1.86724,1.23884,1.09521,0.538627,0.556581,0.323176,0.161588,0.0538627,0.0359085,0.0179542,0,0,0.0179542,0
59110,59135,59122,8.2,-105.029,39.9537,365.812,-23.2796,333.046,6.19673,1.53235,109.184,0.213759,0.000670205,1.84787,1.19474,0.780565,0.844284,0.637196,0.477897,0.207089,0.111509,0.0477897,0.0318598,0.0159299,0,0,0,0
59136,59153,59144,8.3,-105.022,39.9541,361.228,-24.1989,333.016,6.18272,1.84671,172.4,0.280064,0.000944089,2.1455,0.968934,0.922794,0.692095,0.438327,0.415257,0.184559,0.230698,0.0692095,0.0461397,0.0692095,0,0,0,0
59154,59177,59166,8.4,-105.015,39.9543,356.19,-25.0378,333.225,7.63093,2.32923,259.443,0.334158,0.00108579,2.29651,1.66362,1.13922,0.849891,0.45207,0.488235,0.433987,0.162745,0.0180828,0.0180828,0.0361656,0.0180828,0.0361656,0.0180828,0
59178,59197,59188,8.5,-105.007,39.9543,351.658,-25.6389,333.633,8.49531,2.37545,267.225,0.337483,0.00107073,2.28889,2.06881,1.25449,0.61624,0.880343,0.748292,0.418163,0.15406,0,0.0220086,0.0220086,0,0,0,0.0220086
59198,59224,59211,8.6,-104.999,39.9543,346.331,-26.4537,333.997,4.2832,1.36068,206.345,0.454944,0.00069399,1.3967,0.931131,0.605235,0.496603,0.26382,0.26382,0.155188,0.0931131,0.0155188,0.0310377,0,0,0,0.0155188,0.0155188
