data/B2SAP/Locations/Boulder/NOAA-POPS-B2SAP_GMLBalloon_20210913_R0.ict
61,1001
Thornberry, T. D.
NOAA Chemical Sciences Laboratory
Portable Optical Particle Spectrometer (POPS)
Balloon Baseline Stratospheric Aerosol Profiles (B2SAP)
1,1
2021,09,13,2024,05,30
0
TIME_START,s,Seconds since midnight UTC on flight start day,Start time of 100 m altitude bin in UTC_seconds_since_midnight
28
1.0,1.0,1.0,1.0,1.0,1.0,1.0,1.0,1.0,1.0,1.0,1.0,1.0,1.0,1.0,1.0,1.0,1.0,1.0,1.0,1.0,1.0,1.0,1.0,1.0,1.0,1.0,1.0
99999,99999,99999,99999,99999,99999,99999,99999,99999,99999,99999,99999,99999,99999,99999,99999,99999,99999,99999,99999,99999,99999,99999,99999,99999,99999,99999,99999
TIME_STOP,s,End time of 100 m altitude bin in UTC seconds since midnight,
TIME_MID,s,Mid time of 100 m altitude in UTC seconds since midnight,
GPSAlt,m,GPS reported altitude above sea level (m),
GPS_Lon,deg,GPS reported longitude,
GPS_Lat,deg,GPS reported latitude,
iMet_Pressure,mb,Pressure reported (mB),
iMet_Temperature,degrees C,Ambient temperature (oC),
THETA,K,Potential temperature from iMet,
Aerosol_concentration,cm^-3,Aerosol concentration,
Surface_Area_Conc,um^2 cm^-3,Surface area concentration,
Volume_density,um^3 cm^-3,Volume density,
Effective_radius,um,Effective radius,
Extinction,km^-1,Extinction,
Bin01,cm^-3,particle concentration in size range [140 - 170 nm],
Bin02,cm^-3,particle concentration in size range [170 - 205 nm],
Bin03,cm^-3,particle concentration in size range [205 - 249 nm],
Bin04,cm^-3,particle concentration in size range [249 - 302 nm],
Bin05,cm^-3,particle concentration in size range [302 - 366 nm],
Bin06,cm^-3,particle concentration in size range [366 - 443 nm],
Bin07,cm^-3,particle concentration in size range [443 - 537 nm],
Bin08,cm^-3,particle concentration in size range [537 - 651 nm],
Bin09,cm^-3,particle concentration in size range [651 - 789 nm],
Bin10,cm^-3,particle concentration in size range [789 - 956 nm],
Bin11,cm^-3,particle concentration in size range [956 - 1159 nm],
Bin12,cm^-3,particle concentration in size range [1159 - 1404 nm],
Bin13,cm^-3,particle concentration in size range [1404 - 1702 nm],
Bin14,cm^-3,particle concentration in size range [1702 - 2062 nm],
Bin15,cm^-3,particle concentration in size range [2062 - 2500 nm],
0
19
PI_CONTACT_INFO: 325 Broadway R/CSL6, Boulder, CO 80305; troy.thornberry@noaa.gov; 303-497-3373 
PLATFORM: GML ECC/FPH balloon
LOCATION: Boulder, CO, USA
ASSOCIATED_DATA: N/A
INSTRUMENT_INFO: Printed Optical Particle Spectrometer counts particles from 140 - 2500 nm in diameter 
DATA_INFO: Particle concentrations reported in number per cubic centimeter, binned to 100 m altitude
UNCERTAINTY: Counting uncertainty dominated by air flow, less than 5 percent
ULOD_FLAG: -77777
ULOD_VALUE: 3000 ~3000 per cm3 (varies depending on flow rate- manufacturer quotes 1250  per cm3 at 1.667 cc/s)
LLOD_FLAG: -88888
LLOD_VALUE: 0 0 (varies depending on data field and measurement precision)
DM_CONTACT_INFO: Troy Thornberry, 325 Broadway R/CSL6, Boulder, CO 80305; troy.thornberry@noaa.gov; 303-497-3373
PROJECT_INFO: B2SAP Boulder, CO, USA
STIPULATIONS_ON_USE: Please contact the PIs for questions regarding applications and uncertainties
OTHER_COMMENTS: POPS bin Edges (nm):  140, 170, 205, 249, 302, 366, 443, 537, 651, 789, 956, 1159, 1404, 1702, 2062, 2500
Calculations assume sulfate refractive index of 1.45+0.00j and extinction wavelength = 532 nm
REVISION: R0
R0: QA/QC data
TIME_START,TIME_STOP,TIME_MID,GPSAlt,GPS_Lon,GPS_Lat,iMet_Pressure,iMet_Temperature,THETA,Aerosol_concentration,Surface_Area_Conc,Volume_density,Effective_radius,Extinction,Bin01,Bin02,Bin03,Bin04,Bin05,Bin06,Bin07,Bin08,Bin09,Bin10,Bin11,Bin12,Bin13,Bin14,Bin15
[from data line 400]
66402,66426,66414,14.5,-104.074,39.9738,140.482,-60.3081,372.903,17.3553,2.62865,172.595,0.196977,0.000621154,6.91201,4.10035,3.39743,1.84097,0.652708,0.167361,0.150625,0.100417,0,0,0,0.0167361,0,0.0167361,0
66428,66452,66440,14.4,-104.068,39.9721,142.635,-59.28,373.083,17.0333,2.42301,108.549,0.134398,0.000533547,6.18486,4.8631,3.09243,1.69585,0.698291,0.199512,0.124695,0.149634,0.024939,0,0,0,0,0,0
66461,66483,66472,14.3,-104.06,39.9705,145.125,-59.4511,370.936,18.8946,2.78239,144.947,0.156283,0.00064345,7.01743,5.36513,3.38236,1.84669,0.602605,0.311022,0.252705,0.0583166,0.0194389,0.0194389,0,0,0.0194389,0,0
66503,66511,66507,14.2,-104.051,39.9688,148.058,-58.46,370.536,17.8094,2.60857,119.142,0.13702,0.000610677,6.15143,5.20888,3.52219,1.58747,0.5953,0.347258,0.198433,0.198433,0,0,0,0,0,0,0
66514,66543,66528,14.1,-104.046,39.9678,149.65,-58.4782,369.377,18.4199,2.8575,159.803,0.167772,0.000688961,6.70469,4.9384,3.02792,2.27094,0.973261,0.144187,0.21628,0.0720934,0,0.0360467,0,0.0360467,0,0,0
66544,66574,66559,14,-104.039,39.9667,151.627,-58.3722,368.178,18.6666,2.77194,122.637,0.132727,0.000588641,6.28076,4.65566,3.68939,2.6792,0.790585,0.219607,0.219607,0.131764,0,0,0,0,0,0,0
66575,66606,66590,13.9,-104.027,39.9655,154.469,-58.1839,366.544,17.7984,2.66824,125.482,0.141084,0.000648523,6.31556,4.83604,3.1357,2.05366,0.83913,0.264988,0.154577,0.132494,0.0662471,0,0,0,0,0,0
66613,66645,66629,13.8,-104.014,39.9648,157.312,-59.7287,362.023,15.8694,2.41665,150.331,0.186619,0.000624111,7.28595,3.61802,2.27062,1.49711,0.773508,0.124759,0.0998075,0.0998075,0.0249519,0.0249519,0,0.0499037,0,0,0
66657,66685,66671,13.7,-103.997,39.9644,160.121,-58.7993,361.769,11.6159,1.88529,222.221,0.353613,0.000577331,5.78141,2.91722,1.43209,0.769086,0.424323,0.132601,0.0795606,0.0265202,0,0.0265202,0,0,0,0,0.0265202
66692,66715,66704,13.6,-103.983,39.9647,162.175,-60.012,358.409,10.6372,1.36108,58.8146,0.129635,0.00027979,4.97117,2.77958,1.65706,0.614714,0.347447,0.106907,0.0801801,0.0534534,0.0267267,0,0,0,0,0,0
66729,66761,66745,13.5,-103.965,39.9659,165.164,-58.98,358.269,9.1677,1.24343,55.2655,0.133338,0.000276318,4.38588,2.04065,1.30967,0.791895,0.274117,0.213202,0.060915,0.0913725,0,0,0,0,0,0,0
66762,66793,66778,13.4,-103.952,39.967,167.446,-57.3886,359.525,8.90486,1.20636,57.6639,0.1434,0.000325093,4.59423,2.21204,0.907502,0.623908,0.226875,0.0567189,0.113438,0.170157,0,0,0,0,0,0,0
66794,66823,66808,13.3,-103.937,39.9688,170.628,-58.44,355.855,8.4476,1.16839,49.8003,0.127869,0.000233651,3.16785,2.37589,1.78191,0.461978,0.263987,0.263987,0.131994,0,0,0,0,0,0,0,0
66831,66853,66842,13.2,-103.924,39.9703,173.547,-58.6631,353.758,8.57619,1.38141,145.106,0.315125,0.0004208,4.13604,2.43296,0.912361,0.547417,0.334532,0.0912361,0.030412,0.0608241,0,0,0,0,0,0.030412,0
66854,66878,66866,13.1,-103.914,39.9713,175.974,-59.1144,351.619,6.63987,0.851144,37.5967,0.132516,0.000191458,3.49337,1.61042,0.644167,0.445962,0.272532,0.0247756,0.0743269,0.0743269,0,0,0,0,0,0,0
66945,66969,66957,12.8,-103.877,39.973,184.462,-57.3114,349.836,10.6763,1.26793,67.5189,0.159754,0.000231236,6.36097,2.60604,0.72857,0.532416,0.252197,0.112088,0.0280219,0.0280219,0,0,0.0280219,0,0,0,0
66982,67011,66996,12.7,-103.861,39.9732,187.587,-57.5418,347.795,8.25633,0.887794,32.4226,0.109561,0.000119944,5.11106,1.60838,0.679092,0.643351,0.0714834,0.0714834,0.0714834,0,0,0,0,0,0,0,0
67012,67048,67030,12.6,-103.847,39.9738,190.228,-57.4009,346.639,5.22858,0.637854,33.1499,0.155913,0.000192311,3.43797,1.07437,0.32231,0.143249,0.143249,0,0,0.0358122,0.0716244,0,0,0,0,0,0
67054,67089,67072,12.5,-103.827,39.9748,193.689,-56.834,345.759,1.8766,0.200809,8.84487,0.132138,4.7637e-05,1.29016,0.46915,0.0390958,0,0.0390958,0,0,0.0390958,0,0,0,0,0,0,0
67090,67128,67109,12.4,-103.809,39.9757,196.641,-56.4873,344.817,1.8703,0.272449,15.9839,0.176002,0.000102711,1.15959,0.299248,0.224436,0.0748121,0,0.037406,0.037406,0,0.037406,0,0,0,0,0,0
67131,67164,67148,12.3,-103.791,39.9767,199.804,-55.516,344.791,1.48775,0.176094,6.97465,0.118823,2.99195e-05,0.721331,0.495915,0.180333,0,0,0.0901664,0,0,0,0,0,0,0,0,0
67167,67198,67182,12.2,-103.775,39.9776,202.721,-54.769,344.548,1.49661,0.23622,12.6979,0.161263,7.97804e-05,0.907037,0.0907037,0.272111,0.0453518,0.0453518,0.0907037,0,0.0453518,0,0,0,0,0,0,0
67201,67234,67218,12.1,-103.759,39.9786,205.857,-53.7062,344.706,0.901127,0.138955,6.51795,0.14072,3.45416e-05,0.394243,0.225282,0.112641,0.0563204,0,0.112641,0,0,0,0,0,0,0,0,0
67237,67259,67248,12,-103.745,39.9795,209.006,-52.8471,344.554,1.21382,0.196438,9.45042,0.144327,5.32912e-05,0.319425,0.447195,0.191655,0.12777,0.063885,0,0.063885,0,0,0,0,0,0,0,0
67271,67281,67276,11.9,-103.731,39.9805,211.997,-52.1,344.325,0.88713,0.118245,4.73873,0.120227,1.98714e-05,0.443565,0.147855,0.147855,0,0.147855,0,0,0,0,0,0,0,0,0,0
67302,67323,67312,11.8,-103.716,39.9817,215.72,-51.13,344.125,1.51161,0.234072,11.5276,0.147744,6.86781e-05,0.622427,0.44459,0.177836,0.0889181,0.0889181,0,0.0889181,0,0,0,0,0,0,0,0
67331,67348,67340,11.7,-103.704,39.9829,218.633,-50.4567,343.846,1.90793,0.260824,10.7229,0.123335,4.59335e-05,1.17411,0.146764,0,0.293528,0.293528,0,0,0,0,0,0,0,0,0,0
67356,67376,67366,11.6,-103.689,39.9846,221.904,-49.662,343.606,1.76667,0.205723,8.28997,0.120891,3.75032e-05,1.14833,0.353333,0.0883333,0,0.0883333,0.0883333,0,0,0,0,0,0,0,0,0
67390,67414,67402,11.5,-103.672,39.9864,225.845,-49.2975,342.445,2.42513,0.608504,60.823,0.299865,0.000403438,1.43303,0.440933,0.220466,0.110233,0,0,0,0.110233,0,0.110233,0,0,0,0,0
67454,67458,67456,11.4,-103.651,39.9878,230.805,-48.44,341.634,1.522,0.308475,18.4967,0.179886,0.000133717,0.869714,0,0.217428,0.217428,0,0,0.217428,0,0,0,0,0,0,0,0
67466,67496,67481,11.3,-103.642,39.9883,232.805,-48.0683,341.346,1.30242,0.136941,5.25748,0.115177,2.2547e-05,0.940634,0.217069,0.0723565,0,0,0.0723565,0,0,0,0,0,0,0,0,0
67517,67517,67517,11.2,-103.623,39.9894,236.62,-47.46,340.683,1.67601,0.152262,4.55119,0.0896718,8.98488e-06,1.25701,0,0.419002,0,0,0,0,0,0,0,0,0,0,0,0
67537,67563,67550,11.1,-103.612,39.9902,239.707,-47.0117,340.102,2.67961,0.267074,10.351,0.116271,4.90316e-05,1.95539,0.506953,0.144844,0,0,0,0.0724219,0,0,0,0,0,0,0,0
67582,67614,67598,11,-103.592,39.9913,244.412,-46.0122,339.718,1.53533,0.17769,8.72305,0.147274,5.25804e-05,1.10352,0.287874,0.047979,0.047979,0,0,0,0.047979,0,0,0,0,0,0,0
67615,67647,67631,10.9,-103.575,39.9924,247.817,-45.4,339.284,1.4462,0.173577,6.6276,0.114548,2.5317e-05,1.01234,0,0.14462,0.14462,0.14462,0,0,0,0,0,0,0,0,0,0
67654,67672,67663,10.8,-103.565,39.9932,250.46,-44.6867,339.315,1.97178,0.192605,6.07649,0.0946466,1.39201e-05,1.26757,0.281683,0.281683,0.140841,0,0,0,0,0,0,0,0,0,0,0
67714,67728,67721,10.7,-103.542,39.9948,256.33,-43.3967,338.984,1.14563,0.118374,3.70429,0.0938793,7.7727e-06,0.429613,0.429613,0.286409,0,0,0,0,0,0,0,0,0,0,0,0
67732,67732,67732,10.6,-103.539,39.9949,257.43,-43.54,338.36,3.40461,0.393313,14.6599,0.111819,5.62792e-05,1.70231,1.27673,0,0,0.425577,0,0,0,0,0,0,0,0,0,0
67770,67791,67780,10.5,-103.519,39.9964,262.587,-42.3925,338.12,1.70228,0.182877,7.21137,0.118299,3.23343e-05,1.27671,0.212785,0.106393,0,0,0.106393,0,0,0,0,0,0,0,0,0
67802,67829,67816,10.4,-103.504,39.9978,266.813,-41.23,338.281,1.39967,0.170069,7.47698,0.131894,3.8991e-05,0.979768,0.279934,0,0,0,0.139967,0,0,0,0,0,0,0,0,0
67836,67857,67846,10.3,-103.491,39.9988,270.097,-40.4433,338.248,2.2319,0.465293,37.0466,0.23886,0.000275368,1.53443,0.139494,0.278987,0,0,0.139494,0,0,0.139494,0,0,0,0,0,0
67866,67898,67882,10.2,-103.478,39.9996,275.53,-39.3038,337.974,2.21036,0.207251,6.69138,0.0968589,1.89849e-05,1.63375,0.352376,0.0640684,0.0640684,0.0961027,0,0,0,0,0,0,0,0,0,0
67909,67930,67920,10.1,-103.465,40.0003,279.846,-38.5495,337.557,3.16058,0.366187,14.7796,0.121083,6.76777e-05,2.02505,0.529918,0.227108,0.208182,0.0757026,0.0378513,0.056777,0,0,0,0,0,0,0,0
67931,67937,67934,10,-103.46,40.0007,281.704,-37.9129,337.835,4.27839,0.639656,65.1923,0.305753,0.000177932,3.03053,0.772487,0.237688,0.178266,0,0,0,0,0,0,0.0594221,0,0,0,0
68009,68015,68012,9.8,-103.431,40.003,292.056,-35.664,337.575,5.03635,0.530222,20.0243,0.113298,8.2276e-05,3.46765,0.990758,0.247689,0.0825632,0,0.247689,0,0,0,0,0,0,0,0,0
68684,68708,68696,7.9,-103.204,40.0462,381.676,-20.8626,332.209,1.83412,0.416078,43.3066,0.312248,0.000181277,0.957817,0.387203,0.183412,0.0815164,0.0815164,0.0203791,0.0611373,0,0.0407582,0,0,0,0.0203791,0,0
68709,68753,68731,7.8,-103.192,40.0485,386.059,-20.0739,332.165,1.61824,0.348633,31.9356,0.274807,0.000161223,0.94605,0.199168,0.149376,0.12448,0.0871362,0.012448,0.012448,0.0497921,0.012448,0.012448,0,0.012448,0,0,0
68758,68798,68778,7.7,-103.178,40.0514,391.199,-19.3786,331.824,1.8184,0.467752,94.4527,0.605787,0.000233827,1.08838,0.358371,0.185822,0.039819,0.0796379,0,0.013273,0.013273,0.013273,0.013273,0,0,0,0,0.013273
68800,68839,68820,7.6,-103.164,40.0542,396.521,-18.4208,331.783,1.81719,0.408487,65.1617,0.478559,0.000189316,1.09948,0.351222,0.137435,0.0916232,0.0763527,0,0.0305411,0,0,0.0152705,0,0,0,0.0152705,0
68843,68883,68863,7.5,-103.152,40.0566,401.577,-17.5896,331.665,1.68234,0.278271,20.8651,0.224944,0.000122478,0.999408,0.333136,0.133254,0.083284,0.0666272,0.0166568,0,0.0166568,0,0.0333136,0,0,0,0,0
68883,68918,68900,7.4,-103.138,40.0588,407.495,-16.5793,331.59,1.90618,0.453732,47.1316,0.311626,0.00023676,1.17094,0.285927,0.095309,0.12254,0.0408467,0.0544623,0.0544623,0.0136156,0.0136156,0.0408467,0,0,0.0136156,0,0
68923,68954,68938,7.3,-103.127,40.0604,412.957,-15.7185,331.442,2.11286,0.333807,18.5301,0.166534,0.000121371,1.23726,0.418765,0.0571043,0.133243,0.114209,0.0571043,0.0190348,0.0761391,0,0,0,0,0,0,0
68955,68989,68972,7.2,-103.115,40.0619,418.71,-15.1567,330.854,2.14059,0.359653,28.8539,0.240681,0.000134845,1.32378,0.408402,0.126745,0.0985797,0.0563313,0.0422485,0.0422485,0,0.0281656,0,0.0140828,0,0,0,0
68991,69013,69002,7.1,-103.106,40.0627,423.206,-14.2945,330.941,2.35522,0.358422,19.6242,0.164255,0.000122388,1.39429,0.395676,0.150734,0.150734,0.11305,0.0753669,0.0188417,0.0376835,0.0188417,0,0,0,0,0,0
69037,69049,69043,7,-103.093,40.0634,430,-13.5922,330.336,2.00101,0.226536,8.49002,0.112433,3.20881e-05,1.29232,0.291814,0.125063,0.166751,0.0833754,0.0416877,0,0,0,0,0,0,0,0,0
69053,69080,69066,6.9,-103.085,40.0639,434.506,-13.0814,330.004,1.65829,0.192086,7.82444,0.122202,3.56027e-05,1.17685,0.213973,0.0534932,0.106986,0,0.106986,0,0,0,0,0,0,0,0,0
69087,69117,69102,6.8,-103.077,40.0648,441.061,-12.3471,329.526,1.98851,0.222364,9.34258,0.126045,4.57054e-05,1.34777,0.397703,0.0662838,0.0662838,0.0441892,0.0441892,0,0.0220946,0,0,0,0,0,0,0
69118,69148,69133,6.7,-103.069,40.0658,446.81,-11.6816,329.145,2.03902,0.273801,12.3032,0.134804,6.34752e-05,1.05872,0.450938,0.215666,0.137242,0.09803,0.039212,0.019606,0.019606,0,0,0,0,0,0,0
69149,69176,69162,6.6,-103.061,40.067,452.694,-11.4471,328.206,2.37474,0.343365,30.0485,0.262535,8.65997e-05,1.58316,0.439767,0.175907,0.0879535,0.0219884,0.0219884,0.0219884,0,0,0,0,0.0219884,0,0,0
69180,69204,69192,6.5,-103.054,40.0678,458.666,-11.2353,327.246,2.99089,0.443363,25.7428,0.174188,0.000145266,1.59514,0.708951,0.221547,0.221547,0.110774,0.0443095,0.0443095,0.0221547,0,0.0221547,0,0,0,0,0
69208,69227,69218,6.4,-103.048,40.0681,463.687,-11.075,326.431,2.79643,0.288117,9.73487,0.101364,2.89811e-05,1.80215,0.435001,0.310715,0.124286,0.124286,0,0,0,0,0,0,0,0,0,0
69230,69248,69239,6.3,-103.041,40.068,469.649,-10.672,325.744,9.60496,1.23173,51.9252,0.126469,0.000243969,4.65356,2.49431,1.15408,0.670113,0.297828,0.186143,0.111686,0.0372285,0,0,0,0,0,0,0
69255,69281,69268,6.2,-103.034,40.0673,476.897,-11.1083,323.78,34.1861,4.85492,232.767,0.143834,0.00121755,17.1243,7.24971,4.06234,2.31241,1.81243,0.937462,0.49998,0.124995,0,0.0624975,0,0,0,0,0
69311,69311,69311,6.1,-103.025,40.0662,486.3,-9.89,323.472,48.9957,6.09407,240.545,0.118416,0.000986868,23.7555,12.6201,6.31005,2.59826,1.8559,1.8559,0,0,0,0,0,0,0,0,0
69312,69312,69312,6,-103.019,40.0657,486.52,-9.66,323.713,116.078,15.0496,605.955,0.120791,0.00257089,54.5157,27.4433,15.2051,8.15882,8.15882,1.85428,0.741711,0,0,0,0,0,0,0,0
69338,69367,69352,5.9,-103.014,40.0652,497.622,-9.036,322.4,144.884,19.0737,895.534,0.140854,0.00369655,66.5222,39.5878,19.8309,8.73151,6.06766,2.29387,1.33192,0.369979,0,0,0,0.147992,0,0,0
69368,69397,69382,5.8,-103.011,40.0647,502.401,-8.56444,322.095,150.402,20.9134,1321.26,0.189534,0.00484668,70.2605,40.2257,20.0922,9.13656,5.82921,2.68722,1.52965,0.310064,0.144697,0.0413419,0.0206709,0,0.0206709,0.0620128,0.0413419
69399,69424,69412,5.7,-103.006,40.0642,508.795,-7.77632,321.891,154.642,21.9264,1374.52,0.188064,0.00503716,71.2218,41.7003,20.3825,9.85998,6.39145,2.86446,1.57838,0.175375,0.116917,0.0584584,0.0779445,0.116917,0.0389723,0.0194861,0.0389723
69426,69449,69438,5.6,-103.002,40.064,515.434,-6.98867,321.644,168.051,23.4697,1334.08,0.170528,0.0053592,76.5501,44.7054,23.1888,11.0165,7.00828,3.07381,1.72133,0.319676,0.172133,0.122952,0.0245904,0.0245904,0.0737713,0.0245904,0.0245904
69452,69475,69464,5.5,-102.998,40.0637,522.074,-6.21529,321.403,166.884,23.8017,1460.39,0.18407,0.00552542,77.3875,44.9751,20.7145,11.2438,7.17872,3.00555,1.40547,0.367585,0.172981,0.0648679,0.108113,0.108113,0.108113,0.0216226,0.0216226
69478,69505,69492,5.4,-102.994,40.0634,529.085,-5.29056,321.292,166.004,22.3303,1136.37,0.152667,0.00465209,78.0411,43.6948,21.8474,10.7191,6.15737,3.33439,1.53423,0.429584,0.0204564,0.0409128,0.0409128,0.0409128,0.0818255,0.0204564,0
69506,69531,69518,5.3,-102.989,40.0629,535.874,-4.40933,321.179,170.539,24.9365,1692.69,0.20364,0.00596535,78.1475,45.2536,21.3419,11.9681,7.36687,3.98937,1.7377,0.342645,0.0734239,0.0244746,0.0244746,0.0489493,0.122373,0.0244746,0.0734239
69532,69556,69544,5.2,-102.986,40.0624,542.997,-3.56529,320.977,177.538,24.9128,1526.47,0.183817,0.00567766,82.0018,47.6709,22.801,11.4867,7.62907,3.25421,2.00425,0.323266,0.0862042,0.0646532,0.0215511,0.0862042,0.0431021,0,0.0646532
69557,69582,69570,5.1,-102.983,40.0621,549.099,-2.7375,320.933,174.735,25.1368,1423.35,0.169872,0.00602278,80.9421,44.6147,21.9554,11.6702,8.40073,4.13225,2.24776,0.34057,0.158933,0.0454093,0.0454093,0.113523,0,0.068114,0
69583,69602,69592,5,-102.98,40.0617,555.792,-1.92333,320.783,167.591,25.264,1790.41,0.212604,0.00675942,77.3095,43.3078,22.4798,9.99101,7.17097,3.94806,2.37689,0.402863,0.282004,0.0805727,0,0.0402863,0.0805727,0.0402863,0.0805727
69606,69631,69618,4.9,-102.976,40.0611,563.705,-0.899,320.7,169.272,23.8217,1283.85,0.161682,0.00580108,80.8791,42.5888,21.2764,10.6924,6.86334,3.97351,2.059,0.433474,0.144491,0.216737,0.0361228,0.0361228,0.0361228,0.0361228,0
69632,69652,69642,4.8,-102.973,40.0605,569.795,-0.23,320.506,176.685,26.7797,1985.34,0.222408,0.00706635,81.0766,47.5318,21.4347,11.9284,7.38711,4.29906,2.11925,0.30275,0.18165,0.0605501,0.1211,0,0.0605501,0.1211,0.0605501
69653,69653,69653,4.7,-102.971,40.0602,573.36,0.3,320.558,178.789,33.0078,4419.84,0.401709,0.0113378,84.2013,44.8826,25.5942,11.8698,4.45117,4.45117,1.85465,0.741862,0,0,0,0,0,0.370931,0.370931
69676,69676,69676,4.6,-102.968,40.0601,581.29,0.66,319.715,199.101,26.0871,1104.3,0.126994,0.00508566,87.3752,57.6533,25.0667,14.6819,7.87809,3.93905,2.14857,0,0.358095,0,0,0,0,0,0
69735,69735,69735,4.4,-102.959,40.06,600.82,2.31,318.616,225.672,43.9979,5615.77,0.382912,0.0158961,106.073,61.2234,28.1201,11.3904,9.61065,2.49165,3.5595,1.06785,0.35595,0,0.7119,0.35595,0,0.35595,0.35595
