data/B2SAP/Locations/Boulder/NOAA-POPS-B2SAP_GMLBalloon_20191108_R0.ict
61,1001
Thornberry, T. D.
NOAA Chemical Sciences Laboratory
Portable Optical Particle Spectrometer (POPS)
Balloon Baseline Stratospheric Aerosol Profiles (B2SAP)
1,1
2019,11,08,2024,05,30
0
TIME_START,s,Seconds since midnight UTC on flight start day,Start time of 100 m altitude bin in UTC_seconds_since_midnight
28
1.0,1.0,1.0,1.0,1.0,1.0,1.0,1.0,1.0,1.0,1.0,1.0,1.0,1.0,1.0,1.0,1.0,1.0,1.0,1.0,1.0,1.0,1.0,1.0,1.0,1.0,1.0,1.0
99999,99999,99999,99999,99999,99999,99999,99999,99999,99999,99999,99999,99999,99999,99999,99999,99999,99999,99999,99999,99999,99999,99999,99999,99999,99999,99999,99999
TIME_STOP,s,End time of 100 m altitude bin in UTC seconds since midnight,
TIME_MID,s,Mid time of 100 m altitude in UTC seconds since midnight,
GPSAlt,m,GPS reported altitude above sea level (m),
GPS_Lon,deg,GPS reported longitude,
GPS_Lat,deg,GPS reported latitude,
iMet_Pressure,mb,Pressure reported (mB),
iMet_Temperature,degrees C,Ambient temperature (oC),
THETA,K,Potential temperature from iMet,
Aerosol_concentration,cm^-3,Aerosol concentration,
Surface_Area_Conc,um^2 cm^-3,Surface area concentration,
Volume_density,um^3 cm^-3,Volume density,
Effective_radius,um,Effective radius,
Extinction,km^-1,Extinction,
Bin01,cm^-3,particle concentration in size range [140 - 170 nm],
Bin02,cm^-3,particle concentration in size range [170 - 205 nm],
Bin03,cm^-3,particle concentration in size range [205 - 249 nm],
Bin04,cm^-3,particle concentration in size range [249 - 302 nm],
Bin05,cm^-3,particle concentration in size range [302 - 366 nm],
Bin06,cm^-3,particle concentration in size range [366 - 443 nm],
Bin07,cm^-3,particle concentration in size range [443 - 537 nm],
Bin08,cm^-3,particle concentration in size range [537 - 651 nm],
Bin09,cm^-3,particle concentration in size range [651 - 789 nm],
Bin10,cm^-3,particle concentration in size range [789 - 956 nm],
Bin11,cm^-3,particle concentration in size range [956 - 1159 nm],
Bin12,cm^-3,particle concentration in size range [1159 - 1404 nm],
Bin13,cm^-3,particle concentration in size range [1404 - 1702 nm],
Bin14,cm^-3,particle concentration in size range [1702 - 2062 nm],
Bin15,cm^-3,particle concentration in size range [2062 - 2500 nm],
0
19
PI_CONTACT_INFO: 325 Broadway R/CSL6, Boulder, CO 80305; troy.thornberry@noaa.gov; 303-497-3373 
PLATFORM: GML ECC/FPH balloon
LOCATION: Boulder, CO, USA
ASSOCIATED_DATA: N/A
INSTRUMENT_INFO: Printed Optical Particle Spectrometer counts particles from 140 - 2500 nm in diameter 
DATA_INFO: Particle concentrations reported in number per cubic centimeter, binned to 100 m altitude
UNCERTAINTY: Counting uncertainty dominated by air flow, less than 5 percent
ULOD_FLAG: -77777
ULOD_VALUE: 3000 ~3000 per cm3 (varies depending on flow rate- manufacturer quotes 1250  per cm3 at 1.667 cc/s)
LLOD_FLAG: -88888
LLOD_VALUE: 0 0 (varies depending on data field and measurement precision)
DM_CONTACT_INFO: Troy Thornberry, 325 Broadway R/CSL6, Boulder, CO 80305; troy.thornberry@noaa.gov; 303-497-3373
PROJECT_INFO: B2SAP Boulder, CO, USA
STIPULATIONS_ON_USE: Please contact the PIs for questions regarding applications and uncertainties
OTHER_COMMENTS: POPS bin Edges (nm):  140, 170, 205, 249, 302, 366, 443, 537, 651, 789, 956, 1159, 1404, 1702, 2062, 2500
Calculations assume sulfate refractive index of 1.45+0.00j and extinction wavelength = 532 nm
REVISION: R0
R0: QA/QC data
TIME_START,TIME_STOP,TIME_MID,GPSAlt,GPS_Lon,GPS_Lat,iMet_Pressure,iMet_Temperature,THETA,Aerosol_concentration,Surface_Area_Conc,Volume_density,Effective_radius,Extinction,Bin01,Bin02,Bin03,Bin04,Bin05,Bin06,Bin07,Bin08,Bin09,Bin10,Bin11,Bin12,Bin13,Bin14,Bin15
61092,61877,61484,1.7,-105.197,39.9491,828.488,14.0655,303.078,131.96,44.4343,3650.23,0.246447,0.0240818,29.8398,23.4744,18.2936,14.9337,12.2779,10.762,12.7401,7.26045,1.25552,0.392831,0.20951,0.520694,0,0,0
61412,61929,61670,1.8,-105.197,39.9491,828.355,13.553,302.55,150.879,52.7435,4351.04,0.247483,0.0292028,32.4543,25.9669,20.6453,17.3597,13.9484,12.6889,15.8685,9.24061,1.44685,0.431343,0.253876,0.574303,0,0,0
61930,61949,61940,1.9,-105.196,39.9487,816.201,12.338,302.544,84.6272,26.1621,1996.38,0.228924,0.0139386,20.1844,15.5577,12.9402,9.45627,7.44704,5.71431,7.53921,4.47929,0.921664,0.165899,0.0368665,0.184333,0,0,0
61950,61971,61960,2,-105.193,39.9482,806.329,12.3195,303.581,47.3562,12.9601,890.101,0.20604,0.00637989,11.5392,9.8159,7.12962,5.64288,3.6155,3.66618,3.71686,1.75706,0.337897,0.118264,0,0.0168948,0,0,0
61972,61991,61982,2.1,-105.191,39.9478,796.637,11.4965,303.751,45.8575,12.949,949.165,0.2199,0.00649157,12.1239,9.18647,6.26775,5.40711,3.70452,2.97484,3.68581,2.00194,0.336775,0.0561291,0.0561291,0.0561291,0,0,0
61992,62012,62002,2.2,-105.188,39.9471,786.768,10.6855,303.963,39.1882,10.4237,747.523,0.215141,0.00496312,10.469,8.13837,6.16486,4.32292,2.8193,2.74411,2.83809,1.25929,0.28193,0.0563859,0.0375906,0.0563859,0,0,0
62013,62033,62023,2.3,-105.186,39.9464,777.513,9.86619,304.117,34.6623,9.4196,698.034,0.222313,0.00434847,8.96993,7.14372,5.19218,3.79566,3.11531,2.47076,2.68561,1.00263,0.0895203,0.0537122,0.0537122,0.0895203,0,0,0
62034,62054,62044,2.4,-105.184,39.9457,768.25,8.98429,304.21,34.9684,9.34949,693.313,0.222466,0.00431365,9.10579,6.66321,5.96276,4.09491,3.16098,2.37074,2.33482,0.844126,0.161641,0.143681,0.0718405,0.0538804,0,0,0
62055,62073,62064,2.5,-105.182,39.9454,759.116,8.06211,304.251,31.8477,8.13527,556.005,0.205035,0.0036301,8.25315,6.73283,4.56095,3.71194,3.11961,2.38907,2.15214,0.63182,0.157955,0.0789775,0.0592331,0,0,0,0
62074,62094,62084,2.6,-105.181,39.9449,749.776,7.2819,304.478,32.3853,8.91226,714.223,0.240418,0.00411913,8.82743,6.58898,5.3795,3.10494,2.88832,2.00377,2.40092,0.72208,0.198572,0.054156,0.072208,0.144416,0,0,0
62095,62115,62105,2.7,-105.18,39.9444,740.949,6.55095,304.721,30.5802,7.80973,548.896,0.210851,0.00352822,8.28174,6.4495,4.52564,3.5912,2.54682,2.10708,2.08876,0.67793,0.164902,0.0732898,0.0366449,0.0366449,0,0,0
62116,62135,62126,2.8,-105.178,39.9436,732.231,6.152,305.316,30.051,7.77108,548.313,0.211674,0.00356493,8.37392,6.3756,4.35825,3.17828,2.16961,2.43605,2.13154,0.742234,0.171285,0.0380633,0.0380633,0.0380633,0,0,0
62136,62153,62144,2.9,-105.177,39.9425,723.461,6.47611,306.721,29.2058,8.09495,574.146,0.212779,0.00392604,7.29079,5.35084,4.54076,3.6454,2.7074,2.19576,2.15313,1.00195,0.170545,0.106591,0.0213181,0.0213181,0,0,0
62154,62172,62163,3,-105.175,39.941,714.952,6.63,307.929,27.4743,7.78733,553.992,0.21342,0.00374949,6.79775,4.83531,4.36998,2.8324,2.91332,2.16476,2.46823,0.890182,0.0809256,0.0606942,0.0404628,0.0202314,0,0,0
62173,62190,62182,3.1,-105.173,39.9392,706.108,5.95,308.279,26.6529,7.06263,480.308,0.204021,0.00328307,6.9871,5.58543,3.58912,2.67591,2.69715,1.97508,2.16621,0.849495,0.0637121,0.0212374,0.0424748,0,0,0,0
62191,62207,62199,3.2,-105.171,39.9372,697.659,5.26824,308.583,26.5301,7.44887,542.576,0.21852,0.00359414,6.82592,5.27871,3.77701,2.70761,2.29806,2.52559,1.97952,0.932875,0.0227531,0.113765,0.0455061,0.0227531,0,0,0
62208,62222,62215,3.3,-105.169,39.9352,689.409,4.40071,308.665,26.7532,7.61347,566.811,0.223345,0.0035904,6.54335,5.1629,3.6444,3.50635,2.48482,2.01546,2.4296,0.745445,0.0552182,0.0552182,0.0552182,0.0552182,0,0,0
62223,62239,62231,3.4,-105.167,39.9335,680.785,3.64,308.934,26.171,7.86712,627.016,0.239102,0.0038574,6.9971,4.54357,3.5667,2.9306,2.49897,1.99917,2.56712,0.74969,0.0908715,0.0681536,0.0681536,0.0908715,0,0,0
62240,62257,62248,3.5,-105.165,39.9317,672.283,3.15944,309.506,26.1648,7.15631,501.253,0.210131,0.00343041,6.85625,5.12617,3.60968,2.79803,2.56308,2.09319,2.07183,0.811643,0.128154,0.0640771,0.0427181,0,0,0,0
62258,62274,62266,3.6,-105.163,39.9301,664.138,2.59,309.942,26.3349,7.75063,555.437,0.21499,0.00377471,6.61807,4.37388,3.64109,2.86249,2.51899,2.74799,2.54189,0.893097,0.0228999,0.0457998,0.0686997,0,0,0,0
62275,62291,62283,3.7,-105.162,39.9286,656.144,2.02176,310.377,28.2111,7.9287,580.964,0.219821,0.00384052,7.5594,4.78155,4.46278,3.00554,2.68677,2.368,2.23139,0.819694,0.0683078,0.159385,0.0455386,0.0227693,0,0,0
62292,62308,62300,3.8,-105.161,39.9271,647.75,1.23353,310.632,29.3197,7.78659,514.158,0.198094,0.00358582,7.71811,5.57165,3.88189,3.63071,2.26063,2.99134,2.3063,0.822047,0.0913386,0.0228347,0.0228347,0,0,0,0
62309,62326,62318,3.9,-105.16,39.9258,639.806,0.577222,310.98,29.6058,8.24947,604.467,0.21982,0.00386676,7.83427,5.19399,4.19848,3.61415,2.8567,2.31566,2.89998,0.281341,0.238058,0.0649249,0.108208,0,0,0,0
62327,62343,62335,4,-105.159,39.9246,632.161,-0.227647,311.129,29.6404,8.00833,553.714,0.207427,0.00387173,8.13612,5.3242,4.40226,3.29594,2.58143,2.53533,2.14351,0.875843,0.230485,0.092194,0.0230485,0,0,0,0
62344,62361,62352,4.1,-105.159,39.9234,624.069,-1.07111,311.319,28.8593,7.92027,550.865,0.208654,0.00385892,7.83106,5.03893,3.94825,3.64286,2.68307,2.29042,2.20317,0.894355,0.196322,0.109068,0.0218135,0,0,0,0
62362,62378,62370,4.2,-105.158,39.9223,616.418,-1.89235,311.472,27.8973,8.11652,569.474,0.210487,0.00404771,6.81935,5.23505,3.58188,3.05378,2.59457,2.96194,2.54864,0.780666,0.206647,0.0918431,0.0229608,0,0,0,0
62379,62396,62388,4.3,-105.157,39.921,608.796,-2.43833,311.948,25.9047,7.30415,516.947,0.212323,0.00363206,6.57615,5.10985,3.51024,2.75487,2.42162,2.35497,2.13281,0.666502,0.244384,0.111084,0.0222167,0,0,0,0
62397,62413,62405,4.4,-105.156,39.9196,600.884,-3.445,311.959,26.1916,7.50188,506.728,0.20264,0.00356284,6.24153,4.64552,3.22052,3.16352,2.79301,2.76451,2.36551,0.912005,0.0570003,0,0,0.0285001,0,0,0
62414,62432,62423,4.5,-105.154,39.918,593.149,-4.32412,312.092,25.7027,7.26181,521.248,0.215338,0.00348703,6.02444,5.41967,3.4658,3.16341,2.18648,2.233,2.04692,0.976937,0.0930416,0.0232604,0.0465208,0.0232604,0,0,0
62433,62450,62442,4.6,-105.153,39.9161,585.958,-4.48556,312.99,22.3497,6.0692,424.975,0.210065,0.0028598,5.53188,4.57657,3.28802,2.42159,2.17721,1.71066,1.88839,0.533193,0.133298,0.0444328,0.0444328,0,0,0,0
62451,62469,62460,4.7,-105.151,39.9141,578.673,-4.62842,313.949,14.0862,3.92076,271.596,0.207814,0.00190382,3.52154,2.70404,2.05423,1.65596,1.13192,1.15288,1.29962,0.440192,0.104808,0,0.0209615,0,0,0,0
62470,62487,62478,4.8,-105.149,39.9121,571.315,-5.40667,314.185,11.0154,3.0006,214.761,0.214718,0.0015131,2.90932,2.26527,1.75447,1.13264,0.799508,0.821716,0.888342,0.288711,0.0444171,0.111043,0,0,0,0,0
62488,62506,62497,4.9,-105.146,39.91,563.871,-6.29053,314.319,11.0251,3.47234,293.447,0.25353,0.00174799,2.79869,1.9082,1.65377,1.25093,1.01771,0.869291,1.01771,0.275629,0.106011,0.0424044,0.0212022,0.0636066,0,0,0
62507,62527,62517,5,-105.144,39.9081,556.704,-7.19947,314.401,10.3899,2.96553,224.869,0.227483,0.00144475,3.19525,1.41776,1.37544,1.46008,0.825264,0.782943,0.888746,0.317409,0.0634819,0.0211606,0.0211606,0.0211606,0,0,0
62528,62545,62536,5.1,-105.142,39.9063,549.347,-8.10778,314.52,8.45597,2.06879,145.456,0.210929,0.000918555,3.01356,1.41683,1.01202,0.94455,0.6297,0.697168,0.517254,0.134936,0.0449786,0.0224893,0.0224893,0,0,0,0
62546,62562,62554,5.2,-105.141,39.9048,542.841,-8.94706,314.591,7.5979,1.75368,105.668,0.180765,0.000724749,2.35797,1.54816,0.881261,0.857443,0.690718,0.643082,0.452539,0.142907,0.0238179,0,0,0,0,0,0
62563,62582,62572,5.3,-105.139,39.9032,535.732,-9.9075,314.628,6.68129,1.81635,123.585,0.204121,0.000917061,2.06513,1.19453,0.789607,0.708622,0.485912,0.566898,0.546651,0.242956,0.0809854,0,0,0,0,0,0
62583,62600,62592,5.4,-105.137,39.9016,528.795,-10.8867,314.625,7.1468,1.68616,107.985,0.192127,0.000742269,2.08071,1.49269,1.17606,0.678494,0.610644,0.452329,0.474946,0.113082,0.0452329,0.0226165,0,0,0,0,0
62601,62620,62610,5.5,-105.135,39.9001,521.947,-11.5655,314.989,5.32188,1.2457,89.6742,0.215962,0.000550299,1.91095,1.02739,0.84246,0.431504,0.349313,0.267122,0.287669,0.164382,0.0205478,0,0.0205478,0,0,0,0
62621,62638,62630,5.6,-105.133,39.8985,514.869,-12.0539,315.629,6.63578,1.77282,133.54,0.225979,0.000856576,2.0295,1.3682,0.912135,0.478871,0.638495,0.524478,0.456068,0.0912135,0.0912135,0.0228034,0.0228034,0,0,0,0
62639,62657,62648,5.7,-105.131,39.8969,508.337,-12.7922,315.885,7.36348,1.90672,138.908,0.218555,0.000886802,2.33253,1.12053,1.12053,0.983322,0.66317,0.343019,0.525963,0.182944,0.0457359,0.0228679,0.0228679,0,0,0,0
62658,62677,62668,5.8,-105.128,39.895,501.881,-13.671,315.968,5.7812,1.20181,68.9567,0.172132,0.000460539,1.98923,1.28471,0.745961,0.435144,0.559471,0.35226,0.310817,0.103606,0,0,0,0,0,0,0
62678,62698,62688,5.9,-105.125,39.893,495.017,-14.391,316.331,4.39453,1.00978,64.0973,0.19043,0.000458157,1.43857,0.965615,0.670018,0.315303,0.354716,0.216771,0.236477,0.177358,0.0197064,0,0,0,0,0,0
62699,62721,62710,6,-105.122,39.8906,488.359,-14.7204,317.158,1.16164,0.26943,22.844,0.25436,0.000145915,0.562669,0.217807,0.127054,0.0726025,0.0544519,0.0363012,0.0544519,0,0,0.0363012,0,0,0,0,0
62722,62742,62732,6.1,-105.119,39.8885,482.174,-15.4135,317.464,0.539639,0.126156,7.17384,0.170595,4.71552e-05,0.186798,0.0415107,0.062266,0.0830214,0.0830214,0.0415107,0.0415107,0,0,0,0,0,0,0,0
62743,62759,62751,6.2,-105.116,39.8866,476.528,-15.8658,317.974,0.279273,0.0343276,1.24147,0.108496,3.71286e-06,0.139636,0.0349091,0.0349091,0.0698182,0,0,0,0,0,0,0,0,0,0,0
62784,62804,62794,6.4,-105.109,39.8815,463.32,-16.5575,319.671,0.208832,0.0392466,1.62093,0.123903,5.66e-06,0,0,0.104416,0.104416,0,0,0,0,0,0,0,0,0,0,0
62805,62816,62810,6.5,-105.107,39.8796,458.309,-17.002,320.11,0.209906,0.0306262,1.27205,0.124604,5.56039e-06,0.0839626,0.0419813,0.0419813,0,0.0419813,0,0,0,0,0,0,0,0,0,0
62823,62826,62824,6.6,-105.104,39.878,452.827,-17.6625,320.391,0.209736,0.0147267,0.366941,0.07475,4.08784e-07,0.209736,0,0,0,0,0,0,0,0,0,0,0,0,0,0
62841,62854,62848,6.7,-105.1,39.875,444.792,-18.7917,320.608,0.211865,0.0207045,0.643535,0.0932456,1.37673e-06,0.141243,0,0.0706215,0,0,0,0,0,0,0,0,0,0,0,0
62857,62864,62860,6.8,-105.098,39.8739,441.117,-19.1733,320.885,0.28131,0.0302368,0.958152,0.0950647,2.04209e-06,0.0703276,0.140655,0.0703276,0,0,0,0,0,0,0,0,0,0,0,0
62875,62892,62884,6.9,-105.094,39.8711,433.652,-20.2413,321.095,0.267105,0.0375186,1.38987,0.111134,4.13999e-06,0.053421,0.053421,0.106842,0.053421,0,0,0,0,0,0,0,0,0,0,0
62899,62915,62907,7,-105.091,39.8686,427.76,-21.1417,321.207,0.285119,0.0415454,1.55283,0.11213,4.68291e-06,0,0.14256,0.0712798,0.0712798,0,0,0,0,0,0,0,0,0,0,0
62918,62931,62924,7.1,-105.088,39.8663,421.943,-22.04,321.322,0.353658,0.0597912,2.51417,0.126148,1.06022e-05,0,0.141463,0.141463,0,0.0707316,0,0,0,0,0,0,0,0,0,0
62935,62953,62944,7.2,-105.085,39.8643,416.463,-22.8633,321.464,0.285458,0.18668,33.3718,0.536292,9.56547e-05,0.107047,0.107047,0.0356822,0,0,0,0,0,0,0,0.0356822,0,0,0,0
62956,62971,62964,7.3,-105.081,39.8616,409.988,-23.8,321.695,0.26553,0.0314069,1.08359,0.103505,2.89232e-06,0.0995737,0.0663825,0.0663825,0.0331912,0,0,0,0,0,0,0,0,0,0,0
62973,62988,62980,7.4,-105.078,39.8598,405.081,-24.5743,321.799,0.368649,0.0462974,1.7275,0.111939,6.08086e-06,0.122883,0.153604,0.0307208,0.0307208,0.0307208,0,0,0,0,0,0,0,0,0,0
62991,63005,62998,7.5,-105.075,39.8576,399.767,-25.4767,321.848,0.400043,0.100066,8.63708,0.25894,6.57607e-05,0.218205,0.072735,0.0363675,0,0.0363675,0,0,0,0.0363675,0,0,0,0,0,0
63011,63026,63018,7.6,-105.072,39.8553,394.016,-26.353,322.042,0.434242,0.043604,1.40183,0.096447,3.36068e-06,0.260545,0.0868483,0.0434242,0.0434242,0,0,0,0,0,0,0,0,0,0,0
63027,63046,63036,7.7,-105.069,39.8527,388.69,-27.2427,322.128,0.667493,0.13969,9.59121,0.205982,6.50551e-05,0.261193,0.116086,0.116086,0.0870643,0.0290214,0.0290214,0,0,0.0290214,0,0,0,0,0,0
63047,63064,63056,7.8,-105.066,39.8503,383.33,-28.1518,322.21,0.358447,0.0365596,1.17216,0.0961849,2.76358e-06,0.15931,0.15931,0,0.0398275,0,0,0,0,0,0,0,0,0,0,0
63065,63082,63074,7.9,-105.063,39.8479,377.82,-28.9815,322.451,0.741817,0.0751062,2.37356,0.094808,5.29081e-06,0.370908,0.202314,0.134876,0.0337189,0,0,0,0,0,0,0,0,0,0,0
63083,63102,63092,8,-105.06,39.8454,372.654,-29.7064,322.767,1.57291,0.613123,91.213,0.446303,0.000280557,0.645296,0.524303,0.161324,0.040331,0,0.040331,0.040331,0.040331,0,0,0,0.080662,0,0,0
63104,63122,63113,8.1,-105.056,39.8429,367.261,-30.6653,322.834,1.48495,0.354711,27.6129,0.233539,0.0001868,0.504884,0.534583,0.0890971,0.0593981,0.0890971,0.0593981,0.0890971,0.029699,0,0.029699,0,0,0,0,0
63123,63141,63132,8.2,-105.054,39.8405,362.168,-31.6382,322.822,1.71731,0.33444,21.7533,0.195132,0.000154945,0.780597,0.468358,0.130099,0.10408,0.0260199,0.0780597,0.0520398,0.0520398,0.0260199,0,0,0,0,0,0
63142,63162,63152,8.3,-105.051,39.8381,357.12,-32.5,322.96,1.65452,0.311224,18.8014,0.181233,0.000131942,0.716134,0.469191,0.148166,0.0740828,0.0493885,0.0740828,0.0493885,0.0740828,0,0,0,0,0,0,0
63164,63180,63172,8.4,-105.048,39.8357,351.817,-33.346,323.21,2.58911,0.444681,24.5396,0.165554,0.000160019,1.13088,0.654718,0.327359,0.148799,0.0595198,0.11904,0.0892797,0.0595198,0,0,0,0,0,0,0
63181,63201,63191,8.5,-105.044,39.8334,346.863,-34.1835,323.389,2.62798,0.446988,24.7626,0.166196,0.000161787,1.21291,0.65138,0.202152,0.269536,0.0449227,0.0898455,0.0898455,0.0673841,0,0,0,0,0,0,0
63202,63219,63210,8.6,-105.041,39.8311,342.107,-34.5892,324.114,1.93264,0.505085,44.969,0.267097,0.000300806,0.96632,0.414137,0.138046,0.0345114,0.0345114,0.138046,0.138046,0,0,0.0690229,0,0,0,0,0
63223,63239,63231,8.7,-105.038,39.8284,336.701,-35.0362,324.977,2.14697,0.401469,22.5276,0.168338,0.000146308,0.790989,0.451994,0.451994,0.169498,0,0.169498,0.0564992,0.0564992,0,0,0,0,0,0,0
63241,63261,63251,8.8,-105.036,39.8253,331.675,-35.5157,325.726,2.10405,0.67027,72.307,0.323632,0.000392356,0.90636,0.58266,0.12948,0.0971101,0.03237,0.0971101,0.03237,0.0971101,0.0971101,0,0,0.03237,0,0,0
63262,63287,63274,8.9,-105.034,39.8219,327.273,-35.7732,326.619,2.70081,0.923195,95.4951,0.310319,0.000581833,0.968992,0.618505,0.309253,0.185552,0.123701,0.123701,0.164935,0.0412337,0.0412337,0.103084,0.0206168,0,0,0,0
63290,63313,63302,9,-105.032,39.8175,322.309,-36.2512,327.384,2.98937,0.619687,37.3927,0.181024,0.000263686,1.25447,0.533815,0.427052,0.213526,0.133454,0.133454,0.213526,0.0800723,0,0,0,0,0,0,0
63315,63339,63327,9.1,-105.031,39.8135,317.945,-36.942,327.7,2.47269,0.405769,22.0765,0.16322,0.000141058,1.225,0.499075,0.294908,0.181482,0.0453705,0.113426,0.0453705,0.0680557,0,0,0,0,0,0,0
63340,63358,63349,9.2,-105.029,39.8099,313.281,-37.9285,327.715,2.58198,0.545999,34.6901,0.190605,0.000241384,1.13183,0.389066,0.353696,0.176848,0.212218,0.141479,0.0707393,0.0707393,0.0353696,0,0,0,0,0,0
63359,63374,63366,9.3,-105.028,39.8075,309.228,-38.7392,327.808,3.0797,0.577368,35.6425,0.185198,0.000243189,1.16816,0.814173,0.460185,0.318589,0.0707976,0.0353988,0.0707976,0.106196,0.0353988,0,0,0,0,0,0
63375,63391,63383,9.4,-105.027,39.8046,304.533,-39.6706,327.932,2.65115,0.485429,29.2583,0.180819,0.000200513,1.16879,0.655662,0.142535,0.399099,0.114028,0,0,0.171042,0,0,0,0,0,0,0
63394,63414,63404,9.5,-105.026,39.801,299.544,-40.5455,328.244,2.70908,0.682332,53.7789,0.236449,0.000375633,1.25034,0.5094,0.208391,0.115773,0.185236,0.162082,0.138927,0.0694636,0.0231545,0.0463091,0,0,0,0,0
63415,63442,63428,9.6,-105.024,39.7969,295.496,-41.2871,328.474,2.55143,0.689749,58.8928,0.256149,0.000359654,0.911224,0.662709,0.248516,0.182245,0.115974,0.115974,0.165677,0.0994063,0.0165677,0.0165677,0.0165677,0,0,0,0
63443,63465,63454,9.7,-105.023,39.7927,291.482,-41.9191,328.867,2.94193,0.695236,56.0309,0.241778,0.000316873,1.29106,0.656113,0.275144,0.0846598,0.190485,0.16932,0.148155,0.105825,0,0,0.021165,0,0,0,0
