data/B2SAP/Locations/Boulder/NOAA-POPS-B2SAP_GMLBalloon_20191203_R0.ict
61,1001
Thornberry, T. D.
NOAA Chemical Sciences Laboratory
Portable Optical Particle Spectrometer (POPS)
Balloon Baseline Stratospheric Aerosol Profiles (B2SAP)
1,1
2019,12,03,2024,05,30
0
TIME_START,s,Seconds since midnight UTC on flight start day,Start time of 100 m altitude bin in UTC_seconds_since_midnight
28
1.0,1.0,1.0,1.0,1.0,1.0,1.0,1.0,1.0,1.0,1.0,1.0,1.0,1.0,1.0,1.0,1.0,1.0,1.0,1.0,1.0,1.0,1.0,1.0,1.0,1.0,1.0,1.0
99999,99999,99999,99999,99999,99999,99999,99999,99999,99999,99999,99999,99999,99999,99999,99999,99999,99999,99999,99999,99999,99999,99999,99999,99999,99999,99999,99999
TIME_STOP,s,End time of 100 m altitude bin in UTC seconds since midnight,
TIME_MID,s,Mid time of 100 m altitude in UTC seconds since midnight,
GPSAlt,m,GPS reported altitude above sea level (m),
GPS_Lon,deg,GPS reported longitude,
GPS_Lat,deg,GPS reported latitude,
iMet_Pressure,mb,Pressure reported (mB),
iMet_Temperature,degrees C,Ambient temperature (oC),
THETA,K,Potential temperature from iMet,
Aerosol_concentration,cm^-3,Aerosol concentration,
Surface_Area_Conc,um^2 cm^-3,Surface area concentration,
Volume_density,um^3 cm^-3,Volume density,
Effective_radius,um,Effective radius,
Extinction,km^-1,Extinction,
Bin01,cm^-3,particle concentration in size range [140 - 170 nm],
Bin02,cm^-3,particle concentration in size range [170 - 205 nm],
Bin03,cm^-3,particle concentration in size range [205 - 249 nm],
Bin04,cm^-3,particle concentration in size range [249 - 302 nm],
Bin05,cm^-3,particle concentration in size range [302 - 366 nm],
Bin06,cm^-3,particle concentration in size range [366 - 443 nm],
Bin07,cm^-3,particle concentration in size range [443 - 537 nm],
Bin08,cm^-3,particle concentration in size range [537 - 651 nm],
Bin09,cm^-3,particle concentration in size range [651 - 789 nm],
Bin10,cm^-3,particle concentration in size range [789 - 956 nm],
Bin11,cm^-3,particle concentration in size range [956 - 1159 nm],
Bin12,cm^-3,particle concentration in size range [1159 - 1404 nm],
Bin13,cm^-3,particle concentration in size range [1404 - 1702 nm],
Bin14,cm^-3,particle concentration in size range [1702 - 2062 nm],
Bin15,cm^-3,particle concentration in size range [2062 - 2500 nm],
0
19
PI_CONTACT_INFO: 325 Broadway R/CSL6, Boulder, CO 80305; troy.thornberry@noaa.gov; 303-497-3373 
PLATFORM: GML ECC/FPH balloon
LOCATION: Boulder, CO, USA
ASSOCIATED_DATA: N/A
INSTRUMENT_INFO: Printed Optical Particle Spectrometer counts particles from 140 - 2500 nm in diameter 
DATA_INFO: Particle concentrations reported in number per cubic centimeter, binned to 100 m altitude
UNCERTAINTY: Counting uncertainty dominated by air flow, less than 5 percent
ULOD_FLAG: -77777
ULOD_VALUE: 3000 ~3000 per cm3 (varies depending on flow rate- manufacturer quotes 1250  per cm3 at 1.667 cc/s)
LLOD_FLAG: -88888
LLOD_VALUE: 0 0 (varies depending on data field and measurement precision)
DM_CONTACT_INFO: Troy Thornberry, 325 Broadway R/CSL6, Boulder, CO 80305; troy.thornberry@noaa.gov; 303-497-3373
PROJECT_INFO: B2SAP Boulder, CO, USA
STIPULATIONS_ON_USE: Please contact the PIs for questions regarding applications and uncertainties
OTHER_COMMENTS: POPS bin Edges (nm):  140, 170, 205, 249, 302, 366, 443, 537, 651, 789, 956, 1159, 1404, 1702, 2062, 2500
Calculations assume sulfate refractive index of 1.45+0.00j and extinction wavelength = 532 nm
REVISION: R0
R0: QA/QC data
TIME_START,TIME_STOP,TIME_MID,GPSAlt,GPS_Lon,GPS_Lat,iMet_Pressure,iMet_Temperature,THETA,Aerosol_concentration,Surface_Area_Conc,Volume_density,Effective_radius,Extinction,Bin01,Bin02,Bin03,Bin04,Bin05,Bin06,Bin07,Bin08,Bin09,Bin10,Bin11,Bin12,Bin13,Bin14,Bin15
[from data line 310]
68236,68247,68242,23.4,-104.61,39.6047,31.3727,-53.5064,590.586,2.13538,0.651057,42.0594,0.193805,0.000304391,0.283002,0.360184,0.334457,0.334457,0.283002,0.257274,0.20582,0.0771823,0,0,0,0,0,0,0
68248,68260,68254,23.3,-104.611,39.6042,31.912,-53.769,587.002,2.53611,0.915984,65.8353,0.215621,0.000516015,0.473779,0.529518,0.111477,0.278694,0.195086,0.41804,0.334432,0.195086,0,0,0,0,0,0,0
68261,68274,68268,23.2,-104.613,39.6037,32.4582,-53.5282,584.813,2.19216,0.916183,80.6571,0.264108,0.000510494,0.27402,0.29893,0.224198,0.373663,0.29893,0.27402,0.249109,0.149465,0.0249109,0,0.0249109,0,0,0,0
68275,68286,68280,23.1,-104.614,39.6034,32.936,-54.059,580.957,2.34276,0.867701,63.8387,0.220717,0.000464391,0.299656,0.272414,0.245173,0.517587,0.136207,0.490346,0.272414,0.0817243,0,0.0272414,0,0,0,0,0
68289,68300,68294,23,-104.615,39.6028,33.5242,-54.4425,577.022,2.46647,0.801616,54.8178,0.205152,0.000412511,0.362051,0.452564,0.316795,0.339423,0.339423,0.203654,0.362051,0.0678846,0.0226282,0,0,0,0,0,0
68301,68313,68307,22.9,-104.616,39.6023,34.0309,-55.32,572.253,2.51557,0.820312,54.6769,0.199961,0.00040237,0.390768,0.366345,0.293076,0.341922,0.390768,0.341922,0.341922,0.024423,0.024423,0,0,0,0,0,0
68315,68328,68322,22.8,-104.617,39.6018,34.6529,-56.4043,566.459,2.84769,1.03475,70.2882,0.203782,0.000520196,0.379691,0.303753,0.227815,0.341722,0.569537,0.683445,0.151877,0.189846,0,0,0,0,0,0,0
68329,68343,68336,22.7,-104.618,39.6013,35.1407,-57.01,562.632,2.86416,1.19199,91.3766,0.229977,0.000722466,0.303487,0.322455,0.493166,0.246583,0.436262,0.303487,0.531102,0.132775,0.0948396,0,0,0,0,0,0
68344,68357,68350,22.6,-104.619,39.6011,35.77,-57.05,559.671,2.43052,0.941196,67.6816,0.21573,0.000536185,0.437931,0.306552,0.218966,0.175173,0.328449,0.328449,0.503621,0.131379,0,0,0,0,0,0,0
68358,68372,68365,22.5,-104.62,39.601,36.3243,-57.16,556.94,2.5144,0.955413,69.8551,0.219345,0.000551187,0.428379,0.298003,0.279377,0.316628,0.335253,0.223502,0.447004,0.167626,0.0186252,0,0,0,0,0,0
68373,68386,68380,22.4,-104.621,39.6009,36.9264,-57.4757,553.519,2.68172,1.0651,77.2584,0.217609,0.000608271,0.34899,0.330622,0.34899,0.128575,0.514302,0.330622,0.514302,0.146943,0.0183679,0,0,0,0,0,0
68387,68401,68394,22.3,-104.622,39.6009,37.5227,-57.8027,550.153,2.5673,0.947931,67.0631,0.212241,0.00051241,0.342306,0.25673,0.376537,0.393652,0.273845,0.444998,0.308076,0.154038,0.0171153,0,0,0,0,0,0
68402,68415,68408,22.2,-104.623,39.6007,38.095,-57.6093,548.28,2.79893,1.12003,84.4239,0.22613,0.000661584,0.397267,0.361152,0.343095,0.343095,0.216691,0.505613,0.415325,0.144461,0.0722304,0,0,0,0,0,0
68416,68429,68422,22.1,-104.624,39.6004,38.7479,-57.5743,545.7,2.62424,1.12182,92.2272,0.246637,0.000702039,0.359484,0.413407,0.305562,0.215691,0.323536,0.287587,0.521252,0.12582,0.0179742,0.0539227,0,0,0,0,0
68430,68442,68436,22,-104.625,39.6,39.3175,-57.7292,543.048,3.27419,1.37757,113.778,0.247779,0.000790573,0.335814,0.503722,0.335814,0.52471,0.272849,0.566687,0.482733,0.167907,0.0629652,0,0.0209884,0,0,0,0
68443,68457,68450,21.9,-104.626,39.5996,40.0231,-57.5738,540.683,2.80732,1.19029,98.4522,0.248138,0.000688502,0.329134,0.367855,0.367855,0.309773,0.387216,0.309773,0.503381,0.193608,0.0193608,0,0.0193608,0,0,0,0
68458,68472,68465,21.8,-104.627,39.5994,40.742,-57.1133,539.088,2.98125,1.16758,86.2319,0.221565,0.000671016,0.368469,0.418715,0.301475,0.401966,0.401966,0.452212,0.385218,0.200983,0.0502458,0,0,0,0,0,0
68473,68486,68480,21.7,-104.628,39.5994,41.4,-57.1329,536.585,2.8362,0.972679,68.2968,0.210645,0.000510442,0.323111,0.466717,0.359013,0.502618,0.376963,0.394914,0.197457,0.179506,0.0359013,0,0,0,0,0,0
68487,68501,68494,21.6,-104.63,39.5994,42.0753,-57.4333,533.354,3.38823,1.52362,115.004,0.226443,0.000914518,0.251601,0.285148,0.402562,0.469656,0.402562,0.620617,0.654164,0.251601,0.0503203,0,0,0,0,0,0
68502,68516,68509,21.5,-104.631,39.5991,42.7757,-58.8471,527.375,3.47324,1.5422,118.392,0.230306,0.000942194,0.253257,0.452245,0.397976,0.416066,0.416066,0.615054,0.542695,0.307527,0.0723593,0,0,0,0,0,0
68517,68531,68524,21.4,-104.632,39.5987,43.4933,-59.05,524.373,3.21029,1.57293,128.939,0.245922,0.00102087,0.337925,0.337925,0.236547,0.354821,0.354821,0.642057,0.489991,0.371717,0.0506887,0.0337925,0,0,0,0,0
68532,68546,68539,21.3,-104.633,39.5979,44.1764,-59.25,521.553,3.67915,1.52338,118.326,0.233021,0.000910105,0.471221,0.434973,0.416849,0.543716,0.362478,0.579964,0.525592,0.289982,0.0181239,0.0362478,0,0,0,0,0
68547,68562,68554,21.2,-104.635,39.597,44.8981,-59.4387,518.695,3.73013,1.89501,232.027,0.367324,0.00116735,0.523805,0.428568,0.317458,0.476187,0.49206,0.539678,0.587297,0.238093,0.0634915,0.0317458,0.0158729,0,0,0,0.0158729
68563,68578,68570,21.1,-104.636,39.5961,45.6527,-58.8013,517.759,3.51194,1.61942,127.923,0.236979,0.00101881,0.354571,0.371455,0.38834,0.320802,0.50653,0.50653,0.692258,0.287034,0.0675374,0.0168843,0,0,0,0,0
68579,68594,68586,21,-104.637,39.5953,46.4262,-58.9744,514.87,3.9121,1.65484,133.255,0.241573,0.000966297,0.475154,0.506831,0.395962,0.52267,0.459316,0.586024,0.649377,0.253416,0.031677,0.0158385,0.0158385,0,0,0,0
68595,68611,68603,20.9,-104.637,39.5945,47.1575,-59.2212,511.987,3.8849,1.38655,102.277,0.221292,0.000774265,0.428132,0.745267,0.539129,0.539129,0.523273,0.396419,0.396419,0.253708,0.0475702,0.0158567,0,0,0,0,0
68612,68628,68620,20.8,-104.638,39.5938,47.9276,-58.9488,510.264,3.86045,1.5531,124.851,0.241164,0.000957547,0.551493,0.670734,0.447156,0.402441,0.476967,0.432251,0.491872,0.268294,0.074526,0.0447156,0,0,0,0,0
68629,68645,68637,20.7,-104.638,39.5932,48.7324,-58.7194,508.396,3.82731,1.66994,135.303,0.243068,0.0010541,0.521229,0.476552,0.416983,0.46166,0.387199,0.670152,0.431875,0.312737,0.119138,0.0297845,0,0,0,0,0
68646,68662,68654,20.6,-104.639,39.5927,49.5382,-58.7265,505.994,3.9365,1.5668,126.75,0.242692,0.00090637,0.702362,0.40835,0.620692,0.392016,0.343014,0.604358,0.555356,0.212342,0.0816701,0,0,0.016334,0,0,0
68663,68679,68671,20.5,-104.639,39.592,50.3582,-59.2888,502.309,4.21178,1.63439,118.835,0.218127,0.000931477,0.542925,0.526472,0.641638,0.411307,0.460663,0.592281,0.806161,0.180975,0.0493568,0,0,0,0,0,0
68680,68696,68688,20.4,-104.64,39.5912,51.1847,-59.8118,498.763,4.03987,1.55609,119.605,0.230587,0.000915131,0.67606,0.461699,0.428721,0.643081,0.494678,0.560635,0.412232,0.23085,0.115425,0.0164893,0,0,0,0,0
68697,68714,68706,20.3,-104.641,39.5903,52.0089,-59.5467,497.094,4.41908,1.77708,146.26,0.246911,0.00102883,0.466804,0.731326,0.622405,0.466804,0.637965,0.622405,0.575725,0.140041,0.0933608,0.0466804,0.0155601,0,0,0,0
68715,68732,68724,20.2,-104.642,39.5896,52.8911,-59.2117,495.496,4.56665,1.72832,130.83,0.227093,0.000982653,0.574714,0.636845,0.683444,0.543648,0.574714,0.745575,0.481517,0.201927,0.0931969,0.0310656,0,0,0,0,0
68733,68750,68742,20.1,-104.643,39.5886,53.7594,-59.0983,493.456,4.51851,1.90624,150.635,0.237067,0.00116929,0.543464,0.434771,0.76085,0.481354,0.621102,0.558991,0.698739,0.263968,0.12422,0.0310551,0,0,0,0,0
68751,68768,68760,20,-104.644,39.5876,54.6511,-59.0317,491.291,5.30877,2.0347,151.254,0.223012,0.00116353,0.651954,0.791658,0.651954,0.636431,0.760613,0.714045,0.682999,0.325977,0.0776135,0.0155227,0,0,0,0,0
68769,68786,68778,19.9,-104.643,39.5866,55.5289,-59.5528,487.877,5.95744,2.47943,192.78,0.233256,0.00150392,0.762178,0.715514,0.69996,0.886616,0.559968,0.886616,0.855506,0.451085,0.108883,0.0311093,0,0,0,0,0
68787,68804,68796,19.8,-104.643,39.5858,56.475,-59.7472,485.078,5.32657,2.21833,171.623,0.232098,0.00131804,0.65414,0.638565,0.669714,0.560691,0.62299,0.965635,0.778738,0.32707,0.062299,0.0467243,0,0,0,0,0
68805,68821,68813,19.7,-104.643,39.5852,57.3688,-60.0159,482.302,6.32271,2.60375,204.874,0.236053,0.00151277,0.80891,0.742877,0.891452,0.61081,0.80891,0.891452,1.17209,0.280642,0.0660335,0.0330168,0.0165084,0,0,0,0
68822,68839,68830,19.6,-104.643,39.5852,58.3367,-60.6922,478.482,6.75565,3.07645,261.835,0.255328,0.0019693,0.813181,0.907009,0.6568,1.01648,0.672438,0.907009,0.922647,0.594247,0.172019,0.0781904,0.0156381,0,0,0,0
68840,68857,68848,19.5,-104.642,39.5851,59.2706,-61.0339,475.541,7.20237,3.2418,258.296,0.23903,0.00203354,0.673265,0.782866,0.845495,1.01773,0.923782,1.00207,1.0647,0.704579,0.140916,0.046972,0,0,0,0,0
68858,68876,68867,19.4,-104.642,39.5853,60.2558,-60.5168,474.469,7.07206,3.13335,254.806,0.243962,0.00198565,0.872912,0.69537,0.991272,1.02086,0.650985,0.843321,1.2132,0.591804,0.103566,0.0887707,0,0,0,0,0
68877,68894,68886,19.3,-104.641,39.5852,61.2383,-59.7544,473.967,7.74765,3.31791,267.503,0.241872,0.00196679,0.855664,0.855664,0.840107,1.12014,1.12014,1.18237,1.04235,0.560071,0.0777877,0.0777877,0,0.0155575,0,0,0
68895,68911,68903,19.2,-104.641,39.585,62.2341,-59.1576,473.11,7.31701,3.53471,305.748,0.259496,0.00223299,0.738263,0.721857,0.853104,0.951539,0.656234,1.42731,1.132,0.541393,0.180464,0.0820292,0.0328117,0,0,0,0
68912,68930,68921,19.1,-104.641,39.5843,63.2778,-59.0267,471.162,7.40701,3.26575,254.708,0.233982,0.00202836,0.898758,0.7438,1.00723,0.836775,0.650825,1.1002,1.41012,0.635329,0.092975,0.0309917,0,0,0,0,0
68931,68949,68940,19,-104.641,39.5832,64.3626,-59.0637,468.788,7.59681,3.32348,275.738,0.2489,0.00204449,0.894604,0.967933,0.894604,0.923936,0.953267,1.14392,1.05593,0.498632,0.161322,0.0879939,0,0.0146656,0,0,0
68950,68968,68959,18.9,-104.642,39.5823,65.4126,-59.47,465.749,8.37532,3.53736,271.661,0.230393,0.00213581,0.822838,1.02855,1.04324,1.20487,1.01385,1.08732,1.32242,0.70529,0.117548,0.0293871,0,0,0,0,0
68969,68988,68978,18.8,-104.643,39.5817,66.4555,-59.8955,462.722,8.13727,3.48022,277.285,0.239023,0.00216078,0.978709,1.09056,0.964728,0.978709,0.992691,1.04862,1.2164,0.643152,0.153797,0.0699078,0,0,0,0,0
68989,69007,68998,18.7,-104.644,39.581,67.5516,-59.5184,461.376,8.55204,3.78279,307.132,0.243576,0.00234737,0.925736,1.05798,1.0286,1.0286,1.08737,1.14615,1.38126,0.617158,0.220413,0.0440827,0.0146942,0,0,0,0
69008,69027,69018,18.6,-104.644,39.5801,68.6045,-59.8195,458.702,9.16707,4.11869,348.985,0.254197,0.00251443,1.04806,0.96422,1.08999,1.31357,1.11794,1.28563,1.43934,0.614865,0.16769,0.0838452,0.0419226,0,0,0,0
69028,69047,69038,18.5,-104.645,39.5789,69.7805,-59.447,457.265,9.77884,4.42127,374.294,0.253973,0.00270076,0.990439,1.15784,1.25549,1.21364,1.15784,1.50658,1.50658,0.697492,0.153448,0.0976489,0.0278997,0.0139498,0,0,0
69048,69067,69058,18.4,-104.645,39.5776,70.929,-59.053,455.983,10.2482,4.51486,359.103,0.238614,0.00280751,1.05824,1.16963,1.35064,1.2671,1.18355,1.40634,1.83799,0.66836,0.222787,0.083545,0,0,0,0,0
69068,69087,69078,18.3,-104.645,39.5766,72.0879,-59.8653,452.16,10.3597,4.72562,402.157,0.255304,0.00303117,1.0448,1.44212,1.19195,1.44212,1.2361,1.22138,1.53041,0.853498,0.206017,0.176586,0.0147155,0,0,0,0
69088,69106,69097,18.2,-104.644,39.576,73.2137,-61.1895,447.358,11.2072,4.81058,374.327,0.23344,0.00283398,0.858676,1.2584,1.51008,1.64333,1.40645,1.70255,1.83579,0.843871,0.059219,0.0740238,0.0148048,0,0,0,0
69107,69126,69116,18.1,-104.644,39.5756,74.4168,-62.4342,442.671,11.0936,4.85266,397.513,0.24575,0.00293858,1.25043,1.37868,1.39471,1.26646,1.25043,1.77946,1.6993,0.817588,0.128249,0.0961869,0.0320623,0,0,0,0
69127,69146,69136,18,-104.643,39.5756,75.6705,-62.513,440.396,12.5323,5.59321,447.159,0.23984,0.0033488,1.15076,1.4818,1.3084,1.49757,1.59215,2.31729,2.0493,0.867012,0.173402,0.0630554,0.0315277,0,0,0,0
69147,69166,69156,17.9,-104.642,39.5757,76.94,-61.8505,439.682,11.8152,5.55639,490.522,0.264842,0.00341511,1.22552,1.35121,1.38263,1.38263,1.46119,2.12109,1.64973,0.8013,0.204253,0.157118,0.0785588,0,0,0,0
69167,69185,69176,17.8,-104.642,39.5754,78.2074,-62.6442,435.999,12.5172,5.74585,461.367,0.240887,0.00353242,0.962861,1.34469,1.29488,1.85932,1.5273,2.19134,2.04193,0.94626,0.249016,0.0830053,0.0166011,0,0,0,0
69186,69207,69196,17.7,-104.641,39.5745,79.5055,-63.5836,432.01,13.6235,6.18264,492.493,0.238972,0.00378324,1.18215,1.45606,1.62906,1.58581,1.70114,2.46521,2.20571,1.08123,0.216246,0.0864986,0,0.0144164,0,0,0
69208,69230,69219,17.6,-104.641,39.5738,80.8745,-63.2745,430.542,13.042,5.88,479.632,0.24471,0.00356269,1.30996,1.39633,1.56908,1.58347,1.46831,2.28884,2.26005,0.791736,0.273509,0.0575808,0.0431856,0,0,0,0
69231,69254,69242,17.5,-104.641,39.5728,82.2567,-63.2896,428.439,12.6029,5.95743,496.874,0.250212,0.00373769,1.01509,1.51604,1.43694,1.42376,1.43694,2.41248,1.95107,1.01509,0.210927,0.158195,0.0263659,0,0,0,0
69255,69277,69266,17.4,-104.641,39.5716,83.6,-62.5996,427.851,13.4069,6.07893,505.746,0.249589,0.0036666,1.15269,1.60553,1.46831,1.75648,1.82509,2.22304,2.14071,0.837072,0.233282,0.10978,0.05489,0,0,0,0
69278,69299,69288,17.3,-104.641,39.5705,84.935,-61.6023,427.941,12.9023,5.93925,501.834,0.253484,0.00365164,1.27025,1.35588,1.52715,1.76978,1.41297,2.45486,1.69842,1.01334,0.185542,0.171269,0.0285449,0.0142725,0,0,0
69300,69320,69310,17.2,-104.641,39.5695,86.2981,-60.5138,428.197,13.3771,5.78623,462.881,0.239991,0.00344048,1.30943,1.44335,1.71119,1.75583,1.80047,2.08319,2.21711,0.684477,0.252959,0.0892796,0.0297599,0,0,0,0
69321,69343,69332,17.1,-104.641,39.5688,87.7539,-60.1157,426.942,14.5825,6.51287,535.857,0.24683,0.00404157,1.58123,1.60826,1.87856,1.9191,1.60826,2.22994,2.24346,1.02713,0.324355,0.135148,0.0270296,0,0,0,0
69344,69366,69355,17,-104.642,39.5686,89.17,-59.4926,426.242,14.4222,6.22621,501.034,0.241415,0.00369928,1.42874,1.61744,1.75223,1.90049,1.99484,2.30485,2.33181,0.70089,0.20218,0.161744,0.0269573,0,0,0,0
69367,69389,69378,16.9,-104.643,39.5684,90.6591,-58.7609,425.688,16.1167,7.05707,578.466,0.245909,0.00421102,1.62375,1.89214,2.01291,2.14711,1.98607,2.48259,2.37524,1.22117,0.24155,0.0670971,0.0670971,0,0,0,0
69390,69413,69402,16.8,-104.642,39.568,92.1161,-58.6991,423.865,16.0987,7.19778,594.265,0.247687,0.00437613,1.65011,1.69036,1.91842,2.21357,1.99892,2.65628,2.44163,1.05983,0.24148,0.187818,0.0268311,0.0134155,0,0,0
69414,69433,69424,16.7,-104.641,39.5673,93.5885,-59.159,421.051,16.8371,7.06521,545.12,0.231467,0.00410873,1.66979,1.8244,2.18001,2.381,2.0254,2.62838,2.76753,1.11319,0.170071,0.0463831,0.0309221,0,0,0,0
69434,69457,69446,16.6,-104.638,39.5666,95.1383,-59.3196,418.769,17.3938,7.43331,596.269,0.240647,0.00445089,2.02434,1.92119,2.07591,2.29511,2.24353,2.77218,2.5272,1.09598,0.23209,0.180514,0.0257877,0,0,0,0
69458,69480,69469,16.5,-104.635,39.5656,96.6691,-58.7836,417.897,18.4326,7.67535,585.581,0.228881,0.00447549,1.67313,2.09493,2.09493,2.78387,2.60109,3.14943,2.54485,1.08262,0.281199,0.12654,0,0,0,0,0
69481,69504,69492,16.4,-104.632,39.5644,98.2329,-57.8754,417.754,18.5451,8.03729,639.48,0.238693,0.00489763,1.74181,2.13884,2.16445,2.89447,2.34376,2.65113,2.89447,1.2167,0.268956,0.230533,0,0,0,0,0
69505,69531,69518,16.3,-104.628,39.5627,99.8193,-57.0907,417.366,18.3076,8.08658,675.409,0.250567,0.00481652,1.78673,1.96288,2.30261,2.70525,2.36552,2.68009,2.89399,1.11985,0.239069,0.176156,0.0503303,0.0125826,0.0125826,0,0
69532,69556,69544,16.2,-104.623,39.5609,101.451,-56.8754,415.842,18.0406,8.06846,657.918,0.244626,0.00492919,1.71335,1.92932,2.20288,2.46204,2.46204,2.64922,2.67801,1.43979,0.34555,0.115183,0.0287958,0.0143979,0,0,0
69557,69578,69568,16.1,-104.619,39.5594,103.054,-56.6459,414.429,19.1626,8.926,761.023,0.255777,0.00544843,1.62952,2.03691,2.63231,2.08391,2.75766,3.00835,2.93001,1.50418,0.344707,0.125348,0.10968,0,0,0,0
69579,69600,69590,16,-104.614,39.5579,104.664,-56.8573,412.2,20.8903,9.61334,809.707,0.252682,0.00589517,1.86913,2.18328,2.45029,3.03145,2.6859,3.29847,3.23565,1.47646,0.345554,0.235605,0.0785351,0,0,0,0
69601,69622,69612,15.9,-104.609,39.5564,106.376,-58.4086,407.341,19.4904,8.68405,703.786,0.24313,0.0052451,1.65574,2.30227,2.30227,2.55457,2.64918,2.9961,3.23264,1.30882,0.283841,0.15769,0.0473069,0,0,0,0
