data/B2SAP/Locations/Boulder/NOAA-POPS-B2SAP_GMLBalloon_20230928_R0.ict
82,1001
Thornberry, T. D.
NOAA Chemical Sciences Laboratory
Portable Optical Particle Spectrometer (POPS)
Balloon Baseline Stratospheric Aerosol Profiles (B2SAP)
1,1
2023,09,28,2024,05,28
0
TIME_START,s,Seconds since midnight UTC on flight start day,Start time of 100 m altitude bin in UTC_seconds_since_midnight
49
1.0,1.0,1.0,1.0,1.0,1.0,1.0,1.0,1.0,1.0,1.0,1.0,1.0,1.0,1.0,1.0,1.0,1.0,1.0,1.0,1.0,1.0,1.0,1.0,1.0,1.0,1.0,1.0,1.0,1.0,1.0,1.0,1.0,1.0,1.0,1.0,1.0,1.0,1.0,1.0,1.0,1.0,1.0,1.0,1.0,1.0,1.0,1.0,1.0
99999,99999,99999,99999,99999,99999,99999,99999,99999,99999,99999,99999,99999,99999,99999,99999,99999,99999,99999,99999,99999,99999,99999,99999,99999,99999,99999,99999,99999,99999,99999,99999,99999,99999,99999,99999,99999,99999,99999,99999,99999,99999,99999,99999,99999,99999,99999,99999,99999
TIME_STOP,s,End time of 100 m altitude bin in UTC seconds since midnight,
TIME_MID,s,Mid time of 100 m altitude in UTC seconds since midnight,
GPSAlt,km,GPS reported altitude above sea level (km),
GPS_Lon,deg,GPS reported longitude,
GPS_Lat,deg,GPS reported latitude,
iMet_Pressure,hPa,Pressure reported (hPa),
iMet_Temperature,degrees C,Ambient temperature (oC),
THETA,K,Potential temperature from iMet,
Aerosol_concentration,cm^-3,Aerosol concentration,
Surface_Area_Conc,um^2 cm^-3,Surface area concentration,
Volume_density,um^3 cm^-3,Volume density,
Effective_radius,um,Effective radius,
Extinction,km^-1,Extinction,
Bin01,cm^-3,particle concentration in size range [140 - 146.14 nm],
Bin02,cm^-3,particle concentration in size range [146.14 - 152.56 nm],
Bin03,cm^-3,particle concentration in size range [152.56 - 159.25 nm],
Bin04,cm^-3,particle concentration in size range [159.25 - 166.24 nm],
Bin05,cm^-3,particle concentration in size range [166.24 - 173.54 nm],
Bin06,cm^-3,particle concentration in size range [173.54 - 181.16 nm],
Bin07,cm^-3,particle concentration in size range [181.16 - 189.11 nm],
Bin08,cm^-3,particle concentration in size range [189.11 - 197.41 nm],
Bin09,cm^-3,particle concentration in size range [197.41 - 206.07 nm],
Bin10,cm^-3,particle concentration in size range [206.07 - 215.12 nm],
Bin11,cm^-3,particle concentration in size range [215.12 - 224.56 nm],
Bin12,cm^-3,particle concentration in size range [224.56 - 234.41 nm],
Bin13,cm^-3,particle concentration in size range [234.41 - 244.70 nm],
Bin14,cm^-3,particle concentration in size range [244.70 - 361.30 nm],
Bin15,cm^-3,particle concentration in size range [361.30 - 472.80 nm],
Bin16,cm^-3,particle concentration in size range [472.80 - 567.00 nm],
Bin17,cm^-3,particle concentration in size range [567.00 - 610.66 nm],
Bin18,cm^-3,particle concentration in size range [610.66 - 657.69 nm],
Bin19,cm^-3,particle concentration in size range [657.69 - 708.33 nm],
Bin20,cm^-3,particle concentration in size range [708.33 - 762.88 nm],
Bin21,cm^-3,particle concentration in size range [762.88 - 821.62 nm],
Bin22,cm^-3,particle concentration in size range [821.62 - 884.89 nm],
Bin23,cm^-3,particle concentration in size range [884.89 - 953.03 nm],
Bin24,cm^-3,particle concentration in size range [953.03 - 1026.42 nm],
Bin25,cm^-3,particle concentration in size range [1026.42 - 1105.46 nm],
Bin26,cm^-3,particle concentration in size range [1105.46 - 1190.59 nm]],
[...]
LOCATION: Boulder, CO, USA
ASSOCIATED_DATA: N/A
INSTRUMENT_INFO: Printed Optical Particle Spectrometer counts particles from 140 - 2500 nm in diameter 
DATA_INFO: Particle concentrations reported in number per cubic centimeter, binned to 100 m altitude
UNCERTAINTY: Counting uncertainty dominated by air flow, less than 5 percent
ULOD_FLAG: -77777
ULOD_VALUE: 3000 ~3000 per cm3 (varies depending on flow rate- manufacturer quotes 1250  per cm3 at 1.667 cc/s)
LLOD_FLAG: -88888
LLOD_VALUE: 0 0 (varies depending on data field and measurement precision)
DM_CONTACT_INFO: Troy Thornberry, 325 Broadway R/CSL6, Boulder, CO 80305; troy.thornberry@noaa.gov; 303-497-3373
PROJECT_INFO: B2SAP Boulder, CO, USA
STIPULATIONS_ON_USE: Please contact the PIs for questions regarding applications and uncertainties
OTHER_COMMENTS: POPS bin Edges (nm):  140, 146.14, 152.56, 159.25, 166.24, 173.54, 181.16, 189.11, 197.41, 206.07, 215.12, 224.56, 234.41, 244.70, 361.30, 472.80, 567.00, 610.66, 657.69, 708.33, 762.88, 821.62, 884.89, 953.03, 1026.42, 1105.46, 1190.59, 1282.27, 1381.01, 1487.36, 1601.89, 1725.25, 1858.10, 2001.18, 2155.28, 2321.25, 2500
Calculations assume sulfate refractive index of 1.45+0.00j and extinction wavelength = 532 nm
REVISION: R0
R0: QA/QC data
TIME_START,TIME_STOP,TIME_MID,GPSAlt,GPS_Lon,GPS_Lat,iMet_Pressure,iMet_Temperature,THETA,Aerosol_concentration,Surface_Area_Conc,Volume_density,Effective_radius,Extinction,Bin01,Bin02,Bin03,Bin04,Bin05,Bin06,Bin07,Bin08,Bin09,Bin10,Bin11,Bin12,Bin13,Bin14,Bin15,Bin16,Bin17,Bin18,Bin19,Bin20,Bin21,Bin22,Bin23,Bin24,Bin25,Bin26,Bin27,Bin28,Bin29,Bin30,Bin31,Bin32,Bin33,Bin34,Bin35,Bin36
[from data line 464]
70126,70167,70146,9.3,-104.216,40.4173,313.392,-35.409,331.192,25.1858,3.24498,137.537,0.127154,0.00061322,3.46656,2.95335,2.72096,2.30458,1.96567,1.63645,1.52993,1.41374,1.00704,1.12324,0.755283,0.784333,0.610036,2.42078,0.242078,0.15493,0.0290494,0.0193662,0.0290494,0,0.00968312,0,0.00968312,0,0,0,0,0,0,0,0,0,0,0,0,0
70168,70208,70188,9.2,-104.21,40.4208,317.821,-34.7103,330.836,31.0894,3.92322,154.541,0.118174,0.00060772,4.00684,3.74733,3.07261,2.78195,2.4394,2.02418,2.04494,1.67125,1.39098,1.19375,1.23527,0.913478,0.840815,3.16603,0.467119,0.072663,0.0103804,0,0,0,0,0.0103804,0,0,0,0,0,0,0,0,0,0,0,0,0,0
70210,70249,70230,9.1,-104.205,40.4242,322.432,-33.8503,330.666,20.8453,2.6562,107.368,0.121266,0.000453997,2.92868,2.44226,2.36119,1.71262,1.48968,1.48968,1.29713,1.19579,0.952581,0.699235,0.648566,0.648566,0.39522,2.13824,0.314149,0.0912046,0.0202677,0.0101338,0.0101338,0,0,0,0,0,0,0,0,0,0,0,0,0,0,0,0,0
70249,70288,70268,9,-104.199,40.4273,327.044,-32.9553,330.558,18.7038,2.36149,104.104,0.132252,0.000468906,2.87836,2.34492,1.95595,1.84482,1.5003,1.31137,1.23358,1.04465,0.766821,0.666801,0.555667,0.26672,0.355627,1.56698,0.244494,0.10002,0.0111133,0,0,0.0222267,0,0.0111133,0.0222267,0,0,0,0,0,0,0,0,0,0,0,0,0
70288,70327,70308,8.9,-104.194,40.4302,331.792,-31.9827,330.532,60.0729,7.5908,297.397,0.117536,0.00115278,8.2385,6.43058,5.88928,5.33716,4.78504,4.07053,3.70245,3.0962,2.77143,2.67399,2.1327,2.04609,1.53728,6.38727,0.811942,0.129911,0.0108259,0,0.0108259,0,0,0,0.0108259,0,0,0,0,0,0,0,0,0,0,0,0,0
70328,70361,70344,8.8,-104.189,40.4331,336.354,-31.025,330.554,32.1314,4.1807,174.73,0.125383,0.000755865,4.45347,4.14771,2.96455,2.91137,2.65879,1.87444,2.02068,1.32939,1.67504,1.11669,1.05022,0.983751,0.731166,3.52289,0.491876,0.132939,0,0.0265879,0.0132939,0,0,0.0265879,0,0,0,0,0,0,0,0,0,0,0,0,0,0
70363,70402,70382,8.7,-104.184,40.4363,341.003,-30.1358,330.468,7.9513,0.857228,34.1454,0.119497,0.000148798,1.70759,1.35141,1.23617,0.817129,0.534277,0.460945,0.324757,0.314281,0.199044,0.230472,0.167616,0.0523801,0.0733321,0.335233,0.0523801,0.0733321,0.010476,0,0,0,0.010476,0,0,0,0,0,0,0,0,0,0,0,0,0,0,0
70403,70440,70422,8.6,-104.179,40.4397,345.968,-29.5049,329.96,7.36381,0.891221,46.3707,0.156092,0.000244384,1.58869,1.43841,0.955364,0.676269,0.515252,0.386439,0.375705,0.386439,0.19322,0.171751,0.139548,0.0644065,0.0429377,0.203954,0.0966098,0.0429377,0.0214688,0,0.0322033,0,0,0.0107344,0.0214688,0,0,0,0,0,0,0,0,0,0,0,0,0
70444,70477,70460,8.5,-104.175,40.4431,351.026,-28.4316,330.043,6.88116,0.700508,28.5917,0.122447,0.000116969,1.72664,1.43463,0.761752,0.710969,0.520531,0.406268,0.330093,0.190438,0.126959,0.126959,0.15235,0.101567,0.0126959,0.177742,0.0507835,0.0253917,0,0.0126959,0,0,0,0,0.0126959,0,0,0,0,0,0,0,0,0,0,0,0,0
70478,70512,70495,8.4,-104.171,40.4465,355.897,-27.7957,329.601,6.17132,0.643018,24.1563,0.112701,9.58113e-05,1.35244,1.24739,0.748437,0.590871,0.315131,0.498958,0.367653,0.131305,0.183827,0.0919133,0.144435,0.0919133,0.0525219,0.27574,0.0262609,0.0393914,0,0,0.0131305,0,0,0,0,0,0,0,0,0,0,0,0,0,0,0,0,0
70513,70549,70531,8.3,-104.167,40.4499,360.939,-26.877,329.509,5.27009,0.617282,27.7108,0.134675,0.000140779,1.18429,0.793474,0.793474,0.603988,0.402658,0.236858,0.201329,0.225015,0.142115,0.0947432,0.106586,0.0592145,0.0473716,0.201329,0.0947432,0.0592145,0,0,0.0118429,0,0.0118429,0,0,0,0,0,0,0,0,0,0,0,0,0,0,0
70550,70584,70567,8.2,-104.163,40.4533,365.802,-25.7263,329.783,5.80433,0.630935,25.652,0.121971,0.000120456,1.2589,1.04723,0.880119,0.479052,0.456771,0.367645,0.233956,0.222815,0.167111,0.167111,0.100267,0.0779852,0.0222815,0.200533,0.0334222,0.0557037,0.0111407,0.0222815,0,0,0,0,0,0,0,0,0,0,0,0,0,0,0,0,0,0
70585,70619,70602,8.1,-104.159,40.4567,370.874,-24.8191,329.693,5.40608,0.567926,21.0368,0.111124,8.21527e-05,1.12912,0.866798,0.786961,0.593072,0.50183,0.330752,0.193889,0.182484,0.114052,0.171079,0.0912419,0.0456209,0.0684314,0.250915,0.0342157,0.0342157,0.0114052,0,0,0,0,0,0,0,0,0,0,0,0,0,0,0,0,0,0,0
70620,70655,70638,8,-104.155,40.4601,376.087,-23.8806,329.623,4.496,0.428315,14.4314,0.10108,4.70711e-05,1.03842,0.867248,0.616203,0.433624,0.399391,0.216812,0.251046,0.182579,0.171167,0.0342335,0.0798781,0.0456446,0.0228223,0.0798781,0.0342335,0.0228223,0,0,0,0,0,0,0,0,0,0,0,0,0,0,0,0,0,0,0,0
70656,70688,70672,7.9,-104.151,40.4633,381.006,-23.1992,329.298,4.85261,0.577379,27.4763,0.142764,0.000151818,1.23548,0.69961,0.654954,0.47633,0.327477,0.312592,0.25305,0.163739,0.119083,0.148853,0.104197,0.0595413,0,0.133968,0.044656,0.0744266,0.0148853,0.0148853,0,0,0.0148853,0,0,0,0,0,0,0,0,0,0,0,0,0,0,0
70689,70727,70708,7.8,-104.147,40.467,386.782,-22.6082,328.662,5.57647,0.595946,23.0326,0.115946,9.40508e-05,1.18996,0.956634,0.746641,0.501649,0.443318,0.361654,0.291657,0.221659,0.163328,0.104996,0.128329,0.0699976,0.0466651,0.268324,0.0466651,0.0116663,0.0116663,0,0,0.0116663,0,0,0,0,0,0,0,0,0,0,0,0,0,0,0,0
70727,70765,70746,7.7,-104.142,40.4701,391.738,-22.023,328.233,5.35123,0.54202,20.009,0.110747,7.76336e-05,1.32207,0.933842,0.755467,0.419704,0.503645,0.356749,0.230837,0.115419,0.115419,0.157389,0.125911,0.0314778,0.0314778,0.157389,0.0629556,0.0209852,0,0,0.0104926,0,0,0,0,0,0,0,0,0,0,0,0,0,0,0,0,0
70766,70804,70785,7.6,-104.138,40.4731,396.792,-21.2166,328.082,4.28152,0.507467,24.7799,0.146492,0.000136594,1.15357,0.776442,0.543509,0.432589,0.388221,0.122012,0.199656,0.133104,0.0665521,0.0554601,0.0332761,0.022184,0.0665521,0.122012,0.0887362,0.022184,0.022184,0.022184,0,0,0,0.011092,0,0,0,0,0,0,0,0,0,0,0,0,0,0
70813,70847,70830,7.5,-104.132,40.4773,403.081,-20.4634,327.588,5.20646,0.594869,26.0112,0.131178,0.000132472,1.07679,0.993961,0.709972,0.567978,0.437816,0.295822,0.130162,0.141994,0.153827,0.141994,0.118329,0.0236657,0.0828301,0.189326,0.0473315,0.0591643,0.0118329,0.0118329,0,0.0118329,0,0,0,0,0,0,0,0,0,0,0,0,0,0,0,0
70848,70891,70870,7.4,-104.127,40.4804,408.062,-20.1008,326.91,4.74431,0.568647,28.5777,0.150767,0.000143421,1.01734,0.851042,0.645618,0.498887,0.449976,0.215206,0.166296,0.18586,0.107603,0.0978209,0.0782567,0.0684746,0.0391284,0.176078,0.0782567,0.0293463,0.00978209,0.00978209,0,0,0,0,0.0195642,0,0,0,0,0,0,0,0,0,0,0,0,0
70892,70934,70913,7.3,-104.121,40.4837,413.86,-19.3697,326.535,4.63795,0.565448,27.6976,0.146951,0.000145373,1.03066,0.711153,0.700846,0.453489,0.340117,0.350423,0.226744,0.164905,0.0721459,0.0927591,0.0206131,0.0824525,0.0412263,0.175212,0.0927591,0.0515328,0,0,0.0206131,0,0,0,0.0103066,0,0,0,0,0,0,0,0,0,0,0,0,0
70935,70976,70956,7.2,-104.115,40.4866,419.271,-19.2361,325.497,5.04705,0.570047,25.2972,0.133132,0.000123494,0.979451,0.89879,0.772038,0.460918,0.357212,0.380257,0.334166,0.149798,0.149798,0.11523,0.103707,0.0576148,0.0230459,0.126752,0.0576148,0.0460918,0.0230459,0,0,0,0,0.011523,0,0,0,0,0,0,0,0,0,0,0,0,0,0
70977,71019,70998,7.1,-104.11,40.4892,424.847,-18.2754,325.496,10.52,1.17241,47.9356,0.12266,0.000196139,1.88895,1.77271,1.2593,1.06556,0.823388,0.736206,0.571528,0.445598,0.435911,0.290607,0.222799,0.222799,0.135617,0.474659,0.0968692,0.0484346,0.00968692,0,0,0,0,0.00968692,0.00968692,0,0,0,0,0,0,0,0,0,0,0,0,0
71020,71062,71041,7,-104.104,40.492,430.742,-17.541,325.152,11.624,1.36391,56.7745,0.124879,0.000250197,2.16389,1.72926,1.43334,1.15592,0.933985,0.721296,0.628822,0.499358,0.397637,0.305164,0.286669,0.258927,0.147958,0.684306,0.166453,0.073979,0.0184948,0,0.00924738,0,0,0,0.00924738,0,0,0,0,0,0,0,0,0,0,0,0,0
71063,71099,71081,6.9,-104.098,40.4944,436.167,-17.154,324.482,13.3826,1.54996,61.0787,0.11822,0.000256693,2.30586,2.02571,1.57316,1.10983,1.04518,0.80813,0.894331,0.646504,0.527978,0.571079,0.366352,0.247827,0.237052,0.76503,0.140076,0.0754255,0.0215501,0.0107751,0.0107751,0,0,0,0,0,0,0,0,0,0,0,0,0,0,0,0,0
71105,71143,71124,6.8,-104.093,40.4972,442.404,-16.6603,323.791,36.2138,4.18443,152.684,0.109466,0.000512084,5.56272,4.91224,3.79072,2.94959,2.94959,2.10845,2.05237,1.8505,1.68227,1.54769,1.31217,1.30096,0.964504,3.06174,0.0897213,0.067291,0,0,0,0,0,0.0112152,0,0,0,0,0,0,0,0,0,0,0,0,0,0
71144,71182,71163,6.7,-104.088,40.4993,447.841,-15.9021,323.618,47.0201,5.55301,208.643,0.112719,0.000732774,6.98279,5.68246,4.46015,3.95302,3.54991,2.84773,3.27684,3.1338,2.3276,1.87248,1.91149,1.37835,1.37835,4.00503,0.15604,0.03901,0,0.0130033,0.0260067,0,0,0.0260067,0,0,0,0,0,0,0,0,0,0,0,0,0,0
71186,71223,71204,6.6,-104.081,40.5016,454.396,-14.8211,323.63,36.8182,4.25957,155.423,0.109464,0.000529065,5.27775,4.52178,4.32579,2.82786,2.95386,2.50588,2.21189,2.0439,1.79191,1.72192,1.27394,1.13395,1.25994,2.70187,0.181991,0.0559973,0,0,0.0279987,0,0,0,0,0,0,0,0,0,0,0,0,0,0,0,0,0
71225,71261,71243,6.5,-104.076,40.5033,459.946,-14.1714,323.321,36.304,4.30118,162.211,0.113139,0.000587155,4.92322,5.06389,3.86185,3.14575,2.73655,2.0588,2.34013,2.22504,1.76469,1.41942,1.2404,1.11252,0.933494,3.1969,0.140664,0.115088,0,0,0.0127876,0,0,0.0127876,0,0,0,0,0,0,0,0,0,0,0,0,0,0
71263,71298,71280,6.4,-104.07,40.5049,466.25,-13.2432,323.221,34.8931,4.1031,153.909,0.112531,0.00054298,4.94752,4.06714,3.76954,3.03795,2.74036,2.34356,2.30636,2.05837,1.73597,1.57478,1.22758,1.07878,0.979585,2.75276,0.161197,0.0867987,0,0,0.0123998,0,0,0,0.0123998,0,0,0,0,0,0,0,0,0,0,0,0,0
71299,71331,71315,6.3,-104.064,40.506,472.121,-12.339,323.188,33.2097,3.92956,148.507,0.113377,0.000532156,5.20359,4.33224,3.39952,2.69998,2.24589,1.93907,2.25816,1.93907,1.68135,1.20272,1.25181,1.11681,0.736357,2.92088,0.208635,0.0368179,0,0.0245452,0,0,0,0,0.0122726,0,0,0,0,0,0,0,0,0,0,0,0,0
71332,71363,71348,6.2,-104.059,40.5069,478.663,-11.4418,323.027,35.0953,4.15652,158.158,0.114152,0.000589592,5.21544,4.44963,3.59139,2.95762,2.74636,2.20501,2.20501,1.91453,1.53162,1.94094,1.28075,1.10911,0.911052,2.66714,0.224462,0.0924256,0,0.0132037,0.0264073,0,0.0132037,0,0,0,0,0,0,0,0,0,0,0,0,0,0,0
71363,71391,71377,6.1,-104.055,40.5076,484.591,-10.6452,322.873,39.878,4.91916,196.153,0.119626,0.000760894,5.02714,4.71755,4.67332,3.19909,3.05167,2.43249,2.87476,2.04919,2.09341,1.6364,1.60692,1.5332,0.94351,3.59713,0.25062,0.117939,0.0147423,0,0.0294847,0,0,0,0.0294847,0,0,0,0,0,0,0,0,0,0,0,0,0
71392,71419,71406,6,-104.051,40.5083,490.532,-9.7525,322.844,41.7463,4.95623,187.671,0.113597,0.000662246,6.35219,4.63847,4.43283,3.61024,3.039,2.39921,2.78765,2.42206,2.37636,1.50808,1.87367,1.37098,1.05108,3.61024,0.159947,0.0685489,0.0228496,0,0,0,0,0,0.0228496,0,0,0,0,0,0,0,0,0,0,0,0,0
71420,71446,71433,5.9,-104.047,40.5092,497.904,-8.716,322.735,43.3998,4.99495,183.111,0.109977,0.000607397,6.42009,5.8698,4.38401,3.83371,3.32011,2.64141,2.64141,2.34792,2.16449,1.9994,1.63254,1.24733,1.28402,3.39348,0.146745,0.0550294,0,0,0,0,0,0,0.0183431,0,0,0,0,0,0,0,0,0,0,0,0,0
71447,71476,71462,5.8,-104.043,40.51,503.778,-7.89455,322.657,46.4408,5.43995,203.108,0.112009,0.00070607,6.97195,5.40784,4.80881,4.07668,3.31126,3.01175,2.92855,2.71224,2.49592,2.42937,1.64731,1.29788,1.36444,3.67733,0.183034,0.066558,0,0.0166395,0.0166395,0,0,0,0.0166395,0,0,0,0,0,0,0,0,0,0,0,0,0
71478,71504,71491,5.7,-104.039,40.5111,510.384,-6.98444,322.559,47.708,5.83744,232.712,0.119596,0.000892873,6.82116,5.31649,4.835,3.65133,3.83189,3.25008,2.90903,3.04946,2.72846,2.08647,1.82566,1.54479,1.20373,4.23313,0.200622,0.120373,0.0200622,0,0.0200622,0.0200622,0,0,0.0401245,0,0,0,0,0,0,0,0,0,0,0,0,0
71506,71530,71518,5.6,-104.036,40.5122,516.397,-6.20882,322.419,41.5108,4.86453,179.731,0.110842,0.00062706,6.31877,5.3534,3.81759,3.75177,3.79565,2.65476,2.06238,2.10626,1.68939,2.4573,1.27253,1.42611,0.811786,3.72983,0.175521,0.0438803,0.0219402,0,0,0.0219402,0,0,0,0,0,0,0,0,0,0,0,0,0,0,0,0
71533,71556,71544,5.5,-104.033,40.5135,523.527,-5.556,321.945,27.8733,3.33676,126.367,0.113614,0.000472164,4.35675,3.91117,2.84674,2.17837,2.12887,1.68329,1.68329,1.38624,1.43575,0.915907,0.891153,0.866399,0.643611,2.5992,0.247543,0.0742628,0.0247543,0,0,0,0,0,0,0,0,0,0,0,0,0,0,0,0,0,0,0
71560,71583,71572,5.4,-104.03,40.5151,530.796,-5.05667,321.278,20.4579,2.68249,118.191,0.13218,0.000582088,3.31805,2.74808,2.21882,1.6692,1.73027,1.1603,1.20101,0.854957,0.793889,1.05852,0.692108,0.407123,0.26463,1.56742,0.508903,0.183205,0.0203561,0.0203561,0.0203561,0.0203561,0,0,0,0,0,0,0,0,0,0,0,0,0,0,0,0
71585,71611,71598,5.3,-104.028,40.5167,536.925,-4.42947,320.973,22.1728,3.03853,137.562,0.135818,0.000707508,3.6122,2.88208,2.47859,1.8061,1.65239,1.47947,1.15283,0.941479,0.634057,0.634057,0.826196,0.672485,0.441919,2.05588,0.461132,0.384277,0.0192139,0,0.0384277,0,0,0,0,0,0,0,0,0,0,0,0,0,0,0,0,0
71612,71635,71624,5.2,-104.025,40.5186,543.824,-3.71222,320.659,27.6389,4.09991,198.226,0.145046,0.00110762,3.87594,3.77447,2.88159,2.35397,2.2728,1.64372,1.33933,1.15669,1.25816,0.730543,0.811714,0.547907,0.71025,2.69895,0.8523,0.588493,0.0811714,0.0202929,0.0405857,0,0,0,0,0,0,0,0,0,0,0,0,0,0,0,0,0
71638,71667,71652,5.1,-104.023,40.5204,550.992,-2.8987,320.425,39.0585,6.0197,293.601,0.14632,0.00159537,4.66182,4.47283,3.68536,3.21288,3.00814,2.6459,2.40966,2.03167,1.81118,1.52769,1.00796,0.944964,0.80322,4.48858,1.48044,0.740222,0.0629976,0.0157494,0.0157494,0,0,0,0.0314988,0,0,0,0,0,0,0,0,0,0,0,0,0
71668,71696,71682,5,-104.021,40.5218,557.455,-2.31824,320.047,65.3558,10.6915,540.944,0.151787,0.00303648,7.30174,6.94194,5.92605,5.07947,4.59269,4.44454,4.19056,3.19583,2.11645,2.53973,2.58206,2.09528,1.79898,7.95784,3.06885,1.18521,0.126987,0.0634934,0.0634934,0,0,0.0634934,0.0211645,0,0,0,0,0,0,0,0,0,0,0,0,0
71697,71726,71712,4.9,-104.019,40.5234,564.909,-1.811,319.43,96.9018,15.5057,757.359,0.146532,0.00408997,10.9928,10.0752,8.56391,6.81875,7.48443,6.38695,5.12755,5.2355,4.67777,3.79619,3.36439,2.9326,2.44683,12.9538,4.13803,1.60124,0.143931,0.0359828,0.0359828,0,0.0179914,0.0179914,0.0539742,0,0,0,0,0,0,0,0,0,0,0,0,0
71728,71749,71738,4.8,-104.017,40.5247,572.108,-0.9575,319.278,103.27,16.3848,792.33,0.145073,0.00428378,11.8703,10.6677,9.77688,8.01749,7.66115,6.28036,5.81268,5.23364,4.61006,3.74149,3.5856,3.16245,2.6725,13.897,4.27599,1.64804,0.133625,0.0668124,0.0890832,0.0222708,0.0222708,0,0.0222708,0,0,0,0,0,0,0,0,0,0,0,0,0
71751,71773,71762,4.7,-104.016,40.526,579.064,-0.078125,319.206,113.61,18.6644,920.095,0.14789,0.0051151,11.1014,11.079,11.2357,8.72891,8.63939,6.87122,6.62502,6.02071,4.65542,4.25255,4.02873,3.73777,3.89444,14.772,5.48355,1.99198,0.268582,0.0671455,0.0671455,0.0447637,0.0447637,0,0,0,0,0,0,0,0,0,0,0,0,0,0,0
71776,71797,71786,4.6,-104.015,40.5274,586.805,0.848462,319.075,113.116,18.8838,940.555,0.149423,0.0053229,11.7073,10.2782,9.94846,9.04156,7.88731,7.69494,5.90862,6.34833,5.44142,4.94675,4.09481,3.49021,3.32531,14.5929,5.57883,2.36345,0.164892,0.13741,0.164892,0,0,0,0,0,0,0,0,0,0,0,0,0,0,0,0,0
71801,71822,71812,4.5,-104.014,40.529,594.064,1.19118,318.355,216.776,36.8048,1854.36,0.151151,0.0104066,21.4977,20.013,19.762,16.3115,15.4332,13.9066,12.3173,10.8952,9.15954,8.11393,7.48656,7.50747,6.88011,31.6192,10.8952,4.07788,0.292771,0.230034,0.167297,0.0627366,0.0209122,0.0418244,0.0836487,0,0,0,0,0,0,0,0,0,0,0,0,0
71823,71846,71834,4.4,-104.012,40.5303,601.305,1.84933,318.016,316.163,53.8287,2697.8,0.150355,0.0151452,31.2123,29.8419,26.8175,22.9662,20.5561,20.4616,18.5714,16.1614,13.7514,14.5311,11.9084,10.727,9.8764,45.0345,16.1614,6.6394,0.354416,0.141767,0.21265,0.0708833,0.0708833,0,0.094511,0,0,0,0,0,0,0,0,0,0,0,0,0
71847,71866,71856,4.3,-104.012,40.5317,608.003,2.72111,318.015,303.961,52.492,2657.81,0.151898,0.0149955,30.0547,27.474,25.211,23.1068,21.0025,17.3102,17.5087,14.7296,14.4913,13.1415,11.9504,9.84618,9.60796,45.0224,16.5162,5.75684,0.436726,0.277916,0.198512,0.0794046,0.0794046,0.0794046,0.0794046,0,0,0,0,0,0,0,0,0,0,0,0,0
71871,71890,71880,4.2,-104.011,40.533,615.903,3.615,317.871,282.801,47.8583,2410.06,0.151074,0.0135042,27.3574,27.0626,24.0556,22.4932,19.1325,18.1891,15.8897,14.4746,13.6492,10.9371,10.5538,9.87578,8.69658,39.739,14.1504,5.39483,0.324279,0.383239,0.20636,0.0294799,0.0294799,0.0294799,0.1474,0,0,0,0,0,0,0,0,0,0,0,0,0
