data/B2SAP/Locations/Boulder/NOAA-POPS-B2SAP_GMLBalloon_20201201_R0.ict
61,1001
Thornberry, T. D.
NOAA Chemical Sciences Laboratory
Portable Optical Particle Spectrometer (POPS)
Balloon Baseline Stratospheric Aerosol Profiles (B2SAP)
1,1
2020,12,01,2024,05,30
0
TIME_START,s,Seconds since midnight UTC on flight start day,Start time of 100 m altitude bin in UTC_seconds_since_midnight
28
1.0,1.0,1.0,1.0,1.0,1.0,1.0,1.0,1.0,1.0,1.0,1.0,1.0,1.0,1.0,1.0,1.0,1.0,1.0,1.0,1.0,1.0,1.0,1.0,1.0,1.0,1.0,1.0
99999,99999,99999,99999,99999,99999,99999,99999,99999,99999,99999,99999,99999,99999,99999,99999,99999,99999,99999,99999,99999,99999,99999,99999,99999,99999,99999,99999
TIME_STOP,s,End time of 100 m altitude bin in UTC seconds since midnight,
TIME_MID,s,Mid time of 100 m altitude in UTC seconds since midnight,
GPSAlt,m,GPS reported altitude above sea level (m),
GPS_Lon,deg,GPS reported longitude,
GPS_Lat,deg,GPS reported latitude,
iMet_Pressure,mb,Pressure reported (mB),
iMet_Temperature,degrees C,Ambient temperature (oC),
THETA,K,Potential temperature from iMet,
Aerosol_concentration,cm^-3,Aerosol concentration,
Surface_Area_Conc,um^2 cm^-3,Surface area concentration,
Volume_density,um^3 cm^-3,Volume density,
Effective_radius,um,Effective radius,
Extinction,km^-1,Extinction,
Bin01,cm^-3,particle concentration in size range [140 - 170 nm],
Bin02,cm^-3,particle concentration in size range [170 - 205 nm],
Bin03,cm^-3,particle concentration in size range [205 - 249 nm],
Bin04,cm^-3,particle concentration in size range [249 - 302 nm],
Bin05,cm^-3,particle concentration in size range [302 - 366 nm],
Bin06,cm^-3,particle concentration in size range [366 - 443 nm],
Bin07,cm^-3,particle concentration in size range [443 - 537 nm],
Bin08,cm^-3,particle concentration in size range [537 - 651 nm],
Bin09,cm^-3,particle concentration in size range [651 - 789 nm],
Bin10,cm^-3,particle concentration in size range [789 - 956 nm],
Bin11,cm^-3,particle concentration in size range [956 - 1159 nm],
Bin12,cm^-3,particle concentration in size range [1159 - 1404 nm],
Bin13,cm^-3,particle concentration in size range [1404 - 1702 nm],
Bin14,cm^-3,particle concentration in size range [1702 - 2062 nm],
Bin15,cm^-3,particle concentration in size range [2062 - 2500 nm],
0
19
PI_CONTACT_INFO: 325 Broadway R/CSL6, Boulder, CO 80305; troy.thornberry@noaa.gov; 303-497-3373 
PLATFORM: GML ECC/FPH balloon
LOCATION: Boulder, CO, USA
ASSOCIATED_DATA: N/A
INSTRUMENT_INFO: Printed Optical Particle Spectrometer counts particles from 140 - 2500 nm in diameter 
DATA_INFO: Particle concentrations reported in number per cubic centimeter, binned to 100 m altitude
UNCERTAINTY: Counting uncertainty dominated by air flow, less than 5 percent
ULOD_FLAG: -77777
ULOD_VALUE: 3000 ~3000 per cm3 (varies depending on flow rate- manufacturer quotes 1250  per cm3 at 1.667 cc/s)
LLOD_FLAG: -88888
LLOD_VALUE: 0 0 (varies depending on data field and measurement precision)
DM_CONTACT_INFO: Troy Thornberry, 325 Broadway R/CSL6, Boulder, CO 80305; troy.thornberry@noaa.gov; 303-497-3373
PROJECT_INFO: B2SAP Boulder, CO, USA
STIPULATIONS_ON_USE: Please contact the PIs for questions regarding applications and uncertainties
OTHER_COMMENTS: POPS bin Edges (nm):  140, 170, 205, 249, 302, 366, 443, 537, 651, 789, 956, 1159, 1404, 1702, 2062, 2500
Calculations assume sulfate refractive index of 1.45+0.00j and extinction wavelength = 532 nm
REVISION: R0
R0: QA/QC data
TIME_START,TIME_STOP,TIME_MID,GPSAlt,GPS_Lon,GPS_Lat,iMet_Pressure,iMet_Temperature,THETA,Aerosol_concentration,Surface_Area_Conc,Volume_density,Effective_radius,Extinction,Bin01,Bin02,Bin03,Bin04,Bin05,Bin06,Bin07,Bin08,Bin09,Bin10,Bin11,Bin12,Bin13,Bin14,Bin15
[from data line 71]
61360,61384,61372,8.8,-105.138,40.0005,310.818,-44.6245,319.101,24.0043,4.78941,347.029,0.217372,0.00210762,10.6454,5.65477,2.99817,1.53703,0.929811,0.417466,0.929811,0.569272,0.170782,0.0948787,0.0379515,0,0.0189757,0,0
61384,61408,61396,8.9,-105.135,40.0021,306.323,-45.2204,319.604,22.8355,4.82778,359.573,0.22344,0.00225055,9.56389,5.28439,3.34389,1.33409,1.03955,0.467799,0.79699,0.571754,0.259888,0.121281,0.0173259,0.0346518,0,0,0
61409,61433,61421,9,-105.132,40.0037,301.73,-45.9796,319.916,23.6906,5.19701,406.525,0.234668,0.0024036,9.62269,5.90959,3.08554,1.48175,1.08081,0.557837,0.871621,0.644999,0.261486,0.0697296,0.0697296,0.0348648,0,0,0
61434,61462,61448,9.1,-105.128,40.0056,297.417,-46.3924,320.648,23.679,5.30644,432.647,0.244597,0.00243481,9.6908,5.71065,3.21585,1.36998,1.13925,0.620096,0.937354,0.562412,0.187471,0.115367,0.0576833,0.0721042,0,0,0
61463,61480,61472,9.2,-105.124,40.007,293.065,-46.0206,322.526,23.9107,5.13761,390.18,0.227838,0.00239747,9.89727,5.98924,3.2143,1.20247,0.994352,0.624361,0.924979,0.693734,0.161871,0.138747,0.0231245,0.0462489,0,0,0
61481,61503,61492,9.3,-105.121,40.0078,288.363,-46.1422,323.854,22.9316,4.99291,448.435,0.269443,0.00228286,9.40413,5.55205,3.29145,1.26594,1.24786,0.488291,0.813819,0.470207,0.217018,0.108509,0.0361697,0.0180849,0,0,0.0180849
61504,61525,61514,9.4,-105.118,40.0075,284.075,-45.0655,326.786,25.3822,5.12651,336.031,0.196643,0.00222017,9.89793,6.2237,3.59925,1.59342,1.46219,0.581129,1.16226,0.599875,0.168715,0.0749843,0.0187461,0,0,0,0
61526,61556,61541,9.5,-105.114,40.0072,279.575,-45.2965,327.943,24.8194,5.66809,483.545,0.25593,0.00261067,8.97664,6.49204,3.49982,1.78999,1.33581,0.587756,1.12208,0.601115,0.253804,0.0667905,0.0400743,0.0400743,0,0,0.0133581
61557,61581,61569,9.6,-105.109,40.0065,275.793,-45.1024,329.499,25.2749,5.18902,367.102,0.212238,0.00223161,10.0702,6.327,3.26288,1.77222,1.2919,0.64595,1.06002,0.513447,0.198754,0.0662513,0.0496885,0.0165628,0,0,0
61582,61599,61590,9.7,-105.106,40.0059,271.781,-45.0059,331.029,25.5707,5.33634,387.373,0.217775,0.00231379,9.60734,6.72269,3.69137,1.85791,1.10008,0.660046,1.00229,0.586708,0.171123,0.0977846,0.0244462,0.0488923,0,0,0
61601,61618,61610,9.8,-105.104,40.005,267.565,-45.3527,332.005,24.3563,5.63045,442.971,0.236023,0.00278789,9.31027,6.17914,3.6299,1.08066,1.27462,0.720438,0.831274,0.803565,0.304801,0.138546,0.0831274,0,0,0,0
61619,61632,61626,9.9,-105.103,40.004,263.855,-45.7131,332.802,24.7975,5.35302,410.245,0.229914,0.0023293,9.4833,5.99114,3.81254,1.3456,1.79414,0.544649,0.993183,0.448534,0.160191,0.128153,0.0640763,0,0.0320382,0,0
61634,61650,61642,10,-105.101,40.0026,259.604,-46.3935,333.345,24.802,5.30887,476.087,0.269033,0.00236447,10.0674,5.98669,3.32322,1.5883,1.53943,0.635322,0.708628,0.562015,0.293225,0.0488709,0,0,0.0244355,0,0.0244355
61651,61672,61662,10.1,-105.1,40.0008,255.842,-46.868,334.046,24.5676,5.10711,365.274,0.214568,0.00212423,9.30041,6.331,3.36159,1.56874,1.42868,0.868412,0.896425,0.560266,0.112053,0.0560266,0.0560266,0.0280133,0,0,0
61674,61698,61686,10.2,-105.099,39.9979,251.616,-47.4532,334.771,25.2638,5.78829,455.879,0.236276,0.0025993,9.10905,6.17336,3.92545,1.61044,1.61044,0.788445,0.972975,0.654241,0.21808,0.0671017,0.0838771,0.0503263,0,0,0
61699,61713,61706,10.3,-105.099,39.9956,248.446,-47.6031,335.759,23.1756,5.14729,391.998,0.228469,0.0024552,9.07711,5.98703,2.86476,1.54504,1.06221,0.57939,1.0944,0.547202,0.19313,0.160942,0.0643767,0,0,0,0
61715,61736,61726,10.4,-105.098,39.9941,244.516,-46.8733,338.38,25.9662,5.70936,415.037,0.218082,0.00264393,9.53494,6.89634,3.37821,1.73908,1.47921,0.759597,1.03945,0.65965,0.359809,0.0599682,0.0199894,0.0399788,0,0,0
61737,61754,61746,10.5,-105.096,39.9924,240.295,-47.575,339.02,23.9343,5.12633,390.131,0.22831,0.00219785,9.30199,5.74842,3.37067,1.67227,1.46323,0.783876,0.757747,0.470325,0.156775,0.104517,0.0783876,0.0261292,0,0,0
61755,61780,61768,10.6,-105.094,39.9905,236.837,-48.0995,339.636,23.9317,5.24173,387.791,0.221945,0.00233477,8.90971,5.6524,3.52556,1.97355,1.22628,0.843069,0.86223,0.555659,0.210767,0.0958033,0.057482,0.0191607,0,0,0
61781,61800,61790,10.7,-105.092,39.9884,233.745,-48.0737,340.95,23.067,5.01288,358.232,0.214387,0.00235553,8.58125,5.58962,3.46399,1.70575,1.28587,0.629816,0.761028,0.603574,0.288666,0.131212,0.0262423,0,0,0,0
61801,61824,61812,10.8,-105.09,39.9868,229.818,-47.7785,343.049,23.9461,5.72088,469.623,0.246268,0.00269295,9.09532,5.60843,3.48689,1.70143,0.987252,0.735188,1.1763,0.756193,0.189048,0.0630161,0.0630161,0.0840214,0,0,0
61826,61845,61836,10.9,-105.088,39.9855,226.152,-48.5459,343.464,23.776,5.53481,444.574,0.24097,0.00269979,8.81417,6.41929,3.33309,1.43199,0.938203,0.617239,0.938203,0.814755,0.246896,0.123448,0.0246896,0.0740687,0,0,0
61846,61868,61857,11,-105.087,39.9846,222.891,-49.2719,343.776,23.3326,5.3487,421.79,0.236575,0.00256865,8.1974,6.33799,3.61885,1.43954,1.21961,0.539829,0.799746,0.719772,0.199937,0.179943,0.0399873,0.0399873,0,0,0
61869,61885,61877,11.1,-105.085,39.9841,219.655,-49.4115,344.997,24.5814,5.36529,400.833,0.224125,0.00234099,9.4245,5.99152,3.33582,1.71649,1.36024,0.777278,1.00398,0.647732,0.194319,0.0323866,0,0.0971597,0,0,0
61886,61905,61896,11.2,-105.084,39.9845,216.111,-48.6206,347.826,24.5147,5.37979,414.24,0.230998,0.00243578,9.52185,6.16941,3.37572,1.67622,1.11748,0.465616,1.2106,0.628582,0.162966,0.0931232,0.0232808,0.0465616,0.0232808,0,0
61907,61933,61920,11.3,-105.082,39.9852,212.888,-48.823,349.011,21.1207,4.87959,377.675,0.232197,0.00232087,7.97488,5.13451,2.89499,1.4566,1.05603,0.600847,1.12886,0.473394,0.21849,0.109245,0.0182075,0.0546224,0,0,0
61934,61949,61942,11.4,-105.081,39.9858,209.921,-48.7879,350.473,22.7819,5.42912,472.341,0.261004,0.00259861,8.85463,6.06317,2.85149,1.32069,1.08056,0.570298,1.05055,0.450235,0.240125,0.150078,0.0600314,0.0600314,0.0300157,0,0
61950,61976,61963,11.5,-105.078,39.9857,206.379,-48.7017,352.312,21.3972,4.89645,398.109,0.243917,0.00236343,8.60084,5.41923,2.65717,1.20622,1.11881,0.664292,0.681774,0.559404,0.262221,0.139851,0.0349628,0.0349628,0.0174814,0,0
61977,62004,61990,11.6,-105.076,39.9855,203.272,-49.295,352.903,20.9816,4.82415,401.575,0.249728,0.0021119,7.66046,5.322,2.74164,1.87076,1.29018,0.5322,0.774109,0.403182,0.145146,0.0967637,0.0645091,0.0806364,0,0,0
62006,62027,62016,11.7,-105.073,39.9852,200.378,-49.9739,353.277,21.3821,5.05548,421.993,0.250417,0.0025043,8.31394,4.94153,2.78693,1.54569,1.03046,0.796265,0.913363,0.655748,0.257615,0.0936782,0.0234196,0,0,0.0234196,0
62029,62057,62043,11.8,-105.07,39.9843,197.062,-49.147,356.29,20.8003,4.77477,364.889,0.229261,0.00233399,7.60161,5.21165,3.17633,1.34146,1.03308,0.570506,0.848049,0.585925,0.231286,0.154191,0.0154191,0.0308382,0,0,0
62058,62086,62072,11.9,-105.066,39.9825,194.097,-48.8538,358.301,17.7207,4.13517,347.028,0.251763,0.00191991,6.93956,4.32346,2.36826,1.10152,1.08775,0.413069,0.619604,0.564528,0.0963828,0.0963828,0.0550759,0.0413069,0.013769,0,0
62087,62119,62103,12,-105.062,39.9803,191.089,-47.8996,361.43,19.217,4.13722,335.87,0.243548,0.00184804,7.83903,5.07381,2.56227,0.964023,0.913285,0.39322,0.748386,0.431273,0.0634226,0.126845,0.0761071,0.0126845,0.0126845,0,0
62120,62150,62135,12.1,-105.058,39.9784,188.234,-47.4714,363.679,18.6488,3.86806,289.145,0.224256,0.00170212,7.53026,4.87698,2.28688,1.35191,0.808619,0.416944,0.720176,0.341136,0.176885,0.075808,0.037904,0.0252693,0,0,0
62151,62180,62166,12.2,-105.054,39.9763,185.433,-47.2396,365.623,18.1108,4.16856,343.788,0.247415,0.00194865,6.88845,4.48639,2.80876,1.08029,0.902361,0.432117,0.673593,0.432117,0.241477,0.0635466,0.0508372,0.0381279,0.0127093,0,0
62181,62210,62196,12.3,-105.051,39.974,182.54,-46.7515,368.059,19.308,4.9189,422.685,0.257793,0.0025392,7.33729,4.72527,2.44139,1.18132,1.05006,0.669413,0.826922,0.485652,0.341269,0.144383,0.0393772,0.0656287,0,0,0
62211,62238,62224,12.4,-105.049,39.9718,179.843,-46.8129,369.523,18.6691,4.96951,428.355,0.25859,0.00256546,6.67384,4.63883,2.33837,1.06175,1.13759,0.745752,0.935349,0.657273,0.278077,0.088479,0.0505594,0.0379196,0.0252797,0,0
62239,62264,62252,12.5,-105.046,39.97,177.138,-46.7517,371.228,19.0879,5.05932,478.331,0.283634,0.00255618,6.89119,4.7275,2.68238,1.2745,1.02256,0.533511,0.815087,0.681709,0.207477,0.0889186,0.118558,0.0296395,0,0.0148198,0
62265,62293,62279,12.6,-105.044,39.9676,174.423,-46.8889,372.65,17.6372,4.87726,464.494,0.28571,0.00256224,6.31344,4.42827,2.25209,0.999523,1.12605,0.569349,0.885653,0.582001,0.189783,0.151826,0.101218,0.0126522,0.0126522,0.0126522,0
62294,62324,62309,12.7,-105.041,39.965,171.755,-46.6072,374.757,17.2263,4.37675,381.539,0.261522,0.00210253,6.07626,4.42577,2.21288,1.14923,1.14923,0.550164,0.868037,0.41568,0.146711,0.110033,0.0366776,0.0611294,0.0244518,0,0
62326,62356,62341,12.8,-105.037,39.9626,169.156,-47.2029,375.399,17.6634,3.91804,292.944,0.224304,0.0017936,6.2274,4.76213,2.58712,1.20198,0.927242,0.469345,0.744083,0.435002,0.194606,0.0572372,0.0343423,0.0228949,0,0,0
62357,62387,62372,12.9,-105.033,39.9597,166.745,-47.0152,377.255,17.4081,3.72408,263.241,0.212059,0.001697,6.88716,4.26348,2.19077,1.12818,0.944524,0.498499,0.81334,0.432907,0.170539,0.0524736,0,0.0131184,0.0131184,0,0
62388,62415,62402,13,-105.029,39.9561,164.11,-47.6441,377.93,16.5932,3.65387,291.408,0.239259,0.00163973,6.71128,4.10868,2.03452,1.09653,0.871938,0.502025,0.700192,0.264223,0.132112,0.0924782,0.0528447,0.0132112,0.0132112,0,0
62416,62443,62430,13.1,-105.026,39.9524,161.627,-48.3929,378.316,16.8248,3.71704,325.915,0.263044,0.00159112,6.22288,4.28943,2.81694,1.11397,0.870691,0.35852,0.53778,0.35852,0.08963,0.0640214,0.0256086,0.0512171,0.0128043,0.0128043,0
62445,62468,62456,13.2,-105.023,39.9481,159.14,-49.1357,378.734,18.441,3.74371,248.356,0.199018,0.00162591,7.10977,4.40943,2.85416,1.21345,0.957085,0.495633,0.734905,0.444361,0.153817,0.0512724,0.0170908,0,0,0,0
62471,62489,62480,13.3,-105.02,39.9445,156.997,-49.7853,379.105,16.9031,3.44781,250.23,0.217729,0.00141493,6.43567,4.16426,2.70677,1.11678,1.00321,0.283927,0.624639,0.378569,0.0946423,0.0378569,0.0189285,0.0189285,0.0189285,0,0
62490,62513,62502,13.4,-105.018,39.9408,154.428,-50.0083,380.522,16.3108,3.30541,224.374,0.203642,0.00138409,5.91081,4.36951,2.3344,1.21209,0.972665,0.344174,0.583599,0.389066,0.134677,0.0299281,0,0.0299281,0,0,0
62514,62530,62522,13.5,-105.017,39.9372,152.191,-50.3419,381.535,15.689,3.21311,215.406,0.201119,0.00137748,5.69285,3.855,2.64471,1.03099,1.00858,0.246541,0.56032,0.515495,0.0672384,0.0448256,0.0224128,0,0,0,0
62531,62552,62542,13.6,-105.015,39.9347,149.745,-50.4275,383.154,16.0451,3.36583,212.904,0.189764,0.0014544,5.56446,4.23187,2.23299,1.00844,1.00844,0.666294,0.828365,0.396175,0.0540238,0.0540238,0,0,0,0,0
62553,62573,62563,13.7,-105.013,39.9321,147.554,-50.9947,383.8,14.7905,3.15889,228.733,0.217228,0.00136521,5.38668,3.72502,2.22771,1.05908,0.839956,0.346939,0.675617,0.328679,0.146079,0.0182599,0,0,0.0365198,0,0
62575,62597,62586,13.8,-105.011,39.9298,145.12,-51.7375,384.337,15.0378,3.53804,284.047,0.240852,0.00161674,5.72792,3.1401,2.35113,1.073,0.899425,0.568058,0.678514,0.362926,0.078897,0.078897,0.0631176,0,0.0157794,0,0
62598,62613,62606,13.9,-105.008,39.9279,143.14,-52.5729,384.389,15.3206,3.31488,239.334,0.2166,0.00146927,5.45192,3.81865,2.53043,1.01217,0.94316,0.230039,0.736125,0.41407,0.0920156,0.0460078,0.0460078,0,0,0,0
62615,62630,62622,14,-105.006,39.9262,140.833,-53.4243,384.682,14.7283,3.12499,212.29,0.203799,0.00141952,5.17178,3.68771,2.38352,1.07933,0.809497,0.494692,0.584636,0.269832,0.134916,0.11243,0,0,0,0,0
62632,62656,62644,14.1,-105.002,39.9246,138.33,-53.8345,385.95,14.5633,3.21186,264.107,0.246686,0.00145261,5.41721,3.72892,2.20212,0.910208,0.734039,0.396381,0.631273,0.352339,0.0880846,0.0587231,0.0146808,0.0146808,0,0.0146808,0
62657,62688,62672,14.2,-104.999,39.923,136.227,-53.1313,388.881,12.9982,2.5671,183.676,0.214651,0.00105813,5.63612,2.97255,1.726,0.89496,0.554023,0.308974,0.511406,0.266357,0.0426172,0.0426172,0.0319629,0.0106543,0,0,0
62689,62721,62705,14.3,-104.994,39.9212,133.992,-52.9544,391.031,11.9575,2.59115,218.908,0.253449,0.00113746,5.09626,2.9923,1.55459,0.666255,0.490924,0.26884,0.432481,0.245462,0.0935094,0.035066,0.0584434,0,0.0233774,0,0
62722,62757,62740,14.4,-104.99,39.9195,131.962,-53.3,392.129,11.9863,2.17315,126.257,0.174296,0.000826725,4.916,2.91354,1.69877,0.702285,0.654834,0.408085,0.379614,0.237259,0.0664324,0.00949034,0,0,0,0,0
62758,62792,62775,14.5,-104.985,39.9174,129.907,-53.5458,393.454,12.5474,2.40309,170.28,0.212575,0.000957189,5.32226,3.10063,1.74833,0.724445,0.608534,0.27046,0.425008,0.202845,0.0676149,0.0386371,0.00965927,0.0289778,0,0,0
62793,62822,62808,14.6,-104.982,39.9153,127.886,-53.719,394.904,12.0916,2.60678,215.432,0.247929,0.00112275,5.22555,2.83549,1.4775,0.727884,0.706156,0.271598,0.401966,0.260735,0.0543197,0.0543197,0.0325918,0.0325918,0.0108639,0,0
62823,62851,62837,14.7,-104.979,39.9132,125.933,-54.3892,395.427,12.1361,2.38196,163.898,0.206424,0.000946077,4.94704,2.91218,1.68151,0.816384,0.645796,0.365545,0.402099,0.231512,0.0974787,0,0.0121848,0.0243697,0,0,0
62852,62875,62864,14.8,-104.976,39.9117,124.025,-54.7145,396.578,11.8204,2.3985,164.568,0.205839,0.000991083,4.59681,3.04591,1.49501,0.754492,0.670659,0.419162,0.516966,0.195609,0.0698603,0.0279441,0.0139721,0.0139721,0,0,0
62876,62899,62888,14.9,-104.975,39.9109,122.193,-53.7,400.114,12.2953,2.87668,214.389,0.22358,0.00127758,4.09274,2.88197,1.82468,0.98908,0.972027,0.443381,0.71623,0.187584,0.102319,0.0341062,0.0511593,0,0,0,0
62901,62924,62912,15,-104.973,39.9103,120.091,-53.3483,402.74,12.5959,2.97773,197.026,0.198499,0.00140508,3.84911,3.19874,1.57946,1.12819,1.03528,0.438002,0.862732,0.358365,0.119455,0.0265456,0,0,0,0,0
62925,62948,62936,15.1,-104.972,39.9096,118.265,-54.1438,403.048,12.2284,3.14167,231.161,0.220737,0.00154976,3.32913,2.92756,2.27987,0.932674,0.829044,0.557014,0.712459,0.466337,0.129538,0.0388614,0.0129538,0.0129538,0,0,0
62949,62967,62958,15.2,-104.97,39.9089,116.544,-54.88,403.381,13.1905,3.01434,202.914,0.201948,0.00139898,4.20889,3.48391,1.75203,0.886082,1.1076,0.543732,0.724976,0.322212,0.0805529,0.0805529,0,0,0,0,0
62968,62983,62976,15.3,-104.969,39.908,114.569,-55.6669,403.888,11.9421,2.88163,186.617,0.194283,0.00132762,2.99586,3.01652,2.08677,0.909088,1.17768,0.578511,0.661155,0.3719,0.144628,0,0,0,0,0,0
62984,63007,62996,15.4,-104.966,39.9065,112.794,-56.0764,404.933,11.8325,2.60077,161.71,0.186533,0.00110448,3.39434,2.95812,1.89483,1.18597,0.940601,0.490748,0.586171,0.272638,0.0954232,0.0136319,0,0,0,0,0
63008,63032,63020,15.5,-104.963,39.9047,110.949,-56.6891,405.702,11.2156,2.85986,208.622,0.218845,0.00138552,3.33138,2.58182,1.74897,0.846725,0.916129,0.527468,0.763441,0.333138,0.111046,0.0277615,0.0277615,0,0,0,0
63033,63056,63044,15.6,-104.96,39.9029,109.182,-57.6114,405.824,11.3558,2.98017,218.797,0.220253,0.00143517,2.98012,2.588,1.88218,1.11362,0.956774,0.533284,0.815611,0.282327,0.156848,0.0156848,0.0156848,0.0156848,0,0,0
63057,63083,63070,15.7,-104.956,39.901,107.401,-58.2417,406.544,11.8929,2.88414,194.192,0.201993,0.00134288,3.77263,2.51041,1.71101,1.0238,1.10795,0.434764,0.827453,0.406714,0.0841478,0,0.0140246,0,0,0,0
63084,63116,63100,15.8,-104.952,39.8984,105.693,-57.2466,410.309,11.6859,3.01536,218.213,0.217101,0.00145884,3.22732,2.63312,1.98067,1.03694,0.932078,0.454388,0.943729,0.326227,0.0815568,0.0466039,0.011651,0.011651,0,0,0
63117,63154,63136,15.9,-104.945,39.8949,103.965,-55.6445,415.298,10.7393,2.61312,168.292,0.193209,0.00117393,2.85002,2.56403,1.46939,1.04534,1.14395,0.641007,0.611422,0.355019,0.029585,0.029585,0,0,0,0,0
63155,63190,63172,16,-104.939,39.8906,102.362,-54.2323,419.858,8.82003,2.19406,140.676,0.19235,0.000978837,2.1319,1.91494,1.43384,1.02822,0.85842,0.603724,0.547125,0.23583,0.0471659,0.0188664,0,0,0,0,0
