data/B2SAP/Locations/Boulder/NOAA-POPS-B2SAP_GMLBalloon_20200820_R0.ict
61,1001
Thornberry, T. D.
NOAA Chemical Sciences Laboratory
Portable Optical Particle Spectrometer (POPS)
Balloon Baseline Stratospheric Aerosol Profiles (B2SAP)
1,1
2020,08,20,2024,05,30
0
TIME_START,s,Seconds since midnight UTC on flight start day,Start time of 100 m altitude bin in UTC_seconds_since_midnight
28
1.0,1.0,1.0,1.0,1.0,1.0,1.0,1.0,1.0,1.0,1.0,1.0,1.0,1.0,1.0,1.0,1.0,1.0,1.0,1.0,1.0,1.0,1.0,1.0,1.0,1.0,1.0,1.0
99999,99999,99999,99999,99999,99999,99999,99999,99999,99999,99999,99999,99999,99999,99999,99999,99999,99999,99999,99999,99999,99999,99999,99999,99999,99999,99999,99999
TIME_STOP,s,End time of 100 m altitude bin in UTC seconds since midnight,
TIME_MID,s,Mid time of 100 m altitude in UTC seconds since midnight,
GPSAlt,m,GPS reported altitude above sea level (m),
GPS_Lon,deg,GPS reported longitude,
GPS_Lat,deg,GPS reported latitude,
iMet_Pressure,mb,Pressure reported (mB),
iMet_Temperature,degrees C,Ambient temperature (oC),
THETA,K,Potential temperature from iMet,
Aerosol_concentration,cm^-3,Aerosol concentration,
Surface_Area_Conc,um^2 cm^-3,Surface area concentration,
Volume_density,um^3 cm^-3,Volume density,
Effective_radius,um,Effective radius,
Extinction,km^-1,Extinction,
Bin01,cm^-3,particle concentration in size range [140 - 170 nm],
Bin02,cm^-3,particle concentration in size range [170 - 205 nm],
Bin03,cm^-3,particle concentration in size range [205 - 249 nm],
Bin04,cm^-3,particle concentration in size range [249 - 302 nm],
Bin05,cm^-3,particle concentration in size range [302 - 366 nm],
Bin06,cm^-3,particle concentration in size range [366 - 443 nm],
Bin07,cm^-3,particle concentration in size range [443 - 537 nm],
Bin08,cm^-3,particle concentration in size range [537 - 651 nm],
Bin09,cm^-3,particle concentration in size range [651 - 789 nm],
Bin10,cm^-3,particle concentration in size range [789 - 956 nm],
Bin11,cm^-3,particle concentration in size range [956 - 1159 nm],
Bin12,cm^-3,particle concentration in size range [1159 - 1404 nm],
Bin13,cm^-3,particle concentration in size range [1404 - 1702 nm],
Bin14,cm^-3,particle concentration in size range [1702 - 2062 nm],
Bin15,cm^-3,particle concentration in size range [2062 - 2500 nm],
0
19
PI_CONTACT_INFO: 325 Broadway R/CSL6, Boulder, CO 80305; troy.thornberry@noaa.gov; 303-497-3373 
PLATFORM: GML ECC/FPH balloon
LOCATION: Boulder, CO, USA
ASSOCIATED_DATA: N/A
INSTRUMENT_INFO: Printed Optical Particle Spectrometer counts particles from 140 - 2500 nm in diameter 
DATA_INFO: Particle concentrations reported in number per cubic centimeter, binned to 100 m altitude
UNCERTAINTY: Counting uncertainty dominated by air flow, less than 5 percent
ULOD_FLAG: -77777
ULOD_VALUE: 3000 ~3000 per cm3 (varies depending on flow rate- manufacturer quotes 1250  per cm3 at 1.667 cc/s)
LLOD_FLAG: -88888
LLOD_VALUE: 0 0 (varies depending on data field and measurement precision)
DM_CONTACT_INFO: Troy Thornberry, 325 Broadway R/CSL6, Boulder, CO 80305; troy.thornberry@noaa.gov; 303-497-3373
PROJECT_INFO: B2SAP Boulder, CO, USA
STIPULATIONS_ON_USE: Please contact the PIs for questions regarding applications and uncertainties
OTHER_COMMENTS: POPS bin Edges (nm):  140, 170, 205, 249, 302, 366, 443, 537, 651, 789, 956, 1159, 1404, 1702, 2062, 2500
Calculations assume sulfate refractive index of 1.45+0.00j and extinction wavelength = 532 nm
REVISION: R0
R0: QA/QC data
TIME_START,TIME_STOP,TIME_MID,GPSAlt,GPS_Lon,GPS_Lat,iMet_Pressure,iMet_Temperature,THETA,Aerosol_concentration,Surface_Area_Conc,Volume_density,Effective_radius,Extinction,Bin01,Bin02,Bin03,Bin04,Bin05,Bin06,Bin07,Bin08,Bin09,Bin10,Bin11,Bin12,Bin13,Bin14,Bin15
[from data line 302]
65165,65183,65174,21.8,-105.053,39.6406,42.2847,-54.7816,539.143,3.10898,1.45986,123.914,0.254643,0.000917139,0.28982,0.316167,0.368862,0.408383,0.474251,0.43473,0.395209,0.302994,0.0922154,0.0131736,0.0131736,0,0,0,0
65184,65203,65194,21.7,-105.056,39.6414,43.002,-55.044,535.925,3.13066,1.41347,107.208,0.227543,0.000859792,0.300543,0.225408,0.388202,0.400725,0.363157,0.500906,0.6637,0.250453,0.0375679,0,0,0,0,0,0
65204,65222,65213,21.6,-105.058,39.6414,43.6711,-55.5953,532.213,3.51729,1.4937,111.432,0.223804,0.000882036,0.264458,0.383464,0.436356,0.555362,0.462802,0.462802,0.634699,0.277681,0.0396687,0,0,0,0,0,0
65223,65243,65233,21.5,-105.06,39.6412,44.3576,-56.5848,527.438,3.48278,1.61974,127.104,0.235416,0.00100206,0.264211,0.252201,0.480383,0.420336,0.480383,0.540431,0.708566,0.264211,0.0480383,0.0240192,0,0,0,0,0
65244,65263,65254,21.4,-105.062,39.6412,45.1415,-57.7965,521.867,3.98471,1.80278,146.236,0.243351,0.00114443,0.380705,0.444156,0.482226,0.571057,0.520297,0.532987,0.507606,0.431465,0.076141,0.0380705,0,0,0,0,0
65264,65282,65273,21.3,-105.063,39.6414,45.8311,-58.0232,519.062,3.62033,1.77493,147.637,0.249537,0.00115986,0.360697,0.320619,0.400774,0.414133,0.427493,0.561084,0.681316,0.333979,0.0667957,0.0534366,0,0,0,0,0
65283,65302,65292,21.2,-105.065,39.6414,46.5135,-58.128,516.631,3.72113,1.91246,156.147,0.244941,0.00126758,0.406404,0.165101,0.368303,0.406404,0.457204,0.596905,0.800107,0.393704,0.114301,0.0127001,0,0,0,0,0
65303,65321,65312,21.1,-105.066,39.6418,47.2828,-58.7928,512.612,3.71142,1.9248,162.311,0.252979,0.00128703,0.283314,0.453303,0.325811,0.339977,0.339977,0.69412,0.79328,0.339977,0.0849943,0.0566628,0,0,0,0,0
65322,65341,65332,21,-105.067,39.6423,48.1621,-59.1558,509.069,3.55629,1.70061,136.672,0.241099,0.0010842,0.320763,0.390494,0.264978,0.446279,0.474171,0.585741,0.62758,0.362602,0.0557849,0.0278924,0,0,0,0,0
65342,65361,65352,20.9,-105.068,39.6427,48.95,-59.9525,504.823,4.42159,2.04912,168.456,0.246627,0.00124579,0.466175,0.480301,0.353163,0.522681,0.56506,0.819337,0.861717,0.240151,0.056506,0.0423795,0.0141265,0,0,0,0
65362,65382,65372,20.8,-105.068,39.6432,49.7338,-60.8538,500.414,3.74253,1.73706,138.368,0.238969,0.00112169,0.445861,0.378306,0.486393,0.405328,0.310751,0.472883,0.743101,0.445861,0.0405328,0.0135109,0,0,0,0,0
65383,65403,65393,20.7,-105.069,39.6442,50.6357,-60.5319,498.606,4.14158,2.00654,169.75,0.253795,0.00127066,0.418205,0.377733,0.404714,0.485657,0.593581,0.661033,0.728486,0.323771,0.0944333,0.0404714,0.0134905,0,0,0,0
65404,65424,65414,20.6,-105.07,39.6454,51.4919,-61.0495,495.013,4.34101,2.20544,190.062,0.258537,0.00144697,0.351608,0.473319,0.513889,0.378655,0.581506,0.567983,0.906068,0.419225,0.0811404,0.0540936,0.0135234,0,0,0,0
65425,65446,65436,20.5,-105.071,39.6463,52.3868,-60.5164,493.827,4.51959,2.23954,189.158,0.253389,0.00148885,0.527929,0.463548,0.476424,0.38629,0.515053,0.695322,0.849838,0.450672,0.077258,0.077258,0,0,0,0,0
65447,65469,65458,20.4,-105.074,39.6469,53.2491,-60.5139,491.524,4.65558,2.20151,176.714,0.240808,0.00140674,0.406439,0.480338,0.578868,0.517287,0.517287,0.677399,0.923726,0.455705,0.0615817,0.036949,0,0,0,0,0
65470,65491,65480,20.3,-105.076,39.6471,54.1018,-59.5509,491.524,4.43507,2.13703,182.532,0.256242,0.00133828,0.397362,0.474271,0.55118,0.435816,0.628088,0.666543,0.679361,0.487089,0.0769088,0.0128181,0.0256363,0,0,0,0
65492,65513,65502,20.2,-105.079,39.6468,54.9782,-59.7732,488.758,4.99145,2.3953,193.877,0.242822,0.00154478,0.449102,0.551754,0.487596,0.577417,0.538922,0.872541,0.936698,0.384944,0.166809,0.025663,0,0,0,0,0
65514,65536,65525,20.1,-105.082,39.6463,55.9057,-60.6026,484.539,4.80538,2.19072,177.114,0.242542,0.00139255,0.480538,0.603753,0.517502,0.640717,0.505181,0.690003,0.763932,0.492859,0.0616074,0.0492859,0,0,0,0,0
65537,65557,65547,20,-105.084,39.6457,56.7676,-60.9971,481.532,5.09706,2.30314,183.228,0.238667,0.00145547,0.635443,0.432642,0.581362,0.703043,0.527282,0.797683,0.865284,0.365042,0.175761,0.0135201,0,0,0,0,0
65558,65580,65569,19.9,-105.085,39.6448,57.7052,-60.9474,479.389,5.19577,2.44186,198.85,0.244302,0.00158336,0.456636,0.641758,0.641758,0.592392,0.567709,0.691124,0.950296,0.481319,0.135757,0.0370245,0,0,0,0,0
65581,65602,65592,19.8,-105.086,39.6441,58.73,-61.3414,476.108,4.89762,2.38309,192.563,0.242412,0.00155111,0.46521,0.41352,0.56859,0.542745,0.56859,0.827039,0.801195,0.555667,0.142147,0.0129225,0,0,0,0,0
65603,65623,65613,19.7,-105.087,39.6437,59.6467,-62.1976,472.077,5.45716,2.59928,211.149,0.243701,0.00169176,0.434401,0.705901,0.583726,0.678751,0.583726,0.705901,1.11315,0.447976,0.176475,0.02715,0,0,0,0,0
65624,65645,65634,19.6,-105.089,39.6436,60.6145,-62.4305,469.4,5.71591,2.94091,251.493,0.256546,0.00197521,0.544373,0.609179,0.648063,0.466605,0.686946,0.72583,1.14059,0.686946,0.155535,0.0388838,0.0129613,0,0,0,0
65646,65667,65656,19.5,-105.09,39.6435,61.6141,-61.4932,469.288,5.42917,2.55947,205.541,0.240918,0.00163529,0.399773,0.541628,0.631899,0.78665,0.696378,0.735066,0.967192,0.490044,0.154751,0.0257918,0,0,0,0,0
65668,65690,65679,19.4,-105.09,39.643,62.7065,-62.2983,465.161,5.89303,2.95251,245.646,0.249597,0.00197253,0.619016,0.594255,0.557114,0.643776,0.668537,0.79234,1.07709,0.79234,0.0866622,0.0619016,0,0,0,0,0
65691,65713,65702,19.3,-105.091,39.642,63.8361,-62.0222,463.402,5.97099,2.55995,200.142,0.234546,0.00157114,0.593391,0.729376,0.729376,0.840637,0.791188,0.754101,0.890086,0.48213,0.135985,0.0247246,0,0,0,0,0
65714,65737,65726,19.2,-105.09,39.641,64.8483,-61.3837,462.715,6.20754,3.01956,253.425,0.251783,0.00199735,0.625474,0.601872,0.696283,0.778893,0.814297,0.731687,1.13293,0.566467,0.177021,0.0826098,0,0,0,0,0
65738,65761,65750,19.1,-105.089,39.6406,65.9858,-62.7721,457.414,6.24196,3.06653,266.214,0.260439,0.00200648,0.63014,0.760924,0.665809,0.749035,0.63014,0.879819,1.11761,0.511246,0.225899,0.0475578,0.0237789,0,0,0,0
65762,65785,65774,19,-105.088,39.6408,67.0517,-62.9252,454.982,5.96027,2.74393,225.174,0.246188,0.00174876,0.496689,0.720199,0.720199,0.894041,0.571193,0.980961,0.844372,0.521524,0.13659,0.0745034,0,0,0,0,0
65786,65810,65798,18.9,-105.087,39.6414,68.1956,-63.4924,451.571,6.04722,2.87384,243.409,0.254095,0.00190171,0.629919,0.675732,0.824621,0.74445,0.629919,0.755903,0.904793,0.664278,0.114531,0.103078,0,0,0,0,0
65811,65836,65824,18.8,-105.086,39.6419,69.2996,-63.19,450.153,6.80696,3.17857,270.366,0.255177,0.00205502,0.80276,0.791763,0.76977,0.890734,0.681796,0.989704,1.0007,0.626813,0.142957,0.0989704,0.0109967,0,0,0,0
65837,65861,65849,18.7,-105.085,39.6422,70.4436,-63.3164,447.776,5.92691,2.77924,232.991,0.251498,0.00183162,0.640747,0.72084,0.663631,0.755166,0.732282,0.72084,0.858143,0.572096,0.194512,0.0686515,0,0,0,0,0
65862,65886,65874,18.6,-105.084,39.6429,71.6284,-62.9044,446.532,6.82792,3.05282,257.318,0.252866,0.00194367,0.924853,0.822091,0.765002,0.879181,0.799255,0.822091,1.02761,0.536643,0.148433,0.0913435,0.0114179,0,0,0,0
65887,65909,65898,18.5,-105.084,39.6434,72.8087,-62.4878,445.321,7.23421,3.20519,269.354,0.25211,0.00205552,1.03168,0.770654,1.01925,0.907384,0.832804,0.745795,0.907384,0.795514,0.136729,0.0745795,0.0124299,0,0,0,0
65910,65931,65920,18.4,-105.084,39.6434,73.99,-64.2736,439.527,6.36487,2.54433,196.381,0.231551,0.00151373,0.782923,0.826419,0.797421,1.0004,0.768424,0.724929,0.855416,0.478453,0.0869914,0.0434957,0,0,0,0,0
65932,65955,65944,18.3,-105.084,39.6431,75.2504,-63.5158,439,6.43577,2.83449,239.146,0.253111,0.00186078,0.900477,0.807781,0.887235,0.900477,0.582662,0.6886,0.834266,0.503208,0.251604,0.0794539,0,0,0,0,0
65956,65979,65968,18.2,-105.084,39.643,76.5421,-64.9404,433.894,7.23335,3.26687,271.189,0.249035,0.00205716,0.800739,0.800739,0.987579,0.934196,0.760702,0.947542,1.16107,0.640592,0.106765,0.0800739,0.0133457,0,0,0,0
65980,66004,65992,18.1,-105.083,39.6429,77.8184,-64.8808,431.978,6.66668,2.73234,223.318,0.245194,0.00166691,0.998083,0.780552,0.908512,0.998083,0.703777,0.780552,0.75496,0.537429,0.140755,0.0511838,0.0127959,0,0,0,0
66005,66030,66018,18,-105.082,39.643,79.1631,-65.39,428.817,7.26535,2.98134,243.534,0.245058,0.00184487,1.10156,1.1882,0.878774,0.779757,0.705494,0.891151,0.903528,0.606478,0.148525,0.0495084,0.0123771,0,0,0,0
66031,66056,66044,17.9,-105.082,39.6433,80.5062,-65.56,426.411,6.93738,2.75969,212.924,0.231465,0.00167315,1.02456,1.04925,0.790022,0.901118,0.703613,0.740645,1.06159,0.518452,0.123441,0.0246882,0,0,0,0,0
66057,66083,66070,17.8,-105.082,39.6434,81.8478,-65.1956,425.15,7.60063,3.0565,257.43,0.252672,0.00185988,1.28261,1.06884,0.985707,0.926327,0.902575,0.843195,0.866947,0.403784,0.225644,0.0712559,0.023752,0,0,0,0
66084,66109,66096,17.7,-105.082,39.6429,83.1927,-65.9612,421.609,6.89313,2.80111,244.899,0.262288,0.00166894,1.20042,1.01479,0.915783,0.866281,0.606397,0.792029,0.853906,0.396014,0.160881,0.0371263,0.0495018,0,0,0,0
66110,66136,66123,17.6,-105.081,39.6423,84.6341,-66.8533,417.745,7.10321,2.45364,188.975,0.231055,0.00142785,1.27738,1.4087,1.07444,0.680476,0.716291,0.692414,0.680476,0.358145,0.167134,0.0477527,0,0,0,0,0
66137,66161,66149,17.5,-105.08,39.6419,86.0828,-66.7636,415.903,7.5163,2.42175,200.909,0.248881,0.00130582,1.63454,1.36426,1.27417,0.913797,0.785093,0.527686,0.476204,0.32176,0.128704,0.0514815,0.0386111,0,0,0,0
66162,66187,66174,17.4,-105.079,39.6416,87.4792,-66.7735,413.973,7.89478,2.64771,218.217,0.247253,0.00151023,1.88089,1.52204,0.952819,0.965193,0.668211,0.593965,0.717708,0.358854,0.136117,0.0742456,0.0123743,0.0123743,0,0,0
66188,66213,66200,17.3,-105.078,39.642,89.0023,-66.8008,411.889,8.03196,2.56039,204.358,0.239445,0.00135921,1.76975,1.6955,1.11383,0.878689,0.655923,0.668299,0.75493,0.346525,0.0866313,0.0247518,0.0247518,0.0123759,0,0,0
66214,66238,66226,17.2,-105.076,39.6424,90.506,-66.6336,410.247,8.28856,2.6347,201.64,0.229598,0.0014381,1.8276,1.58306,1.09399,1.06825,0.733615,0.797967,0.643522,0.30889,0.180186,0.0386113,0.0128704,0,0,0,0
66239,66263,66251,17.1,-105.075,39.6425,92.0296,-66.6604,408.246,7.9617,2.84236,235.427,0.248484,0.00168755,1.6335,1.36339,1.38912,0.861767,0.591661,0.565936,0.797456,0.514488,0.167209,0.0514488,0.0257244,0,0,0,0
66264,66289,66276,17,-105.075,39.6423,93.585,-67.0558,405.523,8.72111,2.9796,230.467,0.232045,0.00166387,1.52372,1.61043,1.30073,1.0282,0.953871,0.867155,0.805216,0.42119,0.136267,0.0619397,0.0123879,0,0,0,0
66290,66316,66303,16.9,-105.075,39.6414,95.1674,-66.3911,404.876,8.65109,2.80222,221.402,0.237028,0.00158745,2.10335,1.60425,1.12892,0.998202,0.796185,0.677352,0.677352,0.439684,0.130717,0.0831835,0.0118834,0,0,0,0
66317,66343,66330,16.8,-105.075,39.6395,96.8178,-67.1356,401.448,9.51147,2.65582,205,0.231567,0.0013205,2.44342,1.88322,1.64484,1.1204,0.715148,0.655552,0.572118,0.262221,0.14303,0.0357574,0.0357574,0,0,0,0
66344,66372,66358,16.7,-105.073,39.6372,98.5045,-67.2779,399.196,10.6629,2.82867,201.79,0.214012,0.00136655,2.72471,2.07597,1.68672,1.43902,1.06158,0.577969,0.601559,0.306677,0.117953,0.0589764,0.0117953,0,0,0,0
66373,66401,66387,16.6,-105.071,39.6348,100.138,-67.1617,397.542,11.5974,2.93334,197.372,0.201857,0.00137439,2.94933,2.37446,2.11202,1.24972,1.08725,0.637356,0.712339,0.349921,0.0624859,0.0624859,0,0,0,0,0
66402,66432,66417,16.5,-105.068,39.6325,101.877,-67.0587,395.797,13.8686,3.25644,220.429,0.203071,0.00137612,3.48176,3.28314,2.38349,1.7292,1.19174,0.794496,0.607556,0.221992,0.0934701,0.0584188,0.0233675,0,0,0,0
66433,66463,66448,16.4,-105.064,39.6306,103.596,-68.2561,391.615,16.498,3.2047,170.078,0.159214,0.0010216,4.13625,3.78373,3.3607,2.42065,1.33958,0.716793,0.528782,0.176261,0.0352521,0,0,0,0,0,0
66464,66493,66478,16.3,-105.06,39.6296,105.385,-68.845,388.586,14.4219,3.02528,182.653,0.181127,0.00108578,3.60243,3.57809,2.55578,1.87424,1.26572,0.864096,0.462474,0.121704,0.0365111,0.0486814,0.0121704,0,0,0,0
66494,66524,66509,16.2,-105.056,39.6287,107.17,-70.1932,384.179,9.25004,2.02634,132.44,0.196078,0.000842677,2.74426,2.11734,1.47859,1.25384,0.662407,0.343032,0.331203,0.201088,0.0946295,0.0118287,0.0118287,0,0,0,0
66525,66554,66540,16.1,-105.053,39.6283,109.01,-70.2967,382.111,7.65864,1.66963,119.777,0.215217,0.000651878,2.25973,1.84443,1.38027,0.916106,0.513019,0.293154,0.195436,0.171006,0.048859,0,0.0366442,0,0,0,0
66555,66586,66570,16,-105.051,39.6276,110.89,-69.5941,381.568,7.7438,1.64059,105.702,0.193287,0.000638514,2.48989,1.59901,1.31348,0.925144,0.548233,0.44544,0.239852,0.102794,0.0456861,0.0228431,0.0114215,0,0,0,0
66587,66615,66601,15.9,-105.05,39.6268,112.748,-68.9338,380.998,8.3027,1.64802,100.603,0.183135,0.000591118,2.42424,2.12278,1.43193,1.08023,0.427068,0.414507,0.226095,0.100487,0.0628041,0,0.0125608,0,0,0,0
66616,66646,66631,15.8,-105.049,39.6256,114.675,-67.6794,381.476,7.6721,1.75879,121.592,0.207403,0.000788353,2.3355,1.73994,1.36626,0.829101,0.408712,0.350324,0.373679,0.14013,0.0934198,0.023355,0.0116775,0,0,0,0
66647,66674,66660,15.7,-105.048,39.624,116.676,-68.4643,378.151,7.23857,1.49074,97.4801,0.196171,0.000522789,2.1884,1.68339,1.20427,0.90644,0.582711,0.284881,0.258983,0.090644,0.0129491,0,0.0258983,0,0,0,0
66675,66701,66688,15.6,-105.046,39.6218,118.627,-67.863,377.475,6.92888,1.49965,99.0663,0.198179,0.00059506,2.27396,1.31087,1.19048,0.896207,0.508296,0.267524,0.307653,0.10701,0.0401287,0.0133762,0,0.0133762,0,0,0
66702,66729,66716,15.5,-105.043,39.6191,120.583,-67.4086,376.538,6.34491,1.28348,80.9087,0.189115,0.000520356,2.17503,1.64736,0.7722,0.74646,0.32175,0.32175,0.16731,0.14157,0.01287,0.03861,0,0,0,0,0
66730,66756,66743,15.4,-105.039,39.6161,122.647,-67.7019,374.188,5.78736,1.14987,67.0884,0.175033,0.000428931,1.89793,1.20292,1.05589,0.668286,0.387606,0.253949,0.147023,0.160389,0,0.0133657,0,0,0,0,0
66757,66785,66771,15.3,-105.033,39.6129,124.701,-67.8248,372.199,4.65571,1.06272,74.8484,0.211294,0.00046871,1.71788,1.04567,0.535283,0.348556,0.348556,0.286314,0.199175,0.136933,0.0124484,0.0124484,0.0124484,0,0,0,0
66786,66817,66802,15.2,-105.026,39.6098,126.866,-67.035,371.784,4.75682,0.890783,53.3035,0.179517,0.000286544,1.51455,1.20042,0.897513,0.4151,0.314129,0.179503,0.190721,0.0336567,0,0,0.0112189,0,0,0,0
66818,66851,66834,15.1,-105.019,39.6069,129.051,-67.4368,369.26,4.26814,0.920144,58.8969,0.192025,0.000395311,1.41567,0.87687,0.792352,0.454282,0.200729,0.1796,0.211294,0.105647,0.0105647,0.0211294,0,0,0,0,0
66852,66885,66868,15,-105.012,39.6041,131.251,-66.4915,369.176,4.70778,0.997422,61.954,0.186342,0.000417848,1.53423,1.08237,0.714574,0.535931,0.304745,0.157627,0.241694,0.094576,0.0315253,0.0105084,0,0,0,0,0
66886,66918,66902,14.9,-105.006,39.6012,133.422,-65.5873,369.045,4.43336,1.02928,78.6734,0.229306,0.000445062,1.36992,1.11104,0.679565,0.46383,0.312816,0.161801,0.183375,0.086294,0.0215735,0.0215735,0.0215735,0,0,0,0
66919,66953,66936,14.8,-105.001,39.5979,135.58,-64.5868,369.134,3.70964,0.905685,69.1633,0.229097,0.000388427,1.00035,0.906569,0.708582,0.260508,0.333451,0.218827,0.166725,0.062522,0.0208407,0.0104203,0.0208407,0,0,0,0
66954,66986,66970,14.7,-104.996,39.5936,137.863,-64.6939,367.193,3.3389,0.676082,40.3857,0.179205,0.000259049,1.06286,0.762256,0.547536,0.386496,0.236192,0.139568,0.128832,0.05368,0.010736,0.010736,0,0,0,0,0
66987,67016,67002,14.6,-104.991,39.589,140.159,-63.9638,366.738,3.42963,0.841252,68.1403,0.242996,0.000372228,1.14321,0.6689,0.608091,0.364854,0.218913,0.13378,0.158104,0.0851327,0.0121618,0.0121618,0.0243236,0,0,0,0
67017,67045,67031,14.5,-104.986,39.5843,142.477,-63.8563,365.209,3.23171,0.580297,32.9246,0.170213,0.000197729,0.990361,0.899144,0.61246,0.351839,0.156373,0.0651554,0.0912175,0.0521243,0,0.0130311,0,0,0,0,0
67046,67073,67060,14.4,-104.981,39.5795,144.845,-62.9144,365.134,3.10047,0.551683,29.0826,0.158149,0.000176369,1.01187,0.804307,0.505935,0.363235,0.155672,0.129727,0.0648635,0.0648635,0,0,0,0,0,0,0
