data/B2SAP/Locations/Boulder/NOAA-POPS-B2SAP_GMLBalloon_20240417_R0.ict
82,1001
Thornberry, T. D.
NOAA Chemical Sciences Laboratory
Portable Optical Particle Spectrometer (POPS)
Balloon Baseline Stratospheric Aerosol Profiles (B2SAP)
1,1
2024,04,17,2024,05,28
0
TIME_START,s,Seconds since midnight UTC on flight start day,Start time of 100 m altitude bin in UTC_seconds_since_midnight
49
1.0,1.0,1.0,1.0,1.0,1.0,1.0,1.0,1.0,1.0,1.0,1.0,1.0,1.0,1.0,1.0,1.0,1.0,1.0,1.0,1.0,1.0,1.0,1.0,1.0,1.0,1.0,1.0,1.0,1.0,1.0,1.0,1.0,1.0,1.0,1.0,1.0,1.0,1.0,1.0,1.0,1.0,1.0,1.0,1.0,1.0,1.0,1.0,1.0
99999,99999,99999,99999,99999,99999,99999,99999,99999,99999,99999,99999,99999,99999,99999,99999,99999,99999,99999,99999,99999,99999,99999,99999,99999,99999,99999,99999,99999,99999,99999,99999,99999,99999,99999,99999,99999,99999,99999,99999,99999,99999,99999,99999,99999,99999,99999,99999,99999
TIME_STOP,s,End time of 100 m altitude bin in UTC seconds since midnight,
TIME_MID,s,Mid time of 100 m altitude in UTC seconds since midnight,
GPSAlt,km,GPS reported altitude above sea level (km),
GPS_Lon,deg,GPS reported longitude,
GPS_Lat,deg,GPS reported latitude,
iMet_Pressure,hPa,Pressure reported (hPa),
iMet_Temperature,degrees C,Ambient temperature (oC),
THETA,K,Potential temperature from iMet,
Aerosol_concentration,cm^-3,Aerosol concentration,
Surface_Area_Conc,um^2 cm^-3,Surface area concentration,
Volume_density,um^3 cm^-3,Volume density,
Effective_radius,um,Effective radius,
Extinction,km^-1,Extinction,
Bin01,cm^-3,particle concentration in size range [140 - 146.14 nm],
Bin02,cm^-3,particle concentration in size range [146.14 - 152.56 nm],
Bin03,cm^-3,particle concentration in size range [152.56 - 159.25 nm],
Bin04,cm^-3,particle concentration in size range [159.25 - 166.24 nm],
Bin05,cm^-3,particle concentration in size range [166.24 - 173.54 nm],
Bin06,cm^-3,particle concentration in size range [173.54 - 181.16 nm],
Bin07,cm^-3,particle concentration in size range [181.16 - 189.11 nm],
Bin08,cm^-3,particle concentration in size range [189.11 - 197.41 nm],
Bin09,cm^-3,particle concentration in size range [197.41 - 206.07 nm],
Bin10,cm^-3,particle concentration in size range [206.07 - 215.12 nm],
Bin11,cm^-3,particle concentration in size range [215.12 - 224.56 nm],
Bin12,cm^-3,particle concentration in size range [224.56 - 234.41 nm],
Bin13,cm^-3,particle concentration in size range [234.41 - 244.70 nm],
Bin14,cm^-3,particle concentration in size range [244.70 - 361.30 nm],
Bin15,cm^-3,particle concentration in size range [361.30 - 472.80 nm],
Bin16,cm^-3,particle concentration in size range [472.80 - 567.00 nm],
Bin17,cm^-3,particle concentration in size range [567.00 - 610.66 nm],
Bin18,cm^-3,particle concentration in size range [610.66 - 657.69 nm],
Bin19,cm^-3,particle concentration in size range [657.69 - 708.33 nm],
Bin20,cm^-3,particle concentration in size range [708.33 - 762.88 nm],
Bin21,cm^-3,particle concentration in size range [762.88 - 821.62 nm],
Bin22,cm^-3,particle concentration in size range [821.62 - 884.89 nm],
Bin23,cm^-3,particle concentration in size range [884.89 - 953.03 nm],
Bin24,cm^-3,particle concentration in size range [953.03 - 1026.42 nm],
Bin25,cm^-3,particle concentration in size range [1026.42 - 1105.46 nm],
Bin26,cm^-3,particle concentration in size range [1105.46 - 1190.59 nm]],
[...]
LOCATION: Boulder, CO, USA
ASSOCIATED_DATA: N/A
INSTRUMENT_INFO: Printed Optical Particle Spectrometer counts particles from 140 - 2500 nm in diameter 
DATA_INFO: Particle concentrations reported in number per cubic centimeter, binned to 100 m altitude
UNCERTAINTY: Counting uncertainty dominated by air flow, less than 5 percent
ULOD_FLAG: -77777
ULOD_VALUE: 3000 ~3000 per cm3 (varies depending on flow rate- manufacturer quotes 1250  per cm3 at 1.667 cc/s)
LLOD_FLAG: -88888
LLOD_VALUE: 0 0 (varies depending on data field and measurement precision)
DM_CONTACT_INFO: Troy Thornberry, 325 Broadway R/CSL6, Boulder, CO 80305; troy.thornberry@noaa.gov; 303-497-3373
PROJECT_INFO: B2SAP Boulder, CO, USA
STIPULATIONS_ON_USE: Please contact the PIs for questions regarding applications and uncertainties
OTHER_COMMENTS: POPS bin Edges (nm):  140, 146.14, 152.56, 159.25, 166.24, 173.54, 181.16, 189.11, 197.41, 206.07, 215.12, 224.56, 234.41, 244.70, 361.30, 472.80, 567.00, 610.66, 657.69, 708.33, 762.88, 821.62, 884.89, 953.03, 1026.42, 1105.46, 1190.59, 1282.27, 1381.01, 1487.36, 1601.89, 1725.25, 1858.10, 2001.18, 2155.28, 2321.25, 2500
Calculations assume sulfate refractive index of 1.45+0.00j and extinction wavelength = 532 nm
REVISION: R0
R0: QA/QC data
TIME_START,TIME_STOP,TIME_MID,GPSAlt,GPS_Lon,GPS_Lat,iMet_Pressure,iMet_Temperature,THETA,Aerosol_concentration,Surface_Area_Conc,Volume_density,Effective_radius,Extinction,Bin01,Bin02,Bin03,Bin04,Bin05,Bin06,Bin07,Bin08,Bin09,Bin10,Bin11,Bin12,Bin13,Bin14,Bin15,Bin16,Bin17,Bin18,Bin19,Bin20,Bin21,Bin22,Bin23,Bin24,Bin25,Bin26,Bin27,Bin28,Bin29,Bin30,Bin31,Bin32,Bin33,Bin34,Bin35,Bin36
[from data line 205]
62981,63001,62991,22,-104.306,39.9601,41.1719,-58.52,533.976,2.17142,0.768617,65.2703,0.254757,0.000480944,0.214756,0.143171,0.095447,0.107378,0.0477235,0.155101,0.107378,0.119309,0.0357926,0.0596544,0.0596544,0.0715853,0.0357926,0.40565,0.178963,0.167032,0.0119309,0.0477235,0.0238618,0.0238618,0.0238618,0.0119309,0.0238618,0,0,0,0,0,0,0,0,0,0,0,0,0
63002,63019,63010,22.1,-104.305,39.9614,40.5142,-58.8263,535.67,2.49788,0.880561,73.1825,0.249327,0.000545296,0.224677,0.185028,0.198244,0.118947,0.0792978,0.0925141,0.0792978,0.0528652,0.132163,0.0660815,0.0792978,0.0528652,0.0792978,0.409705,0.277542,0.185028,0.0132163,0.0528652,0.0264326,0.0396489,0.0132163,0.0264326,0.0132163,0,0,0,0,0,0,0,0,0,0,0,0,0
63021,63039,63030,22.2,-104.304,39.9623,39.8768,-58.6053,538.662,2.25968,0.654651,47.9181,0.219589,0.000343908,0.198218,0.158574,0.211432,0.198218,0.105716,0.0396435,0.052858,0.0792871,0.0792871,0.0925016,0.026429,0.0792871,0.052858,0.396435,0.26429,0.105716,0.052858,0.026429,0.0132145,0,0.0132145,0,0.0132145,0,0,0,0,0,0,0,0,0,0,0,0,0
63040,63058,63049,22.3,-104.303,39.9626,39.2689,-58.6805,540.835,1.88635,0.523275,40.411,0.231681,0.000277328,0.184678,0.184678,0.184678,0.0791476,0.145104,0.0395738,0.0395738,0.10553,0.0791476,0.0395738,0.0791476,0.0527651,0.0131913,0.31659,0.184678,0.0791476,0.0131913,0.0131913,0,0.0263825,0,0,0.0263825,0,0,0,0,0,0,0,0,0,0,0,0,0
63059,63078,63068,22.4,-104.301,39.9625,38.653,-58.1045,544.746,2.34948,0.660627,52.0878,0.236538,0.000373982,0.351794,0.301537,0.125641,0.0879484,0.0879484,0.163333,0.113076,0.100512,0.100512,0.0628203,0.0251281,0.0628203,0.0376922,0.251281,0.251281,0.0753843,0.0502562,0.0251281,0.0251281,0.0125641,0,0.0251281,0.0125641,0,0,0,0,0,0,0,0,0,0,0,0,0
63079,63097,63088,22.5,-104.301,39.9622,38.0595,-58.4032,546.401,2.19367,0.550681,39.0084,0.21251,0.000281061,0.251082,0.211438,0.224653,0.132149,0.198223,0.0660743,0.105719,0.0528595,0.0792892,0.0528595,0.0396446,0.0264297,0.0660743,0.317157,0.185008,0.105719,0,0.0264297,0.0132149,0.0132149,0.0264297,0,0,0,0,0,0,0,0,0,0,0,0,0,0,0
63098,63117,63108,22.6,-104.301,39.9618,37.4265,-58.7545,548.126,1.85827,0.556044,41.6721,0.224832,0.000306593,0.200894,0.200894,0.15067,0.087891,0.0627793,0.0376676,0.100447,0.0627793,0.0376676,0.0502234,0.0376676,0.0502234,0.0376676,0.326452,0.200894,0.113003,0.0376676,0.0125559,0.0125559,0.0125559,0.0125559,0.0125559,0,0,0,0,0,0,0,0,0,0,0,0,0,0
63118,63134,63126,22.7,-104.301,39.9612,36.8412,-58.26,551.868,1.91724,0.672025,61.4806,0.274457,0.000436247,0.280212,0.191724,0.117984,0.0884881,0.058992,0.103236,0.103236,0.044244,0.044244,0.058992,0.014748,0.044244,0.103236,0.22122,0.162228,0.117984,0.029496,0.029496,0.014748,0.029496,0,0,0.058992,0,0,0,0,0,0,0,0,0,0,0,0,0
63135,63150,63142,22.8,-104.301,39.961,36.2719,-57.8387,555.418,1.61936,0.512054,37.4606,0.219472,0.000290785,0.235829,0.157219,0.0628876,0.0471657,0.0943314,0.0471657,0.110053,0.0786095,0,0.0471657,0.0314438,0,0,0.267272,0.188663,0.157219,0.0471657,0.0314438,0,0.0157219,0,0,0,0,0,0,0,0,0,0,0,0,0,0,0,0
63151,63168,63160,22.9,-104.3,39.9612,35.7128,-58.02,557.419,1.88719,0.643469,50.8232,0.236949,0.000402898,0.19427,0.166517,0.0971348,0.138764,0.138764,0.0416292,0.0832584,0.0832584,0.0555056,0.0416292,0.0277528,0.0416292,0.0416292,0.222022,0.124888,0.263652,0.0277528,0.0277528,0.0416292,0.0138764,0.0138764,0,0,0,0,0,0,0,0,0,0,0,0,0,0,0
63169,63185,63177,23,-104.3,39.9617,35.1382,-58.6224,558.439,1.65815,0.523877,42.9582,0.246002,0.0003033,0.118439,0.162854,0.133244,0.0740244,0.0444147,0.0740244,0.0444147,0.103634,0.133244,0.0740244,0,0.0296098,0.0592195,0.251683,0.148049,0.118439,0.0148049,0,0.0296098,0.0148049,0,0,0.0296098,0,0,0,0,0,0,0,0,0,0,0,0,0
63186,63203,63194,23.1,-104.299,39.9622,34.6072,-58.9044,560.141,1.93876,0.769659,73.1737,0.285219,0.000510206,0.167375,0.153427,0.125531,0.0697396,0.0976355,0.0697396,0.0697396,0.0418438,0.0557917,0.0697396,0.0976355,0.0697396,0.0836875,0.237115,0.237115,0.139479,0,0.0139479,0.0139479,0.0278958,0.0139479,0.0139479,0.0697396,0,0,0,0,0,0,0,0,0,0,0,0,0
63204,63222,63213,23.2,-104.298,39.9622,34.0083,-58.5967,563.746,2.03347,0.737423,60.7559,0.247168,0.00046384,0.19499,0.153207,0.111423,0.125351,0.0974952,0.0974952,0.0557115,0.0278558,0.0696394,0.0696394,0.0696394,0.0278558,0.0557115,0.278558,0.278558,0.125351,0.0557115,0.0696394,0.0139279,0.0139279,0.0278558,0,0.0139279,0,0,0,0,0,0,0,0,0,0,0,0,0
63223,63240,63232,23.3,-104.298,39.962,33.4633,-58.5744,566.415,1.82437,0.469449,31.3088,0.200078,0.00022977,0.181044,0.0557058,0.181044,0.167117,0.0696323,0.181044,0.0696323,0.111412,0.0417794,0.0417794,0.0278529,0.0557058,0.0278529,0.250676,0.181044,0.111412,0.0278529,0.0278529,0.0139265,0,0,0,0,0,0,0,0,0,0,0,0,0,0,0,0,0
63241,63258,63250,23.4,-104.298,39.962,32.945,-58.2367,569.842,1.73984,0.634805,52.4107,0.247686,0.000384912,0.2227,0.0974313,0.11135,0.0417563,0.0835125,0.0695938,0.055675,0.055675,0.0278375,0.0417563,0.0417563,0.0417563,0.0417563,0.278375,0.278375,0.125269,0.0139188,0.0278375,0.055675,0,0,0,0.0278375,0,0,0,0,0,0,0,0,0,0,0,0,0
63259,63277,63268,23.5,-104.299,39.9621,32.4253,-57.7453,573.75,1.98036,0.816196,69.8806,0.256852,0.000544506,0.237643,0.250845,0.0792143,0.0528095,0.105619,0.0528095,0.0396072,0.0264048,0.0396072,0.0132024,0.0264048,0,0.0528095,0.303655,0.290452,0.184833,0.0660119,0.0660119,0.0396072,0.0132024,0.0132024,0.0132024,0.0132024,0,0,0,0,0,0,0,0,0,0,0,0,0
63278,63295,63286,23.6,-104.299,39.9623,31.9044,-57.2194,577.809,1.82068,0.559573,44.4166,0.238128,0.000323971,0.125085,0.0694917,0.138983,0.152882,0.0555933,0.138983,0.0694917,0.08339,0.0555933,0.0694917,0.111187,0.0277967,0.0694917,0.319662,0.08339,0.138983,0.0277967,0.0277967,0,0.0138983,0.0277967,0,0.0138983,0,0,0,0,0,0,0,0,0,0,0,0,0
63296,63313,63304,23.7,-104.298,39.9625,31.4083,-56.1833,583.191,1.93507,0.615033,46.0863,0.224799,0.000344312,0.110576,0.234973,0.0967536,0.0829317,0.0967536,0.0967536,0.0829317,0.0276439,0.0414658,0.0691097,0.0552878,0.0967536,0.0414658,0.304083,0.248795,0.138219,0.0276439,0.0552878,0,0,0.0138219,0.0138219,0,0,0,0,0,0,0,0,0,0,0,0,0,0
63314,63331,63322,23.8,-104.298,39.9625,30.9417,-55.2167,588.3,1.61183,0.495298,38.7568,0.234748,0.000282212,0.137763,0.110211,0.123987,0.0688817,0.137763,0.123987,0.15154,0.0551053,0.0275527,0.0275527,0.041329,0.0275527,0.0275527,0.123987,0.206645,0.15154,0.0275527,0.0137763,0,0,0,0.0137763,0.0137763,0,0,0,0,0,0,0,0,0,0,0,0,0
63332,63349,63340,23.9,-104.299,39.9626,30.4406,-55.2778,590.883,1.49063,0.508065,40.7201,0.240442,0.000306424,0.0966149,0.110417,0.138021,0.0828128,0.0690106,0.0828128,0.0276043,0.0552085,0.0414064,0.0414064,0.0138021,0.0138021,0.0414064,0.317449,0.165626,0.0690106,0,0.0552085,0.0414064,0,0.0138021,0.0138021,0,0,0,0,0,0,0,0,0,0,0,0,0,0
63350,63367,63358,24,-104.3,39.9627,29.965,-55.2142,593.72,1.44685,0.475145,35.391,0.223454,0.000270412,0.124016,0.062008,0.0206693,0.0413387,0.103347,0.0413387,0.103347,0.062008,0.0206693,0.124016,0.062008,0.0826774,0,0.206693,0.206693,0.0826774,0.0206693,0.0413387,0.0206693,0.0206693,0,0,0,0,0,0,0,0,0,0,0,0,0,0,0,0
63368,63385,63376,24.1,-104.301,39.9627,29.5133,-55.3978,595.799,1.46003,0.561907,46.0868,0.246056,0.000361352,0.122806,0.095516,0.0818708,0.0272903,0.122806,0.0136451,0.0545806,0.0545806,0.0272903,0.0409354,0.0136451,0.0136451,0.0272903,0.368419,0.122806,0.122806,0.0272903,0.0409354,0.0272903,0.0409354,0.0136451,0,0,0,0,0,0,0,0,0,0,0,0,0,0,0
63386,63402,63394,24.2,-104.302,39.9625,29.0594,-55.9194,597.011,1.77564,0.612729,49.843,0.244038,0.000372348,0.108436,0.108436,0.108436,0.0948817,0.135545,0.0948817,0.0677726,0.0948817,0.0813271,0.027109,0.0813271,0.0135545,0.0406636,0.243981,0.203318,0.1491,0.027109,0,0.0542181,0,0.0135545,0.027109,0,0,0,0,0,0,0,0,0,0,0,0,0,0
63403,63421,63412,24.3,-104.303,39.9625,28.6026,-55.3026,601.425,1.40826,0.429043,31.1408,0.217746,0.000232713,0.155147,0.095475,0.119344,0.0477375,0.0358031,0.107409,0.0358031,0.0835406,0.0238687,0.0358031,0.0358031,0.0238687,0.0119344,0.238687,0.202884,0.0835406,0.0238687,0,0.0238687,0.0238687,0,0,0,0,0,0,0,0,0,0,0,0,0,0,0,0
63422,63439,63430,24.4,-104.304,39.9625,28.1633,-54.6611,605.867,1.50144,0.486846,36.7389,0.226389,0.000292024,0.212704,0.137632,0.100096,0.0750721,0.0875841,0.037536,0.025024,0.050048,0.037536,0.037536,0.025024,0.025024,0.050048,0.200192,0.12512,0.175168,0.025024,0.0625601,0,0.012512,0,0,0,0,0,0,0,0,0,0,0,0,0,0,0,0
63440,63456,63448,24.5,-104.305,39.9623,27.7453,-54.7318,608.261,1.15661,0.337789,23.5043,0.208748,0.000173221,0.0930608,0.0531776,0.066472,0.066472,0.0398832,0.0531776,0.0930608,0.066472,0.066472,0.0265888,0,0.0398832,0.0132944,0.21271,0.132944,0.0930608,0.0132944,0,0.0132944,0.0132944,0,0,0,0,0,0,0,0,0,0,0,0,0,0,0,0
63457,63474,63466,24.6,-104.306,39.9616,27.3072,-55.1389,609.901,1.40362,0.501838,41.2755,0.246746,0.000317523,0.139097,0.177033,0.0758712,0.0758712,0.0758712,0.063226,0.0379356,0.0379356,0.0126452,0.0505808,0.0252904,0.0252904,0.0126452,0.189678,0.139097,0.151742,0.0379356,0.0252904,0.0252904,0,0,0.0252904,0,0,0,0,0,0,0,0,0,0,0,0,0,0
63475,63492,63484,24.7,-104.307,39.9606,26.8978,-55.2722,612.164,1.27795,0.322721,20.9988,0.195204,0.000149555,0.164488,0.101224,0.0759178,0.0885707,0.0379589,0.0379589,0.0759178,0.0759178,0.0379589,0.0253059,0.0632648,0.0506118,0.0253059,0.139183,0.177141,0.0759178,0.012653,0,0,0.012653,0,0,0,0,0,0,0,0,0,0,0,0,0,0,0,0
63493,63511,63502,24.8,-104.308,39.9598,26.4626,-55.6463,613.966,1.1381,0.332475,23.3095,0.210328,0.000174865,0.0484296,0.108967,0.0726444,0.060537,0.0484296,0.060537,0.0847518,0.0726444,0.0484296,0.0363222,0.0242148,0.0242148,0.0121074,0.145289,0.181611,0.0363222,0.0242148,0.0363222,0.0121074,0,0,0,0,0,0,0,0,0,0,0,0,0,0,0,0,0
63512,63529,63520,24.9,-104.309,39.9592,26.0439,-55.5556,617.027,1.24032,0.372897,24.8128,0.199622,0.000181416,0.100228,0.0626425,0.050114,0.0375855,0.050114,0.025057,0.0375855,0.050114,0.0876994,0.025057,0.025057,0.0626425,0.0751709,0.238041,0.175399,0.0876994,0.0375855,0.0125285,0,0,0,0,0,0,0,0,0,0,0,0,0,0,0,0,0,0
63530,63547,63538,25,-104.31,39.9588,25.6333,-54.1133,623.945,1.55484,0.551923,44.5124,0.241949,0.000346146,0.150468,0.100312,0.100312,0.087773,0.12539,0.050156,0.037617,0.100312,0.037617,0.025078,0.025078,0.037617,0.050156,0.150468,0.213163,0.12539,0.050156,0.025078,0.025078,0.025078,0,0.012539,0,0,0,0,0,0,0,0,0,0,0,0,0,0
63548,63565,63556,25.1,-104.312,39.9585,25.2506,-54.175,626.456,1.31177,0.447937,39.8344,0.266786,0.000284539,0.239651,0.0882923,0.0126132,0.126132,0.0756791,0.0252264,0.0504528,0.100906,0.0378396,0.0504528,0,0,0.0126132,0.189198,0.113519,0.0882923,0.0252264,0.0126132,0.0126132,0,0.0126132,0.0126132,0.0252264,0,0,0,0,0,0,0,0,0,0,0,0,0
63566,63583,63574,25.2,-104.313,39.9586,24.865,-54.675,627.779,1.35805,0.444193,33.121,0.223693,0.000257917,0.164997,0.114229,0.0634604,0.0634604,0.0253842,0.0634604,0.0761525,0.0634604,0.0761525,0,0.0380763,0.0126921,0.0507684,0.152305,0.152305,0.177689,0.0253842,0,0.0253842,0.0126921,0,0,0,0,0,0,0,0,0,0,0,0,0,0,0,0
63584,63601,63592,25.3,-104.313,39.9588,24.4767,-55.2683,628.894,1.17152,0.411935,32.6677,0.237909,0.000249265,0.140073,0.101871,0.0636694,0.0254678,0.0636694,0.0509355,0.0254678,0.0636694,0.0382016,0.0127339,0.0382016,0,0.0382016,0.140073,0.178274,0.127339,0,0.0382016,0,0,0.0127339,0.0127339,0,0,0,0,0,0,0,0,0,0,0,0,0,0
63602,63617,63610,25.4,-104.314,39.9593,24.085,-56.2044,629.086,1.14583,0.302475,22.2291,0.220473,0.000164479,0.203058,0.101529,0.087025,0.0435125,0.0725208,0.087025,0.0290083,0.0290083,0.0290083,0.0435125,0.0145042,0,0.0145042,0.203058,0.0580167,0.087025,0,0.0145042,0,0.0145042,0.0145042,0,0,0,0,0,0,0,0,0,0,0,0,0,0,0
63618,63634,63626,25.5,-104.315,39.9601,23.7412,-56.3818,631.158,2.9041,0.573421,42.5268,0.22249,0.000299284,0.760598,0.401042,0.484017,0.207436,0.221265,0.0414871,0.0829743,0.0829743,0.0276581,0.0276581,0.013829,0.0276581,0.013829,0.207436,0.0968033,0.0829743,0.0276581,0.013829,0.0414871,0,0.0276581,0,0.013829,0,0,0,0,0,0,0,0,0,0,0,0,0
63635,63652,63644,25.6,-104.315,39.9605,23.3633,-56.1233,634.813,4.78737,0.757617,45.6204,0.180647,0.000310951,0.896808,0.88362,0.751736,0.646229,0.474781,0.131884,0.0659418,0.105507,0.0395651,0.0527534,0.0131884,0.0395651,0.0659418,0.197825,0.171449,0.171449,0,0,0.0527534,0.0263767,0,0,0,0,0,0,0,0,0,0,0,0,0,0,0,0
63653,63670,63662,25.7,-104.315,39.9609,23,-56.5438,636.428,1.29986,0.420494,34.528,0.246339,0.000252634,0.119527,0.0597636,0.0747045,0.149409,0.0298818,0.0747045,0.0747045,0.0448227,0.0298818,0.0448227,0.0448227,0.0597636,0.0298818,0.179291,0.0896454,0.104586,0.0298818,0,0.0298818,0,0.0149409,0,0.0149409,0,0,0,0,0,0,0,0,0,0,0,0,0
63671,63687,63679,25.8,-104.315,39.9615,22.6453,-56.9747,637.989,1.37104,0.332436,22.527,0.20329,0.000166023,0.228507,0.271352,0.0571267,0.042845,0.042845,0.0571267,0.042845,0.0571267,0.0285633,0,0.0714083,0,0.0285633,0.228507,0.08569,0.042845,0.0571267,0.0142817,0.0142817,0,0,0,0,0,0,0,0,0,0,0,0,0,0,0,0,0
63688,63705,63696,25.9,-104.314,39.9617,22.2838,-57.0175,640.799,1.1277,0.388489,31.7616,0.24527,0.000249709,0.139032,0.0772398,0.108136,0.0926878,0.015448,0.015448,0.0463439,0.015448,0.0463439,0.0463439,0.0308959,0.0463439,0.0308959,0.123584,0.108136,0.0617918,0.0463439,0,0.0463439,0.0308959,0,0,0,0,0,0,0,0,0,0,0,0,0,0,0,0
63706,63722,63714,26,-104.314,39.9615,21.9406,-56.4953,645.207,1.35647,0.33213,21.5092,0.194284,0.000151634,0.0729286,0.189614,0.0583429,0.0875143,0.1021,0.0729286,0.0875143,0.0145857,0.0145857,0.0875143,0.0291714,0.0291714,0.0291714,0.277129,0.0875143,0.0729286,0.0291714,0,0,0.0145857,0,0,0,0,0,0,0,0,0,0,0,0,0,0,0,0
63723,63740,63732,26.1,-104.314,39.9613,21.6033,-56.2689,648.744,0.68323,0.179905,12.835,0.21403,9.9287e-05,0.0697174,0.0418304,0.0836609,0.027887,0.027887,0.0836609,0.0418304,0.0418304,0.0418304,0.0139435,0,0,0,0.0836609,0.0418304,0.027887,0.027887,0.027887,0,0,0,0,0,0,0,0,0,0,0,0,0,0,0,0,0,0
63741,63758,63750,26.2,-104.315,39.9609,21.2847,-55.8394,652.802,0.833983,0.266105,20.1843,0.227553,0.000161474,0.11914,0.0595702,0.104248,0.0595702,0.0148926,0.0595702,0.0148926,0.0148926,0.0148926,0.0148926,0,0.0148926,0.0297851,0.0893553,0.0595702,0.11914,0,0.0297851,0.0148926,0,0,0,0,0,0,0,0,0,0,0,0,0,0,0,0,0
63759,63776,63768,26.3,-104.315,39.9605,20.9483,-55.4544,656.934,1.19881,0.482977,43.5462,0.270486,0.000327118,0.114172,0.057086,0.028543,0.0999005,0.0999005,0.085629,0.0142715,0.085629,0.028543,0.0142715,0.0428145,0.0142715,0,0.142715,0.128443,0.114172,0.028543,0.0428145,0.0142715,0,0,0.028543,0.0142715,0,0,0,0,0,0,0,0,0,0,0,0,0
63777,63795,63786,26.4,-104.316,39.9601,20.6174,-54.94,661.494,1.38132,0.587348,52.8268,0.269824,0.000401058,0.150441,0.095735,0.0683821,0.0820586,0.0136764,0.0683821,0.0410293,0.0273529,0.0547057,0.0136764,0.0136764,0.0273529,0.0136764,0.287205,0.150441,0.095735,0.0547057,0.0273529,0.0273529,0.0136764,0.0273529,0.0136764,0.0136764,0,0,0,0,0,0,0,0,0,0,0,0,0
63796,63813,63804,26.5,-104.316,39.9597,20.2967,-55.0389,664.159,1.03644,0.347632,29.0476,0.250675,0.000231699,0.0437931,0.102184,0.131379,0.0729886,0.0145977,0.0437931,0.0875863,0.0291954,0.0437931,0.0291954,0.0291954,0.0437931,0,0.160575,0.0291954,0.0437931,0,0.0875863,0.0291954,0,0.0145977,0,0,0,0,0,0,0,0,0,0,0,0,0,0,0
63814,63830,63822,26.6,-104.317,39.9593,19.9776,-55.0935,667.006,0.988105,0.347885,29.5665,0.254968,0.000224332,0.078421,0.0627368,0.0627368,0.0470526,0.0627368,0.125474,0.0156842,0.0313684,0.0313684,0.0470526,0,0.0156842,0.0313684,0.141158,0.0470526,0.0941052,0.0156842,0.0470526,0.0156842,0,0,0,0.0156842,0,0,0,0,0,0,0,0,0,0,0,0,0
