data/B2SAP/Locations/Boulder/NOAA-POPS-B2SAP_GMLBalloon_20201221_R0.ict
61,1001
Thornberry, T. D.
NOAA Chemical Sciences Laboratory
Portable Optical Particle Spectrometer (POPS)
Balloon Baseline Stratospheric Aerosol Profiles (B2SAP)
1,1
2020,12,21,2024,05,28
0
TIME_START,s,Seconds since midnight UTC on flight start day,Start time of 100 m altitude bin in UTC_seconds_since_midnight
28
1.0,1.0,1.0,1.0,1.0,1.0,1.0,1.0,1.0,1.0,1.0,1.0,1.0,1.0,1.0,1.0,1.0,1.0,1.0,1.0,1.0,1.0,1.0,1.0,1.0,1.0,1.0,1.0
99999,99999,99999,99999,99999,99999,99999,99999,99999,99999,99999,99999,99999,99999,99999,99999,99999,99999,99999,99999,99999,99999,99999,99999,99999,99999,99999,99999
TIME_STOP,s,End time of 100 m altitude bin in UTC seconds since midnight,
TIME_MID,s,Mid time of 100 m altitude in UTC seconds since midnight,
GPSAlt,m,GPS reported altitude above sea level (m),
GPS_Lon,deg,GPS reported longitude,
GPS_Lat,deg,GPS reported latitude,
iMet_Pressure,mb,Pressure reported (mB),
iMet_Temperature,degrees C,Ambient temperature (oC),
THETA,K,Potential temperature from iMet,
Aerosol_concentration,cm^-3,Aerosol concentration,
Surface_Area_Conc,um^2 cm^-3,Surface area concentration,
Volume_density,um^3 cm^-3,Volume density,
Effective_radius,um,Effective radius,
Extinction,km^-1,Extinction,
Bin01,cm^-3,particle concentration in size range [140 - 170 nm],
Bin02,cm^-3,particle concentration in size range [170 - 205 nm],
Bin03,cm^-3,particle concentration in size range [205 - 249 nm],
Bin04,cm^-3,particle concentration in size range [249 - 302 nm],
Bin05,cm^-3,particle concentration in size range [302 - 366 nm],
Bin06,cm^-3,particle concentration in size range [366 - 443 nm],
Bin07,cm^-3,particle concentration in size range [443 - 537 nm],
Bin08,cm^-3,particle concentration in size range [537 - 651 nm],
Bin09,cm^-3,particle concentration in size range [651 - 789 nm],
Bin10,cm^-3,particle concentration in size range [789 - 956 nm],
Bin11,cm^-3,particle concentration in size range [956 - 1159 nm],
Bin12,cm^-3,particle concentration in size range [1159 - 1404 nm],
Bin13,cm^-3,particle concentration in size range [1404 - 1702 nm],
Bin14,cm^-3,particle concentration in size range [1702 - 2062 nm],
Bin15,cm^-3,particle concentration in size range [2062 - 2500 nm],
0
19
PI_CONTACT_INFO: 325 Broadway R/CSL6, Boulder, CO 80305; troy.thornberry@noaa.gov; 303-497-3373 
PLATFORM: GML ECC/FPH balloon
LOCATION: Boulder, CO, USA
ASSOCIATED_DATA: N/A
INSTRUMENT_INFO: Printed Optical Particle Spectrometer counts particles from 140 - 2500 nm in diameter 
DATA_INFO: Particle concentrations reported in number per cubic centimeter, binned to 100 m altitude
UNCERTAINTY: Counting uncertainty dominated by air flow, less than 5 percent
ULOD_FLAG: -77777
ULOD_VALUE: 3000 ~3000 per cm3 (varies depending on flow rate- manufacturer quotes 1250  per cm3 at 1.667 cc/s)
LLOD_FLAG: -88888
LLOD_VALUE: 0 0 (varies depending on data field and measurement precision)
DM_CONTACT_INFO: Troy Thornberry, 325 Broadway R/CSL6, Boulder, CO 80305; troy.thornberry@noaa.gov; 303-497-3373
PROJECT_INFO: B2SAP Boulder, CO, USA
STIPULATIONS_ON_USE: Please contact the PIs for questions regarding applications and uncertainties
OTHER_COMMENTS: POPS bin Edges (nm):  140, 170, 205, 249, 302, 366, 443, 537, 651, 789, 956, 1159, 1404, 1702, 2062, 2500
Calculations assume sulfate refractive index of 1.45+0.00j and extinction wavelength = 532 nm
REVISION: R0
R0: QA/QC data
TIME_START,TIME_STOP,TIME_MID,GPSAlt,GPS_Lon,GPS_Lat,iMet_Pressure,iMet_Temperature,THETA,Aerosol_concentration,Surface_Area_Conc,Volume_density,Effective_radius,Extinction,Bin01,Bin02,Bin03,Bin04,Bin05,Bin06,Bin07,Bin08,Bin09,Bin10,Bin11,Bin12,Bin13,Bin14,Bin15
[from data line 159]
63653,63663,63658,17.6,-104.559,39.6919,79.071,-61.864,436.246,6.35584,1.27993,72.1856,0.169194,0.000472146,2.01961,1.60381,0.801906,0.742505,0.386103,0.386103,0.297002,0.118801,0,0,0,0,0,0,0
63664,63686,63675,17.7,-104.555,39.6912,77.6845,-62.2523,437.642,7.09389,1.59956,110.83,0.207864,0.000730814,2.65851,1.50559,1.01729,0.474735,0.501862,0.339096,0.271277,0.230585,0.0813831,0,0.0135638,0,0,0,0
63687,63708,63698,17.8,-104.55,39.6898,76.4055,-62.9805,438.205,7.40389,1.6773,119.855,0.214372,0.000759768,2.76711,1.63035,1.09189,0.373934,0.50855,0.44872,0.329062,0.164531,0.0299147,0.044872,0.0149573,0,0,0,0
63709,63728,63718,17.9,-104.545,39.6884,75.1763,-63.8458,438.433,7.40075,1.7004,126.643,0.223435,0.000787278,2.53515,1.76358,1.03925,0.708583,0.488135,0.362165,0.204702,0.141717,0.0787314,0.0629851,0.0157463,0,0,0,0
63729,63748,63738,18,-104.541,39.6873,73.871,-64.386,439.487,7.35939,1.68517,127.254,0.226543,0.000769755,2.85884,1.75493,0.820855,0.42458,0.63687,0.183985,0.353817,0.254748,0.0141527,0.0283053,0.0141527,0.0141527,0,0,0
63749,63763,63756,18.1,-104.537,39.6865,72.798,-64.5613,440.962,7.11697,1.62859,125.885,0.231892,0.000718941,2.44476,1.7385,1.08656,0.54328,0.525171,0.235421,0.307859,0.0905467,0.0905467,0.0181093,0.0362187,0,0,0,0
63764,63780,63772,18.2,-104.534,39.6865,71.4676,-64.2712,443.911,7.51139,1.7261,125.122,0.217464,0.000779452,2.37621,1.7702,1.35556,0.653858,0.462485,0.175425,0.430589,0.175425,0.0797387,0.0159477,0,0,0.0159477,0,0
63781,63801,63791,18.3,-104.53,39.6865,70.2867,-64.1693,446.239,7.0511,1.68243,122.107,0.217733,0.000789057,2.22381,1.86221,0.976306,0.488153,0.488153,0.361595,0.343515,0.198877,0.0723189,0.0180797,0.0180797,0,0,0,0
63802,63823,63812,18.4,-104.525,39.6866,69.1489,-61.3263,454.44,6.5894,1.67693,113.327,0.20274,0.000798329,1.80223,1.57695,0.802556,0.549117,0.774396,0.436478,0.366078,0.197119,0.0563197,0.0281598,0,0,0,0,0
63824,63844,63834,18.5,-104.521,39.6861,68.0219,-56.5052,466.959,5.99958,1.66635,127.913,0.230288,0.000799334,1.55591,1.30696,0.883756,0.485443,0.672152,0.460549,0.398312,0.149367,0.0248945,0.0373418,0.0248945,0,0,0,0
63845,63864,63854,18.6,-104.518,39.6849,66.9765,-55.5405,471.117,5.73441,1.56254,102.443,0.196685,0.000732513,1.22973,1.19089,0.89317,0.608391,0.647224,0.453057,0.543669,0.129445,0.025889,0.0129445,0,0,0,0,0
63866,63887,63876,18.7,-104.515,39.6832,65.9227,-55.315,473.752,5.89455,1.66584,128.475,0.231371,0.000755341,1.28501,1.26143,0.919549,0.613033,0.813447,0.365462,0.424407,0.12968,0.0471564,0,0.0117891,0.0235782,0,0,0
63888,63909,63898,18.8,-104.512,39.6816,64.8943,-55.7762,474.87,5.24981,1.67202,127.143,0.228126,0.000886934,1.04006,0.965766,0.817187,0.581936,0.680989,0.38383,0.420975,0.272396,0.0495265,0.0247632,0.0123816,0,0,0,0
63910,63931,63920,18.9,-104.509,39.6795,63.8595,-56.1467,476.249,5.66208,1.48114,93.2737,0.188922,0.000660425,1.21685,1.22927,0.757428,0.67051,0.782262,0.384922,0.447007,0.149002,0.0248337,0,0,0,0,0,0
63932,63953,63942,19,-104.506,39.6775,62.8073,-56.7568,477.168,5.31842,1.53919,107.226,0.208993,0.000779787,1.03282,1.06843,0.866618,0.664803,0.676675,0.356145,0.332402,0.225558,0.0831004,0.0118715,0,0,0,0,0
63954,63972,63963,19.1,-104.504,39.6759,61.8142,-57.4368,477.833,4.88566,1.47958,105.766,0.214453,0.000786668,1.13491,0.844264,0.761221,0.498254,0.553615,0.34601,0.484413,0.166085,0.0830423,0.0138404,0,0,0,0,0
63973,63992,63982,19.2,-104.502,39.6744,60.8195,-58.213,478.337,4.84235,1.4841,107.348,0.216995,0.000722831,1.01321,0.802671,0.63161,0.618452,0.657927,0.486866,0.407915,0.171061,0.0394756,0,0,0.0131585,0,0,0
63993,64012,64002,19.3,-104.5,39.673,59.8058,-58.9637,478.951,4.86918,1.41096,101.715,0.216268,0.00068611,1.11295,0.737333,0.9321,0.598213,0.50083,0.319974,0.459094,0.153031,0.0417358,0,0.0139119,0,0,0,0
64013,64029,64021,19.4,-104.499,39.6716,58.8447,-57.8447,483.696,4.9402,1.40487,94.3762,0.201533,0.000688599,1.09611,0.941727,0.632964,0.602087,0.679278,0.385953,0.355077,0.185258,0.0617526,0,0,0,0,0,0
64030,64048,64039,19.5,-104.499,39.6701,57.9041,-57.5465,486.598,4.89878,1.34081,87.8015,0.196451,0.000609884,0.831868,0.908893,0.939703,0.677819,0.677819,0.338909,0.385124,0.0770248,0.0462149,0.015405,0,0,0,0,0
64049,64067,64058,19.6,-104.499,39.6686,56.9094,-58.2644,487.379,4.7636,1.60606,130.648,0.24404,0.000846403,0.95272,0.79149,0.659575,0.674232,0.52766,0.410402,0.439717,0.219858,0.0439717,0.0146572,0.0293145,0,0,0,0
64068,64088,64078,19.7,-104.499,39.6672,56.0272,-58.9472,488.014,4.8986,1.4956,113.392,0.227452,0.000748979,0.929553,0.929553,0.811515,0.486909,0.79676,0.339361,0.383625,0.118039,0.0590193,0.0295096,0.0147548,0,0,0,0
64089,64109,64099,19.8,-104.499,39.6663,55.0826,-59.4979,489.119,4.60309,1.35255,92.0664,0.204206,0.000685091,1.0569,0.764864,0.681424,0.542358,0.542358,0.347666,0.417199,0.208599,0.0417199,0,0,0,0,0,0
64111,64131,64121,19.9,-104.499,39.6655,54.201,-59.97,490.3,4.50246,1.219,77.9012,0.191718,0.000554877,0.825896,0.905821,0.785933,0.546157,0.612761,0.306381,0.359664,0.133209,0.0266418,0,0,0,0,0,0
64132,64151,64142,20,-104.499,39.6651,53.3389,-60.5089,491.306,4.87637,1.44379,100.959,0.209779,0.000725061,1.01096,0.832552,0.817685,0.505478,0.683882,0.356808,0.490611,0.104069,0.044601,0.029734,0,0,0,0,0
64152,64170,64161,20.1,-104.499,39.665,52.4279,-61.0595,492.443,4.48596,1.23111,81.478,0.198548,0.000582306,1.01569,0.804087,0.775874,0.409097,0.634806,0.282136,0.409097,0.126961,0.0141068,0.0141068,0,0,0,0,0
64171,64188,64180,20.2,-104.499,39.6652,51.5829,-60.6594,495.683,4.14094,1.35137,105.96,0.235227,0.000720543,0.865977,0.661292,0.614056,0.645547,0.377881,0.314901,0.393626,0.18894,0.0472351,0.015745,0.015745,0,0,0,0
64189,64208,64198,20.3,-104.498,39.6657,50.7639,-58.18,503.757,4.36273,1.3277,89.1818,0.201511,0.000649629,0.66102,0.675709,0.807913,0.572884,0.705088,0.396612,0.293787,0.205651,0.044068,0,0,0,0,0,0
64209,64229,64219,20.4,-104.497,39.6663,49.9295,-58.4005,505.623,4.65509,1.38907,96.9675,0.209423,0.000632087,0.808369,0.891994,0.557496,0.668995,0.627183,0.599308,0.37631,0.0836244,0.0278748,0,0.0139374,0,0,0,0
64230,64250,64240,20.5,-104.496,39.6669,49.0789,-59.2272,506.165,4.02096,1.15687,75.6604,0.196203,0.000550078,0.83534,0.580491,0.651282,0.566332,0.552174,0.311483,0.339799,0.1699,0.0141583,0,0,0,0,0,0
64251,64271,64261,20.6,-104.495,39.6673,48.2868,-59.9463,506.805,4.3885,1.37354,101.001,0.220601,0.000744868,0.867495,0.867495,0.676136,0.42099,0.599592,0.306175,0.369961,0.178602,0.0765437,0.0255146,0,0,0,0,0
64272,64293,64282,20.7,-104.493,39.6673,47.4676,-60.4581,508.074,3.68253,1.00127,63.8563,0.191327,0.000457864,0.715726,0.72727,0.577198,0.461759,0.531022,0.242423,0.253967,0.173159,0,0,0,0,0,0,0
64294,64325,64310,20.8,-104.492,39.6665,46.6161,-60.5823,510.408,3.63488,0.998198,63.4402,0.190664,0.000442611,0.640989,0.726975,0.515918,0.523735,0.508101,0.336128,0.273593,0.10162,0,0.00781694,0,0,0,0,0
64326,64363,64344,20.9,-104.489,39.6641,45.8929,-58.0724,518.745,3.99317,1.11639,72.9299,0.19598,0.000517252,0.812768,0.706755,0.600742,0.445256,0.671417,0.282702,0.367513,0.0636079,0.0353377,0.00706755,0,0,0,0,0
64364,64386,64375,21,-104.488,39.6617,45.2045,-56.037,525.928,3.80561,1.09893,70.4315,0.192274,0.000508692,0.761122,0.594626,0.606519,0.344883,0.654089,0.344883,0.404346,0.0832477,0.0118925,0,0,0,0,0,0
64388,64410,64399,21.1,-104.488,39.6603,44.4895,-56.2237,527.865,3.80797,0.94542,56.0351,0.17781,0.000372113,0.801677,0.72652,0.563679,0.400839,0.739046,0.313155,0.212946,0.0250524,0.0250524,0,0,0,0,0,0
64411,64431,64421,21.2,-104.488,39.6595,43.7152,-56.4071,530.077,3.69462,1.08391,75.9177,0.210121,0.000548552,0.829867,0.704819,0.534298,0.352409,0.46609,0.295569,0.363777,0.102312,0.0227361,0.0227361,0,0,0,0,0
64432,64448,64440,21.3,-104.488,39.6589,43.0656,-56.8806,531.186,3.92356,1.00971,62.5817,0.18594,0.000437418,0.883551,0.703846,0.643944,0.479214,0.539116,0.269558,0.299509,0.0898526,0.0149754,0,0,0,0,0,0
64450,64467,64458,21.4,-104.488,39.6583,42.3459,-57.3624,532.551,3.48453,0.902172,58.2596,0.193731,0.000407867,0.674425,0.758728,0.590122,0.463667,0.477718,0.182657,0.210758,0.0702526,0.0562021,0,0,0,0,0,0
64468,64483,64476,21.5,-104.487,39.6579,41.6338,-58.2992,532.829,3.3201,0.971013,62.8707,0.194243,0.000453532,0.537894,0.704826,0.389509,0.426605,0.500797,0.389509,0.204029,0.166932,0,0,0,0,0,0,0
64484,64501,64492,21.6,-104.487,39.6575,40.9575,-59.1337,533.24,3.3367,0.818918,49.3774,0.180888,0.000340294,0.709614,0.800204,0.49824,0.301964,0.49824,0.226473,0.211375,0.0905891,0,0,0,0,0,0,0
64503,64520,64512,21.7,-104.486,39.6573,40.2294,-59.9512,533.937,3.62469,0.965149,63.3253,0.196836,0.000432285,0.756332,0.67071,0.556546,0.485194,0.556546,0.285408,0.214056,0.0428113,0.0428113,0.0142704,0,0,0,0,0
64521,64537,64529,21.8,-104.484,39.6572,39.6744,-60.4831,534.724,3.6558,0.967809,59.8223,0.185436,0.000423135,0.746393,0.807323,0.441743,0.42651,0.533138,0.274185,0.350348,0.0761626,0,0,0,0,0,0,0
64539,64559,64549,21.9,-104.483,39.6563,38.8916,-60.5184,537.678,3.47725,0.97542,62.9674,0.193662,0.000455163,0.830961,0.549713,0.511361,0.281248,0.562497,0.294032,0.370736,0.0511361,0.025568,0,0,0,0,0,0
64561,64583,64572,22,-104.481,39.6549,38.2938,-59.7767,541.962,3.41864,0.993493,68.2522,0.206097,0.000475679,0.600572,0.612122,0.542825,0.450429,0.577474,0.277187,0.20789,0.103945,0.0230989,0.0230989,0,0,0,0,0
64584,64615,64600,22.1,-104.479,39.6531,37.6166,-57.8841,549.554,3.5358,0.885774,54.1243,0.183312,0.00036667,0.687287,0.73697,0.637603,0.430589,0.463711,0.231856,0.2981,0.0414028,0,0.00828056,0,0,0,0,0
64616,64643,64630,22.2,-104.477,39.6506,37.0757,-56.0471,556.544,3.29697,0.850967,53.1001,0.187199,0.000372826,0.764349,0.581818,0.467736,0.524777,0.399287,0.205347,0.25098,0.0912655,0.0114082,0,0,0,0,0,0
64645,64670,64658,22.3,-104.476,39.6485,36.4368,-55.7323,560.126,3.41103,0.925918,61.1604,0.198161,0.000429075,0.706105,0.651789,0.521431,0.445389,0.510568,0.217263,0.217263,0.108632,0.0217263,0.0108632,0,0,0,0,0
64671,64690,64680,22.4,-104.474,39.6469,35.8931,-56.29,561.087,3.27116,0.905591,62.4322,0.206823,0.00042883,0.645228,0.690244,0.48017,0.435154,0.435154,0.270096,0.165058,0.120042,0,0.0300106,0,0,0,0,0
64691,64708,64700,22.5,-104.473,39.6454,35.36,-56.3033,563.47,2.99324,0.828401,52.7357,0.190979,0.000367695,0.400166,0.672279,0.496206,0.28812,0.640266,0.224093,0.160066,0.0800332,0.0320133,0,0,0,0,0,0
64710,64727,64718,22.6,-104.472,39.6442,34.7273,-56.5887,565.627,2.77148,0.648335,37.9758,0.175723,0.000249112,0.672844,0.432543,0.560704,0.352442,0.352442,0.224281,0.128161,0.0320402,0.0160201,0,0,0,0,0,0
64728,64744,64736,22.7,-104.472,39.6433,34.1764,-56.795,567.683,2.85337,0.763768,47.6168,0.187034,0.000325651,0.550046,0.464102,0.412535,0.395346,0.584424,0.206267,0.17189,0.0343779,0.0343779,0,0,0,0,0,0
64745,64762,64754,22.8,-104.471,39.6424,33.62,-57.3977,568.76,2.93294,0.849823,62.164,0.219448,0.000435136,0.612575,0.594012,0.445509,0.445509,0.278443,0.167066,0.278443,0.0556887,0.0185629,0.0371258,0,0,0,0,0
64763,64781,64772,22.9,-104.47,39.6414,33.0254,-58.1292,569.727,2.9098,0.807749,54.4982,0.202408,0.000383169,0.503619,0.671493,0.522272,0.354399,0.242483,0.261136,0.261136,0.0746103,0,0.0186526,0,0,0,0,0
64781,64796,64788,23,-104.47,39.6404,32.4909,-58.8336,570.519,2.5564,0.648727,39.6723,0.183462,0.000276581,0.470916,0.53819,0.515765,0.336369,0.224246,0.201821,0.201821,0.0672737,0,0,0,0,0,0,0
64797,64813,64805,23.1,-104.47,39.6393,31.9421,-59.6207,571.188,2.7491,0.689059,41.722,0.181648,0.000283569,0.434069,0.651103,0.488327,0.343638,0.434069,0.14469,0.198948,0.0361724,0.0180862,0,0,0,0,0,0
64814,64831,64822,23.2,-104.47,39.6378,31.4259,-60.1282,572.503,2.98913,0.784777,51.5253,0.196968,0.000358199,0.659142,0.582498,0.582498,0.291249,0.321907,0.229933,0.229933,0.0766444,0,0.0153289,0,0,0,0,0
64832,64852,64842,23.3,-104.47,39.6362,30.8759,-60.3806,574.705,3.03919,0.918862,62.7352,0.204825,0.000473284,0.592252,0.607838,0.436396,0.389639,0.264955,0.233784,0.358468,0.14027,0.0155856,0,0,0,0,0,0
64853,64874,64864,23.4,-104.469,39.6345,30.3163,-60.7081,576.835,2.8359,0.84496,54.8073,0.194591,0.000391852,0.47265,0.405129,0.422009,0.405129,0.523291,0.286966,0.202564,0.101282,0.0168804,0,0,0,0,0,0
64874,64895,64884,23.5,-104.469,39.6328,29.858,-60.761,579.204,3.1034,0.900481,60.536,0.201679,0.00043899,0.714057,0.425688,0.604202,0.302101,0.329565,0.247173,0.411956,0.0549274,0,0.0137319,0,0,0,0,0
64897,64919,64908,23.6,-104.468,39.6305,29.2776,-59.8459,584.974,3.10234,0.951109,64.3039,0.202828,0.000479337,0.656579,0.361118,0.590921,0.295461,0.47602,0.246217,0.311875,0.14773,0.0164145,0,0,0,0,0,0
64920,64943,64932,23.7,-104.467,39.6285,28.8873,-58.9759,589.616,2.92657,1.00442,73.4285,0.219316,0.000560429,0.445348,0.534418,0.407176,0.394451,0.33083,0.292657,0.318106,0.127242,0.0763454,0,0,0,0,0,0
64946,64968,64957,23.8,-104.466,39.6266,28.3483,-59.0011,592.724,2.79513,0.934584,65.6628,0.210777,0.000478642,0.254102,0.57173,0.444679,0.285865,0.508205,0.301746,0.301746,0.0952884,0.0158814,0.0158814,0,0,0,0,0
64969,64990,64980,23.9,-104.464,39.6246,27.9284,-57.9911,598.072,2.92791,0.9074,62.9308,0.208059,0.000474237,0.530968,0.500627,0.606821,0.273069,0.257899,0.28824,0.303411,0.136535,0.0303411,0,0,0,0,0,0
64991,65007,64999,24,-104.462,39.6221,27.4743,-57.0586,603.472,2.56371,0.672095,41.1651,0.183747,0.000289606,0.416863,0.521079,0.479393,0.416863,0.270961,0.125059,0.291804,0.0416863,0,0,0,0,0,0,0
65009,65026,65018,24.1,-104.46,39.6192,26.966,-57.0847,606.639,2.50659,0.721686,49.8863,0.207374,0.000370956,0.65132,0.394739,0.434213,0.217107,0.25658,0.217107,0.19737,0.0986848,0.0394739,0,0,0,0,0,0
65027,65043,65035,24.2,-104.459,39.6163,26.472,-57.3293,609.149,2.68786,0.596081,38.1276,0.191891,0.000244047,0.756582,0.577392,0.477841,0.298651,0.278741,0.15928,0.0398201,0.0796402,0,0.0199101,0,0,0,0,0
65044,65062,65053,24.3,-104.458,39.6136,26.096,-57.5027,611.16,2.61677,0.544369,30.9843,0.170753,0.000202555,0.973683,0.486841,0.324561,0.16228,0.304276,0.243421,0.0608552,0.0608552,0,0,0,0,0,0,0
65063,65079,65071,24.4,-104.457,39.6106,25.6267,-57.5967,614.066,2.14081,0.448058,25.3326,0.169616,0.000167265,0.611661,0.509717,0.387385,0.183498,0.142721,0.142721,0.142721,0.0203887,0,0,0,0,0,0,0
65081,65100,65090,24.5,-104.456,39.6072,25.166,-57.956,616.231,2.51302,0.430063,21.9513,0.153127,0.000126134,0.874095,0.608745,0.437048,0.156088,0.296568,0.0624354,0.0624354,0,0.0156088,0,0,0,0,0,0
65102,65124,65113,24.6,-104.454,39.6034,24.77,-57.6876,619.803,2.68572,0.549127,29.0397,0.15865,0.000177877,0.685322,0.6668,0.351922,0.296355,0.426011,0.111133,0.148178,0,0,0,0,0,0,0,0
65126,65149,65138,24.7,-104.453,39.5996,24.3391,-56.5918,626.081,2.38294,0.508743,29.4359,0.17358,0.000200661,0.794312,0.462145,0.418819,0.202189,0.14442,0.129978,0.216631,0.014442,0,0,0,0,0,0,0
65150,65175,65162,24.8,-104.452,39.5966,23.9433,-56.2429,630.042,2.41336,0.529191,33.0202,0.187193,0.000211685,0.743741,0.47053,0.424995,0.212497,0.273211,0.151784,0.0758919,0.0455352,0,0.0151784,0,0,0,0,0
65176,65198,65187,24.9,-104.451,39.5941,23.5748,-56.2,632.954,2.72168,0.469101,23.7583,0.151939,0.000140943,1.03609,0.634027,0.371138,0.309282,0.0927845,0.154641,0.123713,0,0,0,0,0,0,0,0
65200,65222,65211,25,-104.45,39.592,23.1795,-55.8667,637.01,2.52883,0.433272,22.3268,0.154592,0.000135457,1.04587,0.561961,0.296591,0.249761,0.1561,0.0936602,0.10927,0.01561,0,0,0,0,0,0,0
65224,65244,65234,25.1,-104.45,39.5899,22.7737,-55.5416,641.18,2.36178,0.494279,29.5786,0.179526,0.00020583,0.839742,0.612312,0.244925,0.174946,0.174946,0.104968,0.139957,0.0699785,0,0,0,0,0,0,0
65245,65266,65256,25.2,-104.45,39.5875,22.4275,-55.165,645.111,2.00675,0.465607,28.0636,0.180819,0.000194722,0.585302,0.518411,0.133783,0.234121,0.217398,0.133783,0.133783,0.0501688,0,0,0,0,0,0,0
65268,65287,65278,25.3,-104.451,39.5849,22.0095,-55.409,647.861,2.40406,0.665898,46.4929,0.20946,0.000335706,0.579702,0.528552,0.392152,0.187551,0.238701,0.136401,0.238701,0.0852504,0,0.0170501,0,0,0,0,0
