data/B2SAP/Locations/Boulder/NOAA-POPS-B2SAP_GMLBalloon_20220111_R0.ict
61,1001
Thornberry, T. D.
NOAA Chemical Sciences Laboratory
Portable Optical Particle Spectrometer (POPS)
Balloon Baseline Stratospheric Aerosol Profiles (B2SAP)
1,1
2022,01,11,2024,05,28
0
TIME_START,s,Seconds since midnight UTC on flight start day,Start time of 100 m altitude bin in UTC_seconds_since_midnight
28
1.0,1.0,1.0,1.0,1.0,1.0,1.0,1.0,1.0,1.0,1.0,1.0,1.0,1.0,1.0,1.0,1.0,1.0,1.0,1.0,1.0,1.0,1.0,1.0,1.0,1.0,1.0,1.0
99999,99999,99999,99999,99999,99999,99999,99999,99999,99999,99999,99999,99999,99999,99999,99999,99999,99999,99999,99999,99999,99999,99999,99999,99999,99999,99999,99999
TIME_STOP,s,End time of 100 m altitude bin in UTC seconds since midnight,
TIME_MID,s,Mid time of 100 m altitude in UTC seconds since midnight,
GPSAlt,m,GPS reported altitude above sea level (m),
GPS_Lon,deg,GPS reported longitude,
GPS_Lat,deg,GPS reported latitude,
iMet_Pressure,mb,Pressure reported (mB),
iMet_Temperature,degrees C,Ambient temperature (oC),
THETA,K,Potential temperature from iMet,
Aerosol_concentration,cm^-3,Aerosol concentration,
Surface_Area_Conc,um^2 cm^-3,Surface area concentration,
Volume_density,um^3 cm^-3,Volume density,
Effective_radius,um,Effective radius,
Extinction,km^-1,Extinction,
Bin01,cm^-3,particle concentration in size range [140 - 170 nm],
Bin02,cm^-3,particle concentration in size range [170 - 205 nm],
Bin03,cm^-3,particle concentration in size range [205 - 249 nm],
Bin04,cm^-3,particle concentration in size range [249 - 302 nm],
Bin05,cm^-3,particle concentration in size range [302 - 366 nm],
Bin06,cm^-3,particle concentration in size range [366 - 443 nm],
Bin07,cm^-3,particle concentration in size range [443 - 537 nm],
Bin08,cm^-3,particle concentration in size range [537 - 651 nm],
Bin09,cm^-3,particle concentration in size range [651 - 789 nm],
Bin10,cm^-3,particle concentration in size range [789 - 956 nm],
Bin11,cm^-3,particle concentration in size range [956 - 1159 nm],
Bin12,cm^-3,particle concentration in size range [1159 - 1404 nm],
Bin13,cm^-3,particle concentration in size range [1404 - 1702 nm],
Bin14,cm^-3,particle concentration in size range [1702 - 2062 nm],
Bin15,cm^-3,particle concentration in size range [2062 - 2500 nm],
0
19
PI_CONTACT_INFO: 325 Broadway R/CSL6, Boulder, CO 80305; troy.thornberry@noaa.gov; 303-497-3373 
PLATFORM: GML ECC/FPH balloon
LOCATION: Boulder, CO, USA
ASSOCIATED_DATA: N/A
INSTRUMENT_INFO: Printed Optical Particle Spectrometer counts particles from 140 - 2500 nm in diameter 
DATA_INFO: Particle concentrations reported in number per cubic centimeter, binned to 100 m altitude
UNCERTAINTY: Counting uncertainty dominated by air flow, less than 5 percent
ULOD_FLAG: -77777
ULOD_VALUE: 3000 ~3000 per cm3 (varies depending on flow rate- manufacturer quotes 1250  per cm3 at 1.667 cc/s)
LLOD_FLAG: -88888
LLOD_VALUE: 0 0 (varies depending on data field and measurement precision)
DM_CONTACT_INFO: Troy Thornberry, 325 Broadway R/CSL6, Boulder, CO 80305; troy.thornberry@noaa.gov; 303-497-3373
PROJECT_INFO: B2SAP Boulder, CO, USA
STIPULATIONS_ON_USE: Please contact the PIs for questions regarding applications and uncertainties
OTHER_COMMENTS: POPS bin Edges (nm):  140, 170, 205, 249, 302, 366, 443, 537, 651, 789, 956, 1159, 1404, 1702, 2062, 2500
Calculations assume sulfate refractive index of 1.45+0.00j and extinction wavelength = 532 nm
REVISION: R0
R0: QA/QC data
TIME_START,TIME_STOP,TIME_MID,GPSAlt,GPS_Lon,GPS_Lat,iMet_Pressure,iMet_Temperature,THETA,Aerosol_concentration,Surface_Area_Conc,Volume_density,Effective_radius,Extinction,Bin01,Bin02,Bin03,Bin04,Bin05,Bin06,Bin07,Bin08,Bin09,Bin10,Bin11,Bin12,Bin13,Bin14,Bin15
[from data line 321]
69182,69203,69192,18.9,-103.948,39.6333,63.9556,-64.0337,458.742,7.96929,1.64348,88.263,0.161115,0.000498225,1.68514,1.42183,1.47449,1.87822,0.860122,0.456391,0.105321,0.0526605,0.0175535,0.0175535,0,0,0,0,0
69204,69227,69216,18.8,-103.946,39.6331,65.0535,-64.9015,454.623,7.60008,1.64064,89.8467,0.16429,0.000549891,1.53979,1.45503,1.35615,1.5963,1.00298,0.282531,0.211898,0.141265,0.0141265,0,0,0,0,0,0
69232,69253,69242,18.7,-103.945,39.6329,66.24,-64.8364,452.418,8.31213,1.88459,111.961,0.178226,0.00071455,1.64954,1.62376,1.6882,1.55933,0.966526,0.373724,0.180418,0.206192,0.0515481,0.012887,0,0,0,0,0
69254,69277,69266,18.6,-103.943,39.6325,67.31,-64.176,451.785,8.51769,1.85017,101.248,0.164171,0.000619377,1.68667,1.771,1.46178,1.67262,1.04011,0.520057,0.210834,0.140556,0.0140556,0,0,0,0,0,0
69278,69300,69289,18.5,-103.941,39.6318,68.425,-63.0911,451.994,8.45733,1.88965,106.828,0.169599,0.00066749,1.65097,1.37062,1.80672,1.83787,0.965661,0.373804,0.264778,0.140177,0.0467256,0,0,0,0,0,0
69301,69323,69312,18.4,-103.939,39.6308,69.4219,-63.5363,449.181,8.61841,1.93233,108.772,0.168871,0.000655768,1.56538,1.45985,1.81162,1.8468,0.984961,0.6156,0.193474,0.105532,0.0175886,0.0175886,0,0,0,0,0
69324,69346,69335,18.3,-103.936,39.6292,70.5371,-63.5576,447.1,8.61301,2.10962,138.689,0.197224,0.000847147,1.5675,1.815,1.617,1.5345,1.056,0.462001,0.297,0.165,0.0660001,0.0165,0.0165,0,0,0,0
69347,69366,69356,18.2,-103.933,39.6272,71.7885,-63.5305,444.909,8.65638,1.76644,95.6253,0.162403,0.000573859,1.70036,2.09383,1.71441,1.58794,0.800996,0.407524,0.210789,0.098368,0.0421577,0,0,0,0,0,0
69367,69386,69376,18.1,-103.93,39.6255,72.982,-63.182,443.557,8.82782,1.88518,104.685,0.166592,0.000648747,1.96997,1.8811,1.59967,1.39231,1.08126,0.533224,0.177741,0.16293,0.0296236,0,0,0,0,0,0
69391,69404,69398,18,-103.927,39.6238,74.2121,-62.6693,442.529,8.58234,2.10888,129.354,0.184013,0.000843164,1.80096,1.28957,1.48968,1.77872,1.08947,0.600319,0.266809,0.200106,0.0444681,0.022234,0,0,0,0,0
69410,69427,69418,17.9,-103.924,39.6221,75.408,-62.422,441.018,8.67004,2.01388,117.423,0.17492,0.000750679,1.69272,1.34179,1.85786,1.83722,0.908289,0.578002,0.206429,0.185786,0.0619288,0,0,0,0,0,0
69428,69444,69436,17.8,-103.921,39.6205,76.6424,-63.1818,437.402,8.51628,1.87679,105.752,0.169042,0.000671021,1.6996,1.71788,1.8458,1.53512,0.639635,0.584809,0.328955,0.146202,0.0182753,0,0,0,0,0,0
69452,69465,69458,17.7,-103.919,39.6186,78.1193,-63.5529,434.251,9.31844,1.92308,103.316,0.161173,0.0006231,1.88161,2.01601,1.83681,1.97121,0.739203,0.403202,0.358401,0.0896004,0.0224001,0,0,0,0,0,0
69466,69484,69475,17.6,-103.917,39.617,79.3143,-63.3421,432.803,9.37389,1.88499,99.1025,0.157723,0.000581847,1.99111,2.01348,1.83451,1.76739,1.05149,0.335581,0.268465,0.0894882,0.0223721,0,0,0,0,0,0
69485,69505,69495,17.5,-103.916,39.615,80.59,-62.3575,432.864,9.56325,2.07678,116.551,0.168362,0.00072708,2.0215,1.74938,1.88544,2.06038,0.894125,0.505375,0.1555,0.272125,0.0194375,0,0,0,0,0,0
69506,69524,69515,17.4,-103.915,39.6128,81.9018,-61.1471,433.339,8.65639,1.79926,98.9368,0.164962,0.000586001,1.74217,2.01438,1.57884,1.56069,1.01626,0.435542,0.145181,0.145181,0,0.0181476,0,0,0,0,0
69528,69547,69538,17.3,-103.913,39.6102,83.2913,-60.2175,433.153,8.57885,1.87433,108.498,0.173658,0.000696132,2.03436,1.80405,1.4586,1.4586,0.902027,0.46061,0.230305,0.172729,0.0575762,0,0,0,0,0,0
69548,69568,69558,17.2,-103.912,39.6076,84.6461,-60.3294,430.941,9.11588,1.88204,103.059,0.164278,0.000618101,1.84712,1.96684,2.03525,1.52216,0.906457,0.530192,0.153927,0.0855148,0.0684118,0,0,0,0,0,0
69569,69595,69582,17.1,-103.91,39.6048,86.0868,-60.2532,429.012,9.4871,2.02037,134.665,0.199961,0.000682025,2.32337,2.14589,1.66186,1.74253,0.822861,0.467901,0.112942,0.112942,0.0645381,0,0.0161345,0,0.0161345,0,0
69596,69619,69608,17,-103.906,39.6022,87.4165,-59.542,428.566,9.51999,1.97963,148.218,0.224615,0.000695453,2.72,2.04764,1.77258,1.36,0.825167,0.443145,0.152809,0.152809,0.0305618,0,0,0,0,0.0152809,0
69620,69646,69633,16.9,-103.9,39.5993,89.0124,-60.9035,423.649,9.25264,1.55145,79.0973,0.152948,0.000424107,3.16252,2.07823,1.53608,1.35537,0.632505,0.307217,0.108429,0.0180716,0.0361431,0.0180716,0,0,0,0,0
69647,69666,69656,16.8,-103.895,39.5973,90.2376,-61.4529,420.894,9.07143,1.50217,75.7733,0.151328,0.000432456,3.072,2.40339,1.55407,0.849317,0.740894,0.144565,0.198776,0.0722823,0.0361412,0,0,0,0,0,0
69683,69691,69687,16.7,-103.887,39.5957,92.1922,-60.8389,419.541,9.72803,1.51239,67.9861,0.134859,0.000334001,3.10614,2.69654,1.57014,1.2288,0.682669,0.307201,0.1024,0.0341334,0,0,0,0,0,0,0
69692,69710,69701,16.6,-103.883,39.5954,93.2923,-62.4315,414.992,8.70178,1.64791,102.882,0.187296,0.000527313,3.27512,1.72123,1.26702,1.07577,0.621556,0.430308,0.191248,0.071718,0.023906,0,0,0.023906,0,0,0
69711,69725,69718,16.5,-103.879,39.5953,94.7031,-63.4554,411.201,9.67858,1.5664,97.0237,0.185822,0.000445073,4.13081,2.01737,1.60909,1.0327,0.600408,0.072049,0.0960653,0.0240163,0.0480327,0.0240163,0,0.0240163,0,0,0
69726,69745,69736,16.4,-103.874,39.5949,96.2793,-63.3407,409.491,9.09889,1.56198,97.2392,0.186762,0.000511164,4.01683,1.84197,1.33155,0.909889,0.421656,0.310694,0.0665773,0.110962,0.0665773,0,0.0221924,0,0,0,0
69746,69761,69754,16.3,-103.869,39.594,97.9375,-62.78,408.593,8.26896,1.41201,78.9014,0.167636,0.00048667,3.36782,2.02617,0.876181,1.14999,0.301187,0.191665,0.219045,0.0273807,0.109523,0,0,0,0,0,0
69762,69780,69771,16.2,-103.864,39.593,99.5708,-62.5142,407.173,9.23913,1.31125,58.1781,0.133105,0.000275273,3.87635,1.95275,1.57386,1.13667,0.408037,0.204019,0.0291455,0.0291455,0.0291455,0,0,0,0,0,0
69780,69797,69788,16.1,-103.86,39.592,101.224,-62.5207,405.25,9.55964,1.34723,59.0936,0.131589,0.000279317,4.09342,2.17151,1.44767,0.973436,0.549118,0.224639,0.0748797,0,0.0249599,0,0,0,0,0,0
69798,69817,69808,16,-103.854,39.591,102.974,-62.3182,403.666,8.52023,1.25336,58.4765,0.139967,0.000298656,3.42076,2.15381,1.17193,1.01356,0.475106,0.158369,0.0316737,0.0633474,0.0316737,0,0,0,0,0,0
69820,69839,69830,15.9,-103.847,39.5904,104.799,-62.4738,401.339,9.16975,1.25322,57.4973,0.137639,0.000296792,4.07302,2.43946,1.41576,0.631645,0.261371,0.174247,0.0653426,0.0871235,0.0217809,0,0,0,0,0,0
69840,69861,69850,15.8,-103.841,39.5906,106.371,-62.4607,399.661,9.50038,1.61488,99.7476,0.185304,0.00051721,4.19407,2.24765,1.2281,0.741493,0.370747,0.324403,0.254888,0.0926867,0.0231717,0,0,0.0231717,0,0,0
69864,69888,69876,15.7,-103.834,39.5914,108.219,-62.2037,398.191,9.80075,1.36633,62.7137,0.137699,0.000324206,4.45323,2.46388,1.36882,0.620532,0.529277,0.20076,0.0547528,0.0912547,0.0182509,0,0,0,0,0,0
69891,69914,69902,15.6,-103.828,39.5919,110.084,-62.0053,396.617,10.0439,1.47627,72.9256,0.148195,0.000408925,4.74691,2.15954,1.46685,0.7538,0.448206,0.224103,0.0814919,0.122238,0.040746,0,0,0,0,0,0
69915,69941,69928,15.5,-103.822,39.5922,111.854,-61.4116,395.924,10.0398,1.38603,60.1366,0.130163,0.000289872,4.68282,2.35052,1.09327,1.02038,0.455527,0.291537,0.127548,0.0182211,0,0,0,0,0,0,0
69944,69966,69955,15.4,-103.816,39.5925,113.766,-60.6153,395.499,10.5677,1.53322,78.2137,0.153038,0.000432291,5.14159,2.37773,1.34129,0.833223,0.426773,0.16258,0.16258,0.0609675,0.040645,0.0203225,0,0,0,0,0
69968,69989,69978,15.3,-103.81,39.5924,115.471,-60.718,393.63,11.369,1.68888,79.0849,0.14048,0.000415619,4.50602,3.05023,1.61754,0.993635,0.762557,0.20797,0.115539,0.0924311,0.0231078,0,0,0,0,0,0
69992,70010,70001,15.2,-103.805,39.5919,117.314,-60.5971,392.07,10.5741,1.6142,89.1113,0.165614,0.000469262,4.51064,2.85921,1.30636,0.862691,0.640857,0.221835,0.0492967,0.0492967,0,0.073945,0,0,0,0,0
70014,70035,70024,15.1,-103.799,39.5913,119.251,-60.6969,390.063,11.1264,1.69432,88.8795,0.157372,0.000381287,4.37727,2.56598,1.85441,1.3369,0.603761,0.215629,0.107814,0.0431258,0,0,0.0215629,0,0,0,0
70036,70054,70045,15,-103.793,39.591,121.186,-60.1621,389.254,11.7642,1.80377,97.9017,0.162828,0.000441332,5.39195,2.40187,1.49504,1.17642,0.808792,0.269597,0.147053,0.0490177,0,0,0.0245089,0,0,0,0
70058,70078,70068,14.9,-103.788,39.591,123.101,-60.0976,387.621,10.7956,1.53162,70.1494,0.137403,0.000358348,4.91262,2.48663,1.35451,1.13213,0.485197,0.242598,0.0808661,0.0808661,0.0202165,0,0,0,0,0,0
70081,70099,70090,14.8,-103.783,39.5914,125.136,-60.4,385.266,10.5598,1.53219,69.4528,0.135987,0.000355155,4.47645,2.63996,1.40606,0.860855,0.803465,0.172171,0.114781,0.0860855,0,0,0,0,0,0,0
70100,70117,70108,14.7,-103.778,39.5919,127.087,-60.4142,383.547,11.9208,1.83296,96.6093,0.15812,0.00054005,5.41594,2.66499,1.43279,1.2322,0.716394,0.143279,0.143279,0.0859673,0.0573115,0.0286558,0,0,0,0,0
70120,70137,70128,14.6,-103.773,39.5925,129.066,-60.5862,381.543,12.1724,1.73168,77.6199,0.13447,0.000377685,4.84788,3.18801,1.73891,1.52814,0.447902,0.263472,0.0526943,0.0790415,0.0263472,0,0,0,0,0,0
70141,70158,70150,14.5,-103.768,39.593,131.276,-60.7757,379.355,12.7878,2.21027,147.809,0.200621,0.000634209,4.98259,3.16628,1.81631,1.49723,0.638165,0.343627,0.220903,0.0490896,0,0.0245448,0.0245448,0,0.0245448,0,0
70163,70179,70171,14.4,-103.763,39.593,133.506,-61.3029,376.602,12.6444,1.86277,97.9343,0.157723,0.000396025,5.28899,2.77979,2.28779,1.23,0.639598,0.270599,0.0737998,0.0491999,0,0,0,0.0245999,0,0,0
70180,70197,70188,14.3,-103.759,39.593,135.628,-61.0308,375.396,13.881,2.22897,113.972,0.153397,0.000668496,6.00187,3.06703,1.87724,1.34844,0.660999,0.423039,0.343719,0.10576,0.0528799,0,0,0,0,0,0
70198,70219,70208,14.2,-103.754,39.593,137.975,-60.775,373.999,12.3172,2.00269,96.9163,0.145179,0.000523572,4.72982,2.56198,1.84758,1.47807,1.08392,0.369517,0.123172,0.0985379,0.0246345,0,0,0,0,0,0
70219,70239,70229,14.1,-103.75,39.5928,140.112,-60.374,373.067,13.7269,2.15971,104.222,0.144772,0.000558515,5.13902,3.08341,2.32969,1.69017,0.959283,0.205561,0.159881,0.1142,0.0456802,0,0,0,0,0,0
70240,70261,70250,14,-103.745,39.5925,142.472,-60.0115,371.927,13.6578,2.16743,103.919,0.143837,0.00052173,4.5526,3.44092,2.30277,1.8528,0.926401,0.37056,0.132343,0.0529372,0,0.0264686,0,0,0,0,0
70264,70286,70275,13.9,-103.741,39.5919,144.902,-59.6224,370.809,13.649,2.27862,113.892,0.149948,0.000613837,4.80429,3.11575,2.11067,1.66843,1.2664,0.402032,0.160813,0.0804065,0.0201016,0.0201016,0,0,0,0,0
70287,70314,70300,13.8,-103.736,39.591,147.269,-59.761,368.851,14.3208,2.35429,114.14,0.145445,0.000600078,4.54939,3.82361,2.33665,1.68168,1.16833,0.477951,0.194721,0.0708076,0,0.0177019,0,0,0,0,0
70315,70349,70332,13.7,-103.729,39.5897,149.709,-60.2033,366.366,14.8021,2.39669,118.078,0.147802,0.000632183,5.27712,3.44728,2.33631,2.12392,0.914919,0.359432,0.179716,0.130703,0.0163378,0.0163378,0,0,0,0,0
70350,70383,70366,13.6,-103.723,39.5882,152.143,-60.5554,364.085,14.7893,2.51972,134.999,0.160732,0.000707179,4.9955,3.61516,2.53061,1.77472,1.01882,0.443679,0.213623,0.164326,0.0164326,0,0.0164326,0,0,0,0
70384,70415,70400,13.5,-103.717,39.5862,154.457,-61.2608,361.31,15.4641,2.61827,128.425,0.147149,0.000707202,4.95894,3.86602,2.28372,2.31635,1.17449,0.440433,0.260997,0.146811,0.0163123,0,0,0,0,0,0
70415,70443,70429,13.4,-103.712,39.5831,157.008,-60.584,360.767,15.8028,2.6135,148.942,0.170968,0.000653645,5.75536,3.74586,2.6143,1.8144,1.13156,0.448723,0.195097,0.0390194,0.0195097,0,0,0.0390194,0,0,0
70444,70472,70458,13.3,-103.706,39.5795,159.713,-60.3167,359.467,16.5718,2.77186,140.04,0.151566,0.000755352,5.31933,4.14759,2.67826,2.39928,1.28333,0.427778,0.111594,0.111594,0.0743962,0.0185991,0,0,0,0,0
70473,70501,70487,13.2,-103.7,39.5757,162.363,-59.5887,359.009,15.4321,2.46599,127.743,0.155406,0.000719882,6.09934,3.84577,2.15559,1.73917,0.783851,0.36743,0.220458,0.146972,0.0489907,0.0244953,0,0,0,0,0
70502,70535,70518,13.1,-103.693,39.5722,164.919,-59.0604,358.287,16.0595,2.64618,148.241,0.168063,0.000705656,6.03076,3.64218,2.79516,1.82956,0.94866,0.406568,0.287986,0.050821,0.0338807,0,0.0338807,0,0,0,0
70538,70575,70556,13,-103.684,39.5686,167.49,-59.11,356.624,15.8017,2.51488,121.853,0.145358,0.000660742,5.7066,3.64416,2.86881,1.84534,1.05448,0.294634,0.170578,0.186085,0.0310141,0,0,0,0,0,0
70576,70613,70594,12.9,-103.672,39.5653,170.344,-59.6056,354.089,16.1032,2.51581,123.94,0.147794,0.000661758,6.3102,3.73758,2.57262,1.83239,0.813045,0.4854,0.19416,0.12135,0.012135,0.02427,0,0,0,0,0
70614,70644,70629,12.8,-103.661,39.5634,172.843,-60.1861,351.664,16.5753,2.74249,147.413,0.161255,0.000739995,5.82714,4.15427,2.62082,2.02137,1.12918,0.418215,0.236989,0.111524,0.027881,0.0139405,0,0,0.0139405,0,0
70645,70675,70660,12.7,-103.649,39.5616,175.825,-60.4085,349.578,16.7018,2.83574,189.77,0.200762,0.000803008,6.2169,3.89774,2.74791,1.90989,0.993925,0.584662,0.233865,0.0584662,0.0389774,0,0,0,0,0.0194887,0
70676,70701,70688,12.6,-103.64,39.5599,178.614,-60.2129,348.328,15.525,2.3077,107.16,0.139308,0.000526012,6.30987,3.4727,2.26974,1.97467,0.95329,0.317763,0.136184,0.0680921,0,0.0226974,0,0,0,0,0
70703,70725,70714,12.5,-103.632,39.5584,181.267,-59.7407,347.636,16.3714,2.4238,107.775,0.133396,0.000522826,5.75982,4.255,2.75019,2.23128,0.882135,0.207561,0.155671,0.129726,0,0,0,0,0,0,0
70726,70749,70738,12.4,-103.624,39.5568,184.436,-58.9871,347.144,17.0592,2.49639,114.501,0.1376,0.000575305,7.01785,4.02209,2.55195,1.88622,0.915372,0.416078,0.138693,0.0554771,0.0554771,0,0,0,0,0,0
70750,70756,70753,12.3,-103.619,39.5561,186.396,-59.2229,345.719,17.0593,2.86769,162.456,0.169951,0.000893724,6.58237,3.89457,2.6878,1.97471,0.987356,0.548531,0.219412,0,0.0548531,0.109706,0,0,0,0,0
70758,70801,70780,12.2,-103.607,39.5558,190.576,-60.0791,342.15,16.8636,2.50485,114.426,0.137046,0.000584626,7.09691,3.85261,2.36564,1.63905,1.18282,0.422435,0.219666,0.0675896,0.0168974,0,0,0,0,0,0
70808,70833,70820,12.1,-103.598,39.556,193.869,-60.8113,339.313,16.5119,2.73155,144.967,0.159214,0.00074194,6.26431,3.38749,3.03002,1.85546,1.08945,0.425564,0.306406,0.102135,0.0340452,0,0,0.0170226,0,0,0
70834,70871,70852,12,-103.59,39.5566,196.8,-62.9879,334.403,14.949,2.32011,107.166,0.138571,0.000551672,5.52119,3.28677,2.60923,1.96053,0.951432,0.288313,0.216235,0.115325,0,0,0,0,0,0,0
70871,70907,70889,11.9,-103.581,39.5572,200.098,-63.5862,331.867,13.7222,2.04817,93.5823,0.137072,0.000472034,5.57285,3.24239,1.82384,1.60672,0.926396,0.318449,0.173699,0.0289499,0.0289499,0,0,0,0,0,0
70908,70939,70924,11.8,-103.572,39.5577,203.293,-63.28,330.846,12.3507,1.81909,80.8265,0.133297,0.000387784,4.44381,3.4631,1.77752,1.34847,0.919408,0.245176,0.122588,0,0.0306469,0,0,0,0,0,0
70939,70967,70953,11.7,-103.564,39.5581,206.664,-63.2291,329.379,8.4811,1.03364,42.3401,0.122886,0.000192178,4.345,2.08894,1.16981,0.376009,0.292452,0.0835577,0.0835577,0.0417788,0,0,0,0,0,0,0
70968,70994,70981,11.6,-103.556,39.5586,210.174,-62.8256,328.431,8.39063,1.03942,42.6849,0.123198,0.000186509,4.43558,1.82967,0.961041,0.572929,0.388113,0.147853,0.0369631,0,0.0184816,0,0,0,0,0,0
70995,71022,71008,11.5,-103.548,39.5591,213.506,-62.4348,327.564,7.58407,0.962205,40.8155,0.127256,0.000186041,3.86853,1.63921,0.917956,0.699395,0.327842,0.0437122,0.0437122,0.0218561,0.0218561,0,0,0,0,0,0
71023,71049,71036,11.4,-103.539,39.5596,217.123,-61.233,327.849,7.32635,1.00555,44.3307,0.132258,0.000217468,3.29785,1.6193,1.2441,0.57268,0.394952,0.0789903,0.0394952,0.0789903,0,0,0,0,0,0,0
71050,71076,71063,11.3,-103.53,39.5603,220.465,-61.0253,326.745,6.25928,0.812563,40.006,0.147703,0.000191632,3.20524,1.60262,0.665238,0.423333,0.211667,0.0604762,0.0604762,0,0,0.0302381,0,0,0,0,0
71077,71107,71092,11.2,-103.52,39.5617,224.426,-59.3939,327.59,5.98443,0.747798,32.1808,0.129102,0.000153823,3.12933,1.40336,0.725874,0.387133,0.177436,0.0645222,0.0645222,0.0161305,0.0161305,0,0,0,0,0,0
71108,71134,71121,11.1,-103.511,39.5636,227.607,-58.9552,326.948,4.69316,0.55234,22.2643,0.120927,9.83165e-05,2.95734,0.728619,0.364309,0.34288,0.19287,0.0642899,0.02143,0.02143,0,0,0,0,0,0,0
