data/B2SAP/Locations/Boulder/NOAA-POPS-B2SAP_GMLBalloon_20230823_R0.ict
82,1001
Thornberry, T. D.
NOAA Chemical Sciences Laboratory
Portable Optical Particle Spectrometer (POPS)
Balloon Baseline Stratospheric Aerosol Profiles (B2SAP)
1,1
2023,08,23,2024,05,30
0
TIME_START,s,Seconds since midnight UTC on flight start day,Start time of 100 m altitude bin in UTC_seconds_since_midnight
49
1.0,1.0,1.0,1.0,1.0,1.0,1.0,1.0,1.0,1.0,1.0,1.0,1.0,1.0,1.0,1.0,1.0,1.0,1.0,1.0,1.0,1.0,1.0,1.0,1.0,1.0,1.0,1.0,1.0,1.0,1.0,1.0,1.0,1.0,1.0,1.0,1.0,1.0,1.0,1.0,1.0,1.0,1.0,1.0,1.0,1.0,1.0,1.0,1.0
99999,99999,99999,99999,99999,99999,99999,99999,99999,99999,99999,99999,99999,99999,99999,99999,99999,99999,99999,99999,99999,99999,99999,99999,99999,99999,99999,99999,99999,99999,99999,99999,99999,99999,99999,99999,99999,99999,99999,99999,99999,99999,99999,99999,99999,99999,99999,99999,99999
TIME_STOP,s,End time of 100 m altitude bin in UTC seconds since midnight,
TIME_MID,s,Mid time of 100 m altitude in UTC seconds since midnight,
GPSAlt,km,GPS reported altitude above sea level (km),
GPS_Lon,deg,GPS reported longitude,
GPS_Lat,deg,GPS reported latitude,
iMet_Pressure,hPa,Pressure reported (hPa),
iMet_Temperature,degrees C,Ambient temperature (oC),
THETA,K,Potential temperature from iMet,
Aerosol_concentration,cm^-3,Aerosol concentration,
Surface_Area_Conc,um^2 cm^-3,Surface area concentration,
Volume_density,um^3 cm^-3,Volume density,
Effective_radius,um,Effective radius,
Extinction,km^-1,Extinction,
Bin01,cm^-3,particle concentration in size range [140 - 146.14 nm],
Bin02,cm^-3,particle concentration in size range [146.14 - 152.56 nm],
Bin03,cm^-3,particle concentration in size range [152.56 - 159.25 nm],
Bin04,cm^-3,particle concentration in size range [159.25 - 166.24 nm],
Bin05,cm^-3,particle concentration in size range [166.24 - 173.54 nm],
Bin06,cm^-3,particle concentration in size range [173.54 - 181.16 nm],
Bin07,cm^-3,particle concentration in size range [181.16 - 189.11 nm],
Bin08,cm^-3,particle concentration in size range [189.11 - 197.41 nm],
Bin09,cm^-3,particle concentration in size range [197.41 - 206.07 nm],
Bin10,cm^-3,particle concentration in size range [206.07 - 215.12 nm],
Bin11,cm^-3,particle concentration in size range [215.12 - 224.56 nm],
Bin12,cm^-3,particle concentration in size range [224.56 - 234.41 nm],
Bin13,cm^-3,particle concentration in size range [234.41 - 244.70 nm],
Bin14,cm^-3,particle concentration in size range [244.70 - 361.30 nm],
Bin15,cm^-3,particle concentration in size range [361.30 - 472.80 nm],
Bin16,cm^-3,particle concentration in size range [472.80 - 567.00 nm],
Bin17,cm^-3,particle concentration in size range [567.00 - 610.66 nm],
Bin18,cm^-3,particle concentration in size range [610.66 - 657.69 nm],
Bin19,cm^-3,particle concentration in size range [657.69 - 708.33 nm],
Bin20,cm^-3,particle concentration in size range [708.33 - 762.88 nm],
Bin21,cm^-3,particle concentration in size range [762.88 - 821.62 nm],
Bin22,cm^-3,particle concentration in size range [821.62 - 884.89 nm],
Bin23,cm^-3,particle concentration in size range [884.89 - 953.03 nm],
Bin24,cm^-3,particle concentration in size range [953.03 - 1026.42 nm],
Bin25,cm^-3,particle concentration in size range [1026.42 - 1105.46 nm],
Bin26,cm^-3,particle concentration in size range [1105.46 - 1190.59 nm]],
[...]
LOCATION: Boulder, CO, USA
ASSOCIATED_DATA: N/A
INSTRUMENT_INFO: Printed Optical Particle Spectrometer counts particles from 140 - 2500 nm in diameter 
DATA_INFO: Particle concentrations reported in number per cubic centimeter, binned to 100 m altitude
UNCERTAINTY: Counting uncertainty dominated by air flow, less than 5 percent
ULOD_FLAG: -77777
ULOD_VALUE: 3000 ~3000 per cm3 (varies depending on flow rate- manufacturer quotes 1250  per cm3 at 1.667 cc/s)
LLOD_FLAG: -88888
LLOD_VALUE: 0 0 (varies depending on data field and measurement precision)
DM_CONTACT_INFO: Troy Thornberry, 325 Broadway R/CSL6, Boulder, CO 80305; troy.thornberry@noaa.gov; 303-497-3373
PROJECT_INFO: B2SAP Boulder, CO, USA
STIPULATIONS_ON_USE: Please contact the PIs for questions regarding applications and uncertainties
OTHER_COMMENTS: POPS bin Edges (nm):  140, 146.14, 152.56, 159.25, 166.24, 173.54, 181.16, 189.11, 197.41, 206.07, 215.12, 224.56, 234.41, 244.70, 361.30, 472.80, 567.00, 610.66, 657.69, 708.33, 762.88, 821.62, 884.89, 953.03, 1026.42, 1105.46, 1190.59, 1282.27, 1381.01, 1487.36, 1601.89, 1725.25, 1858.10, 2001.18, 2155.28, 2321.25, 2500
Calculations assume sulfate refractive index of 1.45+0.00j and extinction wavelength = 532 nm
REVISION: R0
R0: QA/QC data
TIME_START,TIME_STOP,TIME_MID,GPSAlt,GPS_Lon,GPS_Lat,iMet_Pressure,iMet_Temperature,THETA,Aerosol_concentration,Surface_Area_Conc,Volume_density,Effective_radius,Extinction,Bin01,Bin02,Bin03,Bin04,Bin05,Bin06,Bin07,Bin08,Bin09,Bin10,Bin11,Bin12,Bin13,Bin14,Bin15,Bin16,Bin17,Bin18,Bin19,Bin20,Bin21,Bin22,Bin23,Bin24,Bin25,Bin26,Bin27,Bin28,Bin29,Bin30,Bin31,Bin32,Bin33,Bin34,Bin35,Bin36
[from data line 410]
67088,67115,67102,16.1,-105.324,40.2416,113.225,-66.4157,385.23,10.0556,1.47071,77.2086,0.157493,0.000463844,1.46009,1.40931,1.19347,0.749092,0.926843,0.711003,0.634824,0.43168,0.418984,0.25393,0.25393,0.330108,0.165054,0.571341,0.21584,0.190447,0.0380894,0.0380894,0.025393,0.025393,0.0126965,0,0,0,0,0,0,0,0,0,0,0,0,0,0,0
67116,67144,67130,16,-105.322,40.2421,115.133,-66.0643,384.043,9.42002,1.38748,70.0784,0.151523,0.000407796,1.32765,1.03683,1.10006,0.897747,0.682794,0.783948,0.568995,0.543706,0.316108,0.227598,0.316108,0.202309,0.177021,0.733371,0.252887,0.126443,0.037933,0.0505773,0.0252887,0.0126443,0,0,0,0,0,0,0,0,0,0,0,0,0,0,0,0
67145,67170,67158,15.9,-105.319,40.2426,117.031,-66.2104,381.984,8.45616,1.21462,63.5992,0.157085,0.000356379,1.20416,1.16357,0.974149,0.744142,0.744142,0.568254,0.527664,0.378836,0.324716,0.270597,0.257067,0.189418,0.175888,0.500605,0.230008,0.094709,0.0541194,0.0135299,0.0135299,0,0,0.0135299,0.0135299,0,0,0,0,0,0,0,0,0,0,0,0,0
67173,67200,67186,15.8,-105.317,40.2438,119.136,-66.4488,379.604,9.40112,1.34102,64.5441,0.144392,0.000332564,1.18067,1.15116,1.15116,0.796955,0.782196,0.56082,0.501786,0.56082,0.398477,0.383719,0.19186,0.206618,0.206618,0.900264,0.295168,0.0737921,0.0147584,0.0147584,0.0147584,0,0,0,0.0147584,0,0,0,0,0,0,0,0,0,0,0,0,0
67201,67228,67214,15.7,-105.314,40.2455,121.017,-66.805,377.257,6.89306,0.917023,43.6574,0.142823,0.000240648,1.20975,1.09634,0.819102,0.655282,0.604875,0.390649,0.252031,0.327641,0.189024,0.16382,0.189024,0.0504063,0.189024,0.47886,0.126016,0.0630078,0.0504063,0.0126016,0.0252031,0,0,0,0,0,0,0,0,0,0,0,0,0,0,0,0,0
67229,67255,67242,15.6,-105.311,40.2472,123.032,-67.1174,374.917,6.7349,1.08941,65.9935,0.181731,0.000403847,0.945249,0.748322,0.905864,0.708937,0.564524,0.485753,0.275698,0.262569,0.288826,0.210055,0.196927,0.0918992,0.144413,0.498881,0.17067,0.118156,0,0,0.0525138,0.0393854,0,0,0.0262569,0,0,0,0,0,0,0,0,0,0,0,0,0
67256,67285,67270,15.5,-105.308,40.2488,125.079,-66.5113,374.25,7.22679,1.0712,59.2666,0.165983,0.000345799,1.12181,0.93287,0.885636,0.684892,0.54319,0.566807,0.38968,0.295212,0.259786,0.247978,0.23617,0.0826593,0.0472339,0.590424,0.15351,0.0708509,0.023617,0.0472339,0,0.0118085,0.0118085,0.0118085,0.0118085,0,0,0,0,0,0,0,0,0,0,0,0,0
67286,67314,67300,15.4,-105.305,40.2502,127.201,-66.9152,371.724,9.61535,1.34554,69.6313,0.15525,0.000384563,1.33173,1.22177,1.16068,0.843023,0.720846,0.91633,0.623104,0.329879,0.476492,0.293226,0.256572,0.244355,0.207701,0.635322,0.122177,0.122177,0.0122177,0.0122177,0.0488709,0.0122177,0,0.0122177,0.0122177,0,0,0,0,0,0,0,0,0,0,0,0,0
67315,67344,67330,15.3,-105.302,40.2515,129.297,-65.8207,371.961,11.0142,1.47504,70.9969,0.144397,0.000382817,1.77126,1.44694,1.24737,1.03531,1.02284,0.88563,0.735946,0.436578,0.336789,0.199579,0.249473,0.187105,0.261947,0.78584,0.187105,0.124737,0.0498946,0,0,0.0249473,0.0249473,0,0,0,0,0,0,0,0,0,0,0,0,0,0,0
67346,67374,67360,15.2,-105.298,40.2533,131.487,-66.3059,369.313,11.8576,1.50056,66.201,0.132353,0.000314201,1.63133,1.48524,1.37568,1.35133,1.07132,0.840014,0.779144,0.547835,0.450442,0.462616,0.267831,0.231308,0.243482,0.742621,0.243482,0.0730447,0.0121741,0.0365224,0,0,0,0,0.0121741,0,0,0,0,0,0,0,0,0,0,0,0,0
67375,67404,67390,15.1,-105.295,40.255,133.644,-65.384,369.236,9.72711,1.23121,58.4316,0.142376,0.0002991,1.58022,1.52169,1.14712,0.819371,0.866193,0.632087,0.690613,0.456507,0.339454,0.19899,0.316043,0.222401,0.117053,0.538444,0.117053,0.0936424,0,0.0117053,0.0234106,0.0117053,0,0.0234106,0,0,0,0,0,0,0,0,0,0,0,0,0,0
67405,67433,67419,15,-105.291,40.2564,135.844,-64.7397,368.658,7.62451,0.984627,44.5665,0.135787,0.000230305,1.27677,0.963603,0.867243,0.662477,0.614297,0.529982,0.421576,0.409531,0.277036,0.457712,0.180676,0.14454,0.12045,0.433621,0.108405,0.12045,0,0.012045,0.012045,0.012045,0,0,0,0,0,0,0,0,0,0,0,0,0,0,0,0
67434,67462,67448,14.9,-105.289,40.2577,138.02,-64.1981,367.942,8.3515,1.09971,50.8821,0.138805,0.000265028,1.46924,1.06971,0.940832,0.708846,0.824839,0.528413,0.41242,0.386643,0.296427,0.27065,0.231986,0.27065,0.0644406,0.528413,0.219098,0.0644406,0.0257762,0.0128881,0.0128881,0,0.0128881,0,0,0,0,0,0,0,0,0,0,0,0,0,0,0
67463,67490,67476,14.8,-105.286,40.259,140.29,-64.0978,366.406,7.15712,0.976461,46.8326,0.143885,0.000263649,1.35895,1.07422,0.815368,0.66006,0.569464,0.427098,0.375328,0.336501,0.168251,0.194135,0.116481,0.0905965,0.103539,0.478867,0.22002,0.116481,0.0129424,0.0258847,0.0129424,0,0,0,0,0,0,0,0,0,0,0,0,0,0,0,0,0
67491,67519,67505,14.7,-105.283,40.2603,142.6,-64.0641,364.76,6.94911,1.00279,52.1702,0.156075,0.000312385,1.08017,0.660106,0.924148,0.780125,0.576092,0.504081,0.456073,0.432069,0.228036,0.168027,0.180029,0.120019,0.0960154,0.336054,0.204033,0.108017,0.0120019,0.0480077,0.0240038,0,0.0120019,0,0,0,0,0,0,0,0,0,0,0,0,0,0,0
67520,67549,67534,14.6,-105.279,40.2622,145.007,-63.3143,364.322,7.80821,1.02334,47.8005,0.140131,0.000249769,1.31299,1.26651,0.824975,0.73202,0.592588,0.604207,0.3602,0.313723,0.267245,0.267245,0.17429,0.139432,0.104574,0.54611,0.162671,0.0697162,0.0464775,0.0116194,0,0,0,0.0116194,0,0,0,0,0,0,0,0,0,0,0,0,0,0
67550,67578,67564,14.5,-105.276,40.2647,147.417,-63.5645,362.177,7.6851,1.05368,51.657,0.147076,0.000264711,1.39075,1.01908,0.755322,0.707365,0.503548,0.443602,0.443602,0.335699,0.323709,0.227795,0.203817,0.251774,0.167849,0.62344,0.167849,0.0479569,0.0479569,0,0,0,0,0.0119892,0.0119892,0,0,0,0,0,0,0,0,0,0,0,0,0
67579,67609,67594,14.4,-105.272,40.2681,149.756,-64.143,359.554,6.40922,0.878868,42.8062,0.146118,0.000240635,1.05702,0.805347,0.704678,0.52012,0.553676,0.486564,0.369117,0.268449,0.201337,0.251671,0.184559,0.234893,0.167781,0.335561,0.100668,0.0838903,0.0335561,0.0167781,0.0335561,0,0,0,0,0,0,0,0,0,0,0,0,0,0,0,0,0
67610,67641,67626,14.3,-105.267,40.2721,152.314,-64.1223,357.856,8.3066,1.20887,60.305,0.149657,0.000341818,1.00141,1.05277,0.770318,0.808834,0.590577,0.718964,0.590577,0.37232,0.47503,0.28245,0.256773,0.205418,0.166902,0.616255,0.179741,0.115548,0.0513545,0.0256773,0,0.0128386,0.0128386,0,0,0,0,0,0,0,0,0,0,0,0,0,0,0
67642,67675,67658,14.2,-105.263,40.2759,154.779,-64.0918,356.27,9.55505,1.32155,66.6587,0.15132,0.000339686,1.13583,1.18267,0.92506,0.960189,0.796254,0.714287,0.679158,0.538642,0.374708,0.503514,0.245902,0.30445,0.245902,0.644029,0.128806,0.0936769,0.0351289,0,0,0,0.0117096,0.0117096,0.0234192,0,0,0,0,0,0,0,0,0,0,0,0,0
67676,67710,67693,14.1,-105.257,40.2797,157.369,-63.348,355.848,8.42689,1.07402,45.4025,0.12682,0.000210412,1.3008,0.950146,0.995391,0.8031,0.610808,0.656053,0.509007,0.384583,0.339338,0.316715,0.282782,0.147046,0.192291,0.723921,0.113113,0.0678676,0.0113113,0.0113113,0.0113113,0,0,0,0,0,0,0,0,0,0,0,0,0,0,0,0,0
67711,67745,67728,14,-105.252,40.2834,159.87,-62.3652,355.907,7.44032,1.05728,51.3492,0.145701,0.000277087,1.10651,0.864858,0.712236,0.699518,0.572333,0.457866,0.50874,0.445148,0.241652,0.305244,0.279807,0.114467,0.203496,0.59777,0.178059,0.076311,0.0381555,0.025437,0,0,0,0.0127185,0,0,0,0,0,0,0,0,0,0,0,0,0,0
67746,67777,67762,13.9,-105.246,40.2871,162.534,-61.9181,354.981,6.3604,0.86878,40.6459,0.140355,0.00021259,0.884072,0.834957,0.749005,0.589381,0.442036,0.491151,0.392921,0.356084,0.122788,0.257854,0.19646,0.135067,0.110509,0.564824,0.135067,0.0491151,0,0.0122788,0.0245575,0.0122788,0,0,0,0,0,0,0,0,0,0,0,0,0,0,0,0
67778,67811,67794,13.8,-105.239,40.2909,165.106,-60.9979,354.933,5.77247,0.805071,37.6403,0.140262,0.000188112,0.895134,0.573804,0.654137,0.539376,0.459043,0.344282,0.470519,0.126237,0.206569,0.206569,0.229522,0.0573804,0.172141,0.631184,0.149189,0.0229522,0.0114761,0,0,0,0.0229522,0,0,0,0,0,0,0,0,0,0,0,0,0,0,0
67812,67848,67830,13.7,-105.232,40.2952,167.871,-60.2035,354.573,5.37357,0.741046,34.0673,0.137916,0.000178138,0.778168,0.757137,0.609916,0.3996,0.431147,0.262895,0.210316,0.262895,0.347021,0.189284,0.1998,0.115674,0.136705,0.47321,0.0841263,0.0736105,0.0315474,0,0.0105158,0,0,0,0,0,0,0,0,0,0,0,0,0,0,0,0,0
67849,67884,67866,13.6,-105.223,40.2995,170.664,-59.9642,353.303,4.66823,0.635891,28.7565,0.135667,0.000145274,0.582181,0.517494,0.442026,0.560618,0.312653,0.377339,0.334215,0.226404,0.19406,0.172498,0.140155,0.129373,0.0970301,0.431245,0.086249,0.0215622,0.0107811,0.0215622,0.0107811,0,0,0,0,0,0,0,0,0,0,0,0,0,0,0,0,0
67885,67922,67904,13.5,-105.214,40.3038,173.434,-59.0227,353.235,3.46393,0.521275,26.806,0.154272,0.000141789,0.41987,0.451361,0.377883,0.3254,0.283413,0.209935,0.188942,0.136458,0.167948,0.125961,0.115464,0.0314903,0.0629806,0.38838,0.125961,0.0314903,0,0,0.0104968,0,0,0,0.0104968,0,0,0,0,0,0,0,0,0,0,0,0,0
67923,67961,67942,13.4,-105.205,40.3084,176.19,-57.8427,353.585,2.48348,0.401899,22.0571,0.164646,0.000135079,0.259778,0.342907,0.290951,0.259778,0.218214,0.176649,0.0623467,0.135085,0.083129,0.0727379,0.0623467,0.0415645,0.0519556,0.270169,0.083129,0.0311734,0,0.0103911,0.0207822,0.0103911,0,0,0,0,0,0,0,0,0,0,0,0,0,0,0,0
67962,68006,67984,13.3,-105.195,40.3134,178.965,-56.5673,354.095,1.84941,0.301938,17.8847,0.177699,0.000111136,0.289769,0.213065,0.221588,0.153407,0.119317,0.102271,0.119317,0.0937488,0.068181,0.0596583,0.0767036,0.0511357,0.0170452,0.153407,0.0426131,0.0340905,0,0.00852262,0.00852262,0.00852262,0,0.00852262,0,0,0,0,0,0,0,0,0,0,0,0,0,0
68007,68046,68026,13.2,-105.185,40.3185,181.735,-56.3325,352.925,1.52604,0.317162,22.0682,0.20874,0.00014198,0.209831,0.104915,0.104915,0.162142,0.104915,0.0667643,0.114453,0.0667643,0.104915,0.0286133,0.0572266,0.038151,0.0286133,0.190755,0.0667643,0.0286133,0,0.0190755,0.00953776,0,0,0.00953776,0.00953776,0,0,0,0,0,0,0,0,0,0,0,0,0
68047,68085,68066,13.1,-105.175,40.3231,184.657,-55.0372,353.42,1.76544,0.313578,19.4095,0.185691,0.000125715,0.223105,0.320107,0.135803,0.0970022,0.126103,0.0970022,0.0970022,0.0679015,0.0485011,0.0679015,0.106702,0.0291007,0.0388009,0.203705,0.0194004,0.0485011,0,0.00970022,0.00970022,0,0.0194004,0,0,0,0,0,0,0,0,0,0,0,0,0,0,0
68086,68124,68105,13,-105.164,40.3277,187.531,-54.0744,353.417,1.71319,0.24413,12.8597,0.158026,6.83224e-05,0.20326,0.212939,0.251656,0.145186,0.0871116,0.10647,0.125828,0.0677535,0.0677535,0.0677535,0.125828,0.00967907,0.0677535,0.116149,0.0290372,0.00967907,0,0,0.00967907,0,0,0.00967907,0,0,0,0,0,0,0,0,0,0,0,0,0,0
68125,68169,68147,12.9,-105.153,40.3323,190.378,-53.6327,352.609,1.65309,0.296952,18.2719,0.184595,0.000120584,0.327261,0.184609,0.159435,0.0755218,0.151044,0.109087,0.0419566,0.0755218,0.0671305,0.0503479,0.0587392,0.0503479,0.00839132,0.134261,0.100696,0.0167826,0,0.0167826,0.00839132,0.00839132,0.00839132,0,0,0,0,0,0,0,0,0,0,0,0,0,0,0
68170,68212,68191,12.8,-105.142,40.3372,193.304,-52.5697,352.776,1.49288,0.306628,20.2483,0.198107,0.000139426,0.254343,0.176934,0.0884672,0.187993,0.110584,0.0774088,0.0884672,0.0221168,0.0442336,0.0110584,0.0221168,0.0110584,0.0221168,0.21011,0.0774088,0.0442336,0.0110584,0,0.0110584,0.0110584,0.0110584,0,0,0,0,0,0,0,0,0,0,0,0,0,0,0
68213,68251,68232,12.7,-105.131,40.3423,196.33,-51.2484,353.317,1.03648,0.204717,14.3427,0.210184,9.35721e-05,0.150943,0.120755,0.140881,0.0603774,0.0704403,0.0402516,0.0603774,0.0704403,0.0301887,0.0301887,0.0503145,0.0201258,0,0.100629,0.0201258,0.0402516,0.0100629,0,0.0100629,0,0,0,0.0100629,0,0,0,0,0,0,0,0,0,0,0,0,0
68252,68288,68270,12.6,-105.121,40.3475,199.325,-50.5235,352.942,0.622881,0.105956,5.37841,0.152283,3.15175e-05,0.0874219,0.0327832,0.043711,0.0764942,0.0327832,0.0655664,0.0327832,0.043711,0.0218555,0.043711,0.0109277,0,0.0109277,0.043711,0.0655664,0.0109277,0,0,0,0,0,0,0,0,0,0,0,0,0,0,0,0,0,0,0,0
68289,68324,68306,12.5,-105.111,40.3526,202.427,-49.9914,352.227,1.03049,0.173698,12.3494,0.213292,7.66439e-05,0.215684,0.119825,0.167755,0.0838773,0.0718948,0.0599123,0.0359474,0.0479299,0.0359474,0.0119825,0.0359474,0.0239649,0.0239649,0.0239649,0.0239649,0.0239649,0,0,0.0119825,0,0,0,0.0119825,0,0,0,0,0,0,0,0,0,0,0,0,0
68327,68357,68342,12.4,-105.102,40.3575,205.536,-49.3287,351.737,0.392639,0.0512554,2.48863,0.145661,1.49262e-05,0.112182,0.0747883,0,0.0560912,0,0.0186971,0.0373941,0.0373941,0,0.0186971,0,0,0,0.0186971,0,0.0186971,0,0,0,0,0,0,0,0,0,0,0,0,0,0,0,0,0,0,0,0
68364,68394,68379,12.3,-105.092,40.3629,209.008,-48.1548,351.896,1.01254,0.238908,19.0386,0.23907,0.000128571,0.137293,0.154455,0.0858081,0.120131,0.0171616,0.0686465,0.0171616,0.0858081,0.0514849,0.0343232,0,0,0.0514849,0.0343232,0.0686465,0.0514849,0,0,0.0171616,0,0,0,0.0171616,0,0,0,0,0,0,0,0,0,0,0,0,0
68395,68428,68412,12.2,-105.084,40.3672,211.867,-47.5906,351.411,1.42615,0.231076,14.3818,0.186714,8.2513e-05,0.275222,0.137611,0.125101,0.137611,0.150121,0.0500403,0.0500403,0.0750604,0.112591,0.0375302,0.0125101,0.0250201,0.0250201,0.137611,0.0375302,0.0125101,0,0.0125101,0,0,0,0,0.0125101,0,0,0,0,0,0,0,0,0,0,0,0,0
68429,68462,68446,12.1,-105.076,40.372,215.061,-46.6953,351.302,1.59948,0.229912,10.582,0.138079,5.58511e-05,0.297578,0.13639,0.148789,0.185986,0.148789,0.0867935,0.0619954,0.0371972,0.0743945,0.0495963,0.0495963,0.0495963,0,0.198385,0.0371972,0.0371972,0,0,0,0,0,0,0,0,0,0,0,0,0,0,0,0,0,0,0,0
68463,68494,68478,12,-105.068,40.3763,218.251,-46.2629,350.494,1.75034,0.307816,18.967,0.184854,0.000119418,0.298508,0.18996,0.176391,0.108548,0.149254,0.0678427,0.108548,0.0542742,0.149254,0.0542742,0.0135685,0.0271371,0.0271371,0.203528,0.0542742,0.0407056,0,0,0,0,0.0271371,0,0,0,0,0,0,0,0,0,0,0,0,0,0,0
68495,68526,68510,11.9,-105.06,40.3805,221.581,-45.4541,350.225,1.39831,0.209167,11.0996,0.159198,6.56427e-05,0.197874,0.118725,0.158299,0.145108,0.0791497,0.118725,0.105533,0.0527665,0.0791497,0.0395749,0.0395749,0.0527665,0.0659581,0.0791497,0.0263832,0.0131916,0.0131916,0,0,0.0131916,0,0,0,0,0,0,0,0,0,0,0,0,0,0,0,0
68527,68558,68542,11.8,-105.052,40.3844,224.95,-44.4297,350.286,1.01229,0.216643,17.1194,0.237064,0.000111232,0.0788794,0.328664,0.0788794,0.0657329,0.0131466,0.0657329,0.0262931,0.0131466,0.0131466,0.0394397,0.0131466,0,0.0525863,0.157759,0.0131466,0.0131466,0,0,0,0.0131466,0,0.0262931,0,0,0,0,0,0,0,0,0,0,0,0,0,0
68559,68588,68574,11.7,-105.046,40.3879,228.313,-43.8397,349.704,1.13542,0.234761,18.318,0.234085,0.000127238,0.16821,0.182228,0.0981225,0.084105,0.0981225,0.0700875,0.05607,0.0420525,0.05607,0.05607,0.028035,0.028035,0,0.084105,0,0.028035,0,0.0140175,0.0140175,0,0.0140175,0.0140175,0,0,0,0,0,0,0,0,0,0,0,0,0,0
68589,68621,68605,11.6,-105.039,40.3914,231.579,-43.0803,349.442,1.16093,0.255214,18.9488,0.22274,0.000137745,0.125884,0.111897,0.139871,0.0839225,0.0839225,0.0839225,0.0979096,0.0419613,0.0279742,0,0.0419613,0.0839225,0.0559484,0.0699354,0.0139871,0.0279742,0.0139871,0.0139871,0.0139871,0.0139871,0.0139871,0,0,0,0,0,0,0,0,0,0,0,0,0,0,0
68622,68653,68638,11.5,-105.032,40.3951,235.176,-41.9219,349.659,1.2981,0.34379,28.832,0.251595,0.000199349,0.278164,0.139082,0.0463607,0.108175,0.0309072,0.0618143,0.0618143,0.0154536,0.0927215,0.0463607,0.0154536,0.0309072,0.0309072,0.169989,0.0463607,0.0463607,0,0.0154536,0.0309072,0,0,0.0154536,0.0154536,0,0,0,0,0,0,0,0,0,0,0,0,0
68655,68687,68671,11.4,-105.025,40.3989,238.539,-41.1764,349.365,0.763391,0.112417,6.34773,0.169398,4.00925e-05,0.0663819,0.165955,0.116168,0.0497864,0.0497864,0.0663819,0,0.0331909,0.0331909,0.0165955,0.0497864,0.0497864,0.0165955,0.0165955,0,0.0165955,0,0,0.0165955,0,0,0,0,0,0,0,0,0,0,0,0,0,0,0,0,0
68688,68719,68704,11.3,-105.018,40.4033,242.125,-40.5625,348.799,0.603769,0.13515,10.5658,0.234535,6.98807e-05,0.0862527,0.0690021,0.0517516,0.0862527,0,0.0172505,0.0345011,0.0172505,0.0345011,0.0345011,0.0172505,0.0345011,0,0.0690021,0,0.0345011,0,0,0,0,0,0.0172505,0,0,0,0,0,0,0,0,0,0,0,0,0,0
68720,68751,68736,11.2,-105.012,40.4076,245.751,-40.2144,347.841,1.01899,0.139009,5.51405,0.119001,2.13915e-05,0.123515,0.108075,0.0617573,0.0926359,0.0926359,0.046318,0.0617573,0.0308786,0,0.0926359,0.0926359,0.0308786,0.0154393,0.154393,0.0154393,0,0,0,0,0,0,0,0,0,0,0,0,0,0,0,0,0,0,0,0,0
