data/B2SAP/Locations/Boulder/NOAA-POPS-B2SAP_GMLBalloon_20200709_R0.ict
61,1001
Thornberry, T. D.
NOAA Chemical Sciences Laboratory
Portable Optical Particle Spectrometer (POPS)
Balloon Baseline Stratospheric Aerosol Profiles (B2SAP)
1,1
2020,07,09,2024,05,28
0
TIME_START,s,Seconds since midnight UTC on flight start day,Start time of 100 m altitude bin in UTC_seconds_since_midnight
28
1.0,1.0,1.0,1.0,1.0,1.0,1.0,1.0,1.0,1.0,1.0,1.0,1.0,1.0,1.0,1.0,1.0,1.0,1.0,1.0,1.0,1.0,1.0,1.0,1.0,1.0,1.0,1.0
99999,99999,99999,99999,99999,99999,99999,99999,99999,99999,99999,99999,99999,99999,99999,99999,99999,99999,99999,99999,99999,99999,99999,99999,99999,99999,99999,99999
TIME_STOP,s,End time of 100 m altitude bin in UTC seconds since midnight,
TIME_MID,s,Mid time of 100 m altitude in UTC seconds since midnight,
GPSAlt,m,GPS reported altitude above sea level (m),
GPS_Lon,deg,GPS reported longitude,
GPS_Lat,deg,GPS reported latitude,
iMet_Pressure,mb,Pressure reported (mB),
iMet_Temperature,degrees C,Ambient temperature (oC),
THETA,K,Potential temperature from iMet,
Aerosol_concentration,cm^-3,Aerosol concentration,
Surface_Area_Conc,um^2 cm^-3,Surface area concentration,
Volume_density,um^3 cm^-3,Volume density,
Effective_radius,um,Effective radius,
Extinction,km^-1,Extinction,
Bin01,cm^-3,particle concentration in size range [140 - 170 nm],
Bin02,cm^-3,particle concentration in size range [170 - 205 nm],
Bin03,cm^-3,particle concentration in size range [205 - 249 nm],
Bin04,cm^-3,particle concentration in size range [249 - 302 nm],
Bin05,cm^-3,particle concentration in size range [302 - 366 nm],
Bin06,cm^-3,particle concentration in size range [366 - 443 nm],
Bin07,cm^-3,particle concentration in size range [443 - 537 nm],
Bin08,cm^-3,particle concentration in size range [537 - 651 nm],
Bin09,cm^-3,particle concentration in size range [651 - 789 nm],
Bin10,cm^-3,particle concentration in size range [789 - 956 nm],
Bin11,cm^-3,particle concentration in size range [956 - 1159 nm],
Bin12,cm^-3,particle concentration in size range [1159 - 1404 nm],
Bin13,cm^-3,particle concentration in size range [1404 - 1702 nm],
Bin14,cm^-3,particle concentration in size range [1702 - 2062 nm],
Bin15,cm^-3,particle concentration in size range [2062 - 2500 nm],
0
19
PI_CONTACT_INFO: 325 Broadway R/CSL6, Boulder, CO 80305; troy.thornberry@noaa.gov; 303-497-3373 
PLATFORM: GML ECC/FPH balloon
LOCATION: Boulder, CO, USA
ASSOCIATED_DATA: N/A
INSTRUMENT_INFO: Printed Optical Particle Spectrometer counts particles from 140 - 2500 nm in diameter 
DATA_INFO: Particle concentrations reported in number per cubic centimeter, binned to 100 m altitude
UNCERTAINTY: Counting uncertainty dominated by air flow, less than 5 percent
ULOD_FLAG: -77777
ULOD_VALUE: 3000 ~3000 per cm3 (varies depending on flow rate- manufacturer quotes 1250  per cm3 at 1.667 cc/s)
LLOD_FLAG: -88888
LLOD_VALUE: 0 0 (varies depending on data field and measurement precision)
DM_CONTACT_INFO: Troy Thornberry, 325 Broadway R/CSL6, Boulder, CO 80305; troy.thornberry@noaa.gov; 303-497-3373
PROJECT_INFO: B2SAP Boulder, CO, USA
STIPULATIONS_ON_USE: Please contact the PIs for questions regarding applications and uncertainties
OTHER_COMMENTS: POPS bin Edges (nm):  140, 170, 205, 249, 302, 366, 443, 537, 651, 789, 956, 1159, 1404, 1702, 2062, 2500
Calculations assume sulfate refractive index of 1.45+0.00j and extinction wavelength = 532 nm
REVISION: R0
R0: QA/QC data
TIME_START,TIME_STOP,TIME_MID,GPSAlt,GPS_Lon,GPS_Lat,iMet_Pressure,iMet_Temperature,THETA,Aerosol_concentration,Surface_Area_Conc,Volume_density,Effective_radius,Extinction,Bin01,Bin02,Bin03,Bin04,Bin05,Bin06,Bin07,Bin08,Bin09,Bin10,Bin11,Bin12,Bin13,Bin14,Bin15
[from data line 302]
64274,64286,64280,25.6,-104.557,39.9827,22.2189,-48.7989,665.719,1.75562,0.743622,55.9349,0.225659,0.000459663,0.29883,0.261476,0.149415,0.112061,0.149415,0.149415,0.522952,0.112061,0,0,0,0,0,0,0
64287,64298,64292,25.5,-104.559,39.9827,22.4775,-49.1108,662.609,2.32672,1.04722,95.9487,0.274866,0.000630506,0.387787,0.332389,0.110796,0.415486,0.193894,0.332389,0.276991,0.193894,0.0553982,0,0.0276991,0,0,0,0
64299,64312,64306,25.4,-104.562,39.9825,22.895,-47.5167,663.816,1.71106,0.726797,57.4139,0.236987,0.000459966,0.244437,0.217277,0.190118,0.217277,0.217277,0.162958,0.244437,0.162958,0.0543193,0,0,0,0,0,0
64313,64325,64319,25.3,-104.564,39.982,23.2862,-47.8769,659.569,2.32637,0.938476,69.3105,0.221563,0.000548985,0.37522,0.250147,0.275162,0.225132,0.200118,0.400235,0.450264,0.125073,0.0250147,0,0,0,0,0,0
64326,64338,64332,25.2,-104.566,39.9815,23.7092,-47.4985,657.271,1.78536,0.827415,69.4376,0.251763,0.000547947,0.269027,0.195656,0.195656,0.171199,0.24457,0.195656,0.220113,0.24457,0.024457,0.024457,0,0,0,0,0
64339,64351,64345,25.1,-104.568,39.9811,24.0346,-46.6638,657.151,1.99808,0.823614,60.5676,0.220617,0.000467677,0.243669,0.121834,0.194935,0.292403,0.365503,0.341136,0.316769,0.0731007,0.0487338,0,0,0,0,0,0
64352,64365,64358,25,-104.57,39.9808,24.4836,-47.1457,652.287,1.75945,0.64023,46.3727,0.217294,0.00035991,0.293242,0.180457,0.293242,0.270685,0.112786,0.225571,0.270685,0.0902284,0.0225571,0,0,0,0,0,0
64366,64379,64372,24.9,-104.572,39.9809,24.9107,-47.5693,647.862,2.21763,0.670495,45.619,0.204114,0.000336284,0.399174,0.465703,0.221763,0.332645,0.288292,0.221763,0.155234,0.110882,0.0221763,0,0,0,0,0,0
64380,64393,64386,24.8,-104.574,39.9814,25.3464,-47.5086,644.822,2.37223,0.869541,63.7562,0.219965,0.000498385,0.399066,0.288215,0.332555,0.376896,0.199533,0.199533,0.443407,0.0886814,0.0443407,0,0,0,0,0,0
64394,64409,64402,24.7,-104.577,39.9818,25.7794,-47.5344,641.648,2.02681,0.883606,68.599,0.232906,0.000549435,0.22945,0.191209,0.267692,0.286813,0.248571,0.248571,0.286813,0.22945,0.0382417,0,0,0,0,0,0
64410,64424,64417,24.6,-104.579,39.982,26.185,-47.9857,637.503,2.19177,0.927939,69.6059,0.225034,0.000556938,0.238707,0.34721,0.173605,0.282109,0.173605,0.34721,0.455714,0.151905,0.0217007,0,0,0,0,0,0
64425,64441,64433,24.5,-104.581,39.9826,26.6175,-48.5394,632.979,2.00606,0.899783,72.2984,0.241053,0.00057285,0.264951,0.170326,0.283876,0.283876,0.151401,0.227101,0.397427,0.189251,0.0189251,0.0189251,0,0,0,0,0
64442,64456,64449,24.4,-104.583,39.983,27.0564,-49.2821,627.933,1.94105,0.784054,57.3784,0.219545,0.000447779,0.298624,0.127982,0.255963,0.170642,0.298624,0.362615,0.277294,0.127982,0.0213303,0,0,0,0,0,0
64457,64472,64464,24.3,-104.585,39.9836,27.5206,-49.325,624.78,2.27841,0.935385,68.3971,0.219365,0.00053754,0.130728,0.317483,0.280132,0.354834,0.317483,0.280132,0.429536,0.149404,0.0186755,0,0,0,0,0,0
64473,64489,64481,24.2,-104.588,39.9841,28.01,-48.6719,623.444,2.5043,1.10413,86.4911,0.235002,0.000677991,0.237634,0.292473,0.347312,0.292473,0.219355,0.42043,0.475269,0.164516,0.0365592,0.0182796,0,0,0,0,0
64490,64504,64497,24.1,-104.59,39.9843,28.4906,-48.8469,619.947,2.27721,0.948307,74.4382,0.235488,0.000581011,0.3097,0.291483,0.3097,0.23683,0.255047,0.3097,0.3097,0.218612,0.0182177,0.0182177,0,0,0,0,0
64505,64521,64513,24,-104.593,39.9842,28.9412,-49.16,616.302,2.29439,1.15425,96.3813,0.250503,0.000776534,0.203946,0.101973,0.390896,0.339909,0.203946,0.254932,0.424887,0.288923,0.0679819,0.0169955,0,0,0,0,0
64522,64538,64530,23.9,-104.595,39.9843,29.4841,-50.1571,610.322,2.69946,1.23146,101.932,0.24832,0.000738547,0.286818,0.236203,0.320561,0.388048,0.354304,0.269946,0.590507,0.219331,0.0168716,0,0.0168716,0,0,0,0
64539,64555,64547,23.8,-104.596,39.9848,30.0065,-51.0382,604.859,2.7282,1.19024,104.131,0.262462,0.000715964,0.321962,0.389743,0.355852,0.305016,0.338907,0.389743,0.423634,0.0847267,0.0677814,0.0338907,0.0169453,0,0,0,0
64556,64572,64564,23.7,-104.599,39.9853,30.37,-50.7194,603.651,2.34388,0.999791,76.3322,0.229044,0.000610367,0.315842,0.216102,0.249349,0.299218,0.365711,0.249349,0.382335,0.232725,0.0332465,0,0,0,0,0,0
64573,64589,64581,23.6,-104.601,39.9859,30.9076,-50.1259,602.228,2.52609,1.22623,102.306,0.250295,0.000801201,0.231145,0.297187,0.247655,0.280676,0.297187,0.429269,0.44578,0.181614,0.0825518,0.0330207,0,0,0,0,0
64590,64606,64598,23.5,-104.603,39.9863,31.4776,-51.0506,596.616,2.76045,1.17463,90.322,0.230681,0.000721758,0.328625,0.345056,0.312194,0.295762,0.427212,0.312194,0.410781,0.279331,0.0492937,0,0,0,0,0,0
64607,64624,64616,23.4,-104.605,39.9865,32.0272,-51.6689,592.014,2.73717,1.20508,95.3844,0.237456,0.000745254,0.307547,0.384434,0.246038,0.384434,0.199906,0.415189,0.568963,0.184528,0.0153774,0.0307547,0,0,0,0,0
64625,64642,64634,23.3,-104.607,39.9868,32.6294,-51.6788,588.848,2.22843,0.945814,71.4129,0.226512,0.00055766,0.224571,0.190021,0.276395,0.328219,0.276395,0.449141,0.25912,0.172747,0.051824,0,0,0,0,0,0
64643,64659,64651,23.2,-104.609,39.9872,33.06,-52.3006,584.994,2.60833,1.44992,127.954,0.264747,0.00103349,0.336042,0.208026,0.208026,0.304038,0.16002,0.32004,0.576072,0.384048,0.064008,0.048006,0,0,0,0,0
64660,64677,64668,23.1,-104.61,39.9875,33.6424,-52.3171,582.049,2.54349,1.28823,108.553,0.252798,0.000858697,0.255949,0.239952,0.239952,0.271945,0.271945,0.479904,0.415917,0.255949,0.079984,0.0319936,0,0,0,0,0
64677,64694,64686,23,-104.612,39.9877,34.145,-52.2928,579.641,2.79185,1.29437,99.7095,0.2311,0.000793018,0.240159,0.165109,0.375249,0.330219,0.375249,0.435289,0.585388,0.270179,0,0.01501,0,0,0,0,0
64695,64713,64704,22.9,-104.613,39.9879,34.7716,-52.1284,577.076,3.12682,1.31969,106.939,0.243099,0.000775681,0.308475,0.462713,0.378583,0.448691,0.308475,0.448691,0.518799,0.168259,0.070108,0,0.0140216,0,0,0,0
64714,64732,64723,22.8,-104.614,39.9883,35.3067,-52.385,573.886,3.01819,1.32867,102.821,0.232158,0.000816675,0.279734,0.368071,0.441686,0.265011,0.353349,0.441686,0.544746,0.294457,0.0147229,0.0147229,0,0,0,0,0
64733,64751,64742,22.7,-104.615,39.9885,35.8911,-52.6606,570.498,3.08146,1.42176,129.196,0.272611,0.000878209,0.479661,0.377915,0.305239,0.377915,0.334309,0.348844,0.537801,0.218028,0.0436055,0.0290703,0.0290703,0,0,0,0
64752,64768,64760,22.6,-104.616,39.9883,36.5031,-51.7263,570.143,2.77413,0.968043,70.0958,0.217229,0.00054587,0.564503,0.419345,0.322573,0.35483,0.225801,0.338702,0.306444,0.225801,0.0161287,0,0,0,0,0,0
64769,64787,64778,22.5,-104.618,39.9879,37.0653,-51.4542,568.369,2.72211,1.07946,88.8136,0.246829,0.000636142,0.469329,0.375463,0.375463,0.295007,0.281597,0.362054,0.241369,0.268188,0.0402282,0,0.0134094,0,0,0,0
64788,64803,64796,22.4,-104.619,39.9875,37.6887,-52.0775,564.063,2.62453,1.04037,87.1366,0.251266,0.000614989,0.518619,0.314315,0.361462,0.345746,0.188589,0.282883,0.361462,0.188589,0.0471472,0,0.0157157,0,0,0,0
64804,64822,64813,22.3,-104.62,39.9877,38.2567,-51.6994,562.627,2.49976,0.872065,71.1559,0.244784,0.000471348,0.347189,0.472176,0.430514,0.388851,0.236088,0.180538,0.263863,0.138875,0.0138875,0.0138875,0.0138875,0,0,0,0
64823,64841,64832,22.2,-104.622,39.9879,38.9833,-52.055,558.708,2.46768,0.968179,74.2938,0.230207,0.000568928,0.383861,0.260477,0.329024,0.315315,0.315315,0.356443,0.301605,0.137093,0.0548373,0.0137093,0,0,0,0,0
64842,64860,64851,22.1,-104.622,39.9884,39.6089,-52.4047,555.297,2.61098,1.00401,75.2332,0.224798,0.000589917,0.363719,0.402689,0.324749,0.337739,0.259799,0.337739,0.350729,0.181859,0.0519598,0,0,0,0,0,0
64861,64878,64870,22,-104.622,39.9895,40.3206,-53.1367,550.646,3.08223,1.29862,103.263,0.238554,0.000797109,0.385279,0.316479,0.467839,0.371519,0.399039,0.412799,0.412799,0.220159,0.0687998,0.0275199,0,0,0,0,0
64879,64896,64888,21.9,-104.623,39.9906,41.0328,-53.1167,547.948,2.97132,1.34522,113.523,0.253171,0.0008447,0.467708,0.288879,0.385171,0.24761,0.398928,0.24761,0.619026,0.24761,0.0412684,0.0137561,0.0137561,0,0,0,0
64897,64916,64906,21.8,-104.624,39.9914,41.6347,-53.9279,543.661,2.9959,1.42414,120.345,0.253512,0.00094649,0.274733,0.405559,0.379394,0.327064,0.379394,0.392476,0.340146,0.379394,0.0784953,0.0392476,0,0,0,0,0
64917,64933,64925,21.7,-104.625,39.992,42.3706,-54.5422,539.429,3.24053,1.47634,117.658,0.239087,0.000925705,0.304666,0.332362,0.429301,0.304666,0.512392,0.401605,0.62318,0.249272,0.0553937,0.0276969,0,0,0,0,0
64934,64952,64943,21.6,-104.626,39.9925,43.0495,-55.4558,534.742,3.47679,1.54557,129.079,0.250546,0.000994614,0.434599,0.39509,0.434599,0.421429,0.566295,0.342411,0.434599,0.302902,0.0921876,0.0526786,0,0,0,0,0
64953,64974,64964,21.5,-104.627,39.9924,43.8409,-55.3682,532.179,3.72911,1.75849,146.034,0.249136,0.00108925,0.284231,0.420661,0.397923,0.488877,0.466138,0.613938,0.693523,0.250123,0.0682153,0.0341077,0.0113692,0,0,0,0
64975,64994,64984,21.4,-104.628,39.9923,44.5045,-55.899,528.612,3.74847,1.89155,155.721,0.246973,0.00120895,0.263271,0.351028,0.313418,0.476395,0.514005,0.576688,0.664445,0.539078,0.0376101,0,0.0125367,0,0,0,0
64995,65016,65006,21.3,-104.629,39.9926,45.3182,-55.8577,525.975,3.90963,1.76994,137.228,0.232598,0.00109064,0.398942,0.34195,0.455934,0.433137,0.524324,0.626909,0.740893,0.307755,0.0683901,0.0113983,0,0,0,0,0
65017,65037,65027,21.2,-104.63,39.9931,46.0971,-55.9433,523.224,4.31181,1.95504,153.514,0.235566,0.00121648,0.310546,0.52554,0.489707,0.58526,0.573316,0.573316,0.740533,0.441931,0.0477763,0.0238882,0,0,0,0,0
65038,65057,65048,21.1,-104.631,39.9939,46.781,-55.819,521.312,4.22331,2.07939,170.909,0.246576,0.00137657,0.401027,0.363431,0.614072,0.363431,0.488751,0.60154,0.764457,0.488751,0.112789,0.0250642,0,0,0,0,0
65058,65077,65068,21,-104.633,39.9951,47.522,-56.2725,517.903,4.49952,2.03836,159.65,0.234969,0.00128069,0.478397,0.504256,0.504256,0.517186,0.491326,0.633553,0.853356,0.439608,0.0646482,0.0129296,0,0,0,0,0
65078,65097,65088,20.9,-104.635,39.9965,48.2335,-56.274,515.706,3.96798,1.89474,157.828,0.249893,0.00120911,0.442423,0.400946,0.400946,0.470075,0.483901,0.525378,0.760415,0.345643,0.124432,0,0.0138257,0,0,0,0
65098,65119,65108,20.8,-104.637,39.9976,49.1345,-56.62,512.164,3.98216,1.64568,128.113,0.233545,0.00100815,0.516673,0.453664,0.592284,0.516673,0.428461,0.478868,0.56708,0.327646,0.0882125,0.0126018,0,0,0,0,0
65120,65139,65130,20.7,-104.639,39.9982,49.9505,-57.2426,508.298,4.36082,2.04191,167.48,0.246065,0.00132034,0.541444,0.512177,0.307306,0.52681,0.570711,0.68778,0.599978,0.482909,0.0878017,0.0439009,0,0,0,0,0
65140,65159,65150,20.6,-104.64,39.999,50.6755,-58.2555,503.826,4.39975,2.16743,188.29,0.260617,0.00140811,0.391089,0.377121,0.544731,0.656471,0.530764,0.670438,0.586633,0.446959,0.125707,0.0558698,0.0139675,0,0,0,0
65160,65180,65170,20.5,-104.642,40.0004,51.5865,-58.9725,499.607,5.0311,2.35203,191.47,0.24422,0.00148134,0.490498,0.574583,0.476483,0.63064,0.504512,0.910924,0.938953,0.392398,0.0280284,0.0840853,0,0,0,0,0
65181,65201,65191,20.4,-104.643,40.0018,52.51,-59.4855,495.878,4.64984,2.34233,196.265,0.251372,0.00155719,0.421436,0.491675,0.435484,0.519771,0.505723,0.786681,0.828824,0.477627,0.126431,0.0561915,0,0,0,0,0
65202,65220,65211,20.3,-104.645,40.0033,53.43,-59.2095,494.069,5.09501,2.54394,218.136,0.257242,0.00168995,0.487349,0.354436,0.679335,0.753176,0.443045,0.886089,0.782712,0.472581,0.132913,0.103377,0,0,0,0,0
65222,65241,65232,20.2,-104.646,40.005,54.22,-58.961,492.568,5.46432,2.61578,214.911,0.246478,0.00168936,0.504399,0.51841,0.51841,0.812642,0.686543,0.826654,0.91072,0.476377,0.154122,0.0560443,0,0,0,0,0
65242,65264,65253,20.1,-104.648,40.0065,55.18,-58.3504,491.502,5.33191,2.61363,216.085,0.248029,0.00171515,0.41295,0.52226,0.716589,0.655862,0.534406,0.704444,1.12954,0.473678,0.121456,0.0607279,0,0,0,0,0
65265,65284,65274,20,-104.649,40.0076,56.0853,-57.9689,490.095,5.62158,2.83886,249.836,0.264017,0.00191231,0.528399,0.631143,0.645821,0.71921,0.675176,0.572432,1.01276,0.543077,0.205488,0.0733887,0.0146777,0,0,0,0
65285,65305,65295,19.9,-104.65,40.0085,56.9663,-58.4105,486.909,5.30576,2.79307,234.671,0.252057,0.00188323,0.396829,0.367435,0.631988,0.543803,0.661382,0.852448,1.08761,0.499711,0.220461,0.0440922,0,0,0,0,0
65306,65324,65315,19.8,-104.652,40.0093,57.8795,-58.4495,484.624,5.94499,2.81378,229.41,0.244593,0.00182969,0.572481,0.645876,0.807344,0.631197,0.572481,0.807344,1.21836,0.484407,0.161469,0.044037,0,0,0,0,0
65325,65347,65336,19.7,-104.653,40.0097,58.8414,-59.2423,480.558,6.18038,3.06332,270.663,0.265069,0.00196268,0.635842,0.648559,0.610408,0.750293,0.813877,0.890178,1.04278,0.52139,0.178036,0.0508673,0.0381505,0,0,0,0
65348,65371,65360,19.6,-104.653,40.01,59.8365,-59.823,476.967,6.16125,3.0371,256.156,0.253027,0.00199465,0.597824,0.549022,0.671027,0.890636,0.695428,0.805232,1.02484,0.695428,0.183007,0.0366015,0.0122005,0,0,0,0
65372,65397,65384,19.5,-104.654,40.0102,60.956,-59.494,475.176,6.2947,3.09677,266.099,0.257784,0.00205137,0.739235,0.582428,0.672032,0.795238,0.739235,0.806438,1.06405,0.62723,0.179209,0.0784037,0.0112005,0,0,0,0
65398,65426,65412,19.4,-104.654,40.0106,62.211,-59.5828,472.225,6.01796,2.93065,241.965,0.24769,0.00189554,0.589238,0.579579,0.666516,0.656856,0.695494,0.908007,1.1495,0.579579,0.154554,0.0289789,0.00965965,0,0,0,0
65427,65444,65436,19.3,-104.654,40.0111,63.325,-59.0494,471,6.41141,3.0989,258.189,0.24995,0.00201163,0.605436,0.683056,0.760676,0.69858,0.791724,0.838296,1.24192,0.496768,0.279432,0,0.015524,0,0,0,0
65445,65464,65454,19.2,-104.653,40.0119,64.144,-59.7085,467.835,6.71306,3.36613,285.651,0.254582,0.00226596,0.518545,0.700737,0.910958,0.770811,0.770811,0.953002,0.953002,0.854899,0.196206,0.0840884,0,0,0,0,0
65466,65488,65477,19.1,-104.652,40.0125,65.1517,-60.5042,464.026,6.95746,3.35032,278.718,0.249574,0.00219492,0.621831,0.774355,0.774355,0.962078,0.739157,0.997276,1.04421,0.844751,0.105594,0.0938612,0,0,0,0,0
65489,65511,65500,19,-104.651,40.013,66.2518,-61.1286,460.445,6.6495,3.22729,281.404,0.261586,0.00209564,0.666232,0.71748,0.794353,0.89685,0.768729,0.819977,1.10184,0.602171,0.17937,0.0768729,0.0256243,0,0,0,0
65512,65536,65524,18.9,-104.65,40.0137,67.3091,-62.9239,454.495,6.63745,3.10435,263.228,0.25438,0.00202767,0.704534,0.914658,0.840497,0.679814,0.828137,0.618012,1.13714,0.704534,0.123602,0.0741615,0.0123602,0,0,0,0
65537,65557,65547,18.8,-104.649,40.0145,68.4485,-63.416,451.254,7.31467,3.20704,270.992,0.253498,0.00202076,0.9677,0.882314,0.910776,1.13847,0.668851,0.81116,1.1527,0.540773,0.113847,0.113847,0.0142309,0,0,0,0
65559,65582,65570,18.7,-104.648,40.0151,69.5755,-63.1314,449.767,7.79967,3.38945,291.319,0.257847,0.00216152,1.14015,1.06241,1.04946,0.997632,0.803288,0.751463,1.02354,0.634857,0.246169,0.0647813,0.0259125,0,0,0,0
65583,65605,65594,18.6,-104.647,40.0157,70.8372,-63.0983,447.533,6.90433,3.28072,293.394,0.268289,0.00209025,0.898509,0.866983,0.693586,0.835456,0.788166,0.945799,0.930036,0.677823,0.157633,0.0630533,0.04729,0,0,0,0
65606,65630,65618,18.5,-104.647,40.0165,72.0626,-62.5157,446.578,7.52117,3.4224,290.23,0.254409,0.00220832,0.909016,0.759589,1.22032,0.859207,0.859207,0.946373,0.909016,0.747136,0.224141,0.0747136,0,0.0124523,0,0,0
65630,65652,65641,18.4,-104.648,40.0176,73.3205,-63.57,442.161,7.99634,3.30548,260.01,0.235981,0.00202446,1.04799,1.10542,0.904434,1.07671,0.947502,0.91879,1.19156,0.602956,0.143561,0.0574244,0,0,0,0,0
65654,65679,65666,18.3,-104.647,40.0189,74.5892,-64.3824,438.28,7.74048,2.99885,251.431,0.251527,0.00178535,1.2583,1.20746,1.19475,0.83887,0.902421,0.83887,0.762609,0.482986,0.139812,0.0889711,0.0254203,0,0,0,0
65680,65704,65692,18.2,-104.647,40.0208,75.914,-64.7724,435.276,8.58272,3.62996,319.255,0.26385,0.00223687,1.32434,1.14606,1.33707,1.05692,0.814976,0.929582,1.01872,0.611232,0.216478,0.076404,0.050936,0,0,0,0
65705,65726,65716,18.1,-104.647,40.0221,77.1448,-64.5843,433.666,8.20134,3.30798,278.413,0.252492,0.00202276,1.22793,1.22793,1.07633,1.16729,0.864097,0.985373,0.788299,0.576064,0.136436,0.136436,0.0151596,0,0,0,0
