data/B2SAP/Locations/Boulder/NOAA-POPS-B2SAP_GMLBalloon_20190827_R0.ict
61,1001
Thornberry, T. D.
NOAA Chemical Sciences Laboratory
Portable Optical Particle Spectrometer (POPS)
Balloon Baseline Stratospheric Aerosol Profiles (B2SAP)
1,1
2019,08,27,2024,05,30
0
TIME_START,s,Seconds since midnight UTC on flight start day,Start time of 100 m altitude bin in UTC_seconds_since_midnight
28
1.0,1.0,1.0,1.0,1.0,1.0,1.0,1.0,1.0,1.0,1.0,1.0,1.0,1.0,1.0,1.0,1.0,1.0,1.0,1.0,1.0,1.0,1.0,1.0,1.0,1.0,1.0,1.0
99999,99999,99999,99999,99999,99999,99999,99999,99999,99999,99999,99999,99999,99999,99999,99999,99999,99999,99999,99999,99999,99999,99999,99999,99999,99999,99999,99999
TIME_STOP,s,End time of 100 m altitude bin in UTC seconds since midnight,
TIME_MID,s,Mid time of 100 m altitude in UTC seconds since midnight,
GPSAlt,m,GPS reported altitude above sea level (m),
GPS_Lon,deg,GPS reported longitude,
GPS_Lat,deg,GPS reported latitude,
iMet_Pressure,mb,Pressure reported (mB),
iMet_Temperature,degrees C,Ambient temperature (oC),
THETA,K,Potential temperature from iMet,
Aerosol_concentration,cm^-3,Aerosol concentration,
Surface_Area_Conc,um^2 cm^-3,Surface area concentration,
Volume_density,um^3 cm^-3,Volume density,
Effective_radius,um,Effective radius,
Extinction,km^-1,Extinction,
Bin01,cm^-3,particle concentration in size range [140 - 170 nm],
Bin02,cm^-3,particle concentration in size range [170 - 205 nm],
Bin03,cm^-3,particle concentration in size range [205 - 249 nm],
Bin04,cm^-3,particle concentration in size range [249 - 302 nm],
Bin05,cm^-3,particle concentration in size range [302 - 366 nm],
Bin06,cm^-3,particle concentration in size range [366 - 443 nm],
Bin07,cm^-3,particle concentration in size range [443 - 537 nm],
Bin08,cm^-3,particle concentration in size range [537 - 651 nm],
Bin09,cm^-3,particle concentration in size range [651 - 789 nm],
Bin10,cm^-3,particle concentration in size range [789 - 956 nm],
Bin11,cm^-3,particle concentration in size range [956 - 1159 nm],
Bin12,cm^-3,particle concentration in size range [1159 - 1404 nm],
Bin13,cm^-3,particle concentration in size range [1404 - 1702 nm],
Bin14,cm^-3,particle concentration in size range [1702 - 2062 nm],
Bin15,cm^-3,particle concentration in size range [2062 - 2500 nm],
0
19
PI_CONTACT_INFO: 325 Broadway R/CSL6, Boulder, CO 80305; troy.thornberry@noaa.gov; 303-497-3373 
PLATFORM: GML ECC/FPH balloon
LOCATION: Boulder, CO, USA
ASSOCIATED_DATA: N/A
INSTRUMENT_INFO: Printed Optical Particle Spectrometer counts particles from 140 - 2500 nm in diameter 
DATA_INFO: Particle concentrations reported in number per cubic centimeter, binned to 100 m altitude
UNCERTAINTY: Counting uncertainty dominated by air flow, less than 5 percent
ULOD_FLAG: -77777
ULOD_VALUE: 3000 ~3000 per cm3 (varies depending on flow rate- manufacturer quotes 1250  per cm3 at 1.667 cc/s)
LLOD_FLAG: -88888
LLOD_VALUE: 0 0 (varies depending on data field and measurement precision)
DM_CONTACT_INFO: Troy Thornberry, 325 Broadway R/CSL6, Boulder, CO 80305; troy.thornberry@noaa.gov; 303-497-3373
PROJECT_INFO: B2SAP Boulder, CO, USA
STIPULATIONS_ON_USE: Please contact the PIs for questions regarding applications and uncertainties
OTHER_COMMENTS: POPS bin Edges (nm):  140, 170, 205, 249, 302, 366, 443, 537, 651, 789, 956, 1159, 1404, 1702, 2062, 2500
Calculations assume sulfate refractive index of 1.45+0.00j and extinction wavelength = 532 nm
REVISION: R0
R0: QA/QC data
TIME_START,TIME_STOP,TIME_MID,GPSAlt,GPS_Lon,GPS_Lat,iMet_Pressure,iMet_Temperature,THETA,Aerosol_concentration,Surface_Area_Conc,Volume_density,Effective_radius,Extinction,Bin01,Bin02,Bin03,Bin04,Bin05,Bin06,Bin07,Bin08,Bin09,Bin10,Bin11,Bin12,Bin13,Bin14,Bin15
[from data line 75]
58583,58604,58594,9.2,-105.043,39.8692,318.752,-33.0373,332.881,7.75838,1.91876,135.585,0.211989,0.000817169,1.82437,1.82437,1.30587,0.902584,0.729749,0.652933,0.326467,0.0960196,0.0192039,0.0576118,0.0192039,0,0,0,0
58605,58624,58614,9.3,-105.038,39.8666,314.587,-33.8075,333.059,10.0107,2.56194,177.749,0.208141,0.00109998,1.61531,2.74177,1.67907,1.46653,0.99894,0.701384,0.531351,0.170032,0.021254,0.0637621,0.021254,0,0,0,0
58625,58645,58635,9.4,-105.033,39.8642,309.982,-34.7324,333.169,11.9834,3.36809,279.531,0.248982,0.00151612,2.20641,2.89465,1.84205,1.5789,1.21454,1.21454,0.647753,0.26315,0.0607269,0.0202423,0,0.0202423,0,0.0202423,0
58646,58673,58660,9.5,-105.027,39.8617,305.409,-35.5971,333.384,11.007,2.7109,174.991,0.193653,0.0011059,2.14323,2.57188,1.9136,1.57681,1.041,0.918528,0.597043,0.183706,0.0153088,0.0306176,0.0153088,0,0,0,0
58674,58692,58683,9.6,-105.021,39.859,301.467,-36.4632,333.4,11.0152,2.70443,179.125,0.198702,0.0011019,2.11311,2.74255,1.86583,1.61855,0.921676,1.03408,0.449598,0.157359,0.0674397,0.0224799,0.0224799,0,0,0,0
58693,58712,58702,9.7,-105.016,39.8568,297.045,-37.429,333.442,11.5712,2.76329,168.448,0.182878,0.00112465,2.04325,3.20467,1.89269,1.41952,1.29047,0.838807,0.60222,0.215079,0.0430157,0.0215079,0,0,0,0,0
58713,58729,58721,9.8,-105.011,39.8545,292.638,-37.6671,334.527,10.9906,2.76242,175.094,0.190153,0.00116574,1.79801,2.68435,2.05125,1.57009,1.03828,1.01296,0.531804,0.227916,0.025324,0.050648,0,0,0,0,0
58730,58749,58740,9.9,-105.006,39.8523,288.729,-37.79,335.65,9.06572,2.16107,145.149,0.201496,0.00083135,2.00823,1.95085,1.72134,1.291,0.774603,0.717225,0.487713,0.057378,0,0.028689,0.028689,0,0,0,0
58750,58768,58759,10,-105,39.8496,284.371,-38.3063,336.368,8.76079,2.14022,190.169,0.266565,0.000880035,1.79301,2.4512,1.72492,0.907853,0.748979,0.703586,0.272356,0.068089,0.0226963,0.0453927,0,0,0,0.0226963,0
58769,58785,58777,10.1,-104.995,39.8473,280.348,-38.5871,337.333,14.3358,3.19743,183.641,0.172302,0.00119087,2.71492,3.70448,2.86716,1.72537,1.34478,1.0403,0.761194,0.101492,0.0761194,0,0,0,0,0,0
58786,58803,58794,10.2,-104.99,39.8448,276.236,-39.1272,337.978,12.8176,3.13149,212.423,0.203503,0.00124898,2.22494,3.55506,2.17657,1.57197,1.45105,1.08828,0.435314,0.193473,0.0483682,0.0483682,0,0,0.0241841,0,0
58804,58823,58814,10.3,-104.984,39.8419,271.93,-39.827,338.492,11.047,2.79968,188.686,0.202186,0.00125107,1.81206,2.75084,2.27053,1.50641,1.13527,0.74229,0.458473,0.174656,0.10916,0.0873282,0,0,0,0,0
58824,58849,58836,10.4,-104.976,39.8384,267.953,-40.2569,339.29,8.80073,1.97125,131.662,0.200373,0.00070621,1.70014,2.33353,1.93349,1.00008,0.850071,0.500042,0.383365,0.0333361,0.0166681,0.0166681,0.0333361,0,0,0,0
58850,58868,58859,10.5,-104.968,39.8348,264.281,-40.8053,339.824,7.97366,1.91812,126.967,0.19858,0.000829287,1.42059,2.24546,1.64972,0.916513,0.526995,0.687385,0.274954,0.16039,0.0229128,0.0687385,0,0,0,0,0
58869,58889,58879,10.6,-104.961,39.8312,260.42,-41.5638,340.142,8.00142,2.01386,135.664,0.202095,0.000819377,1.31273,2.0837,1.5211,0.895993,0.91683,0.708459,0.416741,0.0625111,0.0416741,0.020837,0.020837,0,0,0,0
58890,58908,58899,10.7,-104.954,39.8274,256.511,-42.3111,340.52,7.43666,1.96158,139.487,0.213329,0.000842155,0.877618,2.24023,1.24714,1.15476,0.854523,0.415714,0.392618,0.161666,0.0461904,0.0230952,0,0.0230952,0,0,0
58909,58929,58919,10.8,-104.946,39.8239,252.47,-43.0167,341.019,8.7858,2.26166,155.039,0.205653,0.00093396,1.17424,2.39041,1.50973,1.4678,0.964551,0.587118,0.440339,0.188717,0,0.041937,0,0.0209685,0,0,0
58930,58952,58941,10.9,-104.938,39.8198,248.907,-43.7165,341.361,10.2433,2.65809,190.762,0.2153,0.00120268,1.91821,2.60877,1.95658,1.13175,1.03584,0.90156,0.287732,0.211003,0.0959107,0.0767285,0.0191821,0,0,0,0
58953,58971,58962,11,-104.93,39.8159,245.485,-44.3532,341.765,9.19353,2.32141,155.409,0.200837,0.000943821,1.55155,1.89892,2.03786,1.59787,0.602095,0.764198,0.55578,0.115788,0.0231575,0.0231575,0.0231575,0,0,0,0
58972,58996,58984,11.1,-104.922,39.8121,241.488,-44.9988,342.408,11.4893,2.95766,189.802,0.192519,0.00128549,1.59574,2.8546,2.23403,1.8085,1.13475,0.921982,0.531913,0.283687,0.0886521,0.0354609,0,0,0,0,0
58997,59020,59008,11.2,-104.914,39.808,237.985,-45.6596,342.841,10.6801,2.58967,157.635,0.182612,0.00106459,1.89991,2.72996,1.97369,1.2912,0.977622,0.977622,0.6456,0.0737828,0.110674,0,0,0,0,0,0
59021,59038,59030,11.3,-104.906,39.8042,234.598,-46.3339,343.224,10.7732,2.8432,192.987,0.20363,0.00132722,1.75033,2.76109,2.09547,1.25728,1.20797,0.665619,0.542356,0.369788,0.0493051,0.0739576,0,0,0,0,0
59039,59056,59048,11.4,-104.899,39.8014,230.857,-46.7428,344.186,11.4247,3.27329,263.761,0.241739,0.00143378,1.93723,2.70715,2.16075,1.31632,1.24181,1.14247,0.521561,0.19869,0.099345,0,0.099345,0,0,0,0
59057,59079,59068,11.5,-104.892,39.7981,227.245,-47.3157,344.87,10.2075,2.5054,147.731,0.176895,0.000972623,1.34412,2.49345,2.10384,1.3636,1.24672,0.974002,0.506481,0.11688,0.0584401,0,0,0,0,0,0
59080,59106,59093,11.6,-104.884,39.794,223.881,-47.8015,345.593,13.5226,3.8244,262.395,0.205832,0.00168446,1.60158,3.02154,2.64178,2.06389,1.50251,1.32089,0.957646,0.330223,0.0165111,0.0330223,0.0330223,0,0,0,0
59107,59131,59119,11.7,-104.874,39.7896,220.484,-48.4956,346.033,18.7716,3.91669,221.022,0.169293,0.00133492,3.30208,4.98902,4.3609,2.56629,1.5972,1.09471,0.628114,0.143569,0.0358922,0.0538383,0,0,0,0,0
59132,59151,59142,11.8,-104.866,39.7858,217.345,-49.157,346.434,21.4679,4.13378,217.678,0.157975,0.00124939,3.50265,6.50815,4.76813,3.57045,1.37846,0.949106,0.587542,0.112989,0.0677933,0.0225978,0,0,0,0,0
59152,59170,59161,11.9,-104.859,39.7822,213.827,-49.5737,347.41,11.2851,2.53887,145.464,0.171884,0.000907796,1.59515,3.07126,2.21416,1.76181,1.30945,0.690438,0.499972,0.0952328,0.0238082,0.0238082,0,0,0,0,0
59171,59196,59184,12,-104.851,39.7785,210.607,-49.9215,348.372,8.16544,2.01242,210.346,0.313571,0.000772892,1.31757,2.42709,1.59495,1.3349,0.728128,0.416073,0.208037,0.0520092,0.0346728,0.0173364,0.0173364,0,0,0,0.0173364
59197,59219,59208,12.1,-104.842,39.7748,207.487,-50.4191,349.077,6.85195,1.47188,85.0115,0.173272,0.000520471,1.23689,1.94368,1.27615,0.863856,0.785324,0.51046,0.0785324,0.117799,0.0196331,0.0196331,0,0,0,0,0
59220,59236,59228,12.2,-104.835,39.7716,204.463,-51.1025,349.476,8.48424,1.82684,122.853,0.201746,0.000632277,1.452,2.6193,1.82212,1.02494,0.882589,0.313177,0.227765,0.0569412,0.0284706,0.0284706,0,0.0284706,0,0,0
59237,59255,59246,12.3,-104.828,39.7689,201.172,-51.4416,350.564,7.32973,1.65807,113.965,0.206202,0.000620057,1.50906,1.82046,1.48511,1.26953,0.455114,0.407207,0.191627,0.119767,0.0239534,0.0239534,0,0.0239534,0,0,0
59256,59277,59266,12.4,-104.821,39.7657,197.891,-52.1455,351.093,6.23467,1.32216,70.7587,0.160553,0.000423022,0.739065,1.78134,1.49708,0.871717,0.663263,0.435859,0.189504,0.0379008,0.0189504,0,0,0,0,0,0
59278,59302,59290,12.5,-104.813,39.7622,194.859,-52.6616,351.817,8.5117,1.61749,83.4163,0.154714,0.000478615,1.56753,2.61778,1.78699,1.0816,0.73674,0.47026,0.172429,0.047026,0.0313506,0,0,0,0,0,0
59303,59316,59310,12.6,-104.806,39.7594,192.132,-53.3686,352.115,10.0477,2.02585,112.584,0.166721,0.00067288,1.80126,2.84262,2.33601,1.43538,0.619184,0.562895,0.309592,0.112579,0,0.0281447,0,0,0,0,0
59317,59342,59330,12.7,-104.799,39.7561,188.939,-53.8546,353.02,11.0632,2.09166,114.284,0.163913,0.000591613,1.8818,3.56632,2.41296,1.48723,0.895374,0.515978,0.227637,0.0303516,0.0303516,0,0.0151758,0,0,0,0
59343,59356,59350,12.8,-104.793,39.7526,186.204,-54.2,353.93,8.59152,1.66875,90.9579,0.16352,0.000522494,1.43192,2.97615,1.46,1.37577,0.617691,0.44923,0.168461,0.0842306,0,0.0280769,0,0,0,0,0
59357,59381,59369,12.9,-104.786,39.749,183.059,-54.9848,354.381,7.62583,1.63133,100.929,0.185608,0.000649477,1.74395,2.02933,1.61712,0.935393,0.475624,0.364645,0.237812,0.142687,0.0475624,0.0317082,0,0,0,0,0
59382,59400,59391,13,-104.779,39.7451,180.477,-55.2721,355.362,9.46563,1.97319,137.701,0.209359,0.00061758,1.63707,2.98031,2.01486,1.36423,0.797548,0.377786,0.167905,0.0419762,0.0209881,0.0209881,0,0.0209881,0.0209881,0,0
59401,59418,59410,13.1,-104.773,39.7422,177.467,-55.9072,356.029,11.2329,2.3138,132.362,0.171616,0.000817955,2.29063,3.1276,2.18051,1.69595,0.814937,0.594684,0.286329,0.176203,0.0440506,0.0220253,0,0,0,0,0
59419,59444,59432,13.2,-104.766,39.7383,174.515,-56.4712,356.806,7.8476,1.56958,88.3016,0.168774,0.000543159,1.44038,2.49997,1.72184,0.745025,0.728469,0.447015,0.0827806,0.0993367,0.0827806,0,0,0,0,0,0
59445,59470,59458,13.3,-104.758,39.734,171.843,-56.8119,357.824,7.40571,1.68569,106.561,0.189645,0.000682307,1.35489,2.32487,1.26251,0.754428,0.785221,0.492688,0.277137,0.061586,0.0461895,0.0461895,0,0,0,0,0
59471,59496,59484,13.4,-104.75,39.7298,169.211,-57.1908,358.778,8.36345,1.82584,111.616,0.183394,0.000654796,1.76801,2.32147,1.4759,0.876317,0.937813,0.53809,0.322854,0.0768699,0.030748,0,0.015374,0,0,0,0
59497,59516,59506,13.5,-104.744,39.7265,166.556,-57.3685,360.102,9.58867,1.89304,103.36,0.1638,0.000622017,1.87388,2.89055,1.79414,1.27583,1.01668,0.378762,0.199349,0.0797394,0.0797394,0,0,0,0,0,0
59517,59542,59530,13.6,-104.738,39.7238,163.817,-57.47,361.638,10.3239,2.30625,138.568,0.180252,0.000783659,1.58474,2.63097,2.20017,1.56935,1.15394,0.76929,0.261559,0.107701,0.0153858,0.0153858,0,0.0153858,0,0,0
59543,59568,59556,13.7,-104.731,39.7208,161.342,-57.9758,362.374,11.0941,2.52343,158.954,0.188973,0.00095187,2.08885,2.64588,2.50662,1.40804,1.11405,0.72723,0.402297,0.0928378,0.0618919,0.0309459,0.015473,0,0,0,0
59569,59594,59582,13.8,-104.723,39.7178,158.792,-58.5788,363.002,11.0693,2.48883,161.828,0.195066,0.000882529,1.74698,2.99923,2.33445,1.74698,1.11312,0.695698,0.216439,0.10822,0.0463799,0.0309199,0.0309199,0,0,0,0
59595,59611,59603,13.9,-104.717,39.7152,156.553,-58.8865,363.95,11.4822,2.66066,173.657,0.195806,0.000911294,1.77195,3.00049,2.33897,1.72469,1.20492,0.921412,0.378015,0.0945038,0,0,0.0472519,0,0,0,0
59612,59632,59622,14,-104.712,39.7129,153.69,-59.6138,364.639,13.4578,2.90396,164.244,0.169676,0.000990939,2.03209,3.68077,2.89477,1.97458,1.36112,0.977704,0.345072,0.134195,0.0191707,0.0383413,0,0,0,0,0
59633,59657,59645,14.1,-104.705,39.7102,151.253,-60.0608,365.541,11.3881,2.62861,163.986,0.187155,0.000991554,1.63167,3.17924,2.48956,1.53074,1.19432,0.656033,0.470998,0.151392,0.0504641,0.0168214,0.0168214,0,0,0,0
59658,59681,59670,14.2,-104.698,39.7071,148.874,-60.5446,366.363,11.6243,2.63943,159.234,0.180988,0.000940414,2.0927,2.63223,2.46874,1.78207,1.17715,0.817462,0.523176,0.0817462,0.0163492,0.0163492,0.0163492,0,0,0,0
59682,59702,59692,14.3,-104.691,39.7042,146.57,-60.4562,368.149,11.7198,2.9968,196.687,0.196897,0.00118816,1.44606,2.77442,2.33724,1.98413,1.41243,0.975252,0.571699,0.100888,0.0672587,0.0336294,0,0,0.0168147,0,0
59703,59724,59714,14.4,-104.686,39.7012,144.131,-60.3655,370.087,12.9676,3.05373,177.259,0.17414,0.00110311,1.52466,3.19376,2.80858,2.15057,1.47651,1.17158,0.49752,0.0641962,0.0481471,0.0320981,0,0,0,0,0
59725,59740,59732,14.5,-104.682,39.6989,141.962,-59.7994,372.677,14.0816,3.51606,213.722,0.182354,0.00141457,1.84532,3.14145,3.20735,1.9991,1.75745,1.12038,0.637076,0.285586,0.0659044,0.0219681,0,0,0,0,0
59741,59754,59748,14.6,-104.679,39.6971,139.624,-60.5493,373.128,14.4834,3.38692,195.037,0.172756,0.00124887,1.77244,3.24103,3.74744,2.25353,1.5952,1.01282,0.557052,0.227885,0.0759617,0,0,0,0,0,0
59755,59768,59762,14.7,-104.677,39.6955,137.524,-60.9557,374.038,15.5176,3.99781,256.499,0.19248,0.00154605,1.41298,3.88571,3.07829,2.7755,1.99332,1.33729,0.782187,0.151391,0.0252319,0.0504637,0,0.0252319,0,0,0
59769,59786,59778,14.8,-104.674,39.6934,135.182,-61.1856,375.471,15.6485,4.02988,274.261,0.204171,0.00159864,1.88489,3.69124,3.27892,2.51318,2.04196,1.39403,0.549759,0.0981712,0.0589027,0.0981712,0.0392685,0,0,0,0
59787,59804,59796,14.9,-104.67,39.6913,132.966,-61.7544,376.23,17.7734,4.30613,255.926,0.178299,0.00163516,1.99679,4.09243,4.38899,2.7876,1.83863,1.60139,0.810578,0.118621,0.098851,0.0395404,0,0,0,0,0
59805,59823,59814,15,-104.667,39.6898,131.007,-62.2316,376.976,17.2861,4.33331,267.186,0.184976,0.00175062,2.10668,4.11931,3.7055,2.84026,1.78692,1.5612,0.695957,0.357383,0.0564289,0.0564289,0,0,0,0,0
59824,59844,59834,15.1,-104.664,39.6885,128.716,-63.2438,377.07,17.7409,4.3701,271.41,0.186318,0.00175105,2.19844,4.55026,3.62998,2.86308,1.80647,1.67013,0.647602,0.153379,0.153379,0.0681686,0,0,0,0,0
59845,59864,59854,15.2,-104.659,39.6873,126.481,-63.17,379.089,20.276,4.92883,291.773,0.177592,0.00184821,2.21063,4.84913,4.34996,3.49423,2.44834,1.85408,0.713108,0.213932,0.0950811,0.0475405,0,0,0,0,0
59865,59888,59876,15.3,-104.654,39.6862,124.534,-63.8713,379.503,18.5981,4.70141,311.198,0.198578,0.00189907,2.49759,4.34104,4.01398,2.97332,2.11105,1.44206,0.787929,0.252732,0.0445998,0.104066,0.0297332,0,0,0,0
59889,59909,59899,15.4,-104.649,39.6849,122.546,-64.2648,380.539,18.6755,4.54401,280.617,0.185266,0.00175756,2.39429,4.58336,4.01899,3.02707,1.94964,1.5905,0.701186,0.239429,0.136817,0.0171021,0.0171021,0,0,0,0
59910,59928,59919,15.5,-104.644,39.6833,120.654,-64.5237,381.755,17.7441,4.31733,281.352,0.195504,0.00167248,2.47285,4.28501,4.00186,2.66161,2.03868,1.22698,0.698437,0.151013,0.132137,0.0377534,0.0377534,0,0,0,0
59929,59942,59936,15.6,-104.64,39.6816,118.675,-64.7121,383.217,18.0037,4.78192,320.824,0.201273,0.00206688,1.89783,4.41117,4.28293,2.46205,2.0517,1.51313,0.718097,0.435987,0.153878,0.0512926,0.0256463,0,0,0,0
59943,59953,59948,15.7,-104.638,39.6801,116.953,-64.2264,385.725,34.8525,15.3186,1505.91,0.294918,0.00874924,2.27581,5.55949,5.55949,4.97428,4.84423,4.84423,4.06395,1.43051,0.617721,0.325116,0.292605,0.0325116,0,0,0.0325116
59954,59964,59959,15.8,-104.636,39.6791,115.051,-64.0436,387.869,46.2253,20.8306,1819.76,0.26208,0.01261,3.08169,6.524,6.09781,6.58957,6.98298,6.91741,5.63883,2.09817,1.47528,0.557327,0.229487,0.0327839,0,0,0
59965,59979,59972,15.9,-104.635,39.6784,112.999,-63.6871,390.532,60.6885,31.6261,2966.55,0.281403,0.0200901,2.34791,6.17603,8.29426,8.60051,9.31509,10.1573,8.16666,3.98125,1.93958,1.14844,0.510416,0.0255208,0.0255208,0,0
59980,59998,59989,16,-104.633,39.678,111.114,-63.7911,392.225,64.7032,32.1754,2904.16,0.270781,0.0199237,2.26631,7.04445,8.53644,9.27299,10.5006,11.3316,8.70641,3.7583,1.68085,1.13316,0.434376,0.0377719,0,0,0
59999,60013,60006,16.1,-104.632,39.6782,109.309,-64.4907,392.74,61.0107,30.1936,2760.85,0.274315,0.0186178,2.9529,6.35826,8.07284,9.54929,9.14446,9.85887,8.47768,3.38154,1.80984,0.857293,0.500088,0.0476274,0,0,0
60014,60034,60024,16.2,-104.63,39.6782,107.4,-64.8133,394.116,59.4256,27.9571,2402.26,0.25778,0.0172162,2.80536,6.48311,8.14237,9.03188,8.75818,10.3319,7.97132,3.16458,1.50531,1.02635,0.171058,0.0342117,0,0,0
60036,60056,60046,16.3,-104.628,39.6779,105.604,-65.4033,394.899,62.3113,28.7966,2479.26,0.258287,0.0172425,3.19457,7.0418,8.141,9.27456,9.82416,11.2153,7.84903,3.19457,1.37401,0.875931,0.291977,0.0343502,0,0,0
60057,60073,60065,16.4,-104.625,39.6776,103.975,-65.6918,396.101,60.562,28.8533,2540.47,0.264143,0.0173539,2.73164,6.58559,8.38551,8.40669,9.52899,10.7783,8.36434,3.23986,1.33406,0.762319,0.444686,0,0,0,0
60074,60088,60081,16.5,-104.623,39.6769,102.249,-65.574,398.232,57.9583,27.1134,2314.44,0.256084,0.0168366,2.83897,6.85684,7.74702,8.27632,8.8778,9.8161,7.8192,2.88709,1.66008,1.03454,0.144354,0,0,0,0
60089,60111,60100,16.6,-104.621,39.6761,100.527,-64.8191,401.623,64.1628,30.7754,2718.41,0.264992,0.0188265,2.65523,6.93483,8.7154,9.73063,10.3554,10.9645,8.13749,3.59237,1.67123,1.01523,0.359237,0.031238,0,0,0
60112,60132,60122,16.7,-104.618,39.6754,98.9114,-64.4938,404.11,66.1228,33.9292,3063.8,0.2709,0.0213978,1.86569,6.53833,8.74018,9.56378,9.91674,12.2363,9.71505,3.9667,1.91612,1.22699,0.386585,0.0504241,0,0,0
