data/B2SAP/Locations/Boulder/NOAA-POPS-B2SAP_GMLBalloon_20210603_R0.ict
61,1001
Thornberry, T. D.
NOAA Chemical Sciences Laboratory
Portable Optical Particle Spectrometer (POPS)
Balloon Baseline Stratospheric Aerosol Profiles (B2SAP)
1,1
2021,06,03,2024,05,30
0
TIME_START,s,Seconds since midnight UTC on flight start day,Start time of 100 m altitude bin in UTC_seconds_since_midnight
28
1.0,1.0,1.0,1.0,1.0,1.0,1.0,1.0,1.0,1.0,1.0,1.0,1.0,1.0,1.0,1.0,1.0,1.0,1.0,1.0,1.0,1.0,1.0,1.0,1.0,1.0,1.0,1.0
99999,99999,99999,99999,99999,99999,99999,99999,99999,99999,99999,99999,99999,99999,99999,99999,99999,99999,99999,99999,99999,99999,99999,99999,99999,99999,99999,99999
TIME_STOP,s,End time of 100 m altitude bin in UTC seconds since midnight,
TIME_MID,s,Mid time of 100 m altitude in UTC seconds since midnight,
GPSAlt,m,GPS reported altitude above sea level (m),
GPS_Lon,deg,GPS reported longitude,
GPS_Lat,deg,GPS reported latitude,
iMet_Pressure,mb,Pressure reported (mB),
iMet_Temperature,degrees C,Ambient temperature (oC),
THETA,K,Potential temperature from iMet,
Aerosol_concentration,cm^-3,Aerosol concentration,
Surface_Area_Conc,um^2 cm^-3,Surface area concentration,
Volume_density,um^3 cm^-3,Volume density,
Effective_radius,um,Effective radius,
Extinction,km^-1,Extinction,
Bin01,cm^-3,particle concentration in size range [140 - 170 nm],
Bin02,cm^-3,particle concentration in size range [170 - 205 nm],
Bin03,cm^-3,particle concentration in size range [205 - 249 nm],
Bin04,cm^-3,particle concentration in size range [249 - 302 nm],
Bin05,cm^-3,particle concentration in size range [302 - 366 nm],
Bin06,cm^-3,particle concentration in size range [366 - 443 nm],
Bin07,cm^-3,particle concentration in size range [443 - 537 nm],
Bin08,cm^-3,particle concentration in size range [537 - 651 nm],
Bin09,cm^-3,particle concentration in size range [651 - 789 nm],
Bin10,cm^-3,particle concentration in size range [789 - 956 nm],
Bin11,cm^-3,particle concentration in size range [956 - 1159 nm],
Bin12,cm^-3,particle concentration in size range [1159 - 1404 nm],
Bin13,cm^-3,particle concentration in size range [1404 - 1702 nm],
Bin14,cm^-3,particle concentration in size range [1702 - 2062 nm],
Bin15,cm^-3,particle concentration in size range [2062 - 2500 nm],
0
19
PI_CONTACT_INFO: 325 Broadway R/CSL6, Boulder, CO 80305; troy.thornberry@noaa.gov; 303-497-3373 
PLATFORM: GML ECC/FPH balloon
LOCATION: Boulder, CO, USA
ASSOCIATED_DATA: N/A
INSTRUMENT_INFO: Printed Optical Particle Spectrometer counts particles from 140 - 2500 nm in diameter 
DATA_INFO: Particle concentrations reported in number per cubic centimeter, binned to 100 m altitude
UNCERTAINTY: Counting uncertainty dominated by air flow, less than 5 percent
ULOD_FLAG: -77777
ULOD_VALUE: 3000 ~3000 per cm3 (varies depending on flow rate- manufacturer quotes 1250  per cm3 at 1.667 cc/s)
LLOD_FLAG: -88888
LLOD_VALUE: 0 0 (varies depending on data field and measurement precision)
DM_CONTACT_INFO: Troy Thornberry, 325 Broadway R/CSL6, Boulder, CO 80305; troy.thornberry@noaa.gov; 303-497-3373
PROJECT_INFO: B2SAP Boulder, CO, USA
STIPULATIONS_ON_USE: Please contact the PIs for questions regarding applications and uncertainties
OTHER_COMMENTS: POPS bin Edges (nm):  140, 170, 205, 249, 302, 366, 443, 537, 651, 789, 956, 1159, 1404, 1702, 2062, 2500
Calculations assume sulfate refractive index of 1.45+0.00j and extinction wavelength = 532 nm
REVISION: R0
R0: QA/QC data
TIME_START,TIME_STOP,TIME_MID,GPSAlt,GPS_Lon,GPS_Lat,iMet_Pressure,iMet_Temperature,THETA,Aerosol_concentration,Surface_Area_Conc,Volume_density,Effective_radius,Extinction,Bin01,Bin02,Bin03,Bin04,Bin05,Bin06,Bin07,Bin08,Bin09,Bin10,Bin11,Bin12,Bin13,Bin14,Bin15
[from data line 473]
68295,68328,68312,7.9,-105.855,39.2998,379.43,-24.9075,327.435,13.6615,3.60865,686.322,0.570564,0.00164002,6.2902,2.75196,2.16226,1.17941,0.491422,0.294853,0.196569,0.0982843,0.0982843,0,0,0,0,0,0.0982843
68332,68364,68348,7.8,-105.857,39.2959,384.866,-24.022,327.267,12.7468,1.67037,72.7624,0.130682,0.000361572,6.21601,3.30471,1.57367,0.629469,0.550786,0.236051,0.157367,0.0786837,0,0,0,0,0,0,0
68371,68393,68382,7.7,-105.86,39.2919,390.546,-23.26,326.899,13.9302,2.00285,103.739,0.155387,0.000597484,6.96512,3.173,2.01214,0.464341,0.773902,0.232171,0.0773902,0.0773902,0.15478,0,0,0,0,0,0
68406,68413,68410,7.6,-105.862,39.2886,395.13,-22.46,326.856,14.2218,1.74842,69.279,0.118871,0.000289539,8.18239,1.94819,1.55855,1.75337,0.584457,0,0.194819,0,0,0,0,0,0,0,0
68423,68459,68441,7.5,-105.864,39.2846,400.455,-21.6925,326.609,17.5771,2.50072,119.428,0.143272,0.000663446,7.96312,4.66134,2.42778,1.16534,0.485556,0.388445,0.194223,0.291334,0,0,0,0,0,0,0
68465,68497,68481,7.4,-105.867,39.2806,405.738,-20.65,326.73,14.2169,2.1788,129.644,0.178507,0.000778324,6.69404,3.95267,1.78508,0.765034,0.382517,0.191258,0.0637528,0.191258,0.127506,0.0637528,0,0,0,0,0
68506,68546,68526,7.3,-105.871,39.2754,411.89,-19.75,326.487,16.4791,2.30559,99.2612,0.129157,0.000470946,6.84222,4.72209,1.83102,1.44554,0.867323,0.578215,0.192738,0,0,0,0,0,0,0,0
68549,68591,68570,7.2,-105.874,39.2706,417.402,-18.9856,326.233,13.2903,1.91061,126.915,0.199279,0.000448701,6.79375,3.14211,1.57105,0.849218,0.551992,0.297226,0,0,0,0.0424609,0,0,0.0424609,0,0
68598,68638,68618,7.1,-105.878,39.2642,423.663,-17.9375,326.191,15.086,2.94985,277.17,0.281883,0.00102205,6.83139,3.98498,2.18225,0.759044,0.569283,0.189761,0.0948804,0.284641,0,0,0.0948804,0.0948804,0,0,0
68648,68676,68662,7,-105.881,39.2597,428.794,-17.27,325.923,19.6149,2.65703,125.502,0.141703,0.000610357,9.39766,4.97202,2.07623,1.85768,0.601013,0.437101,0.163913,0.0546376,0,0.0546376,0,0,0,0,0
68686,68704,68695,6.9,-105.883,39.2555,433.363,-16.6033,325.774,25.2093,4.32345,332.409,0.230655,0.00138509,11.9807,6.86392,1.87198,2.12158,1.12319,0.374396,0.374396,0.249597,0.124799,0,0,0,0.124799,0,0
68719,68757,68738,6.8,-105.886,39.2505,440.411,-15.8987,325.17,44.8523,6.01484,257.899,0.128631,0.00122975,19.5901,12.0591,6.48237,3.33652,1.85892,0.762632,0.571974,0.190658,0,0,0,0,0,0,0
68767,68783,68775,6.7,-105.887,39.2466,445.76,-15.5225,324.526,47.5596,7.49465,594.356,0.237912,0.0020504,19.4562,14.0047,6.48539,3.85364,1.87982,0.845921,0.845921,0.0939912,0,0,0,0,0,0.0939912,0
68802,68850,68826,6.6,-105.889,39.2423,453.101,-15.5664,322.964,35.2995,4.32552,171.896,0.11922,0.000701582,16.132,9.58372,5.35461,2.3874,1.1937,0.409269,0.170529,0,0.0682115,0,0,0,0,0,0
68851,68894,68872,6.5,-105.889,39.2387,458.464,-14.932,322.673,14.996,2.00627,101.818,0.152249,0.000431659,7.32248,3.88693,1.88077,0.927848,0.451386,0.275847,0.175539,0.0501539,0,0,0.025077,0,0,0,0
68895,68929,68912,6.4,-105.89,39.2351,464.799,-14.1393,322.388,53.7534,6.43579,273.508,0.127494,0.00102374,26.2081,13.7994,8.04964,3.58356,1.49761,0.294173,0.133715,0.053486,0.080229,0.026743,0,0.026743,0,0,0
68934,68965,68950,6.3,-105.89,39.2321,470.708,-13.8731,321.559,124.001,15.9759,1059.87,0.199025,0.00287818,56.4994,35.7562,18.9382,8.07952,3.23754,0.945476,0.257857,0.0573016,0.0286508,0.0286508,0,0.0286508,0.0573016,0.0286508,0.0573016
68969,69005,68987,6.2,-105.891,39.2293,477.205,-13.3325,320.972,213.406,28.8624,2215.07,0.230238,0.00553403,87.0058,66.6993,37.3016,16.0578,5.02978,0.499854,0.312409,0,0.0312409,0.0312409,0.0624817,0.0624817,0.0312409,0.187445,0.0937226
69009,69046,69028,6.1,-105.891,39.2268,483.614,-12.5179,320.756,218.739,25.8839,979.216,0.113493,0.00322559,92.0513,65.5335,37.4935,15.0882,7.07676,0.907962,0.427276,0.0534095,0.0534095,0,0.0267048,0.0267048,0,0,0
69047,69080,69064,6,-105.892,39.2247,489.35,-11.874,320.469,201.87,23.0356,815.784,0.106242,0.00258773,91.471,56.4847,33.3841,13.4505,5.88693,0.819699,0.372591,0,0,0,0,0,0,0,0
69082,69109,69096,5.9,-105.893,39.2229,496.261,-11.0875,320.14,208.816,24.6061,1020.63,0.124436,0.00316767,95.1141,57.6603,35.3268,13.3631,6.10358,0.508632,0.462392,0.0924785,0.0462392,0,0,0,0.138718,0,0
69110,69131,69120,5.8,-105.893,39.2216,502.801,-10.3138,319.888,224.629,26.4771,1007,0.114099,0.00348969,102.277,59.9967,38.4867,14.8026,6.93871,1.11019,0.832645,0.0925162,0.0462581,0,0.0462581,0,0,0,0
69132,69150,69141,5.7,-105.893,39.2205,508.84,-9.69714,319.548,224.46,25.8371,922.648,0.107131,0.00299027,98.8552,64.2295,39.0135,14.5375,6.29079,0.951548,0.528638,0.0528638,0,0,0,0,0,0,0
69151,69163,69157,5.6,-105.893,39.2198,513.62,-9.21,319.287,219.818,25.6894,1004.66,0.117324,0.00317885,97.6643,63.2163,36.5872,14.3841,6.63881,0.95894,0.147529,0.0737646,0,0.0737646,0,0,0.0737646,0,0
