data/B2SAP/Locations/Boulder/NOAA-POPS-B2SAP_GMLBalloon_20190408_R0.ict
61,1001
Thornberry, T. D.
NOAA Chemical Sciences Laboratory
Portable Optical Particle Spectrometer (POPS)
Balloon Baseline Stratospheric Aerosol Profiles (B2SAP)
1,1
2019,04,08,2024,05,30
0
TIME_START,s,Seconds since midnight UTC on flight start day,Start time of 100 m altitude bin in UTC_seconds_since_midnight
28
1.0,1.0,1.0,1.0,1.0,1.0,1.0,1.0,1.0,1.0,1.0,1.0,1.0,1.0,1.0,1.0,1.0,1.0,1.0,1.0,1.0,1.0,1.0,1.0,1.0,1.0,1.0,1.0
99999,99999,99999,99999,99999,99999,99999,99999,99999,99999,99999,99999,99999,99999,99999,99999,99999,99999,99999,99999,99999,99999,99999,99999,99999,99999,99999,99999
TIME_STOP,s,End time of 100 m altitude bin in UTC seconds since midnight,
TIME_MID,s,Mid time of 100 m altitude in UTC seconds since midnight,
GPSAlt,m,GPS reported altitude above sea level (m),
GPS_Lon,deg,GPS reported longitude,
GPS_Lat,deg,GPS reported latitude,
iMet_Pressure,mb,Pressure reported (mB),
iMet_Temperature,degrees C,Ambient temperature (oC),
THETA,K,Potential temperature from iMet,
Aerosol_concentration,cm^-3,Aerosol concentration,
Surface_Area_Conc,um^2 cm^-3,Surface area concentration,
Volume_density,um^3 cm^-3,Volume density,
Effective_radius,um,Effective radius,
Extinction,km^-1,Extinction,
Bin01,cm^-3,particle concentration in size range [140 - 170 nm],
Bin02,cm^-3,particle concentration in size range [170 - 205 nm],
Bin03,cm^-3,particle concentration in size range [205 - 249 nm],
Bin04,cm^-3,particle concentration in size range [249 - 302 nm],
Bin05,cm^-3,particle concentration in size range [302 - 366 nm],
Bin06,cm^-3,particle concentration in size range [366 - 443 nm],
Bin07,cm^-3,particle concentration in size range [443 - 537 nm],
Bin08,cm^-3,particle concentration in size range [537 - 651 nm],
Bin09,cm^-3,particle concentration in size range [651 - 789 nm],
Bin10,cm^-3,particle concentration in size range [789 - 956 nm],
Bin11,cm^-3,particle concentration in size range [956 - 1159 nm],
Bin12,cm^-3,particle concentration in size range [1159 - 1404 nm],
Bin13,cm^-3,particle concentration in size range [1404 - 1702 nm],
Bin14,cm^-3,particle concentration in size range [1702 - 2062 nm],
Bin15,cm^-3,particle concentration in size range [2062 - 2500 nm],
0
19
PI_CONTACT_INFO: 325 Broadway R/CSL6, Boulder, CO 80305; troy.thornberry@noaa.gov; 303-497-3373 
PLATFORM: GML ECC/FPH balloon
LOCATION: Boulder, CO, USA
ASSOCIATED_DATA: N/A
INSTRUMENT_INFO: Printed Optical Particle Spectrometer counts particles from 140 - 2500 nm in diameter 
DATA_INFO: Particle concentrations reported in number per cubic centimeter, binned to 100 m altitude
UNCERTAINTY: Counting uncertainty dominated by air flow, less than 5 percent
ULOD_FLAG: -77777
ULOD_VALUE: 3000 ~3000 per cm3 (varies depending on flow rate- manufacturer quotes 1250  per cm3 at 1.667 cc/s)
LLOD_FLAG: -88888
LLOD_VALUE: 0 0 (varies depending on data field and measurement precision)
DM_CONTACT_INFO: Troy Thornberry, 325 Broadway R/CSL6, Boulder, CO 80305; troy.thornberry@noaa.gov; 303-497-3373
PROJECT_INFO: B2SAP Boulder, CO, USA
STIPULATIONS_ON_USE: Please contact the PIs for questions regarding applications and uncertainties
OTHER_COMMENTS: POPS bin Edges (nm):  140, 170, 205, 249, 302, 366, 443, 537, 651, 789, 956, 1159, 1404, 1702, 2062, 2500
Calculations assume sulfate refractive index of 1.45+0.00j and extinction wavelength = 532 nm
REVISION: R0
R0: QA/QC data
TIME_START,TIME_STOP,TIME_MID,GPSAlt,GPS_Lon,GPS_Lat,iMet_Pressure,iMet_Temperature,THETA,Aerosol_concentration,Surface_Area_Conc,Volume_density,Effective_radius,Extinction,Bin01,Bin02,Bin03,Bin04,Bin05,Bin06,Bin07,Bin08,Bin09,Bin10,Bin11,Bin12,Bin13,Bin14,Bin15
[from data line 76]
60369,60674,60522,9.4,-110.986,40.476,281.779,-48.1033,323.556,37.0945,9.90101,636.278,0.192792,0.004289,7.64045,6.58954,6.2771,4.97056,4.20367,3.80603,2.78351,0.653273,0.0852095,0.0568064,0.0284032,0,0,0,0
60387,60670,60528,9.5,-112.975,40.7315,273.015,-49.7722,324.071,36.8245,9.60225,621.251,0.194095,0.00400934,7.91642,6.41568,6.19056,5.21508,4.31464,3.58302,2.32615,0.712853,0.0750371,0.0187593,0.0187593,0.0375186,0,0,0
60407,60659,60533,9.6,-107.679,40.2125,285.264,-47.1729,323.524,42.4684,11.6483,749.831,0.193118,0.00508413,8.40868,7.498,6.07125,6.76945,4.70522,4.46237,3.58204,0.849975,0.0910688,0,0,0,0.0303563,0,0
60424,60440,60432,9.7,-105.014,39.9126,288.191,-46.538,323.336,47.6364,13.3424,872.282,0.196131,0.00592148,9.48436,7.76773,7.72481,6.3086,5.66486,5.70778,4.03407,0.68665,0.128747,0.0858313,0.0429156,0,0,0,0
60441,60459,60450,9.8,-105.009,39.9109,283.551,-47.4517,323.539,50.9179,13.606,836.365,0.18441,0.00582066,10.3036,8.78625,8.11581,6.8808,5.99864,5.82221,3.98733,0.952726,0.0705723,0,0,0,0,0,0
60460,60652,60556,9.9,-106.441,40.1058,277.056,-48.88,323.669,49.6522,13.7528,886.66,0.193414,0.00610851,9.91324,7.50656,8.56665,7.64982,5.27178,5.64425,3.66733,1.20334,0.171906,0.028651,0.028651,0,0,0,0
60476,60494,60485,10,-105.001,39.9067,275.452,-49.078,323.872,39.5381,10.6928,694.347,0.194807,0.00480971,7.30131,7.60019,7.13052,5.5934,4.01359,4.01359,2.73265,0.811257,0.213489,0.128093,0,0,0,0,0
60496,60513,60504,10.1,-104.996,39.9044,271.543,-50.0064,323.847,39.4871,10.6706,690.124,0.194026,0.00463156,8.76193,5.7634,6.2307,6.54224,4.12784,4.0889,3.19324,0.545187,0.155768,0.0389419,0.0389419,0,0,0,0
60515,60530,60522,10.2,-104.991,39.902,266.983,-51.0208,323.948,46.196,12.5699,830.228,0.198146,0.00550492,10.1256,7.78341,6.70238,6.73842,5.29705,5.15291,3.42326,0.684652,0.108103,0.144137,0,0,0.0360343,0,0
60532,60552,60542,10.3,-104.986,39.8999,263.005,-51.8939,324.058,42.1465,11.3953,752.253,0.198043,0.0049862,8.81464,6.98428,6.81569,6.55077,4.96125,3.9979,2.84188,0.915182,0.120419,0.0963349,0.0240837,0.0240837,0,0,0
60557,60569,60563,10.4,-104.98,39.8974,258.927,-52.8289,324.128,39.3247,10.2053,668.027,0.196378,0.00413434,7.65315,7.74942,6.59423,5.48717,4.9577,3.56185,2.50292,0.721996,0,0,0.048133,0.048133,0,0,0
60678,60679,60678,10.9,-104.949,39.8811,235.805,-57.625,325.667,26.5396,6.15331,358.848,0.174954,0.00242229,6.74736,6.97227,3.14877,2.02421,2.69894,2.92385,1.7993,0.224912,0,0,0,0,0,0,0
60682,60689,60686,11,-104.947,39.88,234.538,-57.8433,325.837,25.554,6.72443,409.306,0.182606,0.00284068,4.93406,5.37591,3.53485,3.31392,3.01935,2.87206,2.06199,0.441856,0,0,0,0,0,0,0
60691,60708,60700,11.1,-104.944,39.8768,231.681,-58.5533,325.899,23.378,5.72715,359.417,0.18827,0.00246919,5.44016,5.09708,4.2149,2.69557,1.76438,2.00943,1.61734,0.392083,0.0980209,0.0490104,0,0,0,0,0
60711,60726,60718,11.2,-104.94,39.8727,228.282,-58.975,326.632,21.8502,5.37357,345.545,0.192914,0.00222882,5.24257,4.54601,3.77612,2.45631,2.0897,1.72308,1.64976,0.256629,0.0733227,0,0.0366613,0,0,0,0
60727,60742,60734,11.3,-104.934,39.8687,224.763,-59.2093,327.729,22.527,5.65805,386.295,0.204821,0.00247445,6.125,4.44651,3.35697,2.59134,2.14964,2.0024,1.29567,0.265024,0.20613,0.0588942,0,0,0.0294471,0,0
60745,60761,60753,11.4,-104.928,39.8641,221.095,-59.9127,328.195,21.2098,5.49474,391.403,0.213697,0.00231706,5.22087,4.52747,3.14068,2.44728,2.08019,1.91704,1.38679,0.367092,0,0.040788,0,0.0815761,0,0,0
60762,60779,60770,11.5,-104.922,39.8598,217.67,-60.6785,328.476,21.3763,5.389,388.866,0.216478,0.00226526,5.38641,4.64112,3.25217,2.87953,1.86322,1.69384,0.982427,0.474275,0.10163,0,0.10163,0,0,0,0
60780,60793,60786,11.6,-104.916,39.8558,214.002,-61.4475,328.875,20.3026,4.808,295.988,0.184685,0.00197062,5.25544,3.98307,2.93198,3.09795,1.93622,1.60429,0.995768,0.387243,0.0553205,0.0553205,0,0,0,0,0
60794,60810,60802,11.7,-104.912,39.8524,210.991,-62.2715,328.926,21.358,5.23385,351.429,0.201436,0.00225887,6.10228,3.8486,3.39786,2.73909,1.90696,1.42155,1.4909,0.242704,0.104016,0.0693441,0.034672,0,0,0,0
60811,60826,60818,11.8,-104.906,39.848,207.381,-63.136,329.203,19.7776,4.87452,335.289,0.206352,0.0020279,5.82225,3.6314,2.67103,2.64102,1.71066,1.68065,1.23048,0.240093,0.0600232,0.0300116,0.0300116,0.0300116,0,0,0
60828,60844,60836,11.9,-104.901,39.8433,204.081,-63.9253,329.468,19.3086,4.5712,301.399,0.197803,0.00189483,5.45679,3.71781,3.11817,2.45855,1.64903,1.58907,0.779541,0.389771,0.0599647,0.0599647,0.0299824,0,0,0,0
60845,60860,60852,12,-104.895,39.8385,200.749,-64.652,329.868,21.0567,6.33579,797.756,0.377738,0.00299782,6.2083,4.26284,3.08985,2.34599,1.7738,1.63075,1.08717,0.371926,0.085829,0.0572194,0,0.0286097,0.0286097,0.0286097,0.0572194
60863,60878,60870,12.1,-104.888,39.8338,197.357,-65.3246,330.414,16.7854,3.97673,249.565,0.188269,0.00171026,5.14146,3.35707,2.02634,2.08683,1.27024,1.57268,0.877073,0.332683,0.0907317,0.0302439,0,0,0,0,0
60881,60898,60890,12.2,-104.881,39.8289,194.291,-65.8425,331.07,22.4952,9.71347,2115.49,0.653368,0.00521355,6.8783,4.79767,3.40243,2.64362,1.4442,1.59106,0.905683,0.391647,0.0244779,0.0979117,0,0,0,0.0244779,0.293735
60900,60915,60908,12.3,-104.875,39.8237,191.075,-66.5977,331.437,23.748,10.7323,2208.17,0.617246,0.00582509,6.91514,4.5191,3.36658,2.30505,2.09274,2.18373,1.48615,0.333625,0.121318,0.0606591,0.0606591,0,0,0,0.303296
60917,60938,60928,12.4,-104.867,39.8175,187.636,-67.3811,331.893,23.3817,7.12841,551.094,0.231929,0.00346327,4.57086,4.50494,3.12049,3.01062,2.48321,3.05457,1.75802,0.659259,0.0659259,0.109877,0.0219753,0,0,0.0219753,0
60939,60957,60948,12.5,-104.858,39.8115,184.585,-67.7567,332.851,32.8347,9.96125,705.919,0.2126,0.00465695,6.5472,5.19828,4.73767,3.98096,4.37577,4.01386,2.79654,1.05282,0,0.0329005,0.065801,0.0329005,0,0,0
60958,60973,60966,12.6,-104.851,39.8067,181.635,-67.722,334.443,29.435,8.51538,582.667,0.205276,0.00413593,6.59387,5.72348,3.8772,3.40244,2.84855,3.03318,2.87493,0.870391,0.158253,0.0263755,0,0.0263755,0,0,0
60975,60986,60980,12.7,-104.845,39.8025,178.831,-65.6591,339.306,11.7391,2.43578,145.891,0.179685,0.000967059,4.6245,2.13438,1.56522,0.889327,0.9249,0.711461,0.747034,0.106719,0,0.0355731,0,0,0,0,0
60988,61002,60995,12.8,-104.841,39.7989,175.975,-63.205,344.895,9.96816,2.3066,182.063,0.236794,0.000942015,3.61779,2.27074,1.1931,0.923691,0.731255,0.423358,0.615794,0.0769742,0.0384871,0,0.0769742,0,0,0,0
61005,61019,61012,12.9,-104.836,39.795,172.981,-62.5355,347.706,7.33237,1.56888,93.2832,0.178375,0.000617397,2.44412,1.36173,1.18715,0.628489,0.803069,0.488825,0.244412,0.104748,0.0698321,0,0,0,0,0,0
61021,61034,61028,13,-104.832,39.7927,170.612,-62.15,349.715,8.78327,2.45734,179.539,0.219187,0.0012848,2.11568,1.92334,1.28223,1.34634,0.384669,0.769338,0.384669,0.384669,0.128223,0.0641115,0,0,0,0,0
61037,61056,61046,13.1,-104.825,39.7895,167.388,-60.8193,353.838,9.9218,2.79702,196.669,0.210941,0.00130211,2.1425,2.168,1.22428,1.17327,1.07125,1.09675,0.714165,0.204047,0.102024,0,0.0255059,0,0,0,0
61059,61082,61070,13.2,-104.818,39.7861,164.643,-59.9262,357.011,9.63079,3.09606,218.969,0.212175,0.00164105,1.98453,1.54676,1.25492,1.19655,1.07982,0.963079,1.05063,0.466948,0.0583684,0.0291842,0,0,0,0,0
61084,61111,61098,13.3,-104.809,39.7813,161.81,-58.48,361.225,8.28223,2.48814,172.836,0.208392,0.00127844,1.81528,1.32364,1.17237,1.13455,1.0211,0.71855,0.605095,0.340366,0.151274,0,0,0,0,0,0
61117,61134,61126,13.4,-104.803,39.7773,159.53,-57.16,364.917,7.87905,2.02214,135.212,0.200597,0.000987988,2.25116,1.72589,0.900462,1.12558,0.450231,0.52527,0.450231,0.375193,0.0750385,0,0,0,0,0,0
61141,61155,61148,13.5,-104.797,39.7737,156.819,-56.6818,367.515,8.68944,2.95845,248.694,0.252186,0.0014956,1.64859,1.47686,1.30513,0.927332,1.03037,1.23644,0.721258,0.137382,0.0686912,0.0686912,0.0686912,0,0,0,0
61163,61174,61168,13.6,-104.792,39.7715,154.683,-56.5233,369.234,9.01933,2.64771,177.378,0.200979,0.00122738,1.69112,1.19005,1.37795,1.62849,1.12742,1.00215,0.75161,0.187903,0,0.0626342,0,0,0,0,0
61177,61193,61185,13.7,-104.788,39.7705,152.246,-56.78,370.476,8.35724,2.53682,177.067,0.209396,0.00129419,2.01256,1.09156,1.33034,0.955113,0.886891,0.921002,0.784557,0.272889,0.0682223,0.0341112,0,0,0,0,0
61194,61207,61200,13.8,-104.783,39.7694,150.137,-56.4033,372.6,7.99915,2.66656,226.844,0.25521,0.00131471,1.76452,1.33319,1.0195,0.901865,1.05871,0.823442,0.78423,0.196058,0,0.0392115,0.078423,0,0,0,0
61209,61221,61215,13.9,-104.779,39.7674,147.317,-55.9443,375.415,8.56387,2.78959,207.336,0.222975,0.00154107,1.86171,1.16357,1.72208,0.744685,0.744685,1.02394,0.791227,0.279257,0.186171,0.0465428,0,0,0,0,0
61227,61229,61228,14,-104.776,39.7663,145.407,-55.2067,378.104,7.82903,2.37531,163.748,0.206813,0.00121644,1.8232,1.6087,0.750729,0.536235,1.07247,1.07247,0.536235,0.321741,0.107247,0,0,0,0,0,0
61238,61247,61242,14.1,-104.774,39.7653,142.736,-54.696,380.998,7.62494,2.58171,185.525,0.215584,0.00137764,1.5378,0.897051,1.15335,0.897051,0.832976,0.768901,1.34558,0.12815,0,0.0640751,0,0,0,0,0
61248,61260,61254,14.2,-104.773,39.7645,140.983,-54.6143,382.485,7.79372,2.409,160.718,0.200147,0.00118211,1.33738,1.52185,1.01457,0.737867,1.01457,1.15292,0.69175,0.2767,0.0461167,0,0,0,0,0,0
61266,61276,61271,14.3,-104.769,39.7632,138.178,-55.4275,383.267,7.69756,2.31946,156.481,0.202394,0.00114218,1.41055,1.41055,1.12844,0.88663,0.926931,0.967232,0.685123,0.161205,0.120904,0,0,0,0,0,0
61278,61295,61286,14.4,-104.767,39.7625,136.04,-56.1655,383.668,7.07096,2.23159,155.768,0.209404,0.00114577,1.62721,1.12425,0.769225,0.562126,1.09467,0.828397,0.828397,0.147928,0.0591712,0.0295856,0,0,0,0,0
61297,61313,61305,14.5,-104.764,39.7618,133.884,-56.973,383.984,6.72881,1.90443,126.462,0.199213,0.000896507,1.60835,1.24729,0.886234,0.65647,0.590823,0.951881,0.65647,0.0984704,0,0.0328235,0,0,0,0,0
61314,61328,61321,14.6,-104.762,39.7613,132.065,-57.515,384.521,7.32994,2.24505,164.95,0.220419,0.00122141,2.12937,0.859937,0.982786,0.982786,0.737089,0.614241,0.450443,0.450443,0.0818988,0.0409494,0,0,0,0,0
61331,61335,61333,14.7,-104.76,39.7609,130.683,-57.53,385.66,6.5129,2.33971,178.625,0.229034,0.00138377,0.993494,1.10388,1.10388,0.883106,0.551941,0.662329,0.551941,0.441553,0.220776,0,0,0,0,0,0
61351,61368,61360,14.8,-104.756,39.7597,127.882,-57.2617,388.532,6.8703,2.00021,128.474,0.192691,0.000924456,1.69031,0.654314,1.036,0.763367,1.09052,0.872419,0.490736,0.272631,0,0,0,0,0,0,0
61374,61384,61379,14.9,-104.753,39.759,125.815,-57.7817,389.399,6.08165,1.70701,115.828,0.203563,0.000881581,2.02722,0.986214,0.547897,0.657476,0.438317,0.438317,0.657476,0.328738,0,0,0,0,0,0,0
61389,61402,61396,15,-104.749,39.7585,123.868,-58.105,390.564,5.0789,1.5503,114.006,0.220615,0.00082875,1.49055,0.552054,0.828081,0.441643,0.607259,0.386438,0.496849,0.220822,0,0.0552054,0,0,0,0,0
61405,61413,61409,15.1,-104.747,39.7582,122.191,-58.43,391.49,4.92905,1.24023,99.5618,0.24083,0.000529959,1.50723,1.14061,0.651776,0.488832,0.488832,0.244416,0.20368,0.162944,0,0,0.040736,0,0,0,0
61414,61427,61420,15.2,-104.744,39.7586,119.855,-59.1683,392.296,4.22066,1.07746,68.9099,0.191868,0.000483196,0.986648,0.87702,0.712579,0.548138,0.219255,0.493324,0.274069,0.0548138,0.0548138,0,0,0,0,0,0
61432,61445,61438,15.3,-104.74,39.7591,117.753,-59.6367,393.431,5.36092,1.43169,100.787,0.211193,0.000735013,1.85991,0.929956,0.547033,0.49233,0.437626,0.601736,0.218813,0.109407,0.16411,0,0,0,0,0,0
61447,61460,61454,15.4,-104.737,39.7593,116.241,-60.1243,393.979,4.8703,1.22897,82.1319,0.200489,0.000539937,1.13483,0.992974,0.851121,0.614698,0.42556,0.520129,0.189138,0.094569,0,0.0472845,0,0,0,0,0
61461,61477,61469,15.5,-104.734,39.7589,114.385,-60.6218,394.867,5.13016,1.14524,76.8226,0.20124,0.000525092,2.03385,0.880323,0.607119,0.637475,0.333916,0.212492,0.212492,0.15178,0.030356,0.030356,0,0,0,0,0
61480,61496,61488,15.6,-104.729,39.7583,112.349,-60.677,396.806,4.88596,1.04868,59.5724,0.170421,0.000390293,1.39599,1.29627,0.465329,0.59828,0.365616,0.465329,0.232665,0.0664756,0,0,0,0,0,0,0
61499,61515,61507,15.7,-104.725,39.7577,110.64,-60.2075,399.423,5.35438,1.42238,121.349,0.255942,0.000674653,1.77106,1.07088,0.906125,0.49425,0.205938,0.411875,0.3295,0.0411875,0.0411875,0.0411875,0.0411875,0,0,0,0
61516,61531,61524,15.8,-104.722,39.7572,109.05,-59.2743,402.83,5.13346,1.03966,58.5938,0.169076,0.00036754,1.78964,0.989014,0.659343,0.565151,0.470959,0.470959,0.141288,0,0.0470959,0,0,0,0,0,0
61536,61546,61541,15.9,-104.719,39.7566,106.975,-58.94,405.691,4.28914,0.804809,41.9134,0.156236,0.000254575,1.60843,0.742352,0.659868,0.412418,0.412418,0.247451,0.206209,0,0,0,0,0,0,0,0
61547,61558,61552,16,-104.718,39.7567,105.565,-58.895,407.312,4.40096,1.16196,82.2403,0.212332,0.00059422,1.37941,0.821075,0.821075,0.262744,0.229901,0.32843,0.32843,0.197058,0,0.032843,0,0,0,0,0
61561,61575,61568,16.1,-104.717,39.7572,103.643,-59.3422,408.596,4.10296,1.22687,87.8519,0.214819,0.000645438,1.01666,0.907735,0.435713,0.363094,0.363094,0.290475,0.61726,0.0726188,0,0.0363094,0,0,0,0,0
61577,61594,61586,16.2,-104.715,39.7577,102.116,-60.0111,409.06,4.30659,1.30753,110.329,0.253139,0.000639,1.45986,0.620441,0.510951,0.437958,0.218979,0.474455,0.437958,0.072993,0.0364965,0,0,0.0364965,0,0,0
61596,61611,61604,16.3,-104.713,39.7586,100.556,-60.2733,410.351,3.48228,0.922596,57.5413,0.187107,0.000408674,0.959404,0.604069,0.390868,0.390868,0.284268,0.497469,0.284268,0.071067,0,0,0,0,0,0,0
61613,61631,61622,16.4,-104.711,39.7598,98.8255,-61.2073,410.58,3.83638,1.00593,75.4944,0.225149,0.000517495,1.38536,0.586113,0.53283,0.319698,0.399623,0.266415,0.186491,0.053283,0.053283,0.053283,0,0,0,0,0
61635,61661,61648,16.5,-104.708,39.7619,97.0206,-61.7981,411.604,4.07482,1.11439,94.0304,0.253135,0.000502632,1.33992,0.660781,0.532296,0.513941,0.367101,0.312035,0.22026,0.0550651,0.018355,0.018355,0.0367101,0,0,0,0
61662,61685,61674,16.6,-104.704,39.7636,95.53,-61.6808,413.652,3.99996,1.04218,72.6298,0.20907,0.000518729,1.1779,0.834348,0.613491,0.392634,0.196317,0.319015,0.294476,0.122698,0.0245396,0.0245396,0,0,0,0,0
61691,61711,61701,16.7,-104.7,39.7649,93.8964,-61.5527,415.949,4.19472,1.1973,83.8791,0.21017,0.000606554,1.17559,0.828256,0.507641,0.347333,0.240461,0.614513,0.267179,0.187026,0,0.0267179,0,0,0,0,0
61712,61736,61724,16.8,-104.697,39.7658,92.6374,-61.8258,417.022,3.85777,1.10729,81.6665,0.22126,0.000511785,0.960568,0.588735,0.557749,0.573242,0.340847,0.418312,0.294368,0.0929582,0,0.015493,0.015493,0,0,0,0
61740,61760,61750,16.9,-104.692,39.7667,90.9267,-62.0967,418.702,4.64923,1.0642,62.8409,0.177149,0.000426148,1.44061,0.884009,0.556598,0.556598,0.458375,0.392893,0.261928,0.0982232,0,0,0,0,0,0,0
61762,61779,61770,17,-104.689,39.7673,89.6017,-61.6525,421.357,4.09332,1.09873,74.5398,0.203526,0.000518074,1.05397,0.857881,0.56375,0.343152,0.367663,0.56375,0.196087,0.0980435,0.0245109,0.0245109,0,0,0,0,0
61781,61799,61790,17.1,-104.685,39.7674,88.048,-60.7433,425.285,4.44333,1.2076,90.6016,0.225078,0.000546902,1.01785,1.07658,0.56765,0.489353,0.489353,0.391483,0.313186,0.0195741,0.0391483,0.0195741,0.0195741,0,0,0,0
61800,61811,61806,17.2,-104.683,39.7672,86.8714,-61.0971,426.204,5.09228,1.4392,102.214,0.213064,0.000779704,1.72548,0.967954,0.589189,0.25251,0.33668,0.462934,0.462934,0.210425,0.0841699,0,0,0,0,0,0
61812,61822,61817,17.3,-104.682,39.7672,85.6229,-61.7671,426.626,4.42797,1.0979,64.2292,0.175506,0.000429095,1.12788,0.668373,0.543053,0.710146,0.543053,0.50128,0.292413,0.0417733,0,0,0,0,0,0,0
61828,61837,61832,17.4,-104.68,39.7668,84.2163,-62.4675,427.228,4.17889,1.25965,91.7495,0.218511,0.000667084,1.03548,0.850571,0.480758,0.480758,0.25887,0.443776,0.480758,0.0739627,0.0369814,0.0369814,0,0,0,0,0
