data/B2SAP/Locations/Boulder/NOAA-POPS-B2SAP_GMLBalloon_20231020_R0.ict
82,1001
Thornberry, T. D.
NOAA Chemical Sciences Laboratory
Portable Optical Particle Spectrometer (POPS)
Balloon Baseline Stratospheric Aerosol Profiles (B2SAP)
1,1
2023,10,20,2024,05,30
0
TIME_START,s,Seconds since midnight UTC on flight start day,Start time of 100 m altitude bin in UTC_seconds_since_midnight
49
1.0,1.0,1.0,1.0,1.0,1.0,1.0,1.0,1.0,1.0,1.0,1.0,1.0,1.0,1.0,1.0,1.0,1.0,1.0,1.0,1.0,1.0,1.0,1.0,1.0,1.0,1.0,1.0,1.0,1.0,1.0,1.0,1.0,1.0,1.0,1.0,1.0,1.0,1.0,1.0,1.0,1.0,1.0,1.0,1.0,1.0,1.0,1.0,1.0
99999,99999,99999,99999,99999,99999,99999,99999,99999,99999,99999,99999,99999,99999,99999,99999,99999,99999,99999,99999,99999,99999,99999,99999,99999,99999,99999,99999,99999,99999,99999,99999,99999,99999,99999,99999,99999,99999,99999,99999,99999,99999,99999,99999,99999,99999,99999,99999,99999
TIME_STOP,s,End time of 100 m altitude bin in UTC seconds since midnight,
TIME_MID,s,Mid time of 100 m altitude in UTC seconds since midnight,
GPSAlt,km,GPS reported altitude above sea level (km),
GPS_Lon,deg,GPS reported longitude,
GPS_Lat,deg,GPS reported latitude,
iMet_Pressure,hPa,Pressure reported (hPa),
iMet_Temperature,degrees C,Ambient temperature (oC),
THETA,K,Potential temperature from iMet,
Aerosol_concentration,cm^-3,Aerosol concentration,
Surface_Area_Conc,um^2 cm^-3,Surface area concentration,
Volume_density,um^3 cm^-3,Volume density,
Effective_radius,um,Effective radius,
Extinction,km^-1,Extinction,
Bin01,cm^-3,particle concentration in size range [140 - 146.14 nm],
Bin02,cm^-3,particle concentration in size range [146.14 - 152.56 nm],
Bin03,cm^-3,particle concentration in size range [152.56 - 159.25 nm],
Bin04,cm^-3,particle concentration in size range [159.25 - 166.24 nm],
Bin05,cm^-3,particle concentration in size range [166.24 - 173.54 nm],
Bin06,cm^-3,particle concentration in size range [173.54 - 181.16 nm],
Bin07,cm^-3,particle concentration in size range [181.16 - 189.11 nm],
Bin08,cm^-3,particle concentration in size range [189.11 - 197.41 nm],
Bin09,cm^-3,particle concentration in size range [197.41 - 206.07 nm],
Bin10,cm^-3,particle concentration in size range [206.07 - 215.12 nm],
Bin11,cm^-3,particle concentration in size range [215.12 - 224.56 nm],
Bin12,cm^-3,particle concentration in size range [224.56 - 234.41 nm],
Bin13,cm^-3,particle concentration in size range [234.41 - 244.70 nm],
Bin14,cm^-3,particle concentration in size range [244.70 - 361.30 nm],
Bin15,cm^-3,particle concentration in size range [361.30 - 472.80 nm],
Bin16,cm^-3,particle concentration in size range [472.80 - 567.00 nm],
Bin17,cm^-3,particle concentration in size range [567.00 - 610.66 nm],
Bin18,cm^-3,particle concentration in size range [610.66 - 657.69 nm],
Bin19,cm^-3,particle concentration in size range [657.69 - 708.33 nm],
Bin20,cm^-3,particle concentration in size range [708.33 - 762.88 nm],
Bin21,cm^-3,particle concentration in size range [762.88 - 821.62 nm],
Bin22,cm^-3,particle concentration in size range [821.62 - 884.89 nm],
Bin23,cm^-3,particle concentration in size range [884.89 - 953.03 nm],
Bin24,cm^-3,particle concentration in size range [953.03 - 1026.42 nm],
Bin25,cm^-3,particle concentration in size range [1026.42 - 1105.46 nm],
Bin26,cm^-3,particle concentration in size range [1105.46 - 1190.59 nm]],
[...]
LOCATION: Boulder, CO, USA
ASSOCIATED_DATA: N/A
INSTRUMENT_INFO: Printed Optical Particle Spectrometer counts particles from 140 - 2500 nm in diameter 
DATA_INFO: Particle concentrations reported in number per cubic centimeter, binned to 100 m altitude
UNCERTAINTY: Counting uncertainty dominated by air flow, less than 5 percent
ULOD_FLAG: -77777
ULOD_VALUE: 3000 ~3000 per cm3 (varies depending on flow rate- manufacturer quotes 1250  per cm3 at 1.667 cc/s)
LLOD_FLAG: -88888
LLOD_VALUE: 0 0 (varies depending on data field and measurement precision)
DM_CONTACT_INFO: Troy Thornberry, 325 Broadway R/CSL6, Boulder, CO 80305; troy.thornberry@noaa.gov; 303-497-3373
PROJECT_INFO: B2SAP Boulder, CO, USA
STIPULATIONS_ON_USE: Please contact the PIs for questions regarding applications and uncertainties
OTHER_COMMENTS: POPS bin Edges (nm):  140, 146.14, 152.56, 159.25, 166.24, 173.54, 181.16, 189.11, 197.41, 206.07, 215.12, 224.56, 234.41, 244.70, 361.30, 472.80, 567.00, 610.66, 657.69, 708.33, 762.88, 821.62, 884.89, 953.03, 1026.42, 1105.46, 1190.59, 1282.27, 1381.01, 1487.36, 1601.89, 1725.25, 1858.10, 2001.18, 2155.28, 2321.25, 2500
Calculations assume sulfate refractive index of 1.45+0.00j and extinction wavelength = 532 nm
REVISION: R0
R0: QA/QC data
TIME_START,TIME_STOP,TIME_MID,GPSAlt,GPS_Lon,GPS_Lat,iMet_Pressure,iMet_Temperature,THETA,Aerosol_concentration,Surface_Area_Conc,Volume_density,Effective_radius,Extinction,Bin01,Bin02,Bin03,Bin04,Bin05,Bin06,Bin07,Bin08,Bin09,Bin10,Bin11,Bin12,Bin13,Bin14,Bin15,Bin16,Bin17,Bin18,Bin19,Bin20,Bin21,Bin22,Bin23,Bin24,Bin25,Bin26,Bin27,Bin28,Bin29,Bin30,Bin31,Bin32,Bin33,Bin34,Bin35,Bin36
[from data line 52]
59923,59941,59932,6.9,-105.099,39.8905,439.635,-13.013,328.986,5.11378,0.616532,27.7337,0.13495,0.000143958,1.26853,1.01086,0.574805,0.475701,0.356775,0.138746,0.218029,0.178388,0.0792834,0.178388,0.0594626,0.0396417,0.0396417,0.297313,0.138746,0.0198209,0,0.0198209,0.0198209,0,0,0,0,0,0,0,0,0,0,0,0,0,0,0,0,0
59943,59963,59953,7,-105.094,39.8888,433.812,-13.5505,329.559,5.74792,0.692175,32.9132,0.142651,0.000158871,1.34297,0.859502,0.823689,0.555095,0.447657,0.447657,0.179063,0.107438,0.196969,0.107438,0.0716251,0.0537189,0.0358126,0.322313,0.14325,0.0179063,0.0179063,0,0,0,0,0,0.0179063,0,0,0,0,0,0,0,0,0,0,0,0,0
59964,59983,59974,7.1,-105.09,39.8874,428.36,-14.348,329.736,5.45097,0.685949,34.0861,0.149076,0.000206646,1.28841,1.11002,0.773047,0.455899,0.515365,0.277504,0.0991086,0.158574,0.0792869,0.0792869,0.0594652,0.0991086,0.0198217,0.158574,0.11893,0.0792869,0.0198217,0.0594652,0,0,0,0,0,0,0,0,0,0,0,0,0,0,0,0,0,0
59985,60005,59995,7.2,-105.086,39.8859,422.404,-15.2114,329.954,3.69124,0.386589,14.7886,0.114762,6.29972e-05,1.09231,0.640317,0.414323,0.357824,0.320158,0.188328,0.0941642,0.0753314,0.0376657,0.0753314,0.0753314,0.0753314,0.0188328,0.13183,0.0564985,0.0376657,0,0,0,0,0,0,0,0,0,0,0,0,0,0,0,0,0,0,0,0
60006,60033,60020,7.3,-105.081,39.884,417.464,-15.9393,330.131,3.17682,0.376096,18.9516,0.151171,0.000106586,0.833033,0.494172,0.494172,0.282384,0.18355,0.282384,0.141192,0.070596,0.0847152,0.0423576,0.0141192,0.0423576,0.0282384,0.0847152,0.0282384,0.0423576,0,0,0,0.0141192,0.0141192,0,0,0,0,0,0,0,0,0,0,0,0,0,0,0
60033,60054,60044,7.4,-105.076,39.8823,411.761,-16.8567,330.247,2.837,0.307024,13.0055,0.127079,6.24542e-05,0.74257,0.552167,0.285604,0.323684,0.152322,0.209443,0.0952012,0.0952012,0.0571207,0.076161,0.0380805,0,0.0571207,0.0952012,0.0190402,0.0190402,0,0,0.0190402,0,0,0,0,0,0,0,0,0,0,0,0,0,0,0,0,0
60055,60075,60065,7.5,-105.071,39.8813,406.236,-17.5564,330.619,2.87329,0.36098,16.4719,0.136893,8.90067e-05,0.491006,0.70923,0.327337,0.272781,0.145483,0.090927,0.127298,0.090927,0.0363708,0.145483,0.0727416,0.0363708,0.0363708,0.200039,0.0181854,0.0545562,0,0.0181854,0,0,0,0,0,0,0,0,0,0,0,0,0,0,0,0,0,0
60077,60107,60092,7.6,-105.065,39.8807,400.799,-18.0675,331.231,3.66521,0.368388,13.3103,0.108394,5.01306e-05,1.20927,0.673203,0.523602,0.286734,0.149601,0.124667,0.137134,0.0748003,0.0498669,0.0748003,0.0374002,0.0498669,0.0249334,0.174534,0.0623336,0.0124667,0,0,0,0,0,0,0,0,0,0,0,0,0,0,0,0,0,0,0,0
60108,60134,60121,7.7,-105.059,39.88,395.436,-18.4381,332.026,3.15182,0.335202,13.939,0.124752,6.62351e-05,0.968608,0.614989,0.399743,0.199871,0.215246,0.169122,0.138373,0.107623,0.0307494,0.0614989,0,0.0307494,0.0307494,0.0922483,0.0614989,0.0153747,0,0,0.0153747,0,0,0,0,0,0,0,0,0,0,0,0,0,0,0,0,0
60136,60159,60148,7.8,-105.053,39.8793,389.956,-18.6261,333.107,3.03604,0.395875,19.9644,0.151293,0.000110465,0.745999,0.624557,0.399023,0.225534,0.156139,0.086744,0.0693952,0.121442,0.086744,0.0346976,0.0346976,0,0.0520464,0.312279,0.0346976,0.0173488,0,0.0173488,0,0,0.0173488,0,0,0,0,0,0,0,0,0,0,0,0,0,0,0
60161,60182,60172,7.9,-105.048,39.8788,384.683,-19.0196,333.887,2.57308,0.416806,28.8778,0.207851,0.000192891,0.647646,0.455102,0.350079,0.262559,0.0525118,0.157535,0.105024,0.0875197,0.0350079,0.0175039,0.0525118,0.0175039,0.0700158,0.105024,0.0525118,0.0175039,0,0.0350079,0,0.0175039,0.0175039,0.0175039,0,0,0,0,0,0,0,0,0,0,0,0,0,0
60183,60208,60196,8,-105.043,39.8785,380.04,-19.7735,334.054,1.73783,0.198539,8.16146,0.123322,3.77393e-05,0.449974,0.232745,0.263778,0.0775817,0.17068,0.108614,0.108614,0.046549,0.0310327,0.0310327,0.046549,0,0.0155163,0.108614,0.0310327,0,0.0155163,0,0,0,0,0,0,0,0,0,0,0,0,0,0,0,0,0,0,0
60210,60236,60223,8.1,-105.037,39.8779,374.844,-20.7529,334.074,1.89532,0.273002,15.6174,0.171619,9.23733e-05,0.459472,0.28717,0.244095,0.244095,0.114868,0.0861511,0.057434,0.0717925,0.0143585,0.028717,0.028717,0,0.0143585,0.129227,0.057434,0.0430755,0,0,0,0,0,0.0143585,0,0,0,0,0,0,0,0,0,0,0,0,0,0
60237,60264,60250,8.2,-105.03,39.8772,369.8,-21.7078,334.101,1.75458,0.272649,16.5187,0.181758,0.000115101,0.4199,0.314925,0.299928,0.119971,0.104975,0.0449893,0.0749821,0.0749821,0.0149964,0.0299928,0.0449893,0,0.0299928,0.0449893,0.0149964,0.0899785,0,0,0.0299928,0,0,0,0,0,0,0,0,0,0,0,0,0,0,0,0,0
60264,60287,60276,8.3,-105.025,39.8766,364.873,-22.6279,334.156,1.52087,0.276311,21.6433,0.234989,0.000139107,0.253478,0.287275,0.219681,0.101391,0.135188,0.135188,0.0506955,0.033797,0.033797,0.0168985,0.033797,0.033797,0.0168985,0.067594,0.033797,0.0168985,0,0,0,0.0168985,0.0168985,0,0.0168985,0,0,0,0,0,0,0,0,0,0,0,0,0
60289,60311,60300,8.4,-105.02,39.876,359.626,-23.5517,334.306,1.58761,0.235925,15.1776,0.192997,0.000100331,0.371569,0.33779,0.185785,0.135116,0.0844475,0.101337,0.0168895,0.118227,0.0168895,0.033779,0.033779,0,0.0168895,0.0506685,0.0168895,0.033779,0,0,0,0.0168895,0.0168895,0,0,0,0,0,0,0,0,0,0,0,0,0,0,0
60312,60330,60321,8.5,-105.016,39.8757,354.921,-24.4037,334.42,1.72989,0.183126,7.10998,0.116477,3.12932e-05,0.363064,0.277637,0.363064,0.170854,0.213567,0.0640701,0.0213567,0.0640701,0.0427134,0.0213567,0,0,0,0.0854269,0.0213567,0.0213567,0,0,0,0,0,0,0,0,0,0,0,0,0,0,0,0,0,0,0,0
60331,60348,60340,8.6,-105.012,39.8755,350.288,-25.3156,334.445,1.51386,0.232282,13.031,0.168299,8.33634e-05,0.248544,0.225949,0.271139,0.293734,0.0451898,0.0451898,0.0903796,0.0225949,0.0225949,0,0,0.0225949,0,0.0903796,0.0903796,0.0225949,0,0,0.0225949,0,0,0,0,0,0,0,0,0,0,0,0,0,0,0,0,0
60349,60376,60362,8.7,-105.007,39.8755,345.398,-26.1874,334.611,1.65575,0.273152,16.8214,0.184748,0.000115871,0.410139,0.258236,0.212665,0.167094,0.0759517,0.0607613,0.091142,0.045571,0.0303807,0.0151903,0.0151903,0,0.0151903,0.136713,0.0303807,0.0303807,0.0303807,0,0.0303807,0,0,0,0,0,0,0,0,0,0,0,0,0,0,0,0,0
60377,60402,60390,8.8,-105.001,39.8754,340.443,-27.1065,334.746,1.77134,0.209949,10.6472,0.152139,5.76306e-05,0.287245,0.367035,0.271287,0.239371,0.175538,0.111706,0.0319161,0.0478741,0.0478741,0.015958,0.0319161,0.015958,0.0319161,0.0478741,0.015958,0.015958,0,0,0,0,0.015958,0,0,0,0,0,0,0,0,0,0,0,0,0,0,0
60404,60427,60416,8.9,-104.995,39.8754,335.846,-28.0632,334.742,1.69208,0.179381,7.8249,0.130865,4.19472e-05,0.443554,0.262847,0.328559,0.164279,0.0985676,0.147851,0.0821397,0.0328559,0.0492838,0,0,0.0164279,0,0.0164279,0.0164279,0.0164279,0,0.0164279,0,0,0,0,0,0,0,0,0,0,0,0,0,0,0,0,0,0
60428,60453,60440,9,-104.989,39.8756,330.944,-28.979,334.895,1.77083,0.183319,8.45953,0.13844,4.31964e-05,0.391231,0.308866,0.18532,0.267684,0.247093,0.0617733,0.144138,0.0205911,0.0411822,0.0205911,0,0.0411822,0.0205911,0,0,0,0,0,0,0.0205911,0,0,0,0,0,0,0,0,0,0,0,0,0,0,0,0
60455,60479,60467,9.1,-104.983,39.8758,326.539,-29.7668,335.093,1.75329,0.192942,7.28611,0.11329,2.86965e-05,0.384055,0.400753,0.200376,0.16698,0.116886,0.0667922,0.0667922,0.0667922,0.0333961,0.016698,0.016698,0.0333961,0.016698,0.116886,0.0500941,0,0,0,0,0,0,0,0,0,0,0,0,0,0,0,0,0,0,0,0,0
60480,60501,60490,9.2,-104.978,39.876,321.886,-30.5791,335.348,1.83445,0.231112,11.943,0.155029,7.59671e-05,0.472797,0.321502,0.321502,0.132383,0.132383,0.0945595,0.0567357,0.0945595,0.0378238,0,0,0.0378238,0,0.0567357,0,0.0378238,0.0189119,0.0189119,0,0,0,0,0,0,0,0,0,0,0,0,0,0,0,0,0,0
60502,60527,60514,9.3,-104.972,39.8762,317.7,-31.3928,335.476,1.79434,0.169345,5.8749,0.104076,2.12225e-05,0.503085,0.402468,0.184464,0.134156,0.234773,0.067078,0.100617,0.0503085,0,0,0.0167695,0.0167695,0,0.067078,0,0.0167695,0,0,0,0,0,0,0,0,0,0,0,0,0,0,0,0,0,0,0,0
60528,60550,60539,9.4,-104.967,39.8764,313.174,-32.3087,335.577,1.97583,0.253166,15.3848,0.182309,8.27396e-05,0.384674,0.384674,0.227307,0.227307,0.227307,0.0699408,0.0699408,0.104911,0.0699408,0.0524556,0.0174852,0.0349704,0,0.0524556,0.0174852,0,0,0.0174852,0,0,0,0,0.0174852,0,0,0,0,0,0,0,0,0,0,0,0,0
60551,60567,60559,9.5,-104.962,39.8767,308.742,-33.095,335.847,2.64648,0.266266,8.57766,0.0966439,2.13836e-05,0.602663,0.314433,0.314433,0.262027,0.157216,0.183419,0.0786082,0.262027,0.0524055,0.0524055,0.104811,0.0262027,0.131014,0.104811,0,0,0,0,0,0,0,0,0,0,0,0,0,0,0,0,0,0,0,0,0,0
60568,60595,60582,9.6,-104.956,39.8771,304.426,-33.6536,336.417,2.95478,0.334928,14.3043,0.128126,7.18594e-05,0.599955,0.599955,0.374972,0.389971,0.209984,0.164988,0.0599955,0.0899933,0.104992,0.0749944,0.0299978,0.0599955,0.0149989,0.0749944,0.0599955,0.0149989,0.0299978,0,0,0,0,0,0,0,0,0,0,0,0,0,0,0,0,0,0,0
60596,60622,60609,9.7,-104.95,39.8778,300.008,-34.4941,336.64,3.06044,0.391934,26.2502,0.200928,0.000136937,0.706256,0.580699,0.439448,0.282502,0.298197,0.141251,0.156946,0.0941675,0.0941675,0.0313892,0.0784729,0,0.0313892,0.0627783,0.0156946,0,0,0,0,0,0,0.0156946,0.0313892,0,0,0,0,0,0,0,0,0,0,0,0,0
60623,60648,60636,9.8,-104.943,39.8784,295.893,-35.3669,336.734,2.33773,0.340975,21.1083,0.185717,0.000133074,0.408695,0.392347,0.228869,0.277912,0.245217,0.261565,0.0817389,0.0980867,0.0490434,0.0163478,0,0.0163478,0.0490434,0.114434,0.0163478,0.0326956,0,0,0.0163478,0,0.0326956,0,0,0,0,0,0,0,0,0,0,0,0,0,0,0
60649,60677,60663,9.9,-104.937,39.8789,291.75,-36.2418,336.851,1.88248,0.298355,19.4711,0.195784,0.000128558,0.505056,0.367313,0.26018,0.168352,0.0612189,0.0612189,0.0306094,0.107133,0,0.0306094,0.0153047,0.0306094,0.0153047,0.107133,0.0306094,0.0306094,0.0306094,0,0.0153047,0,0,0.0153047,0,0,0,0,0,0,0,0,0,0,0,0,0,0
60677,60699,60688,10,-104.932,39.8795,287.848,-36.9964,337.069,1.35927,0.157776,7.38801,0.140478,4.2635e-05,0.427199,0.31069,0.116509,0.116509,0.0776726,0.0194181,0.0582544,0.0582544,0.0194181,0.0194181,0.0582544,0,0,0.0194181,0.0194181,0.0194181,0.0194181,0,0,0,0,0,0,0,0,0,0,0,0,0,0,0,0,0,0,0
60701,60717,60709,10.1,-104.927,39.8804,283.404,-37.8544,337.342,0.854375,0.165021,14.8884,0.270663,8.98533e-05,0.186894,0.0800976,0.106797,0.106797,0.106797,0.0533984,0.0266992,0,0.0533984,0.0266992,0.0266992,0.0266992,0,0,0,0.0266992,0,0,0,0,0,0,0.0266992,0,0,0,0,0,0,0,0,0,0,0,0,0
60718,60737,60728,10.2,-104.923,39.8814,279.445,-38.6006,337.628,1.13116,0.280695,24.6872,0.263851,0.000171474,0.201095,0.175958,0.175958,0.100548,0.0502738,0.0251369,0.0502738,0.0502738,0,0.0251369,0,0.0251369,0,0.125684,0.0502738,0,0,0,0.0251369,0,0.0251369,0.0251369,0,0,0,0,0,0,0,0,0,0,0,0,0,0
60738,60756,60747,10.3,-104.919,39.8831,275.376,-39.4818,337.769,0.993896,0.171044,14.6415,0.256802,8.7241e-05,0.305814,0.203876,0.0254845,0.0764536,0.127423,0.050969,0.050969,0.0254845,0.0254845,0,0.0254845,0,0,0.0254845,0,0.0254845,0,0,0,0,0,0,0.0254845,0,0,0,0,0,0,0,0,0,0,0,0,0
60758,60781,60770,10.4,-104.914,39.8851,271.217,-40.4041,337.903,0.942652,0.0965478,3.69823,0.114914,1.6442e-05,0.13747,0.13747,0.196386,0.0589157,0.13747,0.0785543,0.0589157,0.0785543,0,0.0196386,0.0196386,0,0,0,0,0.0196386,0,0,0,0,0,0,0,0,0,0,0,0,0,0,0,0,0,0,0,0
60782,60808,60795,10.5,-104.907,39.8874,267.496,-41.3108,337.918,0.923264,0.0764405,2.18092,0.0855928,4.12761e-06,0.235342,0.253445,0.181032,0.0362064,0.0905161,0.0362064,0,0.0181032,0.0181032,0.0181032,0.0181032,0,0,0.0181032,0,0,0,0,0,0,0,0,0,0,0,0,0,0,0,0,0,0,0,0,0,0
60809,60835,60822,10.6,-104.901,39.8895,263.645,-42.1805,338.048,0.593512,0.138287,10.9293,0.237101,8.55869e-05,0.0791349,0.0791349,0.0989186,0.0989186,0.0593512,0.0395674,0,0,0.0197837,0.0197837,0,0,0,0.0197837,0,0.0395674,0,0,0.0395674,0,0,0,0,0,0,0,0,0,0,0,0,0,0,0,0,0
60836,60861,60848,10.7,-104.894,39.8916,259.821,-42.9229,338.371,0.820479,0.138969,10.0608,0.217188,7.0606e-05,0.164096,0.0911644,0.145863,0.0729315,0.0729315,0.0182329,0.0546986,0.0364657,0.0364657,0,0.0182329,0.0182329,0.0182329,0.0364657,0,0,0,0,0,0.0364657,0,0,0,0,0,0,0,0,0,0,0,0,0,0,0,0
60862,60888,60875,10.8,-104.887,39.8937,255.821,-43.516,339,0.857444,0.0966678,4.43221,0.13755,2.47609e-05,0.227485,0.104993,0.15749,0.122492,0.0874943,0.0174989,0.0349977,0.0349977,0,0,0,0,0.0349977,0,0.0174989,0,0.0174989,0,0,0,0,0,0,0,0,0,0,0,0,0,0,0,0,0,0,0
60889,60912,60900,10.9,-104.881,39.8955,252.159,-44.3005,339.234,1.11483,0.101754,3.10773,0.0916248,7.09406e-06,0.262312,0.240453,0.0874375,0.109297,0.109297,0.109297,0.0437187,0.0218594,0.0437187,0.0437187,0,0,0,0.0437187,0,0,0,0,0,0,0,0,0,0,0,0,0,0,0,0,0,0,0,0,0,0
60913,60931,60922,11,-104.875,39.8971,248.958,-45.0722,339.328,1.24454,0.1241,4.29937,0.103934,1.45275e-05,0.122014,0.366041,0.292833,0.0732082,0.0488055,0.0976109,0.0488055,0.0732082,0.0244027,0,0.0244027,0,0,0.0488055,0.0244027,0,0,0,0,0,0,0,0,0,0,0,0,0,0,0,0,0,0,0,0,0
60939,60959,60949,11.1,-104.867,39.8992,244.506,-46.1221,339.51,1.41739,0.37235,34.247,0.275926,0.000242692,0.232359,0.185887,0.185887,0.0232359,0.209123,0.139415,0.0697077,0.0232359,0.0232359,0,0.0464718,0.0232359,0,0.0697077,0.0464718,0.0464718,0,0,0,0.0464718,0.0232359,0,0.0232359,0,0,0,0,0,0,0,0,0,0,0,0,0
60960,60982,60971,11.2,-104.862,39.9009,241.141,-46.9223,339.658,1.10056,0.163434,9.25182,0.169827,6.301e-05,0.360184,0.0800409,0.220112,0.0600307,0.0400204,0.0400204,0.0400204,0.0200102,0.0800409,0,0.0200102,0,0.0200102,0.0400204,0.0200102,0.0400204,0,0.0200102,0,0,0,0,0,0,0,0,0,0,0,0,0,0,0,0,0,0
60984,61006,60995,11.3,-104.855,39.9026,237.468,-47.4955,340.287,1.56476,0.207027,14.0297,0.203302,7.76895e-05,0.461402,0.320976,0.300915,0.0802439,0.100305,0.020061,0.100305,0.040122,0,0.020061,0.020061,0,0,0.040122,0.020061,0.020061,0,0,0,0,0,0,0.020061,0,0,0,0,0,0,0,0,0,0,0,0,0
61007,61022,61014,11.4,-104.851,39.904,234.208,-48.026,340.831,1.45015,0.264772,18.8555,0.213643,0.00013298,0.177569,0.384733,0.295948,0.147974,0.0295948,0.0591897,0.0591897,0.0591897,0,0,0.0295948,0,0,0.0591897,0.0591897,0.0295948,0.0295948,0,0,0,0.0295948,0,0,0,0,0,0,0,0,0,0,0,0,0,0,0
61024,61044,61034,11.5,-104.846,39.9056,230.593,-48.589,341.49,1.04525,0.133085,8.34231,0.188052,4.97414e-05,0.244632,0.155675,0.155675,0.111196,0.0444785,0.0667178,0.0667178,0.0444785,0.088957,0,0.0222393,0.0222393,0,0,0,0,0,0,0,0,0.0222393,0,0,0,0,0,0,0,0,0,0,0,0,0,0,0
61045,61069,61057,11.6,-104.841,39.908,226.963,-49.467,341.701,0.873204,0.106704,4.67957,0.131567,2.43028e-05,0.155236,0.174641,0.155236,0.0388091,0.0970227,0.0194045,0.0582136,0.0194045,0.0194045,0,0.0388091,0,0.0194045,0.0388091,0.0194045,0.0194045,0,0,0,0,0,0,0,0,0,0,0,0,0,0,0,0,0,0,0,0
61071,61094,61082,11.7,-104.835,39.9103,223.44,-50.2857,341.976,0.916571,0.187194,15.9628,0.255823,9.97091e-05,0.213156,0.106578,0.106578,0.0639468,0.0852624,0.0852624,0,0.0213156,0.0426312,0,0,0.0639468,0,0.0639468,0.0213156,0,0,0,0.0213156,0,0,0,0.0213156,0,0,0,0,0,0,0,0,0,0,0,0,0
61095,61123,61109,11.8,-104.829,39.9124,220.17,-50.8087,342.615,0.582206,0.0695315,2.59353,0.1119,9.20408e-06,0.0582206,0.155255,0.0776274,0.0388137,0.0582206,0.0194069,0.0194069,0.0194069,0,0.0194069,0,0,0.0194069,0.0970343,0,0,0,0,0,0,0,0,0,0,0,0,0,0,0,0,0,0,0,0,0,0
61124,61152,61138,11.9,-104.823,39.9145,216.854,-51.3623,343.247,0.705281,0.101687,6.1303,0.180858,3.87194e-05,0.223626,0.103212,0.0860099,0.0688079,0.034404,0.017202,0.017202,0.017202,0.017202,0,0,0.017202,0,0.0860099,0,0,0,0,0,0.017202,0,0,0,0,0,0,0,0,0,0,0,0,0,0,0,0
61154,61182,61168,12,-104.817,39.9164,213.523,-51.3188,344.837,0.885263,0.108627,4.42204,0.122125,1.94385e-05,0.226025,0.131848,0.113012,0.0565062,0.0565062,0.0376708,0.0376708,0.0188354,0.0188354,0,0.0565062,0.0188354,0,0.0753415,0.0376708,0,0,0,0,0,0,0,0,0,0,0,0,0,0,0,0,0,0,0,0,0
61183,61212,61198,12.1,-104.812,39.9182,210.341,-51.7386,345.66,1.68084,0.221755,12.2357,0.16553,7.3211e-05,0.544271,0.288144,0.208104,0.128064,0.0480239,0.0640319,0.0640319,0.0640319,0.016008,0.032016,0,0.0480239,0.032016,0.0640319,0.032016,0.032016,0,0,0,0,0.016008,0,0,0,0,0,0,0,0,0,0,0,0,0,0,0
61213,61243,61228,12.2,-104.807,39.92,207.118,-51.9575,346.847,2.13736,0.274469,15.4474,0.168843,7.88033e-05,0.590166,0.38281,0.255207,0.143554,0.207355,0.0957025,0.0319008,0.0957025,0.0478513,0.0159504,0.0319008,0,0.0159504,0.159504,0.0319008,0.0159504,0,0,0,0,0,0,0.0159504,0,0,0,0,0,0,0,0,0,0,0,0,0
