data/B2SAP/Locations/Boulder/NOAA-POPS-B2SAP_GMLBalloon_20210603_R0.ict
61,1001
Thornberry, T. D.
NOAA Chemical Sciences Laboratory
Portable Optical Particle Spectrometer (POPS)
Balloon Baseline Stratospheric Aerosol Profiles (B2SAP)
1,1
2021,06,03,2024,05,30
0
TIME_START,s,Seconds since midnight UTC on flight start day,Start time of 100 m altitude bin in UTC_seconds_since_midnight
28
1.0,1.0,1.0,1.0,1.0,1.0,1.0,1.0,1.0,1.0,1.0,1.0,1.0,1.0,1.0,1.0,1.0,1.0,1.0,1.0,1.0,1.0,1.0,1.0,1.0,1.0,1.0,1.0
99999,99999,99999,99999,99999,99999,99999,99999,99999,99999,99999,99999,99999,99999,99999,99999,99999,99999,99999,99999,99999,99999,99999,99999,99999,99999,99999,99999
TIME_STOP,s,End time of 100 m altitude bin in UTC seconds since midnight,
TIME_MID,s,Mid time of 100 m altitude in UTC seconds since midnight,
GPSAlt,m,GPS reported altitude above sea level (m),
GPS_Lon,deg,GPS reported longitude,
GPS_Lat,deg,GPS reported latitude,
iMet_Pressure,mb,Pressure reported (mB),
iMet_Temperature,degrees C,Ambient temperature (oC),
THETA,K,Potential temperature from iMet,
Aerosol_concentration,cm^-3,Aerosol concentration,
Surface_Area_Conc,um^2 cm^-3,Surface area concentration,
Volume_density,um^3 cm^-3,Volume density,
Effective_radius,um,Effective radius,
Extinction,km^-1,Extinction,
Bin01,cm^-3,particle concentration in size range [140 - 170 nm],
Bin02,cm^-3,particle concentration in size range [170 - 205 nm],
Bin03,cm^-3,particle concentration in size range [205 - 249 nm],
Bin04,cm^-3,particle concentration in size range [249 - 302 nm],
Bin05,cm^-3,particle concentration in size range [302 - 366 nm],
Bin06,cm^-3,particle concentration in size range [366 - 443 nm],
Bin07,cm^-3,particle concentration in size range [443 - 537 nm],
Bin08,cm^-3,particle concentration in size range [537 - 651 nm],
Bin09,cm^-3,particle concentration in size range [651 - 789 nm],
Bin10,cm^-3,particle concentration in size range [789 - 956 nm],
Bin11,cm^-3,particle concentration in size range [956 - 1159 nm],
Bin12,cm^-3,particle concentration in size range [1159 - 1404 nm],
Bin13,cm^-3,particle concentration in size range [1404 - 1702 nm],
Bin14,cm^-3,particle concentration in size range [1702 - 2062 nm],
Bin15,cm^-3,particle concentration in size range [2062 - 2500 nm],
0
19
PI_CONTACT_INFO: 325 Broadway R/CSL6, Boulder, CO 80305; troy.thornberry@noaa.gov; 303-497-3373 
PLATFORM: GML ECC/FPH balloon
LOCATION: Boulder, CO, USA
ASSOCIATED_DATA: N/A
INSTRUMENT_INFO: Printed Optical Particle Spectrometer counts particles from 140 - 2500 nm in diameter 
DATA_INFO: Particle concentrations reported in number per cubic centimeter, binned to 100 m altitude
UNCERTAINTY: Counting uncertainty dominated by air flow, less than 5 percent
ULOD_FLAG: -77777
ULOD_VALUE: 3000 ~3000 per cm3 (varies depending on flow rate- manufacturer quotes 1250  per cm3 at 1.667 cc/s)
LLOD_FLAG: -88888
LLOD_VALUE: 0 0 (varies depending on data field and measurement precision)
DM_CONTACT_INFO: Troy Thornberry, 325 Broadway R/CSL6, Boulder, CO 80305; troy.thornberry@noaa.gov; 303-497-3373
PROJECT_INFO: B2SAP Boulder, CO, USA
STIPULATIONS_ON_USE: Please contact the PIs for questions regarding applications and uncertainties
OTHER_COMMENTS: POPS bin Edges (nm):  140, 170, 205, 249, 302, 366, 443, 537, 651, 789, 956, 1159, 1404, 1702, 2062, 2500
Calculations assume sulfate refractive index of 1.45+0.00j and extinction wavelength = 532 nm
REVISION: R0
R0: QA/QC data
TIME_START,TIME_STOP,TIME_MID,GPSAlt,GPS_Lon,GPS_Lat,iMet_Pressure,iMet_Temperature,THETA,Aerosol_concentration,Surface_Area_Conc,Volume_density,Effective_radius,Extinction,Bin01,Bin02,Bin03,Bin04,Bin05,Bin06,Bin07,Bin08,Bin09,Bin10,Bin11,Bin12,Bin13,Bin14,Bin15
[from data line 316]
64485,64497,64491,24.6,-105.478,39.6419,27.1208,-51.6783,620.79,1.36188,0.248985,12.4661,0.150203,7.1848e-05,0.501747,0.26282,0.143356,0.143356,0.215034,0.0477854,0.0477854,0,0,0,0,0,0,0,0
64498,64510,64504,24.5,-105.479,39.6413,27.5336,-51.52,618.572,1.61494,0.304254,17.6295,0.17383,0.000111521,0.538312,0.384509,0.281973,0.205071,0.0512679,0.0769018,0.0512679,0,0.0256339,0,0,0,0,0,0
64511,64522,64516,24.4,-105.479,39.6407,27.9767,-52.3008,613.583,1.67099,0.337075,18.1965,0.16195,0.000112253,0.376561,0.447166,0.353026,0.164745,0.117675,0.14121,0.0470701,0.023535,0,0,0,0,0,0,0
64523,64535,64529,24.3,-105.479,39.6404,28.487,-53.324,607.599,1.78553,0.320567,15.9065,0.14886,9.02764e-05,0.781168,0.195292,0.306887,0.0557977,0.278989,0.139494,0.0278989,0,0,0,0,0,0,0,0
64536,64548,64542,24.2,-105.48,39.6403,28.8842,-53.5458,604.574,2.27119,0.399804,20.0004,0.150077,0.000112809,0.834314,0.393981,0.393981,0.30128,0.139052,0.162228,0.0231754,0.0231754,0,0,0,0,0,0,0
64549,64561,64555,24.1,-105.48,39.64,29.4031,-54.0215,600.212,1.85397,0.347143,17.9982,0.15554,0.000106504,0.653103,0.421357,0.105339,0.29495,0.231746,0.0842714,0.0421357,0.0210678,0,0,0,0,0,0,0
64562,64574,64568,24,-105.48,39.6395,29.9277,-53.6362,598.23,1.91969,0.420826,25.4041,0.181102,0.000166766,0.66772,0.33386,0.229529,0.271261,0.104331,0.250395,0,0.0417325,0.0208662,0,0,0,0,0,0
64575,64587,64581,23.9,-105.48,39.6389,30.47,-53.435,595.725,1.80223,0.315994,15.6745,0.148811,8.78511e-05,0.533994,0.489494,0.266997,0.200248,0.200248,0.0667492,0.0222497,0.0222497,0,0,0,0,0,0,0
64588,64599,64594,23.8,-105.479,39.6386,30.79,-53.7936,592.964,1.83838,0.446996,26.3534,0.17687,0.000176577,0.362838,0.31446,0.411217,0.217703,0.266082,0.120946,0.0967569,0.0483785,0,0,0,0,0,0,0
64601,64613,64607,23.7,-105.479,39.6387,31.27,-53.6609,590.717,2.34727,0.534042,29.8779,0.16784,0.00018825,0.526939,0.479036,0.311373,0.359277,0.359277,0.215566,0.0479036,0.0479036,0,0,0,0,0,0,0
64614,64628,64621,23.6,-105.478,39.639,31.8564,-54.075,586.484,2.24096,0.516403,29.7147,0.172625,0.000194495,0.541566,0.429518,0.31747,0.448193,0.130723,0.224096,0.112048,0.0373494,0,0,0,0,0,0,0
64629,64642,64636,23.5,-105.479,39.6396,32.5442,-54.7483,581.127,2.35264,0.514687,27.6952,0.161429,0.000168204,0.561179,0.388509,0.410093,0.345341,0.366925,0.194254,0.0647515,0.0215838,0,0,0,0,0,0,0
64643,64656,64650,23.4,-105.479,39.6403,32.9321,-54.6479,579.414,2.23593,0.425915,21.034,0.148156,0.000115304,0.6048,0.439855,0.293236,0.513164,0.183273,0.146618,0.0549818,0,0,0,0,0,0,0,0
64657,64670,64664,23.3,-105.479,39.6409,33.3321,-54.7436,577.174,2.72198,0.576129,34.4911,0.179601,0.000208251,0.83474,0.453663,0.453663,0.399224,0.290344,0.181465,0.0725861,0.0181465,0,0.0181465,0,0,0,0,0
64671,64685,64678,23.2,-105.479,39.6412,34.0315,-54.1638,575.276,2.50826,0.532819,29.4551,0.165845,0.000187275,0.752479,0.405181,0.405181,0.424475,0.173649,0.192943,0.13506,0.0192943,0,0,0,0,0,0,0
64686,64699,64692,23.1,-105.479,39.641,34.3667,-54.2708,573.391,3.02324,0.782481,48.4273,0.185668,0.000334019,0.72475,0.5798,0.331314,0.43485,0.331314,0.372729,0.186364,0.0414143,0.0207071,0,0,0,0,0,0
64700,64712,64706,23,-105.479,39.6407,34.8692,-54.4117,570.656,2.65658,0.513658,29.2133,0.170619,0.000180312,0.638402,0.906119,0.411872,0.205936,0.247123,0.164749,0.0411872,0,0.0411872,0,0,0,0,0,0
64713,64728,64720,22.9,-105.479,39.6405,35.4721,-54.5714,567.445,2.42932,0.536794,31.4291,0.175649,0.000205096,0.664132,0.506837,0.332066,0.36702,0.24468,0.174771,0.0873857,0.0349543,0.0174771,0,0,0,0,0,0
64729,64742,64736,22.8,-105.48,39.6403,36.1709,-55.1582,562.784,2.63618,0.550193,31.0139,0.169107,0.000198832,0.759578,0.647876,0.245746,0.469151,0.178724,0.201065,0.0670216,0.0670216,0,0,0,0,0,0,0
64743,64756,64750,22.7,-105.48,39.6399,36.715,-55.8883,558.502,2.70779,0.637206,37.1007,0.174672,0.000245249,0.717976,0.389758,0.430786,0.451299,0.307704,0.22565,0.123082,0.0615408,0,0,0,0,0,0,0
64757,64767,64762,22.6,-105.48,39.6395,37.2378,-56.3767,555.012,2.57683,0.705227,44.1343,0.187745,0.000300421,0.438609,0.301544,0.520848,0.493435,0.328957,0.301544,0.109652,0.0548262,0.0274131,0,0,0,0,0,0
64770,64783,64776,22.5,-105.48,39.6389,37.9277,-56.3038,552.281,2.60279,0.698335,42.7773,0.183769,0.000295231,0.550955,0.417966,0.303975,0.436964,0.379969,0.284977,0.151988,0.0759938,0,0,0,0,0,0,0
64784,64797,64790,22.4,-105.48,39.6385,38.4517,-56.2267,550.327,2.91305,0.586834,30.6544,0.156711,0.000183468,0.69749,0.718005,0.492346,0.36926,0.287202,0.225659,0.123087,0,0,0,0,0,0,0,0
64798,64812,64805,22.3,-105.48,39.6382,39.1946,-56.8077,545.852,2.7193,0.582309,31.9684,0.164698,0.000200008,0.703596,0.532451,0.43737,0.380322,0.34229,0.190161,0.0950805,0.0380322,0,0,0,0,0,0,0
64813,64827,64820,22.2,-105.481,39.6381,39.8629,-57.5221,541.439,2.76733,0.581719,32.7354,0.168821,0.000204209,0.709573,0.585398,0.408004,0.53218,0.230611,0.177393,0.0709573,0.0354786,0.0177393,0,0,0,0,0,0
64828,64842,64835,22.1,-105.482,39.638,40.5183,-58.1042,537.451,2.66085,0.615403,34.4604,0.16799,0.000217625,0.623637,0.457334,0.332607,0.49891,0.374182,0.249455,0.0831516,0.0415758,0,0,0,0,0,0,0
64843,64855,64849,22,-105.483,39.6377,41.2217,-58.6342,533.509,3.05874,0.745495,42.8994,0.172635,0.000277863,0.478578,0.64504,0.561809,0.499386,0.353732,0.353732,0.104039,0.0624232,0,0,0,0,0,0,0
64858,64871,64864,21.9,-105.483,39.6374,41.8362,-58.4869,531.62,3.36797,0.772931,45.1809,0.175362,0.000296708,0.654349,0.789068,0.673594,0.442648,0.327174,0.250192,0.17321,0.0384911,0.0192456,0,0,0,0,0,0
64872,64886,64879,21.8,-105.483,39.6373,42.5483,-59.1908,527.329,2.95047,0.760554,45.8105,0.180699,0.000315121,0.606835,0.62776,0.460357,0.272029,0.334805,0.397581,0.209253,0.0418507,0,0,0,0,0,0,0
64887,64902,64894,21.7,-105.483,39.6372,43.22,-58.3958,526.93,2.93508,0.680739,41.8276,0.184333,0.000261929,0.81183,0.478772,0.437139,0.416323,0.395507,0.228978,0.145713,0,0,0.0208162,0,0,0,0,0
64903,64918,64910,21.6,-105.483,39.6372,43.9927,-58.1933,524.759,3.39607,0.691061,36.7291,0.159447,0.00021557,0.782427,0.815722,0.499422,0.532716,0.432832,0.249711,0.0499422,0.0166474,0.0166474,0,0,0,0,0,0
64919,64934,64926,21.5,-105.484,39.6372,44.5753,-57.7907,523.77,2.98521,0.698013,39.5088,0.169805,0.00025666,0.700441,0.567024,0.433606,0.400252,0.416929,0.266835,0.183449,0.0166772,0,0,0,0,0,0,0
64935,64951,64943,21.4,-105.484,39.6373,45.4623,-57.4046,521.761,2.98306,0.651332,37.6246,0.173297,0.000248323,0.764887,0.650154,0.592788,0.344199,0.191222,0.248588,0.114733,0.0764887,0,0,0,0,0,0,0
64952,64967,64960,21.3,-105.484,39.6374,46.0493,-58.3314,517.618,3.33362,0.705387,38.4558,0.163552,0.000239177,0.914057,0.627294,0.501835,0.519758,0.358454,0.250918,0.125459,0.0358454,0,0,0,0,0,0,0
64968,64984,64976,21.2,-105.485,39.6376,46.6407,-58.2279,515.988,3.08123,0.709895,40.4798,0.171067,0.000261343,0.895706,0.412025,0.483681,0.429939,0.340368,0.376197,0.0895706,0.0537424,0,0,0,0,0,0,0
64985,64998,64992,21.1,-105.485,39.638,47.5817,-57.7017,514.301,3.17025,0.690864,39.2796,0.170567,0.000251046,0.824265,0.570645,0.612915,0.486105,0.232485,0.25362,0.16908,0,0.021135,0,0,0,0,0,0
64999,65014,65006,21,-105.486,39.6384,48.3138,-56.7131,514.419,3.13468,0.677726,41.3694,0.183124,0.000269582,0.862564,0.757373,0.315572,0.56803,0.357648,0.105191,0.0841526,0.0210381,0.0631144,0,0,0,0,0,0
65015,65031,65023,20.9,-105.487,39.6386,49.0479,-56.8136,511.96,3.68696,0.731364,39.6992,0.162843,0.000247811,1.17047,0.760802,0.487694,0.526709,0.390155,0.156062,0.136554,0.0585233,0,0,0,0,0,0,0
65032,65047,65040,20.8,-105.487,39.6385,49.8179,-57.1357,508.935,3.34081,0.632239,33.3892,0.158433,0.000202548,0.957307,0.93777,0.351664,0.566569,0.195369,0.175832,0.117221,0.0390737,0,0,0,0,0,0,0
65048,65063,65056,20.7,-105.488,39.6381,50.5769,-56.7485,507.644,3.52404,0.793538,46.5275,0.175899,0.000307763,0.901987,0.755152,0.545388,0.419529,0.461482,0.188788,0.188788,0.0419529,0.0209764,0,0,0,0,0,0
65064,65078,65071,20.6,-105.489,39.638,51.3446,-57.6638,503.328,4.10573,0.950024,61.3977,0.193883,0.000374663,1.12167,0.846542,0.402107,0.71956,0.486761,0.402107,0.0634906,0,0.0211635,0.0423271,0,0,0,0,0
65079,65095,65087,20.5,-105.49,39.6379,52.2746,-57.7038,500.659,4.1443,0.936989,52.8629,0.169253,0.000339028,1.136,0.673186,0.525926,0.736297,0.483852,0.35763,0.168296,0.0631111,0,0,0,0,0,0,0
65096,65111,65104,20.4,-105.491,39.6379,53.0169,-58.1554,497.599,3.46831,0.784724,46.2365,0.176762,0.000305838,0.914954,0.766008,0.510672,0.404282,0.340448,0.31917,0.148946,0.042556,0.021278,0,0,0,0,0,0
65112,65127,65120,20.3,-105.491,39.6384,53.8262,-59.2554,492.923,4.05973,1.03479,63.8088,0.18499,0.000438014,0.892716,0.70142,0.637654,0.65891,0.467613,0.361337,0.212551,0.106276,0.0212551,0,0,0,0,0,0
65128,65143,65136,20.2,-105.492,39.6387,54.7227,-59.2973,490.491,3.82918,0.800321,44.5659,0.167055,0.000288911,1.15883,0.680183,0.654991,0.604607,0.25192,0.176344,0.277112,0.025192,0,0,0,0,0,0,0
65144,65160,65152,20.1,-105.492,39.6393,55.7008,-58.8715,488.999,3.41586,0.732585,41.7242,0.170864,0.00026546,0.918013,0.725871,0.384285,0.640474,0.405634,0.149444,0.128095,0.0426983,0.0213491,0,0,0,0,0,0
65162,65178,65170,20,-105.493,39.6396,56.58,-59.3092,485.821,3.94834,0.804426,43.4348,0.161984,0.000269681,1.33734,0.530691,0.72174,0.530691,0.297187,0.339642,0.169821,0.0212276,0,0,0,0,0,0,0
65179,65195,65187,19.9,-105.494,39.6395,57.5331,-59.2863,483.554,3.39543,0.862572,56.2963,0.195797,0.000380656,0.879021,0.60325,0.499836,0.499836,0.293007,0.36195,0.155121,0.0689428,0.0172357,0.0172357,0,0,0,0,0
65196,65211,65204,19.8,-105.495,39.6392,58.6408,-59.0225,481.524,3.80947,0.999527,64.2562,0.19286,0.000442304,0.761894,0.715718,0.531017,0.692631,0.507929,0.30014,0.161614,0.0692631,0.0692631,0,0,0,0,0,0
65214,65230,65222,19.7,-105.496,39.6393,59.5075,-58.7375,480.145,3.79166,0.958167,59.8215,0.1873,0.000411067,0.87323,0.781311,0.390656,0.735352,0.344696,0.390656,0.114899,0.137878,0.0229797,0,0,0,0,0,0
65232,65247,65240,19.6,-105.497,39.6393,60.5236,-58.9418,477.38,4.35098,1.08206,65.6191,0.181929,0.000440574,1.00601,0.779655,0.452703,0.955706,0.427553,0.427553,0.176051,0.100601,0.0251502,0,0,0,0,0,0
65248,65264,65256,19.5,-105.498,39.639,61.4936,-59.5918,473.763,4.25551,1.00351,56.4028,0.168616,0.000359589,0.982041,0.679874,0.629513,0.805777,0.402889,0.528791,0.201444,0.0251805,0,0,0,0,0,0,0
65266,65285,65276,19.4,-105.5,39.6386,62.4536,-59.4473,471.998,4.64709,1.13926,68.6385,0.180745,0.000460954,1.08601,0.883958,0.80819,0.555631,0.378839,0.656655,0.176792,0.0757679,0.025256,0,0,0,0,0,0
65286,65304,65295,19.3,-105.501,39.638,63.4982,-59.2236,470.257,4.1728,1.11154,69.7245,0.188184,0.000490219,0.854669,0.829532,0.603296,0.603296,0.402197,0.502746,0.201099,0.175961,0,0,0,0,0,0,0
65307,65323,65315,19.2,-105.501,39.6372,64.5608,-59.6825,467.027,4.91797,1.23941,80.4595,0.194752,0.000570503,1.34548,0.951117,0.719137,0.672741,0.324772,0.417564,0.324772,0.0927919,0.0695939,0,0,0,0,0,0
65324,65343,65334,19.1,-105.501,39.6362,65.7231,-60.7369,462.359,5.20391,1.04287,56.2018,0.161674,0.000340264,1.43195,1.06523,1.01284,0.55881,0.593735,0.366719,0.104777,0.0523884,0.0174628,0,0,0,0,0,0
65344,65361,65352,19,-105.502,39.6355,66.5053,-61.3493,459.463,5.35443,1.16418,67.1301,0.172989,0.000434855,1.54312,1.05973,0.725079,0.855221,0.446202,0.446202,0.148734,0.111551,0.0185918,0,0,0,0,0,0
65362,65381,65372,18.9,-105.502,39.6349,67.5676,-61.8576,456.298,6.57132,1.33369,76.3745,0.171797,0.000467417,1.8327,1.38691,1.13925,1.02367,0.561369,0.330217,0.19813,0.0495325,0.0330217,0.0165108,0,0,0,0,0
65382,65400,65391,18.8,-105.503,39.6344,68.6863,-62.1456,453.539,8.06895,1.54573,85.3971,0.165741,0.000528366,2.68965,1.82826,1.01961,1.12508,0.668017,0.404326,0.193373,0.087897,0.0527382,0,0,0,0,0,0
65401,65419,65410,18.7,-105.502,39.634,69.7288,-63.1806,449.378,8.98869,1.48136,70.4307,0.142634,0.000374578,2.99069,2.09349,1.61165,1.1132,0.631369,0.365529,0.116305,0.0664598,0,0,0,0,0,0,0
65420,65439,65430,18.6,-105.502,39.6339,71.0268,-63.4021,446.548,7.51817,1.37162,76.8159,0.168012,0.000477926,2.78396,1.56318,1.20589,0.967686,0.387074,0.282862,0.17865,0.0744374,0.0744374,0,0,0,0,0,0
65440,65457,65448,18.5,-105.503,39.6337,72.215,-62.9537,445.379,6.30143,1.26317,73.6206,0.174847,0.000470963,1.97587,1.49526,0.81883,0.854432,0.605222,0.26701,0.106804,0.106804,0.0712026,0,0,0,0,0,0
65459,65478,65468,18.4,-105.503,39.6332,73.5061,-63.6528,441.665,5.5599,1.12153,64.1283,0.171537,0.000394073,1.59104,1.32878,0.839231,0.716843,0.524519,0.314712,0.139872,0.0874199,0,0.017484,0,0,0,0,0
65479,65497,65488,18.3,-105.503,39.6328,74.6594,-63.4924,440.039,7.03792,1.21188,58.1818,0.144028,0.000313951,2.21667,1.42236,1.36694,1.03444,0.554167,0.240139,0.184722,0.0184722,0,0,0,0,0,0,0
65498,65516,65507,18.2,-105.503,39.6327,75.8624,-63.6112,437.782,8.7601,1.65679,87.2431,0.157974,0.000518236,2.42104,1.95901,1.71875,1.25672,0.646843,0.425068,0.203293,0.110887,0.0184812,0,0,0,0,0,0
65517,65536,65526,18.1,-105.503,39.6329,77.0281,-63.18,436.782,8.61579,1.44787,73.4659,0.152222,0.000396967,2.46725,2.48683,1.64483,0.920323,0.626603,0.274139,0.0979067,0.0783253,0,0.0195813,0,0,0,0,0
65537,65554,65546,18,-105.503,39.6332,78.2713,-62.764,435.64,11.5839,1.87193,88.7891,0.142296,0.000465571,3.53547,3.24431,2.14208,1.3102,0.623906,0.540719,0.103984,0.0623906,0.0207969,0,0,0,0,0,0
65555,65575,65565,17.9,-105.503,39.6338,79.6494,-62.7313,433.548,15.1025,2.22068,95.9552,0.129629,0.000440359,4.74148,4.09758,3.08294,2.08781,0.604881,0.292684,0.117074,0.0780491,0,0,0,0,0,0,0
65576,65594,65585,17.8,-105.504,39.6342,80.8888,-62.4181,432.277,12.6685,2.07027,100.645,0.145843,0.000549506,3.9504,3.69742,1.92655,1.63465,0.758943,0.369742,0.194601,0.116761,0.0194601,0,0,0,0,0,0
65597,65612,65604,17.7,-105.505,39.6343,82.3231,-63.3292,428.254,10.6232,1.76826,84.9848,0.144184,0.000450121,2.96292,2.98701,1.99937,1.30079,0.79493,0.385421,0.0963551,0.0722663,0.0240888,0,0,0,0,0,0
65615,65633,65624,17.6,-105.506,39.6342,83.5108,-63.7208,425.713,11.4438,1.77058,81.3042,0.137759,0.000408353,3.7102,3.0838,1.99965,1.56599,0.578212,0.289106,0.168645,0.0240922,0.0240922,0,0,0,0,0,0
65634,65653,65644,17.5,-105.507,39.6339,84.955,-63.5507,423.967,14.4785,2.16246,96.8384,0.134345,0.000467564,4.83362,3.87137,2.66296,1.94687,0.604202,0.358046,0.111889,0.0671336,0.0223779,0,0,0,0,0,0
65654,65673,65664,17.4,-105.508,39.6333,86.3447,-63.014,423.094,16.1884,2.27806,95.1834,0.125348,0.000415385,5.27064,4.70593,3.17912,1.90329,0.732034,0.230068,0.104576,0.0627457,0,0,0,0,0,0,0
65674,65693,65684,17.3,-105.509,39.6327,87.8113,-62.7094,421.673,20.3402,2.80853,124.736,0.13324,0.000592205,7.38404,5.8254,3.89659,2.27951,0.506557,0.136381,0.116898,0.116898,0.0779318,0,0,0,0,0,0
65694,65713,65704,17.2,-105.51,39.632,89.295,-62.39,420.292,26.1533,3.52125,155.466,0.132452,0.000580044,9.03573,7.57892,5.359,3.10441,0.676379,0.242803,0.0867153,0.0173431,0.0173431,0.0173431,0,0.0173431,0,0,0
65714,65733,65724,17.1,-105.511,39.6312,90.7833,-62.2244,418.648,28.783,3.5936,139.17,0.116181,0.000523078,11.1116,8.34239,5.38274,2.99426,0.640391,0.155771,0.0692314,0.0519236,0.0346157,0,0,0,0,0,0
65734,65754,65744,17,-105.512,39.6302,92.2733,-62.5161,416.117,33.1974,4.49646,209.632,0.139865,0.000850048,12.1301,9.61388,6.52494,3.59219,0.763557,0.312364,0.0694143,0.0520607,0.0867678,0.0347071,0,0,0.0173536,0,0
65755,65774,65764,16.9,-105.513,39.6294,93.8483,-63.6372,411.914,26.9932,3.84705,186.761,0.145639,0.000741449,9.0209,7.97802,5.3013,3.33721,0.782159,0.26072,0.121669,0.139051,0.0173813,0,0,0.0347626,0,0,0
65776,65795,65786,16.8,-105.514,39.6289,95.3967,-64.1156,409.056,21.4743,2.85439,116.887,0.12285,0.000495045,8.20817,5.98549,3.58779,2.59021,0.682556,0.192516,0.157513,0.0525043,0.0175014,0,0,0,0,0,0
65797,65817,65807,16.7,-105.515,39.6283,96.9967,-63.5589,408.196,21.4471,3.11804,147.815,0.142219,0.000691907,7.34924,6.00659,4.27528,2.40264,0.812656,0.335662,0.141332,0.0529993,0,0.0706658,0,0,0,0,0
