data/B2SAP/Locations/Boulder/NOAA-POPS-B2SAP_GMLBalloon_20230912_R0.ict
82,1001
Thornberry, T. D.
NOAA Chemical Sciences Laboratory
Portable Optical Particle Spectrometer (POPS)
Balloon Baseline Stratospheric Aerosol Profiles (B2SAP)
1,1
2023,09,12,2024,05,30
0
TIME_START,s,Seconds since midnight UTC on flight start day,Start time of 100 m altitude bin in UTC_seconds_since_midnight
49
1.0,1.0,1.0,1.0,1.0,1.0,1.0,1.0,1.0,1.0,1.0,1.0,1.0,1.0,1.0,1.0,1.0,1.0,1.0,1.0,1.0,1.0,1.0,1.0,1.0,1.0,1.0,1.0,1.0,1.0,1.0,1.0,1.0,1.0,1.0,1.0,1.0,1.0,1.0,1.0,1.0,1.0,1.0,1.0,1.0,1.0,1.0,1.0,1.0
99999,99999,99999,99999,99999,99999,99999,99999,99999,99999,99999,99999,99999,99999,99999,99999,99999,99999,99999,99999,99999,99999,99999,99999,99999,99999,99999,99999,99999,99999,99999,99999,99999,99999,99999,99999,99999,99999,99999,99999,99999,99999,99999,99999,99999,99999,99999,99999,99999
TIME_STOP,s,End time of 100 m altitude bin in UTC seconds since midnight,
TIME_MID,s,Mid time of 100 m altitude in UTC seconds since midnight,
GPSAlt,km,GPS reported altitude above sea level (km),
GPS_Lon,deg,GPS reported longitude,
GPS_Lat,deg,GPS reported latitude,
iMet_Pressure,hPa,Pressure reported (hPa),
iMet_Temperature,degrees C,Ambient temperature (oC),
THETA,K,Potential temperature from iMet,
Aerosol_concentration,cm^-3,Aerosol concentration,
Surface_Area_Conc,um^2 cm^-3,Surface area concentration,
Volume_density,um^3 cm^-3,Volume density,
Effective_radius,um,Effective radius,
Extinction,km^-1,Extinction,
Bin01,cm^-3,particle concentration in size range [140 - 146.14 nm],
Bin02,cm^-3,particle concentration in size range [146.14 - 152.56 nm],
Bin03,cm^-3,particle concentration in size range [152.56 - 159.25 nm],
Bin04,cm^-3,particle concentration in size range [159.25 - 166.24 nm],
Bin05,cm^-3,particle concentration in size range [166.24 - 173.54 nm],
Bin06,cm^-3,particle concentration in size range [173.54 - 181.16 nm],
Bin07,cm^-3,particle concentration in size range [181.16 - 189.11 nm],
Bin08,cm^-3,particle concentration in size range [189.11 - 197.41 nm],
Bin09,cm^-3,particle concentration in size range [197.41 - 206.07 nm],
Bin10,cm^-3,particle concentration in size range [206.07 - 215.12 nm],
Bin11,cm^-3,particle concentration in size range [215.12 - 224.56 nm],
Bin12,cm^-3,particle concentration in size range [224.56 - 234.41 nm],
Bin13,cm^-3,particle concentration in size range [234.41 - 244.70 nm],
Bin14,cm^-3,particle concentration in size range [244.70 - 361.30 nm],
Bin15,cm^-3,particle concentration in size range [361.30 - 472.80 nm],
Bin16,cm^-3,particle concentration in size range [472.80 - 567.00 nm],
Bin17,cm^-3,particle concentration in size range [567.00 - 610.66 nm],
Bin18,cm^-3,particle concentration in size range [610.66 - 657.69 nm],
Bin19,cm^-3,particle concentration in size range [657.69 - 708.33 nm],
Bin20,cm^-3,particle concentration in size range [708.33 - 762.88 nm],
Bin21,cm^-3,particle concentration in size range [762.88 - 821.62 nm],
Bin22,cm^-3,particle concentration in size range [821.62 - 884.89 nm],
Bin23,cm^-3,particle concentration in size range [884.89 - 953.03 nm],
Bin24,cm^-3,particle concentration in size range [953.03 - 1026.42 nm],
Bin25,cm^-3,particle concentration in size range [1026.42 - 1105.46 nm],
Bin26,cm^-3,particle concentration in size range [1105.46 - 1190.59 nm]],
[...]
LOCATION: Boulder, CO, USA
ASSOCIATED_DATA: N/A
INSTRUMENT_INFO: Printed Optical Particle Spectrometer counts particles from 140 - 2500 nm in diameter 
DATA_INFO: Particle concentrations reported in number per cubic centimeter, binned to 100 m altitude
UNCERTAINTY: Counting uncertainty dominated by air flow, less than 5 percent
ULOD_FLAG: -77777
ULOD_VALUE: 3000 ~3000 per cm3 (varies depending on flow rate- manufacturer quotes 1250  per cm3 at 1.667 cc/s)
LLOD_FLAG: -88888
LLOD_VALUE: 0 0 (varies depending on data field and measurement precision)
DM_CONTACT_INFO: Troy Thornberry, 325 Broadway R/CSL6, Boulder, CO 80305; troy.thornberry@noaa.gov; 303-497-3373
PROJECT_INFO: B2SAP Boulder, CO, USA
STIPULATIONS_ON_USE: Please contact the PIs for questions regarding applications and uncertainties
OTHER_COMMENTS: POPS bin Edges (nm):  140, 146.14, 152.56, 159.25, 166.24, 173.54, 181.16, 189.11, 197.41, 206.07, 215.12, 224.56, 234.41, 244.70, 361.30, 472.80, 567.00, 610.66, 657.69, 708.33, 762.88, 821.62, 884.89, 953.03, 1026.42, 1105.46, 1190.59, 1282.27, 1381.01, 1487.36, 1601.89, 1725.25, 1858.10, 2001.18, 2155.28, 2321.25, 2500
Calculations assume sulfate refractive index of 1.45+0.00j and extinction wavelength = 532 nm
REVISION: R0
R0: QA/QC data
TIME_START,TIME_STOP,TIME_MID,GPSAlt,GPS_Lon,GPS_Lat,iMet_Pressure,iMet_Temperature,THETA,Aerosol_concentration,Surface_Area_Conc,Volume_density,Effective_radius,Extinction,Bin01,Bin02,Bin03,Bin04,Bin05,Bin06,Bin07,Bin08,Bin09,Bin10,Bin11,Bin12,Bin13,Bin14,Bin15,Bin16,Bin17,Bin18,Bin19,Bin20,Bin21,Bin22,Bin23,Bin24,Bin25,Bin26,Bin27,Bin28,Bin29,Bin30,Bin31,Bin32,Bin33,Bin34,Bin35,Bin36
[from data line 51]
59732,59750,59741,6.8,-105.157,39.9276,441.534,-16.735,323.88,14.1849,2.28083,127.873,0.168193,0.00075342,2.44567,1.91207,1.4674,1.1339,1.02274,0.844868,0.600301,0.466901,0.555835,0.333501,0.400201,0.311267,0.355734,1.334,0.600301,0.244567,0.0222334,0.0222334,0.0444668,0.0222334,0,0,0.0444668,0,0,0,0,0,0,0,0,0,0,0,0,0
59750,59767,59758,6.9,-105.155,39.9269,436.008,-17.4756,324.107,16.4307,2.49216,123.847,0.149084,0.000694714,2.61397,1.93302,1.62549,1.2301,1.2301,0.988476,0.856679,0.658984,0.615051,0.637018,0.461289,0.527187,0.351458,1.84515,0.417356,0.351458,0.0219661,0,0.0219661,0.0219661,0.0219661,0,0,0,0,0,0,0,0,0,0,0,0,0,0,0
59769,59785,59777,7,-105.153,39.9262,430.168,-18.4111,324.168,10.4308,1.71099,95.4929,0.167435,0.000573509,2.00253,1.25433,0.660174,1.01227,0.880232,0.396105,0.41811,0.41811,0.396105,0.330087,0.352093,0.286076,0.110029,1.25433,0.308081,0.220058,0.0220058,0.0440116,0.0220058,0,0,0.0440116,0,0,0,0,0,0,0,0,0,0,0,0,0,0
59786,59801,59794,7.1,-105.152,39.9255,424.349,-19.3319,324.256,8.33041,1.34419,72.6021,0.162035,0.000443878,1.35904,0.654353,1.35904,0.629185,0.478181,0.453013,0.352344,0.377511,0.226507,0.478181,0.302009,0.176172,0.176172,0.704687,0.276841,0.251674,0.0251674,0,0.0251674,0,0.0251674,0,0,0,0,0,0,0,0,0,0,0,0,0,0,0
59803,59819,59811,7.2,-105.15,39.925,418.962,-20.17,324.366,7.5494,1.61301,116.806,0.217244,0.000800513,1.32704,0.766736,0.737246,0.442348,0.678266,0.471837,0.176939,0.235919,0.501327,0.324388,0.0884695,0.0884695,0.176939,0.707756,0.265409,0.265409,0.0294898,0.117959,0.0589797,0,0.0294898,0,0.0589797,0,0,0,0,0,0,0,0,0,0,0,0,0
59820,59835,59828,7.3,-105.149,39.9243,413.256,-21.1124,324.428,6.31222,1.19283,74.8487,0.188246,0.000498513,1.14335,0.643132,0.738411,0.547853,0.428755,0.214377,0.309656,0.214377,0.142918,0.190558,0.238197,0.119098,0.0952788,0.666952,0.238197,0.214377,0.0714591,0.0714591,0,0,0,0,0.0238197,0,0,0,0,0,0,0,0,0,0,0,0,0
59837,59853,59845,7.4,-105.147,39.9237,407.626,-21.7594,324.866,4.89968,1.25792,97.1768,0.231756,0.000710768,0.831597,0.539415,0.494463,0.35961,0.224756,0.269707,0.179805,0.20228,0.179805,0.157329,0.0224756,0.0899024,0.0899024,0.449512,0.20228,0.337134,0.112378,0.0674268,0.0224756,0,0,0.0449512,0.0224756,0,0,0,0,0,0,0,0,0,0,0,0,0
59854,59872,59863,7.5,-105.145,39.9231,402.251,-22.4905,325.152,2.21057,0.422839,25.6854,0.182235,0.000176683,0.407776,0.214619,0.128771,0.128771,0.171695,0.128771,0.150233,0.236081,0.0429238,0.0429238,0.0429238,0.0429238,0.0214619,0.214619,0.0858476,0.0858476,0.0429238,0,0.0214619,0,0,0,0,0,0,0,0,0,0,0,0,0,0,0,0,0
59873,59891,59882,7.6,-105.143,39.9225,396.725,-23.1467,325.586,2.22735,0.616646,47.6205,0.231675,0.00034268,0.34092,0.250008,0.136368,0.204552,0.136368,0.045456,0.0909121,0.0909121,0.0681841,0.0681841,0.022728,0,0,0.363648,0.136368,0.181824,0.022728,0,0.022728,0.022728,0,0,0.022728,0,0,0,0,0,0,0,0,0,0,0,0,0
59892,59909,59900,7.7,-105.141,39.922,391.125,-23.9772,325.824,3.42673,0.905918,67.158,0.222397,0.000513837,0.541063,0.405797,0.270532,0.31562,0.15781,0.225443,0.135266,0.0901772,0.0450886,0.0676329,0.0225443,0.0450886,0.112721,0.360709,0.15781,0.270532,0.0676329,0.112721,0,0,0,0.0225443,0,0,0,0,0,0,0,0,0,0,0,0,0,0
59910,59929,59920,7.8,-105.139,39.9213,385.793,-24.6381,326.236,7.44367,1.95749,149.906,0.229743,0.00113132,1.08022,0.962375,0.707051,0.549928,0.510648,0.274964,0.353525,0.216043,0.314245,0.196403,0.117842,0.117842,0.0785612,0.64813,0.353525,0.491007,0.157122,0.0392806,0.216043,0.0196403,0,0.0196403,0.0196403,0,0,0,0,0,0,0,0,0,0,0,0,0
59930,59957,59944,7.9,-105.136,39.9206,380.57,-25.3341,326.593,5.27558,0.660255,29.85,0.135629,0.000154133,1.05207,0.594647,0.503162,0.548905,0.426926,0.533657,0.274452,0.259205,0.243958,0.0914841,0.0914841,0.121979,0.0304947,0.365936,0.0609894,0.0152473,0,0.045742,0.0152473,0,0,0,0,0,0,0,0,0,0,0,0,0,0,0,0,0
59957,59987,59972,8,-105.132,39.9197,375.398,-26.193,326.735,5.08333,0.678521,36.596,0.161805,0.000192446,0.972821,0.767295,0.630278,0.520665,0.383648,0.369946,0.274034,0.205526,0.0959119,0.0822102,0.178122,0.0411051,0.0685085,0.301438,0.0959119,0.0548068,0,0.0137017,0,0,0,0,0.0274034,0,0,0,0,0,0,0,0,0,0,0,0,0
59987,60016,60002,8.1,-105.128,39.9187,370.276,-27.0917,326.827,4.73302,0.659733,40.4066,0.183741,0.000239077,1.08021,0.696451,0.696451,0.497465,0.369545,0.326905,0.127919,0.170559,0.0710664,0.127919,0.0568531,0.0426398,0.0710664,0.213199,0.0568531,0.0142133,0.0284266,0.0284266,0.0142133,0.0142133,0,0,0.0284266,0,0,0,0,0,0,0,0,0,0,0,0,0
60016,60045,60030,8.2,-105.124,39.918,365.116,-27.9466,327,4.34146,0.539591,26.9627,0.149906,0.000142993,0.799742,0.64265,0.414152,0.571245,0.314185,0.328466,0.242779,0.242779,0.199936,0.171373,0.0285622,0.0285622,0.0714056,0.157092,0.0714056,0.0142811,0,0,0,0.0142811,0.0285622,0,0,0,0,0,0,0,0,0,0,0,0,0,0,0
60045,60073,60059,8.3,-105.12,39.9172,360.16,-28.7904,327.149,4.14153,0.500238,20.3058,0.121777,8.93256e-05,0.724768,0.73956,0.591648,0.414153,0.192285,0.25145,0.177494,0.0887472,0.073956,0.192285,0.073956,0.073956,0.0591648,0.384571,0.073956,0.0147912,0.0147912,0,0,0,0,0,0,0,0,0,0,0,0,0,0,0,0,0,0,0
60073,60093,60083,8.4,-105.117,39.9164,355.471,-29.4875,327.438,4.69635,0.593198,26.1388,0.132192,0.000128958,0.99306,0.641351,0.599974,0.372397,0.413775,0.33102,0.103444,0.16551,0.16551,0.124132,0.082755,0.0206887,0.124132,0.413775,0.082755,0.0413775,0,0,0.0206887,0,0,0,0,0,0,0,0,0,0,0,0,0,0,0,0,0
60093,60108,60100,8.5,-105.115,39.9158,350.364,-30.4075,327.554,5.12822,0.686212,35.0809,0.153367,0.000170117,1.09333,0.728884,0.468568,0.286347,0.468568,0.312379,0.234284,0.208253,0.260316,0.130158,0.0780947,0.130158,0.208253,0.338411,0.130158,0.0260316,0,0,0,0,0,0,0.0260316,0,0,0,0,0,0,0,0,0,0,0,0,0
60109,60129,60119,8.6,-105.112,39.915,345.232,-31.2835,327.752,5.84852,0.876094,51.8754,0.177636,0.000314349,1.15293,0.859459,0.733685,0.398286,0.377324,0.335399,0.314436,0.188662,0.230587,0.146737,0.230587,0.125775,0.0838497,0.440211,0.0628873,0.0209624,0.0419248,0.0419248,0,0,0.0419248,0.0209624,0,0,0,0,0,0,0,0,0,0,0,0,0,0
60130,60159,60144,8.7,-105.109,39.9139,340.581,-32.0737,327.951,6.21823,0.703334,26.5624,0.113299,0.00010284,1.34937,0.904217,0.848573,0.54253,0.445153,0.375598,0.319954,0.13911,0.222576,0.153021,0.0973772,0.153021,0.0695551,0.459064,0.125199,0.013911,0,0,0,0,0,0,0,0,0,0,0,0,0,0,0,0,0,0,0,0
60159,60188,60174,8.8,-105.105,39.9125,335.713,-32.946,328.108,5.29476,0.542781,24.6725,0.136367,0.000101509,1.05895,0.974235,0.677729,0.578893,0.748326,0.352984,0.21179,0.21179,0.155313,0.0847161,0.0423581,0.0141194,0.0564774,0.0705968,0.0282387,0,0,0,0,0,0,0.0141194,0.0141194,0,0,0,0,0,0,0,0,0,0,0,0,0
60190,60219,60204,8.9,-105.101,39.9111,330.964,-33.7797,328.303,4.89438,0.568161,24.6699,0.130262,0.00012539,0.803976,0.888605,0.733452,0.535984,0.352621,0.310306,0.352621,0.183363,0.126944,0.112839,0.0564194,0.084629,0.0423145,0.155153,0.084629,0.0141048,0.0282097,0.0282097,0,0,0,0,0,0,0,0,0,0,0,0,0,0,0,0,0,0
60220,60247,60234,9,-105.098,39.9096,326.346,-34.5711,328.535,6.32065,0.712145,27.5713,0.116147,0.000113521,1.2853,1.01312,0.77118,0.604847,0.529241,0.378029,0.272181,0.25706,0.136091,0.105848,0.211696,0.151212,0.0604847,0.438514,0.0604847,0.0302424,0,0.0151212,0,0,0,0,0,0,0,0,0,0,0,0,0,0,0,0,0,0
60247,60275,60261,9.1,-105.094,39.9084,322.03,-35.4057,328.633,6.51776,0.919148,49.3972,0.161227,0.000277972,1.39268,0.984163,0.687057,0.705626,0.482797,0.408521,0.241399,0.185691,0.0928456,0.20426,0.0928456,0.0742765,0.0928456,0.594212,0.129984,0.0742765,0.0185691,0.0185691,0,0,0,0.0371382,0,0,0,0,0,0,0,0,0,0,0,0,0,0
60277,60296,60286,9.2,-105.091,39.9073,317.082,-36.3845,328.733,6.28529,0.891627,47.3576,0.159341,0.000272843,1.09403,0.986768,0.622093,0.600642,0.450481,0.450481,0.321772,0.193063,0.128709,0.300321,0.128709,0.171612,0.0858059,0.514836,0.107257,0.0214515,0.0214515,0,0.042903,0.0214515,0.0214515,0,0,0,0,0,0,0,0,0,0,0,0,0,0,0
60297,60323,60310,9.3,-105.087,39.9063,312.437,-37.2864,328.864,5.71505,0.657564,26.4649,0.120741,0.00011832,1.13079,1.10022,0.672359,0.473707,0.504269,0.198651,0.259775,0.213932,0.198651,0.183371,0.0916853,0.137528,0.122247,0.259775,0.106966,0.0458426,0.0152809,0,0,0,0,0,0,0,0,0,0,0,0,0,0,0,0,0,0,0
60325,60352,60338,9.4,-105.082,39.9053,308.125,-38.099,329.034,7.23637,0.988307,48.0378,0.145818,0.000248269,1.50696,1.0295,0.581894,0.701257,0.477451,0.313328,0.41777,0.268566,0.373009,0.164124,0.149204,0.223805,0.104443,0.641575,0.149204,0.104443,0,0,0.0149204,0,0,0,0.0149204,0,0,0,0,0,0,0,0,0,0,0,0,0
60354,60383,60368,9.5,-105.078,39.9042,303.759,-38.9077,329.241,6.31354,0.84116,40.688,0.145114,0.000204647,1.03548,0.87728,0.762227,0.661555,0.560884,0.330778,0.230106,0.258869,0.273251,0.215724,0.158198,0.129435,0.0862898,0.503357,0.143816,0.0575265,0,0,0,0.0143816,0,0,0.0143816,0,0,0,0,0,0,0,0,0,0,0,0,0
60383,60406,60394,9.6,-105.073,39.9031,299.038,-39.7112,329.584,7.88177,1.11229,56.5005,0.15239,0.000327045,1.54053,1.20018,0.716525,0.698612,0.626959,0.376176,0.465741,0.268697,0.304523,0.232871,0.179131,0.161218,0.161218,0.57322,0.179131,0.107479,0,0.0179131,0.0537394,0.0179131,0,0,0,0,0,0,0,0,0,0,0,0,0,0,0,0
60407,60430,60418,9.7,-105.069,39.9022,295.094,-40.483,329.744,8.40369,1.24496,67.5022,0.162661,0.000405161,1.27841,1.39121,1.01521,0.488805,0.620407,0.507605,0.545206,0.338404,0.394804,0.300803,0.206802,0.206802,0.169202,0.470005,0.188002,0.169202,0.0188002,0.0564006,0,0,0.0188002,0.0188002,0,0,0,0,0,0,0,0,0,0,0,0,0,0
60430,60449,60440,9.8,-105.066,39.9017,290.316,-41.1389,330.351,8.36654,1.19363,60.9249,0.153125,0.000358097,1.6186,1.52741,0.775102,0.615522,0.501537,0.433145,0.661117,0.364754,0.136783,0.15958,0.15958,0.136783,0.227971,0.592725,0.227971,0.113986,0.0455942,0,0.0683914,0,0,0,0,0,0,0,0,0,0,0,0,0,0,0,0,0
60450,60480,60465,9.9,-105.061,39.9016,286.434,-41.3503,331.323,10.7865,1.35183,58.1492,0.129046,0.000279109,2.18815,1.41669,1.27642,0.939784,0.729384,0.687305,0.518985,0.462879,0.378719,0.448852,0.238453,0.196373,0.154293,0.771464,0.266506,0.0701331,0.0140266,0.0140266,0,0.0140266,0,0,0,0,0,0,0,0,0,0,0,0,0,0,0,0
60481,60506,60494,10,-105.055,39.9012,282.114,-42.1183,331.66,9.20713,1.15519,54.4395,0.141378,0.000271375,1.62847,1.5032,1.04389,1.00214,0.730724,0.521946,0.521946,0.375801,0.250534,0.229656,0.271412,0.208778,0.0835114,0.563702,0.104389,0.104389,0.0417557,0,0,0,0,0,0.0208778,0,0,0,0,0,0,0,0,0,0,0,0,0
60507,60533,60520,10.1,-105.051,39.9005,278.153,-42.8274,331.981,18.9458,2.65363,132.499,0.149794,0.000727029,3.7241,2.68331,1.95149,1.62625,1.4311,1.0408,0.975747,0.748073,0.650498,0.617973,0.341512,0.227674,0.390299,1.70756,0.357774,0.357774,0.0325249,0,0.0325249,0,0.0162625,0.0162625,0.0162625,0,0,0,0,0,0,0,0,0,0,0,0,0
60534,60554,60544,10.2,-105.046,39.8997,273.994,-43.6418,332.234,18.4219,2.55898,122.565,0.143688,0.00068215,3.42177,2.42707,1.71089,1.69099,1.61142,1.05438,1.19364,0.636608,0.795761,0.636608,0.338198,0.338198,0.218834,1.43237,0.457562,0.338198,0.039788,0.039788,0.019894,0.019894,0,0,0,0,0,0,0,0,0,0,0,0,0,0,0,0
60555,60573,60564,10.3,-105.043,39.8988,269.899,-44.4689,332.465,8.50451,1.01411,42.059,0.124422,0.000191402,1.59914,1.59914,0.823799,0.533046,0.993405,0.533046,0.38767,0.290753,0.290753,0.266523,0.0969175,0.0484588,0.218064,0.581505,0.169606,0.0484588,0,0,0.0242294,0,0,0,0,0,0,0,0,0,0,0,0,0,0,0,0,0
60573,60600,60586,10.4,-105.039,39.8983,265.886,-45.2256,332.786,4.74639,0.634047,33.028,0.156272,0.000177799,1.04388,0.848153,0.538251,0.424077,0.309902,0.212038,0.146796,0.277281,0.179417,0.0815532,0.0489319,0.0326213,0.0652425,0.342523,0.0978638,0.0652425,0,0,0.0163106,0,0,0,0.0163106,0,0,0,0,0,0,0,0,0,0,0,0,0
60601,60625,60613,10.5,-105.034,39.8977,262.159,-45.9576,333.058,4.15436,0.52824,22.7137,0.128997,0.000109479,0.668923,0.616113,0.369668,0.387271,0.334462,0.334462,0.123223,0.316858,0.158429,0.140826,0.070413,0.105619,0.123223,0.264049,0.0880162,0.0176032,0.0352065,0,0,0,0,0,0,0,0,0,0,0,0,0,0,0,0,0,0,0
60626,60641,60634,10.6,-105.029,39.8974,258.133,-46.8765,333.18,4.08099,0.562978,29.0753,0.154936,0.000164298,0.810966,0.575524,0.523204,0.261602,0.287762,0.366243,0.209281,0.130801,0.130801,0.130801,0.0523204,0.0261602,0.0523204,0.392403,0.0261602,0.0523204,0.0261602,0,0,0,0.0261602,0,0,0,0,0,0,0,0,0,0,0,0,0,0,0
60643,60656,60650,10.7,-105.026,39.8971,254.084,-47.6679,333.517,2.62935,0.503633,33.2245,0.197909,0.000240285,0.475183,0.348468,0.380147,0.190073,0.190073,0.0950367,0.158394,0.0316789,0.0950367,0,0.0950367,0.0950367,0.0950367,0.0950367,0.0633578,0.126716,0.0316789,0,0.0633578,0,0,0,0,0,0,0,0,0,0,0,0,0,0,0,0,0
60657,60679,60668,10.8,-105.022,39.8965,250.042,-48.3957,333.967,6.96975,2.14995,177.598,0.247817,0.00134182,0.89306,0.776574,0.427116,0.563016,0.524187,0.407701,0.368873,0.155315,0.213558,0.174729,0.155315,0.0194143,0.116486,0.640673,0.465944,0.44653,0.213558,0.1359,0.194143,0,0,0,0.0776574,0,0,0,0,0,0,0,0,0,0,0,0,0
60680,60707,60694,10.9,-105.017,39.8954,246.717,-48.8748,334.533,7.82689,2.02671,163.968,0.242711,0.00121385,1.47583,0.812537,1.01153,0.713043,0.530637,0.315065,0.215571,0.232154,0.315065,0.0663296,0.182406,0.0331648,0.082912,0.563801,0.248736,0.596966,0.0994944,0,0.165824,0.0663296,0.0331648,0,0.0663296,0,0,0,0,0,0,0,0,0,0,0,0,0
60708,60736,60722,11,-105.012,39.8946,242.937,-49.5583,334.989,5.22513,0.641368,29.5064,0.138016,0.000163753,1.46179,0.761998,0.63759,0.435428,0.248816,0.404326,0.171061,0.217714,0.171061,0.124408,0.0777549,0.046653,0.0622039,0.139959,0.139959,0.0933059,0.015551,0.015551,0,0,0,0,0,0,0,0,0,0,0,0,0,0,0,0,0,0
60737,60765,60751,11.1,-105.006,39.8938,239.266,-50.3276,335.291,5.48894,0.759617,38.2811,0.151186,0.000226599,1.1751,0.881322,0.726705,0.386545,0.448392,0.309236,0.293774,0.123694,0.154618,0.0927708,0.123694,0.0463854,0.0463854,0.371083,0.154618,0.0927708,0.0309236,0.0154618,0,0.0154618,0,0,0,0,0,0,0,0,0,0,0,0,0,0,0,0
60766,60793,60780,11.2,-105,39.8928,235.564,-50.8193,336.045,5.26727,0.759542,44.0305,0.173909,0.000271065,1.13671,0.704438,0.592368,0.624388,0.512318,0.192119,0.304189,0.176109,0.11207,0.0800497,0.0800497,0.12808,0.0640398,0.352219,0.0160099,0.0960597,0,0.0160099,0.0480298,0,0.0160099,0.0160099,0,0,0,0,0,0,0,0,0,0,0,0,0,0
60794,60822,60808,11.3,-104.993,39.8918,232.034,-51.5786,336.345,3.81662,0.552422,29.2551,0.158873,0.000179512,0.747747,0.529654,0.342717,0.295983,0.373873,0.218093,0.171359,0.280405,0.186937,0.0778903,0.0778903,0.0778903,0.0467342,0.140202,0.140202,0.0467342,0,0.0311561,0.0311561,0,0,0,0,0,0,0,0,0,0,0,0,0,0,0,0,0
60823,60848,60836,11.4,-104.987,39.8908,228.742,-52.2656,336.675,2.62109,0.352187,17.346,0.147757,0.000102327,0.473252,0.418646,0.309434,0.309434,0.200222,0.127414,0.109212,0.109212,0.072808,0.054606,0.09101,0.036404,0.054606,0.145616,0.018202,0.054606,0.018202,0.018202,0,0,0,0,0,0,0,0,0,0,0,0,0,0,0,0,0,0
60849,60877,60863,11.5,-104.98,39.89,225.289,-53.0172,336.989,2.39705,0.265192,10.0141,0.113285,3.9688e-05,0.407341,0.438675,0.313339,0.297672,0.188004,0.141003,0.0626679,0.109669,0.125336,0.0313339,0.015667,0.0470009,0.015667,0.15667,0.0313339,0.015667,0,0,0,0,0,0,0,0,0,0,0,0,0,0,0,0,0,0,0,0
60878,60905,60892,11.6,-104.973,39.8892,221.836,-53.7954,337.284,2.80186,0.387545,20.3307,0.157381,0.000111363,0.537566,0.342088,0.342088,0.162899,0.309508,0.130319,0.179189,0.114029,0.114029,0.0814494,0.0651596,0.0977393,0.0325798,0.195479,0.0162899,0.0651596,0,0,0,0,0,0.0162899,0,0,0,0,0,0,0,0,0,0,0,0,0,0
60906,60930,60918,11.7,-104.966,39.888,218.371,-54.3736,337.912,3.88568,0.525953,24.6597,0.140657,0.000129802,0.76261,0.581036,0.34499,0.272361,0.217888,0.199731,0.381305,0.181574,0.0726295,0.145259,0.145259,0.0544721,0.0544721,0.290518,0.127102,0.0363147,0,0,0,0.0181574,0,0,0,0,0,0,0,0,0,0,0,0,0,0,0,0
