data/B2SAP/Locations/Boulder/NOAA-POPS-B2SAP_GMLBalloon_20200603_R0.ict
61,1001
Thornberry, T. D.
NOAA Chemical Sciences Laboratory
Portable Optical Particle Spectrometer (POPS)
Balloon Baseline Stratospheric Aerosol Profiles (B2SAP)
1,1
2020,06,03,2024,05,30
0
TIME_START,s,Seconds since midnight UTC on flight start day,Start time of 100 m altitude bin in UTC_seconds_since_midnight
28
1.0,1.0,1.0,1.0,1.0,1.0,1.0,1.0,1.0,1.0,1.0,1.0,1.0,1.0,1.0,1.0,1.0,1.0,1.0,1.0,1.0,1.0,1.0,1.0,1.0,1.0,1.0,1.0
99999,99999,99999,99999,99999,99999,99999,99999,99999,99999,99999,99999,99999,99999,99999,99999,99999,99999,99999,99999,99999,99999,99999,99999,99999,99999,99999,99999
TIME_STOP,s,End time of 100 m altitude bin in UTC seconds since midnight,
TIME_MID,s,Mid time of 100 m altitude in UTC seconds since midnight,
GPSAlt,m,GPS reported altitude above sea level (m),
GPS_Lon,deg,GPS reported longitude,
GPS_Lat,deg,GPS reported latitude,
iMet_Pressure,mb,Pressure reported (mB),
iMet_Temperature,degrees C,Ambient temperature (oC),
THETA,K,Potential temperature from iMet,
Aerosol_concentration,cm^-3,Aerosol concentration,
Surface_Area_Conc,um^2 cm^-3,Surface area concentration,
Volume_density,um^3 cm^-3,Volume density,
Effective_radius,um,Effective radius,
Extinction,km^-1,Extinction,
Bin01,cm^-3,particle concentration in size range [140 - 170 nm],
Bin02,cm^-3,particle concentration in size range [170 - 205 nm],
Bin03,cm^-3,particle concentration in size range [205 - 249 nm],
Bin04,cm^-3,particle concentration in size range [249 - 302 nm],
Bin05,cm^-3,particle concentration in size range [302 - 366 nm],
Bin06,cm^-3,particle concentration in size range [366 - 443 nm],
Bin07,cm^-3,particle concentration in size range [443 - 537 nm],
Bin08,cm^-3,particle concentration in size range [537 - 651 nm],
Bin09,cm^-3,particle concentration in size range [651 - 789 nm],
Bin10,cm^-3,particle concentration in size range [789 - 956 nm],
Bin11,cm^-3,particle concentration in size range [956 - 1159 nm],
Bin12,cm^-3,particle concentration in size range [1159 - 1404 nm],
Bin13,cm^-3,particle concentration in size range [1404 - 1702 nm],
Bin14,cm^-3,particle concentration in size range [1702 - 2062 nm],
Bin15,cm^-3,particle concentration in size range [2062 - 2500 nm],
0
19
PI_CONTACT_INFO: 325 Broadway R/CSL6, Boulder, CO 80305; troy.thornberry@noaa.gov; 303-497-3373 
PLATFORM: GML ECC/FPH balloon
LOCATION: Boulder, CO, USA
ASSOCIATED_DATA: N/A
INSTRUMENT_INFO: Printed Optical Particle Spectrometer counts particles from 140 - 2500 nm in diameter 
DATA_INFO: Particle concentrations reported in number per cubic centimeter, binned to 100 m altitude
UNCERTAINTY: Counting uncertainty dominated by air flow, less than 5 percent
ULOD_FLAG: -77777
ULOD_VALUE: 3000 ~3000 per cm3 (varies depending on flow rate- manufacturer quotes 1250  per cm3 at 1.667 cc/s)
LLOD_FLAG: -88888
LLOD_VALUE: 0 0 (varies depending on data field and measurement precision)
DM_CONTACT_INFO: Troy Thornberry, 325 Broadway R/CSL6, Boulder, CO 80305; troy.thornberry@noaa.gov; 303-497-3373
PROJECT_INFO: B2SAP Boulder, CO, USA
STIPULATIONS_ON_USE: Please contact the PIs for questions regarding applications and uncertainties
OTHER_COMMENTS: POPS bin Edges (nm):  140, 170, 205, 249, 302, 366, 443, 537, 651, 789, 956, 1159, 1404, 1702, 2062, 2500
Calculations assume sulfate refractive index of 1.45+0.00j and extinction wavelength = 532 nm
REVISION: R0
R0: QA/QC data
TIME_START,TIME_STOP,TIME_MID,GPSAlt,GPS_Lon,GPS_Lat,iMet_Pressure,iMet_Temperature,THETA,Aerosol_concentration,Surface_Area_Conc,Volume_density,Effective_radius,Extinction,Bin01,Bin02,Bin03,Bin04,Bin05,Bin06,Bin07,Bin08,Bin09,Bin10,Bin11,Bin12,Bin13,Bin14,Bin15
57441,58206,57824,1.8,-105.197,39.9491,826.492,24.3584,314.158,560.599,151.713,10448.6,0.206613,0.0650398,109.724,111.504,84.7848,76.225,66.0033,56.8941,45.0103,8.75503,0.613034,0.272459,0.245213,0.227049,0.13623,0.118066,0.0862788
58067,58079,58073,1.7,-105.197,39.9491,827.313,23.75,313.428,502.801,133.326,8547.54,0.19233,0.0554268,93.0643,101.483,77.3806,71.3839,61.9275,50.1648,38.402,7.84185,0.461285,0,0.115321,0.345964,0.230643,0,0
58207,58224,58216,1.9,-105.198,39.9493,815.526,21.515,312.343,545.271,146.207,10148.8,0.208242,0.0620031,105.889,110.016,84.9254,74.317,64.7987,53.7232,41.8885,7.84436,0.583947,0.408763,0.272509,0.233579,0.136254,0.155719,0.0778597
58225,58241,58233,2,-105.198,39.9496,805.821,20.6353,312.475,536.379,143.144,9657.84,0.202409,0.060782,104.154,107.855,83.1703,74.0738,62.5999,51.8496,43.4974,7.56657,0.661558,0.248084,0.268758,0.16539,0.0826948,0.144716,0.0413474
58242,58259,58250,2.1,-105.198,39.9498,796.5,20.6817,313.569,343.311,87.5431,6235.91,0.213697,0.0360405,72.5457,72.4297,56.8607,46.765,36.1665,29.8035,22.6089,4.81575,0.502849,0.212744,0.154723,0.174063,0.0580211,0.135383,0.0773615
58260,58277,58268,2.2,-105.199,39.9498,787.398,20.3629,314.261,254.883,60.6885,4019.88,0.198714,0.0236051,53.8978,59.1848,44.9286,34.3342,25.406,18.9465,13.6185,3.43547,0.576008,0.0822868,0.226289,0.12343,0.0617151,0.0411434,0.0205717
58278,58295,58286,2.3,-105.199,39.9495,777.988,19.7256,314.655,247.754,58.5593,3865.43,0.198027,0.0228052,54.0365,57.0439,43.3235,33.6327,24.2565,17.5928,13.858,2.94852,0.334165,0.334165,0.137597,0.0786271,0.0982838,0.0786271,0
58296,58311,58304,2.4,-105.199,39.9492,769.115,19.3647,315.296,212.505,53.3036,3652.49,0.205567,0.022267,45.6481,48.4082,35.1974,27.5304,21.1373,15.9238,14.1544,3.25552,0.613359,0.235907,0.165135,0.094363,0.0707722,0.0707722,0
58312,58328,58320,2.5,-105.2,39.9489,760.023,18.4988,315.434,205.907,50.9376,3458.28,0.203678,0.020773,44.059,45.695,35.3861,27.8338,20.3039,15.9338,12.4602,3.18229,0.425799,0.246515,0.179284,0.0896419,0.0672314,0.0224105,0.0224105
58329,58344,58336,2.6,-105.2,39.9487,751.326,17.6044,315.507,203.151,50.4904,3376.73,0.200636,0.0207723,43.5958,44.4615,34.6725,27.2807,20.8212,14.8501,13.2519,3.19644,0.466147,0.221975,0.0665924,0.110987,0.110987,0.0443949,0
58345,58360,58352,2.7,-105.2,39.9484,742.561,16.7706,315.656,202.557,51.8614,3946.96,0.228318,0.02194,42.2745,46.6823,34.0378,27.1812,18.6106,16.2063,13.0007,3.49505,0.578798,0.133569,0.133569,0,0.0667843,0.0445229,0.111307
58361,58376,58368,2.8,-105.2,39.9481,734.17,15.8737,315.7,201.76,51.0116,3469.3,0.20403,0.02158,43.454,45.2144,34.3621,25.3147,19.5209,15.5766,13.4373,3.76601,0.534818,0.200557,0.200557,0.0445682,0.0891363,0.0445682,0
58377,58394,58386,2.9,-105.199,39.9475,725.166,15.1206,315.99,213.088,53.6196,4085.55,0.228585,0.0224797,47.3375,48.7653,34.9032,28.934,19.4546,15.8651,13.0887,3.68863,0.396627,0.257808,0.158651,0,0.0594941,0.0793255,0.0991568
58395,58410,58402,3,-105.198,39.9471,716.887,14.5887,316.449,211.287,52.1672,3512.28,0.201982,0.0213961,44.4378,50.328,35.4837,28.0735,19.5232,15.8655,12.7304,3.70513,0.451266,0.213757,0.237508,0.118754,0.0950033,0.0237508,0
58411,58427,58419,3.1,-105.197,39.9467,708.426,13.7265,316.57,216.604,54.5223,3848.28,0.211745,0.0227495,46.1107,51.091,35.1792,28.1096,21.1244,16.0174,14.2025,3.58756,0.485375,0.18993,0.253239,0.105516,0.0633098,0.0633098,0.0211033
58428,58444,58436,3.2,-105.196,39.9462,699.894,12.8694,316.716,215.178,54.5069,4016.09,0.221041,0.0227158,46.2338,48.9908,36.478,28.6522,19.5327,16.6272,13.8277,3.92351,0.275706,0.127249,0.190873,0.106041,0.0848326,0.0636245,0.0636245
58445,58459,58452,3.3,-105.195,39.9459,691.917,11.9533,316.737,213.382,52.8334,3542.02,0.201124,0.0220316,45.2753,48.8541,37.5893,26.8769,20.0796,15.6842,14.2191,3.81897,0.528412,0.168131,0.144112,0.0720561,0.0240187,0.0240187,0.0240187
58460,58477,58468,3.4,-105.193,39.9455,683.544,10.9894,316.771,223.667,56.3927,3965.83,0.210976,0.0235966,46.8383,51.3215,38.3844,28.2225,22.2237,16.8652,14.9866,3.67192,0.491013,0.25618,0.192135,0.106742,0.0426967,0,0.0640451
58478,58493,58486,3.5,-105.192,39.9452,675.254,10.0712,316.847,219.501,55.452,4126.99,0.223273,0.0233656,47.4035,49.8866,37.2005,28.3067,20.7221,16.4107,14.8757,3.81486,0.406316,0.158012,0.135439,0,0.0225731,0.0451462,0.112866
58494,58511,58502,3.6,-105.191,39.9449,666.927,9.14556,316.93,220.894,55.1321,3780.89,0.205736,0.0229092,45.9562,50.1967,38.3273,29.8665,20.7158,16.8607,13.9999,3.83476,0.608691,0.182607,0.142028,0.0405794,0.0811588,0.0608691,0.0202897
58512,58529,58520,3.7,-105.189,39.9448,659.005,8.2,316.953,223.157,55.7522,3872.18,0.20836,0.0231148,46.865,50.3982,39.5145,29.1993,20.7928,17.0363,14.5996,3.77682,0.385804,0.22336,0.0609164,0.101527,0.101527,0.0812219,0.0203055
58530,58546,58538,3.8,-105.188,39.9447,650.592,7.2375,317.032,222.908,56.2044,3783.89,0.201971,0.0236925,45.5423,51.2608,37.4906,28.7985,21.799,18.0934,14.7309,4.16308,0.571852,0.205867,0.0914963,0.0914963,0,0.0457481,0.0228741
58547,58562,58554,3.9,-105.186,39.9446,642.973,6.462,317.218,227.062,59.8226,4109.66,0.206092,0.0259693,45.3681,48.2005,38.5949,30.3932,22.5855,19.7531,16.3542,4.58115,0.615745,0.270928,0.172409,0.0492596,0.0738894,0.0246298,0.0246298
58564,58578,58571,4,-105.185,39.9444,635.283,5.82867,317.586,223.547,64.4817,4749.41,0.220965,0.0298565,41.4212,44.1125,36.2344,30.2647,23.2429,21.7994,19.4017,5.72508,0.63612,0.293594,0.0733985,0.122331,0.122331,0.0489323,0.0489323
58579,58594,58586,4.1,-105.183,39.9443,627.762,4.85313,317.561,230.24,65.5001,4639.66,0.212503,0.029846,41.2874,44.5627,37.7353,32.4071,25.2568,22.9964,19.2828,5.39734,0.715032,0.276787,0.115328,0.0461311,0.0691967,0.0691967,0.0230656
58595,58609,58602,4.2,-105.182,39.9442,619.959,3.92533,317.632,224.103,65.7448,4772.13,0.217757,0.030695,39.5767,41.8975,35.8733,31.8984,24.5904,22.7634,20.3192,5.90071,0.765364,0.197513,0.123446,0.0246892,0.0740675,0.0493783,0.0493783
58610,58625,58618,4.3,-105.18,39.9441,612.432,3.21188,317.919,237.864,73.1194,5233.35,0.214718,0.0351438,38.8529,42.5576,38.2509,33.3422,26.6274,25.7476,23.7563,7.20098,0.764091,0.277851,0.254697,0.0926171,0.0926171,0.0463085,0
58626,58641,58634,4.4,-105.178,39.9439,605.181,2.39733,318.063,250.906,80.3149,5941.83,0.221945,0.0395551,37.1814,42.5671,38.9108,37.8731,30.5604,26.4593,27.3981,8.32567,0.914094,0.321168,0.123526,0.0741157,0.098821,0.0494105,0.0494105
58642,58657,58650,4.5,-105.176,39.9439,597.449,1.475,318.169,241.231,77.8541,5697.74,0.219555,0.0390288,37.1286,41.8363,36.8967,33.5572,29.5683,25.0693,26.855,8.44147,0.927634,0.510199,0.231909,0.115954,0.0231909,0.0695726,0
58658,58673,58666,4.6,-105.174,39.9439,590.109,0.524,318.186,241.298,76.9496,5530.12,0.2156,0.0379275,35.8771,41.4829,37.6211,35.2293,29.0754,26.8829,25.0641,8.34641,0.921842,0.398635,0.174403,0.0996586,0.074744,0.0498293,0
58674,58690,58682,4.7,-105.173,39.9439,582.718,-0.406471,318.245,242.236,74.9056,5137.47,0.205758,0.0365639,36.8439,42.4563,39.1329,34.9951,27.93,25.3329,26.0372,8.27556,0.85837,0.198085,0.110047,0.0220095,0.0220095,0.0220095,0
58691,58707,58699,4.8,-105.171,39.9439,575.469,-1.31812,318.326,252.688,81.8706,6173.85,0.22623,0.0413766,39.2187,44.2034,38.9366,34.6573,30.0489,26.428,28.0738,9.19336,1.10508,0.470248,0.141075,0.0470248,0.0235124,0.0940497,0.0470248
58708,58725,58716,4.9,-105.169,39.9441,568.071,-2.23278,318.426,267.221,85.5184,6026.21,0.211401,0.042503,39.9532,46.7029,41.2109,36.3268,32.0506,29.619,30.4156,9.39089,0.880396,0.314427,0.188656,0.0838472,0.0628854,0.0209618,0
58726,58743,58734,5,-105.166,39.9442,561.011,-3.15706,318.472,272.11,87.3703,6183.37,0.212316,0.0434246,40.1463,47.9489,42.0358,37.6122,32.2771,29.654,31.299,9.35858,1.02255,0.311212,0.200065,0.111147,0.133377,0,0
58744,58761,58752,5.1,-105.164,39.9443,553.763,-4.13889,318.497,269.917,86.518,6117.62,0.212128,0.0431223,41.3479,45.4659,41.4319,38.4065,31.2841,31.116,29.7713,9.20243,0.966465,0.609293,0.0840404,0.168081,0.0420202,0.0210101,0
58762,58780,58771,5.2,-105.162,39.9444,546.742,-5.10158,318.521,268.646,87.5016,6481.9,0.222232,0.0438788,39.5649,45.8162,41.3424,37.6276,33.2337,28.6601,31.0967,9.62659,0.978636,0.299583,0.159777,0.0798887,0.0399443,0.0798887,0.0399443
58781,58799,58790,5.3,-105.159,39.9445,539.616,-6.08647,318.541,272.858,89.5976,6506.27,0.21785,0.0452978,40.4292,45.8168,40.8333,38.5211,32.5275,32.1009,30.3051,10.1241,1.39179,0.404068,0.224482,0.0673446,0.0673446,0.0224482,0.0224482
58800,58818,58809,5.4,-105.157,39.9445,532.847,-7.01211,318.581,277.619,91.1489,6643.94,0.218673,0.0461579,40.4227,47.2538,42.5587,38.468,33.1482,30.7099,32.6444,10.5994,1.1486,0.282112,0.241811,0.0201509,0.0604526,0.0201509,0.0403018
58819,58838,58828,5.5,-105.154,39.9443,525.777,-7.98842,318.624,285.089,96.3719,6936.37,0.215925,0.0497473,40.0896,45.2977,42.8955,39.807,34.6192,34.5385,34.054,11.4455,1.37266,0.62577,0.161489,0.100931,0.0605584,0.0201861,0
58839,58857,58848,5.6,-105.152,39.9441,519.563,-8.78737,318.743,269.846,91.9525,6635.56,0.216489,0.0475091,36.7925,43.8314,39.7861,36.8734,33.2124,33.0303,33.6371,10.4977,1.35519,0.424762,0.283175,0.0809071,0.0202268,0.0202268,0
58858,58878,58868,5.7,-105.149,39.9437,512.553,-9.6815,318.91,256.937,87.9014,6430.16,0.219456,0.0450588,32.1461,41.5124,39.1612,36.1932,33.7457,31.3174,30.7007,10.1372,1.15633,0.423989,0.269811,0.0770889,0.0385445,0.0578167,0
58879,58901,58890,5.8,-105.145,39.9434,505.809,-10.4914,319.132,231.428,79.0028,5906.98,0.224308,0.0408237,30.56,37.7582,34.6285,33.0085,29.0688,27.7986,27.5408,8.9839,1.36231,0.405012,0.202506,0.0184096,0,0.0552289,0.0368193
58902,58924,58913,5.9,-105.142,39.9431,499.485,-11.291,319.304,229.469,75.4076,5305.25,0.211063,0.038161,30.3527,38.1738,35.1657,34.5446,28.8584,25.8891,25.8891,8.88845,1.12561,0.407549,0.0970355,0.0388142,0.0194071,0.0194071,0
58925,58947,58936,6,-105.138,39.9431,492.442,-11.9935,319.74,210.18,69.4454,5043.12,0.21786,0.0347781,28.4917,33.2209,33.4923,31.6897,25.7782,24.8285,23.7431,7.38458,0.83343,0.387642,0.155057,0.0969105,0.0387642,0.0193821,0.0193821
58948,58969,58958,6.1,-105.135,39.9427,486.444,-12.475,320.267,152.83,49.0289,3400.19,0.208052,0.0241425,20.1577,24.7513,25.7786,22.7937,19.5181,16.9596,16.7464,4.96189,0.814061,0.174442,0.096912,0.0775296,0,0,0
58970,58990,58980,6.2,-105.131,39.9427,480.243,-13.105,320.677,149.348,49.2305,3675.46,0.223975,0.0245281,18.9599,24.3021,24.3409,22.748,19.1347,16.8036,17.1144,4.99251,0.485653,0.291392,0.0388522,0.0388522,0.0194261,0.0388522,0.0388522
58991,59012,59002,6.3,-105.127,39.9427,473.983,-13.8332,320.977,73.4606,23.9473,1729.16,0.21662,0.0120037,9.93709,12.7293,12.175,10.6762,8.49991,8.27407,7.9661,2.5048,0.34903,0.205312,0.0821247,0.0410624,0.0205312,0,0
59013,59034,59024,6.4,-105.123,39.9425,467.741,-14.693,321.124,46.4114,15.1289,1116.54,0.221404,0.00757917,6.72206,8.00801,7.2871,7.46246,4.92951,5.0659,4.6957,1.81203,0.155874,0.13639,0.0974211,0.0389684,0,0,0
59035,59054,59044,6.5,-105.12,39.9423,461.717,-15.5267,321.274,57.2058,18.5891,1297.81,0.209447,0.00928578,7.35472,9.59595,9.59595,8.13807,7.13713,6.76721,5.96211,2.19771,0.348153,0.0435191,0.0435191,0.0217595,0,0,0
59055,59072,59064,6.6,-105.116,39.9424,455.353,-16.2393,321.657,57.2364,18.5825,1365.26,0.22041,0.00931196,8.2849,9.67007,9.64394,7.89287,6.55997,6.08953,6.69064,2.01242,0.261353,0.0261353,0.0522707,0.0261353,0,0.0261353,0
59073,59088,59080,6.7,-105.114,39.9423,449.536,-17.0044,321.888,43.6625,13.9465,978.147,0.210407,0.00686299,5.5163,7.68342,7.41253,6.52598,5.5163,4.35886,4.87601,1.45295,0.197011,0.0492527,0.073879,0,0,0,0
59089,59106,59098,6.8,-105.111,39.9424,443.527,-17.9169,321.974,30.7982,9.29147,613.694,0.198148,0.00445123,4.65905,5.50615,4.78007,4.56829,3.81195,3.23713,3.17663,0.877354,0.151268,0.0302536,0,0,0,0,0
59107,59121,59114,6.9,-105.108,39.9424,437.824,-18.7729,322.081,37.8048,11.776,821.973,0.209402,0.00572783,5.50966,6.72461,6.18777,5.34013,4.77504,3.98391,3.81438,1.1867,0.141273,0.084764,0.0565094,0,0,0,0
59122,59137,59130,7,-105.105,39.9425,432.304,-19.4121,322.436,55.2453,18.1301,1319.36,0.218316,0.00909361,6.89506,10.2861,9.12748,7.6863,6.69725,6.07557,5.90602,2.03461,0.310843,0.0847753,0.0847753,0.0565169,0,0,0
59138,59153,59146,7.1,-105.102,39.9427,426.32,-20.0767,322.875,43.3584,14.0021,1009.33,0.216253,0.00688583,6.46666,7.10272,6.8907,6.12212,5.72458,4.34644,5.00901,1.35164,0.212022,0,0.132513,0,0,0,0
59154,59168,59161,7.2,-105.1,39.9427,420.569,-20.9367,323.035,35.2371,11.2303,811.255,0.216715,0.00556442,5.3864,5.81094,6.10281,5.01492,4.08623,3.52902,3.9801,0.928689,0.238806,0.0796019,0.026534,0.0530679,0,0,0
59169,59183,59176,7.3,-105.097,39.9426,414.834,-21.6321,323.408,57.0158,18.7094,1343.94,0.215496,0.00938941,7.86818,9.35059,9.40761,8.35282,6.61383,6.61383,6.1292,2.30914,0.114032,0.14254,0.0855237,0.0285079,0,0,0
59184,59198,59191,7.4,-105.093,39.9424,409.291,-21.558,324.746,136.171,45.0382,3209.69,0.213798,0.0228045,18.9208,21.2893,21.0498,20.1716,17.058,16.446,14.7694,5.50859,0.585455,0.239504,0.106446,0,0,0.0266116,0
59199,59212,59206,7.5,-105.09,39.9421,403.653,-22.0079,325.45,109.888,34.9367,2383.87,0.204702,0.0170597,14.3962,18.0024,18.2011,16.5826,13.7715,13.0617,11.5851,3.57776,0.511108,0.11358,0.0851847,0,0,0,0
59213,59234,59224,7.6,-105.086,39.9416,397.747,-22.7841,325.819,30.6977,9.32078,663.355,0.213508,0.00452816,5.50379,5.34031,4.90437,4.21412,3.66919,2.97895,2.94262,0.853723,0.108986,0.12715,0.0363286,0.0181643,0,0,0
59235,59257,59246,7.7,-105.081,39.9409,392.539,-23.1961,326.512,8.1273,2.12001,187.041,0.264679,0.000896601,2.43645,1.86214,1.20082,0.97458,0.539499,0.400274,0.504693,0.087016,0.0174032,0.0174032,0.0522096,0.0174032,0.0174032,0,0
59258,59274,59266,7.8,-105.076,39.9401,387.389,-23.9013,326.818,12.1175,3.47161,292.001,0.252334,0.00152677,2.55896,2.60914,2.40844,1.30457,1.0286,1.05369,0.802812,0.150527,0.0752637,0,0.100352,0.0250879,0,0,0
59275,59292,59284,7.9,-105.071,39.9394,382.093,-24.6825,327.075,11.8284,2.87663,189.657,0.19779,0.00130993,3.19618,2.79351,1.86234,1.15767,0.755003,0.981504,0.755003,0.176167,0.100667,0.0503335,0,0,0,0,0
59293,59318,59306,8,-105.065,39.9387,376.311,-25.2472,327.757,15.9038,3.7144,241.741,0.195247,0.00145522,3.73828,3.49658,2.99707,1.98193,1.43408,1.17627,0.805663,0.177246,0.0161133,0.0483398,0.0322265,0,0,0,0
59319,59335,59327,8.1,-105.06,39.9383,371.617,-25.926,328.04,12.7457,3.12597,209.974,0.201512,0.00132254,3.06543,2.98476,1.69405,1.85539,1.3176,0.699132,0.806691,0.215118,0.0537794,0.0268897,0.0268897,0,0,0,0
59336,59353,59344,8.2,-105.055,39.938,366.717,-26.5844,328.407,12.3349,3.18067,241.908,0.228167,0.00148696,3.23538,2.89836,1.99964,1.48288,0.876249,0.674038,0.629102,0.337019,0.0898717,0.0674038,0.0224679,0.0224679,0,0,0
59354,59371,59362,8.3,-105.051,39.9382,361.434,-27.345,328.751,11.8322,3.10012,231.349,0.223877,0.00143686,2.86225,2.65942,2.05091,1.4424,1.03672,0.585973,0.676123,0.360599,0.0676123,0.0450749,0.0450749,0,0,0,0
59372,59387,59380,8.4,-105.047,39.9382,356.601,-28.1621,328.918,11.7747,3.29637,266.427,0.242473,0.00151783,2.82012,2.7329,1.91884,1.19201,1.01757,0.784981,0.843127,0.290734,0.0872201,0,0.0290734,0.0581467,0,0,0
59388,59407,59398,8.5,-105.042,39.9383,351.159,-29.0256,329.21,15.0431,4.36526,347.851,0.239059,0.00208942,3.14435,3.28007,2.30736,2.19426,1.51562,0.995332,0.814363,0.520287,0.135727,0.0452424,0.0678636,0.0226212,0,0,0
59408,59428,59418,8.6,-105.037,39.9384,346.059,-29.5941,329.817,15.1939,4.1197,314.914,0.229323,0.00187776,3.57645,3.60045,2.25628,1.68021,1.48819,0.960121,1.05613,0.408051,0.0720091,0.024003,0.024003,0.024003,0.024003,0,0
59429,59450,59440,8.7,-105.032,39.9387,341.828,-30.1,330.288,17.463,4.56876,349.92,0.229769,0.0019508,3.90566,3.43534,2.84234,2.49471,2.0244,1.37005,0.981526,0.286278,0.0204485,0.0613454,0.0204485,0,0,0.0204485,0
