data/B2SAP/Locations/Boulder/NOAA-POPS-B2SAP_GMLBalloon_20230531_R0.ict
61,1001
Thornberry, T. D.
NOAA Chemical Sciences Laboratory
Portable Optical Particle Spectrometer (POPS)
Balloon Baseline Stratospheric Aerosol Profiles (B2SAP)
1,1
2023,05,31,2024,05,30
0
TIME_START,s,Seconds since midnight UTC on flight start day,Start time of 100 m altitude bin in UTC_seconds_since_midnight
28
1.0,1.0,1.0,1.0,1.0,1.0,1.0,1.0,1.0,1.0,1.0,1.0,1.0,1.0,1.0,1.0,1.0,1.0,1.0,1.0,1.0,1.0,1.0,1.0,1.0,1.0,1.0,1.0
99999,99999,99999,99999,99999,99999,99999,99999,99999,99999,99999,99999,99999,99999,99999,99999,99999,99999,99999,99999,99999,99999,99999,99999,99999,99999,99999,99999
TIME_STOP,s,End time of 100 m altitude bin in UTC seconds since midnight,
TIME_MID,s,Mid time of 100 m altitude in UTC seconds since midnight,
GPSAlt,m,GPS reported altitude above sea level (m),
GPS_Lon,deg,GPS reported longitude,
GPS_Lat,deg,GPS reported latitude,
iMet_Pressure,mb,Pressure reported (mB),
iMet_Temperature,degrees C,Ambient temperature (oC),
THETA,K,Potential temperature from iMet,
Aerosol_concentration,cm^-3,Aerosol concentration,
Surface_Area_Conc,um^2 cm^-3,Surface area concentration,
Volume_density,um^3 cm^-3,Volume density,
Effective_radius,um,Effective radius,
Extinction,km^-1,Extinction,
Bin01,cm^-3,particle concentration in size range [140 - 170 nm],
Bin02,cm^-3,particle concentration in size range [170 - 205 nm],
Bin03,cm^-3,particle concentration in size range [205 - 249 nm],
Bin04,cm^-3,particle concentration in size range [249 - 302 nm],
Bin05,cm^-3,particle concentration in size range [302 - 366 nm],
Bin06,cm^-3,particle concentration in size range [366 - 443 nm],
Bin07,cm^-3,particle concentration in size range [443 - 537 nm],
Bin08,cm^-3,particle concentration in size range [537 - 651 nm],
Bin09,cm^-3,particle concentration in size range [651 - 789 nm],
Bin10,cm^-3,particle concentration in size range [789 - 956 nm],
Bin11,cm^-3,particle concentration in size range [956 - 1159 nm],
Bin12,cm^-3,particle concentration in size range [1159 - 1404 nm],
Bin13,cm^-3,particle concentration in size range [1404 - 1702 nm],
Bin14,cm^-3,particle concentration in size range [1702 - 2062 nm],
Bin15,cm^-3,particle concentration in size range [2062 - 2500 nm],
0
19
PI_CONTACT_INFO: 325 Broadway R/CSL6, Boulder, CO 80305; troy.thornberry@noaa.gov; 303-497-3373 
PLATFORM: GML ECC/FPH balloon
LOCATION: Boulder, CO, USA
ASSOCIATED_DATA: N/A
INSTRUMENT_INFO: Printed Optical Particle Spectrometer counts particles from 140 - 2500 nm in diameter 
DATA_INFO: Particle concentrations reported in number per cubic centimeter, binned to 100 m altitude
UNCERTAINTY: Counting uncertainty dominated by air flow, less than 5 percent
ULOD_FLAG: -77777
ULOD_VALUE: 3000 ~3000 per cm3 (varies depending on flow rate- manufacturer quotes 1250  per cm3 at 1.667 cc/s)
LLOD_FLAG: -88888
LLOD_VALUE: 0 0 (varies depending on data field and measurement precision)
DM_CONTACT_INFO: Troy Thornberry, 325 Broadway R/CSL6, Boulder, CO 80305; troy.thornberry@noaa.gov; 303-497-3373
PROJECT_INFO: B2SAP Boulder, CO, USA
STIPULATIONS_ON_USE: Please contact the PIs for questions regarding applications and uncertainties
OTHER_COMMENTS: POPS bin Edges (nm):  140, 170, 205, 249, 302, 366, 443, 537, 651, 789, 956, 1159, 1404, 1702, 2062, 2500
Calculations assume sulfate refractive index of 1.45+0.00j and extinction wavelength = 532 nm
REVISION: R0
R0: QA/QC data
TIME_START,TIME_STOP,TIME_MID,GPSAlt,GPS_Lon,GPS_Lat,iMet_Pressure,iMet_Temperature,THETA,Aerosol_concentration,Surface_Area_Conc,Volume_density,Effective_radius,Extinction,Bin01,Bin02,Bin03,Bin04,Bin05,Bin06,Bin07,Bin08,Bin09,Bin10,Bin11,Bin12,Bin13,Bin14,Bin15
[from data line 221]
62818,62838,62828,23.9,-104.987,40.2271,30.9133,-53.4911,593.114,2.11732,0.358358,17.1436,0.143517,9.25765e-05,0.840701,0.373645,0.186822,0.404782,0.186822,0.0622741,0.0622741,0,0,0,0,0,0,0,0
62839,62860,62850,24,-104.989,40.2267,30.4162,-52.6854,598.055,1.74173,0.300877,14.7829,0.147398,8.37421e-05,0.587832,0.522518,0.174173,0.108858,0.195944,0.108858,0.0435431,0,0,0,0,0,0,0,0
62862,62876,62869,24.1,-104.99,40.2267,29.952,-52.468,601.278,1.94988,0.326332,15.529,0.14276,8.36672e-05,0.745544,0.344097,0.286748,0.286748,0.172049,0.0573495,0.0573495,0,0,0,0,0,0,0,0
62886,62905,62896,24.2,-104.992,40.2271,29.4737,-52.5637,603.788,1.59066,0.233492,10.3266,0.132681,5.02846e-05,0.776832,0.221952,0.295936,0.073984,0.110976,0.110976,0,0,0,0,0,0,0,0,0
62906,62927,62916,24.3,-104.993,40.2277,28.9933,-52.8011,605.98,1.59827,0.301324,16.666,0.165928,0.000107209,0.599353,0.266379,0.332974,0.166487,0.0665947,0.0665947,0.0665947,0.0332974,0,0,0,0,0,0,0
62933,62945,62939,24.4,-104.994,40.2282,28.5643,-52.9014,608.286,1.67039,0.245326,10.9116,0.133435,5.44605e-05,0.556795,0.513965,0.299813,0.171322,0.0428304,0.0428304,0.0428304,0,0,0,0,0,0,0,0
62950,62966,62958,24.5,-104.994,40.2288,28.1283,-52.8633,611.072,1.37958,0.288831,18.9811,0.197151,0.000125886,0.510956,0.255478,0.204382,0.153287,0.153287,0.0510956,0,0,0.0510956,0,0,0,0,0,0
62976,62986,62981,24.6,-104.996,40.2292,27.682,-53.212,612.901,2.406,0.376294,17.5364,0.139809,9.26016e-05,1.17215,0.370154,0.123385,0.431846,0.185077,0.0616923,0.0616923,0,0,0,0,0,0,0,0
62992,63010,63001,24.7,-104.998,40.2296,27.2756,-53.25,615.387,1.63688,0.220897,9.5001,0.129021,4.57073e-05,0.801027,0.313445,0.243791,0.174136,0.0348272,0.0348272,0.0348272,0,0,0,0,0,0,0,0
63011,63028,63020,24.8,-104.999,40.2302,26.8514,-52.8029,619.412,1.56809,0.241524,12.2345,0.151967,7.54854e-05,0.806444,0.403222,0.0448025,0.134407,0.0448025,0.0448025,0.0896049,0,0,0,0,0,0,0,0
63031,63045,63038,24.9,-105.001,40.2309,26.4314,-52.6757,622.561,1.462,0.231196,10.6206,0.137813,5.34142e-05,0.639623,0.274124,0.137062,0.228437,0.0456874,0.137062,0,0,0,0,0,0,0,0,0
63054,63065,63060,25,-105.001,40.2315,25.9914,-52.6429,625.648,1.55992,0.254699,13.7004,0.161372,8.68574e-05,0.550559,0.550559,0.18352,0.13764,0.0458799,0,0.0458799,0.0458799,0,0,0,0,0,0,0
63069,63087,63078,25.1,-105.002,40.2319,25.5643,-52.5843,628.784,2.19076,0.382275,19.4146,0.152361,0.000115662,0.978852,0.419508,0.139836,0.23306,0.23306,0.093224,0.093224,0,0,0,0,0,0,0,0
63087,63103,63095,25.2,-105.003,40.2323,25.2,-52.895,630.47,1.6508,0.245904,11.3901,0.138959,6.07962e-05,0.742861,0.330161,0.28889,0.12381,0.0412701,0.0825401,0.0412701,0,0,0,0,0,0,0,0
63106,63118,63112,25.3,-105.004,40.2326,24.8275,-53.0175,632.821,1.5049,0.344209,21.8782,0.190682,0.000166038,0.585238,0.418027,0.167211,0,0,0.0836054,0.250816,0,0,0,0,0,0,0,0
63128,63141,63134,25.4,-105.005,40.2327,24.435,-53.4867,634.343,1.58352,0.390018,24.5252,0.188647,0.000175832,0.508989,0.39588,0,0.226217,0.169663,0.113109,0.113109,0.0565543,0,0,0,0,0,0,0
63146,63160,63153,25.5,-105.006,40.2329,24.08,-53.315,637.5,2.32663,0.554151,36.2023,0.195988,0.000264144,0.851206,0.397229,0.340482,0.170241,0.226988,0.113494,0.056747,0.170241,0,0,0,0,0,0,0
63167,63185,63176,25.6,-105.007,40.2331,23.6713,-52.5213,642.943,1.80758,0.429596,24.0781,0.168145,0.00015459,0.602526,0.129113,0.258225,0.129113,0.387338,0.215188,0.0860752,0,0,0,0,0,0,0,0
63188,63203,63196,25.7,-105.007,40.233,23.3344,-51.8133,647.649,1.57347,0.374357,28.0327,0.224646,0.000168942,0.345396,0.460528,0.230264,0.191886,0.230264,0.0383773,0.0383773,0,0,0.0383773,0,0,0,0,0
63207,63225,63216,25.8,-105.008,40.233,22.99,-51.54,651.216,1.52885,0.290956,15.3237,0.158,9.06478e-05,0.436814,0.30577,0.30577,0.174725,0.218407,0.0436814,0,0.0436814,0,0,0,0,0,0,0
63231,63246,63238,25.9,-105.008,40.2332,22.5971,-51.3743,654.919,1.56675,0.293668,17.1305,0.174999,0.000116639,0.707566,0.303243,0.252702,0.0505405,0.0505405,0.101081,0.0505405,0.0505405,0,0,0,0,0,0,0
63254,63270,63262,26,-105.01,40.2334,22.1944,-51.7678,657.119,1.63429,0.299734,15.634,0.156479,9.23116e-05,0.558049,0.239164,0.438467,0.0797213,0.199303,0.0797213,0,0.0398606,0,0,0,0,0,0,0
63275,63292,63284,26.1,-105.011,40.2337,21.8912,-51.7687,659.708,1.3239,0.231253,11.7466,0.152387,6.86467e-05,0.54782,0.410865,0.0456516,0.0456516,0.0456516,0.228258,0,0,0,0,0,0,0,0,0
63295,63311,63303,26.2,-105.013,40.2343,21.51,-51.4829,663.882,1.45897,0.294603,17.3267,0.176441,0.000122133,0.677378,0.26053,0.156318,0.104212,0,0.104212,0.156318,0,0,0,0,0,0,0,0
63317,63331,63324,26.3,-105.013,40.235,21.2329,-51.09,667.525,1.43768,0.296335,16.9739,0.171838,0.000116284,0.638969,0.159742,0.159742,0.159742,0.159742,0,0.159742,0,0,0,0,0,0,0,0
63346,63346,63346,26.4,-105.014,40.2357,20.8,-51.22,671.087,1.49772,0.160983,5.10128,0.0950647,1.08722e-05,0.37443,0.74886,0.37443,0,0,0,0,0,0,0,0,0,0,0,0
63355,63366,63360,26.5,-105.014,40.2363,20.5625,-50.995,673.959,1.80177,0.383515,20.6865,0.161817,0.00012923,0.568979,0.379319,0.0948298,0.18966,0.379319,0.0948298,0.0948298,0,0,0,0,0,0,0,0
63376,63388,63382,26.6,-105.013,40.2369,20.225,-49.1475,682.791,1.33548,0.195269,7.92682,0.121783,3.2214e-05,0.286173,0.667738,0,0.190782,0.190782,0,0,0,0,0,0,0,0,0,0
63398,63410,63404,26.7,-105.013,40.2373,19.892,-48.736,687.296,1.29494,0.278333,17.9126,0.193069,0.000131994,0.457038,0.380865,0.152346,0.076173,0.076173,0,0.076173,0.076173,0,0,0,0,0,0,0
63412,63430,63421,26.8,-105.013,40.2373,19.626,-49.066,688.931,1.54539,0.198617,7.95655,0.120179,3.27404e-05,0.695425,0.386347,0.231808,0.154539,0,0.0772695,0,0,0,0,0,0,0,0,0
63433,63448,63440,26.9,-105.014,40.2372,19.35,-49.424,690.616,1.02524,0.114372,3.90818,0.102513,1.05322e-05,0.552053,0.157729,0.157729,0.157729,0,0,0,0,0,0,0,0,0,0,0
63451,63465,63458,27,-105.014,40.2368,19.06,-48.8575,695.355,1.77116,0.260196,10.7925,0.124435,4.49642e-05,0.491988,0.393591,0.590386,0.196795,0,0.0983976,0,0,0,0,0,0,0,0,0
63471,63491,63481,27.1,-105.015,40.2365,18.7825,-48.335,699.909,1.51143,0.237359,10.5175,0.132931,4.98981e-05,0.503811,0.352668,0.302287,0.151143,0.100762,0.100762,0,0,0,0,0,0,0,0,0
63493,63506,63500,27.2,-105.016,40.2363,18.4975,-48.5475,702.308,0.759296,0.108474,4.69897,0.129957,2.23797e-05,0.303718,0.202479,0.151859,0,0.0506197,0.0506197,0,0,0,0,0,0,0,0,0
63514,63530,63522,27.3,-105.018,40.2364,18.2013,-48.7975,704.765,0.817008,0.114088,4.92209,0.129429,2.33473e-05,0.357441,0.255315,0.051063,0.051063,0.051063,0.051063,0,0,0,0,0,0,0,0,0
63536,63553,63544,27.4,-105.02,40.2366,17.9187,-48.5487,708.711,1.19135,0.171648,7.60294,0.132881,3.67828e-05,0.621575,0.155394,0.155394,0.155394,0,0.103596,0,0,0,0,0,0,0,0,0
63557,63574,63566,27.5,-105.021,40.2368,17.5989,-47.5033,715.677,1.75509,0.268899,13.9767,0.155933,9.06029e-05,0.877547,0.461867,0.184747,0.0461867,0.0461867,0,0.13856,0,0,0,0,0,0,0,0
63581,63593,63587,27.6,-105.022,40.237,17.3614,-46.8114,720.668,1.18403,0.249946,17.6688,0.212072,0.000121371,0.355208,0.473611,0,0.177604,0.118403,0,0,0,0.0592014,0,0,0,0,0,0
63602,63616,63609,27.7,-105.025,40.2374,17.0629,-46.5557,725.071,1.0958,0.179324,10.1265,0.169412,7.18145e-05,0.608779,0.243512,0.121756,0,0,0,0.121756,0,0,0,0,0,0,0,0
63625,63637,63631,27.8,-105.026,40.2381,16.748,-46.172,730.175,1.19838,0.125604,4.04774,0.0966784,9.43515e-06,0.513592,0.427994,0.171197,0.0855987,0,0,0,0,0,0,0,0,0,0,0
63638,63656,63647,27.9,-105.027,40.2384,16.5571,-46.21,732.44,1.13204,0.116848,3.92644,0.100808,1.17368e-05,0.62891,0.314455,0.125782,0,0.062891,0,0,0,0,0,0,0,0,0,0
63660,63673,63666,28,-105.028,40.2389,16.3143,-46.33,735.148,0.885137,0.0989418,3.53216,0.107098,1.18982e-05,0.442568,0.31612,0,0.063224,0.063224,0,0,0,0,0,0,0,0,0,0
63680,63692,63686,28.1,-105.03,40.2397,16.075,-45.4817,741.032,1.1023,0.120889,4.52828,0.112374,1.81768e-05,0.808352,0.146973,0,0,0.146973,0,0,0,0,0,0,0,0,0,0
63699,63715,63707,28.2,-105.032,40.241,15.8289,-45.3267,744.806,1.09326,0.380759,63.5442,0.500665,0.000147058,0.646017,0.198774,0.0993872,0.0496936,0.0496936,0,0,0,0,0,0,0,0.0496936,0,0
63718,63738,63728,28.3,-105.034,40.243,15.56,-44.8408,750.056,1.28872,0.163948,6.64398,0.121575,2.88344e-05,0.720168,0.265325,0.0758072,0.0758072,0.113711,0.0379036,0,0,0,0,0,0,0,0,0
63745,63762,63754,28.4,-105.037,40.2449,15.335,-45.1533,752.149,0.759111,0.0799645,2.63904,0.0990082,6.62268e-06,0.455466,0.0759111,0.151822,0.0759111,0,0,0,0,0,0,0,0,0,0,0
64650,64651,64650,24.1,-105.095,40.267,30.01,-53.17,599.041,2.24129,0.368103,17.7847,0.144943,9.53681e-05,1.40081,0,0,0.560324,0,0.280162,0,0,0,0,0,0,0,0,0
64652,64666,64659,24,-105.096,40.2669,30.2793,-51.1843,602.9,1.65614,0.246998,11.5373,0.140131,6.29834e-05,0.828072,0.236592,0.354888,0,0.118296,0.078864,0.039432,0,0,0,0,0,0,0,0
64668,64681,64674,23.9,-105.097,40.2668,30.7375,-52.4575,596.876,2.11984,0.311444,13.2806,0.127926,5.91414e-05,0.967754,0.276501,0.322585,0.322585,0.138251,0.0921671,0,0,0,0,0,0,0,0,0
64682,64697,64690,23.8,-105.098,40.2669,31.1953,-53.564,591.382,1.74024,0.180026,6.79986,0.113315,2.92072e-05,1.11079,0.444316,0.0740527,0.0740527,0,0,0.0370263,0,0,0,0,0,0,0,0
64700,64715,64708,23.7,-105.099,40.2675,31.742,-54.2113,586.717,1.87663,0.319281,16.3327,0.153464,9.8231e-05,0.825717,0.450391,0.112598,0.225195,0.0375326,0.15013,0.0750652,0,0,0,0,0,0,0,0
64716,64733,64724,23.6,-105.099,40.2684,32.2414,-53.8757,585.003,1.93571,0.32407,15.4986,0.143474,8.39174e-05,0.735569,0.425856,0.232285,0.232285,0.154857,0.116142,0.0387142,0,0,0,0,0,0,0,0
64734,64750,64742,23.5,-105.1,40.2691,32.7307,-54.0664,581.985,2.42359,0.374993,18.0404,0.144326,9.82736e-05,1.07274,0.516504,0.278117,0.238386,0.198655,0.0794621,0,0.0397311,0,0,0,0,0,0,0
64751,64768,64760,23.4,-105.102,40.2696,33.23,-53.7336,580.352,1.88825,0.24213,9.67338,0.119854,4.0393e-05,0.747434,0.668757,0.236032,0.0786773,0.0786773,0.0786773,0,0,0,0,0,0,0,0,0
64769,64786,64778,23.3,-105.103,40.2697,33.7867,-53.1027,579.264,2.20927,0.327324,15.0216,0.137677,7.98747e-05,0.9621,0.463233,0.391967,0.142533,0.142533,0.0356333,0.0712666,0,0,0,0,0,0,0,0
64787,64803,64795,23.2,-105.105,40.2695,34.3115,-52.1469,579.223,2.82968,0.421979,20.2692,0.144101,0.000114827,1.55838,0.533129,0.12303,0.287069,0.0820198,0.16404,0.0820198,0,0,0,0,0,0,0,0
64804,64804,64804,23.1,-105.106,40.2692,34.57,-53.84,573.545,1.08084,0.120492,3.97906,0.0990702,9.4819e-06,0.540419,0,0.540419,0,0,0,0,0,0,0,0,0,0,0,0
64829,64838,64834,23,-105.108,40.2681,35.5589,-51.98,573.776,2.12144,0.35799,18.0678,0.151411,0.000107876,0.860045,0.45869,0.286682,0.229345,0.114673,0.0573363,0.114673,0,0,0,0,0,0,0,0
64839,64854,64846,22.9,-105.109,40.2678,35.9907,-52.4421,570.605,2.06891,0.377839,21.06,0.167214,0.000135121,0.849729,0.369447,0.295558,0.258613,0.147779,0.0369447,0.0369447,0.0738895,0,0,0,0,0,0,0
64855,64871,64863,22.8,-105.11,40.2676,36.5364,-52.6729,567.564,2.29297,0.402691,22.0848,0.164529,0.00014363,1.1095,0.369834,0.295867,0.184917,0.11095,0.0739669,0.11095,0.0369834,0,0,0,0,0,0,0
64872,64888,64880,22.7,-105.111,40.2677,37.1187,-53.3787,563.2,2.23932,0.406342,20.36,0.150317,0.000116979,0.895728,0.241157,0.447864,0.206706,0.241157,0.137804,0.0689021,0,0,0,0,0,0,0,0
64890,64906,64898,22.6,-105.111,40.2677,37.7279,-53.5321,560.189,2.77027,0.568391,31.1549,0.164437,0.00019647,1.07933,0.28782,0.359775,0.359775,0.395753,0.14391,0.107933,0.0359775,0,0,0,0,0,0,0
64907,64924,64916,22.5,-105.112,40.2679,38.2958,-55.0958,553.837,2.47688,0.456056,25.5803,0.168271,0.000170114,1.11033,0.555163,0.213524,0.128115,0.213524,0.0854097,0.128115,0.0427048,0,0,0,0,0,0,0
64925,64942,64934,22.4,-105.112,40.2684,38.9138,-55.1438,551.186,2.41239,0.480439,33.5717,0.209631,0.000204691,1.12838,0.389096,0.272367,0.272367,0.116729,0.116729,0.0778191,0,0,0.0389096,0,0,0,0,0
64942,64961,64952,22.3,-105.113,40.2693,39.6067,-55.8875,546.545,2.4986,0.452875,24.1572,0.160025,0.000146027,0.974032,0.296444,0.55054,0.254095,0.296444,0.0423492,0,0.0846984,0,0,0,0,0,0,0
64962,64976,64969,22.2,-105.114,40.2701,40.2038,-56.1246,543.618,2.58286,0.540115,30.905,0.171658,0.000204534,0.978357,0.391343,0.430477,0.234806,0.117403,0.27394,0.117403,0.0391343,0,0,0,0,0,0,0
64977,64993,64985,22.1,-105.115,40.2706,40.832,-57.0413,538.931,3.29799,0.735352,44.1329,0.180048,0.000302588,1.51438,0.235571,0.403836,0.235571,0.33653,0.370183,0.100959,0.100959,0,0,0,0,0,0,0
64994,65011,65002,22,-105.115,40.2712,41.48,-57.4169,535.576,2.95503,0.620281,35.8165,0.173227,0.000240627,1.01679,0.603716,0.444844,0.158873,0.381294,0.127098,0.158873,0.0635491,0,0,0,0,0,0,0
65012,65028,65020,21.9,-105.116,40.2722,42.182,-57.63,532.489,2.70651,0.462032,24.6378,0.159974,0.000152807,1.1841,0.507471,0.338314,0.338314,0.169157,0.0338314,0.0676628,0.0676628,0,0,0,0,0,0,0
65030,65047,65038,21.8,-105.117,40.2735,42.83,-57.6053,530.233,2.13968,0.399182,24.0883,0.181033,0.000158535,0.93611,0.367758,0.367758,0.167163,0.100298,0.100298,0.0334325,0.0334325,0.0334325,0,0,0,0,0,0
65048,65066,65057,21.7,-105.118,40.2746,43.4862,-57.19,528.956,2.23439,0.418884,20.9337,0.149925,0.000119607,0.643807,0.605936,0.189355,0.265097,0.37871,0.075742,0.075742,0,0,0,0,0,0,0,0
65068,65085,65076,21.6,-105.119,40.2754,44.2582,-57.9253,524.511,2.68246,0.465089,22.6744,0.146259,0.000123016,0.922997,0.519186,0.490342,0.288436,0.259593,0.173062,0,0.0288436,0,0,0,0,0,0,0
65087,65102,65094,21.5,-105.12,40.2757,44.9286,-58.3414,521.25,3.25531,0.591202,34.9064,0.177129,0.000236803,1.54199,0.616795,0.308398,0.37693,0.171332,0.0342664,0.0342664,0.171332,0,0,0,0,0,0,0
65103,65122,65112,21.4,-105.122,40.2762,45.6575,-58.3706,518.79,3.5085,0.737182,43.5217,0.177114,0.000298624,1.31944,0.689705,0.41982,0.329859,0.299872,0.149936,0.20991,0.0899615,0,0,0,0,0,0,0
65123,65142,65132,21.3,-105.123,40.2769,46.4283,-58.2144,516.687,2.95658,0.670493,54.6513,0.244528,0.000261718,1.22525,0.58599,0.239723,0.346267,0.213087,0.213087,0.0266359,0.0799077,0,0,0.0266359,0,0,0,0
65143,65161,65152,21.2,-105.124,40.2777,47.1827,-58.3113,514.083,2.99258,0.726575,44.9355,0.185537,0.000318039,0.923244,0.382032,0.63672,0.254688,0.286524,0.191016,0.222852,0.095508,0,0,0,0,0,0,0
65162,65180,65171,21.1,-105.126,40.2786,47.9489,-58.3178,511.707,2.67356,0.556335,33.731,0.181892,0.000227445,0.996034,0.55044,0.36696,0.235903,0.157269,0.209691,0.0786343,0.0524228,0.0262114,0,0,0,0,0,0
65183,65200,65192,21,-105.127,40.2791,48.748,-58.9773,507.731,3.13526,0.789255,57.9206,0.220159,0.000401366,0.99335,0.620844,0.558759,0.248337,0.27938,0.124169,0.186253,0.0310422,0.0620844,0.0310422,0,0,0,0,0
65201,65220,65210,20.9,-105.129,40.2793,49.5133,-59.8372,503.447,3.72081,0.914893,60.4823,0.198326,0.00044723,1.30098,0.910687,0.156118,0.390294,0.364275,0.182137,0.156118,0.260196,0,0,0,0,0,0,0
65221,65239,65230,20.8,-105.13,40.2798,50.38,-58.9247,503.104,3.6351,0.99212,68.0287,0.205707,0.000501799,1.14793,0.546631,0.437305,0.382642,0.464636,0.218652,0.218652,0.163989,0.0546631,0,0,0,0,0,0
65249,65258,65254,20.7,-105.132,40.2801,51.3678,-61.1911,495.025,2.98923,0.654187,41.6238,0.19088,0.000287125,1.23692,0.515385,0.206154,0.36077,0.309231,0.154616,0.103077,0.0515385,0.0515385,0,0,0,0,0,0
65259,65277,65268,20.6,-105.133,40.2804,51.9813,-59.6538,496.925,3.50426,0.838127,49.2211,0.176182,0.000330676,1.10051,0.434412,0.434412,0.463373,0.492333,0.318569,0.202726,0.0579216,0,0,0,0,0,0,0
65279,65296,65288,20.5,-105.134,40.281,52.8342,-58.3253,497.696,3.98546,1.14527,83.8908,0.21975,0.000611403,1.19325,0.692086,0.548896,0.310246,0.405706,0.357976,0.23865,0.14319,0.0715951,0.023865,0,0,0,0,0
65298,65315,65306,20.4,-105.135,40.2814,53.7175,-57.6469,496.91,3.4743,0.852995,55.3395,0.19463,0.000386268,0.756501,0.924612,0.476315,0.448297,0.39226,0.19613,0.112074,0.112074,0.0560371,0,0,0,0,0,0
