data/B2SAP/Locations/Boulder/NOAA-POPS-B2SAP_GMLBalloon_20211005_R0.ict
61,1001
Thornberry, T. D.
NOAA Chemical Sciences Laboratory
Portable Optical Particle Spectrometer (POPS)
Balloon Baseline Stratospheric Aerosol Profiles (B2SAP)
1,1
2021,10,05,2024,05,30
0
TIME_START,s,Seconds since midnight UTC on flight start day,Start time of 100 m altitude bin in UTC_seconds_since_midnight
28
1.0,1.0,1.0,1.0,1.0,1.0,1.0,1.0,1.0,1.0,1.0,1.0,1.0,1.0,1.0,1.0,1.0,1.0,1.0,1.0,1.0,1.0,1.0,1.0,1.0,1.0,1.0,1.0
99999,99999,99999,99999,99999,99999,99999,99999,99999,99999,99999,99999,99999,99999,99999,99999,99999,99999,99999,99999,99999,99999,99999,99999,99999,99999,99999,99999
TIME_STOP,s,End time of 100 m altitude bin in UTC seconds since midnight,
TIME_MID,s,Mid time of 100 m altitude in UTC seconds since midnight,
GPSAlt,m,GPS reported altitude above sea level (m),
GPS_Lon,deg,GPS reported longitude,
GPS_Lat,deg,GPS reported latitude,
iMet_Pressure,mb,Pressure reported (mB),
iMet_Temperature,degrees C,Ambient temperature (oC),
THETA,K,Potential temperature from iMet,
Aerosol_concentration,cm^-3,Aerosol concentration,
Surface_Area_Conc,um^2 cm^-3,Surface area concentration,
Volume_density,um^3 cm^-3,Volume density,
Effective_radius,um,Effective radius,
Extinction,km^-1,Extinction,
Bin01,cm^-3,particle concentration in size range [140 - 170 nm],
Bin02,cm^-3,particle concentration in size range [170 - 205 nm],
Bin03,cm^-3,particle concentration in size range [205 - 249 nm],
Bin04,cm^-3,particle concentration in size range [249 - 302 nm],
Bin05,cm^-3,particle concentration in size range [302 - 366 nm],
Bin06,cm^-3,particle concentration in size range [366 - 443 nm],
Bin07,cm^-3,particle concentration in size range [443 - 537 nm],
Bin08,cm^-3,particle concentration in size range [537 - 651 nm],
Bin09,cm^-3,particle concentration in size range [651 - 789 nm],
Bin10,cm^-3,particle concentration in size range [789 - 956 nm],
Bin11,cm^-3,particle concentration in size range [956 - 1159 nm],
Bin12,cm^-3,particle concentration in size range [1159 - 1404 nm],
Bin13,cm^-3,particle concentration in size range [1404 - 1702 nm],
Bin14,cm^-3,particle concentration in size range [1702 - 2062 nm],
Bin15,cm^-3,particle concentration in size range [2062 - 2500 nm],
0
19
PI_CONTACT_INFO: 325 Broadway R/CSL6, Boulder, CO 80305; troy.thornberry@noaa.gov; 303-497-3373 
PLATFORM: GML ECC/FPH balloon
LOCATION: Boulder, CO, USA
ASSOCIATED_DATA: N/A
INSTRUMENT_INFO: Printed Optical Particle Spectrometer counts particles from 140 - 2500 nm in diameter 
DATA_INFO: Particle concentrations reported in number per cubic centimeter, binned to 100 m altitude
UNCERTAINTY: Counting uncertainty dominated by air flow, less than 5 percent
ULOD_FLAG: -77777
ULOD_VALUE: 3000 ~3000 per cm3 (varies depending on flow rate- manufacturer quotes 1250  per cm3 at 1.667 cc/s)
LLOD_FLAG: -88888
LLOD_VALUE: 0 0 (varies depending on data field and measurement precision)
DM_CONTACT_INFO: Troy Thornberry, 325 Broadway R/CSL6, Boulder, CO 80305; troy.thornberry@noaa.gov; 303-497-3373
PROJECT_INFO: B2SAP Boulder, CO, USA
STIPULATIONS_ON_USE: Please contact the PIs for questions regarding applications and uncertainties
OTHER_COMMENTS: POPS bin Edges (nm):  140, 170, 205, 249, 302, 366, 443, 537, 651, 789, 956, 1159, 1404, 1702, 2062, 2500
Calculations assume sulfate refractive index of 1.45+0.00j and extinction wavelength = 532 nm
REVISION: R0
R0: QA/QC data
TIME_START,TIME_STOP,TIME_MID,GPSAlt,GPS_Lon,GPS_Lat,iMet_Pressure,iMet_Temperature,THETA,Aerosol_concentration,Surface_Area_Conc,Volume_density,Effective_radius,Extinction,Bin01,Bin02,Bin03,Bin04,Bin05,Bin06,Bin07,Bin08,Bin09,Bin10,Bin11,Bin12,Bin13,Bin14,Bin15
[from data line 237]
64732,64752,64742,25.4,-105.031,40.2671,23.4995,-56.359,633.07,1.60729,0.265316,13.1528,0.148722,7.52072e-05,0.593998,0.401822,0.244587,0.139764,0.122294,0.0524116,0.034941,0.0174705,0,0,0,0,0,0,0
64753,64772,64762,25.5,-105.029,40.2674,23.154,-56.1045,636.513,1.51516,0.265838,13.351,0.150667,7.62331e-05,0.511139,0.419864,0.127785,0.18255,0.164295,0.0730199,0.018255,0.018255,0,0,0,0,0,0,0
64773,64793,64783,25.6,-105.028,40.2672,22.7995,-56.8105,637.236,1.77098,0.374728,20.6291,0.165153,0.00013055,0.521973,0.410122,0.223703,0.111851,0.260987,0.167777,0.0559257,0.0186419,0,0,0,0,0,0,0
64794,64814,64804,25.7,-105.027,40.267,22.4095,-57.3285,638.855,1.80626,0.323327,16.7974,0.155855,0.000100745,0.684477,0.437305,0.190133,0.171119,0.133093,0.133093,0.0380265,0.0190133,0,0,0,0,0,0,0
64815,64835,64825,25.8,-105.025,40.2666,21.9895,-57.329,642.314,1.63392,0.278049,13.6688,0.147479,7.62069e-05,0.580948,0.308629,0.363092,0.108928,0.163392,0.0726185,0.0181546,0.0181546,0,0,0,0,0,0,0
64836,64855,64846,25.9,-105.025,40.2663,21.639,-57.5185,644.707,1.6172,0.358952,20.7755,0.173635,0.000137835,0.487107,0.311749,0.175359,0.233811,0.214327,0.0779372,0.0779372,0.0389686,0,0,0,0,0,0,0
64856,64877,64866,26,-105.024,40.266,21.3068,-57.5,647.617,1.67107,0.355333,19.6673,0.166047,0.000123049,0.503118,0.251559,0.251559,0.287496,0.179685,0.125779,0.035937,0.035937,0,0,0,0,0,0,0
64878,64898,64888,26.1,-105.023,40.2654,20.9981,-57.5624,650.13,1.78291,0.333879,17.0225,0.152952,9.8229e-05,0.569014,0.303474,0.322442,0.246573,0.208639,0.0758686,0.0379343,0.0189671,0,0,0,0,0,0,0
64899,64918,64908,26.2,-105.023,40.2652,20.677,-57.888,652.026,1.54733,0.355922,35.7771,0.301558,0.000116866,0.602856,0.301428,0.241143,0.180857,0.100476,0.0602856,0.0401904,0,0,0,0,0,0.0200952,0,0
64920,64941,64930,26.3,-105.023,40.2654,20.2409,-57.3482,657.64,1.62532,0.294348,14.5273,0.148063,8.20418e-05,0.517147,0.240104,0.369391,0.221634,0.184695,0.0184695,0.0738781,0,0,0,0,0,0,0,0
64942,64963,64952,26.4,-105.022,40.2656,19.9291,-57.1459,661.193,1.61091,0.239198,10.227,0.128266,4.65205e-05,0.543213,0.468287,0.187315,0.224778,0.149852,0.0187315,0.0187315,0,0,0,0,0,0,0,0
64964,64984,64974,26.5,-105.022,40.2656,19.6457,-56.9448,664.509,1.24783,0.240775,12.0362,0.149969,6.79985e-05,0.316908,0.257488,0.237681,0.158454,0.178261,0.0594203,0.0396135,0,0,0,0,0,0,0,0
64985,65004,64994,26.6,-105.022,40.2655,19.3265,-57.1125,667.12,1.28392,0.239169,12.713,0.159465,7.78597e-05,0.442004,0.273621,0.168382,0.18943,0.105239,0.0420956,0.0420956,0.0210478,0,0,0,0,0,0,0
65005,65025,65015,26.7,-105.022,40.2655,18.9581,-57.1857,670.562,1.275,0.174175,6.75599,0.116366,2.45929e-05,0.485716,0.263096,0.22262,0.202382,0.101191,0,0,0,0,0,0,0,0,0,0
65026,65045,65036,26.8,-105.022,40.2655,18.623,-56.7035,675.504,1.15446,0.200811,9.77005,0.145959,5.3687e-05,0.384819,0.256546,0.106894,0.277925,0.0427577,0.0427577,0.0427577,0,0,0,0,0,0,0,0
65046,65064,65055,26.9,-105.022,40.2655,18.3179,-56.6163,678.961,1.32832,0.26237,13.4412,0.15369,7.82913e-05,0.412237,0.160315,0.297727,0.160315,0.160315,0.0916083,0.0458042,0,0,0,0,0,0,0,0
65065,65084,65074,27,-105.022,40.2658,18.0815,-56.6185,681.488,1.1988,0.199923,8.82304,0.132396,4.02535e-05,0.377401,0.222001,0.1554,0.266401,0.1332,0.0444001,0,0,0,0,0,0,0,0,0
65085,65104,65094,27.1,-105.022,40.2664,17.7935,-56.792,684.069,1.12376,0.196743,10.0405,0.153101,5.77909e-05,0.396622,0.308484,0.0661037,0.176276,0.0881382,0.0661037,0,0.0220346,0,0,0,0,0,0,0
65105,65125,65115,27.2,-105.022,40.2671,17.4395,-56.54,688.814,1.11765,0.175162,7.93595,0.135919,3.99143e-05,0.428038,0.214019,0.190239,0.142679,0.0951195,0.0237799,0.0237799,0,0,0,0,0,0,0,0
65126,65145,65136,27.3,-105.021,40.2679,17.1525,-56.1185,693.428,1.08777,0.186766,8.59579,0.138073,4.30805e-05,0.24928,0.317266,0.158633,0.203956,0.113309,0.0226618,0.0226618,0,0,0,0,0,0,0,0
65146,65166,65156,27.4,-105.02,40.2686,16.919,-54.9952,699.754,1.09855,0.185313,9.53481,0.154357,5.66685e-05,0.430803,0.258482,0.129241,0.129241,0.0861607,0.0215402,0.0215402,0.0215402,0,0,0,0,0,0,0
65167,65187,65177,27.5,-105.018,40.2688,16.5967,-54.2561,705.998,1.188,0.213238,10.8119,0.15211,6.35614e-05,0.464868,0.232434,0.103304,0.180782,0.103304,0.051652,0.051652,0,0,0,0,0,0,0,0
65188,65207,65198,27.6,-105.017,40.2688,16.3273,-53.1167,713,1.29513,0.179062,7.37552,0.123569,3.15351e-05,0.61673,0.246692,0.123346,0.154182,0.123346,0.0308365,0,0,0,0,0,0,0,0,0
65208,65228,65218,27.7,-105.017,40.2685,16.0094,-52.8183,717.979,1.10137,0.197055,9.91943,0.151015,5.80486e-05,0.384199,0.281746,0.0768397,0.153679,0.128066,0.0256132,0.0512265,0,0,0,0,0,0,0,0
65229,65229,65229,27.8,-105.016,40.2683,15.92,-52.87,718.954,0.924059,0.286488,17.5767,0.184057,0.000119751,0,0.46203,0,0,0,0.46203,0,0,0,0,0,0,0,0,0
65250,65250,65250,27.9,-105.015,40.2683,15.68,-52.64,722.853,0,0,0,99999,0,0,0,0,0,0,0,0,0,0,0,0,0,0,0,0
58064,58064,58064,1.8,-105.197,39.9492,830.03,18.29,307.377,382.9,60.0918,4751.94,0.237234,0.0174543,190.78,95.5574,36.2112,19.4468,19.7821,11.3998,7.04107,2.01173,0,0,0,0.335289,0,0,0.335289
58071,59222,58646,1.7,-105.197,39.9491,830.111,19.285,308.417,376.451,56.7495,3739.09,0.197663,0.0158033,185.497,91.2294,41.243,21.5422,19.1586,7.42171,7.45559,1.8526,0.429262,0.101667,0.0338891,0.146853,0.158149,0.0564818,0.12426
65526,65527,65526,27.6,-105.006,40.2605,16.345,-51.445,718.201,1.38651,0.491726,31.679,0.193272,0.000229423,0.231085,0,0,0.462171,0.231085,0.231085,0.231085,0,0,0,0,0,0,0,0
65533,65536,65534,27.5,-105.005,40.2606,16.45,-51.485,716.734,1.15563,0.107909,3.23406,0.0899108,6.28416e-06,0.693381,0.231127,0.231127,0,0,0,0,0,0,0,0,0,0,0,0
65547,65563,65555,27.4,-105.004,40.2608,16.7333,-52.4567,710.146,1.27019,0.20832,9.78725,0.140945,5.20716e-05,0.495683,0.278822,0.123921,0.154901,0.154901,0.0309802,0.0309802,0,0,0,0,0,0,0,0
65564,65580,65572,27.3,-105.003,40.2615,17.1081,-53.6569,701.81,0.963783,0.205521,11.8172,0.172496,7.79784e-05,0.204439,0.292056,0.204439,0.0292056,0.116822,0.0584111,0.0292056,0.0292056,0,0,0,0,0,0,0
65581,65597,65589,27.2,-105.002,40.2623,17.3324,-54.8271,695.483,1.21387,0.230024,11.4756,0.149666,6.47153e-05,0.358644,0.13794,0.27588,0.248292,0.110352,0.027588,0.0551761,0,0,0,0,0,0,0,0
65598,65613,65606,27.1,-105.001,40.2629,17.6306,-54.8069,692.158,1.40565,0.220703,9.998,0.135902,5.04178e-05,0.573736,0.172121,0.344241,0.114747,0.143434,0.0286868,0.0286868,0,0,0,0,0,0,0,0
65614,65629,65622,27,-105.001,40.2635,17.9375,-54.87,688.563,1.44794,0.203625,8.94715,0.131818,4.45811e-05,0.681386,0.312302,0.198738,0.0851732,0.113564,0.0283911,0.0283911,0,0,0,0,0,0,0,0
65630,65644,65637,26.9,-105.001,40.2637,18.2373,-54.3847,686.831,0.898582,0.137896,6.03686,0.131335,2.84007e-05,0.269575,0.239622,0.239622,0.0299527,0.0599055,0.0599055,0,0,0,0,0,0,0,0,0
65645,65659,65652,26.8,-105.001,40.2638,18.5233,-54.9393,682.051,1.14845,0.174942,7.82701,0.134222,3.87821e-05,0.412263,0.176684,0.353368,0.117789,0.0294474,0.0294474,0.0294474,0,0,0,0,0,0,0,0
65660,65674,65667,26.7,-105.001,40.2638,18.842,-55.946,675.609,1.27235,0.233278,12.7899,0.164481,8.13986e-05,0.562202,0.236716,0.118358,0.118358,0.118358,0.0591791,0.0295896,0.0295896,0,0,0,0,0,0,0
65675,65688,65682,26.6,-105,40.2639,19.1957,-54.7464,675.736,1.34137,0.225801,10.8354,0.14396,5.88582e-05,0.561502,0.249556,0.0935836,0.218362,0.124778,0.0623891,0.0311945,0,0,0,0,0,0,0,0
65689,65702,65696,26.5,-105,40.2639,19.4433,-56.72,667.183,1.00757,0.144742,6.72468,0.139379,3.67564e-05,0.467802,0.215909,0.179924,0.0719696,0,0.0359848,0.0359848,0,0,0,0,0,0,0,0
65703,65715,65709,26.4,-105,40.2638,19.7677,-54.8262,669.837,1.28151,0.174609,7.44583,0.127929,3.55574e-05,0.46003,0.492889,0.0985779,0.131437,0.0657186,0,0.0328593,0,0,0,0,0,0,0,0
65716,65726,65721,26.3,-105,40.2639,20.0455,-53.8773,670.084,1.06405,0.134767,5.03859,0.112162,1.74822e-05,0.418018,0.304013,0.152007,0.114005,0.0760033,0,0,0,0,0,0,0,0,0,0
65727,65738,65732,26.2,-105,40.264,20.3858,-52.9042,669.812,1.13188,0.228389,14.7847,0.194204,9.87382e-05,0.583089,0.137197,0.0685987,0.137197,0.0685987,0.102898,0,0,0.0342994,0,0,0,0,0,0
65739,65750,65744,26.1,-104.999,40.2641,20.7158,-53.1067,666.148,1.20125,0.188009,8.12058,0.129578,3.60077e-05,0.343213,0.308892,0.205928,0.240249,0.0343213,0.0686427,0,0,0,0,0,0,0,0,0
65751,65763,65757,26,-104.999,40.2638,21.1017,-56.915,651.169,1.94171,0.324631,15.5281,0.143499,8.4374e-05,0.658793,0.346733,0.450753,0.277386,0.0693466,0.0693466,0.0693466,0,0,0,0,0,0,0,0
65764,65777,65770,25.9,-104.999,40.2636,21.4229,-54.3464,656.07,1.69465,0.318455,17.1454,0.161519,0.000106071,0.631903,0.287229,0.229783,0.315951,0.0574457,0.0861686,0.0574457,0.0287229,0,0,0,0,0,0,0
65778,65791,65784,25.8,-104.998,40.2634,21.8379,-57.3236,643.602,1.54331,0.27792,13.9981,0.151103,8.16783e-05,0.495024,0.378548,0.262072,0.116476,0.145595,0.0873572,0.0582381,0,0,0,0,0,0,0,0
65792,65804,65798,25.7,-104.997,40.2631,22.17,-57.5162,640.261,1.33155,0.256744,12.8609,0.150276,7.17498e-05,0.371595,0.216764,0.24773,0.278696,0.0619326,0.123865,0.0309663,0,0,0,0,0,0,0,0
65805,65818,65812,25.6,-104.997,40.2628,22.5214,-56.0829,641.634,1.55007,0.244688,11.9888,0.146989,6.67103e-05,0.591846,0.422747,0.0845495,0.338198,0.0563663,0,0.0281832,0.0281832,0,0,0,0,0,0,0
65819,65832,65826,25.5,-104.996,40.2626,22.875,-55.8583,639.436,1.63507,0.293002,14.7758,0.151287,8.61218e-05,0.588625,0.261611,0.359715,0.163507,0.0981042,0.0981042,0.0654028,0,0,0,0,0,0,0,0
65833,65846,65840,25.4,-104.995,40.2627,23.2857,-55.9536,635.921,1.65266,0.262003,11.7116,0.134101,5.63112e-05,0.716154,0.275444,0.137722,0.2479,0.192811,0.0826332,0,0,0,0,0,0,0,0,0
65847,65861,65854,25.3,-104.994,40.263,23.656,-55.526,634.297,1.3023,0.216702,9.39286,0.130033,4.1397e-05,0.38303,0.204283,0.255353,0.255353,0.178747,0.0255353,0,0,0,0,0,0,0,0,0
65862,65875,65868,25.2,-104.993,40.2633,24.0471,-55.7871,630.59,1.69832,0.233899,9.25964,0.118765,3.58839e-05,0.727849,0.296531,0.269574,0.215659,0.188702,0,0,0,0,0,0,0,0,0,0
65876,65889,65882,25.1,-104.993,40.2636,24.4407,-56.2043,626.447,1.65915,0.310361,15.4533,0.149375,8.59739e-05,0.45493,0.374648,0.294366,0.267606,0.0535211,0.187324,0.0267606,0,0,0,0,0,0,0,0
65890,65903,65896,25,-104.992,40.2641,24.8529,-56.1743,623.563,1.44209,0.270495,13.9038,0.154204,8.3358e-05,0.453992,0.320465,0.213643,0.160233,0.186938,0.0267054,0.0801163,0,0,0,0,0,0,0,0
65904,65917,65910,24.9,-104.993,40.2645,25.2343,-55.88,621.688,1.74968,0.303617,14.5603,0.143868,7.84322e-05,0.548406,0.470062,0.104458,0.365604,0.156687,0.0522291,0.0522291,0,0,0,0,0,0,0,0
65918,65931,65924,24.8,-104.993,40.2648,25.6557,-56.6664,616.52,1.6932,0.335154,16.1445,0.144512,8.39616e-05,0.364689,0.312591,0.312591,0.260492,0.312591,0.130246,0,0,0,0,0,0,0,0,0
65932,65946,65939,24.7,-104.993,40.265,26.1413,-56.6733,613.201,1.49318,0.233237,10.2211,0.131468,4.74285e-05,0.545128,0.331817,0.18961,0.213311,0.142207,0.0711037,0,0,0,0,0,0,0,0,0
65947,65960,65954,24.6,-104.994,40.265,26.5221,-56.9157,609.99,1.82709,0.372408,20.3337,0.163802,0.000125283,0.532901,0.253763,0.40602,0.253763,0.228386,0.0761288,0.0253763,0.0507525,0,0,0,0,0,0,0
65961,65975,65968,24.5,-104.994,40.2649,26.9467,-57.0807,606.769,1.93777,0.395242,20.8907,0.158566,0.000125353,0.42024,0.396893,0.42024,0.303507,0.233467,0.07004,0.07004,0.0233467,0,0,0,0,0,0,0
65976,65990,65983,24.4,-104.994,40.2648,27.4421,-56.8807,604.173,1.71309,0.34282,17.1429,0.150017,9.59454e-05,0.372411,0.372411,0.273101,0.273101,0.297929,0.0744822,0.0496548,0,0,0,0,0,0,0,0
65991,66005,65998,24.3,-104.994,40.2646,27.8847,-56.8733,601.447,1.61797,0.339336,19.1759,0.16953,0.000123663,0.455767,0.319037,0.205095,0.341825,0.159518,0.0227883,0.068365,0.0455767,0,0,0,0,0,0,0
66006,66021,66014,24.2,-104.993,40.2644,28.3394,-57.1213,597.977,2.01516,0.434507,24.8858,0.171821,0.00016214,0.615155,0.360608,0.233334,0.339396,0.275759,0.0636367,0.0636367,0.0636367,0,0,0,0,0,0,0
66022,66037,66030,24.1,-104.992,40.2644,28.875,-57.2575,594.421,1.75635,0.375878,19.987,0.159522,0.000121711,0.423218,0.296252,0.275092,0.338574,0.253931,0.0634827,0.105804,0,0,0,0,0,0,0,0
66038,66053,66046,24,-104.991,40.2645,29.2967,-57.256,591.955,1.77104,0.343191,17.2531,0.150818,9.79922e-05,0.420622,0.354208,0.376346,0.287794,0.177104,0.0885519,0.0664139,0,0,0,0,0,0,0,0
66054,66069,66062,23.9,-104.99,40.265,29.7669,-57.2137,589.397,2.21323,0.435722,23.0937,0.159003,0.000136728,0.599848,0.413689,0.413689,0.330951,0.310266,0.0827377,0,0.0620533,0,0,0,0,0,0,0
66070,66086,66078,23.8,-104.989,40.2658,30.2647,-57.7059,585.262,2.32196,0.480455,24.544,0.153255,0.00013969,0.483742,0.386993,0.445042,0.425693,0.445042,0.058049,0.058049,0.0193497,0,0,0,0,0,0,0
66087,66103,66095,23.7,-104.988,40.2666,30.7488,-58.3871,580.782,2.35808,0.510937,31.6807,0.186015,0.000195417,0.69017,0.479285,0.383428,0.230057,0.345085,0.115028,0.0766855,0.0191714,0,0.0191714,0,0,0,0,0
66104,66120,66112,23.6,-104.988,40.2673,31.2912,-58.9106,576.471,2.24237,0.482871,37.5511,0.233299,0.000146697,0.594132,0.574967,0.268318,0.479139,0.17249,0.0958278,0.0191656,0.0191656,0,0,0,0.0191656,0,0,0
66121,66138,66130,23.5,-104.988,40.2677,31.8189,-58.5383,574.726,1.80635,0.363913,19.919,0.164207,0.000124555,0.500771,0.393463,0.321924,0.250385,0.143077,0.107308,0.053654,0.0357693,0,0,0,0,0,0,0
66139,66151,66145,23.4,-104.988,40.2677,32.2454,-58.5854,572.42,2.22492,0.431659,22.082,0.153469,0.00012678,0.562342,0.440094,0.415644,0.391194,0.244496,0.0977986,0.0488993,0.0244496,0,0,0,0,0,0,0
