data/B2SAP/Locations/Boulder/NOAA-POPS-B2SAP_GMLBalloon_20210402_R0.ict
61,1001
Thornberry, T. D.
NOAA Chemical Sciences Laboratory
Portable Optical Particle Spectrometer (POPS)
Balloon Baseline Stratospheric Aerosol Profiles (B2SAP)
1,1
2021,04,02,2024,05,28
0
TIME_START,s,Seconds since midnight UTC on flight start day,Start time of 100 m altitude bin in UTC_seconds_since_midnight
28
1.0,1.0,1.0,1.0,1.0,1.0,1.0,1.0,1.0,1.0,1.0,1.0,1.0,1.0,1.0,1.0,1.0,1.0,1.0,1.0,1.0,1.0,1.0,1.0,1.0,1.0,1.0,1.0
99999,99999,99999,99999,99999,99999,99999,99999,99999,99999,99999,99999,99999,99999,99999,99999,99999,99999,99999,99999,99999,99999,99999,99999,99999,99999,99999,99999
TIME_STOP,s,End time of 100 m altitude bin in UTC seconds since midnight,
TIME_MID,s,Mid time of 100 m altitude in UTC seconds since midnight,
GPSAlt,m,GPS reported altitude above sea level (m),
GPS_Lon,deg,GPS reported longitude,
GPS_Lat,deg,GPS reported latitude,
iMet_Pressure,mb,Pressure reported (mB),
iMet_Temperature,degrees C,Ambient temperature (oC),
THETA,K,Potential temperature from iMet,
Aerosol_concentration,cm^-3,Aerosol concentration,
Surface_Area_Conc,um^2 cm^-3,Surface area concentration,
Volume_density,um^3 cm^-3,Volume density,
Effective_radius,um,Effective radius,
Extinction,km^-1,Extinction,
Bin01,cm^-3,particle concentration in size range [140 - 170 nm],
Bin02,cm^-3,particle concentration in size range [170 - 205 nm],
Bin03,cm^-3,particle concentration in size range [205 - 249 nm],
Bin04,cm^-3,particle concentration in size range [249 - 302 nm],
Bin05,cm^-3,particle concentration in size range [302 - 366 nm],
Bin06,cm^-3,particle concentration in size range [366 - 443 nm],
Bin07,cm^-3,particle concentration in size range [443 - 537 nm],
Bin08,cm^-3,particle concentration in size range [537 - 651 nm],
Bin09,cm^-3,particle concentration in size range [651 - 789 nm],
Bin10,cm^-3,particle concentration in size range [789 - 956 nm],
Bin11,cm^-3,particle concentration in size range [956 - 1159 nm],
Bin12,cm^-3,particle concentration in size range [1159 - 1404 nm],
Bin13,cm^-3,particle concentration in size range [1404 - 1702 nm],
Bin14,cm^-3,particle concentration in size range [1702 - 2062 nm],
Bin15,cm^-3,particle concentration in size range [2062 - 2500 nm],
0
19
PI_CONTACT_INFO: 325 Broadway R/CSL6, Boulder, CO 80305; troy.thornberry@noaa.gov; 303-497-3373 
PLATFORM: GML ECC/FPH balloon
LOCATION: Boulder, CO, USA
ASSOCIATED_DATA: N/A
INSTRUMENT_INFO: Printed Optical Particle Spectrometer counts particles from 140 - 2500 nm in diameter 
DATA_INFO: Particle concentrations reported in number per cubic centimeter, binned to 100 m altitude
UNCERTAINTY: Counting uncertainty dominated by air flow, less than 5 percent
ULOD_FLAG: -77777
ULOD_VALUE: 3000 ~3000 per cm3 (varies depending on flow rate- manufacturer quotes 1250  per cm3 at 1.667 cc/s)
LLOD_FLAG: -88888
LLOD_VALUE: 0 0 (varies depending on data field and measurement precision)
DM_CONTACT_INFO: Troy Thornberry, 325 Broadway R/CSL6, Boulder, CO 80305; troy.thornberry@noaa.gov; 303-497-3373
PROJECT_INFO: B2SAP Boulder, CO, USA
STIPULATIONS_ON_USE: Please contact the PIs for questions regarding applications and uncertainties
OTHER_COMMENTS: POPS bin Edges (nm):  140, 170, 205, 249, 302, 366, 443, 537, 651, 789, 956, 1159, 1404, 1702, 2062, 2500
Calculations assume sulfate refractive index of 1.45+0.00j and extinction wavelength = 532 nm
REVISION: R0
R0: QA/QC data
TIME_START,TIME_STOP,TIME_MID,GPSAlt,GPS_Lon,GPS_Lat,iMet_Pressure,iMet_Temperature,THETA,Aerosol_concentration,Surface_Area_Conc,Volume_density,Effective_radius,Extinction,Bin01,Bin02,Bin03,Bin04,Bin05,Bin06,Bin07,Bin08,Bin09,Bin10,Bin11,Bin12,Bin13,Bin14,Bin15
[from data line 72]
59361,59376,59368,8.9,-105.081,39.9227,322.566,-41.935,319.457,18.9594,8.92707,1802.7,0.605809,0.0048169,9.3874,3.82352,1.7931,1.0284,0.949288,0.29006,0.316429,0.210953,0.237322,0.131846,0.105476,0.263691,0.210953,0.105476,0.105476
59377,59394,59386,9,-105.078,39.9228,317.918,-42.7328,319.675,18.9824,6.71875,1259.53,0.562394,0.00333492,9.96109,3.52397,2.0439,1.10418,0.892739,0.234931,0.422876,0.140959,0.117466,0.0469863,0.0234931,0.0469863,0.234931,0.140959,0.0469863
59395,59412,59404,9.1,-105.074,39.9229,313.18,-43.6967,319.703,14.953,2.96142,332.03,0.336356,0.000989245,6.78183,3.34382,1.8132,1.38933,0.918372,0.259028,0.282576,0.023548,0.023548,0,0.023548,0.047096,0.023548,0,0.023548
59413,59427,59420,9.2,-105.071,39.9229,308.458,-44.6693,319.743,17.3223,2.4422,125.352,0.153982,0.000678626,9.44592,3.31035,1.85494,1.05589,1.08443,0.142688,0.256838,0.0856126,0.0285375,0.0570751,0,0,0,0,0
59428,59445,59436,9.3,-105.068,39.923,303.77,-45.5611,319.888,16.7597,3.93822,566.103,0.431238,0.00149369,7.54427,3.77214,2.24418,1.40858,0.978845,0.358114,0.119371,0.0716228,0.0238743,0.0238743,0.0238743,0.0954971,0.0477485,0,0.0477485
59446,59465,59456,9.4,-105.063,39.923,299.053,-46.566,319.899,15.8398,2.67992,197.486,0.221073,0.000812495,7.98446,3.3143,1.70019,1.09759,0.968465,0.279779,0.258257,0.129129,0.0215215,0,0.0430429,0,0.0430429,0,0
59466,59484,59475,9.5,-105.059,39.9227,294.563,-47.4811,319.986,15.329,2.89134,285.653,0.296388,0.00102663,6.84814,3.42407,2.06351,1.47394,0.634927,0.430843,0.22676,0.0907039,0.0680279,0,0.022676,0,0,0.0453519,0
59485,59499,59492,9.6,-105.055,39.9229,290.462,-48.2787,320.144,16.5607,3.29903,328.781,0.29898,0.00117851,7.7574,3.19593,2.12094,1.71418,0.95878,0.261485,0.261485,0.0871618,0.0290539,0.0581079,0,0.0290539,0.0581079,0.0290539,0
59500,59517,59508,9.7,-105.052,39.9229,285.995,-49.03,320.487,19.5846,3.91799,429.844,0.329132,0.00140264,9.38126,4.42467,2.32114,1.49907,0.797891,0.459392,0.290142,0.193428,0.048357,0,0.048357,0.048357,0.048357,0,0.0241785
59518,59534,59526,9.8,-105.049,39.9229,281.452,-50.0165,320.535,18.604,4.2678,556.628,0.391276,0.00170579,9.13519,3.61815,2.43776,1.41134,0.872462,0.333589,0.38491,0.076982,0.102643,0.0256607,0,0.0513213,0.102643,0.0256607,0.0256607
59535,59555,59545,9.9,-105.045,39.9232,277.126,-50.9867,320.556,20.387,6.52028,1311.92,0.603616,0.00306272,10.3289,4.20651,2.18655,1.43688,0.874621,0.437311,0.29154,0.187419,0.0208243,0.0208243,0.0416486,0.104122,0.0832973,0.0208243,0.14577
59556,59568,59562,10,-105.041,39.9234,273.535,-51.7738,320.621,24.4017,5.38118,879.17,0.490136,0.00220088,13.5677,5.23134,2.19379,1.35002,0.978768,0.337506,0.303755,0.101252,0.101252,0.0337506,0,0,0.101252,0,0.101252
59575,59590,59582,10.1,-105.037,39.9235,268.627,-51.0525,323.332,26.3862,4.37807,250.841,0.171884,0.00130222,11.1834,5.79677,3.82805,2.16012,1.88668,0.710924,0.546865,0.164059,0.0273432,0.0546865,0,0,0.0273432,0,0
59591,59609,59600,10.2,-105.034,39.923,264.608,-50.0905,326.129,32.0272,5.25821,281.522,0.160619,0.00156268,13.4455,7.32767,4.36008,2.87628,1.87187,0.981589,0.844623,0.251104,0.0228276,0.0228276,0.0228276,0,0,0,0
59610,59628,59619,10.3,-105.031,39.922,260.505,-49.5574,328.373,33.6601,5.16093,266.682,0.15502,0.00140647,15.1653,7.73088,4.1505,2.80501,2.16647,0.729758,0.592929,0.228049,0.0456099,0.0228049,0.0228049,0,0,0,0
59629,59647,59638,10.4,-105.028,39.9207,256.69,-49.0853,330.461,38.8947,5.67446,325.898,0.172298,0.00147711,19.3561,8.74218,4.24555,2.55646,2.21408,1.02715,0.479336,0.182604,0.0684766,0,0,0,0,0.0228255,0
59648,59670,59659,10.5,-105.024,39.9193,252.708,-49.6552,331.093,34.4993,5.12389,275.928,0.161553,0.00137844,16.8572,7.56892,4.11151,2.57904,1.79411,0.747547,0.56066,0.149509,0.0373774,0.056066,0.0186887,0.0186887,0,0,0
59671,59691,59681,10.6,-105.02,39.9177,248.931,-50.0948,331.863,42.8498,5.66188,281.063,0.148924,0.00131852,23.5778,9.58429,3.99518,2.54615,1.51113,0.724514,0.683113,0.144903,0.0207004,0.0207004,0.0207004,0.0207004,0,0,0
59692,59708,59700,10.7,-105.017,39.9163,245.538,-50.3324,332.811,40.8178,5.21436,239.936,0.138043,0.00122776,22.8569,9.13263,4.03358,1.85189,1.49674,0.583474,0.634211,0.126842,0.0507368,0.0507368,0,0,0,0,0
59709,59730,59720,10.8,-105.014,39.915,241.433,-50.6538,333.944,35.9755,4.65414,215.176,0.1387,0.00112571,20.2452,7.99914,3.25738,1.75239,1.23698,0.804037,0.39171,0.185547,0.0824653,0.0206163,0,0,0,0,0
59731,59751,59741,10.9,-105.011,39.9141,237.769,-51.0362,334.826,35.764,4.70543,241.801,0.154163,0.00111269,19.8781,7.96365,3.64053,1.73752,1.30314,0.579175,0.372327,0.206848,0,0.0413696,0.0206848,0.0206848,0,0,0
59752,59771,59762,11,-105.007,39.9135,234.261,-51.6325,335.343,35.2903,4.78301,234.181,0.146883,0.00131941,19.7695,7.47859,3.57672,1.71249,1.10553,0.585281,0.693666,0.238448,0.108385,0.0216771,0,0,0,0,0
59772,59793,59782,11.1,-105.004,39.9126,230.479,-52.1124,336.181,32.3205,4.26738,238.446,0.167629,0.00102879,18.4152,7.03618,3.31974,1.56592,0.93955,0.417578,0.37582,0.104394,0.0626366,0.0208789,0.0417578,0,0.0208789,0,0
59794,59814,59804,11.2,-105,39.9117,227.006,-52.85,336.519,30.2582,3.88725,191.277,0.147619,0.00092501,17.195,6.90723,2.87975,1.21033,0.897314,0.542562,0.417355,0.125207,0.0417355,0.0208678,0,0.0208678,0,0,0
59815,59830,59822,11.3,-104.998,39.9109,223.606,-53.6581,336.73,32.9859,4.26748,192.23,0.135136,0.000983336,17.7085,7.56962,3.39804,2.01672,1.0498,0.60778,0.442022,0.0828791,0.110505,0,0,0,0,0,0
59831,59853,59842,11.4,-104.995,39.9097,219.924,-54.4395,337.122,36.4354,4.88719,291.583,0.178988,0.00125638,20.7717,8.14109,3.21254,1.6362,1.39676,0.538748,0.43898,0.179583,0.0598609,0.0199536,0.0199536,0,0,0.0199536,0
59854,59880,59867,11.5,-104.992,39.9085,216.417,-54.9112,337.949,41.6134,5.61934,294.692,0.157327,0.00144245,23.1186,9.68617,3.81372,1.80561,1.29936,0.877493,0.641245,0.236248,0.0843743,0,0.0168749,0.0337497,0,0,0
59881,59910,59896,11.6,-104.989,39.9074,213.013,-54.6859,339.837,31.469,4.45642,242.352,0.163148,0.00126733,16.7241,7.14588,3.45963,1.64672,1.10285,0.483442,0.574087,0.151076,0.105753,0.0453227,0.0302151,0,0,0,0
59911,59931,59921,11.7,-104.986,39.9065,210.142,-55.219,340.321,27.877,3.92777,215.805,0.16483,0.00113742,15.0788,6.97477,2.12565,1.4171,0.974254,0.487127,0.509269,0.177137,0.0442843,0.0664264,0,0.0221421,0,0,0
59932,59956,59944,11.8,-104.983,39.9061,206.412,-55.8383,341.09,26.107,3.66491,203.11,0.16626,0.000960351,13.936,5.92003,2.68424,1.52597,0.937645,0.4964,0.312548,0.202237,0.0367704,0.0183852,0,0.0183852,0.0183852,0,0
59957,59986,59972,11.9,-104.98,39.9059,203.204,-56.251,341.974,26.5849,3.93494,231.007,0.17612,0.00107959,13.6088,6.06142,2.95715,1.48593,1.33881,0.456078,0.367805,0.176546,0.0588488,0.0147122,0,0.0588488,0,0,0
59987,60009,59998,12,-104.976,39.9061,200.093,-55.9236,344.007,24.023,3.44426,178.748,0.155692,0.000884776,11.8437,5.84291,2.30953,1.87526,1.10542,0.45401,0.43427,0.0986978,0,0.0394791,0,0.0197396,0,0,0
60010,60041,60026,12.1,-104.972,39.906,196.863,-55.9006,345.642,24.7264,3.70612,203.568,0.164783,0.00115593,12.8634,5.44314,2.71561,1.38163,0.809919,0.726545,0.41687,0.238212,0.0714635,0.0476423,0.0119106,0,0,0,0
60042,60069,60056,12.2,-104.966,39.9055,193.906,-56.1443,346.747,22.375,3.28773,173.935,0.158713,0.000937342,11.0654,5.18014,2.63075,1.42386,0.976362,0.515302,0.271212,0.216969,0.0542423,0.0271212,0.0135606,0,0,0,0
60070,60088,60079,12.3,-104.962,39.9049,190.782,-56.4484,347.878,21.4992,3.35237,189.798,0.169848,0.00103135,10.5089,4.81325,2.30635,1.78491,0.822263,0.521435,0.360994,0.280773,0.0802208,0,0,0,0.0200552,0,0
60091,60112,60102,12.4,-104.957,39.904,187.807,-56.9289,348.67,20.1143,2.77815,133.766,0.144448,0.0007216,10.3761,4.65648,2.33887,0.978073,0.722924,0.595349,0.297674,0.0850498,0.0425249,0.0212625,0,0,0,0,0
60113,60135,60124,12.5,-104.952,39.9028,185.155,-56.8991,350.135,21.4559,3.27829,182.438,0.166951,0.00100924,10.3974,5.19042,2.33073,1.42158,0.97527,0.4959,0.29754,0.21489,0.08265,0.03306,0.01653,0,0,0,0
60136,60153,60144,12.6,-104.948,39.9015,182.254,-56.5761,352.239,17.3674,2.69502,143.452,0.159685,0.000737092,7.53918,4.41011,1.97405,1.65904,0.777019,0.525013,0.315008,0.126003,0.0210005,0,0.0210005,0,0,0,0
60154,60170,60162,12.7,-104.944,39.9005,179.347,-56.6676,353.718,17.6199,2.58815,123.469,0.143117,0.000683551,8.26282,4.10908,2.07687,1.38458,0.80395,0.513634,0.267983,0.200987,0,0,0,0,0,0,0
60171,60188,60180,12.8,-104.94,39.8997,176.458,-57.3506,354.242,18.0926,2.71583,132.67,0.146553,0.000753416,8.5242,4.09161,2.15236,1.38518,0.85242,0.532762,0.362278,0.170484,0.0213105,0,0,0,0,0,0
60189,60207,60198,12.9,-104.936,39.8987,173.598,-58.2537,354.406,18.6565,3.15233,185.518,0.176553,0.00109524,8.49302,4.48802,2.07294,1.28804,0.925779,0.563518,0.483015,0.181131,0.140879,0,0.0201256,0,0,0,0
60208,60224,60216,13,-104.932,39.8978,171.075,-58.8547,354.892,18.8148,2.84055,141.489,0.149431,0.000784494,8.27221,4.83295,2.29284,1.41617,0.921632,0.561971,0.38214,0.0674365,0.0449577,0.0224788,0,0,0,0,0
60225,60246,60236,13.1,-104.928,39.8971,168.165,-59.0532,356.317,18.3123,2.79249,150.902,0.162116,0.000798408,8.21436,4.65655,2.47652,1.22082,0.645289,0.575528,0.348805,0.0872013,0.0523208,0.0174403,0.0174403,0,0,0,0
60247,60268,60258,13.2,-104.922,39.8967,165.165,-57.6718,360.462,14.4377,2.32153,122.158,0.157858,0.000720949,6.58471,3.1968,1.72002,1.09456,0.886069,0.469095,0.277982,0.156365,0.0347478,0.0173739,0,0,0,0,0
60269,60299,60284,13.3,-104.916,39.896,162.715,-56.9087,363.281,11.1755,1.77201,96.6693,0.16366,0.000513005,5.01055,2.52984,1.38773,1.03158,0.589477,0.245615,0.245615,0.0982461,0.0245615,0,0,0.0122808,0,0,0
60300,60326,60313,13.4,-104.908,39.8949,160.122,-56.5667,365.535,8.54573,1.21017,68.1623,0.168973,0.000330918,4.59508,1.9473,0.840563,0.518347,0.23816,0.210141,0.112075,0.0420282,0.0140094,0.0140094,0.0140094,0,0,0,0
60327,60356,60342,13.5,-104.899,39.8939,157.825,-56.383,367.36,8.51933,1.27652,82.8684,0.194752,0.000361637,4.68123,1.86242,0.755037,0.490774,0.289431,0.251679,0.0880876,0.0503358,0.0125839,0.0125839,0,0.0125839,0.0125839,0,0
60357,60378,60368,13.6,-104.89,39.8931,155.47,-56.5336,368.68,7.61509,0.975564,49.3118,0.151641,0.000268328,4.75943,1.41917,0.605745,0.363447,0.17307,0.138456,0.069228,0.034614,0.034614,0.017307,0,0,0,0,0
60379,60401,60390,13.7,-104.883,39.8925,152.88,-56.8778,369.86,9.51709,1.15854,65.3958,0.16934,0.000249863,6.05333,1.91331,0.775222,0.247411,0.313388,0.0989645,0.0494823,0.0329882,0,0.0164941,0,0,0.0164941,0,0
60402,60422,60412,13.8,-104.877,39.8922,150.49,-56.7,371.846,12.9011,1.46483,77.5243,0.158771,0.000308319,8.69697,2.52609,0.866088,0.36087,0.198479,0.0902175,0.0902175,0.0180435,0,0.036087,0,0.0180435,0,0,0
60423,60442,60432,13.9,-104.871,39.8918,148.109,-57.1005,372.849,16.2217,1.76272,80.5829,0.137145,0.000320355,11.2988,2.83751,0.888858,0.529896,0.341869,0.170934,0.0512803,0.0683737,0.0170934,0,0.0170934,0,0,0,0
60443,60461,60452,14,-104.865,39.8913,145.803,-57.4232,373.961,17.1027,1.76886,76.1338,0.129123,0.000263548,11.5307,3.53304,1.08979,0.386701,0.369123,0.0703092,0.0703092,0.0175773,0.0175773,0,0.0175773,0,0,0,0
60462,60482,60472,14.1,-104.859,39.8909,143.411,-58.0324,374.673,16.6553,1.75565,73.0922,0.124898,0.000342624,11.5073,3.44262,0.749088,0.318761,0.302823,0.0637522,0.143442,0.111566,0,0.015938,0,0,0,0,0
60483,60507,60495,14.2,-104.852,39.8905,141.169,-58.1884,376.096,14.7356,1.65631,72.6448,0.131578,0.000370724,10.064,2.85636,0.654025,0.413771,0.306991,0.200212,0.10678,0.0800847,0.0533898,0,0,0,0,0,0
60508,60533,60520,14.3,-104.844,39.8898,138.9,-58.3831,377.494,12.7347,1.3472,53.184,0.118432,0.000232842,8.64878,2.34587,0.824921,0.399571,0.296456,0.0773363,0.0773363,0.0386682,0.0257788,0,0,0,0,0,0
60534,60567,60550,14.4,-104.835,39.8883,136.651,-58.5958,378.878,11.6322,1.33604,59.7111,0.134078,0.000303225,7.5928,2.46007,0.658043,0.323959,0.24297,0.141732,0.111361,0.0708661,0.0202475,0.0101237,0,0,0,0,0
60568,60591,60580,14.5,-104.826,39.8863,134.768,-58.49,380.583,10.318,1.22337,56.2299,0.137889,0.000298376,6.67961,1.98583,0.791555,0.291625,0.249965,0.124982,0.0833215,0.0555477,0.0555477,0,0,0,0,0,0
60592,60739,60666,15.1,-104.787,39.8745,123.967,-59.4167,388.172,6.01158,0.752777,30.7673,0.122615,0.000139986,3.11711,1.33591,0.779278,0.278314,0.389639,0,0.111325,0,0,0,0,0,0,0,0
60740,60765,60752,15.2,-104.78,39.8729,120.082,-60.118,390.353,5.3301,0.841355,42.91,0.153003,0.00026157,2.09156,1.75421,0.607227,0.202409,0.337348,0.0674696,0.202409,0.0674696,0,0,0,0,0,0,0
60766,60785,60776,15.3,-104.777,39.8719,118.409,-60.53,391.157,4.40354,0.607395,26.5342,0.131056,0.000129337,2.1485,0.94108,0.51493,0.337368,0.2841,0.124294,0.0355124,0.0177562,0,0,0,0,0,0,0
60786,60805,60796,15.4,-104.772,39.8706,116.538,-60.8563,392.336,4.3678,0.669754,35.8395,0.160534,0.00021753,2.05019,1.08749,0.517004,0.338727,0.124794,0.0891387,0.0713109,0.0534832,0.0356555,0,0,0,0,0,0
60806,60825,60816,15.5,-104.767,39.8696,114.591,-61.2335,393.536,4.33526,0.794957,56.167,0.211963,0.000308262,2.2015,0.863664,0.423365,0.321757,0.169346,0.118542,0.118542,0.0677384,0.0338692,0,0.0169346,0,0,0,0
60826,60846,60836,15.6,-104.762,39.8689,112.702,-61.3719,395.145,4.338,0.655705,35.7466,0.163549,0.000223885,2.28231,0.971194,0.469411,0.258985,0.0647463,0.113306,0.0809329,0.0647463,0.0323731,0,0,0,0,0,0
60847,60869,60858,15.7,-104.757,39.8683,110.903,-61.7735,396.215,4.57803,0.771455,43.805,0.170347,0.000282919,2.11973,1.03042,0.603534,0.279687,0.191365,0.147204,0.0588814,0.117763,0.0294407,0,0,0,0,0,0
60870,60891,60880,15.8,-104.752,39.8677,109.036,-62.1186,397.495,4.58535,0.77034,44.5413,0.173461,0.000291611,2.21522,1.0379,0.573169,0.170402,0.247857,0.108437,0.108437,0.0774553,0.0464732,0,0,0,0,0,0
60892,60917,60904,15.9,-104.747,39.8668,107.274,-62.662,398.315,4.8307,0.834191,48.1003,0.172983,0.000315137,2.36745,1.05372,0.46528,0.246325,0.260009,0.205271,0.109478,0.0821082,0.0410541,0,0,0,0,0,0
60918,60944,60931,16,-104.74,39.8654,105.483,-63.2322,399.154,4.64795,0.740923,39.6821,0.160673,0.000246043,2.40585,0.818744,0.566823,0.277113,0.264517,0.113365,0.125961,0.0503843,0.0251921,0,0,0,0,0,0
60945,60973,60959,16.1,-104.733,39.8634,103.796,-63.4025,400.675,4.27473,0.666171,33.9056,0.152689,0.000205713,2.08225,0.955383,0.453195,0.269467,0.208225,0.110237,0.146982,0.048994,0,0,0,0,0,0,0
60974,60995,60984,16.2,-104.727,39.8615,102.265,-63.6555,401.889,4.44294,0.825325,58.7934,0.21371,0.000322255,1.99542,1.06007,0.592392,0.296196,0.124714,0.140303,0.109125,0.0779463,0.0155893,0.0155893,0.0155893,0,0,0,0
60996,61017,61006,16.3,-104.723,39.8598,100.667,-62.7923,405.37,4.46544,0.829419,52.452,0.189718,0.000351507,2.1707,0.899289,0.418635,0.387625,0.18606,0.108535,0.139545,0.108535,0.03101,0.015505,0,0,0,0,0
61018,61038,61028,16.4,-104.719,39.8582,99.0555,-63.068,406.71,4.91516,0.853955,48.7913,0.171407,0.000319983,2.42503,0.976522,0.520812,0.276681,0.260406,0.195304,0.146478,0.0813769,0.0325507,0,0,0,0,0,0
61039,61058,61048,16.5,-104.717,39.8574,97.4125,-62.9195,408.941,4.84329,0.943293,58.034,0.184568,0.000394044,1.82766,1.14229,0.776755,0.441684,0.167535,0.167535,0.137074,0.121844,0.0609219,0,0,0,0,0,0
61059,61080,61070,16.6,-104.715,39.8561,95.7195,-63.2886,410.28,5.47905,1.07608,70.2562,0.195867,0.000407589,2.06156,1.34209,0.788651,0.373571,0.359735,0.262884,0.166032,0.0691799,0.0415079,0,0.013836,0,0,0,0
61081,61104,61092,16.7,-104.713,39.8547,94.1913,-63.8333,411.098,5.76109,1.15609,67.5727,0.175347,0.000435346,2.03932,1.27458,0.66278,0.713763,0.433356,0.280407,0.254915,0.0764746,0.0127458,0.0127458,0,0,0,0,0
61105,61129,61117,16.8,-104.71,39.8531,92.6828,-64.4544,411.767,5.3396,1.03412,57.8086,0.167703,0.00037291,1.95172,1.20295,0.650572,0.552373,0.368249,0.306874,0.220949,0.0736497,0.012275,0,0,0,0,0,0
61130,61147,61138,16.9,-104.708,39.852,91.2488,-64.9953,412.546,5.07863,1.14463,69.8288,0.183016,0.000476611,1.43565,1.16647,0.717827,0.610153,0.466588,0.287131,0.233294,0.12562,0.0358913,0,0,0,0,0,0
