data/B2SAP/Locations/Boulder/NOAA-POPS-B2SAP_GMLBalloon_20200804_R0 (1).ict
61,1001
Thornberry, T. D.
NOAA Chemical Sciences Laboratory
Portable Optical Particle Spectrometer (POPS)
Balloon Baseline Stratospheric Aerosol Profiles (B2SAP)
1,1
2020,08,04,2024,05,30
0
TIME_START,s,Seconds since midnight UTC on flight start day,Start time of 100 m altitude bin in UTC_seconds_since_midnight
28
1.0,1.0,1.0,1.0,1.0,1.0,1.0,1.0,1.0,1.0,1.0,1.0,1.0,1.0,1.0,1.0,1.0,1.0,1.0,1.0,1.0,1.0,1.0,1.0,1.0,1.0,1.0,1.0
99999,99999,99999,99999,99999,99999,99999,99999,99999,99999,99999,99999,99999,99999,99999,99999,99999,99999,99999,99999,99999,99999,99999,99999,99999,99999,99999,99999
TIME_STOP,s,End time of 100 m altitude bin in UTC seconds since midnight,
TIME_MID,s,Mid time of 100 m altitude in UTC seconds since midnight,
GPSAlt,m,GPS reported altitude above sea level (m),
GPS_Lon,deg,GPS reported longitude,
GPS_Lat,deg,GPS reported latitude,
iMet_Pressure,mb,Pressure reported (mB),
iMet_Temperature,degrees C,Ambient temperature (oC),
THETA,K,Potential temperature from iMet,
Aerosol_concentration,cm^-3,Aerosol concentration,
Surface_Area_Conc,um^2 cm^-3,Surface area concentration,
Volume_density,um^3 cm^-3,Volume density,
Effective_radius,um,Effective radius,
Extinction,km^-1,Extinction,
Bin01,cm^-3,particle concentration in size range [140 - 170 nm],
Bin02,cm^-3,particle concentration in size range [170 - 205 nm],
Bin03,cm^-3,particle concentration in size range [205 - 249 nm],
Bin04,cm^-3,particle concentration in size range [249 - 302 nm],
Bin05,cm^-3,particle concentration in size range [302 - 366 nm],
Bin06,cm^-3,particle concentration in size range [366 - 443 nm],
Bin07,cm^-3,particle concentration in size range [443 - 537 nm],
Bin08,cm^-3,particle concentration in size range [537 - 651 nm],
Bin09,cm^-3,particle concentration in size range [651 - 789 nm],
Bin10,cm^-3,particle concentration in size range [789 - 956 nm],
Bin11,cm^-3,particle concentration in size range [956 - 1159 nm],
Bin12,cm^-3,particle concentration in size range [1159 - 1404 nm],
Bin13,cm^-3,particle concentration in size range [1404 - 1702 nm],
Bin14,cm^-3,particle concentration in size range [1702 - 2062 nm],
Bin15,cm^-3,particle concentration in size range [2062 - 2500 nm],
0
19
PI_CONTACT_INFO: 325 Broadway R/CSL6, Boulder, CO 80305; troy.thornberry@noaa.gov; 303-497-3373 
PLATFORM: GML ECC/FPH balloon
LOCATION: Boulder, CO, USA
ASSOCIATED_DATA: N/A
INSTRUMENT_INFO: Printed Optical Particle Spectrometer counts particles from 140 - 2500 nm in diameter 
DATA_INFO: Particle concentrations reported in number per cubic centimeter, binned to 100 m altitude
UNCERTAINTY: Counting uncertainty dominated by air flow, less than 5 percent
ULOD_FLAG: -77777
ULOD_VALUE: 3000 ~3000 per cm3 (varies depending on flow rate- manufacturer quotes 1250  per cm3 at 1.667 cc/s)
LLOD_FLAG: -88888
LLOD_VALUE: 0 0 (varies depending on data field and measurement precision)
DM_CONTACT_INFO: Troy Thornberry, 325 Broadway R/CSL6, Boulder, CO 80305; troy.thornberry@noaa.gov; 303-497-3373
PROJECT_INFO: B2SAP Boulder, CO, USA
STIPULATIONS_ON_USE: Please contact the PIs for questions regarding applications and uncertainties
OTHER_COMMENTS: POPS bin Edges (nm):  140, 170, 205, 249, 302, 366, 443, 537, 651, 789, 956, 1159, 1404, 1702, 2062, 2500
Calculations assume sulfate refractive index of 1.45+0.00j and extinction wavelength = 532 nm
REVISION: R0
R0: QA/QC data
TIME_START,TIME_STOP,TIME_MID,GPSAlt,GPS_Lon,GPS_Lat,iMet_Pressure,iMet_Temperature,THETA,Aerosol_concentration,Surface_Area_Conc,Volume_density,Effective_radius,Extinction,Bin01,Bin02,Bin03,Bin04,Bin05,Bin06,Bin07,Bin08,Bin09,Bin10,Bin11,Bin12,Bin13,Bin14,Bin15
[from data line 397]
69624,69668,69646,9.8,-104.424,39.5481,294.469,-35.9726,336.339,3.57723,0.639661,36.704,0.172141,0.000224777,1.3985,0.912708,0.39747,0.353306,0.235538,0.103048,0.117769,0.0441633,0,0.0147211,0,0,0,0,0
69669,69728,69698,9.7,-104.411,39.5445,298.667,-34.9511,336.42,3.61745,0.601497,30.2365,0.150806,0.000175598,1.26797,0.939791,0.619069,0.372933,0.141715,0.141715,0.0895039,0.044752,0,0,0,0,0,0,0
69729,69793,69761,9.6,-104.396,39.5399,302.823,-34.2323,336.109,4.37233,0.927009,63.1186,0.204265,0.000357611,1.48322,0.934919,0.681858,0.548299,0.26712,0.175737,0.140589,0.112471,0.0140589,0,0,0.0140589,0,0,0
69794,69858,69826,9.5,-104.381,39.5354,306.851,-33.3636,336.063,4.89663,0.866223,47.0208,0.162848,0.000282637,1.82511,1.18706,0.697399,0.452567,0.304185,0.244831,0.126125,0.0370957,0.0148383,0.00741914,0,0,0,0,0
69859,69911,69885,9.4,-104.367,39.5311,311.387,-32.5145,335.842,4.84703,0.981469,61.4157,0.187726,0.000354999,1.52947,1.10093,0.834931,0.583713,0.280773,0.258607,0.169942,0.0664989,0,0.0147775,0,0.00738877,0,0,0
69912,69956,69934,9.3,-104.355,39.5276,315.76,-31.6676,335.677,6.64117,1.2316,72.9348,0.177659,0.000421219,2.46548,1.43241,1.01571,0.772633,0.399339,0.286482,0.1389,0.0781315,0.0434064,0,0.00868127,0,0,0,0
69957,69997,69977,9.2,-104.346,39.5248,320.127,-30.8295,335.526,7.9885,1.68487,105.27,0.18744,0.000698874,2.51945,1.98688,1.15731,0.829575,0.6145,0.358458,0.286767,0.133142,0.0819334,0.0204833,0,0,0,0,0
69998,70033,70016,9.1,-104.337,39.5224,324.851,-30.4887,334.598,10.4872,2.22012,162.721,0.219881,0.000870229,3.68807,2.53398,1.60569,0.940833,0.664855,0.413967,0.376333,0.150533,0.0376333,0.0250889,0.0376333,0.0125444,0,0,0
70034,70068,70051,9,-104.33,39.5207,329.325,-29.5476,334.588,12.1617,2.85588,210.346,0.220961,0.0012666,4.01807,2.72799,1.7873,1.16914,0.806302,0.712233,0.550973,0.215014,0.0671918,0.0671918,0.0403151,0,0,0,0
70069,70098,70084,8.9,-104.323,39.5194,333.967,-28.7854,334.285,13.5839,2.95085,208.52,0.211993,0.00117706,4.38429,3.22505,2.03609,1.59023,0.787686,0.787686,0.430998,0.208068,0.014862,0.07431,0.044586,0,0,0,0
70099,70128,70114,8.8,-104.317,39.5184,338.671,-27.5408,334.651,14.0971,2.9245,186.857,0.191681,0.00113426,4.81665,2.92987,2.39299,1.56464,0.674945,0.905039,0.506208,0.214755,0.0153397,0.0613586,0,0.0153397,0,0,0
70129,70157,70143,8.7,-104.311,39.5176,343.385,-26.8896,334.219,15.6412,3.1726,207.974,0.19666,0.00122281,5.68352,3.27837,2.40516,1.7311,0.995765,0.674056,0.536181,0.168514,0.0919168,0.0459584,0.0306389,0,0,0,0
70158,70184,70171,8.6,-104.306,39.5169,348.317,-26.5367,333.34,14.4739,3.23465,218.47,0.202622,0.00130678,4.56923,3.17859,2.2988,1.44739,1.0075,0.950739,0.652746,0.255423,0.0709507,0.0141901,0,0,0.0283803,0,0
70185,70208,70196,8.5,-104.301,39.5163,353.066,-26.2271,332.462,12.6038,3.25138,239.944,0.221393,0.0015273,3.5399,2.32235,2.32235,1.48811,1.1499,0.518584,0.63132,0.405848,0.180377,0,0.0450943,0,0,0,0
70209,70237,70223,8.4,-104.295,39.5155,358.072,-25.4574,332.16,12.9797,3.2679,229.681,0.210852,0.00140584,3.54506,2.33042,2.2598,1.59599,1.15815,1.00279,0.677941,0.282475,0.0706188,0.0141238,0.0282475,0.0141238,0,0,0
70238,70265,70252,8.3,-104.29,39.5146,363.148,-24.8031,331.704,7.04379,1.72896,109.995,0.190857,0.000751131,1.89302,1.27669,1.17396,0.851125,0.631006,0.645681,0.410888,0.0733728,0.0733728,0.0146746,0,0,0,0,0
70274,70301,70288,8.2,-104.283,39.5131,368.714,-23.8496,331.536,4.03739,0.984711,78.886,0.240333,0.000425782,1.19225,1.05677,0.582577,0.352256,0.392901,0.108386,0.216773,0.0812898,0.0135483,0.0135483,0.0135483,0.0135483,0,0,0
70302,70343,70322,8.1,-104.277,39.5115,373.525,-23.2086,331.158,3.2856,1.01504,86.7692,0.25645,0.000545597,0.982511,0.496538,0.538796,0.380327,0.242987,0.221857,0.190163,0.13734,0.0528232,0.0211293,0.0211293,0,0,0,0
70344,70394,70369,8,-104.268,39.5091,378.713,-22.4709,330.824,2.28513,0.39346,20.2339,0.154277,0.000118989,0.808459,0.536223,0.379481,0.288735,0.0742462,0.123744,0.0329983,0.0412479,0,0,0,0,0,0,0
70395,70445,70420,7.9,-104.259,39.5063,383.778,-22.1192,330.036,4.40441,1.15086,79.4753,0.207173,0.000539636,1.33467,0.86012,0.541282,0.437475,0.370741,0.355912,0.355912,0.103808,0.0370741,0,0,0.00741483,0,0,0
70447,70504,70476,7.8,-104.25,39.5033,388.995,-21.5814,329.472,22.256,10.0216,800.462,0.239621,0.00628407,3.21141,2.51663,2.02257,2.18469,2.33136,3.32721,4.29217,1.96081,0.28563,0.100357,0.0154395,0.00771974,0,0,0
70505,70552,70528,7.7,-104.241,39.5006,394.086,-20.7354,329.357,35.3239,16.4606,1299.13,0.236772,0.0103054,4.11639,3.51131,3.20877,3.31878,4.27224,5.87663,7.36183,3.01624,0.52257,0.091679,0.0275037,0,0,0,0
70555,70601,70578,7.6,-104.233,39.498,399.649,-19.873,329.153,22.4744,9.61925,768.171,0.239573,0.0059537,3.49042,2.61128,2.66351,2.28923,2.35016,2.88112,3.8647,1.8366,0.374284,0.0870428,0.00870428,0.00870428,0.00870428,0,0
70602,70643,70622,7.5,-104.226,39.4954,405.147,-19.1989,328.744,18.0041,6.51776,511.575,0.235468,0.00367535,3.88054,2.46227,2.34408,1.87133,1.78269,1.84178,2.62971,0.906116,0.196982,0.0295473,0.0492455,0,0.00984909,0,0
70644,70687,70666,7.4,-104.22,39.4933,410.588,-18.4333,328.483,24.5221,9.67232,754.503,0.234019,0.00572836,4.32855,3.11925,2.78333,2.93689,2.4666,3.16724,3.48396,1.75638,0.4127,0.028793,0.0191954,0.00959768,0.00959768,0,0
70688,70726,70707,7.3,-104.213,39.491,416.187,-17.8415,327.978,60.073,27.249,2194.76,0.241634,0.0170614,7.57403,6.9645,6.42269,6.10664,6.54685,7.63047,12.5858,5.16976,0.733699,0.237041,0.0677261,0.0112877,0.0225754,0,0
70727,70763,70745,7.2,-104.208,39.4887,421.69,-17.1459,327.641,99.9277,47.7756,3791.21,0.238064,0.0302315,10.3996,9.64503,9.28416,10.0168,11.4822,15.5283,22.4613,9.56848,1.25757,0.185902,0.0874832,0.0109354,0,0,0
70764,70801,70782,7.1,-104.202,39.4861,427.449,-16.2722,327.478,143.544,70.4246,5643.95,0.240425,0.0450873,13.7239,13.208,12.8675,15.1789,16.3862,21.2257,34.1344,14.632,1.73355,0.3302,0.0515938,0.0515938,0.0103188,0.0103188,0
70805,70838,70822,7,-104.196,39.4833,433.319,-15.3103,327.429,207.682,99.8138,7923.68,0.238154,0.0626774,19.182,18.6978,19.7353,22.1446,23.9429,33.2918,48.9578,19.2396,2.00581,0.334301,0.115276,0,0.0115276,0,0.0230553
70839,70871,70855,6.9,-104.191,39.4805,438.808,-15.1273,326.488,324.76,160.515,12718.4,0.237704,0.10173,25.2576,27.4222,30.0467,34.7124,38.9407,52.6574,79.6758,32.3683,2.96093,0.53835,0.089725,0.0224313,0.0336469,0.0224313,0.0112156
70872,70900,70886,6.8,-104.186,39.4778,444.439,-14.7473,325.782,357.278,179.645,14348.2,0.23961,0.114793,28.2655,28.7363,32.974,35.6707,42.3911,59.1706,88.9913,36.4555,3.49573,0.827561,0.228293,0.0428049,0.0142683,0,0.0142683
70903,70933,70918,6.7,-104.182,39.4751,450.463,-14.1148,325.326,387.261,193.697,15402.4,0.238554,0.123424,30.3986,33.0438,33.0027,40.2254,47.4208,62.4831,97.4319,38.3341,3.65935,0.95938,0.191876,0.0548217,0.0411163,0.0137054,0
70934,70963,70948,6.6,-104.177,39.4725,456.43,-13.8191,324.467,505.988,253.864,20433.8,0.241473,0.163805,42.604,43.9822,45.7468,53.2929,59.5784,75.7461,122.468,54.8222,6.08389,1.29409,0.218482,0.100838,0.0168063,0.0168063,0.0168063
70964,70994,70979,6.5,-104.171,39.4699,462.937,-12.9193,324.281,519.211,262.661,21274.8,0.242991,0.170533,45.3487,44.7213,47.5854,53.1364,57.3643,78.5452,125.762,58.7691,6.12377,1.41842,0.286413,0.0409161,0.0681935,0.0272774,0.0136387
70995,71027,71011,6.4,-104.166,39.4675,468.828,-12.0679,324.171,500.812,248.385,19979.8,0.241317,0.159685,45.1638,44.4713,46.0129,52.5582,57.8232,75.4994,118.494,53.1592,5.8398,1.41096,0.248224,0.0522577,0.0391933,0.0261289,0.0130644
71028,71057,71042,6.3,-104.161,39.465,474.701,-11.1756,324.126,492.907,242.742,19492.8,0.240907,0.155209,45.0873,44.4883,45.438,51.2529,57.2431,74.118,116.926,51.399,5.61035,0.891227,0.219154,0.146103,0.0292206,0.0438309,0.0146103
71058,71087,71072,6.2,-104.156,39.4628,481.128,-10.1723,324.121,410.187,197.933,16019.7,0.242805,0.125708,39.0151,39.7755,40.5029,45.1814,47.5455,58.0266,92.264,41.6271,4.74463,0.975376,0.330636,0.0661272,0.082659,0.0165318,0.0330636
71088,71115,71102,6.1,-104.151,39.4604,487.344,-9.28682,324.013,378.955,178.652,14645.7,0.245937,0.112788,40.5217,37.9518,41.185,39.643,42.5114,53.6532,80.8445,36.6088,4.55953,1.04455,0.215541,0.0663204,0.0331602,0.0331602,0.0829005
71116,71144,71130,6,-104.147,39.4581,493.854,-8.33708,323.951,354.656,167.816,13474.5,0.24088,0.10646,36.2506,36.4012,35.7534,39.2036,41.2075,48.6957,76.2075,34.8795,4.52002,1.19027,0.226001,0.0602669,0.0301335,0.0301335,0
71145,71175,71160,5.9,-104.142,39.4557,500.378,-7.39071,323.895,348.807,163.402,13298.1,0.244148,0.103173,37.2435,37.0376,36.214,39.2125,38.6463,49.1861,72.0161,32.6492,4.8903,1.28692,0.180169,0.102954,0.0772153,0.0386076,0.0257384
71176,71205,71190,5.8,-104.138,39.4536,506.324,-6.57963,323.791,342.171,154.037,12447.6,0.242427,0.0950594,37.9553,37.5284,38.729,38.8091,40.4634,45.8665,68.2528,29.377,3.65545,1.10731,0.226798,0.0933873,0,0.0667052,0.0400231
71206,71235,71220,5.7,-104.134,39.4513,512.928,-5.5612,323.829,340.538,151.042,12250.3,0.243316,0.092562,40.1083,38.84,39.2868,39.4309,38.3933,45.9163,64.1185,29.285,3.47326,1.06648,0.403533,0.0864713,0.0288238,0.0720594,0.0288238
71237,71265,71251,5.6,-104.13,39.4488,519.753,-4.6232,323.732,337.881,146.175,11572.2,0.237501,0.0888691,41.6329,40.1373,38.3109,38.4691,39.749,43.3442,64.1247,27.3095,3.50896,0.877239,0.258857,0.0862858,0.0287619,0.014381,0.0287619
71266,71291,71278,5.5,-104.126,39.4464,526.048,-3.74905,323.67,315.464,134.195,10593.8,0.23683,0.0810054,39.9977,37.6108,37.8836,35.7525,35.9912,42.0096,57.2517,24.2442,3.61446,0.78427,0.204592,0.0170493,0.051148,0.0170493,0.0340987
71292,71324,71308,5.4,-104.123,39.4442,532.916,-2.73077,323.694,295.714,123.678,9696.19,0.235195,0.0742075,38.2359,37.2664,35.6687,34.0027,34.3031,38.2086,50.9357,22.8187,2.92232,1.02418,0.19118,0.0546228,0.0409671,0.0409671,0
71325,71355,71340,5.3,-104.119,39.4418,539.74,-1.81769,323.61,300.154,125.107,9981.33,0.239348,0.0747582,39.6861,37.3069,35.6754,35.8521,35.2131,38.0546,51.1066,23.0585,3.08625,0.761364,0.203937,0.0407874,0.0135958,0.0407874,0.0543832
71356,71383,71370,5.2,-104.116,39.4398,546.717,-0.969167,323.435,328.843,134.916,10574.8,0.235141,0.0802057,43.1613,43.2941,39.6506,39.8866,37.6444,40.4324,55.7881,24.7226,2.86169,1.06207,0.177011,0.0737548,0.014751,0.0590038,0.014751
71384,71415,71400,5.1,-104.112,39.4378,553.551,-0.0207143,323.412,322.28,132.854,10450,0.235974,0.0788304,42.8925,41.6573,39.6532,37.6617,35.1031,42.3506,55.4591,22.8517,3.27713,0.907512,0.239482,0.0882303,0.100835,0.0126043,0.0252087
71416,71448,71432,5,-104.108,39.4362,560.504,0.850769,323.283,337.99,135.541,10544.8,0.233393,0.0796413,47.3351,45.0258,40.7717,40.9337,38.3408,41.663,55.9783,23.5258,3.28172,0.796797,0.16206,0.0675251,0.0405151,0.0405151,0.0270101
71449,71477,71463,4.9,-104.104,39.4347,567.703,1.71522,323.126,371.621,149.712,11835.9,0.237173,0.088005,51.5434,49.0636,46.2947,44.9864,42.5066,45.9144,60.1543,26.0303,3.54475,1.11059,0.212989,0.0912811,0.0608541,0.0608541,0.0456406
71478,71510,71494,4.8,-104.1,39.4329,574.838,2.53769,322.941,440.653,173.314,13142.3,0.227488,0.100329,59.9856,58.5632,55.0952,55.3661,50.2048,54.5262,72.8416,29.3968,3.468,0.867001,0.230297,0.0541876,0.0270938,0,0.0270938
71511,71538,71524,4.7,-104.095,39.4315,581.95,3.46591,322.887,389.877,152.679,11792,0.231702,0.0880127,55.5995,51.576,50.2454,47.8694,43.9252,48.408,63.2186,24.6317,2.70869,1.20386,0.316806,0.0633612,0.0316806,0.0633612,0.0158403
71540,71572,71556,4.6,-104.09,39.4298,588.811,4.36259,322.85,379.391,147.475,11301.1,0.229893,0.0848831,55.5163,49.9131,48.0712,47.3241,43.6273,46.7702,58.9683,24.7311,3.11715,0.940299,0.128808,0.15457,0.0772848,0.0386424,0.0128808
71574,71610,71592,4.5,-104.085,39.4277,596.189,5.18935,322.665,454.572,174.246,13356.6,0.22996,0.0992874,65.4073,60.9567,59.6947,56.9342,53.43,55.537,69.7002,27.6615,3.79712,1.01407,0.225348,0.0788718,0.0338022,0.056337,0.0450696
71611,71646,71628,4.4,-104.079,39.426,603.419,6.01889,322.517,492.081,182.773,13822.8,0.226885,0.101675,71.3292,68.2827,66.1489,63.9765,57.4208,60.5444,72.4476,27.29,3.14934,1.04121,0.167108,0.128544,0.0385633,0.0642722,0.0514177
71647,71681,71664,4.3,-104.074,39.4241,611.168,6.98269,322.446,485.441,180.806,13725.2,0.227734,0.10065,70.5677,66.768,65.2081,61.1285,57.7821,61.6351,71.181,26.2512,3.54638,0.959924,0.186652,0.0666614,0.0266645,0.0666614,0.0666614
71683,71715,71699,4.2,-104.07,39.4219,618.789,7.956,322.424,442.925,165.727,12477.2,0.225864,0.0927546,64.1331,60.5018,60.06,56.346,51.9692,54.0678,66.1765,25.2252,3.2032,0.773187,0.276138,0.0690345,0.0276138,0.0966483,0
71716,71744,71730,4.1,-104.066,39.4198,625.895,8.81304,322.357,434.679,163.56,12340.9,0.226355,0.0923168,64.0679,60.3829,56.5481,55.0202,49.8522,53.0728,65.5659,25.4504,3.58013,0.763961,0.179756,0.0599185,0.0748982,0.0299593,0.0299593
71745,71773,71759,4,-104.063,39.418,633.535,9.6885,322.242,440.325,162.277,12160.1,0.224802,0.0896991,64.4373,62.4586,57.5893,58.3635,51.6015,53.4942,64.2653,23.9511,2.97668,0.671043,0.258093,0.13765,0.0688249,0.0172062,0.0344125
71774,71803,71788,3.9,-104.06,39.416,641.152,10.6262,322.2,453.462,166.806,12499.7,0.224806,0.09214,68.2511,64.2895,58.7334,57.5827,54.0814,56.6951,65.4566,23.901,3.00818,0.936973,0.295886,0.131505,0.0493144,0.0164381,0.0328762
71804,71836,71820,3.8,-104.056,39.4139,648.36,11.4052,322.056,484.812,173.38,12872.7,0.222736,0.0938186,73.1736,69.0067,65.2647,65.1503,58.6631,59.137,66.8988,22.9097,3.30082,0.817035,0.310473,0.0817035,0.0163407,0.0326814,0.0490221
71837,71869,71853,3.7,-104.052,39.4116,656.1,11.9048,321.532,550.085,187.477,13281.8,0.212535,0.0973411,84.1174,80.1544,76.2725,75.4767,68.3302,68.3952,71.2213,22.885,2.14395,0.649681,0.24363,0.113694,0.0487261,0.032484,0
71870,71926,71898,3.6,-104.049,39.4095,664.804,12.9394,321.489,550.813,188.962,13540.1,0.214966,0.098759,83.5022,78.8779,77.4685,75.9381,68.6052,68.2309,71.7432,22.6042,2.6645,0.836784,0.143134,0.0660619,0.0550516,0.0550516,0.0220206
71929,71951,71940,3.5,-104.045,39.4081,671.407,13.4217,321.117,584.299,192.039,13258.7,0.207125,0.0965872,89.2648,87.9384,82.0401,82.7738,76.2547,70.9208,72.1061,19.7551,2.17306,0.677317,0.310437,0.0564431,0.0282216,0,0
71960,71981,71970,3.4,-104.043,39.4071,680.086,14.4333,321.071,592.878,196.139,13861.6,0.212016,0.0982334,89.6749,88.0824,82.736,83.2669,78.4134,77.693,69.7303,20.1721,1.89588,0.75835,0.189588,0.075835,0.075835,0.075835,0.0379175
71982,71995,71988,3.3,-104.042,39.4064,686.31,15.185,321.075,584.644,188.223,12789.8,0.203851,0.092596,89.6859,88.5059,82.0997,86.9886,72.3219,78.0537,65.4101,18.7127,2.02299,0.505748,0.337165,0,0,0,0
