data/B2SAP/Locations/Boulder/NOAA-POPS-B2SAP_GMLBalloon_20190807_R0.ict
61,1001
Thornberry, T. D.
NOAA Chemical Sciences Laboratory
Portable Optical Particle Spectrometer (POPS)
Balloon Baseline Stratospheric Aerosol Profiles (B2SAP)
1,1
2019,08,07,2024,05,30
0
TIME_START,s,Seconds since midnight UTC on flight start day,Start time of 100 m altitude bin in UTC_seconds_since_midnight
28
1.0,1.0,1.0,1.0,1.0,1.0,1.0,1.0,1.0,1.0,1.0,1.0,1.0,1.0,1.0,1.0,1.0,1.0,1.0,1.0,1.0,1.0,1.0,1.0,1.0,1.0,1.0,1.0
99999,99999,99999,99999,99999,99999,99999,99999,99999,99999,99999,99999,99999,99999,99999,99999,99999,99999,99999,99999,99999,99999,99999,99999,99999,99999,99999,99999
TIME_STOP,s,End time of 100 m altitude bin in UTC seconds since midnight,
TIME_MID,s,Mid time of 100 m altitude in UTC seconds since midnight,
GPSAlt,m,GPS reported altitude above sea level (m),
GPS_Lon,deg,GPS reported longitude,
GPS_Lat,deg,GPS reported latitude,
iMet_Pressure,mb,Pressure reported (mB),
iMet_Temperature,degrees C,Ambient temperature (oC),
THETA,K,Potential temperature from iMet,
Aerosol_concentration,cm^-3,Aerosol concentration,
Surface_Area_Conc,um^2 cm^-3,Surface area concentration,
Volume_density,um^3 cm^-3,Volume density,
Effective_radius,um,Effective radius,
Extinction,km^-1,Extinction,
Bin01,cm^-3,particle concentration in size range [140 - 170 nm],
Bin02,cm^-3,particle concentration in size range [170 - 205 nm],
Bin03,cm^-3,particle concentration in size range [205 - 249 nm],
Bin04,cm^-3,particle concentration in size range [249 - 302 nm],
Bin05,cm^-3,particle concentration in size range [302 - 366 nm],
Bin06,cm^-3,particle concentration in size range [366 - 443 nm],
Bin07,cm^-3,particle concentration in size range [443 - 537 nm],
Bin08,cm^-3,particle concentration in size range [537 - 651 nm],
Bin09,cm^-3,particle concentration in size range [651 - 789 nm],
Bin10,cm^-3,particle concentration in size range [789 - 956 nm],
Bin11,cm^-3,particle concentration in size range [956 - 1159 nm],
Bin12,cm^-3,particle concentration in size range [1159 - 1404 nm],
Bin13,cm^-3,particle concentration in size range [1404 - 1702 nm],
Bin14,cm^-3,particle concentration in size range [1702 - 2062 nm],
Bin15,cm^-3,particle concentration in size range [2062 - 2500 nm],
0
19
PI_CONTACT_INFO: 325 Broadway R/CSL6, Boulder, CO 80305; troy.thornberry@noaa.gov; 303-497-3373 
PLATFORM: GML ECC/FPH balloon
LOCATION: Boulder, CO, USA
ASSOCIATED_DATA: N/A
INSTRUMENT_INFO: Printed Optical Particle Spectrometer counts particles from 140 - 2500 nm in diameter 
DATA_INFO: Particle concentrations reported in number per cubic centimeter, binned to 100 m altitude
UNCERTAINTY: Counting uncertainty dominated by air flow, less than 5 percent
ULOD_FLAG: -77777
ULOD_VALUE: 3000 ~3000 per cm3 (varies depending on flow rate- manufacturer quotes 1250  per cm3 at 1.667 cc/s)
LLOD_FLAG: -88888
LLOD_VALUE: 0 0 (varies depending on data field and measurement precision)
DM_CONTACT_INFO: Troy Thornberry, 325 Broadway R/CSL6, Boulder, CO 80305; troy.thornberry@noaa.gov; 303-497-3373
PROJECT_INFO: B2SAP Boulder, CO, USA
STIPULATIONS_ON_USE: Please contact the PIs for questions regarding applications and uncertainties
OTHER_COMMENTS: POPS bin Edges (nm):  140, 170, 205, 249, 302, 366, 443, 537, 651, 789, 956, 1159, 1404, 1702, 2062, 2500
Calculations assume sulfate refractive index of 1.45+0.00j and extinction wavelength = 532 nm
REVISION: R0
R0: QA/QC data
TIME_START,TIME_STOP,TIME_MID,GPSAlt,GPS_Lon,GPS_Lat,iMet_Pressure,iMet_Temperature,THETA,Aerosol_concentration,Surface_Area_Conc,Volume_density,Effective_radius,Extinction,Bin01,Bin02,Bin03,Bin04,Bin05,Bin06,Bin07,Bin08,Bin09,Bin10,Bin11,Bin12,Bin13,Bin14,Bin15
[from data line 310]
65340,65360,65350,19,-105.037,39.9239,67.3689,-61.6763,457.073,10.3038,2.90613,189.918,0.196053,0.00134877,1.95546,1.83512,1.66966,1.42899,1.17328,1.08302,0.82731,0.240672,0.07521,0.015042,0,0,0,0,0
65361,65381,65371,18.9,-105.038,39.9235,68.5075,-62.3535,453.43,9.16058,2.47364,183.978,0.223126,0.00110268,2.20771,1.7633,1.41925,1.18987,1.04651,0.745462,0.501753,0.129022,0.100351,0.0143358,0.0430074,0,0,0,0
65382,65402,65392,18.8,-105.039,39.9232,69.6781,-63.051,449.754,9.68326,2.75986,200.128,0.217542,0.00136045,2.27358,2.08183,1.27375,1.12309,0.794383,1.02722,0.766991,0.191748,0.0684813,0.0684813,0.0136963,0,0,0,0
65403,65422,65412,18.7,-105.039,39.9231,70.8274,-62.9,447.966,7.80685,2.26275,161.195,0.213715,0.00115425,1.7399,1.67938,0.983421,0.938032,0.832125,0.620312,0.6657,0.226943,0.0605182,0.0605182,0,0,0,0,0
65423,65442,65432,18.6,-105.04,39.9229,72.0195,-62.848,445.957,10.9352,3.10437,214.737,0.207518,0.00153471,2.58651,1.98299,1.53754,1.42258,1.03461,1.1783,0.704106,0.30176,0.143695,0.0431086,0,0,0,0,0
65443,65461,65452,18.5,-105.041,39.9227,73.2239,-63.4328,442.606,13.042,3.54609,262.695,0.222241,0.00173198,3.6044,2.59447,1.98503,1.48007,0.870627,1.09699,0.81839,0.383076,0.121888,0.0522376,0.0348251,0,0,0,0
65462,65481,65472,18.4,-105.041,39.9228,74.4111,-62.29,442.981,16.7635,4.22536,285.045,0.202381,0.00190071,4.35045,3.64497,2.56995,1.7133,1.62932,1.32697,1.00783,0.352739,0.0839854,0.0671883,0.0167971,0,0,0,0
65482,65502,65492,18.3,-105.042,39.9232,75.659,-61.3362,442.878,23.6354,6.18133,422.259,0.204936,0.00288624,5.77654,4.80874,4.02241,2.81266,1.89023,1.84486,1.6634,0.544386,0.151218,0.105853,0,0.0151218,0,0,0
65503,65524,65514,18.2,-105.042,39.924,76.992,-61.837,439.627,33.1352,8.78221,599.449,0.204772,0.00402657,7.70291,6.89124,5.14058,4.01061,3.23077,3.00795,1.86207,0.907161,0.286472,0.0477453,0.0477453,0,0,0,0
65525,65545,65535,18.1,-105.043,39.9248,78.2205,-62.4037,436.473,42.4789,12.0618,869.969,0.216378,0.00579291,9.49194,8.03293,6.43976,5.46709,4.52796,4.15901,2.68323,0.922361,0.486336,0.184472,0.083851,0,0,0,0
65546,65567,65556,18,-105.044,39.9251,79.5235,-62.0535,435.139,71.2676,22.7153,1783.02,0.235483,0.0116238,13.1759,12.6673,11.3005,9.58394,8.47137,7.99456,4.30721,2.00261,0.905944,0.603963,0.2543,0,0,0,0
65568,65590,65579,17.9,-105.045,39.9249,80.8378,-63.0439,431.068,70.481,22.474,1752.05,0.233877,0.0115485,13.5102,12.1495,11.247,9.49744,7.95619,7.26193,5.05419,2.29105,0.763683,0.499865,0.236047,0.0138851,0,0,0
65591,65613,65602,17.8,-105.047,39.9242,82.2041,-63.7914,427.497,49.1822,14.4786,1103.63,0.228675,0.00721908,11.1414,9.64128,7.39844,6.45179,4.44198,4.09245,3.71378,1.50008,0.334969,0.305841,0.145639,0.0145639,0,0,0
65614,65636,65625,17.7,-105.048,39.9237,83.5633,-65.4967,422.019,32.2882,8.82756,653.738,0.222169,0.00403485,7.62981,7.07603,4.67633,3.72261,3.09192,2.96886,1.89207,0.86143,0.169209,0.0615307,0.123061,0.0153827,0,0,0
65637,65661,65649,17.6,-105.049,39.9234,84.9984,-66.098,418.763,23.7408,6.64442,479.671,0.216575,0.00331146,5.63715,4.75594,3.61555,2.92873,2.16415,2.21598,1.2959,0.673867,0.246221,0.194385,0.012959,0,0,0,0
65662,65687,65674,17.5,-105.05,39.923,86.5121,-67.7992,413.228,25.5882,6.27022,426.513,0.204066,0.00272032,6.66927,5.51236,3.94712,3.1577,2.42272,1.94634,1.21136,0.367491,0.217772,0.0952753,0.0408323,0,0,0,0
65689,65710,65700,17.4,-105.05,39.923,87.9415,-68.3,410.292,23.1676,5.9793,452.108,0.226837,0.00275912,6.07433,4.84636,3.9786,2.93074,2.03023,1.42444,0.933252,0.442067,0.311084,0.11461,0.0491185,0.0327457,0,0,0
65711,65734,65722,17.3,-105.05,39.9229,89.48,-68.6491,407.576,23.4139,5.68734,400.102,0.211049,0.00245196,6.00243,5.13856,3.85764,3.06824,2.18947,1.54901,0.923451,0.357465,0.104261,0.178732,0.0297887,0.0148944,0,0,0
65735,65756,65746,17.2,-105.05,39.9222,91.029,-67.9633,406.933,23.725,5.22828,324.696,0.186311,0.00201762,6.22704,5.12174,4.17212,3.23806,2.10163,1.57233,0.809515,0.249082,0.140108,0.077838,0.0155676,0,0,0,0
65757,65778,65768,17.1,-105.05,39.9214,92.5432,-68.2679,404.423,25.7997,7.00479,522.639,0.223835,0.00316047,5.73136,5.36992,4.07908,3.5111,2.77102,2.20305,1.222,0.481916,0.206535,0.120479,0.0860565,0.0172113,0,0,0
65779,65801,65790,17,-105.049,39.9207,94.1263,-68.0405,402.92,29.4882,8.1003,570.66,0.211348,0.0036278,5.89765,5.51937,5.12391,4.09225,3.3357,3.0262,1.58188,0.515829,0.189137,0.137555,0.0687773,0,0,0,0
65802,65825,65814,16.9,-105.048,39.9202,95.6971,-67.7629,401.551,33.6096,9.85422,712.367,0.216872,0.0044749,6.35898,5.66105,5.35085,4.48231,4.73046,3.79988,2.21789,0.573859,0.217136,0.108568,0.0620389,0.0310194,0.0155097,0,0
65826,65848,65837,16.8,-105.047,39.9197,97.3721,-67.2042,400.659,37.3672,11.6588,857.337,0.220607,0.00566771,6.79242,5.79927,5.92342,4.93027,4.85933,5.08988,2.5006,0.904474,0.212817,0.266022,0.0886739,0,0,0,0
65849,65871,65860,16.7,-105.046,39.9192,99.0284,-66.9916,399.144,43.2858,13.9278,989.619,0.213161,0.00701324,6.64307,6.66232,6.27722,6.54679,6.27722,5.64179,3.36967,1.13606,0.36585,0.36585,0,0,0,0,0
65872,65896,65884,16.6,-105.045,39.9185,100.728,-66.6505,397.861,44.1757,14.4958,1049.07,0.217111,0.00720371,7.435,5.97579,6.14951,6.20162,6.54905,6.54905,3.3527,1.33761,0.330058,0.225829,0.0521145,0,0.0173715,0,0
65897,65922,65910,16.5,-105.044,39.9179,102.495,-66.8241,395.565,45.0697,14.785,1097.77,0.222748,0.00728329,7.16262,6.39817,6.91334,6.2486,6.64744,6.5145,3.35696,1.08021,0.332372,0.299135,0.0664744,0.0498558,0,0,0
65923,65948,65936,16.4,-105.042,39.9174,104.206,-66.3559,394.583,36.384,10.3379,726.683,0.21088,0.00474188,7.04474,6.43143,6.01704,5.15509,4.40918,4.01136,2.05541,0.762489,0.265214,0.165759,0.0331517,0.0331517,0,0,0
65949,65975,65962,16.3,-105.041,39.9167,105.922,-66.5287,392.42,23.3461,5.18873,348.383,0.201427,0.0020674,6.31661,5.47546,3.98359,2.8885,2.2378,1.20619,0.53961,0.412643,0.142838,0.0952253,0.0476127,0,0,0,0
65977,66007,65992,16.2,-105.04,39.9153,107.711,-66.1663,391.238,21.8573,4.5062,284.617,0.189484,0.00163456,6.48173,4.94552,3.86748,2.74901,1.61706,1.14542,0.63335,0.202133,0.148231,0.0269511,0.0134755,0.0269511,0,0,0
66008,66037,66022,16.1,-105.037,39.9137,109.582,-66.9035,387.922,23.82,4.88206,309.386,0.190116,0.00173236,6.42761,5.93749,4.3831,2.81471,2.04451,1.37234,0.378095,0.23806,0.0840211,0.0980246,0.0420105,0,0,0,0
66038,66066,66052,16,-105.034,39.9127,111.378,-68.0285,384.022,26.4287,5.85199,388.418,0.199121,0.00223981,6.82895,5.95597,5.02667,3.26663,2.42181,1.6474,0.746257,0.211205,0.154883,0.112643,0.0422409,0.0140803,0,0,0
66067,66095,66081,15.9,-105.03,39.9113,113.235,-68.635,381.089,28.3769,6.09699,388.95,0.191381,0.00226841,7.48855,6.69222,5.23739,3.59879,2.02145,1.97551,0.781014,0.352222,0.0918841,0.0918841,0.015314,0.030628,0,0,0
66096,66122,66109,15.8,-105.026,39.9104,115.185,-67.9192,380.548,28.871,6.23841,393.833,0.189391,0.00223494,7.27989,6.81211,4.98482,3.90307,2.57281,2.01732,0.83324,0.277747,0.058473,0.0730913,0.0438548,0.0146183,0,0,0
66123,66146,66134,15.7,-105.022,39.91,117.144,-67.8395,378.872,28.712,6.1749,404.825,0.196679,0.00218659,7.76095,6.24704,5.34218,3.60205,2.7668,1.75752,0.817858,0.174012,0.0870061,0.0696049,0.0696049,0.0174012,0,0,0
66147,66172,66160,15.6,-105.018,39.9101,119.126,-67.5192,377.652,28.4908,5.91809,342.43,0.173584,0.00205787,7.2707,6.66354,4.88761,3.8858,2.71703,1.79111,0.895556,0.212505,0.106252,0.0455367,0.0151789,0,0,0,0
66173,66199,66186,15.5,-105.014,39.9104,121.198,-67.22,376.335,27.8467,5.60005,324.606,0.173894,0.00191867,7.29284,6.49223,5.35682,3.69737,2.37272,1.52844,0.698716,0.189235,0.145566,0.0582263,0.0145566,0,0,0,0
66200,66226,66213,15.4,-105.01,39.9112,123.254,-67.1987,374.574,28.9232,5.83758,330.559,0.169878,0.00191898,7.76335,6.34323,5.19135,3.83434,2.90337,1.83038,0.7574,0.157792,0.0788958,0.0473375,0,0.0157792,0,0,0
66227,66253,66240,15.3,-105.007,39.9118,125.311,-66.6885,373.731,28.3276,6.03616,397.737,0.197677,0.00213319,7.9747,6.01459,5.15536,3.78597,2.63138,1.51707,0.751824,0.255083,0.107403,0.0402763,0.0805525,0.0134254,0,0,0
66254,66281,66268,15.2,-105.004,39.9117,127.414,-66.3327,372.594,25.9591,5.23881,307.238,0.17594,0.00179559,7.36321,5.88778,4.39844,3.4937,2.28273,1.44759,0.682036,0.222706,0.139191,0.0139191,0.0278382,0,0,0,0
66282,66308,66295,15.1,-105.001,39.911,129.61,-66.6593,370.202,26.6121,5.61694,323.122,0.172579,0.00202269,7.00529,5.93168,4.26759,3.89183,2.45588,1.71777,0.939407,0.254982,0.0939407,0.0536804,0,0,0,0,0
66309,66336,66322,15,-104.997,39.9098,131.796,-67.7675,366.46,23.3581,4.89547,303.614,0.186058,0.00178064,6.30422,5.49832,3.97751,3.2366,1.96276,1.24785,0.753907,0.181978,0.0779904,0.0909888,0.0129984,0.0129984,0,0,0
66337,66366,66352,14.9,-104.991,39.9083,134.036,-67.4067,365.33,18.4539,3.57246,198.466,0.166663,0.00112836,4.88556,4.57115,3.1079,2.70883,1.59627,0.906973,0.483719,0.12093,0.0362789,0.024186,0.012093,0,0,0,0
66367,66394,66380,14.8,-104.983,39.9067,136.306,-66.8518,364.57,15.55,3.23258,188.621,0.17505,0.00117026,3.81002,3.70669,3.07384,2.06645,1.17529,1.04614,0.387459,0.142068,0.103322,0.0387459,0,0,0,0,0
66395,66423,66409,14.7,-104.975,39.9055,138.613,-65.8479,364.594,14.0075,3.15776,189.773,0.180292,0.00123236,3.6633,2.91822,2.29732,1.80061,1.39081,1.04311,0.67057,0.12418,0.0620898,0.0372539,0,0,0,0,0
66424,66452,66438,14.6,-104.966,39.9048,140.986,-66.35,361.942,12.9331,3.07715,196.479,0.191553,0.00120247,3.07161,2.58662,2.3006,1.74099,1.256,1.0819,0.683961,0.136792,0.037307,0.0124357,0.0248713,0,0,0,0
66453,66481,66467,14.5,-104.957,39.9045,143.197,-65.4518,361.904,13.1546,3.22786,212.273,0.197289,0.00129571,2.9646,2.69509,2.09191,2.00207,1.36038,1.20638,0.564686,0.154005,0.0513351,0.0385013,0.0256676,0,0,0,0
66482,66513,66498,14.4,-104.947,39.9047,145.46,-65.0329,361.02,12.9145,2.90245,196.399,0.203,0.00114389,3.61561,2.85321,2.25253,1.5479,1.14359,0.727742,0.427404,0.207926,0.0808602,0.0231029,0.0115515,0.0231029,0,0,0
66514,66548,66531,14.3,-104.936,39.9048,147.991,-65.1056,359.115,10.8432,2.62295,190.048,0.217367,0.00107335,2.98066,2.37962,1.81538,1.10395,0.956754,0.895423,0.453845,0.134927,0.0490643,0.0245321,0.0367982,0.0122661,0,0,0
66549,66581,66565,14.2,-104.925,39.9045,150.49,-64.3703,358.66,11.0928,2.55374,161.51,0.189734,0.00107121,3.05644,2.30551,1.91028,1.30426,0.961726,0.724588,0.553322,0.184441,0.039523,0.0526973,0,0,0,0,0
66582,66616,66599,14.1,-104.915,39.9038,152.936,-63.6318,358.279,11.4482,2.42355,146.518,0.181368,0.000875705,3.43302,2.4002,1.92016,1.28011,0.989174,0.727334,0.56732,0.101827,0,0.0145467,0,0.0145467,0,0,0
66617,66650,66634,14,-104.904,39.9027,155.536,-62.6403,358.249,11.4092,2.4499,147.722,0.180892,0.000906744,3.23982,2.49969,1.82938,1.39647,1.06132,0.698237,0.460836,0.181542,0.0279295,0,0.0139647,0,0,0,0
66651,66681,66666,13.9,-104.895,39.9015,157.836,-61.96,357.891,10.5666,2.11297,114.749,0.162921,0.000675746,3.11234,1.94041,1.80592,1.59459,0.922173,0.88375,0.230543,0.0384239,0.0192119,0.0192119,0,0,0,0,0
66683,66714,66698,13.8,-104.884,39.8996,160.646,-61.353,357.12,9.56328,1.95932,117.428,0.179798,0.000681114,2.78991,2.07378,1.59637,1.35766,0.731046,0.522176,0.402821,0.0149193,0.0596772,0,0.0149193,0,0,0,0
66715,66743,66729,13.7,-104.874,39.8976,163.175,-60.5512,356.881,9.70569,2.42056,196.011,0.242932,0.000994355,2.75021,2.1586,1.55099,1.03932,0.991355,0.591615,0.39974,0.0639584,0.0479688,0.0319792,0.079948,0,0,0,0
66745,66774,66760,13.6,-104.863,39.8957,165.871,-59.8155,356.438,7.91972,1.99613,133.321,0.200369,0.000834495,1.86666,1.61294,1.25048,1.03301,0.761163,0.815532,0.43495,0.0362459,0.0906146,0,0.0181229,0,0,0,0
66775,66803,66789,13.5,-104.854,39.8941,168.211,-59.2131,356.013,8.09946,2.4877,211.878,0.255511,0.00128353,1.88822,1.59008,1.44101,0.919264,0.645969,0.720504,0.521745,0.124225,0.0993799,0.0993799,0.04969,0,0,0,0
66804,66833,66818,13.4,-104.842,39.8924,171.228,-58.1719,355.939,8.21728,2.32364,178.101,0.229942,0.00110994,1.88693,1.46085,1.44563,1.12607,0.882596,0.639122,0.426081,0.182606,0.0760859,0.0608687,0.0304344,0,0,0,0
66834,66863,66848,13.3,-104.831,39.8912,173.966,-57.5352,355.383,7.61032,2.20231,162.804,0.221772,0.00103097,1.60715,1.32353,1.27626,1.02416,0.850843,0.740548,0.504203,0.141807,0.110294,0,0.0315127,0,0,0,0
66864,66891,66878,13.2,-104.82,39.8903,176.709,-57.1096,354.485,5.55833,1.64062,119.592,0.218682,0.000752497,1.19669,0.803044,0.913266,0.755806,0.645585,0.598347,0.472379,0.141714,0,0.015746,0,0,0.015746,0,0
66892,66924,66908,13.1,-104.808,39.8896,179.596,-56.0196,354.632,5.14713,1.68168,130.929,0.233568,0.000819974,0.82644,1.02943,0.579958,0.811941,0.594457,0.608956,0.478465,0.159488,0.0144989,0.0144989,0.0144989,0.0144989,0,0,0
66925,66955,66940,13,-104.796,39.8887,182.538,-55.1685,354.378,3.65696,1.14006,78.451,0.20644,0.000567428,0.659451,0.539551,0.554538,0.569526,0.359701,0.464613,0.389676,0.0749376,0.0299751,0.0149875,0,0,0,0,0
66956,66989,66972,12.9,-104.783,39.8879,185.514,-54.2137,354.287,7.3577,1.94129,128.93,0.199243,0.000878918,1.95058,1.2478,0.874893,1.10437,0.74581,0.831865,0.387248,0.129083,0.0430275,0.0430275,0,0,0,0,0
66990,67023,67006,12.8,-104.77,39.887,188.511,-53.5,353.813,6.69786,1.92223,134.128,0.209332,0.000888978,1.36125,1.26488,0.975767,0.819162,0.746883,0.903488,0.421628,0.120465,0.048186,0.024093,0.0120465,0,0,0,0
67024,67055,67040,12.7,-104.758,39.886,191.312,-53.0997,352.971,5.11862,1.47698,109.645,0.222708,0.000651394,1.0933,0.745431,0.770278,0.80755,0.782702,0.447258,0.310596,0.0993908,0.0248477,0.0124238,0.0124238,0.0124238,0,0,0
67061,67092,67076,12.6,-104.743,39.8848,194.605,-52.39,352.391,7.75211,2.58694,241.767,0.28037,0.00119959,1.03617,1.68858,1.53507,0.997796,1.03617,0.805912,0.230261,0.230261,0.0383768,0.0383768,0.0767536,0.0383768,0,0,0
67093,67126,67110,12.5,-104.731,39.8837,197.655,-51.4962,352.242,7.39887,1.74268,111.733,0.192347,0.000707611,2.29536,1.22094,1.11105,0.854655,0.781399,0.586049,0.415118,0.0732562,0.0488374,0,0.0122094,0,0,0,0
67127,67157,67142,12.4,-104.72,39.883,200.673,-50.8431,351.755,7.69419,1.98561,131.523,0.198715,0.000816832,1.72006,1.50505,1.07504,1.12111,0.875387,0.813957,0.430015,0.107504,0.0153577,0.0153577,0,0.0153577,0,0,0
67158,67188,67173,12.3,-104.708,39.8822,203.866,-50.7212,350.368,8.02152,2.04272,133.267,0.19572,0.000917715,2.04403,1.52873,1.27108,0.996249,0.721422,0.721422,0.498124,0.171767,0.0343534,0.0343534,0,0,0,0,0
67189,67216,67202,12.2,-104.698,39.8815,206.739,-49.4832,350.916,5.88685,1.58738,118.828,0.224574,0.000683537,1.20269,1.12356,1.13939,0.807068,0.712118,0.427271,0.284847,0.110774,0.0316497,0.0158249,0.0316497,0,0,0,0
67222,67250,67236,12.1,-104.687,39.8806,210.216,-48.8355,350.246,2.25845,0.717565,47.8235,0.199941,0.000347128,0.244157,0.381495,0.350975,0.381495,0.320456,0.305196,0.152598,0.106819,0.0152598,0,0,0,0,0,0
67251,67282,67266,12,-104.677,39.88,213.397,-48.3456,349.514,3.06984,0.727514,40.9426,0.168832,0.0002629,0.702071,0.509345,0.481813,0.440515,0.426749,0.330386,0.165193,0.0137661,0,0,0,0,0,0,0
67283,67313,67298,11.9,-104.666,39.8797,216.597,-47.2528,349.727,3.05586,0.906651,63.917,0.211494,0.000436462,0.614685,0.439061,0.491748,0.421498,0.421498,0.368811,0.210749,0.0351248,0.0175624,0.0351248,0,0,0,0,0
67314,67344,67329,11.8,-104.657,39.8796,219.755,-46.7967,348.988,3.43063,0.936291,65.4243,0.209628,0.000436262,0.656928,0.748169,0.4562,0.602184,0.346712,0.36496,0.145984,0.036496,0.036496,0.036496,0,0,0,0,0
67345,67377,67361,11.7,-104.647,39.8794,223.331,-46.2103,348.273,3.73901,0.996939,62.9518,0.189435,0.000423701,0.739875,0.634179,0.581331,0.554907,0.502058,0.435998,0.211393,0.0528482,0.0132121,0.0132121,0,0,0,0,0
67378,67410,67394,11.6,-104.637,39.8792,226.672,-45.851,347.351,5.66584,1.5567,109.884,0.211765,0.000688912,1.12716,1.02196,0.96184,0.856639,0.691323,0.48092,0.375719,0.0901725,0.0150288,0.0300575,0.0150288,0,0,0,0
