data/B2SAP/Locations/Boulder/NOAA-POPS-B2SAP_GMLBalloon_20220817_R0.ict
61,1001
Thornberry, T. D.
NOAA Chemical Sciences Laboratory
Portable Optical Particle Spectrometer (POPS)
Balloon Baseline Stratospheric Aerosol Profiles (B2SAP)
1,1
2022,08,17,2024,05,28
0
TIME_START,s,Seconds since midnight UTC on flight start day,Start time of 100 m altitude bin in UTC_seconds_since_midnight
28
1.0,1.0,1.0,1.0,1.0,1.0,1.0,1.0,1.0,1.0,1.0,1.0,1.0,1.0,1.0,1.0,1.0,1.0,1.0,1.0,1.0,1.0,1.0,1.0,1.0,1.0,1.0,1.0
99999,99999,99999,99999,99999,99999,99999,99999,99999,99999,99999,99999,99999,99999,99999,99999,99999,99999,99999,99999,99999,99999,99999,99999,99999,99999,99999,99999
TIME_STOP,s,End time of 100 m altitude bin in UTC seconds since midnight,
TIME_MID,s,Mid time of 100 m altitude in UTC seconds since midnight,
GPSAlt,m,GPS reported altitude above sea level (m),
GPS_Lon,deg,GPS reported longitude,
GPS_Lat,deg,GPS reported latitude,
iMet_Pressure,mb,Pressure reported (mB),
iMet_Temperature,degrees C,Ambient temperature (oC),
THETA,K,Potential temperature from iMet,
Aerosol_concentration,cm^-3,Aerosol concentration,
Surface_Area_Conc,um^2 cm^-3,Surface area concentration,
Volume_density,um^3 cm^-3,Volume density,
Effective_radius,um,Effective radius,
Extinction,km^-1,Extinction,
Bin01,cm^-3,particle concentration in size range [140 - 170 nm],
Bin02,cm^-3,particle concentration in size range [170 - 205 nm],
Bin03,cm^-3,particle concentration in size range [205 - 249 nm],
Bin04,cm^-3,particle concentration in size range [249 - 302 nm],
Bin05,cm^-3,particle concentration in size range [302 - 366 nm],
Bin06,cm^-3,particle concentration in size range [366 - 443 nm],
Bin07,cm^-3,particle concentration in size range [443 - 537 nm],
Bin08,cm^-3,particle concentration in size range [537 - 651 nm],
Bin09,cm^-3,particle concentration in size range [651 - 789 nm],
Bin10,cm^-3,particle concentration in size range [789 - 956 nm],
Bin11,cm^-3,particle concentration in size range [956 - 1159 nm],
Bin12,cm^-3,particle concentration in size range [1159 - 1404 nm],
Bin13,cm^-3,particle concentration in size range [1404 - 1702 nm],
Bin14,cm^-3,particle concentration in size range [1702 - 2062 nm],
Bin15,cm^-3,particle concentration in size range [2062 - 2500 nm],
0
19
PI_CONTACT_INFO: 325 Broadway R/CSL6, Boulder, CO 80305; troy.thornberry@noaa.gov; 303-497-3373 
PLATFORM: GML ECC/FPH balloon
LOCATION: Boulder, CO, USA
ASSOCIATED_DATA: N/A
INSTRUMENT_INFO: Printed Optical Particle Spectrometer counts particles from 140 - 2500 nm in diameter 
DATA_INFO: Particle concentrations reported in number per cubic centimeter, binned to 100 m altitude
UNCERTAINTY: Counting uncertainty dominated by air flow, less than 5 percent
ULOD_FLAG: -77777
ULOD_VALUE: 3000 ~3000 per cm3 (varies depending on flow rate- manufacturer quotes 1250  per cm3 at 1.667 cc/s)
LLOD_FLAG: -88888
LLOD_VALUE: 0 0 (varies depending on data field and measurement precision)
DM_CONTACT_INFO: Troy Thornberry, 325 Broadway R/CSL6, Boulder, CO 80305; troy.thornberry@noaa.gov; 303-497-3373
PROJECT_INFO: B2SAP Boulder, CO, USA
STIPULATIONS_ON_USE: Please contact the PIs for questions regarding applications and uncertainties
OTHER_COMMENTS: POPS bin Edges (nm):  140, 170, 205, 249, 302, 366, 443, 537, 651, 789, 956, 1159, 1404, 1702, 2062, 2500
Calculations assume sulfate refractive index of 1.45+0.00j and extinction wavelength = 532 nm
REVISION: R0
R0: QA/QC data
TIME_START,TIME_STOP,TIME_MID,GPSAlt,GPS_Lon,GPS_Lat,iMet_Pressure,iMet_Temperature,THETA,Aerosol_concentration,Surface_Area_Conc,Volume_density,Effective_radius,Extinction,Bin01,Bin02,Bin03,Bin04,Bin05,Bin06,Bin07,Bin08,Bin09,Bin10,Bin11,Bin12,Bin13,Bin14,Bin15
[from data line 317]
67417,67438,67428,18.1,-105.205,39.6864,78.345,-61.9373,437.244,4.83282,1.07012,64.1884,0.179948,0.000432245,1.53902,1.07875,0.460269,0.532186,0.604103,0.302051,0.172601,0.115067,0.0287668,0,0,0,0,0,0
67439,67460,67450,18,-105.205,39.6862,79.6355,-61.6568,435.776,5.35251,1.09656,60.5922,0.165769,0.000388076,1.85114,0.817944,0.846643,0.688795,0.530946,0.272648,0.286998,0.0573995,0,0,0,0,0,0,0
67461,67483,67472,17.9,-105.206,39.6855,80.957,-62.3313,432.353,5.73268,1.11203,61.6005,0.166183,0.000392246,2.10841,1.21268,0.716585,0.592561,0.427195,0.385854,0.206707,0.0689024,0.0137805,0,0,0,0,0,0
67484,67507,67496,17.8,-105.207,39.6844,82.3075,-61.4983,432.017,5.83684,1.03667,55.8591,0.161649,0.000335378,2.30056,1.20944,0.775616,0.591571,0.499549,0.276067,0.118314,0.013146,0.0525841,0,0,0,0,0,0
67508,67530,67519,17.7,-105.208,39.6834,83.7048,-63.6083,425.652,8.63855,1.28867,65.3473,0.152128,0.000375866,4.07088,2.30453,0.883175,0.427788,0.372589,0.400189,0.068998,0.0551984,0.0551984,0,0,0,0,0,0
67531,67553,67542,17.6,-105.208,39.6827,85.073,-64.9113,421.057,10.8161,1.39319,58.9066,0.126846,0.000277814,5.05308,3.06247,1.29459,0.584654,0.473291,0.194885,0.0974424,0.0556813,0,0,0,0,0,0,0
67554,67577,67566,17.5,-105.208,39.6817,86.47,-64.2783,420.371,11.293,1.51272,79.3087,0.157283,0.000354414,5.77936,2.85646,1.38173,0.465006,0.425148,0.159431,0.119573,0.0797153,0.0132859,0,0,0,0.0132859,0,0
67578,67601,67590,17.4,-105.208,39.6807,87.9421,-66.2867,414.325,11.3729,1.51046,66.4283,0.131937,0.000330528,5.22323,3.12857,1.55757,0.631085,0.362538,0.255119,0.161128,0.040282,0.0134273,0,0,0,0,0,0
67602,67625,67614,17.3,-105.208,39.6801,89.4613,-65.5304,413.818,9.62793,1.46593,82.8499,0.169551,0.000437734,4.70046,2.48377,0.921397,0.560851,0.387254,0.267072,0.160243,0.106829,0.0267072,0,0,0.0133536,0,0,0
67626,67648,67637,17.2,-105.208,39.6795,90.9291,-65.42,412.105,8.7936,1.32203,80.9943,0.183795,0.000363957,4.52202,2.101,0.96006,0.306106,0.445245,0.208709,0.194795,0.0139139,0.0139139,0,0.0139139,0.0139139,0,0,0
67649,67671,67660,17.1,-105.209,39.6784,92.4439,-65.1878,410.63,8.07667,1.20598,69.8644,0.173795,0.000356687,4.20544,1.81029,0.932995,0.431684,0.222805,0.23673,0.111402,0.0835518,0.0278506,0,0,0.0139253,0,0,0
67672,67695,67684,17,-105.209,39.6768,93.9871,-65.4525,408.175,7.92832,1.17676,68.5277,0.174703,0.000334589,4.11791,1.77819,0.828931,0.521424,0.240657,0.267397,0.093589,0.0267397,0.0267397,0.0133699,0,0.0133699,0,0,0
67696,67720,67708,16.9,-105.209,39.6747,95.5852,-66.9464,403.284,10.455,1.41607,71.3981,0.151259,0.000334561,5.34398,2.65258,1.15161,0.504637,0.297607,0.310546,0.116455,0.0646971,0,0,0.0129394,0,0,0,0
67721,67745,67733,16.8,-105.208,39.6727,97.1632,-67.3464,400.629,11.204,1.29544,51.0511,0.118225,0.000220014,6.08677,3.01645,1.06384,0.430922,0.296259,0.188528,0.0942642,0.0269326,0,0,0,0,0,0,0
67746,67772,67759,16.7,-105.208,39.6712,98.8389,-66.8052,399.723,11.1828,1.37387,59.3714,0.129644,0.000289027,6.12905,2.78227,1.08871,0.470432,0.309141,0.255377,0.0806454,0.0403227,0.0268818,0,0,0,0,0,0
67773,67798,67786,16.6,-105.208,39.6696,100.52,-66.4762,398.432,10.1233,1.38247,74.3464,0.161333,0.000357087,5.33318,2.56215,1.05828,0.389893,0.389893,0.139247,0.167097,0.0278495,0.0417742,0,0,0.0139247,0,0,0
67799,67824,67812,16.5,-105.208,39.6676,102.204,-67.0516,395.45,8.66247,1.18471,57.9791,0.146818,0.00032332,4.62869,2.06042,0.78354,0.49334,0.2902,0.20314,0.11608,0.02902,0.05804,0,0,0,0,0,0
67825,67850,67838,16.4,-105.207,39.6656,103.953,-67.275,393.104,10.4741,1.37804,65.7881,0.143221,0.000351843,5.73979,2.52774,0.893787,0.516721,0.391032,0.15362,0.15362,0.0698271,0.0139654,0.0139654,0,0,0,0,0
67851,67874,67862,16.3,-105.206,39.6634,105.686,-67.0304,391.717,12.2206,1.65317,90.226,0.163733,0.000406205,6.57917,2.93416,1.33096,0.46886,0.362989,0.317615,0.151245,0.030249,0.0151245,0.0151245,0,0,0.0151245,0,0
67875,67898,67886,16.2,-105.206,39.6609,107.432,-66.4339,391.022,11.9048,1.5314,71.6243,0.140312,0.000385515,6.21941,3.31388,1.14651,0.486873,0.2827,0.157056,0.204173,0.0314112,0.0628223,0,0,0,0,0,0
67899,67921,67910,16.1,-105.205,39.6583,109.284,-65.7248,390.441,12.3256,1.41937,57.5526,0.121644,0.000256407,6.94065,3.2139,1.02571,0.512856,0.324809,0.188047,0.0512856,0.0512856,0.0170952,0,0,0,0,0,0
67922,67944,67933,16,-105.203,39.6558,111.084,-65.8414,388.41,13.5493,1.55068,61.6658,0.119301,0.000268359,7.07701,4.10238,1.2585,0.457636,0.392259,0.0817206,0.130753,0.0326883,0.0163441,0,0,0,0,0,0
67945,67969,67957,15.9,-105.2,39.6535,112.975,-64.06,389.867,10.9933,1.28435,59.6892,0.139423,0.000228309,6.56465,2.44929,0.954082,0.498401,0.256321,0.17088,0.0569601,0.0284801,0,0,0.01424,0,0,0,0
67970,67996,67983,15.8,-105.197,39.6513,114.902,-66.0122,384.356,9.59479,1.27527,63.7833,0.150046,0.000354543,5.4162,2.18245,0.944841,0.385921,0.226229,0.212922,0.106461,0.0665381,0.0399228,0.0133076,0,0,0,0,0
67997,68024,68010,15.7,-105.192,39.6493,116.928,-67.4315,379.83,12.1997,1.39455,58.4086,0.125651,0.000259569,7.0326,3.18077,0.912627,0.469735,0.322104,0.161052,0.0671049,0.026842,0.013421,0.013421,0,0,0,0,0
68025,68051,68038,15.6,-105.187,39.6482,118.851,-66.2978,380.147,11.2292,1.30505,55.4436,0.127452,0.000266019,6.57481,2.64059,1.12025,0.320072,0.293399,0.0933543,0.133363,0.0133363,0.040009,0,0,0,0,0,0
68052,68078,68065,15.5,-105.183,39.6477,120.847,-66.9119,377.208,10.9699,1.29664,60.9608,0.141043,0.000244167,6.41911,2.54896,1.04094,0.427051,0.240216,0.173489,0.0800721,0.0133453,0.0133453,0,0.0133453,0,0,0,0
68079,68106,68092,15.4,-105.177,39.6475,122.977,-66.9108,375.342,10.6018,1.26936,54.8487,0.129629,0.000274614,6.13639,2.69368,0.792258,0.331308,0.259284,0.201666,0.115237,0.0576187,0.0144047,0,0,0,0,0,0
68107,68131,68119,15.3,-105.173,39.6474,124.985,-66.0004,375.257,10.8198,1.32281,57.4112,0.130203,0.000290947,6.12708,2.68157,0.982203,0.29622,0.327401,0.202677,0.109134,0.0935432,0,0,0,0,0,0,0
68134,68158,68146,15.2,-105.169,39.6469,127.111,-65.3624,374.597,11.5898,1.34009,54.0346,0.120965,0.000242417,6.77639,2.61155,1.14362,0.375518,0.375518,0.187759,0.0512069,0.0682759,0,0,0,0,0,0,0
68159,68179,68169,15.1,-105.166,39.6461,128.965,-65.039,373.638,11.0138,1.35528,68.4666,0.151555,0.000282012,6.45868,2.39651,1.20675,0.44191,0.118976,0.186962,0.152969,0.0339931,0,0,0,0.0169965,0,0,0
68180,68212,68196,15,-105.162,39.6442,131.347,-64.9276,371.889,10.5096,1.16754,43.8301,0.112621,0.000169784,6.0583,2.21853,1.39369,0.383977,0.241763,0.156435,0.0284427,0.0284427,0,0,0,0,0,0,0
68213,68238,68226,14.9,-105.158,39.642,133.547,-65.2073,369.622,10.0981,1.38399,88.2643,0.191326,0.000377924,5.85394,2.48793,0.780526,0.374002,0.227653,0.16261,0.0813048,0.0650438,0.016261,0.016261,0.016261,0.016261,0,0,0
68239,68263,68251,14.8,-105.154,39.6396,135.785,-65.1118,368.045,9.35583,1.0067,38.0001,0.113242,0.000151848,5.76862,2.18141,0.614027,0.355489,0.274696,0.11311,0,0.0484758,0,0,0,0,0,0,0
68265,68291,68278,14.7,-105.149,39.637,138.131,-65.4567,365.647,9.67773,1.13912,47.782,0.12584,0.00022454,5.63686,2.12231,1.03569,0.356548,0.254677,0.152806,0.0509354,0.0509354,0.0169785,0,0,0,0,0,0
68292,68315,68304,14.6,-105.143,39.6348,140.38,-65.3071,364.215,8.68395,1.14227,59.7112,0.156823,0.000320901,4.83577,2.12842,0.885422,0.272438,0.25541,0.119191,0.102164,0.0170274,0.0340547,0.0340547,0,0,0,0,0
68318,68344,68331,14.5,-105.138,39.6326,142.654,-65.1424,362.839,7.2077,1.02512,60.5676,0.17725,0.000273536,4.1309,1.46718,0.641001,0.327623,0.299134,0.156689,0.0997113,0.0712224,0,0,0,0,0.0142445,0,0
68345,68372,68358,14.4,-105.132,39.6298,145.085,-64.675,361.906,7.30985,1.23433,86.0558,0.209157,0.000437821,4.23202,1.28736,0.577093,0.340337,0.355134,0.177567,0.192364,0.0887836,0.0295945,0,0.0147973,0.0147973,0,0,0
68373,68400,68386,14.3,-105.127,39.6264,147.557,-64.5592,360.357,6.6083,0.979232,49.3483,0.151185,0.000292469,3.5298,1.37001,0.628595,0.306238,0.354592,0.193414,0.14506,0.0644713,0.0161178,0,0,0,0,0,0
68406,68432,68419,14.2,-105.12,39.6224,150.192,-63.2115,360.856,6.43105,1.04417,68.1933,0.195926,0.000374441,3.50649,1.38767,0.581928,0.268582,0.268582,0.149212,0.134291,0.0746061,0.0298424,0.0149212,0.0149212,0,0,0,0
68433,68459,68446,14.1,-105.114,39.6191,152.506,-63.8191,358.248,5.47634,0.791909,41.5052,0.157235,0.000254996,3.06393,1.17979,0.545873,0.158479,0.193697,0.105653,0.158479,0.0352176,0.0352176,0,0,0,0,0,0
68463,68491,68477,14,-105.108,39.6156,154.987,-62.9227,358.129,4.60136,0.743621,43.5704,0.175777,0.000279088,2.44786,1.11548,0.294363,0.185913,0.216899,0.0774639,0.185913,0.0464783,0.0154928,0.0154928,0,0,0,0,0
68492,68512,68502,13.9,-105.102,39.612,157.26,-62.309,357.673,3.83545,0.57579,29.9828,0.156217,0.000189051,2.099,0.858683,0.343473,0.114491,0.114491,0.114491,0.133573,0.0572455,0,0,0,0,0,0,0
68526,68551,68538,13.8,-105.093,39.6068,160.476,-61.775,356.516,2.4116,0.418267,25.9591,0.18619,0.000175155,1.35173,0.368653,0.261129,0.138245,0.0921632,0.0768026,0.0460816,0.0307211,0.0460816,0,0,0,0,0,0
68551,68579,68565,13.7,-105.086,39.6033,162.829,-60.7874,356.701,2.37728,0.409575,26.7052,0.195606,0.000177785,1.25508,0.54633,0.251017,0.0885941,0.044297,0.0147657,0.118125,0.0295314,0.0147657,0.0147657,0,0,0,0,0
68579,68608,68594,13.6,-105.079,39.5996,165.529,-59.8019,356.668,2.59626,0.411769,22.6497,0.165017,0.000146365,1.32091,0.561764,0.349205,0.0455485,0.151828,0.0151828,0.10628,0.0303656,0.0151828,0,0,0,0,0,0
68609,68637,68623,13.5,-105.071,39.5959,168.294,-59.4133,355.633,2.10556,0.402172,32.8397,0.244968,0.000169682,1.25749,0.321683,0.175464,0.102354,0.0877318,0.014622,0.0731098,0.0438659,0.014622,0,0.014622,0,0,0,0
68638,68665,68652,13.4,-105.064,39.5924,170.914,-58.9048,354.912,2.37015,0.380985,27.57,0.217095,0.000116033,1.35229,0.407142,0.276275,0.101785,0.116326,0.0145408,0.0872446,0,0,0,0.0145408,0,0,0,0
68667,68695,68681,13.3,-105.056,39.589,173.697,-58.11,354.589,2.06155,0.39373,26.2608,0.200093,0.000176542,0.972702,0.508128,0.217769,0.0871076,0.0290359,0.0871076,0.116144,0.0145179,0.0145179,0.0145179,0,0,0,0,0
68696,68723,68710,13.2,-105.048,39.5859,176.483,-57.4963,353.981,2.16304,0.336848,17.7659,0.158225,0.000113808,1.1392,0.475868,0.216304,0.057681,0.115362,0.0288405,0.100942,0.0288405,0,0,0,0,0,0,0
68724,68751,68738,13.1,-105.041,39.5828,179.372,-56.6993,353.65,2.42288,0.473636,35.1496,0.222637,0.000182276,1.20452,0.415352,0.290746,0.138451,0.166141,0.0553802,0.0830703,0.0553802,0,0,0.0138451,0,0,0,0
68752,68779,68766,13,-105.033,39.5799,182.239,-55.9793,353.227,2.24448,0.40091,25.8608,0.193516,0.000172679,1.30094,0.371697,0.14296,0.100072,0.14296,0.0285921,0.0857762,0.0571841,0,0.014296,0,0,0,0,0
68780,68806,68793,12.9,-105.025,39.577,185.22,-55.2692,352.735,2.55755,0.427956,24.2604,0.170067,0.000157778,1.33052,0.487856,0.25132,0.147835,0.133052,0.088701,0.0443505,0.059134,0.0147835,0,0,0,0,0,0
68807,68833,68820,12.8,-105.018,39.5743,188.111,-54.2659,352.795,2.92815,0.507226,31.2951,0.185096,0.000198964,1.54936,0.525929,0.255857,0.241643,0.113714,0.113714,0.0426429,0.0568572,0.0142143,0.0142143,0,0,0,0,0
68834,68860,68847,12.7,-105.01,39.5717,191.089,-53.5496,352.369,2.5901,0.416668,22.7214,0.163594,0.000148065,1.39807,0.559226,0.206031,0.0735824,0.117732,0.103015,0.0735824,0.0588659,0,0,0,0,0,0,0
68861,68886,68874,12.6,-105.002,39.5693,194.122,-52.7773,352.025,2.29731,0.349571,19.2748,0.165415,0.000123401,1.3023,0.468242,0.190223,0.0731628,0.131693,0.0292651,0.0438977,0.0438977,0.0146326,0,0,0,0,0,0
68887,68912,68900,12.5,-104.995,39.5668,197.1,-52.3565,351.155,3.88547,0.64419,47.0252,0.218997,0.00021049,2.09098,0.764611,0.468129,0.156043,0.202856,0.0312086,0.10923,0.0312086,0.0156043,0,0,0,0.0156043,0,0
68913,68939,68926,12.4,-104.987,39.5644,200.193,-51.6189,350.768,4.95438,0.717443,35.9549,0.150346,0.000216545,2.89692,0.987585,0.263356,0.213977,0.263356,0.148138,0.115218,0.065839,0,0,0,0,0,0,0
68940,68966,68953,12.3,-104.979,39.562,203.377,-50.9859,350.192,5.3452,0.903441,62.0555,0.206064,0.000333731,2.83557,1.14074,0.440002,0.423705,0.17926,0.0651854,0.130371,0.0814818,0.0162964,0.0162964,0.0162964,0,0,0,0
68967,68994,68980,12.2,-104.971,39.5592,206.58,-49.9659,350.232,4.06961,0.668076,46.8807,0.210518,0.000226747,2.23747,0.713397,0.518834,0.275631,0.0810678,0.0810678,0.0810678,0.0324271,0.0324271,0,0,0.0162136,0,0,0
68995,69021,69008,12.1,-104.964,39.5564,209.793,-49.5296,349.366,2.14958,0.318338,16.4741,0.155251,9.79165e-05,1.22334,0.401955,0.13981,0.122334,0.13981,0.0524289,0.0524289,0,0.0174763,0,0,0,0,0,0
69022,69048,69035,12,-104.956,39.5537,213.079,-48.465,349.478,0.795196,0.151313,10.4115,0.206423,7.69424e-05,0.451816,0.198799,0.0180726,0.0180726,0.0180726,0.0180726,0.0361453,0.0180726,0.0180726,0,0,0,0,0,0
69049,69076,69062,11.9,-104.948,39.5509,216.345,-47.6938,349.161,0.997203,0.18161,10.4623,0.172826,7.00121e-05,0.481981,0.18282,0.13296,0.0498601,0.01662,0.0831002,0.01662,0.0332401,0,0,0,0,0,0,0
69077,69105,69091,11.8,-104.94,39.5481,219.591,-46.7664,349.106,0.966867,0.159891,9.21699,0.172937,6.19026e-05,0.537148,0.168818,0.10743,0.0306942,0.0460413,0.0306942,0,0.0460413,0,0,0,0,0,0,0
69106,69136,69121,11.7,-104.932,39.545,223.06,-46.209,348.397,1.17892,0.293014,22.7699,0.233128,0.000163983,0.582523,0.166435,0.124826,0.069348,0.0416088,0.069348,0.0416088,0.0554784,0.0138696,0.0138696,0,0,0,0,0
69137,69166,69152,11.6,-104.923,39.542,226.522,-46.0977,347.042,1.56344,0.269564,15.5982,0.173593,0.000102064,0.874953,0.229496,0.100404,0.100404,0.143435,0.0430305,0.028687,0.028687,0.0143435,0,0,0,0,0,0
69167,69198,69182,11.5,-104.915,39.5388,230.006,-45.4297,346.552,1.57708,0.272524,14.08,0.154996,8.38938e-05,0.539526,0.456522,0.193676,0.152174,0.110672,0.06917,0.027668,0.027668,0,0,0,0,0,0,0
69199,69229,69214,11.4,-104.906,39.5353,233.453,-44.4155,346.613,1.33048,0.268489,22.9313,0.256227,9.8179e-05,0.726961,0.164595,0.137162,0.10973,0.0960137,0.0274325,0.0411487,0.0137162,0,0,0.0137162,0,0,0,0
69230,69264,69247,11.3,-104.898,39.5316,236.998,-43.6674,346.251,1.21569,0.212525,13.5319,0.191017,9.48507e-05,0.714374,0.213059,0.112796,0.0375986,0,0.0501315,0.0626644,0,0.0250658,0,0,0,0,0,0
69265,69297,69281,11.2,-104.888,39.5277,240.662,-42.6903,346.208,1.29245,0.311112,29.3176,0.282704,0.000150294,0.703808,0.166355,0.140762,0.0639826,0.0639826,0.051186,0.0639826,0,0.0127965,0.0127965,0.0127965,0,0,0,0
69298,69333,69316,11.1,-104.879,39.5238,244.193,-41.7783,346.139,1.40419,0.323869,28.1387,0.260649,0.000145193,0.732098,0.228031,0.108014,0.0840112,0.0840112,0.0360048,0.0840112,0.0240032,0.0120016,0,0,0.0120016,0,0,0
69334,69368,69351,11,-104.869,39.5198,247.83,-40.9673,345.881,0.828182,0.192248,14.797,0.230905,0.000103292,0.369497,0.152895,0.127413,0.0637063,0,0.0254825,0.0382238,0.0382238,0,0.0127413,0,0,0,0,0
69369,69402,69386,10.9,-104.859,39.516,251.526,-39.9585,345.918,1.17568,0.303643,25.9159,0.25605,0.000186289,0.649071,0.134713,0.146959,0.0244932,0.0489865,0.0244932,0.0489865,0.0612331,0.0122466,0.0244932,0,0,0,0,0
69403,69435,69419,10.8,-104.85,39.5124,255.225,-39.2231,345.568,1.41008,0.287361,18.232,0.190339,0.00013028,0.620953,0.33635,0.116429,0.0905556,0.0646826,0.0517461,0.0776191,0.0388096,0.0129365,0,0,0,0,0,0
69436,69468,69452,10.7,-104.84,39.509,259.091,-38.1567,345.658,1.49487,0.379056,41.0075,0.32455,0.000173384,0.766279,0.263801,0.188429,0.0628098,0.0628098,0.0502478,0.0502478,0,0.012562,0.012562,0.012562,0.012562,0,0,0
69469,69498,69484,10.6,-104.831,39.5058,262.849,-37.2873,345.503,1.82043,0.323224,18.6454,0.173057,0.000124577,0.951589,0.289614,0.193076,0.0827469,0.137911,0.0413734,0.096538,0.0137911,0.0137911,0,0,0,0,0,0
69499,69530,69514,10.5,-104.822,39.5026,266.73,-36.3328,345.455,1.48976,0.337735,25.0407,0.22243,0.000176831,0.693508,0.295383,0.128427,0.102742,0.0898992,0.0385282,0.0642137,0.0385282,0.0256855,0.0128427,0,0,0,0,0
