data/B2SAP/Locations/Boulder/NOAA-POPS-B2SAP_GMLBalloon_20221104_R0.ict
61,1001
Thornberry, T. D.
NOAA Chemical Sciences Laboratory
Portable Optical Particle Spectrometer (POPS)
Balloon Baseline Stratospheric Aerosol Profiles (B2SAP)
1,1
2022,11,04,2024,05,30
0
TIME_START,s,Seconds since midnight UTC on flight start day,Start time of 100 m altitude bin in UTC_seconds_since_midnight
28
1.0,1.0,1.0,1.0,1.0,1.0,1.0,1.0,1.0,1.0,1.0,1.0,1.0,1.0,1.0,1.0,1.0,1.0,1.0,1.0,1.0,1.0,1.0,1.0,1.0,1.0,1.0,1.0
99999,99999,99999,99999,99999,99999,99999,99999,99999,99999,99999,99999,99999,99999,99999,99999,99999,99999,99999,99999,99999,99999,99999,99999,99999,99999,99999,99999
TIME_STOP,s,End time of 100 m altitude bin in UTC seconds since midnight,
TIME_MID,s,Mid time of 100 m altitude in UTC seconds since midnight,
GPSAlt,m,GPS reported altitude above sea level (m),
GPS_Lon,deg,GPS reported longitude,
GPS_Lat,deg,GPS reported latitude,
iMet_Pressure,mb,Pressure reported (mB),
iMet_Temperature,degrees C,Ambient temperature (oC),
THETA,K,Potential temperature from iMet,
Aerosol_concentration,cm^-3,Aerosol concentration,
Surface_Area_Conc,um^2 cm^-3,Surface area concentration,
Volume_density,um^3 cm^-3,Volume density,
Effective_radius,um,Effective radius,
Extinction,km^-1,Extinction,
Bin01,cm^-3,particle concentration in size range [140 - 170 nm],
Bin02,cm^-3,particle concentration in size range [170 - 205 nm],
Bin03,cm^-3,particle concentration in size range [205 - 249 nm],
Bin04,cm^-3,particle concentration in size range [249 - 302 nm],
Bin05,cm^-3,particle concentration in size range [302 - 366 nm],
Bin06,cm^-3,particle concentration in size range [366 - 443 nm],
Bin07,cm^-3,particle concentration in size range [443 - 537 nm],
Bin08,cm^-3,particle concentration in size range [537 - 651 nm],
Bin09,cm^-3,particle concentration in size range [651 - 789 nm],
Bin10,cm^-3,particle concentration in size range [789 - 956 nm],
Bin11,cm^-3,particle concentration in size range [956 - 1159 nm],
Bin12,cm^-3,particle concentration in size range [1159 - 1404 nm],
Bin13,cm^-3,particle concentration in size range [1404 - 1702 nm],
Bin14,cm^-3,particle concentration in size range [1702 - 2062 nm],
Bin15,cm^-3,particle concentration in size range [2062 - 2500 nm],
0
19
PI_CONTACT_INFO: 325 Broadway R/CSL6, Boulder, CO 80305; troy.thornberry@noaa.gov; 303-497-3373 
PLATFORM: GML ECC/FPH balloon
LOCATION: Boulder, CO, USA
ASSOCIATED_DATA: N/A
INSTRUMENT_INFO: Printed Optical Particle Spectrometer counts particles from 140 - 2500 nm in diameter 
DATA_INFO: Particle concentrations reported in number per cubic centimeter, binned to 100 m altitude
UNCERTAINTY: Counting uncertainty dominated by air flow, less than 5 percent
ULOD_FLAG: -77777
ULOD_VALUE: 3000 ~3000 per cm3 (varies depending on flow rate- manufacturer quotes 1250  per cm3 at 1.667 cc/s)
LLOD_FLAG: -88888
LLOD_VALUE: 0 0 (varies depending on data field and measurement precision)
DM_CONTACT_INFO: Troy Thornberry, 325 Broadway R/CSL6, Boulder, CO 80305; troy.thornberry@noaa.gov; 303-497-3373
PROJECT_INFO: B2SAP Boulder, CO, USA
STIPULATIONS_ON_USE: Please contact the PIs for questions regarding applications and uncertainties
OTHER_COMMENTS: POPS bin Edges (nm):  140, 170, 205, 249, 302, 366, 443, 537, 651, 789, 956, 1159, 1404, 1702, 2062, 2500
Calculations assume sulfate refractive index of 1.45+0.00j and extinction wavelength = 532 nm
REVISION: R0
R0: QA/QC data
TIME_START,TIME_STOP,TIME_MID,GPSAlt,GPS_Lon,GPS_Lat,iMet_Pressure,iMet_Temperature,THETA,Aerosol_concentration,Surface_Area_Conc,Volume_density,Effective_radius,Extinction,Bin01,Bin02,Bin03,Bin04,Bin05,Bin06,Bin07,Bin08,Bin09,Bin10,Bin11,Bin12,Bin13,Bin14,Bin15
[from data line 313]
67359,67378,67368,20.6,-104.383,39.8823,49.2143,-62.0929,498.995,3.60545,1.14321,90.9824,0.238756,0.000568599,0.697187,0.53783,0.637428,0.53783,0.438232,0.338634,0.199196,0.159357,0.0199196,0.0199196,0.0199196,0,0,0,0
67381,67398,67390,20.5,-104.38,39.8829,50.0364,-61.6107,497.757,3.45644,0.995273,70.5883,0.212771,0.000504356,0.774719,0.615803,0.536344,0.456886,0.417157,0.278104,0.158917,0.158917,0.0397292,0.0198646,0,0,0,0,0
67401,67420,67410,20.4,-104.377,39.8834,50.8354,-60.8915,497.203,3.73297,0.999188,65.1914,0.195733,0.00046605,0.789257,0.810588,0.533282,0.469288,0.447957,0.277307,0.255975,0.106656,0.0426625,0,0,0,0,0,0
67421,67441,67431,20.3,-104.374,39.8842,51.7067,-60.4947,495.722,3.3013,0.997733,75.5296,0.227103,0.000464077,0.590176,0.590176,0.424189,0.627062,0.442632,0.258202,0.202873,0.129101,0.018443,0,0.018443,0,0,0,0
67442,67461,67452,20.2,-104.371,39.8854,52.5562,-59.7981,495.028,3.03697,0.795314,48.5306,0.183062,0.000329592,0.621198,0.483154,0.431388,0.517665,0.431388,0.310599,0.172555,0.0517665,0.0172555,0,0,0,0,0,0
67465,67480,67472,20.1,-104.369,39.8868,53.4762,-59.7231,492.762,3.99959,1.17751,77.2103,0.196712,0.000566696,0.744605,0.808428,0.404214,0.574409,0.574409,0.340391,0.361665,0.19147,0,0,0,0,0,0,0
67483,67503,67493,20,-104.367,39.8883,54.3094,-58.7765,492.758,3.42631,0.983576,74.9837,0.228707,0.000460123,0.791929,0.53334,0.614149,0.468693,0.404046,0.242427,0.242427,0.0808091,0.0161618,0.0161618,0.0161618,0,0,0,0
67504,67524,67514,19.9,-104.365,39.8898,55.162,-57.8927,492.594,3.81817,1.09417,71.1779,0.195155,0.000502932,0.639406,0.602869,0.73075,0.420181,0.657675,0.383644,0.255763,0.073075,0.0548063,0,0,0,0,0,0
67525,67544,67534,19.8,-104.363,39.8913,56.09,-56.948,492.41,3.34229,0.946493,68.1084,0.215876,0.000474844,0.726585,0.599433,0.617598,0.435951,0.363293,0.217976,0.217976,0.108988,0.0181646,0.0363293,0,0,0,0,0
67545,67562,67554,19.7,-104.36,39.8922,56.9491,-57.7664,488.41,3.8488,1.24846,104.278,0.250575,0.000620754,0.670436,0.794591,0.471788,0.52145,0.595943,0.422126,0.198648,0.0744929,0.024831,0.0496619,0.024831,0,0,0,0
67563,67583,67573,19.6,-104.357,39.8931,57.9393,-58.1114,485.242,3.70389,0.971534,62.5917,0.193277,0.000444829,0.862282,0.685906,0.568322,0.568322,0.333154,0.274363,0.29396,0.0783893,0.0391946,0,0,0,0,0,0
67584,67604,67594,19.5,-104.353,39.8941,58.9471,-57.7321,483.7,3.3747,0.85202,52.5392,0.184993,0.000361119,0.780278,0.624222,0.526687,0.44866,0.390139,0.331618,0.175562,0.0780278,0.0195069,0,0,0,0,0,0
67607,67623,67615,19.4,-104.35,39.8952,59.8554,-57.1538,482.887,3.88194,1.01629,70.9834,0.209537,0.000450442,0.839338,0.692454,0.60852,0.524586,0.776387,0.188851,0.146884,0.0419669,0,0.0629503,0,0,0,0,0
67624,67647,67636,19.3,-104.347,39.8966,60.8029,-57.2512,480.517,3.90878,1.10408,75.2816,0.204555,0.000521737,0.884703,0.739933,0.402138,0.546907,0.546907,0.369967,0.289539,0.0965131,0,0.032171,0,0,0,0,0
67648,67669,67658,19.2,-104.343,39.8979,61.8189,-57.4578,477.777,4.00033,1.0337,64.6092,0.187508,0.000446853,0.98493,0.727333,0.469736,0.560652,0.500041,0.43943,0.196986,0.0909166,0.0303055,0,0,0,0,0,0
67670,67693,67682,19.1,-104.34,39.8987,62.8062,-57.6219,475.267,3.5358,0.802026,47.6251,0.178143,0.000317491,0.973627,0.563679,0.666166,0.495354,0.409948,0.170812,0.153731,0.0854059,0.0170812,0,0,0,0,0,0
67693,67713,67703,19,-104.337,39.8992,63.8275,-57.7375,472.824,4.08285,1.27202,101.614,0.239651,0.000640328,0.857741,0.737658,0.5318,0.634729,0.514645,0.291632,0.343097,0.0686193,0.0514645,0.0343097,0,0.0171548,0,0,0
67714,67734,67724,18.9,-104.333,39.8996,64.9083,-58.4922,468.911,4.25271,1.16623,84.5993,0.217622,0.000529634,1.00602,0.701164,0.685922,0.685922,0.457281,0.259126,0.289611,0.137184,0,0.0152427,0.0152427,0,0,0,0
67735,67753,67744,18.8,-104.33,39.9002,65.9707,-58.3036,467.159,4.21118,1.29406,90.7372,0.210354,0.000669772,0.783475,0.705127,0.587606,0.665954,0.587606,0.31339,0.31339,0.156695,0.0979343,0,0,0,0,0,0
67757,67776,67766,18.7,-104.328,39.9008,66.9353,-57.6535,466.618,4.31813,1.17319,81.6738,0.20885,0.000585129,1.17621,0.725058,0.596159,0.596159,0.53171,0.241686,0.161124,0.225574,0.0483372,0.0161124,0,0,0,0,0
67778,67802,67790,18.6,-104.325,39.9012,68.1532,-57.5726,464.405,4.78285,1.17893,76.4161,0.194454,0.000505724,1.16339,0.876137,0.775597,0.703782,0.603242,0.301621,0.229806,0.0718145,0.0287258,0.0287258,0,0,0,0,0
67803,67826,67814,18.5,-104.321,39.9012,69.2912,-58.2376,460.785,4.60526,1.16062,81.9351,0.211788,0.000564838,1.30429,0.853423,0.885628,0.434763,0.515274,0.225433,0.161023,0.112716,0.0805116,0.0322046,0,0,0,0,0
67826,67848,67837,18.4,-104.318,39.9015,70.3287,-58.5456,458.171,4.20638,1.08094,80.044,0.222152,0.000480066,1.08164,0.94429,0.600912,0.532236,0.446392,0.257534,0.15452,0.120182,0.0515067,0,0,0.0171689,0,0,0
67849,67872,67860,18.3,-104.314,39.9025,71.5552,-57.93,457.228,4.90085,1.18584,77.1309,0.19513,0.000530966,1.35839,0.958862,0.679194,0.719146,0.559336,0.21308,0.186445,0.173128,0.0399526,0.0133175,0,0,0,0,0
67873,67894,67884,18.2,-104.311,39.9035,72.6219,-57.6394,455.91,5.09941,1.23597,76.0323,0.184549,0.000519941,1.30803,0.98576,0.644535,0.834104,0.549751,0.360181,0.265397,0.113741,0.0379138,0,0,0,0,0,0
67895,67917,67906,18.1,-104.307,39.9044,73.875,-58.2443,452.413,4.72266,1.07265,62.9394,0.17603,0.000421296,1.06641,1.17522,0.805245,0.457031,0.587611,0.239397,0.326451,0.0435268,0.0217634,0,0,0,0,0,0
67919,67940,67930,18,-104.304,39.9048,75.1055,-57.2264,452.424,4.7768,1.26733,87.3059,0.206669,0.000617627,1.4001,0.741227,0.631416,0.823585,0.329434,0.301981,0.329434,0.164717,0.0274528,0.0274528,0,0,0,0,0
67941,67958,67950,17.9,-104.301,39.9051,76.1967,-56.9575,451.111,4.87144,1.18077,70.3304,0.17869,0.000480001,1.2053,0.903978,0.677984,0.703094,0.627763,0.301326,0.351547,0.100442,0,0,0,0,0,0,0
67960,67983,67972,17.8,-104.298,39.9057,77.4762,-58.2677,446.258,5.46778,1.44024,98.7741,0.205745,0.000667137,1.1917,1.1216,0.88793,0.724364,0.677631,0.397232,0.280399,0.0934663,0.0467332,0.0467332,0,0,0,0,0
67984,68005,67994,17.7,-104.294,39.9064,78.7282,-59.3947,441.889,5.22573,1.38655,96.313,0.208387,0.000574555,0.987681,1.11339,0.808102,0.736271,0.718313,0.466904,0.25141,0.0897891,0.0359157,0,0,0.0179578,0,0,0
68007,68026,68016,17.6,-104.29,39.9073,80.0212,-58.5994,441.465,4.83505,1.25312,77.0742,0.184518,0.000523635,0.949103,0.82375,0.770027,0.734212,0.787934,0.44769,0.107446,0.196984,0.0179076,0,0,0,0,0,0
68029,68053,68041,17.5,-104.286,39.9083,81.3695,-57.7371,441.137,5.78082,1.62483,109.503,0.20218,0.000760998,1.15328,1.00912,0.893792,0.749632,0.908208,0.490144,0.374816,0.115328,0.057664,0.028832,0,0,0,0,0
68053,68076,68064,17.4,-104.282,39.9091,82.7205,-57.8047,438.924,5.23549,1.38608,93.289,0.201913,0.000564075,0.702322,1.16522,0.782132,1.10137,0.782132,0.335199,0.143657,0.191542,0.0159619,0,0.0159619,0,0,0,0
68077,68101,68089,17.3,-104.278,39.9099,84.0279,-57.1547,438.279,5.52407,1.53863,102.092,0.199058,0.000743315,1.38102,0.968299,0.619076,0.76194,0.698445,0.428591,0.396844,0.222233,0.0476213,0,0,0,0,0,0
68102,68126,68114,17.2,-104.273,39.9113,85.4863,-57.2563,435.932,5.89678,1.60129,102.959,0.192893,0.000719977,1.05186,1.05186,1.01998,0.892486,0.876548,0.478117,0.254996,0.207184,0.063749,0,0,0,0,0,0
68127,68150,68138,17.1,-104.269,39.9132,86.8512,-57.6088,433.245,5.56146,1.45855,91.1857,0.187554,0.000635562,1.26559,0.92691,0.909085,0.606057,0.85561,0.48128,0.356504,0.124776,0.0356504,0,0,0,0,0,0
68151,68175,68163,17,-104.264,39.9156,88.2565,-57.364,431.757,6.01437,1.52937,98.1127,0.192457,0.000674498,1.46581,1.11825,0.846243,0.800908,0.891577,0.347564,0.347564,0.136003,0.0453344,0.0151115,0,0,0,0,0
68183,68201,68192,16.9,-104.258,39.9182,89.7763,-56.4511,431.479,5.93835,1.7278,118.348,0.205489,0.000853121,1.27023,0.873286,1.00031,0.809775,0.809775,0.46046,0.396948,0.238169,0.0635117,0.0158779,0,0,0,0,0
68203,68228,68216,16.8,-104.254,39.9203,91.008,-56.4135,429.869,6.47728,1.88896,130.546,0.20733,0.000933851,1.56296,0.961823,0.811538,0.886681,0.931766,0.556054,0.465883,0.210399,0.060114,0.030057,0,0,0,0,0
68230,68257,68244,16.7,-104.248,39.9225,92.51,-56.6746,427.35,6.27158,1.6251,102.907,0.189971,0.000722624,1.45175,1.324,0.789754,0.754912,0.824597,0.54586,0.360035,0.174211,0.0464561,0,0,0,0,0,0
68258,68283,68270,16.6,-104.243,39.9247,93.9862,-57.2919,424.214,6.50893,1.88901,130.159,0.20671,0.000929083,1.42879,1.09685,0.750476,1.16901,0.721611,0.533992,0.548425,0.158754,0.0721611,0.0288645,0,0,0,0,0
68283,68311,68297,16.5,-104.238,39.9273,95.5196,-57.417,422.003,6.60727,1.82664,125.027,0.20534,0.000870058,1.66503,1.05716,0.792872,0.964661,0.951447,0.515367,0.409651,0.14536,0.0660727,0.0396436,0,0,0,0,0
68312,68334,68323,16.4,-104.234,39.9297,96.9629,-57.4194,420.197,6.82324,1.6821,108.748,0.193951,0.000728785,1.63,1.32674,1.21302,0.909765,0.701278,0.49279,0.341162,0.151628,0.0189534,0.0379069,0,0,0,0,0
68336,68363,68350,16.3,-104.231,39.9318,98.5535,-56.5595,419.922,6.58724,1.72758,109.181,0.189598,0.000762644,1.42244,1.1515,1.06683,0.863623,0.999093,0.423345,0.474146,0.118536,0.0677351,0,0,0,0,0,0
68363,68386,68374,16.2,-104.227,39.9337,100.224,-55.7947,419.376,7.1099,1.92033,119.687,0.186979,0.00083546,1.56418,1.06648,0.942062,1.03094,1.22646,0.551017,0.551017,0.142198,0.0355495,0,0,0,0,0,0
68387,68410,68398,16.1,-104.224,39.9351,101.802,-55.3524,418.362,6.17276,1.73305,119.321,0.206551,0.000751527,1.22664,0.949656,1.06836,0.712242,1.10793,0.534181,0.375905,0.158276,0.0197845,0,0.0197845,0,0,0,0
68410,68431,68420,16,-104.22,39.9361,103.336,-55.1429,416.984,7.23416,1.96539,132.598,0.2024,0.000944351,1.6603,1.50218,1.04757,0.711557,1.04757,0.494137,0.43484,0.237186,0.0790619,0.0197655,0,0,0,0,0
68434,68457,68446,15.9,-104.216,39.937,104.925,-54.402,416.573,7.10231,2.01547,137.081,0.204043,0.000985706,1.51397,1.31359,1.13548,0.868308,0.823779,0.623401,0.445286,0.3117,0.0445286,0.0222643,0,0,0,0,0
68463,68482,68472,15.8,-104.212,39.9382,106.819,-53.8694,415.46,7.13215,1.97005,127.288,0.193834,0.000901362,1.25492,1.33859,1.25492,0.941193,0.983024,0.648378,0.397393,0.250985,0.0627462,0,0,0,0,0,0
68484,68508,68496,15.7,-104.208,39.9395,108.471,-54.033,413.34,7.01652,1.84336,122.94,0.200079,0.000783614,1.6333,1.29997,0.966647,0.933314,0.94998,0.583321,0.49999,0.0999979,0.0333326,0,0.0166663,0,0,0,0
68509,68535,68522,15.6,-104.203,39.9408,110.195,-54.2414,411.082,7.37208,2.02813,133.085,0.196858,0.000952583,1.74802,1.30721,0.972811,0.820809,1.09441,0.623207,0.562406,0.136801,0.106401,0,0,0,0,0,0
68537,68563,68550,15.5,-104.199,39.9419,111.939,-54.1862,409.348,7.76718,1.93036,123.973,0.192668,0.000773818,1.73133,1.50896,1.22305,1.06421,1.09598,0.476514,0.555933,0.0635352,0.0317676,0,0.0158838,0,0,0,0
68563,68590,68576,15.4,-104.193,39.9432,113.681,-54.3526,407.242,7.49259,1.91268,117.626,0.184494,0.000811846,1.4577,1.67636,1.13701,0.903776,1.00582,0.655966,0.437311,0.189501,0.0291541,0,0,0,0,0,0
68592,68619,68606,15.3,-104.188,39.9446,115.444,-54.4841,405.205,7.6629,1.97073,134.864,0.2053,0.000862112,1.70625,1.58438,1.15781,1.11211,1.00547,0.472266,0.350391,0.167578,0.076172,0.0152344,0.0152344,0,0,0,0
68620,68647,68634,15.2,-104.182,39.9458,117.331,-54.3473,403.584,7.57335,1.78896,118.356,0.198477,0.000726529,1.96177,1.56638,1.14056,1.06453,0.927659,0.395396,0.304151,0.136868,0.0456226,0.0152075,0.0152075,0,0,0,0
68648,68674,68661,15.1,-104.178,39.9464,119.182,-54.2473,401.972,9.00903,2.17592,137.216,0.189184,0.000939103,2.46531,1.55223,1.50658,1.12613,1.09569,0.471757,0.532628,0.167397,0.0760898,0.015218,0,0,0,0,0
68675,68700,68688,15,-104.174,39.9469,121.019,-54.4924,399.769,9.11855,2.13583,136.036,0.191077,0.000859913,2.37529,2.04051,1.41879,1.00432,0.940549,0.605778,0.52607,0.175357,0.0159415,0,0.0159415,0,0,0,0
68701,68726,68714,14.9,-104.17,39.9473,122.871,-54.809,397.457,9.68296,2.04328,120.068,0.176288,0.000760618,2.94004,2.04525,1.51796,0.942731,1.11849,0.591204,0.383484,0.0958709,0.0159785,0.031957,0,0,0,0,0
68726,68751,68738,14.8,-104.167,39.9479,124.956,-55.0959,395.036,10.066,2.18216,127.342,0.175068,0.000853691,2.94085,2.23031,1.57898,1.06581,0.907912,0.611854,0.453956,0.276321,0,0,0,0,0,0,0
68752,68775,68764,14.7,-104.164,39.9487,126.915,-55.0224,393.422,10.9481,2.26623,132.281,0.175112,0.000881394,3.4262,2.44166,1.96908,0.945159,0.866395,0.590724,0.354434,0.334744,0.0196908,0,0,0,0,0,0
68777,68798,68788,14.6,-104.16,39.9496,128.849,-54.9294,391.88,10.8858,2.26212,138.973,0.184305,0.000910316,3.49834,2.49349,1.89803,0.930408,0.855976,0.50242,0.427988,0.186082,0.0558245,0.0372163,0,0,0,0,0
68799,68824,68812,14.5,-104.157,39.9503,130.939,-54.808,390.305,11.3505,2.24644,130.03,0.173649,0.000836506,3.83915,2.70409,1.60243,0.984825,1.06828,0.484066,0.467374,0.133536,0.0500758,0.0166919,0,0,0,0,0
68825,68848,68836,14.4,-104.154,39.9514,133.11,-54.6811,388.705,12.7135,2.24921,123.932,0.165301,0.000731958,4.31218,3.21555,2.2862,1.05946,0.92935,0.464675,0.223044,0.167283,0.018587,0.037174,0,0,0,0,0
68849,68873,68861,14.3,-104.151,39.9522,135.163,-53.9117,388.369,13.558,2.49448,144.352,0.173606,0.000876428,4.42671,3.75992,2.01888,1.42618,0.870524,0.407479,0.463045,0.0740872,0.0555654,0.0555654,0,0,0,0,0
68874,68897,68886,14.2,-104.149,39.9526,137.346,-54.04,386.365,13.3196,1.95261,92.474,0.142078,0.000499992,5.70611,3.30605,2.03449,0.969562,0.731145,0.206628,0.254311,0.0794723,0.0317889,0,0,0,0,0,0
68898,68922,68910,14.1,-104.146,39.9528,139.548,-55.0255,382.888,12.8974,1.94832,91.9556,0.141592,0.000475161,4.93872,3.42039,2.10229,0.967721,0.834243,0.350382,0.250273,0.0166849,0,0.0166849,0,0,0,0,0
68923,68947,68935,14,-104.144,39.9528,141.74,-54.9011,381.408,14.0108,2.05895,100.617,0.146605,0.00053711,5.6996,3.75856,2.25867,1.18227,0.476437,0.299979,0.194104,0.0882291,0.0352917,0.0176458,0,0,0,0,0
68948,68972,68960,13.9,-104.142,39.9527,144.018,-54.3933,380.549,13.4769,1.7429,72.3232,0.124487,0.000328812,5.7891,3.92765,2.02898,0.856266,0.465362,0.204759,0.16753,0.0372289,0,0,0,0,0,0,0
68973,68998,68986,13.8,-104.14,39.9526,146.195,-54.0255,379.559,13.6418,2.05978,121.988,0.177672,0.000527398,5.87542,3.69746,2.07666,0.810403,0.641569,0.151951,0.287018,0.0506502,0.0168834,0,0,0.0168834,0.0168834,0,0
68999,69024,69012,13.7,-104.138,39.9526,148.6,-53.4142,378.852,13.0299,2.10059,125.578,0.179346,0.000672897,5.82442,3.18242,1.88143,0.920699,0.480365,0.240182,0.260198,0.160122,0.0400304,0.0200152,0,0.0200152,0,0,0
69025,69047,69036,13.6,-104.135,39.9524,150.831,-53.0167,377.931,13.7287,2.09367,101.991,0.146142,0.000567467,5.39417,3.70188,2.26344,0.930759,0.698069,0.338458,0.274997,0.0846144,0.0423072,0,0,0,0,0,0
69051,69074,69062,13.5,-104.132,39.9517,153.248,-52.7226,376.707,13.9375,2.15252,131.254,0.182931,0.000616917,6.12133,4.00777,1.73471,0.95708,0.438662,0.23927,0.219331,0.159513,0.0199392,0,0.0199392,0.0199392,0,0,0
69076,69098,69087,13.4,-104.129,39.9509,155.618,-52.1222,376.085,13.5998,2.09839,124.857,0.178504,0.00065253,6.32695,3.42622,1.89178,0.777731,0.546514,0.168158,0.252237,0.126119,0.0210198,0.0420395,0.0210198,0,0,0,0
69101,69125,69113,13.3,-104.126,39.9503,158.095,-51.6486,375.199,13.7627,1.97182,99.5383,0.151441,0.000548423,6.09489,3.7892,1.98397,0.857931,0.50046,0.196609,0.142989,0.107241,0.0714943,0.0178736,0,0,0,0,0
69126,69152,69139,13.2,-104.122,39.95,160.603,-52.0561,372.829,13.2055,1.80082,89.9006,0.149766,0.000456722,6.19212,3.39992,2.02024,0.788386,0.361344,0.197097,0.131398,0.0492741,0.0164247,0.0492741,0,0,0,0,0
69153,69178,69166,13.1,-104.118,39.9496,163.116,-51.7543,371.677,14.0531,2.18287,115.023,0.158081,0.000676644,6.22198,3.23614,2.25279,1.037,0.554257,0.250309,0.214551,0.23243,0.0357585,0.0178792,0,0,0,0,0
69179,69205,69192,13,-104.115,39.949,165.692,-51.167,371.002,13.4834,2.05639,111.848,0.163172,0.000558043,5.66339,3.60056,2.04407,0.956399,0.543835,0.225035,0.356306,0.0375059,0.0375059,0,0,0.0187529,0,0,0
