data/B2SAP/Locations/Boulder/NOAA-POPS-B2SAP_GMLBalloon_20201030_R0.ict
61,1001
Thornberry, T. D.
NOAA Chemical Sciences Laboratory
Portable Optical Particle Spectrometer (POPS)
Balloon Baseline Stratospheric Aerosol Profiles (B2SAP)
1,1
2020,10,30,2024,05,28
0
TIME_START,s,Seconds since midnight UTC on flight start day,Start time of 100 m altitude bin in UTC_seconds_since_midnight
28
1.0,1.0,1.0,1.0,1.0,1.0,1.0,1.0,1.0,1.0,1.0,1.0,1.0,1.0,1.0,1.0,1.0,1.0,1.0,1.0,1.0,1.0,1.0,1.0,1.0,1.0,1.0,1.0
99999,99999,99999,99999,99999,99999,99999,99999,99999,99999,99999,99999,99999,99999,99999,99999,99999,99999,99999,99999,99999,99999,99999,99999,99999,99999,99999,99999
TIME_STOP,s,End time of 100 m altitude bin in UTC seconds since midnight,
TIME_MID,s,Mid time of 100 m altitude in UTC seconds since midnight,
GPSAlt,m,GPS reported altitude above sea level (m),
GPS_Lon,deg,GPS reported longitude,
GPS_Lat,deg,GPS reported latitude,
iMet_Pressure,mb,Pressure reported (mB),
iMet_Temperature,degrees C,Ambient temperature (oC),
THETA,K,Potential temperature from iMet,
Aerosol_concentration,cm^-3,Aerosol concentration,
Surface_Area_Conc,um^2 cm^-3,Surface area concentration,
Volume_density,um^3 cm^-3,Volume density,
Effective_radius,um,Effective radius,
Extinction,km^-1,Extinction,
Bin01,cm^-3,particle concentration in size range [140 - 170 nm],
Bin02,cm^-3,particle concentration in size range [170 - 205 nm],
Bin03,cm^-3,particle concentration in size range [205 - 249 nm],
Bin04,cm^-3,particle concentration in size range [249 - 302 nm],
Bin05,cm^-3,particle concentration in size range [302 - 366 nm],
Bin06,cm^-3,particle concentration in size range [366 - 443 nm],
Bin07,cm^-3,particle concentration in size range [443 - 537 nm],
Bin08,cm^-3,particle concentration in size range [537 - 651 nm],
Bin09,cm^-3,particle concentration in size range [651 - 789 nm],
Bin10,cm^-3,particle concentration in size range [789 - 956 nm],
Bin11,cm^-3,particle concentration in size range [956 - 1159 nm],
Bin12,cm^-3,particle concentration in size range [1159 - 1404 nm],
Bin13,cm^-3,particle concentration in size range [1404 - 1702 nm],
Bin14,cm^-3,particle concentration in size range [1702 - 2062 nm],
Bin15,cm^-3,particle concentration in size range [2062 - 2500 nm],
0
19
PI_CONTACT_INFO: 325 Broadway R/CSL6, Boulder, CO 80305; troy.thornberry@noaa.gov; 303-497-3373 
PLATFORM: GML ECC/FPH balloon
LOCATION: Boulder, CO, USA
ASSOCIATED_DATA: N/A
INSTRUMENT_INFO: Printed Optical Particle Spectrometer counts particles from 140 - 2500 nm in diameter 
DATA_INFO: Particle concentrations reported in number per cubic centimeter, binned to 100 m altitude
UNCERTAINTY: Counting uncertainty dominated by air flow, less than 5 percent
ULOD_FLAG: -77777
ULOD_VALUE: 3000 ~3000 per cm3 (varies depending on flow rate- manufacturer quotes 1250  per cm3 at 1.667 cc/s)
LLOD_FLAG: -88888
LLOD_VALUE: 0 0 (varies depending on data field and measurement precision)
DM_CONTACT_INFO: Troy Thornberry, 325 Broadway R/CSL6, Boulder, CO 80305; troy.thornberry@noaa.gov; 303-497-3373
PROJECT_INFO: B2SAP Boulder, CO, USA
STIPULATIONS_ON_USE: Please contact the PIs for questions regarding applications and uncertainties
OTHER_COMMENTS: POPS bin Edges (nm):  140, 170, 205, 249, 302, 366, 443, 537, 651, 789, 956, 1159, 1404, 1702, 2062, 2500
Calculations assume sulfate refractive index of 1.45+0.00j and extinction wavelength = 532 nm
REVISION: R0
R0: QA/QC data
TIME_START,TIME_STOP,TIME_MID,GPSAlt,GPS_Lon,GPS_Lat,iMet_Pressure,iMet_Temperature,THETA,Aerosol_concentration,Surface_Area_Conc,Volume_density,Effective_radius,Extinction,Bin01,Bin02,Bin03,Bin04,Bin05,Bin06,Bin07,Bin08,Bin09,Bin10,Bin11,Bin12,Bin13,Bin14,Bin15
58343,58881,58612,1.7,-105.197,39.9491,828.188,13.049,302.033,143.34,20.5577,1291.41,0.188457,0.00583417,78.6185,32.8242,14.0022,5.99255,4.98402,2.48615,3.10768,0.89126,0.128998,0.0938169,0.0234542,0.105544,0.0351813,0.0234542,0.0234542
58855,58964,58910,1.8,-105.197,39.949,827.182,12.8007,301.883,208.95,29.3463,1864.97,0.190652,0.00829196,114.977,49.8831,20.4871,7.82848,6.60724,3.16271,3.90641,1.33867,0.352282,0.140913,0.0469709,0.0704564,0.0547994,0.0626279,0.0313139
58965,58984,58974,1.9,-105.197,39.9488,816.241,10.728,300.835,134.912,18.1294,1180.85,0.195404,0.00456718,77.7576,31.029,11.9953,4.93923,4.32183,1.86985,2.18737,0.405723,0.105841,0.0529203,0.0529203,0.0882006,0.0529203,0.0176401,0.0352802
58985,59004,58994,2,-105.198,39.9489,806.005,10.3065,301.471,115.714,15.8102,958.17,0.181814,0.00415764,66.1986,24.9559,10.7545,4.9119,4.39485,1.87859,1.689,0.517042,0.155113,0.103408,0.0517042,0.0517042,0.0172347,0.0172347,0.0172347
59005,59025,59015,2.1,-105.198,39.9498,796.08,11.019,303.301,113.613,19.8678,1113.49,0.168135,0.00681188,49.445,25.6241,13.8128,7.19591,7.51022,4.03633,4.5326,1.14142,0.181966,0.0827116,0.0165423,0.0330847,0,0,0
59026,59049,59038,2.2,-105.199,39.9512,786.032,10.2383,303.571,189.488,39.6348,2571.22,0.194618,0.0165984,77.4459,39.9237,21.7303,11.2654,14.3364,8.48543,11.9203,3.58047,0.58219,0.0727738,0.0436643,0.058219,0.0145548,0.0145548,0.0145548
59050,59068,59059,2.3,-105.199,39.9526,776.546,9.35526,303.674,140.518,25.5077,1695.81,0.199447,0.00926533,62.4215,31.6855,16.4943,8.04238,9.32693,4.67277,5.84562,1.47071,0.297866,0.130316,0.0744665,0,0,0.0186166,0.0372332
59069,59087,59078,2.4,-105.2,39.9538,767.077,8.50421,303.819,129.876,23.1864,1322.34,0.171092,0.00800474,55.5623,28.22,16.3979,7.93747,9.82378,5.11733,5.17336,1.38205,0.149411,0.0747056,0.0186764,0,0,0.0186764,0
59088,59106,59097,2.5,-105.2,39.9549,758.535,7.94389,304.192,120.98,21.9797,1244.97,0.169925,0.0076881,51.7401,25.0021,15.3844,8.48036,8.52026,5.16803,5.08821,1.31695,0.15963,0.0598613,0.0199538,0.0399076,0,0,0
59107,59125,59116,2.6,-105.2,39.9557,748.837,7.30158,304.614,55.5935,8.57332,479.133,0.16766,0.00254522,28.0218,11.9852,5.92697,3.28234,3.001,1.66931,1.2004,0.243831,0.131294,0.075025,0.0187562,0.0187562,0.0187562,0,0
59126,59146,59136,2.7,-105.199,39.9568,739.549,6.72857,305.075,47.1742,6.73151,354.455,0.157968,0.00177045,24.377,10.7021,5.23214,2.56511,1.88561,1.10419,1.00226,0.186862,0.0509624,0.0169875,0.0339749,0,0.0169875,0,0
59147,59164,59156,2.8,-105.199,39.9577,730.499,5.93556,305.282,47.0496,6.59295,348.832,0.15873,0.00166101,24.0484,11.0461,5.65148,2.23293,2.11437,0.770656,0.790417,0.276646,0.0592813,0,0,0.0395208,0.0197604,0,0
59165,59184,59174,2.9,-105.198,39.9586,721.731,5.145,305.474,48.3061,7.20625,390.295,0.162482,0.00203825,24.7235,10.606,5.27624,2.58464,2.33509,1.19428,1.26558,0.142601,0.106951,0.0178251,0,0.0534754,0,0,0
59185,59202,59194,3,-105.198,39.9594,712.986,4.29667,305.603,43.2095,6.66596,542.713,0.244247,0.00196676,22.0783,10.319,4.79448,2.07169,1.97304,0.828676,0.769485,0.236765,0.0394608,0.0197304,0.0197304,0.0197304,0,0,0.0394608
59203,59221,59212,3.1,-105.197,39.9602,704.248,3.42895,305.719,39.458,5.87436,338.664,0.172954,0.00162007,20.2339,8.84042,4.36305,2.2101,1.77189,0.895473,0.819263,0.171474,0.0571579,0.0190526,0.0190526,0.0381052,0.0190526,0,0
59222,59241,59232,3.2,-105.197,39.9606,695.482,2.5065,305.797,42.1936,6.43363,442.69,0.206426,0.00191601,21.6685,9.47315,4.79102,2.37736,1.74219,0.871094,0.943685,0.145182,0.0362956,0.090739,0.0181478,0,0.0181478,0,0.0181478
59242,59262,59252,3.3,-105.196,39.961,686.848,1.68048,305.97,40.7583,5.73655,304.579,0.159284,0.00149707,21.1895,9.74131,4.08618,2.01723,2.06895,0.534479,0.775857,0.258619,0,0.0344825,0.0344825,0.0172413,0,0,0
59263,59282,59272,3.4,-105.195,39.9614,678.388,1.1725,306.485,29.3981,4.34913,227.182,0.156709,0.00119389,14.2173,6.90864,3.63613,1.65444,1.38173,0.636322,0.745406,0.163626,0.0181806,0.0181806,0,0,0.0181806,0,0
59283,59301,59292,3.5,-105.194,39.9616,669.882,0.403889,306.731,25.517,4.06812,331.108,0.244173,0.00128364,12.9507,5.92901,3.11627,1.13319,1.11295,0.526124,0.505888,0.0607066,0.101178,0.0202355,0.0404711,0,0,0,0.0202355
59302,59319,59310,3.6,-105.194,39.9616,661.628,-0.496111,306.81,23.545,3.48259,200.654,0.172849,0.000961175,11.8937,5.41172,2.74625,1.35293,0.969263,0.585596,0.363474,0.100965,0.0605789,0.020193,0.020193,0,0.020193,0,0
59320,59338,59329,3.7,-105.193,39.9613,653.724,-1.04632,307.24,18.7188,2.86872,162.984,0.170442,0.000905694,10.1562,3.95495,1.5743,0.883144,0.959939,0.47997,0.499168,0.115193,0.0575963,0.0191988,0,0.0191988,0,0,0
59339,59358,59348,3.8,-105.192,39.9613,645.601,-1.76368,307.525,17.7088,2.58333,151.073,0.17544,0.000778771,9.95523,3.65663,1.6273,0.842366,0.784932,0.306315,0.325459,0.0957234,0.057434,0.0382893,0,0,0.0191447,0,0
59359,59376,59368,3.9,-105.191,39.9613,637.184,-2.67944,307.645,17.0689,2.43002,125.666,0.155142,0.000718908,9.02563,4.15465,1.59637,0.675387,0.71632,0.347927,0.368393,0.122798,0.0204663,0.0409326,0,0,0,0,0
59377,59395,59386,4,-105.189,39.9614,629.182,-2.74053,308.685,9.63613,1.32551,72.3862,0.16383,0.000334191,5.534,1.97366,0.851385,0.464392,0.348294,0.232196,0.174147,0.0386993,0,0,0.0193497,0,0,0,0
59396,59413,59404,4.1,-105.187,39.9617,621.137,-2.62389,309.952,9.66527,1.32204,76.3231,0.173193,0.000349153,5.81951,1.79062,0.895309,0.386611,0.406959,0.162783,0.10174,0.0406959,0.0406959,0,0,0.0203479,0,0,0
59414,59432,59423,4.2,-105.185,39.9618,613.372,-2.68,311.011,8.97276,1.27763,80.2381,0.188407,0.000401944,5.50381,1.8023,0.697666,0.271315,0.329453,0.0581388,0.155037,0.0968981,0.0193796,0.0193796,0,0.0193796,0,0,0
59433,59450,59442,4.3,-105.184,39.9618,605.847,-3.19944,311.507,7.96181,1.08304,64.7084,0.179241,0.000295769,5.09638,1.43272,0.593554,0.245609,0.204674,0.143272,0.163739,0.0614022,0,0,0,0.0204674,0,0,0
59451,59470,59460,4.4,-105.182,39.9619,597.837,-3.8415,311.946,7.5903,0.958929,43.1372,0.134954,0.000234831,4.64675,1.49955,0.62944,0.240668,0.185129,0.148103,0.222155,0.0185129,0,0,0,0,0,0,0
59471,59488,59480,4.5,-105.18,39.9619,590.426,-4.55235,312.24,6.93731,0.755476,29.0133,0.115212,0.000122348,4.39291,1.50055,0.478435,0.152229,0.282712,0.0652412,0.0434941,0.0217471,0,0,0,0,0,0,0
59489,59505,59497,4.6,-105.177,39.9621,583.185,-5.22471,312.556,6.17244,0.781564,36.2816,0.139266,0.000206134,3.78664,1.44461,0.372098,0.0656643,0.153217,0.153217,0.153217,0.0437762,0,0,0,0,0,0,0
59506,59523,59514,4.7,-105.175,39.9622,575.639,-5.205,313.741,5.31021,0.728162,38.4689,0.15849,0.000213998,3.16966,0.967363,0.493973,0.267569,0.164658,0.123493,0.0411644,0.0617466,0,0.0205822,0,0,0,0,0
59524,59542,59533,4.8,-105.173,39.9623,568.206,-5.23944,314.873,5.71264,0.950151,88.3021,0.278804,0.000303681,3.67094,1.05179,0.453711,0.103116,0.206232,0.103116,0,0.0412465,0.0206232,0,0.0206232,0.0412465,0,0,0
59543,59559,59551,4.9,-105.17,39.9623,561.337,-5.96059,315.116,4.62101,0.679505,52.2618,0.230735,0.00019934,2.84707,0.963622,0.372309,0.153304,0.109503,0.043801,0.0657015,0.0219005,0.0219005,0,0,0,0.0219005,0,0
59560,59578,59569,5,-105.167,39.9624,554.043,-6.92211,315.154,4.79462,0.664756,46.5753,0.210191,0.000178764,3.12436,0.687752,0.451951,0.235801,0.216151,0,0.0196501,0.0196501,0,0.0196501,0,0.0196501,0,0,0
59579,59595,59587,5.1,-105.165,39.9627,546.765,-7.82294,315.281,4.26834,0.439322,15.8358,0.108138,5.9759e-05,2.77222,0.858068,0.37403,0.110009,0.088007,0.0220017,0.0440035,0,0,0,0,0,0,0,0
59596,59611,59604,5.2,-105.162,39.9628,540.194,-8.37438,315.717,4.71909,0.559435,24.4467,0.131097,0.000129624,2.98171,1.10347,0.164346,0.164346,0.140868,0.0234781,0.11739,0.0234781,0,0,0,0,0,0,0
59612,59629,59620,5.3,-105.159,39.9629,533.143,-9.08444,316.052,5.17697,0.858276,63.064,0.220433,0.000323187,2.97312,1.08113,0.498985,0.124746,0.166328,0.124746,0.0831642,0.0623731,0.020791,0.020791,0.020791,0,0,0,0
59630,59647,59638,5.4,-105.156,39.9628,525.896,-9.98611,316.205,4.50042,0.65524,48.3236,0.221248,0.000210598,2.80491,0.983813,0.313983,0.104661,0.125593,0.0627966,0.0209322,0.0418644,0,0.0209322,0.0209322,0,0,0,0
59648,59663,59656,5.5,-105.153,39.9629,519.377,-10.7281,316.437,4.77652,0.642267,45.2233,0.211236,0.000167882,3.12944,0.941186,0.400004,0.0470593,0.0705889,0.0941186,0.0235296,0.0470593,0,0,0,0.0235296,0,0,0
59664,59681,59672,5.6,-105.151,39.9632,512.652,-11.4618,316.73,5.14703,0.752755,52.7334,0.210161,0.00024228,3.13298,1.18605,0.313298,0.13427,0.156649,0.0895136,0.0447568,0.0223784,0.0447568,0,0.0223784,0,0,0,0
59682,59698,59690,5.7,-105.148,39.9636,506.143,-12.19,317.011,4.42573,0.567393,26.1417,0.13822,0.00014493,2.79402,0.737621,0.357634,0.134113,0.245874,0.0223521,0.0894086,0.0447043,0,0,0,0,0,0,0
59700,59715,59708,5.8,-105.145,39.9638,499.522,-13.042,317.164,4.70676,0.949803,84.5113,0.266933,0.000431182,2.77317,0.814143,0.432514,0.12721,0.12721,0.12721,0.12721,0.0763259,0.0508839,0.025442,0,0,0.025442,0,0
59716,59732,59724,5.9,-105.143,39.9641,492.84,-13.93,317.298,3.93948,0.554698,32.7387,0.177063,0.000198594,2.59429,0.648574,0.312276,0.096085,0.0720637,0.0480425,0.096085,0.0480425,0,0.0240212,0,0,0,0,0
59733,59748,59740,6,-105.14,39.9646,486.476,-14.7,317.53,4.645,0.562708,26.2018,0.139691,0.000140775,3.00257,0.872541,0.25663,0.25663,0.128315,0.025663,0.0513259,0.025663,0.025663,0,0,0,0,0,0
59749,59764,59756,6.1,-105.137,39.9649,479.847,-15.6281,317.631,3.7962,0.435978,18.985,0.130637,0.000100677,2.70812,0.556131,0.217616,0.0725388,0.0967184,0.0483592,0.0725388,0.0241796,0,0,0,0,0,0,0
59765,59778,59772,6.2,-105.135,39.9653,473.905,-16.5558,317.624,3.94076,0.523947,26.2866,0.150511,0.000159042,2.51951,0.742931,0.226109,0.129205,0.129205,0.0646027,0.0323013,0.096904,0,0,0,0,0,0,0
59779,59795,59787,6.3,-105.132,39.966,467.295,-17.5727,317.636,3.52942,0.434621,19.9178,0.137484,0.000111915,2.3097,0.596888,0.285468,0.129758,0.0519033,0.0259516,0.103807,0.0259516,0,0,0,0,0,0,0
59796,59812,59804,6.4,-105.129,39.9667,461.028,-18.5137,317.686,3.56462,0.426502,18.483,0.130009,9.76826e-05,2.15817,0.897216,0.169744,0.121245,0.0727473,0.0242491,0.121245,0,0,0,0,0,0,0,0
59814,59830,59822,6.5,-105.126,39.9671,454.668,-19.1025,318.21,3.5939,0.525241,40.6985,0.232457,0.000162119,2.42038,0.635656,0.244483,0.0488966,0.0977933,0.0488966,0.0244483,0.0488966,0,0,0.0244483,0,0,0,0
59832,59841,59836,6.6,-105.124,39.9678,449.442,-19.757,318.438,3.83296,0.45821,27.7299,0.181554,0.000148162,2.93339,0.586677,0.0391118,0.156447,0,0.0391118,0.0391118,0,0,0.0391118,0,0,0,0,0
59845,59859,59852,6.7,-105.121,39.9682,443.247,-20.7862,318.415,3.30077,0.439072,23.4994,0.160562,0.000146294,2.2106,0.545081,0.242258,0.0908468,0.0302823,0.0605645,0.0605645,0.0302823,0.0302823,0,0,0,0,0,0
59861,59876,59868,6.8,-105.118,39.9688,436.91,-21.7813,318.464,3.42944,0.390517,16.1346,0.123948,7.93724e-05,2.25139,0.654473,0.261789,0.0523578,0.0785367,0.0523578,0.0785367,0,0,0,0,0,0,0,0
59877,59897,59887,6.9,-105.115,39.9692,430.53,-22.4587,318.941,3.10594,0.425181,24.6165,0.173689,0.000160094,2.26783,0.394405,0.0986013,0.123252,0.073951,0.0246503,0.0493006,0.0246503,0.0493006,0,0,0,0,0,0
59898,59914,59906,7,-105.113,39.9696,424.888,-22.5379,320.042,2.84285,0.299703,12.2758,0.12288,5.99182e-05,2.02658,0.506646,0.140735,0.056294,0.056294,0,0.028147,0.028147,0,0,0,0,0,0,0
59915,59933,59924,7.1,-105.11,39.97,419.21,-22.3106,321.566,1.54556,0.191472,9.43445,0.14782,5.85026e-05,1.03037,0.343458,0.0735981,0,0.0245327,0,0.0490654,0.0245327,0,0,0,0,0,0,0
59934,59951,59942,7.2,-105.107,39.9704,413.604,-22.8782,322.081,1.53911,0.301944,24.1934,0.240377,0.000171142,1.07271,0.209879,0.0466397,0.0466397,0.0233199,0,0.0233199,0.0932794,0,0.0233199,0,0,0,0,0
59953,59972,59962,7.3,-105.103,39.9708,408.041,-23.5493,322.46,1.70907,0.219452,9.27535,0.126798,4.4286e-05,0.867683,0.446988,0.15776,0.105174,0.0525868,0.0525868,0.0262934,0,0,0,0,0,0,0,0
59979,59995,59987,7.4,-105.098,39.9714,402.423,-24.2143,322.875,2.71171,0.404971,21.7973,0.161473,0.000142508,1.66657,0.536692,0.141235,0.0564939,0.0847409,0.0847409,0.0847409,0.0564939,0,0,0,0,0,0,0
59996,60016,60006,7.5,-105.095,39.9717,396.874,-25.0384,323.082,3.33089,0.491121,35.7479,0.218365,0.000136759,2.0949,0.565623,0.251388,0.188541,0.104745,0.020949,0.0837961,0,0,0,0.020949,0,0,0,0
60017,60035,60026,7.6,-105.091,39.9721,391.712,-25.7193,323.407,4.90989,0.651051,37.376,0.172226,0.000213999,3.33552,0.693788,0.373578,0.213473,0.133421,0.0266842,0.0533683,0.0266842,0.0266842,0.0266842,0,0,0,0,0
60037,60056,60046,7.7,-105.087,39.9729,385.825,-26.1739,324.216,3.521,0.469849,22.7427,0.145213,0.000127148,2.21447,0.487183,0.354315,0.132868,0.177157,0.066434,0.066434,0,0.0221447,0,0,0,0,0,0
60057,60076,60066,7.8,-105.083,39.9738,380.585,-26.6565,324.846,3.42474,0.512227,29.0508,0.170144,0.00018603,2.04077,0.633342,0.3284,0.0469142,0.187657,0.0469142,0.0703713,0.0234571,0.0469142,0,0,0,0,0,0
60078,60097,60088,7.9,-105.078,39.9749,375.35,-27.3533,325.209,4.15397,0.544611,25.8187,0.142223,0.000148079,2.64344,0.644199,0.399848,0.111069,0.133283,0.088855,0.088855,0.0444275,0,0,0,0,0,0,0
60098,60113,60106,8,-105.074,39.9758,370.267,-27.838,325.835,7.0056,0.88844,46.0121,0.155369,0.000246442,4.49214,1.31021,0.534779,0.187173,0.213911,0.133695,0.0802168,0,0.0267389,0.0267389,0,0,0,0,0
60114,60134,60124,8.1,-105.07,39.9767,365.067,-28.4018,326.41,3.64012,0.510773,28.9382,0.169967,0.000178658,2.19825,0.756388,0.307283,0.0945485,0.118186,0.0709114,0.0236371,0,0.0709114,0,0,0,0,0,0
60136,60158,60147,8.2,-105.064,39.9778,359.772,-29.0995,326.837,3.16555,0.336948,12.7636,0.113641,5.20957e-05,1.98302,0.745906,0.218314,0.0545785,0.109157,0.0363856,0,0.0181928,0,0,0,0,0,0,0
60160,60183,60172,8.3,-105.058,39.9786,354.918,-29.9174,327.006,3.89315,0.501371,24.4101,0.14606,0.000146527,2.42667,0.890362,0.226955,0.0872904,0.0349161,0.0698323,0.104748,0.0523742,0,0,0,0,0,0,0
60184,60203,60194,8.4,-105.054,39.9794,349.945,-30.82,327.105,3.71683,0.422652,16.9094,0.120024,7.66946e-05,2.35876,0.786253,0.190607,0.166781,0.0714776,0.0953034,0.0476517,0,0,0,0,0,0,0,0
60204,60225,60214,8.5,-105.049,39.9799,344.991,-31.5893,327.406,4.14743,0.536583,27.7606,0.155207,0.000167787,2.63927,0.928096,0.232024,0.058006,0.087009,0.087009,0.029003,0.058006,0.029003,0,0,0,0,0,0
60226,60242,60234,8.6,-105.044,39.9799,340.184,-32.222,327.859,4.72751,0.590647,28.0499,0.14247,0.000162856,3.01583,0.950936,0.353205,0.0543392,0.190187,0,0.0815088,0.0815088,0,0,0,0,0,0,0
60243,60272,60258,8.7,-105.039,39.9801,334.907,-32.8904,328.41,3.48943,0.444452,23.2455,0.156904,0.000128382,2.3313,0.571545,0.240651,0.120325,0.090244,0.0300813,0.0752033,0.0150407,0,0.0150407,0,0,0,0,0
60273,60301,60287,8.8,-105.033,39.9806,330.246,-33.6918,328.624,4.32373,0.577927,34.6222,0.179723,0.000141344,2.53911,0.841532,0.52233,0.203128,0.0725459,0.0290184,0.0870551,0.0145092,0,0,0.0145092,0,0,0,0
60303,60331,60317,8.9,-105.026,39.9812,325.462,-34.6831,328.638,4.31503,0.56963,33.0239,0.173923,0.000185933,2.71455,0.894388,0.345202,0.141219,0.0784551,0.015691,0.047073,0.047073,0,0.031382,0,0,0,0,0
60333,60358,60346,9,-105.02,39.9821,320.9,-35.513,328.818,4.66143,0.632504,39.9028,0.189261,0.000164864,3.0719,0.696536,0.339338,0.214319,0.196459,0.0357198,0.0535797,0.0357198,0,0,0.0178599,0,0,0,0
60359,60386,60372,9.1,-105.015,39.983,316.321,-36.327,329.037,4.13699,0.539397,25.366,0.14108,0.000143807,2.61604,0.669219,0.3194,0.197724,0.152095,0.0456286,0.0912572,0.0456286,0,0,0,0,0,0,0
60387,60412,60400,9.2,-105.009,39.9841,311.62,-37.0896,329.38,4.54576,0.579559,27.5157,0.142431,0.000159856,2.95295,0.859041,0.232657,0.143173,0.143173,0.0536901,0.10738,0.0536901,0,0,0,0,0,0,0
60413,60435,60424,9.3,-105.003,39.985,307.428,-37.7968,329.672,4.46594,0.513132,20.8515,0.121907,9.61636e-05,2.81467,0.806871,0.375289,0.243938,0.112587,0.0375289,0.0562933,0.0187644,0,0,0,0,0,0,0
