data/B2SAP/Locations/Boulder/NOAA-POPS-B2SAP_GMLBalloon_20210709_R0.ict
61,1001
Thornberry, T. D.
NOAA Chemical Sciences Laboratory
Portable Optical Particle Spectrometer (POPS)
Balloon Baseline Stratospheric Aerosol Profiles (B2SAP)
1,1
2021,07,09,2024,05,28
0
TIME_START,s,Seconds since midnight UTC on flight start day,Start time of 100 m altitude bin in UTC_seconds_since_midnight
28
1.0,1.0,1.0,1.0,1.0,1.0,1.0,1.0,1.0,1.0,1.0,1.0,1.0,1.0,1.0,1.0,1.0,1.0,1.0,1.0,1.0,1.0,1.0,1.0,1.0,1.0,1.0,1.0
99999,99999,99999,99999,99999,99999,99999,99999,99999,99999,99999,99999,99999,99999,99999,99999,99999,99999,99999,99999,99999,99999,99999,99999,99999,99999,99999,99999
TIME_STOP,s,End time of 100 m altitude bin in UTC seconds since midnight,
TIME_MID,s,Mid time of 100 m altitude in UTC seconds since midnight,
GPSAlt,m,GPS reported altitude above sea level (m),
GPS_Lon,deg,GPS reported longitude,
GPS_Lat,deg,GPS reported latitude,
iMet_Pressure,mb,Pressure reported (mB),
iMet_Temperature,degrees C,Ambient temperature (oC),
THETA,K,Potential temperature from iMet,
Aerosol_concentration,cm^-3,Aerosol concentration,
Surface_Area_Conc,um^2 cm^-3,Surface area concentration,
Volume_density,um^3 cm^-3,Volume density,
Effective_radius,um,Effective radius,
Extinction,km^-1,Extinction,
Bin01,cm^-3,particle concentration in size range [140 - 170 nm],
Bin02,cm^-3,particle concentration in size range [170 - 205 nm],
Bin03,cm^-3,particle concentration in size range [205 - 249 nm],
Bin04,cm^-3,particle concentration in size range [249 - 302 nm],
Bin05,cm^-3,particle concentration in size range [302 - 366 nm],
Bin06,cm^-3,particle concentration in size range [366 - 443 nm],
Bin07,cm^-3,particle concentration in size range [443 - 537 nm],
Bin08,cm^-3,particle concentration in size range [537 - 651 nm],
Bin09,cm^-3,particle concentration in size range [651 - 789 nm],
Bin10,cm^-3,particle concentration in size range [789 - 956 nm],
Bin11,cm^-3,particle concentration in size range [956 - 1159 nm],
Bin12,cm^-3,particle concentration in size range [1159 - 1404 nm],
Bin13,cm^-3,particle concentration in size range [1404 - 1702 nm],
Bin14,cm^-3,particle concentration in size range [1702 - 2062 nm],
Bin15,cm^-3,particle concentration in size range [2062 - 2500 nm],
0
19
PI_CONTACT_INFO: 325 Broadway R/CSL6, Boulder, CO 80305; troy.thornberry@noaa.gov; 303-497-3373 
PLATFORM: GML ECC/FPH balloon
LOCATION: Boulder, CO, USA
ASSOCIATED_DATA: N/A
INSTRUMENT_INFO: Printed Optical Particle Spectrometer counts particles from 140 - 2500 nm in diameter 
DATA_INFO: Particle concentrations reported in number per cubic centimeter, binned to 100 m altitude
UNCERTAINTY: Counting uncertainty dominated by air flow, less than 5 percent
ULOD_FLAG: -77777
ULOD_VALUE: 3000 ~3000 per cm3 (varies depending on flow rate- manufacturer quotes 1250  per cm3 at 1.667 cc/s)
LLOD_FLAG: -88888
LLOD_VALUE: 0 0 (varies depending on data field and measurement precision)
DM_CONTACT_INFO: Troy Thornberry, 325 Broadway R/CSL6, Boulder, CO 80305; troy.thornberry@noaa.gov; 303-497-3373
PROJECT_INFO: B2SAP Boulder, CO, USA
STIPULATIONS_ON_USE: Please contact the PIs for questions regarding applications and uncertainties
OTHER_COMMENTS: POPS bin Edges (nm):  140, 170, 205, 249, 302, 366, 443, 537, 651, 789, 956, 1159, 1404, 1702, 2062, 2500
Calculations assume sulfate refractive index of 1.45+0.00j and extinction wavelength = 532 nm
REVISION: R0
R0: QA/QC data
TIME_START,TIME_STOP,TIME_MID,GPSAlt,GPS_Lon,GPS_Lat,iMet_Pressure,iMet_Temperature,THETA,Aerosol_concentration,Surface_Area_Conc,Volume_density,Effective_radius,Extinction,Bin01,Bin02,Bin03,Bin04,Bin05,Bin06,Bin07,Bin08,Bin09,Bin10,Bin11,Bin12,Bin13,Bin14,Bin15
57214,60159,58686,11.7,-105.615,40.0954,244.503,-47.2906,341.23,31.9783,4.0705,169.682,0.125057,0.00074548,14.9396,8.29496,4.34291,2.25831,1.37525,0.47772,0.188193,0.0579055,0.0289527,0.0144764,0,0,0,0,0
57216,57927,57572,1.7,-105.197,39.9491,827.627,28.1733,318.056,664.171,89.9222,4953.66,0.165265,0.0179128,293.375,177.222,94.8487,54.5447,29.5179,8.79011,3.5314,1.11316,0.575771,0.115154,0.0383848,0.153539,0.0767695,0.153539,0.115154
57886,58203,58044,1.8,-105.197,39.9491,826.261,26.9066,316.875,648.025,87.5206,4901.54,0.168013,0.0169292,285.242,174.273,93.3397,52.9421,28.417,8.69888,3.38341,0.656345,0.295817,0.120176,0.12942,0.212619,0.0831987,0.0739544,0.157153
58203,58222,58212,1.9,-105.197,39.9492,815.609,24.9168,315.942,671.625,88.8335,4476,0.151159,0.0161882,296.83,180.795,95.2424,55.1442,30.055,8.53666,3.40351,0.781133,0.167386,0.11159,0.0185984,0.148787,0.241779,0.092992,0.0557952
58223,58242,58232,2,-105.197,39.9493,806.394,24.0505,316.046,659.649,88.4586,4612.54,0.15643,0.0169304,291.712,175.565,93.8065,54.2711,29.5769,9.36133,3.5127,0.843047,0.298579,0.158071,0.105381,0.105381,0.140508,0.122944,0.0702539
58242,58260,58251,2.1,-105.197,39.9496,797.385,23.0726,316.016,671.713,88.8954,4405.58,0.148677,0.0163762,296.617,179.725,95.0091,56.1827,29.6786,9.33561,3.53138,0.845277,0.187839,0.150271,0.112704,0.0563518,0.131488,0.0939197,0.0563518
58262,58282,58272,2.2,-105.198,39.9501,787.861,22.7355,316.746,656.039,89.8669,4606.33,0.153772,0.0180323,287.467,171.616,91.0178,55.3901,33.2634,10.2236,5.18518,0.978335,0.326112,0.130445,0.0815279,0.14675,0.0815279,0.0326112,0.0978335
58284,58302,58293,2.3,-105.199,39.9503,778.469,23.029,318.15,467.634,66.1917,3126.54,0.141704,0.0131765,184.676,122.649,72.7079,46.5288,27.2988,8.85078,3.78557,0.781996,0.142181,0.0533179,0.0533179,0.0177726,0.0355453,0.0177726,0.0355453
58303,58323,58313,2.4,-105.201,39.9504,769.328,22.9152,319.1,404.882,55.5611,2509.09,0.135478,0.010356,163.878,105.382,63.836,39.8848,21.7985,6.64464,2.69515,0.423765,0.135605,0.084753,0.0678024,0,0.0169506,0.0169506,0.0169506
58324,58343,58334,2.5,-105.201,39.9504,760.552,23.1189,320.366,435.276,60.4215,2830.4,0.140533,0.0112298,171.649,114.464,70.3407,43.1619,25.1621,7.10569,2.67642,0.395808,0.113088,0.037696,0.018848,0.075392,0.018848,0.018848,0.037696
58344,58362,58353,2.6,-105.202,39.9504,751.801,22.959,321.257,450.922,64.3037,2988.18,0.139409,0.012712,175.018,116.066,72.5435,46.7867,27.701,8.15155,3.63877,0.642135,0.107023,0.0891855,0.0356742,0.0713484,0.0356742,0.0178371,0.0178371
58364,58382,58373,2.7,-105.202,39.9505,743.092,22.44,321.765,438.185,66.1059,3165.29,0.143646,0.0145732,161.965,111.341,70.3054,47.386,31.033,9.91255,4.82135,0.863526,0.287842,0.0719605,0.0539704,0.0719605,0.0359802,0.0359802,0
58383,58401,58392,2.8,-105.202,39.9504,734.983,21.4558,321.698,456.272,64.8712,3113.77,0.143998,0.0128758,178.798,117.613,74.1879,46.5333,25.8729,8.60534,3.63926,0.625498,0.113727,0.0947724,0.0189545,0.037909,0.075818,0.0189545,0.037909
58403,58422,58412,2.9,-105.202,39.9504,726.106,20.4995,321.766,457.664,62.8505,2904.3,0.138629,0.0117732,184.656,123.792,69.556,44.5839,23.4509,7.69625,2.98796,0.452721,0.162979,0.0724353,0.108653,0.108653,0,0.0181088,0.0181088
58422,58440,58431,3,-105.202,39.9502,717.929,19.6884,321.921,443.936,60.3676,2563.23,0.127381,0.0108413,177.658,117.938,69.2961,43.8349,24.3211,7.33433,2.88813,0.380017,0.133006,0.0570025,0.0380017,0.0380017,0.0190008,0,0
58442,58460,58451,3.1,-105.201,39.95,709.534,19.1926,322.459,434.075,60.8939,2764.7,0.136206,0.0115406,170.423,114.47,68.1692,43.6982,25.326,8.34066,2.73589,0.569977,0.0759969,0.0189992,0.0949961,0.0949961,0.0379985,0.0189992,0
58461,58477,58469,3.2,-105.199,39.9498,701.516,18.31,322.529,437.369,62.4543,2986.46,0.143455,0.0126876,170.309,115.247,68.2727,45.2193,25.5544,8.53157,3.02538,0.544568,0.322707,0.181523,0.0403384,0.0403384,0.0201692,0.0403384,0.0201692
58479,58497,58488,3.3,-105.198,39.9496,693.039,17.4395,322.681,439.958,63.1481,3072.94,0.145987,0.0127828,171.506,115.361,67.9427,45.5189,26.6054,8.4209,3.49112,0.652188,0.19182,0.057546,0.038364,0.038364,0.076728,0.019182,0.038364
58498,58514,58506,3.4,-105.198,39.9493,685.061,16.62,322.843,452.278,66.2591,3445.64,0.156008,0.0135884,170.77,119.148,72.0875,48.1805,28.3259,9.53021,3.15637,0.672002,0.0610911,0.0407274,0.0610911,0.122182,0.0203637,0.0203637,0.0814548
58515,58532,58524,3.5,-105.197,39.9488,676.955,15.7035,322.918,453.893,66.0061,3181.17,0.144585,0.0135098,171.019,118.2,75.6669,46.9291,28.6945,8.38097,3.68156,0.693,0.324844,0.0433125,0.0216562,0.129937,0.0649687,0.0216562,0.0216562
58533,58550,58542,3.6,-105.196,39.9483,669.019,14.83,323.025,449.457,64.626,2916.04,0.135365,0.0130683,170.298,118.053,72.7844,46.896,27.6373,8.9684,3.59956,0.630432,0.264375,0.183029,0.0203365,0.081346,0.040673,0,0
58550,58568,58559,3.7,-105.195,39.9477,661.248,14.0067,323.176,450.905,66.7026,3330.87,0.149808,0.014266,171.273,115.991,73.0963,46.9225,28.9875,9.33187,3.86635,0.748979,0.222669,0.141699,0.0809707,0.0809707,0.0809707,0.0809707,0
58569,58587,58578,3.8,-105.194,39.9472,653.571,13.1155,323.257,453.8,67.8064,3369.13,0.149063,0.0146549,167.681,116.121,76.1084,48.4343,30.3956,9.50666,4.06378,0.790689,0.330986,0.128717,0.0367762,0.0551644,0.0735525,0.0551644,0.0183881
58589,58608,58598,3.9,-105.192,39.9466,645.726,12.2343,323.373,459.478,69.1667,3391.85,0.147116,0.0150457,168.58,119.474,73.8087,49.5803,31.6549,10.3058,4.61743,0.807612,0.316022,0.0526703,0.0526703,0.0702271,0.122897,0.0175568,0.0175568
58609,58628,58618,4,-105.191,39.9457,637.936,11.2274,323.348,464.932,70.4446,3579.53,0.15244,0.0152604,166.469,120.567,77.6974,51.6352,32.0299,10.9571,4.38283,0.665251,0.195662,0.0978311,0.0586986,0.0195662,0.0782648,0.0195662,0.0586986
58629,58646,58638,4.1,-105.19,39.9446,630.457,10.2689,323.348,469.691,69.3723,3324.52,0.143769,0.0143577,171.908,121.425,79.1147,52.1682,29.886,9.7595,4.15465,0.764298,0.235169,0.0391948,0.0195974,0.0587922,0.117584,0.0195974,0.0195974
58647,58665,58656,4.2,-105.188,39.9438,622.821,9.26278,323.327,463.974,68.949,3391.41,0.147562,0.01455,170.037,120.94,76.7495,50.0486,30.6335,10.1422,4.36735,0.558855,0.186285,0.0827934,0.0413967,0.062095,0.0413967,0.062095,0.0206983
58665,58682,58674,4.3,-105.187,39.9431,615.842,8.41529,323.393,467.423,68.0774,3053.22,0.134548,0.0138757,172.298,121.684,78.2851,51.1636,28.2653,9.96436,4.61924,0.791869,0.153975,0.0659891,0.0439927,0.0439927,0.0439927,0,0
58682,58703,58692,4.4,-105.186,39.942,608.224,7.48333,323.468,475.278,71.5804,3519.97,0.147525,0.0153389,170.657,122.157,79.6233,54.6815,31.932,10.4942,4.34864,0.808632,0.233605,0.107818,0.0179696,0.0718784,0.0718784,0.0539088,0.0179696
58704,58723,58714,4.5,-105.184,39.9409,600.473,6.4305,323.445,478.728,70.8397,3365.07,0.142508,0.0146754,171.975,125.303,80.7754,53.3756,32.0519,9.9118,3.94953,0.930418,0.227857,0.0759525,0.0189881,0.0569643,0.0379762,0,0.0379762
58724,58743,58734,4.6,-105.182,39.9398,593.063,5.52333,323.538,478.132,71.7655,3441.62,0.14387,0.0152572,170.53,124.153,80.6672,53.0796,33.0076,10.9483,4.39017,0.867195,0.289065,0.0180666,0.0361331,0.0180666,0.0722662,0.0361331,0.0180666
58745,58761,58753,4.7,-105.181,39.9388,586.242,4.64722,323.585,469.217,71.3184,3640.17,0.153124,0.0154951,168.528,121.494,77.1171,52.5568,32.8665,11.6582,3.62606,0.674617,0.274063,0.105409,0.168654,0.0210818,0.0421635,0.0421635,0.0421635
58763,58781,58772,4.8,-105.179,39.9378,578.896,3.68556,323.633,445.863,69.085,3643.42,0.158215,0.0157614,160.334,112.227,74.6137,50.0105,31.8595,10.6621,4.46371,1.05775,0.21155,0.12693,0.04231,0.063465,0.0846201,0.063465,0.04231
58781,58802,58792,4.9,-105.178,39.937,571.502,2.73714,323.711,440.922,66.6579,3279.29,0.147588,0.0144864,157.977,114.258,72.894,49.8307,29.7962,10.6011,4.37911,0.711606,0.14597,0.164217,0.0182463,0.0547389,0.0364926,0.0182463,0.0364926
58802,58821,58812,5,-105.176,39.9361,564.678,1.8335,323.757,448.126,67.7008,3298.95,0.146185,0.0144438,159.667,116.153,74.2933,51.2089,31.1447,10.6381,3.75121,0.711769,0.173133,0.134659,0.038474,0.096185,0.076948,0.019237,0.019237
58823,58842,58832,5.1,-105.174,39.9352,557.967,0.961579,323.832,438.068,67.4473,3526.05,0.156836,0.015097,154.596,113.595,72.3923,51.4579,29.1709,10.9416,4.60274,0.746936,0.262437,0.0807499,0.0201875,0.0807499,0.0403749,0,0.0807499
58843,58862,58852,5.2,-105.172,39.9339,550.967,0.0905263,323.976,417.39,63.9146,3276.3,0.153782,0.0141586,149.539,105.805,70.7782,47.8155,28.4319,9.67168,4.0416,0.683653,0.180967,0.16086,0.0603224,0.0402149,0.100537,0.0603224,0.0201075
58863,58885,58874,5.3,-105.17,39.9326,544.149,-0.745652,324.137,409.113,62.6567,3031.48,0.145147,0.0139106,145.79,103.572,67.7544,46.9728,28.8624,10.8528,3.9144,0.8568,0.3024,0.084,0.0168,0.0672,0.0336,0.0168,0.0168
58885,58909,58897,5.4,-105.168,39.9312,537.159,-1.69667,324.198,397.613,61.0124,3152.67,0.155018,0.0134482,140.265,103.306,65.1409,46.5568,28.0369,9.43675,3.61715,0.72343,0.273296,0.0321525,0.0321525,0.0321525,0.0803812,0.0321525,0.0482287
58910,58932,58921,5.5,-105.165,39.9293,530.519,-2.47739,324.415,389.025,58.7226,2880.42,0.147154,0.0126203,139.193,100.341,63.9498,45.375,26.2103,9.33795,3.45538,0.775353,0.185411,0.0505665,0.0505665,0.0168555,0.033711,0.0168555,0.033711
58933,58958,58946,5.6,-105.162,39.9272,523.994,-3.30615,324.564,385.219,56.44,2560.42,0.136096,0.0115044,141.36,99.8377,62.9153,43.2214,25.2864,8.67434,2.8714,0.676509,0.210469,0.0601341,0.0451006,0.0150335,0.0300671,0.0150335,0
58959,58980,58970,5.7,-105.158,39.9247,517.051,-4.17957,324.753,355.434,52.0708,2516.04,0.144959,0.0107538,133.947,92.1902,56.8261,39.068,21.9186,7.57681,3.06117,0.388988,0.186038,0.0676501,0.0507376,0.0676501,0.0507376,0.0169125,0.0169125
58982,58999,58990,5.8,-105.155,39.9224,510.609,-5.11105,324.793,363.714,54.2876,3005.48,0.166087,0.0116467,135.341,95.7946,58.1654,40.1034,22.9899,7.69079,2.59796,0.577324,0.185569,0.0412375,0.0206187,0.0206187,0.0412375,0.0618562,0.0824749
59000,59017,59008,5.9,-105.153,39.9203,504.716,-5.98611,324.806,386.241,57.5257,2703.73,0.141001,0.0122448,138.617,102.954,62.3995,43.0326,25.2449,9.14607,3.79441,0.636058,0.263196,0.0657991,0,0.021933,0.043866,0,0.021933
59018,59033,59026,6,-105.15,39.9186,498.259,-7.02125,324.738,391.37,58.0888,2688.08,0.138826,0.0121152,140.571,104.831,63.1724,41.9823,26.612,9.94841,3.33272,0.572033,0.174097,0.049742,0,0.049742,0.049742,0.024871,0
59035,59053,59044,6.1,-105.148,39.9171,491.66,-6.92667,326.092,232.584,33.3672,1447.72,0.130162,0.006623,86.5584,61.815,37.3543,25.6784,13.1544,5.45746,1.95686,0.543572,0.0434858,0,0,0.0217429,0,0,0
59054,59069,59062,6.2,-105.145,39.9161,485.524,-4.93824,329.708,12.8026,1.99026,133.807,0.201693,0.000567056,6.44719,2.75325,1.53723,1.07836,0.504763,0.18355,0.114719,0.091775,0.0229438,0.0229438,0.0229438,0,0.0229438,0,0
59070,59088,59079,6.3,-105.143,39.9151,479.504,-5.75611,329.883,8.81346,1.05989,44.7083,0.126546,0.000210543,5.20103,1.71917,0.870465,0.544041,0.195855,0.152331,0.108808,0,0.0217616,0,0,0,0,0,0
59089,59106,59098,6.4,-105.141,39.9139,473.396,-6.63474,330.003,8.4277,0.950861,35.3065,0.111393,0.000132397,4.804,1.65655,1.07676,0.517672,0.248483,0.0621206,0.0621206,0,0,0,0,0,0,0,0
59107,59123,59115,6.5,-105.138,39.9129,467.454,-7.525,330.087,6.91191,0.909935,46.3685,0.152874,0.000269136,4.07309,1.3577,0.740562,0.394966,0.123427,0.0493708,0,0.123427,0.0493708,0,0,0,0,0,0
59124,59141,59132,6.6,-105.136,39.9119,461.468,-8.35278,330.27,7.99895,1.15964,69.3114,0.179309,0.000322881,4.13133,1.93381,0.900981,0.483453,0.197776,0.109876,0.153826,0.0439503,0.0219751,0,0.0219751,0,0,0,0
59141,59158,59150,6.7,-105.134,39.911,455.592,-9.15375,330.48,6.36979,0.876441,55.5438,0.190123,0.000206826,3.42036,1.58625,0.693985,0.272637,0.247852,0.0247852,0.0495704,0.0495704,0,0,0,0.0247852,0,0,0
59158,59176,59167,6.8,-105.131,39.9101,449.457,-9.92824,330.796,4.58221,0.600959,28.3361,0.141454,0.000152295,2.66517,0.841631,0.467573,0.257165,0.187029,0.0701359,0.0467573,0.0233786,0.0233786,0,0,0,0,0,0
59176,59193,59184,6.9,-105.128,39.9092,443.638,-10.5394,331.256,3.62687,0.523196,26.1725,0.150073,0.000149643,1.93119,0.800738,0.282613,0.306165,0.0471022,0.164858,0.0706534,0,0.0235511,0,0,0,0,0,0
59194,59211,59202,7,-105.126,39.9081,437.962,-11.3935,331.393,2.67777,0.295768,11.1628,0.113226,4.49553e-05,1.69123,0.493274,0.234893,0.093957,0.117446,0.0234893,0.0234893,0,0,0,0,0,0,0,0
59212,59229,59220,7.1,-105.124,39.907,432.318,-12.2137,331.578,2.72121,0.419336,32.9199,0.235514,0.000103332,1.59086,0.43958,0.313986,0.188391,0.104662,0.0418648,0.0209324,0,0,0,0,0.0209324,0,0,0
59231,59248,59240,7.2,-105.121,39.9057,426.652,-13.0647,331.751,2.73011,0.357105,17.7946,0.149491,0.000100897,1.80607,0.294012,0.273011,0.189007,0.0630025,0.0420017,0.0210008,0.0210008,0.0210008,0,0,0,0,0,0
59249,59269,59259,7.3,-105.119,39.9043,420.866,-13.9384,331.93,2.5964,0.311524,13.2483,0.127582,6.47609e-05,1.56206,0.443288,0.274416,0.232198,0.0211089,0,0.0422179,0.0211089,0,0,0,0,0,0,0
59270,59284,59277,7.4,-105.116,39.9032,415.574,-14.6869,332.168,2.77576,0.444937,30.4096,0.205038,0.000192802,1.56452,0.630854,0.277576,0.151405,0,0.0252342,0.0252342,0.0504683,0.0252342,0.0252342,0,0,0,0,0
59285,59302,59294,7.5,-105.114,39.9019,409.824,-15.3506,332.634,2.50678,0.288841,11.8365,0.122938,5.42496e-05,1.53569,0.542007,0.158085,0.135502,0.0677509,0.0451673,0,0.0225836,0,0,0,0,0,0,0
59303,59322,59312,7.6,-105.111,39.9006,404.529,-16.123,332.869,1.5845,0.229455,11.2287,0.146809,6.50669e-05,0.893821,0.223455,0.182827,0.142199,0.0609423,0.0203141,0.0406282,0.0203141,0,0,0,0,0,0,0
59323,59342,59332,7.7,-105.108,39.899,398.894,-17.1117,332.93,1.83119,0.284489,16.1461,0.170264,0.000102789,1.01733,0.384323,0.135643,0.0904289,0.0904289,0.0452145,0.0226072,0.0226072,0.0226072,0,0,0,0,0,0
59343,59359,59351,7.8,-105.106,39.8976,393.727,-18.0682,332.921,1.72986,0.238897,11.6838,0.146721,6.86399e-05,1.12922,0.144155,0.168181,0.144155,0.0720776,0,0.0480517,0.0240259,0,0,0,0,0,0,0
59361,59375,59368,7.9,-105.103,39.8963,388.589,-18.97,332.988,2.0717,0.350653,19.2751,0.164907,0.000116782,0.946331,0.383648,0.306918,0.179036,0.051153,0.153459,0.0255765,0,0.0255765,0,0,0,0,0,0
59376,59394,59385,8,-105.101,39.895,383.524,-19.7517,333.208,2.06846,0.358558,21.865,0.182941,0.00015055,1.09105,0.386415,0.295494,0.0681908,0.0227303,0.0681908,0.0681908,0.0454606,0.0227303,0,0,0,0,0,0
59395,59411,59403,8.1,-105.099,39.8937,378.464,-20.6206,333.334,2.07029,0.468254,44.5198,0.285229,0.00020232,1.12039,0.365345,0.170494,0.121782,0.0974253,0.0487126,0.0243563,0.0974253,0,0,0,0.0243563,0,0,0
59412,59430,59421,8.2,-105.096,39.8923,373.499,-21.5122,333.414,1.92632,0.235567,11.5212,0.146725,6.2196e-05,1.21541,0.366917,0.183459,0.068797,0.0229323,0.0458647,0,0,0.0229323,0,0,0,0,0,0
59431,59448,59440,8.3,-105.094,39.8908,368.236,-22.5689,333.36,1.85622,0.372521,26.3143,0.211915,0.000195571,0.881706,0.487258,0.208825,0.0696083,0.0232028,0,0.0696083,0.0696083,0.0464056,0,0,0,0,0,0
59449,59467,59458,8.4,-105.091,39.8892,363.362,-23.4621,333.436,1.77244,0.211345,8.59206,0.121962,3.89428e-05,1.13786,0.240702,0.153174,0.131292,0.043764,0.043764,0.021882,0,0,0,0,0,0,0,0
59469,59485,59477,8.5,-105.089,39.8873,358.868,-24.34,333.446,1.87819,0.273328,13.2358,0.145274,7.51669e-05,0.991268,0.313032,0.286946,0.078258,0.104344,0.052172,0.026086,0.026086,0,0,0,0,0,0,0
59487,59508,59498,8.6,-105.086,39.8857,353.585,-25.3441,333.518,1.71357,0.224905,11.5434,0.153977,6.56994e-05,1.0091,0.323674,0.171357,0.133278,0.0380793,0,0,0.0190397,0.0190397,0,0,0,0,0,0
59509,59529,59519,8.7,-105.083,39.8838,348.658,-26.2052,333.691,2.0132,0.254106,12.1336,0.143251,6.39314e-05,1.0963,0.498318,0.179394,0.179394,0,0.0199327,0.0199327,0,0.0199327,0,0,0,0,0,0
59530,59548,59539,8.8,-105.081,39.882,344.028,-27.0055,333.88,1.93595,0.393682,32.1914,0.24531,0.000207696,1.11528,0.336687,0.126258,0.1473,0.0420859,0.0631288,0.0210429,0.0210429,0.0210429,0.0420859,0,0,0,0,0
