data/B2SAP/Locations/Boulder/NOAA-POPS-B2SAP_GMLBalloon_20220928_R0.ict
61,1001
Thornberry, T. D.
NOAA Chemical Sciences Laboratory
Portable Optical Particle Spectrometer (POPS)
Balloon Baseline Stratospheric Aerosol Profiles (B2SAP)
1,1
2022,09,28,2024,05,28
0
TIME_START,s,Seconds since midnight UTC on flight start day,Start time of 100 m altitude bin in UTC_seconds_since_midnight
28
1.0,1.0,1.0,1.0,1.0,1.0,1.0,1.0,1.0,1.0,1.0,1.0,1.0,1.0,1.0,1.0,1.0,1.0,1.0,1.0,1.0,1.0,1.0,1.0,1.0,1.0,1.0,1.0
99999,99999,99999,99999,99999,99999,99999,99999,99999,99999,99999,99999,99999,99999,99999,99999,99999,99999,99999,99999,99999,99999,99999,99999,99999,99999,99999,99999
TIME_STOP,s,End time of 100 m altitude bin in UTC seconds since midnight,
TIME_MID,s,Mid time of 100 m altitude in UTC seconds since midnight,
GPSAlt,m,GPS reported altitude above sea level (m),
GPS_Lon,deg,GPS reported longitude,
GPS_Lat,deg,GPS reported latitude,
iMet_Pressure,mb,Pressure reported (mB),
iMet_Temperature,degrees C,Ambient temperature (oC),
THETA,K,Potential temperature from iMet,
Aerosol_concentration,cm^-3,Aerosol concentration,
Surface_Area_Conc,um^2 cm^-3,Surface area concentration,
Volume_density,um^3 cm^-3,Volume density,
Effective_radius,um,Effective radius,
Extinction,km^-1,Extinction,
Bin01,cm^-3,particle concentration in size range [140 - 170 nm],
Bin02,cm^-3,particle concentration in size range [170 - 205 nm],
Bin03,cm^-3,particle concentration in size range [205 - 249 nm],
Bin04,cm^-3,particle concentration in size range [249 - 302 nm],
Bin05,cm^-3,particle concentration in size range [302 - 366 nm],
Bin06,cm^-3,particle concentration in size range [366 - 443 nm],
Bin07,cm^-3,particle concentration in size range [443 - 537 nm],
Bin08,cm^-3,particle concentration in size range [537 - 651 nm],
Bin09,cm^-3,particle concentration in size range [651 - 789 nm],
Bin10,cm^-3,particle concentration in size range [789 - 956 nm],
Bin11,cm^-3,particle concentration in size range [956 - 1159 nm],
Bin12,cm^-3,particle concentration in size range [1159 - 1404 nm],
Bin13,cm^-3,particle concentration in size range [1404 - 1702 nm],
Bin14,cm^-3,particle concentration in size range [1702 - 2062 nm],
Bin15,cm^-3,particle concentration in size range [2062 - 2500 nm],
0
19
PI_CONTACT_INFO: 325 Broadway R/CSL6, Boulder, CO 80305; troy.thornberry@noaa.gov; 303-497-3373 
PLATFORM: GML ECC/FPH balloon
LOCATION: Boulder, CO, USA
ASSOCIATED_DATA: N/A
INSTRUMENT_INFO: Printed Optical Particle Spectrometer counts particles from 140 - 2500 nm in diameter 
DATA_INFO: Particle concentrations reported in number per cubic centimeter, binned to 100 m altitude
UNCERTAINTY: Counting uncertainty dominated by air flow, less than 5 percent
ULOD_FLAG: -77777
ULOD_VALUE: 3000 ~3000 per cm3 (varies depending on flow rate- manufacturer quotes 1250  per cm3 at 1.667 cc/s)
LLOD_FLAG: -88888
LLOD_VALUE: 0 0 (varies depending on data field and measurement precision)
DM_CONTACT_INFO: Troy Thornberry, 325 Broadway R/CSL6, Boulder, CO 80305; troy.thornberry@noaa.gov; 303-497-3373
PROJECT_INFO: B2SAP Boulder, CO, USA
STIPULATIONS_ON_USE: Please contact the PIs for questions regarding applications and uncertainties
OTHER_COMMENTS: POPS bin Edges (nm):  140, 170, 205, 249, 302, 366, 443, 537, 651, 789, 956, 1159, 1404, 1702, 2062, 2500
Calculations assume sulfate refractive index of 1.45+0.00j and extinction wavelength = 532 nm
REVISION: R0
R0: QA/QC data
TIME_START,TIME_STOP,TIME_MID,GPSAlt,GPS_Lon,GPS_Lat,iMet_Pressure,iMet_Temperature,THETA,Aerosol_concentration,Surface_Area_Conc,Volume_density,Effective_radius,Extinction,Bin01,Bin02,Bin03,Bin04,Bin05,Bin06,Bin07,Bin08,Bin09,Bin10,Bin11,Bin12,Bin13,Bin14,Bin15
[from data line 154]
62420,62442,62431,17.2,-104.944,39.7825,90.1461,-67.8196,408.352,18.1803,2.9195,182.381,0.18741,0.000773696,5.74114,5.57942,3.81395,1.50941,0.741227,0.309968,0.296491,0.161722,0,0,0,0.0134769,0,0.0134769,0
62443,62467,62455,17.3,-104.943,39.7819,88.6192,-67.5336,410.935,15.8557,2.39801,114.481,0.14322,0.000616655,5.74879,4.59406,2.85577,1.16714,0.633236,0.360075,0.409741,0.0744983,0,0.0124164,0,0,0,0,0
62468,62490,62479,17.4,-104.942,39.7812,87.2086,-67.2168,413.451,15.8905,2.45086,122.642,0.150121,0.000670837,5.47119,4.79259,3.02541,1.07445,0.805834,0.240337,0.296886,0.141374,0.0141374,0.0282749,0,0,0,0,0
62493,62513,62503,17.5,-104.941,39.7806,85.6845,-67.65,414.663,12.5015,2.03645,105.449,0.155342,0.00059204,4.34426,3.50041,2.23464,0.968863,0.68758,0.359417,0.281283,0.0937609,0,0.0312536,0,0,0,0,0
62514,62535,62524,17.6,-104.94,39.7798,84.3468,-67.9327,415.965,10.8876,1.97122,105.796,0.161011,0.000653391,3.32596,2.92799,2.06096,1.09444,0.540114,0.369552,0.397979,0.142135,0.028427,0,0,0,0,0,0
62536,62558,62547,17.7,-104.939,39.7785,82.8711,-68.3021,417.308,9.46588,1.83214,109.218,0.178836,0.000627928,2.80046,2.66944,1.62132,0.802471,0.58957,0.524063,0.278408,0.16377,0,0,0.016377,0,0,0,0
62559,62581,62570,17.8,-104.939,39.7768,81.5239,-68.1857,419.51,8.32887,1.56763,97.0089,0.185648,0.000554798,3.11993,1.95335,1.28867,0.718941,0.488338,0.339123,0.257734,0.122084,0.0135649,0.0135649,0,0.0135649,0,0,0
62582,62603,62592,17.9,-104.938,39.7749,80.1791,-67.9073,422.082,6.85195,1.52001,92.1651,0.181903,0.000626825,2.02444,1.52895,1.06177,0.665376,0.665376,0.410551,0.268982,0.18404,0.0424708,0,0,0,0,0,0
62604,62626,62615,18,-104.939,39.7729,78.8017,-68.0174,423.942,6.3954,1.38296,80.4315,0.174477,0.000534658,1.95528,1.3171,0.977641,0.611026,0.719652,0.380194,0.285145,0.135783,0.0135783,0,0,0,0,0,0
62627,62649,62638,18.1,-104.94,39.7712,77.4565,-67.8422,426.408,6.55556,1.57877,106.793,0.202928,0.000678213,1.94639,1.47331,0.865064,0.581215,0.608248,0.581215,0.310882,0.135166,0.0270333,0.0135166,0.0135166,0,0,0,0
62650,62672,62661,18.2,-104.94,39.7696,76.1796,-66.7909,430.625,7.17434,1.39396,85.3313,0.183645,0.000496964,2.48085,1.71648,1.15326,0.576629,0.576629,0.29502,0.21456,0.1341,0.01341,0,0.01341,0,0,0,0
62673,62697,62685,18.3,-104.94,39.768,74.8568,-66.1456,434.14,7.3398,1.58143,97.3435,0.184663,0.000650243,2.39314,1.69,0.999199,0.740148,0.555111,0.419417,0.333066,0.185037,0,0.0246716,0,0,0,0,0
62698,62721,62710,18.4,-104.939,39.7666,73.6225,-65.6633,437.227,5.44743,1.52981,102.245,0.200506,0.000751835,1.38429,1.01258,0.717779,0.499882,0.640874,0.525517,0.384524,0.243532,0.0384524,0,0,0,0,0,0
62722,62745,62734,18.5,-104.94,39.7651,72.4363,-65.0267,440.6,5.36169,1.3136,83.7877,0.191354,0.000596279,1.47624,1.11013,0.838503,0.602305,0.448776,0.330677,0.342487,0.177148,0.0354297,0,0,0,0,0,0
62746,62768,62757,18.6,-104.94,39.7639,71.2561,-64.5048,443.793,5.524,1.38065,85.8649,0.186575,0.00059891,1.45872,1.00436,0.753273,0.681533,0.717403,0.370658,0.394572,0.10761,0.0358702,0,0,0,0,0,0
62769,62789,62779,18.7,-104.941,39.7633,70.0676,-64.4052,446.139,5.64853,1.42284,90.9957,0.19186,0.000636144,1.29746,1.23193,1.00913,0.51112,0.668387,0.353852,0.380063,0.170373,0.0131056,0.0131056,0,0,0,0,0
62790,62811,62800,18.8,-104.942,39.7633,68.9155,-63.9923,449.141,5.86589,1.36788,87.2684,0.191394,0.000586046,1.6564,1.24541,0.983876,0.510619,0.635161,0.410986,0.236628,0.136995,0.0249083,0.0249083,0,0,0,0,0
62812,62833,62822,18.9,-104.943,39.7634,67.7823,-63.8114,451.671,5.92459,1.26401,78.6705,0.186716,0.000519391,1.80098,1.46562,0.94396,0.571344,0.422298,0.310513,0.23599,0.136626,0.0124205,0.024841,0,0,0,0,0
62834,62854,62844,19,-104.942,39.7635,66.6952,-64.339,452.61,5.62281,1.31403,87.0883,0.198827,0.000604558,1.83068,1.2684,0.693044,0.4969,0.60151,0.209221,0.287679,0.183068,0.0261526,0.0261526,0,0,0,0,0
62855,62875,62865,19.1,-104.942,39.7636,65.59,-65.1081,453.108,6.14824,1.34469,86.2538,0.192433,0.000571864,1.86549,1.36628,1.1298,0.564902,0.499216,0.302157,0.249608,0.0788236,0.0656863,0.0262745,0,0,0,0,0
62876,62896,62886,19.2,-104.942,39.7634,64.5229,-65.4638,454.455,5.64237,1.2992,83.2911,0.192329,0.000574647,1.95515,1.11535,0.642968,0.551116,0.577359,0.354289,0.236192,0.157462,0.0393654,0.0131218,0,0,0,0,0
62897,62917,62907,19.3,-104.941,39.7627,63.452,-65.79,455.913,6.16767,1.48565,96.8569,0.195585,0.000688889,1.84752,1.52803,0.722339,0.555645,0.500081,0.388952,0.347278,0.25004,0.0138911,0.0138911,0,0,0,0,0
62918,62938,62928,19.4,-104.942,39.7617,62.3638,-65.7152,458.345,4.69921,1.01745,59.8461,0.17646,0.000401716,1.48742,0.987228,0.631826,0.500196,0.500196,0.250098,0.223772,0.105304,0.013163,0,0,0,0,0,0
62939,62959,62949,19.5,-104.943,39.761,61.349,-65.7905,460.322,4.44216,1.12635,75.6101,0.201384,0.000523536,1.18282,0.893689,0.762264,0.459987,0.354847,0.341705,0.31542,0.0788549,0.026285,0.026285,0,0,0,0,0
62960,62981,62970,19.6,-104.945,39.7609,60.3382,-66.3595,461.252,4.51305,1.19344,78.2398,0.196675,0.000555336,1.22281,0.768984,0.642921,0.491645,0.542071,0.34037,0.34037,0.138669,0.0126063,0.0126063,0,0,0,0,0
62982,63002,62992,19.7,-104.945,39.7606,59.3519,-65.8405,464.589,4.29861,1.32962,100.695,0.227198,0.000737865,1.13052,0.670426,0.604698,0.486388,0.525824,0.262912,0.302349,0.21033,0.0657281,0.0394368,0,0,0,0,0
63003,63022,63012,19.8,-104.946,39.7598,58.3625,-65.4155,467.78,4.55651,1.39867,100.607,0.215791,0.000727924,0.900222,0.858673,0.540133,0.62323,0.706328,0.31854,0.360089,0.152345,0.0692478,0.0276991,0,0,0,0,0
63023,63043,63033,19.9,-104.947,39.7591,57.383,-65.1625,470.626,4.23373,1.16375,74.9049,0.193096,0.000538214,0.965346,0.758486,0.579208,0.496464,0.565417,0.358557,0.386138,0.0965346,0.0275813,0,0,0,0,0,0
63044,63064,63054,20,-104.948,39.7587,56.4319,-64.6581,474.016,4.5532,1.37626,94.6953,0.206418,0.000695159,1.07597,0.73481,0.537986,0.511743,0.564229,0.498621,0.419892,0.170581,0.0262432,0.0131216,0,0,0,0,0
63065,63086,63076,20.1,-104.949,39.7583,55.505,-64.5014,476.634,3.80229,1.10965,73.725,0.19932,0.000530357,0.737944,0.675406,0.600361,0.450271,0.425256,0.412748,0.375226,0.112568,0,0.0125075,0,0,0,0,0
63087,63108,63098,20.2,-104.949,39.7577,54.5523,-64.395,479.234,3.94385,1.15666,77.3758,0.200688,0.000554274,0.70113,0.71365,0.538367,0.563408,0.638529,0.250403,0.413166,0.0876412,0.0250403,0.0125202,0,0,0,0,0
63109,63131,63120,20.3,-104.95,39.7568,53.657,-63.493,483.589,3.48371,1.00597,66.9667,0.199708,0.00047271,0.656178,0.68004,0.417568,0.501082,0.441429,0.441429,0.190888,0.131236,0.0119305,0.0119305,0,0,0,0,0
63132,63153,63142,20.4,-104.951,39.7556,52.7318,-62.8023,487.601,3.94376,1.43241,127.117,0.26623,0.000775493,0.734013,0.721572,0.510077,0.510077,0.472754,0.373227,0.335904,0.174173,0.0497636,0.0248818,0.0248818,0.0124409,0,0,0
63154,63175,63164,20.5,-104.952,39.7543,51.9082,-62.0782,491.475,4.22389,1.26525,89.7043,0.212696,0.000591574,0.606951,0.91662,0.730819,0.445923,0.606951,0.346829,0.42115,0.123868,0.0123868,0,0,0.0123868,0,0,0
63176,63198,63187,20.6,-104.952,39.7531,51.0565,-61.8426,494.369,3.47405,1.01242,68.8723,0.204081,0.000514553,0.827154,0.649907,0.484476,0.295412,0.449027,0.271779,0.295412,0.177247,0.023633,0,0,0,0,0,0
63199,63220,63210,20.7,-104.953,39.7517,50.225,-61.2095,498.172,3.81888,1.12044,78.9822,0.211476,0.000568989,0.828042,0.74153,0.543789,0.420201,0.494354,0.284253,0.32133,0.135947,0.0247177,0.0247177,0,0,0,0,0
63221,63241,63231,20.8,-104.954,39.7504,49.3957,-59.4848,504.627,3.36418,0.961117,64.1304,0.200175,0.000453095,0.652369,0.677952,0.345372,0.524453,0.486079,0.306997,0.230248,0.115124,0.0127915,0.0127915,0,0,0,0,0
63242,63261,63252,20.9,-104.955,39.7498,48.593,-58.9635,508.228,3.62848,1.26901,102.729,0.242856,0.00071409,0.763185,0.50879,0.642682,0.401676,0.321341,0.321341,0.415066,0.17406,0.0401676,0.0267784,0.0133892,0,0,0,0
63262,63280,63271,21,-104.956,39.7496,47.8012,-58.9,510.768,3.26127,1.0299,71.8635,0.209332,0.00053246,0.543546,0.574605,0.512486,0.326127,0.543546,0.326127,0.232948,0.139769,0.0621195,0,0,0,0,0,0
63281,63302,63292,21.1,-104.956,39.7499,47.0462,-59.3038,512.137,2.8435,0.915089,65.4757,0.214653,0.000494549,0.593426,0.543974,0.333802,0.234898,0.44507,0.185446,0.309076,0.185446,0,0.012363,0,0,0,0,0
63303,63322,63312,21.2,-104.956,39.7502,46.2805,-59.8995,513.099,3.16574,0.927793,64.7194,0.209269,0.000471404,0.75873,0.562507,0.41861,0.366284,0.353202,0.287794,0.261631,0.117734,0.0261631,0.0130816,0,0,0,0,0
63323,63341,63332,21.3,-104.956,39.75,45.535,-60.0878,515.041,3.37022,0.890364,62.6881,0.211222,0.000372804,0.780006,0.573967,0.588684,0.382645,0.529816,0.235474,0.161888,0.10302,0,0,0.0147171,0,0,0,0
63342,63361,63352,21.4,-104.957,39.7497,44.7865,-59.1735,519.701,3.17903,1.12614,100.007,0.266415,0.000573657,0.649053,0.397379,0.529839,0.463609,0.370887,0.291411,0.278165,0.13246,0.0264919,0,0.0397379,0,0,0,0
63362,63382,63372,21.5,-104.957,39.7496,44.0657,-59.2048,522.04,3.28675,0.915549,64.3762,0.210943,0.000455164,0.860205,0.603427,0.449361,0.359489,0.372327,0.282455,0.192583,0.128389,0.0128389,0.0256778,0,0,0,0,0
63383,63402,63392,21.6,-104.957,39.7493,43.3437,-58.6537,525.864,2.78209,0.829748,57.6072,0.208282,0.000413671,0.581967,0.42583,0.340664,0.510996,0.354858,0.212915,0.198721,0.127749,0.0141943,0.0141943,0,0,0,0,0
63403,63423,63413,21.7,-104.958,39.7492,42.6629,-57.5081,531.06,2.8776,0.927621,68.5357,0.22165,0.000509096,0.557373,0.4796,0.531449,0.233319,0.401827,0.246281,0.233319,0.11666,0.0648108,0.0129622,0,0,0,0,0
63424,63446,63435,21.8,-104.96,39.7496,41.9739,-57.7278,533.005,2.74123,0.855076,63.8483,0.224009,0.000480573,0.655511,0.500572,0.405225,0.274123,0.333715,0.143021,0.190694,0.178776,0.0476735,0.0119184,0,0,0,0,0
63447,63467,63457,21.9,-104.961,39.7498,41.3095,-58.1252,534.441,2.43167,0.614039,40.6718,0.19871,0.000278597,0.597951,0.558088,0.345483,0.265756,0.252468,0.199317,0.132878,0.0531512,0.0132878,0.0132878,0,0,0,0,0
63469,63487,63478,22,-104.962,39.7499,40.6035,-58.6824,535.699,2.62727,0.845798,68.3813,0.242545,0.000486859,0.611378,0.512236,0.462664,0.165237,0.280903,0.26438,0.148714,0.0826186,0.0495712,0.0495712,0,0,0,0,0
63488,63509,63498,22.1,-104.963,39.7497,39.985,-58.9586,537.356,2.69679,0.891337,71.5254,0.240735,0.000526629,0.670972,0.516132,0.322583,0.283873,0.296776,0.141936,0.283873,0.0774198,0.0645165,0.0387099,0,0,0,0,0
63510,63531,63520,22.2,-104.964,39.7493,39.3191,-58.3873,541.38,2.70844,0.930529,80.2399,0.258691,0.000514512,0.690132,0.351577,0.351577,0.325534,0.37762,0.247406,0.208342,0.0651068,0.0260427,0.0520855,0.0130214,0,0,0,0
63532,63552,63542,22.3,-104.965,39.749,38.6952,-58.0033,544.835,2.68078,0.817483,64.0717,0.23513,0.000454778,0.629163,0.519744,0.424001,0.314582,0.287227,0.150452,0.205162,0.0547099,0.0547099,0.0410324,0,0,0,0,0
63553,63575,63564,22.4,-104.966,39.7491,38.0643,-57.0765,549.752,2.94538,0.877521,74.2535,0.253852,0.000426712,0.733184,0.606773,0.417157,0.316028,0.379233,0.164334,0.164334,0.11377,0.0126411,0.0126411,0.0252822,0,0,0,0
63576,63597,63586,22.5,-104.968,39.7497,37.4568,-56.4068,554.006,2.45981,0.727441,51.9213,0.214126,0.000374497,0.542216,0.502542,0.330619,0.27772,0.238046,0.27772,0.171922,0.0661239,0.0396743,0.0132248,0,0,0,0,0
63598,63619,63608,22.6,-104.968,39.7497,36.8919,-55.6924,558.239,2.52511,0.749079,68.4785,0.274251,0.000353127,0.70142,0.603221,0.280568,0.308625,0.168341,0.154312,0.196398,0.070142,0.0140284,0,0.0140284,0,0.0140284,0,0
63620,63642,63631,22.7,-104.969,39.7493,36.2463,-55.6405,561.208,2.64089,0.750705,49.2103,0.196656,0.0003635,0.562556,0.562556,0.343784,0.296905,0.250025,0.250025,0.265651,0.109386,0,0,0,0,0,0,0
63643,63664,63654,22.8,-104.971,39.749,35.6736,-55.4441,564.267,2.42766,0.720066,51.1696,0.213187,0.000373973,0.600096,0.436434,0.313687,0.218217,0.354602,0.177301,0.177301,0.122747,0.0136385,0.0136385,0,0,0,0,0
63665,63684,63674,22.9,-104.973,39.7493,35.14,-55.117,567.56,2.35854,0.625199,42.4013,0.203462,0.000308673,0.695467,0.483803,0.25702,0.211664,0.272139,0.181426,0.151188,0.0604754,0.0453565,0,0,0,0,0,0
63685,63704,63694,23,-104.974,39.7505,34.5725,-54.9815,570.556,2.21368,0.545863,33.6538,0.184957,0.000234123,0.454866,0.515515,0.424542,0.181946,0.288082,0.121298,0.181946,0.0303244,0.0151622,0,0,0,0,0,0
63705,63723,63714,23.1,-104.976,39.7521,34.0042,-55.5342,571.812,2.27086,0.48713,28.9,0.177981,0.000198444,0.746138,0.535273,0.275747,0.210865,0.210865,0.0973224,0.129763,0.0648816,0,0,0,0,0,0,0
63724,63744,63734,23.2,-104.977,39.7538,33.5014,-56.3048,572.22,2.51082,0.617885,38.4576,0.186722,0.0002747,0.653705,0.57942,0.326853,0.282282,0.237711,0.133712,0.222854,0.0742847,0,0,0,0,0,0,0
63745,63764,63754,23.3,-104.978,39.7557,32.97,-56.6439,573.936,2.08323,0.563489,38.6187,0.205605,0.000271937,0.607608,0.399286,0.260404,0.173602,0.173602,0.208323,0.225683,0.0173602,0,0.0173602,0,0,0,0,0
63765,63784,63774,23.4,-104.978,39.7574,32.4015,-55.948,578.658,2.13523,0.503266,30.6713,0.182834,0.000214051,0.685187,0.350561,0.350561,0.17528,0.20715,0.17528,0.127477,0.0637383,0,0,0,0,0,0,0
63786,63806,63796,23.5,-104.978,39.7586,31.81,-55.73,582.29,2.71841,0.620701,35.3728,0.170965,0.00022976,0.72896,0.607467,0.31892,0.197427,0.425227,0.31892,0.0759334,0.04556,0,0,0,0,0,0,0
63807,63828,63818,23.6,-104.977,39.7596,31.2286,-55.3436,586.411,2.05629,0.567972,37.6372,0.198798,0.000272212,0.502979,0.34025,0.29587,0.236696,0.29587,0.133141,0.177522,0.0443805,0.029587,0,0,0,0,0,0
63829,63849,63839,23.7,-104.977,39.7607,30.7271,-54.4662,591.495,2.20092,0.471139,27.1672,0.172988,0.000172994,0.650976,0.387485,0.325488,0.340987,0.26349,0.139495,0.0309988,0.0464983,0.0154994,0,0,0,0,0,0
63850,63869,63860,23.8,-104.977,39.7616,30.2526,-53.8558,595.801,2.00068,0.48883,29.879,0.183371,0.000208837,0.598494,0.341996,0.273597,0.222298,0.188098,0.188098,0.136799,0.0512994,0,0,0,0,0,0,0
63870,63889,63880,23.9,-104.976,39.7622,29.7375,-53.305,600.222,2.05976,0.48456,30.6883,0.189997,0.000217767,0.741512,0.346039,0.280127,0.148302,0.214215,0.131824,0.131824,0.0494341,0.016478,0,0,0,0,0,0
63890,63911,63900,24,-104.975,39.7625,29.3055,-52.5164,604.913,2.03352,0.469773,27.8734,0.178001,0.000189555,0.542272,0.391641,0.316325,0.346451,0.105442,0.150631,0.135568,0.0451893,0,0,0,0,0,0,0
63912,63935,63924,24.1,-104.975,39.7632,28.8254,-52.2721,608.437,1.82621,0.42797,27.0924,0.189913,0.000194378,0.561912,0.44953,0.182621,0.224765,0.12643,0.0561912,0.182621,0.0280956,0.0140478,0,0,0,0,0,0
63936,63958,63947,24.2,-104.973,39.7644,28.3361,-51.7057,612.998,2.23945,0.630202,43.5073,0.207111,0.000325487,0.589328,0.41253,0.338864,0.206265,0.265198,0.103132,0.191532,0.103132,0.0294664,0,0,0,0,0,0
63959,63981,63970,24.3,-104.972,39.7653,27.9087,-50.8235,618.108,1.89354,0.490775,32.002,0.195621,0.000238327,0.488179,0.502972,0.236693,0.13314,0.162726,0.0887598,0.207106,0.0739665,0,0,0,0,0,0,0
63982,64003,63992,24.4,-104.97,39.7658,27.4405,-50.6005,621.736,1.918,0.450969,27.2624,0.181359,0.000189364,0.581689,0.393033,0.23582,0.188656,0.188656,0.157213,0.125771,0.047164,0,0,0,0,0,0,0
64004,64024,64014,24.5,-104.969,39.7658,26.9995,-50.0505,626.155,1.7933,0.427231,26.0511,0.18293,0.000183898,0.493568,0.411307,0.263236,0.164523,0.131618,0.131618,0.164523,0.0329046,0,0,0,0,0,0,0
64025,64045,64035,24.6,-104.968,39.7659,26.6176,-50.1095,628.548,2.21437,0.45132,26.3696,0.175283,0.000178517,0.782521,0.549429,0.299689,0.0998963,0.199793,0.133195,0.0832469,0.0665975,0,0,0,0,0,0,0
64046,64066,64056,24.7,-104.967,39.7664,26.1724,-50.4381,630.651,2.04452,0.535069,35.0486,0.196509,0.000259762,0.523802,0.439317,0.354833,0.168968,0.168968,0.101381,0.185865,0.101381,0,0,0,0,0,0,0
64067,64086,64076,24.8,-104.966,39.7671,25.7525,-50.2085,634.229,1.42439,0.40677,28.6514,0.211309,0.000196249,0.338292,0.213658,0.231463,0.160243,0.195853,0.124634,0.124634,0.0178048,0,0.0178048,0,0,0,0,0
