data/B2SAP/Locations/Boulder/NOAA-POPS-B2SAP_GMLBalloon_20230713_R0.ict
82,1001
Thornberry, T. D.
NOAA Chemical Sciences Laboratory
Portable Optical Particle Spectrometer (POPS)
Balloon Baseline Stratospheric Aerosol Profiles (B2SAP)
1,1
2023,07,13,2024,05,28
0
TIME_START,s,Seconds since midnight UTC on flight start day,Start time of 100 m altitude bin in UTC_seconds_since_midnight
49
1.0,1.0,1.0,1.0,1.0,1.0,1.0,1.0,1.0,1.0,1.0,1.0,1.0,1.0,1.0,1.0,1.0,1.0,1.0,1.0,1.0,1.0,1.0,1.0,1.0,1.0,1.0,1.0,1.0,1.0,1.0,1.0,1.0,1.0,1.0,1.0,1.0,1.0,1.0,1.0,1.0,1.0,1.0,1.0,1.0,1.0,1.0,1.0,1.0
99999,99999,99999,99999,99999,99999,99999,99999,99999,99999,99999,99999,99999,99999,99999,99999,99999,99999,99999,99999,99999,99999,99999,99999,99999,99999,99999,99999,99999,99999,99999,99999,99999,99999,99999,99999,99999,99999,99999,99999,99999,99999,99999,99999,99999,99999,99999,99999,99999
TIME_STOP,s,End time of 100 m altitude bin in UTC seconds since midnight,
TIME_MID,s,Mid time of 100 m altitude in UTC seconds since midnight,
GPSAlt,km,GPS reported altitude above sea level (km),
GPS_Lon,deg,GPS reported longitude,
GPS_Lat,deg,GPS reported latitude,
iMet_Pressure,hPa,Pressure reported (hPa),
iMet_Temperature,degrees C,Ambient temperature (oC),
THETA,K,Potential temperature from iMet,
Aerosol_concentration,cm^-3,Aerosol concentration,
Surface_Area_Conc,um^2 cm^-3,Surface area concentration,
Volume_density,um^3 cm^-3,Volume density,
Effective_radius,um,Effective radius,
Extinction,km^-1,Extinction,
Bin01,cm^-3,particle concentration in size range [140 - 146.14 nm],
Bin02,cm^-3,particle concentration in size range [146.14 - 152.56 nm],
Bin03,cm^-3,particle concentration in size range [152.56 - 159.25 nm],
Bin04,cm^-3,particle concentration in size range [159.25 - 166.24 nm],
Bin05,cm^-3,particle concentration in size range [166.24 - 173.54 nm],
Bin06,cm^-3,particle concentration in size range [173.54 - 181.16 nm],
Bin07,cm^-3,particle concentration in size range [181.16 - 189.11 nm],
Bin08,cm^-3,particle concentration in size range [189.11 - 197.41 nm],
Bin09,cm^-3,particle concentration in size range [197.41 - 206.07 nm],
Bin10,cm^-3,particle concentration in size range [206.07 - 215.12 nm],
Bin11,cm^-3,particle concentration in size range [215.12 - 224.56 nm],
Bin12,cm^-3,particle concentration in size range [224.56 - 234.41 nm],
Bin13,cm^-3,particle concentration in size range [234.41 - 244.70 nm],
Bin14,cm^-3,particle concentration in size range [244.70 - 361.30 nm],
Bin15,cm^-3,particle concentration in size range [361.30 - 472.80 nm],
Bin16,cm^-3,particle concentration in size range [472.80 - 567.00 nm],
Bin17,cm^-3,particle concentration in size range [567.00 - 610.66 nm],
Bin18,cm^-3,particle concentration in size range [610.66 - 657.69 nm],
Bin19,cm^-3,particle concentration in size range [657.69 - 708.33 nm],
Bin20,cm^-3,particle concentration in size range [708.33 - 762.88 nm],
Bin21,cm^-3,particle concentration in size range [762.88 - 821.62 nm],
Bin22,cm^-3,particle concentration in size range [821.62 - 884.89 nm],
Bin23,cm^-3,particle concentration in size range [884.89 - 953.03 nm],
Bin24,cm^-3,particle concentration in size range [953.03 - 1026.42 nm],
Bin25,cm^-3,particle concentration in size range [1026.42 - 1105.46 nm],
Bin26,cm^-3,particle concentration in size range [1105.46 - 1190.59 nm]],
[...]
LOCATION: Boulder, CO, USA
ASSOCIATED_DATA: N/A
INSTRUMENT_INFO: Printed Optical Particle Spectrometer counts particles from 140 - 2500 nm in diameter 
DATA_INFO: Particle concentrations reported in number per cubic centimeter, binned to 100 m altitude
UNCERTAINTY: Counting uncertainty dominated by air flow, less than 5 percent
ULOD_FLAG: -77777
ULOD_VALUE: 3000 ~3000 per cm3 (varies depending on flow rate- manufacturer quotes 1250  per cm3 at 1.667 cc/s)
LLOD_FLAG: -88888
LLOD_VALUE: 0 0 (varies depending on data field and measurement precision)
DM_CONTACT_INFO: Troy Thornberry, 325 Broadway R/CSL6, Boulder, CO 80305; troy.thornberry@noaa.gov; 303-497-3373
PROJECT_INFO: B2SAP Boulder, CO, USA
STIPULATIONS_ON_USE: Please contact the PIs for questions regarding applications and uncertainties
OTHER_COMMENTS: POPS bin Edges (nm):  140, 146.14, 152.56, 159.25, 166.24, 173.54, 181.16, 189.11, 197.41, 206.07, 215.12, 224.56, 234.41, 244.70, 361.30, 472.80, 567.00, 610.66, 657.69, 708.33, 762.88, 821.62, 884.89, 953.03, 1026.42, 1105.46, 1190.59, 1282.27, 1381.01, 1487.36, 1601.89, 1725.25, 1858.10, 2001.18, 2155.28, 2321.25, 2500
Calculations assume sulfate refractive index of 1.45+0.00j and extinction wavelength = 532 nm
REVISION: R0
R0: QA/QC data
TIME_START,TIME_STOP,TIME_MID,GPSAlt,GPS_Lon,GPS_Lat,iMet_Pressure,iMet_Temperature,THETA,Aerosol_concentration,Surface_Area_Conc,Volume_density,Effective_radius,Extinction,Bin01,Bin02,Bin03,Bin04,Bin05,Bin06,Bin07,Bin08,Bin09,Bin10,Bin11,Bin12,Bin13,Bin14,Bin15,Bin16,Bin17,Bin18,Bin19,Bin20,Bin21,Bin22,Bin23,Bin24,Bin25,Bin26,Bin27,Bin28,Bin29,Bin30,Bin31,Bin32,Bin33,Bin34,Bin35,Bin36
[from data line 205]
59892,59914,59903,22.3,-104.27,39.7944,42.03,-57.7,532.864,2.32843,0.505865,28.3861,0.168342,0.000179811,0.198164,0.181651,0.13211,0.198164,0.0660548,0.0660548,0.0990822,0.0660548,0.13211,0.13211,0.0495411,0.0990822,0.148623,0.44587,0.214678,0.0825685,0,0.0165137,0,0,0,0,0,0,0,0,0,0,0,0,0,0,0,0,0,0
59914,59938,59926,22.4,-104.272,39.7943,41.3978,-57.1133,536.635,2.08481,0.538913,32.8262,0.182736,0.000223127,0.102773,0.146818,0.0880908,0.0146818,0.132136,0.132136,0.073409,0.102773,0.117454,0.073409,0.0880908,0.0880908,0.0293636,0.528545,0.220227,0.102773,0.0293636,0.0146818,0,0,0,0,0,0,0,0,0,0,0,0,0,0,0,0,0,0
59940,59961,59950,22.5,-104.275,39.7943,40.7556,-57.0688,539.149,2.29418,0.578216,36.7376,0.190608,0.00024904,0.0990292,0.198058,0.214563,0.0990292,0.0825244,0.115534,0.0825244,0.0825244,0.0990292,0.0660195,0.0990292,0.0825244,0.0495146,0.561166,0.231068,0.0660195,0.0165049,0.0330097,0,0,0.0165049,0,0,0,0,0,0,0,0,0,0,0,0,0,0,0
59963,59984,59974,22.6,-104.277,39.794,40.11,-57.2321,541.206,2.17829,0.52851,31.8033,0.180526,0.000215098,0.208359,0.0757668,0.0757668,0.151534,0.170475,0.0947085,0.151534,0.0568251,0.0568251,0,0.132592,0.0757668,0.0947085,0.492484,0.189417,0.11365,0.0189417,0.0189417,0,0,0,0,0,0,0,0,0,0,0,0,0,0,0,0,0,0
59987,60008,59998,22.7,-104.279,39.7935,39.506,-57.2387,543.544,2.20731,0.493207,28.2373,0.171757,0.000182678,0.211902,0.176585,0.0882923,0.158926,0.123609,0.0882923,0.0529754,0.0882923,0.105951,0.0529754,0.158926,0.105951,0.0176585,0.45912,0.211902,0.0882923,0,0.0176585,0,0,0,0,0,0,0,0,0,0,0,0,0,0,0,0,0,0
60008,60027,60018,22.8,-104.282,39.7925,38.9367,-56.7767,546.971,2.47323,0.457118,21.817,0.143182,0.000111796,0.264989,0.176659,0.176659,0.176659,0.0883296,0.176659,0.0883296,0.0883296,0,0.176659,0,0.176659,0,0.706637,0.176659,0,0,0,0,0,0,0,0,0,0,0,0,0,0,0,0,0,0,0,0,0
60037,60050,60044,22.9,-104.285,39.7917,38.27,-56.605,550.106,2.22414,0.478028,26.5565,0.166663,0.000165981,0.317735,0.185345,0.0794337,0.158867,0.0794337,0.0529558,0.0264779,0.0529558,0.105912,0.0794337,0.264779,0.0264779,0,0.50308,0.211823,0.0529558,0.0264779,0,0,0,0,0,0,0,0,0,0,0,0,0,0,0,0,0,0,0
60052,60072,60062,23,-104.288,39.7916,37.7619,-56.6181,552.179,2.23421,0.511039,30.1995,0.177283,0.000198184,0.132397,0.165497,0.0330994,0.115848,0.0827484,0.198596,0.148947,0.165497,0.0661987,0.115848,0.0992981,0.049649,0.0992981,0.479941,0.148947,0.0827484,0.0330994,0,0.0165497,0,0,0,0,0,0,0,0,0,0,0,0,0,0,0,0,0
60075,60097,60086,23.1,-104.291,39.7917,37.168,-56.0873,556.043,2.13174,0.595075,39.1862,0.197553,0.000274239,0.158559,0.193795,0.0880885,0.176177,0.0880885,0.0352354,0.0352354,0.123324,0.123324,0,0.0528531,0.0176177,0.0352354,0.546149,0.299501,0.105706,0.0176177,0.0176177,0,0,0.0176177,0,0,0,0,0,0,0,0,0,0,0,0,0,0,0
60098,60120,60109,23.2,-104.294,39.7919,36.6137,-54.8021,561.745,2.08481,0.528609,31.5146,0.178854,0.000208392,0.138067,0.096647,0.151874,0.0276134,0.0552268,0.12426,0.110454,0.151874,0.0828403,0.096647,0.0552268,0.0828403,0.0276134,0.455621,0.358975,0.0276134,0.0138067,0.0276134,0,0,0,0,0,0,0,0,0,0,0,0,0,0,0,0,0,0
60122,60143,60132,23.3,-104.297,39.7922,36.055,-54.2461,565.651,1.78958,0.412361,22.9689,0.167103,0.000143022,0.0581977,0.0436483,0.203692,0.101846,0.0727472,0.101846,0.0581977,0.0581977,0.116395,0.0145494,0.0436483,0.0872966,0.0727472,0.552879,0.116395,0.0727472,0.0145494,0,0,0,0,0,0,0,0,0,0,0,0,0,0,0,0,0,0,0
60143,60165,60154,23.4,-104.299,39.7927,35.4932,-53.8958,569.109,2.17753,0.530867,31.6457,0.178834,0.000209543,0.179164,0.0689091,0.137818,0.1516,0.0826909,0.192945,0.110254,0.0137818,0.0689091,0.0413454,0.110254,0.0689091,0.0689091,0.523709,0.234291,0.0964727,0.0137818,0,0.0137818,0,0,0,0,0,0,0,0,0,0,0,0,0,0,0,0,0
60168,60188,60178,23.5,-104.301,39.7931,34.9878,-53.9372,571.334,1.87277,0.47765,31.205,0.195991,0.000195976,0.101623,0.116141,0.0725879,0.101623,0.116141,0.116141,0.0725879,0.101623,0.0145176,0.0725879,0.0580703,0.0435527,0.0725879,0.537151,0.203246,0.0435527,0,0,0,0.0145176,0,0,0.0145176,0,0,0,0,0,0,0,0,0,0,0,0,0
60190,60210,60200,23.6,-104.304,39.7935,34.4524,-53.7018,574.475,1.79812,0.541518,35.5622,0.197014,0.0002569,0.122948,0.0922113,0.10758,0.10758,0.0768428,0.0768428,0.0614742,0.0307371,0.0614742,0.0461057,0.0461057,0.0153686,0.0461057,0.430319,0.307371,0.10758,0.0461057,0.0153686,0,0,0,0,0,0,0,0,0,0,0,0,0,0,0,0,0,0
60212,60235,60224,23.7,-104.306,39.7936,33.9576,-53.4341,577.562,2.0131,0.476558,27.5489,0.173424,0.000177734,0.169039,0.122937,0.10757,0.0614687,0.153672,0.0922031,0.0614687,0.0768359,0.10757,0.0614687,0.0614687,0.0153672,0.10757,0.49175,0.245875,0.0461015,0.0153672,0.0153672,0,0,0,0,0,0,0,0,0,0,0,0,0,0,0,0,0,0
60236,60258,60247,23.8,-104.309,39.7933,33.4325,-53.0606,581.121,1.63842,0.361964,20.1475,0.166985,0.000125482,0.083593,0.133749,0.0501558,0.100312,0.083593,0.11703,0.083593,0.0334372,0.0334372,0.100312,0.0501558,0.083593,0.083593,0.417965,0.11703,0.0501558,0,0.0167186,0,0,0,0,0,0,0,0,0,0,0,0,0,0,0,0,0,0
60258,60279,60268,23.9,-104.312,39.7927,32.9231,-52.8319,584.286,1.92014,0.418213,22.4763,0.161231,0.000133966,0.154297,0.0514324,0.137153,0.0514324,0.20573,0.0342883,0.0857207,0.0171441,0.102865,0.0685766,0.0857207,0.0685766,0.137153,0.49718,0.171441,0.0342883,0.0171441,0,0,0,0,0,0,0,0,0,0,0,0,0,0,0,0,0,0,0
60282,60301,60292,24,-104.314,39.792,32.434,-52.814,586.837,1.80653,0.406193,24.6592,0.182124,0.000168674,0.204864,0.167616,0.148992,0.0744961,0.148992,0.111744,0.0372481,0.0744961,0.0558721,0.018624,0.0931202,0.0372481,0.0372481,0.335233,0.148992,0.0558721,0.0372481,0.018624,0,0,0,0,0,0,0,0,0,0,0,0,0,0,0,0,0,0
60302,60321,60312,24.1,-104.315,39.7913,31.9927,-53.292,587.858,1.51183,0.303511,16.6654,0.164726,0.000103898,0.188979,0.0944896,0.132285,0.132285,0.0755917,0.0944896,0.0944896,0.0377958,0.0566938,0.0188979,0.0188979,0.0566938,0.0188979,0.321265,0.113388,0.0377958,0.0188979,0,0,0,0,0,0,0,0,0,0,0,0,0,0,0,0,0,0,0
60322,60343,60332,24.2,-104.317,39.7904,31.5007,-53.0393,591.146,2.11755,0.491308,28.7256,0.175403,0.000189521,0.17016,0.0756268,0.189067,0.151254,0.0567201,0.0189067,0.151254,0.151254,0.0756268,0.17016,0,0.0189067,0.0378134,0.605014,0.0945335,0.11344,0.0378134,0,0,0,0,0,0,0,0,0,0,0,0,0,0,0,0,0,0,0
60344,60363,60354,24.3,-104.32,39.7894,31.0388,-53.1859,593.252,1.73522,0.340589,18.0997,0.159427,0.000108652,0.204143,0.0680478,0.102072,0.0680478,0.119084,0.0850597,0.136096,0.102072,0.102072,0.102072,0.102072,0.0340239,0,0.323227,0.136096,0.0340239,0.0170119,0,0,0,0,0,0,0,0,0,0,0,0,0,0,0,0,0,0,0
60366,60388,60377,24.4,-104.324,39.7887,30.562,-52.9867,596.419,1.54701,0.289936,15.4543,0.159908,9.48967e-05,0.174039,0.212714,0.116026,0.116026,0.058013,0.0966884,0.0773507,0.0966884,0.058013,0.058013,0,0.0193377,0.0386753,0.25139,0.116026,0.058013,0,0,0,0,0,0,0,0,0,0,0,0,0,0,0,0,0,0,0,0
60389,60412,60400,24.5,-104.328,39.7886,30.1071,-52.6818,599.807,1.45126,0.281215,14.1516,0.150969,7.88521e-05,0.172769,0.0691078,0.0863847,0.0691078,0.0863847,0.0518308,0.103662,0.0691078,0.0691078,0.0518308,0.0172769,0.0172769,0.0691078,0.414647,0.0691078,0.0345539,0,0,0,0,0,0,0,0,0,0,0,0,0,0,0,0,0,0,0,0
60415,60437,60426,24.6,-104.332,39.7887,29.6565,-52.6488,602.488,1.64677,0.319463,16.1354,0.151523,9.00955e-05,0.210226,0.140151,0.0525565,0.122632,0.0875942,0.0525565,0.0525565,0.0875942,0.0350377,0.0350377,0.0350377,0.122632,0.0875942,0.350377,0.15767,0.0175188,0,0,0,0,0,0,0,0,0,0,0,0,0,0,0,0,0,0,0,0
60438,60460,60449,24.7,-104.335,39.789,29.2453,-52.1859,606.169,1.42611,0.255242,12.131,0.142582,6.22937e-05,0.178264,0.124785,0.0891319,0.0713055,0.0891319,0.0891319,0.0534791,0.0713055,0.0356528,0.0534791,0.0356528,0.0178264,0.0534791,0.356528,0.106958,0,0,0,0,0,0,0,0,0,0,0,0,0,0,0,0,0,0,0,0,0
60462,60487,60474,24.8,-104.337,39.7887,28.7995,-51.3679,611.089,1.59503,0.413422,26.1385,0.189674,0.000185057,0.193337,0.161115,0.0644458,0.0805573,0.0805573,0.0483344,0.0483344,0.0322229,0.11278,0.0483344,0.0322229,0.0322229,0.0161115,0.306118,0.209449,0.0966687,0.0161115,0.0161115,0,0,0,0,0,0,0,0,0,0,0,0,0,0,0,0,0,0
60488,60512,60500,24.9,-104.341,39.7879,28.3795,-50.6848,615.549,1.77257,0.439254,27.7396,0.189455,0.00019707,0.190441,0.0878958,0.21974,0.117194,0.0732465,0.0878958,0.0732465,0.102545,0.0439479,0.0439479,0,0.0292986,0.0146493,0.380882,0.146493,0.117194,0.0292986,0.0146493,0,0,0,0,0,0,0,0,0,0,0,0,0,0,0,0,0,0
60513,60535,60524,25,-104.344,39.7874,27.9675,-50.3956,618.93,1.85174,0.490407,30.5699,0.187008,0.000206481,0.077968,0.058476,0.09746,0.077968,0.116952,0.116952,0.09746,0.058476,0.058476,0.058476,0.038984,0.058476,0.058476,0.58476,0.19492,0.038984,0,0.038984,0.019492,0,0,0,0,0,0,0,0,0,0,0,0,0,0,0,0,0
60536,60556,60546,25.1,-104.347,39.7867,27.5459,-50.0494,622.588,1.68037,0.434428,26.8669,0.185533,0.000185369,0.12926,0.147725,0.0923283,0.0369313,0.0738626,0.0923283,0.0738626,0.12926,0.0738626,0.0184657,0.0369313,0,0.055397,0.387779,0.221588,0.0738626,0.0184657,0.0184657,0,0,0,0,0,0,0,0,0,0,0,0,0,0,0,0,0,0
60562,60576,60569,25.2,-104.351,39.786,27.11,-49.78,626.189,1.26891,0.306654,17.1781,0.168054,0.000107033,0,0.158614,0,0.158614,0,0,0.158614,0,0,0.158614,0.158614,0,0,0.158614,0.317228,0,0,0,0,0,0,0,0,0,0,0,0,0,0,0,0,0,0,0,0,0
60585,60598,60592,25.3,-104.355,39.7858,26.6771,-49.4414,630.029,1.19049,0.188257,8.28732,0.132064,3.824e-05,0.274729,0.0457881,0.0457881,0,0.0457881,0.137364,0.0457881,0.0915763,0.0915763,0,0.0457881,0.0457881,0,0.274729,0.0457881,0,0,0,0,0,0,0,0,0,0,0,0,0,0,0,0,0,0,0,0,0
60601,60620,60610,25.4,-104.359,39.7858,26.3456,-49.4906,632.139,1.63514,0.353485,19.4724,0.165261,0.000120166,0.100934,0.201869,0.0807476,0.201869,0.0201869,0.0605607,0,0.0403738,0.141308,0.0201869,0.0403738,0.0403738,0.0403738,0.464299,0.121121,0.0403738,0.0201869,0,0,0,0,0,0,0,0,0,0,0,0,0,0,0,0,0,0,0
60621,60641,60631,25.5,-104.362,39.7856,25.9638,-49.61,634.444,1.63543,0.343853,18.999,0.16576,0.000119543,0.163543,0.224872,0.0408858,0.102214,0.0613286,0.0817715,0.0817715,0.0817715,0.0817715,0.0613286,0.0613286,0.0408858,0.0204429,0.2862,0.183986,0.0613286,0,0,0,0,0,0,0,0,0,0,0,0,0,0,0,0,0,0,0,0
60644,60663,60654,25.6,-104.366,39.7856,25.5825,-49.6725,636.955,1.29613,0.202245,10.1664,0.150802,5.83786e-05,0.185161,0.102867,0.185161,0.082294,0.082294,0.0617205,0.041147,0.123441,0.0617205,0.041147,0,0.102867,0.0205735,0.123441,0.0617205,0,0,0.0205735,0,0,0,0,0,0,0,0,0,0,0,0,0,0,0,0,0,0
60664,60683,60674,25.7,-104.37,39.786,25.23,-50.0462,638.417,1.54854,0.312758,17.2403,0.16537,0.000109601,0.103236,0.0516181,0.129045,0.0516181,0.129045,0.180663,0.129045,0.0516181,0.0774272,0.0516181,0.0258091,0.0258091,0.129045,0.258091,0.0516181,0.103236,0,0,0,0,0,0,0,0,0,0,0,0,0,0,0,0,0,0,0,0
60684,60703,60694,25.8,-104.374,39.7868,24.8456,-50.8089,639.026,0.904629,0.174841,8.63056,0.148087,4.65637e-05,0.0376929,0,0,0.188464,0,0,0.0753858,0.113079,0.0753858,0.0376929,0,0.0753858,0.0753858,0.113079,0.113079,0,0,0,0,0,0,0,0,0,0,0,0,0,0,0,0,0,0,0,0,0
60704,60726,60715,25.9,-104.379,39.7879,24.492,-51.392,639.969,1.5669,0.328382,18.9514,0.173134,0.000123768,0.0681261,0.034063,0.170315,0.204378,0.0681261,0.102189,0.0681261,0.0681261,0.034063,0.102189,0.0681261,0,0.0681261,0.408756,0,0.0681261,0,0.034063,0,0,0,0,0,0,0,0,0,0,0,0,0,0,0,0,0,0
60727,60750,60738,26,-104.382,39.7889,24.1379,-50.7195,644.593,1.43467,0.366048,21.3086,0.174638,0.00013867,0.090802,0.108962,0.108962,0.0363208,0.0544812,0.0726416,0.108962,0.0363208,0,0.0544812,0.0181604,0.0181604,0.0544812,0.363208,0.254246,0.0544812,0,0,0,0,0,0,0,0,0,0,0,0,0,0,0,0,0,0,0,0
60752,60776,60764,26.1,-104.386,39.7895,23.7855,-49.9395,649.573,1.35192,0.319289,20.0128,0.188038,0.000140094,0.0866618,0.155991,0.0866618,0.0693295,0.0346647,0.0693295,0.0693295,0.103994,0.0346647,0.0519971,0.0519971,0.0693295,0,0.29465,0.0693295,0.0519971,0.0173324,0.0346647,0,0,0,0,0,0,0,0,0,0,0,0,0,0,0,0,0,0
60779,60801,60790,26.2,-104.389,39.7896,23.4095,-49.0032,655.273,1.43249,0.291373,16.354,0.168382,0.000103973,0.165288,0.110192,0.128557,0.128557,0.0918265,0.128557,0.0367306,0.0183653,0.0550959,0.0367306,0.0367306,0.0183653,0.0367306,0.238749,0.165288,0.0183653,0,0.0183653,0,0,0,0,0,0,0,0,0,0,0,0,0,0,0,0,0,0
60802,60822,60812,26.3,-104.393,39.79,23.1269,-48.5377,658.913,1.55216,0.268025,13.637,0.152639,8.01057e-05,0.217847,0.0272309,0.0816927,0.190616,0.163385,0.0816927,0.136155,0.0544618,0.0816927,0.0544618,0.0544618,0.0544618,0.0272309,0.190616,0.0816927,0.0544618,0,0,0,0,0,0,0,0,0,0,0,0,0,0,0,0,0,0,0,0
60826,60849,60838,26.4,-104.396,39.7907,22.7475,-48.008,663.6,1.37917,0.208001,8.70601,0.125567,3.66424e-05,0.123772,0.176817,0.0707269,0.0884086,0.123772,0.0707269,0.0707269,0.10609,0.0707269,0.0530452,0.0176817,0.0353634,0,0.353634,0.0176817,0,0,0,0,0,0,0,0,0,0,0,0,0,0,0,0,0,0,0,0,0
60852,60871,60862,26.5,-104.399,39.7912,22.4173,-47.988,666.439,1.16602,0.193334,9.80749,0.152184,5.63182e-05,0.194336,0.0971681,0.0971681,0.145752,0.0971681,0.024292,0.0485841,0.0485841,0.024292,0.024292,0,0.0485841,0.0485841,0.194336,0.0485841,0,0.024292,0,0,0,0,0,0,0,0,0,0,0,0,0,0,0,0,0,0,0
60872,60893,60882,26.6,-104.402,39.7918,22.1016,-48.2774,668.283,0.939477,0.139005,5.93383,0.128063,2.6318e-05,0.153384,0.057519,0.095865,0.095865,0.019173,0.057519,0.019173,0.038346,0.019173,0.057519,0.038346,0.057519,0.057519,0.134211,0.038346,0,0,0,0,0,0,0,0,0,0,0,0,0,0,0,0,0,0,0,0,0
60895,60914,60904,26.7,-104.406,39.7926,21.7769,-48.48,670.512,1.00118,0.128637,4.83933,0.11286,1.6801e-05,0.11377,0.11377,0.068262,0.068262,0.091016,0.068262,0.091016,0.068262,0.022754,0.045508,0.068262,0,0.022754,0.159278,0,0,0,0,0,0,0,0,0,0,0,0,0,0,0,0,0,0,0,0,0,0
60915,60935,60925,26.8,-104.409,39.7934,21.4785,-48.2615,673.814,1.02597,0.147724,6.14059,0.124704,2.60161e-05,0.0854977,0.199495,0.0569985,0.0854977,0,0.0569985,0.0569985,0.0569985,0.113997,0,0,0.113997,0,0.170995,0.0284992,0,0,0,0,0,0,0,0,0,0,0,0,0,0,0,0,0,0,0,0,0
60936,60952,60944,26.9,-104.412,39.7941,21.1785,-48.2531,676.555,1.12329,0.20018,9.75399,0.146178,5.2387e-05,0.0864071,0.230419,0.115209,0.0288024,0,0.0864071,0.0288024,0.0288024,0.0288024,0.0288024,0.0576047,0.0576047,0.0288024,0.201617,0.115209,0,0,0,0,0,0,0,0,0,0,0,0,0,0,0,0,0,0,0,0,0
60959,60978,60968,27,-104.415,39.7945,20.8267,-48.4073,679.33,1.12615,0.195875,9.58193,0.146756,5.23255e-05,0.175179,0.0750766,0.050051,0.0750766,0.125128,0.0750766,0.0750766,0.100102,0,0.0250255,0.0250255,0,0.0250255,0.175179,0.125128,0,0,0,0,0,0,0,0,0,0,0,0,0,0,0,0,0,0,0,0,0
60979,60999,60989,27.1,-104.417,39.7943,20.5327,-48.2433,682.596,1.37332,0.188781,7.31748,0.116286,2.6474e-05,0.101728,0.127159,0.152591,0.0508638,0.101728,0.152591,0.0762957,0.0508638,0.0254319,0.152591,0.0508638,0.0254319,0.0508638,0.254319,0,0,0,0,0,0,0,0,0,0,0,0,0,0,0,0,0,0,0,0,0,0
61000,61021,61010,27.2,-104.42,39.794,20.2463,-47.9463,686.239,1.22967,0.186562,9.13277,0.146859,5.24968e-05,0.181426,0.181426,0.141109,0.0604753,0.120951,0.0806338,0.0604753,0.0403169,0.0806338,0.0201584,0.0403169,0,0,0.141109,0.0403169,0.0403169,0,0,0,0,0,0,0,0,0,0,0,0,0,0,0,0,0,0,0,0
61022,61043,61032,27.3,-104.423,39.794,19.9335,-47.9941,689.155,0.982466,0.144054,6.29916,0.131183,2.96248e-05,0.159936,0.0913922,0.11424,0.11424,0.022848,0.0685441,0.0685441,0.022848,0.0685441,0,0,0.022848,0,0.182784,0.0456961,0,0,0,0,0,0,0,0,0,0,0,0,0,0,0,0,0,0,0,0,0
61045,61067,61056,27.4,-104.426,39.7939,19.6867,-47.57,692.918,1.23173,0.200207,10.0889,0.151178,5.8031e-05,0.0879806,0.197956,0.0659855,0.0659855,0.175961,0.0659855,0.0439903,0.0439903,0.0439903,0.0659855,0.109976,0.0439903,0.0439903,0.0659855,0.0879806,0,0.0219952,0,0,0,0,0,0,0,0,0,0,0,0,0,0,0,0,0,0,0
