data/B2SAP/Locations/Boulder/NOAA-POPS-B2SAP_GMLBalloon_20210603_R0.ict
61,1001
Thornberry, T. D.
NOAA Chemical Sciences Laboratory
Portable Optical Particle Spectrometer (POPS)
Balloon Baseline Stratospheric Aerosol Profiles (B2SAP)
1,1
2021,06,03,2024,05,30
0
TIME_START,s,Seconds since midnight UTC on flight start day,Start time of 100 m altitude bin in UTC_seconds_since_midnight
28
1.0,1.0,1.0,1.0,1.0,1.0,1.0,1.0,1.0,1.0,1.0,1.0,1.0,1.0,1.0,1.0,1.0,1.0,1.0,1.0,1.0,1.0,1.0,1.0,1.0,1.0,1.0,1.0
99999,99999,99999,99999,99999,99999,99999,99999,99999,99999,99999,99999,99999,99999,99999,99999,99999,99999,99999,99999,99999,99999,99999,99999,99999,99999,99999,99999
TIME_STOP,s,End time of 100 m altitude bin in UTC seconds since midnight,
TIME_MID,s,Mid time of 100 m altitude in UTC seconds since midnight,
GPSAlt,m,GPS reported altitude above sea level (m),
GPS_Lon,deg,GPS reported longitude,
GPS_Lat,deg,GPS reported latitude,
iMet_Pressure,mb,Pressure reported (mB),
iMet_Temperature,degrees C,Ambient temperature (oC),
THETA,K,Potential temperature from iMet,
Aerosol_concentration,cm^-3,Aerosol concentration,
Surface_Area_Conc,um^2 cm^-3,Surface area concentration,
Volume_density,um^3 cm^-3,Volume density,
Effective_radius,um,Effective radius,
Extinction,km^-1,Extinction,
Bin01,cm^-3,particle concentration in size range [140 - 170 nm],
Bin02,cm^-3,particle concentration in size range [170 - 205 nm],
Bin03,cm^-3,particle concentration in size range [205 - 249 nm],
Bin04,cm^-3,particle concentration in size range [249 - 302 nm],
Bin05,cm^-3,particle concentration in size range [302 - 366 nm],
Bin06,cm^-3,particle concentration in size range [366 - 443 nm],
Bin07,cm^-3,particle concentration in size range [443 - 537 nm],
Bin08,cm^-3,particle concentration in size range [537 - 651 nm],
Bin09,cm^-3,particle concentration in size range [651 - 789 nm],
Bin10,cm^-3,particle concentration in size range [789 - 956 nm],
Bin11,cm^-3,particle concentration in size range [956 - 1159 nm],
Bin12,cm^-3,particle concentration in size range [1159 - 1404 nm],
Bin13,cm^-3,particle concentration in size range [1404 - 1702 nm],
Bin14,cm^-3,particle concentration in size range [1702 - 2062 nm],
Bin15,cm^-3,particle concentration in size range [2062 - 2500 nm],
0
19
PI_CONTACT_INFO: 325 Broadway R/CSL6, Boulder, CO 80305; troy.thornberry@noaa.gov; 303-497-3373 
PLATFORM: GML ECC/FPH balloon
LOCATION: Boulder, CO, USA
ASSOCIATED_DATA: N/A
INSTRUMENT_INFO: Printed Optical Particle Spectrometer counts particles from 140 - 2500 nm in diameter 
DATA_INFO: Particle concentrations reported in number per cubic centimeter, binned to 100 m altitude
UNCERTAINTY: Counting uncertainty dominated by air flow, less than 5 percent
ULOD_FLAG: -77777
ULOD_VALUE: 3000 ~3000 per cm3 (varies depending on flow rate- manufacturer quotes 1250  per cm3 at 1.667 cc/s)
LLOD_FLAG: -88888
LLOD_VALUE: 0 0 (varies depending on data field and measurement precision)
DM_CONTACT_INFO: Troy Thornberry, 325 Broadway R/CSL6, Boulder, CO 80305; troy.thornberry@noaa.gov; 303-497-3373
PROJECT_INFO: B2SAP Boulder, CO, USA
STIPULATIONS_ON_USE: Please contact the PIs for questions regarding applications and uncertainties
OTHER_COMMENTS: POPS bin Edges (nm):  140, 170, 205, 249, 302, 366, 443, 537, 651, 789, 956, 1159, 1404, 1702, 2062, 2500
Calculations assume sulfate refractive index of 1.45+0.00j and extinction wavelength = 532 nm
REVISION: R0
R0: QA/QC data
TIME_START,TIME_STOP,TIME_MID,GPSAlt,GPS_Lon,GPS_Lat,iMet_Pressure,iMet_Temperature,THETA,Aerosol_concentration,Surface_Area_Conc,Volume_density,Effective_radius,Extinction,Bin01,Bin02,Bin03,Bin04,Bin05,Bin06,Bin07,Bin08,Bin09,Bin10,Bin11,Bin12,Bin13,Bin14,Bin15
57677,60852,59264,12.9,-95.5907,44.4948,453.439,-24.5838,333.47,364.852,44.118,1895.11,0.128866,0.00638594,156.46,112.082,57.7173,23.5704,11.0513,2.15846,1.16557,0.345354,0.057559,0.057559,0.057559,0.057559,0.0431693,0.0143898,0.0143898
57682,60837,59260,12.8,-99.0401,43.0274,375.926,-34.2505,337.667,264.502,32.4921,1413.62,0.13052,0.00497447,111.805,80.8762,42.6122,18.5838,7.48644,1.60694,0.907447,0.207957,0.189051,0.0756206,0.0189051,0.0567154,0.0567154,0.0189051,0
57683,60819,59251,12.7,-102.165,41.4138,286.772,-45.1111,342.635,152.56,19.0933,985.71,0.154878,0.00310541,64.5157,47.3427,23.8751,10.1449,4.82798,1.07967,0.448167,0.142599,0.0407424,0.0611137,0,0,0.0407424,0,0.0407424
57689,60867,59278,13,-99.3775,42.1957,316.273,-42.11,341.709,199.634,24.4757,1030.47,0.126305,0.00394421,84.9693,62.1077,31.3146,12.6795,5.90064,1.18013,0.741011,0.411673,0.164669,0.0823346,0.0548897,0,0.0274449,0,0
57705,60798,59252,12.6,-103.981,40.541,238.135,-51.6515,343.892,83.0201,10.7567,486.436,0.135666,0.00194183,34.0788,25.4315,13.001,6.24528,2.55216,0.900761,0.45038,0.180152,0.120101,0,0.0300254,0,0.0300254,0,0
57706,60783,59244,12.5,-103.32,41.0183,271.346,-47.7025,341.058,122.394,15.1791,638.38,0.12617,0.00253003,52.776,36.2729,19.2859,8.22735,3.99268,0.992122,0.435566,0.169387,0.12099,0.0967924,0,0,0.0241981,0,0
57714,58811,58262,1.8,-105.197,39.9492,825.801,21.779,311.509,785.675,93.9492,4005.17,0.127894,0.0128963,332.892,243.337,129.181,52.5437,20.5003,4.26724,1.81665,0.455922,0.230776,0.110463,0.0696548,0.109056,0.079505,0.042215,0.0401043
58101,58800,58450,1.7,-105.197,39.9491,825.996,21.8986,311.613,811.724,97.3806,4205.84,0.129569,0.0134442,342.665,250.555,133.999,55.5724,21.662,4.38576,1.6926,0.466925,0.291828,0.108393,0.0500277,0.100055,0.0750415,0.0416897,0.0583656
58812,58836,58824,1.9,-105.198,39.9492,814.124,18.8008,309.615,845.279,103.181,5037.03,0.146452,0.015312,360.596,255.937,142.381,58.0667,20.1224,4.82272,1.88474,0.526619,0.277168,0.110867,0.0831504,0.166301,0.0554336,0.138584,0.110867
58837,58851,58844,2,-105.198,39.9492,805.96,17.9056,309.563,837.515,99.4544,3959.73,0.119444,0.0133775,357.701,254.057,137.835,58.9469,20.8563,5.01506,1.9105,0.517427,0.238812,0.19901,0.119406,0.0398021,0.0398021,0.0398021,0
58856,58868,58862,2.1,-105.198,39.9491,795.602,17.324,310.087,674.289,79.3695,3156.06,0.119292,0.0100981,286.861,209.232,111.175,45.4448,16.3429,3.08222,1.36191,0.215038,0.143359,0.0716794,0.143359,0.143359,0.0716794,0,0
58870,58886,58878,2.2,-105.198,39.9487,786.642,17.685,311.476,467.096,51.3084,2182.06,0.127585,0.00605058,230.426,142.489,58.8148,23.6881,9.27707,1.4411,0.510389,0.180137,0.0600458,0.0600458,0,0,0.0900687,0,0.0600458
58888,58904,58896,2.3,-105.198,39.9481,777.638,17.2657,312.049,390.842,43.5328,1903.58,0.131182,0.00542051,189.553,122.143,50.2268,19.9329,6.69521,1.2474,0.458227,0.101828,0.178199,0.0254571,0.0763712,0.127285,0.0254571,0.0254571,0.0254571
58907,58923,58915,2.4,-105.199,39.9473,768.099,16.35,312.167,372.592,41.7645,1740.08,0.124992,0.00507589,171.268,119.639,53.9528,18.4807,6.85974,1.33133,0.654383,0.112825,0.112825,0.0225649,0.0676948,0,0.0451299,0.0225649,0.0225649
58924,58941,58932,2.5,-105.199,39.9465,759.628,15.5635,312.31,324.991,36.7408,1521.11,0.124203,0.00456253,148.711,103.866,45.8209,17.1696,7.34322,1.1885,0.573026,0.127339,0.0424464,0.0424464,0,0.0212232,0.0212232,0.0636695,0
58942,58959,58950,2.6,-105.199,39.9459,750.179,14.5689,312.346,330.091,37.7359,1607.14,0.127767,0.00478913,148.992,105.281,48.1707,18.6871,6.6999,1.37227,0.363248,0.242165,0.0807217,0.0403609,0.0403609,0.0403609,0.0403609,0.0201804,0.0201804
58960,58977,58968,2.7,-105.199,39.9453,741.385,13.61,312.353,398.638,46.0759,1957.18,0.127432,0.00577908,170.148,133.084,61.8722,22.5073,8.20102,1.73133,0.592296,0.182245,0.113903,0,0.0455612,0.0227806,0.0911225,0.0227806,0.0227806
58978,58996,58987,2.8,-105.2,39.9446,732.126,12.6718,312.453,507.068,59.2241,2556.43,0.129496,0.00744961,210.252,169.836,81.3877,31.8362,10.6549,2.07534,0.406511,0.192558,0.0855812,0.106976,0.0213953,0.0427906,0.106976,0.0213953,0.0427906
58997,59014,59006,2.9,-105.2,39.9438,724.017,11.8333,312.533,494.775,57.3137,2393.65,0.125292,0.00705381,209.162,161.585,79.8633,30.9767,9.96007,2.07121,0.609179,0.243671,0.0913768,0.0304589,0.0304589,0,0.0913768,0.0304589,0.0304589
59017,59033,59025,3,-105.2,39.943,714.903,10.8513,312.583,496.572,57.275,2290.01,0.119948,0.00677198,208.1,163.473,81.8521,30.7234,9.36973,2.01276,0.532108,0.161946,0.0231351,0.0694054,0.0231351,0.0925405,0.115676,0.0231351,0
59034,59052,59043,3.1,-105.2,39.9421,706.466,10.0576,312.765,476.32,54.9421,2151.48,0.117477,0.00646328,199.465,156.802,76.4443,30.6853,10.1066,1.89229,0.51608,0.107517,0.0430067,0.0430067,0.0860133,0.0860133,0.0215033,0.0215033,0
59053,59070,59062,3.2,-105.2,39.9412,698.206,9.22176,312.893,454.243,53.0011,2179.97,0.123392,0.00643148,188.378,149.373,73.717,30.5066,9.71852,1.5907,0.479389,0.108952,0.0653712,0.0435808,0.0653712,0.152533,0.0217904,0,0.0217904
59071,59090,59080,3.3,-105.2,39.9404,689.623,8.2945,312.974,452.548,52.067,2033.78,0.117182,0.00605608,186.261,150.664,75.527,28.0322,8.95988,2.23068,0.576258,0.167301,0.018589,0.018589,0.018589,0.018589,0.018589,0.018589,0.018589
59091,59108,59100,3.4,-105.2,39.9395,681.177,7.29278,312.957,462.971,54.111,2145.26,0.118937,0.0065845,189.567,151.099,77.4494,31.2591,10.5361,2.03328,0.636683,0.102691,0.0821527,0.0821527,0,0.0410763,0.0616145,0,0.0205382
59109,59127,59118,3.5,-105.2,39.9386,673.1,6.37789,312.998,476.869,56.6862,2413.74,0.127742,0.00725376,192.694,156.528,80.0655,32.5431,11.3177,2.56507,0.744067,0.117484,0.0979036,0,0.0391614,0.0391614,0.0587421,0.0195807,0.0391614
59128,59144,59136,3.6,-105.2,39.9376,665.174,5.46824,313.04,465.353,55.1758,2295.13,0.12479,0.00690544,185.066,153.384,80.7901,31.7256,11.3243,2.18114,0.484697,0.13219,0.066095,0.0440633,0.0220317,0.0440633,0.0220317,0.0440633,0.0220317
59145,59162,59154,3.7,-105.2,39.9367,657.272,4.52471,313.05,481.149,57.2989,2274.09,0.119064,0.00717553,192.152,153.607,84.6048,34.2155,13.0753,2.54913,0.505432,0.175802,0.0879011,0.0659259,0.0219753,0.0219753,0.0439506,0,0.0219753
59163,59178,59170,3.8,-105.2,39.9358,648.992,3.59357,313.129,482.286,57.9158,2202.32,0.114079,0.00734012,185.992,154.922,89.964,34.746,12.1812,3.11239,0.965913,0.160985,0.0804927,0.0804927,0.0268309,0,0.0536618,0,0
59179,59196,59188,3.9,-105.2,39.9349,641.186,2.81353,313.325,422.068,50.319,1897.18,0.113109,0.0062185,164.508,136.848,75.0437,31.5598,10.7651,2.2288,0.757792,0.156016,0.089152,0.022288,0.044576,0.044576,0,0,0
59197,59215,59206,4,-105.199,39.9339,633.321,2.07944,313.601,365.264,44.1313,1687.1,0.114687,0.00559243,137.073,121.231,66.1719,27.6658,10.1288,1.96716,0.75338,0.0627816,0.0837089,0.0418544,0.0418544,0.0209272,0.0209272,0,0
59216,59231,59224,4.1,-105.199,39.9328,625.781,1.292,313.775,336.67,41.5632,1814.79,0.13099,0.00568749,127.592,107.796,63.5677,25.498,9.35266,1.85026,0.709687,0.101384,0.025346,0.025346,0,0.025346,0.0506919,0.0760379,0
59232,59248,59240,4.2,-105.198,39.9319,617.869,0.522353,314.032,307.345,38.2364,1568.07,0.12303,0.00543403,117.347,97.0609,56.4219,24.3878,8.64943,2.11777,0.735648,0.356678,0.0891694,0.0222924,0.0445847,0.0668771,0.0445847,0,0
59249,59267,59258,4.3,-105.197,39.9309,610.178,-0.117368,314.42,204.983,24.9811,1056.72,0.126902,0.00337172,78.3534,67.8394,36.478,15.0487,5.03629,1.64532,0.361168,0.0802595,0.0802595,0,0,0.0401298,0,0,0.0200649
59268,59285,59276,4.4,-105.196,39.9296,602.417,-0.803889,314.784,124.4,14.743,572.327,0.116461,0.00190747,50.5788,40.4716,20.9394,8.31607,2.77202,0.874254,0.319849,0.0213233,0.0639698,0,0,0.0426465,0,0,0
59287,59302,59294,4.5,-105.195,39.9283,594.691,-1.56812,315.057,133.747,15.224,552.812,0.108936,0.00170782,57.9891,40.9885,22.7394,8.30816,2.76138,0.744373,0.12006,0.0720361,0,0,0.024012,0,0,0,0
59303,59320,59312,4.6,-105.195,39.9271,587.696,-1.78,315.875,13.5992,1.6608,91.0518,0.164473,0.000266335,6.77831,3.98598,1.64129,0.767355,0.319731,0.0426309,0,0.0213154,0,0,0.0213154,0.0213154,0,0,0
59321,59336,59328,4.7,-105.195,39.9257,580.832,-2.17687,316.477,6.82028,0.834334,52.6423,0.189285,0.000136245,3.72234,1.87318,0.696438,0.336211,0.144091,0,0.0240151,0,0,0,0,0,0.0240151,0,0
59337,59353,59345,4.8,-105.195,39.9244,572.941,-2.98529,316.769,6.31105,0.623243,20.9045,0.100624,6.40835e-05,4.05548,1.41258,0.387321,0.296187,0.113918,0.0227836,0.0227836,0,0,0,0,0,0,0,0
59354,59371,59362,4.9,-105.195,39.9231,565.65,-3.69778,317.089,6.65843,0.648704,25.9294,0.119913,9.02904e-05,4.4605,1.35754,0.64645,0.150838,0.0215483,0,0,0,0,0.0215483,0,0,0,0,0
59372,59386,59379,5,-105.196,39.9217,558.852,-4.26667,317.515,5.86595,0.497933,14.3067,0.0861968,2.6581e-05,4.32228,1.08057,0.334462,0.102911,0.0257279,0,0,0,0,0,0,0,0,0,0
59387,59406,59396,5.1,-105.196,39.9198,551.501,-4.7345,318.169,6.10681,0.566525,18.7462,0.0992695,5.9539e-05,4.39228,1.15586,0.288966,0.173379,0.0192644,0.0385288,0.0385288,0,0,0,0,0,0,0,0
59407,59423,59415,5.2,-105.196,39.918,544.605,-5.14824,318.82,6.31547,0.63742,21.2787,0.100148,6.2492e-05,3.62513,1.59597,0.752385,0.227995,0.0683986,0.0227995,0.0227995,0,0,0,0,0,0,0,0
59424,59441,59432,5.3,-105.197,39.9163,538.015,-5.79833,319.153,7.63548,0.833613,30.0633,0.108192,0.00010654,4.31104,1.82308,0.772127,0.407511,0.235928,0.0428959,0.0428959,0,0,0,0,0,0,0,0
59442,59458,59450,5.4,-105.197,39.9147,530.604,-6.55765,319.508,10.7775,1.82976,198.087,0.324776,0.000571437,5.74193,2.6659,1.16206,0.751919,0.159498,0.113927,0.0455709,0,0.0455709,0,0.0227854,0.0227854,0.0227854,0.0227854,0
59459,59476,59468,5.5,-105.198,39.9132,524.071,-7.02944,320.072,13.6274,1.5282,57.4426,0.112765,0.000213479,7.12782,3.53141,1.64655,0.866605,0.324977,0.0649954,0.0216651,0.0216651,0.0216651,0,0,0,0,0,0
59477,59495,59486,5.6,-105.198,39.9116,517.224,-7.53947,320.67,9.71498,1.02025,37.9604,0.111621,0.000143827,5.80429,2.367,0.823303,0.535147,0.0617478,0.0411652,0.0617478,0,0.0205826,0,0,0,0,0,0
59496,59513,59504,5.7,-105.199,39.9103,510.606,-8.25611,320.981,8.55945,0.740397,22.1263,0.0896531,4.96085e-05,6.49562,1.32519,0.499663,0.152071,0.043449,0.043449,0,0,0,0,0,0,0,0,0
59514,59530,59522,5.8,-105.199,39.9089,504.228,-9.05588,321.161,5.0372,0.421067,14.8017,0.105458,5.40456e-05,4.41617,0.483019,0.0690027,0.0230009,0.0230009,0,0,0,0.0230009,0,0,0,0,0,0
59531,59547,59539,5.9,-105.199,39.9073,497.401,-9.81882,321.481,2.63444,0.200504,5.3373,0.0798581,7.79414e-06,2.33402,0.254201,0,0.0462183,0,0,0,0,0,0,0,0,0,0,0
59548,59565,59556,6,-105.199,39.9057,491.309,-10.5844,321.674,2.67363,0.226846,6.57905,0.0870069,1.3013e-05,2.02998,0.445605,0.123779,0.0495117,0.0247558,0,0,0,0,0,0,0,0,0,0
59566,59581,59574,6.1,-105.199,39.9043,485.327,-11.3627,321.854,3.9285,0.402293,13.4994,0.100668,3.96374e-05,2.25624,1.00867,0.398159,0.13272,0.106176,0.0265439,0,0,0,0,0,0,0,0,0
59582,59597,59590,6.2,-105.2,39.9027,478.879,-12.1487,322.115,6.59791,0.76921,35.387,0.138013,0.000158077,3.774,1.5835,0.738966,0.237525,0.15835,0.0263916,0.0527833,0,0,0.0263916,0,0,0,0,0
59598,59614,59606,6.3,-105.2,39.901,472.377,-13.0327,322.278,7.54719,0.857631,33.7597,0.118092,0.000143964,4.18406,1.88018,0.820922,0.344258,0.18537,0.0529627,0.0264814,0.0529627,0,0,0,0,0,0,0
59616,59632,59624,6.4,-105.2,39.8993,466.177,-13.9453,322.359,8.38561,1.24828,107.803,0.259083,0.000351523,5.27896,1.8453,0.443807,0.490523,0.0934329,0.0934329,0,0.0467165,0.0233582,0,0.0467165,0,0.0233582,0,0
59633,59650,59642,6.5,-105.201,39.8978,460.394,-14.8021,322.439,8.08464,1.05976,72.9764,0.206584,0.000262436,5.27509,1.43345,0.630717,0.401365,0.200683,0,0.0286689,0.0573379,0.0286689,0,0,0,0.0286689,0,0
59651,59665,59658,6.6,-105.201,39.8963,454.276,-15.8171,322.412,8.73611,1.04014,47.8123,0.137901,0.000247667,5.32759,1.80451,0.859289,0.372359,0.171858,0.0572859,0.028643,0.0572859,0.0572859,0,0,0,0,0,0
59666,59682,59674,6.7,-105.201,39.895,448.16,-16.7527,322.484,9.94471,1.33073,77.0657,0.173737,0.000311655,5.60227,2.19802,0.93818,0.643323,0.294857,0.0536103,0.107221,0.0804154,0,0,0,0.0268051,0,0,0
59683,59698,59690,6.8,-105.202,39.8933,442.432,-17.3553,322.908,23.4794,2.9748,143.274,0.144487,0.000573097,11.392,6.12389,3.26251,1.60451,0.668547,0.187193,0.133709,0.0267419,0.0267419,0.0267419,0.0267419,0,0,0,0
59701,59718,59710,6.9,-105.203,39.8909,436.248,-17.6112,323.883,33.0905,4.66631,238.038,0.153036,0.00100287,14.6911,8.12501,4.93641,2.71621,1.62972,0.519622,0.30705,0.0944768,0,0.0236192,0,0.0472384,0,0,0
59719,59735,59727,7,-105.203,39.8889,430.452,-17.6541,325.065,26.2986,3.60811,163.756,0.136157,0.000778385,11.5486,6.63985,3.84163,2.18167,1.32797,0.37942,0.260851,0.0711413,0,0.0474275,0,0,0,0,0
59737,59757,59747,7.1,-105.204,39.8862,424.842,-18.2806,325.496,34.5884,5.12677,264.647,0.154862,0.00130486,14.8813,8.10628,5.56266,3.04282,1.73536,0.57053,0.404125,0.0950883,0.11886,0.0475441,0,0.0237721,0,0,0
59758,59778,59768,7.2,-105.205,39.8831,418.742,-19.2365,325.615,17.9677,2.59642,127.707,0.147557,0.000659316,7.72421,4.53946,2.85202,1.28341,0.903139,0.308969,0.213901,0.0713004,0.0237668,0.0475336,0,0,0,0,0
59779,59799,59789,7.3,-105.206,39.88,412.951,-20.0176,325.905,19.1243,2.82111,184.096,0.19577,0.000733217,8.44175,5.17709,2.56923,1.50677,0.714748,0.38635,0.212493,0.038635,0.038635,0.0193175,0,0,0,0.0193175,0
59800,59819,59810,7.4,-105.207,39.8772,407.349,-20.8078,326.155,13.523,1.89985,108.522,0.171364,0.000483036,6.98765,3.18854,1.53773,0.836708,0.474889,0.226137,0.113069,0.090455,0.0452275,0,0,0,0.0226137,0,0
59820,59838,59829,7.5,-105.208,39.8746,402.299,-21.5488,326.362,17.0502,2.55749,181.819,0.213279,0.000689558,8.12943,4.17263,2.18224,1.15107,0.695438,0.359709,0.239806,0.0959225,0,0,0,0,0,0.0239806,0
59841,59859,59850,7.6,-105.209,39.8717,397.132,-22.36,326.517,19.3457,2.82673,154.786,0.164274,0.000735188,9.45563,3.93559,2.76002,1.76335,0.66445,0.408892,0.127779,0.127779,0.0511115,0.0255558,0,0.0255558,0,0,0
59860,59880,59870,7.7,-105.21,39.8686,391.073,-23.2671,326.765,23.8739,3.32099,164.657,0.148742,0.000801151,11.2943,5.74454,3.15463,2.00572,0.915232,0.253149,0.253149,0.175257,0.058419,0,0.019473,0,0,0,0
59881,59897,59889,7.8,-105.211,39.8659,386.186,-23.9918,326.988,28.4457,4.1118,208.112,0.15184,0.00100347,11.9506,7.33384,4.47244,2.62095,1.13013,0.336635,0.360681,0.120227,0.0721361,0.0240454,0.0240454,0,0,0,0
59898,59914,59906,7.9,-105.212,39.8635,380.823,-24.5147,327.605,25.7641,3.63252,180.787,0.149307,0.000790355,11.0314,6.87041,3.62874,2.20144,1.20958,0.387066,0.290299,0.0967664,0.0241916,0,0,0,0.0241916,0,0
59915,59934,59924,8,-105.213,39.8609,375.576,-25.25,327.944,22.7517,3.22592,159.534,0.148362,0.000731542,10.153,5.5492,3.02123,2.21968,1.08929,0.390499,0.164421,0.102763,0.0205526,0.0205526,0.0205526,0,0,0,0
59935,59953,59944,8.1,-105.215,39.8583,370.57,-26.0053,328.197,20.2259,2.6078,112.482,0.129399,0.000507833,9.39527,5.19785,2.87078,1.45714,0.826436,0.239231,0.173987,0.0217483,0.0217483,0.0217483,0,0,0,0,0
59954,59971,59962,8.2,-105.216,39.8557,365.534,-26.7844,328.441,19.8043,2.90706,165.986,0.171292,0.000736225,9.16354,4.93954,2.51593,1.50033,1.1541,0.138492,0.161574,0.11541,0.0692459,0,0.023082,0.023082,0,0,0
59972,59989,59980,8.3,-105.218,39.8534,360.325,-27.4333,328.919,17.0906,2.24215,109.034,0.145888,0.000425433,8.17775,4.24967,2.22821,1.37827,0.689136,0.229712,0.0459424,0.0459424,0.0229712,0,0,0.0229712,0,0,0
59990,60009,60000,8.4,-105.22,39.8511,355.202,-28.095,329.383,16.8807,2.31512,119.334,0.154637,0.000515691,8.32561,3.73505,2.19095,1.52323,0.625986,0.292127,0.0417324,0.0834648,0.0208662,0.0208662,0,0.0208662,0,0,0
60010,60026,60018,8.5,-105.221,39.8489,350.565,-28.8506,329.605,15.0376,2.2837,157.357,0.206714,0.000715215,7.64124,3.64918,1.98378,0.930663,0.293894,0.22042,0.0734734,0.0489823,0.0734734,0.0734734,0.0244911,0.0244911,0,0,0
