data/B2SAP/Locations/Boulder/NOAA-POPS-B2SAP_GMLBalloon_20240312_R0.ict
82,1001
Thornberry, T. D.
NOAA Chemical Sciences Laboratory
Portable Optical Particle Spectrometer (POPS)
Balloon Baseline Stratospheric Aerosol Profiles (B2SAP)
1,1
2024,03,12,2024,05,28
0
TIME_START,s,Seconds since midnight UTC on flight start day,Start time of 100 m altitude bin in UTC_seconds_since_midnight
49
1.0,1.0,1.0,1.0,1.0,1.0,1.0,1.0,1.0,1.0,1.0,1.0,1.0,1.0,1.0,1.0,1.0,1.0,1.0,1.0,1.0,1.0,1.0,1.0,1.0,1.0,1.0,1.0,1.0,1.0,1.0,1.0,1.0,1.0,1.0,1.0,1.0,1.0,1.0,1.0,1.0,1.0,1.0,1.0,1.0,1.0,1.0,1.0,1.0
99999,99999,99999,99999,99999,99999,99999,99999,99999,99999,99999,99999,99999,99999,99999,99999,99999,99999,99999,99999,99999,99999,99999,99999,99999,99999,99999,99999,99999,99999,99999,99999,99999,99999,99999,99999,99999,99999,99999,99999,99999,99999,99999,99999,99999,99999,99999,99999,99999
TIME_STOP,s,End time of 100 m altitude bin in UTC seconds since midnight,
TIME_MID,s,Mid time of 100 m altitude in UTC seconds since midnight,
GPSAlt,km,GPS reported altitude above sea level (km),
GPS_Lon,deg,GPS reported longitude,
GPS_Lat,deg,GPS reported latitude,
iMet_Pressure,hPa,Pressure reported (hPa),
iMet_Temperature,degrees C,Ambient temperature (oC),
THETA,K,Potential temperature from iMet,
Aerosol_concentration,cm^-3,Aerosol concentration,
Surface_Area_Conc,um^2 cm^-3,Surface area concentration,
Volume_density,um^3 cm^-3,Volume density,
Effective_radius,um,Effective radius,
Extinction,km^-1,Extinction,
Bin01,cm^-3,particle concentration in size range [140 - 146.14 nm],
Bin02,cm^-3,particle concentration in size range [146.14 - 152.56 nm],
Bin03,cm^-3,particle concentration in size range [152.56 - 159.25 nm],
Bin04,cm^-3,particle concentration in size range [159.25 - 166.24 nm],
Bin05,cm^-3,particle concentration in size range [166.24 - 173.54 nm],
Bin06,cm^-3,particle concentration in size range [173.54 - 181.16 nm],
Bin07,cm^-3,particle concentration in size range [181.16 - 189.11 nm],
Bin08,cm^-3,particle concentration in size range [189.11 - 197.41 nm],
Bin09,cm^-3,particle concentration in size range [197.41 - 206.07 nm],
Bin10,cm^-3,particle concentration in size range [206.07 - 215.12 nm],
Bin11,cm^-3,particle concentration in size range [215.12 - 224.56 nm],
Bin12,cm^-3,particle concentration in size range [224.56 - 234.41 nm],
Bin13,cm^-3,particle concentration in size range [234.41 - 244.70 nm],
Bin14,cm^-3,particle concentration in size range [244.70 - 361.30 nm],
Bin15,cm^-3,particle concentration in size range [361.30 - 472.80 nm],
Bin16,cm^-3,particle concentration in size range [472.80 - 567.00 nm],
Bin17,cm^-3,particle concentration in size range [567.00 - 610.66 nm],
Bin18,cm^-3,particle concentration in size range [610.66 - 657.69 nm],
Bin19,cm^-3,particle concentration in size range [657.69 - 708.33 nm],
Bin20,cm^-3,particle concentration in size range [708.33 - 762.88 nm],
Bin21,cm^-3,particle concentration in size range [762.88 - 821.62 nm],
Bin22,cm^-3,particle concentration in size range [821.62 - 884.89 nm],
Bin23,cm^-3,particle concentration in size range [884.89 - 953.03 nm],
Bin24,cm^-3,particle concentration in size range [953.03 - 1026.42 nm],
Bin25,cm^-3,particle concentration in size range [1026.42 - 1105.46 nm],
Bin26,cm^-3,particle concentration in size range [1105.46 - 1190.59 nm]],
[...]
LOCATION: Boulder, CO, USA
ASSOCIATED_DATA: N/A
INSTRUMENT_INFO: Printed Optical Particle Spectrometer counts particles from 140 - 2500 nm in diameter 
DATA_INFO: Particle concentrations reported in number per cubic centimeter, binned to 100 m altitude
UNCERTAINTY: Counting uncertainty dominated by air flow, less than 5 percent
ULOD_FLAG: -77777
ULOD_VALUE: 3000 ~3000 per cm3 (varies depending on flow rate- manufacturer quotes 1250  per cm3 at 1.667 cc/s)
LLOD_FLAG: -88888
LLOD_VALUE: 0 0 (varies depending on data field and measurement precision)
DM_CONTACT_INFO: Troy Thornberry, 325 Broadway R/CSL6, Boulder, CO 80305; troy.thornberry@noaa.gov; 303-497-3373
PROJECT_INFO: B2SAP Boulder, CO, USA
STIPULATIONS_ON_USE: Please contact the PIs for questions regarding applications and uncertainties
OTHER_COMMENTS: POPS bin Edges (nm):  140, 146.14, 152.56, 159.25, 166.24, 173.54, 181.16, 189.11, 197.41, 206.07, 215.12, 224.56, 234.41, 244.70, 361.30, 472.80, 567.00, 610.66, 657.69, 708.33, 762.88, 821.62, 884.89, 953.03, 1026.42, 1105.46, 1190.59, 1282.27, 1381.01, 1487.36, 1601.89, 1725.25, 1858.10, 2001.18, 2155.28, 2321.25, 2500
Calculations assume sulfate refractive index of 1.45+0.00j and extinction wavelength = 532 nm
REVISION: R0
R0: QA/QC data
TIME_START,TIME_STOP,TIME_MID,GPSAlt,GPS_Lon,GPS_Lat,iMet_Pressure,iMet_Temperature,THETA,Aerosol_concentration,Surface_Area_Conc,Volume_density,Effective_radius,Extinction,Bin01,Bin02,Bin03,Bin04,Bin05,Bin06,Bin07,Bin08,Bin09,Bin10,Bin11,Bin12,Bin13,Bin14,Bin15,Bin16,Bin17,Bin18,Bin19,Bin20,Bin21,Bin22,Bin23,Bin24,Bin25,Bin26,Bin27,Bin28,Bin29,Bin30,Bin31,Bin32,Bin33,Bin34,Bin35,Bin36
56701,57237,56969,1.8,-105.197,39.9491,821.75,10.86,300.396,111.113,15.6862,736.345,0.140827,0.0037789,15.0559,13.592,11.4028,10.194,9.09266,7.06461,6.27219,5.39919,4.47246,3.98895,3.58603,2.8742,2.64587,10.9058,2.73989,1.30279,0.0805849,0.134308,0.134308,0.0537233,0.0134308,0.0402925,0.0671541,0,0,0,0,0,0,0,0,0,0,0,0,0
56709,57392,57050,1.8,-105.197,39.9491,821.179,10.8158,300.409,111.147,15.7205,736.493,0.140547,0.00380864,15.4716,13.609,11.4887,9.62421,8.81122,7.28257,6.4753,5.53445,4.55924,4.02679,3.36265,2.92371,2.4447,10.7521,2.81684,1.46567,0.150766,0.103055,0.0935131,0.0286264,0.0362602,0.0381686,0.0477107,0,0,0,0,0,0,0,0,0,0,0,0,0
57393,57411,57402,1.9,-105.197,39.9487,807.256,8.86444,299.806,111.363,15.9788,762.243,0.14311,0.00398082,15.4442,13.3957,11.1263,9.64009,8.91708,7.49115,6.32631,5.66355,4.69954,3.61503,3.71545,3.01253,2.41002,10.9455,2.89203,1.50626,0.220919,0.080334,0.080334,0,0.0602505,0.040167,0.080334,0,0,0,0,0,0,0,0,0,0,0,0,0
57412,57437,57424,2,-105.197,39.9488,797.116,7.75577,299.709,113.68,15.9567,733.593,0.137921,0.00374017,15.8792,13.4094,11.3163,10.1442,8.77679,7.56283,6.43259,5.95817,5.06514,4.31165,3.58607,2.9163,2.40001,11.3024,2.76281,1.33954,0.167443,0.097675,0.139536,0.0558143,0.0139536,0.0139536,0.0279071,0,0,0,0,0,0,0,0,0,0,0,0,0
57438,57465,57452,2.1,-105.196,39.9488,788.245,6.8375,299.684,107.782,15.4409,730.682,0.141963,0.00380803,14.414,13.0346,11.2882,9.79495,8.21308,7.01086,6.68183,5.15058,4.27738,3.59401,3.34091,2.70817,2.73347,10.7188,2.89799,1.44267,0.12655,0.0759299,0.0885848,0.0632749,0.0379649,0.0379649,0.0506199,0,0,0,0,0,0,0,0,0,0,0,0,0
57466,57506,57486,2.2,-105.194,39.9485,778.512,5.86564,299.707,129.928,17.6632,827.186,0.140493,0.00423396,20.9609,16.8357,14.3867,11.5187,10.2709,8.1292,7.01179,5.95955,5.32635,4.20893,3.48261,3.26844,2.55143,10.8762,3.05427,1.41539,0.20486,0.0651826,0.130365,0.0372472,0.0744944,0.111742,0.046559,0,0,0,0,0,0,0,0,0,0,0,0,0
57506,57530,57518,2.3,-105.192,39.9476,768.651,4.90565,299.766,106.707,15.2269,715.589,0.140985,0.00373392,14.8169,13.1672,10.6147,9.22946,8.12442,7.12832,6.19448,5.2762,4.498,3.891,3.29957,2.83265,2.21009,10.7547,2.89491,1.12061,0.202332,0.140076,0.186768,0.0622561,0.015564,0.015564,0.031128,0,0,0,0,0,0,0,0,0,0,0,0,0
57532,57554,57543,2.4,-105.19,39.9467,759.421,3.95348,299.771,107.995,15.5858,741.308,0.142689,0.0038851,15.3142,12.8658,10.7293,8.96705,8.62397,7.01769,6.05081,5.64534,4.22621,3.91431,3.29052,2.97862,2.40161,11.1191,2.82267,1.49711,0.187138,0.0779744,0.109164,0.0311897,0.0311897,0.0311897,0.0623795,0,0,0,0,0,0,0,0,0,0,0,0,0
57554,57573,57564,2.5,-105.189,39.9459,750.122,2.9905,299.782,105.103,15.3267,745.103,0.145845,0.00392353,14.2153,11.8221,11.0843,9.35688,8.29524,7.01766,5.56015,5.63212,4.64245,3.83272,3.16694,2.60913,2.12329,10.9943,2.78907,1.42153,0.125958,0.053982,0.107964,0.053982,0.035988,0.071976,0.08997,0,0,0,0,0,0,0,0,0,0,0,0,0
57574,57590,57582,2.6,-105.188,39.9451,740.979,2.03529,299.795,107.018,15.2989,708.719,0.138974,0.00360148,14.6692,11.8741,10.9857,9.55558,8.1905,6.73874,6.06704,5.65534,5.11364,3.77023,3.20686,2.81684,2.31847,11.3107,3.14186,1.17007,0.195012,0.0866719,0.043336,0,0.021668,0.043336,0.043336,0,0,0,0,0,0,0,0,0,0,0,0,0
57591,57606,57598,2.7,-105.186,39.9445,731.798,1.046,299.784,113.57,16.0247,744.293,0.13934,0.00381548,15.3985,13.2308,11.2125,10.7142,9.8421,7.40026,6.25409,6.50326,4.03651,4.31059,2.94017,2.91526,2.74084,11.362,2.79067,1.39534,0.199334,0.0747501,0.0996668,0.0747501,0,0.0249167,0.0498334,0,0,0,0,0,0,0,0,0,0,0,0,0
57606,57623,57614,2.8,-105.185,39.9439,722.727,0.0494118,299.76,109.519,15.7784,768.636,0.146143,0.00406416,16.1944,13.1388,11.1091,9.01385,8.31544,7.22417,6.24203,5.91466,4.99799,3.66665,2.85911,2.94641,2.40078,10.6289,2.81546,1.33134,0.196428,0.174602,0.130952,0.0218253,0.0218253,0.0654759,0.109126,0,0,0,0,0,0,0,0,0,0,0,0,0
57623,57646,57634,2.9,-105.183,39.9429,713.877,-0.823333,299.856,110.229,15.8077,749.791,0.142296,0.00392589,16.1744,13.0026,11.1387,9.24464,8.46298,6.98985,6.52386,5.35137,4.93048,3.84818,3.72792,2.43517,2.60053,10.6877,3.06652,1.56332,0.150319,0.0751597,0.105224,0,0.0450958,0.0601277,0.0450958,0,0,0,0,0,0,0,0,0,0,0,0,0
57647,57682,57664,3,-105.18,39.9416,705.164,-1.676,299.968,107.41,15.568,730.189,0.14071,0.00378959,14.0068,12.4238,10.3931,9.0289,8.31034,7.78964,6.50872,5.08201,4.84249,4.09268,3.62406,2.79094,2.20776,11.3512,3.1346,1.38506,0.10414,0.0728977,0.124967,0.0624837,0.010414,0.0312419,0.0312419,0,0,0,0,0,0,0,0,0,0,0,0,0
57682,57721,57702,3.1,-105.175,39.9399,696.233,-2.50872,300.139,109.302,15.6893,735.361,0.140611,0.00377718,14.2721,13.1056,11.0478,9.53999,8.09856,7.19767,6.37264,5.70882,4.4855,4.29584,3.21477,3.18632,2.6363,11.4745,2.85441,1.31815,0.161213,0.0474155,0.132763,0.0379324,0.0379324,0.0189662,0.0568986,0,0,0,0,0,0,0,0,0,0,0,0,0
57721,57753,57737,3.2,-105.171,39.9384,688.038,-2.95806,300.655,102.303,15.5703,771.123,0.148576,0.00410732,12.9541,10.9356,9.33266,7.99094,7.84846,7.04105,5.91306,5.33125,5.03441,4.12014,3.44335,2.71906,2.76655,12.0161,2.93278,1.21111,0.237472,0.106863,0.118736,0.0474945,0.0474945,0.0356208,0.118736,0,0,0,0,0,0,0,0,0,0,0,0,0
57754,57785,57770,3.3,-105.167,39.9365,679.458,-3.43032,301.208,100.988,15.7362,774.755,0.147702,0.00423939,12.3656,10.7532,9.84032,8.20422,7.36246,6.23616,5.73821,5.34697,4.30366,3.9717,3.28406,2.92838,2.66756,12.4723,3.08251,1.95621,0.165981,0.0829907,0.106702,0.0355674,0.0118558,0,0.0711348,0,0,0,0,0,0,0,0,0,0,0,0,0
57786,57818,57802,3.4,-105.164,39.9351,670.714,-3.09857,302.697,91.9325,14.5776,725.057,0.149214,0.00399957,11.0095,10.2221,7.84676,7.11279,6.67241,5.85838,4.92424,4.99096,4.40379,3.68317,2.96255,3.08265,2.21524,11.7034,3.10934,1.60138,0.160138,0.106759,0.146793,0.0133448,0.0400345,0.0266897,0.0400345,0,0,0,0,0,0,0,0,0,0,0,0,0
57818,57847,57832,3.5,-105.161,39.9335,662.453,-2.979,303.905,79.2192,13.0038,651.832,0.150379,0.00365072,9.29965,7.98343,6.40888,5.97835,5.41249,4.88355,4.57602,4.07167,3.76414,3.2475,2.95227,2.32491,2.44792,10.9234,3.01378,1.42693,0.159915,0.123011,0.159915,0.0246022,0,0.0123011,0.0246022,0,0,0,0,0,0,0,0,0,0,0,0,0
57848,57877,57862,3.6,-105.159,39.9321,654.2,-3.63214,304.258,86.0871,13.4274,664.26,0.148411,0.00367399,12.1884,9.77721,8.26691,6.62413,6.26642,5.63051,4.23944,3.94798,3.21933,3.11334,2.72914,2.14622,2.23895,10.5059,3.29881,1.47056,0.0927378,0.172227,0.0397448,0.0397448,0.0264965,0.0132483,0.0397448,0,0,0,0,0,0,0,0,0,0,0,0,0
57879,57903,57891,3.7,-105.157,39.9306,645.628,-4.3088,304.641,69.6095,12.1129,637.342,0.157851,0.00367726,7.43576,6.39058,5.7784,4.88252,4.46444,4.33006,3.91199,3.37446,3.53871,3.1057,2.46366,2.65776,2.10531,10.2727,2.80708,1.65737,0.0895875,0.0895875,0.0746563,0.059725,0.0298625,0.0298625,0.059725,0,0,0,0,0,0,0,0,0,0,0,0,0
57904,57929,57916,3.8,-105.156,39.9294,637.767,-5.10154,304.807,63.9904,11.3641,606.91,0.160218,0.00357016,6.47269,5.87783,5.22631,3.96576,4.03658,4.1074,3.78164,3.41339,3.17261,2.71938,2.4786,2.50693,2.13868,9.39036,2.66273,1.473,0.127471,0.184125,0.0849806,0.0424903,0.0566537,0.0424903,0.0283269,0,0,0,0,0,0,0,0,0,0,0,0,0
57930,57953,57942,3.9,-105.155,39.9287,629.772,-5.6675,305.262,57.347,10.0807,549.965,0.163668,0.00320771,5.94593,5.66428,4.80369,4.11521,3.73968,3.67709,3.14509,2.81649,2.87908,2.72261,1.78378,2.23755,1.64296,8.07395,2.33143,1.22048,0.140825,0.172119,0.0312944,0.0156472,0.0312944,0.0625888,0.0938831,0,0,0,0,0,0,0,0,0,0,0,0,0
57955,57974,57964,4,-105.154,39.9282,621.522,-6.2019,305.801,51.4695,9.2919,507.563,0.163873,0.00296741,4.80956,4.34296,4.07377,3.82252,3.73279,3.42771,2.74576,2.62013,1.90229,2.45862,2.11764,1.99202,1.48953,8.25522,2.11764,1.05882,0.0717845,0.143569,0.107677,0.0179461,0.0538384,0.0358922,0.0717845,0,0,0,0,0,0,0,0,0,0,0,0,0
57976,57994,57985,4.1,-105.153,39.9282,613.685,-6.8525,306.165,52.9939,9.62096,513.64,0.160163,0.00303461,4.62123,3.86981,4.30188,3.86981,3.81346,3.15596,3.24989,2.68633,2.44212,2.51726,2.10398,1.95369,1.89734,8.69769,2.06641,1.1647,0.206641,0.131499,0.150284,0.037571,0.0187855,0.0187855,0.0187855,0,0,0,0,0,0,0,0,0,0,0,0,0
57995,58014,58004,4.2,-105.152,39.928,606.01,-7.2475,306.811,55.3117,10.4403,572.634,0.164546,0.00336145,4.95189,4.72766,3.77465,3.45698,3.53173,2.85902,3.17669,2.89639,2.82165,2.22368,2.41055,2.20499,1.96207,9.92248,2.63478,1.30805,0.0747456,0.0747456,0.112118,0.0560592,0.0186864,0.0186864,0.093432,0,0,0,0,0,0,0,0,0,0,0,0,0
58015,58031,58023,4.3,-105.152,39.9278,598.112,-7.23235,307.982,60.7735,11.23,616.633,0.164729,0.00365021,6.43071,4.87241,4.65293,3.77502,4.14813,3.81892,3.13854,2.9849,2.74348,2.63374,2.50205,2.30452,1.99725,9.94235,3.00685,1.11934,0.219478,0.175582,0.0877912,0.0658434,0.0658434,0,0.0877912,0,0,0,0,0,0,0,0,0,0,0,0,0
58032,58047,58040,4.4,-105.151,39.9275,590.461,-7.67687,308.6,55.1018,10.4771,596.088,0.170684,0.00355815,5.22915,4.16949,4.30771,3.47842,3.43235,3.43235,3.22502,2.4418,2.97163,2.92556,1.81983,2.23448,1.98109,8.91489,2.74127,1.08269,0.253395,0.0691076,0.0921435,0.0230359,0.115179,0.0691076,0.0921435,0,0,0,0,0,0,0,0,0,0,0,0,0
58048,58064,58056,4.5,-105.15,39.9269,583.019,-8.53235,308.722,57.9904,10.5559,569.483,0.161848,0.00336336,5.72231,5.02072,4.71378,4.25336,3.37638,3.15714,3.28868,2.76249,2.65287,2.82827,2.06091,2.25823,1.99513,9.69065,2.21438,1.46895,0.153472,0.0876982,0.131547,0.0876982,0,0,0.0657737,0,0,0,0,0,0,0,0,0,0,0,0,0
58065,58080,58072,4.6,-105.149,39.9261,575.399,-9.44688,308.813,56.1958,10.4583,560.757,0.160854,0.00321906,4.90803,5.00197,4.06263,3.47554,3.31116,3.24071,2.95891,3.12329,2.53621,1.76126,2.32486,2.32486,2.34834,10.5675,2.77104,1.08024,0.0704502,0.0704502,0.0939336,0.0469668,0,0.0469668,0.0704502,0,0,0,0,0,0,0,0,0,0,0,0,0
58081,58099,58090,4.7,-105.147,39.9256,568.111,-10.3705,308.855,55.1966,10.3805,562.338,0.162518,0.00329617,4.75349,4.41252,4.27212,3.20911,3.55007,3.12888,3.06871,2.90825,3.02859,2.3266,2.42689,1.80512,1.78507,10.1889,2.48706,1.4441,0.160455,0.0601708,0.0200569,0.0401138,0,0.0601708,0.0601708,0,0,0,0,0,0,0,0,0,0,0,0,0
58100,58114,58107,4.8,-105.146,39.9249,560.73,-11.2193,309.01,52.0853,9.987,548.745,0.164838,0.00325553,4.85283,4.26845,3.86193,3.27756,3.22675,2.59156,2.79482,2.64238,2.54075,2.43912,1.85474,1.85474,1.49904,9.98513,2.82023,0.990891,0.228667,0.0762224,0.152445,0.0254075,0,0.0508149,0.0508149,0,0,0,0,0,0,0,0,0,0,0,0,0
58115,58132,58124,4.9,-105.144,39.9243,553.366,-12.0922,309.145,51.9282,9.6301,515.195,0.160495,0.00299759,4.9586,4.19899,3.71368,3.31277,3.22837,3.05956,2.74306,2.55315,2.32105,2.61645,2.15224,2.11004,1.56143,9.36859,2.46875,1.18162,0.105502,0.0633013,0.105502,0.0211004,0.0211004,0,0.0633013,0,0,0,0,0,0,0,0,0,0,0,0,0
58133,58149,58141,5,-105.142,39.9237,546.431,-12.7888,309.432,52.5169,9.86128,533.898,0.162423,0.00317273,4.65767,3.84764,4.25265,3.37512,3.51013,2.94761,2.7451,3.12761,2.47509,2.25008,1.89007,2.02507,1.77756,9.49534,2.40759,1.21504,0.180006,0.0900032,0.0900032,0.0675024,0.0450016,0.0225008,0.0225008,0,0,0,0,0,0,0,0,0,0,0,0,0
58150,58166,58158,5.1,-105.14,39.9231,539.348,-13.5153,309.722,52.12,9.71631,541.979,0.167341,0.0031608,5.09598,3.89023,3.89023,3.70824,4.18598,2.47974,2.57074,2.72999,2.70724,2.34324,1.95649,1.84274,1.47874,9.39571,2.34324,0.932746,0.0909996,0.181999,0.0682497,0.0454998,0.0227499,0.0227499,0.136499,0,0,0,0,0,0,0,0,0,0,0,0,0
58167,58181,58174,5.2,-105.138,39.9224,532.07,-14.39,309.88,52.4267,9.6345,526.719,0.16401,0.0030644,5.21671,4.33428,3.94498,3.58162,3.47781,3.32209,2.69919,2.3618,2.43966,2.12821,2.30989,1.84272,1.94653,8.8762,2.4137,1.03815,0.181677,0.0259538,0.0778614,0.0519076,0.0259538,0.0519076,0.0778614,0,0,0,0,0,0,0,0,0,0,0,0,0
58182,58198,58190,5.3,-105.135,39.9219,525.027,-15.2212,310.061,50.716,9.41703,528.771,0.168451,0.00313721,4.89405,4.50707,3.938,3.7559,3.57379,2.68603,2.4584,2.64051,2.07143,2.57222,1.82104,1.8438,1.79828,8.21744,2.34459,1.00157,0.091052,0.22763,0.022763,0.068289,0.022763,0.068289,0.091052,0,0,0,0,0,0,0,0,0,0,0,0,0
58199,58216,58208,5.4,-105.133,39.9212,518.326,-16.0917,310.151,51.0047,9.01153,477.438,0.158943,0.00275994,4.95065,5.42834,4.32096,3.60442,3.25701,2.54046,2.97473,2.47532,2.23648,2.2799,2.01934,1.49822,1.73707,7.88195,2.30162,1.15081,0.108567,0.108567,0.0217134,0.0217134,0,0.0217134,0.0651401,0,0,0,0,0,0,0,0,0,0,0,0,0
58218,58236,58227,5.5,-105.13,39.9206,511.56,-16.682,310.604,51.8827,9.23964,496.522,0.161215,0.00288574,5.13403,4.8628,4.06847,3.89411,3.73912,3.04167,2.6542,2.38296,2.30547,2.22797,2.11173,1.87925,1.64676,8.27256,2.11173,1.06555,0.15499,0.0774948,0.116242,0.0193737,0.0193737,0.0387474,0.0581211,0,0,0,0,0,0,0,0,0,0,0,0,0
58237,58255,58246,5.6,-105.127,39.9197,504.671,-17.5267,310.782,55.4522,9.8753,513.638,0.156037,0.00295555,5.31733,4.36238,4.27557,3.99343,4.23216,3.68958,2.95166,3.14699,2.43078,2.08353,2.27886,1.95331,1.56264,8.76817,2.97337,1.04176,0.195331,0.108517,0,0.0217034,0,0.0434068,0.0217034,0,0,0,0,0,0,0,0,0,0,0,0,0
58255,58273,58264,5.7,-105.124,39.9188,497.782,-18.3295,311.027,52.0033,10.0157,560.5,0.167887,0.00346774,5.18798,4.17921,3.64394,3.7057,4.19979,2.63516,2.75869,2.7381,2.07931,2.01755,1.99696,1.95579,1.50287,8.60546,2.67634,1.52345,0.205872,0.0617617,0.185285,0.0617617,0.0205872,0.0617617,0,0,0,0,0,0,0,0,0,0,0,0,0,0
58274,58294,58284,5.8,-105.121,39.9179,491.462,-19.03,311.304,55.2713,9.78266,525.494,0.16115,0.00308997,6.52887,4.93076,4.63842,3.7809,4.13171,3.00133,2.78695,2.49461,2.35819,2.49461,1.83198,2.06585,1.89045,8.14648,2.68951,0.877013,0.155913,0.175403,0.155913,0.0389784,0.0389784,0.0194892,0.0389784,0,0,0,0,0,0,0,0,0,0,0,0,0
58295,58316,58306,5.9,-105.118,39.9169,484.608,-20.0118,311.348,51.1111,8.84677,448.583,0.152117,0.00251902,5.71054,4.02575,4.02575,3.60012,3.19223,2.83754,2.66019,2.64245,2.46511,2.18136,2.3587,2.14589,1.61385,8.19338,2.16362,1.02861,0.106408,0.0354692,0.0709384,0.0177346,0,0.0177346,0.0177346,0,0,0,0,0,0,0,0,0,0,0,0,0
58317,58337,58327,6,-105.114,39.9159,478.01,-20.8457,311.54,54.0213,10.0588,554.059,0.165245,0.00328538,5.44342,4.44859,4.52367,3.64146,3.41622,2.90942,3.09712,2.59032,2.44015,2.57155,1.78319,2.04598,1.82073,8.76579,2.72171,1.35147,0.112623,0.0750817,0.112623,0.0187704,0.0187704,0.0187704,0.0938521,0,0,0,0,0,0,0,0,0,0,0,0,0
58338,58368,58353,6.1,-105.11,39.9145,471.875,-21.5646,311.802,56.5099,10.4575,562.266,0.1613,0.00334384,5.46597,5.08462,4.08182,4.11007,3.40387,3.22026,2.96603,2.82479,2.42932,2.42932,2.3022,2.01972,1.82199,9.91501,2.54231,1.38415,0.155363,0.127115,0.0847436,0.0847436,0.0141239,0.0141239,0.0282479,0,0,0,0,0,0,0,0,0,0,0,0,0
58369,58393,58381,6.2,-105.106,39.913,465.57,-22.4092,311.952,67.5039,12.7452,683.192,0.160811,0.00395216,6.32311,4.80494,4.74233,4.61712,4.58582,3.56849,3.47458,3.28677,3.44328,2.80158,2.36334,2.39464,2.36334,13.3662,3.47458,1.37731,0.25042,0.0469538,0.062605,0.0313025,0.0156513,0.0156513,0.0939076,0,0,0,0,0,0,0,0,0,0,0,0,0
58394,58419,58406,6.3,-105.102,39.9119,459.285,-23.1535,312.236,65.6879,12.5319,680.814,0.16298,0.00406108,5.82507,5.24713,4.83648,4.15207,4.42584,3.49808,3.65017,3.33078,3.05702,2.82889,2.73763,2.5095,1.91634,11.9695,3.51329,1.64258,0.1673,0.136882,0.106463,0,0.0608362,0.0456272,0.0304181,0,0,0,0,0,0,0,0,0,0,0,0,0
58420,58444,58432,6.4,-105.098,39.9111,453.251,-23.7176,312.711,65.1396,11.8191,638.669,0.162111,0.00376952,7.10556,5.42434,5.18643,4.53614,4.66303,3.80655,3.55278,3.41004,2.82319,2.31565,2.37909,2.15705,2.0936,10.6583,2.85491,1.64951,0.190328,0.0951638,0.0634425,0.0158606,0.0634425,0.0317213,0.0634425,0,0,0,0,0,0,0,0,0,0,0,0,0
58446,58469,58458,6.5,-105.095,39.9103,447.436,-23.6691,313.929,21.4953,3.42108,176.464,0.154745,0.000978925,2.57943,2.40031,1.8271,2.29283,1.14642,1.39719,1.11059,0.895637,1.21807,0.752335,0.859811,0.609033,0.573208,2.68691,0.609033,0.39408,0,0,0.107476,0,0,0,0.0358255,0,0,0,0,0,0,0,0,0,0,0,0,0
