data/B2SAP/Locations/Boulder/NOAA-POPS-B2SAP_GMLBalloon_20200804_R0 (1).ict
61,1001
Thornberry, T. D.
NOAA Chemical Sciences Laboratory
Portable Optical Particle Spectrometer (POPS)
Balloon Baseline Stratospheric Aerosol Profiles (B2SAP)
1,1
2020,08,04,2024,05,30
0
TIME_START,s,Seconds since midnight UTC on flight start day,Start time of 100 m altitude bin in UTC_seconds_since_midnight
28
1.0,1.0,1.0,1.0,1.0,1.0,1.0,1.0,1.0,1.0,1.0,1.0,1.0,1.0,1.0,1.0,1.0,1.0,1.0,1.0,1.0,1.0,1.0,1.0,1.0,1.0,1.0,1.0
99999,99999,99999,99999,99999,99999,99999,99999,99999,99999,99999,99999,99999,99999,99999,99999,99999,99999,99999,99999,99999,99999,99999,99999,99999,99999,99999,99999
TIME_STOP,s,End time of 100 m altitude bin in UTC seconds since midnight,
TIME_MID,s,Mid time of 100 m altitude in UTC seconds since midnight,
GPSAlt,m,GPS reported altitude above sea level (m),
GPS_Lon,deg,GPS reported longitude,
GPS_Lat,deg,GPS reported latitude,
iMet_Pressure,mb,Pressure reported (mB),
iMet_Temperature,degrees C,Ambient temperature (oC),
THETA,K,Potential temperature from iMet,
Aerosol_concentration,cm^-3,Aerosol concentration,
Surface_Area_Conc,um^2 cm^-3,Surface area concentration,
Volume_density,um^3 cm^-3,Volume density,
Effective_radius,um,Effective radius,
Extinction,km^-1,Extinction,
Bin01,cm^-3,particle concentration in size range [140 - 170 nm],
Bin02,cm^-3,particle concentration in size range [170 - 205 nm],
Bin03,cm^-3,particle concentration in size range [205 - 249 nm],
Bin04,cm^-3,particle concentration in size range [249 - 302 nm],
Bin05,cm^-3,particle concentration in size range [302 - 366 nm],
Bin06,cm^-3,particle concentration in size range [366 - 443 nm],
Bin07,cm^-3,particle concentration in size range [443 - 537 nm],
Bin08,cm^-3,particle concentration in size range [537 - 651 nm],
Bin09,cm^-3,particle concentration in size range [651 - 789 nm],
Bin10,cm^-3,particle concentration in size range [789 - 956 nm],
Bin11,cm^-3,particle concentration in size range [956 - 1159 nm],
Bin12,cm^-3,particle concentration in size range [1159 - 1404 nm],
Bin13,cm^-3,particle concentration in size range [1404 - 1702 nm],
Bin14,cm^-3,particle concentration in size range [1702 - 2062 nm],
Bin15,cm^-3,particle concentration in size range [2062 - 2500 nm],
0
19
PI_CONTACT_INFO: 325 Broadway R/CSL6, Boulder, CO 80305; troy.thornberry@noaa.gov; 303-497-3373 
PLATFORM: GML ECC/FPH balloon
LOCATION: Boulder, CO, USA
ASSOCIATED_DATA: N/A
INSTRUMENT_INFO: Printed Optical Particle Spectrometer counts particles from 140 - 2500 nm in diameter 
DATA_INFO: Particle concentrations reported in number per cubic centimeter, binned to 100 m altitude
UNCERTAINTY: Counting uncertainty dominated by air flow, less than 5 percent
ULOD_FLAG: -77777
ULOD_VALUE: 3000 ~3000 per cm3 (varies depending on flow rate- manufacturer quotes 1250  per cm3 at 1.667 cc/s)
LLOD_FLAG: -88888
LLOD_VALUE: 0 0 (varies depending on data field and measurement precision)
DM_CONTACT_INFO: Troy Thornberry, 325 Broadway R/CSL6, Boulder, CO 80305; troy.thornberry@noaa.gov; 303-497-3373
PROJECT_INFO: B2SAP Boulder, CO, USA
STIPULATIONS_ON_USE: Please contact the PIs for questions regarding applications and uncertainties
OTHER_COMMENTS: POPS bin Edges (nm):  140, 170, 205, 249, 302, 366, 443, 537, 651, 789, 956, 1159, 1404, 1702, 2062, 2500
Calculations assume sulfate refractive index of 1.45+0.00j and extinction wavelength = 532 nm
REVISION: R0
R0: QA/QC data
TIME_START,TIME_STOP,TIME_MID,GPSAlt,GPS_Lon,GPS_Lat,iMet_Pressure,iMet_Temperature,THETA,Aerosol_concentration,Surface_Area_Conc,Volume_density,Effective_radius,Extinction,Bin01,Bin02,Bin03,Bin04,Bin05,Bin06,Bin07,Bin08,Bin09,Bin10,Bin11,Bin12,Bin13,Bin14,Bin15
[from data line 319]
66937,66960,66948,17.6,-104.976,39.7335,84.9571,-61.645,427.82,2.83919,0.280772,8.63197,0.0922311,1.76518e-05,1.24752,1.07545,0.473199,0.0430181,0,0,0,0,0,0,0,0,0,0,0
66961,66983,66972,17.5,-104.974,39.7331,86.3255,-62.5032,424.152,3.95726,0.342723,9.75666,0.0854042,1.64762e-05,2.48479,1.15037,0.322103,0,0,0,0,0,0,0,0,0,0,0,0
66984,67007,66996,17.4,-104.972,39.7328,87.7462,-63.0437,421.09,3.02343,0.312721,9.90484,0.0950194,2.18079e-05,1.30175,0.965817,0.671873,0.0839841,0,0,0,0,0,0,0,0,0,0,0
67009,67030,67020,17.3,-104.969,39.7326,89.2785,-63.268,418.564,3.16041,0.312273,9.67544,0.0929519,2.04569e-05,1.53082,1.03701,0.493814,0.0987629,0,0,0,0,0,0,0,0,0,0,0
67031,67055,67043,17.2,-104.967,39.7325,90.6732,-63.4892,416.283,3.94328,0.436018,14.8543,0.102204,4.21462e-05,1.57731,1.61674,0.315462,0.315462,0.118298,0,0,0,0,0,0,0,0,0,0
67056,67079,67068,17.1,-104.966,39.7325,92.23,-62.93,415.356,4.79634,0.621226,23.6173,0.114052,8.39682e-05,1.75476,1.24783,1.01386,0.545925,0.155979,0.0779893,0,0,0,0,0,0,0,0,0
67080,67103,67092,17,-104.964,39.7322,93.7596,-62.9139,413.447,5.29657,0.740692,29.627,0.119997,0.000116214,1.7254,1.28402,1.12351,0.882761,0.200627,0.0401255,0.0401255,0,0,0,0,0,0,0,0
67104,67129,67116,16.9,-104.963,39.7315,95.348,-62.8452,411.604,6.46061,0.915208,38.0714,0.124796,0.000164644,2.37254,1.53303,1.13152,0.985517,0.255504,0.109502,0.0730012,0,0,0,0,0,0,0,0
67130,67155,67142,16.8,-104.961,39.7305,96.9642,-63.2969,408.746,7.54729,1.11811,48.4878,0.130098,0.000223441,2.79923,1.62993,1.4882,0.814965,0.531499,0.248033,0,0.0354333,0,0,0,0,0,0,0
67156,67181,67168,16.7,-104.958,39.729,98.5123,-63.435,406.638,7.30398,0.994722,39.8608,0.120217,0.000160897,2.86568,1.95705,0.978524,0.76884,0.594104,0.139789,0,0,0,0,0,0,0,0,0
67182,67210,67196,16.6,-104.956,39.7273,100.153,-63.5076,404.58,8.2813,1.47429,75.504,0.153641,0.000434291,2.64041,1.71027,1.68026,0.96015,0.750118,0.270042,0.180028,0.0600094,0.0300047,0,0,0,0,0,0
67211,67236,67224,16.5,-104.952,39.7257,101.823,-64.3723,401.011,9.40056,1.58754,78.1775,0.147734,0.000428986,3.33143,2.01205,1.74817,0.956548,0.560735,0.626704,0.131938,0,0.0329844,0,0,0,0,0,0
67237,67264,67250,16.4,-104.948,39.7245,103.491,-64.6804,398.571,8.91227,1.77694,99.6343,0.168212,0.000641216,2.68549,2.12478,1.65261,0.826303,0.501684,0.590217,0.413152,0.0885325,0.0295108,0,0,0,0,0,0
67265,67293,67279,16.3,-104.944,39.7236,105.264,-64.0731,397.787,9.51402,1.9183,124.609,0.194874,0.000710043,3.70604,1.88068,1.41051,0.802054,0.636112,0.580798,0.248913,0.221256,0,0,0.027657,0,0,0,0
67294,67322,67308,16.2,-104.94,39.7232,107.031,-63.6562,396.695,8.90909,2.11949,146.319,0.207105,0.000867148,2.34306,2.04337,1.41674,1.00806,0.817348,0.681123,0.381429,0.136225,0.0272449,0.0272449,0.0272449,0,0,0,0
67323,67351,67337,16.1,-104.936,39.723,108.784,-63.5283,395.103,10.05,2.65877,191.282,0.215831,0.00134026,3.01501,2.11579,1.42816,0.872765,0.687633,0.81987,0.71408,0.238027,0.0528948,0.10579,0,0,0,0,0
67352,67381,67366,16,-104.933,39.7229,110.626,-63.7887,392.714,9.94662,2.61203,181.307,0.208238,0.00129774,2.87556,2.16846,1.24922,0.919238,0.942808,0.707106,0.589255,0.353553,0.0942808,0.0471404,0,0,0,0,0
67382,67409,67396,15.9,-104.93,39.723,112.423,-63.3014,391.826,10.4713,3.16947,250.438,0.237047,0.00166935,2.39619,2.18053,1.46167,1.24602,1.15017,0.766779,0.64697,0.407352,0.0479237,0.143771,0.0239619,0,0,0,0
67410,67438,67424,15.8,-104.928,39.7229,114.299,-62.6159,391.252,11.4976,3.52571,274.387,0.233474,0.00187453,2.63331,2.31806,1.55773,1.59482,0.778867,1.13121,0.871589,0.3338,0.129811,0.129811,0,0.0185444,0,0,0
67439,67465,67452,15.7,-104.926,39.7226,116.226,-62.8315,388.984,11.6592,3.16167,211.621,0.2008,0.00150644,2.71145,2.3765,1.77042,1.38762,0.956981,1.26003,0.669887,0.414692,0.0797484,0.0318994,0,0,0,0,0
67466,67494,67480,15.6,-104.924,39.7216,118.175,-62.4466,387.856,11.8405,3.56585,289.104,0.243227,0.00181194,2.91212,2.24009,1.80807,1.39206,1.13605,0.960038,0.800032,0.288012,0.176007,0.0640026,0.0640026,0,0,0,0
67495,67526,67510,15.5,-104.92,39.7199,120.112,-63.2316,384.618,12.3123,3.18834,228.961,0.215436,0.00148478,3.32636,2.47506,2.22283,1.32424,0.819767,0.819767,0.851296,0.33106,0.0788237,0.0315295,0.0157647,0.0157647,0,0,0
67527,67563,67545,15.4,-104.915,39.7174,122.155,-63.9138,381.519,12.0875,2.88614,187.889,0.195302,0.00124722,3.66966,2.35306,1.75079,1.48467,0.812366,0.938423,0.700316,0.322145,0.0280126,0.0140063,0.0140063,0,0,0,0
67564,67601,67582,15.3,-104.911,39.7143,124.156,-64.5853,378.542,12.8607,2.88707,189.386,0.196794,0.00126762,3.84263,3.00604,2.09856,1.36123,0.950022,0.623895,0.581357,0.212691,0.113435,0.0708972,0,0,0,0,0
67602,67636,67619,15.2,-104.907,39.7112,126.181,-64.4526,377.03,14.1053,2.77416,178.21,0.192718,0.00107419,4.77559,3.55747,2.28398,1.42576,0.789011,0.567534,0.3599,0.17995,0.0830537,0.0692115,0.0138423,0,0,0,0
67637,67668,67652,15.1,-104.902,39.7083,128.258,-64.2697,375.603,15.0108,3.04486,182.013,0.179331,0.00119305,4.72628,3.55799,2.61981,1.68164,0.761161,0.61955,0.654953,0.318626,0.0354028,0.0354028,0,0,0,0,0
67669,67696,67682,15,-104.898,39.7055,130.412,-64.955,372.6,14.7677,3.17898,192.846,0.181989,0.00130209,4.77644,3.11507,2.23823,1.77674,0.853759,0.992207,0.599939,0.276895,0.138447,0,0,0,0,0,0
67697,67723,67710,14.9,-104.893,39.7026,132.519,-64.393,371.894,12.6538,3.00369,216.783,0.216517,0.00130282,4.03394,2.7176,2.05943,1.16772,0.721864,0.891714,0.743095,0.16985,0.0636939,0.0424626,0.0212313,0.0212313,0,0,0
67724,67748,67736,14.8,-104.887,39.6997,134.699,-64.4222,370.112,13.779,2.76679,177.177,0.192112,0.000973531,4.42898,3.44476,1.86298,1.58178,1.19512,0.632711,0.386657,0.175753,0,0.0351506,0.0351506,0,0,0,0
67749,67773,67761,14.7,-104.883,39.6971,136.97,-63.7296,369.574,15.7582,2.93143,167.387,0.171303,0.00103551,5.42216,3.58653,2.68284,1.86387,0.875453,0.593049,0.451847,0.141202,0.112962,0.0282404,0,0,0,0,0
67774,67797,67786,14.6,-104.879,39.6945,139.197,-62.8413,369.436,14.2866,2.86927,167.245,0.174865,0.00102723,3.97179,3.55683,2.54906,1.54129,1.24489,0.741006,0.474244,0.118561,0.0296402,0.0592805,0,0,0,0,0
67798,67825,67812,14.5,-104.875,39.6918,141.547,-61.4118,370.166,14.4331,2.9013,172.566,0.178437,0.00113901,5.19194,2.95618,2.40966,1.29178,0.993673,0.596204,0.645888,0.27326,0.0496837,0.0248418,0,0,0,0,0
67826,67855,67840,14.4,-104.871,39.6887,143.94,-61.6856,367.924,16.7326,3.40867,218.644,0.192431,0.00140814,5.71561,4.08652,2.65072,1.46342,1.15969,0.635067,0.607456,0.193281,0.110447,0.110447,0,0,0,0,0
67856,67889,67872,14.3,-104.866,39.6853,146.285,-61.3403,366.833,17.2559,3.07068,173.37,0.169379,0.00105963,6.24742,4.5288,2.29924,1.99732,0.882536,0.487717,0.487717,0.232246,0.0464492,0.0464492,0,0,0,0,0
67890,67925,67908,14.2,-104.86,39.6813,148.624,-60.9747,365.796,18.1279,2.9229,147.791,0.151689,0.000802656,6.6575,4.51608,3.01072,1.95061,0.848089,0.678471,0.339236,0.0848089,0,0.0424045,0,0,0,0,0
67926,67967,67946,14.1,-104.851,39.6771,151.178,-60.4179,364.976,17.378,2.74895,148.702,0.162282,0.000755074,6.47182,4.8453,2.5853,1.86621,0.753333,0.410909,0.291061,0.0684848,0.0342424,0.0342424,0.0171212,0,0,0,0
67968,68013,67990,14,-104.84,39.6732,153.59,-61.0484,362.258,16.1642,2.64483,141.14,0.160093,0.000731103,5.86101,3.9186,2.77004,1.90863,0.878307,0.388482,0.270248,0.0844526,0.067562,0,0.0168905,0,0,0,0
68014,68056,68035,13.9,-104.829,39.669,156.042,-61.0133,360.68,14.1357,2.22162,110.039,0.148593,0.000591903,5.34419,3.33187,2.49066,1.51749,0.742249,0.362877,0.247416,0.0329888,0.0494833,0.0164944,0,0,0,0,0
68057,68092,68074,13.8,-104.818,39.6653,158.595,-60.3634,360.105,15.7415,2.53591,125.951,0.149001,0.000678085,5.43116,4.23895,2.45064,1.94285,0.72857,0.596103,0.220779,0.0883115,0.0220779,0.0220779,0,0,0,0,0
68093,68124,68108,13.7,-104.808,39.6625,161.175,-60.1147,358.873,13.7289,2.50583,146.415,0.175289,0.000806323,4.44677,3.58332,2.2018,1.59738,0.885037,0.474898,0.366967,0.0647588,0.0863451,0,0.0215863,0,0,0,0
68125,68155,68140,13.6,-104.799,39.6604,163.777,-59.8231,357.727,14.1376,2.6661,177.496,0.199726,0.000980421,4.89379,4.0911,1.99377,1.34644,0.750899,0.388396,0.388396,0.0776792,0.155358,0.0258931,0,0,0.0258931,0,0
68156,68186,68171,13.5,-104.79,39.6586,166.544,-59.3026,356.878,13.259,2.23398,124.052,0.166588,0.0006002,4.8641,3.16043,1.99996,1.58022,0.888872,0.320981,0.395054,0.0246909,0,0,0,0.0246909,0,0,0
68187,68217,68202,13.4,-104.782,39.6567,169.212,-58.9679,355.821,14.4356,2.58529,146.462,0.169956,0.000883036,5.38101,3.57009,1.96614,1.42286,0.957199,0.543275,0.362183,0.155221,0.0258702,0.0517405,0,0,0,0,0
68218,68248,68233,13.3,-104.775,39.6546,171.876,-58.4137,355.156,13.4728,2.24592,123.088,0.164415,0.000715019,5.09602,3.52129,1.90281,1.50912,0.678012,0.240585,0.349942,0.0874854,0.0437427,0.0437427,0,0,0,0,0
68253,68286,68270,13.2,-104.766,39.6517,174.883,-58.3361,353.527,13.6932,2.4958,156.187,0.18774,0.000781492,4.63838,3.5953,2.2859,1.3094,0.865535,0.466057,0.399478,0.0443864,0.0443864,0,0.0443864,0,0,0,0
68287,68328,68308,13.1,-104.756,39.6484,177.721,-57.6923,352.955,12.5873,2.20578,120.299,0.163613,0.000706828,4.22742,3.13494,2.24829,1.37747,0.759985,0.348327,0.300828,0.126664,0.0316661,0.0316661,0,0,0,0,0
68329,68374,68352,13,-104.745,39.6446,180.616,-57.563,351.544,15.1536,2.86084,179.921,0.188673,0.00101544,5.5249,3.66876,2.33467,1.4066,0.870063,0.725052,0.319023,0.174013,0.0725052,0.0290021,0.0290021,0,0,0,0
68375,68418,68396,12.9,-104.734,39.6409,183.436,-57.4362,350.202,14.1407,2.55028,146.616,0.17247,0.000825987,4.89727,3.4958,2.17307,1.57469,1.0078,0.440912,0.29919,0.188962,0.0314937,0.0157469,0.0157469,0,0,0,0
68419,68459,68439,12.8,-104.723,39.638,186.4,-57.0306,349.25,12.7354,2.69047,192.696,0.214865,0.000995722,4.21185,2.83452,2.11591,1.59691,0.71861,0.558919,0.379266,0.219575,0.0199614,0.0199614,0.0199614,0.0399228,0,0,0
68460,68502,68481,12.7,-104.713,39.6357,189.374,-56.6205,348.333,11.2769,2.25649,139.064,0.184885,0.000887883,3.68838,2.85894,1.67654,1.21769,0.723558,0.458842,0.405898,0.123534,0.070591,0.0529433,0,0,0,0,0
68502,68540,68521,12.6,-104.704,39.6331,192.409,-55.7168,348.206,11.0571,1.95824,106.434,0.163055,0.000611582,3.91606,2.40988,1.86057,1.3467,0.67335,0.513872,0.212637,0.0708789,0.0177197,0.0354395,0,0,0,0,0
68541,68580,68560,12.5,-104.695,39.6301,195.46,-55.1636,347.53,11.7108,2.13976,117.289,0.164442,0.0007085,3.87199,2.7499,2.05453,1.34334,0.711182,0.489925,0.316081,0.110628,0.0474121,0.015804,0,0,0,0,0
68581,68621,68601,12.4,-104.686,39.6269,198.487,-54.2668,347.42,9.91672,1.7048,93.5254,0.16458,0.000561807,3.65625,2.46625,1.7074,0.87957,0.482901,0.310436,0.275943,0.0689859,0.0517394,0.0172465,0,0,0,0,0
68622,68662,68642,12.3,-104.677,39.6238,201.524,-53.5053,347.123,11.0522,2.26679,226.077,0.299204,0.000823627,4.02734,2.46421,1.87575,1.28728,0.5333,0.478131,0.220676,0.0735586,0.0367793,0.0183897,0.0183897,0,0,0,0.0183897
68664,68707,68686,12.2,-104.668,39.6202,204.779,-52.769,346.701,10.5979,1.89378,101.716,0.161132,0.000617943,3.50164,2.8509,1.58039,1.14656,0.650748,0.38735,0.38735,0.015494,0.07747,0,0,0,0,0,0
68708,68751,68730,12.1,-104.658,39.616,207.964,-52.4995,345.597,12.0682,2.18687,125.49,0.172151,0.000671448,3.90162,2.81169,2.03769,1.62699,0.947762,0.379105,0.221144,0.0473881,0.0631841,0.015796,0.015796,0,0,0,0
68752,68791,68772,12,-104.648,39.6119,211.24,-51.9121,344.966,9.58896,1.96152,119.854,0.183309,0.000684884,2.36171,2.44292,1.85418,1.32635,0.669942,0.514299,0.257149,0.0947392,0.0270684,0.0270684,0.0135342,0,0,0,0
68792,68829,68810,11.9,-104.639,39.6082,214.464,-51.2003,344.585,10.2389,2.07223,121.102,0.175322,0.000723612,2.64679,2.5694,2.01218,1.22279,0.64235,0.657828,0.340523,0.0928698,0.0309566,0.0154783,0.00773915,0,0,0,0
68830,68864,68847,11.8,-104.631,39.6048,217.749,-50.3631,344.39,11.735,2.20821,119.528,0.162386,0.000718938,3.49821,2.71773,2.216,1.40764,0.864099,0.515672,0.376301,0.0975595,0.0278742,0.0139371,0,0,0,0,0
68868,68900,68884,11.7,-104.622,39.6016,221.222,-49.6204,343.977,11.5267,2.50434,173.26,0.207552,0.000943093,3.25302,2.68857,2.16868,1.39627,0.772407,0.623867,0.356495,0.14854,0.0594159,0.014854,0.0297079,0.014854,0,0,0
68901,68934,68918,11.6,-104.614,39.5987,224.457,-48.8804,343.682,11.5679,2.36731,153.424,0.194428,0.000842954,3.59455,2.81028,1.74826,1.43782,0.833281,0.473827,0.506504,0.0980331,0.0163388,0.0163388,0.0163388,0.0163388,0,0,0
68936,68969,68952,11.5,-104.606,39.5959,228.003,-48.2791,343.068,12.6211,2.64635,165.865,0.18803,0.00101262,3.94765,2.94176,1.91689,1.48037,0.910996,0.588352,0.550393,0.227749,0.0189791,0.0189791,0.0189791,0,0,0,0
68970,69005,68988,11.4,-104.597,39.5933,231.65,-47.8141,342.226,10.8054,1.98636,112.034,0.169205,0.000680362,3.63272,2.6743,1.80863,1.15938,0.556502,0.494669,0.324626,0.0927504,0.0309168,0.0309168,0,0,0,0,0
69006,69042,69024,11.3,-104.587,39.5912,235.207,-47.1634,341.719,8.58456,1.64749,92.6614,0.168732,0.000574141,2.79649,1.93803,1.43076,1.00153,0.572304,0.429228,0.299159,0.0650345,0.0390207,0.0130069,0,0,0,0,0
69045,69085,69065,11.2,-104.577,39.5888,238.925,-46.1938,341.648,11.1418,1.98289,112.834,0.170711,0.000612345,3.79604,2.90022,1.63487,1.26535,0.683063,0.503899,0.246351,0.0559888,0.0223955,0.0223955,0,0.0111978,0,0,0
69086,69132,69109,11.1,-104.566,39.586,242.664,-45.3749,341.366,12.0347,2.33464,164.975,0.211992,0.000838879,4.15929,2.90042,2.00411,1.25886,0.66468,0.543829,0.292056,0.120851,0.0402836,0.0302127,0.0100709,0,0,0.0100709,0
69133,69186,69160,11,-104.553,39.5827,246.189,-44.9533,340.595,12.3941,2.00059,102.692,0.153992,0.000535086,4.44769,3.09613,2.09923,1.51452,0.527205,0.364251,0.210882,0.115026,0.00958554,0,0.00958554,0,0,0,0
69187,69248,69218,10.9,-104.538,39.5784,249.971,-44.4415,339.869,10.1797,1.82554,112.214,0.184407,0.000581162,3.53806,2.52165,1.82334,1.04745,0.550883,0.341392,0.209491,0.085348,0.0155178,0.0232767,0.0232767,0,0,0,0
69249,69304,69276,10.8,-104.522,39.5737,253.535,-44.0078,339.139,7.80983,1.51073,87.8026,0.174358,0.00055347,2.37145,2.14343,1.28834,0.75248,0.490252,0.342036,0.250827,0.136815,0.0114012,0.0228024,0,0,0,0,0
69305,69349,69327,10.7,-104.507,39.5689,257.598,-43.3527,338.571,7.02961,1.38238,91.6749,0.19895,0.000518065,2.4115,1.73376,1.15059,0.75655,0.362514,0.252183,0.204899,0.0945688,0.0157615,0.0315229,0.0157615,0,0,0,0
69350,69387,69368,10.6,-104.496,39.5662,261.006,-43.0812,337.705,7.17779,1.48448,110.448,0.223204,0.000576428,2.50329,1.58371,1.12392,0.996206,0.434244,0.280981,0.102175,0.0255437,0.0255437,0.0766312,0.0255437,0,0,0,0
69388,69421,69404,10.5,-104.485,39.5637,265.113,-42.1785,337.509,6.61979,1.53698,98.1433,0.191564,0.000668425,2.17141,1.17618,0.949992,0.769041,0.618249,0.331743,0.407139,0.165872,0,0.0301585,0,0,0,0,0
69422,69451,69436,10.4,-104.477,39.5619,269.011,-40.9623,337.878,5.47438,1.02867,54.9592,0.160283,0.000330413,1.71666,1.29763,0.797503,0.756952,0.364959,0.337925,0.148687,0.027034,0.027034,0,0,0,0,0,0
69454,69483,69468,10.3,-104.468,39.5602,273.09,-40.3827,337.273,5.80487,1.17523,77.9159,0.198896,0.000453299,2.00679,1.34684,0.983192,0.538735,0.363646,0.228963,0.215494,0.0538735,0.0404052,0.0134684,0.0134684,0,0,0,0
69486,69515,69500,10.2,-104.46,39.5584,277.281,-39.4368,337.174,7.27039,1.42794,86.6868,0.182122,0.000498152,2.18399,1.88226,1.26442,0.775892,0.474156,0.272999,0.272999,0.129315,0,0,0.0143684,0,0,0,0
69516,69548,69532,10.1,-104.453,39.5567,281.352,-39.0256,336.355,4.92433,1.08403,74.9352,0.207379,0.000448053,1.49871,1.17126,0.868999,0.465985,0.352637,0.277072,0.138536,0.0755652,0.0503768,0.0125942,0.0125942,0,0,0,0
69549,69583,69566,10,-104.444,39.5543,285.701,-38.1687,336.115,6.28771,1.23682,72.9435,0.176931,0.000470188,2.02705,1.48478,1.20073,0.619734,0.258222,0.335689,0.206578,0.1162,0.0258222,0.0129111,0,0,0,0,0
