data/B2SAP/Locations/Boulder/NOAA-POPS-B2SAP_GMLBalloon_20191231_R0.ict
61,1001
Thornberry, T. D.
NOAA Chemical Sciences Laboratory
Portable Optical Particle Spectrometer (POPS)
Balloon Baseline Stratospheric Aerosol Profiles (B2SAP)
1,1
2019,12,31,2024,05,30
0
TIME_START,s,Seconds since midnight UTC on flight start day,Start time of 100 m altitude bin in UTC_seconds_since_midnight
28
1.0,1.0,1.0,1.0,1.0,1.0,1.0,1.0,1.0,1.0,1.0,1.0,1.0,1.0,1.0,1.0,1.0,1.0,1.0,1.0,1.0,1.0,1.0,1.0,1.0,1.0,1.0,1.0
99999,99999,99999,99999,99999,99999,99999,99999,99999,99999,99999,99999,99999,99999,99999,99999,99999,99999,99999,99999,99999,99999,99999,99999,99999,99999,99999,99999
TIME_STOP,s,End time of 100 m altitude bin in UTC seconds since midnight,
TIME_MID,s,Mid time of 100 m altitude in UTC seconds since midnight,
GPSAlt,m,GPS reported altitude above sea level (m),
GPS_Lon,deg,GPS reported longitude,
GPS_Lat,deg,GPS reported latitude,
iMet_Pressure,mb,Pressure reported (mB),
iMet_Temperature,degrees C,Ambient temperature (oC),
THETA,K,Potential temperature from iMet,
Aerosol_concentration,cm^-3,Aerosol concentration,
Surface_Area_Conc,um^2 cm^-3,Surface area concentration,
Volume_density,um^3 cm^-3,Volume density,
Effective_radius,um,Effective radius,
Extinction,km^-1,Extinction,
Bin01,cm^-3,particle concentration in size range [140 - 170 nm],
Bin02,cm^-3,particle concentration in size range [170 - 205 nm],
Bin03,cm^-3,particle concentration in size range [205 - 249 nm],
Bin04,cm^-3,particle concentration in size range [249 - 302 nm],
Bin05,cm^-3,particle concentration in size range [302 - 366 nm],
Bin06,cm^-3,particle concentration in size range [366 - 443 nm],
Bin07,cm^-3,particle concentration in size range [443 - 537 nm],
Bin08,cm^-3,particle concentration in size range [537 - 651 nm],
Bin09,cm^-3,particle concentration in size range [651 - 789 nm],
Bin10,cm^-3,particle concentration in size range [789 - 956 nm],
Bin11,cm^-3,particle concentration in size range [956 - 1159 nm],
Bin12,cm^-3,particle concentration in size range [1159 - 1404 nm],
Bin13,cm^-3,particle concentration in size range [1404 - 1702 nm],
Bin14,cm^-3,particle concentration in size range [1702 - 2062 nm],
Bin15,cm^-3,particle concentration in size range [2062 - 2500 nm],
0
19
PI_CONTACT_INFO: 325 Broadway R/CSL6, Boulder, CO 80305; troy.thornberry@noaa.gov; 303-497-3373 
PLATFORM: GML ECC/FPH balloon
LOCATION: Boulder, CO, USA
ASSOCIATED_DATA: N/A
INSTRUMENT_INFO: Printed Optical Particle Spectrometer counts particles from 140 - 2500 nm in diameter 
DATA_INFO: Particle concentrations reported in number per cubic centimeter, binned to 100 m altitude
UNCERTAINTY: Counting uncertainty dominated by air flow, less than 5 percent
ULOD_FLAG: -77777
ULOD_VALUE: 3000 ~3000 per cm3 (varies depending on flow rate- manufacturer quotes 1250  per cm3 at 1.667 cc/s)
LLOD_FLAG: -88888
LLOD_VALUE: 0 0 (varies depending on data field and measurement precision)
DM_CONTACT_INFO: Troy Thornberry, 325 Broadway R/CSL6, Boulder, CO 80305; troy.thornberry@noaa.gov; 303-497-3373
PROJECT_INFO: B2SAP Boulder, CO, USA
STIPULATIONS_ON_USE: Please contact the PIs for questions regarding applications and uncertainties
OTHER_COMMENTS: POPS bin Edges (nm):  140, 170, 205, 249, 302, 366, 443, 537, 651, 789, 956, 1159, 1404, 1702, 2062, 2500
Calculations assume sulfate refractive index of 1.45+0.00j and extinction wavelength = 532 nm
REVISION: R0
R0: QA/QC data
TIME_START,TIME_STOP,TIME_MID,GPSAlt,GPS_Lon,GPS_Lat,iMet_Pressure,iMet_Temperature,THETA,Aerosol_concentration,Surface_Area_Conc,Volume_density,Effective_radius,Extinction,Bin01,Bin02,Bin03,Bin04,Bin05,Bin06,Bin07,Bin08,Bin09,Bin10,Bin11,Bin12,Bin13,Bin14,Bin15
62352,63104,62728,1.7,-105.197,39.9491,820.573,5.87958,295.251,21.6768,6.5861,578.681,0.263592,0.00329729,4.75819,4.3812,3.27062,2.85797,2.104,1.68625,1.57418,0.70303,0.152833,0.106983,0.035661,0.00509442,0.0152833,0.0152833,0.0101888
62460,63444,62952,1.8,-105.197,39.9492,818.754,5.84962,295.405,19.3611,5.96369,544.837,0.274077,0.00299611,4.05395,4.10987,2.96358,2.6141,1.74739,1.41189,1.49577,0.684978,0.125812,0.0698957,0.0279583,0.0279583,0,0.0139791,0.0139791
63445,63469,63457,1.9,-105.197,39.9497,807.465,4.90833,295.575,17.0769,4.98526,367.897,0.221391,0.00244619,3.57817,3.54746,2.3189,2.48783,1.48963,1.67391,1.24391,0.50678,0.0767848,0.122856,0.015357,0,0.015357,0,0
63470,63493,63482,2,-105.197,39.9502,797.633,4.80522,296.507,17.7022,4.69658,306.84,0.195998,0.00217658,4.38597,2.91343,3.07176,2.13757,1.83673,1.42505,1.28254,0.506683,0.110837,0.0316677,0,0,0,0,0
63494,63516,63505,2.1,-105.196,39.9505,787.756,4.1,296.809,17.2131,5.13986,359.255,0.209688,0.00263073,3.5716,3.30704,2.59603,2.00076,1.68659,1.63698,1.57084,0.628337,0.148817,0.0661408,0,0,0,0,0
63517,63539,63528,2.2,-105.194,39.9507,778.034,3.28391,296.984,15.476,4.8983,399.909,0.244927,0.00259692,3.50128,2.92573,2.43011,2.03042,1.21506,1.16709,1.1511,0.751416,0.127901,0.0959254,0.0799378,0,0,0,0
63540,63558,63549,2.3,-105.193,39.9511,768.747,2.42789,297.08,15.1018,4.03687,260.994,0.193958,0.00186883,3.72667,2.55599,2.49745,1.69749,1.63895,1.17068,1.30726,0.448761,0.0390227,0.0195114,0,0,0,0,0
63559,63575,63567,2.4,-105.192,39.9516,759.102,1.55294,297.214,14.1196,3.87843,275.698,0.213255,0.00179477,3.45964,2.46499,2.24876,2.01091,1.27574,0.9514,1.12438,0.497323,0.0432454,0,0.0216227,0.0216227,0,0,0
63576,63594,63585,2.5,-105.19,39.9518,749.638,0.840526,297.505,11.6933,3.58364,266.646,0.22322,0.00188873,2.48336,2.44425,1.72075,1.38833,0.879929,0.958145,1.17324,0.488849,0.0782159,0.0586619,0.019554,0,0,0,0
63595,63613,63604,2.6,-105.189,39.9519,739.827,-0.0868421,297.613,10.322,2.94272,220.256,0.224543,0.0014275,2.2981,2.1423,1.28538,1.59699,1.14905,0.701116,0.68164,0.311607,0.0584263,0.0779017,0,0,0.0194754,0,0
63614,63633,63624,2.7,-105.188,39.9521,730.717,-0.804,297.887,9.16815,2.76535,215.91,0.234231,0.00140535,2.14733,1.73653,1.47512,1.00831,0.821586,0.765569,0.765569,0.298759,0.0560172,0.0560172,0.0373448,0,0,0,0
63634,63656,63645,2.8,-105.186,39.9526,721.921,-1.4313,298.232,7.75803,2.051,140.212,0.205088,0.000990827,2.06124,1.54187,1.00627,1.0225,0.762819,0.584287,0.405755,0.259683,0.081151,0.0324604,0,0,0,0,0
63657,63680,63668,2.9,-105.185,39.9525,712.715,-2.07875,298.612,7.32236,2.18283,179.601,0.246837,0.00108767,1.83448,1.52355,1.04161,0.839506,0.559671,0.684042,0.544124,0.124371,0.0777321,0.0466392,0.0466392,0,0,0,0
63681,63699,63690,3,-105.183,39.9522,704.034,-2.80158,298.858,6.25379,2.09309,181.182,0.259687,0.00117279,1.58795,1.25468,0.784174,0.705756,0.431296,0.548922,0.431296,0.31367,0.117626,0.0392087,0.0196043,0.0196043,0,0,0
63700,63716,63708,3.1,-105.182,39.9515,695.248,-3.30063,299.385,6.19147,2.06605,181.516,0.263571,0.00118311,1.59477,1.28989,0.961554,0.398693,0.492503,0.539409,0.375241,0.375241,0.0469051,0.0938102,0,0,0.0234525,0,0
63717,63734,63726,3.2,-105.181,39.9507,686.49,-3.95278,299.742,4.87905,1.74096,222.391,0.38322,0.000948773,1.20419,0.913524,0.788952,0.373714,0.436,0.456762,0.498286,0.10381,0.0622857,0.0207619,0,0,0,0,0.0207619
63735,63750,63742,3.3,-105.179,39.9498,678.104,-4.80875,299.837,3.97679,0.983775,61.2962,0.186921,0.000439922,1.12286,0.795359,0.584823,0.421072,0.304108,0.257322,0.397679,0.0935716,0,0,0,0,0,0,0
63751,63768,63760,3.4,-105.178,39.9489,669.079,-5.75111,299.934,4.17939,1.12036,82.6068,0.221197,0.000584532,1.26012,0.987093,0.378035,0.483045,0.357034,0.273026,0.189018,0.168016,0.0420039,0.0420039,0,0,0,0,0
63769,63785,63777,3.5,-105.176,39.9482,660.737,-6.61937,300.034,4.46971,1.12863,71.0281,0.188799,0.000509558,1.12328,0.842459,0.819057,0.468033,0.444631,0.234016,0.374426,0.163811,0,0,0,0,0,0,0
63786,63803,63794,3.6,-105.175,39.9476,652.329,-7.32353,300.335,4.94883,1.57583,141.165,0.268745,0.000833249,1.33752,0.958557,0.624177,0.668761,0.401257,0.289796,0.401257,0.11146,0.0668761,0.0445841,0.0445841,0,0,0,0
63805,63822,63814,3.7,-105.173,39.9468,643.936,-8.18471,300.473,5.09158,1.28413,83.7481,0.195653,0.000579146,1.26734,1.15617,0.600317,0.689253,0.555849,0.289042,0.400211,0.0889359,0.022234,0.022234,0,0,0,0,0
63823,63838,63830,3.8,-105.171,39.9462,635.939,-9.02,300.6,5.79041,1.8746,159.063,0.254555,0.00103476,1.5126,1.34716,0.567224,0.472686,0.472686,0.661761,0.354515,0.189075,0.16544,0.0236343,0,0,0.0236343,0,0
63839,63854,63846,3.9,-105.169,39.9456,627.78,-9.82875,300.784,6.28863,2.03292,173.883,0.2566,0.00114174,1.84116,1.05209,0.812979,0.597779,0.62169,0.502134,0.430401,0.263023,0.0239111,0.119556,0.0239111,0,0,0,0
63856,63872,63864,4,-105.167,39.9449,619.415,-10.6156,301.035,5.84062,1.96632,165.931,0.253159,0.00106561,1.31116,1.16812,0.905892,0.619821,0.33375,0.476785,0.500624,0.476785,0,0,0.0476785,0,0,0,0
63873,63888,63880,4.1,-105.165,39.9439,611.753,-11.4231,301.184,6.12799,1.97737,160.397,0.243349,0.00106297,1.12947,1.34576,0.841097,0.913191,0.552721,0.52869,0.432564,0.192251,0.120157,0.0480627,0.0240313,0,0,0,0
63889,63906,63898,4.2,-105.163,39.9428,603.559,-12.0061,301.67,7.87971,2.42224,200.734,0.248614,0.00127521,2.17813,1.55886,0.96094,0.896877,0.512501,0.747398,0.619272,0.213542,0.0854169,0.0640626,0.0427084,0,0,0,0
63907,63922,63914,4.3,-105.161,39.9417,595.733,-12.7569,301.923,8.61014,2.56837,193.559,0.226088,0.00138957,1.8038,1.99621,1.29874,0.986078,0.793672,0.577216,0.649368,0.288608,0.120253,0.0962027,0,0,0,0,0
63923,63939,63931,4.4,-105.159,39.9405,587.73,-13.5747,302.147,9.9856,3.27162,268.212,0.245944,0.00175724,2.27663,2.07376,1.30737,0.766389,1.08196,1.05942,0.834012,0.360654,0.0901634,0.0901634,0.0225409,0.0225409,0,0,0
63940,63956,63948,4.5,-105.157,39.9391,579.831,-14.3675,302.387,14.0634,3.9013,285.727,0.219717,0.00186228,3.13593,3.01532,2.43638,1.68858,1.01315,1.25437,0.820167,0.506573,0.144735,0,0.0482451,0,0,0,0
63957,63976,63966,4.6,-105.154,39.9375,572.192,-14.67,303.178,19.5866,5.1986,380.574,0.219621,0.00238032,4.73003,4.04203,3.48303,2.17152,1.78451,1.56951,1.07501,0.473003,0.107501,0.0860006,0.0645005,0,0,0,0
63977,63995,63986,4.7,-105.152,39.9358,564.421,-15.5195,303.371,20.8825,5.54983,390.449,0.21106,0.0025549,4.87258,4.15602,3.54183,2.55913,2.25203,1.47406,1.16696,0.593718,0.163784,0.0614191,0.020473,0.020473,0,0,0
63996,64014,64005,4.8,-105.149,39.9341,557.145,-16.2841,303.589,19.4296,5.53814,414.81,0.224702,0.00272737,4.05448,3.98614,3.32558,2.71058,1.7539,1.57168,1.07056,0.569449,0.205002,0.136668,0.0455559,0,0,0,0
64015,64034,64024,4.9,-105.146,39.9327,549.884,-17.1558,303.694,18.7948,4.64723,328.922,0.212334,0.00194211,4.57612,4.10625,3.00308,2.7375,1.63433,1.30746,0.960169,0.245149,0.102146,0.0612874,0.0204291,0.0408582,0,0,0
64035,64052,64044,5,-105.144,39.9313,542.117,-18.1818,303.714,19.5306,5.76723,442.209,0.230028,0.00287007,4.02976,3.93818,3.11391,2.79336,1.85461,1.39668,1.53406,0.480824,0.206067,0.114482,0.0686891,0,0,0,0
64054,64073,64064,5.1,-105.141,39.9299,534.814,-19.1153,303.774,18.1366,5.07373,381.981,0.225858,0.00232944,4.09866,3.6888,2.70512,2.52068,1.61897,1.72144,1.16812,0.389373,0.0614799,0.0819733,0.0819733,0,0,0,0
64074,64092,64083,5.2,-105.138,39.9285,528.189,-19.9616,303.84,18.3165,4.88817,361.726,0.222001,0.00214576,4.23954,3.76619,2.73718,2.7166,1.79049,1.58468,0.864372,0.349865,0.144062,0.0411606,0.0617409,0.0205803,0,0,0
64093,64111,64102,5.3,-105.135,39.927,520.859,-21.02,303.778,18.6614,5.0285,348.122,0.207689,0.00234953,4.26546,3.36137,3.47728,2.61955,1.46046,1.34455,1.43727,0.556364,0.0231818,0.0927274,0.0231818,0,0,0,0
64112,64131,64122,5.4,-105.133,39.9256,514.104,-21.9105,303.841,17.7447,4.58532,330.599,0.216299,0.00198122,4.09971,3.29219,3.49925,2.33973,1.86351,1.22163,0.807519,0.372701,0.165645,0.0207056,0.0414112,0,0.0207056,0,0
64132,64151,64142,5.5,-105.13,39.9242,507.148,-22.86,303.876,17.7008,4.5118,310.296,0.206323,0.00203271,4.11849,3.52701,3.37366,2.19069,1.81827,1.16106,0.810554,0.481951,0.109534,0.0876275,0.0219069,0,0,0,0
64152,64169,64160,5.6,-105.127,39.9229,500.531,-23.7256,303.962,18.971,5.00917,340.359,0.203841,0.00226052,4.37962,3.87343,2.83905,2.4429,2.00274,1.65061,1.12241,0.484179,0.0880325,0.0660244,0,0.0220081,0,0,0
64170,64190,64180,5.7,-105.125,39.9214,493.444,-24.557,304.183,19.0143,4.70001,292.729,0.186848,0.00199495,4.38792,3.87402,3.02411,2.76716,1.6603,1.68006,1.0871,0.454605,0.0395308,0.0395308,0,0,0,0,0
64192,64212,64202,5.8,-105.122,39.9195,486.216,-25.4295,304.393,21.1844,5.50013,364.071,0.198579,0.00247588,4.94164,4.12846,3.77399,2.6272,1.73062,1.83487,1.48041,0.479568,0.145955,0.0208508,0.0208508,0,0,0,0
64213,64230,64222,5.9,-105.12,39.9178,480.171,-26.2306,304.495,21.0948,5.49846,374.314,0.204228,0.00244027,4.80837,4.03283,3.61182,2.85843,2.21584,1.46245,1.5954,0.288059,0.110792,0.0886335,0,0,0.0221584,0,0
64231,64248,64240,6,-105.117,39.9162,473.525,-27.1947,304.525,21.311,5.69308,391.373,0.206236,0.00262926,5.05724,3.99875,3.34013,2.7756,2.42277,1.5995,1.31724,0.56453,0.11761,0.0940883,0.0235221,0,0,0,0
64250,64267,64258,6.1,-105.114,39.9144,466.567,-28.1912,304.574,22.3699,6.49532,519.468,0.239927,0.00305317,4.88973,3.87399,3.89761,2.92911,2.24408,2.14959,1.62991,0.519682,0.0708657,0.0944876,0.0236219,0.0236219,0,0.0236219,0
64268,64284,64276,6.2,-105.111,39.9124,460.252,-29.0424,304.697,20.8612,5.42429,362.13,0.200283,0.00241322,4.95572,3.82298,3.28021,3.13862,2.02948,1.7227,1.17993,0.542769,0.117993,0.0471973,0.0235987,0,0,0,0
64285,64304,64294,6.3,-105.109,39.9107,453.724,-29.8594,304.917,19.6421,5.60239,402.4,0.215479,0.00257357,4.48644,3.63826,2.56687,2.72311,1.91957,2.20974,1.45084,0.468732,0.0892824,0.0223206,0.0446412,0.0223206,0,0,0
64305,64322,64314,6.4,-105.106,39.909,447.52,-30.74,305.011,18.1215,4.96914,385.081,0.232484,0.00233388,4.23467,3.50129,3.02814,2.15282,1.91625,1.4431,1.13555,0.520462,0.141944,0.0236574,0,0,0,0.0236574,0
64323,64338,64330,6.5,-105.104,39.9071,441.661,-31.4185,305.312,18.6142,5.8647,510.51,0.261143,0.00299841,4.03307,3.47465,3.07134,1.92346,1.83039,1.86142,1.7063,0.434331,0.0620472,0.155118,0.0310236,0,0,0.0310236,0
64340,64357,64348,6.6,-105.101,39.9052,434.73,-31.4114,306.702,15.8366,5.45405,411.492,0.226341,0.00297948,3.01098,2.14243,2.43195,2.05558,1.76606,1.59235,1.76606,0.839601,0.144759,0.0579035,0.0289518,0,0,0,0
64358,64374,64366,6.7,-105.1,39.9031,428.745,-31.2288,308.149,11.0802,4.08255,315.709,0.231994,0.00243204,2.20184,1.87038,1.27849,1.13643,0.970702,1.37319,1.20746,0.804972,0.16573,0.071027,0,0,0,0,0
64375,64390,64382,6.8,-105.099,39.9009,423.056,-31.3419,309.18,8.60707,3.56736,304.636,0.256186,0.00218866,1.45968,1.18284,1.10734,0.956341,0.855674,1.08218,1.23318,0.427837,0.125834,0.151001,0.0251669,0,0,0,0
64391,64409,64400,6.9,-105.099,39.8985,417.042,-31.9876,309.618,7.79569,3.14248,261.212,0.249368,0.00189795,1.56865,1.06953,0.831858,0.784323,0.760555,1.022,0.950694,0.641719,0.0713021,0.0713021,0,0.0237674,0,0,0
64411,64429,64420,7,-105.098,39.8953,409.79,-32.9967,309.879,6.36229,2.82479,265.302,0.281757,0.00179179,1.37291,0.669714,0.837143,0.569257,0.636229,0.770172,0.870629,0.301371,0.167429,0.133943,0,0,0.0334857,0,0
64430,64446,64438,7.1,-105.098,39.8929,405.432,-33.4373,310.255,4.97,2.05817,174.562,0.254442,0.00124721,0.94538,0.864347,0.32413,0.486195,0.540217,0.513206,0.891358,0.270108,0.0810325,0.0270108,0.0270108,0,0,0,0
64447,64469,64458,7.2,-105.098,39.8899,399.413,-34.131,310.679,3.7113,1.23933,91.7781,0.222164,0.000671643,0.869835,0.444582,0.444582,0.444582,0.502571,0.405923,0.405923,0.135308,0.0193297,0.0386593,0,0,0,0,0
64470,64489,64480,7.3,-105.097,39.8862,393.774,-34.7115,311.183,1.78615,0.504285,37.591,0.22363,0.000268005,0.487132,0.345052,0.263863,0.243566,0.101486,0.101486,0.162377,0.0405943,0.0202972,0.0202972,0,0,0,0,0
64490,64510,64500,7.4,-105.096,39.8826,388.028,-35.4406,311.542,2.01987,0.492204,33.0094,0.201193,0.000213422,0.544683,0.453903,0.204256,0.295037,0.226951,0.158866,0.0907805,0.0226951,0,0.0226951,0,0,0,0,0
64511,64532,64522,7.5,-105.095,39.8785,382.099,-36.2655,311.832,3.69828,0.902851,59.2206,0.196779,0.000408599,1.21222,0.595835,0.51365,0.369828,0.472558,0.164368,0.246552,0.10273,0,0.020546,0,0,0,0,0
64533,64553,64543,7.6,-105.094,39.8749,376.736,-37.0819,312.012,5.24337,1.67381,122.222,0.21906,0.000894778,1.28648,0.701715,0.643239,0.623747,0.682223,0.584763,0.37035,0.272889,0.0389842,0.0389842,0,0,0,0,0
64554,64574,64564,7.7,-105.093,39.871,371.561,-37.8838,312.181,5.17014,1.49085,112.128,0.225632,0.000714785,1.41004,0.783355,0.685435,0.685435,0.528764,0.567932,0.274174,0.156671,0.0391677,0.0195839,0.0195839,0,0,0,0
64575,64597,64586,7.8,-105.092,39.867,366.108,-38.6595,312.466,6.37556,2.1535,181.245,0.252489,0.00118828,1.3205,1.21734,1.03164,0.804682,0.495189,0.412658,0.618986,0.309493,0.103164,0.0206329,0.0412658,0,0,0,0
64598,64619,64608,7.9,-105.091,39.8629,360.669,-39.4543,312.751,6.49344,1.98014,144.062,0.21826,0.001043,1.46053,1.18421,0.986845,0.690792,0.611844,0.631581,0.611844,0.217106,0.0394738,0.0592107,0,0,0,0,0
64620,64642,64631,8,-105.091,39.8585,355.454,-40.219,313.025,6.50761,2.1878,176.867,0.242527,0.00116069,1.32124,1.36068,0.808522,0.690202,0.552161,0.650761,0.749362,0.295801,0.01972,0.01972,0.0394401,0,0,0,0
64643,64659,64651,8.1,-105.09,39.855,350.578,-41.0876,313.088,6.82716,2.27382,169.415,0.22352,0.00127304,1.34105,1.31667,0.853396,0.902161,0.512037,0.682716,0.731482,0.390124,0.0487655,0.0487655,0,0,0,0,0
64662,64681,64672,8.2,-105.09,39.8512,345.132,-41.905,313.381,8.10664,2.94818,247.33,0.251677,0.00169249,1.89155,1.14324,1.18482,0.748305,0.789877,0.769091,0.99774,0.374152,0.103931,0.0623587,0.0415725,0,0,0,0
64682,64701,64692,8.3,-105.09,39.8469,340.283,-42.57,313.748,8.24009,2.93588,252.829,0.258351,0.00156566,1.69649,1.366,1.23381,0.705034,0.94739,1.07958,0.660969,0.352517,0.0881293,0.0440646,0.0220323,0.0440646,0,0,0
64702,64720,64711,8.4,-105.088,39.8426,334.636,-43.4594,314.041,7.91596,2.61822,201.599,0.230996,0.00141278,1.76455,1.37243,1.02932,0.906782,0.661706,0.833259,0.882274,0.343107,0.0735229,0.0245076,0.0245076,0,0,0,0
64721,64744,64732,8.5,-105.087,39.838,330.004,-44.25,314.205,7.65623,2.36678,175.776,0.222803,0.00123437,1.93229,1.34896,0.929685,0.802081,0.747394,0.656248,0.911456,0.218749,0.0729165,0.0182291,0.0182291,0,0,0,0
64745,64767,64756,8.6,-105.086,39.8328,325.389,-44.9659,314.482,7.46663,2.39162,172.748,0.216692,0.00129026,1.5468,1.35583,0.935716,0.973909,0.706561,0.725658,0.725658,0.420118,0.0381925,0.0381925,0,0,0,0,0
64768,64790,64779,8.7,-105.085,39.8284,320.398,-45.7162,314.835,8.14765,3.04878,251.615,0.247589,0.00173395,1.60941,1.30765,0.905295,0.925413,0.885177,0.86506,1.04612,0.422471,0.100588,0.0402353,0.0201177,0.0201177,0,0,0
64791,64818,64804,8.8,-105.082,39.8235,315.631,-46.1638,315.572,9.35188,3.48384,316.122,0.272218,0.00201402,1.96796,1.41498,1.17102,1.28487,0.796942,0.829471,1.28487,0.390339,0.0813207,0.0975848,0.0162641,0,0,0.0162641,0
64819,64837,64828,8.9,-105.081,39.819,310.903,-46.9321,315.86,8.74438,3.32755,274.026,0.247051,0.00197148,1.56549,1.4984,1.02875,0.984022,0.939294,1.00639,1.05111,0.357826,0.201277,0.0894566,0.0223641,0,0,0,0
64839,64859,64849,9,-105.079,39.8154,306.112,-47.4305,316.562,7.47689,2.31567,159.026,0.206021,0.00121492,1.68833,1.38684,0.984859,0.602975,0.824066,0.683372,0.864264,0.442182,0,0,0,0,0,0,0
64860,64881,64870,9.1,-105.077,39.8122,301.448,-48.23,316.824,7.82613,2.75791,210.543,0.229025,0.00157616,1.73466,0.988351,1.04886,0.766476,1.04886,0.806817,0.847158,0.443749,0.0605113,0.0806817,0,0,0,0,0
64883,64900,64892,9.2,-105.075,39.809,296.834,-48.7694,317.471,8.64774,3.2075,278.74,0.260708,0.00181645,1.8834,1.45897,1.00802,1.06107,0.610116,1.00802,0.901911,0.557063,0.0265268,0.0795804,0.0265268,0,0.0265268,0,0
