data/B2SAP/Locations/Boulder/NOAA-POPS-B2SAP_GMLBalloon_20211022_R0.ict
61,1001
Thornberry, T. D.
NOAA Chemical Sciences Laboratory
Portable Optical Particle Spectrometer (POPS)
Balloon Baseline Stratospheric Aerosol Profiles (B2SAP)
1,1
2021,10,22,2024,05,28
0
TIME_START,s,Seconds since midnight UTC on flight start day,Start time of 100 m altitude bin in UTC_seconds_since_midnight
28
1.0,1.0,1.0,1.0,1.0,1.0,1.0,1.0,1.0,1.0,1.0,1.0,1.0,1.0,1.0,1.0,1.0,1.0,1.0,1.0,1.0,1.0,1.0,1.0,1.0,1.0,1.0,1.0
99999,99999,99999,99999,99999,99999,99999,99999,99999,99999,99999,99999,99999,99999,99999,99999,99999,99999,99999,99999,99999,99999,99999,99999,99999,99999,99999,99999
TIME_STOP,s,End time of 100 m altitude bin in UTC seconds since midnight,
TIME_MID,s,Mid time of 100 m altitude in UTC seconds since midnight,
GPSAlt,m,GPS reported altitude above sea level (m),
GPS_Lon,deg,GPS reported longitude,
GPS_Lat,deg,GPS reported latitude,
iMet_Pressure,mb,Pressure reported (mB),
iMet_Temperature,degrees C,Ambient temperature (oC),
THETA,K,Potential temperature from iMet,
Aerosol_concentration,cm^-3,Aerosol concentration,
Surface_Area_Conc,um^2 cm^-3,Surface area concentration,
Volume_density,um^3 cm^-3,Volume density,
Effective_radius,um,Effective radius,
Extinction,km^-1,Extinction,
Bin01,cm^-3,particle concentration in size range [140 - 170 nm],
Bin02,cm^-3,particle concentration in size range [170 - 205 nm],
Bin03,cm^-3,particle concentration in size range [205 - 249 nm],
Bin04,cm^-3,particle concentration in size range [249 - 302 nm],
Bin05,cm^-3,particle concentration in size range [302 - 366 nm],
Bin06,cm^-3,particle concentration in size range [366 - 443 nm],
Bin07,cm^-3,particle concentration in size range [443 - 537 nm],
Bin08,cm^-3,particle concentration in size range [537 - 651 nm],
Bin09,cm^-3,particle concentration in size range [651 - 789 nm],
Bin10,cm^-3,particle concentration in size range [789 - 956 nm],
Bin11,cm^-3,particle concentration in size range [956 - 1159 nm],
Bin12,cm^-3,particle concentration in size range [1159 - 1404 nm],
Bin13,cm^-3,particle concentration in size range [1404 - 1702 nm],
Bin14,cm^-3,particle concentration in size range [1702 - 2062 nm],
Bin15,cm^-3,particle concentration in size range [2062 - 2500 nm],
0
19
PI_CONTACT_INFO: 325 Broadway R/CSL6, Boulder, CO 80305; troy.thornberry@noaa.gov; 303-497-3373 
PLATFORM: GML ECC/FPH balloon
LOCATION: Boulder, CO, USA
ASSOCIATED_DATA: N/A
INSTRUMENT_INFO: Printed Optical Particle Spectrometer counts particles from 140 - 2500 nm in diameter 
DATA_INFO: Particle concentrations reported in number per cubic centimeter, binned to 100 m altitude
UNCERTAINTY: Counting uncertainty dominated by air flow, less than 5 percent
ULOD_FLAG: -77777
ULOD_VALUE: 3000 ~3000 per cm3 (varies depending on flow rate- manufacturer quotes 1250  per cm3 at 1.667 cc/s)
LLOD_FLAG: -88888
LLOD_VALUE: 0 0 (varies depending on data field and measurement precision)
DM_CONTACT_INFO: Troy Thornberry, 325 Broadway R/CSL6, Boulder, CO 80305; troy.thornberry@noaa.gov; 303-497-3373
PROJECT_INFO: B2SAP Boulder, CO, USA
STIPULATIONS_ON_USE: Please contact the PIs for questions regarding applications and uncertainties
OTHER_COMMENTS: POPS bin Edges (nm):  140, 170, 205, 249, 302, 366, 443, 537, 651, 789, 956, 1159, 1404, 1702, 2062, 2500
Calculations assume sulfate refractive index of 1.45+0.00j and extinction wavelength = 532 nm
REVISION: R0
R0: QA/QC data
TIME_START,TIME_STOP,TIME_MID,GPSAlt,GPS_Lon,GPS_Lat,iMet_Pressure,iMet_Temperature,THETA,Aerosol_concentration,Surface_Area_Conc,Volume_density,Effective_radius,Extinction,Bin01,Bin02,Bin03,Bin04,Bin05,Bin06,Bin07,Bin08,Bin09,Bin10,Bin11,Bin12,Bin13,Bin14,Bin15
57364,57722,57543,1.8,-105.197,39.9491,823.874,17.5861,307.282,195.472,27.6541,2174.99,0.235949,0.00713596,106.851,47.4771,20.8187,9.38179,6.00669,1.75439,1.55389,0.576441,0.225564,0.15873,0.192147,0.21721,0.108605,0.0835422,0.0668338
57723,57739,57731,1.9,-105.198,39.9491,813.612,15.74,306.43,148.621,20.2246,1345.74,0.199619,0.00486962,78.6688,37.4229,16.6906,7.20931,4.58774,1.5074,1.39817,0.458774,0.262157,0.0873856,0.0436928,0.0873856,0.152925,0,0.0436928
57740,57754,57747,2,-105.198,39.9494,803.656,15.046,306.768,141.513,18.5252,1160.97,0.188009,0.00398547,75.7027,35.5989,15.6746,6.61818,4.69078,1.41652,1.11464,0.232217,0.0696651,0.0696651,0.0696651,0.162552,0.0464434,0.0232217,0.0232217
57755,57769,57762,2.1,-105.198,39.9497,794.22,14.67,307.401,121.755,17.3121,1222.57,0.211857,0.00440982,62.6921,30.639,14.3296,6.26921,3.88879,1.95618,1.08415,0.30639,0.117842,0.164979,0.0235685,0.117842,0.0942738,0.0471369,0.0235685
57770,57785,57778,2.2,-105.197,39.95,784.883,13.8813,307.603,82.536,12.8574,1045.15,0.243864,0.00339002,37.015,22.0361,11.5906,5.70181,3.73889,0.934723,0.817883,0.373889,0,0.0467361,0.0233681,0.0934723,0.0934723,0.0233681,0.0467361
57786,57806,57796,2.3,-105.196,39.9504,774.757,12.996,307.792,81.955,11.5394,696.964,0.181196,0.00257745,37.3423,21.9172,11.4274,5.41296,3.57326,1.20288,0.707576,0.123826,0.0353788,0.0530682,0.0353788,0.0176894,0.0707576,0.0353788,0
57808,57827,57818,2.4,-105.195,39.9509,765.233,12.0968,307.907,81.9518,11.5362,778.12,0.20235,0.00261448,37.3615,22.3607,10.9931,5.37481,3.76424,1.0862,0.636737,0.187276,0.0561827,0.0187276,0,0.0374551,0.0187276,0.0187276,0.0374551
57828,57848,57838,2.5,-105.194,39.9515,756.105,11.239,308.038,107.925,13.6132,772.836,0.170313,0.00243923,50.6711,30.2156,15.0548,6.83027,3.35336,0.917763,0.653024,0.141194,0.0176493,0,0,0.0176493,0,0.0176493,0.0352986
57849,57876,57862,2.6,-105.193,39.9521,746.542,10.2619,308.1,98.3984,13.0623,770.661,0.176996,0.00271252,46.3167,27.659,13.1416,5.79123,3.26248,1.08749,0.668218,0.209637,0.0786139,0.0262046,0.0262046,0.0655116,0.0262046,0.0262046,0.0131023
57877,57901,57889,2.7,-105.193,39.9525,737.552,9.36087,308.183,119.783,14.7666,745.567,0.15147,0.00256294,57.6537,33.591,15.6883,7.28274,3.60238,1.04485,0.5926,0.155947,0.0467842,0.0311895,0.0467842,0.0155947,0,0.0155947,0.0155947
57902,57919,57910,2.8,-105.193,39.9528,729.266,8.71941,308.474,133.092,15.8777,692.956,0.13093,0.00247038,62.8064,38.5051,18.5612,7.68844,3.45666,1.08937,0.775129,0.0628483,0.0837977,0,0.0209494,0.0209494,0,0.0209494,0
57920,57939,57930,2.9,-105.193,39.9529,720.203,7.93,308.719,95.0441,11.6673,504.703,0.129774,0.00197022,45.3314,26.4781,12.4235,5.72806,3.35718,0.910421,0.550046,0.151737,0.0189671,0.0379342,0.0189671,0.0379342,0,0,0
57941,57957,57949,3,-105.194,39.9528,711.394,7.12563,308.917,51.5715,7.09054,461.738,0.195361,0.00168351,25.1845,13.5905,6.48897,3.06298,1.79241,0.748728,0.385708,0.136132,0.0453774,0.0680662,0.0453774,0,0,0,0.0226887
57958,57977,57968,3.1,-105.195,39.9528,703.118,6.39333,309.138,54.9425,7.13277,327.869,0.1379,0.00129773,24.9483,14.3337,8.52382,3.79953,2.11085,0.643307,0.402067,0.12062,0,0,0.0603101,0,0,0,0
57978,57996,57987,3.2,-105.195,39.9529,694.519,5.58105,309.328,53.2535,6.55467,293.631,0.134391,0.00110255,25.5252,14.8137,7.00804,3.22864,1.69029,0.531775,0.28488,0.113952,0,0,0.0569759,0,0,0,0
57997,58015,58006,3.3,-105.196,39.9532,686.262,4.73167,309.443,66.4109,8.48933,477.815,0.168853,0.00165851,32.9229,17.0771,8.98263,3.85547,2.2608,0.645942,0.4239,0.100928,0.0605571,0.0201857,0.0201857,0.0201857,0,0,0.0201857
58016,58033,58024,3.4,-105.196,39.9536,677.441,3.96312,309.727,77.7186,9.57121,445.402,0.139607,0.00169237,37.4913,20.532,11.1253,4.86165,2.35168,0.520084,0.610533,0.158286,0.0226123,0.0226123,0,0,0,0.0226123,0
58034,58050,58042,3.5,-105.195,39.9543,669.201,3.24875,310.009,77.0897,9.26426,384.153,0.124398,0.00155183,37.5618,21.33,10.1963,4.41231,2.03469,0.754436,0.548681,0.205755,0,0.0228617,0,0.0228617,0,0,0
58051,58067,58059,3.6,-105.195,39.9547,661.16,2.54625,310.297,56.8417,6.73924,277.141,0.123371,0.00107729,27.6874,15.769,7.58654,3.50677,1.3752,0.435481,0.275041,0.13752,0.0458401,0,0.0229201,0,0,0,0
58068,58084,58076,3.7,-105.194,39.955,652.962,1.64125,310.379,48.056,6.51582,488.527,0.224926,0.00152882,24.8709,12.5163,5.91174,2.12453,1.47794,0.554226,0.369484,0.0461855,0.092371,0,0,0.0461855,0,0.0230927,0.0230927
58086,58101,58094,3.8,-105.193,39.9551,645.069,0.768125,310.466,36.2569,4.58824,248.98,0.162795,0.000884049,18.3932,8.44842,5.43277,2.14088,1.10497,0.414364,0.207182,0.0460405,0.0460405,0,0,0,0,0.0230202,0
58104,58119,58112,3.9,-105.192,39.9548,636.776,0.0171429,310.769,21.9493,3.6039,354.043,0.294717,0.00111444,11.25,5.507,2.17658,1.52098,0.760491,0.34091,0.157343,0.0524477,0.0786715,0,0,0.0262238,0.0262238,0.0524477,0
58120,58136,58128,4,-105.191,39.9545,629.243,-0.67375,311.036,18.2592,2.25646,106.539,0.141645,0.000420504,9.67342,4.42015,2.15222,1.06454,0.53227,0.231422,0.115711,0.0231422,0.0231422,0,0.0231422,0,0,0,0
58137,58155,58146,4.1,-105.19,39.9542,620.738,-1.59,311.194,14.2723,2.00334,111.085,0.166349,0.000529926,7.97691,2.6453,1.661,0.861261,0.574174,0.246074,0.143543,0.102531,0.0205062,0.0205062,0,0.0205062,0,0,0
58156,58173,58164,4.2,-105.188,39.9537,613.137,-2.33111,311.445,13.3319,1.71135,89.9241,0.157637,0.000371421,7.93715,2.5217,1.24018,0.744108,0.475403,0.227366,0.144688,0,0,0.0206697,0,0.0206697,0,0,0
58175,58193,58184,4.3,-105.187,39.9532,605.584,-3.14889,311.604,11.4522,1.69211,178.183,0.315907,0.000473774,6.83402,2.13304,1.03546,0.72482,0.393474,0.124255,0.165673,0.0207092,0,0,0,0,0,0,0.0207092
58194,58212,58203,4.4,-105.185,39.9528,597.912,-4.04737,311.697,10.9849,1.46573,69.3077,0.141856,0.000357435,6.17041,2.0437,1.10046,0.78604,0.510926,0.157208,0.117906,0.078604,0,0.019651,0,0,0,0,0
58213,58230,58222,4.5,-105.183,39.9524,590.244,-4.99389,311.753,10.6177,1.456,85.2971,0.17575,0.000361285,6.27503,1.93238,0.955799,0.623347,0.4779,0.187004,0.0623347,0.0415565,0.0415565,0,0,0,0.0207782,0,0
58231,58248,58240,4.6,-105.182,39.9522,582.688,-5.89235,311.853,11.5716,1.49064,75.4887,0.151926,0.00041889,7.27929,2.03555,0.995648,0.553138,0.287632,0.154879,0.088502,0.110628,0.044251,0.0221255,0,0,0,0,0
58249,58266,58258,4.7,-105.181,39.9521,575.337,-6.74313,311.986,11.0163,1.38737,75.6972,0.163684,0.000305779,6.64289,2.4113,0.827407,0.567365,0.212762,0.165481,0.0945608,0.0709206,0,0,0,0.0236402,0,0,0
58267,58283,58275,4.8,-105.179,39.9521,568.216,-7.64294,312.046,10.3245,1.7866,223.055,0.374548,0.000640096,6.32937,2.04246,0.897784,0.53867,0.179557,0.0897784,0.0673338,0.112223,0,0,0,0.0224446,0,0.0448892,0
58284,58300,58292,4.9,-105.178,39.9523,560.878,-8.53294,312.156,11.2601,1.84283,155.636,0.253364,0.000526692,6.75159,2.17576,0.672916,0.583193,0.583193,0.246736,0.112153,0.044861,0,0,0.0224305,0.0224305,0.044861,0,0
58301,58318,58310,5,-105.177,39.9527,553.611,-9.34833,312.352,11.4246,1.28097,48.1282,0.112715,0.000187507,6.85474,2.26376,1.01552,0.719325,0.359662,0.12694,0.0846264,0,0,0,0,0,0,0,0
58319,58336,58328,5.1,-105.175,39.953,546.249,-9.88588,312.912,11.7239,1.80908,208.568,0.345869,0.000539532,7.0118,2.61533,0.744017,0.541103,0.496011,0.157822,0.0901839,0,0.022546,0,0.022546,0,0,0,0.022546
58337,58353,58345,5.2,-105.174,39.9532,539.624,-7.78176,316.521,14.4778,2.40667,157.333,0.196121,0.000728465,6.72342,3.45136,1.5688,1.05334,0.739577,0.605108,0.134468,0.112057,0.0224114,0.0224114,0.0224114,0,0.0224114,0,0
58355,58373,58364,5.3,-105.173,39.953,532.41,-6.21632,319.611,14.8699,2.51227,154.041,0.183946,0.0008065,6.55386,3.12843,2.01962,1.50481,0.831607,0.336603,0.257402,0.118801,0.0594005,0.0396004,0,0,0.0198002,0,0
58374,58392,58383,5.4,-105.172,39.9529,525.637,-6.90444,319.953,12.606,1.96766,103.753,0.158187,0.000638428,6.45058,2.5718,1.2859,0.843213,0.63241,0.295125,0.295125,0.189723,0.0421606,0,0,0,0,0,0
58393,58411,58402,5.5,-105.171,39.9527,519.191,-7.46765,320.402,11.7492,1.61151,71.8641,0.133783,0.000358417,5.74109,2.51451,1.37964,1.17937,0.489551,0.222523,0.178018,0.0222523,0.0222523,0,0,0,0,0,0
58413,58432,58422,5.6,-105.169,39.9524,512.406,-8.10105,320.839,6.15267,0.938384,47.2984,0.151212,0.000270007,3.09631,1.09869,0.67919,0.67919,0.199762,0.219738,0.139833,0,0.0399524,0,0,0,0,0,0
58433,58451,58442,5.7,-105.168,39.9522,505.574,-9.10556,320.861,4.18359,0.666009,48.7685,0.219675,0.00018665,2.17631,0.950816,0.338068,0.295809,0.295809,0.084517,0,0,0,0.0211292,0,0.0211292,0,0,0
58452,58470,58461,5.8,-105.166,39.952,499.067,-10.0388,320.91,2.58812,0.411908,20.7732,0.151295,0.000124049,1.37283,0.382592,0.225054,0.225054,0.225054,0.0450108,0.0900216,0.0225054,0,0,0,0,0,0,0
58471,58486,58478,5.9,-105.165,39.9517,493.107,-10.8788,320.984,2.14088,0.310145,14.2334,0.137678,7.52231e-05,1.04665,0.380601,0.356813,0.166513,0.0237876,0.118938,0.0475751,0,0,0,0,0,0,0,0
58487,58505,58496,6,-105.163,39.9514,486.382,-11.8784,321.015,2.06853,0.58729,101.782,0.519922,0.000283135,1.13566,0.506992,0.141958,0.121678,0.0405594,0.0405594,0,0.0202797,0.0202797,0,0,0.0202797,0,0.0202797,0
58506,58523,58514,6.1,-105.162,39.9511,480.184,-12.7053,321.171,2.07442,0.239715,10.3706,0.129787,5.33538e-05,1.44307,0.315672,0.0901921,0.0901921,0.0901921,0,0.022548,0.022548,0,0,0,0,0,0,0
58524,58540,58532,6.2,-105.161,39.9508,473.854,-13.68,321.193,1.50175,0.27656,19.5074,0.211608,0.000120147,0.750876,0.364061,0.0682614,0.113769,0.113769,0.0227538,0.0227538,0.0227538,0,0.0227538,0,0,0,0,0
58541,58557,58549,6.3,-105.16,39.9503,467.582,-14.5424,321.345,2.03186,0.254782,10.3357,0.1217,4.58899e-05,0.981683,0.502256,0.342448,0.0456597,0.0913193,0.0456597,0.0228298,0,0,0,0,0,0,0,0
58558,58575,58566,6.4,-105.159,39.9501,461.547,-15.435,321.425,2.52256,0.333586,15.2781,0.137399,8.46069e-05,1.50049,0.456671,0.260955,0.0869849,0.0652387,0.0652387,0.0869849,0,0,0,0,0,0,0,0
58576,58594,58585,6.5,-105.158,39.9498,455.235,-16.3368,321.56,2.98475,0.471596,24.1707,0.153759,0.000150773,1.50267,0.741043,0.205845,0.123507,0.123507,0.123507,0.164676,0,0,0,0,0,0,0,0
58595,58611,58603,6.6,-105.156,39.9492,449.538,-17.0135,321.866,1.61351,0.188923,7.20757,0.114453,2.87236e-05,0.806754,0.368802,0.299651,0.0691503,0.0461002,0,0.0230501,0,0,0,0,0,0,0,0
58613,58629,58621,6.7,-105.155,39.9487,443.549,-17.6182,322.348,1.61733,0.195601,7.65147,0.117353,3.08442e-05,0.970395,0.277256,0.0693139,0.184837,0.0693139,0.0462093,0,0,0,0,0,0,0,0,0
58631,58650,58640,6.8,-105.153,39.9484,437.197,-18.403,322.684,1.25467,0.140689,5.49751,0.117226,2.37655e-05,0.744961,0.313668,0.0588127,0.0980212,0,0.0196042,0.0196042,0,0,0,0,0,0,0,0
58651,58668,58660,6.9,-105.151,39.9479,431.763,-19.0694,322.989,1.08016,0.126652,4.95901,0.117464,2.06928e-05,0.638276,0.196393,0.147295,0.0245491,0.0245491,0.0490982,0,0,0,0,0,0,0,0,0
58670,58687,58678,7,-105.148,39.9475,425.534,-19.6047,323.647,2.34202,0.286473,12.3352,0.129177,6.11246e-05,1.26469,0.608925,0.210782,0.140521,0.0468404,0.0234202,0.0234202,0.0234202,0,0,0,0,0,0,0
58688,58705,58696,7.1,-105.146,39.9472,419.934,-20.2082,324.1,1.58407,0.198832,8.99256,0.135681,4.75628e-05,0.931808,0.279542,0.163066,0.163066,0,0,0.0232952,0.0232952,0,0,0,0,0,0,0
58706,58725,58716,7.2,-105.144,39.947,413.87,-21.0282,324.403,1.09995,0.109165,3.50223,0.0962458,8.84472e-06,0.608481,0.327644,0.0936125,0.0468063,0.0234031,0,0,0,0,0,0,0,0,0,0
58726,58744,58735,7.3,-105.141,39.9465,408.556,-21.81,324.59,1.8147,0.21173,8.19204,0.116073,3.39839e-05,0.917778,0.521465,0.208586,0.0625758,0.0625758,0.0208586,0.0208586,0,0,0,0,0,0,0,0
58745,58762,58754,7.4,-105.139,39.9462,403.11,-22.6478,324.748,2.63358,0.341918,17.0527,0.149621,9.69805e-05,1.46064,0.641796,0.309833,0.0663927,0.0663927,0.0221309,0.0221309,0.0221309,0.0221309,0,0,0,0,0,0
58764,58786,58775,7.5,-105.136,39.9457,397.366,-23.453,325.032,2.92292,0.355043,14.9406,0.126244,7.17286e-05,1.61804,0.730729,0.226178,0.173983,0.0869916,0.0347966,0.0347966,0.0173983,0,0,0,0,0,0,0
58788,58804,58796,7.6,-105.133,39.9451,391.946,-24.2629,325.257,2.78422,0.483932,42.8336,0.265535,0.000172683,1.46289,0.731447,0.306736,0.0235951,0.165166,0.0235951,0.0235951,0,0,0.0235951,0.0235951,0,0,0,0
58805,58820,58812,7.7,-105.13,39.9447,386.834,-25.0525,325.445,3.00689,0.323259,11.461,0.106364,3.85864e-05,1.74349,0.707503,0.277948,0.151608,0.0758039,0.0505359,0,0,0,0,0,0,0,0,0
58822,58837,58830,7.8,-105.128,39.9443,381.389,-26.0025,325.512,3.17067,0.366872,14.2113,0.116209,5.89083e-05,1.87704,0.507307,0.405846,0.253654,0.0760961,0,0.0507307,0,0,0,0,0,0,0,0
58838,58855,58846,7.9,-105.126,39.9438,376.381,-26.915,325.534,2.58916,0.301971,11.3363,0.112623,4.21843e-05,1.3959,0.562862,0.315203,0.180116,0.0675434,0.0675434,0,0,0,0,0,0,0,0,0
58856,58875,58866,8,-105.123,39.9432,370.935,-27.8742,325.618,2.37084,0.320158,16.6897,0.156389,9.98223e-05,1.3794,0.538826,0.150871,0.172424,0.0431061,0,0.0431061,0.0215531,0.0215531,0,0,0,0,0,0
58876,58892,58884,8.1,-105.121,39.9429,365.925,-28.6771,325.824,3.07106,0.428485,23.0263,0.161217,0.00014508,1.9674,0.45586,0.311904,0.143956,0,0.0479853,0.0959705,0.0239926,0.0239926,0,0,0,0,0,0
58894,58913,58904,8.2,-105.118,39.9427,360.399,-29.5905,326.018,5.37489,0.665652,29.3495,0.132274,0.000143535,2.79002,1.35398,0.63596,0.328238,0.164119,0.0205149,0.0205149,0.0410297,0.0205149,0,0,0,0,0,0
58914,58936,58925,8.3,-105.115,39.9427,355.549,-30.2648,326.373,7.8551,0.779021,26.1542,0.100719,7.99448e-05,4.94363,1.69998,0.801142,0.23448,0.0781602,0.0781602,0.01954,0,0,0,0,0,0,0,0
58937,58956,58946,8.4,-105.112,39.9425,350.64,-31.067,326.587,8.20355,0.944069,36.8048,0.116956,0.000153461,4.66718,1.97379,0.719609,0.370085,0.226163,0.205603,0.0205603,0.0205603,0,0,0,0,0,0,0
58957,58978,58968,8.5,-105.109,39.9418,345.508,-31.9195,326.819,8.31576,0.923132,34.3929,0.11177,0.000132154,4.72934,1.91144,0.965574,0.374406,0.137939,0.137939,0.0591168,0,0,0,0,0,0,0,0
58979,59001,58990,8.6,-105.106,39.9411,340.483,-32.713,327.109,9.90765,1.13601,44.8922,0.118552,0.000187897,5.37639,2.57131,0.953005,0.59338,0.233756,0.0899061,0.0539437,0.0179812,0.0179812,0,0,0,0,0,0
59002,59023,59012,8.7,-105.103,39.9403,335.655,-33.6495,327.164,10.2286,1.15989,45.9512,0.118851,0.000201655,6.01447,2.25543,0.989222,0.593533,0.138491,0.0791378,0.118707,0.0395689,0,0,0,0,0,0,0
59024,59049,59036,8.8,-105.099,39.9396,330.912,-34.5913,327.202,10.2209,1.18415,46.469,0.117727,0.000193978,5.3612,2.66331,1.12412,0.639886,0.294001,0.0345884,0.0345884,0.0691768,0,0,0,0,0,0,0
59050,59070,59060,8.9,-105.096,39.9389,326.371,-35.478,327.281,9.03342,1.03993,55.1983,0.159236,0.00019303,5.50312,2.40891,0.581461,0.228431,0.0830659,0.0830659,0.124599,0,0,0,0,0.0207665,0,0,0
59071,59097,59084,9,-105.093,39.938,321.603,-36.3437,327.464,9.55776,1.22549,61.3388,0.150157,0.000320465,5.3975,2.16519,1.05166,0.355709,0.340244,0.0309312,0.139191,0.0154656,0.0309312,0.0309312,0,0,0,0,0
59098,59125,59112,9.1,-105.089,39.9369,316.895,-36.9579,327.991,6.51715,0.903715,58.9088,0.195555,0.000219961,3.57248,1.49476,0.732432,0.388638,0.149476,0.074738,0.0448428,0.0149476,0.0149476,0,0.0298952,0,0,0,0
59126,59149,59138,9.2,-105.085,39.9356,312.507,-37.4329,328.634,4.1971,0.462172,16.2254,0.10532,5.14851e-05,2.34338,0.874395,0.507149,0.279806,0.174879,0.0174879,0,0,0,0,0,0,0,0,0
59150,59170,59160,9.3,-105.082,39.9346,307.793,-38.46,328.632,3.40211,0.407448,17.0696,0.125682,8.17415e-05,2.00124,0.800496,0.240149,0.100062,0.140087,0.0800496,0.0200124,0.0200124,0,0,0,0,0,0,0
59171,59189,59180,9.4,-105.079,39.9337,303.608,-39.3126,328.722,3.3343,0.373743,15.2513,0.122421,7.18549e-05,2.00058,0.778003,0.33343,0.111143,0.0222286,0.0222286,0.0444573,0.0222286,0,0,0,0,0,0,0
59190,59220,59205,9.5,-105.075,39.9326,298.834,-40.2743,328.852,3.63409,0.395481,15.0985,0.114533,6.24016e-05,2.12935,0.894326,0.354891,0.127761,0.0567826,0.0283913,0.0283913,0.0141957,0,0,0,0,0,0,0
