data/B2SAP/Locations/Boulder/NOAA-POPS-B2SAP_GMLBalloon_20210318_R0.ict
61,1001
Thornberry, T. D.
NOAA Chemical Sciences Laboratory
Portable Optical Particle Spectrometer (POPS)
Balloon Baseline Stratospheric Aerosol Profiles (B2SAP)
1,1
2021,03,18,2024,05,28
0
TIME_START,s,Seconds since midnight UTC on flight start day,Start time of 100 m altitude bin in UTC_seconds_since_midnight
28
1.0,1.0,1.0,1.0,1.0,1.0,1.0,1.0,1.0,1.0,1.0,1.0,1.0,1.0,1.0,1.0,1.0,1.0,1.0,1.0,1.0,1.0,1.0,1.0,1.0,1.0,1.0,1.0
99999,99999,99999,99999,99999,99999,99999,99999,99999,99999,99999,99999,99999,99999,99999,99999,99999,99999,99999,99999,99999,99999,99999,99999,99999,99999,99999,99999
TIME_STOP,s,End time of 100 m altitude bin in UTC seconds since midnight,
TIME_MID,s,Mid time of 100 m altitude in UTC seconds since midnight,
GPSAlt,m,GPS reported altitude above sea level (m),
GPS_Lon,deg,GPS reported longitude,
GPS_Lat,deg,GPS reported latitude,
iMet_Pressure,mb,Pressure reported (mB),
iMet_Temperature,degrees C,Ambient temperature (oC),
THETA,K,Potential temperature from iMet,
Aerosol_concentration,cm^-3,Aerosol concentration,
Surface_Area_Conc,um^2 cm^-3,Surface area concentration,
Volume_density,um^3 cm^-3,Volume density,
Effective_radius,um,Effective radius,
Extinction,km^-1,Extinction,
Bin01,cm^-3,particle concentration in size range [140 - 170 nm],
Bin02,cm^-3,particle concentration in size range [170 - 205 nm],
Bin03,cm^-3,particle concentration in size range [205 - 249 nm],
Bin04,cm^-3,particle concentration in size range [249 - 302 nm],
Bin05,cm^-3,particle concentration in size range [302 - 366 nm],
Bin06,cm^-3,particle concentration in size range [366 - 443 nm],
Bin07,cm^-3,particle concentration in size range [443 - 537 nm],
Bin08,cm^-3,particle concentration in size range [537 - 651 nm],
Bin09,cm^-3,particle concentration in size range [651 - 789 nm],
Bin10,cm^-3,particle concentration in size range [789 - 956 nm],
Bin11,cm^-3,particle concentration in size range [956 - 1159 nm],
Bin12,cm^-3,particle concentration in size range [1159 - 1404 nm],
Bin13,cm^-3,particle concentration in size range [1404 - 1702 nm],
Bin14,cm^-3,particle concentration in size range [1702 - 2062 nm],
Bin15,cm^-3,particle concentration in size range [2062 - 2500 nm],
0
19
PI_CONTACT_INFO: 325 Broadway R/CSL6, Boulder, CO 80305; troy.thornberry@noaa.gov; 303-497-3373 
PLATFORM: GML ECC/FPH balloon
LOCATION: Boulder, CO, USA
ASSOCIATED_DATA: N/A
INSTRUMENT_INFO: Printed Optical Particle Spectrometer counts particles from 140 - 2500 nm in diameter 
DATA_INFO: Particle concentrations reported in number per cubic centimeter, binned to 100 m altitude
UNCERTAINTY: Counting uncertainty dominated by air flow, less than 5 percent
ULOD_FLAG: -77777
ULOD_VALUE: 3000 ~3000 per cm3 (varies depending on flow rate- manufacturer quotes 1250  per cm3 at 1.667 cc/s)
LLOD_FLAG: -88888
LLOD_VALUE: 0 0 (varies depending on data field and measurement precision)
DM_CONTACT_INFO: Troy Thornberry, 325 Broadway R/CSL6, Boulder, CO 80305; troy.thornberry@noaa.gov; 303-497-3373
PROJECT_INFO: B2SAP Boulder, CO, USA
STIPULATIONS_ON_USE: Please contact the PIs for questions regarding applications and uncertainties
OTHER_COMMENTS: POPS bin Edges (nm):  140, 170, 205, 249, 302, 366, 443, 537, 651, 789, 956, 1159, 1404, 1702, 2062, 2500
Calculations assume sulfate refractive index of 1.45+0.00j and extinction wavelength = 532 nm
REVISION: R0
R0: QA/QC data
TIME_START,TIME_STOP,TIME_MID,GPSAlt,GPS_Lon,GPS_Lat,iMet_Pressure,iMet_Temperature,THETA,Aerosol_concentration,Surface_Area_Conc,Volume_density,Effective_radius,Extinction,Bin01,Bin02,Bin03,Bin04,Bin05,Bin06,Bin07,Bin08,Bin09,Bin10,Bin11,Bin12,Bin13,Bin14,Bin15
57080,57738,57409,1.7,-105.197,39.9491,828.419,-0.165,288.066,353.409,66.5385,3504.02,0.157985,0.0204713,110.223,78.3422,56.8505,36.2951,42.4483,16.1411,10.7904,1.69437,0.356709,0.222943,0,0.0445886,0,0,0
57081,58041,57561,1.8,-105.197,39.9491,827.746,0.294328,288.62,363.308,72.1674,4205.76,0.174834,0.0235221,111.25,81.2646,54.8004,36.9573,45.0997,18.7419,12.312,1.98907,0.366967,0.186143,0.111686,0.0957305,0.0850938,0.0372285,0.0106367
58042,58059,58050,1.9,-105.197,39.9491,815.861,0.134706,289.649,250.949,45.0082,2667.58,0.177806,0.0136682,86.1258,62.1218,39.8581,23.5371,21.7968,8.27725,7.13117,1.33709,0.339579,0.106119,0.0848949,0.0848949,0.106119,0.0212237,0.0212237
58060,58078,58069,2,-105.197,39.9496,805.73,1.54474,292.181,186.695,28.0972,1573.91,0.16805,0.00642674,69.8265,51.1322,31.9791,16.7828,11.2778,2.79077,2.08352,0.286723,0.133804,0.133804,0.0764593,0.114689,0.0382297,0.0191148,0.0191148
58079,58099,58089,2.1,-105.198,39.9501,795.359,1.4065,293.117,196.217,29.4437,1664.63,0.169608,0.00663836,71.0085,54.5572,35.0304,17.6135,12.0523,2.70015,2.53921,0.339753,0.160936,0.0357635,0.0357635,0.0536453,0.0357635,0,0.0536453
58099,58119,58109,2.2,-105.197,39.9502,784.974,0.8895,293.67,201.121,30.0514,1647.7,0.164488,0.00675993,73.0365,57.6129,34.947,17.8076,11.4503,3.03416,2.4201,0.307028,0.144484,0.108363,0.0722418,0.0361209,0.108363,0.0180605,0.0180605
58120,58138,58129,2.3,-105.197,39.9502,775.473,2.02556,295.913,179.771,27.2789,1537.34,0.169069,0.00644962,65.9703,51.1553,31.5216,15.4721,9.61776,2.50898,2.46916,0.557551,0.139388,0.0796502,0.0199126,0.0796502,0.139388,0.0398251,0
58139,58157,58148,2.4,-105.196,39.9502,765.63,1.44632,296.366,168.417,25.3846,1486.39,0.175664,0.00584152,61.6794,48.6293,28.1328,14.5508,10.1628,2.62142,1.93757,0.303933,0.113975,0.0759832,0.0379916,0.0759832,0.0379916,0.0189958,0.0379916
58158,58176,58167,2.5,-105.196,39.9504,756.258,0.705789,296.612,144.016,21.6813,1178.67,0.16309,0.00517334,53.2066,40.8001,24.8898,12.0045,7.77326,2.54641,2.06776,0.363773,0.0957298,0.134022,0.0574379,0.019146,0.0382919,0,0.019146
58177,58196,58186,2.6,-105.196,39.9506,747.156,0.1255,297.011,146.846,22.9624,1359.39,0.177602,0.00570699,52.9332,40.3489,25.3308,13.2513,9.30297,2.81253,2.05531,0.486783,0.0721161,0.108174,0.036058,0.036058,0.018029,0.018029,0.036058
58197,58215,58206,2.7,-105.195,39.9506,737.624,-0.535789,297.378,154.273,23.34,1257.54,0.161637,0.00549041,55.9866,43.7675,26.4588,13.3056,9.47407,2.55438,1.88719,0.4575,0.133438,0.0953126,0.0190625,0.038125,0.0571875,0.038125,0
58216,58236,58226,2.8,-105.195,39.9506,728.408,-1.45095,297.444,159.769,24.4197,1246.91,0.153184,0.00576927,58.2224,42.9427,27.8885,14.69,9.98991,2.94841,2.18529,0.485621,0.173436,0.0693744,0.0346872,0.104062,0.0346872,0,0
58237,58256,58246,2.9,-105.194,39.9503,719.25,-2.4255,297.457,154.872,24.112,1244.76,0.154872,0.00601501,55.3674,42.4904,26.4857,14.2671,9.9687,2.74368,2.61564,0.402406,0.292659,0.091456,0.0365824,0.0731648,0.0365824,0,0
58257,58274,58266,3,-105.194,39.9501,710.189,-3.22059,297.657,127.024,19.9476,1155.94,0.173846,0.00489544,44.8635,35.8564,20.6368,12.1456,8.55567,2.6011,1.82722,0.214967,0.107483,0.0859867,0.0214967,0.0214967,0.0429933,0.0214967,0.0214967
58275,58293,58284,3.1,-105.194,39.9499,701.095,-4.14368,297.731,119.181,19.788,1373.27,0.208198,0.00529475,43.0519,32.0198,21.3338,10.7053,7.16891,2.32557,1.69132,0.442051,0.0384392,0.0576588,0.153757,0.0384392,0.0768784,0.0576588,0.0192196
58294,58312,58303,3.2,-105.194,39.9496,692.149,-5.10789,297.755,121.914,19.7061,1233.25,0.187746,0.00503993,42.4673,33.6248,20.9428,12.1197,7.9505,2.5015,1.49314,0.349046,0.213306,0.0387829,0.116349,0.0387829,0.0193915,0,0.0387829
58313,58332,58322,3.3,-105.194,39.9494,683.409,-6.06056,297.78,125.832,19.7174,1061.09,0.161445,0.0048049,43.7345,33.4006,22.1441,13.43,8.222,2.58347,1.49677,0.451083,0.266549,0.0205038,0,0.0615113,0,0,0.0205038
58333,58352,58342,3.4,-105.194,39.9491,674.423,-7.0085,297.844,126.711,19.7135,1049.02,0.15964,0.00469478,43.9365,34.6691,22.8336,12.1705,8.35557,2.49364,1.63762,0.297749,0.0558279,0.111656,0.0930464,0.0186093,0.0186093,0.0186093,0
58353,58372,58362,3.5,-105.194,39.9489,666.015,-7.422,298.446,143.945,23.2974,1470.68,0.18938,0.005941,50.1112,39.7779,24.926,13.4074,9.83335,2.8889,2.16667,0.51852,0.0740742,0.0185186,0.0370371,0.0740742,0.0370371,0.0370371,0.0370371
58373,58394,58384,3.6,-105.193,39.9485,657.334,-8.04318,298.874,185.433,29.7079,1563.05,0.157841,0.00737951,61.63,50.3012,33.2402,18.5365,13.5335,4.00239,3.17138,0.661411,0.186552,0.0339185,0,0.0847963,0.0339185,0,0.0169593
58395,58415,58405,3.7,-105.192,39.9478,648.81,-8.81857,299.11,253.664,41.0013,2085.52,0.152594,0.0101609,80.6695,69.5268,46.8877,26.5833,18.465,5.83665,4.20946,1.0789,0.0353736,0.159181,0.0707472,0.088434,0.0530604,0,0
58416,58435,58426,3.8,-105.19,39.947,640.86,-8.95579,300.007,250.157,40.7999,2131.24,0.156709,0.010577,81.0411,68.3808,45.737,24.0701,18.3456,6.33011,4.66943,1.17224,0.175836,0.0976869,0.0390748,0,0.0586121,0.0390748,0
58436,58455,58446,3.9,-105.189,39.946,632.548,-9.475,300.54,195.078,32.2489,1694.33,0.157617,0.00856853,64.4382,51.725,35.0401,19.1904,14.8475,4.63985,3.73044,0.983647,0.185594,0.111356,0.0927969,0.0556782,0.0371188,0,0
58456,58474,58465,4,-105.189,39.9451,624.346,-10.38,300.627,170.582,26.9939,1274.23,0.141612,0.00661198,56.1349,46.1893,30.5067,17.3576,12.1231,4.22949,3.07789,0.85846,0.0837522,0,0,0.020938,0,0,0
58475,58494,58484,4.1,-105.188,39.9443,616.55,-11.1155,300.861,166.901,28.0356,1519.82,0.162631,0.00781436,55.446,44.5595,29.1495,15.9543,12.5007,4.44845,3.43488,0.863412,0.337857,0.0750793,0,0.0938491,0.0187698,0.0187698,0
58495,58513,58504,4.2,-105.186,39.9431,608.137,-12.0267,300.995,187.831,30.9841,1605,0.155402,0.0084606,62.8707,49.4902,33.489,17.7399,13.9349,4.81295,4.13258,0.932351,0.302384,0.075596,0,0.0251987,0,0.0251987,0
58514,58532,58523,4.3,-105.185,39.942,601.004,-12.2778,301.724,158.705,26.0513,1389.56,0.160018,0.00697641,55.1091,41.0207,28.6196,14.2782,11.5575,3.88062,2.93156,0.906885,0.126542,0.105452,0.0421807,0.0843614,0.0421807,0,0
58534,58553,58544,4.4,-105.184,39.941,592.645,-12.347,302.85,89.3688,14.7953,816.642,0.165588,0.00404697,31.407,24.4319,14.1019,8.58622,6.06532,2.066,1.85751,0.663395,0.0379083,0.0189541,0.0189541,0.0758166,0.0379083,0,0
58554,58573,58564,4.5,-105.182,39.9401,585.193,-11.6505,304.758,55.4663,9.19189,531.295,0.173401,0.00241925,20.2719,13.8337,9.36639,5.18061,4.22332,1.23884,0.938516,0.206473,0.0750812,0,0.0563109,0.0375406,0.0375406,0,0
58574,58594,58584,4.6,-105.18,39.9383,577.322,-10.7555,306.992,49.9706,9.35027,730.559,0.234397,0.00309507,18.2087,12.8399,7.67767,4.82435,3.30384,1.3328,1.03245,0.41298,0.112631,0.0750872,0,0.0375436,0.0750872,0.0187718,0.0187718
58595,58614,58604,4.7,-105.177,39.9361,569.862,-10.8333,308.039,38.7405,7.00507,473.915,0.202959,0.00217333,13.7573,10.4166,5.97604,4.02553,2.15802,1.09976,0.892256,0.124501,0.0415003,0.103751,0.0415003,0.0622504,0.0415003,0,0
58615,58633,58624,4.8,-105.174,39.934,562.601,-11.5016,308.38,61.0068,11.3445,837.487,0.221469,0.0035012,20.6503,14.7305,10.9152,6.33275,4.9364,1.51435,1.29802,0.295004,0.0786678,0.0786678,0,0.0786678,0.0590008,0.0196669,0.0196669
58634,58652,58643,4.9,-105.172,39.9319,555.267,-11.8274,309.159,66.551,11.5861,821.772,0.212782,0.0034242,23.5714,17.0888,11.5379,6.32403,4.40105,1.90316,1.11018,0.356842,0.0792982,0.0594737,0.0198246,0.0396491,0,0.0396491,0.0198246
58653,58671,58662,5,-105.169,39.9299,548.209,-12.5389,309.442,54.7893,10.2033,782.999,0.230219,0.00336339,18.4216,14.6778,10.0229,4.89261,3.60508,1.26772,1.08945,0.336739,0.237698,0.0792326,0,0.0792326,0.0396163,0.0198082,0.0198082
58672,58692,58682,5.1,-105.166,39.9277,540.884,-13.3005,309.723,51.6731,10.516,995.491,0.283992,0.00369569,17.9839,12.3533,9.09552,4.95263,3.95458,1.52534,1.05455,0.28247,0.188313,0.0753252,0.0188313,0.0564939,0.0564939,0.0188313,0.0564939
58693,58713,58703,5.2,-105.163,39.9256,533.814,-14.0358,310.012,57.0918,10.0085,600.625,0.180035,0.00303425,19.2482,14.6587,9.37683,6.11274,4.60929,1.26607,1.12759,0.356082,0.237388,0.0395647,0,0.0197823,0.0197823,0.0197823,0
58714,58730,58722,5.3,-105.16,39.9238,526.812,-14.9175,310.13,58.8976,11.1073,830.504,0.224314,0.00369377,20.9456,14.176,10.2133,5.44868,4.50518,1.53318,1.20295,0.35381,0.235873,0.117937,0.0235873,0.0235873,0.0943494,0,0.0235873
58731,58750,58740,5.4,-105.158,39.922,519.943,-15.7325,310.311,58.7647,11.3003,889.996,0.236276,0.00366238,19.2449,15.4875,10.3568,5.72197,4.61573,1.31605,1.16347,0.400538,0.152586,0.0572197,0.0572197,0.076293,0.076293,0.0190732,0.0190732
58751,58769,58760,5.5,-105.155,39.9201,513.211,-16.6759,310.325,58.9313,11.1887,941.157,0.252351,0.00359595,19.2216,15.6939,10.1083,6.2866,4.40967,1.46989,1.04023,0.316592,0.135682,0.067841,0.0452274,0.0452274,0.0226137,0.0226137,0.0452274
58770,58790,58780,5.6,-105.152,39.9183,506.259,-17.5537,310.468,54.9795,9.88696,651.112,0.197567,0.00292302,18.5079,14.3346,9.57655,5.68545,3.97175,1.27015,1.00806,0.201612,0.18145,0.0403223,0.0604835,0.0604835,0.0806446,0,0
58791,58809,58800,5.7,-105.148,39.9164,499.494,-18.1822,310.895,45.612,7.83016,460.818,0.176555,0.00234632,16.7637,11.7411,7.4267,3.90653,2.85477,1.3308,1.11615,0.236109,0.128787,0.0214644,0.0214644,0.0429289,0.0214644,0,0
58810,58832,58821,5.8,-105.144,39.9145,492.601,-18.4614,311.8,45.9017,8.41735,644.389,0.229665,0.00271151,16.5863,11.5193,7.53924,4.36574,3.48909,0.981854,0.78899,0.315596,0.0876655,0.105199,0.0175331,0.0350662,0.0350662,0.0175331,0.0175331
58833,58851,58842,5.9,-105.141,39.9126,486.078,-18.9056,312.442,49.3148,9.86035,997.064,0.303356,0.00341208,18.4258,11.9251,8.39493,4.06831,3.48713,1.48526,0.925595,0.215255,0.0861019,0.0861019,0.0215255,0.0430509,0.0645764,0.0215255,0.0645764
58852,58872,58862,6,-105.138,39.9106,479.422,-19.3505,313.123,43.8276,7.95505,557.338,0.210183,0.00253592,15.6448,11.3614,7.13302,4.22834,3.03337,0.937588,0.955972,0.183841,0.110304,0.110304,0.0183841,0.0367681,0.0551522,0.0183841,0
58873,58891,58882,6.1,-105.134,39.9086,473.078,-19.9018,313.632,42.7867,7.00251,389.145,0.166717,0.00196512,16.1364,11.2224,7.01683,3.13129,2.9713,0.959958,0.959958,0.228561,0.0914245,0,0.0228561,0.0457123,0,0,0
58892,58909,58900,6.2,-105.131,39.9068,466.982,-20.53,314.013,40.1345,6.93643,455.777,0.197123,0.00197634,14.9038,10.2119,7.06091,3.35796,2.50697,0.896988,0.75899,0.206997,0.0689991,0,0.0459994,0.0689991,0.0459994,0,0
58910,58928,58919,6.3,-105.127,39.9049,460.698,-21.3688,314.193,37.0234,6.77825,461.443,0.204231,0.00221616,13.7081,9.58415,5.89794,2.90289,2.60339,0.967631,0.806359,0.161272,0.230388,0.0230388,0.0460776,0.0460776,0.0460776,0,0
58930,58949,58940,6.4,-105.123,39.9029,454.218,-22.3275,314.264,37.6077,6.48006,395.466,0.183085,0.00202269,13.9107,9.95714,5.88155,3.14821,2.68452,0.902976,0.585714,0.268452,0.0732143,0.122024,0.0488095,0.0244048,0,0,0
58950,58965,58958,6.5,-105.12,39.9011,448.05,-23.2564,314.323,36.9389,7.15049,561.288,0.235489,0.00243987,12.9537,9.10936,6.93649,3.31503,2.22859,1.00287,0.752149,0.306431,0.0835721,0.0835721,0.0278574,0.0835721,0.0278574,0.0278574,0
58967,58983,58975,6.6,-105.117,39.8993,442.175,-24.1342,314.401,35.8114,6.31376,425.588,0.202219,0.00200087,14.0217,9.15034,5.69428,2.66611,2.17238,1.02036,0.592468,0.164575,0.0987447,0.0987447,0.0329149,0.0987447,0,0,0
58984,59002,58993,6.7,-105.114,39.8976,435.999,-25.0421,314.513,28.8988,4.77844,244.742,0.153654,0.00136404,10.6262,7.19658,3.99185,3.34528,2.19271,0.646568,0.646568,0.16867,0.0281116,0.0562233,0,0,0,0,0
59003,59019,59011,6.8,-105.111,39.8959,430.531,-25.8036,314.691,31.3756,5.592,392.039,0.210322,0.00176429,11.5892,7.49056,5.39886,3.05276,2.00691,0.763189,0.763189,0.141331,0.0565326,0.0565326,0,0,0.0282663,0.0282663,0
59021,59039,59030,6.9,-105.108,39.8939,424.238,-26.6658,314.913,30.2698,5.72947,470.326,0.246267,0.00178612,11.211,7.05636,5.01199,3.29736,2.11031,0.72542,0.560552,0.0659473,0.0329736,0.0329736,0.0659473,0.0329736,0.0329736,0.0329736,0
59039,59055,59047,7,-105.105,39.892,418.665,-27.4547,315.091,24.8367,4.51648,309.114,0.205324,0.00131921,8.60547,6.06354,4.34245,2.62136,2.01235,0.503089,0.450132,0.0264784,0.0794351,0.0264784,0.0264784,0.0264784,0.0529567,0,0
59056,59072,59064,7.1,-105.101,39.8902,412.563,-28.2642,315.37,16.2082,2.69769,134.833,0.149943,0.00072801,5.8576,4.06038,1.96363,1.73065,1.79722,0.399382,0.332818,0.0332818,0,0.0332818,0,0,0,0,0
59073,59089,59081,7.2,-105.097,39.8882,406.886,-28.8814,315.824,10.3002,1.65669,80.509,0.145789,0.000439118,3.75858,2.43877,1.72149,1.11897,0.717286,0.286914,0.172149,0.0573828,0.0286914,0,0,0,0,0,0
59090,59109,59100,7.3,-105.093,39.8864,401.122,-29.43,316.408,19.3997,3.43389,196.451,0.171628,0.00103003,6.63104,5.0581,2.80663,2.15894,1.41873,0.678525,0.431789,0.123368,0.0616841,0,0,0.0308421,0,0,0
59110,59130,59120,7.4,-105.088,39.8842,395.375,-30.2169,316.687,20.5713,3.61394,227.616,0.188949,0.00104842,7.82937,4.88184,3.03964,2.27205,1.16673,0.767585,0.399144,0.122814,0.0307034,0,0,0.0307034,0.0307034,0,0
59131,59149,59140,7.5,-105.083,39.8821,389.698,-31.1418,316.785,14.8521,3.04107,290.936,0.287007,0.0011826,5.4094,3.67744,2.27764,1.37607,0.925292,0.474509,0.427058,0.142353,0.0949017,0.0237254,0,0,0,0,0.0237254
59150,59167,59158,7.6,-105.078,39.88,384.492,-31.9092,316.993,19.1831,3.71037,374.409,0.302727,0.00121173,7.15988,4.35672,3.17466,2.1277,1.35092,0.506595,0.303957,0.101319,0.033773,0,0.033773,0,0,0,0.033773
59169,59185,59177,7.7,-105.075,39.8783,379.76,-32.741,317.024,22.5564,4.04235,313.886,0.232948,0.00130252,9.11164,4.94053,3.56366,1.98431,1.61985,0.647939,0.485954,0.0809924,0.0809924,0,0,0,0,0.0404962,0
59186,59200,59193,7.8,-105.071,39.8763,374.24,-33.4469,317.422,19.9286,3.3068,191.402,0.173644,0.000963968,7.9901,4.63239,2.95354,1.95866,1.46122,0.373079,0.373079,0.0310899,0.0932697,0.0310899,0,0.0310899,0,0,0
59202,59220,59211,7.9,-105.067,39.874,368.503,-34.3964,317.56,19.9624,3.29928,181.447,0.164988,0.000853747,7.44425,4.70358,3.03696,2.18513,1.70366,0.370361,0.370361,0.111108,0,0,0,0.0370361,0,0,0
59221,59240,59230,8,-105.063,39.8717,362.899,-35.2624,317.793,21.5288,3.58396,199.399,0.16691,0.00103736,7.93545,5.53803,3.33241,1.96588,1.72614,0.455509,0.28769,0.167819,0.0719225,0.0239742,0,0.0239742,0,0,0
59241,59260,59250,8.1,-105.059,39.869,357.772,-36.1192,317.937,21.9768,3.67163,199.954,0.163378,0.00102962,8.26882,5.78503,2.82963,1.88642,1.91786,0.691688,0.408725,0.125761,0.0314404,0,0.0314404,0,0,0,0
59261,59275,59268,8.2,-105.056,39.8667,353.374,-36.9218,317.991,20.05,3.10819,149.316,0.144119,0.000811533,7.43426,5.63202,2.9662,1.50187,1.57697,0.488108,0.225281,0.187734,0.0375468,0,0,0,0,0,0
59277,59296,59286,8.3,-105.051,39.864,347.772,-37.7492,318.325,17.2868,3.16078,187.903,0.178345,0.000998877,5.62379,4.37761,2.97166,1.78939,1.37399,0.4793,0.447347,0.09586,0.09586,0,0,0.0319533,0,0,0
59298,59323,59310,8.4,-105.045,39.8606,342.203,-38.5415,318.716,14.6419,2.47725,139.043,0.168384,0.000675663,5.10813,3.84661,2.15079,1.50969,1.2822,0.351572,0.28953,0.0413614,0.0413614,0,0,0,0.0206807,0,0
59324,59343,59334,8.5,-105.039,39.8576,337.455,-39.498,318.683,16.4432,2.54526,118.215,0.139335,0.000625118,6.40071,4.24875,2.23473,1.21393,1.48982,0.496607,0.303482,0.0551785,0,0,0,0,0,0,0
59345,59358,59352,8.6,-105.035,39.8553,333.144,-40.3862,318.649,15.5391,3.06893,293.642,0.287047,0.00104175,5.85305,3.05602,2.84883,1.7093,1.24313,0.310782,0.362578,0.103594,0,0,0,0,0,0.0517969,0
59360,59377,59368,8.7,-105.031,39.8526,328.082,-41.3094,318.775,15.7379,2.69113,150.907,0.168228,0.000769671,5.91473,3.62179,2.70983,1.27675,1.14647,0.573233,0.338729,0.13028,0,0,0,0.0260561,0,0,0
59379,59397,59388,8.8,-105.027,39.85,323.255,-42.22,318.867,17.6546,2.67751,121.911,0.136594,0.00062493,6.58308,4.39869,3.112,1.49615,1.25677,0.418923,0.329154,0.0598462,0,0,0,0,0,0,0
