data/B2SAP/Locations/Boulder/NOAA-POPS-B2SAP_GMLBalloon_20210402_R0.ict
61,1001
Thornberry, T. D.
NOAA Chemical Sciences Laboratory
Portable Optical Particle Spectrometer (POPS)
Balloon Baseline Stratospheric Aerosol Profiles (B2SAP)
1,1
2021,04,02,2024,05,28
0
TIME_START,s,Seconds since midnight UTC on flight start day,Start time of 100 m altitude bin in UTC_seconds_since_midnight
28
1.0,1.0,1.0,1.0,1.0,1.0,1.0,1.0,1.0,1.0,1.0,1.0,1.0,1.0,1.0,1.0,1.0,1.0,1.0,1.0,1.0,1.0,1.0,1.0,1.0,1.0,1.0,1.0
99999,99999,99999,99999,99999,99999,99999,99999,99999,99999,99999,99999,99999,99999,99999,99999,99999,99999,99999,99999,99999,99999,99999,99999,99999,99999,99999,99999
TIME_STOP,s,End time of 100 m altitude bin in UTC seconds since midnight,
TIME_MID,s,Mid time of 100 m altitude in UTC seconds since midnight,
GPSAlt,m,GPS reported altitude above sea level (m),
GPS_Lon,deg,GPS reported longitude,
GPS_Lat,deg,GPS reported latitude,
iMet_Pressure,mb,Pressure reported (mB),
iMet_Temperature,degrees C,Ambient temperature (oC),
THETA,K,Potential temperature from iMet,
Aerosol_concentration,cm^-3,Aerosol concentration,
Surface_Area_Conc,um^2 cm^-3,Surface area concentration,
Volume_density,um^3 cm^-3,Volume density,
Effective_radius,um,Effective radius,
Extinction,km^-1,Extinction,
Bin01,cm^-3,particle concentration in size range [140 - 170 nm],
Bin02,cm^-3,particle concentration in size range [170 - 205 nm],
Bin03,cm^-3,particle concentration in size range [205 - 249 nm],
Bin04,cm^-3,particle concentration in size range [249 - 302 nm],
Bin05,cm^-3,particle concentration in size range [302 - 366 nm],
Bin06,cm^-3,particle concentration in size range [366 - 443 nm],
Bin07,cm^-3,particle concentration in size range [443 - 537 nm],
Bin08,cm^-3,particle concentration in size range [537 - 651 nm],
Bin09,cm^-3,particle concentration in size range [651 - 789 nm],
Bin10,cm^-3,particle concentration in size range [789 - 956 nm],
Bin11,cm^-3,particle concentration in size range [956 - 1159 nm],
Bin12,cm^-3,particle concentration in size range [1159 - 1404 nm],
Bin13,cm^-3,particle concentration in size range [1404 - 1702 nm],
Bin14,cm^-3,particle concentration in size range [1702 - 2062 nm],
Bin15,cm^-3,particle concentration in size range [2062 - 2500 nm],
0
19
PI_CONTACT_INFO: 325 Broadway R/CSL6, Boulder, CO 80305; troy.thornberry@noaa.gov; 303-497-3373 
PLATFORM: GML ECC/FPH balloon
LOCATION: Boulder, CO, USA
ASSOCIATED_DATA: N/A
INSTRUMENT_INFO: Printed Optical Particle Spectrometer counts particles from 140 - 2500 nm in diameter 
DATA_INFO: Particle concentrations reported in number per cubic centimeter, binned to 100 m altitude
UNCERTAINTY: Counting uncertainty dominated by air flow, less than 5 percent
ULOD_FLAG: -77777
ULOD_VALUE: 3000 ~3000 per cm3 (varies depending on flow rate- manufacturer quotes 1250  per cm3 at 1.667 cc/s)
LLOD_FLAG: -88888
LLOD_VALUE: 0 0 (varies depending on data field and measurement precision)
DM_CONTACT_INFO: Troy Thornberry, 325 Broadway R/CSL6, Boulder, CO 80305; troy.thornberry@noaa.gov; 303-497-3373
PROJECT_INFO: B2SAP Boulder, CO, USA
STIPULATIONS_ON_USE: Please contact the PIs for questions regarding applications and uncertainties
OTHER_COMMENTS: POPS bin Edges (nm):  140, 170, 205, 249, 302, 366, 443, 537, 651, 789, 956, 1159, 1404, 1702, 2062, 2500
Calculations assume sulfate refractive index of 1.45+0.00j and extinction wavelength = 532 nm
REVISION: R0
R0: QA/QC data
TIME_START,TIME_STOP,TIME_MID,GPSAlt,GPS_Lon,GPS_Lat,iMet_Pressure,iMet_Temperature,THETA,Aerosol_concentration,Surface_Area_Conc,Volume_density,Effective_radius,Extinction,Bin01,Bin02,Bin03,Bin04,Bin05,Bin06,Bin07,Bin08,Bin09,Bin10,Bin11,Bin12,Bin13,Bin14,Bin15
[from data line 149]
61171,61194,61182,17.1,-104.704,39.8503,88.1338,-66.1325,414.374,4.6484,0.945309,56.665,0.17983,0.000381324,1.73352,0.950226,0.667727,0.398068,0.398068,0.192613,0.166932,0.102727,0.0385227,0,0,0,0,0,0
61195,61218,61206,17.2,-104.701,39.8495,86.7233,-66.6175,415.322,5.15993,1.09616,72.9936,0.199771,0.000500634,2.22992,0.985313,0.55748,0.414868,0.375975,0.19447,0.19447,0.142611,0.0388939,0.0259293,0,0,0,0,0
61219,61248,61234,17.3,-104.697,39.8488,85.1957,-66.17,418.333,5.51836,1.17553,68.5028,0.174821,0.000457397,1.79114,1.24241,0.745445,0.496963,0.424489,0.434843,0.300248,0.0621204,0.0207068,0,0,0,0,0,0
61249,61277,61263,17.4,-104.693,39.8479,83.7993,-65.3514,421.981,5.942,1.34635,91.1477,0.203099,0.000582634,2.04823,1.30148,0.885433,0.330704,0.533393,0.437383,0.192022,0.14935,0.0426715,0.0106679,0.0106679,0,0,0,0
61278,61306,61292,17.5,-104.688,39.8474,82.3929,-65.1075,424.524,5.25225,1.15125,76.7114,0.1999,0.000471478,1.69827,1.19216,0.776029,0.56234,0.404885,0.224936,0.236183,0.123715,0.0112468,0.0112468,0.0112468,0,0,0,0
61307,61330,61318,17.6,-104.683,39.8467,81.0592,-65.1721,426.368,5.41719,1.11247,62.2583,0.167892,0.000391764,1.68445,1.19933,0.606401,0.660304,0.687255,0.350365,0.134756,0.0673779,0.0269512,0,0,0,0,0,0
61331,61354,61342,17.7,-104.679,39.8457,79.7471,-65.0337,428.657,5.18924,1.10362,65.8461,0.178991,0.00044832,1.76186,1.0874,0.729522,0.536818,0.426702,0.247762,0.233998,0.15141,0.0137646,0,0,0,0,0,0
61355,61377,61366,17.8,-104.675,39.8447,78.4126,-64.9309,430.935,4.72665,0.905577,50.8269,0.16838,0.000327721,1.7853,1.05362,0.599977,0.424374,0.321939,0.292672,0.160969,0.0731679,0.0146336,0,0,0,0,0,0
61378,61400,61389,17.9,-104.671,39.844,77.1343,-64.56,433.732,4.93892,1.12193,78.1992,0.209101,0.000449078,1.61637,1.06262,0.628589,0.448992,0.598657,0.284362,0.194563,0.0448992,0.0299328,0.0149664,0,0.0149664,0,0,0
61401,61423,61412,18,-104.667,39.8437,75.9143,-64.7648,435.292,4.86495,1.08606,65.6961,0.181471,0.00045092,1.66712,0.86387,0.682003,0.515291,0.424357,0.333424,0.227334,0.136401,0.0151556,0,0,0,0,0,0
61424,61447,61436,18.1,-104.663,39.8438,74.5879,-64.1396,438.795,5.02859,1.03641,68.0238,0.196902,0.000390638,1.9613,0.943782,0.678343,0.486638,0.398158,0.280185,0.162213,0.0884795,0.0147466,0,0.0147466,0,0,0,0
61448,61472,61460,18.2,-104.659,39.8439,73.3592,-63.8184,441.565,5.06701,1.02911,66.4932,0.193838,0.000377446,1.81271,1.25605,0.542385,0.513838,0.356832,0.328285,0.157006,0.0713664,0.0142733,0,0.0142733,0,0,0,0
61473,61495,61484,18.3,-104.655,39.844,72.1809,-64.0309,443.161,4.65354,0.991331,59.9622,0.18146,0.000405253,1.74706,0.778237,0.603531,0.603531,0.317648,0.301765,0.142942,0.127059,0.0317648,0,0,0,0,0,0
61496,61518,61507,18.4,-104.652,39.8442,70.9982,-64.2182,444.854,4.83813,1.11569,74.1013,0.199253,0.000497293,1.77454,0.920751,0.652896,0.217632,0.53571,0.401782,0.217632,0.0502228,0.0334819,0.0334819,0,0,0,0,0
61519,61538,61528,18.5,-104.648,39.8445,69.789,-64.5475,446.346,5.1718,1.08537,65.1982,0.18021,0.000446223,1.92527,1.13251,0.566255,0.415254,0.490755,0.264253,0.207627,0.151001,0.0188752,0,0,0,0,0,0
61539,61557,61548,18.6,-104.644,39.8447,68.6694,-65.0422,447.343,4.27896,0.917765,59.0597,0.193055,0.000389828,1.53276,0.9154,0.553498,0.383191,0.404479,0.212884,0.170307,0.0425768,0.0425768,0.0212884,0,0,0,0,0
61558,61572,61565,18.7,-104.642,39.845,67.6153,-65.018,449.38,4.67829,1.1078,73.0255,0.197757,0.000513966,1.41377,1.18242,0.462688,0.514097,0.436983,0.282754,0.205639,0.0771146,0.102819,0,0,0,0,0,0
61573,61585,61579,18.8,-104.64,39.8453,66.5138,-64.7254,452.131,4.51847,0.964158,59.0674,0.18379,0.000402676,1.49618,0.897709,0.688244,0.598473,0.389007,0.119695,0.119695,0.179542,0.0299236,0,0,0,0,0,0
61586,61601,61594,18.9,-104.639,39.8455,65.2865,-64.7665,454.443,4.4359,1.00633,62.6213,0.186682,0.000431499,1.47085,1.00391,0.490284,0.326856,0.466937,0.373549,0.163428,0.0933873,0.0466937,0,0,0,0,0,0
61603,61616,61610,19,-104.637,39.8459,64.2647,-65.8827,454.064,4.81366,1.01798,59.7151,0.175981,0.00039504,1.74798,0.752975,0.699191,0.618515,0.349596,0.349596,0.188244,0.0806759,0.026892,0,0,0,0,0,0
61618,61632,61625,19.1,-104.636,39.8461,63.2247,-66.512,454.792,4.53005,0.862868,44.4286,0.154469,0.000262017,1.39176,1.00971,0.764105,0.300184,0.627658,0.300184,0.109158,0.0272895,0,0,0,0,0,0,0
61633,61647,61640,19.2,-104.634,39.8463,62.168,-67.448,454.921,4.72628,0.906231,48.3693,0.160122,0.00029767,1.52909,1.02866,0.722842,0.583834,0.361421,0.278016,0.16681,0.0556032,0,0,0,0,0,0,0
61648,61662,61655,19.3,-104.633,39.8465,61.16,-67.63,456.648,4.07183,0.9831,60.6983,0.185225,0.000413768,1.08768,0.72512,0.585674,0.557785,0.529896,0.306782,0.111557,0.139446,0.0278892,0,0,0,0,0,0
61663,61676,61670,19.4,-104.631,39.8468,60.0971,-66.5914,461.254,4.42907,1.09294,68.6272,0.188373,0.000482657,1.2829,0.855268,0.549815,0.51927,0.427634,0.366543,0.305453,0.0916358,0.0305453,0,0,0,0,0,0
61677,61692,61684,19.5,-104.629,39.8471,59.1094,-66.0113,464.755,4.38418,0.967609,54.1439,0.167869,0.000347256,0.935649,1.22971,0.454458,0.668321,0.507924,0.320794,0.213863,0.0534657,0,0,0,0,0,0,0
61693,61712,61702,19.6,-104.626,39.8476,58.07,-65.5235,468.207,4.88524,1.20686,78.878,0.196074,0.000530923,1.12903,1.08561,0.716501,0.673077,0.60794,0.325682,0.151985,0.130273,0.0434243,0.0217122,0,0,0,0,0
61713,61731,61722,19.7,-104.622,39.8478,57.0995,-64.0626,473.786,3.95673,0.99824,62.2306,0.187021,0.000430182,0.869107,0.869107,0.617524,0.526039,0.274455,0.503167,0.160099,0.114356,0.0228712,0,0,0,0,0,0
61732,61752,61742,19.8,-104.619,39.847,56.2071,-63.4038,477.417,5.16346,1.28979,81.6171,0.189838,0.000565313,1.30642,1.07831,0.705051,0.622104,0.51842,0.539157,0.228105,0.103684,0.0622104,0,0,0,0,0,0
61753,61766,61760,19.9,-104.617,39.8463,55.2671,-63.1536,480.297,4.16948,1.05963,68.3727,0.193575,0.000452276,0.783738,0.846437,0.846437,0.564291,0.438893,0.313495,0.313495,0.0313495,0,0.0313495,0,0,0,0,0
61767,61787,61777,20,-104.615,39.8454,54.416,-63.7325,481.102,3.94217,0.912291,52.9363,0.174077,0.000349365,1.03623,0.653274,0.698328,0.495587,0.450534,0.360427,0.157687,0.0901068,0,0,0,0,0,0,0
61788,61801,61794,20.1,-104.613,39.845,53.5217,-64.7783,480.964,5.38986,1.32046,84.4201,0.191797,0.000552269,1.25257,1.06279,0.797092,0.910962,0.569351,0.379568,0.303654,0.0759135,0,0.0379568,0,0,0,0,0
61802,61820,61811,20.2,-104.612,39.8445,52.6442,-65.2421,482.174,4.08814,1.00963,62.8482,0.186746,0.000441116,1.05898,0.763448,0.640311,0.541802,0.418665,0.221646,0.344783,0.0738821,0.0246274,0,0,0,0,0,0
61821,61837,61829,20.3,-104.61,39.8443,51.722,-66.1387,482.52,3.79415,1.01454,64.9079,0.191934,0.000463986,0.815272,0.689846,0.533063,0.658489,0.438993,0.156783,0.407636,0.0627133,0.0313566,0,0,0,0,0,0
61838,61849,61844,20.4,-104.609,39.8443,50.9842,-66.6717,483.253,4.13763,0.989457,67.3037,0.204063,0.000436885,1.10337,0.630497,0.866933,0.630497,0.512279,0.118218,0.118218,0.0788121,0.039406,0.039406,0,0,0,0,0
61850,61866,61858,20.5,-104.607,39.845,50.0106,-65.8912,487.77,3.56578,0.875366,52.7562,0.180803,0.00036293,0.695026,0.695026,0.876337,0.362622,0.302185,0.302185,0.241748,0.0906555,0,0,0,0,0,0,0
61867,61881,61874,20.6,-104.605,39.8458,49.1314,-65.5864,490.957,4.04812,1.0819,73.5653,0.203989,0.000541762,0.87244,1.01203,0.73285,0.314079,0.418771,0.244283,0.13959,0.279181,0.0348976,0,0,0,0,0,0
61882,61897,61890,20.7,-104.603,39.8466,48.395,-64.8569,494.828,3.39077,0.7689,44.8691,0.175065,0.000301452,0.585678,0.986405,0.616503,0.554853,0.123301,0.215776,0.246601,0.0616503,0,0,0,0,0,0,0
61898,61914,61906,20.8,-104.601,39.8472,47.5582,-65.0535,496.82,3.7136,0.96101,62.496,0.195095,0.000417384,0.98039,0.683302,0.475341,0.267379,0.653594,0.326797,0.297088,0,0,0.0297088,0,0,0,0,0
61915,61931,61923,20.9,-104.598,39.8475,46.7465,-65.4735,498.268,4.0188,1.08068,68.6254,0.190507,0.000484074,0.893068,0.714454,0.535841,0.56561,0.535841,0.357227,0.297689,0.0893068,0.0297689,0,0,0,0,0,0
61932,61950,61941,21,-104.596,39.8477,45.911,-65.629,500.465,4.84909,1.13886,71.1467,0.187415,0.000469839,1.31544,0.954342,0.696412,0.670619,0.541654,0.25793,0.335309,0.0515861,0,0.025793,0,0,0,0,0
61952,61975,61964,21.1,-104.591,39.8477,45.17,-64.7009,505.044,3.39591,0.949677,62.5859,0.197707,0.000452563,0.843281,0.455828,0.478619,0.524202,0.433036,0.273497,0.205122,0.15954,0.0227914,0,0,0,0,0,0
61975,61998,61986,21.2,-104.587,39.8471,44.3696,-63.3835,510.845,3.12547,0.874479,66.5629,0.228352,0.00034825,0.656802,0.430319,0.611505,0.452967,0.40767,0.339725,0.158538,0.0452967,0,0,0,0.0226483,0,0,0
61999,62024,62012,21.3,-104.582,39.8457,43.6448,-62.498,515.41,3.80483,0.984463,59.2149,0.180448,0.000396579,0.803241,0.528448,0.570724,0.570724,0.739827,0.317069,0.190241,0.0634138,0.0211379,0,0,0,0,0,0
62025,62046,62036,21.4,-104.578,39.8443,42.9814,-61.0595,521.219,3.69928,0.997135,62.452,0.187894,0.000439453,0.582763,0.8108,0.582763,0.582763,0.430738,0.329388,0.228038,0.152025,0,0,0,0,0,0,0
62047,62067,62057,21.5,-104.575,39.8433,42.2986,-60.0829,526.011,3.60128,1.07341,73.2494,0.20472,0.000544365,0.760833,0.811555,0.22825,0.583305,0.355055,0.380416,0.253611,0.202889,0.0253611,0,0,0,0,0,0
62068,62084,62076,21.6,-104.571,39.8422,41.6188,-58.1147,533.341,3.70914,0.854233,48.4989,0.170324,0.000317048,0.974435,0.534368,0.660101,0.502934,0.534368,0.220034,0.251467,0.0314334,0,0,0,0,0,0,0
62085,62100,62092,21.7,-104.568,39.8408,40.9794,-57.8219,536.429,3.43334,0.86547,52.5413,0.182125,0.000363612,0.652334,0.686667,0.686667,0.343334,0.549334,0.171667,0.240333,0.103,0,0,0,0,0,0,0
62101,62116,62108,21.8,-104.565,39.8392,40.3344,-58.275,537.731,2.84887,0.681361,39.3416,0.173219,0.000260488,0.54918,0.617828,0.411885,0.480533,0.377561,0.171619,0.205943,0.0343238,0,0,0,0,0,0,0
62117,62122,62120,21.9,-104.563,39.8379,39.842,-58.47,539.138,3.99575,0.856805,46.7747,0.163776,0.00029276,1.22092,0.332979,0.998936,0.665958,0.110993,0.443972,0.221986,0,0,0,0,0,0,0,0
62133,62149,62141,22,-104.559,39.8353,38.974,-58.388,542.738,3.98785,0.805788,44.2396,0.164707,0.000282462,1.07365,1.03531,0.613516,0.498481,0.306758,0.191724,0.230068,0.0383447,0,0,0,0,0,0,0
62150,62167,62158,22.1,-104.557,39.8339,38.3424,-57.9218,546.474,3.30992,0.639196,34.0666,0.159888,0.000196783,0.911917,0.675494,0.607945,0.439071,0.439071,0.168874,0.0337747,0,0.0337747,0,0,0,0,0,0
62168,62187,62178,22.2,-104.555,39.832,37.7255,-57.709,549.542,2.89283,0.538652,28.8212,0.160519,0.000175998,0.859256,0.658763,0.630121,0.200493,0.372344,0.0572837,0.0286419,0.0859256,0,0,0,0,0,0,0
62188,62208,62198,22.3,-104.553,39.8299,37.1609,-58.0727,550.995,2.33689,0.374339,17.731,0.142098,9.65936e-05,0.945257,0.472629,0.341343,0.262571,0.1838,0.0525143,0.0787714,0,0,0,0,0,0,0,0
62210,62228,62219,22.4,-104.551,39.8281,36.4921,-58.6026,552.486,2.31693,0.376734,18.4648,0.147038,0.000105622,1.03323,0.532268,0.219169,0.156549,0.156549,0.156549,0.0626198,0,0,0,0,0,0,0,0
62229,62249,62239,22.5,-104.548,39.8267,35.9889,-59.3179,552.838,2.0028,0.373196,20.3535,0.163616,0.000129228,0.858343,0.381486,0.190743,0.190743,0.158952,0.127162,0.0635809,0.0317905,0,0,0,0,0,0,0
62250,62267,62258,22.6,-104.545,39.8258,35.4153,-59.7818,554.177,1.82087,0.274032,11.6823,0.127893,5.16965e-05,0.642659,0.464143,0.21422,0.285626,0.142813,0.0714066,0,0,0,0,0,0,0,0,0
62271,62290,62280,22.7,-104.541,39.8248,34.769,-60.582,555.012,1.86595,0.25115,9.90822,0.118354,3.88986e-05,0.672967,0.52002,0.367073,0.122358,0.152947,0.0305894,0,0,0,0,0,0,0,0,0
62291,62311,62301,22.8,-104.538,39.8236,34.26,-61.1581,555.846,1.86084,0.248147,9.69583,0.117219,3.68841e-05,0.697814,0.494285,0.319832,0.203529,0.116302,0.0290756,0,0,0,0,0,0,0,0,0
62312,62328,62320,22.9,-104.535,39.8225,33.69,-61.475,557.681,1.96616,0.221644,8.11857,0.109887,2.88651e-05,1.09231,0.436925,0.218463,0.131078,0.0436925,0.0436925,0,0,0,0,0,0,0,0,0
62329,62345,62337,23,-104.532,39.8211,33.0967,-61.7747,559.729,1.51267,0.163544,5.47936,0.100511,1.49792e-05,0.63028,0.588261,0.168075,0.0840373,0.0420186,0,0,0,0,0,0,0,0,0,0
62347,62361,62354,23.1,-104.53,39.8196,32.67,-61.65,562.131,2.19347,0.233774,7.76563,0.0996555,1.98038e-05,1.18813,0.456972,0.274183,0.274183,0,0,0,0,0,0,0,0,0,0,0
62362,62374,62368,23.2,-104.528,39.8176,32.0486,-61.4964,565.647,1.73567,0.186104,6.15425,0.0992067,1.53817e-05,0.867835,0.41108,0.274053,0.182702,0,0,0,0,0,0,0,0,0,0,0
62376,62390,62383,23.3,-104.526,39.8155,31.4943,-61.9571,567.222,1.47595,0.172188,6.04763,0.105367,1.8815e-05,0.461234,0.645728,0.27674,0,0.0922468,0,0,0,0,0,0,0,0,0,0
62391,62404,62398,23.4,-104.525,39.8137,31.0079,-62.2079,569.084,2.06267,0.184393,5.39458,0.0877678,9.92248e-06,1.35948,0.37503,0.328152,0,0,0,0,0,0,0,0,0,0,0,0
62406,62417,62412,23.5,-104.523,39.8123,30.5909,-61.8673,572.209,1.9548,0.170676,4.88739,0.0859062,8.39838e-06,1.22175,0.549788,0.183263,0,0,0,0,0,0,0,0,0,0,0,0
62418,62424,62421,23.6,-104.522,39.8114,30.1163,-59.8963,580.13,1.58716,0.132235,3.67639,0.0834055,5.81921e-06,1.08595,0.417673,0.0835346,0,0,0,0,0,0,0,0,0,0,0,0
57162,57162,57162,1.8,-105.197,39.9491,823.8,16.51,306.153,144.745,27.2099,1840.83,0.202959,0.00863163,52.9067,31.2782,26.6197,12.6444,12.3116,3.66021,2.99472,1.33099,0.332746,0,0.332746,0.332746,0,0,0
64198,64198,64198,23.6,-104.171,39.733,30.04,-63.37,571.084,1.55798,0.122355,3.26366,0.0800211,4.51534e-06,1.16849,0.389495,0,0,0,0,0,0,0,0,0,0,0,0,0
64199,64215,64207,23.5,-104.17,39.7322,30.375,-62.0012,572.999,1.40226,0.107792,2.84062,0.0790582,3.79783e-06,1.12181,0.280452,0,0,0,0,0,0,0,0,0,0,0,0,0
64216,64231,64224,23.4,-104.17,39.7306,30.8608,-63.0208,567.66,0.906787,0.0730998,1.97781,0.0811689,2.84322e-06,0.623416,0.283371,0,0,0,0,0,0,0,0,0,0,0,0,0
64232,64247,64240,23.3,-104.169,39.7291,31.3207,-62.1643,567.559,0.838599,0.0719284,2.0316,0.0847341,3.34471e-06,0.524124,0.262062,0.0524124,0,0,0,0,0,0,0,0,0,0,0,0
64249,64266,64258,23.2,-104.167,39.7272,31.8713,-61.0387,567.766,1.12311,0.0934838,2.57188,0.0825344,3.85753e-06,0.683634,0.439479,0,0,0,0,0,0,0,0,0,0,0,0,0
64267,64282,64274,23.1,-104.165,39.7254,32.3847,-60.372,566.942,0.970124,0.0932255,2.8699,0.0923535,6.09801e-06,0.533568,0.291037,0.0970124,0.0485062,0,0,0,0,0,0,0,0,0,0,0
64284,64298,64291,23,-104.163,39.7236,32.9273,-60.4453,564.075,1.19628,0.0950798,2.59488,0.0818746,4.00102e-06,1.00487,0.0957021,0.0957021,0,0,0,0,0,0,0,0,0,0,0,0
64299,64312,64306,22.9,-104.16,39.7223,33.4409,-60.6791,560.959,1.02079,0.0854324,2.38486,0.0837456,3.82914e-06,0.701793,0.255197,0.0637994,0,0,0,0,0,0,0,0,0,0,0,0
64315,64326,64320,22.8,-104.157,39.7214,34.0082,-60.5136,558.712,1.63487,0.150437,4.53648,0.0904657,9.2597e-06,1.06895,0.314397,0.188638,0.0628794,0,0,0,0,0,0,0,0,0,0,0
64328,64340,64334,22.7,-104.155,39.7208,34.5992,-60.3138,556.487,1.38739,0.119506,3.41429,0.0857104,5.90174e-06,0.960498,0.266805,0.160083,0,0,0,0,0,0,0,0,0,0,0,0
64341,64356,64348,22.6,-104.152,39.7203,35.1508,-59.2458,556.757,1.2083,0.11157,3.27377,0.0880284,5.89156e-06,0.57538,0.517842,0.115076,0,0,0,0,0,0,0,0,0,0,0,0
64358,64371,64364,22.5,-104.15,39.7197,35.801,-58.783,555.051,0.891917,0.099236,3.29464,0.0996003,8.10457e-06,0.343045,0.274436,0.205827,0.068609,0,0,0,0,0,0,0,0,0,0,0
64372,64388,64380,22.4,-104.147,39.719,36.3213,-58.0127,554.748,1.66958,0.182463,6.17468,0.101522,1.7165e-05,0.812228,0.406114,0.315866,0.0902475,0.0451238,0,0,0,0,0,0,0,0,0,0
64389,64408,64398,22.3,-104.145,39.7181,36.9812,-58.0012,551.941,1.54082,0.161216,5.27608,0.0981803,1.36717e-05,0.69337,0.539287,0.231123,0.0385205,0.0385205,0,0,0,0,0,0,0,0,0,0
64409,64430,64420,22.2,-104.142,39.7171,37.5368,-58.7974,547.548,1.85721,0.224353,8.20149,0.109669,2.72368e-05,0.894212,0.37832,0.275142,0.206357,0.103178,0,0,0,0,0,0,0,0,0,0
64431,64458,64444,22.1,-104.139,39.7155,38.2485,-60.3888,540.588,1.87377,0.220155,7.87976,0.107376,2.53271e-05,0.734314,0.734314,0.126606,0.177248,0.101285,0,0,0,0,0,0,0,0,0,0
