data/B2SAP/Locations/Boulder/NOAA-POPS-B2SAP_GMLBalloon_20210430_R0.ict
61,1001
Thornberry, T. D.
NOAA Chemical Sciences Laboratory
Portable Optical Particle Spectrometer (POPS)
Balloon Baseline Stratospheric Aerosol Profiles (B2SAP)
1,1
2021,04,30,2024,05,28
0
TIME_START,s,Seconds since midnight UTC on flight start day,Start time of 100 m altitude bin in UTC_seconds_since_midnight
28
1.0,1.0,1.0,1.0,1.0,1.0,1.0,1.0,1.0,1.0,1.0,1.0,1.0,1.0,1.0,1.0,1.0,1.0,1.0,1.0,1.0,1.0,1.0,1.0,1.0,1.0,1.0,1.0
99999,99999,99999,99999,99999,99999,99999,99999,99999,99999,99999,99999,99999,99999,99999,99999,99999,99999,99999,99999,99999,99999,99999,99999,99999,99999,99999,99999
TIME_STOP,s,End time of 100 m altitude bin in UTC seconds since midnight,
TIME_MID,s,Mid time of 100 m altitude in UTC seconds since midnight,
GPSAlt,m,GPS reported altitude above sea level (m),
GPS_Lon,deg,GPS reported longitude,
GPS_Lat,deg,GPS reported latitude,
iMet_Pressure,mb,Pressure reported (mB),
iMet_Temperature,degrees C,Ambient temperature (oC),
THETA,K,Potential temperature from iMet,
Aerosol_concentration,cm^-3,Aerosol concentration,
Surface_Area_Conc,um^2 cm^-3,Surface area concentration,
Volume_density,um^3 cm^-3,Volume density,
Effective_radius,um,Effective radius,
Extinction,km^-1,Extinction,
Bin01,cm^-3,particle concentration in size range [140 - 170 nm],
Bin02,cm^-3,particle concentration in size range [170 - 205 nm],
Bin03,cm^-3,particle concentration in size range [205 - 249 nm],
Bin04,cm^-3,particle concentration in size range [249 - 302 nm],
Bin05,cm^-3,particle concentration in size range [302 - 366 nm],
Bin06,cm^-3,particle concentration in size range [366 - 443 nm],
Bin07,cm^-3,particle concentration in size range [443 - 537 nm],
Bin08,cm^-3,particle concentration in size range [537 - 651 nm],
Bin09,cm^-3,particle concentration in size range [651 - 789 nm],
Bin10,cm^-3,particle concentration in size range [789 - 956 nm],
Bin11,cm^-3,particle concentration in size range [956 - 1159 nm],
Bin12,cm^-3,particle concentration in size range [1159 - 1404 nm],
Bin13,cm^-3,particle concentration in size range [1404 - 1702 nm],
Bin14,cm^-3,particle concentration in size range [1702 - 2062 nm],
Bin15,cm^-3,particle concentration in size range [2062 - 2500 nm],
0
19
PI_CONTACT_INFO: 325 Broadway R/CSL6, Boulder, CO 80305; troy.thornberry@noaa.gov; 303-497-3373 
PLATFORM: GML ECC/FPH balloon
LOCATION: Boulder, CO, USA
ASSOCIATED_DATA: N/A
INSTRUMENT_INFO: Printed Optical Particle Spectrometer counts particles from 140 - 2500 nm in diameter 
DATA_INFO: Particle concentrations reported in number per cubic centimeter, binned to 100 m altitude
UNCERTAINTY: Counting uncertainty dominated by air flow, less than 5 percent
ULOD_FLAG: -77777
ULOD_VALUE: 3000 ~3000 per cm3 (varies depending on flow rate- manufacturer quotes 1250  per cm3 at 1.667 cc/s)
LLOD_FLAG: -88888
LLOD_VALUE: 0 0 (varies depending on data field and measurement precision)
DM_CONTACT_INFO: Troy Thornberry, 325 Broadway R/CSL6, Boulder, CO 80305; troy.thornberry@noaa.gov; 303-497-3373
PROJECT_INFO: B2SAP Boulder, CO, USA
STIPULATIONS_ON_USE: Please contact the PIs for questions regarding applications and uncertainties
OTHER_COMMENTS: POPS bin Edges (nm):  140, 170, 205, 249, 302, 366, 443, 537, 651, 789, 956, 1159, 1404, 1702, 2062, 2500
Calculations assume sulfate refractive index of 1.45+0.00j and extinction wavelength = 532 nm
REVISION: R0
R0: QA/QC data
TIME_START,TIME_STOP,TIME_MID,GPSAlt,GPS_Lon,GPS_Lat,iMet_Pressure,iMet_Temperature,THETA,Aerosol_concentration,Surface_Area_Conc,Volume_density,Effective_radius,Extinction,Bin01,Bin02,Bin03,Bin04,Bin05,Bin06,Bin07,Bin08,Bin09,Bin10,Bin11,Bin12,Bin13,Bin14,Bin15
[from data line 232]
62224,62243,62234,24.9,-105.011,39.6281,25.662,-51.553,631.037,2.18508,0.578209,38.6388,0.200475,0.000266988,0.72836,0.278946,0.232455,0.263449,0.216958,0.247952,0.170467,0.030994,0,0.015497,0,0,0,0,0
62244,62262,62253,25,-105.012,39.6283,25.3153,-51.1032,634.784,1.977,0.488094,30.815,0.1894,0.000220522,0.588199,0.44115,0.130711,0.326777,0.130711,0.14705,0.130711,0.0816944,0,0,0,0,0,0,0
62263,62282,62272,25.1,-105.012,39.6286,24.8521,-50.0137,641.274,2.01136,0.352882,18.6462,0.158519,0.000110347,0.708923,0.478111,0.346218,0.148379,0.181352,0.0824329,0.0494597,0,0.0164866,0,0,0,0,0,0
62283,62303,62293,25.2,-105.013,39.6289,24.4181,-50.6548,642.656,1.97729,0.371675,20.1721,0.162821,0.00012751,0.649034,0.543378,0.256595,0.181126,0.135844,0.105657,0.0754691,0.0301877,0,0,0,0,0,0,0
62304,62321,62312,25.3,-105.013,39.6291,24.0633,-50.4094,646.052,1.41091,0.310465,19.9703,0.192971,0.000136098,0.53579,0.196456,0.250035,0.160737,0.0714386,0.107158,0.053579,0,0.0357193,0,0,0,0,0,0
62322,62340,62331,25.4,-105.014,39.6296,23.7421,-50.0942,649.467,1.72304,0.47496,30.3113,0.191456,0.000215634,0.443556,0.187658,0.238838,0.290017,0.204718,0.187658,0.0852992,0.0852992,0,0,0,0,0,0,0
62343,62361,62352,25.5,-105.015,39.6298,23.3432,-49.7774,653.535,2.26192,0.672749,46.2404,0.206201,0.000343634,0.469784,0.469784,0.260991,0.29579,0.243592,0.191394,0.226192,0.0695977,0.0347988,0,0,0,0,0,0
62362,62382,62372,25.6,-105.016,39.6301,23.0265,-49.56,656.741,1.81577,0.500924,33.5603,0.200991,0.000225798,0.366485,0.349827,0.299851,0.199901,0.183242,0.266535,0.116609,0.0166584,0,0.0166584,0,0,0,0,0
62383,62401,62392,25.7,-105.017,39.6303,22.6693,-48.4653,662.899,1.63951,0.310862,15.8262,0.152732,9.20625e-05,0.516557,0.314426,0.22459,0.291967,0.134754,0.0898359,0.0673769,0,0,0,0,0,0,0,0
62403,62421,62412,25.8,-105.019,39.6301,22.275,-47.4311,669.307,1.55953,0.466522,35.212,0.226433,0.000250584,0.507316,0.263053,0.131526,0.0939475,0.187895,0.225474,0.0563685,0.0563685,0.0187895,0.0187895,0,0,0,0,0
62422,62440,62431,25.9,-105.02,39.6302,21.9505,-47.1689,672.887,1.28035,0.297699,17.3793,0.175137,0.000115147,0.360662,0.180331,0.180331,0.216397,0.180331,0.0721324,0.0540993,0.0360662,0,0,0,0,0,0,0
62441,62458,62450,26,-105.022,39.6305,21.6911,-47.5367,674.084,1.39241,0.279893,15.5581,0.166758,0.000100047,0.502816,0.21273,0.270747,0.135373,0.0773562,0.116034,0.0580172,0.0193391,0,0,0,0,0,0,0
62459,62478,62468,26.1,-105.023,39.6306,21.3184,-47.4616,677.656,1.2597,0.293755,18.2533,0.186414,0.000124998,0.481651,0.18525,0.0926251,0.1482,0.1482,0.11115,0.0741001,0,0.018525,0,0,0,0,0,0
62478,62497,62488,26.2,-105.024,39.631,20.9925,-46.8815,682.399,1.81694,0.460114,27.2295,0.17754,0.000183961,0.445329,0.302823,0.213758,0.267197,0.213758,0.231571,0.124692,0.0178131,0,0,0,0,0,0,0
62498,62514,62506,26.3,-105.025,39.6313,20.7325,-46.5337,685.882,1.88169,0.583072,37.9911,0.19547,0.000273229,0.340064,0.181368,0.24938,0.272051,0.430748,0.204038,0.0906838,0.113355,0,0,0,0,0,0,0
62517,62536,62526,26.4,-105.026,39.6317,20.4015,-46.742,688.409,1.62042,0.432308,25.842,0.17933,0.000174732,0.38669,0.23938,0.147311,0.257793,0.202552,0.276207,0.0920691,0.0184138,0,0,0,0,0,0,0
62537,62555,62546,26.5,-105.026,39.6322,20.0311,-46.9589,691.359,1.36363,0.412832,27.2938,0.198341,0.00020148,0.309916,0.185949,0.0826442,0.309916,0.144627,0.123966,0.144627,0.0619831,0,0,0,0,0,0,0
62556,62573,62564,26.6,-105.028,39.6323,19.6782,-47.1694,694.236,1.58262,0.53188,36.3409,0.204976,0.000274215,0.289775,0.178323,0.200614,0.245194,0.178323,0.222904,0.178323,0.0891616,0,0,0,0,0,0,0
62574,62593,62584,26.7,-105.029,39.6325,19.4435,-47.556,695.424,1.16458,0.267622,16.173,0.181297,0.000104142,0.324556,0.152732,0.210007,0.171824,0.171824,0.0954577,0,0.0190915,0.0190915,0,0,0,0,0,0
62595,62613,62604,26.8,-105.029,39.6328,19.137,-47.724,698.07,1.73115,0.446292,27.1952,0.182808,0.000186607,0.427925,0.272316,0.194511,0.272316,0.252865,0.17506,0.0778046,0.0583534,0,0,0,0,0,0,0
62615,62633,62624,26.9,-105.03,39.6328,18.8228,-47.72,701.392,1.50533,0.400643,24.8311,0.185935,0.000173425,0.414511,0.152715,0.23998,0.218164,0.130898,0.218164,0.0872656,0.0436328,0,0,0,0,0,0,0
62634,62654,62644,27,-105.03,39.6325,18.5295,-47.4876,705.27,1.26566,0.317032,18.9342,0.17917,0.000129214,0.226685,0.245576,0.302247,0.151124,0.0755618,0.151124,0.0944522,0.0188904,0,0,0,0,0,0,0
62655,62673,62664,27.1,-105.031,39.632,18.2995,-46.7826,710.009,1.45141,0.516803,38.3704,0.222737,0.000291836,0.168279,0.189314,0.231384,0.294489,0.231384,0.0841397,0.105175,0.105175,0.0420699,0,0,0,0,0,0
62674,62693,62684,27.2,-105.033,39.6316,18.0025,-46.3825,714.585,1.64953,0.43147,26.6574,0.185348,0.000181468,0.402325,0.181046,0.261511,0.281627,0.221279,0.16093,0.120697,0,0.0201162,0,0,0,0,0,0
62694,62711,62702,27.3,-105.035,39.6314,17.7306,-46.6033,717.01,1.22553,0.328251,20.7393,0.189544,0.000150346,0.22695,0.249645,0.249645,0.18156,0.04539,0.0907801,0.158865,0.022695,0,0,0,0,0,0,0
62712,62733,62722,27.4,-105.037,39.6314,17.41,-46.884,719.868,1.16435,0.298724,19.5274,0.196108,0.000143598,0.374255,0.270295,0.10396,0.0623759,0.10396,0.124752,0.0623759,0.0623759,0,0,0,0,0,0,0
62734,62756,62745,27.5,-105.04,39.6312,17.17,-47.1987,721.719,1.29298,0.311191,18.02,0.17372,0.000120807,0.364219,0.182109,0.20032,0.145688,0.163898,0.127477,0.109266,0,0,0,0,0,0,0,0
62757,62783,62770,27.6,-105.041,39.6308,16.9154,-47.4038,724.146,1.32419,0.307088,18.0185,0.176026,0.000120057,0.388429,0.21187,0.247182,0.0882793,0.158903,0.158903,0.0353117,0.0353117,0,0,0,0,0,0,0
62783,62822,62802,27.7,-105.043,39.63,16.5929,-45.1776,735.325,1.11299,0.268324,16.3704,0.18303,0.000110254,0.314786,0.157393,0.168635,0.19112,0.0899389,0.112424,0.0562118,0.0112424,0.0112424,0,0,0,0,0,0
62823,62855,62839,27.8,-105.045,39.6294,16.4161,-43.8804,741.765,0.966943,0.24132,14.2283,0.176881,9.69599e-05,0.334711,0.11157,0.0929753,0.0557852,0.167356,0.130165,0.0743802,0,0,0,0,0,0,0,0
56867,57426,57146,1.7,-105.197,39.9491,831.859,20.4095,309.41,132.449,18.4385,1054.14,0.171511,0.00397399,58.4297,35.1136,19.5479,9.60029,6.42174,1.5913,1.1753,0.24233,0.13732,0.0403883,0.0201941,0.0444271,0.0444271,0.0121165,0.0282718
56986,57398,57192,1.8,-105.197,39.9491,831.93,20.4737,309.474,133.495,18.1101,949.315,0.157258,0.00369746,59.623,35.2402,19.2735,9.69353,6.6989,1.51861,0.965095,0.212889,0.0567703,0.0851554,0.0567703,0,0.0283851,0.0425777,0
62844,62863,62854,27.8,-105.046,39.6291,16.4456,-40.9944,750.712,1.55536,0.293577,14.8174,0.151415,8.5016e-05,0.52724,0.342706,0.052724,0.316344,0.184534,0.079086,0.052724,0,0,0,0,0,0,0,0
62864,62894,62879,27.7,-105.047,39.6287,16.5887,-43.425,741.027,1.12136,0.296918,19.511,0.197135,0.000138805,0.326471,0.212916,0.113555,0.0709719,0.184527,0.127749,0.0283887,0.0425831,0.0141944,0,0,0,0,0,0
62895,62920,62908,27.6,-105.048,39.6278,16.7517,-46.4004,729.396,1.21931,0.295093,17.2964,0.17584,0.000113905,0.35862,0.125517,0.125517,0.251034,0.17931,0.107586,0.035862,0.035862,0,0,0,0,0,0,0
62921,62942,62932,27.5,-105.05,39.6272,17.0391,-45.5682,728.515,1.34262,0.416413,29.518,0.212659,0.000199392,0.0972911,0.33079,0.21404,0.175124,0.233499,0.155666,0.0972911,0.0194582,0,0.0194582,0,0,0,0,0
62943,62965,62954,27.4,-105.052,39.6269,17.2523,-44.775,728.466,1.21282,0.274816,16.3376,0.178348,0.000105115,0.360056,0.170553,0.170553,0.208453,0.151602,0.0947515,0.0379006,0,0.0189503,0,0,0,0,0,0
62966,62986,62976,27.3,-105.055,39.6268,17.5138,-45.4595,723.162,1.28927,0.304596,18.6884,0.184064,0.000130954,0.51571,0.138845,0.0991749,0.19835,0.11901,0.0991749,0.07934,0.03967,0,0,0,0,0,0,0
62987,63007,62997,27.2,-105.057,39.6266,17.8005,-44.8814,721.646,1.46008,0.386533,24.6983,0.191691,0.000178581,0.434079,0.177578,0.217039,0.177578,0.177578,0.0986543,0.118385,0.0591926,0,0,0,0,0,0,0
63008,63025,63016,27.1,-105.058,39.6262,18.1065,-45.6024,715.874,1.10324,0.321127,21.8028,0.203683,0.000157827,0.167884,0.263818,0.0959337,0.215851,0.167884,0.0479668,0.0959337,0.0239834,0.0239834,0,0,0,0,0,0
63027,63043,63035,27,-105.059,39.6257,18.4194,-46.9928,708.027,1.5834,0.392672,23.7359,0.181341,0.000163496,0.38454,0.27144,0.20358,0.27144,0.2262,0.06786,0.1131,0.04524,0,0,0,0,0,0,0
63045,63060,63052,26.9,-105.059,39.6254,18.6518,-46.3994,707.347,1.37322,0.44169,32.1283,0.218218,0.000246079,0.402497,0.165734,0.142058,0.142058,0.165734,0.142058,0.0947051,0.0947051,0.0236763,0,0,0,0,0,0
63061,63077,63069,26.8,-105.059,39.6253,18.9035,-47.2171,702.094,1.06072,0.389269,27.5883,0.212616,0.000206879,0.188572,0.0942861,0.0707146,0.165001,0.165001,0.212144,0.117858,0.0235715,0.0235715,0,0,0,0,0,0
63078,63093,63086,26.7,-105.06,39.6254,19.266,-46.684,699.947,1.6324,0.483723,34.3399,0.212973,0.000258858,0.394934,0.26329,0.289619,0.157974,0.210632,0.0789869,0.105316,0.105316,0.026329,0,0,0,0,0,0
63094,63109,63102,26.6,-105.061,39.6253,19.5912,-45.9881,698.743,1.35343,0.404605,27.6257,0.204835,0.000205644,0.295294,0.172255,0.246078,0.196863,0.147647,0.123039,0.0492157,0.123039,0,0,0,0,0,0,0
63110,63123,63116,26.5,-105.062,39.6254,19.8554,-46.2915,695.158,1.34288,0.377596,25.265,0.200731,0.000177998,0.417786,0.0895255,0.179051,0.179051,0.179051,0.208893,0.0298418,0.0298418,0.0298418,0,0,0,0,0,0
63124,63139,63132,26.4,-105.062,39.6256,20.1667,-46.0773,692.712,1.45842,0.535687,38.6844,0.216644,0.000293047,0.204691,0.230277,0.153518,0.102346,0.28145,0.28145,0.0767591,0.102346,0.0255864,0,0,0,0,0,0
63140,63154,63147,26.3,-105.063,39.6258,20.52,-46.9873,686.533,1.3791,0.500452,35.818,0.214714,0.000273029,0.255388,0.153233,0.102155,0.178772,0.255388,0.178772,0.178772,0.0510777,0.0255388,0,0,0,0,0,0
63155,63168,63162,26.2,-105.064,39.626,20.7829,-47.2086,683.355,1.49903,0.355067,20.1814,0.170515,0.000132565,0.455064,0.160611,0.240916,0.133842,0.267685,0.133842,0.107074,0,0,0,0,0,0,0,0
63169,63182,63176,26.1,-105.064,39.6261,21.0975,-47.3083,680.143,1.24204,0.258882,14.333,0.166095,9.22596e-05,0.465764,0.248408,0.0931529,0.124204,0.0931529,0.155255,0.0621019,0,0,0,0,0,0,0,0
63183,63196,63190,26,-105.065,39.6262,21.4557,-46.9221,678.025,1.38257,0.260305,13.7991,0.159034,8.31464e-05,0.451994,0.372231,0.159527,0.106352,0.132939,0.132939,0,0.0265879,0,0,0,0,0,0,0
63197,63211,63204,25.9,-105.066,39.6264,21.8133,-46.2293,676.91,1.33171,0.310898,19.2112,0.185377,0.000129052,0.338981,0.145278,0.338981,0.24213,0.121065,0.024213,0.0968518,0,0.024213,0,0,0,0,0,0
63212,63224,63218,25.8,-105.068,39.6263,22.08,-47.1715,671.758,1.19615,0.293301,16.4568,0.168326,0.000106075,0.22254,0.166905,0.278175,0.0834524,0.278175,0.0834524,0.0834524,0,0,0,0,0,0,0,0
63225,63236,63230,25.7,-105.069,39.6262,22.385,-46.4983,671.12,2.03057,0.5392,38.0351,0.21162,0.000248406,0.559144,0.264858,0.235429,0.353143,0.382572,0.0882859,0.0588572,0.0588572,0,0.0294286,0,0,0,0,0
63237,63247,63242,25.6,-105.07,39.6263,22.8091,-49.4873,658.73,1.88691,0.465326,28.8199,0.185804,0.000205465,0.715725,0.227731,0.227731,0.162665,0.130132,0.227731,0.162665,0.032533,0,0,0,0,0,0,0
63248,63258,63253,25.5,-105.07,39.6265,23.1109,-49.1045,657.378,1.84668,0.611317,58.6085,0.287617,0.000292572,0.777548,0.0971934,0.0971934,0.29158,0.129591,0.226785,0.161989,0.0323978,0,0,0.0323978,0,0,0,0
63259,63270,63264,25.4,-105.071,39.6267,23.4742,-49.0383,654.656,1.37405,0.407356,26.3889,0.194343,0.000193442,0.263116,0.263116,0.263116,0.0584701,0.0877052,0.263116,0.146175,0.0292351,0,0,0,0,0,0,0
63271,63284,63278,25.3,-105.071,39.6271,23.9127,-48.1264,653.852,1.54835,0.371868,28.1838,0.22737,0.000183374,0.619339,0.278703,0.216769,0.0619339,0.154835,0.123868,0.0309669,0.0309669,0,0.0309669,0,0,0,0,0
63284,63296,63290,25.2,-105.071,39.6272,24.3217,-49.6875,646.184,1.25134,0.249982,13.5063,0.162087,8.22185e-05,0.398155,0.284396,0.113758,0.170638,0.142198,0.113758,0,0.0284396,0,0,0,0,0,0,0
63297,63309,63303,25.1,-105.071,39.6274,24.7408,-50.7223,640.047,1.39221,0.346445,22.8964,0.198269,0.000163245,0.367752,0.341484,0.210144,0.105072,0.13134,0.105072,0.0788041,0.026268,0.026268,0,0,0,0,0,0
63311,63323,63317,25,-105.072,39.6275,25.1331,-49.2308,641.456,1.62743,0.34725,17.9085,0.154717,0.000102394,0.284154,0.413315,0.206658,0.335819,0.154993,0.206658,0.0258322,0,0,0,0,0,0,0,0
63324,63337,63330,24.9,-105.072,39.6277,25.4846,-51.1162,633.529,1.72746,0.377376,21.5986,0.171701,0.00014034,0.43831,0.43831,0.257829,0.128915,0.232046,0.154698,0.0257829,0.0515659,0,0,0,0,0,0,0
63338,63351,63344,24.8,-105.072,39.6279,25.9143,-50.5029,632.264,1.86199,0.378197,20.0872,0.159339,0.000120752,0.395672,0.512046,0.279298,0.302573,0.162924,0.139649,0.0465497,0.0232748,0,0,0,0,0,0,0
63352,63365,63358,24.7,-105.073,39.6281,26.3579,-52.855,622.545,1.73938,0.363453,19.8417,0.163776,0.000124814,0.63464,0.258557,0.235052,0.188041,0.117526,0.235052,0.0705156,0,0,0,0,0,0,0,0
63366,63378,63372,24.6,-105.073,39.6284,26.7908,-52.5208,620.607,2.15293,0.485739,27.4453,0.169507,0.000177348,0.575782,0.325442,0.325442,0.425578,0.200272,0.150204,0.12517,0.025034,0,0,0,0,0,0,0
63379,63393,63386,24.5,-105.074,39.6287,27.1429,-51.9843,619.789,2.54065,0.549544,30.4533,0.166247,0.000193206,0.686663,0.572219,0.251776,0.434887,0.228888,0.228888,0.114444,0.0228888,0,0,0,0,0,0,0
63394,63406,63400,24.4,-105.074,39.6289,27.5592,-51.7777,617.681,1.84046,0.503004,34.1413,0.203625,0.000245055,0.564408,0.269934,0.245395,0.196316,0.122697,0.269934,0.122697,0,0.049079,0,0,0,0,0,0
63407,63420,63414,24.3,-105.075,39.6288,28.1,-52.9471,611.008,1.957,0.532593,44.7257,0.251932,0.000212558,0.477872,0.27307,0.386849,0.364093,0.204802,0.0910232,0.113779,0.0227558,0,0,0.0227558,0,0,0,0
63421,63434,63428,24.2,-105.075,39.6287,28.5062,-52.7492,609.063,2.26714,0.515989,30.2994,0.176163,0.000194995,0.554726,0.482371,0.313541,0.289422,0.337659,0.192948,0.0482371,0.0241185,0.0241185,0,0,0,0,0,0
63435,63449,63442,24.1,-105.076,39.6287,28.8579,-52.9736,606.317,1.90242,0.384576,18.7907,0.146582,9.95645e-05,0.313341,0.425248,0.313341,0.425248,0.268578,0.134289,0.0223815,0,0,0,0,0,0,0,0
63450,63463,63456,24,-105.076,39.6286,29.4379,-53.4693,601.52,2.06745,0.466881,25.8357,0.16601,0.000164222,0.329912,0.615836,0.373901,0.197947,0.175953,0.26393,0.109971,0,0,0,0,0,0,0,0
63465,63478,63472,23.9,-105.077,39.6283,29.8886,-53.7536,598.136,2.04479,0.519894,32.3217,0.18651,0.000222,0.549674,0.307818,0.329805,0.175896,0.307818,0.21987,0.109935,0.021987,0.021987,0,0,0,0,0,0
63479,63493,63486,23.8,-105.078,39.6277,30.3047,-53.4753,596.533,2.39178,0.520349,28.5507,0.164605,0.0001787,0.723565,0.462277,0.180891,0.341683,0.361782,0.221089,0.0803961,0.020099,0,0,0,0,0,0,0
63495,63509,63502,23.7,-105.078,39.6271,30.915,-52.91,594.674,2.33268,0.555098,34.7493,0.187801,0.000240541,0.634488,0.485197,0.335905,0.317244,0.205275,0.167953,0.093307,0.0746456,0.0186614,0,0,0,0,0,0
63510,63524,63517,23.6,-105.078,39.6264,31.3467,-53.2367,591.441,2.34397,0.548996,32.0264,0.175009,0.000213272,0.590916,0.531824,0.334852,0.216669,0.216669,0.315155,0.0984859,0.0393944,0,0,0,0,0,0,0
63525,63541,63533,23.5,-105.077,39.6259,31.8565,-53.6641,587.582,1.80282,0.475268,29.4935,0.18617,0.000201147,0.277356,0.329361,0.329361,0.329361,0.242687,0.138678,0.104009,0.0346696,0.0173348,0,0,0,0,0,0
63542,63557,63550,23.4,-105.077,39.6254,32.325,-53.5781,585.357,2.06575,0.388559,20.1297,0.155418,0.000121134,0.652343,0.398654,0.416775,0.253689,0.126845,0.108724,0.108724,0,0,0,0,0,0,0,0
63558,63574,63566,23.3,-105.077,39.6251,32.872,-54.398,580.396,2.10919,0.50739,28.6255,0.169252,0.000180663,0.387007,0.290255,0.425707,0.425707,0.251554,0.232204,0.058051,0.0387007,0,0,0,0,0,0,0
63575,63591,63583,23.2,-105.076,39.625,33.3956,-54.3125,577.989,3.10161,0.82705,52.0343,0.188747,0.000366213,0.721305,0.504914,0.450816,0.468849,0.306555,0.324587,0.252457,0.0540979,0.0180326,0,0,0,0,0,0
63592,63608,63600,23.1,-105.076,39.6251,33.8906,-54.1729,575.944,2.3981,0.628991,38.3855,0.183081,0.000263684,0.366376,0.582871,0.316416,0.349723,0.349723,0.233149,0.116574,0.0832673,0,0,0,0,0,0,0
