data/B2SAP/Locations/Boulder/NOAA-POPS-B2SAP_GMLBalloon_20230303_R0.ict
61,1001
Thornberry, T. D.
NOAA Chemical Sciences Laboratory
Portable Optical Particle Spectrometer (POPS)
Balloon Baseline Stratospheric Aerosol Profiles (B2SAP)
1,1
2023,03,03,2024,05,28
0
TIME_START,s,Seconds since midnight UTC on flight start day,Start time of 100 m altitude bin in UTC_seconds_since_midnight
28
1.0,1.0,1.0,1.0,1.0,1.0,1.0,1.0,1.0,1.0,1.0,1.0,1.0,1.0,1.0,1.0,1.0,1.0,1.0,1.0,1.0,1.0,1.0,1.0,1.0,1.0,1.0,1.0
99999,99999,99999,99999,99999,99999,99999,99999,99999,99999,99999,99999,99999,99999,99999,99999,99999,99999,99999,99999,99999,99999,99999,99999,99999,99999,99999,99999
TIME_STOP,s,End time of 100 m altitude bin in UTC seconds since midnight,
TIME_MID,s,Mid time of 100 m altitude in UTC seconds since midnight,
GPSAlt,m,GPS reported altitude above sea level (m),
GPS_Lon,deg,GPS reported longitude,
GPS_Lat,deg,GPS reported latitude,
iMet_Pressure,mb,Pressure reported (mB),
iMet_Temperature,degrees C,Ambient temperature (oC),
THETA,K,Potential temperature from iMet,
Aerosol_concentration,cm^-3,Aerosol concentration,
Surface_Area_Conc,um^2 cm^-3,Surface area concentration,
Volume_density,um^3 cm^-3,Volume density,
Effective_radius,um,Effective radius,
Extinction,km^-1,Extinction,
Bin01,cm^-3,particle concentration in size range [140 - 170 nm],
Bin02,cm^-3,particle concentration in size range [170 - 205 nm],
Bin03,cm^-3,particle concentration in size range [205 - 249 nm],
Bin04,cm^-3,particle concentration in size range [249 - 302 nm],
Bin05,cm^-3,particle concentration in size range [302 - 366 nm],
Bin06,cm^-3,particle concentration in size range [366 - 443 nm],
Bin07,cm^-3,particle concentration in size range [443 - 537 nm],
Bin08,cm^-3,particle concentration in size range [537 - 651 nm],
Bin09,cm^-3,particle concentration in size range [651 - 789 nm],
Bin10,cm^-3,particle concentration in size range [789 - 956 nm],
Bin11,cm^-3,particle concentration in size range [956 - 1159 nm],
Bin12,cm^-3,particle concentration in size range [1159 - 1404 nm],
Bin13,cm^-3,particle concentration in size range [1404 - 1702 nm],
Bin14,cm^-3,particle concentration in size range [1702 - 2062 nm],
Bin15,cm^-3,particle concentration in size range [2062 - 2500 nm],
0
19
PI_CONTACT_INFO: 325 Broadway R/CSL6, Boulder, CO 80305; troy.thornberry@noaa.gov; 303-497-3373 
PLATFORM: GML ECC/FPH balloon
LOCATION: Boulder, CO, USA
ASSOCIATED_DATA: N/A
INSTRUMENT_INFO: Printed Optical Particle Spectrometer counts particles from 140 - 2500 nm in diameter 
DATA_INFO: Particle concentrations reported in number per cubic centimeter, binned to 100 m altitude
UNCERTAINTY: Counting uncertainty dominated by air flow, less than 5 percent
ULOD_FLAG: -77777
ULOD_VALUE: 3000 ~3000 per cm3 (varies depending on flow rate- manufacturer quotes 1250  per cm3 at 1.667 cc/s)
LLOD_FLAG: -88888
LLOD_VALUE: 0 0 (varies depending on data field and measurement precision)
DM_CONTACT_INFO: Troy Thornberry, 325 Broadway R/CSL6, Boulder, CO 80305; troy.thornberry@noaa.gov; 303-497-3373
PROJECT_INFO: B2SAP Boulder, CO, USA
STIPULATIONS_ON_USE: Please contact the PIs for questions regarding applications and uncertainties
OTHER_COMMENTS: POPS bin Edges (nm):  140, 170, 205, 249, 302, 366, 443, 537, 651, 789, 956, 1159, 1404, 1702, 2062, 2500
Calculations assume sulfate refractive index of 1.45+0.00j and extinction wavelength = 532 nm
REVISION: R0
R0: QA/QC data
TIME_START,TIME_STOP,TIME_MID,GPSAlt,GPS_Lon,GPS_Lat,iMet_Pressure,iMet_Temperature,THETA,Aerosol_concentration,Surface_Area_Conc,Volume_density,Effective_radius,Extinction,Bin01,Bin02,Bin03,Bin04,Bin05,Bin06,Bin07,Bin08,Bin09,Bin10,Bin11,Bin12,Bin13,Bin14,Bin15
61980,61997,61988,1.8,-105.197,39.9492,811.024,2.83529,293.002,758.261,149.343,8921.81,0.179221,0.0515645,215.9,189.757,140.246,76.1306,68.8594,28.0492,27.4899,8.82494,1.82299,0.621474,0.207158,0.103579,0.145011,0.0621474,0.0414316
61998,62020,62009,1.9,-105.198,39.9497,801.866,1.79652,292.854,745.318,142.581,8178.97,0.17209,0.0474888,217.548,187.16,137.195,74.2543,67.1185,27.0944,23.923,8.29452,1.78393,0.487913,0.182967,0.0609891,0.16772,0.0304946,0.0152473
62021,62043,62032,2,-105.198,39.95,792.043,0.836522,292.861,670.738,132.505,7910.25,0.179094,0.045897,194.413,162.742,124.24,66.896,62.5064,26.4617,21.9174,8.68659,1.90116,0.463697,0.154566,0.108196,0.170022,0.0463697,0.0309131
62044,62063,62054,2.1,-105.198,39.9504,781.865,-0.156,292.878,658.113,127.6,7368.8,0.173248,0.043563,191.593,165.578,118.837,63.2687,61.3033,24.2283,23.6387,7.09339,1.75101,0.536024,0.0714699,0.0714699,0.107205,0,0.0357349
62064,62082,62073,2.2,-105.198,39.9506,771.872,-1.11632,292.919,628.966,121.751,7032.93,0.173295,0.0415549,185.366,155.774,114.783,60.9772,57.3537,23.7605,21.1373,7.1527,1.90613,0.415196,0.113235,0.0754902,0.0943628,0.0566177,0
62083,62103,62093,2.3,-105.198,39.9505,762.275,-1.811,293.224,545.666,104.586,6093.88,0.1748,0.0350004,162.272,135.764,98.6477,53.5184,49.6369,20.3556,17.4936,5.8491,1.46675,0.304082,0.12521,0.160984,0.0178872,0.0178872,0.0357743
62104,62127,62116,2.4,-105.197,39.9502,752.316,-1.485,294.68,176.841,33.0446,2204.27,0.200117,0.0112112,59.4172,45.0544,30.1213,15.6385,13.3422,5.58302,4.86263,1.95106,0.525284,0.150081,0.0450244,0.0300163,0.0300163,0.0450244,0.0450244
62128,62147,62138,2.5,-105.196,39.9499,743.54,-1.9175,295.196,143.953,26.3227,1596.15,0.181913,0.00882123,48.2344,38.8019,24.4745,11.8442,9.55755,4.39469,4.30537,1.62568,0.375156,0.142917,0.0357292,0.125052,0.0178646,0.0178646,0
62148,62167,62158,2.6,-105.195,39.9497,733.918,-2.539,295.616,154.979,28.7723,1907.22,0.19886,0.00973548,52.7337,39.2713,27.2307,12.9584,11.2127,4.33748,4.94941,1.58381,0.395952,0.125985,0.0179978,0.0359957,0.0539935,0.0359957,0.0359957
62168,62186,62177,2.7,-105.194,39.9494,724.502,-3.30684,295.874,113.313,20.9176,1262.98,0.181137,0.00693912,36.9886,27.4291,22.1099,9.90023,8.1587,3.46413,3.57771,1.2115,0.359664,0.0189297,0.0189297,0,0.0378594,0.0378594,0
62187,62205,62196,2.8,-105.193,39.949,715.294,-3.50316,296.738,36.0168,7.34659,685.478,0.279917,0.00272712,13.3516,8.87564,6.17105,2.6665,2.36176,0.876136,1.08565,0.285697,0.0952322,0.0952322,0,0.0761858,0.0380929,0,0.0380929
62206,62225,62216,2.9,-105.191,39.9489,706.351,-4.034,297.217,19.9322,3.75611,302.682,0.241751,0.00123843,8.14999,4.44545,3.01784,1.73481,1.33725,0.560199,0.451773,0.0722837,0.0361419,0.0361419,0,0.0361419,0.0361419,0.0180709,0
62226,62248,62237,3,-105.189,39.9493,697.107,-4.29261,298.053,19.0712,4.00161,353.244,0.264826,0.00151632,7.10834,4.82295,2.96312,1.4658,1.37123,0.4886,0.378271,0.220658,0.0630452,0.0630452,0.0472839,0.0157613,0.0472839,0.0157613,0
62249,62268,62258,3.1,-105.187,39.9498,688.561,-4.963,298.363,23.2478,4.87652,466.597,0.287048,0.00188521,8.82253,5.60276,3.60177,1.94641,1.50983,0.654868,0.600296,0.272862,0.0727631,0.0545723,0.0363816,0.0181908,0.0181908,0.0181908,0.0181908
62269,62288,62278,3.2,-105.185,39.9506,679.803,-5.90737,298.399,22.7636,5.19009,595.476,0.3442,0.00196129,8.30382,5.65733,3.62453,2.18622,1.41913,0.728741,0.383548,0.153419,0.0767096,0.0191774,0.0383548,0.0383548,0.0767096,0.0383548,0.0191774
62289,62306,62298,3.3,-105.183,39.9511,670.922,-6.88444,298.423,23.5922,4.7333,498.318,0.315837,0.00165958,9.11007,5.6989,3.77884,1.94049,1.63409,0.653637,0.449376,0.163409,0.0204262,0.0408523,0,0.0408523,0.0204262,0,0.0408523
62307,62323,62315,3.4,-105.181,39.9515,662.335,-7.86353,298.428,25.6739,4.61183,327.996,0.213362,0.00141933,10.4253,5.94803,4.06629,2.01152,1.86011,0.583988,0.410955,0.173034,0.0216292,0.0432584,0.0432584,0.0648876,0.0216292,0,0
62323,62343,62333,3.5,-105.179,39.9518,653.592,-8.705,298.612,27.5105,5.19697,434.829,0.251009,0.00176892,10.7345,7.07625,4.15707,1.97692,1.93996,0.720558,0.480372,0.184758,0.0739034,0.0369517,0.0369517,0.0554275,0,0.0369517,0
62344,62367,62356,3.6,-105.176,39.952,644.986,-9.6375,298.685,25.8394,5.18455,505.747,0.292646,0.00185731,9.55303,6.37896,4.12937,2.20336,1.86438,0.73959,0.616325,0.169489,0.0462243,0.0462243,0.0308162,0,0.0154081,0.0154081,0.0308162
62368,62391,62380,3.7,-105.172,39.9523,636.545,-10.6258,298.688,25.9125,5.05767,503.25,0.298507,0.00171581,10.1921,6.17701,4.06138,2.0693,1.88399,0.756683,0.432391,0.169868,0.0463276,0.0154425,0,0.030885,0.030885,0.0154425,0.030885
62392,62414,62403,3.8,-105.168,39.9525,628.685,-11.6591,298.574,25.9661,5.5685,634.529,0.34185,0.00213835,9.95565,6.49577,4.34182,1.91651,1.64514,0.593608,0.559687,0.186562,0.0169602,0.101761,0,0.0508807,0.0339204,0.0339204,0.0339204
62416,62445,62430,3.9,-105.164,39.9524,619.968,-12.407,298.907,28.1134,6.42579,761.921,0.355717,0.00246314,12.1163,6.17671,3.79338,2.38334,1.79686,0.723736,0.511607,0.187173,0.0499128,0.0623911,0.0623911,0.124782,0.0748693,0.0124782,0.0374346
62446,62471,62458,4,-105.159,39.9525,612.559,-12.9138,299.349,24.8311,4.92006,441.228,0.269038,0.00170895,9.44848,6.15015,3.84565,1.88682,1.77159,0.777771,0.604933,0.144032,0.0576127,0.0288063,0.0144032,0.0144032,0.0576127,0.0144032,0.0144032
62472,62492,62482,4.1,-105.155,39.9525,604.737,-13.7281,299.518,28.4836,5.29566,429.323,0.243212,0.00176647,10.9952,7.372,3.91021,2.49321,2.06273,0.71747,0.573976,0.0896838,0.107621,0.0538103,0.0538103,0.0358735,0,0,0.0179368
62493,62511,62502,4.2,-105.152,39.9524,596.669,-14.6168,299.636,32.7658,7.03218,597.582,0.254935,0.00255982,11.3925,7.35639,5.567,3.47937,2.5648,1.01399,0.695875,0.27835,0.0994107,0.0795286,0.0994107,0.0795286,0.0397643,0.0198821,0
62512,62529,62520,4.3,-105.148,39.9522,588.844,-15.4644,299.779,38.0868,8.33885,830.914,0.298931,0.00292457,13.095,8.32361,7.31469,3.76244,2.94269,1.17708,0.840769,0.294269,0.0210192,0,0.0840769,0.105096,0.0630576,0.0420384,0.0210192
62531,62549,62540,4.4,-105.145,39.952,580.947,-16.3268,299.935,42.5884,8.07792,514.931,0.191236,0.0026669,14.2693,9.95858,7.42403,4.39056,3.59227,1.29721,1.03777,0.299356,0.119742,0.0997854,0.0399141,0.0199571,0.0399141,0,0
62550,62569,62560,4.5,-105.141,39.9522,573.509,-17.076,300.163,43.1485,8.571,677.503,0.237138,0.00295212,14.8258,9.89018,7.47933,4.38509,3.5878,1.38576,0.98712,0.284746,0.0949153,0.0759323,0.0379661,0.0569492,0,0.0569492,0
62571,62588,62580,4.6,-105.138,39.9524,565.747,-17.8022,300.476,43.4386,9.61664,985.103,0.307312,0.00344844,14.8673,10.1935,7.67684,4.3354,3.55292,1.48038,0.571004,0.232631,0.12689,0.0211483,0.105742,0.105742,0.0634449,0.105742,0
62590,62605,62598,4.7,-105.134,39.9526,558.303,-18.6412,300.626,44.4302,9.14223,833.945,0.273657,0.00319507,14.858,10.6882,7.78847,4.57722,3.7145,1.34201,0.862723,0.167752,0.119823,0.0958581,0.0718936,0.0718936,0,0.0479291,0.0239645
62606,62623,62614,4.8,-105.131,39.9528,550.925,-19.5322,300.716,43.0324,9.37547,926.729,0.296538,0.00358153,14.6067,9.45392,8.0699,4.13077,3.49199,1.36273,1.06463,0.447145,0.0851704,0.149048,0.0212926,0.0638778,0.0212926,0,0.0638778
62624,62640,62632,4.9,-105.128,39.953,543.462,-20.3529,300.909,41.8534,9.38909,972.938,0.310873,0.00351438,13.868,9.336,7.97639,4.16948,3.05913,1.58621,1.15567,0.385223,0,0.0679806,0.0453204,0.0679806,0.0453204,0.0453204,0.0453204
62641,62658,62650,5,-105.125,39.9531,536.446,-21.0794,301.161,42.096,8.76631,763.172,0.261172,0.00309065,13.6767,10.0023,7.91568,4.3094,3.15266,1.06601,1.33818,0.294853,0.0907241,0.0453621,0,0.113405,0.0453621,0.022681,0.022681
62659,62675,62667,5.1,-105.121,39.9531,529.239,-21.7853,301.486,35.1239,15.6822,3096.75,0.592407,0.00834775,18.8164,5.60652,3.30247,1.94564,1.43363,0.640013,0.921619,0.640013,0.307206,0.128003,0.307206,0.409609,0.332807,0.128003,0.204804
62677,62693,62685,5.2,-105.118,39.9533,521.27,-22.4771,301.96,32.4551,15.8536,4412.11,0.834911,0.00900198,24.769,3.9229,0.980724,0.615803,0.524573,0.228075,0.114038,0.0912301,0.0912301,0.0228075,0.0456151,0.0228075,0.18246,0.387728,0.456151
62694,62711,62702,5.3,-105.114,39.9536,514.11,-23.0681,302.439,41.4668,7.27923,1433.42,0.590756,0.00289358,33.7913,6.39622,0.337913,0.193093,0.193093,0.07241,0,0.120683,0.0241367,0.0241367,0.0241367,0.0241367,0.0241367,0.07241,0.168957
62712,62730,62721,5.4,-105.111,39.9538,507.609,-23.5038,303.01,65.5634,14.4676,1478.79,0.306642,0.00536748,22.8236,15.1673,10.7334,6.97793,4.91847,2.011,1.8414,0.484578,0.169602,0.0242289,0.0242289,0.145373,0.0969156,0.0969156,0.0484578
62731,62749,62740,5.5,-105.106,39.9538,500.591,-23.5433,304.168,104.626,24.1779,2251.94,0.27942,0.0091658,31.1757,23.6035,19.6444,11.4015,9.36786,4.11061,3.41829,0.887026,0.259617,0.108174,0.108174,0.173078,0.173078,0.173078,0.0216348
62750,62768,62759,5.6,-105.101,39.9538,494.046,-23.9518,304.823,103.516,24.8866,2545.54,0.306857,0.00984735,29.5499,25.0302,20.327,11.1042,8.60343,3.53314,2.95958,1.03241,0.390022,0.229425,0.137655,0.18354,0.229425,0.137655,0.0688274
62770,62786,62778,5.7,-105.096,39.9538,487.151,-23.9635,306.033,114.7,25.6658,2233.91,0.261116,0.00934322,32.5456,27.4611,21.7581,12.8488,10.3294,4.53485,3.22937,0.893229,0.251936,0.183226,0.13742,0.160323,0.229033,0.114517,0.0229033
62788,62803,62796,5.8,-105.091,39.9536,480.789,-24.4025,306.641,118.669,28.1703,2921.02,0.311074,0.0107566,34.8438,27.6651,23.5629,11.8425,10.8414,4.54166,3.1987,0.781362,0.268593,0.244175,0.122088,0.268593,0.244175,0.146505,0.0976702
62804,62822,62813,5.9,-105.086,39.9533,474.142,-25.1206,306.972,134.81,30.4065,2734.39,0.269783,0.0109658,37.8331,32.2387,25.8606,14.8677,13.2786,4.81076,3.61352,0.914263,0.370059,0.152377,0.152377,0.391827,0.174145,0.0870727,0.0653045
62824,62846,62835,6,-105.08,39.9532,467.351,-26.0471,307.086,133.938,28.1414,2107,0.224615,0.00968557,35.6633,32.7833,27.3412,15.3911,12.2493,4.86232,3.68415,0.860257,0.317921,0.261817,0.14961,0.168311,0.130909,0.0561037,0.0187012
62847,62869,62858,6.1,-105.073,39.9533,460.704,-26.6186,307.641,152.846,33.1277,2871.61,0.260049,0.0119105,45.4553,36.8679,28.4683,16.724,13.9241,4.84807,3.98368,1.0335,0.432192,0.300655,0.169119,0.281864,0.18791,0.112746,0.0563729
62870,62888,62879,6.2,-105.067,39.9533,454.461,-27.3141,307.97,161.147,36.3678,3554.19,0.293187,0.0135211,48.5344,39.5328,28.8608,17.3304,13.804,5.9392,4.5008,1.1368,0.2552,0.3016,0.116,0.3248,0.2088,0.1856,0.116
62889,62908,62898,6.3,-105.061,39.9535,448.022,-28.1144,308.219,174.845,39.6348,3752.64,0.284042,0.0142689,50.3811,41.6719,33.8005,17.8373,16.779,7.01146,4.7625,1.01424,0.264583,0.15434,0.286632,0.330729,0.286632,0.15434,0.110243
62909,62929,62919,6.4,-105.056,39.9538,441.697,-29.0024,308.349,176.911,38.9428,3295.18,0.253848,0.0139533,48.5699,43.3727,33.9044,19.9193,16.3285,6.87915,5.17826,1.19062,0.415773,0.264583,0.188988,0.226785,0.283482,0.132291,0.0566963
62930,62950,62940,6.5,-105.05,39.954,435.717,-29.8315,308.499,184.201,41.2768,3837.35,0.278899,0.0150168,54.0758,43.0689,34.6389,19.397,17.4593,7.71084,4.97409,1.37836,0.219739,0.279668,0.15981,0.399526,0.15981,0.139834,0.139834
62951,62973,62962,6.6,-105.044,39.9542,429.723,-30.63,308.715,175.067,35.7057,2577.13,0.216531,0.0121256,50.8299,42.2067,33.0194,19.1022,16.446,6.24004,4.69367,1.36444,0.21831,0.400236,0.0727701,0.254695,0.14554,0.036385,0.036385
62973,62993,62983,6.7,-105.038,39.9545,423.97,-31.5575,308.719,172.801,39.2452,3574.14,0.273216,0.0145523,48.2651,40.8982,33.3912,19.1579,16.5755,6.72628,4.68438,1.52142,0.240224,0.420393,0.140131,0.220206,0.300281,0.180168,0.0800748
62994,63015,63004,6.8,-105.033,39.9548,417.687,-32.5457,308.769,172.446,36.8806,2903.7,0.236197,0.012853,48.1534,41.7957,33.1715,18.228,16.8835,6.78027,4.80189,1.38294,0.307321,0.192076,0.115245,0.230491,0.249698,0.134453,0.0192076
63016,63044,63030,6.9,-105.026,39.9551,411.215,-33.3043,309.168,151.492,34.2005,3141.57,0.275572,0.0126245,42.3566,35.8825,29.5528,16.3733,14.6825,5.88166,4.24867,1.1272,0.332379,0.289025,0.130061,0.216769,0.187866,0.130061,0.101159
63045,63079,63062,7,-105.018,39.9556,405.66,-34.1288,309.303,155.608,33.8092,2836.01,0.251648,0.0118961,43.5068,37.97,29.6033,17.5578,14.3956,6.15198,4.12183,0.959709,0.319903,0.221471,0.18456,0.258383,0.18456,0.135344,0.0369119
63080,63100,63090,7.1,-105.011,39.9561,400.09,-35.1057,309.268,148.765,34.1448,3263.58,0.286742,0.0125494,40.8924,35.4156,29.0679,17.1853,13.7985,6.05742,3.8512,1.0257,0.290292,0.309645,0.116117,0.270939,0.270939,0.0774111,0.135469
63101,63129,63115,7.2,-105.005,39.9566,394.086,-35.8911,309.579,151.324,34.2187,3142.88,0.275541,0.0124084,42.9692,36.8351,28.4897,16.0396,14.2524,6.30074,4.02884,0.999637,0.242336,0.181752,0.272628,0.318066,0.166606,0.166606,0.0605841
63130,63164,63147,7.3,-104.996,39.9574,388.619,-36.6688,309.796,161.298,36.1488,3422.07,0.283999,0.0131882,45.2178,38.9924,31.819,17.7413,14.8207,6.13579,4.11188,0.819813,0.550812,0.217763,0.179334,0.230573,0.179334,0.166525,0.115286
63165,63191,63178,7.4,-104.988,39.9584,383.467,-37.4431,309.958,153.108,33.7054,3138.65,0.279361,0.0122678,43.8486,37.5755,29.1431,16.66,14.2957,4.87032,4.22409,1.21364,0.4098,0.157615,0.0788077,0.173377,0.189139,0.157615,0.110331
63192,63209,63200,7.5,-104.982,39.9593,377.824,-38.4324,309.969,114.69,26.0301,2478.54,0.285654,0.00926946,30.2873,27.8923,21.9413,14.1276,11.5875,4.30602,2.85455,0.701542,0.193529,0.120956,0.145147,0.314484,0.0483822,0.0483822,0.120956
63210,63230,63220,7.6,-104.977,39.9601,372.099,-39.1671,310.356,89.9036,20.9757,2017.96,0.288614,0.007763,24.8795,21.1515,17.8159,10.0656,9.10416,3.00202,2.07983,0.686736,0.255074,0.19621,0.137347,0.294316,0.137347,0.019621,0.0784842
63231,63259,63245,7.7,-104.971,39.9612,366.157,-39.8818,310.831,72.5133,15.5862,1349.94,0.259835,0.00545947,21.0269,18.1691,13.4158,7.93693,6.70789,2.47289,1.64366,0.444231,0.162885,0.148077,0.0592308,0.118462,0.133269,0.0444231,0.0296154
63260,63286,63273,7.8,-104.964,39.9624,361.251,-40.6804,310.96,68.6065,13.9734,1083.86,0.232697,0.00463891,20.0721,16.9239,12.657,7.9905,6.60016,2.14146,1.27848,0.31962,0.207753,0.127848,0.015981,0.143829,0.063924,0.063924,0
63287,63309,63298,7.9,-104.957,39.9635,355.792,-41.7365,310.894,68.2693,15.2492,1447.63,0.284795,0.00544242,19.3523,17.0083,13.3377,7.39568,6.21456,2.1442,1.78078,0.381596,0.0908561,0.0908561,0.109027,0.199883,0.0545136,0.0726849,0.0363424
63310,63327,63318,8,-104.952,39.9644,350.859,-42.6567,310.904,61.4619,13.917,1325.11,0.285645,0.00517551,17.1937,15.0724,12.365,6.67094,5.6382,1.8701,1.50724,0.474502,0.139559,0.139559,0.111647,0.139559,0.0279119,0.0837356,0.0279119
63328,63345,63336,8.1,-104.947,39.9654,345.742,-43.572,310.971,61.9869,13.567,1185.43,0.262128,0.00485268,18.8315,15.2445,11.7977,6.52936,5.15623,1.82149,1.3451,0.532437,0.140115,0.112092,0.112092,0.252207,0.056046,0.056046,0
63346,63364,63355,8.2,-104.942,39.9663,340.573,-44.4247,311.149,53.0943,9.92843,599.272,0.181078,0.00310359,16.7365,12.8073,9.15161,6.14252,4.57581,1.91488,1.11908,0.298422,0.17408,0.0746055,0,0.0746055,0.0248685,0,0
63365,63404,63384,8.3,-104.933,39.968,335.043,-45.1265,311.646,45.3764,9.00053,690.35,0.230103,0.00294034,14.3445,11.1639,8.02569,4.70728,4.03935,1.50548,1.03899,0.222641,0.116622,0.0424079,0.010602,0.0530099,0.0742138,0.0212039,0.010602
63405,63429,63417,8.4,-104.924,39.97,330.713,-45.8108,311.869,29.8741,4.92969,257.504,0.156706,0.00137702,11.2932,6.89945,4.83491,3.0527,2.0469,0.882283,0.599952,0.176457,0.052937,0.0176457,0,0.0176457,0,0,0
63430,63454,63442,8.5,-104.918,39.9714,325.575,-46.7688,311.953,26.5475,4.60442,287.778,0.187501,0.00132361,10.0041,6.4373,4.14433,2.32694,2.15709,0.849248,0.390654,0.0679398,0.0679398,0.0339699,0.016985,0,0.0509549,0,0
63455,63478,63466,8.6,-104.912,39.9727,320.426,-47.7627,311.998,24.7445,4.44487,318.22,0.214778,0.00146172,9.66065,5.69531,4.37353,1.98267,1.49672,0.660889,0.5637,0.155503,0.0194379,0.0777517,0,0.0388758,0,0.0194379,0
