data/B2SAP/Locations/Boulder/NOAA-POPS-B2SAP_GMLBalloon_20230303_R0.ict
61,1001
Thornberry, T. D.
NOAA Chemical Sciences Laboratory
Portable Optical Particle Spectrometer (POPS)
Balloon Baseline Stratospheric Aerosol Profiles (B2SAP)
1,1
2023,03,03,2024,05,28
0
TIME_START,s,Seconds since midnight UTC on flight start day,Start time of 100 m altitude bin in UTC_seconds_since_midnight
28
1.0,1.0,1.0,1.0,1.0,1.0,1.0,1.0,1.0,1.0,1.0,1.0,1.0,1.0,1.0,1.0,1.0,1.0,1.0,1.0,1.0,1.0,1.0,1.0,1.0,1.0,1.0,1.0
99999,99999,99999,99999,99999,99999,99999,99999,99999,99999,99999,99999,99999,99999,99999,99999,99999,99999,99999,99999,99999,99999,99999,99999,99999,99999,99999,99999
TIME_STOP,s,End time of 100 m altitude bin in UTC seconds since midnight,
TIME_MID,s,Mid time of 100 m altitude in UTC seconds since midnight,
GPSAlt,m,GPS reported altitude above sea level (m),
GPS_Lon,deg,GPS reported longitude,
GPS_Lat,deg,GPS reported latitude,
iMet_Pressure,mb,Pressure reported (mB),
iMet_Temperature,degrees C,Ambient temperature (oC),
THETA,K,Potential temperature from iMet,
Aerosol_concentration,cm^-3,Aerosol concentration,
Surface_Area_Conc,um^2 cm^-3,Surface area concentration,
Volume_density,um^3 cm^-3,Volume density,
Effective_radius,um,Effective radius,
Extinction,km^-1,Extinction,
Bin01,cm^-3,particle concentration in size range [140 - 170 nm],
Bin02,cm^-3,particle concentration in size range [170 - 205 nm],
Bin03,cm^-3,particle concentration in size range [205 - 249 nm],
Bin04,cm^-3,particle concentration in size range [249 - 302 nm],
Bin05,cm^-3,particle concentration in size range [302 - 366 nm],
Bin06,cm^-3,particle concentration in size range [366 - 443 nm],
Bin07,cm^-3,particle concentration in size range [443 - 537 nm],
Bin08,cm^-3,particle concentration in size range [537 - 651 nm],
Bin09,cm^-3,particle concentration in size range [651 - 789 nm],
Bin10,cm^-3,particle concentration in size range [789 - 956 nm],
Bin11,cm^-3,particle concentration in size range [956 - 1159 nm],
Bin12,cm^-3,particle concentration in size range [1159 - 1404 nm],
Bin13,cm^-3,particle concentration in size range [1404 - 1702 nm],
Bin14,cm^-3,particle concentration in size range [1702 - 2062 nm],
Bin15,cm^-3,particle concentration in size range [2062 - 2500 nm],
0
19
PI_CONTACT_INFO: 325 Broadway R/CSL6, Boulder, CO 80305; troy.thornberry@noaa.gov; 303-497-3373 
PLATFORM: GML ECC/FPH balloon
LOCATION: Boulder, CO, USA
ASSOCIATED_DATA: N/A
INSTRUMENT_INFO: Printed Optical Particle Spectrometer counts particles from 140 - 2500 nm in diameter 
DATA_INFO: Particle concentrations reported in number per cubic centimeter, binned to 100 m altitude
UNCERTAINTY: Counting uncertainty dominated by air flow, less than 5 percent
ULOD_FLAG: -77777
ULOD_VALUE: 3000 ~3000 per cm3 (varies depending on flow rate- manufacturer quotes 1250  per cm3 at 1.667 cc/s)
LLOD_FLAG: -88888
LLOD_VALUE: 0 0 (varies depending on data field and measurement precision)
DM_CONTACT_INFO: Troy Thornberry, 325 Broadway R/CSL6, Boulder, CO 80305; troy.thornberry@noaa.gov; 303-497-3373
PROJECT_INFO: B2SAP Boulder, CO, USA
STIPULATIONS_ON_USE: Please contact the PIs for questions regarding applications and uncertainties
OTHER_COMMENTS: POPS bin Edges (nm):  140, 170, 205, 249, 302, 366, 443, 537, 651, 789, 956, 1159, 1404, 1702, 2062, 2500
Calculations assume sulfate refractive index of 1.45+0.00j and extinction wavelength = 532 nm
REVISION: R0
R0: QA/QC data
TIME_START,TIME_STOP,TIME_MID,GPSAlt,GPS_Lon,GPS_Lat,iMet_Pressure,iMet_Temperature,THETA,Aerosol_concentration,Surface_Area_Conc,Volume_density,Effective_radius,Extinction,Bin01,Bin02,Bin03,Bin04,Bin05,Bin06,Bin07,Bin08,Bin09,Bin10,Bin11,Bin12,Bin13,Bin14,Bin15
[from data line 305]
69430,69442,69436,22.9,-104.102,40.1714,32.98,-58.293,569.519,2.3242,0.608565,39.5533,0.194983,0.00028954,0.735505,0.382463,0.323622,0.147101,0.264782,0.205941,0.147101,0.117681,0,0,0,0,0,0,0
69443,69454,69448,22.8,-104.102,40.1715,33.48,-58,567.852,2.67499,0.647506,39.8773,0.184758,0.000280205,0.752341,0.585154,0.334374,0.292577,0.208983,0.25078,0.167187,0.0835934,0,0,0,0,0,0,0
69456,69468,69462,22.7,-104.102,40.1716,34.0736,-57.5936,566.068,2.31428,0.560371,35.1669,0.18827,0.000250492,0.710062,0.341882,0.473375,0.18409,0.236687,0.131493,0.131493,0.105194,0,0,0,0,0,0,0
69470,69480,69475,22.6,-104.102,40.1721,34.6283,-57.18,564.554,2.56966,0.501778,26.6694,0.159449,0.000165694,0.856553,0.618622,0.237931,0.285518,0.285518,0.142759,0.142759,0,0,0,0,0,0,0,0
69482,69494,69488,22.5,-104.102,40.1729,35.251,-57.133,561.798,1.76949,0.332952,17.6411,0.158952,0.000110046,0.646003,0.421306,0.252784,0.0561742,0.168523,0.140435,0.0842613,0,0,0,0,0,0,0,0
69495,69508,69502,22.4,-104.102,40.1737,35.7933,-57.8533,557.497,2.19868,0.46155,25.7008,0.167051,0.000164973,0.514585,0.584755,0.374243,0.327463,0.0701706,0.187122,0.116951,0.0233902,0,0,0,0,0,0,0
69509,69521,69515,22.3,-104.102,40.1745,36.419,-57.935,554.522,2.55008,0.713509,48.2995,0.203079,0.000354975,0.644527,0.504412,0.280229,0.364298,0.19616,0.252206,0.168137,0.112092,0.0280229,0,0,0,0,0,0
69522,69535,69528,22.2,-104.102,40.175,36.9675,-57.9275,552.185,2.60066,0.576578,34.6562,0.18032,0.000231308,0.713456,0.621397,0.368235,0.322206,0.207132,0.207132,0.0920588,0.0460294,0.0230147,0,0,0,0,0,0
69537,69548,69542,22.1,-104.102,40.1753,37.5938,-57.4988,550.634,2.50439,0.601918,36.9873,0.184347,0.000252328,0.575333,0.43996,0.575333,0.236902,0.338431,0.101529,0.203059,0,0.0338431,0,0,0,0,0,0
69549,69562,69556,22,-104.102,40.1756,38.1709,-57.1509,549.124,2.71455,0.664349,39.5319,0.178514,0.000269161,0.586929,0.586929,0.489108,0.244554,0.293465,0.293465,0.171188,0.0489108,0,0,0,0,0,0,0
69563,69576,69570,21.9,-104.102,40.1759,38.7882,-56.5309,548.19,3.26916,0.856436,54.6668,0.191492,0.000394769,0.774913,0.726481,0.411673,0.339024,0.435889,0.193728,0.24216,0.145296,0,0,0,0,0,0,0
69577,69589,69583,21.8,-104.102,40.1764,39.389,-57.281,543.888,2.74656,0.60825,35.7653,0.176401,0.00024065,0.845097,0.607413,0.316911,0.290502,0.290502,0.211274,0.105637,0.0792278,0,0,0,0,0,0,0
69591,69603,69597,21.7,-104.101,40.177,40.069,-59.179,536.487,2.97707,0.654454,40.7738,0.186906,0.000276489,0.895755,0.526915,0.632298,0.342494,0.263457,0.0790372,0.158074,0.0263457,0.0526915,0,0,0,0,0,0
69604,69617,69610,21.6,-104.1,40.1777,40.6608,-60.325,531.376,2.76482,0.74096,44.8628,0.181641,0.000304058,0.482746,0.504689,0.416917,0.351088,0.43886,0.394974,0.087772,0.087772,0,0,0,0,0,0,0
69619,69631,69625,21.5,-104.099,40.1786,41.3492,-61.0758,526.967,2.97185,0.821808,55.0307,0.200889,0.000405184,0.830371,0.568148,0.24037,0.262222,0.568148,0.131111,0.196667,0.152963,0.0218519,0,0,0,0,0,0
69632,69645,69638,21.4,-104.098,40.1794,42.038,-61.404,523.68,2.98361,0.844854,55.4961,0.197062,0.000400426,0.492945,0.570778,0.570778,0.415111,0.311334,0.259445,0.2335,0.103778,0.0259445,0,0,0,0,0,0
69646,69658,69652,21.3,-104.098,40.18,42.6883,-62.1158,519.625,2.95029,0.958262,71.3484,0.223368,0.000554677,0.802653,0.477253,0.347093,0.282013,0.303706,0.19524,0.282013,0.19524,0.0650799,0,0,0,0,0,0
69659,69673,69666,21.2,-104.098,40.1805,43.403,-62.167,517.049,2.72907,0.814775,56.1376,0.206698,0.00040591,0.519822,0.46784,0.389867,0.389867,0.363875,0.285902,0.207929,0.0259911,0.0779733,0,0,0,0,0,0
69675,69688,69682,21.1,-104.098,40.1812,44.1617,-61.65,515.75,2.93933,0.914296,73.5875,0.241456,0.000448114,0.71322,0.518706,0.432255,0.259353,0.324191,0.345804,0.194515,0.108064,0.0216127,0,0.0216127,0,0,0,0
69689,69702,69696,21,-104.098,40.1818,44.8746,-61.22,514.442,3.1616,0.893832,59.7553,0.200559,0.00043431,0.69595,0.477223,0.536876,0.397686,0.497107,0.159074,0.238611,0.119306,0.0397686,0,0,0,0,0,0
69703,69717,69710,20.9,-104.098,40.1822,45.6669,-60.7054,513.12,2.80009,0.786661,53.5418,0.204186,0.00039964,0.635482,0.635482,0.377318,0.278024,0.3376,0.139012,0.218447,0.158871,0.0198588,0,0,0,0,0,0
69718,69732,69725,20.8,-104.098,40.1825,46.4225,-60.0267,512.347,3.03646,0.950552,71.2665,0.224921,0.000521986,0.620121,0.705655,0.363519,0.320752,0.299369,0.342136,0.171068,0.128301,0.0641505,0.0213835,0,0,0,0,0
69733,69746,69740,20.7,-104.099,40.1826,47.1836,-59.3845,511.517,3.24212,0.941373,66.4607,0.211799,0.000481589,0.699739,0.513142,0.583115,0.419843,0.419843,0.256571,0.186597,0.0466492,0.116623,0,0,0,0,0,0
69747,69761,69754,20.6,-104.099,40.1829,47.9492,-59.1431,509.734,3.04712,1.00164,79.6377,0.238523,0.000493875,0.51113,0.393177,0.530789,0.51113,0.432495,0.3342,0.157271,0.0982942,0.0589765,0,0.0196588,0,0,0,0
69763,69777,69770,20.5,-104.099,40.1836,48.7669,-59.6854,506,2.93887,0.815378,55.5896,0.204529,0.000410571,0.619762,0.59977,0.579778,0.33987,0.219916,0.179931,0.239908,0.119954,0.0399847,0,0,0,0,0,0
69778,69792,69785,20.4,-104.099,40.1843,49.5392,-59.5385,504.08,3.27588,0.938265,69.904,0.22351,0.000503807,0.75931,0.737616,0.52067,0.282029,0.433891,0.173557,0.151862,0.108473,0.0867783,0.0216946,0,0,0,0,0
69793,69808,69800,20.3,-104.099,40.1846,50.3708,-59.225,502.42,3.43687,1.35035,116.994,0.259918,0.000805978,0.659125,0.517884,0.470804,0.329563,0.470804,0.306022,0.306022,0.235402,0.117701,0,0.0235402,0,0,0,0
69810,69824,69817,20.2,-104.098,40.1849,51.1971,-59.9493,498.406,3.3156,0.966445,69.8353,0.21678,0.000502808,0.768248,0.68738,0.485209,0.384124,0.222388,0.384124,0.222388,0.0808682,0.0606511,0.020217,0,0,0,0,0
69825,69840,69832,20.1,-104.096,40.185,51.9567,-60.5517,494.901,3.26247,1.03265,75.8125,0.220247,0.000558426,0.63831,0.614669,0.543745,0.330975,0.330975,0.330975,0.236411,0.189129,0.0236411,0.0236411,0,0,0,0,0
69841,69857,69849,20,-104.095,40.1852,52.89,-60.2479,493.097,2.93487,1.06648,86.9099,0.244477,0.000634761,0.667935,0.404809,0.303607,0.404809,0.364328,0.283367,0.242886,0.182164,0.0202405,0.0607214,0,0,0,0,0
69858,69873,69866,19.9,-104.093,40.1858,53.7129,-60.1971,491.046,3.14176,1.31751,121.982,0.277757,0.000842146,0.527005,0.66889,0.324311,0.34458,0.364849,0.243233,0.304041,0.162155,0.141886,0.0405388,0.0202694,0,0,0,0
69874,69890,69882,19.8,-104.092,40.1867,54.6121,-60.4493,488.138,3.34842,1.23335,101.434,0.246727,0.000745102,0.64939,0.58851,0.365282,0.446456,0.365282,0.365282,0.284108,0.142054,0.0811737,0.0608803,0,0,0,0,0
69891,69907,69899,19.7,-104.091,40.1879,55.5538,-60.8077,484.95,3.49723,1.18216,84.2146,0.213714,0.000653014,0.743161,0.415296,0.480869,0.502727,0.393438,0.218577,0.502727,0.218577,0.0218577,0,0,0,0,0,0
69909,69923,69916,19.6,-104.091,40.1888,56.4742,-60.6467,483.031,4.31059,1.4163,107.616,0.227952,0.000803045,0.923698,0.615798,0.78159,0.52106,0.426322,0.378953,0.331584,0.189476,0.118423,0.0236846,0,0,0,0,0
69924,69940,69932,19.5,-104.09,40.1895,57.3846,-60.0431,482.203,3.94711,1.24372,91.4869,0.220677,0.000679671,0.937712,0.719639,0.610603,0.23988,0.392531,0.523374,0.218073,0.23988,0.0436145,0.0218073,0,0,0,0,0
69941,69956,69948,19.4,-104.09,40.1901,58.3423,-60.1377,479.714,4.38409,1.67696,181.293,0.324324,0.000974607,0.872455,0.807021,0.47985,0.588907,0.63253,0.283548,0.327171,0.261737,0.0872455,0.0218114,0,0,0,0.0218114,0
69958,69975,69966,19.3,-104.089,40.1904,59.3233,-59.4213,479.037,3.72062,1.33091,111.389,0.251082,0.000760336,0.770431,0.582521,0.620103,0.338238,0.432193,0.357029,0.281865,0.225492,0.075164,0.018791,0.018791,0,0,0,0
69976,69991,69984,19.2,-104.088,40.1904,60.2543,-59.2371,477.33,3.83856,1.2105,92.9585,0.230381,0.000692161,1.12544,0.663206,0.341652,0.401943,0.401943,0.42204,0.160777,0.180874,0.120583,0.0200972,0,0,0,0,0
69992,70008,70000,19.1,-104.087,40.19,61.2306,-58.9937,475.673,4.1607,1.43652,116.709,0.243734,0.000863416,0.948009,0.754896,0.456449,0.579339,0.421337,0.351114,0.280891,0.175557,0.140446,0.0526672,0,0,0,0,0
70009,70024,70016,19,-104.085,40.1895,62.1746,-59.3754,472.76,4.24133,1.27013,91.0656,0.215094,0.000662813,0.843938,0.75738,0.692462,0.584265,0.562625,0.259673,0.216394,0.259673,0.0432789,0.0216394,0,0,0,0,0
70026,70043,70034,18.9,-104.082,40.1893,63.2236,-59.3614,470.537,3.7027,1.21703,102.522,0.252717,0.000673069,0.804934,0.543331,0.664071,0.623824,0.321974,0.321974,0.12074,0.100617,0.18111,0,0.0201234,0,0,0,0
70044,70061,70052,18.8,-104.078,40.1896,64.2625,-59.2944,468.492,4.57091,1.43719,108.569,0.226627,0.000792207,1.07241,0.82628,0.615315,0.544993,0.474671,0.316448,0.439511,0.193385,0.0351608,0.0527413,0,0,0,0,0
70062,70079,70070,18.7,-104.075,40.1905,65.2512,-59.3965,466.238,3.94096,1.38259,111.909,0.242826,0.000823971,0.728582,0.695464,0.695464,0.397408,0.413967,0.413967,0.281497,0.115911,0.149028,0.049676,0,0,0,0,0
70080,70098,70089,18.6,-104.072,40.1918,66.3506,-59.1487,464.55,3.97544,1.07136,79.9247,0.223803,0.000494513,0.721208,1.05543,0.721208,0.38699,0.527713,0.175904,0.193495,0.123133,0.0527713,0,0.0175904,0,0,0,0
70099,70115,70107,18.5,-104.069,40.1935,67.4367,-58.7907,463.174,4.23338,1.21737,83.3717,0.205455,0.000609986,0.917858,0.73054,0.674344,0.618149,0.412099,0.412099,0.168586,0.243513,0.0561954,0,0,0,0,0,0
70117,70134,70126,18.4,-104.066,40.1949,68.5538,-58.405,461.839,3.9792,1.35217,108.526,0.240782,0.000733162,0.70118,0.823887,0.543415,0.438238,0.455767,0.420708,0.298002,0.210354,0.0525885,0.0175295,0.0175295,0,0,0,0
70135,70153,70144,18.3,-104.063,40.1958,69.6975,-57.8937,460.746,4.39046,1.45221,109.963,0.227163,0.000814152,0.766588,0.784011,0.662054,0.557519,0.644631,0.400717,0.20907,0.191647,0.156802,0.0174225,0,0,0,0,0
70154,70171,70162,18.2,-104.061,40.1966,70.8927,-57.3673,459.643,4.59012,1.4942,120.48,0.241895,0.000819229,0.966341,0.910591,0.594672,0.650422,0.501754,0.278752,0.297336,0.278752,0.0743339,0.0185835,0.0185835,0,0,0,0
70172,70188,70180,18.1,-104.058,40.1971,71.9814,-57.6671,457.008,4.55205,1.45674,111.125,0.22885,0.000817545,0.938361,0.838535,0.77864,0.499128,0.459198,0.399303,0.259547,0.259547,0.0798605,0.0399303,0,0,0,0,0
70190,70208,70199,18,-104.054,40.1977,73.17,-58.2675,453.604,4.78249,1.45723,110.934,0.22838,0.000760571,0.858396,1.08613,0.71825,0.490512,0.648177,0.472994,0.297811,0.0875915,0.0350366,0.0875915,0,0,0,0,0
70209,70228,70218,17.9,-104.051,40.1985,74.3635,-58.4924,451.048,5.00516,1.55795,121.014,0.233025,0.000809932,1.02256,0.879043,0.771405,0.699646,0.627888,0.448491,0.233215,0.143517,0.161457,0,0.0179396,0,0,0,0
70229,70247,70238,17.8,-104.047,40.1993,75.4913,-58.1833,449.749,4.98103,1.63756,120.008,0.219855,0.000906615,0.87168,0.933943,0.622629,0.705646,0.684892,0.352823,0.477349,0.166034,0.166034,0,0,0,0,0,0
70248,70266,70257,17.7,-104.044,40.2002,76.825,-58.1479,447.583,4.82458,1.60456,123.434,0.230781,0.000923389,1.06719,0.956022,0.444661,0.622526,0.622526,0.333496,0.28903,0.400195,0.0444661,0.0444661,0,0,0,0,0
70269,70284,70276,17.6,-104.041,40.201,77.9967,-57.6513,446.684,5.86637,1.88567,148.18,0.235746,0.000983321,1.22303,0.891357,0.953545,0.82917,0.601148,0.663336,0.310939,0.26948,0.0621877,0.0414585,0.0207292,0,0,0,0
70285,70304,70294,17.5,-104.037,40.2019,79.2594,-57.0518,445.865,5.11123,1.68843,134.722,0.239374,0.000921148,0.909471,0.982229,0.818524,0.691198,0.563872,0.418357,0.345599,0.218273,0.127326,0.0181894,0.0181894,0,0,0,0
70305,70322,70314,17.4,-104.034,40.2029,80.5027,-56.3727,445.29,5.34748,1.67112,123.447,0.221611,0.00090163,1.1929,0.884391,0.699286,0.760988,0.658151,0.411345,0.349643,0.287941,0.0617017,0.0411345,0,0,0,0,0
70323,70341,70332,17.3,-104.03,40.2038,81.75,-55.7794,444.552,4.78604,1.45979,115.332,0.237018,0.000759023,1.08363,0.99333,0.740482,0.415392,0.632119,0.288969,0.32509,0.198666,0.0722422,0.0180605,0,0.0180605,0,0,0
70342,70360,70351,17.2,-104.027,40.2048,83.0517,-54.7278,444.683,5.49771,1.7094,131.228,0.230305,0.000895749,1.15384,1.069,0.814476,0.712667,0.526016,0.441175,0.458143,0.203619,0.0848413,0.0169683,0.0169683,0,0,0,0
70362,70379,70370,17.1,-104.023,40.2057,84.3922,-54.9283,442.256,5.87532,1.64314,114.978,0.209923,0.000828967,1.22261,1.27355,0.98488,0.679228,0.645266,0.373575,0.407537,0.152826,0.118865,0.0169807,0,0,0,0,0
70380,70399,70390,17,-104.02,40.2061,85.7589,-56.0889,437.887,5.40499,1.69508,136.658,0.241861,0.000911034,1.31288,0.971876,0.784321,0.460362,0.835472,0.37511,0.358059,0.119353,0.119353,0.0511513,0.0170504,0,0,0,0
70400,70416,70408,16.9,-104.016,40.2067,87.12,-56.068,435.958,5.32585,1.5657,111.392,0.213435,0.000813933,1.24953,1.18807,0.532585,0.532585,0.675973,0.491617,0.348229,0.20484,0.0819361,0.020484,0,0,0,0,0
70419,70437,70428,16.8,-104.012,40.2073,88.5383,-54.9289,436.235,5.60364,1.82576,148.495,0.243999,0.000987877,1.25657,1.00186,0.781114,0.645268,0.662249,0.509422,0.390557,0.203769,0.067923,0.067923,0,0.0169807,0,0,0
70438,70457,70448,16.7,-104.008,40.2079,89.9785,-54.5135,435.05,5.84763,2.17788,192.887,0.265699,0.00136092,1.41254,1.04802,0.729055,0.531602,0.653112,0.410093,0.501225,0.273396,0.151886,0.121509,0.0151886,0,0,0,0
70458,70478,70468,16.6,-104.004,40.2083,91.4517,-54.6,432.866,5.66303,1.58628,120.718,0.228304,0.000794111,1.35641,1.15295,0.932535,0.661252,0.678207,0.288238,0.271283,0.169552,0.118686,0.0169552,0.0169552,0,0,0,0
70479,70499,70489,16.5,-104,40.2087,92.8589,-54.9894,430.22,5.85998,1.73206,135.446,0.234598,0.000962729,1.44376,1.27391,0.815302,0.815302,0.424636,0.356694,0.339709,0.203825,0.101913,0.0849273,0,0,0,0,0
70500,70521,70510,16.4,-103.994,40.2097,94.4271,-56.52,425.155,5.63273,1.78632,144.079,0.24197,0.000990109,1.41271,0.959918,0.815025,0.688243,0.597685,0.416568,0.344122,0.163005,0.199228,0.0181117,0.0181117,0,0,0,0
70522,70544,70533,16.3,-103.988,40.2115,95.901,-56.5455,423.229,5.78917,2.0999,202.334,0.289061,0.00120131,1.24713,1.4011,0.723646,0.508092,0.585076,0.492695,0.415712,0.153967,0.0923804,0.107777,0.0615869,0,0,0,0
70545,70567,70556,16.2,-103.981,40.2139,97.4727,-58.5041,417.469,5.84991,1.45422,125.342,0.258575,0.000707479,2.33996,1.40962,0.592039,0.380596,0.3665,0.253731,0.18325,0.197346,0.0563846,0.0281923,0.0281923,0.0140962,0,0,0
70568,70589,70578,16.1,-103.975,40.2159,99.0555,-59.48,413.648,5.11269,0.936663,70.5123,0.225841,0.000373738,2.64044,0.992266,0.504542,0.386816,0.269089,0.117727,0.0840904,0.0336361,0.0168181,0.0504542,0.0168181,0,0,0,0
70590,70611,70600,16,-103.969,40.2174,100.626,-60.0411,410.718,4.95832,0.8959,69.5054,0.232745,0.000369648,2.60867,1.33208,0.277518,0.222014,0.129508,0.129508,0.129508,0.0555035,0.0185012,0.0370024,0,0.0185012,0,0,0
70612,70633,70622,15.9,-103.963,40.2189,102.287,-60.6178,407.7,4.24849,0.785583,69.843,0.266718,0.00026743,2.38855,0.743976,0.430723,0.215361,0.23494,0.11747,0.0391566,0.0195783,0,0.0195783,0,0.0391566,0,0,0
70634,70656,70645,15.8,-103.957,40.2211,103.934,-60.6745,405.724,4.60522,0.775884,58.2982,0.225414,0.000293372,2.54869,0.966744,0.492161,0.175772,0.140617,0.12304,0.0703087,0.0175772,0.0175772,0.0351543,0.0175772,0,0,0,0
70658,70679,70668,15.7,-103.951,40.2241,105.726,-61.32,402.526,4.361,0.650279,36.6263,0.168972,0.000218786,2.30112,1.11345,0.371149,0.185574,0.111345,0.129902,0.0556723,0.0742297,0,0.0185574,0,0,0,0,0
70680,70702,70691,15.6,-103.945,40.2269,107.454,-61.092,401.104,3.57519,0.499806,25.3995,0.152456,0.000149782,1.81401,1.02148,0.317012,0.123282,0.123282,0.0704471,0.0352235,0.0528353,0.0176118,0,0,0,0,0,0
70703,70726,70714,15.5,-103.939,40.2296,109.215,-60.7852,399.811,3.78997,0.588084,41.1659,0.21,0.000197465,2.23038,0.654021,0.503093,0.117388,0.100619,0.0335396,0.0670791,0.0503093,0.0167698,0,0.0167698,0,0,0,0
70727,70751,70739,15.4,-103.934,40.2322,110.993,-60.9141,397.734,3.83977,0.656667,56.7958,0.259473,0.000237899,2.19187,0.927944,0.319981,0.111993,0.0639962,0.0959942,0.0639962,0,0.015999,0.015999,0.0319981,0,0,0,0
