data/B2SAP/Locations/Boulder/NOAA-POPS-B2SAP_GMLBalloon_20220526_R0.ict
61,1001
Thornberry, T. D.
NOAA Chemical Sciences Laboratory
Portable Optical Particle Spectrometer (POPS)
Balloon Baseline Stratospheric Aerosol Profiles (B2SAP)
1,1
2022,05,26,2024,05,28
0
TIME_START,s,Seconds since midnight UTC on flight start day,Start time of 100 m altitude bin in UTC_seconds_since_midnight
28
1.0,1.0,1.0,1.0,1.0,1.0,1.0,1.0,1.0,1.0,1.0,1.0,1.0,1.0,1.0,1.0,1.0,1.0,1.0,1.0,1.0,1.0,1.0,1.0,1.0,1.0,1.0,1.0
99999,99999,99999,99999,99999,99999,99999,99999,99999,99999,99999,99999,99999,99999,99999,99999,99999,99999,99999,99999,99999,99999,99999,99999,99999,99999,99999,99999
TIME_STOP,s,End time of 100 m altitude bin in UTC seconds since midnight,
TIME_MID,s,Mid time of 100 m altitude in UTC seconds since midnight,
GPSAlt,m,GPS reported altitude above sea level (m),
GPS_Lon,deg,GPS reported longitude,
GPS_Lat,deg,GPS reported latitude,
iMet_Pressure,mb,Pressure reported (mB),
iMet_Temperature,degrees C,Ambient temperature (oC),
THETA,K,Potential temperature from iMet,
Aerosol_concentration,cm^-3,Aerosol concentration,
Surface_Area_Conc,um^2 cm^-3,Surface area concentration,
Volume_density,um^3 cm^-3,Volume density,
Effective_radius,um,Effective radius,
Extinction,km^-1,Extinction,
Bin01,cm^-3,particle concentration in size range [140 - 170 nm],
Bin02,cm^-3,particle concentration in size range [170 - 205 nm],
Bin03,cm^-3,particle concentration in size range [205 - 249 nm],
Bin04,cm^-3,particle concentration in size range [249 - 302 nm],
Bin05,cm^-3,particle concentration in size range [302 - 366 nm],
Bin06,cm^-3,particle concentration in size range [366 - 443 nm],
Bin07,cm^-3,particle concentration in size range [443 - 537 nm],
Bin08,cm^-3,particle concentration in size range [537 - 651 nm],
Bin09,cm^-3,particle concentration in size range [651 - 789 nm],
Bin10,cm^-3,particle concentration in size range [789 - 956 nm],
Bin11,cm^-3,particle concentration in size range [956 - 1159 nm],
Bin12,cm^-3,particle concentration in size range [1159 - 1404 nm],
Bin13,cm^-3,particle concentration in size range [1404 - 1702 nm],
Bin14,cm^-3,particle concentration in size range [1702 - 2062 nm],
Bin15,cm^-3,particle concentration in size range [2062 - 2500 nm],
0
19
PI_CONTACT_INFO: 325 Broadway R/CSL6, Boulder, CO 80305; troy.thornberry@noaa.gov; 303-497-3373 
PLATFORM: GML ECC/FPH balloon
LOCATION: Boulder, CO, USA
ASSOCIATED_DATA: N/A
INSTRUMENT_INFO: Printed Optical Particle Spectrometer counts particles from 140 - 2500 nm in diameter 
DATA_INFO: Particle concentrations reported in number per cubic centimeter, binned to 100 m altitude
UNCERTAINTY: Counting uncertainty dominated by air flow, less than 5 percent
ULOD_FLAG: -77777
ULOD_VALUE: 3000 ~3000 per cm3 (varies depending on flow rate- manufacturer quotes 1250  per cm3 at 1.667 cc/s)
LLOD_FLAG: -88888
LLOD_VALUE: 0 0 (varies depending on data field and measurement precision)
DM_CONTACT_INFO: Troy Thornberry, 325 Broadway R/CSL6, Boulder, CO 80305; troy.thornberry@noaa.gov; 303-497-3373
PROJECT_INFO: B2SAP Boulder, CO, USA
STIPULATIONS_ON_USE: Please contact the PIs for questions regarding applications and uncertainties
OTHER_COMMENTS: POPS bin Edges (nm):  140, 170, 205, 249, 302, 366, 443, 537, 651, 789, 956, 1159, 1404, 1702, 2062, 2500
Calculations assume sulfate refractive index of 1.45+0.00j and extinction wavelength = 532 nm
REVISION: R0
R0: QA/QC data
TIME_START,TIME_STOP,TIME_MID,GPSAlt,GPS_Lon,GPS_Lat,iMet_Pressure,iMet_Temperature,THETA,Aerosol_concentration,Surface_Area_Conc,Volume_density,Effective_radius,Extinction,Bin01,Bin02,Bin03,Bin04,Bin05,Bin06,Bin07,Bin08,Bin09,Bin10,Bin11,Bin12,Bin13,Bin14,Bin15
[from data line 304]
68065,68094,68080,16.4,-104.861,39.7611,100.888,-64.6712,401.497,9.99585,1.29345,59.764,0.138616,0.000326589,5.79591,2.18397,0.797988,0.440993,0.356995,0.125998,0.230996,0.0419994,0.0209997,0,0,0,0,0,0
68095,68114,68104,16.3,-104.859,39.7615,101.912,-63.8133,401.988,11.4729,1.33095,56.7118,0.12783,0.000290002,6.53896,3.21004,1.1889,0,0.0594451,0.178335,0.237781,0.0594451,0,0,0,0,0,0,0
68130,68148,68139,16.2,-104.855,39.7618,103.951,-64.565,398.275,11.6697,1.46392,79.9802,0.163903,0.000374451,7.00978,2.90747,0.836394,0.278798,0.278798,0.0796566,0.179227,0.0199141,0.0597424,0,0.0199141,0,0,0,0
68154,68188,68171,16.1,-104.852,39.7618,105.696,-63.9541,397.556,11.8842,1.39342,60.8116,0.130926,0.000300801,7.06118,2.84759,1.08229,0.283708,0.220662,0.157616,0.147108,0.0735539,0,0.0105077,0,0,0,0,0
68189,68216,68202,16,-104.849,39.7612,107.219,-63.9095,396.019,13.0208,1.50223,64.5285,0.128865,0.000299096,7.57197,3.28808,1.12734,0.394569,0.319413,0.131523,0.112734,0.056367,0,0.018789,0,0,0,0,0
68217,68242,68230,15.9,-104.845,39.7601,109.224,-63.3175,395.038,12.3147,1.50219,78.8007,0.157371,0.000343524,7.4198,2.94577,0.974541,0.398676,0.243635,0.066446,0.132892,0.110743,0,0,0.0221487,0,0,0,0
68243,68267,68255,15.8,-104.841,39.7596,111.1,-63.4677,392.844,13.8095,1.74338,94.2953,0.162263,0.000439097,8.14325,3.28644,1.24658,0.469492,0.194272,0.161894,0.194272,0.0485681,0.0161894,0.0323787,0,0.0161894,0,0,0
68274,68292,68283,15.7,-104.837,39.7596,113.042,-62.7558,392.228,12.9898,1.50047,63.5368,0.127034,0.000310046,7.43066,3.57635,1.0377,0.277955,0.315016,0.129712,0.111182,0.0926516,0.0185303,0,0,0,0,0,0
68293,68319,68306,15.6,-104.833,39.7597,114.771,-63.6467,388.874,14.2627,1.781,121.891,0.205319,0.000487843,8.76589,3.70408,0.843635,0.355908,0.276818,0.0527272,0.105454,0.0790908,0.0263636,0.0395454,0,0,0,0.0131818,0
68320,68343,68332,15.5,-104.828,39.7599,116.545,-62.6361,389.047,13.721,1.56613,64.0386,0.122669,0.000299698,8.14633,3.31089,1.21656,0.323389,0.323389,0.153995,0.215593,0.0153995,0.0153995,0,0,0,0,0,0
68347,68372,68360,15.4,-104.824,39.7599,118.81,-61.8946,388.27,14.3681,1.61043,67.1915,0.125168,0.000326023,8.68829,3.69657,1.07929,0.269823,0.24284,0.0944379,0.229349,0.0404734,0.0269823,0,0,0,0,0,0
68373,68397,68385,15.3,-104.821,39.7598,120.809,-61.2168,387.665,14.7641,1.73381,77.5192,0.134131,0.000370203,8.56093,3.66295,1.33326,0.589441,0.19648,0.182446,0.154377,0.0421029,0.0140343,0.0280686,0,0,0,0,0
68398,68424,68411,15.2,-104.817,39.7595,122.733,-60.5627,387.115,14.1191,1.63825,85.5082,0.156585,0.000310645,8.60888,3.55672,1.03738,0.282921,0.323338,0.094307,0.161669,0.0269449,0,0,0.0134724,0,0.0134724,0,0
68425,68450,68438,15.1,-104.813,39.7588,125.113,-59.71,386.532,15.1618,1.7069,79.8332,0.140313,0.000284209,8.71395,4.06495,1.51852,0.303703,0.280342,0.116809,0.116809,0.0233618,0,0,0.0233618,0,0,0,0
68452,68479,68466,15,-104.809,39.7582,126.85,-58.948,386.391,15.1665,1.70334,71.5389,0.125998,0.000327371,9.26,3.46387,1.35243,0.414009,0.331207,0.151803,0.0966021,0.0690015,0.0138003,0.0138003,0,0,0,0,0
68480,68509,68494,14.9,-104.805,39.7569,128.994,-59.094,384.29,14.1575,1.77455,98.1911,0.165999,0.000432417,8.38913,3.53591,1.12317,0.388257,0.277327,0.15253,0.180262,0.041599,0.0277327,0.0138663,0.0277327,0,0,0,0
68510,68543,68526,14.8,-104.8,39.7557,131.001,-58.507,383.636,14.2836,1.69987,93.44,0.164907,0.000349563,8.31605,3.77302,1.33467,0.359336,0.192501,0.115501,0.102667,0.0385002,0,0.0256668,0,0.0128334,0.0128334,0,0
68544,68580,68562,14.7,-104.794,39.7549,133.177,-58.2771,382.248,15.3858,1.661,65.841,0.118918,0.00028142,9.38396,3.78802,1.29137,0.29517,0.319768,0.0983902,0.172183,0.0245975,0,0.0122988,0,0,0,0,0
68581,68618,68600,14.6,-104.788,39.7543,135.298,-57.587,381.753,14.4599,1.64963,68.9322,0.125359,0.000321755,8.76984,3.38887,1.19068,0.320569,0.377813,0.171733,0.194631,0.0343466,0,0.0114489,0,0,0,0,0
68619,68657,68638,14.5,-104.781,39.7534,137.502,-57.2694,380.55,14.7322,1.68886,78.8885,0.140133,0.00034643,9.01492,3.43681,1.22055,0.460382,0.31049,0.0749459,0.107066,0.0535328,0.0321197,0.0107066,0.0107066,0,0,0,0
68658,68697,68678,14.4,-104.775,39.7516,139.635,-56.9944,379.361,13.9774,1.48975,60.1662,0.12116,0.000261568,8.88829,3.22478,1.03798,0.362787,0.181394,0.131007,0.0806194,0.0403097,0.0201549,0.0100774,0,0,0,0,0
68701,68734,68718,14.3,-104.767,39.7494,141.843,-57.4886,376.805,15.4227,1.74907,86.2767,0.147982,0.000310303,9.44537,3.62191,1.29016,0.508961,0.307744,0.0946905,0.0710178,0.0473452,0,0.0118363,0,0.0236726,0,0,0
68735,68765,68750,14.2,-104.761,39.7472,144.018,-57.5483,375.068,11.474,1.29497,64.7668,0.150043,0.000254818,7.14983,2.78287,0.884809,0.214067,0.25688,0.0713556,0.0428134,0.0142711,0.0285422,0.0142711,0,0.0142711,0,0,0
68766,68795,68780,14.1,-104.755,39.7449,146.428,-57.0485,374.151,15.2266,1.8709,149.542,0.239792,0.000478968,9.99651,3.27205,1.0048,0.347817,0.24476,0.180349,0.0644105,0.0386463,0.0386463,0.0257642,0,0,0,0,0.0128821
68796,68825,68810,14,-104.749,39.7427,148.742,-56.89,372.756,15.8516,1.78092,89.7545,0.151193,0.000386839,10.4539,3.38167,1.1218,0.308903,0.341419,0.0325161,0.0812902,0.0487741,0.0325161,0.0325161,0.016258,0,0,0,0
68826,68858,68842,13.9,-104.744,39.7404,151.222,-56.3881,371.866,16.4834,1.91086,89.5174,0.14054,0.000376092,9.79448,4.10592,1.34375,0.447918,0.432987,0.134375,0.134375,0.0298612,0.0447918,0,0,0.0149306,0,0,0
68859,68890,68874,13.8,-104.739,39.7377,153.635,-56.6589,369.718,17.5853,2.28836,140.889,0.184703,0.000563688,10.3312,4.23272,1.57335,0.57086,0.389856,0.153158,0.208851,0.0139234,0.0278468,0.0278468,0.0417702,0.0139234,0,0,0
68891,68921,68906,13.7,-104.735,39.7347,155.985,-56.6392,368.151,17.9424,1.95034,80.3315,0.123565,0.000354463,11.0564,4.21888,1.61643,0.371778,0.371778,0.0969857,0.11315,0.0484928,0.0323286,0.0161643,0,0,0,0,0
68922,68948,68935,13.6,-104.73,39.7315,158.435,-56.5654,366.645,19.3501,2.36465,122.408,0.155297,0.00057238,11.568,4.82136,1.48847,0.469192,0.436834,0.17797,0.242686,0.0647162,0.0161791,0.0485372,0,0.0161791,0,0,0
68950,68978,68964,13.5,-104.725,39.7279,161.105,-56.4439,365.104,18.2436,2.2208,112.636,0.152156,0.000536956,11.1517,4.37981,1.36448,0.353754,0.387445,0.1853,0.252682,0.117918,0.0168454,0.0168454,0,0.0168454,0,0,0
68979,69003,68991,13.4,-104.72,39.7245,163.697,-56.129,363.963,17.9916,1.88355,69.1967,0.110212,0.000268784,10.9228,4.58988,1.31693,0.503531,0.367965,0.1162,0.135566,0.0387332,0,0,0,0,0,0,0
69007,69036,69022,13.3,-104.715,39.7212,166.353,-57.1076,360.665,16.0778,2.05041,114.561,0.167617,0.000475507,9.12269,4.17929,1.40349,0.405453,0.483425,0.155944,0.218321,0.0623774,0,0.0155944,0.0155944,0,0.0155944,0,0
69037,69071,69054,13.2,-104.709,39.7176,169.095,-57.5619,358.235,16.5407,2.3254,151.257,0.195136,0.000653905,8.85541,4.26158,1.4446,0.534503,0.823423,0.28892,0.173352,0.0722301,0.0577841,0.014446,0,0,0,0.014446,0
69072,69109,69090,13.1,-104.703,39.7143,171.791,-58.106,355.711,17.3649,2.32776,124.712,0.160728,0.000604948,9.96924,3.91231,1.50773,0.727872,0.493913,0.220961,0.415927,0.0649885,0.0259954,0,0.0129977,0.0129977,0,0,0
69110,69148,69129,13,-104.695,39.7115,174.686,-57.8987,354.359,17.1068,2.34909,118.22,0.150978,0.00065995,9.42566,3.86565,1.65671,0.690294,0.665193,0.301219,0.326321,0.125508,0.0125508,0.0376524,0,0,0,0,0
69149,69186,69168,12.9,-104.689,39.7092,177.511,-58.2048,352.24,16.1054,2.07938,97.0804,0.140061,0.000513615,8.81292,3.86154,1.76258,0.430555,0.618923,0.242187,0.269097,0.0538194,0.0403645,0.0134548,0,0,0,0,0
69187,69222,69204,12.8,-104.684,39.7068,180.393,-58.1856,350.656,20.2556,3.11038,175.523,0.169294,0.00090191,10.0239,4.8897,1.91921,1.10018,1.07573,0.537867,0.525643,0.146691,0,0.0122243,0,0,0.0244485,0,0
69223,69256,69240,12.7,-104.68,39.704,182.998,-59.7247,346.713,23.0668,3.61844,241.233,0.200003,0.00109802,10.7414,5.82739,2.70558,1.27185,1.21404,0.543427,0.589677,0.0924983,0.0346869,0.0346869,0,0,0,0,0.0115623
69263,69294,69278,12.6,-104.673,39.701,186.119,-59.5707,345.298,25.5211,4.29578,265.545,0.185446,0.00133742,11.1655,6.1564,3.37203,1.49713,1.66503,0.741567,0.699591,0.083951,0.0279837,0.0559673,0.0139918,0.0279837,0.0139918,0,0
69295,69337,69316,12.5,-104.665,39.6982,189.08,-60.6894,341.946,24.1345,3.9715,232.835,0.17588,0.00122093,10.7649,5.72809,2.8517,1.67892,1.65423,0.592561,0.654286,0.0740702,0.0617251,0.0370351,0.0246901,0,0.012345,0,0
69340,69379,69360,12.4,-104.657,39.6958,192.245,-60.7565,340.217,21.4626,3.78132,244.312,0.19383,0.00120384,9.15689,5.10517,2.80148,1.35443,1.5165,0.659852,0.625123,0.115764,0.0578818,0,0.0115764,0.0463054,0.0115764,0,0
69380,69421,69400,12.3,-104.648,39.6939,195.416,-60.8453,338.485,20.541,3.13024,156.534,0.150021,0.000880946,9.12549,4.76515,3.0534,1.31851,1.15659,0.45107,0.508899,0.104093,0.0346977,0.0231318,0,0,0,0,0
69422,69462,69442,12.2,-104.64,39.6922,198.556,-60.5647,337.396,19.7844,3.24754,180.752,0.166974,0.000977919,8.29396,4.78769,2.71772,1.29549,1.53488,0.506932,0.450606,0.09857,0.0563257,0.0281629,0,0,0.0140814,0,0
69463,69500,69482,12.1,-104.633,39.6905,201.761,-59.6629,337.285,17.9303,3.0436,182.975,0.180354,0.000898474,7.11055,4.36896,2.77092,1.2755,1.39279,0.425167,0.410506,0.0879656,0.0293219,0.0146609,0.0146609,0.0293219,0,0,0
69501,69534,69518,12,-104.626,39.6892,205.021,-59.0196,336.747,17.8668,2.87103,159.443,0.166605,0.000822992,7.6665,4.30428,2.43639,1.26692,1.05577,0.600975,0.406064,0.0812129,0,0.0324852,0,0,0.0162426,0,0
69536,69566,69551,11.9,-104.62,39.6881,208.141,-58.1874,336.601,18.7888,3.04863,183.668,0.180738,0.000801998,7.95232,4.28458,2.90085,1.28371,1.43375,0.566832,0.250073,0.0333431,0.0166715,0.0166715,0,0.0333431,0.0166715,0,0
69567,69599,69583,11.8,-104.614,39.6869,211.578,-57.5946,335.958,21.8946,3.88446,254.688,0.196698,0.00122487,8.82513,5.34953,3.07518,1.77784,1.44149,0.640662,0.51253,0.112116,0.0640662,0.0160166,0.0320331,0.0480497,0,0,0
69600,69629,69614,11.7,-104.609,39.6857,215.037,-56.7612,335.703,23.2808,3.64149,177.503,0.146234,0.000960819,9.20564,5.67825,3.5274,1.97878,1.63465,0.705479,0.412963,0.0688272,0.0516204,0.0172068,0,0,0,0,0
69630,69659,69644,11.6,-104.604,39.6845,218.177,-56.5272,334.665,25.4537,4.76773,338.55,0.213026,0.001665,9.91959,6.34997,3.58756,1.6144,1.95522,0.986578,0.663698,0.215253,0.0538133,0.0538133,0,0.0179378,0.0179378,0.0179378,0
69660,69687,69674,11.5,-104.599,39.6829,221.923,-55.1573,335.15,25.4578,4.64008,313.177,0.202481,0.001502,9.2231,6.34302,3.94296,2.36578,1.81719,0.874309,0.582872,0.171433,0.0514299,0.0342866,0.0171433,0.0171433,0,0.0171433,0
69689,69711,69700,11.4,-104.594,39.6814,225.209,-54.2955,335.068,27.5459,4.87384,278.777,0.171596,0.00151138,10.0248,7.00847,4.10306,2.17351,2.21787,0.820611,0.931505,0.199608,0.0221787,0,0.0221787,0.0221787,0,0,0
69717,69744,69730,11.3,-104.589,39.6798,228.674,-53.465,334.88,28.1035,5.08277,380.805,0.224763,0.0016351,11.0722,6.45571,4.54291,2.02316,2.11512,0.827655,0.809262,0.147139,0.0367847,0.0183923,0.0183923,0,0.0183923,0,0.0183923
69745,69772,69758,11.2,-104.585,39.6779,232.506,-52.8684,334.189,28.5053,4.84443,289.609,0.179345,0.00136486,10.6087,7.18313,4.66642,2.3769,1.97492,0.926292,0.524316,0.12234,0.0349544,0.0174772,0.0174772,0.0349544,0.0174772,0,0
69773,69801,69787,11.1,-104.581,39.6761,235.965,-52.055,334.013,30.2247,5.55034,411.149,0.222229,0.00178485,11.3871,7.16337,4.71363,2.82142,2.19632,1.03058,0.591316,0.135158,0.067579,0.0337895,0.0337895,0.0168947,0,0.0337895,0
69802,69830,69816,11,-104.577,39.674,239.725,-51.4596,333.407,32.3181,6.62253,620.93,0.281281,0.00242283,12.091,7.82255,4.51234,2.97919,2.36941,1.06275,1.01049,0.24391,0.104533,0,0.0348443,0.0348443,0,0.0174222,0.0348443
69831,69860,69846,10.9,-104.572,39.6718,243.387,-50.5462,333.336,32.7567,5.97074,448.392,0.225295,0.00194678,12.3544,8.13097,5.40402,2.49416,2.31126,0.881271,0.881271,0.066511,0.066511,0.0831388,0.0166278,0.0332555,0.0166278,0,0.0166278
69861,69891,69876,10.8,-104.568,39.669,247.349,-49.6792,333.086,33.8082,6.50806,444.255,0.204787,0.00215185,12.4207,7.92068,5.34688,2.77307,2.5406,1.41144,0.946497,0.232473,0.0498156,0.0166052,0.083026,0.0498156,0.0166052,0,0
69892,69920,69906,10.7,-104.564,39.6661,251.15,-48.8004,332.945,31.3413,5.90289,472.397,0.240084,0.00186987,11.5547,7.76533,4.62933,3.11733,2.296,0.914667,0.672,0.242667,0.0186667,0.0186667,0,0.0186667,0.0746667,0,0.0186667
69923,69958,69940,10.6,-104.559,39.6628,255.032,-47.8845,332.847,29.4178,6.15703,531.505,0.258975,0.002352,10.5222,6.80241,4.75724,2.57869,2.25265,0.918844,1.12633,0.251941,0.0592803,0.0592803,0,0,0.0296401,0.0592803,0
69959,69995,69977,10.5,-104.554,39.6589,259.11,-46.8503,332.859,27.71,5.0449,316.846,0.188416,0.00161735,10.7606,6.40932,4.16018,2.05804,2.20504,1.04372,0.749714,0.191104,0.0294006,0.0294006,0.0294006,0.0294006,0.0147003,0,0
69996,70033,70014,10.4,-104.55,39.6551,262.995,-45.7611,333.039,22.953,4.19472,268.963,0.192359,0.00130891,8.82924,5.11404,3.5347,2.09074,1.71471,0.81223,0.601652,0.150413,0.0150413,0.0150413,0.0300826,0.0300826,0.0150413,0,0
70034,70072,70053,10.3,-104.544,39.6507,267.086,-45.2438,332.332,24.3667,4.28218,276.063,0.193404,0.00129011,8.98486,5.98991,3.91089,2.09356,1.83187,0.712392,0.62516,0.145386,0.0290772,0,0,0.0145386,0.0145386,0.0145386,0
70073,70116,70094,10.2,-104.537,39.6458,271.219,-44.4163,332.082,29.4285,5.56787,402.161,0.216686,0.00190391,11.3483,6.94841,4.45996,2.4644,2.10376,0.925653,0.733309,0.204365,0.0721288,0.0721288,0,0.0480859,0.0360644,0.0120215,0
70117,70165,70141,10.1,-104.53,39.6408,275.075,-43.6692,331.82,36.8144,6.96172,501.71,0.216201,0.00231462,13.8988,8.81817,5.27922,3.21192,2.91992,1.26141,0.992774,0.198555,0.0700782,0.0467188,0.0233594,0.0350391,0.0350391,0.0233594,0
70166,70209,70188,10,-104.523,39.6358,279.186,-42.9538,331.445,34.5023,6.79452,504.459,0.222735,0.00231824,12.8538,7.63848,5.53513,3.33338,2.49696,1.14393,1.00862,0.221405,0.0615014,0.0492011,0.0492011,0.0615014,0.0369008,0.0123003,0
70212,70259,70236,9.9,-104.516,39.6306,283.415,-42.0621,331.307,29.5804,5.80942,510.123,0.263429,0.00198351,11.494,6.65612,4.80602,2.32858,2.32858,0.946317,0.637967,0.19139,0.0106328,0.0425311,0.0531639,0.0212656,0.0212656,0.0318983,0.0106328
70260,70308,70284,9.8,-104.51,39.6246,287.731,-41.2224,331.082,26.2346,5.09711,446.148,0.262589,0.00174667,10.0101,6.62863,3.63903,2.11623,1.94828,0.850972,0.78379,0.134364,0.011197,0.011197,0.033591,0.022394,0,0.033591,0.011197
70309,70363,70336,9.7,-104.502,39.6178,292,-40.5344,330.662,28.174,5.1323,361.88,0.211531,0.00172096,10.8972,6.83456,4.38004,2.07364,2.08422,0.846385,0.740587,0.137538,0.0423192,0.0846385,0,0.0105798,0.0211596,0.0211596,0
70364,70417,70390,9.6,-104.494,39.6106,296.162,-39.8958,330.232,32.0172,6.21975,452.261,0.218141,0.00217634,11.8723,7.286,4.86818,3.05752,2.56962,1.00833,0.867381,0.216845,0.119265,0.0542113,0.0325268,0.0325268,0.0108423,0.0216845,0
70418,70471,70444,9.5,-104.484,39.6029,300.632,-38.98,330.116,32.0093,6.07055,480.851,0.237631,0.0020132,12.0632,8.01559,4.39265,2.85323,2.57454,0.928959,0.78298,0.199063,0.0663542,0.0265417,0.0132708,0.0265417,0.0398125,0.0132708,0.0132708
70472,70519,70496,9.4,-104.476,39.5963,305.077,-38.4444,329.49,39.3425,7.79845,723.513,0.278329,0.00264183,14.1694,10.059,6.07626,3.68916,2.88495,1.1744,0.829742,0.153183,0.0893568,0.0382958,0.0127653,0.051061,0.051061,0.0382958,0.0255305
70520,70562,70541,9.3,-104.469,39.5909,309.483,-37.7365,329.125,42.367,8.65761,733.562,0.254191,0.00314316,14.5262,10.2987,6.72974,4.05628,3.42413,1.52769,1.15894,0.302904,0.131697,0.0790184,0.0526789,0.0131697,0.0131697,0.0263395,0.0263395
70563,70601,70582,9.2,-104.462,39.5859,313.904,-37.3393,328.347,36.2823,7.20149,562.365,0.23427,0.00251014,12.9998,8.57145,5.98951,3.15237,3.09233,0.975734,0.930701,0.270203,0.0600452,0.0900678,0.0150113,0.0750565,0.0300226,0.0300226,0
