data/B2SAP/Locations/Boulder/NOAA-POPS-B2SAP_GMLBalloon_20220914_R0.ict
61,1001
Thornberry, T. D.
NOAA Chemical Sciences Laboratory
Portable Optical Particle Spectrometer (POPS)
Balloon Baseline Stratospheric Aerosol Profiles (B2SAP)
1,1
2022,09,14,2024,05,30
0
TIME_START,s,Seconds since midnight UTC on flight start day,Start time of 100 m altitude bin in UTC_seconds_since_midnight
28
1.0,1.0,1.0,1.0,1.0,1.0,1.0,1.0,1.0,1.0,1.0,1.0,1.0,1.0,1.0,1.0,1.0,1.0,1.0,1.0,1.0,1.0,1.0,1.0,1.0,1.0,1.0,1.0
99999,99999,99999,99999,99999,99999,99999,99999,99999,99999,99999,99999,99999,99999,99999,99999,99999,99999,99999,99999,99999,99999,99999,99999,99999,99999,99999,99999
TIME_STOP,s,End time of 100 m altitude bin in UTC seconds since midnight,
TIME_MID,s,Mid time of 100 m altitude in UTC seconds since midnight,
GPSAlt,m,GPS reported altitude above sea level (m),
GPS_Lon,deg,GPS reported longitude,
GPS_Lat,deg,GPS reported latitude,
iMet_Pressure,mb,Pressure reported (mB),
iMet_Temperature,degrees C,Ambient temperature (oC),
THETA,K,Potential temperature from iMet,
Aerosol_concentration,cm^-3,Aerosol concentration,
Surface_Area_Conc,um^2 cm^-3,Surface area concentration,
Volume_density,um^3 cm^-3,Volume density,
Effective_radius,um,Effective radius,
Extinction,km^-1,Extinction,
Bin01,cm^-3,particle concentration in size range [140 - 170 nm],
Bin02,cm^-3,particle concentration in size range [170 - 205 nm],
Bin03,cm^-3,particle concentration in size range [205 - 249 nm],
Bin04,cm^-3,particle concentration in size range [249 - 302 nm],
Bin05,cm^-3,particle concentration in size range [302 - 366 nm],
Bin06,cm^-3,particle concentration in size range [366 - 443 nm],
Bin07,cm^-3,particle concentration in size range [443 - 537 nm],
Bin08,cm^-3,particle concentration in size range [537 - 651 nm],
Bin09,cm^-3,particle concentration in size range [651 - 789 nm],
Bin10,cm^-3,particle concentration in size range [789 - 956 nm],
Bin11,cm^-3,particle concentration in size range [956 - 1159 nm],
Bin12,cm^-3,particle concentration in size range [1159 - 1404 nm],
Bin13,cm^-3,particle concentration in size range [1404 - 1702 nm],
Bin14,cm^-3,particle concentration in size range [1702 - 2062 nm],
Bin15,cm^-3,particle concentration in size range [2062 - 2500 nm],
0
19
PI_CONTACT_INFO: 325 Broadway R/CSL6, Boulder, CO 80305; troy.thornberry@noaa.gov; 303-497-3373 
PLATFORM: GML ECC/FPH balloon
LOCATION: Boulder, CO, USA
ASSOCIATED_DATA: N/A
INSTRUMENT_INFO: Printed Optical Particle Spectrometer counts particles from 140 - 2500 nm in diameter 
DATA_INFO: Particle concentrations reported in number per cubic centimeter, binned to 100 m altitude
UNCERTAINTY: Counting uncertainty dominated by air flow, less than 5 percent
ULOD_FLAG: -77777
ULOD_VALUE: 3000 ~3000 per cm3 (varies depending on flow rate- manufacturer quotes 1250  per cm3 at 1.667 cc/s)
LLOD_FLAG: -88888
LLOD_VALUE: 0 0 (varies depending on data field and measurement precision)
DM_CONTACT_INFO: Troy Thornberry, 325 Broadway R/CSL6, Boulder, CO 80305; troy.thornberry@noaa.gov; 303-497-3373
PROJECT_INFO: B2SAP Boulder, CO, USA
STIPULATIONS_ON_USE: Please contact the PIs for questions regarding applications and uncertainties
OTHER_COMMENTS: POPS bin Edges (nm):  140, 170, 205, 249, 302, 366, 443, 537, 651, 789, 956, 1159, 1404, 1702, 2062, 2500
Calculations assume sulfate refractive index of 1.45+0.00j and extinction wavelength = 532 nm
REVISION: R0
R0: QA/QC data
TIME_START,TIME_STOP,TIME_MID,GPSAlt,GPS_Lon,GPS_Lat,iMet_Pressure,iMet_Temperature,THETA,Aerosol_concentration,Surface_Area_Conc,Volume_density,Effective_radius,Extinction,Bin01,Bin02,Bin03,Bin04,Bin05,Bin06,Bin07,Bin08,Bin09,Bin10,Bin11,Bin12,Bin13,Bin14,Bin15
[from data line 76]
60876,60901,60888,9.3,-105.154,40.0329,308.693,-33.9054,334.724,9.39942,1.27127,56.8487,0.134154,0.000295872,5.17765,1.94361,0.700974,0.605386,0.509799,0.2549,0.191175,0.0159312,0,0,0,0,0,0,0
60902,60924,60913,9.4,-105.154,40.0354,304.083,-34.8235,334.885,9.92281,1.4911,93.9744,0.189071,0.000400564,5.33329,1.97731,1.14285,0.526072,0.489792,0.235826,0.126983,0.0362809,0.0181404,0,0.0181404,0.0181404,0,0,0
60925,60946,60936,9.5,-105.153,40.0376,299.911,-35.6436,335.049,9.29398,1.44727,93.4654,0.193742,0.000399739,4.60905,2.20021,1.06217,0.49315,0.455215,0.227608,0.151738,0.0569019,0,0,0.0189673,0.0189673,0,0,0
60947,60970,60958,9.6,-105.153,40.0397,295.409,-36.5346,335.234,9.64775,1.63149,117.471,0.216007,0.000582708,5.38317,1.76526,0.943802,0.489379,0.471901,0.244689,0.209734,0.0174778,0.0349556,0.0524334,0.0174778,0.0174778,0,0,0
60971,60992,60982,9.7,-105.153,40.0421,291.093,-37.4377,335.361,8.89748,1.29255,72.4501,0.168156,0.000342951,4.54462,2.01344,0.920429,0.767024,0.249283,0.115054,0.210932,0.0575268,0,0,0.0191756,0,0,0,0
60993,61014,61004,9.8,-105.152,40.0444,286.906,-38.3155,335.506,9.73282,1.37895,67.6967,0.147279,0.000393859,5.19212,2.22246,0.938796,0.459818,0.344864,0.229909,0.249068,0.0766364,0.0191591,0,0,0,0,0,0
61015,61036,61026,9.9,-105.152,40.0462,282.778,-39.1955,335.632,10.1118,1.37055,65.638,0.143675,0.000362516,5.95152,1.75271,0.847466,0.616339,0.539296,0.173345,0.115563,0.0770423,0.0385212,0,0,0,0,0,0
61037,61059,61048,10,-105.152,40.0478,278.748,-40.0804,335.733,9.96237,1.65585,175.322,0.317641,0.000551392,5.4793,2.12161,0.885544,0.608811,0.295181,0.31363,0.184488,0.0368977,0,0.0184488,0,0,0,0,0.0184488
61060,61082,61071,10.1,-105.152,40.0498,274.522,-41.0674,335.774,10.8399,1.54467,79.8126,0.15501,0.000456784,5.79981,2.35328,1.09326,0.704131,0.370595,0.185298,0.185298,0.0926488,0.0370595,0.0185298,0,0,0,0,0
61083,61103,61093,10.2,-105.152,40.0514,270.361,-42.0433,335.831,10.525,1.51644,78.5515,0.1554,0.000445827,5.91523,1.77457,1.12185,0.713907,0.530331,0.163179,0.183576,0.061192,0.0407947,0.0203973,0,0,0,0,0
61104,61126,61115,10.3,-105.152,40.0531,266.505,-42.885,335.98,8.99086,1.2054,57.875,0.144039,0.000301759,4.66121,2.12582,1.07266,0.448568,0.33155,0.156024,0.117018,0.0585089,0,0.019503,0,0,0,0,0
61127,61148,61138,10.4,-105.151,40.0551,262.715,-43.701,336.159,10.1005,1.34551,61.5907,0.137325,0.00032543,5.72495,1.81972,1.08365,0.633834,0.388479,0.224909,0.16357,0.0408925,0.0204463,0,0,0,0,0,0
61149,61168,61158,10.5,-105.151,40.0566,258.613,-44.5637,336.406,13.0023,1.88746,93.7277,0.148974,0.00055549,6.8421,3.09145,1.13656,0.545549,0.522818,0.409162,0.272775,0.18185,0,0,0,0,0,0,0
61169,61198,61184,10.6,-105.152,40.0586,254.537,-45.1823,337.027,13.5111,2.15419,124.516,0.173405,0.000805736,7.42464,2.80582,1.12233,0.647498,0.589943,0.24461,0.359721,0.187055,0.115111,0.0143888,0,0,0,0,0
61199,61222,61210,10.7,-105.152,40.0606,250.615,-45.9333,337.406,10.9113,2.33547,186.952,0.240147,0.00109099,5.46469,2.31616,0.94094,0.54285,0.452375,0.25333,0.43428,0.32571,0.10857,0.018095,0.018095,0.03619,0,0,0
61223,61251,61237,10.8,-105.153,40.0628,247.02,-46.5521,337.875,10.3825,2.34775,180.73,0.23094,0.00116744,5.28834,1.61339,1.07559,0.507919,0.552736,0.358531,0.403348,0.403348,0.11951,0.0298776,0,0.0298776,0,0,0
61252,61280,61266,10.9,-105.154,40.065,243.616,-47.3252,338.065,11.812,2.0904,130.726,0.187609,0.000889509,6.03327,2.64985,1.0779,0.613806,0.419185,0.194622,0.404214,0.314389,0.0748544,0.0299418,0,0,0,0,0
61281,61312,61296,11,-105.154,40.067,239.627,-48.1362,338.446,12.2744,1.73806,98.2916,0.169657,0.000522286,6.79331,2.5697,1.47621,0.519408,0.410059,0.177692,0.136686,0.0820118,0.0820118,0.0136686,0.0136686,0,0,0,0
61313,61336,61324,11.1,-105.155,40.0688,236.12,-48.7443,338.952,12.543,1.63559,76.0168,0.13943,0.000415359,6.8901,3.08341,1.0278,0.704237,0.285501,0.209368,0.209368,0.114201,0.0190334,0,0,0,0,0,0
61337,61359,61348,11.2,-105.155,40.0706,232.52,-49.3609,339.505,13.0926,1.77125,97.1743,0.164586,0.000472041,7.32429,2.92213,1.42311,0.531296,0.417447,0.132824,0.189748,0.0758994,0.0569245,0,0,0.0189748,0,0,0
61360,61380,61370,11.3,-105.156,40.0726,228.618,-50.1286,339.987,11.4761,1.42523,68.3713,0.143916,0.000362026,6.8646,2.44262,1.11602,0.400084,0.315856,0.0631711,0.147399,0.0842282,0.021057,0.021057,0,0,0,0,0
61381,61411,61396,11.4,-105.156,40.0755,225.121,-50.8877,340.325,10.6872,1.25893,52.6906,0.12556,0.00025481,6.32421,2.31651,1.15115,0.270023,0.284234,0.113694,0.213176,0,0.0142117,0,0,0,0,0,0
61412,61442,61427,11.5,-105.155,40.0789,221.701,-51.2555,341.249,11.282,1.29936,54.9235,0.126809,0.000274572,7.40248,2.05387,0.827252,0.342311,0.313785,0.0998408,0.171156,0.0713148,0,0,0,0,0,0,0
61443,61471,61457,11.6,-105.154,40.0818,218.065,-50.7508,343.64,10.7006,1.20577,53.6532,0.133491,0.000257617,6.84137,2.28046,0.806931,0.385923,0.122794,0.105252,0.0701679,0.0526259,0.017542,0.017542,0,0,0,0,0
61472,61494,61483,11.7,-105.153,40.084,214.65,-50.5822,345.465,12.3204,1.52259,73.3291,0.144482,0.000399474,7.81945,2.47934,0.93452,0.267006,0.362365,0.152575,0.171647,0.0953592,0.0190718,0.0190718,0,0,0,0,0
61495,61520,61508,11.8,-105.151,40.0866,211.449,-50.2227,347.509,10.1618,1.10719,42.5739,0.115357,0.000179752,6.53859,2.08965,0.623525,0.421301,0.219076,0.16852,0.0842602,0.016852,0,0,0,0,0,0,0
61522,61549,61536,11.9,-105.149,40.0895,208.15,-50.5964,348.484,9.27962,1.19743,78.2465,0.196037,0.000297663,5.91517,2.01867,0.625944,0.250378,0.203432,0.0625944,0.140837,0.0156486,0,0.0156486,0.0156486,0,0.0156486,0,0
61550,61574,61562,12,-105.147,40.0922,205.053,-50.9517,349.418,8.61954,0.968478,38.2393,0.118452,0.000167556,5.34375,1.66535,0.841823,0.329409,0.256207,0.073202,0.073202,0.036601,0,0,0,0,0,0,0
61575,61602,61588,12.1,-105.145,40.0945,201.78,-51.5022,350.169,7.20343,1.02821,65.4554,0.190978,0.000311369,4.09766,1.64232,0.601641,0.373993,0.227648,0.113824,0.0650422,0,0.0325211,0.0325211,0.0162606,0,0,0,0
61603,61634,61618,12.2,-105.143,40.0969,198.71,-51.9255,351.031,9.21741,1.12371,55.9493,0.149369,0.000230333,5.53045,1.99947,0.765754,0.397058,0.255251,0.155987,0.0709031,0.0141806,0.0141806,0,0.0141806,0,0,0,0
61635,61664,61650,12.3,-105.14,40.0998,195.759,-51.8718,352.616,13.1727,1.56866,67.9418,0.129936,0.000334009,7.6387,3.01721,1.29519,0.500416,0.397389,0.0883087,0.147181,0.0441543,0.0441543,0,0,0,0,0,0
61665,61701,61683,12.4,-105.137,40.1029,192.724,-51.9738,354.031,11.3829,1.4531,77.5652,0.160138,0.000343085,6.66773,2.31418,1.38851,0.404982,0.231418,0.115709,0.173564,0.0433909,0.0289273,0,0,0,0.0144636,0,0
61702,61734,61718,12.5,-105.134,40.106,189.507,-51.8746,355.904,14.1975,1.72677,83.8824,0.145733,0.000352571,8.2229,3.0659,1.6037,0.566012,0.393064,0.172948,0.0786128,0.0628902,0,0.0157226,0.0157226,0,0,0,0
61735,61765,61750,12.6,-105.131,40.1086,186.674,-52.0014,357.23,14.4626,1.72713,76.4996,0.132879,0.00036759,8.32315,3.36506,1.44984,0.572776,0.375884,0.178993,0.071597,0.0894963,0.0178993,0.0178993,0,0,0,0,0
61766,61791,61778,12.7,-105.129,40.1116,183.919,-51.9853,358.773,12.7007,1.76684,178.841,0.303662,0.000506202,7.37077,3.24948,1.06995,0.495348,0.198139,0.0594417,0.158511,0.0396278,0.0396278,0,0,0,0,0,0.0198139
61794,61812,61803,12.8,-105.126,40.114,180.821,-52.2047,360.165,12.8222,1.5731,71.3547,0.136078,0.000349457,7.57372,2.79032,0.952252,0.730798,0.376472,0.221454,0.0664362,0.0885816,0,0.0221454,0,0,0,0,0
61813,61829,61821,12.9,-105.124,40.1151,178.049,-52.8356,360.728,12.7916,1.62419,75.1333,0.138776,0.000408973,7.02235,3.21562,1.30044,0.49653,0.307376,0.0945771,0.189154,0.141866,0.0236443,0,0,0,0,0,0
61830,61855,61842,13,-105.121,40.1166,175.224,-53.2837,361.638,13.9777,2.35049,172.421,0.220065,0.000837394,7.00888,3.46439,1.70216,0.56071,0.460583,0.160203,0.300381,0.160203,0.0801015,0.0200254,0.0400507,0,0.0200254,0,0
61856,61884,61870,13.1,-105.119,40.1179,172.31,-53.6717,362.731,18.972,3.81842,292.758,0.23001,0.00179539,9.26354,4.32193,1.92262,1.03281,0.826251,0.190673,0.540241,0.508462,0.206563,0.111226,0.0317789,0,0.0158894,0,0
61885,61913,61899,13.2,-105.116,40.1188,169.698,-53.9716,363.83,21.5551,4.3982,337.755,0.230382,0.00204925,10.5573,4.64825,2.32413,1.15447,0.82028,0.41014,0.683566,0.562043,0.227855,0.106333,0.0151904,0.0303807,0.0151904,0,0
61914,61935,61924,13.3,-105.114,40.12,166.988,-54.554,364.532,21.4492,4.30608,355.148,0.247428,0.00174576,10.2273,4.87134,2.55044,1.22421,0.688618,0.561096,0.663114,0.331557,0.153026,0.0255044,0.0510088,0.102018,0,0,0
61936,61963,61950,13.4,-105.11,40.1215,164.449,-54.4495,366.301,22.0101,3.71494,242.417,0.195763,0.0014641,11.1863,4.90264,2.50311,1.19113,0.880403,0.276205,0.448833,0.345256,0.138102,0.12084,0,0.0172628,0,0,0
61966,61998,61982,13.5,-105.106,40.124,161.764,-54.6916,367.624,16.233,2.3623,133.58,0.16964,0.000702383,8.47736,3.70655,1.85939,0.856299,0.56271,0.293588,0.281355,0.0856299,0.0611642,0.0366985,0,0,0.0122328,0,0
61999,62031,62015,13.6,-105.102,40.1268,159.262,-54.8624,368.98,13.9946,1.88574,90.8695,0.144563,0.000491184,7.28612,3.49209,1.49661,0.630151,0.446357,0.341332,0.157538,0.091897,0.0393844,0.0131281,0,0,0,0,0
62032,62061,62046,13.7,-105.097,40.1292,156.803,-55.3075,369.864,13.5585,1.83212,86.7608,0.142066,0.000450645,6.28822,3.75392,1.77401,0.855324,0.411823,0.190072,0.142554,0.095036,0.0316787,0.0158393,0,0,0,0,0
62062,62092,62077,13.8,-105.092,40.1314,154.285,-55.6939,370.914,12.055,1.50847,77.7459,0.154619,0.000339111,6.77267,2.79849,1.35785,0.579568,0.264946,0.0662364,0.0993546,0.0827955,0,0.0165591,0.0165591,0,0,0,0
62093,62124,62108,13.9,-105.086,40.1335,151.733,-56.2355,371.77,11.0864,1.50075,84.2777,0.168471,0.000388982,6.08188,2.51963,1.18162,0.660318,0.278029,0.139014,0.104261,0.0521304,0.0347536,0.0173768,0,0.0173768,0,0,0
62127,62151,62139,14,-105.083,40.1351,149.301,-56.8812,372.373,11.5356,1.4747,65.8397,0.133939,0.000335403,6.29623,2.38357,1.39417,0.742056,0.404758,0.0674596,0.134919,0.0899461,0.0224865,0,0,0,0,0,0
62154,62176,62165,14.1,-105.08,40.1365,146.93,-57.6245,372.789,10.1046,1.23213,53.8556,0.131128,0.000264389,5.3699,2.63683,1.13557,0.423433,0.288704,0.0769878,0.0962347,0.0384939,0.0384939,0,0,0,0,0,0
62177,62205,62191,14.2,-105.078,40.1381,144.68,-58.2129,373.42,8.79083,1.01327,42.3704,0.125447,0.000201605,5.24481,2.01216,0.725697,0.412328,0.197917,0.0329862,0.115452,0.0329862,0.0164931,0,0,0,0,0,0
62206,62234,62220,14.3,-105.076,40.1403,142.406,-58.7729,374.138,7.23438,0.877086,36.2331,0.123933,0.000168699,4.01128,1.61859,0.760032,0.394091,0.267419,0.0562987,0.0985227,0.0281493,0,0,0,0,0,0,0
62237,62266,62252,14.4,-105.073,40.1432,140.086,-59.5357,374.556,7.46774,0.876817,36.1527,0.123695,0.000168704,4.28108,1.78646,0.724242,0.257508,0.177037,0.144848,0.0482828,0.0482828,0,0,0,0,0,0,0
62267,62294,62280,14.5,-105.07,40.1457,138.003,-60.2956,374.822,8.08849,0.993871,51.6179,0.155809,0.000168506,4.46847,1.81001,1.05584,0.301669,0.320523,0.0754172,0.0377086,0,0,0,0,0.0188543,0,0,0
62297,62322,62310,14.6,-105.067,40.1487,135.504,-61.2845,375.042,7.81094,0.888891,35.4328,0.119586,0.00015935,4.57351,1.90135,0.68517,0.239809,0.188422,0.102775,0.102775,0.0171292,0,0,0,0,0,0,0
62323,62345,62334,14.7,-105.064,40.1517,133.097,-61.688,376.245,8.21232,1.03313,47.5329,0.138025,0.000224983,4.23128,2.22938,0.887203,0.318483,0.295734,0.159242,0.0454976,0.0227488,0,0.0227488,0,0,0,0,0
62346,62375,62360,14.8,-105.06,40.155,130.936,-61.6167,378.131,9.39359,1.16533,51.8036,0.133362,0.000247041,4.88669,2.48133,1.11406,0.265856,0.392455,0.139258,0.0506393,0.0379795,0.0126598,0.0126598,0,0,0,0,0
62376,62405,62390,14.9,-105.056,40.158,128.849,-62.2753,378.7,10.1257,1.29072,62.9698,0.14636,0.000266297,5.15986,2.68267,1.17581,0.513703,0.28539,0.18265,0.0799093,0.0228312,0,0.0114156,0.0114156,0,0,0,0
62406,62431,62418,15,-105.051,40.1603,126.806,-62.5862,379.867,10.4056,1.32693,64.9486,0.14684,0.000281281,5.32843,2.71049,1.2693,0.542098,0.264438,0.0925534,0.145441,0.0264438,0.0132219,0,0.0132219,0,0,0,0
62439,62463,62451,15.1,-105.046,40.1633,124.24,-62.4689,382.303,11.4995,1.36125,52.1644,0.114963,0.000205004,5.42501,3.17096,1.7956,0.458452,0.496656,0.0764086,0.0382043,0.0382043,0,0,0,0,0,0,0
62464,62490,62477,15.2,-105.042,40.1654,122.638,-63.0223,382.722,10.436,1.26757,52.4356,0.124101,0.00023856,5.45303,2.52281,1.36326,0.470089,0.39174,0.0940177,0.0940177,0.0313392,0.0156696,0,0,0,0,0,0
62492,62515,62504,15.3,-105.038,40.1674,120.541,-63.2075,384.269,11.3348,1.382,55.6254,0.12075,0.000245475,5.87172,2.62399,1.65613,0.516195,0.279606,0.23659,0.150557,0,0,0,0,0,0,0,0
62516,62542,62529,15.4,-105.033,40.1685,118.424,-63.41,385.843,11.727,1.35491,50.9425,0.112795,0.000194185,5.90409,3.10421,1.52167,0.730403,0.20289,0.182601,0.0811559,0,0,0,0,0,0,0,0
62543,62571,62557,15.5,-105.028,40.169,116.498,-63.8465,386.856,11.839,1.49819,73.0653,0.146307,0.000275147,5.81812,3.22328,1.47987,0.608166,0.466261,0.121633,0.0810888,0.0202722,0,0,0.0202722,0,0,0,0
62575,62599,62587,15.6,-105.023,40.1694,114.572,-64.3829,387.7,11.9058,1.66696,88.3174,0.158943,0.000396121,5.44671,3.28017,1.43761,0.931407,0.40496,0.182232,0.141736,0.020248,0.040496,0,0.020248,0,0,0,0
62600,62624,62612,15.7,-105.019,40.1695,112.747,-64.6156,389.046,12.2212,1.61585,70.1674,0.130273,0.00034255,5.80832,3.17407,1.53305,0.734138,0.496623,0.302292,0.0863691,0.0863691,0,0,0,0,0,0,0
62625,62644,62634,15.8,-105.016,40.1694,110.931,-63.7536,392.481,12.778,1.61236,75.1514,0.139829,0.000369027,6.45166,3.53902,1.5033,0.626375,0.313187,0.125275,0.0939562,0.0939562,0,0.0313187,0,0,0,0,0
62645,62674,62660,15.9,-105.013,40.1688,108.995,-64.0727,393.852,14.1305,2.07345,157.352,0.227667,0.000564739,6.51469,3.83082,2.01864,0.963441,0.435842,0.0917562,0.137634,0.0688172,0.0458781,0,0,0,0,0.0229391,0
62675,62704,62690,16,-105.01,40.1684,107.165,-64.4487,395.052,13.3223,1.86552,105.814,0.170163,0.000457853,6.06656,4.0795,1.56556,0.767728,0.391391,0.150535,0.180642,0.0752674,0,0.0150535,0.0150535,0.0150535,0,0,0
62705,62731,62718,16.1,-105.007,40.1678,105.179,-64.8805,396.35,13.4073,1.70531,72.1653,0.126954,0.00034659,6.70365,3.54188,1.52042,0.639266,0.518324,0.241884,0.207329,0.0345549,0,0,0,0,0,0,0
62733,62759,62746,16.2,-105.005,40.167,103.492,-65.193,397.581,13.0683,1.73853,85.7652,0.147996,0.000392081,6.38069,3.50363,1.58558,0.677709,0.485904,0.191804,0.16623,0.0511478,0,0.012787,0.012787,0,0,0,0
62760,62783,62772,16.3,-105.004,40.1661,101.663,-65.6389,398.763,13.9295,1.82292,78.8475,0.12976,0.00038221,6.4882,3.64732,2.01611,0.806443,0.494863,0.219939,0.201611,0.0366565,0.0183282,0,0,0,0,0,0
62784,62810,62797,16.4,-105.002,40.1653,100.033,-65.5735,400.732,13.4567,1.73248,73.4908,0.127258,0.000345807,6.05778,3.9029,1.82336,0.828801,0.406866,0.210968,0.180829,0.0301382,0.0150691,0,0,0,0,0,0
62811,62834,62822,16.5,-105.002,40.1643,98.4459,-65.4214,402.856,12.8303,1.73405,75.6527,0.130884,0.000370277,5.8162,3.24699,1.93873,0.693531,0.677769,0.220669,0.204907,0.0157621,0.0157621,0,0,0,0,0,0
62835,62862,62848,16.6,-105.001,40.1636,96.7681,-65.739,404.232,11.8241,1.64422,76.3609,0.139326,0.000414234,5.66365,3.06367,1.39107,0.662415,0.463691,0.264966,0.198725,0.115923,0,0,0,0,0,0,0
62863,62887,62875,16.7,-105,40.1634,95.0357,-66.1557,405.501,12.6094,1.63854,70.5548,0.129179,0.000338026,5.83869,3.59093,1.49394,0.740116,0.56194,0.205588,0.095941,0.0685293,0.0137059,0,0,0,0,0,0
62888,62912,62900,16.8,-104.998,40.1634,93.424,-66.4072,406.99,11.7496,1.56599,71.1465,0.136297,0.000357419,5.34297,3.36409,1.55837,0.655503,0.420512,0.160784,0.160784,0.0742079,0,0.012368,0,0,0,0,0
62913,62938,62926,16.9,-104.996,40.1636,91.8048,-67.0384,407.786,12.3112,1.70169,77.6087,0.13682,0.000409822,5.59825,3.38125,1.5358,0.743131,0.532577,0.173397,0.284867,0.0495421,0.0123855,0,0,0,0,0,0
62940,62965,62952,17,-104.994,40.1637,90.166,-67.2864,409.389,11.4007,1.58273,80.0764,0.151781,0.000381728,4.93037,3.40282,1.65174,0.683049,0.27322,0.223543,0.124191,0.0745144,0.0248381,0,0.0124191,0,0,0,0
