data/B2SAP/Locations/Boulder/NOAA-POPS-B2SAP_GMLBalloon_20200902_R0.ict
61,1001
Thornberry, T. D.
NOAA Chemical Sciences Laboratory
Portable Optical Particle Spectrometer (POPS)
Balloon Baseline Stratospheric Aerosol Profiles (B2SAP)
1,1
2020,09,02,2024,05,28
0
TIME_START,s,Seconds since midnight UTC on flight start day,Start time of 100 m altitude bin in UTC_seconds_since_midnight
28
1.0,1.0,1.0,1.0,1.0,1.0,1.0,1.0,1.0,1.0,1.0,1.0,1.0,1.0,1.0,1.0,1.0,1.0,1.0,1.0,1.0,1.0,1.0,1.0,1.0,1.0,1.0,1.0
99999,99999,99999,99999,99999,99999,99999,99999,99999,99999,99999,99999,99999,99999,99999,99999,99999,99999,99999,99999,99999,99999,99999,99999,99999,99999,99999,99999
TIME_STOP,s,End time of 100 m altitude bin in UTC seconds since midnight,
TIME_MID,s,Mid time of 100 m altitude in UTC seconds since midnight,
GPSAlt,m,GPS reported altitude above sea level (m),
GPS_Lon,deg,GPS reported longitude,
GPS_Lat,deg,GPS reported latitude,
iMet_Pressure,mb,Pressure reported (mB),
iMet_Temperature,degrees C,Ambient temperature (oC),
THETA,K,Potential temperature from iMet,
Aerosol_concentration,cm^-3,Aerosol concentration,
Surface_Area_Conc,um^2 cm^-3,Surface area concentration,
Volume_density,um^3 cm^-3,Volume density,
Effective_radius,um,Effective radius,
Extinction,km^-1,Extinction,
Bin01,cm^-3,particle concentration in size range [140 - 170 nm],
Bin02,cm^-3,particle concentration in size range [170 - 205 nm],
Bin03,cm^-3,particle concentration in size range [205 - 249 nm],
Bin04,cm^-3,particle concentration in size range [249 - 302 nm],
Bin05,cm^-3,particle concentration in size range [302 - 366 nm],
Bin06,cm^-3,particle concentration in size range [366 - 443 nm],
Bin07,cm^-3,particle concentration in size range [443 - 537 nm],
Bin08,cm^-3,particle concentration in size range [537 - 651 nm],
Bin09,cm^-3,particle concentration in size range [651 - 789 nm],
Bin10,cm^-3,particle concentration in size range [789 - 956 nm],
Bin11,cm^-3,particle concentration in size range [956 - 1159 nm],
Bin12,cm^-3,particle concentration in size range [1159 - 1404 nm],
Bin13,cm^-3,particle concentration in size range [1404 - 1702 nm],
Bin14,cm^-3,particle concentration in size range [1702 - 2062 nm],
Bin15,cm^-3,particle concentration in size range [2062 - 2500 nm],
0
19
PI_CONTACT_INFO: 325 Broadway R/CSL6, Boulder, CO 80305; troy.thornberry@noaa.gov; 303-497-3373 
PLATFORM: GML ECC/FPH balloon
LOCATION: Boulder, CO, USA
ASSOCIATED_DATA: N/A
INSTRUMENT_INFO: Printed Optical Particle Spectrometer counts particles from 140 - 2500 nm in diameter 
DATA_INFO: Particle concentrations reported in number per cubic centimeter, binned to 100 m altitude
UNCERTAINTY: Counting uncertainty dominated by air flow, less than 5 percent
ULOD_FLAG: -77777
ULOD_VALUE: 3000 ~3000 per cm3 (varies depending on flow rate- manufacturer quotes 1250  per cm3 at 1.667 cc/s)
LLOD_FLAG: -88888
LLOD_VALUE: 0 0 (varies depending on data field and measurement precision)
DM_CONTACT_INFO: Troy Thornberry, 325 Broadway R/CSL6, Boulder, CO 80305; troy.thornberry@noaa.gov; 303-497-3373
PROJECT_INFO: B2SAP Boulder, CO, USA
STIPULATIONS_ON_USE: Please contact the PIs for questions regarding applications and uncertainties
OTHER_COMMENTS: POPS bin Edges (nm):  140, 170, 205, 249, 302, 366, 443, 537, 651, 789, 956, 1159, 1404, 1702, 2062, 2500
Calculations assume sulfate refractive index of 1.45+0.00j and extinction wavelength = 532 nm
REVISION: R0
R0: QA/QC data
TIME_START,TIME_STOP,TIME_MID,GPSAlt,GPS_Lon,GPS_Lat,iMet_Pressure,iMet_Temperature,THETA,Aerosol_concentration,Surface_Area_Conc,Volume_density,Effective_radius,Extinction,Bin01,Bin02,Bin03,Bin04,Bin05,Bin06,Bin07,Bin08,Bin09,Bin10,Bin11,Bin12,Bin13,Bin14,Bin15
[from data line 75]
59818,59841,59830,8.8,-105.118,39.8637,339.161,-25.872,336.785,11.0912,2.3352,158.318,0.203389,0.000884114,3.73653,2.56992,1.55548,1.30187,0.693203,0.541037,0.422685,0.202889,0.0338148,0,0.0169074,0,0.0169074,0,0
59843,59862,59852,8.9,-105.116,39.8608,334.369,-26.7414,336.967,10.0095,2.31921,158.566,0.205113,0.000998203,3.02098,2.29594,1.38965,1.20839,0.725034,0.644475,0.402797,0.181259,0.100699,0.0201398,0.0201398,0,0,0,0
59863,59888,59876,9,-105.113,39.858,329.787,-27.4723,337.303,9.25079,2.09935,147.016,0.210088,0.000851286,3.11623,1.74574,1.58259,0.832082,0.799451,0.538406,0.342622,0.212099,0.048946,0,0,0.0326307,0,0,0
59889,59915,59902,9.1,-105.111,39.8549,325.214,-28.323,337.476,8.70043,2.41363,209.543,0.260449,0.00115088,2.28544,1.65497,1.49736,1.11908,0.614704,0.614704,0.598942,0.204901,0.0472849,0.0315233,0.0157616,0,0,0.0157616,0
59916,59941,59928,9.2,-105.108,39.8518,320.627,-29.1381,337.716,5.74789,1.30673,80.205,0.184135,0.000534044,1.57656,1.23169,0.903239,0.706169,0.541944,0.344873,0.312028,0.0985352,0.0164225,0.0164225,0,0,0,0,0
59942,59963,59952,9.3,-105.106,39.8489,316.245,-30.031,337.804,5.5417,1.32973,94.1202,0.212344,0.000560222,1.67066,1.10019,0.814956,0.83533,0.325982,0.305608,0.264861,0.203739,0,0,0,0.0203739,0,0,0
59964,59986,59975,9.4,-105.105,39.8461,311.612,-30.9978,337.891,4.66913,0.890472,49.4445,0.166579,0.000314799,1.69956,0.952502,0.635001,0.578972,0.392207,0.130736,0.205442,0.0560295,0.0186765,0,0,0,0,0,0
59987,60013,60000,9.5,-105.103,39.8428,307.387,-31.7826,338.109,4.90336,1.01946,66.8565,0.196741,0.000372138,1.51733,1.08609,0.94234,0.590959,0.17569,0.303465,0.207634,0.0479156,0.0159719,0,0.0159719,0,0,0,0
60014,60041,60028,9.6,-105.101,39.8393,303.033,-32.66,338.252,4.27381,0.90881,62.045,0.204812,0.000359689,1.52746,0.925735,0.663443,0.385723,0.293149,0.154289,0.200576,0.108002,0,0,0.0154289,0,0,0,0
60042,60071,60056,9.7,-105.098,39.8357,298.662,-33.5767,338.364,3.90155,0.929442,96.77,0.312349,0.000425819,1.31497,1.01151,0.650258,0.332354,0.173402,0.158952,0.130052,0.0722509,0.0289003,0.0144502,0,0,0,0.0144502,0
60072,60101,60086,9.8,-105.096,39.8319,294.403,-34.5016,338.451,3.22002,0.921731,82.043,0.267029,0.000457382,0.88768,0.765842,0.574381,0.261082,0.261082,0.0870275,0.139244,0.19146,0.0174055,0,0.034811,0,0,0,0
60102,60132,60117,9.9,-105.093,39.828,290.084,-35.4465,338.534,3.50602,0.690122,39.722,0.172674,0.000260066,1.23907,0.816663,0.506894,0.295688,0.239367,0.183045,0.183045,0.0140804,0.0281608,0,0,0,0,0,0
60133,60164,60148,10,-105.089,39.824,285.869,-36.3332,338.681,3.56405,0.694138,39.5567,0.17096,0.000258451,1.29602,0.845229,0.436702,0.338092,0.239482,0.19722,0.140871,0.0563486,0.0140871,0,0,0,0,0,0
60165,60196,60180,10.1,-105.086,39.82,281.873,-37.2725,338.699,4.21424,0.783455,45.4537,0.174051,0.000287266,1.51877,1.02619,0.697812,0.410478,0.136826,0.177874,0.164191,0.0684129,0,0.0136826,0,0,0,0,0
60197,60228,60212,10.2,-105.082,39.8159,277.878,-38.17,338.794,5.61407,1.18251,75.3665,0.191202,0.000435647,1.81465,1.24757,0.793909,0.623785,0.496193,0.32607,0.198477,0.0850616,0.0141769,0,0.0141769,0,0,0,0
60229,60261,60245,10.3,-105.078,39.8117,273.808,-39.09,338.889,6.24134,1.34455,87.4878,0.195205,0.000538388,2.01156,1.488,0.895556,0.688889,0.372,0.316889,0.289334,0.151556,0.0137778,0,0.0137778,0,0,0,0
60262,60293,60278,10.4,-105.075,39.8071,269.837,-39.8772,339.159,7.55087,1.65906,102.748,0.185795,0.000699191,2.52616,1.68411,0.89727,0.855857,0.524558,0.524558,0.248475,0.262279,0.0138042,0.0138042,0,0,0,0,0
60294,60328,60311,10.5,-105.07,39.8026,265.919,-40.7491,339.31,7.0062,1.46672,88.0919,0.180181,0.00057202,2.29317,1.58368,0.962878,0.861522,0.342075,0.506778,0.329406,0.101356,0,0.0253389,0,0,0,0,0
60329,60359,60344,10.6,-105.066,39.7981,261.978,-41.6884,339.386,7.21696,1.63344,100.767,0.18507,0.000684499,2.28585,1.5814,0.733197,0.934466,0.661315,0.445669,0.35941,0.186893,0.0143764,0.0143764,0,0,0,0,0
60360,60391,60376,10.7,-105.062,39.7938,258.228,-42.3235,339.848,6.52973,1.51256,108.882,0.215956,0.000631213,2.13333,1.41261,0.994594,0.691892,0.418018,0.317117,0.331531,0.201802,0,0,0.0144144,0.0144144,0,0,0
60392,60422,60407,10.8,-105.057,39.7893,254.358,-43.0965,340.171,4.99396,0.910467,56.6668,0.186718,0.000289643,1.5831,1.36722,0.820334,0.604456,0.331012,0.0863509,0.129526,0.0287836,0.0287836,0,0.0143918,0,0,0,0
60423,60454,60438,10.9,-105.053,39.7849,250.602,-43.9713,340.329,8.18152,1.34314,73.9885,0.165258,0.000406467,3.09337,2.06706,1.25758,0.896209,0.433649,0.245735,0.0867299,0.0433649,0.014455,0.0433649,0,0,0,0,0
60455,60485,60470,11,-105.049,39.7809,246.888,-44.736,340.642,7.60678,1.42333,92.8447,0.195692,0.000525419,2.9857,1.86044,1.05025,0.645151,0.465109,0.25506,0.180042,0.0900211,0.030007,0.030007,0.0150035,0,0,0,0
60486,60513,60500,11.1,-105.045,39.7769,243.253,-45.4119,341.072,6.20313,1.14776,76.1944,0.199156,0.000410745,2.54145,1.40448,0.886162,0.551761,0.317681,0.267521,0.13376,0.01672,0.0501601,0.01672,0.01672,0,0,0,0
60514,60543,60528,11.2,-105.041,39.7731,239.658,-46.014,341.617,3.89935,0.736438,41.7895,0.170236,0.000260748,1.26466,0.88827,0.677494,0.466718,0.316164,0.120443,0.0752771,0.0451663,0.0451663,0,0,0,0,0,0
60544,60573,60558,11.3,-105.037,39.769,236.016,-46.6645,342.143,4.03281,0.9847,77.7674,0.236927,0.000467407,1.33908,0.778535,0.731823,0.467121,0.233561,0.171278,0.140136,0.0622828,0.0622828,0.0311414,0.0155707,0,0,0,0
60574,60602,60588,11.4,-105.032,39.765,232.568,-47.4576,342.378,4.14867,0.859724,63.3614,0.221099,0.000342936,1.56553,1.04891,0.500971,0.375728,0.250486,0.20352,0.109587,0.0156553,0.046966,0.0156553,0,0.0156553,0,0,0
60603,60630,60616,11.5,-105.028,39.7609,228.907,-48.1971,342.803,2.76552,0.533081,32.6999,0.184024,0.000202001,0.927262,0.780853,0.422962,0.195213,0.113874,0.227749,0.0488033,0.0162678,0.0162678,0.0162678,0,0,0,0,0
60631,60658,60644,11.6,-105.024,39.7568,225.561,-48.6229,343.594,3.08007,0.631201,45.7082,0.217244,0.000234969,0.994096,0.831129,0.4889,0.325933,0.179263,0.114077,0.04889,0.0651866,0.0162967,0,0.0162967,0,0,0,0
60659,60687,60673,11.7,-105.019,39.7526,222.018,-49.1066,344.417,3.07526,0.611736,45.7655,0.224437,0.000231311,1.24588,0.725446,0.394264,0.28387,0.173476,0.0946234,0.0946234,0.0315411,0,0.0157706,0.0157706,0,0,0,0
60689,60714,60702,11.8,-105.014,39.7484,218.625,-50.0504,344.476,2.25844,0.500944,33.9874,0.20354,0.000228143,0.741051,0.599898,0.282305,0.229373,0.105864,0.123508,0.105864,0.0352881,0.0176441,0.0176441,0,0,0,0,0
60714,60741,60728,11.9,-105.01,39.744,215.346,-50.6936,344.966,3.44502,0.774698,59.0465,0.228656,0.000392765,1.27958,0.935076,0.377311,0.360906,0.098429,0.164048,0.0820242,0.0328097,0.0656193,0.0492145,0,0,0,0,0
60742,60766,60754,12,-105.005,39.7394,211.998,-51.3775,345.446,3.66461,0.820807,70.088,0.256167,0.00031914,1.34305,0.882577,0.537221,0.32617,0.230237,0.115119,0.153492,0.0191865,0.0191865,0,0.0383729,0,0,0,0
60767,60791,60779,12.1,-105.001,39.7352,208.845,-52.2224,345.616,4.04919,0.768648,46.7909,0.182623,0.00029735,1.55311,0.924472,0.536194,0.462236,0.240363,0.0924472,0.147916,0.0554683,0.0184894,0.0184894,0,0,0,0,0
60792,60817,60804,12.2,-104.997,39.7308,205.682,-52.9548,345.971,4.0441,0.899426,75.1018,0.250499,0.000401776,1.59538,0.779139,0.816241,0.333917,0.111306,0.20406,0.0556528,0.0556528,0.0185509,0.0556528,0,0.0185509,0,0,0
60818,60843,60830,12.3,-104.992,39.7265,202.419,-53.7838,346.243,3.45474,0.597926,33.204,0.166596,0.000210829,1.36041,0.93081,0.465405,0.232703,0.196902,0.107401,0.0716008,0.0716008,0.0179002,0,0,0,0,0,0
60844,60869,60856,12.4,-104.988,39.7225,199.188,-54.4846,346.729,3.91808,0.834777,56.8965,0.204473,0.000367088,1.35758,0.910782,0.60146,0.326507,0.343691,0.18903,0.0515537,0.0515537,0.0515537,0.0343691,0,0,0,0,0
60870,60894,60882,12.5,-104.984,39.7187,196.009,-55.3072,347.021,3.61832,0.687321,39.7307,0.173415,0.000237231,1.30706,0.717287,0.54195,0.398493,0.366614,0.159397,0.0796986,0.0159397,0.0159397,0.0159397,0,0,0,0,0
60895,60918,60906,12.6,-104.98,39.7153,193.019,-56.0442,347.366,3.11546,0.638887,49.3313,0.231643,0.000248409,1.23286,0.71639,0.416506,0.283224,0.199923,0.166602,0.0333205,0,0.0333205,0.0166602,0.0166602,0,0,0,0
60919,60943,60931,12.7,-104.975,39.7119,190.016,-56.5424,348.12,3.10952,0.555179,34.0609,0.184054,0.000209828,1.28227,0.737308,0.432768,0.256455,0.192341,0.0801422,0.0641137,0.0160284,0.0320569,0.0160284,0,0,0,0,0
60944,60968,60956,12.8,-104.971,39.7086,186.897,-57.2624,348.614,3.11777,0.553784,30.6412,0.165992,0.000200232,1.41425,0.578555,0.482129,0.16071,0.176781,0.112497,0.128568,0.0642839,0,0,0,0,0,0,0
60969,60993,60981,12.9,-104.966,39.7054,184.027,-58.0542,348.876,3.28661,0.571459,32.5363,0.170806,0.000207106,1.40855,0.670737,0.536589,0.285063,0.134147,0.100611,0.0670737,0.0503053,0.0335368,0,0,0,0,0,0
60994,61021,61008,13,-104.961,39.702,181.072,-58.905,349.102,3.38625,0.693995,47.8965,0.207047,0.000252592,1.10286,0.823263,0.528131,0.450465,0.170866,0.0931996,0.139799,0.062133,0,0,0.0155333,0,0,0,0
61049,61075,61062,13.2,-104.95,39.6956,175.258,-60.0656,350.471,3.86042,0.752598,48.4594,0.193169,0.000301975,1.27679,1.11156,0.495696,0.435612,0.240338,0.120169,0.0751055,0.0450633,0.0300422,0.0300422,0,0,0,0,0
61104,61126,61115,13.4,-104.939,39.6897,169.896,-60.9174,352.174,4.2182,0.831212,53.5443,0.193251,0.000335753,1.40016,1.11658,0.691217,0.425364,0.212682,0.141788,0.124065,0.0531706,0.0177235,0.035447,0,0,0,0,0
61127,61141,61134,13.5,-104.935,39.6877,167.017,-61.0433,353.692,4.84021,1.0875,79.0431,0.21805,0.000510502,1.79469,1.00611,0.788574,0.380691,0.271922,0.24473,0.217538,0.0543844,0,0.0815766,0,0,0,0,0
61142,61167,61154,13.6,-104.931,39.6865,164.51,-60.69,355.818,5.07819,0.953337,54.0579,0.170112,0.000351818,1.92865,1.04395,0.813926,0.583903,0.212328,0.17694,0.194634,0.106164,0.017694,0,0,0,0,0,0
61196,61223,61210,13.8,-104.92,39.6843,159,-60.7481,359.191,5.65297,1.28388,92.3157,0.215711,0.000600422,1.80414,1.29297,0.977242,0.571311,0.405931,0.225517,0.180414,0.060138,0.060138,0.0751725,0,0,0,0,0
61224,61250,61237,13.9,-104.915,39.6835,156.556,-61.3433,359.784,6.09101,1.1736,66.4805,0.16994,0.000421397,1.80921,1.64337,1.05537,0.527686,0.482456,0.301535,0.120614,0.105537,0.0452302,0,0,0,0,0,0
61277,61302,61290,14.1,-104.906,39.6822,151.548,-62.9212,360.427,6.06964,1.28598,94.2752,0.21993,0.000491446,2.07563,1.44665,0.896294,0.770498,0.220142,0.314489,0.220142,0.0628978,0.0157244,0.0157244,0.0314489,0,0,0,0
61303,61327,61315,14.2,-104.902,39.6818,149.1,-63.56,361.012,6.49582,1.42746,103.08,0.216638,0.000599858,2.2601,1.40664,0.995709,0.648001,0.458342,0.363513,0.205464,0.0632196,0.0158049,0.0632196,0.0158049,0,0,0,0
61329,61353,61341,14.3,-104.897,39.6813,146.642,-64.4388,361.212,6.50109,1.28514,73.0126,0.170439,0.000457181,1.98759,1.38027,1.26985,0.717742,0.510701,0.289857,0.207041,0.124225,0,0.0138027,0,0,0,0,0
61355,61370,61362,14.4,-104.893,39.6809,144.436,-65.1525,361.534,6.43768,1.4701,115.54,0.23578,0.00059196,1.98082,1.62067,1.14798,0.630262,0.247603,0.382659,0.270112,0.0900374,0,0.0225094,0.0450187,0,0,0,0
61371,61385,61378,14.5,-104.891,39.681,141.908,-65.6367,362.518,6.42559,1.2188,66.6177,0.163975,0.000415123,1.94934,1.58835,1.01077,0.890438,0.433186,0.264725,0.0962636,0.192527,0,0,0,0,0,0,0
61386,61407,61396,14.6,-104.888,39.681,139.743,-65.8835,363.687,7.53561,1.45686,91.6239,0.188674,0.000519555,2.81908,1.75289,0.975834,0.777053,0.487917,0.343349,0.216852,0.126497,0.018071,0,0.018071,0,0,0,0
61409,61428,61418,14.7,-104.884,39.6805,137.233,-66.25,364.924,9.58507,2.17622,176.219,0.242924,0.000834577,2.6297,2.59159,1.58163,1.33391,0.59073,0.36206,0.22867,0.133391,0.0190558,0.0381116,0.0571674,0.0190558,0,0,0
61429,61455,61442,14.8,-104.88,39.6794,135.093,-66.6125,365.919,9.68284,2.04063,126.319,0.185706,0.000755804,2.91543,2.11482,1.5408,1.26889,0.755292,0.513598,0.36254,0.18127,0,0.0151058,0.0151058,0,0,0,0
61456,61483,61470,14.9,-104.875,39.6781,132.788,-66.7533,367.482,10.9707,2.27554,142.746,0.188192,0.000854793,3.1115,2.5348,1.94469,1.52893,0.844932,0.429172,0.321879,0.134116,0.0804698,0.0268233,0.0134116,0,0,0,0
61484,61509,61496,15,-104.87,39.6776,130.615,-65.9319,370.685,15.6182,2.94732,168.457,0.171468,0.000938027,4.51779,3.68629,3.21511,1.78771,1.06708,0.831495,0.304881,0.124724,0.0415747,0.0277165,0,0.0138582,0,0,0
61510,61532,61521,15.1,-104.866,39.6773,128.655,-66.2187,371.768,16.3129,3.28253,198.619,0.181523,0.00117916,4.70565,3.81157,3.04299,1.96069,1.31758,0.658791,0.470565,0.250968,0.031371,0.0470565,0.0156855,0,0,0,0
61533,61554,61544,15.2,-104.861,39.6772,126.392,-66.9881,372.276,15.9847,3.26568,202.349,0.185887,0.00114111,4.62125,3.89702,2.56928,1.89678,1.46569,0.758712,0.482817,0.224165,0.0172435,0.0172435,0.0344869,0,0,0,0
61555,61578,61566,15.3,-104.856,39.6773,124.32,-67.4358,373.224,17.2809,3.635,229.142,0.189113,0.00140657,5.10572,4.12385,2.82476,2.09969,1.25377,0.830813,0.694862,0.181268,0.0906341,0.0604228,0,0.0151057,0,0,0
61579,61602,61590,15.4,-104.85,39.677,122.243,-67.2529,375.354,20.6651,4.01606,240.505,0.179658,0.00134076,5.84406,5.2717,3.84081,2.36473,1.59657,0.813348,0.60248,0.22593,0.060248,0.015062,0.015062,0,0.015062,0,0
61603,61623,61613,15.5,-104.845,39.6765,120.201,-67.2945,377.096,23.6902,4.83962,288.33,0.178731,0.00161477,6.50531,4.89705,4.28266,3.66827,2.07809,1.37334,0.524039,0.234914,0.0542109,0.0361406,0.0361406,0,0,0,0
61624,61643,61634,15.6,-104.841,39.6759,118.339,-67.14,379.063,24.3405,4.8355,273.748,0.169837,0.00156024,6.69906,5.59759,4.135,3.28633,2.16681,1.60705,0.595873,0.162511,0.0361135,0.0361135,0,0.0180568,0,0,0
61645,61663,61654,15.7,-104.839,39.6756,116.286,-65.6089,383.792,25.4927,5.24887,308.82,0.176507,0.0017356,6.067,5.93511,4.76693,4.05095,2.18563,1.50733,0.602932,0.244941,0.0753665,0.0188416,0.0376833,0,0,0,0
61664,61685,61674,15.8,-104.837,39.6753,114.274,-65.0023,386.844,28.5291,6.39743,409.094,0.19184,0.002344,6.66112,5.93002,5.49137,4.50032,2.76193,1.6734,0.926059,0.389919,0.0812332,0.0487399,0.0487399,0.0162466,0,0,0
61686,61702,61694,15.9,-104.836,39.6754,112.58,-65.7935,387.017,28.4922,6.32386,382.509,0.18146,0.00235431,6.66927,6.41601,5.04417,3.9678,2.95474,1.89948,0.970844,0.379895,0.126632,0.0422106,0,0.0211053,0,0,0
61703,61716,61710,16,-104.835,39.6755,110.814,-66.4257,387.58,28.0455,6.42233,385.211,0.17994,0.00234894,5.42402,6.22091,5.29548,4.31865,3.36752,1.82514,1.02825,0.462712,0.0514125,0.0257062,0,0.0257062,0,0,0
61717,61735,61726,16.1,-104.833,39.6761,108.726,-67.3574,387.945,30.0794,6.77503,413.371,0.183042,0.00259861,7.80961,5.83346,5.30141,4.33234,2.94523,2.01416,1.15909,0.532042,0.0760059,0.0570045,0,0.0190015,0,0,0
61736,61755,61746,16.2,-104.832,39.6771,107.044,-68.1774,388.119,30.0249,6.72461,414.2,0.184784,0.00239927,7.04784,6.09285,5.53895,4.56486,3.09417,2.12008,1.08869,0.324697,0.0954992,0,0.0190998,0.0381997,0,0,0
61757,61777,61767,16.3,-104.83,39.6779,105.109,-68.7995,388.96,29.0427,6.15601,368.216,0.179442,0.00219709,7.16552,6.63596,5.09695,4.21988,2.99529,1.58866,0.91017,0.23168,0.0661942,0.11584,0.0165485,0,0,0,0
61778,61802,61790,16.4,-104.827,39.6785,103.303,-68.8088,390.882,30.0457,6.40713,357.3,0.167298,0.00221014,6.91262,6.2153,5.82116,4.48714,3.1986,2.1223,0.788281,0.378981,0.106115,0.0151593,0,0,0,0,0
61803,61826,61814,16.5,-104.823,39.6787,101.613,-68.7445,392.845,26.7426,6.15296,409.156,0.199492,0.00228328,6.27295,5.29899,5.33201,4.09392,2.50918,1.81585,0.940942,0.264124,0.066031,0.066031,0.066031,0.0165078,0,0,0
61827,61849,61838,16.6,-104.818,39.6786,99.9533,-69.0133,394.178,26.9214,6.36023,402.534,0.189868,0.00243426,5.68494,5.44303,4.83825,4.50994,2.81655,2.19449,0.829414,0.414707,0.0691178,0.0863972,0.0172794,0.0172794,0,0,0
