data/B2SAP/Locations/Boulder/NOAA-POPS-B2SAP_GMLBalloon_20220414_R0.ict
61,1001
Thornberry, T. D.
NOAA Chemical Sciences Laboratory
Portable Optical Particle Spectrometer (POPS)
Balloon Baseline Stratospheric Aerosol Profiles (B2SAP)
1,1
2022,04,14,2024,05,28
0
TIME_START,s,Seconds since midnight UTC on flight start day,Start time of 100 m altitude bin in UTC_seconds_since_midnight
28
1.0,1.0,1.0,1.0,1.0,1.0,1.0,1.0,1.0,1.0,1.0,1.0,1.0,1.0,1.0,1.0,1.0,1.0,1.0,1.0,1.0,1.0,1.0,1.0,1.0,1.0,1.0,1.0
99999,99999,99999,99999,99999,99999,99999,99999,99999,99999,99999,99999,99999,99999,99999,99999,99999,99999,99999,99999,99999,99999,99999,99999,99999,99999,99999,99999
TIME_STOP,s,End time of 100 m altitude bin in UTC seconds since midnight,
TIME_MID,s,Mid time of 100 m altitude in UTC seconds since midnight,
GPSAlt,m,GPS reported altitude above sea level (m),
GPS_Lon,deg,GPS reported longitude,
GPS_Lat,deg,GPS reported latitude,
iMet_Pressure,mb,Pressure reported (mB),
iMet_Temperature,degrees C,Ambient temperature (oC),
THETA,K,Potential temperature from iMet,
Aerosol_concentration,cm^-3,Aerosol concentration,
Surface_Area_Conc,um^2 cm^-3,Surface area concentration,
Volume_density,um^3 cm^-3,Volume density,
Effective_radius,um,Effective radius,
Extinction,km^-1,Extinction,
Bin01,cm^-3,particle concentration in size range [140 - 170 nm],
Bin02,cm^-3,particle concentration in size range [170 - 205 nm],
Bin03,cm^-3,particle concentration in size range [205 - 249 nm],
Bin04,cm^-3,particle concentration in size range [249 - 302 nm],
Bin05,cm^-3,particle concentration in size range [302 - 366 nm],
Bin06,cm^-3,particle concentration in size range [366 - 443 nm],
Bin07,cm^-3,particle concentration in size range [443 - 537 nm],
Bin08,cm^-3,particle concentration in size range [537 - 651 nm],
Bin09,cm^-3,particle concentration in size range [651 - 789 nm],
Bin10,cm^-3,particle concentration in size range [789 - 956 nm],
Bin11,cm^-3,particle concentration in size range [956 - 1159 nm],
Bin12,cm^-3,particle concentration in size range [1159 - 1404 nm],
Bin13,cm^-3,particle concentration in size range [1404 - 1702 nm],
Bin14,cm^-3,particle concentration in size range [1702 - 2062 nm],
Bin15,cm^-3,particle concentration in size range [2062 - 2500 nm],
0
19
PI_CONTACT_INFO: 325 Broadway R/CSL6, Boulder, CO 80305; troy.thornberry@noaa.gov; 303-497-3373 
PLATFORM: GML ECC/FPH balloon
LOCATION: Boulder, CO, USA
ASSOCIATED_DATA: N/A
INSTRUMENT_INFO: Printed Optical Particle Spectrometer counts particles from 140 - 2500 nm in diameter 
DATA_INFO: Particle concentrations reported in number per cubic centimeter, binned to 100 m altitude
UNCERTAINTY: Counting uncertainty dominated by air flow, less than 5 percent
ULOD_FLAG: -77777
ULOD_VALUE: 3000 ~3000 per cm3 (varies depending on flow rate- manufacturer quotes 1250  per cm3 at 1.667 cc/s)
LLOD_FLAG: -88888
LLOD_VALUE: 0 0 (varies depending on data field and measurement precision)
DM_CONTACT_INFO: Troy Thornberry, 325 Broadway R/CSL6, Boulder, CO 80305; troy.thornberry@noaa.gov; 303-497-3373
PROJECT_INFO: B2SAP Boulder, CO, USA
STIPULATIONS_ON_USE: Please contact the PIs for questions regarding applications and uncertainties
OTHER_COMMENTS: POPS bin Edges (nm):  140, 170, 205, 249, 302, 366, 443, 537, 651, 789, 956, 1159, 1404, 1702, 2062, 2500
Calculations assume sulfate refractive index of 1.45+0.00j and extinction wavelength = 532 nm
REVISION: R0
R0: QA/QC data
TIME_START,TIME_STOP,TIME_MID,GPSAlt,GPS_Lon,GPS_Lat,iMet_Pressure,iMet_Temperature,THETA,Aerosol_concentration,Surface_Area_Conc,Volume_density,Effective_radius,Extinction,Bin01,Bin02,Bin03,Bin04,Bin05,Bin06,Bin07,Bin08,Bin09,Bin10,Bin11,Bin12,Bin13,Bin14,Bin15
[from data line 311]
61408,61424,61416,23.2,-103.95,39.7535,31.8291,-55.8118,581.968,2.34214,0.585919,36.4751,0.186758,0.000253377,0.479074,0.61215,0.292767,0.319383,0.212922,0.186307,0.212922,0,0.0266152,0,0,0,0,0,0
61426,61440,61433,23.1,-103.95,39.7531,32.339,-55.505,580.153,1.95741,0.423294,22.1976,0.15732,0.000130725,0.40901,0.379795,0.321365,0.35058,0.23372,0.204505,0.05843,0,0,0,0,0,0,0,0
61442,61457,61450,23,-103.95,39.7526,32.86,-55.8227,576.667,2.19271,0.540859,33.4255,0.185402,0.000236793,0.62649,0.41766,0.313245,0.261037,0.130519,0.20883,0.182726,0.0522075,0,0,0,0,0,0,0
61459,61476,61468,22.9,-103.95,39.7519,33.3942,-55.7242,574.274,2.0968,0.451797,25.8276,0.171499,0.000162821,0.447632,0.612549,0.259155,0.259155,0.282715,0.141357,0.0706787,0,0.0235596,0,0,0,0,0,0
61478,61493,61486,22.8,-103.951,39.7513,33.9573,-56.6682,569.064,2.25612,0.506256,29.2409,0.173277,0.000193501,0.615304,0.435841,0.256377,0.410203,0.282015,0.0769131,0.128188,0.0512754,0,0,0,0,0,0,0
61494,61512,61503,22.7,-103.951,39.7507,34.5131,-56.4662,566.948,2.38405,0.595225,37.0865,0.18692,0.000256228,0.585176,0.498484,0.325098,0.260078,0.303425,0.216732,0.130039,0.0433464,0.0216732,0,0,0,0,0,0
61513,61529,61521,22.6,-103.951,39.7502,35.0917,-56.9442,563.029,2.68181,0.665402,40.2305,0.181381,0.0002827,0.611641,0.611641,0.376395,0.305821,0.305821,0.141148,0.305821,0.0235247,0,0,0,0,0,0,0
61531,61548,61540,22.5,-103.95,39.7498,35.65,-56.9767,560.398,2.56867,0.502276,25.708,0.153549,0.000150208,0.717377,0.555389,0.3934,0.323977,0.323977,0.161988,0.0925648,0,0,0,0,0,0,0,0
61551,61568,61560,22.4,-103.949,39.7496,36.2692,-56.2108,559.631,3.07614,0.880295,56.71,0.193265,0.000409411,0.636442,0.594013,0.275792,0.487939,0.36065,0.36065,0.233362,0.127288,0,0,0,0,0,0,0
61569,61587,61578,22.3,-103.947,39.7494,36.83,-56.4936,556.454,2.80018,0.695569,43.3177,0.18683,0.000300846,0.579347,0.656593,0.502101,0.36692,0.154493,0.289674,0.173804,0.0579347,0.0193116,0,0,0,0,0,0
61588,61609,61598,22.2,-103.945,39.7491,37.4438,-56.2362,554.49,2.66058,0.712491,48.9248,0.206002,0.000336001,0.652596,0.451797,0.351398,0.435064,0.368131,0.167332,0.117133,0.0669329,0.0334665,0.0167332,0,0,0,0,0
61610,61628,61619,22.1,-103.944,39.7485,38.0838,-55.7862,552.961,2.48379,0.590795,34.4233,0.174798,0.000231496,0.508973,0.549691,0.447897,0.325743,0.223948,0.203589,0.203589,0.0203589,0,0,0,0,0,0,0
61629,61648,61638,22,-103.943,39.7477,38.6173,-55.5682,551.312,2.93245,0.748125,45.9918,0.184428,0.000315868,0.74513,0.456693,0.384583,0.40862,0.432656,0.240365,0.216328,0.0240365,0.0240365,0,0,0,0,0,0
61649,61669,61659,21.9,-103.942,39.7468,39.3092,-56.2292,546.866,3.34949,0.920971,61.9367,0.201755,0.000457266,0.913497,0.608998,0.345099,0.588698,0.182699,0.223299,0.365399,0.0811998,0.0405999,0,0,0,0,0,0
61670,61688,61679,21.8,-103.941,39.7461,39.9342,-57.2767,541.768,3.2568,0.990366,68.2766,0.206822,0.000500857,0.830593,0.349723,0.437154,0.437154,0.393439,0.415297,0.240435,0.0874308,0.0655731,0,0,0,0,0,0
61691,61708,61700,21.7,-103.94,39.7457,40.6221,-58.4607,536.181,2.83155,0.672536,40.4515,0.180443,0.000264949,0.614745,0.614745,0.391201,0.465716,0.316687,0.27943,0.0931432,0.0186286,0.0372573,0,0,0,0,0,0
61711,61730,61720,21.6,-103.939,39.7456,41.2917,-58.8967,532.594,3.12344,0.781538,47.8893,0.183827,0.00032971,0.66777,0.710852,0.409278,0.45236,0.323114,0.323114,0.107705,0.129246,0,0,0,0,0,0,0
61731,61747,61739,21.5,-103.937,39.7456,41.9792,-58.4133,531.283,3.31697,0.846794,50.3958,0.178541,0.000336446,0.599195,0.599195,0.427996,0.663394,0.513596,0.278198,0.128399,0.106999,0,0,0,0,0,0,0
61750,61767,61758,21.4,-103.936,39.7458,42.61,-58.8975,527.837,3.39974,0.867775,63.3544,0.219023,0.000335295,0.598697,0.812517,0.555933,0.555933,0.42764,0.277966,0.042764,0.10691,0,0,0.021382,0,0,0,0
61768,61787,61778,21.3,-103.934,39.7461,43.3717,-58.7108,525.619,2.70486,0.712762,46.1688,0.194323,0.000327168,0.638943,0.511155,0.319472,0.425962,0.383366,0.170385,0.106491,0.127789,0.0212981,0,0,0,0,0,0
61788,61805,61796,21.2,-103.933,39.7464,44.1125,-58.7658,522.958,3.66535,0.822257,48.6036,0.17733,0.000330329,1.0503,0.707348,0.600174,0.557305,0.192913,0.235783,0.235783,0.0857392,0,0,0,0,0,0,0
61808,61826,61817,21.1,-103.931,39.7468,44.8254,-58.3631,521.537,3.65898,1.00391,64.9964,0.194229,0.000460099,0.806549,0.550814,0.452455,0.629502,0.649174,0.177047,0.236063,0.118032,0.0393439,0,0,0,0,0,0
61827,61846,61836,21,-103.93,39.7472,45.5438,-57.9738,520.118,3.75586,0.858703,50.9969,0.178165,0.000336189,0.904553,0.688247,0.648918,0.629254,0.471941,0.176978,0.098321,0.117985,0.0196642,0,0,0,0,0,0
61847,61867,61857,20.9,-103.929,39.7477,46.3336,-57.26,519.287,3.73136,0.883774,50.4366,0.171209,0.000329338,0.652081,0.996236,0.470948,0.525288,0.489061,0.344154,0.21736,0.0362267,0,0,0,0,0,0,0
61868,61889,61878,20.8,-103.928,39.7482,47.0964,-56.4886,518.714,3.74349,1.0699,71.72,0.201103,0.000502797,0.714837,0.658402,0.470287,0.677214,0.489099,0.338607,0.206926,0.169303,0,0.0188115,0,0,0,0,0
61890,61907,61898,20.7,-103.927,39.7488,47.7933,-56.8258,515.746,3.51541,0.976862,60.7148,0.186459,0.000424313,0.582022,0.582022,0.582022,0.53546,0.512179,0.372494,0.232809,0.116404,0,0,0,0,0,0,0
61913,61933,61923,20.6,-103.926,39.7496,48.566,-56.0487,515.219,3.77313,1.05524,67.0013,0.190481,0.000470432,0.721334,0.536377,0.536377,0.628856,0.684343,0.240445,0.332924,0.0554873,0.0369915,0,0,0,0,0,0
61934,61957,61946,20.5,-103.925,39.7501,49.4181,-56.9606,510.527,3.8023,0.850297,47.0537,0.166014,0.000295016,0.850743,0.694484,0.572949,0.763933,0.451415,0.260432,0.156259,0.0520863,0,0,0,0,0,0,0
61958,61979,61968,20.4,-103.924,39.7505,50.1892,-57.3275,507.406,4.1001,0.909883,50.0462,0.165008,0.000317345,1.00173,0.815361,0.628993,0.559105,0.512513,0.326144,0.256256,0,0,0,0,0,0,0,0
61980,62001,61990,20.3,-103.924,39.751,50.9681,-58.0438,503.501,3.69681,0.973079,60.379,0.186149,0.000417114,0.739362,0.598531,0.616135,0.580927,0.528116,0.299266,0.211246,0.105623,0.0176039,0,0,0,0,0,0
62002,62020,62011,20.2,-103.924,39.7514,51.835,-58.5336,499.943,4.11147,0.911741,51.2233,0.168546,0.000328586,0.882462,0.962686,0.621735,0.722015,0.361007,0.300839,0.20056,0.0601679,0,0,0,0,0,0,0
62026,62042,62034,20.1,-103.925,39.7516,52.7255,-57.6718,499.499,4.47379,1.02344,57.9498,0.169867,0.000370595,0.838836,0.940513,0.813416,0.787997,0.508385,0.33045,0.152516,0.101677,0,0,0,0,0,0,0
62043,62058,62050,20,-103.925,39.7517,53.4845,-56.4782,500.227,4.28136,0.988573,57.4403,0.174313,0.000382765,0.988006,0.937339,0.709337,0.557337,0.430669,0.329335,0.253335,0.0760004,0,0,0,0,0,0,0
62059,62081,62070,19.9,-103.925,39.7516,54.35,-56.5,497.89,4.55629,1.09432,69.574,0.190733,0.000460991,1.11299,0.747787,0.834739,0.799959,0.504322,0.226075,0.173904,0.104342,0.0347808,0.0173904,0,0,0,0,0
62082,62100,62091,19.8,-103.925,39.7513,55.2254,-55.0585,498.914,4.43712,1.15278,70.753,0.184128,0.000483975,1.02395,0.575973,0.746631,0.661302,0.661302,0.405314,0.234656,0.106662,0.0213323,0,0,0,0,0,0
62101,62117,62109,19.7,-103.925,39.7511,56.1143,-54.4786,497.973,4.14558,0.997875,59.6852,0.179437,0.000403278,0.967302,0.769893,0.730412,0.592226,0.394817,0.394817,0.157927,0.138186,0,0,0,0,0,0,0
62118,62138,62128,19.6,-103.925,39.7509,57.02,-53.246,498.481,4.09953,1.04242,65.4366,0.188321,0.000454756,1.04786,0.56989,0.716958,0.56989,0.551506,0.25737,0.25737,0.0919177,0.0367671,0,0,0,0,0,0
62139,62154,62146,19.5,-103.925,39.7509,57.9042,-52.655,497.637,4.01993,1.06271,70.9503,0.200291,0.000497778,0.959301,0.822258,0.662375,0.411129,0.411129,0.296927,0.319767,0.114203,0,0.0228405,0,0,0,0,0
62155,62178,62166,19.4,-103.925,39.7508,58.8427,-52.8233,494.982,4.69632,1.2178,72.3813,0.178309,0.000487595,0.877134,0.804039,0.676124,0.767492,0.749218,0.438567,0.292378,0.0913681,0,0,0,0,0,0,0
62179,62199,62189,19.3,-103.923,39.7508,59.8862,-56.7094,483.811,4.92521,1.2952,83.3806,0.19313,0.000579989,0.992003,0.939793,0.748353,0.817968,0.626528,0.382878,0.208843,0.139229,0.0696143,0,0,0,0,0,0
62200,62220,62210,19.2,-103.921,39.7508,60.87,-56.1241,482.87,5.03277,1.15094,68.9042,0.179604,0.0004597,1.21311,1.11475,0.786882,0.754095,0.491801,0.327868,0.196721,0.114754,0.0327868,0,0,0,0,0,0
62221,62242,62232,19.1,-103.919,39.7509,61.795,-56.1641,480.698,5.40409,1.37023,85.4455,0.187076,0.000587178,1.15169,0.923884,0.885916,1.03779,0.556862,0.392334,0.240463,0.177183,0.0379678,0,0,0,0,0,0
62243,62265,62254,19,-103.918,39.751,62.7835,-56.7609,477.213,4.55904,1.12425,68.5477,0.182917,0.000463258,0.860882,0.873007,0.812382,0.848757,0.545629,0.291002,0.109126,0.206127,0.0121251,0,0,0,0,0,0
62266,62288,62277,18.9,-103.916,39.7507,64.024,-56.144,475.898,5.04073,1.19439,70.8754,0.178021,0.000476912,0.974726,1.22537,0.946877,0.724082,0.250644,0.556986,0.222795,0.139247,0,0,0,0,0,0,0
62289,62310,62300,18.8,-103.915,39.7504,64.8482,-54.4641,477.835,5.01254,1.12408,65.3096,0.174301,0.000429293,1.29722,0.994952,0.856415,0.680094,0.46599,0.403019,0.201509,0.100755,0.0125943,0,0,0,0,0,0
62311,62314,62312,18.7,-103.915,39.7503,65.455,-55.145,475.085,5.12849,1.28014,76.7591,0.179885,0.000523163,1.03956,1.24747,0.554432,0.623736,0.831647,0.415824,0.277216,0.138608,0,0,0,0,0,0,0
62315,62355,62335,18.6,-103.914,39.7496,66.9481,-54.0133,474.478,4.90945,1.19187,71.5117,0.179999,0.000479171,0.947668,0.96083,0.921344,0.789723,0.592292,0.315889,0.250079,0.105296,0.0263241,0,0,0,0,0,0
62356,62370,62363,18.5,-103.913,39.7494,67.8647,-54.2973,472.029,4.73515,1.08265,59.924,0.166048,0.000375413,1.03581,0.83235,0.702873,0.850846,0.702873,0.369933,0.184967,0.05549,0,0,0,0,0,0,0
62371,62400,62386,18.4,-103.91,39.7492,69.0895,-55.1025,467.9,5.8225,1.39566,84.0434,0.180653,0.00056161,1.3277,1.07875,0.981942,0.843641,0.78832,0.401075,0.235113,0.124472,0.0414905,0,0,0,0,0,0
62401,62425,62413,18.3,-103.908,39.7488,70.3029,-55.0495,465.682,6.00489,1.43667,86.1327,0.179859,0.000560187,1.12426,1.0449,1.17717,1.16394,0.767145,0.370346,0.211626,0.0661332,0.0793598,0,0,0,0,0,0
62426,62451,62438,18.2,-103.906,39.7486,71.4425,-56.3875,460.714,6.98759,1.60623,91.7761,0.171413,0.000590806,1.48116,1.39403,1.21978,1.08038,0.83642,0.575039,0.278807,0.104552,0.0174254,0,0,0,0,0,0
62451,62471,62461,18.1,-103.905,39.7487,72.4483,-56.3822,458.882,6.45526,1.54542,94.1163,0.1827,0.000629624,1.40406,1.31845,0.975995,1.09585,0.839013,0.359577,0.273963,0.119859,0.0684908,0,0,0,0,0,0
62475,62494,62484,18,-103.904,39.7487,73.5771,-55.8206,458.042,6.26003,1.57393,114.262,0.217789,0.000618162,1.22638,1.40942,1.09825,1.11656,0.530821,0.457605,0.256259,0.109825,0.0183042,0,0.0366084,0,0,0,0
62499,62521,62510,17.9,-103.903,39.7487,74.8589,-54.9147,457.696,6.68271,1.58285,94.3344,0.178793,0.000607536,1.27134,1.22245,1.35284,1.28764,0.603074,0.505278,0.309687,0.0977958,0.0162993,0.0162993,0,0,0,0,0
62522,62543,62532,17.8,-103.903,39.7487,75.9579,-54.4143,456.828,5.81133,1.24364,66.8371,0.16123,0.000401641,1.18868,0.990567,1.25472,1.10063,0.704403,0.352202,0.110063,0.110063,0,0,0,0,0,0,0
62544,62565,62554,17.7,-103.903,39.7487,77.1293,-53.8207,456.072,5.94139,1.35529,81.0135,0.179327,0.000548032,1.41853,1.43909,0.945688,0.78122,0.513961,0.370052,0.308376,0.143909,0.0205584,0,0,0,0,0,0
62566,62586,62576,17.6,-103.903,39.749,78.4862,-52.7556,456.013,6.13479,1.54716,101.884,0.197558,0.000698013,1.31053,1.25355,1.1016,0.987645,0.607781,0.36087,0.246911,0.170939,0.0759727,0.0189932,0,0,0,0,0
62587,62608,62598,17.5,-103.902,39.7494,79.828,-53.272,452.741,7.1195,1.50964,82.9344,0.16481,0.000504008,1.63198,1.38718,1.20358,1.36678,0.836388,0.407994,0.183597,0.0611991,0.0407994,0,0,0,0,0,0
62609,62625,62617,17.4,-103.902,39.7501,80.8918,-52.8518,451.899,6.33507,1.47165,83.8216,0.170873,0.000545634,1.51178,1.00785,1.09784,1.09784,0.665902,0.503926,0.377944,0.0719894,0,0,0,0,0,0,0
62627,62654,62640,17.3,-103.902,39.7516,82.5837,-52.1187,450.723,6.86235,1.71832,104.529,0.182496,0.00070803,1.18845,1.38014,1.26513,1.26513,0.651732,0.53672,0.383372,0.153349,0.0383372,0,0,0,0,0,0
62655,62680,62668,17.2,-103.901,39.7522,83.5923,-52.1412,449.119,7.06152,1.81016,115.466,0.191363,0.000782186,1.29988,1.49896,1.19449,1.19449,0.690928,0.585532,0.374741,0.163949,0.0351319,0.0234213,0,0,0,0,0
62681,62707,62694,17.1,-103.899,39.7535,84.9528,-54.4744,442.341,6.96277,1.54213,84.6386,0.164653,0.000525414,1.67654,1.28307,1.1291,0.992238,0.923808,0.684302,0.188183,0.0855377,0,0,0,0,0,0,0
62708,62732,62720,17,-103.897,39.7547,86.291,-55.5135,438.272,7.58497,1.7752,115.348,0.194934,0.00070509,1.70275,1.74919,1.2848,1.13001,0.758497,0.495345,0.232193,0.154795,0.0619182,0,0.0154795,0,0,0,0
62733,62758,62746,16.9,-103.894,39.7553,87.7576,-55.7914,435.608,7.07163,1.58139,91.0771,0.172779,0.000586483,1.66132,1.4849,1.07324,1.13205,0.882117,0.45576,0.205827,0.147019,0.0294039,0,0,0,0,0,0
62759,62783,62771,16.8,-103.892,39.7558,89.0404,-54.908,435.573,7.30498,1.65016,97.1366,0.176594,0.000627709,1.79853,1.35506,1.3181,1.14564,0.739122,0.505066,0.271011,0.147824,0.0123187,0.0123187,0,0,0,0,0
62784,62808,62796,16.7,-103.89,39.7568,90.4712,-54.6816,434.038,7.12461,1.58803,91.9385,0.173684,0.000594091,1.62146,1.51091,1.31437,1.00727,0.786164,0.528204,0.135122,0.196541,0.0245676,0,0,0,0,0,0
62809,62826,62818,16.6,-103.888,39.7577,91.77,-54.4917,432.65,7.20036,1.61469,103.188,0.191718,0.000587623,1.75743,1.5015,1.43325,0.836061,0.818998,0.528936,0.153562,0.119437,0.0341249,0,0,0.0170625,0,0,0
62834,62859,62846,16.5,-103.886,39.7582,93.3985,-53.39,432.658,7.34268,1.62523,94.4232,0.174295,0.000614024,1.92039,1.44594,1.22001,1.02797,0.813343,0.508339,0.214632,0.15815,0.0338893,0,0,0,0,0,0
62860,62881,62870,16.4,-103.884,39.7582,94.9467,-53.4747,430.453,6.84755,1.5975,90.9602,0.170818,0.000588513,1.61479,1.1651,1.00158,1.24687,0.797177,0.592773,0.327047,0.102202,0,0,0,0,0,0,0
62882,62911,62896,16.3,-103.881,39.7572,96.6786,-52.7686,429.618,7.68077,1.69233,92.4298,0.163851,0.000564519,1.26558,1.48378,1.65835,1.57107,0.960096,0.392767,0.174563,0.174563,0,0,0,0,0,0,0
62912,62932,62922,16.2,-103.879,39.7568,97.6833,-52.0557,429.741,7.27872,1.62089,98.8006,0.182863,0.000632632,1.81968,1.33227,1.36476,1.29977,0.698627,0.389931,0.162471,0.11373,0.0812357,0.0162471,0,0,0,0,0
62938,62960,62949,16.1,-103.876,39.7558,99.4109,-51.8909,427.901,7.9001,1.69472,94.0662,0.166517,0.000589405,2.11954,1.49702,1.2154,1.15611,0.978249,0.578056,0.222329,0.118576,0.014822,0,0,0,0,0,0
62961,62985,62973,16,-103.873,39.7547,100.987,-51.1716,427.373,7.99617,1.82569,113.133,0.185901,0.000740179,2.0978,1.45756,1.40308,1.36221,0.708349,0.435907,0.286064,0.177087,0.0408663,0.0272442,0,0,0,0,0
62986,63000,62993,15.9,-103.87,39.7536,102.26,-51.028,426.127,8.44298,1.89803,111.787,0.176688,0.000739196,1.94664,1.87873,1.4713,1.26758,0.837508,0.497978,0.248989,0.271624,0.0226353,0,0,0,0,0,0
63001,63040,63020,15.8,-103.862,39.7515,104.184,-50.3805,425.089,8.33644,1.90736,112.301,0.176632,0.000713747,2.0544,1.25641,1.64691,1.30734,1.00173,0.645183,0.254677,0.118849,0.033957,0.0169785,0,0,0,0,0
63041,63068,63054,15.7,-103.855,39.7497,105.909,-50.8675,422.181,7.36861,1.53951,82.3378,0.16045,0.00049243,1.70176,1.44649,1.27632,1.27632,0.952984,0.442457,0.187193,0.0680703,0.0170176,0,0,0,0,0,0
63073,63099,63086,15.6,-103.847,39.7481,107.593,-52.155,417.854,7.81622,1.65265,90.8507,0.164918,0.00056761,1.88828,1.53229,1.42395,1.33108,0.835794,0.340509,0.371464,0.0773884,0.0154777,0,0,0,0,0,0
63100,63111,63106,15.5,-103.841,39.747,108.695,-53.0025,415.027,9.24844,2.31005,144.685,0.187899,0.00100457,2.08375,1.74122,1.74122,1.28451,0.856337,0.742159,0.428169,0.31399,0.0570891,0,0,0,0,0,0
63143,63154,63148,15.4,-103.826,39.744,111.153,-53.7733,410.946,8.88741,2.00641,117.413,0.175556,0.000772065,2.14327,1.60031,1.8575,1.25738,0.885884,0.571538,0.314346,0.228615,0.0285769,0,0,0,0,0,0
