data/B2SAP/Locations/Boulder/NOAA-POPS-B2SAP_GMLBalloon_20230531_R0.ict
61,1001
Thornberry, T. D.
NOAA Chemical Sciences Laboratory
Portable Optical Particle Spectrometer (POPS)
Balloon Baseline Stratospheric Aerosol Profiles (B2SAP)
1,1
2023,05,31,2024,05,30
0
TIME_START,s,Seconds since midnight UTC on flight start day,Start time of 100 m altitude bin in UTC_seconds_since_midnight
28
1.0,1.0,1.0,1.0,1.0,1.0,1.0,1.0,1.0,1.0,1.0,1.0,1.0,1.0,1.0,1.0,1.0,1.0,1.0,1.0,1.0,1.0,1.0,1.0,1.0,1.0,1.0,1.0
99999,99999,99999,99999,99999,99999,99999,99999,99999,99999,99999,99999,99999,99999,99999,99999,99999,99999,99999,99999,99999,99999,99999,99999,99999,99999,99999,99999
TIME_STOP,s,End time of 100 m altitude bin in UTC seconds since midnight,
TIME_MID,s,Mid time of 100 m altitude in UTC seconds since midnight,
GPSAlt,m,GPS reported altitude above sea level (m),
GPS_Lon,deg,GPS reported longitude,
GPS_Lat,deg,GPS reported latitude,
iMet_Pressure,mb,Pressure reported (mB),
iMet_Temperature,degrees C,Ambient temperature (oC),
THETA,K,Potential temperature from iMet,
Aerosol_concentration,cm^-3,Aerosol concentration,
Surface_Area_Conc,um^2 cm^-3,Surface area concentration,
Volume_density,um^3 cm^-3,Volume density,
Effective_radius,um,Effective radius,
Extinction,km^-1,Extinction,
Bin01,cm^-3,particle concentration in size range [140 - 170 nm],
Bin02,cm^-3,particle concentration in size range [170 - 205 nm],
Bin03,cm^-3,particle concentration in size range [205 - 249 nm],
Bin04,cm^-3,particle concentration in size range [249 - 302 nm],
Bin05,cm^-3,particle concentration in size range [302 - 366 nm],
Bin06,cm^-3,particle concentration in size range [366 - 443 nm],
Bin07,cm^-3,particle concentration in size range [443 - 537 nm],
Bin08,cm^-3,particle concentration in size range [537 - 651 nm],
Bin09,cm^-3,particle concentration in size range [651 - 789 nm],
Bin10,cm^-3,particle concentration in size range [789 - 956 nm],
Bin11,cm^-3,particle concentration in size range [956 - 1159 nm],
Bin12,cm^-3,particle concentration in size range [1159 - 1404 nm],
Bin13,cm^-3,particle concentration in size range [1404 - 1702 nm],
Bin14,cm^-3,particle concentration in size range [1702 - 2062 nm],
Bin15,cm^-3,particle concentration in size range [2062 - 2500 nm],
0
19
PI_CONTACT_INFO: 325 Broadway R/CSL6, Boulder, CO 80305; troy.thornberry@noaa.gov; 303-497-3373 
PLATFORM: GML ECC/FPH balloon
LOCATION: Boulder, CO, USA
ASSOCIATED_DATA: N/A
INSTRUMENT_INFO: Printed Optical Particle Spectrometer counts particles from 140 - 2500 nm in diameter 
DATA_INFO: Particle concentrations reported in number per cubic centimeter, binned to 100 m altitude
UNCERTAINTY: Counting uncertainty dominated by air flow, less than 5 percent
ULOD_FLAG: -77777
ULOD_VALUE: 3000 ~3000 per cm3 (varies depending on flow rate- manufacturer quotes 1250  per cm3 at 1.667 cc/s)
LLOD_FLAG: -88888
LLOD_VALUE: 0 0 (varies depending on data field and measurement precision)
DM_CONTACT_INFO: Troy Thornberry, 325 Broadway R/CSL6, Boulder, CO 80305; troy.thornberry@noaa.gov; 303-497-3373
PROJECT_INFO: B2SAP Boulder, CO, USA
STIPULATIONS_ON_USE: Please contact the PIs for questions regarding applications and uncertainties
OTHER_COMMENTS: POPS bin Edges (nm):  140, 170, 205, 249, 302, 366, 443, 537, 651, 789, 956, 1159, 1404, 1702, 2062, 2500
Calculations assume sulfate refractive index of 1.45+0.00j and extinction wavelength = 532 nm
REVISION: R0
R0: QA/QC data
TIME_START,TIME_STOP,TIME_MID,GPSAlt,GPS_Lon,GPS_Lat,iMet_Pressure,iMet_Temperature,THETA,Aerosol_concentration,Surface_Area_Conc,Volume_density,Effective_radius,Extinction,Bin01,Bin02,Bin03,Bin04,Bin05,Bin06,Bin07,Bin08,Bin09,Bin10,Bin11,Bin12,Bin13,Bin14,Bin15
[from data line 69]
59256,59273,59264,8.7,-105.143,40.0117,335.807,-36.7761,322.853,20.9365,3.12018,193.518,0.186064,0.000813997,10.1931,5.00082,2.7038,1.29208,1.07673,0.191419,0.239274,0.119637,0.0478548,0,0.0239274,0.0478548,0,0,0
59274,59290,59282,8.8,-105.14,40.0135,330.954,-37.5744,323.101,20.6416,2.85656,138.335,0.145281,0.000736751,9.8615,5.29549,2.53967,1.37791,0.810534,0.270178,0.270178,0.135089,0.0540356,0.0270178,0,0,0,0,0
59291,59311,59301,8.9,-105.137,40.016,326.492,-38.1167,323.614,21.7579,3.75964,419.3,0.33458,0.00117989,10.096,5.76915,2.71974,1.44229,0.865372,0.45329,0.247249,0.0206041,0.0412082,0.0206041,0,0.0206041,0.0206041,0,0.0412082
59312,59333,59322,9,-105.132,40.019,321.721,-38.2541,324.784,23.3838,3.91445,264.88,0.203002,0.00120439,10.6148,5.5228,3.2706,1.68426,0.940052,0.646286,0.313351,0.195844,0.0979221,0,0.0195844,0.0783376,0,0,0
59334,59352,59343,9.1,-105.129,40.0218,317.016,-38.9147,325.236,22.7183,4.17442,360.929,0.259386,0.00148693,10.0717,5.42322,3.19013,1.93686,1.07097,0.27344,0.296226,0.13672,0.113933,0.0911465,0.0227866,0.0455733,0.0227866,0.0227866,0
59353,59375,59364,9.2,-105.125,40.025,312.333,-39.7309,325.487,23.4294,3.21496,147.314,0.137465,0.000763388,10.7149,6.39499,2.81078,1.50914,1.16958,0.377285,0.226371,0.169778,0.0565928,0,0,0,0,0,0
59376,59395,59386,9.3,-105.122,40.0286,307.899,-40.3865,325.901,26.3678,5.04595,462.503,0.274975,0.00192766,12.7804,5.43059,3.31506,1.91924,1.30858,0.414382,0.654288,0.239905,0.109048,0.0654288,0.0436192,0.0218096,0.0218096,0.0436192,0
59396,59415,59406,9.4,-105.118,40.0316,303.377,-41.0555,326.341,29.7693,4.76164,284.576,0.179293,0.00147035,13.2356,7.26874,4.03578,2.27826,1.49714,0.585839,0.325466,0.347164,0.086791,0.0650932,0.0216977,0,0.0216977,0,0
59416,59442,59429,9.5,-105.115,40.0353,299.082,-41.7962,326.626,27.7638,5.06354,377.035,0.223383,0.00185526,12.1603,6.97034,3.71191,2.01552,1.17572,0.571064,0.50388,0.268736,0.16796,0.100776,0.050388,0.033592,0.033592,0,0
59443,59467,59455,9.6,-105.111,40.0394,294.74,-42.7312,326.669,27.0793,4.48224,314.358,0.210402,0.00140402,12.1595,6.49903,3.94833,1.6597,1.48499,0.34941,0.576527,0.262058,0.0524115,0.0174705,0,0.034941,0.0174705,0.0174705,0
59468,59494,59481,9.7,-105.107,40.0435,290.42,-43.5204,326.925,25.4094,4.09446,314.146,0.230174,0.00126106,12.1375,5.97964,3.241,1.71773,1.3126,0.340305,0.3241,0.19446,0.0972299,0,0.016205,0,0.016205,0.03241,0
59495,59522,59508,9.8,-105.103,40.048,285.818,-44.1823,327.474,22.1863,3.2175,166.701,0.155432,0.000825447,10.4863,5.37247,2.66634,1.63164,1.11429,0.318369,0.477553,0.0397961,0.0397961,0.019898,0,0.019898,0,0,0
59523,59550,59536,9.9,-105.099,40.0518,281.793,-44.9814,327.656,20.8283,2.9525,157.023,0.159549,0.000706202,9.81908,5.21492,2.8502,1.31547,0.720379,0.532454,0.234906,0.0783021,0.0156604,0.0156604,0,0.0313208,0,0,0
59551,59575,59563,10,-105.096,40.0556,277.597,-45.5748,328.208,17.1633,2.45859,127.589,0.155686,0.00061986,7.87826,4.41393,2.18059,1.30132,0.738587,0.281366,0.22861,0.0703416,0.0351708,0.0175854,0.0175854,0,0,0,0
59576,59600,59588,10.1,-105.092,40.0591,273.474,-46.2517,328.635,15.1997,2.0671,95.2788,0.138279,0.000477264,7.44326,3.62951,1.695,1.14228,0.773804,0.257935,0.165815,0.0552717,0.0184239,0.0184239,0,0,0,0,0
59601,59624,59612,10.2,-105.089,40.0624,269.546,-47.0662,328.812,17.5736,2.52051,163.668,0.194803,0.0006396,8.28946,4.60525,2.24736,1.01316,0.828946,0.313157,0.110526,0.128947,0.018421,0,0,0,0,0.018421,0
59625,59648,59636,10.3,-105.087,40.0655,265.378,-47.9363,329.007,18.4002,2.55467,139.847,0.164226,0.000619075,9.14469,4.76632,1.97673,1.23777,0.62812,0.258638,0.203215,0.129319,0.0184741,0,0.0184741,0.0184741,0,0,0
59649,59671,59660,10.4,-105.084,40.0687,261.467,-48.6326,329.385,20.4183,2.67894,129.309,0.144806,0.000577602,10.4219,5.10458,2.28159,1.10213,0.870099,0.290033,0.232026,0.0773421,0.0193355,0,0,0.0193355,0,0,0
59672,59697,59684,10.5,-105.082,40.0722,257.469,-48.9869,330.316,23.7308,3.26069,157.98,0.14535,0.000819205,11.6082,5.58977,3.13781,1.78324,0.685861,0.411517,0.325784,0.102879,0.0342931,0.0514396,0,0,0,0,0
59698,59718,59708,10.6,-105.08,40.0758,253.824,-49.2145,331.328,25.8261,3.85872,211.885,0.164732,0.00114653,12.4563,6.5958,2.62941,1.76037,1.13644,0.490229,0.445662,0.111416,0.155982,0.0222831,0.0222831,0,0,0,0
59719,59741,59730,10.7,-105.078,40.0791,249.631,-49.9619,331.798,28.1651,4.49237,249.428,0.166568,0.00145893,13.2629,6.72727,3.15074,1.8947,1.36248,0.510932,0.787686,0.340621,0.106444,0,0.0212888,0,0,0,0
59742,59768,59755,10.8,-105.075,40.0827,246.01,-50.4408,332.471,32.7854,4.974,292.93,0.176677,0.00153562,16.7536,7.52622,3.52255,2.11353,1.23719,0.515494,0.584227,0.309297,0.154648,0.0171831,0.0343663,0,0.0171831,0,0
59769,59796,59782,10.9,-105.072,40.0858,242.227,-50.8607,333.316,33.1476,5.03701,286.009,0.170344,0.0014895,16.3097,8.21088,3.24914,2.20878,1.32847,0.640225,0.784275,0.288101,0.0800281,0,0.0160056,0.0160056,0.0160056,0,0
59797,59827,59812,11,-105.069,40.089,238.575,-51.3055,334.096,33.8602,5.2893,334.463,0.189702,0.00163594,17.4308,7.75027,3.48327,1.9158,1.43685,0.740194,0.595058,0.261245,0.145136,0.0145136,0.0290272,0.0290272,0.0290272,0,0
59828,59853,59840,11.1,-105.067,40.0924,234.921,-51.7258,334.938,31.6673,4.48805,221.702,0.148195,0.00123232,16.4323,6.69784,3.5745,2.20369,1.28404,0.659373,0.503206,0.138815,0.156167,0.0173519,0,0,0,0,0
59854,59880,59867,11.2,-105.064,40.0952,231.404,-51.9237,336.082,31.2259,4.87596,292.56,0.180001,0.00155694,16.1869,7.03706,2.92795,1.91315,1.28098,0.748623,0.598899,0.365994,0.0831804,0.0332721,0.0166361,0.0166361,0.0166361,0,0
59881,59907,59894,11.3,-105.062,40.0977,227.863,-52.2074,337.132,28.1332,4.21017,223.955,0.159581,0.00123474,14.0499,6.32414,3.10367,1.95231,1.13467,0.684141,0.483905,0.300355,0.0667455,0.0166864,0,0.0166864,0,0,0
59908,59928,59918,11.4,-105.059,40.0996,224.49,-52.4319,338.23,24.3235,3.99421,226.193,0.169891,0.00130131,11.5273,5.226,2.90333,1.52694,1.44091,0.709703,0.666691,0.193555,0.0860247,0.0215062,0.0215062,0,0,0,0
59929,59952,59940,11.5,-105.057,40.1013,220.788,-52.8691,339.168,23.8136,3.90085,228.331,0.175601,0.00132355,11.2088,5.60442,2.48401,1.66285,1.51915,0.41058,0.431109,0.307935,0.123174,0.041058,0.020529,0,0,0,0
59953,59977,59965,11.6,-105.054,40.1031,217.502,-53.6072,339.481,24.9556,5.26369,534.351,0.304549,0.00217075,12.1073,5.20435,2.45761,2.02391,1.13845,0.758967,0.54212,0.379484,0.108424,0.0722826,0.054212,0.054212,0.0180707,0.0180707,0.0180707
59978,60000,59989,11.7,-105.052,40.105,214.174,-54.423,339.714,23.8202,4.36222,311.022,0.213897,0.00168905,11.2998,5.51212,2.65763,1.35834,1.22054,0.669329,0.433095,0.393723,0.0984307,0.0984307,0.0590584,0.0196861,0,0,0
60001,60025,60013,11.8,-105.05,40.107,210.905,-54.8971,340.472,22.7384,3.94066,288.276,0.219463,0.00138968,11.1043,5.16437,2.23222,1.57012,1.04044,0.737767,0.510762,0.189171,0.113503,0.0189171,0.0378342,0,0,0.0189171,0
60026,60050,60038,11.9,-105.047,40.1094,207.481,-55.4344,341.225,20.6613,3.51399,226.07,0.193003,0.00121082,10.3488,4.25594,2.25528,1.27314,1.09127,0.545633,0.472882,0.254629,0.109127,0,0.0181878,0.0363755,0,0,0
60051,60076,60064,12,-105.044,40.1119,204.221,-56.0092,341.867,19.3453,3.16246,194.073,0.184103,0.00109304,10.2364,4.05229,1.67377,1.14521,0.863313,0.493322,0.528559,0.211424,0.105712,0,0.0176186,0.0176186,0,0,0
60077,60103,60090,12.1,-105.042,40.1142,201.001,-56.5931,342.5,21.2865,3.10014,170.722,0.165208,0.000888057,11.2497,4.41199,2.63665,1.03708,0.878882,0.474596,0.36913,0.105466,0.0878882,0.0175776,0,0,0.0175776,0,0
60104,60129,60116,12.2,-105.039,40.1165,197.933,-56.6362,343.939,21.4864,3.53388,212.78,0.180634,0.00120209,11.1018,4.24114,2.29209,1.12266,1.21621,0.686067,0.452181,0.202702,0.124739,0.0155924,0.0155924,0.0155924,0,0,0
60130,60156,60143,12.3,-105.036,40.1189,194.903,-56.4131,345.815,19.7646,2.89004,142.725,0.148155,0.000834682,10.722,4.03389,1.55957,1.27465,0.94474,0.50986,0.554847,0.134963,0.0299917,0,0,0,0,0,0
60157,60186,60172,12.4,-105.033,40.1218,191.811,-56.4681,347.311,18.9509,3.0662,185.039,0.181044,0.00104906,10.2576,3.6097,1.68453,1.14307,0.872345,0.7069,0.34593,0.210566,0.0451213,0.0601617,0,0,0.0150404,0,0
60187,60212,60200,12.5,-105.029,40.1243,188.773,-56.1381,349.43,18.1492,2.67111,129.138,0.145038,0.000729974,9.09712,3.79797,2.14668,1.08085,0.915717,0.585458,0.360282,0.150118,0.0150118,0,0,0,0,0,0
60213,60239,60226,12.6,-105.025,40.1264,186.018,-55.4442,352.023,17.3154,3.53018,317.99,0.270233,0.00152615,8.23004,3.84069,1.61373,1.2103,0.855279,0.48412,0.467983,0.419571,0.0968241,0.048412,0.0161373,0.0161373,0,0,0.0161373
60241,60264,60252,12.7,-105.021,40.1286,183.021,-54.4335,355.302,13.9143,2.66586,190.27,0.214119,0.00105738,6.21023,3.35688,1.59452,0.738514,0.822436,0.453179,0.352473,0.184628,0.134275,0.0167844,0.0335688,0.0167844,0,0,0
60265,60287,60276,12.8,-105.019,40.1305,180.222,-53.862,357.803,14.362,3.13196,219.188,0.209953,0.00123515,4.87077,3.36911,1.8482,1.44391,1.21288,0.673823,0.55831,0.288781,0.0192521,0.0192521,0.0577562,0,0,0,0
60288,60316,60302,12.9,-105.016,40.1326,177.434,-53.9559,359.246,13.8719,2.91942,192.658,0.197975,0.00120555,5.14673,2.9084,1.78211,1.42569,1.18332,0.556018,0.470477,0.22811,0.0997982,0.0570275,0,0.0142569,0,0,0
60318,60343,60330,13,-105.013,40.1347,174.511,-54.2183,360.522,13.0709,2.69733,166.707,0.185413,0.00111571,5.02728,2.73826,1.64724,1.00546,1.13381,0.727351,0.406461,0.235319,0.128356,0.0213927,0,0,0,0,0
60344,60369,60356,13.1,-105.011,40.1366,171.913,-54.3596,361.837,12.0056,2.51682,183.525,0.218758,0.00106885,5.04907,2.69284,1.36245,0.913642,0.625123,0.593066,0.384691,0.224403,0.080144,0.0480864,0,0.0160288,0.0160288,0,0
60370,60396,60383,13.2,-105.007,40.1385,169.332,-54.8069,362.66,11.812,2.05427,122.051,0.178239,0.000746777,5.23166,2.84555,1.30421,0.785491,0.711388,0.444617,0.311232,0.0592823,0.0592823,0.0592823,0,0,0,0,0
60398,60422,60410,13.3,-105.004,40.1404,166.698,-54.9244,364.092,11.9352,2.03937,125.569,0.184718,0.000734941,5.63562,2.90273,1.11168,0.756563,0.617602,0.463202,0.169841,0.154401,0.0926403,0.0154401,0.0154401,0,0,0,0
60423,60450,60436,13.4,-105.001,40.1425,164.231,-54.397,366.531,11.3813,2.29932,204.304,0.266563,0.000945293,5.98264,2.36457,1.09682,0.598264,0.484309,0.22791,0.270643,0.142444,0.0712219,0.0427331,0.0427331,0.0569775,0,0,0
60451,60477,60464,13.5,-104.997,40.1446,161.755,-54.2075,368.445,10.8409,2.12031,164.666,0.232985,0.000962491,5.81277,2.35393,0.816671,0.352289,0.464381,0.432355,0.208171,0.208171,0.0640526,0.0960789,0.0160132,0.0160132,0,0,0
60478,60504,60491,13.6,-104.993,40.1467,159.177,-53.8123,370.809,9.89266,1.88342,145.043,0.231032,0.000763994,4.99858,2.1945,0.905666,0.487666,0.557333,0.26125,0.139333,0.174167,0.121917,0,0.0348333,0.0174167,0,0,0
60505,60531,60518,13.7,-104.99,40.1484,156.694,-53.2285,373.47,9.96153,1.89736,135.827,0.214761,0.000712649,4.3407,2.32485,1.07414,0.794568,0.603283,0.426712,0.191285,0.0882853,0.0294284,0.0588569,0.0147142,0,0.0147142,0,0
60532,60536,60534,13.8,-104.988,40.1492,155.296,-52.986,374.837,9.6959,1.90455,152.868,0.240793,0.000728438,4.42805,2.29037,1.22153,0.381728,0.763457,0,0.305383,0.229037,0,0,0.0763457,0,0,0,0
60558,60579,60568,13.9,-104.983,40.1508,151.935,-53.6082,376.124,8.66409,1.83058,139.176,0.228085,0.0008504,3.72312,2.08773,0.991673,0.608922,0.382751,0.226171,0.278364,0.191375,0.104387,0.0521933,0,0,0.0173978,0,0
60580,60600,60590,14,-104.98,40.1517,149.601,-53.7138,377.609,9.16694,1.98072,142.541,0.215893,0.00087224,3.67405,2.07347,0.800288,1.00036,0.67297,0.363767,0.21826,0.21826,0.0727535,0.0545651,0,0.0181884,0,0,0
60603,60630,60616,14.1,-104.977,40.1536,147.307,-52.8067,380.851,8.52186,1.93414,161.416,0.250369,0.000964576,3.89253,1.82115,0.917524,0.569977,0.417057,0.29194,0.250234,0.125117,0.0834113,0.125117,0.0139019,0.0139019,0,0,0
60631,60653,60642,14.2,-104.975,40.1555,145.074,-51.7622,384.326,7.97932,1.66409,128.391,0.231462,0.000741146,3.93916,1.57278,0.6926,0.490591,0.461733,0.288583,0.259725,0.129862,0.0721458,0.0432875,0,0.0288583,0,0,0
60654,60681,60668,14.3,-104.972,40.1569,142.888,-51.9279,385.709,8.11024,1.63956,112.215,0.205327,0.000698498,3.78241,1.60071,0.711425,0.628425,0.474283,0.379427,0.320141,0.106714,0.0592854,0.0355712,0,0.0118571,0,0,0
60682,60701,60692,14.4,-104.97,40.1584,140.75,-51.539,388.053,8.67822,1.45904,97.9706,0.201442,0.000558631,4.85252,1.87145,0.546529,0.397476,0.380914,0.215299,0.198738,0.132492,0.033123,0.033123,0,0.0165615,0,0,0
60702,60717,60710,14.5,-104.969,40.1596,138.526,-51.3844,390.097,9.21193,1.30899,73.8872,0.169337,0.000430178,5.2256,2.14807,0.660946,0.537018,0.185891,0.165236,0.144582,0.0619636,0.0413091,0.0413091,0,0,0,0,0
60718,60735,60726,14.6,-104.969,40.1604,136.525,-51.8906,390.827,9.28022,1.43129,87.8195,0.184071,0.00056712,5.4086,2.179,0.603117,0.214009,0.291831,0.116732,0.214009,0.155643,0.0583662,0.0389108,0,0,0,0,0
60736,60760,60748,14.7,-104.969,40.1618,134.378,-52.5983,391.346,8.93249,1.32652,78.5044,0.177542,0.000480021,5.14558,1.98018,0.693786,0.361347,0.289077,0.101177,0.173446,0.101177,0.0433616,0.0433616,0,0,0,0,0
60761,60787,60774,14.8,-104.969,40.1639,132.264,-53.1414,392.154,8.95877,1.36651,91.524,0.200929,0.000460183,5.38133,1.87967,0.666981,0.257697,0.181904,0.212221,0.257697,0.0606347,0.0151587,0.0151587,0.0303173,0,0,0,0
60788,60813,60800,14.9,-104.969,40.1663,130.307,-53.4284,393.315,9.18009,1.38253,89.934,0.195151,0.000485901,5.3662,2.0876,0.669103,0.267641,0.281023,0.200731,0.147203,0.0669103,0.0267641,0.0535282,0,0.0133821,0,0,0
60814,60838,60826,15,-104.968,40.1689,128.213,-54.0868,393.954,10.2133,1.43519,100.371,0.209808,0.000469526,6.41764,2.3323,0.731702,0.152438,0.152438,0.137194,0.0914628,0.0914628,0.0457314,0.0304876,0.0152438,0,0.0152438,0,0
60839,60861,60850,15.1,-104.967,40.1714,126.28,-54.5932,394.754,10.178,1.37143,80.6423,0.176405,0.000403626,6.13426,2.38046,0.70193,0.24415,0.289928,0.183112,0.137334,0,0.0762968,0.0152594,0,0.0152594,0,0,0
60862,60884,60873,15.2,-104.965,40.1736,124.343,-54.3022,397.03,11.3254,1.67072,137.869,0.247561,0.000500722,7.08384,2.72568,0.655911,0.27694,0.204061,0.116606,0.072879,0.072879,0.0145758,0.0145758,0.0583032,0.0291516,0,0,0
60885,60907,60896,15.3,-104.963,40.1758,122.397,-55.057,397.448,10.7942,1.39112,87.2622,0.188184,0.000385829,6.66958,2.58885,0.819071,0.263273,0.146263,0.0731313,0.0877576,0.0438788,0.0585051,0.0146263,0.0146263,0.0146263,0,0,0
60908,60931,60920,15.4,-104.962,40.1778,120.5,-55.8391,397.792,10.7169,1.44943,105.153,0.217643,0.00043856,7.08329,2.3151,0.628603,0.229977,0.122654,0.107323,0.0306636,0.0919907,0.0306636,0.0306636,0.0153318,0.0306636,0,0,0
60932,60957,60944,15.5,-104.96,40.1798,118.665,-56.4092,398.493,10.4367,1.25684,77.1762,0.184215,0.000295319,6.61459,2.69379,0.55004,0.15514,0.225658,0.0282072,0.0987252,0,0.0141036,0.0282072,0,0.0282072,0,0,0
60957,60979,60968,15.6,-104.958,40.182,116.809,-56.8527,399.472,10.1456,1.20197,67.646,0.168838,0.00029136,6.75343,2.18947,0.539658,0.231282,0.169607,0.12335,0.0462564,0.0308376,0.0154188,0.0308376,0,0.0154188,0,0,0
60981,61003,60992,15.7,-104.957,40.1845,114.965,-57.4604,400.166,10.8049,1.63416,129.547,0.237823,0.000576167,6.47698,2.87536,0.696609,0.163036,0.177858,0.0741073,0.0889288,0.10375,0.0444644,0.0444644,0.0444644,0.0148215,0,0,0
61004,61026,61015,15.8,-104.956,40.1872,113.223,-57.6267,401.606,9.68317,1.17483,66.5902,0.170042,0.000294886,6.3313,1.99169,0.696281,0.242889,0.161926,0.0971555,0.0647704,0.0485778,0,0.0323852,0.0161926,0,0,0,0
61027,61052,61040,15.9,-104.954,40.19,111.432,-57.8756,402.974,9.88258,1.5087,121.492,0.241582,0.000533824,6.36574,2.23551,0.490721,0.204467,0.109049,0.136311,0.109049,0.109049,0.0408934,0.0272623,0.0272623,0.0136311,0.0136311,0,0
61053,61077,61065,16,-104.952,40.1926,109.566,-58.3044,404.117,9.98715,1.23336,65.375,0.159017,0.000355797,6.27277,2.27411,0.682234,0.303215,0.170559,0.0758038,0.0758038,0.0379019,0.0568529,0.0379019,0,0,0,0,0
