data/B2SAP/Locations/Boulder/NOAA-POPS-B2SAP_GMLBalloon_20200902_R0.ict
61,1001
Thornberry, T. D.
NOAA Chemical Sciences Laboratory
Portable Optical Particle Spectrometer (POPS)
Balloon Baseline Stratospheric Aerosol Profiles (B2SAP)
1,1
2020,09,02,2024,05,28
0
TIME_START,s,Seconds since midnight UTC on flight start day,Start time of 100 m altitude bin in UTC_seconds_since_midnight
28
1.0,1.0,1.0,1.0,1.0,1.0,1.0,1.0,1.0,1.0,1.0,1.0,1.0,1.0,1.0,1.0,1.0,1.0,1.0,1.0,1.0,1.0,1.0,1.0,1.0,1.0,1.0,1.0
99999,99999,99999,99999,99999,99999,99999,99999,99999,99999,99999,99999,99999,99999,99999,99999,99999,99999,99999,99999,99999,99999,99999,99999,99999,99999,99999,99999
TIME_STOP,s,End time of 100 m altitude bin in UTC seconds since midnight,
TIME_MID,s,Mid time of 100 m altitude in UTC seconds since midnight,
GPSAlt,m,GPS reported altitude above sea level (m),
GPS_Lon,deg,GPS reported longitude,
GPS_Lat,deg,GPS reported latitude,
iMet_Pressure,mb,Pressure reported (mB),
iMet_Temperature,degrees C,Ambient temperature (oC),
THETA,K,Potential temperature from iMet,
Aerosol_concentration,cm^-3,Aerosol concentration,
Surface_Area_Conc,um^2 cm^-3,Surface area concentration,
Volume_density,um^3 cm^-3,Volume density,
Effective_radius,um,Effective radius,
Extinction,km^-1,Extinction,
Bin01,cm^-3,particle concentration in size range [140 - 170 nm],
Bin02,cm^-3,particle concentration in size range [170 - 205 nm],
Bin03,cm^-3,particle concentration in size range [205 - 249 nm],
Bin04,cm^-3,particle concentration in size range [249 - 302 nm],
Bin05,cm^-3,particle concentration in size range [302 - 366 nm],
Bin06,cm^-3,particle concentration in size range [366 - 443 nm],
Bin07,cm^-3,particle concentration in size range [443 - 537 nm],
Bin08,cm^-3,particle concentration in size range [537 - 651 nm],
Bin09,cm^-3,particle concentration in size range [651 - 789 nm],
Bin10,cm^-3,particle concentration in size range [789 - 956 nm],
Bin11,cm^-3,particle concentration in size range [956 - 1159 nm],
Bin12,cm^-3,particle concentration in size range [1159 - 1404 nm],
Bin13,cm^-3,particle concentration in size range [1404 - 1702 nm],
Bin14,cm^-3,particle concentration in size range [1702 - 2062 nm],
Bin15,cm^-3,particle concentration in size range [2062 - 2500 nm],
0
19
PI_CONTACT_INFO: 325 Broadway R/CSL6, Boulder, CO 80305; troy.thornberry@noaa.gov; 303-497-3373 
PLATFORM: GML ECC/FPH balloon
LOCATION: Boulder, CO, USA
ASSOCIATED_DATA: N/A
INSTRUMENT_INFO: Printed Optical Particle Spectrometer counts particles from 140 - 2500 nm in diameter 
DATA_INFO: Particle concentrations reported in number per cubic centimeter, binned to 100 m altitude
UNCERTAINTY: Counting uncertainty dominated by air flow, less than 5 percent
ULOD_FLAG: -77777
ULOD_VALUE: 3000 ~3000 per cm3 (varies depending on flow rate- manufacturer quotes 1250  per cm3 at 1.667 cc/s)
LLOD_FLAG: -88888
LLOD_VALUE: 0 0 (varies depending on data field and measurement precision)
DM_CONTACT_INFO: Troy Thornberry, 325 Broadway R/CSL6, Boulder, CO 80305; troy.thornberry@noaa.gov; 303-497-3373
PROJECT_INFO: B2SAP Boulder, CO, USA
STIPULATIONS_ON_USE: Please contact the PIs for questions regarding applications and uncertainties
OTHER_COMMENTS: POPS bin Edges (nm):  140, 170, 205, 249, 302, 366, 443, 537, 651, 789, 956, 1159, 1404, 1702, 2062, 2500
Calculations assume sulfate refractive index of 1.45+0.00j and extinction wavelength = 532 nm
REVISION: R0
R0: QA/QC data
TIME_START,TIME_STOP,TIME_MID,GPSAlt,GPS_Lon,GPS_Lat,iMet_Pressure,iMet_Temperature,THETA,Aerosol_concentration,Surface_Area_Conc,Volume_density,Effective_radius,Extinction,Bin01,Bin02,Bin03,Bin04,Bin05,Bin06,Bin07,Bin08,Bin09,Bin10,Bin11,Bin12,Bin13,Bin14,Bin15
[from data line 306]
64977,64990,64984,24.8,-104.869,39.6888,25.6533,-50.9242,632.892,2.08956,0.952523,75.2906,0.23713,0.000588667,0.199005,0.199005,0.273633,0.223881,0.248757,0.323384,0.422887,0.17413,0,0.0248757,0,0,0,0,0
64991,65004,64998,24.7,-104.869,39.6886,26.04,-50.965,630.069,2.34887,0.983369,76.0516,0.232014,0.000592989,0.272636,0.31458,0.31458,0.272636,0.20972,0.335552,0.419441,0.188748,0,0.020972,0,0,0,0,0
65005,65019,65012,24.6,-104.87,39.6885,26.4693,-51.388,625.946,2.17008,0.912943,72.4126,0.237953,0.000542038,0.175952,0.410556,0.175952,0.273704,0.254154,0.410556,0.293254,0.136852,0,0.0391005,0,0,0,0,0
65020,65034,65027,24.5,-104.87,39.6884,26.8736,-52.25,620.808,2.03191,0.835229,62.1587,0.223264,0.000496089,0.269539,0.290272,0.207337,0.269539,0.0829349,0.393941,0.311006,0.207337,0,0,0,0,0,0,0
65035,65049,65042,24.4,-104.872,39.6885,27.3486,-52.4743,617.096,2.20162,0.992326,83.8003,0.253345,0.000649379,0.224239,0.448478,0.244624,0.203854,0.163083,0.346551,0.244624,0.26501,0.0203854,0.0407707,0,0,0,0,0
65050,65065,65058,24.3,-104.873,39.6885,27.7756,-52.6056,613.991,2.63845,1.21365,98.5406,0.24358,0.000760252,0.301032,0.247908,0.283324,0.301032,0.301032,0.531232,0.407278,0.177077,0.0531232,0.0354155,0,0,0,0,0
65066,65080,65073,24.2,-104.874,39.6886,28.1814,-52.6229,611.413,2.50311,1.10399,85.1576,0.231408,0.000660889,0.201863,0.302795,0.282609,0.302795,0.262422,0.504659,0.4441,0.161491,0.0201863,0.0201863,0,0,0,0,0
65081,65095,65088,24.1,-104.874,39.6885,28.6693,-52.5433,608.634,2.30656,0.917711,68.4755,0.223847,0.000547202,0.390627,0.334823,0.186013,0.260418,0.241817,0.316222,0.316222,0.260418,0,0,0,0,0,0,0
65096,65112,65104,24,-104.874,39.6885,29.2625,-52.5763,605.003,2.07727,0.925528,79.0044,0.256084,0.00055255,0.291848,0.326183,0.103005,0.309015,0.171675,0.257513,0.446356,0.13734,0.0171675,0,0.0171675,0,0,0,0
65113,65129,65121,23.9,-104.874,39.6887,29.7306,-52.22,603.223,2.51874,1.15412,94.0643,0.24451,0.000755475,0.405702,0.287372,0.253564,0.253564,0.185947,0.338085,0.473319,0.253564,0.0507128,0.0169043,0,0,0,0,0
65130,65146,65138,23.8,-104.874,39.6891,30.1856,-52.6988,599.324,2.32628,0.990794,74.9085,0.226813,0.000596652,0.202285,0.286571,0.337142,0.286571,0.235999,0.337142,0.421428,0.185428,0.0337142,0,0,0,0,0,0
65146,65163,65154,23.7,-104.876,39.6894,30.7176,-53.4971,594.168,2.4286,1.15152,90.5691,0.235956,0.000723508,0.285718,0.206352,0.190479,0.253972,0.285718,0.460323,0.44445,0.285718,0,0.0158732,0,0,0,0,0
65163,65180,65172,23.6,-104.877,39.6894,31.3024,-53.2741,591.589,2.40095,1.07449,92.4021,0.257989,0.000655554,0.345235,0.235388,0.282465,0.37662,0.235388,0.25108,0.392313,0.219695,0.0470775,0,0,0.0156925,0,0,0
65183,65199,65191,23.5,-104.877,39.6895,31.6981,-53.3475,589.258,2.40371,1.01446,82.466,0.243871,0.000631371,0.364701,0.24866,0.331547,0.298392,0.265237,0.314969,0.348124,0.149196,0.049732,0.0331547,0,0,0,0,0
65200,65216,65208,23.4,-104.877,39.6898,32.2235,-53.8294,585.221,2.56036,1.04848,88.3147,0.252694,0.000610241,0.403451,0.310347,0.279312,0.341381,0.403451,0.23276,0.372416,0.155173,0.0310347,0.0155173,0.0155173,0,0,0,0
65218,65235,65226,23.3,-104.877,39.6901,32.745,-53.7522,582.74,2.60821,1.14145,87.472,0.229896,0.00070099,0.275311,0.304291,0.333271,0.231841,0.347761,0.376741,0.463682,0.231841,0.0434701,0,0,0,0,0,0
65236,65254,65245,23.2,-104.877,39.6901,33.2011,-54.7047,577.926,2.53453,1.28357,113.977,0.26639,0.000895455,0.299783,0.27253,0.299783,0.327036,0.286156,0.190771,0.449674,0.258903,0.0953854,0.0545059,0,0,0,0,0
65254,65273,65264,23.1,-104.877,39.6898,33.88,-54.9747,573.883,2.79644,1.31265,109.491,0.250237,0.00080691,0.210485,0.300692,0.315727,0.420969,0.375865,0.345796,0.481108,0.285658,0.0451038,0,0.0150346,0,0,0,0
65274,65292,65283,23,-104.877,39.6896,34.4367,-55.1678,570.713,2.80423,1.37877,116.632,0.253774,0.000922976,0.311581,0.226605,0.410721,0.325744,0.25493,0.311581,0.609,0.240767,0.070814,0.0424884,0,0,0,0,0
65293,65309,65301,22.9,-104.877,39.6894,34.9319,-55.1681,568.391,2.97027,1.30966,101.95,0.233534,0.00081778,0.238257,0.301793,0.476515,0.412979,0.381212,0.301793,0.476515,0.317676,0.0635353,0,0,0,0,0,0
65310,65328,65319,22.8,-104.876,39.6894,35.6,-55.1832,565.279,2.47273,1.09544,85.3766,0.233815,0.00067386,0.227224,0.334153,0.227224,0.334153,0.280688,0.387617,0.414349,0.227224,0.0267322,0.0133661,0,0,0,0,0
65330,65347,65338,22.7,-104.875,39.6897,36.1489,-55.305,562.504,2.59684,1.23296,100.1,0.243561,0.000790399,0.296379,0.239926,0.225812,0.338718,0.296379,0.381058,0.536304,0.211699,0.0423398,0.0282265,0,0,0,0,0
65347,65365,65356,22.6,-104.875,39.6906,36.7918,-55.6359,558.82,2.85838,1.32283,105.681,0.239671,0.000837599,0.269376,0.269376,0.299307,0.433994,0.344203,0.404064,0.508821,0.239445,0.0748266,0.0149653,0,0,0,0,0
65365,65385,65375,22.5,-104.875,39.6915,37.4332,-55.9579,555.253,2.84145,1.30046,102.63,0.236756,0.000815165,0.268061,0.30827,0.281464,0.375286,0.361883,0.375286,0.603138,0.187643,0.0670153,0.0134031,0,0,0,0,0
65386,65404,65395,22.4,-104.875,39.6923,38.0039,-55.5311,553.932,2.89379,1.14628,85.4092,0.223529,0.000656618,0.338785,0.381133,0.296437,0.395249,0.437598,0.381133,0.46583,0.155277,0.0282321,0.014116,0,0,0,0,0
65405,65423,65414,22.3,-104.875,39.6931,38.568,-54.918,553.171,2.52623,0.981206,71.7131,0.21926,0.000546533,0.228503,0.418922,0.266587,0.33006,0.33006,0.406227,0.406227,0.114251,0.0126946,0.0126946,0,0,0,0,0
65425,65443,65434,22.2,-104.876,39.6937,39.3617,-55.0894,549.516,2.85258,1.24084,97.6188,0.236014,0.000776864,0.409529,0.310677,0.338921,0.324799,0.268312,0.367164,0.536625,0.240069,0.0423651,0.0141217,0,0,0,0,0
65445,65462,65454,22.1,-104.876,39.694,39.9421,-54.5932,548.481,2.89311,1.20121,90.3278,0.225592,0.000715014,0.453299,0.213317,0.386637,0.293311,0.34664,0.493296,0.426634,0.239982,0.039997,0,0,0,0,0,0
65464,65482,65473,22,-104.876,39.6945,40.6285,-55.215,544.257,2.89832,1.25666,97.8706,0.233644,0.00077394,0.33051,0.305086,0.368645,0.444917,0.216102,0.406781,0.559324,0.203391,0.0508476,0.0127119,0,0,0,0,0
65483,65502,65492,21.9,-104.876,39.6947,41.2856,-55.4011,541.309,3.11122,1.16108,84.6468,0.218711,0.000663076,0.410116,0.537393,0.381832,0.410116,0.268696,0.424258,0.395974,0.268696,0.0141419,0,0,0,0,0,0
65502,65521,65512,21.8,-104.877,39.6947,41.9142,-55.3863,539.014,2.89309,1.15777,84.2522,0.218314,0.000660462,0.334848,0.308061,0.361636,0.361636,0.415212,0.388424,0.535757,0.160727,0.0267879,0,0,0,0,0,0
65522,65541,65532,21.7,-104.877,39.6946,42.6495,-55.2305,536.722,3.19266,1.25927,93.471,0.222679,0.000737647,0.440827,0.400752,0.427469,0.347318,0.400752,0.387394,0.520978,0.227093,0.0400752,0,0,0,0,0,0
65542,65559,65550,21.6,-104.877,39.6941,43.3172,-55.0633,534.761,3.20643,1.42152,106.698,0.225178,0.000860868,0.310755,0.395507,0.226004,0.367256,0.522634,0.381381,0.678011,0.32488,0,0,0,0,0,0,0
65560,65578,65569,21.5,-104.876,39.6934,44.0332,-55.1579,532.024,3.14483,1.30212,98.5667,0.227092,0.000770055,0.334556,0.495143,0.321174,0.347939,0.321174,0.521908,0.588819,0.160587,0.0401468,0.0133823,0,0,0,0,0
65580,65598,65589,21.4,-104.876,39.693,44.7858,-55.6668,528.227,3.36739,1.57426,125.134,0.238463,0.000997678,0.321982,0.29515,0.442725,0.415893,0.281734,0.576884,0.697628,0.228071,0.0939114,0.0134159,0,0,0,0,0
65599,65619,65609,21.3,-104.875,39.6932,45.5452,-56.5829,523.47,3.63167,1.83558,158.554,0.259134,0.00118207,0.170615,0.365604,0.487472,0.463099,0.438725,0.645901,0.597154,0.30467,0.0974945,0.0487472,0.0121868,0,0,0,0
65620,65637,65628,21.2,-104.874,39.6936,46.25,-56.1482,522.233,3.56252,1.56622,124.003,0.237521,0.000976445,0.375793,0.450952,0.481015,0.420888,0.315666,0.465984,0.721523,0.255539,0.0450952,0.0300635,0,0,0,0,0
65639,65658,65648,21.1,-104.873,39.6935,46.974,-57.4815,516.723,3.43146,1.77863,147.488,0.248768,0.00119477,0.282742,0.282742,0.436966,0.347002,0.26989,0.526929,0.809671,0.359854,0.0899635,0.0257039,0,0,0,0,0
65658,65677,65668,21,-104.872,39.693,47.8311,-57.5217,513.964,3.68824,1.67245,132.198,0.237133,0.00103888,0.392057,0.261372,0.45014,0.609867,0.348495,0.537264,0.740553,0.261372,0.0580826,0.0290413,0,0,0,0,0
65678,65697,65688,20.9,-104.87,39.6927,48.607,-57.64,511.329,3.75417,1.70598,133.678,0.235076,0.00106092,0.311667,0.410833,0.524167,0.311667,0.538333,0.566667,0.7225,0.269167,0.085,0.0141667,0,0,0,0,0
65698,65718,65708,20.8,-104.868,39.6926,49.4138,-57.339,509.634,4.1254,2.12172,229.992,0.325197,0.00132604,0.350524,0.350524,0.458378,0.525787,0.539268,0.701049,0.768458,0.323561,0.0674086,0.0269634,0,0,0,0,0.0134817
65719,65739,65729,20.7,-104.867,39.6929,50.2345,-58.022,505.648,4.59968,2.24876,187.207,0.249747,0.00142749,0.383306,0.468486,0.468486,0.496879,0.667237,0.65304,0.894382,0.454289,0.0709827,0.0283931,0.0141965,0,0,0,0
65739,65759,65749,20.6,-104.866,39.6937,51.0575,-60.4935,497.511,4.72338,2.19494,182.441,0.249357,0.00138184,0.48813,0.473773,0.674768,0.516844,0.531201,0.617341,0.89012,0.40199,0.0861406,0.0287135,0.0143568,0,0,0,0
65760,65780,65770,20.5,-104.866,39.6945,51.8985,-60.982,494.065,4.60551,2.10984,177.186,0.251943,0.00132331,0.503728,0.417374,0.604473,0.633258,0.618866,0.64765,0.590081,0.417374,0.12953,0.0287844,0.0143922,0,0,0,0
65781,65799,65790,20.4,-104.866,39.6954,52.8347,-59.7632,494.359,4.92402,2.6251,230.065,0.262921,0.00174426,0.301163,0.451745,0.436686,0.647501,0.677617,0.752908,0.97878,0.436686,0.150582,0.0752908,0.0150582,0,0,0,0
65800,65820,65810,20.3,-104.866,39.6963,53.6562,-59.6305,492.498,5.31091,2.82079,251.64,0.267627,0.00189646,0.463003,0.463003,0.612798,0.680886,0.544709,0.748975,0.871534,0.680886,0.17703,0.0408532,0.0272354,0,0,0,0
65821,65841,65831,20.2,-104.866,39.6972,54.6219,-60.6824,487.585,4.98061,2.57458,238.284,0.277657,0.00172656,0.6431,0.50627,0.478905,0.519953,0.656783,0.6431,0.834662,0.41049,0.150513,0.109464,0.027366,0,0,0,0
65842,65862,65852,20.1,-104.866,39.6978,55.5895,-60.357,485.879,5.2073,2.45459,194.744,0.238017,0.00156367,0.516426,0.530771,0.545116,0.588152,0.530771,0.903745,0.961126,0.502081,0.114761,0.0143452,0,0,0,0,0
65863,65884,65874,20,-104.867,39.6983,56.4929,-60.0729,484.303,5.34924,2.79413,244.871,0.262913,0.0018455,0.518549,0.463964,0.614071,0.559487,0.545841,0.791469,1.00981,0.682301,0.0955221,0.040938,0.027292,0,0,0,0
65885,65905,65895,19.9,-104.867,39.6985,57.4132,-59.1282,484.193,5.35503,2.48614,199.454,0.240678,0.0015725,0.492715,0.583478,0.479749,0.71314,0.777971,0.726106,1.02433,0.376019,0.142628,0.0388986,0,0,0,0,0
65906,65927,65916,19.8,-104.867,39.6987,58.3448,-58.1524,484.186,4.74621,2.11643,170.461,0.241626,0.00134593,0.554401,0.459747,0.594967,0.743708,0.500313,0.594967,0.703142,0.432703,0.13522,0.0270439,0,0,0,0,0
65928,65950,65939,19.7,-104.867,39.6993,59.2855,-59.7486,478.392,5.56566,2.56928,198.7,0.23201,0.00158703,0.364109,0.598179,0.650194,0.70221,0.650194,0.949283,1.02731,0.546163,0.0650194,0.0130039,0,0,0,0,0
65951,65973,65962,19.6,-104.867,39.7,60.2827,-59.8332,475.927,5.0345,2.49198,217.02,0.261262,0.00165298,0.611425,0.559389,0.481334,0.598416,0.481334,0.793551,0.767533,0.520361,0.143099,0.0650452,0.013009,0,0,0,0
65974,65995,65984,19.5,-104.867,39.6999,61.3168,-59.2955,474.822,5.46303,2.6808,229.268,0.256567,0.00168003,0.4931,0.519053,0.454171,0.713698,0.804532,0.908343,0.921319,0.480124,0.0908343,0.0519053,0.0259527,0,0,0,0
65996,66018,66007,19.4,-104.866,39.6994,62.2774,-59.6596,471.902,5.40927,2.68955,226.434,0.252571,0.00173304,0.447664,0.460099,0.63419,0.68393,0.559579,0.945067,1.04455,0.422793,0.149221,0.0497404,0.0124351,0,0,0,0
66019,66039,66029,19.3,-104.865,39.6991,63.3795,-60.1162,468.547,5.58147,2.53152,196.109,0.232401,0.00156417,0.477632,0.573158,0.709624,0.627745,0.655038,0.873384,1.11902,0.436692,0.0955263,0.0136466,0,0,0,0,0
66041,66060,66050,19.2,-104.863,39.6994,64.415,-60.302,465.969,5.57883,2.74129,230.315,0.252051,0.00182076,0.602341,0.48761,0.602341,0.702732,0.702732,0.702732,1.0039,0.544975,0.157756,0.0717073,0,0,0,0,0
66061,66081,66071,19.1,-104.861,39.7,65.516,-59.914,464.567,5.76909,2.83073,234.98,0.249031,0.00181293,0.529668,0.486722,0.558299,0.815976,0.687137,0.887553,1.01639,0.629876,0.114523,0.0286307,0.0143154,0,0,0,0
66083,66102,66092,19,-104.86,39.7008,66.5476,-59.5219,463.353,6.04128,2.77442,222.698,0.240805,0.00177101,0.625898,0.721143,0.721143,0.598685,0.748356,0.748356,1.23819,0.46262,0.136065,0.0408194,0,0,0,0,0
66103,66124,66114,18.9,-104.859,39.7018,67.6909,-59.355,461.456,6.54189,3.27924,279.652,0.255839,0.00214454,0.545158,0.661977,0.713897,0.752837,0.765816,1.11627,1.10329,0.610057,0.181719,0.0778796,0.0129799,0,0,0,0
66125,66149,66137,18.8,-104.858,39.7024,68.7743,-60.2717,457.407,6.09737,2.88393,253.813,0.264028,0.00183352,0.735675,0.66086,0.648391,0.860365,0.598515,1.02246,0.860365,0.461355,0.112222,0.112222,0.0249381,0,0,0,0
66149,66173,66161,18.7,-104.855,39.7026,70.0264,-60.9692,453.554,6.43367,2.95477,240.667,0.244352,0.0018475,0.60999,0.644518,0.782629,0.863193,0.817156,0.955267,0.955267,0.633008,0.126602,0.0345277,0.0115092,0,0,0,0
66174,66198,66186,18.6,-104.852,39.703,71.1704,-60.0124,453.501,6.19275,2.9656,257.573,0.260562,0.00197964,0.755493,0.538002,0.915749,0.778386,0.629577,0.892855,0.812727,0.549449,0.18315,0.137362,0,0,0,0,0
66199,66224,66212,18.5,-104.848,39.7039,72.3629,-63.0842,444.849,6.44755,2.75332,227.385,0.247758,0.0016642,0.857259,0.748592,0.917629,0.71237,0.77274,0.821037,1.01422,0.422592,0.120741,0.0362222,0.0241481,0,0,0,0
66225,66251,66238,18.4,-104.844,39.7053,73.6377,-62.405,444.057,6.67952,2.8199,231.511,0.246297,0.00173892,0.899641,0.874993,0.887317,0.924288,0.591544,0.862669,0.936612,0.505278,0.123238,0.0616192,0.0123238,0,0,0,0
66252,66275,66264,18.3,-104.841,39.7069,74.8684,-65.1612,436.189,7.22055,3.0808,258.73,0.251944,0.00188777,0.925378,1.05571,0.86021,1.01661,0.638641,1.00358,1.01661,0.430105,0.195502,0.052134,0.026067,0,0,0,0
66276,66299,66288,18.2,-104.838,39.7088,76.0948,-64.2087,436.152,6.37336,3.14758,295.249,0.281405,0.00205792,0.972924,0.676817,0.761419,0.80372,0.521713,0.775519,0.874222,0.733218,0.0987025,0.0987025,0.0564014,0,0,0,0
66300,66322,66311,18.1,-104.835,39.7106,77.3761,-63.9161,434.682,7.0544,3.10955,261.681,0.252462,0.00185993,0.816677,0.774435,0.88708,1.02789,0.788516,0.915241,1.14053,0.549145,0.0844838,0.0281613,0.0422419,0,0,0,0
66323,66344,66334,18,-104.833,39.7125,78.635,-62.7441,435.114,6.85801,3.17604,269.444,0.254509,0.00205754,0.71804,0.864578,0.864578,0.923194,0.820617,0.615462,1.12835,0.688732,0.146539,0.0732693,0.0146539,0,0,0,0
66345,66367,66356,17.9,-104.832,39.7144,79.9513,-62.6383,433.264,7.46686,3.39092,293.538,0.259698,0.00216674,1.03667,0.868565,0.910592,0.938611,0.826538,0.868565,1.19077,0.462301,0.266173,0.0700456,0.0280182,0,0,0,0
66368,66391,66380,17.8,-104.83,39.7158,81.3146,-62.8958,430.652,6.78137,3.01185,245.104,0.24414,0.00193834,0.899707,0.725137,0.832565,0.980278,0.657995,0.819136,1.02056,0.577424,0.228284,0.0402854,0,0,0,0,0
66392,66416,66404,17.7,-104.828,39.7166,82.5939,-61.5991,431.381,7.34585,3.28154,275.184,0.251575,0.00209103,0.987794,0.876493,0.876493,1.01562,0.653892,0.959969,1.11301,0.584329,0.194776,0.069563,0.0139126,0,0,0,0
66416,66441,66428,17.6,-104.826,39.7168,84.0713,-61.8171,428.758,7.26779,3.24243,286.921,0.265469,0.00208146,0.948554,1.12223,0.788235,0.948554,0.961914,0.774875,0.814955,0.494317,0.293918,0.0935194,0.0133599,0.0133599,0,0,0
66443,66468,66456,17.5,-104.824,39.7166,85.4404,-64.0042,422.373,7.18018,3.25196,293.088,0.27038,0.0020652,0.909988,0.947385,1.02218,0.934919,0.760401,0.860126,0.885057,0.53602,0.149587,0.137122,0.0373968,0,0,0,0
66469,66495,66482,17.4,-104.821,39.7163,86.9181,-62.6692,422.984,7.15746,3.16808,280.366,0.265491,0.00196116,0.939494,0.927132,0.939494,0.840599,0.951855,0.927132,0.852961,0.49447,0.123618,0.123618,0.0370853,0,0,0,0
