data/B2SAP/Locations/Boulder/NOAA-POPS-B2SAP_GMLBalloon_20230110_R0.ict
61,1001
Thornberry, T. D.
NOAA Chemical Sciences Laboratory
Portable Optical Particle Spectrometer (POPS)
Balloon Baseline Stratospheric Aerosol Profiles (B2SAP)
1,1
2023,01,10,2024,05,28
0
TIME_START,s,Seconds since midnight UTC on flight start day,Start time of 100 m altitude bin in UTC_seconds_since_midnight
28
1.0,1.0,1.0,1.0,1.0,1.0,1.0,1.0,1.0,1.0,1.0,1.0,1.0,1.0,1.0,1.0,1.0,1.0,1.0,1.0,1.0,1.0,1.0,1.0,1.0,1.0,1.0,1.0
99999,99999,99999,99999,99999,99999,99999,99999,99999,99999,99999,99999,99999,99999,99999,99999,99999,99999,99999,99999,99999,99999,99999,99999,99999,99999,99999,99999
TIME_STOP,s,End time of 100 m altitude bin in UTC seconds since midnight,
TIME_MID,s,Mid time of 100 m altitude in UTC seconds since midnight,
GPSAlt,m,GPS reported altitude above sea level (m),
GPS_Lon,deg,GPS reported longitude,
GPS_Lat,deg,GPS reported latitude,
iMet_Pressure,mb,Pressure reported (mB),
iMet_Temperature,degrees C,Ambient temperature (oC),
THETA,K,Potential temperature from iMet,
Aerosol_concentration,cm^-3,Aerosol concentration,
Surface_Area_Conc,um^2 cm^-3,Surface area concentration,
Volume_density,um^3 cm^-3,Volume density,
Effective_radius,um,Effective radius,
Extinction,km^-1,Extinction,
Bin01,cm^-3,particle concentration in size range [140 - 170 nm],
Bin02,cm^-3,particle concentration in size range [170 - 205 nm],
Bin03,cm^-3,particle concentration in size range [205 - 249 nm],
Bin04,cm^-3,particle concentration in size range [249 - 302 nm],
Bin05,cm^-3,particle concentration in size range [302 - 366 nm],
Bin06,cm^-3,particle concentration in size range [366 - 443 nm],
Bin07,cm^-3,particle concentration in size range [443 - 537 nm],
Bin08,cm^-3,particle concentration in size range [537 - 651 nm],
Bin09,cm^-3,particle concentration in size range [651 - 789 nm],
Bin10,cm^-3,particle concentration in size range [789 - 956 nm],
Bin11,cm^-3,particle concentration in size range [956 - 1159 nm],
Bin12,cm^-3,particle concentration in size range [1159 - 1404 nm],
Bin13,cm^-3,particle concentration in size range [1404 - 1702 nm],
Bin14,cm^-3,particle concentration in size range [1702 - 2062 nm],
Bin15,cm^-3,particle concentration in size range [2062 - 2500 nm],
0
19
PI_CONTACT_INFO: 325 Broadway R/CSL6, Boulder, CO 80305; troy.thornberry@noaa.gov; 303-497-3373 
PLATFORM: GML ECC/FPH balloon
LOCATION: Boulder, CO, USA
ASSOCIATED_DATA: N/A
INSTRUMENT_INFO: Printed Optical Particle Spectrometer counts particles from 140 - 2500 nm in diameter 
DATA_INFO: Particle concentrations reported in number per cubic centimeter, binned to 100 m altitude
UNCERTAINTY: Counting uncertainty dominated by air flow, less than 5 percent
ULOD_FLAG: -77777
ULOD_VALUE: 3000 ~3000 per cm3 (varies depending on flow rate- manufacturer quotes 1250  per cm3 at 1.667 cc/s)
LLOD_FLAG: -88888
LLOD_VALUE: 0 0 (varies depending on data field and measurement precision)
DM_CONTACT_INFO: Troy Thornberry, 325 Broadway R/CSL6, Boulder, CO 80305; troy.thornberry@noaa.gov; 303-497-3373
PROJECT_INFO: B2SAP Boulder, CO, USA
STIPULATIONS_ON_USE: Please contact the PIs for questions regarding applications and uncertainties
OTHER_COMMENTS: POPS bin Edges (nm):  140, 170, 205, 249, 302, 366, 443, 537, 651, 789, 956, 1159, 1404, 1702, 2062, 2500
Calculations assume sulfate refractive index of 1.45+0.00j and extinction wavelength = 532 nm
REVISION: R0
R0: QA/QC data
TIME_START,TIME_STOP,TIME_MID,GPSAlt,GPS_Lon,GPS_Lat,iMet_Pressure,iMet_Temperature,THETA,Aerosol_concentration,Surface_Area_Conc,Volume_density,Effective_radius,Extinction,Bin01,Bin02,Bin03,Bin04,Bin05,Bin06,Bin07,Bin08,Bin09,Bin10,Bin11,Bin12,Bin13,Bin14,Bin15
[from data line 158]
65506,65535,65520,17.5,-103.792,40.2857,78.6713,-65.7496,428.838,6.76091,1.30808,95.1007,0.218108,0.000517308,2.91397,1.66147,0.881858,0.408978,0.281172,0.217269,0.23005,0.0894638,0.0255611,0.0255611,0.0127805,0.0127805,0,0,0
65538,65569,65554,17.6,-103.786,40.2856,77.3496,-66.3461,429.673,6.56802,1.2928,91.6765,0.212739,0.000532849,2.85508,1.47445,0.857864,0.361911,0.45574,0.134041,0.294891,0.0536165,0.0134041,0.0536165,0,0.0134041,0,0,0
65571,65590,65580,17.7,-103.782,40.2859,76.07,-61.77,441.296,6.33265,1.96581,209.089,0.319087,0.00104779,2.43564,1.48458,0.649503,0.347948,0.556717,0.139179,0.255162,0.208769,0.0927861,0.0695896,0.0231965,0.0463931,0.0231965,0,0
65594,65622,65608,17.8,-103.78,40.2859,74.8,-60.0685,446.981,6.19574,1.74809,152.617,0.261914,0.000892075,2.06525,1.25711,0.912898,0.508829,0.434001,0.314276,0.359173,0.209518,0.0299311,0.0598622,0.0299311,0.0149655,0,0,0
65623,65661,65642,17.9,-103.778,40.2854,73.5559,-59.8052,449.682,5.79692,1.67662,146.496,0.262128,0.000872712,1.85102,1.26357,0.853466,0.421191,0.354687,0.365771,0.343603,0.188428,0.0775878,0.0332519,0.0332519,0.011084,0,0,0
65665,65696,65680,18,-103.777,40.285,72.4655,-60.2914,450.581,5.74743,1.50438,124.755,0.248783,0.000730017,1.73378,1.40614,0.928325,0.409555,0.423207,0.286689,0.300341,0.15017,0.0273037,0.0546074,0.0136518,0,0.0136518,0,0
65698,65724,65711,18.1,-103.776,40.2846,71.239,-60.831,451.63,5.89492,1.48967,109.95,0.221424,0.000708839,1.91077,1.20609,0.78599,0.555614,0.52851,0.35234,0.325237,0.135516,0.0406547,0.0406547,0.0135516,0,0,0,0
65725,65756,65740,18.2,-103.775,40.2843,70.035,-61.0295,453.415,5.93078,1.60919,138.582,0.258357,0.000743548,1.88259,1.14432,1.00897,0.406049,0.602922,0.356831,0.295308,0.13535,0,0.0492181,0.024609,0.024609,0,0,0
65758,65782,65770,18.3,-103.773,40.2842,68.8811,-61.48,454.605,5.49277,1.39062,94.9102,0.204751,0.000661431,1.62972,1.22229,0.603601,0.528151,0.588511,0.407431,0.316891,0.10563,0.0603601,0.0301801,0,0,0,0,0
65783,65808,65796,18.4,-103.772,40.285,67.8067,-61.5811,456.425,5.70041,1.42924,108.042,0.226782,0.000668523,1.79457,1.22152,0.66354,0.678621,0.633379,0.211126,0.286529,0.0904827,0.0603218,0.0452414,0,0.0150805,0,0,0
65812,65839,65826,18.5,-103.771,40.2865,66.6265,-61.992,457.843,5.19384,1.66242,148.648,0.26825,0.000884641,1.25087,1.1421,0.720612,0.516665,0.584647,0.394297,0.271929,0.108772,0.108772,0.0543858,0.0271929,0.0135964,0,0,0
65840,65867,65854,18.6,-103.77,40.2882,65.4905,-62.4753,459.036,5.42331,1.6448,134.216,0.2448,0.000864223,1.50648,1.0904,0.703022,0.444769,0.588243,0.344337,0.430422,0.200863,0.0573895,0.0286948,0.0286948,0,0,0,0
65868,65900,65884,18.7,-103.769,40.2902,64.47,-62.9928,459.968,5.54195,1.50023,117.384,0.234733,0.000725714,1.60684,1.06029,0.940054,0.50282,0.524682,0.327926,0.349788,0.13117,0.0327926,0.0437235,0.0109309,0.0109309,0,0,0
65901,65935,65918,18.8,-103.766,40.2923,63.4252,-62.0864,464.121,5.03871,1.50912,116.982,0.23255,0.000783057,1.2106,0.872504,0.796159,0.545315,0.698003,0.338095,0.272657,0.196313,0.0436252,0.0545315,0.0109063,0,0,0,0
65936,65973,65954,18.9,-103.763,40.2941,62.2959,-60.2169,470.633,4.67456,1.50145,124.345,0.24845,0.000791506,1.25028,0.765098,0.643802,0.475854,0.466523,0.40121,0.363888,0.214601,0.0466523,0.0186609,0.00933047,0.0186609,0,0,0
65977,66009,65993,19,-103.76,40.2959,61.2478,-58.8567,475.952,4.92216,2.06388,206.229,0.299769,0.00126297,1.04621,0.896751,0.53805,0.488231,0.677545,0.348736,0.398556,0.269025,0.0896751,0.109603,0.0498195,0.0099639,0,0,0
66010,66046,66028,19.1,-103.758,40.2971,60.2835,-57.8942,480.253,4.35573,1.60605,141.09,0.263548,0.000936483,0.885562,0.792887,0.586942,0.380998,0.617834,0.350106,0.401592,0.18535,0.0514862,0.0823779,0.0102972,0.0102972,0,0,0
66047,66083,66065,19.2,-103.756,40.2976,59.2867,-57.9207,482.488,4.48001,1.78196,170.781,0.287518,0.00106737,0.999525,0.562233,0.740719,0.499762,0.59793,0.249881,0.39267,0.223108,0.0892433,0.0803189,0.0356973,0.00892433,0,0,0
66084,66114,66099,19.3,-103.754,40.2975,58.3614,-58.1709,484.101,4.47052,1.76016,163.783,0.279151,0.00101313,0.852688,0.730876,0.657788,0.450707,0.548157,0.438525,0.3898,0.219263,0.0974501,0.0365438,0.0365438,0.0121813,0,0,0
66115,66144,66130,19.4,-103.754,40.2971,57.3516,-58.7936,485.103,4.37871,1.8018,179.303,0.298539,0.00106418,0.935991,0.656269,0.570201,0.527167,0.516409,0.473375,0.29048,0.161378,0.107585,0.0860681,0.021517,0.0322755,0,0,0
66145,66174,66160,19.5,-103.753,40.2971,56.4464,-58.8055,487.298,4.28011,1.63886,134.227,0.245709,0.00100085,0.782648,0.611444,0.66036,0.379095,0.586986,0.403553,0.501384,0.183433,0.097831,0.0733733,0,0,0,0,0
66175,66199,66187,19.6,-103.752,40.2975,55.5712,-58.9288,489.189,4.06527,1.54709,135.466,0.262686,0.00092151,0.862657,0.657776,0.517594,0.388196,0.539161,0.312713,0.452895,0.172531,0.0862657,0.0539161,0.0215664,0,0,0,0
66213,66231,66222,19.7,-103.751,40.2981,54.4468,-59.5879,490.543,4.22672,1.52351,128.229,0.252499,0.000881005,0.813928,0.728252,0.51406,0.542619,0.614016,0.342707,0.314148,0.199912,0.0856767,0.0571178,0.0142794,0,0,0,0
66232,66251,66242,19.8,-103.751,40.2984,53.8465,-60.225,490.634,4.19054,1.43755,115.685,0.241421,0.000792227,0.840821,0.813698,0.433972,0.474657,0.58315,0.433972,0.271233,0.230548,0.0678081,0.0271233,0,0.0135616,0,0,0
66262,66295,66278,19.9,-103.751,40.299,52.7747,-60.1388,493.651,3.76076,1.14701,82.8308,0.216644,0.000620087,0.865909,0.747059,0.48389,0.373529,0.509358,0.169786,0.339572,0.229211,0.0254679,0.0169786,0,0,0,0,0
66296,66308,66302,20,-103.752,40.2993,52.1746,-59.8092,496.04,3.81581,1.57609,152.453,0.290184,0.000968543,0.917463,0.604692,0.396177,0.396177,0.43788,0.29192,0.333623,0.271069,0.0625543,0.0625543,0.0417029,0,0,0,0
66353,66365,66359,20.1,-103.751,40.2997,50.7577,-57.8292,504.591,4.52567,1.61145,133.299,0.248159,0.00100099,0.991928,0.826607,0.702616,0.392638,0.516629,0.268647,0.371973,0.247982,0.144656,0.0619955,0,0,0,0,0
66366,66400,66383,20.2,-103.751,40.2997,50.1946,-57.8803,506.084,3.80813,1.39829,128.275,0.275211,0.000811127,0.813835,0.721703,0.568149,0.383885,0.391562,0.284075,0.345496,0.153554,0.0537438,0.0614215,0.0307108,0,0,0,0
66401,66418,66410,20.3,-103.75,40.2998,49.6038,-57.9038,507.753,4.39185,1.46211,120.177,0.246582,0.000786244,1.03581,0.787219,0.435042,0.414326,0.766503,0.331461,0.372893,0.124298,0.0621489,0.0414326,0.0207163,0,0,0,0
66449,66464,66456,20.4,-103.75,40.3008,48.4067,-58.6475,509.529,4.37362,1.55383,129.934,0.250864,0.000866159,1.0145,0.56361,0.608699,0.473433,0.631244,0.360711,0.338166,0.270533,0.0676332,0.0225444,0,0.0225444,0,0,0
66469,66482,66476,20.5,-103.75,40.3011,47.9814,-58.8529,510.328,3.79109,1.36037,109.272,0.240976,0.00082526,0.696323,0.735007,0.618954,0.270792,0.464215,0.309477,0.348161,0.193423,0.116054,0.0386846,0,0,0,0,0
66523,66528,66526,20.6,-103.75,40.3019,46.7167,-58.32,515.518,4.08127,1.25604,83.1723,0.198653,0.000619816,0.967724,0.631125,0.546975,0.210375,0.462825,0.6732,0.462825,0.126225,0,0,0,0,0,0,0
66529,66558,66544,20.7,-103.75,40.302,46.211,-58.6107,516.424,3.68068,1.22406,93.0611,0.228079,0.000692095,0.795158,0.6558,0.409875,0.475455,0.442665,0.311505,0.278715,0.237728,0.0409875,0.03279,0,0,0,0,0
66559,66585,66572,20.8,-103.749,40.3019,45.4208,-58.7658,518.61,3.58962,1.02071,70.4799,0.207149,0.000496357,0.697412,0.738436,0.574339,0.348706,0.553827,0.28717,0.246145,0.0820485,0.0410242,0.0205121,0,0,0,0,0
66586,66614,66600,20.9,-103.749,40.3014,44.73,-59.4367,519.247,3.97892,1.04623,66.6757,0.191188,0.00048035,0.812265,0.824037,0.824037,0.341387,0.435562,0.270755,0.294299,0.176579,0,0,0,0,0,0,0
66615,66645,66630,21,-103.75,40.301,43.9232,-59.524,521.746,3.50629,0.976459,67.4143,0.207118,0.000486836,0.832001,0.604191,0.584381,0.425905,0.455619,0.168381,0.257524,0.118857,0.0495238,0.00990477,0,0,0,0,0
66651,66680,66666,21.1,-103.75,40.3005,43.1275,-58.8658,526.094,3.73645,1.12965,83.3481,0.221347,0.000569466,0.771994,0.720528,0.597009,0.391144,0.47349,0.247038,0.308798,0.185279,0.0308798,0,0,0.0102933,0,0,0
66681,66713,66697,21.2,-103.751,40.3005,42.4648,-58.9139,528.301,3.60075,1.01684,68.0877,0.20088,0.000502638,0.806138,0.730899,0.537426,0.376198,0.365449,0.311707,0.279461,0.171976,0.021497,0,0,0,0,0,0
66716,66747,66732,21.3,-103.752,40.301,41.764,-59.23,530.048,3.64259,0.966351,62.6277,0.194425,0.000453854,0.920546,0.732478,0.544409,0.267255,0.485019,0.287052,0.227662,0.168272,0.00989835,0,0,0,0,0,0
66752,66782,66767,21.4,-103.754,40.3015,41.082,-58.7976,533.613,3.37887,1.0392,74.4513,0.214929,0.000555465,0.829898,0.513746,0.424828,0.424828,0.464347,0.187715,0.326031,0.148196,0.0493987,0.00987973,0,0,0,0,0
66782,66815,66798,21.5,-103.755,40.3019,40.3786,-58.1105,537.98,2.87937,0.780125,52.3618,0.201359,0.000382734,0.790415,0.55329,0.372624,0.270999,0.316166,0.248416,0.180666,0.112916,0.0338749,0,0,0,0,0,0
66817,66849,66833,21.6,-103.757,40.302,39.6804,-57.9496,541.07,3.23466,0.859117,58.0749,0.202795,0.000423204,0.917945,0.633819,0.437117,0.305982,0.327838,0.251342,0.20763,0.0983513,0.0546396,0,0,0,0,0,0
66850,66882,66866,21.7,-103.759,40.3019,39.0213,-57.38,545.101,3.25671,1.00743,76.3619,0.227396,0.00056208,0.763789,0.721356,0.413719,0.275813,0.381894,0.222772,0.222772,0.190947,0.0318245,0.0318245,0,0,0,0,0
66883,66916,66900,21.8,-103.761,40.3014,38.3752,-57.2492,548.046,3.21351,1.00638,72.2009,0.21523,0.000541087,0.718677,0.605742,0.45174,0.277204,0.318271,0.359339,0.266937,0.174536,0.0308004,0.0102668,0,0,0,0,0
66916,66946,66931,21.9,-103.763,40.3008,37.7471,-57.2237,550.69,3.27411,0.969973,70.1371,0.216925,0.000518198,0.84563,0.531229,0.563753,0.271035,0.357767,0.271035,0.22767,0.130097,0.0650485,0.0108414,0,0,0,0,0
66950,66981,66966,22,-103.766,40.3004,37.1233,-57.0637,553.739,3.28125,1.07569,80.4733,0.224432,0.000599379,0.702342,0.669419,0.307274,0.406041,0.373119,0.230456,0.362145,0.197534,0,0.0329223,0,0,0,0,0
66985,67011,66998,22.1,-103.768,40.3,36.4719,-57.0876,556.478,2.86667,0.923229,68.2407,0.221746,0.000512895,0.583481,0.60885,0.317109,0.355162,0.29174,0.228319,0.29174,0.126844,0.0507375,0.0126844,0,0,0,0,0
67014,67043,67028,22.2,-103.771,40.2992,35.8839,-56.9861,559.333,3.01511,0.89745,60.7263,0.202996,0.000459692,0.774309,0.434082,0.410618,0.42235,0.211175,0.246371,0.363691,0.152515,0,0,0,0,0,0,0
67044,67073,67058,22.3,-103.773,40.2985,35.3052,-56.68,562.736,2.39775,0.659222,43.3967,0.19749,0.000319258,0.592991,0.541427,0.244931,0.23204,0.270713,0.193367,0.23204,0.0773467,0.0128911,0,0,0,0,0,0
67074,67102,67088,22.4,-103.776,40.2984,34.701,-56.659,565.565,2.62217,0.666515,41.3728,0.18622,0.000285085,0.62104,0.427828,0.441629,0.358823,0.317421,0.248416,0.110407,0.0828054,0.0138009,0,0,0,0,0,0
67103,67129,67116,22.5,-103.778,40.2981,34.1448,-56.691,568.11,3.10497,0.759314,49.1409,0.194152,0.000351817,0.898459,0.660631,0.449229,0.30389,0.317103,0.158552,0.171764,0.118914,0.0264253,0,0,0,0,0,0
67131,67154,67142,22.6,-103.78,40.2978,33.5989,-57.295,569.128,2.59057,0.732375,53.6243,0.219659,0.00039291,0.675117,0.596615,0.345409,0.266907,0.204105,0.172704,0.141304,0.141304,0.0314008,0.0157004,0,0,0,0,0
67157,67181,67169,22.7,-103.783,40.2976,33.0126,-57.1863,572.296,3.06465,0.897967,64.0784,0.214078,0.000477988,0.747475,0.672727,0.418586,0.269091,0.28404,0.209293,0.239192,0.209293,0,0.0149495,0,0,0,0,0
67183,67209,67196,22.8,-103.786,40.2978,32.4389,-56.4817,577.04,2.89469,0.891335,63.1182,0.212439,0.000461501,0.735668,0.447798,0.255885,0.335848,0.447798,0.271877,0.239892,0.127942,0.0159928,0.0159928,0,0,0,0,0
67210,67237,67224,22.9,-103.789,40.298,31.8505,-56.979,578.735,3.09597,0.826534,54.2365,0.196858,0.000393089,0.723358,0.651022,0.462949,0.30381,0.40508,0.173606,0.245942,0.10127,0.0289343,0,0,0,0,0,0
67238,67266,67252,23,-103.792,40.298,31.2968,-57.4384,580.407,2.66348,0.746937,49.7609,0.19986,0.00036915,0.623036,0.404974,0.591885,0.218063,0.26479,0.202487,0.186911,0.171335,0,0,0,0,0,0,0
67267,67295,67281,23.1,-103.796,40.2976,30.7805,-57.539,582.895,2.7257,0.750992,50.9496,0.203529,0.000378212,0.776754,0.494298,0.409561,0.183596,0.282456,0.225965,0.211842,0.112982,0.0282456,0,0,0,0,0,0
67296,67324,67310,23.2,-103.799,40.2967,30.2867,-57.5881,585.471,2.63137,0.804252,55.5435,0.207187,0.000418906,0.6183,0.373856,0.359477,0.431372,0.186928,0.244444,0.244444,0.15817,0.0143791,0,0,0,0,0,0
67325,67354,67340,23.3,-103.803,40.2953,29.7577,-57.5886,588.411,2.49735,0.715108,47.558,0.199514,0.000351298,0.538104,0.482914,0.358736,0.275951,0.303546,0.179368,0.248356,0.0965827,0.0137975,0,0,0,0,0,0
67358,67383,67370,23.4,-103.807,40.2937,29.2736,-57.565,591.256,2.78799,0.668623,40.6924,0.18258,0.00028558,0.774443,0.619554,0.394262,0.239373,0.239373,0.239373,0.225292,0.0563231,0,0,0,0,0,0,0
67383,67410,67396,23.5,-103.81,40.2924,28.7832,-57.5053,594.269,2.49983,0.560196,35.8061,0.191751,0.000251626,0.735244,0.653551,0.359453,0.277759,0.147049,0.0980326,0.13071,0.0653551,0.0326775,0,0,0,0,0,0
67411,67438,67424,23.6,-103.814,40.2914,28.296,-57.8235,596.301,2.38393,0.496734,28.1144,0.169795,0.000186463,0.884106,0.442053,0.299965,0.189451,0.221027,0.173664,0.157876,0.0157876,0,0,0,0,0,0,0
67439,67467,67453,23.7,-103.818,40.2906,27.8057,-58.0095,598.764,2.52198,0.652154,44.1525,0.203108,0.000312352,0.850787,0.425394,0.303853,0.212697,0.227889,0.227889,0.182312,0.0759631,0,0.0151926,0,0,0,0,0
67468,67497,67482,23.8,-103.821,40.2903,27.3138,-58.181,601.35,2.60209,0.617611,37.1616,0.18051,0.000258526,0.857161,0.42858,0.352048,0.168371,0.352048,0.198984,0.198984,0.0459193,0,0,0,0,0,0,0
67498,67526,67512,23.9,-103.824,40.2899,26.8633,-57.4719,606.206,2.67814,0.698742,43.6364,0.18735,0.00030771,0.696625,0.417975,0.510858,0.185767,0.263169,0.371533,0.139325,0.0928833,0,0,0,0,0,0,0
67527,67557,67542,24,-103.826,40.2888,26.3879,-56.4417,612.215,2.36453,0.563053,33.5999,0.179024,0.000231935,0.662068,0.364813,0.445883,0.216186,0.324278,0.108093,0.202674,0.0405348,0,0,0,0,0,0,0
67561,67588,67574,24.1,-103.828,40.2874,25.9227,-56.4182,615.404,2.17297,0.539001,33.2432,0.185027,0.000238119,0.550684,0.446501,0.416734,0.163717,0.1786,0.13395,0.253017,0.0297667,0,0,0,0,0,0,0
67589,67616,67602,24.2,-103.831,40.2851,25.4505,-56.3814,618.748,1.85024,0.450944,27.3279,0.181805,0.00019229,0.50605,0.316281,0.332095,0.237211,0.0948843,0.142327,0.205583,0.0158141,0,0,0,0,0,0,0
67617,67643,67630,24.3,-103.834,40.2831,25.0447,-56.4158,621.5,1.95246,0.419818,23.2108,0.165863,0.000147735,0.46149,0.354992,0.408241,0.337243,0.159747,0.0887481,0.124247,0.0177496,0,0,0,0,0,0,0
67644,67669,67656,24.4,-103.836,40.2817,24.6224,-56.3918,624.586,1.90838,0.394335,21.0523,0.16016,0.00013079,0.582557,0.361587,0.22097,0.22097,0.361587,0.0401764,0.120529,0,0,0,0,0,0,0,0
67670,67691,67680,24.5,-103.839,40.2806,24.2359,-56.2071,627.966,1.88706,0.409362,24.8151,0.181857,0.000166143,0.582177,0.341276,0.381427,0.180676,0.180676,0.100375,0.0602252,0.0401502,0.0200751,0,0,0,0,0,0
67698,67720,67709,24.6,-103.843,40.2797,23.8041,-55.9241,632.008,2.24137,0.513098,30.7361,0.179709,0.000211276,0.678579,0.41126,0.308445,0.329008,0.185067,0.123378,0.143941,0.061689,0,0,0,0,0,0,0
67721,67745,67733,24.7,-103.846,40.2787,23.4111,-56.0105,634.781,1.87416,0.645554,45.0903,0.209542,0.000345679,0.296897,0.296897,0.222673,0.278341,0.185561,0.241229,0.222673,0.129893,0,0,0,0,0,0,0
67746,67771,67758,24.8,-103.849,40.2771,23.021,-55.861,638.268,1.91886,0.400489,22.0706,0.165327,0.00014007,0.663532,0.233133,0.340733,0.251066,0.179333,0.143466,0.0896665,0.0179333,0,0,0,0,0,0,0
67772,67808,67790,24.9,-103.853,40.2752,22.5726,-55.1293,644.034,1.76968,0.362714,20.106,0.166296,0.000130985,0.399176,0.558846,0.279423,0.15967,0.186282,0.0399176,0.133059,0.0133059,0,0,0,0,0,0,0
67809,67838,67824,25,-103.858,40.273,22.1609,-54.9786,647.87,1.77198,0.32556,17.386,0.16021,0.000107626,0.601806,0.501505,0.150451,0.183885,0.200602,0.0501505,0.0501505,0.0334337,0,0,0,0,0,0,0
