data/B2SAP/Locations/Boulder/NOAA-POPS-B2SAP_GMLBalloon_20210430_R0.ict
61,1001
Thornberry, T. D.
NOAA Chemical Sciences Laboratory
Portable Optical Particle Spectrometer (POPS)
Balloon Baseline Stratospheric Aerosol Profiles (B2SAP)
1,1
2021,04,30,2024,05,28
0
TIME_START,s,Seconds since midnight UTC on flight start day,Start time of 100 m altitude bin in UTC_seconds_since_midnight
28
1.0,1.0,1.0,1.0,1.0,1.0,1.0,1.0,1.0,1.0,1.0,1.0,1.0,1.0,1.0,1.0,1.0,1.0,1.0,1.0,1.0,1.0,1.0,1.0,1.0,1.0,1.0,1.0
99999,99999,99999,99999,99999,99999,99999,99999,99999,99999,99999,99999,99999,99999,99999,99999,99999,99999,99999,99999,99999,99999,99999,99999,99999,99999,99999,99999
TIME_STOP,s,End time of 100 m altitude bin in UTC seconds since midnight,
TIME_MID,s,Mid time of 100 m altitude in UTC seconds since midnight,
GPSAlt,m,GPS reported altitude above sea level (m),
GPS_Lon,deg,GPS reported longitude,
GPS_Lat,deg,GPS reported latitude,
iMet_Pressure,mb,Pressure reported (mB),
iMet_Temperature,degrees C,Ambient temperature (oC),
THETA,K,Potential temperature from iMet,
Aerosol_concentration,cm^-3,Aerosol concentration,
Surface_Area_Conc,um^2 cm^-3,Surface area concentration,
Volume_density,um^3 cm^-3,Volume density,
Effective_radius,um,Effective radius,
Extinction,km^-1,Extinction,
Bin01,cm^-3,particle concentration in size range [140 - 170 nm],
Bin02,cm^-3,particle concentration in size range [170 - 205 nm],
Bin03,cm^-3,particle concentration in size range [205 - 249 nm],
Bin04,cm^-3,particle concentration in size range [249 - 302 nm],
Bin05,cm^-3,particle concentration in size range [302 - 366 nm],
Bin06,cm^-3,particle concentration in size range [366 - 443 nm],
Bin07,cm^-3,particle concentration in size range [443 - 537 nm],
Bin08,cm^-3,particle concentration in size range [537 - 651 nm],
Bin09,cm^-3,particle concentration in size range [651 - 789 nm],
Bin10,cm^-3,particle concentration in size range [789 - 956 nm],
Bin11,cm^-3,particle concentration in size range [956 - 1159 nm],
Bin12,cm^-3,particle concentration in size range [1159 - 1404 nm],
Bin13,cm^-3,particle concentration in size range [1404 - 1702 nm],
Bin14,cm^-3,particle concentration in size range [1702 - 2062 nm],
Bin15,cm^-3,particle concentration in size range [2062 - 2500 nm],
0
19
PI_CONTACT_INFO: 325 Broadway R/CSL6, Boulder, CO 80305; troy.thornberry@noaa.gov; 303-497-3373 
PLATFORM: GML ECC/FPH balloon
LOCATION: Boulder, CO, USA
ASSOCIATED_DATA: N/A
INSTRUMENT_INFO: Printed Optical Particle Spectrometer counts particles from 140 - 2500 nm in diameter 
DATA_INFO: Particle concentrations reported in number per cubic centimeter, binned to 100 m altitude
UNCERTAINTY: Counting uncertainty dominated by air flow, less than 5 percent
ULOD_FLAG: -77777
ULOD_VALUE: 3000 ~3000 per cm3 (varies depending on flow rate- manufacturer quotes 1250  per cm3 at 1.667 cc/s)
LLOD_FLAG: -88888
LLOD_VALUE: 0 0 (varies depending on data field and measurement precision)
DM_CONTACT_INFO: Troy Thornberry, 325 Broadway R/CSL6, Boulder, CO 80305; troy.thornberry@noaa.gov; 303-497-3373
PROJECT_INFO: B2SAP Boulder, CO, USA
STIPULATIONS_ON_USE: Please contact the PIs for questions regarding applications and uncertainties
OTHER_COMMENTS: POPS bin Edges (nm):  140, 170, 205, 249, 302, 366, 443, 537, 651, 789, 956, 1159, 1404, 1702, 2062, 2500
Calculations assume sulfate refractive index of 1.45+0.00j and extinction wavelength = 532 nm
REVISION: R0
R0: QA/QC data
TIME_START,TIME_STOP,TIME_MID,GPSAlt,GPS_Lon,GPS_Lat,iMet_Pressure,iMet_Temperature,THETA,Aerosol_concentration,Surface_Area_Conc,Volume_density,Effective_radius,Extinction,Bin01,Bin02,Bin03,Bin04,Bin05,Bin06,Bin07,Bin08,Bin09,Bin10,Bin11,Bin12,Bin13,Bin14,Bin15
[from data line 467]
68459,68505,68482,7.5,-104.829,39.276,401.827,-20.9009,327.31,21.2921,2.61943,118.237,0.135415,0.000510893,11.1475,5.2729,2.54871,1.18661,0.685226,0.192198,0.150415,0.0417821,0.0501385,0.00835642,0,0,0.00835642,0,0
68506,68550,68528,7.4,-104.828,39.2728,407.121,-20.1093,327.114,22.1765,2.77087,125.4,0.135769,0.000540621,11.2148,5.5245,2.96734,1.29167,0.645834,0.226915,0.20946,0.0523649,0.017455,0.017455,0,0,0.00872748,0,0
68551,68594,68572,7.3,-104.828,39.2698,412.509,-19.3254,326.899,23.4511,3.02243,146.337,0.145251,0.000646777,11.9928,5.88855,2.68173,1.44401,0.862654,0.262547,0.16878,0.0750134,0.02813,0.02813,0.00937668,0.00937668,0,0,0
68595,68638,68616,7.2,-104.828,39.267,418.37,-18.5773,326.545,23.2049,3.15504,162.925,0.154919,0.000730975,11.3983,5.62096,3.13627,1.45954,0.868773,0.364885,0.173755,0.0781896,0.0608141,0.0173755,0.00868773,0.00868773,0.00868773,0,0
68639,68682,68660,7.1,-104.828,39.2643,424.042,-17.7766,326.306,31.2212,4.43694,229.421,0.155121,0.00105642,14.3515,7.76392,4.20872,2.3527,1.42905,0.548964,0.365976,0.0697097,0.0784234,0.0174274,0.00871371,0.0174274,0.00871371,0,0
68683,68726,68704,7,-104.828,39.2616,429.796,-17.0711,325.952,32.9521,4.85062,269.804,0.166867,0.00123768,14.9397,7.868,4.69137,2.49283,1.69651,0.649175,0.363538,0.112524,0.0692453,0.0346227,0.025967,0,0,0.00865567,0
68727,68770,68748,6.9,-104.827,39.2588,435.484,-16.3668,325.626,35.0499,5.41704,314.312,0.174069,0.00143421,14.7206,9.22412,4.5646,3.02869,2.05364,0.638526,0.534982,0.146689,0.0604012,0.0172575,0.0431437,0.00862874,0,0.00862874,0
68771,68811,68791,6.8,-104.827,39.2555,441.316,-15.567,325.404,38.5809,6.17283,375.145,0.182321,0.00170118,15.9502,9.33575,5.99076,3.25051,2.39063,0.765381,0.54805,0.151186,0.066144,0.0566949,0.0283474,0.0283474,0.00944914,0.00944914,0
68812,68846,68829,6.7,-104.828,39.2521,446.965,-15.3065,324.552,35.8987,5.68022,333.926,0.176363,0.00145996,14.6432,8.14255,5.84164,3.46254,2.36793,0.748355,0.402101,0.167542,0.0446779,0.022339,0,0.022339,0.022339,0.0111695,0
68847,68880,68864,6.6,-104.828,39.2489,453.126,-15.053,323.594,26.6791,4.00922,207.3,0.155118,0.00100211,11.3406,6.34618,4.0895,2.4285,1.28298,0.57276,0.446753,0.103097,0.0229104,0.0229104,0,0.0114552,0.0114552,0,0
68881,68911,68896,6.5,-104.828,39.2459,458.977,-14.3658,323.271,26.258,3.99946,228.998,0.171771,0.00102881,11.3074,6.6772,3.67977,2.20542,1.34031,0.487387,0.328986,0.109662,0.0487387,0.0243693,0,0.0243693,0.0243693,0,0
68912,68944,68928,6.4,-104.829,39.2432,465.062,-13.4924,323.146,28.7017,4.24908,203.335,0.143562,0.0010026,12.0038,6.90988,4.05456,2.86675,1.67893,0.628171,0.411167,0.114213,0,0.0228426,0.0114213,0,0,0,0
68945,68975,68960,6.3,-104.829,39.2406,471.128,-12.8521,322.749,36.6112,6.04971,367.255,0.182119,0.00174213,14.2214,9.27254,5.44113,3.20614,2.79374,0.705086,0.651872,0.133035,0.0665175,0.0665175,0.026607,0.0133035,0,0.0133035,0
68976,69007,68992,6.2,-104.83,39.2381,477.6,-12.2288,322.264,41.1068,6.45585,347.684,0.161567,0.00159596,16.3072,9.97751,6.31525,3.99389,2.60973,1.03812,0.61999,0.144184,0.0288367,0,0.0144184,0.0576735,0,0,0
69009,69037,69023,6.1,-104.831,39.2359,483.584,-11.5627,321.93,42.2149,6.58219,332.601,0.151591,0.00164736,16.1195,10.1769,7.32051,3.86121,2.82773,0.961714,0.703343,0.157893,0.0143539,0.0430618,0,0.0287079,0,0,0
69038,69067,69052,6,-104.832,39.2336,490.244,-10.83,321.575,41.8707,6.78194,390.401,0.172694,0.00182296,15.622,10.7764,6.73523,3.62954,3.08698,0.860613,0.91674,0.149672,0.0561269,0,0,0,0.018709,0.018709,0
69068,69094,69081,5.9,-104.833,39.2317,496.404,-9.93571,321.524,37.6766,5.6248,279.753,0.149207,0.00133765,14.6446,10.3045,5.6182,3.32832,2.31651,0.798797,0.505904,0.0532531,0.0266266,0.0532531,0.0266266,0,0,0,0
69095,69120,69108,5.8,-104.834,39.2297,503.231,-9.08778,321.306,34.8364,4.70012,211.299,0.134868,0.00100637,15.4943,8.76568,5.24706,2.77786,1.74902,0.267497,0.349804,0.0823069,0.0617302,0.0411534,0,0,0,0,0
69121,69147,69134,5.7,-104.835,39.2277,509.407,-8.37333,321.057,33.3065,5.22669,383.007,0.219837,0.00149239,14.6111,9.00093,4.68541,2.43518,1.41795,0.462376,0.400726,0.0770627,0.0308251,0.0924753,0.0308251,0.0308251,0,0.0308251,0
69148,69172,69160,5.6,-104.836,39.2257,515.374,-7.735,320.757,36.2413,5.74817,392.185,0.204683,0.00162154,15.1005,9.84104,5.40333,2.83521,1.70523,0.616349,0.28763,0.184905,0.143815,0.020545,0.0616349,0,0.020545,0.020545,0
69177,69192,69184,5.5,-104.837,39.2235,521.697,-7.06857,320.441,43.1465,7.74461,631.27,0.244533,0.00267328,17.4578,10.8521,6.5008,3.82709,2.77857,0.62911,0.419407,0.209703,0.0524258,0.314555,0,0,0.0524258,0.0524258,0
69201,69223,69212,5.4,-104.839,39.2213,528.573,-6.30714,320.16,50.4524,9.13836,592.214,0.194416,0.00274119,16.7649,13.0861,8.40874,6.09633,3.10072,1.47153,0.893428,0.315328,0.0525546,0.105109,0,0.105109,0.0525546,0,0
69229,69252,69240,5.3,-104.841,39.2195,535.587,-5.94818,319.388,22.0147,3.52938,194.812,0.165592,0.000947627,7.88832,5.77597,4.05968,2.07935,1.25421,0.495083,0.198033,0.165028,0.0330055,0.0330055,0.0330055,0,0,0,0
69257,69286,69272,5.2,-104.842,39.218,542.428,-5.535,318.726,2.38289,0.306008,12.9361,0.126821,5.99844e-05,1.00611,0.76782,0.317719,0.132383,0.105906,0.0264766,0,0.0264766,0,0,0,0,0,0,0
69288,69322,69305,5.1,-104.844,39.2163,549.422,-4.6975,318.556,2.71136,0.3685,16.3478,0.133089,8.45714e-05,1.27952,0.57883,0.5179,0.152324,0.0609294,0.0304647,0.0913941,0,0,0,0,0,0,0,0
69330,69376,69353,5,-104.845,39.213,558.129,-4.80867,316.99,12.1756,1.88205,92.0787,0.146774,0.00048136,4.19762,3.4121,2.08654,1.27647,0.760973,0.147285,0.171833,0.09819,0,0.0245475,0,0,0,0,0
69386,69429,69408,4.9,-104.844,39.2108,565.893,-5.08222,315.424,24.5088,4.26188,429.003,0.301981,0.00114584,9.23637,6.27911,4.45615,1.98501,1.86348,0.486125,0.0810208,0.0405104,0,0,0,0,0.0405104,0,0.0405104
69432,69449,69440,4.8,-104.843,39.2096,570.465,-4.9825,314.817,34.3959,5.28577,253.435,0.14384,0.00135142,11.4957,10.8571,5.38292,3.01078,2.09843,0.729887,0.638651,0,0.182472,0,0,0,0,0,0
69470,69476,69473,4.7,-104.841,39.2085,577.375,-4.425,314.391,44.4396,6.51656,288.452,0.132793,0.00139541,14.1399,13.4053,8.63083,4.59087,2.20362,0.734539,0.36727,0.36727,0,0,0,0,0,0,0
69481,69481,69481,4.6,-104.84,39.2078,579.65,-4.1,314.407,48.5098,6.35854,267.263,0.126096,0.001224,21.2697,12.314,7.83619,3.73152,2.61206,0,0.373152,0.373152,0,0,0,0,0,0,0
