data/B2SAP/Locations/Boulder/NOAA-POPS-B2SAP_GMLBalloon_20201221_R0.ict
61,1001
Thornberry, T. D.
NOAA Chemical Sciences Laboratory
Portable Optical Particle Spectrometer (POPS)
Balloon Baseline Stratospheric Aerosol Profiles (B2SAP)
1,1
2020,12,21,2024,05,28
0
TIME_START,s,Seconds since midnight UTC on flight start day,Start time of 100 m altitude bin in UTC_seconds_since_midnight
28
1.0,1.0,1.0,1.0,1.0,1.0,1.0,1.0,1.0,1.0,1.0,1.0,1.0,1.0,1.0,1.0,1.0,1.0,1.0,1.0,1.0,1.0,1.0,1.0,1.0,1.0,1.0,1.0
99999,99999,99999,99999,99999,99999,99999,99999,99999,99999,99999,99999,99999,99999,99999,99999,99999,99999,99999,99999,99999,99999,99999,99999,99999,99999,99999,99999
TIME_STOP,s,End time of 100 m altitude bin in UTC seconds since midnight,
TIME_MID,s,Mid time of 100 m altitude in UTC seconds since midnight,
GPSAlt,m,GPS reported altitude above sea level (m),
GPS_Lon,deg,GPS reported longitude,
GPS_Lat,deg,GPS reported latitude,
iMet_Pressure,mb,Pressure reported (mB),
iMet_Temperature,degrees C,Ambient temperature (oC),
THETA,K,Potential temperature from iMet,
Aerosol_concentration,cm^-3,Aerosol concentration,
Surface_Area_Conc,um^2 cm^-3,Surface area concentration,
Volume_density,um^3 cm^-3,Volume density,
Effective_radius,um,Effective radius,
Extinction,km^-1,Extinction,
Bin01,cm^-3,particle concentration in size range [140 - 170 nm],
Bin02,cm^-3,particle concentration in size range [170 - 205 nm],
Bin03,cm^-3,particle concentration in size range [205 - 249 nm],
Bin04,cm^-3,particle concentration in size range [249 - 302 nm],
Bin05,cm^-3,particle concentration in size range [302 - 366 nm],
Bin06,cm^-3,particle concentration in size range [366 - 443 nm],
Bin07,cm^-3,particle concentration in size range [443 - 537 nm],
Bin08,cm^-3,particle concentration in size range [537 - 651 nm],
Bin09,cm^-3,particle concentration in size range [651 - 789 nm],
Bin10,cm^-3,particle concentration in size range [789 - 956 nm],
Bin11,cm^-3,particle concentration in size range [956 - 1159 nm],
Bin12,cm^-3,particle concentration in size range [1159 - 1404 nm],
Bin13,cm^-3,particle concentration in size range [1404 - 1702 nm],
Bin14,cm^-3,particle concentration in size range [1702 - 2062 nm],
Bin15,cm^-3,particle concentration in size range [2062 - 2500 nm],
0
19
PI_CONTACT_INFO: 325 Broadway R/CSL6, Boulder, CO 80305; troy.thornberry@noaa.gov; 303-497-3373 
PLATFORM: GML ECC/FPH balloon
LOCATION: Boulder, CO, USA
ASSOCIATED_DATA: N/A
INSTRUMENT_INFO: Printed Optical Particle Spectrometer counts particles from 140 - 2500 nm in diameter 
DATA_INFO: Particle concentrations reported in number per cubic centimeter, binned to 100 m altitude
UNCERTAINTY: Counting uncertainty dominated by air flow, less than 5 percent
ULOD_FLAG: -77777
ULOD_VALUE: 3000 ~3000 per cm3 (varies depending on flow rate- manufacturer quotes 1250  per cm3 at 1.667 cc/s)
LLOD_FLAG: -88888
LLOD_VALUE: 0 0 (varies depending on data field and measurement precision)
DM_CONTACT_INFO: Troy Thornberry, 325 Broadway R/CSL6, Boulder, CO 80305; troy.thornberry@noaa.gov; 303-497-3373
PROJECT_INFO: B2SAP Boulder, CO, USA
STIPULATIONS_ON_USE: Please contact the PIs for questions regarding applications and uncertainties
OTHER_COMMENTS: POPS bin Edges (nm):  140, 170, 205, 249, 302, 366, 443, 537, 651, 789, 956, 1159, 1404, 1702, 2062, 2500
Calculations assume sulfate refractive index of 1.45+0.00j and extinction wavelength = 532 nm
REVISION: R0
R0: QA/QC data
TIME_START,TIME_STOP,TIME_MID,GPSAlt,GPS_Lon,GPS_Lat,iMet_Pressure,iMet_Temperature,THETA,Aerosol_concentration,Surface_Area_Conc,Volume_density,Effective_radius,Extinction,Bin01,Bin02,Bin03,Bin04,Bin05,Bin06,Bin07,Bin08,Bin09,Bin10,Bin11,Bin12,Bin13,Bin14,Bin15
[from data line 319]
66527,66537,66532,21.9,-104.447,39.3805,38.628,-57.494,546.398,3.12608,0.903558,60.1426,0.199686,0.000401891,0.625216,0.380566,0.489299,0.434933,0.489299,0.489299,0.135916,0.0543666,0,0.0271833,0,0,0,0,0
66539,66549,66544,21.8,-104.447,39.3798,39.313,-56.865,545.237,3.74429,1.05086,66.8845,0.190941,0.000479282,0.678313,0.786843,0.461253,0.542651,0.43412,0.406988,0.298458,0.135663,0,0,0,0,0,0,0
66550,66561,66556,21.7,-104.446,39.3791,39.9533,-57.5533,541.01,3.49668,1.09147,75.7264,0.208141,0.000533958,0.597724,0.62761,0.38852,0.268976,0.896585,0.298862,0.268976,0.119545,0,0.0298862,0,0,0,0,0
66562,66572,66567,21.6,-104.446,39.3787,40.613,-57.398,538.864,3.30184,0.89768,62.7692,0.209772,0.000446516,0.612439,0.878717,0.665695,0.213022,0.346161,0.159767,0.266278,0.133139,0,0.0266278,0,0,0,0,0
66573,66583,66578,21.5,-104.445,39.3787,41.233,-57.154,537.143,3.452,1.02299,80.6336,0.236464,0.000448371,0.743507,0.770061,0.398307,0.265538,0.55763,0.3452,0.292092,0.0531077,0,0,0,0.0265538,0,0,0
66586,66594,66590,21.4,-104.445,39.3786,41.8989,-56.8778,535.383,3.18437,0.937214,67.7906,0.216996,0.000482546,0.926362,0.405283,0.260539,0.665822,0.23159,0.289488,0.260539,0.0868464,0.0289488,0.0289488,0,0,0,0,0
66595,66606,66600,21.3,-104.444,39.3785,42.5555,-56.1945,534.679,3.43946,0.800594,46.3197,0.17357,0.000311019,0.918761,0.612507,0.565392,0.35337,0.47116,0.212022,0.282696,0.023558,0,0,0,0,0,0,0
66608,66620,66614,21.2,-104.444,39.3781,43.3318,-55.8673,532.739,3.31548,1.06553,73.9995,0.208345,0.000527194,0.510073,0.440518,0.556443,0.324592,0.71874,0.370962,0.208666,0.162296,0,0.0231851,0,0,0,0,0
66621,66633,66627,21.1,-104.443,39.3776,44.097,-55.48,531.018,3.8588,0.924569,55.0155,0.178512,0.000376884,1.01547,0.736218,0.456963,0.533123,0.583897,0.152321,0.304642,0.0761605,0,0,0,0,0,0,0
66634,66646,66640,21,-104.443,39.377,44.801,-55.35,528.938,4.19264,1.11519,72.5118,0.195066,0.000493015,0.934504,0.858733,0.505137,0.454623,0.681935,0.378853,0.277825,0.0757706,0,0.0252569,0,0,0,0,0
66647,66659,66653,20.9,-104.443,39.3762,45.531,-55.561,525.999,3.59235,0.772381,43.0567,0.167236,0.000277091,0.873141,0.923035,0.523884,0.299363,0.573778,0.174628,0.174628,0.0498938,0,0,0,0,0,0,0
66660,66672,66666,20.8,-104.442,39.3752,46.311,-56.243,521.799,3.67305,1.00248,62.5348,0.18714,0.000437196,0.674643,0.724616,0.549709,0.249868,0.824563,0.274854,0.299841,0.0499735,0.0249868,0,0,0,0,0,0
66673,66685,66679,20.7,-104.441,39.3743,47.052,-56.647,518.48,3.2246,0.96428,63.6781,0.198111,0.000455561,0.516921,0.541536,0.443075,0.541536,0.41846,0.393845,0.270768,0.0492306,0.0492306,0,0,0,0,0,0
66686,66697,66692,20.6,-104.439,39.3736,47.767,-57.276,514.749,3.5225,0.924491,57.023,0.185041,0.000399037,0.738986,0.763618,0.51729,0.295594,0.468024,0.418759,0.221696,0.0985314,0,0,0,0,0,0,0
66699,66710,66704,20.5,-104.438,39.3732,48.559,-57.488,511.828,3.62258,1.08739,75.0683,0.207106,0.000554911,0.793989,0.57068,0.446619,0.545868,0.521056,0.272934,0.22331,0.198497,0.0496243,0,0,0,0,0,0
66711,66724,66718,20.4,-104.437,39.373,49.3827,-57.8455,508.54,4.0253,1.11636,70.7155,0.190034,0.000490672,0.678966,0.630468,0.678966,0.678966,0.581971,0.387981,0.290985,0.0484976,0.0484976,0,0,0,0,0,0
66726,66738,66732,20.3,-104.435,39.3731,50.2845,-58.2836,504.876,4.0215,1.21558,86.8921,0.214446,0.000620584,0.784682,0.73564,0.465905,0.637554,0.613033,0.294256,0.294256,0.0980853,0.073564,0.0245213,0,0,0,0,0
66739,66750,66744,20.2,-104.434,39.3735,51.131,-59.063,500.658,4.40001,1.31189,95.39,0.218136,0.000684715,0.733334,0.923458,0.869137,0.543211,0.434568,0.407408,0.190124,0.190124,0.0814816,0.0271605,0,0,0,0,0
66751,66764,66758,20.1,-104.433,39.3738,51.9477,-60.0385,496.127,4.34446,1.31878,88.9549,0.202357,0.000660144,0.83951,0.734571,0.755559,0.335804,0.608645,0.419755,0.482718,0.125927,0.0419755,0,0,0,0,0,0
66766,66777,66772,20,-104.432,39.3738,52.8327,-60.02,493.772,4.13602,1.20228,78.2113,0.195158,0.000552944,0.594398,0.668697,0.767764,0.544865,0.767764,0.371499,0.247666,0.123833,0.0495331,0,0,0,0,0,0
66779,66790,66784,19.9,-104.432,39.3736,53.7336,-59.6291,492.302,4.52398,1.37878,97.7836,0.21276,0.000689222,0.84052,0.543866,1.01357,0.593308,0.519145,0.370818,0.494424,0.0988847,0,0.0494424,0,0,0,0,0
66792,66803,66798,19.8,-104.432,39.3731,54.6145,-59.5627,490.168,4.85276,1.39033,97.3865,0.210137,0.000699345,1.16367,0.767528,0.891323,0.495179,0.519938,0.445661,0.321867,0.173313,0.0495179,0.024759,0,0,0,0,0
66805,66819,66812,19.7,-104.431,39.3722,55.5115,-60.6715,485.361,4.49891,1.22207,90.3698,0.221844,0.000542805,1.07217,0.903986,0.672734,0.525573,0.609665,0.210229,0.35739,0.105115,0.0210229,0,0,0.0210229,0,0,0
66820,66833,66826,19.6,-104.43,39.3713,56.4818,-60.5473,483.253,3.97982,1.17518,83.253,0.212528,0.000590009,0.895459,0.572099,0.596973,0.547225,0.596973,0.298486,0.32336,0.0497477,0.0746216,0.0248739,0,0,0,0,0
66835,66849,66842,19.5,-104.43,39.3705,57.3633,-60.0492,482.233,4.74255,1.22839,77.3245,0.188844,0.000545284,1.06651,0.930356,0.816898,0.612674,0.317683,0.521907,0.340374,0.113458,0.0226916,0,0,0,0,0,0
66850,66865,66858,19.4,-104.429,39.3698,58.3377,-59.6054,480.926,5.06872,1.41272,90.5861,0.192366,0.000640048,1.0682,0.858751,0.712135,0.628354,0.691189,0.628354,0.314177,0.125671,0.0418903,0,0,0,0,0,0
66866,66881,66874,19.3,-104.429,39.369,59.3431,-58.9631,480.019,5.0196,1.41874,98.7188,0.208746,0.000692514,1.08758,0.878429,0.815684,0.627449,0.732024,0.25098,0.439215,0.12549,0.020915,0.04183,0,0,0,0,0
66882,66896,66889,19.2,-104.428,39.3682,60.2721,-58.4014,479.146,4.57341,1.38751,103.371,0.223503,0.000680052,0.968944,0.872049,0.658882,0.503851,0.542609,0.387578,0.426335,0.17441,0.0193789,0,0.0193789,0,0,0,0
66898,66912,66905,19.1,-104.427,39.3674,61.3079,-57.7843,478.199,5.81632,1.76459,129.299,0.219822,0.000924583,1.23669,1.12075,0.792257,0.676317,0.772933,0.40579,0.5797,0.0966167,0.0772933,0.05797,0,0,0,0,0
66914,66929,66922,19,-104.426,39.3668,62.3193,-57.25,477.136,5.53852,1.50417,102.46,0.204352,0.0007314,1.24569,1.14986,0.804905,0.670755,0.785741,0.229973,0.383288,0.191644,0.0574932,0.0191644,0,0,0,0,0
66931,66945,66938,18.9,-104.426,39.3666,63.3569,-56.65,476.218,5.16025,1.4714,96.1831,0.196106,0.000703997,0.974024,0.911852,0.994748,0.663165,0.414478,0.518098,0.435202,0.248687,0,0,0,0,0,0,0
66946,66960,66953,18.8,-104.425,39.3667,64.3362,-56.18,475.163,5.86835,1.55577,100.627,0.19404,0.000707888,1.55942,0.94386,0.861785,0.615561,0.759192,0.451411,0.533486,0.123112,0,0.0205187,0,0,0,0,0
66962,66977,66970,18.7,-104.424,39.367,65.3729,-56.2557,472.83,5.84988,1.51602,100.794,0.199457,0.000694315,1.27004,1.27004,1.03912,0.500319,0.82745,0.461833,0.288645,0.0769721,0.0962151,0.019243,0,0,0,0,0
66978,66993,66986,18.6,-104.424,39.3675,66.4764,-56.5943,469.848,5.55688,1.53064,104.596,0.205005,0.000765998,1.34132,1.09222,0.91976,0.555688,0.57485,0.421557,0.34491,0.210778,0.0958083,0,0,0,0,0,0
66994,67008,67001,18.5,-104.423,39.3682,67.5957,-56.065,468.746,5.3982,1.30582,78.9251,0.181323,0.000543219,1.45483,1.11027,0.650847,0.650847,0.574277,0.516849,0.287138,0.153141,0,0,0,0,0,0,0
67010,67025,67018,18.4,-104.423,39.3689,68.6747,-56.0347,466.698,4.94853,1.33006,100.038,0.225638,0.000612238,1.19263,1.01463,0.872222,0.480612,0.587415,0.373809,0.267007,0.0712018,0.0356009,0.0356009,0.0178005,0,0,0,0
67026,67036,67031,18.3,-104.422,39.3693,69.73,-54.66,467.617,5.72945,1.8214,131.572,0.21671,0.000995822,1.09273,1.09273,0.945065,0.649732,0.472532,0.561132,0.561132,0.206733,0.147666,0,0,0,0,0,0
67037,67055,67046,18.2,-104.421,39.3694,70.9085,-54.7692,465.144,5.50624,1.3218,95.9916,0.217865,0.000571137,1.60256,1.25329,0.801281,0.61637,0.554733,0.226002,0.267094,0.123274,0.0205457,0.0205457,0.0205457,0,0,0,0
67056,67069,67062,18.1,-104.42,39.3693,72.06,-56.0408,460.314,6.29324,1.69801,121.981,0.215512,0.000872872,1.71259,1.38245,0.866611,0.619008,0.660275,0.350771,0.330137,0.247603,0.0825343,0.0412672,0,0,0,0,0
67070,67085,67078,18,-104.417,39.3685,73.2207,-60.9407,447.878,6.19462,1.56037,127.063,0.244294,0.000731179,1.94909,1.58243,0.964895,0.405256,0.405256,0.308766,0.289468,0.212277,0,0.0385958,0.0385958,0,0,0,0
67088,67103,67096,17.9,-104.413,39.3666,74.5456,-61.3219,444.783,7.27444,1.65917,105.532,0.190817,0.000753381,2.463,1.79474,0.76372,0.649162,0.439139,0.439139,0.477325,0.19093,0.057279,0,0,0,0,0,0
67104,67119,67112,17.8,-104.41,39.3646,75.7181,-60.5063,444.514,6.65682,1.66279,125.904,0.227155,0.000809128,2.20626,1.25529,1.23627,0.494507,0.589604,0.171175,0.418429,0.152156,0.076078,0.038039,0.0190195,0,0,0,0
67120,67135,67128,17.7,-104.406,39.3627,76.9907,-60.426,442.567,6.90108,1.82764,148.915,0.244439,0.000900169,2.36782,1.37617,1.15355,0.424993,0.465469,0.283329,0.505944,0.202378,0.0607133,0.0202378,0.0202378,0.0202378,0,0,0
67136,67151,67144,17.6,-104.403,39.3612,78.3146,-61.3962,438.407,7.77559,1.82254,147.956,0.243545,0.000796158,2.48257,2.24836,0.960239,0.655773,0.562091,0.327886,0.281045,0.0702614,0.117102,0.0234205,0,0.0468409,0,0,0
67152,67167,67160,17.5,-104.399,39.3601,79.6536,-63.01,432.97,7.08109,1.41716,90.1295,0.190796,0.000588661,2.54305,1.77575,1.07422,0.569995,0.394612,0.219229,0.328843,0.109614,0.0219229,0.0438457,0,0,0,0,0
67168,67184,67176,17.4,-104.396,39.3591,80.894,-62.9593,431.153,6.90277,1.46169,108.816,0.223335,0.000633273,2.7405,1.566,0.906633,0.679974,0.35029,0.164842,0.288474,0.0824211,0.0618159,0.0412106,0,0.0206053,0,0,0
67185,67199,67192,17.3,-104.392,39.3579,82.1957,-62,431.157,7.25734,1.40475,89.2229,0.190546,0.000586303,2.68064,2.02683,1.0679,0.414083,0.370495,0.152557,0.370495,0.108969,0.0217938,0.0435877,0,0,0,0,0
67202,67217,67210,17.2,-104.388,39.3566,83.592,-61.4207,430.271,6.39641,1.32577,86.7305,0.196257,0.000591206,2.40877,1.47765,0.951364,0.404836,0.56677,0.0809672,0.303627,0.0809672,0.101209,0.0202418,0,0,0,0,0
67218,67235,67226,17.1,-104.384,39.3551,85.0675,-61.335,428.287,7.84156,1.53447,94.104,0.18398,0.000629555,2.79107,2.08855,1.17718,0.588592,0.41771,0.208855,0.322776,0.189868,0.0379737,0.0189868,0,0,0,0,0
67237,67251,67244,17,-104.381,39.3534,86.4692,-61.1562,426.658,7.33307,1.48766,122.885,0.247808,0.000593585,3.31623,1.79824,0.817381,0.443721,0.326952,0.163476,0.256891,0.093415,0.0700612,0,0,0.0233537,0.0233537,0,0
67252,67266,67259,16.9,-104.377,39.3516,87.8662,-61.2069,424.611,7.48795,1.74972,152.761,0.261918,0.000748919,3.04198,1.56779,1.09979,0.631796,0.374397,0.140399,0.280798,0.257398,0.0233998,0,0,0.0701995,0,0,0
67267,67282,67274,16.8,-104.373,39.3496,89.3,-61.3867,422.283,6.62755,1.31592,81.3969,0.185566,0.000534049,2.46311,1.47279,1.11729,0.482465,0.380894,0.304715,0.203143,0.152358,0.0253929,0.0253929,0,0,0,0,0
67284,67297,67290,16.7,-104.368,39.3478,90.8062,-61.46,420.131,7.29861,1.52243,113.846,0.224337,0.000695381,3.23861,1.76012,0.844855,0.305087,0.375491,0.211214,0.305087,0.117341,0.0938728,0.0234682,0.0234682,0,0,0,0
67298,67315,67306,16.6,-104.363,39.3464,92.4247,-61.5347,417.87,7.38307,1.47817,112.71,0.228749,0.000613141,3.04247,2.00803,1.09529,0.304247,0.202832,0.202832,0.304247,0.121699,0.0608495,0,0.0405663,0,0,0,0
67316,67332,67324,16.5,-104.358,39.3451,93.9943,-62.1079,414.731,7.69525,1.70646,131.735,0.231594,0.000828244,3.24813,1.94016,0.850183,0.435991,0.305194,0.196196,0.370593,0.239795,0.0217996,0.0653987,0.0217996,0,0,0,0
67334,67350,67342,16.4,-104.353,39.3442,95.6394,-62.4981,411.924,7.64739,1.63648,126.924,0.232678,0.000721662,3.02072,2.04568,0.936806,0.554436,0.305896,0.191185,0.305896,0.133829,0.114711,0,0.0191185,0.0191185,0,0,0
67351,67371,67361,16.3,-104.347,39.3435,97.1881,-63.6014,407.89,8.30312,1.96672,167.969,0.256217,0.000898945,2.93916,2.0868,1.24914,0.631919,0.587832,0.220437,0.220437,0.17635,0.073479,0.0587832,0.0440874,0.0146958,0,0,0
67372,67396,67384,16.2,-104.34,39.3428,98.8733,-64.0421,405.032,8.4234,1.71941,133.394,0.232743,0.00068457,3.09431,2.23478,1.4039,0.644648,0.358138,0.186232,0.229208,0.143255,0.0716275,0.0143255,0.0143255,0.0143255,0.0143255,0,0
67397,67422,67410,16.1,-104.333,39.3419,100.593,-64.3152,402.521,7.57715,1.59895,124.938,0.234413,0.000734431,3.69801,1.69052,0.76979,0.211315,0.301878,0.301878,0.316972,0.166033,0.0603757,0.0301878,0,0.0301878,0,0,0
67423,67449,67436,16,-104.325,39.3407,102.293,-64.2109,400.796,8.44208,1.68228,127.692,0.227712,0.000718544,3.87555,2.10301,0.841204,0.450645,0.360516,0.240344,0.30043,0.150215,0.060086,0.030043,0.0150215,0,0.0150215,0,0
67450,67474,67462,15.9,-104.318,39.3395,103.968,-64.0415,399.26,8.16037,1.50456,99.5285,0.198454,0.000592453,3.73587,1.80768,1.03296,0.516479,0.430399,0.0860799,0.327103,0.137728,0.0688639,0,0,0.017216,0,0,0
67475,67496,67486,15.8,-104.312,39.3389,105.685,-63.98,397.518,8.32475,1.59069,103.428,0.195061,0.000684613,3.69786,1.94912,0.892588,0.582914,0.400754,0.346105,0.182161,0.127513,0.109296,0.0364321,0,0,0,0,0
67497,67516,67506,15.7,-104.306,39.3384,107.425,-63.6013,396.385,8.89183,1.75044,142.916,0.244937,0.000677884,3.8632,2.2877,1.25176,0.388478,0.453224,0.172657,0.237403,0.107911,0.0431642,0.0215821,0.0431642,0.0215821,0,0,0
67517,67535,67526,15.6,-104.301,39.3376,109.228,-63.3118,395.042,9.13345,1.65298,106.911,0.194034,0.000709327,4.4859,2.1015,0.86889,0.505169,0.404135,0.242481,0.222274,0.161654,0.101034,0.0404135,0,0,0,0,0
67536,67553,67544,15.5,-104.297,39.3368,110.963,-62.8781,394.085,8.99323,1.52892,85.4604,0.167688,0.000563137,4.27017,2.02725,1.01363,0.517596,0.388197,0.194099,0.388197,0.172532,0.0215665,0,0,0,0,0,0
67554,67571,67562,15.4,-104.293,39.3358,112.757,-62.4167,393.149,9.64683,1.90105,140.797,0.222187,0.000831516,4.73198,1.92022,1.16585,0.525775,0.365757,0.365757,0.251458,0.160019,0.0685794,0.0685794,0,0.0228598,0,0,0
67572,67590,67581,15.3,-104.29,39.3346,114.662,-61.715,392.564,9.80104,2.02052,163.858,0.243291,0.000848761,4.37716,2.34083,1.17993,0.647059,0.380623,0.209343,0.342561,0.17128,0.0570935,0.0380623,0,0.0570935,0,0,0
67591,67609,67600,15.2,-104.286,39.3333,116.579,-61.1571,391.744,8.94987,1.58435,107.027,0.202658,0.000610445,4.30398,2.13188,1.0056,0.442466,0.362017,0.221233,0.281569,0.120672,0.0201121,0.0402241,0.0201121,0,0,0,0
67610,67628,67619,15.1,-104.283,39.3314,118.468,-61.0983,390.062,10.3709,2.04667,143.861,0.210871,0.000961812,4.85246,2.4738,1.06564,0.570878,0.342527,0.361556,0.342527,0.152234,0.114176,0.0951463,0,0,0,0,0
67629,67648,67638,15,-104.279,39.3291,120.498,-60.3895,389.462,9.40747,1.70305,108.285,0.190749,0.000701331,4.43546,2.14619,1.0731,0.411353,0.572318,0.268274,0.214619,0.178849,0.0536548,0.0536548,0,0,0,0,0
67649,67667,67658,14.9,-104.275,39.3265,122.428,-59.095,390.057,10.2138,1.99784,153.661,0.230742,0.000792745,4.8816,2.29059,1.05142,0.469384,0.675913,0.262855,0.337957,0.0938768,0.0751015,0.0187754,0.0375507,0.0187754,0,0,0
67668,67687,67678,14.8,-104.271,39.3236,124.387,-58.4329,389.499,10.1121,1.85588,172.279,0.278486,0.000695243,4.77844,2.37931,1.54655,0.416379,0.396551,0.0793102,0.337069,0.0991378,0.0198276,0.0198276,0,0,0.0198276,0.0198276,0
67688,67710,67699,14.7,-104.266,39.32,126.474,-58.46,387.603,10.5816,1.96884,146.198,0.222767,0.000825036,5.17,2.35147,1.38511,0.483178,0.43486,0.144953,0.273801,0.177165,0.0644237,0.0644237,0.0161059,0.0161059,0,0,0
67711,67736,67724,14.6,-104.259,39.316,128.63,-59.24,384.329,9.89148,1.95927,161.49,0.247271,0.000842049,4.94574,2.4053,0.932394,0.432414,0.310798,0.22972,0.283772,0.189181,0.0675647,0.0405388,0.0135129,0.0270259,0.0135129,0,0
67737,67761,67749,14.5,-104.252,39.3127,130.685,-59.1374,382.778,10.6182,1.76724,118.042,0.200383,0.000649377,5.47847,2.51833,1.04562,0.500721,0.412358,0.132544,0.265087,0.147271,0.0883625,0,0.0147271,0.0147271,0,0,0
67762,67787,67774,14.4,-104.246,39.3097,132.753,-58.3537,382.467,11.2179,1.87007,137.806,0.221071,0.000708628,6.42222,2.41184,0.96754,0.336536,0.36458,0.224357,0.238379,0.0981562,0.0701116,0.0420669,0.0140223,0.0280446,0,0,0
