data/B2SAP/Locations/Boulder/NOAA-POPS-B2SAP_GMLBalloon_20210913_R0.ict
61,1001
Thornberry, T. D.
NOAA Chemical Sciences Laboratory
Portable Optical Particle Spectrometer (POPS)
Balloon Baseline Stratospheric Aerosol Profiles (B2SAP)
1,1
2021,09,13,2024,05,30
0
TIME_START,s,Seconds since midnight UTC on flight start day,Start time of 100 m altitude bin in UTC_seconds_since_midnight
28
1.0,1.0,1.0,1.0,1.0,1.0,1.0,1.0,1.0,1.0,1.0,1.0,1.0,1.0,1.0,1.0,1.0,1.0,1.0,1.0,1.0,1.0,1.0,1.0,1.0,1.0,1.0,1.0
99999,99999,99999,99999,99999,99999,99999,99999,99999,99999,99999,99999,99999,99999,99999,99999,99999,99999,99999,99999,99999,99999,99999,99999,99999,99999,99999,99999
TIME_STOP,s,End time of 100 m altitude bin in UTC seconds since midnight,
TIME_MID,s,Mid time of 100 m altitude in UTC seconds since midnight,
GPSAlt,m,GPS reported altitude above sea level (m),
GPS_Lon,deg,GPS reported longitude,
GPS_Lat,deg,GPS reported latitude,
iMet_Pressure,mb,Pressure reported (mB),
iMet_Temperature,degrees C,Ambient temperature (oC),
THETA,K,Potential temperature from iMet,
Aerosol_concentration,cm^-3,Aerosol concentration,
Surface_Area_Conc,um^2 cm^-3,Surface area concentration,
Volume_density,um^3 cm^-3,Volume density,
Effective_radius,um,Effective radius,
Extinction,km^-1,Extinction,
Bin01,cm^-3,particle concentration in size range [140 - 170 nm],
Bin02,cm^-3,particle concentration in size range [170 - 205 nm],
Bin03,cm^-3,particle concentration in size range [205 - 249 nm],
Bin04,cm^-3,particle concentration in size range [249 - 302 nm],
Bin05,cm^-3,particle concentration in size range [302 - 366 nm],
Bin06,cm^-3,particle concentration in size range [366 - 443 nm],
Bin07,cm^-3,particle concentration in size range [443 - 537 nm],
Bin08,cm^-3,particle concentration in size range [537 - 651 nm],
Bin09,cm^-3,particle concentration in size range [651 - 789 nm],
Bin10,cm^-3,particle concentration in size range [789 - 956 nm],
Bin11,cm^-3,particle concentration in size range [956 - 1159 nm],
Bin12,cm^-3,particle concentration in size range [1159 - 1404 nm],
Bin13,cm^-3,particle concentration in size range [1404 - 1702 nm],
Bin14,cm^-3,particle concentration in size range [1702 - 2062 nm],
Bin15,cm^-3,particle concentration in size range [2062 - 2500 nm],
0
19
PI_CONTACT_INFO: 325 Broadway R/CSL6, Boulder, CO 80305; troy.thornberry@noaa.gov; 303-497-3373 
PLATFORM: GML ECC/FPH balloon
LOCATION: Boulder, CO, USA
ASSOCIATED_DATA: N/A
INSTRUMENT_INFO: Printed Optical Particle Spectrometer counts particles from 140 - 2500 nm in diameter 
DATA_INFO: Particle concentrations reported in number per cubic centimeter, binned to 100 m altitude
UNCERTAINTY: Counting uncertainty dominated by air flow, less than 5 percent
ULOD_FLAG: -77777
ULOD_VALUE: 3000 ~3000 per cm3 (varies depending on flow rate- manufacturer quotes 1250  per cm3 at 1.667 cc/s)
LLOD_FLAG: -88888
LLOD_VALUE: 0 0 (varies depending on data field and measurement precision)
DM_CONTACT_INFO: Troy Thornberry, 325 Broadway R/CSL6, Boulder, CO 80305; troy.thornberry@noaa.gov; 303-497-3373
PROJECT_INFO: B2SAP Boulder, CO, USA
STIPULATIONS_ON_USE: Please contact the PIs for questions regarding applications and uncertainties
OTHER_COMMENTS: POPS bin Edges (nm):  140, 170, 205, 249, 302, 366, 443, 537, 651, 789, 956, 1159, 1404, 1702, 2062, 2500
Calculations assume sulfate refractive index of 1.45+0.00j and extinction wavelength = 532 nm
REVISION: R0
R0: QA/QC data
TIME_START,TIME_STOP,TIME_MID,GPSAlt,GPS_Lon,GPS_Lat,iMet_Pressure,iMet_Temperature,THETA,Aerosol_concentration,Surface_Area_Conc,Volume_density,Effective_radius,Extinction,Bin01,Bin02,Bin03,Bin04,Bin05,Bin06,Bin07,Bin08,Bin09,Bin10,Bin11,Bin12,Bin13,Bin14,Bin15
[from data line 235]
62996,63013,63004,25.3,-104.224,39.9537,24.5108,-48.3433,648.632,2.13252,0.520404,32.0329,0.184662,0.000224166,0.479816,0.426503,0.45316,0.239908,0.186595,0.133282,0.133282,0.0799694,0,0,0,0,0,0,0
63016,63034,63025,25.4,-104.224,39.954,24.1433,-47.8027,652.994,1.96545,0.422965,25.7391,0.182562,0.000172714,0.683634,0.405908,0.149545,0.320453,0.192272,0.0854543,0.0640907,0.0427271,0.0213636,0,0,0,0,0,0
63037,63055,63046,25.5,-104.224,39.9541,23.72,-47.8762,656.101,1.93907,0.434574,24.0197,0.165815,0.000150238,0.478471,0.352557,0.302192,0.251827,0.277009,0.201461,0.0503654,0.0251827,0,0,0,0,0,0,0
63056,63076,63066,25.6,-104.225,39.9541,23.3592,-47.1483,661.094,1.59131,0.281172,13.2725,0.141612,6.91597e-05,0.466418,0.274363,0.246927,0.384109,0.164618,0,0.0548727,0,0,0,0,0,0,0,0
63077,63097,63087,25.7,-104.226,39.9543,23.0264,-47.4157,663.039,1.48472,0.301964,16.0325,0.159282,9.60503e-05,0.311312,0.359206,0.215524,0.335259,0.143682,0.0478942,0.0478942,0.0239471,0,0,0,0,0,0,0
63098,63118,63108,25.8,-104.226,39.9548,22.6167,-47.962,664.823,1.34721,0.305251,16.9461,0.166545,0.000106313,0.274009,0.365345,0.137005,0.137005,0.251175,0.137005,0.0228341,0.0228341,0,0,0,0,0,0,0
63119,63139,63129,25.9,-104.226,39.9555,22.2733,-48.5993,665.857,1.63724,0.277713,13.4111,0.144874,7.44714e-05,0.530373,0.345895,0.345895,0.184478,0.138358,0.0230597,0.0691791,0,0,0,0,0,0,0,0
63140,63161,63150,26,-104.226,39.9562,21.9347,-48.91,667.843,1.34452,0.262542,14.0202,0.160205,8.50743e-05,0.400997,0.306645,0.188705,0.188705,0.11794,0.0943523,0.0235881,0.0235881,0,0,0,0,0,0,0
63162,63182,63172,26.1,-104.226,39.9569,21.584,-48.9987,670.666,1.77938,0.390388,22.8716,0.17576,0.00015438,0.450777,0.427052,0.355877,0.142351,0.166076,0.0949005,0.0949005,0.0474502,0,0,0,0,0,0,0
63183,63204,63194,26.2,-104.227,39.9572,21.2294,-49.0053,673.823,1.55541,0.354737,20.7911,0.17583,0.00013887,0.340911,0.447446,0.170456,0.21307,0.149149,0.127842,0.0639209,0.0426139,0,0,0,0,0,0,0
63205,63224,63214,26.3,-104.228,39.9573,20.8738,-48.7756,677.785,1.4619,0.28953,14.6339,0.151631,8.39156e-05,0.388318,0.274107,0.274107,0.137053,0.274107,0.0685267,0.0456845,0,0,0,0,0,0,0,0
63227,63247,63237,26.4,-104.229,39.9574,20.5719,-49.2069,679.298,1.55938,0.306121,16.2571,0.159321,9.85684e-05,0.418938,0.349115,0.279292,0.209469,0.16292,0.0698229,0.0465486,0.0232743,0,0,0,0,0,0,0
63248,63266,63257,26.5,-104.23,39.9576,20.2547,-48.8493,683.408,1.03088,0.173504,8.08254,0.139752,4.18399e-05,0.276577,0.326864,0.100574,0.176004,0.100574,0.0251434,0.0251434,0,0,0,0,0,0,0,0
63269,63289,63279,26.6,-104.231,39.9577,19.8844,-49.255,685.78,1.35544,0.257045,12.9758,0.151443,7.42091e-05,0.523153,0.214017,0.118898,0.166458,0.190237,0.118898,0.0237797,0,0,0,0,0,0,0,0
63290,63309,63300,26.7,-104.231,39.9578,19.5577,-48.9254,690.055,1.58332,0.285756,14.4152,0.151338,8.4189e-05,0.507857,0.418236,0.209118,0.14937,0.14937,0.0896219,0.0597479,0,0,0,0,0,0,0,0
63310,63330,63320,26.8,-104.232,39.9577,19.2554,-48.85,693.357,1.43709,0.198719,8.3808,0.126522,3.7922e-05,0.718546,0.269455,0.149697,0.119758,0.119758,0.0598788,0,0,0,0,0,0,0,0,0
63331,63349,63340,26.9,-104.232,39.9575,18.9518,-49.0218,695.982,1.43165,0.231975,10.5607,0.136576,5.2487e-05,0.563273,0.281637,0.187758,0.140818,0.164288,0.0938788,0,0,0,0,0,0,0,0,0
63350,63371,63360,27,-104.232,39.9574,18.6115,-48.7023,700.59,1.046,0.175501,8.18057,0.139838,4.25462e-05,0.246117,0.276882,0.276882,0.123059,0.0615293,0.0307646,0.0307646,0,0,0,0,0,0,0,0
63372,63392,63382,27.1,-104.232,39.9574,18.2621,-47.9964,706.618,1.0453,0.146206,6.37078,0.130722,3.12713e-05,0.464578,0.232289,0.145181,0.116144,0.0580722,0,0.0290361,0,0,0,0,0,0,0,0
63393,63413,63403,27.2,-104.231,39.9572,18.0327,-47.8227,709.712,1.08281,0.115702,4.2207,0.109437,1.54748e-05,0.709429,0.149353,0.149353,0.0373384,0,0.0373384,0,0,0,0,0,0,0,0,0
63414,63436,63425,27.3,-104.231,39.9572,17.7888,-47.6956,712.886,1.22624,0.192075,8.74195,0.13654,4.44125e-05,0.365263,0.339173,0.286992,0.104361,0.0521804,0.0521804,0.0260902,0,0,0,0,0,0,0,0
63437,63452,63444,27.4,-104.231,39.9573,17.4892,-47.3517,717.443,1.22467,0.168165,6.83789,0.121985,2.81515e-05,0.559849,0.209943,0.174953,0.174953,0.0699811,0.0349905,0,0,0,0,0,0,0,0,0
63458,63476,63467,27.5,-104.231,39.9575,17.1973,-46.8333,722.561,1.02957,0.141347,5.51513,0.117055,2.08082e-05,0.37179,0.200195,0.285993,0.0571985,0.114397,0,0,0,0,0,0,0,0,0,0
63480,63496,63488,27.6,-104.231,39.9578,16.9071,-46.5993,726.826,1.06179,0.139222,5.2574,0.113288,1.8627e-05,0.312292,0.374751,0.218604,0.0624584,0.0936876,0,0,0,0,0,0,0,0,0,0
63497,63512,63504,27.7,-104.231,39.9581,16.6954,-46.1577,730.869,0.975918,0.108131,3.6828,0.102176,1.04558e-05,0.437481,0.269219,0.201914,0.0336524,0.0336524,0,0,0,0,0,0,0,0,0,0
63518,63532,63525,27.8,-104.231,39.9586,16.4527,-45.46,736.197,0.718386,0.104306,4.03051,0.115923,1.38647e-05,0.159641,0.159641,0.239462,0.119731,0.0399103,0,0,0,0,0,0,0,0,0,0
63538,63559,63548,27.9,-104.231,39.9591,16.1318,-44.5706,743.241,0.870173,0.0882027,2.89554,0.0984846,7.8383e-06,0.527378,0.158213,0.131844,0.0263689,0.0263689,0,0,0,0,0,0,0,0,0,0
63560,63588,63574,28,-104.232,39.9597,15.8694,-44.1229,748.195,0.842155,0.111818,4.24113,0.113787,1.47009e-05,0.289491,0.236856,0.131587,0.131587,0.0526347,0,0,0,0,0,0,0,0,0,0
63591,63626,63608,28.1,-104.233,39.9609,15.625,-43.4833,753.617,1.19173,0.127926,4.38953,0.102939,1.36097e-05,0.595864,0.372415,0.148966,0,0.074483,0,0,0,0,0,0,0,0,0,0
57773,57799,57786,1.8,-105.197,39.9491,826.918,17.3083,306.662,400.249,61.138,4607.89,0.226106,0.0166708,184.354,106.41,47.768,26.4176,18.5037,9.10951,4.9533,1.53723,0.341607,0.227738,0.0569344,0.170803,0,0.170803,0.227738
57786,57792,57789,1.7,-105.197,39.9491,826.92,18.13,307.529,398.249,63.1214,4968.59,0.236144,0.018453,182.923,103.308,50.173,26.9157,18.2923,8.01375,4.96504,1.56791,0.696848,0.522636,0.087106,0.261318,0.087106,0.261318,0.174212
63739,63751,63745,27.9,-104.238,39.9668,16.07,-42.1767,751.852,0.59349,0.0653588,2.15604,0.0989631,5.28476e-06,0.148373,0.370932,0,0.0741863,0,0,0,0,0,0,0,0,0,0,0
63753,63768,63760,27.8,-104.238,39.9671,16.2569,-41.7623,750.706,1.06035,0.131461,4.89937,0.111806,1.69298e-05,0.513073,0.205229,0.136819,0.136819,0.0684097,0,0,0,0,0,0,0,0,0,0
63776,63795,63786,27.7,-104.238,39.9674,16.5642,-43.0568,742.537,0.802255,0.0947017,3.56591,0.112962,1.30408e-05,0.401128,0.235957,0.0235957,0.117979,0,0.0235957,0,0,0,0,0,0,0,0,0
63796,63816,63806,27.6,-104.237,39.9678,16.8608,-44.31,734.748,0.781667,0.125729,5.76422,0.137539,2.9e-05,0.297778,0.111667,0.223333,0.0372222,0.0372222,0.0744445,0,0,0,0,0,0,0,0,0
63817,63830,63824,27.5,-104.237,39.968,17.0469,-43.3946,735.379,0.876801,0.10064,3.4449,0.10269,9.1872e-06,0.337231,0.303508,0.101169,0.134892,0,0,0,0,0,0,0,0,0,0,0
63831,63855,63843,27.4,-104.238,39.9684,17.3675,-45.5419,724.632,0.930977,0.135751,5.54897,0.122629,2.2837e-05,0.355962,0.191672,0.136908,0.109527,0.136908,0,0,0,0,0,0,0,0,0,0
63856,63866,63861,27.3,-104.237,39.9686,17.5736,-45.3109,722.932,1.07426,0.164746,6.99253,0.127333,3.03238e-05,0.358088,0.198938,0.238725,0.15915,0.079575,0.0397875,0,0,0,0,0,0,0,0,0
63874,63890,63882,27.2,-104.238,39.9689,17.9469,-46.0581,716.245,0.968119,0.14781,6.68417,0.135664,3.3345e-05,0.430275,0.188245,0.134461,0.0806766,0.0537844,0.0806766,0,0,0,0,0,0,0,0,0
63891,63906,63898,27.1,-104.237,39.969,18.1989,-47.0078,710.416,0.66362,0.0960751,3.68164,0.114961,1.2622e-05,0.0948029,0.189606,0.284409,0.0474014,0.0474014,0,0,0,0,0,0,0,0,0,0
63908,63922,63915,27,-104.237,39.9692,18.4847,-46.5467,708.706,1.07551,0.121676,4.29481,0.105891,1.36156e-05,0.509451,0.339634,0.0849086,0.0849086,0.0566057,0,0,0,0,0,0,0,0,0,0
63929,63938,63934,26.9,-104.237,39.9693,18.861,-46.341,705.274,0.99252,0.164421,7.60552,0.138769,3.84678e-05,0.372195,0.206775,0.124065,0.124065,0.08271,0.08271,0,0,0,0,0,0,0,0,0
63939,63947,63943,26.8,-104.237,39.9693,19.0467,-45.5856,705.652,1.19073,0.165133,7.51194,0.136471,4.09156e-05,0.54957,0.320582,0.18319,0,0.0915949,0,0.0457975,0,0,0,0,0,0,0,0
63955,63968,63962,26.7,-104.237,39.9694,19.4471,-47.6093,695.224,1.18557,0.167761,7.31587,0.130827,3.56279e-05,0.622423,0.207474,0.148196,0,0.148196,0.0592784,0,0,0,0,0,0,0,0,0
63969,63982,63976,26.6,-104.237,39.9697,19.74,-48.0775,690.83,1.22161,0.182616,7.91377,0.130007,3.61939e-05,0.559903,0.254501,0,0.254501,0.101801,0.0509003,0,0,0,0,0,0,0,0,0
63983,63996,63990,26.5,-104.238,39.9699,20.003,-47.962,688.568,1.29335,0.165546,6.18355,0.112057,2.10954e-05,0.485007,0.363755,0.202086,0.161669,0.0808345,0,0,0,0,0,0,0,0,0,0
63997,64011,64004,26.4,-104.238,39.97,20.3582,-48.1164,684.652,1.37443,0.249946,12.0305,0.144398,6.37938e-05,0.397861,0.325523,0.217015,0.144677,0.144677,0.144677,0,0,0,0,0,0,0,0,0
64012,64024,64018,26.3,-104.238,39.9701,20.738,-48.814,678.929,1.57878,0.297771,15.3065,0.154211,9.02906e-05,0.592042,0.315756,0.157878,0.157878,0.157878,0.157878,0.0394694,0,0,0,0,0,0,0,0
64025,64036,64030,26.2,-104.238,39.9704,21.0522,-48.9833,675.516,1.48299,0.301054,15.854,0.157986,9.65406e-05,0.479791,0.130852,0.348939,0.174469,0.218087,0.0436173,0.0872347,0,0,0,0,0,0,0,0
64039,64051,64045,26.1,-104.238,39.9708,21.3918,-49.6936,670.292,1.57934,0.251728,11.4488,0.136442,5.78853e-05,0.49135,0.421157,0.280771,0.175482,0.140386,0.0350964,0.0350964,0,0,0,0,0,0,0,0
64052,64065,64058,26,-104.238,39.9714,21.759,-46.625,676.21,1.13951,0.193437,8.94371,0.138707,4.50793e-05,0.379838,0.303871,0.0759676,0.151935,0.151935,0.0759676,0,0,0,0,0,0,0,0,0
64068,64077,64072,25.9,-104.238,39.9719,22.0933,-47.1567,671.675,1.06854,0.175068,7.93204,0.135925,3.87818e-05,0.439988,0.125711,0.188566,0.125711,0.125711,0.0628554,0,0,0,0,0,0,0,0,0
64078,64086,64082,25.8,-104.238,39.9722,22.416,-46.576,670.632,0.886098,0.168011,9.14135,0.163228,6.0091e-05,0.295366,0.295366,0.0738415,0,0.147683,0,0.0738415,0,0,0,0,0,0,0,0
64087,64098,64092,25.7,-104.238,39.9724,22.7467,-47.52,665.043,1.43299,0.232616,11.1804,0.144191,6.14882e-05,0.614137,0.245655,0.204712,0.204712,0.0409425,0.081885,0.0409425,0,0,0,0,0,0,0,0
64099,64107,64103,25.6,-104.238,39.9725,23.125,-48.0125,660.473,1.26532,0.329018,19.9152,0.181588,0.000135055,0.225951,0.271141,0.13557,0.225951,0.18076,0.13557,0.0451901,0.0451901,0,0,0,0,0,0,0
64108,64119,64114,25.5,-104.239,39.9725,23.4971,-47.2814,659.605,1.59584,0.328434,17.6988,0.161665,0.000106427,0.308872,0.360351,0.360351,0.205915,0.257393,0.0514787,0,0.0514787,0,0,0,0,0,0,0
64120,64132,64126,25.4,-104.239,39.9725,23.9555,-47.0836,656.549,1.83849,0.313406,14.9929,0.143516,8.11057e-05,0.677339,0.290288,0.290288,0.322543,0.161271,0.0322543,0.0645085,0,0,0,0,0,0,0,0
64133,64144,64138,25.3,-104.239,39.9726,24.3362,-47.345,652.836,1.62524,0.315094,15.1014,0.14378,7.76549e-05,0.351403,0.219627,0.263552,0.571029,0.131776,0.0439253,0.0439253,0,0,0,0,0,0,0,0
64145,64158,64152,25.2,-104.239,39.9726,24.707,-47.894,648.445,1.46613,0.299073,14.6067,0.14652,7.66036e-05,0.314171,0.244355,0.209447,0.349079,0.209447,0.139632,0,0,0,0,0,0,0,0,0
64160,64169,64164,25.1,-104.239,39.9726,25.0914,-48.3929,644.168,2.06724,0.312268,13.9279,0.133807,6.96877e-05,0.787518,0.541419,0.246099,0.19688,0.246099,0,0.0492199,0,0,0,0,0,0,0,0
64172,64185,64178,25,-104.239,39.973,25.5322,-48.0389,641.973,1.36115,0.219983,9.69094,0.13216,4.49869e-05,0.302478,0.491527,0.189049,0.189049,0.113429,0.0756195,0,0,0,0,0,0,0,0,0
64186,64197,64192,24.9,-104.239,39.9736,25.8888,-48.7013,637.561,1.51446,0.321167,16.7006,0.155999,9.85417e-05,0.25241,0.294478,0.336547,0.294478,0.210342,0.0420683,0.0841367,0,0,0,0,0,0,0,0
64198,64212,64205,24.8,-104.239,39.9742,26.2911,-49.1333,633.525,1.44911,0.339679,19.9191,0.175923,0.000133172,0.408724,0.22294,0.185784,0.22294,0.22294,0.0743134,0.0743134,0.0371567,0,0,0,0,0,0,0
64213,64226,64220,24.7,-104.239,39.9747,26.75,-48.8867,631.104,2.09252,0.419031,20.985,0.15024,0.000116676,0.477242,0.40382,0.40382,0.330398,0.256976,0.183555,0.0367109,0,0,0,0,0,0,0,0
64228,64240,64234,24.6,-104.239,39.975,27.166,-49.972,625.272,1.71708,0.354879,21.7532,0.183892,0.000140945,0.627395,0.165104,0.396249,0.264166,0.0990623,0.0990623,0,0.0330208,0.0330208,0,0,0,0,0,0
64241,64254,64248,24.5,-104.239,39.9753,27.605,-49.5862,623.503,1.83188,0.369154,19.7861,0.160795,0.000120278,0.447792,0.407083,0.325667,0.24425,0.284958,0.0407083,0.0407083,0.0407083,0,0,0,0,0,0,0
64255,64268,64262,24.4,-104.239,39.9757,28.084,-48.977,622.129,1.40867,0.294317,16.1463,0.164581,0.000100778,0.320153,0.384184,0.192092,0.160077,0.224107,0.0640306,0.0320153,0.0320153,0,0,0,0,0,0,0
64269,64281,64275,24.3,-104.24,39.9761,28.5078,-48.93,619.609,1.44634,0.348767,20.5731,0.176964,0.000134343,0.317489,0.176383,0.282213,0.282213,0.21166,0.10583,0,0.0705532,0,0,0,0,0,0,0
64282,64296,64289,24.2,-104.24,39.9763,28.94,-49.516,615.333,1.97951,0.398211,21.3557,0.160887,0.000128344,0.377049,0.502732,0.471311,0.188524,0.314207,0.0628415,0,0.0628415,0,0,0,0,0,0,0
64297,64311,64304,24.1,-104.24,39.9763,29.397,-50.225,610.646,2.10697,0.404689,19.8748,0.147334,0.000108705,0.566053,0.345921,0.345921,0.408816,0.314474,0.0628947,0.0628947,0,0,0,0,0,0,0,0
64312,64326,64319,24,-104.24,39.9765,29.89,-50.496,607.009,1.57293,0.37625,22.8397,0.182111,0.000147881,0.308418,0.33926,0.277576,0.185051,0.246734,0.154209,0.0308418,0,0.0308418,0,0,0,0,0,0
64327,64341,64334,23.9,-104.24,39.9767,30.372,-50.431,604.42,1.56535,0.371049,21.6827,0.175309,0.000145344,0.368318,0.337625,0.214852,0.153466,0.276238,0.0920795,0.0920795,0.0306932,0,0,0,0,0,0,0
64343,64357,64350,23.8,-104.241,39.977,30.876,-50.227,602.134,2.26403,0.45224,24.7231,0.164004,0.000153839,0.482993,0.664115,0.362244,0.362244,0.211309,0.0603741,0.0603741,0.0603741,0,0,0,0,0,0,0
64359,64371,64365,23.7,-104.241,39.9773,31.4022,-50.0133,599.807,2.41095,0.476813,24.8213,0.15617,0.000147246,0.693561,0.561454,0.19816,0.528427,0.132107,0.19816,0.0990801,0,0,0,0,0,0,0,0
64373,64386,64380,23.6,-104.241,39.9774,31.8389,-50.0933,597.237,1.99662,0.359675,16.7643,0.139829,8.49058e-05,0.327315,0.65463,0.327315,0.327315,0.261852,0.065463,0.0327315,0,0,0,0,0,0,0,0
64387,64402,64394,23.5,-104.241,39.9775,32.3367,-50.6022,593.23,2.16443,0.459103,24.9632,0.163122,0.000157487,0.459121,0.491915,0.426327,0.360738,0.163972,0.098383,0.163972,0,0,0,0,0,0,0,0
64403,64418,64410,23.4,-104.241,39.9777,32.89,-50.18,591.49,1.33481,0.313414,17.4563,0.167092,0.000108899,0.203123,0.203123,0.232141,0.377229,0.203123,0.0290176,0.0580352,0.0290176,0,0,0,0,0,0,0
64419,64434,64426,23.3,-104.241,39.9778,33.405,-50.579,587.807,1.87745,0.37765,19.4102,0.154192,0.000113345,0.433259,0.375491,0.346607,0.346607,0.202187,0.0866518,0.0866518,0,0,0,0,0,0,0,0
64436,64449,64442,23.2,-104.241,39.978,33.9544,-51.3311,583.108,2.20718,0.420567,20.0237,0.142834,0.000103026,0.504499,0.378374,0.409905,0.472968,0.315312,0.0945936,0.0315312,0,0,0,0,0,0,0,0
64450,64465,64458,23.1,-104.24,39.9782,34.468,-51.372,580.492,2.68524,0.536911,27.3519,0.152829,0.000155773,0.678375,0.45225,0.45225,0.45225,0.508781,0.0565313,0.0565313,0.0282656,0,0,0,0,0,0,0
64466,64482,64474,23,-104.241,39.9788,35.0444,-51.9211,576.329,2.31834,0.443738,21.1743,0.143154,0.000109232,0.587314,0.370935,0.340024,0.525491,0.370935,0.0927338,0.0309113,0,0,0,0,0,0,0,0
64483,64497,64490,22.9,-104.241,39.9793,35.6122,-51.7044,574.244,2.32048,0.442576,22.3711,0.151642,0.000129345,0.680675,0.433157,0.433157,0.278458,0.309398,0.0928193,0.0928193,0,0,0,0,0,0,0,0
64499,64513,64506,22.8,-104.241,39.9796,36.198,-51.426,572.295,2.91227,0.583759,32.4843,0.16694,0.000207075,0.934125,0.412114,0.714331,0.274743,0.329691,0.0824228,0.0824228,0.0824228,0,0,0,0,0,0,0
64514,64531,64522,22.7,-104.242,39.9794,36.823,-51.505,569.298,2.40005,0.528266,30.1635,0.171297,0.000200075,0.600013,0.463646,0.49092,0.32728,0.218186,0.0818199,0.190913,0.0272733,0,0,0,0,0,0,0
