data/B2SAP/Locations/Boulder/NOAA-POPS-B2SAP_GMLBalloon_20240417_R0.ict
82,1001
Thornberry, T. D.
NOAA Chemical Sciences Laboratory
Portable Optical Particle Spectrometer (POPS)
Balloon Baseline Stratospheric Aerosol Profiles (B2SAP)
1,1
2024,04,17,2024,05,28
0
TIME_START,s,Seconds since midnight UTC on flight start day,Start time of 100 m altitude bin in UTC_seconds_since_midnight
49
1.0,1.0,1.0,1.0,1.0,1.0,1.0,1.0,1.0,1.0,1.0,1.0,1.0,1.0,1.0,1.0,1.0,1.0,1.0,1.0,1.0,1.0,1.0,1.0,1.0,1.0,1.0,1.0,1.0,1.0,1.0,1.0,1.0,1.0,1.0,1.0,1.0,1.0,1.0,1.0,1.0,1.0,1.0,1.0,1.0,1.0,1.0,1.0,1.0
99999,99999,99999,99999,99999,99999,99999,99999,99999,99999,99999,99999,99999,99999,99999,99999,99999,99999,99999,99999,99999,99999,99999,99999,99999,99999,99999,99999,99999,99999,99999,99999,99999,99999,99999,99999,99999,99999,99999,99999,99999,99999,99999,99999,99999,99999,99999,99999,99999
TIME_STOP,s,End time of 100 m altitude bin in UTC seconds since midnight,
TIME_MID,s,Mid time of 100 m altitude in UTC seconds since midnight,
GPSAlt,km,GPS reported altitude above sea level (km),
GPS_Lon,deg,GPS reported longitude,
GPS_Lat,deg,GPS reported latitude,
iMet_Pressure,hPa,Pressure reported (hPa),
iMet_Temperature,degrees C,Ambient temperature (oC),
THETA,K,Potential temperature from iMet,
Aerosol_concentration,cm^-3,Aerosol concentration,
Surface_Area_Conc,um^2 cm^-3,Surface area concentration,
Volume_density,um^3 cm^-3,Volume density,
Effective_radius,um,Effective radius,
Extinction,km^-1,Extinction,
Bin01,cm^-3,particle concentration in size range [140 - 146.14 nm],
Bin02,cm^-3,particle concentration in size range [146.14 - 152.56 nm],
Bin03,cm^-3,particle concentration in size range [152.56 - 159.25 nm],
Bin04,cm^-3,particle concentration in size range [159.25 - 166.24 nm],
Bin05,cm^-3,particle concentration in size range [166.24 - 173.54 nm],
Bin06,cm^-3,particle concentration in size range [173.54 - 181.16 nm],
Bin07,cm^-3,particle concentration in size range [181.16 - 189.11 nm],
Bin08,cm^-3,particle concentration in size range [189.11 - 197.41 nm],
Bin09,cm^-3,particle concentration in size range [197.41 - 206.07 nm],
Bin10,cm^-3,particle concentration in size range [206.07 - 215.12 nm],
Bin11,cm^-3,particle concentration in size range [215.12 - 224.56 nm],
Bin12,cm^-3,particle concentration in size range [224.56 - 234.41 nm],
Bin13,cm^-3,particle concentration in size range [234.41 - 244.70 nm],
Bin14,cm^-3,particle concentration in size range [244.70 - 361.30 nm],
Bin15,cm^-3,particle concentration in size range [361.30 - 472.80 nm],
Bin16,cm^-3,particle concentration in size range [472.80 - 567.00 nm],
Bin17,cm^-3,particle concentration in size range [567.00 - 610.66 nm],
Bin18,cm^-3,particle concentration in size range [610.66 - 657.69 nm],
Bin19,cm^-3,particle concentration in size range [657.69 - 708.33 nm],
Bin20,cm^-3,particle concentration in size range [708.33 - 762.88 nm],
Bin21,cm^-3,particle concentration in size range [762.88 - 821.62 nm],
Bin22,cm^-3,particle concentration in size range [821.62 - 884.89 nm],
Bin23,cm^-3,particle concentration in size range [884.89 - 953.03 nm],
Bin24,cm^-3,particle concentration in size range [953.03 - 1026.42 nm],
Bin25,cm^-3,particle concentration in size range [1026.42 - 1105.46 nm],
Bin26,cm^-3,particle concentration in size range [1105.46 - 1190.59 nm]],
[...]
LOCATION: Boulder, CO, USA
ASSOCIATED_DATA: N/A
INSTRUMENT_INFO: Printed Optical Particle Spectrometer counts particles from 140 - 2500 nm in diameter 
DATA_INFO: Particle concentrations reported in number per cubic centimeter, binned to 100 m altitude
UNCERTAINTY: Counting uncertainty dominated by air flow, less than 5 percent
ULOD_FLAG: -77777
ULOD_VALUE: 3000 ~3000 per cm3 (varies depending on flow rate- manufacturer quotes 1250  per cm3 at 1.667 cc/s)
LLOD_FLAG: -88888
LLOD_VALUE: 0 0 (varies depending on data field and measurement precision)
DM_CONTACT_INFO: Troy Thornberry, 325 Broadway R/CSL6, Boulder, CO 80305; troy.thornberry@noaa.gov; 303-497-3373
PROJECT_INFO: B2SAP Boulder, CO, USA
STIPULATIONS_ON_USE: Please contact the PIs for questions regarding applications and uncertainties
OTHER_COMMENTS: POPS bin Edges (nm):  140, 146.14, 152.56, 159.25, 166.24, 173.54, 181.16, 189.11, 197.41, 206.07, 215.12, 224.56, 234.41, 244.70, 361.30, 472.80, 567.00, 610.66, 657.69, 708.33, 762.88, 821.62, 884.89, 953.03, 1026.42, 1105.46, 1190.59, 1282.27, 1381.01, 1487.36, 1601.89, 1725.25, 1858.10, 2001.18, 2155.28, 2321.25, 2500
Calculations assume sulfate refractive index of 1.45+0.00j and extinction wavelength = 532 nm
REVISION: R0
R0: QA/QC data
TIME_START,TIME_STOP,TIME_MID,GPSAlt,GPS_Lon,GPS_Lat,iMet_Pressure,iMet_Temperature,THETA,Aerosol_concentration,Surface_Area_Conc,Volume_density,Effective_radius,Extinction,Bin01,Bin02,Bin03,Bin04,Bin05,Bin06,Bin07,Bin08,Bin09,Bin10,Bin11,Bin12,Bin13,Bin14,Bin15,Bin16,Bin17,Bin18,Bin19,Bin20,Bin21,Bin22,Bin23,Bin24,Bin25,Bin26,Bin27,Bin28,Bin29,Bin30,Bin31,Bin32,Bin33,Bin34,Bin35,Bin36
[from data line 354]
65544,65563,65554,19.8,-104.315,39.9737,58.2475,-53.6875,494.464,2.94834,0.802913,58.3561,0.218042,0.000420622,0.287978,0.274265,0.178272,0.150846,0.178272,0.150846,0.137132,0.137132,0.137132,0.0959926,0.0685662,0.0822794,0.0685662,0.452537,0.246838,0.178272,0,0.0548529,0.0411397,0,0.0137132,0,0.0137132,0,0,0,0,0,0,0,0,0,0,0,0,0
65564,65584,65574,19.7,-104.314,39.9746,59.1924,-56.4481,486.012,3.41129,0.922409,65.3677,0.212599,0.000484349,0.30529,0.292017,0.345111,0.212376,0.292017,0.0929144,0.159282,0.0796409,0.185829,0.0796409,0.0530939,0.0796409,0.106188,0.438025,0.292017,0.238923,0.0796409,0.026547,0.026547,0.0132735,0,0.0132735,0,0,0,0,0,0,0,0,0,0,0,0,0,0
65585,65607,65596,19.6,-104.313,39.9757,60.1495,-56.5164,483.635,3.68325,0.960383,72.4337,0.226265,0.000504962,0.31643,0.329088,0.303773,0.354402,0.202515,0.22783,0.164544,0.215173,0.101258,0.126572,0.0506289,0.0632861,0.0886005,0.556917,0.265802,0.139229,0.0632861,0,0.0253144,0.0379716,0.0126572,0.0126572,0.0253144,0,0,0,0,0,0,0,0,0,0,0,0,0
65608,65629,65618,19.5,-104.311,39.9768,61.0764,-56.2886,482.032,3.68111,1.11794,89.372,0.23983,0.000669673,0.316247,0.290947,0.379496,0.189748,0.202398,0.252997,0.101199,0.0758992,0.202398,0.139149,0.164448,0.113849,0.0758992,0.430096,0.252997,0.189748,0.0885491,0.0505995,0.101199,0.0252997,0,0.0252997,0.0126499,0,0,0,0,0,0,0,0,0,0,0,0,0
65630,65652,65641,19.4,-104.309,39.978,62.0704,-57.593,476.937,3.7326,1.04974,78.2186,0.223537,0.00057941,0.351446,0.375684,0.31509,0.145426,0.266614,0.121188,0.218139,0.157545,0.133307,0.10907,0.10907,0.0848319,0.0484754,0.581704,0.302971,0.218139,0.0242377,0.0605942,0.0242377,0.0484754,0.0242377,0.0121188,0,0,0,0,0,0,0,0,0,0,0,0,0,0
65653,65674,65664,19.3,-104.307,39.979,63.0527,-59.985,469.523,3.57217,1.02706,79.6144,0.232552,0.000575959,0.244141,0.308388,0.295539,0.334087,0.192743,0.167044,0.115646,0.167044,0.141345,0.102796,0.0770971,0.102796,0.167044,0.475432,0.295539,0.179893,0.0385486,0.0385486,0.0513981,0.0128495,0.0128495,0.0513981,0,0,0,0,0,0,0,0,0,0,0,0,0,0
65675,65694,65684,19.2,-104.305,39.9801,64.067,-58.088,471.55,4.20297,1.11496,78.5557,0.211369,0.000571029,0.321157,0.363048,0.432864,0.237377,0.321157,0.181524,0.181524,0.251341,0.139634,0.0698168,0.0558535,0.0698168,0.0977436,0.712132,0.363048,0.223414,0.0418901,0.0698168,0.0139634,0.0279267,0.0139634,0.0139634,0,0,0,0,0,0,0,0,0,0,0,0,0,0
65695,65712,65704,19.1,-104.303,39.9812,65.0789,-58.1467,469.317,3.55609,0.879842,60.9549,0.207838,0.000428895,0.326105,0.295047,0.201874,0.279518,0.232932,0.295047,0.217403,0.108702,0.108702,0.139759,0.108702,0.0621152,0.12423,0.465864,0.295047,0.155288,0.0465864,0.0310576,0.0310576,0.0155288,0,0,0.0155288,0,0,0,0,0,0,0,0,0,0,0,0,0
65713,65731,65722,19,-104.301,39.982,66.1263,-55.0489,473.908,3.69267,1.10767,86.6587,0.234706,0.00062008,0.463394,0.27514,0.13033,0.260659,0.173773,0.27514,0.13033,0.144811,0.101368,0.115849,0.0579243,0.115849,0.101368,0.564762,0.333065,0.260659,0.0724054,0.0144811,0.0144811,0.0289622,0.0144811,0,0.0434432,0,0,0,0,0,0,0,0,0,0,0,0,0
65732,65750,65741,18.9,-104.299,39.9825,67.2053,-57.5195,466.384,3.8151,0.922107,60.788,0.197769,0.000424533,0.42553,0.308143,0.234775,0.322816,0.234775,0.161408,0.132061,0.176082,0.146735,0.146735,0.161408,0.146735,0.0146735,0.572265,0.278796,0.264122,0.0440204,0.0293469,0,0,0,0,0.0146735,0,0,0,0,0,0,0,0,0,0,0,0,0
65751,65771,65761,18.8,-104.297,39.9826,68.3048,-56.7457,465.885,3.77609,0.890399,56.2162,0.189408,0.000392602,0.344485,0.331236,0.291488,0.357735,0.158993,0.145744,0.211991,0.119245,0.172243,0.172243,0.0794966,0.0927461,0.0662472,0.609474,0.331236,0.211991,0.0264989,0.0397483,0,0,0.0132494,0,0,0,0,0,0,0,0,0,0,0,0,0,0,0
65772,65795,65784,18.7,-104.296,39.9823,69.3842,-58.0163,461.083,4.12675,1.08974,82.0739,0.225946,0.000575938,0.501272,0.314752,0.291437,0.268122,0.41967,0.221492,0.128232,0.128232,0.128232,0.163205,0.0816024,0.0932599,0.0932599,0.582874,0.37304,0.13989,0.0349725,0.023315,0.0582874,0.0349725,0,0.023315,0.023315,0,0,0,0,0,0,0,0,0,0,0,0,0
65796,65819,65808,18.6,-104.295,39.9818,70.4862,-55.6879,463.976,4.43562,1.11305,83.7179,0.225644,0.000590088,0.495407,0.380196,0.403238,0.345633,0.241943,0.20738,0.311069,0.218901,0.126732,0.195858,0.172816,0.0921687,0.10369,0.460843,0.264985,0.20738,0.0576054,0.0345633,0.0345633,0.0115211,0.0230422,0.0230422,0.0230422,0,0,0,0,0,0,0,0,0,0,0,0,0
65820,65847,65834,18.5,-104.294,39.9815,71.6,-56.7443,459.662,4.33511,1.12498,77.7086,0.207228,0.000558337,0.405798,0.386003,0.296925,0.27713,0.336516,0.178155,0.257335,0.178155,0.11877,0.0890776,0.11877,0.108873,0.11877,0.663134,0.405798,0.217745,0.0692826,0.0494876,0.019795,0.019795,0.00989752,0,0.00989752,0,0,0,0,0,0,0,0,0,0,0,0,0
65848,65872,65860,18.4,-104.293,39.9811,72.7016,-54.5136,462.376,3.9619,1.07751,82.2256,0.228932,0.000574537,0.383056,0.372112,0.328334,0.251723,0.251723,0.229834,0.175111,0.131334,0.131334,0.164167,0.109445,0.109445,0.0656668,0.51439,0.394001,0.175111,0.0218889,0.0547223,0.0218889,0.0109445,0.0109445,0.0218889,0.0328334,0,0,0,0,0,0,0,0,0,0,0,0,0
65873,65896,65884,18.3,-104.291,39.9807,73.8704,-56.1092,456.917,3.98352,1.10153,85.0865,0.231731,0.000609091,0.327093,0.350456,0.315411,0.327093,0.198592,0.198592,0.233638,0.198592,0.151864,0.116819,0.093455,0.105137,0.116819,0.572412,0.268683,0.175228,0.0700913,0.0350456,0.0350456,0.0233638,0.0350456,0.0116819,0.0233638,0,0,0,0,0,0,0,0,0,0,0,0,0
65897,65919,65908,18.2,-104.289,39.9808,75.0613,-57.0552,452.849,4.41996,1.17,90.8313,0.232901,0.000637646,0.470209,0.44334,0.429905,0.335863,0.362732,0.308994,0.14778,0.107476,0.107476,0.120911,0.0940418,0.120911,0.0671727,0.564251,0.268691,0.282125,0.0537381,0.0268691,0.0134345,0.0134345,0.0134345,0.0268691,0.0403036,0,0,0,0,0,0,0,0,0,0,0,0,0
65920,65944,65932,18.1,-104.285,39.9815,76.2692,-57.74,449.364,4.53111,1.11287,79.9474,0.215517,0.000581646,0.495203,0.557103,0.309502,0.433302,0.210461,0.235221,0.247601,0.247601,0.123801,0.111421,0.0990406,0.123801,0.123801,0.532343,0.198081,0.284742,0.0619004,0.0247601,0.0619004,0.0123801,0.0123801,0.0247601,0,0,0,0,0,0,0,0,0,0,0,0,0,0
65945,65965,65955,18,-104.281,39.9822,77.4748,-59.4224,443.858,4.30832,0.932838,61.8029,0.198758,0.000427799,0.594251,0.4754,0.297125,0.2377,0.282269,0.282269,0.2377,0.222844,0.178275,0.0891376,0.148563,0.133706,0.103994,0.4754,0.252556,0.11885,0.0742813,0.0594251,0.0297125,0,0,0,0.0148563,0,0,0,0,0,0,0,0,0,0,0,0,0
65966,65987,65976,17.9,-104.277,39.9822,78.6973,-58.6355,443.508,5.17408,1.31918,97.3907,0.22148,0.000692167,0.551336,0.480652,0.282737,0.31101,0.325147,0.31101,0.409968,0.169642,0.197916,0.197916,0.183779,0.113095,0.127231,0.763389,0.296873,0.183779,0.0565473,0.0565473,0.0565473,0.0282737,0.0424105,0.0141368,0.0141368,0,0,0,0,0,0,0,0,0,0,0,0,0
65988,66006,65997,17.8,-104.272,39.9817,80.0263,-59.7989,438.99,5.05836,1.01097,67.0397,0.198937,0.000425285,0.593162,0.692023,0.494302,0.280104,0.296581,0.313058,0.263628,0.214198,0.214198,0.0823837,0.197721,0.197721,0.0823837,0.692023,0.164767,0.164767,0.0329535,0.0164767,0.0164767,0,0,0.0164767,0.0329535,0,0,0,0,0,0,0,0,0,0,0,0,0
66007,66030,66018,17.7,-104.267,39.9815,81.3254,-62.0813,432.305,4.29055,0.793512,51.8151,0.195895,0.00031848,0.580874,0.488462,0.448857,0.39605,0.303639,0.290437,0.145218,0.15842,0.211227,0.105613,0.15842,0.132017,0.0528067,0.47526,0.184824,0.0792101,0,0.0132017,0,0.0264034,0,0.0132017,0.0264034,0,0,0,0,0,0,0,0,0,0,0,0,0
66031,66056,66044,17.6,-104.26,39.9821,82.6523,-61.6558,431.181,5.05928,0.907803,53.4216,0.176542,0.000345395,0.547278,0.55944,0.547278,0.498631,0.449984,0.304044,0.194588,0.291882,0.170264,0.170264,0.170264,0.121617,0.0851322,0.498631,0.231073,0.109456,0.0243235,0.048647,0.0121617,0.0121617,0,0.0121617,0,0,0,0,0,0,0,0,0,0,0,0,0,0
66057,66083,66070,17.5,-104.253,39.9833,84.0141,-62.3848,427.692,5.16042,0.959269,63.3422,0.198095,0.000396961,0.609868,0.539499,0.59814,0.492586,0.480858,0.281478,0.281478,0.175924,0.269749,0.152467,0.140739,0.129011,0.0820977,0.527771,0.152467,0.117282,0.0351847,0.0117282,0.0351847,0,0,0.0117282,0.0351847,0,0,0,0,0,0,0,0,0,0,0,0,0
66084,66108,66096,17.4,-104.245,39.9846,85.3648,-61.056,428.423,4.9834,0.882662,52.3862,0.178051,0.000322254,0.591464,0.654386,0.541126,0.453036,0.327193,0.163596,0.251687,0.213934,0.28944,0.163596,0.151012,0.125843,0.100675,0.541126,0.264271,0.075506,0.0125843,0,0,0.037753,0,0.0251687,0,0,0,0,0,0,0,0,0,0,0,0,0,0
66109,66133,66121,17.3,-104.239,39.986,86.7608,-61.4008,425.756,4.8226,0.953607,69.6371,0.219075,0.000442282,0.640502,0.627943,0.464678,0.364207,0.43956,0.313972,0.163265,0.213501,0.263736,0.188383,0.0879121,0.125589,0.0753532,0.489796,0.11303,0.100471,0.0125589,0.0251177,0.0251177,0,0.0125589,0.0376766,0.0376766,0,0,0,0,0,0,0,0,0,0,0,0,0
66134,66158,66146,17.2,-104.233,39.9873,88.1616,-58.8036,429.01,5.13665,0.861677,46.6232,0.162322,0.000272415,0.470344,0.643629,0.445589,0.371324,0.420834,0.544609,0.24755,0.284682,0.185662,0.173285,0.173285,0.0866423,0.111397,0.618874,0.173285,0.160907,0,0,0.0123775,0,0,0,0.0123775,0,0,0,0,0,0,0,0,0,0,0,0,0
66159,66183,66171,17.1,-104.227,39.988,89.5771,-59.8154,425.039,4.98207,0.957752,63.4845,0.198855,0.00041395,0.769482,0.495598,0.417346,0.391262,0.273883,0.365178,0.352136,0.247799,0.208673,0.117379,0.195631,0.130421,0.0912945,0.508641,0.143463,0.156505,0.0130421,0,0.0391262,0,0.0260841,0.0391262,0,0,0,0,0,0,0,0,0,0,0,0,0,0
66184,66208,66196,17,-104.221,39.9878,91.0632,-61.0928,420.523,5.49698,0.89826,50.0664,0.167211,0.000290682,0.792471,0.754734,0.540893,0.402525,0.377367,0.264157,0.289315,0.276736,0.213841,0.238999,0.188684,0.138368,0.0880523,0.528314,0.276736,0.0503156,0.0251578,0.0251578,0,0,0,0.0125789,0.0125789,0,0,0,0,0,0,0,0,0,0,0,0,0
66209,66232,66220,16.9,-104.214,39.9871,92.5567,-59.1846,422.339,5.2176,0.949575,60.5427,0.191273,0.000393864,0.752788,0.610018,0.480227,0.454268,0.454268,0.376394,0.233624,0.220645,0.259582,0.181707,0.0648955,0.0908537,0.116812,0.506185,0.168728,0.116812,0.0259582,0.0259582,0.0129791,0.0129791,0.0259582,0.0259582,0,0,0,0,0,0,0,0,0,0,0,0,0,0
66233,66255,66244,16.8,-104.208,39.9864,94.0509,-60.2343,418.343,5.15693,0.854682,47.1606,0.165537,0.000289877,0.532064,0.750347,0.572993,0.327424,0.504779,0.300139,0.300139,0.218283,0.231926,0.177355,0.0954988,0.136427,0.109141,0.545707,0.177355,0.0954988,0.0272854,0.0136427,0.0136427,0.0136427,0.0136427,0,0,0,0,0,0,0,0,0,0,0,0,0,0,0
66256,66280,66268,16.7,-104.2,39.986,95.5904,-61.79,413.371,4.70745,0.693208,32.7951,0.141928,0.000177959,0.719369,0.567923,0.530061,0.340754,0.391236,0.302892,0.302892,0.214549,0.126205,0.0883435,0.0883435,0.0883435,0.138826,0.567923,0.138826,0.075723,0.0126205,0.0126205,0,0,0,0,0,0,0,0,0,0,0,0,0,0,0,0,0,0
66281,66305,66293,16.6,-104.191,39.9859,97.1328,-61.076,412.866,4.68244,0.731784,43.3221,0.177602,0.00025353,0.805581,0.579011,0.490901,0.415378,0.377616,0.31468,0.176221,0.251744,0.151046,0.138459,0.151046,0.138459,0.062936,0.390203,0.113285,0.0503488,0.0125872,0,0.0125872,0.0125872,0.0125872,0.0125872,0.0125872,0,0,0,0,0,0,0,0,0,0,0,0,0
66306,66329,66318,16.5,-104.182,39.9864,98.7,-62.0017,409.195,4.42335,0.560213,23.1906,0.124188,0.000104517,0.618743,0.618743,0.487095,0.460766,0.315954,0.368613,0.184306,0.210636,0.131647,0.157977,0.210636,0.052659,0.0789884,0.421272,0.052659,0.0394942,0.0131647,0,0,0,0,0,0,0,0,0,0,0,0,0,0,0,0,0,0,0
66330,66353,66342,16.4,-104.173,39.9872,100.326,-61.5083,408.241,5.05276,0.79058,45.8482,0.17398,0.000289762,0.95752,0.677629,0.54505,0.441932,0.309353,0.397739,0.176773,0.27989,0.191504,0.0736554,0.13258,0.0736554,0.103118,0.41247,0.103118,0.0736554,0.0147311,0.0147311,0.0147311,0.0441932,0.0147311,0,0,0,0,0,0,0,0,0,0,0,0,0,0,0
66354,66376,66365,16.3,-104.166,39.9884,101.981,-60.803,407.687,5.12662,0.874459,62.8891,0.215753,0.000366164,0.918201,0.703954,0.535617,0.489707,0.428494,0.244854,0.336674,0.153033,0.198943,0.153033,0.107123,0.13773,0.107123,0.336674,0.0918201,0.0765167,0.0153033,0,0,0,0.0153033,0,0.0765167,0,0,0,0,0,0,0,0,0,0,0,0,0
66377,66399,66388,16.2,-104.159,39.9899,103.637,-59.9887,407.371,5.70171,0.93025,52.1017,0.168025,0.000323801,0.565586,0.886594,0.611444,0.535013,0.504441,0.290436,0.336294,0.27515,0.214005,0.122289,0.168147,0.198719,0.107003,0.535013,0.107003,0.137575,0.0458583,0.0305722,0.0152861,0,0,0.0152861,0,0,0,0,0,0,0,0,0,0,0,0,0,0
66400,66422,66411,16.1,-104.152,39.9914,105.29,-57.6383,410.006,5.09457,0.785754,43.0454,0.164347,0.000244344,0.755871,0.634931,0.634931,0.40817,0.40817,0.256996,0.3477,0.196526,0.196526,0.211644,0.0604697,0.120939,0.0755871,0.498875,0.151174,0.0907045,0.0151174,0,0,0,0.0151174,0,0.0151174,0,0,0,0,0,0,0,0,0,0,0,0,0
66423,66447,66435,16,-104.144,39.9932,106.948,-59.5772,404.508,4.97736,0.708763,34.4338,0.145749,0.000192027,0.841244,0.672995,0.588871,0.406601,0.37856,0.224332,0.238353,0.224332,0.19629,0.238353,0.0701037,0.0981452,0.0841244,0.490726,0.126187,0.0420622,0,0.0420622,0.0140207,0,0,0,0,0,0,0,0,0,0,0,0,0,0,0,0,0
66448,66473,66460,15.9,-104.137,39.9954,108.696,-59.2162,403.32,5.7612,1.01939,65.7622,0.193533,0.000426253,0.917474,0.688105,0.647629,0.458737,0.391276,0.310322,0.404768,0.215876,0.377783,0.134923,0.0809536,0.0944458,0.12143,0.526198,0.12143,0.0944458,0.053969,0.0134923,0.0404768,0.0269845,0.0134923,0.0134923,0.0134923,0,0,0,0,0,0,0,0,0,0,0,0,0
66474,66498,66486,15.8,-104.129,39.9978,110.446,-57.193,405.281,5.53367,0.772607,37.7076,0.146417,0.000215712,0.997875,0.937398,0.45358,0.483818,0.483818,0.22679,0.22679,0.257029,0.166313,0.166313,0.241909,0.120955,0.120955,0.408222,0.0604773,0.136074,0.0151193,0.0151193,0.0151193,0,0,0,0,0,0,0,0,0,0,0,0,0,0,0,0,0
66499,66523,66511,15.7,-104.122,40.0001,112.17,-56.0928,405.541,5.59534,0.868221,52.5475,0.181569,0.000297194,0.978495,0.826897,0.551265,0.50992,0.399667,0.34454,0.330759,0.248069,0.179161,0.165379,0.0964713,0.124035,0.124035,0.385885,0.206724,0.0551265,0,0,0.0137816,0.0137816,0,0,0.0413449,0,0,0,0,0,0,0,0,0,0,0,0,0
66524,66548,66536,15.6,-104.114,40.0024,113.973,-54.6784,406.333,5.23891,0.783889,42.499,0.162647,0.000240015,0.861753,0.60186,0.574502,0.478752,0.465073,0.287251,0.341966,0.136786,0.150465,0.205179,0.164144,0.0820718,0.177822,0.478752,0.0957504,0.0820718,0.0136786,0,0,0.0136786,0,0.0273573,0,0,0,0,0,0,0,0,0,0,0,0,0,0
66549,66572,66560,15.5,-104.107,40.0043,115.79,-56.2854,401.526,5.40761,0.819039,47.2878,0.173207,0.00028156,1.03826,0.721015,0.562392,0.519131,0.389348,0.273986,0.331667,0.230725,0.129783,0.158623,0.158623,0.144203,0.100942,0.374928,0.0865218,0.100942,0.0144203,0.0288406,0.0144203,0,0,0.0144203,0.0144203,0,0,0,0,0,0,0,0,0,0,0,0,0
66573,66596,66584,15.4,-104.101,40.0057,117.639,-53.9167,404.076,5.60601,0.898474,53.8768,0.179894,0.000330843,0.967535,0.711422,0.611823,0.512224,0.384168,0.313026,0.298797,0.270341,0.213427,0.142284,0.156513,0.142284,0.128056,0.426853,0.156513,0.0569138,0.0142284,0.0284569,0,0.0284569,0.0142284,0.0284569,0,0,0,0,0,0,0,0,0,0,0,0,0,0
66597,66622,66610,15.3,-104.094,40.0065,119.487,-54.8862,400.502,4.98917,0.782373,45.7645,0.175484,0.000260059,0.789843,0.592382,0.61871,0.460741,0.381757,0.276445,0.289609,0.223789,0.171133,0.171133,0.105312,0.0526562,0.118476,0.460741,0.157969,0.0526562,0.013164,0,0.013164,0,0.013164,0,0.0263281,0,0,0,0,0,0,0,0,0,0,0,0,0
66623,66648,66636,15.2,-104.086,40.0071,121.37,-54.1704,400.027,5.44114,0.849885,52.9822,0.187021,0.000320636,1.02267,0.642448,0.681782,0.498225,0.406447,0.301557,0.32778,0.249113,0.249113,0.157334,0.10489,0.0655559,0.10489,0.367113,0.0524448,0.10489,0.0131112,0.0262224,0.0131112,0,0,0.0393336,0.0131112,0,0,0,0,0,0,0,0,0,0,0,0,0
