data/B2SAP/Locations/Boulder/NOAA-POPS-B2SAP_GMLBalloon_20211104_R0.ict
61,1001
Thornberry, T. D.
NOAA Chemical Sciences Laboratory
Portable Optical Particle Spectrometer (POPS)
Balloon Baseline Stratospheric Aerosol Profiles (B2SAP)
1,1
2021,11,04,2024,05,30
0
TIME_START,s,Seconds since midnight UTC on flight start day,Start time of 100 m altitude bin in UTC_seconds_since_midnight
28
1.0,1.0,1.0,1.0,1.0,1.0,1.0,1.0,1.0,1.0,1.0,1.0,1.0,1.0,1.0,1.0,1.0,1.0,1.0,1.0,1.0,1.0,1.0,1.0,1.0,1.0,1.0,1.0
99999,99999,99999,99999,99999,99999,99999,99999,99999,99999,99999,99999,99999,99999,99999,99999,99999,99999,99999,99999,99999,99999,99999,99999,99999,99999,99999,99999
TIME_STOP,s,End time of 100 m altitude bin in UTC seconds since midnight,
TIME_MID,s,Mid time of 100 m altitude in UTC seconds since midnight,
GPSAlt,m,GPS reported altitude above sea level (m),
GPS_Lon,deg,GPS reported longitude,
GPS_Lat,deg,GPS reported latitude,
iMet_Pressure,mb,Pressure reported (mB),
iMet_Temperature,degrees C,Ambient temperature (oC),
THETA,K,Potential temperature from iMet,
Aerosol_concentration,cm^-3,Aerosol concentration,
Surface_Area_Conc,um^2 cm^-3,Surface area concentration,
Volume_density,um^3 cm^-3,Volume density,
Effective_radius,um,Effective radius,
Extinction,km^-1,Extinction,
Bin01,cm^-3,particle concentration in size range [140 - 170 nm],
Bin02,cm^-3,particle concentration in size range [170 - 205 nm],
Bin03,cm^-3,particle concentration in size range [205 - 249 nm],
Bin04,cm^-3,particle concentration in size range [249 - 302 nm],
Bin05,cm^-3,particle concentration in size range [302 - 366 nm],
Bin06,cm^-3,particle concentration in size range [366 - 443 nm],
Bin07,cm^-3,particle concentration in size range [443 - 537 nm],
Bin08,cm^-3,particle concentration in size range [537 - 651 nm],
Bin09,cm^-3,particle concentration in size range [651 - 789 nm],
Bin10,cm^-3,particle concentration in size range [789 - 956 nm],
Bin11,cm^-3,particle concentration in size range [956 - 1159 nm],
Bin12,cm^-3,particle concentration in size range [1159 - 1404 nm],
Bin13,cm^-3,particle concentration in size range [1404 - 1702 nm],
Bin14,cm^-3,particle concentration in size range [1702 - 2062 nm],
Bin15,cm^-3,particle concentration in size range [2062 - 2500 nm],
0
19
PI_CONTACT_INFO: 325 Broadway R/CSL6, Boulder, CO 80305; troy.thornberry@noaa.gov; 303-497-3373 
PLATFORM: GML ECC/FPH balloon
LOCATION: Boulder, CO, USA
ASSOCIATED_DATA: N/A
INSTRUMENT_INFO: Printed Optical Particle Spectrometer counts particles from 140 - 2500 nm in diameter 
DATA_INFO: Particle concentrations reported in number per cubic centimeter, binned to 100 m altitude
UNCERTAINTY: Counting uncertainty dominated by air flow, less than 5 percent
ULOD_FLAG: -77777
ULOD_VALUE: 3000 ~3000 per cm3 (varies depending on flow rate- manufacturer quotes 1250  per cm3 at 1.667 cc/s)
LLOD_FLAG: -88888
LLOD_VALUE: 0 0 (varies depending on data field and measurement precision)
DM_CONTACT_INFO: Troy Thornberry, 325 Broadway R/CSL6, Boulder, CO 80305; troy.thornberry@noaa.gov; 303-497-3373
PROJECT_INFO: B2SAP Boulder, CO, USA
STIPULATIONS_ON_USE: Please contact the PIs for questions regarding applications and uncertainties
OTHER_COMMENTS: POPS bin Edges (nm):  140, 170, 205, 249, 302, 366, 443, 537, 651, 789, 956, 1159, 1404, 1702, 2062, 2500
Calculations assume sulfate refractive index of 1.45+0.00j and extinction wavelength = 532 nm
REVISION: R0
R0: QA/QC data
TIME_START,TIME_STOP,TIME_MID,GPSAlt,GPS_Lon,GPS_Lat,iMet_Pressure,iMet_Temperature,THETA,Aerosol_concentration,Surface_Area_Conc,Volume_density,Effective_radius,Extinction,Bin01,Bin02,Bin03,Bin04,Bin05,Bin06,Bin07,Bin08,Bin09,Bin10,Bin11,Bin12,Bin13,Bin14,Bin15
[from data line 322]
66087,66103,66095,22.5,-104.601,39.2875,35.7557,-61.09,549.269,2.56172,0.507343,26.4166,0.156206,0.000154095,0.777351,0.406342,0.371008,0.477011,0.30034,0.159004,0.0353341,0.0353341,0,0,0,0,0,0,0
66104,66119,66112,22.4,-104.599,39.2871,36.2885,-60.0162,549.728,2.7003,0.570551,31.2271,0.164194,0.000192284,0.562563,0.693827,0.45005,0.431298,0.206273,0.262529,0.0375042,0.0562563,0,0,0,0,0,0,0
66123,66140,66132,22.3,-104.597,39.287,36.8821,-60.3421,546.352,2.60913,0.521351,27.227,0.156672,0.000158995,0.647906,0.54284,0.437774,0.490307,0.210132,0.210132,0.0350219,0.0350219,0,0,0,0,0,0,0
66141,66155,66148,22.2,-104.596,39.2871,37.4867,-58.0673,549.623,2.15324,0.427362,21.5136,0.151022,0.000119857,0.356175,0.615211,0.404744,0.307606,0.259036,0.178088,0.0161898,0.0161898,0,0,0,0,0,0,0
66156,66175,66166,22.1,-104.595,39.2874,38.1313,-59.7819,542.603,3.0577,0.650417,36.68,0.169184,0.000236273,0.886733,0.703271,0.30577,0.504521,0.244616,0.244616,0.10702,0.061154,0,0,0,0,0,0,0
66176,66195,66186,22,-104.594,39.2882,38.7975,-59.1212,541.585,2.53522,0.552518,30.5232,0.165731,0.000191649,0.610896,0.534534,0.38181,0.427627,0.213814,0.244358,0.0916344,0.0305448,0,0,0,0,0,0,0
66196,66214,66205,21.9,-104.593,39.2889,39.5073,-58.1327,541.286,2.80184,0.600454,32.952,0.164635,0.00020746,0.80978,0.40489,0.518259,0.453477,0.226738,0.226738,0.14576,0.0161956,0,0,0,0,0,0,0
66215,66232,66224,21.8,-104.592,39.2891,40.055,-58.8557,537.34,2.71961,0.642829,38.6752,0.180492,0.000259467,0.784503,0.435835,0.400968,0.331234,0.348668,0.244067,0.1046,0.0523002,0.0174334,0,0,0,0,0,0
66233,66250,66242,21.7,-104.592,39.2889,40.7556,-57.6189,537.778,2.78636,0.580129,32.439,0.16775,0.000203236,0.8211,0.551887,0.444202,0.282674,0.390359,0.188449,0.0538427,0.040382,0.0134607,0,0,0,0,0,0
66251,66269,66260,21.6,-104.592,39.2884,41.39,-58.4763,533.286,3.09993,0.677448,38.4868,0.170434,0.000250429,0.810356,0.656003,0.463061,0.527375,0.192942,0.244393,0.154354,0.0514512,0,0,0,0,0,0,0
66270,66287,66278,21.5,-104.592,39.2877,42.1311,-58.1272,531.434,3.2057,0.800522,51.2941,0.192227,0.000359573,0.871843,0.536519,0.523106,0.415802,0.36215,0.201195,0.174369,0.0804778,0.0402389,0,0,0,0,0,0
66288,66305,66296,21.4,-104.591,39.2871,42.7921,-57.57,530.459,3.5462,0.820087,49.2091,0.180014,0.000323972,0.977013,0.633249,0.5066,0.524692,0.37995,0.343764,0.0904642,0.0542785,0.0361857,0,0,0,0,0,0
66306,66324,66315,21.3,-104.591,39.2864,43.5081,-60.0475,521.884,3.23999,0.744039,44.821,0.18072,0.000307323,0.830349,0.797786,0.521003,0.325627,0.227939,0.293064,0.130251,0.113969,0,0,0,0,0,0,0
66325,66343,66334,21.2,-104.589,39.2858,44.2581,-60.6944,517.76,3.70602,0.819741,47.4386,0.173611,0.000307395,0.991522,0.650178,0.633924,0.552651,0.455125,0.211308,0.113781,0.0812723,0.0162545,0,0,0,0,0,0
66347,66363,66355,21.1,-104.588,39.2853,44.9379,-60.39,516.254,3.58616,0.794876,45.2156,0.170651,0.000291521,0.854732,0.761826,0.538853,0.594596,0.390204,0.241555,0.111487,0.0929057,0,0,0,0,0,0,0
66364,66382,66373,21,-104.588,39.2846,45.6812,-60.9106,512.572,3.20367,0.656583,36.8655,0.168443,0.000232213,0.873729,0.6438,0.659129,0.352557,0.383214,0.137957,0.0766429,0.0613143,0.0153286,0,0,0,0,0,0
66386,66403,66394,20.9,-104.588,39.2834,46.4653,-61.116,509.602,3.65337,0.875593,52.3047,0.179209,0.000354064,0.678482,0.904643,0.661085,0.452321,0.382734,0.295749,0.156573,0.121779,0,0,0,0,0,0,0
66404,66425,66414,20.8,-104.587,39.2819,47.2206,-62.4035,504.181,3.19194,0.723015,41.2428,0.171129,0.000267835,0.770999,0.632219,0.478019,0.524279,0.33924,0.24672,0.13878,0.0616799,0,0,0,0,0,0,0
66426,66445,66436,20.7,-104.587,39.2805,47.9882,-62.6424,501.284,3.2383,0.756062,44.4961,0.176557,0.000292697,0.6785,0.801864,0.447193,0.447193,0.370091,0.308409,0.107943,0.0616818,0.0154205,0,0,0,0,0,0
66446,66463,66454,20.6,-104.586,39.2792,48.7987,-63.264,497.43,3.04432,0.681694,40.2499,0.177132,0.000267491,0.897457,0.527916,0.492722,0.351944,0.404736,0.158375,0.140778,0.0527916,0.0175972,0,0,0,0,0,0
66467,66486,66476,20.5,-104.585,39.278,49.6247,-63.7606,493.868,3.58908,0.861283,51.6622,0.179949,0.000351119,0.947765,0.745783,0.403966,0.5438,0.279668,0.372891,0.248594,0.0310743,0.0155371,0,0,0,0,0,0
66487,66505,66496,20.4,-104.585,39.2768,50.4438,-63.3787,492.466,3.51058,0.790319,46.4922,0.176482,0.000314503,1.10427,0.626302,0.477967,0.41204,0.395559,0.214261,0.197779,0.0824081,0,0,0,0,0,0,0
66506,66525,66516,20.3,-104.583,39.2761,51.3075,-64.3137,487.898,3.90251,0.984975,60.301,0.183663,0.000416926,0.992163,0.694514,0.529154,0.512617,0.429937,0.429937,0.181897,0.132288,0,0,0,0,0,0,0
66526,66544,66535,20.2,-104.582,39.2759,52.116,-63.7453,487.037,3.64645,0.872134,50.391,0.173337,0.000324528,0.775092,0.651782,0.528472,0.651782,0.475624,0.36993,0.140926,0.0352314,0.0176157,0,0,0,0,0,0
66545,66565,66555,20.1,-104.582,39.2755,53.0118,-64.2794,483.445,4.00351,0.876067,49.5829,0.169791,0.000306706,1.02182,0.569537,0.720297,0.77055,0.519284,0.251266,0.0670043,0.0502533,0.0335022,0,0,0,0,0,0
66566,66585,66576,20,-104.581,39.2745,53.9162,-63.8131,482.185,5.42746,1.19823,68.25,0.170878,0.000432106,1.27705,1.04647,0.815893,1.11742,0.549841,0.319263,0.212842,0.0532104,0.0354736,0,0,0,0,0,0
66586,66606,66596,19.9,-104.581,39.2733,54.8435,-63.6435,480.229,5.37746,1.15321,63.5569,0.165339,0.000396259,1.06881,1.36941,0.96861,0.818309,0.434205,0.484305,0.133601,0.100201,0,0,0,0,0,0,0
66607,66627,66617,19.8,-104.58,39.2721,55.8033,-64.1044,476.81,5.39095,1.26177,83.3749,0.198233,0.00048989,1.15407,1.09084,1.26474,0.679797,0.569133,0.252948,0.252948,0.0790462,0.0316185,0,0.0158092,0,0,0,0
66630,66648,66639,19.7,-104.58,39.271,56.7606,-64.4118,473.789,5.28403,1.26663,78.7087,0.186421,0.000516487,1.25412,0.953132,0.936411,0.769194,0.6187,0.434762,0.167216,0.10033,0.0334432,0.0167216,0,0,0,0,0
66649,66671,66660,19.6,-104.579,39.2695,57.6672,-63.985,472.623,5.07048,1.11983,62.7451,0.168092,0.000400099,1.02354,1.27549,0.803088,0.740101,0.582632,0.362177,0.188962,0.0944809,0,0,0,0,0,0,0
66672,66692,66682,19.5,-104.579,39.268,58.6156,-64.0825,470.201,5.47277,1.28565,76.7358,0.17906,0.000508746,1.06267,1.13352,1.15123,0.814716,0.566759,0.371936,0.212535,0.123979,0.0354224,0,0,0,0,0,0
66693,66714,66704,19.4,-104.579,39.266,59.6379,-63.7674,468.59,6.44783,1.42408,79.4282,0.167326,0.000484794,1.31041,1.11683,1.20618,1.3402,0.819009,0.41695,0.119129,0.0744553,0.0446732,0,0,0,0,0,0
66715,66736,66726,19.3,-104.578,39.2637,60.58,-63.585,466.909,6.48533,1.39749,77.9025,0.167234,0.000483001,1.21221,1.41425,1.23241,1.41425,0.585902,0.303053,0.161628,0.141425,0.0202035,0,0,0,0,0,0
66737,66755,66746,19.2,-104.577,39.2615,61.6,-63.2061,465.514,5.79167,1.27174,72.2767,0.170498,0.000457066,1.25225,1.14268,1.09572,1.04876,0.641779,0.29741,0.187838,0.0939189,0.0313063,0,0,0,0,0,0
66759,66776,66768,19.1,-104.575,39.2599,62.6247,-64.4806,460.521,5.59467,1.05767,53.4056,0.15148,0.000298282,1.21914,1.33604,1.13563,0.98533,0.517716,0.233807,0.133604,0.0167005,0.0167005,0,0,0,0,0,0
66777,66799,66788,19,-104.573,39.2584,63.705,-64.4256,458.398,6.37397,1.39534,79.6532,0.171255,0.000509396,1.37261,1.24639,1.41994,1.00974,0.615309,0.362874,0.157772,0.173549,0.0157772,0,0,0,0,0,0
66800,66822,66811,18.9,-104.572,39.2569,64.8172,-65.5822,453.605,8.25131,1.59676,79.7213,0.149781,0.000444807,1.61853,1.96762,1.682,1.49158,0.856867,0.364962,0.238019,0.0317358,0,0,0,0,0,0,0
66823,66844,66834,18.8,-104.571,39.2551,65.8818,-65.2694,452.187,8.24258,1.62778,84.1926,0.155166,0.000486896,1.54443,1.94733,1.79624,1.54443,0.805792,0.302172,0.167873,0.134299,0,0,0,0,0,0,0
66845,66865,66855,18.7,-104.571,39.2533,66.991,-65.1814,450.213,8.12335,1.65135,91.3458,0.165947,0.000548591,1.64385,2.00002,1.75344,1.27398,0.739732,0.383565,0.164385,0.136987,0.0136987,0.0136987,0,0,0,0,0
66866,66886,66876,18.6,-104.571,39.2511,68.234,-62.987,452.584,8.60484,1.80278,100.487,0.16722,0.000585479,1.57001,1.75116,2.17385,1.41904,0.935965,0.483079,0.12077,0.12077,0,0.0301924,0,0,0,0,0
66887,66909,66898,18.5,-104.57,39.249,69.2814,-63.4018,449.735,8.05946,1.65783,90.5332,0.163829,0.000552563,1.66132,1.83981,1.75743,1.3318,0.686495,0.425627,0.205949,0.123569,0.0274598,0,0,0,0,0,0
66910,66931,66920,18.4,-104.569,39.2466,70.4645,-61.9727,450.604,8.55557,1.80108,100.362,0.167169,0.000623885,1.75743,1.97541,1.74381,1.3896,0.871905,0.395082,0.245223,0.136235,0.0408705,0,0,0,0,0,0
66932,66952,66942,18.3,-104.567,39.2446,71.486,-63.5327,445.448,9.34238,1.84482,99.9992,0.162617,0.000577421,2.11412,2.05371,2.15439,1.34901,0.845647,0.523496,0.241613,0,0.0402689,0.0201344,0,0,0,0,0
66957,66976,66966,18.2,-104.564,39.2421,73.0329,-64.7714,440.105,9.57025,1.90047,98.1524,0.154939,0.000563705,2.01822,2.34374,1.51909,1.88801,0.954855,0.542531,0.238714,0.0434025,0.0217013,0,0,0,0,0,0
66977,66998,66988,18.1,-104.563,39.2407,74.0514,-63.0886,441.915,8.67734,1.67327,92.6465,0.166106,0.000481746,2.17618,1.83401,1.75189,1.57397,0.643273,0.424286,0.2053,0.0547466,0,0,0.0136867,0,0,0,0
66999,67022,67010,18,-104.562,39.2391,75.4494,-65.0124,435.541,9.32744,1.79847,92.411,0.154149,0.000523981,1.89408,2.17998,2.0549,1.71539,0.768352,0.464585,0.107212,0.125081,0.0178687,0,0,0,0,0,0
67023,67047,67035,17.9,-104.561,39.2375,76.5385,-64.133,435.58,9.3267,1.8691,100.432,0.161198,0.000602436,2.16513,2.1197,1.74119,1.65034,0.787319,0.499645,0.21197,0.121126,0.0302815,0,0,0,0,0,0
67048,67070,67059,17.8,-104.56,39.2349,77.8459,-65.13,431.417,10.7185,2.15212,114.823,0.16006,0.000685877,2.26817,2.37881,2.35115,1.8256,0.98195,0.456399,0.290436,0.138303,0.0276606,0,0,0,0,0,0
67071,67094,67082,17.7,-104.559,39.2324,79.1546,-63.9971,431.706,10.8186,2.10036,108.014,0.154279,0.000611106,2.30746,2.50921,2.32007,1.75266,0.958291,0.731327,0.1387,0.0630455,0.0378273,0,0,0,0,0,0
67095,67117,67106,17.6,-104.557,39.2303,80.4995,-66.2732,424.953,10.9336,2.30444,132.433,0.172406,0.00080104,2.14163,2.51199,2.31876,1.96451,1.04666,0.434768,0.354255,0.06441,0.06441,0.032205,0,0,0,0,0
67124,67143,67134,17.5,-104.555,39.2284,81.8877,-64.7454,426.009,13.1046,2.64625,141.598,0.160526,0.000832821,2.92513,2.85493,2.2699,2.71452,1.19345,0.725432,0.23401,0.117005,0.0702031,0,0,0,0,0,0
67144,67168,67156,17.4,-104.554,39.2264,83.165,-65.4665,422.666,13.9275,2.52241,128.587,0.152933,0.000706507,3.28781,3.53136,2.81595,2.38975,1.11116,0.426198,0.197878,0.121771,0.0304427,0.0152214,0,0,0,0,0
67169,67191,67180,17.3,-104.552,39.2241,84.602,-66.163,419.184,13.849,2.46654,125.168,0.152239,0.000665547,3.14401,3.61944,3.05199,2.20847,1.0889,0.429425,0.184039,0.0766831,0.0153366,0.0306732,0,0,0,0,0
67192,67215,67204,17.2,-104.55,39.2218,86.066,-66.7395,415.98,14.0957,2.45925,132.238,0.161315,0.000672112,3.92228,3.61585,2.94171,1.83857,0.995891,0.474963,0.137893,0.122571,0.0153214,0.0153214,0.0153214,0,0,0,0
67216,67240,67228,17.1,-104.547,39.2196,87.524,-66.559,414.346,14.4924,2.33298,118.608,0.15252,0.00052968,4.14298,3.96566,2.80498,2.273,0.773787,0.29017,0.177326,0.0322411,0,0.0161206,0,0.0161206,0,0,0
67241,67265,67253,17,-104.546,39.2171,89.0025,-66.3515,412.777,15.4822,2.55406,129.648,0.152284,0.000608062,4.40709,4.29241,2.85069,2.17897,1.04853,0.442348,0.163832,0.065533,0.0163832,0,0,0.0163832,0,0,0
67266,67290,67278,16.9,-104.544,39.2141,90.5186,-65.89,411.713,14.3596,2.28935,116.41,0.152546,0.000538229,4.325,4.13831,2.59811,1.96025,0.715647,0.404496,0.108903,0.0622302,0.0311151,0,0,0.0155576,0,0,0
67291,67316,67304,16.8,-104.542,39.2107,92.1086,-65.2548,410.919,15.4632,2.54293,130.499,0.153956,0.00069641,4.71496,4.26518,3.14848,1.58199,0.992623,0.434273,0.155097,0.108568,0.0155097,0.0465292,0,0,0,0,0
67317,67342,67330,16.7,-104.54,39.2073,93.6243,-64.8443,409.816,15.5887,2.60056,137.058,0.15811,0.000693563,4.62233,4.0174,3.42797,2.06299,0.666981,0.341246,0.26369,0.139601,0.0310224,0,0,0.0155112,0,0,0
67343,67368,67356,16.6,-104.536,39.204,95.1568,-65.5814,406.484,14.6596,2.32821,116.861,0.15058,0.000548118,4.4423,3.83518,3.0948,1.95461,0.829229,0.266538,0.088846,0.103654,0.0296153,0,0.0148077,0,0,0,0
67372,67397,67384,16.5,-104.532,39.2008,96.783,-67.6483,400.489,12.9412,1.88768,85.7447,0.13627,0.000428293,5.12763,3.31788,1.91029,1.4794,0.531435,0.373441,0.129268,0.0430893,0.0287262,0,0,0,0,0,0
67398,67424,67411,16.4,-104.528,39.1976,98.4587,-68.8761,396.146,10.7738,1.34844,52.9157,0.117727,0.000212624,4.82516,2.77987,1.52677,1.10907,0.345683,0.0864208,0.0864208,0.0144035,0,0,0,0,0,0,0
67425,67451,67438,16.3,-104.525,39.194,100.139,-68.4552,395.053,10.5647,1.39996,63.726,0.13656,0.00032939,5.2902,2.62935,1.13361,0.850211,0.267659,0.157446,0.157446,0.0472339,0.0314893,0,0,0,0,0,0
67452,67478,67465,16.2,-104.523,39.1901,101.856,-68.6904,392.68,10.3709,1.32086,55.5659,0.126204,0.000237543,4.77174,2.75823,1.37911,0.799886,0.413734,0.165494,0.0689557,0,0,0.0137911,0,0,0,0,0
67481,67501,67491,16.1,-104.521,39.1863,103.553,-68.8905,390.449,11.4507,1.48696,75.1814,0.151682,0.000268861,5.37886,3.03592,1.53446,0.923975,0.313492,0.197995,0.0164996,0.0164996,0.0164996,0,0,0,0.0164996,0,0
