data/B2SAP/Locations/Boulder/NOAA-POPS-B2SAP_GMLBalloon_20230328_R0.ict
61,1001
Thornberry, T. D.
NOAA Chemical Sciences Laboratory
Portable Optical Particle Spectrometer (POPS)
Balloon Baseline Stratospheric Aerosol Profiles (B2SAP)
1,1
2023,03,28,2024,05,28
0
TIME_START,s,Seconds since midnight UTC on flight start day,Start time of 100 m altitude bin in UTC_seconds_since_midnight
28
1.0,1.0,1.0,1.0,1.0,1.0,1.0,1.0,1.0,1.0,1.0,1.0,1.0,1.0,1.0,1.0,1.0,1.0,1.0,1.0,1.0,1.0,1.0,1.0,1.0,1.0,1.0,1.0
99999,99999,99999,99999,99999,99999,99999,99999,99999,99999,99999,99999,99999,99999,99999,99999,99999,99999,99999,99999,99999,99999,99999,99999,99999,99999,99999,99999
TIME_STOP,s,End time of 100 m altitude bin in UTC seconds since midnight,
TIME_MID,s,Mid time of 100 m altitude in UTC seconds since midnight,
GPSAlt,m,GPS reported altitude above sea level (m),
GPS_Lon,deg,GPS reported longitude,
GPS_Lat,deg,GPS reported latitude,
iMet_Pressure,mb,Pressure reported (mB),
iMet_Temperature,degrees C,Ambient temperature (oC),
THETA,K,Potential temperature from iMet,
Aerosol_concentration,cm^-3,Aerosol concentration,
Surface_Area_Conc,um^2 cm^-3,Surface area concentration,
Volume_density,um^3 cm^-3,Volume density,
Effective_radius,um,Effective radius,
Extinction,km^-1,Extinction,
Bin01,cm^-3,particle concentration in size range [140 - 170 nm],
Bin02,cm^-3,particle concentration in size range [170 - 205 nm],
Bin03,cm^-3,particle concentration in size range [205 - 249 nm],
Bin04,cm^-3,particle concentration in size range [249 - 302 nm],
Bin05,cm^-3,particle concentration in size range [302 - 366 nm],
Bin06,cm^-3,particle concentration in size range [366 - 443 nm],
Bin07,cm^-3,particle concentration in size range [443 - 537 nm],
Bin08,cm^-3,particle concentration in size range [537 - 651 nm],
Bin09,cm^-3,particle concentration in size range [651 - 789 nm],
Bin10,cm^-3,particle concentration in size range [789 - 956 nm],
Bin11,cm^-3,particle concentration in size range [956 - 1159 nm],
Bin12,cm^-3,particle concentration in size range [1159 - 1404 nm],
Bin13,cm^-3,particle concentration in size range [1404 - 1702 nm],
Bin14,cm^-3,particle concentration in size range [1702 - 2062 nm],
Bin15,cm^-3,particle concentration in size range [2062 - 2500 nm],
0
19
PI_CONTACT_INFO: 325 Broadway R/CSL6, Boulder, CO 80305; troy.thornberry@noaa.gov; 303-497-3373 
PLATFORM: GML ECC/FPH balloon
LOCATION: Boulder, CO, USA
ASSOCIATED_DATA: N/A
INSTRUMENT_INFO: Printed Optical Particle Spectrometer counts particles from 140 - 2500 nm in diameter 
DATA_INFO: Particle concentrations reported in number per cubic centimeter, binned to 100 m altitude
UNCERTAINTY: Counting uncertainty dominated by air flow, less than 5 percent
ULOD_FLAG: -77777
ULOD_VALUE: 3000 ~3000 per cm3 (varies depending on flow rate- manufacturer quotes 1250  per cm3 at 1.667 cc/s)
LLOD_FLAG: -88888
LLOD_VALUE: 0 0 (varies depending on data field and measurement precision)
DM_CONTACT_INFO: Troy Thornberry, 325 Broadway R/CSL6, Boulder, CO 80305; troy.thornberry@noaa.gov; 303-497-3373
PROJECT_INFO: B2SAP Boulder, CO, USA
STIPULATIONS_ON_USE: Please contact the PIs for questions regarding applications and uncertainties
OTHER_COMMENTS: POPS bin Edges (nm):  140, 170, 205, 249, 302, 366, 443, 537, 651, 789, 956, 1159, 1404, 1702, 2062, 2500
Calculations assume sulfate refractive index of 1.45+0.00j and extinction wavelength = 532 nm
REVISION: R0
R0: QA/QC data
TIME_START,TIME_STOP,TIME_MID,GPSAlt,GPS_Lon,GPS_Lat,iMet_Pressure,iMet_Temperature,THETA,Aerosol_concentration,Surface_Area_Conc,Volume_density,Effective_radius,Extinction,Bin01,Bin02,Bin03,Bin04,Bin05,Bin06,Bin07,Bin08,Bin09,Bin10,Bin11,Bin12,Bin13,Bin14,Bin15
57992,58622,58307,1.8,-105.197,39.9491,826.396,-1.50469,286.855,349.959,61.8396,4259.79,0.206653,0.0200829,135.736,88.2142,55.1125,26.1927,21.4428,9.69299,8.6021,3.30675,0.738622,0.238632,0.238632,0.136361,0.136361,0.0795439,0.0909073
58623,58649,58636,1.9,-105.197,39.9492,816.243,-2.64481,286.665,341.129,58.2677,3790.69,0.19517,0.0185035,139.35,84.5504,50.5161,24.6413,20.3853,9.14901,7.9698,2.9819,0.704812,0.338852,0.135541,0.162649,0.121987,0.0677704,0.0542163
58650,58678,58664,2,-105.197,39.9495,805.68,-2.42931,287.96,178.416,34.0676,2644.6,0.232884,0.011602,63.1608,45.8127,28.9178,15.422,12.5516,5.47637,4.44404,1.47295,0.428038,0.214019,0.125894,0.0755361,0.163662,0.0881255,0.0629468
58679,58709,58694,2.1,-105.198,39.9503,795.381,-2.94484,288.467,152.9,29.3241,2096.89,0.214522,0.010026,50.9548,39.8653,25.9707,13.2528,11.2797,4.7187,4.36212,1.62837,0.392235,0.106973,0.118859,0.0594295,0.118859,0.0237718,0.0475436
58710,58739,58724,2.2,-105.198,39.9509,784.947,-3.306,289.176,147.626,28.3945,2177.49,0.230062,0.00972794,50.6627,37.832,24.8792,12.7818,11.0466,4.60681,3.50704,1.38082,0.244393,0.293272,0.0855376,0.109977,0.0855376,0.0488786,0.0610983
58740,58772,58756,2.3,-105.198,39.952,774.736,-2.95758,290.635,138.98,26.4943,2035.38,0.23047,0.00911823,46.8111,37.3956,23.5442,11.8663,9.83687,3.88151,3.3381,1.37517,0.443602,0.144171,0.1109,0.0554502,0.0554502,0.0665402,0.0554502
58773,58805,58789,2.4,-105.199,39.9536,764.464,-3.33788,291.331,136.885,25.6094,1835.67,0.215038,0.00841146,45.4171,36.267,24.0705,11.9519,9.91727,3.8913,3.59112,1.03398,0.266832,0.133416,0.122298,0.0778261,0.0444721,0.0778261,0.022236
58806,58840,58823,2.5,-105.199,39.9556,755.177,-4.05147,291.575,133.251,24.6656,1730.33,0.210454,0.00790308,43.6777,35.6626,22.9422,11.9957,9.85399,4.19687,3.26664,1.0384,0.2596,0.0865334,0.0432667,0.0757167,0.0757167,0.03245,0.0432667
58841,58869,58855,2.6,-105.2,39.9576,745.691,-4.53786,292.108,129.043,24.9271,1943.75,0.233932,0.00840645,42.5718,35.0011,22.2651,11.264,8.89815,4.0482,3.07558,1.01205,0.315444,0.131435,0.0920045,0.210296,0.052574,0.0657175,0.0394305
58870,58897,58884,2.7,-105.2,39.9591,735.985,-4.35926,293.396,113.731,21.8254,1741.79,0.239417,0.0072098,38.9958,30.3845,19.5251,9.51049,7.91633,3.03845,2.77957,0.831146,0.190755,0.0681268,0.136254,0.122628,0.136254,0.0681268,0.0272507
58898,58920,58909,2.8,-105.199,39.96,727.173,-4.75652,293.969,109.357,22.5656,2137.07,0.284114,0.00806468,36.1627,30.8172,18.7254,8.85551,7.50303,3.02697,2.38294,0.821147,0.241514,0.17711,0.257615,0.128807,0.112706,0.0644037,0.0805046
58921,58944,58932,2.9,-105.198,39.9608,717.747,-5.32522,294.442,104.201,20.5223,1831.07,0.26767,0.00725022,35.5134,28.6399,17.7809,8.72911,7.00265,2.58162,2.27505,0.774487,0.290433,0.225892,0.0806757,0.0645406,0.0968108,0.0806757,0.0645406
58945,58979,58962,3,-105.195,39.9612,708.731,-5.67971,295.121,99.5671,20.9514,2113.5,0.302629,0.00762769,34.5512,26.3147,16.6948,8.54277,6.9377,2.63992,2.08025,0.781415,0.30623,0.116156,0.147835,0.147835,0.137276,0.0739177,0.095037
58980,59011,58996,3.1,-105.191,39.9615,699.629,-6.11688,295.726,91.4161,19.6993,1959.04,0.29834,0.00722871,31.4308,23.5441,16.0865,7.92149,6.07739,2.69075,1.84409,0.661091,0.313148,0.173971,0.173971,0.220364,0.173971,0.0231962,0.0811866
59012,59043,59028,3.2,-105.187,39.9618,690.774,-6.79188,296.051,85.6287,18.4865,1790.99,0.290642,0.00677968,27.5867,23.5152,14.551,7.61092,6.35015,2.38275,2.03575,0.601471,0.266035,0.138801,0.161935,0.196635,0.115668,0.0578338,0.0578338
59044,59075,59060,3.3,-105.181,39.9619,681.765,-7.23419,296.675,78.2711,17.6599,1921.34,0.326391,0.00670747,26.3023,20.8427,13.4992,6.81557,5.53165,1.89588,1.67989,0.683957,0.263983,0.107993,0.107993,0.179989,0.203987,0.0839947,0.0719955
59076,59104,59090,3.4,-105.176,39.9621,673.377,-7.95586,296.918,77.4436,19.4646,2469.62,0.380631,0.00801429,25.9949,19.9663,13.6286,6.65974,5.48752,1.97087,1.71324,0.721364,0.373564,0.0901705,0.128815,0.283393,0.16746,0.141697,0.115934
59105,59129,59117,3.5,-105.172,39.9621,664.491,-8.56,297.364,71.8305,15.8348,1588.22,0.300899,0.00593849,23.6479,19.1206,12.2751,6.58096,5.39856,1.9914,1.38465,0.435619,0.280041,0.186694,0.0622313,0.155578,0.171136,0.124463,0.0155578
59130,59156,59143,3.6,-105.168,39.9619,655.864,-9.39333,297.537,68.8746,14.9985,1502.42,0.300514,0.00555386,22.9767,17.9986,11.6201,6.08737,5.56045,1.76104,1.51144,0.596257,0.166397,0.124798,0.110932,0.166397,0.0831987,0.0554658,0.0554658
59157,59184,59170,3.7,-105.164,39.9615,647.187,-10.1221,297.851,65.8681,14.2692,1506.06,0.316639,0.00523619,21.9963,17.8578,11.3005,6.2482,4.08484,1.90805,1.27651,0.40311,0.214992,0.107496,0.0806219,0.161244,0.107496,0.0537479,0.0671849
59185,59212,59198,3.8,-105.159,39.961,639.173,-10.7458,298.201,60.878,13.8498,1554.22,0.33666,0.00548813,21.4232,15.6398,10.1608,5.21811,4.21797,1.59442,1.34801,0.449337,0.188432,0.202927,0.0144948,0.115958,0.130453,0.130453,0.0434843
59213,59237,59225,3.9,-105.155,39.9605,631.308,-11.4804,298.417,59.0159,13.9362,1613.12,0.34725,0.00549066,19.4046,15.2421,10.6861,4.9798,4.41976,1.71039,1.28657,0.484357,0.181634,0.121089,0.0454085,0.151362,0.136226,0.105953,0.0605447
59238,59262,59250,4,-105.15,39.96,622.985,-11.974,298.991,50.4213,12.719,1570.6,0.370455,0.00517657,16.17,13.0149,9.25301,4.55066,3.51918,1.69891,0.955639,0.379222,0.151689,0.166858,0.13652,0.166858,0.121351,0.0606755,0.0758443
59263,59294,59278,4.1,-105.143,39.9593,614.732,-12.2657,299.796,39.4199,9.76004,1294.74,0.397971,0.00399987,13.2743,10.8562,6.80088,3.40044,2.44328,0.944567,0.768248,0.277073,0.113348,0.125942,0.100754,0.125942,0.0629711,0.0377827,0.0881596
59295,59340,59318,4.2,-105.133,39.9584,606.193,-12.3469,300.899,13.5432,3.17931,373.958,0.352867,0.00121524,4.60435,3.5671,2.15038,1.30709,1.03724,0.337315,0.261419,0.0927616,0.0252986,0.0252986,0.0168657,0.067463,0.0168657,0.0168657,0.0168657
59341,59374,59358,4.3,-105.122,39.9573,599.167,-12.7591,301.429,1.26537,0.232195,21.3134,0.275373,6.8325e-05,0.492711,0.347137,0.246355,0.0895838,0.0559899,0.011198,0,0,0.011198,0,0,0,0.011198,0,0
59375,59406,59390,4.4,-105.113,39.956,590.696,-13.5383,301.753,0.980366,0.138268,5.81826,0.126239,2.64203e-05,0.352932,0.261431,0.209145,0.0522862,0.0784293,0.0130715,0.0130715,0,0,0,0,0,0,0,0
59408,59436,59422,4.5,-105.105,39.9548,583.321,-14.2086,302.053,1.56264,0.22569,9.57926,0.127333,4.39298e-05,0.516352,0.52994,0.217411,0.0815293,0.176647,0.0271764,0.0135882,0,0,0,0,0,0,0,0
59437,59468,59452,4.6,-105.097,39.9534,575.133,-15.068,302.272,2.99901,0.495051,25.5886,0.155066,0.00014983,1.33431,0.533723,0.419354,0.279569,0.266861,0.0762461,0.0381231,0.0381231,0.0127077,0,0,0,0,0,0
59469,59503,59486,4.7,-105.089,39.9516,567.977,-15.9024,302.375,3.26057,0.452394,18.8407,0.12494,8.31958e-05,1.30423,0.854495,0.528438,0.224867,0.224867,0.112434,0.0112434,0,0,0,0,0,0,0,0
59504,59539,59522,4.8,-105.08,39.9496,560.242,-16.8166,302.48,4.27575,0.650212,30.4311,0.140405,0.000163496,1.67073,1.17611,0.593549,0.329749,0.263799,0.1319,0.0879331,0.0219833,0,0,0,0,0,0,0
59540,59580,59560,4.9,-105.071,39.9476,552.882,-17.3756,302.964,9.91332,1.82124,114.902,0.189271,0.000582165,3.73981,2.38671,1.40948,0.826893,0.8081,0.281895,0.375861,0.0375861,0.018793,0,0.00939651,0.00939651,0.00939651,0,0
59581,59616,59598,5,-105.062,39.946,545.316,-17.7039,303.772,17.509,3.09314,186.597,0.180978,0.000926118,6.14427,4.6834,2.84656,1.28901,1.34272,0.601537,0.440411,0.0859339,0.0214835,0.0107417,0,0.0429669,0,0,0
59617,59666,59642,5.1,-105.05,39.9442,538.039,-17.9786,304.609,17.474,3.07959,190.999,0.186063,0.000956189,6.91854,4.06928,2.62534,1.42849,1.29723,0.478738,0.447852,0.115824,0.0386079,0.00772159,0.0154432,0.0231648,0.00772159,0,0
59667,59730,59698,5.2,-105.034,39.942,530.885,-17.9658,305.79,10.1778,1.77807,112.412,0.189663,0.000573372,3.97911,2.59264,1.55434,0.7523,0.696344,0.21139,0.23626,0.087043,0.0248694,0.0186521,0.0124347,0.00621736,0.00621736,0,0
59731,59756,59744,5.3,-105.021,39.9399,524.22,-17.8308,307.056,18.2144,3.51748,264.23,0.225358,0.001171,6.18457,4.87363,2.94577,1.40348,1.40348,0.678606,0.5398,0.0925372,0,0.0308457,0.0154229,0,0.0308457,0.0154229,0
59757,59782,59770,5.4,-105.013,39.9381,517.447,-18.4521,307.457,27.439,4.64899,250.666,0.161755,0.00138654,9.81584,7.12701,4.38959,2.38107,1.99232,0.745097,0.728899,0.161978,0.0485933,0.0323955,0,0.0161978,0,0,0
59784,59813,59798,5.5,-105.006,39.9359,510.139,-19.3043,307.675,29.3926,5.53323,402.854,0.218419,0.00182744,10.88,7.38285,4.70449,2.35918,1.99837,0.818775,0.804897,0.277551,0.0416326,0,0.0555102,0.0277551,0.0277551,0.0138775,0
59815,59853,59834,5.6,-104.996,39.9331,503.179,-19.8778,308.185,31.093,5.75995,389.261,0.202742,0.00186743,11.5059,7.8975,4.28907,2.66851,2.50646,1.04796,0.78867,0.216074,0.0540185,0.0216074,0.0432148,0.0324111,0.0108037,0.0108037,0
59855,59893,59874,5.7,-104.986,39.93,496.408,-20.8286,308.216,28.3053,5.11703,330.952,0.19403,0.00161865,10.3464,7.12355,4.17856,2.52269,2.10039,1.0113,0.722357,0.177811,0.0333396,0.0333396,0.0111132,0.0111132,0.0222264,0.0111132,0
59894,59930,59912,5.8,-104.976,39.927,489.999,-21.7359,308.247,28.4574,5.0893,331.568,0.19545,0.00157186,10.603,7.15396,4.20463,2.41309,2.16935,0.828739,0.840926,0.121873,0.0487493,0,0.0121873,0.0487493,0,0.0121873,0
59933,59964,59948,5.9,-104.966,39.9244,483.037,-22.6334,308.414,31.475,5.61234,333.317,0.17817,0.00179385,12.1882,7.09849,4.764,2.7281,2.52451,0.868649,0.936513,0.190017,0.108581,0.0135726,0.0271453,0.0135726,0.0135726,0,0
59965,59998,59982,6,-104.958,39.922,476.569,-23.4333,308.615,34.2365,6.69651,565.562,0.253369,0.00227985,12.7018,8.13057,5.17833,3.07128,2.76178,1.15471,0.773773,0.261893,0.0357126,0.0476168,0.0238084,0.0357126,0.0238084,0.0119042,0.0238084
59999,60037,60018,6.1,-104.948,39.9192,470.171,-24.1519,308.915,36.4979,7.02981,491.967,0.209949,0.0024113,13.234,8.48493,5.29359,3.39397,3.26733,1.34239,0.886486,0.367258,0.113977,0.0379922,0.0253282,0.0126641,0.0253282,0,0.0126641
60038,60071,60054,6.2,-104.938,39.9163,463.72,-25.0166,309.057,55.7742,10.0978,611.471,0.181665,0.00328468,20.2759,13.5667,8.5873,4.99175,4.11449,1.89044,1.63097,0.481877,0.123558,0.0370675,0.0247117,0.0247117,0.0123558,0.0123558,0
60072,60103,60088,6.3,-104.929,39.9141,457.231,-25.9217,309.169,31.8616,6.16374,414.448,0.201719,0.0021375,11.3256,7.6004,5.18519,2.82457,2.37427,1.18714,0.791424,0.313841,0.0955167,0.0682262,0.0272905,0.0272905,0.0409357,0,0
60104,60140,60122,6.4,-104.918,39.9117,450.792,-26.7656,309.375,9.8034,1.56737,78.9962,0.151201,0.00045701,3.93377,2.45705,1.47671,0.682515,0.670106,0.273006,0.173731,0.111684,0.0248187,0,0,0,0,0,0
60141,60172,60156,6.5,-104.908,39.9095,444.726,-27.5663,309.563,7.834,1.39415,77.1815,0.166083,0.000472327,3.05393,1.8058,1.03568,0.690454,0.690454,0.212447,0.212447,0.0929458,0.0265559,0.013278,0,0,0,0,0
60173,60205,60189,6.6,-104.898,39.9074,438.669,-28.4282,309.685,6.85128,1.11904,65.7401,0.176241,0.000318463,3.01553,1.35096,1.17002,0.482484,0.470422,0.156807,0.120621,0.0603105,0.0120621,0,0,0,0.0120621,0,0
60206,60241,60224,6.7,-104.887,39.9051,432.696,-29.3077,309.78,8.47484,2.05646,243.472,0.355182,0.000847293,3.46991,1.8962,1.26413,0.670764,0.425677,0.270885,0.296684,0.0386979,0,0.0515972,0,0.0515972,0.0257986,0,0.0128993
60242,60278,60260,6.8,-104.875,39.9024,426.238,-30.32,309.822,12.761,2.95642,347.26,0.352379,0.0012328,5.22212,2.9304,1.97865,0.914184,0.6512,0.438308,0.313077,0.125231,0.0500923,0.0375692,0.0125231,0.0250462,0.0250462,0.0250462,0.0125231
60279,60316,60298,6.9,-104.864,39.8999,420.402,-31.1403,310.002,10.9523,2.46061,288.226,0.351408,0.000932976,4.18912,2.81378,1.60246,0.946337,0.731834,0.252357,0.201885,0.0504713,0.0504713,0.0126178,0.0126178,0.0252357,0.0378535,0.0126178,0.0126178
60317,60352,60334,7,-104.853,39.8976,414.686,-31.9997,310.109,31.4228,6.4878,667.85,0.308818,0.00243553,12.655,7.69152,4.69827,2.27336,1.95761,0.909342,0.682007,0.202076,0.126298,0.050519,0.0378893,0.0252595,0.050519,0.0378893,0.0252595
60353,60381,60367,7.1,-104.844,39.8954,409.026,-32.9239,310.133,48.0692,13.6807,1843,0.404145,0.00635186,18.6092,11.6108,6.9453,3.78192,2.38579,1.46682,1.44915,0.565521,0.300433,0.229743,0.14138,0.194398,0.21207,0.123708,0.0530176
60382,60408,60395,7.2,-104.835,39.8933,403.065,-33.8796,310.195,48.205,11.5172,1439.27,0.374901,0.00464189,19.0924,12.4744,7.34585,3.16515,2.84355,1.15096,0.82937,0.406222,0.186185,0.152333,0.101556,0.135407,0.236963,0,0.0846296
60409,60439,60424,7.3,-104.827,39.8914,397.467,-34.7265,310.338,44.1394,10.5769,1243.17,0.352608,0.00444962,17.7994,10.3205,6.88556,3.21638,2.545,0.921197,1.07733,0.5777,0.234203,0.093681,0.156135,0.093681,0.124908,0.0468405,0.0468405
60440,60468,60454,7.4,-104.818,39.8897,391.765,-35.5964,310.489,42.1503,10.3825,1326.27,0.383222,0.00438487,18.1555,9.33947,6.0682,2.89507,2.43709,1.17766,0.85053,0.441621,0.212632,0.0817817,0.049069,0.17992,0.130851,0.0817817,0.049069
60469,60486,60478,7.5,-104.811,39.8883,386.401,-36.346,310.728,44.6206,10.1202,1040.34,0.308393,0.0042292,18.6961,10.1361,5.97841,3.64139,2.44571,1.25003,0.978285,0.679364,0.380444,0.0815237,0.0543491,0.0815237,0.163047,0.0271746,0.0271746
60487,60514,60500,7.6,-104.804,39.8865,380.757,-37.081,311.066,46.218,11.0193,1238.32,0.337131,0.00458486,19.1011,11.0853,6.5886,3.10857,2.95216,0.938436,1.03619,0.52787,0.156406,0.175957,0.117304,0.175957,0.156406,0.0977537,0
60515,60540,60528,7.7,-104.795,39.8848,375.145,-37.7726,311.47,46.2675,10.0996,992.045,0.294678,0.00390573,19.1723,11.6787,6.08077,3.38019,2.5575,1.30558,0.96577,0.304039,0.196731,0.125192,0.268269,0.0894231,0.107308,0.0357692,0
60541,60565,60553,7.8,-104.787,39.8831,369.905,-38.3685,311.942,47.504,11.2955,1515.36,0.402471,0.00492504,20.9455,11.453,5.94316,3.28112,2.68268,0.846075,1.07307,0.433356,0.247632,0.185724,0.0825439,0.123816,0.041272,0.061908,0.10318
60568,60593,60580,7.9,-104.778,39.8813,364.376,-39.1976,312.179,50.393,12.3164,1524.41,0.371314,0.00546666,20.7766,12.1719,7.017,3.82211,2.58727,1.11723,1.35244,0.529215,0.33321,0.215606,0.0784022,0.156804,0.0784022,0.0980028,0.0588017
60595,60620,60608,8,-104.77,39.8798,359.177,-39.9778,312.414,51.6498,12.4652,1584.71,0.381395,0.00531217,21.0705,12.9665,7.67183,3.27764,2.79139,1.33267,1.09855,0.558279,0.198099,0.162081,0.090045,0.108054,0.144072,0.126063,0.054027
60621,60647,60634,8.1,-104.762,39.8784,353.87,-40.767,312.681,50.1411,12.3785,1673.5,0.405581,0.0054036,21.1547,12.1167,6.89552,3.56479,2.7186,1.29629,1.06223,0.378084,0.306068,0.144032,0.0720159,0.126028,0.0900199,0.144032,0.0720159
60650,60672,60661,8.2,-104.753,39.877,348.744,-41.4788,313.03,40.3533,8.1447,678.586,0.249949,0.00314533,16.7893,10.1374,5.30189,2.43003,2.40549,1.1782,1.20274,0.417278,0.147275,0.122729,0.0490915,0.0981831,0.0490915,0.0245458,0
60673,60691,60682,8.3,-104.746,39.8758,343.833,-42.285,313.21,31.9331,8.15263,1199.95,0.441556,0.00373109,13.2129,8.2841,3.93379,2.17515,1.82806,0.786758,0.902458,0.277679,0.1157,0.16198,0.0231399,0.0462799,0.0231399,0.0694198,0.0925598
60693,60719,60706,8.4,-104.737,39.8749,338.148,-43.2943,313.327,27.2752,5.40349,530.242,0.294389,0.00201783,11.469,6.71445,3.70202,1.86916,1.63324,0.744034,0.725886,0.181472,0.0544415,0.0725886,0,0.0181472,0.0362943,0.0362943,0.0181472
60720,60752,60736,8.5,-104.727,39.8738,333.181,-44.0843,313.57,26.4168,5.66213,594.519,0.314998,0.00223278,11.1925,6.36349,3.68571,1.7902,1.56455,0.661923,0.496442,0.270787,0.12035,0.0752186,0.0300874,0.0451311,0.0752186,0.0300874,0.0150437
60753,60791,60772,8.6,-104.714,39.8723,327.971,-44.9012,313.864,25.7562,5.6405,661.508,0.351835,0.00227341,11.5186,6.38961,3.23806,1.65611,1.12467,0.655028,0.617951,0.160667,0.0988721,0.0741541,0.037077,0.0617951,0.0617951,0.037077,0.024718
60792,60831,60812,8.7,-104.701,39.8706,323.034,-45.5347,314.356,22.3001,5.30321,694.756,0.39302,0.00215189,9.55908,5.36466,2.98475,1.63043,1.13079,0.552244,0.578541,0.170933,0.0657433,0.0262973,0.0262973,0.039446,0.105189,0.0262973,0.039446
