data/B2SAP/Locations/Boulder/NOAA-POPS-B2SAP_GMLBalloon_20230928_R0.ict
82,1001
Thornberry, T. D.
NOAA Chemical Sciences Laboratory
Portable Optical Particle Spectrometer (POPS)
Balloon Baseline Stratospheric Aerosol Profiles (B2SAP)
1,1
2023,09,28,2024,05,28
0
TIME_START,s,Seconds since midnight UTC on flight start day,Start time of 100 m altitude bin in UTC_seconds_since_midnight
49
1.0,1.0,1.0,1.0,1.0,1.0,1.0,1.0,1.0,1.0,1.0,1.0,1.0,1.0,1.0,1.0,1.0,1.0,1.0,1.0,1.0,1.0,1.0,1.0,1.0,1.0,1.0,1.0,1.0,1.0,1.0,1.0,1.0,1.0,1.0,1.0,1.0,1.0,1.0,1.0,1.0,1.0,1.0,1.0,1.0,1.0,1.0,1.0,1.0
99999,99999,99999,99999,99999,99999,99999,99999,99999,99999,99999,99999,99999,99999,99999,99999,99999,99999,99999,99999,99999,99999,99999,99999,99999,99999,99999,99999,99999,99999,99999,99999,99999,99999,99999,99999,99999,99999,99999,99999,99999,99999,99999,99999,99999,99999,99999,99999,99999
TIME_STOP,s,End time of 100 m altitude bin in UTC seconds since midnight,
TIME_MID,s,Mid time of 100 m altitude in UTC seconds since midnight,
GPSAlt,km,GPS reported altitude above sea level (km),
GPS_Lon,deg,GPS reported longitude,
GPS_Lat,deg,GPS reported latitude,
iMet_Pressure,hPa,Pressure reported (hPa),
iMet_Temperature,degrees C,Ambient temperature (oC),
THETA,K,Potential temperature from iMet,
Aerosol_concentration,cm^-3,Aerosol concentration,
Surface_Area_Conc,um^2 cm^-3,Surface area concentration,
Volume_density,um^3 cm^-3,Volume density,
Effective_radius,um,Effective radius,
Extinction,km^-1,Extinction,
Bin01,cm^-3,particle concentration in size range [140 - 146.14 nm],
Bin02,cm^-3,particle concentration in size range [146.14 - 152.56 nm],
Bin03,cm^-3,particle concentration in size range [152.56 - 159.25 nm],
Bin04,cm^-3,particle concentration in size range [159.25 - 166.24 nm],
Bin05,cm^-3,particle concentration in size range [166.24 - 173.54 nm],
Bin06,cm^-3,particle concentration in size range [173.54 - 181.16 nm],
Bin07,cm^-3,particle concentration in size range [181.16 - 189.11 nm],
Bin08,cm^-3,particle concentration in size range [189.11 - 197.41 nm],
Bin09,cm^-3,particle concentration in size range [197.41 - 206.07 nm],
Bin10,cm^-3,particle concentration in size range [206.07 - 215.12 nm],
Bin11,cm^-3,particle concentration in size range [215.12 - 224.56 nm],
Bin12,cm^-3,particle concentration in size range [224.56 - 234.41 nm],
Bin13,cm^-3,particle concentration in size range [234.41 - 244.70 nm],
Bin14,cm^-3,particle concentration in size range [244.70 - 361.30 nm],
Bin15,cm^-3,particle concentration in size range [361.30 - 472.80 nm],
Bin16,cm^-3,particle concentration in size range [472.80 - 567.00 nm],
Bin17,cm^-3,particle concentration in size range [567.00 - 610.66 nm],
Bin18,cm^-3,particle concentration in size range [610.66 - 657.69 nm],
Bin19,cm^-3,particle concentration in size range [657.69 - 708.33 nm],
Bin20,cm^-3,particle concentration in size range [708.33 - 762.88 nm],
Bin21,cm^-3,particle concentration in size range [762.88 - 821.62 nm],
Bin22,cm^-3,particle concentration in size range [821.62 - 884.89 nm],
Bin23,cm^-3,particle concentration in size range [884.89 - 953.03 nm],
Bin24,cm^-3,particle concentration in size range [953.03 - 1026.42 nm],
Bin25,cm^-3,particle concentration in size range [1026.42 - 1105.46 nm],
Bin26,cm^-3,particle concentration in size range [1105.46 - 1190.59 nm]],
[...]
LOCATION: Boulder, CO, USA
ASSOCIATED_DATA: N/A
INSTRUMENT_INFO: Printed Optical Particle Spectrometer counts particles from 140 - 2500 nm in diameter 
DATA_INFO: Particle concentrations reported in number per cubic centimeter, binned to 100 m altitude
UNCERTAINTY: Counting uncertainty dominated by air flow, less than 5 percent
ULOD_FLAG: -77777
ULOD_VALUE: 3000 ~3000 per cm3 (varies depending on flow rate- manufacturer quotes 1250  per cm3 at 1.667 cc/s)
LLOD_FLAG: -88888
LLOD_VALUE: 0 0 (varies depending on data field and measurement precision)
DM_CONTACT_INFO: Troy Thornberry, 325 Broadway R/CSL6, Boulder, CO 80305; troy.thornberry@noaa.gov; 303-497-3373
PROJECT_INFO: B2SAP Boulder, CO, USA
STIPULATIONS_ON_USE: Please contact the PIs for questions regarding applications and uncertainties
OTHER_COMMENTS: POPS bin Edges (nm):  140, 146.14, 152.56, 159.25, 166.24, 173.54, 181.16, 189.11, 197.41, 206.07, 215.12, 224.56, 234.41, 244.70, 361.30, 472.80, 567.00, 610.66, 657.69, 708.33, 762.88, 821.62, 884.89, 953.03, 1026.42, 1105.46, 1190.59, 1282.27, 1381.01, 1487.36, 1601.89, 1725.25, 1858.10, 2001.18, 2155.28, 2321.25, 2500
Calculations assume sulfate refractive index of 1.45+0.00j and extinction wavelength = 532 nm
REVISION: R0
R0: QA/QC data
TIME_START,TIME_STOP,TIME_MID,GPSAlt,GPS_Lon,GPS_Lat,iMet_Pressure,iMet_Temperature,THETA,Aerosol_concentration,Surface_Area_Conc,Volume_density,Effective_radius,Extinction,Bin01,Bin02,Bin03,Bin04,Bin05,Bin06,Bin07,Bin08,Bin09,Bin10,Bin11,Bin12,Bin13,Bin14,Bin15,Bin16,Bin17,Bin18,Bin19,Bin20,Bin21,Bin22,Bin23,Bin24,Bin25,Bin26,Bin27,Bin28,Bin29,Bin30,Bin31,Bin32,Bin33,Bin34,Bin35,Bin36
[from data line 105]
61510,61537,61524,12.3,-104.969,40.0766,199.417,-58.3719,340.453,6.82487,0.86693,44.4486,0.153814,0.000223493,1.49737,1.1979,0.961471,0.409807,0.504378,0.52014,0.330998,0.17338,0.157618,0.0945709,0.0945709,0.17338,0.0472855,0.425569,0.141856,0.0472855,0.0157618,0,0,0,0,0,0.0315236,0,0,0,0,0,0,0,0,0,0,0,0,0
61537,61562,61550,12.4,-104.966,40.0781,196.344,-58.7115,341.428,6.05792,0.692828,29.328,0.126992,0.00013464,1.17496,1.06815,0.717184,0.549333,0.457777,0.412,0.39674,0.228889,0.167852,0.152592,0.0762962,0.137333,0.0915554,0.305185,0.061037,0.0305185,0,0.0152592,0,0,0.0152592,0,0,0,0,0,0,0,0,0,0,0,0,0,0,0
61564,61586,61575,12.5,-104.963,40.0798,193.368,-59.1929,342.15,6.66415,0.794899,34.7962,0.131323,0.000160298,1.41613,1.0496,0.84968,0.533132,0.533132,0.299887,0.333208,0.316547,0.199925,0.199925,0.149943,0.116623,0.0833019,0.399849,0.116623,0.0499812,0,0,0,0,0,0.0166604,0,0,0,0,0,0,0,0,0,0,0,0,0,0
61588,61613,61600,12.6,-104.96,40.0819,190.277,-59.4048,343.39,7.39318,0.865118,38.8559,0.134742,0.000184163,1.5705,1.33344,0.844512,0.696352,0.577824,0.414848,0.474112,0.281504,0.14816,0.207424,0.133344,0.103712,0.044448,0.355584,0.103712,0.07408,0.014816,0,0,0,0,0,0.014816,0,0,0,0,0,0,0,0,0,0,0,0,0
61615,61638,61626,12.7,-104.956,40.0838,187.282,-59.6696,344.523,7.68434,0.943185,42.6671,0.135712,0.00019874,1.62299,1.17584,1.04335,0.579638,0.579638,0.496832,0.314661,0.314661,0.132489,0.198733,0.182172,0.14905,0.0828054,0.61276,0.115928,0.0496832,0.0165611,0,0,0,0,0,0.0165611,0,0,0,0,0,0,0,0,0,0,0,0,0
61639,61662,61650,12.8,-104.952,40.0852,184.317,-60.4508,344.831,8.04457,1.01046,45.6383,0.135498,0.000238427,1.39329,1.47622,1.02838,0.746404,0.481016,0.547363,0.414669,0.298561,0.215628,0.165867,0.182454,0.149281,0.165867,0.514189,0.116107,0.0829337,0.0165867,0.0331735,0.0165867,0,0,0,0,0,0,0,0,0,0,0,0,0,0,0,0,0
61663,61688,61676,12.9,-104.948,40.0865,181.404,-61.2359,345.126,8.50319,1.00574,44.6701,0.133246,0.000210852,1.94062,1.43695,1.11104,0.622185,0.696254,0.370348,0.399976,0.355534,0.177767,0.177767,0.222209,0.192581,0.148139,0.385162,0.148139,0.103697,0,0,0,0,0,0,0.0148139,0,0,0,0,0,0,0,0,0,0,0,0,0
61690,61713,61702,13,-104.944,40.0873,178.495,-61.505,346.281,7.43709,1.01822,52.7625,0.155454,0.000300344,1.59847,1.09369,0.656214,0.975908,0.50478,0.386998,0.370172,0.16826,0.235564,0.151434,0.16826,0.201912,0.117782,0.487954,0.134608,0.100956,0.016826,0.033652,0,0,0.016826,0.016826,0,0,0,0,0,0,0,0,0,0,0,0,0,0
61713,61738,61726,13.1,-104.939,40.0881,175.677,-61.73,347.492,8.13793,1.02369,48.5047,0.142147,0.00025076,1.67365,1.21301,0.936629,0.798438,0.552765,0.429928,0.506701,0.307092,0.261028,0.276382,0.291737,0.153546,0.0460637,0.414574,0.122837,0.107482,0.0153546,0,0,0,0.0153546,0.0153546,0,0,0,0,0,0,0,0,0,0,0,0,0,0
61740,61761,61750,13.2,-104.935,40.0891,172.809,-61.9735,348.727,9.26689,1.2962,67.7669,0.156843,0.000386733,1.9408,1.29387,1.08405,1.0316,0.629449,0.542025,0.314724,0.332209,0.157362,0.279755,0.174847,0.209816,0.192332,0.629449,0.244786,0.0699388,0.0524541,0.0349694,0.0349694,0,0,0,0.0174847,0,0,0,0,0,0,0,0,0,0,0,0,0
61762,61788,61775,13.3,-104.931,40.0904,170.101,-62.2819,349.792,8.57555,1.1733,55.8076,0.142695,0.000304413,1.48881,1.26549,0.893287,1.02728,0.580637,0.47642,0.446643,0.47642,0.223322,0.133993,0.133993,0.223322,0.119105,0.655077,0.267986,0.104217,0.0148881,0,0.0446643,0,0,0,0,0,0,0,0,0,0,0,0,0,0,0,0,0
61790,61816,61803,13.4,-104.926,40.0916,167.38,-62.2193,351.512,8.37744,1.07383,46.6312,0.130275,0.000224445,1.36896,1.16064,1.02672,0.78864,0.8184,0.49104,0.28272,0.32736,0.20832,0.26784,0.2232,0.19344,0.20832,0.78864,0.13392,0.02976,0.01488,0.02976,0.01488,0,0,0,0,0,0,0,0,0,0,0,0,0,0,0,0,0
61816,61845,61830,13.5,-104.921,40.093,164.643,-62.0339,353.481,8.35436,1.22403,65.7484,0.161145,0.000385215,1.41866,1.17506,0.974436,0.659177,0.530208,0.702167,0.415568,0.343919,0.386909,0.157629,0.300929,0.143299,0.0716497,0.702167,0.10031,0.143299,0.0573198,0.0286599,0.0143299,0,0.0143299,0,0.0143299,0,0,0,0,0,0,0,0,0,0,0,0,0
61846,61874,61860,13.6,-104.915,40.0949,162.038,-62.0059,355.146,8.31923,1.18916,57.7694,0.145739,0.000314205,1.28734,1.01049,0.927435,0.761328,0.512166,0.526008,0.664431,0.318373,0.263004,0.3599,0.17995,0.235319,0.207635,0.636747,0.235319,0.138423,0.041527,0,0,0,0,0.0138423,0,0,0,0,0,0,0,0,0,0,0,0,0,0
61874,61903,61888,13.7,-104.909,40.0971,159.522,-61.2493,358.015,9.33207,1.30969,61.6872,0.141302,0.000331857,1.26831,1.34841,1.17485,0.801036,0.640829,0.574076,0.627479,0.360466,0.333765,0.307064,0.186909,0.133506,0.293713,0.867789,0.22696,0.120155,0.0133506,0.0267012,0.0267012,0,0,0,0,0,0,0,0,0,0,0,0,0,0,0,0,0
61905,61930,61918,13.8,-104.904,40.0995,156.853,-60.9681,360.221,8.77047,1.20336,58.1121,0.144874,0.000294717,1.37315,1.21074,0.871141,0.72349,0.738255,0.516779,0.649665,0.428188,0.251007,0.236242,0.280537,0.221477,0.162416,0.78255,0.206711,0.0590604,0.0147651,0.0147651,0,0,0.0147651,0,0.0147651,0,0,0,0,0,0,0,0,0,0,0,0,0
61932,61959,61946,13.9,-104.9,40.1023,154.472,-60.6471,362.346,8.97285,1.29063,65.5506,0.152369,0.000372202,1.39452,1.26775,0.943769,0.887425,0.662047,0.493014,0.549358,0.422583,0.338067,0.295808,0.267636,0.267636,0.126775,0.535272,0.309894,0.140861,0.0140861,0.0140861,0,0.0281722,0,0.0140861,0,0,0,0,0,0,0,0,0,0,0,0,0,0
61960,61978,61969,14,-104.895,40.1045,152.32,-60.8716,363.416,9.6359,1.35583,66.0716,0.146194,0.00034325,1.44539,1.23591,0.96359,0.8798,0.649376,0.837904,0.398005,0.544638,0.356109,0.460847,0.293267,0.230424,0.104738,0.796009,0.251371,0.146633,0.0209476,0,0,0,0,0,0.0209476,0,0,0,0,0,0,0,0,0,0,0,0,0
61986,62008,61997,14.1,-104.889,40.1069,149.491,-60.8577,365.394,8.84113,1.24587,59.8338,0.144077,0.000339226,1.34215,1.0652,0.979981,0.852158,0.745638,0.553902,0.447383,0.426079,0.447383,0.383471,0.149128,0.276951,0.191735,0.511295,0.191735,0.234343,0,0.0426079,0,0,0,0,0,0,0,0,0,0,0,0,0,0,0,0,0,0
62009,62032,62020,14.2,-104.884,40.1087,147.263,-60.6944,367.248,9.2403,1.39245,77.5375,0.167053,0.000460501,1.69497,1.47626,0.929498,0.683454,0.464749,0.574102,0.546764,0.546764,0.382735,0.30072,0.109353,0.136691,0.136691,0.792807,0.164029,0.136691,0.0546764,0.0546764,0.0273382,0,0,0,0.0273382,0,0,0,0,0,0,0,0,0,0,0,0,0
62034,62058,62046,14.3,-104.878,40.1102,144.882,-60.8704,368.654,8.63922,1.19148,56.8867,0.143234,0.00030802,1.70583,1.32064,0.96297,0.605295,0.302648,0.330161,0.467728,0.522755,0.550269,0.192594,0.247621,0.165081,0.110054,0.825403,0.165081,0.0550269,0.0825403,0,0,0.0275134,0,0,0,0,0,0,0,0,0,0,0,0,0,0,0,0
62059,62082,62070,14.4,-104.873,40.1118,142.495,-60.5513,370.967,9.03278,1.13625,48.6521,0.128454,0.000234287,1.75307,1.15881,1.15881,0.77254,0.623975,0.742827,0.623975,0.237705,0.207992,0.207992,0.178279,0.178279,0.0891393,0.831966,0.148565,0.0594262,0.0594262,0,0,0,0,0,0,0,0,0,0,0,0,0,0,0,0,0,0,0
62083,62107,62095,14.5,-104.869,40.1133,140.29,-60.2525,373.147,8.71035,1.07746,45.1719,0.125773,0.000210669,1.88486,0.999549,0.942432,0.599729,0.77108,0.514054,0.514054,0.342702,0.371261,0.142793,0.257027,0.228468,0.285585,0.628288,0.114234,0.0856756,0,0.0285585,0,0,0,0,0,0,0,0,0,0,0,0,0,0,0,0,0,0
62108,62133,62120,14.6,-104.865,40.1147,138.191,-60.4923,374.335,8.6401,1.04693,44.55,0.127659,0.00021078,1.68435,1.37243,0.966943,0.873367,0.655026,0.499067,0.218342,0.436684,0.436684,0.124767,0.18715,0.249534,0.18715,0.467875,0.18715,0.0623834,0,0,0.0311917,0,0,0,0,0,0,0,0,0,0,0,0,0,0,0,0,0
62133,62157,62145,14.7,-104.86,40.1167,135.908,-61.1037,375.039,8.43852,0.951743,34.9417,0.11014,0.000124118,1.37305,1.34444,0.94397,0.657919,0.600708,0.572103,0.629314,0.314657,0.400472,0.286052,0.171631,0.286052,0.143026,0.657919,0.0286052,0,0.0286052,0,0,0,0,0,0,0,0,0,0,0,0,0,0,0,0,0,0,0
62157,62181,62169,14.8,-104.855,40.1186,133.714,-61.3784,376.302,10.2154,1.3575,62.2607,0.137592,0.00032319,1.97187,1.36935,0.985934,0.794225,0.876386,0.794225,0.410806,0.46558,0.273871,0.438193,0.301258,0.0821612,0.191709,0.876386,0.219096,0.109548,0,0.0273871,0,0.0273871,0,0,0,0,0,0,0,0,0,0,0,0,0,0,0,0
62182,62207,62194,14.9,-104.85,40.1202,131.546,-61.9172,377.099,9.77466,1.12072,43.3779,0.116116,0.000176056,1.45522,1.81216,1.26302,1.04336,0.604052,0.494224,0.576595,0.411854,0.494224,0.109828,0.192198,0.329483,0.137285,0.686423,0.109828,0.0274569,0,0.0274569,0,0,0,0,0,0,0,0,0,0,0,0,0,0,0,0,0,0
62208,62228,62218,15,-104.845,40.1211,129.436,-62.2543,378.242,8.6984,1.1235,47.1129,0.125802,0.000216451,1.54858,1.31794,0.988454,0.823712,0.395382,0.527175,0.42833,0.42833,0.296536,0.263588,0.230639,0.0658969,0.197691,0.85666,0.263588,0.0658969,0,0,0,0,0,0,0,0,0,0,0,0,0,0,0,0,0,0,0,0
62229,62248,62238,15.1,-104.841,40.1215,127.437,-62.1876,380.046,8.02616,0.969752,38.9318,0.120438,0.000168723,1.82709,1.07668,0.522026,0.78304,0.522026,0.717786,0.4894,0.326267,0.0652533,0.261013,0.261013,0.261013,0.0652533,0.619906,0.163133,0.0652533,0,0,0,0,0,0,0,0,0,0,0,0,0,0,0,0,0,0,0,0
62250,62272,62261,15.2,-104.838,40.1216,125.333,-62.4265,381.424,8.18211,1.10354,49.3292,0.134103,0.000252166,1.40864,0.959075,0.80922,0.779248,0.569451,0.299711,0.509509,0.479538,0.449566,0.329682,0.389624,0.149855,0.149855,0.509509,0.239769,0.119884,0.0299711,0,0,0,0,0,0,0,0,0,0,0,0,0,0,0,0,0,0,0
62272,62296,62284,15.3,-104.835,40.1221,123.336,-63.0564,382.035,8.27059,1.14494,58.0077,0.151993,0.000326102,1.65965,1.21708,0.968129,0.580878,0.691521,0.497895,0.304269,0.248948,0.276608,0.221287,0.221287,0.165965,0.248948,0.636199,0.138304,0.110643,0.0276608,0,0,0.0276608,0.0276608,0,0,0,0,0,0,0,0,0,0,0,0,0,0,0
62297,62319,62308,15.4,-104.832,40.123,121.383,-63.6935,382.617,8.71011,1.13247,47.7398,0.126466,0.000220994,1.68777,0.99458,0.964441,0.99458,0.602776,0.452082,0.361665,0.301388,0.421943,0.150694,0.301388,0.0904164,0.210972,0.813747,0.301388,0.0602776,0,0,0,0,0,0,0,0,0,0,0,0,0,0,0,0,0,0,0,0
62320,62344,62332,15.5,-104.828,40.1243,119.459,-64.4296,383.018,8.68429,1.18678,57.8223,0.146166,0.000321176,1.74267,1.51031,0.697067,0.697067,0.551845,0.5228,0.435667,0.551845,0.319489,0.145222,0.145222,0.174267,0.174267,0.580889,0.2614,0.116178,0,0,0.0290445,0.0290445,0,0,0,0,0,0,0,0,0,0,0,0,0,0,0,0
62345,62369,62357,15.6,-104.825,40.1263,117.528,-65.112,383.546,8.60023,1.10456,48.0428,0.130485,0.000231956,1.94827,0.862806,0.918471,0.584482,0.695812,0.612314,0.278325,0.445319,0.473152,0.139162,0.22266,0.22266,0.22266,0.695812,0.166995,0.0834974,0,0,0.0278325,0,0,0,0,0,0,0,0,0,0,0,0,0,0,0,0,0
62370,62396,62383,15.7,-104.821,40.129,115.58,-65.2052,385.21,9.5243,1.15933,48.001,0.124212,0.000216239,1.63496,1.34949,0.856408,0.804505,1.08997,0.596891,0.467132,0.519035,0.337373,0.337373,0.207614,0.337373,0.103807,0.648794,0.129759,0.0778553,0,0,0.0259518,0,0,0,0,0,0,0,0,0,0,0,0,0,0,0,0,0
62397,62420,62408,15.8,-104.816,40.1313,113.722,-65.2844,386.851,8.40419,1.20936,60.9691,0.151244,0.000333381,1.67525,1.2006,0.753865,0.502576,0.698023,0.586339,0.530497,0.335051,0.251288,0.139605,0.223367,0.167525,0.111684,0.781786,0.279209,0.111684,0.0279209,0,0,0,0,0.0279209,0,0,0,0,0,0,0,0,0,0,0,0,0,0
62422,62448,62435,15.9,-104.811,40.1334,111.9,-64.9507,389.266,9.39403,1.29011,55.0793,0.12808,0.000255276,1.62589,0.774233,0.877464,1.0065,0.567771,0.516156,0.387117,0.361309,0.46454,0.387117,0.387117,0.387117,0.335501,0.980696,0.23227,0.103231,0,0,0,0,0,0,0,0,0,0,0,0,0,0,0,0,0,0,0,0
62449,62474,62462,16,-104.807,40.1357,110.063,-64.2712,392.385,10.4584,1.4807,69.464,0.140739,0.000326004,1.71624,1.28718,0.831306,0.80449,0.938571,0.563143,0.616776,0.50951,0.321796,0.241347,0.241347,0.402245,0.214531,1.44808,0.241347,0.0536327,0,0,0,0,0,0,0.0268163,0,0,0,0,0,0,0,0,0,0,0,0,0
62475,62499,62487,16.1,-104.803,40.1375,108.32,-63.6096,395.43,12.2604,1.80984,84.3768,0.139863,0.000448531,1.9739,1.33447,0.973049,0.945247,1.05645,0.834042,0.611631,0.417021,0.500425,0.639432,0.278014,0.250213,0.417021,1.44567,0.305815,0.250213,0,0.0278014,0,0,0,0,0,0,0,0,0,0,0,0,0,0,0,0,0,0
62500,62523,62512,16.2,-104.8,40.1392,106.618,-63.3754,397.666,13.2289,2.02446,95.7036,0.141821,0.000508062,1.69307,1.52089,1.00436,0.889578,0.975666,0.860882,0.602617,0.602617,0.373049,0.602617,0.80349,0.516529,0.631313,1.54959,0.286961,0.258265,0.0286961,0,0.0286961,0,0,0,0,0,0,0,0,0,0,0,0,0,0,0,0,0
62524,62548,62536,16.3,-104.796,40.141,104.874,-63.8524,398.636,15.4403,2.51194,125.383,0.149744,0.000692481,2.37968,1.18984,1.21751,1.1345,1.35586,0.885462,0.719438,0.719438,0.719438,0.498073,0.276707,0.498073,0.525743,2.49036,0.470402,0.304378,0,0,0,0.0276707,0.0276707,0,0,0,0,0,0,0,0,0,0,0,0,0,0,0
62549,62572,62560,16.4,-104.792,40.1428,103.155,-64.4754,399.329,15.5278,2.42718,118.582,0.146567,0.000649713,2.37996,1.68339,1.18998,1.219,1.16096,0.638525,0.783645,0.870716,0.551454,0.725597,0.406334,0.609502,0.464382,1.97362,0.551454,0.232191,0.0290239,0,0.0290239,0.0290239,0,0,0,0,0,0,0,0,0,0,0,0,0,0,0,0
62573,62596,62584,16.5,-104.787,40.1442,101.517,-64.4579,401.193,14.6811,2.39032,116.023,0.145615,0.000636721,1.70845,1.82428,1.18723,0.955574,0.608092,0.752876,0.98453,0.637049,0.839746,0.608092,0.723919,0.492265,0.405395,1.99802,0.637049,0.231654,0.0868703,0,0,0,0,0,0,0,0,0,0,0,0,0,0,0,0,0,0,0
62596,62620,62608,16.6,-104.783,40.1453,99.8792,-64.7896,402.421,14.8447,2.38636,119.872,0.150697,0.000629795,2.27036,1.59674,0.997963,0.848268,1.14766,0.573828,0.648676,0.79837,0.698574,0.623727,0.673625,0.399185,0.548879,2.24542,0.573828,0.124745,0,0.0249491,0,0,0.0249491,0,0.0249491,0,0,0,0,0,0,0,0,0,0,0,0,0
62620,62638,62629,16.7,-104.781,40.1462,98.1817,-63.8917,406.14,16.0261,2.62172,130.382,0.149194,0.000700197,1.35552,1.16678,1.13246,1.26973,1.23541,1.08099,1.09815,0.892244,0.995195,0.875086,0.686342,0.58339,0.531915,2.43651,0.257378,0.343171,0.0343171,0.0171585,0,0,0.0171585,0,0.0171585,0,0,0,0,0,0,0,0,0,0,0,0,0
62639,62663,62651,16.8,-104.779,40.1473,96.7088,-63.5584,408.548,15.6248,2.66927,138.346,0.155488,0.000787069,0.912577,1.28254,1.12222,1.25788,1.13456,1.10989,1.23321,0.949574,0.900245,0.937242,0.604274,0.665935,0.505617,2.09646,0.431624,0.3453,0.0369964,0.0369964,0.0246643,0.0123321,0.0123321,0,0.0123321,0,0,0,0,0,0,0,0,0,0,0,0,0
62664,62689,62676,16.9,-104.777,40.1489,95.1269,-63.6569,410.287,15.0257,2.60577,138.241,0.159156,0.000789176,1.19778,1.23336,1.15035,1.09105,1.11477,0.972459,1.03175,1.03175,0.747133,0.675977,0.652259,0.604822,0.462511,2.08723,0.557385,0.284622,0.0355778,0.0118593,0.0237185,0.0118593,0.0237185,0.0118593,0.0118593,0,0,0,0,0,0,0,0,0,0,0,0,0
62689,62712,62700,17,-104.775,40.1504,93.5642,-63.3362,412.863,13.64,2.28978,117.443,0.153869,0.00065496,1.24584,1.10456,1.07887,0.783465,1.09171,1.06603,0.770621,0.911902,0.655028,0.577966,0.59081,0.642185,0.462373,1.87518,0.462373,0.192655,0.0385311,0.0256874,0.0256874,0.0256874,0,0,0.0128437,0,0,0,0,0,0,0,0,0,0,0,0,0
62714,62737,62726,17.1,-104.773,40.1517,92.0783,-64.055,413.333,13.508,2.28463,122.422,0.160755,0.000690684,1.13535,1.01923,1.23856,0.941822,1.03213,0.92892,0.799903,0.761198,0.903117,0.593477,0.670887,0.503165,0.490263,1.76753,0.374148,0.180623,0.0516067,0.0258033,0.0258033,0.0129017,0.0129017,0.0258033,0.0129017,0,0,0,0,0,0,0,0,0,0,0,0,0
62738,62761,62750,17.2,-104.771,40.1528,90.6275,-64.8267,413.68,13.0657,2.30882,124.468,0.16173,0.000724394,1.24066,1.21481,0.969262,0.930491,0.878798,0.723716,0.736639,0.840027,0.607404,0.646175,0.51694,0.504016,0.400628,2.01606,0.439399,0.245546,0.051694,0.025847,0.0387705,0.0129235,0,0.0129235,0.0129235,0,0,0,0,0,0,0,0,0,0,0,0,0
62762,62786,62774,17.3,-104.769,40.1537,89.158,-65.4412,414.39,12.7259,2.25679,127.36,0.169303,0.000755664,1.11849,1.13092,0.944503,0.857509,0.832654,0.820226,1.04392,0.720805,0.683522,0.733232,0.472251,0.422541,0.459824,1.71502,0.360402,0.186415,0.074566,0.0124277,0.0497107,0.0497107,0.0124277,0,0.0248553,0,0,0,0,0,0,0,0,0,0,0,0,0
