data/B2SAP/Locations/Boulder/NOAA-POPS-B2SAP_GMLBalloon_20210104_R0.ict
61,1001
Thornberry, T. D.
NOAA Chemical Sciences Laboratory
Portable Optical Particle Spectrometer (POPS)
Balloon Baseline Stratospheric Aerosol Profiles (B2SAP)
1,1
2021,01,04,2024,05,30
0
TIME_START,s,Seconds since midnight UTC on flight start day,Start time of 100 m altitude bin in UTC_seconds_since_midnight
28
1.0,1.0,1.0,1.0,1.0,1.0,1.0,1.0,1.0,1.0,1.0,1.0,1.0,1.0,1.0,1.0,1.0,1.0,1.0,1.0,1.0,1.0,1.0,1.0,1.0,1.0,1.0,1.0
99999,99999,99999,99999,99999,99999,99999,99999,99999,99999,99999,99999,99999,99999,99999,99999,99999,99999,99999,99999,99999,99999,99999,99999,99999,99999,99999,99999
TIME_STOP,s,End time of 100 m altitude bin in UTC seconds since midnight,
TIME_MID,s,Mid time of 100 m altitude in UTC seconds since midnight,
GPSAlt,m,GPS reported altitude above sea level (m),
GPS_Lon,deg,GPS reported longitude,
GPS_Lat,deg,GPS reported latitude,
iMet_Pressure,mb,Pressure reported (mB),
iMet_Temperature,degrees C,Ambient temperature (oC),
THETA,K,Potential temperature from iMet,
Aerosol_concentration,cm^-3,Aerosol concentration,
Surface_Area_Conc,um^2 cm^-3,Surface area concentration,
Volume_density,um^3 cm^-3,Volume density,
Effective_radius,um,Effective radius,
Extinction,km^-1,Extinction,
Bin01,cm^-3,particle concentration in size range [140 - 170 nm],
Bin02,cm^-3,particle concentration in size range [170 - 205 nm],
Bin03,cm^-3,particle concentration in size range [205 - 249 nm],
Bin04,cm^-3,particle concentration in size range [249 - 302 nm],
Bin05,cm^-3,particle concentration in size range [302 - 366 nm],
Bin06,cm^-3,particle concentration in size range [366 - 443 nm],
Bin07,cm^-3,particle concentration in size range [443 - 537 nm],
Bin08,cm^-3,particle concentration in size range [537 - 651 nm],
Bin09,cm^-3,particle concentration in size range [651 - 789 nm],
Bin10,cm^-3,particle concentration in size range [789 - 956 nm],
Bin11,cm^-3,particle concentration in size range [956 - 1159 nm],
Bin12,cm^-3,particle concentration in size range [1159 - 1404 nm],
Bin13,cm^-3,particle concentration in size range [1404 - 1702 nm],
Bin14,cm^-3,particle concentration in size range [1702 - 2062 nm],
Bin15,cm^-3,particle concentration in size range [2062 - 2500 nm],
0
19
PI_CONTACT_INFO: 325 Broadway R/CSL6, Boulder, CO 80305; troy.thornberry@noaa.gov; 303-497-3373 
PLATFORM: GML ECC/FPH balloon
LOCATION: Boulder, CO, USA
ASSOCIATED_DATA: N/A
INSTRUMENT_INFO: Printed Optical Particle Spectrometer counts particles from 140 - 2500 nm in diameter 
DATA_INFO: Particle concentrations reported in number per cubic centimeter, binned to 100 m altitude
UNCERTAINTY: Counting uncertainty dominated by air flow, less than 5 percent
ULOD_FLAG: -77777
ULOD_VALUE: 3000 ~3000 per cm3 (varies depending on flow rate- manufacturer quotes 1250  per cm3 at 1.667 cc/s)
LLOD_FLAG: -88888
LLOD_VALUE: 0 0 (varies depending on data field and measurement precision)
DM_CONTACT_INFO: Troy Thornberry, 325 Broadway R/CSL6, Boulder, CO 80305; troy.thornberry@noaa.gov; 303-497-3373
PROJECT_INFO: B2SAP Boulder, CO, USA
STIPULATIONS_ON_USE: Please contact the PIs for questions regarding applications and uncertainties
OTHER_COMMENTS: POPS bin Edges (nm):  140, 170, 205, 249, 302, 366, 443, 537, 651, 789, 956, 1159, 1404, 1702, 2062, 2500
Calculations assume sulfate refractive index of 1.45+0.00j and extinction wavelength = 532 nm
REVISION: R0
R0: QA/QC data
TIME_START,TIME_STOP,TIME_MID,GPSAlt,GPS_Lon,GPS_Lat,iMet_Pressure,iMet_Temperature,THETA,Aerosol_concentration,Surface_Area_Conc,Volume_density,Effective_radius,Extinction,Bin01,Bin02,Bin03,Bin04,Bin05,Bin06,Bin07,Bin08,Bin09,Bin10,Bin11,Bin12,Bin13,Bin14,Bin15
[from data line 231]
65468,65487,65478,24.8,-104.128,39.5491,24.8479,-59.6621,613.575,2.48238,0.720539,46.6123,0.194073,0.000340048,0.354625,0.506608,0.455947,0.253304,0.405286,0.151982,0.253304,0.101322,0,0,0,0,0,0,0
65487,65511,65499,24.9,-104.127,39.5497,24.4509,-59.2413,617.611,2.55337,0.612279,36.0931,0.176846,0.00024252,0.54715,0.561179,0.392826,0.350737,0.28059,0.224472,0.140295,0.0561179,0,0,0,0,0,0,0
65511,65541,65526,25,-104.124,39.5506,24.0165,-58.8187,622.021,2.40246,0.559679,33.3898,0.178976,0.000227464,0.656177,0.497425,0.328089,0.254004,0.328089,0.148169,0.116419,0.0740845,0,0,0,0,0,0,0
65542,65574,65558,25.1,-104.121,39.5518,23.6344,-58.9253,624.556,2.33448,0.659072,42.4261,0.193118,0.000307108,0.518773,0.311264,0.425394,0.300889,0.249011,0.238636,0.197134,0.0933792,0,0,0,0,0,0,0
65575,65604,65590,25.2,-104.117,39.5527,23.2481,-58.807,627.852,2.45388,0.576095,33.2209,0.172997,0.000220866,0.588429,0.450712,0.425672,0.275435,0.350554,0.162757,0.175277,0.0250395,0,0,0,0,0,0,0
65605,65630,65618,25.3,-104.114,39.553,22.8417,-58.5412,631.809,2.41699,0.648486,40.8376,0.188921,0.000289875,0.50056,0.471957,0.386146,0.257431,0.314638,0.200224,0.243129,0.0286034,0.0143017,0,0,0,0,0,0
65630,65654,65642,25.4,-104.11,39.5534,22.4933,-58.2046,635.576,2.17576,0.596506,37.0547,0.186359,0.000264143,0.432269,0.432269,0.244953,0.302589,0.316998,0.158499,0.259362,0.028818,0,0,0,0,0,0,0
65655,65677,65666,25.5,-104.108,39.554,22.1487,-58.3491,637.97,2.65454,0.713383,44.7925,0.188367,0.000324352,0.732287,0.366144,0.442424,0.213584,0.30512,0.22884,0.335632,0.030512,0,0,0,0,0,0,0
65678,65701,65690,25.6,-104.104,39.5546,21.7671,-58.1408,641.755,1.66989,0.47113,33.4667,0.213105,0.000240844,0.384223,0.354667,0.266001,0.177334,0.177334,0.0591112,0.177334,0.0591112,0,0.0147778,0,0,0,0,0
65702,65724,65713,25.7,-104.101,39.5551,21.4382,-58.1736,644.465,2.30172,0.648657,44.7984,0.20719,0.000316709,0.587673,0.440755,0.244864,0.244864,0.310161,0.22854,0.130594,0.0979455,0,0.0163243,0,0,0,0,0
65725,65745,65735,25.8,-104.097,39.5556,21.1376,-58.319,646.627,2.02989,0.463487,27.437,0.17759,0.000187461,0.624582,0.485786,0.190844,0.173495,0.190844,0.208194,0.121446,0.034699,0,0,0,0,0,0,0
65746,65764,65755,25.9,-104.094,39.5557,20.8005,-58.1316,650.168,1.63098,0.380367,21.8009,0.171946,0.000144748,0.460511,0.249444,0.249444,0.230256,0.153504,0.153504,0.134316,0,0,0,0,0,0,0,0
65766,65784,65775,26,-104.09,39.5554,20.41,-57.9642,654.215,1.92146,0.465326,28.0434,0.180798,0.000194698,0.470561,0.392134,0.333314,0.17646,0.235281,0.11764,0.156854,0.0392134,0,0,0,0,0,0,0
65785,65802,65794,26.1,-104.087,39.5553,20.1232,-57.2384,659.069,1.49402,0.247902,12.526,0.151584,7.46166e-05,0.747012,0.21624,0.176924,0.137607,0.0589746,0.098291,0.0589746,0,0,0,0,0,0,0,0
65803,65821,65812,26.2,-104.084,39.5552,19.835,-57.5994,660.694,1.64203,0.266187,13.1691,0.148419,7.71027e-05,0.715758,0.336827,0.294724,0.0421034,0.105258,0.0842068,0.0631551,0,0,0,0,0,0,0,0
65822,65842,65832,26.3,-104.081,39.5552,19.4663,-58.1189,662.641,1.4699,0.280712,16.1862,0.172983,0.000109111,0.632874,0.306229,0.163322,0.102076,0.102076,0.0612458,0.0612458,0.0408306,0,0,0,0,0,0,0
65843,65864,65854,26.4,-104.077,39.5551,19.099,-57.9038,666.93,1.26146,0.252737,15.6275,0.185499,0.000111536,0.556526,0.352466,0.0927543,0.0185509,0.0371017,0.111305,0.0371017,0.0556526,0,0,0,0,0,0,0
65865,65889,65877,26.5,-104.072,39.5546,18.793,-57.4174,671.523,1.39886,0.269267,14.726,0.164067,9.41727e-05,0.466285,0.310857,0.259047,0.103619,0.103619,0.0690793,0.0690793,0.0172698,0,0,0,0,0,0,0
65891,65917,65904,26.6,-104.067,39.5543,18.4763,-56.9107,676.378,1.51261,0.299364,15.672,0.157053,9.46282e-05,0.519032,0.252101,0.163124,0.237272,0.192783,0.0741475,0.0741475,0,0,0,0,0,0,0,0
65918,65943,65930,26.7,-104.062,39.5539,18.2104,-56.2616,681.229,1.63548,0.318289,16.1816,0.152518,9.46115e-05,0.4534,0.291472,0.323857,0.178122,0.291472,0.0161929,0.0809644,0,0,0,0,0,0,0,0
65944,65968,65956,26.8,-104.057,39.554,17.9126,-55.8157,685.838,1.73475,0.363769,20.6693,0.17046,0.000136741,0.58415,0.424836,0.194717,0.106209,0.141612,0.177015,0.0885076,0.0177015,0,0,0,0,0,0,0
65971,65991,65981,26.9,-104.052,39.554,17.6709,-55.3732,689.924,1.37842,0.272642,14.7333,0.162117,9.3767e-05,0.502937,0.260782,0.167646,0.130391,0.167646,0.0558819,0.0931364,0,0,0,0,0,0,0,0
65992,66013,66002,27,-104.047,39.5539,17.2855,-55.0368,695.348,1.42575,0.330322,18.9276,0.171902,0.000125871,0.32317,0.34218,0.22812,0.15208,0.11406,0.15208,0.11406,0,0,0,0,0,0,0,0
66014,66035,66024,27.1,-104.043,39.5544,16.9932,-55.1659,698.341,1.56737,0.388066,25.6317,0.19815,0.000184645,0.573429,0.191143,0.248486,0.152915,0.1338,0.114686,0.0764573,0.0573429,0.0191143,0,0,0,0,0,0
66036,66061,66048,27.2,-104.038,39.5555,16.7885,-55.1431,700.827,1.62291,0.354992,19.3652,0.163653,0.000119772,0.414007,0.281525,0.264964,0.231844,0.215283,0.149042,0.0496808,0.0165603,0,0,0,0,0,0,0
66062,66095,66078,27.3,-104.032,39.5565,16.4794,-54.4064,706.945,1.38857,0.375522,24.06,0.192212,0.000174491,0.327492,0.327492,0.104797,0.170296,0.170296,0.117897,0.117897,0.0523987,0,0,0,0,0,0,0
66096,66141,66118,27.4,-104.024,39.5572,16.2509,-51.6386,718.749,1.19704,0.262535,15.1612,0.173248,0.000102361,0.369818,0.262765,0.145981,0.126517,0.116785,0.0681244,0.0973205,0.00973205,0,0,0,0,0,0,0
59244,73194,66219,1.8,-104.86,39.8172,826.223,7.68473,296.578,49.5043,6.52908,409.92,0.188351,0.00152108,25.2096,13.6529,5.96862,2.04245,1.35619,0.457508,0.48085,0.163396,0.0606899,0.0396818,0.0163396,0.0116711,0.021008,0.0140054,0.0093369
59407,73216,66312,1.7,-105.069,39.899,827.209,7.97548,296.784,47.1655,6.18083,368.494,0.178856,0.00141222,24.0581,12.7358,5.65945,1.97604,1.45247,0.537355,0.434017,0.169933,0.0574097,0.0310012,0.0126301,0.0149265,0.00918555,0.00688917,0.0103337
66144,66148,66146,27.4,-104.018,39.5578,16.305,-51.6075,718.167,1.49636,0.385763,23.6039,0.183562,0.000168759,0.213766,0.427533,0.32065,0.106883,0.106883,0.106883,0.213766,0,0,0,0,0,0,0,0
66151,66176,66164,27.3,-104.014,39.5585,16.3954,-53.1485,712.054,1.92577,0.499085,31.1062,0.18698,0.000219389,0.46484,0.398435,0.166014,0.332029,0.199217,0.166014,0.132812,0.0664058,0,0,0,0,0,0,0
66179,66200,66190,27.2,-104.009,39.5594,16.6892,-54.5492,703.923,1.44429,0.329055,19.3442,0.176361,0.000130185,0.361072,0.361072,0.180536,0.180536,0.144429,0.108321,0.0722143,0.0361072,0,0,0,0,0,0,0
66202,66221,66212,27.1,-104.004,39.5595,16.9389,-54.4989,701.115,1.43973,0.202617,8.03066,0.118904,3.0653e-05,0.527903,0.335938,0.191965,0.239956,0.143973,0,0,0,0,0,0,0,0,0,0
66223,66240,66232,27,-104,39.5594,17.2013,-54.815,697.026,1.11895,0.212383,10.6605,0.150584,6.16014e-05,0.3197,0.213134,0.213134,0.106567,0.213134,0,0.0532834,0,0,0,0,0,0,0,0
66243,66256,66250,26.9,-103.996,39.5596,17.4743,-55.5271,691.638,1.39523,0.378749,22.3998,0.177425,0.000151327,0.303311,0.121325,0.242649,0.181987,0.242649,0.181987,0.121325,0,0,0,0,0,0,0,0
66260,66270,66265,26.8,-103.994,39.5594,17.745,-55.2883,689.367,1.05491,0.230749,13.1365,0.170789,8.75327e-05,0.28131,0.28131,0.210982,0,0.0703275,0.140655,0.0703275,0,0,0,0,0,0,0,0
66273,66288,66280,26.7,-103.99,39.5592,18.0343,-55.0157,687.035,1.61904,0.253548,11.135,0.13175,5.25195e-05,0.599644,0.359786,0.239858,0.119929,0.239858,0.0599644,0,0,0,0,0,0,0,0,0
66291,66302,66296,26.6,-103.988,39.559,18.3617,-54.9933,683.595,1.29347,0.340964,21.3585,0.187924,0.000157089,0.27231,0.408465,0.136155,0,0.204233,0.0680775,0.204233,0,0,0,0,0,0,0,0
66305,66315,66310,26.5,-103.986,39.559,18.67,-55.31,679.348,1.49209,0.328655,20.3278,0.185554,0.000143975,0.54258,0.27129,0.27129,0.0678225,0.135645,0.0678225,0.0678225,0.0678225,0,0,0,0,0,0,0
66318,66328,66323,26.4,-103.983,39.5589,18.998,-55.296,676.033,1.21945,0.157283,6.48065,0.123612,2.87637e-05,0.487779,0.487779,0.0812964,0.0812964,0,0.0812964,0,0,0,0,0,0,0,0,0
66329,66341,66335,26.3,-103.981,39.5588,19.24,-55.5667,672.754,1.20428,0.217204,10.8068,0.149262,6.09994e-05,0.602138,0.133808,0.0669042,0.0669042,0.200713,0.133808,0,0,0,0,0,0,0,0,0
66343,66354,66348,26.2,-103.978,39.5589,19.602,-55.924,668.078,1.35342,0.268081,14.2385,0.159338,8.75297e-05,0.477677,0.159226,0.238838,0.238838,0.0796128,0.0796128,0.0796128,0,0,0,0,0,0,0,0
66357,66367,66362,26.1,-103.976,39.559,19.9883,-55.7167,664.999,1.32778,0.196528,9.89086,0.150984,6.08692e-05,0.796667,0.199167,0.132778,0.0663889,0,0.0663889,0.0663889,0,0,0,0,0,0,0,0
66369,66379,66374,26,-103.974,39.5591,20.2343,-55.1757,664.321,1.61919,0.315509,22.7847,0.216647,0.000166206,1.00502,0.167503,0.167503,0.0558342,0.111668,0,0,0.0558342,0.0558342,0,0,0,0,0,0
66382,66394,66388,25.9,-103.972,39.559,20.5514,-55.5043,660.393,1.65725,0.234371,9.95856,0.127472,4.54761e-05,0.552417,0.552417,0.33145,0.0552417,0.0552417,0.110483,0,0,0,0,0,0,0,0,0
66395,66409,66402,25.8,-103.97,39.5589,20.9345,-56.0109,655.372,1.76179,0.458448,30.5244,0.199746,0.000221166,0.387594,0.458065,0.352358,0.105707,0.0704716,0.176179,0.176179,0,0.0352358,0,0,0,0,0,0
66411,66423,66417,25.7,-103.967,39.5591,21.2791,-56.9609,649.48,2.10194,0.468288,26.9879,0.172893,0.00017902,0.723619,0.310123,0.275664,0.206748,0.275664,0.17229,0.103374,0.0344581,0,0,0,0,0,0,0
66424,66437,66430,25.6,-103.965,39.5593,21.6127,-56.6955,647.387,2.33494,0.561648,32.8889,0.175674,0.000223423,0.721084,0.206024,0.549397,0.171687,0.206024,0.274699,0.206024,0,0,0,0,0,0,0,0
66439,66453,66446,25.5,-103.962,39.5595,21.9733,-56.6122,644.582,2.76004,0.573372,32.9752,0.172533,0.00022278,0.920014,0.71092,0.209094,0.292732,0.334551,0.0418188,0.209094,0.0418188,0,0,0,0,0,0,0
66456,66465,66460,25.4,-103.961,39.56,22.3525,-56.895,640.606,1.7581,0.385158,22.2288,0.173141,0.000151305,0.55519,0.277595,0.370126,0.185063,0.0925316,0.0925316,0.185063,0,0,0,0,0,0,0,0
66465,66478,66472,25.3,-103.959,39.5605,22.64,-56.136,640.499,1.68485,0.373069,21.5407,0.173217,0.000142933,0.549408,0.293017,0.219763,0.146509,0.25639,0.109882,0.0732544,0.0366272,0,0,0,0,0,0,0
66480,66491,66486,25.2,-103.958,39.5607,23.0162,-56.455,636.568,1.87342,0.555245,35.9246,0.194101,0.000263355,0.274158,0.456931,0.228465,0.228465,0.182772,0.228465,0.228465,0.0456931,0,0,0,0,0,0,0
66492,66503,66498,25.1,-103.956,39.5607,23.4025,-56.855,632.371,1.90372,0.574648,39.3386,0.205371,0.000282857,0.27196,0.362614,0.362614,0.27196,0.13598,0.317287,0.0906535,0.0453267,0.0453267,0,0,0,0,0,0
66504,66513,66508,25,-103.954,39.5609,23.8033,-56.4778,630.41,2.14161,0.611946,39.7971,0.195101,0.000293969,0.594891,0.317275,0.198297,0.118978,0.515572,0.0793188,0.237956,0.0793188,0,0,0,0,0,0,0
66515,66527,66521,24.9,-103.953,39.5614,24.1767,-56.3656,627.943,2.21978,0.480777,29.1559,0.18193,0.000187807,0.554944,0.436028,0.515305,0.277472,0.198194,0.158556,0,0.0396389,0.0396389,0,0,0,0,0,0
66529,66538,66534,24.8,-103.951,39.5619,24.585,-56.1,625.699,1.48617,0.422838,27.7634,0.196979,0.00021172,0.480821,0.218555,0.131133,0.174844,0.087422,0.087422,0.305977,0,0,0,0,0,0,0,0
66541,66553,66547,24.7,-103.949,39.5623,25.0022,-56.2267,622.349,2.70836,0.731011,46.5598,0.191077,0.000338832,0.696435,0.46429,0.309527,0.348218,0.386908,0.116073,0.309527,0.0773817,0,0,0,0,0,0,0
66554,66567,66560,24.6,-103.948,39.5626,25.3922,-56.6533,618.372,2.36571,0.693087,46.4965,0.201258,0.000345805,0.426603,0.504168,0.465385,0.155128,0.232693,0.271475,0.155128,0.155128,0,0,0,0,0,0,0
66568,66578,66573,24.5,-103.946,39.5629,25.8086,-57.7743,612.326,2.74497,0.57962,32.7135,0.169319,0.000213616,0.735259,0.735259,0.294103,0.343121,0.343121,0.0980345,0.147052,0.0490172,0,0,0,0,0,0,0
66581,66593,66587,24.4,-103.945,39.5632,26.2889,-58.8056,606.186,2.32819,0.696549,45.1286,0.194366,0.00033378,0.381671,0.496173,0.343504,0.190836,0.305337,0.229003,0.343504,0.0381671,0,0,0,0,0,0,0
66594,66604,66599,24.3,-103.944,39.5634,26.68,-58.9133,603.332,2.55022,0.705189,46.2836,0.196898,0.000327927,0.418692,0.38063,0.64707,0.342567,0.304504,0.190315,0.152252,0.0761259,0.038063,0,0,0,0,0,0
66605,66617,66611,24.2,-103.943,39.5635,27.12,-59.484,598.924,2.52531,0.660479,42.543,0.193237,0.000315583,0.707087,0.505062,0.336708,0.235696,0.269366,0.0673416,0.336708,0.0673416,0,0,0,0,0,0,0
66618,66629,66624,24.1,-103.942,39.5636,27.503,-59.607,596.176,2.64254,0.744458,47.1851,0.190146,0.000334623,0.468298,0.568647,0.234149,0.501747,0.234149,0.367948,0.167249,0.100349,0,0,0,0,0,0,0
66632,66642,66637,24,-103.942,39.5637,28.0437,-59.505,593.166,2.67051,0.699602,44.5432,0.191008,0.000304974,0.534103,0.451933,0.369763,0.410848,0.616272,0.0821697,0.0821697,0.0821697,0.0410848,0,0,0,0,0,0
66644,66653,66648,23.9,-103.941,39.564,28.4713,-59.35,591.018,2.25211,0.672744,44.0382,0.196381,0.000330575,0.32758,0.532317,0.286632,0.286632,0.32758,0.0409475,0.409475,0.0409475,0,0,0,0,0,0,0
66656,66668,66662,23.8,-103.941,39.5646,28.9391,-59.1982,588.702,3.2294,0.752153,43.7088,0.174335,0.000289953,0.918453,0.533295,0.47404,0.385158,0.385158,0.325903,0.148138,0.059255,0,0,0,0,0,0,0
66669,66680,66674,23.7,-103.941,39.5653,29.4275,-58.8275,586.903,2.35263,0.709794,47.1911,0.199457,0.000345709,0.398751,0.478501,0.239251,0.358876,0.319001,0.279126,0.119625,0.1595,0,0,0,0,0,0,0
66680,66693,66686,23.6,-103.941,39.5662,29.8813,-58.3225,585.721,3.02338,0.998079,68.4355,0.205702,0.000512803,0.59672,0.238688,0.318251,0.676283,0.437595,0.27847,0.238688,0.238688,0,0,0,0,0,0,0
66695,66705,66700,23.5,-103.941,39.5668,30.3833,-58.03,583.738,2.39852,0.633893,38.2269,0.180915,0.000263542,0.382373,0.556178,0.31285,0.31285,0.382373,0.208567,0.208567,0.0347611,0,0,0,0,0,0,0
66708,66720,66714,23.4,-103.94,39.5673,30.8956,-57.6144,582.07,2.51305,0.675083,44.5406,0.197934,0.000320086,0.619657,0.550806,0.206552,0.344254,0.344254,0.172127,0.172127,0.0688508,0.0344254,0,0,0,0,0,0
66721,66736,66728,23.3,-103.94,39.5677,31.3762,-57.16,580.742,2.67443,0.72262,46.7414,0.19405,0.00032346,0.426358,0.542638,0.426358,0.348839,0.581398,0.155039,0.0387599,0.11628,0.0387599,0,0,0,0,0,0
66739,66752,66746,23.2,-103.939,39.5678,31.9443,-56.9271,578.383,2.79584,0.894352,61.5415,0.206434,0.000473116,0.480534,0.524219,0.480534,0.349479,0.131055,0.26211,0.436849,0.131055,0,0,0,0,0,0,0
66752,66768,66760,23.1,-103.938,39.5677,32.405,-56.7338,576.542,2.71399,0.851586,61.2432,0.21575,0.00042128,0.376944,0.452332,0.452332,0.414638,0.414638,0.301555,0.188472,0.0753887,0,0.0376944,0,0,0,0,0
66771,66790,66780,23,-103.937,39.5673,32.9811,-56.4622,574.371,2.90403,0.782022,54.7633,0.210083,0.000374548,0.700973,0.534075,0.433936,0.400556,0.400556,0.100139,0.233658,0.0667594,0,0.0333797,0,0,0,0,0
66791,66813,66802,22.9,-103.936,39.5665,33.5822,-56.7689,570.6,2.56214,0.530413,30.3456,0.171634,0.000200524,0.821199,0.558415,0.427024,0.16424,0.295632,0.131392,0.0985439,0.0656959,0,0,0,0,0,0,0
66814,66836,66825,22.8,-103.934,39.5658,34.1467,-57.4124,566.206,2.50668,0.600507,36.0966,0.180331,0.000245133,0.591464,0.450639,0.549216,0.22532,0.281649,0.197155,0.16899,0.0281649,0.0140825,0,0,0,0,0,0
66837,66857,66847,22.7,-103.933,39.5648,34.7094,-57.9165,562.241,3.15345,0.66775,38.7919,0.17428,0.000231661,0.623759,0.952964,0.433166,0.415839,0.415839,0.190593,0.0866331,0.0173266,0,0.0173266,0,0,0,0,0
66858,66877,66868,22.6,-103.932,39.5638,35.2886,-58.3614,558.443,2.99007,0.782006,49.2396,0.188897,0.000352705,0.747518,0.51911,0.477581,0.290702,0.415288,0.18688,0.249173,0.103822,0,0,0,0,0,0,0
66878,66897,66888,22.5,-103.93,39.5633,35.8353,-59.0487,554.206,3.25605,0.724331,41.0523,0.170029,0.000267029,0.910919,0.697725,0.368244,0.426387,0.348862,0.3101,0.15505,0.0387625,0,0,0,0,0,0,0
66898,66916,66907,22.4,-103.929,39.5631,36.3946,-58.8323,552.321,2.89932,0.675264,39.2871,0.174541,0.000260352,0.812689,0.52715,0.373398,0.307504,0.439291,0.263575,0.109823,0.0658937,0,0,0,0,0,0,0
66918,66934,66926,22.3,-103.928,39.5628,36.9712,-58.2206,551.423,3.33633,0.833442,51.4605,0.185234,0.000360176,1.01155,0.621125,0.319436,0.283943,0.479153,0.301689,0.266196,0.0354928,0.0177464,0,0,0,0,0,0
