data/B2SAP/Locations/Boulder/NOAA-POPS-B2SAP_GMLBalloon_20190807_R0.ict
61,1001
Thornberry, T. D.
NOAA Chemical Sciences Laboratory
Portable Optical Particle Spectrometer (POPS)
Balloon Baseline Stratospheric Aerosol Profiles (B2SAP)
1,1
2019,08,07,2024,05,30
0
TIME_START,s,Seconds since midnight UTC on flight start day,Start time of 100 m altitude bin in UTC_seconds_since_midnight
28
1.0,1.0,1.0,1.0,1.0,1.0,1.0,1.0,1.0,1.0,1.0,1.0,1.0,1.0,1.0,1.0,1.0,1.0,1.0,1.0,1.0,1.0,1.0,1.0,1.0,1.0,1.0,1.0
99999,99999,99999,99999,99999,99999,99999,99999,99999,99999,99999,99999,99999,99999,99999,99999,99999,99999,99999,99999,99999,99999,99999,99999,99999,99999,99999,99999
TIME_STOP,s,End time of 100 m altitude bin in UTC seconds since midnight,
TIME_MID,s,Mid time of 100 m altitude in UTC seconds since midnight,
GPSAlt,m,GPS reported altitude above sea level (m),
GPS_Lon,deg,GPS reported longitude,
GPS_Lat,deg,GPS reported latitude,
iMet_Pressure,mb,Pressure reported (mB),
iMet_Temperature,degrees C,Ambient temperature (oC),
THETA,K,Potential temperature from iMet,
Aerosol_concentration,cm^-3,Aerosol concentration,
Surface_Area_Conc,um^2 cm^-3,Surface area concentration,
Volume_density,um^3 cm^-3,Volume density,
Effective_radius,um,Effective radius,
Extinction,km^-1,Extinction,
Bin01,cm^-3,particle concentration in size range [140 - 170 nm],
Bin02,cm^-3,particle concentration in size range [170 - 205 nm],
Bin03,cm^-3,particle concentration in size range [205 - 249 nm],
Bin04,cm^-3,particle concentration in size range [249 - 302 nm],
Bin05,cm^-3,particle concentration in size range [302 - 366 nm],
Bin06,cm^-3,particle concentration in size range [366 - 443 nm],
Bin07,cm^-3,particle concentration in size range [443 - 537 nm],
Bin08,cm^-3,particle concentration in size range [537 - 651 nm],
Bin09,cm^-3,particle concentration in size range [651 - 789 nm],
Bin10,cm^-3,particle concentration in size range [789 - 956 nm],
Bin11,cm^-3,particle concentration in size range [956 - 1159 nm],
Bin12,cm^-3,particle concentration in size range [1159 - 1404 nm],
Bin13,cm^-3,particle concentration in size range [1404 - 1702 nm],
Bin14,cm^-3,particle concentration in size range [1702 - 2062 nm],
Bin15,cm^-3,particle concentration in size range [2062 - 2500 nm],
0
19
PI_CONTACT_INFO: 325 Broadway R/CSL6, Boulder, CO 80305; troy.thornberry@noaa.gov; 303-497-3373 
PLATFORM: GML ECC/FPH balloon
LOCATION: Boulder, CO, USA
ASSOCIATED_DATA: N/A
INSTRUMENT_INFO: Printed Optical Particle Spectrometer counts particles from 140 - 2500 nm in diameter 
DATA_INFO: Particle concentrations reported in number per cubic centimeter, binned to 100 m altitude
UNCERTAINTY: Counting uncertainty dominated by air flow, less than 5 percent
ULOD_FLAG: -77777
ULOD_VALUE: 3000 ~3000 per cm3 (varies depending on flow rate- manufacturer quotes 1250  per cm3 at 1.667 cc/s)
LLOD_FLAG: -88888
LLOD_VALUE: 0 0 (varies depending on data field and measurement precision)
DM_CONTACT_INFO: Troy Thornberry, 325 Broadway R/CSL6, Boulder, CO 80305; troy.thornberry@noaa.gov; 303-497-3373
PROJECT_INFO: B2SAP Boulder, CO, USA
STIPULATIONS_ON_USE: Please contact the PIs for questions regarding applications and uncertainties
OTHER_COMMENTS: POPS bin Edges (nm):  140, 170, 205, 249, 302, 366, 443, 537, 651, 789, 956, 1159, 1404, 1702, 2062, 2500
Calculations assume sulfate refractive index of 1.45+0.00j and extinction wavelength = 532 nm
REVISION: R0
R0: QA/QC data
TIME_START,TIME_STOP,TIME_MID,GPSAlt,GPS_Lon,GPS_Lat,iMet_Pressure,iMet_Temperature,THETA,Aerosol_concentration,Surface_Area_Conc,Volume_density,Effective_radius,Extinction,Bin01,Bin02,Bin03,Bin04,Bin05,Bin06,Bin07,Bin08,Bin09,Bin10,Bin11,Bin12,Bin13,Bin14,Bin15
[from data line 386]
67445,67479,67462,11.4,-104.618,39.8795,233.801,-44.2923,346.656,6.66465,1.75809,121.609,0.207513,0.000776294,1.67313,1.10148,1.10148,0.85051,0.766853,0.585597,0.404341,0.111542,0.0278856,0.0278856,0.0139428,0,0,0,0
67480,67512,67496,11.3,-104.608,39.8796,237.421,-43.0531,346.999,6.9398,1.89609,133.801,0.211701,0.000887725,1.60046,1.39872,0.954894,0.941445,0.793504,0.591766,0.376578,0.161391,0.0941445,0.0134492,0.0134492,0,0,0,0
67515,67538,67526,11.2,-104.6,39.8795,240.558,-42.8917,345.946,7.04948,1.91319,168.31,0.263921,0.0008651,1.64607,1.37769,1.25245,0.930388,0.715683,0.554655,0.375734,0.107353,0.0536763,0.0178921,0,0,0,0.0178921,0
67553,67582,67568,11.1,-104.589,39.8789,244.705,-42.031,345.552,6.8192,1.77055,157.627,0.267081,0.000766197,1.6406,1.32675,1.26968,1.09849,0.641975,0.44225,0.18546,0.0998628,0.0570645,0.0285322,0.0142661,0,0,0.0142661,0
67583,67618,67600,11,-104.58,39.8782,248.093,-41.1038,345.578,7.19138,1.97559,150.346,0.228306,0.000918156,1.75706,1.22994,1.25504,0.991481,0.828326,0.426714,0.489466,0.0753024,0.0502016,0.062752,0.0125504,0.0125504,0,0,0
67619,67654,67636,10.9,-104.57,39.8774,251.782,-40.2281,345.415,6.74499,2.00761,167.11,0.249715,0.000930461,1.44648,1.1163,1.1163,1.14775,0.707517,0.628904,0.408787,0.0314452,0,0.0943356,0.0471678,0,0,0,0
67655,67688,67672,10.8,-104.56,39.8766,255.578,-39.1633,345.517,6.94134,1.90175,148.424,0.234138,0.000897496,1.87915,1.21442,1.1505,0.830916,0.728649,0.562466,0.294016,0.1534,0.0255666,0.0766999,0.0127833,0.0127833,0,0,0
67693,67727,67710,10.7,-104.55,39.876,259.621,-38.1071,345.528,7.47928,2.09216,170.26,0.24414,0.000965911,1.92393,1.467,1.22651,0.84172,0.697425,0.697425,0.372762,0.108221,0.0360737,0.0601229,0.0360737,0.0120246,0,0,0
67728,67762,67745,10.6,-104.54,39.8757,263.272,-37.1559,345.54,7.26124,1.98112,136.422,0.206584,0.000949259,1.72129,1.25842,1.15717,0.998059,0.810019,0.607514,0.419474,0.159111,0.0867877,0.0433939,0,0,0,0,0
67764,67801,67782,10.5,-104.53,39.8756,267.158,-36.5076,345.041,7.87625,2.0271,138.457,0.204909,0.000884187,1.75985,1.79677,1.09529,1.05837,0.775318,0.873771,0.233826,0.196906,0.0369199,0.0369199,0.0123066,0,0,0,0
67802,67838,67820,10.4,-104.52,39.8757,271.048,-35.6219,344.909,8.04116,2.01859,126.325,0.187742,0.000870016,2.09487,1.4573,1.13201,1.14502,0.676603,0.858765,0.429383,0.221197,0.0130116,0.0130116,0,0,0,0,0
67839,67875,67857,10.3,-104.51,39.8755,274.882,-34.8741,344.612,9.92142,2.40992,164.128,0.204315,0.00101044,2.818,1.98688,1.45445,1.2207,0.896045,0.727225,0.571391,0.16882,0.0389585,0.0129862,0.0129862,0.0129862,0,0,0
67876,67912,67894,10.2,-104.501,39.8753,278.995,-34.2819,343.998,11.2154,2.55494,158.908,0.18659,0.000986674,3.10047,2.20502,1.66776,1.54464,1.17527,0.81709,0.503686,0.134316,0.033579,0.022386,0,0.011193,0,0,0
67913,67947,67930,10.1,-104.493,39.8751,283.068,-33.4903,343.713,9.9296,2.34085,148.074,0.189769,0.000957967,2.52367,2.29961,1.33259,1.3208,0.990601,0.719365,0.459922,0.224065,0.0471715,0,0.0117929,0,0,0,0
67948,67984,67966,10,-104.484,39.8753,287.08,-32.3044,344.03,9.18982,1.81785,105.633,0.174326,0.000669293,3.24062,2.01934,1.30592,0.918982,0.628777,0.592501,0.350664,0.084643,0.0241837,0.0241837,0,0,0,0,0
67985,68021,68003,9.9,-104.476,39.8754,291.187,-31.8603,343.273,8.72962,1.6596,96.0724,0.173666,0.000549319,2.95961,1.90261,1.52955,0.858039,0.659074,0.397931,0.323319,0.0746121,0.0124354,0,0.0124354,0,0,0,0
68022,68056,68039,9.8,-104.469,39.8753,295.412,-31.6707,342.122,10.0557,1.97724,133.17,0.202055,0.000667884,3.53785,2.21796,1.56482,1.21103,0.693963,0.367392,0.326571,0.0680356,0.0136071,0.0136071,0.0272142,0.0136071,0,0,0
68058,68092,68075,9.7,-104.462,39.875,299.539,-31.1387,341.522,16.4946,2.99643,158.314,0.158503,0.00092684,5.613,3.6357,2.66618,1.82423,1.31395,0.841951,0.48476,0.076541,0.0127568,0.0255137,0,0,0,0,0
68093,68133,68113,9.6,-104.455,39.8745,303.89,-29.9148,341.841,17.9569,3.54357,219.856,0.186131,0.00115085,5.70641,4.05731,2.98409,1.91086,1.66219,0.929255,0.471171,0.170145,0.0130881,0,0.0392643,0.0130881,0,0,0
68134,68171,68152,9.5,-104.448,39.874,308.394,-29.1863,341.43,18.8583,3.78339,220.737,0.175031,0.00127317,5.73394,4.0543,3.26661,2.09665,1.71439,1.16996,0.579186,0.185339,0.0231674,0.0115837,0.0115837,0.0115837,0,0,0
68172,68211,68192,9.4,-104.441,39.8738,312.486,-28.0316,341.749,21.2118,4.04149,218.126,0.161915,0.00132113,6.81239,4.71137,3.30008,2.49363,1.79329,1.27334,0.604838,0.137946,0.0742784,0.0106112,0,0,0,0,0
68212,68266,68239,9.3,-104.433,39.8747,317.239,-27.9805,340.35,19.5737,4.03652,255.851,0.190152,0.00142357,6.04287,4.32572,3.19972,2.27077,1.72654,1.14477,0.534851,0.19705,0.0563001,0.02815,0.0375334,0.00938334,0,0,0
68267,68307,68287,9.2,-104.425,39.8758,321.494,-27.0876,340.294,17.7114,3.81361,249.788,0.196497,0.00139396,5.21495,4.10875,2.80805,2.00575,1.34932,1.36148,0.595647,0.145873,0.0364682,0.0364682,0.0243121,0.0243121,0,0,0
68308,68344,68326,9.1,-104.418,39.8764,326.012,-26.3233,339.996,16.3365,3.59259,255.722,0.213541,0.00140221,5.28747,3.85317,2.37025,1.60447,1.27629,1.02103,0.61991,0.133706,0.0364653,0.0729306,0.0243102,0.0364653,0,0,0
68346,68380,68363,9,-104.412,39.8766,330.524,-25.665,339.561,13.8549,3.12182,226.348,0.217515,0.00119187,4.29045,3.10737,2.1381,1.41115,1.2401,0.940764,0.456128,0.128286,0.042762,0.028508,0.057016,0.014254,0,0,0
68381,68415,68398,8.9,-104.406,39.8764,334.937,-25.041,339.128,15.8621,3.46887,229.325,0.198329,0.00132907,4.90707,3.71123,2.39168,1.53947,1.15461,1.15461,0.714756,0.20618,0.0274906,0.0137453,0.0274906,0,0.0137453,0,0
68416,68449,68432,8.8,-104.4,39.8764,339.72,-23.9614,339.23,15.6565,3.28208,204.612,0.187027,0.00126359,5.15952,3.44881,2.4908,1.35489,1.2454,1.08117,0.629544,0.123172,0.054743,0.054743,0.0136857,0,0,0,0
68450,68484,68467,8.7,-104.393,39.8769,345.017,-23.2556,338.694,16.9746,3.82565,251.725,0.197398,0.00150477,5.21844,3.62066,2.33071,2.06685,1.42188,1.18734,0.732927,0.307829,0.0293171,0.0146585,0.0439756,0,0,0,0
68485,68516,68500,8.6,-104.388,39.8773,348.982,-22.8636,338.119,23.9182,4.86041,299.889,0.185101,0.00167972,7.47003,5.44044,3.69273,2.7625,2.07188,1.32487,0.817475,0.22551,0.0563776,0,0.0563776,0,0,0,0
68517,68549,68533,8.5,-104.382,39.8777,353.923,-22.4648,337.293,23.0037,4.91267,307.228,0.187614,0.0018868,7.232,5.16796,3.46632,2.33189,2.03252,1.24472,1.08716,0.299364,0.0945359,0.015756,0,0.031512,0,0,0
68550,68579,68564,8.4,-104.377,39.878,358.77,-21.767,336.923,22.815,5.18468,344.5,0.199338,0.00205385,6.45513,4.7645,3.75696,2.81772,2.27125,1.21247,1.02462,0.358619,0.0170771,0.0853854,0.0512312,0,0,0,0
68580,68610,68595,8.3,-104.373,39.8783,363.691,-21.1475,336.445,21.4182,4.6052,302.525,0.197077,0.00174746,6.25241,4.76685,3.60779,2.74257,1.79573,1.07744,0.750942,0.212223,0.097949,0.0652993,0.0489745,0,0,0,0
68611,68641,68626,8.2,-104.368,39.8785,368.631,-20.5564,335.939,18.4098,3.89011,244.036,0.188197,0.00140968,5.6778,4.12931,2.69031,2.01773,1.72054,1.18874,0.7195,0.187696,0.0156413,0.0312826,0.0156413,0,0.0156413,0,0
68643,68672,68658,8.1,-104.363,39.8788,373.753,-19.7104,335.728,20.332,4.12649,269.366,0.195832,0.00150586,7.10162,4.19936,3.16168,2.38342,1.52409,0.907969,0.745832,0.162137,0.0162137,0.0810687,0.0486412,0,0,0,0
68673,68702,68688,8,-104.359,39.8791,378.821,-19.1363,335.199,29.0744,5.59343,309.802,0.16616,0.00184078,9.54586,6.19672,4.49788,3.52712,2.44309,1.58558,0.970766,0.210333,0.0808972,0,0.0161794,0,0,0,0
68703,68730,68716,7.9,-104.354,39.8794,383.746,-18.5043,334.797,40.9397,8.29616,469.686,0.169845,0.00284305,11.4853,9.19501,6.71943,5.59111,3.60391,2.47558,1.29673,0.404176,0.117885,0.0336814,0.0168407,0,0,0,0
68731,68759,68745,7.8,-104.35,39.88,389.062,-17.6321,334.629,42.3221,8.50331,523.046,0.184533,0.00283406,12.795,9.35829,7.08326,5.4859,3.5497,2.27503,1.22626,0.35497,0.048405,0.048405,0.06454,0.03227,0,0,0
68760,68785,68772,7.7,-104.345,39.8807,394.336,-16.9515,334.23,48.2253,9.90496,583.281,0.176663,0.00344318,14.244,10.312,7.82552,6.28355,4.47173,2.54426,1.90819,0.481867,0.0578241,0.0385494,0.0578241,0,0,0,0
68786,68812,68799,7.6,-104.341,39.8813,399.364,-16.253,333.925,50.1276,10.4521,603.674,0.17327,0.00367555,14.6701,9.91429,8.68699,6.15568,4.75579,3.54767,1.72589,0.479414,0.115059,0.0575297,0,0,0.0191766,0,0
68813,68837,68825,7.5,-104.336,39.8816,404.617,-15.7083,333.388,63.0535,12.7963,710.747,0.166629,0.00433444,18.0153,13.2666,10.5622,8.58175,5.64309,4.02469,2.12947,0.681429,0.127768,0,0.0212947,0,0,0,0
68839,68861,68850,7.4,-104.332,39.8818,410.033,-14.9289,333.132,61.6819,12.5127,737.053,0.176713,0.00428791,18.2292,13.084,10.5516,7.33591,5.70794,3.79859,2.37161,0.422066,0.140689,0.0200984,0,0,0,0.0200984,0
68864,68891,68878,7.3,-104.328,39.882,415.987,-14.3013,332.572,63.7197,12.2548,664.817,0.162749,0.00394499,19.5259,14.4006,10.3499,7.39043,5.83629,3.42241,2.21548,0.479469,0.0661336,0.0165334,0,0,0.0165334,0,0
68892,68916,68904,7.2,-104.324,39.8819,421.479,-13.8814,331.861,92.5437,18.6914,1059.6,0.170067,0.00630949,27.513,19.4838,15.0977,11.9078,8.50039,5.61859,3.5524,0.598108,0.144996,0.072498,0.036249,0,0.0181245,0,0
68917,68942,68930,7.1,-104.32,39.882,426.946,-13.0426,331.708,94.6046,18.8397,1047.55,0.16681,0.00614787,27.6499,20.1547,16.2363,11.7351,8.6607,6.14889,3.21511,0.602833,0.100472,0.0401889,0.0401889,0.0200944,0,0,0
68943,68966,68954,7,-104.317,39.8821,432.501,-12.4416,331.252,97.5719,19.7574,1199.31,0.182105,0.0066683,27.8519,21.5156,16.9638,12.0311,9.0634,5.79496,3.30854,0.761967,0.140362,0.0802071,0.0401036,0,0,0,0.0200518
68968,68993,68980,6.9,-104.313,39.8822,438.138,-12.4573,330.011,97.9657,19.9125,1144.69,0.172457,0.00668675,28.4206,21.0529,16.1985,12.3081,9.3645,6.21431,3.46004,0.636924,0.137713,0.0860707,0.0516424,0.0172141,0.0172141,0,0
68996,69023,69010,6.8,-104.31,39.8821,444.387,-11.8871,329.4,95.4617,19.6696,1153.12,0.175874,0.00679087,28.6811,19.6729,15.3029,12.2265,9.05553,5.75831,3.54964,0.946571,0.0946571,0.0631047,0.0788809,0.0315524,0,0,0
69024,69048,69036,6.7,-104.306,39.8823,449.92,-11.6343,328.55,110.257,23.2394,1341.39,0.173162,0.00831096,30.9044,23.0971,18.4633,14.4244,10.3315,6.76146,4.61582,1.38835,0.144244,0.0721222,0.0180305,0.0360611,0,0,0
69050,69074,69062,6.6,-104.302,39.8825,455.646,-11.3642,327.7,160.899,34.8115,2096.91,0.180708,0.0125799,44.487,32.8218,26.1618,21.057,15.4538,11.9642,6.79966,1.81457,0.159523,0.0997018,0.0398807,0.0199404,0,0,0.0199404
69075,69099,69087,6.5,-104.299,39.883,461.805,-10.8042,327.147,175.976,37.2793,2106.26,0.169498,0.0130916,48.7012,37.1416,27.5086,22.4637,17.7763,12.9499,7.62694,1.44991,0.258204,0.0397236,0.0397236,0.0198618,0,0,0
69102,69125,69114,6.4,-104.296,39.8836,467.84,-9.8915,327.072,185.36,39.426,2418.57,0.184033,0.0140888,52.1324,39.1746,30.9936,23.9787,17.0954,12.0363,7.35346,1.91829,0.376136,0.112841,0.0752272,0.0564204,0.0376136,0,0.0188068
69126,69150,69138,6.3,-104.293,39.8843,473.859,-9.12444,326.831,214.637,47.1624,2888.85,0.18376,0.0172845,58.0196,44.9023,34.2796,28.4589,21.8899,15.0506,8.56469,2.74403,0.270245,0.207881,0.166305,0.0415762,0.0207881,0.0207881,0
69152,69177,69164,6.2,-104.291,39.8848,479.956,-8.52294,326.379,231.145,49.3142,2871.29,0.174673,0.017642,66.442,46.0843,36.6834,30.3503,23.1188,15.8216,9.44476,2.49815,0.460186,0.0876544,0.0657408,0.0657408,0.0219136,0,0
69178,69203,69190,6.1,-104.288,39.8849,486.374,-7.77176,326.06,318.951,70.6803,4217.25,0.178999,0.0262828,86.8866,64.7968,51.2132,40.7947,32.1786,22.8591,15.32,4.02232,0.527518,0.0879197,0.0659397,0.153859,0.0439598,0,0
69204,69227,69216,6,-104.286,39.8849,492.746,-6.83222,326.002,323.273,71.091,4171.05,0.176016,0.0261252,87.0255,65.8733,51.4758,43.1719,32.2033,24.7464,13.7778,4.04866,0.640349,0.123938,0.103282,0.0619692,0.0206564,0,0
69229,69251,69240,5.9,-104.285,39.8848,499.056,-5.94632,325.902,320.838,71.1342,4271.74,0.180155,0.0260761,85.3275,64.2727,52.6663,42.6735,32.9334,24.5154,13.7061,3.7716,0.544354,0.15553,0.116647,0.0583237,0.0777649,0.0194412,0
69252,69276,69264,5.8,-104.283,39.8847,505.611,-5.218,325.577,320.098,69.4242,4166.9,0.180063,0.0250083,87.4347,65.4292,52.8022,42.2308,31.6777,22.8865,13.3428,3.24852,0.624009,0.146826,0.0734129,0.128473,0.0367064,0.0367064,0
69277,69301,69289,5.7,-104.281,39.8847,511.995,-4.5375,325.235,337.856,73.5272,4496.43,0.18346,0.0264906,91.9964,68.2214,55.8814,44.7051,33.5103,24.4031,15.148,3.25128,0.387937,0.147785,0.0554195,0.0184732,0.0554195,0.0369463,0.0369463
69302,69324,69313,5.6,-104.28,39.8846,518.775,-3.73222,324.979,333.982,73.7973,4522.98,0.183868,0.0266042,88.2038,66.3673,55.0304,46.2672,34.1948,25.7585,13.9312,3.28875,0.490248,0.142989,0.102135,0.102135,0.040854,0.040854,0.020427
69325,69347,69336,5.5,-104.278,39.8844,525.122,-2.86944,324.891,346.604,77.8715,4824.65,0.185869,0.0285683,90.381,69.497,58.0201,45.006,36.3778,26.8479,16.0267,3.44309,0.430386,0.122967,0.266429,0.122967,0.0204946,0.0204946,0.0204946
69348,69370,69359,5.4,-104.277,39.8843,531.853,-2.165,324.557,307.979,69.2315,4145.16,0.179622,0.0254494,78.4746,59.637,51.817,42.3708,32.6323,24.7391,14.1967,3.45325,0.401965,0.109627,0.0548135,0.0365423,0.0182712,0.0182712,0.0182712
69371,69392,69382,5.3,-104.276,39.8842,538.256,-1.40333,324.36,269.066,60.7898,3749.94,0.185061,0.0226425,69.8398,54.0649,43.7108,36.5644,28.078,20.3023,12.5874,3.12655,0.304534,0.203023,0.162418,0.0406045,0.0406045,0.0406045,0
69393,69418,69406,5.2,-104.275,39.884,545.186,-0.672381,324.049,308.746,73.2069,4598.19,0.188433,0.0283528,73.4378,60.3756,50.6265,43.1723,34.4757,25.4168,16.1335,4.07221,0.603929,0.155296,0.120786,0.0862756,0.0172551,0.0345102,0.0172551
69419,69441,69430,5.1,-104.273,39.8836,551.929,0.2645,324.017,282.078,69.0108,4343.77,0.18883,0.0274114,67.5746,50.6719,45.0194,40.0415,33.3315,24.9986,15.2253,4.08438,0.583483,0.255274,0.109403,0.0911692,0.0729354,0.0182338,0
69442,69467,69454,5,-104.272,39.883,558.521,1.01941,323.811,615.122,201.727,13742.6,0.204375,0.0977258,86.8246,78.9237,86.4009,92.7131,97.6697,89.8112,59.8812,18.8307,3.28319,0.381274,0.296546,0.0423638,0.0211819,0.0423638,0
69470,69494,69482,4.9,-104.271,39.8823,566.071,1.62667,323.289,427.3,120.938,8181.94,0.202962,0.0536111,85.6013,66.1096,62.5594,63.7486,57.2169,50.306,30.3663,8.96168,1.70617,0.310212,0.17234,0.103404,0.034468,0.068936,0.034468
69495,69519,69507,4.8,-104.27,39.8817,573.16,2.03,322.617,417.028,101.771,6669.83,0.196614,0.0399741,98.6352,76.6491,68.6526,57.9618,49.4817,36.6147,21.9861,5.37131,0.932639,0.207253,0.241795,0.120898,0.0863554,0.0172711,0.0690844
69520,69543,69532,4.7,-104.269,39.881,580.345,2.94529,322.531,408.733,97.807,6118.6,0.187674,0.0378074,97.3175,74.5924,67.6881,57.7128,49.1141,34.2464,21.6661,5.10414,0.720086,0.21179,0.21179,0.042358,0.042358,0.042358,0.021179
69544,69569,69556,4.6,-104.268,39.8804,587.195,3.86667,322.528,370.159,87.9334,5699.52,0.194449,0.0335494,86.6407,72.0048,62.9245,50.6184,42.5537,30.9445,19.3553,4.02239,0.497821,0.179215,0.119477,0.119477,0.0796513,0.0398256,0.0597385
69571,69599,69585,4.5,-104.267,39.8799,594.725,4.80773,322.45,329.553,76.232,4609.97,0.181418,0.0286533,80.6457,62.6808,55.0237,46.123,36.8788,27.1437,16.5415,3.5668,0.55629,0.179976,0.11453,0.0163615,0.0654459,0,0.0163615
69600,69627,69614,4.4,-104.266,39.8794,602.369,5.65813,322.26,303.53,70.6595,4530.84,0.192367,0.0264545,73.4698,57.8374,52.3228,43.8951,32.9102,24.2157,14.8318,3.11313,0.355786,0.20013,0.155656,0.0667099,0.0667099,0.0667099,0.0222366
69628,69654,69641,4.3,-104.265,39.8789,609.642,6.48526,322.103,312.497,72.2832,4799.62,0.199201,0.0267893,76.7327,61.4347,53.6643,44.7545,33.5099,24.544,13.318,3.34351,0.448292,0.205467,0.224146,0.112073,0.112073,0.0373577,0.0560366
