data/B2SAP/Locations/Boulder/NOAA-POPS-B2SAP_GMLBalloon_20230912_R0.ict
82,1001
Thornberry, T. D.
NOAA Chemical Sciences Laboratory
Portable Optical Particle Spectrometer (POPS)
Balloon Baseline Stratospheric Aerosol Profiles (B2SAP)
1,1
2023,09,12,2024,05,30
0
TIME_START,s,Seconds since midnight UTC on flight start day,Start time of 100 m altitude bin in UTC_seconds_since_midnight
49
1.0,1.0,1.0,1.0,1.0,1.0,1.0,1.0,1.0,1.0,1.0,1.0,1.0,1.0,1.0,1.0,1.0,1.0,1.0,1.0,1.0,1.0,1.0,1.0,1.0,1.0,1.0,1.0,1.0,1.0,1.0,1.0,1.0,1.0,1.0,1.0,1.0,1.0,1.0,1.0,1.0,1.0,1.0,1.0,1.0,1.0,1.0,1.0,1.0
99999,99999,99999,99999,99999,99999,99999,99999,99999,99999,99999,99999,99999,99999,99999,99999,99999,99999,99999,99999,99999,99999,99999,99999,99999,99999,99999,99999,99999,99999,99999,99999,99999,99999,99999,99999,99999,99999,99999,99999,99999,99999,99999,99999,99999,99999,99999,99999,99999
TIME_STOP,s,End time of 100 m altitude bin in UTC seconds since midnight,
TIME_MID,s,Mid time of 100 m altitude in UTC seconds since midnight,
GPSAlt,km,GPS reported altitude above sea level (km),
GPS_Lon,deg,GPS reported longitude,
GPS_Lat,deg,GPS reported latitude,
iMet_Pressure,hPa,Pressure reported (hPa),
iMet_Temperature,degrees C,Ambient temperature (oC),
THETA,K,Potential temperature from iMet,
Aerosol_concentration,cm^-3,Aerosol concentration,
Surface_Area_Conc,um^2 cm^-3,Surface area concentration,
Volume_density,um^3 cm^-3,Volume density,
Effective_radius,um,Effective radius,
Extinction,km^-1,Extinction,
Bin01,cm^-3,particle concentration in size range [140 - 146.14 nm],
Bin02,cm^-3,particle concentration in size range [146.14 - 152.56 nm],
Bin03,cm^-3,particle concentration in size range [152.56 - 159.25 nm],
Bin04,cm^-3,particle concentration in size range [159.25 - 166.24 nm],
Bin05,cm^-3,particle concentration in size range [166.24 - 173.54 nm],
Bin06,cm^-3,particle concentration in size range [173.54 - 181.16 nm],
Bin07,cm^-3,particle concentration in size range [181.16 - 189.11 nm],
Bin08,cm^-3,particle concentration in size range [189.11 - 197.41 nm],
Bin09,cm^-3,particle concentration in size range [197.41 - 206.07 nm],
Bin10,cm^-3,particle concentration in size range [206.07 - 215.12 nm],
Bin11,cm^-3,particle concentration in size range [215.12 - 224.56 nm],
Bin12,cm^-3,particle concentration in size range [224.56 - 234.41 nm],
Bin13,cm^-3,particle concentration in size range [234.41 - 244.70 nm],
Bin14,cm^-3,particle concentration in size range [244.70 - 361.30 nm],
Bin15,cm^-3,particle concentration in size range [361.30 - 472.80 nm],
Bin16,cm^-3,particle concentration in size range [472.80 - 567.00 nm],
Bin17,cm^-3,particle concentration in size range [567.00 - 610.66 nm],
Bin18,cm^-3,particle concentration in size range [610.66 - 657.69 nm],
Bin19,cm^-3,particle concentration in size range [657.69 - 708.33 nm],
Bin20,cm^-3,particle concentration in size range [708.33 - 762.88 nm],
Bin21,cm^-3,particle concentration in size range [762.88 - 821.62 nm],
Bin22,cm^-3,particle concentration in size range [821.62 - 884.89 nm],
Bin23,cm^-3,particle concentration in size range [884.89 - 953.03 nm],
Bin24,cm^-3,particle concentration in size range [953.03 - 1026.42 nm],
Bin25,cm^-3,particle concentration in size range [1026.42 - 1105.46 nm],
Bin26,cm^-3,particle concentration in size range [1105.46 - 1190.59 nm]],
[...]
LOCATION: Boulder, CO, USA
ASSOCIATED_DATA: N/A
INSTRUMENT_INFO: Printed Optical Particle Spectrometer counts particles from 140 - 2500 nm in diameter 
DATA_INFO: Particle concentrations reported in number per cubic centimeter, binned to 100 m altitude
UNCERTAINTY: Counting uncertainty dominated by air flow, less than 5 percent
ULOD_FLAG: -77777
ULOD_VALUE: 3000 ~3000 per cm3 (varies depending on flow rate- manufacturer quotes 1250  per cm3 at 1.667 cc/s)
LLOD_FLAG: -88888
LLOD_VALUE: 0 0 (varies depending on data field and measurement precision)
DM_CONTACT_INFO: Troy Thornberry, 325 Broadway R/CSL6, Boulder, CO 80305; troy.thornberry@noaa.gov; 303-497-3373
PROJECT_INFO: B2SAP Boulder, CO, USA
STIPULATIONS_ON_USE: Please contact the PIs for questions regarding applications and uncertainties
OTHER_COMMENTS: POPS bin Edges (nm):  140, 146.14, 152.56, 159.25, 166.24, 173.54, 181.16, 189.11, 197.41, 206.07, 215.12, 224.56, 234.41, 244.70, 361.30, 472.80, 567.00, 610.66, 657.69, 708.33, 762.88, 821.62, 884.89, 953.03, 1026.42, 1105.46, 1190.59, 1282.27, 1381.01, 1487.36, 1601.89, 1725.25, 1858.10, 2001.18, 2155.28, 2321.25, 2500
Calculations assume sulfate refractive index of 1.45+0.00j and extinction wavelength = 532 nm
REVISION: R0
R0: QA/QC data
TIME_START,TIME_STOP,TIME_MID,GPSAlt,GPS_Lon,GPS_Lat,iMet_Pressure,iMet_Temperature,THETA,Aerosol_concentration,Surface_Area_Conc,Volume_density,Effective_radius,Extinction,Bin01,Bin02,Bin03,Bin04,Bin05,Bin06,Bin07,Bin08,Bin09,Bin10,Bin11,Bin12,Bin13,Bin14,Bin15,Bin16,Bin17,Bin18,Bin19,Bin20,Bin21,Bin22,Bin23,Bin24,Bin25,Bin26,Bin27,Bin28,Bin29,Bin30,Bin31,Bin32,Bin33,Bin34,Bin35,Bin36
[from data line 453]
69040,69078,69059,11.1,-104.14,39.6615,239.173,-48.4026,338.226,6.5295,1.63786,132.625,0.242924,0.000955061,1.04878,0.879622,0.552583,0.518751,0.36087,0.405979,0.36087,0.304484,0.180435,0.169158,0.112772,0.0789404,0.146604,0.451088,0.248098,0.315762,0.0676632,0.146604,0.0451088,0.0225544,0.0225544,0.0225544,0.0676632,0,0,0,0,0,0,0,0,0,0,0,0,0
69079,69118,69098,11,-104.132,39.66,242.781,-48.1395,337.176,3.63942,0.491095,24.3892,0.148989,0.000146006,0.863407,0.448097,0.360664,0.382522,0.306018,0.229513,0.196726,0.14208,0.109292,0.0983628,0.0655752,0.0874336,0,0.153009,0.0655752,0.0765044,0.054646,0,0,0,0,0,0,0,0,0,0,0,0,0,0,0,0,0,0,0
69119,69156,69138,10.9,-104.123,39.6588,246.399,-47.8089,336.248,6.5517,1.29845,87.3355,0.201784,0.000601132,1.18807,0.842031,0.645942,0.530595,0.484456,0.322971,0.253763,0.184555,0.184555,0.242228,0.149951,0.161485,0.0576734,0.634407,0.196089,0.276832,0.0576734,0.0230694,0.0461387,0.034604,0.0115347,0,0.0230694,0,0,0,0,0,0,0,0,0,0,0,0,0
69157,69195,69176,10.8,-104.115,39.658,250.219,-47.0969,335.831,7.0865,1.51772,105.071,0.207689,0.000769945,0.969379,1.02509,0.869099,0.668538,0.490261,0.345411,0.300842,0.189419,0.233988,0.211704,0.155992,0.0445692,0.0668538,0.612826,0.267415,0.323126,0.0668538,0.133708,0.0668538,0.0222846,0,0.0222846,0,0,0,0,0,0,0,0,0,0,0,0,0,0
69196,69233,69214,10.7,-104.107,39.6571,254.164,-46.2884,335.53,6.61111,1.30565,81.4242,0.187089,0.000564341,1.09037,0.619792,0.631269,0.562404,0.516493,0.401717,0.24103,0.206597,0.19512,0.286941,0.149209,0.160687,0.0688657,0.791956,0.24103,0.229552,0.103299,0.0229552,0.0803434,0.0114776,0,0,0,0,0,0,0,0,0,0,0,0,0,0,0,0
69234,69268,69251,10.6,-104.099,39.6564,258.007,-45.5294,335.212,9.16435,1.73667,102.197,0.176539,0.000649995,1.1905,1.09129,0.806066,0.520842,0.657254,0.458837,0.520842,0.384431,0.347228,0.322426,0.210817,0.334827,0.198416,1.2773,0.334827,0.396832,0.049604,0.012401,0.024802,0,0,0,0.024802,0,0,0,0,0,0,0,0,0,0,0,0,0
69269,69304,69286,10.5,-104.091,39.6561,261.919,-44.3353,335.523,9.23912,1.63855,93.7726,0.171688,0.000588148,1.35587,1.0319,0.803923,0.755928,0.52795,0.52795,0.443958,0.443958,0.299971,0.371965,0.299971,0.215979,0.227978,1.27188,0.287973,0.215979,0.0119989,0.0239977,0.083992,0.0239977,0,0.0119989,0,0,0,0,0,0,0,0,0,0,0,0,0,0
69305,69340,69322,10.4,-104.083,39.6559,265.828,-43.9953,334.605,8.73064,1.63225,93.7976,0.172396,0.000585172,1.2797,0.825225,0.574069,0.55015,0.562109,0.562109,0.346833,0.442512,0.322914,0.394673,0.191356,0.251155,0.287035,1.50693,0.251155,0.215276,0.0597989,0.0478391,0.0358793,0,0.0119598,0,0.0119598,0,0,0,0,0,0,0,0,0,0,0,0,0
69341,69377,69359,10.3,-104.075,39.6554,269.7,-43.5576,333.859,8.52891,1.41325,72.8778,0.154702,0.000422398,0.894722,0.790144,0.883102,0.732045,0.639087,0.453171,0.569368,0.441551,0.325353,0.348593,0.278874,0.220776,0.255635,1.1736,0.290494,0.151057,0.0116198,0.0232395,0.0232395,0.0232395,0,0,0,0,0,0,0,0,0,0,0,0,0,0,0,0
69378,69412,69395,10.2,-104.067,39.6544,273.811,-42.7319,333.615,10.3028,1.68339,89.5283,0.15955,0.000518551,1.35313,1.24631,0.866481,0.830872,0.652828,0.60535,0.59348,0.462915,0.510393,0.474784,0.332349,0.237392,0.249262,1.25818,0.332349,0.178044,0.0356088,0.0474784,0.0118696,0,0,0.0118696,0.0118696,0,0,0,0,0,0,0,0,0,0,0,0,0
69414,69447,69430,10.1,-104.059,39.6533,277.831,-41.8447,333.508,11.0292,1.93347,110.174,0.170948,0.000673537,1.59353,1.27984,1.04144,0.727753,0.690111,0.752848,0.639921,0.401519,0.338782,0.313687,0.426614,0.276044,0.313687,1.40532,0.401519,0.276044,0.0501899,0.0250949,0.0250949,0.0125475,0,0.0250949,0.0125475,0,0,0,0,0,0,0,0,0,0,0,0,0
69448,69482,69465,10,-104.052,39.6523,281.931,-40.9971,333.332,11.6485,1.88293,94.8983,0.151197,0.000518339,1.19627,1.34127,1.00293,1.03918,0.65251,0.580009,0.676678,0.65251,0.604176,0.483341,0.398756,0.350422,0.314172,1.77628,0.374589,0.0966682,0.0241671,0.0241671,0.0241671,0.0120835,0.0120835,0.0120835,0,0,0,0,0,0,0,0,0,0,0,0,0,0
69483,69517,69500,9.9,-104.044,39.6513,286.152,-40.484,332.655,12.8278,2.25017,110.852,0.147791,0.000588008,0.978389,1.05086,0.748891,0.700575,0.966311,0.857601,0.76097,0.65226,0.591865,0.603944,0.616023,0.54355,0.507313,2.48825,0.531471,0.193262,0.0120789,0.0120789,0,0,0,0,0.0120789,0,0,0,0,0,0,0,0,0,0,0,0,0
69518,69551,69534,9.8,-104.036,39.6504,290.42,-40.62,331.056,14.5452,2.5495,125.647,0.147849,0.000679151,1.16211,0.899702,1.06215,0.887206,0.987173,0.699768,1.03716,0.849718,0.762247,0.799735,0.57481,0.612297,0.649785,2.7116,0.562314,0.21243,0.0374876,0.0124959,0,0.0124959,0.0124959,0,0,0,0,0,0,0,0,0,0,0,0,0,0,0
69552,69582,69567,9.7,-104.03,39.6495,294.656,-39.3765,331.452,10.5623,1.64672,83.8386,0.152737,0.000451144,1.46059,1.08192,1.10897,0.689725,0.676201,0.676201,0.649153,0.554485,0.554485,0.473341,0.324576,0.256956,0.20286,1.28478,0.324576,0.20286,0.013524,0,0,0,0,0,0.027048,0,0,0,0,0,0,0,0,0,0,0,0,0
69583,69618,69600,9.6,-104.023,39.6487,298.866,-38.7392,331.01,8.68268,1.27496,63.1992,0.148709,0.000364519,1.52063,1.16079,1.02149,0.696471,0.522353,0.499138,0.545569,0.348236,0.266981,0.313412,0.197334,0.174118,0.150902,0.742903,0.290196,0.16251,0.0232157,0.0348236,0,0.0116079,0,0,0,0,0,0,0,0,0,0,0,0,0,0,0,0
69619,69653,69636,9.5,-104.017,39.6477,303.317,-37.5703,331.261,7.99128,1.12866,56.0132,0.148884,0.000306727,1.65585,1.00791,0.803927,0.755931,0.539951,0.503954,0.395964,0.263976,0.263976,0.263976,0.131988,0.191983,0.131988,0.647941,0.287974,0.0719935,0.0239978,0.0359967,0,0,0,0,0.0119989,0,0,0,0,0,0,0,0,0,0,0,0,0
69654,69688,69671,9.4,-104.012,39.6467,307.848,-37.3703,330.138,7.39635,1.05816,55.1974,0.156491,0.000321309,1.40769,1.0498,0.942438,0.58455,0.59648,0.548761,0.250521,0.238592,0.250521,0.178944,0.214733,0.119296,0.167014,0.405606,0.214733,0.167014,0.0119296,0.0119296,0.0238592,0,0,0,0.0119296,0,0,0,0,0,0,0,0,0,0,0,0,0
69689,69724,69706,9.3,-104.006,39.6456,312.304,-36.5325,329.955,4.86445,0.744068,44.6342,0.17996,0.000268756,0.865804,0.854412,0.455686,0.501255,0.307588,0.296196,0.227843,0.216451,0.170882,0.148098,0.0911373,0.0797451,0.068353,0.318981,0.0797451,0.113922,0.0113922,0,0.0113922,0.0113922,0,0.0227843,0.0113922,0,0,0,0,0,0,0,0,0,0,0,0,0
69725,69762,69744,9.2,-104,39.6448,316.815,-35.5403,329.982,5.26495,0.7137,33.5511,0.14103,0.000172539,1.09005,0.806638,0.545026,0.446921,0.337916,0.294314,0.174408,0.141707,0.20711,0.109005,0.0981046,0.141707,0.130806,0.555926,0.0872041,0.0763036,0.0109005,0,0,0,0,0.0109005,0,0,0,0,0,0,0,0,0,0,0,0,0,0
69763,69800,69782,9.1,-103.995,39.644,321.405,-34.7382,329.739,5.36853,0.805079,43.2077,0.161007,0.000248852,1.0954,0.672422,0.563967,0.433821,0.444666,0.249447,0.195219,0.195219,0.227756,0.184374,0.173528,0.0976096,0.0759186,0.433821,0.184374,0.0976096,0,0.0108455,0.0108455,0,0.0108455,0,0.0108455,0,0,0,0,0,0,0,0,0,0,0,0,0
69801,69838,69820,9,-103.989,39.643,326.053,-33.7976,329.686,6.66745,0.888769,41.5094,0.140113,0.000217756,1.27928,0.86731,0.823945,0.780579,0.39029,0.433655,0.346924,0.227669,0.151779,0.130097,0.119255,0.130097,0.0975724,0.639641,0.130097,0.086731,0.0108414,0,0,0.0108414,0.0108414,0,0,0,0,0,0,0,0,0,0,0,0,0,0,0
69839,69874,69856,8.9,-103.983,39.6422,330.707,-32.9425,329.526,7.81877,1.16631,62.5188,0.160813,0.000374435,1.46815,1.27468,0.705624,0.967388,0.523528,0.341431,0.295907,0.193478,0.250383,0.182097,0.170715,0.193478,0.102429,0.728386,0.170715,0.159334,0.011381,0.0341431,0.011381,0.011381,0.011381,0.011381,0,0,0,0,0,0,0,0,0,0,0,0,0,0
69875,69912,69894,8.8,-103.978,39.6415,335.402,-32.0239,329.457,6.98084,0.930572,43.8516,0.14137,0.000238562,1.36628,1.00336,0.864599,0.587073,0.512355,0.458985,0.309548,0.234829,0.224155,0.202807,0.128089,0.128089,0.160111,0.501681,0.149437,0.0960666,0.0213481,0.0106741,0.0106741,0.0106741,0,0,0,0,0,0,0,0,0,0,0,0,0,0,0,0
69913,69947,69930,8.7,-103.973,39.6408,340.237,-31.154,329.294,6.94447,0.887414,41.3586,0.139817,0.000230417,1.67182,1.08727,0.876827,0.724844,0.502714,0.45595,0.175365,0.210438,0.140292,0.163674,0.11691,0.0467641,0.0584551,0.327349,0.210438,0.163674,0,0,0.011691,0,0,0,0,0,0,0,0,0,0,0,0,0,0,0,0,0
69948,69982,69965,8.6,-103.969,39.64,345.031,-30.5482,328.803,5.16805,0.496515,16.8049,0.101537,5.49124e-05,1.28903,0.942901,0.620644,0.572902,0.417741,0.369999,0.202903,0.179032,0.107419,0.107419,0.0596773,0.0596773,0.0358064,0.143225,0.0358064,0.0238709,0,0,0,0,0,0,0,0,0,0,0,0,0,0,0,0,0,0,0,0
69983,70017,70000,8.5,-103.965,39.6389,349.817,-29.7711,328.559,5.58717,0.742365,38.9021,0.157209,0.000193514,0.831149,1.05048,0.623362,0.450206,0.507925,0.392487,0.357856,0.173156,0.161612,0.150069,0.0923499,0.0808062,0.115437,0.438662,0.0923499,0.0230875,0.0115437,0,0,0,0,0.0115437,0.0230875,0,0,0,0,0,0,0,0,0,0,0,0,0
70018,70051,70034,8.4,-103.96,39.6375,354.775,-28.9624,328.328,5.2843,0.738358,39.9589,0.162356,0.000232379,0.847372,0.800295,0.659067,0.435455,0.506069,0.411917,0.270688,0.188305,0.164767,0.152998,0.152998,0.0941524,0.0941524,0.294226,0.0588453,0.0706143,0.0117691,0.0235381,0.0235381,0.0117691,0,0,0.0117691,0,0,0,0,0,0,0,0,0,0,0,0,0
70052,70086,70069,8.3,-103.956,39.6361,359.75,-28.108,328.169,5.0611,0.695845,35.1245,0.151432,0.000200165,1.03288,0.826302,0.44758,0.527915,0.470533,0.286911,0.137717,0.195099,0.137717,0.183623,0.0688585,0.0688585,0.103288,0.309863,0.126241,0.114764,0,0,0,0,0.0229528,0,0,0,0,0,0,0,0,0,0,0,0,0,0,0
70087,70120,70104,8.2,-103.952,39.6347,364.701,-27.2143,328.082,4.63587,0.698858,40.548,0.174061,0.000244831,0.791489,0.753799,0.489969,0.45228,0.471124,0.244985,0.22614,0.18845,0.169605,0.0753799,0.0942249,0.03769,0.0753799,0.30152,0.0942249,0.0942249,0.018845,0.018845,0.018845,0,0,0,0.018845,0,0,0,0,0,0,0,0,0,0,0,0,0
70121,70156,70138,8.1,-103.947,39.6333,369.85,-26.3722,327.89,4.97232,0.606729,29.4531,0.145632,0.000149227,1.079,0.856529,0.422703,0.467198,0.378208,0.300341,0.311465,0.233599,0.189104,0.0778663,0.133485,0.111238,0.08899,0.17798,0.0778663,0.0222475,0,0.0111238,0.0111238,0.0111238,0,0,0.0111238,0,0,0,0,0,0,0,0,0,0,0,0,0
70157,70195,70176,8,-103.942,39.632,375.019,-25.6718,327.52,5.15878,0.595532,25.5001,0.128457,0.000125002,1.20066,0.814009,0.579981,0.641032,0.386654,0.264553,0.234027,0.162802,0.183152,0.0814009,0.0508755,0.091576,0.101751,0.213677,0.0712258,0.0610506,0,0,0.0203502,0,0,0,0,0,0,0,0,0,0,0,0,0,0,0,0,0
70196,70235,70216,7.9,-103.937,39.6305,380.2,-24.8345,327.342,4.53878,0.505572,19.6961,0.116874,8.31467e-05,1.12483,0.67095,0.641349,0.434144,0.355209,0.197338,0.108536,0.148004,0.177604,0.0789352,0.0394676,0.138137,0.0592014,0.246673,0.0888021,0.0197338,0.00986691,0,0,0,0,0,0,0,0,0,0,0,0,0,0,0,0,0,0,0
70236,70278,70257,7.8,-103.932,39.6288,385.544,-24.1822,326.895,6.66045,1.65503,126.168,0.228699,0.000920165,1.08722,0.871735,0.666045,0.45056,0.45056,0.333023,0.24487,0.22528,0.146922,0.117537,0.156716,0.117537,0.117537,0.617071,0.333023,0.411381,0.0587687,0.0587687,0.088153,0.0195896,0.0293843,0.0391791,0.0195896,0,0,0,0,0,0,0,0,0,0,0,0,0
70279,70323,70301,7.7,-103.926,39.6273,390.845,-23.5082,326.505,6.64922,1.81383,142.108,0.235041,0.00103547,0.971136,0.717416,0.612428,0.402453,0.4287,0.25372,0.349959,0.244971,0.174979,0.209975,0.157481,0.0874897,0.0962387,0.726165,0.411202,0.472444,0.0349959,0.0787407,0.113737,0.0174979,0.0174979,0.0174979,0.0524938,0,0,0,0,0,0,0,0,0,0,0,0,0
70324,70367,70346,7.6,-103.921,39.6257,396.325,-22.6916,326.271,4.87449,1.14968,86.1905,0.224907,0.000636977,1.24322,0.554529,0.232544,0.35776,0.375648,0.205712,0.196768,0.196768,0.0894401,0.116272,0.0983841,0.0804961,0.0536641,0.295152,0.259376,0.286208,0.04472,0.0715521,0.0626081,0.00894401,0.017888,0.00894401,0.017888,0,0,0,0,0,0,0,0,0,0,0,0,0
70368,70409,70388,7.5,-103.916,39.6241,401.774,-21.9883,325.914,2.35644,0.521846,36.106,0.207567,0.000257212,0.408203,0.250488,0.213379,0.213379,0.0927733,0.129883,0.0742186,0.129883,0.055664,0.055664,0.055664,0.0371093,0.0649413,0.296875,0.0463867,0.148437,0.027832,0.0185547,0.0185547,0.00927733,0,0,0.00927733,0,0,0,0,0,0,0,0,0,0,0,0,0
70410,70451,70430,7.4,-103.911,39.6224,407.217,-21.4217,325.396,7.44824,1.41609,90.8284,0.19242,0.000619857,1.21981,0.813208,0.600665,0.619147,0.55446,0.489773,0.46205,0.314194,0.221784,0.314194,0.231025,0.147856,0.166338,0.563701,0.249507,0.27723,0.055446,0.009241,0.083169,0.027723,0.018482,0,0.009241,0,0,0,0,0,0,0,0,0,0,0,0,0
70452,70492,70472,7.3,-103.906,39.6211,412.7,-20.6844,325.103,9.30211,1.42138,76.4597,0.161378,0.000456032,1.55347,1.21657,1.15107,0.814169,0.748661,0.477271,0.533421,0.308823,0.393047,0.205882,0.233957,0.149732,0.131016,0.814169,0.262031,0.196524,0.0467913,0.0187165,0.0187165,0.00935826,0,0.00935826,0.00935826,0,0,0,0,0,0,0,0,0,0,0,0,0
70493,70531,70512,7.2,-103.902,39.62,418.559,-19.7237,325.03,11.2383,1.88336,107.732,0.171606,0.000666616,1.93799,1.41504,1.12793,0.922851,0.820312,0.574219,0.574219,0.379394,0.328125,0.328125,0.379394,0.266601,0.256348,1.05615,0.440918,0.266601,0.0512695,0.0205078,0.0512695,0,0.0205078,0,0.0205078,0,0,0,0,0,0,0,0,0,0,0,0,0
70532,70569,70550,7.1,-103.899,39.6187,424.188,-18.8259,324.938,10.942,1.72989,92.3137,0.160092,0.000568865,1.83889,1.39344,1.2678,0.925154,0.708143,0.719565,0.47971,0.456866,0.34265,0.296963,0.27412,0.239855,0.159903,1.14217,0.285542,0.262698,0.034265,0.0571083,0.0456866,0.0114217,0,0,0,0,0,0,0,0,0,0,0,0,0,0,0,0
70570,70602,70586,7,-103.895,39.6175,429.766,-17.9291,324.87,10.6493,1.67076,89.3324,0.160404,0.000539534,1.92247,1.3166,1.10688,0.850548,0.664126,0.652475,0.4311,0.512659,0.384494,0.384494,0.337889,0.186421,0.267981,0.943758,0.256329,0.337889,0.0466054,0.0116513,0,0.0233027,0,0,0.0116513,0,0,0,0,0,0,0,0,0,0,0,0,0
70603,70637,70620,6.9,-103.892,39.6164,435.447,-17.1274,324.669,13.8694,2.06141,104.837,0.152571,0.000596761,2.5096,1.69898,1.19928,1.23259,1.0105,0.77731,0.699579,0.599639,0.644057,0.455281,0.410864,0.244297,0.355342,1.33253,0.310924,0.288715,0.0111044,0.0222088,0.0222088,0.0111044,0.0222088,0.0111044,0,0,0,0,0,0,0,0,0,0,0,0,0,0
70638,70669,70654,6.8,-103.888,39.6152,441.557,-16.3445,324.368,28.0805,4.37459,224.102,0.153684,0.00129175,4.17062,3.35382,2.74741,2.16575,1.93061,1.84398,1.6336,1.39846,1.15094,0.940555,0.84155,0.668289,0.495029,3.04443,0.92818,0.544532,0.0618786,0.0495029,0.0247515,0.0371272,0.0371272,0.0123757,0,0,0,0,0,0,0,0,0,0,0,0,0,0
70670,70703,70686,6.7,-103.885,39.6141,447.39,-15.6361,324.046,27.4193,4.45503,240.966,0.162266,0.00140722,4.35335,3.21373,2.60973,1.84619,2.01713,1.76641,1.29917,1.23079,1.01426,1.25358,0.626791,0.683772,0.581206,3.14535,0.911696,0.626791,0.0797734,0.0341886,0.0227924,0,0.0455848,0.0113962,0.0455848,0,0,0,0,0,0,0,0,0,0,0,0,0
70704,70738,70721,6.6,-103.882,39.6128,453.477,-15.0654,323.512,35.2045,5.7502,300.676,0.156869,0.00175676,4.96024,3.93966,3.11661,2.96297,2.62278,2.03019,1.96434,1.53636,1.40467,1.11935,1.07545,0.921814,0.85597,4.37862,1.22909,0.790126,0.0987658,0.0658439,0.0658439,0.021948,0.010974,0.010974,0.021948,0,0,0,0,0,0,0,0,0,0,0,0,0
70739,70771,70755,6.5,-103.878,39.6114,459.525,-14.4861,323.012,55.6785,9.53982,502.852,0.158133,0.00295424,6.92662,5.21806,4.7101,4.25987,4.25987,3.61339,2.863,2.70138,2.37814,2.0549,1.77783,1.72011,1.5354,7.46921,2.43586,1.39687,0.0577219,0.126988,0.0577219,0.0461775,0,0.0461775,0.0230887,0,0,0,0,0,0,0,0,0,0,0,0,0
70772,70804,70788,6.4,-103.875,39.6102,465.432,-13.6679,322.855,57.4561,9.84965,520.807,0.158627,0.00300221,7.02635,5.51825,5.03841,4.49001,3.89591,3.18756,3.11901,2.65059,2.36497,2.11362,2.06792,1.90797,1.61092,8.55729,2.27357,1.19962,0.125675,0.0913997,0.0456998,0.0571248,0.0342749,0.011425,0.0685498,0,0,0,0,0,0,0,0,0,0,0,0,0
