data/B2SAP/Locations/Boulder/NOAA-POPS-B2SAP_GMLBalloon_20220311_R0.ict
61,1001
Thornberry, T. D.
NOAA Chemical Sciences Laboratory
Portable Optical Particle Spectrometer (POPS)
Balloon Baseline Stratospheric Aerosol Profiles (B2SAP)
1,1
2022,03,11,2024,05,30
0
TIME_START,s,Seconds since midnight UTC on flight start day,Start time of 100 m altitude bin in UTC_seconds_since_midnight
28
1.0,1.0,1.0,1.0,1.0,1.0,1.0,1.0,1.0,1.0,1.0,1.0,1.0,1.0,1.0,1.0,1.0,1.0,1.0,1.0,1.0,1.0,1.0,1.0,1.0,1.0,1.0,1.0
99999,99999,99999,99999,99999,99999,99999,99999,99999,99999,99999,99999,99999,99999,99999,99999,99999,99999,99999,99999,99999,99999,99999,99999,99999,99999,99999,99999
TIME_STOP,s,End time of 100 m altitude bin in UTC seconds since midnight,
TIME_MID,s,Mid time of 100 m altitude in UTC seconds since midnight,
GPSAlt,m,GPS reported altitude above sea level (m),
GPS_Lon,deg,GPS reported longitude,
GPS_Lat,deg,GPS reported latitude,
iMet_Pressure,mb,Pressure reported (mB),
iMet_Temperature,degrees C,Ambient temperature (oC),
THETA,K,Potential temperature from iMet,
Aerosol_concentration,cm^-3,Aerosol concentration,
Surface_Area_Conc,um^2 cm^-3,Surface area concentration,
Volume_density,um^3 cm^-3,Volume density,
Effective_radius,um,Effective radius,
Extinction,km^-1,Extinction,
Bin01,cm^-3,particle concentration in size range [140 - 170 nm],
Bin02,cm^-3,particle concentration in size range [170 - 205 nm],
Bin03,cm^-3,particle concentration in size range [205 - 249 nm],
Bin04,cm^-3,particle concentration in size range [249 - 302 nm],
Bin05,cm^-3,particle concentration in size range [302 - 366 nm],
Bin06,cm^-3,particle concentration in size range [366 - 443 nm],
Bin07,cm^-3,particle concentration in size range [443 - 537 nm],
Bin08,cm^-3,particle concentration in size range [537 - 651 nm],
Bin09,cm^-3,particle concentration in size range [651 - 789 nm],
Bin10,cm^-3,particle concentration in size range [789 - 956 nm],
Bin11,cm^-3,particle concentration in size range [956 - 1159 nm],
Bin12,cm^-3,particle concentration in size range [1159 - 1404 nm],
Bin13,cm^-3,particle concentration in size range [1404 - 1702 nm],
Bin14,cm^-3,particle concentration in size range [1702 - 2062 nm],
Bin15,cm^-3,particle concentration in size range [2062 - 2500 nm],
0
19
PI_CONTACT_INFO: 325 Broadway R/CSL6, Boulder, CO 80305; troy.thornberry@noaa.gov; 303-497-3373 
PLATFORM: GML ECC/FPH balloon
LOCATION: Boulder, CO, USA
ASSOCIATED_DATA: N/A
INSTRUMENT_INFO: Printed Optical Particle Spectrometer counts particles from 140 - 2500 nm in diameter 
DATA_INFO: Particle concentrations reported in number per cubic centimeter, binned to 100 m altitude
UNCERTAINTY: Counting uncertainty dominated by air flow, less than 5 percent
ULOD_FLAG: -77777
ULOD_VALUE: 3000 ~3000 per cm3 (varies depending on flow rate- manufacturer quotes 1250  per cm3 at 1.667 cc/s)
LLOD_FLAG: -88888
LLOD_VALUE: 0 0 (varies depending on data field and measurement precision)
DM_CONTACT_INFO: Troy Thornberry, 325 Broadway R/CSL6, Boulder, CO 80305; troy.thornberry@noaa.gov; 303-497-3373
PROJECT_INFO: B2SAP Boulder, CO, USA
STIPULATIONS_ON_USE: Please contact the PIs for questions regarding applications and uncertainties
OTHER_COMMENTS: POPS bin Edges (nm):  140, 170, 205, 249, 302, 366, 443, 537, 651, 789, 956, 1159, 1404, 1702, 2062, 2500
Calculations assume sulfate refractive index of 1.45+0.00j and extinction wavelength = 532 nm
REVISION: R0
R0: QA/QC data
TIME_START,TIME_STOP,TIME_MID,GPSAlt,GPS_Lon,GPS_Lat,iMet_Pressure,iMet_Temperature,THETA,Aerosol_concentration,Surface_Area_Conc,Volume_density,Effective_radius,Extinction,Bin01,Bin02,Bin03,Bin04,Bin05,Bin06,Bin07,Bin08,Bin09,Bin10,Bin11,Bin12,Bin13,Bin14,Bin15
[from data line 316]
71464,71492,71478,15.6,-104.33,39.2058,107.428,-53.2883,415.884,9.45085,1.88594,102.989,0.163827,0.000628777,2.53127,1.92802,1.65597,1.585,1.05272,0.28388,0.201082,0.177425,0.035485,0,0,0,0,0,0
71493,71518,71506,15.5,-104.322,39.2054,109.117,-54.1542,412.405,8.95506,1.95504,115.677,0.177506,0.000710002,1.84408,1.83081,1.73794,1.81754,0.981739,0.278602,0.238801,0.172468,0.0132667,0.0398002,0,0,0,0,0
71519,71545,71532,15.4,-104.314,39.2053,110.819,-53.2607,412.266,9.47201,1.91946,105.717,0.165229,0.000633175,2.5073,1.77284,1.68419,1.65887,1.11435,0.379894,0.164621,0.151957,0.0253262,0.0126631,0,0,0,0,0
71546,71571,71558,15.3,-104.307,39.2051,112.402,-52.68,411.681,10.4664,2.08994,115.029,0.165118,0.000669185,2.64938,2.09852,1.88867,1.88867,1.18042,0.445935,0.131157,0.131157,0.0262315,0.0262315,0,0,0,0,0
71572,71579,71576,15.2,-104.302,39.2049,113.668,-52.2512,411.156,9.30132,1.80312,95.0845,0.1582,0.00055699,2.01457,2.27175,2.18603,1.11444,0.985854,0.428632,0.171453,0.0857265,0.0428632,0,0,0,0,0,0
71642,71656,71649,15,-104.281,39.2012,118.499,-51.9147,406.912,10.6953,2.16738,116.388,0.1611,0.000709022,2.64557,2.26117,1.80893,1.87677,1.24364,0.339175,0.316563,0.203505,0,0,0,0,0,0,0
71657,71687,71672,14.9,-104.275,39.1998,119.81,-52.0557,405.381,10.5834,2.16311,120.937,0.167727,0.000732315,2.65323,1.97518,2.03414,2.0931,1.00233,0.353763,0.250582,0.162142,0.0442204,0.0147401,0,0,0,0,0
71688,71719,71704,14.8,-104.264,39.1975,121.751,-52.4061,402.89,10.6365,2.23084,129.595,0.174277,0.000763088,2.37951,2.46724,1.86413,1.89703,1.14041,0.372827,0.274137,0.197379,0.0328965,0,0.0109655,0,0,0,0
71720,71750,71735,14.7,-104.251,39.1947,124.125,-52.6167,400.284,11.6756,2.01105,91.2628,0.136142,0.000440556,2.83388,2.55049,1.98371,2.89055,1.0202,0.170033,0.22671,0,0,0,0,0,0,0,0
71751,71780,71766,14.6,-104.244,39.1935,125.59,-52.641,398.901,9.82799,1.91409,102.835,0.161175,0.000610527,2.57616,1.98602,1.82714,1.78175,1.02138,0.26102,0.192928,0.124836,0.0567436,0,0,0,0,0,0
71781,71793,71787,14.5,-104.237,39.1928,126.975,-52.94,397.116,11.8618,2.23334,112.726,0.151423,0.000640407,3.01127,2.51375,2.19954,2.22572,1.09977,0.366589,0.340404,0.10474,0,0,0,0,0,0,0
71810,71833,71822,14.4,-104.227,39.1921,129.535,-52.1729,396.24,10.9852,2.15145,119.066,0.166027,0.000639648,2.77803,2.17166,2.19986,1.93193,1.12813,0.408948,0.239728,0.0987117,0.0141017,0,0.0141017,0,0,0,0
71834,71849,71842,14.3,-104.221,39.1916,131.023,-51.7131,395.762,11.2615,2.21916,121.469,0.164209,0.000731528,2.77826,2.41772,2.18443,2.05718,1.08161,0.275705,0.233289,0.148456,0.0848323,0,0,0,0,0,0
71865,71888,71876,14.2,-104.211,39.1902,133.679,-51.5933,393.714,10.6159,2.04952,107.476,0.15732,0.000632801,2.75957,2.35127,1.78809,1.84441,1.11228,0.366066,0.211192,0.168953,0.0140795,0,0,0,0,0,0
71890,71890,71890,14.1,-104.207,39.1894,134.63,-52,392.197,10.4834,2.22997,109.52,0.147339,0.000575736,1.3527,2.02905,2.02905,2.36723,1.69088,1.01453,0,0,0,0,0,0,0,0,0
71923,71950,71936,14,-104.194,39.1861,137.98,-51.2918,390.701,11.7062,2.39025,132.01,0.165685,0.000815747,2.86608,2.51538,2.16467,2.05584,1.0521,0.483726,0.326515,0.19349,0.0483726,0,0,0,0,0,0
71951,71984,71968,13.9,-104.186,39.1843,139.758,-51.4178,389.047,11.8455,2.22455,114.496,0.154408,0.000655565,3.0422,2.616,2.20449,2.13101,1.04346,0.426202,0.220449,0.13227,0.0293932,0,0,0,0,0,0
71985,72020,72002,13.8,-104.174,39.1815,142.081,-51.3874,387.277,11.8644,2.13369,107.458,0.151087,0.000601538,2.88796,3.07549,2.42539,1.82529,0.912645,0.400064,0.175028,0.137522,0.025004,0,0,0,0,0,0
72021,72053,72037,13.7,-104.162,39.179,144.429,-51.3209,385.589,11.5532,2.2137,119.804,0.162358,0.00070378,3.28194,2.10617,2.27998,2.13684,0.991739,0.368068,0.143138,0.184034,0.0511205,0.0102241,0,0,0,0,0
72054,72086,72070,13.6,-104.152,39.1771,146.733,-51.5118,383.508,11.6152,2.2082,116.145,0.157791,0.00067639,2.99326,2.71129,1.87621,2.21241,1.03029,0.390425,0.227748,0.119297,0.0542258,0,0,0,0,0,0
72087,72114,72100,13.5,-104.142,39.1756,149.078,-51.5046,381.791,12.0508,2.2511,117.335,0.15637,0.000678861,3.38027,2.5833,2.03366,2.18481,1.09928,0.384747,0.178632,0.164891,0.0412229,0,0,0,0,0,0
72115,72141,72128,13.4,-104.135,39.1742,151.23,-51.1083,380.915,12.2389,2.18609,114.647,0.157332,0.00063038,3.39876,2.7458,2.67883,1.7245,1.03805,0.334853,0.167427,0.100456,0.0167427,0.0334853,0,0,0,0,0
72193,72193,72193,13.2,-104.117,39.1705,157.22,-50.26,378.144,13.7587,4.25614,501.12,0.353222,0.00174054,4.20406,3.43969,3.0575,0.382187,0.764374,0.764374,0.764374,0,0,0,0,0.382187,0,0,0
72194,72196,72195,13.1,-104.116,39.1703,157.423,-50.3833,377.795,12.2368,3.19426,220.414,0.20701,0.0014944,2.03946,2.93172,2.80426,1.27466,1.5296,0.382399,0.764798,0.382399,0,0.127466,0,0,0,0,0
72226,72244,72235,13,-104.106,39.1671,161.451,-49.4388,376.677,12.6779,2.23084,110.631,0.148775,0.000598163,3.47186,2.93428,2.21751,2.4639,0.918362,0.403183,0.111995,0.111995,0.0447982,0,0,0,0,0,0
72245,72268,72256,12.9,-104.101,39.1654,163.516,-49.4425,375.298,13.2006,2.70049,160.712,0.178536,0.000925206,3.62182,2.5734,2.44632,2.22393,1.2867,0.508326,0.254163,0.190622,0.0635408,0.0158852,0.0158852,0,0,0,0
72269,72278,72274,12.8,-104.096,39.164,165.204,-49.099,374.77,13.1547,2.67998,170.032,0.190336,0.000916875,3.92736,2.36404,2.66908,2.24965,0.876983,0.495686,0.228778,0.266908,0.0381297,0,0.0381297,0,0,0,0
72304,72316,72310,12.7,-104.087,39.1603,168.705,-49.4423,371.966,12.9133,2.33672,120.466,0.154661,0.000687358,3.78594,2.64135,2.78809,1.84895,0.939148,0.557619,0.17609,0.117393,0.0586967,0,0,0,0,0,0
72331,72352,72342,12.6,-104.08,39.1562,171.503,-49.2514,370.543,12.6246,2.58303,164.172,0.190674,0.000849816,3.27306,2.85743,2.28594,2.19935,1.03907,0.415626,0.31172,0.173178,0.0346355,0,0.0173178,0,0.0173178,0,0
72353,72384,72368,12.5,-104.074,39.1528,173.836,-49.4062,368.851,13.5804,2.48945,135.34,0.163096,0.000715915,3.78684,3.16955,2.40981,2.27922,1.104,0.451097,0.213677,0.11871,0.0237419,0.011871,0,0.011871,0,0,0
72385,72416,72400,12.4,-104.063,39.1476,177.232,-49.9054,366.002,14.0142,2.62837,150.162,0.171394,0.000735302,3.92868,3.01981,2.49207,2.43344,1.37797,0.322504,0.293185,0.117274,0,0,0,0.0293185,0,0,0
72417,72448,72432,12.3,-104.057,39.1443,179.143,-50.6111,363.732,13.8874,2.52942,135.661,0.160899,0.000781799,4.34664,3.14379,2.39202,1.88628,1.1345,0.574084,0.218699,0.123018,0.041006,0.0273373,0,0,0,0,0
72449,72477,72463,12.2,-104.048,39.1395,182.254,-50.6179,361.941,15.0188,2.51958,124.411,0.148134,0.000644394,4.53296,3.46798,3.03107,2.04802,1.25612,0.436911,0.136535,0.0546139,0.027307,0.027307,0,0,0,0,0
72478,72506,72492,12.1,-104.042,39.1367,184.427,-50.7341,360.516,13.698,2.39083,116.311,0.145947,0.000628421,4.30316,2.8162,2.23043,2.41067,1.08142,0.563241,0.157707,0.135178,0,0,0,0,0,0,0
72507,72525,72516,12,-104.035,39.1327,187.225,-50.4918,359.362,14.0617,2.3742,117.615,0.148616,0.000648011,4.69473,2.92017,2.40352,2.44845,0.988364,0.15724,0.292017,0.112314,0.0449256,0,0,0,0,0,0
72549,72563,72556,11.9,-104.024,39.127,191.289,-50.6873,356.856,14.2717,2.44234,120.917,0.148526,0.000673996,4.8422,3.03275,2.31916,2.29367,0.866499,0.458735,0.356794,0.0764558,0.0254853,0,0,0,0,0,0
72565,72591,72578,11.8,-104.018,39.1242,193.429,-51.8496,353.868,14.3654,2.47336,128.192,0.155488,0.000643334,4.22252,3.38097,2.58371,2.52465,0.989191,0.310045,0.177168,0.162404,0,0,0.014764,0,0,0,0
72610,72622,72616,11.7,-104.007,39.1194,196.984,-51.2223,353.018,13.3136,2.23403,104.832,0.140775,0.000538046,4.40594,2.5861,2.2349,2.29875,1.08552,0.510834,0.0957813,0.0957813,0,0,0,0,0,0,0
72633,72664,72648,11.6,-103.996,39.1154,199.763,-50.9875,351.984,14.2093,2.52477,133.532,0.158666,0.000694312,4.42997,3.02297,2.46574,2.28464,1.19804,0.445783,0.222892,0.097515,0.0278614,0,0.0139307,0,0,0,0
72706,72737,72722,11.4,-103.972,39.108,206.543,-50.7415,349.033,14.3398,2.34165,117.348,0.15034,0.000638417,4.90659,3.40323,2.5772,1.75117,1.12339,0.31389,0.0826026,0.0660821,0.115644,0,0,0,0,0,0
72738,72768,72753,11.3,-103.963,39.1058,209.601,-49.9,348.878,15.37,2.55383,132.13,0.155214,0.000652868,5.15792,3.64612,2.50485,2.23806,1.12644,0.385362,0.133395,0.148216,0.0148216,0,0,0.0148216,0,0,0
72769,72797,72783,11.2,-103.955,39.1038,212.418,-49.3882,348.351,16.3326,2.65869,123.907,0.139814,0.000633993,5.10897,3.5803,3.25848,2.53437,1.20684,0.321825,0.160912,0.160912,0,0,0,0,0,0,0
72798,72827,72812,11.1,-103.946,39.1011,215.894,-49.491,346.583,15.7705,2.53354,118.686,0.140537,0.000613938,5.53739,3.41103,2.58411,2.49552,0.989346,0.428225,0.221495,0.0885982,0.0147664,0,0,0,0,0,0
72828,72833,72830,11,-103.941,39.0989,217.764,-49.902,345.096,16.4603,2.61816,124.613,0.142787,0.000669431,6.30393,3.58974,2.36397,2.27642,1.22576,0.262664,0.262664,0.175109,0,0,0,0,0,0,0
72861,72891,72876,10.9,-103.931,39.0937,222.411,-50.4042,342.241,18.1875,3.5345,260.293,0.220931,0.00111936,5.2164,4.42462,3.14381,3.07395,1.25752,0.512325,0.302737,0.139725,0.0698625,0,0,0.0232875,0,0.0232875,0
72903,72907,72905,10.8,-103.924,39.0894,225.724,-51.19,339.598,19.1376,3.58371,180.413,0.151028,0.00101177,5.12132,3.41421,4.49239,2.69543,2.0665,0.898477,0.179695,0.269543,0,0,0,0,0,0,0
72938,72956,72947,10.7,-103.914,39.0822,229.898,-51.56,337.267,20.463,3.41102,169.319,0.148917,0.000836069,6.02729,4.83671,3.94378,3.19967,1.56263,0.669699,0.148822,0,0,0.074411,0,0,0,0,0
72966,72987,72976,10.6,-103.908,39.0766,233.038,-52.0958,335.149,20.4557,3.58791,171.86,0.1437,0.000908215,5.76479,4.23991,3.90518,3.53326,1.93399,0.632267,0.297537,0.148769,0,0,0,0,0,0,0
72988,73031,73010,10.5,-103.901,39.0689,236.879,-52.3552,333.19,21.3221,3.88672,195.162,0.150638,0.0010657,5.6644,4.58985,4.02188,3.73021,2.04164,0.767534,0.307014,0.153507,0.0307014,0.0153507,0,0,0,0,0
73058,73061,73060,10.4,-103.892,39.0593,241.625,-51.725,332.256,21.9916,3.93136,188.064,0.14351,0.000988275,5.91652,4.57693,3.90714,4.1304,2.23265,0.781428,0.334898,0.111633,0,0,0,0,0,0,0
73084,73101,73092,10.3,-103.886,39.0515,245.225,-52.565,329.604,22.5584,4.03226,203.497,0.151401,0.00117116,6.55637,5.22287,4.445,3.22262,1.44462,0.777875,0.66675,0.22225,0,0,0,0,0,0,0
73102,73134,73118,10.2,-103.881,39.045,248.739,-52.3872,328.525,21.5808,3.50377,161.058,0.137902,0.000805998,6.45199,5.29014,3.83164,3.535,1.53266,0.593287,0.197762,0.148322,0,0,0,0,0,0,0
73135,73136,73136,10.1,-103.88,39.0421,250.135,-52.72,327.501,20.6838,3.36011,149.505,0.133482,0.000709929,5.56016,5.56016,3.5585,3.33609,1.77925,0.667219,0.222406,0,0,0,0,0,0,0,0
73175,73197,73186,10,-103.874,39.0293,255.697,-52.8572,325.253,25.0643,4.1124,210.386,0.153477,0.00103647,8.678,6.11687,4.05305,2.88438,2.11355,0.795691,0.248653,0.0994614,0.0497307,0,0.0248653,0,0,0,0
