data/B2SAP/Locations/Boulder/NOAA-POPS-B2SAP_GMLBalloon_20240627_R0.ict
82,1001
Thornberry, T. D.
NOAA Chemical Sciences Laboratory
Portable Optical Particle Spectrometer (POPS)
Balloon Baseline Stratospheric Aerosol Profiles (B2SAP)
1,1
2024,06,27,2024,07,24
0
TIME_START,s,Seconds since midnight UTC on flight start day,Start time of 100 m altitude bin in UTC_seconds_since_midnight
49
1.0,1.0,1.0,1.0,1.0,1.0,1.0,1.0,1.0,1.0,1.0,1.0,1.0,1.0,1.0,1.0,1.0,1.0,1.0,1.0,1.0,1.0,1.0,1.0,1.0,1.0,1.0,1.0,1.0,1.0,1.0,1.0,1.0,1.0,1.0,1.0,1.0,1.0,1.0,1.0,1.0,1.0,1.0,1.0,1.0,1.0,1.0,1.0,1.0
99999,99999,99999,99999,99999,99999,99999,99999,99999,99999,99999,99999,99999,99999,99999,99999,99999,99999,99999,99999,99999,99999,99999,99999,99999,99999,99999,99999,99999,99999,99999,99999,99999,99999,99999,99999,99999,99999,99999,99999,99999,99999,99999,99999,99999,99999,99999,99999,99999
TIME_STOP,s,End time of 100 m altitude bin in UTC seconds since midnight,
TIME_MID,s,Mid time of 100 m altitude in UTC seconds since midnight,
GPSAlt,km,GPS reported altitude above sea level (km),
GPS_Lon,deg,GPS reported longitude,
GPS_Lat,deg,GPS reported latitude,
iMet_Pressure,hPa,Pressure reported (hPa),
iMet_Temperature,degrees C,Ambient temperature (oC),
THETA,K,Potential temperature from iMet,
Aerosol_concentration,cm^-3,Aerosol concentration,
Surface_Area_Conc,um^2 cm^-3,Surface area concentration,
Volume_density,um^3 cm^-3,Volume density,
Effective_radius,um,Effective radius,
Extinction,km^-1,Extinction,
Bin01,cm^-3,particle concentration in size range [140 - 146.14 nm],
Bin02,cm^-3,particle concentration in size range [146.14 - 152.56 nm],
Bin03,cm^-3,particle concentration in size range [152.56 - 159.25 nm],
Bin04,cm^-3,particle concentration in size range [159.25 - 166.24 nm],
Bin05,cm^-3,particle concentration in size range [166.24 - 173.54 nm],
Bin06,cm^-3,particle concentration in size range [173.54 - 181.16 nm],
Bin07,cm^-3,particle concentration in size range [181.16 - 189.11 nm],
Bin08,cm^-3,particle concentration in size range [189.11 - 197.41 nm],
Bin09,cm^-3,particle concentration in size range [197.41 - 206.07 nm],
Bin10,cm^-3,particle concentration in size range [206.07 - 215.12 nm],
Bin11,cm^-3,particle concentration in size range [215.12 - 224.56 nm],
Bin12,cm^-3,particle concentration in size range [224.56 - 234.41 nm],
Bin13,cm^-3,particle concentration in size range [234.41 - 244.70 nm],
Bin14,cm^-3,particle concentration in size range [244.70 - 361.30 nm],
Bin15,cm^-3,particle concentration in size range [361.30 - 472.80 nm],
Bin16,cm^-3,particle concentration in size range [472.80 - 567.00 nm],
Bin17,cm^-3,particle concentration in size range [567.00 - 610.66 nm],
Bin18,cm^-3,particle concentration in size range [610.66 - 657.69 nm],
Bin19,cm^-3,particle concentration in size range [657.69 - 708.33 nm],
Bin20,cm^-3,particle concentration in size range [708.33 - 762.88 nm],
Bin21,cm^-3,particle concentration in size range [762.88 - 821.62 nm],
Bin22,cm^-3,particle concentration in size range [821.62 - 884.89 nm],
Bin23,cm^-3,particle concentration in size range [884.89 - 953.03 nm],
Bin24,cm^-3,particle concentration in size range [953.03 - 1026.42 nm],
Bin25,cm^-3,particle concentration in size range [1026.42 - 1105.46 nm],
Bin26,cm^-3,particle concentration in size range [1105.46 - 1190.59 nm]],
[...]
LOCATION: Boulder, CO, USA
ASSOCIATED_DATA: N/A
INSTRUMENT_INFO: Printed Optical Particle Spectrometer counts particles from 140 - 2500 nm in diameter 
DATA_INFO: Particle concentrations reported in number per cubic centimeter, binned to 100 m altitude
UNCERTAINTY: Counting uncertainty dominated by air flow, less than 5 percent
ULOD_FLAG: -77777
ULOD_VALUE: 3000 ~3000 per cm3 (varies depending on flow rate- manufacturer quotes 1250  per cm3 at 1.667 cc/s)
LLOD_FLAG: -88888
LLOD_VALUE: 0 0 (varies depending on data field and measurement precision)
DM_CONTACT_INFO: Troy Thornberry, 325 Broadway R/CSL6, Boulder, CO 80305; troy.thornberry@noaa.gov; 303-497-3373
PROJECT_INFO: B2SAP Boulder, CO, USA
STIPULATIONS_ON_USE: Please contact the PIs for questions regarding applications and uncertainties
OTHER_COMMENTS: POPS bin Edges (nm):  140, 146.14, 152.56, 159.25, 166.24, 173.54, 181.16, 189.11, 197.41, 206.07, 215.12, 224.56, 234.41, 244.70, 361.30, 472.80, 567.00, 610.66, 657.69, 708.33, 762.88, 821.62, 884.89, 953.03, 1026.42, 1105.46, 1190.59, 1282.27, 1381.01, 1487.36, 1601.89, 1725.25, 1858.10, 2001.18, 2155.28, 2321.25, 2500
Calculations assume sulfate refractive index of 1.45+0.00j and extinction wavelength = 532 nm
REVISION: R0
R0: QA/QC data
TIME_START,TIME_STOP,TIME_MID,GPSAlt,GPS_Lon,GPS_Lat,iMet_Pressure,iMet_Temperature,THETA,Aerosol_concentration,Surface_Area_Conc,Volume_density,Effective_radius,Extinction,Bin01,Bin02,Bin03,Bin04,Bin05,Bin06,Bin07,Bin08,Bin09,Bin10,Bin11,Bin12,Bin13,Bin14,Bin15,Bin16,Bin17,Bin18,Bin19,Bin20,Bin21,Bin22,Bin23,Bin24,Bin25,Bin26,Bin27,Bin28,Bin29,Bin30,Bin31,Bin32,Bin33,Bin34,Bin35,Bin36
[from data line 192]
66605,66627,66616,20.7,-104.327,40.2058,53.697,-60.7126,489.896,3.35552,0.867215,69.5272,0.240519,0.000434076,0.378087,0.224489,0.307196,0.259935,0.24812,0.236304,0.165413,0.0945218,0.129967,0.0590761,0.141783,0.0472609,0.0354457,0.578946,0.165413,0.118152,0.0354457,0.0590761,0.0118152,0.0118152,0.0118152,0.0118152,0.0118152,0,0,0,0.0118152,0,0,0,0,0,0,0,0,0
66628,66650,66639,20.8,-104.328,40.2078,52.8378,-60.5865,492.453,3.20437,0.956758,81.718,0.256234,0.0005276,0.212054,0.388766,0.294519,0.141369,0.223835,0.0942462,0.176712,0.106027,0.176712,0.0824654,0.0706847,0.0471231,0.129589,0.471231,0.270958,0.117808,0.0589039,0.0235616,0.0117808,0.0471231,0.0117808,0.0117808,0.0235616,0,0,0,0.0117808,0,0,0,0,0,0,0,0,0
66651,66674,66662,20.9,-104.328,40.21,52.0329,-60.8175,494.079,2.7761,0.68154,47.5411,0.209266,0.000319075,0.237952,0.237952,0.260614,0.169965,0.158634,0.124641,0.169965,0.0906482,0.0793172,0.124641,0.0906482,0.101979,0.0679862,0.430579,0.237952,0.101979,0.0226621,0.011331,0.0226621,0.011331,0.011331,0,0,0.011331,0,0,0,0,0,0,0,0,0,0,0,0
66675,66699,66687,21,-104.328,40.2116,51.2292,-60.0856,497.99,2.98528,0.960389,81.582,0.25484,0.000523881,0.173689,0.141122,0.238822,0.238822,0.206255,0.0976999,0.0976999,0.0868444,0.108555,0.173689,0.0976999,0.162833,0.0759888,0.412511,0.358233,0.119411,0.0217111,0.0651333,0.0651333,0,0.0108555,0,0.0108555,0,0.0108555,0,0.0108555,0,0,0,0,0,0,0,0,0
66700,66724,66712,21.1,-104.328,40.2127,50.4284,-59.1096,502.53,2.83039,0.864523,66.4679,0.230652,0.000490651,0.194454,0.205257,0.248469,0.129636,0.194454,0.0864241,0.162045,0.0864241,0.129636,0.118833,0.075621,0.075621,0.021606,0.518544,0.248469,0.129636,0.0864241,0.021606,0.032409,0.021606,0.021606,0.021606,0,0,0,0,0,0,0,0,0,0,0,0,0,0
66725,66747,66736,21.2,-104.328,40.2137,49.657,-59.0196,504.963,2.71409,0.770311,54.8269,0.213525,0.000395873,0.27601,0.218508,0.230008,0.149505,0.0920032,0.103504,0.126504,0.0690024,0.057502,0.0805028,0.0920032,0.103504,0.0690024,0.448515,0.356512,0.115004,0.0345012,0.0230008,0.0460016,0,0.0115004,0.0115004,0,0,0,0,0,0,0,0,0,0,0,0,0,0
66748,66772,66760,21.3,-104.327,40.2149,48.8836,-59.3012,506.564,2.31655,0.611983,42.1554,0.20665,0.000300608,0.255213,0.157054,0.206134,0.147238,0.147238,0.117791,0.0883431,0.0392636,0.0981589,0.0687113,0.0392636,0.0490795,0.00981589,0.461347,0.255213,0.0785272,0.00981589,0.0392636,0.0392636,0,0,0.00981589,0,0,0,0,0,0,0,0,0,0,0,0,0,0
66773,66798,66786,21.4,-104.326,40.2159,48.1258,-58.7331,510.182,2.76272,0.860324,63.7906,0.222442,0.000486481,0.263116,0.18794,0.197337,0.103367,0.131558,0.150352,0.103367,0.131558,0.103367,0.0563821,0.0563821,0.0657791,0.037588,0.554424,0.244322,0.197337,0.037588,0.0563821,0.046985,0.037588,0,0,0,0,0,0,0,0,0,0,0,0,0,0,0,0
66799,66820,66810,21.5,-104.325,40.2163,47.3905,-58.4555,513.096,2.30639,0.707801,49.4689,0.209673,0.000374809,0.0997956,0.155238,0.166326,0.133061,0.110884,0.110884,0.0332652,0.0997956,0.0997956,0.0110884,0.199591,0.0887072,0.0776188,0.321564,0.266122,0.232856,0.055442,0.0332652,0,0.0110884,0,0,0,0,0,0,0,0,0,0,0,0,0,0,0,0
66821,66842,66832,21.6,-104.324,40.2159,46.6609,-58.32,515.696,2.40558,0.795847,109.286,0.411962,0.000435892,0.233876,0.211602,0.200465,0.144781,0.178191,0.11137,0.122507,0.0890957,0.0779588,0.0779588,0.0779588,0.0445479,0.0779588,0.334109,0.167054,0.133644,0.0445479,0,0.0334109,0.0222739,0.011137,0,0,0,0,0,0,0,0,0,0,0,0,0,0.011137,0
66843,66866,66854,21.7,-104.324,40.2153,45.9408,-57.2463,520.584,2.54372,0.818169,62.5997,0.229536,0.000464424,0.1716,0.161506,0.141318,0.161506,0.141318,0.111035,0.141318,0.0706589,0.100941,0.080753,0.080753,0.0605647,0.0706589,0.434047,0.29273,0.111035,0.121129,0.0100941,0.0504706,0.0100941,0,0.0100941,0.0100941,0,0,0,0,0,0,0,0,0,0,0,0,0
66867,66890,66878,21.8,-104.325,40.2146,45.2183,-57.4212,522.524,2.4421,0.733787,52.8066,0.215894,0.000387903,0.101332,0.111465,0.212797,0.162131,0.101332,0.101332,0.151998,0.0810655,0.0709323,0.0810655,0.0810655,0.0607991,0.131731,0.47626,0.22293,0.162131,0.050666,0.0303996,0.0303996,0,0.0101332,0.0101332,0,0,0,0,0,0,0,0,0,0,0,0,0,0
66891,66912,66902,21.9,-104.327,40.2141,44.5205,-57.5832,524.458,2.33407,0.766755,60.0409,0.234915,0.000446757,0.154867,0.165929,0.110619,0.199115,0.199115,0.121681,0.110619,0.0663716,0.0553096,0.0442477,0.0774335,0.0221239,0.0442477,0.331858,0.353982,0.0774335,0.0884954,0.0221239,0.0553096,0.0110619,0,0.0110619,0.0110619,0,0,0,0,0,0,0,0,0,0,0,0,0
66913,66936,66924,22,-104.33,40.2133,43.8446,-57.5133,526.925,2.39893,0.740363,55.4367,0.224633,0.000414801,0.161953,0.131587,0.141709,0.121465,0.141709,0.0809764,0.141709,0.0910985,0.0708544,0.0809764,0.101221,0.101221,0.0404882,0.516225,0.182197,0.131587,0.0303662,0.0506103,0.0303662,0.0303662,0.0202441,0,0,0,0,0,0,0,0,0,0,0,0,0,0,0
66937,66957,66947,22.1,-104.332,40.213,43.1781,-57.3205,529.71,2.29623,0.68761,49.2694,0.214959,0.000367154,0.265394,0.115389,0.080772,0.080772,0.115389,0.126927,0.150005,0.0692332,0.0923109,0.0923109,0.0692332,0.0461554,0.0461554,0.426938,0.253855,0.138466,0.0461554,0.0115389,0.0461554,0.0230777,0,0,0,0,0,0,0,0,0,0,0,0,0,0,0,0
66958,66980,66969,22.2,-104.335,40.2131,42.5417,-57.673,531.092,2.24884,0.736007,57.2477,0.233344,0.00040642,0.105579,0.168927,0.0950214,0.147811,0.0844635,0.0950214,0.105579,0.137253,0.0950214,0.0633476,0.0739055,0.0739055,0.0211159,0.443433,0.232274,0.158369,0.0739055,0.0316738,0.0105579,0.0105579,0,0.0105579,0,0,0.0105579,0,0,0,0,0,0,0,0,0,0,0
66981,67004,66992,22.3,-104.337,40.2135,41.8762,-57.1808,534.708,2.25891,0.814819,66.5468,0.245012,0.000496355,0.151945,0.0810371,0.121556,0.131685,0.131685,0.121556,0.101296,0.0607778,0.0607778,0.0607778,0.0506482,0.101296,0.0607778,0.435574,0.202593,0.222852,0.0405185,0.0202593,0.0405185,0.0202593,0,0.0303889,0.0101296,0,0,0,0,0,0,0,0,0,0,0,0,0
67005,67028,67016,22.4,-104.338,40.2144,41.2404,-56.9004,537.746,2.27101,0.752719,57.1012,0.22758,0.000426609,0.111027,0.131214,0.151401,0.0908403,0.0908403,0.0504668,0.12112,0.111027,0.100934,0.080747,0.0403735,0.111027,0.080747,0.454202,0.232148,0.141307,0.0605602,0.0302801,0.0605602,0.0100934,0,0,0.0100934,0,0,0,0,0,0,0,0,0,0,0,0,0
67029,67051,67040,22.5,-104.339,40.2154,40.6161,-56.143,541.989,2.09638,0.549135,39.6449,0.216586,0.000283602,0.146747,0.167711,0.157229,0.125783,0.209638,0.0628915,0.115301,0.0524096,0.0943372,0.0838553,0.115301,0.0524096,0.0524096,0.324939,0.157229,0.0628915,0.0314457,0.0209638,0.0314457,0.0104819,0.0104819,0.0104819,0,0,0,0,0,0,0,0,0,0,0,0,0,0
67052,67076,67064,22.6,-104.341,40.2169,39.9964,-55.6432,545.627,2.00913,0.505952,33.1711,0.196685,0.000223438,0.2608,0.13523,0.13523,0.0869333,0.0869333,0.0772741,0.106252,0.106252,0.0482963,0.0289778,0.0482963,0.0579555,0.038637,0.453985,0.202844,0.0869333,0.0193185,0.00965926,0.00965926,0,0,0,0.00965926,0,0,0,0,0,0,0,0,0,0,0,0,0
67077,67100,67088,22.7,-104.343,40.2181,39.3933,-55.2896,548.895,1.93151,0.679054,55.2595,0.244132,0.00041807,0.180141,0.130102,0.100078,0.150118,0.110086,0.0700549,0.0800627,0.0600471,0.0200157,0.0500392,0.0600471,0.0300235,0.0400314,0.340267,0.200157,0.150118,0.0500392,0.0400314,0.0200157,0.0100078,0.0100078,0.0300235,0,0,0,0,0,0,0,0,0,0,0,0,0,0
67101,67121,67111,22.8,-104.346,40.2191,38.791,-55.0967,551.804,1.89856,0.567931,39.5523,0.208929,0.000287534,0.0805451,0.138077,0.19561,0.0805451,0.103558,0.0575322,0.0460258,0.0460258,0.126571,0.0460258,0.0230129,0.0690387,0.0575322,0.3567,0.287661,0.115064,0.0115064,0.0115064,0.0345193,0,0.0115064,0,0,0,0,0,0,0,0,0,0,0,0,0,0,0
67122,67145,67134,22.9,-104.347,40.2198,38.2229,-55.5717,552.928,1.76885,0.580245,43.6278,0.225566,0.00032534,0.130654,0.140704,0.120604,0.110553,0.0804025,0.0402012,0.0402012,0.0703522,0.0603019,0.0502516,0.0502516,0.0201006,0.0502516,0.33166,0.241207,0.140704,0.0100503,0.0201006,0.0402012,0,0.0100503,0.0100503,0,0,0,0,0,0,0,0,0,0,0,0,0,0
67146,67167,67156,23,-104.348,40.2205,37.6268,-55.4273,555.786,1.89483,0.639574,50.4852,0.236807,0.000382308,0.0991479,0.165246,0.110164,0.121181,0.077115,0.0991479,0.0991479,0.077115,0.0881314,0.0220329,0.0440657,0.0330493,0.0660986,0.319476,0.165246,0.176263,0.0330493,0.0440657,0.0220329,0,0.0110164,0.0220329,0,0,0,0,0,0,0,0,0,0,0,0,0,0
67168,67188,67178,23.1,-104.35,40.2211,37.0748,-54.7481,559.875,2.13945,0.721196,56.1395,0.233527,0.000432525,0.217377,0.12585,0.102968,0.0572044,0.137291,0.0915271,0.102968,0.0457636,0.0915271,0.0686453,0.0686453,0.0686453,0.0800862,0.320345,0.240259,0.171613,0.0114409,0.0457636,0.0343227,0.0457636,0.0114409,0,0,0,0,0,0,0,0,0,0,0,0,0,0,0
67189,67211,67200,23.2,-104.351,40.2213,36.5032,-55.0105,561.693,1.8664,0.54958,39.4003,0.215075,0.000292905,0.120767,0.0878305,0.0988093,0.175661,0.142725,0.131746,0.0329364,0.0658729,0.0658729,0.0439152,0.0768517,0.0439152,0.0658729,0.285449,0.230555,0.0768517,0.0658729,0,0.0329364,0.0219576,0,0,0,0,0,0,0,0,0,0,0,0,0,0,0,0
67212,67233,67222,23.3,-104.353,40.2213,35.9295,-55.1955,563.762,1.92292,0.467984,32.715,0.209719,0.000213388,0.197786,0.219763,0.109881,0.131858,0.142846,0.109881,0.0549407,0.0659288,0.0879051,0.076917,0.0219763,0.0329644,0.0439525,0.29668,0.230751,0.0549407,0,0.0219763,0,0,0,0,0.0219763,0,0,0,0,0,0,0,0,0,0,0,0,0
67234,67253,67244,23.4,-104.354,40.2212,35.388,-55.041,566.614,1.78924,0.586857,46.6933,0.238695,0.000359887,0.193432,0.0967159,0.120895,0.108805,0.0604474,0.0967159,0.0846264,0.0483579,0.0846264,0.0362685,0.0725369,0.0604474,0.0362685,0.290148,0.120895,0.108805,0.0604474,0.0483579,0.0120895,0.0362685,0,0.0120895,0,0,0,0,0,0,0,0,0,0,0,0,0,0
67254,67276,67265,23.5,-104.356,40.221,34.8691,-55.4996,567.815,1.79141,0.551972,42.6602,0.231861,0.000319451,0.189678,0.158065,0.105377,0.115914,0.0737638,0.0526884,0.105377,0.0526884,0.0526884,0.0632261,0.0737638,0.0421507,0.0737638,0.221291,0.168603,0.115914,0.0421507,0.0210754,0.0421507,0.0105377,0,0,0.0105377,0,0,0,0,0,0,0,0,0,0,0,0,0
67277,67298,67288,23.6,-104.356,40.2205,34.34,-55.6445,569.922,2.0724,0.540675,37.6182,0.208729,0.000276662,0.230267,0.219302,0.153511,0.131581,0.120616,0.0657905,0.0986858,0.0548254,0.0438603,0.109651,0.0767556,0.0438603,0.0438603,0.285092,0.219302,0.0657905,0.0109651,0.0438603,0.0548254,0,0,0,0,0,0,0,0,0,0,0,0,0,0,0,0,0
67299,67320,67310,23.7,-104.357,40.2198,33.8368,-55.3114,573.206,1.85923,0.555773,40.4724,0.218466,0.000302281,0.121015,0.088011,0.198025,0.088011,0.0770096,0.088011,0.0550069,0.088011,0.088011,0.0330041,0.0660082,0.110014,0.0220027,0.352044,0.154019,0.121015,0.0440055,0.0220027,0.0110014,0.0220027,0.0110014,0,0,0,0,0,0,0,0,0,0,0,0,0,0,0
67321,67345,67333,23.8,-104.359,40.2192,33.3324,-54.9556,576.614,1.85384,0.544752,41.105,0.226369,0.000292764,0.12552,0.202764,0.115865,0.0579325,0.0965541,0.115865,0.154487,0.0193108,0.0675879,0.0386217,0.0579325,0.0193108,0.0386217,0.376561,0.183453,0.0965541,0.00965541,0.0193108,0.0193108,0.00965541,0,0.0289662,0,0,0,0,0,0,0,0,0,0,0,0,0,0
67346,67368,67357,23.9,-104.361,40.2189,32.8222,-54.6017,580.096,1.97295,0.637149,47.1591,0.222047,0.000357308,0.146922,0.104944,0.0944497,0.115439,0.0734609,0.0629665,0.0629665,0.125933,0.104944,0.0629665,0.0629665,0.0839553,0.0209888,0.346316,0.251866,0.125933,0.0209888,0.0314832,0.0524721,0.0209888,0,0,0,0,0,0,0,0,0,0,0,0,0,0,0,0
67369,67396,67382,24,-104.363,40.219,32.3225,-53.5843,585.359,1.59217,0.456244,37.4096,0.245984,0.000257035,0.102721,0.154081,0.171201,0.0770404,0.0941605,0.0941605,0.111281,0.0256801,0.111281,0.0770404,0.0171201,0.0342402,0,0.256801,0.111281,0.0513603,0.00856005,0.0428002,0.0171201,0.00856005,0,0,0.0171201,0.00856005,0,0,0,0,0,0,0,0,0,0,0,0
67397,67421,67409,24.1,-104.364,40.2193,31.8228,-53.0768,589.33,1.9448,0.504118,34.0882,0.202859,0.000247933,0.182926,0.173299,0.0962771,0.134788,0.105905,0.134788,0.0866494,0.0962771,0.067394,0.0577662,0.0288831,0.0866494,0.0481385,0.269576,0.202182,0.0866494,0.0288831,0.0192554,0.0385108,0,0,0,0,0,0,0,0,0,0,0,0,0,0,0,0,0
67422,67443,67432,24.2,-104.367,40.2199,31.3468,-52.5377,593.324,1.60483,0.51939,37.5535,0.216909,0.000285872,0.0764205,0.0873377,0.109172,0.0655033,0.0982549,0.120089,0.0436688,0.0436688,0.0764205,0.0327516,0.0655033,0.0327516,0.0436688,0.27293,0.207427,0.141924,0.0327516,0.0218344,0.0218344,0.0109172,0,0,0,0,0,0,0,0,0,0,0,0,0,0,0,0
67444,67463,67454,24.3,-104.369,40.2208,30.902,-52.2995,596.393,1.65594,0.584407,46.8426,0.240462,0.000359854,0.146113,0.0852323,0.0730563,0.0974083,0.146113,0.0487042,0.0365281,0.0608802,0.0365281,0.0365281,0.0487042,0.0730563,0.0243521,0.304401,0.194817,0.0974083,0.0243521,0.0365281,0.0365281,0.0243521,0.0243521,0,0,0,0,0,0,0,0,0,0,0,0,0,0,0
67464,67484,67474,24.4,-104.372,40.2221,30.469,-52.4071,598.51,1.65463,0.478234,34.209,0.214595,0.000255857,0.21123,0.11735,0.082145,0.105615,0.04694,0.09388,0.082145,0.035205,0.058675,0.058675,0.04694,0.02347,0.011735,0.32858,0.199495,0.035205,0.035205,0.058675,0,0.02347,0,0,0,0,0,0,0,0,0,0,0,0,0,0,0,0
67485,67506,67496,24.5,-104.375,40.2237,30.0177,-51.8073,602.701,1.60453,0.519054,41.2523,0.238428,0.000305112,0.170695,0.0796575,0.147935,0.0796575,0.0910371,0.0568982,0.0682779,0.0568982,0.0227593,0.0455186,0.0341389,0.0455186,0.0341389,0.31863,0.147935,0.0796575,0.0341389,0.0341389,0.0227593,0,0.0113796,0.0227593,0,0,0,0,0,0,0,0,0,0,0,0,0,0
67507,67527,67517,24.6,-104.378,40.2249,29.5752,-51.44,606.266,1.5773,0.446668,30.3482,0.203831,0.00022676,0.145597,0.109198,0.0727986,0.109198,0.0970648,0.0363993,0.0970648,0.0606655,0.0363993,0.0121331,0.0485324,0.0970648,0.0363993,0.279061,0.145597,0.121331,0.0363993,0.0363993,0,0,0,0,0,0,0,0,0,0,0,0,0,0,0,0,0,0
67528,67549,67538,24.7,-104.38,40.226,29.1259,-51.5332,608.671,1.70959,0.581782,45.0419,0.232262,0.000342999,0.104669,0.0930387,0.104669,0.069779,0.127928,0.0465193,0.0814089,0.0930387,0.0814089,0.069779,0.0116298,0.0116298,0.0465193,0.337265,0.151188,0.151188,0.0465193,0.0348895,0.0232597,0,0.0116298,0.0116298,0,0,0,0,0,0,0,0,0,0,0,0,0,0
67550,67571,67560,24.8,-104.381,40.2268,28.7036,-51.9205,610.147,1.57521,0.485782,35.8782,0.22157,0.000269111,0.070532,0.141064,0.070532,0.0587767,0.0940427,0.129309,0.0940427,0.0587767,0.0235107,0.0587767,0.0587767,0.0470213,0.035266,0.270373,0.188085,0.0587767,0.035266,0.035266,0.035266,0,0.0117553,0,0,0,0,0,0,0,0,0,0,0,0,0,0,0
67572,67592,67582,24.9,-104.383,40.2271,28.2857,-52.07,612.296,1.58704,0.531981,45.7381,0.257931,0.000317125,0.0874747,0.162453,0.124964,0.0749783,0.0749783,0.0624819,0.0499855,0.0874747,0.112467,0.0499855,0.0124964,0.0374891,0.0249928,0.287417,0.112467,0.124964,0.0249928,0.0124964,0.0124964,0,0.0124964,0.0124964,0.0124964,0.0124964,0,0,0,0,0,0,0,0,0,0,0,0
67593,67613,67603,25,-104.384,40.2268,27.8705,-51.9705,615.163,1.39539,0.469849,38.6043,0.24649,0.000279842,0.101483,0.101483,0.0380561,0.0887975,0.0253707,0.0634268,0.0380561,0.0887975,0.0761122,0.0380561,0.0634268,0.0761122,0.0507415,0.241022,0.126854,0.0507415,0.0380561,0.0126854,0.0507415,0,0,0.0126854,0.0126854,0,0,0,0,0,0,0,0,0,0,0,0,0
67614,67637,67626,25.1,-104.386,40.2258,27.4396,-51.9967,617.838,1.3277,0.383503,27.4042,0.214373,0.000206447,0.101265,0.146272,0.0900136,0.0562585,0.0562585,0.0450068,0.0562585,0.0675102,0.0787619,0.0225034,0.0562585,0.0337551,0.0337551,0.191279,0.13502,0.0787619,0.0225034,0.0225034,0.0337551,0,0,0,0,0,0,0,0,0,0,0,0,0,0,0,0,0
67638,67659,67648,25.2,-104.388,40.225,27.0286,-51.4991,621.902,1.66986,0.714625,68.4381,0.287303,0.000503117,0.18554,0.123693,0.111324,0.123693,0.0247387,0.0742161,0.037108,0.0618467,0.0618467,0.0123693,0.0742161,0.0247387,0.037108,0.222648,0.160802,0.111324,0.0618467,0.0247387,0.0494774,0.0123693,0.0123693,0.0123693,0.0494774,0,0,0,0,0,0,0,0,0,0,0,0,0
