data/B2SAP/Locations/Boulder/NOAA-POPS-B2SAP_GMLBalloon_20210709_R0.ict
61,1001
Thornberry, T. D.
NOAA Chemical Sciences Laboratory
Portable Optical Particle Spectrometer (POPS)
Balloon Baseline Stratospheric Aerosol Profiles (B2SAP)
1,1
2021,07,09,2024,05,28
0
TIME_START,s,Seconds since midnight UTC on flight start day,Start time of 100 m altitude bin in UTC_seconds_since_midnight
28
1.0,1.0,1.0,1.0,1.0,1.0,1.0,1.0,1.0,1.0,1.0,1.0,1.0,1.0,1.0,1.0,1.0,1.0,1.0,1.0,1.0,1.0,1.0,1.0,1.0,1.0,1.0,1.0
99999,99999,99999,99999,99999,99999,99999,99999,99999,99999,99999,99999,99999,99999,99999,99999,99999,99999,99999,99999,99999,99999,99999,99999,99999,99999,99999,99999
TIME_STOP,s,End time of 100 m altitude bin in UTC seconds since midnight,
TIME_MID,s,Mid time of 100 m altitude in UTC seconds since midnight,
GPSAlt,m,GPS reported altitude above sea level (m),
GPS_Lon,deg,GPS reported longitude,
GPS_Lat,deg,GPS reported latitude,
iMet_Pressure,mb,Pressure reported (mB),
iMet_Temperature,degrees C,Ambient temperature (oC),
THETA,K,Potential temperature from iMet,
Aerosol_concentration,cm^-3,Aerosol concentration,
Surface_Area_Conc,um^2 cm^-3,Surface area concentration,
Volume_density,um^3 cm^-3,Volume density,
Effective_radius,um,Effective radius,
Extinction,km^-1,Extinction,
Bin01,cm^-3,particle concentration in size range [140 - 170 nm],
Bin02,cm^-3,particle concentration in size range [170 - 205 nm],
Bin03,cm^-3,particle concentration in size range [205 - 249 nm],
Bin04,cm^-3,particle concentration in size range [249 - 302 nm],
Bin05,cm^-3,particle concentration in size range [302 - 366 nm],
Bin06,cm^-3,particle concentration in size range [366 - 443 nm],
Bin07,cm^-3,particle concentration in size range [443 - 537 nm],
Bin08,cm^-3,particle concentration in size range [537 - 651 nm],
Bin09,cm^-3,particle concentration in size range [651 - 789 nm],
Bin10,cm^-3,particle concentration in size range [789 - 956 nm],
Bin11,cm^-3,particle concentration in size range [956 - 1159 nm],
Bin12,cm^-3,particle concentration in size range [1159 - 1404 nm],
Bin13,cm^-3,particle concentration in size range [1404 - 1702 nm],
Bin14,cm^-3,particle concentration in size range [1702 - 2062 nm],
Bin15,cm^-3,particle concentration in size range [2062 - 2500 nm],
0
19
PI_CONTACT_INFO: 325 Broadway R/CSL6, Boulder, CO 80305; troy.thornberry@noaa.gov; 303-497-3373 
PLATFORM: GML ECC/FPH balloon
LOCATION: Boulder, CO, USA
ASSOCIATED_DATA: N/A
INSTRUMENT_INFO: Printed Optical Particle Spectrometer counts particles from 140 - 2500 nm in diameter 
DATA_INFO: Particle concentrations reported in number per cubic centimeter, binned to 100 m altitude
UNCERTAINTY: Counting uncertainty dominated by air flow, less than 5 percent
ULOD_FLAG: -77777
ULOD_VALUE: 3000 ~3000 per cm3 (varies depending on flow rate- manufacturer quotes 1250  per cm3 at 1.667 cc/s)
LLOD_FLAG: -88888
LLOD_VALUE: 0 0 (varies depending on data field and measurement precision)
DM_CONTACT_INFO: Troy Thornberry, 325 Broadway R/CSL6, Boulder, CO 80305; troy.thornberry@noaa.gov; 303-497-3373
PROJECT_INFO: B2SAP Boulder, CO, USA
STIPULATIONS_ON_USE: Please contact the PIs for questions regarding applications and uncertainties
OTHER_COMMENTS: POPS bin Edges (nm):  140, 170, 205, 249, 302, 366, 443, 537, 651, 789, 956, 1159, 1404, 1702, 2062, 2500
Calculations assume sulfate refractive index of 1.45+0.00j and extinction wavelength = 532 nm
REVISION: R0
R0: QA/QC data
TIME_START,TIME_STOP,TIME_MID,GPSAlt,GPS_Lon,GPS_Lat,iMet_Pressure,iMet_Temperature,THETA,Aerosol_concentration,Surface_Area_Conc,Volume_density,Effective_radius,Extinction,Bin01,Bin02,Bin03,Bin04,Bin05,Bin06,Bin07,Bin08,Bin09,Bin10,Bin11,Bin12,Bin13,Bin14,Bin15
[from data line 312]
65144,65163,65154,20.6,-105.026,39.7274,51.9389,-55.9037,505.769,3.52601,0.963579,63.0036,0.196155,0.000454925,0.844464,0.562976,0.503716,0.577791,0.355564,0.281488,0.207412,0.177782,0.0148152,0,0,0,0,0,0
65164,65182,65173,20.5,-105.028,39.7265,52.77,-55.5053,504.411,4.10059,1.00298,63.3555,0.189501,0.000433676,0.917822,0.858607,0.606947,0.769786,0.355286,0.266464,0.177643,0.0888215,0.0592143,0,0,0,0,0,0
65183,65201,65192,20.4,-105.03,39.7255,53.6233,-56.1356,500.641,4.12761,1.03924,64.7268,0.186849,0.000450872,0.910272,0.894578,0.580691,0.596385,0.455136,0.313887,0.219721,0.141249,0.0156943,0,0,0,0,0,0
65202,65221,65212,20.3,-105.031,39.7246,54.5044,-55.6372,499.468,3.64773,0.921431,59.3262,0.193155,0.000412011,0.888549,0.685897,0.670309,0.389714,0.374126,0.358537,0.155886,0.0623543,0.0623543,0,0,0,0,0,0
65222,65241,65232,20.2,-105.033,39.7239,55.4188,-56.5262,495.068,4.21041,0.799967,43.1346,0.161761,0.000267849,1.51504,0.863223,0.598971,0.44042,0.334719,0.281869,0.105701,0.0704672,0,0,0,0,0,0,0
65242,65261,65252,20.1,-105.034,39.7235,56.2855,-55.931,494.226,4.63914,0.872199,45.9597,0.158082,0.00027479,1.31137,1.26906,0.634532,0.606331,0.39482,0.239712,0.141007,0.0282014,0.0141007,0,0,0,0,0,0
65262,65283,65272,20,-105.034,39.7234,57.2965,-56.78,489.804,4.95876,1.06565,62.7472,0.176645,0.00039809,1.31386,0.974799,0.974799,0.678121,0.452081,0.310806,0.11302,0.127148,0,0.0141275,0,0,0,0,0
65284,65304,65294,19.9,-105.035,39.7237,58.2438,-58.5633,483.491,4.66577,0.941888,50.0194,0.159316,0.000297394,1.13932,1.00368,0.773108,0.854487,0.420462,0.298392,0.135633,0.0271266,0.0135633,0,0,0,0,0,0
65305,65325,65315,19.8,-105.036,39.724,59.2471,-58.6248,481.005,5.07314,1.10751,65.0105,0.176099,0.000422918,1.39342,1.02816,0.811702,0.784645,0.378794,0.405851,0.148812,0.0811702,0.0405851,0,0,0,0,0,0
65326,65347,65336,19.7,-105.038,39.7241,60.2047,-59.5653,476.699,5.80164,1.0483,53.7674,0.15387,0.000309373,1.65761,1.3713,1.13019,0.768529,0.452076,0.241107,0.105484,0.0602768,0.0150692,0,0,0,0,0,0
65348,65369,65358,19.6,-105.039,39.7238,61.184,-58.799,476.215,5.51577,1.03212,54.2313,0.15763,0.000321412,1.44325,1.5004,0.743057,1.08601,0.300081,0.200054,0.171475,0.0571583,0.0142896,0,0,0,0,0,0
65370,65392,65381,19.5,-105.04,39.7232,62.2145,-58.524,474.553,6.57349,1.27408,68.967,0.162392,0.000425323,1.92082,1.66471,0.924841,0.867928,0.540676,0.355708,0.199197,0.0853699,0.0142283,0,0,0,0,0,0
65393,65413,65403,19.4,-105.041,39.7228,63.2081,-58.2843,472.936,6.74974,1.30933,70.815,0.162255,0.000427378,1.66376,1.67729,1.3256,0.973911,0.527535,0.297584,0.189372,0.0541062,0.0405796,0,0,0,0,0,0
65414,65436,65425,19.3,-105.041,39.7225,64.26,-58.7186,469.771,8.28272,1.51047,84.2079,0.167249,0.000434356,2.52142,1.87073,1.40983,1.30138,0.650689,0.27112,0.176228,0.054224,0.013556,0,0.013556,0,0,0,0
65437,65454,65446,19.2,-105.042,39.7222,65.2106,-58.5065,468.253,9.20385,1.64533,85.1385,0.155237,0.000499179,2.82296,2.32184,1.46994,1.33631,0.534525,0.38419,0.200447,0.116927,0.0167039,0,0,0,0,0,0
65456,65480,65468,19.1,-105.042,39.7215,66.3648,-59.0114,464.825,9.53272,1.61111,82.4757,0.153575,0.000457256,2.86117,2.61709,1.73569,1.17973,0.623763,0.244081,0.162721,0.0678003,0.0271201,0.0135601,0,0,0,0,0
65481,65501,65491,19,-105.043,39.721,67.4455,-59.755,461.071,10.6368,1.88819,97.5153,0.154935,0.00056287,3.26846,2.30799,2.09296,1.57689,0.745437,0.272371,0.21503,0.114683,0.043006,0,0,0,0,0,0
65502,65524,65513,18.9,-105.044,39.7207,68.6013,-60.84,456.512,12.0609,1.90308,88.0838,0.138854,0.000445117,3.70049,3.28932,2.08075,1.79418,0.685276,0.311489,0.0872169,0.0996765,0.0124596,0,0,0,0,0,0
65525,65546,65536,18.8,-105.046,39.7203,69.7324,-60.9057,454.24,11.4758,1.90871,93.6687,0.147223,0.000502734,3.14967,3.25923,2.17738,1.6707,0.629935,0.342356,0.123248,0.0684712,0.0547769,0,0,0,0,0,0
65547,65568,65558,18.7,-105.047,39.7197,70.9045,-59.717,454.611,12.3231,2.02908,98.1157,0.145064,0.000520656,3.60283,3.30872,2.39698,1.57348,0.808798,0.397046,0.117643,0.0735271,0.0441163,0,0,0,0,0,0
65569,65591,65580,18.6,-105.049,39.7185,72.1143,-61.2857,449.104,13.3159,2.0236,91.3365,0.135407,0.000424065,3.95507,3.60385,2.62654,2.0768,0.687175,0.213788,0.0610822,0.0763528,0,0.0152706,0,0,0,0,0
65592,65615,65604,18.5,-105.049,39.7168,73.3232,-62.5626,444.271,13.8875,2.27904,114.169,0.150285,0.000610828,3.92914,3.99688,2.65894,2.04925,0.592758,0.338719,0.152423,0.101616,0.0508078,0.0169359,0,0,0,0,0
65616,65638,65627,18.4,-105.049,39.7156,74.4924,-62.8118,441.751,15.9334,2.62924,128.306,0.146399,0.000667427,4.50622,3.84075,3.42245,2.69993,0.874625,0.20915,0.190136,0.152109,0.0190136,0.0190136,0,0,0,0,0
65639,65662,65650,18.3,-105.049,39.715,75.77,-62.5683,440.111,16.3522,2.64095,125.22,0.142244,0.000619383,4.30836,4.09854,3.91669,2.55984,0.92322,0.30774,0.0979173,0.0699409,0.0559527,0.0139882,0,0,0,0,0
65663,65684,65674,18.2,-105.049,39.7147,77.0967,-63.2256,436.57,16.0214,2.41463,116.558,0.144815,0.000477459,4.65196,4.634,3.32283,2.35292,0.610682,0.305341,0.0538837,0.0538837,0.0179612,0,0,0.0179612,0,0,0
65685,65709,65697,18.1,-105.048,39.7145,78.3481,-64.57,431.784,17.5097,2.63142,114.796,0.130875,0.000524385,5.02012,4.69624,3.82582,2.69224,0.789454,0.283394,0.101212,0.0809697,0.0202424,0,0,0,0,0,0
65710,65731,65720,18,-105.048,39.7146,79.6926,-63.0811,432.753,18.0922,2.68949,118.315,0.131975,0.000527091,5.16436,4.8246,4.21303,2.75206,0.679521,0.25482,0.135904,0.033976,0.016988,0.016988,0,0,0,0,0
65733,65754,65744,17.9,-105.048,39.7146,80.9311,-62.49,432.07,17.801,2.57339,108.648,0.12666,0.000479102,5.71454,4.70311,3.64112,2.5117,0.724853,0.303427,0.151713,0.0505711,0,0,0,0,0,0,0
65755,65778,65766,17.8,-105.047,39.7143,82.3691,-62.3986,430.083,18.0597,2.67732,123.04,0.13787,0.000496973,5.13905,5.13905,3.98569,2.62793,0.729979,0.277392,0.102197,0.0291992,0.0145996,0,0,0.0145996,0,0,0
65779,65803,65791,17.7,-105.045,39.7141,83.7795,-62.7605,427.27,19.3096,2.90204,126.178,0.130438,0.000575284,5.73872,4.8457,4.24548,3.08895,0.878375,0.263512,0.146396,0.0878375,0.0146396,0,0,0,0,0,0
65804,65828,65816,17.6,-105.044,39.7141,85.1433,-63.0392,424.743,19.1383,2.74101,122.897,0.134509,0.000503002,5.90007,5.76567,3.72282,2.68796,0.577911,0.295675,0.107518,0.067199,0,0,0.0134398,0,0,0,0
65830,65853,65842,17.5,-105.044,39.714,86.5881,-63.8481,421.07,20.3831,2.93957,141.021,0.14392,0.000536507,6.27052,5.9778,4.40631,2.58832,0.770335,0.18488,0.0924402,0.0616268,0,0,0.0308134,0,0,0,0
65855,65880,65868,17.4,-105.043,39.7141,88.0222,-63.4943,419.814,20.4378,2.81695,118.109,0.125784,0.000504575,6.48952,5.9417,4.56514,2.48624,0.57591,0.182606,0.112373,0.0280932,0.0561863,0,0,0,0,0,0
65881,65902,65892,17.3,-105.042,39.7138,89.442,-64.189,416.511,20.1402,2.78892,113.084,0.121643,0.000462677,6.60044,5.3094,4.3734,2.80801,0.64552,0.209794,0.16138,0.032276,0,0,0,0,0,0,0
65904,65927,65916,17.2,-105.041,39.7136,91.0279,-65.41,412.003,18.942,2.61402,114.348,0.131233,0.000429587,6.34117,5.33636,3.70694,2.66139,0.597455,0.135785,0.122207,0.027157,0,0,0,0.0135785,0,0,0
65928,65952,65940,17.1,-105.041,39.7133,92.5842,-66.4204,408.022,18.8374,2.65407,134.535,0.152071,0.000503283,6.75199,5.38795,3.51922,2.22338,0.641098,0.163685,0.0545615,0.0272808,0.0272808,0.0136404,0,0.0136404,0.0136404,0,0
65953,65977,65965,17,-105.04,39.7127,94.1474,-66.2678,406.366,18.2065,2.62976,141.783,0.161745,0.000496264,6.17771,5.1694,3.84864,2.18705,0.511259,0.142016,0.0568065,0.0568065,0.0142016,0,0,0.0284033,0.0142016,0,0
65978,66002,65990,16.9,-105.04,39.7115,95.7156,-66.5868,403.836,19.2732,2.67307,119.6,0.134227,0.000488075,6.55879,5.5239,3.85732,2.41923,0.551046,0.134402,0.134402,0.0672008,0.0134402,0,0.0134402,0,0,0,0
66003,66029,66016,16.8,-105.039,39.7096,97.3452,-66.3074,402.435,18.5856,2.41065,96.4954,0.120087,0.000385662,6.79169,5.32761,3.70086,2.06055,0.420244,0.149119,0.0677813,0.0406688,0.0271125,0,0,0,0,0,0
66030,66055,66042,16.7,-105.037,39.7078,99.0423,-66.3015,400.46,17.9871,2.52363,131.144,0.1559,0.00047863,6.61644,4.89532,3.66796,2.13024,0.380904,0.0987528,0.0705377,0.0846452,0,0,0.0423226,0,0,0,0
66056,66081,66068,16.6,-105.035,39.7062,100.708,-65.9638,399.214,17.2624,2.38934,118.735,0.149081,0.000476814,6.47529,4.93645,3.18432,1.85879,0.518023,0.0914158,0.0761799,0.0761799,0,0.0304719,0,0,0.015236,0,0
66083,66108,66096,16.5,-105.033,39.705,102.454,-65.2871,398.548,18.0096,2.44057,102.139,0.125551,0.000441139,6.36353,5.30003,3.26022,2.09212,0.679938,0.156909,0.0523029,0.0697373,0.0348686,0,0,0,0,0,0
66110,66134,66122,16.4,-105.031,39.7041,104.154,-64.4109,398.354,18.8578,2.83712,148.945,0.157496,0.000634868,6.25294,5.42801,3.62967,2.45828,0.56095,0.230979,0.0989911,0.131988,0.032997,0,0.0164985,0.0164985,0,0,0
66136,66160,66148,16.3,-105.029,39.7035,105.894,-63.4843,398.236,17.7256,2.78195,224.693,0.242305,0.000700613,6.48995,5.12282,3.25283,1.8857,0.549996,0.204284,0.094285,0.0314283,0.0314283,0.0157142,0.0314283,0,0,0,0.0157142
66162,66187,66174,16.2,-105.027,39.703,107.624,-63.9664,395.48,17.481,2.52143,135.694,0.161448,0.00052666,6.34628,4.98519,3.29613,2.00064,0.49196,0.147588,0.0655946,0.0655946,0.049196,0,0,0.0163987,0.0163987,0,0
66188,66214,66201,16.1,-105.024,39.7025,109.516,-67.2422,387.357,16.4671,2.21657,92.4462,0.125121,0.000398231,6.26328,4.45318,2.94743,1.8101,0.688801,0.176205,0.0480559,0.0480559,0.0320373,0,0,0,0,0,0
66215,66244,66230,16,-105.022,39.7016,111.351,-66.5268,386.861,17.0401,2.63271,199.7,0.22756,0.000647004,5.9772,5.01266,3.31742,1.7537,0.540725,0.17537,0.131528,0.0730709,0.0292284,0,0.0146142,0,0,0,0.0146142
66245,66271,66258,15.9,-105.02,39.7007,113.2,-65.7861,386.422,17.1547,2.56782,194.523,0.227262,0.000638821,6.33772,5.05111,3.41506,1.4931,0.3971,0.190608,0.0953041,0.127072,0.031768,0,0,0,0,0,0.015884
66274,66299,66286,15.8,-105.019,39.6997,115.14,-65.0283,385.962,16.9357,2.50178,157.891,0.189334,0.000617493,6.52712,4.61017,3.32693,1.55257,0.38022,0.25348,0.158425,0.0633701,0.031685,0.0158425,0,0,0,0.0158425,0
66300,66327,66314,15.7,-105.017,39.6985,117.088,-64.7329,384.656,17.2831,2.37219,116.521,0.147359,0.000451294,6.34921,4.9919,3.28772,1.94548,0.407194,0.165894,0.0452438,0.0301625,0.0150813,0.0301625,0,0,0.0150813,0,0
66328,66353,66340,15.6,-105.015,39.6965,119.071,-64.4782,383.283,17.1276,2.39416,117.55,0.147296,0.000510223,6.37154,5.13993,3.03798,1.64215,0.509066,0.229901,0.0821074,0.032843,0.0492645,0.0164215,0.0164215,0,0,0,0
66354,66379,66366,15.5,-105.013,39.6939,121.102,-64.95,380.58,16.9764,2.2407,95.7794,0.128236,0.000433187,6.65935,4.9043,3.06724,1.52542,0.442863,0.196828,0.049207,0.0820117,0.049207,0,0,0,0,0,0
66383,66410,66396,15.4,-105.009,39.6904,123.179,-64.8444,378.918,15.3942,2.2289,159.553,0.214751,0.00050021,6.43124,4.61245,2.3135,1.28043,0.45106,0.101852,0.101852,0.0582012,0,0,0,0,0.0291006,0.0145503,0
66411,66436,66424,15.3,-105.004,39.6863,125.187,-65.1275,376.662,12.8715,1.7526,75.8427,0.129823,0.000352713,4.93802,3.68536,2.21485,1.25266,0.453862,0.127081,0.145236,0.0181545,0.0363089,0,0,0,0,0,0
66439,66463,66451,15.2,-104.998,39.6823,127.262,-64.9721,375.183,13.2469,1.76634,80.6985,0.13706,0.000382827,5.69083,3.55915,2.07458,1.31327,0.323559,0.0951644,0.0761315,0.0570986,0.0380658,0.0190329,0,0,0,0,0
66464,66490,66477,15.1,-104.992,39.6785,129.392,-64.4248,374.378,11.6,1.56459,69.0015,0.132306,0.000317573,5.19568,2.66848,1.80515,1.20866,0.392423,0.172666,0.109878,0.0313938,0,0.0156969,0,0,0,0,0
66491,66516,66504,15,-104.985,39.6754,131.543,-64.3509,372.757,11.646,1.581,76.7184,0.145576,0.000304972,5.01577,3.1662,1.7085,1.08152,0.282137,0.250788,0.10972,0.0156743,0,0,0,0.0156743,0,0,0
66517,66542,66530,14.9,-104.978,39.673,133.783,-64.3091,371.042,10.3671,1.44311,72.9183,0.151586,0.000316891,4.48773,2.70515,1.7044,0.813108,0.328371,0.156367,0.0781835,0.0781835,0,0,0.0156367,0,0,0,0
66543,66570,66556,14.8,-104.971,39.6707,136.02,-64.2504,369.382,10.5347,1.47722,98.9342,0.200919,0.000329775,4.69537,2.80658,1.39664,1.13061,0.279328,0.133013,0.0266027,0.039904,0.0133013,0,0,0,0,0.0133013,0
66571,66600,66586,14.7,-104.962,39.6685,138.28,-63.7003,368.618,12.2921,1.64425,79.2433,0.144583,0.000316504,5.37253,3.28588,1.87079,1.10329,0.311799,0.203868,0.0719535,0.0599613,0,0,0,0,0.0119923,0,0
66601,66632,66616,14.6,-104.954,39.6665,140.65,-63.0374,368,14.0947,1.86133,81.4506,0.131278,0.000390192,6.31552,3.84924,1.87852,1.15247,0.495561,0.218969,0.069148,0.0806727,0.034574,0,0,0,0,0,0
66633,66663,66648,14.5,-104.945,39.6646,142.958,-63.251,365.915,13.6433,1.83339,106.241,0.173843,0.000363918,6.11518,3.59035,1.99207,1.21609,0.416944,0.150563,0.150563,0,0,0,0,0,0,0.0115818,0
66664,66695,66680,14.4,-104.935,39.662,145.515,-62.2361,365.824,12.8673,2.08322,221.519,0.319004,0.000576957,5.86334,3.36192,1.96112,1.04059,0.400228,0.100057,0.0400228,0.0200114,0,0.0200114,0.0200114,0.0200114,0,0,0.0200114
66696,66726,66711,14.3,-104.927,39.6597,147.675,-62.7927,363.331,14.1259,2.06829,118.73,0.172214,0.000559017,6.12556,3.95377,2.02329,1.09518,0.501182,0.148498,0.129936,0.0371246,0.0371246,0.0556869,0,0.0185623,0,0,0
66729,66757,66743,14.2,-104.918,39.6571,150.022,-62.403,362.37,11.5437,1.49347,73.1997,0.14704,0.000255463,5.1531,3.18518,1.78532,0.892662,0.263741,0.162302,0.0811511,0,0,0,0,0.0202878,0,0,0
66760,66789,66774,14.1,-104.909,39.6542,152.568,-61.999,361.314,9.97403,1.34716,64.0046,0.142532,0.000319723,5.03581,2.12753,1.28823,0.878339,0.312298,0.195186,0.0390373,0.0585559,0.0195186,0.0195186,0,0,0,0,0
66790,66816,66803,14,-104.901,39.6513,155.07,-61.4458,360.586,9.43318,1.31656,75.3348,0.171662,0.000321069,4.65227,2.44405,1.11483,0.621732,0.278708,0.192951,0.021439,0.0428781,0.0428781,0,0,0.021439,0,0,0
66817,66848,66832,13.9,-104.893,39.6478,157.687,-61.2962,359.125,9.6053,1.32699,62.4972,0.141291,0.000310843,4.37369,2.33824,1.42986,0.740163,0.403725,0.185041,0.0504657,0.0504657,0.0168219,0.0168219,0,0,0,0,0
66849,66878,66864,13.8,-104.885,39.6443,160.341,-60.8814,358.107,8.20781,1.12518,58.8378,0.156875,0.000303633,4.18737,1.90588,1.07119,0.528638,0.236496,0.125204,0.0834692,0.0139115,0.0139115,0.0417346,0,0,0,0,0
66879,66908,66894,13.7,-104.877,39.641,162.911,-60.0593,357.865,7.57093,1.03287,55.9755,0.162582,0.000242908,3.91923,1.67202,1.00321,0.494919,0.240772,0.133762,0.0267524,0.0401286,0.0267524,0,0,0.0133762,0,0,0
66909,66940,66924,13.6,-104.868,39.6375,165.575,-59.61,356.967,8.37632,1.11962,56.5686,0.151574,0.000243365,4.33863,1.95615,0.927915,0.539194,0.300946,0.225709,0.0376182,0.0250788,0.0125394,0,0.0125394,0,0,0,0
66941,66971,66956,13.5,-104.859,39.6338,168.301,-59.1494,356.072,6.37087,0.810795,34.3106,0.126952,0.000162911,3.3077,1.46723,0.772226,0.373243,0.205927,0.154445,0.0643522,0.0257409,0,0,0,0,0,0,0
66972,67002,66987,13.4,-104.851,39.6307,170.918,-58.9427,354.841,6.03838,0.861588,49.9013,0.173753,0.000204679,2.98078,1.44429,0.614593,0.614593,0.184378,0.122919,0.0307297,0,0.0307297,0,0,0.0153648,0,0,0
67003,67035,67019,13.3,-104.842,39.6274,173.737,-58.8008,353.424,5.8633,0.816074,48.4109,0.177965,0.000198229,3.30537,1.11286,0.664396,0.365418,0.215929,0.0996595,0.0498297,0.0166099,0.0166099,0,0,0.0166099,0,0,0
67036,67064,67050,13.2,-104.832,39.6241,176.595,-57.9775,353.136,5.74653,0.882043,58.8251,0.200075,0.000258757,3.01102,1.33823,0.570717,0.334558,0.236159,0.0983995,0.0983995,0.0196799,0,0.0196799,0,0.0196799,0,0,0
67066,67098,67082,13.1,-104.823,39.6206,179.552,-57.4141,352.378,5.14691,0.61343,24.9646,0.12209,0.000112292,2.71276,1.33439,0.542552,0.322599,0.102645,0.0586543,0.0439907,0.0293271,0,0,0,0,0,0,0
67099,67129,67114,13,-104.815,39.6169,182.324,-56.9693,351.562,5.39324,0.898251,62.7291,0.209504,0.000304609,2.83547,1.14004,0.482323,0.380012,0.219238,0.190006,0.0292317,0.0584633,0.0292317,0.0146158,0,0,0.0146158,0,0
67130,67161,67146,12.9,-104.805,39.613,185.185,-56.5479,350.688,5.1913,0.674764,30.8454,0.137138,0.000160904,2.82277,1.10315,0.584021,0.356902,0.146005,0.0648912,0.0648912,0.0324456,0.0162228,0,0,0,0,0,0
