data/B2SAP/Locations/Boulder/NOAA-POPS-B2SAP_GMLBalloon_20240312_R0.ict
82,1001
Thornberry, T. D.
NOAA Chemical Sciences Laboratory
Portable Optical Particle Spectrometer (POPS)
Balloon Baseline Stratospheric Aerosol Profiles (B2SAP)
1,1
2024,03,12,2024,05,28
0
TIME_START,s,Seconds since midnight UTC on flight start day,Start time of 100 m altitude bin in UTC_seconds_since_midnight
49
1.0,1.0,1.0,1.0,1.0,1.0,1.0,1.0,1.0,1.0,1.0,1.0,1.0,1.0,1.0,1.0,1.0,1.0,1.0,1.0,1.0,1.0,1.0,1.0,1.0,1.0,1.0,1.0,1.0,1.0,1.0,1.0,1.0,1.0,1.0,1.0,1.0,1.0,1.0,1.0,1.0,1.0,1.0,1.0,1.0,1.0,1.0,1.0,1.0
99999,99999,99999,99999,99999,99999,99999,99999,99999,99999,99999,99999,99999,99999,99999,99999,99999,99999,99999,99999,99999,99999,99999,99999,99999,99999,99999,99999,99999,99999,99999,99999,99999,99999,99999,99999,99999,99999,99999,99999,99999,99999,99999,99999,99999,99999,99999,99999,99999
TIME_STOP,s,End time of 100 m altitude bin in UTC seconds since midnight,
TIME_MID,s,Mid time of 100 m altitude in UTC seconds since midnight,
GPSAlt,km,GPS reported altitude above sea level (km),
GPS_Lon,deg,GPS reported longitude,
GPS_Lat,deg,GPS reported latitude,
iMet_Pressure,hPa,Pressure reported (hPa),
iMet_Temperature,degrees C,Ambient temperature (oC),
THETA,K,Potential temperature from iMet,
Aerosol_concentration,cm^-3,Aerosol concentration,
Surface_Area_Conc,um^2 cm^-3,Surface area concentration,
Volume_density,um^3 cm^-3,Volume density,
Effective_radius,um,Effective radius,
Extinction,km^-1,Extinction,
Bin01,cm^-3,particle concentration in size range [140 - 146.14 nm],
Bin02,cm^-3,particle concentration in size range [146.14 - 152.56 nm],
Bin03,cm^-3,particle concentration in size range [152.56 - 159.25 nm],
Bin04,cm^-3,particle concentration in size range [159.25 - 166.24 nm],
Bin05,cm^-3,particle concentration in size range [166.24 - 173.54 nm],
Bin06,cm^-3,particle concentration in size range [173.54 - 181.16 nm],
Bin07,cm^-3,particle concentration in size range [181.16 - 189.11 nm],
Bin08,cm^-3,particle concentration in size range [189.11 - 197.41 nm],
Bin09,cm^-3,particle concentration in size range [197.41 - 206.07 nm],
Bin10,cm^-3,particle concentration in size range [206.07 - 215.12 nm],
Bin11,cm^-3,particle concentration in size range [215.12 - 224.56 nm],
Bin12,cm^-3,particle concentration in size range [224.56 - 234.41 nm],
Bin13,cm^-3,particle concentration in size range [234.41 - 244.70 nm],
Bin14,cm^-3,particle concentration in size range [244.70 - 361.30 nm],
Bin15,cm^-3,particle concentration in size range [361.30 - 472.80 nm],
Bin16,cm^-3,particle concentration in size range [472.80 - 567.00 nm],
Bin17,cm^-3,particle concentration in size range [567.00 - 610.66 nm],
Bin18,cm^-3,particle concentration in size range [610.66 - 657.69 nm],
Bin19,cm^-3,particle concentration in size range [657.69 - 708.33 nm],
Bin20,cm^-3,particle concentration in size range [708.33 - 762.88 nm],
Bin21,cm^-3,particle concentration in size range [762.88 - 821.62 nm],
Bin22,cm^-3,particle concentration in size range [821.62 - 884.89 nm],
Bin23,cm^-3,particle concentration in size range [884.89 - 953.03 nm],
Bin24,cm^-3,particle concentration in size range [953.03 - 1026.42 nm],
Bin25,cm^-3,particle concentration in size range [1026.42 - 1105.46 nm],
Bin26,cm^-3,particle concentration in size range [1105.46 - 1190.59 nm]],
[...]
LOCATION: Boulder, CO, USA
ASSOCIATED_DATA: N/A
INSTRUMENT_INFO: Printed Optical Particle Spectrometer counts particles from 140 - 2500 nm in diameter 
DATA_INFO: Particle concentrations reported in number per cubic centimeter, binned to 100 m altitude
UNCERTAINTY: Counting uncertainty dominated by air flow, less than 5 percent
ULOD_FLAG: -77777
ULOD_VALUE: 3000 ~3000 per cm3 (varies depending on flow rate- manufacturer quotes 1250  per cm3 at 1.667 cc/s)
LLOD_FLAG: -88888
LLOD_VALUE: 0 0 (varies depending on data field and measurement precision)
DM_CONTACT_INFO: Troy Thornberry, 325 Broadway R/CSL6, Boulder, CO 80305; troy.thornberry@noaa.gov; 303-497-3373
PROJECT_INFO: B2SAP Boulder, CO, USA
STIPULATIONS_ON_USE: Please contact the PIs for questions regarding applications and uncertainties
OTHER_COMMENTS: POPS bin Edges (nm):  140, 146.14, 152.56, 159.25, 166.24, 173.54, 181.16, 189.11, 197.41, 206.07, 215.12, 224.56, 234.41, 244.70, 361.30, 472.80, 567.00, 610.66, 657.69, 708.33, 762.88, 821.62, 884.89, 953.03, 1026.42, 1105.46, 1190.59, 1282.27, 1381.01, 1487.36, 1601.89, 1725.25, 1858.10, 2001.18, 2155.28, 2321.25, 2500
Calculations assume sulfate refractive index of 1.45+0.00j and extinction wavelength = 532 nm
REVISION: R0
R0: QA/QC data
TIME_START,TIME_STOP,TIME_MID,GPSAlt,GPS_Lon,GPS_Lat,iMet_Pressure,iMet_Temperature,THETA,Aerosol_concentration,Surface_Area_Conc,Volume_density,Effective_radius,Extinction,Bin01,Bin02,Bin03,Bin04,Bin05,Bin06,Bin07,Bin08,Bin09,Bin10,Bin11,Bin12,Bin13,Bin14,Bin15,Bin16,Bin17,Bin18,Bin19,Bin20,Bin21,Bin22,Bin23,Bin24,Bin25,Bin26,Bin27,Bin28,Bin29,Bin30,Bin31,Bin32,Bin33,Bin34,Bin35,Bin36
[from data line 497]
68740,68762,68751,5.3,-103.805,39.8117,524.193,-14.3068,311.302,63.8148,11.8704,633.31,0.160056,0.003723,5.6535,5.01458,4.97585,4.18204,4.14332,3.65928,3.2527,3.13653,3.2527,3.21398,2.61377,2.34272,1.95549,11.2296,3.23334,1.52954,0.0774452,0.0968065,0.0774452,0.0580839,0.0774452,0.0193613,0.0193613,0,0,0,0,0,0,0,0,0,0,0,0,0
68762,68783,68772,5.2,-103.801,39.8113,531.338,-14.3011,310.106,54.2007,10.3696,576.895,0.1669,0.00353427,5.61408,4.27248,3.96288,4.04544,3.17856,2.95152,3.01344,2.4768,2.33232,2.41488,1.9608,2.31168,1.60992,9.49441,2.2704,1.77504,0.1032,0.14448,0.1032,0.0825601,0.02064,0.02064,0.04128,0,0,0,0,0,0,0,0,0,0,0,0,0
68783,68805,68794,5.1,-103.797,39.8109,538.403,-13.8659,309.459,56.2934,10.5099,568.913,0.162393,0.00336341,5.28118,4.10385,4.40659,3.41427,3.34699,3.49836,3.46473,2.8256,2.69105,2.62377,2.59013,2.05193,2.1192,9.18321,2.89288,1.29507,0.168191,0.100914,0.100914,0.0504572,0,0.0336381,0.0504572,0,0,0,0,0,0,0,0,0,0,0,0,0
68806,68825,68816,5,-103.793,39.8102,545.378,-12.9761,309.381,53.1606,10.2319,570.594,0.167299,0.00340994,4.60398,4.13335,4.01058,3.23302,3.41717,3.11024,2.74192,2.63961,2.55777,2.59869,2.33268,2.06667,1.69836,9.59674,2.5373,1.3505,0.143235,0.122773,0.0613864,0.0613864,0.0204621,0.0409242,0.0818485,0,0,0,0,0,0,0,0,0,0,0,0,0
68825,68847,68836,4.9,-103.79,39.8096,552.573,-12.3071,309.017,54.576,10.7531,619.353,0.172793,0.00377239,4.8992,4.3724,3.89829,3.19589,3.51197,2.80958,3.23101,3.28369,2.61642,2.52862,2.1423,1.91402,1.49259,9.86863,2.80958,1.29943,0.175598,0.0702394,0.122919,0.140479,0.0526795,0.0526795,0.0877992,0,0,0,0,0,0,0,0,0,0,0,0,0
68848,68869,68858,4.8,-103.787,39.809,559.862,-11.5932,308.705,57.5893,11.2699,632.345,0.168328,0.00385109,4.6533,4.73021,4.15335,3.78801,3.73033,3.23039,3.26884,2.86505,3.0381,2.51893,2.40356,1.92285,2.05745,9.69116,3.46113,1.49982,0.134599,0.115371,0.115371,0.0576855,0.076914,0.0192285,0.0576855,0,0,0,0,0,0,0,0,0,0,0,0,0
68870,68891,68880,4.7,-103.783,39.8085,567.555,-11.9574,307.076,49.8853,9.72842,547.555,0.168852,0.0033486,4.65181,3.77594,3.28935,3.26989,3.4256,3.11418,2.86115,2.39403,1.9269,2.08261,1.9269,1.98529,2.06314,8.7197,2.39403,1.42084,0.155709,0.155709,0.136245,0.0194636,0.0389272,0.0194636,0.0583909,0,0,0,0,0,0,0,0,0,0,0,0,0
68894,68915,68904,4.6,-103.78,39.808,575.122,-12.0374,305.823,36.5031,6.7443,371.836,0.1654,0.00220824,3.6019,3.44698,2.63364,2.86602,2.01396,1.85904,1.95587,1.91714,1.56857,1.72349,1.33619,1.37492,1.41365,6.00316,1.58793,0.774601,0.15492,0.0774601,0.0580951,0.0387301,0.019365,0.0387301,0.0387301,0,0,0,0,0,0,0,0,0,0,0,0,0
68915,68939,68927,4.5,-103.777,39.8074,582.317,-11.2896,305.61,35.152,6.82576,397.575,0.174739,0.0024474,3.49092,2.83827,2.77756,2.17044,2.10973,2.23115,1.89724,1.42672,1.88206,1.59368,1.47226,1.36601,1.22941,5.72207,1.50261,0.849962,0.197313,0.151779,0.0758895,0.0303558,0.0151779,0.0607116,0.0607116,0,0,0,0,0,0,0,0,0,0,0,0,0
68941,68963,68952,4.4,-103.775,39.8066,589.86,-10.73,305.139,37.2542,7.1472,408.828,0.171603,0.00250327,3.84064,3.01765,2.85305,2.39583,2.59701,2.08492,2.26781,1.93861,1.48139,1.35337,1.49968,1.28021,1.24364,6.30963,1.57283,1.02417,0.164599,0.0548663,0.109733,0.0548663,0.0182888,0.0365775,0.0548663,0,0,0,0,0,0,0,0,0,0,0,0,0
68965,68990,68978,4.3,-103.772,39.8057,597.839,-10.1429,304.65,38.9757,7.30024,403.348,0.165754,0.00241826,3.79653,3.26073,3.26073,2.35752,2.77086,2.28098,2.11259,1.74518,1.72987,1.66864,1.51555,1.33185,1.28592,6.78171,1.71456,0.933825,0.0918516,0.137777,0.0918516,0.0153086,0.0306172,0.0153086,0.0459258,0,0,0,0,0,0,0,0,0,0,0,0,0
68990,69016,69003,4.2,-103.77,39.8049,605.197,-9.47542,304.359,43.9023,7.97872,433.473,0.162986,0.00253007,4.16899,3.86798,3.50676,3.1004,2.76929,2.70909,2.30273,2.34788,2.12212,2.07697,1.95656,1.56525,1.35454,6.36636,2.45323,0.857878,0.135454,0.0752525,0.030101,0.0150505,0.030101,0.0150505,0.0752525,0,0,0,0,0,0,0,0,0,0,0,0,0
69018,69046,69032,4.1,-103.768,39.8042,613.028,-9.0816,303.694,57.8938,10.0332,529.587,0.15835,0.00310519,5.89818,5.55459,5.05354,4.32342,3.85099,3.85099,3.09225,3.09225,2.82025,2.23329,2.01855,2.0615,1.81813,8.05989,2.37645,1.27412,0.171792,0.128844,0.0715798,0.0715798,0.0286319,0.014316,0.0286319,0,0,0,0,0,0,0,0,0,0,0,0,0
69048,69077,69062,4,-103.765,39.8038,621.258,-8.56074,303.136,62.7117,10.2512,517.453,0.151432,0.00289152,6.88038,6.18566,5.23711,4.55575,4.59583,4.39543,3.80759,3.66063,2.71207,2.48495,2.43151,1.83032,1.79024,8.2431,2.36471,1.14896,0.10688,0.14696,0.0400799,0.01336,0.0267199,0.01336,0.0400799,0,0,0,0,0,0,0,0,0,0,0,0,0
69078,69104,69091,3.9,-103.764,39.8039,629.076,-7.7475,302.984,71.0087,11.4551,572.275,0.149874,0.00321745,8.15404,7.27005,6.41654,5.73069,5.34966,4.52663,4.17609,3.1092,3.24637,2.89583,2.54528,2.24045,1.88991,9.02278,2.71293,1.26502,0.12193,0.152412,0.0914471,0.0609648,0,0.0304824,0,0,0,0,0,0,0,0,0,0,0,0,0,0
69105,69132,69118,3.8,-103.762,39.8042,637.357,-7.03727,302.662,77.3323,12.5299,635.007,0.152038,0.00351974,8.56854,7.82273,6.67915,6.06593,5.65159,4.97207,4.52459,4.20969,3.43073,3.11583,3.11583,2.23743,2.25401,10.2425,2.50261,1.42533,0.215457,0.116015,0.0497207,0,0.0331472,0.0165736,0.0828679,0,0,0,0,0,0,0,0,0,0,0,0,0
69133,69159,69146,3.7,-103.761,39.8044,645.654,-6.37136,302.299,79.4629,12.6506,638.139,0.15133,0.00353145,9.63236,8.17688,7.01576,6.49244,5.85464,4.95519,4.66082,4.46457,3.99032,2.8292,2.60025,2.404,1.81527,9.94308,2.78014,1.27559,0.245306,0.114476,0.0981225,0,0.0163538,0.0163538,0.0817688,0,0,0,0,0,0,0,0,0,0,0,0,0
69160,69182,69171,3.6,-103.76,39.8045,654.32,-5.34789,302.306,82.4095,13.0924,657.467,0.150652,0.00368628,10.1948,8.62491,7.33874,7.07394,6.16606,4.91771,4.7664,4.38811,3.74503,3.06411,2.70474,2.26971,2.1184,10.1759,2.93171,1.22943,0.283714,0.151314,0.151314,0.0567429,0.0189143,0,0.0378286,0,0,0,0,0,0,0,0,0,0,0,0,0
69183,69206,69194,3.5,-103.758,39.8048,663.224,-4.56933,302.017,90.6533,13.6382,647.507,0.142433,0.0033756,11.3138,9.7623,8.1631,7.16061,7.11287,6.06265,5.44206,4.82148,3.79512,3.34162,3.34162,2.72103,2.26753,10.8364,3.03133,1.09796,0.143212,0.0238687,0.0954748,0.0477374,0.0238687,0,0.0477374,0,0,0,0,0,0,0,0,0,0,0,0,0
69207,69222,69214,3.4,-103.757,39.8049,669.579,-4.16375,301.647,110.51,16.8537,842.82,0.150024,0.00465003,14.4967,12.9105,10.8836,9.2973,8.15166,7.31447,6.16883,5.28757,4.09786,4.14193,3.04035,3.74536,3.30473,12.0292,2.99629,1.76252,0.352504,0.176252,0.132189,0.0881261,0,0.044063,0.0881261,0,0,0,0,0,0,0,0,0,0,0,0,0
69240,69253,69246,3.3,-103.756,39.8051,681.765,-3.01167,301.383,117.558,16.8004,758.241,0.135397,0.00379227,14.8217,12.7897,10.8772,10.1003,9.92097,8.54638,6.33508,6.69367,5.19955,4.24331,3.70542,3.34683,2.56989,13.7459,2.98824,1.1953,0.179295,0.0597649,0.23906,0,0,0,0,0,0,0,0,0,0,0,0,0,0,0,0,0
69254,69276,69265,3.2,-103.755,39.8052,687.459,-2.36889,301.384,117.524,17.0024,786.053,0.138696,0.00397897,15.7408,12.6242,11.4012,9.38926,9.07365,8.00849,7.29837,5.64145,5.72035,4.14232,3.74781,2.7221,3.15605,14.2811,2.7221,1.30187,0.236704,0.0789013,0.157803,0,0,0.0394507,0.0394507,0,0,0,0,0,0,0,0,0,0,0,0,0
69280,69288,69284,3.1,-103.754,39.8052,694.462,-1.6975,301.257,135.186,20.3621,989.826,0.145833,0.00527257,17.7147,15.0306,13.957,10.6467,10.7362,7.69424,8.23105,6.53116,6.44169,4.11553,4.02606,4.38393,3.22085,15.6569,4.11553,2.14723,0,0.178936,0.178936,0,0,0.0894679,0.0894679,0,0,0,0,0,0,0,0,0,0,0,0,0
69324,69339,69332,2.9,-103.752,39.8053,714.088,0.376,301.15,148.646,22.0825,1063.64,0.1445,0.00560824,19.9404,16.036,14.0838,12.0618,12.0618,9.34269,8.78492,8.0877,6.90244,5.22912,4.39246,4.60162,3.41636,16.6635,4.46218,1.53387,0.418329,0.278886,0.209165,0,0,0,0.139443,0,0,0,0,0,0,0,0,0,0,0,0,0
69355,69355,69355,2.8,-103.751,39.8052,724.38,1.43,301.077,149.219,21.9463,1080.62,0.147719,0.00610032,17.3588,16.3574,14.0206,15.6897,11.35,11.6838,10.3485,7.0103,7.0103,4.67353,4.33971,3.67206,6.34265,13.3529,2.00294,1.33529,1.66912,0.667647,0.333824,0,0,0,0,0,0,0,0,0,0,0,0,0,0,0,0,0
