data/B2SAP/Locations/Boulder/NOAA-POPS-B2SAP_GMLBalloon_20220817_R0.ict
61,1001
Thornberry, T. D.
NOAA Chemical Sciences Laboratory
Portable Optical Particle Spectrometer (POPS)
Balloon Baseline Stratospheric Aerosol Profiles (B2SAP)
1,1
2022,08,17,2024,05,28
0
TIME_START,s,Seconds since midnight UTC on flight start day,Start time of 100 m altitude bin in UTC_seconds_since_midnight
28
1.0,1.0,1.0,1.0,1.0,1.0,1.0,1.0,1.0,1.0,1.0,1.0,1.0,1.0,1.0,1.0,1.0,1.0,1.0,1.0,1.0,1.0,1.0,1.0,1.0,1.0,1.0,1.0
99999,99999,99999,99999,99999,99999,99999,99999,99999,99999,99999,99999,99999,99999,99999,99999,99999,99999,99999,99999,99999,99999,99999,99999,99999,99999,99999,99999
TIME_STOP,s,End time of 100 m altitude bin in UTC seconds since midnight,
TIME_MID,s,Mid time of 100 m altitude in UTC seconds since midnight,
GPSAlt,m,GPS reported altitude above sea level (m),
GPS_Lon,deg,GPS reported longitude,
GPS_Lat,deg,GPS reported latitude,
iMet_Pressure,mb,Pressure reported (mB),
iMet_Temperature,degrees C,Ambient temperature (oC),
THETA,K,Potential temperature from iMet,
Aerosol_concentration,cm^-3,Aerosol concentration,
Surface_Area_Conc,um^2 cm^-3,Surface area concentration,
Volume_density,um^3 cm^-3,Volume density,
Effective_radius,um,Effective radius,
Extinction,km^-1,Extinction,
Bin01,cm^-3,particle concentration in size range [140 - 170 nm],
Bin02,cm^-3,particle concentration in size range [170 - 205 nm],
Bin03,cm^-3,particle concentration in size range [205 - 249 nm],
Bin04,cm^-3,particle concentration in size range [249 - 302 nm],
Bin05,cm^-3,particle concentration in size range [302 - 366 nm],
Bin06,cm^-3,particle concentration in size range [366 - 443 nm],
Bin07,cm^-3,particle concentration in size range [443 - 537 nm],
Bin08,cm^-3,particle concentration in size range [537 - 651 nm],
Bin09,cm^-3,particle concentration in size range [651 - 789 nm],
Bin10,cm^-3,particle concentration in size range [789 - 956 nm],
Bin11,cm^-3,particle concentration in size range [956 - 1159 nm],
Bin12,cm^-3,particle concentration in size range [1159 - 1404 nm],
Bin13,cm^-3,particle concentration in size range [1404 - 1702 nm],
Bin14,cm^-3,particle concentration in size range [1702 - 2062 nm],
Bin15,cm^-3,particle concentration in size range [2062 - 2500 nm],
0
19
PI_CONTACT_INFO: 325 Broadway R/CSL6, Boulder, CO 80305; troy.thornberry@noaa.gov; 303-497-3373 
PLATFORM: GML ECC/FPH balloon
LOCATION: Boulder, CO, USA
ASSOCIATED_DATA: N/A
INSTRUMENT_INFO: Printed Optical Particle Spectrometer counts particles from 140 - 2500 nm in diameter 
DATA_INFO: Particle concentrations reported in number per cubic centimeter, binned to 100 m altitude
UNCERTAINTY: Counting uncertainty dominated by air flow, less than 5 percent
ULOD_FLAG: -77777
ULOD_VALUE: 3000 ~3000 per cm3 (varies depending on flow rate- manufacturer quotes 1250  per cm3 at 1.667 cc/s)
LLOD_FLAG: -88888
LLOD_VALUE: 0 0 (varies depending on data field and measurement precision)
DM_CONTACT_INFO: Troy Thornberry, 325 Broadway R/CSL6, Boulder, CO 80305; troy.thornberry@noaa.gov; 303-497-3373
PROJECT_INFO: B2SAP Boulder, CO, USA
STIPULATIONS_ON_USE: Please contact the PIs for questions regarding applications and uncertainties
OTHER_COMMENTS: POPS bin Edges (nm):  140, 170, 205, 249, 302, 366, 443, 537, 651, 789, 956, 1159, 1404, 1702, 2062, 2500
Calculations assume sulfate refractive index of 1.45+0.00j and extinction wavelength = 532 nm
REVISION: R0
R0: QA/QC data
TIME_START,TIME_STOP,TIME_MID,GPSAlt,GPS_Lon,GPS_Lat,iMet_Pressure,iMet_Temperature,THETA,Aerosol_concentration,Surface_Area_Conc,Volume_density,Effective_radius,Extinction,Bin01,Bin02,Bin03,Bin04,Bin05,Bin06,Bin07,Bin08,Bin09,Bin10,Bin11,Bin12,Bin13,Bin14,Bin15
[from data line 236]
64671,64692,64682,25.3,-104.842,39.6851,24.5933,-49.955,643.361,1.89018,0.469305,28.8117,0.184177,0.000204812,0.59068,0.307154,0.189018,0.283527,0.16539,0.118136,0.212645,0.0236272,0,0,0,0,0,0,0
64694,64715,64704,25.4,-104.845,39.6848,24.2122,-49.6156,647.213,1.81186,0.495266,36.0691,0.218483,0.000251067,0.700586,0.241581,0.120791,0.144949,0.26574,0.144949,0.120791,0.0483163,0,0.0241581,0,0,0,0,0
64716,64739,64728,25.5,-104.849,39.6846,23.832,-49.4005,650.782,1.7436,0.362125,20.5415,0.170175,0.000138216,0.662128,0.375206,0.132426,0.154496,0.176567,0.0882837,0.154496,0,0,0,0,0,0,0,0
64741,64764,64752,25.6,-104.854,39.6844,23.4394,-49.2567,654.288,1.96447,0.485216,30.4911,0.188521,0.000220205,0.66301,0.392895,0.196447,0.147336,0.147336,0.196447,0.171891,0.0491119,0,0,0,0,0,0,0
64765,64787,64776,25.7,-104.859,39.6841,23.095,-49.0525,657.67,1.54796,0.306692,17.2973,0.169199,0.000116145,0.650591,0.314078,0.112171,0.179473,0.0673025,0.0897367,0.134605,0,0,0,0,0,0,0,0
64788,64814,64801,25.8,-104.863,39.6839,22.6945,-49.1459,660.685,1.47688,0.242179,11.3565,0.140679,6.01299e-05,0.512806,0.328196,0.246147,0.18461,0.123073,0.0410245,0.0410245,0,0,0,0,0,0,0,0
64816,64829,64822,25.9,-104.867,39.6842,22.4013,-49.1638,663.098,1.74881,0.305302,15.1897,0.149259,8.7041e-05,0.620545,0.451305,0.16924,0.225653,0.112826,0.112826,0.0564132,0,0,0,0,0,0,0,0
66094,66094,66094,25.5,-105.092,39.6923,24.11,-47.87,653.07,0,0,0,99999,0,0,0,0,0,0,0,0,0,0,0,0,0,0,0,0
66095,66102,66098,25.4,-105.093,39.6924,24.2443,-47.6429,652.677,1.51305,0.36443,21.0839,0.173564,0.000141105,0.39471,0.328925,0.0657849,0.26314,0.197355,0.13157,0.13157,0,0,0,0,0,0,0,0
66111,66117,66114,25.3,-105.095,39.6923,24.6783,-47.7067,649.199,1.99604,0.389577,20.4248,0.157284,0.000123279,0.844479,0.230312,0.153542,0.307083,0.230312,0.153542,0.0767708,0,0,0,0,0,0,0,0
66127,66128,66128,25.2,-105.097,39.6923,25.15,-48.28,644.042,1.6163,0.315876,14.3462,0.136251,6.74032e-05,0.2309,0.2309,0.461799,0.2309,0.461799,0,0,0,0,0,0,0,0,0,0
66137,66145,66141,25.1,-105.099,39.6924,25.5271,-48.4843,640.74,1.97123,0.469878,29.3122,0.187147,0.000208815,0.657077,0.328539,0.328539,0.197123,0.0657077,0.197123,0.131415,0.0657077,0,0,0,0,0,0,0
66146,66160,66153,25,-105.101,39.6925,25.9011,-48.9289,636.817,1.69816,0.332672,18.6064,0.16779,0.000123269,0.720433,0.360217,0.205838,0.0514595,0.0514595,0.205838,0.102919,0,0,0,0,0,0,0,0
66161,66174,66168,24.9,-105.104,39.6926,26.3591,-49.0591,633.273,1.914,0.522922,33.8936,0.194447,0.000248318,0.447958,0.407235,0.285064,0.12217,0.244341,0.162894,0.162894,0.0814469,0,0,0,0,0,0,0
66175,66188,66182,24.8,-105.106,39.6925,26.7438,-48.8985,631.105,1.68294,0.386069,23.0308,0.178964,0.000158954,0.583875,0.274765,0.274765,0.0343456,0.240419,0.137382,0.103037,0.0343456,0,0,0,0,0,0,0
66189,66202,66196,24.7,-105.108,39.6923,27.1508,-49.0767,627.888,1.66191,0.247818,10.1823,0.123264,4.1798e-05,0.289028,0.794827,0.144514,0.252899,0.144514,0.0361285,0,0,0,0,0,0,0,0,0
66206,66217,66212,24.6,-105.11,39.692,27.6292,-49.42,623.805,1.77023,0.365716,20.8266,0.170842,0.000137533,0.734812,0.233804,0.267204,0.0668011,0.233804,0.133602,0.0668011,0.0334005,0,0,0,0,0,0,0
66218,66230,66224,24.5,-105.113,39.6918,28.04,-49.9664,619.663,2.2489,0.478251,26.9333,0.168949,0.000174164,0.670724,0.473452,0.355089,0.197272,0.236726,0.197272,0.0789087,0.0394544,0,0,0,0,0,0,0
66232,66245,66238,24.4,-105.114,39.6916,28.4945,-50.1682,616.267,1.88539,0.518593,31.8915,0.184489,0.000221648,0.384774,0.423251,0.115432,0.230864,0.269342,0.307819,0.115432,0.0384774,0,0,0,0,0,0,0
66246,66260,66253,24.3,-105.116,39.6914,28.9764,-50.3009,612.954,2.32734,0.478946,26.7006,0.167246,0.000171033,0.975981,0.375377,0.187689,0.112613,0.33784,0.262764,0.0375377,0.0375377,0,0,0,0,0,0,0
66261,66273,66267,24.2,-105.118,39.6913,29.4142,-50.1258,610.817,2.08276,0.347006,17.7172,0.153171,0.000107421,1.04138,0.277701,0.277701,0.208276,0.0694252,0.104138,0.104138,0,0,0,0,0,0,0,0
66275,66289,66282,24.1,-105.12,39.6913,29.9033,-50.2875,607.5,1.76549,0.361741,20.2052,0.167566,0.00013044,0.509277,0.407422,0.339518,0.101855,0.203711,0.101855,0.0679036,0.0339518,0,0,0,0,0,0,0
66291,66303,66297,24,-105.123,39.6913,30.315,-50.499,604.562,2.2066,0.401996,19.7499,0.147389,0.000109291,0.735534,0.40863,0.367767,0.245178,0.245178,0.163452,0.040863,0,0,0,0,0,0,0,0
66305,66320,66312,23.9,-105.125,39.6912,30.8423,-50.39,601.88,2.3149,0.488415,26.1567,0.160663,0.000160687,0.740769,0.40125,0.246923,0.277788,0.339519,0.216058,0.0925961,0,0,0,0,0,0,0,0
66322,66337,66330,23.8,-105.127,39.6913,31.39,-50.8675,597.581,2.4205,0.595206,36.6262,0.184606,0.000255205,0.67236,0.470652,0.302562,0.201708,0.403416,0.16809,0.100854,0.100854,0,0,0,0,0,0,0
66339,66353,66346,23.7,-105.129,39.6913,31.9085,-50.8338,594.877,2.71517,0.662618,39.3503,0.178158,0.000266358,0.656415,0.298371,0.656415,0.387882,0.268534,0.208859,0.179022,0.0596741,0,0,0,0,0,0,0
66354,66370,66362,23.6,-105.131,39.6914,32.372,-51.304,591.184,3.22465,0.770406,45.3394,0.176554,0.000306181,0.780158,0.676137,0.468095,0.364074,0.390079,0.286058,0.208042,0.0520105,0,0,0,0,0,0,0
66373,66387,66380,23.5,-105.133,39.692,32.9438,-51.5077,587.685,2.41882,0.593727,36.0839,0.182326,0.000250863,0.477792,0.627102,0.388206,0.29862,0.179172,0.209034,0.179172,0.059724,0,0,0,0,0,0,0
66388,66403,66396,23.4,-105.135,39.6925,33.4654,-51.7092,584.531,2.89103,0.724084,43.3399,0.179564,0.000292247,0.649007,0.472005,0.442505,0.472005,0.354004,0.295003,0.118001,0.0885009,0,0,0,0,0,0,0
66405,66420,66412,23.3,-105.137,39.6927,34.0014,-51.8671,581.457,2.24121,0.669541,49.3595,0.221164,0.000354343,0.702066,0.32403,0.243023,0.243023,0.162015,0.270025,0.189018,0.0810076,0,0.0270025,0,0,0,0,0
66422,66438,66430,23.2,-105.139,39.693,34.5277,-52.4069,577.512,2.27376,0.570283,34.3791,0.180853,0.000235846,0.583015,0.291508,0.408111,0.291508,0.320658,0.174905,0.145754,0.0583015,0,0,0,0,0,0,0
66440,66457,66448,23.1,-105.141,39.6933,35.1037,-52.8031,573.742,2.61317,0.661403,40.3479,0.183011,0.00027581,0.693762,0.393132,0.346881,0.323755,0.393132,0.231254,0.208129,0,0.0231254,0,0,0,0,0,0
66458,66475,66466,23,-105.143,39.6937,35.636,-52.4693,572.157,2.78348,0.765996,49.537,0.19401,0.000349617,0.689712,0.394121,0.418753,0.320223,0.344856,0.394121,0.0985302,0.0985302,0.0246326,0,0,0,0,0,0
66477,66491,66484,22.9,-105.146,39.6938,36.2592,-52.1908,570.037,2.5478,0.649545,39.2244,0.181163,0.00027079,0.767411,0.399054,0.0613929,0.552536,0.245571,0.276268,0.214875,0.0306964,0,0,0,0,0,0,0
66493,66509,66501,22.8,-105.149,39.6934,36.8194,-52.625,566.442,2.73581,0.662541,42.4888,0.19239,0.000303934,0.804649,0.666709,0.34485,0.2299,0.18392,0.2299,0.18392,0.0689699,0.02299,0,0,0,0,0,0
66510,66526,66518,22.7,-105.151,39.6926,37.4256,-52.2075,564.864,2.52579,0.755622,60.8065,0.241416,0.000338527,0.614381,0.364078,0.341323,0.386833,0.341323,0.204794,0.182039,0.0682646,0,0,0.0227549,0,0,0,0
66527,66543,66535,22.6,-105.153,39.6918,37.9982,-52.1582,562.549,2.72123,0.850852,65.3381,0.230374,0.000465793,0.675034,0.421896,0.421896,0.337517,0.232043,0.253138,0.232043,0.0843792,0.0210948,0.0421896,0,0,0,0,0
66544,66560,66552,22.5,-105.154,39.6912,38.6381,-51.5063,561.52,2.67787,0.841312,70.7234,0.25219,0.000410771,0.570694,0.438995,0.460945,0.329246,0.395096,0.131699,0.241447,0.0658493,0,0.0219498,0.0219498,0,0,0,0
66561,66577,66569,22.4,-105.155,39.691,39.1981,-52.0406,557.87,3.03597,0.802276,54.3897,0.203383,0.000374566,0.781315,0.625052,0.334849,0.446466,0.267879,0.312526,0.13394,0.111616,0,0.0223233,0,0,0,0,0
66578,66595,66586,22.3,-105.155,39.6909,39.8694,-51.84,555.674,2.93493,1.05416,92.3608,0.262847,0.000569854,0.574672,0.492576,0.41048,0.369432,0.30786,0.328384,0.287336,0.082096,0.020524,0.041048,0,0.020524,0,0,0
66596,66613,66604,22.2,-105.157,39.6909,40.5118,-51.8965,553,3.37266,0.844181,49.5987,0.176261,0.000332501,0.843165,0.421583,0.56211,0.461733,0.461733,0.361357,0.220829,0.0401507,0,0,0,0,0,0,0
66614,66630,66622,22.1,-105.158,39.6905,41.1529,-52.4912,549.051,2.70569,0.679273,39.8593,0.176038,0.000264249,0.358106,0.616738,0.477474,0.477474,0.318316,0.258632,0.139263,0.0596843,0,0,0,0,0,0,0
66631,66649,66640,22,-105.159,39.6898,41.8305,-53.2916,544.503,3.15553,1.08097,108.416,0.300887,0.000550722,0.634632,0.705147,0.581746,0.352574,0.299688,0.229173,0.158658,0.0881434,0.0176287,0.0352574,0.052886,0,0,0,0
66650,66667,66658,21.9,-105.161,39.6896,42.465,-53.4706,541.733,2.93491,0.805908,56.8671,0.211688,0.000377559,0.761589,0.427233,0.390082,0.334356,0.575836,0.24148,0.0928768,0.0557261,0.0185754,0.0371507,0,0,0,0,0
66668,66686,66677,21.8,-105.162,39.6897,43.1344,-53.4294,539.409,3.0871,0.933166,62.4523,0.200776,0.000455293,0.632297,0.539312,0.42773,0.260358,0.371939,0.502118,0.241761,0.0743879,0.0371939,0,0,0,0,0,0
66687,66705,66696,21.7,-105.164,39.6898,43.8374,-54.0726,535.361,2.9973,0.968792,81.2696,0.251663,0.000506577,0.585679,0.551227,0.482324,0.430646,0.361743,0.189484,0.241162,0.0689034,0.0344517,0.0344517,0.0172258,0,0,0,0
66706,66724,66715,21.6,-105.166,39.6897,44.5853,-54.6447,531.383,3.15809,0.879691,58.567,0.19973,0.000409175,0.703705,0.53207,0.429089,0.549233,0.24029,0.360434,0.24029,0.0858177,0,0.0171635,0,0,0,0,0
66725,66743,66734,21.5,-105.167,39.6897,45.3232,-55.5226,526.776,3.34075,0.879923,55.5433,0.189369,0.000392422,0.797031,0.508743,0.610492,0.35612,0.457869,0.305246,0.135665,0.169581,0,0,0,0,0,0,0
66744,66762,66753,21.4,-105.168,39.6898,46.0395,-56.0284,523.201,3.48442,0.873981,53.1689,0.182506,0.000364022,0.747875,0.662889,0.560906,0.492917,0.441926,0.305949,0.135977,0.135977,0,0,0,0,0,0,0
66763,66781,66772,21.3,-105.169,39.6904,46.7989,-55.7332,521.465,3.14187,1.02245,74.5647,0.218782,0.00055403,0.641888,0.540538,0.354728,0.388511,0.456079,0.270269,0.270269,0.168918,0.0337836,0.0168918,0,0,0,0,0
66782,66800,66791,21.2,-105.17,39.6912,47.5653,-55.26,520.187,3.76942,1.0119,70.3058,0.208438,0.000487489,0.942354,0.710899,0.595171,0.479443,0.363716,0.26452,0.281053,0.0826626,0.0165325,0.0330651,0,0,0,0,0
66801,66819,66810,21.1,-105.171,39.6918,48.3347,-55.3905,517.489,3.34157,0.930308,70.6506,0.22783,0.000421055,0.942919,0.463188,0.413561,0.5459,0.397019,0.297764,0.13234,0.115797,0,0.0165424,0.0165424,0,0,0,0
66820,66839,66830,21,-105.173,39.6925,49.0705,-55.9585,513.927,3.66766,0.88827,53.5781,0.180952,0.000365825,0.86662,0.773768,0.619015,0.371409,0.386884,0.386884,0.139278,0.123803,0,0,0,0,0,0,0
66840,66858,66849,20.9,-105.175,39.6936,49.8647,-55.5468,512.531,3.23938,0.83063,49.2893,0.178019,0.000333667,0.641461,0.641461,0.41695,0.41695,0.545242,0.304694,0.224511,0.0481096,0,0,0,0,0,0,0
66859,66876,66868,20.8,-105.178,39.6946,50.7,-54.9106,511.602,2.96901,0.679325,38.5963,0.170447,0.000241271,0.657905,0.455473,0.506081,0.573558,0.438604,0.219302,0.0506081,0.0506081,0.0168694,0,0,0,0,0,0
66877,66895,66886,20.7,-105.18,39.6953,51.4995,-55.1337,508.8,3.53328,0.828138,48.312,0.175014,0.000319525,0.959262,0.639508,0.479631,0.399692,0.495619,0.319754,0.20784,0.0159877,0.0159877,0,0,0,0,0,0
66896,66914,66905,20.6,-105.182,39.6956,52.3389,-55.0458,506.657,3.72365,1.03866,70.3715,0.203256,0.00049767,0.783085,0.703178,0.559347,0.495421,0.495421,0.303645,0.175795,0.175795,0.0159813,0.0159813,0,0,0,0,0
66915,66933,66924,20.5,-105.185,39.6954,53.1626,-54.6947,505.221,3.82931,1.09215,70.4777,0.193594,0.000501482,0.781818,0.654174,0.478664,0.574397,0.414842,0.52653,0.287198,0.0797773,0.0319109,0,0,0,0,0,0
66934,66953,66944,20.4,-105.187,39.6946,54.0385,-55.557,500.873,3.66482,0.893075,57.9872,0.194789,0.000384988,0.968346,0.715086,0.506519,0.491622,0.446929,0.342645,0.0595905,0.0744881,0.0446929,0.0148976,0,0,0,0,0
66954,66972,66963,20.3,-105.189,39.6936,54.8853,-55.6005,498.563,3.48801,0.863989,51.2491,0.177951,0.000342788,0.763002,0.700716,0.482715,0.389286,0.560573,0.342572,0.202429,0.0311429,0.0155715,0,0,0,0,0,0
66973,66993,66983,20.2,-105.191,39.6929,55.7805,-56.0219,495.295,3.80759,0.952981,57.5456,0.181154,0.000390212,0.843009,0.688458,0.604157,0.576056,0.393404,0.407454,0.210752,0.0702508,0.0140502,0,0,0,0,0,0
66994,67012,67003,20.1,-105.192,39.6925,56.6242,-57.0826,490.767,3.76864,0.957905,57.9168,0.181386,0.000399928,0.731927,0.794218,0.467187,0.731927,0.404896,0.233594,0.327031,0.0778645,0,0,0,0,0,0,0
67013,67033,67023,20,-105.193,39.6922,57.5824,-57.2181,488.117,4.19936,1.09796,67.3703,0.184078,0.000462884,0.903836,0.667448,0.625733,0.709164,0.486681,0.444965,0.250293,0.0973362,0.0139052,0,0,0,0,0,0
67034,67054,67044,19.9,-105.194,39.6918,58.5148,-56.8462,486.714,4.18948,1.02496,59.3941,0.173843,0.000388038,0.773853,0.707142,0.760511,0.667115,0.707142,0.306873,0.160108,0.106738,0,0,0,0,0,0,0
67055,67073,67064,19.8,-105.196,39.6913,59.4616,-57.2253,483.647,4.09426,1.19551,78.5938,0.197222,0.00056914,0.839471,0.66274,0.574375,0.559647,0.471282,0.500737,0.324006,0.132548,0.0294551,0,0,0,0,0,0
67074,67094,67084,19.7,-105.197,39.6911,60.4186,-57.6167,480.562,4.40099,1.06164,60.7393,0.171638,0.000394675,1.053,0.715498,0.634498,0.661498,0.512998,0.580498,0.202499,0.0404999,0,0,0,0,0,0,0
67095,67115,67105,19.6,-105.197,39.6907,61.4238,-58.5052,476.337,4.69829,1.25275,82.2175,0.196888,0.000562823,1.00678,0.872539,0.65776,0.65776,0.711455,0.429558,0.201355,0.0805421,0.0671184,0.0134237,0,0,0,0,0
67116,67136,67126,19.5,-105.197,39.6902,62.4557,-58.2671,474.595,4.34963,1.06565,63.855,0.179764,0.000433098,0.976993,0.950226,0.642406,0.481805,0.508572,0.455038,0.254286,0.0669173,0.0133835,0,0,0,0,0,0
67137,67156,67146,19.4,-105.198,39.6901,63.461,-59.1935,470.401,4.255,1.15815,74.0746,0.191878,0.000517936,0.859454,0.648113,0.746739,0.704471,0.422683,0.49313,0.225431,0.112715,0.0422683,0,0,0,0,0,0
67157,67179,67168,19.3,-105.198,39.6898,64.4926,-59.5143,467.541,4.03107,1.00735,60.5366,0.180284,0.000413156,0.955695,0.722897,0.624877,0.502352,0.465595,0.44109,0.220545,0.09802,0,0,0,0,0,0,0
67180,67201,67190,19.2,-105.199,39.6892,65.5645,-59.3355,465.723,4.5407,1.20893,75.9097,0.188373,0.000515148,0.946512,0.793024,0.652326,0.639535,0.588373,0.55,0.281396,0.0639535,0.0127907,0.0127907,0,0,0,0,0
67202,67223,67212,19.1,-105.2,39.6886,66.6336,-59.5668,463.085,4.47685,1.05333,60.7115,0.172913,0.00039567,1.08723,0.703505,0.793042,0.652341,0.524431,0.434894,0.230238,0.038373,0.012791,0,0,0,0,0,0
67224,67244,67234,19,-105.2,39.688,67.7033,-59.9643,460.115,4.76466,1.25767,79.0754,0.188623,0.000553674,1.22136,0.697923,0.577128,0.671079,0.778452,0.362383,0.295275,0.134216,0.0268432,0,0,0,0,0,0
67245,67266,67256,18.9,-105.2,39.6877,68.8041,-60.2795,457.329,4.90177,1.232,74.2964,0.180917,0.000495977,1.02655,0.769911,0.821239,0.834071,0.654425,0.449115,0.243805,0.0641593,0.0384956,0,0,0,0,0,0
67267,67288,67278,18.8,-105.2,39.6877,69.9314,-60.8373,454.019,4.63514,1.03061,59.6408,0.173609,0.000381961,1.09441,0.849776,0.824025,0.849776,0.50214,0.244633,0.180256,0.0515016,0.0386262,0,0,0,0,0,0
67289,67309,67299,18.7,-105.199,39.6881,71.1024,-60.3805,452.837,4.26424,1.00423,58.8167,0.175706,0.000389105,0.952079,0.858212,0.710707,0.590021,0.509563,0.348649,0.214553,0.0670478,0.0134096,0,0,0,0,0,0
67310,67331,67320,18.6,-105.2,39.6884,72.2464,-60.6314,450.253,4.51511,1.03995,60.8583,0.175562,0.000401067,1.14523,0.934616,0.579198,0.697671,0.487053,0.394908,0.171127,0.0921452,0.0131636,0,0,0,0,0,0
67332,67352,67342,18.5,-105.201,39.6884,73.43,-60.6548,448.107,4.43929,1.06463,66.3613,0.186999,0.000440211,1.07619,0.851985,0.702514,0.687567,0.493255,0.313889,0.179365,0.10463,0.0149471,0.0149471,0,0,0,0,0
67353,67373,67363,18.4,-105.202,39.688,74.6467,-59.189,449.09,5.42979,1.27825,77.4678,0.181814,0.000528607,1.3091,1.20497,0.758683,0.84794,0.550417,0.312399,0.252894,0.178514,0.0148761,0,0,0,0,0,0
67374,67395,67384,18.3,-105.203,39.6875,75.8618,-59.0986,447.218,5.28854,1.10483,61.6792,0.16748,0.000391777,1.58798,0.921596,0.921596,0.751455,0.467887,0.340281,0.226854,0.0567136,0.0141784,0,0,0,0,0,0
