data/B2SAP/Locations/Boulder/NOAA-POPS-B2SAP_GMLBalloon_20220414_R0.ict
61,1001
Thornberry, T. D.
NOAA Chemical Sciences Laboratory
Portable Optical Particle Spectrometer (POPS)
Balloon Baseline Stratospheric Aerosol Profiles (B2SAP)
1,1
2022,04,14,2024,05,28
0
TIME_START,s,Seconds since midnight UTC on flight start day,Start time of 100 m altitude bin in UTC_seconds_since_midnight
28
1.0,1.0,1.0,1.0,1.0,1.0,1.0,1.0,1.0,1.0,1.0,1.0,1.0,1.0,1.0,1.0,1.0,1.0,1.0,1.0,1.0,1.0,1.0,1.0,1.0,1.0,1.0,1.0
99999,99999,99999,99999,99999,99999,99999,99999,99999,99999,99999,99999,99999,99999,99999,99999,99999,99999,99999,99999,99999,99999,99999,99999,99999,99999,99999,99999
TIME_STOP,s,End time of 100 m altitude bin in UTC seconds since midnight,
TIME_MID,s,Mid time of 100 m altitude in UTC seconds since midnight,
GPSAlt,m,GPS reported altitude above sea level (m),
GPS_Lon,deg,GPS reported longitude,
GPS_Lat,deg,GPS reported latitude,
iMet_Pressure,mb,Pressure reported (mB),
iMet_Temperature,degrees C,Ambient temperature (oC),
THETA,K,Potential temperature from iMet,
Aerosol_concentration,cm^-3,Aerosol concentration,
Surface_Area_Conc,um^2 cm^-3,Surface area concentration,
Volume_density,um^3 cm^-3,Volume density,
Effective_radius,um,Effective radius,
Extinction,km^-1,Extinction,
Bin01,cm^-3,particle concentration in size range [140 - 170 nm],
Bin02,cm^-3,particle concentration in size range [170 - 205 nm],
Bin03,cm^-3,particle concentration in size range [205 - 249 nm],
Bin04,cm^-3,particle concentration in size range [249 - 302 nm],
Bin05,cm^-3,particle concentration in size range [302 - 366 nm],
Bin06,cm^-3,particle concentration in size range [366 - 443 nm],
Bin07,cm^-3,particle concentration in size range [443 - 537 nm],
Bin08,cm^-3,particle concentration in size range [537 - 651 nm],
Bin09,cm^-3,particle concentration in size range [651 - 789 nm],
Bin10,cm^-3,particle concentration in size range [789 - 956 nm],
Bin11,cm^-3,particle concentration in size range [956 - 1159 nm],
Bin12,cm^-3,particle concentration in size range [1159 - 1404 nm],
Bin13,cm^-3,particle concentration in size range [1404 - 1702 nm],
Bin14,cm^-3,particle concentration in size range [1702 - 2062 nm],
Bin15,cm^-3,particle concentration in size range [2062 - 2500 nm],
0
19
PI_CONTACT_INFO: 325 Broadway R/CSL6, Boulder, CO 80305; troy.thornberry@noaa.gov; 303-497-3373 
PLATFORM: GML ECC/FPH balloon
LOCATION: Boulder, CO, USA
ASSOCIATED_DATA: N/A
INSTRUMENT_INFO: Printed Optical Particle Spectrometer counts particles from 140 - 2500 nm in diameter 
DATA_INFO: Particle concentrations reported in number per cubic centimeter, binned to 100 m altitude
UNCERTAINTY: Counting uncertainty dominated by air flow, less than 5 percent
ULOD_FLAG: -77777
ULOD_VALUE: 3000 ~3000 per cm3 (varies depending on flow rate- manufacturer quotes 1250  per cm3 at 1.667 cc/s)
LLOD_FLAG: -88888
LLOD_VALUE: 0 0 (varies depending on data field and measurement precision)
DM_CONTACT_INFO: Troy Thornberry, 325 Broadway R/CSL6, Boulder, CO 80305; troy.thornberry@noaa.gov; 303-497-3373
PROJECT_INFO: B2SAP Boulder, CO, USA
STIPULATIONS_ON_USE: Please contact the PIs for questions regarding applications and uncertainties
OTHER_COMMENTS: POPS bin Edges (nm):  140, 170, 205, 249, 302, 366, 443, 537, 651, 789, 956, 1159, 1404, 1702, 2062, 2500
Calculations assume sulfate refractive index of 1.45+0.00j and extinction wavelength = 532 nm
REVISION: R0
R0: QA/QC data
TIME_START,TIME_STOP,TIME_MID,GPSAlt,GPS_Lon,GPS_Lat,iMet_Pressure,iMet_Temperature,THETA,Aerosol_concentration,Surface_Area_Conc,Volume_density,Effective_radius,Extinction,Bin01,Bin02,Bin03,Bin04,Bin05,Bin06,Bin07,Bin08,Bin09,Bin10,Bin11,Bin12,Bin13,Bin14,Bin15
53885,54136,54010,1.7,-105.197,39.9492,818.538,4.9425,294.466,125.558,27.0078,3364.22,0.373694,0.00965682,42.3077,33.4367,22.0068,12.027,9.89455,2.21774,2.13245,0.426489,0.255893,0.170596,0,0.170596,0.170596,0,0.341191
54165,54856,54510,1.8,-105.197,39.9491,817.238,4.27261,293.891,127.033,23.1527,1911.96,0.247741,0.00728647,46.4387,32.5958,21.598,12.298,8.06099,2.70739,1.78963,0.45888,0.428288,0.198848,0.07648,0.122368,0.137664,0.061184,0.061184
54857,54878,54868,1.9,-105.195,39.9494,805.146,1.82571,292.543,131.683,24.7685,2399.84,0.290672,0.00781881,48.9006,32.9551,22.588,13.3537,8.22161,2.54029,1.61343,0.549252,0.223134,0.102985,0.171641,0.171641,0.0858206,0.0686565,0.137313
54880,54912,54896,2,-105.189,39.9497,795.645,0.843871,292.486,129.116,24.1045,2224.22,0.276822,0.00780896,47.2021,33.5362,22.0936,12.2341,8.3113,2.52598,1.69951,0.4889,0.267731,0.232809,0.104764,0.128045,0.0582024,0.162967,0.0698428
54913,54938,54926,2.1,-105.183,39.9499,785.394,-0.1525,292.503,129.192,24.3897,2096.95,0.257931,0.00786136,46.2053,31.9029,23.057,12.6153,8.93707,2.84223,1.96068,0.623163,0.273584,0.243186,0.121593,0.136792,0.136792,0.0607964,0.0759955
54939,54965,54952,2.2,-105.177,39.9508,775.975,-1.04808,292.556,128.611,23.206,1872.52,0.242073,0.00692336,46.805,32.3686,21.9659,12.7097,8.85997,2.83066,1.81162,0.467059,0.0990732,0.183993,0.12738,0.16984,0.0990732,0.0566132,0.0566132
54966,54986,54976,2.3,-105.172,39.9516,765.877,-1.97,292.655,124.605,23.7548,2125.39,0.268416,0.00754602,44.8372,31.2764,21.0818,12.4067,9.0213,2.75063,1.86581,0.326998,0.288528,0.115411,0.173117,0.173117,0.115411,0.115411,0.0577055
54987,55008,54998,2.4,-105.169,39.9519,756.083,-2.99,292.626,127.294,24.4632,2352.48,0.288492,0.008035,46.3391,32.0164,21.1822,13.786,8.23471,2.38152,1.76099,0.586996,0.285112,0.13417,0.0670852,0.150942,0.100628,0.201256,0.0670852
55009,55026,55018,2.5,-105.165,39.9522,747.516,-3.65722,292.856,121.452,22.2399,1732.07,0.233644,0.00678758,43.5113,31.2049,20.6536,11.9391,7.93898,2.95926,1.91842,0.367356,0.244904,0.183678,0.0612261,0.224496,0.16327,0.0612261,0.0204087
55027,55038,55032,2.6,-105.161,39.9524,738.477,-4.2775,293.204,126.265,22.426,1662.06,0.222339,0.00656463,46.948,30.9795,22.3929,12.1076,8.33944,2.31651,1.79144,0.370642,0.339755,0.0926605,0.185321,0.154434,0.185321,0.0617736,0
55039,55050,55044,2.7,-105.159,39.9526,729.206,-5.1375,293.32,121.573,22.7115,2038.43,0.26926,0.00732336,45.4979,28.4324,21.263,12.286,8.48682,2.78809,1.22553,0.674043,0.337022,0.153192,0.0612767,0.0612767,0.091915,0.153192,0.0612767
55052,55068,55060,2.8,-105.156,39.9531,719.252,-6.10588,293.407,119.897,21.2284,1570.14,0.221893,0.00604693,41.7771,30.9753,20.6575,13.3757,7.96382,2.37595,1.51797,0.483989,0.175996,0.131997,0.109998,0.175996,0.131997,0,0.043999
55069,55089,55079,2.9,-105.152,39.9535,709.796,-7.05333,293.478,115.853,20.3664,1471.89,0.216811,0.00602455,40.8328,28.9099,21.0383,12.0295,8.01375,2.25664,1.47481,0.515297,0.30207,0.15992,0.0888442,0.0710754,0.0710754,0.0710754,0.0177688
55090,55112,55101,3,-105.148,39.9539,700.995,-7.97318,293.508,117.391,19.501,1213.67,0.186708,0.00529419,42.9392,28.9657,20.782,12.0889,7.58949,2.58077,1.46017,0.373532,0.152809,0.203745,0.0848936,0.0509362,0.0848936,0.0339575,0
55113,55135,55124,3.1,-105.143,39.9547,691.773,-8.96174,293.519,119.119,21.7025,1814.8,0.250865,0.00660048,42.573,30.346,20.8598,12.0301,7.58239,2.74082,1.80533,0.393891,0.246182,0.0984726,0.0820605,0.114885,0.114885,0.0656484,0.0656484
55136,55163,55150,3.2,-105.138,39.9556,682.535,-9.95923,293.537,116.574,21.2053,1704.98,0.241211,0.00656007,40.8884,30.973,19.2246,12.3401,7.66387,2.64122,1.34226,0.606182,0.303091,0.187628,0.0865974,0.144329,0.0721645,0.0432987,0.0577316
55164,55190,55177,3.3,-105.132,39.9562,674.224,-10.7944,293.635,114.974,21.5704,1811.73,0.251974,0.00686655,41.1471,28.6143,20.371,11.7783,7.53082,2.38919,1.55087,0.628733,0.237521,0.195606,0.181634,0.0978029,0.139718,0.0698592,0.0419155
55192,55213,55202,3.4,-105.126,39.9564,664.789,-11.7845,293.704,113.527,22.3454,2137.01,0.286907,0.00724722,40.1398,28.2916,20.5414,11.9854,7.08148,2.29762,1.56033,0.685858,0.154318,0.0685858,0.171464,0.24005,0.137172,0.102879,0.0685858
55214,55233,55224,3.5,-105.122,39.9564,656.965,-12.598,293.779,116.873,21.0016,1511.9,0.215968,0.00628362,40.4884,29.5818,20.6843,12.3417,7.99819,2.60228,1.89431,0.516629,0.17221,0.210479,0.0765377,0.114806,0.133941,0.0382688,0.0191344
55234,55246,55240,3.6,-105.118,39.9569,648.885,-13.5692,293.727,112.076,20.8064,1776.8,0.25619,0.00650243,39.7451,29.9635,18.9445,11.461,7.04158,2.00346,1.59098,0.206239,0.383015,0.176776,0.176776,0.147313,0.147313,0.0294627,0.0589253
55247,55264,55256,3.7,-105.115,39.9572,640.07,-14.335,294.006,112.135,21.002,1727.24,0.246726,0.00637068,37.9227,30.5735,19.4057,11.6722,7.44524,2.20955,1.417,0.528372,0.168118,0.168118,0.0960676,0.288203,0.192135,0,0.0480338
55266,55285,55276,3.8,-105.109,39.9572,631.004,-14.3147,295.226,113.699,21.5104,1960.69,0.273453,0.00684568,40.686,28.3086,19.6868,11.489,7.99587,2.42299,1.79705,0.545173,0.242299,0.0605748,0.0807663,0.161533,0.0605748,0.0605748,0.100958
55286,55306,55296,3.9,-105.104,39.9574,623.268,-14.7532,295.769,120.418,23.0101,2025.85,0.264125,0.00733003,43.0975,31.1226,20.4647,12.4815,7.23357,2.63407,1.74254,0.486291,0.324194,0.141835,0.141835,0.222883,0.222883,0.0405242,0.0607863
55307,55330,55318,4,-105.097,39.9577,615.002,-15.0657,296.542,155.988,29.8887,2543.77,0.255324,0.00955887,53.6871,38.8504,26.5413,16.5403,12.0343,4.13964,2.27131,0.860899,0.274755,0.164853,0.073268,0.18317,0.146536,0.164853,0.054951
55331,55351,55341,4.1,-105.09,39.9579,607.089,-15.5852,297.038,163.337,30.0352,2127.78,0.212529,0.00925921,54.1163,41.072,28.5949,17.5448,12.9345,4.37248,2.98207,0.676911,0.274423,0.347603,0.0548846,0.201244,0.0731795,0.0548846,0.0365898
55352,55371,55362,4.2,-105.083,39.9579,599.052,-16.334,297.305,161.989,32.9238,3034.37,0.276491,0.0109426,53.474,40.6859,27.2594,18.2245,12.9429,4.62384,2.61179,0.773864,0.328892,0.174119,0.251506,0.212813,0.212813,0.096733,0.11608
55372,55389,55380,4.3,-105.077,39.9577,591.088,-17.0861,297.574,161.221,29.9625,2321.01,0.232391,0.00915889,52.9623,40.948,28.6096,17.6757,12.749,3.86791,2.83071,0.648254,0.259301,0.172868,0.0432169,0.151259,0.129651,0.129651,0.0432169
55390,55406,55398,4.4,-105.072,39.9574,583.364,-17.665,298.016,155.283,28.0791,2029.12,0.216793,0.0082522,52.5137,39.4278,26.9731,17.0433,11.6535,3.64173,2.59777,0.485564,0.26706,0.145669,0.169947,0.145669,0.121391,0.0728346,0.0242782
55407,55427,55417,4.5,-105.065,39.9565,575.06,-18.2758,298.522,148.175,27.2813,1915.78,0.21067,0.00795311,47.7706,36.4307,27.0318,17.347,11.6055,3.92299,2.73792,0.429077,0.306484,0.0817289,0.143026,0.122593,0.204322,0,0.0408645
55428,55450,55439,4.6,-105.058,39.9551,567.536,-18.4471,299.452,94.4674,16.9929,1153.14,0.203581,0.00485038,31.0753,24.0523,15.9731,10.8773,7.57889,2.57571,1.44536,0.500318,0.0555909,0.0555909,0.0370606,0.0926515,0.0926515,0.0555909,0
55451,55470,55460,4.7,-105.051,39.9532,559.771,-19.1375,299.814,42.6974,7.84944,642.838,0.245688,0.00236402,14.0295,11.058,8.18387,4.21372,3.28816,0.876843,0.633276,0.170497,0.0487135,0.0487135,0.0243568,0.0730703,0,0.0243568,0.0243568
55471,55490,55480,4.8,-105.045,39.9514,552.363,-20.0372,299.891,30.9377,5.11918,316.683,0.185586,0.0013555,10.6178,7.8925,5.47242,3.59741,2.09304,0.654074,0.34884,0.17442,0.0218025,0.0218025,0.0218025,0,0,0.0218025,0
55491,55507,55499,4.9,-105.039,39.9498,545.421,-20.8969,299.959,32.1937,6.57148,659.357,0.301008,0.00222922,10.6408,8.25944,5.9685,3.34598,2.32108,0.633023,0.633023,0.120576,0.030144,0.0602879,0.030144,0.0602879,0.030144,0.030144,0.030144
55509,55525,55517,5,-105.033,39.9484,538.048,-21.828,300.012,32.4689,5.78012,380.173,0.197317,0.00160336,11.0331,8.66889,5.09626,3.57263,2.39051,0.788081,0.630465,0.131347,0.0262694,0,0,0.0788081,0.0525387,0,0
55526,55543,55534,5.1,-105.027,39.9471,530.63,-22.8069,300.029,33.1796,5.94737,470.57,0.237367,0.00183847,12.3442,8.12311,5.59537,3.14126,2.23324,0.711692,0.760774,0.0981645,0.0245411,0.0736233,0,0,0.0490822,0,0.0245411
55544,55559,55552,5.2,-105.021,39.9459,523.162,-23.6843,300.191,26.323,4.21595,201.558,0.143426,0.00108644,9.02744,6.77761,4.64027,2.55918,1.9686,0.703072,0.421843,0.19686,0.0281229,0,0,0,0,0,0
55560,55575,55568,5.3,-105.016,39.9448,516.146,-24.5107,300.36,22.885,4.30024,395.071,0.275615,0.00129503,7.70414,5.88471,3.80943,3.07028,1.30771,0.511714,0.398,0.0852857,0.0284286,0,0,0.0284286,0.0284286,0,0.0284286
55576,55591,55584,5.4,-105.011,39.9436,509.349,-25.2881,300.555,22.1182,3.66481,220.964,0.180881,0.0010048,8.09753,5.44834,4.02377,2.24931,1.37458,0.42487,0.274916,0.0999695,0.0249924,0.0499847,0.0249924,0,0.0249924,0,0
55592,55607,55600,5.5,-105.005,39.9425,502.431,-25.7333,301.188,9.56781,2.1714,302.118,0.417407,0.000784089,3.79002,2.09379,1.98777,0.795109,0.503569,0.185525,0.0530072,0,0.0530072,0,0,0.0530072,0.0265036,0,0.0265036
55608,55623,55616,5.6,-104.999,39.941,495.059,-26.228,301.855,7.77881,1.48788,103.869,0.209431,0.000534195,2.67313,2.2187,1.12272,0.801939,0.427701,0.213851,0.106925,0.133657,0.0267313,0.0267313,0,0.0267313,0,0,0
55625,55638,55632,5.7,-104.994,39.9394,488.211,-27.0258,302.077,14.3092,2.63177,233.664,0.266358,0.000712573,5.49582,4.05484,2.24524,1.2064,0.837777,0.167555,0.134044,0.0335111,0,0,0,0.0335111,0.100533,0,0
55639,55655,55647,5.8,-104.988,39.9375,481.576,-27.8607,302.24,15.3674,3.28198,439.616,0.401845,0.00119444,6.10681,4.12854,2.40832,1.51953,0.516068,0.315375,0.0860113,0.143352,0,0,0.0573409,0.0286704,0,0.0286704,0.0286704
55656,55669,55662,5.9,-104.982,39.9358,475.298,-28.7577,302.265,15.9527,3.21009,321.899,0.300831,0.00106289,5.62853,4.22917,3.17188,1.24387,0.870711,0.435356,0.0932905,0.0932905,0.0621937,0,0,0.0310968,0.0621937,0.0310968,0
55671,55685,55678,6,-104.976,39.934,467.998,-29.7692,302.346,22.9671,4.48498,391.524,0.26189,0.00148876,9.34312,5.5719,3.60135,2.24235,1.01925,0.47565,0.2718,0.101925,0.0679499,0.0679499,0.033975,0.101925,0.0679499,0,0
55687,55701,55694,6.1,-104.97,39.9322,461.289,-30.6657,302.474,22.5972,4.56397,414.462,0.272435,0.00169637,8.20924,5.88861,3.80004,2.2046,1.36337,0.377103,0.232063,0.174048,0.0870238,0.116032,0.0870238,0.0290079,0,0.0290079,0
55702,55714,55708,6.2,-104.965,39.9305,455.77,-31.39,302.608,27.8979,6.13048,696.462,0.340819,0.00236199,9.91826,7.38209,5.07235,2.30973,1.72098,0.4076,0.362311,0.317022,0.0905777,0.0905777,0.0905777,0.0452889,0.0452889,0,0.0452889
55715,55731,55723,6.3,-104.959,39.9288,449.278,-32.2612,302.763,21.3201,4.49279,463.317,0.309373,0.00179311,7.92835,5.53968,3.73547,1.98209,1.09269,0.254114,0.152468,0.254114,0.152468,0.101645,0,0.0254114,0.0508227,0.0508227,0
55732,55746,55739,6.4,-104.952,39.9269,442.312,-33.2042,302.927,29.9754,5.52864,420.098,0.227958,0.00162437,9.87824,8.4476,5.51819,3.0316,1.80533,0.510944,0.340629,0.136252,0.102189,0,0.102189,0.0340629,0.0681258,0,0
55747,55762,55754,6.5,-104.946,39.9252,436.186,-33.9171,303.231,46.7766,10.9761,1244.06,0.340026,0.00410266,15.1605,10.9509,8.94908,5.56374,3.20872,1.0892,0.824258,0.353253,0.147189,0.0588756,0.117751,0.147189,0.117751,0.0294378,0.0588756
55763,55775,55769,6.6,-104.941,39.9236,430.455,-34.4785,303.662,26.37,5.30094,424.968,0.240505,0.00178601,8.44094,7.04469,5.23592,2.57036,1.49144,0.507726,0.507726,0.253863,0.0951986,0.0317329,0.0317329,0.0951986,0.0634657,0,0
55777,55793,55785,6.7,-104.935,39.9219,424.084,-34.9269,304.383,34.0907,6.23444,495.742,0.23855,0.00208251,11.6074,9.41311,7.21884,2.54408,1.65365,0.731424,0.286209,0.254408,0.127204,0.127204,0.031801,0.031801,0.031801,0.031801,0
55794,55810,55802,6.8,-104.928,39.9202,418.354,-34.725,305.836,65.4848,14.8319,1867.43,0.377719,0.00570121,21.9169,18.5201,11.6673,6.79364,3.13098,1.03382,1.06335,0.472601,0.295376,0.0295376,0.0886127,0.11815,0.11815,0.147688,0.0886127
55811,55827,55819,6.9,-104.921,39.9186,412.154,-34.1643,307.865,118.462,24.0879,2376.8,0.296017,0.00826629,40.783,31.1541,22.3791,11.8963,6.27204,2.3557,1.5312,0.736156,0.294462,0.206124,0.176677,0.176677,0.294462,0.176677,0.0294462
55828,55842,55835,7,-104.914,39.9171,406.514,-34.8462,308.194,111.329,24.9018,2788.83,0.335979,0.00918937,36.8237,29.1031,22.3357,10.8342,5.43301,2.41467,1.96986,0.889615,0.285948,0.190632,0.222404,0.285948,0.349492,0.0635439,0.127088
55849,55860,55854,7.1,-104.906,39.9153,399.814,-35.9044,308.283,107.262,25.0357,3053.15,0.365856,0.0094866,34.2267,29.5532,21.0308,10.9507,5.49826,1.92439,1.78693,0.641464,0.274913,0.229094,0.229094,0.320732,0.320732,0.137457,0.137457
55861,55874,55868,7.2,-104.9,39.9141,394.993,-36.6058,308.439,86.8479,19.3851,2041.47,0.315934,0.00731748,29.4341,22.5431,16.9333,8.24155,4.67483,1.8353,1.07348,0.588682,0.380912,0.242398,0.20777,0.450169,0.0692567,0.173142,0
55875,55890,55882,7.3,-104.894,39.9129,389.017,-37.3092,308.872,69.4528,15.6742,1988.53,0.3806,0.00597135,24.9008,18.3043,13.8146,6.32017,2.83199,0.828874,1.1397,0.241755,0.207219,0.138146,0.138146,0.241755,0.103609,0.172682,0.0690728
55891,55908,55900,7.4,-104.886,39.9115,383.75,-37.8862,309.316,57.757,12.4352,1307.08,0.315333,0.00457209,20.8334,15.0158,10.7181,5.47696,2.69917,0.917194,0.70755,0.445494,0.183439,0.183439,0.104822,0.314467,0.0786166,0.0524111,0.0262055
55909,55928,55918,7.5,-104.877,39.9098,377.597,-38.444,310.008,50.9115,9.88149,932.523,0.283112,0.0034256,17.9737,13.2643,9.61384,4.93232,2.64729,0.891718,0.668789,0.390127,0.167197,0.139331,0,0.0557324,0.0835986,0.0557324,0.0278662
55929,55949,55939,7.6,-104.868,39.9079,372.433,-39.0289,310.452,40.0807,8.48107,809.356,0.286293,0.00317582,14.7972,10.2765,6.89761,3.56532,2.05064,0.908807,0.535963,0.372844,0.25633,0.0699082,0.093211,0.163119,0.0466055,0.0466055,0
55950,55977,55964,7.7,-104.857,39.9056,367.009,-39.8143,310.715,37.0457,8.03659,864.827,0.322834,0.00297652,13.3817,9.79014,6.21683,3.391,1.9872,0.875096,0.546935,0.346392,0.127618,0.0546935,0.109387,0.0729247,0.0911559,0.0182312,0.0364623
55978,55999,55988,7.8,-104.845,39.903,362.106,-40.4585,311.052,39.5604,8.85972,1164.95,0.394464,0.00344182,15.1428,10.7892,6.0571,3.44918,2.0611,0.862296,0.378569,0.231348,0.168253,0.0841264,0.0630948,0.0841264,0.0630948,0.0420632,0.0841264
56001,56020,56010,7.9,-104.834,39.9008,356.54,-41.2476,311.369,40.6494,10.1273,1484.4,0.439724,0.00420552,15.0048,10.3918,6.62195,4.04262,2.30652,0.74404,0.595232,0.248013,0.198411,0.0992053,0.0248013,0.0992053,0.0992053,0.0496027,0.124007
56021,56041,56031,8,-104.825,39.8984,351.591,-41.865,311.78,37.8248,9.29932,1067.15,0.344267,0.00387651,14.5176,10.3998,5.22632,3.19386,1.74211,0.765471,0.633493,0.369538,0.290351,0.158373,0.131978,0.131978,0.23756,0,0.0263956
56042,56060,56051,8.1,-104.815,39.8961,346.628,-42.5167,312.166,51.3287,11.4067,1308.38,0.344108,0.00432509,18.2753,14.4115,8.60179,4.59702,2.65104,0.987091,0.64866,0.282026,0.169216,0.197418,0.197418,0.0282026,0.197418,0.0282026,0.0564052
56062,56081,56072,8.2,-104.805,39.8939,341.442,-43.2541,312.519,81.32,23.8687,3503.37,0.440331,0.0104733,28.0258,22.0095,14.1132,7.21953,4.31166,1.45393,1.27846,0.551492,0.401085,0.300814,0.350949,0.626695,0.350949,0.200542,0.125339
56082,56102,56092,8.3,-104.795,39.8919,336.431,-44.0016,312.819,101.834,25.7522,3320.15,0.386779,0.010444,33.8622,26.8562,18.6826,10.2395,6.13022,1.70658,1.41467,0.853291,0.49401,0.247005,0.336825,0.31437,0.40419,0.157185,0.13473
56103,56124,56114,8.4,-104.784,39.8897,331.324,-44.6911,313.241,100.726,25.3579,3088.7,0.365414,0.0101564,32.1683,26.0399,18.8384,11.6607,5.60382,2.16999,1.5023,0.643843,0.476921,0.286152,0.333845,0.286152,0.429229,0.23846,0.0476921
56126,56150,56138,8.5,-104.773,39.8872,326.319,-45.1285,314,79.9403,21.6218,3071.59,0.426179,0.00913274,25.7446,20.8642,14.9822,9.03618,4.32628,1.53445,1.00165,0.788534,0.255741,0.277053,0.149182,0.3623,0.277053,0.191806,0.149182
