data/B2SAP/Locations/Boulder/NOAA-POPS-B2SAP_GMLBalloon_20220203_R0.ict
61,1001
Thornberry, T. D.
NOAA Chemical Sciences Laboratory
Portable Optical Particle Spectrometer (POPS)
Balloon Baseline Stratospheric Aerosol Profiles (B2SAP)
1,1
2022,02,03,2024,05,28
0
TIME_START,s,Seconds since midnight UTC on flight start day,Start time of 100 m altitude bin in UTC_seconds_since_midnight
28
1.0,1.0,1.0,1.0,1.0,1.0,1.0,1.0,1.0,1.0,1.0,1.0,1.0,1.0,1.0,1.0,1.0,1.0,1.0,1.0,1.0,1.0,1.0,1.0,1.0,1.0,1.0,1.0
99999,99999,99999,99999,99999,99999,99999,99999,99999,99999,99999,99999,99999,99999,99999,99999,99999,99999,99999,99999,99999,99999,99999,99999,99999,99999,99999,99999
TIME_STOP,s,End time of 100 m altitude bin in UTC seconds since midnight,
TIME_MID,s,Mid time of 100 m altitude in UTC seconds since midnight,
GPSAlt,m,GPS reported altitude above sea level (m),
GPS_Lon,deg,GPS reported longitude,
GPS_Lat,deg,GPS reported latitude,
iMet_Pressure,mb,Pressure reported (mB),
iMet_Temperature,degrees C,Ambient temperature (oC),
THETA,K,Potential temperature from iMet,
Aerosol_concentration,cm^-3,Aerosol concentration,
Surface_Area_Conc,um^2 cm^-3,Surface area concentration,
Volume_density,um^3 cm^-3,Volume density,
Effective_radius,um,Effective radius,
Extinction,km^-1,Extinction,
Bin01,cm^-3,particle concentration in size range [140 - 170 nm],
Bin02,cm^-3,particle concentration in size range [170 - 205 nm],
Bin03,cm^-3,particle concentration in size range [205 - 249 nm],
Bin04,cm^-3,particle concentration in size range [249 - 302 nm],
Bin05,cm^-3,particle concentration in size range [302 - 366 nm],
Bin06,cm^-3,particle concentration in size range [366 - 443 nm],
Bin07,cm^-3,particle concentration in size range [443 - 537 nm],
Bin08,cm^-3,particle concentration in size range [537 - 651 nm],
Bin09,cm^-3,particle concentration in size range [651 - 789 nm],
Bin10,cm^-3,particle concentration in size range [789 - 956 nm],
Bin11,cm^-3,particle concentration in size range [956 - 1159 nm],
Bin12,cm^-3,particle concentration in size range [1159 - 1404 nm],
Bin13,cm^-3,particle concentration in size range [1404 - 1702 nm],
Bin14,cm^-3,particle concentration in size range [1702 - 2062 nm],
Bin15,cm^-3,particle concentration in size range [2062 - 2500 nm],
0
19
PI_CONTACT_INFO: 325 Broadway R/CSL6, Boulder, CO 80305; troy.thornberry@noaa.gov; 303-497-3373 
PLATFORM: GML ECC/FPH balloon
LOCATION: Boulder, CO, USA
ASSOCIATED_DATA: N/A
INSTRUMENT_INFO: Printed Optical Particle Spectrometer counts particles from 140 - 2500 nm in diameter 
DATA_INFO: Particle concentrations reported in number per cubic centimeter, binned to 100 m altitude
UNCERTAINTY: Counting uncertainty dominated by air flow, less than 5 percent
ULOD_FLAG: -77777
ULOD_VALUE: 3000 ~3000 per cm3 (varies depending on flow rate- manufacturer quotes 1250  per cm3 at 1.667 cc/s)
LLOD_FLAG: -88888
LLOD_VALUE: 0 0 (varies depending on data field and measurement precision)
DM_CONTACT_INFO: Troy Thornberry, 325 Broadway R/CSL6, Boulder, CO 80305; troy.thornberry@noaa.gov; 303-497-3373
PROJECT_INFO: B2SAP Boulder, CO, USA
STIPULATIONS_ON_USE: Please contact the PIs for questions regarding applications and uncertainties
OTHER_COMMENTS: POPS bin Edges (nm):  140, 170, 205, 249, 302, 366, 443, 537, 651, 789, 956, 1159, 1404, 1702, 2062, 2500
Calculations assume sulfate refractive index of 1.45+0.00j and extinction wavelength = 532 nm
REVISION: R0
R0: QA/QC data
TIME_START,TIME_STOP,TIME_MID,GPSAlt,GPS_Lon,GPS_Lat,iMet_Pressure,iMet_Temperature,THETA,Aerosol_concentration,Surface_Area_Conc,Volume_density,Effective_radius,Extinction,Bin01,Bin02,Bin03,Bin04,Bin05,Bin06,Bin07,Bin08,Bin09,Bin10,Bin11,Bin12,Bin13,Bin14,Bin15
[from data line 81]
63721,63749,63735,9.9,-105.179,39.8783,260.341,-56.289,318.545,16.6289,3.10697,169.757,0.163912,0.00103847,5.73616,3.6111,2.54115,1.87242,1.47119,0.668723,0.460676,0.208047,0.0445815,0.0148605,0,0,0,0,0
63750,63779,63764,10,-105.176,39.8779,256.11,-55.3376,321.44,21.2513,3.75058,191.188,0.152926,0.00108234,7.24575,4.60959,3.16633,2.96015,1.70835,0.971991,0.397633,0.147271,0.0294543,0.0147271,0,0,0,0,0
63780,63813,63796,10.1,-105.173,39.8771,252.291,-54.4006,324.218,22.6933,4.14877,232.843,0.16837,0.00125178,7.74317,4.96261,3.6035,2.6434,1.98255,1.07232,0.448879,0.162095,0.0374066,0.0124689,0.0124689,0,0.0124689,0,0
63814,63837,63826,10.2,-105.17,39.8763,248.079,-53.9839,326.403,23.6239,4.69326,325.368,0.20798,0.00150409,6.85796,5.26825,4.34399,3.38277,1.99639,1.03516,0.480612,0.129395,0.0369701,0.0369701,0.0184851,0,0.0184851,0.0184851,0
63838,63875,63856,10.3,-105.168,39.8754,244.497,-53.2422,328.868,23.4119,4.19027,210.589,0.15077,0.00118828,7.36489,5.16573,4.10051,2.84058,2.06171,1.27139,0.481066,0.0687237,0.0572698,0,0,0,0,0,0
63876,63910,63893,10.4,-105.165,39.8749,240.722,-52.0321,332.147,22.1639,4.05825,216.336,0.159923,0.00126383,7.10724,5.09118,3.45792,2.94753,1.8757,0.88043,0.548674,0.191398,0.0255197,0.0382796,0,0,0,0,0
63911,63939,63925,10.5,-105.162,39.8745,236.918,-51.9,333.867,22.948,4.2621,232.794,0.163859,0.0013069,6.95086,5.26011,3.98844,3.13584,1.79191,1.02601,0.520231,0.202312,0.0433526,0.0144509,0,0.0144509,0,0,0
63940,63968,63954,10.6,-105.16,39.874,233.446,-51.3486,336.116,24.2644,4.76296,268.05,0.168834,0.0015638,7.20867,5.1614,3.89268,3.67642,2.17702,1.19664,0.576693,0.288347,0.043252,0.0288347,0.0144173,0,0,0,0
63969,63996,63982,10.7,-105.157,39.8734,229.898,-51.2889,337.677,24.743,5.23259,313.687,0.179846,0.00185238,6.31608,5.58616,4.1561,3.61983,2.62177,1.29599,0.729925,0.20855,0.163861,0.0148964,0.0297928,0,0,0,0
63997,64026,64012,10.8,-105.155,39.873,226.306,-51.009,339.624,24.9243,5.13661,286.732,0.167464,0.00165913,6.01526,5.1798,4.67853,3.82916,2.88231,1.3785,0.640513,0.26456,0.0139242,0.0278484,0,0.0139242,0,0,0
64027,64054,64040,10.9,-105.152,39.8727,222.667,-50.9382,341.315,25.0565,5.33294,327.114,0.184015,0.00190146,6.08752,5.45622,4.85498,3.65251,2.79575,1.15738,0.511051,0.285587,0.180371,0.0450927,0,0.0300618,0,0,0
64055,64084,64070,11,-105.149,39.8722,219.397,-50.826,342.935,24.5553,5.18683,295.488,0.170907,0.00175396,5.39631,5.45208,4.54573,4.04374,2.7609,1.36651,0.571702,0.278879,0.111552,0.0139439,0.0139439,0,0,0,0
64085,64115,64100,11.1,-105.146,39.8719,216.153,-50.4329,345.003,23.9307,5.07949,284.209,0.167857,0.0017567,5.73746,4.985,4.20568,3.7757,2.64702,1.55865,0.618087,0.28217,0.107493,0.0134367,0,0,0,0,0
64116,64145,64130,11.2,-105.143,39.8717,212.741,-50.7313,346.107,23.3852,5.08972,301.056,0.177449,0.00177008,5.50485,4.87772,4.20877,3.55377,2.66184,1.42151,0.822244,0.236918,0.0557453,0.0139363,0.0139363,0.0139363,0,0,0
64146,64173,64160,11.3,-105.14,39.8716,209.563,-50.853,347.411,23.2703,5.10227,286.804,0.168633,0.00175789,4.50244,4.93566,4.34771,4.06921,3.06351,1.29967,0.680781,0.263029,0.0773615,0.0309446,0,0,0,0,0
64174,64202,64188,11.4,-105.137,39.8713,206.313,-50.6631,349.27,22.35,4.85207,286.983,0.17744,0.00176772,5.161,4.9603,3.95677,3.58403,2.4228,1.07521,0.673797,0.372739,0.114689,0.0143361,0.0143361,0,0,0,0
64203,64230,64216,11.5,-105.133,39.8712,203.151,-50.5278,351.024,21.5901,4.75771,274.232,0.172918,0.00173039,4.89211,4.5063,3.81183,3.30256,2.74699,1.1883,0.709896,0.324083,0.0771626,0.030865,0,0,0,0,0
64231,64259,64245,11.6,-105.13,39.8713,200.08,-50.4145,352.732,22.3279,4.77017,265.415,0.166922,0.00163049,4.86322,4.96334,3.77615,3.94779,2.31718,1.48757,0.643661,0.228857,0.0858215,0.0143036,0,0,0,0,0
64260,64287,64274,11.7,-105.126,39.8714,197.063,-50.1718,354.649,20.8664,4.53391,262.926,0.173973,0.00160131,4.95899,4.19904,3.86415,3.22012,2.27985,1.31381,0.656905,0.27049,0.0901635,0,0,0.0128805,0,0,0
64288,64316,64302,11.8,-105.122,39.871,194.096,-50.1341,356.261,21.5156,4.67437,267.029,0.171379,0.00166153,4.80181,4.46852,4.17227,3.23412,2.4688,1.30846,0.715951,0.234536,0.0740639,0.037032,0,0,0,0,0
64317,64344,64330,11.9,-105.119,39.8706,191.089,-49.9546,358.138,19.5998,4.10705,222.605,0.162602,0.0013563,4.29462,4.29462,3.65744,3.16044,2.07722,1.26163,0.624441,0.178412,0.0509748,0,0,0,0,0,0
64345,64373,64359,12,-105.115,39.8702,188.124,-50.1375,359.443,20.3047,4.43374,255.347,0.172775,0.00152574,5.06341,3.74973,3.58393,3.13753,2.27025,1.54326,0.701481,0.204067,0.0382626,0,0,0,0.0127542,0,0
64374,64400,64387,12.1,-105.111,39.8693,185.27,-50.2337,360.856,19.813,4.15295,235.82,0.170351,0.0014004,4.68908,4.51737,3.24934,3.14367,2.25869,1.16236,0.449095,0.250965,0.0792521,0,0.0132087,0,0,0,0
64401,64426,64414,12.2,-105.107,39.8683,182.462,-50.3315,362.287,18.5127,4.06888,252.445,0.186128,0.00146995,4.64195,3.76039,3.23697,2.87884,2.0386,1.06062,0.50965,0.247938,0.0964204,0.0137743,0.0137743,0,0.0137743,0,0
64427,64453,64440,12.3,-105.103,39.868,179.668,-50.5315,363.558,17.8671,3.80859,225.966,0.177992,0.00136069,4.65235,3.77755,3.15458,2.54487,1.77611,1.11338,0.516928,0.251837,0.0265091,0.0397637,0.0132546,0,0,0,0
64454,64483,64468,12.4,-105.098,39.8682,177.042,-50.6893,364.828,17.196,3.46357,192.151,0.166433,0.00118354,4.97249,3.33477,3.06182,2.59899,1.54278,0.890064,0.534038,0.178013,0.0712051,0.0118675,0,0,0,0,0
64484,64512,64498,12.5,-105.093,39.8689,174.21,-50.7183,366.46,16.5122,3.32387,194.932,0.175939,0.00106305,4.70542,3.38395,2.76644,2.39593,1.82783,0.876863,0.321105,0.160552,0.0494007,0,0.0123502,0,0.0123502,0,0
64513,64541,64527,12.6,-105.088,39.8693,171.645,-50.6464,368.149,15.8236,3.12401,177.238,0.170202,0.00101074,4.57582,3.336,2.79917,2.09618,1.61048,0.818023,0.421793,0.0766897,0.0639081,0.0127816,0,0.0127816,0,0,0
64542,64573,64558,12.7,-105.083,39.8692,168.962,-50.6742,369.759,15.9087,3.01219,163.757,0.163094,0.000974137,4.55356,3.85036,2.84742,1.97129,1.33725,0.749321,0.40348,0.11528,0.05764,0.023056,0,0,0,0,0
64574,64604,64589,12.8,-105.078,39.869,166.428,-50.5829,371.507,16.6377,3.36634,197.24,0.175776,0.00117137,5.02947,3.67672,2.71707,2.01179,1.399,1.00589,0.566538,0.150306,0.05781,0.011562,0,0,0.011562,0,0
64605,64635,64620,12.9,-105.073,39.8686,163.854,-50.4545,373.377,15.3866,3.27288,202.069,0.185221,0.0011895,4.42422,3.15355,2.59908,2.06771,1.51324,0.912567,0.39275,0.196375,0.0924118,0.0115515,0.0115515,0.0115515,0,0,0
64636,64666,64651,13,-105.068,39.8682,161.388,-50.4755,374.974,16.4431,3.58819,211.928,0.177188,0.00134985,4.27543,3.62834,2.47281,2.40348,1.69862,1.1093,0.53154,0.196439,0.0924417,0.0346656,0,0,0,0,0
64667,64696,64682,13.1,-105.062,39.8678,158.941,-50.9187,375.861,16.2696,3.33074,188.776,0.170031,0.00110795,4.19592,3.76557,2.60601,2.4267,1.61382,0.992197,0.442305,0.179313,0.0239084,0.0119542,0.0119542,0,0,0,0
64697,64725,64711,13.2,-105.056,39.8673,156.502,-50.7534,377.802,15.5966,3.34324,200.478,0.179896,0.00119207,3.6727,3.46177,2.92823,2.36988,1.56338,0.868543,0.446679,0.198524,0.0248155,0.049631,0.0124078,0,0,0,0
64726,64754,64740,13.3,-105.05,39.8672,154.103,-51.0285,379.003,15.1835,3.20271,178.508,0.16721,0.0010909,3.55926,3.19933,2.54614,2.69277,1.66632,0.879817,0.399917,0.159967,0.0666528,0.0133306,0,0,0,0,0
64755,64783,64769,13.4,-105.044,39.867,151.728,-51.4007,380.059,15.5043,3.34007,209.354,0.188039,0.00112777,3.65972,3.32589,2.74479,2.76951,1.48367,0.877837,0.395645,0.136003,0.0741834,0,0.0123639,0.0123639,0.0123639,0,0
64784,64812,64798,13.5,-105.039,39.8666,149.388,-51.6875,381.252,14.566,3.02692,165.78,0.164306,0.00101324,3.59021,3.03886,2.65419,2.14131,1.60277,0.871909,0.487243,0.153866,0.0128222,0.0128222,0,0,0,0,0
64813,64841,64827,13.6,-105.035,39.8658,147.121,-51.4318,383.359,14.7469,3.16194,174.719,0.165771,0.00107088,3.24703,3.15683,2.64948,2.35635,1.61224,1.11617,0.394604,0.18039,0.0225488,0.0112744,0,0,0,0,0
64842,64872,64857,13.7,-105.031,39.8649,144.866,-51.3852,385.14,14.8821,3.31899,191.345,0.172955,0.00123906,3.20837,3.31676,2.78565,2.12446,1.59335,0.921323,0.650346,0.205943,0.0758737,0,0,0,0,0,0
64873,64903,64888,13.8,-105.026,39.8642,142.596,-51.741,386.264,14.8784,3.19495,185.019,0.173729,0.00107498,3.24219,3.12677,2.89593,2.29786,1.80471,0.933834,0.367238,0.146895,0.020985,0.0314775,0,0.0104925,0,0,0
64904,64937,64920,13.9,-105.021,39.864,140.348,-52.0006,387.563,15.1432,3.43904,198.407,0.173078,0.00127174,3.14293,2.92387,2.94292,2.54291,1.78099,0.895258,0.590489,0.266673,0.0476201,0.00952402,0,0,0,0,0
64938,64972,64955,14,-105.014,39.8639,138.212,-52.3974,388.561,14.5946,3.26604,190.443,0.17493,0.00120208,3.03926,3.16164,2.51912,2.6925,1.40744,1.04028,0.448749,0.17338,0.0917896,0.0203977,0,0,0,0,0
64973,65008,64990,14.1,-105.007,39.8637,136.129,-52.4569,390.155,14.4518,3.30894,207.491,0.188118,0.00123786,3.24373,3.06252,2.51888,2.27424,1.63999,0.878889,0.516461,0.217457,0.0724857,0.00906071,0,0,0.0181214,0,0
65010,65044,65027,14.2,-105,39.863,134.024,-52.3082,392.159,13.4974,3.08379,183.349,0.178367,0.00118841,3.07281,2.6229,2.55589,2.10598,1.40718,0.880681,0.58393,0.162735,0.0861536,0.0191452,0,0,0,0,0
65046,65073,65060,14.3,-104.994,39.8625,132.032,-52.1058,394.197,13.159,2.92475,168.909,0.173255,0.00107049,3.14408,2.46428,2.29433,2.27005,1.38388,0.910448,0.461294,0.145672,0.0728359,0.0121393,0,0,0,0,0
65074,65100,65087,14.4,-104.99,39.8623,130.026,-52.0226,396.07,13.2249,2.94527,173.154,0.176371,0.00107567,3.03217,2.61233,2.35576,2.08753,1.65603,0.886326,0.314879,0.209919,0.0233244,0.0466487,0,0,0,0,0
65101,65125,65113,14.5,-104.986,39.8621,127.995,-52.5765,396.87,12.2086,2.74107,153.938,0.168479,0.000972813,2.85235,2.06692,2.12204,2.24606,1.30905,0.964564,0.468503,0.151574,0.027559,0,0,0,0,0,0
65126,65148,65137,14.6,-104.982,39.8617,126.076,-52.9991,397.819,13.5385,3.15012,189.674,0.180635,0.00121939,3.05441,2.7242,2.13258,2.24265,1.63727,0.921826,0.564103,0.165103,0.0550344,0.0412758,0,0,0,0,0
65149,65166,65158,14.7,-104.979,39.8616,124.207,-53.2433,399.072,12.7992,2.80876,159.613,0.17048,0.000999173,2.76407,2.72886,2.48238,1.9014,1.32041,0.933093,0.51056,0.105633,0.0352111,0.0176055,0,0,0,0,0
65167,65185,65176,14.8,-104.976,39.8618,122.198,-54.1116,399.357,12.9094,2.93021,174.357,0.178509,0.00110628,2.83335,2.69923,2.19627,2.09568,1.57595,0.83827,0.385604,0.184419,0.0670616,0.0335308,0,0,0,0,0
65186,65213,65200,14.9,-104.973,39.8622,120.221,-54.57,400.386,12.8748,2.99134,182.447,0.182975,0.001132,2.86237,2.7328,2.14383,1.75512,1.73156,0.918786,0.424055,0.247365,0.0353379,0.0117793,0,0.0117793,0,0,0
65214,65240,65227,15,-104.97,39.863,118.443,-54.2367,402.702,12.2686,2.94381,173.106,0.176411,0.00113564,2.4348,2.44662,1.92657,2.1275,1.54834,1.00465,0.508235,0.21275,0.0590971,0,0,0,0,0,0
65241,65269,65255,15.1,-104.966,39.8635,116.524,-54.5348,404.034,12.7105,2.87529,165.823,0.173015,0.00106347,2.84911,2.51782,2.26382,1.97671,1.46873,0.90553,0.463808,0.231904,0.0220861,0.011043,0,0,0,0,0
65270,65300,65285,15.2,-104.962,39.8638,114.751,-54.0323,406.749,11.7132,2.85983,179.801,0.188613,0.00113016,2.47237,2.05623,2.19086,1.92159,1.3953,0.905719,0.514057,0.171352,0.0489578,0.0244789,0.0122395,0,0,0,0
65301,65329,65315,15.3,-104.957,39.8634,112.92,-53.5662,409.485,12.2602,2.86295,165.826,0.173764,0.00107019,2.33371,2.54188,2.0598,2.26797,1.39146,0.931294,0.503994,0.164346,0.0657384,0,0,0,0,0,0
65330,65355,65342,15.4,-104.952,39.863,111.267,-53.5131,411.308,11.8517,2.63306,151.313,0.1724,0.000965231,2.74537,2.48799,2.02226,1.74037,1.36043,0.943721,0.294147,0.183842,0.0735367,0,0,0,0,0,0
65356,65374,65365,15.5,-104.949,39.8624,109.542,-54.2679,411.741,11.3966,2.81747,169.983,0.180995,0.00112898,2.03391,2.26924,2.11796,1.76496,1.52963,0.790031,0.638748,0.20171,0.0336183,0.0168092,0,0,0,0,0
65375,65403,65389,15.6,-104.945,39.8612,107.753,-54.5566,413.13,11.7621,2.70124,154.055,0.171094,0.000978225,2.17571,2.40764,2.31928,1.91065,1.34739,1.01607,0.375503,0.154619,0.055221,0,0,0,0,0,0
65404,65429,65416,15.7,-104.94,39.8597,106.027,-54.4858,415.169,11.3193,2.50298,137.786,0.165147,0.000856246,2.22454,2.29828,2.18767,1.96644,1.19216,0.884899,0.430159,0.122903,0.0122903,0,0,0,0,0,0
65430,65453,65442,15.8,-104.936,39.8591,104.497,-55.0446,415.844,11.3226,2.66294,158.118,0.178132,0.00103024,2.32602,2.27255,1.92498,2.01855,1.24322,0.788707,0.507981,0.173783,0.0534717,0.0133679,0,0,0,0,0
65454,65478,65466,15.9,-104.931,39.8591,102.772,-54.762,418.364,11.0563,2.53135,147.012,0.17423,0.000938354,2.34721,2.15482,1.98808,1.82133,1.34676,0.782404,0.397615,0.166742,0.0384789,0.0128263,0,0,0,0,0
65479,65503,65491,16,-104.927,39.8593,101.248,-55.0362,419.618,10.2458,2.36502,138.532,0.175727,0.000888922,2.01185,2.09179,1.87862,1.79867,1.19912,0.679499,0.319764,0.2265,0.026647,0.0133235,0,0,0,0,0
65504,65530,65517,16.1,-104.922,39.8594,99.6004,-55.2181,421.247,10.952,2.49763,144.631,0.173722,0.000929593,2.42849,1.88089,2.35706,1.65471,1.19044,0.749975,0.499983,0.154757,0.0238087,0.0119044,0,0,0,0,0
65531,65554,65542,16.2,-104.916,39.8596,98.025,-55.8845,421.874,10.207,2.44257,146.885,0.180406,0.00096465,1.98731,1.98731,1.91972,1.63582,1.32488,0.770591,0.283902,0.189268,0.108153,0,0,0,0,0,0
65555,65580,65568,16.3,-104.911,39.8601,96.5953,-56.5518,422.341,9.64196,2.03102,108.88,0.160825,0.000658456,2.11446,2.06372,1.62391,1.67466,1.15027,0.625882,0.253736,0.135326,0,0,0,0,0,0,0
65581,65609,65595,16.4,-104.904,39.8603,94.9859,-56.6997,424.094,10.4466,2.31457,131.892,0.170949,0.000826429,2.19616,2.22584,1.98842,1.6026,1.08819,0.870551,0.296779,0.128604,0.0395705,0.00989262,0,0,0,0,0
65610,65643,65626,16.5,-104.897,39.8598,93.4221,-56.2521,426.988,9.98483,2.4139,150.665,0.187247,0.000954638,2.09247,2.01433,1.58021,1.73649,1.17213,0.729327,0.425441,0.147602,0.0694597,0.00868246,0,0.00868246,0,0,0
65644,65675,65660,16.6,-104.889,39.8587,92.135,-55.0278,431.097,9.67732,2.29758,139.665,0.182364,0.00090487,1.87504,1.83949,1.9017,1.82172,0.977507,0.639823,0.364344,0.186615,0.0444322,0.0266593,0,0,0,0,0
65676,65705,65690,16.7,-104.882,39.8577,90.5817,-55.0317,433.198,9.73,2.2804,132.464,0.174265,0.000842467,1.97063,1.81905,1.62009,1.78115,1.19375,0.871627,0.274752,0.151587,0.0378968,0.0094742,0,0,0,0,0
65706,65734,65720,16.8,-104.875,39.8563,89.2343,-55.7311,433.658,9.37804,2.2477,137.163,0.183071,0.00083899,1.79601,1.92867,1.56131,1.56131,1.15312,0.949029,0.224501,0.153069,0.0306138,0.0102046,0.0102046,0,0,0,0
65735,65761,65748,16.9,-104.869,39.8549,87.8654,-56.2373,434.557,9.12133,2.2439,139.738,0.186824,0.000921844,1.90578,1.66343,1.55327,1.5753,1.15669,0.694014,0.286419,0.187274,0.0771127,0.0220322,0,0,0,0,0
65762,65788,65775,17,-104.862,39.8531,86.4419,-56.3742,436.325,9.24498,2.16112,128.013,0.177704,0.000838403,1.9858,1.78722,1.62173,1.55554,1.08116,0.661932,0.297869,0.187547,0.0661932,0,0,0,0,0,0
65789,65815,65802,17.1,-104.855,39.8516,85.0342,-55.9192,439.292,8.74454,2.01521,113.41,0.168832,0.000718625,1.65199,1.83922,1.48679,1.4978,0.991194,0.837009,0.308372,0.121146,0.0110133,0,0,0,0,0,0
65816,65844,65830,17.2,-104.849,39.8496,83.6852,-55.5444,442.062,8.73309,1.95527,111.986,0.171821,0.000703105,1.79934,1.75349,1.53574,1.62743,1.05439,0.492812,0.297979,0.137529,0.0229215,0.0114607,0,0,0,0,0
65845,65871,65858,17.3,-104.843,39.8472,82.439,-54.8948,445.296,8.53884,1.89501,108.583,0.171898,0.000699894,1.98831,1.71594,1.47081,1.47081,0.85797,0.517506,0.326846,0.163423,0.0272371,0,0,0,0,0,0
65872,65899,65886,17.4,-104.838,39.8446,81.1414,-54.4714,448.179,8.79274,1.98159,113.394,0.171671,0.000725606,1.78714,1.87905,1.53184,1.52162,1.02122,0.541249,0.337004,0.132759,0.040849,0,0,0,0,0,0
65900,65925,65912,17.5,-104.833,39.8417,79.8371,-54.9062,449.362,9.02385,2.0754,118.252,0.170934,0.00075744,1.8,1.93113,1.51391,1.44239,1.06093,0.786756,0.333775,0.131126,0.0238411,0,0,0,0,0,0
