data/B2SAP/Locations/Boulder/NOAA-POPS-B2SAP_GMLBalloon_20191203_R0.ict
61,1001
Thornberry, T. D.
NOAA Chemical Sciences Laboratory
Portable Optical Particle Spectrometer (POPS)
Balloon Baseline Stratospheric Aerosol Profiles (B2SAP)
1,1
2019,12,03,2024,05,30
0
TIME_START,s,Seconds since midnight UTC on flight start day,Start time of 100 m altitude bin in UTC_seconds_since_midnight
28
1.0,1.0,1.0,1.0,1.0,1.0,1.0,1.0,1.0,1.0,1.0,1.0,1.0,1.0,1.0,1.0,1.0,1.0,1.0,1.0,1.0,1.0,1.0,1.0,1.0,1.0,1.0,1.0
99999,99999,99999,99999,99999,99999,99999,99999,99999,99999,99999,99999,99999,99999,99999,99999,99999,99999,99999,99999,99999,99999,99999,99999,99999,99999,99999,99999
TIME_STOP,s,End time of 100 m altitude bin in UTC seconds since midnight,
TIME_MID,s,Mid time of 100 m altitude in UTC seconds since midnight,
GPSAlt,m,GPS reported altitude above sea level (m),
GPS_Lon,deg,GPS reported longitude,
GPS_Lat,deg,GPS reported latitude,
iMet_Pressure,mb,Pressure reported (mB),
iMet_Temperature,degrees C,Ambient temperature (oC),
THETA,K,Potential temperature from iMet,
Aerosol_concentration,cm^-3,Aerosol concentration,
Surface_Area_Conc,um^2 cm^-3,Surface area concentration,
Volume_density,um^3 cm^-3,Volume density,
Effective_radius,um,Effective radius,
Extinction,km^-1,Extinction,
Bin01,cm^-3,particle concentration in size range [140 - 170 nm],
Bin02,cm^-3,particle concentration in size range [170 - 205 nm],
Bin03,cm^-3,particle concentration in size range [205 - 249 nm],
Bin04,cm^-3,particle concentration in size range [249 - 302 nm],
Bin05,cm^-3,particle concentration in size range [302 - 366 nm],
Bin06,cm^-3,particle concentration in size range [366 - 443 nm],
Bin07,cm^-3,particle concentration in size range [443 - 537 nm],
Bin08,cm^-3,particle concentration in size range [537 - 651 nm],
Bin09,cm^-3,particle concentration in size range [651 - 789 nm],
Bin10,cm^-3,particle concentration in size range [789 - 956 nm],
Bin11,cm^-3,particle concentration in size range [956 - 1159 nm],
Bin12,cm^-3,particle concentration in size range [1159 - 1404 nm],
Bin13,cm^-3,particle concentration in size range [1404 - 1702 nm],
Bin14,cm^-3,particle concentration in size range [1702 - 2062 nm],
Bin15,cm^-3,particle concentration in size range [2062 - 2500 nm],
0
19
PI_CONTACT_INFO: 325 Broadway R/CSL6, Boulder, CO 80305; troy.thornberry@noaa.gov; 303-497-3373 
PLATFORM: GML ECC/FPH balloon
LOCATION: Boulder, CO, USA
ASSOCIATED_DATA: N/A
INSTRUMENT_INFO: Printed Optical Particle Spectrometer counts particles from 140 - 2500 nm in diameter 
DATA_INFO: Particle concentrations reported in number per cubic centimeter, binned to 100 m altitude
UNCERTAINTY: Counting uncertainty dominated by air flow, less than 5 percent
ULOD_FLAG: -77777
ULOD_VALUE: 3000 ~3000 per cm3 (varies depending on flow rate- manufacturer quotes 1250  per cm3 at 1.667 cc/s)
LLOD_FLAG: -88888
LLOD_VALUE: 0 0 (varies depending on data field and measurement precision)
DM_CONTACT_INFO: Troy Thornberry, 325 Broadway R/CSL6, Boulder, CO 80305; troy.thornberry@noaa.gov; 303-497-3373
PROJECT_INFO: B2SAP Boulder, CO, USA
STIPULATIONS_ON_USE: Please contact the PIs for questions regarding applications and uncertainties
OTHER_COMMENTS: POPS bin Edges (nm):  140, 170, 205, 249, 302, 366, 443, 537, 651, 789, 956, 1159, 1404, 1702, 2062, 2500
Calculations assume sulfate refractive index of 1.45+0.00j and extinction wavelength = 532 nm
REVISION: R0
R0: QA/QC data
TIME_START,TIME_STOP,TIME_MID,GPSAlt,GPS_Lon,GPS_Lat,iMet_Pressure,iMet_Temperature,THETA,Aerosol_concentration,Surface_Area_Conc,Volume_density,Effective_radius,Extinction,Bin01,Bin02,Bin03,Bin04,Bin05,Bin06,Bin07,Bin08,Bin09,Bin10,Bin11,Bin12,Bin13,Bin14,Bin15
[from data line 464]
71954,71988,71971,8,-103.53,39.2277,361.733,-33.91,319.897,36.6073,10.448,754.654,0.216688,0.00534877,9.48007,7.07091,5.51699,3.80648,2.98737,2.85486,2.98737,1.32504,0.445696,0.0843209,0.0481833,0,0,0,0
71989,72023,72006,7.9,-103.523,39.2245,366.832,-33.0103,319.822,36.5823,10.7339,835.092,0.233398,0.00558976,9.73429,7.30946,5.07116,4.20848,2.82119,2.50643,2.93777,1.25905,0.419682,0.198183,0.0932626,0.0233157,0,0,0
72024,72061,72042,7.8,-103.516,39.221,372.063,-32.1003,319.733,38.1178,11.0959,841.698,0.227569,0.00570578,9.68173,8.01468,5.07596,4.29587,3.31273,2.55401,3.15244,1.34647,0.448822,0.128235,0.0748037,0.0320587,0,0,0
72062,72100,72081,7.7,-103.509,39.2173,377.413,-31.3097,319.473,37.5353,11.1247,847.903,0.228654,0.00588575,9.6501,7.20029,5.50673,3.73861,3.40842,3.00367,2.71609,1.66161,0.394099,0.213026,0.0213026,0.0106513,0,0.0106513,0
72101,72140,72120,7.6,-103.502,39.2133,382.841,-30.672,319.014,34.3826,10.5351,795.27,0.226462,0.0055205,8.43671,6.33762,4.64221,3.69358,3.10826,3.34037,2.92661,1.32202,0.333028,0.17156,0.0504588,0.0100918,0.0100918,0,0
72141,72181,72161,7.5,-103.496,39.2095,388.275,-30.045,318.557,35.8604,11.6109,934.577,0.241475,0.00623719,8.22514,6.78549,4.84247,3.91626,3.33234,3.1914,3.20146,1.75174,0.332227,0.151012,0.08054,0.0302025,0.0100675,0.0100675,0
72182,72220,72201,7.4,-103.49,39.2058,393.729,-29.4459,318.074,38.7211,11.932,947.405,0.238201,0.00621685,8.95864,7.63907,5.4226,4.27829,3.54634,3.30923,3.45356,1.56699,0.247419,0.195874,0.0824731,0.0103091,0,0,0.0103091
72221,72258,72240,7.3,-103.484,39.2021,399.242,-28.6808,317.797,40.8105,12.999,1074.07,0.24788,0.00691831,9.52245,7.49775,6.2323,4.47123,3.69087,3.44833,3.57487,1.55017,0.421814,0.253088,0.0843628,0.0105454,0.0316361,0.0210907,0
72259,72296,72278,7.2,-103.479,39.1984,404.726,-27.8689,317.615,39.5833,12.2202,974.329,0.239193,0.00632233,9.09973,7.68565,5.54835,4.51208,3.75647,3.44343,3.41105,1.51122,0.345423,0.151122,0.0647668,0.0107945,0.0215889,0.0215889,0
72297,72333,72315,7.1,-103.474,39.1947,410.512,-27.1327,317.282,35.5392,11.5758,938.518,0.243228,0.00617677,8.38747,6.19382,5.10775,3.95717,3.27972,3.15068,3.26896,1.47318,0.376361,0.172051,0.107532,0.0537658,0.0107532,0,0
72334,72368,72351,7,-103.468,39.1912,416.3,-26.3986,316.961,34.0713,11.1982,876.188,0.234731,0.00606587,7.89223,5.79745,4.58587,3.79325,3.19312,3.14783,3.55547,1.52862,0.294402,0.18117,0.0566157,0.0339694,0.0113231,0,0
72369,72404,72386,6.9,-103.463,39.1878,422.111,-25.5309,316.817,35.1261,11.3495,865.931,0.22889,0.00612652,8.09819,5.91834,4.54041,4.41617,3.26413,3.45613,3.09471,1.68289,0.451782,0.12424,0.0677673,0.0112946,0,0,0
72405,72440,72422,6.8,-103.457,39.1844,427.978,-24.7803,316.521,33.8616,11.2751,952.964,0.253559,0.00601123,7.7257,5.84085,4.55871,3.93408,3.47382,3.0574,3.1122,1.54514,0.317795,0.120543,0.131501,0.0328753,0,0,0.0109584
72441,72477,72459,6.7,-103.45,39.1807,433.994,-24.0457,316.196,31.7299,10.5369,833.12,0.2372,0.00568972,7.35582,5.14482,4.04995,3.83736,3.14642,3.12516,3.07201,1.34998,0.403932,0.127558,0.0850383,0.0212596,0.0106298,0,0
72478,72516,72497,6.6,-103.443,39.177,439.953,-23.4685,315.698,30.1476,10.3353,887.494,0.25761,0.00576414,6.74526,5.48869,4.14165,3.37766,2.70414,2.5835,2.85492,1.5682,0.392049,0.160841,0.0904729,0.0100525,0.0201051,0,0.0100525
72517,72559,72538,6.5,-103.436,39.173,445.955,-22.8463,315.265,28.6554,9.68071,799.164,0.247656,0.00531015,6.25275,5.07127,3.75347,3.21726,2.96278,2.70831,2.66287,1.44504,0.390797,0.090883,0.0817947,0.0090883,0,0,0.0090883
72560,72601,72580,6.4,-103.429,39.1694,452.298,-22.5271,314.393,27.1599,9.27111,789.37,0.255429,0.00514021,6.09655,4.83071,3.55555,2.97847,2.39208,2.75508,2.78301,1.21,0.316462,0.158231,0.0465386,0.0186154,0,0.00930772,0.00930772
72602,72642,72622,6.3,-103.423,39.1664,458.569,-22.0765,313.717,28.2252,9.31771,756.358,0.243523,0.00499442,6.28634,5.26298,3.78155,3.1383,2.75819,2.65098,2.56327,1.21828,0.272895,0.15594,0.107209,0.0194925,0.00974627,0,0
72643,72682,72662,6.2,-103.418,39.1633,464.672,-22.4925,312.019,18.4311,5.91609,479.201,0.242999,0.00311262,4.07516,3.34222,2.65814,2.27701,1.67111,1.50498,1.84702,0.811124,0.0977257,0.0781806,0.0488629,0,0.00977257,0.00977257,0
72683,72724,72704,6.1,-103.414,39.1594,471.117,-22.211,311.145,12.9464,4.41786,422.981,0.287231,0.00236595,3.15314,2.22574,1.78987,1.39109,1.22416,1.2798,1.05723,0.556436,0.139109,0.0463697,0.0463697,0.00927394,0.00927394,0.00927394,0.00927394
72725,72765,72745,6,-103.41,39.1551,477.575,-21.2907,311.076,11.9931,4.23046,404.732,0.287013,0.00235885,2.82077,1.99399,1.73137,1.22558,1.07967,1.0894,1.29366,0.505793,0.116722,0.0778144,0.0389072,0,0,0.0097268,0.0097268
72766,72804,72785,5.9,-103.406,39.151,484.036,-20.5249,310.823,9.89655,3.47405,282.033,0.243549,0.00202968,2.33503,1.61962,1.32153,1.05325,0.794903,0.973757,0.934012,0.606114,0.158981,0.0794903,0.00993629,0,0.00993629,0,0
72805,72841,72823,5.8,-103.402,39.1471,490.58,-19.6562,310.693,9.38027,3.24982,270.623,0.249819,0.0018436,2.29806,1.56686,1.24304,0.940116,0.846105,0.814768,0.961008,0.501395,0.0835659,0.0835659,0.0313372,0.0104457,0,0,0
72842,72880,72861,5.7,-103.398,39.1437,497.344,-18.6928,310.658,10.5642,3.72418,327.53,0.263841,0.00210882,2.42651,1.86427,1.43026,1.23298,0.700334,1.01598,1.05543,0.631287,0.0887748,0.0690471,0.00986387,0.0295916,0,0.00986387,0
72881,72914,72898,5.6,-103.394,39.1407,503.763,-17.8591,310.538,10.7932,3.90293,320.648,0.246467,0.00225797,2.43609,1.73684,1.40977,0.93609,1.09398,1.17293,1.09398,0.654135,0.146617,0.0789474,0.0112782,0.0112782,0.0112782,0,0
72915,72945,72930,5.5,-103.39,39.1382,510.631,-16.9735,310.415,11.0574,3.39299,275.309,0.243422,0.0018079,3.0482,2.04859,1.51793,1.16004,0.876204,0.900886,0.826841,0.431932,0.123409,0.0740454,0.0493636,0,0,0,0
72946,72976,72961,5.4,-103.387,39.1359,517.485,-16.0584,310.339,11.3853,3.67553,297.363,0.24271,0.00193749,2.67746,1.98967,1.83,1.08081,0.933425,1.24047,0.896579,0.540404,0.0982553,0.0491276,0.0122819,0.0122819,0.0245638,0,0
72977,73005,72991,5.3,-103.383,39.1336,524.502,-15.1631,310.216,11.0795,3.49667,291.956,0.250486,0.00180789,2.8778,2.07987,1.24269,1.46506,0.967988,0.902583,0.86334,0.483994,0.0784855,0.0523236,0.0261618,0.0130809,0.0261618,0,0
73006,73034,73020,5.2,-103.38,39.1311,531.427,-14.3876,309.987,9.05764,3.18387,287.711,0.271096,0.00173122,2.20251,1.65514,1.199,1.01654,0.690727,0.768922,0.86015,0.45614,0.0651629,0.0521303,0.0390977,0.0521303,0,0,0
73035,73062,73048,5.1,-103.377,39.1286,538.364,-13.655,309.717,8.53275,2.72164,222.425,0.245173,0.00153366,2.66061,1.49155,0.994368,0.644995,0.658433,0.698745,0.806244,0.389685,0.0806244,0.0806244,0.0134374,0.0134374,0,0,0
73063,73087,73075,5,-103.375,39.126,545.38,-12.8928,309.482,7.62114,2.27531,173.827,0.229192,0.00121189,2.24417,1.29529,0.979,0.738015,0.677769,0.602462,0.707892,0.180738,0.150615,0.0301231,0,0.0150615,0,0,0
73088,73113,73100,4.9,-103.372,39.123,552.407,-12.345,308.998,8.8796,2.55441,205.145,0.24093,0.00126312,2.44406,1.89451,1.27265,0.795404,0.636323,0.752018,0.679709,0.274776,0.0433857,0.0433857,0.0144619,0.0144619,0.0144619,0,0
73114,73137,73126,4.8,-103.37,39.1197,559.525,-11.6542,308.685,6.88078,2.00968,149.723,0.223503,0.00111266,2.11115,1.17286,0.938288,0.703716,0.547335,0.375315,0.531697,0.375315,0.0781907,0.0469144,0,0,0,0,0
73138,73160,73149,4.7,-103.368,39.1167,566.926,-10.9983,308.304,7.86783,2.3189,194.317,0.251391,0.00122592,2.53068,1.3789,1.2329,0.632671,0.48667,0.535337,0.681338,0.21089,0.0648893,0.0811117,0,0.0162223,0.0162223,0,0
73161,73183,73172,4.6,-103.365,39.1138,574.319,-10.2291,308.061,7.64223,2.35906,225.3,0.286513,0.00124436,2.29267,1.62601,0.878044,0.845524,0.276421,0.715443,0.617883,0.227641,0.0975604,0.0162601,0.0325201,0,0,0.0162601,0
73184,73206,73195,4.5,-103.362,39.1109,581.886,-9.44174,307.831,9.48574,2.29228,146.086,0.191189,0.00103187,2.83277,1.97485,1.44067,0.906487,0.598929,0.760801,0.663678,0.275183,0.0161873,0.0161873,0,0,0,0,0
73207,73228,73218,4.4,-103.359,39.108,589.608,-8.76429,307.465,8.19055,2.73269,294.602,0.32342,0.00152505,2.31242,1.71225,1.00617,0.670778,0.68843,0.529562,0.723734,0.388345,0.0706082,0.0529562,0.0176521,0,0,0,0.0176521
73229,73253,73241,4.3,-103.357,39.1055,597.287,-7.99708,307.215,8.17749,2.63768,237.839,0.270509,0.00145444,2.49953,1.62007,1.01833,0.663457,0.60174,0.617169,0.60174,0.277726,0.154292,0.0617169,0.0308584,0.0154292,0.0154292,0,0
73254,73278,73266,4.2,-103.354,39.1031,604.835,-7.2575,306.969,7.49423,2.20108,191.028,0.260365,0.00116647,2.60067,1.53886,0.769429,0.600154,0.43088,0.707874,0.523211,0.0923314,0.0923314,0.0923314,0.0461657,0,0,0,0
73279,73302,73290,4.1,-103.351,39.101,612.817,-6.53667,306.654,7.12821,1.98979,163.347,0.246278,0.00102621,2.40673,1.51762,0.766474,0.59785,0.567191,0.352578,0.58252,0.183954,0.0766474,0.0459884,0.0153295,0,0.0153295,0,0
73303,73328,73316,4,-103.348,39.0993,620.652,-5.93308,306.231,7.54918,2.23067,190.419,0.256093,0.00113275,2.21704,1.65577,1.03836,0.603373,0.533213,0.505149,0.561277,0.294671,0.0701596,0.0140319,0.0280639,0.0140319,0.0140319,0,0
73329,73354,73342,3.9,-103.345,39.098,628.55,-5.0968,306.081,7.94245,2.40515,226.852,0.282958,0.00126665,2.56918,1.60024,1.02767,0.484475,0.631285,0.55788,0.631285,0.308302,0.0587242,0.0293621,0.0146811,0,0.0146811,0.0146811,0
73355,73377,73366,3.8,-103.342,39.0966,636.579,-4.3087,305.873,7.93125,2.49501,241.341,0.290189,0.00136556,2.54819,1.59262,0.987424,0.605195,0.445933,0.684826,0.621122,0.207041,0.159262,0.0318524,0.0159262,0.0159262,0,0.0159262,0
73378,73401,73390,3.7,-103.338,39.0956,644.572,-4.52792,304.535,8.72493,2.65566,228.156,0.257739,0.00147691,2.69044,1.83923,1.26162,0.577609,0.501608,0.63841,0.699211,0.304005,0.0304005,0.152002,0.0152002,0,0.0152002,0,0
73402,73425,73414,3.6,-103.335,39.0946,652.81,-4.48125,303.482,8.58138,2.39441,178.322,0.223423,0.00125764,2.70831,1.68889,1.17157,0.73033,0.456456,0.654254,0.669469,0.38038,0.076076,0.0304304,0.0152152,0,0,0,0
73426,73450,73438,3.5,-103.332,39.0932,661.358,-4.31667,302.544,9.38827,2.82052,253.673,0.269815,0.0015085,3.0018,1.88378,1.48558,0.689188,0.627927,0.428828,0.750449,0.245045,0.107207,0.0918918,0.0612612,0.0153153,0,0,0
73451,73477,73464,3.4,-103.33,39.0914,669.855,-3.74962,302.08,10.9164,2.73446,202.396,0.222051,0.00135836,3.78847,2.38533,1.6557,0.645443,0.645443,0.505129,0.743662,0.40691,0.0841882,0.0280627,0.0280627,0,0,0,0
73478,73504,73491,3.3,-103.327,39.089,678.456,-3.01148,301.8,10.998,2.9979,248.337,0.248511,0.00143831,3.43182,2.47253,1.43218,1.04035,0.62151,0.770132,0.797155,0.2432,0.0810666,0.0405333,0.0270222,0.0135111,0.0270222,0,0
73505,73531,73518,3.2,-103.325,39.0866,686.808,-2.11556,301.747,13.3283,2.96433,190.049,0.192336,0.0013269,4.57277,3.16059,1.80221,0.99525,0.860757,0.780061,0.659017,0.39003,0.0806959,0.0268986,0,0,0,0,0
73532,73558,73545,3.1,-103.323,39.0842,695.493,-1.22741,301.655,14.2318,3.19413,215.728,0.202617,0.00144979,4.76624,3.4408,2.22246,1.07107,0.763134,0.709581,0.709581,0.388261,0.107107,0.040165,0.0133883,0,0,0,0
73559,73584,73572,3,-103.32,39.082,704.284,-0.375,301.51,15.5877,3.2764,225.343,0.206333,0.00133378,5.78499,3.57593,2.36094,1.14595,0.86982,0.717947,0.74556,0.262327,0.04142,0.04142,0.0138067,0.0276133,0,0,0
73585,73608,73596,2.9,-103.318,39.0802,713.291,0.31087,301.174,17.4795,3.68935,271.917,0.22111,0.00145681,6.31771,4.21703,2.58666,1.74011,0.721128,0.736805,0.736805,0.235151,0.0783835,0.0313534,0.0313534,0.0313534,0.0156767,0,0
73609,73633,73621,2.8,-103.315,39.0789,722.38,0.8268,300.656,19.6161,4.17187,307.825,0.221358,0.00175394,6.97078,4.98325,3.03892,1.65628,0.964964,0.734525,0.576098,0.432073,0.100817,0.0864147,0.0432073,0.0288049,0,0,0
73634,73658,73646,2.7,-103.312,39.0776,731.564,1.3368,300.129,23.8371,4.43206,296.86,0.20094,0.00159506,9.04861,6.31532,3.58204,1.82698,1.19401,0.733671,0.647357,0.273328,0.0863142,0.0575428,0.0575428,0.0143857,0,0,0
73659,73683,73671,2.6,-103.309,39.0761,740.504,2.17,299.994,26.1778,4.66909,308.697,0.198346,0.00162125,10.886,6.33703,3.67634,2.33169,1.02995,0.915508,0.529278,0.214572,0.100134,0.0858289,0.0572193,0.0143048,0,0,0
73684,73708,73696,2.5,-103.306,39.0745,749.536,2.9392,299.795,33.4511,5.55279,320.739,0.173285,0.00169246,12.4779,9.18294,5.32925,2.9798,1.46125,0.945513,0.616016,0.286519,0.0429779,0.0859557,0.0286519,0.014326,0,0,0
73709,73732,73720,2.4,-103.304,39.073,758.69,3.58042,299.454,54.2531,8.87029,562.882,0.190371,0.00253302,19.814,15.2082,9.1668,5.00959,2.25805,1.16641,1.04678,0.388804,0.044862,0.059816,0.044862,0.029908,0,0,0.014954
73733,73754,73744,2.3,-103.302,39.0717,768.08,4.08364,298.94,79.8221,14.3141,895.403,0.187661,0.0043488,25.5898,21.1409,14.0614,8.86552,4.40028,3.10131,1.78609,0.600777,0.0649489,0.0811861,0.0811861,0,0.0324744,0,0.0162372
73755,73775,73765,2.2,-103.3,39.0706,777.464,4.65524,298.52,96.7762,18.1841,1113.43,0.183693,0.00592244,28.7974,24.4608,18.8708,10.8075,5.67478,3.89612,3.13383,0.779223,0.135517,0.118577,0.0677586,0,0.0169396,0,0.0169396
73776,73795,73786,2.1,-103.299,39.0697,787.208,5.497,298.364,100.018,18.5758,1135.34,0.183358,0.00578046,29.226,25.7814,19.265,11.63,6.16125,4.06607,2.80541,0.781253,0.106535,0.071023,0.0355115,0.0177558,0.0532673,0,0.0177558
73796,73817,73806,2,-103.299,39.0688,796.952,6.38409,298.264,105.498,20.2999,1279.34,0.189067,0.00654014,31.4079,26.592,18.2327,13.0303,7.10302,4.88031,2.93141,0.918078,0.14496,0.0483199,0.0966398,0.0805332,0.0161066,0,0.0161066
73818,73838,73828,1.9,-103.299,39.068,806.659,7.23857,298.137,114.441,23.1827,1354.99,0.175346,0.00797462,31.8023,26.6816,20.685,14.4357,8.40538,6.48511,4.51431,1.04436,0.185289,0.0842222,0.0673778,0.0336889,0.0168444,0,0
73884,73909,73896,1.6,-103.3,39.065,837.158,9.5,297.375,152.1,38.7025,2546.75,0.19741,0.0167612,35.4017,30.8338,24.5461,19.7229,13.6367,12.5082,12.1051,2.75421,0.33588,0.161222,0.0403056,0.0134352,0.0134352,0.0134352,0.0134352
73910,73915,73912,1.5,-103.301,39.0645,843.177,10.1733,297.47,149.882,39.4266,2836.76,0.215851,0.0169369,33.998,29.5812,23.014,20.3407,15.3427,12.6112,11.7976,2.73147,0.116233,0.0581163,0.174349,0.0581163,0,0,0.0581163
