data/B2SAP/Locations/Boulder/NOAA-POPS-B2SAP_GMLBalloon_20190628_R0 (1).ict
61,1001
Thornberry, T. D.
NOAA Chemical Sciences Laboratory
Portable Optical Particle Spectrometer (POPS)
Balloon Baseline Stratospheric Aerosol Profiles (B2SAP)
1,1
2019,06,28,2024,05,30
0
TIME_START,s,Seconds since midnight UTC on flight start day,Start time of 100 m altitude bin in UTC_seconds_since_midnight
28
1.0,1.0,1.0,1.0,1.0,1.0,1.0,1.0,1.0,1.0,1.0,1.0,1.0,1.0,1.0,1.0,1.0,1.0,1.0,1.0,1.0,1.0,1.0,1.0,1.0,1.0,1.0,1.0
99999,99999,99999,99999,99999,99999,99999,99999,99999,99999,99999,99999,99999,99999,99999,99999,99999,99999,99999,99999,99999,99999,99999,99999,99999,99999,99999,99999
TIME_STOP,s,End time of 100 m altitude bin in UTC seconds since midnight,
TIME_MID,s,Mid time of 100 m altitude in UTC seconds since midnight,
GPSAlt,m,GPS reported altitude above sea level (m),
GPS_Lon,deg,GPS reported longitude,
GPS_Lat,deg,GPS reported latitude,
iMet_Pressure,mb,Pressure reported (mB),
iMet_Temperature,degrees C,Ambient temperature (oC),
THETA,K,Potential temperature from iMet,
Aerosol_concentration,cm^-3,Aerosol concentration,
Surface_Area_Conc,um^2 cm^-3,Surface area concentration,
Volume_density,um^3 cm^-3,Volume density,
Effective_radius,um,Effective radius,
Extinction,km^-1,Extinction,
Bin01,cm^-3,particle concentration in size range [140 - 170 nm],
Bin02,cm^-3,particle concentration in size range [170 - 205 nm],
Bin03,cm^-3,particle concentration in size range [205 - 249 nm],
Bin04,cm^-3,particle concentration in size range [249 - 302 nm],
Bin05,cm^-3,particle concentration in size range [302 - 366 nm],
Bin06,cm^-3,particle concentration in size range [366 - 443 nm],
Bin07,cm^-3,particle concentration in size range [443 - 537 nm],
Bin08,cm^-3,particle concentration in size range [537 - 651 nm],
Bin09,cm^-3,particle concentration in size range [651 - 789 nm],
Bin10,cm^-3,particle concentration in size range [789 - 956 nm],
Bin11,cm^-3,particle concentration in size range [956 - 1159 nm],
Bin12,cm^-3,particle concentration in size range [1159 - 1404 nm],
Bin13,cm^-3,particle concentration in size range [1404 - 1702 nm],
Bin14,cm^-3,particle concentration in size range [1702 - 2062 nm],
Bin15,cm^-3,particle concentration in size range [2062 - 2500 nm],
0
19
PI_CONTACT_INFO: 325 Broadway R/CSL6, Boulder, CO 80305; troy.thornberry@noaa.gov; 303-497-3373 
PLATFORM: GML ECC/FPH balloon
LOCATION: Boulder, CO, USA
ASSOCIATED_DATA: N/A
INSTRUMENT_INFO: Printed Optical Particle Spectrometer counts particles from 140 - 2500 nm in diameter 
DATA_INFO: Particle concentrations reported in number per cubic centimeter, binned to 100 m altitude
UNCERTAINTY: Counting uncertainty dominated by air flow, less than 5 percent
ULOD_FLAG: -77777
ULOD_VALUE: 3000 ~3000 per cm3 (varies depending on flow rate- manufacturer quotes 1250  per cm3 at 1.667 cc/s)
LLOD_FLAG: -88888
LLOD_VALUE: 0 0 (varies depending on data field and measurement precision)
DM_CONTACT_INFO: Troy Thornberry, 325 Broadway R/CSL6, Boulder, CO 80305; troy.thornberry@noaa.gov; 303-497-3373
PROJECT_INFO: B2SAP Boulder, CO, USA
STIPULATIONS_ON_USE: Please contact the PIs for questions regarding applications and uncertainties
OTHER_COMMENTS: POPS bin Edges (nm):  140, 170, 205, 249, 302, 366, 443, 537, 651, 789, 956, 1159, 1404, 1702, 2062, 2500
Calculations assume sulfate refractive index of 1.45+0.00j and extinction wavelength = 532 nm
REVISION: R0
R0: QA/QC data
TIME_START,TIME_STOP,TIME_MID,GPSAlt,GPS_Lon,GPS_Lat,iMet_Pressure,iMet_Temperature,THETA,Aerosol_concentration,Surface_Area_Conc,Volume_density,Effective_radius,Extinction,Bin01,Bin02,Bin03,Bin04,Bin05,Bin06,Bin07,Bin08,Bin09,Bin10,Bin11,Bin12,Bin13,Bin14,Bin15
59726,59726,59726,5.3,-105.166,39.9572,541.97,-2.19,322.782,7.49933,3.64599,563.648,0.463782,0.00166933,1.97351,1.57881,1.57881,0.789403,0.394701,0.394701,0,0.394701,0,0,0,0,0.394701,0,0
59766,59775,59770,5.6,-105.164,39.9596,523.315,-4.185,323.635,6.36206,1.76206,225.533,0.383982,0.000608314,1.98814,1.98814,1.19289,0.397629,0.596443,0,0,0,0,0,0,0.198814,0,0,0
59799,59799,59799,5.8,-105.163,39.9608,512.17,-5.62,323.889,7.96946,1.54704,78.4756,0.152179,0.000458389,2.39084,1.19542,1.59389,0.796946,1.59389,0,0.398473,0,0,0,0,0,0,0,0
59833,59833,59833,6,-105.161,39.9621,498.02,-7.12,324.657,11.2202,2.00319,96.8768,0.145084,0.000520345,4.0072,2.40432,1.20216,1.20216,1.20216,1.20216,0,0,0,0,0,0,0,0,0
59847,59847,59847,6.1,-105.16,39.9625,491.77,-7.81,324.995,7.23171,1.80632,107.571,0.178657,0.000706907,0.401762,2.41057,0.803523,1.60705,1.20529,0.401762,0,0.401762,0,0,0,0,0,0,0
59859,59859,59859,6.2,-105.159,39.9627,487.24,-8.39,325.142,9.26076,2.57101,155.356,0.181279,0.00107682,1.20793,1.20793,2.01321,2.01321,0.805284,0.805284,1.20793,0,0,0,0,0,0,0,0
59882,59882,59882,6.3,-105.156,39.9629,478.72,-9.5,325.411,6.87373,2.2418,159.948,0.214044,0.0012717,1.21301,2.42602,0.404337,0,0.808674,0.404337,1.21301,0.404337,0,0,0,0,0,0,0
59891,59904,59898,6.4,-105.155,39.9631,472.92,-10.255,325.61,8.31271,1.86272,107.327,0.172856,0.000708279,1.21649,3.24399,0.608247,1.21649,1.01375,0.405498,0.405498,0.202749,0,0,0,0,0,0,0
59920,59920,59920,6.5,-105.152,39.9636,464.66,-11.49,325.724,9.74626,3.73357,476.442,0.382831,0.00172563,1.21828,3.24875,2.03047,1.62438,0.406094,0.406094,0,0.406094,0,0,0.406094,0,0,0,0
59937,59937,59937,6.6,-105.151,39.9638,457.5,-12.54,325.857,4.0773,0.653758,30.0111,0.137716,0.000149043,1.63092,0.815461,0.40773,0.815461,0,0.40773,0,0,0,0,0,0,0,0,0
59963,59963,59963,6.8,-105.148,39.9652,448.13,-13.98,325.974,11.4799,2.11817,107.664,0.152486,0.000637202,2.45998,2.45998,3.68996,1.63998,0.409996,0,0.819992,0,0,0,0,0,0,0,0
59988,59988,59988,7,-105.145,39.9665,438.5,-14.79,326.974,11.1046,2.71625,155.6,0.171854,0.00102912,1.23384,2.05641,2.87897,2.46769,0.822562,0.411281,1.23384,0,0,0,0,0,0,0,0
60004,60017,60010,7.1,-105.144,39.9675,430.805,-15.72,327.459,8.03589,1.79439,101.568,0.169809,0.000651537,1.44234,2.06048,1.64839,0.824194,1.03024,0.618145,0.206048,0.206048,0,0,0,0,0,0,0
60022,60027,60024,7.2,-105.143,39.9681,425.415,-16.5025,327.637,11.2547,3.13048,201.725,0.193317,0.0014656,2.37485,2.58136,1.34231,1.23905,0.929289,1.44556,0.929289,0.413017,0,0,0,0,0,0,0
60038,60047,60042,7.3,-105.142,39.9693,418.338,-17.336,328.138,11.6779,3.22732,244.934,0.227682,0.00136772,2.71387,1.80924,2.1382,1.64477,1.31581,0.986861,0.740145,0.246715,0,0,0.0822384,0,0,0,0
60050,60063,60056,7.4,-105.14,39.9703,413.51,-17.806,328.622,16.8404,4.31646,302.342,0.210132,0.00170421,3.89901,3.23535,2.23986,2.82056,1.99099,1.41028,0.912535,0.248873,0,0,0.0829577,0,0,0,0
60065,60075,60070,7.5,-105.14,39.9708,409.218,-18.2817,328.995,15.77,4.21442,284.696,0.202659,0.00198641,2.41026,4.4762,2.54799,1.92821,1.72162,1.03297,1.10183,0.275459,0.206594,0.0688647,0,0,0,0,0
60083,60101,60092,7.6,-105.138,39.9714,403.067,-19.2743,329.136,15.9723,3.55895,205.125,0.17291,0.0013355,3.4567,3.93348,2.62232,1.84754,2.32433,0.774777,0.65558,0.297991,0.0595982,0,0,0,0,0,0
60103,60108,60106,7.7,-105.137,39.9719,398.357,-20.1267,329.132,16.7744,4.43519,272.295,0.184183,0.00185723,1.92493,3.98736,3.16239,2.7499,1.64994,1.78744,1.23746,0.137495,0.137495,0,0,0,0,0,0
60120,60136,60128,7.8,-105.135,39.9726,391.819,-21.18,329.312,16.5871,4.0328,275.69,0.205086,0.00163368,3.89229,3.65276,2.93418,2.15573,1.55691,1.01798,1.01798,0.239525,0.0598813,0,0.0598813,0,0,0,0
60141,60154,60148,7.9,-105.134,39.9731,386.567,-22.06,329.428,18.1491,4.78467,306.235,0.19201,0.00205554,3.43362,3.50369,2.9431,2.59273,2.31244,2.03214,0.910959,0.210221,0.140148,0.0700738,0,0,0,0,0
60156,60170,60163,8,-105.133,39.9736,382.24,-22.8317,329.482,16.3072,3.85006,271.814,0.2118,0.00134109,4.07681,3.30362,2.60072,2.10869,2.0384,1.47609,0.492029,0.14058,0,0,0,0,0.0702898,0,0
60171,60188,60180,8.1,-105.131,39.974,375.955,-23.86,329.683,14.0146,3.5259,228.491,0.194411,0.00154595,2.84507,3.58268,1.9494,1.9494,1.21179,1.36985,0.790297,0.105373,0.158059,0.0526864,0,0,0,0,0
60196,60213,60204,8.2,-105.13,39.9744,369.986,-24.8029,329.938,10.7335,2.99621,219.617,0.219895,0.00129178,2.24373,2.24373,1.63732,1.21283,1.15219,1.21283,0.788339,0.181924,0,0,0.0606415,0,0,0,0
60216,60230,60223,8.3,-105.128,39.975,365.683,-25.5267,330.075,9.56627,2.5379,173.897,0.20556,0.00118485,1.55895,2.76359,1.20464,1.70067,0.56689,0.992058,0.354306,0.283445,0.0708613,0.0708613,0,0,0,0,0
60233,60253,60243,8.4,-105.128,39.9762,360.966,-26.1589,330.465,7.49767,1.81465,107.323,0.177428,0.000722399,1.50896,1.55612,1.27319,1.08457,0.943103,0.518707,0.424396,0.188621,0,0,0,0,0,0,0
60257,60267,60262,8.5,-105.126,39.9774,356.527,-26.7233,330.876,4.83933,1.23078,69.1084,0.16845,0.000437844,0.711666,0.782833,0.6405,1.13867,0.711666,0.569333,0.284667,0,0,0,0,0,0,0,0
60272,60287,60280,8.6,-105.125,39.9784,350.75,-27.69,331.117,4.7155,2.28862,421.144,0.552049,0.00118565,0.643022,0.750192,0.857363,0.750192,0.964533,0.428681,0.214341,0,0,0,0,0,0,0.10717,0
60291,60306,60298,8.7,-105.124,39.9792,345.841,-28.4913,331.364,5.36945,1.22095,70.4592,0.173126,0.000466001,0.859113,1.55714,0.966502,0.805418,0.429556,0.322167,0.322167,0.107389,0,0,0,0,0,0,0
60308,60323,60316,8.8,-105.123,39.9802,341.554,-29.3227,331.422,4.14867,1.09765,70.126,0.191663,0.000490837,1.05674,0.587076,0.626215,0.626215,0.430523,0.469661,0.195692,0.117415,0.0391384,0,0,0,0,0,0
60324,60342,60333,8.9,-105.122,39.9808,336.459,-30.26,331.571,2.40573,0.614314,42.5481,0.207783,0.000303665,0.678539,0.493483,0.246741,0.431798,0.246741,0.123371,0,0.123371,0.0616854,0,0,0,0,0,0
60343,60357,60350,9,-105.12,39.9816,331.976,-31.171,331.592,3.54184,1.05824,88.9661,0.25221,0.000435681,0.647897,0.820669,0.431931,0.388738,0.561511,0.475124,0.129579,0.0431931,0,0,0.0431931,0,0,0,0
60361,60374,60368,9.1,-105.119,39.9824,327.65,-32.0257,331.659,3.66609,1.14712,81.6245,0.213468,0.000600222,0.621371,0.745645,0.559234,0.310685,0.559234,0.43496,0.248548,0.0621371,0.124274,0,0,0,0,0,0
60378,60393,60386,9.2,-105.117,39.9832,322.459,-33.1243,331.664,3.36759,0.748549,45.6738,0.183049,0.000300797,1.06017,0.498902,0.623628,0.436539,0.311814,0.249451,0.124726,0,0.0623628,0,0,0,0,0,0
60396,60404,60400,9.3,-105.116,39.9838,318.874,-33.836,331.739,4.22521,1.35194,103.747,0.230218,0.000705629,0.704202,0.704202,0.440126,1.0563,0.440126,0.440126,0.176051,0.176051,0,0.0880253,0,0,0,0,0
60414,60426,60420,9.4,-105.114,39.9847,312.883,-35.108,331.764,3.64725,0.899828,53.7696,0.179266,0.000369786,0.878856,0.834913,0.527313,0.219714,0.439428,0.439428,0.263657,0.0439428,0,0,0,0,0,0,0
60430,60442,60436,9.5,-105.113,39.985,308.757,-35.934,331.866,2.99657,0.976825,113.457,0.348447,0.000411724,0.925411,0.749143,0.352538,0.264403,0.220336,0.264403,0.132202,0,0,0,0.0440672,0.0440672,0,0,0
60443,60458,60450,9.6,-105.112,39.9857,304.733,-36.7367,331.99,2.79238,0.746618,68.0754,0.273535,0.00032235,0.58787,0.845064,0.440903,0.367419,0.293935,0.0367419,0.110226,0.0367419,0.0367419,0,0.0367419,0,0,0,0
60461,60475,60468,9.7,-105.111,39.9865,300.225,-37.6073,332.181,2.74351,0.575875,31.3752,0.163448,0.000196082,0.56484,0.56484,0.56484,0.524494,0.322766,0,0.161383,0.0403457,0,0,0,0,0,0,0
60478,60492,60485,9.8,-105.11,39.9868,296.346,-38.2837,332.457,4.39336,0.89753,48.3344,0.161558,0.000295959,0.834182,1.11224,1.00102,0.77857,0.111224,0.333673,0.166836,0.0556121,0,0,0,0,0,0,0
60496,60506,60501,9.9,-105.109,39.9875,291.273,-39.0967,332.941,10.2231,2.94315,233.056,0.237558,0.00126385,1.34318,1.64166,2.76097,1.71628,1.26855,0.522346,0.746208,0.0746208,0,0.0746208,0.0746208,0,0,0,0
60509,60525,60517,10,-105.108,39.9882,286.964,-39.81,333.349,12.5779,2.79538,175.145,0.187966,0.000966904,2.96823,2.96823,2.00356,1.66963,1.37281,0.964675,0.51944,0.0742058,0,0,0.0371029,0,0,0,0
60526,60543,60534,10.1,-105.107,39.9891,283.021,-40.5685,333.582,12.3038,2.87793,178.387,0.185954,0.00114496,2.68071,2.88691,2.09645,1.37472,1.6153,0.893569,0.549888,0.103104,0.034368,0.0687361,0,0,0,0,0
60545,60562,60554,10.2,-105.105,39.99,278.514,-41.2875,334.076,10.9576,2.91888,190.358,0.195649,0.00129599,2.63431,1.65345,1.76555,1.45728,1.31715,1.23308,0.560491,0.252221,0.0280246,0.0560491,0,0,0,0,0
60563,60580,60572,10.3,-105.103,39.9908,274.603,-41.995,334.401,11.2653,2.61489,176.244,0.202201,0.00091126,2.59101,2.55346,1.76489,1.65224,1.08898,1.12653,0.337958,0.112653,0,0,0,0,0.0375509,0,0
60582,60597,60590,10.4,-105.1,39.9912,270.481,-42.8014,334.687,10.9509,3.3993,407.364,0.359513,0.00148096,1.97052,2.42278,1.84131,1.80901,1.13063,1.06602,0.419948,0.161518,0,0.0323037,0,0.0646074,0,0,0.0323037
60598,60615,60606,10.5,-105.098,39.9917,266.642,-43.4469,335.112,9.52396,2.28079,147.8,0.194407,0.000822188,1.72392,1.95001,1.83697,1.58262,1.27175,0.678265,0.28261,0.141305,0.028261,0,0,0.028261,0,0,0
60617,60629,60623,10.6,-105.096,39.9927,262.786,-44.0931,335.559,9.66002,2.4543,160.565,0.196266,0.00107016,1.91805,2.26679,1.42982,1.42982,1.08108,0.767222,0.453358,0.244116,0,0.0697474,0,0,0,0,0
60632,60649,60640,10.7,-105.093,39.9929,258.694,-44.7938,336.037,8.14619,2.00598,153.878,0.230129,0.000789712,1.87989,2.02231,1.33871,1.02539,0.939945,0.398765,0.341798,0.0854496,0.0569664,0,0.0284832,0.0284832,0,0,0
60650,60666,60658,10.8,-105.09,39.9929,254.708,-45.3531,336.71,6.76785,1.73484,124.02,0.214463,0.000712649,1.64813,1.43773,0.841598,1.12213,0.631199,0.420799,0.561066,0.0701332,0,0,0.0350666,0,0,0,0
60667,60681,60674,10.9,-105.088,39.9932,251.379,-45.9407,337.103,6.1996,1.53898,114.329,0.222867,0.000647499,1.527,1.527,0.885657,0.885657,0.519178,0.305399,0.427559,0.0610798,0,0.0305399,0.0305399,0,0,0,0
60683,60694,60688,11,-105.085,39.9936,247.638,-46.7018,337.411,4.91634,1.07848,59.57,0.165706,0.000376955,0.874943,1.4999,0.583295,0.791615,0.499967,0.374975,0.249984,0.0416639,0,0,0,0,0,0,0
60701,60720,60710,11.1,-105.081,39.9944,243.492,-47.6169,337.679,7.91624,1.83024,104.393,0.171113,0.000682859,1.7496,1.57751,1.37674,1.14728,0.860461,0.631005,0.487595,0.0860461,0,0,0,0,0,0,0
60722,60741,60732,11.2,-105.078,39.9951,240.042,-48.4329,337.833,7.45055,1.66053,95.9589,0.173364,0.00062644,1.78813,1.65267,1.27337,1.02953,0.623137,0.623137,0.325115,0.108372,0.0270929,0,0,0,0,0,0
60742,60755,60748,11.3,-105.074,39.9959,236.532,-49.3167,337.92,5.00931,1.28803,101.163,0.235623,0.000502152,1.31013,0.924795,0.886262,0.462398,0.770663,0.385331,0.154133,0.0385331,0.0385331,0,0,0.0385331,0,0,0
60756,60773,60764,11.4,-105.071,39.9963,232.55,-50.1907,338.234,5.77259,1.50472,126.792,0.252789,0.000591025,1.48173,1.23478,0.895215,0.802606,0.617389,0.370434,0.246956,0.0308695,0.0308695,0,0.0308695,0.0308695,0,0,0
60774,60790,60782,11.5,-105.067,39.9967,228.925,-51.0365,338.473,7.26073,1.70871,114.359,0.200782,0.000773815,2.12909,1.66505,1.00995,0.873471,0.627808,0.27296,0.464032,0.13648,0.027296,0.054592,0,0,0,0,0
60792,60809,60800,11.6,-105.064,39.9965,225.37,-51.8927,338.68,6.76025,1.34531,73.8586,0.164702,0.000466862,1.83804,1.9315,1.05921,0.498451,0.623064,0.498451,0.186919,0.124613,0,0,0,0,0,0,0
60810,60831,60820,11.7,-105.06,39.9961,221.857,-52.0145,340.012,13.1547,2.37615,138.71,0.175128,0.000758125,4.66479,3.38198,1.93589,1.25949,0.769691,0.653071,0.303212,0.139944,0.023324,0,0.023324,0,0,0,0
60832,60854,60843,11.8,-105.054,39.9956,218.28,-52.5052,340.832,15.0051,2.70439,139.994,0.155296,0.000835377,4.76422,3.80692,2.53795,1.35803,1.26897,0.623356,0.534305,0.0890509,0.0222627,0,0,0,0,0,0
60855,60876,60866,11.9,-105.049,39.995,215.043,-53.132,341.329,15.4513,2.71407,150.129,0.165945,0.000916113,6.1337,3.72236,2.13041,1.19396,0.842798,0.866209,0.327755,0.140466,0.0702332,0.0234111,0,0,0,0,0
60878,60894,60886,12,-105.044,39.9942,211.953,-53.755,341.769,16.9368,3.18021,192.224,0.181331,0.00106972,6.2258,4.01664,2.84512,1.10458,0.903745,1.00416,0.635969,0.16736,0,0,0,0.033472,0,0,0
60895,60909,60902,12.1,-105.04,39.9935,208.721,-54.5264,342.062,14.2437,2.527,140.764,0.167112,0.00081325,4.64687,3.90607,2.28976,1.54896,0.67346,0.67346,0.370403,0.067346,0,0.067346,0,0,0,0,0
60910,60927,60918,12.2,-105.036,39.9923,205.533,-55.0394,342.762,5.42073,0.954156,48.0945,0.151216,0.000272927,1.70871,1.23734,1.03112,0.648131,0.353526,0.324065,0.0294605,0.0883815,0,0,0,0,0,0,0
60930,60941,60936,12.3,-105.031,39.9913,202.422,-55.7567,343.135,4.88687,1.21372,97.2768,0.240443,0.000456944,1.06408,1.02467,1.06408,0.551744,0.669974,0.354692,0.0788205,0,0,0.0394103,0.0394103,0,0,0,0
60942,60955,60948,12.4,-105.028,39.9905,199.067,-56.704,343.271,2.82929,0.648835,35.3072,0.163249,0.000215125,0.371055,0.649345,0.602964,0.324673,0.556582,0.231909,0.0463818,0.0463818,0,0,0,0,0,0,0
60955,60969,60962,12.5,-105.024,39.9898,195.789,-57.5567,343.54,1.22023,0.257216,14.0983,0.164434,8.98305e-05,0.244046,0.352511,0.244046,0.135581,0.0542324,0.108465,0.0813486,0,0,0,0,0,0,0,0
60970,60989,60980,12.6,-105.019,39.9888,192.642,-58.2484,344.032,1.23746,0.263328,14.169,0.161422,8.54688e-05,0.341369,0.234691,0.170684,0.128013,0.213355,0.128013,0,0.0213355,0,0,0,0,0,0,0
60990,61010,61000,12.7,-105.014,39.9875,189.464,-58.9584,344.531,1.73951,0.440126,26.7367,0.182244,0.000186253,0.408032,0.300655,0.365081,0.193278,0.0644261,0.236229,0.150328,0.0214754,0,0,0,0,0,0,0
61011,61031,61021,12.8,-105.008,39.9863,186.505,-59.7288,344.835,1.87853,0.3575,18.6972,0.156899,0.00011468,0.38534,0.626177,0.38534,0.168586,0.120419,0.0722512,0.120419,0,0,0,0,0,0,0,0
61032,61051,61042,12.9,-105.003,39.9851,183.578,-60.5217,345.106,2.30258,0.462444,29.8946,0.193934,0.000186325,0.866318,0.478755,0.296372,0.341968,0.0911914,0.0911914,0.0911914,0.0227978,0,0.0227978,0,0,0,0,0
61053,61074,61064,13,-104.997,39.9838,180.711,-61.2865,345.426,2.4256,0.506841,27.5062,0.16281,0.000169117,0.460864,0.751936,0.315328,0.315328,0.339584,0.145536,0.048512,0.048512,0,0,0,0,0,0,0
61075,61095,61085,13.1,-104.991,39.9823,177.692,-61.8495,346.165,4.19029,0.840663,57.3305,0.20459,0.00027218,1.21583,1.10728,0.759897,0.477649,0.195402,0.303959,0.065134,0.0434227,0,0,0.0217113,0,0,0,0
61096,61112,61104,13.2,-104.986,39.9809,174.964,-62.4147,346.764,6.32275,1.22015,67.8916,0.166927,0.000433723,2.09137,1.28887,1.38614,0.41341,0.486365,0.291819,0.267501,0.0729548,0.0243183,0,0,0,0,0,0
61113,61124,61118,13.3,-104.982,39.9794,172.205,-62.7408,347.808,11.0737,2.34336,142.241,0.182098,0.0009184,3.38075,2.24233,2.03535,1.3109,0.793441,0.655451,0.413969,0.13799,0.0689949,0.0344974,0,0,0,0,0
61125,61139,61132,13.4,-104.979,39.9778,169.195,-63.0747,349.012,12.6571,2.72609,163.873,0.180339,0.00105172,3.07426,3.21274,2.24338,1.4402,1.30172,0.720098,0.360049,0.166176,0.110784,0.0276961,0,0,0,0,0
61140,61161,61150,13.5,-104.975,39.9758,166.195,-63.9485,349.336,12.47,2.74,183.356,0.200755,0.00106759,3.49742,2.97697,2.18589,1.2699,1.0409,0.853536,0.333087,0.187362,0.0624539,0.0416359,0,0,0.020818,0,0
61162,61184,61173,13.6,-104.97,39.9739,163.552,-64.782,349.541,11.7405,2.68637,183.148,0.20453,0.00109925,3.09181,2.79934,2.04728,1.37878,0.960969,0.689391,0.459594,0.146234,0.125344,0.0208906,0,0,0.0208906,0,0
61186,61203,61194,13.7,-104.966,39.9724,161.215,-65.5147,349.755,10.9005,2.32586,151.081,0.194871,0.000889058,3.2339,2.70421,1.86786,0.975747,0.780597,0.669084,0.446056,0.139392,0.055757,0,0.0278785,0,0,0,0
61204,61229,61216,13.8,-104.961,39.9711,158.405,-65.2296,351.996,8.7851,1.9359,114.076,0.17678,0.000760496,2.20932,2.19193,1.54827,0.852416,0.713246,0.643661,0.469699,0.104377,0.0521887,0,0,0,0,0,0
61230,61244,61237,13.9,-104.956,39.9703,156.079,-64.3407,354.993,9.17383,2.0741,135.668,0.196232,0.000771884,2.60526,1.99552,1.49664,0.914611,0.831465,0.720603,0.498879,0.0831465,0,0,0,0.0277155,0,0,0
