data/B2SAP/Locations/Boulder/NOAA-POPS-B2SAP_GMLBalloon_20191108_R0.ict
61,1001
Thornberry, T. D.
NOAA Chemical Sciences Laboratory
Portable Optical Particle Spectrometer (POPS)
Balloon Baseline Stratospheric Aerosol Profiles (B2SAP)
1,1
2019,11,08,2024,05,30
0
TIME_START,s,Seconds since midnight UTC on flight start day,Start time of 100 m altitude bin in UTC_seconds_since_midnight
28
1.0,1.0,1.0,1.0,1.0,1.0,1.0,1.0,1.0,1.0,1.0,1.0,1.0,1.0,1.0,1.0,1.0,1.0,1.0,1.0,1.0,1.0,1.0,1.0,1.0,1.0,1.0,1.0
99999,99999,99999,99999,99999,99999,99999,99999,99999,99999,99999,99999,99999,99999,99999,99999,99999,99999,99999,99999,99999,99999,99999,99999,99999,99999,99999,99999
TIME_STOP,s,End time of 100 m altitude bin in UTC seconds since midnight,
TIME_MID,s,Mid time of 100 m altitude in UTC seconds since midnight,
GPSAlt,m,GPS reported altitude above sea level (m),
GPS_Lon,deg,GPS reported longitude,
GPS_Lat,deg,GPS reported latitude,
iMet_Pressure,mb,Pressure reported (mB),
iMet_Temperature,degrees C,Ambient temperature (oC),
THETA,K,Potential temperature from iMet,
Aerosol_concentration,cm^-3,Aerosol concentration,
Surface_Area_Conc,um^2 cm^-3,Surface area concentration,
Volume_density,um^3 cm^-3,Volume density,
Effective_radius,um,Effective radius,
Extinction,km^-1,Extinction,
Bin01,cm^-3,particle concentration in size range [140 - 170 nm],
Bin02,cm^-3,particle concentration in size range [170 - 205 nm],
Bin03,cm^-3,particle concentration in size range [205 - 249 nm],
Bin04,cm^-3,particle concentration in size range [249 - 302 nm],
Bin05,cm^-3,particle concentration in size range [302 - 366 nm],
Bin06,cm^-3,particle concentration in size range [366 - 443 nm],
Bin07,cm^-3,particle concentration in size range [443 - 537 nm],
Bin08,cm^-3,particle concentration in size range [537 - 651 nm],
Bin09,cm^-3,particle concentration in size range [651 - 789 nm],
Bin10,cm^-3,particle concentration in size range [789 - 956 nm],
Bin11,cm^-3,particle concentration in size range [956 - 1159 nm],
Bin12,cm^-3,particle concentration in size range [1159 - 1404 nm],
Bin13,cm^-3,particle concentration in size range [1404 - 1702 nm],
Bin14,cm^-3,particle concentration in size range [1702 - 2062 nm],
Bin15,cm^-3,particle concentration in size range [2062 - 2500 nm],
0
19
PI_CONTACT_INFO: 325 Broadway R/CSL6, Boulder, CO 80305; troy.thornberry@noaa.gov; 303-497-3373 
PLATFORM: GML ECC/FPH balloon
LOCATION: Boulder, CO, USA
ASSOCIATED_DATA: N/A
INSTRUMENT_INFO: Printed Optical Particle Spectrometer counts particles from 140 - 2500 nm in diameter 
DATA_INFO: Particle concentrations reported in number per cubic centimeter, binned to 100 m altitude
UNCERTAINTY: Counting uncertainty dominated by air flow, less than 5 percent
ULOD_FLAG: -77777
ULOD_VALUE: 3000 ~3000 per cm3 (varies depending on flow rate- manufacturer quotes 1250  per cm3 at 1.667 cc/s)
LLOD_FLAG: -88888
LLOD_VALUE: 0 0 (varies depending on data field and measurement precision)
DM_CONTACT_INFO: Troy Thornberry, 325 Broadway R/CSL6, Boulder, CO 80305; troy.thornberry@noaa.gov; 303-497-3373
PROJECT_INFO: B2SAP Boulder, CO, USA
STIPULATIONS_ON_USE: Please contact the PIs for questions regarding applications and uncertainties
OTHER_COMMENTS: POPS bin Edges (nm):  140, 170, 205, 249, 302, 366, 443, 537, 651, 789, 956, 1159, 1404, 1702, 2062, 2500
Calculations assume sulfate refractive index of 1.45+0.00j and extinction wavelength = 532 nm
REVISION: R0
R0: QA/QC data
TIME_START,TIME_STOP,TIME_MID,GPSAlt,GPS_Lon,GPS_Lat,iMet_Pressure,iMet_Temperature,THETA,Aerosol_concentration,Surface_Area_Conc,Volume_density,Effective_radius,Extinction,Bin01,Bin02,Bin03,Bin04,Bin05,Bin06,Bin07,Bin08,Bin09,Bin10,Bin11,Bin12,Bin13,Bin14,Bin15
[from data line 317]
68241,68256,68248,22.4,-104.104,39.4209,35.3013,-62.1281,548.583,3.03805,1.29842,95.8675,0.221502,0.00075149,0.351774,0.223856,0.319795,0.351774,0.415733,0.671569,0.447713,0.223856,0.0319795,0,0,0,0,0,0
68257,68272,68264,22.3,-104.101,39.4206,35.8494,-61.6412,547.443,2.90345,1.2626,108.208,0.257109,0.000782284,0.255249,0.382873,0.319061,0.542403,0.446685,0.350967,0.350967,0.127624,0.0319061,0.0957182,0,0,0,0,0
68273,68286,68280,22.2,-104.098,39.4203,36.5133,-61.464,545.028,2.85516,1.19324,94.3124,0.237117,0.000713482,0.37389,0.30591,0.37389,0.23793,0.47586,0.47586,0.40788,0.10197,0.06798,0.03399,0,0,0,0,0
68287,68301,68294,22.1,-104.095,39.4198,37.125,-61.3286,542.8,3.3748,1.29779,97.6915,0.225826,0.000728731,0.435458,0.471746,0.326594,0.544323,0.362882,0.616899,0.362882,0.217729,0,0.0362882,0,0,0,0,0
68302,68314,68308,22,-104.093,39.4192,37.7407,-61.7714,539.126,2.64169,1.27141,100.606,0.237389,0.000813328,0.2895,0.14475,0.2895,0.398063,0.180938,0.506625,0.506625,0.253313,0.072375,0,0,0,0,0,0
68315,68326,68320,21.9,-104.09,39.4184,38.3783,-62.7283,534.117,3.82934,1.97263,197.953,0.301048,0.00119142,0.553127,0.510579,0.382934,0.340386,0.25529,0.72332,0.510579,0.468031,0,0,0.0850965,0,0,0,0
68328,68343,68336,21.8,-104.088,39.4177,38.9893,-62.458,532.404,3.79885,1.79274,160.801,0.269089,0.00109464,0.373101,0.678366,0.271346,0.40702,0.373101,0.780121,0.508775,0.271346,0.0678366,0.0339183,0.0339183,0,0,0,0
68344,68358,68351,21.7,-104.086,39.417,39.8093,-62.425,529.319,2.56591,1.4994,163.99,0.32811,0.000949324,0.403215,0.219935,0.256591,0.219935,0.219935,0.439871,0.513183,0.109968,0.0733118,0.0366559,0.0733118,0,0,0,0
68359,68375,68367,21.6,-104.084,39.4163,40.4613,-62.65,526.317,3.41038,1.72174,154.75,0.26964,0.00108481,0.272831,0.238727,0.511557,0.477454,0.44335,0.375142,0.647973,0.306934,0.102311,0,0.0341038,0,0,0,0
68375,68391,68383,21.5,-104.082,39.4153,41.114,-63.062,522.882,3.23885,1.62919,134.014,0.246774,0.001092,0.272745,0.306838,0.375024,0.375024,0.340931,0.511397,0.511397,0.409117,0.136372,0,0,0,0,0,0
68392,68406,68399,21.4,-104.08,39.4144,41.84,-63.7193,518.65,3.23686,2.15159,247.314,0.344834,0.00141423,0.241043,0.378782,0.378782,0.309913,0.378782,0.344347,0.516521,0.447651,0.0688695,0.0688695,0,0.103304,0,0,0
68407,68422,68414,21.3,-104.077,39.4135,42.5879,-63.49,516.598,3.49141,2.07517,216.221,0.312583,0.00138733,0.477771,0.44102,0.147007,0.404268,0.257262,0.551275,0.588026,0.330765,0.22051,0,0.0367516,0.0367516,0,0,0
68422,68437,68430,21.2,-104.075,39.4124,43.3013,-63.6587,513.733,3.38548,1.84971,161.71,0.262274,0.00128906,0.341968,0.307771,0.273574,0.307771,0.444558,0.444558,0.649739,0.478755,0.0683936,0.0683936,0,0,0,0,0
68438,68451,68444,21.1,-104.072,39.4115,44.0438,-63.4577,511.74,3.74742,2.12182,217.736,0.307853,0.00134593,0.355018,0.512804,0.315572,0.355018,0.552251,0.394465,0.552251,0.552251,0.078893,0,0,0.078893,0,0,0
68452,68465,68458,21,-104.069,39.4107,44.7277,-63.7992,508.656,3.50452,2.09838,216.008,0.308821,0.00137679,0.159297,0.67701,0.159297,0.278769,0.47789,0.557538,0.557538,0.398241,0.159297,0,0.0796483,0,0,0,0
68466,68478,68472,20.9,-104.067,39.41,45.5264,-64.2021,505.118,3.50333,1.85449,162.678,0.263164,0.00130427,0.331895,0.147509,0.663789,0.331895,0.479403,0.331895,0.590035,0.368772,0.221263,0.0368772,0,0,0,0,0
68479,68493,68486,20.8,-104.064,39.4092,46.244,-64.4847,502.192,4.58611,1.93278,152.235,0.236294,0.00114886,0.482748,0.551712,0.448266,0.827568,0.448266,0.827568,0.551712,0.379302,0,0.068964,0,0,0,0,0
68494,68509,68502,20.7,-104.061,39.4083,47.0667,-64.4107,499.835,4.50259,2.10962,181.882,0.258646,0.00139818,0.692706,0.484894,0.450259,0.415624,0.692706,0.554165,0.554165,0.484894,0.0692706,0.103906,0,0,0,0,0
68510,68524,68517,20.6,-104.058,39.4074,47.8469,-64.4363,497.44,6.7123,2.88226,235.931,0.245569,0.00172585,0.903578,0.839037,0.871308,0.613142,0.839037,0.903578,1.06493,0.548601,0.0968119,0,0.0322706,0,0,0,0
68525,68541,68533,20.5,-104.055,39.4065,48.6494,-63.8106,496.561,7.03215,3.47706,286.948,0.247578,0.00226163,0.513075,0.754522,0.754522,0.754522,0.875246,1.20724,1.23742,0.724342,0.120724,0.0905427,0,0,0,0,0
68542,68560,68551,20.4,-104.052,39.4054,49.5311,-63.6622,494.371,6.87957,2.80793,212.725,0.227277,0.00168797,0.742194,0.856378,1.0562,0.942016,0.713648,0.713648,1.25602,0.456735,0.14273,0,0,0,0,0,0
68561,68578,68570,20.3,-104.049,39.4043,50.4076,-63.5247,492.225,7.30565,3.50258,301.072,0.257871,0.00230942,0.784905,0.633962,1.14717,0.875471,0.754716,0.905659,1.35849,0.543396,0.120755,0.181132,0,0,0,0,0
68579,68595,68587,20.2,-104.046,39.4032,51.2929,-63.6365,489.514,6.9206,3.81356,341.367,0.268542,0.0026361,0.69206,0.571702,0.541612,0.782329,0.69206,1.23367,1.32394,0.782329,0.0601791,0.240717,0,0,0,0,0
68596,68613,68604,20.1,-104.043,39.4022,52.1506,-64.0406,486.269,7.91074,3.52272,280.526,0.2389,0.00222715,0.776691,1.03559,0.949289,0.920523,1.03559,1.06435,1.09312,0.805457,0.201364,0.0287663,0,0,0,0,0
68614,68631,68622,20,-104.039,39.4015,53.0007,-64.3127,483.395,8.45388,4.10901,361.383,0.263847,0.00272493,1.02679,1.12947,0.82143,1.02679,0.924108,0.924108,1.3006,0.924108,0.27381,0.0684525,0.0342262,0,0,0,0
68632,68650,68641,19.9,-104.036,39.4011,53.9335,-64.3188,480.974,9.37117,4.33065,371.09,0.257068,0.00269765,0.973628,0.912777,1.30831,1.00405,1.49087,1.18661,1.46044,0.791073,0.0304259,0.182555,0.0304259,0,0,0,0
68651,68669,68660,19.8,-104.032,39.4007,54.8353,-64.8116,477.579,9.13578,4.65201,437.599,0.2822,0.00299317,0.975929,1.00304,0.867493,1.32835,1.1928,1.21991,1.11148,1.05726,0.135546,0.162655,0.0271092,0.0542183,0,0,0
68671,68690,68680,19.7,-104.029,39.4001,55.816,-64.5185,475.822,8.95534,4.31716,398.894,0.277192,0.00266413,0.849213,1.15802,1.28669,0.977881,1.00362,1.33815,1.18375,0.823479,0.180136,0.0514674,0.102935,0,0,0,0
68690,68712,68701,19.6,-104.025,39.3995,56.7995,-64.9055,472.587,9.70705,4.65726,379.689,0.244579,0.00305932,1.00579,1.09935,1.14613,0.818666,1.2163,1.16952,2.05836,0.842057,0.304076,0.0467809,0,0,0,0,0
68712,68736,68724,19.5,-104.021,39.3985,57.7788,-64.5962,470.977,9.95963,5.06634,466.231,0.276076,0.00331158,1.07324,1.33081,0.987377,0.987377,1.24495,1.18056,1.78157,0.880053,0.321971,0.0858588,0.0858588,0,0,0,0
68736,68762,68749,19.4,-104.016,39.3972,58.8067,-65.2317,467.183,9.36065,4.37416,359.47,0.246541,0.0027857,1.07347,0.966123,1.052,1.03053,1.18082,1.26669,1.5458,0.987592,0.214694,0.0214694,0.0214694,0,0,0,0
68763,68789,68776,19.3,-104.011,39.3959,59.7981,-65.1181,465.213,10.4757,4.44836,359.386,0.242372,0.00278415,1.58423,1.04955,1.3664,1.32679,1.28719,1.34659,1.34659,0.792114,0.27724,0.0990143,0,0,0,0,0
68791,68818,68804,19.2,-104.005,39.395,60.7665,-64.9654,463.415,11.5959,5.41902,473.843,0.262322,0.00354461,1.42475,1.682,1.30602,1.3456,1.24666,1.30602,1.62264,1.1873,0.296824,0.138518,0.0395765,0,0,0,0
68819,68845,68832,19.1,-103.999,39.3945,61.8019,-65.4623,460.09,11.4201,5.15591,431.851,0.251275,0.00324905,1.10645,1.42257,1.63991,1.28427,1.48185,1.58064,1.44233,1.1262,0.158064,0.158064,0.019758,0,0,0,0
68846,68872,68859,19,-103.993,39.3941,62.9128,-64.8112,459.187,12.0849,5.5467,465.246,0.251634,0.00354346,1.53131,1.13814,1.5727,1.36576,1.59339,1.61408,1.80032,0.993282,0.331094,0.12416,0.0206934,0,0,0,0
68872,68896,68884,18.9,-103.987,39.3939,63.9748,-65.0186,456.539,11.5413,4.87721,404.855,0.249029,0.00288931,1.45499,1.30703,1.55364,1.55364,1.52898,1.40567,1.7016,0.715166,0.197287,0.0739827,0.0246609,0.0246609,0,0,0
68896,68918,68907,18.8,-103.983,39.3934,65.0273,-64.48,455.598,12.4059,5.25311,405.625,0.231648,0.00319522,1.45399,1.52435,1.5009,1.5009,1.45399,1.80577,1.82922,1.12567,0.164161,0.046903,0,0,0,0,0
68919,68939,68929,18.7,-103.979,39.3927,66.091,-64.09,454.328,12.9735,6.00372,510.728,0.255205,0.00377897,1.58809,1.46593,1.4415,1.41707,1.66139,1.80798,2.1256,1.02615,0.268754,0.122161,0.0488644,0,0,0,0
68940,68961,68950,18.6,-103.975,39.3918,67.1905,-64.2968,451.752,12.5281,6.02406,547.237,0.272526,0.00385048,1.42048,1.58348,1.53691,1.3739,1.65334,1.53691,1.79306,1.00132,0.419157,0.116433,0.0698595,0.0232865,0,0,0
68962,68982,68972,18.5,-103.972,39.3902,68.3471,-64.1271,449.915,14.2492,6.0802,483.629,0.238625,0.00372923,1.85118,1.68068,1.6076,1.72939,1.75375,2.11912,2.2409,0.82816,0.292292,0.146146,0,0,0,0,0
68983,69003,68993,18.4,-103.969,39.388,69.4519,-63.8619,448.426,15.6396,7.28863,614.69,0.253006,0.00447343,1.09453,1.97015,2.06744,2.11609,1.58098,2.33499,2.84577,1.21614,0.243228,0.0972914,0.0243228,0.0486457,0,0,0
69004,69024,69014,18.3,-103.965,39.3857,70.6823,-64.2691,445.324,16.2471,7.45213,611.538,0.246186,0.00453303,1.51298,1.60609,1.7923,2.00179,2.30438,2.86302,2.5837,1.094,0.325872,0.116383,0.0232766,0.0232766,0,0,0
69025,69046,69036,18.2,-103.96,39.3836,71.8786,-65.1119,441.394,17.5428,8.28548,704.505,0.255087,0.00523513,1.74445,2.03929,1.69531,2.28498,2.21128,2.77638,2.85009,1.3022,0.343976,0.245697,0.0491395,0,0,0,0
69047,69069,69058,18.1,-103.956,39.3814,73.1291,-65.5852,438.229,16.6651,7.94847,694.079,0.261967,0.00499678,1.56585,1.70006,2.01323,2.23693,2.34877,2.34877,2.37114,1.43163,0.380278,0.178954,0.0894771,0,0,0,0
69070,69091,69080,18,-103.951,39.3792,74.3068,-65.6959,436.005,16.6155,8.23499,714.057,0.26013,0.00527063,1.4081,1.83052,1.71318,2.15908,1.76012,2.83966,2.83966,1.43156,0.375492,0.187746,0.0469365,0.0234683,0,0,0
69092,69114,69103,17.9,-103.947,39.3767,75.5926,-65.3787,434.527,17.8769,8.43169,709.219,0.25234,0.00536676,1.34077,2.25696,1.94411,2.52511,2.14523,2.74858,2.94969,1.27373,0.379884,0.2905,0.0223461,0,0,0,0
69115,69139,69127,17.8,-103.942,39.3738,76.8861,-65.4991,432.183,17.5565,7.88189,626.729,0.238545,0.00481273,1.57357,1.93324,2.06812,2.04564,2.42779,2.80994,3.01226,1.19142,0.404632,0.0674386,0,0.0224795,0,0,0
69139,69161,69150,17.7,-103.937,39.3712,78.2422,-65.89,429.217,20.2097,9.95182,892,0.268895,0.00625449,1.69156,2.11445,2.55959,2.78217,2.24799,3.16054,3.13828,1.71381,0.445147,0.200316,0.133544,0.0222573,0,0,0
69162,69184,69173,17.6,-103.932,39.3688,79.5535,-65.7922,427.382,22.1323,10.3005,897.397,0.261365,0.00623091,2.01406,2.17071,2.77493,3.2225,3.15536,3.08823,3.28963,1.74552,0.335677,0.179028,0.111892,0.0447569,0,0,0
69185,69208,69196,17.5,-103.927,39.3664,80.9021,-65.6521,425.63,22.5922,10.3786,870.923,0.251745,0.00648476,2.14144,2.76245,2.63397,2.80528,2.95518,3.46913,3.04084,2.09861,0.385459,0.235558,0.0642431,0,0,0,0
69209,69230,69220,17.4,-103.921,39.3646,82.245,-65.6777,423.572,24.2175,11.1264,944.171,0.254575,0.00670552,1.91314,2.77638,3.26633,3.26633,2.89304,3.70962,3.80294,2.00646,0.303302,0.139986,0.0699928,0.0699928,0,0,0
69231,69254,69242,17.3,-103.916,39.3631,83.7117,-65.6561,421.485,23.2942,11.2622,1007.15,0.26828,0.00688646,2.29123,2.4934,2.60572,2.9202,2.78542,3.79626,3.97596,1.6398,0.381872,0.202168,0.112315,0.0898523,0,0,0
69255,69277,69266,17.2,-103.911,39.3615,85.1113,-65.6278,419.556,23.9001,10.7006,867.607,0.24324,0.00650872,1.78359,3.0098,2.63079,3.43341,3.29964,3.65635,3.72324,1.7167,0.379012,0.222948,0.0445897,0,0,0,0
69278,69300,69289,17.1,-103.906,39.3595,86.4852,-65.1957,418.498,23.1846,10.0727,803.515,0.239315,0.00614015,2.36727,2.63573,3.12382,2.92859,2.80656,3.34347,3.83157,1.5131,0.439288,0.170834,0.0244049,0,0,0,0
69301,69323,69312,17,-103.902,39.3571,87.9242,-64.9821,416.964,22.1517,9.79459,820.677,0.251366,0.00582291,2.07504,2.53316,2.88349,3.09908,2.80265,3.34162,3.42246,1.45522,0.215588,0.215588,0.107794,0,0,0,0
69324,69346,69335,16.9,-103.896,39.3549,89.4809,-65.3695,414.113,23.6224,10.826,897.843,0.248802,0.00657909,1.95689,2.37622,3.23818,2.95863,3.145,3.7507,3.56433,2.14326,0.209667,0.18637,0.0931852,0,0,0,0
69347,69372,69360,16.8,-103.891,39.3526,90.9608,-65.5096,411.887,23.8596,10.7863,915.901,0.254741,0.00650076,2.13314,2.90344,3.16021,2.90344,3.29847,3.31822,3.61449,1.93563,0.296269,0.15801,0.118508,0.0197513,0,0,0
69373,69398,69386,16.7,-103.885,39.35,92.53,-65.5458,409.814,23.2026,11.3546,989.781,0.261511,0.00703092,1.78025,2.17586,2.90774,2.96708,2.98686,3.67918,4.09457,1.93849,0.296708,0.217586,0.158244,0,0,0,0
69399,69427,69413,16.6,-103.879,39.3465,94.0807,-65.7943,407.388,24.5202,11.6565,1011.83,0.260412,0.00718071,1.9329,2.48516,3.23991,3.14786,3.53444,3.49763,4.03148,1.84086,0.404988,0.25772,0.12886,0.0184086,0,0,0
69427,69456,69442,16.5,-103.872,39.3425,95.6986,-65.8646,405.261,25.8599,12.7129,1117.22,0.263642,0.00796862,2.05997,2.68531,2.9796,3.32905,3.34745,4.10154,4.28547,2.18872,0.423029,0.294281,0.165533,0,0,0,0
69457,69485,69471,16.4,-103.864,39.3392,97.281,-66.1348,402.847,25.1687,11.7102,997.374,0.255514,0.00731235,2.34955,2.49195,2.99034,3.63113,3.64893,3.52433,3.72012,1.79776,0.640787,0.284794,0.0889982,0,0,0,0
69486,69511,69498,16.3,-103.858,39.3361,98.9346,-66.3638,400.47,25.7999,11.8346,988.02,0.250457,0.00717107,2.20631,2.74298,3.27965,3.39891,3.20014,4.15422,4.15422,2.0473,0.318027,0.17889,0.11926,0,0,0,0
69512,69535,69524,16.2,-103.851,39.3332,100.562,-65.9917,399.317,25.8528,13.128,1249.51,0.285536,0.00813139,2.55521,2.51227,3.37117,2.94172,3.13497,4.27301,4.20859,1.78221,0.322086,0.429448,0.257669,0.0644172,0,0,0
69536,69559,69548,16.1,-103.845,39.3299,102.241,-65.5929,398.203,25.2734,11.6504,975.014,0.251069,0.00713361,2.21996,2.60418,3.22321,3.52205,2.9884,3.94896,3.99165,2.13457,0.341532,0.192112,0.106729,0,0,0,0
69559,69581,69570,16,-103.839,39.3265,103.917,-66.0623,395.465,26.4451,11.9868,1030.36,0.257872,0.00723866,2.81331,3.02431,3.32908,3.42286,3.46975,3.28219,4.33718,2.08654,0.375108,0.117221,0.187554,0,0,0,0
69582,69603,69592,15.9,-103.831,39.3234,105.696,-66.2836,393.122,25.4718,11.622,956.307,0.246852,0.00714066,2.55421,2.83541,3.02288,2.78854,3.18691,4.47573,3.8899,2.06212,0.37493,0.210898,0.0702994,0,0,0,0
69604,69627,69616,15.8,-103.824,39.3207,107.466,-66.0114,391.782,24.4764,11.5554,1065.24,0.276557,0.00687081,2.76347,2.4848,2.94925,3.29758,3.48336,3.18147,3.80848,1.69524,0.371559,0.139335,0.209002,0.0928897,0,0,0
69628,69651,69640,15.7,-103.816,39.3181,109.307,-66.2404,389.458,21.7548,9.64572,828.117,0.25756,0.00580049,2.45187,2.74164,2.65248,2.76392,2.78621,3.18743,2.83079,1.71631,0.334346,0.156028,0.111449,0.0222897,0,0,0
69652,69677,69664,15.6,-103.807,39.3158,111.179,-66.3678,387.324,18.8204,7.54165,611.871,0.243397,0.00443184,2.17158,2.59066,2.95259,2.53351,2.30493,2.36207,2.22873,1.20009,0.209539,0.228588,0.019049,0.019049,0,0,0
69679,69704,69692,15.5,-103.799,39.3134,113.071,-66.2752,385.639,18.8884,7.72132,644.061,0.25024,0.00449779,2.59549,2.33026,2.5576,2.70916,2.25448,2.29237,2.50077,1.1746,0.246287,0.132616,0.0757808,0.0189452,0,0,0
69705,69733,69719,15.4,-103.791,39.3113,114.929,-65.7707,384.789,21.1587,8.96139,743.298,0.248833,0.00540153,2.98345,2.43435,2.80042,2.6906,2.25132,3.09327,2.83703,1.48257,0.329461,0.183034,0.0732136,0,0,0,0
69734,69760,69747,15.3,-103.783,39.3091,116.908,-65.6792,383.073,18.7588,8.52693,802.718,0.282417,0.00513181,2.40397,2.89658,1.95076,2.38426,2.58131,2.22663,2.30544,1.30051,0.236456,0.25616,0.177342,0.0394093,0,0,0
69762,69790,69776,15.2,-103.776,39.3068,118.831,-65.8321,381.016,18.329,7.00005,555.582,0.238105,0.00404801,2.74934,2.69436,2.51107,2.45608,1.9612,2.27279,2.25446,0.953106,0.311592,0.128303,0.018329,0.018329,0,0,0
69791,69818,69804,15.1,-103.769,39.3038,120.815,-66.1125,378.711,24.9639,11.1239,947.186,0.255445,0.0067628,2.5203,2.99861,3.49531,3.42173,2.81465,3.38493,3.69767,1.93162,0.349531,0.220756,0.128775,0,0,0,0
69819,69844,69832,15,-103.761,39.3002,122.876,-65.8767,377.304,24.2653,10.8154,958.67,0.265918,0.00637051,2.87152,2.79546,3.19481,3.25186,2.90956,3.53711,3.36596,1.63544,0.323284,0.152134,0.209184,0.0190167,0,0,0
69845,69871,69858,14.9,-103.754,39.2966,124.904,-65.7774,375.726,26.4556,11.8825,1043.22,0.263383,0.00699142,2.83589,2.75976,3.46397,3.73043,3.483,4.09205,3.52107,1.78908,0.361623,0.190328,0.209361,0.0190328,0,0,0
