data/B2SAP/Locations/Boulder/NOAA-POPS-B2SAP_GMLBalloon_20210430_R0.ict
61,1001
Thornberry, T. D.
NOAA Chemical Sciences Laboratory
Portable Optical Particle Spectrometer (POPS)
Balloon Baseline Stratospheric Aerosol Profiles (B2SAP)
1,1
2021,04,30,2024,05,28
0
TIME_START,s,Seconds since midnight UTC on flight start day,Start time of 100 m altitude bin in UTC_seconds_since_midnight
28
1.0,1.0,1.0,1.0,1.0,1.0,1.0,1.0,1.0,1.0,1.0,1.0,1.0,1.0,1.0,1.0,1.0,1.0,1.0,1.0,1.0,1.0,1.0,1.0,1.0,1.0,1.0,1.0
99999,99999,99999,99999,99999,99999,99999,99999,99999,99999,99999,99999,99999,99999,99999,99999,99999,99999,99999,99999,99999,99999,99999,99999,99999,99999,99999,99999
TIME_STOP,s,End time of 100 m altitude bin in UTC seconds since midnight,
TIME_MID,s,Mid time of 100 m altitude in UTC seconds since midnight,
GPSAlt,m,GPS reported altitude above sea level (m),
GPS_Lon,deg,GPS reported longitude,
GPS_Lat,deg,GPS reported latitude,
iMet_Pressure,mb,Pressure reported (mB),
iMet_Temperature,degrees C,Ambient temperature (oC),
THETA,K,Potential temperature from iMet,
Aerosol_concentration,cm^-3,Aerosol concentration,
Surface_Area_Conc,um^2 cm^-3,Surface area concentration,
Volume_density,um^3 cm^-3,Volume density,
Effective_radius,um,Effective radius,
Extinction,km^-1,Extinction,
Bin01,cm^-3,particle concentration in size range [140 - 170 nm],
Bin02,cm^-3,particle concentration in size range [170 - 205 nm],
Bin03,cm^-3,particle concentration in size range [205 - 249 nm],
Bin04,cm^-3,particle concentration in size range [249 - 302 nm],
Bin05,cm^-3,particle concentration in size range [302 - 366 nm],
Bin06,cm^-3,particle concentration in size range [366 - 443 nm],
Bin07,cm^-3,particle concentration in size range [443 - 537 nm],
Bin08,cm^-3,particle concentration in size range [537 - 651 nm],
Bin09,cm^-3,particle concentration in size range [651 - 789 nm],
Bin10,cm^-3,particle concentration in size range [789 - 956 nm],
Bin11,cm^-3,particle concentration in size range [956 - 1159 nm],
Bin12,cm^-3,particle concentration in size range [1159 - 1404 nm],
Bin13,cm^-3,particle concentration in size range [1404 - 1702 nm],
Bin14,cm^-3,particle concentration in size range [1702 - 2062 nm],
Bin15,cm^-3,particle concentration in size range [2062 - 2500 nm],
0
19
PI_CONTACT_INFO: 325 Broadway R/CSL6, Boulder, CO 80305; troy.thornberry@noaa.gov; 303-497-3373 
PLATFORM: GML ECC/FPH balloon
LOCATION: Boulder, CO, USA
ASSOCIATED_DATA: N/A
INSTRUMENT_INFO: Printed Optical Particle Spectrometer counts particles from 140 - 2500 nm in diameter 
DATA_INFO: Particle concentrations reported in number per cubic centimeter, binned to 100 m altitude
UNCERTAINTY: Counting uncertainty dominated by air flow, less than 5 percent
ULOD_FLAG: -77777
ULOD_VALUE: 3000 ~3000 per cm3 (varies depending on flow rate- manufacturer quotes 1250  per cm3 at 1.667 cc/s)
LLOD_FLAG: -88888
LLOD_VALUE: 0 0 (varies depending on data field and measurement precision)
DM_CONTACT_INFO: Troy Thornberry, 325 Broadway R/CSL6, Boulder, CO 80305; troy.thornberry@noaa.gov; 303-497-3373
PROJECT_INFO: B2SAP Boulder, CO, USA
STIPULATIONS_ON_USE: Please contact the PIs for questions regarding applications and uncertainties
OTHER_COMMENTS: POPS bin Edges (nm):  140, 170, 205, 249, 302, 366, 443, 537, 651, 789, 956, 1159, 1404, 1702, 2062, 2500
Calculations assume sulfate refractive index of 1.45+0.00j and extinction wavelength = 532 nm
REVISION: R0
R0: QA/QC data
TIME_START,TIME_STOP,TIME_MID,GPSAlt,GPS_Lon,GPS_Lat,iMet_Pressure,iMet_Temperature,THETA,Aerosol_concentration,Surface_Area_Conc,Volume_density,Effective_radius,Extinction,Bin01,Bin02,Bin03,Bin04,Bin05,Bin06,Bin07,Bin08,Bin09,Bin10,Bin11,Bin12,Bin13,Bin14,Bin15
[from data line 391]
65444,65473,65458,15.1,-104.94,39.5647,125.109,-64.284,378.258,8.73743,1.31575,65.8337,0.150106,0.000383958,4.28004,2.10455,0.768515,0.555696,0.484756,0.260113,0.189173,0.0709399,0.0236466,0,0,0,0,0,0
65474,65504,65489,15,-104.938,39.5614,127.218,-64.3765,376.294,12.2551,1.57956,84.5737,0.160628,0.000357563,7.07334,2.86602,1.0203,0.447099,0.424171,0.206354,0.137569,0.0458564,0.0114641,0,0,0.0229282,0,0,0
65505,65538,65522,14.9,-104.935,39.5577,129.343,-64.1244,374.958,13.7065,1.89279,113.746,0.180283,0.000535107,7.7576,3.24104,1.35915,0.460019,0.334559,0.198645,0.177735,0.0940948,0.0313649,0.02091,0.02091,0.010455,0,0,0
65539,65571,65555,14.8,-104.931,39.5542,131.51,-64.7097,372.142,14.6091,1.71771,76.1793,0.133048,0.000362418,8.49315,3.52261,1.31828,0.594305,0.324166,0.162083,0.0756388,0.0756388,0.0216111,0.0216111,0,0,0,0,0
65572,65605,65588,14.7,-104.927,39.5513,133.688,-65.0429,369.813,11.5744,1.4139,76.254,0.161795,0.000285997,6.80846,2.76528,1.04746,0.377084,0.23044,0.219966,0.0837965,0,0.0104746,0.0104746,0,0.0104746,0.0104746,0,0
65606,65638,65622,14.6,-104.925,39.5487,135.936,-64.2758,369.404,9.43048,1.31668,78.4182,0.178672,0.000371227,5.36433,2.2101,0.665176,0.514975,0.300402,0.150201,0.128744,0.0214573,0.0429146,0.0107287,0.0214573,0,0,0,0
65639,65669,65654,14.5,-104.924,39.5457,138.179,-64.2139,367.791,9.81434,1.3131,71.2527,0.162789,0.00034601,5.58205,2.34492,0.686317,0.457545,0.41179,0.137263,0.0800704,0.0571931,0.0343159,0.0114386,0,0.0114386,0,0,0
65670,65699,65684,14.4,-104.923,39.5423,140.428,-63.4103,367.512,10.5064,1.34212,64.2599,0.143638,0.000343277,6.05912,2.31776,0.964753,0.576499,0.176479,0.176479,0.129418,0.0588264,0.0352959,0.0117653,0,0,0,0,0
65700,65729,65714,14.3,-104.922,39.5385,142.738,-63.104,366.335,10.3338,1.23021,54.7103,0.133417,0.000265018,5.87816,2.72747,0.881724,0.258639,0.235126,0.235126,0.0470253,0.035269,0.0235126,0.0117563,0,0,0,0,0
65730,65761,65746,14.2,-104.919,39.534,145.123,-64.7572,361.73,10.6491,1.33932,66.6853,0.149371,0.000363885,6.31182,2.56244,0.765405,0.488084,0.133114,0.122021,0.133114,0.0776497,0.0332785,0.0221856,0,0,0,0,0
65762,65797,65780,14.1,-104.916,39.5294,147.579,-64.7608,359.998,10.3856,1.23246,59.2671,0.144266,0.000311464,6.54769,2.35126,0.69589,0.326857,0.147613,0.0948941,0.115982,0.0527189,0.0316314,0.0210876,0,0,0,0,0
65798,65837,65818,14,-104.912,39.5254,150.065,-65.6883,356.694,10.387,1.24634,66.1564,0.159242,0.000264141,6.33003,2.41581,0.815462,0.377151,0.183479,0.132513,0.0509664,0.0509664,0,0.0101933,0.0203866,0,0,0,0
65838,65876,65857,13.9,-104.909,39.5222,152.587,-64.9138,356.314,9.31547,1.08376,54.2986,0.150307,0.000241671,5.94693,2.17292,0.488646,0.270315,0.228728,0.0519836,0.0727771,0.0519836,0.0103967,0.0103967,0.0103967,0,0,0,0
65877,65916,65896,13.8,-104.906,39.5198,155.169,-66.2053,352.415,9.47935,0.966952,35.297,0.10951,0.00013287,6.02025,2.20403,0.704064,0.255096,0.173465,0.0612229,0.0306115,0.0204076,0.0102038,0,0,0,0,0,0
65917,65954,65936,13.7,-104.904,39.5177,157.752,-65.3647,352.186,9.36014,1.01258,39.7089,0.117647,0.000171684,5.77813,2.24942,0.692949,0.266519,0.14925,0.127929,0.0533037,0.0319822,0.0106607,0,0,0,0,0,0
65955,65991,65973,13.6,-104.902,39.5153,160.408,-64.2086,352.456,8.99716,1.13724,56.5416,0.149154,0.000324572,5.70658,1.88033,0.579404,0.25144,0.229575,0.0546608,0.174914,0.0874572,0.0218643,0.0109322,0,0,0,0,0
65992,66029,66010,13.5,-104.901,39.5127,163.032,-63.9997,351.172,9.46335,1.09245,54.7424,0.15033,0.000218643,5.8073,2.18304,0.794794,0.317918,0.201348,0.0529863,0.042389,0.0317918,0,0.0211945,0,0.0105973,0,0,0
66030,66069,66050,13.4,-104.9,39.5095,165.761,-63.7303,349.966,9.83468,1.0683,41.3225,0.116042,0.00017303,5.84994,2.40568,0.837219,0.381518,0.211954,0.0317931,0.074184,0.0317931,0.0105977,0,0,0,0,0,0
66070,66109,66090,13.3,-104.9,39.5053,168.498,-63.0847,349.411,11.0564,1.2024,47.2568,0.117906,0.000203495,6.66387,2.71157,0.970563,0.260151,0.210122,0.12007,0.0800465,0.0200116,0.0200116,0,0,0,0,0,0
66110,66142,66126,13.2,-104.899,39.5009,171.138,-62.7433,348.416,10.5506,1.11968,41.7743,0.111927,0.00016157,6.2531,2.48676,1.17095,0.313862,0.181074,0.0603581,0.0482865,0.0241433,0.0120716,0,0,0,0,0,0
66143,66176,66160,13.1,-104.898,39.4963,173.901,-62.0385,347.992,12.6865,1.51615,72.3192,0.143098,0.000318118,7.42595,3.07159,1.10624,0.517816,0.211834,0.129454,0.117685,0.0823798,0.0117685,0,0,0.0117685,0,0,0
66177,66211,66194,13,-104.897,39.4904,176.798,-62.3344,345.872,15.2399,1.66789,70.4199,0.126663,0.000243373,8.59209,3.9002,1.758,0.593762,0.24449,0.0465696,0.0465696,0.0232848,0.0232848,0,0,0.0116424,0,0,0
66212,66248,66230,12.9,-104.897,39.4839,179.715,-62.4384,344.088,16.7214,1.87038,86.63,0.138951,0.000262042,9.05696,4.55547,2.00786,0.701672,0.215899,0.118744,0.0215899,0.010795,0,0.010795,0,0.010795,0.010795,0,0
66249,66284,66266,12.8,-104.895,39.4769,182.699,-62.105,343.007,13.1053,1.52436,63.1457,0.124273,0.000274045,6.65208,3.56914,1.93375,0.541449,0.16575,0.0773498,0.0994498,0.0331499,0.0220999,0.01105,0,0,0,0,0
66285,66322,66304,12.7,-104.894,39.47,185.635,-61.4834,342.458,9.96401,1.10202,41.7957,0.113779,0.00016414,5.39499,2.67658,1.1501,0.376395,0.198653,0.0940987,0.0418216,0.0209108,0.0104554,0,0,0,0,0,0
66323,66361,66342,12.6,-104.893,39.4632,188.716,-61.2297,341.264,9.16436,1.06874,47.8499,0.134317,0.000219414,5.04851,2.34178,1.16582,0.253439,0.192614,0.0608254,0.0304127,0.0304127,0.0202751,0.0202751,0,0,0,0,0
66362,66401,66382,12.5,-104.891,39.4565,191.793,-60.6485,340.617,8.3153,0.916065,44.2329,0.144857,0.000143417,4.75864,2.24631,0.896555,0.236454,0.0886702,0.0197045,0.039409,0.00985225,0,0.00985225,0,0,0.00985225,0,0
66402,66444,66423,12.4,-104.89,39.4495,194.922,-59.956,340.148,8.05465,0.874805,31.0458,0.106467,0.000104599,4.32703,2.04176,1.04898,0.365269,0.15922,0.0842928,0.0280976,0,0,0,0,0,0,0,0
66445,66488,66466,12.3,-104.888,39.4426,198.118,-59.3491,339.539,8.02773,1.01025,58.2104,0.17286,0.000181494,4.16668,2.21068,0.937248,0.366749,0.163,0.142625,0.0101875,0,0.0101875,0,0,0,0.020375,0,0
66489,66532,66510,12.2,-104.886,39.4361,201.305,-58.4483,339.423,7.43844,0.80328,30.6008,0.114285,0.000122328,4.22269,1.94894,0.833711,0.184066,0.119102,0.075792,0.0216548,0.0216548,0.0108274,0,0,0,0,0,0
66533,66575,66554,12.1,-104.884,39.4303,204.477,-57.8184,338.895,7.99501,0.932309,36.0553,0.116019,0.000146674,4.12917,1.99085,1.06389,0.463479,0.200138,0.0632016,0.0632016,0.0210672,0,0,0,0,0,0,0
66576,66617,66596,12,-104.883,39.425,207.789,-57.2798,338.186,6.23934,0.700048,28.3138,0.121336,0.000113178,3.37291,1.74572,0.592683,0.312506,0.118537,0.0431042,0.0431042,0,0,0.0107761,0,0,0,0,0
66618,66657,66638,11.9,-104.881,39.4202,211.094,-56.5832,337.755,4.74878,0.561775,25.2876,0.135041,0.000114756,2.65439,1.1312,0.515198,0.279999,0.0783997,0.0447998,0.0112,0.0112,0.0112,0.0112,0,0,0,0,0
66658,66697,66678,11.8,-104.88,39.4155,214.484,-55.6959,337.603,4.03393,0.455984,20.167,0.132682,8.54171e-05,2.34451,0.942401,0.402244,0.229854,0.0804488,0.0114927,0,0,0.0114927,0.0114927,0,0,0,0,0
66698,66736,66717,11.7,-104.878,39.411,217.885,-54.7633,337.519,4.4849,0.516815,23.3129,0.135326,0.000105695,2.55789,1.12409,0.458813,0.183525,0.103233,0.0114703,0.0114703,0.0114703,0.0114703,0.0114703,0,0,0,0,0
66737,66775,66756,11.6,-104.878,39.4069,221.233,-54.231,336.874,3.59376,0.432198,20.3792,0.141457,0.000106191,2.16766,0.810022,0.27381,0.193949,0.0570438,0.045635,0,0.0114088,0.0342263,0,0,0,0,0,0
66776,66817,66796,11.5,-104.877,39.4028,224.694,-53.3183,336.785,4.33995,0.572456,52.0368,0.272703,0.000139303,2.56789,1.01867,0.435056,0.169778,0.0636667,0.0424445,0.0318334,0,0,0,0,0,0,0.0106111,0
66818,66861,66840,11.4,-104.877,39.3985,228.265,-52.345,336.759,4.54482,0.536289,22.3666,0.125119,0.000105128,2.59704,1.11873,0.349602,0.229738,0.129852,0.0399545,0.0699203,0,0.00998862,0,0,0,0,0,0
66862,66907,66884,11.3,-104.876,39.394,231.828,-51.5111,336.528,4.94033,0.707224,53.5261,0.227054,0.000210766,3.01191,1.05367,0.437373,0.188866,0.119284,0.0397612,0.0298209,0,0.00994029,0.0298209,0,0.00994029,0.00994029,0,0
66908,66953,66930,11.2,-104.875,39.3896,235.42,-50.776,336.168,5.13405,0.5981,29.2185,0.146557,0.000100842,2.77648,1.37363,0.613748,0.233809,0.0584522,0.0292261,0.0194841,0.0194841,0,0,0.00974203,0,0,0,0
66954,66999,66976,11.1,-104.874,39.3855,239.037,-50.1,335.727,5.7964,0.678039,32.8197,0.145211,0.000114273,3.41354,1.24816,0.614626,0.321497,0.0756463,0.0661905,0.0378231,0.00945578,0,0,0,0.00945578,0,0,0
67000,67043,67022,11,-104.874,39.3815,242.711,-49.2812,335.498,6.35832,0.96648,98.2612,0.305007,0.000291674,3.31562,1.5264,0.828906,0.374019,0.111195,0.121303,0.0202172,0.0202172,0.0101086,0.0202172,0,0,0,0,0.0101086
67044,67083,67064,10.9,-104.874,39.3779,246.408,-48.6605,334.968,10.146,1.4418,71.2434,0.148238,0.0003586,4.48287,2.55545,1.52678,0.747145,0.476441,0.216564,0.0649692,0.0216564,0.0216564,0.0324846,0,0,0,0,0
67084,67122,67103,10.8,-104.873,39.3748,250.14,-47.8149,334.793,10.0579,1.81614,163.717,0.270437,0.000607438,4.59884,2.50345,1.30135,0.816102,0.363937,0.20954,0.0882272,0.055142,0.0330852,0.0220568,0.0220568,0.0220568,0.0110284,0.0110284,0
67123,67159,67141,10.7,-104.873,39.3721,253.987,-47.0997,334.398,9.48853,1.40561,79.7878,0.170291,0.000378433,4.48845,2.18608,1.39537,0.616289,0.418612,0.139537,0.151165,0.0581405,0,0.0232562,0,0,0.0116281,0,0
67160,67196,67178,10.6,-104.872,39.3697,257.808,-46.1978,334.302,9.99601,1.52657,105.568,0.207461,0.000386916,4.52998,2.63479,1.49073,0.624028,0.462243,0.0693365,0.0577804,0.0577804,0.0231122,0,0.0115561,0.0115561,0.0231122,0,0
67197,67233,67215,10.5,-104.871,39.3674,261.738,-45.2922,334.182,10.4298,1.46513,78.2393,0.160203,0.000379257,5.00172,2.71983,1.22162,0.806729,0.334216,0.0921975,0.126772,0.0806729,0.0230494,0.0115247,0,0.0115247,0,0,0
67234,67270,67252,10.4,-104.871,39.3653,265.702,-44.5186,333.883,8.99494,1.39315,92.2253,0.198597,0.000366097,4.06149,2.28316,1.3653,0.550711,0.390087,0.137678,0.080312,0.0917851,0,0,0.0114731,0,0.0229463,0,0
67271,67307,67289,10.3,-104.87,39.3633,269.614,-43.5524,333.901,8.90332,1.20749,62.0483,0.154159,0.000282413,4.29815,2.36512,0.977887,0.670876,0.352494,0.113708,0.0454831,0.0227416,0.0454831,0,0.0113708,0,0,0,0
67308,67343,67326,10.2,-104.87,39.3612,273.666,-42.58,333.886,7.96375,1.05849,52.9941,0.150197,0.000215314,3.77783,2.14543,0.979436,0.466398,0.419758,0.0816197,0.0466398,0.0233199,0.01166,0,0,0.01166,0,0,0
67344,67377,67360,10.1,-104.869,39.359,277.767,-41.883,333.471,5.55641,0.716779,32.2419,0.134945,0.000161496,2.79719,1.40492,0.67082,0.367052,0.113913,0.113913,0.0506279,0.012657,0.025314,0,0,0,0,0,0
67378,67411,67394,10,-104.869,39.3566,281.929,-41.1532,333.108,3.69852,0.536316,33.9978,0.190174,0.000147549,1.97743,0.854444,0.439428,0.170889,0.109857,0.0488254,0.0488254,0.0244127,0.0122063,0,0,0.0122063,0,0,0
67412,67446,67429,9.9,-104.868,39.3541,286.08,-40.5937,332.524,2.7666,0.335295,14.0708,0.125896,6.73704e-05,1.4961,0.688682,0.320594,0.130612,0.0118738,0.071243,0.0356215,0.0118738,0,0,0,0,0,0,0
67447,67481,67464,9.8,-104.867,39.3516,290.309,-39.5797,332.572,4.66085,0.724166,47.8796,0.198351,0.000216422,2.23013,1.15636,0.589981,0.33039,0.176994,0.0353989,0.0707978,0.0353989,0.0117996,0.0117996,0,0,0.0117996,0,0
67483,67518,67500,9.7,-104.867,39.3492,294.613,-39.0697,331.898,4.75387,0.822606,66.3607,0.242014,0.000273908,2.33779,1.20804,0.559279,0.268454,0.111856,0.0894846,0.0894846,0.0335567,0.0223712,0,0.0223712,0,0.0111856,0,0
67519,67556,67538,9.6,-104.866,39.3466,299.003,-38.3397,331.532,5.55203,0.798418,48.4852,0.18218,0.000229639,2.76486,1.46047,0.680067,0.301013,0.16723,0.0445946,0.0557432,0.0222973,0.0334459,0.0111486,0,0.0111486,0,0,0
67557,67598,67578,9.5,-104.864,39.344,303.35,-37.4839,331.374,5.45574,0.727334,41.3145,0.170408,0.000190839,2.89899,1.46963,0.593891,0.211385,0.0905935,0.0704616,0.0603957,0.0301978,0.0100659,0.0100659,0.0100659,0,0,0,0
67599,67644,67622,9.4,-104.863,39.3409,307.88,-36.5452,331.284,6.26887,0.75089,40.7334,0.162741,0.000130318,3.31202,1.8558,0.674836,0.204227,0.133191,0.0266383,0.0355177,0.00887942,0,0,0.00887942,0.00887942,0,0,0
67645,67692,67668,9.3,-104.861,39.3372,312.388,-35.9748,330.703,5.83732,0.642584,24.1758,0.112869,9.21524e-05,3.23729,1.52943,0.56079,0.263402,0.169936,0.0509809,0.00849682,0.00849682,0.00849682,0,0,0,0,0,0
67693,67740,67716,9.2,-104.859,39.3333,316.943,-34.9494,330.766,6.1249,0.957979,75.5102,0.236467,0.000289826,3.33467,1.45466,0.646518,0.357286,0.127602,0.0510409,0.0425341,0.0425341,0.0170136,0.00850681,0.0255204,0.0170136,0,0,0
67741,67787,67764,9.1,-104.857,39.3295,321.474,-34.0664,330.651,5.97596,0.842395,59.0475,0.210284,0.000200028,3.13889,1.49183,0.801969,0.224206,0.163843,0.0603633,0.0431166,0.0172466,0,0.00862332,0,0.00862332,0.0172466,0,0
67788,67834,67811,9,-104.855,39.3259,325.989,-33.2511,330.459,5.93023,0.698641,28.7902,0.123627,0.000131349,3.209,1.48897,0.676029,0.299506,0.111245,0.0599013,0.0513439,0.025672,0.00855732,0,0,0,0,0,0
67835,67881,67858,8.9,-104.853,39.3225,330.616,-32.4854,330.174,5.82894,0.791906,53.1584,0.201382,0.000180289,3.01588,1.41094,0.908292,0.299825,0.114639,0.0176367,0.0176367,0,0,0.0176367,0.0176367,0.00881837,0,0,0
67882,67927,67904,8.8,-104.851,39.3194,335.453,-31.7172,329.86,6.47186,0.760078,36.6479,0.144648,0.00013574,3.50303,1.58512,0.902031,0.315273,0.0875759,0.00875759,0.0350303,0.0175152,0,0.00875759,0.00875759,0,0,0,0
67929,67972,67950,8.7,-104.85,39.3165,340.318,-30.9275,329.583,7.49061,1.0422,64.5267,0.185742,0.000278771,3.77257,1.99992,0.990869,0.372712,0.154539,0.0454527,0.0454527,0.0636338,0,0.0272716,0,0.0181811,0,0,0
67973,68014,67994,8.6,-104.848,39.3137,345.122,-30.111,329.376,7.17681,0.909448,45.4827,0.150034,0.000195957,3.82699,1.7942,0.849383,0.295852,0.190872,0.133611,0.0477181,0,0.0286309,0,0.00954362,0,0,0,0
68015,68054,68034,8.5,-104.846,39.311,349.895,-29.2933,329.179,7.88818,0.98973,49.4649,0.149934,0.00020111,4.14379,1.97704,0.978533,0.409386,0.199701,0.0599102,0.0798803,0.0199701,0,0.00998504,0,0.00998504,0,0,0
68055,68098,68076,8.4,-104.844,39.3079,354.77,-28.3891,329.099,8.06251,0.959647,43.0061,0.134444,0.000204372,4.40025,2.02946,0.894809,0.470467,0.129148,0.0184497,0.055349,0.0184497,0.0368993,0.00922483,0,0,0,0,0
68099,68141,68120,8.3,-104.842,39.3044,359.894,-27.5849,328.833,10.1299,1.35948,75.5837,0.166793,0.000337189,5.19388,2.6614,1.26163,0.405197,0.303897,0.119717,0.0828811,0.0368361,0.0368361,0.00920901,0.00920901,0.00920901,0,0,0
68142,68182,68162,8.2,-104.84,39.3009,364.883,-26.8439,328.534,12.6369,1.5202,63.8763,0.126055,0.000273966,6.40487,3.31286,1.55561,0.787405,0.316883,0.134435,0.07682,0.0288075,0,0.019205,0,0,0,0,0
68183,68227,68205,8.1,-104.838,39.2973,370.145,-26.052,328.241,17.3525,2.12553,94.4585,0.13332,0.000406273,8.94737,4.30313,2.34398,0.883367,0.50728,0.148686,0.122447,0.0612235,0.0174924,0.00874621,0.00874621,0,0,0,0
68228,68271,68250,8,-104.836,39.2936,375.249,-25.1518,328.146,17.2681,2.48508,177.241,0.213966,0.000666964,8.77661,4.32148,1.94244,1.01577,0.65936,0.240577,0.160385,0.0534616,0.0445513,0.0267308,0,0.00891026,0.00891026,0,0.00891026
68272,68316,68294,7.9,-104.834,39.29,380.384,-24.4118,327.853,18.3377,2.44022,141.759,0.174278,0.000565846,9.45316,4.84208,2.23002,0.826263,0.550842,0.133268,0.151037,0.0444227,0.0444227,0.0177691,0.00888454,0.0266536,0.00888454,0,0
68317,68361,68339,7.8,-104.832,39.2865,385.672,-23.43,327.854,19.4122,2.52982,127.19,0.150828,0.000573446,10.1786,4.59512,2.37559,1.09243,0.606903,0.268771,0.173401,0.0433502,0.0260101,0.0346802,0.00867004,0.00867004,0,0,0
68362,68409,68386,7.7,-104.831,39.283,391.03,-22.7346,327.476,20.7076,2.72725,137.876,0.151666,0.000619916,10.6199,5.1527,2.39492,1.18536,0.74186,0.282229,0.209656,0.0483822,0.0161274,0.0403185,0,0.0080637,0.0080637,0,0
