data/B2SAP/Locations/Boulder/NOAA-POPS-B2SAP_GMLBalloon_20191231_R0.ict
61,1001
Thornberry, T. D.
NOAA Chemical Sciences Laboratory
Portable Optical Particle Spectrometer (POPS)
Balloon Baseline Stratospheric Aerosol Profiles (B2SAP)
1,1
2019,12,31,2024,05,30
0
TIME_START,s,Seconds since midnight UTC on flight start day,Start time of 100 m altitude bin in UTC_seconds_since_midnight
28
1.0,1.0,1.0,1.0,1.0,1.0,1.0,1.0,1.0,1.0,1.0,1.0,1.0,1.0,1.0,1.0,1.0,1.0,1.0,1.0,1.0,1.0,1.0,1.0,1.0,1.0,1.0,1.0
99999,99999,99999,99999,99999,99999,99999,99999,99999,99999,99999,99999,99999,99999,99999,99999,99999,99999,99999,99999,99999,99999,99999,99999,99999,99999,99999,99999
TIME_STOP,s,End time of 100 m altitude bin in UTC seconds since midnight,
TIME_MID,s,Mid time of 100 m altitude in UTC seconds since midnight,
GPSAlt,m,GPS reported altitude above sea level (m),
GPS_Lon,deg,GPS reported longitude,
GPS_Lat,deg,GPS reported latitude,
iMet_Pressure,mb,Pressure reported (mB),
iMet_Temperature,degrees C,Ambient temperature (oC),
THETA,K,Potential temperature from iMet,
Aerosol_concentration,cm^-3,Aerosol concentration,
Surface_Area_Conc,um^2 cm^-3,Surface area concentration,
Volume_density,um^3 cm^-3,Volume density,
Effective_radius,um,Effective radius,
Extinction,km^-1,Extinction,
Bin01,cm^-3,particle concentration in size range [140 - 170 nm],
Bin02,cm^-3,particle concentration in size range [170 - 205 nm],
Bin03,cm^-3,particle concentration in size range [205 - 249 nm],
Bin04,cm^-3,particle concentration in size range [249 - 302 nm],
Bin05,cm^-3,particle concentration in size range [302 - 366 nm],
Bin06,cm^-3,particle concentration in size range [366 - 443 nm],
Bin07,cm^-3,particle concentration in size range [443 - 537 nm],
Bin08,cm^-3,particle concentration in size range [537 - 651 nm],
Bin09,cm^-3,particle concentration in size range [651 - 789 nm],
Bin10,cm^-3,particle concentration in size range [789 - 956 nm],
Bin11,cm^-3,particle concentration in size range [956 - 1159 nm],
Bin12,cm^-3,particle concentration in size range [1159 - 1404 nm],
Bin13,cm^-3,particle concentration in size range [1404 - 1702 nm],
Bin14,cm^-3,particle concentration in size range [1702 - 2062 nm],
Bin15,cm^-3,particle concentration in size range [2062 - 2500 nm],
0
19
PI_CONTACT_INFO: 325 Broadway R/CSL6, Boulder, CO 80305; troy.thornberry@noaa.gov; 303-497-3373 
PLATFORM: GML ECC/FPH balloon
LOCATION: Boulder, CO, USA
ASSOCIATED_DATA: N/A
INSTRUMENT_INFO: Printed Optical Particle Spectrometer counts particles from 140 - 2500 nm in diameter 
DATA_INFO: Particle concentrations reported in number per cubic centimeter, binned to 100 m altitude
UNCERTAINTY: Counting uncertainty dominated by air flow, less than 5 percent
ULOD_FLAG: -77777
ULOD_VALUE: 3000 ~3000 per cm3 (varies depending on flow rate- manufacturer quotes 1250  per cm3 at 1.667 cc/s)
LLOD_FLAG: -88888
LLOD_VALUE: 0 0 (varies depending on data field and measurement precision)
DM_CONTACT_INFO: Troy Thornberry, 325 Broadway R/CSL6, Boulder, CO 80305; troy.thornberry@noaa.gov; 303-497-3373
PROJECT_INFO: B2SAP Boulder, CO, USA
STIPULATIONS_ON_USE: Please contact the PIs for questions regarding applications and uncertainties
OTHER_COMMENTS: POPS bin Edges (nm):  140, 170, 205, 249, 302, 366, 443, 537, 651, 789, 956, 1159, 1404, 1702, 2062, 2500
Calculations assume sulfate refractive index of 1.45+0.00j and extinction wavelength = 532 nm
REVISION: R0
R0: QA/QC data
TIME_START,TIME_STOP,TIME_MID,GPSAlt,GPS_Lon,GPS_Lat,iMet_Pressure,iMet_Temperature,THETA,Aerosol_concentration,Surface_Area_Conc,Volume_density,Effective_radius,Extinction,Bin01,Bin02,Bin03,Bin04,Bin05,Bin06,Bin07,Bin08,Bin09,Bin10,Bin11,Bin12,Bin13,Bin14,Bin15
[from data line 153]
66722,66745,66734,17,-104.873,39.6929,87.6029,-54.7381,437.941,13.7275,6.31984,518.534,0.246146,0.00386022,1.07504,1.32313,1.69526,1.95713,1.84687,2.15008,2.26034,1.04748,0.234304,0.0964781,0.0413478,0,0,0,0
66747,66767,66757,17.1,-104.873,39.6921,86.0865,-54.743,440.115,12.5495,5.84633,481.988,0.247329,0.00363464,1.0856,1.37509,1.46194,1.57774,1.43299,2.20014,2.04092,1.0277,0.202645,0.115797,0.0289493,0,0,0,0
66768,66792,66780,17.2,-104.871,39.6914,84.8625,-54.8733,441.668,11.3587,5.12769,416.866,0.243891,0.00320961,1.17087,1.25537,1.364,1.54507,1.26744,1.66578,1.81063,0.953596,0.217275,0.0965667,0.0120708,0,0,0,0
66793,66816,66804,17.3,-104.869,39.6904,83.5168,-55.2105,442.998,12.042,5.23116,410.548,0.235444,0.00316232,1.14875,1.21477,1.54486,1.79574,1.51846,1.61088,2.12584,0.76583,0.264079,0.0396119,0.013204,0,0,0,0
66817,66838,66828,17.4,-104.867,39.6895,82.2085,-55.6005,444.201,12.1513,5.65451,467.776,0.248178,0.00344829,1.10864,1.07947,1.44415,1.56085,1.66296,1.92554,2.10058,1.02112,0.102112,0.102112,0.0291748,0.0145874,0,0,0
66839,66863,66851,17.5,-104.865,39.6885,80.8386,-55.5509,446.45,9.88492,4.24908,331.834,0.234287,0.00257875,0.901038,1.21905,1.33831,1.2853,1.06004,1.66957,1.43106,0.742031,0.172257,0.0662528,0,0,0,0,0
66865,66885,66875,17.6,-104.863,39.6879,79.52,-55.771,448.091,9.99085,4.34139,349.091,0.24123,0.00265713,0.944893,1.41734,1.19501,1.33397,1.05606,1.51461,1.5285,0.722565,0.194537,0.0694774,0.0138955,0,0,0,0
66887,66908,66898,17.7,-104.862,39.6876,78.3195,-55.611,450.378,8.66589,3.87898,314.439,0.243187,0.00241274,1.13879,0.930472,0.902697,1.05546,0.986022,1.20822,1.47209,0.791595,0.111101,0.0555506,0,0.0138876,0,0,0
66909,66931,66920,17.8,-104.86,39.6869,77.0691,-55.103,453.513,8.43787,3.87508,334.738,0.259147,0.00243122,0.898184,0.961437,1.07529,1.2777,0.923485,1.07529,1.18915,0.695777,0.240359,0.0632524,0.0126505,0.025301,0,0,0
66932,66953,66942,17.9,-104.858,39.6863,75.8819,-54.809,456.135,7.9159,3.6067,302.228,0.251389,0.00229236,0.899534,0.982568,0.968729,0.95489,0.830339,1.12096,1.23167,0.664271,0.152229,0.0968729,0.013839,0,0,0,0
66955,66977,66966,18,-104.857,39.6857,74.6233,-54.99,457.948,9.59482,4.0922,318.211,0.233281,0.00247929,1.02218,1.02218,1.30838,1.21298,1.21298,1.40379,1.52645,0.640563,0.190806,0.054516,0,0,0,0,0
66978,67001,66990,18.1,-104.856,39.6849,73.4823,-54.6868,460.605,9.70075,4.41435,353.807,0.240448,0.00270521,0.853856,1.06732,1.06732,1.15033,1.29264,1.60098,1.80258,0.616674,0.154168,0.0830138,0.0118591,0,0,0,0
67002,67023,67012,18.2,-104.854,39.6839,72.2995,-55.1111,461.84,9.46645,4.35252,365.193,0.251711,0.00268118,0.935638,1.01819,1.22458,1.26586,0.976916,1.3897,1.62361,0.811803,0.110075,0.0687969,0.0412781,0,0,0,0
67024,67045,67034,18.3,-104.854,39.6835,71.192,-54.868,464.412,8.91726,3.90591,309.976,0.238083,0.00237693,0.967562,1.00679,1.03294,1.13754,1.07216,1.35982,1.43827,0.706058,0.143827,0.0392255,0.0130752,0,0,0,0
67047,67067,67057,18.4,-104.854,39.6835,69.9995,-54.7268,466.951,7.49024,3.32918,267.553,0.241098,0.00203954,0.81236,0.881204,0.743516,1.00512,0.867436,1.2805,1.11527,0.564522,0.178995,0.0275376,0.0137688,0,0,0,0
67068,67089,67078,18.5,-104.854,39.6837,68.8885,-55.1495,468.184,8.43024,3.65866,287.184,0.235483,0.00225315,0.917756,1.03575,1.03575,1.02264,0.904645,1.28486,1.37663,0.65554,0.144219,0.0524432,0,0,0,0,0
67090,67111,67100,18.6,-104.853,39.684,67.7811,-55.8605,468.827,8.82148,3.67389,279.893,0.228553,0.0021701,0.983242,1.14942,0.817061,1.30176,0.927848,1.60642,1.27406,0.595485,0.124636,0.0415455,0,0,0,0,0
67112,67134,67123,18.7,-104.852,39.6842,66.6957,-56.5578,469.475,9.06674,3.80676,287.779,0.226791,0.00223616,0.906674,0.998489,1.10178,1.20507,1.12473,1.46904,1.54938,0.585321,0.0803382,0.0459075,0,0,0,0,0
67135,67154,67144,18.8,-104.85,39.684,65.6216,-56.8532,471.023,9.84972,4.17138,323.161,0.232413,0.00244366,0.959931,1.25208,1.02949,1.3912,1.18252,1.62771,1.55815,0.709514,0.0834722,0.0417361,0,0.013912,0,0,0
67155,67176,67166,18.9,-104.85,39.6836,64.6295,-56.3814,474.107,7.93452,3.64102,296.086,0.243958,0.00223216,0.792251,0.708225,1.00832,0.876278,0.936297,1.54849,1.33242,0.528167,0.0960304,0.0960304,0.0120038,0,0,0,0
67177,67199,67188,19,-104.849,39.6833,63.5033,-56.179,476.933,7.22763,3.2733,263.497,0.241497,0.0020676,0.740331,0.715235,1.01639,0.941098,0.690139,1.16696,1.07913,0.677591,0.138028,0.0627399,0,0,0,0,0
67200,67220,67210,19.1,-104.849,39.6824,62.528,-55.9705,479.518,7.55398,3.31072,277.145,0.251134,0.00202477,0.817359,0.883275,0.896458,1.21286,0.975558,0.856909,1.16012,0.487779,0.171382,0.0659161,0.0263664,0,0,0,0
67221,67243,67232,19.2,-104.848,39.6812,61.5457,-55.3814,482.99,7.27617,3.13333,254.373,0.243549,0.00189839,0.762623,1.07517,0.875141,0.700113,1.01266,1.03767,1.17519,0.462575,0.0750121,0.0875141,0.012502,0,0,0,0
67245,67265,67255,19.3,-104.848,39.6799,60.5035,-54.7795,486.699,6.3952,2.83213,227.395,0.240874,0.00178155,0.77319,0.642141,0.838714,0.864924,0.615931,0.943554,1.00908,0.511092,0.144154,0.0524197,0,0,0,0,0
67266,67286,67276,19.4,-104.848,39.679,59.5705,-54.884,488.63,5.37846,2.03087,152.844,0.225781,0.00111223,0.721501,0.616555,0.813328,0.708382,0.65591,0.839564,0.65591,0.2886,0.065591,0,0.0131182,0,0,0,0
67287,67305,67296,19.5,-104.849,39.6785,58.6812,-55.08,490.284,5.02276,1.99742,155.546,0.233621,0.00112119,0.587277,0.571822,0.602731,0.803642,0.726369,0.710914,0.602731,0.340002,0.0463639,0.0154546,0.0154546,0,0,0,0
67307,67327,67317,19.6,-104.849,39.6784,57.7025,-55.2405,492.298,5.22203,2.32706,195.628,0.2522,0.0014382,0.618225,0.552456,0.578764,0.828684,0.644532,0.723454,0.657686,0.46038,0.0789223,0.0657686,0,0.0131537,0,0,0
67328,67349,67338,19.7,-104.85,39.6785,56.7643,-55.3143,494.432,5.1883,2.13678,176.926,0.248402,0.00127599,0.664203,0.751927,0.576478,0.82712,0.513817,0.776992,0.601542,0.325835,0.0626606,0.0751927,0.0125321,0,0,0,0
67350,67370,67360,19.8,-104.85,39.678,55.8237,-55.27,496.904,4.89174,2.20417,189.702,0.258195,0.0013518,0.498874,0.748312,0.609735,0.52659,0.498874,0.748312,0.762169,0.346441,0.0831457,0.0415729,0.0277152,0,0,0,0
67371,67392,67382,19.9,-104.849,39.6776,54.9867,-55.3978,498.76,5.34212,2.25298,187.682,0.249912,0.00139535,0.717161,0.717161,0.804977,0.702526,0.409807,0.790341,0.570802,0.424442,0.160995,0.0292719,0.0146359,0,0,0,0
67393,67413,67403,20,-104.849,39.6773,54.0776,-55.6238,500.614,4.4967,1.81154,137.537,0.227769,0.00106882,0.502425,0.628031,0.60291,0.489864,0.60291,0.703395,0.514986,0.364258,0.0753637,0.0125606,0,0,0,0,0
67414,67433,67424,20.1,-104.85,39.6768,53.1994,-55.4756,503.316,4.27607,1.67109,126.349,0.226827,0.000981051,0.585763,0.585763,0.512543,0.497899,0.673628,0.424678,0.644339,0.263593,0.0732204,0.0146441,0,0,0,0,0
67434,67455,67444,20.2,-104.85,39.6759,52.3805,-55.9825,504.368,4.57,1.91314,159.505,0.25012,0.00117694,0.700028,0.594364,0.68682,0.501907,0.449075,0.462283,0.673612,0.396242,0.0528323,0.0396242,0,0.0132081,0,0,0
67456,67475,67466,20.3,-104.85,39.6746,51.5,-55.8316,507.167,4.18271,1.84498,146.217,0.237755,0.00116147,0.583634,0.486362,0.389089,0.555842,0.402985,0.541946,0.73649,0.416881,0.0416881,0.0277921,0,0,0,0,0
67476,67495,67486,20.4,-104.85,39.6731,50.7068,-55.5505,510.088,4.30222,2.03385,179.267,0.264426,0.00125371,0.4441,0.430222,0.569003,0.541247,0.51349,0.624515,0.73554,0.305319,0.0555125,0.0555125,0.0138781,0.0138781,0,0,0
67496,67517,67506,20.5,-104.851,39.6719,49.9036,-54.7309,514.342,4.04919,1.63596,130.832,0.239917,0.000979537,0.418058,0.668893,0.597226,0.489725,0.418058,0.525559,0.656949,0.167223,0.0358336,0.0716671,0,0,0,0,0
67518,67538,67528,20.6,-104.853,39.6708,49.0576,-54.3629,517.739,3.99777,1.57504,118.935,0.226537,0.000922491,0.545821,0.516317,0.560573,0.442557,0.442557,0.590077,0.575325,0.250783,0.0590077,0.0147519,0,0,0,0,0
67539,67559,67549,20.7,-104.855,39.6697,48.2924,-54.7352,519.181,3.91223,1.68269,140.301,0.250136,0.00107109,0.58001,0.534519,0.477655,0.363928,0.534519,0.466283,0.545892,0.2502,0.090982,0.0682365,0,0,0,0,0
67560,67582,67571,20.8,-104.857,39.6688,47.5157,-54.8304,521.355,4.19736,1.8156,147.304,0.243397,0.00109469,0.446749,0.581812,0.436359,0.561033,0.488307,0.644149,0.664928,0.259738,0.0727265,0.0311685,0.0103895,0,0,0,0
67583,67604,67594,20.9,-104.86,39.6685,46.7348,-54.9176,523.636,4.24543,1.79495,142.256,0.23776,0.001105,0.478038,0.546329,0.546329,0.61462,0.443892,0.603238,0.512183,0.398365,0.0682911,0.0341455,0,0,0,0,0
67605,67626,67616,21,-104.862,39.6688,45.9571,-54.82,526.377,3.97452,1.89839,170.038,0.268709,0.00120212,0.250543,0.614969,0.546639,0.501086,0.421368,0.603581,0.580804,0.27332,0.0911065,0.0683299,0.0227766,0,0,0,0
67627,67648,67638,21.1,-104.864,39.6685,45.2062,-54.5681,529.476,3.94987,1.74873,137.764,0.236337,0.0010671,0.409784,0.478082,0.364253,0.534996,0.421167,0.648825,0.78542,0.227658,0.0341487,0.0455316,0,0,0,0,0
67649,67669,67659,21.2,-104.865,39.6681,44.5015,-54.388,532.296,3.39159,1.47051,123.262,0.251468,0.000903495,0.453804,0.417977,0.417977,0.417977,0.394093,0.48963,0.429919,0.250786,0.0835954,0.0238844,0.0119422,0,0,0,0
67671,67694,67682,21.3,-104.868,39.667,43.7616,-54.1653,535.391,3.38938,1.37625,106.647,0.232473,0.000813961,0.313831,0.627663,0.351491,0.326385,0.514683,0.564896,0.401704,0.188299,0.0753195,0.0251065,0,0,0,0,0
67695,67717,67706,21.4,-104.87,39.666,43.0341,-54.1686,537.964,3.341,1.18181,85.1059,0.216039,0.00064667,0.531523,0.498981,0.466439,0.390507,0.357965,0.455591,0.444744,0.162711,0.0216948,0.0108474,0,0,0,0,0
67718,67738,67728,21.5,-104.873,39.6652,42.4075,-54.4375,539.551,3.23707,1.22704,97.5484,0.238497,0.000676014,0.477796,0.394182,0.453906,0.465851,0.382237,0.477796,0.394182,0.119449,0.0358347,0.0238898,0.0119449,0,0,0,0
67739,67759,67749,21.6,-104.874,39.6645,41.695,-54.964,540.868,3.46041,1.33689,102.663,0.230378,0.000776732,0.538818,0.407107,0.431054,0.455002,0.478949,0.419081,0.455002,0.215527,0.0239475,0.0359212,0,0,0,0,0
67760,67780,67770,21.7,-104.876,39.664,40.9786,-55.2581,542.821,3.14021,1.0916,75.6983,0.208039,0.000577591,0.491015,0.445339,0.388244,0.388244,0.43392,0.388244,0.445339,0.148446,0.0114189,0,0,0,0,0,0
67781,67802,67792,21.8,-104.878,39.6635,40.3383,-55.0756,545.718,2.82192,0.916991,61.3961,0.200862,0.000457611,0.412639,0.519127,0.359396,0.292841,0.399328,0.372707,0.386018,0.0665547,0.0133109,0,0,0,0,0,0
67803,67824,67814,21.9,-104.881,39.6634,39.684,-54.916,548.687,2.83715,1.01516,72.6079,0.214572,0.000546187,0.335191,0.538699,0.311248,0.335191,0.371104,0.395046,0.442931,0.0718266,0.0239422,0.0119711,0,0,0,0,0
67825,67843,67834,22,-104.883,39.6635,39.1071,-55.1235,550.455,2.95976,0.946749,64.7514,0.20518,0.000484709,0.690611,0.338258,0.366447,0.394635,0.281882,0.422823,0.352352,0.0845646,0.0281882,0,0,0,0,0,0
67844,67863,67854,22.1,-104.884,39.6635,38.4295,-55.1363,553.183,3.11621,1.11091,79.4947,0.214674,0.000609734,0.428952,0.504649,0.403719,0.391103,0.403719,0.391103,0.378487,0.176627,0.0378487,0,0,0,0,0,0
67864,67883,67874,22.2,-104.886,39.6634,37.8355,-55.052,555.866,3.08298,1.06191,73.4916,0.207621,0.000562463,0.527825,0.479841,0.407865,0.287904,0.311897,0.467845,0.479841,0.107964,0.011996,0,0,0,0,0,0
67884,67902,67893,22.3,-104.887,39.6631,37.1972,-54.5661,559.812,2.72519,1.02784,75.641,0.220777,0.00057791,0.412102,0.319047,0.398808,0.292459,0.319047,0.425395,0.372221,0.159523,0.0132936,0.0132936,0,0,0,0,0
67903,67921,67912,22.4,-104.889,39.6627,36.5806,-54.6882,562.187,2.80208,0.897874,62.0784,0.207418,0.000464338,0.438709,0.481164,0.495316,0.339645,0.254734,0.339645,0.339645,0.0707595,0.0424557,0,0,0,0,0,0
67922,67940,67931,22.5,-104.891,39.6626,35.9989,-54.5379,565.147,2.91445,1.03756,77.7969,0.224942,0.000576174,0.434611,0.511308,0.396263,0.319567,0.319567,0.460177,0.294002,0.115044,0.0383481,0.0255654,0,0,0,0,0
67941,67960,67950,22.6,-104.892,39.6623,35.3671,-54.1588,569.009,3.11837,1.07246,76.3428,0.213553,0.000572563,0.546074,0.445482,0.445482,0.316148,0.37363,0.416741,0.445482,0.100593,0.0143704,0.0143704,0,0,0,0,0
67961,67980,67970,22.7,-104.893,39.6615,34.8445,-53.94,571.997,2.68178,0.824441,54.9599,0.19999,0.000404684,0.446963,0.459379,0.422132,0.3973,0.19865,0.384885,0.260728,0.0993251,0.0124156,0,0,0,0,0,0
67981,67998,67990,22.8,-104.894,39.6606,34.3106,-53.6988,575.158,2.74343,0.853837,58.183,0.204429,0.000420043,0.510745,0.496152,0.277261,0.394003,0.306447,0.364818,0.32104,0.0583708,0,0.0145927,0,0,0,0,0
68000,68020,68010,22.9,-104.895,39.6593,33.6953,-53.6411,578.297,2.79262,0.971807,68.4325,0.211253,0.000521368,0.478735,0.412244,0.332455,0.332455,0.305858,0.43884,0.332455,0.132982,0.0265964,0,0,0,0,0,0
68021,68039,68030,23,-104.897,39.6582,33.1865,-53.8147,580.345,2.79797,0.761097,48.3438,0.190556,0.000344706,0.541542,0.58667,0.421199,0.391114,0.225642,0.300857,0.270771,0.0451285,0.0150428,0,0,0,0,0,0
68040,68058,68049,23.1,-104.899,39.6572,32.6447,-54.3311,581.724,2.69979,0.824745,58.2028,0.211712,0.000408995,0.449965,0.354518,0.654494,0.272706,0.354518,0.245435,0.299976,0.0272706,0.0136353,0.0272706,0,0,0,0,0
68059,68077,68068,23.2,-104.901,39.6563,32.06,-55.1183,582.62,2.76813,0.85504,55.737,0.195559,0.00040624,0.426999,0.500619,0.368102,0.338654,0.353378,0.426999,0.250309,0.103069,0,0,0,0,0,0,0
68078,68095,68086,23.3,-104.903,39.6557,31.5182,-55.6535,584.036,2.52781,0.824451,55.4755,0.201864,0.000412444,0.43962,0.314014,0.423919,0.282613,0.266912,0.408218,0.314014,0.0628028,0.0157007,0,0,0,0,0,0
68097,68117,68107,23.4,-104.905,39.6553,31.0248,-55.409,587.329,2.97762,0.983082,66.7741,0.20377,0.00049921,0.451155,0.412484,0.489825,0.464045,0.193352,0.489825,0.348034,0.116011,0.0128901,0,0,0,0,0,0
68118,68138,68128,23.5,-104.907,39.6544,30.4944,-55.7306,589.357,2.79562,0.903787,61.1279,0.202906,0.000451323,0.506898,0.384014,0.430095,0.27649,0.322571,0.491537,0.29185,0.0614422,0.0307211,0,0,0,0,0,0
68139,68158,68148,23.6,-104.909,39.6534,30.0133,-55.7717,591.933,2.50365,0.787868,53.8722,0.205132,0.000405023,0.417275,0.525457,0.293638,0.309092,0.309092,0.278183,0.185455,0.185455,0,0,0,0,0,0,0
68159,68179,68169,23.7,-104.911,39.6527,29.5424,-56.0281,593.905,2.53886,1.00387,76.6794,0.229151,0.00060055,0.486165,0.189064,0.391633,0.243083,0.337615,0.256587,0.391633,0.216073,0.0135046,0.0135046,0,0,0,0,0
68180,68200,68190,23.8,-104.913,39.652,29.005,-55.349,598.908,2.27144,0.69194,45.1993,0.195968,0.000333012,0.414287,0.342858,0.37143,0.228572,0.328572,0.242858,0.271429,0.0714288,0,0,0,0,0,0,0
68201,68219,68210,23.9,-104.916,39.6515,28.5311,-55.1858,602.17,2.80136,0.972056,68.3436,0.210925,0.000504477,0.395844,0.411069,0.365395,0.380619,0.31972,0.471968,0.334945,0.106573,0,0.0152248,0,0,0,0,0
68220,68240,68230,24,-104.918,39.6509,28.0826,-54.8032,605.979,2.56681,0.819926,55.5991,0.20343,0.000412945,0.525732,0.340179,0.340179,0.324717,0.262866,0.417493,0.23194,0.108239,0.0154627,0,0,0,0,0,0
68241,68261,68251,24.1,-104.92,39.6504,27.591,-53.7035,612.102,2.37355,0.825676,67.1894,0.244125,0.000447031,0.457019,0.412791,0.309593,0.339078,0.221138,0.221138,0.235881,0.132683,0.0294851,0,0.0147425,0,0,0,0
68262,68282,68272,24.2,-104.922,39.6503,27.1355,-52.7785,617.621,2.44019,0.601546,35.5056,0.177072,0.000238501,0.523968,0.479056,0.389233,0.314381,0.28444,0.269469,0.134735,0.0449115,0,0,0,0,0,0,0
68283,68301,68292,24.3,-104.925,39.6502,26.7278,-52.3767,621.424,2.43361,0.694703,44.9401,0.194069,0.000320691,0.450052,0.416715,0.433383,0.316703,0.200023,0.366709,0.166686,0.0666744,0.0166686,0,0,0,0,0,0
68302,68320,68311,24.4,-104.928,39.6501,26.2553,-52.256,624.939,2.22561,0.869278,63.3049,0.218474,0.000498748,0.183766,0.367532,0.428788,0.204185,0.122511,0.347114,0.449206,0.102092,0.0204185,0,0,0,0,0,0
68321,68339,68330,24.5,-104.93,39.6501,25.8632,-51.7605,629.042,2.29831,0.735837,49.3093,0.201033,0.000364101,0.27515,0.420817,0.420817,0.258964,0.242779,0.339891,0.258964,0.0647411,0.0161853,0,0,0,0,0,0
