data/B2SAP/Locations/Boulder/NOAA-POPS-B2SAP_GMLBalloon_20220713_R0.ict
61,1001
Thornberry, T. D.
NOAA Chemical Sciences Laboratory
Portable Optical Particle Spectrometer (POPS)
Balloon Baseline Stratospheric Aerosol Profiles (B2SAP)
1,1
2022,07,13,2024,05,28
0
TIME_START,s,Seconds since midnight UTC on flight start day,Start time of 100 m altitude bin in UTC_seconds_since_midnight
28
1.0,1.0,1.0,1.0,1.0,1.0,1.0,1.0,1.0,1.0,1.0,1.0,1.0,1.0,1.0,1.0,1.0,1.0,1.0,1.0,1.0,1.0,1.0,1.0,1.0,1.0,1.0,1.0
99999,99999,99999,99999,99999,99999,99999,99999,99999,99999,99999,99999,99999,99999,99999,99999,99999,99999,99999,99999,99999,99999,99999,99999,99999,99999,99999,99999
TIME_STOP,s,End time of 100 m altitude bin in UTC seconds since midnight,
TIME_MID,s,Mid time of 100 m altitude in UTC seconds since midnight,
GPSAlt,m,GPS reported altitude above sea level (m),
GPS_Lon,deg,GPS reported longitude,
GPS_Lat,deg,GPS reported latitude,
iMet_Pressure,mb,Pressure reported (mB),
iMet_Temperature,degrees C,Ambient temperature (oC),
THETA,K,Potential temperature from iMet,
Aerosol_concentration,cm^-3,Aerosol concentration,
Surface_Area_Conc,um^2 cm^-3,Surface area concentration,
Volume_density,um^3 cm^-3,Volume density,
Effective_radius,um,Effective radius,
Extinction,km^-1,Extinction,
Bin01,cm^-3,particle concentration in size range [140 - 170 nm],
Bin02,cm^-3,particle concentration in size range [170 - 205 nm],
Bin03,cm^-3,particle concentration in size range [205 - 249 nm],
Bin04,cm^-3,particle concentration in size range [249 - 302 nm],
Bin05,cm^-3,particle concentration in size range [302 - 366 nm],
Bin06,cm^-3,particle concentration in size range [366 - 443 nm],
Bin07,cm^-3,particle concentration in size range [443 - 537 nm],
Bin08,cm^-3,particle concentration in size range [537 - 651 nm],
Bin09,cm^-3,particle concentration in size range [651 - 789 nm],
Bin10,cm^-3,particle concentration in size range [789 - 956 nm],
Bin11,cm^-3,particle concentration in size range [956 - 1159 nm],
Bin12,cm^-3,particle concentration in size range [1159 - 1404 nm],
Bin13,cm^-3,particle concentration in size range [1404 - 1702 nm],
Bin14,cm^-3,particle concentration in size range [1702 - 2062 nm],
Bin15,cm^-3,particle concentration in size range [2062 - 2500 nm],
0
19
PI_CONTACT_INFO: 325 Broadway R/CSL6, Boulder, CO 80305; troy.thornberry@noaa.gov; 303-497-3373 
PLATFORM: GML ECC/FPH balloon
LOCATION: Boulder, CO, USA
ASSOCIATED_DATA: N/A
INSTRUMENT_INFO: Printed Optical Particle Spectrometer counts particles from 140 - 2500 nm in diameter 
DATA_INFO: Particle concentrations reported in number per cubic centimeter, binned to 100 m altitude
UNCERTAINTY: Counting uncertainty dominated by air flow, less than 5 percent
ULOD_FLAG: -77777
ULOD_VALUE: 3000 ~3000 per cm3 (varies depending on flow rate- manufacturer quotes 1250  per cm3 at 1.667 cc/s)
LLOD_FLAG: -88888
LLOD_VALUE: 0 0 (varies depending on data field and measurement precision)
DM_CONTACT_INFO: Troy Thornberry, 325 Broadway R/CSL6, Boulder, CO 80305; troy.thornberry@noaa.gov; 303-497-3373
PROJECT_INFO: B2SAP Boulder, CO, USA
STIPULATIONS_ON_USE: Please contact the PIs for questions regarding applications and uncertainties
OTHER_COMMENTS: POPS bin Edges (nm):  140, 170, 205, 249, 302, 366, 443, 537, 651, 789, 956, 1159, 1404, 1702, 2062, 2500
Calculations assume sulfate refractive index of 1.45+0.00j and extinction wavelength = 532 nm
REVISION: R0
R0: QA/QC data
TIME_START,TIME_STOP,TIME_MID,GPSAlt,GPS_Lon,GPS_Lat,iMet_Pressure,iMet_Temperature,THETA,Aerosol_concentration,Surface_Area_Conc,Volume_density,Effective_radius,Extinction,Bin01,Bin02,Bin03,Bin04,Bin05,Bin06,Bin07,Bin08,Bin09,Bin10,Bin11,Bin12,Bin13,Bin14,Bin15
[from data line 229]
66968,66984,66976,23.8,-105.373,39.7801,31.4192,-51.3869,596.026,2.50184,0.41426,21.6396,0.15671,0.000135236,1.46847,0.271939,0.217551,0.163163,0.0543878,0.217551,0.108776,0,0,0,0,0,0,0,0
66986,66998,66992,23.7,-105.374,39.7796,31.945,-51.5508,592.762,2.73082,0.48511,25.5245,0.157847,0.000158596,1.39446,0.406717,0.174307,0.23241,0.174307,0.23241,0.116205,0,0,0,0,0,0,0,0
67000,67015,67008,23.6,-105.376,39.7793,32.42,-52.0146,589.04,2.38953,0.547628,33.2726,0.182273,0.000234196,0.74341,0.584108,0.159302,0.371705,0.159302,0.106201,0.212403,0.0531007,0,0,0,0,0,0,0
67016,67031,67024,23.5,-105.377,39.7791,32.9262,-52.1969,585.947,1.95834,0.348888,18.1022,0.155656,0.000105809,0.79392,0.211712,0.370496,0.26464,0.211712,0.052928,0,0.052928,0,0,0,0,0,0,0
67032,67048,67040,23.4,-105.379,39.7792,33.6233,-52.7347,581.039,3.06236,0.469614,21.6099,0.138049,0.000112378,1.33146,0.443821,0.576967,0.443821,0.0887642,0.0887642,0.0887642,0,0,0,0,0,0,0,0
67049,67064,67056,23.3,-105.381,39.7794,34.1864,-52.0027,580.202,2.50956,0.566222,31.4546,0.166655,0.000199525,0.836521,0.418261,0.298758,0.119503,0.298758,0.478012,0.0597515,0,0,0,0,0,0,0,0
67065,67081,67073,23.2,-105.383,39.7794,34.7567,-51.8033,577.994,2.36436,0.479139,27.4266,0.171725,0.000184781,0.744334,0.569197,0.394059,0.175137,0.262706,0,0.175137,0.0437844,0,0,0,0,0,0,0
67082,67097,67090,23.1,-105.385,39.7792,35.2623,-51.7846,575.654,2.68801,0.425411,20.0025,0.141058,0.000106482,1.31864,0.304303,0.35502,0.35502,0.152151,0.152151,0.0507171,0,0,0,0,0,0,0,0
67098,67114,67106,23,-105.387,39.7792,35.8237,-52.0312,572.435,2.5496,0.429425,20.4515,0.142876,0.000109313,1.02807,0.411226,0.370104,0.328981,0.205613,0.16449,0.0411226,0,0,0,0,0,0,0,0
67115,67130,67122,22.9,-105.388,39.779,36.4,-52.3756,568.93,3.09027,0.656403,37.9266,0.173338,0.000256896,1.03009,0.659258,0.370833,0.329629,0.329629,0.0824072,0.247222,0.0412036,0,0,0,0,0,0,0
67131,67148,67140,22.8,-105.389,39.779,36.9744,-52.8533,565.177,2.76957,0.62941,35.2089,0.167819,0.000224728,0.61951,0.437301,0.546626,0.437301,0.400859,0.145767,0.145767,0.0364418,0,0,0,0,0,0,0
67149,67164,67156,22.7,-105.389,39.7788,37.595,-52.4994,563.387,2.40311,0.475172,24.5585,0.15505,0.000144714,0.560725,0.560725,0.560725,0.240311,0.160207,0.240311,0.0801036,0,0,0,0,0,0,0,0
67165,67183,67174,22.6,-105.39,39.7783,38.2342,-52.9889,559.449,2.85171,0.538498,27.9362,0.155634,0.000168194,1.02794,0.497391,0.431072,0.331594,0.265275,0.165797,0.132637,0,0,0,0,0,0,0,0
67184,67200,67192,22.5,-105.391,39.7779,38.81,-53.725,555.195,2.89057,0.606826,36.2284,0.179104,0.000235767,1.06912,0.395969,0.514759,0.237581,0.356372,0.197984,0.0395969,0.0395969,0.0395969,0,0,0,0,0,0
67201,67218,67210,22.4,-105.392,39.7775,39.4612,-54.4494,550.742,3.29473,0.564333,26.6259,0.141543,0.000139154,1.07356,0.777408,0.444233,0.444233,0.296155,0.222117,0.0370194,0,0,0,0,0,0,0,0
67219,67234,67226,22.3,-105.393,39.7767,40.0877,-55.4931,545.65,2.81103,0.596016,33.2433,0.167327,0.000212455,0.762313,0.571735,0.571735,0.238223,0.285867,0.238223,0.0952892,0.0476446,0,0,0,0,0,0,0
67235,67251,67243,22.2,-105.392,39.776,40.6456,-56.0962,541.991,3.40982,0.768081,43.8481,0.171264,0.000288858,0.996126,0.651313,0.459751,0.3065,0.498063,0.268188,0.191563,0.0383125,0,0,0,0,0,0,0
67252,67267,67260,22.1,-105.392,39.7755,41.37,-56.1036,539.251,2.75844,0.601926,32.77,0.163325,0.000201157,0.875694,0.218924,0.525417,0.306493,0.525417,0.218924,0.0437847,0.0437847,0,0,0,0,0,0,0
67268,67282,67275,22,-105.392,39.7756,41.9486,-56.3943,536.385,2.59039,0.50491,27.3439,0.162468,0.000170525,1.07933,0.259039,0.345385,0.345385,0.345385,0.0863464,0.0863464,0.0431732,0,0,0,0,0,0,0
67284,67300,67292,21.9,-105.392,39.7761,42.6247,-56.8007,532.951,3.87984,0.93458,57.0124,0.183009,0.000392541,1.13652,0.470283,0.744615,0.548664,0.352712,0.313522,0.156761,0.156761,0,0,0,0,0,0,0
67301,67317,67309,21.8,-105.392,39.7767,43.3531,-56.5219,531.048,3.36464,0.723883,41.0623,0.170175,0.000269648,1.18317,0.591585,0.332766,0.406715,0.36974,0.258818,0.18487,0.036974,0,0,0,0,0,0,0
67318,67334,67326,21.7,-105.392,39.7775,44.0844,-57.0881,527.145,3.42958,0.859991,54.8369,0.191294,0.000401272,1.18007,0.626913,0.331895,0.258141,0.40565,0.184386,0.331895,0.110632,0,0,0,0,0,0,0
67335,67352,67344,21.6,-105.392,39.7788,44.8388,-56.6947,525.543,3.88037,0.723036,38.5596,0.15999,0.000240877,1.42049,0.796861,0.658276,0.242523,0.381107,0.173231,0.173231,0.0346461,0,0,0,0,0,0,0
67353,67369,67361,21.5,-105.393,39.7802,45.5647,-56.3507,523.974,3.40244,0.874368,59.2423,0.203263,0.000441889,1.27591,0.579961,0.309312,0.309312,0.309312,0.154656,0.309312,0.115992,0.038664,0,0,0,0,0,0
67370,67386,67378,21.4,-105.394,39.7815,46.2329,-56.7359,520.873,3.64038,1.12545,96.3348,0.256791,0.000574337,1.30252,0.500969,0.400775,0.200388,0.434173,0.367377,0.200388,0.16699,0.0333979,0,0.0333979,0,0,0,0
67387,67406,67396,21.3,-105.395,39.7827,46.9918,-56.65,518.656,2.89027,0.696544,47.2922,0.203686,0.000341299,1.09631,0.4651,0.298993,0.398657,0.23255,0.0996643,0.166107,0.0664429,0.0664429,0,0,0,0,0,0
67407,67425,67416,21.2,-105.396,39.7839,47.7721,-56.4495,516.707,3.61863,0.86738,52.6321,0.182038,0.000353687,1.03813,0.652539,0.444913,0.415252,0.444913,0.415252,0.118644,0.0593218,0.0296609,0,0,0,0,0,0
67426,67444,67435,21.1,-105.397,39.7852,48.5859,-56.2447,514.696,4.00709,0.900015,58.0649,0.193547,0.00039569,1.36827,0.814448,0.488669,0.488669,0.293201,0.325779,0.0977338,0.0325779,0.0977338,0,0,0,0,0,0
67445,67462,67454,21,-105.398,39.7865,49.34,-55.6269,513.904,4.36066,1.01824,60.5111,0.178281,0.000419718,1.52116,0.574661,0.709875,0.270429,0.540857,0.304232,0.405643,0.0338036,0,0,0,0,0,0,0
67463,67480,67472,20.9,-105.398,39.7873,50.0938,-56.1944,510.34,4.16248,1.04186,68.6458,0.197663,0.000495335,1.61128,0.469958,0.537094,0.402821,0.369252,0.402821,0.134274,0.20141,0.0335684,0,0,0,0,0,0
67482,67499,67490,20.8,-105.399,39.7879,50.8907,-56.5607,507.191,3.90153,1.13741,81.379,0.214643,0.000575335,0.939258,0.830882,0.325128,0.433504,0.578005,0.325128,0.325128,0.0722506,0.0361253,0.0361253,0,0,0,0,0
67500,67517,67508,20.7,-105.401,39.7886,51.7006,-56.2094,505.726,4.53182,1.15404,76.8377,0.199744,0.000524541,1.3866,0.541113,0.879308,0.372015,0.642571,0.270556,0.304376,0.101459,0,0.0338195,0,0,0,0,0
67518,67534,67526,20.6,-105.401,39.7895,52.5925,-56.7888,501.916,4.5369,1.18295,77.8044,0.197315,0.000557207,1.28217,0.690398,0.690398,0.460265,0.75615,0.16438,0.295885,0.131504,0.0657522,0,0,0,0,0,0
67535,67552,67544,20.5,-105.402,39.7907,53.4135,-57.4388,498.204,4.31475,1.19336,82.6201,0.207699,0.000586026,1.01705,0.832131,0.647213,0.554754,0.462295,0.277377,0.308197,0.184918,0,0.0308197,0,0,0,0,0
67553,67569,67561,20.4,-105.403,39.7923,54.254,-57.41,496.041,4.40046,1.3949,100.668,0.216507,0.000742985,0.838183,0.838183,0.593713,0.523864,0.593713,0.24447,0.523864,0.209546,0,0.0349243,0,0,0,0,0
67570,67587,67578,20.3,-105.404,39.7936,55.1033,-57.1572,494.433,4.46751,1.32328,88.952,0.201662,0.000660272,1.1894,0.609206,0.493167,0.493167,0.638216,0.406137,0.435147,0.174059,0.0290098,0,0,0,0,0,0
67588,67606,67597,20.2,-105.405,39.7947,55.9968,-57.03,492.449,4.73333,1.37148,94.8116,0.207392,0.000677738,1.15644,0.726137,0.618561,0.510985,0.833712,0.295833,0.376515,0.161364,0.0268939,0.0268939,0,0,0,0,0
67607,67624,67616,20.1,-105.406,39.7955,56.8456,-57.2413,489.86,5.1107,1.53877,106.087,0.206828,0.000753508,1.04107,0.851783,0.725593,0.410118,0.946425,0.536308,0.410118,0.12619,0.0315475,0.0315475,0,0,0,0,0
67625,67645,67635,20,-105.408,39.7962,57.78,-57.9029,486.094,5.15956,1.3944,91.9488,0.197824,0.000670743,1.49482,0.819743,0.650972,0.554532,0.626862,0.361651,0.458092,0.14466,0.0482202,0,0,0,0,0,0
67646,67666,67656,19.9,-105.41,39.7969,58.786,-58.7215,481.856,4.31615,1.14466,72.2383,0.189327,0.000519672,1.18386,0.813903,0.369956,0.493275,0.59193,0.345292,0.39462,0.123319,0,0,0,0,0,0,0
67667,67688,67678,19.8,-105.413,39.7974,59.7986,-59.765,477.187,4.83371,1.32789,85.3181,0.192753,0.000606738,1.26968,0.712805,0.512328,0.601429,0.757355,0.467778,0.378677,0.0891006,0.0445503,0,0,0,0,0,0
67689,67710,67700,19.7,-105.415,39.7975,60.7776,-60.1595,474.087,4.65802,1.17556,73.3634,0.187222,0.000516562,1.22332,0.870438,0.635184,0.541083,0.588133,0.305829,0.376405,0.0941014,0.0235253,0,0,0,0,0,0
67711,67731,67721,19.6,-105.417,39.7977,61.728,-61.3055,469.461,4.77677,1.27387,87.924,0.207064,0.000586354,1.06425,0.891003,0.668253,0.668253,0.841503,0.272251,0.173251,0.12375,0.0247501,0.0495002,0,0,0,0,0
67732,67752,67742,19.5,-105.418,39.7985,62.729,-62.0155,465.735,5.29939,1.40902,97.6859,0.207987,0.000697896,1.44529,1.13214,0.650379,0.529939,0.674467,0.240881,0.409498,0.120441,0.0722644,0.0240881,0,0,0,0,0
67753,67773,67763,19.4,-105.42,39.7993,63.7667,-60.901,466.006,5.15746,1.46723,98.4715,0.201342,0.000722579,1.39206,0.730259,0.75308,0.479233,0.684618,0.502053,0.342309,0.228206,0.0456412,0,0,0,0,0,0
67774,67793,67784,19.3,-105.421,39.7998,64.7847,-60.8742,463.963,4.69142,1.25794,82.7041,0.197237,0.000606036,1.32965,0.978425,0.551932,0.275966,0.551932,0.451581,0.351229,0.175615,0.0250878,0,0,0,0,0,0
67794,67814,67804,19.2,-105.423,39.7999,65.8171,-60.7729,462.087,5.01328,1.35428,101.334,0.224475,0.000611927,1.43237,0.716183,0.805705,0.604279,0.671421,0.268568,0.380472,0.0671421,0.0223807,0.0223807,0.0223807,0,0,0,0
67815,67834,67824,19.1,-105.425,39.7999,66.8845,-61.0085,459.467,5.5681,1.47588,94.5053,0.1921,0.00067034,1.57763,0.603211,1.04402,0.510409,0.765614,0.510409,0.371207,0.139203,0.0464009,0,0,0,0,0,0
67835,67855,67845,19,-105.427,39.8001,67.9716,-61.1332,457.076,5.30715,1.21182,74.5211,0.184486,0.000512803,1.82585,0.779031,0.900755,0.511239,0.486894,0.365171,0.316481,0.0730342,0.0486894,0,0,0,0,0,0
67856,67872,67864,18.9,-105.428,39.8001,69.0673,-61.3407,454.553,5.87852,1.46563,93.692,0.191778,0.000666752,1.85798,0.91376,0.974677,0.426421,0.639632,0.45688,0.45688,0.091376,0.0609173,0,0,0,0,0,0
67875,67894,67884,18.8,-105.429,39.8,70.2211,-61.5774,451.901,5.24164,1.20344,77.5499,0.19332,0.000526691,1.94486,0.87756,0.592946,0.521793,0.569228,0.308332,0.284614,0.0948714,0.0237178,0.0237178,0,0,0,0,0
67895,67913,67904,18.7,-105.43,39.7999,71.4274,-61.7847,449.264,6.07019,1.39261,94.7713,0.204158,0.00065587,2.22652,1.14841,0.749985,0.656237,0.609363,0.164059,0.281244,0.0937481,0.117185,0.023437,0,0,0,0,0
67914,67934,67924,18.6,-105.431,39.7999,72.5775,-62.7615,445.157,5.43627,1.08226,66.8798,0.18539,0.000467658,2.45078,1.09171,0.556995,0.401036,0.289637,0.200518,0.267358,0.133679,0.0445596,0,0,0,0,0,0
67935,67955,67945,18.5,-105.433,39.7999,73.8058,-62.9284,442.667,5.84283,1.13803,68.6604,0.180998,0.000468549,2.56345,1.24709,0.577354,0.369507,0.461884,0.230942,0.207848,0.138565,0.0461884,0,0,0,0,0,0
67957,67977,67967,18.4,-105.434,39.8001,75.045,-63.1235,440.166,5.66208,1.16791,79.7995,0.20498,0.00044875,2.17937,1.36745,0.598257,0.427327,0.470059,0.256396,0.256396,0.064099,0.0213663,0,0.0213663,0,0,0,0
67978,67998,67988,18.3,-105.435,39.8001,76.2935,-64.0795,436.096,6.10416,1.12949,68.5731,0.182135,0.000452697,2.89256,1.33994,0.574259,0.276495,0.36157,0.255226,0.297764,0.0638065,0.0212688,0.0212688,0,0,0,0,0
68000,68020,68010,18.2,-105.435,39.7993,77.54,-65.0778,432.011,6.38768,1.23563,76.9137,0.18674,0.000507959,2.7034,1.6029,0.550249,0.334934,0.574173,0.215315,0.263163,0.0717716,0.0478478,0.0239239,0,0,0,0,0
68021,68041,68031,18.1,-105.436,39.7986,78.8005,-65.64,428.867,6.44562,1.62059,106.292,0.196766,0.000748494,2.25155,0.949184,0.772592,0.529777,0.81674,0.485629,0.419407,0.176592,0.0220741,0.0220741,0,0,0,0,0
68042,68062,68052,18,-105.436,39.7981,80.0722,-65.1994,427.807,6.06338,1.43376,89.3467,0.186949,0.000617988,1.92084,1.24971,0.532282,0.694281,0.740566,0.416568,0.370283,0.0694281,0.0694281,0,0,0,0,0,0
68063,68083,68073,17.9,-105.436,39.7979,81.4117,-65.265,425.659,6.47932,1.57498,123.545,0.235328,0.000685946,2.20622,1.16117,1.02183,0.580584,0.719924,0.394797,0.20901,0.0464467,0.0696701,0.0464467,0,0,0.0232234,0,0
68084,68105,68094,17.8,-105.436,39.7978,82.7833,-65.0662,424.029,6.28419,1.43911,85.3705,0.177965,0.000582911,2.06821,1.01422,0.795467,0.755694,0.71592,0.397734,0.397734,0.139207,0,0,0,0,0,0,0
68106,68126,68116,17.7,-105.437,39.7977,84.1605,-65.0852,421.999,5.7924,1.42242,90.4714,0.190812,0.000635676,1.52638,1.29155,0.704482,0.704482,0.704482,0.313103,0.332672,0.156551,0.0587068,0,0,0,0,0,0
68128,68149,68138,17.6,-105.437,39.7977,85.5489,-65.4217,419.355,6.65938,1.53072,99.3446,0.194701,0.000680057,2.26464,1.25564,0.896886,0.695087,0.672665,0.31391,0.358755,0.112111,0.0672665,0.0224222,0,0,0,0,0
68150,68171,68160,17.5,-105.438,39.7978,86.9558,-65.6116,417.017,5.97914,1.19626,67.4125,0.169059,0.000439501,2.34148,1.06621,0.689901,0.648088,0.48084,0.355403,0.355403,0.0209061,0.0209061,0,0,0,0,0,0
68173,68196,68184,17.4,-105.439,39.7976,88.4471,-66.8919,412.445,7.28692,1.61161,98.8856,0.184075,0.00067279,2.57185,1.30456,0.913195,0.764102,0.801375,0.428642,0.279549,0.149093,0.0745465,0,0,0,0,0,0
68197,68219,68208,17.3,-105.44,39.797,89.9871,-67.5876,409.023,6.61187,1.25393,72.3862,0.173182,0.000459183,2.65952,1.44057,0.794163,0.443254,0.609474,0.33244,0.203158,0.110813,0,0.0184689,0,0,0,0,0
68220,68243,68232,17.2,-105.441,39.7962,91.4178,-67.5874,407.186,7.77671,1.42781,80.5319,0.169207,0.000526177,3.15006,1.90316,0.90236,0.574229,0.42657,0.344538,0.344538,0.0984393,0.0328131,0,0,0,0,0,0
68244,68268,68256,17.1,-105.441,39.7951,92.9439,-67.9891,404.48,8.39252,1.34288,81.5917,0.182276,0.000413164,4.10263,1.97471,0.851169,0.544748,0.357491,0.306421,0.136187,0.0851169,0,0.0170234,0,0.0170234,0,0,0
68269,68293,68281,17,-105.44,39.7936,94.5564,-68.6084,401.271,9.06495,1.44225,86.3212,0.179555,0.000470816,4.62312,2.17559,0.770521,0.377706,0.528789,0.226624,0.271949,0.0302165,0.0302165,0.0151083,0.0151083,0,0,0,0
68294,68317,68306,16.9,-105.439,39.7925,96.1804,-68.5083,399.526,8.10048,1.28179,65.6366,0.153621,0.000392018,3.90673,1.7381,0.829183,0.510267,0.57405,0.255133,0.175404,0.095675,0.0159458,0,0,0,0,0,0
68318,68339,68328,16.8,-105.438,39.7917,97.7418,-68.4445,397.815,8.30965,1.11149,51.8086,0.139836,0.000285889,4.39619,2.20671,0.655118,0.327559,0.310319,0.15516,0.224119,0.0172399,0.0172399,0,0,0,0,0,0
68340,68362,68351,16.7,-105.437,39.7911,99.3348,-67.8948,397.04,9.38104,1.24765,62.4161,0.150081,0.000324619,5.01736,2.40268,0.777337,0.494669,0.335668,0.159001,0.123667,0.0353335,0,0.0353335,0,0,0,0,0
68363,68385,68374,16.6,-105.437,39.7904,101.068,-66.9991,396.815,8.8018,1.32815,75.9822,0.171627,0.000401527,4.60684,1.99833,0.961029,0.289834,0.427124,0.213562,0.183053,0.0915265,0.0152544,0,0.0152544,0,0,0,0
68386,68409,68398,16.5,-105.436,39.7899,102.811,-66.2929,396.226,8.74008,1.15934,52.6691,0.136291,0.000277747,4.51149,2.27808,0.833806,0.357346,0.342456,0.223341,0.148894,0.0297788,0.0148894,0,0,0,0,0,0
68410,68433,68422,16.4,-105.436,39.7895,104.532,-65.8008,395.292,8.67297,1.06507,52.7557,0.148597,0.0001901,4.49541,2.52772,0.787075,0.363266,0.302721,0.121089,0.0454082,0.0151361,0,0,0,0.0151361,0,0,0
68434,68457,68446,16.3,-105.435,39.7891,106.298,-65.8429,393.33,9.1981,1.16384,52.4252,0.135135,0.00027368,4.90868,2.61293,0.619248,0.453109,0.226554,0.196347,0.0906217,0.0755181,0.0151036,0,0,0,0,0,0
68458,68482,68470,16.2,-105.434,39.7886,108.049,-65.9896,391.211,9.071,1.1783,65.1303,0.165824,0.000295237,4.99738,2.63498,0.575456,0.242297,0.287728,0.196866,0.0757179,0,0.0302871,0.0151436,0.0151436,0,0,0,0
68483,68508,68496,16.1,-105.433,39.7884,109.845,-66.6376,388.161,9.31721,1.13557,48.9005,0.129187,0.000243715,5.31372,2.30019,0.78614,0.23293,0.334837,0.174698,0.145581,0.0145581,0.0145581,0,0,0,0,0,0
