data/B2SAP/Locations/Boulder/NOAA-POPS-B2SAP_GMLBalloon_20220414_R0.ict
61,1001
Thornberry, T. D.
NOAA Chemical Sciences Laboratory
Portable Optical Particle Spectrometer (POPS)
Balloon Baseline Stratospheric Aerosol Profiles (B2SAP)
1,1
2022,04,14,2024,05,28
0
TIME_START,s,Seconds since midnight UTC on flight start day,Start time of 100 m altitude bin in UTC_seconds_since_midnight
28
1.0,1.0,1.0,1.0,1.0,1.0,1.0,1.0,1.0,1.0,1.0,1.0,1.0,1.0,1.0,1.0,1.0,1.0,1.0,1.0,1.0,1.0,1.0,1.0,1.0,1.0,1.0,1.0
99999,99999,99999,99999,99999,99999,99999,99999,99999,99999,99999,99999,99999,99999,99999,99999,99999,99999,99999,99999,99999,99999,99999,99999,99999,99999,99999,99999
TIME_STOP,s,End time of 100 m altitude bin in UTC seconds since midnight,
TIME_MID,s,Mid time of 100 m altitude in UTC seconds since midnight,
GPSAlt,m,GPS reported altitude above sea level (m),
GPS_Lon,deg,GPS reported longitude,
GPS_Lat,deg,GPS reported latitude,
iMet_Pressure,mb,Pressure reported (mB),
iMet_Temperature,degrees C,Ambient temperature (oC),
THETA,K,Potential temperature from iMet,
Aerosol_concentration,cm^-3,Aerosol concentration,
Surface_Area_Conc,um^2 cm^-3,Surface area concentration,
Volume_density,um^3 cm^-3,Volume density,
Effective_radius,um,Effective radius,
Extinction,km^-1,Extinction,
Bin01,cm^-3,particle concentration in size range [140 - 170 nm],
Bin02,cm^-3,particle concentration in size range [170 - 205 nm],
Bin03,cm^-3,particle concentration in size range [205 - 249 nm],
Bin04,cm^-3,particle concentration in size range [249 - 302 nm],
Bin05,cm^-3,particle concentration in size range [302 - 366 nm],
Bin06,cm^-3,particle concentration in size range [366 - 443 nm],
Bin07,cm^-3,particle concentration in size range [443 - 537 nm],
Bin08,cm^-3,particle concentration in size range [537 - 651 nm],
Bin09,cm^-3,particle concentration in size range [651 - 789 nm],
Bin10,cm^-3,particle concentration in size range [789 - 956 nm],
Bin11,cm^-3,particle concentration in size range [956 - 1159 nm],
Bin12,cm^-3,particle concentration in size range [1159 - 1404 nm],
Bin13,cm^-3,particle concentration in size range [1404 - 1702 nm],
Bin14,cm^-3,particle concentration in size range [1702 - 2062 nm],
Bin15,cm^-3,particle concentration in size range [2062 - 2500 nm],
0
19
PI_CONTACT_INFO: 325 Broadway R/CSL6, Boulder, CO 80305; troy.thornberry@noaa.gov; 303-497-3373 
PLATFORM: GML ECC/FPH balloon
LOCATION: Boulder, CO, USA
ASSOCIATED_DATA: N/A
INSTRUMENT_INFO: Printed Optical Particle Spectrometer counts particles from 140 - 2500 nm in diameter 
DATA_INFO: Particle concentrations reported in number per cubic centimeter, binned to 100 m altitude
UNCERTAINTY: Counting uncertainty dominated by air flow, less than 5 percent
ULOD_FLAG: -77777
ULOD_VALUE: 3000 ~3000 per cm3 (varies depending on flow rate- manufacturer quotes 1250  per cm3 at 1.667 cc/s)
LLOD_FLAG: -88888
LLOD_VALUE: 0 0 (varies depending on data field and measurement precision)
DM_CONTACT_INFO: Troy Thornberry, 325 Broadway R/CSL6, Boulder, CO 80305; troy.thornberry@noaa.gov; 303-497-3373
PROJECT_INFO: B2SAP Boulder, CO, USA
STIPULATIONS_ON_USE: Please contact the PIs for questions regarding applications and uncertainties
OTHER_COMMENTS: POPS bin Edges (nm):  140, 170, 205, 249, 302, 366, 443, 537, 651, 789, 956, 1159, 1404, 1702, 2062, 2500
Calculations assume sulfate refractive index of 1.45+0.00j and extinction wavelength = 532 nm
REVISION: R0
R0: QA/QC data
TIME_START,TIME_STOP,TIME_MID,GPSAlt,GPS_Lon,GPS_Lat,iMet_Pressure,iMet_Temperature,THETA,Aerosol_concentration,Surface_Area_Conc,Volume_density,Effective_radius,Extinction,Bin01,Bin02,Bin03,Bin04,Bin05,Bin06,Bin07,Bin08,Bin09,Bin10,Bin11,Bin12,Bin13,Bin14,Bin15
[from data line 146]
57945,57956,57950,16.3,-103.895,39.7626,96.7975,-51.5167,431.906,8.36527,1.91514,112.382,0.176042,0.000726624,1.96548,1.46212,1.60594,1.27037,0.95877,0.671139,0.239692,0.119846,0.0719077,0,0,0,0,0,0
57961,57969,57965,16.4,-103.894,39.7629,95.2556,-51.7633,433.403,7.65477,1.72028,95.5872,0.166695,0.000600954,1.53095,1.46717,1.2758,1.59474,0.893057,0.446528,0.318949,0.12758,0,0,0,0,0,0,0
57970,57986,57978,16.5,-103.894,39.7632,93.7475,-52.165,434.605,7.13976,1.58398,92.9755,0.176092,0.000602087,2.09145,1.17794,0.937545,1.25006,0.889466,0.384634,0.264436,0.0721188,0.0721188,0,0,0,0,0,0
57989,58009,57999,16.6,-103.893,39.7642,92.274,-52.6793,435.555,8.20258,1.8833,110.334,0.175756,0.000719328,1.67517,1.65592,1.61741,1.34784,0.86647,0.500627,0.365843,0.115529,0.0577647,0,0,0,0,0,0
58010,58029,58020,16.7,-103.892,39.7651,90.7964,-53.3036,436.326,8.57244,2.0899,127.988,0.183723,0.000875247,1.82216,1.84287,1.42874,1.3045,0.828255,0.641898,0.414128,0.248477,0.0414128,0,0,0,0,0,0
58030,58049,58040,16.8,-103.891,39.7657,89.5853,-53.9107,436.803,8.09376,1.82056,116.552,0.192059,0.000692293,2.18803,1.6265,1.45223,0.987516,0.890701,0.425987,0.329172,0.154905,0.0193631,0,0.0193631,0,0,0,0
58050,58071,58060,16.9,-103.889,39.7666,88.0007,-54.242,438.365,7.88939,1.92957,113.611,0.176638,0.000748306,1.53892,1.49996,1.05192,1.57788,1.11036,0.584399,0.311679,0.1948,0.01948,0,0,0,0,0,0
58074,58094,58084,17,-103.887,39.7675,86.7027,-54.226,440.263,6.89991,1.62554,96.3799,0.177873,0.000643355,1.58931,1.29858,1.16291,1.14353,0.717126,0.426399,0.445781,0.0775271,0.0387636,0,0,0,0,0,0
58095,58115,58105,17.1,-103.884,39.7684,85.4062,-54.9562,440.693,7.08448,1.66663,99.9086,0.179839,0.000666935,1.39441,1.6418,1.21448,1.14701,0.719693,0.449808,0.314866,0.157433,0.0449808,0,0,0,0,0,0
58119,58139,58129,17.2,-103.883,39.7691,83.9421,-53.2607,446.311,6.21852,1.35251,77.0855,0.170984,0.000500647,1.39345,1.53903,1.01909,0.9151,0.623932,0.332764,0.228775,0.166382,0,0,0,0,0,0,0
58140,58159,58150,17.3,-103.882,39.7698,82.7147,-53.1853,448.35,7.32801,1.87028,118.098,0.189434,0.000824906,1.57029,1.31827,1.22133,1.31827,0.794837,0.407112,0.348953,0.31018,0.0387725,0,0,0,0,0,0
58160,58183,58172,17.4,-103.882,39.7709,81.3647,-53.6473,449.518,7.00429,1.5538,86.3443,0.16671,0.000544833,1.49399,1.62981,1.02833,1.00893,0.970123,0.523866,0.23283,0.116415,0,0,0,0,0,0,0
58184,58202,58193,17.5,-103.882,39.7717,80.2223,-53.7646,451.088,7.37081,1.7958,108.181,0.180723,0.000730387,1.5635,1.47416,1.27314,0.960438,1.00511,0.558394,0.290365,0.223358,0.0223358,0,0,0,0,0,0
58206,58223,58214,17.6,-103.882,39.772,78.8836,-53.9871,452.816,6.80307,1.6477,96.4056,0.175528,0.000631786,1.47712,1.06103,1.12344,1.24827,0.873789,0.582526,0.291263,0.124827,0.0208045,0,0,0,0,0,0
58224,58243,58234,17.7,-103.882,39.772,77.7171,-54.465,453.748,6.77722,1.61952,96.013,0.177854,0.000640293,1.63155,1.23412,0.899446,1.15045,0.920364,0.502017,0.188256,0.251008,0,0,0,0,0,0,0
58244,58265,58254,17.8,-103.882,39.772,76.4747,-55.4207,453.849,6.76636,1.71918,108.3,0.188985,0.000725313,1.56448,1.11469,0.997353,1.09513,0.919129,0.547566,0.391119,0.0586678,0.0586678,0.0195559,0,0,0,0,0
58267,58285,58276,17.9,-103.882,39.7717,75.2054,-56.31,454.168,6.72504,1.60899,96.2507,0.179461,0.00064394,1.5171,1.22273,1.13216,1.06423,0.883085,0.430221,0.249075,0.203789,0.0226432,0,0,0,0,0,0
58286,58303,58294,18,-103.881,39.7711,74.0917,-56.4675,455.769,6.31192,1.5488,95.0168,0.184046,0.000643414,1.30168,1.15432,1.17888,1.05608,0.7368,0.39296,0.27016,0.17192,0.04912,0,0,0,0,0,0
58306,58325,58316,18.1,-103.88,39.7706,72.865,-57.0371,456.752,6.57112,1.4499,83.1435,0.172033,0.000539348,1.73144,1.25164,1.04303,1.02217,0.709264,0.396353,0.29205,0.104303,0.0208607,0,0,0,0,0,0
58326,58345,58336,18.2,-103.879,39.7704,71.6414,-57.8957,457.14,7.02894,1.68157,102.024,0.182016,0.000684981,1.61913,1.04767,1.3715,1.3715,0.723847,0.323826,0.361924,0.152389,0.0571458,0,0,0,0,0,0
58347,58366,58356,18.3,-103.878,39.7704,70.5473,-57.9107,459.118,6.3858,1.48108,88.886,0.180043,0.000595685,1.51196,1.31629,1.1562,0.853812,0.658147,0.444694,0.249029,0.16009,0.0355755,0,0,0,0,0,0
58367,58386,58376,18.4,-103.877,39.7703,69.4873,-57.8773,461.19,6.33222,1.50138,89.2127,0.178262,0.000595947,1.26644,1.23077,1.21293,1.07023,0.749164,0.303233,0.303233,0.178372,0.0178372,0,0,0,0,0,0
58388,58409,58398,18.5,-103.874,39.77,68.3253,-57.7593,463.664,6.23718,1.52121,93.3592,0.184115,0.000617879,1.3225,1.25101,1.01868,0.929322,0.804221,0.446789,0.321688,0.107229,0.0178716,0.0178716,0,0,0,0,0
58411,58432,58422,18.6,-103.872,39.7693,67.1881,-57.1625,467.189,6.22905,1.4762,88.2203,0.179285,0.000580818,1.31225,1.12954,1.17937,1.04648,0.730876,0.448492,0.19933,0.132886,0.0498324,0,0,0,0,0,0
58433,58448,58440,18.7,-103.871,39.7683,66.3083,-55.6575,472.218,5.98068,1.55711,97.1729,0.187217,0.00064766,1.03724,1.12552,0.860689,1.16965,0.860689,0.441379,0.308965,0.154483,0,0.0220689,0,0,0,0,0
58452,58469,58460,18.8,-103.87,39.7678,65.1192,-55.9417,474.039,5.52201,1.28955,77.5798,0.180481,0.000515181,1.40241,0.942247,1.00799,0.745032,0.679294,0.416342,0.153389,0.131476,0.0438254,0,0,0,0,0,0
58470,58488,58479,18.9,-103.869,39.7676,64.0638,-56.0385,476.056,5.41771,1.34254,82.0855,0.183426,0.000563958,1.21746,1.05513,0.811642,0.852224,0.629023,0.365239,0.324657,0.142037,0.020291,0,0,0,0,0,0
58490,58509,58500,19,-103.867,39.7675,63.0443,-56.045,478.219,4.93641,1.2512,79.3476,0.190252,0.000555363,1.02133,1.02133,0.945673,0.661971,0.453923,0.378269,0.245875,0.170221,0.0378269,0,0,0,0,0,0
58510,58529,58520,19.1,-103.865,39.7673,62.0775,-55.9658,480.515,4.898,1.00364,55.8004,0.166794,0.000349135,1.27966,1.03696,0.970775,0.617766,0.50745,0.242694,0.154441,0.0661892,0.0220631,0,0,0,0,0,0
58532,58547,58540,19.2,-103.864,39.7671,61.1042,-56.0275,482.553,5.28773,1.39316,85.7252,0.184599,0.000594711,1.07958,0.969417,0.881288,0.638934,0.616901,0.594869,0.418612,0.0660966,0.0220322,0,0,0,0,0,0
58551,58571,58561,19.3,-103.862,39.767,60.0867,-56.5467,483.707,4.73821,1.24474,88.4062,0.213071,0.000527342,0.901674,1.06079,0.813274,0.654156,0.565756,0.353598,0.247518,0.106079,0,0.0176799,0.0176799,0,0,0,0
58572,58592,58582,19.4,-103.859,39.7668,59.0954,-57.0462,484.901,4.8211,1.14733,68.9592,0.180312,0.000462867,1.08271,1.02142,0.755851,0.653709,0.63328,0.347283,0.163427,0.142999,0.0204284,0,0,0,0,0,0
58593,58605,58599,19.5,-103.858,39.7666,58.325,-56.187,488.651,5.25459,1.1848,68.2675,0.172858,0.00044502,1.16182,1.02979,1.0826,0.765745,0.5281,0.36967,0.15843,0.15843,0,0,0,0,0,0,0
58608,58625,58616,19.6,-103.858,39.7664,57.3179,-54.2943,495.378,4.48528,1.06709,64.8592,0.182345,0.000438329,1.10724,0.825741,0.731907,0.694373,0.487938,0.281503,0.243969,0.0750674,0.0375337,0,0,0,0,0,0
58627,58648,58638,19.7,-103.858,39.7658,56.3553,-54.5193,497.265,4.65513,1.08921,64.8893,0.178723,0.000432913,1.05003,0.875025,0.910026,0.70002,0.472513,0.36751,0.070002,0.210006,0,0,0,0,0,0,0
58649,58667,58658,19.8,-103.858,39.7653,55.492,-55.0767,498.188,4.45513,1.13981,70.2072,0.184787,0.000483701,0.968507,0.774806,0.651541,0.774806,0.545886,0.334575,0.264138,0.123265,0.0176092,0,0,0,0,0,0
58670,58691,58680,19.9,-103.859,39.7648,54.6353,-55.9829,498.333,4.08808,1.09404,71.2582,0.1954,0.000491663,0.998615,0.702151,0.499308,0.546118,0.577325,0.405688,0.218447,0.109224,0.0156034,0.0156034,0,0,0,0,0
58694,58713,58704,20,-103.859,39.7644,53.8085,-57.0423,498.059,4.26165,1.00868,59.4805,0.176906,0.000389144,0.881014,0.94248,0.676127,0.573683,0.532706,0.450751,0.0819548,0.102443,0.0204887,0,0,0,0,0,0
58717,58735,58726,20.1,-103.86,39.7643,52.8673,-57.744,498.963,4.2218,0.975071,55.9543,0.172155,0.000364456,1.03756,0.805004,0.572447,0.661892,0.536669,0.35778,0.161001,0.0894449,0,0,0,0,0,0,0
58736,58754,58745,20.2,-103.861,39.7644,52.0987,-57.89,500.71,4.43945,1.06612,64.6957,0.182051,0.000429288,0.912952,0.859249,0.841348,0.69814,0.483327,0.35802,0.17901,0.053703,0.053703,0,0,0,0,0,0
58756,58779,58768,20.3,-103.861,39.7646,51.2247,-57.5007,504.047,4.44914,1.08406,65.0355,0.179977,0.000432415,0.872032,0.836439,0.800845,0.694066,0.640676,0.284745,0.213559,0.0711863,0.0355931,0,0,0,0,0,0
58780,58800,58790,20.4,-103.86,39.765,50.4154,-57.0915,507.308,4.3648,1.02818,60.7281,0.177192,0.000403907,1.07568,0.682646,0.82745,0.641274,0.517156,0.289607,0.248235,0.0620587,0.0206862,0,0,0,0,0,0
58801,58822,58812,20.5,-103.859,39.7655,49.6414,-57.3971,508.825,4.18259,0.898683,48.2029,0.160912,0.000295927,0.912565,0.950588,0.589365,0.760471,0.437271,0.304188,0.228141,0,0,0,0,0,0,0,0
58823,58836,58830,20.6,-103.859,39.7661,48.823,-57.126,511.904,4.24001,0.941315,51.561,0.164327,0.000325355,1.01334,0.720002,0.720002,0.720002,0.533335,0.240001,0.293334,0,0,0,0,0,0,0,0
58837,58859,58848,20.7,-103.859,39.7668,48.025,-56.4564,515.905,3.4889,0.953296,61.7452,0.194311,0.000440289,0.79638,0.66365,0.360267,0.587804,0.360267,0.379228,0.170653,0.151691,0.0189614,0,0,0,0,0,0
58860,58876,58868,20.8,-103.859,39.7675,47.2273,-56.9527,517.195,3.54935,0.889225,54.9597,0.185419,0.000388261,0.915962,0.686971,0.503779,0.503779,0.25189,0.297688,0.297688,0.0915962,0,0,0,0,0,0,0
58880,58899,58890,20.9,-103.858,39.7683,46.5169,-57.2556,518.711,3.65616,1.01109,66.8686,0.198405,0.00047506,0.731232,0.68553,0.502722,0.563658,0.53319,0.274212,0.198042,0.106638,0.060936,0,0,0,0,0,0
58901,58917,58909,21,-103.858,39.7696,45.7275,-58.3992,518.493,3.94597,1.22638,91.4063,0.223601,0.00057415,0.630542,0.732242,0.488162,0.691562,0.549182,0.345781,0.366121,0.1017,0.0203401,0,0.0203401,0,0,0,0
58922,58946,58934,21.1,-103.857,39.771,45.0139,-58.9922,519.394,4.00831,1.05499,67.7179,0.192564,0.000478304,1.1316,0.572616,0.47718,0.640785,0.395378,0.436279,0.177238,0.149971,0.0272674,0,0,0,0,0,0
58947,58970,58958,21.2,-103.855,39.7725,44.2587,-58.2319,523.754,3.52512,0.932218,58.9727,0.189782,0.000412306,0.659045,0.766331,0.521105,0.521105,0.383166,0.337186,0.229899,0.0766331,0.0306532,0,0,0,0,0,0
58971,58991,58981,21.3,-103.853,39.7733,43.51,-57.7438,527.523,3.34454,0.905127,59.824,0.198284,0.000424425,0.676424,0.770371,0.43216,0.43216,0.39458,0.338212,0.150316,0.0939477,0.0563686,0,0,0,0,0,0
58992,59016,59004,21.4,-103.852,39.7738,42.7931,-56.5825,532.879,3.53078,0.86407,51.3409,0.178253,0.000346502,0.700069,0.730507,0.578318,0.54788,0.41091,0.27394,0.197846,0.0913134,0,0,0,0,0,0,0
59017,59038,59028,21.5,-103.85,39.774,42.1227,-56.558,535.355,3.83036,1.05629,66.7342,0.189534,0.000475322,0.730365,0.681674,0.600522,0.50314,0.568062,0.308376,0.292146,0.146073,0,0,0,0,0,0,0
59039,59060,59050,21.6,-103.849,39.7738,41.5077,-57.13,536.187,3.12893,0.862578,60.9701,0.212051,0.000417069,0.655765,0.562084,0.543348,0.505876,0.374723,0.131153,0.224834,0.0936807,0,0.0374723,0,0,0,0,0
59061,59082,59072,21.7,-103.848,39.7732,40.8333,-55.4658,542.854,2.98757,0.730909,44.2653,0.181686,0.000297507,0.706521,0.605589,0.423913,0.343167,0.403726,0.322981,0.100932,0.0605589,0.0201863,0,0,0,0,0,0
59083,59100,59092,21.8,-103.847,39.7726,40.22,-55.2582,545.728,3.57561,0.79823,50.1539,0.188494,0.000324749,1.1698,0.618007,0.640079,0.286932,0.353147,0.309003,0.110358,0.066215,0,0.0220717,0,0,0,0,0
59104,59122,59113,21.9,-103.845,39.772,39.5264,-55.3186,548.288,2.96347,0.818402,55.9889,0.205238,0.000388305,0.675879,0.537237,0.415925,0.433256,0.311944,0.311944,0.173302,0.0519907,0.0346605,0.0173302,0,0,0,0,0
59127,59144,59136,22,-103.844,39.7717,38.8583,-55.6592,550.112,3.39135,0.955974,67.8462,0.212912,0.00048702,0.755904,0.776334,0.408597,0.531176,0.245158,0.245158,0.265588,0.102149,0.0408597,0.0204298,0,0,0,0,0
59148,59164,59156,22.1,-103.842,39.7715,38.2455,-56.3327,550.894,2.44564,0.588405,34.2823,0.174789,0.000227193,0.56612,0.520831,0.271738,0.339672,0.339672,0.249093,0.113224,0.0452896,0,0,0,0,0,0,0
59165,59186,59176,22.2,-103.839,39.7718,37.5543,-56.6736,552.912,2.58689,0.63607,38.5803,0.181962,0.000265456,0.628758,0.485042,0.341326,0.395219,0.35929,0.143716,0.143716,0.0898225,0,0,0,0,0,0,0
59187,59204,59196,22.3,-103.837,39.7723,37.0533,-56.7167,554.92,2.56185,0.599478,35.5551,0.17793,0.00024304,0.677513,0.486963,0.46579,0.296412,0.190551,0.211723,0.190551,0.0423446,0,0,0,0,0,0,0
59205,59224,59214,22.4,-103.835,39.7724,36.5183,-57.1308,556.167,2.87219,0.745067,47.2739,0.190348,0.000337332,0.734245,0.539886,0.345527,0.475099,0.215954,0.259145,0.172763,0.129573,0,0,0,0,0,0,0
59225,59243,59234,22.5,-103.834,39.7722,35.8717,-57.4383,558.218,2.63543,0.695509,44.4974,0.191935,0.000315769,0.566291,0.566291,0.457389,0.196024,0.326706,0.261365,0.174243,0.0653413,0.0217804,0,0,0,0,0,0
59246,59261,59254,22.6,-103.833,39.7717,35.3509,-56.9082,561.929,2.38682,0.416333,19.655,0.141629,0.00010288,0.668309,0.596704,0.358022,0.358022,0.26255,0.0954727,0.0477363,0,0,0,0,0,0,0,0
59264,59283,59274,22.7,-103.833,39.771,34.6946,-57.1377,564.351,2.72418,0.650472,41.9842,0.193633,0.000273122,0.696408,0.55303,0.450617,0.348204,0.266274,0.245791,0.0819303,0.0614478,0,0.0204826,0,0,0,0,0
59284,59306,59295,22.8,-103.833,39.7702,34.1755,-57.3445,566.237,2.44146,0.60736,36.8094,0.181817,0.000250669,0.439463,0.537122,0.390634,0.439463,0.244146,0.195317,0.0976585,0.0976585,0,0,0,0,0,0,0
59306,59325,59316,22.9,-103.833,39.7693,33.576,-56.8047,570.544,2.5462,0.556005,32.1286,0.173354,0.000213261,0.722327,0.523687,0.343105,0.451454,0.162524,0.144465,0.144465,0.0541745,0,0,0,0,0,0,0
59330,59345,59338,23,-103.833,39.7686,32.9691,-56.3073,574.827,2.42359,0.539528,32.5913,0.181221,0.000216686,0.724579,0.374782,0.474724,0.324811,0.224869,0.149913,0.0749565,0.049971,0.0249855,0,0,0,0,0,0
59346,59364,59355,23.1,-103.833,39.7678,32.4886,-56.1593,577.654,2.44125,0.674473,58.3164,0.259386,0.000297222,0.669374,0.590624,0.295312,0.334687,0.0984374,0.177187,0.196875,0.0590624,0,0,0,0,0.0196875,0,0
59365,59384,59374,23.2,-103.833,39.7671,32.0082,-56.3709,579.54,2.46143,0.57411,35.0794,0.183307,0.000239342,0.63439,0.609015,0.304507,0.228381,0.355259,0.126878,0.152254,0.0253756,0.0253756,0,0,0,0,0,0
59385,59405,59395,23.3,-103.834,39.7666,31.4614,-56.8621,581.087,2.06115,0.580451,39.0114,0.201626,0.000284869,0.444562,0.303111,0.38394,0.363733,0.161659,0.141452,0.141452,0.101037,0.0202074,0,0,0,0,0,0
59409,59427,59418,23.4,-103.835,39.7663,30.8792,-57.3946,582.751,2.48239,0.58357,35.6881,0.183464,0.000242081,0.834784,0.285584,0.373456,0.32952,0.285584,0.197712,0.10984,0.043936,0.021968,0,0,0,0,0,0
59428,59447,59438,23.5,-103.836,39.7663,30.3979,-57.3986,585.372,2.34171,0.582879,38.5648,0.198488,0.000272806,0.559525,0.600971,0.269401,0.352293,0.227954,0.124339,0.0828925,0.0828925,0.0414463,0,0,0,0,0,0
59451,59470,59460,23.6,-103.837,39.766,29.94,-57.1086,588.7,2.24745,0.558092,34.517,0.185545,0.000238404,0.525106,0.525106,0.336068,0.14703,0.315064,0.210042,0.14703,0.0210042,0.0210042,0,0,0,0,0,0
59471,59492,59482,23.7,-103.838,39.7656,29.4883,-56.995,591.576,2.12698,0.46733,28.4671,0.182743,0.000190082,0.593575,0.395717,0.395717,0.346252,0.173126,0.0741969,0.0741969,0.0494646,0.0247323,0,0,0,0,0,0
59493,59515,59504,23.8,-103.839,39.7651,28.98,-56.5954,595.62,1.99249,0.460781,28.0629,0.182709,0.000188169,0.572554,0.412239,0.274826,0.206119,0.206119,0.206119,0.0687065,0.0229022,0.0229022,0,0,0,0,0,0
59516,59536,59526,23.9,-103.839,39.7646,28.5708,-55.7492,600.377,2.22572,0.559191,36.1445,0.193911,0.000257929,0.65021,0.325105,0.400129,0.300097,0.175056,0.12504,0.175056,0.0500161,0.0250081,0,0,0,0,0,0
59537,59561,59549,24,-103.84,39.764,28.0673,-56.382,601.685,2.16823,0.556693,36.9661,0.199209,0.000262397,0.648441,0.405276,0.222902,0.263429,0.263429,0.182374,0.0810551,0.0607914,0.0405276,0,0,0,0,0,0
59562,59583,59572,24.1,-103.84,39.7638,27.5892,-56.2085,605.13,1.97216,0.432925,27.158,0.188194,0.000187443,0.641546,0.332654,0.403936,0.285132,0.0475219,0.0950439,0.0950439,0.0475219,0.023761,0,0,0,0,0,0
