data/B2SAP/Locations/Boulder/NOAA-POPS-B2SAP_GMLBalloon_20190827_R0.ict
61,1001
Thornberry, T. D.
NOAA Chemical Sciences Laboratory
Portable Optical Particle Spectrometer (POPS)
Balloon Baseline Stratospheric Aerosol Profiles (B2SAP)
1,1
2019,08,27,2024,05,30
0
TIME_START,s,Seconds since midnight UTC on flight start day,Start time of 100 m altitude bin in UTC_seconds_since_midnight
28
1.0,1.0,1.0,1.0,1.0,1.0,1.0,1.0,1.0,1.0,1.0,1.0,1.0,1.0,1.0,1.0,1.0,1.0,1.0,1.0,1.0,1.0,1.0,1.0,1.0,1.0,1.0,1.0
99999,99999,99999,99999,99999,99999,99999,99999,99999,99999,99999,99999,99999,99999,99999,99999,99999,99999,99999,99999,99999,99999,99999,99999,99999,99999,99999,99999
TIME_STOP,s,End time of 100 m altitude bin in UTC seconds since midnight,
TIME_MID,s,Mid time of 100 m altitude in UTC seconds since midnight,
GPSAlt,m,GPS reported altitude above sea level (m),
GPS_Lon,deg,GPS reported longitude,
GPS_Lat,deg,GPS reported latitude,
iMet_Pressure,mb,Pressure reported (mB),
iMet_Temperature,degrees C,Ambient temperature (oC),
THETA,K,Potential temperature from iMet,
Aerosol_concentration,cm^-3,Aerosol concentration,
Surface_Area_Conc,um^2 cm^-3,Surface area concentration,
Volume_density,um^3 cm^-3,Volume density,
Effective_radius,um,Effective radius,
Extinction,km^-1,Extinction,
Bin01,cm^-3,particle concentration in size range [140 - 170 nm],
Bin02,cm^-3,particle concentration in size range [170 - 205 nm],
Bin03,cm^-3,particle concentration in size range [205 - 249 nm],
Bin04,cm^-3,particle concentration in size range [249 - 302 nm],
Bin05,cm^-3,particle concentration in size range [302 - 366 nm],
Bin06,cm^-3,particle concentration in size range [366 - 443 nm],
Bin07,cm^-3,particle concentration in size range [443 - 537 nm],
Bin08,cm^-3,particle concentration in size range [537 - 651 nm],
Bin09,cm^-3,particle concentration in size range [651 - 789 nm],
Bin10,cm^-3,particle concentration in size range [789 - 956 nm],
Bin11,cm^-3,particle concentration in size range [956 - 1159 nm],
Bin12,cm^-3,particle concentration in size range [1159 - 1404 nm],
Bin13,cm^-3,particle concentration in size range [1404 - 1702 nm],
Bin14,cm^-3,particle concentration in size range [1702 - 2062 nm],
Bin15,cm^-3,particle concentration in size range [2062 - 2500 nm],
0
19
PI_CONTACT_INFO: 325 Broadway R/CSL6, Boulder, CO 80305; troy.thornberry@noaa.gov; 303-497-3373 
PLATFORM: GML ECC/FPH balloon
LOCATION: Boulder, CO, USA
ASSOCIATED_DATA: N/A
INSTRUMENT_INFO: Printed Optical Particle Spectrometer counts particles from 140 - 2500 nm in diameter 
DATA_INFO: Particle concentrations reported in number per cubic centimeter, binned to 100 m altitude
UNCERTAINTY: Counting uncertainty dominated by air flow, less than 5 percent
ULOD_FLAG: -77777
ULOD_VALUE: 3000 ~3000 per cm3 (varies depending on flow rate- manufacturer quotes 1250  per cm3 at 1.667 cc/s)
LLOD_FLAG: -88888
LLOD_VALUE: 0 0 (varies depending on data field and measurement precision)
DM_CONTACT_INFO: Troy Thornberry, 325 Broadway R/CSL6, Boulder, CO 80305; troy.thornberry@noaa.gov; 303-497-3373
PROJECT_INFO: B2SAP Boulder, CO, USA
STIPULATIONS_ON_USE: Please contact the PIs for questions regarding applications and uncertainties
OTHER_COMMENTS: POPS bin Edges (nm):  140, 170, 205, 249, 302, 366, 443, 537, 651, 789, 956, 1159, 1404, 1702, 2062, 2500
Calculations assume sulfate refractive index of 1.45+0.00j and extinction wavelength = 532 nm
REVISION: R0
R0: QA/QC data
TIME_START,TIME_STOP,TIME_MID,GPSAlt,GPS_Lon,GPS_Lat,iMet_Pressure,iMet_Temperature,THETA,Aerosol_concentration,Surface_Area_Conc,Volume_density,Effective_radius,Extinction,Bin01,Bin02,Bin03,Bin04,Bin05,Bin06,Bin07,Bin08,Bin09,Bin10,Bin11,Bin12,Bin13,Bin14,Bin15
56998,57028,57013,1.7,-105.197,39.9492,829.817,16.2133,305.208,392.58,91.0708,5512.93,0.181604,0.0344574,80.2428,81.7802,76.9313,57.8316,43.4032,29.1523,15.3153,5.73585,1.41918,0.532192,0.118265,0,0.118265,0,0
57322,57337,57330,1.8,-105.197,39.9485,826.259,14.9613,304.258,367.057,95.8471,6654.59,0.208287,0.0384161,51.6562,73.8934,76.4702,62.9179,43.9972,31.7095,18.4674,5.75018,1.14526,0.405614,0.167018,0.119298,0.143158,0.190877,0.0238597
57339,57360,57350,1.9,-105.197,39.9473,816.755,13.6419,303.866,381.741,97.9816,6116.95,0.187289,0.0386056,49.742,77.5446,77.0007,66.9232,50.1159,33.0877,19.7813,5.48913,1.29156,0.475838,0.135954,0.0679768,0.0509826,0.0339884,0
57361,57380,57370,2,-105.197,39.946,807.294,12.7329,303.911,384.595,99.4125,6597.47,0.199094,0.0389143,52.5323,75.4092,79.2092,65.7038,51.4282,34.662,17.9986,5.6743,1.10405,0.359458,0.205405,0.102702,0.0770268,0.0770268,0.0513512
57382,57397,57390,2.1,-105.197,39.9451,798.048,11.7367,303.857,393.002,102.519,6949.48,0.203362,0.0403059,52.907,79.0177,79.8821,66.8864,50.7311,36.871,19.4936,5.12676,0.983623,0.447102,0.268261,0.119227,0.119227,0.0894203,0.0596135
57399,57412,57406,2.2,-105.196,39.9443,789.162,10.984,304.023,412.694,104.655,6605.97,0.189365,0.0409493,60.6351,84.3587,83.6219,68.0027,52.0519,35.1801,20.7397,5.59935,1.54719,0.331541,0.442054,0.147351,0.0368378,0,0
57414,57431,57422,2.3,-105.197,39.9433,779.298,9.93385,303.987,425.344,109.998,7515.37,0.204968,0.0432692,60.918,87.6753,83.5161,70.9554,55.6497,38.2644,20.1581,5.76738,1.24775,0.471373,0.305006,0.166367,0.0831834,0.0831834,0.0831834
57432,57450,57441,2.4,-105.197,39.9422,769.349,8.87533,303.964,464.247,122.363,8263.92,0.202609,0.0490549,67.757,90.302,88.1305,77.3948,63.0235,44.3824,24.253,6.46583,1.34196,0.561185,0.243994,0.121997,0.0975974,0.0975974,0.0731981
57451,57467,57459,2.5,-105.197,39.9414,760.723,8.212,304.233,477.906,136.678,9291.95,0.203953,0.0587757,56.0281,88.5677,90.0334,79.0037,66.7281,54.4524,31.257,8.68454,1.97876,0.586298,0.329793,0.0732873,0.0732873,0.0366436,0.0732873
57469,57483,57476,2.6,-105.196,39.9405,751.322,7.73417,304.795,509.903,155.819,10727.9,0.206545,0.0707413,57.9635,85.5349,87.1424,82.8354,75.0402,67.0023,40.0983,10.798,1.97155,1.03127,0.303315,0.060663,0,0.060663,0.060663
57485,57500,57492,2.7,-105.196,39.9399,742.071,7.677,305.811,558.699,174.779,11966.8,0.205406,0.0802398,57.9729,91.2063,95.5088,92.2819,84.0478,73.4769,48.1439,11.7949,2.67054,0.815998,0.44509,0.185454,0.0741816,0.0741816,0
57502,57519,57510,2.8,-105.196,39.9397,733.07,7.97538,307.206,531.85,163.554,11057.2,0.202817,0.0748629,58.8283,89.9612,88.9469,87.0028,80.3255,67.1116,43.6423,12.115,2.5357,0.845235,0.25357,0.140872,0.0845235,0.056349,0
57520,57537,57528,2.9,-105.195,39.9399,724.955,8.78692,309.079,406.179,114.556,7733.49,0.202525,0.0492483,51.4318,75.7027,74.7767,67.7901,57.3522,43.6595,24.8601,7.63199,1.85188,0.70147,0.196412,0.0841764,0.0280588,0.0841764,0.0280588
57539,57555,57547,3,-105.195,39.9399,716.282,9.76083,311.212,280.416,71.8924,4637.14,0.193503,0.0292763,44.2747,60.7946,51.4625,44.5163,31.9225,25.3084,16.4898,4.10734,0.875829,0.453015,0.060402,0.090603,0.030201,0,0.030201
57556,57571,57564,3.1,-105.194,39.9398,707.554,9.84846,312.397,249.838,67.5308,4781.51,0.212414,0.0291928,40.966,54.3907,44.7859,36.7864,28.2334,22.3376,15.4176,4.89932,1.05183,0.470556,0.221438,0.138399,0.0553595,0.0553595,0.0276798
57573,57589,57581,3.2,-105.194,39.9397,699.128,9.10313,312.646,248.474,66.0395,4548.59,0.206631,0.0283283,39.4565,53.5885,46.8956,37.3536,27.8117,22.1589,14.6068,4.49962,1.28884,0.520057,0.158278,0.0452223,0,0.0678335,0.0226112
57590,57606,57598,3.3,-105.194,39.9395,690.575,8.22067,312.768,255.553,67.463,4629.62,0.205874,0.0287902,45.3873,51.8468,47.9467,36.8071,28.9825,23.2787,14.3085,4.99699,1.1944,0.463136,0.146253,0.0731267,0.0487511,0.0487511,0.0243756
57607,57623,57615,3.4,-105.193,39.9392,682.248,7.61385,313.174,237.034,62.779,4124.07,0.197075,0.0266946,38.6223,49.8989,42.5691,34.6755,29.3191,22.2149,13.3628,4.59521,1.07128,0.479255,0.112766,0.0563829,0.0281915,0.0281915,0
57625,57637,57631,3.5,-105.193,39.9388,673.99,7,313.575,239.603,60.8813,3850.36,0.189731,0.0253534,43.1374,53.8484,40.0928,34.5173,27.5478,20.725,13.8656,4.40178,0.9904,0.330133,0.0733629,0,0.0733629,0,0
57640,57656,57648,3.6,-105.192,39.9383,666.056,6.19615,313.743,224.315,59.1417,3979.24,0.20185,0.0253918,37.0663,51.2446,40.5897,31.147,25.425,18.6882,13.84,4.56635,1.07112,0.338248,0.140937,0.084562,0.084562,0.0281873,0
57657,57672,57664,3.7,-105.191,39.9375,657.622,5.40231,313.99,214.779,55.5253,3677.21,0.198677,0.0231289,37.7375,48.0552,38.1898,29.7942,24.6212,19.3917,11.2788,4.2119,0.76323,0.339213,0.25441,0.0565355,0.0848033,0,0
57674,57688,57681,3.8,-105.19,39.9371,649.689,4.60846,314.179,212.276,57.7693,4213.29,0.218799,0.0249721,35.4498,45.3487,37.7342,31.6426,23.8588,20.0234,12.4371,3.97647,0.902462,0.451231,0.169212,0.0564039,0.112808,0.0846058,0.0282019
57689,57706,57698,3.9,-105.189,39.9369,641.879,3.81188,314.365,215.055,57.4275,3821.47,0.199633,0.0246937,34.0144,46.8535,39.7412,31.5436,24.2465,20.1362,12.3311,4.24892,1.20078,0.392563,0.254011,0.0923677,0,0,0
57707,57722,57714,4,-105.188,39.9367,634.108,3.0025,314.541,211.241,55.9167,3860.41,0.207116,0.0237077,35.1655,47.4765,37.3362,29.6767,25.1492,19.1333,11.6288,3.93829,1.02334,0.341112,0.0930305,0.0620203,0.155051,0.0620203,0
57723,57739,57731,4.1,-105.187,39.9364,626.722,2.16786,314.639,214.425,56.5778,3798.44,0.20141,0.0240443,33.3297,48.2018,39.6238,32.4533,23.105,19.2542,12.2961,4.72723,0.929512,0.21246,0.159345,0.0265575,0.053115,0.053115,0
57740,57755,57748,4.2,-105.186,39.9362,618.634,1.42875,314.959,204.968,55.3975,3850.65,0.208528,0.0240555,33.2406,44.9191,37.5764,29.4877,22.3314,19.3943,12.0748,4.17256,0.885795,0.489518,0.209794,0.0699312,0.0699312,0.0466208,0
57756,57769,57762,4.3,-105.184,39.936,610.901,0.658182,315.212,198.35,50.9212,3538.57,0.208473,0.0215071,35.1927,45.8932,36.3817,27.2778,21.333,16.4414,10.3268,4.00844,0.849245,0.373668,0.169849,0,0.0339698,0.0339698,0.0339698
57770,57783,57776,4.4,-105.183,39.9357,603.628,-0.0415385,315.481,185.543,49.5667,3492.73,0.211395,0.0215613,30.7266,40.4495,34.8524,26.4855,20.0517,16.5318,11.1655,3.69297,1.0675,0.288513,0.115405,0.0288513,0,0.0577026,0.0288513
57785,57798,57792,4.5,-105.181,39.935,595.752,-0.390769,316.259,160.323,42.1178,2825.2,0.201236,0.0179917,29.2711,35.6015,26.6286,21.7791,18.004,15.4196,9.52472,2.8458,0.813086,0.203271,0.145194,0.0290388,0.0290388,0.0290388,0
57799,57812,57806,4.6,-105.179,39.9342,588.409,-0.970833,316.712,132.975,36.4002,2487.32,0.204997,0.0162908,23.5321,28.1077,23.4076,18.1782,14.2251,12.6065,8.43544,3.23722,0.778177,0.21789,0.21789,0,0.0311271,0,0
57813,57826,57820,4.7,-105.177,39.9331,581.403,-1.015,317.745,81.8711,24.5678,2223.94,0.271568,0.011806,17.3438,17.6131,12.7654,9.23743,8.7796,7.9178,4.92843,2.01985,0.511695,0.377038,0.107725,0.107725,0.0538626,0.0538626,0.0538626
57827,57842,57834,4.8,-105.175,39.9316,573.902,-0.676923,319.319,53.1455,15.3517,1178.01,0.230205,0.00734156,13.1342,10.8147,6.72654,5.79874,5.71176,5.42182,3.42126,1.21774,0.492893,0.173962,0.144969,0.0579874,0.0289937,0,0
57843,57859,57851,4.9,-105.172,39.9303,566.666,-1.1525,319.923,47.6535,13.9866,1023.02,0.219429,0.00679681,11.0641,8.49271,6.55826,5.9213,5.07203,5.14281,3.46786,1.27391,0.330272,0.212318,0.0943634,0.0235909,0,0,0
57860,57873,57866,5,-105.17,39.9291,559.445,-1.25846,320.972,37.8319,10.0441,723.781,0.21618,0.00469573,10.5137,7.80519,5.44616,3.69873,2.79589,3.96084,2.24254,0.873715,0.291238,0.116495,0.0582477,0,0.0291238,0,0
57875,57890,57882,5.1,-105.167,39.9279,552.291,-1.76143,321.556,33.424,8.59618,600.858,0.209695,0.0038693,9.00711,7.43357,4.47642,3.28271,3.06567,3.30984,1.73631,0.705376,0.271298,0.0542597,0.0813895,0,0,0,0
57891,57907,57899,5.2,-105.164,39.9266,545.509,-2.51333,321.797,30.6087,8.17883,631.539,0.231649,0.003798,9.01594,6.81878,3.68719,2.87904,2.62649,2.62649,1.86885,0.580859,0.303057,0.0505095,0.101019,0.0252547,0.0252547,0,0
57908,57924,57916,5.3,-105.162,39.9256,538.829,-3.38176,321.897,26.7158,6.63241,496.325,0.2245,0.00289627,8.37792,4.96882,3.94386,2.58468,2.38414,2.20589,1.60428,0.401071,0.155972,0.0222817,0.0445634,0,0,0.0222817,0
57925,57942,57934,5.4,-105.159,39.9246,531.891,-4.12353,322.209,19.6531,4.23688,274.105,0.194085,0.00171687,6.68611,4.0747,2.92658,2.00358,1.57585,1.14812,0.742901,0.31517,0.0900486,0.0675365,0.0225122,0,0,0,0
57943,57959,57951,5.5,-105.157,39.9235,525.112,-4.915,322.438,13.7794,2.74083,196.109,0.214652,0.00110418,6.66204,2.37245,1.70146,0.766853,0.886674,0.503247,0.551176,0.215677,0.0239642,0.0479283,0.0239642,0.0239642,0,0,0
57960,57977,57968,5.6,-105.155,39.9223,518.677,-5.70111,322.626,11.0153,2.19046,145.305,0.199005,0.000841263,4.49559,2.4289,1.34228,0.76702,0.745713,0.681795,0.38351,0.0852244,0,0.0639183,0.0213061,0,0,0,0
57978,57994,57986,5.7,-105.152,39.921,512.149,-6.42,322.923,10.0549,1.67704,88.1168,0.157629,0.000510085,3.68303,2.62105,1.60426,0.949001,0.497096,0.293738,0.316334,0.0677858,0,0.0225953,0,0,0,0,0
57995,58013,58004,5.8,-105.15,39.9198,505.558,-7.13263,323.252,10.8302,2.09697,120.558,0.172475,0.000768256,3.75823,2.42466,1.75788,1.05069,0.727399,0.505138,0.383905,0.18185,0.0202055,0.0202055,0,0,0,0,0
58014,58032,58023,5.9,-105.147,39.9184,498.901,-7.93368,323.511,9.28204,1.69948,90.2926,0.159389,0.000549847,3.0805,2.06718,1.76318,0.911991,0.587728,0.466129,0.283731,0.101332,0.0202665,0,0,0,0,0,0
58033,58050,58042,6,-105.144,39.9171,492.642,-8.60111,323.861,6.85827,1.1391,62.9786,0.165864,0.000364838,2.68741,1.76294,0.967468,0.644979,0.386987,0.193494,0.128996,0.0214993,0.0429986,0.0214993,0,0,0,0,0
58051,58067,58059,6.1,-105.141,39.916,486.492,-9.15176,324.346,6.77762,1.23647,86.7739,0.210537,0.000466526,3.1492,1.50614,0.821529,0.479225,0.319484,0.182562,0.182562,0.0456405,0.0456405,0.0228203,0.0228203,0,0,0,0
58068,58083,58076,6.2,-105.138,39.915,480.467,-9.92133,324.552,5.95242,0.933627,51.8664,0.166661,0.000294118,2.58801,1.57869,0.828163,0.388202,0.155281,0.284681,0.0517602,0.0258801,0.0258801,0.0258801,0,0,0,0,0
58084,58102,58093,6.3,-105.135,39.9142,474.072,-10.9179,324.561,5.20176,0.698669,31.5411,0.135434,0.000158002,2.27321,1.43356,0.880613,0.245753,0.184314,0.102397,0.0409588,0.0204794,0.0204794,0,0,0,0,0,0
58103,58119,58111,6.4,-105.132,39.9133,467.914,-11.7788,324.716,5.15958,0.658835,28.0328,0.127647,0.000134747,2.59126,1.26123,0.665013,0.298109,0.16052,0.0917259,0.0687944,0.0229315,0,0,0,0,0,0,0
58120,58136,58128,6.5,-105.129,39.9124,461.912,-12.5712,324.925,5.12484,0.763964,50.3155,0.197583,0.000191536,2.56242,1.32697,0.571969,0.228788,0.205909,0.137273,0.0457575,0.0228788,0,0,0,0.0228788,0,0,0
58137,58153,58145,6.6,-105.126,39.9112,455.598,-13.4612,325.089,4.7725,0.972113,76.2946,0.23545,0.000409306,1.94607,1.15837,0.718191,0.324344,0.254842,0.162172,0.0463349,0.0463349,0.0695024,0.0231675,0.0231675,0,0,0,0
58154,58170,58162,6.7,-105.122,39.9101,449.651,-14.3706,325.166,6.35115,1.22588,68.0749,0.166594,0.000425463,1.66891,1.78481,1.18215,0.672202,0.440408,0.278152,0.231794,0.0463587,0.0463587,0,0,0,0,0,0
58171,58188,58180,6.8,-105.119,39.9088,443.717,-14.9935,325.616,8.05426,1.47763,107.822,0.218909,0.000428517,2.77814,2.03107,1.61085,0.653679,0.536951,0.256802,0.0933827,0.0233457,0.0233457,0,0.0233457,0,0.0233457,0,0
58189,58205,58197,6.9,-105.117,39.9074,437.889,-15.6135,326.072,7.83189,1.43945,86.2215,0.179697,0.000519529,2.79711,1.67826,1.44517,0.932368,0.512803,0.116546,0.163164,0.116546,0.0233092,0.0466184,0,0,0,0,0
58206,58222,58214,7,-105.114,39.9059,432.022,-16.5612,326.124,7.83742,1.38517,76.7919,0.166316,0.000454594,2.4565,2.05878,1.73125,0.608277,0.374325,0.304139,0.187162,0.0701858,0.0233953,0.0233953,0,0,0,0,0
58223,58240,58232,7.1,-105.111,39.9044,426.374,-17.48,326.177,8.79056,1.68364,102.528,0.18269,0.000550267,2.68414,2.37099,1.61048,0.648667,0.581564,0.492093,0.357885,0,0.0223678,0,0.0223678,0,0,0,0
58241,58257,58249,7.2,-105.109,39.9031,420.744,-18.3225,326.337,6.427,1.22445,80.2728,0.196674,0.000400764,2.06672,1.76428,0.83173,0.856934,0.504079,0.12602,0.176428,0.0504079,0.0252039,0,0.0252039,0,0,0,0
58258,58272,58265,7.3,-105.106,39.9018,415.355,-19.214,326.397,6.22276,1.15933,83.0544,0.21492,0.000413348,2.37694,1.52231,1.14841,0.480729,0.293779,0.133536,0.160243,0.0267071,0.0267071,0.0267071,0.0267071,0,0,0,0
58273,58288,58280,7.4,-105.103,39.9006,409.541,-20.1713,326.484,6.71672,1.25261,76.7929,0.183919,0.000449293,2.46788,1.42476,1.01768,0.763263,0.661495,0.203537,0.0508842,0.0254421,0.0508842,0.0508842,0,0,0,0,0
58289,58303,58296,7.5,-105.101,39.8992,404.198,-20.7467,326.964,8.10643,1.76563,121.865,0.207061,0.000676833,2.41295,1.81649,1.46404,0.921801,0.542236,0.542236,0.271118,0.0271118,0.0542236,0.0271118,0.0271118,0,0,0,0
58304,58320,58312,7.6,-105.098,39.8977,398.741,-21.3129,327.497,8.15214,1.9055,125.303,0.197276,0.000828714,2.12146,1.78775,1.62089,0.691264,0.858121,0.548244,0.28604,0.0953467,0.0953467,0.0476734,0,0,0,0,0
58321,58337,58329,7.7,-105.095,39.896,393.275,-21.9859,327.909,6.85948,1.47285,95.8806,0.195296,0.000528349,1.91205,1.55354,1.38624,0.597516,0.597516,0.406311,0.310708,0.0717019,0,0,0.0239006,0,0,0,0
58338,58352,58345,7.8,-105.093,39.8943,388.262,-22.704,328.178,6.4194,1.76371,144.39,0.245601,0.000806213,1.55045,1.38724,1.11523,0.625619,0.707222,0.544017,0.272008,0.108803,0,0.0816025,0,0,0.0272008,0,0
58353,58369,58361,7.9,-105.09,39.8928,382.981,-23.44,328.498,6.68175,1.40849,78.9479,0.168154,0.0004944,1.7786,1.70649,0.769123,0.721053,0.913333,0.528772,0.192281,0.0240351,0.0480702,0,0,0,0,0,0
58370,58385,58378,8,-105.087,39.8914,377.409,-23.9725,329.171,6.83476,1.73241,109.882,0.190282,0.000765683,1.59306,1.33612,1.20765,0.873616,0.513892,0.719448,0.385419,0.128473,0.0770838,0,0,0,0,0,0
58386,58401,58394,8.1,-105.084,39.8901,372.294,-24.4994,329.754,7.05025,1.62177,97.9704,0.181229,0.000639909,1.58375,1.66038,1.17504,1.02178,0.561976,0.510888,0.434254,0.0766331,0,0.0255444,0,0,0,0,0
58402,58417,58410,8.2,-105.082,39.8887,367.337,-25.2931,329.964,7.95592,1.9022,125.864,0.198503,0.000827117,1.51419,2.02748,1.82216,0.795592,0.7186,0.564614,0.282307,0.0769928,0.102657,0.0513285,0,0,0,0,0
58418,58434,58426,8.3,-105.079,39.8872,362.334,-26.0447,330.261,7.11866,1.55503,93.0425,0.1795,0.000595458,1.57385,2.00969,1.1138,0.871672,0.677967,0.435836,0.314771,0.0726394,0.0242131,0.0242131,0,0,0,0,0
58435,58451,58443,8.4,-105.075,39.8855,357.141,-26.4912,331.024,6.92691,1.65589,104.808,0.189883,0.00067601,1.60413,1.40969,1.23955,0.923588,0.704844,0.607624,0.291659,0.0972198,0,0.0486099,0,0,0,0,0
58452,58469,58460,8.5,-105.071,39.8839,352.222,-26.9994,331.65,6.252,1.59567,144.166,0.271045,0.000590674,1.12215,1.76339,1.37407,0.961846,0.389319,0.320615,0.160308,0.0687033,0,0,0.0916044,0,0,0,0
58470,58488,58479,8.6,-105.068,39.8819,347.129,-27.9344,331.765,7.43003,1.62987,95.24,0.175303,0.000604326,1.4537,2.19209,1.22295,0.761462,0.89991,0.461492,0.323045,0.0922984,0,0.0230746,0,0,0,0,0
58489,58507,58498,8.7,-105.064,39.8799,342.472,-28.6816,332.043,6.39746,1.49873,112.821,0.225833,0.000572088,1.45793,1.82785,1.00096,0.848643,0.500482,0.435201,0.174081,0.0652802,0.0435201,0,0.0435201,0,0,0,0
58508,58524,58516,8.8,-105.06,39.8781,337.773,-29.5135,332.219,6.4032,1.19933,71.4898,0.178824,0.000410136,1.69931,1.79782,1.23138,0.935853,0.270905,0.246277,0.147766,0,0.0246277,0.0492554,0,0,0,0,0
58525,58545,58535,8.9,-105.056,39.8759,332.806,-30.431,332.368,5.79541,1.05212,56.5604,0.161276,0.000346473,1.89197,1.63307,0.816535,0.497887,0.418225,0.318648,0.119493,0.079662,0.0199155,0,0,0,0,0,0
58546,58563,58554,9,-105.052,39.8738,328.332,-31.3022,332.455,5.16703,0.910397,45.0482,0.148446,0.000253242,1.0241,1.65252,1.30339,0.512048,0.302574,0.186199,0.139649,0.0465498,0,0,0,0,0,0,0
