data/B2SAP/Locations/Boulder/NOAA-POPS-B2SAP_GMLBalloon_20211104_R0.ict
61,1001
Thornberry, T. D.
NOAA Chemical Sciences Laboratory
Portable Optical Particle Spectrometer (POPS)
Balloon Baseline Stratospheric Aerosol Profiles (B2SAP)
1,1
2021,11,04,2024,05,30
0
TIME_START,s,Seconds since midnight UTC on flight start day,Start time of 100 m altitude bin in UTC_seconds_since_midnight
28
1.0,1.0,1.0,1.0,1.0,1.0,1.0,1.0,1.0,1.0,1.0,1.0,1.0,1.0,1.0,1.0,1.0,1.0,1.0,1.0,1.0,1.0,1.0,1.0,1.0,1.0,1.0,1.0
99999,99999,99999,99999,99999,99999,99999,99999,99999,99999,99999,99999,99999,99999,99999,99999,99999,99999,99999,99999,99999,99999,99999,99999,99999,99999,99999,99999
TIME_STOP,s,End time of 100 m altitude bin in UTC seconds since midnight,
TIME_MID,s,Mid time of 100 m altitude in UTC seconds since midnight,
GPSAlt,m,GPS reported altitude above sea level (m),
GPS_Lon,deg,GPS reported longitude,
GPS_Lat,deg,GPS reported latitude,
iMet_Pressure,mb,Pressure reported (mB),
iMet_Temperature,degrees C,Ambient temperature (oC),
THETA,K,Potential temperature from iMet,
Aerosol_concentration,cm^-3,Aerosol concentration,
Surface_Area_Conc,um^2 cm^-3,Surface area concentration,
Volume_density,um^3 cm^-3,Volume density,
Effective_radius,um,Effective radius,
Extinction,km^-1,Extinction,
Bin01,cm^-3,particle concentration in size range [140 - 170 nm],
Bin02,cm^-3,particle concentration in size range [170 - 205 nm],
Bin03,cm^-3,particle concentration in size range [205 - 249 nm],
Bin04,cm^-3,particle concentration in size range [249 - 302 nm],
Bin05,cm^-3,particle concentration in size range [302 - 366 nm],
Bin06,cm^-3,particle concentration in size range [366 - 443 nm],
Bin07,cm^-3,particle concentration in size range [443 - 537 nm],
Bin08,cm^-3,particle concentration in size range [537 - 651 nm],
Bin09,cm^-3,particle concentration in size range [651 - 789 nm],
Bin10,cm^-3,particle concentration in size range [789 - 956 nm],
Bin11,cm^-3,particle concentration in size range [956 - 1159 nm],
Bin12,cm^-3,particle concentration in size range [1159 - 1404 nm],
Bin13,cm^-3,particle concentration in size range [1404 - 1702 nm],
Bin14,cm^-3,particle concentration in size range [1702 - 2062 nm],
Bin15,cm^-3,particle concentration in size range [2062 - 2500 nm],
0
19
PI_CONTACT_INFO: 325 Broadway R/CSL6, Boulder, CO 80305; troy.thornberry@noaa.gov; 303-497-3373 
PLATFORM: GML ECC/FPH balloon
LOCATION: Boulder, CO, USA
ASSOCIATED_DATA: N/A
INSTRUMENT_INFO: Printed Optical Particle Spectrometer counts particles from 140 - 2500 nm in diameter 
DATA_INFO: Particle concentrations reported in number per cubic centimeter, binned to 100 m altitude
UNCERTAINTY: Counting uncertainty dominated by air flow, less than 5 percent
ULOD_FLAG: -77777
ULOD_VALUE: 3000 ~3000 per cm3 (varies depending on flow rate- manufacturer quotes 1250  per cm3 at 1.667 cc/s)
LLOD_FLAG: -88888
LLOD_VALUE: 0 0 (varies depending on data field and measurement precision)
DM_CONTACT_INFO: Troy Thornberry, 325 Broadway R/CSL6, Boulder, CO 80305; troy.thornberry@noaa.gov; 303-497-3373
PROJECT_INFO: B2SAP Boulder, CO, USA
STIPULATIONS_ON_USE: Please contact the PIs for questions regarding applications and uncertainties
OTHER_COMMENTS: POPS bin Edges (nm):  140, 170, 205, 249, 302, 366, 443, 537, 651, 789, 956, 1159, 1404, 1702, 2062, 2500
Calculations assume sulfate refractive index of 1.45+0.00j and extinction wavelength = 532 nm
REVISION: R0
R0: QA/QC data
TIME_START,TIME_STOP,TIME_MID,GPSAlt,GPS_Lon,GPS_Lat,iMet_Pressure,iMet_Temperature,THETA,Aerosol_concentration,Surface_Area_Conc,Volume_density,Effective_radius,Extinction,Bin01,Bin02,Bin03,Bin04,Bin05,Bin06,Bin07,Bin08,Bin09,Bin10,Bin11,Bin12,Bin13,Bin14,Bin15
[from data line 238]
64534,64560,64547,25.5,-104.674,39.3171,21.7614,-56.5557,646.534,2.13812,0.389066,21.2686,0.163997,0.000135666,0.900262,0.382611,0.337598,0.157546,0.157546,0.0900262,0.0675197,0.0450131,0,0,0,0,0,0,0
64561,64578,64570,25.6,-104.674,39.3171,21.5139,-56.5794,648.592,1.79694,0.266714,11.6765,0.131338,5.54654e-05,0.739916,0.369958,0.264256,0.229022,0.105702,0.0704682,0.017617,0,0,0,0,0,0,0,0
64579,64608,64594,25.7,-104.675,39.3176,21.0829,-56.2347,653.375,1.88646,0.250785,10.2996,0.123209,4.48365e-05,0.838427,0.476379,0.209607,0.228662,0.0762207,0.0381103,0.0190552,0,0,0,0,0,0,0,0
64609,64630,64620,25.8,-104.674,39.3183,20.8168,-55.7936,657.1,1.55226,0.266592,14.1205,0.1589,8.24396e-05,0.746281,0.194033,0.179107,0.179107,0.134331,0.0895537,0.0149256,0,0.0149256,0,0,0,0,0,0
64633,64656,64644,25.9,-104.672,39.3191,20.4391,-55.9545,660.047,1.55604,0.296403,15.5635,0.157524,9.5007e-05,0.543857,0.438107,0.0604285,0.166178,0.151071,0.135964,0.0604285,0,0,0,0,0,0,0,0
64657,64677,64667,26,-104.67,39.3198,20.1189,-55.9911,662.927,1.63875,0.225076,9.15724,0.122055,3.81387e-05,0.659268,0.357888,0.339052,0.131854,0.0941812,0.0565087,0,0,0,0,0,0,0,0,0
64681,64700,64690,26.1,-104.667,39.3205,19.7437,-55.7605,667.205,1.15963,0.224156,12.1998,0.163276,7.69951e-05,0.416742,0.217431,0.217431,0.0543577,0.126835,0.0724769,0.0362385,0.0181192,0,0,0,0,0,0,0
64701,64721,64711,26.2,-104.664,39.3204,19.4438,-56.0419,669.263,1.65118,0.305134,15.0598,0.148064,8.37629e-05,0.533713,0.300214,0.283535,0.183464,0.200142,0.11675,0.0333571,0,0,0,0,0,0,0,0
64722,64742,64732,26.3,-104.662,39.3202,19.1657,-55.9848,672.204,1.48417,0.242983,11.1383,0.13752,5.614e-05,0.522833,0.320446,0.219252,0.185521,0.15179,0.0674623,0.0168656,0,0,0,0,0,0,0,0
64743,64762,64752,26.4,-104.66,39.3199,18.8065,-56.5085,674.211,1.55086,0.272048,13.6359,0.15037,7.96448e-05,0.595099,0.324599,0.1623,0.198366,0.1623,0.0360666,0.0721332,0,0,0,0,0,0,0,0
64763,64772,64768,26.5,-104.659,39.3194,18.568,-56.95,675.305,1.4309,0.198754,8.39877,0.126771,3.84885e-05,0.550346,0.476966,0.183449,0.0366897,0.110069,0.0733795,0,0,0,0,0,0,0,0,0
64773,64806,64790,26.6,-104.656,39.3186,18.168,-56.733,680.196,1.78963,0.316194,14.8479,0.140875,7.67935e-05,0.521976,0.37284,0.260988,0.298272,0.260988,0.037284,0.037284,0,0,0,0,0,0,0,0
64807,64828,64818,26.7,-104.655,39.318,17.8905,-56.8218,682.922,1.41748,0.260972,13.4364,0.154458,8.0574e-05,0.51859,0.32844,0.172863,0.0864316,0.155577,0.103718,0.051859,0,0,0,0,0,0,0,0
64829,64851,64840,26.8,-104.653,39.3176,17.5506,-56.5818,687.421,1.20355,0.235144,11.9034,0.151864,6.71618e-05,0.499588,0.136251,0.0681257,0.181668,0.15896,0.15896,0,0,0,0,0,0,0,0,0
64852,64875,64864,26.9,-104.652,39.3175,17.3194,-56.5828,690.041,1.67145,0.332692,18.6482,0.168158,0.000119848,0.564386,0.325607,0.282193,0.195364,0.108536,0.108536,0.0434143,0.0434143,0,0,0,0,0,0,0
64876,64896,64886,27,-104.65,39.3171,17.07,-56.75,692.363,1.39241,0.273857,13.8715,0.151957,7.90852e-05,0.419934,0.198916,0.221018,0.265222,0.154713,0.0884072,0.0442036,0,0,0,0,0,0,0,0
64900,64923,64912,27.1,-104.649,39.316,16.7342,-56.5842,696.846,1.27678,0.232812,11.8256,0.152384,6.88708e-05,0.436794,0.285596,0.201597,0.134398,0.0503993,0.134398,0.0335996,0,0,0,0,0,0,0,0
64927,64946,64936,27.2,-104.649,39.3152,16.4259,-56.1788,701.86,1.52679,0.217566,9.29531,0.128173,4.25148e-05,0.557401,0.387757,0.266583,0.242348,0,0.0484696,0.0242348,0,0,0,0,0,0,0,0
64947,64970,64958,27.3,-104.648,39.3151,16.1753,-55.7271,706.426,1.14713,0.196458,9.74736,0.148847,5.59777e-05,0.439325,0.219663,0.170849,0.170849,0.0488139,0.0488139,0.0488139,0,0,0,0,0,0,0,0
64977,64997,64987,27.4,-104.647,39.3155,15.918,-54.6045,713.33,1.26859,0.193631,9.42149,0.145971,5.30697e-05,0.499118,0.291152,0.291152,0.0623897,0.0623897,0.0207966,0.0207966,0.0207966,0,0,0,0,0,0,0
64998,65025,65012,27.5,-104.646,39.3156,15.6632,-53.6942,719.609,1.00486,0.120412,4.42144,0.110158,1.51196e-05,0.468936,0.290294,0.0669908,0.111651,0.0669908,0,0,0,0,0,0,0,0,0,0
65028,65051,65040,27.6,-104.644,39.3154,15.377,-53.945,722.588,0.938945,0.14653,6.69729,0.137118,3.41385e-05,0.414883,0.131016,0.131016,0.152851,0.0655078,0.0218359,0.0218359,0,0,0,0,0,0,0,0
65052,65073,65062,27.7,-104.644,39.315,15.0847,-54.0468,726.217,1.54343,0.203365,8.53726,0.12594,4.04316e-05,0.621981,0.575908,0.161254,0,0.138218,0.0230363,0.0230363,0,0,0,0,0,0,0,0
65074,65097,65086,27.8,-104.643,39.3144,14.8665,-54.105,729.059,1.10432,0.135328,5.16783,0.114562,1.9397e-05,0.563428,0.225371,0.135223,0.112686,0.0450743,0.0225371,0,0,0,0,0,0,0,0,0
65102,65125,65114,27.9,-104.642,39.3135,14.649,-53.6543,733.634,1.29766,0.197798,9.0336,0.137013,4.63597e-05,0.54069,0.302786,0.151393,0.151393,0.0648828,0.0648828,0.0216276,0,0,0,0,0,0,0,0
65126,65153,65140,28,-104.641,39.3126,14.426,-53.99,735.743,0.72792,0.0770753,2.55614,0.0994927,6.51448e-06,0.409455,0.136485,0.09099,0.09099,0,0,0,0,0,0,0,0,0,0,0
65169,65192,65180,28.1,-104.639,39.3109,14.2267,-51.72,746.311,1.50095,0.205835,7.60286,0.11081,2.26942e-05,0.450286,0.150095,0.600382,0.300191,0,0,0,0,0,0,0,0,0,0,0
58309,58716,58512,1.8,-105.197,39.9491,826.448,13.1163,302.288,148.239,18.3189,766.175,0.125473,0.00289919,67.7669,40.7237,21.1445,10.7765,5.37689,1.31586,0.907491,0.0907491,0.0680618,0,0,0.0453746,0.0226873,0,0
58518,58715,58616,1.7,-105.197,39.9491,826.482,13.0164,302.178,142.611,18.029,895.185,0.148957,0.00310056,65.2501,39.4317,19.6533,10.4525,5.41404,1.37698,0.75108,0.156475,0.031295,0.031295,0,0.031295,0,0,0.031295
65241,65246,65244,28,-104.637,39.308,14.3767,-50.1067,749.507,1.78812,0.307426,14.5346,0.141835,7.71913e-05,0.447029,0.745049,0.14901,0,0.29802,0.14901,0,0,0,0,0,0,0,0,0
65261,65273,65267,27.9,-104.637,39.3071,14.6408,-51.5215,740.881,0.970004,0.119608,4.34921,0.109086,1.37704e-05,0.415716,0.207858,0.173215,0.138572,0.034643,0,0,0,0,0,0,0,0,0,0
65274,65295,65284,27.8,-104.636,39.3066,14.8373,-50.3023,742.127,1.14247,0.162716,6.92958,0.127761,3.16037e-05,0.591639,0.142809,0.142809,0.102007,0.122408,0.0408027,0,0,0,0,0,0,0,0,0
65296,65318,65307,27.7,-104.635,39.306,15.0827,-49.7732,740.414,0.994483,0.11572,4.42708,0.11477,1.74751e-05,0.608867,0.202956,0.0202956,0.0811823,0.0608867,0.0202956,0,0,0,0,0,0,0,0,0
65319,65338,65328,27.6,-104.635,39.3056,15.3225,-47.406,744.892,1.14298,0.158585,6.83951,0.129385,3.24756e-05,0.560706,0.301919,0.0431312,0.0862625,0.0862625,0.0646969,0,0,0,0,0,0,0,0,0
65339,65358,65348,27.5,-104.633,39.3054,15.5915,-49.941,732.88,1.36033,0.190928,8.06801,0.12677,3.59212e-05,0.647776,0.280703,0.0863702,0.215925,0.0647776,0.0647776,0,0,0,0,0,0,0,0,0
65359,65377,65368,27.4,-104.632,39.3053,15.8516,-51.0937,725.657,1.17358,0.174637,7.95628,0.136677,4.13808e-05,0.541652,0.225688,0.180551,0.0677065,0.0902753,0.0451377,0.0225688,0,0,0,0,0,0,0,0
65378,65396,65387,27.3,-104.631,39.3054,16.115,-51.325,721.494,0.843879,0.176701,9.73652,0.165305,6.22439e-05,0.351616,0.140647,0.0351616,0.0703233,0.105485,0.105485,0.0351616,0,0,0,0,0,0,0,0
65397,65414,65406,27.2,-104.63,39.3052,16.4267,-54.8506,706.148,1.09221,0.22622,12.236,0.162267,7.66663e-05,0.332412,0.142462,0.237437,0.166206,0.0712311,0.0712311,0.0712311,0,0,0,0,0,0,0,0
65415,65427,65421,27.1,-104.63,39.3046,16.6455,-54.4727,704.709,1.17706,0.265887,14.5943,0.164667,9.14123e-05,0.455638,0.0759397,0.113909,0.113909,0.227819,0.151879,0.0379698,0,0,0,0,0,0,0,0
65431,65447,65439,27,-104.629,39.3037,16.9653,-53.6076,703.644,1.59396,0.304742,16.6659,0.164066,0.000103485,0.458866,0.386414,0.265659,0.265659,0.0724526,0.0724526,0.0241509,0.0483017,0,0,0,0,0,0,0
65448,65457,65452,26.9,-104.628,39.3032,17.181,-55.298,695.725,1.38915,0.244528,11.5769,0.142032,6.01986e-05,0.449432,0.326859,0.16343,0.16343,0.16343,0.122572,0,0,0,0,0,0,0,0,0
65458,65478,65468,26.8,-104.627,39.3027,17.5558,-56.1967,688.587,1.30847,0.201109,8.75665,0.130625,4.02669e-05,0.503259,0.234854,0.234854,0.167753,0.100652,0.0671012,0,0,0,0,0,0,0,0,0
65479,65493,65486,26.7,-104.625,39.3023,17.8233,-55.9987,686.254,1.47222,0.313428,17.6544,0.16898,0.000113562,0.499503,0.210317,0.210317,0.236606,0.105158,0.131448,0.0525792,0.0262896,0,0,0,0,0,0,0
65494,65509,65502,26.6,-104.624,39.3017,18.1337,-55.4531,684.589,1.31764,0.236932,12.4191,0.157249,7.47825e-05,0.34161,0.488014,0.146404,0.146404,0.0732021,0.0732021,0.0244007,0.0244007,0,0,0,0,0,0,0
65510,65523,65516,26.5,-104.623,39.3011,18.4136,-55.9593,680.013,1.25845,0.250682,13.3015,0.159184,8.20783e-05,0.465081,0.273577,0.0547154,0.109431,0.218862,0.0820731,0.0547154,0,0,0,0,0,0,0,0
65524,65538,65531,26.4,-104.621,39.3006,18.7287,-55.6153,677.804,1.72945,0.278108,13.4768,0.145376,7.40321e-05,0.67674,0.300773,0.350902,0.200515,0.125322,0.0250644,0.0250644,0.0250644,0,0,0,0,0,0,0
65539,65552,65546,26.3,-104.62,39.3002,19.055,-55.5993,674.506,1.80208,0.284534,13.5046,0.142387,7.41568e-05,0.689031,0.477022,0.265012,0.132506,0.106005,0.0795036,0.0530024,0,0,0,0,0,0,0,0
65553,65565,65559,26.2,-104.618,39.2999,19.3583,-54.9358,673.527,1.29507,0.235081,11.5879,0.147879,6.53345e-05,0.45177,0.271062,0.180708,0.060236,0.240944,0.060236,0.030118,0,0,0,0,0,0,0,0
65566,65577,65572,26.1,-104.616,39.2998,19.6608,-54.0167,673.36,1.09002,0.160142,6.71088,0.125718,2.92076e-05,0.353518,0.353518,0.117839,0.117839,0.117839,0.0294599,0,0,0,0,0,0,0,0,0
65578,65588,65583,26,-104.615,39.3,20.0225,-55.025,666.798,1.31722,0.263227,14.3232,0.163242,9.1376e-05,0.482981,0.17563,0.263444,0.131722,0.0878148,0.0878148,0.0878148,0,0,0,0,0,0,0,0
65589,65597,65593,25.9,-104.614,39.3001,20.2833,-55.0233,664.325,1.34544,0.267273,14.3216,0.160753,8.91656e-05,0.34597,0.384412,0.192206,0.192206,0.0384412,0.115323,0.0768823,0,0,0,0,0,0,0,0
65601,65609,65605,25.8,-104.613,39.3003,20.67,-56.6356,655.879,1.61858,0.29686,14.1863,0.143364,7.34839e-05,0.539527,0.231226,0.231226,0.308301,0.154151,0.154151,0,0,0,0,0,0,0,0,0
65610,65619,65614,25.7,-104.613,39.3004,20.983,-56.191,654.406,1.2487,0.276529,15.7452,0.170816,0.00010164,0.404985,0.168744,0.134995,0.202492,0.202492,0.0674975,0.0337487,0.0337487,0,0,0,0,0,0,0
65620,65631,65626,25.6,-104.613,39.3005,21.3855,-57.5709,646.723,1.64769,0.302513,14.7022,0.145801,7.95538e-05,0.54923,0.274615,0.21359,0.274615,0.21359,0.0915384,0.0305128,0,0,0,0,0,0,0,0
65632,65643,65638,25.5,-104.613,39.3008,21.7558,-56.495,646.769,1.32092,0.233042,12.1822,0.156824,7.57869e-05,0.522864,0.275192,0.220153,0.110077,0.0550383,0.0550383,0.0825575,0,0,0,0,0,0,0,0
65644,65655,65650,25.4,-104.613,39.3009,22.0892,-56.7958,643.067,1.53591,0.250131,11.5605,0.138654,5.86733e-05,0.592809,0.350296,0.161675,0.188621,0.107784,0.134729,0,0,0,0,0,0,0,0,0
65656,65670,65663,25.3,-104.613,39.3012,22.5007,-57.075,638.868,1.85939,0.367628,20.2592,0.165324,0.000129814,0.619798,0.45911,0.275466,0.091822,0.160688,0.160688,0.0688665,0.0229555,0,0,0,0,0,0,0
65671,65684,65678,25.2,-104.613,39.3014,22.9209,-57.2609,634.943,1.6447,0.351651,20.0883,0.171377,0.000131459,0.519379,0.346253,0.230835,0.201981,0.0577088,0.201981,0.0577088,0.0288544,0,0,0,0,0,0,0
65685,65696,65690,25.1,-104.613,39.3015,23.2517,-57.2808,632.302,1.4547,0.224756,9.91383,0.132328,4.64994e-05,0.571488,0.207814,0.337698,0.181837,0.0519535,0.103907,0,0,0,0,0,0,0,0,0
65699,65712,65706,25,-104.612,39.3019,23.6586,-56.5521,631.287,1.79505,0.322041,16.39,0.152683,9.65829e-05,0.700509,0.350254,0.218909,0.218909,0.109455,0.131345,0.0656727,0,0,0,0,0,0,0,0
65713,65726,65720,24.9,-104.612,39.3025,24.1145,-57.3436,625.567,2.17809,0.508615,31.7161,0.187074,0.000223743,0.716841,0.468704,0.165425,0.275708,0.248137,0.110283,0.0827124,0.110283,0,0,0,0,0,0,0
65727,65739,65733,24.8,-104.612,39.3033,24.466,-56.545,625.281,1.61852,0.332888,19.3521,0.174402,0.000131899,0.629425,0.329699,0.119891,0.209808,0.149863,0.0299726,0.119891,0.0299726,0,0,0,0,0,0,0
65740,65751,65746,24.7,-104.612,39.3041,24.7911,-56.4967,623.072,2.02355,0.442528,26.6209,0.180469,0.000179817,0.718033,0.326379,0.326379,0.228465,0.0979137,0.228465,0,0.0979137,0,0,0,0,0,0,0
65752,65765,65758,24.6,-104.612,39.3048,25.215,-56.6817,619.538,1.9073,0.315303,16.3281,0.155357,9.7302e-05,0.748435,0.410432,0.338003,0.217288,0.0724292,0.0482862,0.0241431,0.0482862,0,0,0,0,0,0,0
65766,65780,65773,24.5,-104.612,39.3055,25.7283,-54.4958,622.192,1.68201,0.25612,12.8437,0.150442,7.63506e-05,0.829158,0.355353,0.189522,0.118451,0.0947609,0.0236902,0.0473804,0.0236902,0,0,0,0,0,0,0
65781,65794,65788,24.4,-104.613,39.3057,26.1082,-55.4536,616.888,1.90986,0.414558,25.6004,0.18526,0.00018214,0.840339,0.305578,0.178254,0.127324,0.203719,0.0763945,0.101859,0.0763945,0,0,0,0,0,0,0
65795,65810,65802,24.3,-104.613,39.3056,26.5523,-55.7192,613.166,1.7517,0.28173,13.5352,0.14413,7.44297e-05,0.726313,0.384519,0.213622,0.234984,0.0213622,0.128173,0.0427243,0,0,0,0,0,0,0,0
65811,65823,65817,24.2,-104.614,39.3053,27.0127,-56.1473,608.97,1.27386,0.206022,9.14186,0.133119,4.28573e-05,0.42462,0.224799,0.274754,0.174844,0.0999107,0.074933,0,0,0,0,0,0,0,0,0
65826,65840,65833,24.1,-104.614,39.305,27.3817,-55.6183,608.08,2.00555,0.338536,16.7798,0.148698,9.41237e-05,0.788699,0.428151,0.202808,0.31548,0.112671,0.112671,0.0225343,0.0225343,0,0,0,0,0,0,0
65841,65855,65848,24,-104.614,39.3043,27.8958,-55.4758,605.26,1.69438,0.285748,14.3591,0.150753,8.25597e-05,0.646541,0.423596,0.178356,0.200651,0.111473,0.0891781,0.0222945,0.0222945,0,0,0,0,0,0,0
65856,65868,65862,23.9,-104.613,39.3032,28.304,-56.116,600.978,1.87399,0.312508,14.9719,0.143727,8.14466e-05,0.791825,0.237547,0.31673,0.263942,0.131971,0.0791825,0.0527883,0,0,0,0,0,0,0,0
65869,65885,65877,23.8,-104.613,39.3017,28.7446,-56.6085,596.973,2.15146,0.454178,25.2424,0.166735,0.000159783,0.62332,0.422249,0.321714,0.301606,0.201071,0.180964,0.0603213,0.0402142,0,0,0,0,0,0,0
65886,65900,65893,23.7,-104.612,39.3001,29.2485,-56.0631,595.519,1.67979,0.373115,21.1894,0.170372,0.00013956,0.513817,0.35572,0.158098,0.256909,0.0790488,0.197622,0.118573,0,0,0,0,0,0,0,0
65901,65913,65907,23.6,-104.611,39.2989,29.736,-56.809,590.668,2.03454,0.318653,14.9837,0.141066,8.08102e-05,0.813815,0.483203,0.305181,0.178022,0.101727,0.101727,0.0508634,0,0,0,0,0,0,0,0
65914,65931,65922,23.5,-104.611,39.2976,30.2342,-57.2367,586.718,2.17497,0.417766,23.6682,0.169963,0.000150829,0.98292,0.355524,0.209132,0.125479,0.250958,0.167306,0.0627396,0,0.0209132,0,0,0,0,0,0
65932,65947,65940,23.4,-104.61,39.2963,30.7657,-57.9807,581.781,2.23931,0.404208,21.112,0.156692,0.000128002,0.835299,0.497625,0.319902,0.213268,0.124406,0.159951,0.0710893,0.0177723,0,0,0,0,0,0,0
65948,65963,65956,23.3,-104.609,39.295,31.29,-58.3818,577.907,2.03596,0.439763,25.2196,0.172045,0.000159092,0.559331,0.313225,0.447465,0.268479,0.178986,0.178986,0.0671197,0,0.0223732,0,0,0,0,0,0
65964,65979,65972,23.2,-104.608,39.2938,31.7393,-59.1864,573.398,2.37162,0.558758,36.7001,0.197045,0.000243195,0.924232,0.331329,0.244137,0.20926,0.279014,0.261575,0.0348767,0.0697534,0,0.0174383,0,0,0,0,0
65980,65997,65988,23.1,-104.607,39.2926,32.3633,-58.6525,571.645,1.93436,0.292713,12.7391,0.130562,5.94972e-05,0.697964,0.398837,0.398837,0.21936,0.139593,0.0598255,0.0199418,0,0,0,0,0,0,0,0
65998,66013,66006,23,-104.605,39.2917,32.8286,-58.6986,569.194,2.50011,0.494931,26.1486,0.158499,0.000156773,0.714317,0.408181,0.527234,0.374166,0.238106,0.13606,0.0680302,0.0340151,0,0,0,0,0,0,0
66014,66033,66024,22.9,-104.605,39.2906,33.42,-60.3507,561.931,1.85876,0.339927,17.5564,0.154942,0.000102696,0.472843,0.554367,0.342403,0.195659,0.114134,0.130439,0.0163049,0.0326098,0,0,0,0,0,0,0
66034,66050,66042,22.8,-104.604,39.2899,33.9714,-58.8171,563.349,2.20568,0.455334,24.3739,0.160589,0.000148746,0.620348,0.413565,0.379101,0.27571,0.241246,0.189551,0.0689275,0.0172319,0,0,0,0,0,0,0
66054,66068,66061,22.7,-104.603,39.2891,34.5825,-60.0517,557.247,2.61992,0.477626,23.3178,0.146461,0.000127072,0.777789,0.573108,0.32749,0.511704,0.204681,0.163745,0.0614044,0,0,0,0,0,0,0,0
