data/B2SAP/Locations/Boulder/NOAA-POPS-B2SAP_GMLBalloon_20240312_R0.ict
82,1001
Thornberry, T. D.
NOAA Chemical Sciences Laboratory
Portable Optical Particle Spectrometer (POPS)
Balloon Baseline Stratospheric Aerosol Profiles (B2SAP)
1,1
2024,03,12,2024,05,28
0
TIME_START,s,Seconds since midnight UTC on flight start day,Start time of 100 m altitude bin in UTC_seconds_since_midnight
49
1.0,1.0,1.0,1.0,1.0,1.0,1.0,1.0,1.0,1.0,1.0,1.0,1.0,1.0,1.0,1.0,1.0,1.0,1.0,1.0,1.0,1.0,1.0,1.0,1.0,1.0,1.0,1.0,1.0,1.0,1.0,1.0,1.0,1.0,1.0,1.0,1.0,1.0,1.0,1.0,1.0,1.0,1.0,1.0,1.0,1.0,1.0,1.0,1.0
99999,99999,99999,99999,99999,99999,99999,99999,99999,99999,99999,99999,99999,99999,99999,99999,99999,99999,99999,99999,99999,99999,99999,99999,99999,99999,99999,99999,99999,99999,99999,99999,99999,99999,99999,99999,99999,99999,99999,99999,99999,99999,99999,99999,99999,99999,99999,99999,99999
TIME_STOP,s,End time of 100 m altitude bin in UTC seconds since midnight,
TIME_MID,s,Mid time of 100 m altitude in UTC seconds since midnight,
GPSAlt,km,GPS reported altitude above sea level (km),
GPS_Lon,deg,GPS reported longitude,
GPS_Lat,deg,GPS reported latitude,
iMet_Pressure,hPa,Pressure reported (hPa),
iMet_Temperature,degrees C,Ambient temperature (oC),
THETA,K,Potential temperature from iMet,
Aerosol_concentration,cm^-3,Aerosol concentration,
Surface_Area_Conc,um^2 cm^-3,Surface area concentration,
Volume_density,um^3 cm^-3,Volume density,
Effective_radius,um,Effective radius,
Extinction,km^-1,Extinction,
Bin01,cm^-3,particle concentration in size range [140 - 146.14 nm],
Bin02,cm^-3,particle concentration in size range [146.14 - 152.56 nm],
Bin03,cm^-3,particle concentration in size range [152.56 - 159.25 nm],
Bin04,cm^-3,particle concentration in size range [159.25 - 166.24 nm],
Bin05,cm^-3,particle concentration in size range [166.24 - 173.54 nm],
Bin06,cm^-3,particle concentration in size range [173.54 - 181.16 nm],
Bin07,cm^-3,particle concentration in size range [181.16 - 189.11 nm],
Bin08,cm^-3,particle concentration in size range [189.11 - 197.41 nm],
Bin09,cm^-3,particle concentration in size range [197.41 - 206.07 nm],
Bin10,cm^-3,particle concentration in size range [206.07 - 215.12 nm],
Bin11,cm^-3,particle concentration in size range [215.12 - 224.56 nm],
Bin12,cm^-3,particle concentration in size range [224.56 - 234.41 nm],
Bin13,cm^-3,particle concentration in size range [234.41 - 244.70 nm],
Bin14,cm^-3,particle concentration in size range [244.70 - 361.30 nm],
Bin15,cm^-3,particle concentration in size range [361.30 - 472.80 nm],
Bin16,cm^-3,particle concentration in size range [472.80 - 567.00 nm],
Bin17,cm^-3,particle concentration in size range [567.00 - 610.66 nm],
Bin18,cm^-3,particle concentration in size range [610.66 - 657.69 nm],
Bin19,cm^-3,particle concentration in size range [657.69 - 708.33 nm],
Bin20,cm^-3,particle concentration in size range [708.33 - 762.88 nm],
Bin21,cm^-3,particle concentration in size range [762.88 - 821.62 nm],
Bin22,cm^-3,particle concentration in size range [821.62 - 884.89 nm],
Bin23,cm^-3,particle concentration in size range [884.89 - 953.03 nm],
Bin24,cm^-3,particle concentration in size range [953.03 - 1026.42 nm],
Bin25,cm^-3,particle concentration in size range [1026.42 - 1105.46 nm],
Bin26,cm^-3,particle concentration in size range [1105.46 - 1190.59 nm]],
[...]
LOCATION: Boulder, CO, USA
ASSOCIATED_DATA: N/A
INSTRUMENT_INFO: Printed Optical Particle Spectrometer counts particles from 140 - 2500 nm in diameter 
DATA_INFO: Particle concentrations reported in number per cubic centimeter, binned to 100 m altitude
UNCERTAINTY: Counting uncertainty dominated by air flow, less than 5 percent
ULOD_FLAG: -77777
ULOD_VALUE: 3000 ~3000 per cm3 (varies depending on flow rate- manufacturer quotes 1250  per cm3 at 1.667 cc/s)
LLOD_FLAG: -88888
LLOD_VALUE: 0 0 (varies depending on data field and measurement precision)
DM_CONTACT_INFO: Troy Thornberry, 325 Broadway R/CSL6, Boulder, CO 80305; troy.thornberry@noaa.gov; 303-497-3373
PROJECT_INFO: B2SAP Boulder, CO, USA
STIPULATIONS_ON_USE: Please contact the PIs for questions regarding applications and uncertainties
OTHER_COMMENTS: POPS bin Edges (nm):  140, 146.14, 152.56, 159.25, 166.24, 173.54, 181.16, 189.11, 197.41, 206.07, 215.12, 224.56, 234.41, 244.70, 361.30, 472.80, 567.00, 610.66, 657.69, 708.33, 762.88, 821.62, 884.89, 953.03, 1026.42, 1105.46, 1190.59, 1282.27, 1381.01, 1487.36, 1601.89, 1725.25, 1858.10, 2001.18, 2155.28, 2321.25, 2500
Calculations assume sulfate refractive index of 1.45+0.00j and extinction wavelength = 532 nm
REVISION: R0
R0: QA/QC data
TIME_START,TIME_STOP,TIME_MID,GPSAlt,GPS_Lon,GPS_Lat,iMet_Pressure,iMet_Temperature,THETA,Aerosol_concentration,Surface_Area_Conc,Volume_density,Effective_radius,Extinction,Bin01,Bin02,Bin03,Bin04,Bin05,Bin06,Bin07,Bin08,Bin09,Bin10,Bin11,Bin12,Bin13,Bin14,Bin15,Bin16,Bin17,Bin18,Bin19,Bin20,Bin21,Bin22,Bin23,Bin24,Bin25,Bin26,Bin27,Bin28,Bin29,Bin30,Bin31,Bin32,Bin33,Bin34,Bin35,Bin36
[from data line 150]
61138,61174,61156,16.7,-104.521,39.8621,93.2697,-56.2481,427.196,4.93637,1.33912,102.817,0.230338,0.000706979,0.274243,0.44793,0.292526,0.365657,0.38394,0.25596,0.329092,0.210253,0.19197,0.219394,0.12798,0.146263,0.155404,0.731314,0.356516,0.210253,0.06399,0.0457072,0.0274243,0.00914143,0.00914143,0.0365657,0.0457072,0,0,0,0,0,0,0,0,0,0,0,0,0
61175,61206,61190,16.8,-104.515,39.8626,91.8373,-54.9333,431.687,4.96402,1.53428,120.143,0.234917,0.000875609,0.378859,0.378859,0.272001,0.330287,0.272001,0.242858,0.22343,0.204001,0.204001,0.145715,0.145715,0.155429,0.136001,0.845147,0.398288,0.320573,0.087429,0.058286,0.058286,0.029143,0.0194287,0.029143,0.029143,0,0,0,0,0,0,0,0,0,0,0,0,0
61207,61236,61222,16.9,-104.511,39.8632,90.4218,-55.1175,433.241,5.1556,1.65461,126.814,0.229928,0.000934364,0.362341,0.258815,0.248463,0.217405,0.403752,0.289873,0.27952,0.217405,0.175994,0.103526,0.144937,0.186347,0.155289,0.859267,0.610804,0.341636,0.051763,0.0414104,0.124231,0.0207052,0.0310578,0.0103526,0.0207052,0,0,0,0,0,0,0,0,0,0,0,0,0
61237,61262,61250,17,-104.508,39.8635,89.0488,-54.4862,436.399,5.2302,1.44631,105.267,0.21835,0.000737463,0.499701,0.421969,0.355343,0.288716,0.277611,0.19988,0.166567,0.266507,0.177671,0.244298,0.133253,0.166567,0.0777312,0.999401,0.433074,0.355343,0.0222089,0.0333134,0.0222089,0.0222089,0.0222089,0.0111045,0.0333134,0,0,0,0,0,0,0,0,0,0,0,0,0
61264,61290,61277,17.1,-104.505,39.8632,87.7123,-54.1146,439.034,5.28386,1.6035,128.167,0.239788,0.000934435,0.500576,0.300345,0.411585,0.278098,0.367089,0.233602,0.266974,0.222478,0.133487,0.289222,0.211354,0.0889912,0.111239,0.889912,0.300345,0.311469,0.111239,0.0889912,0.0222478,0.0333717,0.0333717,0.0556195,0.0222478,0,0,0,0,0,0,0,0,0,0,0,0,0
61292,61316,61304,17.2,-104.503,39.8631,86.3535,-54.773,439.67,5.19166,1.27173,86.5059,0.204067,0.000598885,0.480007,0.467375,0.404217,0.353689,0.290531,0.290531,0.290531,0.151581,0.202108,0.189477,0.151581,0.126318,0.0757906,0.922119,0.416848,0.21474,0.0378953,0.0252635,0.0378953,0.0126318,0.0252635,0.0252635,0,0,0,0,0,0,0,0,0,0,0,0,0,0
61317,61338,61328,17.3,-104.5,39.8632,85.0052,-55.6424,439.894,5.06473,1.31718,95.432,0.217355,0.000655785,0.513411,0.416279,0.346899,0.222016,0.305271,0.319147,0.27752,0.194264,0.166512,0.20814,0.180388,0.13876,0.152636,0.790931,0.374651,0.27752,0.0555039,0.013876,0.0555039,0,0,0.013876,0.0416279,0,0,0,0,0,0,0,0,0,0,0,0,0
61339,61364,61352,17.4,-104.498,39.8637,83.6667,-56.4187,440.317,5.00028,1.27856,88.758,0.20826,0.000632517,0.39122,0.4768,0.403446,0.330092,0.342318,0.207836,0.220061,0.256738,0.207836,0.134482,0.110031,0.158933,0.110031,0.806892,0.415671,0.19561,0.0611281,0.097805,0.0489025,0,0,0.0122256,0.0122256,0,0,0,0,0,0,0,0,0,0,0,0,0
61365,61395,61380,17.5,-104.496,39.8642,82.36,-57.1516,440.806,5.29719,1.1126,68.9249,0.185848,0.000449339,0.494531,0.351878,0.408939,0.561103,0.247266,0.370899,0.332858,0.247266,0.247266,0.171184,0.133143,0.209225,0.142653,0.760817,0.304327,0.209225,0.0570613,0.0190204,0,0,0,0.0190204,0.00951022,0,0,0,0,0,0,0,0,0,0,0,0,0
61396,61430,61413,17.6,-104.492,39.8647,81.0582,-56.06,445.056,5.31522,1.2857,94.4751,0.220444,0.000637908,0.621144,0.425927,0.488042,0.38156,0.363813,0.275078,0.195217,0.20409,0.212964,0.230711,0.159723,0.20409,0.0976084,0.736499,0.319446,0.17747,0.0621144,0.0354939,0.0532409,0,0,0.0266205,0.0443674,0,0,0,0,0,0,0,0,0,0,0,0,0
61431,61461,61446,17.7,-104.489,39.8648,79.8322,-55.6878,447.765,5.34001,1.42751,108.103,0.227185,0.000757651,0.486438,0.508058,0.302673,0.345912,0.39996,0.313482,0.194575,0.216195,0.237814,0.205385,0.162146,0.162146,0.0756682,0.918828,0.302673,0.248624,0.0324292,0.0756682,0.0432389,0.0540487,0,0,0.0540487,0,0,0,0,0,0,0,0,0,0,0,0,0
61462,61490,61476,17.8,-104.487,39.8652,78.5208,-55.1783,450.939,5.17521,1.21934,86.9214,0.213856,0.000596018,0.438371,0.52361,0.40184,0.389663,0.219185,0.450548,0.267893,0.207008,0.316601,0.194831,0.146124,0.0852388,0.133947,0.754972,0.267893,0.170478,0.0487079,0.0365309,0.0243539,0.0365309,0.012177,0.0365309,0.012177,0,0,0,0,0,0,0,0,0,0,0,0,0
61491,61517,61504,17.9,-104.486,39.8656,77.3792,-55.6746,451.799,5.04781,1.24023,89.4786,0.216441,0.000603643,0.48342,0.505905,0.472178,0.359755,0.292301,0.202362,0.213604,0.202362,0.202362,0.168635,0.202362,0.112423,0.0899387,0.809448,0.370997,0.168635,0.0786963,0.0112423,0.0112423,0.0112423,0.0112423,0.0449693,0.0224847,0,0,0,0,0,0,0,0,0,0,0,0,0
61519,61544,61532,18,-104.484,39.8659,76.1987,-56.3483,452.384,5.20552,1.31054,95.7142,0.219103,0.000688791,0.623644,0.39455,0.432732,0.356368,0.381823,0.356368,0.190911,0.178184,0.229094,0.229094,0.140002,0.140002,0.178184,0.509097,0.39455,0.229094,0.0636371,0.0127274,0.0763646,0.0254549,0.0381823,0.0254549,0,0,0,0,0,0,0,0,0,0,0,0,0,0
61545,61572,61558,18.1,-104.482,39.8659,74.9604,-57.0308,453.075,4.72128,1.17788,87.6421,0.223219,0.000590453,0.401309,0.413112,0.306883,0.365899,0.224261,0.212458,0.365899,0.247867,0.318686,0.141638,0.141638,0.177048,0.106229,0.649176,0.212458,0.29508,0.0236064,0.0118032,0.0236064,0.0118032,0.0118032,0,0.059016,0,0,0,0,0,0,0,0,0,0,0,0,0
61573,61600,61586,18.2,-104.481,39.8656,73.8491,-57.4091,454.219,4.87239,1.23479,92.0281,0.223589,0.00066062,0.449572,0.461723,0.364518,0.498175,0.279464,0.352368,0.243012,0.170108,0.145807,0.182259,0.157958,0.170108,0.060753,0.60753,0.255163,0.20656,0.060753,0.109355,0.0243012,0.0121506,0.0243012,0.0121506,0.0243012,0,0,0,0,0,0,0,0,0,0,0,0,0
61602,61627,61614,18.3,-104.478,39.865,72.7036,-57.87,455.276,4.70701,1.12314,79.0602,0.211177,0.000542875,0.436733,0.485259,0.266892,0.351813,0.32755,0.206235,0.315418,0.291155,0.133446,0.181972,0.0849203,0.169841,0.121315,0.715757,0.242629,0.218366,0.0242629,0.0121315,0.0606573,0.0121315,0.0242629,0,0.0242629,0,0,0,0,0,0,0,0,0,0,0,0,0
61630,61653,61642,18.4,-104.476,39.8643,71.5786,-58.7109,455.519,4.32726,0.968668,73.5888,0.227907,0.000493545,0.581816,0.472726,0.41212,0.363635,0.278787,0.218181,0.303029,0.193939,0.145454,0.145454,0.0848482,0.0969693,0.0848482,0.496968,0.145454,0.121212,0.0484847,0,0.0242423,0.0363635,0,0.0484847,0.0242423,0,0,0,0,0,0,0,0,0,0,0,0,0
61656,61680,61668,18.5,-104.474,39.8638,70.4364,-59.1086,456.773,4.20316,1.03613,73.9671,0.214164,0.000517529,0.426408,0.328943,0.328943,0.280211,0.365492,0.292394,0.292394,0.194929,0.0974646,0.0974646,0.0974646,0.0730985,0.0487323,0.645703,0.292394,0.146197,0.0730985,0.0487323,0.0243662,0,0.0121831,0.0243662,0.0121831,0,0,0,0,0,0,0,0,0,0,0,0,0
61681,61706,61694,18.6,-104.471,39.8633,69.3127,-59.5236,457.987,4.00686,0.995115,73.9737,0.223011,0.000525292,0.366481,0.342049,0.342049,0.293185,0.354265,0.256537,0.134376,0.195457,0.12216,0.158808,0.0732962,0.109944,0.171025,0.561938,0.207673,0.0977283,0.0244321,0.0610802,0.0366481,0.0610802,0.012216,0.012216,0.012216,0,0,0,0,0,0,0,0,0,0,0,0,0
61707,61732,61720,18.7,-104.469,39.863,68.2035,-60.078,458.908,4.16045,1.12133,87.9579,0.235321,0.000604031,0.33552,0.469728,0.308678,0.187891,0.308678,0.17447,0.214733,0.228154,0.17447,0.16105,0.0536832,0.120787,0.134208,0.657619,0.268416,0.187891,0.0134208,0.0134208,0.0134208,0.0268416,0.0402624,0.0402624,0.0268416,0,0,0,0,0,0,0,0,0,0,0,0,0
61732,61757,61744,18.8,-104.467,39.8624,67.1173,-60.5868,459.918,3.61283,0.91085,63.7523,0.209976,0.00045004,0.356367,0.307213,0.159751,0.33179,0.24577,0.159751,0.233482,0.147462,0.184328,0.147462,0.0737311,0.0614426,0.0737311,0.516118,0.294925,0.208905,0.0122885,0.0368656,0.0122885,0.0122885,0.024577,0,0.0122885,0,0,0,0,0,0,0,0,0,0,0,0,0
61758,61781,61770,18.9,-104.465,39.8619,66.104,-60.618,461.853,3.88184,0.998937,73.2543,0.219997,0.000498564,0.324614,0.311088,0.284037,0.229935,0.270512,0.229935,0.256986,0.175833,0.135256,0.108205,0.148781,0.0811535,0.0811535,0.662753,0.229935,0.216409,0.0541023,0.0135256,0,0,0.0135256,0.0270512,0.0270512,0,0,0,0,0,0,0,0,0,0,0,0,0
61783,61807,61795,19,-104.463,39.8615,65.063,-60.1674,464.939,4.41263,1.24141,104.116,0.251608,0.000751607,0.633729,0.551579,0.375543,0.3286,0.3286,0.211243,0.1643,0.105622,0.105622,0.129093,0.117357,0.0704144,0.0821501,0.481165,0.199507,0.140829,0.199507,0.0352072,0.0352072,0.0234715,0.0234715,0.0117357,0.0586787,0,0,0,0,0,0,0,0,0,0,0,0,0
61809,61837,61823,19.1,-104.462,39.8605,64.0171,-59.4575,468.653,3.54461,1.06607,84.8897,0.238886,0.000608231,0.245998,0.178908,0.313088,0.234816,0.167726,0.234816,0.167726,0.234816,0.111817,0.134181,0.122999,0.134181,0.0670903,0.491996,0.279543,0.245998,0.0111817,0.0111817,0.0670903,0.0223634,0.0111817,0.0335452,0.0223634,0,0,0,0,0,0,0,0,0,0,0,0,0
61837,61865,61851,19.2,-104.461,39.8594,63.0424,-58.8656,472.013,3.28205,1.13908,94.2725,0.248285,0.000689315,0.203123,0.245886,0.256577,0.224505,0.160361,0.0962163,0.138979,0.0748349,0.0748349,0.0855256,0.106907,0.106907,0.106907,0.60937,0.29934,0.245886,0.0641442,0.0427628,0.0534535,0.0106907,0.0106907,0.0320721,0.0320721,0,0,0,0,0,0,0,0,0,0,0,0,0
61867,61895,61881,19.3,-104.46,39.8579,61.9959,-58.4778,475.135,3.28018,1.09777,84.38,0.230595,0.000635562,0.256881,0.187721,0.138321,0.148201,0.167961,0.138321,0.207481,0.108681,0.177841,0.138321,0.0790404,0.0494003,0.0691604,0.523643,0.444602,0.207481,0.0592803,0.0790404,0.0592803,0.00988005,0.00988005,0.00988005,0.00988005,0,0,0,0,0,0,0,0,0,0,0,0,0
61897,61923,61910,19.4,-104.459,39.8565,61,-58.8625,476.482,3.2871,0.972014,69.861,0.215617,0.000508108,0.223612,0.19007,0.19007,0.19007,0.145348,0.245973,0.201251,0.19007,0.0894449,0.122987,0.0447224,0.0670837,0.0335418,0.592572,0.413683,0.19007,0.055903,0.055903,0.0111806,0,0.0223612,0,0.0111806,0,0,0,0,0,0,0,0,0,0,0,0,0
61923,61948,61936,19.5,-104.458,39.8556,60.0408,-58.7725,478.845,3.52288,1.11472,83.2517,0.224052,0.000622459,0.26841,0.26841,0.26841,0.111837,0.17894,0.167756,0.100654,0.134205,0.123021,0.145389,0.123021,0.100654,0.0447349,0.637473,0.357879,0.290777,0.0782861,0.0447349,0.0335512,0.0111837,0.0223675,0,0.0111837,0,0,0,0,0,0,0,0,0,0,0,0,0
61950,61973,61962,19.6,-104.457,39.8549,59.0805,-59.2645,479.953,3.56278,1.09377,79.8127,0.21891,0.00058347,0.183019,0.28063,0.219623,0.231825,0.146416,0.146416,0.207422,0.109812,0.0854091,0.0854091,0.122013,0.122013,0.0488052,0.780883,0.37824,0.244026,0.0610065,0.0244026,0.0244026,0.0122013,0.0366039,0.0122013,0,0,0,0,0,0,0,0,0,0,0,0,0,0
61974,61997,61986,19.7,-104.455,39.8545,58.1571,-59.3276,481.974,3.33936,0.811576,51.1912,0.189229,0.000361428,0.25589,0.281479,0.25589,0.179123,0.204712,0.243095,0.11515,0.140739,0.191917,0.102356,0.051178,0.102356,0.076767,0.562958,0.294273,0.204712,0.025589,0.0383835,0.0127945,0,0,0,0,0,0,0,0,0,0,0,0,0,0,0,0,0
61998,62020,62009,19.8,-104.453,39.8544,57.2836,-59.0755,484.637,3.37312,1.04328,75.5774,0.217326,0.000569811,0.146128,0.243547,0.231369,0.219192,0.158305,0.0974187,0.133951,0.207015,0.158305,0.158305,0.0608867,0.073064,0.133951,0.535803,0.353143,0.267901,0.0974187,0.0121773,0.0608867,0.0121773,0.0121773,0,0,0,0,0,0,0,0,0,0,0,0,0,0,0
62021,62045,62033,19.9,-104.451,39.8548,56.3273,-58.9036,487.365,3.06954,1.10696,90.7784,0.246021,0.000675734,0.207072,0.255795,0.17053,0.146169,0.146169,0.109627,0.109627,0.0852651,0.0730844,0.0852651,0.0609037,0.121807,0.133988,0.535952,0.316699,0.255795,0.0974459,0.0609037,0.0243615,0.0243615,0,0.0121807,0.0365422,0,0,0,0,0,0,0,0,0,0,0,0,0
62046,62075,62060,20,-104.449,39.8556,55.4843,-59.2178,488.746,3.25399,1.14025,89.8283,0.236338,0.000685135,0.15162,0.221598,0.186609,0.15162,0.198272,0.233261,0.139957,0.11663,0.11663,0.128293,0.0933043,0.0349891,0.0699783,0.489848,0.349891,0.326565,0.104967,0.0466522,0.0466522,0.0233261,0,0,0.0233261,0,0,0,0,0,0,0,0,0,0,0,0,0
62076,62106,62091,20.1,-104.447,39.8562,54.615,-59.3312,490.703,3.26669,1.17498,91.7157,0.234172,0.000711433,0.289454,0.227428,0.196415,0.124052,0.155065,0.144727,0.0930387,0.103376,0.0827011,0.113714,0.0206753,0.0723635,0.0723635,0.609921,0.382493,0.330804,0.0723635,0.0930387,0.0310129,0.0103376,0.0310129,0.0103376,0,0,0,0,0,0,0,0,0,0,0,0,0,0
62107,62131,62119,20.2,-104.445,39.8567,53.759,-59.8395,491.745,3.19019,0.855275,57.3077,0.201015,0.000410389,0.282675,0.228832,0.228832,0.18845,0.174989,0.0807642,0.174989,0.174989,0.121146,0.0942249,0.0807642,0.0942249,0.0673035,0.538428,0.323057,0.296135,0,0,0.0134607,0,0.0269214,0,0,0,0,0,0,0,0,0,0,0,0,0,0,0
62131,62157,62144,20.3,-104.443,39.8569,52.9091,-59.6961,494.324,3.24335,1.014,74.3623,0.220007,0.00054978,0.30443,0.163924,0.163924,0.163924,0.210759,0.117089,0.187342,0.0702532,0.0585443,0.152215,0.10538,0.081962,0.0936709,0.550316,0.40981,0.257595,0.0468354,0.0468354,0.0234177,0,0.0117089,0.0234177,0,0,0,0,0,0,0,0,0,0,0,0,0,0
62158,62182,62170,20.4,-104.441,39.8567,52.1182,-59.4891,496.938,2.63362,0.901035,68.8231,0.229147,0.000532026,0.134743,0.183741,0.122494,0.171492,0.110245,0.146993,0.0489976,0.0979951,0.110245,0.159242,0.0734964,0.0857458,0.0489976,0.416479,0.281736,0.281736,0.0122494,0.0489976,0.061247,0.0244988,0.0122494,0,0,0,0,0,0,0,0,0,0,0,0,0,0,0
62184,62205,62194,20.5,-104.44,39.8564,51.2525,-58.8813,500.742,2.98371,1.09478,84.224,0.230798,0.000647241,0.118,0.134857,0.118,0.118,0.235999,0.118,0.101143,0.134857,0.151714,0.0674284,0.0842855,0.0505713,0.0337142,0.589998,0.471999,0.185428,0.134857,0.0168571,0.0674284,0.0337142,0.0168571,0,0,0,0,0,0,0,0,0,0,0,0,0,0,0
62206,62227,62216,20.6,-104.44,39.8561,50.442,-58.5387,503.83,2.52963,0.765867,57.1251,0.223767,0.000417848,0.26911,0.161466,0.0897032,0.143525,0.161466,0.143525,0.0717626,0.143525,0.0358813,0.161466,0.0717626,0.0179406,0.0897032,0.376753,0.28705,0.143525,0.0897032,0.0179406,0.0358813,0,0,0,0.0179406,0,0,0,0,0,0,0,0,0,0,0,0,0
62229,62245,62237,20.7,-104.44,39.8559,49.7743,-58.3721,506.145,2.73838,0.811073,56.2938,0.20822,0.000426443,0.191495,0.210645,0.325542,0.0382991,0.0765982,0.134047,0.0957477,0.153196,0.0765982,0.114897,0.0574486,0.0574486,0.0765982,0.517038,0.191495,0.306393,0.0765982,0.0191495,0.0191495,0,0,0,0,0,0,0,0,0,0,0,0,0,0,0,0,0
62258,62278,62268,20.8,-104.44,39.8557,48.8395,-58.9205,507.594,2.69094,0.834445,64.0462,0.230259,0.000480707,0.21888,0.180254,0.244631,0.180254,0.167379,0.0386259,0.103002,0.180254,0.0772518,0.0128753,0.0772518,0.0643765,0.0386259,0.579389,0.128753,0.231755,0.0386259,0.0515012,0.0257506,0.0257506,0,0.0257506,0,0,0,0,0,0,0,0,0,0,0,0,0,0
62280,62307,62294,20.9,-104.44,39.8556,48.1085,-59.6885,507.958,2.83749,0.895649,63.146,0.211509,0.00047788,0.232381,0.171228,0.146767,0.232381,0.122306,0.122306,0.0856139,0.0733833,0.0489222,0.0856139,0.0611528,0.0733833,0.110075,0.501453,0.354686,0.317995,0.0244611,0.0244611,0.0489222,0,0,0,0,0,0,0,0,0,0,0,0,0,0,0,0,0
62308,62334,62321,21,-104.44,39.8555,47.3696,-60.0813,509.272,2.98726,1.17494,99.0703,0.252958,0.000764378,0.26672,0.128026,0.224045,0.117357,0.0960192,0.128026,0.106688,0.0746816,0.106688,0.0960192,0.0853504,0.0746816,0.0640128,0.512102,0.35207,0.192038,0.117357,0.106688,0.0746816,0.0106688,0.0213376,0.0106688,0.0213376,0,0,0,0,0,0,0,0,0,0,0,0,0
62335,62364,62350,21.1,-104.439,39.8555,46.6213,-60.5496,510.47,2.37973,0.781234,57.5481,0.220989,0.000440826,0.0820596,0.174377,0.205149,0.0820596,0.133347,0.123089,0.123089,0.102574,0.092317,0.0512872,0.0615447,0.0718021,0.0307723,0.389783,0.307723,0.205149,0.0410298,0.0307723,0.0615447,0.0102574,0,0,0,0,0,0,0,0,0,0,0,0,0,0,0,0
62365,62396,62380,21.2,-104.439,39.8554,45.8886,-60.4543,513.017,2.65611,0.771908,52.8917,0.205562,0.000391603,0.157789,0.131491,0.166555,0.122725,0.175321,0.149023,0.105193,0.131491,0.0876604,0.105193,0.0788944,0.0701284,0.0876604,0.499665,0.254215,0.254215,0.0175321,0.0350642,0,0.0262981,0,0,0,0,0,0,0,0,0,0,0,0,0,0,0,0
