data/B2SAP/Locations/Boulder/NOAA-POPS-B2SAP_GMLBalloon_20230110_R0.ict
61,1001
Thornberry, T. D.
NOAA Chemical Sciences Laboratory
Portable Optical Particle Spectrometer (POPS)
Balloon Baseline Stratospheric Aerosol Profiles (B2SAP)
1,1
2023,01,10,2024,05,28
0
TIME_START,s,Seconds since midnight UTC on flight start day,Start time of 100 m altitude bin in UTC_seconds_since_midnight
28
1.0,1.0,1.0,1.0,1.0,1.0,1.0,1.0,1.0,1.0,1.0,1.0,1.0,1.0,1.0,1.0,1.0,1.0,1.0,1.0,1.0,1.0,1.0,1.0,1.0,1.0,1.0,1.0
99999,99999,99999,99999,99999,99999,99999,99999,99999,99999,99999,99999,99999,99999,99999,99999,99999,99999,99999,99999,99999,99999,99999,99999,99999,99999,99999,99999
TIME_STOP,s,End time of 100 m altitude bin in UTC seconds since midnight,
TIME_MID,s,Mid time of 100 m altitude in UTC seconds since midnight,
GPSAlt,m,GPS reported altitude above sea level (m),
GPS_Lon,deg,GPS reported longitude,
GPS_Lat,deg,GPS reported latitude,
iMet_Pressure,mb,Pressure reported (mB),
iMet_Temperature,degrees C,Ambient temperature (oC),
THETA,K,Potential temperature from iMet,
Aerosol_concentration,cm^-3,Aerosol concentration,
Surface_Area_Conc,um^2 cm^-3,Surface area concentration,
Volume_density,um^3 cm^-3,Volume density,
Effective_radius,um,Effective radius,
Extinction,km^-1,Extinction,
Bin01,cm^-3,particle concentration in size range [140 - 170 nm],
Bin02,cm^-3,particle concentration in size range [170 - 205 nm],
Bin03,cm^-3,particle concentration in size range [205 - 249 nm],
Bin04,cm^-3,particle concentration in size range [249 - 302 nm],
Bin05,cm^-3,particle concentration in size range [302 - 366 nm],
Bin06,cm^-3,particle concentration in size range [366 - 443 nm],
Bin07,cm^-3,particle concentration in size range [443 - 537 nm],
Bin08,cm^-3,particle concentration in size range [537 - 651 nm],
Bin09,cm^-3,particle concentration in size range [651 - 789 nm],
Bin10,cm^-3,particle concentration in size range [789 - 956 nm],
Bin11,cm^-3,particle concentration in size range [956 - 1159 nm],
Bin12,cm^-3,particle concentration in size range [1159 - 1404 nm],
Bin13,cm^-3,particle concentration in size range [1404 - 1702 nm],
Bin14,cm^-3,particle concentration in size range [1702 - 2062 nm],
Bin15,cm^-3,particle concentration in size range [2062 - 2500 nm],
0
19
PI_CONTACT_INFO: 325 Broadway R/CSL6, Boulder, CO 80305; troy.thornberry@noaa.gov; 303-497-3373 
PLATFORM: GML ECC/FPH balloon
LOCATION: Boulder, CO, USA
ASSOCIATED_DATA: N/A
INSTRUMENT_INFO: Printed Optical Particle Spectrometer counts particles from 140 - 2500 nm in diameter 
DATA_INFO: Particle concentrations reported in number per cubic centimeter, binned to 100 m altitude
UNCERTAINTY: Counting uncertainty dominated by air flow, less than 5 percent
ULOD_FLAG: -77777
ULOD_VALUE: 3000 ~3000 per cm3 (varies depending on flow rate- manufacturer quotes 1250  per cm3 at 1.667 cc/s)
LLOD_FLAG: -88888
LLOD_VALUE: 0 0 (varies depending on data field and measurement precision)
DM_CONTACT_INFO: Troy Thornberry, 325 Broadway R/CSL6, Boulder, CO 80305; troy.thornberry@noaa.gov; 303-497-3373
PROJECT_INFO: B2SAP Boulder, CO, USA
STIPULATIONS_ON_USE: Please contact the PIs for questions regarding applications and uncertainties
OTHER_COMMENTS: POPS bin Edges (nm):  140, 170, 205, 249, 302, 366, 443, 537, 651, 789, 956, 1159, 1404, 1702, 2062, 2500
Calculations assume sulfate refractive index of 1.45+0.00j and extinction wavelength = 532 nm
REVISION: R0
R0: QA/QC data
TIME_START,TIME_STOP,TIME_MID,GPSAlt,GPS_Lon,GPS_Lat,iMet_Pressure,iMet_Temperature,THETA,Aerosol_concentration,Surface_Area_Conc,Volume_density,Effective_radius,Extinction,Bin01,Bin02,Bin03,Bin04,Bin05,Bin06,Bin07,Bin08,Bin09,Bin10,Bin11,Bin12,Bin13,Bin14,Bin15
[from data line 319]
69717,69732,69724,22.3,-104.182,40.0908,35.1827,-57.0018,562.457,2.75854,0.775392,53.9602,0.208773,0.000394513,0.663111,0.424391,0.503964,0.397866,0.265244,0.212195,0.0795733,0.159147,0.0530489,0,0,0,0,0,0
69733,69750,69742,22.2,-104.184,40.0905,35.7993,-56.7014,560.449,2.55668,0.607049,35.3562,0.174729,0.000230179,0.639171,0.412368,0.39175,0.39175,0.288658,0.329895,0.0206184,0.0824737,0,0,0,0,0,0,0
69752,69768,69760,22.1,-104.185,40.0904,36.4208,-56.8167,557.399,2.59688,0.788148,54.871,0.208861,0.000405465,0.476492,0.547966,0.285895,0.381193,0.333544,0.238246,0.166772,0.119123,0.0476492,0,0,0,0,0,0
69768,69786,69777,22,-104.187,40.0903,37.0554,-56.7715,554.778,2.82976,0.751532,49.9848,0.199532,0.000357956,0.718325,0.500651,0.413581,0.326511,0.435348,0.152372,0.130604,0.108837,0.0435348,0,0,0,0,0,0
69789,69804,69796,21.9,-104.188,40.0902,37.6977,-56.7669,552.062,2.86882,0.674647,44.5779,0.198228,0.000297797,0.80414,0.673739,0.412937,0.304269,0.282536,0.173868,0.108668,0.0869341,0,0.0217335,0,0,0,0,0
69804,69823,69814,21.8,-104.19,40.09,38.2764,-56.64,549.995,2.88372,0.746533,48.703,0.195717,0.000351754,0.775621,0.536968,0.377867,0.417642,0.298316,0.139214,0.198877,0.119326,0.0198877,0,0,0,0,0,0
69824,69841,69832,21.7,-104.191,40.0896,38.935,-56.9086,546.639,2.88695,0.795589,53.935,0.203378,0.000397706,0.71185,0.632756,0.375699,0.276831,0.316378,0.197736,0.237283,0.0988681,0.0395472,0,0,0,0,0,0
69842,69859,69850,21.6,-104.191,40.0894,39.6092,-57.2723,543.049,2.39512,0.620659,38.9363,0.188202,0.000274865,0.546255,0.504236,0.294138,0.336157,0.273128,0.210098,0.126059,0.105049,0,0,0,0,0,0,0
69862,69877,69870,21.5,-104.192,40.0894,40.2917,-57.3925,540.109,3.11533,0.77824,51.5507,0.19872,0.000346951,0.795888,0.704929,0.432053,0.341095,0.295615,0.318355,0.113698,0.0909586,0,0.0227396,0,0,0,0,0
69878,69894,69886,21.4,-104.193,40.0895,40.9331,-57.8669,536.484,2.79375,0.671945,41.578,0.185631,0.000292155,0.693186,0.630169,0.441118,0.273073,0.378101,0.105028,0.147039,0.126034,0,0,0,0,0,0,0
69897,69913,69905,21.3,-104.193,40.0897,41.6331,-58.07,533.398,2.47911,0.641398,42.669,0.199575,0.000305771,0.785052,0.330548,0.454504,0.247911,0.144615,0.28923,0.123956,0.0619778,0.0413185,0,0,0,0,0,0
69913,69929,69921,21.2,-104.194,40.0897,42.3008,-57.9,531.394,2.8412,0.688825,40.6678,0.177118,0.000277462,0.65883,0.597064,0.452945,0.329415,0.267649,0.267649,0.247061,0.0205884,0,0,0,0,0,0,0
69931,69946,69938,21.1,-104.194,40.0898,43.0164,-57.79,529.122,2.78666,0.711278,46.454,0.195932,0.000332965,0.790809,0.546035,0.376576,0.282432,0.301261,0.188288,0.207117,0.0564864,0.0376576,0,0,0,0,0,0
69948,69966,69957,21,-104.195,40.0896,43.67,-57.8869,526.618,3.06354,0.896594,62.4057,0.208809,0.000479302,0.892688,0.446344,0.426056,0.385479,0.24346,0.142019,0.284037,0.24346,0,0,0,0,0,0,0
69967,69985,69976,20.9,-104.196,40.089,44.5316,-58.5247,522.124,3.53212,0.897988,54.2772,0.181329,0.000370941,0.817236,0.595613,0.526355,0.415544,0.581761,0.318583,0.166217,0.110812,0,0,0,0,0,0,0
69985,70004,69994,20.8,-104.196,40.0883,45.2742,-59.4605,517.407,3.05731,0.834779,54.4314,0.195614,0.000391617,0.726626,0.534687,0.479847,0.356458,0.301618,0.315328,0.233069,0.0822595,0.0274198,0,0,0,0,0,0
70011,70023,70017,20.7,-104.196,40.0878,46.1277,-59.9454,513.471,3.19322,0.958534,67.2155,0.21037,0.000506509,0.763159,0.562328,0.401663,0.441829,0.301247,0.240998,0.261081,0.180748,0.0401663,0,0,0,0,0,0
70024,70042,70033,20.6,-104.196,40.0876,46.8075,-59.7287,511.856,3.29769,0.944522,67.2474,0.213592,0.000487998,0.789341,0.57885,0.526227,0.491146,0.263114,0.210491,0.245573,0.140327,0.0350818,0.0175409,0,0,0,0,0
70043,70062,70052,20.5,-104.196,40.0873,47.6205,-59.7505,509.301,3.25334,1.03795,77.8492,0.225008,0.000584905,0.673598,0.616271,0.487284,0.444288,0.300969,0.200646,0.272306,0.171983,0.0716594,0.0143319,0,0,0,0,0
70063,70080,70072,20.4,-104.196,40.0869,48.4174,-59.1868,508.217,3.4497,1.05077,83.3688,0.238022,0.000531248,0.888788,0.527247,0.482055,0.46699,0.406734,0.256091,0.225963,0.120514,0.0451926,0.0150642,0,0.0150642,0,0,0
70081,70098,70090,20.3,-104.196,40.087,49.24,-60.51,502.659,3.63139,1.10047,76.0464,0.207311,0.000547295,0.655889,0.703881,0.431927,0.495916,0.527911,0.351941,0.303949,0.111981,0.0319946,0.0159973,0,0,0,0,0
70102,70117,70110,20.2,-104.195,40.0875,50.19,-59.654,501.923,3.671,1.00448,66.6277,0.198991,0.000470021,0.707432,0.650073,0.650073,0.592714,0.401516,0.325037,0.191198,0.0764792,0.0764792,0,0,0,0,0,0
70118,70136,70127,20.1,-104.195,40.0881,50.9568,-58.4268,502.629,3.64702,1.06628,78.1086,0.21976,0.000563801,0.855474,0.600332,0.615341,0.540299,0.330183,0.285158,0.225125,0.0600332,0.120066,0.0150083,0,0,0,0,0
70137,70154,70146,20,-104.195,40.0889,51.7669,-59.1208,498.765,3.65305,1.14428,82.4784,0.216237,0.000600228,0.770222,0.594171,0.462133,0.506146,0.462133,0.374108,0.264076,0.154044,0.0440127,0.0220063,0,0,0,0,0
70155,70172,70164,19.9,-104.195,40.0896,52.7072,-60.2611,493.547,3.53191,1.19536,93.5119,0.234688,0.000689393,0.735149,0.575334,0.463463,0.463463,0.479445,0.351593,0.11187,0.223741,0.095889,0.031963,0,0,0,0,0
70173,70190,70182,19.8,-104.195,40.0901,53.5531,-59.2069,493.747,3.30228,0.976594,66.6365,0.204701,0.000492928,0.770532,0.418289,0.55038,0.484334,0.352243,0.308213,0.176122,0.220152,0.0220152,0,0,0,0,0,0
70191,70208,70200,19.7,-104.195,40.0906,54.3508,-59.8017,490.302,3.42096,1.18123,87.398,0.221966,0.000672542,0.765529,0.43061,0.43061,0.382764,0.478456,0.358842,0.239228,0.263151,0.0717683,0,0,0,0,0,0
70209,70227,70218,19.6,-104.194,40.0911,55.3105,-59.9358,487.542,3.86524,1.3559,113.578,0.251296,0.00077085,0.845522,0.588846,0.634141,0.347268,0.468057,0.377465,0.332169,0.135887,0.075493,0.0452958,0.0150986,0,0,0,0
70228,70245,70236,19.5,-104.193,40.0914,56.2525,-60.4367,484.066,3.50805,1.10296,84.3701,0.229482,0.000621241,0.840971,0.624721,0.576666,0.288333,0.384444,0.360416,0.144166,0.168194,0.0961109,0.0240277,0,0,0,0,0
70246,70259,70252,19.4,-104.193,40.0918,57.0536,-60.1871,482.668,3.72247,1.11644,82.2691,0.221067,0.000557058,0.658117,0.760947,0.370191,0.678683,0.596418,0.308492,0.143963,0.143963,0,0.0616984,0,0,0,0,0
70260,70283,70272,19.3,-104.193,40.0927,58.1972,-59.3778,481.77,3.40529,0.866043,57.021,0.197522,0.000388362,0.907017,0.636503,0.477377,0.42964,0.350077,0.334164,0.175038,0.0477377,0.0318252,0.0159126,0,0,0,0,0
70289,70303,70296,19.2,-104.192,40.0937,59.3087,-59.374,479.176,4.62093,1.45941,111.794,0.229807,0.000738251,0.80198,0.897453,0.649222,0.649222,0.649222,0.40099,0.305516,0.152758,0.0954738,0,0.0190948,0,0,0,0
70304,70323,70314,19.1,-104.192,40.0945,60.1325,-59.3475,477.351,4.07075,1.26678,101.203,0.239669,0.000669566,0.917351,0.774015,0.559011,0.530344,0.473009,0.329673,0.243671,0.114669,0.0860017,0.0286672,0.0143336,0,0,0,0
70324,70344,70334,19,-104.191,40.095,61.2219,-58.6769,476.408,4.35373,1.31164,101.5,0.232152,0.000704406,1.0349,0.660196,0.802942,0.499608,0.570981,0.321177,0.214118,0.107059,0.0713726,0.0713726,0,0,0,0,0
70345,70357,70351,18.9,-104.19,40.0951,62.0069,-59.2492,473.395,4.35987,1.35364,100.459,0.222642,0.000732235,0.902802,0.902802,0.572508,0.528469,0.50645,0.286254,0.374332,0.220196,0.0220196,0.0440391,0,0,0,0,0
70369,70382,70376,18.8,-104.189,40.0952,63.235,-61.8379,465.063,4.18084,1.20355,89.0416,0.221947,0.000652572,1.17974,0.869283,0.538127,0.289761,0.476036,0.331155,0.227669,0.14488,0.103486,0.0206972,0,0,0,0,0
70406,70406,70406,18.7,-104.187,40.0954,64.87,-63.1,458.915,4.66403,0.787207,41.9179,0.159747,0.00026883,2.33202,1.16601,0,0.583004,0,0.291502,0.291502,0,0,0,0,0,0,0,0
70408,70421,70414,18.6,-104.187,40.0953,65.2279,-62.1607,460.244,4.0214,1.0173,68.0592,0.200705,0.000469575,1.05717,0.725511,0.725511,0.497493,0.37312,0.290204,0.165831,0.145102,0.0207289,0.0207289,0,0,0,0,0
70427,70445,70436,18.5,-104.187,40.095,66.4415,-62.5575,456.977,4.07052,1.03396,81.1357,0.235412,0.000483807,1.29384,0.785028,0.581502,0.450664,0.436127,0.276214,0.0726878,0.0726878,0.0436127,0.0436127,0.0145376,0,0,0,0
70446,70464,70455,18.4,-104.186,40.0944,67.5437,-61.8837,456.282,4.65733,1.0129,71.0325,0.210383,0.000406866,1.40483,1.17579,0.794037,0.458098,0.305399,0.274859,0.0763497,0.12216,0.0152699,0.0152699,0.0152699,0,0,0,0
70465,70486,70476,18.3,-104.186,40.0936,68.8946,-60.9577,455.7,4.12861,1.3813,140.832,0.305867,0.000719596,1.10984,0.954464,0.599315,0.377346,0.377346,0.221968,0.199772,0.110984,0.0887874,0.0221968,0.0221968,0.0443937,0,0,0
70487,70506,70496,18.2,-104.185,40.0931,69.8569,-60.6344,454.593,5.15014,1.15141,77.4205,0.20172,0.000513352,1.71071,1.08045,0.810337,0.486202,0.486202,0.252105,0.126052,0.108045,0.0540225,0.036015,0,0,0,0,0
70507,70527,70517,18.1,-104.184,40.0923,71.0789,-60.4133,452.807,5.11638,1.22006,84.5925,0.208003,0.00058391,1.65673,1.072,0.633457,0.747154,0.357335,0.227395,0.12994,0.211152,0.0487274,0.032485,0,0,0,0,0
70528,70547,70538,18,-104.182,40.0915,72.2187,-60.4647,450.653,4.69154,1.08233,80.859,0.224124,0.000481637,1.62071,1.06626,0.746382,0.383853,0.298553,0.191927,0.170602,0.149276,0.0426504,0,0.0213252,0,0,0,0
70554,70570,70562,17.9,-104.18,40.0913,73.3357,-62.0607,445.317,4.37402,0.894865,64.9081,0.217602,0.000336068,1.68055,0.920847,0.667614,0.368339,0.39136,0.138127,0.0690635,0.0920847,0.0230212,0,0.0230212,0,0,0,0
70571,70593,70582,17.8,-104.176,40.0922,74.6118,-66.0812,434.68,4.58642,0.898478,66.599,0.222373,0.000373283,2.12872,0.928895,0.561207,0.406391,0.19352,0.116112,0.0967599,0.0580559,0.0774079,0,0.019352,0,0,0,0
70594,70616,70605,17.7,-104.172,40.0937,75.9918,-66.2771,432.008,5.04711,1.12927,99.6441,0.264714,0.000501982,2.03045,1.39231,0.580127,0.309401,0.232051,0.232051,0.116025,0.0386752,0.0193376,0.0580127,0.0386752,0,0,0,0
70617,70638,70628,17.6,-104.169,40.095,77.2676,-66.7747,428.916,5.07182,1.02681,75.4358,0.220398,0.00044754,2.18746,1.21956,0.677533,0.271013,0.251655,0.0967905,0.154865,0.135507,0.0580743,0,0.0193581,0,0,0,0
70641,70658,70650,17.5,-104.167,40.0967,78.6375,-66.5619,427.209,5.29292,0.930847,71.7309,0.23118,0.000335976,2.50285,1.41555,0.635971,0.184637,0.205152,0.164122,0.0820608,0.0205152,0.0410304,0.0205152,0,0,0.0205152,0,0
70659,70679,70669,17.4,-104.164,40.0983,79.9471,-65.5929,427.198,5.42392,0.784417,41.0672,0.157061,0.000242689,2.7821,1.07543,0.8884,0.280547,0.163653,0.0701369,0.0467579,0.0701369,0.0467579,0,0,0,0,0,0
70680,70698,70689,17.3,-104.162,40.0995,81.23,-64.8382,426.793,4.65556,0.728163,38.2131,0.157436,0.000228738,2.46122,0.91925,0.355839,0.326186,0.207573,0.266879,0.0593065,0.0296532,0.0296532,0,0,0,0,0,0
70699,70718,70708,17.2,-104.159,40.1008,82.62,-64.3082,425.818,5.64189,1.00277,69.8982,0.209115,0.000365224,2.40976,1.41525,0.879752,0.420751,0.0956253,0.191251,0.11475,0.0382501,0.0382501,0.0191251,0.0191251,0,0,0,0
70719,70736,70728,17.1,-104.156,40.1019,84.0964,-64,424.298,5.76165,1.15509,92.1994,0.239461,0.00049869,2.62527,1.27778,0.8596,0.209092,0.348487,0.139395,0.162627,0.0232324,0.0232324,0.0696973,0.0232324,0,0,0,0
70737,70742,70740,17,-104.155,40.1024,84.9467,-63.7917,423.487,6.55626,0.948898,43.8425,0.138611,0.000232942,2.87175,1.78807,0.650208,0.54184,0.433472,0.108368,0.108368,0.054184,0,0,0,0,0,0,0
70773,70776,70774,16.9,-104.15,40.1036,87.4875,-62.715,422.108,6.44485,0.907497,41.5188,0.137253,0.000224416,2.98074,1.61121,0.886167,0.402803,0.241682,0.0805606,0.241682,0,0,0,0,0,0,0,0
70777,70793,70785,16.8,-104.149,40.104,88.2765,-61.3753,423.707,5.89552,1.09924,78.9713,0.215525,0.000431866,2.78766,1.35616,0.565066,0.489724,0.226026,0.188355,0.0941777,0.113013,0.0376711,0.0188355,0,0.0188355,0,0,0
70794,70815,70804,16.7,-104.147,40.1048,89.7313,-60.9387,422.594,5.85167,0.949143,52.2729,0.165221,0.000330952,2.83596,1.29815,0.838806,0.119829,0.279602,0.239659,0.119829,0.0798863,0.0399432,0,0,0,0,0,0
70816,70840,70828,16.6,-104.146,40.1058,91.3052,-60.619,421.14,6.50971,1.31575,107.735,0.245644,0.000518178,3.13318,1.35366,0.684432,0.410659,0.349821,0.273773,0.136886,0.076048,0.0152096,0.0304192,0.0304192,0.0152096,0,0,0
70841,70860,70850,16.5,-104.144,40.1066,92.8267,-60.466,419.459,5.94739,0.973551,58.7857,0.181148,0.000340419,2.82501,1.31692,0.722183,0.446054,0.276129,0.212407,0.063722,0,0.0424814,0.0424814,0,0,0,0,0
70861,70881,70871,16.4,-104.142,40.1071,94.3424,-60.0676,418.298,5.98941,1.08273,74.6925,0.206956,0.000427324,3.17196,1.17549,0.578416,0.279879,0.223903,0.26122,0.13061,0.093293,0.0559758,0,0.0186586,0,0,0,0
70884,70900,70892,16.3,-104.141,40.1073,95.9113,-59.2647,417.906,6.19764,0.936701,48.9138,0.156658,0.000271712,2.92902,1.33716,0.848991,0.466945,0.318372,0.106124,0.127349,0.0424496,0,0.0212248,0,0,0,0,0
70902,70922,70912,16.2,-104.139,40.1074,97.4235,-58.6194,417.298,6.51291,1.00492,51.7916,0.154614,0.000308272,3.01563,1.50781,0.837674,0.481662,0.293186,0.146593,0.104709,0.104709,0.0209418,0,0,0,0,0,0
70923,70945,70934,16.1,-104.136,40.1073,99.1061,-57.7867,416.867,6.47288,1.19579,90.531,0.227124,0.000482388,3.29528,1.37303,0.706132,0.235377,0.41191,0.235377,0.0392296,0.0588444,0.0392296,0.0588444,0,0.0196148,0,0,0
70946,70967,70956,16,-104.133,40.1068,100.657,-57.8613,414.884,6.82753,1.04084,57.9757,0.167103,0.000343919,3.30745,1.79548,0.75599,0.307121,0.259871,0.165373,0.118123,0.070874,0.0236247,0.0236247,0,0,0,0,0
70968,70986,70977,15.9,-104.129,40.1064,102.221,-57.8281,413.124,6.75369,1.34184,102.279,0.22867,0.000553509,2.84714,1.65532,0.75041,0.684197,0.331063,0.176567,0.0441418,0.176567,0,0.0662126,0,0.0220709,0,0,0
70989,71006,70998,15.8,-104.125,40.1061,104.034,-57.1757,412.294,7.21738,1.12135,73.1235,0.195631,0.000326523,3.52067,1.73519,0.905316,0.42751,0.32692,0.125738,0.075443,0.0251477,0.0502953,0,0,0.0251477,0,0,0
71007,71024,71016,15.7,-104.121,40.1058,105.699,-57.075,410.625,7.6916,1.38248,108.776,0.236044,0.000496496,3.97148,1.6087,0.854622,0.427311,0.326767,0.226224,0.12568,0.0502719,0.0251359,0.0251359,0.0502719,0,0,0,0
71027,71047,71037,15.6,-104.116,40.1052,107.406,-56.8188,409.234,7.48638,1.13515,61.8457,0.163447,0.000363298,3.7535,1.87675,0.701204,0.247484,0.515591,0.144366,0.164989,0.0206236,0.0412473,0.0206236,0,0,0,0,0
71048,71069,71058,15.5,-104.11,40.1045,109.185,-56.2947,408.298,7.06192,1.175,77.8834,0.198852,0.000401303,3.46901,1.69321,0.722711,0.474925,0.206489,0.247787,0.123893,0.0619467,0.0206489,0.0206489,0.0206489,0,0,0,0
71070,71093,71082,15.4,-104.103,40.104,110.912,-55.5865,407.804,7.78657,1.16515,64.9433,0.167214,0.000390219,4.34409,1.49584,0.84013,0.307365,0.389328,0.163928,0.0819639,0.102455,0.0409819,0.020491,0,0,0,0,0
71094,71117,71106,15.3,-104.096,40.1038,112.744,-55.2083,406.608,7.92079,1.27018,88.312,0.208581,0.000382549,4.07631,1.60348,1.06255,0.502294,0.328423,0.096595,0.115914,0.077276,0.019319,0,0.019319,0.019319,0,0,0
71118,71141,71130,15.2,-104.088,40.104,114.514,-54.4241,406.249,6.73597,1.01629,60.4067,0.178315,0.000252326,3.36798,1.38802,0.877717,0.428653,0.326592,0.224532,0.0816481,0.020412,0,0,0,0.020412,0,0,0
71142,71166,71154,15.1,-104.079,40.1046,116.389,-53.3775,406.309,7.93403,1.2278,64.5776,0.157788,0.000381933,4.06209,1.69398,0.708704,0.587706,0.276568,0.276568,0.276568,0.0345709,0,0.0172855,0,0,0,0,0
71167,71190,71178,15,-104.07,40.1057,118.225,-52.6987,405.751,7.88658,1.26013,88.2937,0.210201,0.000426441,4.41648,1.73505,0.602248,0.387159,0.344142,0.143392,0.0860354,0.0860354,0.0430177,0.0143392,0,0.0286785,0,0,0
71191,71210,71200,14.9,-104.06,40.1069,120.411,-53.24,402.632,8.42776,1.57769,148.146,0.281702,0.000540098,4.35487,2.16177,0.626599,0.532609,0.3133,0.15665,0.0939899,0.0626599,0.03133,0,0.0626599,0,0.03133,0,0
71211,71230,71220,14.8,-104.053,40.1082,121.963,-52.909,401.767,7.89736,1.05829,52.7029,0.1494,0.000298796,4.45625,1.75497,0.757046,0.292495,0.344112,0.137645,0,0.103234,0.0516168,0,0,0,0,0,0
