data/B2SAP/Locations/Boulder/NOAA-POPS-B2SAP_GMLBalloon_20211022_R0.ict
61,1001
Thornberry, T. D.
NOAA Chemical Sciences Laboratory
Portable Optical Particle Spectrometer (POPS)
Balloon Baseline Stratospheric Aerosol Profiles (B2SAP)
1,1
2021,10,22,2024,05,28
0
TIME_START,s,Seconds since midnight UTC on flight start day,Start time of 100 m altitude bin in UTC_seconds_since_midnight
28
1.0,1.0,1.0,1.0,1.0,1.0,1.0,1.0,1.0,1.0,1.0,1.0,1.0,1.0,1.0,1.0,1.0,1.0,1.0,1.0,1.0,1.0,1.0,1.0,1.0,1.0,1.0,1.0
99999,99999,99999,99999,99999,99999,99999,99999,99999,99999,99999,99999,99999,99999,99999,99999,99999,99999,99999,99999,99999,99999,99999,99999,99999,99999,99999,99999
TIME_STOP,s,End time of 100 m altitude bin in UTC seconds since midnight,
TIME_MID,s,Mid time of 100 m altitude in UTC seconds since midnight,
GPSAlt,m,GPS reported altitude above sea level (m),
GPS_Lon,deg,GPS reported longitude,
GPS_Lat,deg,GPS reported latitude,
iMet_Pressure,mb,Pressure reported (mB),
iMet_Temperature,degrees C,Ambient temperature (oC),
THETA,K,Potential temperature from iMet,
Aerosol_concentration,cm^-3,Aerosol concentration,
Surface_Area_Conc,um^2 cm^-3,Surface area concentration,
Volume_density,um^3 cm^-3,Volume density,
Effective_radius,um,Effective radius,
Extinction,km^-1,Extinction,
Bin01,cm^-3,particle concentration in size range [140 - 170 nm],
Bin02,cm^-3,particle concentration in size range [170 - 205 nm],
Bin03,cm^-3,particle concentration in size range [205 - 249 nm],
Bin04,cm^-3,particle concentration in size range [249 - 302 nm],
Bin05,cm^-3,particle concentration in size range [302 - 366 nm],
Bin06,cm^-3,particle concentration in size range [366 - 443 nm],
Bin07,cm^-3,particle concentration in size range [443 - 537 nm],
Bin08,cm^-3,particle concentration in size range [537 - 651 nm],
Bin09,cm^-3,particle concentration in size range [651 - 789 nm],
Bin10,cm^-3,particle concentration in size range [789 - 956 nm],
Bin11,cm^-3,particle concentration in size range [956 - 1159 nm],
Bin12,cm^-3,particle concentration in size range [1159 - 1404 nm],
Bin13,cm^-3,particle concentration in size range [1404 - 1702 nm],
Bin14,cm^-3,particle concentration in size range [1702 - 2062 nm],
Bin15,cm^-3,particle concentration in size range [2062 - 2500 nm],
0
19
PI_CONTACT_INFO: 325 Broadway R/CSL6, Boulder, CO 80305; troy.thornberry@noaa.gov; 303-497-3373 
PLATFORM: GML ECC/FPH balloon
LOCATION: Boulder, CO, USA
ASSOCIATED_DATA: N/A
INSTRUMENT_INFO: Printed Optical Particle Spectrometer counts particles from 140 - 2500 nm in diameter 
DATA_INFO: Particle concentrations reported in number per cubic centimeter, binned to 100 m altitude
UNCERTAINTY: Counting uncertainty dominated by air flow, less than 5 percent
ULOD_FLAG: -77777
ULOD_VALUE: 3000 ~3000 per cm3 (varies depending on flow rate- manufacturer quotes 1250  per cm3 at 1.667 cc/s)
LLOD_FLAG: -88888
LLOD_VALUE: 0 0 (varies depending on data field and measurement precision)
DM_CONTACT_INFO: Troy Thornberry, 325 Broadway R/CSL6, Boulder, CO 80305; troy.thornberry@noaa.gov; 303-497-3373
PROJECT_INFO: B2SAP Boulder, CO, USA
STIPULATIONS_ON_USE: Please contact the PIs for questions regarding applications and uncertainties
OTHER_COMMENTS: POPS bin Edges (nm):  140, 170, 205, 249, 302, 366, 443, 537, 651, 789, 956, 1159, 1404, 1702, 2062, 2500
Calculations assume sulfate refractive index of 1.45+0.00j and extinction wavelength = 532 nm
REVISION: R0
R0: QA/QC data
TIME_START,TIME_STOP,TIME_MID,GPSAlt,GPS_Lon,GPS_Lat,iMet_Pressure,iMet_Temperature,THETA,Aerosol_concentration,Surface_Area_Conc,Volume_density,Effective_radius,Extinction,Bin01,Bin02,Bin03,Bin04,Bin05,Bin06,Bin07,Bin08,Bin09,Bin10,Bin11,Bin12,Bin13,Bin14,Bin15
[from data line 159]
61228,61251,61240,17.7,-104.645,39.7926,79.8038,-66.2524,426.06,10.1549,2.0311,113.776,0.168051,0.000597596,2.25503,2.24048,1.97861,1.84767,1.03295,0.523748,0.130937,0.130937,0,0,0,0.0145486,0,0,0
61252,61273,61262,17.8,-104.642,39.7921,78.4391,-66.5032,427.639,10.2274,2.0024,106.722,0.159891,0.000615902,2.41056,2.31302,1.8532,1.88107,0.989303,0.473751,0.139339,0.139339,0.0139339,0.0139339,0,0,0,0,0
61274,61295,61284,17.9,-104.639,39.7914,77.1717,-66.4472,429.748,12.1091,2.39501,126.575,0.158549,0.000748217,2.60575,2.84418,2.40138,2.21404,1.05592,0.527962,0.238435,0.204373,0.017031,0,0,0,0,0,0
61296,61317,61306,18,-104.636,39.7902,75.8895,-66.3752,431.968,11.8018,2.14248,111.079,0.155538,0.000525343,2.83009,2.4508,2.62586,2.24657,1.03575,0.393878,0.160469,0.0437643,0,0,0,0.0145881,0,0,0
61319,61341,61330,18.1,-104.635,39.7889,74.59,-66.1125,434.648,11.5164,2.2206,113.738,0.153658,0.000639011,2.43822,2.68357,2.3002,2.00885,1.31878,0.475376,0.168682,0.0766735,0.0460041,0,0,0,0,0,0
61342,61364,61353,18.2,-104.633,39.788,73.3121,-66.3989,436.203,11.4826,2.03358,95.4497,0.14081,0.000485685,2.42249,2.93928,2.26099,2.26099,1.00129,0.387598,0.161499,0.0484497,0,0,0,0,0,0,0
61365,61386,61376,18.3,-104.633,39.7875,72.1086,-67.1452,436.686,11.0315,2.05054,103.909,0.152023,0.00058135,2.57671,2.52303,2.3083,1.95937,0.979686,0.37577,0.161044,0.120783,0.0268407,0,0,0,0,0,0
61387,61409,61398,18.4,-104.631,39.7872,70.8624,-66.7224,439.763,10.869,2.06886,114.498,0.166031,0.000596296,2.39198,2.74683,2.35255,1.64284,1.01199,0.459996,0.14457,0.052571,0.052571,0,0,0.0131427,0,0,0
61410,61432,61421,18.5,-104.629,39.7873,69.6506,-63.8122,448.177,8.83205,1.74001,92.9111,0.16019,0.000540069,2.1512,1.86337,1.68157,1.59068,0.833212,0.378733,0.22724,0.0908959,0,0.0151493,0,0,0,0,0
61433,61456,61444,18.6,-104.625,39.7867,68.5055,-61.889,454.433,7.13946,1.53229,86.0156,0.168406,0.00054206,1.58504,1.49021,1.46312,1.11088,0.690915,0.419968,0.243853,0.108379,0.0270947,0,0,0,0,0,0
61457,61479,61468,18.7,-104.622,39.7854,67.4026,-60.4621,459.632,5.52394,1.07754,56.9784,0.158634,0.000333082,1.24324,1.29975,1.11609,0.932429,0.480342,0.268427,0.113022,0.0423831,0.0282554,0,0,0,0,0,0
61481,61505,61493,18.8,-104.619,39.7843,66.2985,-58.691,465.653,5.63375,1.21631,70.2852,0.173356,0.000446271,1.2357,1.30214,1.00982,0.956674,0.531485,0.318891,0.146159,0.0797228,0.0531485,0,0,0,0,0,0
61507,61528,61518,18.9,-104.618,39.7833,65.2294,-57.7789,469.801,5.24027,1.15428,67.0847,0.174355,0.000428444,1.18897,1.18897,0.85136,0.895396,0.455037,0.42568,0.10275,0.0880717,0.0440359,0,0,0,0,0,0
61529,61552,61540,19,-104.616,39.7819,64.1695,-57.6155,472.375,4.87386,1.11141,65.1005,0.175724,0.000423597,1.2812,0.832122,0.779289,0.76608,0.554748,0.409457,0.118875,0.105666,0.0264166,0,0,0,0,0,0
61553,61574,61564,19.1,-104.616,39.7803,63.1583,-57.7122,474.303,4.60465,1.10177,67.1694,0.182895,0.000452998,1.08864,0.926814,0.691432,0.7797,0.397206,0.411917,0.147113,0.132402,0.0294227,0,0,0,0,0,0
61576,61596,61586,19.2,-104.615,39.779,62.1165,-57.8865,476.179,5.07105,1.18794,70.1441,0.17714,0.000467926,1.31472,0.939083,0.735615,0.735615,0.579101,0.406936,0.250422,0.0939083,0.0156514,0,0,0,0,0,0
61597,61615,61606,19.3,-104.615,39.7785,61.1863,-57.0719,480.049,4.35925,0.927584,52.8867,0.171047,0.000338625,1.07738,0.928206,0.861905,0.563553,0.464103,0.232051,0.116026,0.0994506,0.0165751,0,0,0,0,0,0
61616,61634,61625,19.4,-104.614,39.7785,60.1206,-57.3982,481.73,4.31689,0.94097,53.8696,0.171747,0.000347019,1.18871,0.84461,0.625637,0.656919,0.469228,0.297178,0.140768,0.0782046,0.0156409,0,0,0,0,0,0
61635,61657,61646,19.5,-104.612,39.779,59.1518,-56.9653,484.952,5.53485,1.16734,63.0657,0.162076,0.000380309,1.32525,1.02901,0.951059,0.919877,0.779557,0.327414,0.124729,0.0623645,0.0155911,0,0,0,0,0,0
61658,61682,61670,19.6,-104.609,39.78,58.2395,-57.2084,486.553,5.00404,1.02199,55.7835,0.163749,0.000345659,1.24056,1.21268,0.83633,0.696942,0.47392,0.292716,0.195144,0.0418165,0.0139388,0,0,0,0,0,0
61683,61703,61693,19.7,-104.607,39.7809,57.245,-57.7338,487.768,5.35032,1.19416,67.5578,0.169721,0.000423714,1.1334,0.950058,0.983393,1.11673,0.550033,0.333354,0.200012,0.050003,0.0333354,0,0,0,0,0,0
61704,61724,61714,19.8,-104.605,39.7813,56.2393,-58.3113,488.929,4.23424,1.03242,60.6323,0.176184,0.000403182,0.868107,0.779525,0.708659,0.655509,0.566927,0.354329,0.194881,0.106299,0,0,0,0,0,0,0
61725,61745,61735,19.9,-104.603,39.7814,55.3794,-58.5372,490.564,4.78973,1.02239,57.5685,0.168923,0.000372097,1.15665,1.14182,0.771102,0.756273,0.385551,0.252091,0.237262,0.0889733,0,0,0,0,0,0,0
61746,61768,61757,20,-104.6,39.781,54.4726,-59.0137,491.801,5.1911,1.12246,65.8787,0.176074,0.000426366,1.25546,1.08618,1.02976,0.775843,0.521931,0.239806,0.11285,0.126956,0.0423187,0,0,0,0,0,0
61769,61789,61779,20.1,-104.598,39.7805,53.5872,-58.8839,494.399,4.77824,1.02511,54.7094,0.160108,0.000329069,1.05359,0.845837,0.890355,0.860676,0.59357,0.341303,0.148392,0.0445177,0,0,0,0,0,0,0
61790,61811,61800,20.2,-104.597,39.7796,52.7335,-58.8894,496.665,3.90155,0.905895,53.6601,0.177703,0.000350861,0.818067,0.865263,0.629282,0.660746,0.361837,0.346105,0.125856,0.0629282,0.0314641,0,0,0,0,0,0
61812,61831,61822,20.3,-104.595,39.7787,51.8413,-59.1387,498.511,3.86017,1.05472,68.4073,0.194575,0.000481093,0.839945,0.536135,0.661234,0.589749,0.536135,0.375295,0.107227,0.178712,0.0357424,0,0,0,0,0,0
61833,61853,61843,20.4,-104.594,39.7779,50.9069,-59.8819,499.364,4.49957,1.05348,60.8259,0.173214,0.000394512,1.04484,0.792059,0.690945,0.657241,0.741502,0.303342,0.185376,0.0674093,0.0168523,0,0,0,0,0,0
61854,61874,61864,20.5,-104.592,39.7772,50.1306,-59.9671,501.37,4.77365,1.18175,76.6144,0.194495,0.00051549,1.05906,0.964215,0.774533,0.79034,0.537431,0.284522,0.205488,0.079034,0.0632272,0.0158068,0,0,0,0,0
61876,61895,61886,20.6,-104.59,39.7764,49.3394,-59.3035,505.213,5.03962,1.26082,79.2501,0.188568,0.000547701,1.12167,0.932093,0.932093,0.742515,0.505542,0.379157,0.236973,0.142184,0.0473946,0,0,0,0,0,0
61896,61916,61906,20.7,-104.588,39.7748,48.4612,-58.8713,508.844,4.89873,1.17348,72.8403,0.186217,0.000494722,1.07369,1.00659,0.922705,0.687835,0.5704,0.2852,0.150988,0.150988,0.0503294,0,0,0,0,0,0
61917,61936,61926,20.8,-104.587,39.7729,47.708,-58.928,510.989,4.14304,0.936315,53.084,0.170084,0.000342529,0.821464,0.964328,0.660743,0.642885,0.571453,0.214295,0.178579,0.0892896,0,0,0,0,0,0,0
61937,61956,61946,20.9,-104.586,39.7709,46.944,-59.194,512.71,3.99689,0.953115,57.5767,0.181227,0.000395351,0.962516,0.864633,0.603612,0.587298,0.326277,0.309963,0.21208,0.130511,0,0,0,0,0,0,0
61957,61977,61967,21,-104.586,39.769,46.1506,-59.1394,515.353,3.57418,0.858732,53.7119,0.187644,0.000370267,0.931731,0.656794,0.595697,0.595697,0.229114,0.274937,0.152743,0.10692,0.0305486,0,0,0,0,0,0
61978,62000,61989,21.1,-104.587,39.7672,45.3732,-59.2553,517.57,3.35094,0.779144,45.4448,0.17498,0.000302162,0.860204,0.590587,0.526393,0.500715,0.385166,0.243938,0.166905,0.0770332,0,0,0,0,0,0,0
62001,62021,62011,21.2,-104.587,39.766,44.6483,-59.6778,518.94,3.47727,0.797699,45.1394,0.169761,0.000292994,0.995455,0.545455,0.45,0.477273,0.477273,0.313636,0.190909,0.0272727,0,0,0,0,0,0,0
62022,62042,62032,21.3,-104.587,39.765,43.9121,-59.4105,522.06,2.90421,0.629801,36.4551,0.17365,0.00023356,0.822431,0.578272,0.334113,0.552571,0.26986,0.192757,0.102804,0.025701,0.025701,0,0,0,0,0,0
62043,62060,62052,21.4,-104.586,39.764,43.1973,-58.7593,526.108,2.79081,0.621336,33.6709,0.162573,0.00020643,0.652821,0.571219,0.342731,0.408013,0.424334,0.29377,0.0816027,0.0163205,0,0,0,0,0,0,0
62062,62081,62072,21.5,-104.586,39.763,42.4544,-58.33,529.789,2.95671,0.663601,36.0388,0.162924,0.000219378,0.655352,0.533426,0.350537,0.548667,0.563908,0.19813,0.060963,0.0457222,0,0,0,0,0,0,0
62082,62100,62091,21.6,-104.586,39.7623,41.7543,-57.8529,533.482,3.15189,0.664256,37.6925,0.170232,0.000240605,0.975172,0.487586,0.522413,0.470172,0.400517,0.156724,0.0174138,0.121896,0,0,0,0,0,0,0
62103,62122,62112,21.7,-104.586,39.7619,41.0493,-58.014,535.697,2.99683,0.676552,38.1017,0.168952,0.000244512,0.680362,0.631765,0.437376,0.453575,0.404977,0.210588,0.129593,0.0485973,0,0,0,0,0,0,0
62123,62142,62132,21.8,-104.585,39.7615,40.3638,-57.65,539.181,2.93444,0.639387,36.5015,0.171265,0.000236336,0.760217,0.668991,0.45613,0.319291,0.3497,0.197656,0.152043,0.0152043,0.0152043,0,0,0,0,0,0
62144,62163,62154,21.9,-104.584,39.7612,39.7469,-57.3175,542.397,3.03339,0.748974,45.2247,0.181147,0.000304435,0.682513,0.561177,0.379174,0.515676,0.470175,0.19717,0.136503,0.0758347,0.0151669,0,0,0,0,0,0
62165,62183,62174,22,-104.584,39.7607,39.0565,-57.8912,543.671,2.99464,0.704799,39.0949,0.166409,0.000244401,0.587466,0.444181,0.558809,0.45851,0.587466,0.214926,0.100299,0.0429853,0,0,0,0,0,0,0
62185,62205,62195,22.1,-104.583,39.7597,38.4161,-58.0239,545.906,3.11618,0.755252,44.7673,0.177824,0.000290957,0.58259,0.48775,0.650334,0.541945,0.447104,0.230326,0.0948403,0.0541945,0.0270972,0,0,0,0,0,0
62206,62225,62216,22.2,-104.582,39.7585,37.7647,-57.7532,549.276,3.04751,0.703653,41.5484,0.17714,0.000276368,0.804024,0.505757,0.596534,0.376076,0.298267,0.259363,0.14265,0.0518725,0.0129681,0,0,0,0,0,0
62227,62247,62237,22.3,-104.581,39.7576,37.1295,-57.4732,552.654,2.91107,0.659698,36.6477,0.166657,0.000230307,0.635142,0.608678,0.396964,0.476357,0.383732,0.277875,0.0926249,0.0396964,0,0,0,0,0,0,0
62249,62268,62258,22.4,-104.581,39.7567,36.5281,-56.785,557.021,2.60041,0.556072,30.0958,0.162366,0.000184425,0.602534,0.570822,0.348836,0.348836,0.523254,0.095137,0.0634247,0.0475685,0,0,0,0,0,0,0
62269,62290,62280,22.5,-104.58,39.756,35.9078,-56.4878,560.511,2.8706,0.598339,32.1965,0.16143,0.000196523,0.799768,0.45701,0.5427,0.357039,0.428447,0.171379,0.0714078,0.0428447,0,0,0,0,0,0,0
62291,62309,62300,22.6,-104.58,39.7555,35.294,-56.3993,563.518,2.68712,0.639022,38.6906,0.18164,0.000259194,0.606768,0.520087,0.485414,0.329388,0.41607,0.156026,0.0693449,0.0866811,0.0173362,0,0,0,0,0,0
62310,62328,62319,22.7,-104.579,39.7549,34.738,-56.7933,565.045,2.91809,0.766429,46.4565,0.181843,0.0003175,0.492207,0.474629,0.544944,0.509786,0.386734,0.246104,0.175788,0.0878942,0,0,0,0,0,0,0
62329,62348,62338,22.8,-104.579,39.7539,34.1459,-57.18,566.817,2.54232,0.623862,39.0844,0.187947,0.000272405,0.56847,0.56847,0.410561,0.410561,0.157908,0.18949,0.142117,0.0789541,0.0157908,0,0,0,0,0,0
62350,62369,62360,22.9,-104.579,39.753,33.5756,-57.435,568.876,2.26207,0.478665,26.921,0.168725,0.000172592,0.544258,0.578274,0.374178,0.306145,0.153073,0.187089,0.0680323,0.0510242,0,0,0,0,0,0,0
62370,62391,62380,23,-104.578,39.7524,33.0078,-57.6544,571.072,2.67578,0.564187,33.3359,0.17726,0.000199376,0.845792,0.430585,0.338317,0.445963,0.384451,0.15378,0.015378,0.0461341,0,0.015378,0,0,0,0,0
62392,62411,62402,23.1,-104.577,39.7517,32.4637,-57.1056,575.257,2.68675,0.510611,25.4046,0.14926,0.00014004,0.593178,0.68041,0.453606,0.488499,0.226803,0.19191,0.0348928,0.0174464,0,0,0,0,0,0,0
62414,62435,62424,23.2,-104.576,39.7502,31.9521,-56.8321,578.598,2.41564,0.543632,32.8963,0.181536,0.00020472,0.656101,0.521898,0.253493,0.32805,0.372785,0.164025,0.0894683,0.0149114,0,0.0149114,0,0,0,0,0
62436,62456,62446,23.3,-104.576,39.7484,31.3888,-56.7788,581.699,2.31122,0.449021,24.925,0.166529,0.000152854,0.764741,0.356879,0.543816,0.237919,0.169942,0.169942,0.0169942,0.0339885,0.0169942,0,0,0,0,0,0
62458,62476,62467,23.4,-104.575,39.7468,30.8837,-57.0463,583.666,2.26151,0.389688,17.9298,0.138032,8.88156e-05,0.633223,0.470394,0.43421,0.379934,0.199013,0.126645,0.0180921,0,0,0,0,0,0,0,0
62478,62498,62488,23.5,-104.574,39.7453,30.3256,-57.3931,585.788,2.32376,0.465517,24.8856,0.160374,0.000151175,0.645489,0.553276,0.258195,0.368851,0.276638,0.129098,0.0553276,0.0368851,0,0,0,0,0,0,0
62499,62518,62508,23.6,-104.574,39.7441,29.825,-57.7044,587.718,2.24735,0.506286,30.8489,0.182795,0.000207133,0.692934,0.449471,0.243463,0.280919,0.337103,0.112368,0.0374559,0.0749118,0.018728,0,0,0,0,0,0
62519,62538,62528,23.7,-104.573,39.7432,29.3238,-58.0862,589.536,2.29057,0.544199,34.0033,0.18745,0.000230666,0.61958,0.413053,0.356728,0.356728,0.206527,0.168976,0.112651,0.0187751,0.0375503,0,0,0,0,0,0
62539,62558,62548,23.8,-104.571,39.7419,28.8547,-58.3688,591.472,2.51724,0.514825,27.0586,0.157676,0.000160531,0.64729,0.485467,0.395566,0.467487,0.233743,0.197783,0.0719211,0.0179803,0,0,0,0,0,0,0
62559,62579,62569,23.9,-104.57,39.7403,28.3253,-58.1858,595.124,2.14669,0.423406,21.3093,0.150985,0.00011887,0.54077,0.426061,0.344127,0.32774,0.32774,0.147483,0.016387,0.016387,0,0,0,0,0,0,0
62580,62600,62590,24,-104.568,39.7386,27.8811,-58.3537,597.344,2.21188,0.396776,19.277,0.145752,0.00010399,0.709784,0.412665,0.363145,0.280612,0.313625,0.0990396,0.0165066,0.0165066,0,0,0,0,0,0,0
62601,62621,62611,24.1,-104.567,39.7367,27.386,-58.782,599.216,1.81957,0.384065,21.2454,0.165951,0.00013516,0.522864,0.376462,0.250975,0.250975,0.188231,0.125487,0.0836582,0.0209145,0,0,0,0,0,0,0
62622,62642,62632,24.2,-104.566,39.7347,26.9125,-58.6106,602.688,2.2245,0.453945,24.3742,0.161082,0.000141485,0.414738,0.565552,0.339331,0.43359,0.339331,0.0754069,0.0188517,0.0188517,0.0188517,0,0,0,0,0,0
62643,62664,62654,24.3,-104.565,39.7331,26.4359,-58.84,605.128,1.9352,0.479046,31.5443,0.197544,0.000216496,0.560665,0.361719,0.235117,0.235117,0.253203,0.18086,0.0361719,0.018086,0.0542579,0,0,0,0,0,0
62667,62685,62676,24.4,-104.563,39.7314,26.0069,-58.9156,607.747,2.33637,0.450629,23.1939,0.15441,0.000133506,0.733737,0.405486,0.289633,0.405486,0.347559,0.0965443,0.0193089,0.0386177,0,0,0,0,0,0,0
62688,62706,62697,24.5,-104.561,39.7297,25.5493,-58.71,611.423,1.60122,0.411347,27.5615,0.201009,0.000193703,0.505648,0.210687,0.210687,0.252824,0.147481,0.147481,0.0632061,0.0210687,0.0421374,0,0,0,0,0,0
62707,62728,62718,24.6,-104.56,39.7282,25.1075,-58.9256,613.862,2.00769,0.418645,22.109,0.158433,0.000132037,0.58223,0.281077,0.281077,0.341307,0.361384,0.0803076,0.0602307,0.0200769,0,0,0,0,0,0,0
62729,62746,62738,24.7,-104.559,39.7268,24.7127,-58.672,617.37,2.05386,0.503803,30.4193,0.181138,0.000199872,0.470676,0.299521,0.320915,0.363704,0.320915,0.171155,0.0427887,0.0427887,0.0213944,0,0,0,0,0,0
62749,62767,62758,24.8,-104.557,39.7256,24.2792,-58.4685,621.101,1.73386,0.339929,18.0331,0.159149,0.000109247,0.477439,0.427182,0.226155,0.251284,0.201027,0.0753851,0.0502568,0.0251284,0,0,0,0,0,0,0
62768,62786,62777,24.9,-104.556,39.7243,23.888,-58.614,623.557,2.25183,0.40458,18.1913,0.13489,8.42438e-05,0.397382,0.562957,0.397382,0.529842,0.264921,0.0993454,0,0,0,0,0,0,0,0,0
62787,62805,62796,25,-104.554,39.723,23.461,-58.706,626.523,1.55063,0.305774,17.2861,0.169597,0.000113532,0.640476,0.235965,0.202256,0.168546,0.134837,0.0674185,0.0674185,0.0337093,0,0,0,0,0,0,0
62808,62824,62816,25.1,-104.552,39.7218,23.0462,-58.6592,629.846,1.61934,0.282236,15.799,0.167934,0.000106093,0.783553,0.33954,0.156711,0.130592,0.0522369,0.0261184,0.104474,0.0261184,0,0,0,0,0,0,0
62825,62845,62835,25.2,-104.55,39.7209,22.6473,-58.8253,632.52,2.12343,0.381462,18.3761,0.144519,9.86213e-05,0.646261,0.461615,0.369292,0.207727,0.253888,0.161565,0.0230808,0,0,0,0,0,0,0,0
62846,62867,62856,25.3,-104.548,39.7197,22.2437,-58.5856,636.476,1.73915,0.283028,12.6006,0.133562,6.02923e-05,0.594393,0.374248,0.286189,0.132087,0.286189,0.0660437,0,0,0,0,0,0,0,0,0
62869,62887,62878,25.4,-104.546,39.718,21.8747,-58.7193,639.14,1.37654,0.279507,20.0336,0.215024,0.000122778,0.450936,0.356002,0.284802,0.118667,0.0712004,0.0237335,0.0237335,0.0237335,0,0.0237335,0,0,0,0,0
62888,62909,62898,25.5,-104.544,39.7161,21.4647,-58.8512,642.199,1.59164,0.333464,17.8424,0.160519,0.000108108,0.424436,0.275884,0.254662,0.23344,0.254662,0.0848873,0.0424436,0.0212218,0,0,0,0,0,0,0
