data/B2SAP/Locations/Boulder/NOAA-POPS-B2SAP_GMLBalloon_20201221_R0.ict
61,1001
Thornberry, T. D.
NOAA Chemical Sciences Laboratory
Portable Optical Particle Spectrometer (POPS)
Balloon Baseline Stratospheric Aerosol Profiles (B2SAP)
1,1
2020,12,21,2024,05,28
0
TIME_START,s,Seconds since midnight UTC on flight start day,Start time of 100 m altitude bin in UTC_seconds_since_midnight
28
1.0,1.0,1.0,1.0,1.0,1.0,1.0,1.0,1.0,1.0,1.0,1.0,1.0,1.0,1.0,1.0,1.0,1.0,1.0,1.0,1.0,1.0,1.0,1.0,1.0,1.0,1.0,1.0
99999,99999,99999,99999,99999,99999,99999,99999,99999,99999,99999,99999,99999,99999,99999,99999,99999,99999,99999,99999,99999,99999,99999,99999,99999,99999,99999,99999
TIME_STOP,s,End time of 100 m altitude bin in UTC seconds since midnight,
TIME_MID,s,Mid time of 100 m altitude in UTC seconds since midnight,
GPSAlt,m,GPS reported altitude above sea level (m),
GPS_Lon,deg,GPS reported longitude,
GPS_Lat,deg,GPS reported latitude,
iMet_Pressure,mb,Pressure reported (mB),
iMet_Temperature,degrees C,Ambient temperature (oC),
THETA,K,Potential temperature from iMet,
Aerosol_concentration,cm^-3,Aerosol concentration,
Surface_Area_Conc,um^2 cm^-3,Surface area concentration,
Volume_density,um^3 cm^-3,Volume density,
Effective_radius,um,Effective radius,
Extinction,km^-1,Extinction,
Bin01,cm^-3,particle concentration in size range [140 - 170 nm],
Bin02,cm^-3,particle concentration in size range [170 - 205 nm],
Bin03,cm^-3,particle concentration in size range [205 - 249 nm],
Bin04,cm^-3,particle concentration in size range [249 - 302 nm],
Bin05,cm^-3,particle concentration in size range [302 - 366 nm],
Bin06,cm^-3,particle concentration in size range [366 - 443 nm],
Bin07,cm^-3,particle concentration in size range [443 - 537 nm],
Bin08,cm^-3,particle concentration in size range [537 - 651 nm],
Bin09,cm^-3,particle concentration in size range [651 - 789 nm],
Bin10,cm^-3,particle concentration in size range [789 - 956 nm],
Bin11,cm^-3,particle concentration in size range [956 - 1159 nm],
Bin12,cm^-3,particle concentration in size range [1159 - 1404 nm],
Bin13,cm^-3,particle concentration in size range [1404 - 1702 nm],
Bin14,cm^-3,particle concentration in size range [1702 - 2062 nm],
Bin15,cm^-3,particle concentration in size range [2062 - 2500 nm],
0
19
PI_CONTACT_INFO: 325 Broadway R/CSL6, Boulder, CO 80305; troy.thornberry@noaa.gov; 303-497-3373 
PLATFORM: GML ECC/FPH balloon
LOCATION: Boulder, CO, USA
ASSOCIATED_DATA: N/A
INSTRUMENT_INFO: Printed Optical Particle Spectrometer counts particles from 140 - 2500 nm in diameter 
DATA_INFO: Particle concentrations reported in number per cubic centimeter, binned to 100 m altitude
UNCERTAINTY: Counting uncertainty dominated by air flow, less than 5 percent
ULOD_FLAG: -77777
ULOD_VALUE: 3000 ~3000 per cm3 (varies depending on flow rate- manufacturer quotes 1250  per cm3 at 1.667 cc/s)
LLOD_FLAG: -88888
LLOD_VALUE: 0 0 (varies depending on data field and measurement precision)
DM_CONTACT_INFO: Troy Thornberry, 325 Broadway R/CSL6, Boulder, CO 80305; troy.thornberry@noaa.gov; 303-497-3373
PROJECT_INFO: B2SAP Boulder, CO, USA
STIPULATIONS_ON_USE: Please contact the PIs for questions regarding applications and uncertainties
OTHER_COMMENTS: POPS bin Edges (nm):  140, 170, 205, 249, 302, 366, 443, 537, 651, 789, 956, 1159, 1404, 1702, 2062, 2500
Calculations assume sulfate refractive index of 1.45+0.00j and extinction wavelength = 532 nm
REVISION: R0
R0: QA/QC data
TIME_START,TIME_STOP,TIME_MID,GPSAlt,GPS_Lon,GPS_Lat,iMet_Pressure,iMet_Temperature,THETA,Aerosol_concentration,Surface_Area_Conc,Volume_density,Effective_radius,Extinction,Bin01,Bin02,Bin03,Bin04,Bin05,Bin06,Bin07,Bin08,Bin09,Bin10,Bin11,Bin12,Bin13,Bin14,Bin15
[from data line 238]
65310,65327,65318,25.5,-104.453,39.5795,21.3093,-56.5529,650.443,1.93881,0.455082,26.1218,0.172201,0.000173662,0.42805,0.302153,0.478409,0.276974,0.100718,0.176256,0.176256,0,0,0,0,0,0,0,0
65328,65347,65338,25.6,-104.453,39.5768,20.9368,-57.2247,651.688,1.80837,0.438126,27.0358,0.185123,0.000191534,0.466074,0.484717,0.205073,0.111858,0.242358,0.111858,0.130501,0.0559289,0,0,0,0,0,0,0
65348,65368,65358,25.7,-104.454,39.5737,20.5533,-57.8289,653.321,2.03002,0.467878,31.005,0.198802,0.000202959,0.643173,0.381884,0.281388,0.261289,0.24119,0.0401983,0.140694,0.0200992,0,0.0200992,0,0,0,0,0
65369,65389,65379,25.8,-104.455,39.5705,20.1906,-58.3765,654.97,2.28622,0.581619,37.7825,0.194883,0.000272408,0.582339,0.582339,0.258817,0.194113,0.280386,0.129409,0.172545,0.0647043,0.0215681,0,0,0,0,0,0
65390,65409,65400,25.9,-104.455,39.5673,19.8869,-58.5944,657.154,2.40158,0.627082,41.0627,0.196446,0.00030227,0.582909,0.676174,0.186531,0.25648,0.279796,0.116582,0.163214,0.139898,0,0,0,0,0,0,0
65410,65429,65420,26,-104.455,39.5645,19.5065,-58.9906,659.563,1.7999,0.37529,21.7447,0.173823,0.000147892,0.688849,0.266651,0.355535,0.111105,0.111105,0.111105,0.133326,0.0222209,0,0,0,0,0,0,0
65430,65448,65439,26.1,-104.455,39.5619,19.2347,-59.4906,660.67,1.92518,0.382087,21.1198,0.165824,0.000139608,0.582031,0.514873,0.313401,0.111929,0.201472,0.0223858,0.179086,0,0,0,0,0,0,0,0
65450,65470,65460,26.2,-104.455,39.5585,18.8905,-59.8184,663.07,1.80525,0.331808,17.7297,0.160301,0.000111034,0.512856,0.594913,0.266685,0.1436,0.102571,0.0820569,0.0820569,0.0205142,0,0,0,0,0,0,0
65471,65492,65482,26.3,-104.455,39.5552,18.5447,-60.0653,665.808,1.79944,0.219114,8.68816,0.118954,3.68171e-05,0.945857,0.369115,0.253767,0.138418,0.0461394,0.0230697,0.0230697,0,0,0,0,0,0,0,0
65493,65513,65503,26.4,-104.455,39.5513,18.1939,-59.91,669.942,1.9858,0.255112,11.544,0.135752,6.13067e-05,1.09331,0.46856,0.200812,0.0892496,0.0446248,0.0446248,0.0223124,0.0223124,0,0,0,0,0,0,0
65514,65535,65524,26.5,-104.454,39.5474,17.8939,-59.3972,674.742,1.76507,0.263694,12.0314,0.136879,6.29139e-05,0.759651,0.379826,0.290455,0.111713,0.134056,0.0446854,0.0446854,0,0,0,0,0,0,0,0
65537,65558,65548,26.6,-104.454,39.543,17.5889,-58.8622,679.774,1.58142,0.288568,15.8112,0.164375,0.000102072,0.609976,0.451834,0.13555,0.112959,0.0903669,0.0903669,0.0677751,0.0225917,0,0,0,0,0,0,0
65559,65581,65570,26.7,-104.455,39.5385,17.254,-58.669,684.121,2.00264,0.303787,14.0325,0.138576,7.46637e-05,0.701955,0.598726,0.350977,0.14452,0.0825829,0.0619372,0.0619372,0,0,0,0,0,0,0,0
65582,65603,65592,26.8,-104.455,39.534,16.9506,-58.4919,688.177,1.70525,0.345723,18.8794,0.163826,0.00011852,0.43923,0.465067,0.284208,0.129185,0.180859,0.129185,0.0516741,0.0258371,0,0,0,0,0,0,0
65604,65625,65614,26.9,-104.455,39.5296,16.6574,-58.2626,692.34,1.55667,0.274173,14.639,0.16018,9.37847e-05,0.701597,0.306949,0.175399,0.153474,0.0438498,0.0657748,0.109625,0,0,0,0,0,0,0,0
65626,65644,65635,27,-104.455,39.5253,16.3971,-57.8424,696.838,1.54905,0.236385,10.958,0.139069,5.79919e-05,0.599634,0.499695,0.124924,0.124924,0.0749542,0.0999389,0.0249847,0,0,0,0,0,0,0,0
65646,65665,65656,27.1,-104.455,39.5209,16.1412,-58.2741,698.564,1.48048,0.251618,12.9815,0.154776,8.00121e-05,0.652413,0.351299,0.150557,0.0752784,0.100371,0.0752784,0.0752784,0,0,0,0,0,0,0,0
65668,65686,65677,27.2,-104.455,39.516,15.8075,-58.7769,701.108,1.56424,0.188592,7.98817,0.127071,4.02254e-05,0.823284,0.439085,0.164657,0.0823284,0,0,0.0548856,0,0,0,0,0,0,0,0
65687,65707,65697,27.3,-104.456,39.5112,15.55,-58.3941,705.657,1.29973,0.171335,6.65592,0.116542,2.48941e-05,0.519893,0.285941,0.259947,0.155968,0.0519893,0.0259947,0,0,0,0,0,0,0,0,0
65708,65731,65720,27.4,-104.456,39.5057,15.2858,-57.6805,711.48,1.45756,0.193995,8.45208,0.130705,4.23452e-05,0.74035,0.439583,0.0231359,0.0925437,0.0925437,0.0462719,0.0231359,0,0,0,0,0,0,0,0
65732,65763,65748,27.5,-104.457,39.4988,15.0004,-57.1529,717.07,1.31365,0.290469,18.6061,0.192166,0.000129959,0.487928,0.300263,0.112599,0.112599,0.131365,0.0750658,0.0375329,0.0375329,0.0187665,0,0,0,0,0,0
65764,65814,65789,27.6,-104.458,39.4888,14.7754,-54.9377,727.563,1.61247,0.369259,21.2649,0.172764,0.000143199,0.449188,0.299458,0.276423,0.149729,0.172764,0.115176,0.149729,0,0,0,0,0,0,0,0
59459,60546,60002,1.8,-105.197,39.9491,824.828,10.7874,300,15.0184,1.94993,128.575,0.197815,0.000512788,9.38053,3.20801,1.22258,0.452935,0.342256,0.112382,0.137924,0.0664078,0.0391636,0.0204332,0.0136221,0.00681106,0.0119193,0.00170276,0.00170276
59467,60553,60010,1.7,-105.197,39.9491,824.808,10.7098,299.92,15.5019,2.24946,215.536,0.28745,0.000629503,9.46504,3.25945,1.41584,0.500063,0.506088,0.108447,0.114472,0.0180746,0.0361491,0.00602485,0.0240994,0.0240994,0.00602485,0.00602485,0.0120497
65815,65818,65816,27.6,-104.459,39.4822,14.8267,-53.23,732.514,1.93293,0.615152,37.5313,0.183034,0.000257428,0.148687,0.446062,0,0.297374,0.446062,0.446062,0.148687,0,0,0,0,0,0,0,0
65819,65842,65830,27.5,-104.46,39.4788,14.9479,-53.2968,730.601,1.92913,0.404927,24.2462,0.179634,0.000169697,0.776357,0.376416,0.211734,0.164682,0.141156,0.0705779,0.141156,0.047052,0,0,0,0,0,0,0
65843,65861,65852,27.4,-104.46,39.4735,15.1914,-54.4464,723.45,1.41265,0.243232,12.3024,0.151736,7.30518e-05,0.610009,0.22474,0.22474,0.128423,0.0963172,0.0642115,0.0642115,0,0,0,0,0,0,0,0
65863,65880,65872,27.3,-104.461,39.469,15.4773,-55.3653,716.564,1.42193,0.203863,9.69389,0.142653,5.27518e-05,0.622096,0.355484,0.236989,0.0888709,0.0592473,0.0296236,0,0.0296236,0,0,0,0,0,0,0
65881,65898,65890,27.2,-104.461,39.4643,15.7179,-56.1879,710.733,1.50204,0.227313,11.4938,0.151691,6.89635e-05,0.688435,0.37551,0.219047,0.0312925,0.12517,0,0.0312925,0.0312925,0,0,0,0,0,0,0
65899,65915,65907,27.1,-104.461,39.4602,16.015,-56.2314,706.79,1.25195,0.155013,6.02787,0.116659,2.32053e-05,0.719872,0.187793,0.0625976,0.219091,0.0312988,0.0312988,0,0,0,0,0,0,0,0,0
65916,65930,65923,27,-104.461,39.4568,16.3175,-55.405,705.704,1.04333,0.164324,7.5826,0.138432,3.92252e-05,0.503675,0.215861,0.0359768,0.0719536,0.143907,0.0719536,0,0,0,0,0,0,0,0,0
65932,65946,65939,26.9,-104.461,39.4534,16.57,-55.4908,702.33,1.27132,0.219942,12.064,0.164553,7.79581e-05,0.61936,0.228185,0.162989,0.0325979,0.130392,0.0325979,0.0325979,0.0325979,0,0,0,0,0,0,0
65947,65963,65955,26.8,-104.461,39.45,16.8738,-55.2092,699.602,1.59084,0.248912,11.6437,0.140335,6.31323e-05,0.519457,0.519457,0.194796,0.16233,0.129864,0,0.0649322,0,0,0,0,0,0,0,0
65964,65978,65971,26.7,-104.46,39.4472,17.1917,-55.2792,695.66,1.58508,0.261241,11.8746,0.136364,5.85514e-05,0.528358,0.352239,0.281791,0.140896,0.176119,0.105672,0,0,0,0,0,0,0,0,0
65979,65993,65986,26.6,-104.461,39.4443,17.5,-55.8283,690.389,1.67645,0.35986,21.0787,0.175725,0.000146955,0.628671,0.384188,0.174631,0.0698523,0.139705,0.104778,0.174631,0,0,0,0,0,0,0,0
65994,66010,66002,26.5,-104.461,39.441,17.74,-56.0031,687.161,1.86745,0.328559,17.3394,0.158322,0.000106115,0.727988,0.474774,0.221561,0.126607,0.126607,0.126607,0.0316516,0.0316516,0,0,0,0,0,0,0
66011,66024,66018,26.4,-104.461,39.438,18.0745,-56.6436,681.475,2.17775,0.3054,13.9688,0.137218,7.61369e-05,1.12642,0.525664,0.15019,0.0750949,0.225285,0,0.0750949,0,0,0,0,0,0,0,0
66027,66040,66034,26.3,-104.46,39.4352,18.3967,-57.4258,675.61,1.70937,0.199374,7.38304,0.111094,2.67164e-05,0.820498,0.478624,0.239312,0.0683748,0.0683748,0.0341874,0,0,0,0,0,0,0,0,0
66042,66054,66048,26.2,-104.46,39.4327,18.6411,-57.6233,672.433,1.52504,0.255088,13.7477,0.161682,8.66614e-05,0.583105,0.403688,0.224271,0.179417,0.0448542,0,0.0448542,0.0448542,0,0,0,0,0,0,0
66056,66069,66062,26.1,-104.46,39.4302,19.0018,-57.5955,668.86,1.82852,0.258805,10.7174,0.124233,4.58863e-05,0.694838,0.402275,0.402275,0.146282,0.109711,0.0731408,0,0,0,0,0,0,0,0,0
66070,66081,66076,26,-104.46,39.4282,19.353,-57.402,665.956,1.8158,0.394958,23.1818,0.176083,0.000158006,0.552634,0.434212,0.236843,0.157895,0.197369,0.0789477,0.118422,0.0394738,0,0,0,0,0,0,0
66083,66094,66088,25.9,-104.46,39.4261,19.681,-57.488,662.51,2.14637,0.486082,32.5437,0.200853,0.000234208,0.624398,0.741472,0.195124,0.156099,0.156099,0.0780497,0.0780497,0.0780497,0.0390248,0,0,0,0,0,0
66095,66108,66102,25.8,-104.461,39.424,20.046,-57.347,659.47,2.20352,0.582937,37.2744,0.191827,0.000272048,0.579874,0.347925,0.386583,0.193291,0.309266,0.0773166,0.23195,0.0773166,0,0,0,0,0,0,0
66109,66120,66114,25.7,-104.461,39.422,20.404,-56.66,658.229,1.66165,0.457209,28.0207,0.183859,0.000193414,0.415413,0.188824,0.264354,0.113295,0.264354,0.302119,0.0755297,0.0377649,0,0,0,0,0,0,0
66121,66131,66126,25.6,-104.461,39.4203,20.75,-56.6967,654.967,2.1041,0.659446,45.1556,0.205425,0.000331494,0.378738,0.378738,0.168328,0.294574,0.42082,0.168328,0.21041,0.042082,0.042082,0,0,0,0,0,0
66132,66143,66138,25.5,-104.462,39.4188,21.0456,-56.05,654.265,2.33386,0.563345,34.8384,0.185526,0.000232436,0.500112,0.583464,0.333408,0.291732,0.20838,0.291732,0.083352,0,0.041676,0,0,0,0,0,0
66144,66155,66150,25.4,-104.462,39.4173,21.442,-55.793,651.569,2.02962,0.444794,26.2976,0.177369,0.000180802,0.701141,0.479728,0.110706,0.258315,0.184511,0.110706,0.147609,0.0369022,0,0,0,0,0,0,0
66156,66165,66160,25.3,-104.462,39.4161,21.8114,-56.0286,647.678,2.68723,0.508244,26.2825,0.155137,0.000157002,0.843054,0.684981,0.316145,0.316145,0.210763,0.210763,0.105382,0,0,0,0,0,0,0,0
66167,66176,66172,25.2,-104.462,39.4153,22.1344,-55.0844,647.779,1.95082,0.311192,14.8519,0.143178,8.29327e-05,0.528348,0.772201,0.284495,0.121926,0.121926,0.0406422,0.0812843,0,0,0,0,0,0,0,0
66179,66188,66184,25.1,-104.462,39.4143,22.5444,-54.8122,645.195,2.29759,0.447709,25.4744,0.170699,0.00017078,0.911112,0.594204,0.198068,0.0792271,0.237681,0.118841,0.118841,0.0396136,0,0,0,0,0,0,0
66189,66198,66194,25,-104.462,39.4134,22.9325,-54.5738,642.757,1.91409,0.259126,10.9994,0.127344,5.0937e-05,0.845759,0.534163,0.267082,0.0890272,0.0445136,0.133541,0,0,0,0,0,0,0,0,0
66199,66210,66204,24.9,-104.462,39.4125,23.332,-54.556,639.646,2.55624,0.444227,22.4593,0.151674,0.000130022,0.958589,0.497046,0.461543,0.177517,0.284026,0.10651,0.0355033,0.0355033,0,0,0,0,0,0,0
66211,66220,66216,24.8,-104.461,39.4117,23.7325,-54.5938,636.429,2.26977,0.360308,16.0942,0.134004,7.79799e-05,0.742041,0.654742,0.305546,0.174598,0.261897,0.130948,0,0,0,0,0,0,0,0,0
66221,66230,66226,24.7,-104.461,39.4107,24.1233,-54.8256,632.806,2.11516,0.371846,18.9759,0.153095,0.000110785,0.692234,0.461489,0.423032,0.192287,0.230745,0.0384574,0.0384574,0.0384574,0,0,0,0,0,0,0
66234,66241,66238,24.6,-104.461,39.4095,24.5722,-54.1778,631.334,1.87957,0.389091,23.1216,0.178274,0.000157485,0.537019,0.575377,0.345226,0.0383585,0.115075,0.153434,0.0383585,0.0767169,0,0,0,0,0,0,0
66242,66252,66247,24.5,-104.461,39.408,24.9922,-54.7622,626.62,2.41811,0.404971,19.1668,0.141987,0.000102153,0.831225,0.566745,0.415613,0.188915,0.226698,0.151132,0.037783,0,0,0,0,0,0,0,0
66253,66263,66258,24.4,-104.46,39.4062,25.407,-55.472,621.64,2.73977,0.587595,33.3801,0.170424,0.000216704,0.879434,0.54119,0.338244,0.236771,0.405892,0.202946,0.0676487,0.0676487,0,0,0,0,0,0,0
66264,66275,66270,24.3,-104.46,39.4043,25.859,-55.533,618.355,2.24388,0.417772,21.0725,0.151321,0.000122313,0.669815,0.502361,0.334908,0.301417,0.267926,0.0669815,0.100472,0,0,0,0,0,0,0,0
66276,66286,66281,24.2,-104.459,39.4025,26.328,-55.5,615.27,2.71138,0.56037,31.2753,0.167436,0.00020237,0.76051,0.628248,0.396788,0.429854,0.165328,0.132263,0.165328,0.0330657,0,0,0,0,0,0,0
66287,66295,66291,24.1,-104.458,39.4009,26.6788,-55.4562,613.073,3.00101,0.656864,39.3945,0.179921,0.000270403,0.945524,0.575536,0.534426,0.246658,0.369988,0.0822194,0.123329,0.123329,0,0,0,0,0,0,0
66296,66309,66302,24,-104.457,39.3991,27.136,-55.961,608.698,2.81332,0.803909,56.2758,0.210008,0.000388338,0.485056,0.614404,0.452719,0.420382,0.258696,0.226359,0.291033,0.032337,0,0.032337,0,0,0,0,0
66310,66321,66316,23.9,-104.456,39.3971,27.6336,-56.3482,604.459,3.35645,1.20742,89.3051,0.221891,0.000686531,0.529966,0.471081,0.412195,0.559408,0.412195,0.323868,0.382753,0.176655,0.0883276,0,0,0,0,0,0
66322,66331,66326,23.8,-104.455,39.396,28.066,-57.262,599.257,1.88224,0.694037,55.4762,0.239798,0.00041159,0.421882,0.194715,0.324524,0.162262,0.194715,0.25962,0.12981,0.162262,0,0.0324524,0,0,0,0,0
66333,66342,66338,23.7,-104.455,39.395,28.548,-57.486,595.715,2.75804,0.790412,51.9943,0.197344,0.000375395,0.475525,0.538928,0.443823,0.348718,0.38042,0.221912,0.253613,0.0634033,0.0317017,0,0,0,0,0,0
66343,66350,66346,23.6,-104.454,39.3942,28.9812,-57.9225,591.969,2.77244,0.853834,53.3551,0.187467,0.000373078,0.277244,0.31685,0.396062,0.594094,0.594094,0.277244,0.237637,0.0792125,0,0,0,0,0,0,0
66354,66362,66358,23.5,-104.454,39.393,29.6122,-60.1533,582.228,2.61947,0.663536,41.4677,0.187485,0.000280902,0.353982,0.743363,0.389381,0.283186,0.530973,0.141593,0.0707965,0.0707965,0.0353982,0,0,0,0,0,0
66363,66371,66367,23.4,-104.453,39.3923,30.0629,-59.4343,581.685,2.67962,0.693039,44.2779,0.191668,0.000323875,0.759225,0.357282,0.491263,0.357282,0.267962,0.0446603,0.312622,0.0893206,0,0,0,0,0,0,0
66372,66380,66376,23.3,-104.453,39.3916,30.5289,-59.9478,577.742,2.84752,0.886559,58.1362,0.196725,0.000429991,0.555613,0.381984,0.381984,0.41671,0.277807,0.381984,0.381984,0.0694516,0,0,0,0,0,0,0
66389,66390,66390,23.2,-104.453,39.3908,31.225,-58.335,578.372,2.12662,0.430622,23.7232,0.165272,0.000154061,0.607605,0.607605,0.303803,0.151901,0.151901,0.151901,0.151901,0,0,0,0,0,0,0,0
66391,66399,66395,23.1,-104.453,39.3905,31.48,-58.11,577.641,3.33833,0.767902,48.1057,0.187937,0.000340885,1.21394,0.60697,0.303485,0.60697,0,0.303485,0.151742,0.151742,0,0,0,0,0,0,0
66403,66413,66408,23,-104.452,39.3899,32.18,-57.6086,575.352,2.26309,0.699469,49.0616,0.210424,0.000368154,0.469698,0.384298,0.213499,0.384298,0.384298,0.0426998,0.256199,0.0853996,0.0426998,0,0,0,0,0,0
66414,66424,66419,22.9,-104.452,39.3892,32.792,-56.716,574.642,3.06623,0.804573,47.7961,0.178217,0.000320581,0.589659,0.294829,0.707591,0.471727,0.412761,0.353795,0.176898,0.0589659,0,0,0,0,0,0,0
66425,66435,66430,22.8,-104.451,39.3887,33.2282,-56.2573,573.679,2.96062,0.945809,70.1661,0.222559,0.00050827,0.693478,0.426755,0.346739,0.426755,0.346739,0.293394,0.293394,0.0533444,0.0533444,0.0266722,0,0,0,0,0
66436,66447,66442,22.7,-104.451,39.388,33.76,-56.6887,569.952,2.85679,0.736651,49.4639,0.201441,0.000350834,0.687075,0.723237,0.325457,0.361618,0.253133,0.253133,0.144647,0.0361618,0.0723237,0,0,0,0,0,0
66448,66458,66453,22.6,-104.45,39.3872,34.3991,-56.0036,568.705,2.61505,0.72632,51.5344,0.212858,0.000363281,0.679913,0.418408,0.418408,0.287655,0.418408,0.052301,0.209204,0.104602,0,0.0261505,0,0,0,0,0
66458,66468,66463,22.5,-104.45,39.386,34.9922,-56.5467,564.511,3.19044,0.938779,61.9135,0.197853,0.000447007,0.574279,0.606184,0.350948,0.478566,0.478566,0.319044,0.255235,0.0957132,0.0319044,0,0,0,0,0,0
66469,66480,66474,22.4,-104.449,39.3849,35.613,-55.698,563.893,3.46682,0.952706,61.1547,0.192572,0.000434833,0.761009,0.535525,0.507339,0.507339,0.507339,0.25367,0.281855,0.0845565,0.0281855,0,0,0,0,0,0
66481,66490,66486,22.3,-104.449,39.384,36.1333,-55.5833,561.842,3.24621,1.16548,94.3758,0.242928,0.000688109,0.593058,0.686699,0.312136,0.312136,0.499417,0.249709,0.405776,0.0624271,0.0624271,0.0624271,0,0,0,0,0
66492,66502,66497,22.2,-104.448,39.383,36.7367,-55.5256,559.352,3.19746,0.78482,53.0531,0.202797,0.000344287,0.737875,0.614896,0.614896,0.430427,0.430427,0.153724,0.122979,0.0307448,0.0307448,0.0307448,0,0,0,0,0
66503,66515,66509,22.1,-104.448,39.3821,37.3467,-56.25,554.864,3.53103,0.951755,58.8892,0.185623,0.0004052,0.583388,0.767616,0.368456,0.552683,0.644797,0.276342,0.276342,0.0307046,0.0307046,0,0,0,0,0,0
