data/B2SAP/Locations/Boulder/NOAA-POPS-B2SAP_GMLBalloon_20210402_R0.ict
61,1001
Thornberry, T. D.
NOAA Chemical Sciences Laboratory
Portable Optical Particle Spectrometer (POPS)
Balloon Baseline Stratospheric Aerosol Profiles (B2SAP)
1,1
2021,04,02,2024,05,28
0
TIME_START,s,Seconds since midnight UTC on flight start day,Start time of 100 m altitude bin in UTC_seconds_since_midnight
28
1.0,1.0,1.0,1.0,1.0,1.0,1.0,1.0,1.0,1.0,1.0,1.0,1.0,1.0,1.0,1.0,1.0,1.0,1.0,1.0,1.0,1.0,1.0,1.0,1.0,1.0,1.0,1.0
99999,99999,99999,99999,99999,99999,99999,99999,99999,99999,99999,99999,99999,99999,99999,99999,99999,99999,99999,99999,99999,99999,99999,99999,99999,99999,99999,99999
TIME_STOP,s,End time of 100 m altitude bin in UTC seconds since midnight,
TIME_MID,s,Mid time of 100 m altitude in UTC seconds since midnight,
GPSAlt,m,GPS reported altitude above sea level (m),
GPS_Lon,deg,GPS reported longitude,
GPS_Lat,deg,GPS reported latitude,
iMet_Pressure,mb,Pressure reported (mB),
iMet_Temperature,degrees C,Ambient temperature (oC),
THETA,K,Potential temperature from iMet,
Aerosol_concentration,cm^-3,Aerosol concentration,
Surface_Area_Conc,um^2 cm^-3,Surface area concentration,
Volume_density,um^3 cm^-3,Volume density,
Effective_radius,um,Effective radius,
Extinction,km^-1,Extinction,
Bin01,cm^-3,particle concentration in size range [140 - 170 nm],
Bin02,cm^-3,particle concentration in size range [170 - 205 nm],
Bin03,cm^-3,particle concentration in size range [205 - 249 nm],
Bin04,cm^-3,particle concentration in size range [249 - 302 nm],
Bin05,cm^-3,particle concentration in size range [302 - 366 nm],
Bin06,cm^-3,particle concentration in size range [366 - 443 nm],
Bin07,cm^-3,particle concentration in size range [443 - 537 nm],
Bin08,cm^-3,particle concentration in size range [537 - 651 nm],
Bin09,cm^-3,particle concentration in size range [651 - 789 nm],
Bin10,cm^-3,particle concentration in size range [789 - 956 nm],
Bin11,cm^-3,particle concentration in size range [956 - 1159 nm],
Bin12,cm^-3,particle concentration in size range [1159 - 1404 nm],
Bin13,cm^-3,particle concentration in size range [1404 - 1702 nm],
Bin14,cm^-3,particle concentration in size range [1702 - 2062 nm],
Bin15,cm^-3,particle concentration in size range [2062 - 2500 nm],
0
19
PI_CONTACT_INFO: 325 Broadway R/CSL6, Boulder, CO 80305; troy.thornberry@noaa.gov; 303-497-3373 
PLATFORM: GML ECC/FPH balloon
LOCATION: Boulder, CO, USA
ASSOCIATED_DATA: N/A
INSTRUMENT_INFO: Printed Optical Particle Spectrometer counts particles from 140 - 2500 nm in diameter 
DATA_INFO: Particle concentrations reported in number per cubic centimeter, binned to 100 m altitude
UNCERTAINTY: Counting uncertainty dominated by air flow, less than 5 percent
ULOD_FLAG: -77777
ULOD_VALUE: 3000 ~3000 per cm3 (varies depending on flow rate- manufacturer quotes 1250  per cm3 at 1.667 cc/s)
LLOD_FLAG: -88888
LLOD_VALUE: 0 0 (varies depending on data field and measurement precision)
DM_CONTACT_INFO: Troy Thornberry, 325 Broadway R/CSL6, Boulder, CO 80305; troy.thornberry@noaa.gov; 303-497-3373
PROJECT_INFO: B2SAP Boulder, CO, USA
STIPULATIONS_ON_USE: Please contact the PIs for questions regarding applications and uncertainties
OTHER_COMMENTS: POPS bin Edges (nm):  140, 170, 205, 249, 302, 366, 443, 537, 651, 789, 956, 1159, 1404, 1702, 2062, 2500
Calculations assume sulfate refractive index of 1.45+0.00j and extinction wavelength = 532 nm
REVISION: R0
R0: QA/QC data
TIME_START,TIME_STOP,TIME_MID,GPSAlt,GPS_Lon,GPS_Lat,iMet_Pressure,iMet_Temperature,THETA,Aerosol_concentration,Surface_Area_Conc,Volume_density,Effective_radius,Extinction,Bin01,Bin02,Bin03,Bin04,Bin05,Bin06,Bin07,Bin08,Bin09,Bin10,Bin11,Bin12,Bin13,Bin14,Bin15
57090,58168,57629,1.8,-105.197,39.9491,822.078,16.1329,305.94,172.655,33.9712,3085.17,0.272452,0.0113163,63.7049,43.6647,26.8831,15.8366,12.5943,4.35018,3.22598,0.993861,0.211807,0.244392,0.130342,0.293271,0.325856,0.0977569,0.0977569
58142,58153,58148,1.7,-105.197,39.949,823.827,16.5475,306.195,165.322,29.33,1776.77,0.181736,0.0089053,57.3198,40.7703,29.4787,16.2047,11.2054,4.22356,4.22356,1.12054,0.258586,0.17239,0.0861952,0.0861952,0.17239,0,0
58169,58184,58176,1.9,-105.196,39.9491,812.794,15.0106,305.743,171.457,33.2049,2878.65,0.26008,0.0111433,62.9748,43.0209,27.5204,15.9329,12.1712,4.36694,3.00498,0.843123,0.562082,0.259422,0.0864741,0.281041,0.237804,0.129711,0.0648556
58185,58203,58194,2,-105.195,39.9493,803.204,14.1289,305.841,164.139,32.2922,2672.18,0.24825,0.0111395,59.7285,39.7945,27.5769,14.8449,11.4643,4.57472,3.38051,1.26769,0.459309,0.257213,0.202096,0.293958,0.146979,0.110234,0.0367447
58204,58219,58212,2.1,-105.195,39.9493,793.361,13.24,305.968,159.08,30.7271,2504.91,0.244564,0.0104485,57.7205,39.4322,25.9829,14.4301,11.2258,4.35955,3.61843,0.937304,0.501349,0.239775,0.130787,0.239775,0.130787,0.0653933,0.0653933
58220,58238,58229,2.2,-105.194,39.949,783.847,12.5142,306.254,151.646,29.5119,2514.51,0.25561,0.0100455,54.6888,38.2326,24.088,14.7684,10.7139,3.57743,3.15548,1.21082,0.421953,0.146766,0.0366916,0.293533,0.128421,0.128421,0.0550374
58239,58257,58248,2.3,-105.194,39.9482,774.694,11.6089,306.307,152.385,29.9145,2502.6,0.250975,0.0102075,53.5493,38.4352,24.3423,15.7083,10.8064,4.04776,3.17508,0.984089,0.40849,0.278516,0.16711,0.129974,0.204245,0.0928386,0.0557032
58258,58274,58266,2.4,-105.193,39.9474,765.506,10.7576,306.431,148.702,30.1834,2837.69,0.282045,0.0106079,54.5692,36.1713,24.475,13.9024,10.3228,3.72535,3.12181,1.08223,0.353805,0.145684,0.166496,0.228932,0.187308,0.187308,0.0624361
58275,58289,58282,2.5,-105.193,39.9466,756.138,9.87,306.548,144.747,25.981,1816.02,0.209694,0.00808208,52.114,37.308,23.7507,12.5634,10.3718,3.77158,3.08352,1.01935,0.305804,0.0764509,0.0764509,0.127418,0.101935,0.0509673,0.0254836
58290,58301,58296,2.6,-105.192,39.946,747.477,9.01636,306.638,140.488,28.8021,2767.97,0.288309,0.0100805,51.6402,33.31,23.5812,14.11,9.34226,3.09261,3.02818,1.06308,0.322147,0.161073,0.0644294,0.257718,0.322147,0.0966441,0.0966441
58302,58317,58310,2.7,-105.191,39.9455,737.768,8.00938,306.684,137.644,26.0363,2103.47,0.24237,0.00853674,50.395,34.6161,21.4079,13.0309,10.0391,3.5015,2.68153,1.08591,0.199452,0.132968,0.199452,0.132968,0.0886455,0.0886455,0.0443228
58318,58335,58326,2.8,-105.19,39.945,728.3,7.01167,306.723,134.631,24.439,1706.26,0.209452,0.00784338,48.2938,33.3746,21.6736,12.6347,10.4494,3.51625,3.09907,0.814498,0.317853,0.218524,0.0397316,0.0794633,0.0397316,0.0397316,0.0397316
58336,58353,58344,2.9,-105.188,39.9445,718.894,6.085,306.848,132.16,25.4361,2161.44,0.254926,0.00846666,48.0471,32.7648,21.9232,12.1418,9.64143,3.22048,2.74041,0.620092,0.280041,0.220033,0.0800118,0.140021,0.180027,0.120018,0.0400059
58354,58373,58364,3,-105.185,39.9437,710.004,5.237,307.008,123.023,22.9096,1791.86,0.234643,0.00744651,45.2917,30.4789,19.7323,11.3275,9.09465,2.90448,2.55957,0.798732,0.290448,0.127071,0.072612,0.145224,0.090765,0.072612,0.036306
58374,58392,58383,3.1,-105.182,39.943,702.137,4.42667,307.088,117.138,21.2544,1582.59,0.223378,0.00669522,43.0204,29.8187,18.6342,11.1645,8.24857,2.43662,2.2369,0.778921,0.33953,0.0798893,0.0798893,0.059917,0.159779,0.059917,0.0199723
58393,58413,58403,3.2,-105.179,39.9425,693.359,3.5675,307.237,111.24,21.0002,1593.81,0.227685,0.00680236,40.1431,27.2065,18.2518,10.7745,7.98177,3.20712,2.1621,0.702684,0.234228,0.108105,0.162158,0.162158,0.0540526,0.0900877,0
58414,58429,58422,3.3,-105.176,39.9417,684.828,2.6,307.253,104.965,20.4027,1773.26,0.26074,0.00699023,38.4438,25.7126,16.6643,10.4351,7.07039,3.11461,2.00062,0.772968,0.227344,0.136406,0.0454687,0.0682031,0.0909375,0.159141,0.0227344
58430,58441,58436,3.4,-105.173,39.9411,677.081,1.82083,307.382,103.707,20.13,1758.49,0.26207,0.00666639,37.1613,26.9631,15.8268,10.0166,7.32331,2.78407,2.36041,0.574971,0.151308,0.0907848,0.0605232,0.121046,0.151308,0.0605232,0.0605232
58443,58453,58448,3.5,-105.171,39.9405,669.243,0.909091,307.38,98.747,19.5171,1602.95,0.246391,0.00668601,34.9556,24.113,17.1286,8.64743,7.54987,2.72727,1.86252,0.831483,0.332593,0.133037,0.099778,0.133037,0.166297,0.0332593,0.0332593
58454,58464,58459,3.6,-105.169,39.9401,661.096,-0.018,307.413,95.3463,16.7915,1300.31,0.232315,0.00520842,36.1177,23.6988,15.4318,8.96513,6.02574,2.38825,1.69015,0.440908,0.330681,0.0734847,0.0367423,0.0367423,0.0367423,0,0.0734847
58465,58476,58470,3.7,-105.166,39.9395,652.374,-0.815,307.688,75.5298,14.2385,1156.28,0.243624,0.00451722,30.1506,18.0781,10.6017,6.98612,5.36215,1.89973,1.68525,0.122564,0.153204,0.0306409,0.122564,0.245127,0.0306409,0.0612818,0
58477,58491,58484,3.8,-105.163,39.9386,643.829,-0.817333,308.843,64.2789,11.7293,786.764,0.201231,0.00371503,23.3741,14.5843,11.0978,6.55556,4.95964,1.47316,1.37495,0.466501,0.0982107,0.122763,0.0491053,0.073658,0.0245527,0.0245527,0
58492,58506,58499,3.9,-105.159,39.9378,635.743,-0.648,310.15,76.4591,14.9155,1183.96,0.238134,0.00511222,26.1229,18.8026,12.4861,7.39374,6.36547,2.52171,1.73826,0.489652,0.244826,0.0979304,0.0244826,0.0734478,0,0.0734478,0.0244826
58507,58520,58514,4,-105.157,39.9369,627.905,-1.28357,310.53,74.6514,14.4158,1102.79,0.229496,0.00462543,24.7788,18.5316,12.5469,7.82212,6.01096,2.30989,1.70617,0.577472,0.0524974,0.0524974,0.0262487,0.104995,0.0787462,0.0262487,0.0262487
58521,58535,58528,4.1,-105.154,39.936,619.987,-1.46533,311.449,64.4723,12.1754,749.351,0.184639,0.00400386,21.4581,15.2362,10.9495,6.88325,5.21756,2.03313,1.6657,0.636885,0.195965,0.0489911,0.0734867,0.0734867,0,0,0
58536,58552,58544,4.2,-105.152,39.9349,612.136,-1.89765,312.084,59.6699,11.6279,829.435,0.213995,0.00381687,18.7225,14.1824,11.0043,6.7453,5.10221,1.62147,1.44851,0.497249,0.0864781,0.0864781,0.0216195,0.0648586,0.0432391,0.0432391,0
58553,58567,58560,4.3,-105.15,39.9336,604.334,-2.758,312.238,59.5377,11.5987,828.833,0.214377,0.003778,19.7146,13.2662,10.4849,6.52232,4.97173,2.38742,1.55059,0.270738,0.172288,0.0492251,0,0.0738376,0.0492251,0,0.0246125
58568,58584,58576,4.4,-105.148,39.9325,596.454,-3.64,312.392,54.7462,9.55211,522.372,0.16406,0.00269175,18.0166,13.2296,9.57406,6.1361,4.37361,1.6537,1.41435,0.195833,0.0652777,0.0217592,0.0217592,0.0217592,0.0217592,0,0
58585,58601,58593,4.5,-105.146,39.9312,588.959,-4.39824,312.637,51.0547,9.63657,678.299,0.211164,0.0029905,16.9096,11.8236,8.62865,5.73795,4.86856,1.56489,0.912855,0.32602,0.108673,0.0434693,0.0217346,0.0869386,0,0,0.0217346
58602,58621,58612,4.6,-105.144,39.9297,581.355,-5.251,312.804,46.4177,8.71199,556.877,0.191762,0.00266556,15.0402,10.8101,8.62929,4.79405,4.21124,1.46641,0.864809,0.319603,0.0940009,0.0376004,0.0564006,0.0564006,0.0376004,0,0
58622,58642,58632,4.7,-105.142,39.9282,573.657,-6.06714,313.045,41.2209,7.55893,501.333,0.19897,0.00231372,14.5234,10.1272,6.72776,4.11141,3.27489,1.17469,0.783126,0.231378,0.0355966,0.0889915,0.0177983,0.0711932,0.0533949,0,0
58643,58662,58652,4.8,-105.14,39.9268,566.49,-7.047,313.015,40.4014,7.38951,511.238,0.207553,0.0022438,13.4858,9.76366,7.10765,4.24588,3.23585,1.44023,0.710765,0.224452,0.0748173,0.0374087,0.0187043,0.0187043,0.0187043,0,0.0187043
58663,58682,58672,4.9,-105.139,39.9255,559.602,-7.6395,313.41,34.4483,5.95768,362.674,0.182625,0.0018152,13.5441,7.58774,5.53905,3.5283,2.39014,0.796713,0.550111,0.28454,0.113816,0.0379387,0.0379387,0.0189694,0.0189694,0,0
58683,58703,58693,5,-105.137,39.9244,552.181,-8.35952,313.761,28.1233,4.63715,255.953,0.165589,0.00132648,11.3648,6.44003,4.16708,2.56158,2.05648,0.721572,0.487061,0.198432,0.0901965,0,0,0.0360786,0,0,0
58704,58721,58712,5.1,-105.136,39.9233,545.147,-9.26722,313.83,25.9067,4.52204,285.717,0.18955,0.00132987,10.132,5.99946,4.00663,2.34944,1.97185,0.671268,0.482474,0.14684,0.0419543,0.0209771,0,0.0839085,0,0,0
58722,58738,58730,5.2,-105.135,39.9223,538.452,-10.09,313.956,24.7403,3.90282,206.594,0.158804,0.00106341,10.5837,5.93228,3.12344,1.8426,2.08978,0.471886,0.516828,0.112354,0.0224708,0.0224708,0,0.0224708,0,0,0
58739,58756,58748,5.3,-105.135,39.9217,531.686,-10.8872,314.136,24.6643,3.80293,200.452,0.15813,0.00101232,11.1011,5.4338,2.95038,2.46219,1.57071,0.636773,0.275935,0.127355,0.0636773,0.0212258,0,0.0212258,0,0,0
58757,58772,58764,5.4,-105.134,39.921,524.835,-11.7806,314.229,23.1174,3.70931,207.029,0.16744,0.00104273,9.91433,5.49729,2.80866,2.06449,1.60838,0.672158,0.336079,0.0960226,0.072017,0.0240057,0,0,0.0240057,0,0
58773,58791,58782,5.5,-105.133,39.9205,517.821,-12.7442,314.282,21.9979,3.45682,193.662,0.168069,0.000940682,9.43345,5.17123,3.09062,2.06041,1.25241,0.383802,0.383802,0.121201,0.0606003,0,0.0202001,0.0202001,0,0,0
58792,58807,58800,5.6,-105.133,39.9199,511.189,-13.6881,314.296,22.1536,3.67169,205.885,0.168221,0.0011334,9.80055,5.00863,2.48024,2.11904,1.204,0.770559,0.481599,0.21672,0.02408,0.02408,0.02408,0,0,0,0
58808,58824,58816,5.7,-105.132,39.9193,504.24,-14.6676,314.334,20.4748,3.4154,289.889,0.254631,0.00110978,9.6218,4.5829,2.55365,1.80124,0.889218,0.433209,0.342007,0.114002,0.0912019,0.0228005,0,0,0,0,0.0228005
58825,58841,58833,5.8,-105.132,39.9188,497.294,-15.6971,314.323,21.9939,3.50931,197.317,0.16868,0.00103495,10.0511,4.92298,2.78057,1.6182,1.29912,0.774913,0.29629,0.136749,0.0455831,0.0455831,0,0.0227916,0,0,0
58842,58858,58850,5.9,-105.131,39.9182,490.784,-16.7071,314.271,21.4918,3.3247,178.443,0.161016,0.000887381,9.41265,4.71772,3.0084,2.11956,1.36746,0.364655,0.273491,0.136746,0.0455819,0.0227909,0,0.0227909,0,0,0
58859,58875,58867,6,-105.131,39.9177,484.493,-17.6424,314.289,20.1809,3.0599,162.26,0.159084,0.000831478,8.99464,4.63429,2.92212,1.66652,1.18711,0.205461,0.296777,0.205461,0.0456581,0,0.022829,0,0,0,0
58876,58893,58884,6.1,-105.13,39.9174,478.261,-18.5728,314.302,21.3267,3.40452,183.474,0.161674,0.000928796,9.06601,4.70569,2.93566,2.05064,1.42466,0.669158,0.345372,0.0431715,0.0215857,0.0431715,0.0215857,0,0,0,0
58894,58909,58902,6.2,-105.13,39.9172,471.836,-19.5325,314.328,20.4242,3.26962,172.359,0.158146,0.00100254,9.16755,4.1045,3.04766,1.74503,1.17974,0.540713,0.34409,0.172045,0.0983115,0.0245779,0,0,0,0,0
58910,58927,58918,6.3,-105.13,39.9169,465.584,-20.4312,314.407,19.7918,3.25404,203.946,0.188024,0.000903322,8.81544,4.37089,2.89755,1.44878,1.00678,0.761222,0.368333,0.0245555,0.0245555,0,0.0491111,0.0245555,0,0,0
58928,58946,58937,6.4,-105.13,39.9167,459.069,-21.2805,314.613,21.2113,3.83349,299.721,0.234554,0.00125579,9.03751,4.76636,3.15694,1.67132,1.38245,0.51584,0.433306,0.0619008,0.0619008,0.0412672,0,0.0619008,0,0.0206336,0
58947,58963,58955,6.5,-105.129,39.9165,453.093,-22.1024,314.772,21.1276,3.54762,214.602,0.181476,0.00116803,9.36417,4.72867,2.91174,1.56069,1.32776,0.535761,0.372703,0.163058,0.0465879,0.0931758,0,0.023294,0,0,0
58964,58978,58971,6.6,-105.128,39.9165,447.214,-22.93,314.905,19.7956,2.96459,177.968,0.180094,0.000718091,9.2323,4.87103,2.54879,1.21776,1.16112,0.339839,0.311519,0.0566399,0,0,0,0.0283199,0.0283199,0,0
58979,58994,58986,6.7,-105.128,39.9167,440.736,-23.7181,315.222,19.8758,3.01288,160.407,0.159721,0.000806331,8.97619,4.53741,2.6386,1.70153,1.25765,0.295918,0.197279,0.197279,0.0493197,0,0.0246599,0,0,0,0
58995,59011,59003,6.8,-105.127,39.9171,434.591,-24.1135,315.984,27.2296,17.6023,4351.97,0.741715,0.0103839,14.8461,4.73762,1.9701,1.19613,0.961595,0.422164,0.633246,0.515978,0.375257,0.164175,0.234535,0.164175,0.351803,0.257989,0.39871
59012,59028,59020,6.9,-105.125,39.9173,428.87,-24.8994,316.181,16.9367,2.53269,126.673,0.150046,0.000695066,7.85674,3.78723,2.16413,1.45844,0.776265,0.493987,0.235232,0.0940927,0.0470463,0.0235232,0,0,0,0,0
59029,59044,59036,7,-105.124,39.9177,423.328,-25.6993,316.344,17.4627,3.94896,604.348,0.459119,0.00157402,8.47732,3.93112,2.0859,1.25689,0.882497,0.34765,0.187196,0.080227,0.0267423,0.0267423,0.0267423,0.0267423,0.0267423,0.0267423,0.0534847
59045,59063,59054,7.1,-105.122,39.9179,417.151,-26.3737,316.807,27.7835,14.2017,3586.12,0.757539,0.00798919,17.2776,4.85209,1.81426,1.09699,0.590689,0.358632,0.232056,0.168768,0.168768,0.126576,0.126576,0.168768,0.21096,0.253152,0.337536
59064,59082,59073,7.2,-105.121,39.9185,411.212,-27.2305,317,22.4258,9.00571,1797.07,0.598642,0.00480054,13.578,3.82211,1.68933,0.929131,0.485682,0.316749,0.211166,0.211166,0.211166,0.19005,0.1267,0.253399,0.19005,0.105583,0.105583
59083,59097,59090,7.3,-105.119,39.9192,405.609,-28.0013,317.245,20.5818,10.7378,2403.97,0.671634,0.00594892,11.7306,3.65247,1.46632,0.74649,0.799811,0.266604,0.426566,0.346585,0.106641,0.0799811,0.0799811,0.266604,0.239943,0.239943,0.133302
59098,59116,59107,7.4,-105.118,39.9198,399.917,-28.7774,317.524,21.3379,9.82422,2256.83,0.689161,0.00539217,12.1449,3.96395,1.6657,1.05424,0.569291,0.379527,0.295188,0.231933,0.189764,0.105424,0.126509,0.0632546,0.231933,0.105424,0.210849
59117,59132,59124,7.5,-105.116,39.92,394.359,-29.6431,317.67,17.9964,4.08682,600.616,0.440893,0.00156211,9.01085,4.12575,1.87304,1.31619,0.885898,0.227802,0.17718,0.101246,0.0506228,0,0.0506228,0.0253114,0.101246,0,0.0506228
59133,59148,59140,7.6,-105.114,39.9203,389.017,-30.5338,317.741,16.4113,2.43768,119.176,0.146667,0.000637052,7.74839,3.3788,2.2102,1.21942,1.06699,0.431877,0.254045,0.0508091,0.0254045,0.0254045,0,0,0,0,0
59149,59163,59156,7.7,-105.112,39.9205,383.583,-31.4587,317.802,16.1622,2.49461,135.651,0.163133,0.000664331,7.74155,3.12378,2.1459,1.331,0.97788,0.40745,0.353124,0.0271633,0.0271633,0,0.0271633,0,0,0,0
59164,59180,59172,7.8,-105.11,39.9206,378.141,-32.2218,318.092,17.2645,2.56364,123.176,0.144142,0.000674586,8.26108,3.54388,1.89167,1.77194,0.981751,0.359177,0.311287,0.0957806,0.0478903,0,0,0,0,0,0
59181,59199,59190,7.9,-105.108,39.9207,372.566,-33.0047,318.416,17.2707,2.59015,139.487,0.161558,0.000694703,7.88163,4.34997,2.11038,1.22747,0.86138,0.409155,0.279948,0.0646035,0.0646035,0,0,0.0215345,0,0,0
59200,59215,59208,8,-105.106,39.9208,367.784,-33.8336,318.488,19.5295,3.1477,154.991,0.147718,0.00088755,7.74196,4.71503,2.64857,2.09557,1.04778,0.523892,0.611208,0.145526,0,0,0,0,0,0,0
59216,59233,59224,8.1,-105.104,39.9209,362.363,-34.7939,318.555,22.2996,3.88692,237.861,0.183586,0.00113959,9.01957,4.87238,3.21804,2.08493,1.60902,0.906489,0.362596,0.113311,0.0453245,0,0.0453245,0.0226622,0,0,0
59234,59252,59243,8.2,-105.101,39.921,357.066,-35.6758,318.712,20.5643,3.4215,223.694,0.196137,0.00098443,8.26048,4.63022,3.52157,1.63036,1.3695,0.521715,0.499977,0.108691,0,0,0,0,0,0.0217381,0
59253,59269,59261,8.3,-105.099,39.9212,352.09,-36.6047,318.744,20.3836,3.98145,364.091,0.27434,0.00151828,8.68691,4.62486,2.69172,1.61503,1.34586,0.440463,0.562814,0.244702,0.0734105,0.0489403,0,0.0244702,0,0,0.0244702
59270,59286,59278,8.4,-105.096,39.9214,346.988,-37.6106,318.719,18.6237,3.35516,227.392,0.203322,0.00107737,8.05879,4.00482,2.50609,1.47417,1.35132,0.540528,0.343973,0.245695,0.0245695,0,0.0245695,0.0245695,0.0245695,0,0
59287,59303,59295,8.5,-105.093,39.9215,342.162,-38.4341,318.875,20.0436,5.91619,1132.72,0.574384,0.00278109,9.66609,3.77812,2.69865,1.44746,1.07946,0.490664,0.441598,0.0735997,0.0981329,0.0245332,0,0.0245332,0.0490664,0.0490664,0.122666
59304,59321,59312,8.6,-105.09,39.9218,337.034,-39.3522,318.998,17.6561,3.34017,380.926,0.342132,0.00115581,8.8164,3.59187,1.9592,1.39943,1.0729,0.396505,0.256562,0,0.0466476,0.0233238,0,0.0466476,0,0.0233238,0.0233238
59322,59340,59331,8.7,-105.087,39.922,331.981,-40.1732,319.253,24.276,10.7074,2014.48,0.564418,0.00558419,12.481,4.2046,2.54489,1.46055,1.06221,0.508978,0.531107,0.154906,0.0663884,0.265554,0.132777,0.221295,0.398331,0.199165,0.0442589
