data/B2SAP/Locations/Boulder/NOAA-POPS-B2SAP_GMLBalloon_20220928_R0.ict
61,1001
Thornberry, T. D.
NOAA Chemical Sciences Laboratory
Portable Optical Particle Spectrometer (POPS)
Balloon Baseline Stratospheric Aerosol Profiles (B2SAP)
1,1
2022,09,28,2024,05,28
0
TIME_START,s,Seconds since midnight UTC on flight start day,Start time of 100 m altitude bin in UTC_seconds_since_midnight
28
1.0,1.0,1.0,1.0,1.0,1.0,1.0,1.0,1.0,1.0,1.0,1.0,1.0,1.0,1.0,1.0,1.0,1.0,1.0,1.0,1.0,1.0,1.0,1.0,1.0,1.0,1.0,1.0
99999,99999,99999,99999,99999,99999,99999,99999,99999,99999,99999,99999,99999,99999,99999,99999,99999,99999,99999,99999,99999,99999,99999,99999,99999,99999,99999,99999
TIME_STOP,s,End time of 100 m altitude bin in UTC seconds since midnight,
TIME_MID,s,Mid time of 100 m altitude in UTC seconds since midnight,
GPSAlt,m,GPS reported altitude above sea level (m),
GPS_Lon,deg,GPS reported longitude,
GPS_Lat,deg,GPS reported latitude,
iMet_Pressure,mb,Pressure reported (mB),
iMet_Temperature,degrees C,Ambient temperature (oC),
THETA,K,Potential temperature from iMet,
Aerosol_concentration,cm^-3,Aerosol concentration,
Surface_Area_Conc,um^2 cm^-3,Surface area concentration,
Volume_density,um^3 cm^-3,Volume density,
Effective_radius,um,Effective radius,
Extinction,km^-1,Extinction,
Bin01,cm^-3,particle concentration in size range [140 - 170 nm],
Bin02,cm^-3,particle concentration in size range [170 - 205 nm],
Bin03,cm^-3,particle concentration in size range [205 - 249 nm],
Bin04,cm^-3,particle concentration in size range [249 - 302 nm],
Bin05,cm^-3,particle concentration in size range [302 - 366 nm],
Bin06,cm^-3,particle concentration in size range [366 - 443 nm],
Bin07,cm^-3,particle concentration in size range [443 - 537 nm],
Bin08,cm^-3,particle concentration in size range [537 - 651 nm],
Bin09,cm^-3,particle concentration in size range [651 - 789 nm],
Bin10,cm^-3,particle concentration in size range [789 - 956 nm],
Bin11,cm^-3,particle concentration in size range [956 - 1159 nm],
Bin12,cm^-3,particle concentration in size range [1159 - 1404 nm],
Bin13,cm^-3,particle concentration in size range [1404 - 1702 nm],
Bin14,cm^-3,particle concentration in size range [1702 - 2062 nm],
Bin15,cm^-3,particle concentration in size range [2062 - 2500 nm],
0
19
PI_CONTACT_INFO: 325 Broadway R/CSL6, Boulder, CO 80305; troy.thornberry@noaa.gov; 303-497-3373 
PLATFORM: GML ECC/FPH balloon
LOCATION: Boulder, CO, USA
ASSOCIATED_DATA: N/A
INSTRUMENT_INFO: Printed Optical Particle Spectrometer counts particles from 140 - 2500 nm in diameter 
DATA_INFO: Particle concentrations reported in number per cubic centimeter, binned to 100 m altitude
UNCERTAINTY: Counting uncertainty dominated by air flow, less than 5 percent
ULOD_FLAG: -77777
ULOD_VALUE: 3000 ~3000 per cm3 (varies depending on flow rate- manufacturer quotes 1250  per cm3 at 1.667 cc/s)
LLOD_FLAG: -88888
LLOD_VALUE: 0 0 (varies depending on data field and measurement precision)
DM_CONTACT_INFO: Troy Thornberry, 325 Broadway R/CSL6, Boulder, CO 80305; troy.thornberry@noaa.gov; 303-497-3373
PROJECT_INFO: B2SAP Boulder, CO, USA
STIPULATIONS_ON_USE: Please contact the PIs for questions regarding applications and uncertainties
OTHER_COMMENTS: POPS bin Edges (nm):  140, 170, 205, 249, 302, 366, 443, 537, 651, 789, 956, 1159, 1404, 1702, 2062, 2500
Calculations assume sulfate refractive index of 1.45+0.00j and extinction wavelength = 532 nm
REVISION: R0
R0: QA/QC data
TIME_START,TIME_STOP,TIME_MID,GPSAlt,GPS_Lon,GPS_Lat,iMet_Pressure,iMet_Temperature,THETA,Aerosol_concentration,Surface_Area_Conc,Volume_density,Effective_radius,Extinction,Bin01,Bin02,Bin03,Bin04,Bin05,Bin06,Bin07,Bin08,Bin09,Bin10,Bin11,Bin12,Bin13,Bin14,Bin15
59028,59040,59034,1.8,-105.198,39.9493,828.233,19.1658,308.483,349.948,50.1263,2773.67,0.166001,0.0119409,165.791,82.224,45.9882,22.3079,19.9136,7.35811,4.70102,1.08036,0.204392,0.0875966,0.0583977,0.116795,0.0291989,0.0291989,0.0583977
59041,59059,59050,1.9,-105.198,39.9497,819.905,18.3884,308.56,355.127,50.5359,2837.93,0.16847,0.0119537,166.577,86.7095,46.2476,22.4562,19.9528,7.10217,4.63588,0.834459,0.166892,0.185435,0.0741741,0.0556306,0,0.0741741,0.0556306
59060,59075,59068,2,-105.198,39.9502,810.574,19.6969,310.96,308.321,41.0087,2092.72,0.153093,0.00861087,149.972,77.953,38.8347,17.7811,14.7048,4.34163,3.70893,0.610883,0.174538,0.0218172,0.0654517,0.0654517,0.0436345,0,0.0436345
59076,59092,59084,2.1,-105.198,39.9506,800.903,21.2712,313.701,245.433,31.5489,1369.05,0.130184,0.00612942,118.095,63.4452,32.2261,13.3828,11.2344,3.69258,2.77503,0.358068,0.089517,0.0671378,0.0447585,0.0223793,0,0,0
59093,59110,59102,2.2,-105.197,39.9508,791.907,20.3871,313.768,233.933,29.793,1308.83,0.131792,0.00566282,112.019,62.6441,30.5506,12.9403,9.34004,3.2505,2.63332,0.329164,0.0822911,0.0411455,0.0411455,0.0411455,0.0205728,0,0
59111,59126,59118,2.3,-105.196,39.9509,782.887,19.5087,313.862,228.455,29.1542,1262.22,0.129883,0.00555283,109.166,60.874,29.2072,12.7944,10.5241,2.8616,2.43591,0.354744,0.118248,0.0472992,0.0236496,0.0472992,0,0,0
59127,59143,59135,2.4,-105.195,39.951,773.345,18.5594,313.94,225.08,29.1404,1328.01,0.136719,0.00573639,107.552,59.117,29.4548,12.2175,10.3922,3.31885,2.42691,0.352628,0.1452,0.0207428,0.0207428,0,0.0414856,0.0207428,0
59144,59160,59152,2.5,-105.194,39.9509,764.564,17.6365,313.966,226.827,29.579,1355.18,0.137446,0.00579162,105.924,60.5038,30.5235,12.7025,11.1147,2.98759,2.54885,0.313383,0.0417844,0.0626766,0.0626766,0,0.0208922,0.0208922,0
59161,59177,59169,2.6,-105.193,39.9508,755.471,16.7041,314.03,221.474,29.0512,1565.77,0.16169,0.00584852,104.964,59.9495,29.8702,11.6301,9.28736,3.13762,1.92441,0.439267,0.0418349,0.0627524,0,0.0418349,0.0627524,0.0209175,0.0418349
59178,59194,59186,2.7,-105.193,39.9508,746.734,15.7571,314.052,221.397,29.538,1438.2,0.146069,0.00611699,104.198,58.0457,29.6395,12.5205,10.3257,3.30256,2.59189,0.459851,0.104512,0.0209023,0.0209023,0.104512,0.0418046,0.0209023,0
59195,59210,59202,2.8,-105.192,39.9509,737.931,14.7956,314.067,218.391,29.0056,1469.27,0.151964,0.00608668,104.634,56.3876,28.4169,12.2456,10.2381,3.21195,2.52049,0.490715,0.0669157,0.0669157,0,0.0223052,0.0446105,0.0223052,0.0223052
59211,59226,59218,2.9,-105.191,39.9508,729.018,13.7931,314.059,222.172,28.7254,1300.43,0.135813,0.00568487,107.815,57.5249,28.3828,12.4384,9.75869,3.03703,2.50108,0.446622,0.111656,0.0223311,0.0669933,0.0446622,0.0223311,0,0
59227,59242,59234,3,-105.191,39.9506,720.572,12.8394,314.06,222.891,29.1283,1341.63,0.138178,0.00577598,105.62,58.8145,28.9824,12.9929,10.3764,3.15317,2.28102,0.313081,0.134178,0.0894517,0,0.0670888,0.0670888,0,0
59243,59258,59250,3.1,-105.19,39.9503,711.776,11.8175,314.041,220.925,28.9688,1367.67,0.141635,0.00579679,104.199,57.9357,28.7205,13.4494,10.1433,3.39608,2.47396,0.427321,0.0899623,0.0224906,0.0224906,0,0.0224906,0,0.0224906
59259,59275,59267,3.2,-105.189,39.9501,703.186,10.8447,314.054,224.421,28.7841,1316.41,0.137202,0.00546986,106.788,59.7819,30.4109,11.6296,9.97426,2.86495,2.56784,0.212218,0.0212218,0.0424436,0.0424436,0.0636655,0,0.0212218,0
59276,59291,59284,3.3,-105.188,39.95,694.972,9.94133,314.105,220.382,28.5898,1342.19,0.140839,0.00576413,106.046,58.2562,28.5479,11.6029,9.81411,3.1908,2.1272,0.507626,0.0725181,0.0966908,0.0725181,0.0241727,0,0.0241727,0
59292,59310,59301,3.4,-105.187,39.9497,686.564,8.98474,314.14,220.726,29.2039,1488.18,0.152875,0.00602933,105.233,57.4886,28.8876,12.1511,10.871,3.17152,2.17803,0.420322,0.152844,0.0573166,0,0.0764221,0,0,0.0382111
59311,59328,59320,3.5,-105.186,39.9493,678.257,7.98944,314.121,223.488,28.6788,1297.85,0.135764,0.00547065,107.47,58.4624,28.9087,12.9424,9.63622,3.02392,2.60057,0.302392,0.0201595,0.0201595,0.0201595,0.0403189,0.0201595,0.0201595,0
59329,59345,59337,3.6,-105.185,39.9489,670.412,7.05471,314.116,226.79,30.317,1704.76,0.168693,0.00648801,107.299,60.2367,30.2358,13.0894,9.88642,2.64777,2.73318,0.320295,0.149471,0.0427059,0.0427059,0,0,0.0640589,0.0427059
59346,59369,59358,3.7,-105.184,39.9482,661.697,6.06042,314.175,222.819,28.3923,1310.79,0.138501,0.00533334,106.143,58.8869,30.2285,12.4542,9.60361,2.8506,2.19511,0.289633,0.0457315,0.0609753,0.0152438,0,0.0152438,0.0152438,0.0152438
59370,59389,59380,3.8,-105.183,39.9479,653.957,5.1295,314.185,226.048,29.9734,1617.38,0.161881,0.00620943,107.292,59.6535,30.2034,12.4745,10.6557,2.64555,2.33323,0.440925,0.183719,0.0183719,0,0.0367438,0.0551157,0,0.0551157
59390,59408,59399,3.9,-105.182,39.9471,646.144,4.20474,314.215,227.226,29.876,1565.66,0.157216,0.00614338,110.664,58.7414,28.8025,12.4811,10.0711,3.40927,2.48838,0.293903,0.117561,0.0195935,0,0,0.0587806,0.0587806,0.0195935
59409,59426,59418,4,-105.181,39.9464,638.183,3.26833,314.262,219.256,28.0616,1252.92,0.133947,0.00532209,104.544,57.0879,29.4514,12.7252,10.0646,2.70178,2.10367,0.350612,0.123745,0.0412485,0,0.0206242,0.0206242,0.0206242,0
59427,59450,59438,4.1,-105.179,39.9457,630.143,2.29208,314.296,216.619,27.7246,1256.63,0.135977,0.00526981,104.026,55.7468,29.4848,11.4964,10.7372,2.43253,2.24661,0.263395,0.0619754,0.0619754,0.0154938,0,0.0154938,0.0309877,0
59451,59467,59459,4.2,-105.178,39.945,622.839,1.36235,314.277,220.859,28.3093,1321.43,0.140034,0.00546177,106.472,57.3362,29.578,12.2566,9.3185,2.96,2.32414,0.438518,0.109629,0,0,0,0.0438518,0,0.0219259
59468,59487,59478,4.3,-105.176,39.944,614.876,0.405,314.331,216.957,27.8857,1306.12,0.140515,0.00533444,104.534,56.109,28.8678,11.9285,10.0589,2.71103,2.24361,0.317845,0.0560903,0.0373935,0.0186968,0.0186968,0.0373935,0,0.0186968
59488,59507,59498,4.4,-105.175,39.943,607.018,-0.542632,314.401,228.14,29.885,1359.97,0.13652,0.00604289,107.237,60.2925,29.8091,13.3476,10.8883,3.21295,2.75679,0.337162,0.0991652,0.0991652,0.019833,0,0.019833,0.019833,0
59508,59526,59517,4.5,-105.173,39.942,599.464,-1.52158,314.394,222.211,28.65,1322.16,0.138447,0.00555229,106.512,58.9579,28.9444,11.6609,10.1563,2.89048,2.59351,0.296967,0.0593934,0.0197978,0.0197978,0.0197978,0.0593934,0.0197978,0
59527,59548,59538,4.6,-105.172,39.9412,591.801,-2.47909,314.435,231.549,30.1817,1375.35,0.136707,0.00593745,110.728,59.104,31.2286,13.6023,10.4382,3.16414,2.64824,0.343928,0.120375,0.0343928,0.0343928,0.0343928,0.0687856,0,0
59549,59575,59562,4.7,-105.169,39.9402,584.129,-3.47296,314.455,251.057,32.4321,1432.86,0.132541,0.00625008,118.624,65.5279,34.3583,14.4119,11.5183,3.10432,2.89362,0.365214,0.0842803,0.0561868,0.0561868,0.0421401,0.0140467,0,0
59576,59599,59588,4.8,-105.167,39.9391,576.76,-4.4275,314.481,252.398,33.6738,1669.6,0.148744,0.00697286,117.762,66.0491,34.5231,14.3357,12.5121,3.5205,2.90204,0.50746,0.0792906,0.0634325,0.0158581,0.0634325,0.0158581,0.0317163,0.0158581
59600,59623,59612,4.9,-105.165,39.938,569.6,-5.36042,314.506,251.02,33.0826,1498.96,0.135928,0.00663815,116.883,66.1924,33.1041,15.4549,11.7609,3.8361,3.22043,0.363087,0.0631456,0.0473592,0.0473592,0.0157864,0.0157864,0.0157864,0
59624,59647,59636,5,-105.163,39.9366,562.52,-6.25792,314.576,258.279,34.194,1671.75,0.14667,0.00689455,120.308,67.7625,35.3426,15.0266,12.8028,3.57397,2.82741,0.333571,0.095306,0.0635373,0.0635373,0.0317687,0,0.0317687,0.0158843
59648,59673,59660,5.1,-105.161,39.9351,555.25,-7.16077,314.682,252.026,33.1541,1584.16,0.143345,0.00666925,118.471,65.5992,33.6614,14.8051,12.4923,3.55028,2.81371,0.368287,0.117852,0.0736574,0.0294629,0,0.0147315,0,0.0294629
59674,59694,59684,5.2,-105.159,39.9338,548.524,-8.09333,314.671,253.394,33.6351,1503.5,0.134101,0.00690059,117.908,65.0808,34.8653,15.9556,11.5975,3.66524,3.57406,0.54705,0.054705,0.054705,0.018235,0.0729401,0,0,0
59695,59717,59706,5.3,-105.158,39.9327,541.246,-8.95478,314.845,228.862,30.2943,1427.22,0.141336,0.00602303,104.9,61.0677,31.6896,13.3659,11.1717,3.51734,2.66313,0.251239,0.100495,0.0334985,0.0167492,0.0167492,0.0502477,0,0.0167492
59718,59736,59727,5.4,-105.157,39.9319,534.485,-9.65947,315.133,194.915,25.6162,1119.36,0.131091,0.00526465,90.7025,50.4954,27.2611,11.7581,8.73804,2.93953,2.33551,0.382541,0.221471,0.0604012,0.0201337,0,0,0,0
59737,59754,59746,5.5,-105.156,39.9313,527.773,-10.6194,315.121,186.201,25.1741,1222.98,0.145743,0.00515563,84.1597,48.4388,27.1001,11.8643,9.47437,2.47529,2.09119,0.341419,0.064016,0.0426773,0.0213387,0.0853547,0.0213387,0.0213387,0
59755,59773,59764,5.6,-105.155,39.931,521.205,-11.4311,315.28,173.613,23.1492,1048.05,0.135821,0.00466995,79.0338,46.3322,23.431,10.5541,9.27052,2.46535,2.0171,0.305622,0.0814991,0.0407496,0,0.0611243,0.0203748,0,0
59774,59794,59784,5.7,-105.154,39.9306,513.956,-11.9486,315.916,135.845,17.9462,834.965,0.139578,0.00359185,64.93,33.7119,17.8442,8.33099,7.13029,2.06889,1.47778,0.258612,0.0184723,0.0184723,0.0184723,0,0.0184723,0.0184723,0
59795,59815,59805,5.8,-105.153,39.9303,507.276,-12.6862,316.201,126.43,16.0308,656.341,0.122828,0.00291681,59.9219,32.9332,16.6776,7.54069,6.10961,1.74298,1.24761,0.220166,0.0366943,0,0,0,0,0,0
59816,59833,59824,5.9,-105.151,39.9298,500.786,-13.2883,316.631,99.6359,13.6172,783.658,0.172647,0.00294425,46.7776,26.2771,13.0083,5.45087,5.25542,1.47673,1.08583,0.19545,0,0.0217166,0,0.0217166,0.0217166,0.0217166,0.0217166
59834,59852,59843,6,-105.15,39.9296,494.05,-12.8632,318.378,25.0914,3.3634,200.018,0.178407,0.000775791,12.9216,6.19666,2.84437,1.34092,1.03616,0.304754,0.325071,0.101585,0,0,0,0,0,0.0203169,0
59853,59871,59862,6.1,-105.148,39.93,487.867,-11.9089,320.705,7.87927,1.16349,74.0394,0.190906,0.000350407,4.10126,1.89911,1.07077,0.202033,0.303049,0.0404065,0.161626,0.0404065,0.0202033,0.0202033,0,0.0202033,0,0,0
59872,59892,59882,6.2,-105.147,39.9303,481.412,-11.9119,321.922,4.47314,0.526172,22.0241,0.125572,0.000104978,2.7612,0.865176,0.386568,0.202488,0.110448,0.09204,0.018408,0.036816,0,0,0,0,0,0,0
59893,59911,59902,6.3,-105.145,39.9303,474.846,-12.6389,322.285,3.73332,0.512561,24.7821,0.145049,0.000146766,2.20327,0.754823,0.30601,0.102003,0.142804,0.0612019,0.142804,0.0204006,0,0,0,0,0,0,0
59912,59931,59922,6.4,-105.144,39.9303,468.707,-13.3105,322.649,3.93462,0.574083,31.7041,0.165677,0.000200218,2.26774,0.833441,0.348882,0.116294,0.174441,0.0387647,0.0581471,0.0581471,0.0387647,0,0,0,0,0,0
59932,59951,59942,6.5,-105.142,39.93,462.636,-13.797,323.246,3.89062,0.455168,19.6084,0.129239,9.35681e-05,2.44386,0.801586,0.195509,0.21506,0.136856,0.0586526,0.0195509,0,0.0195509,0,0,0,0,0,0
59952,59970,59961,6.6,-105.141,39.9295,456.685,-14.1717,323.984,4.49949,0.581641,34.8851,0.179931,0.000189821,2.94197,0.886918,0.346114,0.0865286,0.129793,0,0.0432643,0.0216321,0,0.0432643,0,0,0,0,0
59971,59990,59980,6.7,-105.14,39.9291,450.828,-15.0745,324.044,4.62036,0.606082,34.8664,0.172583,0.000186862,2.9954,0.802689,0.430711,0.0978889,0.117467,0.0783111,0.0587334,0,0,0.0391556,0,0,0,0,0
59991,60009,60000,6.8,-105.138,39.9288,444.913,-16.0589,324.026,5.50387,0.737432,41.7137,0.169699,0.000227026,3.62802,0.948232,0.267979,0.206137,0.226751,0.103069,0.082455,0,0,0.0412275,0,0,0,0,0
60010,60026,60018,6.9,-105.137,39.9284,439.316,-16.9713,324.044,5.21404,0.738676,42.4218,0.172289,0.000256478,3.14415,1.23146,0.262012,0.131006,0.183409,0.0524024,0.104805,0.0786037,0,0.0262012,0,0,0,0,0
60027,60045,60036,7,-105.136,39.9279,433.211,-17.9595,324.087,5.19833,0.614717,25.7786,0.125807,0.000128154,3.18138,1.20601,0.291107,0.145553,0.18714,0.06238,0.12476,0,0,0,0,0,0,0,0
60046,60065,60056,7.1,-105.135,39.9274,427.431,-18.482,324.675,5.65668,0.734639,48.8759,0.199591,0.000169704,3.62658,0.946065,0.65042,0.216807,0.0591291,0.0197097,0.0985484,0.0197097,0,0,0,0,0.0197097,0,0
60066,60088,60077,7.2,-105.134,39.9265,421.536,-18.6948,325.69,6.13089,0.65574,25.4324,0.116353,0.000108057,3.96704,1.23648,0.463681,0.223254,0.137387,0.0515201,0,0.0515201,0,0,0,0,0,0,0
60089,60108,60098,7.3,-105.132,39.9256,415.922,-19.097,326.421,3.94504,0.582438,34.207,0.176192,0.000206667,2.37892,0.792972,0.27754,0.13877,0.0991215,0.118946,0.0792972,0.0198243,0.0198243,0.0198243,0,0,0,0,0
60109,60129,60119,7.4,-105.131,39.9248,410.106,-19.6581,327.01,3.12973,0.373946,15.5415,0.124683,7.56917e-05,1.80197,0.739755,0.303489,0.0569042,0.132776,0.0189681,0.0758723,0,0,0,0,0,0,0,0
60130,60146,60138,7.5,-105.131,39.9238,405.079,-20.1924,327.476,2.63376,0.386812,18.9412,0.146902,0.000110579,1.46838,0.442845,0.279692,0.116538,0.163153,0.0699229,0.0699229,0.0233076,0,0,0,0,0,0,0
60148,60168,60158,7.6,-105.131,39.9228,399.339,-21.0362,327.721,2.73082,0.472191,28.3695,0.180241,0.000172012,1.33676,0.553802,0.286449,0.133676,0.210063,0.0954831,0.0763865,0.0190966,0,0.0190966,0,0,0,0,0
60169,60190,60180,7.7,-105.13,39.9216,394.033,-21.8895,327.86,2.90217,0.478143,24.8075,0.155649,0.000152067,1.43294,0.471602,0.399048,0.163247,0.199524,0.108831,0.0906927,0.0362771,0,0,0,0,0,0,0
60191,60211,60201,7.8,-105.129,39.9205,388.657,-22.74,328.032,2.48054,0.365297,21.2299,0.174351,0.000142189,1.48832,0.572432,0.114486,0.152648,0.0190811,0,0.0381621,0.0763242,0.0190811,0,0,0,0,0,0
60212,60233,60222,7.9,-105.128,39.9193,383.301,-23.6832,328.092,2.21705,0.478912,45.5915,0.285594,0.000195928,1.11769,0.458069,0.238196,0.0916138,0.109937,0.0549683,0.109937,0,0,0.0183228,0,0,0.0183228,0,0
60234,60253,60244,8,-105.127,39.918,378.142,-24.4505,328.362,1.85683,0.306809,15.4233,0.15081,8.95098e-05,0.766949,0.464206,0.222012,0.121097,0.100914,0.14128,0.0201829,0.0201829,0,0,0,0,0,0,0
60255,60274,60264,8.1,-105.126,39.9166,373.185,-25.279,328.501,1.84279,0.286743,15.1505,0.15851,9.79284e-05,0.931522,0.44551,0.222755,0.0202505,0.0810019,0.0202505,0.101252,0.0202505,0,0,0,0,0,0,0
60275,60298,60286,8.2,-105.125,39.9151,367.811,-25.8446,329.109,1.5627,0.204587,8.59457,0.126028,3.9576e-05,0.883267,0.271774,0.152873,0.0849295,0.0849295,0.0849295,0,0,0,0,0,0,0,0,0
60299,60318,60308,8.3,-105.124,39.9134,362.642,-26.6274,329.394,2.11618,0.289512,14.0323,0.145406,8.20377e-05,1.30391,0.363385,0.19238,0.0427512,0.0641268,0.0855024,0.0427512,0.0213756,0,0,0,0,0,0,0
60319,60339,60329,8.4,-105.123,39.9117,357.772,-27.4938,329.512,1.97693,0.290876,16.7776,0.173039,0.000105413,1.25981,0.329488,0.0775267,0.11629,0.0969083,0.0387633,0.0193817,0,0.0387633,0,0,0,0,0,0
60340,60363,60352,8.5,-105.121,39.91,352.679,-28.4517,329.577,2.26073,0.471296,37.7529,0.240314,0.000244163,1.20686,0.441947,0.220974,0.0849899,0.0679919,0.101988,0.033996,0.0509939,0,0.0509939,0,0,0,0,0
60364,60387,60376,8.6,-105.119,39.9081,347.917,-29.2757,329.742,1.81407,0.288302,17.8131,0.185359,0.000120328,1.11359,0.341261,0.107767,0.0718445,0.0538833,0.0359222,0.0359222,0.0179611,0.0359222,0,0,0,0,0,0
60388,60407,60398,8.7,-105.117,39.9061,343.183,-30.2905,329.654,1.76189,0.269147,14.2359,0.158678,9.00898e-05,1.05713,0.228009,0.186553,0.0621842,0.124368,0.0207281,0.0414562,0.0414562,0,0,0,0,0,0,0
60408,60425,60416,8.8,-105.116,39.9045,338.495,-31.2333,329.669,2.06828,0.337728,23.5928,0.209572,0.000154292,1.49376,0.25279,0.0689428,0.0229809,0.0689428,0.0459619,0.0459619,0.0459619,0,0.0229809,0,0,0,0,0
60426,60445,60436,8.9,-105.114,39.9029,333.836,-32.163,329.711,2.09343,0.39544,34.8141,0.264117,0.000149915,1.26435,0.352359,0.103635,0.124362,0.103635,0.062181,0.041454,0,0.020727,0,0.020727,0,0,0,0
60446,60461,60454,9,-105.112,39.9014,329.108,-33.1469,329.702,1.99352,0.356366,25.071,0.211055,0.000161915,1.13915,0.336568,0.284788,0,0.0517797,0.0517797,0.0776695,0.0258898,0,0.0258898,0,0,0,0,0
60462,60480,60471,9.1,-105.111,39.9,324.338,-34.0495,329.832,1.84176,0.337811,24.9537,0.221606,0.000165743,1.11821,0.30696,0.175406,0.0438514,0.0219257,0.0657771,0.0438514,0.0219257,0.0219257,0.0219257,0,0,0,0,0
60481,60502,60492,9.2,-105.109,39.8987,319.275,-34.9919,330.013,2.20231,0.453589,40.2655,0.266313,0.000203017,1.26132,0.420441,0.140147,0.060063,0.180189,0,0.020021,0.080084,0.020021,0,0.020021,0,0,0,0
