data/B2SAP/Locations/Boulder/NOAA-POPS-B2SAP_GMLBalloon_20210318_R0.ict
61,1001
Thornberry, T. D.
NOAA Chemical Sciences Laboratory
Portable Optical Particle Spectrometer (POPS)
Balloon Baseline Stratospheric Aerosol Profiles (B2SAP)
1,1
2021,03,18,2024,05,28
0
TIME_START,s,Seconds since midnight UTC on flight start day,Start time of 100 m altitude bin in UTC_seconds_since_midnight
28
1.0,1.0,1.0,1.0,1.0,1.0,1.0,1.0,1.0,1.0,1.0,1.0,1.0,1.0,1.0,1.0,1.0,1.0,1.0,1.0,1.0,1.0,1.0,1.0,1.0,1.0,1.0,1.0
99999,99999,99999,99999,99999,99999,99999,99999,99999,99999,99999,99999,99999,99999,99999,99999,99999,99999,99999,99999,99999,99999,99999,99999,99999,99999,99999,99999
TIME_STOP,s,End time of 100 m altitude bin in UTC seconds since midnight,
TIME_MID,s,Mid time of 100 m altitude in UTC seconds since midnight,
GPSAlt,m,GPS reported altitude above sea level (m),
GPS_Lon,deg,GPS reported longitude,
GPS_Lat,deg,GPS reported latitude,
iMet_Pressure,mb,Pressure reported (mB),
iMet_Temperature,degrees C,Ambient temperature (oC),
THETA,K,Potential temperature from iMet,
Aerosol_concentration,cm^-3,Aerosol concentration,
Surface_Area_Conc,um^2 cm^-3,Surface area concentration,
Volume_density,um^3 cm^-3,Volume density,
Effective_radius,um,Effective radius,
Extinction,km^-1,Extinction,
Bin01,cm^-3,particle concentration in size range [140 - 170 nm],
Bin02,cm^-3,particle concentration in size range [170 - 205 nm],
Bin03,cm^-3,particle concentration in size range [205 - 249 nm],
Bin04,cm^-3,particle concentration in size range [249 - 302 nm],
Bin05,cm^-3,particle concentration in size range [302 - 366 nm],
Bin06,cm^-3,particle concentration in size range [366 - 443 nm],
Bin07,cm^-3,particle concentration in size range [443 - 537 nm],
Bin08,cm^-3,particle concentration in size range [537 - 651 nm],
Bin09,cm^-3,particle concentration in size range [651 - 789 nm],
Bin10,cm^-3,particle concentration in size range [789 - 956 nm],
Bin11,cm^-3,particle concentration in size range [956 - 1159 nm],
Bin12,cm^-3,particle concentration in size range [1159 - 1404 nm],
Bin13,cm^-3,particle concentration in size range [1404 - 1702 nm],
Bin14,cm^-3,particle concentration in size range [1702 - 2062 nm],
Bin15,cm^-3,particle concentration in size range [2062 - 2500 nm],
0
19
PI_CONTACT_INFO: 325 Broadway R/CSL6, Boulder, CO 80305; troy.thornberry@noaa.gov; 303-497-3373 
PLATFORM: GML ECC/FPH balloon
LOCATION: Boulder, CO, USA
ASSOCIATED_DATA: N/A
INSTRUMENT_INFO: Printed Optical Particle Spectrometer counts particles from 140 - 2500 nm in diameter 
DATA_INFO: Particle concentrations reported in number per cubic centimeter, binned to 100 m altitude
UNCERTAINTY: Counting uncertainty dominated by air flow, less than 5 percent
ULOD_FLAG: -77777
ULOD_VALUE: 3000 ~3000 per cm3 (varies depending on flow rate- manufacturer quotes 1250  per cm3 at 1.667 cc/s)
LLOD_FLAG: -88888
LLOD_VALUE: 0 0 (varies depending on data field and measurement precision)
DM_CONTACT_INFO: Troy Thornberry, 325 Broadway R/CSL6, Boulder, CO 80305; troy.thornberry@noaa.gov; 303-497-3373
PROJECT_INFO: B2SAP Boulder, CO, USA
STIPULATIONS_ON_USE: Please contact the PIs for questions regarding applications and uncertainties
OTHER_COMMENTS: POPS bin Edges (nm):  140, 170, 205, 249, 302, 366, 443, 537, 651, 789, 956, 1159, 1404, 1702, 2062, 2500
Calculations assume sulfate refractive index of 1.45+0.00j and extinction wavelength = 532 nm
REVISION: R0
R0: QA/QC data
TIME_START,TIME_STOP,TIME_MID,GPSAlt,GPS_Lon,GPS_Lat,iMet_Pressure,iMet_Temperature,THETA,Aerosol_concentration,Surface_Area_Conc,Volume_density,Effective_radius,Extinction,Bin01,Bin02,Bin03,Bin04,Bin05,Bin06,Bin07,Bin08,Bin09,Bin10,Bin11,Bin12,Bin13,Bin14,Bin15
[from data line 149]
61276,61297,61286,16.6,-104.488,39.7431,94.4465,-62.4935,413.411,4.33343,0.692215,35.4192,0.153504,0.000213558,1.94102,0.932891,0.631959,0.376166,0.120373,0.13542,0.13542,0.0601865,0,0,0,0,0,0,0
61301,61322,61312,16.7,-104.485,39.7433,92.7863,-63.0611,414.384,4.58322,0.789899,44.9674,0.170784,0.000273631,2.01408,0.935675,0.586779,0.475767,0.253742,0.0951533,0.158589,0.0317178,0.0158589,0.0158589,0,0,0,0,0
61323,61344,61334,16.8,-104.481,39.7439,91.3855,-63.465,415.399,4.49037,0.917046,60.616,0.198298,0.000408683,1.69334,1.13393,0.604763,0.302382,0.33262,0.16631,0.0604763,0.105834,0.0755954,0.0151191,0,0,0,0,0
61347,61373,61360,16.9,-104.477,39.7451,89.7892,-63.86,416.706,4.50611,0.872389,55.7124,0.191586,0.000366243,1.91388,0.993281,0.56932,0.375509,0.205924,0.157471,0.157471,0.0847923,0.0242264,0.0242264,0,0,0,0,0
61377,61400,61388,17,-104.472,39.7464,88.3204,-63.9965,418.394,4.20595,0.681624,36.7024,0.161536,0.000215555,2.00409,0.896566,0.461468,0.30325,0.197772,0.184587,0.131848,0.0131848,0,0.0131848,0,0,0,0,0
61401,61426,61414,17.1,-104.467,39.7473,86.973,-63.4805,421.286,4.59176,0.823457,48.7786,0.177709,0.000310924,1.97006,1.16688,0.409166,0.424321,0.21216,0.166697,0.136389,0.0757715,0.0151543,0.0151543,0,0,0,0,0
61427,61449,61438,17.2,-104.462,39.7479,85.575,-62.9705,424.263,4.45959,0.901794,58.9516,0.196115,0.000390242,1.88569,0.908434,0.619387,0.220227,0.371632,0.178934,0.123877,0.0963491,0.0275283,0.0275283,0,0,0,0,0
61452,61475,61464,17.3,-104.457,39.7489,84.1545,-62.7195,426.804,4.82625,0.999211,66.0557,0.198324,0.0004463,1.85625,1.25125,0.5225,0.4125,0.22,0.17875,0.2475,0.06875,0.04125,0.0275,0,0,0,0,0
61476,61496,61486,17.4,-104.451,39.75,82.792,-62.5415,429.17,5.1695,0.985215,58.0304,0.176704,0.000375739,1.99178,1.29237,0.577767,0.410519,0.395314,0.182453,0.197657,0.106431,0,0.0152044,0,0,0,0,0
61497,61517,61507,17.5,-104.446,39.7509,81.4211,-62.12,432.077,5.91399,1.181,72.058,0.183043,0.000491162,2.25836,1.38101,0.796114,0.471169,0.357439,0.227461,0.243708,0.113731,0.0649889,0,0,0,0,0,0
61518,61537,61528,17.6,-104.441,39.7512,80.1025,-61.8931,434.57,4.99014,0.950788,51.9627,0.163957,0.000331093,1.55072,1.45131,0.675955,0.377739,0.397621,0.258453,0.19881,0.0795241,0,0,0,0,0,0,0
61537,61558,61548,17.7,-104.436,39.7509,78.795,-61.8663,436.672,5.54788,0.988843,53.7528,0.163078,0.000340705,2.35427,1.20784,0.614156,0.470853,0.388966,0.245662,0.143303,0.122831,0,0,0,0,0,0,0
61559,61580,61570,17.8,-104.431,39.7502,77.437,-61.837,438.899,5.40583,1.22378,82.7962,0.202968,0.00058529,1.93542,1.4182,0.550594,0.350378,0.433802,0.25027,0.200216,0.183531,0.0667387,0.0166847,0,0,0,0,0
61582,61601,61592,17.9,-104.427,39.7493,76.2374,-62.2553,440.002,4.3929,1.01478,75.2186,0.222369,0.000427998,1.62033,0.918188,0.504103,0.360074,0.450092,0.216044,0.180037,0.108022,0,0.0180037,0,0.0180037,0,0,0
61603,61624,61614,18,-104.424,39.7484,74.909,-62.3924,441.921,4.95074,0.965521,55.4507,0.172293,0.000359163,1.74926,1.15517,0.709606,0.429064,0.363054,0.297045,0.13202,0.0825124,0.033005,0,0,0,0,0,0
61625,61646,61636,18.1,-104.42,39.748,73.6394,-62.8572,443.106,5.15724,1.04722,58.6973,0.168152,0.000380934,1.73861,1.15256,0.683725,0.50791,0.35163,0.42977,0.214885,0.07814,0,0,0,0,0,0,0
61647,61669,61658,18.2,-104.417,39.7484,72.459,-62.8795,445.115,5.01985,1.11655,69.4786,0.186679,0.000488719,1.56533,1.24147,0.62973,0.575753,0.341854,0.197915,0.251892,0.197915,0.0179923,0,0,0,0,0,0
61671,61689,61680,18.3,-104.413,39.749,71.2975,-62.3544,448.281,5.46621,1.22246,84.8449,0.208216,0.00048347,1.83719,1.02066,0.861892,0.703123,0.385583,0.249495,0.249495,0.136088,0,0,0.0226814,0,0,0,0
61691,61709,61700,18.4,-104.409,39.7493,70.1193,-61.928,451.344,4.27061,0.999821,59.9038,0.179743,0.000411624,1.13554,0.863997,0.765255,0.469027,0.271542,0.39497,0.271542,0.0987425,0,0,0,0,0,0,0
61711,61725,61718,18.5,-104.407,39.7493,68.9623,-61.7754,453.814,5.41378,1.10684,67.5953,0.183211,0.000433346,1.74731,1.37493,0.744753,0.515599,0.45831,0.229155,0.229155,0.0859331,0,0.0286444,0,0,0,0,0
61726,61747,61736,18.6,-104.405,39.7495,67.8027,-62.2418,455.013,4.25268,0.977789,61.1768,0.187699,0.000417893,1.22243,0.946954,0.585389,0.464868,0.464868,0.292695,0.103304,0.120521,0.051652,0,0,0,0,0,0
61748,61767,61758,18.7,-104.403,39.7499,66.5758,-62.6383,456.538,5.0938,1.18404,69.2601,0.175485,0.000466165,1.36896,0.891414,0.92325,0.668561,0.318362,0.50938,0.350198,0.0636724,0,0,0,0,0,0,0
61769,61778,61774,18.8,-104.401,39.7502,65.8309,-61.3136,460.883,4.36937,1.1678,85.5856,0.219864,0.00057652,1.339,0.704737,0.739974,0.246658,0.634263,0.317132,0.211421,0.105711,0,0.0704737,0,0,0,0,0
61785,61799,61792,18.9,-104.401,39.7507,64.6218,-61.2664,463.44,4.24697,0.835479,44.0834,0.158293,0.00026283,0.92791,1.03498,0.856533,0.749466,0.285511,0.214133,0.107067,0.0713777,0,0,0,0,0,0,0
61800,61819,61810,19,-104.401,39.7512,63.4895,-61.7774,464.66,4.74522,1.26969,94.5836,0.22348,0.000568514,1.16512,1.01683,0.741441,0.487233,0.508417,0.402496,0.254208,0.127104,0,0.021184,0.021184,0,0,0,0
61820,61837,61828,19.1,-104.401,39.7517,62.4095,-62.4289,465.502,4.80582,1.13034,78.1894,0.207521,0.00043072,1.34563,0.897087,0.683495,0.747572,0.555339,0.299029,0.170874,0.0640776,0.0213592,0,0.0213592,0,0,0,0
61838,61856,61847,19.2,-104.402,39.7523,61.3026,-62.8732,466.908,4.69856,1.01214,57.4675,0.170335,0.000377046,1.28937,1.07083,0.830443,0.393368,0.415222,0.393368,0.240392,0.0655613,0,0,0,0,0,0,0
61857,61875,61866,19.3,-104.402,39.7531,60.3547,-63.9289,466.626,5.37995,1.29459,88.9685,0.206169,0.000603698,1.3948,1.5055,0.730611,0.442794,0.619912,0.221397,0.265677,0.110699,0.0442794,0.0442794,0,0,0,0,0
61876,61893,61884,19.4,-104.402,39.7541,59.39,-64.3213,467.913,4.57735,1.11361,68.3289,0.184074,0.000477437,1.39311,0.881353,0.483323,0.511753,0.454892,0.454892,0.255877,0.142154,0,0,0,0,0,0,0
61894,61916,61905,19.5,-104.401,39.7548,58.337,-63.9985,471.031,4.56896,1.21428,79.6001,0.19666,0.000572937,1.32088,0.844499,0.476384,0.498038,0.476384,0.498038,0.259846,0.151577,0.0433076,0,0,0,0,0,0
61917,61938,61928,19.6,-104.399,39.7557,57.3787,-63.9131,473.459,4.51314,1.16373,77.167,0.198931,0.000551842,1.01204,1.12145,0.683809,0.410286,0.5744,0.246171,0.273524,0.109409,0.0820571,0,0,0,0,0,0
61940,61962,61951,19.7,-104.397,39.7567,56.3842,-63.8511,475.974,4.6112,1.25934,95.7701,0.228143,0.000591609,1.36454,0.729322,0.776375,0.54111,0.329371,0.423477,0.188212,0.211739,0.0235265,0,0.0235265,0,0,0,0
61963,61984,61974,19.8,-104.395,39.7577,55.481,-64.293,477.158,4.90836,1.42482,100.92,0.21249,0.000709393,1.1708,0.765524,0.810555,0.472824,0.675462,0.472824,0.315216,0.157608,0.0225154,0.0450308,0,0,0,0,0
61984,62009,61996,19.9,-104.393,39.7586,54.5044,-64.6588,478.755,4.89763,1.13605,66.2459,0.174938,0.00043647,1.2152,1.04949,0.626013,0.681249,0.552364,0.460304,0.239358,0.0552364,0.0184121,0,0,0,0,0,0
62010,62030,62020,20,-104.392,39.7592,53.6774,-64.26,481.762,4.18428,1.21268,100.58,0.24882,0.000614032,1.05219,0.807492,0.636206,0.636206,0.46492,0.146817,0.171286,0.146817,0.0734083,0.0244694,0.0244694,0,0,0,0
62032,62051,62042,20.1,-104.39,39.7594,52.7795,-63.9271,484.868,3.91947,1.01745,66.7065,0.196687,0.000448714,0.775036,0.841467,0.575741,0.597885,0.509309,0.310014,0.177151,0.0885755,0.0221439,0.0221439,0,0,0,0,0
62052,62069,62060,20.2,-104.389,39.759,51.8975,-63.3687,488.505,3.46518,0.839624,51.1325,0.182698,0.000348292,0.969076,0.587319,0.557953,0.293659,0.469855,0.323025,0.205562,0.0293659,0.0293659,0,0,0,0,0,0
62071,62090,62080,20.3,-104.389,39.7585,51.0095,-63.5,490.606,4.01468,1.00524,61.5523,0.183694,0.000420839,1.00998,0.908985,0.353494,0.353494,0.681739,0.429243,0.176747,0.0757488,0.0252496,0,0,0,0,0,0
62091,62110,62100,20.4,-104.389,39.758,50.1789,-64.1368,491.427,3.33719,0.899151,60.5197,0.201923,0.000439199,0.789717,0.611393,0.611393,0.382121,0.356646,0.203798,0.203798,0.127374,0.0509495,0,0,0,0,0,0
62111,62130,62120,20.5,-104.389,39.7573,49.2905,-64.2737,493.608,3.28642,0.714802,39.2873,0.164887,0.000244268,0.828074,0.543424,0.672811,0.414037,0.38816,0.310528,0.077632,0.0517547,0,0,0,0,0,0,0
62130,62148,62139,20.6,-104.389,39.7566,48.4263,-64.6538,495.218,4.00217,1.02894,62.3042,0.181656,0.000432943,0.719139,0.969274,0.656605,0.343936,0.531538,0.375203,0.343936,0.0625338,0,0,0,0,0,0,0
62153,62166,62160,20.7,-104.388,39.7559,47.6947,-64.2733,498.277,3.545,0.84282,49.5361,0.176323,0.000328866,0.836086,0.601982,0.601982,0.601982,0.334434,0.334434,0.133774,0.10033,0,0,0,0,0,0,0
62172,62190,62181,20.8,-104.386,39.7557,46.85,-62.9433,504.017,3.63216,1.03045,65.9827,0.192099,0.00046495,0.506813,0.633516,0.67575,0.591282,0.506813,0.295641,0.337875,0.0422344,0.0422344,0,0,0,0,0,0
62191,62213,62202,20.9,-104.385,39.7562,46.0504,-61.7465,509.389,3.7719,1.0225,63.6241,0.186672,0.000447846,0.84812,0.602612,0.535655,0.446379,0.557974,0.401741,0.267827,0.111595,0,0,0,0,0,0,0
62214,62237,62226,21,-104.383,39.7569,45.2743,-61.2962,512.953,3.69932,0.893093,53.7043,0.180399,0.000369081,0.734965,0.881958,0.685967,0.440979,0.342984,0.269487,0.244988,0.0979953,0,0,0,0,0,0,0
62238,62260,62249,21.1,-104.382,39.7573,44.5889,-62.1078,513.229,3.28624,0.837813,49.9153,0.178734,0.000341151,0.769749,0.473692,0.503297,0.532903,0.384875,0.296057,0.296057,0.0296057,0,0,0,0,0,0,0
62261,62281,62271,21.2,-104.38,39.7575,43.8229,-62.3152,515.259,3.82547,0.87629,48.9107,0.167447,0.000313567,1.07832,0.590509,0.590509,0.410789,0.487811,0.462137,0.205394,0,0,0,0,0,0,0,0
62285,62306,62296,21.3,-104.379,39.7577,43.018,-62.8885,516.596,4.06434,0.988245,61.4261,0.18647,0.000419576,1.08382,0.731581,0.596103,0.596103,0.379338,0.352243,0.24386,0.0270956,0.0541912,0,0,0,0,0,0
62307,62327,62317,21.4,-104.378,39.7577,42.3341,-63.5171,517.409,4.21794,1.00319,62.8153,0.187846,0.000430487,1.1444,0.915521,0.588549,0.425064,0.523155,0.294275,0.22888,0.0326972,0.0653944,0,0,0,0,0,0
62328,62348,62338,21.5,-104.378,39.7578,41.6472,-63.9961,518.646,3.95771,1.01379,61.7386,0.182697,0.000420333,0.910903,0.69103,0.596798,0.314104,0.785261,0.345515,0.251283,0.0314104,0.0314104,0,0,0,0,0,0
62350,62370,62360,21.6,-104.377,39.7579,40.9329,-64.1271,520.893,3.20483,0.774947,48.2685,0.186859,0.000341227,1.02339,0.511696,0.511696,0.269314,0.350108,0.242382,0.161588,0.134657,0,0,0,0,0,0,0
62371,62394,62382,21.7,-104.377,39.7579,40.2345,-63.6918,524.543,3.07349,0.708628,41.182,0.174345,0.000276314,0.937676,0.494885,0.364652,0.520931,0.234419,0.260466,0.234419,0.0260466,0,0,0,0,0,0,0
62395,62417,62406,21.8,-104.376,39.7581,39.5414,-63.2614,528.247,3.63755,0.64134,30.918,0.144625,0.00016732,1.30507,0.721956,0.444281,0.416513,0.472048,0.22214,0.0555351,0,0,0,0,0,0,0,0
62418,62442,62430,21.9,-104.376,39.7582,38.8915,-63.3955,530.405,3.49339,0.760728,45.3233,0.178737,0.000309051,1.23296,0.557769,0.557769,0.410987,0.23485,0.23485,0.146781,0.117425,0,0,0,0,0,0,0
62444,62468,62456,22,-104.376,39.7586,38.2117,-62.4796,535.423,3.15645,0.735686,41.7915,0.170419,0.000271869,0.890935,0.48365,0.356374,0.48365,0.458195,0.280008,0.178187,0.0254553,0,0,0,0,0,0,0
62469,62489,62479,22.1,-104.375,39.7595,37.55,-61.8644,539.663,3.30464,0.558771,28.2057,0.151434,0.00016481,1.4481,0.519831,0.519831,0.259915,0.334177,0.111392,0.0742616,0.0371308,0,0,0,0,0,0,0
62490,62510,62500,22.2,-104.374,39.7605,36.9347,-62.1853,541.4,2.79925,0.531554,28.3459,0.15998,0.00017405,0.968971,0.574205,0.466542,0.251215,0.215327,0.215327,0.0717756,0.0358878,0,0,0,0,0,0,0
62512,62533,62522,22.3,-104.373,39.7614,36.3212,-61.9635,544.566,2.73302,0.409614,17.9287,0.131309,8.52675e-05,1.11479,0.611334,0.43153,0.143843,0.287687,0.143843,0,0,0,0,0,0,0,0,0
62534,62553,62544,22.4,-104.371,39.7621,35.6721,-61.5253,548.516,2.16695,0.281809,11.0574,0.117712,4.38319e-05,0.905591,0.614508,0.291083,0.12937,0.194055,0.0323425,0,0,0,0,0,0,0,0,0
62556,62573,62564,22.5,-104.37,39.7626,35.0836,-61.4079,551.435,2.48777,0.358868,15.4643,0.129275,7.3156e-05,1.02176,0.621943,0.266547,0.266547,0.266547,0,0.0444245,0,0,0,0,0,0,0,0
62574,62593,62584,22.6,-104.369,39.7626,34.4927,-60.7267,555.898,2.28534,0.348228,15.1148,0.130215,6.89209e-05,0.973386,0.211606,0.550175,0.296248,0.126963,0.126963,0,0,0,0,0,0,0,0,0
62594,62613,62604,22.7,-104.367,39.7626,33.9394,-59.9606,560.491,1.81852,0.270143,11.3106,0.125606,4.85056e-05,0.711596,0.316265,0.316265,0.237199,0.197666,0.0395331,0,0,0,0,0,0,0,0,0
62615,62633,62624,22.8,-104.364,39.7627,33.368,-60.3813,562.099,2.02763,0.264181,10.3542,0.117581,4.08952e-05,0.971574,0.464666,0.168969,0.168969,0.253454,0,0,0,0,0,0,0,0,0,0
62634,62656,62645,22.9,-104.362,39.7626,32.774,-60.2267,565.41,2.0168,0.197768,6.31967,0.0958647,1.58461e-05,1.28732,0.300375,0.343286,0.0429107,0.0429107,0,0,0,0,0,0,0,0,0,0
62656,62677,62666,23,-104.36,39.7618,32.2426,-60.0532,568.509,2.22778,0.222268,7.12809,0.0962092,1.75805e-05,1.35756,0.348091,0.41771,0.0696183,0.0348091,0,0,0,0,0,0,0,0,0,0
62680,62699,62690,23.1,-104.359,39.7609,31.6725,-59.92,571.784,2.16547,0.234242,8.36018,0.107071,2.8278e-05,1.27707,0.388675,0.33315,0.11105,0,0.0555249,0,0,0,0,0,0,0,0,0
62700,62720,62710,23.2,-104.359,39.7603,31.204,-60.2413,573.348,1.61303,0.173449,5.76161,0.0996539,1.53833e-05,0.672098,0.582485,0.268839,0.0448065,0.0448065,0,0,0,0,0,0,0,0,0,0
62721,62739,62730,23.3,-104.359,39.7599,30.6253,-60.1459,576.691,1.81164,0.156764,4.50236,0.0861617,7.99356e-06,1.1815,0.511985,0.0787669,0.0393835,0,0,0,0,0,0,0,0,0,0,0
62742,62752,62747,23.4,-104.359,39.7601,30.2191,-59.95,579.419,0.984604,0.105831,3.35359,0.0950647,7.14744e-06,0.246151,0.492302,0.246151,0,0,0,0,0,0,0,0,0,0,0,0
57112,57437,57274,1.7,-105.197,39.9491,828.526,0.852,289.129,339.042,63.0748,3237.05,0.153962,0.0186977,103.301,73.9495,56.5664,36.9747,42.2467,15.6021,8.05038,1.63857,0.641181,0.0712423,0,0,0,0,0
57126,57724,57425,1.8,-105.197,39.9491,828.495,0.679167,288.949,342.747,66.9162,3848.51,0.172537,0.0210668,101.567,77.6106,54.6705,36.2949,43.1416,16.4468,10.6897,1.57548,0.39755,0.117793,0.0441722,0.117793,0.0147241,0.0294482,0.0294482
64328,64329,64328,23.4,-104.249,39.789,30.06,-59.09,582.641,3.25456,0.240553,6.19338,0.0772392,7.71619e-06,2.89294,0.361618,0,0,0,0,0,0,0,0,0,0,0,0,0
64331,64342,64336,23.3,-104.249,39.7891,30.3225,-59.545,579.959,1.99313,0.180814,5.42699,0.0900426,1.10547e-05,1.35896,0.362388,0.181194,0.090597,0,0,0,0,0,0,0,0,0,0,0
64345,64359,64352,23.2,-104.248,39.7888,30.863,-60.399,574.728,2.47497,0.235212,7.10314,0.0905966,1.39888e-05,1.38307,0.582346,0.509552,0,0,0,0,0,0,0,0,0,0,0,0
64360,64374,64367,23.1,-104.248,39.7882,31.42,-59.8709,573.222,2.23296,0.173135,4.6139,0.0799475,6.49513e-06,1.83891,0.328376,0.0656752,0,0,0,0,0,0,0,0,0,0,0,0
64378,64389,64384,23,-104.247,39.7876,31.97,-59.7,570.839,2.08013,0.206219,6.60175,0.0960396,1.69131e-05,1.10507,0.650041,0.260016,0,0.0650041,0,0,0,0,0,0,0,0,0,0
64391,64405,64398,22.9,-104.245,39.7872,32.526,-59.873,567.579,1.89028,0.165518,4.8258,0.0874674,9.06697e-06,1.26019,0.490073,0.0700105,0.0700105,0,0,0,0,0,0,0,0,0,0,0
64407,64421,64414,22.8,-104.243,39.787,33.0789,-60.4633,563.279,1.23622,0.12803,4.11579,0.0964413,9.57874e-06,0.618112,0.309056,0.231792,0.077264,0,0,0,0,0,0,0,0,0,0,0
64424,64440,64432,22.7,-104.241,39.7868,33.647,-60.045,561.66,2.34652,0.229164,7.46246,0.0976913,2.03542e-05,1.58735,0.414092,0.138031,0.138031,0.0690153,0,0,0,0,0,0,0,0,0,0
64441,64458,64450,22.6,-104.24,39.7867,34.2683,-60.9133,556.442,1.96343,0.177508,5.36604,0.0906898,1.13023e-05,1.4437,0.230992,0.173244,0.115496,0,0,0,0,0,0,0,0,0,0,0
64460,64476,64468,22.5,-104.238,39.7869,34.8709,-62.2464,550.211,2.20885,0.230379,7.63855,0.0994692,2.07284e-05,1.2622,0.378659,0.441769,0.0631099,0.0631099,0,0,0,0,0,0,0,0,0,0
64477,64494,64486,22.4,-104.237,39.7874,35.48,-62.7991,546.053,1.67812,0.225176,8.81956,0.117502,3.39293e-05,0.683677,0.435067,0.186457,0.186457,0.186457,0,0,0,0,0,0,0,0,0,0
