data/B2SAP/Locations/Boulder/NOAA-POPS-B2SAP_GMLBalloon_20221104_R0.ict
61,1001
Thornberry, T. D.
NOAA Chemical Sciences Laboratory
Portable Optical Particle Spectrometer (POPS)
Balloon Baseline Stratospheric Aerosol Profiles (B2SAP)
1,1
2022,11,04,2024,05,30
0
TIME_START,s,Seconds since midnight UTC on flight start day,Start time of 100 m altitude bin in UTC_seconds_since_midnight
28
1.0,1.0,1.0,1.0,1.0,1.0,1.0,1.0,1.0,1.0,1.0,1.0,1.0,1.0,1.0,1.0,1.0,1.0,1.0,1.0,1.0,1.0,1.0,1.0,1.0,1.0,1.0,1.0
99999,99999,99999,99999,99999,99999,99999,99999,99999,99999,99999,99999,99999,99999,99999,99999,99999,99999,99999,99999,99999,99999,99999,99999,99999,99999,99999,99999
TIME_STOP,s,End time of 100 m altitude bin in UTC seconds since midnight,
TIME_MID,s,Mid time of 100 m altitude in UTC seconds since midnight,
GPSAlt,m,GPS reported altitude above sea level (m),
GPS_Lon,deg,GPS reported longitude,
GPS_Lat,deg,GPS reported latitude,
iMet_Pressure,mb,Pressure reported (mB),
iMet_Temperature,degrees C,Ambient temperature (oC),
THETA,K,Potential temperature from iMet,
Aerosol_concentration,cm^-3,Aerosol concentration,
Surface_Area_Conc,um^2 cm^-3,Surface area concentration,
Volume_density,um^3 cm^-3,Volume density,
Effective_radius,um,Effective radius,
Extinction,km^-1,Extinction,
Bin01,cm^-3,particle concentration in size range [140 - 170 nm],
Bin02,cm^-3,particle concentration in size range [170 - 205 nm],
Bin03,cm^-3,particle concentration in size range [205 - 249 nm],
Bin04,cm^-3,particle concentration in size range [249 - 302 nm],
Bin05,cm^-3,particle concentration in size range [302 - 366 nm],
Bin06,cm^-3,particle concentration in size range [366 - 443 nm],
Bin07,cm^-3,particle concentration in size range [443 - 537 nm],
Bin08,cm^-3,particle concentration in size range [537 - 651 nm],
Bin09,cm^-3,particle concentration in size range [651 - 789 nm],
Bin10,cm^-3,particle concentration in size range [789 - 956 nm],
Bin11,cm^-3,particle concentration in size range [956 - 1159 nm],
Bin12,cm^-3,particle concentration in size range [1159 - 1404 nm],
Bin13,cm^-3,particle concentration in size range [1404 - 1702 nm],
Bin14,cm^-3,particle concentration in size range [1702 - 2062 nm],
Bin15,cm^-3,particle concentration in size range [2062 - 2500 nm],
0
19
PI_CONTACT_INFO: 325 Broadway R/CSL6, Boulder, CO 80305; troy.thornberry@noaa.gov; 303-497-3373 
PLATFORM: GML ECC/FPH balloon
LOCATION: Boulder, CO, USA
ASSOCIATED_DATA: N/A
INSTRUMENT_INFO: Printed Optical Particle Spectrometer counts particles from 140 - 2500 nm in diameter 
DATA_INFO: Particle concentrations reported in number per cubic centimeter, binned to 100 m altitude
UNCERTAINTY: Counting uncertainty dominated by air flow, less than 5 percent
ULOD_FLAG: -77777
ULOD_VALUE: 3000 ~3000 per cm3 (varies depending on flow rate- manufacturer quotes 1250  per cm3 at 1.667 cc/s)
LLOD_FLAG: -88888
LLOD_VALUE: 0 0 (varies depending on data field and measurement precision)
DM_CONTACT_INFO: Troy Thornberry, 325 Broadway R/CSL6, Boulder, CO 80305; troy.thornberry@noaa.gov; 303-497-3373
PROJECT_INFO: B2SAP Boulder, CO, USA
STIPULATIONS_ON_USE: Please contact the PIs for questions regarding applications and uncertainties
OTHER_COMMENTS: POPS bin Edges (nm):  140, 170, 205, 249, 302, 366, 443, 537, 651, 789, 956, 1159, 1404, 1702, 2062, 2500
Calculations assume sulfate refractive index of 1.45+0.00j and extinction wavelength = 532 nm
REVISION: R0
R0: QA/QC data
TIME_START,TIME_STOP,TIME_MID,GPSAlt,GPS_Lon,GPS_Lat,iMet_Pressure,iMet_Temperature,THETA,Aerosol_concentration,Surface_Area_Conc,Volume_density,Effective_radius,Extinction,Bin01,Bin02,Bin03,Bin04,Bin05,Bin06,Bin07,Bin08,Bin09,Bin10,Bin11,Bin12,Bin13,Bin14,Bin15
58986,59587,59286,1.8,-105.197,39.9493,818.639,-1.8759,287.238,325.749,97.8474,6222.65,0.190786,0.0417584,50.7004,39.9695,41.9326,41.7344,77.9193,40.6396,29.5312,2.56711,0.396392,0.141568,0.113255,0.0660653,0.0188758,0.0094379,0.0094379
59588,59605,59596,1.9,-105.197,39.9503,808.221,-2.90667,287.196,311.025,90.4654,5561.68,0.184436,0.0375955,47.4377,39.4569,43.295,42.6655,72.4562,36.2078,26.8461,2.07134,0.385837,0.101536,0.0609217,0.0203072,0.0203072,0,0
59607,59625,59616,2,-105.198,39.9511,798.038,-2.25158,288.934,182.8,37.8133,1954.72,0.155082,0.0108466,34.0951,36.8961,38.6154,27.7204,30.4828,9.98706,4.52026,0.367029,0.057952,0,0.0193173,0.0386347,0,0,0
59626,59643,59634,2.1,-105.198,39.9517,788.108,-3.05444,289.109,167.035,33.4114,1747.25,0.156885,0.00945163,33.5297,35.8998,35.389,24.948,24.4372,8.25471,4.06606,0.429082,0.0204325,0.0204325,0,0.0204325,0,0.0204325,0
59644,59662,59653,2.2,-105.198,39.9521,777.55,-3.35444,289.909,134.247,22.8189,1096.01,0.144093,0.00529114,33.3459,34.3127,29.4785,17.2181,14.2147,3.59995,1.70741,0.246854,0.0411423,0.0205712,0.0411423,0,0.0205712,0,0
59663,59679,59671,2.3,-105.198,39.9526,767.419,-3.02529,291.349,119.284,19.4795,991.136,0.152643,0.00441793,33.7503,30.3948,25.8702,14.8294,10.0017,2.72774,1.36387,0.17319,0.0432974,0.0432974,0.0216487,0.0216487,0.0216487,0.0216487,0
59680,59695,59688,2.4,-105.197,39.9531,758.158,-3.82313,291.495,118.269,19.3666,1017.54,0.157624,0.00441474,32.8564,31.6935,25.2408,14.4559,9.89568,2.46252,1.20846,0.228011,0.0684033,0.0228011,0.0684033,0.0228011,0.0228011,0.0228011,0
59696,59718,59707,2.5,-105.196,39.9534,747.661,-4.39696,292.039,111.605,18.1469,981.578,0.162272,0.00427896,32.0272,30.4669,23.0834,12.8849,9.13684,2.33247,1.15819,0.273462,0.128688,0.048258,0,0.032172,0,0.016086,0.016086
59719,59738,59728,2.6,-105.194,39.9536,738.21,-4.5425,292.944,96.4111,14.6751,686.148,0.140267,0.00311678,30.8093,25.4737,19.6565,10.523,7.13265,1.63032,0.833686,0.185264,0.0555791,0.0741054,0,0.0185264,0.0185264,0,0
59739,59757,59748,2.7,-105.193,39.9537,728.775,-5.22389,293.274,88.2813,14.0496,706.885,0.150941,0.0031367,26.1612,23.1527,18.9653,10.3669,7.05356,1.44324,0.711454,0.121964,0.182945,0.0203273,0.0609818,0.0203273,0.0203273,0,0
59758,59777,59768,2.8,-105.192,39.954,719.856,-6.074,293.371,88.332,13.9037,649.289,0.140097,0.00294566,25.2298,23.0826,18.8437,11.3469,7.27462,1.55488,0.666378,0.166594,0.111063,0.0185105,0,0.0185105,0.0185105,0,0
59778,59794,59786,2.9,-105.191,39.9543,710.782,-7.01647,293.404,85.4497,13.5697,658.463,0.145574,0.00286048,23.0523,22.2156,19.8377,10.6785,7.13365,1.49719,0.902715,0.0660523,0.0220174,0.0220174,0,0,0,0.0220174,0
59795,59811,59803,3,-105.191,39.9545,701.858,-7.88118,293.506,83.0888,13.5089,703.119,0.156145,0.00314289,24.7686,20.5526,17.6542,10.2104,7.00458,1.77859,0.790486,0.131748,0.0878317,0.0658738,0,0,0.0219579,0.0219579,0
59812,59829,59820,3.1,-105.191,39.9544,692.423,-8.405,294.058,75.1752,12.7396,929.781,0.218951,0.00329165,23.9403,19.4122,15.0308,8.23867,5.82786,1.65612,0.733723,0.125781,0.0838541,0.0209635,0,0,0.0209635,0.0419271,0.0419271
59830,59848,59839,3.2,-105.19,39.9544,683.531,-9.05842,294.421,68.871,10.6387,519.506,0.146495,0.00232797,22.8649,17.6324,13.4069,7.72035,4.97577,1.28343,0.73057,0.157961,0,0.0394903,0.0394903,0,0.0197451,0,0
59849,59867,59858,3.3,-105.19,39.9542,674.58,-9.69632,294.819,62.7992,9.49867,448.071,0.141516,0.00201387,20.9397,16.9862,11.642,6.63554,4.66872,1.09268,0.695341,0.0397338,0.0198669,0.0397338,0.0198669,0.0198669,0,0,0
59868,59885,59876,3.4,-105.19,39.9541,666.288,-10.5065,294.949,58.3618,9.37692,586.727,0.187714,0.002214,19.8479,14.8302,10.9275,6.75721,4.14799,1.02585,0.579826,0.111505,0,0.044602,0.022301,0.022301,0.022301,0,0.022301
59886,59903,59894,3.5,-105.19,39.9544,657.713,-11.1756,295.289,56.7564,8.45357,382.721,0.13582,0.00173989,19.7672,14.6769,10.2229,6.02347,4.34793,1.16652,0.36056,0.106047,0.0636282,0,0.0212094,0,0,0,0
59904,59922,59913,3.6,-105.19,39.9542,649.101,-11.8111,295.688,50.4908,7.47786,374.277,0.150154,0.00162331,19.9578,12.4438,8.50789,4.71114,3.14076,0.974034,0.576469,0.079513,0.0397565,0,0,0.0397565,0.0198782,0,0
59923,59945,59934,3.7,-105.189,39.9536,640.687,-11.785,296.819,47.9758,6.79142,317.25,0.14014,0.00148589,20.1714,12.367,7.15263,3.87648,2.89879,0.720408,0.634646,0.0686103,0.0171526,0.0514577,0,0.0171526,0,0,0
59946,59970,59958,3.8,-105.188,39.9531,632.049,-12.2332,297.458,45.5218,6.39947,297.083,0.139269,0.00140966,19.3626,11.8562,6.76635,3.41338,2.55248,0.951517,0.39269,0.120828,0.0604138,0.0302069,0.0151035,0,0,0,0
59971,59990,59980,3.9,-105.186,39.9525,624.026,-12.965,297.716,43.662,6.0739,270.714,0.13371,0.00133082,19.342,10.431,6.726,3.363,2.109,0.950001,0.551,0.152,0.019,0.019,0,0,0,0,0
59991,60011,60001,4,-105.184,39.9516,615.575,-13.3014,298.488,44.4405,6.093,283.193,0.139435,0.0013023,20.4332,11.1011,5.75813,3.3213,2.36462,0.740073,0.559567,0.108303,0.0180506,0.0180506,0,0,0.0180506,0,0
60012,60027,60020,4.1,-105.182,39.9511,607.715,-13.7538,299.061,40.4025,5.37044,250.399,0.139876,0.00109467,18.923,10.8951,4.87411,2.36538,2.15034,0.692888,0.334498,0.0955707,0.0477854,0,0,0,0.0238927,0,0
60028,60044,60036,4.2,-105.181,39.9508,599.914,-14.0876,299.787,39.8084,5.64387,364.16,0.193569,0.00136649,18.4841,10.7523,4.62102,2.6599,2.05128,0.608622,0.29304,0.29304,0.0225416,0,0,0,0,0,0.0225416
60045,60060,60052,4.3,-105.18,39.9507,592.023,-15.0056,299.854,34.4522,4.57154,201.428,0.132184,0.000969412,16.2778,9.36333,3.57727,2.28081,1.82465,0.64823,0.336119,0.0960341,0.0240085,0.0240085,0,0,0,0,0
60061,60078,60070,4.4,-105.179,39.9506,584.095,-15.9478,299.909,32.5829,4.37899,193.367,0.132474,0.000969188,15.5859,8.14573,3.97665,2.20213,1.43245,0.598636,0.470357,0.149659,0.0213799,0,0,0,0,0,0
60079,60098,60088,4.5,-105.178,39.9504,576.048,-16.835,300.067,26.4992,3.82477,193.739,0.151961,0.000915569,12.29,6.16441,3.64437,1.72526,1.60895,0.600933,0.290774,0.11631,0.0193849,0.0193849,0,0,0.0193849,0,0
60099,60116,60108,4.6,-105.178,39.9502,568.466,-17.5872,300.32,20.8285,3.11101,251.555,0.242579,0.000852698,10.0054,5.48686,2.40991,1.16192,1.03282,0.36579,0.215171,0.0645512,0.0645512,0,0,0,0,0,0.0215171
60117,60133,60125,4.7,-105.178,39.9501,560.932,-17.9118,301.08,19.8601,2.79773,149.318,0.160114,0.000713889,10.0782,4.81111,1.89252,1.34529,1.02607,0.342022,0.182412,0.114007,0,0.0456029,0.0228015,0,0,0,0
60134,60152,60143,4.8,-105.178,39.9498,553.531,-18.4742,301.564,20.5138,2.82564,126.662,0.134478,0.000649404,9.94054,4.69471,2.65353,1.36759,0.91853,0.530706,0.285765,0.122471,0,0,0,0,0,0,0
60153,60172,60162,4.9,-105.178,39.9496,546.144,-19.29,301.753,19.5894,2.62282,112.316,0.128468,0.00053075,9.54155,4.55657,2.27829,1.32413,1.12941,0.545231,0.194725,0,0.0194725,0,0,0,0,0,0
60173,60192,60182,5,-105.178,39.9496,538.812,-19.479,302.691,22.2348,3.37173,177.061,0.157541,0.000887979,10.4256,4.96922,2.70871,1.52,1.48102,0.526153,0.448204,0.116923,0.0194871,0,0,0,0.0194871,0,0
60193,60211,60202,5.1,-105.177,39.9498,531.704,-20.2979,302.863,21.7383,3.38852,183.46,0.162425,0.000963955,10.1023,5.01024,2.49489,1.53375,1.32925,0.613498,0.531699,0.0204499,0.0613498,0.0204499,0,0.0204499,0,0,0
60212,60230,60221,5.2,-105.177,39.95,524.693,-21.21,302.922,20.6083,3.1933,173.602,0.163093,0.000862288,9.23961,4.65081,2.87317,1.61228,1.09552,0.578768,0.392735,0.124022,0,0.0206703,0,0,0.0206703,0,0
60231,60249,60240,5.3,-105.176,39.9502,517.624,-22.1042,303.017,20.065,2.99948,157.877,0.157905,0.000794998,9.44237,4.65906,2.40201,1.36666,1.30454,0.414139,0.289897,0.103535,0.0621208,0,0,0.0207069,0,0,0
60250,60267,60258,5.4,-105.175,39.9505,510.639,-22.9606,303.155,19.723,2.8769,135.6,0.141402,0.000701539,8.65462,4.87094,2.63118,1.41344,1.23948,0.543632,0.282688,0.0434905,0.0217453,0.0217453,0,0,0,0,0
60268,60285,60276,5.5,-105.174,39.9506,503.696,-23.6961,303.447,20.301,3.23258,231.316,0.214673,0.000912706,9.14201,5.15197,2.60887,1.27155,1.18386,0.416542,0.394619,0.0657699,0.0219233,0,0,0,0.0219233,0.0219233,0
60286,60302,60294,5.6,-105.174,39.9505,496.928,-24.0465,304.192,19.6666,3.37648,261.712,0.232531,0.00106483,8.85693,4.50983,2.67335,1.46453,1.13908,0.395191,0.418437,0.116233,0,0.0232465,0.0464931,0,0,0.0232465,0
60303,60319,60311,5.7,-105.173,39.9503,490.079,-24.7876,304.501,20.0908,3.21462,196.625,0.183498,0.000991554,9.22776,5.04606,2.54639,1.23815,0.887734,0.397144,0.537312,0.0700842,0.0700842,0.0233614,0.0233614,0.0233614,0,0,0
60320,60337,60328,5.8,-105.172,39.9499,483.292,-25.4122,304.946,21.1053,3.50807,213.681,0.182733,0.00110295,9.46099,5.02822,2.73464,1.27911,1.21295,0.639554,0.507232,0.132322,0.0220536,0.0441072,0.0220536,0.0220536,0,0,0
60338,60358,60348,5.9,-105.17,39.9489,476.546,-25.4843,306.082,27.3609,4.49958,231.741,0.154508,0.00135661,11.7369,6.0194,3.60409,2.00018,2.11339,0.943479,0.679305,0.188696,0.0566088,0.0188696,0,0,0,0,0
60359,60378,60368,6,-105.169,39.947,469.848,-25.656,307.107,25.7373,4.09407,229.449,0.168133,0.00117024,11.6644,6.01134,2.96586,2.10994,1.43317,0.756394,0.577248,0.139336,0.0199051,0.0199051,0.0199051,0.0199051,0,0,0
60379,60397,60388,6.1,-105.167,39.9449,463.585,-26.3068,307.473,24.1156,3.86253,303.154,0.235458,0.00110829,11.1642,5.59262,3.15374,1.87122,1.21944,0.525623,0.357423,0.168199,0.0210249,0,0,0.0210249,0,0,0.0210249
60398,60419,60408,6.2,-105.165,39.9424,457.169,-26.9441,307.912,20.348,3.35847,207.807,0.185626,0.00098604,9.2889,4.45283,2.7009,1.45994,1.24095,0.52923,0.456233,0.127745,0.0364986,0,0,0.0364986,0.0182493,0,0
60420,60442,60431,6.3,-105.163,39.9393,450.571,-27.0517,309.057,18.074,2.88658,177.996,0.18499,0.000769717,8.19494,4.11483,2.32653,1.40633,1.12854,0.468778,0.295157,0.0694486,0.0173622,0,0.0173622,0,0.0347243,0,0
60443,60463,60453,6.4,-105.161,39.9365,444.565,-27.5275,309.642,17.8123,2.61359,123.971,0.1423,0.000690161,8.3164,4.03825,2.45894,1.13951,0.89961,0.359844,0.479792,0.119948,0,0,0,0,0,0,0
60464,60490,60477,6.5,-105.159,39.9333,438.328,-27.7859,310.565,25.5131,4.27092,244.577,0.171797,0.00130939,11.0862,5.75005,3.32586,1.77379,1.90683,0.768644,0.635609,0.162598,0.0443448,0.0295632,0,0.0147816,0.0147816,0,0
60491,60512,60502,6.6,-105.158,39.93,432.45,-28.1018,311.361,42.4557,7.95639,552.455,0.208306,0.00265947,17.7246,9.41448,5.61248,3.33128,3.22265,1.28544,1.24923,0.325886,0.0724191,0.0362095,0.0362095,0.108629,0.0362095,0,0
60513,60535,60524,6.7,-105.157,39.9271,426.239,-27.8048,313.04,48.1531,8.28849,557.755,0.201878,0.00272317,20.1027,11.982,6.30266,3.54958,3.20328,1.264,1.07353,0.38093,0.155835,0.0865751,0,0.017315,0.017315,0,0.017315
60536,60553,60544,6.8,-105.158,39.9248,421.423,-27.5994,314.318,38.9543,6.34506,347.863,0.164472,0.00197834,17.3498,8.81818,5.04841,2.77773,2.51318,0.992045,0.947954,0.374773,0.0440909,0.0661364,0.0220455,0,0,0,0
60559,60581,60570,6.9,-105.158,39.9212,414.437,-28.3752,314.822,32.8451,5.62998,362.522,0.193174,0.00172266,14.4261,7.69047,4.18375,2.3436,1.9964,0.972158,0.885358,0.20832,0.01736,0.01736,0.01736,0.0520799,0.0347199,0,0
60582,60600,60591,7,-105.158,39.918,408.9,-28.9871,315.242,30.6188,4.66906,236.863,0.152191,0.0012181,13.5537,7.49085,3.6752,2.24725,1.98976,0.866129,0.561813,0.21068,0,0,0,0.0234089,0,0,0
60601,60618,60610,7.1,-105.158,39.915,403.637,-29.4924,315.754,26.8892,3.97595,216.904,0.163662,0.00100894,12.6205,6.2867,3.79085,1.74238,1.10665,0.682825,0.470914,0.117728,0.0235457,0,0,0.0470914,0,0,0
60619,60641,60630,7.2,-105.158,39.9115,397.885,-30.2157,316.119,17.2777,2.58846,129.826,0.150467,0.00071151,7.78371,4.32816,2.04191,1.15185,1.18675,0.331593,0.296688,0.104714,0.0174523,0.0349045,0,0,0,0,0
60642,60662,60652,7.3,-105.158,39.9081,392.36,-31.0771,316.257,23.3518,3.69362,212.093,0.172264,0.00103542,10.3508,5.99158,2.5349,1.68993,1.55551,0.576114,0.422483,0.15363,0.0192038,0.0192038,0,0.0192038,0.0192038,0,0
60663,60683,60673,7.4,-105.158,39.9047,386.634,-31.9938,316.382,27.6947,4.18641,208.454,0.149379,0.00118929,12.3173,7.1402,3.36802,1.90534,1.42419,0.615866,0.59662,0.288687,0.0192458,0.0192458,0,0,0,0,0
60684,60702,60693,7.5,-105.158,39.9015,381.056,-33.01,316.357,28.532,4.50332,255.502,0.170209,0.00134523,12.4023,7.11607,3.99855,2.12353,1.33285,0.745493,0.429223,0.225907,0.0677721,0.0677721,0,0,0.0225907,0,0
60703,60724,60714,7.6,-105.159,39.8982,375.502,-33.8686,316.555,23.0191,3.46811,167.929,0.145263,0.00095067,10.6384,5.59723,2.53914,1.42711,1.42711,0.667219,0.556016,0.148271,0.0185339,0,0,0,0,0,0
60725,60746,60736,7.7,-105.158,39.8949,370.307,-34.6809,316.742,15.8019,2.63536,156.5,0.178154,0.000871518,7.26031,3.67658,1.78258,1.11411,0.928428,0.408508,0.38994,0.148549,0.0371371,0.0371371,0,0.0185686,0,0,0
60747,60764,60756,7.8,-105.158,39.8917,365.452,-35.4722,316.881,7.78533,1.02424,46.548,0.136339,0.000241961,4.14161,1.81054,0.882639,0.294213,0.294213,0.226318,0.0905271,0.0226318,0.0226318,0,0,0,0,0,0
60765,60788,60776,7.9,-105.157,39.8888,359.921,-36.4048,317.013,5.8568,0.8293,41.7605,0.151069,0.000219414,2.91065,1.2956,0.727663,0.408201,0.301714,0.0887394,0.0887394,0,0.0177479,0.0177479,0,0,0,0,0
60789,60814,60802,8,-105.156,39.8852,354.407,-37.275,317.242,4.44228,0.604816,30.3368,0.150476,0.000176193,2.53844,0.920186,0.460093,0.174518,0.142787,0.0634611,0.0951917,0.0158653,0.0317306,0,0,0,0,0,0
60815,60841,60828,8.1,-105.156,39.8815,349.536,-37.9912,317.541,3.90965,0.505109,20.9392,0.124364,9.55133e-05,2.08197,0.778751,0.397322,0.286072,0.254286,0.0635715,0.0476786,0,0,0,0,0,0,0,0
60842,60867,60854,8.2,-105.155,39.8781,344.605,-38.7917,317.744,3.48933,0.399464,15.535,0.116669,6.3987e-05,1.89077,0.962573,0.275021,0.189077,0.085944,0.0687552,0,0.0171888,0,0,0,0,0,0,0
60868,60886,60877,8.3,-105.154,39.8749,339.908,-39.5821,317.914,4.22622,0.46413,17.0109,0.109954,6.30818e-05,2.43988,1.02388,0.348554,0.196062,0.152493,0.0435693,0.0217846,0,0,0,0,0,0,0,0
60887,60906,60896,8.4,-105.153,39.8721,334.865,-40.343,318.231,5.83026,0.699091,30.808,0.132206,0.000147784,3.49402,1.05441,0.66159,0.268771,0.268771,0.0206747,0.0206747,0,0.0413494,0,0,0,0,0,0
60907,60934,60920,8.5,-105.153,39.8686,329.745,-41.1675,318.51,6.40692,0.801811,34.9431,0.130741,0.000174782,3.67171,1.21895,0.772992,0.297305,0.252709,0.0445957,0.133787,0,0.0148652,0,0,0,0,0,0
60935,60953,60944,8.6,-105.152,39.865,325.109,-42.0874,318.534,6.5546,0.853508,52.561,0.184747,0.000221023,4.35507,1.12176,0.37392,0.37392,0.131972,0.0659859,0.0219953,0.0879812,0,0,0.0219953,0,0,0,0
60954,60980,60967,8.7,-105.152,39.8619,319.998,-42.8889,318.865,6.57655,0.697842,25.2825,0.108689,9.34555e-05,4.21892,1.25637,0.480833,0.310215,0.232661,0.0310215,0.0465322,0,0,0,0,0,0,0,0
60981,61007,60994,8.8,-105.152,39.8579,315.16,-43.84,318.93,5.97121,0.62295,22.4646,0.108185,8.14455e-05,3.91812,1.11275,0.423157,0.250759,0.18807,0.0626899,0,0.0156725,0,0,0,0,0,0,0
61008,61030,61019,8.9,-105.152,39.8546,310.675,-44.5557,319.244,8.59212,0.981402,39.354,0.120299,0.000177844,5.63628,1.37694,0.660932,0.367184,0.312107,0.128515,0.0917961,0.0183592,0,0,0,0,0,0,0
61031,61055,61043,9,-105.151,39.8518,306.114,-44.7684,320.301,10.9381,1.34683,70.9144,0.157959,0.000277745,6.8532,2.10998,0.928389,0.371356,0.286957,0.219438,0.135038,0.0168798,0,0,0,0,0.0168798,0,0
61056,61079,61068,9.1,-105.151,39.8495,301.388,-45.3113,320.959,11.2698,1.34115,59.395,0.13286,0.000286447,6.5358,2.63198,1.04219,0.565258,0.176643,0.105986,0.141315,0.052993,0,0.0176643,0,0,0,0,0
61080,61104,61092,9.2,-105.15,39.8471,296.871,-45.9436,321.449,11.0369,1.33184,55.9959,0.126132,0.000263757,6.24634,2.57302,0.998737,0.389338,0.575543,0.118494,0.067711,0.0507832,0.0169277,0,0,0,0,0,0
61105,61122,61114,9.3,-105.148,39.845,292.784,-46.3861,322.098,12.9491,1.53995,62.1279,0.121032,0.00027845,7.42978,2.78322,1.17933,0.754772,0.471732,0.14152,0.165106,0.0235866,0,0,0,0,0,0,0
61123,61137,61130,9.4,-105.147,39.8432,288.432,-46.9713,322.65,13.8171,1.6623,85.3026,0.153948,0.00030105,8.15949,2.92832,1.47837,0.597036,0.398024,0.0568605,0.170582,0,0,0,0,0.0284303,0,0,0
