data/B2SAP/Locations/Boulder/NOAA-POPS-B2SAP_GMLBalloon_20230303_R0.ict
61,1001
Thornberry, T. D.
NOAA Chemical Sciences Laboratory
Portable Optical Particle Spectrometer (POPS)
Balloon Baseline Stratospheric Aerosol Profiles (B2SAP)
1,1
2023,03,03,2024,05,28
0
TIME_START,s,Seconds since midnight UTC on flight start day,Start time of 100 m altitude bin in UTC_seconds_since_midnight
28
1.0,1.0,1.0,1.0,1.0,1.0,1.0,1.0,1.0,1.0,1.0,1.0,1.0,1.0,1.0,1.0,1.0,1.0,1.0,1.0,1.0,1.0,1.0,1.0,1.0,1.0,1.0,1.0
99999,99999,99999,99999,99999,99999,99999,99999,99999,99999,99999,99999,99999,99999,99999,99999,99999,99999,99999,99999,99999,99999,99999,99999,99999,99999,99999,99999
TIME_STOP,s,End time of 100 m altitude bin in UTC seconds since midnight,
TIME_MID,s,Mid time of 100 m altitude in UTC seconds since midnight,
GPSAlt,m,GPS reported altitude above sea level (m),
GPS_Lon,deg,GPS reported longitude,
GPS_Lat,deg,GPS reported latitude,
iMet_Pressure,mb,Pressure reported (mB),
iMet_Temperature,degrees C,Ambient temperature (oC),
THETA,K,Potential temperature from iMet,
Aerosol_concentration,cm^-3,Aerosol concentration,
Surface_Area_Conc,um^2 cm^-3,Surface area concentration,
Volume_density,um^3 cm^-3,Volume density,
Effective_radius,um,Effective radius,
Extinction,km^-1,Extinction,
Bin01,cm^-3,particle concentration in size range [140 - 170 nm],
Bin02,cm^-3,particle concentration in size range [170 - 205 nm],
Bin03,cm^-3,particle concentration in size range [205 - 249 nm],
Bin04,cm^-3,particle concentration in size range [249 - 302 nm],
Bin05,cm^-3,particle concentration in size range [302 - 366 nm],
Bin06,cm^-3,particle concentration in size range [366 - 443 nm],
Bin07,cm^-3,particle concentration in size range [443 - 537 nm],
Bin08,cm^-3,particle concentration in size range [537 - 651 nm],
Bin09,cm^-3,particle concentration in size range [651 - 789 nm],
Bin10,cm^-3,particle concentration in size range [789 - 956 nm],
Bin11,cm^-3,particle concentration in size range [956 - 1159 nm],
Bin12,cm^-3,particle concentration in size range [1159 - 1404 nm],
Bin13,cm^-3,particle concentration in size range [1404 - 1702 nm],
Bin14,cm^-3,particle concentration in size range [1702 - 2062 nm],
Bin15,cm^-3,particle concentration in size range [2062 - 2500 nm],
0
19
PI_CONTACT_INFO: 325 Broadway R/CSL6, Boulder, CO 80305; troy.thornberry@noaa.gov; 303-497-3373 
PLATFORM: GML ECC/FPH balloon
LOCATION: Boulder, CO, USA
ASSOCIATED_DATA: N/A
INSTRUMENT_INFO: Printed Optical Particle Spectrometer counts particles from 140 - 2500 nm in diameter 
DATA_INFO: Particle concentrations reported in number per cubic centimeter, binned to 100 m altitude
UNCERTAINTY: Counting uncertainty dominated by air flow, less than 5 percent
ULOD_FLAG: -77777
ULOD_VALUE: 3000 ~3000 per cm3 (varies depending on flow rate- manufacturer quotes 1250  per cm3 at 1.667 cc/s)
LLOD_FLAG: -88888
LLOD_VALUE: 0 0 (varies depending on data field and measurement precision)
DM_CONTACT_INFO: Troy Thornberry, 325 Broadway R/CSL6, Boulder, CO 80305; troy.thornberry@noaa.gov; 303-497-3373
PROJECT_INFO: B2SAP Boulder, CO, USA
STIPULATIONS_ON_USE: Please contact the PIs for questions regarding applications and uncertainties
OTHER_COMMENTS: POPS bin Edges (nm):  140, 170, 205, 249, 302, 366, 443, 537, 651, 789, 956, 1159, 1404, 1702, 2062, 2500
Calculations assume sulfate refractive index of 1.45+0.00j and extinction wavelength = 532 nm
REVISION: R0
R0: QA/QC data
TIME_START,TIME_STOP,TIME_MID,GPSAlt,GPS_Lon,GPS_Lat,iMet_Pressure,iMet_Temperature,THETA,Aerosol_concentration,Surface_Area_Conc,Volume_density,Effective_radius,Extinction,Bin01,Bin02,Bin03,Bin04,Bin05,Bin06,Bin07,Bin08,Bin09,Bin10,Bin11,Bin12,Bin13,Bin14,Bin15
[from data line 219]
67630,67652,67641,23.7,-104.095,40.1323,29.0789,-57.4642,592.655,2.20683,0.370711,18.0243,0.145863,0.000100953,0.934279,0.386598,0.289949,0.209407,0.225516,0.0966496,0.0644331,0,0,0,0,0,0,0,0
67654,67676,67665,23.8,-104.095,40.1342,28.618,-57.193,596.114,1.80274,0.369134,21.1416,0.17182,0.000139946,0.570097,0.385201,0.338977,0.15408,0.138672,0.0924482,0.0770402,0.0462241,0,0,0,0,0,0,0
67677,67700,67688,23.9,-104.095,40.1359,28.143,-56.6615,600.447,1.75099,0.383054,22.2262,0.174071,0.000144308,0.578451,0.265775,0.281409,0.171972,0.20324,0.156338,0.0781691,0,0.0156338,0,0,0,0,0,0
67702,67727,67714,24,-104.095,40.1376,27.6648,-56.6322,603.475,1.67017,0.355888,20.4764,0.172608,0.000138208,0.684494,0.246418,0.164279,0.136899,0.205348,0.0958292,0.123209,0.0136899,0,0,0,0,0,0,0
67728,67753,67740,24.1,-104.095,40.1388,27.2573,-56.7509,605.705,2.08076,0.521448,32.9533,0.189587,0.000237658,0.683886,0.349218,0.261914,0.160058,0.232812,0.160058,0.160058,0.0727539,0,0,0,0,0,0,0
67755,67780,67768,24.2,-104.094,40.1396,26.8195,-56.8833,608.147,2.0136,0.456404,26.4538,0.173884,0.000178146,0.61484,0.30742,0.399646,0.169081,0.184452,0.169081,0.15371,0.015371,0,0,0,0,0,0,0
67781,67806,67794,24.3,-104.094,40.1405,26.3791,-57.1045,610.395,1.86796,0.389607,21.4685,0.165309,0.000134424,0.537973,0.40348,0.239099,0.194268,0.313817,0.104606,0.0298874,0.0448311,0,0,0,0,0,0,0
67807,67831,67819,24.4,-104.095,40.1412,25.9524,-57.3657,612.517,1.84908,0.351056,18.5274,0.158329,0.000113038,0.647969,0.363495,0.284474,0.173845,0.18965,0.110629,0.0632165,0.0158041,0,0,0,0,0,0,0
67832,67855,67844,24.5,-104.095,40.1418,25.5326,-57.8479,613.99,1.79874,0.401322,23.8572,0.178339,0.000161376,0.498661,0.463042,0.178093,0.195903,0.249331,0.0890466,0.053428,0.0712373,0,0,0,0,0,0,0
67856,67877,67866,24.6,-104.095,40.142,25.1119,-58.2425,615.793,1.39229,0.219655,10.3086,0.140793,5.48152e-05,0.556916,0.321298,0.214199,0.128519,0.0428397,0.107099,0.0214199,0,0,0,0,0,0,0,0
67878,67898,67888,24.7,-104.095,40.1416,24.7263,-58.5787,617.544,1.27372,0.242919,13.536,0.167167,8.84724e-05,0.53971,0.194296,0.194296,0.107942,0.107942,0.0431768,0.0647652,0.0215884,0,0,0,0,0,0,0
67900,67920,67910,24.8,-104.095,40.141,24.3165,-58.7612,619.98,1.69694,0.351663,20.3465,0.173574,0.000136523,0.620832,0.289722,0.289722,0.124166,0.165555,0.0827777,0.0827777,0.0413888,0,0,0,0,0,0,0
67921,67942,67932,24.9,-104.096,40.1408,23.9178,-58.8411,622.677,1.35487,0.228728,11.6568,0.152891,6.80267e-05,0.647983,0.215994,0.157087,0.0981792,0.0981792,0.117815,0,0.0196358,0,0,0,0,0,0,0
67944,67965,67954,25,-104.098,40.1409,23.5389,-59.2044,624.463,1.62577,0.354837,22.2424,0.18805,0.000155681,0.602138,0.301069,0.220784,0.180641,0.120428,0.0401425,0.120428,0.0200713,0.0200713,0,0,0,0,0,0
67966,67988,67977,25.1,-104.099,40.1413,23.1541,-59.1959,627.441,1.57732,0.32862,18.1407,0.165608,0.000116829,0.511563,0.319727,0.191836,0.213151,0.106576,0.127891,0.106576,0,0,0,0,0,0,0,0
67989,68009,67999,25.2,-104.1,40.1421,22.77,-59.5975,629.26,1.3748,0.258685,13.1512,0.152516,7.61651e-05,0.512636,0.209715,0.13981,0.256318,0.116508,0.0932066,0.0466033,0,0,0,0,0,0,0,0
68010,68033,68022,25.3,-104.101,40.1431,22.3733,-59.5322,632.627,1.32723,0.255845,13.5768,0.159199,8.42903e-05,0.539188,0.20738,0.0829521,0.228118,0.145166,0.041476,0.0829521,0,0,0,0,0,0,0,0
68034,68055,68044,25.4,-104.101,40.1439,22.0333,-59.7022,634.882,1.67287,0.25687,12.3948,0.14476,7.08899e-05,0.762323,0.381161,0.232932,0.0847025,0.0847025,0.0635269,0.0635269,0,0,0,0,0,0,0,0
68056,68076,68066,25.5,-104.101,40.1447,21.6981,-59.9381,636.981,1.24972,0.18126,8.07781,0.133695,4.07763e-05,0.600826,0.240331,0.144198,0.0961322,0.120165,0.0240331,0.0240331,0,0,0,0,0,0,0,0
68079,68102,68090,25.6,-104.101,40.1458,21.3059,-59.7412,640.888,1.0865,0.165313,7.71845,0.14007,4.18155e-05,0.49798,0.271625,0.0905418,0.0452709,0.113177,0.0452709,0.0226354,0,0,0,0,0,0,0,0
68103,68123,68113,25.7,-104.101,40.1465,20.9589,-59.5106,644.608,1.28973,0.231569,12.3119,0.159501,7.8168e-05,0.612073,0.153018,0.196738,0.109299,0.087439,0.0437195,0.087439,0,0,0,0,0,0,0,0
68126,68146,68136,25.8,-104.102,40.1474,20.6511,-59.54,647.245,1.23016,0.204629,9.97569,0.14625,5.61367e-05,0.505243,0.285572,0.0659012,0.197704,0.0878683,0.0439341,0.0439341,0,0,0,0,0,0,0,0
68147,68170,68158,25.9,-104.103,40.1484,20.3032,-59.2853,651.17,1.24884,0.247775,13.5702,0.164304,8.61811e-05,0.338669,0.296336,0.232835,0.148168,0.127001,0.0211668,0.0635005,0.0211668,0,0,0,0,0,0,0
68171,68191,68181,26,-104.104,40.1494,19.9588,-59.3665,654.114,1.00361,0.163032,7.46485,0.137363,3.76724e-05,0.334535,0.31064,0.0955814,0.0716861,0.119477,0.0716861,0,0,0,0,0,0,0,0,0
68194,68211,68202,26.1,-104.104,40.1503,19.6175,-59.0892,658.185,1.12697,0.143509,6.51584,0.136211,3.60305e-05,0.751312,0.170753,0.0683011,0.0341506,0.0341506,0.0341506,0.0341506,0,0,0,0,0,0,0,0
68212,68231,68222,26.2,-104.104,40.1508,19.3547,-59.6333,659.064,0.978737,0.175396,9.44796,0.161599,6.16676e-05,0.419459,0.195747,0.13982,0.0559278,0.0838918,0,0.0838918,0,0,0,0,0,0,0,0
68232,68248,68240,26.3,-104.103,40.1509,19.0462,-59.45,662.653,0.679962,0.126919,7.68805,0.181723,5.42772e-05,0.259033,0.161896,0.161896,0.0323792,0,0,0.0323792,0.0323792,0,0,0,0,0,0,0
68249,68265,68257,26.4,-104.102,40.1506,18.7454,-59.2208,666.4,1.14543,0.213516,12.1315,0.170453,8.0353e-05,0.458171,0.294539,0.130906,0.0654531,0.0654531,0.0654531,0.0327265,0.0327265,0,0,0,0,0,0,0
68268,68286,68277,26.5,-104.102,40.1499,18.4144,-58.8563,670.931,1.10666,0.154065,6.2769,0.122226,2.6363e-05,0.404877,0.29691,0.215935,0.0539837,0.107967,0.0269918,0,0,0,0,0,0,0,0,0
68287,68306,68296,26.6,-104.102,40.1493,18.1144,-58.8006,674.267,1.0815,0.17847,8.46353,0.142268,4.57687e-05,0.297413,0.378526,0.162225,0.0811127,0.0811127,0.0540751,0.0270376,0,0,0,0,0,0,0,0
68307,68328,68318,26.7,-104.102,40.1488,17.8272,-59.1061,676.384,0.960135,0.150336,6.96985,0.139086,3.65479e-05,0.467758,0.0738565,0.172332,0.123094,0.0738565,0.0246188,0.0246188,0,0,0,0,0,0,0,0
68329,68352,68340,26.8,-104.103,40.1483,17.514,-59.1205,679.778,0.825749,0.239205,27.5396,0.345388,0.000100747,0.334763,0.133905,0.111588,0.111588,0.0669526,0.0223175,0,0.0223175,0,0,0.0223175,0,0,0,0
68353,68377,68365,26.9,-104.103,40.1479,17.2153,-59.1363,683.073,1.08831,0.150997,6.26227,0.124419,2.71561e-05,0.59147,0.0946353,0.141953,0.118294,0.118294,0.0236588,0,0,0,0,0,0,0,0,0
68379,68401,68390,27,-104.104,40.1477,16.9205,-58.8095,687.504,1.01314,0.152735,6.69512,0.131505,3.16381e-05,0.337713,0.289468,0.192979,0.072367,0.0482447,0.072367,0,0,0,0,0,0,0,0,0
68403,68425,68414,27.1,-104.105,40.1478,16.6689,-58.7789,690.552,0.975437,0.146746,6.66123,0.136178,3.4311e-05,0.385041,0.205355,0.205355,0.0770082,0.0513388,0.0256694,0.0256694,0,0,0,0,0,0,0,0
68428,68449,68438,27.2,-104.105,40.1479,16.3647,-58.8105,694.089,1.03056,0.168076,7.78443,0.138945,4.02766e-05,0.368058,0.220835,0.147223,0.147223,0.0981488,0.0245372,0.0245372,0,0,0,0,0,0,0,0
68450,68472,68461,27.3,-104.104,40.1483,16.0744,-59.1913,696.412,1.04086,0.15727,7.75916,0.14801,4.64099e-05,0.594778,0.118956,0.118956,0.0892167,0.0594778,0,0.0594778,0,0,0,0,0,0,0,0
68473,68494,68484,27.4,-104.103,40.149,15.8313,-59.1594,699.549,0.927737,0.152588,7.68107,0.151016,4.57603e-05,0.538686,0.059854,0.119708,0.029927,0.089781,0.059854,0.029927,0,0,0,0,0,0,0,0
68496,68513,68504,27.5,-104.101,40.1496,15.6058,-58.745,703.793,0.995638,0.181412,9.46239,0.156479,5.85721e-05,0.278779,0.238953,0.238953,0.119477,0.0398255,0,0.0796511,0,0,0,0,0,0,0,0
68539,68539,68539,27.7,-104.099,40.1498,15.18,-59.52,706.819,0.47964,0.365492,30.0008,0.24625,0.000265237,0,0,0,0,0,0,0.47964,0,0,0,0,0,0,0,0
68882,68882,68882,27.5,-104.098,40.1551,15.57,-54.4,718.524,0,0,0,99999,0,0,0,0,0,0,0,0,0,0,0,0,0,0,0,0
68885,68898,68892,27.4,-104.097,40.1553,15.734,-54.188,717.06,0.849415,0.174429,9.21943,0.158565,5.62139e-05,0.188759,0.188759,0.188759,0.0943794,0.0943794,0.0471897,0.0471897,0,0,0,0,0,0,0,0
68899,68915,68907,27.3,-104.096,40.1559,15.942,-54.4913,713.387,0.97802,0.185134,9.66737,0.156654,5.84168e-05,0.410137,0.157745,0.0946471,0.0946471,0.0946471,0.0946471,0.031549,0,0,0,0,0,0,0,0
68916,68931,68924,27.2,-104.095,40.1565,16.2131,-55.1485,707.835,1.30779,0.19336,8.98422,0.139391,4.87865e-05,0.653894,0.254292,0.14531,0.0726549,0.108982,0.0363275,0.0363275,0,0,0,0,0,0,0,0
68932,68948,68940,27.1,-104.094,40.1569,16.4947,-55.676,702.648,0.963644,0.183783,9.27971,0.151478,5.36177e-05,0.217597,0.279768,0.186512,0.0621706,0.124341,0.0621706,0.0310853,0,0,0,0,0,0,0,0
68949,68963,68956,27,-104.094,40.157,16.7633,-55.7292,699.252,1.18877,0.155565,6.02287,0.116148,2.26388e-05,0.536862,0.268431,0.115042,0.153389,0.115042,0,0,0,0,0,0,0,0,0,0
68965,68979,68972,26.9,-104.094,40.1573,17.0458,-55.71,695.968,1.26185,0.230867,13.6347,0.177177,9.5351e-05,0.688281,0.191189,0.0764757,0.114714,0.0764757,0,0.0764757,0.0382378,0,0,0,0,0,0,0
68980,68993,68986,26.8,-104.095,40.1573,17.3389,-55.72,692.569,1.14209,0.173991,8.68171,0.149693,5.21874e-05,0.695185,0.148968,0.049656,0.0993121,0.049656,0.049656,0.049656,0,0,0,0,0,0,0,0
68998,69007,69002,26.7,-104.095,40.157,17.6967,-55.6567,688.724,1.10698,0.213882,13.1084,0.183864,9.17082e-05,0.442791,0.295194,0.147597,0,0.147597,0,0,0.0737985,0,0,0,0,0,0,0
69008,69019,69014,26.6,-104.095,40.1569,17.9175,-56.095,684.919,1.1483,0.177512,8.30468,0.140351,4.45924e-05,0.382768,0.382768,0.0546811,0.273405,0,0,0.0546811,0,0,0,0,0,0,0,0
69020,69032,69026,26.5,-104.095,40.1567,18.19,-55.8644,682.687,1.2979,0.21133,9.54539,0.135504,4.69563e-05,0.528775,0.288423,0.0480704,0.144211,0.240352,0.0480704,0,0,0,0,0,0,0,0,0
69034,69044,69039,26.4,-104.095,40.1565,18.525,-55.3325,680.808,1.02613,0.125921,4.81114,0.114623,1.83546e-05,0.54007,0.270035,0,0.108014,0.108014,0,0,0,0,0,0,0,0,0,0
69045,69055,69050,26.3,-104.095,40.1563,18.8062,-56.1812,675.234,0.960939,0.13579,5.82725,0.128741,2.68977e-05,0.48047,0.160157,0.106771,0.106771,0.0533855,0.0533855,0,0,0,0,0,0,0,0,0
69056,69065,69060,26.2,-104.095,40.1562,19.1186,-56.6543,670.601,0.971893,0.162017,8.65099,0.160186,5.57884e-05,0.54669,0.18223,0,0.121487,0,0.0607433,0.0607433,0,0,0,0,0,0,0,0
69067,69076,69072,26.1,-104.095,40.1563,19.43,-57.0225,666.382,0.942908,0.120708,5.0076,0.124455,2.29499e-05,0.471454,0.261919,0.104768,0,0.0523838,0.0523838,0,0,0,0,0,0,0,0,0
69077,69088,69082,26,-104.095,40.1569,19.7575,-57.1037,662.95,0.768703,0.130924,7.0229,0.160923,4.56176e-05,0.409975,0.0512469,0.204987,0,0,0.0512469,0.0512469,0,0,0,0,0,0,0,0
69090,69100,69095,25.9,-104.095,40.1576,20.1212,-56.8975,660.141,1.12636,0.203309,9.91506,0.146306,5.41751e-05,0.563178,0,0.204792,0.051198,0.204792,0.102396,0,0,0,0,0,0,0,0,0
69101,69111,69106,25.8,-104.095,40.1583,20.4375,-57.5138,655.324,1.07038,0.211273,10.6558,0.151309,5.95453e-05,0.356793,0.152911,0.152911,0.152911,0.101941,0.152911,0,0,0,0,0,0,0,0,0
69113,69124,69118,25.7,-104.096,40.1591,20.765,-57.4937,652.426,1.14707,0.215145,11.0697,0.154357,6.59146e-05,0.498727,0.0997454,0.149618,0.149618,0.149618,0.0498727,0.0498727,0,0,0,0,0,0,0,0
69125,69134,69130,25.6,-104.097,40.1597,21.1257,-57.3529,649.631,1.02111,0.135811,5.10932,0.112862,1.71968e-05,0.397099,0.113457,0.340371,0.113457,0.0567285,0,0,0,0,0,0,0,0,0,0
69136,69145,69140,25.5,-104.097,40.1603,21.4583,-56.6667,648.808,1.16464,0.218195,11.4531,0.15747,7.02333e-05,0.388213,0.32351,0.0647021,0.194106,0.0647021,0.0647021,0.0647021,0,0,0,0,0,0,0,0
69147,69158,69152,25.4,-104.097,40.1608,21.8029,-56.8771,645.233,1.1558,0.124099,4.25019,0.102746,1.28197e-05,0.605418,0.330228,0.110076,0.055038,0.055038,0,0,0,0,0,0,0,0,0,0
69159,69169,69164,25.3,-104.097,40.1614,22.2057,-57.4286,640.229,2.18982,0.4214,23.3287,0.16608,0.000149255,0.766436,0.437963,0.437963,0.109491,0.218982,0.109491,0.0547454,0.0547454,0,0,0,0,0,0,0
69171,69181,69176,25.2,-104.097,40.1619,22.57,-57.219,637.873,1.13118,0.235269,13.4786,0.17187,9.19619e-05,0.452471,0.226236,0.0754119,0.113118,0.113118,0.0377059,0.113118,0,0,0,0,0,0,0,0
69183,69193,69188,25.1,-104.097,40.1625,22.9271,-57.6643,633.713,1.32406,0.312055,18.0877,0.17389,0.000121377,0.4237,0.158888,0.21185,0.158888,0.105925,0.158888,0.105925,0,0,0,0,0,0,0,0
69194,69203,69198,25,-104.097,40.1629,23.3375,-58.1638,629.048,1.61743,0.250246,10.6787,0.128018,4.71552e-05,0.462124,0.508336,0.184849,0.231062,0.184849,0.0462124,0,0,0,0,0,0,0,0,0
69206,69214,69210,24.9,-104.098,40.1629,23.7117,-58.6067,624.901,1.11185,0.161462,7.0078,0.130206,3.25433e-05,0.555924,0.185308,0.0617693,0.185308,0.0617693,0.0617693,0,0,0,0,0,0,0,0,0
69216,69225,69220,24.8,-104.098,40.1626,24.0533,-58.9283,621.43,1.56717,0.176764,6.77217,0.114936,2.7805e-05,0.904138,0.421931,0.120552,0,0.0602759,0.0602759,0,0,0,0,0,0,0,0,0
69227,69236,69232,24.7,-104.098,40.1624,24.47,-58.6783,619.095,1.56535,0.280403,14.1849,0.151763,8.31974e-05,0.421439,0.481645,0.301028,0.120411,0.0602056,0.120411,0.0602056,0,0,0,0,0,0,0,0
69238,69247,69242,24.6,-104.098,40.1625,24.8983,-58.2767,617.2,1.82391,0.373981,20.8086,0.166922,0.000137549,0.706029,0.176507,0.353015,0.176507,0.235343,0,0.176507,0,0,0,0,0,0,0,0
69248,69256,69252,24.5,-104.098,40.1627,25.2717,-57.965,615.456,0.9946,0.217233,13.1441,0.181521,8.86307e-05,0.409541,0,0.234023,0.175518,0.0585059,0.0585059,0,0.0585059,0,0,0,0,0,0,0
69258,69267,69262,24.4,-104.098,40.1631,25.7257,-57.6671,613.194,1.37278,0.267034,13.993,0.157204,8.51876e-05,0.588334,0.147084,0.196111,0.0490278,0.245139,0.0980557,0.0490278,0,0,0,0,0,0,0,0
69270,69277,69274,24.3,-104.098,40.1634,26.174,-57.044,611.93,1.97788,0.413899,23.5606,0.170771,0.000150938,0.545622,0.613825,0.0682028,0.341014,0.136406,0.204608,0,0.0682028,0,0,0,0,0,0,0
69279,69289,69284,24.2,-104.098,40.1638,26.67,-56.8467,609.223,1.58904,0.361209,19.7641,0.16415,0.000123111,0.4065,0.184773,0.332591,0.221727,0.184773,0.184773,0.073909,0,0,0,0,0,0,0,0
69291,69298,69294,24.1,-104.098,40.1642,27.1,-56.4183,607.634,1.65967,0.351747,21.2392,0.181146,0.000148615,0.4979,0.442578,0.276611,0.165967,0.0553222,0.0553222,0.110644,0.0553222,0,0,0,0,0,0,0
69301,69309,69305,24,-104.098,40.1647,27.4971,-56.1129,605.975,1.77524,0.575234,64.2666,0.335168,0.000267793,0.654034,0.327017,0.14015,0.186867,0.2803,0.0467167,0,0.0934335,0,0,0.0467167,0,0,0,0
69310,69321,69316,23.9,-104.098,40.1655,28.0087,-56.5962,601.45,1.81992,0.334564,16.7254,0.149975,9.44507e-05,0.687525,0.242656,0.283098,0.283098,0.121328,0.161771,0.0404426,0,0,0,0,0,0,0,0
69322,69332,69327,23.8,-104.098,40.1662,28.475,-56.585,598.649,1.70405,0.21692,8.09431,0.111944,2.75358e-05,0.798776,0.159755,0.479265,0.159755,0.106503,0,0,0,0,0,0,0,0,0,0
69333,69344,69338,23.7,-104.098,40.167,28.9637,-57.1,594.327,1.23516,0.186392,8.04667,0.129512,3.69097e-05,0.557815,0.159376,0.19922,0.119532,0.159376,0.0398439,0,0,0,0,0,0,0,0,0
69345,69356,69350,23.6,-104.098,40.1679,29.44,-56.785,592.425,1.29086,0.363773,24.5947,0.20283,0.000173475,0.352053,0.195585,0.195585,0.039117,0.195585,0.234702,0.039117,0,0.039117,0,0,0,0,0,0
69358,69368,69363,23.5,-104.099,40.169,29.9471,-56.4329,590.505,1.72617,0.437729,28.9654,0.198516,0.000216612,0.708172,0.265565,0.132782,0.132782,0.132782,0.132782,0.132782,0.0885215,0,0,0,0,0,0,0
69369,69380,69374,23.4,-104.1,40.1698,30.3543,-57.1329,586.325,1.94761,0.537291,34.5115,0.192697,0.000247326,0.57543,0.265583,0.177055,0.265583,0.177055,0.309847,0.0885276,0.0885276,0,0,0,0,0,0,0
69381,69392,69386,23.3,-104.101,40.1706,30.847,-57.458,582.766,2.17161,0.504026,30.7536,0.183048,0.000213079,0.45879,0.61172,0.397618,0.214102,0.15293,0.15293,0.091758,0.091758,0,0,0,0,0,0,0
69393,69404,69398,23.2,-104.102,40.171,31.3843,-57.72,579.183,1.91652,0.470468,27.6861,0.176544,0.000184627,0.522687,0.261344,0.217786,0.304901,0.304901,0.174229,0.0871145,0.0435573,0,0,0,0,0,0,0
69406,69415,69410,23.1,-104.102,40.1713,31.8733,-57.9767,575.948,1.80543,0.461297,28.4753,0.185186,0.000200804,0.300904,0.351055,0.551658,0.100301,0.150452,0.150452,0.150452,0.0501507,0,0,0,0,0,0,0
