data/B2SAP/Locations/Boulder/NOAA-POPS-B2SAP_GMLBalloon_20200804_R0 (1).ict
61,1001
Thornberry, T. D.
NOAA Chemical Sciences Laboratory
Portable Optical Particle Spectrometer (POPS)
Balloon Baseline Stratospheric Aerosol Profiles (B2SAP)
1,1
2020,08,04,2024,05,30
0
TIME_START,s,Seconds since midnight UTC on flight start day,Start time of 100 m altitude bin in UTC_seconds_since_midnight
28
1.0,1.0,1.0,1.0,1.0,1.0,1.0,1.0,1.0,1.0,1.0,1.0,1.0,1.0,1.0,1.0,1.0,1.0,1.0,1.0,1.0,1.0,1.0,1.0,1.0,1.0,1.0,1.0
99999,99999,99999,99999,99999,99999,99999,99999,99999,99999,99999,99999,99999,99999,99999,99999,99999,99999,99999,99999,99999,99999,99999,99999,99999,99999,99999,99999
TIME_STOP,s,End time of 100 m altitude bin in UTC seconds since midnight,
TIME_MID,s,Mid time of 100 m altitude in UTC seconds since midnight,
GPSAlt,m,GPS reported altitude above sea level (m),
GPS_Lon,deg,GPS reported longitude,
GPS_Lat,deg,GPS reported latitude,
iMet_Pressure,mb,Pressure reported (mB),
iMet_Temperature,degrees C,Ambient temperature (oC),
THETA,K,Potential temperature from iMet,
Aerosol_concentration,cm^-3,Aerosol concentration,
Surface_Area_Conc,um^2 cm^-3,Surface area concentration,
Volume_density,um^3 cm^-3,Volume density,
Effective_radius,um,Effective radius,
Extinction,km^-1,Extinction,
Bin01,cm^-3,particle concentration in size range [140 - 170 nm],
Bin02,cm^-3,particle concentration in size range [170 - 205 nm],
Bin03,cm^-3,particle concentration in size range [205 - 249 nm],
Bin04,cm^-3,particle concentration in size range [249 - 302 nm],
Bin05,cm^-3,particle concentration in size range [302 - 366 nm],
Bin06,cm^-3,particle concentration in size range [366 - 443 nm],
Bin07,cm^-3,particle concentration in size range [443 - 537 nm],
Bin08,cm^-3,particle concentration in size range [537 - 651 nm],
Bin09,cm^-3,particle concentration in size range [651 - 789 nm],
Bin10,cm^-3,particle concentration in size range [789 - 956 nm],
Bin11,cm^-3,particle concentration in size range [956 - 1159 nm],
Bin12,cm^-3,particle concentration in size range [1159 - 1404 nm],
Bin13,cm^-3,particle concentration in size range [1404 - 1702 nm],
Bin14,cm^-3,particle concentration in size range [1702 - 2062 nm],
Bin15,cm^-3,particle concentration in size range [2062 - 2500 nm],
0
19
PI_CONTACT_INFO: 325 Broadway R/CSL6, Boulder, CO 80305; troy.thornberry@noaa.gov; 303-497-3373 
PLATFORM: GML ECC/FPH balloon
LOCATION: Boulder, CO, USA
ASSOCIATED_DATA: N/A
INSTRUMENT_INFO: Printed Optical Particle Spectrometer counts particles from 140 - 2500 nm in diameter 
DATA_INFO: Particle concentrations reported in number per cubic centimeter, binned to 100 m altitude
UNCERTAINTY: Counting uncertainty dominated by air flow, less than 5 percent
ULOD_FLAG: -77777
ULOD_VALUE: 3000 ~3000 per cm3 (varies depending on flow rate- manufacturer quotes 1250  per cm3 at 1.667 cc/s)
LLOD_FLAG: -88888
LLOD_VALUE: 0 0 (varies depending on data field and measurement precision)
DM_CONTACT_INFO: Troy Thornberry, 325 Broadway R/CSL6, Boulder, CO 80305; troy.thornberry@noaa.gov; 303-497-3373
PROJECT_INFO: B2SAP Boulder, CO, USA
STIPULATIONS_ON_USE: Please contact the PIs for questions regarding applications and uncertainties
OTHER_COMMENTS: POPS bin Edges (nm):  140, 170, 205, 249, 302, 366, 443, 537, 651, 789, 956, 1159, 1404, 1702, 2062, 2500
Calculations assume sulfate refractive index of 1.45+0.00j and extinction wavelength = 532 nm
REVISION: R0
R0: QA/QC data
TIME_START,TIME_STOP,TIME_MID,GPSAlt,GPS_Lon,GPS_Lat,iMet_Pressure,iMet_Temperature,THETA,Aerosol_concentration,Surface_Area_Conc,Volume_density,Effective_radius,Extinction,Bin01,Bin02,Bin03,Bin04,Bin05,Bin06,Bin07,Bin08,Bin09,Bin10,Bin11,Bin12,Bin13,Bin14,Bin15
[from data line 73]
60317,60346,60332,9,-105.016,39.8723,330.317,-30.4453,333.063,9.90973,2.38539,171.807,0.216074,0.00109687,2.77752,2.40067,1.61905,1.0468,0.683911,0.628081,0.446636,0.0977016,0.111659,0.0837442,0.0139574,0,0,0,0
60347,60374,60360,9.1,-105.01,39.871,325.755,-31.0564,333.552,10.9531,2.38219,156.663,0.197294,0.00099649,3.82085,2.30749,1.67818,0.988926,0.779154,0.584365,0.449512,0.23974,0.0749186,0.0149837,0,0.0149837,0,0,0
60375,60398,60386,9.2,-105.005,39.87,321.592,-31.46,334.219,13.4467,3.07224,213.25,0.208236,0.00127987,4.3242,2.93969,2.02934,1.21381,1.08105,1.00519,0.474144,0.227589,0.0758631,0.0379315,0.0379315,0,0,0,0
60398,60419,60408,9.3,-105,39.8688,316.571,-32.0816,334.858,10.571,2.00951,115.993,0.173166,0.000734482,3.64899,2.58747,1.68075,1.03941,0.508647,0.530762,0.398072,0.110575,0.0442302,0.0221151,0,0,0,0,0
60419,60440,60430,9.4,-104.995,39.8674,311.902,-32.9205,335.115,8.44964,1.57767,85.4482,0.162483,0.000526893,3.08352,1.64187,1.28146,1.08123,0.520594,0.440503,0.320366,0.0400457,0.0400457,0,0,0,0,0,0
60441,60472,60456,9.5,-104.989,39.8656,307.543,-33.68,335.404,4.78382,0.875282,47.1052,0.161452,0.000295923,1.86273,0.917252,0.733802,0.522128,0.296343,0.18345,0.197562,0.0705579,0,0,0,0,0,0,0
60473,60503,60488,9.6,-104.981,39.8635,303.206,-34.5393,335.556,4.58226,0.846213,47.1608,0.167195,0.00028286,1.49717,1.19471,0.66541,0.499058,0.332705,0.196598,0.136107,0.0453689,0,0.015123,0,0,0,0,0
60504,60534,60519,9.7,-104.974,39.8614,299.059,-35.3872,335.679,4.47681,0.839077,47.1112,0.168439,0.000280757,1.34597,1.19967,0.702245,0.453533,0.438903,0.160931,0.117041,0.0292602,0.0146301,0.0146301,0,0,0,0,0
60535,60564,60550,9.8,-104.967,39.8593,294.788,-36.3106,335.756,3.78476,0.718852,43.9681,0.183493,0.000268675,1.24787,1.05589,0.534803,0.4251,0.191981,0.150842,0.0959903,0.0548516,0,0.0274258,0,0,0,0,0
60565,60599,60582,9.9,-104.959,39.8572,290.469,-37.2647,335.819,3.60985,0.57774,27.8349,0.144537,0.000149013,1.25342,0.889928,0.664313,0.376026,0.225616,0.125342,0.0501368,0.0125342,0.0125342,0,0,0,0,0,0
60600,60629,60614,10,-104.951,39.855,286.115,-38.2657,335.837,3.69989,0.575064,26.7505,0.139552,0.000140095,1.42303,0.82536,0.668826,0.384219,0.142303,0.184994,0.0569214,0.0142303,0,0,0,0,0,0,0
60630,60661,60646,10.1,-104.943,39.8529,282.015,-39.1047,336.016,4.52816,0.855548,50.3518,0.17656,0.000302155,1.51894,1.08905,0.75947,0.472877,0.272263,0.200615,0.171955,0.0143296,0,0.0286592,0,0,0,0,0
60661,60688,60674,10.2,-104.936,39.8508,278.181,-39.9825,336.076,4.3755,0.806745,46.644,0.173453,0.000292712,1.62169,1.10153,0.627257,0.382474,0.229484,0.168289,0.168289,0.0611958,0,0.015299,0,0,0,0,0
60690,60709,60700,10.3,-104.93,39.8489,274.45,-40.8983,336.049,4.3111,0.822873,49.9439,0.182084,0.000307884,1.72444,0.910121,0.550863,0.359258,0.359258,0.239506,0.0958023,0.0239506,0.0239506,0.0239506,0,0,0,0,0
60709,60737,60723,10.4,-104.924,39.8471,269.988,-41.2265,337.146,6.30552,1.50823,117.993,0.234699,0.000589706,1.68036,1.53063,1.18125,0.598941,0.465843,0.499118,0.232922,0.0166373,0.0499118,0,0.0499118,0,0,0,0
60738,60764,60751,10.5,-104.917,39.8454,265.894,-41.8773,337.666,5.04477,0.880244,47.7672,0.162797,0.000272137,1.9312,1.04443,0.768539,0.61089,0.295592,0.236474,0.118237,0.0197061,0,0.0197061,0,0,0,0,0
60765,60791,60778,10.6,-104.91,39.8437,262.182,-42.6588,337.89,5.15954,0.942064,65.9697,0.21008,0.000305296,1.78333,1.57556,0.813752,0.380905,0.207767,0.190453,0.155825,0.0173139,0,0.0173139,0,0,0.0173139,0,0
60792,60818,60805,10.7,-104.903,39.842,258.508,-43.4365,338.107,6.7039,1.39804,87.6779,0.188144,0.000605176,2.3788,1.54705,1.03137,0.682034,0.216255,0.316065,0.3327,0.0998099,0.0998099,0,0,0,0,0,0
60819,60844,60832,10.8,-104.895,39.8401,254.435,-44.2004,338.511,8.36872,1.66534,101.48,0.18281,0.000635888,2.58339,2.0376,1.60097,0.800486,0.473015,0.491208,0.218314,0.0545786,0.0727715,0.0363857,0,0,0,0,0
60845,60869,60857,10.9,-104.889,39.8382,250.731,-45.0483,338.675,7.53015,1.45671,86.9292,0.179026,0.000536561,2.4373,1.7825,1.30959,0.854872,0.491097,0.309209,0.163699,0.127321,0.0181888,0.0363775,0,0,0,0,0
60871,60894,60882,11,-104.882,39.8362,247.025,-45.6432,339.237,10.0254,1.62836,88.0342,0.162189,0.000496688,3.84672,2.71064,1.5347,0.83711,0.458417,0.318899,0.239174,0.0199312,0.0199312,0.0398624,0,0,0,0,0
60896,60922,60909,11.1,-104.875,39.834,243.257,-46.0059,340.183,11.9477,2.10471,111.503,0.158934,0.000656254,4.06418,2.98692,1.99128,1.12622,0.816099,0.538626,0.277474,0.114254,0.016322,0.016322,0,0,0,0,0
60923,60949,60936,11.2,-104.868,39.8318,239.578,-46.6031,340.765,11.7702,2.07434,135.05,0.195315,0.00060245,4.26626,3.13646,1.73686,1.23098,0.674508,0.404705,0.18549,0.0674508,0.0168627,0,0.0337254,0.0168627,0,0,0
60950,60975,60962,11.3,-104.862,39.8295,235.972,-47.4816,340.922,11.2458,1.98338,110.347,0.166907,0.000646635,3.86575,3.0926,1.68687,1.03672,0.597433,0.650148,0.175716,0.0527147,0.0527147,0.0351431,0,0,0,0,0
60976,61001,60988,11.4,-104.855,39.8273,232.584,-48.1508,341.322,9.45231,1.78723,111.209,0.186673,0.000634711,3.38311,2.22707,1.63205,0.850028,0.510017,0.391013,0.289009,0.102003,0.0340011,0.0170006,0.0170006,0,0,0,0
61003,61029,61016,11.5,-104.848,39.825,228.952,-48.8669,341.765,7.29654,1.18216,58.7695,0.149141,0.000338527,2.8744,1.80288,1.07152,0.595289,0.442215,0.272132,0.153074,0.0850413,0,0,0,0,0,0,0
61029,61056,61042,11.6,-104.841,39.8225,225.544,-49.3804,342.443,5.67594,0.960486,54.6807,0.170791,0.000332363,2.34584,1.46,0.803818,0.377302,0.246067,0.229662,0.114831,0.0492134,0.0328089,0.0164045,0,0,0,0,0
61057,61082,61070,11.7,-104.834,39.8197,221.964,-50.1714,342.802,7.01817,1.29494,75.3994,0.174678,0.000461521,2.21839,1.93605,1.21003,0.685683,0.42351,0.262173,0.14117,0.0605015,0.0605015,0.0201672,0,0,0,0,0
61083,61108,61096,11.8,-104.828,39.8173,218.623,-50.6838,343.5,8.74033,1.51892,81.8702,0.161701,0.000482586,3.08482,2.24506,1.43958,0.822619,0.394172,0.462723,0.171379,0.0856895,0.0171379,0.0171379,0,0,0,0,0
61109,61135,61122,11.9,-104.821,39.8147,215.352,-51.1756,344.216,11.7212,2.25345,134.58,0.179165,0.000841756,4.00847,2.73793,2.02213,1.19896,0.662114,0.447374,0.429479,0.125265,0.03579,0.0536849,0,0,0,0,0
61136,61160,61148,12,-104.815,39.8123,212.027,-51.5312,345.192,13.4227,2.93224,196.18,0.200714,0.00116765,3.98958,3.1562,2.34055,1.48944,0.815648,0.709259,0.567407,0.248241,0.0531944,0.0177315,0.0354629,0,0,0,0
61161,61185,61173,12.1,-104.808,39.81,208.828,-52.2888,345.519,13.2193,2.78426,169.378,0.182503,0.00107122,3.82807,3.11254,2.09291,1.59205,1.12695,0.67975,0.554533,0.143105,0.0178882,0.0715526,0,0,0,0,0
61186,61209,61198,12.2,-104.802,39.8077,205.555,-53.0045,345.955,12.5393,2.34482,139.412,0.178365,0.000772568,4.24095,3.24188,1.83503,1.20296,0.856345,0.652453,0.387394,0.0611675,0.0203892,0.0203892,0.0203892,0,0,0,0
61210,61233,61222,12.3,-104.797,39.8055,202.314,-53.6383,346.525,12.5266,2.24797,121.975,0.162781,0.000727322,4.01165,3.36271,2.04515,1.31755,0.747268,0.570283,0.294974,0.11799,0.0393299,0.0196649,0,0,0,0,0
61234,61256,61245,12.4,-104.791,39.8034,199.244,-54.1417,347.242,12.0686,2.33243,139.301,0.17917,0.000865241,4.02287,2.85787,1.96593,1.40163,0.728121,0.473279,0.400466,0.109218,0.0546091,0.0546091,0,0,0,0,0
61257,61280,61268,12.5,-104.785,39.8015,196.219,-55.0087,347.391,12.4137,2.25184,126.282,0.168238,0.000770379,4.29274,2.88318,2.1784,1.42557,0.62469,0.512566,0.272301,0.112124,0.0961061,0.0160177,0,0,0,0,0
61281,61301,61291,12.6,-104.78,39.7995,193.175,-55.8868,347.538,12.9898,2.64061,174.011,0.197694,0.000964846,4.23618,2.95302,2.17961,1.54682,0.790988,0.650368,0.404283,0.105465,0.0527325,0.035155,0.035155,0,0,0,0
61303,61325,61314,12.7,-104.774,39.7977,190.164,-56.5004,348.111,12.7207,2.32772,131.836,0.169912,0.000730755,4.38703,2.87952,2.04954,1.50751,0.813041,0.626719,0.271014,0.152445,0.0169384,0,0.0169384,0,0,0,0
61327,61349,61338,12.8,-104.769,39.7958,187.164,-57.3635,348.307,12.2514,2.37661,136.02,0.171699,0.000837547,3.87962,2.84165,1.97384,1.4974,0.918857,0.57854,0.340318,0.153143,0.0340318,0.0340318,0,0,0,0,0
61350,61375,61362,12.9,-104.763,39.7939,184.18,-57.976,348.92,12.4093,2.40061,155.199,0.19395,0.000842298,4.07914,3.23518,2.01613,1.32846,0.625156,0.547012,0.343836,0.156289,0.0156289,0.0312578,0.0156289,0.0156289,0,0,0
61376,61402,61389,13,-104.756,39.792,181.209,-58.3992,349.851,12.0445,2.26866,131.832,0.174331,0.000806484,3.93412,2.95059,2.28482,1.04405,0.680905,0.650643,0.287493,0.12105,0.0453937,0.0453937,0,0,0,0,0
61403,61430,61416,13.1,-104.749,39.7902,178.186,-58.9288,350.667,14.4866,2.8123,187.81,0.200345,0.000973013,5.02789,3.20528,2.8439,1.31982,0.817032,0.675623,0.36138,0.125697,0.0157122,0.0471365,0.0314243,0.0157122,0,0,0
61431,61458,61444,13.2,-104.741,39.7879,175.294,-59.0248,352.162,15.5524,3.14344,204.909,0.195558,0.00117947,5.12605,3.70295,2.45411,1.78613,1.00198,0.653462,0.537291,0.130692,0.0726069,0.0580856,0.0145214,0.0145214,0,0,0
61460,61487,61474,13.3,-104.734,39.7859,172.686,-59.5404,352.817,15.3304,2.64906,156.48,0.17721,0.000850187,5.43393,3.95579,2.6325,1.61892,0.774265,0.450481,0.239318,0.0985428,0.0422326,0.0703877,0.0140775,0,0,0,0
61489,61517,61503,13.4,-104.727,39.7838,169.994,-59.9636,353.698,13.6242,2.45873,150.167,0.183224,0.000759373,4.30754,3.36746,2.9325,1.33295,0.827834,0.322715,0.336746,0.12628,0.0280622,0.0140311,0,0.0140311,0.0140311,0,0
61518,61546,61532,13.5,-104.72,39.7819,167.22,-60.1586,355.045,13.2414,2.40005,140.944,0.176177,0.000800271,4.68673,3.51504,1.83516,1.31285,0.762299,0.649366,0.282333,0.112933,0.0423499,0.0282333,0.0141166,0,0,0,0
61547,61573,61560,13.6,-104.713,39.7802,164.573,-60.5641,355.989,13.9779,2.36142,129.089,0.163998,0.000760161,5.26194,3.27769,2.60157,1.24934,0.646719,0.455643,0.264567,0.117585,0.0734908,0.0293963,0,0,0,0,0
61574,61598,61586,13.7,-104.706,39.7785,161.968,-60.6857,357.406,13.3603,2.31714,132.538,0.171596,0.000702397,4.51061,3.51588,2.31533,1.3549,0.857531,0.360163,0.257259,0.120054,0.0343012,0.0171506,0,0.0171506,0,0,0
61598,61625,61612,13.8,-104.699,39.7767,159.263,-61.3067,358.081,13.6492,2.30413,123.668,0.161016,0.000725128,4.96601,3.36455,2.46831,1.32231,0.573002,0.411386,0.367309,0.117539,0.0293847,0.0293847,0,0,0,0,0
61626,61652,61639,13.9,-104.691,39.7745,156.803,-61.5369,359.293,14.7175,2.46591,130.683,0.158988,0.000758526,5.35876,4.04579,2.07633,1.40458,0.809158,0.519082,0.305342,0.152671,0.0152671,0.0305342,0,0,0,0,0
61653,61680,61666,14,-104.684,39.7721,154.27,-61.7604,360.582,14.5523,2.26303,111.258,0.147489,0.000604525,5.31249,3.74462,2.70952,1.46132,0.563216,0.350107,0.258775,0.121776,0.015222,0.015222,0,0,0,0,0
61681,61703,61692,14.1,-104.677,39.7698,151.866,-61.8948,361.969,14.9278,2.51982,143.364,0.170683,0.00075612,5.27473,3.87848,2.58565,1.53415,0.792933,0.430942,0.258565,0.0689507,0.051713,0.0344754,0.0172377,0,0,0,0
61704,61728,61716,14.2,-104.671,39.7672,149.456,-62.0696,363.336,15.8155,2.78532,157.959,0.170134,0.00086478,5.29835,3.70725,3.22992,1.65474,0.82737,0.540973,0.350041,0.127288,0.0318219,0.0318219,0.015911,0,0,0,0
61730,61750,61740,14.3,-104.666,39.7645,146.957,-62.5595,364.24,16.0753,2.86514,165.52,0.17331,0.000940455,5.88959,3.7181,2.84325,1.43725,0.952958,0.593646,0.390556,0.171845,0.0312445,0.0312445,0.0156223,0,0,0,0
61751,61772,61762,14.4,-104.662,39.762,144.669,-62.57,365.854,14.681,2.70264,155.782,0.172922,0.000945949,4.84159,3.82642,2.37394,1.54619,0.952701,0.577868,0.249889,0.187417,0.0780902,0.0468541,0,0,0,0,0
61773,61796,61784,14.5,-104.658,39.7595,142.237,-62.7757,367.275,14.4593,2.84212,172.656,0.182248,0.00104375,4.80479,3.24809,2.61943,1.57166,0.793313,0.583759,0.523886,0.224523,0.0598727,0.0149682,0,0.0149682,0,0,0
61798,61820,61809,14.6,-104.653,39.7571,139.945,-63.0913,368.432,13.5697,2.81867,180.813,0.192445,0.00107481,3.9835,3.33869,2.34998,1.54755,0.902736,0.788103,0.372558,0.17195,0.0143291,0.0859749,0.0143291,0,0,0,0
61821,61847,61834,14.7,-104.647,39.7544,137.697,-62.9608,370.367,14.3108,3.05511,190.827,0.187385,0.00119603,4.46549,3.04766,2.41163,1.47083,1.24557,0.848045,0.450524,0.251763,0.0795042,0.0265014,0.0132507,0,0,0,0
61849,61862,61856,14.8,-104.643,39.7522,135.619,-62.71,372.421,14.7251,2.93398,183.47,0.187598,0.00106111,4.41752,3.70581,2.62597,1.6443,0.908045,0.760795,0.368126,0.147251,0.098167,0.0245418,0.0245418,0,0,0,0
61863,61884,61874,14.9,-104.64,39.7502,133.234,-62.5995,374.518,15.379,3.21172,220.544,0.206005,0.00127043,5.04171,3.71781,2.57526,1.48712,1.03373,0.689155,0.453392,0.181357,0.0906783,0.0725427,0.0181357,0.0181357,0,0,0
61885,61906,61896,15,-104.637,39.7484,131.004,-63.0395,375.537,12.9919,2.91578,192.893,0.198465,0.00128452,4.04808,3.01011,2.14514,1.17637,0.830376,0.882275,0.484386,0.242193,0.0864975,0.0864975,0,0,0,0,0
61906,61927,61916,15.1,-104.635,39.7472,128.938,-62.8647,377.557,12.4143,3.70101,324.581,0.263102,0.00184027,3.39893,2.54465,1.98119,1.05421,1.10874,1.09056,0.636163,0.290817,0.0908804,0.109056,0.109056,0,0,0,0
61928,61950,61939,15.2,-104.632,39.7461,127.09,-63.3638,378.227,12.1146,3.08927,233.153,0.226415,0.00141547,3.54773,2.58314,1.86378,1.37331,0.817448,0.801099,0.686657,0.261583,0.0817448,0.0490469,0.0326979,0.016349,0,0,0
61951,61974,61962,15.3,-104.629,39.745,124.88,-63.1774,380.459,12.1488,3.00163,212.55,0.212435,0.00134101,3.26163,2.94743,1.85524,1.24181,0.822887,1.03235,0.598463,0.224424,0.0897695,0.0448848,0.0299232,0,0,0,0
61976,62000,61988,15.4,-104.627,39.7436,122.827,-63.7123,381.289,12.9089,3.29051,248.232,0.226317,0.00150056,3.70622,2.87389,1.72747,1.61754,0.957963,0.973667,0.596764,0.235565,0.0942259,0.0785215,0.0314086,0.0157043,0,0,0
62000,62025,62012,15.5,-104.623,39.742,120.858,-63.5085,383.434,11.5939,3.23848,233.124,0.215957,0.0016353,2.92828,2.46453,1.80202,1.09976,0.87451,1.06001,0.768509,0.384255,0.172252,0.0265003,0,0.0132502,0,0,0
62026,62052,62039,15.6,-104.62,39.74,118.907,-63.5129,385.206,11.634,3.5395,264.441,0.224134,0.00189998,2.57733,2.40455,1.71342,1.19508,1.09429,1.09429,0.935902,0.359962,0.129586,0.129586,0,0,0,0,0
62053,62076,62064,15.7,-104.617,39.7383,116.836,-63.5826,387.019,10.3781,2.87391,211.549,0.22083,0.00130582,2.22281,2.11768,1.77224,1.36673,0.871103,1.00627,0.645818,0.255323,0.060076,0.015019,0.045057,0,0,0,0
62077,62098,62088,15.8,-104.615,39.7368,114.884,-63.8995,388.301,11.138,3.38222,262.374,0.232723,0.00174081,2.45945,2.14614,1.61352,1.5352,0.986913,1.01824,0.892921,0.203649,0.156653,0.0939917,0.0313306,0,0,0,0
62099,62123,62111,15.9,-104.613,39.7357,113.081,-64.1887,389.515,10.9986,3.43541,258.548,0.225779,0.00182328,2.17571,2.16071,1.72556,1.30543,1.09536,0.960314,0.975318,0.360118,0.150049,0.0750245,0.0150049,0,0,0,0
62125,62150,62138,16,-104.611,39.7352,111.175,-63.026,393.595,10.1622,2.77222,196.789,0.212958,0.00140686,2.71175,1.93109,1.6024,1.16413,0.876525,0.698481,0.725872,0.219131,0.178044,0.0547828,0,0,0,0,0
62151,62172,62162,16.1,-104.609,39.7348,109.576,-63.6776,394.002,9.11756,2.30852,162.632,0.211346,0.00105846,2.43574,1.94201,1.53057,0.954546,0.789969,0.543104,0.658308,0.148119,0.0493731,0.0493731,0.0164577,0,0,0,0
62173,62196,62184,16.2,-104.606,39.7343,107.858,-64.3491,394.51,9.45787,2.20646,146.884,0.19971,0.00100176,3.10043,1.89471,1.36231,1.11177,0.548055,0.704642,0.407127,0.187905,0.0939523,0.0469762,0,0,0,0,0
62197,62221,62209,16.3,-104.603,39.7336,106.107,-64.4272,396.216,9.59084,2.41608,174.77,0.217009,0.00107659,2.74024,1.9237,1.3978,1.23172,0.788857,0.747338,0.429028,0.193754,0.069198,0.0415188,0.0138396,0.0138396,0,0,0
62222,62247,62234,16.4,-104.599,39.7326,104.292,-64.5637,397.913,9.98777,2.39045,156,0.195779,0.00100202,2.52216,2.29157,1.6286,1.19623,0.749443,0.735031,0.590907,0.230598,0.0144124,0.0144124,0,0.0144124,0,0,0
