data/B2SAP/Locations/Boulder/NOAA-POPS-B2SAP_GMLBalloon_20191231_R0.ict
61,1001
Thornberry, T. D.
NOAA Chemical Sciences Laboratory
Portable Optical Particle Spectrometer (POPS)
Balloon Baseline Stratospheric Aerosol Profiles (B2SAP)
1,1
2019,12,31,2024,05,30
0
TIME_START,s,Seconds since midnight UTC on flight start day,Start time of 100 m altitude bin in UTC_seconds_since_midnight
28
1.0,1.0,1.0,1.0,1.0,1.0,1.0,1.0,1.0,1.0,1.0,1.0,1.0,1.0,1.0,1.0,1.0,1.0,1.0,1.0,1.0,1.0,1.0,1.0,1.0,1.0,1.0,1.0
99999,99999,99999,99999,99999,99999,99999,99999,99999,99999,99999,99999,99999,99999,99999,99999,99999,99999,99999,99999,99999,99999,99999,99999,99999,99999,99999,99999
TIME_STOP,s,End time of 100 m altitude bin in UTC seconds since midnight,
TIME_MID,s,Mid time of 100 m altitude in UTC seconds since midnight,
GPSAlt,m,GPS reported altitude above sea level (m),
GPS_Lon,deg,GPS reported longitude,
GPS_Lat,deg,GPS reported latitude,
iMet_Pressure,mb,Pressure reported (mB),
iMet_Temperature,degrees C,Ambient temperature (oC),
THETA,K,Potential temperature from iMet,
Aerosol_concentration,cm^-3,Aerosol concentration,
Surface_Area_Conc,um^2 cm^-3,Surface area concentration,
Volume_density,um^3 cm^-3,Volume density,
Effective_radius,um,Effective radius,
Extinction,km^-1,Extinction,
Bin01,cm^-3,particle concentration in size range [140 - 170 nm],
Bin02,cm^-3,particle concentration in size range [170 - 205 nm],
Bin03,cm^-3,particle concentration in size range [205 - 249 nm],
Bin04,cm^-3,particle concentration in size range [249 - 302 nm],
Bin05,cm^-3,particle concentration in size range [302 - 366 nm],
Bin06,cm^-3,particle concentration in size range [366 - 443 nm],
Bin07,cm^-3,particle concentration in size range [443 - 537 nm],
Bin08,cm^-3,particle concentration in size range [537 - 651 nm],
Bin09,cm^-3,particle concentration in size range [651 - 789 nm],
Bin10,cm^-3,particle concentration in size range [789 - 956 nm],
Bin11,cm^-3,particle concentration in size range [956 - 1159 nm],
Bin12,cm^-3,particle concentration in size range [1159 - 1404 nm],
Bin13,cm^-3,particle concentration in size range [1404 - 1702 nm],
Bin14,cm^-3,particle concentration in size range [1702 - 2062 nm],
Bin15,cm^-3,particle concentration in size range [2062 - 2500 nm],
0
19
PI_CONTACT_INFO: 325 Broadway R/CSL6, Boulder, CO 80305; troy.thornberry@noaa.gov; 303-497-3373 
PLATFORM: GML ECC/FPH balloon
LOCATION: Boulder, CO, USA
ASSOCIATED_DATA: N/A
INSTRUMENT_INFO: Printed Optical Particle Spectrometer counts particles from 140 - 2500 nm in diameter 
DATA_INFO: Particle concentrations reported in number per cubic centimeter, binned to 100 m altitude
UNCERTAINTY: Counting uncertainty dominated by air flow, less than 5 percent
ULOD_FLAG: -77777
ULOD_VALUE: 3000 ~3000 per cm3 (varies depending on flow rate- manufacturer quotes 1250  per cm3 at 1.667 cc/s)
LLOD_FLAG: -88888
LLOD_VALUE: 0 0 (varies depending on data field and measurement precision)
DM_CONTACT_INFO: Troy Thornberry, 325 Broadway R/CSL6, Boulder, CO 80305; troy.thornberry@noaa.gov; 303-497-3373
PROJECT_INFO: B2SAP Boulder, CO, USA
STIPULATIONS_ON_USE: Please contact the PIs for questions regarding applications and uncertainties
OTHER_COMMENTS: POPS bin Edges (nm):  140, 170, 205, 249, 302, 366, 443, 537, 651, 789, 956, 1159, 1404, 1702, 2062, 2500
Calculations assume sulfate refractive index of 1.45+0.00j and extinction wavelength = 532 nm
REVISION: R0
R0: QA/QC data
TIME_START,TIME_STOP,TIME_MID,GPSAlt,GPS_Lon,GPS_Lat,iMet_Pressure,iMet_Temperature,THETA,Aerosol_concentration,Surface_Area_Conc,Volume_density,Effective_radius,Extinction,Bin01,Bin02,Bin03,Bin04,Bin05,Bin06,Bin07,Bin08,Bin09,Bin10,Bin11,Bin12,Bin13,Bin14,Bin15
[from data line 230]
68359,68376,68368,24.7,-104.935,39.6494,25.0371,-51.2571,636.353,2.51674,0.783179,50.0548,0.191737,0.000358578,0.425625,0.314592,0.370108,0.333098,0.277581,0.518152,0.222065,0.0555163,0,0,0,0,0,0,0
68377,68395,68386,24.8,-104.938,39.6489,24.5639,-51.0617,640.38,2.09769,0.745001,56.0973,0.225895,0.000418198,0.337763,0.337763,0.231101,0.319986,0.284432,0.231101,0.17777,0.142216,0.017777,0.017777,0,0,0,0,0
68396,68415,68406,24.9,-104.94,39.6488,24.2305,-51.0889,642.82,2.19788,0.587644,36.4846,0.186259,0.00025984,0.507202,0.371948,0.355042,0.236694,0.253601,0.202881,0.236694,0.0338135,0,0,0,0,0,0,0
68416,68435,68426,25,-104.943,39.6492,23.827,-51.236,645.476,2.052,0.726217,61.8015,0.255302,0.000358442,0.393985,0.344737,0.279073,0.180576,0.213408,0.295489,0.279073,0.0492481,0,0,0,0,0.016416,0,0
68436,68454,68445,25.1,-104.945,39.6499,23.4082,-51.6059,647.674,2.36264,0.812999,54.5653,0.201348,0.000408636,0.273364,0.331942,0.370994,0.29289,0.29289,0.39052,0.331942,0.078104,0,0,0,0,0,0,0
68455,68473,68464,25.2,-104.947,39.6504,23.0218,-51.0476,652.404,2.23583,0.678329,44.9123,0.198631,0.000334389,0.375936,0.415508,0.395722,0.277005,0.138503,0.277005,0.277005,0.0791443,0,0,0,0,0,0,0
68474,68491,68482,25.3,-104.949,39.6503,22.6747,-50.8035,655.951,1.93969,0.525087,33.4197,0.190938,0.000238351,0.599906,0.179972,0.279956,0.239962,0.179972,0.279956,0.0999843,0.0799874,0,0,0,0,0,0,0
68493,68512,68502,25.4,-104.951,39.6495,22.313,-50.9355,658.595,2.1126,0.677455,44.8323,0.198533,0.000333847,0.398278,0.329012,0.277063,0.190481,0.225114,0.363645,0.277063,0.0519493,0,0,0,0,0,0,0
68513,68530,68522,25.5,-104.953,39.6485,21.94,-50.8469,662.026,2.45469,0.715823,47.5363,0.199224,0.000357118,0.569839,0.416421,0.394504,0.263003,0.197252,0.197252,0.328753,0.0876676,0,0,0,0,0,0,0
68531,68550,68540,25.6,-104.956,39.6473,21.5606,-51.175,664.367,2.10095,0.602621,38.6651,0.192485,0.000285054,0.436046,0.317124,0.396405,0.277484,0.138742,0.178382,0.336945,0.0198203,0,0,0,0,0,0,0
68551,68570,68560,25.7,-104.958,39.6463,21.2411,-51.4661,666.321,2.08372,0.774956,104.965,0.406341,0.000430018,0.460823,0.440787,0.400716,0.220394,0.160286,0.100179,0.160286,0.100179,0.0200358,0,0,0,0,0.0200358,0
68572,68588,68580,25.8,-104.961,39.6455,20.8531,-51.2846,670.392,2.09028,0.675038,45.4758,0.202103,0.000341425,0.395458,0.338964,0.225976,0.310717,0.141235,0.338964,0.254223,0.084741,0,0,0,0,0,0,0
68592,68606,68599,25.9,-104.963,39.6445,20.4962,-51.0585,674.391,2.25904,0.714865,48.6579,0.204197,0.00036762,0.400335,0.457526,0.257359,0.171572,0.428931,0.171572,0.228763,0.142977,0,0,0,0,0,0,0
68608,68626,68617,26,-104.965,39.6437,20.1306,-51.0994,677.745,2.11065,0.619355,39.5769,0.1917,0.000279785,0.399914,0.311044,0.311044,0.244392,0.288826,0.333261,0.199957,0,0.0222174,0,0,0,0,0,0
68627,68644,68636,26.1,-104.967,39.6427,19.7994,-51.0341,681.166,2.10281,0.575132,34.8681,0.181879,0.000240438,0.357925,0.380295,0.313184,0.313184,0.246073,0.290814,0.178963,0.0223703,0,0,0,0,0,0,0
68645,68662,68654,26.2,-104.969,39.6416,19.5233,-51.3073,683.057,1.92201,0.451727,26.6554,0.177023,0.000181136,0.597382,0.259731,0.233758,0.363624,0.155839,0.129866,0.155839,0.0259731,0,0,0,0,0,0,0
68664,68683,68674,26.3,-104.972,39.6401,19.1533,-51.4306,686.43,1.82012,0.772539,109.864,0.426634,0.000445593,0.325021,0.303353,0.520034,0.0650043,0.173345,0.130009,0.130009,0.151677,0,0,0,0,0,0.0216681,0
68684,68703,68694,26.4,-104.975,39.6385,18.7662,-51.3225,690.773,1.98215,0.548481,34.6347,0.18944,0.000250166,0.5269,0.275995,0.301086,0.200724,0.150543,0.275995,0.225814,0.0250905,0,0,0,0,0,0,0
68704,68723,68714,26.5,-104.978,39.6372,18.4853,-51.6424,692.765,2.39695,0.678235,43.274,0.191411,0.000312094,0.450911,0.379715,0.569572,0.166125,0.21359,0.33225,0.21359,0.0711965,0,0,0,0,0,0,0
68724,68742,68733,26.6,-104.981,39.6362,18.1718,-51.5653,696.389,1.46694,0.421885,27.6497,0.196615,0.000207858,0.336674,0.264529,0.264529,0.120241,0.0961925,0.120241,0.240481,0.0240481,0,0,0,0,0,0,0
68744,68762,68753,26.7,-104.984,39.6356,17.8794,-51.6288,699.436,1.56873,0.511954,34.8155,0.204015,0.000265768,0.343159,0.17158,0.318648,0.0980455,0.0980455,0.245114,0.245114,0.0490228,0,0,0,0,0,0,0
68764,68782,68773,26.8,-104.987,39.6354,17.5861,-51.6006,702.827,1.52365,0.443043,27.8289,0.188439,0.000198372,0.257848,0.234408,0.257848,0.210967,0.164085,0.210967,0.164085,0.0234408,0,0,0,0,0,0,0
68783,68798,68790,26.9,-104.989,39.6351,17.304,-51.7753,705.537,1.12,0.350332,25.8549,0.221404,0.000199225,0.172307,0.201025,0.287178,0.201025,0.0287178,0,0.143589,0.0574357,0.0287178,0,0,0,0,0,0
68803,68822,68812,27,-104.993,39.6344,16.9575,-51.48,710.562,1.21273,0.399146,25.73,0.193388,0.000185897,0.0808485,0.215596,0.188647,0.161697,0.188647,0.215596,0.134748,0.0269495,0,0,0,0,0,0,0
68823,68841,68832,27.1,-104.996,39.6334,16.6993,-51.592,713.336,1.38907,0.352919,21.1206,0.179537,0.000143998,0.3251,0.206882,0.236437,0.147773,0.236437,0.118218,0.0886638,0.0295546,0,0,0,0,0,0,0
68842,68862,68852,27.2,-104.999,39.632,16.4305,-51.5375,716.819,1.51358,0.441681,28.8851,0.196194,0.000213985,0.28936,0.311619,0.178068,0.244843,0.111292,0.133551,0.200326,0.0445169,0,0,0,0,0,0,0
68863,68878,68870,27.3,-105.002,39.6307,16.1867,-51.646,719.532,1.45586,0.496705,34.0702,0.205778,0.000260884,0.148558,0.326827,0.207981,0.148558,0.148558,0.178269,0.237692,0.059423,0,0,0,0,0,0,0
62353,63065,62709,1.7,-105.197,39.9491,820.637,6.07058,295.447,22.6991,6.67108,527.033,0.237008,0.0032497,5.16149,4.2995,3.66215,2.80016,2.18371,1.85459,1.74488,0.689592,0.130605,0.0835869,0.0522418,0.0156726,0.0104484,0.0104484,0
62418,62590,62504,1.8,-105.197,39.9491,820.567,6.59,296.004,23.6836,7.13189,664.796,0.279644,0.00351645,5.05605,5.08562,3.40027,3.48897,2.2767,1.56708,1.71492,0.709621,0.23654,0.0591351,0.0295675,0,0.0295675,0,0.0295675
69160,69172,69166,27.1,-105.058,39.6127,16.5883,-48.6333,724.237,1.03264,0.332252,20.9168,0.188864,0.000147722,0.14752,0.22128,0.07376,0.07376,0.07376,0.3688,0.07376,0,0,0,0,0,0,0,0
69174,69189,69182,27,-105.061,39.6116,16.94,-49.0815,718.464,1.39893,0.332161,20.8131,0.187979,0.000136964,0.409443,0.0341202,0.443563,0.204721,0.102361,0.136481,0.0341202,0,0.0341202,0,0,0,0,0,0
69190,69205,69198,26.9,-105.063,39.611,17.1629,-49.2529,715.248,1.55325,0.443323,26.9896,0.182641,0.000187192,0.316989,0.221892,0.126796,0.28529,0.190193,0.253591,0.158494,0,0,0,0,0,0,0,0
69206,69221,69214,26.8,-105.066,39.6106,17.4277,-49.6823,710.747,1.07205,0.329992,20.6695,0.187909,0.000145203,0.100504,0.100504,0.201009,0.201009,0.268012,0.0670029,0.100504,0.0335014,0,0,0,0,0,0,0
69222,69234,69228,26.7,-105.068,39.6104,17.7055,-49.9136,706.821,1.60724,0.437029,25.9856,0.178379,0.00017685,0.274406,0.235206,0.274406,0.235206,0.235206,0.196005,0.156804,0,0,0,0,0,0,0,0
69236,69250,69243,26.6,-105.07,39.61,18.0562,-49.8977,702.92,1.62727,0.442703,27.5052,0.18639,0.000195308,0.298886,0.265676,0.365305,0.132838,0.232467,0.132838,0.166048,0.0332095,0,0,0,0,0,0,0
69251,69264,69258,26.5,-105.073,39.6093,18.3727,-50.3045,698.166,1.75034,0.469591,30.1853,0.19284,0.000223243,0.456611,0.380509,0.228305,0.114153,0.190255,0.114153,0.228305,0.0380509,0,0,0,0,0,0,0
69266,69277,69272,26.4,-105.075,39.6085,18.6955,-50.3264,694.629,1.94079,0.560611,35.4765,0.189846,0.000255008,0.342492,0.342492,0.228328,0.342492,0.228328,0.190273,0.228328,0.0380546,0,0,0,0,0,0,0
69278,69291,69284,26.3,-105.077,39.6074,18.9482,-50.4064,691.717,2.27545,0.758354,54.0451,0.213799,0.000414889,0.484932,0.335722,0.29842,0.223815,0.29842,0.186512,0.335722,0.0746049,0.0373025,0,0,0,0,0,0
69292,69304,69298,26.2,-105.079,39.6066,19.2782,-50.3445,688.514,1.58534,0.509713,34.8094,0.204877,0.000265352,0.221211,0.221211,0.331816,0.331816,0.0368684,0.110605,0.258079,0.0737369,0,0,0,0,0,0,0
69305,69317,69311,26.1,-105.08,39.6059,19.64,-50.8791,683.213,1.65887,0.633695,45.9932,0.217738,0.000354501,0.294909,0.110591,0.147455,0.294909,0.221182,0.221182,0.294909,0.0368637,0.0368637,0,0,0,0,0,0
69318,69329,69324,26,-105.082,39.6053,19.9073,-51.04,680.098,1.98341,0.58611,37.6757,0.192843,0.000266836,0.468805,0.144248,0.18031,0.468805,0.252433,0.288495,0.0721238,0.108186,0,0,0,0,0,0,0
69332,69341,69336,25.9,-105.084,39.6047,20.2522,-51.2033,676.254,1.53586,0.393547,24.5937,0.187477,0.000174616,0.526582,0.0877636,0.219409,0.307173,0.0877636,0.131645,0.131645,0.0438818,0,0,0,0,0,0,0
69342,69351,69346,25.8,-105.085,39.6043,20.5829,-51.2486,673.011,1.65645,0.436177,27.1201,0.186531,0.000190389,0.386506,0.276076,0.22086,0.276076,0.165645,0.165645,0.11043,0.0552151,0,0,0,0,0,0,0
69352,69358,69355,25.7,-105.086,39.6038,20.9171,-52.7371,665.414,2.04246,0.514603,39.9736,0.233035,0.000247241,0.552016,0.496814,0.276008,0.220806,0.276008,0.110403,0.0552016,0,0,0.0552016,0,0,0,0,0
69361,69370,69366,25.6,-105.087,39.6032,21.283,-52.41,663.115,2.07182,0.652116,45.8384,0.210875,0.00034307,0.38367,0.268569,0.498771,0.230202,0.115101,0.268569,0.191835,0.0767341,0.038367,0,0,0,0,0,0
69371,69378,69374,25.5,-105.089,39.6028,21.6514,-52.7971,658.713,2.14556,0.70915,47.6805,0.201709,0.000362152,0.321834,0.375473,0.321834,0.160917,0.321834,0.214556,0.375473,0.053639,0,0,0,0,0,0,0
69381,69391,69386,25.4,-105.09,39.6027,22.096,-51.262,659.459,2.24013,0.883784,69.4437,0.235726,0.000509999,0.261348,0.149342,0.522696,0.224013,0.336019,0.298683,0.336019,0.0373354,0.0373354,0.0373354,0,0,0,0,0
69392,69401,69396,25.3,-105.091,39.603,22.373,-51.742,655.701,2.31097,0.658452,41.2528,0.187954,0.000294533,0.293457,0.476867,0.330139,0.476867,0.220092,0.18341,0.293457,0.0366821,0,0,0,0,0,0,0
69402,69411,69406,25.2,-105.092,39.6034,22.7357,-50.9786,654.932,2.1248,0.634451,42.2567,0.199811,0.000299144,0.155473,0.414595,0.414595,0.518243,0.155473,0.207297,0.207297,0,0.0518243,0,0,0,0,0,0
69412,69425,69418,25.1,-105.094,39.6041,23.1744,-50.5689,652.581,2.51148,0.925858,68.1513,0.220826,0.000518997,0.318918,0.398647,0.318918,0.318918,0.318918,0.398647,0.279053,0.0797294,0.0797294,0,0,0,0,0,0
69426,69437,69432,25,-105.095,39.6044,23.6117,-50.9392,648.014,1.88215,0.680009,47.3999,0.209114,0.000366797,0.264677,0.176452,0.323495,0.264677,0.235269,0.176452,0.352903,0.0882258,0,0,0,0,0,0,0
69438,69449,69444,24.9,-105.097,39.6044,23.9982,-50.3709,646.674,2.52815,0.871017,59.2035,0.203912,0.000441035,0.221213,0.442426,0.442426,0.284417,0.252815,0.537231,0.189611,0.158009,0,0,0,0,0,0,0
69450,69461,69456,24.8,-105.099,39.6041,24.3967,-51.09,641.551,2.89407,0.903761,57.4342,0.190651,0.000414378,0.286541,0.48712,0.48712,0.429812,0.401158,0.372504,0.401158,0.0286541,0,0,0,0,0,0,0
69462,69473,69468,24.7,-105.1,39.6036,24.7955,-49.7936,642.321,2.07723,0.659076,44.8587,0.204189,0.000340422,0.403045,0.465052,0.217024,0.186021,0.124014,0.341038,0.248028,0.0930103,0,0,0,0,0,0,0
69474,69485,69480,24.6,-105.102,39.6032,25.1964,-50.9118,636.186,2.55638,0.854436,61.5163,0.215989,0.000465993,0.456497,0.395631,0.395631,0.334764,0.243465,0.304331,0.273898,0.0912994,0.0608663,0,0,0,0,0,0
69486,69498,69492,24.5,-105.103,39.6028,25.6508,-50.0067,635.518,2.63947,0.952958,69.0079,0.217243,0.000532521,0.36119,0.416758,0.388974,0.36119,0.222271,0.388974,0.277839,0.194487,0.0277839,0,0,0,0,0,0
69499,69511,69505,24.4,-105.105,39.6027,26.077,-50.113,632.237,2.51681,1.06295,84.149,0.237496,0.000644809,0.359544,0.228801,0.359544,0.326858,0.196115,0.39223,0.490288,0.0980575,0.0326858,0.0326858,0,0,0,0,0
69512,69523,69518,24.3,-105.107,39.6025,26.473,-51.083,626.775,2.48252,0.878966,64.2133,0.219167,0.000493642,0.359312,0.261318,0.620629,0.195988,0.326647,0.293982,0.163323,0.228653,0.0326647,0,0,0,0,0,0
69525,69538,69532,24.2,-105.109,39.6023,26.9692,-51.6258,621.943,2.3626,0.717167,47.6842,0.199469,0.000351757,0.456412,0.349021,0.349021,0.349021,0.268478,0.268478,0.187934,0.134239,0,0,0,0,0,0,0
69539,69551,69545,24.1,-105.11,39.602,27.3825,-51.9475,618.333,2.37278,0.831396,60.4069,0.217972,0.000460648,0.399907,0.373246,0.319925,0.293265,0.213284,0.373246,0.239944,0.106642,0.0533209,0,0,0,0,0,0
69553,69565,69559,24,-105.111,39.6014,27.8192,-52.2083,614.832,2.63251,0.882144,59.7784,0.203295,0.000448656,0.421202,0.394877,0.315902,0.342227,0.315902,0.421202,0.289577,0.131626,0,0,0,0,0,0,0
69566,69580,69573,23.9,-105.113,39.6008,28.3109,-53.4509,608.314,2.94527,1.00185,71.82,0.215061,0.000539397,0.629086,0.285948,0.486112,0.285948,0.314543,0.571897,0.142974,0.171569,0.0571897,0,0,0,0,0,0
69581,69595,69588,23.8,-105.114,39.6001,28.835,-53.6425,604.611,2.42601,0.806347,55.4674,0.206365,0.000415632,0.286947,0.417378,0.391292,0.365206,0.260861,0.286947,0.313033,0.0782583,0.0260861,0,0,0,0,0,0
69597,69610,69604,23.7,-105.116,39.5994,29.295,-54.47,599.607,2.4428,0.944219,73.8328,0.234584,0.000561197,0.334278,0.359991,0.359991,0.359991,0.205709,0.308564,0.28285,0.179996,0.0257137,0.0257137,0,0,0,0,0
69611,69626,69618,23.6,-105.117,39.5986,29.8108,-54.4767,596.611,2.94425,0.933032,65.6841,0.211196,0.000497897,0.640054,0.460839,0.460839,0.332828,0.230419,0.307226,0.384032,0.0768065,0.0512043,0,0,0,0,0,0
69627,69641,69634,23.5,-105.119,39.5976,30.2958,-54.4342,593.985,2.32056,0.777598,54.9414,0.211966,0.000418667,0.479246,0.277458,0.353129,0.227011,0.327905,0.252235,0.252235,0.126117,0.0252235,0,0,0,0,0,0
69642,69656,69649,23.4,-105.12,39.5968,30.8317,-54.4342,591.011,2.79002,0.792129,51.8607,0.19641,0.000373309,0.552976,0.552976,0.4273,0.301623,0.276488,0.377029,0.201082,0.0754059,0.0251353,0,0,0,0,0,0
69657,69671,69664,23.3,-105.122,39.5962,31.3267,-54.5908,587.915,2.93939,0.980509,79.9142,0.244508,0.000489615,0.444613,0.66692,0.494015,0.296409,0.222307,0.370511,0.296409,0.123504,0,0,0.0247007,0,0,0,0
69673,69687,69680,23.2,-105.124,39.5954,31.8315,-54.0623,586.637,2.63233,0.84782,58.6081,0.207384,0.000444625,0.317695,0.612697,0.385772,0.408465,0.158847,0.249617,0.385772,0.09077,0.0226925,0,0,0,0,0,0
69688,69702,69695,23.1,-105.125,39.5944,32.3631,-53.5631,585.21,3.10626,0.897735,58.0229,0.193898,0.000420583,0.737459,0.446945,0.424597,0.40225,0.24582,0.491639,0.24582,0.111736,0,0,0,0,0,0,0
69703,69717,69710,23,-105.127,39.5933,32.9038,-52.9223,584.137,3.24897,1.08932,77.7544,0.214136,0.000594753,0.618852,0.59675,0.397833,0.287324,0.375732,0.35363,0.486241,0.0663056,0.0663056,0,0,0,0,0,0
69718,69733,69726,22.9,-105.128,39.592,33.4227,-52.8013,581.855,2.78206,0.880739,61.4266,0.209233,0.00044086,0.435288,0.454214,0.492065,0.283884,0.397437,0.321735,0.321735,0.0378511,0.0189256,0.0189256,0,0,0,0,0
69734,69749,69742,22.8,-105.129,39.5907,33.9921,-52.9921,578.554,2.79296,0.919315,62.1746,0.202894,0.000466342,0.502331,0.401865,0.301399,0.442051,0.261212,0.381771,0.442051,0.0401865,0.0200932,0,0,0,0,0,0
69751,69766,69758,22.7,-105.13,39.5895,34.6044,-53.045,575.468,2.81901,0.928216,62.5366,0.202119,0.000471221,0.469835,0.487237,0.330625,0.295822,0.348026,0.40023,0.382829,0.104408,0,0,0,0,0,0,0
69767,69781,69774,22.6,-105.131,39.5887,35.1569,-53.2708,572.291,3.22031,1.09753,75.1653,0.205457,0.000562318,0.529656,0.50847,0.33898,0.381352,0.317794,0.614401,0.466097,0.0211862,0.0423725,0,0,0,0,0,0
69783,69798,69790,22.5,-105.132,39.5883,35.7344,-53.6181,568.719,3.10688,1.03459,71.9034,0.208499,0.000539728,0.458392,0.526302,0.543279,0.33955,0.20373,0.526302,0.407459,0.0509324,0.0509324,0,0,0,0,0,0
69799,69814,69806,22.4,-105.133,39.5878,36.3487,-53.862,565.34,2.69154,0.98953,70.3815,0.213379,0.000540967,0.289024,0.397409,0.415473,0.307088,0.379345,0.325152,0.451601,0.0903201,0.0361281,0,0,0,0,0,0
69815,69831,69823,22.3,-105.134,39.5874,36.9229,-53.5171,563.691,3.18899,1.15133,84.7469,0.220823,0.000624859,0.40644,0.375176,0.578396,0.453337,0.343911,0.437705,0.453337,0.0937939,0.0156323,0.0312646,0,0,0,0,0
69832,69848,69840,22.2,-105.135,39.587,37.5987,-54.1127,559.262,2.75378,0.949367,68.2093,0.215542,0.000507402,0.494268,0.476616,0.211829,0.335396,0.388353,0.388353,0.300091,0.141219,0,0.0176524,0,0,0,0,0
