data/B2SAP/Locations/Boulder/NOAA-POPS-B2SAP_GMLBalloon_20191203_R0.ict
61,1001
Thornberry, T. D.
NOAA Chemical Sciences Laboratory
Portable Optical Particle Spectrometer (POPS)
Balloon Baseline Stratospheric Aerosol Profiles (B2SAP)
1,1
2019,12,03,2024,05,30
0
TIME_START,s,Seconds since midnight UTC on flight start day,Start time of 100 m altitude bin in UTC_seconds_since_midnight
28
1.0,1.0,1.0,1.0,1.0,1.0,1.0,1.0,1.0,1.0,1.0,1.0,1.0,1.0,1.0,1.0,1.0,1.0,1.0,1.0,1.0,1.0,1.0,1.0,1.0,1.0,1.0,1.0
99999,99999,99999,99999,99999,99999,99999,99999,99999,99999,99999,99999,99999,99999,99999,99999,99999,99999,99999,99999,99999,99999,99999,99999,99999,99999,99999,99999
TIME_STOP,s,End time of 100 m altitude bin in UTC seconds since midnight,
TIME_MID,s,Mid time of 100 m altitude in UTC seconds since midnight,
GPSAlt,m,GPS reported altitude above sea level (m),
GPS_Lon,deg,GPS reported longitude,
GPS_Lat,deg,GPS reported latitude,
iMet_Pressure,mb,Pressure reported (mB),
iMet_Temperature,degrees C,Ambient temperature (oC),
THETA,K,Potential temperature from iMet,
Aerosol_concentration,cm^-3,Aerosol concentration,
Surface_Area_Conc,um^2 cm^-3,Surface area concentration,
Volume_density,um^3 cm^-3,Volume density,
Effective_radius,um,Effective radius,
Extinction,km^-1,Extinction,
Bin01,cm^-3,particle concentration in size range [140 - 170 nm],
Bin02,cm^-3,particle concentration in size range [170 - 205 nm],
Bin03,cm^-3,particle concentration in size range [205 - 249 nm],
Bin04,cm^-3,particle concentration in size range [249 - 302 nm],
Bin05,cm^-3,particle concentration in size range [302 - 366 nm],
Bin06,cm^-3,particle concentration in size range [366 - 443 nm],
Bin07,cm^-3,particle concentration in size range [443 - 537 nm],
Bin08,cm^-3,particle concentration in size range [537 - 651 nm],
Bin09,cm^-3,particle concentration in size range [651 - 789 nm],
Bin10,cm^-3,particle concentration in size range [789 - 956 nm],
Bin11,cm^-3,particle concentration in size range [956 - 1159 nm],
Bin12,cm^-3,particle concentration in size range [1159 - 1404 nm],
Bin13,cm^-3,particle concentration in size range [1404 - 1702 nm],
Bin14,cm^-3,particle concentration in size range [1702 - 2062 nm],
Bin15,cm^-3,particle concentration in size range [2062 - 2500 nm],
0
19
PI_CONTACT_INFO: 325 Broadway R/CSL6, Boulder, CO 80305; troy.thornberry@noaa.gov; 303-497-3373 
PLATFORM: GML ECC/FPH balloon
LOCATION: Boulder, CO, USA
ASSOCIATED_DATA: N/A
INSTRUMENT_INFO: Printed Optical Particle Spectrometer counts particles from 140 - 2500 nm in diameter 
DATA_INFO: Particle concentrations reported in number per cubic centimeter, binned to 100 m altitude
UNCERTAINTY: Counting uncertainty dominated by air flow, less than 5 percent
ULOD_FLAG: -77777
ULOD_VALUE: 3000 ~3000 per cm3 (varies depending on flow rate- manufacturer quotes 1250  per cm3 at 1.667 cc/s)
LLOD_FLAG: -88888
LLOD_VALUE: 0 0 (varies depending on data field and measurement precision)
DM_CONTACT_INFO: Troy Thornberry, 325 Broadway R/CSL6, Boulder, CO 80305; troy.thornberry@noaa.gov; 303-497-3373
PROJECT_INFO: B2SAP Boulder, CO, USA
STIPULATIONS_ON_USE: Please contact the PIs for questions regarding applications and uncertainties
OTHER_COMMENTS: POPS bin Edges (nm):  140, 170, 205, 249, 302, 366, 443, 537, 651, 789, 956, 1159, 1404, 1702, 2062, 2500
Calculations assume sulfate refractive index of 1.45+0.00j and extinction wavelength = 532 nm
REVISION: R0
R0: QA/QC data
TIME_START,TIME_STOP,TIME_MID,GPSAlt,GPS_Lon,GPS_Lat,iMet_Pressure,iMet_Temperature,THETA,Aerosol_concentration,Surface_Area_Conc,Volume_density,Effective_radius,Extinction,Bin01,Bin02,Bin03,Bin04,Bin05,Bin06,Bin07,Bin08,Bin09,Bin10,Bin11,Bin12,Bin13,Bin14,Bin15
[from data line 387]
69647,69671,69659,15.7,-104.595,39.5533,109.909,-60.6232,399.405,19.9258,8.48081,683.526,0.24179,0.00502341,2.00661,2.49774,2.55387,2.68016,2.55387,2.93274,2.73629,1.54355,0.266613,0.0982259,0.0420968,0,0.0140323,0,0
69672,69697,69684,15.6,-104.586,39.552,111.713,-61.325,396.226,19.1328,8.11194,674.95,0.249614,0.00470962,2.06586,2.20088,2.60595,2.63295,2.53844,2.93001,2.52494,1.1342,0.270047,0.135023,0.081014,0,0.0135023,0,0
69698,69723,69710,15.5,-104.578,39.5503,113.552,-61.3038,394.427,20.2813,8.76127,739.903,0.253355,0.00514553,2.17251,2.44239,2.79323,2.76624,2.38842,2.95516,2.94166,1.26842,0.337347,0.0944571,0.0944571,0.0134939,0.0134939,0,0
69724,69749,69736,15.4,-104.57,39.5483,115.393,-61.1096,392.983,18.5665,8.36201,746.276,0.267738,0.0049451,1.95507,2.42699,1.98204,2.58879,2.83149,2.42699,2.56182,1.20001,0.256182,0.161799,0.175283,0,0,0,0
69750,69774,69762,15.3,-104.563,39.5463,117.229,-61.3821,390.704,18.4148,7.94504,642.439,0.242581,0.00478974,1.75658,2.29819,2.26892,2.60559,2.28355,2.82517,2.78125,1.02467,0.351316,0.190296,0.0292763,0,0,0,0
69775,69798,69786,15.2,-104.555,39.5443,119.129,-61.9258,387.917,19.2987,8.52041,735.91,0.259111,0.00510004,2.27475,2.21605,2.49489,2.45086,2.45086,3.11128,2.40684,1.26212,0.308192,0.205462,0.117407,0,0,0,0
69799,69821,69810,15.1,-104.547,39.543,121.097,-61.883,386.188,19.3007,8.1638,685.688,0.251974,0.00486057,2.32465,2.6764,2.37053,2.61523,2.26347,2.73758,2.53876,1.14703,0.397637,0.137644,0.0917624,0,0,0,0
69822,69844,69833,15,-104.539,39.5422,123.027,-62.0136,384.207,19.1656,8.63134,772.141,0.268374,0.00513506,2.04775,2.06375,2.4477,2.67167,2.51169,2.81565,2.87964,1.16786,0.271966,0.15998,0.0959882,0.015998,0,0.015998,0
69845,69867,69856,14.9,-104.53,39.5415,125.08,-61.9126,382.573,19.3709,8.2317,678.066,0.247118,0.00481797,2.11319,2.34288,2.38882,2.84821,2.40414,2.84821,2.64914,1.33223,0.245007,0.107191,0.0918778,0,0,0,0
69868,69891,69880,14.8,-104.521,39.541,127.124,-61.4818,381.587,19.2965,7.65424,583.777,0.228805,0.00439915,2.01271,2.42804,2.81141,2.65167,2.55583,2.61972,2.79544,1.02233,0.287531,0.0958435,0.0159739,0,0,0,0
69892,69916,69904,14.7,-104.512,39.5403,129.238,-60.6012,381.378,20.3575,8.50325,689.137,0.243132,0.00502133,2.26816,2.52018,2.95421,2.53418,2.45018,3.01022,2.92621,1.17608,0.28002,0.182013,0.056004,0,0,0,0
69917,69942,69930,14.6,-104.503,39.5392,131.324,-59.9267,380.829,20.1035,8.11617,635.185,0.234785,0.00467976,2.06413,2.58743,3.11073,2.74733,2.15135,3.03805,2.68919,1.38093,0.18897,0.101753,0.0290723,0.0145361,0,0,0
69943,69970,69956,14.5,-104.494,39.5377,133.458,-59.5818,379.698,20.3223,8.68723,751.482,0.259512,0.00509119,2.28704,2.78422,2.7345,2.62263,2.5232,3.00795,2.63506,1.10623,0.26102,0.223732,0.136725,0,0,0,0
69971,69999,69985,14.4,-104.484,39.5361,135.643,-59.1365,378.733,20.9275,9.27699,769.541,0.248855,0.0056667,2.30602,2.43931,2.35934,2.71924,3.01249,2.62593,3.50568,1.3063,0.399888,0.186614,0.0666479,0,0,0,0
70000,70028,70014,14.3,-104.475,39.5345,137.706,-59.2571,376.89,20.5869,8.72971,735.762,0.252847,0.00510807,2.70158,2.47043,2.28262,3.19277,2.3404,2.8316,2.97607,1.32912,0.173363,0.173363,0.0866816,0.0288939,0,0,0
70029,70056,70042,14.2,-104.465,39.5322,139.949,-59.5859,374.571,19.6935,7.84697,637.621,0.243771,0.00444441,2.47746,2.63526,2.49324,2.7615,2.65104,2.79306,2.38278,1.05726,0.20514,0.1578,0.0473401,0.03156,0,0,0
70058,70085,70072,14.1,-104.455,39.5297,142.373,-59.7717,372.417,21.4735,8.70442,712.948,0.24572,0.00499015,2.8143,2.66009,2.77575,3.04561,2.60226,3.00706,3.08416,0.886697,0.366244,0.134932,0.0771041,0.019276,0,0,0
70087,70109,70098,14,-104.446,39.5279,144.622,-59.624,371.015,20.3125,9.18844,818.863,0.267357,0.00550679,2.11806,2.43056,3.125,2.11806,2.77778,3.09028,2.5,1.49306,0.277778,0.208333,0.173611,0,0,0,0
70112,70134,70123,13.9,-104.437,39.5265,146.941,-59.275,369.929,22.0776,8.99514,748.642,0.249682,0.00509788,2.57825,3.37989,3.01157,2.38326,2.96824,3.1849,2.64325,1.49495,0.238326,0.043332,0.151662,0,0,0,0
70136,70158,70147,13.8,-104.429,39.5253,149.154,-58.6629,369.405,23.0554,10.0119,832.153,0.24935,0.00604885,2.78028,2.46554,2.78028,3.3311,3.12126,3.09503,3.01635,1.8885,0.262291,0.236062,0.0786873,0,0,0,0
70159,70181,70170,13.7,-104.422,39.5239,151.405,-58.2475,368.544,20.8568,8.67544,694.584,0.24019,0.00513275,2.70183,2.60299,2.76773,2.33939,2.57004,2.83363,3.09722,1.54861,0.263594,0.0658984,0.0658984,0,0,0,0
70184,70206,70195,13.6,-104.413,39.5221,154.164,-57.66,367.655,21.3059,9.37871,771.899,0.24691,0.00587444,2.49371,2.71245,2.9312,2.14371,2.88745,2.62496,2.79995,2.09996,0.437493,0.131248,0.0437493,0,0,0,0
70208,70230,70219,13.5,-104.407,39.5207,156.487,-57.1833,366.885,21.2939,9.23718,815.744,0.264933,0.00549449,2.972,3.03732,2.80871,1.95956,2.64541,2.74339,3.10264,1.50233,0.163297,0.195956,0.130638,0,0.0326594,0,0
70234,70254,70244,13.4,-104.399,39.5188,159.107,-56.71,365.952,20.7834,8.17618,678.403,0.248919,0.00469858,2.63451,3.07359,3.61025,2.293,2.43936,2.58572,2.34179,1.36604,0.146362,0.195149,0.0975744,0,0,0,0
70257,70274,70266,13.3,-104.392,39.5166,161.6,-55.995,365.538,22.8961,9.84061,846.201,0.257972,0.00570573,2.66687,2.92706,3.05715,2.92706,2.9921,2.92706,3.18724,1.75623,0.195137,0.0650457,0.195137,0,0,0,0
70277,70296,70286,13.2,-104.385,39.5142,163.875,-55.6275,364.702,24.0587,9.69795,737.57,0.228163,0.00574612,3.21432,2.7273,2.92211,3.60394,2.7273,3.11692,3.50653,1.85067,0.292211,0.0974037,0,0,0,0,0
70307,70322,70314,13.1,-104.378,39.5113,166.91,-55.4267,363.117,20.5657,9.0436,814.845,0.270305,0.00564217,2.72479,3.04917,2.53016,2.91942,2.27066,2.40041,2.59504,0.908263,0.778511,0.259504,0.129752,0,0,0,0
70325,70349,70337,13,-104.37,39.5081,169.458,-55.3867,361.62,19.6976,8.75915,809.438,0.277232,0.00519732,2.54301,2.75852,2.1982,2.67232,2.45681,2.84473,2.45681,1.03445,0.21551,0.344816,0.0862039,0.0431019,0.0431019,0,0
70355,70378,70366,12.9,-104.36,39.5043,172.206,-55.5056,359.77,20.7246,8.41227,718.329,0.256172,0.0048816,2.76904,2.81231,2.94211,3.24497,2.12005,2.59598,2.33638,1.34125,0.259598,0.173065,0.129799,0,0,0,0
70381,70408,70394,12.8,-104.35,39.5009,174.836,-55.3257,358.513,22.1773,10.0201,941.514,0.281889,0.0061722,2.89027,2.47341,2.61236,2.55678,3.00144,3.14039,3.33493,1.47293,0.416866,0.222329,0.0277911,0,0,0,0.0277911
70414,70445,70430,12.7,-104.336,39.4968,177.904,-55.1393,357.032,23.1315,10.1243,940.297,0.278625,0.00584437,2.90875,3.10266,2.96415,3.29658,2.93645,3.04726,2.90875,1.1358,0.332428,0.221619,0.249321,0,0.0277023,0,0
70452,70474,70463,12.6,-104.323,39.4934,180.79,-55.01,355.607,22.2143,9.26879,818.755,0.265004,0.00513906,2.67435,3.10569,3.2351,2.63121,2.93315,2.97629,2.89002,1.33717,0.129404,0.0431346,0.258808,0,0,0,0
70475,70505,70490,12.5,-104.31,39.49,183.603,-54.4983,354.877,24.3624,10.1494,822.148,0.243014,0.0059829,2.80361,3.15809,3.22254,3.09364,2.99696,3.54479,3.48034,1.54682,0.193352,0.257803,0.0644508,0,0,0,0
70512,70534,70523,12.4,-104.299,39.4864,186.166,-54.1957,353.967,23.2965,10.1953,826.744,0.243272,0.0062073,2.65613,2.6008,2.6008,3.3755,2.93282,3.09882,3.43084,2.15811,0.221345,0.166008,0.0553361,0,0,0,0
70539,70566,70552,12.3,-104.285,39.4819,189.069,-54.5292,351.856,22.2575,9.44377,767.137,0.243696,0.0055776,2.52589,2.85277,2.61504,2.88248,2.94192,3.23908,3.06078,1.60468,0.386312,0.0594327,0.089149,0,0,0,0
70570,70596,70583,12.2,-104.27,39.4772,192.318,-55.117,349.211,22.8926,9.44195,821.499,0.261016,0.00545599,3.29251,3.09883,3.06009,3.13756,2.82768,2.40159,2.98262,1.47194,0.348618,0.0774707,0.154941,0.0387354,0,0,0
70597,70623,70610,12.1,-104.256,39.4733,195.146,-55.1592,347.693,24.561,10.953,955.948,0.261832,0.00662819,3.00323,3.33031,3.0627,2.64641,3.09243,3.24111,3.68713,1.66516,0.535229,0.11894,0.11894,0.0594699,0,0,0
70624,70651,70638,12,-104.24,39.4685,198.28,-54.868,346.581,25.2331,11.4423,993.783,0.260555,0.00724046,2.94984,3.66737,2.87012,2.6708,3.30861,3.62751,3.22888,1.87355,0.518216,0.43849,0.0797255,0,0,0,0
70654,70679,70666,11.9,-104.224,39.4633,201.383,-55.1585,344.575,25.4928,11.4443,987.452,0.258851,0.00700805,3.14295,2.79373,3.24771,3.45724,2.82865,3.56201,3.98107,1.50163,0.628589,0.20953,0.104765,0.0349216,0,0,0
70683,70705,70694,11.8,-104.206,39.4573,204.495,-54.9483,343.403,23.8855,11.8888,1142.36,0.288261,0.00717416,2.19203,2.41879,3.40142,3.02349,3.25025,2.9479,4.08171,1.7385,0.226762,0.226762,0.377936,0,0,0,0
70710,70739,70724,11.7,-104.186,39.4506,208.016,-54.0567,343.133,24.2353,9.80556,759.197,0.232275,0.00568526,3.16113,2.91025,2.91025,3.21131,3.0106,3.41201,3.61272,1.60565,0.30106,0.0501767,0.0501767,0,0,0,0
70743,70770,70756,11.6,-104.168,39.4449,211.308,-53.544,342.4,19.5452,7.95923,650.385,0.245144,0.00484682,2.83069,3.10028,2.33644,2.47124,1.97699,2.15672,2.78576,1.30302,0.404384,0.134795,0.0449316,0,0,0,0
70774,70794,70784,11.5,-104.15,39.439,214.287,-53.1371,341.655,16.9143,5.85833,432.188,0.22132,0.00330536,3.20346,2.75498,2.37056,1.92208,1.53766,1.79394,2.17835,0.89697,0.192208,0.0640693,0,0,0,0,0
70800,70825,70812,11.4,-104.13,39.4326,217.821,-52.837,340.527,13.1227,4.28292,322.757,0.226077,0.00242008,2.95597,2.28416,2.14979,1.0749,1.20926,1.34362,1.0749,0.761385,0.17915,0.0895748,0,0,0,0,0
70829,70855,70842,11.3,-104.11,39.4268,221.054,-52.1362,340.179,12.7074,4.22911,353.554,0.2508,0.0022063,2.7744,2.46613,1.98661,1.13031,1.09606,1.13031,1.40432,0.513777,0.102755,0,0.0685036,0.0342518,0,0,0
70856,70885,70870,11.2,-104.084,39.419,224.827,-51.3311,339.775,13.345,5.07922,474.314,0.280149,0.00296985,3.55867,2.22417,1.48278,1.28507,1.03794,1.23565,1.18622,0.939092,0.148278,0.0988518,0.148278,0,0,0,0
70886,70914,70900,11.1,-104.064,39.4133,228.078,-50.6131,339.476,12.3823,3.91858,317.691,0.243219,0.00208888,3.06157,2.95952,1.29266,0.918471,1.15659,1.08856,1.19061,0.476244,0.13607,0.0340174,0.0680349,0,0,0,0
70915,70947,70931,11,-104.039,39.406,231.87,-50.1787,338.535,12.978,4.16616,329.034,0.236934,0.00227776,3.156,2.21215,2.06468,1.23881,1.20931,1.03234,1.15032,0.648898,0.176972,0.0589907,0,0,0.0294954,0,0
70948,70979,70964,10.9,-104.015,39.3993,235.407,-49.4015,338.253,12.9874,4.10753,303.23,0.221469,0.00217678,2.84443,2.42548,1.74194,1.43324,1.27889,1.16864,1.23479,0.727645,0.0881994,0.0220498,0,0.0220498,0,0,0
70980,71007,70994,10.8,-103.991,39.3926,238.805,-48.6946,337.938,14.5612,5.73586,511.459,0.267506,0.00344847,3.49739,2.35401,1.47966,1.17701,1.37878,1.78232,1.47966,0.941605,0.201772,0.168144,0.100886,0,0,0,0
71015,71040,71028,10.7,-103.965,39.385,242.72,-47.965,337.462,15.3673,6.08814,531.695,0.261998,0.00371171,3.04446,2.46456,2.2471,1.30477,1.37726,1.59472,2.02964,0.724872,0.289949,0.217462,0.0724872,0,0,0,0
71048,71077,71062,10.6,-103.936,39.3761,246.586,-47.19,337.094,13.6711,4.98659,399.565,0.240384,0.00306311,3.21673,2.47441,1.36093,1.11348,1.48465,1.2372,1.54651,0.742323,0.371161,0.12372,0,0,0,0,0
71082,71120,71101,10.5,-103.909,39.3673,250.275,-46.6055,336.539,12.0756,3.75202,272.05,0.217523,0.00205811,3.02873,2.36005,1.57337,0.983353,0.904685,1.29803,1.10136,0.66868,0.118002,0.0393341,0,0,0,0,0
71121,71147,71134,10.4,-103.887,39.3598,253.115,-46.7167,335.294,10.8561,3.05416,226.249,0.222237,0.00160609,3.32921,2.46072,0.86849,0.86849,1.08561,0.86849,0.86849,0.361871,0,0.144748,0,0,0,0,0
71155,71174,71164,10.3,-103.861,39.3509,257.603,-45.98,334.699,10.5324,3.09169,224.999,0.218327,0.0016513,2.45274,2.3806,1.58707,0.793535,1.08209,0.793535,0.721395,0.577116,0.0721395,0.0721395,0,0,0,0,0
71178,71201,71190,10.2,-103.841,39.3444,261.777,-45.1473,334.38,13.835,4.59995,377.181,0.245991,0.00259617,3.91926,2.27317,1.52851,1.13658,1.48932,1.29335,1.29335,0.587888,0.0783851,0.195963,0.0391926,0,0,0,0
71204,71228,71216,10.1,-103.823,39.3383,265.556,-44.3947,334.116,15.4489,5.72538,439.961,0.230532,0.00330627,2.95829,2.32618,1.74463,1.82049,1.54236,1.61821,2.17447,1.08724,0.101138,0.0505691,0.0252846,0,0,0,0
71229,71314,71272,10,-103.804,39.3319,269.781,-43.3879,334.081,16.5101,6.99308,632.023,0.271135,0.00425095,3.06327,2.68036,1.80192,1.55416,1.66678,1.93707,2.07221,1.2163,0.202716,0.180192,0.11262,0.022524,0,0,0
71315,71342,71328,9.9,-103.787,39.3262,274.119,-42.7111,333.539,20.545,8.34726,671.631,0.241384,0.00504748,3.34808,2.78499,2.58715,2.23712,2.16103,2.40453,2.99805,1.58273,0.289152,0.10653,0.0456556,0,0,0,0
71343,71373,71358,9.8,-103.767,39.3194,278.055,-42.2603,332.829,25.3033,11.691,1023.36,0.262601,0.00734025,3.46789,3.27599,2.57693,2.65917,3.12521,3.20746,3.92022,2.27537,0.424919,0.219313,0.123364,0.0274141,0,0,0
71374,71407,71390,9.7,-103.747,39.3122,282.057,-41.8306,332.093,29.853,14.8263,1349.48,0.273059,0.00954946,3.58336,3.48348,3.10891,3.35862,3.34614,4.04533,4.95678,2.6844,0.749135,0.31214,0.149827,0.0624279,0.0124856,0,0
71408,71434,71421,9.6,-103.728,39.3059,286.501,-41.3374,331.321,30.3956,15.0681,1347.74,0.268331,0.00975073,3.82098,3.31987,3.21025,2.78744,3.75835,4.4004,5.02679,2.85008,0.68903,0.344515,0.156598,0.0313195,0,0,0
71435,71470,71452,9.5,-103.711,39.2995,290.966,-40.9872,330.356,25.2736,12.3628,1115.8,0.270765,0.00789202,3.48804,2.70118,2.72467,2.57199,2.70118,3.54676,4.27491,2.30187,0.587213,0.176164,0.176164,0,0.0234885,0,0
71471,71509,71490,9.4,-103.691,39.2924,295.155,-40.5464,329.63,24.4627,11.4723,1023.34,0.267602,0.00723699,3.4885,2.93768,2.49487,2.94848,2.49487,3.4237,3.6397,2.17086,0.453613,0.237607,0.172805,0,0,0,0
71510,71547,71528,9.3,-103.672,39.2855,299.486,-40.0661,328.943,24.2647,11.3489,1017.39,0.268939,0.00721567,3.74154,2.97774,2.56816,2.67886,2.46853,2.9556,3.84117,2.12537,0.520274,0.221393,0.0996269,0.0664179,0,0,0
71548,71589,71568,9.2,-103.653,39.279,303.947,-39.8076,327.923,23.9009,11.4678,1043.87,0.273078,0.00719772,3.02011,2.7501,2.8201,2.8001,2.59009,3.20012,3.80014,2.05007,0.430015,0.230008,0.180006,0.0200007,0.0100004,0,0
71590,71632,71611,9.1,-103.635,39.2726,308.448,-39.4058,327.107,23.706,11.6293,1052.68,0.27156,0.00756813,3.1809,2.6848,2.67507,2.76262,2.34433,2.75289,3.92992,2.45134,0.515559,0.243188,0.136185,0.0291826,0,0,0
71633,71670,71652,9,-103.619,39.2668,312.925,-38.9966,326.33,25.4036,12.2562,1106.34,0.270804,0.00773848,3.2896,2.91553,2.77251,2.82752,2.79451,3.55365,4.08175,2.23341,0.506093,0.22004,0.176032,0.033006,0,0,0
71671,71699,71685,8.9,-103.606,39.2619,317.425,-38.7721,325.316,24.9535,11.7572,1058.88,0.270187,0.00749544,3.64717,3.24353,2.55157,2.79664,2.58041,3.24353,3.56067,2.33534,0.619874,0.187404,0.172988,0.0144157,0,0,0
71700,71734,71717,8.8,-103.596,39.2571,322.18,-38.3551,324.516,23.1916,9.63278,830.761,0.258729,0.00581549,3.91888,3.56153,2.73964,2.50141,2.26318,2.84684,2.94214,1.83437,0.23823,0.214407,0.107203,0.023823,0,0,0
71735,71764,71750,8.7,-103.586,39.2526,326.865,-37.739,324.029,24.2516,9.82304,857.844,0.26199,0.00595874,4.87804,3.24279,2.97949,2.78547,2.38359,2.9102,2.7439,1.4551,0.429601,0.318736,0.124723,0,0,0,0
71765,71794,71780,8.6,-103.577,39.2486,331.642,-37.2487,323.353,25.9458,9.86044,838.021,0.254965,0.00581512,5.55191,4.22277,3.10132,2.69981,2.43675,2.49213,3.11516,1.64757,0.359974,0.179987,0.124606,0.0138452,0,0,0
71795,71823,71809,8.5,-103.569,39.2449,336.466,-36.7424,322.716,25.5124,8.93291,722.869,0.242766,0.00502311,5.3252,4.52571,3.46923,2.54125,2.49842,2.64119,2.66974,1.24207,0.356917,0.142767,0.0999368,0,0,0,0
71824,71854,71839,8.4,-103.561,39.2412,341.372,-36.0555,322.321,26.7955,8.96808,757.118,0.253271,0.00493806,6.69222,4.53258,3.78604,2.8262,2.62623,2.09298,2.41293,1.09315,0.399933,0.173304,0.146642,0.0133311,0,0,0
71855,71886,71870,8.3,-103.552,39.2376,346.448,-35.6275,321.548,32.0132,9.57764,709.217,0.222148,0.00500884,8.09987,5.87208,4.51996,3.54128,2.67849,2.69137,2.76864,1.365,0.321934,0.103019,0.0386321,0,0.0128774,0,0
71887,71918,71902,8.2,-103.544,39.2343,351.437,-35.3937,320.541,34.5274,9.94471,731.186,0.220575,0.00511613,8.96348,6.47792,5.31885,3.59312,3.01358,2.53708,2.80753,1.28786,0.309086,0.167421,0.0515143,0,0,0,0
