data/B2SAP/Locations/Boulder/NOAA-POPS-B2SAP_GMLBalloon_20230713_R0.ict
82,1001
Thornberry, T. D.
NOAA Chemical Sciences Laboratory
Portable Optical Particle Spectrometer (POPS)
Balloon Baseline Stratospheric Aerosol Profiles (B2SAP)
1,1
2023,07,13,2024,05,28
0
TIME_START,s,Seconds since midnight UTC on flight start day,Start time of 100 m altitude bin in UTC_seconds_since_midnight
49
1.0,1.0,1.0,1.0,1.0,1.0,1.0,1.0,1.0,1.0,1.0,1.0,1.0,1.0,1.0,1.0,1.0,1.0,1.0,1.0,1.0,1.0,1.0,1.0,1.0,1.0,1.0,1.0,1.0,1.0,1.0,1.0,1.0,1.0,1.0,1.0,1.0,1.0,1.0,1.0,1.0,1.0,1.0,1.0,1.0,1.0,1.0,1.0,1.0
99999,99999,99999,99999,99999,99999,99999,99999,99999,99999,99999,99999,99999,99999,99999,99999,99999,99999,99999,99999,99999,99999,99999,99999,99999,99999,99999,99999,99999,99999,99999,99999,99999,99999,99999,99999,99999,99999,99999,99999,99999,99999,99999,99999,99999,99999,99999,99999,99999
TIME_STOP,s,End time of 100 m altitude bin in UTC seconds since midnight,
TIME_MID,s,Mid time of 100 m altitude in UTC seconds since midnight,
GPSAlt,km,GPS reported altitude above sea level (km),
GPS_Lon,deg,GPS reported longitude,
GPS_Lat,deg,GPS reported latitude,
iMet_Pressure,hPa,Pressure reported (hPa),
iMet_Temperature,degrees C,Ambient temperature (oC),
THETA,K,Potential temperature from iMet,
Aerosol_concentration,cm^-3,Aerosol concentration,
Surface_Area_Conc,um^2 cm^-3,Surface area concentration,
Volume_density,um^3 cm^-3,Volume density,
Effective_radius,um,Effective radius,
Extinction,km^-1,Extinction,
Bin01,cm^-3,particle concentration in size range [140 - 146.14 nm],
Bin02,cm^-3,particle concentration in size range [146.14 - 152.56 nm],
Bin03,cm^-3,particle concentration in size range [152.56 - 159.25 nm],
Bin04,cm^-3,particle concentration in size range [159.25 - 166.24 nm],
Bin05,cm^-3,particle concentration in size range [166.24 - 173.54 nm],
Bin06,cm^-3,particle concentration in size range [173.54 - 181.16 nm],
Bin07,cm^-3,particle concentration in size range [181.16 - 189.11 nm],
Bin08,cm^-3,particle concentration in size range [189.11 - 197.41 nm],
Bin09,cm^-3,particle concentration in size range [197.41 - 206.07 nm],
Bin10,cm^-3,particle concentration in size range [206.07 - 215.12 nm],
Bin11,cm^-3,particle concentration in size range [215.12 - 224.56 nm],
Bin12,cm^-3,particle concentration in size range [224.56 - 234.41 nm],
Bin13,cm^-3,particle concentration in size range [234.41 - 244.70 nm],
Bin14,cm^-3,particle concentration in size range [244.70 - 361.30 nm],
Bin15,cm^-3,particle concentration in size range [361.30 - 472.80 nm],
Bin16,cm^-3,particle concentration in size range [472.80 - 567.00 nm],
Bin17,cm^-3,particle concentration in size range [567.00 - 610.66 nm],
Bin18,cm^-3,particle concentration in size range [610.66 - 657.69 nm],
Bin19,cm^-3,particle concentration in size range [657.69 - 708.33 nm],
Bin20,cm^-3,particle concentration in size range [708.33 - 762.88 nm],
Bin21,cm^-3,particle concentration in size range [762.88 - 821.62 nm],
Bin22,cm^-3,particle concentration in size range [821.62 - 884.89 nm],
Bin23,cm^-3,particle concentration in size range [884.89 - 953.03 nm],
Bin24,cm^-3,particle concentration in size range [953.03 - 1026.42 nm],
Bin25,cm^-3,particle concentration in size range [1026.42 - 1105.46 nm],
Bin26,cm^-3,particle concentration in size range [1105.46 - 1190.59 nm]],
[...]
LOCATION: Boulder, CO, USA
ASSOCIATED_DATA: N/A
INSTRUMENT_INFO: Printed Optical Particle Spectrometer counts particles from 140 - 2500 nm in diameter 
DATA_INFO: Particle concentrations reported in number per cubic centimeter, binned to 100 m altitude
UNCERTAINTY: Counting uncertainty dominated by air flow, less than 5 percent
ULOD_FLAG: -77777
ULOD_VALUE: 3000 ~3000 per cm3 (varies depending on flow rate- manufacturer quotes 1250  per cm3 at 1.667 cc/s)
LLOD_FLAG: -88888
LLOD_VALUE: 0 0 (varies depending on data field and measurement precision)
DM_CONTACT_INFO: Troy Thornberry, 325 Broadway R/CSL6, Boulder, CO 80305; troy.thornberry@noaa.gov; 303-497-3373
PROJECT_INFO: B2SAP Boulder, CO, USA
STIPULATIONS_ON_USE: Please contact the PIs for questions regarding applications and uncertainties
OTHER_COMMENTS: POPS bin Edges (nm):  140, 146.14, 152.56, 159.25, 166.24, 173.54, 181.16, 189.11, 197.41, 206.07, 215.12, 224.56, 234.41, 244.70, 361.30, 472.80, 567.00, 610.66, 657.69, 708.33, 762.88, 821.62, 884.89, 953.03, 1026.42, 1105.46, 1190.59, 1282.27, 1381.01, 1487.36, 1601.89, 1725.25, 1858.10, 2001.18, 2155.28, 2321.25, 2500
Calculations assume sulfate refractive index of 1.45+0.00j and extinction wavelength = 532 nm
REVISION: R0
R0: QA/QC data
TIME_START,TIME_STOP,TIME_MID,GPSAlt,GPS_Lon,GPS_Lat,iMet_Pressure,iMet_Temperature,THETA,Aerosol_concentration,Surface_Area_Conc,Volume_density,Effective_radius,Extinction,Bin01,Bin02,Bin03,Bin04,Bin05,Bin06,Bin07,Bin08,Bin09,Bin10,Bin11,Bin12,Bin13,Bin14,Bin15,Bin16,Bin17,Bin18,Bin19,Bin20,Bin21,Bin22,Bin23,Bin24,Bin25,Bin26,Bin27,Bin28,Bin29,Bin30,Bin31,Bin32,Bin33,Bin34,Bin35,Bin36
[from data line 418]
64350,64376,64363,14.8,-104.531,39.7193,139.491,-60.7543,372.874,3.2485,0.419616,21.983,0.157165,0.000112126,0.686538,0.468855,0.401876,0.200938,0.301407,0.284662,0.200938,0.150703,0.0167448,0.0334897,0.100469,0.0837241,0.0334897,0.184193,0.0334897,0.0502345,0,0,0,0,0,0,0.0167448,0,0,0,0,0,0,0,0,0,0,0,0,0
64377,64405,64391,14.7,-104.522,39.7168,141.762,-60.4204,371.741,3.09654,0.403382,17.5812,0.130753,8.75195e-05,0.552356,0.451928,0.351499,0.301285,0.184119,0.217595,0.133904,0.0836903,0.133904,0.100428,0.0502142,0.0836903,0.0669522,0.284547,0.0334761,0.0669522,0,0,0,0,0,0,0,0,0,0,0,0,0,0,0,0,0,0,0,0
64406,64432,64419,14.6,-104.513,39.7145,143.941,-59.9012,371.028,2.37726,0.365602,21.9718,0.180293,0.000129229,0.475451,0.306743,0.306743,0.199383,0.199383,0.0766857,0.10736,0.138034,0.0613486,0.0613486,0.0613486,0.0306743,0.0460114,0.184046,0.0460114,0.0306743,0.0153371,0.0153371,0,0,0,0,0.0153371,0,0,0,0,0,0,0,0,0,0,0,0,0
64434,64460,64447,14.5,-104.504,39.712,146.317,-59.3561,370.24,2.48156,0.363133,20.7423,0.171361,0.000113079,0.499642,0.532952,0.266476,0.199857,0.116583,0.0999284,0.066619,0.0333095,0.0499642,0.0499642,0.0999284,0.0832737,0.0333095,0.249821,0.0333095,0.0499642,0,0,0,0,0,0,0.0166547,0,0,0,0,0,0,0,0,0,0,0,0,0
64462,64488,64475,14.4,-104.494,39.7097,148.621,-58.9854,369.232,1.8246,0.355313,23.2839,0.196592,0.000155948,0.325821,0.195493,0.162911,0.195493,0.179202,0.114037,0.0651642,0.0977464,0,0.0325821,0.0325821,0.0325821,0,0.179202,0.114037,0.0488732,0.0162911,0.0162911,0,0,0,0.0162911,0,0,0,0,0,0,0,0,0,0,0,0,0,0
64489,64520,64504,14.3,-104.484,39.7073,151.052,-58.9796,367.535,2.15642,0.33571,19.1664,0.171277,0.000116917,0.389129,0.356702,0.308061,0.162137,0.12971,0.162137,0.0972823,0.0162137,0.0162137,0.0162137,0.0486411,0.0486411,0.0486411,0.243206,0.0486411,0.0324274,0,0,0.0162137,0,0.0162137,0,0,0,0,0,0,0,0,0,0,0,0,0,0,0
64520,64550,64535,14.2,-104.473,39.7049,153.501,-59.0512,365.725,1.696,0.277704,16.7081,0.180495,0.000104813,0.235089,0.151128,0.251881,0.268673,0.117544,0.0503761,0.100752,0.117544,0.0503761,0.016792,0.0335841,0.016792,0.0335841,0.134336,0.0671681,0.016792,0,0,0.016792,0,0.016792,0,0,0,0,0,0,0,0,0,0,0,0,0,0,0
64551,64582,64566,14.1,-104.461,39.7032,155.839,-58.6022,364.912,1.69074,0.260031,14.0426,0.16201,8.63358e-05,0.292627,0.243856,0.195085,0.130057,0.146314,0.0650283,0.1138,0.0650283,0.0325142,0.0487712,0.0325142,0.0325142,0.0325142,0.162571,0.0487712,0.0162571,0,0.0162571,0.0162571,0,0,0,0,0,0,0,0,0,0,0,0,0,0,0,0,0
64583,64619,64601,14,-104.448,39.702,158.302,-58.228,363.916,1.23754,0.226537,13.8953,0.184014,9.52031e-05,0.174711,0.174711,0.0727964,0.0873557,0.116474,0.101915,0.0873557,0.0436779,0.0582371,0.0291186,0.0291186,0.0291186,0.0145593,0.101915,0.0582371,0.0145593,0,0.0291186,0.0145593,0,0,0,0,0,0,0,0,0,0,0,0,0,0,0,0,0
64619,64653,64636,13.9,-104.434,39.7012,160.846,-57.4462,363.58,1.30667,0.183472,9.29166,0.151931,5.34115e-05,0.285364,0.18023,0.165211,0.0600767,0.105134,0.120153,0.0750959,0.0150192,0.0300384,0.0450575,0,0.0300384,0.0150192,0.120153,0.0300384,0.0150192,0,0,0.0150192,0,0,0,0,0,0,0,0,0,0,0,0,0,0,0,0,0
64654,64688,64671,13.8,-104.42,39.7004,163.439,-56.8109,362.986,1.91452,0.286769,16.4136,0.171709,8.83053e-05,0.461658,0.190094,0.162938,0.122203,0.162938,0.135782,0.122203,0.122203,0.0407345,0.0407345,0.0135782,0.0543127,0.0271563,0.135782,0.0950472,0.0135782,0,0,0,0,0,0,0.0135782,0,0,0,0,0,0,0,0,0,0,0,0,0
64692,64719,64706,13.7,-104.407,39.6988,165.958,-57.1807,360.786,1.81067,0.345755,22.5307,0.195491,0.000152849,0.368543,0.288425,0.192284,0.0801181,0.144213,0.112165,0.0480709,0.0320473,0.0320473,0.0320473,0.0320473,0,0,0.304449,0.0480709,0.0480709,0,0.0160236,0,0.0160236,0.0160236,0,0,0,0,0,0,0,0,0,0,0,0,0,0,0
64722,64755,64738,13.6,-104.394,39.6968,168.539,-57.3189,358.973,1.35026,0.266445,18.9487,0.21335,0.000129216,0.279364,0.201763,0.170722,0.139682,0.0465606,0.0465606,0.0155202,0.0155202,0.0155202,0.0465606,0.0465606,0.0465606,0.0465606,0.108641,0.0465606,0,0.0465606,0,0.0155202,0,0,0.0155202,0,0,0,0,0,0,0,0,0,0,0,0,0,0
64758,64784,64771,13.5,-104.381,39.6949,171.193,-57.3405,357.335,1.40669,0.27301,16.5823,0.182217,0.000113645,0.217938,0.178313,0.178313,0.138688,0.0198126,0.0594377,0.0396251,0.0594377,0.0594377,0.0594377,0.0792503,0,0,0.158501,0.0594377,0.0792503,0,0,0.0198126,0,0,0,0,0,0,0,0,0,0,0,0,0,0,0,0,0
64786,64816,64801,13.4,-104.368,39.6932,173.819,-56.9348,356.454,1.89823,0.218993,9.0422,0.123869,4.13714e-05,0.451065,0.169149,0.357093,0.150355,0.112766,0.0375887,0.0751775,0.169149,0.0563831,0.0375887,0.0187944,0.0563831,0.0563831,0.131561,0,0,0,0.0187944,0,0,0,0,0,0,0,0,0,0,0,0,0,0,0,0,0,0
64817,64847,64832,13.3,-104.355,39.6914,176.656,-56.2938,355.861,1.62739,0.242376,12.7022,0.157221,7.37927e-05,0.24909,0.315515,0.132848,0.149454,0.132848,0.132848,0.016606,0.0332121,0.0996362,0.016606,0.0332121,0.0332121,0.016606,0.182666,0.0498181,0.016606,0,0,0,0.016606,0,0,0,0,0,0,0,0,0,0,0,0,0,0,0,0
64848,64876,64862,13.2,-104.343,39.6896,179.466,-55.7008,355.228,2.09773,0.318586,15.5787,0.146698,8.94196e-05,0.358587,0.251011,0.179293,0.251011,0.161364,0.0896467,0.0896467,0.053788,0.125505,0.0179293,0.0358587,0.0179293,0.0717174,0.304799,0,0.0896467,0,0,0,0,0,0,0,0,0,0,0,0,0,0,0,0,0,0,0,0
64876,64903,64890,13.1,-104.332,39.6876,182.11,-55.8771,353.46,1.74847,0.254301,14.2715,0.168361,8.90192e-05,0.304966,0.243973,0.223642,0.20331,0.182979,0.182979,0.0406621,0.020331,0.020331,0.0406621,0,0.0406621,0.020331,0.142317,0.0406621,0,0,0.020331,0,0.020331,0,0,0,0,0,0,0,0,0,0,0,0,0,0,0,0
64905,64932,64918,13,-104.319,39.6853,185.062,-55.37,352.661,1.97139,0.445561,32.923,0.221673,0.000227682,0.148785,0.185981,0.278971,0.223177,0.148785,0.130186,0.0743923,0.0557942,0.111588,0.0557942,0.0371961,0.0557942,0.0185981,0.223177,0.0743923,0.0743923,0,0,0.0371961,0,0.0185981,0.0185981,0,0,0,0,0,0,0,0,0,0,0,0,0,0
64936,64961,64948,12.9,-104.306,39.6833,188.088,-54.6006,352.271,1.8971,0.439044,31.8577,0.217684,0.000232921,0.450561,0.308279,0.260851,0.0711413,0.0237138,0.0237138,0.0237138,0.0237138,0.0711413,0.0711413,0.0711413,0.0237138,0,0.165996,0.142283,0.094855,0.0237138,0,0,0.0237138,0.0237138,0,0,0,0,0,0,0,0,0,0,0,0,0,0,0
64965,64991,64978,12.8,-104.294,39.6816,190.999,-54.2125,351.349,1.8684,0.243162,10.731,0.132394,5.47093e-05,0.339709,0.297245,0.212318,0.212318,0.127391,0.127391,0.0636954,0.0636954,0.0212318,0.0636954,0.0424636,0.0212318,0.0212318,0.191086,0.0212318,0.0424636,0,0,0,0,0,0,0,0,0,0,0,0,0,0,0,0,0,0,0,0
64994,65018,65006,12.7,-104.28,39.6801,194.083,-53.6172,350.695,3.51076,0.438637,21.4465,0.14668,0.000113113,0.853969,0.52187,0.332099,0.260935,0.308378,0.379542,0.237214,0.118607,0.0711641,0.0237214,0,0,0.0474427,0.237214,0.0711641,0.0237214,0,0,0,0,0.0237214,0,0,0,0,0,0,0,0,0,0,0,0,0,0,0
65022,65048,65035,12.6,-104.268,39.6791,196.889,-52.9995,350.245,2.71405,0.417599,24.9776,0.179437,0.00016914,0.638599,0.498905,0.379168,0.119737,0.179606,0.119737,0.179606,0.0798249,0.0598687,0.0798249,0.0199562,0.0199562,0.0199562,0.139694,0.0598687,0.0199562,0.0399124,0.0199562,0.0399124,0,0,0,0,0,0,0,0,0,0,0,0,0,0,0,0,0
65050,65078,65064,12.5,-104.256,39.6781,199.897,-52.3261,349.798,1.9098,0.283035,13.7735,0.145991,7.8893e-05,0.289364,0.289364,0.327946,0.0385819,0.192909,0.115746,0.0964546,0.0192909,0.0192909,0.0578728,0.0964546,0.0385819,0.0385819,0.154327,0.0771637,0.0578728,0,0,0,0,0,0,0,0,0,0,0,0,0,0,0,0,0,0,0,0
65080,65109,65094,12.4,-104.243,39.6768,203.153,-51.4661,349.541,2.14598,0.339099,18.2708,0.161641,0.00011774,0.511886,0.334694,0.177191,0.137815,0.0787516,0.118127,0.118127,0.0787516,0.0393758,0.0393758,0.0984395,0.0787516,0.0393758,0.118127,0.0590637,0.0984395,0.0196879,0,0,0,0,0,0,0,0,0,0,0,0,0,0,0,0,0,0,0
65109,65135,65122,12.3,-104.231,39.6752,206.2,-50.6146,349.394,3.66692,0.489415,26.1339,0.160195,0.00015919,0.942923,0.593692,0.366692,0.261923,0.349231,0.261923,0.174615,0.0873077,0.0698461,0.0523846,0.0523846,0.0349231,0.0873077,0.192077,0.0174615,0.0698461,0,0,0.0349231,0.0174615,0,0,0,0,0,0,0,0,0,0,0,0,0,0,0,0
65135,65163,65149,12.2,-104.219,39.6736,209.314,-50.2788,348.427,3.94758,0.482365,24.8082,0.154291,0.000123692,0.886902,0.591268,0.643438,0.382585,0.399975,0.156512,0.156512,0.139122,0.139122,0.0521707,0.0173902,0.0173902,0.0173902,0.226073,0.0869511,0,0,0,0.0173902,0,0,0,0.0173902,0,0,0,0,0,0,0,0,0,0,0,0,0
65175,65193,65184,12.1,-104.205,39.6721,213.113,-49.4113,347.989,4.00909,0.492428,27.026,0.164649,0.000135431,0.813033,0.644819,0.560713,0.364463,0.420534,0.364463,0.168214,0.140178,0.140178,0.0560713,0.0280356,0.0280356,0.0560713,0.0841069,0.0841069,0.0280356,0,0,0,0,0,0,0.0280356,0,0,0,0,0,0,0,0,0,0,0,0,0
65198,65223,65210,12,-104.193,39.671,216.01,-48.9441,347.373,3.54868,0.435078,20.3865,0.140571,0.000110797,0.73421,0.815789,0.34671,0.305921,0.265131,0.142763,0.183553,0.122368,0.0611842,0.101974,0.0407895,0.0611842,0.0815789,0.163158,0.0611842,0.0203947,0,0.0203947,0.0203947,0,0,0,0,0,0,0,0,0,0,0,0,0,0,0,0,0
65224,65253,65238,11.9,-104.181,39.6699,219.169,-48.2922,346.942,3.41524,0.437208,23.3696,0.160356,0.000133739,0.77619,0.504523,0.562738,0.426904,0.291071,0.116428,0.155238,0.0194047,0.077619,0.0388095,0,0.077619,0.0582142,0.213452,0.0388095,0,0,0,0.0388095,0,0.0194047,0,0,0,0,0,0,0,0,0,0,0,0,0,0,0
65253,65282,65268,11.8,-104.169,39.6684,222.312,-47.5782,346.632,3.15947,0.429487,21.4743,0.15,0.000125118,0.688603,0.567085,0.324048,0.364555,0.243036,0.121518,0.141771,0.101265,0.020253,0.0607591,0.0405061,0.0607591,0.0405061,0.222783,0.0810121,0.0405061,0.020253,0,0.020253,0,0,0,0,0,0,0,0,0,0,0,0,0,0,0,0,0
65283,65311,65297,11.7,-104.157,39.6668,225.641,-46.7625,346.411,2.44698,0.424379,30.979,0.218995,0.000196986,0.556131,0.378169,0.311433,0.266943,0.222452,0.0444905,0.0889809,0.0889809,0.0444905,0.0444905,0.0444905,0,0.0222452,0.177962,0.0444905,0.0444905,0,0,0.0222452,0,0.0222452,0,0.0222452,0,0,0,0,0,0,0,0,0,0,0,0,0
65313,65337,65325,11.6,-104.144,39.6652,229.097,-45.842,346.312,2.2301,0.2455,9.23828,0.112891,3.61544e-05,0.586869,0.322778,0.264091,0.146717,0.205404,0.176061,0.117374,0.117374,0.0586869,0,0,0,0,0.176061,0.0586869,0,0,0,0,0,0,0,0,0,0,0,0,0,0,0,0,0,0,0,0,0
65340,65369,65354,11.5,-104.132,39.6637,232.501,-45.0193,346.103,1.20651,0.185192,11.0128,0.178401,6.80949e-05,0.294272,0.147136,0.235418,0.0294272,0.0294272,0,0.0588544,0,0.0588544,0.0882816,0.0588544,0,0.0294272,0.147136,0,0,0,0,0,0.0294272,0,0,0,0,0,0,0,0,0,0,0,0,0,0,0,0
65369,65400,65384,11.4,-104.119,39.6621,236.083,-44.67,345.124,1.62562,0.231585,10.8412,0.140439,5.91702e-05,0.329518,0.0659037,0.263615,0.219679,0.0878716,0.0659037,0.0439358,0.109839,0.0439358,0.0219679,0.0878716,0.0219679,0.0219679,0.153775,0.0439358,0.0439358,0,0,0,0,0,0,0,0,0,0,0,0,0,0,0,0,0,0,0,0
65402,65432,65417,11.3,-104.105,39.6605,239.687,-44.024,344.604,1.55669,0.24147,15.3399,0.190582,9.67214e-05,0.323086,0.293715,0.264343,0.0881144,0.0881144,0.117486,0.0293715,0.0293715,0.0293715,0.0293715,0,0.0293715,0,0.176229,0,0.0293715,0,0,0,0,0.0293715,0,0,0,0,0,0,0,0,0,0,0,0,0,0,0
65435,65468,65452,11.2,-104.091,39.659,243.153,-43.3667,344.176,1.0679,0.264165,23.0071,0.261282,0.000165276,0.218434,0.194163,0.0728113,0.0728113,0.121352,0,0.0485408,0.0242704,0.0485408,0,0,0.0485408,0.0242704,0.0728113,0.0242704,0.0242704,0,0,0.0242704,0.0242704,0,0.0242704,0,0,0,0,0,0,0,0,0,0,0,0,0,0
65471,65504,65488,11.1,-104.077,39.6575,246.716,-42.374,344.23,1.10026,0.129816,5.01457,0.115885,1.97636e-05,0.289543,0.260589,0.0579087,0.0579087,0.0579087,0,0.0289543,0.0289543,0.0579087,0.0289543,0.0289543,0.0289543,0.0579087,0.086863,0.0289543,0,0,0,0,0,0,0,0,0,0,0,0,0,0,0,0,0,0,0,0,0
65508,65542,65525,11,-104.06,39.656,250.736,-41.7053,343.637,0.863385,0.123421,6.67912,0.16235,4.31026e-05,0.253937,0.253937,0.0761811,0.0507874,0,0.0253937,0.0253937,0,0,0.0507874,0,0.0253937,0,0.0253937,0.0507874,0,0.0253937,0,0,0,0,0,0,0,0,0,0,0,0,0,0,0,0,0,0,0
65543,65578,65560,10.9,-104.045,39.6548,253.966,-41.127,343.237,1.36058,0.219205,12.0917,0.165486,7.88651e-05,0.215965,0.129579,0.172772,0.0863859,0.194368,0.043193,0.107982,0.0647894,0.043193,0.0215965,0.0647894,0,0.0215965,0.0863859,0.043193,0.043193,0,0.0215965,0,0,0,0,0,0,0,0,0,0,0,0,0,0,0,0,0,0
65582,65622,65602,10.8,-104.029,39.6533,257.695,-40.7143,342.42,1.34831,0.216518,11.0507,0.153116,6.4869e-05,0.306434,0.18386,0.143003,0.0817157,0.0408579,0.102145,0.0408579,0.0612868,0.0204289,0.0204289,0.0204289,0.0204289,0.0204289,0.163431,0.102145,0,0.0204289,0,0,0,0,0,0,0,0,0,0,0,0,0,0,0,0,0,0,0
65625,65663,65644,10.7,-104.012,39.6514,261.824,-40.029,341.872,1.80255,0.243404,10.6101,0.130772,5.20941e-05,0.214589,0.214589,0.171671,0.257507,0.171671,0.0858356,0.0858356,0.128753,0,0.0858356,0.0429178,0.0429178,0.0429178,0.214589,0,0.0429178,0,0,0,0,0,0,0,0,0,0,0,0,0,0,0,0,0,0,0,0
65665,65701,65683,10.6,-103.996,39.6497,265.707,-39.3143,341.482,1.64484,0.245056,11.0119,0.134808,5.45933e-05,0.12184,0.243679,0.18276,0.12184,0.0609199,0.18276,0.18276,0.0609199,0.0609199,0.0609199,0,0.0609199,0,0.18276,0.12184,0,0,0,0,0,0,0,0,0,0,0,0,0,0,0,0,0,0,0,0,0
65721,65740,65730,10.5,-103.977,39.6474,270.393,-38.4633,341.017,2.42116,0.285909,13.8106,0.144912,8.13201e-05,0.640894,0.284842,0.427263,0.0712105,0.284842,0.213631,0.142421,0.142421,0.0712105,0,0,0,0,0.0712105,0,0,0.0712105,0,0,0,0,0,0,0,0,0,0,0,0,0,0,0,0,0,0,0
65742,65772,65757,10.4,-103.967,39.6464,273.039,-37.9175,340.862,3.40261,0.438093,18.6576,0.127765,8.8755e-05,0.691156,0.691156,0.212663,0.106332,0.372161,0.212663,0.0531658,0.159497,0.106332,0.106332,0,0.106332,0.159497,0.318995,0.0531658,0.0531658,0,0,0,0,0,0,0,0,0,0,0,0,0,0,0,0,0,0,0,0
65780,65809,65794,10.3,-103.952,39.6447,277.586,-36.9971,340.584,3.5488,0.663404,38.5772,0.174451,0.000259733,0.661641,0.421044,0.240597,0.240597,0.360895,0.120298,0.120298,0.240597,0.0601492,0.120298,0.0601492,0.120298,0,0.360895,0.240597,0.120298,0,0.0601492,0,0,0,0,0,0,0,0,0,0,0,0,0,0,0,0,0,0
65813,65841,65827,10.2,-103.939,39.6429,281.532,-36.332,340.168,2.45201,0.441311,29.4481,0.200186,0.000197987,0.422761,0.253656,0.253656,0.0845521,0.338208,0.253656,0,0.0845521,0.0845521,0,0.0845521,0.253656,0,0.169104,0.0845521,0,0,0,0,0.0845521,0,0,0,0,0,0,0,0,0,0,0,0,0,0,0,0
65846,65878,65862,10.1,-103.927,39.641,285.516,-35.6375,339.799,3.75293,0.58429,34.0046,0.174595,0.000230564,0.876852,0.701482,0.17537,0.420889,0.315667,0.17537,0.17537,0.210445,0.0350741,0.105222,0,0.0701482,0.0350741,0.17537,0.0701482,0.140296,0,0.0350741,0.0350741,0,0,0,0,0,0,0,0,0,0,0,0,0,0,0,0,0
65881,65907,65894,10,-103.916,39.6392,289.454,-35.02,339.351,2.40202,0.369816,18.5784,0.150711,0.000108395,0.450378,0.330277,0.330277,0.270227,0.0300252,0.0300252,0.0900756,0.0600504,0.0900756,0.120101,0.0900756,0.0300252,0.0900756,0.210177,0.120101,0.0300252,0.0300252,0,0,0,0,0,0,0,0,0,0,0,0,0,0,0,0,0,0,0
65910,65937,65924,9.9,-103.904,39.6374,293.716,-34.047,339.317,2.55249,0.453142,29.5506,0.195638,0.000201432,0.418441,0.585818,0.0836883,0.251065,0.167377,0.167377,0.0418441,0.125532,0.0836883,0.0418441,0.0836883,0.0418441,0.0418441,0.251065,0.0418441,0.0418441,0,0,0.0418441,0.0418441,0,0,0,0,0,0,0,0,0,0,0,0,0,0,0,0
65939,65967,65953,9.8,-103.895,39.6363,297.16,-33.446,339.036,3.75648,0.553489,28.5749,0.154881,0.000171388,0.584341,0.834773,0.500864,0.0834773,0.0834773,0.166955,0.250432,0.250432,0,0.333909,0,0.0834773,0,0.417386,0.0834773,0,0,0.0834773,0,0,0,0,0,0,0,0,0,0,0,0,0,0,0,0,0,0
65976,66002,65989,9.7,-103.882,39.6348,301.982,-32.747,338.467,2.53866,0.278333,9.78409,0.105457,3.10747e-05,0.457792,0.332939,0.291322,0.457792,0.291322,0.0832348,0.0832348,0,0.0416174,0.0832348,0.0416174,0.0416174,0.0416174,0.291322,0,0,0,0,0,0,0,0,0,0,0,0,0,0,0,0,0,0,0,0,0,0
