data/B2SAP/Locations/Boulder/NOAA-POPS-B2SAP_GMLBalloon_20220713_R0.ict
61,1001
Thornberry, T. D.
NOAA Chemical Sciences Laboratory
Portable Optical Particle Spectrometer (POPS)
Balloon Baseline Stratospheric Aerosol Profiles (B2SAP)
1,1
2022,07,13,2024,05,28
0
TIME_START,s,Seconds since midnight UTC on flight start day,Start time of 100 m altitude bin in UTC_seconds_since_midnight
28
1.0,1.0,1.0,1.0,1.0,1.0,1.0,1.0,1.0,1.0,1.0,1.0,1.0,1.0,1.0,1.0,1.0,1.0,1.0,1.0,1.0,1.0,1.0,1.0,1.0,1.0,1.0,1.0
99999,99999,99999,99999,99999,99999,99999,99999,99999,99999,99999,99999,99999,99999,99999,99999,99999,99999,99999,99999,99999,99999,99999,99999,99999,99999,99999,99999
TIME_STOP,s,End time of 100 m altitude bin in UTC seconds since midnight,
TIME_MID,s,Mid time of 100 m altitude in UTC seconds since midnight,
GPSAlt,m,GPS reported altitude above sea level (m),
GPS_Lon,deg,GPS reported longitude,
GPS_Lat,deg,GPS reported latitude,
iMet_Pressure,mb,Pressure reported (mB),
iMet_Temperature,degrees C,Ambient temperature (oC),
THETA,K,Potential temperature from iMet,
Aerosol_concentration,cm^-3,Aerosol concentration,
Surface_Area_Conc,um^2 cm^-3,Surface area concentration,
Volume_density,um^3 cm^-3,Volume density,
Effective_radius,um,Effective radius,
Extinction,km^-1,Extinction,
Bin01,cm^-3,particle concentration in size range [140 - 170 nm],
Bin02,cm^-3,particle concentration in size range [170 - 205 nm],
Bin03,cm^-3,particle concentration in size range [205 - 249 nm],
Bin04,cm^-3,particle concentration in size range [249 - 302 nm],
Bin05,cm^-3,particle concentration in size range [302 - 366 nm],
Bin06,cm^-3,particle concentration in size range [366 - 443 nm],
Bin07,cm^-3,particle concentration in size range [443 - 537 nm],
Bin08,cm^-3,particle concentration in size range [537 - 651 nm],
Bin09,cm^-3,particle concentration in size range [651 - 789 nm],
Bin10,cm^-3,particle concentration in size range [789 - 956 nm],
Bin11,cm^-3,particle concentration in size range [956 - 1159 nm],
Bin12,cm^-3,particle concentration in size range [1159 - 1404 nm],
Bin13,cm^-3,particle concentration in size range [1404 - 1702 nm],
Bin14,cm^-3,particle concentration in size range [1702 - 2062 nm],
Bin15,cm^-3,particle concentration in size range [2062 - 2500 nm],
0
19
PI_CONTACT_INFO: 325 Broadway R/CSL6, Boulder, CO 80305; troy.thornberry@noaa.gov; 303-497-3373 
PLATFORM: GML ECC/FPH balloon
LOCATION: Boulder, CO, USA
ASSOCIATED_DATA: N/A
INSTRUMENT_INFO: Printed Optical Particle Spectrometer counts particles from 140 - 2500 nm in diameter 
DATA_INFO: Particle concentrations reported in number per cubic centimeter, binned to 100 m altitude
UNCERTAINTY: Counting uncertainty dominated by air flow, less than 5 percent
ULOD_FLAG: -77777
ULOD_VALUE: 3000 ~3000 per cm3 (varies depending on flow rate- manufacturer quotes 1250  per cm3 at 1.667 cc/s)
LLOD_FLAG: -88888
LLOD_VALUE: 0 0 (varies depending on data field and measurement precision)
DM_CONTACT_INFO: Troy Thornberry, 325 Broadway R/CSL6, Boulder, CO 80305; troy.thornberry@noaa.gov; 303-497-3373
PROJECT_INFO: B2SAP Boulder, CO, USA
STIPULATIONS_ON_USE: Please contact the PIs for questions regarding applications and uncertainties
OTHER_COMMENTS: POPS bin Edges (nm):  140, 170, 205, 249, 302, 366, 443, 537, 651, 789, 956, 1159, 1404, 1702, 2062, 2500
Calculations assume sulfate refractive index of 1.45+0.00j and extinction wavelength = 532 nm
REVISION: R0
R0: QA/QC data
TIME_START,TIME_STOP,TIME_MID,GPSAlt,GPS_Lon,GPS_Lat,iMet_Pressure,iMet_Temperature,THETA,Aerosol_concentration,Surface_Area_Conc,Volume_density,Effective_radius,Extinction,Bin01,Bin02,Bin03,Bin04,Bin05,Bin06,Bin07,Bin08,Bin09,Bin10,Bin11,Bin12,Bin13,Bin14,Bin15
[from data line 151]
63347,63369,63358,16.9,-104.889,39.7656,96.9074,-69.8722,396.003,9.43149,1.23154,57.5463,0.140181,0.000317322,5.1343,2.39973,0.80921,0.404605,0.29299,0.125567,0.153471,0.0976633,0.0139519,0,0,0,0,0,0
63370,63392,63381,17,-104.888,39.7647,95.227,-70.1748,397.405,9.38287,1.35273,65.6268,0.145543,0.000376343,4.69143,2.16528,1.23532,0.31924,0.388639,0.26372,0.24984,0.0555199,0.01388,0,0,0,0,0,0
63393,63412,63402,17.1,-104.887,39.7635,93.6505,-69.5553,400.517,7.94493,1.27656,67.2991,0.158158,0.000393694,3.59613,1.99041,0.819582,0.384702,0.56869,0.35125,0.133809,0.0836309,0,0.0167262,0,0,0,0,0
63413,63435,63424,17.2,-104.887,39.762,91.7722,-69.5109,402.933,7.74193,1.38574,78.5607,0.170076,0.000500764,3.18218,1.87349,0.950522,0.427046,0.688784,0.261738,0.220411,0.0551027,0.0826541,0,0,0,0,0,0
63436,63459,63448,17.3,-104.887,39.7602,90.215,-69.4529,405.024,7.90403,1.42255,80.976,0.17077,0.000496441,3.07158,1.86678,1.1386,0.529583,0.688458,0.251552,0.225073,0.0926771,0.0132396,0.0264792,0,0,0,0,0
63460,63484,63472,17.4,-104.888,39.7586,88.7119,-68.0757,409.716,6.68894,1.42418,83.2365,0.175335,0.0005586,2.29979,1.47307,0.706473,0.571191,0.781629,0.390815,0.315658,0.135282,0.0150313,0,0,0,0,0,0
63485,63509,63497,17.5,-104.89,39.7573,87.26,-67.197,413.428,6.52968,1.41499,85.0287,0.180275,0.000574936,2.33315,1.11177,0.923864,0.626349,0.73596,0.328833,0.297516,0.12527,0.0469762,0,0,0,0,0,0
63510,63534,63522,17.6,-104.891,39.7563,85.6924,-67.0752,415.814,5.76568,1.35771,89.4778,0.19771,0.000611992,1.90091,1.1204,0.793096,0.52873,0.591674,0.352487,0.31472,0.0755329,0.0629441,0.0251776,0,0,0,0,0
63535,63560,63548,17.7,-104.892,39.7557,84.2838,-65.9396,420.093,6.35733,1.41118,83.7155,0.177969,0.000553681,1.92646,1.27628,0.830787,0.710383,0.770585,0.481616,0.204687,0.108364,0.0481616,0,0,0,0,0,0
63561,63580,63570,17.8,-104.893,39.7552,82.978,-65.6865,422.488,6.68259,1.75628,125.272,0.213984,0.000808546,1.77994,1.46767,0.79629,0.718222,0.79629,0.484019,0.405952,0.156135,0.0312271,0.0312271,0.0156135,0,0,0,0
63581,63602,63592,17.9,-104.894,39.7552,81.3955,-65.7336,424.715,5.70653,1.48034,156.41,0.316974,0.000618582,1.69346,0.996152,0.825383,0.711537,0.725768,0.455384,0.142307,0.128077,0.0142307,0,0,0,0,0,0.0142307
63603,63626,63614,18,-104.894,39.7548,79.8909,-66.0587,426.325,6.50625,1.42322,86.7225,0.182802,0.000595468,2.13253,1.38546,0.923643,0.692732,0.488988,0.325992,0.40749,0.0950809,0.054332,0,0,0,0,0,0
63627,63651,63639,18.1,-104.894,39.754,78.5108,-65.9312,428.708,5.56653,1.22867,73.6941,0.179936,0.000495716,1.73486,1.22314,0.636531,0.574126,0.723898,0.299544,0.212177,0.12481,0.037443,0,0,0,0,0,0
63653,63676,63664,18.2,-104.894,39.7531,77.1542,-66.2917,430.106,5.90798,1.15377,65.8463,0.171212,0.000435079,2.06909,1.52254,0.754764,0.429435,0.4945,0.24725,0.260263,0.117119,0.0130132,0,0,0,0,0,0
63677,63700,63688,18.3,-104.895,39.7519,75.9113,-66.3557,431.97,6.45038,1.28075,81.5558,0.191034,0.000468012,2.26305,1.6668,0.840175,0.406536,0.66401,0.311678,0.149063,0.0948585,0.0406536,0,0,0.0135512,0,0,0
63701,63723,63712,18.4,-104.896,39.7511,74.58,-64.7659,437.497,6.13923,1.09504,59.3039,0.162471,0.000373603,2.5686,1.36898,0.733885,0.409282,0.465735,0.296377,0.211698,0.0705658,0.0141132,0,0,0,0,0,0
63725,63747,63736,18.5,-104.897,39.751,73.3422,-63.7235,441.796,5.85563,1.17376,71.8144,0.183549,0.000468359,2.28316,1.31617,0.671517,0.456632,0.470062,0.282037,0.241746,0.107443,0,0.0268607,0,0,0,0,0
63748,63770,63759,18.6,-104.899,39.7509,72.1396,-63.1496,445.096,6.00178,1.31899,84.8813,0.19306,0.00058989,2.04034,1.57663,0.675697,0.490212,0.38422,0.317975,0.317975,0.13249,0.0529959,0.013249,0,0,0,0,0
63772,63797,63784,18.7,-104.9,39.7508,70.9284,-61.7372,450.275,5.50405,1.44335,102.291,0.212612,0.000668796,1.62143,0.948593,0.827262,0.518417,0.617689,0.474297,0.297814,0.121332,0.0441206,0.0220603,0.0110302,0,0,0,0
63798,63822,63810,18.8,-104.901,39.7509,69.787,-60.5461,454.907,4.90256,1.31353,85.8907,0.196167,0.000616532,1.34791,0.858843,0.644132,0.405565,0.667989,0.465207,0.345923,0.107355,0.0596419,0,0,0,0,0,0
63823,63847,63835,18.9,-104.902,39.7509,68.6225,-60.2867,457.658,5.49983,1.37944,85.7605,0.186512,0.000601417,1.39207,1.03835,0.78732,0.661805,0.741678,0.342313,0.330903,0.193977,0.0114104,0,0,0,0,0,0
63848,63870,63859,19,-104.903,39.7509,67.5335,-60.4817,459.334,5.33835,1.4256,92.3551,0.194349,0.000662329,1.25748,0.996493,0.759232,0.688054,0.676191,0.367753,0.35589,0.201671,0.035589,0,0,0,0,0,0
63871,63894,63882,19.1,-104.905,39.7509,66.4433,-60.5971,461.219,4.9691,1.43109,96.8174,0.202959,0.000687876,1.01433,0.911761,0.706615,0.53566,0.809188,0.410293,0.376102,0.159558,0.022794,0.022794,0,0,0,0,0
63895,63919,63907,19.2,-104.908,39.7506,65.3709,-60.8336,462.861,5.45765,1.56556,106.828,0.204708,0.000753981,1.26806,0.907536,0.721056,0.609168,0.845376,0.459984,0.43512,0.174048,0,0.037296,0,0,0,0,0
63920,63943,63932,19.3,-104.909,39.7505,64.2975,-61.2567,464.12,5.01993,1.24944,80.6011,0.19353,0.000540988,1.11172,1.18049,0.722045,0.56159,0.676201,0.401136,0.21776,0.0916882,0.0343831,0.0229221,0,0,0,0,0
63944,63968,63956,19.4,-104.911,39.7509,63.2117,-61.5565,465.733,5.08494,1.42409,93.4703,0.196906,0.000668727,1.17253,0.861449,0.670016,0.622157,0.670016,0.574299,0.311079,0.143575,0.0598228,0,0,0,0,0,0
63969,63993,63981,19.5,-104.913,39.7518,62.1926,-61.5609,467.885,4.99367,1.31662,91.0995,0.207576,0.000588695,1.26937,0.981968,0.646662,0.538885,0.730488,0.383207,0.29938,0.0598761,0.0718513,0,0.0119752,0,0,0,0
63994,64018,64006,19.6,-104.914,39.7527,61.1468,-61.2673,470.815,4.86354,1.41112,92.7142,0.197108,0.000677356,0.910355,0.897885,0.760708,0.523766,0.735767,0.374119,0.461413,0.174589,0.0249412,0,0,0,0,0,0
64019,64042,64030,19.7,-104.916,39.7529,60.2061,-60.9552,473.6,5.07442,1.43832,98.9513,0.206389,0.000719277,1.08397,0.917208,0.881473,0.607502,0.631325,0.369266,0.321618,0.142942,0.119118,0,0,0,0,0,0
64043,64065,64054,19.8,-104.919,39.7528,59.2004,-61.3296,475.04,4.92061,1.38706,93.1051,0.201372,0.000648807,0.943516,0.895743,0.764367,0.644935,0.728537,0.477729,0.238865,0.179149,0.0238865,0.0238865,0,0,0,0,0
64066,64088,64077,19.9,-104.921,39.7527,58.2682,-61.29,477.297,4.57575,1.27106,81.393,0.192106,0.000578319,0.887645,0.900147,0.575094,0.625102,0.650106,0.425069,0.387563,0.0875143,0.0375061,0,0,0,0,0,0
64089,64113,64101,20,-104.924,39.7527,57.3113,-60.5817,481.155,4.85547,1.46418,97.2351,0.199227,0.000691227,0.968814,0.672471,0.604084,0.592686,0.877631,0.592686,0.410321,0.0797847,0.0455912,0.0113978,0,0,0,0,0
64114,64136,64125,20.1,-104.927,39.7529,56.3622,-59.313,486.353,4.53834,1.34126,86.9597,0.194502,0.000626676,0.843514,0.605904,0.760351,0.558382,0.760351,0.439578,0.415817,0.130685,0.023761,0,0,0,0,0,0
64137,64160,64148,20.2,-104.93,39.7531,55.4913,-58.7946,489.697,4.27905,1.29716,86.9084,0.200996,0.000637331,0.690535,0.815058,0.667895,0.47545,0.656574,0.283006,0.543372,0.135843,0,0.0113202,0,0,0,0,0
64161,64184,64172,20.3,-104.932,39.7534,54.5721,-59.1679,491.185,4.5128,1.3209,89.0898,0.202339,0.00063451,0.759692,0.793708,0.702999,0.612289,0.816385,0.294806,0.340161,0.124726,0.0566934,0.0113387,0,0,0,0,0
64185,64207,64196,20.4,-104.934,39.754,53.6657,-59.1,493.697,4.66358,1.45461,108.89,0.224575,0.000733436,0.803172,0.829081,0.803172,0.544085,0.712492,0.388632,0.362723,0.103635,0.0906808,0.0129544,0.0129544,0,0,0,0
64208,64232,64220,20.5,-104.937,39.7548,52.817,-59.3404,495.391,4.10427,1.20862,82.951,0.205899,0.000591972,0.761372,0.832751,0.53534,0.559133,0.511547,0.380686,0.356893,0.130861,0.0118964,0.0237929,0,0,0,0,0
64233,64257,64245,20.6,-104.939,39.7558,51.9026,-58.2852,500.334,4.16854,1.23824,81.0434,0.196352,0.00058059,0.838432,0.673107,0.531401,0.413312,0.708534,0.460547,0.448738,0.0826623,0,0.0118089,0,0,0,0,0
64258,64281,64270,20.7,-104.942,39.7561,51.1726,-56.8265,505.762,4.19909,1.19191,79.3142,0.199632,0.000573913,0.844511,0.750676,0.785864,0.469173,0.433985,0.316691,0.469173,0.105564,0.0117293,0.0117293,0,0,0,0,0
64282,64305,64294,20.8,-104.944,39.7562,50.5071,-55.6392,510.456,4.10077,1.27353,88.4784,0.208424,0.000638691,0.748642,0.569862,0.581036,0.692773,0.614557,0.290518,0.424603,0.134085,0.0223475,0.0223475,0,0,0,0,0
64306,64329,64318,20.9,-104.946,39.7569,49.7596,-54.5104,515.287,3.55732,0.97191,61.7103,0.190482,0.000441655,0.802906,0.635634,0.524119,0.256484,0.669088,0.256484,0.30109,0.100363,0.0111515,0,0,0,0,0,0
64330,64353,64342,21,-104.949,39.7581,49.1296,-54.5592,517.052,4.07178,1.0178,63.6839,0.18771,0.000431467,0.88129,0.98169,0.502,0.457378,0.591245,0.334667,0.211956,0.0892445,0.0111556,0.0111556,0,0,0,0,0
64354,64376,64365,21.1,-104.952,39.7594,48.3424,-54.469,519.663,4.06928,1.20322,83.1766,0.207385,0.000616937,0.966453,0.673974,0.597675,0.381495,0.572242,0.343345,0.292479,0.178031,0.0635824,0,0,0,0,0,0
64377,64399,64388,21.2,-104.954,39.7607,47.5948,-54.6687,521.497,3.3742,1.02445,79.5661,0.233001,0.000528162,0.834855,0.660927,0.440618,0.28988,0.452213,0.243499,0.278285,0.115952,0.0231904,0.0231904,0.0115952,0,0,0,0
64400,64420,64410,21.3,-104.956,39.7624,46.831,-54.8843,523.408,3.48237,1.04327,71.6401,0.206007,0.000519706,0.687158,0.640571,0.430929,0.46587,0.489163,0.314462,0.279522,0.139761,0.0232935,0.0116467,0,0,0,0,0
64421,64442,64432,21.4,-104.958,39.7642,46.1164,-55.1286,525.113,3.59446,0.940268,60.2832,0.192338,0.000431194,0.920802,0.621264,0.576888,0.366102,0.465948,0.244068,0.266256,0.11094,0.022188,0,0,0,0,0,0
64443,64465,64454,21.5,-104.959,39.7664,45.3571,-55.2919,527.222,3.51475,1.06924,77.9669,0.218755,0.000564924,0.861231,0.605189,0.453892,0.337509,0.46553,0.337509,0.290956,0.0698295,0.0698295,0.0232765,0,0,0,0,0
64466,64488,64477,21.6,-104.96,39.7685,44.6274,-55.8574,528.291,3.71616,1.19403,87.5925,0.220076,0.000643195,0.734713,0.649529,0.585641,0.330088,0.521753,0.308792,0.362032,0.170368,0.021296,0.031944,0,0,0,0,0
64489,64509,64499,21.7,-104.96,39.77,43.9162,-55.9176,530.576,3.72591,1.23556,105.795,0.256875,0.000602365,0.768469,0.640391,0.628747,0.326017,0.477382,0.360947,0.337661,0.139722,0.0116435,0,0.0116435,0.0116435,0.0116435,0,0
64510,64532,64521,21.8,-104.96,39.7714,43.1852,-55.5517,534.026,2.98744,0.838073,55.0493,0.197057,0.000383143,0.605994,0.563468,0.382733,0.329575,0.499679,0.318944,0.201998,0.0531573,0.0212629,0.0106315,0,0,0,0,0
64533,64555,64544,21.9,-104.96,39.7731,42.5465,-55.9565,535.302,3.52836,0.88193,54.7004,0.18607,0.000385849,0.991351,0.639582,0.490346,0.405068,0.319791,0.309131,0.298471,0.0639582,0.0106597,0,0,0,0,0,0
64556,64576,64566,22,-104.96,39.7744,41.7957,-56.5738,536.508,3.21106,0.977207,74.6442,0.229156,0.000483066,0.656274,0.609397,0.43361,0.43361,0.43361,0.222664,0.292979,0.0820343,0.0117192,0.0234384,0.0117192,0,0,0,0
64577,64597,64587,22.1,-104.959,39.7752,41.2029,-56.819,538.083,3.20019,0.964357,68.1536,0.212018,0.00050394,0.80884,0.527504,0.386837,0.30478,0.480615,0.211002,0.316503,0.117223,0.035167,0.0117223,0,0,0,0,0
64598,64618,64608,22.2,-104.959,39.7754,40.58,-57.2071,539.474,3.15897,0.969867,72.6381,0.224685,0.000481944,0.65763,0.58717,0.446249,0.328815,0.434505,0.328815,0.211381,0.105691,0.0469736,0,0.0117434,0,0,0,0
64619,64638,64628,22.3,-104.957,39.7753,39.956,-57.6755,540.681,3.03926,1.1482,97.2432,0.254076,0.000664432,0.593026,0.481833,0.333577,0.308867,0.494188,0.234739,0.39535,0.0864829,0.0617735,0.0370641,0,0.0123547,0,0,0
64639,64658,64648,22.4,-104.956,39.7747,39.2663,-57.4895,543.859,2.62256,1.02915,108.39,0.315958,0.000534416,0.623182,0.402471,0.337557,0.259659,0.363523,0.285625,0.194744,0.0519318,0.0259659,0.0259659,0.0259659,0.012983,0.012983,0,0
64659,64679,64669,22.5,-104.956,39.774,38.6248,-57.4362,546.548,2.99774,0.874704,60.445,0.20731,0.000429582,0.717106,0.48199,0.458478,0.235117,0.434966,0.28214,0.293896,0.0705351,0,0.0235117,0,0,0,0,0
64680,64702,64691,22.6,-104.957,39.7734,37.9974,-56.7378,550.9,3.21555,0.900381,61.2335,0.204025,0.000443266,0.769169,0.544828,0.534145,0.299121,0.448682,0.25639,0.235024,0.0534145,0.0747803,0,0,0,0,0,0
64703,64726,64714,22.7,-104.958,39.7731,37.36,-55.7879,555.991,2.8076,1.01508,95.9862,0.283681,0.000581542,0.7555,0.510473,0.336912,0.234818,0.336912,0.173561,0.234818,0.112304,0.0510473,0.0306284,0.0306284,0,0,0,0
64727,64753,64740,22.8,-104.959,39.7723,36.7533,-55.0022,560.623,3.04345,1.15807,111.982,0.290092,0.000653252,0.659264,0.523799,0.379302,0.379302,0.388334,0.225775,0.288992,0.0632171,0.0451551,0.0541861,0.027093,0.00903101,0,0,0
64754,64779,64766,22.9,-104.961,39.7717,36.2035,-54.0188,565.577,3.25374,1.0272,81.6307,0.238406,0.000516674,0.710587,0.570339,0.476841,0.392693,0.355293,0.308544,0.299194,0.0747986,0.0373993,0.00934982,0.0186996,0,0,0,0
64780,64806,64793,23,-104.963,39.7712,35.5744,-53.577,569.565,2.66335,1.16432,120.655,0.310883,0.000656479,0.448375,0.43044,0.43044,0.260057,0.269025,0.304895,0.313862,0.0986424,0.017935,0.03587,0.03587,0.017935,0,0,0
64807,64830,64818,23.1,-104.965,39.7708,35.0183,-53.1458,573.256,2.93631,1.03613,84.4177,0.244423,0.000572021,0.617637,0.435384,0.354382,0.324007,0.435384,0.283506,0.324007,0.0911268,0.0202504,0.0405008,0.0101252,0,0,0,0
64831,64856,64844,23.2,-104.969,39.7701,34.4858,-52.6092,577.174,2.46746,0.724329,48.5241,0.200975,0.00035614,0.521963,0.436551,0.360629,0.237256,0.351139,0.227766,0.237256,0.0664317,0.0284707,0,0,0,0,0,0
64857,64880,64868,23.3,-104.972,39.7697,33.94,-52.4604,580.204,2.93317,1.08535,108.201,0.299077,0.000616423,0.730683,0.574108,0.459287,0.208767,0.31315,0.18789,0.219205,0.104383,0.06263,0.031315,0.031315,0.0104383,0,0,0
64881,64904,64892,23.4,-104.975,39.7697,33.4079,-52.9171,581.62,2.88357,0.903555,64.6533,0.214663,0.000481865,0.704872,0.491275,0.320397,0.213598,0.469915,0.245637,0.266997,0.128159,0.0320397,0.0106799,0,0,0,0,0
64905,64928,64916,23.5,-104.978,39.7695,32.8967,-52.2812,585.881,2.36971,0.906963,78.7363,0.26044,0.000525596,0.391328,0.358718,0.358718,0.250015,0.369588,0.271756,0.184794,0.0869618,0.0434809,0.0434809,0.0108702,0,0,0,0
64929,64952,64940,23.6,-104.98,39.7689,32.3725,-51.8775,589.645,2.65574,0.831261,63.9323,0.23073,0.000481047,0.708197,0.486886,0.398361,0.165984,0.343033,0.143853,0.221312,0.0774591,0.0995902,0.0110656,0,0,0,0,0
64953,64975,64964,23.7,-104.983,39.7682,31.8765,-51.4543,593.392,2.37902,0.748196,59.4984,0.238567,0.000426251,0.621124,0.468773,0.304702,0.257825,0.199228,0.140632,0.257825,0.0703159,0.0117193,0.0468773,0,0,0,0,0
64976,64997,64986,23.8,-104.986,39.7676,31.3868,-51.2395,596.59,2.65521,0.723487,49.2979,0.204418,0.000357731,0.756858,0.459078,0.421855,0.19852,0.285373,0.173705,0.24815,0.0992601,0,0.0124075,0,0,0,0,0
64998,65020,65009,23.9,-104.989,39.7671,30.9327,-51.3136,598.891,2.43495,0.7264,50.3298,0.20786,0.000358931,0.542502,0.391106,0.315408,0.23971,0.416338,0.252326,0.176628,0.0630816,0.0252326,0.0126163,0,0,0,0,0
65021,65043,65032,24,-104.992,39.7661,30.3791,-51.1722,602.361,2.31374,0.772349,58.0892,0.225633,0.00044132,0.494919,0.420681,0.309324,0.222713,0.284578,0.148476,0.259832,0.12373,0.0371189,0.012373,0,0,0,0,0
65044,65051,65048,24.1,-104.994,39.7655,30.0888,-50.8162,604.999,2.19101,0.606273,38.2412,0.189228,0.000275912,0.547753,0.337079,0.252809,0.252809,0.337079,0.168539,0.252809,0.0421349,0,0,0,0,0,0,0
58556,59903,59230,1.8,-105.197,39.9491,828.874,29.374,319.188,597.938,87.2809,4188.25,0.143958,0.018174,220.192,165.981,100.469,50.2174,44.194,9.2381,5.98954,0.744462,0.40607,0.0676784,0.135357,0.101518,0.169196,0.0338392,0
59884,59895,59890,1.7,-105.197,39.9491,829.32,30.3367,320.153,593.283,87.7783,4603.65,0.157339,0.0191382,228.74,160.782,94.0612,48.3808,44.2178,9.2261,5.96321,0.900107,0,0.33754,0.112513,0.225027,0.225027,0.112513,0
66931,66936,66934,24.1,-105.367,39.7811,30.092,-51.816,602.252,2.87222,0.469044,24.511,0.156772,0.000155549,1.86694,0.143611,0.287222,0,0.287222,0.143611,0.143611,0,0,0,0,0,0,0,0
66937,66952,66944,24,-105.368,39.7807,30.4308,-52.0238,599.766,2.519,0.414115,20.4479,0.148132,0.000117627,1.20474,0.438087,0.328565,0.109522,0.164283,0.219043,0.0547608,0,0,0,0,0,0,0,0
