data/B2SAP/Locations/Boulder/NOAA-POPS-B2SAP_GMLBalloon_20200902_R0.ict
61,1001
Thornberry, T. D.
NOAA Chemical Sciences Laboratory
Portable Optical Particle Spectrometer (POPS)
Balloon Baseline Stratospheric Aerosol Profiles (B2SAP)
1,1
2020,09,02,2024,05,28
0
TIME_START,s,Seconds since midnight UTC on flight start day,Start time of 100 m altitude bin in UTC_seconds_since_midnight
28
1.0,1.0,1.0,1.0,1.0,1.0,1.0,1.0,1.0,1.0,1.0,1.0,1.0,1.0,1.0,1.0,1.0,1.0,1.0,1.0,1.0,1.0,1.0,1.0,1.0,1.0,1.0,1.0
99999,99999,99999,99999,99999,99999,99999,99999,99999,99999,99999,99999,99999,99999,99999,99999,99999,99999,99999,99999,99999,99999,99999,99999,99999,99999,99999,99999
TIME_STOP,s,End time of 100 m altitude bin in UTC seconds since midnight,
TIME_MID,s,Mid time of 100 m altitude in UTC seconds since midnight,
GPSAlt,m,GPS reported altitude above sea level (m),
GPS_Lon,deg,GPS reported longitude,
GPS_Lat,deg,GPS reported latitude,
iMet_Pressure,mb,Pressure reported (mB),
iMet_Temperature,degrees C,Ambient temperature (oC),
THETA,K,Potential temperature from iMet,
Aerosol_concentration,cm^-3,Aerosol concentration,
Surface_Area_Conc,um^2 cm^-3,Surface area concentration,
Volume_density,um^3 cm^-3,Volume density,
Effective_radius,um,Effective radius,
Extinction,km^-1,Extinction,
Bin01,cm^-3,particle concentration in size range [140 - 170 nm],
Bin02,cm^-3,particle concentration in size range [170 - 205 nm],
Bin03,cm^-3,particle concentration in size range [205 - 249 nm],
Bin04,cm^-3,particle concentration in size range [249 - 302 nm],
Bin05,cm^-3,particle concentration in size range [302 - 366 nm],
Bin06,cm^-3,particle concentration in size range [366 - 443 nm],
Bin07,cm^-3,particle concentration in size range [443 - 537 nm],
Bin08,cm^-3,particle concentration in size range [537 - 651 nm],
Bin09,cm^-3,particle concentration in size range [651 - 789 nm],
Bin10,cm^-3,particle concentration in size range [789 - 956 nm],
Bin11,cm^-3,particle concentration in size range [956 - 1159 nm],
Bin12,cm^-3,particle concentration in size range [1159 - 1404 nm],
Bin13,cm^-3,particle concentration in size range [1404 - 1702 nm],
Bin14,cm^-3,particle concentration in size range [1702 - 2062 nm],
Bin15,cm^-3,particle concentration in size range [2062 - 2500 nm],
0
19
PI_CONTACT_INFO: 325 Broadway R/CSL6, Boulder, CO 80305; troy.thornberry@noaa.gov; 303-497-3373 
PLATFORM: GML ECC/FPH balloon
LOCATION: Boulder, CO, USA
ASSOCIATED_DATA: N/A
INSTRUMENT_INFO: Printed Optical Particle Spectrometer counts particles from 140 - 2500 nm in diameter 
DATA_INFO: Particle concentrations reported in number per cubic centimeter, binned to 100 m altitude
UNCERTAINTY: Counting uncertainty dominated by air flow, less than 5 percent
ULOD_FLAG: -77777
ULOD_VALUE: 3000 ~3000 per cm3 (varies depending on flow rate- manufacturer quotes 1250  per cm3 at 1.667 cc/s)
LLOD_FLAG: -88888
LLOD_VALUE: 0 0 (varies depending on data field and measurement precision)
DM_CONTACT_INFO: Troy Thornberry, 325 Broadway R/CSL6, Boulder, CO 80305; troy.thornberry@noaa.gov; 303-497-3373
PROJECT_INFO: B2SAP Boulder, CO, USA
STIPULATIONS_ON_USE: Please contact the PIs for questions regarding applications and uncertainties
OTHER_COMMENTS: POPS bin Edges (nm):  140, 170, 205, 249, 302, 366, 443, 537, 651, 789, 956, 1159, 1404, 1702, 2062, 2500
Calculations assume sulfate refractive index of 1.45+0.00j and extinction wavelength = 532 nm
REVISION: R0
R0: QA/QC data
TIME_START,TIME_STOP,TIME_MID,GPSAlt,GPS_Lon,GPS_Lat,iMet_Pressure,iMet_Temperature,THETA,Aerosol_concentration,Surface_Area_Conc,Volume_density,Effective_radius,Extinction,Bin01,Bin02,Bin03,Bin04,Bin05,Bin06,Bin07,Bin08,Bin09,Bin10,Bin11,Bin12,Bin13,Bin14,Bin15
[from data line 151]
61874,61902,61888,16.8,-104.808,39.6777,96.5514,-69.3164,397.505,25.5962,5.9219,367.366,0.186105,0.00217035,4.9972,5.29657,4.96265,4.09908,2.78646,2.04954,1.00174,0.3224,0.0575714,0.0115143,0,0,0,0.0115143,0
61903,61930,61916,16.9,-104.802,39.6761,94.9539,-68.98,400.07,22.5538,5.44324,343.959,0.18957,0.00219061,4.70158,4.59812,4.11532,3.60953,2.35654,1.58635,0.988596,0.425326,0.114953,0.0344859,0.0229906,0,0,0,0
61931,61958,61944,17,-104.797,39.6745,93.3678,-67.9326,404.062,17.1595,4.25111,262.469,0.185224,0.00174454,3.35601,3.273,3.14255,2.77493,2.00412,1.35189,0.841967,0.260891,0.118587,0.0355761,0,0,0,0,0
61959,61983,61971,17.1,-104.792,39.6732,91.8233,-67.4838,406.873,10.1554,3.43332,267.59,0.233818,0.00188274,1.95654,1.61048,1.49069,1.51731,0.998233,0.838516,1.10471,0.399293,0.159717,0.0532391,0.0266195,0,0,0,0
61984,62006,61995,17.2,-104.789,39.672,90.3138,-66.021,411.723,8.3821,3.67802,310.409,0.253187,0.00239612,1.10053,1.16083,1.20606,1.02515,0.799013,0.919619,1.1156,0.693483,0.226136,0.135682,0,0,0,0,0
62007,62029,62018,17.3,-104.785,39.671,88.8868,-65.5686,414.498,7.7834,3.25366,278.96,0.257212,0.0020398,1.22064,1.19192,1.06268,0.962154,0.732386,0.689305,1.03396,0.603141,0.186687,0.0718026,0.028721,0,0,0,0
62030,62054,62042,17.4,-104.781,39.6697,87.3312,-64.3329,419.072,7.85576,3.44873,292.516,0.254456,0.00216829,1.13719,0.954194,1.09798,0.823483,0.888838,0.888838,1.09798,0.745056,0.11764,0.0784269,0.0261423,0,0,0,0
62055,62078,62066,17.5,-104.778,39.6683,85.8805,-62.9043,423.971,7.90972,3.74348,326.206,0.261419,0.00245985,0.77168,1.00912,1.21688,0.90524,0.77168,0.93492,1.30592,0.63812,0.19292,0.1484,0.01484,0,0,0,0
62079,62100,62090,17.6,-104.776,39.6673,84.5168,-62.9032,425.908,7.87051,3.59819,316.368,0.263772,0.002338,0.918227,1.09859,0.90183,1.0658,1.0658,0.836242,0.983814,0.606685,0.21316,0.163969,0.0163969,0,0,0,0
62101,62120,62110,17.7,-104.774,39.6665,83.0689,-62.5268,428.786,7.92192,3.51902,301.75,0.257245,0.00222505,0.982057,1.14573,0.965689,1.01479,0.883851,0.883851,0.998424,0.75291,0.212779,0.0491028,0.0327352,0,0,0,0
62121,62137,62129,17.8,-104.773,39.6664,81.856,-61.95,431.772,7.77444,3.3753,274.834,0.244275,0.00210445,0.930451,0.992481,0.868421,1.03383,0.889098,1.2406,1.01316,0.516917,0.18609,0.103383,0,0,0,0,0
62138,62157,62148,17.9,-104.771,39.667,80.3372,-62.0678,433.84,7.17026,3.04463,235.99,0.23253,0.00187414,0.792866,0.913519,0.982464,0.930755,0.672212,0.896283,1.25824,0.568795,0.13789,0.0172362,0,0,0,0,0
62159,62179,62169,18,-104.769,39.6675,79.0538,-62.8367,434.263,7.14941,3.04294,242.51,0.239088,0.00190356,0.934466,0.786138,1.06796,0.875135,0.786138,0.949299,0.800971,0.771305,0.133495,0.0444984,0,0,0,0,0
62181,62197,62189,18.1,-104.768,39.6683,77.8218,-63.6812,434.457,7.36526,3.14161,264.376,0.252459,0.00195935,0.957484,1.14162,0.847005,0.920657,0.902244,0.847005,0.939071,0.515568,0.202545,0.0736526,0.0184131,0,0,0,0
62198,62214,62206,18.2,-104.766,39.6695,76.5136,-64.5514,434.757,6.31159,2.59926,210.057,0.242443,0.00161494,0.988292,0.786141,0.808602,0.673835,0.898447,0.673835,0.875986,0.359379,0.179689,0.0673835,0,0,0,0,0
62215,62237,62226,18.3,-104.764,39.6708,75.2305,-65.1432,435.624,7.62889,3.60853,330.658,0.274897,0.00230735,1.00192,1.01623,1.00192,0.687029,0.973291,0.8731,1.11642,0.629777,0.157444,0.114505,0.0572524,0,0,0,0
62238,62260,62249,18.4,-104.761,39.6724,74.0025,-65.328,437.282,6.40402,3.18132,280.321,0.264344,0.00213087,0.726697,0.787255,0.726697,0.590441,0.756976,0.847813,1.05977,0.590441,0.196814,0.105977,0.0151395,0,0,0,0
62261,62282,62272,18.5,-104.758,39.6738,72.7424,-65.5848,438.901,6.65332,2.88901,235.18,0.244215,0.00177346,0.742257,0.769248,0.850222,0.9177,0.850222,0.904204,0.836726,0.593806,0.134956,0.0404868,0.0134956,0,0,0,0
62283,62304,62294,18.6,-104.756,39.6749,71.52,-65.336,441.551,6.2113,2.83688,240.502,0.254331,0.00181653,0.877222,0.679139,0.749883,0.664991,0.693288,0.820627,1.01871,0.466908,0.155636,0.0707437,0.0141487,0,0,0,0
62305,62328,62316,18.7,-104.753,39.6755,70.4061,-65.2117,443.803,6.02862,2.75239,229.792,0.250465,0.00173009,0.639772,0.725895,0.676682,0.775108,0.725895,0.787411,1.1073,0.381402,0.123033,0.0738198,0.0123033,0,0,0,0
62329,62350,62340,18.8,-104.75,39.6759,69.1753,-65.2079,446.057,5.8495,3.00326,279.294,0.278991,0.00198368,0.654906,0.580485,0.625138,0.788864,0.759096,0.669791,0.907938,0.535832,0.193495,0.0893054,0.0446527,0,0,0,0
62351,62374,62362,18.9,-104.747,39.6758,68.0667,-64.2829,450.105,6.10021,2.97017,249.284,0.251787,0.00198244,0.723981,0.58991,0.723981,0.683759,0.603317,0.81783,1.11278,0.58991,0.187699,0.0670352,0,0,0,0,0
62375,62398,62386,19,-104.744,39.6754,66.909,-64.0935,452.738,6.62674,3.24594,277.501,0.256475,0.00210633,0.562781,0.816032,0.647198,0.801963,0.830102,0.956727,1.19591,0.562781,0.140695,0.0984866,0.0140695,0,0,0,0
62399,62423,62411,19.1,-104.742,39.6751,65.8014,-62.1477,459.129,6.10892,2.89624,237.303,0.245805,0.00187605,0.633705,0.659054,0.621031,0.747772,0.785795,0.70975,1.16602,0.64638,0.0633705,0.0760447,0,0,0,0,0
62424,62448,62436,19.2,-104.74,39.6755,64.6877,-62.1,461.481,5.6496,2.7559,240.648,0.261964,0.00177405,0.595361,0.544692,0.646031,0.823372,0.595361,0.709367,0.988047,0.570027,0.0760036,0.0760036,0.0253345,0,0,0,0
62449,62470,62460,19.3,-104.739,39.6762,63.7411,-62.6558,462.208,5.61991,2.8407,236.682,0.249955,0.00184642,0.397219,0.500201,0.691455,0.632607,0.647319,0.853285,1.08867,0.647319,0.132406,0.0147118,0.0147118,0,0,0,0
62472,62494,62483,19.4,-104.737,39.6766,62.6442,-62.8495,464.074,5.37378,2.74349,242.171,0.264814,0.00177562,0.368067,0.44168,0.706689,0.809747,0.60363,0.750857,0.956974,0.515294,0.132504,0.0588907,0.0294454,0,0,0,0
62495,62517,62506,19.5,-104.735,39.6765,61.5514,-62.2064,467.848,4.74069,2.19691,175.377,0.239487,0.00138591,0.456323,0.532377,0.405621,0.69716,0.507026,0.811241,0.684485,0.570404,0.0380269,0.0380269,0,0,0,0,0
62518,62540,62529,19.6,-104.734,39.6761,60.6145,-61.8795,470.622,5.54134,2.78887,237.17,0.255125,0.00181193,0.488531,0.446657,0.572279,0.697902,0.739776,0.85144,1.03289,0.488531,0.153538,0.0558321,0.013958,0,0,0,0
62541,62563,62552,19.7,-104.734,39.6764,59.5871,-60.7748,475.409,5.32783,2.45438,196.578,0.240278,0.00157228,0.581699,0.515597,0.647801,0.647801,0.62136,0.793226,0.806446,0.542038,0.158645,0.0132204,0,0,0,0,0
62564,62586,62575,19.8,-104.734,39.677,58.6,-60.1385,479.107,5.03842,2.33653,185.977,0.238786,0.00149611,0.498305,0.69209,0.45678,0.45678,0.705932,0.650565,0.982768,0.45678,0.124576,0.0138418,0,0,0,0,0
62587,62610,62598,19.9,-104.734,39.6775,57.6955,-60.5491,480.314,5.2586,2.56935,216.419,0.252694,0.00168026,0.542253,0.617917,0.504422,0.655748,0.491811,0.769243,0.945791,0.542253,0.151327,0.0252211,0.0126105,0,0,0,0
62611,62633,62622,20,-104.734,39.6779,56.7535,-61.0055,481.546,5.53443,2.67823,226.205,0.253382,0.00176215,0.736997,0.584035,0.528413,0.528413,0.709186,0.667469,1.02901,0.514507,0.208584,0.0139056,0.0139056,0,0,0,0
62634,62656,62645,20.1,-104.735,39.6785,55.6848,-61.1776,483.769,4.66628,2.4424,212.607,0.261144,0.00167412,0.424208,0.450721,0.556773,0.543516,0.357925,0.782133,0.808646,0.517003,0.132565,0.0927954,0,0,0,0,0
62657,62679,62668,20.2,-104.735,39.6793,54.8195,-61.665,484.83,5.20297,2.53626,214.574,0.253807,0.00163474,0.641653,0.432418,0.599806,0.530061,0.530061,0.878785,0.906683,0.54401,0.0697449,0.0557959,0.013949,0,0,0,0
62681,62703,62692,20.3,-104.736,39.6804,53.996,-62.0885,485.948,4.59842,2.21514,189.726,0.25695,0.00143052,0.433286,0.447263,0.78271,0.433286,0.447263,0.601009,0.936456,0.349424,0.0978387,0.0559078,0.013977,0,0,0,0
62704,62724,62714,20.4,-104.737,39.6814,53.1512,-61.8241,488.761,5.15769,2.62738,240.583,0.274703,0.00175404,0.591327,0.624179,0.558476,0.574902,0.591327,0.591327,0.821288,0.54205,0.164258,0.065703,0.0328515,0,0,0,0
62725,62746,62736,20.5,-104.737,39.6828,52.211,-61.4985,492.013,4.92182,2.24357,174.109,0.23281,0.00138214,0.390399,0.474056,0.557713,0.613484,0.725027,0.725027,0.948112,0.376456,0.0975997,0.0139428,0,0,0,0,0
62747,62767,62757,20.6,-104.738,39.6843,51.3567,-62.1661,492.777,4.75474,2.43984,210.592,0.258941,0.00164155,0.388459,0.419536,0.497228,0.699226,0.512766,0.76138,0.792457,0.435074,0.155384,0.0932302,0,0,0,0,0
62768,62789,62778,20.7,-104.737,39.6857,50.5606,-62.0812,495.187,4.73535,2.17697,181.22,0.249733,0.00135663,0.611577,0.541683,0.57663,0.331999,0.524209,0.891155,0.716419,0.401894,0.104842,0.0174736,0.0174736,0,0,0,0
62791,62811,62801,20.8,-104.737,39.687,49.6683,-60.0444,502.508,4.19974,2.04229,170.889,0.251025,0.00127212,0.323057,0.384592,0.476894,0.492277,0.507661,0.830718,0.738416,0.307673,0.092302,0.0307673,0.0153837,0,0,0,0
62812,62833,62822,20.9,-104.735,39.6878,48.8311,-59.71,505.755,4.15107,2.09883,173.35,0.247782,0.00140218,0.347079,0.333196,0.513677,0.541443,0.416495,0.513677,0.846873,0.513677,0.0971822,0.0277663,0,0,0,0,0
62835,62853,62844,21,-104.734,39.6883,48.062,-60.0795,507.164,3.84501,1.9031,158.418,0.249727,0.00119171,0.376962,0.364396,0.251308,0.46492,0.402093,0.728793,0.967535,0.175916,0.062827,0.0376962,0.0125654,0,0,0,0
62854,62874,62864,21.1,-104.731,39.6885,47.2833,-60.4633,508.627,3.49669,1.68344,131.403,0.23417,0.00104226,0.181828,0.265748,0.377642,0.503523,0.419602,0.755284,0.55947,0.377642,0.0419602,0.0139867,0,0,0,0,0
62875,62897,62886,21.2,-104.73,39.6886,46.4874,-59.3847,513.687,3.6519,1.76607,140.947,0.239426,0.00113084,0.21094,0.382329,0.487798,0.461431,0.342777,0.500982,0.830576,0.382329,0.0263675,0.0263675,0,0,0,0,0
62898,62921,62910,21.3,-104.729,39.6887,45.7095,-58.4919,518.33,3.23096,1.33075,97.3245,0.219406,0.000763733,0.296963,0.296963,0.463263,0.427627,0.451384,0.522656,0.475141,0.285085,0.0118785,0,0,0,0,0,0
62923,62945,62934,21.4,-104.727,39.6885,44.8906,-56.3541,526.2,3.51597,1.52681,121.468,0.23867,0.000937937,0.305105,0.377749,0.537565,0.47945,0.435864,0.523036,0.523036,0.203403,0.101702,0.0290576,0,0,0,0,0
62947,62968,62958,21.5,-104.726,39.6878,44.2632,-55.7214,529.86,3.19133,1.33903,102.326,0.229254,0.00080278,0.291139,0.335929,0.481498,0.492696,0.369522,0.38072,0.537486,0.246348,0.0447905,0.0111976,0,0,0,0,0
62970,62991,62980,21.6,-104.726,39.6872,43.5689,-55.3589,533.152,3.24795,1.31881,103.63,0.235735,0.000788288,0.349381,0.465842,0.414081,0.452902,0.452902,0.388201,0.401141,0.258801,0.0258801,0.0388201,0,0,0,0,0
62993,63014,63004,21.7,-104.726,39.687,42.8679,-55.1637,536.101,3.19068,1.43968,116.52,0.242804,0.000925213,0.415048,0.453958,0.272375,0.376137,0.298315,0.440988,0.53178,0.324256,0.0518809,0.0259405,0,0,0,0,0
63015,63035,63025,21.8,-104.727,39.6871,42.2483,-54.9967,538.759,3.16907,1.35718,102.424,0.226405,0.000808533,0.409794,0.300515,0.355155,0.300515,0.437113,0.491752,0.601031,0.259536,0,0.0136598,0,0,0,0,0
63037,63055,63046,21.9,-104.727,39.6875,41.52,-55.0679,541.255,3.19889,1.33705,100.782,0.226129,0.000803867,0.414431,0.414431,0.27197,0.40148,0.427382,0.427382,0.492137,0.323774,0.0259019,0,0,0,0,0,0
63057,63075,63066,22,-104.727,39.688,40.9075,-54.9919,543.755,3.32428,1.36611,102.464,0.225014,0.00079764,0.400145,0.307804,0.461705,0.446315,0.369364,0.507876,0.569436,0.230853,0.0153902,0.0153902,0,0,0,0,0
63077,63096,63086,22.1,-104.728,39.6883,40.1721,-55.3095,545.779,2.63436,1.03577,75.6951,0.219243,0.000594158,0.311451,0.311451,0.389314,0.337405,0.27252,0.363359,0.467176,0.155725,0.0259542,0,0,0,0,0,0
63097,63116,63106,22.2,-104.728,39.6887,39.518,-55.6553,547.479,2.88222,1.16658,87.8278,0.225859,0.000677295,0.230578,0.494095,0.378806,0.263517,0.395276,0.477625,0.395276,0.214108,0.0164698,0.0164698,0,0,0,0,0
63117,63136,63126,22.3,-104.729,39.6894,38.9017,-55.7067,549.813,3.06136,1.37698,110.528,0.240805,0.000865967,0.260834,0.411843,0.425571,0.274562,0.398115,0.398115,0.631492,0.151009,0.0823686,0.0274562,0,0,0,0,0
63137,63157,63147,22.4,-104.729,39.6904,38.21,-56.1837,551.426,2.64851,1.29335,109.58,0.254178,0.000823055,0.273984,0.221797,0.339218,0.300078,0.273984,0.443593,0.417499,0.300078,0.0652343,0,0.0130469,0,0,0,0
63158,63178,63168,22.5,-104.73,39.6914,37.6394,-56.7994,552.229,3.33898,1.57419,137.477,0.261996,0.00101061,0.455315,0.344936,0.413923,0.358733,0.344936,0.510505,0.496708,0.275949,0.0827846,0.0413923,0.0137974,0,0,0,0
63179,63200,63190,22.6,-104.73,39.6923,37.0247,-57.2326,553.721,2.81596,1.30706,103.956,0.238602,0.000826532,0.26195,0.20956,0.340534,0.458412,0.314339,0.379827,0.523899,0.248852,0.0654874,0.0130975,0,0,0,0,0
63201,63224,63212,22.7,-104.73,39.6933,36.32,-57.3241,556.536,2.94223,1.30598,107.909,0.24788,0.000839605,0.384753,0.282906,0.463966,0.36212,0.294223,0.350804,0.497915,0.169744,0.101846,0.0339488,0,0,0,0,0
63226,63248,63237,22.8,-104.729,39.6936,35.8304,-56.8687,559.873,3.09507,1.4738,120.632,0.245552,0.000903916,0.227731,0.196676,0.44511,0.44511,0.341596,0.51757,0.590029,0.279488,0.0207028,0.0207028,0.0103514,0,0,0,0
63249,63272,63260,22.9,-104.729,39.6935,35.2362,-56.5867,563.296,2.61106,1.26767,108.563,0.256918,0.000812242,0.283554,0.271739,0.283554,0.259925,0.366257,0.354443,0.448961,0.24811,0.0708885,0.0118148,0.0118148,0,0,0,0
63273,63297,63285,23,-104.728,39.693,34.6423,-56.3095,566.752,2.66982,1.27574,110.753,0.260444,0.000828744,0.349217,0.360482,0.259096,0.236566,0.315422,0.360482,0.405542,0.292892,0.0563253,0.0225301,0.0112651,0,0,0,0
63298,63321,63310,23.1,-104.729,39.6924,34.0905,-56.3348,569.304,2.44361,1.19028,97.6932,0.246227,0.00073397,0.212488,0.224293,0.271512,0.212488,0.306927,0.448586,0.472195,0.271512,0.0118049,0,0.0118049,0,0,0,0
63322,63344,63333,23.2,-104.729,39.6918,33.5325,-56.223,572.277,2.52821,1.11555,89.2058,0.239897,0.000692604,0.235471,0.247864,0.359403,0.34701,0.371796,0.297437,0.396583,0.198291,0.0495728,0.0247864,0,0,0,0,0
63345,63367,63356,23.3,-104.729,39.6914,32.9516,-55.4658,577.161,2.58899,1.02433,76.5501,0.224195,0.000602292,0.33826,0.29923,0.31224,0.42933,0.29923,0.28622,0.37729,0.20816,0.03903,0,0,0,0,0,0
63368,63386,63377,23.4,-104.729,39.6915,32.4067,-55.0694,580.96,2.36064,0.971379,74.9235,0.231393,0.000585977,0.301942,0.301942,0.301942,0.301942,0.247044,0.329391,0.315667,0.233319,0.0137246,0.0137246,0,0,0,0,0
63387,63408,63398,23.5,-104.729,39.692,31.9653,-55.4847,582.142,2.34543,0.989802,83.0983,0.251863,0.000574974,0.305926,0.320494,0.291358,0.247654,0.27679,0.34963,0.393333,0.101975,0.0291358,0.0145679,0.0145679,0,0,0,0
63409,63427,63418,23.6,-104.729,39.6921,31.384,-55.3967,585.43,2.62461,1.10628,86.1261,0.233556,0.000672149,0.280618,0.330139,0.313632,0.396167,0.297125,0.346646,0.37966,0.231097,0.0330139,0.016507,0,0,0,0,0
63429,63448,63438,23.7,-104.73,39.6919,30.9228,-55.6739,587.174,2.09315,0.986748,82.5944,0.251111,0.000653244,0.220331,0.165248,0.330497,0.275414,0.261643,0.247873,0.302955,0.165248,0.110166,0.0137707,0,0,0,0,0
63449,63469,63459,23.8,-104.731,39.6913,30.3945,-56.0005,589.176,2.44795,1.11224,89.1287,0.240404,0.000708337,0.248523,0.248523,0.310654,0.335506,0.298227,0.285801,0.422489,0.223671,0.0621307,0.0124261,0,0,0,0,0
63470,63490,63480,23.9,-104.732,39.6909,29.8913,-56.088,591.762,2.14412,0.980343,79.9633,0.2447,0.000626092,0.199453,0.249316,0.282559,0.332422,0.182832,0.216074,0.432148,0.216074,0,0.0332422,0,0,0,0,0
63491,63512,63502,24,-104.733,39.6908,29.3821,-55.9068,595.163,2.3666,1.23065,112.3,0.27376,0.000805702,0.222278,0.196127,0.222278,0.366104,0.274578,0.418405,0.326879,0.222278,0.0523006,0.0523006,0.0130752,0,0,0,0
63513,63534,63524,24.1,-104.734,39.6909,28.9245,-55.1955,599.803,2.4401,1.16501,95.8057,0.246707,0.000760342,0.311238,0.199192,0.311238,0.211642,0.286339,0.336137,0.51043,0.186743,0.0622476,0.024899,0,0,0,0,0
63535,63555,63545,24.2,-104.734,39.6907,28.4575,-55.238,602.474,2.23729,1.02413,79.6529,0.233328,0.000654101,0.26395,0.289088,0.26395,0.213674,0.113121,0.314226,0.515331,0.251381,0.012569,0,0,0,0,0,0
63556,63579,63568,24.3,-104.734,39.6903,27.9495,-55.1155,605.932,2.26778,0.986322,78.6583,0.239247,0.000638695,0.368371,0.299301,0.241743,0.21872,0.253255,0.21872,0.345347,0.264766,0.0575579,0,0,0,0,0,0
