data/B2SAP/Locations/Boulder/NOAA-POPS-B2SAP_GMLBalloon_20190628_R0 (1).ict
61,1001
Thornberry, T. D.
NOAA Chemical Sciences Laboratory
Portable Optical Particle Spectrometer (POPS)
Balloon Baseline Stratospheric Aerosol Profiles (B2SAP)
1,1
2019,06,28,2024,05,30
0
TIME_START,s,Seconds since midnight UTC on flight start day,Start time of 100 m altitude bin in UTC_seconds_since_midnight
28
1.0,1.0,1.0,1.0,1.0,1.0,1.0,1.0,1.0,1.0,1.0,1.0,1.0,1.0,1.0,1.0,1.0,1.0,1.0,1.0,1.0,1.0,1.0,1.0,1.0,1.0,1.0,1.0
99999,99999,99999,99999,99999,99999,99999,99999,99999,99999,99999,99999,99999,99999,99999,99999,99999,99999,99999,99999,99999,99999,99999,99999,99999,99999,99999,99999
TIME_STOP,s,End time of 100 m altitude bin in UTC seconds since midnight,
TIME_MID,s,Mid time of 100 m altitude in UTC seconds since midnight,
GPSAlt,m,GPS reported altitude above sea level (m),
GPS_Lon,deg,GPS reported longitude,
GPS_Lat,deg,GPS reported latitude,
iMet_Pressure,mb,Pressure reported (mB),
iMet_Temperature,degrees C,Ambient temperature (oC),
THETA,K,Potential temperature from iMet,
Aerosol_concentration,cm^-3,Aerosol concentration,
Surface_Area_Conc,um^2 cm^-3,Surface area concentration,
Volume_density,um^3 cm^-3,Volume density,
Effective_radius,um,Effective radius,
Extinction,km^-1,Extinction,
Bin01,cm^-3,particle concentration in size range [140 - 170 nm],
Bin02,cm^-3,particle concentration in size range [170 - 205 nm],
Bin03,cm^-3,particle concentration in size range [205 - 249 nm],
Bin04,cm^-3,particle concentration in size range [249 - 302 nm],
Bin05,cm^-3,particle concentration in size range [302 - 366 nm],
Bin06,cm^-3,particle concentration in size range [366 - 443 nm],
Bin07,cm^-3,particle concentration in size range [443 - 537 nm],
Bin08,cm^-3,particle concentration in size range [537 - 651 nm],
Bin09,cm^-3,particle concentration in size range [651 - 789 nm],
Bin10,cm^-3,particle concentration in size range [789 - 956 nm],
Bin11,cm^-3,particle concentration in size range [956 - 1159 nm],
Bin12,cm^-3,particle concentration in size range [1159 - 1404 nm],
Bin13,cm^-3,particle concentration in size range [1404 - 1702 nm],
Bin14,cm^-3,particle concentration in size range [1702 - 2062 nm],
Bin15,cm^-3,particle concentration in size range [2062 - 2500 nm],
0
19
PI_CONTACT_INFO: 325 Broadway R/CSL6, Boulder, CO 80305; troy.thornberry@noaa.gov; 303-497-3373 
PLATFORM: GML ECC/FPH balloon
LOCATION: Boulder, CO, USA
ASSOCIATED_DATA: N/A
INSTRUMENT_INFO: Printed Optical Particle Spectrometer counts particles from 140 - 2500 nm in diameter 
DATA_INFO: Particle concentrations reported in number per cubic centimeter, binned to 100 m altitude
UNCERTAINTY: Counting uncertainty dominated by air flow, less than 5 percent
ULOD_FLAG: -77777
ULOD_VALUE: 3000 ~3000 per cm3 (varies depending on flow rate- manufacturer quotes 1250  per cm3 at 1.667 cc/s)
LLOD_FLAG: -88888
LLOD_VALUE: 0 0 (varies depending on data field and measurement precision)
DM_CONTACT_INFO: Troy Thornberry, 325 Broadway R/CSL6, Boulder, CO 80305; troy.thornberry@noaa.gov; 303-497-3373
PROJECT_INFO: B2SAP Boulder, CO, USA
STIPULATIONS_ON_USE: Please contact the PIs for questions regarding applications and uncertainties
OTHER_COMMENTS: POPS bin Edges (nm):  140, 170, 205, 249, 302, 366, 443, 537, 651, 789, 956, 1159, 1404, 1702, 2062, 2500
Calculations assume sulfate refractive index of 1.45+0.00j and extinction wavelength = 532 nm
REVISION: R0
R0: QA/QC data
TIME_START,TIME_STOP,TIME_MID,GPSAlt,GPS_Lon,GPS_Lat,iMet_Pressure,iMet_Temperature,THETA,Aerosol_concentration,Surface_Area_Conc,Volume_density,Effective_radius,Extinction,Bin01,Bin02,Bin03,Bin04,Bin05,Bin06,Bin07,Bin08,Bin09,Bin10,Bin11,Bin12,Bin13,Bin14,Bin15
[from data line 82]
61257,61271,61264,14.1,-104.952,39.969,150.97,-63.9733,359.021,9.15772,1.86817,106.441,0.170929,0.000682714,2.71135,1.99201,1.63234,1.16201,0.553337,0.60867,0.332002,0.110667,0.0553337,0,0,0,0,0,0
61272,61291,61282,14.2,-104.949,39.9683,148.346,-64.1955,360.436,9.88754,2.2503,141.696,0.188903,0.000967724,2.9259,2.3609,1.37215,1.06947,0.625538,0.726431,0.565002,0.141251,0.0807146,0.0201786,0,0,0,0,0
61293,61310,61302,14.3,-104.946,39.9677,146.031,-63.8775,362.611,8.49284,1.74539,104.931,0.180357,0.000679179,2.61318,2.07252,1.46428,0.720878,0.630768,0.518131,0.270329,0.135165,0.0450548,0.0225274,0,0,0,0,0
61310,61327,61318,14.4,-104.943,39.9672,143.612,-63.5228,364.97,7.53573,1.64377,102.948,0.187887,0.0006978,2.19875,2.07882,1.11937,0.59966,0.499717,0.45974,0.359796,0.159909,0.0399774,0.0199887,0,0,0,0,0
61329,61347,61338,14.5,-104.94,39.9667,141.243,-63.4225,366.878,7.77687,1.536,88.8255,0.173487,0.000558601,2.27013,2.15774,1.10135,0.89906,0.561913,0.314671,0.382101,0.044953,0.0224765,0.0224765,0,0,0,0,0
61349,61366,61358,14.6,-104.938,39.966,138.949,-63.7724,367.981,8.41231,1.81652,115.526,0.190793,0.000762398,2.41563,2.11897,1.39852,0.932347,0.614502,0.254277,0.508553,0.0635691,0.0635691,0.0423794,0,0,0,0,0
61367,61385,61376,14.7,-104.934,39.965,136.737,-63.4883,370.183,6.67512,1.48925,107.795,0.217146,0.000594322,1.97855,1.4989,1.21911,0.839387,0.379722,0.359737,0.199854,0.119912,0.0399708,0.0199854,0,0,0.0199854,0,0
61386,61399,61392,14.8,-104.932,39.9644,134.614,-62.3279,373.896,7.20625,1.72674,129.841,0.225584,0.000771556,2.19765,1.76323,0.971054,0.766622,0.587743,0.383311,0.306649,0.102216,0.0511081,0.0511081,0.0255541,0,0,0,0
61400,61411,61406,14.9,-104.931,39.9639,132.463,-61.46,377.161,7.40886,1.59344,98.3968,0.185254,0.000639243,2.11257,1.75551,1.21993,0.892634,0.53558,0.446317,0.238036,0.148772,0.0297545,0.0297545,0,0,0,0,0
61412,61424,61418,15,-104.931,39.963,130.232,-61.7608,378.466,7.29815,1.57332,95.8959,0.182854,0.000613816,2.11497,1.40005,1.2809,1.04259,0.714921,0.297884,0.268095,0.119153,0.0297884,0.0297884,0,0,0,0,0
61425,61436,61430,15.1,-104.93,39.9626,128.188,-62.4792,378.884,7.53956,1.47105,83.3184,0.169917,0.000535768,2.50325,1.84764,1.16222,0.685414,0.447009,0.536411,0.178804,0.149003,0.0298006,0,0,0,0,0,0
61437,61451,61444,15.2,-104.929,39.9625,126.179,-62.6893,380.213,8.23761,1.8954,123.27,0.195109,0.000836855,2.30244,2.14894,1.12564,0.741897,0.818645,0.537236,0.255826,0.179079,0.102331,0.0255826,0,0,0,0,0
61452,61463,61458,15.3,-104.928,39.9623,124.119,-63.1367,381.204,7.28033,1.85401,142.371,0.230373,0.00080681,1.71068,1.83003,1.23328,0.954798,0.437616,0.517182,0.358049,0.159133,0,0.0397832,0.0397832,0,0,0,0
61464,61475,61470,15.4,-104.927,39.9627,122.169,-62.6909,383.741,7.33793,1.56577,85.9602,0.164699,0.000540858,1.88318,1.59097,1.26628,0.811718,0.74678,0.681843,0.292218,0.0649374,0,0,0,0,0,0,0
61476,61498,61487,15.5,-104.928,39.9635,119.921,-61.8715,387.281,6.03909,1.33973,83.1634,0.186225,0.000532163,1.6033,1.54985,0.872906,0.552247,0.676948,0.480989,0.142515,0.124701,0,0.0356288,0,0,0,0,0
61499,61516,61508,15.6,-104.928,39.9644,118.029,-61.5128,389.714,7.08362,1.76523,116.431,0.197873,0.000787905,1.89423,1.59825,0.927382,0.749798,0.572214,0.868187,0.236778,0.157852,0.0394631,0.0394631,0,0,0,0,0
61518,61532,61525,15.7,-104.929,39.9651,116.301,-61.3814,391.596,7.08656,1.56993,91.8003,0.175422,0.000607595,2.15899,1.24459,1.34619,0.711196,0.380998,0.838195,0.279398,0.101599,0.0253998,0,0,0,0,0,0
61533,61548,61540,15.8,-104.93,39.9654,114.215,-61.805,392.835,6.88285,1.4829,92.7793,0.187699,0.000587937,1.90485,1.60007,1.2953,0.685746,0.609552,0.355572,0.304776,0.0761939,0,0.050796,0,0,0,0,0
61548,61567,61558,15.9,-104.931,39.9659,112.392,-62.3494,393.638,6.50229,1.5024,92.4508,0.184606,0.000640335,1.76191,1.63606,0.880955,0.755104,0.377552,0.524378,0.398527,0.125851,0.0419502,0,0,0,0,0,0
61569,61583,61576,16,-104.933,39.9666,110.666,-62.35,395.376,5.90612,1.50269,104.955,0.209535,0.000723286,1.5529,1.40016,0.992839,0.458234,0.483691,0.458234,0.356404,0.10183,0.0509148,0.0509148,0,0,0,0,0
61584,61599,61592,16.1,-104.933,39.967,108.878,-61.7938,398.265,6.39565,1.23594,66.6987,0.161898,0.000419368,2.10455,1.53058,0.983947,0.464641,0.546637,0.43731,0.273319,0.0546637,0,0,0,0,0,0,0
61600,61618,61609,16.2,-104.933,39.9676,107.074,-62.3619,399.103,6.42045,1.34812,80.8477,0.179913,0.000536212,1.95502,1.42183,1.2441,0.488754,0.555402,0.39989,0.155513,0.133297,0.0666483,0,0,0,0,0,0
61619,61633,61626,16.3,-104.934,39.9681,105.322,-62.915,399.93,6.13523,1.18993,72.7184,0.183334,0.000456881,1.85839,1.62927,1.1965,0.560063,0.381861,0.229117,0.10183,0.10183,0.0509148,0.0254574,0,0,0,0,0
61634,61650,61642,16.4,-104.933,39.9684,103.623,-63.5067,400.665,6.02821,1.21955,68.9256,0.169551,0.000446497,1.5964,1.76319,0.953077,0.643327,0.262096,0.428885,0.30975,0.0476538,0.0238269,0,0,0,0,0,0
61652,61670,61661,16.5,-104.933,39.9692,101.951,-64.3269,400.959,5.63774,1.22283,75.4012,0.184984,0.000489071,1.41505,1.39259,0.943366,0.943366,0.291994,0.269533,0.224611,0.112306,0.0224611,0.0224611,0,0,0,0,0
61671,61691,61681,16.6,-104.932,39.9704,100.052,-64.6124,402.561,5.87425,1.32479,93.7927,0.212395,0.00053913,1.75382,1.458,0.929738,0.549391,0.443739,0.338087,0.274695,0.0633912,0.0211304,0.0211304,0.0211304,0,0,0,0
61692,61711,61702,16.7,-104.931,39.9717,98.41,-64.4071,404.875,6.18315,1.29346,80.3782,0.186426,0.000512861,1.7129,1.5249,1.06534,0.835561,0.417781,0.334224,0.125334,0.0626671,0.0835561,0.020889,0,0,0,0,0
61712,61732,61722,16.8,-104.93,39.9728,96.8795,-63.381,408.69,6.21977,1.44325,97.2989,0.202249,0.000608186,1.64594,1.66177,0.933757,0.696361,0.364007,0.348181,0.443139,0.0633056,0.0474792,0,0.0158264,0,0,0,0
61733,61753,61743,16.9,-104.929,39.9734,95.3219,-61.5148,414.232,6.4519,1.56874,116.287,0.222383,0.000665715,1.89674,1.52337,0.836357,0.657138,0.582463,0.567528,0.224024,0.0448049,0.0746748,0.014935,0.0298699,0,0,0,0
61754,61775,61764,17,-104.928,39.9735,93.7538,-60.9219,417.377,5.57189,1.57279,118.894,0.226782,0.000772774,1.40042,1.26634,0.685313,0.566128,0.506536,0.595924,0.327758,0.119185,0.0446943,0.0446943,0.0148981,0,0,0,0
61776,61795,61786,17.1,-104.927,39.9735,92.2928,-60.8683,419.352,5.90584,1.47787,101.702,0.20645,0.000686731,1.45909,1.3375,1.09432,0.573214,0.486363,0.451623,0.330032,0.0694804,0.0521103,0.0521103,0,0,0,0,0
61796,61809,61802,17.2,-104.928,39.9733,90.8493,-60.4114,422.152,5.29466,1.33115,89.2471,0.201136,0.000615431,1.17906,1.26805,0.867612,0.645148,0.578408,0.289204,0.244711,0.133479,0.0667394,0.0222465,0,0,0,0,0
61810,61821,61816,17.3,-104.928,39.9739,89.4236,-60.4464,423.999,5.18998,1.32059,82.5855,0.18761,0.000570947,0.992619,1.13442,1.04934,0.53885,0.482129,0.53885,0.340326,0.0567211,0.0567211,0,0,0,0,0,0
61822,61835,61828,17.4,-104.929,39.974,88.0177,-61.1223,424.563,4.72725,1.27857,89.6728,0.210406,0.000616834,1.17581,1.05583,0.527916,0.599905,0.455927,0.431931,0.335947,0.0719885,0.0239962,0.0479924,0,0,0,0,0
61836,61852,61844,17.5,-104.931,39.9744,86.3513,-62.1156,424.895,4.78373,1.06936,62.9087,0.176484,0.000419416,1.4312,0.980272,0.745007,0.470531,0.313687,0.548952,0.21566,0.0588163,0.0196054,0,0,0,0,0,0
61853,61867,61860,17.6,-104.932,39.975,85.1136,-62.8729,425.117,5.14856,1.3945,102.967,0.221513,0.000605682,1.21407,1.03421,0.56207,0.786898,0.696967,0.539587,0.112414,0.134897,0.0224828,0.0224828,0.0224828,0,0,0,0
61869,61885,61877,17.7,-104.933,39.976,83.6819,-63.8125,425.269,4.62387,1.29288,88.7528,0.205941,0.000630071,0.968247,1.02753,0.612565,0.573044,0.513764,0.414963,0.335922,0.0988007,0.0592804,0.0197601,0,0,0,0,0
61886,61904,61895,17.8,-104.934,39.9771,82.3141,-64.3018,426.287,4.84767,1.29812,95.9645,0.221778,0.000592397,1.17463,1.0814,0.68986,0.577991,0.484767,0.354253,0.354253,0.0559346,0.0372897,0.0186449,0.0186449,0,0,0,0
61905,61923,61914,17.9,-104.934,39.9784,80.9913,-64.44,427.974,5.20743,1.4686,96.9402,0.198025,0.000699002,1.01608,1.14309,0.65622,0.677389,0.550378,0.571547,0.4022,0.12701,0.0635052,0,0,0,0,0,0
61924,61939,61932,18,-104.934,39.9801,79.65,-63.4836,431.996,4.76415,1.47574,104.042,0.211505,0.000763862,0.889691,0.918391,0.803592,0.373096,0.602694,0.459195,0.459195,0.229598,0,0.0286997,0,0,0,0,0
61942,61960,61951,18.1,-104.933,39.9814,78.2868,-61.4063,438.433,4.42438,1.53919,113.619,0.221452,0.000867238,0.78948,0.756585,0.608558,0.476978,0.39474,0.674348,0.411188,0.180923,0.13158,0,0,0,0,0,0
61961,61981,61971,18.2,-104.933,39.9823,77.0389,-60.2826,442.783,4.31922,1.65228,127.468,0.23144,0.000974998,0.556263,0.507181,0.768952,0.556263,0.654427,0.458099,0.376296,0.294492,0.130885,0.0163607,0,0,0,0,0
61982,62000,61991,18.3,-104.933,39.9831,75.6806,-59.7856,446.087,4.60131,1.45205,103.274,0.213369,0.000752259,0.601859,0.893081,0.698933,0.757177,0.718347,0.252392,0.427126,0.155318,0.0776592,0.0194148,0,0,0,0,0
62001,62020,62010,18.4,-104.933,39.9836,74.5576,-59.1571,449.307,4.80197,1.62625,117.672,0.217074,0.000858569,0.636625,0.836707,0.618436,0.76395,0.636625,0.527489,0.582057,0.109136,0.0545679,0.0363786,0,0,0,0,0
62021,62038,62030,18.5,-104.934,39.9839,73.3653,-58.1433,453.525,4.82601,1.83933,138.878,0.226515,0.00104005,0.549799,0.773791,0.509073,0.671977,0.733066,0.753428,0.407259,0.34617,0.0407259,0.0407259,0,0,0,0,0
62040,62061,62050,18.6,-104.935,39.9844,72.1279,-58.3826,455.226,4.85412,1.75263,136.936,0.234396,0.000936465,0.67054,0.728847,0.626809,0.728847,0.67054,0.71427,0.422732,0.1895,0.0437308,0.0437308,0.0145769,0,0,0,0
62062,62083,62072,18.7,-104.936,39.9849,70.9965,-58.6765,456.656,4.23355,1.594,124.217,0.233785,0.000851421,0.555219,0.58298,0.499697,0.555219,0.624622,0.707904,0.513578,0.124924,0.0138805,0.0416414,0.0138805,0,0,0,0
62084,62104,62094,18.8,-104.938,39.9859,69.8321,-57.6716,460.978,4.55715,1.56974,115.364,0.220478,0.00083223,0.551502,0.667607,0.740173,0.72566,0.638581,0.609555,0.333804,0.203185,0.0435396,0.0435396,0,0,0,0,0
62105,62123,62114,18.9,-104.939,39.9872,68.7207,-57.8343,462.737,4.13939,1.59863,115.142,0.216076,0.000861807,0.335093,0.473073,0.453362,0.57163,0.906723,0.827878,0.236537,0.236537,0.0985569,0,0,0,0,0,0
62125,62144,62134,19,-104.94,39.9883,67.6782,-57.7482,464.954,3.75732,1.54814,141.719,0.274624,0.00080845,0.390371,0.520494,0.520494,0.585556,0.487963,0.634352,0.406636,0.113858,0.0325309,0.0162654,0.0325309,0,0.0162654,0,0
62145,62164,62154,19.1,-104.941,39.9893,66.5575,-58.2656,466.053,4.51062,1.63242,118.579,0.217919,0.000892669,0.449334,0.760411,0.708565,0.570308,0.587591,0.622155,0.518462,0.224667,0.0518462,0.0172821,0,0,0,0,0
62165,62183,62174,19.2,-104.942,39.99,65.4571,-58.8729,466.953,4.43675,1.62584,113.674,0.209751,0.000862829,0.455559,0.693242,0.455559,0.653628,0.633821,0.713049,0.614014,0.178262,0.0396138,0,0,0,0,0,0
62185,62199,62192,19.3,-104.944,39.9904,64.3608,-59.2262,468.443,3.82447,1.50673,126.908,0.252681,0.000864247,0.619607,0.448681,0.534144,0.534144,0.470047,0.534144,0.384584,0.14956,0.106829,0.0213658,0.0213658,0,0,0,0
62200,62218,62209,19.4,-104.945,39.9905,63.402,-59.228,470.445,3.7775,1.46096,113.544,0.233157,0.00078302,0.51848,0.499963,0.370343,0.499963,0.51848,0.666617,0.499963,0.148137,0.0370343,0,0.0185171,0,0,0,0
62219,62235,62227,19.5,-104.948,39.9908,62.3694,-58.8506,473.502,4.60958,1.63248,112.986,0.207634,0.000850105,0.554536,0.675841,0.502548,0.710499,0.658512,0.727829,0.537207,0.207951,0.0346585,0,0,0,0,0,0
62237,62252,62244,19.6,-104.95,39.9913,61.364,-59.11,475.12,4.34913,1.79901,149.234,0.24886,0.001044,0.499687,0.48118,0.592222,0.777291,0.42566,0.740277,0.462673,0.222083,0.0925347,0.0370139,0.0185069,0,0,0,0
62253,62272,62262,19.7,-104.953,39.9922,60.3888,-59.3912,476.679,4.16869,1.65974,124.727,0.225446,0.00095092,0.408695,0.572173,0.52313,0.555826,0.52313,0.801043,0.441391,0.245217,0.0817391,0.0163478,0,0,0,0,0
62274,62291,62282,19.8,-104.955,39.9935,59.4071,-59.0741,479.625,4.53888,1.99721,166.884,0.250676,0.00126275,0.555115,0.620423,0.538788,0.47348,0.555115,0.767365,0.604096,0.195923,0.146942,0.0816346,0,0,0,0,0
62292,62311,62302,19.9,-104.956,39.995,58.3878,-58.7089,482.825,4.29481,1.53319,105.807,0.207033,0.000790803,0.369446,0.615744,0.584957,0.646531,0.723499,0.677318,0.415627,0.230904,0.0307872,0,0,0,0,0,0
62312,62330,62321,20,-104.957,39.9961,57.4889,-57.865,486.882,4.17065,1.47439,102.965,0.209507,0.000738814,0.367998,0.475331,0.536664,0.843329,0.70533,0.643997,0.413998,0.153333,0,0.0306665,0,0,0,0,0
62332,62351,62342,20.1,-104.958,39.9971,56.5211,-57.0916,490.999,4.00937,1.47915,110.335,0.22378,0.000806719,0.47765,0.448702,0.68029,0.607918,0.463176,0.694764,0.390805,0.173691,0.0289485,0.0434227,0,0,0,0,0
62352,62371,62362,20.2,-104.96,39.9982,55.638,-56.359,494.896,3.68576,1.4559,113.824,0.234543,0.000875734,0.424753,0.520665,0.520665,0.520665,0.56177,0.383648,0.383648,0.219227,0.137017,0.0137017,0,0,0,0,0
62373,62391,62382,20.3,-104.962,39.9993,54.7394,-55.7735,498.536,3.84288,1.48167,107.678,0.21802,0.000790287,0.337659,0.450212,0.369817,0.611002,0.723555,0.691397,0.498449,0.096474,0.032158,0.032158,0,0,0,0,0
62392,62409,62400,20.4,-104.964,40.0002,53.9506,-56.1131,499.831,3.96968,1.46476,118.465,0.24263,0.000781036,0.461988,0.49621,0.701538,0.701538,0.427767,0.581763,0.376435,0.136885,0.0171107,0.051332,0.0171107,0,0,0,0
62411,62429,62420,20.5,-104.965,40.0014,53.0435,-56.5053,501.349,3.54933,1.33774,96.6664,0.216783,0.000730048,0.306533,0.3872,0.596933,0.467866,0.661466,0.548533,0.306533,0.1936,0.0806666,0,0,0,0,0,0
62431,62448,62440,20.6,-104.967,40.0024,52.1662,-55.9712,504.986,3.81319,1.36962,101.379,0.222059,0.000765194,0.478786,0.598482,0.581383,0.564283,0.461686,0.444587,0.376189,0.239393,0.0512985,0.0170995,0,0,0,0,0
62449,62469,62459,20.7,-104.969,40.0037,51.2916,-55.6637,508.152,3.5654,1.26339,93.9565,0.223105,0.000696574,0.546311,0.460051,0.575064,0.503181,0.416922,0.445675,0.402545,0.143766,0.0431298,0.0287532,0,0,0,0,0
62471,62487,62479,20.8,-104.971,40.0049,50.4738,-55.7156,510.362,3.46712,1.16457,79.3897,0.204512,0.000590645,0.409906,0.580699,0.512382,0.444064,0.461144,0.512382,0.409906,0.102476,0.0341588,0,0,0,0,0,0
62488,62506,62497,20.9,-104.973,40.0059,49.6571,-55.84,512.462,3.36086,1.21714,85.4637,0.21065,0.000639074,0.434178,0.369855,0.289452,0.578904,0.675388,0.498501,0.289452,0.176887,0.048242,0,0,0,0,0,0
62507,62523,62515,21,-104.975,40.0065,48.888,-55.8133,514.805,3.84573,1.29857,89.5702,0.206928,0.0006497,0.510334,0.619691,0.419203,0.492108,0.656144,0.601465,0.419203,0.0911311,0.0182262,0.0182262,0,0,0,0,0
62525,62543,62534,21.1,-104.977,40.0073,48.14,-55.548,517.723,3.01012,1.15382,85.463,0.222209,0.000622189,0.267171,0.302793,0.51653,0.338416,0.552152,0.534341,0.356227,0.0890568,0.0178114,0.0356227,0,0,0,0,0
62544,62562,62553,21.2,-104.979,40.0086,47.3121,-54.9021,521.829,2.69983,0.985006,80.1369,0.24407,0.000498291,0.158814,0.405857,0.635254,0.335273,0.388211,0.511733,0.0882297,0.105876,0.0352919,0.0176459,0.0176459,0,0,0,0
62563,62583,62573,21.3,-104.982,40.0096,46.56,-55.2342,523.432,3.41117,1.19022,82.1669,0.207105,0.000600832,0.390592,0.48173,0.390592,0.559848,0.46871,0.611927,0.377572,0.104158,0.0130197,0.0130197,0,0,0,0,0
62584,62602,62593,21.4,-104.985,40.0109,45.8676,-55.0935,526.013,3.2719,1.09492,74.9202,0.205276,0.000558964,0.421711,0.508962,0.49442,0.49442,0.349002,0.479878,0.378086,0.116334,0.0290835,0,0,0,0,0,0
62604,62623,62614,21.5,-104.988,40.0127,45.1116,-55.1395,528.407,3.25411,1.30279,96.1569,0.221425,0.000739945,0.247312,0.468592,0.416526,0.377477,0.507641,0.572723,0.455575,0.117148,0.091115,0,0,0,0,0,0
62624,62642,62633,21.6,-104.99,40.0144,44.3771,-55.0847,531.026,3.22127,1.32957,103.75,0.234098,0.00078911,0.335245,0.408125,0.451852,0.291518,0.568459,0.524732,0.320669,0.233214,0.0583035,0.0291518,0,0,0,0,0
62643,62662,62652,21.7,-104.991,40.0152,43.6937,-54.8074,534.06,3.70404,1.42827,103.67,0.217753,0.000764025,0.259933,0.402896,0.506869,0.571852,0.688822,0.636835,0.454882,0.11697,0.0389899,0.0259933,0,0,0,0,0
