data/B2SAP/Locations/Boulder/NOAA-POPS-B2SAP_GMLBalloon_20230621_R0.ict
82,1001
Thornberry, T. D.
NOAA Chemical Sciences Laboratory
Portable Optical Particle Spectrometer (POPS)
Balloon Baseline Stratospheric Aerosol Profiles (B2SAP)
1,1
2023,06,21,2024,05,30
0
TIME_START,s,Seconds since midnight UTC on flight start day,Start time of 100 m altitude bin in UTC_seconds_since_midnight
49
1.0,1.0,1.0,1.0,1.0,1.0,1.0,1.0,1.0,1.0,1.0,1.0,1.0,1.0,1.0,1.0,1.0,1.0,1.0,1.0,1.0,1.0,1.0,1.0,1.0,1.0,1.0,1.0,1.0,1.0,1.0,1.0,1.0,1.0,1.0,1.0,1.0,1.0,1.0,1.0,1.0,1.0,1.0,1.0,1.0,1.0,1.0,1.0,1.0
99999,99999,99999,99999,99999,99999,99999,99999,99999,99999,99999,99999,99999,99999,99999,99999,99999,99999,99999,99999,99999,99999,99999,99999,99999,99999,99999,99999,99999,99999,99999,99999,99999,99999,99999,99999,99999,99999,99999,99999,99999,99999,99999,99999,99999,99999,99999,99999,99999
TIME_STOP,s,End time of 100 m altitude bin in UTC seconds since midnight,
TIME_MID,s,Mid time of 100 m altitude in UTC seconds since midnight,
GPSAlt,km,GPS reported altitude above sea level (km),
GPS_Lon,deg,GPS reported longitude,
GPS_Lat,deg,GPS reported latitude,
iMet_Pressure,hPa,Pressure reported (hPa),
iMet_Temperature,degrees C,Ambient temperature (oC),
THETA,K,Potential temperature from iMet,
Aerosol_concentration,cm^-3,Aerosol concentration,
Surface_Area_Conc,um^2 cm^-3,Surface area concentration,
Volume_density,um^3 cm^-3,Volume density,
Effective_radius,um,Effective radius,
Extinction,km^-1,Extinction,
Bin01,cm^-3,particle concentration in size range [140 - 146.14 nm],
Bin02,cm^-3,particle concentration in size range [146.14 - 152.56 nm],
Bin03,cm^-3,particle concentration in size range [152.56 - 159.25 nm],
Bin04,cm^-3,particle concentration in size range [159.25 - 166.24 nm],
Bin05,cm^-3,particle concentration in size range [166.24 - 173.54 nm],
Bin06,cm^-3,particle concentration in size range [173.54 - 181.16 nm],
Bin07,cm^-3,particle concentration in size range [181.16 - 189.11 nm],
Bin08,cm^-3,particle concentration in size range [189.11 - 197.41 nm],
Bin09,cm^-3,particle concentration in size range [197.41 - 206.07 nm],
Bin10,cm^-3,particle concentration in size range [206.07 - 215.12 nm],
Bin11,cm^-3,particle concentration in size range [215.12 - 224.56 nm],
Bin12,cm^-3,particle concentration in size range [224.56 - 234.41 nm],
Bin13,cm^-3,particle concentration in size range [234.41 - 244.70 nm],
Bin14,cm^-3,particle concentration in size range [244.70 - 361.30 nm],
Bin15,cm^-3,particle concentration in size range [361.30 - 472.80 nm],
Bin16,cm^-3,particle concentration in size range [472.80 - 567.00 nm],
Bin17,cm^-3,particle concentration in size range [567.00 - 610.66 nm],
Bin18,cm^-3,particle concentration in size range [610.66 - 657.69 nm],
Bin19,cm^-3,particle concentration in size range [657.69 - 708.33 nm],
Bin20,cm^-3,particle concentration in size range [708.33 - 762.88 nm],
Bin21,cm^-3,particle concentration in size range [762.88 - 821.62 nm],
Bin22,cm^-3,particle concentration in size range [821.62 - 884.89 nm],
Bin23,cm^-3,particle concentration in size range [884.89 - 953.03 nm],
Bin24,cm^-3,particle concentration in size range [953.03 - 1026.42 nm],
Bin25,cm^-3,particle concentration in size range [1026.42 - 1105.46 nm],
Bin26,cm^-3,particle concentration in size range [1105.46 - 1190.59 nm]],
[...]
LOCATION: Boulder, CO, USA
ASSOCIATED_DATA: N/A
INSTRUMENT_INFO: Printed Optical Particle Spectrometer counts particles from 140 - 2500 nm in diameter 
DATA_INFO: Particle concentrations reported in number per cubic centimeter, binned to 100 m altitude
UNCERTAINTY: Counting uncertainty dominated by air flow, less than 5 percent
ULOD_FLAG: -77777
ULOD_VALUE: 3000 ~3000 per cm3 (varies depending on flow rate- manufacturer quotes 1250  per cm3 at 1.667 cc/s)
LLOD_FLAG: -88888
LLOD_VALUE: 0 0 (varies depending on data field and measurement precision)
DM_CONTACT_INFO: Troy Thornberry, 325 Broadway R/CSL6, Boulder, CO 80305; troy.thornberry@noaa.gov; 303-497-3373
PROJECT_INFO: B2SAP Boulder, CO, USA
STIPULATIONS_ON_USE: Please contact the PIs for questions regarding applications and uncertainties
OTHER_COMMENTS: POPS bin Edges (nm):  140, 146.14, 152.56, 159.25, 166.24, 173.54, 181.16, 189.11, 197.41, 206.07, 215.12, 224.56, 234.41, 244.70, 361.30, 472.80, 567.00, 610.66, 657.69, 708.33, 762.88, 821.62, 884.89, 953.03, 1026.42, 1105.46, 1190.59, 1282.27, 1381.01, 1487.36, 1601.89, 1725.25, 1858.10, 2001.18, 2155.28, 2321.25, 2500
Calculations assume sulfate refractive index of 1.45+0.00j and extinction wavelength = 532 nm
REVISION: R0
R0: QA/QC data
TIME_START,TIME_STOP,TIME_MID,GPSAlt,GPS_Lon,GPS_Lat,iMet_Pressure,iMet_Temperature,THETA,Aerosol_concentration,Surface_Area_Conc,Volume_density,Effective_radius,Extinction,Bin01,Bin02,Bin03,Bin04,Bin05,Bin06,Bin07,Bin08,Bin09,Bin10,Bin11,Bin12,Bin13,Bin14,Bin15,Bin16,Bin17,Bin18,Bin19,Bin20,Bin21,Bin22,Bin23,Bin24,Bin25,Bin26,Bin27,Bin28,Bin29,Bin30,Bin31,Bin32,Bin33,Bin34,Bin35,Bin36
[from data line 311]
64939,64950,64944,25.4,-105.279,40.3082,25.5382,-52.3609,629.598,1.0174,0.202806,11.1508,0.164947,6.90853e-05,0.129881,0.0649406,0.0865875,0.0865875,0.108234,0.0865875,0.0216469,0,0,0.0432937,0.0216469,0.0432937,0,0.194822,0.108234,0,0.0216469,0,0,0,0,0,0,0,0,0,0,0,0,0,0,0,0,0,0,0
64951,64963,64957,25.3,-105.281,40.308,25.9569,-50.8485,630.974,1.21285,0.236828,12.6432,0.160157,7.60435e-05,0.107016,0.0891798,0.0713439,0.107016,0.0891798,0.0535079,0.0535079,0.0535079,0.0356719,0.0535079,0.0535079,0.0356719,0.0713439,0.214032,0.0891798,0.017836,0.017836,0,0,0,0,0,0,0,0,0,0,0,0,0,0,0,0,0,0,0
64964,64976,64970,25.2,-105.282,40.3079,26.3631,-51.5162,626.301,0.988769,0.233202,13.7671,0.177105,9.25587e-05,0.123596,0.0529698,0.088283,0.0176566,0.0176566,0.0353132,0.0529698,0.0353132,0.0706264,0.0353132,0.0353132,0.0353132,0.0529698,0.158909,0.10594,0.0706264,0,0,0,0,0,0,0,0,0,0,0,0,0,0,0,0,0,0,0,0
64977,64990,64984,25.1,-105.284,40.3078,26.7793,-51.1586,624.513,1.06489,0.178458,8.11973,0.136498,3.93032e-05,0.112942,0.0645386,0.112942,0.0161346,0.0806732,0.0161346,0.0806732,0.0806732,0.0484039,0.0484039,0.0645386,0.0322693,0.0322693,0.20975,0.0645386,0,0,0,0,0,0,0,0,0,0,0,0,0,0,0,0,0,0,0,0,0
64991,65003,64997,25,-105.285,40.3075,27.1792,-50.8877,622.628,1.21247,0.195542,9.24407,0.141823,4.86281e-05,0.256155,0.119539,0.0853851,0.017077,0.0683081,0.102462,0.0512311,0,0.0683081,0.0512311,0.0683081,0.034154,0.0512311,0.119539,0.119539,0,0,0,0,0,0,0,0,0,0,0,0,0,0,0,0,0,0,0,0,0
65004,65018,65011,24.9,-105.287,40.3071,27.604,-51.6993,617.611,1.37439,0.263665,13.8961,0.15811,8.37337e-05,0.0877268,0.13159,0.0877268,0.0584845,0.116969,0.13159,0.0438634,0.0584845,0.102348,0.0146211,0.0877268,0.0584845,0.0146211,0.248559,0.0731057,0.0584845,0,0,0,0,0,0,0,0,0,0,0,0,0,0,0,0,0,0,0,0
65019,65032,65026,24.8,-105.289,40.3067,28.0464,-50.8779,617.092,1.17156,0.239291,12.5542,0.157393,7.35971e-05,0.107907,0.123322,0.0924917,0.0308306,0.0924917,0.0308306,0.0462458,0.107907,0.0154153,0.0462458,0.0154153,0.0154153,0.0154153,0.277475,0.138738,0.0154153,0,0,0,0,0,0,0,0,0,0,0,0,0,0,0,0,0,0,0,0
65033,65047,65040,24.7,-105.29,40.3062,28.4853,-49.3227,618.655,0.845136,0.196209,11.2078,0.171366,7.24064e-05,0.0422568,0.12677,0.0422568,0.0140856,0.0563424,0.0140856,0.0281712,0.0140856,0.0845136,0.0422568,0.0140856,0,0.0422568,0.183113,0.0985992,0.0422568,0,0,0,0,0,0,0,0,0,0,0,0,0,0,0,0,0,0,0,0
65048,65061,65054,24.6,-105.292,40.3054,28.91,-50.3786,613.149,1.40102,0.284668,15.5743,0.164131,9.65812e-05,0.149045,0.134141,0.059618,0.0447135,0.0447135,0.0894271,0.029809,0.134141,0.0745225,0.0894271,0.0745225,0.0745225,0.029809,0.178854,0.149045,0.029809,0.0149045,0,0,0,0,0,0,0,0,0,0,0,0,0,0,0,0,0,0,0
65062,65076,65069,24.5,-105.293,40.3044,29.3307,-49.2993,613.576,1.42611,0.297721,16.677,0.168046,0.000103071,0.117617,0.132319,0.0882129,0.0882129,0.117617,0.0441064,0.0735107,0.0735107,0.0147021,0.0588086,0.0735107,0.0441064,0.0147021,0.323447,0.117617,0.0294043,0,0,0.0147021,0,0,0,0,0,0,0,0,0,0,0,0,0,0,0,0,0
65077,65091,65084,24.4,-105.294,40.3038,29.7873,-50.0893,608.717,1.38673,0.305019,17.4001,0.171138,0.000111426,0.121911,0.137149,0.0761941,0.0761941,0.0761941,0.0761941,0.0457165,0.0761941,0.0304777,0.0457165,0.0761941,0.0609553,0.0152388,0.25906,0.167627,0.0152388,0.0304777,0,0,0,0,0,0,0,0,0,0,0,0,0,0,0,0,0,0,0
65092,65107,65100,24.3,-105.296,40.3038,30.2481,-51.3769,602.553,1.56273,0.403269,24.4514,0.181899,0.000166791,0.0860218,0.114696,0.0573479,0.0430109,0.0860218,0.0860218,0.0860218,0.0716849,0.0430109,0.0573479,0.0286739,0.0716849,0.0860218,0.358424,0.157707,0.114696,0.014337,0,0,0,0,0,0,0,0,0,0,0,0,0,0,0,0,0,0,0
65108,65122,65115,24.2,-105.297,40.3041,30.7027,-50.7413,601.713,1.6164,0.377952,21.9549,0.174268,0.000143699,0.137242,0.152491,0.152491,0.0914944,0.106743,0.0609963,0.0304981,0.0304981,0.0457472,0.0457472,0.0457472,0.0152491,0.0457472,0.381227,0.198238,0.0609963,0.0152491,0,0,0,0,0,0,0,0,0,0,0,0,0,0,0,0,0,0,0
65123,65138,65130,24.1,-105.299,40.3046,31.1962,-51.4481,597.072,1.39113,0.334393,19.6109,0.175939,0.000128967,0.143416,0.114733,0.0430247,0.129074,0.0573663,0.0286832,0,0.0430247,0.0286832,0.0286832,0.0573663,0.0573663,0.0573663,0.415906,0.100391,0.0717079,0,0.0143416,0,0,0,0,0,0,0,0,0,0,0,0,0,0,0,0,0,0
65139,65153,65146,24,-105.3,40.3048,31.6573,-50.8713,596.122,1.47867,0.330872,18.6479,0.16908,0.000118388,0.121952,0.0914642,0.0762202,0.106708,0.0609761,0.0762202,0.0457321,0.0609761,0.015244,0.0914642,0.0609761,0.0914642,0.0304881,0.365857,0.106708,0.0609761,0.015244,0,0,0,0,0,0,0,0,0,0,0,0,0,0,0,0,0,0,0
65154,65168,65161,23.9,-105.302,40.3046,32.12,-51.486,592.015,1.68303,0.409535,26.5413,0.194425,0.000187648,0.0918018,0.0765015,0.107102,0.122402,0.198904,0.0459009,0.107102,0.122402,0.0459009,0.0918018,0.0459009,0.0459009,0.0459009,0.275405,0.122402,0.0765015,0.0306006,0.0153003,0,0.0153003,0,0,0,0,0,0,0,0,0,0,0,0,0,0,0,0
65169,65183,65176,23.8,-105.303,40.3048,32.632,-51.57,589.125,1.44071,0.29657,15.8818,0.160654,9.62104e-05,0.0766336,0.168594,0.0306534,0.107287,0.0766336,0.122614,0.0766336,0,0.0306534,0.0306534,0.122614,0.0766336,0.0613069,0.306534,0.0919603,0.0613069,0,0,0,0,0,0,0,0,0,0,0,0,0,0,0,0,0,0,0,0
65184,65199,65192,23.7,-105.305,40.3056,33.1313,-52.6644,583.679,1.88911,0.499088,32.0405,0.192594,0.000226252,0.115366,0.158628,0.0721035,0.158628,0.115366,0.0721035,0.0865241,0.100945,0.0288414,0.0288414,0.0432621,0.0288414,0.115366,0.403779,0.20189,0.100945,0.0288414,0.0144207,0.0144207,0,0,0,0,0,0,0,0,0,0,0,0,0,0,0,0,0
65200,65216,65208,23.6,-105.306,40.3064,33.6629,-53.3194,579.298,1.63387,0.338043,18.2179,0.161677,0.000111454,0.12254,0.0408468,0.0816936,0.108925,0.108925,0.0816936,0.177003,0.136156,0.0544624,0.108925,0.0136156,0.0272312,0.0408468,0.34039,0.12254,0.068078,0,0,0,0,0,0,0,0,0,0,0,0,0,0,0,0,0,0,0,0
65217,65231,65224,23.5,-105.308,40.3073,34.174,-53.0533,577.514,1.71544,0.385824,22.4407,0.174489,0.000145079,0.077272,0.123635,0.123635,0.123635,0.0618176,0.108181,0.13909,0.0618176,0.0463632,0.0618176,0.0927264,0.0618176,0.077272,0.293634,0.185453,0.0618176,0,0,0.0154544,0,0,0,0,0,0,0,0,0,0,0,0,0,0,0,0,0
65232,65247,65240,23.4,-105.31,40.3081,34.7212,-54.1206,572.107,1.24894,0.323293,20.0648,0.186191,0.000138958,0.0871356,0.101658,0.0435678,0.0290452,0.0290452,0.130703,0.0871356,0.0290452,0.0435678,0.0580904,0.0290452,0.0580904,0.0145226,0.261407,0.159749,0.0580904,0.0145226,0.0145226,0,0,0,0,0,0,0,0,0,0,0,0,0,0,0,0,0,0
65248,65262,65255,23.3,-105.312,40.3089,35.2253,-54.1333,569.721,1.65729,0.426096,25.5198,0.179676,0.000172279,0.046466,0.123909,0.154887,0.0929321,0.0929321,0.0309774,0.046466,0.108421,0.0774434,0.0309774,0.046466,0.0619547,0.046466,0.340751,0.247819,0.108421,0,0,0,0,0,0,0,0,0,0,0,0,0,0,0,0,0,0,0,0
65263,65279,65271,23.2,-105.314,40.3098,35.7612,-54.0124,567.584,1.92548,0.438847,25.1489,0.17192,0.000162954,0.191183,0.191183,0.0273118,0.0955913,0.0819354,0.136559,0.0819354,0.122903,0.0682795,0.0546236,0.0819354,0.0409677,0.0273118,0.423333,0.204839,0.0819354,0.0136559,0,0,0,0,0,0,0,0,0,0,0,0,0,0,0,0,0,0,0
65280,65295,65288,23.1,-105.317,40.3106,36.3206,-53.5106,566.365,1.88469,0.579577,40.4738,0.2095,0.000302839,0.144976,0.115981,0.0869855,0.101483,0.101483,0.0869855,0.0579904,0.0579904,0.101483,0.0434928,0.0289952,0.0289952,0.072488,0.391435,0.231961,0.130478,0.0579904,0.0289952,0,0.0144976,0,0,0,0,0,0,0,0,0,0,0,0,0,0,0,0
65296,65312,65304,23,-105.319,40.3112,36.87,-53.62,563.659,1.92547,0.50354,31.2056,0.185917,0.000207367,0.0409675,0.136558,0.109247,0.081935,0.0409675,0.0546233,0.16387,0.109247,0.0955908,0.0682792,0.081935,0.0546233,0.0546233,0.477954,0.245805,0.081935,0.0136558,0,0,0,0.0136558,0,0,0,0,0,0,0,0,0,0,0,0,0,0,0
65313,65329,65321,22.9,-105.321,40.312,37.4353,-53.9459,560.381,1.78873,0.532721,35.9946,0.202702,0.000243493,0.0682721,0.0819265,0.0546177,0.109235,0.095581,0.0819265,0.0273088,0.095581,0.0409633,0.0546177,0.095581,0.0819265,0.0136544,0.477905,0.259434,0.12289,0.0136544,0,0,0,0,0,0.0136544,0,0,0,0,0,0,0,0,0,0,0,0,0
65330,65345,65338,22.8,-105.323,40.3126,38.0281,-54.4256,556.653,1.87763,0.468024,29.5961,0.189709,0.000205616,0.145553,0.189219,0.160108,0.0873316,0.0436658,0.0873316,0.130997,0.0727763,0.0582211,0.0291105,0.101887,0.0582211,0,0.378437,0.189219,0.116442,0,0,0.0291105,0,0,0,0,0,0,0,0,0,0,0,0,0,0,0,0,0
65346,65361,65354,22.7,-105.325,40.3131,38.6025,-54.6706,553.65,2.02545,0.519135,32.7851,0.18946,0.000228218,0.145716,0.174859,0.131144,0.160287,0.131144,0.0582863,0.116573,0.0874294,0.0145716,0.0145716,0.0291431,0.0728579,0.0291431,0.495433,0.218574,0.0874294,0.0291431,0.0145716,0.0145716,0,0,0,0,0,0,0,0,0,0,0,0,0,0,0,0,0
65362,65379,65370,22.6,-105.326,40.314,39.2167,-54.1906,552.374,2.13178,0.543482,34.1588,0.188555,0.000239119,0.245477,0.155038,0.0904391,0.0904391,0.103359,0.116279,0.0516795,0.0645993,0.0775192,0.103359,0.116279,0.0775192,0.0387596,0.387596,0.232558,0.142119,0.0258397,0,0.0129199,0,0,0,0,0,0,0,0,0,0,0,0,0,0,0,0,0
65380,65395,65388,22.5,-105.327,40.3153,39.8656,-54.7819,548.301,2.22027,0.708033,48.0597,0.203633,0.000354341,0.131463,0.131463,0.116856,0.175284,0.0876421,0.0584281,0.0584281,0.102249,0.0876421,0.043821,0.043821,0.043821,0.029214,0.408996,0.467424,0.14607,0.0730351,0,0.014607,0,0,0,0,0,0,0,0,0,0,0,0,0,0,0,0,0
65396,65411,65404,22.4,-105.328,40.3164,40.475,-55.4031,544.375,1.9546,0.607281,41.4465,0.204748,0.000305828,0.0875195,0.102106,0.131279,0.0875195,0.131279,0.102106,0.0291732,0.0583464,0.0437598,0.131279,0.0291732,0.0145866,0.0583464,0.437598,0.291732,0.116693,0.0729329,0.0145866,0.0145866,0,0,0,0,0,0,0,0,0,0,0,0,0,0,0,0,0
65412,65427,65420,22.3,-105.33,40.3174,41.0756,-56.0169,540.563,2.14519,0.660242,44.5213,0.202295,0.000321978,0.205704,0.102852,0.102852,0.146931,0.0440793,0.0587724,0.0146931,0.102852,0.0734656,0.0146931,0.0293862,0.0587724,0.0734656,0.587724,0.308555,0.146931,0.0440793,0,0.0146931,0.0146931,0,0,0,0,0,0,0,0,0,0,0,0,0,0,0,0
65428,65444,65436,22.2,-105.332,40.3185,41.7253,-55.5241,539.365,2.06508,0.662872,46.8525,0.212044,0.000353462,0.068836,0.192741,0.068836,0.0963703,0.110138,0.123905,0.068836,0.068836,0.0826031,0.068836,0.0275344,0.068836,0.0550688,0.413016,0.275344,0.151439,0.068836,0.0275344,0.0275344,0,0,0,0,0,0,0,0,0,0,0,0,0,0,0,0,0
65445,65460,65452,22.1,-105.333,40.3193,42.3731,-55.0825,538.087,2.49592,0.767834,53.6457,0.209599,0.00038382,0.131364,0.043788,0.131364,0.07298,0.116768,0.087576,0.102172,0.175152,0.14596,0.116768,0.07298,0.087576,0.058384,0.569244,0.335708,0.160556,0,0.029192,0.043788,0,0,0.014596,0,0,0,0,0,0,0,0,0,0,0,0,0,0
65461,65478,65470,22,-105.334,40.3198,43.0239,-55.01,535.927,2.14383,0.613127,40.668,0.198987,0.000295766,0.0909504,0.142922,0.168908,0.142922,0.0779575,0.129929,0.0649646,0.103943,0.0519717,0.0779575,0.0519717,0.0649646,0.0779575,0.389787,0.259858,0.207887,0.0129929,0,0.0259858,0,0,0,0,0,0,0,0,0,0,0,0,0,0,0,0,0
65479,65495,65487,21.9,-105.336,40.3201,43.7212,-54.6941,534.241,1.96319,0.589373,41.9629,0.213598,0.000296095,0.0823715,0.109829,0.109829,0.0686429,0.0686429,0.0549144,0.0961001,0.0686429,0.109829,0.0961001,0.0686429,0.0549144,0.0823715,0.521686,0.1922,0.0823715,0.0274572,0,0.0411858,0.0137286,0,0.0137286,0,0,0,0,0,0,0,0,0,0,0,0,0,0
65496,65514,65505,21.8,-105.337,40.3203,44.4079,-55.01,531.101,2.6659,0.739916,49.0847,0.199015,0.000342085,0.184279,0.159708,0.122852,0.221134,0.122852,0.110567,0.159708,0.0614262,0.049141,0.0859967,0.0614262,0.0737114,0.0614262,0.651118,0.319416,0.147423,0.0368557,0,0.0245705,0,0,0.0122852,0,0,0,0,0,0,0,0,0,0,0,0,0,0
65515,65531,65523,21.7,-105.338,40.3207,45.1324,-54.8241,529.101,2.53574,0.943357,76.1662,0.242219,0.000558098,0.12336,0.191893,0.137067,0.150773,0.0685334,0.04112,0.0959467,0.0548267,0.0959467,0.0548267,0.0685334,0.0685334,0.0548267,0.603094,0.37008,0.150773,0.0548267,0.04112,0.0685334,0,0,0.0137067,0.0274134,0,0,0,0,0,0,0,0,0,0,0,0,0
65532,65548,65540,21.6,-105.34,40.3209,45.7979,-54.8464,526.84,2.16655,0.69604,48.8114,0.210382,0.000359989,0.133326,0.11666,0.149992,0.0499972,0.0666629,0.133326,0.0999944,0.0166657,0.0833287,0.0333315,0.0166657,0.0999944,0.0666629,0.533304,0.333315,0.11666,0.0666629,0.0166657,0,0.0333315,0,0,0,0,0,0,0,0,0,0,0,0,0,0,0,0
65549,65564,65556,21.5,-105.341,40.3208,46.4371,-55.0657,524.228,2.29939,0.891473,71.9095,0.241991,0.000545621,0.133298,0.0999736,0.133298,0.0333245,0.133298,0.0999736,0.0333245,0.0999736,0.133298,0.0999736,0,0,0.0333245,0.566517,0.333245,0.166623,0.066649,0,0.066649,0,0.066649,0,0,0,0,0,0,0,0,0,0,0,0,0,0,0
65567,65585,65576,21.4,-105.343,40.3204,47.3212,-55.165,521.175,2.60184,0.818898,60.7524,0.222564,0.000456876,0.204639,0.146171,0.146171,0.0730854,0.175405,0.10232,0.146171,0.0730854,0.146171,0.116937,0.0584683,0.0877025,0.0730854,0.438512,0.263107,0.146171,0.116937,0.0292342,0.0438512,0,0,0.0146171,0,0,0,0,0,0,0,0,0,0,0,0,0,0
65586,65602,65594,21.3,-105.344,40.3203,48.0259,-54.6947,520.096,2.36322,0.795269,61.3205,0.23132,0.00046044,0.109917,0.164876,0.0961776,0.151136,0.0961776,0.0824379,0.0961776,0.0686983,0.0549586,0.178616,0.0961776,0.0549586,0.041219,0.508367,0.261054,0.109917,0.041219,0.041219,0.0686983,0.0274793,0,0.0137397,0,0,0,0,0,0,0,0,0,0,0,0,0,0
65603,65621,65612,21.2,-105.345,40.3205,48.7526,-54.7274,517.794,2.13166,0.694781,52.2373,0.225556,0.000384067,0.152262,0.101508,0.152262,0.126885,0.101508,0.0888192,0.101508,0.0380654,0.101508,0.0253769,0.0507539,0.0380654,0.0634423,0.431408,0.342589,0.0888192,0.0126885,0.0380654,0.0380654,0.0126885,0.0126885,0.0126885,0,0,0,0,0,0,0,0,0,0,0,0,0,0
65622,65639,65630,21.1,-105.346,40.3206,49.4715,-54.7169,515.658,2.40966,0.666633,47.4102,0.213357,0.000320785,0.199146,0.179231,0.0796583,0.159317,0.0597438,0.119488,0.0995729,0.0597438,0.0398292,0.179231,0.0597438,0.0597438,0.0796583,0.677096,0.179231,0.0796583,0.0199146,0.0199146,0.0199146,0.0199146,0,0,0.0199146,0,0,0,0,0,0,0,0,0,0,0,0,0
65640,65657,65648,21,-105.348,40.3206,50.3333,-54.1456,514.461,2.42786,0.784464,60.5626,0.231607,0.000444839,0.172392,0.114928,0.158026,0.114928,0.129294,0.158026,0.0861962,0.0718302,0.114928,0.0718302,0.0430981,0.114928,0.0718302,0.416615,0.301687,0.129294,0.0430981,0.0287321,0.0287321,0.0287321,0.014366,0,0.014366,0,0,0,0,0,0,0,0,0,0,0,0,0
65658,65675,65666,20.9,-105.348,40.3205,51.1167,-53.6122,513.445,2.5366,0.803266,59.781,0.223267,0.000427118,0.358277,0.0143311,0.157642,0.12898,0.0429933,0.114649,0.114649,0.100318,0.0716554,0.0716554,0.0429933,0.0429933,0.0859865,0.558912,0.40127,0.114649,0.0143311,0.0286622,0.0143311,0.0143311,0.0143311,0.0286622,0,0,0,0,0,0,0,0,0,0,0,0,0,0
65676,65694,65685,20.8,-105.348,40.3203,51.9253,-53.6695,511.008,2.28151,0.753983,56.1744,0.223511,0.000433358,0.135804,0.190126,0.217287,0.0679021,0.122224,0.122224,0.0814825,0.0679021,0.0271608,0.0543216,0,0.0950629,0.0271608,0.502475,0.230867,0.149385,0.0814825,0.0543216,0.0407412,0.0135804,0,0,0,0,0,0,0,0,0,0,0,0,0,0,0,0
65695,65712,65704,20.7,-105.349,40.3207,52.7472,-54.3017,507.261,2.96461,0.904931,67.1088,0.222477,0.000486324,0.21587,0.187087,0.158305,0.158305,0.172696,0.129522,0.143913,0.0719566,0.129522,0.0287826,0.187087,0.100739,0.0863479,0.518088,0.359783,0.143913,0.0719566,0.0143913,0.043174,0.0143913,0.0143913,0,0.0143913,0,0,0,0,0,0,0,0,0,0,0,0,0
65713,65729,65721,20.6,-105.35,40.3215,53.5494,-54.5341,504.545,2.54477,0.842841,65.294,0.232407,0.000468559,0.198096,0.121905,0.182858,0.167619,0.0914288,0.121905,0.0609525,0.106667,0.0304763,0.121905,0,0,0.121905,0.594287,0.350477,0.121905,0.0457144,0.0152381,0.0304763,0.0152381,0.0152381,0.0152381,0.0152381,0,0,0,0,0,0,0,0,0,0,0,0,0
65730,65749,65740,20.5,-105.351,40.3224,54.3525,-55.035,501.252,2.94695,0.896188,65.9938,0.220915,0.000466021,0.129822,0.207715,0.18175,0.220697,0.077893,0.0649108,0.194732,0.129822,0.0519286,0.0519286,0.168768,0.0908751,0.0649108,0.714019,0.29859,0.142804,0.0519286,0.0389465,0.0259643,0.0129822,0,0,0.0259643,0,0,0,0,0,0,0,0,0,0,0,0,0
