data/B2SAP/Locations/Boulder/NOAA-POPS-B2SAP_GMLBalloon_20220311_R0.ict
61,1001
Thornberry, T. D.
NOAA Chemical Sciences Laboratory
Portable Optical Particle Spectrometer (POPS)
Balloon Baseline Stratospheric Aerosol Profiles (B2SAP)
1,1
2022,03,11,2024,05,30
0
TIME_START,s,Seconds since midnight UTC on flight start day,Start time of 100 m altitude bin in UTC_seconds_since_midnight
28
1.0,1.0,1.0,1.0,1.0,1.0,1.0,1.0,1.0,1.0,1.0,1.0,1.0,1.0,1.0,1.0,1.0,1.0,1.0,1.0,1.0,1.0,1.0,1.0,1.0,1.0,1.0,1.0
99999,99999,99999,99999,99999,99999,99999,99999,99999,99999,99999,99999,99999,99999,99999,99999,99999,99999,99999,99999,99999,99999,99999,99999,99999,99999,99999,99999
TIME_STOP,s,End time of 100 m altitude bin in UTC seconds since midnight,
TIME_MID,s,Mid time of 100 m altitude in UTC seconds since midnight,
GPSAlt,m,GPS reported altitude above sea level (m),
GPS_Lon,deg,GPS reported longitude,
GPS_Lat,deg,GPS reported latitude,
iMet_Pressure,mb,Pressure reported (mB),
iMet_Temperature,degrees C,Ambient temperature (oC),
THETA,K,Potential temperature from iMet,
Aerosol_concentration,cm^-3,Aerosol concentration,
Surface_Area_Conc,um^2 cm^-3,Surface area concentration,
Volume_density,um^3 cm^-3,Volume density,
Effective_radius,um,Effective radius,
Extinction,km^-1,Extinction,
Bin01,cm^-3,particle concentration in size range [140 - 170 nm],
Bin02,cm^-3,particle concentration in size range [170 - 205 nm],
Bin03,cm^-3,particle concentration in size range [205 - 249 nm],
Bin04,cm^-3,particle concentration in size range [249 - 302 nm],
Bin05,cm^-3,particle concentration in size range [302 - 366 nm],
Bin06,cm^-3,particle concentration in size range [366 - 443 nm],
Bin07,cm^-3,particle concentration in size range [443 - 537 nm],
Bin08,cm^-3,particle concentration in size range [537 - 651 nm],
Bin09,cm^-3,particle concentration in size range [651 - 789 nm],
Bin10,cm^-3,particle concentration in size range [789 - 956 nm],
Bin11,cm^-3,particle concentration in size range [956 - 1159 nm],
Bin12,cm^-3,particle concentration in size range [1159 - 1404 nm],
Bin13,cm^-3,particle concentration in size range [1404 - 1702 nm],
Bin14,cm^-3,particle concentration in size range [1702 - 2062 nm],
Bin15,cm^-3,particle concentration in size range [2062 - 2500 nm],
0
19
PI_CONTACT_INFO: 325 Broadway R/CSL6, Boulder, CO 80305; troy.thornberry@noaa.gov; 303-497-3373 
PLATFORM: GML ECC/FPH balloon
LOCATION: Boulder, CO, USA
ASSOCIATED_DATA: N/A
INSTRUMENT_INFO: Printed Optical Particle Spectrometer counts particles from 140 - 2500 nm in diameter 
DATA_INFO: Particle concentrations reported in number per cubic centimeter, binned to 100 m altitude
UNCERTAINTY: Counting uncertainty dominated by air flow, less than 5 percent
ULOD_FLAG: -77777
ULOD_VALUE: 3000 ~3000 per cm3 (varies depending on flow rate- manufacturer quotes 1250  per cm3 at 1.667 cc/s)
LLOD_FLAG: -88888
LLOD_VALUE: 0 0 (varies depending on data field and measurement precision)
DM_CONTACT_INFO: Troy Thornberry, 325 Broadway R/CSL6, Boulder, CO 80305; troy.thornberry@noaa.gov; 303-497-3373
PROJECT_INFO: B2SAP Boulder, CO, USA
STIPULATIONS_ON_USE: Please contact the PIs for questions regarding applications and uncertainties
OTHER_COMMENTS: POPS bin Edges (nm):  140, 170, 205, 249, 302, 366, 443, 537, 651, 789, 956, 1159, 1404, 1702, 2062, 2500
Calculations assume sulfate refractive index of 1.45+0.00j and extinction wavelength = 532 nm
REVISION: R0
R0: QA/QC data
TIME_START,TIME_STOP,TIME_MID,GPSAlt,GPS_Lon,GPS_Lat,iMet_Pressure,iMet_Temperature,THETA,Aerosol_concentration,Surface_Area_Conc,Volume_density,Effective_radius,Extinction,Bin01,Bin02,Bin03,Bin04,Bin05,Bin06,Bin07,Bin08,Bin09,Bin10,Bin11,Bin12,Bin13,Bin14,Bin15
[from data line 75]
64237,64258,64248,9.3,-105.041,39.5519,286.753,-52.0865,315.873,10.4795,1.64717,85.7514,0.156179,0.000479734,4.11924,2.75328,1.5794,0.981789,0.533581,0.213432,0.170746,0.0640297,0.0426865,0.0213432,0,0,0,0,0
64259,64283,64271,9.4,-105.04,39.541,281.822,-53.0487,316.062,8.2529,1.2138,73.8141,0.182437,0.000297032,3.94947,1.99336,0.87559,0.801072,0.409851,0.0931479,0.0558887,0.0372591,0,0.0186296,0,0,0.0186296,0,0
64284,64315,64300,9.5,-105.039,39.5272,277.659,-53.5853,316.64,11.7069,1.64188,80.1977,0.146535,0.000350163,5.16019,2.90171,1.72959,0.957708,0.571766,0.228706,0.0857649,0.0571766,0,0,0.0142941,0,0,0,0
64316,64343,64330,9.6,-105.039,39.5132,273.352,-54.3039,317.013,12.6911,1.82039,92.5648,0.152547,0.00041641,5.63021,3.26122,1.55369,1.0922,0.753772,0.215363,0.0922986,0.0461493,0.0307662,0,0,0.0153831,0,0,0
64346,64365,64356,9.7,-105.038,39.5011,269.019,-55.1245,317.266,14.1048,1.88181,80.4381,0.128235,0.000369052,6.10053,3.48293,2.31474,1.23309,0.670625,0.151432,0.0432662,0.0865323,0.0216331,0,0,0,0,0,0
64366,64379,64372,9.8,-105.038,39.4932,265.492,-55.1908,318.366,17.814,2.50903,113.731,0.135985,0.00056645,7.78735,4.34487,2.64035,1.33688,1.06951,0.401065,0.133688,0.0334221,0.0668442,0,0,0,0,0,0
64380,64394,64387,9.9,-105.038,39.487,261.188,-54.4871,320.899,20.6715,3.13133,146.699,0.140546,0.000773543,8.5976,4.59367,3.19694,2.1106,1.0553,0.682842,0.310383,0.0931148,0.0310383,0,0,0,0,0,0
64395,64409,64402,10,-105.037,39.4815,256.967,-53.834,323.355,24.2534,3.81756,186.327,0.146424,0.0010087,10.0409,5.06358,3.22228,3.07843,1.78376,0.546637,0.287704,0.115081,0.115081,0,0,0,0,0,0
64411,64426,64418,10.1,-105.037,39.4759,252.972,-53.8914,324.717,24.4369,3.95701,196.545,0.14901,0.00105928,9.14848,5.34173,4.14444,2.85506,1.65778,0.798189,0.214897,0.214897,0.0306996,0.0306996,0,0,0,0,0
64427,64440,64434,10.2,-105.036,39.4713,249.12,-53.8677,326.18,24.1699,4.28888,218.194,0.152623,0.00120636,8.1553,5.16283,3.32131,3.58439,2.23613,1.15095,0.427496,0.0657686,0.0328843,0.0328843,0,0,0,0,0
64441,64457,64449,10.3,-105.035,39.4671,245.206,-53.125,328.776,25.6366,4.70176,253.131,0.161512,0.00126377,7.1675,5.61051,4.83202,3.89246,2.44286,1.10063,0.402668,0.161067,0,0,0,0,0.0268446,0,0
64457,64484,64470,10.4,-105.032,39.4622,241.047,-51.9875,332.091,25.5615,4.92747,296.215,0.180345,0.00150186,7.69431,5.7023,3.86236,3.98401,2.50901,1.11005,0.364948,0.167268,0.121649,0,0,0,0.0456184,0,0
64485,64520,64502,10.5,-105.026,39.4553,237.321,-51.0009,335.056,26.9631,4.65145,236.335,0.152427,0.00132643,9.16047,5.86993,4.54408,3.60392,2.19369,0.831674,0.40981,0.301331,0.0241065,0.0241065,0,0,0,0,0
64521,64555,64538,10.6,-105.02,39.4476,233.959,-50.6257,336.996,24.9772,4.48324,252.292,0.168823,0.00133488,8.01634,5.79828,4.15885,3.54407,1.92874,0.904098,0.325475,0.15671,0.0602732,0.0602732,0.0120546,0.0120546,0,0,0
64556,64592,64574,10.7,-105.013,39.4409,230.479,-50.0711,339.29,24.6369,4.5131,247.633,0.16461,0.0013349,7.58599,5.52026,4.34152,3.48955,1.89066,1.08538,0.408476,0.245086,0.0350122,0.0116707,0,0.0233415,0,0,0
64593,64621,64607,10.8,-105.006,39.4352,226.838,-50.1192,340.759,20.6484,4.03453,225.934,0.168,0.00134881,5.92266,4.35299,3.65716,3.07461,2.11986,0.776743,0.339825,0.275096,0.0809107,0.0485464,0,0,0,0,0
64622,64648,64635,10.9,-105,39.4306,223.554,-50.1346,342.154,19.9607,3.72147,205.095,0.165333,0.00112703,5.97849,4.52032,3.40239,2.70571,2.00903,0.712882,0.356441,0.210624,0.0324037,0.0162019,0,0.0162019,0,0,0
64649,64667,64658,11,-104.994,39.4274,220.146,-50.3675,343.306,19.5447,3.79362,210.091,0.16614,0.00127058,5.97931,3.97742,3.00282,3.23989,1.9492,0.553152,0.47413,0.263406,0.0790217,0.0263406,0,0,0,0,0
64668,64680,64674,11.1,-104.99,39.4258,217.125,-50.8507,343.918,17.0198,3.35266,191.667,0.171506,0.0011886,5.13009,3.86266,2.86682,2.26328,1.32779,0.875133,0.241416,0.362124,0.060354,0.030177,0,0,0,0,0
64681,64702,64692,11.2,-104.985,39.4246,213.612,-51.358,344.733,16.6931,3.03034,173.234,0.171499,0.000960137,5.65652,4.01911,2.57308,1.97766,1.29717,0.616688,0.276447,0.170121,0.0850605,0,0.0212651,0,0,0,0
64703,64731,64717,11.3,-104.978,39.4227,210.183,-51.5839,345.974,16.4188,2.9958,157.066,0.157286,0.000910099,5.50815,3.18416,2.4598,2.71635,1.41854,0.648905,0.286726,0.0905449,0.105636,0,0,0,0,0,0
64732,64765,64748,11.4,-104.969,39.42,207.011,-51.7731,347.187,16.4615,2.94044,149.681,0.152713,0.000851016,5.42542,3.51991,2.48776,2.39513,1.48207,0.714568,0.264655,0.119095,0.052931,0,0,0,0,0,0
64766,64803,64784,11.5,-104.958,39.4164,203.633,-52.1681,348.205,16.9733,3.0557,162.111,0.159156,0.000871788,5.53168,3.61687,2.69492,2.44671,1.4893,0.803749,0.200937,0.153658,0.0118198,0.0118198,0.0118198,0,0,0,0
64804,64852,64828,11.6,-104.945,39.4118,200.438,-51.6804,350.551,16.3791,3.10941,182.733,0.176304,0.000991757,5.29779,3.52586,2.67138,2.27562,1.39415,0.611629,0.386766,0.09894,0.0899455,0,0.00899455,0.0179891,0,0,0
64853,64896,64874,11.7,-104.931,39.4063,197.414,-50.517,353.921,15.6582,2.88544,164.108,0.170623,0.000876458,4.95068,3.59674,2.47017,2.29447,1.2816,0.620127,0.22738,0.144696,0.0310064,0.0206709,0.0206709,0,0,0,0
64898,64930,64914,11.8,-104.922,39.4016,194.473,-49.8065,356.582,15.3375,2.78584,143.078,0.154077,0.000823094,4.6186,3.62311,2.29194,2.37296,1.3659,0.613498,0.231509,0.185207,0.0347263,0,0,0,0,0,0
64931,64956,64944,11.9,-104.915,39.3977,191.671,-49.9822,357.784,16.6961,3.16758,168.67,0.159746,0.000986371,5.16488,3.38604,2.57464,2.52782,1.77884,0.748985,0.280869,0.171642,0.0468116,0.0156039,0,0,0,0,0
64958,64981,64970,12,-104.908,39.394,188.855,-50.1848,358.971,15.8757,2.89325,152.666,0.158299,0.000897823,4.88616,3.84035,2.52023,2.14305,1.32012,0.668632,0.257166,0.1543,0.0857221,0,0,0,0,0,0
64982,65003,64992,12.1,-104.902,39.3908,185.959,-50.5756,359.922,15.5381,2.80949,142.21,0.151854,0.000808459,4.94702,3.19307,2.49599,2.42854,1.3267,0.697079,0.292324,0.134919,0.0224864,0,0,0,0,0,0
65007,65033,65020,12.2,-104.895,39.3873,182.561,-50.4844,361.979,15.7395,3.00724,170.509,0.170099,0.000924502,4.47122,3.80956,2.50629,2.22558,1.54387,0.721811,0.200503,0.200503,0.0401006,0,0,0.0200503,0,0,0
65034,65056,65045,12.3,-104.889,39.3843,180.114,-50.4214,363.481,16.0085,3.12378,167.381,0.160748,0.00100844,4.65553,3.34871,2.6953,2.13991,1.8132,0.767753,0.326704,0.212357,0.0490055,0,0,0,0,0,0
65057,65087,65072,12.4,-104.882,39.3805,177.1,-49.2554,367.146,15.1232,2.98181,170.154,0.171192,0.000974349,4.53846,3.01569,2.34388,2.59767,1.41827,0.656882,0.283654,0.17915,0.0746457,0,0.0149291,0,0,0,0
65088,65117,65102,12.5,-104.876,39.3774,174.738,-49.1007,368.807,15.0898,3.17556,189.191,0.178732,0.00114877,4.07318,3.28713,2.45344,2.33434,1.42919,0.833692,0.297747,0.273927,0.0833692,0.0119099,0.0119099,0,0,0,0
65118,65150,65134,12.6,-104.868,39.3744,171.974,-49.1643,370.396,15.3807,3.42765,210.415,0.184163,0.00128637,4.06644,2.59535,2.63123,2.79867,1.68638,0.849169,0.370764,0.239203,0.0956811,0.0358804,0.0119601,0,0,0,0
65151,65193,65172,12.7,-104.858,39.3707,169.263,-49.8531,370.934,14.8413,3.19118,182.054,0.171147,0.00113105,3.58416,3.0177,2.43064,2.65722,1.59639,0.834244,0.473768,0.15449,0.0720951,0.0205986,0,0,0,0,0
65194,65234,65214,12.8,-104.848,39.3665,166.765,-49.7963,372.605,14.6323,2.95046,165.893,0.168678,0.00101786,4.06558,2.96626,2.5019,2.46399,1.42153,0.540182,0.379075,0.208491,0.0663382,0.0189538,0,0,0,0,0
65236,65270,65253,12.9,-104.838,39.3626,164.177,-49.4613,374.831,14.4961,2.85815,150.769,0.158252,0.000893727,3.78577,3.21071,2.22833,2.51586,1.47357,0.754757,0.335448,0.167724,0.0239605,0,0,0,0,0,0
65271,65301,65286,13,-104.831,39.3598,161.65,-49.3907,376.626,14.3903,2.97967,168.936,0.170088,0.00104709,3.89071,2.81144,2.45168,2.5716,1.25249,0.79946,0.266487,0.266487,0.0666217,0.0133243,0,0,0,0,0
65302,65331,65316,13.1,-104.824,39.3574,159.206,-49.8215,377.536,13.5746,3.0359,192.469,0.190193,0.00116349,3.55327,2.72047,2.37347,1.98483,1.41575,0.818917,0.374758,0.222079,0.0416398,0.0555198,0,0.0138799,0,0,0
65332,65358,65345,13.2,-104.817,39.3558,156.766,-50.426,378.174,13.2576,2.94181,179.885,0.183443,0.00110178,3.28186,2.71802,2.32766,2.06743,1.4313,0.693962,0.361439,0.289151,0.0722877,0,0,0.0144575,0,0,0
65359,65385,65372,13.3,-104.81,39.3539,154.435,-50.63,379.451,14.1015,3.01135,187.739,0.187032,0.00113085,4.16258,2.63932,2.39801,2.12654,1.44785,0.693763,0.271473,0.196064,0.120655,0.0301636,0.0150818,0,0,0,0
65386,65413,65400,13.4,-104.804,39.3521,152.17,-50.9441,380.524,12.6644,2.72862,172.549,0.18971,0.000983586,3.64135,2.44988,2.04826,1.901,1.40567,0.615816,0.321295,0.187422,0.0535492,0.0133873,0.0133873,0.0133873,0,0,0
65414,65443,65428,13.5,-104.797,39.3507,149.687,-50.7856,382.585,13.4999,2.7582,162.089,0.176299,0.000928847,3.57234,2.8766,2.47521,2.03369,1.37809,0.602079,0.307729,0.200693,0.0133795,0.0267591,0,0.0133795,0,0,0
65444,65468,65456,13.6,-104.789,39.3495,147.475,-51.4165,383.12,13.3528,2.88731,168.81,0.175399,0.000984927,3.31298,2.75802,1.81625,2.42167,1.73217,0.706321,0.386795,0.168172,0.0336343,0,0.0168172,0,0,0,0
65469,65493,65481,13.7,-104.782,39.3483,145.1,-52.2196,383.517,13.0065,2.91018,173.066,0.178407,0.00111816,3.33141,2.43793,2.10606,2.19541,1.48063,0.740313,0.357393,0.242516,0.102112,0.012764,0,0,0,0,0
65494,65522,65508,13.8,-104.773,39.3469,142.7,-52.6957,384.517,13.0308,2.89124,169.916,0.176308,0.00108904,3.19177,2.70607,2.0122,2.17873,1.45711,0.791004,0.374686,0.222036,0.0832636,0.0138773,0,0,0,0,0
65523,65552,65538,13.9,-104.765,39.3453,140.608,-52.9186,385.748,12.572,2.62222,151.604,0.173445,0.0008777,3.18582,2.38651,2.318,2.21523,1.34741,0.61661,0.296886,0.114187,0.0799309,0,0,0.0114187,0,0,0
65554,65581,65568,14,-104.755,39.3432,138.522,-52.5714,388.009,11.7889,2.53123,140.691,0.166746,0.000873808,2.74974,2.32436,2.05091,2.03572,1.39766,0.683637,0.334222,0.167111,0.0455758,0,0,0,0,0,0
65582,65609,65596,14.1,-104.746,39.3408,136.394,-52.8107,389.314,12.0365,2.73937,166.23,0.182046,0.00106875,2.90536,2.27685,2.09897,2.02782,1.36374,0.6878,0.320183,0.260889,0.0592931,0.0355758,0,0,0,0,0
65610,65638,65624,14.2,-104.738,39.3386,134.295,-52.7919,391.071,12.7974,2.70415,152.161,0.168809,0.000929245,2.94095,2.55949,2.37491,2.3626,1.34127,0.676787,0.332241,0.110747,0.0861365,0.0123052,0,0,0,0,0
65639,65667,65653,14.3,-104.729,39.3363,132.204,-52.9414,392.557,12.0603,2.67379,157.822,0.177077,0.00100385,2.76643,2.34346,2.37776,1.97765,1.30319,0.651597,0.308651,0.251494,0.0571577,0.0228631,0,0,0,0,0
65668,65695,65682,14.4,-104.72,39.3342,130.038,-52.9496,394.411,11.6262,2.5543,146.295,0.171822,0.000935865,2.45537,2.54131,2.18528,1.95202,1.22768,0.613842,0.343752,0.257814,0.0491074,0,0,0,0,0,0
65696,65722,65709,14.5,-104.712,39.3323,128.175,-52.0204,397.708,11.9491,2.60906,145.722,0.167557,0.000914481,2.525,2.56326,2.05316,2.14243,1.33902,0.714142,0.369823,0.216793,0.0255051,0,0,0,0,0,0
65725,65751,65738,14.6,-104.703,39.3299,126.11,-51.8436,399.872,11.5728,2.39999,131.105,0.163882,0.000799429,2.8009,2.25345,2.17706,2.10067,1.04397,0.687494,0.356478,0.101851,0.0509255,0,0,0,0,0,0
65752,65776,65764,14.7,-104.694,39.3278,124.277,-51.623,401.949,11.5993,2.89012,244.74,0.254045,0.00118912,2.65442,2.32262,1.96316,2.01847,1.10601,0.870981,0.400928,0.138251,0.0691255,0.0414753,0,0,0,0,0.0138251
65777,65801,65789,14.8,-104.687,39.3258,122.275,-51.5844,403.895,10.6076,2.38474,143.757,0.180846,0.000906531,2.31208,2.22316,1.99449,1.61338,1.38471,0.533558,0.292186,0.152445,0.0635188,0.0381113,0,0,0,0,0
65802,65825,65814,14.9,-104.679,39.3241,120.391,-52.0145,404.898,10.4628,2.27255,128.526,0.169667,0.000810772,2.49644,2.08301,1.73319,1.8286,1.19256,0.651935,0.19081,0.254414,0.0318017,0,0,0,0,0,0
65826,65848,65837,15,-104.673,39.3227,118.677,-52.377,405.89,10.4426,2.31539,146.004,0.189174,0.000880857,2.70425,1.87217,1.98312,1.88604,1.01236,0.388302,0.249623,0.263491,0.0554718,0.0138679,0,0.0138679,0,0,0
65851,65875,65863,15.1,-104.665,39.3214,116.684,-52.6362,407.391,10.35,2.24337,125.968,0.168454,0.000793038,2.38436,1.93146,1.94478,1.91814,1.07896,0.546138,0.30637,0.213127,0.0266409,0,0,0,0,0,0
65876,65901,65888,15.2,-104.658,39.3203,114.892,-52.6119,409.236,11.0496,2.45784,144.134,0.175928,0.000921704,2.67608,1.93615,2.15813,1.88682,1.14689,0.641272,0.320636,0.209646,0.0616607,0.0123321,0,0,0,0,0
65902,65915,65908,15.3,-104.653,39.3195,113.512,-52.4036,411.033,10.9925,2.52869,140.839,0.16709,0.000881135,2.30821,1.78258,1.82828,2.19394,1.43977,0.868434,0.457071,0.0914141,0.0228535,0,0,0,0,0,0
65928,65951,65940,15.4,-104.644,39.3188,111.273,-52.883,412.493,10.372,2.20807,121.225,0.164703,0.000743139,2.33689,1.98476,1.95275,1.79269,1.3125,0.544208,0.256098,0.160061,0.0320123,0,0,0,0,0,0
65952,65977,65964,15.5,-104.637,39.3184,109.632,-53.1688,413.705,10.2557,2.28674,131.29,0.172241,0.000823247,2.23621,2.08199,1.73499,1.86351,1.07955,0.771108,0.295591,0.14137,0.0385554,0.0128518,0,0,0,0,0
65983,66004,65994,15.6,-104.629,39.3171,107.65,-53.1971,415.806,10.0052,2.4713,167.614,0.203473,0.0010085,2.06529,2.06529,1.83582,1.72108,0.917908,0.757274,0.321268,0.206529,0.0688431,0.0229477,0,0.0229477,0,0,0
66005,66031,66018,15.7,-104.623,39.3157,106.253,-52.9778,417.791,10.1972,2.29487,131.608,0.172047,0.000833316,2.04659,2.22507,1.72532,1.84431,1.10659,0.630635,0.48785,0.0832914,0.0356963,0.0118988,0,0,0,0,0
66032,66062,66047,15.8,-104.614,39.3143,104.634,-52.6819,420.185,10.5564,2.62045,174.301,0.199548,0.00111427,2.29306,1.89023,2.04516,1.79727,1.16719,0.640405,0.299544,0.309873,0.0516456,0.0516456,0.0103291,0,0,0,0
66063,66092,66078,15.9,-104.606,39.3125,103.051,-52.28,422.784,10.097,2.33399,136.072,0.174901,0.000870734,2.17737,1.7611,1.70774,1.94255,1.37686,0.544341,0.330874,0.213467,0.0320201,0.0106734,0,0,0,0,0
66093,66119,66106,16,-104.598,39.3111,101.411,-52.1581,424.971,9.86844,2.38775,145.331,0.182596,0.000952407,1.89323,1.69207,2.03522,1.72757,1.27793,0.638964,0.283984,0.224821,0.0828286,0.0118327,0,0,0,0,0
66120,66144,66132,16.1,-104.591,39.3102,99.9274,-52.7942,425.53,9.41344,2.2071,129.079,0.175451,0.000833221,1.687,1.78822,1.82196,1.83883,1.1809,0.522969,0.337399,0.1687,0.0674798,0,0,0,0,0,0
66145,66170,66158,16.2,-104.584,39.3097,98.3212,-52.9519,427.195,9.84553,2.4184,144.608,0.179384,0.000948672,1.98389,1.61422,1.67583,1.87299,1.2692,0.776306,0.394314,0.221802,0.0246446,0.0123223,0,0,0,0,0
66171,66195,66183,16.3,-104.576,39.3088,96.722,-53.0192,429.08,9.28233,2.19965,134.76,0.183793,0.000822551,1.83594,1.79033,1.60787,1.65349,1.31138,0.547361,0.285084,0.20526,0.03421,0,0,0.0114033,0,0,0
66196,66218,66207,16.4,-104.569,39.3073,95.3748,-52.6935,431.433,9.21036,2.23175,137.355,0.184638,0.000913953,1.91882,1.6341,1.79503,1.54744,1.11416,0.569458,0.297108,0.25997,0.0618976,0.0123795,0,0,0,0,0
66219,66249,66234,16.5,-104.562,39.3051,93.7519,-52.4604,434.013,8.74084,2.00312,116.163,0.173973,0.000749834,1.99352,1.56634,1.48967,1.48967,1.16106,0.547671,0.273836,0.175255,0.0438137,0,0,0,0,0,0
66250,66283,66266,16.6,-104.554,39.3026,92.2576,-52.0891,436.749,8.63734,1.98513,115.67,0.174805,0.000750356,1.59472,1.79298,1.6723,1.59472,1.02579,0.396525,0.318944,0.198262,0.0431005,0,0,0,0,0,0
66284,66311,66298,16.7,-104.547,39.3002,90.8741,-51.6926,439.418,8.51825,2.00048,117.053,0.175537,0.00075826,1.82985,1.32506,1.63003,1.61952,1.0306,0.578399,0.294458,0.157745,0.0525818,0,0,0,0,0,0
66312,66324,66318,16.8,-104.543,39.2987,89.6777,-51.5792,441.308,8.40278,2.16832,135.065,0.18687,0.000933102,1.50987,1.53176,1.64117,1.44423,0.897172,0.612703,0.437645,0.284469,0.0437645,0,0,0,0,0,0
66325,66345,66335,16.9,-104.539,39.2986,88.0108,-51.4475,443.952,8.48825,1.98121,115.398,0.174738,0.000728575,1.70238,1.72602,1.30043,1.44229,1.25314,0.56746,0.378307,0.0945766,0,0.0236442,0,0,0,0,0
66346,66367,66356,17,-104.536,39.2989,86.795,-51.6082,445.391,8.2753,1.92144,111.521,0.174121,0.0007156,1.8074,1.4201,1.36846,1.60084,1.04571,0.593859,0.24529,0.14201,0.0516399,0,0,0,0,0,0
