data/B2SAP/Locations/Boulder/NOAA-POPS-B2SAP_GMLBalloon_20210104_R0.ict
61,1001
Thornberry, T. D.
NOAA Chemical Sciences Laboratory
Portable Optical Particle Spectrometer (POPS)
Balloon Baseline Stratospheric Aerosol Profiles (B2SAP)
1,1
2021,01,04,2024,05,30
0
TIME_START,s,Seconds since midnight UTC on flight start day,Start time of 100 m altitude bin in UTC_seconds_since_midnight
28
1.0,1.0,1.0,1.0,1.0,1.0,1.0,1.0,1.0,1.0,1.0,1.0,1.0,1.0,1.0,1.0,1.0,1.0,1.0,1.0,1.0,1.0,1.0,1.0,1.0,1.0,1.0,1.0
99999,99999,99999,99999,99999,99999,99999,99999,99999,99999,99999,99999,99999,99999,99999,99999,99999,99999,99999,99999,99999,99999,99999,99999,99999,99999,99999,99999
TIME_STOP,s,End time of 100 m altitude bin in UTC seconds since midnight,
TIME_MID,s,Mid time of 100 m altitude in UTC seconds since midnight,
GPSAlt,m,GPS reported altitude above sea level (m),
GPS_Lon,deg,GPS reported longitude,
GPS_Lat,deg,GPS reported latitude,
iMet_Pressure,mb,Pressure reported (mB),
iMet_Temperature,degrees C,Ambient temperature (oC),
THETA,K,Potential temperature from iMet,
Aerosol_concentration,cm^-3,Aerosol concentration,
Surface_Area_Conc,um^2 cm^-3,Surface area concentration,
Volume_density,um^3 cm^-3,Volume density,
Effective_radius,um,Effective radius,
Extinction,km^-1,Extinction,
Bin01,cm^-3,particle concentration in size range [140 - 170 nm],
Bin02,cm^-3,particle concentration in size range [170 - 205 nm],
Bin03,cm^-3,particle concentration in size range [205 - 249 nm],
Bin04,cm^-3,particle concentration in size range [249 - 302 nm],
Bin05,cm^-3,particle concentration in size range [302 - 366 nm],
Bin06,cm^-3,particle concentration in size range [366 - 443 nm],
Bin07,cm^-3,particle concentration in size range [443 - 537 nm],
Bin08,cm^-3,particle concentration in size range [537 - 651 nm],
Bin09,cm^-3,particle concentration in size range [651 - 789 nm],
Bin10,cm^-3,particle concentration in size range [789 - 956 nm],
Bin11,cm^-3,particle concentration in size range [956 - 1159 nm],
Bin12,cm^-3,particle concentration in size range [1159 - 1404 nm],
Bin13,cm^-3,particle concentration in size range [1404 - 1702 nm],
Bin14,cm^-3,particle concentration in size range [1702 - 2062 nm],
Bin15,cm^-3,particle concentration in size range [2062 - 2500 nm],
0
19
PI_CONTACT_INFO: 325 Broadway R/CSL6, Boulder, CO 80305; troy.thornberry@noaa.gov; 303-497-3373 
PLATFORM: GML ECC/FPH balloon
LOCATION: Boulder, CO, USA
ASSOCIATED_DATA: N/A
INSTRUMENT_INFO: Printed Optical Particle Spectrometer counts particles from 140 - 2500 nm in diameter 
DATA_INFO: Particle concentrations reported in number per cubic centimeter, binned to 100 m altitude
UNCERTAINTY: Counting uncertainty dominated by air flow, less than 5 percent
ULOD_FLAG: -77777
ULOD_VALUE: 3000 ~3000 per cm3 (varies depending on flow rate- manufacturer quotes 1250  per cm3 at 1.667 cc/s)
LLOD_FLAG: -88888
LLOD_VALUE: 0 0 (varies depending on data field and measurement precision)
DM_CONTACT_INFO: Troy Thornberry, 325 Broadway R/CSL6, Boulder, CO 80305; troy.thornberry@noaa.gov; 303-497-3373
PROJECT_INFO: B2SAP Boulder, CO, USA
STIPULATIONS_ON_USE: Please contact the PIs for questions regarding applications and uncertainties
OTHER_COMMENTS: POPS bin Edges (nm):  140, 170, 205, 249, 302, 366, 443, 537, 651, 789, 956, 1159, 1404, 1702, 2062, 2500
Calculations assume sulfate refractive index of 1.45+0.00j and extinction wavelength = 532 nm
REVISION: R0
R0: QA/QC data
TIME_START,TIME_STOP,TIME_MID,GPSAlt,GPS_Lon,GPS_Lat,iMet_Pressure,iMet_Temperature,THETA,Aerosol_concentration,Surface_Area_Conc,Volume_density,Effective_radius,Extinction,Bin01,Bin02,Bin03,Bin04,Bin05,Bin06,Bin07,Bin08,Bin09,Bin10,Bin11,Bin12,Bin13,Bin14,Bin15
[from data line 467]
71560,71600,71580,6.7,-102.649,39.0339,434.308,-23.8363,316.394,31.8821,6.76278,542.229,0.240535,0.00249051,10.4719,7.07719,5.15156,3.35497,2.82889,1.31022,1.21096,0.277926,0.0794075,0.0297778,0.0198519,0.0297778,0.00992594,0.00992594,0.0198519
71601,71639,71620,6.6,-102.639,39.028,440.334,-23.1487,316.023,31.5225,6.46711,494.448,0.229367,0.00233207,10.9479,6.68598,5.16599,3.01018,2.88103,1.26169,1.13254,0.23843,0.0894113,0.0397384,0.00993459,0.0198692,0.0198692,0,0.0198692
71640,71678,71659,6.5,-102.63,39.0226,446.374,-22.0477,316.184,30.394,6.22968,403.063,0.194101,0.00226285,10.4781,6.23109,4.7189,2.97076,2.74554,1.45857,1.3835,0.289569,0.0536239,0.0214495,0,0.0107248,0.0214495,0.0107248,0
71679,71716,71698,6.4,-102.621,39.0175,452.363,-21.2058,316.041,30.0325,6.26208,390.851,0.187246,0.002321,9.86887,6.3888,4.45657,3.1892,2.89833,1.57902,1.06999,0.36359,0.155824,0.0103883,0.0311649,0.0207766,0,0,0
71719,71755,71737,6.3,-102.612,39.0125,458.547,-20.258,315.993,29.8069,5.96374,412.499,0.207504,0.0020634,9.95688,6.39706,4.9625,3.23041,2.77347,1.1689,0.892613,0.276285,0.0425054,0.0425054,0.0212527,0.0106263,0.0106263,0.0212527,0
71755,71789,71772,6.2,-102.603,39.0076,464.939,-19.4577,315.743,30.2558,5.55114,305.3,0.164993,0.00179779,10.5108,6.76757,5.0323,2.6277,2.92518,1.15272,0.904822,0.198317,0.0991586,0.0247896,0.0123948,0,0,0,0
71791,71823,71807,6.1,-102.596,39.0031,471.083,-18.6215,315.6,27.6627,5.29263,288.004,0.163248,0.00179728,8.8916,6.29821,4.81628,2.36012,2.66199,1.24867,1.0154,0.288154,0.0823296,0,0,0,0,0,0
71824,71855,71840,6,-102.588,38.9987,477.575,-17.9233,315.233,26.6494,5.29766,319.798,0.181098,0.00185163,9.08257,5.3851,4.41855,2.6542,2.59283,1.18135,0.92053,0.306843,0.0306843,0.0460265,0,0.0153422,0.0153422,0,0
71859,71888,71874,5.9,-102.582,38.9946,484.162,-16.882,315.285,26.7252,5.44785,374.05,0.20598,0.00190944,8.60442,5.75099,4.75082,2.63281,2.60339,1.14726,0.823671,0.264751,0.0588336,0.0294168,0.0147084,0,0.0294168,0.0147084,0
71888,71921,71904,5.8,-102.575,38.9902,490.445,-15.9464,315.267,27.4136,5.13315,282.766,0.165259,0.00165562,8.82321,6.42403,4.65414,2.51717,2.71383,1.04882,0.957049,0.209764,0.0262205,0.0262205,0,0.0131103,0,0,0
71926,71959,71942,5.7,-102.567,38.9854,497.386,-15.4418,314.618,28.0324,5.84032,383.154,0.196815,0.00205827,8.96303,5.84592,4.75655,3.08475,2.5886,1.38059,0.895224,0.355933,0.0755008,0,0.0215717,0.0431433,0.0215717,0,0
71960,71997,71978,5.6,-102.559,38.98,504.68,-14.9378,313.928,36.4263,7.50925,481.672,0.192431,0.00260896,11.407,7.78977,6.21913,3.83936,3.66484,1.63411,1.38027,0.269707,0.126921,0,0.0475954,0,0.0475954,0,0
71997,72035,72016,5.5,-102.552,38.9753,510.393,-14.4221,313.546,38.725,7.74784,445.408,0.172464,0.00266826,11.5866,8.57119,6.49466,4.24141,4.27455,1.70098,1.3144,0.364496,0.0994081,0.0552267,0.0110453,0.0110453,0,0,0
72036,72068,72052,5.4,-102.546,38.97,516.95,-13.9293,313.002,42.669,8.92891,627.843,0.210947,0.00319629,12.7869,9.70037,7.30677,4.59823,4.11951,1.86449,1.65032,0.466122,0.0755873,0.0125979,0.0377936,0.0251958,0,0.0125979,0.0125979
72070,72102,72086,5.3,-102.541,38.9645,523.804,-13.6581,312.151,49.0976,10.4967,764.617,0.218531,0.00384594,14.6928,10.0516,8.85078,5.34285,5.15396,2.32063,1.96984,0.512698,0.121428,0.0269841,0,0.013492,0,0.013492,0.0269841
72104,72136,72120,5.2,-102.536,38.9586,530.908,-13.3041,311.37,58.8902,12.4544,848.642,0.20442,0.00437291,18.0476,12.3834,10.0097,6.24193,6.15402,3.00165,2.37369,0.401895,0.0753553,0.0502369,0.0376777,0.0502369,0.0502369,0,0.0125592
72137,72170,72154,5.1,-102.531,38.9531,537.984,-12.3548,311.33,61.2787,13.3611,915.676,0.205598,0.00504689,17.6228,13.261,10.6414,6.8937,6.12913,2.97056,2.78255,0.56403,0.238146,0.075204,0.037602,0.025068,0.012534,0.012534,0.012534
72170,72201,72186,5,-102.526,38.9481,544.79,-11.6911,311.006,69.9394,15.1483,1115.55,0.220925,0.00546884,20.0916,15.2722,12.3004,7.63609,7.75238,3.21724,2.59705,0.775238,0.0775238,0.0516825,0.0258413,0.0775238,0.0129206,0.0258413,0.0258413
72202,72230,72216,4.9,-102.52,38.9431,552.195,-10.6938,310.99,67.0142,13.5291,807.333,0.179022,0.0047075,20.2378,14.4849,11.8139,6.52335,7.48217,3.20175,2.39703,0.599258,0.171217,0.0684867,0,0.0171217,0,0.0171217,0
72231,72259,72245,4.8,-102.515,38.9383,559.737,-10.0125,310.589,51.7749,10.4916,640.65,0.183189,0.00366039,16.2912,11.047,8.57809,5.71272,5.20813,2.52297,1.65795,0.468551,0.108127,0.108127,0.0180212,0.0360424,0.0180212,0,0
72260,72286,72273,4.7,-102.509,38.934,566.456,-9.7664,309.825,38.5237,7.42873,420.556,0.169836,0.00243777,11.8413,9.05681,6.57372,3.68875,3.90404,1.73672,1.30613,0.301415,0.0574124,0.0287062,0.0143531,0,0.0143531,0,0
72289,72315,72302,4.6,-102.504,38.9295,573.908,-9.72043,308.722,34.6413,6.82833,392.67,0.172518,0.00239884,10.9666,7.57778,5.89906,3.78104,3.20055,1.34925,1.38063,0.31378,0.109823,0.0470669,0.015689,0,0,0,0
72316,72342,72329,4.5,-102.499,38.9253,581.373,-9.07913,308.331,36.0383,7.59329,576.929,0.227936,0.00275529,11.2688,8.17845,5.99337,3.54296,3.76146,1.54517,1.17058,0.374586,0.0780387,0.0468232,0,0.0312155,0.0156077,0.0156077,0.0156077
72343,72371,72357,4.4,-102.494,38.921,589.087,-8.4025,307.963,41.5143,8.59293,543.962,0.18991,0.00306503,12.9146,8.80335,7.31379,4.4985,3.75371,1.96623,1.63853,0.372392,0.134061,0.0297914,0.0446871,0.0148957,0.0297914,0,0
72372,72404,72388,4.3,-102.489,38.9162,597.131,-8.17333,307.036,28.1778,6.08507,476.565,0.234951,0.00230333,9.11011,6.01161,4.76692,2.82043,2.70125,1.16525,1.01959,0.423726,0.0794486,0.0132414,0,0.0132414,0.0264829,0.0132414,0.0132414
72405,72438,72422,4.2,-102.484,38.9119,604.921,-8.9872,304.96,12.2164,2.23676,121.096,0.162418,0.00075549,4.55599,2.70197,1.72466,1.07792,1.14978,0.373677,0.474283,0.114978,0.0431166,0,0,0,0,0,0
72439,72477,72458,4.1,-102.48,38.9082,612.879,-10.3412,302.269,12.9053,2.6078,179.068,0.205999,0.00105623,5.46691,2.72813,1.55589,0.937794,0.905824,0.468897,0.543494,0.159851,0.0639405,0.042627,0.0213135,0.0106568,0,0,0
72478,72511,72494,4,-102.476,38.9043,620.582,-9.51107,302.143,14.4633,2.83484,231.602,0.245095,0.00105897,5.69767,3.27423,2.06251,1.32774,0.876565,0.502736,0.451173,0.180469,0.038672,0.0257813,0.0128907,0,0,0,0.0128907
72515,72548,72532,3.9,-102.471,38.9006,629.184,-8.57083,302.026,16.439,2.84834,151.3,0.159356,0.000915247,6.47004,3.55927,2.65437,1.20653,1.37243,0.437368,0.512777,0.196062,0.0150817,0.0150817,0,0,0,0,0
72549,72582,72566,3.8,-102.468,38.8977,637.207,-7.90652,301.694,18.872,3.70554,267.251,0.216366,0.0013772,7.94118,3.78374,2.3045,1.60381,1.57267,0.700693,0.591696,0.249135,0.0778548,0,0.0311419,0,0,0.015571,0
72582,72615,72598,3.7,-102.464,38.8951,645.149,-7.21926,301.409,22.8039,4.22336,255.351,0.181385,0.00147139,9.26946,4.97804,2.89175,1.99386,1.78259,0.673422,0.805466,0.316905,0.0528174,0,0.0264087,0.0132044,0,0,0
72617,72650,72634,3.6,-102.461,38.8924,653.687,-6.3948,301.203,27.1235,4.94575,313.451,0.190133,0.00157704,10.9238,5.81933,3.87479,2.2591,2.2305,0.957973,0.714905,0.22877,0.0285962,0.0142981,0.0285962,0,0.0428943,0,0
72651,72684,72668,3.5,-102.459,38.8897,662.225,-5.7064,300.867,29.1893,5.61695,431.399,0.230409,0.00197613,11.7528,6.66898,3.92713,2.54192,1.95642,0.999633,0.842547,0.31417,0.0714023,0.0142805,0.0285609,0.0571219,0,0,0.0142805
72686,72717,72702,3.4,-102.457,38.8871,670.934,-5.11536,300.412,24.6009,4.37843,273.493,0.187391,0.00150773,9.99255,5.74445,3.55065,1.63584,1.78801,0.735492,0.811578,0.240937,0.0507236,0.0380427,0,0,0,0.0126809,0
72718,72749,72734,3.3,-102.454,38.8846,679.644,-4.54115,299.941,22.9052,4.18209,258.842,0.185679,0.00138903,9.09391,5.46726,2.86315,1.94967,1.67699,0.858945,0.668069,0.218145,0.0409022,0.0136341,0.0272681,0.0272681,0,0,0
72750,72780,72765,3.2,-102.452,38.8823,687.873,-3.83231,299.702,20.9829,3.60445,201.239,0.167492,0.00117499,8.66004,4.71128,2.87306,1.78375,1.5795,0.476574,0.585506,0.204246,0.0816985,0.0136164,0.0136164,0,0,0,0
72781,72810,72796,3.1,-102.449,38.8798,696.748,-3.23087,299.277,20.6627,3.39207,176.658,0.156239,0.00103203,8.83562,4.78018,2.59055,1.48031,1.57283,0.632217,0.616797,0.0925196,0.0308399,0.0308399,0,0,0,0,0
72811,72838,72824,3,-102.447,38.8775,705.245,-2.61962,298.917,20.5197,3.49934,198.924,0.170538,0.00109622,8.6191,4.684,2.77772,1.56587,1.42971,0.544651,0.667197,0.190628,0,0.0136163,0.0136163,0.0136163,0,0,0
72839,72867,72853,2.9,-102.445,38.8756,714.483,-2.115,298.359,16.0923,2.57622,141.247,0.164481,0.000750686,7.59476,3.47357,1.7466,1.13823,1.13823,0.470993,0.33362,0.176622,0,0,0,0.0196247,0,0,0
72868,72894,72881,2.8,-102.443,38.8738,722.901,-1.4095,298.139,14.5078,2.67223,236.797,0.265842,0.000910763,6.32073,3.2396,1.83108,1.21485,0.933145,0.422556,0.369737,0.105639,0.035213,0,0.0176065,0,0,0,0.0176065
72901,72932,72916,2.7,-102.441,38.8715,732.382,-0.8776,297.616,17.066,2.99812,237.966,0.238115,0.00106704,7.32406,4.25948,2.27735,1.30737,0.885635,0.323327,0.421731,0.126519,0.0702885,0.0562308,0,0,0,0,0.0140577
72933,72959,72946,2.6,-102.44,38.8696,741.478,-0.29375,297.197,19.042,2.5245,116.951,0.13898,0.000508151,8.87352,4.92973,2.69296,1.17725,0.750497,0.353175,0.176587,0.0735781,0,0,0,0.0147156,0,0,0
72966,72986,72976,2.5,-102.439,38.8678,751.539,0.641364,297.071,20.4872,2.90047,183.827,0.190135,0.000719249,9.5776,5.62922,2.71154,1.07827,0.824562,0.269568,0.269568,0.0792848,0,0.015857,0.015857,0,0,0.015857,0
72987,73013,73000,2.4,-102.438,38.8668,760.069,1.39769,296.936,19.902,2.80877,197.039,0.210454,0.00070816,9.85726,5.25006,2.38396,0.883939,0.883939,0.375005,0.13393,0.0803581,0.026786,0,0,0,0,0.026786,0
73014,73051,73032,2.3,-102.436,38.8653,770.011,2.3625,296.876,19.4658,2.58151,128.604,0.149453,0.000528882,9.49341,4.9209,2.39513,1.37175,0.740312,0.239513,0.195965,0.0870955,0,0,0,0,0.0217739,0,0
73052,73077,73064,2.2,-102.434,38.864,779.567,3.06611,296.581,20.1791,2.41576,97.199,0.120706,0.000421946,10.0703,5.45955,2.52721,1.09963,0.617335,0.154334,0.173625,0.0578751,0.0192917,0,0,0,0,0,0
73090,73119,73104,2.1,-102.431,38.8634,789.267,1.83083,294.217,57.678,7.20205,395.919,0.164919,0.0012888,25.6379,18.3918,8.20645,3.2884,1.45505,0.349211,0.145505,0.0582018,0.0291009,0.0582018,0,0,0.0291009,0.0291009,0
73120,73146,73133,2,-102.429,38.8639,799.386,2.15917,293.501,64.1062,7.18714,280.585,0.11712,0.000869881,27.6697,22.8056,9.05817,3.11648,1.01941,0.29126,0.029126,0.029126,0.029126,0.029126,0,0.029126,0,0,0
73148,73164,73156,1.9,-102.428,38.8642,808.389,2.902,293.349,67.5511,7.54658,312.653,0.124289,0.000977021,31.2689,22.9445,9.11719,2.47167,1.28247,0.209859,0.0932705,0.0466352,0.0466352,0.0233176,0,0.0233176,0.0233176,0,0
73217,73248,73232,1.6,-102.426,38.8649,840.02,6.03263,293.444,62.6111,7.01999,317.974,0.135887,0.000979544,30.8564,19.8742,7.55367,2.67679,1.02671,0.275012,0.256678,0.0183342,0.0366683,0,0,0.0183342,0,0.0183342,0
73251,73295,73273,1.5,-102.425,38.8653,851.491,7.1525,293.477,61.8772,6.75379,283.494,0.125927,0.000871868,31.4984,19.6742,7.08714,2.22704,0.885893,0.172257,0.172257,0.0738244,0.0246081,0,0.0123041,0.0492163,0,0,0
73297,73315,73306,1.4,-102.424,38.8653,859.369,7.93933,293.526,63.663,6.91223,261.845,0.113644,0.000867008,31.8201,20.0501,7.52734,2.73721,0.912405,0.273721,0.205291,0.0912405,0.0228101,0,0.0228101,0,0,0,0
74478,74478,74478,1.3,-102.423,38.8655,871.37,9.78,294.287,59.7491,6.75774,254.377,0.112927,0.00096612,29.8745,17.3136,6.78967,3.73432,1.35793,0.339483,0,0.339483,0,0,0,0,0,0,0
