data/B2SAP/Locations/Boulder/NOAA-POPS-B2SAP_GMLBalloon_20231020_R0.ict
82,1001
Thornberry, T. D.
NOAA Chemical Sciences Laboratory
Portable Optical Particle Spectrometer (POPS)
Balloon Baseline Stratospheric Aerosol Profiles (B2SAP)
1,1
2023,10,20,2024,05,30
0
TIME_START,s,Seconds since midnight UTC on flight start day,Start time of 100 m altitude bin in UTC_seconds_since_midnight
49
1.0,1.0,1.0,1.0,1.0,1.0,1.0,1.0,1.0,1.0,1.0,1.0,1.0,1.0,1.0,1.0,1.0,1.0,1.0,1.0,1.0,1.0,1.0,1.0,1.0,1.0,1.0,1.0,1.0,1.0,1.0,1.0,1.0,1.0,1.0,1.0,1.0,1.0,1.0,1.0,1.0,1.0,1.0,1.0,1.0,1.0,1.0,1.0,1.0
99999,99999,99999,99999,99999,99999,99999,99999,99999,99999,99999,99999,99999,99999,99999,99999,99999,99999,99999,99999,99999,99999,99999,99999,99999,99999,99999,99999,99999,99999,99999,99999,99999,99999,99999,99999,99999,99999,99999,99999,99999,99999,99999,99999,99999,99999,99999,99999,99999
TIME_STOP,s,End time of 100 m altitude bin in UTC seconds since midnight,
TIME_MID,s,Mid time of 100 m altitude in UTC seconds since midnight,
GPSAlt,km,GPS reported altitude above sea level (km),
GPS_Lon,deg,GPS reported longitude,
GPS_Lat,deg,GPS reported latitude,
iMet_Pressure,hPa,Pressure reported (hPa),
iMet_Temperature,degrees C,Ambient temperature (oC),
THETA,K,Potential temperature from iMet,
Aerosol_concentration,cm^-3,Aerosol concentration,
Surface_Area_Conc,um^2 cm^-3,Surface area concentration,
Volume_density,um^3 cm^-3,Volume density,
Effective_radius,um,Effective radius,
Extinction,km^-1,Extinction,
Bin01,cm^-3,particle concentration in size range [140 - 146.14 nm],
Bin02,cm^-3,particle concentration in size range [146.14 - 152.56 nm],
Bin03,cm^-3,particle concentration in size range [152.56 - 159.25 nm],
Bin04,cm^-3,particle concentration in size range [159.25 - 166.24 nm],
Bin05,cm^-3,particle concentration in size range [166.24 - 173.54 nm],
Bin06,cm^-3,particle concentration in size range [173.54 - 181.16 nm],
Bin07,cm^-3,particle concentration in size range [181.16 - 189.11 nm],
Bin08,cm^-3,particle concentration in size range [189.11 - 197.41 nm],
Bin09,cm^-3,particle concentration in size range [197.41 - 206.07 nm],
Bin10,cm^-3,particle concentration in size range [206.07 - 215.12 nm],
Bin11,cm^-3,particle concentration in size range [215.12 - 224.56 nm],
Bin12,cm^-3,particle concentration in size range [224.56 - 234.41 nm],
Bin13,cm^-3,particle concentration in size range [234.41 - 244.70 nm],
Bin14,cm^-3,particle concentration in size range [244.70 - 361.30 nm],
Bin15,cm^-3,particle concentration in size range [361.30 - 472.80 nm],
Bin16,cm^-3,particle concentration in size range [472.80 - 567.00 nm],
Bin17,cm^-3,particle concentration in size range [567.00 - 610.66 nm],
Bin18,cm^-3,particle concentration in size range [610.66 - 657.69 nm],
Bin19,cm^-3,particle concentration in size range [657.69 - 708.33 nm],
Bin20,cm^-3,particle concentration in size range [708.33 - 762.88 nm],
Bin21,cm^-3,particle concentration in size range [762.88 - 821.62 nm],
Bin22,cm^-3,particle concentration in size range [821.62 - 884.89 nm],
Bin23,cm^-3,particle concentration in size range [884.89 - 953.03 nm],
Bin24,cm^-3,particle concentration in size range [953.03 - 1026.42 nm],
Bin25,cm^-3,particle concentration in size range [1026.42 - 1105.46 nm],
Bin26,cm^-3,particle concentration in size range [1105.46 - 1190.59 nm]],
[...]
LOCATION: Boulder, CO, USA
ASSOCIATED_DATA: N/A
INSTRUMENT_INFO: Printed Optical Particle Spectrometer counts particles from 140 - 2500 nm in diameter 
DATA_INFO: Particle concentrations reported in number per cubic centimeter, binned to 100 m altitude
UNCERTAINTY: Counting uncertainty dominated by air flow, less than 5 percent
ULOD_FLAG: -77777
ULOD_VALUE: 3000 ~3000 per cm3 (varies depending on flow rate- manufacturer quotes 1250  per cm3 at 1.667 cc/s)
LLOD_FLAG: -88888
LLOD_VALUE: 0 0 (varies depending on data field and measurement precision)
DM_CONTACT_INFO: Troy Thornberry, 325 Broadway R/CSL6, Boulder, CO 80305; troy.thornberry@noaa.gov; 303-497-3373
PROJECT_INFO: B2SAP Boulder, CO, USA
STIPULATIONS_ON_USE: Please contact the PIs for questions regarding applications and uncertainties
OTHER_COMMENTS: POPS bin Edges (nm):  140, 146.14, 152.56, 159.25, 166.24, 173.54, 181.16, 189.11, 197.41, 206.07, 215.12, 224.56, 234.41, 244.70, 361.30, 472.80, 567.00, 610.66, 657.69, 708.33, 762.88, 821.62, 884.89, 953.03, 1026.42, 1105.46, 1190.59, 1282.27, 1381.01, 1487.36, 1601.89, 1725.25, 1858.10, 2001.18, 2155.28, 2321.25, 2500
Calculations assume sulfate refractive index of 1.45+0.00j and extinction wavelength = 532 nm
REVISION: R0
R0: QA/QC data
TIME_START,TIME_STOP,TIME_MID,GPSAlt,GPS_Lon,GPS_Lat,iMet_Pressure,iMet_Temperature,THETA,Aerosol_concentration,Surface_Area_Conc,Volume_density,Effective_radius,Extinction,Bin01,Bin02,Bin03,Bin04,Bin05,Bin06,Bin07,Bin08,Bin09,Bin10,Bin11,Bin12,Bin13,Bin14,Bin15,Bin16,Bin17,Bin18,Bin19,Bin20,Bin21,Bin22,Bin23,Bin24,Bin25,Bin26,Bin27,Bin28,Bin29,Bin30,Bin31,Bin32,Bin33,Bin34,Bin35,Bin36
[from data line 472]
69874,69901,69888,6.6,-103.594,39.9313,456.631,-10.2175,328.937,5.35471,0.625529,29.7877,0.14286,0.000149705,1.24265,0.79078,0.700405,0.497062,0.61003,0.293718,0.293718,0.0677812,0.316312,0.0677812,0.112969,0,0.0451874,0.135562,0.112969,0.0225937,0.0225937,0,0,0,0,0.0225937,0,0,0,0,0,0,0,0,0,0,0,0,0,0
69902,69928,69915,6.5,-103.589,39.9295,462.724,-9.73833,328.292,5.5444,0.607523,25.0848,0.123871,0.000121207,1.44636,0.964243,0.863801,0.562475,0.361591,0.180796,0.241061,0.160707,0.180796,0.0602652,0.0602652,0.0401768,0.0401768,0.220972,0.0803536,0.0602652,0,0.0200884,0,0,0,0,0,0,0,0,0,0,0,0,0,0,0,0,0,0
69928,69953,69940,6.4,-103.584,39.9278,468.591,-9.19357,327.787,5.69876,0.626859,27.0956,0.129673,0.000139304,1.21195,0.928305,0.928305,0.567298,0.515725,0.335221,0.180504,0.335221,0.128931,0.0515725,0.154718,0.0773588,0,0.180504,0,0.0257863,0.0257863,0.0515725,0,0,0,0,0,0,0,0,0,0,0,0,0,0,0,0,0,0
69956,69974,69965,6.3,-103.58,39.9265,474.259,-8.662,327.321,4.57619,0.484296,17.8509,0.110578,6.84512e-05,1.04496,1.04496,0.576528,0.216198,0.252231,0.252231,0.180165,0.252231,0.072066,0.072066,0.072066,0.216198,0.036033,0.216198,0.036033,0.036033,0,0,0,0,0,0,0,0,0,0,0,0,0,0,0,0,0,0,0,0
69979,70005,69992,6.2,-103.574,39.9249,481.618,-8.09267,326.586,4.90119,0.60054,32.1823,0.160767,0.000168084,1.28478,0.64239,0.856519,0.42826,0.404468,0.309299,0.142753,0.166545,0.118961,0.118961,0,0,0.0713766,0.190338,0.0951688,0.0237922,0,0,0.0237922,0,0,0,0.0237922,0,0,0,0,0,0,0,0,0,0,0,0,0
70006,70026,70016,6.1,-103.57,39.924,486.683,-7.78188,325.992,5.95278,0.621393,22.5328,0.108785,8.342e-05,1.21302,1.32534,0.831143,0.539119,0.494193,0.13478,0.314486,0.157243,0.112317,0.157243,0.157243,0.0673899,0.0449266,0.292023,0.0898532,0.0224633,0,0,0,0,0,0,0,0,0,0,0,0,0,0,0,0,0,0,0,0
70033,70057,70045,6,-103.566,39.922,493.587,-7.365,325.194,6.29819,0.712688,31.608,0.133051,0.00015518,1.65272,1.00503,0.714688,0.536016,0.357344,0.290342,0.290342,0.312676,0.33501,0.245674,0.11167,0.044668,0.022334,0.245674,0.067002,0.022334,0,0,0,0.044668,0,0,0,0,0,0,0,0,0,0,0,0,0,0,0,0
70058,70080,70069,5.9,-103.562,39.9202,499.572,-7.1,324.399,6.75847,0.920198,52.43,0.170931,0.000327097,1.47599,1.45009,0.621469,0.725047,0.673258,0.233051,0.336629,0.258945,0.155367,0.181262,0.0517891,0.0517891,0,0.207156,0.0776836,0.129473,0.0517891,0,0.0517891,0,0,0.0258945,0,0,0,0,0,0,0,0,0,0,0,0,0,0
70083,70106,70094,5.8,-103.559,39.9184,505.462,-6.288,324.302,6.92935,0.704385,25.3523,0.107977,9.49082e-05,1.37143,1.37143,1.29925,0.649627,0.505265,0.144362,0.216542,0.144362,0.288723,0.288723,0.216542,0.0721808,0,0.288723,0,0.0721808,0,0,0,0,0,0,0,0,0,0,0,0,0,0,0,0,0,0,0,0
70114,70115,70114,5.7,-103.556,39.9167,510.095,-5.59,324.303,8.27998,1.15514,64.9807,0.168761,0.000409004,2.34,1.62,0.719999,0.899998,0.359999,0.359999,0.18,0.539999,0.359999,0,0,0,0,0.359999,0.359999,0,0,0,0.18,0,0,0,0,0,0,0,0,0,0,0,0,0,0,0,0,0
70144,70149,70146,5.6,-103.551,39.9142,517.845,-4.98,323.644,7.41712,0.841565,34.5485,0.123158,0.000164415,2.11918,0.882991,0.706393,0.882991,0.353196,0.529795,0.176598,0.176598,0.176598,0.176598,0.353196,0.353196,0.176598,0.176598,0,0.176598,0,0,0,0,0,0,0,0,0,0,0,0,0,0,0,0,0,0,0,0
70186,70188,70187,5.5,-103.546,39.9106,527.56,-3.975,323.133,10.1985,1.38252,72.2677,0.156818,0.000464208,1.61028,1.61028,1.43136,0.894602,1.43136,1.25244,0.536761,0.357841,0,0,0.17892,0,0,0.357841,0,0.357841,0.17892,0,0,0,0,0,0,0,0,0,0,0,0,0,0,0,0,0,0,0
70251,70251,70251,5.2,-103.538,39.9049,546.25,-2.56,321.624,7.70083,0.649778,18.3878,0.0848957,3.11301e-05,2.8003,1.05011,1.05011,0.350038,0.700075,0.350038,0,0.700075,0,0.350038,0,0.350038,0,0,0,0,0,0,0,0,0,0,0,0,0,0,0,0,0,0,0,0,0,0,0,0
70263,70282,70272,5.1,-103.535,39.9029,552.61,-1.88,321.366,12.4612,1.67122,102.777,0.184493,0.000561285,3.07015,1.98657,1.98657,1.26418,0.902985,0.361194,0.361194,0.541791,0.180597,0,0.361194,0.361194,0,0.722388,0.180597,0,0,0,0,0,0,0.180597,0,0,0,0,0,0,0,0,0,0,0,0,0,0
70292,70304,70298,5,-103.532,39.9002,560.753,-1.025,321.032,8.69418,1.0042,41.1238,0.122856,0.000190158,2.98588,1.3173,1.14166,0.70256,0.26346,0.26346,0.26346,0.17564,0.08782,0.17564,0.17564,0.08782,0,0.79038,0.17564,0.08782,0,0,0,0,0,0,0,0,0,0,0,0,0,0,0,0,0,0,0,0
70306,70306,70306,4.9,-103.531,39.8991,563.81,-0.67,320.95,10.1041,1.50518,95.3235,0.189992,0.000649828,1.08258,2.52603,1.08258,1.80431,0.721723,1.08258,0.360862,0.360862,0.360862,0,0,0,0,0,0.360862,0,0,0,0.360862,0,0,0,0,0,0,0,0,0,0,0,0,0,0,0,0,0
70328,70339,70334,4.8,-103.528,39.8961,573.847,0.13,320.274,10.3467,1.1929,49.9927,0.125725,0.000244999,2.27979,2.1921,1.22758,1.05221,0.350736,0.613788,0.701473,0.0876841,0.175368,0.263052,0.263052,0.263052,0.263052,0.175368,0.263052,0.175368,0,0,0,0,0,0,0,0,0,0,0,0,0,0,0,0,0,0,0,0
70343,70359,70351,4.7,-103.525,39.8936,581.324,0.427143,319.441,8.01775,0.838211,29.9308,0.107124,0.000106407,1.60355,1.30288,1.25277,0.55122,0.601331,0.55122,0.400888,0.450998,0.150333,0.300666,0.150333,0.200444,0.0501109,0.350777,0.0501109,0.0501109,0,0,0,0,0,0,0,0,0,0,0,0,0,0,0,0,0,0,0,0
70362,70377,70370,4.6,-103.523,39.8913,589.01,0.872857,318.762,7.84228,1.03397,48.8816,0.141827,0.000275878,1.65894,1.65894,0.703795,0.653524,0.854608,0.251355,0.251355,0.201084,0.150813,0.150813,0.150813,0.251355,0.050271,0.402168,0.251355,0.150813,0.050271,0,0,0,0,0,0,0,0,0,0,0,0,0,0,0,0,0,0,0
