data/B2SAP/Locations/Boulder/NOAA-POPS-B2SAP_GMLBalloon_20220914_R0.ict
61,1001
Thornberry, T. D.
NOAA Chemical Sciences Laboratory
Portable Optical Particle Spectrometer (POPS)
Balloon Baseline Stratospheric Aerosol Profiles (B2SAP)
1,1
2022,09,14,2024,05,30
0
TIME_START,s,Seconds since midnight UTC on flight start day,Start time of 100 m altitude bin in UTC_seconds_since_midnight
28
1.0,1.0,1.0,1.0,1.0,1.0,1.0,1.0,1.0,1.0,1.0,1.0,1.0,1.0,1.0,1.0,1.0,1.0,1.0,1.0,1.0,1.0,1.0,1.0,1.0,1.0,1.0,1.0
99999,99999,99999,99999,99999,99999,99999,99999,99999,99999,99999,99999,99999,99999,99999,99999,99999,99999,99999,99999,99999,99999,99999,99999,99999,99999,99999,99999
TIME_STOP,s,End time of 100 m altitude bin in UTC seconds since midnight,
TIME_MID,s,Mid time of 100 m altitude in UTC seconds since midnight,
GPSAlt,m,GPS reported altitude above sea level (m),
GPS_Lon,deg,GPS reported longitude,
GPS_Lat,deg,GPS reported latitude,
iMet_Pressure,mb,Pressure reported (mB),
iMet_Temperature,degrees C,Ambient temperature (oC),
THETA,K,Potential temperature from iMet,
Aerosol_concentration,cm^-3,Aerosol concentration,
Surface_Area_Conc,um^2 cm^-3,Surface area concentration,
Volume_density,um^3 cm^-3,Volume density,
Effective_radius,um,Effective radius,
Extinction,km^-1,Extinction,
Bin01,cm^-3,particle concentration in size range [140 - 170 nm],
Bin02,cm^-3,particle concentration in size range [170 - 205 nm],
Bin03,cm^-3,particle concentration in size range [205 - 249 nm],
Bin04,cm^-3,particle concentration in size range [249 - 302 nm],
Bin05,cm^-3,particle concentration in size range [302 - 366 nm],
Bin06,cm^-3,particle concentration in size range [366 - 443 nm],
Bin07,cm^-3,particle concentration in size range [443 - 537 nm],
Bin08,cm^-3,particle concentration in size range [537 - 651 nm],
Bin09,cm^-3,particle concentration in size range [651 - 789 nm],
Bin10,cm^-3,particle concentration in size range [789 - 956 nm],
Bin11,cm^-3,particle concentration in size range [956 - 1159 nm],
Bin12,cm^-3,particle concentration in size range [1159 - 1404 nm],
Bin13,cm^-3,particle concentration in size range [1404 - 1702 nm],
Bin14,cm^-3,particle concentration in size range [1702 - 2062 nm],
Bin15,cm^-3,particle concentration in size range [2062 - 2500 nm],
0
19
PI_CONTACT_INFO: 325 Broadway R/CSL6, Boulder, CO 80305; troy.thornberry@noaa.gov; 303-497-3373 
PLATFORM: GML ECC/FPH balloon
LOCATION: Boulder, CO, USA
ASSOCIATED_DATA: N/A
INSTRUMENT_INFO: Printed Optical Particle Spectrometer counts particles from 140 - 2500 nm in diameter 
DATA_INFO: Particle concentrations reported in number per cubic centimeter, binned to 100 m altitude
UNCERTAINTY: Counting uncertainty dominated by air flow, less than 5 percent
ULOD_FLAG: -77777
ULOD_VALUE: 3000 ~3000 per cm3 (varies depending on flow rate- manufacturer quotes 1250  per cm3 at 1.667 cc/s)
LLOD_FLAG: -88888
LLOD_VALUE: 0 0 (varies depending on data field and measurement precision)
DM_CONTACT_INFO: Troy Thornberry, 325 Broadway R/CSL6, Boulder, CO 80305; troy.thornberry@noaa.gov; 303-497-3373
PROJECT_INFO: B2SAP Boulder, CO, USA
STIPULATIONS_ON_USE: Please contact the PIs for questions regarding applications and uncertainties
OTHER_COMMENTS: POPS bin Edges (nm):  140, 170, 205, 249, 302, 366, 443, 537, 651, 789, 956, 1159, 1404, 1702, 2062, 2500
Calculations assume sulfate refractive index of 1.45+0.00j and extinction wavelength = 532 nm
REVISION: R0
R0: QA/QC data
TIME_START,TIME_STOP,TIME_MID,GPSAlt,GPS_Lon,GPS_Lat,iMet_Pressure,iMet_Temperature,THETA,Aerosol_concentration,Surface_Area_Conc,Volume_density,Effective_radius,Extinction,Bin01,Bin02,Bin03,Bin04,Bin05,Bin06,Bin07,Bin08,Bin09,Bin10,Bin11,Bin12,Bin13,Bin14,Bin15
[from data line 155]
62996,63028,63012,17.2,-104.988,40.1639,87.237,-65.7873,416.286,12.2143,1.72833,80.7391,0.140145,0.000426032,5.24939,3.40029,1.72583,0.760186,0.55473,0.267092,0.154092,0.0616367,0.0410911,0,0,0,0,0,0
63029,63056,63042,17.3,-104.985,40.1638,85.8804,-64.9196,419.897,11.8868,1.72721,85.8481,0.14911,0.000475062,5.20973,3.35561,1.56974,0.727997,0.409498,0.307124,0.181999,0.0682497,0.0454998,0.0113749,0,0,0,0,0
63057,63083,63070,17.4,-104.984,40.1636,84.4726,-63.2504,425.277,9.15723,1.45492,72.6887,0.149881,0.000417185,3.65759,2.33238,1.43123,0.609599,0.503582,0.37106,0.119269,0.119269,0.0132521,0,0,0,0,0,0
63084,63108,63096,17.5,-104.984,40.1635,83.1404,-63.474,426.751,7.61324,1.30929,67.9888,0.155784,0.00041372,2.97697,1.7935,1.14687,0.463627,0.634436,0.256215,0.244014,0.0976056,0,0,0,0,0,0,0
63111,63135,63123,17.6,-104.984,40.1635,81.7192,-64.0379,427.703,7.63024,1.48812,85.796,0.172962,0.000566458,3.06993,1.51586,0.980849,0.611438,0.585962,0.394887,0.318457,0.114645,0.0382149,0,0,0,0,0,0
63136,63159,63148,17.7,-104.984,40.1635,80.3496,-64.653,428.516,7.43222,1.32179,70.7248,0.160521,0.000422398,2.81544,1.6012,1.12084,0.720538,0.547075,0.306896,0.253523,0.0533732,0,0.0133433,0,0,0,0,0
63160,63185,63172,17.8,-104.985,40.1636,78.8954,-64.8535,430.336,6.86734,1.28348,70.8011,0.16549,0.000444113,2.70675,1.27655,1.00469,0.650093,0.555534,0.366416,0.200938,0.0709192,0.0354596,0,0,0,0,0,0
63186,63214,63200,17.9,-104.984,40.1638,77.6631,-63.3931,435.316,5.80813,1.38126,91.7365,0.199246,0.000647914,2.07349,1.01318,0.777559,0.612622,0.435904,0.365217,0.282749,0.164937,0.0706871,0.0117812,0,0,0,0,0
63217,63244,63230,18,-104.984,40.1648,76.2863,-62.7385,438.905,5.62388,1.33646,87.1874,0.195713,0.000596631,1.87838,0.922316,0.798591,0.607379,0.618627,0.326185,0.292442,0.112478,0.044991,0.0224955,0,0,0,0,0
63245,63274,63260,18.1,-104.984,40.1659,75.0663,-63.027,440.327,5.77877,1.41433,90.4953,0.191953,0.000624975,1.61085,1.02508,0.957496,0.687144,0.585762,0.439322,0.236558,0.191499,0.033794,0.0112647,0,0,0,0,0
63275,63302,63288,18.2,-104.983,40.1673,73.9508,-63.3135,441.619,5.24883,1.20934,72.0255,0.178673,0.000488327,1.49967,0.960723,0.82013,0.620955,0.585807,0.339768,0.292903,0.117161,0.0117161,0,0,0,0,0,0
63303,63327,63315,18.3,-104.982,40.1681,72.5627,-62.5368,445.65,5.78906,1.62585,118.745,0.219106,0.000777119,1.52997,0.868359,0.854575,0.771874,0.689173,0.496205,0.35837,0.110268,0.0689173,0.0275669,0.0137835,0,0,0,0
63328,63354,63341,18.4,-104.982,40.1686,71.3509,-61.3035,450.43,5.82785,1.36886,80.4731,0.176365,0.000537603,1.65013,0.877452,0.969126,0.641718,0.798874,0.510755,0.222637,0.157156,0,0,0,0,0,0,0
63355,63380,63368,18.5,-104.982,40.1688,70.2022,-61.5978,451.89,6.12789,1.72189,118.186,0.205912,0.000852828,1.82533,0.853401,0.675609,0.794137,0.711167,0.50967,0.497817,0.189645,0.0474111,0.0237056,0,0,0,0,0
63382,63406,63394,18.6,-104.983,40.1693,69.0741,-62.0041,453.114,4.81487,1.34378,92.3642,0.206204,0.000642983,1.00776,0.879793,0.815808,0.591861,0.607857,0.399906,0.351917,0.0799812,0.0479887,0.0319925,0,0,0,0,0
63407,63434,63420,18.7,-104.983,40.1698,67.8586,-62.3809,454.611,5.74293,1.51709,102.51,0.202712,0.000671598,1.49167,0.969585,0.733404,0.832849,0.745835,0.410209,0.323195,0.21132,0.0124306,0,0.0124306,0,0,0,0
63435,63460,63448,18.8,-104.983,40.1703,66.7915,-61.6885,458.166,5.79822,1.54024,98.8214,0.19248,0.000704804,1.57263,0.929903,0.752128,0.670077,0.738453,0.560677,0.328201,0.218801,0.0273501,0,0,0,0,0,0
63461,63481,63471,18.9,-104.984,40.1707,65.7624,-61.6165,460.368,5.06342,1.51893,116.021,0.22915,0.00076562,1.31393,0.78515,0.705033,0.68901,0.464681,0.512751,0.304446,0.192282,0.0640939,0.0160235,0,0.0160235,0,0,0
63486,63511,63498,19,-104.985,40.1714,64.7674,-61.0942,463.516,5.34883,1.37681,90.4347,0.197052,0.000631688,1.47307,0.843799,0.829498,0.629274,0.743688,0.328939,0.271732,0.17162,0.0429051,0.0143017,0,0,0,0,0
63512,63535,63524,19.1,-104.986,40.1725,63.5047,-61.3274,465.62,4.74835,1.22373,76.6607,0.187935,0.000535694,1.20139,0.786625,0.686509,0.6293,0.572091,0.429068,0.300348,0.114418,0.0286045,0,0,0,0,0,0
63536,63564,63550,19.2,-104.987,40.174,62.4248,-61.467,467.599,4.49476,1.14862,77.901,0.203464,0.000502564,1.20197,0.818147,0.626236,0.636337,0.464627,0.323219,0.303018,0.0707041,0.0404023,0,0.0101006,0,0,0,0
63565,63589,63577,19.3,-104.986,40.1759,61.3852,-61.1871,470.461,5.01555,1.3219,85.5759,0.194211,0.000593918,1.27974,0.775601,0.698041,0.685114,0.710968,0.413654,0.258534,0.15512,0.0258534,0.0129267,0,0,0,0,0
63592,63616,63604,19.4,-104.986,40.1776,60.2655,-60.7185,473.998,4.96223,1.18797,71.7679,0.181236,0.000490751,1.55917,0.759248,0.61011,0.637226,0.528762,0.447414,0.352508,0.040674,0.027116,0,0,0,0,0,0
63617,63642,63630,19.5,-104.986,40.1787,59.3367,-60.3889,476.835,4.44308,1.12346,71.5105,0.190956,0.000508047,1.30591,0.735511,0.540375,0.600417,0.525365,0.300208,0.225156,0.195135,0.0150104,0,0,0,0,0,0
63643,63667,63655,19.6,-104.986,40.1797,58.3476,-60.7065,478.426,4.03862,0.97675,63.6681,0.195551,0.00046497,1.30896,0.798147,0.670444,0.335222,0.239444,0.223481,0.255407,0.191555,0.0159629,0,0,0,0,0,0
63674,63692,63683,19.7,-104.986,40.1808,57.365,-60.8786,480.356,4.83572,1.21752,77.0161,0.189769,0.000536994,1.30642,0.877449,0.604465,0.701959,0.487471,0.409476,0.331481,0.0584966,0.0584966,0,0,0,0,0,0
63698,63718,63708,19.8,-104.986,40.1817,56.452,-60.9407,482.426,3.90725,0.969071,57.8762,0.17917,0.000392078,0.945008,0.690583,0.472504,0.690583,0.399811,0.399811,0.218079,0.0908662,0,0,0,0,0,0,0
63719,63744,63732,19.9,-104.987,40.1829,55.535,-60.5725,485.53,4.11433,1.04339,68.0986,0.195799,0.000465796,1.17796,0.802379,0.460941,0.409726,0.512157,0.426798,0.221935,0.0512157,0.0341438,0.0170719,0,0,0,0,0
63748,63770,63759,20,-104.988,40.1843,54.5962,-60.0994,488.981,4.88873,1.16862,68.9229,0.176934,0.000467505,1.36271,0.851696,0.749492,0.442882,0.613221,0.47695,0.323644,0.0681357,0,0,0,0,0,0,0
63771,63795,63783,20.1,-104.988,40.1853,53.5939,-60.3,491.122,4.5117,1.17696,79.2017,0.20188,0.000559991,1.25241,0.814821,0.573393,0.603571,0.558303,0.226339,0.286696,0.135804,0.0452678,0.0150893,0,0,0,0,0
63797,63820,63808,20.2,-104.988,40.1863,52.7783,-60.625,492.515,4.20568,1.06144,68.4121,0.193356,0.000469642,1.22982,0.652868,0.592136,0.40994,0.668051,0.258111,0.303659,0.0455489,0.0303659,0.015183,0,0,0,0,0
63821,63842,63832,20.3,-104.988,40.1877,51.9133,-60.47,495.216,4.12345,1.05347,67.4643,0.192121,0.000496919,1.49532,0.634376,0.317188,0.589064,0.18125,0.317188,0.498439,0.0906252,0,0,0,0,0,0,0
63848,63871,63860,20.4,-104.988,40.1889,50.8627,-59.8973,499.453,3.64927,0.999993,66.98,0.200941,0.000478581,0.764373,0.912317,0.345201,0.517801,0.345201,0.419172,0.197258,0.0739716,0.0739716,0,0,0,0,0,0
63874,63900,63887,20.5,-104.988,40.1898,50,-59.6189,502.56,4.05544,0.978482,61.141,0.187457,0.000417299,1.19455,0.662523,0.572179,0.532026,0.491873,0.210803,0.321223,0.0401529,0.0200765,0.0100382,0,0,0,0,0
63901,63923,63912,20.6,-104.988,40.1904,49.28,-59.6653,504.535,4.15677,1.03203,65.9969,0.191846,0.000460332,1.28394,0.593824,0.658021,0.46543,0.433331,0.369134,0.240739,0.0481479,0.0641972,0,0,0,0,0,0
63926,63950,63938,20.7,-104.987,40.1916,48.28,-60.3033,505.983,3.91572,0.993371,66.9889,0.202308,0.000451637,1.04318,0.680337,0.514033,0.6501,0.514033,0.181423,0.166305,0.120949,0.0151186,0.0302372,0,0,0,0,0
63951,63975,63963,20.8,-104.987,40.1925,47.4569,-59.92,509.393,2.94374,0.763334,53.0356,0.208437,0.000368359,0.793349,0.584573,0.43843,0.43843,0.167021,0.250531,0.125266,0.104388,0.0208776,0.0208776,0,0,0,0,0
63976,63997,63986,20.9,-104.986,40.193,46.7773,-59.7568,511.879,3.86553,0.996351,64.4276,0.193991,0.000459726,1.23051,0.484745,0.596609,0.348022,0.522033,0.298305,0.236158,0.111864,0.0372881,0,0,0,0,0,0
64001,64019,64010,21,-104.985,40.1933,45.98,-59.305,515.504,3.90015,1.01269,69.6205,0.206245,0.000496162,1.43005,0.26001,0.52002,0.78003,0.26001,0.26001,0.26001,0,0.130005,0,0,0,0,0,0
64026,64042,64034,21.1,-104.985,40.1934,45.1794,-59.0412,518.72,3.53202,0.924447,58.5874,0.190127,0.000411737,0.863029,0.735173,0.351604,0.431514,0.47946,0.335622,0.23973,0.063928,0.031964,0,0,0,0,0,0
64043,64070,64056,21.2,-104.985,40.1936,44.3633,-58.56,522.615,3.75024,0.956486,61.3748,0.192501,0.000444666,1.22101,0.523289,0.479682,0.523289,0.305252,0.261644,0.261644,0.17443,0,0,0,0,0,0,0
64071,64092,64082,21.3,-104.985,40.194,43.6756,-57.79,526.826,3.45292,0.860899,57.355,0.199867,0.000412475,1.03736,0.666873,0.459401,0.429762,0.370485,0.118555,0.207471,0.103736,0.0592776,0,0,0,0,0,0
64095,64116,64106,21.4,-104.986,40.195,42.8829,-58.1476,528.719,3.04558,0.787877,49.3476,0.187901,0.000341457,0.785439,0.49691,0.400734,0.400734,0.368675,0.336617,0.192352,0.0320587,0.0320587,0,0,0,0,0,0
64117,64132,64124,21.5,-104.986,40.1958,42.3163,-58.6187,529.564,3.61024,0.968551,79.6206,0.246618,0.000421497,0.997113,0.96273,0.206299,0.550132,0.343832,0.171916,0.275066,0.0687664,0,0,0.0343832,0,0,0,0
64133,64166,64150,21.6,-104.986,40.1976,41.3067,-58.41,533.758,2.88874,0.885351,66.8472,0.226511,0.000492469,0.876093,0.473564,0.284138,0.355173,0.189425,0.307816,0.213104,0.118391,0.0473564,0.0236782,0,0,0,0,0
64167,64191,64179,21.7,-104.985,40.1981,40.7384,-58.1468,536.523,3.23964,0.868801,57.7292,0.199341,0.000411142,0.856191,0.578508,0.428096,0.439666,0.289254,0.254543,0.289254,0.0809911,0.0115702,0.0115702,0,0,0,0,0
64192,64215,64204,21.8,-104.985,40.1988,40.1163,-57.9706,539.324,2.96791,0.8065,57.017,0.21209,0.000405054,0.774238,0.682067,0.331816,0.331816,0.294948,0.239645,0.165908,0.0921712,0.0368685,0.0184342,0,0,0,0,0
64216,64227,64222,21.9,-104.985,40.1995,39.4825,-57.72,542.421,3.31067,0.910919,59.8195,0.197008,0.0004417,0.978152,0.526697,0.30097,0.526697,0.225727,0.30097,0.30097,0.150485,0,0,0,0,0,0,0
64243,64263,64253,22,-104.985,40.2,38.6562,-58.0676,544.824,3.17675,1.03833,84.9849,0.245543,0.00056096,0.856985,0.398941,0.458044,0.428492,0.325063,0.206858,0.280736,0.147756,0.0443268,0.0147756,0,0.0147756,0,0,0
64264,64288,64276,22.1,-104.985,40.2002,37.9829,-57.9724,547.813,3.24376,0.831721,53.2561,0.192094,0.000378897,0.942953,0.490335,0.452617,0.377181,0.452617,0.150872,0.301745,0.0377181,0.0377181,0,0,0,0,0,0
64289,64307,64298,22.2,-104.985,40.2005,37.485,-58.1931,549.309,3.37966,0.897554,61.5092,0.20559,0.000421403,1.0716,0.350331,0.453369,0.5358,0.350331,0.370938,0.103038,0.0824308,0.0412154,0.0206077,0,0,0,0,0
64309,64336,64322,22.3,-104.984,40.2005,36.7387,-57.7522,553.619,3.21354,0.90799,63.8542,0.210974,0.000458295,0.983138,0.425537,0.381516,0.381516,0.39619,0.264127,0.264127,0.0440211,0.0586948,0.0146737,0,0,0,0,0
64337,64360,64348,22.4,-104.983,40.2003,36.1305,-57.751,556.261,2.6809,0.74562,48.1205,0.193613,0.000349652,0.575653,0.493417,0.378286,0.361839,0.312497,0.213814,0.230261,0.115131,0,0,0,0,0,0,0
64361,64385,64373,22.5,-104.983,40.1999,35.4675,-57.1015,560.907,3.07953,0.76048,51.2652,0.202235,0.000355624,1.06253,0.486241,0.432214,0.288143,0.306152,0.216107,0.180089,0.0720357,0.0180089,0.0180089,0,0,0,0,0
64386,64409,64398,22.6,-104.983,40.1994,34.8748,-56.3709,565.511,2.92589,0.73035,46.8307,0.192363,0.000336629,0.895354,0.543608,0.399712,0.271804,0.303781,0.191862,0.20785,0.0959308,0.0159885,0,0,0,0,0,0
64410,64432,64421,22.7,-104.983,40.199,34.2204,-56.8161,567.421,2.62119,0.57663,33.1295,0.172361,0.000220728,0.746542,0.547464,0.381566,0.331796,0.248847,0.149308,0.182488,0.0331796,0,0,0,0,0,0,0
64433,64455,64444,22.8,-104.984,40.1991,33.5935,-56.9783,569.992,2.15951,0.518186,31.325,0.181354,0.000216922,0.614493,0.386253,0.351139,0.210683,0.210683,0.193126,0.140456,0.0526709,0,0,0,0,0,0,0
64456,64476,64466,22.9,-104.985,40.1995,33.0448,-57.43,571.489,2.60893,0.550317,32.7925,0.178765,0.000222565,0.986053,0.451941,0.328684,0.267056,0.287599,0.0616283,0.184885,0.0205428,0.0205428,0,0,0,0,0,0
64477,64499,64488,23,-104.986,40.2003,32.537,-56.8104,575.668,2.458,0.487186,26.7139,0.1645,0.000170361,1.01441,0.429174,0.214587,0.214587,0.253603,0.214587,0.0975396,0.0195079,0,0,0,0,0,0,0
64500,64522,64511,23.1,-104.986,40.2007,31.9595,-56.086,580.566,2.33496,0.348763,15.4502,0.1329,7.51307e-05,0.993599,0.471959,0.32292,0.27324,0.14904,0.0993599,0.02484,0,0,0,0,0,0,0,0
64523,64545,64534,23.2,-104.986,40.2008,31.44,-55.3509,585.253,2.53163,0.37307,16.5223,0.132863,8.05889e-05,1.04104,0.591502,0.378562,0.260261,0.0946404,0.141961,0.0236601,0,0,0,0,0,0,0,0
64546,64569,64558,23.3,-104.985,40.2011,30.9638,-54.8992,589.044,2.15581,0.274363,10.7896,0.117978,4.32942e-05,0.982093,0.526977,0.239535,0.287442,0.095814,0,0.0239535,0,0,0,0,0,0,0,0
64570,64595,64582,23.4,-104.985,40.202,30.4436,-54.8064,592.14,1.86144,0.246182,10.3886,0.126597,4.86068e-05,0.871813,0.400563,0.377,0.0706875,0.047125,0.0706875,0.0235625,0,0,0,0,0,0,0,0
64596,64605,64600,23.5,-104.985,40.2028,30.087,-54.569,594.796,1.53088,0.226393,10.4562,0.138558,5.64737e-05,0.706561,0.2944,0.23552,0.11776,0.11776,0,0.0588801,0,0,0,0,0,0,0,0
58049,59397,58723,1.8,-105.197,39.9491,819.394,21.2385,311.631,278.963,58.3327,3723.9,0.191517,0.0210692,95.8032,52.902,39.0826,28.121,32.327,14.2566,13.6274,2.03191,0.372024,0.14099,0.061609,0.078196,0.0710873,0.0485763,0.039098
58300,59410,58855,1.7,-105.197,39.9491,819.493,21.2401,311.621,283.145,58.7298,3680.81,0.188021,0.0211417,97.4243,53.8217,40.0924,28.2983,32.8304,13.9178,13.8563,2.10118,0.385011,0.163835,0.0675818,0.0655338,0.0511983,0.0286711,0.0409587
66794,66810,66802,23.4,-104.938,40.1984,30.2407,-53.1029,597.914,0.880475,0.0736891,2.05705,0.0837456,3.3028e-06,0.605327,0.220119,0.0550297,0,0,0,0,0,0,0,0,0,0,0,0
66811,66828,66820,23.3,-104.938,40.1991,30.7494,-53.235,594.702,1.74512,0.150749,4.29883,0.0855494,7.34085e-06,1.14923,0.425639,0.170256,0,0,0,0,0,0,0,0,0,0,0,0
66829,66846,66838,23.2,-104.937,40.1998,31.2871,-53.1564,591.986,1.1559,0.0994057,2.82774,0.0853395,4.80018e-06,0.770603,0.275215,0.110086,0,0,0,0,0,0,0,0,0,0,0,0
66847,66862,66854,23.1,-104.937,40.2001,31.8229,-53.2021,588.986,1.32131,0.121063,3.55812,0.0881719,6.50151e-06,0.715709,0.440436,0.165164,0,0,0,0,0,0,0,0,0,0,0,0
66865,66881,66873,23,-104.937,40.2003,32.41,-54.5929,582.227,1.67118,0.159734,4.94974,0.0929625,1.08498e-05,1.02427,0.377364,0.161728,0.107818,0,0,0,0,0,0,0,0,0,0,0
66882,66899,66890,22.9,-104.937,40.2008,32.9911,-55.5328,576.776,1.64004,0.15705,5.12338,0.0978681,1.48446e-05,1.18903,0.205005,0.164004,0,0.0820019,0,0,0,0,0,0,0,0,0,0
66901,66917,66909,22.8,-104.938,40.2014,33.5588,-56.0353,572.654,1.60009,0.153329,4.69243,0.0918109,9.7229e-06,0.90816,0.389211,0.259474,0.0432457,0,0,0,0,0,0,0,0,0,0,0
66919,66935,66927,22.7,-104.939,40.2016,34.16,-56.1653,569.405,1.03624,0.0858304,2.39869,0.0838407,3.92854e-06,0.789513,0.148034,0.0986892,0,0,0,0,0,0,0,0,0,0,0,0
66937,66954,66946,22.6,-104.939,40.2014,34.7479,-56.0107,567.051,1.26825,0.128643,4.05068,0.094463,8.89893e-06,0.581283,0.422751,0.211376,0.0528439,0,0,0,0,0,0,0,0,0,0,0
66955,66973,66964,22.5,-104.939,40.2012,35.3394,-57.2456,561.106,1.44144,0.150811,5.45323,0.108478,2.01915e-05,0.960957,0.240239,0.160159,0,0.0400399,0.0400399,0,0,0,0,0,0,0,0,0
66974,66991,66982,22.4,-104.939,40.201,35.9733,-57.6739,557.161,1.55167,0.150444,4.97418,0.09919,1.4851e-05,1.11402,0.238718,0.0795727,0.0397864,0.0795727,0,0,0,0,0,0,0,0,0,0
66992,67010,67001,22.3,-104.938,40.2007,36.5887,-57.4853,554.947,1.10317,0.107734,3.55394,0.0989648,1.03402e-05,0.767425,0.191856,0.047964,0.047964,0.047964,0,0,0,0,0,0,0,0,0,0
67012,67030,67021,22.2,-104.937,40.2007,37.2511,-57.5161,552.035,1.65558,0.163855,5.55308,0.101671,1.75652e-05,1.0643,0.31535,0.236512,0,0,0.0394187,0,0,0,0,0,0,0,0,0
67031,67050,67040,22.1,-104.936,40.2009,37.9221,-56.9895,550.563,1.78318,0.180198,6.17842,0.10286,1.95713e-05,1.18879,0.260047,0.222897,0.0742991,0,0.0371495,0,0,0,0,0,0,0,0,0
