data/B2SAP/Locations/Boulder/NOAA-POPS-B2SAP_GMLBalloon_20210603_R0.ict
61,1001
Thornberry, T. D.
NOAA Chemical Sciences Laboratory
Portable Optical Particle Spectrometer (POPS)
Balloon Baseline Stratospheric Aerosol Profiles (B2SAP)
1,1
2021,06,03,2024,05,30
0
TIME_START,s,Seconds since midnight UTC on flight start day,Start time of 100 m altitude bin in UTC_seconds_since_midnight
28
1.0,1.0,1.0,1.0,1.0,1.0,1.0,1.0,1.0,1.0,1.0,1.0,1.0,1.0,1.0,1.0,1.0,1.0,1.0,1.0,1.0,1.0,1.0,1.0,1.0,1.0,1.0,1.0
99999,99999,99999,99999,99999,99999,99999,99999,99999,99999,99999,99999,99999,99999,99999,99999,99999,99999,99999,99999,99999,99999,99999,99999,99999,99999,99999,99999
TIME_STOP,s,End time of 100 m altitude bin in UTC seconds since midnight,
TIME_MID,s,Mid time of 100 m altitude in UTC seconds since midnight,
GPSAlt,m,GPS reported altitude above sea level (m),
GPS_Lon,deg,GPS reported longitude,
GPS_Lat,deg,GPS reported latitude,
iMet_Pressure,mb,Pressure reported (mB),
iMet_Temperature,degrees C,Ambient temperature (oC),
THETA,K,Potential temperature from iMet,
Aerosol_concentration,cm^-3,Aerosol concentration,
Surface_Area_Conc,um^2 cm^-3,Surface area concentration,
Volume_density,um^3 cm^-3,Volume density,
Effective_radius,um,Effective radius,
Extinction,km^-1,Extinction,
Bin01,cm^-3,particle concentration in size range [140 - 170 nm],
Bin02,cm^-3,particle concentration in size range [170 - 205 nm],
Bin03,cm^-3,particle concentration in size range [205 - 249 nm],
Bin04,cm^-3,particle concentration in size range [249 - 302 nm],
Bin05,cm^-3,particle concentration in size range [302 - 366 nm],
Bin06,cm^-3,particle concentration in size range [366 - 443 nm],
Bin07,cm^-3,particle concentration in size range [443 - 537 nm],
Bin08,cm^-3,particle concentration in size range [537 - 651 nm],
Bin09,cm^-3,particle concentration in size range [651 - 789 nm],
Bin10,cm^-3,particle concentration in size range [789 - 956 nm],
Bin11,cm^-3,particle concentration in size range [956 - 1159 nm],
Bin12,cm^-3,particle concentration in size range [1159 - 1404 nm],
Bin13,cm^-3,particle concentration in size range [1404 - 1702 nm],
Bin14,cm^-3,particle concentration in size range [1702 - 2062 nm],
Bin15,cm^-3,particle concentration in size range [2062 - 2500 nm],
0
19
PI_CONTACT_INFO: 325 Broadway R/CSL6, Boulder, CO 80305; troy.thornberry@noaa.gov; 303-497-3373 
PLATFORM: GML ECC/FPH balloon
LOCATION: Boulder, CO, USA
ASSOCIATED_DATA: N/A
INSTRUMENT_INFO: Printed Optical Particle Spectrometer counts particles from 140 - 2500 nm in diameter 
DATA_INFO: Particle concentrations reported in number per cubic centimeter, binned to 100 m altitude
UNCERTAINTY: Counting uncertainty dominated by air flow, less than 5 percent
ULOD_FLAG: -77777
ULOD_VALUE: 3000 ~3000 per cm3 (varies depending on flow rate- manufacturer quotes 1250  per cm3 at 1.667 cc/s)
LLOD_FLAG: -88888
LLOD_VALUE: 0 0 (varies depending on data field and measurement precision)
DM_CONTACT_INFO: Troy Thornberry, 325 Broadway R/CSL6, Boulder, CO 80305; troy.thornberry@noaa.gov; 303-497-3373
PROJECT_INFO: B2SAP Boulder, CO, USA
STIPULATIONS_ON_USE: Please contact the PIs for questions regarding applications and uncertainties
OTHER_COMMENTS: POPS bin Edges (nm):  140, 170, 205, 249, 302, 366, 443, 537, 651, 789, 956, 1159, 1404, 1702, 2062, 2500
Calculations assume sulfate refractive index of 1.45+0.00j and extinction wavelength = 532 nm
REVISION: R0
R0: QA/QC data
TIME_START,TIME_STOP,TIME_MID,GPSAlt,GPS_Lon,GPS_Lat,iMet_Pressure,iMet_Temperature,THETA,Aerosol_concentration,Surface_Area_Conc,Volume_density,Effective_radius,Extinction,Bin01,Bin02,Bin03,Bin04,Bin05,Bin06,Bin07,Bin08,Bin09,Bin10,Bin11,Bin12,Bin13,Bin14,Bin15
[from data line 397]
65839,65857,65848,16.5,-105.519,39.627,100.177,-62.7925,405.932,21.5772,2.91198,120.949,0.124605,0.00052235,7.79845,6.13361,4.09638,2.36582,0.744796,0.219058,0.109529,0.087623,0.0219058,0,0,0,0,0,0
65858,65878,65868,16.4,-105.52,39.6261,101.737,-62.6894,404.341,23.1083,2.92975,118.289,0.121125,0.000487045,9.12387,6.5906,4.51044,1.95659,0.576678,0.164765,0.0617869,0.0823825,0.0411913,0,0,0,0,0,0
65879,65899,65889,16.3,-105.521,39.6251,103.46,-62.9806,401.857,20.2005,2.6428,125.646,0.142628,0.000505723,8.28262,6.03123,3.30479,1.83829,0.392443,0.123929,0.103275,0.0619647,0.0206549,0.0206549,0.0206549,0,0,0,0
65900,65920,65910,16.2,-105.522,39.6243,105.237,-62.9939,399.87,22.6458,3.02005,135.32,0.134422,0.000636538,9.11262,6.49516,4.03282,1.93886,0.523491,0.232663,0.13572,0.0775542,0.0775542,0.0193886,0,0,0,0,0
65921,65942,65932,16.1,-105.524,39.6233,106.981,-62.5256,398.889,21.9215,2.87401,117.418,0.122566,0.000499386,8.16721,6.57645,4.05451,2.01755,0.620786,0.252194,0.155196,0.0581986,0.0193995,0,0,0,0,0,0
65943,65962,65952,16,-105.526,39.622,108.705,-62.3776,397.352,25.0857,3.04277,114.423,0.112814,0.000417889,9.90659,7.847,4.51048,1.9566,0.432512,0.288341,0.123575,0.0205958,0,0,0,0,0,0,0
65963,65981,65972,15.9,-105.528,39.6201,110.509,-63.2893,393.769,35.881,4.23135,152.739,0.108291,0.000494531,14.3665,11.1322,6.04656,3.46857,0.585907,0.210927,0.0234363,0.0468726,0,0,0,0,0,0,0
65985,66005,65995,15.8,-105.53,39.6181,112.349,-63.1944,392.101,38.0909,4.81522,206.284,0.12852,0.000745289,14.79,11.4645,6.93556,3.54436,1.0283,0.131272,0.0656362,0.0437575,0.0437575,0.0218787,0,0.0218787,0,0,0
66008,66027,66018,15.7,-105.532,39.6161,114.191,-62.8312,390.96,36.6791,4.5226,184.88,0.122637,0.000579205,13.9114,11.5277,6.3495,3.98642,0.575359,0.184937,0.123291,0,0,0,0,0,0.0205485,0,0
66029,66050,66040,15.6,-105.534,39.6139,116.134,-62.8359,389.063,39.0843,5.17414,324.943,0.188404,0.000963091,15.9255,11.1992,7.33601,3.49334,0.739766,0.0616472,0.123294,0.123294,0.0410981,0,0,0.0205491,0,0,0.0205491
66051,66075,66063,15.5,-105.536,39.6119,118.004,-62.571,387.786,38.6112,4.90938,232.428,0.142031,0.000750259,15.3461,11.8871,6.602,3.63461,0.772575,0.12291,0.105351,0.0702341,0.0175585,0,0,0.0175585,0.035117,0,0
66076,66099,66088,15.4,-105.538,39.61,119.897,-62.336,386.453,39.6313,5.10894,295.466,0.173499,0.0007769,15.5544,11.6088,7.25989,4.08588,0.91187,0.0876798,0.0701438,0.017536,0,0,0,0,0.017536,0,0.017536
66100,66125,66112,15.3,-105.54,39.6085,121.929,-63.0191,383.355,34.5746,4.37532,193.581,0.132732,0.000652914,13.7756,10.0244,6.25726,3.44788,0.718308,0.143662,0.0957744,0.0638496,0.0159624,0,0,0.0159624,0.0159624,0,0
66126,66151,66138,15.2,-105.543,39.6066,123.96,-62.9852,381.618,34.8238,4.29838,184.664,0.128884,0.000622922,14.3113,10.4624,5.71232,3.40601,0.626217,0.0763679,0.122189,0.0610943,0.0152736,0,0,0.0305472,0,0,0
66152,66176,66164,15.1,-105.545,39.6043,125.892,-62.8764,380.126,37.1687,4.65131,204.633,0.131984,0.000694936,14.6408,11.5114,6.562,3.30495,0.750399,0.207557,0.0957957,0.0319319,0.0159659,0.0159659,0.0159659,0,0.0159659,0,0
66177,66201,66189,15,-105.548,39.6017,127.933,-62.8659,378.402,35.0438,4.42427,197.321,0.133799,0.000661641,13.5813,10.6994,6.60753,3.04106,0.700558,0.286592,0.0159218,0.0477653,0.0159218,0.0159218,0,0.0159218,0.0159218,0,0
66202,66226,66214,14.9,-105.55,39.5989,130.072,-62.4612,377.344,34.8687,4.58567,241.598,0.158056,0.000805124,13.629,11.0581,5.44869,3.43282,0.803426,0.248332,0.13147,0.0438232,0.0292155,0,0.0146077,0.0146077,0,0.0146077,0
66227,66250,66238,14.8,-105.553,39.5959,132.323,-62.583,375.277,35.8697,4.54348,200.971,0.132698,0.000715399,14.1503,10.9281,6.3076,3.31339,0.729553,0.197587,0.0911941,0.0911941,0.030398,0,0.015199,0,0.015199,0,0
66251,66272,66262,14.7,-105.555,39.5928,134.423,-62.4576,373.812,36.9062,4.38733,178.501,0.122057,0.0006015,15.557,11.5342,6.20945,2.58727,0.617607,0.183613,0.133537,0.0500762,0.0166921,0,0,0,0.0166921,0,0
66273,66296,66284,14.6,-105.556,39.5898,136.541,-62.5813,371.933,34.5825,4.66387,266.575,0.171472,0.000897182,13.3548,10.9945,5.80182,3.39582,0.487292,0.274102,0.0761394,0.0913672,0.0152279,0.0304557,0.0152279,0.0304557,0,0.0152279,0
66297,66320,66308,14.5,-105.558,39.5861,139.153,-62.1217,370.73,34.7516,4.43406,177.358,0.119997,0.000730763,13.1617,10.5063,6.58086,2.88634,1.21226,0.0577269,0.115454,0.230907,0,0,0,0,0,0,0
66325,66346,66336,14.4,-105.559,39.5839,141.154,-62.1627,369.145,33.0868,4.17225,204.259,0.14687,0.000638894,14.8462,8.75548,5.55148,2.91849,0.571009,0.34895,0,0,0.0317227,0,0,0.0634455,0,0,0
66347,66373,66360,14.3,-105.56,39.5806,143.755,-62.3508,366.903,23.7189,2.97471,125.436,0.126503,0.00057032,10.6939,6.93501,3.11784,1.89402,0.641052,0.116555,0.145694,0.116555,0.0582774,0,0,0,0,0,0
66374,66400,66387,14.2,-105.561,39.5779,146.056,-61.9683,365.909,23.1522,2.99848,141.488,0.14156,0.000556342,10.3545,6.28249,3.69387,1.74514,0.494456,0.349027,0.145428,0.0290856,0.0290856,0,0.0290856,0,0,0,0
66401,66426,66414,14.1,-105.563,39.5753,148.241,-61.2464,365.597,20.4748,2.62208,107.196,0.122646,0.000462705,9.02219,5.42031,3.21721,1.57364,0.716879,0.349697,0.104909,0.0524546,0.0174849,0,0,0,0,0,0
66427,66453,66440,14,-105.566,39.5721,150.621,-61.0341,364.302,17.279,2.52826,166.829,0.197957,0.000659843,7.95687,4.74183,2.114,1.20381,0.601904,0.367014,0.190848,0.0146806,0.0440417,0.0146806,0.0146806,0,0,0.0146806,0
66454,66479,66466,13.9,-105.568,39.5685,153.093,-60.9084,362.833,18.5989,2.62184,136.966,0.156721,0.000656143,8.98737,4.72253,2.18443,1.16503,0.790556,0.416082,0.166433,0.0624123,0.0832164,0,0,0.0208041,0,0,0
66480,66505,66492,13.8,-105.57,39.5648,155.448,-60.6912,361.622,18.5593,2.77154,156.845,0.169774,0.000759781,8.18885,4.9639,2.65584,1.34373,0.616535,0.33198,0.205512,0.126469,0.0948515,0,0,0.0316172,0,0,0
66506,66531,66518,13.7,-105.571,39.5608,158.015,-60.3935,360.431,20.0089,2.85112,140.259,0.147584,0.000692391,9.05636,4.83916,2.98845,1.608,0.637131,0.424754,0.273056,0.151698,0.0151698,0,0.0151698,0,0,0,0
66532,66558,66545,13.6,-105.572,39.5566,160.617,-60.107,359.241,18.9233,2.65871,137.061,0.154655,0.000671732,8.94836,4.92759,2.24137,1.36877,0.752826,0.325084,0.153987,0.119768,0.051329,0.0171097,0.0171097,0,0,0,0
66559,66583,66571,13.5,-105.574,39.5532,163.215,-60.2082,357.432,18.47,2.65326,125.582,0.141994,0.000686236,8.61576,4.30788,2.53088,1.43596,0.646182,0.430788,0.305142,0.179495,0.0179495,0,0,0,0,0,0
66584,66610,66597,13.4,-105.576,39.5503,165.799,-60.2473,355.759,18.7976,2.81866,160.175,0.17048,0.000787808,8.54989,4.74489,2.74385,1.22791,0.712491,0.318347,0.227391,0.197072,0.0151594,0.0303188,0.0151594,0.0151594,0,0,0
66611,66639,66625,13.3,-105.581,39.5471,168.607,-60.2996,353.97,18.3614,2.76578,156.65,0.169916,0.000749498,7.97173,4.8651,2.6084,1.52401,0.571503,0.351694,0.219809,0.175847,0.0293078,0.0146539,0.0146539,0,0.0146539,0,0
66640,66668,66654,13.2,-105.586,39.5436,171.247,-59.983,352.93,17.7982,2.79613,213.612,0.229187,0.000769158,8.05957,4.54081,2.1171,1.38706,0.86144,0.481822,0.204409,0.102205,0.0146007,0,0,0.0146007,0,0,0.0146007
66669,66697,66683,13.1,-105.592,39.5394,173.961,-59.5652,352.039,18.1952,2.73108,142.143,0.156139,0.000740624,8.37902,4.2573,2.48117,1.09822,1.07111,0.47454,0.284724,0.0677915,0.0542332,0.0135583,0.0135583,0,0,0,0
66856,66882,66869,12.4,-105.629,39.5039,194.584,-58.8063,342.161,21.5668,3.37799,199.336,0.177031,0.000942685,9.68838,5.2793,2.81369,1.66791,0.913724,0.710674,0.261064,0.130532,0.0290071,0.0290071,0.0145036,0.0145036,0.0145036,0,0
66883,66910,66896,12.3,-105.635,39.4999,197.839,-58.315,341.316,22.9017,3.47427,239.374,0.206697,0.000947029,11.0403,4.89665,3.11743,1.70318,1.0949,0.517037,0.380175,0.0912419,0.0456209,0,0,0,0,0,0.015207
66911,66939,66925,12.2,-105.64,39.4958,201.165,-57.7559,340.579,23.7037,3.65936,199.717,0.163731,0.00102451,10.4795,5.98831,3.00975,1.76219,1.18519,0.576999,0.499026,0.109162,0.0467837,0.0155946,0.0311891,0,0,0,0
66940,66967,66954,12.1,-105.646,39.4916,204.451,-57.1752,339.923,26.6617,3.84931,180.724,0.140849,0.000924796,12.2343,5.87247,3.60685,2.31999,1.46812,0.652496,0.362498,0.108749,0,0.0362498,0,0,0,0,0
66968,66998,66983,12,-105.653,39.4874,207.611,-56.752,339.104,30.9715,4.45596,217.336,0.146323,0.00103734,14.0286,7.09733,4.3641,2.44631,1.85739,0.664431,0.362417,0.0604028,0.0604028,0.0151007,0,0,0.0151007,0,0
66999,67029,67014,11.9,-105.659,39.4829,210.857,-56.0781,338.644,31.5157,4.65727,222.221,0.143145,0.00116546,14.0296,7.10193,4.11011,3.12252,1.72828,0.769739,0.450224,0.116187,0.0580935,0.0290467,0,0,0,0,0
67030,67049,67040,11.8,-105.665,39.4788,213.714,-55.582,338.119,32.3133,4.83077,257.056,0.159637,0.00119325,14.3615,7.13613,4.66078,3.07745,1.98474,0.535209,0.356806,0.0446008,0.0669012,0.0446008,0.0446008,0,0,0,0
67063,67092,67078,11.7,-105.672,39.4724,217.643,-54.885,337.446,34.0601,5.64993,427.163,0.226815,0.00168877,14.8669,8.14707,4.57901,2.95852,1.9773,0.639277,0.550076,0.178403,0.0446007,0.0446007,0.0297338,0,0.0148669,0.0148669,0.0148669
67093,67123,67108,11.6,-105.679,39.4672,221.06,-54.2384,336.943,33.8263,5.24446,340.554,0.194808,0.00132788,14.5236,8.07024,4.89366,2.86179,2.16065,0.686829,0.429268,0.12878,0,0.0143089,0.0286179,0.0143089,0,0,0.0143089
67124,67153,67138,11.5,-105.685,39.4621,224.497,-53.3828,336.764,31.5751,4.6123,233.368,0.151791,0.00116611,13.955,7.43755,4.86125,2.51497,1.61019,0.598071,0.352709,0.107346,0.0613406,0.0613406,0.0153352,0,0,0,0
67154,67180,67167,11.4,-105.691,39.4574,227.9,-52.4929,336.681,31.7068,4.85185,245.713,0.151929,0.00123223,13.3869,7.57369,4.23613,2.89744,2.12723,0.861897,0.458456,0.0550147,0.0550147,0.0366765,0,0.0183382,0,0,0
67181,67207,67194,11.3,-105.697,39.4528,231.527,-51.7085,336.361,31.8592,4.67809,249.432,0.159958,0.00110067,14.4006,7.16793,4.53052,2.79921,1.95783,0.485413,0.291248,0.113263,0.0485413,0.0161804,0.0161804,0.0161804,0.0161804,0,0
67208,67235,67222,11.2,-105.703,39.4483,235.196,-50.7971,336.233,30.3475,5.07016,406.578,0.240571,0.00148963,13.4797,6.72162,4.00747,2.93274,1.82158,0.783279,0.400747,0.0546473,0.0364316,0.0546473,0,0,0.0182158,0.0182158,0.0182158
67236,67261,67248,11.1,-105.708,39.4442,238.689,-50.1308,335.814,29.1632,4.59544,282.377,0.184341,0.00133169,12.6757,7.3683,4.19483,2.26156,1.42259,0.583628,0.310052,0.10943,0.0911919,0.0911919,0.0182384,0,0.0364768,0,0
67262,67289,67276,11,-105.713,39.4404,242.341,-49.4112,335.443,26.3461,4.13343,293.886,0.213299,0.00112955,11.2417,6.70344,3.63753,2.26912,1.48965,0.381074,0.467682,0.0519647,0.0519647,0.0173216,0.0173216,0,0,0,0.0173216
67290,67316,67303,10.9,-105.719,39.4363,246.142,-48.5679,335.217,26.4978,3.89109,191.972,0.148009,0.000934492,11.116,6.50696,4.15722,2.22321,1.51829,0.488022,0.253048,0.180749,0.0180749,0.0180749,0.0180749,0,0,0,0
67317,67345,67331,10.8,-105.725,39.4321,250.024,-47.6856,335.031,26.0995,4.10723,234.678,0.171413,0.0011205,11.2583,6.32185,3.64661,2.07013,1.57648,0.557342,0.366253,0.191089,0.0636962,0,0,0.0318481,0.0159241,0,0
67346,67372,67359,10.7,-105.73,39.4278,253.958,-46.8054,334.837,24.9655,3.88839,206.593,0.159393,0.00108474,10.8675,5.84792,3.3961,1.98796,1.6732,0.546689,0.430725,0.0828317,0.0828317,0.0331327,0,0.0165663,0,0,0
67374,67401,67388,10.6,-105.736,39.4236,257.677,-45.8258,334.897,25.3067,3.83671,205.045,0.160329,0.000991636,10.8927,6.20327,3.37313,2.41878,1.44798,0.394903,0.329086,0.148089,0.0493629,0.0164543,0.0164543,0.0164543,0,0,0
67402,67429,67416,10.5,-105.741,39.4192,261.643,-45.0538,334.574,26.2127,4.10704,242.7,0.177281,0.00117692,11.7328,6.38038,3.49149,2.10907,1.24063,0.602592,0.354466,0.141786,0.0531699,0.0531699,0.0354466,0.0177233,0,0,0
67430,67458,67444,10.4,-105.747,39.4149,265.577,-44.0588,334.6,24.8165,3.75214,189.038,0.151144,0.000933109,10.0828,6.12424,3.78105,2.32544,1.47337,0.603549,0.213017,0.12426,0.0532543,0.0177514,0.0177514,0,0,0,0
67460,67487,67474,10.3,-105.752,39.4103,269.587,-43.1754,334.452,22.4749,3.46114,182.905,0.158536,0.000917208,9.23267,5.69787,3.46445,1.81136,1.12551,0.562753,0.369307,0.158274,0.017586,0.017586,0,0,0.017586,0,0
67488,67517,67502,10.2,-105.758,39.4056,273.627,-42.4483,334.091,24.119,3.61968,182.96,0.151637,0.000969991,10.3518,5.66885,3.69708,2.11262,1.30278,0.440128,0.334497,0.105631,0.0352103,0.0704205,0,0,0,0,0
67518,67545,67532,10.1,-105.763,39.401,277.77,-41.8888,333.47,26.0143,4.21475,277.316,0.197389,0.00120242,10.8711,6.56435,3.73369,2.17075,1.38928,0.625176,0.451516,0.069464,0.069464,0.017366,0,0.034732,0,0.017366,0
67546,67571,67558,10,-105.767,39.3969,281.655,-41.0341,333.369,24.5488,3.60892,187.538,0.155896,0.000920967,10.3075,6.506,3.74474,2.04258,0.964553,0.453907,0.321518,0.094564,0.0567384,0.0378256,0,0.0189128,0,0,0
67574,67602,67588,9.9,-105.772,39.3926,285.875,-40.2024,333.145,25.5161,3.7727,188.446,0.14985,0.000949255,10.7516,6.57133,3.49468,2.44126,1.20391,0.501628,0.35114,0.0836047,0.100326,0,0.0167209,0,0,0,0
67604,67634,67619,9.8,-105.778,39.3882,290.118,-39.194,333.186,26.9349,3.99822,214.921,0.161263,0.000986548,11.3355,7.11332,3.84785,2.30871,1.33115,0.49918,0.291188,0.0831967,0.0623975,0.0207992,0.0207992,0.0207992,0,0,0
67635,67668,67652,9.7,-105.783,39.3838,294.351,-38.2714,333.122,27.4442,4.962,492.542,0.297788,0.00161449,11.6082,6.64377,4.00689,2.44538,1.42893,0.500861,0.515592,0.176774,0.0294624,0,0.0147312,0,0.0147312,0.0294624,0.0294624
67669,67700,67684,9.6,-105.788,39.3793,298.91,-37.3817,332.911,26.8944,4.07765,235.824,0.1735,0.000986717,11.2649,7.02118,3.95049,2.29439,1.36283,0.552034,0.276017,0.0345021,0.0517532,0.0172511,0,0.0690042,0,0,0
67701,67733,67717,9.5,-105.793,39.3752,303.13,-36.6714,332.579,26.9139,4.1871,225.648,0.161674,0.00117582,10.9031,6.73831,4.36124,2.31813,1.47339,0.412549,0.392904,0.137516,0.117871,0.0392904,0,0.0196452,0,0,0
67734,67764,67749,9.4,-105.797,39.3712,307.45,-35.8048,332.455,27.5371,4.19033,298.149,0.213455,0.00104859,11.71,7.14643,3.84509,2.40804,1.55357,0.427232,0.291295,0.0776786,0.0388393,0,0.0194196,0,0,0,0.0194196
67767,67799,67783,9.3,-105.802,39.3672,311.829,-35.1042,332.094,29.3547,4.77397,375.065,0.235694,0.00139381,12.6637,7.36561,4.37198,2.47674,1.18453,0.581495,0.430737,0.129221,0.0430737,0.0430737,0.0215369,0,0.0215369,0,0.0215369
67800,67831,67816,9.2,-105.806,39.363,316.688,-34.2835,331.764,22.9389,3.56111,214.033,0.180309,0.000911688,9.74184,5.78272,3.47923,1.84759,1.17574,0.40791,0.311931,0.071984,0.0479894,0,0.0239947,0.0479894,0,0,0
67835,67864,67850,9.1,-105.811,39.359,321.551,-33.565,331.316,17.1761,2.33811,102.625,0.131677,0.000467209,7.16938,4.50936,2.88802,1.21601,0.836006,0.380003,0.152001,0,0,0.0253335,0,0,0,0,0
67865,67897,67881,9,-105.815,39.3552,325.891,-33.0392,330.777,13.8067,1.77301,73.2779,0.123989,0.000326935,6.34905,3.42647,2.08276,1.14216,0.436707,0.201557,0.100779,0.0671858,0,0,0,0,0,0,0
67900,67910,67905,8.9,-105.818,39.3523,328.977,-32.2267,331.005,14.9988,2.17121,108.079,0.149335,0.000629045,6.69587,4.01752,2.14268,1.07134,0.53567,0,0.133917,0.401752,0,0,0,0,0,0,0
67913,67964,67938,8.8,-105.823,39.3463,333.135,-31.74,330.485,16.6116,3.83622,450.14,0.352019,0.00136273,8.6134,2.46097,2.87113,1.43557,0.410162,0.410162,0,0,0,0,0.410162,0,0,0,0
67993,67993,67993,8.6,-105.83,39.3373,339.89,-30.44,330.359,9.07043,0.86044,26.3819,0.0919829,5.57689e-05,5.52113,1.97183,1.1831,0.394366,0,0,0,0,0,0,0,0,0,0,0
68061,68061,68061,8.5,-105.835,39.3312,347.7,-29.32,329.741,9.81387,1.07624,37.8421,0.105484,0.000118808,6.28088,1.17766,0.78511,1.17766,0.392555,0,0,0,0,0,0,0,0,0,0
68144,68144,68144,8.2,-105.847,39.315,356.81,-27.51,329.735,7.25578,0.885626,32.3024,0.109422,0.000106313,2.82169,2.41859,0.806198,0.806198,0.403099,0,0,0,0,0,0,0,0,0,0
