data/B2SAP/Locations/Boulder/NOAA-POPS-B2SAP_GMLBalloon_20220713_R0.ict
61,1001
Thornberry, T. D.
NOAA Chemical Sciences Laboratory
Portable Optical Particle Spectrometer (POPS)
Balloon Baseline Stratospheric Aerosol Profiles (B2SAP)
1,1
2022,07,13,2024,05,28
0
TIME_START,s,Seconds since midnight UTC on flight start day,Start time of 100 m altitude bin in UTC_seconds_since_midnight
28
1.0,1.0,1.0,1.0,1.0,1.0,1.0,1.0,1.0,1.0,1.0,1.0,1.0,1.0,1.0,1.0,1.0,1.0,1.0,1.0,1.0,1.0,1.0,1.0,1.0,1.0,1.0,1.0
99999,99999,99999,99999,99999,99999,99999,99999,99999,99999,99999,99999,99999,99999,99999,99999,99999,99999,99999,99999,99999,99999,99999,99999,99999,99999,99999,99999
TIME_STOP,s,End time of 100 m altitude bin in UTC seconds since midnight,
TIME_MID,s,Mid time of 100 m altitude in UTC seconds since midnight,
GPSAlt,m,GPS reported altitude above sea level (m),
GPS_Lon,deg,GPS reported longitude,
GPS_Lat,deg,GPS reported latitude,
iMet_Pressure,mb,Pressure reported (mB),
iMet_Temperature,degrees C,Ambient temperature (oC),
THETA,K,Potential temperature from iMet,
Aerosol_concentration,cm^-3,Aerosol concentration,
Surface_Area_Conc,um^2 cm^-3,Surface area concentration,
Volume_density,um^3 cm^-3,Volume density,
Effective_radius,um,Effective radius,
Extinction,km^-1,Extinction,
Bin01,cm^-3,particle concentration in size range [140 - 170 nm],
Bin02,cm^-3,particle concentration in size range [170 - 205 nm],
Bin03,cm^-3,particle concentration in size range [205 - 249 nm],
Bin04,cm^-3,particle concentration in size range [249 - 302 nm],
Bin05,cm^-3,particle concentration in size range [302 - 366 nm],
Bin06,cm^-3,particle concentration in size range [366 - 443 nm],
Bin07,cm^-3,particle concentration in size range [443 - 537 nm],
Bin08,cm^-3,particle concentration in size range [537 - 651 nm],
Bin09,cm^-3,particle concentration in size range [651 - 789 nm],
Bin10,cm^-3,particle concentration in size range [789 - 956 nm],
Bin11,cm^-3,particle concentration in size range [956 - 1159 nm],
Bin12,cm^-3,particle concentration in size range [1159 - 1404 nm],
Bin13,cm^-3,particle concentration in size range [1404 - 1702 nm],
Bin14,cm^-3,particle concentration in size range [1702 - 2062 nm],
Bin15,cm^-3,particle concentration in size range [2062 - 2500 nm],
0
19
PI_CONTACT_INFO: 325 Broadway R/CSL6, Boulder, CO 80305; troy.thornberry@noaa.gov; 303-497-3373 
PLATFORM: GML ECC/FPH balloon
LOCATION: Boulder, CO, USA
ASSOCIATED_DATA: N/A
INSTRUMENT_INFO: Printed Optical Particle Spectrometer counts particles from 140 - 2500 nm in diameter 
DATA_INFO: Particle concentrations reported in number per cubic centimeter, binned to 100 m altitude
UNCERTAINTY: Counting uncertainty dominated by air flow, less than 5 percent
ULOD_FLAG: -77777
ULOD_VALUE: 3000 ~3000 per cm3 (varies depending on flow rate- manufacturer quotes 1250  per cm3 at 1.667 cc/s)
LLOD_FLAG: -88888
LLOD_VALUE: 0 0 (varies depending on data field and measurement precision)
DM_CONTACT_INFO: Troy Thornberry, 325 Broadway R/CSL6, Boulder, CO 80305; troy.thornberry@noaa.gov; 303-497-3373
PROJECT_INFO: B2SAP Boulder, CO, USA
STIPULATIONS_ON_USE: Please contact the PIs for questions regarding applications and uncertainties
OTHER_COMMENTS: POPS bin Edges (nm):  140, 170, 205, 249, 302, 366, 443, 537, 651, 789, 956, 1159, 1404, 1702, 2062, 2500
Calculations assume sulfate refractive index of 1.45+0.00j and extinction wavelength = 532 nm
REVISION: R0
R0: QA/QC data
TIME_START,TIME_STOP,TIME_MID,GPSAlt,GPS_Lon,GPS_Lat,iMet_Pressure,iMet_Temperature,THETA,Aerosol_concentration,Surface_Area_Conc,Volume_density,Effective_radius,Extinction,Bin01,Bin02,Bin03,Bin04,Bin05,Bin06,Bin07,Bin08,Bin09,Bin10,Bin11,Bin12,Bin13,Bin14,Bin15
[from data line 308]
68536,68562,68549,15.9,-105.429,39.7878,113.536,-66.146,385.425,9.00969,1.22319,66.8472,0.163949,0.000307347,4.78776,2.19076,0.957551,0.391726,0.391726,0.116067,0.101558,0.0290167,0.0145084,0.0145084,0.0145084,0,0,0,0
68564,68590,68577,15.8,-105.427,39.787,115.492,-67.3919,381.246,8.69625,1.28714,66.2665,0.154451,0.000378221,4.50192,1.91541,0.727017,0.587206,0.531282,0.181754,0.153792,0.0559244,0.0279622,0.0139811,0,0,0,0,0
68591,68617,68604,15.7,-105.425,39.7863,117.385,-67.6044,379.083,9.51458,1.30533,60.5707,0.139207,0.0003286,4.947,2.20353,1.05069,0.408601,0.394009,0.262672,0.204301,0.0291858,0.0145929,0,0,0,0,0,0
68618,68644,68631,15.6,-105.423,39.7858,119.409,-67.2407,377.902,8.98047,1.34594,72.2699,0.161084,0.000440574,4.72656,2.16071,0.783259,0.378125,0.36462,0.189062,0.24308,0.0945312,0.0270089,0.0135045,0,0,0,0,0
68645,68671,68658,15.5,-105.421,39.7853,121.419,-66.6404,377.207,8.57814,1.31868,79.8094,0.181566,0.000430518,4.63756,1.88987,0.831008,0.28147,0.495924,0.12063,0.187647,0.0670167,0.04021,0.0134033,0,0.0134033,0,0,0
68672,68699,68686,15.4,-105.419,39.7849,123.44,-66.7096,375.298,7.58741,1.02384,48.3069,0.141546,0.000271015,4.02068,1.97143,0.726316,0.142669,0.337218,0.155639,0.181579,0.0389098,0.0129699,0,0,0,0,0,0
68700,68728,68714,15.3,-105.416,39.7849,125.539,-66.8969,373.159,7.90795,1.05236,52.7123,0.150268,0.000292082,4.50991,1.84894,0.587162,0.324813,0.324813,0.112435,0.124928,0.0249856,0.0374784,0.0124928,0,0,0,0,0
68729,68756,68742,15.2,-105.413,39.7851,127.652,-67.0978,371.027,8.83928,1.18348,55.2404,0.140029,0.000298515,4.90922,1.8376,0.912096,0.375569,0.415808,0.187784,0.134132,0.0402395,0.0268263,0,0,0,0,0,0
68757,68785,68771,15.1,-105.411,39.7849,129.73,-66.4369,370.494,7.82138,1.16802,76.0271,0.195272,0.000343355,4.4159,1.7963,0.561343,0.249486,0.4366,0.17464,0.0997944,0.0249486,0.0249486,0.0124743,0,0.0249486,0,0,0
68786,68813,68800,15,-105.41,39.7842,131.883,-66.2371,369.116,8.28453,1.05254,49.9478,0.142363,0.000265452,4.89071,1.67755,0.877489,0.309702,0.206468,0.103234,0.167755,0.0258085,0.0129043,0.0129043,0,0,0,0,0
68814,68843,68828,14.9,-105.409,39.7829,134.095,-65.5413,368.606,7.26561,1.00471,53.8696,0.160851,0.000297727,4.05106,1.58935,0.776751,0.310701,0.2151,0.10755,0.1434,0.0358501,0,0.0358501,0,0,0,0,0
68844,68873,68858,14.8,-105.407,39.781,136.393,-65.351,367.149,8.32705,1.19998,78.8791,0.197201,0.000382519,4.88632,1.93541,0.621243,0.310622,0.262834,0.0597349,0.107523,0.0477879,0.0597349,0.011947,0.011947,0.011947,0,0,0
68874,68900,68887,14.7,-105.406,39.7788,138.687,-64.6662,366.61,9.29582,1.37773,72.8545,0.15864,0.000446696,5.21775,2.07337,0.576698,0.439389,0.357004,0.205964,0.30208,0.109847,0,0.0137309,0,0,0,0,0
68901,68926,68914,14.6,-105.404,39.7764,140.958,-64.0331,366.026,8.33107,1.20156,60.0964,0.150046,0.000359613,4.42588,1.91834,0.808442,0.301453,0.424775,0.0959169,0.260346,0.0822145,0.0137024,0,0,0,0,0,0
68927,68952,68940,14.5,-105.402,39.7743,143.387,-63.9204,364.436,9.5281,1.66951,125.583,0.225665,0.000607366,5.11999,2.09454,0.739249,0.438074,0.492833,0.205347,0.301176,0.0273796,0.0273796,0.0410694,0.0136898,0.0136898,0.0136898,0,0
68953,68977,68965,14.4,-105.399,39.7726,145.776,-63.4968,363.451,8.98584,1.49218,99.0741,0.199187,0.000536958,4.62778,2.2855,0.738173,0.3265,0.397478,0.141956,0.283913,0.113565,0.0425869,0,0.0283913,0,0,0,0
68978,69003,68990,14.3,-105.397,39.7709,148.188,-62.92,362.751,8.34722,1.17471,62.6593,0.16002,0.000372346,4.75435,1.92032,0.603973,0.356189,0.30973,0.123892,0.123892,0.108405,0.030973,0.0154865,0,0,0,0,0
69004,69029,69016,14.2,-105.395,39.7693,150.59,-61.9892,362.69,8.63466,1.09471,48.5205,0.132968,0.000249229,4.6707,2.25853,0.691387,0.322647,0.384104,0.122913,0.138277,0.0307283,0.0153642,0,0,0,0,0,0
69030,69056,69043,14.1,-105.392,39.7677,153.051,-61.2248,362.312,8.7177,1.37055,87.3139,0.191121,0.000472691,4.50611,2.29723,0.647937,0.382872,0.412324,0.132533,0.206162,0.0589034,0.0147258,0.0441775,0.0147258,0,0,0,0
69057,69086,69072,14,-105.389,39.766,155.646,-60.7453,361.396,7.77375,1.00156,47.9446,0.143609,0.00025267,4.41751,1.71129,0.75615,0.331645,0.318379,0.0663289,0.0928605,0.0530631,0.0132658,0.0132658,0,0,0,0,0
69087,69117,69102,13.9,-105.385,39.7643,158.245,-60.4006,360.278,6.19536,0.840704,49.3337,0.176044,0.000220278,3.64809,1.36963,0.422411,0.281607,0.268807,0.0640016,0.102403,0,0.0128003,0.0128003,0,0.0128003,0,0,0
69118,69150,69134,13.8,-105.381,39.7625,160.883,-60.7852,357.924,5.15098,0.625484,27.2794,0.13084,0.000139183,3.03282,1.1674,0.43326,0.16849,0.19256,0.02407,0.12035,0,0.012035,0,0,0,0,0,0
69151,69183,69167,13.7,-105.376,39.7609,163.524,-60.3425,357.007,4.11892,0.622034,36.1244,0.174224,0.000216557,2.31303,0.878209,0.383443,0.13606,0.160799,0.0618457,0.13606,0.0247383,0,0.0247383,0,0,0,0,0
69184,69216,69200,13.6,-105.371,39.7594,166.161,-59.44,356.891,3.91431,0.664304,46.2154,0.208709,0.000286675,2.13616,0.883106,0.322214,0.167074,0.202876,0.0358016,0.0477354,0.0477354,0.0238677,0.0477354,0,0,0,0,0
69217,69251,69234,13.5,-105.366,39.7577,168.826,-58.4489,356.921,3.86422,0.549129,28.0629,0.153313,0.000170753,2.31183,0.714769,0.279207,0.178692,0.156356,0.0670096,0.100514,0.0446731,0.0111683,0,0,0,0,0,0
69252,69285,69268,13.4,-105.361,39.7554,171.572,-58.1409,355.78,3.6813,0.512302,28.0145,0.164051,0.000162991,2.18109,0.761649,0.288504,0.150022,0.138482,0.0461606,0.0692408,0.0115401,0.0230803,0.0115401,0,0,0,0,0
69286,69319,69302,13.3,-105.356,39.7529,174.301,-57.8859,354.605,3.5951,0.474456,28.2246,0.178465,0.00011676,2.18233,0.723615,0.356065,0.0804017,0.149317,0.0229719,0.0459438,0.0229719,0,0,0.011486,0,0,0,0
69320,69353,69336,13.2,-105.351,39.7501,177.083,-57.24,354.067,3.92058,0.534109,26.3995,0.148282,0.000155166,2.3547,0.812373,0.23547,0.129509,0.188376,0.0706411,0.0824146,0.0353206,0.0117735,0,0,0,0,0,0
69354,69385,69370,13.1,-105.346,39.7478,179.868,-56.9275,352.995,4.18594,0.551216,25.613,0.139399,0.000142759,2.40752,0.943651,0.290354,0.193569,0.157275,0.0604904,0.0967847,0.0362943,0,0,0,0,0,0,0
69386,69415,69400,13,-105.341,39.7457,182.778,-56.491,352.09,3.67862,0.473915,21.7426,0.137636,0.000121441,2.15554,0.877705,0.232334,0.116167,0.103259,0.0645372,0.116167,0.0129074,0,0,0,0,0,0,0
69416,69443,69430,12.9,-105.337,39.7439,185.71,-55.5871,351.96,3.98574,0.679016,51.8943,0.229277,0.00027823,2.2756,0.882656,0.303413,0.17929,0.110332,0.0689575,0.0689575,0.0137915,0.0413745,0.027583,0.0137915,0,0,0,0
69444,69469,69456,12.8,-105.333,39.7423,188.594,-55.0664,351.254,4.21748,0.593172,31.9557,0.161618,0.000189386,2.46276,0.938927,0.292453,0.184707,0.107746,0.0307845,0.169315,0.0153922,0,0.0153922,0,0,0,0,0
69470,69494,69482,12.7,-105.33,39.7409,191.554,-54.3068,350.904,4.87415,0.747449,49.3387,0.198028,0.000227604,2.66003,1.07631,0.476652,0.199886,0.230638,0.0615035,0.123007,0.0153759,0,0.0153759,0,0.0153759,0,0,0
69495,69521,69508,12.6,-105.326,39.7397,194.606,-54.0707,349.702,4.65609,0.623747,29.811,0.14338,0.000167231,2.73971,0.936896,0.397471,0.127759,0.212931,0.127759,0.070977,0.0283908,0.0141954,0,0,0,0,0,0
69522,69546,69534,12.5,-105.322,39.7386,197.718,-53.3592,349.257,4.58437,0.512778,20.1705,0.118007,8.75645e-05,2.96536,0.869156,0.289719,0.170423,0.170423,0.0852114,0.0170423,0.0170423,0,0,0,0,0,0,0
69547,69571,69559,12.4,-105.319,39.7374,200.864,-52.5364,348.984,4.84314,0.728231,51.0076,0.21013,0.000227775,2.56297,1.36103,0.424216,0.141405,0.141405,0.0883784,0.053027,0.0176757,0.0176757,0.0176757,0,0.0176757,0,0,0
69572,69595,69584,12.3,-105.315,39.736,203.987,-51.9954,348.296,5.01709,0.820464,67.9641,0.248509,0.000274125,2.81178,1.24968,0.441063,0.165399,0.110266,0.0735105,0.0735105,0.0367553,0,0.0183776,0.0183776,0.0183776,0,0,0
69596,69620,69608,12.2,-105.312,39.7345,207.142,-51.2408,347.959,4.29272,0.549096,24.2498,0.13249,0.000125651,2.50555,0.928629,0.210256,0.315383,0.157692,0.0700852,0.0876065,0.0175213,0,0,0,0,0,0,0
69621,69646,69634,12.1,-105.309,39.7328,210.3,-50.1588,348.152,5.12979,0.617492,25.9053,0.125857,0.000127774,3.01135,1.17302,0.437696,0.122555,0.210094,0.0525235,0.122555,0,0,0,0,0,0,0,0
69647,69672,69660,12,-105.305,39.7312,213.62,-49.8772,347.029,4.90056,0.755524,43.3783,0.172245,0.000261032,2.68571,0.976623,0.470872,0.226716,0.261596,0.122078,0.0697588,0.0348794,0.0348794,0.0174397,0,0,0,0,0
69674,69699,69686,11.9,-105.3,39.7295,216.995,-49.004,346.828,4.51614,0.569036,27.644,0.145741,0.00015437,2.82042,0.91707,0.311458,0.155729,0.155729,0.0519096,0.0519096,0.0173032,0.0346064,0,0,0,0,0,0
69700,69727,69714,11.8,-105.296,39.7278,220.356,-48.2638,346.452,5.1566,0.794078,52.5494,0.19853,0.000276513,3.07732,1.06459,0.415854,0.182976,0.0665367,0.0998051,0.149708,0.0665367,0.0166342,0,0.0166342,0,0,0,0
69728,69757,69742,11.7,-105.292,39.7261,223.669,-47.4215,346.274,5.43432,0.714104,34.6287,0.145478,0.000194065,3.04852,1.35858,0.430769,0.215385,0.0994083,0.149112,0.0828402,0.016568,0.0331361,0,0,0,0,0,0
69758,69789,69774,11.6,-105.287,39.7241,227.197,-46.8958,345.525,4.30196,0.557991,26.7099,0.143604,0.000150416,2.7163,0.689417,0.41365,0.124095,0.179248,0.0689417,0.0551534,0.041365,0.0137883,0,0,0,0,0,0
69790,69819,69804,11.5,-105.283,39.7218,230.612,-46.8111,344.184,4.26015,0.468565,18.3382,0.117411,8.24137e-05,2.54383,1.11867,0.291161,0.10727,0.10727,0,0.0919457,0,0,0,0,0,0,0,0
69824,69852,69838,11.4,-105.28,39.719,234.292,-46.094,343.719,3.68823,0.467038,21.0262,0.135061,0.000114235,1.99779,0.990357,0.392728,0.0683005,0.0512254,0.0683005,0.102451,0.0170751,0,0,0,0,0,0,0
69855,69887,69871,11.3,-105.277,39.7162,237.726,-46.0524,342.361,3.21046,0.472519,27.8288,0.176684,0.000159515,1.84376,0.696244,0.180508,0.219188,0.128934,0.0128934,0.103147,0,0,0.0257868,0,0,0,0,0
69888,69923,69906,11.2,-105.273,39.7125,241.612,-45.4796,341.627,2.17497,0.274332,12.3345,0.134886,6.47662e-05,1.34719,0.292161,0.27593,0.0973869,0.113618,0,0.0162311,0.0324623,0,0,0,0,0,0,0
69924,69959,69942,11.1,-105.269,39.7094,244.996,-44.7303,341.395,2.42227,0.32932,16.7985,0.153029,9.67588e-05,1.33688,0.542695,0.277966,0.0926552,0.0661823,0.0397094,0.0397094,0,0.0264729,0,0,0,0,0,0
69960,69995,69978,11,-105.265,39.706,248.731,-44.1116,340.848,2.25961,0.32182,15.6945,0.146304,9.16957e-05,1.22891,0.475707,0.184997,0.145355,0.118927,0.0132141,0.0660705,0.0264282,0,0,0,0,0,0,0
69996,70032,70014,10.9,-105.261,39.7026,252.546,-43.6655,340.032,4.44725,0.539861,21.7982,0.121132,9.76209e-05,2.37698,1.17571,0.306707,0.255589,0.217251,0.0511178,0.0638972,0,0,0,0,0,0,0,0
70033,70068,70050,10.8,-105.256,39.6991,256.242,-42.982,339.623,11.9526,1.52952,63.0302,0.123627,0.000284379,5.43044,3.23307,1.79149,0.643815,0.517852,0.167952,0.13996,0.027992,0,0,0,0,0,0,0
70069,70104,70086,10.7,-105.252,39.696,260.101,-42.1683,339.375,20.8935,2.92335,139.271,0.142923,0.000684495,8.68766,6.29436,3.02752,1.08895,1.02912,0.275229,0.358994,0.0957317,0.0239329,0,0.0119665,0,0,0,0
70105,70140,70122,10.6,-105.247,39.6933,264.001,-41.3576,339.125,30.9679,3.94108,159.502,0.121415,0.000692088,12.825,9.72077,4.5512,1.90458,1.1749,0.408124,0.321552,0.0618369,0,0,0,0,0,0,0
70141,70176,70158,10.5,-105.243,39.6907,267.863,-40.3982,339.117,31.6102,4.06802,174.928,0.129003,0.000808983,14.2914,8.97195,4.51049,1.63015,1.39727,0.34319,0.355446,0.0612838,0.0245135,0.0245135,0,0,0,0,0
70177,70213,70195,10.4,-105.239,39.6882,271.852,-39.3472,339.207,30.3548,3.82943,170.415,0.133505,0.000724279,13.3712,9.6672,4.0366,1.52519,1.07796,0.321093,0.217885,0.0688057,0.0458705,0.0114676,0,0,0.0114676,0,0
70214,70250,70232,10.3,-105.234,39.6859,276.041,-38.4539,339.023,33.2058,4.17468,178.944,0.128593,0.000756462,14.9478,10.1026,4.3297,1.68377,1.37451,0.37799,0.286356,0.0801797,0,0.0114542,0,0.0114542,0,0,0
70251,70283,70267,10.2,-105.231,39.6841,280.017,-37.6797,338.757,31.4169,3.98278,177.464,0.133674,0.000713109,14.2317,9.08484,4.47388,1.66992,1.27113,0.336476,0.261703,0.0498483,0.0124621,0,0.0124621,0.0124621,0,0,0
70284,70318,70301,10.1,-105.227,39.6826,284.152,-36.8877,338.472,31.8368,4.22585,203.119,0.144197,0.000902959,14.5297,9.09818,4.36439,1.62809,1.28606,0.3694,0.410444,0.0957703,0,0.0273629,0.0136815,0.0136815,0,0,0
70319,70351,70335,10,-105.224,39.6812,288.335,-35.8369,338.559,34.9259,4.56483,214.074,0.140689,0.000978733,15.9077,10.4232,4.55776,1.70123,1.32035,0.482437,0.35548,0.0761743,0.0507829,0.0380871,0,0,0.0126957,0,0
70352,70383,70368,9.9,-105.222,39.6797,292.451,-35.0677,338.287,40.482,5.14713,232.228,0.135354,0.00101725,18.7748,12.0414,5.09079,1.71051,2.00916,0.420839,0.271509,0.0543017,0.0407263,0.0543017,0,0.0135754,0,0,0
70384,70414,70399,9.8,-105.219,39.6781,296.625,-34.2976,338.013,35.8844,4.49678,200.279,0.133615,0.000775795,16.475,10.634,4.62529,1.90042,1.49519,0.405237,0.293448,0.0139737,0.0139737,0,0.0139737,0,0.0139737,0,0
70415,70446,70430,9.7,-105.217,39.6765,301.033,-33.4876,337.727,30.6799,4.22225,273.505,0.194331,0.00103384,14.5816,8.73785,3.92368,1.43312,1.05745,0.403499,0.375672,0.0695689,0.0139138,0.0556551,0,0.0139138,0,0,0.0139138
70447,70477,70462,9.6,-105.214,39.6749,305.484,-32.317,337.955,32.4024,3.98227,163.243,0.122977,0.00071404,15.0631,9.90816,3.76242,1.74062,1.12471,0.44185,0.267788,0.066947,0.0133894,0.0133894,0,0,0,0,0
70478,70507,70492,9.5,-105.212,39.6734,309.813,-31.5873,337.623,33.2719,4.17265,173.792,0.124951,0.000767003,15.5028,9.56182,4.11708,1.8775,1.36789,0.429142,0.375499,0.0134107,0,0.0268214,0,0,0,0,0
70508,70538,70523,9.4,-105.209,39.672,314.249,-30.4742,337.807,32.4419,4.15671,196.163,0.141576,0.000847103,15.605,9.13711,4.09373,1.53996,1.18064,0.474822,0.282327,0.0513321,0.012833,0.0384991,0.025666,0,0,0,0
70539,70569,70554,9.3,-105.207,39.6707,318.614,-29.6352,337.636,32.6296,4.08989,176.343,0.129351,0.000758952,15.6958,9.14785,3.7967,1.80206,1.4444,0.316392,0.343904,0.0412685,0.0275123,0,0.0137562,0,0,0,0
70570,70601,70586,9.2,-105.204,39.6694,323.06,-29.0835,337.062,31.7071,4.17093,208.805,0.150186,0.000868932,14.924,8.85952,4.24385,1.55138,1.35906,0.320533,0.269247,0.10257,0.0128213,0.0256426,0.0128213,0.0128213,0.0128213,0,0
70602,70634,70618,9.1,-105.201,39.668,327.755,-28.2073,336.884,28.7122,3.78767,178.396,0.141297,0.000769757,13.7251,7.63176,3.47335,1.63452,1.4302,0.40863,0.3245,0.0360556,0.0120185,0.0120185,0,0.024037,0,0,0
70635,70667,70651,9,-105.198,39.6668,332.428,-27.3465,336.706,29.8982,4.05897,209.784,0.155052,0.000934824,14.746,7.86794,3.52788,1.37054,1.38323,0.355326,0.507609,0.0634511,0.0253804,0.0126902,0,0.0253804,0.0126902,0,0
70668,70701,70684,8.9,-105.195,39.6655,337.123,-26.6259,336.34,30.0087,3.99706,203.629,0.152834,0.000883678,14.5654,8.30496,3.48831,1.36298,1.44384,0.404275,0.300318,0.0346521,0.0231014,0.0462028,0,0.0346521,0,0,0
70702,70737,70720,8.8,-105.192,39.6643,341.918,-25.825,336.069,32.655,4.34851,231.321,0.159587,0.000983849,15.8071,8.98771,3.84878,1.63709,1.42025,0.487873,0.314407,0.0542082,0.0325249,0.0433665,0.0108416,0,0,0.0108416,0
70738,70775,70756,8.7,-105.189,39.6632,346.749,-24.8568,336.039,32.1413,4.33056,236.41,0.163774,0.000960884,16.2199,8.08935,3.91088,1.67756,1.36881,0.339629,0.349921,0.0926261,0,0.0308754,0.0205836,0.0205836,0.0205836,0,0
70776,70815,70796,8.6,-105.186,39.6621,351.559,-23.9246,335.979,22.5033,3.14539,186.416,0.177799,0.000729927,11.4845,5.74722,2.44752,1.08008,0.971082,0.346815,0.307179,0.039636,0.009909,0,0.019818,0.039636,0.009909,0,0
70816,70854,70835,8.5,-105.182,39.6613,356.299,-23.4429,335.343,42.8588,6.02717,290.688,0.144689,0.00126952,18.1683,11.1255,6.77738,2.89876,2.5211,0.785931,0.45931,0.0408276,0.0204138,0.0204138,0.0102069,0.0306207,0,0,0
70855,70893,70874,8.4,-105.178,39.6606,361.215,-22.7056,335.011,78.1954,11.576,613.607,0.15902,0.00264005,30.0957,21.2324,12.993,5.9419,5.07042,1.71325,0.930898,0.0693222,0.0495158,0.059419,0.00990317,0,0.00990317,0.00990317,0.00990317
