data/B2SAP/Locations/Boulder/NOAA-POPS-B2SAP_GMLBalloon_20220526_R0.ict
61,1001
Thornberry, T. D.
NOAA Chemical Sciences Laboratory
Portable Optical Particle Spectrometer (POPS)
Balloon Baseline Stratospheric Aerosol Profiles (B2SAP)
1,1
2022,05,26,2024,05,28
0
TIME_START,s,Seconds since midnight UTC on flight start day,Start time of 100 m altitude bin in UTC_seconds_since_midnight
28
1.0,1.0,1.0,1.0,1.0,1.0,1.0,1.0,1.0,1.0,1.0,1.0,1.0,1.0,1.0,1.0,1.0,1.0,1.0,1.0,1.0,1.0,1.0,1.0,1.0,1.0,1.0,1.0
99999,99999,99999,99999,99999,99999,99999,99999,99999,99999,99999,99999,99999,99999,99999,99999,99999,99999,99999,99999,99999,99999,99999,99999,99999,99999,99999,99999
TIME_STOP,s,End time of 100 m altitude bin in UTC seconds since midnight,
TIME_MID,s,Mid time of 100 m altitude in UTC seconds since midnight,
GPSAlt,m,GPS reported altitude above sea level (m),
GPS_Lon,deg,GPS reported longitude,
GPS_Lat,deg,GPS reported latitude,
iMet_Pressure,mb,Pressure reported (mB),
iMet_Temperature,degrees C,Ambient temperature (oC),
THETA,K,Potential temperature from iMet,
Aerosol_concentration,cm^-3,Aerosol concentration,
Surface_Area_Conc,um^2 cm^-3,Surface area concentration,
Volume_density,um^3 cm^-3,Volume density,
Effective_radius,um,Effective radius,
Extinction,km^-1,Extinction,
Bin01,cm^-3,particle concentration in size range [140 - 170 nm],
Bin02,cm^-3,particle concentration in size range [170 - 205 nm],
Bin03,cm^-3,particle concentration in size range [205 - 249 nm],
Bin04,cm^-3,particle concentration in size range [249 - 302 nm],
Bin05,cm^-3,particle concentration in size range [302 - 366 nm],
Bin06,cm^-3,particle concentration in size range [366 - 443 nm],
Bin07,cm^-3,particle concentration in size range [443 - 537 nm],
Bin08,cm^-3,particle concentration in size range [537 - 651 nm],
Bin09,cm^-3,particle concentration in size range [651 - 789 nm],
Bin10,cm^-3,particle concentration in size range [789 - 956 nm],
Bin11,cm^-3,particle concentration in size range [956 - 1159 nm],
Bin12,cm^-3,particle concentration in size range [1159 - 1404 nm],
Bin13,cm^-3,particle concentration in size range [1404 - 1702 nm],
Bin14,cm^-3,particle concentration in size range [1702 - 2062 nm],
Bin15,cm^-3,particle concentration in size range [2062 - 2500 nm],
0
19
PI_CONTACT_INFO: 325 Broadway R/CSL6, Boulder, CO 80305; troy.thornberry@noaa.gov; 303-497-3373 
PLATFORM: GML ECC/FPH balloon
LOCATION: Boulder, CO, USA
ASSOCIATED_DATA: N/A
INSTRUMENT_INFO: Printed Optical Particle Spectrometer counts particles from 140 - 2500 nm in diameter 
DATA_INFO: Particle concentrations reported in number per cubic centimeter, binned to 100 m altitude
UNCERTAINTY: Counting uncertainty dominated by air flow, less than 5 percent
ULOD_FLAG: -77777
ULOD_VALUE: 3000 ~3000 per cm3 (varies depending on flow rate- manufacturer quotes 1250  per cm3 at 1.667 cc/s)
LLOD_FLAG: -88888
LLOD_VALUE: 0 0 (varies depending on data field and measurement precision)
DM_CONTACT_INFO: Troy Thornberry, 325 Broadway R/CSL6, Boulder, CO 80305; troy.thornberry@noaa.gov; 303-497-3373
PROJECT_INFO: B2SAP Boulder, CO, USA
STIPULATIONS_ON_USE: Please contact the PIs for questions regarding applications and uncertainties
OTHER_COMMENTS: POPS bin Edges (nm):  140, 170, 205, 249, 302, 366, 443, 537, 651, 789, 956, 1159, 1404, 1702, 2062, 2500
Calculations assume sulfate refractive index of 1.45+0.00j and extinction wavelength = 532 nm
REVISION: R0
R0: QA/QC data
TIME_START,TIME_STOP,TIME_MID,GPSAlt,GPS_Lon,GPS_Lat,iMet_Pressure,iMet_Temperature,THETA,Aerosol_concentration,Surface_Area_Conc,Volume_density,Effective_radius,Extinction,Bin01,Bin02,Bin03,Bin04,Bin05,Bin06,Bin07,Bin08,Bin09,Bin10,Bin11,Bin12,Bin13,Bin14,Bin15
60183,60195,60189,1.8,-105.198,39.9491,822.848,20.1985,310.157,196.736,30.4515,1819.59,0.179261,0.00805108,83.5208,51.9459,26.6389,13.2672,12.0659,4.43982,3.81302,0.470098,0.156699,0.130583,0.0522331,0.104466,0.0783497,0.0261166,0.0261166
60195,60208,60202,1.9,-105.198,39.949,814.878,19.43,310.204,198.729,31.2578,2081.49,0.199773,0.00841569,83.7715,51.8976,29.4404,13.305,11.3212,4.28512,3.49158,0.58193,0.158708,0.105805,0.0793541,0.0793541,0.105805,0.0529027,0.0529027
60209,60220,60214,2,-105.199,39.949,805.562,18.4458,310.176,196.94,29.1774,1657.49,0.170422,0.00717339,86.3482,51.6454,25.7381,12.5731,12.3475,4.42594,2.93184,0.563815,0.112763,0.0563815,0.0281907,0.0563815,0.0563815,0.0281907,0.0281907
60221,60234,60228,2.1,-105.2,39.9491,795.477,17.3886,310.165,188.821,29.7758,1867.41,0.188147,0.00807746,80.5747,48.2911,25.4755,12.9573,12.1033,4.83155,3.41625,0.732053,0.0732053,0.0976071,0.0244018,0.0732053,0.0732053,0.0732053,0.0244018
60235,60248,60242,2.2,-105.2,39.9491,786.189,16.3229,310.072,191.678,30.1566,2003.36,0.199295,0.00818329,82.445,51.0728,25.6231,12.0186,11.4982,4.38616,3.5684,0.495612,0.0991223,0.0743418,0.0991223,0.123903,0.0495612,0.0991223,0.0247806
60249,60264,60256,2.3,-105.201,39.9489,776.872,15.3476,310.08,194.297,30.6902,1990.19,0.194544,0.00819328,81.1628,51.478,27.8637,12.4446,12.4648,4.18865,3.64231,0.465406,0.101175,0.101175,0.0809402,0.0809402,0.141645,0.0404701,0.0404701
60266,60280,60273,2.4,-105.201,39.9488,767.761,14.3886,310.09,197.919,30.6086,1878.3,0.184096,0.00815979,83.7226,51.5101,28.8099,12.9645,11.7972,4.29665,3.52673,0.794756,0.173853,0.0745084,0,0.124181,0.0248361,0.0745084,0.0248361
60280,60296,60288,2.5,-105.202,39.9486,758.382,13.3635,310.069,223.676,35.3252,2318.08,0.196864,0.00990947,95.8287,58.3972,31.0028,14.7859,13.1062,4.66597,4.35491,0.642867,0.331802,0.207376,0.145164,0.0207376,0.0829506,0.0414753,0.0622129
60297,60311,60304,2.6,-105.202,39.9482,749.406,12.3927,310.077,220.403,33.805,2006.84,0.178095,0.00881015,92.5958,58.7788,32.8408,13.1317,13.5268,4.41596,3.78843,0.557806,0.232419,0.162693,0.11621,0.139451,0.0697257,0.0232419,0.0232419
60312,60327,60320,2.7,-105.203,39.9477,740.403,11.525,310.204,198.316,30.3905,1774.12,0.175132,0.00781934,84.4165,51.3601,27.2036,13.547,12.1879,5.12944,3.46347,0.548017,0.197286,0.0219207,0.0876827,0.065762,0.0438414,0,0.0438414
60328,60339,60334,2.8,-105.202,39.9473,731.864,10.5538,310.17,194.754,30.3129,1702.41,0.168484,0.00822568,79.156,52.2186,27.7521,13.9032,12.2196,4.37191,3.80166,0.570249,0.488785,0.108619,0.0543095,0.0543095,0.0271547,0,0.0271547
60341,60353,60347,2.9,-105.202,39.9474,723.252,9.53692,310.102,203.509,31.4143,1930.13,0.184323,0.00823514,85.6446,53.7539,28.5208,13.37,12.959,4.57538,3.67126,0.575347,0.10959,0.0821925,0.054795,0.0273975,0.054795,0.0821925,0.0273975
60354,60370,60362,3,-105.202,39.9475,714.534,9.06059,310.657,184.616,29.9269,1874.21,0.187879,0.0083002,75.312,46.6737,28.3233,12.6605,12.1146,4.40912,3.94721,0.587883,0.125975,0.104979,0.125975,0.0839832,0.0839832,0.0419916,0.0209958
60371,60390,60380,3.1,-105.201,39.9474,705.483,8.268,310.918,176.041,27.5512,1501.34,0.163479,0.00719162,70.1496,45.5519,26.1617,13.0098,12.7076,4.10554,3.48349,0.373231,0.248821,0.0888645,0.0355458,0.0888645,0.0177729,0,0.0177729
60391,60411,60401,3.2,-105.199,39.9472,696.722,7.34524,311.004,177.667,27.2754,1499.2,0.164896,0.00698255,71.5338,47.238,26.4276,12.7739,11.5896,3.75603,3.40073,0.626006,0.0676763,0.101514,0.0338381,0.0507572,0.0338381,0.0169191,0.0169191
60412,60427,60420,3.3,-105.198,39.9468,688.756,6.69,311.296,150.7,24.7609,1716.9,0.208017,0.00692594,60.2308,39.436,22.724,10.8348,9.6459,3.79106,3.09566,0.560808,0.0897293,0.0224323,0.0448647,0.0448647,0.0897293,0.0224323,0.067297
60428,60446,60437,3.4,-105.196,39.9465,680.156,5.75158,311.371,149.327,25.5528,1907.69,0.223971,0.00758056,58.8776,39.1949,22.8494,10.5619,10.2965,3.4132,2.93914,0.455093,0.227546,0.113773,0.0758488,0.113773,0.094811,0.0568866,0.0568866
60447,60465,60456,3.5,-105.194,39.9461,671.821,4.81579,311.424,150.963,24.7416,1610.19,0.195241,0.00702213,60.3394,38.6918,22.9031,10.5195,10.8999,3.6333,2.96751,0.437518,0.22827,0.133158,0.038045,0.0190225,0.0760901,0.038045,0.038045
60466,60483,60474,3.6,-105.192,39.9458,663.799,3.88389,311.444,148.423,23.5603,1365.94,0.17393,0.00638024,60.2849,38.3759,21.9291,10.7035,9.23752,4.15689,2.85158,0.421713,0.160653,0.100408,0.0803263,0,0.0803263,0.0401631,0
60484,60503,60494,3.7,-105.19,39.945,655.659,3.0445,311.594,144.704,23.63,1565.83,0.198794,0.00667417,59.309,36.2665,22.2273,10.3981,9.00323,3.45999,3.06146,0.507224,0.126806,0.0905757,0.0362303,0.0543454,0.0905757,0.0362303,0.0362303
60504,60520,60512,3.8,-105.188,39.9445,647.721,2.22941,311.762,135.483,21.7629,1260.37,0.173741,0.00578336,55.0747,33.7857,19.9052,10.24,9.30331,3.72558,2.74629,0.340625,0.0638671,0.0425781,0.0851561,0.0851561,0.0638671,0.021289,0
60521,60536,60528,3.9,-105.187,39.9438,639.871,1.365,311.869,129.947,20.3042,1082.54,0.159948,0.00541633,51.4407,34.7536,19.3553,8.70535,9.04452,3.07514,2.89425,0.361781,0.158279,0.0678339,0.0226113,0.0452226,0,0.0226113,0
60537,60553,60545,4,-105.186,39.9431,631.814,0.601176,312.126,122.086,20.0413,1287.85,0.19278,0.00559317,48.5975,31.7595,18.7327,7.85914,9.10799,2.66995,2.58383,0.322978,0.129191,0.0645957,0.0645957,0.107659,0.0430638,0.0215319,0.0215319
60554,60571,60562,4.1,-105.184,39.942,623.946,-0.234444,312.286,117.23,20.8431,1634.84,0.235306,0.00641066,46.0395,30.3885,17.7622,9.23632,7.61235,2.45625,2.61865,0.304494,0.263895,0.0811984,0.101498,0.243595,0.0608988,0,0.0608988
60572,60588,60580,4.2,-105.183,39.9408,616.096,-1.01647,312.528,109.306,18.0617,1124.48,0.186773,0.0052558,44.059,28.3514,15.7508,8.04799,6.83971,2.80493,2.50286,0.560986,0.151035,0.0431527,0.0215764,0.0647291,0.0647291,0.0431527,0
60589,60607,60598,4.3,-105.181,39.9395,608.375,-1.46368,313.138,86.4635,17.0167,1710.3,0.301521,0.0058616,32.9227,22.7402,13.1808,6.85322,5.64612,2.27792,1.92747,0.272571,0.0778775,0.136286,0.0584081,0.155755,0.0389387,0.0973469,0.0778775
60608,60624,60616,4.4,-105.18,39.9377,600.304,-1.75389,313.996,57.0775,12.403,1310.09,0.316882,0.00455188,21.8207,14.7653,8.54833,4.27417,3.8447,1.51334,1.22703,0.36811,0.102253,0.102253,0.0613517,0.184055,0.184055,0.0409011,0.0409011
60626,60643,60634,4.5,-105.178,39.9354,593.317,-1.67222,315.143,47.6404,12.2504,1785.04,0.437139,0.00517594,18.5769,11.6131,7.76256,3.64574,2.96985,1.06505,0.860231,0.286744,0.143372,0.143372,0.0614451,0.225299,0.0819268,0.0819268,0.12289
60644,60663,60654,4.6,-105.177,39.9331,585.87,-2.151,315.73,41.8706,8.95832,1052.76,0.352554,0.0033743,17.2311,10.2096,6.80029,2.93021,2.41419,0.755588,0.755588,0.202719,0.129003,0.110574,0.0368579,0.0552869,0.147432,0.0368579,0.0552869
60664,60681,60672,4.7,-105.175,39.9308,578.468,-2.75833,316.165,41.7109,9.04229,1060.94,0.351994,0.00337645,16.4166,10.8551,6.85912,2.94551,1.95681,1.21528,0.576743,0.370764,0.0617939,0.0823919,0.0411959,0.164784,0.0823919,0.020598,0.0617939
60682,60700,60691,4.8,-105.172,39.9285,570.998,-3.47053,316.502,36.8005,6.31529,427.215,0.202943,0.0018503,15.2978,9.05379,5.34642,2.63419,2.63419,0.682937,0.741474,0.175612,0.0585375,0.0195125,0.0195125,0.0975624,0.039025,0,0
60701,60719,60710,4.9,-105.17,39.9262,563.707,-4.29,316.708,36.1421,6.59251,492.56,0.224145,0.00213783,14.6606,8.85876,5.26119,2.80735,2.1835,1.08135,0.852604,0.187157,0.0415904,0.0415904,0.0831808,0.0623856,0,0.0207952,0
60720,60738,60729,5,-105.167,39.9238,556.631,-4.98111,317.034,33.2358,6.33754,679.336,0.321577,0.00225302,15.3923,7.31187,4.23756,2.22264,2.13955,0.893212,0.685488,0.124634,0.0623171,0.0415447,0.0207724,0,0.0207724,0.0415447,0.0415447
60739,60756,60748,5.1,-105.165,39.9215,549.813,-5.38667,317.669,32.2608,5.55289,411.88,0.222522,0.001734,14.3312,7.63359,4.5136,2.0384,1.976,0.769599,0.665599,0.104,0.0623999,0.0416,0.0416,0.0416,0.0208,0.0208,0
60757,60773,60765,5.2,-105.162,39.9194,542.706,-6.04765,318.062,30.5184,4.79949,284.048,0.177549,0.00135095,13.7156,7.4973,4.10146,1.89637,1.76407,0.573323,0.771781,0.0441017,0.0661526,0.0220509,0.0220509,0.0220509,0.0220509,0,0
60774,60791,60782,5.3,-105.16,39.9171,535.606,-6.78882,318.379,33.5583,6.2311,587.826,0.283013,0.00212947,14.9025,7.99217,4.90127,2.07531,1.92077,0.596101,0.662334,0.220778,0.0662334,0.0441556,0.0220778,0.0883112,0.0220778,0.0220778,0.0220778
60792,60811,60802,5.4,-105.158,39.9144,528.901,-7.3935,318.806,29.6822,5.94912,638.311,0.321885,0.00213163,12.9742,7.03397,3.82814,2.14979,1.96121,0.565735,0.716597,0.207436,0.0565735,0,0.0377156,0.0754313,0.0188578,0.0188578,0.0377156
60812,60829,60820,5.5,-105.155,39.9114,522.323,-7.69278,319.585,28.1025,5.26927,459.221,0.261452,0.00174115,11.8359,6.88523,3.82744,1.97612,1.87212,0.832051,0.47843,0.187212,0.0624039,0,0,0.0624039,0.0416026,0.0416026,0
60830,60848,60839,5.6,-105.153,39.9083,515.525,-8.55263,319.742,37.999,8.18438,925.749,0.339335,0.00305196,15.3381,9.6185,5.69985,2.79055,2.35515,0.732273,0.791646,0.197912,0.0791646,0.0593735,0.0197912,0.138538,0.0791646,0.0791646,0.0197912
60849,60865,60857,5.7,-105.15,39.9052,508.883,-9.43688,319.854,38.0831,9.7604,1410.44,0.433519,0.00424387,15.2567,9.54427,5.52439,3.00903,2.16274,0.940322,0.634718,0.282097,0.11754,0.188064,0.0235081,0.188064,0.0470161,0.0705242,0.0940322
60866,60884,60875,5.8,-105.148,39.9022,502.492,-10.2647,320.003,39.4054,8.77588,905.932,0.309689,0.00347333,14.836,10.2279,5.97937,3.21448,2.49515,0.809238,0.876675,0.224788,0.247267,0.157352,0.0674365,0.0899154,0.134873,0.0224788,0.0224788
60885,60903,60894,5.9,-105.145,39.8992,495.908,-10.9459,320.387,84.2698,22.4885,3237.44,0.431879,0.00955857,28.9712,21.9357,14.2055,7.64052,5.15343,2.46468,1.74768,0.582562,0.403312,0.134437,0.156843,0.268875,0.246468,0.134437,0.224062
60904,60920,60912,6,-105.143,39.8963,489.534,-11.4341,320.972,127.863,27.9059,2806.39,0.301699,0.00991923,42.1207,33.3605,23.0992,11.6952,9.36513,3.74157,2.17325,0.761757,0.246451,0.201641,0.246451,0.268855,0.380878,0.156832,0.0448092
60921,60939,60930,6.1,-105.14,39.8934,482.943,-12.1063,321.388,113.756,26.3875,2967.62,0.33739,0.0101051,37.9851,28.6484,19.4314,11.591,8.37906,3.27182,2.13466,0.678305,0.418953,0.239402,0.119701,0.259352,0.319202,0.179551,0.0997507
60940,60957,60948,6.2,-105.138,39.8904,476.939,-12.9618,321.479,101.835,25.7659,3274.72,0.381285,0.0104566,33.5762,26.5991,18.1994,9.4158,6.81912,2.59668,2.00961,0.722555,0.474177,0.203219,0.135479,0.519337,0.270958,0.135479,0.158059
60958,60975,60966,6.3,-105.136,39.8873,470.929,-13.6483,321.792,80.5355,17.8711,1932.65,0.324432,0.00678326,28.0625,20.1392,14.074,7.56021,5.61677,2.17837,1.43089,0.320348,0.213565,0.341705,0.128139,0.106783,0.192209,0.106783,0.0640696
60976,60991,60984,6.4,-105.133,39.8845,464.712,-14.3106,322.202,61.8329,13.3911,1408.13,0.315464,0.00471651,20.6837,15.4946,11.0572,5.72258,5.28611,1.72162,0.897184,0.26673,0.0969928,0.145489,0.0969928,0.145489,0.121241,0.0242482,0.0727446
60992,61010,61001,6.5,-105.131,39.8818,458.616,-15.0756,322.462,55.8554,12.0144,1169.74,0.292086,0.00435334,18.7258,14.0229,10.2219,5.068,4.44524,1.22405,1.00931,0.450966,0.193271,0.0644237,0.171797,0.0858983,0.0858983,0.0644237,0.0214746
61011,61028,61020,6.6,-105.128,39.8787,452.431,-16.04,322.502,60.4806,13.0778,1200.15,0.275309,0.00465972,19.9235,15.3622,10.6287,5.83075,4.6689,1.76429,1.05427,0.516376,0.107578,0.129094,0.0860627,0.215157,0.129094,0.064547,0
61029,61045,61037,6.7,-105.126,39.8759,446.489,-16.9835,322.532,60.0304,13.1617,1341.09,0.305681,0.00465348,18.9787,14.7841,11.323,5.89072,5.18017,1.81077,1.16898,0.297974,0.0916844,0.0687633,0.137527,0.0687633,0.114606,0.0687633,0.0458422
61046,61062,61054,6.8,-105.124,39.8733,440.661,-17.9206,322.56,58.77,12.9891,1466.72,0.338757,0.00476894,18.4569,15.3769,11.4072,5.6808,4.31193,1.61983,0.866949,0.319402,0.228145,0.114072,0.0684434,0.136887,0.0684434,0,0.114072
61063,61078,61070,6.9,-105.122,39.8707,434.809,-18.8919,322.571,57.2618,11.9347,1184.11,0.297645,0.00416837,18.4257,15.1424,10.487,5.83154,4.09188,1.34763,1.0291,0.31853,0.171516,0.0735068,0.0735068,0.0980091,0.0735068,0.0490045,0.0490045
61079,61098,61088,7,-105.119,39.8677,428.793,-19.831,322.659,62.2076,12.0935,928.562,0.230346,0.00399068,21.0498,15.498,11.4175,5.08098,5.12021,1.94215,1.2163,0.313883,0.176559,0.117706,0.0784707,0.0980884,0.0784707,0,0.0196177
61099,61113,61106,7.1,-105.117,39.8649,423.474,-20.636,322.78,42.4309,8.65111,786.425,0.272714,0.00291772,13.6975,10.9685,7.34734,4.67081,3.35879,1.2333,0.577291,0.157443,0.104962,0.0787215,0.052481,0.0262405,0.0787215,0.0787215,0
61114,61133,61124,7.2,-105.115,39.862,417.536,-21.17,323.397,37.754,7.20218,676.314,0.281712,0.0023152,11.7536,10.1311,7.71702,3.46276,2.82957,0.811276,0.71234,0.118723,0.118723,0,0,0.0197872,0,0.0395745,0.0395745
61134,61150,61142,7.3,-105.113,39.859,411.808,-21.7676,323.908,45.9899,8.89416,726.777,0.245142,0.00285337,14.804,11.6019,8.46939,4.50154,4.03746,1.25301,0.812133,0.162427,0.116019,0.0696114,0.0232038,0.0464076,0.0464076,0.0232038,0.0232038
61151,61166,61158,7.4,-105.11,39.856,406.469,-22.5894,324.06,31.9337,6.77925,659.026,0.291637,0.00241986,10.5453,8.08888,5.85575,2.75419,2.48125,1.11656,0.620313,0.09925,0.124063,0.049625,0.049625,0.0744375,0.0248125,0.0248125,0.0248125
61167,61186,61176,7.5,-105.108,39.853,400.59,-23.4126,324.34,21.8909,3.55679,204.448,0.172444,0.00099423,9.12472,5.02278,3.20202,1.82076,1.71612,0.502278,0.292995,0.104641,0.0209282,0.0418565,0.0418565,0,0,0,0
61187,61210,61198,7.6,-105.104,39.8489,395.102,-24.1404,324.669,22.587,3.65214,251.329,0.206451,0.000986807,9.37104,5.65924,3.46212,1.81429,1.31494,0.549279,0.233028,0.0832241,0.0166448,0.0166448,0.0166448,0.0332896,0,0.0166448,0
61211,61231,61221,7.7,-105.101,39.8448,389.931,-25.0543,324.694,24.3497,4.06342,326.37,0.240957,0.00120667,10.6184,5.90121,3.3994,1.757,1.64241,0.534738,0.267369,0.0763911,0.0572933,0.0381955,0.0190978,0,0.0190978,0,0.0190978
61232,61246,61239,7.8,-105.099,39.8415,384.83,-25.9487,324.75,27.8645,4.40635,236.993,0.161353,0.00120157,10.7932,7.05296,4.70197,2.19069,1.92353,0.561031,0.347305,0.133579,0.106863,0.0267158,0,0.0267158,0,0,0
61247,61264,61256,7.9,-105.096,39.8388,379.338,-26.7406,325.042,39.425,7.82185,808.91,0.31025,0.00258752,14.2473,9.19398,7.32402,3.65088,2.98304,0.890458,0.75689,0.111307,0.0445229,0.0445229,0.0222615,0.0667844,0.0222615,0,0.0667844
61264,61281,61272,8,-105.094,39.836,374.201,-27.56,325.223,36.5506,8.10322,952.911,0.35279,0.00286808,13.231,8.95455,6.09571,3.30775,2.74071,0.945071,0.779684,0.141761,0.0236268,0,0.0945071,0.0945071,0.0708803,0,0.0708803
61282,61297,61290,8.1,-105.093,39.8336,369.387,-28.3987,325.31,38.8504,7.46102,574.515,0.231006,0.00250851,13.4385,9.87679,6.6182,3.61223,3.15754,0.959892,0.555727,0.176822,0.202083,0.101041,0.0252603,0.0252603,0.075781,0.0252603,0
61299,61316,61308,8.2,-105.091,39.8312,363.787,-29.34,325.479,42.77,9.37765,970.976,0.310625,0.0034355,14.6017,10.9344,6.9746,3.4648,4.18476,1.05744,0.764956,0.269984,0.134992,0.0674961,0.134992,0.0224987,0.0899948,0.0224987,0.0449974
61317,61332,61324,8.3,-105.089,39.8289,358.935,-30.1288,325.678,36.3143,8.26384,832.796,0.302328,0.00308676,12.9748,8.89484,5.39772,3.49712,3.29438,0.810925,0.70956,0.126707,0.126707,0.101366,0.126707,0.101366,0.101366,0.0506828,0
61334,61353,61344,8.4,-105.087,39.8266,353.714,-30.749,326.207,31.4786,6.03181,485.59,0.241514,0.0020445,11.6868,7.34774,5.28055,2.78355,2.53794,0.777756,0.654952,0.163738,0.0409345,0.081869,0.0614018,0.0204673,0,0.0409345,0
61354,61376,61365,8.5,-105.084,39.8241,348.729,-31.2057,326.912,27.4925,5.65195,538.3,0.285725,0.00200535,9.67298,6.85095,4.9341,2.32506,2.12983,0.692195,0.443714,0.141989,0.0177486,0.12424,0.0354972,0.0532457,0.0354972,0.0177486,0.0177486
