data/B2SAP/Locations/Boulder/NOAA-POPS-B2SAP_GMLBalloon_20200709_R0.ict
61,1001
Thornberry, T. D.
NOAA Chemical Sciences Laboratory
Portable Optical Particle Spectrometer (POPS)
Balloon Baseline Stratospheric Aerosol Profiles (B2SAP)
1,1
2020,07,09,2024,05,28
0
TIME_START,s,Seconds since midnight UTC on flight start day,Start time of 100 m altitude bin in UTC_seconds_since_midnight
28
1.0,1.0,1.0,1.0,1.0,1.0,1.0,1.0,1.0,1.0,1.0,1.0,1.0,1.0,1.0,1.0,1.0,1.0,1.0,1.0,1.0,1.0,1.0,1.0,1.0,1.0,1.0,1.0
99999,99999,99999,99999,99999,99999,99999,99999,99999,99999,99999,99999,99999,99999,99999,99999,99999,99999,99999,99999,99999,99999,99999,99999,99999,99999,99999,99999
TIME_STOP,s,End time of 100 m altitude bin in UTC seconds since midnight,
TIME_MID,s,Mid time of 100 m altitude in UTC seconds since midnight,
GPSAlt,m,GPS reported altitude above sea level (m),
GPS_Lon,deg,GPS reported longitude,
GPS_Lat,deg,GPS reported latitude,
iMet_Pressure,mb,Pressure reported (mB),
iMet_Temperature,degrees C,Ambient temperature (oC),
THETA,K,Potential temperature from iMet,
Aerosol_concentration,cm^-3,Aerosol concentration,
Surface_Area_Conc,um^2 cm^-3,Surface area concentration,
Volume_density,um^3 cm^-3,Volume density,
Effective_radius,um,Effective radius,
Extinction,km^-1,Extinction,
Bin01,cm^-3,particle concentration in size range [140 - 170 nm],
Bin02,cm^-3,particle concentration in size range [170 - 205 nm],
Bin03,cm^-3,particle concentration in size range [205 - 249 nm],
Bin04,cm^-3,particle concentration in size range [249 - 302 nm],
Bin05,cm^-3,particle concentration in size range [302 - 366 nm],
Bin06,cm^-3,particle concentration in size range [366 - 443 nm],
Bin07,cm^-3,particle concentration in size range [443 - 537 nm],
Bin08,cm^-3,particle concentration in size range [537 - 651 nm],
Bin09,cm^-3,particle concentration in size range [651 - 789 nm],
Bin10,cm^-3,particle concentration in size range [789 - 956 nm],
Bin11,cm^-3,particle concentration in size range [956 - 1159 nm],
Bin12,cm^-3,particle concentration in size range [1159 - 1404 nm],
Bin13,cm^-3,particle concentration in size range [1404 - 1702 nm],
Bin14,cm^-3,particle concentration in size range [1702 - 2062 nm],
Bin15,cm^-3,particle concentration in size range [2062 - 2500 nm],
0
19
PI_CONTACT_INFO: 325 Broadway R/CSL6, Boulder, CO 80305; troy.thornberry@noaa.gov; 303-497-3373 
PLATFORM: GML ECC/FPH balloon
LOCATION: Boulder, CO, USA
ASSOCIATED_DATA: N/A
INSTRUMENT_INFO: Printed Optical Particle Spectrometer counts particles from 140 - 2500 nm in diameter 
DATA_INFO: Particle concentrations reported in number per cubic centimeter, binned to 100 m altitude
UNCERTAINTY: Counting uncertainty dominated by air flow, less than 5 percent
ULOD_FLAG: -77777
ULOD_VALUE: 3000 ~3000 per cm3 (varies depending on flow rate- manufacturer quotes 1250  per cm3 at 1.667 cc/s)
LLOD_FLAG: -88888
LLOD_VALUE: 0 0 (varies depending on data field and measurement precision)
DM_CONTACT_INFO: Troy Thornberry, 325 Broadway R/CSL6, Boulder, CO 80305; troy.thornberry@noaa.gov; 303-497-3373
PROJECT_INFO: B2SAP Boulder, CO, USA
STIPULATIONS_ON_USE: Please contact the PIs for questions regarding applications and uncertainties
OTHER_COMMENTS: POPS bin Edges (nm):  140, 170, 205, 249, 302, 366, 443, 537, 651, 789, 956, 1159, 1404, 1702, 2062, 2500
Calculations assume sulfate refractive index of 1.45+0.00j and extinction wavelength = 532 nm
REVISION: R0
R0: QA/QC data
TIME_START,TIME_STOP,TIME_MID,GPSAlt,GPS_Lon,GPS_Lat,iMet_Pressure,iMet_Temperature,THETA,Aerosol_concentration,Surface_Area_Conc,Volume_density,Effective_radius,Extinction,Bin01,Bin02,Bin03,Bin04,Bin05,Bin06,Bin07,Bin08,Bin09,Bin10,Bin11,Bin12,Bin13,Bin14,Bin15
[from data line 224]
62846,62870,62858,24.1,-104.285,39.9502,28.6338,-54.2757,604.069,2.58547,1.0551,76.8237,0.218435,0.000593994,0.245068,0.306335,0.294082,0.257322,0.392109,0.563657,0.343095,0.147041,0.0367602,0,0,0,0,0,0
62871,62893,62882,24.2,-104.288,39.9505,28.1883,-52.9689,610.412,2.19808,0.892977,68.1686,0.229016,0.000539381,0.361527,0.13015,0.390449,0.274761,0.202455,0.318144,0.274761,0.202455,0.0433833,0,0,0,0,0,0
62896,62915,62906,24.3,-104.291,39.9511,27.7424,-52.5482,614.359,2.08663,0.802358,60.046,0.224511,0.000468749,0.327009,0.202434,0.280293,0.311437,0.295865,0.202434,0.280293,0.140147,0.0467155,0,0,0,0,0,0
62916,62935,62926,24.4,-104.294,39.952,27.2788,-52.2941,618.048,2.39652,0.982138,82.331,0.251485,0.000574691,0.375924,0.281943,0.344597,0.250616,0.344597,0.234953,0.344597,0.156635,0.0469906,0,0.0156635,0,0,0,0
62937,62959,62948,24.5,-104.296,39.9529,26.8065,-51.6106,623.053,2.23188,0.991439,75.995,0.229954,0.000588922,0.142461,0.189948,0.395724,0.205777,0.253263,0.45904,0.443211,0.0949738,0.0316579,0.015829,0,0,0,0,0
62962,62980,62971,24.6,-104.299,39.954,26.3244,-50.9281,628.229,2.15468,0.959424,75.9287,0.237419,0.000573804,0.119705,0.222309,0.324913,0.25651,0.307812,0.359114,0.461718,0.0342013,0.0342013,0.0342013,0,0,0,0,0
62981,63001,62991,24.7,-104.302,39.9548,25.8981,-49.8094,634.34,2.05482,0.941887,79.3778,0.252826,0.000616213,0.276278,0.293545,0.155406,0.241743,0.276278,0.224476,0.345347,0.155406,0.0518021,0.0345347,0,0,0,0,0
63003,63023,63013,24.8,-104.306,39.956,25.5065,-49.5029,637.984,2.07791,0.774508,57.4973,0.222712,0.000450578,0.458123,0.261784,0.147254,0.229061,0.278146,0.261784,0.261784,0.147254,0.0327231,0,0,0,0,0,0
63025,63040,63032,24.9,-104.308,39.9568,25.0538,-49.22,642.064,2.13703,0.762696,55.5089,0.21834,0.000424653,0.283484,0.261677,0.436129,0.348903,0.0872257,0.327097,0.239871,0.109032,0.0436129,0,0,0,0,0,0
63041,63059,63050,25,-104.311,39.9569,24.5947,-48.5293,647.462,2.04482,0.930156,82.3912,0.265734,0.000626534,0.359736,0.246135,0.227202,0.265069,0.208268,0.208268,0.227202,0.208268,0.037867,0.0568005,0,0,0,0,0
63060,63077,63068,25.1,-104.313,39.9565,24.236,-48.6073,649.949,2.23693,0.846265,61.4387,0.2178,0.000483473,0.462812,0.154271,0.289258,0.212122,0.347109,0.212122,0.424245,0.115703,0.0192839,0,0,0,0,0,0
63078,63094,63086,25.2,-104.316,39.9559,23.8833,-48.6453,652.578,2.2331,0.903939,68.3277,0.226767,0.000539983,0.252437,0.349528,0.310692,0.155346,0.33011,0.310692,0.291273,0.194182,0.0388364,0,0,0,0,0,0
63097,63115,63106,25.3,-104.319,39.9552,23.414,-49.2967,654.38,1.84741,0.734515,58.8594,0.240401,0.000459622,0.357563,0.158917,0.337698,0.25824,0.119188,0.0993229,0.337698,0.139052,0.0198646,0.0198646,0,0,0,0,0
63115,63134,63124,25.4,-104.323,39.9548,23.0233,-50.036,655.359,1.94409,0.745411,55.2194,0.222238,0.000436413,0.320675,0.300633,0.220464,0.200422,0.160338,0.280591,0.300633,0.140295,0.0200422,0,0,0,0,0,0
63135,63155,63145,25.5,-104.327,39.9546,22.7069,-50.2512,657.32,1.97119,0.865592,76.2605,0.264306,0.000518818,0.229653,0.325342,0.267929,0.248791,0.133965,0.248791,0.287067,0.191378,0.0191378,0,0.0191378,0,0,0,0
63156,63177,63166,25.6,-104.332,39.9548,22.3574,-50.4484,659.663,2.07824,0.844898,67.8229,0.24082,0.000508409,0.25978,0.276016,0.243543,0.373433,0.178599,0.308488,0.25978,0.113654,0.0324725,0.0324725,0,0,0,0,0
63178,63197,63188,25.7,-104.336,39.955,21.9993,-50.2753,663.224,1.50836,0.632482,47.2983,0.224346,0.000376754,0.125697,0.230444,0.188545,0.146646,0.209495,0.230444,0.188545,0.188545,0,0,0,0,0,0,0
63198,63216,63207,25.8,-104.34,39.9557,21.5819,-49.8137,668.247,1.73269,0.586997,40.2705,0.205812,0.000305726,0.295344,0.216586,0.236275,0.216586,0.255965,0.196896,0.216586,0.098448,0,0,0,0,0,0,0
63217,63237,63227,25.9,-104.344,39.9566,21.256,-49.4827,672.149,1.69076,0.600461,43.6155,0.21791,0.000330878,0.278227,0.192619,0.171216,0.256825,0.385237,0.10701,0.171216,0.0856082,0.0428041,0,0,0,0,0,0
63238,63256,63247,26,-104.348,39.9577,20.8925,-48.6844,677.886,1.49913,0.644696,53.5207,0.249051,0.000418805,0.159908,0.319815,0.179896,0.119931,0.199884,0.119931,0.179896,0.179896,0.0199884,0.0199884,0,0,0,0,0
63257,63274,63266,26.1,-104.351,39.9589,20.4779,-48.1207,683.489,1.54604,0.568015,47.5688,0.251237,0.000351199,0.299979,0.253828,0.230753,0.161527,0.230753,0.138452,0.0692258,0.0692258,0.0692258,0.0230753,0,0,0,0,0
63275,63294,63284,26.2,-104.354,39.9599,20.1694,-47.7112,687.705,1.72906,0.565315,40.1897,0.213278,0.000307973,0.403446,0.249753,0.211329,0.192117,0.192117,0.172906,0.192117,0.0960587,0.0192117,0,0,0,0,0,0
63295,63313,63304,26.3,-104.358,39.9608,19.8535,-47.7329,690.748,1.83804,0.701179,51.4516,0.220136,0.000406872,0.195536,0.293305,0.332412,0.21509,0.136875,0.175983,0.371519,0.0977682,0.0195536,0,0,0,0,0,0
63314,63334,63324,26.4,-104.361,39.9619,19.4967,-47.0356,696.483,1.63794,0.59134,45.0358,0.228477,0.000334192,0.241968,0.223355,0.297806,0.186129,0.204742,0.167516,0.223355,0.0558387,0.0186129,0.0186129,0,0,0,0,0
63335,63353,63344,26.5,-104.365,39.9628,19.1459,-47.3341,699.191,1.90512,0.637388,47.8306,0.225125,0.000349538,0.357211,0.377056,0.218296,0.178605,0.257986,0.238141,0.15876,0.0793802,0.019845,0.019845,0,0,0,0,0
63355,63376,63366,26.6,-104.368,39.9632,18.8337,-47.1537,703.033,1.39654,0.55345,42.8451,0.232243,0.00033596,0.235779,0.163232,0.181369,0.181369,0.126958,0.199505,0.181369,0.0725474,0.0544106,0,0,0,0,0,0
63376,63394,63385,26.7,-104.372,39.9635,18.4735,-47.0871,707.139,1.35773,0.476565,35.929,0.226175,0.000263656,0.283705,0.141852,0.202646,0.141852,0.202646,0.101323,0.243176,0.0202646,0,0.0202646,0,0,0,0,0
63396,63417,63406,26.8,-104.376,39.964,18.2725,-47.3105,708.64,1.69181,0.482786,31.563,0.19613,0.000234196,0.387706,0.317214,0.229099,0.193853,0.158607,0.140984,0.211476,0.052869,0,0,0,0,0,0,0
63418,63439,63428,26.9,-104.381,39.9651,17.9889,-47.3621,711.666,1.73518,0.502908,33.4476,0.199525,0.000246211,0.429131,0.279868,0.26121,0.167921,0.130605,0.223894,0.205236,0.0186579,0.0186579,0,0,0,0,0,0
63440,63462,63451,27,-104.385,39.9667,17.6676,-47.2319,715.742,1.47365,0.396025,25.153,0.190541,0.000173725,0.33877,0.152446,0.271016,0.271016,0.152446,0.169385,0.067754,0.033877,0.0169385,0,0,0,0,0,0
63463,63486,63474,27.1,-104.39,39.968,17.343,-46.7435,721.109,1.61613,0.484624,35.2261,0.218062,0.000254365,0.381335,0.3087,0.272382,0.127112,0.127112,0.14527,0.199747,0.0363176,0,0.0181588,0,0,0,0,0
63489,63512,63500,27.2,-104.394,39.9692,17.1335,-45.397,727.906,1.29095,0.517708,42.2524,0.244843,0.000329796,0.283379,0.173176,0.188919,0.0944597,0.0787164,0.14169,0.188919,0.110203,0.0157433,0.0157433,0,0,0,0,0
63514,63535,63524,27.3,-104.399,39.9707,16.8332,-44.8536,733.354,1.43507,0.35446,21.8689,0.185089,0.000153331,0.37143,0.287014,0.219482,0.151949,0.151949,0.118182,0.084416,0.0506496,0,0,0,0,0,0,0
63536,63560,63548,27.4,-104.404,39.9729,16.4777,-44.6041,738.641,1.3527,0.366037,25.0428,0.205248,0.000184976,0.40581,0.185996,0.304357,0.0676349,0.101452,0.13527,0.0676349,0.0676349,0.0169087,0,0,0,0,0,0
63561,63584,63572,27.5,-104.409,39.9747,16.217,-44.63,741.931,1.2106,0.313921,20.207,0.193109,0.000144187,0.348255,0.199003,0.132669,0.199003,0.0995015,0.0829179,0.132669,0,0.0165836,0,0,0,0,0,0
63585,63606,63596,27.6,-104.413,39.9758,16.005,-44.2635,745.917,1.55013,0.417085,30.9508,0.222622,0.000221233,0.516711,0.363611,0.172237,0.114825,0.0382749,0.1531,0.114825,0.0574123,0,0.0191374,0,0,0,0,0
63607,63626,63616,27.7,-104.417,39.976,15.6584,-43.8053,752.106,1.55824,0.30949,17.299,0.167686,0.00011086,0.586871,0.242843,0.222606,0.202369,0.141659,0.0809477,0.0404739,0.0404739,0,0,0,0,0,0,0
63629,63647,63638,27.8,-104.421,39.9756,15.3794,-43.6159,756.611,1.36625,0.295798,16.8842,0.171241,0.000110798,0.347351,0.324194,0.231567,0.185254,0.0694702,0.115784,0.0694702,0.0231567,0,0,0,0,0,0,0
63648,63667,63658,27.9,-104.425,39.9746,15.0928,-43.6606,760.521,1.46814,0.578999,95.2567,0.493559,0.000316409,0.394424,0.3506,0.1753,0.1753,0.153387,0.0657374,0.0876499,0.0219125,0.0219125,0,0,0,0,0.0219125,0
63668,63687,63678,28,-104.428,39.9736,14.872,-44.0773,762.355,1.16057,0.293087,18.1258,0.185533,0.000128429,0.350869,0.13495,0.18893,0.16194,0.10796,0.0809699,0.10796,0.02699,0,0,0,0,0,0,0
63687,63705,63696,28.1,-104.432,39.973,14.6522,-43.6322,767.084,1.24533,0.45303,44.8376,0.296918,0.000224405,0.407562,0.113212,0.181139,0.113212,0.067927,0.181139,0.113212,0.0452847,0,0,0,0.0226423,0,0,0
63707,63726,63716,28.2,-104.437,39.9728,14.39,-43.7881,770.54,1.42445,0.483082,47.4474,0.294654,0.000227471,0.409773,0.175617,0.19513,0.175617,0.175617,0.0780519,0.156104,0.039026,0,0,0,0,0.019513,0,0
63728,63759,63744,28.3,-104.444,39.973,14.0637,-43.2181,777.534,1.38482,0.324762,19.3744,0.178971,0.000133442,0.342316,0.295637,0.233397,0.140038,0.186718,0.0466795,0.108919,0.0311196,0,0,0,0,0,0,0
63760,63821,63790,28.4,-104.455,39.9728,13.8348,-41.7443,786.181,1.13783,0.304675,26.0108,0.256117,0.000140682,0.348316,0.232211,0.22447,0.0928843,0.0464422,0.0619229,0.085144,0.0309614,0.00774036,0,0,0,0.00774036,0,0
56779,56781,56780,2.7,-87.3711,20.9089,823.527,25.25,315.424,364.164,121.588,9225.28,0.227619,0.0611954,33.0533,63.7952,69.227,62.9862,41.6056,37.0983,38.4852,13.9841,2.65813,0.577855,0.346713,0.115571,0.115571,0,0.115571
56784,56784,56784,2.4,-87.335,19.7297,823.52,24.87,315.023,375.642,122.34,9445.84,0.231629,0.0577073,28.7,62.486,79.5606,66.1189,48.3176,41.7784,36.3291,8.71897,2.17974,0.363291,0.363291,0,0.363291,0.363291,0
56787,70432,63610,3.8,-86.7511,29.8233,763.133,19.3267,316.465,341.39,108.402,8087.66,0.223825,0.0539573,43.9379,65.5581,57.6539,51.4933,38.8234,35.3363,33.4765,11.5075,2.55723,0.697426,0.116238,0,0.116238,0,0.116238
56789,70394,63592,4,-86.5618,30.3308,758.728,18.8567,316.562,331.171,104.674,7675.63,0.219986,0.0515406,42.9773,55.2147,64.9343,49.0667,39.4641,32.6135,31.9695,12.0032,1.99077,0.468417,0.351313,0,0,0.0585521,0.0585521
56793,57603,57198,1.7,-105.197,39.9491,823.624,25.545,315.723,403.863,124.584,9119.99,0.219611,0.0611536,64.9531,71.5153,68.5289,58.4703,45.5839,38.0017,39.7074,13.657,2.2724,0.58935,0.260674,0.096336,0.0906692,0.0793355,0.0566682
56830,57737,57284,1.8,-105.197,39.9492,823.633,25.9653,316.166,418.585,123.899,8936.96,0.216392,0.0600441,79.7332,76.116,68.3207,57.3802,43.8794,37.7018,38.3183,13.5695,2.39865,0.582141,0.240294,0.155905,0.0901102,0.0457703,0.0529219
63802,63852,63827,28.4,-104.466,39.9721,13.8939,-39.5616,792.63,1.13318,0.299263,26.8617,0.269279,0.000122003,0.337775,0.283296,0.119856,0.130752,0.0980638,0.0544799,0.0871679,0.010896,0,0,0,0,0.010896,0,0
63853,63876,63864,28.3,-104.475,39.9718,14.1192,-39.8225,788.129,1.29701,0.338069,21.3481,0.189441,0.000154211,0.34587,0.259403,0.190229,0.0864676,0.138348,0.121055,0.121055,0.034587,0,0,0,0,0,0,0
63877,63900,63888,28.2,-104.481,39.9719,14.3109,-40.7826,781.856,1.10753,0.268146,17.2811,0.19334,0.000126985,0.34497,0.236032,0.163407,0.0907815,0.108938,0.0181563,0.0907815,0.0544689,0,0,0,0,0,0,0
63901,63924,63912,28.1,-104.486,39.9716,14.5643,-40.759,778.031,1.21114,0.353699,23.7608,0.201534,0.000181446,0.238258,0.317677,0.138984,0.138984,0.0794193,0.0595644,0.198548,0.0397096,0,0,0,0,0,0,0
63924,63944,63934,28,-104.491,39.9709,14.8678,-40.4944,774.345,1.26725,0.361542,24.7123,0.205057,0.000182932,0.248925,0.294184,0.226295,0.113148,0.0905182,0.113148,0.135777,0.0226295,0.0226295,0,0,0,0,0,0
63945,63963,63954,27.9,-104.495,39.9698,15.1394,-40.5853,770.033,1.1165,0.258953,15.5289,0.179905,0.00010701,0.261309,0.356331,0.0950216,0.142532,0.0475108,0.118777,0.0712662,0.0237554,0,0,0,0,0,0,0
63964,63980,63972,27.8,-104.499,39.9688,15.3393,-40.5993,767.117,1.3196,0.333483,22.9027,0.206032,0.000169087,0.538611,0.161583,0.161583,0.134653,0.0807917,0.0807917,0.107722,0.0269306,0.0269306,0,0,0,0,0,0
63981,63997,63989,27.7,-104.502,39.9682,15.56,-40.6819,763.716,0.949922,0.195777,10.4979,0.160866,6.52021e-05,0.224981,0.274977,0.12499,0.0999918,0.0999918,0.0749938,0.0499959,0,0,0,0,0,0,0,0
63997,64013,64005,27.6,-104.505,39.9681,15.8033,-40.3207,761.524,1.30948,0.301727,19.9986,0.198842,0.000142724,0.392844,0.340465,0.183327,0.157138,0.0523792,0.0523792,0.0785688,0.0261896,0.0261896,0,0,0,0,0,0
64015,64028,64022,27.5,-104.508,39.9686,16.1693,-41.4267,752.961,1.36552,0.359258,21.9785,0.183533,0.000153316,0.315121,0.236341,0.21008,0.1313,0.18382,0.15756,0.10504,0.0262601,0,0,0,0,0,0,0
64029,64045,64037,27.4,-104.51,39.9696,16.4219,-41.2713,750.151,1.6116,0.458731,32.9565,0.215528,0.000253173,0.488362,0.293017,0.244181,0.146509,0.122091,0.0488362,0.146509,0.0976725,0.0244181,0,0,0,0,0,0
64046,64060,64053,27.3,-104.513,39.9709,16.664,-41.4447,746.438,1.22238,0.340954,27.7413,0.244092,0.000196456,0.381995,0.331062,0.152798,0.0763989,0.0763989,0.0509326,0.0509326,0.0763989,0,0.0254663,0,0,0,0,0
64062,64076,64069,27.2,-104.516,39.9723,16.9138,-40.1425,747.466,1.4248,0.4609,33.0688,0.215245,0.000252535,0.3562,0.166226,0.237466,0.14248,0.118733,0.166226,0.14248,0.0712399,0.0237466,0,0,0,0,0,0
64077,64092,64084,27.1,-104.52,39.9732,17.1925,-40.205,743.775,1.15735,0.415693,33.6373,0.242756,0.00024743,0.283432,0.188955,0.0944774,0.165335,0.070858,0.141716,0.118097,0.070858,0,0.0236193,0,0,0,0,0
64093,64107,64100,27,-104.523,39.9741,17.6164,-43.1382,729.32,1.25852,0.34174,20.8805,0.183302,0.00014384,0.0680281,0.238098,0.238098,0.476197,0.0340141,0.0340141,0.136056,0.0340141,0,0,0,0,0,0,0
64108,64122,64115,26.9,-104.525,39.9751,17.855,-43.3243,725.932,1.95208,0.640109,46.9176,0.219889,0.000363476,0.454593,0.320889,0.267408,0.213926,0.187186,0.160445,0.160445,0.160445,0.0267408,0,0,0,0,0,0
64123,64137,64130,26.8,-104.528,39.9762,18.0621,-43.7707,722.142,1.34666,0.332292,18.7983,0.169715,0.000121322,0.290456,0.264051,0.10562,0.21124,0.237645,0.15843,0.0792152,0,0,0,0,0,0,0,0
64137,64152,64144,26.7,-104.531,39.9769,18.4121,-44.1457,717.014,1.38461,0.432614,30.7921,0.21353,0.000238956,0.365745,0.235122,0.208997,0.0783739,0.130623,0.130623,0.104499,0.130623,0,0,0,0,0,0,0
64153,64166,64160,26.6,-104.534,39.9774,18.809,-44.311,712.143,1.02191,0.418642,32.6817,0.234198,0.000259391,0.145987,0.218981,0,0.109491,0.218981,0.0729937,0.145987,0.0729937,0.0364969,0,0,0,0,0,0
64167,64178,64172,26.5,-104.536,39.9778,19.06,-44.2942,709.509,1.22136,0.347296,22.8607,0.197474,0.000171503,0.268104,0.268104,0.178736,0.148946,0.0297893,0.119157,0.178736,0.0297893,0,0,0,0,0,0,0
64179,64190,64184,26.4,-104.539,39.9784,19.34,-43.81,708.053,1.36108,0.409399,27.1149,0.198693,0.000201489,0.325476,0.207121,0.118355,0.177532,0.207121,0.118355,0.147944,0.0591775,0,0,0,0,0,0,0
64191,64200,64196,26.3,-104.541,39.9791,19.675,-44.157,703.525,1.33694,0.387946,26.6182,0.20584,0.000205031,0.211096,0.492557,0.140731,0.105548,0.0351827,0.105548,0.175913,0.0703654,0,0,0,0,0,0,0
64201,64210,64206,26.2,-104.542,39.9796,20.035,-45.53,695.686,1.25393,0.42607,28.4821,0.200546,0.000214476,0.139326,0.104495,0.208989,0.278652,0.208989,0.0348315,0.243821,0.0348315,0,0,0,0,0,0,0
64212,64220,64216,26.1,-104.544,39.9801,20.315,-46.502,689.979,1.57361,0.700773,61.3526,0.26265,0.000472582,0.174846,0.244784,0.349691,0.139877,0.104907,0.139877,0.174846,0.174846,0.0349691,0.0349691,0,0,0,0,0
64226,64234,64230,26,-104.546,39.9809,20.78,-47.0833,683.762,1.98344,0.843232,61.8353,0.219994,0.000486828,0.152572,0.152572,0.419573,0.152572,0.152572,0.495859,0.267001,0.190715,0,0,0,0,0,0,0
64234,64246,64240,25.9,-104.548,39.9814,21.0577,-47.6892,679.364,1.66297,0.573336,38.9789,0.203959,0.00028986,0.237567,0.21117,0.131981,0.369548,0.158378,0.316756,0.131981,0.105585,0,0,0,0,0,0,0
64247,64259,64253,25.8,-104.551,39.9821,21.3233,-47.5525,677.331,2.00156,0.773794,58.1603,0.225487,0.00045691,0.31453,0.228749,0.285937,0.257343,0.228749,0.257343,0.200156,0.200156,0.0285937,0,0,0,0,0,0
