data/B2SAP/Locations/Boulder/NOAA-POPS-B2SAP_GMLBalloon_20190207_R0.ict
61,1001
Thornberry, T. D.
NOAA Chemical Sciences Laboratory
Portable Optical Particle Spectrometer (POPS)
Balloon Baseline Stratospheric Aerosol Profiles (B2SAP)
1,1
2019,02,07,2024,05,30
0
TIME_START,s,Seconds since midnight UTC on flight start day,Start time of 100 m altitude bin in UTC_seconds_since_midnight
28
1.0,1.0,1.0,1.0,1.0,1.0,1.0,1.0,1.0,1.0,1.0,1.0,1.0,1.0,1.0,1.0,1.0,1.0,1.0,1.0,1.0,1.0,1.0,1.0,1.0,1.0,1.0,1.0
99999,99999,99999,99999,99999,99999,99999,99999,99999,99999,99999,99999,99999,99999,99999,99999,99999,99999,99999,99999,99999,99999,99999,99999,99999,99999,99999,99999
TIME_STOP,s,End time of 100 m altitude bin in UTC seconds since midnight,
TIME_MID,s,Mid time of 100 m altitude in UTC seconds since midnight,
GPSAlt,m,GPS reported altitude above sea level (m),
GPS_Lon,deg,GPS reported longitude,
GPS_Lat,deg,GPS reported latitude,
iMet_Pressure,mb,Pressure reported (mB),
iMet_Temperature,degrees C,Ambient temperature (oC),
THETA,K,Potential temperature from iMet,
Aerosol_concentration,cm^-3,Aerosol concentration,
Surface_Area_Conc,um^2 cm^-3,Surface area concentration,
Volume_density,um^3 cm^-3,Volume density,
Effective_radius,um,Effective radius,
Extinction,km^-1,Extinction,
Bin01,cm^-3,particle concentration in size range [140 - 170 nm],
Bin02,cm^-3,particle concentration in size range [170 - 205 nm],
Bin03,cm^-3,particle concentration in size range [205 - 249 nm],
Bin04,cm^-3,particle concentration in size range [249 - 302 nm],
Bin05,cm^-3,particle concentration in size range [302 - 366 nm],
Bin06,cm^-3,particle concentration in size range [366 - 443 nm],
Bin07,cm^-3,particle concentration in size range [443 - 537 nm],
Bin08,cm^-3,particle concentration in size range [537 - 651 nm],
Bin09,cm^-3,particle concentration in size range [651 - 789 nm],
Bin10,cm^-3,particle concentration in size range [789 - 956 nm],
Bin11,cm^-3,particle concentration in size range [956 - 1159 nm],
Bin12,cm^-3,particle concentration in size range [1159 - 1404 nm],
Bin13,cm^-3,particle concentration in size range [1404 - 1702 nm],
Bin14,cm^-3,particle concentration in size range [1702 - 2062 nm],
Bin15,cm^-3,particle concentration in size range [2062 - 2500 nm],
0
19
PI_CONTACT_INFO: 325 Broadway R/CSL6, Boulder, CO 80305; troy.thornberry@noaa.gov; 303-497-3373 
PLATFORM: GML ECC/FPH balloon
LOCATION: Boulder, CO, USA
ASSOCIATED_DATA: N/A
INSTRUMENT_INFO: Printed Optical Particle Spectrometer counts particles from 140 - 2500 nm in diameter 
DATA_INFO: Particle concentrations reported in number per cubic centimeter, binned to 100 m altitude
UNCERTAINTY: Counting uncertainty dominated by air flow, less than 5 percent
ULOD_FLAG: -77777
ULOD_VALUE: 3000 ~3000 per cm3 (varies depending on flow rate- manufacturer quotes 1250  per cm3 at 1.667 cc/s)
LLOD_FLAG: -88888
LLOD_VALUE: 0 0 (varies depending on data field and measurement precision)
DM_CONTACT_INFO: Troy Thornberry, 325 Broadway R/CSL6, Boulder, CO 80305; troy.thornberry@noaa.gov; 303-497-3373
PROJECT_INFO: B2SAP Boulder, CO, USA
STIPULATIONS_ON_USE: Please contact the PIs for questions regarding applications and uncertainties
OTHER_COMMENTS: POPS bin Edges (nm):  140, 170, 205, 249, 302, 366, 443, 537, 651, 789, 956, 1159, 1404, 1702, 2062, 2500
Calculations assume sulfate refractive index of 1.45+0.00j and extinction wavelength = 532 nm
REVISION: R0
R0: QA/QC data
TIME_START,TIME_STOP,TIME_MID,GPSAlt,GPS_Lon,GPS_Lat,iMet_Pressure,iMet_Temperature,THETA,Aerosol_concentration,Surface_Area_Conc,Volume_density,Effective_radius,Extinction,Bin01,Bin02,Bin03,Bin04,Bin05,Bin06,Bin07,Bin08,Bin09,Bin10,Bin11,Bin12,Bin13,Bin14,Bin15
[from data line 78]
66397,66421,66409,9.7,-104.878,39.9242,260.737,-43.6308,336.991,17.2801,4.71625,297.038,0.188945,0.00203178,3.40117,2.46859,2.88917,2.61488,2.37716,2.21259,0.822864,0.347431,0.128001,0.0182859,0,0,0,0,0
66422,66450,66436,9.8,-104.866,39.9247,256.838,-43.3497,338.856,17.946,4.98676,326.969,0.196703,0.00218823,3.18737,2.94568,3.09674,2.68888,2.43207,2.06953,1.02721,0.302121,0.15106,0.0302121,0.015106,0,0,0,0
66451,66487,66469,9.9,-104.852,39.925,252.901,-42.6689,341.372,17.7249,5.0272,337.521,0.201417,0.00230712,3.25362,3.05937,3.08365,2.33095,2.28239,2.02744,1.08049,0.376351,0.182106,0.0364211,0,0.0121404,0,0,0
66488,66525,66506,10,-104.836,39.9248,249.269,-41.7946,344.085,17.0017,4.85784,316.681,0.195569,0.00221413,3.05701,2.49264,2.79834,2.7278,2.43385,1.78718,1.11699,0.423279,0.129335,0.0352732,0,0,0,0,0
66526,66552,66539,10.1,-104.823,39.925,245.889,-40.4833,347.383,17.256,4.85191,352.373,0.217877,0.0021565,3.79727,2.75583,2.884,2.4514,1.92267,1.97074,0.993379,0.256356,0.0961335,0.064089,0.0480667,0.0160222,0,0,0
66553,66576,66564,10.2,-104.813,39.9253,242.32,-39.8983,349.711,17.8674,5.2341,354.872,0.2034,0.00248357,3.03782,3.16364,2.84009,2.62439,2.24691,2.1031,1.22232,0.37748,0.161777,0.0898763,0,0,0,0,0
66577,66596,66586,10.3,-104.805,39.9256,238.972,-39.8789,351.141,15.9009,4.26548,284.582,0.200153,0.00187808,3.26173,3.11783,2.54223,1.96663,2.11053,1.46298,0.911365,0.407716,0.0719499,0.0239833,0.0239833,0,0,0,0
66597,66615,66606,10.4,-104.798,39.9258,235.479,-40.5922,351.543,16.2322,4.51201,311.031,0.206802,0.00192198,3.10215,2.59715,2.69334,2.52501,2.18834,1.82762,0.841669,0.360715,0,0.0480954,0.0480954,0,0,0,0
66616,66633,66624,10.5,-104.792,39.9258,231.962,-40.5683,353.09,14.168,4.02743,267.425,0.199203,0.00189846,2.95869,2.30922,2.30922,1.87624,1.58759,1.49137,1.13056,0.408924,0.0481088,0.0481088,0,0,0,0,0
66634,66649,66642,10.6,-104.786,39.9258,228.549,-41.19,353.637,16.1617,4.03641,255.495,0.189893,0.00167167,3.70212,2.78297,2.91063,2.17021,1.86383,1.60851,0.817019,0.204255,0,0.102127,0,0,0,0,0
66650,66664,66657,10.7,-104.782,39.9257,225.466,-41.6614,354.295,14.9409,4.02441,257.46,0.191924,0.00175111,3.13727,2.08116,2.73346,2.14328,1.86372,1.83266,0.838676,0.0931862,0.186372,0.0310621,0,0,0,0,0
66666,66679,66672,10.8,-104.778,39.9256,222.142,-42.2658,354.876,14.5456,3.72392,228.884,0.18439,0.00156074,3.02577,2.66122,2.40603,1.93212,1.93212,1.4582,0.765556,0.255185,0.109365,0,0,0,0,0,0
66680,66694,66687,10.9,-104.775,39.9258,218.801,-42.7653,355.641,14.1385,3.61729,222.78,0.184762,0.00149054,2.5945,2.7111,2.44874,2.24468,1.60334,1.45758,0.787094,0.204062,0.0583033,0.0291516,0,0,0,0,0
66694,66710,66702,11,-104.772,39.9259,215.466,-42.6643,357.358,13.0188,3.55483,247.266,0.208673,0.00168203,2.59128,2.80982,2.02931,1.71711,1.59223,1.09271,0.718065,0.249762,0.0936606,0.124881,0,0,0,0,0
66711,66724,66718,11.1,-104.769,39.9262,212.537,-43.1646,357.983,14.0843,3.73685,230.8,0.18529,0.0015551,2.45971,2.89774,2.12276,1.75212,1.98798,1.75212,0.909754,0.134778,0.0336946,0.0336946,0,0,0,0,0
66726,66743,66734,11.2,-104.765,39.9273,208.955,-43.9787,358.456,13.3001,3.67063,261.501,0.213724,0.00169161,3.394,2.34545,1.73839,1.57283,1.62802,1.51764,0.579463,0.386309,0.0275935,0.0827805,0.0275935,0,0,0,0
66744,66767,66756,11.3,-104.761,39.9283,205.74,-44.4633,359.284,13.3625,3.27359,201.279,0.184457,0.00136096,3.28556,2.58806,1.96399,1.81715,1.41334,1.28485,0.679137,0.256971,0.0550652,0.0183551,0,0,0,0,0
66768,66792,66780,11.4,-104.756,39.9297,202.688,-44.2446,361.162,13.313,3.54921,235.785,0.199299,0.00153338,2.97068,2.23718,2.18216,1.7604,1.57703,1.57703,0.623476,0.275063,0.0550126,0.036675,0.0183375,0,0,0,0
66793,66822,66808,11.5,-104.749,39.9318,199.441,-44.2855,362.771,12.9774,3.31626,228.841,0.207017,0.00137997,3.13824,2.48633,2.01636,1.80411,1.33413,1.24317,0.606423,0.227409,0.0758028,0,0.0454817,0,0,0,0
66823,66858,66840,11.6,-104.741,39.9346,196.546,-44.5278,363.909,12.5696,3.31089,220.506,0.199801,0.00148358,2.98281,2.32241,1.8161,1.77208,1.43087,1.07866,0.770469,0.264161,0.0880535,0.0330201,0.0110067,0,0,0,0
66859,66880,66870,11.7,-104.734,39.9371,193.895,-43.654,366.715,11.8495,2.80612,168.21,0.179832,0.00110694,2.72874,2.57922,1.66341,1.71948,1.27092,1.14009,0.50463,0.1869,0.03738,0.01869,0,0,0,0,0
66882,66901,66892,11.8,-104.729,39.9384,191.116,-43.9926,367.684,11.2885,2.88841,190.684,0.198051,0.0012076,2.5853,2.40768,1.4604,1.42093,1.38146,1.26305,0.532848,0.118411,0.0789404,0.0197351,0.0197351,0,0,0,0
66903,66926,66914,11.9,-104.724,39.9399,188.2,-44.6762,368.201,11.6424,3.11706,218.276,0.210079,0.00142385,2.80777,2.14607,1.82416,1.53801,1.19822,1.16245,0.500749,0.339794,0.0357678,0.0715355,0.0178839,0,0,0,0
66927,66949,66938,12,-104.719,39.942,185.243,-45.5939,368.394,11.0678,3.02592,200.532,0.198814,0.00139631,2.4431,2.03319,1.65606,1.41011,1.27894,1.21335,0.59028,0.360727,0.0327933,0.04919,0,0,0,0,0
66950,66971,66960,12.1,-104.713,39.9441,182.577,-45.4414,370.167,11.4284,3.13282,221.53,0.212137,0.00138998,2.37193,2.30006,1.65316,1.6352,1.32972,1.13206,0.682829,0.161723,0.107815,0.0179692,0.0359384,0,0,0,0
66972,66996,66984,12.2,-104.707,39.946,179.923,-45.9877,370.823,11.0579,2.9556,202.128,0.205165,0.0013731,2.73014,1.88877,1.78575,1.45951,1.06458,1.23629,0.549461,0.154536,0.103024,0.0858533,0,0,0,0,0
66997,67017,67007,12.3,-104.701,39.948,177.129,-46.9019,370.984,10.7276,2.63749,163.948,0.186481,0.00110528,2.76316,1.89629,1.58927,1.57121,1.02941,1.06553,0.614035,0.0902993,0.0902993,0.0180599,0,0,0,0,0
67019,67035,67027,12.4,-104.695,39.9498,174.372,-47.8406,371.114,10.5438,2.64997,162.513,0.183979,0.00111584,2.15362,2.19849,1.86199,1.32358,1.07681,1.00951,0.695441,0.157035,0.0673008,0,0,0,0,0,0
67037,67053,67045,12.5,-104.69,39.9513,172,-48.5831,371.338,11.3833,2.99637,188.135,0.188363,0.00125917,2.39145,2.10448,1.62619,1.57836,1.26747,1.53053,0.765264,0.047829,0.0239145,0.047829,0,0,0,0,0
67054,67072,67063,12.6,-104.685,39.9529,169.32,-49.4683,371.533,9.75305,2.78234,204.636,0.220644,0.00133759,2.21951,1.87805,1.34451,1.34451,0.981707,1.04573,0.618902,0.106707,0.128049,0.0640244,0.0213415,0,0,0,0
67073,67091,67082,12.7,-104.679,39.9544,166.53,-50.2994,371.914,10.7105,2.93045,199.292,0.204021,0.00136794,2.39916,1.90647,1.67084,1.47805,1.19958,1.02821,0.642631,0.278474,0.021421,0.0856842,0,0,0,0,0
67092,67108,67100,12.8,-104.674,39.9555,164.138,-50.7288,372.743,10.5216,3.11347,219.002,0.211021,0.00155752,2.04524,2.09069,1.38622,1.31804,1.43167,1.15897,0.636297,0.181799,0.227249,0.0454498,0,0,0,0,0
67109,67129,67119,12.9,-104.668,39.9566,161.584,-51.1442,373.713,9.78319,2.56216,159.571,0.18684,0.00111225,2.29834,1.52545,1.62714,1.26104,1.139,1.0373,0.610178,0.244071,0.0406786,0,0,0,0,0,0
67131,67151,67141,13,-104.662,39.9575,159.109,-51.75,374.337,10.5601,2.79255,178.962,0.192256,0.00124158,2.60119,1.72766,1.41707,1.49471,1.3006,1.04824,0.679416,0.194119,0.0776475,0.0194119,0,0,0,0,0
67152,67178,67165,13.1,-104.655,39.9585,156.491,-52.2164,375.323,10.5229,2.67905,169.88,0.190232,0.00116315,2.4988,1.9711,1.58309,1.38132,1.22612,1.05539,0.481135,0.217287,0.0931229,0.0155205,0,0,0,0,0
67179,67211,67195,13.2,-104.646,39.9592,154.05,-52.0703,377.271,9.41143,2.45951,158.092,0.192834,0.0010762,2.132,1.66084,1.49593,1.29569,1.03655,1.013,0.530056,0.164906,0.0471161,0.035337,0,0,0,0,0
67212,67241,67226,13.3,-104.636,39.9601,151.619,-51.8523,379.358,9.48817,2.57587,177.291,0.206483,0.00118296,2.36881,1.63098,1.43682,1.21676,0.893156,1.04849,0.569549,0.232997,0.0388329,0.0388329,0.0129443,0,0,0,0
67242,67270,67256,13.4,-104.627,39.9621,149.243,-51.6485,381.42,8.25091,2.37083,161.154,0.203921,0.00114044,1.68599,1.44727,1.22346,1.08918,1.07426,0.895217,0.462529,0.253645,0.0895217,0.0298406,0,0,0,0,0
67271,67299,67285,13.5,-104.619,39.9648,147.021,-51.2392,383.77,9.07363,2.77363,193.402,0.209187,0.00135913,1.68334,1.437,1.27277,1.32751,1.13591,1.25909,0.5748,0.260028,0.0547428,0.0684285,0,0,0,0,0
67300,67328,67314,13.6,-104.611,39.9676,144.75,-51.2131,385.531,9.26908,2.97856,213.295,0.21483,0.00147553,1.5059,1.5059,1.27223,1.35012,1.18135,1.32415,0.675059,0.350511,0.0519276,0.0389457,0,0.0129819,0,0,0
67329,67355,67342,13.7,-104.601,39.9703,142.434,-51.0359,387.616,9.50814,3.09572,233.191,0.22598,0.00154077,1.68673,1.49931,1.3119,1.26192,1.37437,1.12448,0.887094,0.162426,0.149931,0.0124943,0.0374828,0,0,0,0
67355,67377,67366,13.8,-104.593,39.9727,140.361,-49.5024,391.926,9.47424,3.45379,268.55,0.233265,0.00192917,1.38764,1.46739,1.38764,1.16434,1.19624,1.33979,0.877244,0.350898,0.239248,0.0478497,0,0.0159499,0,0,0
67377,67400,67388,13.9,-104.585,39.9753,138.129,-49.1936,394.277,8.57766,3.07067,224.829,0.219655,0.00165181,1.0646,1.15586,1.09502,1.47524,1.17106,1.36878,0.745222,0.273755,0.182503,0.0456259,0,0,0,0,0
67401,67424,67412,14,-104.576,39.9783,135.907,-50.0032,394.675,8.54252,2.86223,223.1,0.233839,0.00145925,1.47748,1.27601,1.3566,1.0611,1.0208,1.3163,0.752172,0.0940215,0.0537266,0.107453,0.0268633,0,0,0,0
67425,67451,67438,14.1,-104.566,39.9809,133.783,-49.7508,396.9,7.84236,2.75212,214.872,0.234226,0.00143888,1.19957,1.08348,1.18667,1.00609,1.14798,1.25117,0.554641,0.206378,0.116088,0.0644931,0.0257972,0,0,0,0
67452,67480,67466,14.2,-104.556,39.9834,131.603,-49.4346,399.332,7.85807,2.48027,166.227,0.201059,0.00122069,1.24956,1.21092,1.13362,1.10786,1.05633,1.04345,0.68275,0.322052,0.0515283,0,0,0,0,0,0
67481,67506,67494,14.3,-104.546,39.9855,129.885,-49.6025,400.54,7.91906,2.54359,187.017,0.220574,0.00128625,1.18926,1.39913,1.17527,1.21724,1.03535,0.867459,0.699564,0.167895,0.11193,0.0419738,0.0139913,0,0,0,0
67507,67538,67522,14.4,-104.535,39.9881,127.725,-49.3543,402.905,8.32183,3.02027,242.958,0.241328,0.00165328,1.17287,1.20639,1.37394,1.07234,1.08351,1.30692,0.592022,0.245745,0.134043,0.111702,0.0223405,0,0,0,0
67539,67563,67551,14.5,-104.524,39.9908,125.822,-49.6892,404.027,7.99259,2.77886,210.783,0.227557,0.00152105,1.41046,0.980604,1.11493,1.23583,1.03434,1.08807,0.685079,0.201494,0.147762,0.0940305,0,0,0,0,0
67564,67584,67574,14.6,-104.514,39.9931,123.873,-49.544,406.104,7.3866,2.1459,139.227,0.194642,0.000986768,1.32623,0.956901,1.52768,0.839386,1.00726,0.990476,0.503632,0.15109,0.0839386,0,0,0,0,0,0
67585,67603,67594,14.7,-104.506,39.9949,121.973,-49.6147,407.773,7.84024,2.91016,225.792,0.232763,0.00163595,1.27426,1.18577,0.955695,0.902601,1.02649,0.991091,0.991091,0.336263,0.123886,0.0353961,0.0176981,0,0,0,0
67604,67622,67613,14.8,-104.499,39.9965,120.095,-49.2737,410.204,7.80922,2.63258,200.531,0.228518,0.00138084,1.57244,1.11308,1.02474,0.901064,1.02474,1.09541,0.636045,0.33569,0.0176679,0.0706717,0.0176679,0,0,0,0
67623,67643,67633,14.9,-104.492,39.9985,118.207,-48.7111,413.101,6.78632,2.16521,162.524,0.225186,0.00115931,1.49828,1.02235,0.88134,0.863713,0.951847,0.793206,0.38779,0.176268,0.141014,0.0705072,0,0,0,0,0
67644,67665,67654,15,-104.485,40.0009,116.424,-48.2267,415.804,6.63494,1.70714,105.322,0.185086,0.000728006,1.49565,1.22516,1.03422,0.859201,0.700089,0.747823,0.413689,0.127289,0.0318222,0,0,0,0,0,0
67666,67690,67678,15.1,-104.477,40.003,114.687,-47.2468,419.404,6.66989,1.71777,108.034,0.188675,0.000728388,1.4217,1.28558,0.922593,1.04359,0.771348,0.71085,0.393236,0.0453734,0.0604979,0.0151245,0,0,0,0,0
67693,67715,67704,15.2,-104.47,40.0045,112.953,-47.2017,421.312,6.78362,1.91026,129.704,0.203697,0.000907283,1.38854,1.12819,1.18605,0.969088,0.694272,0.7232,0.491776,0.07232,0.101248,0.028928,0,0,0,0,0
67716,67734,67725,15.3,-104.465,40.0051,111.167,-47.2626,423.134,6.8654,1.77748,111.686,0.188502,0.000758183,1.50618,1.12088,1.17342,0.998285,0.823147,0.64801,0.455358,0.0875689,0.0350275,0.0175138,0,0,0,0,0
67735,67756,67746,15.4,-104.462,40.006,109.598,-47.5826,424.248,7.03299,1.79844,115.374,0.192456,0.000794678,1.80648,1.43817,0.947085,0.719083,0.701545,0.859392,0.38585,0.105232,0.0526159,0.0175386,0,0,0,0,0
67757,67776,67766,15.5,-104.459,40.0069,107.828,-47.9189,425.585,6.13112,1.62367,110.783,0.204689,0.000689427,1.33133,1.13864,0.928426,0.963461,0.630629,0.665664,0.315315,0.0875874,0.0525524,0,0.0175175,0,0,0,0
67777,67798,67788,15.6,-104.456,40.0076,106.166,-48.8062,425.806,6.05641,1.6251,113.975,0.210403,0.000722886,1.40254,1.14753,0.988152,0.749083,0.605641,0.685331,0.255007,0.159379,0.0318759,0.0159379,0.0159379,0,0,0,0
67799,67821,67810,15.7,-104.453,40.0088,104.528,-49.6217,426.142,6.11723,1.77601,129.056,0.217998,0.000872384,1.56965,1.04154,0.865508,0.733481,0.469428,0.718811,0.469428,0.161366,0.0586785,0.0146696,0.0146696,0,0,0,0
67822,67850,67836,15.8,-104.45,40.0112,102.785,-49.3254,428.755,6.69074,1.80304,117.693,0.195825,0.000842696,1.53706,1.35623,0.929986,0.800822,0.710406,0.671657,0.400411,0.21958,0.0645824,0,0,0,0,0,0
67851,67877,67864,15.9,-104.445,40.0143,101.257,-49.7246,429.835,6.10377,1.67494,115.775,0.207365,0.000817083,1.30967,1.44184,0.841071,0.720918,0.600765,0.540689,0.372474,0.192245,0.0480612,0.0360459,0,0,0,0,0
67878,67906,67892,16,-104.44,40.0177,99.7708,-50.4668,430.218,6.61598,1.93504,138.283,0.214388,0.000921672,1.48522,1.20168,0.864127,0.810119,0.756112,0.715606,0.567084,0.148522,0.027004,0.027004,0,0.013502,0,0,0
67907,67936,67922,16.1,-104.435,40.0216,98.1989,-50.93,431.27,6.02816,1.72125,115.084,0.200582,0.000825149,1.29261,1.01476,0.845633,0.930197,0.628185,0.579863,0.531541,0.132885,0.0604024,0.0120805,0,0,0,0,0
67939,67967,67953,16.2,-104.428,40.0255,96.7456,-51.1115,432.766,6.16061,1.71549,114.888,0.200913,0.000818856,1.36277,1.04742,0.957316,0.901003,0.653227,0.585652,0.371664,0.202726,0.0675752,0.0112625,0,0,0,0,0
67968,67993,67980,16.3,-104.423,40.0287,95.2063,-51.64,433.716,5.75362,1.82763,133.814,0.219652,0.000973282,1.25217,0.935162,0.871761,0.570607,0.618158,0.713259,0.491356,0.190202,0.0634008,0.0475506,0,0,0,0,0
67994,68017,68006,16.4,-104.418,40.0313,93.8419,-52.1062,434.586,5.71878,1.58443,106.306,0.201283,0.000678366,1.1668,0.993945,0.72025,0.95073,0.69144,0.66263,0.43215,0.05762,0.02881,0,0.014405,0,0,0,0
68017,68039,68028,16.5,-104.414,40.0334,92.3957,-52.66,435.434,5.94267,1.75105,125.398,0.214839,0.000851644,1.29816,1.09622,0.778894,0.735622,0.76447,0.562534,0.432719,0.187511,0.0721198,0,0.014424,0,0,0,0
68040,68061,68050,16.6,-104.41,40.0352,90.9227,-53.5673,435.634,5.96789,1.85436,130.148,0.210554,0.000959937,1.23235,0.996956,0.803103,0.73387,0.664637,0.830797,0.360012,0.207699,0.138466,0,0,0,0,0,0
68062,68080,68071,16.7,-104.405,40.0369,89.4237,-54.3416,436.159,6.78474,2.07753,153.174,0.221187,0.00100001,1.20582,1.20582,0.868189,1.02897,1.01289,0.852112,0.305474,0.176853,0.0643103,0.0482327,0.0160776,0,0,0,0
68081,68096,68088,16.8,-104.401,40.0386,88.0994,-54.9029,436.911,5.87403,1.89176,146.662,0.23258,0.000962896,0.972999,1.04507,1.02706,0.72074,0.666685,0.756777,0.468481,0.0540555,0.0900925,0.0540555,0.0180185,0,0,0,0
68097,68113,68105,16.9,-104.398,40.0401,86.6965,-55.5476,437.616,6.79503,2.04318,135.422,0.19884,0.000978709,1.30118,0.921667,1.10239,0.795163,1.06624,0.777091,0.614444,0.126503,0.0903595,0,0,0,0,0,0
68114,68130,68122,17,-104.395,40.0417,85.4406,-56.0106,438.503,5.7727,1.86711,135.208,0.217247,0.000998679,1.01984,1.01984,0.711966,0.962116,0.615754,0.57727,0.558028,0.153939,0.134696,0.0192423,0,0,0,0,0
68131,68146,68138,17.1,-104.392,40.0436,84.0341,-56.6894,439.222,6.57521,1.96115,138.025,0.211138,0.000968015,1.1443,1.25329,1.12614,0.708379,0.890015,0.744706,0.435926,0.163472,0.0544907,0.0544907,0,0,0,0,0
68147,68162,68154,17.2,-104.389,40.0454,82.6569,-57.5438,439.553,5.46492,1.81775,138.262,0.228186,0.000922993,1.10461,0.852683,0.581375,0.69765,0.658891,0.968958,0.290687,0.213171,0.0581375,0.0193792,0.0193792,0,0,0,0
68163,68179,68171,17.3,-104.386,40.0474,81.3256,-58.1163,440.419,6.2567,1.82264,115.591,0.190258,0.000827374,1.16585,0.971538,0.932676,0.835522,0.738369,0.874384,0.582923,0.155446,0,0,0,0,0,0,0
