data/B2SAP/Locations/Boulder/NOAA-POPS-B2SAP_GMLBalloon_20220311_R0.ict
61,1001
Thornberry, T. D.
NOAA Chemical Sciences Laboratory
Portable Optical Particle Spectrometer (POPS)
Balloon Baseline Stratospheric Aerosol Profiles (B2SAP)
1,1
2022,03,11,2024,05,30
0
TIME_START,s,Seconds since midnight UTC on flight start day,Start time of 100 m altitude bin in UTC_seconds_since_midnight
28
1.0,1.0,1.0,1.0,1.0,1.0,1.0,1.0,1.0,1.0,1.0,1.0,1.0,1.0,1.0,1.0,1.0,1.0,1.0,1.0,1.0,1.0,1.0,1.0,1.0,1.0,1.0,1.0
99999,99999,99999,99999,99999,99999,99999,99999,99999,99999,99999,99999,99999,99999,99999,99999,99999,99999,99999,99999,99999,99999,99999,99999,99999,99999,99999,99999
TIME_STOP,s,End time of 100 m altitude bin in UTC seconds since midnight,
TIME_MID,s,Mid time of 100 m altitude in UTC seconds since midnight,
GPSAlt,m,GPS reported altitude above sea level (m),
GPS_Lon,deg,GPS reported longitude,
GPS_Lat,deg,GPS reported latitude,
iMet_Pressure,mb,Pressure reported (mB),
iMet_Temperature,degrees C,Ambient temperature (oC),
THETA,K,Potential temperature from iMet,
Aerosol_concentration,cm^-3,Aerosol concentration,
Surface_Area_Conc,um^2 cm^-3,Surface area concentration,
Volume_density,um^3 cm^-3,Volume density,
Effective_radius,um,Effective radius,
Extinction,km^-1,Extinction,
Bin01,cm^-3,particle concentration in size range [140 - 170 nm],
Bin02,cm^-3,particle concentration in size range [170 - 205 nm],
Bin03,cm^-3,particle concentration in size range [205 - 249 nm],
Bin04,cm^-3,particle concentration in size range [249 - 302 nm],
Bin05,cm^-3,particle concentration in size range [302 - 366 nm],
Bin06,cm^-3,particle concentration in size range [366 - 443 nm],
Bin07,cm^-3,particle concentration in size range [443 - 537 nm],
Bin08,cm^-3,particle concentration in size range [537 - 651 nm],
Bin09,cm^-3,particle concentration in size range [651 - 789 nm],
Bin10,cm^-3,particle concentration in size range [789 - 956 nm],
Bin11,cm^-3,particle concentration in size range [956 - 1159 nm],
Bin12,cm^-3,particle concentration in size range [1159 - 1404 nm],
Bin13,cm^-3,particle concentration in size range [1404 - 1702 nm],
Bin14,cm^-3,particle concentration in size range [1702 - 2062 nm],
Bin15,cm^-3,particle concentration in size range [2062 - 2500 nm],
0
19
PI_CONTACT_INFO: 325 Broadway R/CSL6, Boulder, CO 80305; troy.thornberry@noaa.gov; 303-497-3373 
PLATFORM: GML ECC/FPH balloon
LOCATION: Boulder, CO, USA
ASSOCIATED_DATA: N/A
INSTRUMENT_INFO: Printed Optical Particle Spectrometer counts particles from 140 - 2500 nm in diameter 
DATA_INFO: Particle concentrations reported in number per cubic centimeter, binned to 100 m altitude
UNCERTAINTY: Counting uncertainty dominated by air flow, less than 5 percent
ULOD_FLAG: -77777
ULOD_VALUE: 3000 ~3000 per cm3 (varies depending on flow rate- manufacturer quotes 1250  per cm3 at 1.667 cc/s)
LLOD_FLAG: -88888
LLOD_VALUE: 0 0 (varies depending on data field and measurement precision)
DM_CONTACT_INFO: Troy Thornberry, 325 Broadway R/CSL6, Boulder, CO 80305; troy.thornberry@noaa.gov; 303-497-3373
PROJECT_INFO: B2SAP Boulder, CO, USA
STIPULATIONS_ON_USE: Please contact the PIs for questions regarding applications and uncertainties
OTHER_COMMENTS: POPS bin Edges (nm):  140, 170, 205, 249, 302, 366, 443, 537, 651, 789, 956, 1159, 1404, 1702, 2062, 2500
Calculations assume sulfate refractive index of 1.45+0.00j and extinction wavelength = 532 nm
REVISION: R0
R0: QA/QC data
TIME_START,TIME_STOP,TIME_MID,GPSAlt,GPS_Lon,GPS_Lat,iMet_Pressure,iMet_Temperature,THETA,Aerosol_concentration,Surface_Area_Conc,Volume_density,Effective_radius,Extinction,Bin01,Bin02,Bin03,Bin04,Bin05,Bin06,Bin07,Bin08,Bin09,Bin10,Bin11,Bin12,Bin13,Bin14,Bin15
62242,62655,62448,1.8,-105.197,39.9492,823.988,-5.65148,282.712,1790.65,234.108,9947.39,0.127472,0.0398264,643.78,587.003,332.02,125.37,63.1737,21.5842,14.1442,2.55585,0.481731,0.133814,0.120433,0.0802885,0.133814,0.0267628,0.0401442
62656,62675,62666,1.9,-105.197,39.9496,813.527,-5.61526,283.782,612.774,80.4657,3702.12,0.138026,0.0145193,236.442,195.243,103.6,41.8487,21.7743,7.7356,4.46946,0.897712,0.362905,0.0955013,0.076401,0.114602,0.0382005,0.0573008,0.0191003
62676,62696,62686,2,-105.196,39.9501,802.648,-5.90857,284.568,258.332,34.3946,1655.04,0.144357,0.00672295,107.601,75.7352,40.8771,17.7644,9.42391,3.80052,2.2356,0.550301,0.103181,0.103181,0.0343938,0.0515907,0.0171969,0.0171969,0.0171969
62697,62714,62706,2.1,-105.195,39.9504,792.848,-6.78167,284.636,228.324,30.9958,1482.51,0.143488,0.00624626,93.8524,66.3293,35.8444,16.9047,8.946,3.20363,2.43799,0.44327,0.120892,0.0805946,0.0201486,0.0805946,0.0402973,0.0201486,0
62715,62734,62724,2.2,-105.193,39.9504,782.466,-7.62211,284.806,192.295,26.8996,1539.84,0.171732,0.00582478,79.6771,56.4724,29.5157,13.4302,7.92731,2.82843,1.44308,0.577231,0.0962052,0.0769641,0.0577231,0.0769641,0.0384821,0.0577231,0.019241
62734,62750,62742,2.3,-105.192,39.9505,772.171,-8.54294,284.891,162.605,24.8344,1715.32,0.207211,0.00620638,66.5171,45.6604,24.4586,13.1136,7.44112,2.69606,1.72548,0.388232,0.129411,0.0862738,0.150979,0.0647054,0.0647054,0.0647054,0.0431369
62751,62768,62760,2.4,-105.192,39.9505,761.98,-9.37944,285.076,145.032,20.6516,1082.01,0.157181,0.00447588,58.8402,40.9048,22.5619,11.2504,6.90919,2.52726,1.46744,0.244573,0.0407622,0.122287,0,0.0611433,0.0815244,0.0203811,0
62769,62787,62778,2.5,-105.191,39.9503,752.267,-9.93895,285.516,105.954,17.2417,1390.05,0.241863,0.00472767,42.0684,27.9295,17.2529,9.49682,5.57043,1.72142,1.10248,0.367494,0.116051,0.0967089,0.0193418,0.0580254,0.0386836,0.0386836,0.0773671
62788,62808,62798,2.6,-105.189,39.9499,742.583,-10.7857,285.65,102.085,15.5481,917.428,0.177017,0.00380332,40.82,26.3666,17.0638,8.91734,5.3434,1.78697,1.05116,0.385425,0.105116,0.0700773,0.0175193,0.0700773,0.052558,0.0350387,0
62809,62828,62818,2.7,-105.188,39.9493,732.565,-11.7374,285.718,97.5503,14.763,975.595,0.198251,0.00360492,39.4369,26.9145,14.9179,7.9458,5.08298,1.7138,0.993225,0.292125,0.0779,0.019475,0,0.058425,0.019475,0.058425,0.019475
62828,62844,62836,2.8,-105.186,39.9487,723.226,-12.6676,285.753,95.8277,14.6615,862.376,0.176457,0.00372214,39.1564,25.1092,14.947,8.12099,5.04819,1.49251,1.16328,0.351178,0.197538,0.0438973,0.0658459,0.109743,0,0.0219486,0
62845,62863,62854,2.9,-105.185,39.948,713.939,-13.6053,285.777,96.0744,16.1615,1331.53,0.247168,0.00473703,37.6805,26.0095,15.4174,8.15985,5.02145,1.60843,1.23575,0.470761,0.15692,0.0588451,0.019615,0.03923,0.0588451,0.0980751,0.03923
62864,62881,62872,3,-105.183,39.9469,704.626,-14.4411,285.924,81.4441,11.932,586.23,0.147393,0.00277997,33.337,20.3402,13.1012,7.23901,4.56871,1.46032,0.85533,0.250341,0.229479,0,0.0208617,0.0417234,0,0,0
62882,62902,62892,3.1,-105.181,39.9457,695.355,-15.1025,286.272,68.2109,10.4414,581.517,0.167081,0.0024161,27.2732,16.7591,10.9801,6.72974,4.19444,1.21173,0.615184,0.260987,0,0.0186419,0.111852,0.0372839,0.0186419,0,0
62903,62924,62914,3.2,-105.179,39.9443,685.715,-16.0314,286.389,66.3271,10.7017,742.602,0.208173,0.00283481,25.8809,16.9817,10.5838,6.44894,4.0157,1.15707,0.765706,0.204188,0.136125,0.0170157,0.0170157,0.0340314,0.0340314,0.0340314,0.0170157
62925,62948,62936,3.3,-105.176,39.9427,676.437,-16.6667,286.792,57.7049,8.59215,432.165,0.150893,0.00206148,23.471,14.7008,8.69181,5.42846,3.12215,1.22376,0.690325,0.20396,0.0941352,0.0313784,0.0313784,0,0.0156892,0,0
62949,62969,62959,3.4,-105.173,39.9413,668.211,-17.2053,287.189,49.9122,7.70297,494.139,0.192448,0.00191778,19.8384,12.9622,8.06183,4.76201,2.54896,0.908932,0.513744,0.158075,0.0592782,0.0197594,0,0,0.0395188,0.0395188,0
62969,62988,62978,3.5,-105.171,39.9396,659.005,-17.2937,288.233,39.9649,6.86995,542.743,0.237008,0.00208459,15.8626,9.73248,6.68735,3.56261,2.44805,0.716502,0.457765,0.218931,0.13932,0.0398056,0,0.0398056,0.0199028,0.0199028,0.0199028
62989,63010,63000,3.6,-105.169,39.9375,650.077,-17.7477,288.847,34.5389,5.51738,425.696,0.231466,0.00146341,13.7265,8.84866,5.52827,3.14923,1.89981,0.821539,0.376539,0.085577,0.0684616,0,0,0,0,0,0.0342308
63011,63034,63022,3.7,-105.166,39.935,641.187,-18.3113,289.343,26.9833,4.02895,200.697,0.149441,0.000995789,11.0165,6.82046,4.196,2.29444,1.58725,0.502891,0.377168,0.0942921,0.0628614,0.0157154,0,0.0157154,0,0,0
63035,63059,63047,3.8,-105.164,39.9317,632.681,-18.7929,289.896,21.4733,4.04851,414.717,0.307311,0.00133108,8.73142,5.65253,2.99994,1.92628,1.13682,0.426308,0.331573,0.142103,0,0.0157892,0,0.0315784,0.0315784,0.0315784,0.0157892
63060,63079,63070,3.9,-105.162,39.9284,624.899,-19.481,290.144,19.8859,3.20513,217.117,0.203221,0.000878077,8.16707,4.93823,2.94394,1.89932,1.06362,0.379864,0.379864,0.0569796,0,0.0189932,0,0.0189932,0,0.0189932,0
63080,63099,63090,4,-105.161,39.9257,616.362,-20.287,290.359,15.2619,2.28995,118.355,0.155053,0.000556227,6.30675,3.79167,2.66751,0.876466,0.933627,0.381072,0.20959,0.0571608,0.0190536,0,0,0.0190536,0,0,0
63100,63119,63110,4.1,-105.159,39.923,608.225,-20.7679,290.906,12.0175,2.04147,156.626,0.230166,0.000543044,5.05893,2.87939,2.07956,0.939801,0.619869,0.199958,0.119975,0.0199958,0.0199958,0,0.0199958,0.0199958,0.0399915,0,0
63120,63141,63130,4.2,-105.157,39.9203,599.825,-20.9836,291.816,12.6544,1.94718,108.825,0.167666,0.000516529,5.49285,3.11146,1.75563,1.02556,0.677916,0.295502,0.191207,0.0347649,0.0521474,0,0,0,0.0173825,0,0
63142,63162,63152,4.3,-105.155,39.9173,591.662,-21.4662,292.403,10.8614,1.41145,58.6429,0.124644,0.000264655,5.07713,2.77429,1.45061,0.670906,0.525846,0.271989,0.0543978,0.0362652,0,0,0,0,0,0,0
63163,63186,63174,4.4,-105.152,39.9133,583.398,-21.8204,293.163,11.6966,1.65856,82.0386,0.148391,0.000351305,5.03881,2.99024,1.61903,1.07384,0.594745,0.214769,0.115645,0.0330414,0,0,0.0165207,0,0,0,0
63187,63206,63196,4.5,-105.15,39.9093,576.002,-22.5663,293.359,10.9198,1.54976,70.1297,0.135756,0.000356431,4.85549,2.82062,1.20884,0.946921,0.624565,0.261914,0.161178,0.0201473,0.0201473,0,0,0,0,0,0
63207,63225,63216,4.6,-105.149,39.9061,567.797,-23.471,293.507,9.4224,1.36554,77.7445,0.1708,0.000324921,4.32661,2.21138,1.19222,1.13453,0.326899,0.115376,0.0192294,0.0384588,0.0192294,0.0192294,0,0.0192294,0,0,0
63227,63246,63236,4.7,-105.147,39.9025,560.299,-24.2265,293.729,8.33759,1.1051,48.2969,0.131111,0.000232887,3.94736,1.9448,1.21309,0.71245,0.231065,0.154043,0.096277,0.0192554,0.0192554,0,0,0,0,0,0
63247,63264,63256,4.8,-105.145,39.8992,552.814,-24.9588,293.988,8.69605,1.36307,124.462,0.27393,0.000400327,4.31397,2.11157,1.02173,0.635743,0.340576,0.136231,0.0681153,0.0227051,0.0227051,0,0,0,0,0.0227051,0
63265,63287,63276,4.9,-105.142,39.8958,545.236,-25.69,294.288,7.56219,0.970011,44.65,0.138091,0.000210435,3.96595,1.54605,1.0251,0.604975,0.285683,0.0336097,0.0504146,0.0168049,0.0168049,0.0168049,0,0,0,0,0
63288,63305,63296,5,-105.139,39.8922,537.448,-26.5139,294.513,8.45191,1.12545,61.1062,0.162885,0.000236728,3.96722,2.43639,1.14273,0.43122,0.237171,0.129366,0.043122,0.043122,0,0,0.021561,0,0,0,0
63306,63322,63314,5.1,-105.137,39.8891,529.938,-27.3629,294.679,6.58038,0.796644,36.2023,0.136331,0.000160503,3.72735,1.35749,0.736266,0.460166,0.184066,0.0460166,0.0460166,0,0,0.0230083,0,0,0,0,0
63323,63340,63332,5.2,-105.134,39.8856,522.918,-27.5606,295.564,3.95514,0.637656,50.3168,0.236727,0.000188825,2.07483,0.929349,0.497094,0.129677,0.129677,0.0864511,0.0648383,0,0.0216128,0,0,0,0.0216128,0,0
63341,63360,63350,5.3,-105.132,39.8814,515.639,-27.7595,296.517,2.418,0.244569,7.99864,0.0981153,2.11741e-05,1.5015,0.3705,0.39,0.0975,0.0585,0,0,0,0,0,0,0,0,0,0
63361,63380,63370,5.4,-105.129,39.8768,508.198,-27.9445,297.527,0.819617,0.104603,4.07652,0.116914,1.5814e-05,0.370779,0.195147,0.117088,0.0780587,0.0390294,0.0195147,0,0,0,0,0,0,0,0,0
63381,63400,63390,5.5,-105.127,39.8716,501.245,-28.2011,298.385,1.3729,0.177222,7.11513,0.120444,2.97073e-05,0.635221,0.286874,0.286874,0.061473,0.040982,0.061473,0,0,0,0,0,0,0,0,0
63401,63421,63411,5.6,-105.124,39.8664,494.265,-28.6724,299.005,4.80945,0.989475,141.352,0.428567,0.00035348,1.97598,1.13712,0.764292,0.428749,0.316902,0.0559238,0.0932064,0.0186413,0,0,0,0,0,0,0.0186413
63422,63442,63432,5.7,-105.121,39.8611,487.566,-29.3495,299.339,8.42637,1.31264,69.1691,0.158084,0.000390642,3.60596,2.03653,1.17708,0.784717,0.411042,0.168154,0.130786,0.0560512,0.0373675,0.0186837,0,0,0,0,0
63444,63467,63456,5.8,-105.119,39.8555,480.627,-30.0252,299.739,6.14048,1.1373,91.2015,0.240574,0.000351505,2.4013,1.6123,0.943369,0.600326,0.308739,0.0686087,0.102913,0.0343043,0.0171522,0,0.0171522,0.0343043,0,0,0
63468,63487,63478,5.9,-105.116,39.8496,474.166,-30.3752,300.47,5.87273,0.799854,33.38,0.125198,0.000149441,2.48749,1.42142,0.972554,0.50498,0.261841,0.168327,0.0561089,0,0,0,0,0,0,0,0
63489,63512,63500,6,-105.113,39.8431,467.374,-30.7846,301.2,10.615,1.70786,98.6608,0.173306,0.000494657,4.33804,2.62911,1.56104,1.01878,0.607983,0.180752,0.115024,0.0985918,0.0328639,0.016432,0,0.016432,0,0,0
63512,63535,63524,6.1,-105.109,39.8363,460.751,-31.5908,301.422,10.6274,1.64048,85.972,0.157219,0.000382842,4.07855,2.73561,1.67453,0.928451,0.762656,0.298431,0.0994768,0.0165795,0.0165795,0,0,0.0165795,0,0,0
63536,63556,63546,6.2,-105.106,39.8297,454.249,-31.9348,302.216,7.94368,1.34354,80.1791,0.179032,0.000396215,3.14359,2.07063,1.16708,0.527069,0.470597,0.320006,0.169415,0.0376478,0.0188239,0,0,0.0188239,0,0,0
63557,63581,63569,6.3,-105.103,39.8224,447.712,-32.0324,303.35,8.10462,1.52232,135.149,0.266336,0.000514071,3.07089,2.13696,1.1872,0.870613,0.411563,0.158293,0.158293,0.0316587,0.047488,0,0,0,0.0158293,0.0158293,0
63582,63603,63592,6.4,-105.099,39.8146,441.394,-32.7173,303.723,5.90293,0.975251,68.433,0.210509,0.000234737,2.2316,1.56572,1.00782,0.665879,0.215961,0.10798,0.0719869,0,0,0,0,0.0359935,0,0,0
63604,63624,63614,6.5,-105.096,39.8071,435.212,-33.399,304.083,5.54908,0.843345,38.1988,0.135883,0.000194291,1.81813,1.6098,1.04164,0.454532,0.397716,0.0946942,0.113633,0.0189388,0,0,0,0,0,0,0
63625,63646,63636,6.6,-105.093,39.7995,429.252,-34.0586,304.44,15.2534,2.85874,248.622,0.260907,0.000970891,6.21774,3.74519,2.27256,1.36354,0.927206,0.290888,0.199986,0.0545415,0.0545415,0.0545415,0,0.0181805,0.036361,0.0181805,0
63647,63668,63658,6.7,-105.09,39.7916,422.853,-34.9719,304.579,16.9913,3.34658,316.48,0.283705,0.00114343,6.31703,4.05279,2.81603,1.71245,1.16066,0.399571,0.228326,0.152218,0.0570816,0.0190272,0.0190272,0,0.0380544,0,0.0190272
63669,63691,63680,6.8,-105.086,39.7836,416.667,-35.8804,304.702,19.5132,3.36287,244.127,0.217785,0.00100973,7.40941,4.85203,3.27556,1.99686,1.15608,0.350327,0.19268,0.140131,0.0700654,0.0175163,0,0.0175163,0.0175163,0.0175163,0
63692,63714,63703,6.9,-105.083,39.7756,410.817,-36.7909,304.765,18.117,3.27428,270.085,0.247461,0.000957099,6.5382,5.04063,2.83079,1.78979,1.15058,0.383526,0.182631,0.0730525,0.0182631,0.0182631,0,0.0182631,0.0547894,0.0182631,0
63715,63732,63724,7,-105.08,39.7683,405.142,-37.5812,304.953,24.6747,4.66019,367.1,0.23632,0.0016023,8.93599,6.30497,4.19541,2.22807,1.6592,0.497761,0.402949,0.189623,0.118514,0.0474058,0.0474058,0,0.0237029,0.0237029,0
63733,63746,63740,7.1,-105.077,39.7625,399.895,-38.2269,305.249,36.0375,6.19803,497.554,0.240828,0.00180779,13.5568,9.07933,6.3431,3.4203,2.08327,0.621872,0.559685,0.248749,0,0.0310936,0.0310936,0.0310936,0,0,0.0310936
63747,63766,63756,7.2,-105.075,39.7564,393.492,-38.8845,305.799,21.906,3.89724,338.031,0.260208,0.00112839,8.23504,5.61849,3.36704,2.39344,1.35898,0.588217,0.1217,0.101417,0,0.0405667,0,0.0405667,0.0202834,0,0.0202834
63767,63784,63776,7.3,-105.072,39.7495,387.664,-39.7394,305.991,16.7447,2.9647,280.675,0.284017,0.000924122,6.49422,4.57084,2.55696,1.56133,0.814605,0.362047,0.181023,0.11314,0.0226279,0.0226279,0,0,0.0226279,0,0.0226279
63785,63801,63793,7.4,-105.07,39.743,382.335,-40.4688,306.245,15.9788,2.80722,276.74,0.295745,0.000908912,6.81377,4.22262,2.15929,1.41554,0.575811,0.431858,0.167945,0.0479843,0.0959685,0,0,0.0239921,0,0,0.0239921
63802,63817,63810,7.5,-105.068,39.7368,376.709,-41.1906,306.588,13.1195,1.77197,76.0356,0.128731,0.000362051,5.75419,3.42694,1.91806,0.946244,0.61378,0.255742,0.153445,0.0511483,0,0,0,0,0,0,0
63818,63835,63826,7.6,-105.066,39.7304,371.119,-41.8189,307.063,13.6073,2.1803,142.914,0.196643,0.000567284,5.58014,3.33894,2.44703,1.07486,0.594605,0.274433,0.182955,0.0228694,0.0457389,0,0,0,0.0457389,0,0
63836,63849,63842,7.7,-105.064,39.7243,365.997,-42.3957,307.513,12.9899,1.92548,100.735,0.15695,0.000530375,5.49572,3.37972,2.08661,0.911055,0.617166,0.205722,0.205722,0,0.0293889,0.0587778,0,0,0,0,0
63850,63861,63856,7.8,-105.063,39.7192,361.1,-42.6967,308.306,19.6253,2.62225,107.953,0.123505,0.000472144,8.22003,4.82927,3.45926,1.60976,0.993254,0.308251,0.171251,0.0342501,0,0,0,0,0,0,0
63867,63884,63876,7.9,-105.062,39.7109,354.484,-43.4856,308.876,24.8483,4.13708,346.064,0.250948,0.00118311,9.78403,6.6521,4.14139,1.81186,1.39772,0.595324,0.258837,0.103535,0.0258837,0.0258837,0,0.0258837,0,0,0.0258837
63886,63907,63896,8,-105.06,39.7029,349.651,-43.9214,309.498,26.6646,4.36691,245.111,0.168387,0.00118926,10.2556,6.30392,4.0458,2.99201,1.88177,0.56453,0.357536,0.112906,0.0940883,0.0188177,0,0.0188177,0.0188177,0,0
63908,63932,63920,8.1,-105.059,39.6934,344.378,-44.7972,309.654,27.4555,4.23965,222.794,0.15765,0.00116574,10.7932,7.47732,4.14486,2.48691,1.24346,0.613439,0.364747,0.232112,0.0331589,0.0497383,0.0165794,0,0,0,0
63934,63955,63944,8.2,-105.057,39.6837,339.431,-45.5195,309.958,31.3798,4.76437,268.079,0.168802,0.00118783,12.9617,8.29964,4.49477,2.94773,1.4007,0.710801,0.292683,0.10453,0.10453,0,0.0209059,0.0209059,0.0209059,0,0
63956,63970,63963,8.3,-105.056,39.6763,334.451,-46.1437,310.42,36.1356,5.43572,308.28,0.170141,0.00139968,15.5915,9.14526,5.37186,3.17071,1.31021,0.786126,0.471676,0.104817,0.0786126,0.0524084,0,0,0.0524084,0,0
63971,63992,63982,8.4,-105.054,39.6688,328.991,-46.7262,311.079,33.7744,4.87162,236.982,0.145937,0.00113709,14.146,8.48361,5.20221,3.00128,1.90081,0.480204,0.300128,0.14006,0.0800341,0.0200085,0.0200085,0,0,0,0
63993,64013,64003,8.5,-105.053,39.6597,324.204,-47.4305,311.41,32.2766,4.94482,291.999,0.177154,0.00129833,12.6265,8.50438,5.28272,3.04157,1.70088,0.480247,0.360185,0.140072,0.0800412,0.0400206,0,0,0,0.0200103,0
64015,64038,64026,8.6,-105.052,39.6499,319.237,-48.1557,311.783,29.4681,4.47088,226.655,0.152087,0.00103411,11.158,7.68256,4.73758,3.14619,1.48164,0.786548,0.310961,0.091459,0.0365836,0,0.0182918,0.0182918,0,0,0
64039,64085,64062,8.7,-105.05,39.6341,314.279,-48.3665,312.893,18.9695,2.95387,199.257,0.202369,0.000805299,8.11148,4.63252,2.97543,1.593,0.952138,0.338741,0.219724,0.0457759,0.054931,0.0183103,0,0,0.00915517,0.0183103,0
64086,64118,64102,8.8,-105.047,39.6164,309.909,-48.8833,313.421,17.2979,2.98309,240.929,0.242295,0.00092202,6.88595,4.40752,2.69561,1.58415,1.03481,0.30661,0.14053,0.089428,0.0766525,0.0255508,0.0255508,0.0127754,0,0,0.0127754
64119,64147,64133,8.9,-105.045,39.6026,305.127,-49.5089,313.936,10.9793,1.94373,159.197,0.245708,0.000668151,4.59355,2.8465,1.67175,0.813285,0.436764,0.256034,0.195791,0.0602433,0.0451825,0.0301217,0,0,0.0150608,0.0150608,0
64149,64174,64162,9,-105.043,39.5903,300.36,-50.2504,314.305,8.65752,1.2439,63.117,0.152223,0.000320258,3.75571,2.11589,1.49876,0.617135,0.387913,0.141059,0.0705297,0.0176324,0.0176324,0.0352648,0,0,0,0,0
64175,64205,64190,9.1,-105.042,39.5775,295.573,-50.9028,314.835,11.2178,1.64805,82.7903,0.150706,0.000377497,4.97917,2.57745,1.44982,1.18621,0.541851,0.278248,0.161091,0.0292892,0,0,0.0146446,0,0,0,0
