data/B2SAP/Locations/Boulder/NOAA-POPS-B2SAP_GMLBalloon_20230928_R0.ict
82,1001
Thornberry, T. D.
NOAA Chemical Sciences Laboratory
Portable Optical Particle Spectrometer (POPS)
Balloon Baseline Stratospheric Aerosol Profiles (B2SAP)
1,1
2023,09,28,2024,05,28
0
TIME_START,s,Seconds since midnight UTC on flight start day,Start time of 100 m altitude bin in UTC_seconds_since_midnight
49
1.0,1.0,1.0,1.0,1.0,1.0,1.0,1.0,1.0,1.0,1.0,1.0,1.0,1.0,1.0,1.0,1.0,1.0,1.0,1.0,1.0,1.0,1.0,1.0,1.0,1.0,1.0,1.0,1.0,1.0,1.0,1.0,1.0,1.0,1.0,1.0,1.0,1.0,1.0,1.0,1.0,1.0,1.0,1.0,1.0,1.0,1.0,1.0,1.0
99999,99999,99999,99999,99999,99999,99999,99999,99999,99999,99999,99999,99999,99999,99999,99999,99999,99999,99999,99999,99999,99999,99999,99999,99999,99999,99999,99999,99999,99999,99999,99999,99999,99999,99999,99999,99999,99999,99999,99999,99999,99999,99999,99999,99999,99999,99999,99999,99999
TIME_STOP,s,End time of 100 m altitude bin in UTC seconds since midnight,
TIME_MID,s,Mid time of 100 m altitude in UTC seconds since midnight,
GPSAlt,km,GPS reported altitude above sea level (km),
GPS_Lon,deg,GPS reported longitude,
GPS_Lat,deg,GPS reported latitude,
iMet_Pressure,hPa,Pressure reported (hPa),
iMet_Temperature,degrees C,Ambient temperature (oC),
THETA,K,Potential temperature from iMet,
Aerosol_concentration,cm^-3,Aerosol concentration,
Surface_Area_Conc,um^2 cm^-3,Surface area concentration,
Volume_density,um^3 cm^-3,Volume density,
Effective_radius,um,Effective radius,
Extinction,km^-1,Extinction,
Bin01,cm^-3,particle concentration in size range [140 - 146.14 nm],
Bin02,cm^-3,particle concentration in size range [146.14 - 152.56 nm],
Bin03,cm^-3,particle concentration in size range [152.56 - 159.25 nm],
Bin04,cm^-3,particle concentration in size range [159.25 - 166.24 nm],
Bin05,cm^-3,particle concentration in size range [166.24 - 173.54 nm],
Bin06,cm^-3,particle concentration in size range [173.54 - 181.16 nm],
Bin07,cm^-3,particle concentration in size range [181.16 - 189.11 nm],
Bin08,cm^-3,particle concentration in size range [189.11 - 197.41 nm],
Bin09,cm^-3,particle concentration in size range [197.41 - 206.07 nm],
Bin10,cm^-3,particle concentration in size range [206.07 - 215.12 nm],
Bin11,cm^-3,particle concentration in size range [215.12 - 224.56 nm],
Bin12,cm^-3,particle concentration in size range [224.56 - 234.41 nm],
Bin13,cm^-3,particle concentration in size range [234.41 - 244.70 nm],
Bin14,cm^-3,particle concentration in size range [244.70 - 361.30 nm],
Bin15,cm^-3,particle concentration in size range [361.30 - 472.80 nm],
Bin16,cm^-3,particle concentration in size range [472.80 - 567.00 nm],
Bin17,cm^-3,particle concentration in size range [567.00 - 610.66 nm],
Bin18,cm^-3,particle concentration in size range [610.66 - 657.69 nm],
Bin19,cm^-3,particle concentration in size range [657.69 - 708.33 nm],
Bin20,cm^-3,particle concentration in size range [708.33 - 762.88 nm],
Bin21,cm^-3,particle concentration in size range [762.88 - 821.62 nm],
Bin22,cm^-3,particle concentration in size range [821.62 - 884.89 nm],
Bin23,cm^-3,particle concentration in size range [884.89 - 953.03 nm],
Bin24,cm^-3,particle concentration in size range [953.03 - 1026.42 nm],
Bin25,cm^-3,particle concentration in size range [1026.42 - 1105.46 nm],
Bin26,cm^-3,particle concentration in size range [1105.46 - 1190.59 nm]],
[...]
LOCATION: Boulder, CO, USA
ASSOCIATED_DATA: N/A
INSTRUMENT_INFO: Printed Optical Particle Spectrometer counts particles from 140 - 2500 nm in diameter 
DATA_INFO: Particle concentrations reported in number per cubic centimeter, binned to 100 m altitude
UNCERTAINTY: Counting uncertainty dominated by air flow, less than 5 percent
ULOD_FLAG: -77777
ULOD_VALUE: 3000 ~3000 per cm3 (varies depending on flow rate- manufacturer quotes 1250  per cm3 at 1.667 cc/s)
LLOD_FLAG: -88888
LLOD_VALUE: 0 0 (varies depending on data field and measurement precision)
DM_CONTACT_INFO: Troy Thornberry, 325 Broadway R/CSL6, Boulder, CO 80305; troy.thornberry@noaa.gov; 303-497-3373
PROJECT_INFO: B2SAP Boulder, CO, USA
STIPULATIONS_ON_USE: Please contact the PIs for questions regarding applications and uncertainties
OTHER_COMMENTS: POPS bin Edges (nm):  140, 146.14, 152.56, 159.25, 166.24, 173.54, 181.16, 189.11, 197.41, 206.07, 215.12, 224.56, 234.41, 244.70, 361.30, 472.80, 567.00, 610.66, 657.69, 708.33, 762.88, 821.62, 884.89, 953.03, 1026.42, 1105.46, 1190.59, 1282.27, 1381.01, 1487.36, 1601.89, 1725.25, 1858.10, 2001.18, 2155.28, 2321.25, 2500
Calculations assume sulfate refractive index of 1.45+0.00j and extinction wavelength = 532 nm
REVISION: R0
R0: QA/QC data
TIME_START,TIME_STOP,TIME_MID,GPSAlt,GPS_Lon,GPS_Lat,iMet_Pressure,iMet_Temperature,THETA,Aerosol_concentration,Surface_Area_Conc,Volume_density,Effective_radius,Extinction,Bin01,Bin02,Bin03,Bin04,Bin05,Bin06,Bin07,Bin08,Bin09,Bin10,Bin11,Bin12,Bin13,Bin14,Bin15,Bin16,Bin17,Bin18,Bin19,Bin20,Bin21,Bin22,Bin23,Bin24,Bin25,Bin26,Bin27,Bin28,Bin29,Bin30,Bin31,Bin32,Bin33,Bin34,Bin35,Bin36
[from data line 363]
67005,67027,67016,19.4,-104.681,40.2135,63.4817,-61.5596,465.157,2.95045,0.933059,70.7282,0.227408,0.000534314,0.207263,0.256031,0.219455,0.158495,0.109728,0.146303,0.158495,0.0853437,0.0609598,0.0853437,0.0853437,0.109728,0.12192,0.426718,0.304799,0.243839,0.0365759,0.0365759,0.0487678,0.0243839,0.012192,0.012192,0,0,0,0,0,0,0,0,0,0,0,0,0,0
67027,67050,67038,19.3,-104.679,40.2137,64.5023,-61.9386,462.211,2.83033,0.902053,71.9759,0.239374,0.000527752,0.204911,0.358594,0.179297,0.140876,0.128069,0.128069,0.128069,0.153683,0.0384207,0.0256138,0.102455,0.0512276,0.102455,0.409821,0.358594,0.102455,0.0640346,0.0384207,0.0512276,0.0256138,0.0128069,0,0.0256138,0,0,0,0,0,0,0,0,0,0,0,0,0
67051,67072,67062,19.2,-104.676,40.2139,65.5973,-62.245,459.326,2.51532,0.66323,45.5691,0.206123,0.000316933,0.230999,0.218165,0.153999,0.192499,0.141166,0.0384998,0.141166,0.0769995,0.128333,0.0769995,0.102666,0.0898328,0.0384998,0.372164,0.307998,0.141166,0.0128333,0,0.0384998,0,0,0,0.0128333,0,0,0,0,0,0,0,0,0,0,0,0,0
67073,67095,67084,19.1,-104.675,40.214,66.7033,-62.099,457.454,3.32972,1.05694,88.1073,0.250081,0.000644475,0.254075,0.334309,0.374426,0.187213,0.173841,0.173841,0.120351,0.133724,0.133724,0.0802342,0.0668619,0.106979,0.0267447,0.427916,0.307565,0.200586,0.0401171,0.0267447,0.0401171,0.0401171,0.0133724,0.0534895,0.0133724,0,0,0,0,0,0,0,0,0,0,0,0,0
67096,67114,67105,19,-104.673,40.2141,67.7168,-62.6821,454.229,3.32891,1.02414,82.5221,0.241732,0.000606435,0.222918,0.312085,0.312085,0.237779,0.267501,0.193196,0.074306,0.104028,0.148612,0.0891672,0.0445836,0.0594448,0.074306,0.520142,0.193196,0.267501,0.0445836,0.0297224,0.0594448,0.0297224,0,0.0148612,0.0297224,0,0,0,0,0,0,0,0,0,0,0,0,0
67118,67139,67128,18.9,-104.671,40.214,68.8555,-62.1959,453.114,3.13818,0.999077,83.8059,0.25165,0.000605614,0.256178,0.217751,0.217751,0.268987,0.11528,0.23056,0.140898,0.0896623,0.102471,0.128089,0.11528,0.140898,0.0512356,0.422694,0.23056,0.153707,0.0768534,0.0768534,0.0128089,0,0.0128089,0.0512356,0.0256178,0,0,0,0,0,0,0,0,0,0,0,0,0
67140,67162,67151,18.8,-104.67,40.2139,69.9761,-61.7604,451.957,3.23677,0.843878,62.7198,0.22297,0.000454293,0.329784,0.305355,0.366426,0.293141,0.195427,0.0977137,0.146571,0.122142,0.109928,0.0732853,0.134356,0.0610711,0.0488569,0.378641,0.256499,0.170999,0.0244284,0.0244284,0.0366426,0.0244284,0.0244284,0,0.0122142,0,0,0,0,0,0,0,0,0,0,0,0,0
67163,67184,67174,18.7,-104.668,40.2139,71.1127,-61.2327,451.006,2.8255,0.872855,76.9801,0.26458,0.000530524,0.25455,0.241822,0.280005,0.114547,0.114547,0.216367,0.15273,0.114547,0.165457,0.10182,0.0636374,0.0763649,0.0763649,0.35637,0.165457,0.15273,0.0127275,0.0127275,0.0509099,0,0.025455,0.0127275,0.0636374,0,0,0,0,0,0,0,0,0,0,0,0,0
67185,67208,67196,18.6,-104.667,40.2139,72.2654,-60.5942,450.293,3.19783,0.99033,84.7674,0.256785,0.000602187,0.302341,0.290712,0.255827,0.220941,0.255827,0.162799,0.209313,0.127913,0.0813994,0.104656,0.023257,0.116285,0.0697709,0.302341,0.255827,0.220941,0.0465139,0.0348854,0.0116285,0,0.023257,0.0348854,0.0465139,0,0,0,0,0,0,0,0,0,0,0,0,0
67209,67231,67220,18.5,-104.665,40.2135,73.4317,-59.63,450.269,3.08578,0.854422,64.3003,0.225768,0.000464662,0.254123,0.350931,0.290426,0.193617,0.133112,0.145213,0.0847076,0.181516,0.133112,0.157314,0.0847076,0.0484043,0.0484043,0.363032,0.266224,0.205718,0.0484043,0.0363032,0.0121011,0.0121011,0.0121011,0,0.0242022,0,0,0,0,0,0,0,0,0,0,0,0,0
67232,67255,67244,18.4,-104.663,40.2134,74.6254,-59.5071,448.455,3.17705,0.828956,59.0724,0.213784,0.000422275,0.354412,0.202521,0.316439,0.177206,0.189864,0.215179,0.139233,0.088603,0.101261,0.088603,0.0759454,0.0759454,0.139233,0.443015,0.253151,0.215179,0.0126576,0.0253151,0.0126576,0.0253151,0.0126576,0,0.0126576,0,0,0,0,0,0,0,0,0,0,0,0,0
67256,67280,67268,18.3,-104.661,40.2137,75.816,-59.6956,446.043,3.34409,1.04194,86.371,0.248684,0.000620535,0.357854,0.370194,0.234456,0.209777,0.111058,0.172757,0.259136,0.148078,0.0370194,0.0370194,0.0740388,0.0987184,0.0740388,0.431893,0.296155,0.222116,0.061699,0.0246796,0.0246796,0.0246796,0,0.0370194,0.0370194,0,0,0,0,0,0,0,0,0,0,0,0,0
67280,67307,67294,18.2,-104.659,40.2148,77.0229,-62.7736,437.632,3.67536,0.831784,57.638,0.207883,0.000405468,0.536222,0.368653,0.223426,0.189912,0.234597,0.245769,0.134056,0.279283,0.156398,0.111713,0.145227,0.0335139,0.0781991,0.502709,0.145227,0.122884,0.0558565,0.0558565,0.0111713,0.0111713,0.0111713,0.0223426,0,0,0,0,0,0,0,0,0,0,0,0,0,0
67309,67332,67320,18.1,-104.657,40.2167,78.282,-64.0908,432.88,4.03553,0.997509,75.4158,0.226812,0.000530869,0.578301,0.50287,0.326866,0.238863,0.238863,0.176005,0.238863,0.163433,0.188576,0.150861,0.113146,0.0251435,0.0754306,0.364581,0.28915,0.176005,0.0628588,0.0125718,0.050287,0.0125718,0,0.0251435,0.0251435,0,0,0,0,0,0,0,0,0,0,0,0,0
67333,67356,67344,18,-104.655,40.2183,79.5857,-64.0261,430.977,3.67121,0.783714,53.6699,0.205445,0.000367365,0.464019,0.450371,0.354838,0.313895,0.354838,0.245657,0.163771,0.068238,0.122828,0.136476,0.0409428,0.0272952,0.122828,0.300247,0.245657,0.163771,0.0136476,0.0136476,0.0409428,0,0,0.0136476,0.0136476,0,0,0,0,0,0,0,0,0,0,0,0,0
67357,67379,67368,17.9,-104.653,40.2202,80.9362,-63.8719,429.224,3.89995,0.932331,69.3688,0.223211,0.000471508,0.522982,0.373558,0.224135,0.44827,0.19425,0.283904,0.149423,0.104596,0.19425,0.089654,0.134481,0.104596,0.044827,0.508039,0.19425,0.19425,0.0298847,0.0298847,0,0.0149423,0,0.0298847,0.0298847,0,0,0,0,0,0,0,0,0,0,0,0,0
67380,67401,67390,17.8,-104.652,40.2219,82.2087,-63.2548,428.575,3.74706,0.735469,43.65,0.17805,0.000284845,0.545027,0.286139,0.367893,0.231637,0.218011,0.218011,0.19076,0.122631,0.286139,0.109005,0.0136257,0.149882,0.122631,0.490524,0.163508,0.19076,0.0136257,0.0136257,0,0,0,0.0136257,0,0,0,0,0,0,0,0,0,0,0,0,0,0
67403,67423,67413,17.7,-104.65,40.2237,83.5086,-62.3324,428.535,4.31119,1.01957,73.965,0.217635,0.000521514,0.429637,0.429637,0.385192,0.370377,0.414822,0.177781,0.222226,0.266671,0.118521,0.177781,0.177781,0.0888905,0.0740754,0.296302,0.281487,0.266671,0.0296302,0.0296302,0,0,0.0444452,0.0148151,0.0148151,0,0,0,0,0,0,0,0,0,0,0,0,0
67426,67453,67440,17.6,-104.647,40.2253,84.8956,-61.9863,427.223,4.31701,1.08751,76.6191,0.211362,0.000546255,0.356873,0.483505,0.276288,0.218728,0.241752,0.379897,0.264776,0.103608,0.184192,0.138144,0.0690721,0.17268,0.161168,0.564089,0.276288,0.2878,0.011512,0.0345361,0.0460481,0,0.0345361,0,0.011512,0,0,0,0,0,0,0,0,0,0,0,0,0
67454,67482,67468,17.5,-104.643,40.2265,86.3166,-62.0369,425.097,6.47149,1.39436,93.7573,0.201722,0.000618326,0.664292,0.578577,0.482147,0.578577,0.417861,0.407147,0.353575,0.278574,0.246431,0.257145,0.257145,0.203573,0.214288,0.803579,0.310717,0.246431,0.0428575,0.0428575,0.0107144,0.0214288,0.0107144,0,0.0428575,0,0,0,0,0,0,0,0,0,0,0,0,0
67483,67511,67497,17.4,-104.639,40.2272,87.71,-63.1721,420.883,9.1958,1.64798,92.4345,0.168269,0.000559225,0.905054,0.871534,0.670411,0.726278,0.547502,0.558676,0.625717,0.469288,0.547502,0.357552,0.379899,0.357552,0.402246,1.08383,0.368726,0.167603,0.0558676,0.044694,0.022347,0.0111735,0,0.0111735,0.0111735,0,0,0,0,0,0,0,0,0,0,0,0,0
67512,67541,67526,17.3,-104.636,40.2274,89.168,-62.974,419.3,9.97077,1.68818,93.1231,0.165485,0.00052652,1.03254,0.980389,0.719647,0.615351,0.719647,0.667499,0.667499,0.63621,0.584062,0.511054,0.448476,0.31289,0.239882,1.27242,0.302461,0.135586,0.0208593,0.0417187,0.0208593,0,0,0.0104297,0.031289,0,0,0,0,0,0,0,0,0,0,0,0,0
67542,67571,67556,17.2,-104.632,40.2281,90.5893,-63.041,417.277,12.1391,1.98603,97.0337,0.146574,0.000536017,0.947394,1.1452,0.926572,0.79123,1.02027,0.79123,0.832874,0.770408,0.572601,0.635066,0.510135,0.468492,0.478902,1.54082,0.374793,0.281095,0.0208218,0.0208218,0,0.0104109,0,0,0,0,0,0,0,0,0,0,0,0,0,0,0,0
67571,67598,67584,17.1,-104.628,40.2293,92.0767,-61.287,418.808,12.9714,2.1603,110.31,0.153186,0.0006108,1.03312,1.02164,1.03312,1.22826,0.998681,1.01016,0.642829,0.723183,0.585434,0.654308,0.642829,0.573955,0.344373,1.68743,0.516559,0.160707,0.0459164,0.0114791,0.0229582,0.0114791,0.0114791,0,0.0114791,0,0,0,0,0,0,0,0,0,0,0,0,0
67599,67623,67611,17,-104.626,40.2303,93.6148,-62.7908,413.871,13.7437,2.39521,135.102,0.169216,0.000769064,1.14531,1.22001,1.20756,0.946127,0.871432,0.871432,0.871432,0.858983,0.834085,0.659799,0.572656,0.497961,0.597554,1.83001,0.361022,0.224083,0.0373471,0.0248981,0.012449,0.0373471,0,0.012449,0.0497961,0,0,0,0,0,0,0,0,0,0,0,0,0
67624,67647,67636,16.9,-104.624,40.2315,95.144,-62.4208,412.683,15.1696,2.70234,146.483,0.162618,0.000865554,1.37112,1.13429,1.0969,1.0595,1.23401,1.19661,0.884996,0.722954,0.884996,0.810208,0.623237,0.735419,0.386407,1.79492,0.747884,0.311618,0.0747884,0.0373942,0.0373942,0,0,0,0.0249295,0,0,0,0,0,0,0,0,0,0,0,0,0
67649,67673,67661,16.8,-104.623,40.2329,96.7192,-62.5068,410.583,14.7661,2.56144,135.161,0.158303,0.000761277,1.16935,1.48034,1.10715,1.06983,1.05739,0.97031,0.95787,0.709073,0.634434,0.709073,0.808592,0.410516,0.472715,2.28894,0.547354,0.236358,0.0497595,0.0124399,0.0373196,0,0.0124399,0,0.0248797,0,0,0,0,0,0,0,0,0,0,0,0,0
67674,67701,67688,16.7,-104.621,40.2342,98.2679,-61.9789,409.749,14.5396,2.38116,115.72,0.145795,0.000612025,1.30867,1.37522,1.17559,1.00923,1.03141,0.842875,0.70979,0.765242,0.798513,0.754152,0.554523,0.676518,0.465799,2.39554,0.365985,0.2329,0.0443619,0.0110905,0.0110905,0,0,0,0.0110905,0,0,0,0,0,0,0,0,0,0,0,0,0
67703,67727,67715,16.6,-104.618,40.235,99.88,-62.0864,407.643,13.4902,2.00332,91.8259,0.13751,0.000464039,2.27693,1.34657,0.979324,0.78346,0.71001,0.807943,0.685527,0.758976,0.587595,0.685527,0.563112,0.685527,0.39173,1.66485,0.342764,0.195865,0,0,0,0.0244831,0,0,0,0,0,0,0,0,0,0,0,0,0,0,0,0
67727,67751,67739,16.5,-104.615,40.2354,101.446,-62.158,405.694,14.4153,2.14392,99.2213,0.138841,0.000518521,2.42578,1.64507,1.14319,1.19895,0.892242,0.808595,0.697064,0.446121,0.613417,0.418239,0.669182,0.557651,0.418239,1.78448,0.418239,0.250943,0,0.0278826,0,0,0,0,0,0,0,0,0,0,0,0,0,0,0,0,0,0
67753,67776,67764,16.4,-104.611,40.2357,103.141,-61.2946,405.432,13.4217,1.99921,94.4239,0.141692,0.000507348,2.343,1.47522,1.01241,1.04134,0.752075,0.665297,0.723149,0.636372,0.549594,0.607446,0.549594,0.491742,0.462816,1.47522,0.347112,0.202482,0.028926,0.057852,0,0,0,0,0,0,0,0,0,0,0,0,0,0,0,0,0,0
67777,67800,67788,16.3,-104.607,40.2363,104.833,-61.9812,402.249,13.1461,2.02566,93.2987,0.138175,0.00047802,2.58278,1.0157,0.870601,0.899621,0.870601,0.638441,0.609421,0.580401,0.522361,0.696481,0.37726,0.493341,0.37726,1.85728,0.580401,0.17412,0,0,0,0,0,0,0,0,0,0,0,0,0,0,0,0,0,0,0,0
67800,67822,67811,16.2,-104.604,40.2378,106.546,-61.2343,401.801,13.0676,2.10323,107.081,0.152738,0.000612127,2.55933,1.17428,0.722634,0.933403,0.782854,0.812964,0.421537,0.873183,0.361317,0.541976,0.602195,0.602195,0.331207,1.5356,0.451646,0.240878,0.0903293,0,0,0,0.0301098,0,0,0,0,0,0,0,0,0,0,0,0,0,0,0
67823,67847,67835,16.1,-104.6,40.2399,108.271,-60.426,401.488,12.8322,1.93498,91.4417,0.141771,0.000489023,2.32307,1.52106,1.07857,0.636078,0.857322,0.691389,0.4978,0.553111,0.553111,0.470144,0.525456,0.442489,0.525456,1.4934,0.414833,0.138278,0.110622,0,0,0,0,0,0,0,0,0,0,0,0,0,0,0,0,0,0,0
67849,67874,67862,16,-104.596,40.2426,110,-61.4315,397.787,9.98094,1.47344,69.5795,0.141668,0.000356936,1.46387,1.25094,0.798475,0.558933,0.532317,0.825091,0.718628,0.479085,0.399238,0.266158,0.346006,0.31939,0.372622,1.25094,0.266158,0.0798475,0,0.0266158,0,0,0.0266158,0,0,0,0,0,0,0,0,0,0,0,0,0,0,0
67874,67901,67888,15.9,-104.592,40.245,111.746,-61.6189,395.649,10.1435,1.49097,69.7486,0.140342,0.000368625,1.67342,0.901071,1.08129,0.901071,0.901071,0.411918,0.411918,0.386173,0.617877,0.334684,0.386173,0.283194,0.180214,1.18426,0.283194,0.180214,0,0,0.0257449,0,0,0,0,0,0,0,0,0,0,0,0,0,0,0,0,0
67901,67930,67916,15.8,-104.587,40.2472,113.588,-60.7562,395.411,10.676,1.54239,73.8733,0.143686,0.000398726,1.71579,1.14386,1.16769,0.667253,0.953219,0.595762,0.619592,0.595762,0.405118,0.428948,0.381287,0.238305,0.309796,0.929388,0.262135,0.238305,0,0,0,0,0.0238305,0,0,0,0,0,0,0,0,0,0,0,0,0,0,0
67931,67960,67946,15.7,-104.583,40.2497,115.398,-61.2768,392.662,9.99671,1.41275,72.8158,0.154625,0.000393129,2.14215,1.18188,0.91103,0.590938,0.738673,0.81254,0.418581,0.320092,0.517071,0.541693,0.147735,0.270847,0.246224,0.71405,0.246224,0.0984897,0.0492449,0,0,0,0,0.0492449,0,0,0,0,0,0,0,0,0,0,0,0,0,0
67961,67989,67975,15.6,-104.577,40.252,117.291,-61.28,390.836,8.1119,1.22578,61.01,0.149317,0.000352443,1.45537,0.882765,0.620322,0.763473,0.739614,0.477171,0.453312,0.381736,0.310161,0.119293,0.262444,0.238585,0.119293,0.81119,0.214727,0.214727,0.0238585,0,0.0238585,0,0,0,0,0,0,0,0,0,0,0,0,0,0,0,0,0
67989,68021,68005,15.5,-104.571,40.2546,119.211,-61.5485,388.535,8.1111,0.978163,39.9409,0.122498,0.000164626,1.63479,0.901233,0.754521,0.649726,0.607808,0.482055,0.607808,0.335343,0.482055,0.230548,0.230548,0.18863,0.209589,0.691644,0.0628767,0.0209589,0,0,0,0,0.0209589,0,0,0,0,0,0,0,0,0,0,0,0,0,0,0
68022,68053,68038,15.4,-104.565,40.2579,121.169,-62.0278,385.853,8.68642,1.0988,48.1647,0.131501,0.000241271,1.79794,1.25639,0.974786,0.584871,0.649857,0.584871,0.433238,0.389914,0.346591,0.194957,0.194957,0.259943,0.10831,0.606533,0.173295,0.0649857,0.0433238,0.0216619,0,0,0,0,0,0,0,0,0,0,0,0,0,0,0,0,0,0
68054,68085,68070,15.3,-104.559,40.2608,123.1,-61.5678,384.952,8.65761,1.15758,55.6987,0.14435,0.000296124,1.51508,1.21207,0.995626,0.692609,0.735897,0.476169,0.497813,0.497813,0.411237,0.259728,0.173152,0.21644,0.151508,0.389593,0.259728,0.129864,0.021644,0,0,0,0,0.021644,0,0,0,0,0,0,0,0,0,0,0,0,0,0
68087,68117,68102,15.2,-104.555,40.2629,125.119,-61.0042,384.188,7.69737,0.930931,40.4386,0.130317,0.000197667,1.77974,0.934363,0.889869,0.600662,0.645155,0.489428,0.355948,0.289208,0.289208,0.155727,0.311454,0.111234,0.13348,0.578415,0.0222467,0.0444935,0,0.0444935,0.0222467,0,0,0,0,0,0,0,0,0,0,0,0,0,0,0,0,0
68118,68148,68133,15.1,-104.55,40.2644,127.089,-60.3429,383.667,8.09666,0.996525,43.6604,0.131438,0.000202624,1.55278,1.04258,0.820757,0.798575,0.709844,0.443653,0.465835,0.332739,0.310557,0.244009,0.244009,0.244009,0.133096,0.576748,0.110913,0.0221826,0,0,0.0221826,0,0.0221826,0,0,0,0,0,0,0,0,0,0,0,0,0,0,0
68149,68181,68165,15,-104.546,40.2653,129.191,-60.203,382.126,8.99952,1.19712,54.1255,0.135639,0.000277622,1.91657,1.24993,0.770793,0.729128,0.645799,0.645799,0.395812,0.354148,0.229155,0.270819,0.208322,0.312483,0.166658,0.708296,0.270819,0.0833289,0,0.0208322,0.0208322,0,0,0,0,0,0,0,0,0,0,0,0,0,0,0,0,0
68182,68216,68199,14.9,-104.54,40.266,131.365,-59.7694,381.083,8.58903,1.12574,49.4486,0.131776,0.000247084,1.76085,1.1152,0.880425,0.645645,0.449995,0.58695,0.50869,0.3913,0.332605,0.215215,0.23478,0.332605,0.15652,0.62608,0.215215,0.11739,0,0.019565,0,0,0,0,0,0,0,0,0,0,0,0,0,0,0,0,0,0
68217,68256,68236,14.8,-104.532,40.2673,133.479,-59.9805,378.974,8.77736,1.14307,49.9819,0.131178,0.000248855,1.557,1.31746,0.855493,0.821274,0.581735,0.444856,0.581735,0.290868,0.479076,0.325087,0.307978,0.0684395,0.119769,0.667285,0.222428,0.119769,0,0.0171099,0,0,0,0,0,0,0,0,0,0,0,0,0,0,0,0,0,0
68257,68301,68279,14.7,-104.522,40.2704,135.612,-59.9311,377.348,8.56746,1.14148,51.9552,0.136546,0.000271524,1.64058,1.20005,0.911432,0.805098,0.592431,0.455716,0.394954,0.334192,0.303811,0.212668,0.258239,0.258239,0.182286,0.683574,0.151905,0.136715,0.0303811,0,0.0151905,0,0,0,0,0,0,0,0,0,0,0,0,0,0,0,0,0
68302,68339,68320,14.6,-104.513,40.2746,137.735,-60.4074,374.839,8.10489,1.11195,54.9975,0.148381,0.000288827,1.59203,0.705559,0.814107,0.759833,0.669377,0.416099,0.633194,0.307552,0.43419,0.343734,0.235186,0.180913,0.0904563,0.651286,0.0904563,0.108548,0.0361825,0,0.0180913,0,0,0,0.0180913,0,0,0,0,0,0,0,0,0,0,0,0,0
