data/B2SAP/Locations/Boulder/NOAA-POPS-B2SAP_GMLBalloon_20200124_R0.ict
61,1001
Thornberry, T. D.
NOAA Chemical Sciences Laboratory
Portable Optical Particle Spectrometer (POPS)
Balloon Baseline Stratospheric Aerosol Profiles (B2SAP)
1,1
2020,01,24,2024,05,30
0
TIME_START,s,Seconds since midnight UTC on flight start day,Start time of 100 m altitude bin in UTC_seconds_since_midnight
28
1.0,1.0,1.0,1.0,1.0,1.0,1.0,1.0,1.0,1.0,1.0,1.0,1.0,1.0,1.0,1.0,1.0,1.0,1.0,1.0,1.0,1.0,1.0,1.0,1.0,1.0,1.0,1.0
99999,99999,99999,99999,99999,99999,99999,99999,99999,99999,99999,99999,99999,99999,99999,99999,99999,99999,99999,99999,99999,99999,99999,99999,99999,99999,99999,99999
TIME_STOP,s,End time of 100 m altitude bin in UTC seconds since midnight,
TIME_MID,s,Mid time of 100 m altitude in UTC seconds since midnight,
GPSAlt,m,GPS reported altitude above sea level (m),
GPS_Lon,deg,GPS reported longitude,
GPS_Lat,deg,GPS reported latitude,
iMet_Pressure,mb,Pressure reported (mB),
iMet_Temperature,degrees C,Ambient temperature (oC),
THETA,K,Potential temperature from iMet,
Aerosol_concentration,cm^-3,Aerosol concentration,
Surface_Area_Conc,um^2 cm^-3,Surface area concentration,
Volume_density,um^3 cm^-3,Volume density,
Effective_radius,um,Effective radius,
Extinction,km^-1,Extinction,
Bin01,cm^-3,particle concentration in size range [140 - 170 nm],
Bin02,cm^-3,particle concentration in size range [170 - 205 nm],
Bin03,cm^-3,particle concentration in size range [205 - 249 nm],
Bin04,cm^-3,particle concentration in size range [249 - 302 nm],
Bin05,cm^-3,particle concentration in size range [302 - 366 nm],
Bin06,cm^-3,particle concentration in size range [366 - 443 nm],
Bin07,cm^-3,particle concentration in size range [443 - 537 nm],
Bin08,cm^-3,particle concentration in size range [537 - 651 nm],
Bin09,cm^-3,particle concentration in size range [651 - 789 nm],
Bin10,cm^-3,particle concentration in size range [789 - 956 nm],
Bin11,cm^-3,particle concentration in size range [956 - 1159 nm],
Bin12,cm^-3,particle concentration in size range [1159 - 1404 nm],
Bin13,cm^-3,particle concentration in size range [1404 - 1702 nm],
Bin14,cm^-3,particle concentration in size range [1702 - 2062 nm],
Bin15,cm^-3,particle concentration in size range [2062 - 2500 nm],
0
19
PI_CONTACT_INFO: 325 Broadway R/CSL6, Boulder, CO 80305; troy.thornberry@noaa.gov; 303-497-3373 
PLATFORM: GML ECC/FPH balloon
LOCATION: Boulder, CO, USA
ASSOCIATED_DATA: N/A
INSTRUMENT_INFO: Printed Optical Particle Spectrometer counts particles from 140 - 2500 nm in diameter 
DATA_INFO: Particle concentrations reported in number per cubic centimeter, binned to 100 m altitude
UNCERTAINTY: Counting uncertainty dominated by air flow, less than 5 percent
ULOD_FLAG: -77777
ULOD_VALUE: 3000 ~3000 per cm3 (varies depending on flow rate- manufacturer quotes 1250  per cm3 at 1.667 cc/s)
LLOD_FLAG: -88888
LLOD_VALUE: 0 0 (varies depending on data field and measurement precision)
DM_CONTACT_INFO: Troy Thornberry, 325 Broadway R/CSL6, Boulder, CO 80305; troy.thornberry@noaa.gov; 303-497-3373
PROJECT_INFO: B2SAP Boulder, CO, USA
STIPULATIONS_ON_USE: Please contact the PIs for questions regarding applications and uncertainties
OTHER_COMMENTS: POPS bin Edges (nm):  140, 170, 205, 249, 302, 366, 443, 537, 651, 789, 956, 1159, 1404, 1702, 2062, 2500
Calculations assume sulfate refractive index of 1.45+0.00j and extinction wavelength = 532 nm
REVISION: R0
R0: QA/QC data
TIME_START,TIME_STOP,TIME_MID,GPSAlt,GPS_Lon,GPS_Lat,iMet_Pressure,iMet_Temperature,THETA,Aerosol_concentration,Surface_Area_Conc,Volume_density,Effective_radius,Extinction,Bin01,Bin02,Bin03,Bin04,Bin05,Bin06,Bin07,Bin08,Bin09,Bin10,Bin11,Bin12,Bin13,Bin14,Bin15
[from data line 309]
67881,67895,67888,22.5,-104.927,39.5718,36.4775,-58.0913,553.862,2.326,0.886485,65.4495,0.221491,0.00051213,0.408622,0.37719,0.0942974,0.37719,0.188595,0.37719,0.314325,0.157162,0.0314325,0,0,0,0,0,0
67896,67912,67904,22.4,-104.929,39.5716,37.101,-58.133,551.093,3.02733,1.11119,81.2513,0.219362,0.000637991,0.397027,0.669984,0.347399,0.248142,0.322585,0.372213,0.421842,0.223328,0.0248142,0,0,0,0,0,0
67912,67928,67920,22.3,-104.932,39.5713,37.6411,-58.6622,547.468,3.35577,1.34375,104.315,0.23289,0.000826957,0.715164,0.275063,0.467607,0.275063,0.385088,0.440101,0.467607,0.220051,0.110025,0,0,0,0,0,0
67930,67945,67938,22.2,-104.935,39.5709,38.3264,-58.6355,544.718,2.70131,1.01708,74.9599,0.221102,0.000584515,0.405197,0.450219,0.337664,0.24762,0.24762,0.450219,0.360175,0.157577,0.0450219,0,0,0,0,0,0
67946,67961,67954,22.1,-104.937,39.5704,38.87,-58.571,542.703,3.39022,1.36482,103.867,0.228309,0.000799807,0.371191,0.470176,0.494922,0.321699,0.470176,0.470176,0.519668,0.222715,0.0247461,0.0247461,0,0,0,0,0
67964,67978,67971,22,-104.94,39.5696,39.538,-58.551,540.102,3.19195,1.21561,86.5876,0.213689,0.000672419,0.32167,0.346413,0.51962,0.470132,0.420645,0.395901,0.470132,0.247438,0,0,0,0,0,0,0
67980,67997,67988,21.9,-104.942,39.5685,40.1669,-58.8631,536.901,3.29876,1.50803,123.084,0.244859,0.000975053,0.419495,0.324155,0.343223,0.476699,0.381359,0.438563,0.476699,0.305087,0.114408,0.019068,0,0,0,0,0
67998,68013,68006,21.8,-104.944,39.5674,40.8473,-58.5845,535.021,3.39835,1.57174,147.212,0.280985,0.000945451,0.517629,0.450112,0.292573,0.450112,0.405101,0.382595,0.56264,0.225056,0.0450112,0.0225056,0.0450112,0,0,0,0
68015,68031,68023,21.7,-104.946,39.5667,41.5283,-58.645,532.349,3.71341,1.43419,105.78,0.221266,0.000829715,0.536381,0.515751,0.391971,0.453861,0.515751,0.453861,0.515751,0.288821,0.0412601,0,0,0,0,0,0
68033,68049,68041,21.6,-104.947,39.5663,42.2238,-58.89,529.234,3.56616,1.56002,134.483,0.258617,0.000983249,0.572111,0.476759,0.495829,0.343266,0.381407,0.247915,0.629322,0.324196,0.0572111,0.0190704,0.0190704,0,0,0,0
68051,68069,68060,21.5,-104.949,39.5656,42.9077,-59.2323,525.953,3.81715,1.87594,173.068,0.276771,0.00117438,0.438972,0.400801,0.515315,0.286286,0.553486,0.668001,0.458058,0.324458,0.0954287,0.0381715,0.0381715,0,0,0,0
68070,68086,68078,21.4,-104.95,39.5651,43.6745,-59.2518,523.26,3.4541,1.58231,146.502,0.277762,0.00100828,0.586971,0.406365,0.42894,0.406365,0.361213,0.383789,0.451516,0.316061,0,0.0903033,0.0225758,0,0,0,0
68088,68102,68095,21.3,-104.951,39.565,44.3415,-59.7685,519.738,3.90431,1.74851,142.975,0.245309,0.00111764,0.593301,0.30622,0.516746,0.478469,0.363636,0.61244,0.593301,0.287081,0.114833,0.0382775,0,0,0,0,0
68105,68121,68113,21.2,-104.952,39.565,45.0462,-60.1569,516.456,3.77821,1.63058,132.592,0.243948,0.00102248,0.460289,0.479468,0.517825,0.537004,0.287681,0.517825,0.537004,0.364396,0.0191787,0.0575362,0,0,0,0,0
68123,68139,68131,21.1,-104.954,39.565,45.7808,-59.8177,514.903,4.3275,1.93291,173.325,0.269011,0.00117353,0.612743,0.517002,0.631891,0.440409,0.517002,0.497854,0.670188,0.306371,0.0574447,0.0382964,0.0382964,0,0,0,0
68140,68159,68150,21,-104.955,39.5647,46.5143,-59.9329,512.282,3.0785,1.41012,114.848,0.244337,0.000885117,0.266922,0.320306,0.320306,0.462665,0.427075,0.533844,0.391486,0.231332,0.088974,0.0355896,0,0,0,0,0
68160,68179,68170,20.9,-104.957,39.5641,47.2553,-60.3047,509.09,3.59205,1.48456,118.512,0.239488,0.000906471,0.449006,0.631935,0.382487,0.349227,0.415747,0.498896,0.548786,0.232818,0.0332597,0.0498896,0,0,0,0,0
68179,68198,68188,20.8,-104.959,39.5632,48.0743,-60.1507,506.965,3.93571,1.55208,131.442,0.254064,0.000858297,0.623302,0.463025,0.587685,0.587685,0.373981,0.498642,0.427407,0.338364,0,0,0.0356173,0,0,0,0
68200,68217,68208,20.7,-104.96,39.5622,48.8547,-59.758,505.561,4.01369,1.71947,138.582,0.241787,0.0010251,0.46711,0.605513,0.432509,0.415209,0.501711,0.48441,0.726616,0.328707,0.0346007,0,0.0173004,0,0,0,0
68218,68238,68228,20.6,-104.962,39.561,49.6956,-59.7681,503.088,3.95255,1.50365,115.052,0.229545,0.000887379,0.530429,0.633092,0.547539,0.513318,0.461986,0.410654,0.513318,0.239548,0.085553,0.0171106,0,0,0,0,0
68239,68258,68248,20.5,-104.964,39.5597,50.4763,-60.1375,499.98,4.24988,1.83795,141.92,0.231649,0.00111782,0.599781,0.411278,0.462688,0.445552,0.445552,0.822557,0.616917,0.377005,0.0514098,0.0171366,0,0,0,0,0
68261,68278,68270,20.4,-104.965,39.5585,51.3293,-59.9557,498.015,4.10902,1.79164,141.956,0.237696,0.00114674,0.704404,0.371769,0.371769,0.626137,0.430469,0.430469,0.587004,0.48917,0.0978339,0,0,0,0,0,0
68280,68299,68290,20.3,-104.966,39.5577,52.1573,-60.1373,495.331,4.16655,1.81365,144.29,0.238674,0.00112762,0.657876,0.383761,0.475132,0.310663,0.67615,0.566504,0.67615,0.310663,0.0730973,0.0365486,0,0,0,0,0
68300,68319,68310,20.2,-104.967,39.557,53.0313,-60.2707,492.661,4.20765,2.01504,163.932,0.244063,0.00133275,0.475647,0.493941,0.475647,0.329294,0.493941,0.622,0.695177,0.457353,0.164647,0,0,0,0,0,0
68321,68337,68329,20.1,-104.968,39.556,53.9014,-60.0014,491.004,4.36647,1.88298,151.277,0.241017,0.00115765,0.528676,0.567837,0.587417,0.372031,0.469934,0.802804,0.66574,0.234967,0.0783223,0.0587417,0,0,0,0,0
68339,68356,68348,20,-104.968,39.5549,54.7907,-60.045,488.614,5.06868,2.18041,176.095,0.242287,0.00131668,0.567535,0.645816,0.665386,0.626246,0.665386,0.508825,0.782807,0.547965,0.0391404,0,0.0195702,0,0,0,0
68357,68373,68365,19.9,-104.969,39.5537,55.6654,-60.2254,485.99,4.93559,2.33498,204.04,0.262153,0.00145859,0.611675,0.37966,0.485122,0.84369,0.569491,0.717136,0.780413,0.37966,0.0632767,0.084369,0,0.0210922,0,0,0
68375,68393,68384,19.8,-104.969,39.5526,56.5569,-59.8787,484.586,4.53666,2.15301,184.151,0.256596,0.00134102,0.239673,0.599181,0.564942,0.65054,0.530704,0.753257,0.667659,0.393748,0.0513584,0.0684779,0.0171195,0,0,0,0
68394,68415,68404,19.7,-104.969,39.5518,57.5553,-59.9276,482.052,4.56185,2.0126,164.118,0.244635,0.00128469,0.580306,0.596425,0.483588,0.548066,0.628664,0.467468,0.709262,0.40299,0.0967176,0.0483588,0,0,0,0,0
68416,68433,68424,19.6,-104.969,39.5514,58.4513,-60.4573,478.739,4.4453,1.94844,154.184,0.237395,0.00120546,0.567096,0.457335,0.439042,0.603683,0.567096,0.603683,0.768323,0.329281,0.0731736,0.0365868,0,0,0,0,0
68435,68454,68444,19.5,-104.969,39.5512,59.3925,-60.4994,476.47,5.33626,2.4143,205.386,0.255211,0.00144691,0.617702,0.669177,0.514752,0.617702,0.686336,0.85792,0.85792,0.394643,0.0514752,0.0343168,0.0343168,0,0,0,0
68455,68473,68464,19.4,-104.969,39.5511,60.3912,-60.4525,474.299,4.73163,1.95042,152.538,0.234623,0.00117048,0.497164,0.685743,0.651456,0.582881,0.514307,0.668599,0.702886,0.342871,0.0342871,0.0514307,0,0,0,0,0
68474,68495,68484,19.3,-104.968,39.5511,61.3439,-60.3417,472.438,5.51657,2.46983,205.027,0.249038,0.00154399,0.701001,0.624805,0.670522,0.609566,0.685761,0.746718,0.88387,0.396218,0.152391,0.0304783,0.0152391,0,0,0,0
68496,68517,68506,19.2,-104.968,39.5504,62.3767,-60.3406,470.186,5.13067,2.30798,202.777,0.263577,0.00146281,0.730778,0.593757,0.593757,0.624206,0.746003,0.593757,0.639431,0.426287,0.0456736,0.121796,0.0152245,0,0,0,0
68518,68536,68527,19.1,-104.968,39.5494,63.4421,-59.9171,468.848,5.50738,2.349,191.995,0.245204,0.00141872,0.70307,0.624951,0.70307,0.820248,0.585891,0.64448,0.878837,0.410124,0.0976485,0.0195297,0.0195297,0,0,0,0
68538,68558,68548,19,-104.968,39.5482,64.434,-59.43,467.848,5.66062,2.65339,226.072,0.255603,0.00169354,0.709852,0.582443,0.564241,0.800859,0.618845,0.782658,0.891866,0.509637,0.127409,0.054604,0.0182013,0,0,0,0
68559,68579,68569,18.9,-104.967,39.5467,65.5225,-59.8569,464.673,6.71573,2.92964,233.93,0.239548,0.00185324,0.854419,0.786065,0.871507,0.871507,0.700623,0.7348,0.991126,0.803154,0.0512651,0.0512651,0,0,0,0,0
68581,68598,68590,18.8,-104.966,39.5454,66.582,-59.528,463.269,6.45853,2.98287,253.717,0.255174,0.00188387,0.782301,0.618563,0.946038,0.673142,0.691336,1.00062,1.037,0.491212,0.109158,0.0909652,0.018193,0,0,0,0
68599,68618,68608,18.7,-104.965,39.5445,67.6,-59.2239,461.921,6.88446,2.98931,242.885,0.243753,0.00177147,0.635488,0.862448,0.983494,0.877579,0.711142,1.05915,1.08941,0.544704,0.0756534,0.0151307,0.0302613,0,0,0,0
68620,68638,68629,18.6,-104.964,39.5437,68.7093,-58.5893,461.136,7.86125,3.38708,275.553,0.244063,0.00206015,0.851333,0.978127,1.14115,0.869447,1.08681,0.941901,1.06869,0.778879,0.0724539,0.0543404,0,0.0181135,0,0,0
68641,68660,68650,18.5,-104.963,39.5432,69.8581,-58.0206,460.182,7.30821,3.31592,268.163,0.242615,0.00206256,0.913526,0.642852,0.964277,0.625934,1.09961,0.998112,1.16728,0.744354,0.11842,0.0169171,0.0169171,0,0,0,0
68661,68680,68670,18.4,-104.962,39.543,71.0107,-59.0527,455.831,7.27257,3.30238,280.868,0.255151,0.00203867,0.943076,0.816123,0.83426,0.961212,0.652899,1.07003,1.21512,0.562218,0.145089,0.0362722,0.0181361,0.0181361,0,0,0
68681,68699,68690,18.3,-104.962,39.543,72.1336,-58.6757,454.591,7.1789,3.04666,241.092,0.2374,0.00181294,0.834304,0.853707,1.02833,0.853707,0.64028,1.06713,1.26116,0.543268,0.0582073,0.0194024,0.0194024,0,0,0,0
68700,68720,68710,18.2,-104.962,39.5426,73.2918,-58.22,453.497,7.95115,3.77147,323.011,0.256938,0.00242475,0.995901,0.93165,0.867398,0.851335,0.835272,1.15653,1.20472,0.851335,0.176692,0.0481888,0.0321258,0,0,0,0
68723,68742,68732,18.1,-104.962,39.5413,74.5119,-58.5144,450.733,8.40626,3.61081,278.012,0.230983,0.00220771,0.735077,1.09319,1.20628,0.961254,1.03665,1.03665,1.47015,0.716229,0.131937,0.0188481,0,0,0,0,0
68744,68766,68755,18,-104.962,39.5394,75.7529,-58.5888,448.463,8.67387,3.87169,306.126,0.237204,0.00243078,0.780471,1.04654,1.11749,1.0288,1.20618,1.09975,1.2594,0.940113,0.159642,0.035476,0,0,0,0,0
68770,68786,68778,17.9,-104.961,39.5374,77,-59.3114,444.874,9.12016,4.10364,332.246,0.242891,0.00248038,0.605129,1.08059,1.08059,1.16704,1.55605,1.29671,1.44799,0.626741,0.172894,0.0648353,0.0216118,0,0,0,0
68787,68808,68798,17.8,-104.96,39.5358,78.1979,-60.1868,441.095,10.4913,5.17176,427.711,0.248104,0.00338097,0.927582,0.959568,1.27942,1.34339,1.05552,1.35939,2.04708,1.24744,0.207906,0.0479784,0.0159928,0,0,0,0
68809,68831,68820,17.7,-104.959,39.5346,79.4626,-60.2942,438.862,11.1986,5.31215,431.3,0.243574,0.00338375,1.10386,0.975877,1.37583,1.35983,1.32783,1.45582,2.25572,1.07186,0.207974,0.0479939,0.015998,0,0,0,0
68832,68854,68843,17.6,-104.958,39.5332,80.7842,-60.6911,435.984,11.3477,5.41549,465.75,0.25801,0.00340376,1.05784,1.25017,1.25017,1.53867,1.50662,1.49059,1.73101,1.17003,0.240418,0.0480836,0.0641115,0,0,0,0
68857,68877,68867,17.5,-104.957,39.5317,82.1088,-60.4312,434.488,12.0232,6.03612,515.661,0.256288,0.00392591,1.01982,1.25241,1.2882,1.46711,1.2882,1.84284,2.09332,1.44922,0.161024,0.125241,0.0178916,0.0178916,0,0,0
68878,68899,68888,17.4,-104.955,39.5305,83.4394,-60.3833,432.602,11.927,6.15115,554.638,0.270505,0.00405744,1.16567,1.28393,1.25014,1.45287,1.25014,1.77385,1.9259,1.35151,0.21962,0.185832,0.0675753,0,0,0,0
68900,68920,68910,17.3,-104.954,39.5294,84.8137,-59.9575,431.443,11.0012,5.45322,474.623,0.261106,0.00350272,1.02425,1.11909,1.42257,1.10012,1.30876,1.63121,1.95366,1.06219,0.227611,0.094838,0.0569028,0,0,0,0
68921,68943,68932,17.2,-104.952,39.5288,86.2116,-60.1621,429.02,11.6233,6.13109,542.239,0.265323,0.00408616,0.943296,1.10318,1.32701,1.26306,1.27904,1.8706,2.04647,1.24707,0.367725,0.127904,0.0319761,0.0159881,0,0,0
68945,68969,68957,17.1,-104.95,39.5282,87.646,-60.2035,426.926,13.1104,6.25169,527.757,0.253255,0.00397396,1.39763,1.2609,1.57993,1.4432,1.54954,2.1724,2.03568,1.2761,0.227874,0.136724,0.0151916,0,0.0151916,0,0
68970,68993,68982,17,-104.949,39.5275,89.0347,-59.2658,426.877,12.1955,6.24409,534.847,0.256969,0.00409744,0.939342,1.21,1.44882,1.35329,1.35329,1.79908,2.19711,1.46474,0.350263,0.0318421,0.0318421,0.0159211,0,0,0
68995,69021,69008,16.9,-104.947,39.5267,90.4235,-59.3595,424.808,12.6338,6.18048,525.9,0.255272,0.00395402,1.27247,1.4694,1.09069,1.27247,1.72692,1.9996,2.24197,1.10584,0.318118,0.0908908,0.0302969,0.0151485,0,0,0
69025,69048,69036,16.8,-104.944,39.5256,92.0511,-58.6578,424.043,12.4344,6.14977,524.758,0.255989,0.00391859,1.17305,1.07251,1.35739,1.37415,1.72607,2.04447,2.06122,1.18981,0.301643,0.0837896,0.0335158,0.0167579,0,0,0
69049,69074,69062,16.7,-104.943,39.5247,93.3975,-58.0005,423.573,12.3145,5.96886,498.987,0.250795,0.00376939,1.0826,1.18785,1.41339,1.47353,1.42843,2.02987,2.09001,1.30814,0.195469,0.0601442,0.0451082,0,0,0,0
69075,69102,69088,16.6,-104.941,39.5236,94.9735,-57.301,422.925,12.3795,6.13292,538.997,0.263657,0.00399056,1.19899,1.37883,1.55868,1.57367,1.0641,1.85843,1.85843,1.43878,0.284759,0.104911,0.0299747,0.0299747,0,0,0
69103,69125,69114,16.5,-104.939,39.5221,96.4717,-56.7922,422.036,13.2907,6.38273,527.662,0.248011,0.00405409,1.17955,1.3623,1.37891,1.66134,1.64473,2.10991,2.29265,1.22939,0.348882,0.0498403,0.0332269,0,0,0,0
69127,69149,69138,16.4,-104.937,39.5208,98.0056,-56.7061,420.3,13.3353,6.65502,566.81,0.255511,0.00437495,1.34515,1.29533,1.47801,1.36176,1.67729,1.87657,2.47442,1.27873,0.41517,0.0996409,0.0332136,0,0,0,0
69151,69174,69162,16.3,-104.934,39.5199,99.51,-57.4537,417.03,13.4425,6.67565,597.127,0.268346,0.00433723,1.26413,1.5668,1.47778,1.74485,1.60241,1.88729,2.08314,1.19291,0.356092,0.19585,0.0712183,0,0,0,0
69175,69196,69186,16.2,-104.931,39.5193,101.098,-59.1618,411.865,12.0252,5.57855,477.409,0.256738,0.00356846,1.68073,1.36059,1.36059,1.24054,1.36059,1.60069,1.86081,1.22053,0.160069,0.140061,0.0400173,0,0,0,0
69198,69216,69207,16.1,-104.928,39.5191,102.764,-59.2381,409.794,12.037,5.49051,459.11,0.250857,0.00349803,1.25474,1.40361,1.42487,1.74388,1.48868,1.55248,1.55248,1.16967,0.319002,0.106334,0.0212668,0,0,0,0
69218,69236,69227,16,-104.925,39.5188,104.443,-59.3253,407.734,11.4795,5.19256,435.188,0.25143,0.003245,1.27298,1.40937,1.31844,1.61395,1.34117,1.22751,1.95493,1.00019,0.250049,0.0454634,0.0454634,0,0,0,0
69238,69261,69250,15.9,-104.922,39.5184,106.168,-59.3121,405.861,10.5878,4.66306,385.729,0.24816,0.00288613,1.3078,1.20031,1.45112,1.36155,1.14656,1.23614,1.57653,1.09282,0.125405,0.0537452,0.0358301,0,0,0,0
69263,69290,69276,15.8,-104.92,39.5179,107.935,-59.07,404.405,9.95555,3.95703,328.145,0.248782,0.002384,1.6026,1.52166,1.35978,1.14934,1.13315,0.938898,1.26266,0.712267,0.161879,0.0809394,0.0323758,0,0,0,0
69292,69318,69305,15.7,-104.918,39.5171,109.73,-58.9743,402.681,10.273,4.3835,379.107,0.259455,0.00266721,1.66633,1.24571,1.42366,1.18099,1.1001,1.06775,1.52073,0.744188,0.210314,0.048534,0.048534,0.016178,0,0,0
69319,69348,69334,15.6,-104.916,39.5162,111.476,-58.1529,402.412,9.14581,3.92913,338.184,0.258213,0.00239319,1.38719,1.11298,1.12911,1.22589,1.04846,1.0162,1.11298,0.871029,0.145172,0.0483905,0.0322603,0,0.0161302,0,0
69348,69376,69362,15.5,-104.914,39.5153,113.229,-57.173,402.446,9.70114,4.3145,384.63,0.267444,0.0026939,1.4123,1.44592,1.26098,0.975158,1.00878,1.07604,1.37867,0.823841,0.151318,0.100878,0.0672523,0,0,0,0
69376,69402,69389,15.4,-104.912,39.5144,115.033,-56.4555,401.959,9.60575,3.91537,321.066,0.246004,0.00241784,1.69316,1.30759,1.05613,1.2573,0.989074,1.07289,1.07289,0.922018,0.134112,0.0838198,0.016764,0,0,0,0
69404,69427,69416,15.3,-104.909,39.5135,116.813,-56.9989,399.201,8.44561,3.08932,258.183,0.250718,0.00177969,1.80844,1.3237,1.00676,1.11862,0.80168,0.727105,0.969474,0.522024,0.0372874,0.0932186,0.0372874,0,0,0,0
69430,69453,69442,15.2,-104.906,39.512,118.674,-57.2295,396.983,8.65283,3.05992,248.385,0.243521,0.0017315,1.87951,1.48942,1.22345,0.744711,0.780173,0.904291,0.992947,0.478743,0.0709248,0.0531936,0.0354624,0,0,0,0
69453,69473,69463,15.1,-104.902,39.5104,120.608,-57.2731,395.063,8.37933,3.0587,263.4,0.258345,0.00175039,1.61706,1.38605,1.61706,0.882035,0.546022,0.693027,0.840033,0.609024,0.105004,0.0210008,0.0630025,0,0,0,0
