data/B2SAP/Locations/Boulder/NOAA-POPS-B2SAP_GMLBalloon_20210913_R0.ict
61,1001
Thornberry, T. D.
NOAA Chemical Sciences Laboratory
Portable Optical Particle Spectrometer (POPS)
Balloon Baseline Stratospheric Aerosol Profiles (B2SAP)
1,1
2021,09,13,2024,05,30
0
TIME_START,s,Seconds since midnight UTC on flight start day,Start time of 100 m altitude bin in UTC_seconds_since_midnight
28
1.0,1.0,1.0,1.0,1.0,1.0,1.0,1.0,1.0,1.0,1.0,1.0,1.0,1.0,1.0,1.0,1.0,1.0,1.0,1.0,1.0,1.0,1.0,1.0,1.0,1.0,1.0,1.0
99999,99999,99999,99999,99999,99999,99999,99999,99999,99999,99999,99999,99999,99999,99999,99999,99999,99999,99999,99999,99999,99999,99999,99999,99999,99999,99999,99999
TIME_STOP,s,End time of 100 m altitude bin in UTC seconds since midnight,
TIME_MID,s,Mid time of 100 m altitude in UTC seconds since midnight,
GPSAlt,m,GPS reported altitude above sea level (m),
GPS_Lon,deg,GPS reported longitude,
GPS_Lat,deg,GPS reported latitude,
iMet_Pressure,mb,Pressure reported (mB),
iMet_Temperature,degrees C,Ambient temperature (oC),
THETA,K,Potential temperature from iMet,
Aerosol_concentration,cm^-3,Aerosol concentration,
Surface_Area_Conc,um^2 cm^-3,Surface area concentration,
Volume_density,um^3 cm^-3,Volume density,
Effective_radius,um,Effective radius,
Extinction,km^-1,Extinction,
Bin01,cm^-3,particle concentration in size range [140 - 170 nm],
Bin02,cm^-3,particle concentration in size range [170 - 205 nm],
Bin03,cm^-3,particle concentration in size range [205 - 249 nm],
Bin04,cm^-3,particle concentration in size range [249 - 302 nm],
Bin05,cm^-3,particle concentration in size range [302 - 366 nm],
Bin06,cm^-3,particle concentration in size range [366 - 443 nm],
Bin07,cm^-3,particle concentration in size range [443 - 537 nm],
Bin08,cm^-3,particle concentration in size range [537 - 651 nm],
Bin09,cm^-3,particle concentration in size range [651 - 789 nm],
Bin10,cm^-3,particle concentration in size range [789 - 956 nm],
Bin11,cm^-3,particle concentration in size range [956 - 1159 nm],
Bin12,cm^-3,particle concentration in size range [1159 - 1404 nm],
Bin13,cm^-3,particle concentration in size range [1404 - 1702 nm],
Bin14,cm^-3,particle concentration in size range [1702 - 2062 nm],
Bin15,cm^-3,particle concentration in size range [2062 - 2500 nm],
0
19
PI_CONTACT_INFO: 325 Broadway R/CSL6, Boulder, CO 80305; troy.thornberry@noaa.gov; 303-497-3373 
PLATFORM: GML ECC/FPH balloon
LOCATION: Boulder, CO, USA
ASSOCIATED_DATA: N/A
INSTRUMENT_INFO: Printed Optical Particle Spectrometer counts particles from 140 - 2500 nm in diameter 
DATA_INFO: Particle concentrations reported in number per cubic centimeter, binned to 100 m altitude
UNCERTAINTY: Counting uncertainty dominated by air flow, less than 5 percent
ULOD_FLAG: -77777
ULOD_VALUE: 3000 ~3000 per cm3 (varies depending on flow rate- manufacturer quotes 1250  per cm3 at 1.667 cc/s)
LLOD_FLAG: -88888
LLOD_VALUE: 0 0 (varies depending on data field and measurement precision)
DM_CONTACT_INFO: Troy Thornberry, 325 Broadway R/CSL6, Boulder, CO 80305; troy.thornberry@noaa.gov; 303-497-3373
PROJECT_INFO: B2SAP Boulder, CO, USA
STIPULATIONS_ON_USE: Please contact the PIs for questions regarding applications and uncertainties
OTHER_COMMENTS: POPS bin Edges (nm):  140, 170, 205, 249, 302, 366, 443, 537, 651, 789, 956, 1159, 1404, 1702, 2062, 2500
Calculations assume sulfate refractive index of 1.45+0.00j and extinction wavelength = 532 nm
REVISION: R0
R0: QA/QC data
TIME_START,TIME_STOP,TIME_MID,GPSAlt,GPS_Lon,GPS_Lat,iMet_Pressure,iMet_Temperature,THETA,Aerosol_concentration,Surface_Area_Conc,Volume_density,Effective_radius,Extinction,Bin01,Bin02,Bin03,Bin04,Bin05,Bin06,Bin07,Bin08,Bin09,Bin10,Bin11,Bin12,Bin13,Bin14,Bin15
[from data line 75]
59250,59273,59262,9.3,-104.886,39.9665,315.952,-32.3682,334.652,4.0181,0.446651,18.9688,0.127407,9.13001e-05,2.64101,0.830031,0.245236,0.0943217,0.113186,0.0377287,0.0377287,0,0.0188643,0,0,0,0,0,0
59274,59292,59283,9.4,-104.879,39.9665,311.573,-33.2788,334.715,3.73768,0.45382,22.7308,0.150263,0.000133358,2.63836,0.586302,0.195434,0.146576,0.0244293,0.0488585,0.0244293,0.0488585,0.0244293,0,0,0,0,0,0
59293,59313,59303,9.5,-104.872,39.9667,307.02,-33.98,335.139,3.62553,0.37041,14.1343,0.114475,5.99194e-05,2.67493,0.552672,0.132641,0.110534,0.0663206,0.0663206,0,0.0221069,0,0,0,0,0,0,0
59315,59333,59324,9.6,-104.864,39.9671,302.155,-34.6547,335.732,2.27296,0.272135,15.7235,0.173335,9.92519e-05,1.85296,0.271767,0.0247061,0,0.0494122,0.0247061,0,0,0.0494122,0,0,0,0,0,0
59334,59355,59344,9.7,-104.855,39.9674,297.797,-35.2822,336.239,1.46776,0.202526,11.9782,0.177432,7.87241e-05,1.0251,0.279574,0.0232978,0.0465957,0,0.0465957,0,0.0232978,0.0232978,0,0,0,0,0,0
59356,59391,59374,9.8,-104.844,39.967,293.517,-35.7253,337,1.45943,0.172488,8.18246,0.142314,4.42624e-05,1.02555,0.210369,0.0920364,0.0394442,0.0525922,0.0131481,0.0131481,0,0.0131481,0,0,0,0,0,0
59392,59421,59406,9.9,-104.832,39.9673,289.58,-36.3346,337.431,1.94504,0.259868,15.2579,0.176142,0.000100158,1.4927,0.226167,0.0603112,0.0301556,0.0301556,0.0452334,0,0.0301556,0.0301556,0,0,0,0,0,0
59423,59444,59434,10,-104.821,39.9675,285.59,-37.051,337.756,1.9672,0.242706,12.0763,0.149271,7.46102e-05,1.41723,0.296137,0.0846107,0.063458,0.0211527,0,0.0423054,0.0423054,0,0,0,0,0,0,0
59445,59463,59454,10.1,-104.813,39.9675,281.461,-38.0083,337.786,1.91328,0.278931,18.1849,0.195584,0.000105186,1.2519,0.330691,0.118104,0.0472415,0.094483,0,0.0472415,0,0,0.0236208,0,0,0,0,0
59465,59492,59478,10.2,-104.803,39.9674,277.043,-38.8287,338.129,1.83634,0.233452,11.2841,0.145007,6.61037e-05,1.21834,0.335484,0.0882853,0.0529712,0.0529712,0.0353141,0.0176571,0.0353141,0,0,0,0,0,0,0
59493,59518,59506,10.3,-104.793,39.9672,273.129,-39.7909,338.11,2.19608,0.259752,12.072,0.139425,6.84848e-05,1.69781,0.202999,0.0553634,0.0738179,0.0922724,0.0184545,0.0184545,0.036909,0,0,0,0,0,0,0
59519,59543,59531,10.4,-104.784,39.9669,269.296,-40.6782,338.196,1.94228,0.277753,18.2396,0.197006,0.000111144,1.35959,0.330187,0.0971139,0.0194228,0.0194228,0.0582683,0,0.0388456,0,0.0194228,0,0,0,0,0
59544,59564,59554,10.5,-104.774,39.9665,265.445,-41.6345,338.19,1.90671,0.265805,17.7514,0.200351,0.000107364,1.52109,0.149966,0.0642713,0.0428475,0.0214238,0.0428475,0.0214238,0.0214238,0,0.0214238,0,0,0,0,0
59566,59585,59576,10.6,-104.766,39.9662,261.399,-42.5253,338.367,1.87846,0.205286,8.48845,0.124048,4.06211e-05,1.33529,0.248953,0.158425,0.0452642,0.0452642,0.0226321,0,0.0226321,0,0,0,0,0,0,0
59586,59610,59598,10.7,-104.757,39.9654,257.22,-43.0778,339.115,2.22936,0.313416,19.5179,0.186824,0.000128838,1.55493,0.337214,0.131139,0.0936706,0.0187341,0.0187341,0,0.0187341,0.0562023,0,0,0,0,0,0
59611,59636,59624,10.8,-104.747,39.9648,253.619,-43.6943,339.578,2.45039,0.268075,11.6589,0.130474,5.57901e-05,1.68347,0.392811,0.224463,0.0561158,0.0374105,0.0374105,0,0,0.0187053,0,0,0,0,0,0
59637,59664,59650,10.9,-104.736,39.9643,249.64,-44.3178,340.184,2.05018,0.327177,21.3134,0.19543,0.000147136,1.29738,0.384408,0.0961021,0.128136,0.016017,0.032034,0,0.048051,0.048051,0,0,0,0,0,0
59665,59692,59678,11,-104.725,39.9638,246.062,-45.0373,340.513,0.967857,0.134242,6.85867,0.153276,4.14414e-05,0.500616,0.266995,0.0834359,0.0500616,0.0333744,0,0,0.0333744,0,0,0,0,0,0,0
59695,59721,59708,11.1,-104.713,39.9634,242.287,-45.9184,340.702,1.3514,0.159643,6.64365,0.124847,3.19778e-05,0.824581,0.320671,0.0458101,0.0916202,0,0.0458101,0.022905,0,0,0,0,0,0,0,0
59723,59748,59736,11.2,-104.702,39.9632,238.663,-46.5931,341.161,1.34934,0.314833,31.6973,0.30204,0.000162125,0.792739,0.269868,0.0674671,0.0674671,0.0337336,0,0.0337336,0.0337336,0.0337336,0,0.0168668,0,0,0,0
59749,59775,59762,11.3,-104.691,39.9632,235.08,-46.9291,342.127,1.69693,0.39185,38.8135,0.297156,0.000190438,1.0296,0.247866,0.1144,0.0571999,0.1144,0.0190666,0,0.0571999,0.0381333,0,0,0.0190666,0,0,0
59776,59801,59788,11.4,-104.68,39.9636,231.646,-47.6286,342.502,1.21328,0.147546,5.951,0.121,2.60091e-05,0.716033,0.238678,0.0994491,0.0596695,0.0397796,0.0596695,0,0,0,0,0,0,0,0,0
59802,59828,59815,11.5,-104.669,39.9641,228.021,-48.4838,342.747,1.50285,0.204631,10.7377,0.15742,6.30006e-05,0.945616,0.219518,0.135088,0.067544,0.101316,0,0,0.016886,0.016886,0,0,0,0,0,0
59830,59853,59842,11.6,-104.658,39.9647,224.697,-49.3822,342.817,1.49321,0.174042,6.88704,0.118713,3.00453e-05,0.899755,0.287156,0.134006,0.0765749,0.0574312,0.0191437,0.0191437,0,0,0,0,0,0,0,0
59855,59877,59866,11.7,-104.647,39.9653,221.02,-50.2395,343.113,1.31175,0.186309,10.3439,0.166561,6.40195e-05,0.847595,0.181628,0.121085,0.0605425,0.0201808,0.0403617,0.0201808,0,0.0201808,0,0,0,0,0,0
59879,59904,59892,11.8,-104.637,39.9655,217.813,-50.7087,343.82,1.27028,0.249842,16.8772,0.202655,0.000123334,0.769867,0.17322,0.05774,0.0769867,0.0384933,0.05774,0.0192467,0.05774,0.0192467,0,0,0,0,0,0
59905,59930,59918,11.9,-104.625,39.9658,214.38,-51.7976,343.697,1.30234,0.168163,7.39852,0.131989,3.85692e-05,0.767134,0.249764,0.107042,0.0535209,0.0713613,0.0178403,0.0356806,0,0,0,0,0,0,0,0
59931,59956,59944,12,-104.614,39.9661,211.023,-52.6205,343.971,1.66146,0.281685,27.4159,0.291984,9.8835e-05,1.12894,0.298211,0.106504,0.0426015,0,0,0.0639023,0,0,0,0.0213008,0,0,0,0
59957,59980,59968,12.1,-104.604,39.9664,207.855,-53.6386,343.862,1.63417,0.223821,11.2379,0.150628,6.73718e-05,1.00093,0.306407,0.0612813,0.14299,0.0612813,0,0.0204271,0.0408542,0,0,0,0,0,0,0
59981,59996,59988,12.2,-104.594,39.9668,204.856,-54.5438,343.864,2.22008,1.5753,344.391,0.655859,0.00101529,1.42224,0.242822,0.0346888,0.138755,0,0,0.0693776,0.0693776,0.0693776,0.0346888,0,0.0693776,0,0.0693776,0
59997,60014,60006,12.3,-104.588,39.9668,201.621,-55.1925,344.413,1.58441,0.17969,7.17053,0.119715,3.26352e-05,1.10343,0.198052,0.0848793,0.0848793,0.0848793,0,0.0282931,0,0,0,0,0,0,0,0
60015,60034,60024,12.4,-104.579,39.9666,198.196,-56.3537,344.261,1.90772,0.684466,133.539,0.585299,0.000382212,1.20912,0.349301,0.0806079,0.134347,0.0268693,0,0,0.0268693,0,0.0268693,0.0268693,0,0,0.0268693,0
60036,60058,60047,12.5,-104.57,39.9664,194.928,-57.0717,344.75,1.68811,0.216358,10.3857,0.144007,6.13917e-05,1.03884,0.367921,0.151497,0,0.0432848,0.0216424,0.0432848,0.0216424,0,0,0,0,0,0,0
60059,60080,60070,12.6,-104.56,39.9664,191.912,-57.8095,345.102,2.07439,0.23153,9.70402,0.125738,4.80091e-05,1.33074,0.489243,0.0978486,0.0587092,0.0391394,0.0195697,0.0195697,0.0195697,0,0,0,0,0,0,0
60081,60103,60092,12.7,-104.55,39.9661,188.784,-58.59,345.48,3.04385,0.501098,40.183,0.24057,0.000174607,1.7674,0.687321,0.255291,0.0981887,0.078551,0.0392755,0.0392755,0.0392755,0.0196377,0,0,0.0196377,0,0,0
60106,60121,60114,12.8,-104.542,39.9657,186.188,-59.2129,345.84,6.49504,0.846009,56.8553,0.201612,0.000204119,4.25537,1.09184,0.587913,0.335951,0.0559918,0.0559918,0.0559918,0,0.0279959,0,0,0.0279959,0,0,0
60122,60146,60134,12.9,-104.533,39.9651,182.966,-59.7462,346.699,9.11173,1.13153,64.1875,0.170179,0.000235906,5.58702,2.00608,0.618697,0.374968,0.281226,0.149987,0.0374968,0.0187484,0.0187484,0,0,0,0.0187484,0,0
60147,60171,60159,13,-104.523,39.9644,179.926,-60.1926,347.632,9.37159,0.99161,36.9896,0.111908,0.000148108,5.93877,2.04253,0.669399,0.37761,0.171641,0.0686563,0.0858204,0.0171641,0,0,0,0,0,0,0
60172,60195,60184,13.1,-104.513,39.9638,176.958,-60.6087,348.614,10.4269,1.17579,56.468,0.144077,0.000210498,6.7973,1.9963,0.857912,0.280471,0.329966,0.0659932,0.0329966,0.0494949,0,0,0.0164983,0,0,0,0
60196,60221,60208,13.2,-104.503,39.9634,174.133,-60.6432,350.16,11.8037,1.37866,70.7686,0.153995,0.000285538,7.08579,2.85225,1.02251,0.448468,0.215264,0.0358774,0.0179387,0.0896935,0,0.0179387,0.0179387,0,0,0,0
60222,60247,60234,13.3,-104.492,39.9629,171.343,-61.1542,350.929,8.0419,1.03919,46.7959,0.135093,0.0002411,4.26814,1.9116,0.823965,0.560296,0.148314,0.164793,0.0988758,0.0494379,0.0164793,0,0,0,0,0,0
60252,60278,60265,13.4,-104.481,39.9625,168.388,-61.7976,351.613,7.49938,0.90892,39.3292,0.129811,0.000187547,4.26716,1.70368,0.652812,0.445823,0.222912,0.127378,0.0318445,0.0159223,0.0318445,0,0,0,0,0,0
60279,60308,60294,13.5,-104.47,39.9624,165.819,-62.1763,352.53,9.47869,1.33638,64.9212,0.14574,0.00035697,4.90075,1.92215,1.08579,0.807009,0.352149,0.20542,0.0733645,0.0880373,0.0440187,0,0,0,0,0,0
60310,60337,60324,13.6,-104.458,39.9627,163.019,-62.257,354.109,10.5166,1.39922,61.1507,0.131111,0.000296381,5.05074,2.59456,1.1762,0.934042,0.380536,0.224862,0.103782,0.0345941,0.0172971,0,0,0,0,0,0
60338,60364,60351,13.7,-104.447,39.9631,160.501,-61.7623,356.518,12.291,1.41854,66.7103,0.141083,0.000240274,7.00028,2.96927,1.27769,0.629845,0.251938,0.0539867,0.0539867,0.0179956,0.0179956,0,0.0179956,0,0,0,0
60365,60390,60378,13.8,-104.436,39.9632,157.985,-61.206,359.085,15.283,2.05131,103.545,0.151432,0.000458954,7.43446,3.82569,1.8734,1.30152,0.394401,0.21692,0.13804,0.01972,0.0591601,0,0.01972,0,0,0,0
60391,60407,60399,13.9,-104.428,39.9628,155.421,-61.4159,360.406,15.6498,2.7962,216.492,0.232272,0.000980387,6.046,3.69736,2.74395,1.76729,0.627854,0.255792,0.186031,0.139523,0.139523,0.0232539,0,0,0,0.0232539,0
60408,60429,60418,14,-104.422,39.9626,152.968,-60.7908,363.113,18.2522,3.1264,183.792,0.176361,0.000932606,6.1043,4.76803,3.21918,2.36883,0.941459,0.273327,0.273327,0.182218,0.0607393,0.0303696,0,0.0303696,0,0,0
60430,60454,60442,14.1,-104.414,39.962,150.365,-60.3544,365.65,20.3382,3.16465,160.509,0.152158,0.000762515,6.97895,5.08849,4.04873,2.55212,0.897968,0.315077,0.236307,0.189046,0.0157538,0,0,0,0.0157538,0,0
60456,60483,60470,14.2,-104.406,39.9613,147.973,-60.0813,367.804,18.2106,2.78679,138.204,0.148778,0.000656007,6.58927,4.55676,3.14711,2.32755,0.983473,0.245868,0.213086,0.0983473,0.0327824,0,0.0163912,0,0,0,0
60485,60511,60498,14.3,-104.398,39.9605,145.57,-60.2922,369.157,18.5004,2.78504,143.9,0.155007,0.000617139,6.47441,4.85209,3.64651,2.23256,0.744185,0.267907,0.133953,0.0893022,0.0297674,0,0.0148837,0.0148837,0,0,0
60512,60539,60526,14.4,-104.39,39.9597,143.113,-60.7304,370.192,18.4473,2.79323,134.901,0.144887,0.000626891,6.52874,4.54231,3.40342,2.55588,0.807815,0.2781,0.145672,0.172157,0,0,0,0.0132429,0,0,0
60540,60566,60553,14.5,-104.383,39.9589,140.887,-61.1119,371.194,17.2403,2.71923,152.107,0.167812,0.000649675,6.18916,4.56849,2.76917,2.22044,0.89328,0.255223,0.178656,0.127611,0,0,0.0127611,0.0127611,0.0127611,0,0
60567,60592,60580,14.6,-104.375,39.958,138.604,-61.8052,371.706,17.341,2.49502,115.118,0.138418,0.00057798,6.2317,4.98812,3.15039,1.78246,0.704693,0.16581,0.151993,0.0829051,0.0829051,0,0,0,0,0,0
60593,60608,60600,14.7,-104.369,39.9571,136.573,-62.2077,372.562,16.0536,2.43325,128.634,0.158595,0.000553287,5.52095,4.74373,2.76048,1.76885,0.696819,0.34841,0.107203,0.0268007,0.0536015,0,0,0.0268007,0,0,0
60612,60624,60618,14.8,-104.364,39.9561,134.061,-62.3273,374.342,16.1488,2.38714,106.501,0.133844,0.000510761,5.72001,4.04509,2.90741,2.14896,0.790057,0.316023,0.126409,0.0632046,0.0316023,0,0,0,0,0,0
60627,60649,60638,14.9,-104.36,39.9547,131.838,-62.335,376.117,17.9521,2.86879,198.65,0.207736,0.000821251,7.36453,4.3494,3.10177,1.80214,0.658476,0.259925,0.225268,0.0693132,0.0693132,0.0173283,0.0173283,0,0,0.0173283,0
60651,60673,60662,15,-104.355,39.9527,129.845,-62.1511,378.08,17.9427,2.72854,140.643,0.154636,0.000649515,6.4237,4.65855,3.43932,1.94713,0.891675,0.309357,0.109185,0.109185,0,0.0363949,0.0181975,0,0,0,0
60674,60693,60684,15.1,-104.349,39.951,127.78,-62.3322,379.496,16.8366,2.49197,113.079,0.136132,0.000561496,5.95135,4.64589,2.7261,2.11177,0.82551,0.307166,0.0959895,0.153583,0.0191979,0,0,0,0,0,0
60694,60710,60702,15.2,-104.345,39.9496,125.666,-62.57,380.879,17.209,2.60021,147.942,0.170688,0.00061026,6.65677,4.48715,3.00787,1.92307,0.641022,0.172583,0.172583,0.0739641,0.0246547,0,0.0493094,0,0,0,0
60711,60729,60720,15.3,-104.341,39.9483,123.657,-63.3106,381.285,17.2028,2.58964,135.428,0.156888,0.000621018,6.47,4.02482,3.5704,2.01241,0.627525,0.151472,0.216388,0.0432776,0.0432776,0.0216388,0.0216388,0,0,0,0
60730,60749,60740,15.4,-104.337,39.947,121.692,-63.9853,381.808,16.2452,2.45164,121,0.148065,0.000642894,5.83108,4.31705,3.08945,1.94369,0.552418,0.0613798,0.245519,0.12276,0.0613798,0.0204599,0,0,0,0,0
60750,60771,60760,15.5,-104.333,39.946,119.614,-63.5145,384.557,17.56,2.62488,124.382,0.142157,0.000626955,6.21808,4.46382,3.43905,2.17112,0.712127,0.225796,0.15632,0.104214,0.0521068,0.0173689,0,0,0,0,0
60772,60788,60780,15.6,-104.329,39.9453,117.737,-63.37,386.558,18.6474,2.71111,123.062,0.136175,0.000616814,6.84148,5.23608,3.03791,1.95118,1.03734,0.197588,0.148191,0.172889,0.0246985,0,0,0,0,0,0
60789,60802,60796,15.7,-104.327,39.9451,116.067,-63.8267,387.296,19.7023,3.61002,287.351,0.238795,0.00114296,6.33495,4.88198,4.27173,2.55723,0.784604,0.290594,0.203416,0.232475,0.0871782,0,0,0,0.0290594,0.0290594,0
60804,60829,60816,15.8,-104.325,39.9452,113.956,-62.852,391.151,20.0984,2.75,126.387,0.137877,0.000509875,7.5304,5.66078,3.79116,2.00811,0.657828,0.225046,0.13849,0.0519338,0.0173113,0,0,0.0173113,0,0,0
60830,60857,60844,15.9,-104.321,39.9457,112.017,-63.0376,392.719,21.4885,3.28693,170.833,0.15592,0.000742115,6.95409,5.73465,4.79535,2.4224,1.00521,0.14831,0.29662,0.0659155,0.0164789,0.0164789,0.0164789,0.0164789,0,0,0
60858,60885,60872,16,-104.318,39.9465,110.202,-63.4232,393.838,21.7164,2.95472,125.807,0.127735,0.000563697,7.53482,6.52185,4.31552,2.20633,0.693814,0.194268,0.0832576,0.124886,0.0416288,0,0,0,0,0,0
60886,60904,60895,16.1,-104.315,39.9472,108.554,-62.4169,397.437,24.7013,3.30992,144.318,0.130805,0.000530586,8.72446,7.68532,4.30811,2.51126,1.03914,0.303083,0.108244,0,0,0,0.0216488,0,0,0,0
60905,60924,60914,16.2,-104.313,39.9472,106.703,-60.4607,403.094,26.1205,3.52361,146.981,0.12514,0.000632153,9.35318,7.34566,5.26972,2.73751,0.912505,0.296564,0.0456252,0.114063,0.0456252,0,0,0,0,0,0
60925,60940,60932,16.3,-104.311,39.9471,105.052,-60.7321,404.385,27.7106,3.72526,154.939,0.124774,0.000668216,9.13079,8.7636,5.75264,2.66825,0.930215,0.146876,0.171355,0.0979173,0.0489587,0,0,0,0,0,0
60941,60964,60952,16.4,-104.308,39.9463,103.218,-61.1095,405.701,26.525,3.7719,251.147,0.199751,0.000845083,10.0221,7.83889,4.81336,2.71611,0.636051,0.240668,0.0343811,0.103143,0.103143,0,0,0,0,0,0.0171906
60965,60985,60975,16.5,-104.306,39.9455,101.704,-61.378,406.894,25.2217,3.63135,185.467,0.153221,0.000778645,8.63615,8.34428,4.1378,2.57539,0.806957,0.360555,0.171693,0.103016,0.0515079,0,0.0171693,0,0.0171693,0,0
60991,61009,61000,16.6,-104.303,39.9445,99.9016,-61.9979,407.793,25.026,3.45596,146.738,0.127378,0.000660894,8.73465,7.42989,4.63915,2.62764,0.97857,0.32619,0.126852,0.144973,0.0181217,0,0,0,0,0,0
61010,61030,61020,16.7,-104.301,39.9439,98.3517,-63.1039,407.466,24.4262,3.9038,294.117,0.226024,0.00103989,8.67236,7.12026,4.28768,2.69678,0.834254,0.329821,0.252216,0.135809,0.0388025,0.0194013,0,0.0194013,0,0,0.0194013
61031,61050,61040,16.8,-104.299,39.9436,96.8421,-63.6029,408.296,23.8961,3.51775,192.583,0.164238,0.000798222,8.28129,7.35613,4.55809,2.21135,0.925158,0.293343,0.0676945,0.0676945,0.0451296,0.0451296,0.0225648,0.0225648,0,0,0
61051,61069,61060,16.9,-104.296,39.9437,94.9442,-63.8933,410.05,25.8455,3.60696,174.726,0.145324,0.000707998,9.40305,7.65604,4.52169,2.85174,0.847816,0.35968,0.0770742,0.0256914,0.0513828,0.0256914,0,0.0256914,0,0,0
61070,61090,61080,17,-104.294,39.9438,93.5077,-63.2423,413.114,23.4075,3.24297,141.569,0.130962,0.000631271,8.84598,6.23725,3.98425,2.96447,0.78262,0.379452,0.0948631,0.0711473,0.0237158,0.0237158,0,0,0,0,0
