data/B2SAP/Locations/Boulder/NOAA-POPS-B2SAP_GMLBalloon_20221104_R0.ict
61,1001
Thornberry, T. D.
NOAA Chemical Sciences Laboratory
Portable Optical Particle Spectrometer (POPS)
Balloon Baseline Stratospheric Aerosol Profiles (B2SAP)
1,1
2022,11,04,2024,05,30
0
TIME_START,s,Seconds since midnight UTC on flight start day,Start time of 100 m altitude bin in UTC_seconds_since_midnight
28
1.0,1.0,1.0,1.0,1.0,1.0,1.0,1.0,1.0,1.0,1.0,1.0,1.0,1.0,1.0,1.0,1.0,1.0,1.0,1.0,1.0,1.0,1.0,1.0,1.0,1.0,1.0,1.0
99999,99999,99999,99999,99999,99999,99999,99999,99999,99999,99999,99999,99999,99999,99999,99999,99999,99999,99999,99999,99999,99999,99999,99999,99999,99999,99999,99999
TIME_STOP,s,End time of 100 m altitude bin in UTC seconds since midnight,
TIME_MID,s,Mid time of 100 m altitude in UTC seconds since midnight,
GPSAlt,m,GPS reported altitude above sea level (m),
GPS_Lon,deg,GPS reported longitude,
GPS_Lat,deg,GPS reported latitude,
iMet_Pressure,mb,Pressure reported (mB),
iMet_Temperature,degrees C,Ambient temperature (oC),
THETA,K,Potential temperature from iMet,
Aerosol_concentration,cm^-3,Aerosol concentration,
Surface_Area_Conc,um^2 cm^-3,Surface area concentration,
Volume_density,um^3 cm^-3,Volume density,
Effective_radius,um,Effective radius,
Extinction,km^-1,Extinction,
Bin01,cm^-3,particle concentration in size range [140 - 170 nm],
Bin02,cm^-3,particle concentration in size range [170 - 205 nm],
Bin03,cm^-3,particle concentration in size range [205 - 249 nm],
Bin04,cm^-3,particle concentration in size range [249 - 302 nm],
Bin05,cm^-3,particle concentration in size range [302 - 366 nm],
Bin06,cm^-3,particle concentration in size range [366 - 443 nm],
Bin07,cm^-3,particle concentration in size range [443 - 537 nm],
Bin08,cm^-3,particle concentration in size range [537 - 651 nm],
Bin09,cm^-3,particle concentration in size range [651 - 789 nm],
Bin10,cm^-3,particle concentration in size range [789 - 956 nm],
Bin11,cm^-3,particle concentration in size range [956 - 1159 nm],
Bin12,cm^-3,particle concentration in size range [1159 - 1404 nm],
Bin13,cm^-3,particle concentration in size range [1404 - 1702 nm],
Bin14,cm^-3,particle concentration in size range [1702 - 2062 nm],
Bin15,cm^-3,particle concentration in size range [2062 - 2500 nm],
0
19
PI_CONTACT_INFO: 325 Broadway R/CSL6, Boulder, CO 80305; troy.thornberry@noaa.gov; 303-497-3373 
PLATFORM: GML ECC/FPH balloon
LOCATION: Boulder, CO, USA
ASSOCIATED_DATA: N/A
INSTRUMENT_INFO: Printed Optical Particle Spectrometer counts particles from 140 - 2500 nm in diameter 
DATA_INFO: Particle concentrations reported in number per cubic centimeter, binned to 100 m altitude
UNCERTAINTY: Counting uncertainty dominated by air flow, less than 5 percent
ULOD_FLAG: -77777
ULOD_VALUE: 3000 ~3000 per cm3 (varies depending on flow rate- manufacturer quotes 1250  per cm3 at 1.667 cc/s)
LLOD_FLAG: -88888
LLOD_VALUE: 0 0 (varies depending on data field and measurement precision)
DM_CONTACT_INFO: Troy Thornberry, 325 Broadway R/CSL6, Boulder, CO 80305; troy.thornberry@noaa.gov; 303-497-3373
PROJECT_INFO: B2SAP Boulder, CO, USA
STIPULATIONS_ON_USE: Please contact the PIs for questions regarding applications and uncertainties
OTHER_COMMENTS: POPS bin Edges (nm):  140, 170, 205, 249, 302, 366, 443, 537, 651, 789, 956, 1159, 1404, 1702, 2062, 2500
Calculations assume sulfate refractive index of 1.45+0.00j and extinction wavelength = 532 nm
REVISION: R0
R0: QA/QC data
TIME_START,TIME_STOP,TIME_MID,GPSAlt,GPS_Lon,GPS_Lat,iMet_Pressure,iMet_Temperature,THETA,Aerosol_concentration,Surface_Area_Conc,Volume_density,Effective_radius,Extinction,Bin01,Bin02,Bin03,Bin04,Bin05,Bin06,Bin07,Bin08,Bin09,Bin10,Bin11,Bin12,Bin13,Bin14,Bin15
[from data line 230]
64963,64985,64974,24.8,-104.685,39.8511,24.7625,-58.223,618.307,2.21268,0.431591,24.3002,0.168911,0.000153272,0.719121,0.55317,0.313463,0.165951,0.239707,0.129073,0.055317,0.018439,0.018439,0,0,0,0,0,0
64986,65008,64997,24.9,-104.682,39.8522,24.3924,-58.2918,620.791,2.0797,0.385468,21.4728,0.167117,0.000138664,0.663734,0.530987,0.398241,0.19912,0.132747,0.0221245,0.0663734,0.0663734,0,0,0,0,0,0,0
65009,65025,65017,25,-104.68,39.8529,24.0033,-58.192,623.925,2.06563,0.289838,12.5876,0.13029,5.91027e-05,0.705336,0.554192,0.529002,0.125953,0.100762,0.0251906,0,0.0251906,0,0,0,0,0,0,0
65029,65046,65038,25.1,-104.678,39.8535,23.5947,-57.9771,627.626,2.27644,0.48196,27.6554,0.172144,0.000183891,0.608553,0.518397,0.473319,0.22539,0.157773,0.112695,0.135234,0.045078,0,0,0,0,0,0,0
65050,65066,65058,25.2,-104.676,39.8538,23.2264,-57.8914,630.702,2.19853,0.414691,21.7125,0.157075,0.000132712,0.751397,0.473102,0.333954,0.222636,0.166977,0.139148,0.111318,0,0,0,0,0,0,0,0
65067,65083,65075,25.3,-104.674,39.8542,22.8171,-58.0964,633.314,2.25634,0.441833,24.5,0.166352,0.000148452,0.473553,0.696402,0.417841,0.278561,0.194992,0.111424,0.0557121,0,0.0278561,0,0,0,0,0,0
65084,65100,65092,25.4,-104.672,39.855,22.4392,-57.5885,637.847,1.83255,0.294954,14.3323,0.145775,7.92381e-05,0.671934,0.305425,0.488679,0.152712,0.152712,0,0.0305425,0.0305425,0,0,0,0,0,0,0
65101,65119,65110,25.5,-104.67,39.8566,22.0819,-57.4012,641.324,2.12723,0.297023,12.3736,0.124976,5.48478e-05,0.976023,0.450472,0.275289,0.100105,0.275289,0.0500525,0,0,0,0,0,0,0,0,0
65120,65138,65129,25.6,-104.667,39.8584,21.7227,-57.972,642.646,2.05119,0.38022,19.3849,0.152951,0.000112721,0.539787,0.512798,0.377851,0.215915,0.296883,0.0269894,0.0539787,0.0269894,0,0,0,0,0,0,0
65139,65157,65148,25.7,-104.664,39.86,21.3307,-57.6247,647.028,2.15511,0.381203,19.4591,0.15314,0.000116493,0.900235,0.300078,0.381918,0.218239,0.163679,0.0818395,0.109119,0,0,0,0,0,0,0,0
65158,65179,65168,25.8,-104.66,39.8611,21.0281,-56.8175,652.117,1.8021,0.294676,14.1683,0.144243,7.86387e-05,0.643608,0.411909,0.411909,0.077233,0.102977,0.102977,0.0514887,0,0,0,0,0,0,0,0
65180,65202,65191,25.9,-104.656,39.8617,20.6331,-56.3006,657.221,1.96727,0.275369,11.7137,0.127614,5.4241e-05,0.828326,0.388278,0.440048,0.129426,0.103541,0.0517704,0.0258852,0,0,0,0,0,0,0,0
65203,65224,65214,26,-104.652,39.8616,20.2944,-56.5975,659.439,1.82484,0.315017,20.1823,0.192203,0.000107878,0.661174,0.476045,0.290916,0.238023,0.0793408,0.0528939,0,0,0,0.0264469,0,0,0,0,0
65226,65247,65236,26.1,-104.648,39.8615,19.915,-56.7661,662.483,1.53716,0.293983,15.4441,0.157602,9.44524e-05,0.472972,0.33108,0.236486,0.260134,0.0709457,0.0709457,0.0945943,0,0,0,0,0,0,0,0
65248,65267,65258,26.2,-104.644,39.8615,19.5754,-56.0031,668.099,1.68816,0.364967,23.124,0.190077,0.000156401,0.595821,0.198607,0.430315,0.165506,0.0993036,0.0993036,0.0331012,0.0331012,0.0331012,0,0,0,0,0,0
65268,65286,65277,26.3,-104.64,39.8611,19.3386,-55.495,671.994,1.53055,0.21962,9.43487,0.12888,4.45449e-05,0.468535,0.437299,0.437299,0.0624713,0.0624713,0.0312357,0.0312357,0,0,0,0,0,0,0,0
65287,65305,65296,26.4,-104.637,39.8604,19.0386,-55.7071,674.336,1.66105,0.221258,9.12933,0.123783,4.08571e-05,0.626812,0.564131,0.188044,0.156703,0.0940218,0,0.0313406,0,0,0,0,0,0,0,0
65306,65324,65315,26.5,-104.635,39.8597,18.7187,-56.1567,676.22,1.79009,0.275045,13.7121,0.149562,7.97057e-05,0.775704,0.596695,0.119339,0.0298348,0.119339,0.119339,0,0.0298348,0,0,0,0,0,0,0
65325,65342,65334,26.6,-104.632,39.859,18.3533,-56.91,677.668,1.72999,0.274389,12.9861,0.141982,7.08071e-05,0.637366,0.364209,0.39456,0.151754,0.0607015,0.0607015,0.0607015,0,0,0,0,0,0,0,0
65343,65359,65351,26.7,-104.631,39.8587,18.055,-57.125,680.184,1.90318,0.34862,17.5422,0.150957,0.000101837,0.570955,0.532891,0.190318,0.228382,0.228382,0.0761273,0.0761273,0,0,0,0,0,0,0,0
65360,65376,65368,26.8,-104.63,39.859,17.7892,-56.9167,683.717,1.48305,0.240209,12.2197,0.152613,7.06274e-05,0.456324,0.570405,0.114081,0.228162,0,0.076054,0,0.038027,0,0,0,0,0,0,0
65378,65394,65386,26.9,-104.629,39.8593,17.576,-56.95,685.968,1.7343,0.214137,7.68692,0.107692,2.40899e-05,0.456394,0.730231,0.365115,0.0912788,0.0912788,0,0,0,0,0,0,0,0,0,0
66319,66325,66322,26.7,-104.51,39.8623,17.845,-53.995,692.333,0.691882,0.170556,9.74968,0.171492,6.24963e-05,0.230627,0,0.230627,0,0,0.230627,0,0,0,0,0,0,0,0,0
66332,66346,66339,26.6,-104.509,39.8622,18.1425,-53.6267,690.245,1.91867,0.243606,9.13591,0.112509,3.21307e-05,0.767467,0.498854,0.34536,0.153493,0.153493,0,0,0,0,0,0,0,0,0,0
66347,66362,66354,26.5,-104.507,39.8618,18.4791,-55.2936,681.401,1.60292,0.209518,7.83429,0.112176,2.61988e-05,0.59055,0.337457,0.37964,0.210911,0.0843643,0,0,0,0,0,0,0,0,0,0
66363,66378,66370,26.4,-104.505,39.8612,18.7367,-55.0017,679.632,1.57508,0.211371,8.52051,0.120932,3.5041e-05,0.76833,0.230499,0.268916,0.153666,0.11525,0.0384165,0,0,0,0,0,0,0,0,0
66379,66392,66386,26.3,-104.502,39.8605,19.0533,-55.12,676.01,1.42408,0.16846,5.9931,0.106728,1.82053e-05,0.599612,0.449709,0.112427,0.224854,0.0374757,0,0,0,0,0,0,0,0,0,0
66396,66414,66405,26.2,-104.498,39.8602,19.4347,-56.1607,668.996,1.50588,0.227454,10.8331,0.142883,6.10556e-05,0.692703,0.36141,0.150588,0.12047,0.0903526,0.0301175,0.060235,0,0,0,0,0,0,0,0
66415,66432,66424,26.1,-104.495,39.8599,19.7641,-53.0206,675.407,1.79726,0.359508,18.9775,0.158362,0.000116131,0.520946,0.468851,0.208378,0.130236,0.260473,0.130236,0.0781418,0,0,0,0,0,0,0,0
66433,66446,66440,26,-104.492,39.8597,20.04,-53.6638,670.788,1.47423,0.178673,6.68485,0.112241,2.38986e-05,0.670102,0.335051,0.301546,0.100515,0.0335051,0.0335051,0,0,0,0,0,0,0,0,0
66449,66460,66454,25.9,-104.489,39.8598,20.4209,-56.2436,659.338,1.39191,0.254925,12.2994,0.144742,6.5676e-05,0.516994,0.198844,0.198844,0.119306,0.238613,0.119306,0,0,0,0,0,0,0,0,0
66461,66469,66465,25.8,-104.487,39.8605,20.6943,-58.8843,648.842,1.68487,0.26886,13.0096,0.145164,7.40905e-05,0.624025,0.49922,0.24961,0.0624025,0.124805,0.0624025,0.0624025,0,0,0,0,0,0,0,0
66472,66482,66477,25.7,-104.485,39.8614,21.0589,-58.5811,646.525,1.57627,0.32696,20.3242,0.186484,0.000148137,0.620956,0.382127,0.238829,0.0955317,0,0.0477659,0.143298,0.0477659,0,0,0,0,0,0,0
66484,66495,66490,25.6,-104.483,39.8622,21.49,-59.4389,640.227,1.72049,0.253437,10.7445,0.127185,4.7663e-05,0.71687,0.382331,0.143374,0.238957,0.191165,0.0477913,0,0,0,0,0,0,0,0,0
66496,66506,66501,25.5,-104.482,39.8625,21.8588,-59.2737,637.622,1.49259,0.234188,10.1749,0.130343,4.70207e-05,0.479762,0.319841,0.373148,0.0533069,0.213227,0.0533069,0,0,0,0,0,0,0,0,0
66510,66522,66516,25.4,-104.48,39.8627,22.23,-59.2131,634.725,1.63835,0.260248,13.2605,0.15286,7.90211e-05,0.674614,0.449743,0.192747,0.128498,0.0963734,0.0321245,0.0321245,0.0321245,0,0,0,0,0,0,0
66523,66536,66530,25.3,-104.479,39.8629,22.6513,-59.1737,631.46,1.65998,0.2678,13.2325,0.148235,7.7905e-05,0.622491,0.36312,0.36312,0.155623,0.0518743,0,0.103749,0,0,0,0,0,0,0,0
66538,66550,66544,25.2,-104.478,39.8632,23.022,-59.024,628.965,1.89762,0.257898,11.221,0.130528,5.55772e-05,0.825051,0.618788,0.123758,0.16501,0.0825051,0.0412526,0.0412526,0,0,0,0,0,0,0,0
66551,66561,66556,25.1,-104.477,39.8636,23.3578,-58.1444,628.95,1.56483,0.291957,15.7579,0.16192,9.77112e-05,0.402384,0.402384,0.357674,0.178837,0.134128,0,0.0447093,0.0447093,0,0,0,0,0,0,0
66562,66576,66569,25,-104.476,39.864,23.74,-58.8382,624.017,2.40996,0.325717,13.6145,0.125396,6.22262e-05,0.985892,0.620747,0.474689,0.109544,0.146058,0.0365145,0.0365145,0,0,0,0,0,0,0,0
66581,66589,66585,24.9,-104.474,39.8646,24.2386,-57.4829,624.243,2.07421,0.447085,28.5999,0.191909,0.00019258,0.784836,0.392418,0.224239,0.224239,0.224239,0.112119,0.0560597,0,0.0560597,0,0,0,0,0,0
66590,66602,66596,24.8,-104.473,39.8652,24.568,-55.217,628.381,1.97008,0.29985,12.6536,0.126599,5.49069e-05,0.463549,0.656694,0.42492,0.193145,0.154516,0.0772581,0,0,0,0,0,0,0,0,0
66603,66616,66610,24.7,-104.472,39.8658,24.9745,-56.7491,621.036,1.83683,0.350528,18.8922,0.161689,0.000120917,0.706473,0.353237,0.211942,0.211942,0.176618,0.0353237,0.141295,0,0,0,0,0,0,0,0
66617,66626,66622,24.6,-104.471,39.8662,25.3357,-56.34,619.673,1.62063,0.307392,14.9505,0.145909,8.0807e-05,0.270105,0.378147,0.432168,0.270105,0.162063,0.054021,0.054021,0,0,0,0,0,0,0,0
66633,66642,66638,24.5,-104.47,39.8666,25.8389,-56.6067,615.429,1.64066,0.331479,17.9609,0.162552,0.000113773,0.378613,0.420681,0.336545,0.252409,0.0420681,0.0841362,0.126204,0,0,0,0,0,0,0,0
66644,66658,66651,24.4,-104.468,39.8671,26.2689,-56.8044,611.987,1.9489,0.381929,18.6061,0.146148,9.91358e-05,0.539058,0.331728,0.290262,0.248796,0.373194,0.165864,0,0,0,0,0,0,0,0,0
66659,66673,66666,24.3,-104.467,39.8675,26.69,-57.82,606.339,2.00607,0.434988,25.8187,0.178065,0.000176231,0.462939,0.555527,0.370351,0.308626,0.0308626,0.0925878,0.12345,0.0617252,0,0,0,0,0,0,0
66674,66688,66681,24.2,-104.465,39.8679,27.168,-58.655,600.946,2.1447,0.503731,30.3273,0.180616,0.000207407,0.554663,0.480708,0.369776,0.14791,0.221865,0.221865,0.0739551,0.0739551,0,0,0,0,0,0,0
66689,66704,66696,24.1,-104.463,39.8681,27.6209,-58.5327,598.449,2.17143,0.553245,35.5756,0.19291,0.000255034,0.460606,0.526407,0.296104,0.427706,0.0658009,0.164502,0.0987013,0.131602,0,0,0,0,0,0,0
66705,66719,66712,24,-104.461,39.8684,28.0778,-57.8311,597.599,2.12427,0.452532,25.5757,0.169551,0.000170037,0.561129,0.681371,0.240484,0.120242,0.160323,0.200403,0.160323,0,0,0,0,0,0,0,0
66720,66736,66728,23.9,-104.458,39.8688,28.4846,-58.3654,593.671,1.60045,0.400491,25.8293,0.193482,0.000188538,0.386317,0.441505,0.220752,0.13797,0.13797,0.0827821,0.110376,0.0827821,0,0,0,0,0,0,0
66737,66753,66745,23.8,-104.456,39.8696,29.0007,-57.7043,592.448,2.1578,0.424061,24.351,0.17227,0.000154835,0.928355,0.351269,0.200725,0.225816,0.175635,0.200725,0.0501813,0,0.0250907,0,0,0,0,0,0
66754,66768,66761,23.7,-104.453,39.8702,29.4542,-57.8233,589.509,2.07005,0.384367,20.9146,0.163239,0.000134269,0.670578,0.553956,0.349867,0.145778,0.174934,0.0291556,0.116622,0.0291556,0,0,0,0,0,0,0
66769,66789,66779,23.6,-104.452,39.8706,29.9633,-57.9907,586.164,2.22141,0.583563,38.0251,0.195481,0.00027669,0.61833,0.435121,0.20611,0.320616,0.251912,0.137407,0.114506,0.137407,0,0,0,0,0,0,0
66790,66806,66798,23.5,-104.45,39.871,30.5336,-58.0879,582.762,2.40169,0.596683,38.8802,0.195482,0.000269491,0.539155,0.490141,0.41662,0.441127,0.147042,0.171549,0.0980281,0.0490141,0.0490141,0,0,0,0,0,0
66809,66825,66817,23.4,-104.449,39.8714,31.0171,-60.2914,574.193,2.31101,0.563323,34.7943,0.185299,0.000245397,0.663801,0.51629,0.245852,0.221267,0.245852,0.196682,0.147511,0.0737557,0,0,0,0,0,0,0
66826,66843,66834,23.3,-104.448,39.8716,31.5507,-60.1547,571.78,2.30573,0.64603,42.7934,0.198722,0.000312565,0.632946,0.361684,0.248657,0.226052,0.384289,0.158237,0.203447,0.0678157,0.0226052,0,0,0,0,0,0
66846,66863,66854,23.2,-104.447,39.8718,32.0493,-59.6514,570.565,2.52003,0.541624,33.8222,0.187337,0.00022581,0.79201,0.576007,0.384005,0.216003,0.288004,0.144002,0.0240003,0.0480006,0.0480006,0,0,0,0,0,0
66866,66882,66874,23.1,-104.445,39.8719,32.6079,-59.6507,567.758,2.11598,0.56198,35.6574,0.190349,0.000253607,0.352663,0.470218,0.352663,0.282131,0.352663,0.0705327,0.117554,0.117554,0,0,0,0,0,0,0
66882,66900,66891,23,-104.443,39.8722,33.1323,-59.99,564.278,2.38381,0.588271,37.4238,0.19085,0.000271449,0.633993,0.532554,0.355036,0.278957,0.202878,0.0760792,0.202878,0.101439,0,0,0,0,0,0,0
66901,66919,66910,22.9,-104.441,39.8724,33.6767,-59.2933,563.491,2.31104,0.522337,32.1299,0.184536,0.00021448,0.453569,0.73435,0.367175,0.215985,0.237584,0.15119,0.107993,0,0.0431971,0,0,0,0,0,0
66920,66938,66929,22.8,-104.439,39.8721,34.2846,-59.2131,560.838,2.14716,0.471913,25.5871,0.16266,0.000158929,0.41956,0.51828,0.32084,0.3702,0.22212,0.17276,0.1234,0,0,0,0,0,0,0,0
66939,66956,66948,22.7,-104.437,39.8717,34.8147,-58.4607,560.33,2.41854,0.558017,33.636,0.180833,0.00022674,0.636458,0.530382,0.318229,0.36066,0.212153,0.169722,0.148507,0.0212153,0.0212153,0,0,0,0,0,0
66957,66973,66965,22.6,-104.434,39.8715,35.4392,-58.3169,557.879,2.7429,0.691193,41.4186,0.17977,0.000279593,0.48121,0.457149,0.601512,0.384968,0.409028,0.192484,0.120302,0.096242,0,0,0,0,0,0,0
66974,66993,66984,22.5,-104.432,39.8715,35.9847,-57.5893,557.324,2.46445,0.588357,36.8871,0.188085,0.000248835,0.621291,0.497033,0.393484,0.310646,0.289936,0.207097,0.0621291,0.0414194,0.0414194,0,0,0,0,0,0
66995,67013,67004,22.4,-104.429,39.8719,36.5529,-57.8876,554.069,2.64792,0.670375,42.696,0.191069,0.000313104,0.798004,0.56223,0.326456,0.181365,0.272047,0.145092,0.290183,0.0725458,0,0,0,0,0,0,0
67015,67031,67023,22.3,-104.426,39.8726,37.1808,-58.7577,549.156,2.56072,0.658936,40.2246,0.183134,0.000279325,0.681294,0.234929,0.493351,0.3289,0.399379,0.16445,0.187943,0.0704787,0,0,0,0,0,0,0
67032,67050,67041,22.2,-104.425,39.8732,37.7693,-58.2643,547.944,2.81634,0.750125,49.2451,0.196948,0.000357408,0.779909,0.454947,0.454947,0.238306,0.36829,0.194977,0.194977,0.108321,0.0216641,0,0,0,0,0,0
67054,67071,67062,22.1,-104.423,39.8739,38.4531,-57.5463,546.976,2.86769,0.749777,48.0175,0.192127,0.00033324,0.558641,0.54002,0.484156,0.40967,0.465534,0.167592,0.111728,0.0931069,0.0372427,0,0,0,0,0,0
67072,67089,67080,22,-104.421,39.8748,39.0779,-58.165,542.887,2.66476,0.878489,61.9055,0.211405,0.000465548,0.426362,0.468998,0.405044,0.255817,0.383726,0.319772,0.234499,0.127909,0.0426362,0,0,0,0,0,0
67091,67109,67100,21.9,-104.421,39.876,39.6964,-57.7207,541.582,2.92674,0.886818,64.8435,0.219358,0.00048685,0.678663,0.424165,0.636247,0.275707,0.318124,0.212082,0.127249,0.169666,0.0848329,0,0,0,0,0,0
67111,67128,67120,21.8,-104.42,39.8777,40.3907,-57.1287,540.385,2.6357,0.713913,47.2357,0.198493,0.000340691,0.658925,0.445743,0.348843,0.348843,0.406983,0.155041,0.0969007,0.155041,0.0193801,0,0,0,0,0,0
67129,67146,67138,21.7,-104.419,39.8791,41.0077,-56.8308,538.788,3.00975,0.774558,51.4949,0.199449,0.000369685,0.713421,0.713421,0.401299,0.423594,0.267533,0.178355,0.156061,0.111472,0.0445888,0,0,0,0,0,0
67149,67166,67158,21.6,-104.419,39.8804,41.7164,-55.8257,538.658,2.54965,0.886274,66.9984,0.226787,0.000517904,0.526118,0.364236,0.384471,0.263059,0.364236,0.182118,0.222588,0.161882,0.0809412,0,0,0,0,0,0
67168,67184,67176,21.5,-104.417,39.8811,42.3758,-56.09,535.585,2.47873,0.660748,44.3278,0.201262,0.000318572,0.684603,0.401319,0.23607,0.448533,0.354105,0.070821,0.165249,0.070821,0.047214,0,0,0,0,0,0
67187,67207,67197,21.4,-104.414,39.8814,43.092,-57.6573,529.187,2.99181,0.94243,63.0158,0.200595,0.00046323,0.568066,0.302968,0.511259,0.37871,0.454452,0.359775,0.284033,0.113613,0.0189355,0,0,0,0,0,0
67208,67226,67217,21.3,-104.411,39.8814,43.812,-58.296,525.122,2.39179,0.771621,54.5185,0.211963,0.000408958,0.448461,0.298974,0.411089,0.298974,0.392403,0.186859,0.168173,0.149487,0.0373718,0,0,0,0,0,0
67227,67246,67236,21.2,-104.407,39.8815,44.5479,-61.325,515.264,3.31084,0.8921,54.8431,0.184429,0.000379426,0.589046,0.568734,0.507798,0.446862,0.649981,0.243743,0.182807,0.121872,0,0,0,0,0,0,0
67247,67269,67258,21.1,-104.403,39.8816,45.2867,-64.1387,506.04,3.15624,1.03214,74.3131,0.215997,0.000540918,0.604789,0.377993,0.434692,0.529191,0.415793,0.359094,0.245696,0.132298,0.0377993,0.0188997,0,0,0,0,0
67270,67290,67280,21,-104.399,39.8817,46.0386,-63.7486,504.591,3.79356,1.22681,110.372,0.269901,0.000606743,0.686069,0.988746,0.423748,0.443927,0.544819,0.343034,0.161428,0.100892,0.0201785,0.040357,0.040357,0,0,0,0
67294,67315,67304,20.9,-104.394,39.8818,46.8625,-62.9131,504.054,3.32533,1.03605,73.194,0.211941,0.000533781,0.644174,0.452663,0.487483,0.591943,0.435253,0.226331,0.278562,0.174101,0.0174101,0.0174101,0,0,0,0,0
67316,67337,67326,20.8,-104.391,39.8819,47.5938,-62.7746,502.16,3.7291,0.995377,68.3925,0.20613,0.000473893,0.862219,0.668219,0.646664,0.560442,0.366443,0.280221,0.172444,0.107777,0.0431109,0.0215555,0,0,0,0,0
