data/B2SAP/Locations/Boulder/NOAA-POPS-B2SAP_GMLBalloon_20220914_R0.ict
61,1001
Thornberry, T. D.
NOAA Chemical Sciences Laboratory
Portable Optical Particle Spectrometer (POPS)
Balloon Baseline Stratospheric Aerosol Profiles (B2SAP)
1,1
2022,09,14,2024,05,30
0
TIME_START,s,Seconds since midnight UTC on flight start day,Start time of 100 m altitude bin in UTC_seconds_since_midnight
28
1.0,1.0,1.0,1.0,1.0,1.0,1.0,1.0,1.0,1.0,1.0,1.0,1.0,1.0,1.0,1.0,1.0,1.0,1.0,1.0,1.0,1.0,1.0,1.0,1.0,1.0,1.0,1.0
99999,99999,99999,99999,99999,99999,99999,99999,99999,99999,99999,99999,99999,99999,99999,99999,99999,99999,99999,99999,99999,99999,99999,99999,99999,99999,99999,99999
TIME_STOP,s,End time of 100 m altitude bin in UTC seconds since midnight,
TIME_MID,s,Mid time of 100 m altitude in UTC seconds since midnight,
GPSAlt,m,GPS reported altitude above sea level (m),
GPS_Lon,deg,GPS reported longitude,
GPS_Lat,deg,GPS reported latitude,
iMet_Pressure,mb,Pressure reported (mB),
iMet_Temperature,degrees C,Ambient temperature (oC),
THETA,K,Potential temperature from iMet,
Aerosol_concentration,cm^-3,Aerosol concentration,
Surface_Area_Conc,um^2 cm^-3,Surface area concentration,
Volume_density,um^3 cm^-3,Volume density,
Effective_radius,um,Effective radius,
Extinction,km^-1,Extinction,
Bin01,cm^-3,particle concentration in size range [140 - 170 nm],
Bin02,cm^-3,particle concentration in size range [170 - 205 nm],
Bin03,cm^-3,particle concentration in size range [205 - 249 nm],
Bin04,cm^-3,particle concentration in size range [249 - 302 nm],
Bin05,cm^-3,particle concentration in size range [302 - 366 nm],
Bin06,cm^-3,particle concentration in size range [366 - 443 nm],
Bin07,cm^-3,particle concentration in size range [443 - 537 nm],
Bin08,cm^-3,particle concentration in size range [537 - 651 nm],
Bin09,cm^-3,particle concentration in size range [651 - 789 nm],
Bin10,cm^-3,particle concentration in size range [789 - 956 nm],
Bin11,cm^-3,particle concentration in size range [956 - 1159 nm],
Bin12,cm^-3,particle concentration in size range [1159 - 1404 nm],
Bin13,cm^-3,particle concentration in size range [1404 - 1702 nm],
Bin14,cm^-3,particle concentration in size range [1702 - 2062 nm],
Bin15,cm^-3,particle concentration in size range [2062 - 2500 nm],
0
19
PI_CONTACT_INFO: 325 Broadway R/CSL6, Boulder, CO 80305; troy.thornberry@noaa.gov; 303-497-3373 
PLATFORM: GML ECC/FPH balloon
LOCATION: Boulder, CO, USA
ASSOCIATED_DATA: N/A
INSTRUMENT_INFO: Printed Optical Particle Spectrometer counts particles from 140 - 2500 nm in diameter 
DATA_INFO: Particle concentrations reported in number per cubic centimeter, binned to 100 m altitude
UNCERTAINTY: Counting uncertainty dominated by air flow, less than 5 percent
ULOD_FLAG: -77777
ULOD_VALUE: 3000 ~3000 per cm3 (varies depending on flow rate- manufacturer quotes 1250  per cm3 at 1.667 cc/s)
LLOD_FLAG: -88888
LLOD_VALUE: 0 0 (varies depending on data field and measurement precision)
DM_CONTACT_INFO: Troy Thornberry, 325 Broadway R/CSL6, Boulder, CO 80305; troy.thornberry@noaa.gov; 303-497-3373
PROJECT_INFO: B2SAP Boulder, CO, USA
STIPULATIONS_ON_USE: Please contact the PIs for questions regarding applications and uncertainties
OTHER_COMMENTS: POPS bin Edges (nm):  140, 170, 205, 249, 302, 366, 443, 537, 651, 789, 956, 1159, 1404, 1702, 2062, 2500
Calculations assume sulfate refractive index of 1.45+0.00j and extinction wavelength = 532 nm
REVISION: R0
R0: QA/QC data
TIME_START,TIME_STOP,TIME_MID,GPSAlt,GPS_Lon,GPS_Lat,iMet_Pressure,iMet_Temperature,THETA,Aerosol_concentration,Surface_Area_Conc,Volume_density,Effective_radius,Extinction,Bin01,Bin02,Bin03,Bin04,Bin05,Bin06,Bin07,Bin08,Bin09,Bin10,Bin11,Bin12,Bin13,Bin14,Bin15
58050,59457,58754,1.8,-105.197,39.9491,819.201,21.2154,311.627,280.877,58.6048,3733.08,0.191097,0.0212203,96.6116,53.5492,39.5152,28.1501,32.3578,13.9505,13.8028,2.07277,0.436773,0.142831,0.0669304,0.0655504,0.0696904,0.0462303,0.0393302
58052,59432,58742,1.7,-105.197,39.9491,819.397,21.3022,311.697,284.546,58.9347,3742.71,0.190518,0.0211693,98.5858,54.2227,39.7666,28.9679,32.5128,13.9019,13.6352,2.13363,0.395888,0.13613,0.0708431,0.0638977,0.0625086,0.0513959,0.0388942
59458,59472,59465,1.9,-105.198,39.9492,805.75,18.8947,310.633,280.876,55.1252,3327.39,0.181082,0.0186494,102.331,54.2551,39.212,27.3771,30.5616,13.1895,11.6448,1.52095,0.427767,0.0712945,0.0475297,0.0950593,0.0950593,0.0237648,0.0237648
59473,59489,59481,2,-105.198,39.9492,796.364,17.8859,310.603,279.462,54.8576,3131.59,0.171257,0.018704,99.9262,55.7918,37.8025,26.7742,31.6594,12.9992,12.0977,1.63538,0.440296,0.125799,0.125799,0.0209665,0.0628994,0,0
59490,59503,59496,2.1,-105.198,39.9492,786.953,16.8571,310.555,277.931,56.473,3615.32,0.192055,0.0195582,97.7047,52.4369,39.9422,28.7789,32.2098,11.9827,12.1875,1.97151,0.25604,0.025604,0.153624,0.12802,0.0512079,0.0768119,0.025604
59505,59520,59512,2.2,-105.199,39.9493,777.339,15.9729,310.695,296.502,60.7153,3819.27,0.188714,0.0217571,106.666,55.384,39.6929,30.5786,33.2642,13.9147,13.6398,2.49535,0.317205,0.253764,0.042294,0.105735,0.084588,0.021147,0.042294
59522,59541,59532,2.3,-105.199,39.9495,768.138,16.6785,312.516,286.446,61.4821,3872.47,0.188956,0.0227181,95.5116,51.7718,40.4629,30.4362,35.6543,14.3722,14.9064,2.38645,0.427425,0.213712,0.142475,0.0712374,0.0356187,0.0178094,0.0356187
59541,59559,59550,2.4,-105.199,39.9497,759.118,16.3074,313.175,271.742,56.698,3409.74,0.180416,0.0202427,89.4776,50.733,38.877,30.4057,32.9396,13.52,12.8014,2.26909,0.359272,0.170181,0.0756362,0.0378181,0.0378181,0.018909,0.018909
59561,59579,59570,2.5,-105.199,39.9496,750.291,15.486,313.329,243.117,50.3471,3130.32,0.186524,0.017812,81.2445,45.2707,35.6475,26.3324,29.522,11.5623,10.8737,2.04788,0.380579,0.0362456,0.0181228,0.0724912,0.0181228,0.0724912,0.0181228
59581,59600,59590,2.6,-105.199,39.9493,741.702,14.7005,313.503,228.75,45.8587,2544.34,0.166447,0.0156174,77.3731,42.0292,32.9243,25.1817,28.3002,10.8075,10.216,1.38006,0.430149,0.0358458,0.0179229,0.0537687,0,0,0
59600,59617,59608,2.7,-105.199,39.9489,732.761,13.7783,313.585,241.147,49.133,2743.28,0.167501,0.0169123,77.5847,47.2445,33.729,26.7719,30.8784,11.6417,11.0636,1.8539,0.239213,0.0797376,0,0,0.0598032,0,0
59619,59637,59628,2.8,-105.199,39.9485,724.165,12.86,313.64,260.352,54.7607,3254.5,0.178294,0.0193991,83.4904,48.0494,36.8525,29.2798,34.2965,13.524,12.2079,2.07915,0.362421,0.0762992,0.0190748,0.0190748,0.0572244,0.0190748,0.0190748
59638,59652,59645,2.9,-105.199,39.9482,715.668,12.028,313.782,270.377,58.2816,3632.19,0.186964,0.0211036,83.6651,50.1893,39.6129,31.0985,34.5188,14.9185,13.6086,2.15894,0.363867,0.0727733,0.0485155,0,0.0485155,0.0242578,0.0485155
59653,59669,59661,3,-105.199,39.9479,707.167,11.1424,313.874,261.741,56.7546,3665.84,0.193773,0.0207035,83.0669,48.018,37.9857,29.4968,33.2482,14.3625,12.862,1.82211,0.407296,0.19293,0.0428732,0.0428732,0.107183,0.0428732,0.0428732
59670,59685,59678,3.1,-105.199,39.9474,698.884,10.2806,313.982,247.601,52.0836,3341.5,0.192469,0.0184351,80.1789,46.6853,35.2083,28.3038,31.2988,12.0714,11.6142,1.66896,0.27435,0.0914501,0,0.0685876,0.0228625,0.0685876,0.0457251
59686,59701,59694,3.2,-105.198,39.9471,690.535,9.42,314.106,231.307,47.8579,2774.54,0.173923,0.016858,76.2828,43.3498,32.1565,25.1472,29.9998,10.8482,11.3443,1.66067,0.323506,0.0647013,0.0647013,0.0215671,0.0215671,0.0215671,0
59702,59717,59710,3.3,-105.198,39.9469,681.961,8.46467,314.161,229.578,47.8652,3142.61,0.196966,0.0170307,77.0638,44.6931,31.5639,25.1337,27.3342,10.9777,10.4887,1.83369,0.195593,0.0488983,0.0244492,0.0488983,0.0244492,0.122246,0.0244492
59718,59732,59725,3.4,-105.197,39.9468,673.934,7.50643,314.15,209.046,42.5228,2693.29,0.190012,0.0146679,70.0521,39.705,30.8493,22.5488,25.8796,9.62225,8.48555,1.34817,0.264347,0.158608,0.0264347,0,0.0264347,0.0264347,0.0528695
59734,59751,59742,3.5,-105.197,39.9468,665.675,6.65437,314.309,167.266,30.4935,1696.46,0.1669,0.009622,64.1948,33.8729,21.283,17.5475,16.948,6.6639,5.60321,0.737871,0.230585,0.115292,0.0230585,0,0.0230585,0.0230585,0
59751,59768,59760,3.6,-105.196,39.947,656.99,5.69176,314.402,163.794,29.5809,1932.37,0.195975,0.00924339,66.5306,32.8287,21.2601,15.0392,15.956,5.91528,5.39142,0.611173,0.0873105,0.0436552,0,0,0.0436552,0.0218276,0.0654828
59770,59788,59779,3.7,-105.195,39.9472,649.213,4.82,314.484,160.961,28.3154,1641.68,0.173935,0.00881478,67.4519,32.7869,19.8952,14.4176,14.1633,5.63403,5.39928,0.89988,0.156501,0.0195626,0.0391252,0.0195626,0.0586878,0,0.0195626
59788,59806,59797,3.8,-105.193,39.9474,641.425,4.01526,314.659,156.325,26.8994,1424.19,0.158835,0.00802588,63.1997,33.4115,20.1918,13.6113,14.7277,5.40537,4.79824,0.724633,0.0979234,0.0783387,0.0391693,0.0195847,0.0195847,0,0
59807,59823,59815,3.9,-105.193,39.9475,633.72,3.28067,314.913,127.526,20.2673,1007.5,0.149132,0.00565819,57.5159,26.9536,14.9576,9.68139,10.3285,3.98206,3.40964,0.572421,0.0995515,0,0.0248879,0,0,0,0
59824,59842,59833,4,-105.192,39.9474,626.134,2.69211,315.323,107.648,15.729,753.016,0.143623,0.00383694,50.6418,23.4547,13.4953,8.01468,6.95391,2.53405,2.16082,0.275014,0.0785753,0,0.0196438,0,0.0196438,0,0
59843,59861,59852,4.1,-105.191,39.9476,618.223,2.27158,315.985,97.1781,13.9343,659.206,0.141924,0.0033442,46.2912,21.4664,12.0785,6.81504,6.36332,2.19967,1.55155,0.274958,0.0392798,0.0785595,0,0.0196399,0,0,0
59862,59878,59870,4.2,-105.19,39.948,610.475,1.48647,316.229,89.7398,12.1344,558.144,0.13799,0.00262505,44.2769,21.4796,9.94912,5.97387,4.63414,1.95468,1.22991,0.153739,0.0219627,0.0219627,0.0439255,0,0,0,0
59879,59898,59888,4.3,-105.189,39.9487,602.716,0.787,316.575,83.6963,11.3843,569.688,0.150125,0.002623,43.2029,18.8731,8.80617,5.438,4.17729,1.71231,1.11018,0.263433,0.0564498,0.0188166,0.0188166,0,0,0.0188166,0
59899,59916,59908,4.4,-105.188,39.9495,595.343,0.0305556,316.81,97.4541,14.4028,694.753,0.144712,0.00357132,45.3677,21.883,11.6487,7.23886,6.386,2.45455,2.16334,0.228814,0.0416026,0,0,0.0416026,0,0,0
59917,59933,59925,4.5,-105.187,39.9502,588.192,-0.815882,316.925,98.6609,15.303,834.854,0.163665,0.00407842,45.3271,21.1747,12.1534,7.78612,7.14646,2.47038,2.18364,0.242627,0.022057,0.066171,0.044114,0.022057,0,0.022057,0
59934,59950,59942,4.6,-105.186,39.9511,580.556,-1.57647,317.222,86.0842,11.7454,533.233,0.136198,0.00252458,41.6594,20.3761,9.57966,6.61506,4.6239,1.72567,1.30531,0.154868,0,0.0221239,0,0,0.0221239,0,0
59951,59968,59960,4.7,-105.186,39.952,573.139,-2.43667,317.377,90.0456,13.074,769.024,0.176462,0.00326964,43.3734,21.857,10.6837,5.32058,5.19289,1.66002,1.59618,0.148976,0.0425647,0.063847,0.0425647,0.0212823,0.0212823,0,0.0212823
59969,59984,59976,4.8,-105.185,39.953,565.48,-3.28437,317.605,90.6139,12.6337,569.307,0.135188,0.00293529,43.3536,21.0257,11.0811,6.27455,4.92493,1.84685,1.8942,0.118388,0.0947101,0,0,0,0,0,0
59985,60001,59993,4.9,-105.184,39.9541,558.247,-4.00133,317.929,92.1853,12.9898,596.853,0.137844,0.00308641,44.591,20.7175,10.9696,6.31197,5.59933,1.98522,1.7307,0.152709,0.0763545,0.050903,0,0,0,0,0
60002,60016,60009,5,-105.184,39.9553,551.108,-4.85154,318.089,92.7336,12.9032,601.651,0.139885,0.00296653,45.6965,20.6042,11.191,5.62463,6.00349,1.86516,1.42802,0.174859,0.0874295,0.0291432,0,0.0291432,0,0,0
60017,60033,60025,5.1,-105.183,39.9564,544.235,-5.56059,318.386,95.7217,13.5585,678.992,0.150236,0.00323439,45.7662,21.9372,12.1848,6.21628,5.7433,1.982,1.50902,0.24775,0.0675683,0.0450455,0,0,0,0.0225228,0
60034,60049,60042,5.2,-105.182,39.9573,537.436,-6.12437,318.863,74.0559,9.82347,723.62,0.220987,0.00230544,41.5715,17.0293,7.20286,3.36293,3.05287,0.810918,0.787068,0.0954021,0.0477011,0.0238505,0,0,0,0.0238505,0.0477011
60050,60065,60058,5.3,-105.182,39.9583,530.957,-6.57625,319.431,51.3873,6.10772,378.214,0.185772,0.00117631,31.2275,11.0677,4.71268,1.92791,1.47569,0.49983,0.357021,0.0476028,0,0.0238014,0.0238014,0,0,0,0.0238014
60066,60082,60074,5.4,-105.181,39.9593,523.863,-6.73882,320.464,59.4025,6.61185,275.743,0.125113,0.00110653,36.3377,13.228,4.78364,2.24584,1.79667,0.42671,0.42671,0.0898337,0,0.0449168,0.0224584,0,0,0,0
60083,60100,60092,5.5,-105.18,39.9602,517.304,-7.36889,320.856,52.8822,5.78408,224.253,0.116312,0.000939305,32.2956,11.9219,4.38556,1.89473,1.40508,0.46836,0.340626,0.106446,0.0638673,0,0,0,0,0,0
60101,60118,60110,5.6,-105.179,39.9611,510.7,-8.02176,321.243,48.9027,5.50515,241.614,0.131666,0.000908116,30.0818,10.4937,3.92666,2.189,1.44429,0.203103,0.473907,0.022567,0.022567,0,0.022567,0.022567,0,0,0
60119,60138,60128,5.7,-105.179,39.9621,503.79,-8.52429,321.887,38.5156,4.43343,188.011,0.127223,0.000865613,23.9903,7.69948,3.33098,1.41976,1.01932,0.582467,0.34584,0.0364042,0.0546062,0.0364042,0,0,0,0,0
60140,60161,60150,5.8,-105.178,39.9635,497.402,-8.41591,323.2,19.3972,2.29284,107.989,0.141296,0.000418885,11.4274,4.2183,1.95355,0.743388,0.656948,0.224745,0.0864405,0.0345762,0.0345762,0,0,0,0.0172881,0,0
60162,60181,60172,5.9,-105.177,39.965,491.192,-9.171,323.435,18.586,2.27596,112.225,0.147926,0.00049192,11.0061,3.88564,1.76098,0.995335,0.53595,0.114846,0.17227,0.0382821,0.0382821,0.0191411,0.0191411,0,0,0,0
60182,60201,60192,6,-105.176,39.9666,484.569,-9.919,323.769,16.1008,1.94023,90.6379,0.140145,0.000348728,9.20589,3.64798,1.43245,0.89767,0.61118,0.114596,0.133696,0.0381987,0,0,0,0.0190994,0,0,0
60202,60219,60210,6.1,-105.176,39.968,478.016,-10.4556,324.366,13.8253,1.92238,120.873,0.188631,0.000494428,8.05047,2.79083,1.30954,0.729909,0.493762,0.150275,0.171743,0.0429358,0.0429358,0,0.0214679,0,0.0214679,0,0
60220,60240,60230,6.2,-105.175,39.9695,472.177,-10.9267,324.923,12.4147,1.53809,69.5314,0.135619,0.000356165,7.28766,2.60012,1.13526,0.659186,0.311282,0.219729,0.0915536,0.0549321,0.0549321,0,0,0,0,0,0
60241,60261,60251,6.3,-105.175,39.9712,466.118,-11.5648,325.339,13.3408,1.63251,75.2651,0.138312,0.000356981,7.32003,3.34891,1.31761,0.658803,0.366001,0.128101,0.146401,0,0.0183001,0.0366001,0,0,0,0,0
60262,60278,60270,6.4,-105.174,39.9727,459.904,-12.4529,325.477,14.9778,2.03556,97.0954,0.143099,0.000478528,7.85313,3.16401,1.66168,0.93327,0.751169,0.432491,0.136576,0,0,0.0455254,0,0,0,0,0
60279,60296,60288,6.5,-105.173,39.9742,454.031,-13.1528,325.795,14.5914,1.9617,94.7107,0.14484,0.000500072,8.0467,2.87535,1.69517,0.815399,0.579362,0.30041,0.150205,0.0643736,0.0429157,0.0214579,0,0,0,0,0
60297,60315,60306,6.6,-105.172,39.9759,448.086,-13.9347,326.038,14.1364,1.66456,71.4633,0.128797,0.000330818,8.63323,2.74136,1.32976,0.695568,0.306868,0.204579,0.204579,0,0,0.0204579,0,0,0,0,0
60316,60332,60324,6.7,-105.171,39.9776,442.195,-14.9271,326.021,13.6071,1.84283,109.693,0.178573,0.000465434,7.93362,2.58304,1.49909,0.553509,0.761074,0.0230629,0.138377,0.0461257,0,0.0461257,0,0,0.0230629,0,0
60333,60348,60340,6.8,-105.17,39.9791,436.151,-15.9012,326.077,18.003,3.41563,404.841,0.355579,0.00128945,10.7871,3.42448,1.4921,0.83166,0.587054,0.269066,0.244606,0.0978423,0.0733818,0.0489212,0.0244606,0.0244606,0.0733818,0,0.0244606
60349,60365,60357,6.9,-105.17,39.9805,430.481,-16.7124,326.264,9.48525,1.00718,39.0889,0.116431,0.000163185,6.53838,1.42739,0.782763,0.322314,0.230224,0.115112,0.0460449,0,0.0230224,0,0,0,0,0,0
60365,60385,60375,7,-105.169,39.982,424.52,-17.3765,326.715,7.87643,0.914908,51.004,0.167243,0.000179624,5.12562,1.70194,0.455171,0.29685,0.17811,0.0395801,0.01979,0.01979,0.01979,0,0,0.01979,0,0,0
60386,60406,60396,7.1,-105.168,39.9836,419.208,-17.8219,327.32,12.0733,1.61252,93.5843,0.174108,0.000423309,7.45702,2.28009,1.06529,0.429853,0.299028,0.280339,0.168204,0.0373786,0.0186893,0.0186893,0,0,0.0186893,0,0
60407,60429,60418,7.2,-105.167,39.9854,413.434,-18.3167,327.988,12.0028,1.55493,82.3182,0.15882,0.000363469,6.82107,2.52493,1.46973,0.452226,0.339169,0.150742,0.188427,0.0188427,0,0.0188427,0.0188427,0,0,0,0
60430,60450,60440,7.3,-105.167,39.9872,407.785,-18.9371,328.48,11.0717,1.44198,82.3787,0.171387,0.00037865,6.31862,2.73492,0.829908,0.622431,0.339508,0.0565847,0.0377231,0.0188616,0.0754462,0.0188616,0.0188616,0,0,0,0
60451,60472,60462,7.4,-105.166,39.9891,402.261,-19.4614,329.079,10.7904,1.26765,50.4589,0.119415,0.000214113,5.95268,2.39186,1.25887,0.611453,0.359678,0.107904,0.0899196,0,0.0179839,0,0,0,0,0,0
60473,60496,60484,7.5,-105.165,39.9912,396.905,-20.0867,329.525,10.4929,1.37392,60.531,0.132171,0.000309028,5.47891,2.50701,1.09578,0.547891,0.431671,0.199233,0.18263,0.0498082,0,0,0,0,0,0,0
60497,60526,60512,7.6,-105.165,39.9934,391.788,-20.58,330.101,9.67013,1.22658,60.806,0.148721,0.000261984,5.38556,2.20198,0.968339,0.517332,0.331623,0.106119,0.106119,0.0265298,0.0132649,0,0.0132649,0,0,0,0
60527,60545,60536,7.7,-105.164,39.9955,386.695,-21.2726,330.438,10.2724,1.28246,54.839,0.128282,0.00026775,5.89673,2.00031,1.00015,0.666768,0.395894,0.125019,0.125019,0.0625095,0,0,0,0,0,0,0
60546,60563,60554,7.8,-105.163,39.9973,381.128,-21.8956,330.988,9.40086,1.05619,40.0363,0.113719,0.000161593,5.2769,2.41673,0.776015,0.443437,0.332578,0.0443437,0.110859,0,0,0,0,0,0,0,0
60564,60586,60575,7.9,-105.163,39.9991,375.816,-22.5,331.515,9.07753,1.20176,58.9923,0.147265,0.000318005,5.24441,1.89914,0.818894,0.400735,0.313619,0.209079,0.10454,0.0522698,0.0174233,0.0174233,0,0,0,0,0
60587,60610,60598,8,-105.162,40.0012,370.667,-23.2929,331.768,8.84825,1.33767,97.0596,0.217676,0.000357564,5.02016,1.76293,0.923441,0.369377,0.486905,0.117529,0.100739,0,0,0.0167898,0.0167898,0.0335797,0,0,0
60611,60630,60620,8.1,-105.161,40.0032,365.587,-24.131,331.966,9.83992,1.23169,51.4877,0.125407,0.000244832,5.33247,2.07262,1.2476,0.503063,0.342083,0.140858,0.201225,0,0,0,0,0,0,0,0
60631,60646,60638,8.2,-105.161,40.0052,360.656,-24.9537,332.159,9.55261,1.28119,57.2387,0.134029,0.000299673,5.04095,2.01638,1.10901,0.5293,0.478891,0.100819,0.252048,0.0252048,0,0,0,0,0,0,0
60647,60665,60656,8.3,-105.161,40.007,355.788,-25.7453,332.384,10.4272,1.29847,52.2619,0.120747,0.000227628,5.38455,2.5427,0.961527,0.683752,0.598283,0.149571,0.106836,0,0,0,0,0,0,0,0
60666,60684,60675,8.4,-105.161,40.009,350.817,-26.5368,332.652,11.4927,1.49684,63.5659,0.1274,0.000302922,6.09818,2.34546,1.27934,0.746281,0.618347,0.234546,0.149256,0.0213223,0,0,0,0,0,0,0
60685,60716,60700,8.5,-105.16,40.012,345.863,-27.1659,333.155,11.035,1.35853,55.2867,0.122088,0.000249393,6.03419,2.34734,1.21194,0.637863,0.497534,0.14033,0.165845,0,0,0,0,0,0,0,0
60717,60742,60730,8.6,-105.159,40.0155,341.335,-27.9204,333.393,10.638,1.45085,74.0117,0.153038,0.000331851,5.57677,2.42129,1.09348,0.593606,0.562364,0.218697,0.12497,0.0156212,0.0156212,0,0.0156212,0,0,0,0
60743,60763,60753,8.7,-105.158,40.0182,336.292,-28.8857,333.492,9.69466,1.35387,81.4604,0.180506,0.000346409,5.35348,2.12192,1.05123,0.369877,0.48668,0.097336,0.13627,0.0389344,0,0.0194672,0,0,0.0194672,0,0
60764,60789,60776,8.8,-105.158,40.0209,331.569,-29.6823,333.748,9.24043,1.19681,55.8664,0.140038,0.000279121,4.93559,2.06569,1.0565,0.520366,0.441522,0.0788433,0.047306,0.0630746,0.0157687,0.0157687,0,0,0,0,0
60790,60812,60801,8.9,-105.157,40.0237,326.781,-30.5665,333.919,8.86963,1.23834,69.067,0.167322,0.000319171,4.30964,2.50352,0.965645,0.447058,0.339764,0.107294,0.107294,0.0357646,0.0357646,0,0.0178823,0,0,0,0
60813,60829,60821,9,-105.156,40.0262,322.472,-31.3341,334.136,9.73327,1.38135,73.1358,0.158835,0.00043145,5.4263,2.11699,0.973327,0.437997,0.267665,0.145999,0.194665,0.145999,0,0.0243332,0,0,0,0,0
60830,60851,60840,9.1,-105.156,40.0281,317.691,-32.1982,334.362,9.61052,1.66786,168.483,0.303053,0.000549968,5.46223,1.83951,0.957298,0.638198,0.319099,0.150164,0.112623,0.0375411,0.0187705,0,0.0375411,0.0187705,0,0.0187705,0
