data/B2SAP/Locations/Boulder/NOAA-POPS-B2SAP_GMLBalloon_20230912_R0.ict
82,1001
Thornberry, T. D.
NOAA Chemical Sciences Laboratory
Portable Optical Particle Spectrometer (POPS)
Balloon Baseline Stratospheric Aerosol Profiles (B2SAP)
1,1
2023,09,12,2024,05,30
0
TIME_START,s,Seconds since midnight UTC on flight start day,Start time of 100 m altitude bin in UTC_seconds_since_midnight
49
1.0,1.0,1.0,1.0,1.0,1.0,1.0,1.0,1.0,1.0,1.0,1.0,1.0,1.0,1.0,1.0,1.0,1.0,1.0,1.0,1.0,1.0,1.0,1.0,1.0,1.0,1.0,1.0,1.0,1.0,1.0,1.0,1.0,1.0,1.0,1.0,1.0,1.0,1.0,1.0,1.0,1.0,1.0,1.0,1.0,1.0,1.0,1.0,1.0
99999,99999,99999,99999,99999,99999,99999,99999,99999,99999,99999,99999,99999,99999,99999,99999,99999,99999,99999,99999,99999,99999,99999,99999,99999,99999,99999,99999,99999,99999,99999,99999,99999,99999,99999,99999,99999,99999,99999,99999,99999,99999,99999,99999,99999,99999,99999,99999,99999
TIME_STOP,s,End time of 100 m altitude bin in UTC seconds since midnight,
TIME_MID,s,Mid time of 100 m altitude in UTC seconds since midnight,
GPSAlt,km,GPS reported altitude above sea level (km),
GPS_Lon,deg,GPS reported longitude,
GPS_Lat,deg,GPS reported latitude,
iMet_Pressure,hPa,Pressure reported (hPa),
iMet_Temperature,degrees C,Ambient temperature (oC),
THETA,K,Potential temperature from iMet,
Aerosol_concentration,cm^-3,Aerosol concentration,
Surface_Area_Conc,um^2 cm^-3,Surface area concentration,
Volume_density,um^3 cm^-3,Volume density,
Effective_radius,um,Effective radius,
Extinction,km^-1,Extinction,
Bin01,cm^-3,particle concentration in size range [140 - 146.14 nm],
Bin02,cm^-3,particle concentration in size range [146.14 - 152.56 nm],
Bin03,cm^-3,particle concentration in size range [152.56 - 159.25 nm],
Bin04,cm^-3,particle concentration in size range [159.25 - 166.24 nm],
Bin05,cm^-3,particle concentration in size range [166.24 - 173.54 nm],
Bin06,cm^-3,particle concentration in size range [173.54 - 181.16 nm],
Bin07,cm^-3,particle concentration in size range [181.16 - 189.11 nm],
Bin08,cm^-3,particle concentration in size range [189.11 - 197.41 nm],
Bin09,cm^-3,particle concentration in size range [197.41 - 206.07 nm],
Bin10,cm^-3,particle concentration in size range [206.07 - 215.12 nm],
Bin11,cm^-3,particle concentration in size range [215.12 - 224.56 nm],
Bin12,cm^-3,particle concentration in size range [224.56 - 234.41 nm],
Bin13,cm^-3,particle concentration in size range [234.41 - 244.70 nm],
Bin14,cm^-3,particle concentration in size range [244.70 - 361.30 nm],
Bin15,cm^-3,particle concentration in size range [361.30 - 472.80 nm],
Bin16,cm^-3,particle concentration in size range [472.80 - 567.00 nm],
Bin17,cm^-3,particle concentration in size range [567.00 - 610.66 nm],
Bin18,cm^-3,particle concentration in size range [610.66 - 657.69 nm],
Bin19,cm^-3,particle concentration in size range [657.69 - 708.33 nm],
Bin20,cm^-3,particle concentration in size range [708.33 - 762.88 nm],
Bin21,cm^-3,particle concentration in size range [762.88 - 821.62 nm],
Bin22,cm^-3,particle concentration in size range [821.62 - 884.89 nm],
Bin23,cm^-3,particle concentration in size range [884.89 - 953.03 nm],
Bin24,cm^-3,particle concentration in size range [953.03 - 1026.42 nm],
Bin25,cm^-3,particle concentration in size range [1026.42 - 1105.46 nm],
Bin26,cm^-3,particle concentration in size range [1105.46 - 1190.59 nm]],
[...]
LOCATION: Boulder, CO, USA
ASSOCIATED_DATA: N/A
INSTRUMENT_INFO: Printed Optical Particle Spectrometer counts particles from 140 - 2500 nm in diameter 
DATA_INFO: Particle concentrations reported in number per cubic centimeter, binned to 100 m altitude
UNCERTAINTY: Counting uncertainty dominated by air flow, less than 5 percent
ULOD_FLAG: -77777
ULOD_VALUE: 3000 ~3000 per cm3 (varies depending on flow rate- manufacturer quotes 1250  per cm3 at 1.667 cc/s)
LLOD_FLAG: -88888
LLOD_VALUE: 0 0 (varies depending on data field and measurement precision)
DM_CONTACT_INFO: Troy Thornberry, 325 Broadway R/CSL6, Boulder, CO 80305; troy.thornberry@noaa.gov; 303-497-3373
PROJECT_INFO: B2SAP Boulder, CO, USA
STIPULATIONS_ON_USE: Please contact the PIs for questions regarding applications and uncertainties
OTHER_COMMENTS: POPS bin Edges (nm):  140, 146.14, 152.56, 159.25, 166.24, 173.54, 181.16, 189.11, 197.41, 206.07, 215.12, 224.56, 234.41, 244.70, 361.30, 472.80, 567.00, 610.66, 657.69, 708.33, 762.88, 821.62, 884.89, 953.03, 1026.42, 1105.46, 1190.59, 1282.27, 1381.01, 1487.36, 1601.89, 1725.25, 1858.10, 2001.18, 2155.28, 2321.25, 2500
Calculations assume sulfate refractive index of 1.45+0.00j and extinction wavelength = 532 nm
REVISION: R0
R0: QA/QC data
TIME_START,TIME_STOP,TIME_MID,GPSAlt,GPS_Lon,GPS_Lat,iMet_Pressure,iMet_Temperature,THETA,Aerosol_concentration,Surface_Area_Conc,Volume_density,Effective_radius,Extinction,Bin01,Bin02,Bin03,Bin04,Bin05,Bin06,Bin07,Bin08,Bin09,Bin10,Bin11,Bin12,Bin13,Bin14,Bin15,Bin16,Bin17,Bin18,Bin19,Bin20,Bin21,Bin22,Bin23,Bin24,Bin25,Bin26,Bin27,Bin28,Bin29,Bin30,Bin31,Bin32,Bin33,Bin34,Bin35,Bin36
[from data line 250]
64585,64607,64596,26.7,-104.612,39.7854,20.5922,-51.3278,672.678,1.24318,0.185888,8.26093,0.133321,3.97926e-05,0.209248,0.18463,0.0615435,0.0984696,0.0369261,0.0984696,0.0615435,0.0615435,0.0492348,0.0246174,0.0492348,0,0.0492348,0.18463,0.0738522,0,0,0,0,0,0,0,0,0,0,0,0,0,0,0,0,0,0,0,0,0
64608,64629,64618,26.8,-104.611,39.7857,20.2668,-51.6291,674.827,1.12448,0.175891,8.36275,0.142635,4.52939e-05,0.130753,0.143829,0.0523013,0.117678,0.0784519,0.104603,0.130753,0.0130753,0.039226,0.0261506,0,0.0130753,0.039226,0.169979,0.039226,0.0261506,0,0,0,0,0,0,0,0,0,0,0,0,0,0,0,0,0,0,0,0
64630,64650,64640,26.9,-104.609,39.786,19.9538,-52.0276,676.612,1.14012,0.163975,7.11021,0.130084,3.3268e-05,0.152943,0.180751,0.0417118,0.125135,0.0973274,0.0973274,0.0139039,0.0139039,0.0556157,0.0417118,0.0278078,0.0278078,0.0278078,0.208559,0.0139039,0.0139039,0,0,0,0,0,0,0,0,0,0,0,0,0,0,0,0,0,0,0,0
64651,64672,64662,27,-104.608,39.7862,19.6573,-52.5159,678.015,1.36752,0.224093,10.7063,0.143328,5.74698e-05,0.162478,0.108319,0.135398,0.0947787,0.0270796,0.135398,0.0541593,0.0947787,0.0541593,0.0676991,0.0406194,0.0135398,0.108319,0.176018,0.0676991,0.0270796,0,0,0,0,0,0,0,0,0,0,0,0,0,0,0,0,0,0,0,0
64673,64693,64683,27.1,-104.607,39.7861,19.3638,-52.8624,679.861,1.35716,0.196103,8.85983,0.135539,4.49607e-05,0.187693,0.187693,0.0866275,0.144379,0.129941,0.0866275,0.0433137,0.0433137,0.0721895,0.0144379,0.0577516,0.0721895,0.0288758,0.115503,0.0721895,0.0144379,0,0,0,0,0,0,0,0,0,0,0,0,0,0,0,0,0,0,0,0
64694,64714,64704,27.2,-104.606,39.7859,19.0548,-52.9205,682.816,1.07331,0.15517,6.77866,0.131056,3.23156e-05,0.116034,0.10153,0.116034,0.0725212,0.0435127,0.058017,0.10153,0.0290085,0.0725212,0.10153,0.0435127,0.0290085,0.0290085,0.116034,0.0290085,0.0145042,0,0,0,0,0,0,0,0,0,0,0,0,0,0,0,0,0,0,0,0
64715,64737,64726,27.3,-104.605,39.7854,18.7743,-53.4413,684.094,1.00211,0.127577,5.44162,0.127961,2.62604e-05,0.148962,0.176046,0.108336,0.0541679,0.0947939,0.0947939,0.0812519,0.040626,0,0.0677099,0,0.013542,0,0.0812519,0.027084,0.013542,0,0,0,0,0,0,0,0,0,0,0,0,0,0,0,0,0,0,0,0
64738,64759,64748,27.4,-104.604,39.7849,18.4759,-53.7855,686.158,1.24151,0.185509,8.36815,0.135328,4.17749e-05,0.199783,0.0856214,0.114162,0.0998917,0.0428107,0.0856214,0.0856214,0.0998917,0.0285405,0.0285405,0.0428107,0.0856214,0.0428107,0.128432,0.057081,0.0142702,0,0,0,0,0,0,0,0,0,0,0,0,0,0,0,0,0,0,0,0
64760,64783,64772,27.5,-104.604,39.7845,18.2039,-53.8652,688.822,1.17247,0.164602,7.71816,0.140669,4.11963e-05,0.181454,0.223328,0.083748,0.041874,0.041874,0.06979,0.06979,0.083748,0.083748,0.055832,0.041874,0.013958,0.041874,0.083748,0.041874,0,0,0.013958,0,0,0,0,0,0,0,0,0,0,0,0,0,0,0,0,0,0
64784,64807,64796,27.6,-104.603,39.7839,17.9046,-53.4842,693.297,0.991975,0.143759,6.36177,0.132759,3.10779e-05,0.0951209,0.135887,0.0543548,0.122298,0.0407661,0.0815322,0.10871,0.0543548,0.0407661,0.0135887,0.0271774,0.0135887,0.0271774,0.135887,0.0271774,0.0135887,0,0,0,0,0,0,0,0,0,0,0,0,0,0,0,0,0,0,0,0
64808,64831,64820,27.7,-104.602,39.7831,17.6146,-53.0783,697.822,1.07914,0.186694,9.28312,0.149171,5.24443e-05,0.10928,0.0956197,0.0956197,0.0956197,0.0956197,0.0956197,0.01366,0.0409799,0.0409799,0.0682998,0.0273199,0.01366,0,0.204899,0.0546398,0.0273199,0,0,0,0,0,0,0,0,0,0,0,0,0,0,0,0,0,0,0,0
64832,64854,64843,27.8,-104.601,39.7824,17.3609,-52.2648,703.314,1.22938,0.228128,13.1121,0.172431,8.77615e-05,0.21695,0.159097,0.13017,0.0723166,0.101243,0.0289266,0.0723166,0.0144633,0.0723166,0.0144633,0.0289266,0.0144633,0.0144633,0.159097,0.0578533,0.0578533,0,0.0144633,0,0,0,0,0,0,0,0,0,0,0,0,0,0,0,0,0,0
64855,64875,64865,27.9,-104.601,39.7817,17.0967,-52.2776,706.363,0.877918,0.149948,7.66802,0.153414,4.55183e-05,0.127697,0.0638485,0.0319243,0.0798107,0.0638485,0.0957728,0.0478864,0.0319243,0.0638485,0,0.0638485,0.0319243,0,0.0957728,0.0478864,0.0319243,0,0,0,0,0,0,0,0,0,0,0,0,0,0,0,0,0,0,0,0
64876,64899,64888,28,-104.601,39.7813,16.8279,-52.0325,710.354,0.725123,0.120905,6.02524,0.149504,3.44907e-05,0.0853085,0.0710904,0.0710904,0.0710904,0.0426543,0.0853085,0.0284362,0.0142181,0.0426543,0.0142181,0.0284362,0,0.0142181,0.0853085,0.0568724,0.0142181,0,0,0,0,0,0,0,0,0,0,0,0,0,0,0,0,0,0,0,0
64900,64922,64911,28.1,-104.601,39.7808,16.5648,-50.9943,716.908,0.759632,0.106163,4.97578,0.140608,2.75503e-05,0.0744737,0.163842,0.0446842,0.119158,0.0148947,0.0446842,0.0297895,0.0446842,0.0297895,0.0297895,0.0297895,0.0446842,0,0.059579,0,0.0297895,0,0,0,0,0,0,0,0,0,0,0,0,0,0,0,0,0,0,0,0
64923,64943,64933,28.2,-104.601,39.7801,16.3252,-50.389,721.857,0.931781,0.123093,5.46124,0.1331,2.79913e-05,0.14975,0.0998336,0.0998336,0.0831947,0.0831947,0.116473,0.0665558,0.0499168,0,0.0332779,0,0.0332779,0.0166389,0.0499168,0.0332779,0.0166389,0,0,0,0,0,0,0,0,0,0,0,0,0,0,0,0,0,0,0,0
64944,64966,64955,28.3,-104.6,39.7794,16.0813,-49.9809,726.297,0.91625,0.164769,8.59295,0.156455,5.16432e-05,0.122167,0.122167,0.0610833,0.0763542,0.0610833,0.0152708,0.0305417,0.106896,0.0305417,0.0152708,0.0152708,0,0.0152708,0.152708,0.0610833,0.0305417,0,0,0,0,0,0,0,0,0,0,0,0,0,0,0,0,0,0,0,0
64967,64988,64978,28.4,-104.599,39.7786,15.8423,-48.8709,733.042,0.938558,0.162224,8.16953,0.151079,4.71249e-05,0.145638,0.0809102,0.0809102,0.0809102,0.016182,0.016182,0.113274,0.0323641,0.0323641,0.0485461,0.016182,0.0323641,0,0.178002,0.0323641,0.0323641,0,0,0,0,0,0,0,0,0,0,0,0,0,0,0,0,0,0,0,0
64989,65011,65000,28.5,-104.599,39.7776,15.6043,-49.1296,735.37,0.920858,0.13663,6.08975,0.133714,2.97007e-05,0.0936465,0.124862,0.0780388,0.109254,0.0780388,0.0156078,0.062431,0.0780388,0.0156078,0.0312155,0.0156078,0.0312155,0.0156078,0.109254,0.062431,0,0,0,0,0,0,0,0,0,0,0,0,0,0,0,0,0,0,0,0,0
65012,65033,65022,28.6,-104.599,39.7766,15.3595,-49.4282,737.718,1.03575,0.110067,4.07672,0.111115,1.57279e-05,0.233878,0.250584,0.133645,0.0501168,0.0501168,0.0668224,0.0334112,0.0167056,0.0668224,0.0334112,0.0167056,0.0167056,0,0.0334112,0.0334112,0,0,0,0,0,0,0,0,0,0,0,0,0,0,0,0,0,0,0,0,0
65034,65057,65046,28.7,-104.6,39.776,15.1288,-49.1392,741.866,1.07849,0.135662,5.47839,0.121148,2.34765e-05,0.15407,0.138663,0.0616281,0.184884,0.0924422,0.0924422,0.0308141,0.0616281,0.0462211,0.0308141,0.015407,0.0308141,0.015407,0.0770351,0.0462211,0,0,0,0,0,0,0,0,0,0,0,0,0,0,0,0,0,0,0,0,0
65058,65087,65072,28.8,-104.6,39.7752,14.9031,-48.5945,746.875,1.01467,0.16117,7.51235,0.139834,3.8922e-05,0.130086,0.0520344,0.130086,0.0910602,0.104069,0.0520344,0,0.065043,0.0260172,0.0260172,0.0260172,0.065043,0.0390258,0.143095,0.0520344,0.0130086,0,0,0,0,0,0,0,0,0,0,0,0,0,0,0,0,0,0,0,0
65088,65166,65127,28.9,-104.601,39.7739,14.6445,-47.2242,755.203,1.79904,0.225287,8.99642,0.1198,3.76721e-05,0.239034,0.283066,0.144678,0.18242,0.163549,0.125807,0.088065,0.0691939,0.0691939,0.0566132,0.0754843,0.0377421,0.0629036,0.157259,0.0314518,0.0125807,0,0,0,0,0,0,0,0,0,0,0,0,0,0,0,0,0,0,0,0
65126,65193,65160,28.9,-104.603,39.7729,14.6631,-38.9872,782.437,3.49913,0.467464,21.0022,0.134784,0.000104258,0.676881,0.516265,0.344177,0.263869,0.321231,0.195033,0.172088,0.0803079,0.114726,0.0458902,0.0917804,0.0803079,0.0688353,0.424484,0.0573628,0.0344177,0,0,0,0.0114726,0,0,0,0,0,0,0,0,0,0,0,0,0,0,0,0
65142,65154,65148,29,-104.602,39.7734,14.5414,-41.3329,776.453,2.28688,0.261585,9.18612,0.105351,2.79321e-05,0.425466,0.212733,0.212733,0,0.425466,0.15955,0.106367,0.212733,0.0531833,0.0531833,0,0.106367,0.106367,0.212733,0,0,0,0,0,0,0,0,0,0,0,0,0,0,0,0,0,0,0,0,0,0
65143,65153,65148,29,-104.602,39.7734,14.5967,-41.0483,776.57,3.51443,0.417692,15.0252,0.107916,4.77722e-05,0.439304,0.439304,0.439304,0.251031,0.376546,0.313789,0.0627577,0.125515,0.125515,0.0627577,0.188273,0.0627577,0.251031,0.376546,0,0,0,0,0,0,0,0,0,0,0,0,0,0,0,0,0,0,0,0,0,0
65194,65219,65206,28.8,-104.603,39.7721,14.8965,-41.7342,769.784,4.51535,0.609339,27.8782,0.137255,0.00013052,0.804297,0.60675,0.465645,0.366872,0.324541,0.211657,0.183436,0.112884,0.211657,0.0987733,0.268099,0.126994,0.0987733,0.522087,0.0705523,0.0282209,0,0,0,0,0,0.0141105,0,0,0,0,0,0,0,0,0,0,0,0,0,0
65220,65241,65230,28.7,-104.603,39.7712,15.1159,-42.6518,763.536,3.38165,0.407639,16.1372,0.118761,6.76814e-05,0.666336,0.433118,0.399802,0.266534,0.216559,0.299851,0.083292,0.216559,0.116609,0.133267,0.0666336,0.083292,0.0499752,0.249876,0.083292,0.0166584,0,0,0,0,0,0,0,0,0,0,0,0,0,0,0,0,0,0,0,0
65242,65260,65251,28.6,-104.604,39.7705,15.3379,-43.7411,756.778,2.56189,0.332103,13.4212,0.121239,5.66066e-05,0.360562,0.227723,0.208747,0.284654,0.284654,0.18977,0.265677,0.0948848,0.0379539,0.0379539,0.170793,0.018977,0.0379539,0.2467,0.0948848,0,0,0,0,0,0,0,0,0,0,0,0,0,0,0,0,0,0,0,0,0
65261,65279,65270,28.5,-104.604,39.7697,15.5968,-45.5074,747.364,2.1032,0.274589,11.3954,0.1245,5.08925e-05,0.439761,0.21032,0.17208,0.15296,0.15296,0.24856,0.0764802,0.0382401,0.0573601,0.0956002,0.0573601,0.0573601,0.0382401,0.24856,0.0382401,0.01912,0,0,0,0,0,0,0,0,0,0,0,0,0,0,0,0,0,0,0,0
65280,65298,65289,28.4,-104.604,39.7688,15.8247,-45.4358,744.505,2.6674,0.373661,16.2294,0.1303,7.71807e-05,0.450828,0.319337,0.281768,0.169061,0.20663,0.225414,0.112707,0.0187845,0.0751381,0.0751381,0.0939226,0.112707,0.037569,0.413259,0.037569,0.037569,0,0,0,0,0,0,0,0,0,0,0,0,0,0,0,0,0,0,0,0
65299,65318,65308,28.3,-104.604,39.768,16.0645,-45.0485,742.575,1.87232,0.278699,12.6707,0.136392,6.42213e-05,0.247288,0.211961,0.194298,0.194298,0.105981,0.105981,0.0529903,0.0883171,0.0883171,0.0176634,0.123644,0.0706537,0.0706537,0.176634,0.105981,0.0176634,0,0,0,0,0,0,0,0,0,0,0,0,0,0,0,0,0,0,0,0
65319,65336,65328,28.2,-104.603,39.7673,16.3128,-45.4844,737.909,2.44945,0.295722,11.3014,0.114649,4.31806e-05,0.308593,0.347167,0.289306,0.250732,0.19287,0.173583,0.135009,0.0964352,0.154296,0.115722,0.019287,0.0578611,0.0385741,0.212158,0.0578611,0,0,0,0,0,0,0,0,0,0,0,0,0,0,0,0,0,0,0,0,0
65337,65355,65346,28.1,-104.602,39.7666,16.5758,-46.1626,732.36,1.85565,0.298173,15.4374,0.15532,8.9509e-05,0.327468,0.254697,0.181926,0.145541,0.0909632,0.109156,0.0727706,0.109156,0.0363853,0.0181926,0.0545779,0.0181926,0.0545779,0.254697,0.0909632,0.0181926,0,0,0.0181926,0,0,0,0,0,0,0,0,0,0,0,0,0,0,0,0,0
65356,65373,65364,28,-104.602,39.7661,16.8139,-47.0406,726.565,1.92457,0.250992,10.3076,0.123202,4.51601e-05,0.247717,0.209607,0.266772,0.171496,0.114331,0.152441,0.152441,0.133386,0.0571654,0.0381103,0.0381103,0.0381103,0,0.266772,0.0190551,0.0190551,0,0,0,0,0,0,0,0,0,0,0,0,0,0,0,0,0,0,0,0
65374,65391,65382,27.9,-104.602,39.7658,17.0794,-48.1939,719.629,1.8698,0.239478,10.0513,0.125916,4.66573e-05,0.30219,0.207756,0.207756,0.169982,0.207756,0.169982,0.0755476,0.0566607,0.0566607,0.0755476,0.0188869,0.0755476,0.0377738,0.132208,0.0566607,0.0188869,0,0,0,0,0,0,0,0,0,0,0,0,0,0,0,0,0,0,0,0
65392,65407,65400,27.8,-104.602,39.7653,17.3238,-48.4756,715.811,1.5685,0.243997,11.5278,0.141738,6.07763e-05,0.167307,0.146394,0.104567,0.146394,0.0836536,0.0836536,0.0836536,0.167307,0.104567,0.12548,0.0209134,0.0418268,0,0.209134,0.0627402,0,0.0209134,0,0,0,0,0,0,0,0,0,0,0,0,0,0,0,0,0,0,0
65408,65424,65416,27.7,-104.602,39.7648,17.59,-48.9771,711.116,1.53297,0.203766,8.40073,0.123682,3.66626e-05,0.196534,0.157227,0.137574,0.157227,0.0589603,0.117921,0.0786137,0.0982672,0.176881,0.0589603,0.0196534,0.0786137,0.0393069,0.0786137,0.0786137,0,0,0,0,0,0,0,0,0,0,0,0,0,0,0,0,0,0,0,0,0
65425,65439,65432,27.6,-104.601,39.7642,17.8733,-49.728,705.504,1.73046,0.248406,10.8538,0.131082,5.17828e-05,0.197141,0.24095,0.153332,0.109523,0.0876183,0.131427,0.175237,0.0438091,0.0438091,0.0219046,0.131427,0.0657137,0.0438091,0.219046,0.0438091,0.0219046,0,0,0,0,0,0,0,0,0,0,0,0,0,0,0,0,0,0,0,0
65440,65454,65447,27.5,-104.601,39.7637,18.156,-50.71,699.261,1.92435,0.206358,7.20835,0.104794,2.30613e-05,0.371749,0.262411,0.284279,0.131206,0.153073,0.131206,0.153073,0.0656028,0,0.0874704,0.0656028,0.0656028,0.0218676,0.109338,0.0218676,0,0,0,0,0,0,0,0,0,0,0,0,0,0,0,0,0,0,0,0,0
65455,65468,65462,27.4,-104.601,39.7634,18.4271,-51.0279,695.312,1.40194,0.224117,11.0135,0.147426,6.26494e-05,0.137896,0.206843,0.0919304,0.137896,0.114913,0.114913,0.0689478,0.0689478,0.0459652,0.0229826,0.0459652,0.0459652,0.0229826,0.183861,0.0459652,0.0459652,0,0,0,0,0,0,0,0,0,0,0,0,0,0,0,0,0,0,0,0
65469,65483,65476,27.3,-104.6,39.7629,18.7213,-51.064,692.056,1.42124,0.182964,7.6492,0.125421,3.50297e-05,0.190913,0.190913,0.190913,0.148488,0.0848501,0.0848501,0.0848501,0.0636376,0.106063,0.0636376,0.0212125,0.0212125,0.0212125,0.0636376,0.0848501,0,0,0,0,0,0,0,0,0,0,0,0,0,0,0,0,0,0,0,0,0
65484,65496,65490,27.2,-104.6,39.7625,19.0185,-50.3662,691.112,1.75354,0.247495,10.374,0.125748,4.51641e-05,0.336296,0.168148,0.144127,0.144127,0.168148,0.0480423,0.120106,0.0240211,0.0480423,0.0720634,0.0240211,0.0480423,0.0240211,0.336296,0.0480423,0,0,0,0,0,0,0,0,0,0,0,0,0,0,0,0,0,0,0,0,0
65497,65509,65503,27.1,-104.599,39.7622,19.3038,-50.4877,687.804,1.63141,0.279812,14.8712,0.159441,9.18186e-05,0.239913,0.143948,0.119956,0.143948,0.119956,0.167939,0.0959651,0.0479826,0.0719738,0.0239913,0.0719738,0.0239913,0,0.239913,0.0479826,0.0479826,0.0239913,0,0,0,0,0,0,0,0,0,0,0,0,0,0,0,0,0,0,0
65510,65522,65516,27,-104.599,39.7621,19.6115,-50.5854,684.407,1.17492,0.162604,7.21315,0.133081,3.61692e-05,0.258482,0.0939933,0.0469966,0.070495,0.0939933,0.117492,0.0939933,0.0234983,0.0939933,0.0469966,0.0234983,0.0234983,0.0234983,0.117492,0.0234983,0.0234983,0,0,0,0,0,0,0,0,0,0,0,0,0,0,0,0,0,0,0,0
65523,65533,65528,26.9,-104.598,39.7619,19.9136,-50.1136,682.862,1.47812,0.235663,11.4304,0.145509,6.19707e-05,0.136863,0.273726,0.0821177,0.136863,0.0821177,0.136863,0,0.0821177,0.0547451,0.0273726,0.0821177,0.0273726,0,0.301098,0.0273726,0,0.0273726,0,0,0,0,0,0,0,0,0,0,0,0,0,0,0,0,0,0,0
65534,65544,65539,26.8,-104.597,39.7619,20.2109,-49.9045,680.619,1.24526,0.173325,7.09356,0.122779,2.94295e-05,0.162425,0.162425,0.0812124,0.0812124,0.189496,0.0541416,0,0.0541416,0.0541416,0.0541416,0.0270708,0.0541416,0.0270708,0.216566,0.0270708,0,0,0,0,0,0,0,0,0,0,0,0,0,0,0,0,0,0,0,0,0
65545,65553,65549,26.7,-104.597,39.7619,20.5311,-49.7011,678.183,1.49113,0.199966,8.27538,0.124152,3.59977e-05,0.259327,0.226911,0.0324159,0.162079,0.0972476,0.0972476,0.0972476,0.0324159,0.0324159,0.0648318,0.0648318,0.0324159,0.0972476,0.129664,0.0648318,0,0,0,0,0,0,0,0,0,0,0,0,0,0,0,0,0,0,0,0,0
65554,65564,65559,26.6,-104.597,39.7619,20.8645,-49.9682,674.264,1.47805,0.228887,10.6622,0.139749,5.58182e-05,0.105575,0.184756,0.158362,0.263937,0.079181,0.0527874,0.079181,0.0527874,0.0527874,0,0.0263937,0.105575,0,0.237543,0.0527874,0.0263937,0,0,0,0,0,0,0,0,0,0,0,0,0,0,0,0,0,0,0,0
65565,65574,65570,26.5,-104.596,39.7619,21.176,-50.089,671.049,1.40051,0.218488,9.50599,0.130524,4.30227e-05,0.0857458,0.0571638,0.200073,0.200073,0.14291,0.0571638,0.0285819,0,0.0285819,0.0571638,0.0571638,0.0857458,0.0857458,0.257237,0.0571638,0,0,0,0,0,0,0,0,0,0,0,0,0,0,0,0,0,0,0,0,0
65575,65586,65580,26.4,-104.596,39.7619,21.4892,-50.4658,667.115,1.16418,0.188864,9.15412,0.145408,5.05334e-05,0.118794,0.118794,0.142553,0.0950355,0.0475177,0.0237589,0.118794,0.0950355,0.0475177,0.0237589,0.0237589,0,0.0950355,0.118794,0.0712766,0.0237589,0,0,0,0,0,0,0,0,0,0,0,0,0,0,0,0,0,0,0,0
65587,65598,65592,26.3,-104.596,39.7617,21.8408,-50.7142,663.279,1.17068,0.175617,7.98837,0.136463,4.06571e-05,0.117068,0.140482,0.0936546,0.0702409,0.0936546,0.0702409,0.117068,0.140482,0.0234136,0.0234136,0.0234136,0,0.0234136,0.187309,0.0234136,0.0234136,0,0,0,0,0,0,0,0,0,0,0,0,0,0,0,0,0,0,0,0
65599,65611,65605,26.2,-104.596,39.7615,22.1662,-50.8231,660.169,1.31815,0.232458,11.3212,0.146106,6.12327e-05,0.191344,0.106302,0.127563,0.0212605,0.0212605,0.0212605,0.0850419,0.0637814,0.106302,0.0212605,0.0637814,0.148823,0.0212605,0.212605,0.0850419,0.0212605,0,0,0,0,0,0,0,0,0,0,0,0,0,0,0,0,0,0,0,0
