data/B2SAP/Locations/Boulder/NOAA-POPS-B2SAP_GMLBalloon_20200709_R0.ict
61,1001
Thornberry, T. D.
NOAA Chemical Sciences Laboratory
Portable Optical Particle Spectrometer (POPS)
Balloon Baseline Stratospheric Aerosol Profiles (B2SAP)
1,1
2020,07,09,2024,05,28
0
TIME_START,s,Seconds since midnight UTC on flight start day,Start time of 100 m altitude bin in UTC_seconds_since_midnight
28
1.0,1.0,1.0,1.0,1.0,1.0,1.0,1.0,1.0,1.0,1.0,1.0,1.0,1.0,1.0,1.0,1.0,1.0,1.0,1.0,1.0,1.0,1.0,1.0,1.0,1.0,1.0,1.0
99999,99999,99999,99999,99999,99999,99999,99999,99999,99999,99999,99999,99999,99999,99999,99999,99999,99999,99999,99999,99999,99999,99999,99999,99999,99999,99999,99999
TIME_STOP,s,End time of 100 m altitude bin in UTC seconds since midnight,
TIME_MID,s,Mid time of 100 m altitude in UTC seconds since midnight,
GPSAlt,m,GPS reported altitude above sea level (m),
GPS_Lon,deg,GPS reported longitude,
GPS_Lat,deg,GPS reported latitude,
iMet_Pressure,mb,Pressure reported (mB),
iMet_Temperature,degrees C,Ambient temperature (oC),
THETA,K,Potential temperature from iMet,
Aerosol_concentration,cm^-3,Aerosol concentration,
Surface_Area_Conc,um^2 cm^-3,Surface area concentration,
Volume_density,um^3 cm^-3,Volume density,
Effective_radius,um,Effective radius,
Extinction,km^-1,Extinction,
Bin01,cm^-3,particle concentration in size range [140 - 170 nm],
Bin02,cm^-3,particle concentration in size range [170 - 205 nm],
Bin03,cm^-3,particle concentration in size range [205 - 249 nm],
Bin04,cm^-3,particle concentration in size range [249 - 302 nm],
Bin05,cm^-3,particle concentration in size range [302 - 366 nm],
Bin06,cm^-3,particle concentration in size range [366 - 443 nm],
Bin07,cm^-3,particle concentration in size range [443 - 537 nm],
Bin08,cm^-3,particle concentration in size range [537 - 651 nm],
Bin09,cm^-3,particle concentration in size range [651 - 789 nm],
Bin10,cm^-3,particle concentration in size range [789 - 956 nm],
Bin11,cm^-3,particle concentration in size range [956 - 1159 nm],
Bin12,cm^-3,particle concentration in size range [1159 - 1404 nm],
Bin13,cm^-3,particle concentration in size range [1404 - 1702 nm],
Bin14,cm^-3,particle concentration in size range [1702 - 2062 nm],
Bin15,cm^-3,particle concentration in size range [2062 - 2500 nm],
0
19
PI_CONTACT_INFO: 325 Broadway R/CSL6, Boulder, CO 80305; troy.thornberry@noaa.gov; 303-497-3373 
PLATFORM: GML ECC/FPH balloon
LOCATION: Boulder, CO, USA
ASSOCIATED_DATA: N/A
INSTRUMENT_INFO: Printed Optical Particle Spectrometer counts particles from 140 - 2500 nm in diameter 
DATA_INFO: Particle concentrations reported in number per cubic centimeter, binned to 100 m altitude
UNCERTAINTY: Counting uncertainty dominated by air flow, less than 5 percent
ULOD_FLAG: -77777
ULOD_VALUE: 3000 ~3000 per cm3 (varies depending on flow rate- manufacturer quotes 1250  per cm3 at 1.667 cc/s)
LLOD_FLAG: -88888
LLOD_VALUE: 0 0 (varies depending on data field and measurement precision)
DM_CONTACT_INFO: Troy Thornberry, 325 Broadway R/CSL6, Boulder, CO 80305; troy.thornberry@noaa.gov; 303-497-3373
PROJECT_INFO: B2SAP Boulder, CO, USA
STIPULATIONS_ON_USE: Please contact the PIs for questions regarding applications and uncertainties
OTHER_COMMENTS: POPS bin Edges (nm):  140, 170, 205, 249, 302, 366, 443, 537, 651, 789, 956, 1159, 1404, 1702, 2062, 2500
Calculations assume sulfate refractive index of 1.45+0.00j and extinction wavelength = 532 nm
REVISION: R0
R0: QA/QC data
TIME_START,TIME_STOP,TIME_MID,GPSAlt,GPS_Lon,GPS_Lat,iMet_Pressure,iMet_Temperature,THETA,Aerosol_concentration,Surface_Area_Conc,Volume_density,Effective_radius,Extinction,Bin01,Bin02,Bin03,Bin04,Bin05,Bin06,Bin07,Bin08,Bin09,Bin10,Bin11,Bin12,Bin13,Bin14,Bin15
[from data line 148]
61186,61208,61197,16.5,-104.208,39.8996,101.747,-67.3863,395.314,7.60785,2.02455,145.664,0.215846,0.000957866,1.88331,1.51038,1.37985,0.913687,0.596694,0.50346,0.50346,0.205113,0.0745867,0.0186467,0.0186467,0,0,0,0
61211,61233,61222,16.6,-104.205,39.8994,100.037,-66.861,398.241,8.95044,2.61841,213.7,0.244843,0.00132403,2.28808,1.68241,1.48052,1.17769,0.740262,0.521548,0.555197,0.302835,0.100945,0.0504724,0.0504724,0,0,0,0
61235,61255,61245,16.7,-104.203,39.8986,98.3663,-66.0632,401.708,8.19501,2.43138,197.452,0.24363,0.00112342,1.85384,1.4207,1.28209,1.21279,0.918257,0.623722,0.554419,0.190582,0.0693024,0,0.0693024,0,0,0,0
61256,61271,61264,16.8,-104.202,39.8979,96.8207,-65.9553,403.747,8.54798,2.49531,174.694,0.210027,0.00125679,1.72204,1.55606,1.6598,0.746911,1.05812,0.809153,0.518688,0.352708,0.0829901,0.041495,0,0,0,0,0
61272,61286,61279,16.9,-104.202,39.8972,95.41,-65.4479,406.43,8.88354,2.92071,228.654,0.234861,0.00162379,1.79892,1.55462,1.48799,1.17707,0.710683,0.755101,0.732892,0.399759,0.222088,0.0222088,0.0222088,0,0,0,0
61288,61307,61298,17,-104.202,39.897,93.615,-64.1806,411.139,8.42569,2.71446,206.674,0.228414,0.0014307,1.72966,1.25015,1.25015,1.31866,0.839144,0.959022,0.530887,0.359633,0.119878,0.0513762,0.0171254,0,0,0,0
61307,61328,61318,17.1,-104.203,39.8973,92.0059,-64.9735,411.611,8.46706,2.79515,211.359,0.226849,0.00153262,1.86129,1.45984,1.20437,0.948894,0.675175,0.748167,1.02189,0.437951,0.0729919,0.018248,0.018248,0,0,0,0
61329,61350,61340,17.2,-104.205,39.8979,90.45,-65.4495,412.668,8.7534,2.89601,226.358,0.234486,0.00161639,1.58707,1.65251,1.4889,1.07986,0.916244,0.703545,0.572653,0.523568,0.163615,0.0490845,0.0163615,0,0,0,0
61351,61373,61362,17.3,-104.206,39.899,89.009,-65.9681,413.543,8.38211,2.9298,243.678,0.249517,0.00163343,1.66159,1.45389,1.09783,1.30553,0.726944,0.697273,0.845629,0.341219,0.163191,0.0445068,0.0445068,0,0,0,0
61374,61395,61384,17.4,-104.207,39.9001,87.591,-66.409,414.555,9.00868,2.9244,228.172,0.23407,0.00163151,1.79549,1.73304,1.53007,1.03046,0.858713,0.593292,0.796261,0.452776,0.140517,0.0624518,0.015613,0,0,0,0
61396,61418,61407,17.5,-104.208,39.901,86.1291,-67.1113,415.137,8.226,2.83797,235.146,0.248571,0.00155131,1.68878,1.28021,1.19849,1.15763,0.844391,0.735437,0.803533,0.313242,0.0817152,0.0817152,0.0408576,0,0,0,0
61419,61441,61430,17.6,-104.208,39.9018,84.6625,-67.964,415.457,8.70934,2.89532,217.646,0.225515,0.00163628,1.66341,1.64771,1.33386,1.02001,0.75324,0.69047,1.00432,0.423698,0.109848,0.06277,0,0,0,0,0
61443,61463,61453,17.7,-104.209,39.9026,83.1805,-68.1665,417.139,8.418,2.87337,216.015,0.225535,0.00163426,1.64905,1.36635,0.910903,1.33494,0.989429,0.879493,0.518272,0.502567,0.251284,0.0157052,0,0,0,0,0
61464,61486,61475,17.8,-104.209,39.9031,81.7838,-68.1219,419.262,7.96767,3.15101,275.92,0.262697,0.00184616,1.56962,0.956718,1.15105,1.1361,0.717539,0.732487,0.956718,0.508257,0.134538,0.0448462,0.0448462,0.0149487,0,0,0
61487,61510,61498,17.9,-104.209,39.9033,80.3652,-67.36,422.924,8.80345,3.11704,252.994,0.243494,0.00176945,1.48959,1.56406,1.4449,1.16188,0.849064,0.700105,0.804376,0.595834,0.104271,0.0595834,0.0148959,0.0148959,0,0,0
61511,61532,61522,18,-104.209,39.9036,79.117,-67.0825,425.392,8.49721,3.21385,264.903,0.247277,0.00188576,1.39017,1.39017,1.23397,1.15587,0.859093,0.718514,0.905952,0.624795,0.140579,0.0468596,0.0156199,0.0156199,0,0,0
61533,61555,61544,18.1,-104.209,39.9043,77.748,-66.68,428.359,7.9492,3.12694,268.551,0.257649,0.00188061,1.29369,1.24693,1.13783,1.09107,0.779333,0.857267,0.763747,0.483187,0.155867,0.109107,0.0311733,0,0,0,0
61556,61576,61566,18.2,-104.21,39.9055,76.3744,-66.9006,430.077,8.3046,3.25953,262.226,0.241346,0.00198579,1.26563,1.35232,1.05758,0.970893,0.918881,1.07492,0.832194,0.554796,0.173374,0.104024,0,0,0,0,0
61577,61599,61588,18.3,-104.21,39.907,75.0483,-66.757,432.547,7.44241,3.06121,279.733,0.274139,0.00187608,1.19295,1.35563,1.07095,0.84049,0.704927,0.772709,0.691371,0.488027,0.162676,0.10845,0.0542252,0,0,0,0
61600,61620,61610,18.4,-104.211,39.9079,73.7952,-65.6848,436.884,7.46264,3.19653,257.454,0.241625,0.00202512,0.754975,1.21958,1.08891,0.856606,0.711419,0.81305,1.13246,0.667863,0.159706,0.058075,0,0,0,0,0
61621,61640,61630,18.5,-104.211,39.9085,72.6948,-64.6024,441.053,7.54731,3.3736,301.198,0.267843,0.00208632,0.936816,1.05557,1.10835,0.80487,0.884038,0.870843,1.04237,0.554173,0.158335,0.0791676,0.0395838,0.0131946,0,0,0
61641,61663,61652,18.6,-104.212,39.909,71.5014,-64.6314,443.085,7.21784,3.06769,249.048,0.243553,0.00190642,0.843971,0.818778,1.04552,1.03292,0.869165,0.919551,0.932148,0.47867,0.188949,0.0881761,0,0,0,0,0
61664,61688,61676,18.7,-104.211,39.9099,70.1782,-64.7718,445.151,7.77733,3.57856,301.183,0.25249,0.00228414,0.781515,0.831935,1.00841,1.21009,0.81933,0.970591,1.22269,0.642859,0.176471,0.100841,0.0126051,0,0,0,0
61690,61712,61701,18.8,-104.21,39.9109,69.0591,-64.8664,447.008,8.004,3.43218,282.884,0.247263,0.0021121,1.0588,1.04619,1.0588,0.869726,1.02098,0.920144,1.0588,0.781493,0.126047,0.0378142,0.0252094,0,0,0,0
61713,61734,61724,18.9,-104.21,39.912,67.7867,-63.17,453.038,7.30866,3.23088,263.731,0.244885,0.00205355,0.877563,0.916856,0.877563,0.95615,0.746583,0.995444,1.13952,0.523918,0.196469,0.0785877,0,0,0,0,0
61736,61762,61749,19,-104.209,39.9132,66.5992,-62.3504,457.117,6.71411,3.26292,286.134,0.263078,0.00215405,0.696532,0.799299,0.936322,0.719369,0.742206,0.833555,0.959159,0.742206,0.182697,0.0799299,0.0228371,0,0,0,0
61762,61785,61774,19.1,-104.208,39.9141,65.5161,-62.4372,459.07,6.28979,2.9554,258.377,0.262275,0.00187995,0.578721,0.776705,0.776705,0.913771,0.791935,0.761476,0.868082,0.548262,0.182754,0.060918,0.030459,0,0,0,0
61786,61809,61798,19.2,-104.207,39.9152,64.4286,-61.9829,462.265,6.82705,3.47523,299.569,0.258603,0.00230196,0.651436,0.599321,0.690522,0.781723,0.925039,1.05533,1.14653,0.664464,0.208459,0.091201,0.0130287,0,0,0,0
61810,61830,61820,19.3,-104.206,39.9168,63.3968,-61.77,464.873,6.51416,3.13819,269.974,0.258086,0.00205487,0.647102,0.819662,0.661482,0.905942,0.719002,0.819662,1.03536,0.647102,0.15818,0.0862802,0.01438,0,0,0,0
61831,61851,61841,19.4,-104.205,39.9181,62.3994,-61.6522,467.24,5.91514,2.72971,222.33,0.244344,0.0016989,0.470178,0.515679,0.925189,0.758351,0.773518,0.773518,0.97069,0.576347,0.121336,0.015167,0.015167,0,0,0,0
61854,61871,61862,19.5,-104.205,39.919,61.2806,-61.2535,470.554,5.58132,2.61423,220.468,0.253002,0.00167367,0.609454,0.577378,0.83399,0.641531,0.497186,0.769837,0.898143,0.609454,0.0801913,0.0481148,0.0160383,0,0,0,0
61873,61893,61883,19.6,-104.204,39.9197,60.285,-61.1606,472.959,5.8152,3.01522,261.843,0.260521,0.00203755,0.575463,0.560319,0.651182,0.545175,0.757188,0.802619,0.878338,0.802619,0.181725,0.0454313,0.0151438,0,0,0,0
61894,61914,61904,19.7,-104.205,39.9201,59.3133,-60.1644,477.403,5.09264,2.48728,213.815,0.257889,0.00161761,0.452009,0.617746,0.557478,0.632813,0.602679,0.708148,0.768416,0.587612,0.0904019,0.0602679,0.015067,0,0,0,0
61916,61939,61928,19.8,-104.205,39.9208,58.3686,-59.8686,480.257,5.97196,3.36922,315.433,0.280865,0.00227691,0.467906,0.517159,0.578726,0.738799,0.627979,0.960438,1.13282,0.578726,0.233953,0.0861932,0.0492533,0,0,0,0
61940,61962,61951,19.9,-104.207,39.9219,57.3642,-59.9047,482.566,5.50522,2.86194,250.804,0.262902,0.00187105,0.427867,0.556227,0.484916,0.770161,0.584752,0.841472,1.08393,0.527703,0.156885,0.0427867,0.0285245,0,0,0,0
61963,61984,61974,20,-104.208,39.9231,56.4341,-60.0806,484.425,5.50389,2.59344,215.59,0.249387,0.00163723,0.606225,0.622179,0.478599,0.670038,0.685992,0.829571,0.957198,0.494552,0.111673,0.0319066,0.0159533,0,0,0,0
61985,62007,61996,20.1,-104.209,39.9244,55.569,-60.571,485.443,5.27258,2.5339,209.958,0.248579,0.00162215,0.557054,0.608873,0.427506,0.621828,0.647737,0.699556,1.10115,0.453416,0.116593,0.0259095,0.0129547,0,0,0,0
62008,62031,62020,20.2,-104.211,39.9262,54.6181,-60.9533,486.974,5.84373,2.79557,226.918,0.243511,0.00178991,0.634906,0.453505,0.596034,0.71265,0.751522,0.932924,1.01067,0.621949,0.0647864,0.0647864,0,0,0,0,0
62032,62054,62043,20.3,-104.213,39.9279,53.6839,-60.605,490.174,5.34688,2.30284,180.353,0.234954,0.00142639,0.634375,0.604167,0.513542,0.921355,0.604167,0.619271,0.876042,0.422917,0.135938,0.0151042,0,0,0,0,0
62056,62079,62068,20.4,-104.215,39.9293,52.8439,-59.82,494.217,4.74031,2.24846,188.714,0.251791,0.001424,0.481555,0.511652,0.451458,0.54175,0.767479,0.556798,0.917964,0.331069,0.135437,0.0300972,0.0150486,0,0,0,0
62079,62103,62091,20.5,-104.217,39.9308,51.9019,-58.6586,499.459,4.92632,2.31777,191.253,0.247547,0.00147207,0.525987,0.538816,0.538816,0.538816,0.654277,0.564474,0.949343,0.513158,0.0641448,0.0256579,0.012829,0,0,0,0
62106,62126,62116,20.6,-104.219,39.9316,51.1139,-58.2567,502.593,4.43692,1.98619,156.139,0.235837,0.00126313,0.478052,0.537808,0.612504,0.463113,0.433235,0.552747,0.821652,0.433235,0.104574,0,0,0,0,0,0
62128,62148,62138,20.7,-104.22,39.9322,50.3113,-57.5181,506.603,3.58427,1.3918,100.845,0.217371,0.000779439,0.385226,0.435473,0.569464,0.284732,0.586213,0.535966,0.602962,0.117243,0.0669958,0,0,0,0,0,0
62149,62169,62159,20.8,-104.223,39.9334,49.5188,-57.0753,509.95,3.91793,1.77138,140.941,0.238698,0.00111746,0.393367,0.393367,0.424836,0.597917,0.503509,0.487775,0.660856,0.330428,0.110143,0.0157347,0,0,0,0,0
62170,62192,62181,20.9,-104.225,39.9348,48.6761,-57.2094,512.142,4.07361,2.11402,181.575,0.257672,0.00138485,0.436458,0.261875,0.407361,0.509201,0.363715,0.683784,0.82927,0.480103,0.0436458,0.0436458,0.0145486,0,0,0,0
62193,62214,62204,21,-104.228,39.9361,47.7831,-57.1269,515.054,4.16224,2.0081,161.091,0.240661,0.00130057,0.379766,0.379766,0.486101,0.486101,0.47091,0.638007,0.683579,0.562054,0.0607626,0.0151906,0,0,0,0,0
62215,62236,62226,21.1,-104.23,39.937,47.0626,-57.52,516.356,4.24496,1.98687,159.224,0.240414,0.00126439,0.346266,0.436038,0.474512,0.641233,0.448863,0.628408,0.74383,0.410389,0.0897726,0.0256493,0,0,0,0,0
62237,62255,62246,21.2,-104.232,39.9379,46.2622,-57.7378,518.358,3.82009,1.86125,157.106,0.253227,0.00117482,0.365753,0.284475,0.447032,0.487671,0.501218,0.596043,0.636682,0.419939,0.0270928,0.0406393,0.0135464,0,0,0,0
62256,62277,62266,21.3,-104.233,39.9386,45.5129,-58.5559,518.817,4.19652,2.05123,168.703,0.246734,0.00128579,0.274,0.461473,0.360526,0.432631,0.749894,0.591263,0.908526,0.259579,0.14421,0,0.014421,0,0,0,0
62279,62300,62290,21.4,-104.234,39.9392,44.7221,-58.8153,520.781,3.81038,1.77687,145.348,0.245399,0.00112369,0.271247,0.309997,0.581245,0.568328,0.452079,0.581245,0.632911,0.271247,0.0904158,0.0516662,0,0,0,0,0
62301,62322,62312,21.5,-104.236,39.9396,44.0122,-58.9867,522.758,3.87663,1.88618,150.521,0.239406,0.00122241,0.382203,0.368553,0.368553,0.505054,0.313953,0.600605,0.805357,0.477754,0.0409503,0.0136501,0,0,0,0,0
62323,62342,62332,21.6,-104.237,39.9397,43.2847,-58.6735,526.015,3.70901,1.52316,112.157,0.220903,0.000887727,0.404095,0.432959,0.461823,0.404095,0.533983,0.519551,0.620574,0.317503,0.014432,0,0,0,0,0,0
62343,62362,62352,21.7,-104.238,39.9401,42.6371,-58.2935,529.226,3.48636,1.59865,128.769,0.241646,0.00100473,0.388974,0.360161,0.316942,0.561851,0.259316,0.576257,0.691509,0.244909,0.0432193,0.0432193,0,0,0,0,0
62364,62385,62374,21.8,-104.24,39.9409,41.899,-58.1885,532.134,3.29242,1.35323,106.443,0.235976,0.000800147,0.403903,0.330466,0.391664,0.526298,0.47734,0.416143,0.489579,0.183592,0.024479,0.0489579,0,0,0,0,0
62386,62406,62396,21.9,-104.241,39.9421,41.1695,-56.425,539.195,2.93785,1.32064,110.765,0.251617,0.000825689,0.327777,0.400617,0.388477,0.315637,0.339917,0.315637,0.497736,0.279218,0.0485596,0.0121399,0.0121399,0,0,0,0
62407,62428,62418,22,-104.243,39.9436,40.5228,-55.8778,543.009,2.7986,1.29539,107.617,0.249232,0.000796895,0.296006,0.242186,0.33637,0.349825,0.417099,0.349825,0.497828,0.228732,0.067274,0,0.0134548,0,0,0,0
62429,62450,62440,22.1,-104.243,39.9455,39.8458,-55.4616,546.673,3.07822,1.16002,84.2938,0.217997,0.000649915,0.407037,0.445196,0.368877,0.394317,0.381597,0.356157,0.546956,0.165359,0,0.0127199,0,0,0,0,0
62451,62473,62462,22.2,-104.244,39.9471,39.2825,-54.5865,551.111,2.98589,1.00556,74.5277,0.222348,0.000552885,0.481596,0.577915,0.469556,0.300997,0.313037,0.349157,0.300997,0.144479,0.0240798,0.0240798,0,0,0,0,0
62476,62492,62484,22.3,-104.245,39.948,38.5793,-54.3764,554.486,2.81828,1.00092,77.4162,0.232036,0.000571249,0.549908,0.326508,0.515538,0.292138,0.292138,0.343692,0.343692,0.0687385,0.0515538,0.0343692,0,0,0,0,0
62493,62510,62502,22.4,-104.246,39.9485,38.0344,-54.3306,556.871,2.6903,0.790964,54.8698,0.208112,0.000412482,0.541066,0.616215,0.330652,0.420829,0.180355,0.180355,0.255504,0.135267,0.0300592,0,0,0,0,0,0
62511,62530,62520,22.5,-104.247,39.9488,37.3106,-54.2925,560.032,2.51061,0.789361,55.1692,0.209673,0.000420371,0.526176,0.451008,0.300672,0.405907,0.150336,0.240538,0.270605,0.150336,0.0150336,0,0,0,0,0,0
62531,62549,62540,22.6,-104.248,39.9489,36.734,-53.544,564.455,2.71751,1.15812,93.5106,0.242231,0.000736172,0.447591,0.367664,0.255766,0.319708,0.271751,0.383649,0.335693,0.239781,0.0799269,0.0159854,0,0,0,0,0
62551,62567,62559,22.7,-104.249,39.9494,36.1193,-53.9864,566.034,3.0698,1.28841,114.255,0.266038,0.00080317,0.548792,0.463043,0.360145,0.377294,0.325845,0.308695,0.308695,0.257246,0.068599,0.0342995,0.0171497,0,0,0,0
62568,62584,62576,22.8,-104.25,39.95,35.5377,-54.2554,567.975,3.27567,1.7007,142.243,0.250913,0.00117623,0.351626,0.351626,0.203573,0.407146,0.425652,0.296106,0.610718,0.499679,0.129546,0,0,0,0,0,0
62585,62602,62594,22.9,-104.251,39.9503,34.9529,-53.8693,571.674,2.84819,1.39761,114.491,0.245757,0.000896585,0.274524,0.240209,0.257366,0.274524,0.411786,0.566206,0.497575,0.223051,0.0686311,0.0343155,0,0,0,0,0
62603,62623,62613,23,-104.253,39.9502,34.2924,-53.9318,574.639,2.70357,1.22325,98.8131,0.242337,0.000758383,0.268942,0.254787,0.283097,0.41049,0.368026,0.382181,0.481265,0.184013,0.0283097,0.0424645,0,0,0,0,0
62623,62642,62632,23.1,-104.254,39.9503,33.8607,-54.2153,575.967,3.31239,1.61621,132.003,0.245023,0.00105982,0.36983,0.401989,0.176875,0.35375,0.434148,0.562784,0.530625,0.36983,0.0964773,0.0160795,0,0,0,0,0
62643,62661,62652,23.2,-104.256,39.9506,33.2993,-54.375,578.317,2.91367,1.28829,96.6254,0.225009,0.000771212,0.25861,0.224129,0.431017,0.327573,0.327573,0.482738,0.637904,0.189647,0.0344813,0,0,0,0,0,0
62665,62684,62674,23.3,-104.259,39.9508,32.6731,-54.5075,581.094,2.94347,1.39401,110.077,0.236894,0.000870087,0.181137,0.25661,0.332084,0.452842,0.316989,0.558505,0.51322,0.25661,0.0603789,0.0150947,0,0,0,0,0
62685,62707,62696,23.4,-104.261,39.9506,32.1906,-54.3756,583.937,2.46734,1.0449,80.9767,0.232492,0.000638252,0.308417,0.281598,0.281598,0.375464,0.24137,0.321826,0.375464,0.254779,0.0134094,0.0134094,0,0,0,0,0
62708,62730,62719,23.5,-104.264,39.9501,31.5825,-53.8675,588.481,2.85963,1.23141,93.4671,0.227707,0.000735997,0.270912,0.331115,0.361216,0.316064,0.361216,0.421419,0.541824,0.240811,0,0.0150507,0,0,0,0,0
62732,62751,62742,23.6,-104.268,39.9497,31.1056,-53.2275,592.778,2.93248,1.38152,112.565,0.244437,0.000880736,0.300767,0.345882,0.225575,0.406035,0.315805,0.406035,0.631611,0.240614,0.0150383,0.045115,0,0,0,0,0
62752,62774,62763,23.7,-104.272,39.9495,30.5988,-53.8465,593.88,2.47941,1.14717,96.686,0.252847,0.00069763,0.216228,0.317134,0.216228,0.403625,0.288304,0.288304,0.504532,0.201813,0.0144152,0.0144152,0.0144152,0,0,0,0
62776,62796,62786,23.8,-104.276,39.9494,30.0232,-54.5489,595.208,2.71099,1.35772,115.315,0.2548,0.000865281,0.248835,0.222642,0.327414,0.275028,0.327414,0.405994,0.563153,0.275028,0.0392897,0.0130966,0.0130966,0,0,0,0
62798,62821,62810,23.9,-104.279,39.9495,29.6178,-54.9928,596.302,2.96107,1.32139,107.902,0.244974,0.00083885,0.419019,0.321248,0.321248,0.321248,0.377117,0.36315,0.530757,0.223477,0.0419019,0.0419019,0,0,0,0,0
