data/B2SAP/Locations/Boulder/NOAA-POPS-B2SAP_GMLBalloon_20221104_R0.ict
61,1001
Thornberry, T. D.
NOAA Chemical Sciences Laboratory
Portable Optical Particle Spectrometer (POPS)
Balloon Baseline Stratospheric Aerosol Profiles (B2SAP)
1,1
2022,11,04,2024,05,30
0
TIME_START,s,Seconds since midnight UTC on flight start day,Start time of 100 m altitude bin in UTC_seconds_since_midnight
28
1.0,1.0,1.0,1.0,1.0,1.0,1.0,1.0,1.0,1.0,1.0,1.0,1.0,1.0,1.0,1.0,1.0,1.0,1.0,1.0,1.0,1.0,1.0,1.0,1.0,1.0,1.0,1.0
99999,99999,99999,99999,99999,99999,99999,99999,99999,99999,99999,99999,99999,99999,99999,99999,99999,99999,99999,99999,99999,99999,99999,99999,99999,99999,99999,99999
TIME_STOP,s,End time of 100 m altitude bin in UTC seconds since midnight,
TIME_MID,s,Mid time of 100 m altitude in UTC seconds since midnight,
GPSAlt,m,GPS reported altitude above sea level (m),
GPS_Lon,deg,GPS reported longitude,
GPS_Lat,deg,GPS reported latitude,
iMet_Pressure,mb,Pressure reported (mB),
iMet_Temperature,degrees C,Ambient temperature (oC),
THETA,K,Potential temperature from iMet,
Aerosol_concentration,cm^-3,Aerosol concentration,
Surface_Area_Conc,um^2 cm^-3,Surface area concentration,
Volume_density,um^3 cm^-3,Volume density,
Effective_radius,um,Effective radius,
Extinction,km^-1,Extinction,
Bin01,cm^-3,particle concentration in size range [140 - 170 nm],
Bin02,cm^-3,particle concentration in size range [170 - 205 nm],
Bin03,cm^-3,particle concentration in size range [205 - 249 nm],
Bin04,cm^-3,particle concentration in size range [249 - 302 nm],
Bin05,cm^-3,particle concentration in size range [302 - 366 nm],
Bin06,cm^-3,particle concentration in size range [366 - 443 nm],
Bin07,cm^-3,particle concentration in size range [443 - 537 nm],
Bin08,cm^-3,particle concentration in size range [537 - 651 nm],
Bin09,cm^-3,particle concentration in size range [651 - 789 nm],
Bin10,cm^-3,particle concentration in size range [789 - 956 nm],
Bin11,cm^-3,particle concentration in size range [956 - 1159 nm],
Bin12,cm^-3,particle concentration in size range [1159 - 1404 nm],
Bin13,cm^-3,particle concentration in size range [1404 - 1702 nm],
Bin14,cm^-3,particle concentration in size range [1702 - 2062 nm],
Bin15,cm^-3,particle concentration in size range [2062 - 2500 nm],
0
19
PI_CONTACT_INFO: 325 Broadway R/CSL6, Boulder, CO 80305; troy.thornberry@noaa.gov; 303-497-3373 
PLATFORM: GML ECC/FPH balloon
LOCATION: Boulder, CO, USA
ASSOCIATED_DATA: N/A
INSTRUMENT_INFO: Printed Optical Particle Spectrometer counts particles from 140 - 2500 nm in diameter 
DATA_INFO: Particle concentrations reported in number per cubic centimeter, binned to 100 m altitude
UNCERTAINTY: Counting uncertainty dominated by air flow, less than 5 percent
ULOD_FLAG: -77777
ULOD_VALUE: 3000 ~3000 per cm3 (varies depending on flow rate- manufacturer quotes 1250  per cm3 at 1.667 cc/s)
LLOD_FLAG: -88888
LLOD_VALUE: 0 0 (varies depending on data field and measurement precision)
DM_CONTACT_INFO: Troy Thornberry, 325 Broadway R/CSL6, Boulder, CO 80305; troy.thornberry@noaa.gov; 303-497-3373
PROJECT_INFO: B2SAP Boulder, CO, USA
STIPULATIONS_ON_USE: Please contact the PIs for questions regarding applications and uncertainties
OTHER_COMMENTS: POPS bin Edges (nm):  140, 170, 205, 249, 302, 366, 443, 537, 651, 789, 956, 1159, 1404, 1702, 2062, 2500
Calculations assume sulfate refractive index of 1.45+0.00j and extinction wavelength = 532 nm
REVISION: R0
R0: QA/QC data
TIME_START,TIME_STOP,TIME_MID,GPSAlt,GPS_Lon,GPS_Lat,iMet_Pressure,iMet_Temperature,THETA,Aerosol_concentration,Surface_Area_Conc,Volume_density,Effective_radius,Extinction,Bin01,Bin02,Bin03,Bin04,Bin05,Bin06,Bin07,Bin08,Bin09,Bin10,Bin11,Bin12,Bin13,Bin14,Bin15
[from data line 78]
61164,61183,61174,9.6,-105.144,39.8375,279.325,-47.07,325.473,8.88204,1.0306,42.9508,0.125026,0.000208823,5.48222,1.76366,0.78621,0.446227,0.169991,0.0212489,0.169991,0.0424978,0,0,0,0,0,0,0
61184,61218,61201,9.7,-105.14,39.8343,275.015,-46.3159,328.016,9.88697,1.04471,39.9913,0.11484,0.000161528,6.59544,1.73238,0.853818,0.259858,0.272232,0.123742,0.0247484,0,0.0247484,0,0,0,0,0,0
61219,61248,61234,9.8,-105.137,39.8309,271.035,-45.4017,330.716,12.6048,1.46233,58.9872,0.121014,0.000265425,7.72327,2.36341,1.1817,0.576784,0.450173,0.154747,0.0984752,0.0562716,0,0,0,0,0,0,0
61249,61283,61266,9.9,-105.134,39.8282,266.876,-45.4069,332.168,14.4683,1.83256,98.2827,0.160894,0.000431969,8.5827,3.30841,1.13877,0.59935,0.395571,0.191792,0.107883,0.0958961,0.011987,0.011987,0.011987,0.011987,0,0,0
61284,61311,61298,10,-105.133,39.8257,262.951,-45.6525,333.214,14.3986,1.79445,92.1336,0.154031,0.000421795,8.72641,2.93388,1.3541,0.57173,0.421275,0.13541,0.120364,0.0752276,0.0300911,0.0150455,0,0.0150455,0,0,0
61312,61338,61325,10.1,-105.132,39.8241,259.25,-45.0922,335.396,15.5938,2.07538,105.965,0.153175,0.000491207,8.68908,3.46012,1.48956,0.791327,0.465487,0.294808,0.341357,0.0465487,0,0,0,0,0.0155162,0,0
61339,61369,61354,10.2,-105.131,39.8229,255.263,-45.1777,336.759,17.0791,2.31396,124.96,0.162008,0.000644994,9.5275,3.72168,1.94881,0.812003,0.419535,0.203001,0.243601,0.108267,0.0406001,0.0406001,0.0135334,0,0,0,0
61370,61404,61387,10.3,-105.131,39.8217,251.326,-45.4657,337.827,19.0535,2.64604,140.935,0.159788,0.000743651,9.91596,4.73044,2.16762,0.766451,0.682621,0.311371,0.263468,0.0958064,0.0718548,0.0359274,0.0119758,0,0,0,0
61405,61436,61420,10.4,-105.129,39.8206,247.624,-45.9738,338.502,19.1963,2.52277,121.727,0.144753,0.00057348,9.76932,4.77933,2.30409,1.0533,0.631978,0.342321,0.171161,0.0921634,0.0263324,0.0131662,0.0131662,0,0,0,0
61437,61458,61448,10.5,-105.127,39.8202,244.172,-45.9995,339.827,20.562,3.03231,156.353,0.154686,0.00087525,9.54459,4.99226,2.94563,1.24328,0.82248,0.459059,0.325167,0.0956372,0.0956372,0.0382549,0,0,0,0,0
61459,61486,61472,10.6,-105.126,39.8201,240.542,-45.9357,341.385,18.4774,2.83039,230.589,0.244407,0.000852523,9.35868,4.52936,2.20469,0.974863,0.629911,0.329954,0.299958,0.0299958,0.0449937,0.0449937,0,0,0.0149979,0,0.0149979
61487,61509,61498,10.7,-105.124,39.8194,236.973,-46.4917,342.003,18.7052,2.66798,137.653,0.154783,0.000700123,9.00753,4.55825,2.52429,1.08962,0.671933,0.381367,0.254245,0.163443,0.0363207,0,0.0181603,0,0,0,0
61510,61527,61518,10.8,-105.123,39.8185,233.376,-46.9606,342.787,16.8188,2.32397,137.61,0.17764,0.000582026,8.43273,4.67188,1.75195,0.957734,0.537266,0.140156,0.140156,0.0700781,0.0700781,0,0.0233594,0.0233594,0,0,0
61528,61559,61544,10.9,-105.12,39.8172,229.6,-46.98,344.364,16.1863,2.05263,91.1817,0.133266,0.000445044,8.50042,3.81008,2.03642,0.748878,0.591219,0.236488,0.170797,0.0525528,0.0262764,0.0131382,0,0,0,0,0
61560,61589,61574,11,-105.118,39.8154,226.174,-46.6637,346.332,15.3339,1.98541,97.5449,0.147392,0.000466169,8.25458,3.76353,1.59495,0.755504,0.447706,0.181881,0.209862,0.0839449,0.0279816,0,0.0139908,0,0,0,0
61590,61615,61602,11.1,-105.115,39.8137,222.895,-46.6165,347.849,15.5877,2.07827,106.426,0.153627,0.000511451,8.24658,3.75139,1.85952,0.72764,0.371905,0.307226,0.145528,0.129358,0.0323395,0,0,0.0161698,0,0,0
61616,61643,61630,11.2,-105.113,39.8125,219.434,-46.9918,348.825,15.1781,2.09858,114.858,0.164194,0.000545816,8.18558,3.26215,1.75189,0.95146,0.392666,0.271846,0.241641,0.0604102,0.0151025,0.0302051,0,0,0.0151025,0,0
61644,61660,61652,11.3,-105.11,39.8117,216.501,-47.2118,349.827,17.1196,2.22503,108.773,0.146658,0.00042701,8.60941,4.09381,2.20818,1.09168,0.669897,0.223299,0.173677,0.024811,0,0,0,0.024811,0,0,0
61661,61687,61674,11.4,-105.107,39.8108,212.87,-47.9596,350.368,15.5895,2.1559,116.607,0.162263,0.000510703,8.14049,3.52021,1.71296,1.08435,0.565748,0.188583,0.282874,0.0628609,0,0,0.0157152,0.0157152,0,0,0
61688,61713,61700,11.5,-105.103,39.8096,209.73,-48.6504,350.775,15.7269,2.15904,121.604,0.16897,0.000532865,7.96897,3.92768,2.01253,0.892654,0.389522,0.210991,0.194761,0.0486902,0.0324602,0.0162301,0.0162301,0.0162301,0,0,0
61714,61740,61727,11.6,-105.099,39.8087,206.566,-49.2785,351.313,16.5427,2.25847,114.061,0.151511,0.000551149,8.39714,3.82117,2.21722,0.896324,0.613274,0.1887,0.267325,0.0943499,0.03145,0,0,0.015725,0,0,0
61741,61767,61754,11.7,-105.095,39.8079,203.453,-49.2278,352.919,17.3724,2.40635,110.13,0.137299,0.000579235,8.05179,4.43318,2.36541,1.01822,0.751918,0.344629,0.266304,0.12532,0.015665,0,0,0,0,0,0
61768,61798,61783,11.8,-105.091,39.807,200.288,-49.0776,354.751,16.2602,2.1672,105.238,0.145678,0.000485516,8.43664,3.73664,1.91211,1.00714,0.540062,0.321118,0.189751,0.102174,0,0,0,0.0145963,0,0,0
61799,61827,61813,11.9,-105.087,39.8057,197.192,-49.6818,355.368,15.977,2.15461,106.793,0.148694,0.000501065,8.16848,3.65505,2.00751,1.01068,0.512261,0.373812,0.124604,0.0830693,0.0138449,0.0138449,0.0138449,0,0,0,0
61828,61858,61843,12,-105.083,39.8043,194.148,-50.2181,356.091,15.4271,2.21816,114.677,0.155098,0.000640851,7.40829,3.92135,1.92545,0.904023,0.622249,0.199589,0.258292,0.0939244,0.0587028,0.0352217,0,0,0,0,0
61859,61888,61874,12.1,-105.08,39.8029,191.262,-50.6043,356.996,15.8661,2.22475,118.252,0.159459,0.000578582,7.57547,4.19378,2.07265,0.824211,0.618158,0.193932,0.242415,0.0727245,0.0363623,0.0242415,0,0,0.0121208,0,0
61889,61919,61904,12.2,-105.078,39.8018,188.312,-50.378,358.961,15.2566,2.06587,97.3335,0.141345,0.0005007,7.54356,3.70519,1.91313,0.944459,0.54488,0.290603,0.205844,0.0726507,0.0121084,0.0242169,0,0,0,0,0
61920,61948,61934,12.3,-105.074,39.8009,185.47,-50.1954,360.815,15.5076,2.12791,105.826,0.149198,0.000508401,7.27405,4.04546,2.13943,0.998399,0.47975,0.20746,0.259324,0.0648311,0.0129662,0.0129662,0.0129662,0,0,0,0
61949,61982,61966,12.4,-105.071,39.7997,182.607,-50.5784,361.796,14.6595,2.06123,104.682,0.152359,0.000534777,7.00663,3.76408,1.82535,0.941019,0.521529,0.226752,0.238089,0.0680255,0.0566879,0,0.0113376,0,0,0,0
61983,62015,61999,12.5,-105.066,39.7983,179.928,-50.4548,363.525,15.8407,2.26491,110.59,0.146482,0.000601333,7.48433,3.91879,1.98699,1.01557,0.728563,0.28701,0.253893,0.132466,0.0110388,0.0220777,0,0,0,0,0
62016,62036,62026,12.6,-105.063,39.7973,177.089,-50.8581,364.531,16.1764,2.55011,138.384,0.162798,0.000820724,7.46468,3.77564,2.14761,1.05649,0.744736,0.398347,0.346389,0.138556,0.0692778,0.0346389,0,0,0,0,0
62037,62064,62050,12.7,-105.061,39.7967,174.609,-51.4654,364.999,15.2508,2.25562,114.781,0.15266,0.000587425,6.71869,3.87466,2.08736,1.14805,0.730576,0.287012,0.234828,0.143506,0.013046,0,0.013046,0,0,0,0
62067,62096,62082,12.8,-105.057,39.7955,171.772,-51.9459,365.912,16.4442,2.32402,115.751,0.149419,0.000579145,7.45287,4.48938,2.11858,0.945796,0.807079,0.252212,0.226991,0.100885,0.0378318,0,0.0126106,0,0,0,0
62097,62126,62112,12.9,-105.054,39.794,169.141,-51.9017,367.601,15.8771,2.19339,104.145,0.142443,0.000483374,7.04293,4.10634,2.437,1.06009,0.63362,0.31681,0.19496,0.060925,0.012185,0,0.012185,0,0,0,0
62127,62146,62136,13,-105.051,39.7929,166.781,-51.3215,370.059,16.451,2.54203,143.192,0.168989,0.000776153,7.46289,4.06736,2.45131,0.962368,0.59921,0.345,0.345,0.108947,0.0726315,0.0181579,0.0181579,0,0,0,0
62147,62170,62158,13.1,-105.049,39.7927,163.782,-51.5042,371.67,15.1052,2.24994,121.227,0.16164,0.000598555,6.38892,3.97026,2.50993,1.0344,0.501986,0.319446,0.243387,0.0760585,0.0152117,0.0304234,0,0.0152117,0,0,0
62171,62201,62186,13.2,-105.047,39.7922,161.41,-52.0497,372.3,15.6701,2.29481,125.831,0.164499,0.000598925,6.99013,4.16977,2.13959,1.10626,0.668622,0.230978,0.206665,0.097254,0.0121568,0.0243135,0.0243135,0,0,0,0
62202,62229,62216,13.3,-105.044,39.7919,158.877,-52.2086,373.718,14.9792,2.22774,125.289,0.168721,0.000597933,6.80156,3.68254,2.26719,1.0353,0.53731,0.288313,0.222787,0.0786307,0.0131051,0.0262102,0.0262102,0,0,0,0
62230,62259,62244,13.4,-105.041,39.7914,156.533,-52.3129,375.139,14.6636,2.02014,91.4126,0.135752,0.000474681,6.47654,3.82586,2.36342,0.914028,0.483129,0.208921,0.300323,0.0783452,0.0130575,0,0,0,0,0,0
62260,62291,62276,13.5,-105.038,39.7907,154.016,-52.7442,376.14,14.7875,2.22609,122.451,0.165021,0.000648708,6.55518,3.90949,2.18506,0.885835,0.496068,0.330712,0.271656,0.0590557,0.0472445,0.0354334,0.0118111,0,0,0,0
62292,62324,62308,13.6,-105.034,39.7898,151.691,-52.3813,378.396,15.6599,2.26608,111.711,0.147891,0.000626149,7.01837,4.10358,2.26325,0.971599,0.560098,0.297195,0.274334,0.080014,0.0914446,0,0,0,0,0,0
62325,62356,62340,13.7,-105.03,39.7883,149.388,-52.624,379.639,15.5238,2.59246,184.093,0.213033,0.000808764,6.12395,4.47379,2.20022,1.30791,0.63562,0.342257,0.256693,0.0611173,0.0488938,0.0366704,0.0122235,0.0122235,0,0.0122235,0
62357,62386,62372,13.8,-105.026,39.7868,147.081,-53.199,380.341,14.9661,2.27286,129.213,0.170552,0.000622911,6.47819,3.80607,2.34652,1.14519,0.494004,0.280684,0.280684,0.0561368,0.0336821,0.0224547,0.0112274,0,0.0112274,0,0
62387,62413,62400,13.9,-105.024,39.7854,144.85,-53.5222,381.439,15.4077,2.27484,108.183,0.142669,0.000590583,6.35136,4.05153,2.50241,1.0248,0.726892,0.28599,0.357488,0.0714975,0.0357488,0,0,0,0,0,0
62414,62444,62429,14,-105.021,39.7843,142.543,-54.059,382.252,15.091,2.5814,168.599,0.195939,0.000804126,5.67082,3.9675,2.46151,1.27749,0.789345,0.394672,0.311584,0.155792,0.0415445,0,0,0,0.0103861,0.0103861,0
62445,62472,62458,14.1,-105.017,39.7834,140.274,-54.7219,382.857,15.3558,2.4635,126.29,0.153793,0.000740034,6.23403,3.85444,2.1565,1.25176,1.00389,0.322236,0.297449,0.173512,0.0619685,0,0,0,0,0,0
62474,62499,62486,14.2,-105.014,39.7828,138.072,-55.0588,383.995,14.8507,2.48495,139.498,0.168411,0.000772851,5.98423,3.4251,2.37818,1.38297,0.672095,0.478222,0.348973,0.103399,0.0387747,0.0258498,0.0129249,0,0,0,0
62500,62525,62512,14.3,-105.011,39.7825,135.888,-55.0336,385.789,15.2367,2.71994,158.208,0.174498,0.000985009,5.62168,4.00625,2.41667,1.18895,0.852944,0.478166,0.310161,0.219698,0.103387,0.0387702,0,0,0,0,0
62526,62547,62536,14.4,-105.008,39.7824,133.935,-54.7057,387.967,15.3897,3.38615,294.346,0.260779,0.00133022,4.65378,3.79368,2.74926,1.41303,1.41303,0.506847,0.537565,0.168949,0.061436,0.046077,0.015359,0.015359,0,0,0.015359
62548,62569,62558,14.5,-105.006,39.7828,131.855,-54.767,389.608,12.5044,2.63735,160.545,0.182621,0.00107798,3.855,2.98033,2.23525,0.939453,1.03664,0.518319,0.631701,0.19437,0.0971848,0.0161975,0,0,0,0,0
62570,62592,62581,14.6,-105.004,39.7831,129.73,-55.4248,390.236,12.3856,2.3436,130.85,0.167499,0.000816598,3.83475,3.33994,2.11839,0.974149,0.881373,0.649433,0.371105,0.17009,0.0309254,0.0154627,0,0,0,0,0
62595,62619,62607,14.7,-105.002,39.7833,127.583,-55.7188,391.566,13.5207,2.96129,207.681,0.210396,0.00119476,4.38544,3.25197,1.98357,1.22792,1.17395,0.620709,0.566734,0.175418,0.0269873,0.0674683,0.0269873,0.0134937,0,0,0
62620,62645,62632,14.8,-105,39.7833,125.648,-56.415,392.028,13.4673,2.55812,147.811,0.173344,0.000915945,4.34473,3.47849,2.13853,1.23168,1.17754,0.473724,0.32484,0.21656,0.040605,0.040605,0,0,0,0,0
62646,62672,62659,14.9,-104.997,39.7833,123.609,-56.7927,393.179,12.0568,2.3587,135.86,0.172799,0.00087764,3.85566,2.90116,2.10994,1.18056,0.828903,0.43957,0.452129,0.238624,0.0376774,0.0125591,0,0,0,0,0
62673,62703,62688,15,-104.994,39.783,121.617,-56.8133,394.966,11.9062,2.71964,176.317,0.194493,0.00120283,3.40798,2.64824,2.18154,1.19388,0.911689,0.596939,0.596939,0.173655,0.162802,0.0325603,0,0,0,0,0
62704,62738,62721,15.1,-104.99,39.7825,119.683,-56.6867,397.013,11.6484,2.67637,167.891,0.188192,0.00114963,3.15613,2.73314,1.86548,1.21473,1.13881,0.54229,0.607365,0.303683,0.0650748,0.0216916,0,0,0,0,0
62739,62769,62754,15.2,-104.987,39.7826,118.062,-55.5503,400.66,9.21088,2.60016,190.224,0.219476,0.00130798,2.26644,1.86451,1.39559,0.926671,1.03832,0.625224,0.647553,0.279118,0.100482,0.0558235,0,0.0111647,0,0,0
62771,62800,62786,15.3,-104.983,39.7839,116.151,-55.2657,403.053,8.47942,2.36276,168.18,0.213539,0.00108717,1.79061,1.65199,1.38628,0.88953,1.27076,0.623827,0.54296,0.207942,0.0808664,0.0115523,0.0115523,0.0115523,0,0,0
62801,62816,62808,15.4,-104.98,39.7852,114.44,-55.7487,403.865,8.31654,2.55073,207.659,0.244236,0.00125138,1.71095,1.58101,1.38609,1.01791,1.01791,0.606414,0.563099,0.281549,0.0649729,0.0433153,0,0.0216576,0.0216576,0,0
62817,62846,62832,15.5,-104.977,39.787,112.477,-55.2827,406.747,8.85375,2.51828,172.159,0.205091,0.00123176,1.80733,1.87188,1.23716,1.03276,1.11882,0.677748,0.731537,0.290463,0.0430316,0.0430316,0,0,0,0,0
62847,62879,62863,15.6,-104.974,39.7889,110.8,-55.4003,408.269,8.01268,2.34995,160.46,0.204846,0.00117306,1.76825,1.37418,1.11147,0.970009,1.06095,0.707298,0.606256,0.313232,0.0909384,0.0101043,0,0,0,0,0
62880,62908,62894,15.7,-104.97,39.7904,109.116,-55.781,409.337,7.89963,2.39607,185.978,0.232853,0.00118625,1.63828,1.53729,1.16699,0.942569,1.03234,0.639601,0.605937,0.157095,0.112211,0.0336632,0.0224421,0.0112211,0,0,0
62910,62931,62920,15.8,-104.966,39.7917,107.436,-56.3438,410.104,7.88353,2.34948,169.224,0.216079,0.00114532,1.77418,1.14165,1.18793,0.925659,1.2805,0.678817,0.509113,0.277698,0.0617106,0.0308553,0.0154277,0,0,0,0
62934,62957,62946,15.9,-104.962,39.793,105.742,-56.7941,411.109,7.95508,2.46462,187.252,0.227929,0.00124819,1.77437,1.38992,1.06462,0.931543,1.10898,0.443592,0.931543,0.192223,0.0591456,0.0295728,0.0295728,0,0,0,0
62958,62980,62969,16,-104.959,39.794,104.094,-56.0527,414.367,7.0845,2.39765,186.461,0.233306,0.00132269,1.36977,1.11938,0.957365,1.00155,1.00155,0.427132,0.736434,0.265116,0.162016,0.0294574,0,0.0147287,0,0,0
62981,63001,62991,16.1,-104.956,39.7949,102.462,-56.272,415.833,6.94431,1.90763,124.865,0.196366,0.000881818,1.47994,1.33357,0.943256,0.829415,1.0571,0.569206,0.455365,0.227682,0.0325261,0.016263,0,0,0,0,0
63002,63024,63013,16.2,-104.952,39.7958,100.817,-56.6289,417.068,6.42163,2.14345,178.156,0.249349,0.00113261,1.25008,1.18158,1.02746,0.599352,0.976088,0.410984,0.582228,0.239741,0.0856217,0.0342487,0.0171243,0,0.0171243,0,0
63028,63048,63038,16.3,-104.948,39.797,99.1317,-56.76,418.821,7.16469,1.90334,122.17,0.192561,0.000870751,1.86354,1.26649,0.850354,0.796076,1.08556,0.542779,0.506594,0.199019,0.0542779,0,0,0,0,0,0
63049,63070,63060,16.4,-104.944,39.7987,97.5571,-56.8948,420.492,7.31785,1.85368,119.191,0.192899,0.000837525,1.74094,1.43111,1.16554,0.958993,0.944239,0.383597,0.383597,0.221306,0.0885224,0,0,0,0,0,0
63071,63094,63082,16.5,-104.94,39.8009,95.862,-57.0393,422.314,6.63267,1.82297,119.613,0.196843,0.000845524,1.44189,1.17273,1.11506,0.74978,0.788231,0.595979,0.595979,0.115351,0.0384503,0.0192251,0,0,0,0,0
63095,63120,63108,16.6,-104.936,39.8029,94.5446,-57.1571,423.751,7.0917,2.0511,146.617,0.214446,0.000997917,1.57727,1.30035,1.05954,0.782616,0.99934,0.445489,0.662213,0.168563,0.0602012,0.0240805,0,0.0120402,0,0,0
63123,63147,63135,16.7,-104.93,39.8048,92.975,-56.605,426.883,7.04627,2.1032,164.177,0.234182,0.00102018,1.61126,1.34673,0.961948,0.781582,1.01004,0.517047,0.492998,0.204414,0.0601217,0.0240487,0.0240487,0.0120243,0,0,0
63148,63170,63159,16.8,-104.926,39.8064,91.4643,-55.8433,430.387,6.90844,1.89548,134.274,0.212517,0.000882148,1.5701,1.46088,0.928407,0.764571,0.94206,0.614387,0.341326,0.191143,0.0546122,0.0273061,0.013653,0,0,0,0
63171,63186,63178,16.9,-104.922,39.8074,90.2238,-55.7962,432.158,6.57426,2.02675,169.848,0.25141,0.00100531,1.57162,1.19532,1.10678,0.686202,0.664067,0.575525,0.442711,0.19922,0.0442711,0.0442711,0,0.0442711,0,0,0
63187,63200,63194,17,-104.92,39.8085,88.9425,-56.0092,433.515,6.40147,1.90535,140.81,0.221707,0.000901895,1.31865,1.12685,0.959022,0.719266,0.982997,0.551438,0.503486,0.167829,0.0239755,0.0239755,0.0239755,0,0,0,0
