data/B2SAP/Locations/Boulder/NOAA-POPS-B2SAP_GMLBalloon_20240627_R0.ict
82,1001
Thornberry, T. D.
NOAA Chemical Sciences Laboratory
Portable Optical Particle Spectrometer (POPS)
Balloon Baseline Stratospheric Aerosol Profiles (B2SAP)
1,1
2024,06,27,2024,07,24
0
TIME_START,s,Seconds since midnight UTC on flight start day,Start time of 100 m altitude bin in UTC_seconds_since_midnight
49
1.0,1.0,1.0,1.0,1.0,1.0,1.0,1.0,1.0,1.0,1.0,1.0,1.0,1.0,1.0,1.0,1.0,1.0,1.0,1.0,1.0,1.0,1.0,1.0,1.0,1.0,1.0,1.0,1.0,1.0,1.0,1.0,1.0,1.0,1.0,1.0,1.0,1.0,1.0,1.0,1.0,1.0,1.0,1.0,1.0,1.0,1.0,1.0,1.0
99999,99999,99999,99999,99999,99999,99999,99999,99999,99999,99999,99999,99999,99999,99999,99999,99999,99999,99999,99999,99999,99999,99999,99999,99999,99999,99999,99999,99999,99999,99999,99999,99999,99999,99999,99999,99999,99999,99999,99999,99999,99999,99999,99999,99999,99999,99999,99999,99999
TIME_STOP,s,End time of 100 m altitude bin in UTC seconds since midnight,
TIME_MID,s,Mid time of 100 m altitude in UTC seconds since midnight,
GPSAlt,km,GPS reported altitude above sea level (km),
GPS_Lon,deg,GPS reported longitude,
GPS_Lat,deg,GPS reported latitude,
iMet_Pressure,hPa,Pressure reported (hPa),
iMet_Temperature,degrees C,Ambient temperature (oC),
THETA,K,Potential temperature from iMet,
Aerosol_concentration,cm^-3,Aerosol concentration,
Surface_Area_Conc,um^2 cm^-3,Surface area concentration,
Volume_density,um^3 cm^-3,Volume density,
Effective_radius,um,Effective radius,
Extinction,km^-1,Extinction,
Bin01,cm^-3,particle concentration in size range [140 - 146.14 nm],
Bin02,cm^-3,particle concentration in size range [146.14 - 152.56 nm],
Bin03,cm^-3,particle concentration in size range [152.56 - 159.25 nm],
Bin04,cm^-3,particle concentration in size range [159.25 - 166.24 nm],
Bin05,cm^-3,particle concentration in size range [166.24 - 173.54 nm],
Bin06,cm^-3,particle concentration in size range [173.54 - 181.16 nm],
Bin07,cm^-3,particle concentration in size range [181.16 - 189.11 nm],
Bin08,cm^-3,particle concentration in size range [189.11 - 197.41 nm],
Bin09,cm^-3,particle concentration in size range [197.41 - 206.07 nm],
Bin10,cm^-3,particle concentration in size range [206.07 - 215.12 nm],
Bin11,cm^-3,particle concentration in size range [215.12 - 224.56 nm],
Bin12,cm^-3,particle concentration in size range [224.56 - 234.41 nm],
Bin13,cm^-3,particle concentration in size range [234.41 - 244.70 nm],
Bin14,cm^-3,particle concentration in size range [244.70 - 361.30 nm],
Bin15,cm^-3,particle concentration in size range [361.30 - 472.80 nm],
Bin16,cm^-3,particle concentration in size range [472.80 - 567.00 nm],
Bin17,cm^-3,particle concentration in size range [567.00 - 610.66 nm],
Bin18,cm^-3,particle concentration in size range [610.66 - 657.69 nm],
Bin19,cm^-3,particle concentration in size range [657.69 - 708.33 nm],
Bin20,cm^-3,particle concentration in size range [708.33 - 762.88 nm],
Bin21,cm^-3,particle concentration in size range [762.88 - 821.62 nm],
Bin22,cm^-3,particle concentration in size range [821.62 - 884.89 nm],
Bin23,cm^-3,particle concentration in size range [884.89 - 953.03 nm],
Bin24,cm^-3,particle concentration in size range [953.03 - 1026.42 nm],
Bin25,cm^-3,particle concentration in size range [1026.42 - 1105.46 nm],
Bin26,cm^-3,particle concentration in size range [1105.46 - 1190.59 nm]],
[...]
LOCATION: Boulder, CO, USA
ASSOCIATED_DATA: N/A
INSTRUMENT_INFO: Printed Optical Particle Spectrometer counts particles from 140 - 2500 nm in diameter 
DATA_INFO: Particle concentrations reported in number per cubic centimeter, binned to 100 m altitude
UNCERTAINTY: Counting uncertainty dominated by air flow, less than 5 percent
ULOD_FLAG: -77777
ULOD_VALUE: 3000 ~3000 per cm3 (varies depending on flow rate- manufacturer quotes 1250  per cm3 at 1.667 cc/s)
LLOD_FLAG: -88888
LLOD_VALUE: 0 0 (varies depending on data field and measurement precision)
DM_CONTACT_INFO: Troy Thornberry, 325 Broadway R/CSL6, Boulder, CO 80305; troy.thornberry@noaa.gov; 303-497-3373
PROJECT_INFO: B2SAP Boulder, CO, USA
STIPULATIONS_ON_USE: Please contact the PIs for questions regarding applications and uncertainties
OTHER_COMMENTS: POPS bin Edges (nm):  140, 146.14, 152.56, 159.25, 166.24, 173.54, 181.16, 189.11, 197.41, 206.07, 215.12, 224.56, 234.41, 244.70, 361.30, 472.80, 567.00, 610.66, 657.69, 708.33, 762.88, 821.62, 884.89, 953.03, 1026.42, 1105.46, 1190.59, 1282.27, 1381.01, 1487.36, 1601.89, 1725.25, 1858.10, 2001.18, 2155.28, 2321.25, 2500
Calculations assume sulfate refractive index of 1.45+0.00j and extinction wavelength = 532 nm
REVISION: R0
R0: QA/QC data
TIME_START,TIME_STOP,TIME_MID,GPSAlt,GPS_Lon,GPS_Lat,iMet_Pressure,iMet_Temperature,THETA,Aerosol_concentration,Surface_Area_Conc,Volume_density,Effective_radius,Extinction,Bin01,Bin02,Bin03,Bin04,Bin05,Bin06,Bin07,Bin08,Bin09,Bin10,Bin11,Bin12,Bin13,Bin14,Bin15,Bin16,Bin17,Bin18,Bin19,Bin20,Bin21,Bin22,Bin23,Bin24,Bin25,Bin26,Bin27,Bin28,Bin29,Bin30,Bin31,Bin32,Bin33,Bin34,Bin35,Bin36
[from data line 143]
65493,65520,65506,15.8,-104.411,40.1475,118.605,-67.4732,378.207,9.68723,1.24803,58.0627,0.13957,0.000302425,1.7636,1.39829,1.13375,0.881802,0.629859,0.743233,0.415707,0.57947,0.314929,0.251943,0.226749,0.214152,0.151166,0.680247,0.138569,0.075583,0.0251943,0.0377915,0,0,0.0251943,0,0,0,0,0,0,0,0,0,0,0,0,0,0,0
65521,65542,65532,15.9,-104.407,40.1492,116.817,-68.1605,378.582,8.48425,1.17081,97.6878,0.250309,0.000281717,1.14304,1.32013,0.998147,0.93375,0.547371,0.611768,0.627867,0.37028,0.354181,0.305884,0.160991,0.144892,0.144892,0.676164,0.0965949,0.0160991,0.0160991,0,0,0,0,0,0,0,0,0,0,0,0,0,0,0,0.0160991,0,0,0
65543,65564,65554,16,-104.403,40.151,114.823,-68.8286,379.21,9.70305,1.3237,63.1887,0.143209,0.000349614,1.22701,1.59834,1.37231,0.904111,0.694228,0.56507,0.56507,0.371331,0.322897,0.371331,0.242173,0.209883,0.113014,0.742663,0.177593,0.129159,0.0322897,0.0484345,0,0.0161448,0,0,0,0,0,0,0,0,0,0,0,0,0,0,0,0
65565,65582,65574,16.1,-104.4,40.1539,112.712,-68.6117,381.63,9.22839,1.15829,50.9291,0.131907,0.000252049,1.57079,1.31554,1.17809,1.00138,0.8443,0.510507,0.314158,0.392698,0.314158,0.274888,0.215984,0.176714,0.157079,0.687221,0.137444,0.0785395,0.0392698,0,0,0.0196349,0,0,0,0,0,0,0,0,0,0,0,0,0,0,0,0
65583,65595,65589,16.2,-104.397,40.1562,111.04,-69.1238,382.304,9.73728,1.4846,91.5261,0.184951,0.000438062,1.22739,1.36376,1.17284,0.763708,0.954635,0.436405,0.736433,0.51823,0.327303,0.300028,0.300028,0.109101,0.163652,1.00919,0.190927,0.0545506,0.0272753,0,0,0,0.0272753,0,0.0272753,0,0,0.0272753,0,0,0,0,0,0,0,0,0,0
65596,65619,65608,16.3,-104.395,40.1585,109.196,-69.6742,383.099,10.2985,1.34032,67.0826,0.150149,0.000316262,1.78073,1.30587,1.3949,0.920042,0.816166,0.682611,0.72713,0.370984,0.356145,0.430342,0.163233,0.103876,0.163233,0.801327,0.148394,0.0593575,0.0296788,0,0,0,0.0148394,0.0148394,0,0,0.0148394,0,0,0,0,0,0,0,0,0,0,0
65620,65643,65632,16.4,-104.39,40.1609,107.435,-69.7188,384.798,9.36085,1.23014,54.815,0.13368,0.000273006,1.57002,1.24416,0.992368,0.770196,0.755385,0.622082,0.459155,0.562836,0.459155,0.177738,0.222172,0.222172,0.118492,0.918311,0.133303,0.0740573,0,0.0296229,0.0296229,0,0,0,0,0,0,0,0,0,0,0,0,0,0,0,0,0
65644,65667,65656,16.5,-104.385,40.1627,105.645,-69.6775,386.729,10.3551,1.34353,69.7577,0.155763,0.000295898,1.92308,1.43492,1.33137,0.872784,0.798819,0.65089,0.547339,0.473374,0.473374,0.25148,0.147929,0.25148,0.192308,0.665683,0.25148,0.0147929,0.0295859,0,0,0.0147929,0.0147929,0,0,0,0,0,0.0147929,0,0,0,0,0,0,0,0,0
65668,65687,65678,16.6,-104.381,40.1637,103.895,-69.439,389.037,11.7822,1.56403,77.5831,0.148814,0.000348928,1.7264,1.40604,1.54842,1.15686,1.06788,0.907694,0.51614,0.551735,0.587331,0.302565,0.284767,0.195777,0.195777,0.961088,0.231373,0.0889896,0,0,0.0355958,0,0,0,0,0,0,0.0177979,0,0,0,0,0,0,0,0,0,0
65688,65712,65700,16.7,-104.376,40.1652,102.206,-69.1772,391.365,11.419,1.45372,65.7992,0.135788,0.000331615,1.71003,1.41325,1.14473,1.20126,1.15886,0.833816,0.607696,0.565299,0.593564,0.494636,0.339179,0.16959,0.254384,0.579431,0.16959,0.0847948,0.0423974,0,0.0423974,0,0.0141325,0,0,0,0,0,0,0,0,0,0,0,0,0,0,0
65713,65729,65721,16.8,-104.372,40.1668,100.534,-69.4053,392.774,11.4151,1.47315,68.7182,0.139941,0.000286279,1.50254,1.5234,1.33559,1.14777,0.855611,0.500845,0.793005,0.605188,0.563451,0.542583,0.29216,0.333897,0.208686,0.980822,0.14608,0.0208686,0.0208686,0.0208686,0,0,0,0,0,0,0.0208686,0,0,0,0,0,0,0,0,0,0,0
65730,65755,65742,16.9,-104.367,40.169,98.8604,-69.6246,394.236,11.1245,1.47934,65.0846,0.131987,0.000322495,1.60331,1.29498,1.12231,1.24564,0.986649,0.567323,0.55499,0.727654,0.493325,0.406993,0.295995,0.295995,0.221996,0.900318,0.246662,0.0986649,0.0246662,0.0369993,0,0,0,0,0,0,0,0,0,0,0,0,0,0,0,0,0,0
65756,65779,65768,17,-104.362,40.1713,97.2333,-70.0342,395.313,11.1012,1.51692,81.0545,0.160301,0.000349042,1.51856,1.40074,1.17819,1.15201,1.03419,0.693824,0.733097,0.589096,0.405822,0.301093,0.37964,0.209456,0.183274,1.06037,0.170183,0.013091,0,0,0.026182,0,0,0.026182,0.013091,0,0,0,0.013091,0,0,0,0,0,0,0,0,0
65780,65802,65791,17.1,-104.358,40.1729,95.6013,-70.33,396.65,11.7366,1.92237,194.64,0.30375,0.000564252,1.82355,1.43965,1.27512,0.904921,0.850078,0.836367,0.891211,0.575859,0.425039,0.425039,0.452461,0.219375,0.233086,1.09687,0.123398,0.0548437,0.0137109,0.0274219,0.0137109,0.0137109,0,0,0,0,0,0,0,0,0,0,0.0274219,0,0,0.0137109,0,0
65803,65823,65813,17.2,-104.354,40.1744,94.0348,-70.7076,397.788,11.335,1.4861,71.7376,0.144817,0.000274239,1.38489,1.4451,1.00856,1.09888,1.02361,0.933294,0.72255,0.647284,0.451594,0.376328,0.391381,0.421487,0.24085,0.933294,0.195691,0,0.0150531,0.0150531,0.0150531,0,0,0,0,0,0,0,0.0150531,0,0,0,0,0,0,0,0,0
65824,65842,65833,17.3,-104.351,40.1757,92.5268,-68.1289,404.719,13.9734,1.97923,95.2743,0.144411,0.000472181,1.69725,1.4336,1.26881,1.40064,1.41712,0.889818,0.708559,0.692081,0.692081,0.593212,0.560256,0.411953,0.378997,1.36768,0.26365,0.115347,0,0.0329562,0.0164781,0,0,0,0.0329562,0,0,0,0,0,0,0,0,0,0,0,0,0
65843,65864,65854,17.4,-104.349,40.1768,91.025,-66.5773,409.692,14.9666,2.35308,133.872,0.170677,0.000664011,1.79148,1.6081,1.48115,1.25545,0.987432,1.12849,0.84637,0.832264,0.648884,0.620671,0.634778,0.423185,0.409079,1.67863,0.324442,0.0987432,0.0705308,0.0564247,0,0,0,0.0423185,0,0,0.0141062,0,0.0141062,0,0,0,0,0,0,0,0,0
65865,65887,65876,17.5,-104.346,40.1779,89.5413,-67.1343,410.511,14.8886,2.12715,98.5089,0.138931,0.000480125,1.93026,1.55231,1.25534,1.28234,1.29584,1.05287,0.985377,0.890889,0.566929,0.553431,0.539933,0.418448,0.188976,1.87627,0.310461,0.121485,0.040495,0,0,0,0,0.0134983,0.0134983,0,0,0,0,0,0,0,0,0,0,0,0,0
65888,65910,65899,17.6,-104.343,40.1791,88.1022,-67.0596,412.565,13.5858,2.03637,104.658,0.154183,0.000499254,1.64594,1.33564,1.17375,1.13327,1.07931,1.13327,0.822972,0.70155,0.620602,0.472197,0.566637,0.377758,0.310301,1.74038,0.323792,0.0674567,0.0134913,0,0.0134913,0,0.0134913,0,0.0134913,0.0134913,0.0134913,0,0,0,0,0,0,0,0,0,0,0
65911,65925,65918,17.7,-104.342,40.1802,86.6927,-67.2733,414.042,14.1613,2.44145,260.547,0.320155,0.000726908,1.36445,1.34377,1.50916,1.46781,0.950978,0.847611,0.992325,0.744243,0.66155,0.806264,0.578856,0.392795,0.392795,1.61253,0.268755,0.0826937,0,0.0413469,0,0,0,0,0.0413469,0,0,0.0206734,0.0206734,0,0,0,0,0.0206734,0,0,0,0
65926,65946,65936,17.8,-104.341,40.1816,85.2048,-67.991,414.642,13.6706,2.12301,127.684,0.18043,0.00056764,1.50243,1.30905,1.2793,1.16029,1.20492,0.907409,0.847907,0.922284,0.684276,0.595022,0.595022,0.416516,0.386764,1.42805,0.238009,0.0446267,0,0,0.0595022,0.0148756,0,0.0297511,0.0148756,0,0,0,0.0297511,0,0,0,0,0,0,0,0,0
65947,65971,65959,17.9,-104.339,40.1834,83.8464,-68.894,414.717,13.9351,1.97629,89.352,0.135636,0.000423809,1.58865,1.52611,1.41352,1.26342,1.01323,0.950689,0.988216,0.700507,0.625453,0.462835,0.437817,0.375272,0.237672,1.97643,0.237672,0.0750544,0.0250181,0.0125091,0,0,0,0.0250181,0,0,0,0,0,0,0,0,0,0,0,0,0,0
65972,65994,65983,18,-104.338,40.1855,82.4622,-69.3778,415.709,15.4835,2.52018,167.708,0.199638,0.000649635,1.67499,1.42987,1.36178,1.28008,1.25284,0.885158,1.00772,0.708127,0.735362,0.599184,0.721744,0.43577,0.490242,2.39674,0.299592,0.0953247,0.0680891,0,0,0,0.0136178,0,0,0,0,0,0.0136178,0,0,0,0,0,0.0136178,0,0,0
65995,66020,66008,18.1,-104.335,40.1876,81.1342,-69.0908,418.231,15.3863,2.56656,173.585,0.2029,0.000660398,1.57715,1.36044,1.36044,1.05946,1.25209,1.08354,1.0113,0.999264,0.71032,0.674202,0.481573,0.662163,0.36118,2.35971,0.264865,0.0481573,0,0,0.0240786,0,0,0.0240786,0.0240786,0,0,0,0.036118,0,0,0,0.0120393,0,0,0,0,0
66021,66045,66033,18.2,-104.332,40.1891,79.7796,-68.4224,421.621,15.9505,2.54595,130.072,0.15327,0.000620279,1.67113,1.60877,1.14734,1.22217,1.08499,1.0351,1.0351,0.960275,0.723324,0.698382,0.536257,0.598613,0.461431,2.45681,0.511315,0.124711,0.0249422,0.0124711,0,0,0,0.0124711,0.0124711,0,0,0,0.0124711,0,0,0,0,0,0,0,0,0
66046,66070,66058,18.3,-104.328,40.1899,78.4756,-68.0972,424.287,16.0794,2.72311,226.558,0.249594,0.000718221,1.68734,1.56327,1.41439,1.12903,1.35236,0.967741,0.942928,0.781637,0.76923,0.794044,0.583126,0.60794,0.533499,2.28288,0.434243,0.124069,0.0372208,0.0124069,0.0124069,0,0,0,0,0,0.0124069,0,0.0124069,0,0,0.0124069,0,0.0124069,0,0,0,0
66071,66094,66082,18.4,-104.325,40.1907,77.1779,-67.0958,428.393,14.4924,2.74069,194.148,0.212517,0.00088551,1.20877,1.44024,1.01588,1.08018,0.951584,0.887288,0.822992,0.784414,0.630103,0.552947,0.668681,0.51437,0.51437,2.57185,0.540088,0.128592,0.0385777,0.0257185,0.0257185,0.0257185,0.0128592,0.0128592,0.0128592,0,0,0,0.0128592,0,0,0,0,0,0.0128592,0,0,0
66095,66117,66106,18.5,-104.322,40.1914,75.9078,-66.2996,432.092,12.064,2.21235,139.474,0.18913,0.000699177,1.33599,0.935191,0.694713,0.881752,0.748153,0.801592,0.921831,0.601194,0.627914,0.748153,0.374076,0.454236,0.400796,1.80358,0.480955,0.0935191,0.0133599,0.0267197,0.0400796,0,0.0133599,0.0133599,0.0133599,0,0.0133599,0.0133599,0.0133599,0,0,0,0,0,0,0,0,0
66118,66143,66130,18.6,-104.32,40.192,74.6935,-65.5296,435.705,12.1012,2.34335,146.65,0.187745,0.000807322,1.0503,0.85622,0.993215,0.696392,0.901885,0.787722,0.821971,0.67356,0.605062,0.490899,0.410986,0.536565,0.285407,2.18051,0.422402,0.194077,0.0228325,0.0456651,0.0342488,0.0114163,0.0114163,0.0342488,0.0114163,0.0114163,0,0,0,0.0114163,0,0,0,0,0,0,0,0
66144,66168,66156,18.7,-104.318,40.193,73.5256,-63.2708,442.435,10.6368,2.07098,119.526,0.173143,0.00072204,0.866293,0.800498,0.89919,0.877258,0.636012,0.636012,0.570218,0.460561,0.493458,0.559252,0.460561,0.350903,0.318006,1.76548,0.526355,0.252212,0.0657944,0.0328972,0.0328972,0.0109657,0,0.0109657,0,0,0.0109657,0,0,0,0,0,0,0,0,0,0,0
66169,66196,66182,18.8,-104.316,40.1936,72.3589,-61.3207,448.586,7.71718,1.49407,83.3871,0.167436,0.000517148,0.690076,0.612321,0.641479,0.495688,0.534566,0.417933,0.505408,0.281862,0.447091,0.301301,0.262423,0.31102,0.262423,1.18576,0.46653,0.223546,0.0194388,0.0194388,0.00971938,0.00971938,0.0194388,0,0,0,0,0,0,0,0,0,0,0,0,0,0,0
66197,66220,66208,18.9,-104.314,40.1941,71.2229,-60.5308,452.304,7.87108,1.74255,107.248,0.184639,0.000698196,0.653109,0.68689,0.529243,0.484201,0.506722,0.439159,0.427899,0.326554,0.337815,0.213949,0.23647,0.315294,0.202689,1.53143,0.596806,0.202689,0.067563,0.045042,0.022521,0.0112605,0.0112605,0.0112605,0.0112605,0,0,0,0,0,0,0,0,0,0,0,0,0
66221,66242,66232,19,-104.314,40.1943,70.1336,-59.4045,456.702,6.78628,1.50354,102.109,0.203737,0.000622898,0.720127,0.500427,0.500427,0.341755,0.488222,0.341755,0.353961,0.305139,0.390578,0.292933,0.2197,0.207494,0.170878,1.24497,0.353961,0.195289,0.0488222,0,0.0366166,0.0244111,0,0,0.0366166,0,0,0.0122055,0,0,0,0,0,0,0,0,0,0
66243,66264,66254,19.1,-104.315,40.1945,69.0427,-59.1264,459.351,6.19817,1.30678,82.6643,0.189774,0.0005451,0.562359,0.586809,0.513458,0.427882,0.427882,0.415656,0.244504,0.268954,0.268954,0.195603,0.183378,0.244504,0.244504,0.99024,0.293404,0.0855763,0.0978015,0.0978015,0.0244504,0.0122252,0,0,0,0.0122252,0,0,0,0,0,0,0,0,0,0,0,0
66265,66287,66276,19.2,-104.316,40.1948,67.973,-59.683,460.204,5.91082,1.16716,67.5898,0.173729,0.000433036,0.64503,0.410474,0.37529,0.410474,0.37529,0.328379,0.293196,0.351835,0.258012,0.234556,0.37529,0.222829,0.152462,0.938226,0.293196,0.10555,0.0469113,0.0469113,0.0117278,0.0351835,0,0,0,0,0,0,0,0,0,0,0,0,0,0,0,0
66288,66309,66298,19.3,-104.317,40.1953,66.9277,-60.275,460.965,6.2913,1.44456,112.712,0.234075,0.000592145,0.590964,0.529405,0.480158,0.430911,0.467847,0.4186,0.393976,0.307794,0.160053,0.233923,0.221612,0.2093,0.147741,1.0465,0.344729,0.147741,0.0369353,0.0123118,0.0246235,0.0123118,0,0.0246235,0.0123118,0,0,0.0123118,0.0246235,0,0,0,0,0,0,0,0,0
66310,66331,66320,19.4,-104.317,40.1958,65.8727,-60.885,461.734,6.6245,1.35298,87.9136,0.194933,0.000476618,0.664913,0.517154,0.320143,0.541781,0.258577,0.430962,0.418649,0.30783,0.381709,0.295517,0.233951,0.381709,0.209324,1.04662,0.381709,0.110819,0.0492528,0.0123132,0.0246264,0,0.0123132,0.0123132,0,0,0,0,0,0.0123132,0,0,0,0,0,0,0,0
66332,66352,66342,19.5,-104.318,40.1963,64.8352,-60.5976,464.461,5.26893,1.10288,70.4207,0.191554,0.000467949,0.400336,0.47782,0.47782,0.361593,0.47782,0.219539,0.361593,0.232453,0.297023,0.245367,0.154969,0.232453,0.116226,0.594046,0.335765,0.154969,0.0258281,0.012914,0.0258281,0.0516562,0,0,0.012914,0,0,0,0,0,0,0,0,0,0,0,0,0
66353,66374,66364,19.6,-104.318,40.1963,63.8673,-60.7573,466.11,4.99379,1.16766,81.1821,0.208577,0.000557719,0.456223,0.394571,0.406901,0.419232,0.271268,0.283598,0.332919,0.221946,0.271268,0.184955,0.160294,0.110973,0.0986427,0.71516,0.35758,0.0986427,0.036991,0.0616517,0.036991,0.0246607,0.0246607,0.0123303,0.0123303,0,0,0,0,0,0,0,0,0,0,0,0,0
66375,66397,66386,19.7,-104.319,40.1962,62.857,-61.3839,466.857,4.60656,1.16,85.821,0.22195,0.000531814,0.460656,0.330727,0.295292,0.283481,0.248045,0.259857,0.259857,0.165364,0.165364,0.106305,0.236234,0.200799,0.165364,0.755948,0.366162,0.129929,0.0354351,0.0708701,0.0236234,0.0118117,0,0,0.0236234,0,0,0,0.0118117,0,0,0,0,0,0,0,0,0
66398,66422,66410,19.8,-104.319,40.1966,61.868,-61.4324,468.871,4.34163,1.02491,72.8151,0.213137,0.00046053,0.39271,0.403619,0.327258,0.381801,0.272715,0.207264,0.229081,0.272715,0.261807,0.130903,0.0654517,0.141812,0.0327258,0.567248,0.327258,0.185446,0.0654517,0.0436344,0,0,0.0218172,0,0,0,0,0,0.0109086,0,0,0,0,0,0,0,0,0
66423,66446,66434,19.9,-104.319,40.1971,60.8613,-61.525,470.87,3.76053,0.90447,64.4269,0.213695,0.000438916,0.386278,0.30675,0.272667,0.352195,0.215861,0.272667,0.2045,0.113611,0.0795278,0.159056,0.090889,0.090889,0.147695,0.533973,0.272667,0.113611,0.0568056,0,0.0227222,0.0227222,0.0227222,0,0.0227222,0,0,0,0,0,0,0,0,0,0,0,0,0
66447,66469,66458,20,-104.32,40.1982,59.915,-61.6936,472.604,3.91364,1.00832,75.1197,0.2235,0.000520652,0.371548,0.247699,0.346778,0.235314,0.235314,0.260084,0.198159,0.161004,0.111464,0.123849,0.185774,0.161004,0.111464,0.594477,0.284853,0.0866945,0.0247699,0.0247699,0.0743096,0.0123849,0.0247699,0.0247699,0.0123849,0,0,0,0,0,0,0,0,0,0,0,0,0
66470,66493,66482,20.1,-104.32,40.1997,58.9963,-61.7875,474.485,3.79153,0.885286,57.991,0.196516,0.000391376,0.328222,0.407448,0.248996,0.181088,0.237678,0.16977,0.22636,0.124498,0.215042,0.101862,0.124498,0.11318,0.124498,0.656444,0.316904,0.101862,0.011318,0.033954,0.033954,0.022636,0,0,0.011318,0,0,0,0,0,0,0,0,0,0,0,0,0
66494,66516,66505,20.2,-104.32,40.2013,58.0896,-61.4391,477.378,3.65453,0.848713,63.0719,0.222944,0.000360841,0.260193,0.319328,0.319328,0.260193,0.201058,0.283847,0.212885,0.141923,0.0709617,0.165577,0.177404,0.0946156,0.11827,0.626829,0.212885,0.0709617,0.0473078,0,0.011827,0.0236539,0,0.011827,0.011827,0,0,0,0.011827,0,0,0,0,0,0,0,0,0
66517,66538,66528,20.3,-104.321,40.2024,57.1945,-61.0886,480.29,3.08071,0.911912,70.2738,0.231186,0.000514965,0.185585,0.197957,0.247447,0.21033,0.148468,0.185585,0.136096,0.148468,0.21033,0.16084,0,0.136096,0.0494893,0.457776,0.259819,0.136096,0.0494893,0.037117,0.074234,0.0123723,0,0.037117,0,0,0,0,0,0,0,0,0,0,0,0,0,0
66539,66560,66550,20.4,-104.322,40.2029,56.2918,-60.6014,483.59,3.13448,0.859696,62.5286,0.2182,0.000449349,0.283831,0.197447,0.197447,0.222128,0.197447,0.283831,0.0987237,0.0863832,0.135745,0.0740428,0.0863832,0.0987237,0.0740428,0.53064,0.25915,0.135745,0.0493619,0.0617023,0.0370214,0,0,0.0123405,0.0123405,0,0,0,0,0,0,0,0,0,0,0,0,0
66561,66582,66572,20.5,-104.324,40.2033,55.4086,-59.7991,487.614,3.00938,0.760434,57.6921,0.227602,0.000391072,0.282513,0.294797,0.30708,0.159682,0.184248,0.184248,0.0491328,0.184248,0.159682,0.110549,0.0982656,0.110549,0.061416,0.356213,0.245664,0.0982656,0,0.0368496,0.0368496,0,0.0122832,0,0.0368496,0,0,0,0,0,0,0,0,0,0,0,0,0
