data/B2SAP/Locations/Boulder/NOAA-POPS-B2SAP_GMLBalloon_20220311_R0.ict
61,1001
Thornberry, T. D.
NOAA Chemical Sciences Laboratory
Portable Optical Particle Spectrometer (POPS)
Balloon Baseline Stratospheric Aerosol Profiles (B2SAP)
1,1
2022,03,11,2024,05,30
0
TIME_START,s,Seconds since midnight UTC on flight start day,Start time of 100 m altitude bin in UTC_seconds_since_midnight
28
1.0,1.0,1.0,1.0,1.0,1.0,1.0,1.0,1.0,1.0,1.0,1.0,1.0,1.0,1.0,1.0,1.0,1.0,1.0,1.0,1.0,1.0,1.0,1.0,1.0,1.0,1.0,1.0
99999,99999,99999,99999,99999,99999,99999,99999,99999,99999,99999,99999,99999,99999,99999,99999,99999,99999,99999,99999,99999,99999,99999,99999,99999,99999,99999,99999
TIME_STOP,s,End time of 100 m altitude bin in UTC seconds since midnight,
TIME_MID,s,Mid time of 100 m altitude in UTC seconds since midnight,
GPSAlt,m,GPS reported altitude above sea level (m),
GPS_Lon,deg,GPS reported longitude,
GPS_Lat,deg,GPS reported latitude,
iMet_Pressure,mb,Pressure reported (mB),
iMet_Temperature,degrees C,Ambient temperature (oC),
THETA,K,Potential temperature from iMet,
Aerosol_concentration,cm^-3,Aerosol concentration,
Surface_Area_Conc,um^2 cm^-3,Surface area concentration,
Volume_density,um^3 cm^-3,Volume density,
Effective_radius,um,Effective radius,
Extinction,km^-1,Extinction,
Bin01,cm^-3,particle concentration in size range [140 - 170 nm],
Bin02,cm^-3,particle concentration in size range [170 - 205 nm],
Bin03,cm^-3,particle concentration in size range [205 - 249 nm],
Bin04,cm^-3,particle concentration in size range [249 - 302 nm],
Bin05,cm^-3,particle concentration in size range [302 - 366 nm],
Bin06,cm^-3,particle concentration in size range [366 - 443 nm],
Bin07,cm^-3,particle concentration in size range [443 - 537 nm],
Bin08,cm^-3,particle concentration in size range [537 - 651 nm],
Bin09,cm^-3,particle concentration in size range [651 - 789 nm],
Bin10,cm^-3,particle concentration in size range [789 - 956 nm],
Bin11,cm^-3,particle concentration in size range [956 - 1159 nm],
Bin12,cm^-3,particle concentration in size range [1159 - 1404 nm],
Bin13,cm^-3,particle concentration in size range [1404 - 1702 nm],
Bin14,cm^-3,particle concentration in size range [1702 - 2062 nm],
Bin15,cm^-3,particle concentration in size range [2062 - 2500 nm],
0
19
PI_CONTACT_INFO: 325 Broadway R/CSL6, Boulder, CO 80305; troy.thornberry@noaa.gov; 303-497-3373 
PLATFORM: GML ECC/FPH balloon
LOCATION: Boulder, CO, USA
ASSOCIATED_DATA: N/A
INSTRUMENT_INFO: Printed Optical Particle Spectrometer counts particles from 140 - 2500 nm in diameter 
DATA_INFO: Particle concentrations reported in number per cubic centimeter, binned to 100 m altitude
UNCERTAINTY: Counting uncertainty dominated by air flow, less than 5 percent
ULOD_FLAG: -77777
ULOD_VALUE: 3000 ~3000 per cm3 (varies depending on flow rate- manufacturer quotes 1250  per cm3 at 1.667 cc/s)
LLOD_FLAG: -88888
LLOD_VALUE: 0 0 (varies depending on data field and measurement precision)
DM_CONTACT_INFO: Troy Thornberry, 325 Broadway R/CSL6, Boulder, CO 80305; troy.thornberry@noaa.gov; 303-497-3373
PROJECT_INFO: B2SAP Boulder, CO, USA
STIPULATIONS_ON_USE: Please contact the PIs for questions regarding applications and uncertainties
OTHER_COMMENTS: POPS bin Edges (nm):  140, 170, 205, 249, 302, 366, 443, 537, 651, 789, 956, 1159, 1404, 1702, 2062, 2500
Calculations assume sulfate refractive index of 1.45+0.00j and extinction wavelength = 532 nm
REVISION: R0
R0: QA/QC data
TIME_START,TIME_STOP,TIME_MID,GPSAlt,GPS_Lon,GPS_Lat,iMet_Pressure,iMet_Temperature,THETA,Aerosol_concentration,Surface_Area_Conc,Volume_density,Effective_radius,Extinction,Bin01,Bin02,Bin03,Bin04,Bin05,Bin06,Bin07,Bin08,Bin09,Bin10,Bin11,Bin12,Bin13,Bin14,Bin15
[from data line 154]
66384,66402,66393,17.2,-104.529,39.2998,84.1677,-53.1454,446.208,7.63411,1.89687,113.261,0.179127,0.000748874,1.49602,1.23202,1.27602,1.51802,0.946014,0.660009,0.308004,0.154002,0.0440006,0,0,0,0,0,0
66403,66416,66410,17.3,-104.526,39.3004,82.8773,-53.8891,446.659,8.58314,2.19153,131.643,0.180207,0.000869003,1.33052,1.27834,1.77402,1.69576,1.27834,0.678303,0.260886,0.234797,0.0521771,0,0,0,0,0,0
66417,66431,66424,17.4,-104.522,39.3008,81.4931,-54.3346,447.91,7.4966,1.95586,123.658,0.189673,0.0008282,1.37106,1.26049,1.41529,1.26049,0.906668,0.751871,0.28748,0.176911,0.0442277,0.0221139,0,0,0,0,0
66432,66446,66439,17.5,-104.52,39.3006,80.2647,-54.864,448.767,7.94843,1.99253,119.88,0.180495,0.000793728,1.28945,1.40493,1.50116,1.48191,1.21247,0.519631,0.288684,0.192456,0.0577368,0,0,0,0,0,0
66448,66466,66457,17.6,-104.516,39.3001,78.8847,-54.4942,451.757,7.45169,1.82782,109.378,0.179522,0.000707869,1.25709,1.33282,1.25709,1.63574,0.999616,0.575537,0.196894,0.10602,0.0908742,0,0,0,0,0,0
66467,66490,66478,17.7,-104.513,39.2994,77.6596,-54.44,453.903,7.46231,1.89558,116.383,0.184191,0.000767271,1.20198,1.43988,1.32719,1.32719,1.0893,0.500826,0.37562,0.175289,0,0.0250413,0,0,0,0,0
66491,66513,66502,17.8,-104.508,39.2985,76.3829,-54.6318,455.648,8.06674,2.11379,140.502,0.199408,0.000878594,1.4605,1.54542,1.37559,1.34163,1.10387,0.611374,0.356635,0.203791,0.0509478,0,0,0.0169826,0,0,0
66514,66537,66526,17.9,-104.505,39.298,75.3869,-54.4438,457.754,7.73199,1.92188,116.749,0.182242,0.000787915,1.56438,1.29466,1.33062,1.52842,0.899069,0.503478,0.341646,0.233758,0.0359627,0,0,0,0,0,0
66538,66562,66550,18,-104.499,39.2976,74.0636,-54.7444,459.449,7.24855,1.9118,122.26,0.19185,0.000821293,1.14087,1.31373,1.32525,1.41744,0.944962,0.564672,0.242002,0.230478,0.0460957,0.0230478,0,0,0,0,0
66563,66586,66574,18.1,-104.493,39.2975,72.8345,-54.9965,461.11,6.9943,1.9099,124.519,0.19559,0.000868215,1.0662,1.26523,1.46425,1.13729,0.909828,0.46913,0.326969,0.298537,0.0426482,0.0142161,0,0,0,0,0
66587,66608,66598,18.2,-104.487,39.2974,71.7076,-54.9029,463.379,7.2687,1.96264,125.878,0.192411,0.000874304,0.979361,1.53025,1.31602,1.1936,1.17829,0.413168,0.321353,0.24484,0.0918151,0,0,0,0,0,0
66612,66634,66623,18.3,-104.482,39.2973,70.6537,-54.7237,465.72,7.30438,1.88997,116.763,0.185342,0.000788957,1.06494,1.28339,1.50183,1.43357,0.969366,0.505163,0.232102,0.259408,0.0546122,0,0,0,0,0,0
66635,66658,66646,18.4,-104.477,39.2972,69.4875,-54.195,469.07,6.98813,1.67015,97.2377,0.174662,0.000636974,1.39763,1.13881,1.33292,1.38469,0.724695,0.51764,0.336466,0.142351,0.012941,0,0,0,0,0,0
66659,66681,66670,18.5,-104.473,39.2971,68.3327,-54.7633,470.105,7.01103,1.7382,107.539,0.185604,0.000720485,1.47509,1.44038,1.0586,1.16272,0.728869,0.607391,0.347081,0.156186,0.017354,0.017354,0,0,0,0,0
66682,66706,66694,18.6,-104.469,39.297,67.3629,-54.7729,472,6.47398,1.5422,90.6769,0.176391,0.000587934,1.29262,1.26004,1.0102,1.10796,0.95589,0.510532,0.162936,0.130349,0.0434496,0,0,0,0,0,0
66707,66731,66719,18.7,-104.465,39.297,66.29,-55.6195,472.338,6.66078,1.73462,109.078,0.188648,0.000730488,1.11472,1.10095,1.29362,1.2661,0.85324,0.578001,0.178905,0.220191,0.0412858,0.0137619,0,0,0,0,0
66732,66759,66746,18.8,-104.46,39.2969,65.1761,-56.1779,473.41,6.52303,1.6392,98.7177,0.180669,0.000657699,1.1792,1.27279,0.935873,1.23535,0.917155,0.542806,0.243327,0.159098,0.0374349,0,0,0,0,0,0
66760,66783,66772,18.9,-104.455,39.2969,64.1022,-56.0917,475.846,6.50184,1.65529,105.265,0.190778,0.000704608,1.09091,1.3091,1.13455,1.28,0.785457,0.436365,0.218183,0.160001,0.0727275,0.0145455,0,0,0,0,0
66784,66807,66796,19,-104.453,39.2971,63.195,-55.643,478.786,5.66432,1.38524,85.2074,0.184533,0.000553531,0.9942,1.16426,1.07269,1.00728,0.601752,0.405529,0.300876,0.091571,0,0.0261631,0,0,0,0,0
66808,66830,66819,19.1,-104.45,39.2971,62.2322,-56.2391,479.564,6.34488,1.40766,77.2302,0.164593,0.000479895,1.17329,1.19607,1.20746,1.43529,0.615123,0.330344,0.307562,0.0797382,0,0,0,0,0,0,0
66831,66842,66836,19.2,-104.448,39.297,61.4233,-56.86,479.982,5.25498,1.14136,64.208,0.168767,0.000395887,1.13858,1.18237,0.832039,0.87583,0.613081,0.437915,0.087583,0.0437915,0.0437915,0,0,0,0,0,0
66857,66878,66868,19.3,-104.444,39.2965,60.1663,-56.8663,482.816,5.32082,1.19211,65.2793,0.164279,0.000402196,1.01818,1.05103,1.08387,0.821115,0.558358,0.591203,0.131378,0.0656892,0,0,0,0,0,0,0
66879,66897,66888,19.4,-104.441,39.2962,59.4242,-56.6805,484.94,5.30491,1.2603,76.514,0.182133,0.000518086,1.18808,1.04993,0.967041,0.759818,0.663114,0.262482,0.221038,0.165778,0.0276297,0,0,0,0,0,0
66908,66928,66918,19.5,-104.436,39.2955,58.174,-57.2795,486.555,5.29152,1.35741,82.7694,0.182928,0.000560165,1.0662,0.908246,0.776616,0.987224,0.631823,0.526519,0.236934,0.13163,0.026326,0,0,0,0,0,0
66929,66950,66940,19.6,-104.433,39.295,57.3418,-57.7973,487.382,5.24747,1.28169,79.4229,0.185903,0.000532276,1.08071,1.06871,0.864572,0.804532,0.744492,0.360238,0.132087,0.120079,0.0720476,0,0,0,0,0,0
66951,66972,66962,19.7,-104.43,39.2946,56.541,-57.5705,489.869,4.94675,1.29672,77.9436,0.180324,0.000525854,0.753312,0.803532,0.866308,1.0923,0.577539,0.439432,0.263659,0.150662,0,0,0,0,0,0,0
66973,66973,66973,19.8,-104.428,39.2942,55.98,-57.59,491.22,7.1433,1.6958,93.881,0.166083,0.000597385,1.32283,1.32283,1.05827,1.05827,1.5874,0.264567,0.529133,0,0,0,0,0,0,0,0
67005,67012,67008,19.9,-104.423,39.2931,54.5767,-58.8133,491.989,5.88606,1.8242,138.638,0.227998,0.000949143,0.98101,0.891827,1.15938,0.891827,0.891827,0.624279,0,0.267548,0.0891827,0.0891827,0,0,0,0,0
67015,67038,67026,20,-104.421,39.2927,53.8075,-58.8038,494.012,5.42479,1.39504,86.4955,0.186007,0.00059934,1.19811,0.97624,0.787648,0.865304,0.665618,0.465933,0.24406,0.210779,0.0110936,0,0,0,0,0,0
67039,67059,67049,20.1,-104.419,39.2924,52.9274,-58.8247,496.288,5.01279,1.35117,87.4854,0.194244,0.00059449,0.840132,0.798125,0.89614,1.09217,0.546086,0.406064,0.266042,0.0980154,0.0560088,0.0140022,0,0,0,0,0
67060,67085,67072,20.2,-104.416,39.2926,52.0631,-58.4812,499.437,5.14355,1.26231,77.6435,0.184527,0.000524403,1.06348,1.0328,0.950994,0.746479,0.562416,0.337449,0.316998,0.112483,0.0102257,0.0102257,0,0,0,0,0
67086,67101,67094,20.3,-104.414,39.2929,51.4064,-58.0929,502.153,4.03461,1.10587,73.4523,0.19926,0.000524117,0.814498,0.700847,0.719789,0.62508,0.454603,0.322011,0.170476,0.170476,0.0568254,0,0,0,0,0,0
67115,67138,67126,20.4,-104.41,39.2928,50.3992,-54.8137,512.697,4.31344,0.999871,60.0766,0.180253,0.000400769,1.15461,0.697121,0.686229,0.751584,0.490164,0.250528,0.119818,0.141603,0.021785,0,0,0,0,0,0
67139,67163,67151,20.5,-104.407,39.2925,49.5547,-54.658,515.552,4.29807,0.985007,56.7013,0.172693,0.000373301,0.922258,1.06147,0.539434,0.643841,0.574236,0.243615,0.226214,0.0870055,0,0,0,0,0,0,0
67164,67184,67174,20.6,-104.405,39.2921,48.8505,-54.9155,517.045,4.39025,1.04922,62.4438,0.178544,0.000420441,1.03223,0.927702,0.601046,0.640245,0.48345,0.365854,0.248258,0.0783973,0.0130662,0,0,0,0,0,0
67185,67206,67196,20.7,-104.404,39.2917,48.0677,-54.9118,519.46,4.29263,1.04678,62.9898,0.180525,0.000428016,1.09397,0.737238,0.630219,0.594546,0.546983,0.344837,0.237819,0.0951274,0.0118909,0,0,0,0,0,0
67207,67226,67216,20.8,-104.402,39.2913,47.3623,-55.0892,521.224,3.5369,0.890125,58.3267,0.196579,0.000386497,0.75085,0.711332,0.533499,0.652054,0.375425,0.25687,0.158074,0.0395184,0.0395184,0.0197592,0,0,0,0,0
67227,67247,67237,20.9,-104.4,39.2907,46.5167,-55.3181,523.369,3.83296,0.914166,54.8209,0.179905,0.000356763,0.796163,0.762042,0.602809,0.716547,0.409455,0.261596,0.216101,0.0568688,0,0.0113738,0,0,0,0,0
67248,67267,67258,21,-104.399,39.2902,45.9073,-55.8982,523.948,3.94706,0.878428,51.5887,0.176185,0.000341118,1.22119,0.632402,0.610595,0.479753,0.523367,0.218069,0.174456,0.0654208,0.0218069,0,0,0,0,0,0
67268,67287,67278,21.1,-104.397,39.2898,45.0115,-55.8085,527.115,3.57874,0.858096,53.8265,0.188184,0.000370767,0.813893,0.873738,0.502699,0.550575,0.323163,0.227411,0.143628,0.107721,0.035907,0,0,0,0,0,0
67295,67310,67302,21.2,-104.396,39.2894,44.2444,-55.4612,530.564,3.15179,0.762577,46.7701,0.183995,0.000314875,0.642308,0.74687,0.448122,0.507872,0.328623,0.268873,0.104562,0.074687,0.0298748,0,0,0,0,0,0
67311,67332,67322,21.3,-104.395,39.2892,43.6245,-55.3691,532.925,3.21957,0.749306,42.6104,0.1706,0.000273293,0.696124,0.67437,0.435077,0.522093,0.391569,0.348062,0.0870154,0.0652616,0,0,0,0,0,0,0
67333,67354,67344,21.4,-104.394,39.2893,42.89,-55.7205,534.664,3.30919,0.760993,44.757,0.176442,0.0002963,0.859955,0.631359,0.424535,0.566046,0.402764,0.195939,0.141512,0.0761986,0.0108855,0,0,0,0,0,0
67355,67359,67357,21.5,-104.393,39.2893,42.49,-56.55,534.045,3.03758,0.828179,52.072,0.188626,0.000366945,0.482155,0.530371,0.530371,0.530371,0.482155,0.144647,0.192862,0.144647,0,0,0,0,0,0,0
67390,67390,67390,21.6,-104.391,39.2891,41.51,-56.91,536.734,2.406,0.487273,22.2064,0.136719,0.000100357,0.481199,0.2406,0,1.203,0.481199,0,0,0,0,0,0,0,0,0,0
67402,67406,67404,21.7,-104.39,39.2888,41.0775,-56.9825,538.155,2.58731,0.642667,39.3248,0.18357,0.000270477,0.782211,0.361021,0.30085,0.24068,0.541531,0.18051,0.0601701,0.12034,0,0,0,0,0,0,0
67429,67446,67438,21.8,-104.388,39.2879,40.1222,-57.1428,541.376,3.41513,0.883678,54.4554,0.184871,0.000369741,0.707518,0.462608,0.6667,0.503426,0.530638,0.285728,0.149667,0.0816367,0.0272122,0,0,0,0,0,0
67447,67466,67456,21.9,-104.387,39.2875,39.7511,-56.3022,544.945,3.06315,0.862384,58.6235,0.203935,0.000430864,0.738438,0.601691,0.328195,0.464943,0.328195,0.246146,0.136748,0.191447,0.0273496,0,0,0,0,0,0
67467,67486,67476,22,-104.386,39.2873,38.9835,-55.1525,550.876,3.16656,0.777618,49.9581,0.192735,0.000332705,0.732656,0.695402,0.484298,0.397373,0.360119,0.285612,0.136597,0.0248358,0.0372537,0.0124179,0,0,0,0,0
67487,67507,67497,22.1,-104.386,39.2873,38.3843,-55.859,551.535,3.21935,0.739198,42.3719,0.171965,0.000274022,0.759622,0.651104,0.409954,0.470242,0.554644,0.204977,0.0723449,0.0964599,0,0,0,0,0,0,0
67508,67528,67518,22.2,-104.386,39.2874,37.7314,-56.9262,551.517,2.844,0.648193,37.0738,0.171587,0.000240322,0.756772,0.500446,0.402798,0.378386,0.42721,0.195296,0.158678,0.012206,0.012206,0,0,0,0,0,0
67529,67552,67540,22.3,-104.386,39.2874,37.0691,-57.0152,554.093,3.00402,0.717699,45.7999,0.191445,0.000309882,0.80485,0.566796,0.453436,0.49878,0.272062,0.147367,0.158703,0.0793514,0.0113359,0.0113359,0,0,0,0,0
67553,67575,67564,22.4,-104.386,39.2871,36.5017,-56.4122,558.092,2.95382,0.631007,35.137,0.167052,0.00022116,0.883251,0.506784,0.419906,0.405427,0.390947,0.231672,0.0434386,0.0723977,0,0,0,0,0,0,0
67576,67591,67584,22.5,-104.385,39.2871,36.005,-56.0436,561.221,2.87198,0.679071,39.5031,0.174517,0.000257953,0.680206,0.49126,0.415682,0.472365,0.415682,0.24563,0.0566839,0.0944731,0,0,0,0,0,0,0
67602,67615,67608,22.6,-104.385,39.2873,35.37,-56.37,563.248,2.43297,0.52665,30.0145,0.170974,0.000202254,0.810989,0.405494,0.27033,0.405494,0.27033,0,0.27033,0,0,0,0,0,0,0,0
67647,67667,67657,22.8,-104.383,39.2883,34.18,-56.7309,567.839,2.40592,0.589859,36.307,0.184656,0.000250188,0.642418,0.415682,0.365297,0.289718,0.314911,0.17635,0.125964,0.0629822,0.0125964,0,0,0,0,0,0
67668,67676,67672,22.9,-104.382,39.2885,33.8478,-55.8322,571.78,1.92525,0.471664,29.0976,0.185074,0.000192553,0.52789,0.217367,0.310524,0.279471,0.341576,0.155262,0.0310524,0.0310524,0.0310524,0,0,0,0,0,0
67679,67711,67695,23,-104.381,39.2886,33.1282,-55.7235,575.598,2.4896,0.645843,42.4856,0.19735,0.000307985,0.751892,0.467844,0.284048,0.183796,0.401009,0.100252,0.217213,0.0501261,0.0334174,0,0,0,0,0,0
67712,67734,67723,23.1,-104.38,39.2885,32.488,-55.6387,579.03,2.61135,0.570708,32.1746,0.16913,0.000206054,0.686195,0.533707,0.381219,0.381219,0.285914,0.209671,0.0762439,0.0571829,0,0,0,0,0,0,0
67735,67755,67745,23.2,-104.379,39.2884,32.0286,-55.5448,581.652,2.17659,0.529336,33.1746,0.188016,0.000232434,0.582271,0.49909,0.221818,0.34659,0.1525,0.166363,0.138636,0.0554544,0.0138636,0,0,0,0,0,0
67756,67769,67762,23.3,-104.379,39.2884,31.6229,-54.9807,585.284,2.1124,0.499487,29.1226,0.174915,0.000191531,0.49221,0.430684,0.246105,0.348649,0.287122,0.184579,0.0615262,0.0615262,0,0,0,0,0,0,0
67800,67800,67800,23.4,-104.378,39.2891,30.77,-55.56,588.313,1.50486,0.201364,7.41482,0.110469,2.21819e-05,0.601945,0,0.601945,0.300973,0,0,0,0,0,0,0,0,0,0,0
67801,67812,67806,23.5,-104.378,39.2892,30.6463,-55.6337,588.789,1.90849,0.668425,67.7361,0.304011,0.0003373,0.449057,0.374214,0.299371,0.149686,0.299371,0.149686,0.0374214,0.0748429,0.0374214,0,0.0374214,0,0,0,0
67850,67870,67860,23.7,-104.376,39.2876,29.5214,-54.191,599.059,2.16619,0.435155,22.3633,0.154175,0.000129468,0.559967,0.427344,0.29472,0.3684,0.353664,0.0884159,0.0589439,0.014736,0,0,0,0,0,0,0
67871,67895,67883,23.8,-104.376,39.2862,29.0606,-53.26,604.314,2.14024,0.474914,26.3199,0.166261,0.000164591,0.616388,0.308194,0.27395,0.376682,0.27395,0.205463,0.0513657,0.0342438,0,0,0,0,0,0,0
67896,67912,67904,23.9,-104.377,39.2847,28.6071,-52.9547,607.885,1.65292,0.375234,21.1486,0.169083,0.000135904,0.459144,0.257121,0.238755,0.257121,0.183658,0.165292,0.0734631,0.0183658,0,0,0,0,0,0,0
67927,67945,67936,24,-104.377,39.2826,28.1568,-52.8732,610.859,1.949,0.379643,19.7277,0.155892,0.000116035,0.566375,0.483085,0.199897,0.283188,0.199897,0.166581,0.0333162,0.0166581,0,0,0,0,0,0,0
67946,67969,67958,24.1,-104.378,39.2815,27.7125,-53.0704,613.107,1.78399,0.326012,16.3571,0.15052,9.30618e-05,0.532534,0.412714,0.27958,0.226327,0.1997,0.0798801,0.0399401,0.0133134,0,0,0,0,0,0,0
67970,67991,67980,24.2,-104.378,39.2805,27.2332,-53.9464,613.706,1.70335,0.313004,16.1863,0.155138,9.45646e-05,0.587361,0.337733,0.234944,0.249628,0.14684,0.102788,0.014684,0.0293681,0,0,0,0,0,0,0
67992,68008,68000,24.3,-104.379,39.2794,26.8418,-54.3224,615.205,1.69314,0.32996,17.011,0.154664,0.000100178,0.557966,0.288603,0.250123,0.230882,0.173162,0.134681,0.0577206,0,0,0,0,0,0,0,0
68013,68035,68024,24.4,-104.38,39.2781,26.349,-54.585,617.717,1.27712,0.255524,13.8068,0.1621,8.33222e-05,0.4033,0.235258,0.134433,0.268867,0.100825,0.100825,0,0.0336083,0,0,0,0,0,0,0
68036,68056,68046,24.5,-104.381,39.2774,25.9571,-54.0529,621.886,1.65336,0.287612,13.8793,0.144771,7.62033e-05,0.433406,0.46551,0.272885,0.240781,0.144469,0.0321041,0.0642083,0,0,0,0,0,0,0,0
68057,68074,68066,24.6,-104.382,39.2767,25.572,-53.884,625.024,1.74773,0.388008,22.0904,0.170798,0.000142349,0.52205,0.20428,0.340467,0.249676,0.20428,0.136187,0.0453956,0.0453956,0,0,0,0,0,0,0
68078,68097,68088,24.7,-104.383,39.2759,25.0967,-53.4333,629.683,2.04625,0.32907,14.8834,0.135686,7.28065e-05,0.935429,0.233857,0.233857,0.292322,0.233857,0.116929,0,0,0,0,0,0,0,0,0
68098,68111,68104,24.8,-104.384,39.2755,24.8221,-53.445,631.627,1.69831,0.301465,14.078,0.140095,7.13929e-05,0.456263,0.405567,0.304176,0.177436,0.228132,0.12674,0,0,0,0,0,0,0,0,0
68120,68136,68128,24.9,-104.385,39.2748,24.3247,-53.3947,635.434,1.5914,0.30601,16.0015,0.156873,9.76941e-05,0.551686,0.275843,0.275843,0.127312,0.212187,0.0636561,0.0848748,0,0,0,0,0,0,0,0
68137,68156,68146,25,-104.386,39.2742,24.0067,-53.5873,637.272,1.29879,0.233654,11.2165,0.144014,5.90828e-05,0.490108,0.220549,0.0980216,0.220549,0.147032,0.122527,0,0,0,0,0,0,0,0,0
68157,68161,68159,25.1,-104.387,39.2738,23.728,-53.804,638.759,1.89622,0.391905,21.1876,0.162189,0.000131744,0.758489,0.151698,0.303395,0.227547,0.151698,0.227547,0.0758489,0,0,0,0,0,0,0,0
68177,68193,68185,25.2,-104.389,39.2738,23.194,-52.516,646.716,1.27266,0.217131,9.88431,0.136567,4.84158e-05,0.470331,0.165999,0.221332,0.138333,0.221332,0.055333,0,0,0,0,0,0,0,0,0
62257,62257,62257,1.8,-105.197,39.9491,825.82,-4.9,283.327,1989.46,257.452,10966.3,0.127787,0.0416092,720.444,650.437,372.631,142.978,66.6735,21.1133,10.7418,2.59286,0.740817,0,0.740817,0,0.370408,0,0
69452,69452,69452,25.8,-104.56,39.2533,20.93,-52.3,666.628,0.855077,0.0600396,1.49599,0.07475,1.66658e-06,0.855077,0,0,0,0,0,0,0,0,0,0,0,0,0,0
