data/B2SAP/Locations/Boulder/NOAA-POPS-B2SAP_GMLBalloon_20211104_R0.ict
61,1001
Thornberry, T. D.
NOAA Chemical Sciences Laboratory
Portable Optical Particle Spectrometer (POPS)
Balloon Baseline Stratospheric Aerosol Profiles (B2SAP)
1,1
2021,11,04,2024,05,30
0
TIME_START,s,Seconds since midnight UTC on flight start day,Start time of 100 m altitude bin in UTC_seconds_since_midnight
28
1.0,1.0,1.0,1.0,1.0,1.0,1.0,1.0,1.0,1.0,1.0,1.0,1.0,1.0,1.0,1.0,1.0,1.0,1.0,1.0,1.0,1.0,1.0,1.0,1.0,1.0,1.0,1.0
99999,99999,99999,99999,99999,99999,99999,99999,99999,99999,99999,99999,99999,99999,99999,99999,99999,99999,99999,99999,99999,99999,99999,99999,99999,99999,99999,99999
TIME_STOP,s,End time of 100 m altitude bin in UTC seconds since midnight,
TIME_MID,s,Mid time of 100 m altitude in UTC seconds since midnight,
GPSAlt,m,GPS reported altitude above sea level (m),
GPS_Lon,deg,GPS reported longitude,
GPS_Lat,deg,GPS reported latitude,
iMet_Pressure,mb,Pressure reported (mB),
iMet_Temperature,degrees C,Ambient temperature (oC),
THETA,K,Potential temperature from iMet,
Aerosol_concentration,cm^-3,Aerosol concentration,
Surface_Area_Conc,um^2 cm^-3,Surface area concentration,
Volume_density,um^3 cm^-3,Volume density,
Effective_radius,um,Effective radius,
Extinction,km^-1,Extinction,
Bin01,cm^-3,particle concentration in size range [140 - 170 nm],
Bin02,cm^-3,particle concentration in size range [170 - 205 nm],
Bin03,cm^-3,particle concentration in size range [205 - 249 nm],
Bin04,cm^-3,particle concentration in size range [249 - 302 nm],
Bin05,cm^-3,particle concentration in size range [302 - 366 nm],
Bin06,cm^-3,particle concentration in size range [366 - 443 nm],
Bin07,cm^-3,particle concentration in size range [443 - 537 nm],
Bin08,cm^-3,particle concentration in size range [537 - 651 nm],
Bin09,cm^-3,particle concentration in size range [651 - 789 nm],
Bin10,cm^-3,particle concentration in size range [789 - 956 nm],
Bin11,cm^-3,particle concentration in size range [956 - 1159 nm],
Bin12,cm^-3,particle concentration in size range [1159 - 1404 nm],
Bin13,cm^-3,particle concentration in size range [1404 - 1702 nm],
Bin14,cm^-3,particle concentration in size range [1702 - 2062 nm],
Bin15,cm^-3,particle concentration in size range [2062 - 2500 nm],
0
19
PI_CONTACT_INFO: 325 Broadway R/CSL6, Boulder, CO 80305; troy.thornberry@noaa.gov; 303-497-3373 
PLATFORM: GML ECC/FPH balloon
LOCATION: Boulder, CO, USA
ASSOCIATED_DATA: N/A
INSTRUMENT_INFO: Printed Optical Particle Spectrometer counts particles from 140 - 2500 nm in diameter 
DATA_INFO: Particle concentrations reported in number per cubic centimeter, binned to 100 m altitude
UNCERTAINTY: Counting uncertainty dominated by air flow, less than 5 percent
ULOD_FLAG: -77777
ULOD_VALUE: 3000 ~3000 per cm3 (varies depending on flow rate- manufacturer quotes 1250  per cm3 at 1.667 cc/s)
LLOD_FLAG: -88888
LLOD_VALUE: 0 0 (varies depending on data field and measurement precision)
DM_CONTACT_INFO: Troy Thornberry, 325 Broadway R/CSL6, Boulder, CO 80305; troy.thornberry@noaa.gov; 303-497-3373
PROJECT_INFO: B2SAP Boulder, CO, USA
STIPULATIONS_ON_USE: Please contact the PIs for questions regarding applications and uncertainties
OTHER_COMMENTS: POPS bin Edges (nm):  140, 170, 205, 249, 302, 366, 443, 537, 651, 789, 956, 1159, 1404, 1702, 2062, 2500
Calculations assume sulfate refractive index of 1.45+0.00j and extinction wavelength = 532 nm
REVISION: R0
R0: QA/QC data
TIME_START,TIME_STOP,TIME_MID,GPSAlt,GPS_Lon,GPS_Lat,iMet_Pressure,iMet_Temperature,THETA,Aerosol_concentration,Surface_Area_Conc,Volume_density,Effective_radius,Extinction,Bin01,Bin02,Bin03,Bin04,Bin05,Bin06,Bin07,Bin08,Bin09,Bin10,Bin11,Bin12,Bin13,Bin14,Bin15
58225,58735,58480,1.8,-105.197,39.9491,825.343,12.7957,302.065,143.34,18.1676,845.247,0.139575,0.00305602,65.1307,38.2052,21.2502,10.5122,5.88814,1.28339,0.806152,0.135434,0.0322461,0.0193477,0.0128984,0.0257969,0.0193477,0.00644922,0.0128984
58400,58713,58556,1.7,-105.197,39.9491,826.406,13.2539,302.437,140.097,17.1157,677.415,0.118736,0.0026495,64.3103,38.139,19.8371,10.2688,5.35049,1.26683,0.655771,0.208654,0.0149039,0.0298078,0.0149039,0,0,0,0
58736,58756,58746,1.9,-105.198,39.9495,813.796,10.859,301.233,129.827,15.9199,642.688,0.12111,0.002462,59.8339,35.0453,18.4654,9.3465,5.03898,1.33289,0.585172,0.0650191,0.0650191,0.0162548,0,0.0325096,0,0,0
58757,58775,58766,2,-105.198,39.9499,804.074,10.1158,301.478,123.908,15.7666,791.272,0.150559,0.00270888,57.8721,31.2502,18.6427,9.42319,4.62829,1.24038,0.610934,0.129592,0.0370263,0,0,0.0370263,0,0.0185131,0.0185131
58776,58795,58786,2.1,-105.198,39.9503,794.384,9.93842,302.332,96.9296,12.0401,498.914,0.124313,0.00202914,45.1343,25.6974,13.8861,6.80654,3.56707,0.964564,0.618777,0.163794,0.0545979,0.0181993,0,0,0.0181993,0,0
58796,58814,58805,2.2,-105.198,39.9507,784.269,9.10053,302.541,88.7993,10.9981,485.134,0.132332,0.00182286,39.63,25.8553,12.5041,6.35333,3.02013,0.755033,0.497217,0.0920772,0.0552463,0.0184154,0,0,0,0.0184154,0
58815,58834,58824,2.3,-105.198,39.9509,774.735,8.5455,303.01,74.9721,9.19879,448.252,0.146188,0.00153626,36.8847,18.791,10.3542,5.33398,2.40552,0.592665,0.522939,0.0348626,0.0174313,0.0174313,0,0,0,0,0.0174313
58835,58854,58844,2.4,-105.197,39.951,765.361,8.605,304.127,59.1128,7.40087,311.062,0.126091,0.0013836,28.165,15.917,7.58629,3.91722,2.21562,0.655824,0.425399,0.124075,0.0708999,0.0354499,0,0,0,0,0
58855,58875,58865,2.5,-105.195,39.9512,755.738,8.53143,305.145,47.0022,6.06324,292.621,0.144785,0.00121989,22.5148,12.4818,6.46195,3.09494,1.3264,0.510154,0.323098,0.153046,0.0680206,0.0170051,0.0170051,0.0340103,0,0,0
58876,58895,58886,2.6,-105.194,39.9512,746.885,8.0475,305.651,37.3996,4.97625,285.791,0.172293,0.00107357,18.5494,9.43398,4.69044,2.54877,1.25668,0.548693,0.159298,0.106199,0.0176998,0.0353995,0.0353995,0,0,0.0176998,0
58896,58915,58906,2.7,-105.192,39.9513,737.821,7.552,306.181,34.1363,4.39522,243.244,0.166029,0.000881886,16.6767,8.88455,4.58792,2.4214,0.837478,0.400533,0.18206,0.0364121,0.0728242,0,0.018206,0,0,0.018206,0
58916,58936,58926,2.8,-105.191,39.9514,728.978,6.75524,306.362,34.066,4.3787,207.201,0.141961,0.000875727,17.1423,8.42818,4.20568,2.11966,1.31217,0.43739,0.285986,0.0504681,0.0336454,0.0168227,0.0336454,0,0,0,0
58937,58956,58946,2.9,-105.19,39.951,720.173,6.169,306.782,33.2795,4.23599,206.654,0.146356,0.000867682,17.0434,8.32435,4.23394,1.79404,1.09436,0.322927,0.304987,0.0717616,0.0179404,0.0358808,0.0179404,0.0179404,0,0,0
58957,58977,58967,3,-105.189,39.9503,711.115,5.70238,307.385,31.68,4.00226,178.805,0.134028,0.00076942,15.7379,7.96255,4.04933,2.04168,1.13994,0.34028,0.289238,0.0680559,0.017014,0.017014,0.017014,0,0,0,0
58978,58994,58986,3.1,-105.188,39.9498,702.79,4.92,307.553,29.9371,3.69262,154.751,0.125724,0.000685522,15.3553,7.14304,3.82176,1.86538,1.00094,0.432222,0.227485,0.0454971,0.0227485,0.0227485,0,0,0,0,0
58995,59015,59005,3.2,-105.188,39.9495,694.38,4.19,307.799,25.6502,3.37868,174.716,0.155134,0.000746304,13.3588,6.19737,2.92654,1.51491,0.964035,0.223794,0.292654,0.0860746,0.0516447,0,0,0.0172149,0.0172149,0,0
59016,59034,59025,3.3,-105.187,39.949,685.701,3.31737,307.939,23.9343,3.20966,237.605,0.222085,0.000747951,13.0446,5.4641,2.52041,1.46222,0.846551,0.346316,0.173158,0.0192398,0,0.0384796,0,0,0,0,0.0192398
59035,59053,59044,3.4,-105.187,39.9484,677.365,2.47895,308.08,23.547,3.01099,132.465,0.131982,0.000640587,11.7639,6.13104,2.73981,1.4178,0.708902,0.364031,0.325712,0.0574785,0.0191595,0.0191595,0,0,0,0,0
59054,59073,59064,3.5,-105.187,39.948,668.938,1.61947,308.217,23.3572,3.0312,142.092,0.140629,0.0006208,11.6977,5.99197,2.63341,1.4312,0.858722,0.41982,0.20991,0.0763308,0.0190827,0,0,0.0190827,0,0,0
59074,59093,59084,3.6,-105.187,39.9476,660.538,0.854737,308.473,24.0921,3.03106,126.353,0.125058,0.0005742,12.0748,5.81732,3.08089,1.53087,0.880253,0.420991,0.229631,0.0191359,0.0382719,0,0,0,0,0,0
59094,59112,59103,3.7,-105.186,39.9472,652.166,-0.033125,308.598,25.487,3.2392,140.757,0.130363,0.000646001,12.6289,6.30299,3.16296,1.78776,0.962639,0.38964,0.1146,0.0687599,0.04584,0.02292,0,0,0,0,0
59113,59130,59122,3.8,-105.186,39.9469,644.518,-0.854444,308.705,23.2042,2.827,118.029,0.125252,0.000524042,11.8686,6.14951,2.5623,1.16841,0.922427,0.266479,0.184485,0.0614951,0,0.0204984,0,0,0,0,0
59131,59146,59138,3.9,-105.186,39.9465,636.946,-1.51625,308.994,28.0915,3.82014,206.219,0.161946,0.000838498,13.7825,7.16598,3.45707,1.90024,0.824202,0.434995,0.389206,0.0686835,0.0228945,0,0,0,0.045789,0,0
59148,59167,59158,4,-105.186,39.9462,628.282,-2.02889,309.627,30.4029,3.97687,188.208,0.141977,0.000858004,15.7122,7.31467,3.1261,2.02277,1.30765,0.510801,0.245184,0.0817281,0.0408641,0.020432,0.020432,0,0,0,0
59168,59185,59176,4.1,-105.185,39.9456,620.615,-2.67625,309.969,28.3762,3.82094,177.006,0.138976,0.000915099,13.8154,7.40857,3.16845,1.88709,0.978491,0.489245,0.442651,0.116487,0.0465948,0.0232974,0,0,0,0,0
59186,59206,59196,4.2,-105.185,39.9447,612.588,-3.51556,310.157,28.2877,3.44104,141.45,0.12332,0.000609076,14.5373,6.79236,3.58256,1.84305,0.890462,0.372751,0.165667,0.0828337,0,0.0207084,0,0,0,0,0
59207,59226,59216,4.3,-105.184,39.9436,604.933,-4.41947,310.236,26.8768,3.31835,142.659,0.128973,0.000661955,14.2874,6.10925,3.3962,1.65906,0.663625,0.390367,0.253739,0.0585551,0.0390367,0.0195184,0,0,0,0,0
59227,59245,59236,4.4,-105.183,39.9424,597.256,-5.35882,310.278,25.2894,3.18685,146.991,0.138373,0.000639521,13.9278,5.46146,2.76363,1.42568,1.03088,0.285137,0.285137,0.0877343,0,0,0.0219336,0,0,0,0
59246,59265,59256,4.5,-105.183,39.941,589.759,-6.1165,310.515,24.1045,2.746,108.633,0.118682,0.000439033,13.2901,5.73296,2.71757,1.45185,0.539792,0.167522,0.111681,0.0744541,0,0.0186135,0,0,0,0,0
59266,59285,59276,4.6,-105.181,39.9396,582.222,-6.58,311.125,24.5971,2.93122,131.935,0.135031,0.000497856,14.2534,5.12439,2.4673,1.44242,0.664273,0.436522,0.170813,0.0189792,0,0,0,0,0.0189792,0,0
59286,59308,59297,4.7,-105.18,39.9381,574.751,-6.98739,311.794,21.5554,2.72897,131.357,0.144403,0.000594121,12.2033,4.80638,2.00401,1.15679,0.635419,0.439906,0.179221,0.081464,0.0162928,0.0162928,0,0.0162928,0,0,0
59309,59326,59318,4.8,-105.178,39.9369,567.632,-7.36824,312.455,16.9383,1.94714,77.5377,0.119464,0.000333786,9.72954,4.06872,1.32676,0.995067,0.375914,0.287464,0.110563,0.0221126,0.0221126,0,0,0,0,0,0
59327,59345,59336,4.9,-105.177,39.9361,560.464,-7.41842,313.54,17.6593,1.97564,80.4432,0.122153,0.00033722,10.6388,3.87403,1.53388,0.825935,0.491628,0.157321,0.0786605,0.0196651,0.0196651,0.0196651,0,0,0,0,0
59347,59368,59358,5,-105.175,39.9347,553.209,-6.94136,315.27,14.2944,1.68377,87.4459,0.155804,0.000361728,9.11973,2.90328,1.093,0.580657,0.307406,0.136625,0.0512344,0.0341563,0.0170781,0.0341563,0,0.0170781,0,0,0
59369,59387,59378,5.1,-105.173,39.9329,546.317,-7.34667,315.917,10.8792,1.18731,46.5833,0.117703,0.000197924,6.76052,2.43379,0.748857,0.457635,0.291222,0.0832064,0.0624048,0.0208016,0.0208016,0,0,0,0,0,0
59388,59407,59398,5.2,-105.172,39.9307,539.334,-7.72833,316.624,10.1052,1.08358,46.3687,0.128377,0.000208329,6.66737,2.08355,0.833421,0.229191,0.0625066,0.104178,0.0625066,0.041671,0,0.0208355,0,0,0,0,0
59408,59426,59417,5.3,-105.171,39.9281,532.161,-8.33053,317.125,9.81073,1.09612,45.4373,0.124359,0.000214529,6.1342,2.23789,0.639396,0.399622,0.159849,0.0799245,0.0999056,0.0399622,0.0199811,0,0,0,0,0,0
59427,59443,59435,5.4,-105.17,39.9259,525.8,-8.96562,317.451,6.54817,0.816075,37.7276,0.138692,0.000202398,4.20785,1.04014,0.520072,0.330955,0.236396,0.0709189,0.0709189,0.0472792,0.0236396,0,0,0,0,0,0
59445,59464,59454,5.5,-105.169,39.9231,518.494,-9.71875,317.812,8.58195,0.983231,42.7383,0.130402,0.000214951,5.68969,1.54096,0.64009,0.308192,0.118535,0.142242,0.0711212,0.0474141,0.0237071,0,0,0,0,0,0
59466,59483,59474,5.6,-105.168,39.9205,511.79,-10.3421,318.238,11.8701,1.21747,43.8803,0.108127,0.000163141,7.66952,2.60167,0.758821,0.406511,0.271008,0.0813023,0.0542015,0.0271008,0,0,0,0,0,0,0
59484,59502,59493,5.7,-105.167,39.9182,505.843,-11.0644,318.423,14.8595,1.61773,67.2053,0.124629,0.000296125,9.58409,3.27877,0.882745,0.483408,0.315266,0.168142,0.0630532,0.0630532,0,0.0210177,0,0,0,0,0
59503,59520,59512,5.8,-105.166,39.9158,499.021,-11.8918,318.66,14.4088,1.86836,111.603,0.1792,0.00052791,9.71754,2.32327,1.16164,0.402105,0.245731,0.156374,0.201052,0.134035,0.0223392,0.0223392,0,0,0.0223392,0,0
59521,59538,59530,5.9,-105.164,39.9136,492.315,-12.6541,318.96,12.6468,1.37561,66.9028,0.145905,0.000237294,8.6792,2.32197,0.856648,0.33815,0.225434,0.112717,0.0450867,0.0450867,0,0,0.0225434,0,0,0,0
59539,59557,59548,6,-105.162,39.9113,485.897,-13.51,319.104,13.4215,1.33695,46.6307,0.104635,0.000160797,8.90511,2.78125,0.918579,0.382741,0.255161,0.12758,0.0255161,0.0255161,0,0,0,0,0,0,0
59558,59575,59566,6.1,-105.161,39.9089,479.985,-14.3481,319.186,12.658,1.49786,77.4647,0.155151,0.000297109,8.27913,2.20139,1.14855,0.430706,0.263209,0.119641,0.167497,0.0239281,0,0,0,0.0239281,0,0,0
59576,59593,59584,6.2,-105.159,39.9067,473.275,-15.2329,319.375,14.6633,1.79538,77.9863,0.130312,0.000385532,8.67094,3.00998,1.27027,0.690362,0.579904,0.220916,0.110458,0.0828434,0.0276145,0,0,0,0,0,0
59594,59610,59602,6.3,-105.157,39.9044,467.111,-15.9233,319.72,16.9509,2.17332,96.5709,0.133304,0.00048431,9.11947,3.76114,1.95785,0.901643,0.618269,0.309135,0.180329,0.0515224,0.0515224,0,0,0,0,0,0
59611,59627,59619,6.4,-105.155,39.9022,460.729,-16.5912,320.148,24.1529,3.54509,207.052,0.175216,0.000960939,12.1742,5.42706,2.98244,1.73568,0.757833,0.488924,0.317801,0.122231,0.0977849,0,0.0244462,0,0.0244462,0,0
59628,59645,59636,6.5,-105.154,39.9001,455.086,-17.2737,320.42,23.745,3.11432,135.566,0.130589,0.000660923,12.395,5.03092,2.60053,1.92001,0.947855,0.48608,0.24304,0.0972159,0.024304,0,0,0,0,0,0
59647,59664,59656,6.6,-105.153,39.8978,449.081,-18.09,320.61,20.7797,2.65627,119.092,0.134503,0.000612226,11.2173,4.59727,2.5482,1.07707,0.683023,0.183891,0.315241,0.10508,0.0525402,0,0,0,0,0,0
59667,59681,59674,6.7,-105.151,39.8958,442.989,-19.0077,320.703,20.3453,2.73952,122.803,0.134479,0.000640075,10.4289,4.58147,2.4113,1.23579,0.753531,0.421977,0.421977,0.0904237,0,0,0,0,0,0,0
59682,59698,59690,6.8,-105.15,39.8943,436.768,-19.8976,320.881,18.8812,2.69388,149.455,0.166439,0.000620464,9.60218,4.0163,2.28514,1.33877,0.877123,0.484726,0.161575,0.0692465,0,0,0.0230822,0.0230822,0,0,0
59700,59716,59708,6.9,-105.149,39.8927,430.616,-20.7429,321.109,16.9178,2.32247,126.766,0.163747,0.000532856,8.8952,3.88461,1.94231,0.844481,0.647435,0.337792,0.309643,0.0281494,0,0,0,0,0.0281494,0,0
59717,59737,59727,7,-105.148,39.8908,425.026,-21.6316,321.172,16.9274,2.21196,97.0544,0.131631,0.000484728,9.15163,3.56476,1.7928,0.917248,0.854708,0.354391,0.229312,0.0416931,0.0208465,0,0,0,0,0,0
59738,59756,59747,7.1,-105.147,39.8891,419.795,-22.45,321.259,15.142,1.98227,91.7343,0.138832,0.000464885,8.10207,3.3841,1.7291,0.765744,0.617536,0.247014,0.197611,0.0741043,0,0.0247014,0,0,0,0,0
59758,59780,59769,7.2,-105.145,39.8869,413.73,-23.36,321.424,16.2575,2.32562,126.702,0.163443,0.000632964,8.40189,3.5416,2.05338,1.03611,0.470958,0.301413,0.301413,0.0753532,0.0376766,0.0188383,0,0.0188383,0,0,0
59781,59805,59793,7.3,-105.143,39.8847,408.17,-24.2861,321.483,16.6457,2.37608,114,0.143934,0.0006359,8.11301,3.95159,2.04574,0.979156,0.699397,0.367184,0.332214,0.122395,0.0349699,0,0,0,0,0,0
59806,59828,59817,7.4,-105.141,39.8823,402.55,-25.2033,321.566,17.0239,2.3035,106.646,0.138892,0.000550489,8.5501,4.04603,2.13753,0.801572,0.763402,0.381701,0.229021,0.0954252,0,0.019085,0,0,0,0,0
59829,59861,59845,7.5,-105.139,39.8793,396.737,-26.0873,321.751,16.7535,2.26813,105.553,0.139612,0.000532067,8.43762,3.88076,2.08236,0.933006,0.662569,0.486786,0.202827,0.0270436,0.0135218,0.0270436,0,0,0,0,0
59862,59897,59880,7.6,-105.136,39.8758,391.264,-26.9606,321.886,15.0076,2.01846,96.4431,0.143342,0.000441573,7.35873,3.55169,1.90352,1.16068,0.533914,0.232136,0.162496,0.0812478,0.0116068,0,0,0.0116068,0,0,0
59898,59930,59914,7.7,-105.133,39.8724,386.05,-27.8597,321.946,15.3565,2.1108,97.9833,0.13926,0.000522871,7.65119,3.56875,1.77086,1.13551,0.60831,0.243324,0.229806,0.121662,0.027036,0,0,0,0,0,0
59931,59966,59948,7.8,-105.129,39.8692,380.502,-28.7748,322.078,13.9242,2.0383,111.158,0.163604,0.000519226,6.88817,3.21612,1.47868,1.01043,0.677727,0.369669,0.172512,0.0616115,0.0246446,0,0.0123223,0.0123223,0,0,0
59967,59997,59982,7.9,-105.126,39.8662,375.576,-29.6274,322.148,13.8472,1.99138,107.9,0.16255,0.000563623,7.23898,3.12387,1.45681,0.780968,0.660819,0.240298,0.180223,0.0600745,0.0901117,0,0.0150186,0,0,0,0
59998,60016,60007,8,-105.123,39.8639,370.418,-30.4044,322.389,12.9487,1.7049,77.3794,0.136159,0.000395915,7.07955,2.53494,1.43875,0.913491,0.525257,0.228373,0.137024,0.0456745,0.0456745,0,0,0,0,0,0
60018,60039,60028,8.1,-105.121,39.8615,365.529,-30.9922,322.829,12.0416,1.53187,65.7498,0.128764,0.00031622,6.45411,2.82795,1.1403,0.638569,0.524539,0.296478,0.136836,0,0.022806,0,0,0,0,0,0
60041,60065,60053,8.2,-105.119,39.8585,359.429,-31.83,323.272,11.2833,1.59886,104.373,0.195838,0.000486906,6.99521,2.07907,0.974565,0.454797,0.281541,0.259884,0.086628,0.043314,0.043314,0.043314,0,0,0.021657,0,0
60066,60086,60076,8.3,-105.118,39.8557,354.846,-32.6861,323.306,10.0824,1.17137,51.2141,0.131164,0.00025556,6.47665,1.90625,0.689005,0.551204,0.206702,0.114834,0,0.114834,0.0229668,0,0,0,0,0,0
60088,60120,60104,8.4,-105.115,39.8526,349.41,-33.5327,323.588,9.45122,1.06328,44.2516,0.124854,0.000210695,6.49945,1.44124,0.609756,0.388027,0.235588,0.152439,0.0692905,0.0415743,0.0138581,0,0,0,0,0,0
60121,60152,60136,8.5,-105.113,39.8491,344.772,-34.2939,323.791,9.14365,0.96699,38.0676,0.118101,0.000168038,6.38275,1.48436,0.608587,0.296872,0.178123,0.074218,0.0890616,0.0148436,0.0148436,0,0,0,0,0,0
60153,60185,60169,8.6,-105.111,39.8455,339.832,-35.1134,324.022,7.5142,0.933166,53.5703,0.172221,0.000217187,5.18221,1.12281,0.48943,0.23032,0.25911,0.100765,0.0719751,0.02879,0.014395,0,0,0,0.014395,0,0
60186,60216,60201,8.7,-105.108,39.8421,335.03,-35.9789,324.158,4.76917,0.601124,29.2998,0.146225,0.000151043,2.98847,0.944543,0.309686,0.139359,0.201296,0.10839,0.0464529,0.0154843,0,0.0154843,0,0,0,0,0
60218,60238,60228,8.8,-105.106,39.8393,330.762,-36.869,324.123,4.75372,0.505515,19.5706,0.116143,8.49991e-05,3.1483,0.938234,0.333594,0.145948,0.0833986,0.0416993,0.0416993,0.0208496,0,0,0,0,0,0,0
60239,60257,60248,8.9,-105.104,39.8368,325.708,-37.8389,324.212,3.88401,0.544974,42.2499,0.232579,0.000164144,2.76765,0.627954,0.162803,0.162803,0.0232575,0.0232575,0.0232575,0.0697726,0,0,0,0.0232575,0,0,0
60258,60274,60266,9,-105.102,39.8343,321.121,-38.6213,324.451,4.64547,0.508046,20.9116,0.123482,9.20314e-05,2.992,0.866105,0.446176,0.157474,0.104982,0.0524912,0,0,0.0262456,0,0,0,0,0,0
60275,60293,60284,9.1,-105.101,39.8319,316.521,-39.476,324.607,5.75065,0.667728,29.8918,0.134299,0.000153162,3.72101,1.24034,0.253705,0.225516,0.140947,0.0845684,0.0281895,0.0281895,0.0281895,0,0,0,0,0,0
60295,60311,60303,9.2,-105.099,39.8289,311.715,-40.4738,324.633,6.04444,0.715253,32.7278,0.137271,0.000165568,3.79103,1.29903,0.265107,0.37115,0.212086,0.0265107,0.0265107,0,0.0530214,0,0,0,0,0,0
60312,60330,60321,9.3,-105.098,39.8261,307.596,-41.2513,324.777,5.87989,0.70003,30.4204,0.130368,0.000157108,3.49384,1.36345,0.568105,0.0852157,0.198837,0.0284052,0.0852157,0.0568105,0,0,0,0,0,0,0
60331,60350,60340,9.4,-105.096,39.8226,302.802,-42.1774,324.939,6.506,0.822558,36.8282,0.134318,0.000186373,3.86294,1.1521,0.677709,0.338854,0.225903,0.158132,0.0451806,0.0225903,0.0225903,0,0,0,0,0,0
