data/B2SAP/Locations/Boulder/NOAA-POPS-B2SAP_GMLBalloon_20230823_R0.ict
82,1001
Thornberry, T. D.
NOAA Chemical Sciences Laboratory
Portable Optical Particle Spectrometer (POPS)
Balloon Baseline Stratospheric Aerosol Profiles (B2SAP)
1,1
2023,08,23,2024,05,30
0
TIME_START,s,Seconds since midnight UTC on flight start day,Start time of 100 m altitude bin in UTC_seconds_since_midnight
49
1.0,1.0,1.0,1.0,1.0,1.0,1.0,1.0,1.0,1.0,1.0,1.0,1.0,1.0,1.0,1.0,1.0,1.0,1.0,1.0,1.0,1.0,1.0,1.0,1.0,1.0,1.0,1.0,1.0,1.0,1.0,1.0,1.0,1.0,1.0,1.0,1.0,1.0,1.0,1.0,1.0,1.0,1.0,1.0,1.0,1.0,1.0,1.0,1.0
99999,99999,99999,99999,99999,99999,99999,99999,99999,99999,99999,99999,99999,99999,99999,99999,99999,99999,99999,99999,99999,99999,99999,99999,99999,99999,99999,99999,99999,99999,99999,99999,99999,99999,99999,99999,99999,99999,99999,99999,99999,99999,99999,99999,99999,99999,99999,99999,99999
TIME_STOP,s,End time of 100 m altitude bin in UTC seconds since midnight,
TIME_MID,s,Mid time of 100 m altitude in UTC seconds since midnight,
GPSAlt,km,GPS reported altitude above sea level (km),
GPS_Lon,deg,GPS reported longitude,
GPS_Lat,deg,GPS reported latitude,
iMet_Pressure,hPa,Pressure reported (hPa),
iMet_Temperature,degrees C,Ambient temperature (oC),
THETA,K,Potential temperature from iMet,
Aerosol_concentration,cm^-3,Aerosol concentration,
Surface_Area_Conc,um^2 cm^-3,Surface area concentration,
Volume_density,um^3 cm^-3,Volume density,
Effective_radius,um,Effective radius,
Extinction,km^-1,Extinction,
Bin01,cm^-3,particle concentration in size range [140 - 146.14 nm],
Bin02,cm^-3,particle concentration in size range [146.14 - 152.56 nm],
Bin03,cm^-3,particle concentration in size range [152.56 - 159.25 nm],
Bin04,cm^-3,particle concentration in size range [159.25 - 166.24 nm],
Bin05,cm^-3,particle concentration in size range [166.24 - 173.54 nm],
Bin06,cm^-3,particle concentration in size range [173.54 - 181.16 nm],
Bin07,cm^-3,particle concentration in size range [181.16 - 189.11 nm],
Bin08,cm^-3,particle concentration in size range [189.11 - 197.41 nm],
Bin09,cm^-3,particle concentration in size range [197.41 - 206.07 nm],
Bin10,cm^-3,particle concentration in size range [206.07 - 215.12 nm],
Bin11,cm^-3,particle concentration in size range [215.12 - 224.56 nm],
Bin12,cm^-3,particle concentration in size range [224.56 - 234.41 nm],
Bin13,cm^-3,particle concentration in size range [234.41 - 244.70 nm],
Bin14,cm^-3,particle concentration in size range [244.70 - 361.30 nm],
Bin15,cm^-3,particle concentration in size range [361.30 - 472.80 nm],
Bin16,cm^-3,particle concentration in size range [472.80 - 567.00 nm],
Bin17,cm^-3,particle concentration in size range [567.00 - 610.66 nm],
Bin18,cm^-3,particle concentration in size range [610.66 - 657.69 nm],
Bin19,cm^-3,particle concentration in size range [657.69 - 708.33 nm],
Bin20,cm^-3,particle concentration in size range [708.33 - 762.88 nm],
Bin21,cm^-3,particle concentration in size range [762.88 - 821.62 nm],
Bin22,cm^-3,particle concentration in size range [821.62 - 884.89 nm],
Bin23,cm^-3,particle concentration in size range [884.89 - 953.03 nm],
Bin24,cm^-3,particle concentration in size range [953.03 - 1026.42 nm],
Bin25,cm^-3,particle concentration in size range [1026.42 - 1105.46 nm],
Bin26,cm^-3,particle concentration in size range [1105.46 - 1190.59 nm]],
[...]
LOCATION: Boulder, CO, USA
ASSOCIATED_DATA: N/A
INSTRUMENT_INFO: Printed Optical Particle Spectrometer counts particles from 140 - 2500 nm in diameter 
DATA_INFO: Particle concentrations reported in number per cubic centimeter, binned to 100 m altitude
UNCERTAINTY: Counting uncertainty dominated by air flow, less than 5 percent
ULOD_FLAG: -77777
ULOD_VALUE: 3000 ~3000 per cm3 (varies depending on flow rate- manufacturer quotes 1250  per cm3 at 1.667 cc/s)
LLOD_FLAG: -88888
LLOD_VALUE: 0 0 (varies depending on data field and measurement precision)
DM_CONTACT_INFO: Troy Thornberry, 325 Broadway R/CSL6, Boulder, CO 80305; troy.thornberry@noaa.gov; 303-497-3373
PROJECT_INFO: B2SAP Boulder, CO, USA
STIPULATIONS_ON_USE: Please contact the PIs for questions regarding applications and uncertainties
OTHER_COMMENTS: POPS bin Edges (nm):  140, 146.14, 152.56, 159.25, 166.24, 173.54, 181.16, 189.11, 197.41, 206.07, 215.12, 224.56, 234.41, 244.70, 361.30, 472.80, 567.00, 610.66, 657.69, 708.33, 762.88, 821.62, 884.89, 953.03, 1026.42, 1105.46, 1190.59, 1282.27, 1381.01, 1487.36, 1601.89, 1725.25, 1858.10, 2001.18, 2155.28, 2321.25, 2500
Calculations assume sulfate refractive index of 1.45+0.00j and extinction wavelength = 532 nm
REVISION: R0
R0: QA/QC data
TIME_START,TIME_STOP,TIME_MID,GPSAlt,GPS_Lon,GPS_Lat,iMet_Pressure,iMet_Temperature,THETA,Aerosol_concentration,Surface_Area_Conc,Volume_density,Effective_radius,Extinction,Bin01,Bin02,Bin03,Bin04,Bin05,Bin06,Bin07,Bin08,Bin09,Bin10,Bin11,Bin12,Bin13,Bin14,Bin15,Bin16,Bin17,Bin18,Bin19,Bin20,Bin21,Bin22,Bin23,Bin24,Bin25,Bin26,Bin27,Bin28,Bin29,Bin30,Bin31,Bin32,Bin33,Bin34,Bin35,Bin36
57560,58468,58014,1.8,-105.197,39.9493,830.781,26.56,316.014,361.898,80.2114,4614.91,0.172603,0.0296328,24.8071,22.454,22.8656,20.9447,20.828,18.9552,18.7562,17.7066,16.4717,15.3603,14.0637,12.9386,12.0125,77.7004,26.9475,15.5387,1.4887,1.02905,0.58313,0.19209,0.109766,0.0617432,0.0823243,0,0,0,0,0,0,0,0,0,0,0,0,0
57665,71536,64600,1.8,-105.028,40.2461,829.538,27.6682,317.318,425.012,101.856,6036.06,0.177782,0.0397452,24.4865,24.6099,22.7771,22.0722,22.9974,21.288,20.5919,19.561,18.9883,17.79,16.4418,15.4638,14.3007,99.77,37.395,22.1339,1.90323,1.24239,0.6256,0.185037,0.176225,0.123358,0.0881127,0,0,0,0,0,0,0,0,0,0,0,0,0
58468,58488,58478,1.9,-105.198,39.9504,819.192,24.9819,315.614,356.617,77.8855,4426.38,0.170496,0.0279426,23.8446,23.5608,21.1229,20.839,20.2546,18.3176,19.3028,17.1655,16.0801,14.978,13.9428,13.2915,11.9557,78.9311,25.9987,14.0763,1.10206,0.701313,0.667917,0.200375,0.0834896,0.0667917,0.133583,0,0,0,0,0,0,0,0,0,0,0,0,0
58489,58511,58500,2,-105.199,39.9514,810.052,24.1661,315.76,346.262,75.1842,4248.39,0.169519,0.0268019,23.3684,22.3972,21.3502,19.6507,19.5748,19.5141,17.2076,17.1318,15.8268,13.9148,14.4611,12.4581,11.6842,76.4935,25.0072,12.9588,1.56295,0.758714,0.591797,0.136568,0.136568,0.0151743,0.0606971,0,0,0,0,0,0,0,0,0,0,0,0,0
58512,58531,58522,2.1,-105.2,39.9524,800.389,23.371,315.999,326.636,70.6924,3999.75,0.169739,0.0251733,22.6945,21.7174,20.3863,18.7689,19.1733,16.7471,16.646,15.5509,14.3041,14.1357,12.4845,12.5351,11.0693,71.8408,23.4696,12.1813,1.22992,0.825563,0.438054,0.168482,0.0842411,0.101089,0.0842411,0,0,0,0,0,0,0,0,0,0,0,0,0
58533,58551,58542,2.2,-105.2,39.9534,791.323,22.7342,316.348,350.921,76.8214,4359.77,0.170256,0.0274799,23.5723,22.92,21.8329,20.2023,19.4413,17.8831,18.1911,17.4301,15.9987,14.9841,13.3534,12.6287,11.5234,77.5477,26.8337,13.8426,1.52196,0.39861,0.253661,0.217423,0.0905931,0.12683,0.12683,0,0,0,0,0,0,0,0,0,0,0,0,0
58551,58566,58558,2.3,-105.201,39.9543,782.219,21.8712,316.469,370.375,81.2203,4622.2,0.170728,0.0292252,23.2588,25.2186,22.6989,20.933,21.1914,19.77,18.8224,17.358,17.1211,15.5274,15.0536,12.7924,12.1894,84.0764,26.4677,14.4722,1.52905,0.90451,0.452255,0.150752,0.193824,0.0861438,0.10768,0,0,0,0,0,0,0,0,0,0,0,0,0
58567,58586,58576,2.4,-105.201,39.9549,773.509,21.215,316.777,414.239,93.7564,5425.62,0.173608,0.0348108,26.3434,25.5315,24.1668,23.6141,23.044,21.2302,21.0747,18.8982,19.0018,16.8425,16.117,15.7197,14.7869,93.2989,32.9595,17.6026,1.57197,1.24375,0.587329,0.190018,0.120921,0.138195,0.155469,0,0,0,0,0,0,0,0,0,0,0,0,0
58587,58604,58596,2.5,-105.201,39.9554,764.683,20.6956,317.256,440.367,101.947,5985.68,0.176141,0.0388767,27.2231,26.8941,26.5072,24.0306,22.9084,22.5408,22.9084,19.7546,19.1548,18.555,16.6202,16.0978,14.7241,102.72,34.7496,20.0255,2.08962,1.1609,0.870674,0.348269,0.193483,0.154786,0.135438,0,0,0,0,0,0,0,0,0,0,0,0,0
58605,58624,58614,2.6,-105.201,39.9558,756.024,20.0045,317.542,454.923,106.313,6250.16,0.17637,0.0408085,27.4941,26.6003,27.0293,24.3836,25.778,22.6675,22.1133,20.415,20.1469,18.4844,17.8766,17.9481,14.5336,105.668,37.3262,20.9692,2.57422,1.53738,0.875951,0.125136,0.143012,0.107259,0.125136,0,0,0,0,0,0,0,0,0,0,0,0,0
58625,58641,58633,2.7,-105.201,39.9562,747.436,19.1741,317.677,456.927,108.372,6413.83,0.177551,0.0421349,28.169,26.77,25.2665,25.0786,23.763,22.2387,22.3222,21.4661,20.255,18.3548,17.436,17.3524,15.3687,106.349,39.0691,22.2805,2.6937,1.19024,0.814375,0.250577,0.229695,0.125288,0.0835256,0,0,0,0,0,0,0,0,0,0,0,0,0
58643,58662,58652,2.8,-105.201,39.9567,738.247,18.3306,317.883,444.508,103.109,6003.44,0.174673,0.0388211,26.9344,26.5978,24.9368,23.2085,23.0065,22.2434,22.4903,21.7944,19.8641,18.6297,17.036,16.7442,14.2528,105.65,37.1471,19.1459,1.99764,1.39161,0.965151,0.179563,0.112227,0.0673361,0.112227,0,0,0,0,0,0,0,0,0,0,0,0,0
58663,58680,58672,2.9,-105.2,39.9568,729.874,17.6571,318.184,444.249,104.698,6123.37,0.175458,0.0398325,26.2692,25.6347,23.1389,23.6253,24.979,21.5103,20.4316,20.9392,21.4045,16.8148,17.6608,16.3283,15.6727,105.711,39.1711,20.5162,1.90356,1.07869,0.930631,0.274959,0.126904,0.0634521,0.0634521,0,0,0,0,0,0,0,0,0,0,0,0,0
58680,58696,58688,3,-105.199,39.9569,721.785,16.9471,318.419,429.24,102.752,6070.28,0.177231,0.0398357,25.527,24.9241,23.5106,22.0555,21.3695,20.9953,20.9537,19.8104,18.1266,16.6923,16.2558,15.9855,14.7175,105.663,37.1472,20.3093,2.20347,1.64221,0.852285,0.207874,0.166299,0.0623623,0.0623623,0,0,0,0,0,0,0,0,0,0,0,0,0
58698,58715,58706,3.1,-105.198,39.9572,713.505,16.1511,318.594,436.82,104.106,6151.69,0.177272,0.0403759,25.4038,25.3276,23.8792,22.3927,22.5833,21.6113,22.145,20.7538,19.5912,17.7236,16.4086,16.1799,14.0836,105.198,37.1624,21.3255,2.36315,1.29592,0.686074,0.457383,0.0762305,0.0762305,0.0952881,0,0,0,0,0,0,0,0,0,0,0,0,0
58716,58733,58724,3.2,-105.198,39.9574,704.889,15.1522,318.597,437.709,104.648,6210.22,0.178032,0.040827,25.3024,24.2959,24.0343,22.3837,23.6518,22.6051,21.6993,20.3708,19.8273,17.6131,17.2507,14.5333,15.0365,105.235,37.4202,21.1357,1.95253,1.83176,0.885685,0.281809,0.140904,0.100646,0.120775,0,0,0,0,0,0,0,0,0,0,0,0,0
58734,58750,58742,3.3,-105.197,39.9576,696.827,14.4806,318.903,444.228,105.049,6199.53,0.177047,0.0404943,26.1526,25.8508,24.8806,24.126,24.6434,21.5603,21.3016,20.1373,18.9731,17.7872,16.817,16.1702,15.3078,107.801,36.9543,20.2882,2.45787,1.27206,1.05645,0.280284,0.172482,0.150922,0.0862412,0,0,0,0,0,0,0,0,0,0,0,0,0
58751,58769,58760,3.4,-105.197,39.958,688.513,13.8884,319.34,434.978,103.556,6143.46,0.177975,0.0403801,25.8503,26.7029,24.0287,22.2847,22.9436,21.5871,21.0251,19.9981,18.1378,16.4713,17.4596,17.2658,14.5529,104.137,36.0625,20.9283,2.49976,1.33708,1.06579,0.329426,0.077512,0.135646,0.0968901,0,0,0,0,0,0,0,0,0,0,0,0,0
58770,58786,58778,3.5,-105.197,39.9584,680.395,12.9876,319.417,423.767,100.611,5921.54,0.176567,0.0386312,23.7864,23.6366,23.294,22.5447,23.0585,20.4893,20.8319,19.9969,19.1619,16.6355,16.6355,16.0574,14.4303,101.954,36.3326,20.4465,2.14099,0.942037,0.877807,0.235509,0.0428199,0.0642298,0.171279,0,0,0,0,0,0,0,0,0,0,0,0,0
58788,58804,58796,3.6,-105.196,39.9587,672.436,12.0888,319.484,426.076,99.8364,5862.28,0.176157,0.0381211,25.7592,23.6359,23.3326,22.2359,22.5159,21.5826,21.5593,20.1127,18.8527,17.6861,17.1961,15.6562,15.3528,101.963,34.4389,19.156,1.95994,1.44662,1.02663,0.279991,0.0466651,0.209993,0.0699977,0,0,0,0,0,0,0,0,0,0,0,0,0
58805,58823,58814,3.7,-105.195,39.9593,664.305,11.4958,319.932,404.983,93.4643,5453.4,0.175042,0.0353089,24.8403,24.8797,23.4625,22.0059,21.9665,20.0179,19.9392,18.4629,18.4432,16.0222,15.9041,15.3726,13.6405,95.7197,32.1034,17.4394,2.06674,1.16131,1.04321,0.157466,0.177149,0.0787331,0.0787331,0,0,0,0,0,0,0,0,0,0,0,0,0
58824,58840,58832,3.8,-105.195,39.9599,656.682,11.0476,320.483,367.412,81.1118,4596.82,0.170018,0.0288857,24.4345,22.6892,21.642,19.7439,20.3766,18.784,18.6313,17.0169,16.6678,14.9007,15.1843,13.7662,12.4354,87.0697,27.2488,13.3953,1.70169,0.719945,0.50178,0.174532,0.109083,0.130899,0.087266,0,0,0,0,0,0,0,0,0,0,0,0,0
58841,58858,58850,3.9,-105.195,39.9605,648.677,10.1156,320.553,358.39,79.9547,4602.53,0.172693,0.0293431,24.0069,22.4794,22.0665,19.7959,20.6835,18.2064,17.3808,17.1743,15.812,15.0895,13.5207,12.9633,12.4473,81.8877,27.4335,13.5826,1.34175,1.23853,0.681194,0.268349,0.144496,0.0619267,0.123853,0,0,0,0,0,0,0,0,0,0,0,0,0
58859,58876,58868,4,-105.194,39.961,641.008,9.15667,320.554,356.704,78.7133,4494.46,0.171297,0.0284748,23.8944,24.0802,19.8295,19.2517,19.747,19.8295,18.8184,17.4359,15.2281,15.3312,13.4329,12.5456,12.7313,81.0513,26.3912,13.5567,1.4444,1.01108,0.639661,0.185708,0.0412685,0.103171,0.123805,0,0,0,0,0,0,0,0,0,0,0,0,0
58878,58893,58886,4.1,-105.194,39.9617,633.322,8.18647,320.555,351.298,78.606,4505.06,0.171936,0.0287492,23.6495,21.4802,20.9911,20.3743,18.2688,18.3114,17.5032,16.7163,16.0783,14.9086,13.2922,12.6117,11.9736,80.3276,26.8609,14.8873,1.23352,0.87197,0.595492,0.127605,0.0425351,0.106338,0.0850703,0,0,0,0,0,0,0,0,0,0,0,0,0
58895,58909,58902,4.2,-105.194,39.9623,625.528,7.21438,320.581,341.998,75.5277,4300.84,0.170832,0.0272408,22.9644,21.7762,21.1135,19.2855,19.674,17.5489,17.389,15.7209,15.4239,12.8189,12.8875,12.8418,12.0192,78.5589,25.7521,12.8418,1.55381,0.822606,0.616954,0.159951,0.0685505,0.0914006,0.0685505,0,0,0,0,0,0,0,0,0,0,0,0,0
58910,58925,58918,4.3,-105.194,39.9629,618.104,6.40937,320.754,339.778,74.5324,4235.76,0.170493,0.0267742,22.539,21.5754,20.0713,20.3063,19.5777,17.4625,17.3214,15.7938,15.0887,14.7127,12.997,13.3025,11.6808,76.0545,25.5709,12.2919,1.43366,0.940105,0.634571,0.211524,0.0705079,0.0705079,0.0705079,0,0,0,0,0,0,0,0,0,0,0,0,0
58926,58943,58934,4.4,-105.193,39.9638,610.844,5.67944,320.997,325.343,69.4826,3887.72,0.167857,0.0242007,23.7345,21.0491,19.6858,18.5703,19.376,17.4136,16.0296,16.3807,14.501,12.8898,12.9311,11.4851,10.7621,74.3847,22.0407,11.1959,1.28071,0.846923,0.413133,0.103283,0.103283,0.103283,0.06197,0,0,0,0,0,0,0,0,0,0,0,0,0
58944,58960,58952,4.5,-105.193,39.9647,603.41,4.79412,321.1,324.648,70.0147,3952.25,0.169347,0.0248619,22.0843,21.6372,20.4078,17.9491,19.089,17.2114,18.0385,15.2221,15.4232,13.5233,12.2045,11.7127,10.4833,71.8186,23.1348,11.3998,1.47526,0.98351,0.53646,0.08941,0.08941,0.0670575,0.0670575,0,0,0,0,0,0,0,0,0,0,0,0,0
58961,58978,58970,4.6,-105.193,39.9657,595.907,3.80611,321.105,332.986,71.0671,4002.37,0.168954,0.025175,24.1177,21.88,20.4711,19.9531,20.4504,17.5703,17.9018,16.555,13.9236,13.0534,13.3642,11.831,12.0174,72.2703,22.5016,11.831,1.05671,1.03599,0.890947,0.186477,0.0621591,0.0207197,0.0414394,0,0,0,0,0,0,0,0,0,0,0,0,0
58979,58997,58988,4.7,-105.192,39.9667,588.592,2.82368,321.096,350.953,75.8464,4272.02,0.168974,0.0268768,24.2738,23.3817,21.39,20.2074,20.2489,18.7136,17.9875,16.8049,16.0995,14.7095,13.7759,12.8838,10.6016,78.7757,25.0414,12.6763,1.59751,1.01659,0.45643,0.145228,0.0414937,0.0622405,0.0622405,0,0,0,0,0,0,0,0,0,0,0,0,0
58998,59015,59006,4.8,-105.192,39.9676,581.322,1.85,321.102,356.356,78.6026,4504.65,0.171928,0.0287411,23.5629,23.225,22.1694,21.1348,20.5436,18.9178,17.9255,17.0598,15.5819,14.5895,13.3861,13.196,11.9292,79.5774,25.632,13.9772,1.94246,0.950115,0.591183,0.147796,0.168909,0.0844547,0.063341,0,0,0,0,0,0,0,0,0,0,0,0,0
59016,59033,59024,4.9,-105.192,39.9684,573.969,0.877222,321.131,341.65,75.7218,4355.24,0.172549,0.0279192,22.8319,21.4438,21.278,20.1385,19.2062,18.3981,17.01,16.7407,16.1191,14.1715,13.2185,11.7682,11.3331,75.3744,25.2353,13.55,1.65749,0.973776,0.662996,0.248624,0.227905,0.0414373,0.0207186,0,0,0,0,0,0,0,0,0,0,0,0,0
59034,59050,59042,5,-105.191,39.9692,567.111,-0.02125,321.183,357.467,79.0718,4542.8,0.172355,0.0290162,23.3982,22.4671,22.2044,21.1539,19.0051,19.4348,18.5753,17.5725,16.2116,14.4687,15.185,12.7258,11.6991,79.3868,26.3827,13.442,1.5758,1.24154,0.787899,0.33426,0.119379,0,0.0955029,0,0,0,0,0,0,0,0,0,0,0,0,0
59050,59066,59058,5.1,-105.191,39.9702,560.158,-0.89,321.289,344.727,75.0916,4269.55,0.170574,0.0271024,23.3123,21.9682,20.7784,21.153,20.0733,19.0377,18.1343,16.68,15.4901,13.6613,13.0664,13.0003,11.8104,74.9388,25.4056,12.4274,1.58647,1.21189,0.594927,0.176275,0.110172,0.110172,0,0,0,0,0,0,0,0,0,0,0,0,0,0
59067,59083,59075,5.2,-105.191,39.9712,553.684,-1.63176,321.479,346.684,78.11,4544.05,0.174525,0.029472,23.2133,21.7653,20.7245,19.8195,21.1771,18.5525,18.5299,15.9959,14.9552,12.6474,13.1452,13.5298,11.1089,76.4953,26.2677,14.1633,2.05888,1.3575,0.746627,0.226251,0.0905002,0.0905002,0.0226251,0,0,0,0,0,0,0,0,0,0,0,0,0
59085,59104,59094,5.3,-105.191,39.9728,545.987,-2.4725,321.769,330.073,71.982,4106.27,0.171137,0.0260366,20.3092,21.3408,20.3092,18.4717,20.5026,18.0204,18.5362,15.9572,14.6678,13.604,13.6684,12.3467,11.7342,71.179,23.6941,11.8954,1.8375,0.838158,0.709211,0.225658,0.0967106,0.0322369,0.0967106,0,0,0,0,0,0,0,0,0,0,0,0,0
59104,59122,59113,5.4,-105.191,39.9741,539.312,-3.21579,322.014,325.612,77.5555,4670.05,0.180647,0.0309101,19.8771,19.8158,18.3245,18.4471,17.6299,16.2204,16.4042,14.5656,14.4635,13.2378,13.0335,11.726,10.2756,74.5442,27.1293,14.7291,2.06329,1.12358,1.28701,0.326858,0.163429,0.122572,0.102143,0,0,0,0,0,0,0,0,0,0,0,0,0
59123,59140,59132,5.5,-105.191,39.9756,532.639,-4.00882,322.213,296.145,64.5389,3725.24,0.173163,0.0238344,19.4654,20.1096,17.9698,17.2105,17.7627,16.8194,15.3928,15.761,14.0583,12.1486,11.0442,10.607,10.1698,63.0668,19.3733,11.4123,1.54158,0.828313,0.828313,0.276104,0.115043,0.138052,0.0460174,0,0,0,0,0,0,0,0,0,0,0,0,0
59141,59158,59150,5.6,-105.191,39.977,525.952,-4.75118,322.487,284.466,61.7216,3523.61,0.171266,0.0225019,20.4389,18.8283,17.7848,16.9001,17.1043,14.8585,14.7224,13.5655,13.1798,11.9548,11.2516,9.95859,8.4614,62.2922,18.8737,10.7979,1.56524,1.02081,0.612487,0.204162,0.0226847,0.0453694,0.0226847,0,0,0,0,0,0,0,0,0,0,0,0,0
59159,59176,59168,5.7,-105.191,39.978,519.201,-5.58176,322.677,282.527,61.8897,3581.23,0.173594,0.022974,18.3109,18.9391,18.2411,17.2639,17.8223,14.8441,14.5882,13.96,13.0991,11.4937,9.88834,10.1908,9.12054,61.3077,19.0787,10.7027,1.34947,0.930667,0.814334,0.2792,0.1396,0.162867,0,0,0,0,0,0,0,0,0,0,0,0,0,0
59177,59195,59186,5.8,-105.191,39.9793,512.561,-6.41733,322.853,257.429,55.426,3118.13,0.168772,0.0196001,17.2768,16.807,15.9458,15.3977,15.1368,14.2233,12.9706,12.0311,11.6657,10.7523,10.2304,8.76889,9.16035,57.3892,18.1119,9.08206,0.913426,0.73074,0.574153,0.130489,0.104391,0.0260979,0,0,0,0,0,0,0,0,0,0,0,0,0,0
59196,59213,59204,5.9,-105.191,39.9806,506.219,-7.25333,322.989,250.104,53.9799,3065.84,0.170388,0.0194371,17.8253,16.2077,16.2077,14.4932,15.8519,13.0374,12.5521,11.5169,11.6463,9.83464,10.3846,8.92882,8.92882,53.0553,17.7606,9.21997,1.22933,0.485262,0.582314,0.226456,0.0970524,0,0.0323508,0,0,0,0,0,0,0,0,0,0,0,0,0
59216,59229,59222,6,-105.191,39.9819,499.598,-7.90538,323.414,216.578,45.8683,2554.6,0.167083,0.0159299,14.7977,14.5017,14.4721,12.8148,13.4659,11.7493,11.1574,9.88483,10.1512,9.32252,7.72437,7.72437,7.31004,46.6422,15.7743,7.13247,0.887859,0.562311,0.325548,0.118381,0.0295953,0,0.0295953,0,0,0,0,0,0,0,0,0,0,0,0,0
59231,59249,59240,6.1,-105.19,39.9829,493.566,-8.14286,324.246,172.02,35.4662,1952.2,0.165132,0.0120111,13.0506,12.2151,10.8899,11.0051,9.91038,9.13253,9.85276,7.92254,8.0954,6.68374,6.8566,5.73304,5.64661,36.847,11.5237,5.09924,0.806659,0.288092,0.230474,0.144046,0.0576185,0.0288092,0,0,0,0,0,0,0,0,0,0,0,0,0,0
59249,59266,59258,6.2,-105.19,39.9841,487.019,-8.82667,324.644,145.229,29.3813,1601.57,0.16353,0.00974247,11.0297,10.5559,9.37131,9.10807,9.39763,8.31835,7.34437,6.71259,6.84421,5.97552,5.2911,5.55434,4.44874,30.7463,9.26601,3.94858,0.684421,0.184267,0.342211,0.0526478,0.0263239,0,0.0263239,0,0,0,0,0,0,0,0,0,0,0,0,0
59268,59283,59276,6.3,-105.188,39.9851,480.941,-9.715,324.716,141.326,28.9069,1564.7,0.162386,0.00945549,10.0847,9.63775,9.63775,8.24097,8.04542,7.65433,8.24097,6.53691,7.20736,5.86645,5.50329,5.1122,4.07858,30.31,10.4199,3.9389,0.279355,0.279355,0.167613,0,0.0279355,0.055871,0,0,0,0,0,0,0,0,0,0,0,0,0,0
59286,59303,59294,6.4,-105.188,39.9863,474.642,-10.6556,324.779,142.181,28.3066,1499.68,0.15894,0.0088784,10.2519,9.85501,9.30384,8.04716,8.90699,7.93692,7.71645,7.01095,6.34954,6.08497,6.34954,4.91648,5.00467,30.8658,9.10541,3.83618,0.198423,0.22047,0.132282,0.044094,0.022047,0.022047,0,0,0,0,0,0,0,0,0,0,0,0,0,0
59305,59325,59315,6.5,-105.187,39.9878,468.363,-11.1465,325.406,123.926,24.8877,1371.57,0.165331,0.00829978,10.1952,8.98484,8.4262,7.65807,8.05377,6.77355,6.4244,5.49332,5.49332,5.44677,4.37604,4.72519,4.35276,25.4648,7.79773,3.14237,0.372429,0.325875,0.116384,0.0698304,0.139661,0.0232768,0.0698304,0,0,0,0,0,0,0,0,0,0,0,0,0
59326,59346,59336,6.6,-105.185,39.9896,462.385,-10.8445,326.98,71.0939,13.3678,708.935,0.159099,0.00416706,6.28922,5.99349,5.40203,4.71199,5.30345,3.46992,3.29248,3.76565,3.46992,2.81931,2.56301,2.40528,1.97154,13.5642,3.90366,1.77439,0.118293,0.0788617,0.0788617,0.0591463,0.0197154,0,0.0394309,0,0,0,0,0,0,0,0,0,0,0,0,0
