data/B2SAP/Locations/Boulder/NOAA-POPS-B2SAP_GMLBalloon_20240417_R0.ict
82,1001
Thornberry, T. D.
NOAA Chemical Sciences Laboratory
Portable Optical Particle Spectrometer (POPS)
Balloon Baseline Stratospheric Aerosol Profiles (B2SAP)
1,1
2024,04,17,2024,05,28
0
TIME_START,s,Seconds since midnight UTC on flight start day,Start time of 100 m altitude bin in UTC_seconds_since_midnight
49
1.0,1.0,1.0,1.0,1.0,1.0,1.0,1.0,1.0,1.0,1.0,1.0,1.0,1.0,1.0,1.0,1.0,1.0,1.0,1.0,1.0,1.0,1.0,1.0,1.0,1.0,1.0,1.0,1.0,1.0,1.0,1.0,1.0,1.0,1.0,1.0,1.0,1.0,1.0,1.0,1.0,1.0,1.0,1.0,1.0,1.0,1.0,1.0,1.0
99999,99999,99999,99999,99999,99999,99999,99999,99999,99999,99999,99999,99999,99999,99999,99999,99999,99999,99999,99999,99999,99999,99999,99999,99999,99999,99999,99999,99999,99999,99999,99999,99999,99999,99999,99999,99999,99999,99999,99999,99999,99999,99999,99999,99999,99999,99999,99999,99999
TIME_STOP,s,End time of 100 m altitude bin in UTC seconds since midnight,
TIME_MID,s,Mid time of 100 m altitude in UTC seconds since midnight,
GPSAlt,km,GPS reported altitude above sea level (km),
GPS_Lon,deg,GPS reported longitude,
GPS_Lat,deg,GPS reported latitude,
iMet_Pressure,hPa,Pressure reported (hPa),
iMet_Temperature,degrees C,Ambient temperature (oC),
THETA,K,Potential temperature from iMet,
Aerosol_concentration,cm^-3,Aerosol concentration,
Surface_Area_Conc,um^2 cm^-3,Surface area concentration,
Volume_density,um^3 cm^-3,Volume density,
Effective_radius,um,Effective radius,
Extinction,km^-1,Extinction,
Bin01,cm^-3,particle concentration in size range [140 - 146.14 nm],
Bin02,cm^-3,particle concentration in size range [146.14 - 152.56 nm],
Bin03,cm^-3,particle concentration in size range [152.56 - 159.25 nm],
Bin04,cm^-3,particle concentration in size range [159.25 - 166.24 nm],
Bin05,cm^-3,particle concentration in size range [166.24 - 173.54 nm],
Bin06,cm^-3,particle concentration in size range [173.54 - 181.16 nm],
Bin07,cm^-3,particle concentration in size range [181.16 - 189.11 nm],
Bin08,cm^-3,particle concentration in size range [189.11 - 197.41 nm],
Bin09,cm^-3,particle concentration in size range [197.41 - 206.07 nm],
Bin10,cm^-3,particle concentration in size range [206.07 - 215.12 nm],
Bin11,cm^-3,particle concentration in size range [215.12 - 224.56 nm],
Bin12,cm^-3,particle concentration in size range [224.56 - 234.41 nm],
Bin13,cm^-3,particle concentration in size range [234.41 - 244.70 nm],
Bin14,cm^-3,particle concentration in size range [244.70 - 361.30 nm],
Bin15,cm^-3,particle concentration in size range [361.30 - 472.80 nm],
Bin16,cm^-3,particle concentration in size range [472.80 - 567.00 nm],
Bin17,cm^-3,particle concentration in size range [567.00 - 610.66 nm],
Bin18,cm^-3,particle concentration in size range [610.66 - 657.69 nm],
Bin19,cm^-3,particle concentration in size range [657.69 - 708.33 nm],
Bin20,cm^-3,particle concentration in size range [708.33 - 762.88 nm],
Bin21,cm^-3,particle concentration in size range [762.88 - 821.62 nm],
Bin22,cm^-3,particle concentration in size range [821.62 - 884.89 nm],
Bin23,cm^-3,particle concentration in size range [884.89 - 953.03 nm],
Bin24,cm^-3,particle concentration in size range [953.03 - 1026.42 nm],
Bin25,cm^-3,particle concentration in size range [1026.42 - 1105.46 nm],
Bin26,cm^-3,particle concentration in size range [1105.46 - 1190.59 nm]],
[...]
LOCATION: Boulder, CO, USA
ASSOCIATED_DATA: N/A
INSTRUMENT_INFO: Printed Optical Particle Spectrometer counts particles from 140 - 2500 nm in diameter 
DATA_INFO: Particle concentrations reported in number per cubic centimeter, binned to 100 m altitude
UNCERTAINTY: Counting uncertainty dominated by air flow, less than 5 percent
ULOD_FLAG: -77777
ULOD_VALUE: 3000 ~3000 per cm3 (varies depending on flow rate- manufacturer quotes 1250  per cm3 at 1.667 cc/s)
LLOD_FLAG: -88888
LLOD_VALUE: 0 0 (varies depending on data field and measurement precision)
DM_CONTACT_INFO: Troy Thornberry, 325 Broadway R/CSL6, Boulder, CO 80305; troy.thornberry@noaa.gov; 303-497-3373
PROJECT_INFO: B2SAP Boulder, CO, USA
STIPULATIONS_ON_USE: Please contact the PIs for questions regarding applications and uncertainties
OTHER_COMMENTS: POPS bin Edges (nm):  140, 146.14, 152.56, 159.25, 166.24, 173.54, 181.16, 189.11, 197.41, 206.07, 215.12, 224.56, 234.41, 244.70, 361.30, 472.80, 567.00, 610.66, 657.69, 708.33, 762.88, 821.62, 884.89, 953.03, 1026.42, 1105.46, 1190.59, 1282.27, 1381.01, 1487.36, 1601.89, 1725.25, 1858.10, 2001.18, 2155.28, 2321.25, 2500
Calculations assume sulfate refractive index of 1.45+0.00j and extinction wavelength = 532 nm
REVISION: R0
R0: QA/QC data
TIME_START,TIME_STOP,TIME_MID,GPSAlt,GPS_Lon,GPS_Lat,iMet_Pressure,iMet_Temperature,THETA,Aerosol_concentration,Surface_Area_Conc,Volume_density,Effective_radius,Extinction,Bin01,Bin02,Bin03,Bin04,Bin05,Bin06,Bin07,Bin08,Bin09,Bin10,Bin11,Bin12,Bin13,Bin14,Bin15,Bin16,Bin17,Bin18,Bin19,Bin20,Bin21,Bin22,Bin23,Bin24,Bin25,Bin26,Bin27,Bin28,Bin29,Bin30,Bin31,Bin32,Bin33,Bin34,Bin35,Bin36
[from data line 156]
62049,62065,62057,17.1,-104.397,39.9502,89.7465,-62.0024,420.46,5.01875,0.822839,43.7634,0.159558,0.000261814,0.8395,0.60225,0.56575,0.34675,0.365,0.146,0.27375,0.16425,0.12775,0.2555,0.20075,0.146,0.05475,0.5475,0.219,0.12775,0.01825,0,0,0,0.01825,0,0,0,0,0,0,0,0,0,0,0,0,0,0,0
62066,62082,62074,17.2,-104.393,39.9503,88.3124,-62.3759,421.653,4.56432,0.768351,42.658,0.166556,0.00027105,0.641572,0.403274,0.311621,0.439935,0.384943,0.329951,0.256629,0.238298,0.29329,0.128314,0.164976,0.0549919,0.146645,0.513257,0.0183306,0.146645,0.0366612,0.0183306,0.0366612,0,0,0,0,0,0,0,0,0,0,0,0,0,0,0,0,0
62083,62100,62092,17.3,-104.389,39.9509,86.9022,-62.48,423.387,5.46666,0.938227,57.008,0.182284,0.000344709,0.79327,0.603575,0.500105,0.500105,0.55184,0.31041,0.27592,0.224185,0.258675,0.224185,0.120715,0.155205,0.086225,0.396635,0.293165,0.086225,0.03449,0,0,0,0.017245,0.017245,0.017245,0,0,0,0,0,0,0,0,0,0,0,0,0
62101,62121,62111,17.4,-104.384,39.9517,85.4948,-63.1429,424.028,5.0587,0.854828,51.4438,0.180541,0.000334809,0.729048,0.71417,0.550506,0.431477,0.416599,0.267814,0.267814,0.267814,0.223178,0.10415,0.0892712,0.119028,0.0743927,0.461235,0.119028,0.10415,0.0297571,0.0297571,0,0.0297571,0.0297571,0,0,0,0,0,0,0,0,0,0,0,0,0,0,0
62122,62148,62135,17.5,-104.378,39.9528,84.0748,-63.12,426.111,4.65678,0.712299,36.0044,0.15164,0.000203667,0.704873,0.462212,0.531544,0.219551,0.508433,0.311993,0.219551,0.207995,0.161774,0.207995,0.138664,0.115553,0.103998,0.519988,0.150219,0.0346659,0.0115553,0.0115553,0.0231106,0.0115553,0,0,0,0,0,0,0,0,0,0,0,0,0,0,0,0
62149,62179,62164,17.6,-104.369,39.9535,82.7671,-62.6632,428.953,5.48784,1.11084,73.0269,0.19722,0.000465166,0.682217,0.551793,0.371206,0.391272,0.431402,0.371206,0.260848,0.361174,0.220717,0.110359,0.120391,0.130424,0.19062,0.812641,0.19062,0.150489,0.0401304,0.0300978,0.0100326,0.0200652,0,0,0.0401304,0,0,0,0,0,0,0,0,0,0,0,0,0
62180,62208,62194,17.7,-104.36,39.9537,81.4303,-62.529,431.229,4.91262,0.984559,64.2053,0.195637,0.000418645,0.592531,0.506345,0.549438,0.377065,0.301652,0.269332,0.247786,0.150826,0.237012,0.172373,0.183146,0.107733,0.161599,0.570984,0.204693,0.161599,0.0430932,0,0.0215466,0.0107733,0.0215466,0,0.0215466,0,0,0,0,0,0,0,0,0,0,0,0,0
62209,62227,62218,17.8,-104.355,39.9536,80.0753,-60.0026,438.502,4.90429,1.04463,68.1275,0.19565,0.000452194,0.485573,0.517945,0.453202,0.388459,0.388459,0.258972,0.323715,0.275158,0.0971146,0.0809289,0.242787,0.0809289,0.1133,0.53413,0.372273,0.194229,0.0161858,0.0161858,0.0323715,0,0,0.0161858,0.0161858,0,0,0,0,0,0,0,0,0,0,0,0,0
62228,62246,62237,17.9,-104.351,39.9534,78.8305,-58.1695,444.253,4.56421,1.08641,75.842,0.20943,0.000519386,0.530348,0.514277,0.337494,0.224996,0.208925,0.27321,0.192854,0.192854,0.241067,0.192854,0.14464,0.112498,0.0964269,0.626775,0.369637,0.128569,0.0482135,0.0321423,0.0482135,0,0.0160712,0.0160712,0.0160712,0,0,0,0,0,0,0,0,0,0,0,0,0
62247,62265,62256,18,-104.348,39.9534,77.6253,-58.2274,446.093,4.66382,1.17463,82.6901,0.211191,0.000609143,0.448753,0.448753,0.400672,0.368618,0.160269,0.320538,0.25643,0.128215,0.288484,0.160269,0.128215,0.128215,0.0961613,0.560941,0.272457,0.288484,0.0801344,0.0160269,0.0480806,0.0480806,0.0160269,0,0,0,0,0,0,0,0,0,0,0,0,0,0,0
62266,62283,62274,18.1,-104.344,39.9534,76.4161,-59.1094,446.262,4.16452,0.996536,69.8861,0.210387,0.000485607,0.424951,0.322963,0.390955,0.288967,0.288967,0.237972,0.288967,0.152982,0.186978,0.203976,0.0679921,0.0679921,0.0679921,0.543937,0.305965,0.152982,0.0509941,0.0509941,0.0339961,0,0,0.016998,0.016998,0,0,0,0,0,0,0,0,0,0,0,0,0
62284,62302,62293,18.2,-104.341,39.9533,75.1942,-59.8153,446.842,4.07928,0.968589,67.6247,0.209453,0.000444515,0.323753,0.356128,0.226627,0.323753,0.291377,0.259002,0.0971258,0.226627,0.178064,0.226627,0.161876,0.0971258,0.178064,0.566567,0.291377,0.161876,0.0323753,0.0161876,0.0161876,0,0,0.0161876,0.0323753,0,0,0,0,0,0,0,0,0,0,0,0,0
62303,62325,62314,18.3,-104.337,39.9531,74.0043,-60.5061,447.427,4.40502,1.10038,77.7506,0.211974,0.000545353,0.41033,0.362056,0.253439,0.32585,0.337919,0.277576,0.108617,0.217234,0.193097,0.205165,0.108617,0.144822,0.168959,0.639632,0.241371,0.229302,0.0603427,0.0120685,0.0724112,0.0120685,0,0,0.0241371,0,0,0,0,0,0,0,0,0,0,0,0,0
62326,62338,62332,18.4,-104.334,39.9526,72.8785,-60.5554,449.29,4.63479,1.28773,98.8166,0.230211,0.000714549,0.467731,0.42521,0.340168,0.361428,0.340168,0.212605,0.297647,0.148823,0.191344,0.170084,0.085042,0.042521,0.106302,0.510252,0.467731,0.212605,0.0212605,0.106302,0.0637815,0.0212605,0,0,0.042521,0,0,0,0,0,0,0,0,0,0,0,0,0
62339,62359,62349,18.5,-104.332,39.9516,71.7214,-58.4962,455.721,3.76581,1.07666,86.5753,0.241234,0.000619142,0.431499,0.222287,0.326893,0.27459,0.235363,0.18306,0.27459,0.18306,0.156909,0.0784544,0.0653787,0.0653787,0.143833,0.444575,0.209212,0.261515,0.0523029,0.0261515,0.0523029,0.0130757,0,0.0261515,0.0392272,0,0,0,0,0,0,0,0,0,0,0,0,0
62360,62375,62368,18.6,-104.331,39.9506,70.56,-57.8081,459.316,3.99131,0.888193,59.6261,0.201396,0.000410578,0.238796,0.460536,0.426422,0.307024,0.255853,0.324081,0.187626,0.187626,0.187626,0.136455,0.0511706,0.0852844,0.187626,0.409365,0.255853,0.153512,0.0511706,0.0341138,0.0170569,0.0170569,0,0,0.0170569,0,0,0,0,0,0,0,0,0,0,0,0,0
62376,62392,62384,18.7,-104.33,39.9496,69.4512,-58.4806,459.961,4.23158,1.07157,79.3168,0.222058,0.000563749,0.352632,0.384689,0.352632,0.368661,0.368661,0.288517,0.176316,0.176316,0.144258,0.144258,0.176316,0.0961723,0.0641149,0.432775,0.288517,0.240431,0.0320574,0.0641149,0.0160287,0.0160287,0.0160287,0,0.0320574,0,0,0,0,0,0,0,0,0,0,0,0,0
62393,62404,62398,18.8,-104.328,39.9491,68.385,-59.0767,460.713,3.65832,0.814958,53.8204,0.198122,0.000358157,0.274374,0.297239,0.45729,0.274374,0.205781,0.160052,0.25151,0.137187,0.137187,0.160052,0.0914581,0.114323,0.114323,0.503019,0.25151,0.114323,0.045729,0.045729,0,0,0,0,0.0228645,0,0,0,0,0,0,0,0,0,0,0,0,0
62405,62414,62410,18.9,-104.328,39.9487,67.27,-59.279,462.446,3.12664,1.0177,86.3058,0.254414,0.000607282,0.166016,0.359701,0.249024,0.193685,0.166016,0.249024,0.083008,0.0553387,0.138347,0.0553387,0.083008,0.083008,0.0553387,0.498048,0.332032,0.138347,0.0553387,0.0553387,0,0.0276693,0,0.0276693,0.0553387,0,0,0,0,0,0,0,0,0,0,0,0,0
62415,62432,62424,19,-104.326,39.9489,66.2306,-59.1089,464.879,3.49211,0.768652,52.6663,0.205553,0.000356254,0.426983,0.304988,0.304988,0.228741,0.304988,0.289738,0.167743,0.106746,0.106746,0.0914963,0.106746,0.182993,0.0609975,0.335486,0.24399,0.106746,0.0457481,0.0304988,0.0152494,0,0,0.0152494,0.0152494,0,0,0,0,0,0,0,0,0,0,0,0,0
62433,62448,62440,19.1,-104.324,39.9493,65.1319,-59.0394,467.258,3.55482,0.895568,64.7006,0.216736,0.00043046,0.377807,0.39498,0.240422,0.206076,0.103038,0.223249,0.17173,0.103038,0.240422,0.0515191,0.137384,0.154557,0.0515191,0.498018,0.326288,0.206076,0,0,0.017173,0,0,0.017173,0.0343461,0,0,0,0,0,0,0,0,0,0,0,0,0
62449,62463,62456,19.2,-104.323,39.9497,64.1687,-59.2653,468.756,3.74337,0.918146,65.2265,0.213124,0.000475918,0.495446,0.256898,0.440397,0.311948,0.256898,0.165149,0.146799,0.128449,0.183499,0.0917493,0.128449,0.0733995,0.0733995,0.348647,0.293598,0.165149,0.0550496,0.0366997,0.0733995,0,0,0.0183499,0,0,0,0,0,0,0,0,0,0,0,0,0,0
62471,62483,62477,19.3,-104.322,39.9499,62.9708,-59.6392,470.463,3.19734,0.911691,72.8332,0.239664,0.000504175,0.381139,0.254093,0.169395,0.19057,0.254093,0.148221,0.105872,0.127046,0.127046,0.148221,0.0635232,0.127046,0.0211744,0.52936,0.232918,0.148221,0.0211744,0.0423488,0.0423488,0,0,0.0211744,0.0423488,0,0,0,0,0,0,0,0,0,0,0,0,0
62484,62502,62493,19.4,-104.321,39.9501,62.16,-58.7558,474.166,3.75891,1.09209,84.883,0.233176,0.000614209,0.375891,0.260232,0.375891,0.260232,0.187946,0.144573,0.159031,0.130116,0.101201,0.173488,0.159031,0.115659,0.101201,0.448178,0.318062,0.245775,0.0578294,0.0289147,0.043372,0.0144573,0,0.043372,0.0144573,0,0,0,0,0,0,0,0,0,0,0,0,0
62503,62524,62514,19.5,-104.319,39.9506,61.1827,-58.135,477.69,3.34518,0.756735,47.0434,0.186499,0.000330555,0.361979,0.349497,0.287087,0.174748,0.237159,0.137302,0.112338,0.112338,0.149784,0.174748,0.0748922,0.0624102,0.112338,0.511763,0.199713,0.224677,0.012482,0.0374461,0.012482,0,0,0,0,0,0,0,0,0,0,0,0,0,0,0,0,0
62525,62544,62534,19.6,-104.317,39.9512,60.2095,-58.586,478.876,3.36955,0.861952,63.2572,0.220165,0.000448408,0.356131,0.287644,0.328736,0.260249,0.287644,0.0684867,0.178065,0.164368,0.0684867,0.123276,0.109579,0.0684867,0.0273947,0.479407,0.287644,0.123276,0,0.082184,0.0136973,0.0136973,0.0136973,0.0136973,0.0136973,0,0,0,0,0,0,0,0,0,0,0,0,0
62545,62564,62554,19.7,-104.316,39.9516,59.2765,-58.939,480.228,3.53611,1.05469,80.1755,0.228054,0.000598718,0.399016,0.247665,0.316461,0.220147,0.123833,0.206388,0.137592,0.192629,0.0687959,0.0550368,0.0687959,0.137592,0.0963143,0.495331,0.288943,0.288943,0.0550368,0.0550368,0.0275184,0,0.0275184,0.0275184,0,0,0,0,0,0,0,0,0,0,0,0,0,0
62565,62586,62576,19.8,-104.314,39.9525,58.35,-58.0618,484.372,3.54533,0.912656,64.8911,0.213304,0.000456938,0.348314,0.422952,0.136837,0.161717,0.136837,0.286115,0.199036,0.236356,0.124398,0.0870784,0.0870784,0.0746386,0.0870784,0.55979,0.310994,0.136837,0.0373193,0.0248795,0.0373193,0.0124398,0.0248795,0,0.0124398,0,0,0,0,0,0,0,0,0,0,0,0,0
62587,62609,62598,19.9,-104.313,39.9537,57.4204,-57.1257,488.717,3.08302,0.848766,59.3936,0.209929,0.00044138,0.271684,0.259872,0.236247,0.224435,0.118123,0.153561,0.141748,0.141748,0.106311,0.0708741,0.188998,0.0472494,0.0826864,0.377995,0.283496,0.236247,0.0826864,0.035437,0.0118123,0,0,0.0118123,0,0,0,0,0,0,0,0,0,0,0,0,0,0
62610,62630,62620,20,-104.313,39.9549,56.5048,-57.2852,490.603,3.41096,1.09101,82.417,0.226626,0.00062484,0.285328,0.23345,0.22048,0.142664,0.194542,0.181572,0.142664,0.155633,0.129694,0.0907861,0.103755,0.0778166,0.0648472,0.505808,0.415022,0.259389,0.0648472,0.0648472,0.0129694,0.0129694,0.0518777,0,0,0,0,0,0,0,0,0,0,0,0,0,0,0
62631,62650,62640,20.1,-104.312,39.9561,55.6385,-57.657,491.923,2.93201,0.802615,59.974,0.22417,0.000426215,0.342525,0.246618,0.246618,0.164412,0.219216,0.13701,0.150711,0.0548039,0.0822059,0.109608,0.0822059,0.0411029,0.0411029,0.452132,0.287721,0.13701,0.0548039,0.013701,0,0.027402,0.013701,0.013701,0.013701,0,0,0,0,0,0,0,0,0,0,0,0,0
62651,62669,62660,20.2,-104.311,39.9571,54.7653,-58.3053,492.669,2.87214,0.915163,73.137,0.239751,0.000557302,0.317523,0.274224,0.259791,0.173194,0.129896,0.144329,0.144329,0.0721643,0.0865972,0.0577314,0.0432986,0.0721643,0.0288657,0.40412,0.187627,0.274224,0.0721643,0.0577314,0,0.0432986,0,0.0144329,0.0144329,0,0,0,0,0,0,0,0,0,0,0,0,0
62670,62688,62679,20.3,-104.31,39.958,53.9226,-57.5389,496.621,2.80194,0.759481,53.8632,0.212763,0.000392492,0.28886,0.274417,0.173316,0.216645,0.14443,0.115544,0.129987,0.115544,0.101101,0.057772,0.057772,0.072215,0.057772,0.447733,0.259974,0.173316,0.028886,0.028886,0.028886,0.014443,0,0.014443,0,0,0,0,0,0,0,0,0,0,0,0,0,0
62689,62705,62697,20.4,-104.308,39.9586,53.0753,-57.51,498.94,2.75771,0.837043,64.4388,0.230951,0.000470556,0.320664,0.320664,0.0961991,0.128265,0.144299,0.160332,0.128265,0.0961991,0.0801659,0.0320664,0.0801659,0.0480995,0.0480995,0.448929,0.288597,0.208431,0,0.0480995,0.0320664,0.0160332,0,0.0160332,0.0160332,0,0,0,0,0,0,0,0,0,0,0,0,0
62706,62717,62712,20.5,-104.308,39.959,52.2567,-57.9167,500.213,2.50941,0.724331,54.4432,0.22549,0.000403476,0.205315,0.319379,0.0684384,0.205315,0.136877,0.114064,0.0456256,0.15969,0.0684384,0.114064,0.114064,0.0456256,0.0456256,0.365005,0.182503,0.205315,0,0.0456256,0.0228128,0.0228128,0,0.0228128,0,0,0,0,0,0,0,0,0,0,0,0,0,0
62718,62731,62724,20.6,-104.307,39.9591,51.395,-58.2307,501.864,2.20011,0.55332,38.3402,0.207873,0.000279819,0.216082,0.157151,0.196438,0.216082,0.196438,0.176794,0.0982191,0.0392877,0.0392877,0.0785753,0.0589315,0.0196438,0.0589315,0.216082,0.216082,0.157151,0,0.0196438,0.0196438,0,0.0196438,0,0,0,0,0,0,0,0,0,0,0,0,0,0,0
62732,62751,62742,20.7,-104.306,39.9591,50.6225,-58.705,502.927,2.06174,0.614461,47.9912,0.234309,0.000351341,0.137449,0.219919,0.151194,0.164939,0.123704,0.0824696,0.109959,0.0687246,0.0962145,0.0687246,0.0687246,0,0.0274899,0.316133,0.164939,0.151194,0.0274899,0.0274899,0,0.0137449,0.0274899,0,0.0137449,0,0,0,0,0,0,0,0,0,0,0,0,0
62752,62769,62760,20.8,-104.306,39.9588,49.7794,-58.7611,505.212,2.11679,0.594216,40.8076,0.206024,0.000297289,0.121829,0.274116,0.0609147,0.121829,0.106601,0.167515,0.0761434,0.045686,0.0304574,0.0152287,0.137058,0.0609147,0.0609147,0.380717,0.258887,0.106601,0.0304574,0.0152287,0.0304574,0.0152287,0,0,0,0,0,0,0,0,0,0,0,0,0,0,0,0
62770,62789,62780,20.9,-104.306,39.9581,49.008,-58.482,508.134,2.85459,0.805669,58.9473,0.219497,0.000418971,0.287963,0.262923,0.187802,0.112681,0.162762,0.112681,0.175282,0.112681,0.112681,0.112681,0.0626007,0.0751208,0.0500805,0.388124,0.375604,0.137721,0.0626007,0.0125201,0,0.0125201,0.0125201,0.0125201,0.0125201,0,0,0,0,0,0,0,0,0,0,0,0,0
62790,62808,62799,21,-104.306,39.9573,48.2179,-58.2242,511.115,2.50364,0.729552,52.7538,0.216929,0.000403663,0.327701,0.209729,0.157297,0.104864,0.196621,0.0655402,0.13108,0.0786483,0.0655402,0.0655402,0.0786483,0.0655402,0.0262161,0.367025,0.209729,0.222837,0.0393241,0.0655402,0.013108,0,0.013108,0,0,0,0,0,0,0,0,0,0,0,0,0,0,0
62809,62825,62817,21.1,-104.306,39.9564,47.4753,-57.2759,515.65,2.67741,0.860286,62.3267,0.217347,0.000477366,0.234091,0.263352,0.175568,0.131676,0.043892,0.146307,0.0731534,0.146307,0.102415,0.0292614,0.043892,0.043892,0.0292614,0.482812,0.307244,0.292614,0.0731534,0.0292614,0.0146307,0,0.0146307,0,0,0,0,0,0,0,0,0,0,0,0,0,0,0
62826,62844,62835,21.2,-104.307,39.9557,46.7721,-57.2295,517.963,2.55415,0.780506,57.7543,0.221988,0.000430059,0.14408,0.117884,0.157178,0.261964,0.22267,0.065491,0.065491,0.157178,0.065491,0.157178,0.0392946,0.0261964,0.0916874,0.353652,0.301259,0.22267,0.0130982,0.0392946,0,0.0261964,0.0130982,0.0130982,0,0,0,0,0,0,0,0,0,0,0,0,0,0
62845,62863,62854,21.3,-104.308,39.9555,46.0321,-57.4805,519.723,2.67788,0.988229,80.3724,0.243989,0.000598012,0.143691,0.248194,0.143691,0.169817,0.0783771,0.09144,0.0653143,0.104503,0.0653143,0.09144,0.09144,0.0391886,0.104503,0.418011,0.36576,0.27432,0.0522514,0.0522514,0.0261257,0.0130629,0,0,0.0391886,0,0,0,0,0,0,0,0,0,0,0,0,0
62864,62882,62873,21.4,-104.309,39.9556,45.2937,-57.7679,521.435,2.62365,0.882524,71.442,0.242856,0.000527615,0.196773,0.249246,0.170537,0.144301,0.131182,0.144301,0.0655911,0.0787094,0.0918276,0.0262365,0.0524729,0.0787094,0.0655911,0.511611,0.249246,0.183655,0.0262365,0.0131182,0.0787094,0.0393547,0,0,0.0262365,0,0,0,0,0,0,0,0,0,0,0,0,0
62883,62902,62892,21.5,-104.308,39.956,44.5655,-58.0195,523.245,1.97552,0.533328,38.0239,0.213887,0.000274051,0.173945,0.149096,0.099397,0.149096,0.136671,0.111822,0.0621231,0.149096,0.0248493,0.0496985,0.0248493,0.0372739,0.0745478,0.410013,0.136671,0.099397,0.0124246,0.0248493,0.0124246,0.0124246,0.0248493,0,0,0,0,0,0,0,0,0,0,0,0,0,0,0
62903,62920,62912,21.6,-104.308,39.9564,43.8778,-57.7383,526.262,2.03988,0.52896,40.5661,0.230071,0.000281448,0.248093,0.206744,0.124047,0.151613,0.124047,0.151613,0.110264,0.0964808,0.0826978,0.0275659,0,0.0275659,0.0964808,0.261876,0.165396,0.0551319,0.0413489,0.013783,0.013783,0,0.013783,0.013783,0.013783,0,0,0,0,0,0,0,0,0,0,0,0,0
62921,62940,62930,21.7,-104.308,39.957,43.2132,-57.7626,528.503,2.19147,0.498218,34.5258,0.207896,0.000236861,0.35431,0.275575,0.170594,0.157471,0.144349,0.0787356,0.0787356,0.0524904,0.065613,0.0787356,0.0787356,0.0524904,0.0262452,0.236207,0.196839,0.0787356,0.0131226,0.0131226,0.0131226,0.0131226,0,0,0.0131226,0,0,0,0,0,0,0,0,0,0,0,0,0
62941,62960,62950,21.8,-104.308,39.9579,42.5065,-57.5825,531.441,2.37148,0.651344,44.7261,0.206002,0.000334512,0.337,0.124815,0.149778,0.174741,0.149778,0.112333,0.124815,0.0748888,0.0499259,0.124815,0.0124815,0.0124815,0.0499259,0.337,0.262111,0.174741,0.0499259,0.0249629,0.0249629,0,0,0,0,0,0,0,0,0,0,0,0,0,0,0,0,0
