data/B2SAP/Locations/Boulder/NOAA-POPS-B2SAP_GMLBalloon_20211005_R0.ict
61,1001
Thornberry, T. D.
NOAA Chemical Sciences Laboratory
Portable Optical Particle Spectrometer (POPS)
Balloon Baseline Stratospheric Aerosol Profiles (B2SAP)
1,1
2021,10,05,2024,05,30
0
TIME_START,s,Seconds since midnight UTC on flight start day,Start time of 100 m altitude bin in UTC_seconds_since_midnight
28
1.0,1.0,1.0,1.0,1.0,1.0,1.0,1.0,1.0,1.0,1.0,1.0,1.0,1.0,1.0,1.0,1.0,1.0,1.0,1.0,1.0,1.0,1.0,1.0,1.0,1.0,1.0,1.0
99999,99999,99999,99999,99999,99999,99999,99999,99999,99999,99999,99999,99999,99999,99999,99999,99999,99999,99999,99999,99999,99999,99999,99999,99999,99999,99999,99999
TIME_STOP,s,End time of 100 m altitude bin in UTC seconds since midnight,
TIME_MID,s,Mid time of 100 m altitude in UTC seconds since midnight,
GPSAlt,m,GPS reported altitude above sea level (m),
GPS_Lon,deg,GPS reported longitude,
GPS_Lat,deg,GPS reported latitude,
iMet_Pressure,mb,Pressure reported (mB),
iMet_Temperature,degrees C,Ambient temperature (oC),
THETA,K,Potential temperature from iMet,
Aerosol_concentration,cm^-3,Aerosol concentration,
Surface_Area_Conc,um^2 cm^-3,Surface area concentration,
Volume_density,um^3 cm^-3,Volume density,
Effective_radius,um,Effective radius,
Extinction,km^-1,Extinction,
Bin01,cm^-3,particle concentration in size range [140 - 170 nm],
Bin02,cm^-3,particle concentration in size range [170 - 205 nm],
Bin03,cm^-3,particle concentration in size range [205 - 249 nm],
Bin04,cm^-3,particle concentration in size range [249 - 302 nm],
Bin05,cm^-3,particle concentration in size range [302 - 366 nm],
Bin06,cm^-3,particle concentration in size range [366 - 443 nm],
Bin07,cm^-3,particle concentration in size range [443 - 537 nm],
Bin08,cm^-3,particle concentration in size range [537 - 651 nm],
Bin09,cm^-3,particle concentration in size range [651 - 789 nm],
Bin10,cm^-3,particle concentration in size range [789 - 956 nm],
Bin11,cm^-3,particle concentration in size range [956 - 1159 nm],
Bin12,cm^-3,particle concentration in size range [1159 - 1404 nm],
Bin13,cm^-3,particle concentration in size range [1404 - 1702 nm],
Bin14,cm^-3,particle concentration in size range [1702 - 2062 nm],
Bin15,cm^-3,particle concentration in size range [2062 - 2500 nm],
0
19
PI_CONTACT_INFO: 325 Broadway R/CSL6, Boulder, CO 80305; troy.thornberry@noaa.gov; 303-497-3373 
PLATFORM: GML ECC/FPH balloon
LOCATION: Boulder, CO, USA
ASSOCIATED_DATA: N/A
INSTRUMENT_INFO: Printed Optical Particle Spectrometer counts particles from 140 - 2500 nm in diameter 
DATA_INFO: Particle concentrations reported in number per cubic centimeter, binned to 100 m altitude
UNCERTAINTY: Counting uncertainty dominated by air flow, less than 5 percent
ULOD_FLAG: -77777
ULOD_VALUE: 3000 ~3000 per cm3 (varies depending on flow rate- manufacturer quotes 1250  per cm3 at 1.667 cc/s)
LLOD_FLAG: -88888
LLOD_VALUE: 0 0 (varies depending on data field and measurement precision)
DM_CONTACT_INFO: Troy Thornberry, 325 Broadway R/CSL6, Boulder, CO 80305; troy.thornberry@noaa.gov; 303-497-3373
PROJECT_INFO: B2SAP Boulder, CO, USA
STIPULATIONS_ON_USE: Please contact the PIs for questions regarding applications and uncertainties
OTHER_COMMENTS: POPS bin Edges (nm):  140, 170, 205, 249, 302, 366, 443, 537, 651, 789, 956, 1159, 1404, 1702, 2062, 2500
Calculations assume sulfate refractive index of 1.45+0.00j and extinction wavelength = 532 nm
REVISION: R0
R0: QA/QC data
TIME_START,TIME_STOP,TIME_MID,GPSAlt,GPS_Lon,GPS_Lat,iMet_Pressure,iMet_Temperature,THETA,Aerosol_concentration,Surface_Area_Conc,Volume_density,Effective_radius,Extinction,Bin01,Bin02,Bin03,Bin04,Bin05,Bin06,Bin07,Bin08,Bin09,Bin10,Bin11,Bin12,Bin13,Bin14,Bin15
58029,59517,58773,1.9,-105.197,39.9493,819.733,17.1396,307.255,377.355,54.6048,3341.08,0.18356,0.0145066,190.352,91.5243,40.384,22.0585,16.7172,7.36266,6.16752,1.62303,0.516419,0.177058,0.118039,0.0442645,0.147548,0.118039,0.0442645
58046,59497,58772,1.8,-105.197,39.9492,826.928,17.946,307.337,378.085,54.5752,3332.78,0.183203,0.0142857,192.22,89.5851,40.4354,22.993,16.7222,7.48543,5.79062,1.76543,0.437827,0.141235,0.0706173,0.155358,0.141235,0.0847407,0.0564938
58067,59477,58772,1.7,-105.197,39.9491,830.082,19.0956,308.219,381.989,57.3525,3729.7,0.195093,0.0160354,191.172,90.3704,41.2803,22.3934,18.3645,8.12855,7.29622,1.84176,0.407313,0.212511,0.0619824,0.150529,0.123965,0.0885463,0.097401
59518,59538,59528,2,-105.198,39.9494,807.444,16.2586,307.649,350.078,47.8429,2522.2,0.158155,0.011448,177.979,87.024,37.7184,20.1324,13.0228,7.22921,4.83657,1.33305,0.273445,0.187994,0.119632,0.119632,0.0683614,0.0170903,0.0170903
59539,59557,59548,2.1,-105.197,39.9494,798.287,16.7126,309.135,309.357,40.6236,1941.91,0.143407,0.00891296,156.495,79.4548,32.5196,17.5048,12.1317,5.69139,4.13749,1.01097,0.262104,0.0187217,0.0187217,0.0936084,0,0,0.0187217
59558,59575,59566,2.2,-105.197,39.9497,789.105,17.0044,310.468,289.185,39.3559,2037.65,0.155325,0.00938473,147.503,70.512,32.1161,16.1478,10.8649,5.94079,4.5453,1.07652,0.199355,0.0797421,0.0199355,0.0797421,0.039871,0.0598066,0
59576,59593,59584,2.3,-105.197,39.9502,779.432,16.7294,311.271,276.666,37.4143,1976.42,0.158476,0.00874021,138.606,69.072,31.8503,16.0511,10.0922,5.76999,3.60886,1.19596,0.272763,0.0209818,0,0.0629453,0,0.0209818,0.0419635
59594,59612,59603,2.4,-105.197,39.9507,770.564,16.3732,311.909,266.57,35.965,1696.02,0.141472,0.00842262,134.091,65.9396,29.8959,14.8823,10.3651,5.56682,4.40472,1.04964,0.206178,0.0562305,0.037487,0.074974,0,0,0
59613,59631,59622,2.5,-105.198,39.9517,761.118,15.6984,312.278,258.125,36.1589,1972.45,0.163648,0.00893687,127.925,63.3087,28.2804,16.4716,10.3872,5.95178,4.2269,1.26997,0.189547,0,0.0189547,0.0189547,0.0189547,0,0.0568641
59632,59651,59642,2.6,-105.198,39.953,751.785,14.8665,312.475,243.129,34.5277,2017.23,0.175271,0.00866922,121.953,57.2259,27.4923,15.4723,10.0317,6.05517,3.39813,1.03028,0.253052,0.0361503,0.0180751,0.0361503,0.0361503,0.0361503,0.0542254
59652,59671,59662,2.7,-105.199,39.9544,743.272,13.957,312.509,241.012,32.7723,1558.58,0.142674,0.00771922,121.311,58.0704,26.8705,13.9004,11.2348,4.70502,3.5064,0.894491,0.375686,0.0357796,0.0536695,0.0357796,0.0178898,0,0
59672,59690,59681,2.8,-105.199,39.9558,734.75,13.0426,312.541,225.434,31.7024,1731.47,0.163849,0.00780165,112.783,53.1871,25.5791,14.0884,10.0686,4.94896,3.46996,0.85327,0.2465,0.0379231,0.0758462,0.0189615,0.0379231,0,0.0379231
59691,59709,59700,2.9,-105.2,39.9572,726.169,12.1156,312.573,223.342,30.5007,1451.04,0.142722,0.00717892,113.105,51.573,25.6956,13.777,9.85806,4.62601,3.49476,0.888841,0.141407,0.0808038,0.0808038,0,0.0202009,0,0
59710,59728,59719,3,-105.201,39.9586,717.193,11.2416,312.722,212.983,29.8946,1829.53,0.183598,0.00733178,108.214,50.4499,23.2135,13.1659,9.60493,4.48487,2.75252,0.712189,0.173235,0.0384967,0.0384967,0,0.0192484,0.0577451,0.0577451
59729,59749,59739,3.1,-105.201,39.9601,708.597,10.319,312.791,224.86,30.0247,1365.23,0.136411,0.0066418,113.737,52.3594,25.3921,14.9203,9.77952,4.74263,2.95982,0.657737,0.190398,0.0692355,0.0173089,0.0346178,0,0,0
59750,59767,59758,3.2,-105.202,39.9613,700.209,9.39889,312.835,243.46,33.0186,1580.81,0.143629,0.00762088,124.407,57.2633,26.0857,15.4574,9.84023,5.5768,3.61684,0.86885,0.161646,0.0404116,0.0404116,0.0606174,0.0404116,0,0
59768,59785,59776,3.3,-105.202,39.9624,691.826,8.54722,312.964,236.522,32.9464,2002.44,0.182336,0.00809031,122.36,54.7417,26.2825,13.6498,9.94749,5.167,2.94966,1.01713,0.203425,0.0203425,0.0203425,0.040685,0.0203425,0.0203425,0.08137
59786,59804,59795,3.4,-105.203,39.9636,683.295,7.72053,313.157,242.275,32.5612,1610.17,0.148352,0.00731537,123.197,57.2867,27.5269,14.7067,9.95202,5.44763,3.11843,0.692984,0.153996,0.0769982,0.0192496,0.0384991,0.0384991,0,0.0192496
59805,59822,59814,3.5,-105.203,39.9648,675.141,6.88611,313.301,261.531,35.3063,1780.12,0.151258,0.00812258,132.559,64.3219,28.3279,15.5373,10.3309,5.4114,3.5871,1.12738,0.122986,0.0409955,0.0409955,0.0409955,0.0614932,0,0.0204977
59823,59839,59831,3.6,-105.203,39.9658,667.136,6.09941,313.485,272.875,37.7794,2000.82,0.158882,0.00893539,132.384,69.4567,32.0114,17.1998,10.9334,5.69676,3.68099,0.920246,0.306749,0.0657319,0,0.0657319,0.0876425,0.0657319,0
59840,59859,59850,3.7,-105.203,39.9666,658.734,5.2675,313.682,273.966,35.5798,1563.38,0.13182,0.00747267,134.591,71.3098,31.9466,16.0011,10.2719,5.37697,3.20764,1.01977,0.166872,0.0370826,0,0.0370826,0,0,0
59860,59875,59868,3.8,-105.203,39.9672,650.971,4.47,313.852,269.526,35.9304,1801.16,0.150388,0.00790706,130.781,71.2355,30.7624,17.3489,9.36145,5.98481,2.70131,0.9082,0.256159,0.0698615,0.0232872,0.0465744,0,0.0232872,0.0232872
59876,59894,59885,3.9,-105.203,39.9677,642.839,3.61158,314.004,254.73,34.202,1672.85,0.146733,0.00769499,123.79,65.6651,30.2216,15.3543,9.31393,5.9235,3.19557,0.97426,0.214337,0.0194852,0,0.0194852,0,0.0194852,0.0194852
59895,59913,59904,4,-105.203,39.9683,635.205,2.78053,314.128,261.701,35.1358,1796.47,0.153388,0.00789176,126.657,70.0836,30.0867,15.4291,9.00029,5.67711,3.58034,0.890139,0.158247,0.0197809,0.0197809,0.0395617,0.0197809,0,0.0395617
59914,59932,59923,4.1,-105.203,39.9685,627.037,1.82789,314.207,250.595,32.8267,1471.88,0.134514,0.00704551,120.913,67.8854,28.2577,15.5279,8.966,4.6702,3.09376,0.945863,0.275877,0,0.0197055,0.0197055,0.0197055,0,0
59933,59950,59942,4.2,-105.204,39.9688,618.969,0.902222,314.311,249.071,32.777,1517.47,0.13889,0.00694534,118.55,68.0163,29.3482,14.9371,9.34093,4.98604,2.73496,0.883602,0.168305,0.0210381,0.0420763,0,0.0210381,0.0210381,0
59951,59969,59960,4.3,-105.204,39.969,611.191,0.0794737,314.498,236.468,31.4808,1479.46,0.140987,0.00703969,113.669,62.8421,28.5359,14.0308,8.37895,4.72304,2.8852,1.08689,0.197617,0.059285,0,0.0197617,0.0197617,0.0197617,0
59970,59987,59978,4.4,-105.204,39.9692,603.748,-0.775556,314.615,230.927,29.4778,1321.04,0.134444,0.00596585,113.116,63.3991,25.3428,13.4713,8.08276,4.27292,2.18908,0.863003,0.126293,0.0210488,0,0.0210488,0,0.0210488,0
59988,60006,59997,4.5,-105.205,39.9693,595.901,-1.61737,314.82,224.356,28.8817,1257.92,0.130663,0.0059926,111.267,58.9777,25.2132,12.3963,8.49119,4.52596,2.40317,0.94124,0.100132,0.0200264,0,0,0.0200264,0,0
60007,60021,60014,4.6,-105.206,39.9696,588.893,-2.346,315.034,202.056,25.7241,1138.36,0.132758,0.00513012,100.056,54.0026,23.2161,11.4314,6.76295,3.38147,2.44778,0.630872,0.0504698,0,0,0.0504698,0.0252349,0,0
60022,60039,60030,4.7,-105.206,39.9699,581.264,-2.605,315.908,87.419,10.8114,448.302,0.124397,0.00203095,45.3488,22.1879,8.92592,4.88599,3.40539,1.71327,0.676847,0.232666,0.0211515,0.0211515,0,0,0,0,0
60040,60056,60048,4.8,-105.207,39.9707,573.823,-2.99882,316.615,36.2417,4.43163,187.796,0.127129,0.000898466,20.062,8.41525,3.85979,1.52597,1.2118,0.628339,0.359051,0.134644,0.0448813,0,0,0,0,0,0
60057,60073,60065,4.9,-105.207,39.9716,567.006,-3.57235,317.02,10.0948,1.27837,64.4486,0.151244,0.000330994,5.97124,2.23077,0.901319,0.405594,0.22533,0.157731,0.135198,0.022533,0,0.045066,0,0,0,0,0
60074,60093,60084,5,-105.206,39.9728,559.683,-4.2585,317.388,3.76338,0.347021,11.5091,0.0994966,3.70951e-05,2.78911,0.649518,0.171931,0.0764139,0.0191035,0.0382069,0.0191035,0,0,0,0,0,0,0,0
60094,60113,60104,5.1,-105.206,39.9742,552.225,-4.766,318.013,2.76073,0.283215,12.2928,0.130213,6.7099e-05,2.22392,0.345091,0.076687,0.0383435,0,0,0.0383435,0.0383435,0,0,0,0,0,0,0
60114,60130,60122,5.2,-105.205,39.9753,545.317,-5.23706,318.596,1.45758,0.165111,7.14067,0.129743,3.63533e-05,0.964246,0.291516,0.0896973,0.0448487,0.0224243,0.0224243,0,0.0224243,0,0,0,0,0,0,0
60131,60149,60140,5.3,-105.205,39.9765,538.552,-5.742,319.13,0.432245,0.079886,4.63861,0.174196,3.30128e-05,0.254262,0.0508523,0.0254262,0.0254262,0.0254262,0,0.0508523,0,0,0,0,0,0,0,0
60150,60165,60158,5.4,-105.205,39.9777,531.643,-6.534,319.358,0.513244,0.0593217,2.4012,0.121433,1.09532e-05,0.384933,0.0256622,0.0513244,0,0.0256622,0.0256622,0,0,0,0,0,0,0,0,0
60169,60185,60177,5.5,-105.205,39.9788,524.434,-7.36647,319.603,0.498196,0.0546057,1.91061,0.104967,5.97703e-06,0.294388,0.090581,0.0452905,0.0452905,0.0226453,0,0,0,0,0,0,0,0,0,0
60186,60204,60195,5.6,-105.205,39.9799,518.127,-7.98684,319.968,0.648225,0.081051,3.43189,0.127027,1.7053e-05,0.283598,0.243084,0.0607711,0.020257,0.020257,0,0.020257,0,0,0,0,0,0,0,0
60205,60222,60214,5.7,-105.205,39.9812,511.572,-8.44625,320.579,0.793058,0.0640657,1.74586,0.0817532,2.6036e-06,0.576769,0.192256,0.0240321,0,0,0,0,0,0,0,0,0,0,0,0
60223,60240,60232,5.8,-105.205,39.9826,504.987,-8.97611,321.121,1.24143,0.146077,6.55094,0.134537,3.47042e-05,0.877563,0.149828,0.0856159,0.0642119,0.021404,0.021404,0,0.021404,0,0,0,0,0,0,0
60241,60258,60250,5.9,-105.205,39.9837,498.32,-9.725,321.427,1.35708,0.184957,8.98081,0.145668,5.19759e-05,0.732394,0.344656,0.107705,0.086164,0,0.043082,0.021541,0.021541,0,0,0,0,0,0,0
60259,60275,60267,6,-105.205,39.9848,492.224,-10.4541,321.664,3.089,0.371282,15.7522,0.127279,7.92168e-05,1.87628,0.594918,0.297459,0.16017,0.0457629,0.0228815,0.0915258,0,0,0,0,0,0,0,0
60276,60293,60284,6.1,-105.205,39.9859,485.912,-11.1772,321.967,4.44545,0.540034,23.8658,0.13258,0.000118339,2.52484,1.10057,0.345278,0.258958,0.0431597,0.107899,0.0431597,0,0.0215799,0,0,0,0,0,0
60294,60312,60303,6.2,-105.205,39.9872,479.514,-11.89,322.314,4.32938,0.637063,31.8848,0.150149,0.000190711,2.36148,0.870018,0.310721,0.331436,0.227862,0.0414295,0.124288,0.0621442,0,0,0,0,0,0,0
60313,60330,60322,6.3,-105.206,39.9887,473.182,-12.3472,322.971,6.61432,1.03935,106.961,0.308734,0.000328006,4.13395,1.06612,0.391637,0.630971,0.152303,0.0870305,0.108788,0.0217576,0,0,0,0,0,0.0217576,0
60331,60346,60338,6.4,-105.206,39.9898,467.267,-12.6006,323.817,9.93538,1.26669,59.2437,0.140312,0.000324716,6.22487,1.68438,0.903216,0.366169,0.341758,0.19529,0.097645,0.097645,0.0244113,0,0,0,0,0,0
60347,60365,60356,6.5,-105.206,39.991,461.364,-12.6379,324.946,11.4289,1.63534,95.3132,0.17485,0.000504123,7.26358,1.80564,0.820744,0.471928,0.471928,0.205186,0.225705,0.102593,0.0410372,0,0.0205186,0,0,0,0
60366,60386,60376,6.6,-105.205,39.992,454.87,-13.2914,325.45,10.2468,1.57362,86.5788,0.165057,0.000528288,5.76731,1.82911,0.877229,0.634591,0.50394,0.223973,0.261302,0.0746578,0.0559933,0.0186644,0,0,0,0,0
60387,60407,60397,6.7,-105.205,39.9926,448.949,-14.1719,325.567,10.0494,1.26339,53.6742,0.127453,0.000257283,5.45593,2.23112,1.03119,0.656212,0.318731,0.206238,0.0937445,0.0562467,0,0,0,0,0,0,0
60408,60425,60416,6.8,-105.204,39.9931,442.981,-15.08,325.666,7.74895,0.934544,38.5454,0.123735,0.000178153,4.30253,1.86589,0.636599,0.417082,0.351227,0.0658551,0.0658551,0.0439034,0,0,0,0,0,0,0
60426,60443,60434,6.9,-105.204,39.9938,437.299,-15.7828,325.977,6.66936,0.898692,42.3822,0.14148,0.0002303,3.70764,1.2505,0.723977,0.50459,0.219387,0.0877547,0.109693,0.0438774,0.0219387,0,0,0,0,0,0
60444,60462,60453,7,-105.205,39.9947,431.713,-16.4742,326.295,5.18415,0.602477,23.5013,0.117024,9.70071e-05,2.86382,1.14971,0.606211,0.313557,0.146327,0.0627114,0.0209038,0.0209038,0,0,0,0,0,0,0
60463,60481,60472,7.1,-105.205,39.9954,426.033,-17.1616,326.66,5.90022,0.929449,60.3434,0.194772,0.00027051,2.67812,1.50644,0.774143,0.52307,0.188305,0.0418456,0.0836911,0.0627683,0.0209228,0,0,0.0209228,0,0,0
60482,60502,60492,7.2,-105.205,39.9962,420.083,-17.8386,327.11,6.00315,0.860649,46.0861,0.160644,0.000254759,3.06785,1.4203,0.587058,0.454497,0.246186,0.113624,0.0189374,0.0378747,0.0378747,0.0189374,0,0,0,0,0
60503,60519,60511,7.3,-105.205,39.9972,414.549,-18.3259,327.722,5.92471,0.829072,41.5544,0.150365,0.000234921,3.29151,1.17554,0.587769,0.376172,0.164575,0.211597,0.0470215,0.0235108,0.0470215,0,0,0,0,0,0
60520,60537,60528,7.4,-105.205,39.998,408.991,-18.8761,328.276,4.49306,0.695118,51.072,0.220417,0.000220333,2.44672,1.11214,0.333643,0.3114,0.133457,0,0.111214,0,0,0.0222429,0.0222429,0,0,0,0
60538,60554,60546,7.5,-105.204,39.9988,403.925,-19.6035,328.502,3.59162,0.511069,27.9077,0.16382,0.000172797,2.26839,0.51984,0.330807,0.189033,0.0945163,0.0472582,0.0945163,0,0.0472582,0,0,0,0,0,0
60555,60578,60566,7.6,-105.203,40.0002,398.254,-20.0965,329.199,2.8249,0.366438,17.819,0.145883,9.95339e-05,1.72633,0.505692,0.244127,0.191814,0.0348753,0.052313,0.0348753,0.0174377,0.0174377,0,0,0,0,0,0
60579,60605,60592,7.7,-105.201,40.0019,392.962,-20.6911,329.682,3.01617,0.49875,40.6647,0.2446,0.000205314,1.98589,0.537535,0.0895892,0.179178,0.104521,0.0149315,0.0149315,0.0149315,0.0447946,0.0149315,0.0149315,0,0,0,0
60606,60633,60620,7.8,-105.198,40.0038,387.414,-21.6136,329.811,2.62225,0.433869,32.8484,0.227131,0.000165396,1.77218,0.316975,0.187304,0.115264,0.0576319,0.0288159,0.0576319,0.0720398,0,0,0.014408,0,0,0,0
60634,60662,60648,7.9,-105.196,40.0057,382.192,-22.5062,329.914,2.95819,0.428318,25.3866,0.177811,0.000173026,1.97212,0.555528,0.0972174,0.15277,0.0138882,0,0.0555528,0.0833292,0.0277764,0,0,0,0,0,0
60663,60687,60675,8,-105.194,40.0075,377.214,-23.3784,330.003,2.62346,0.325819,16.9315,0.155898,8.36327e-05,1.6842,0.42105,0.194331,0.242913,0.0161942,0.0161942,0.0323884,0,0,0.0161942,0,0,0,0,0
60688,60707,60698,8.1,-105.192,40.0089,371.971,-24.3965,329.979,3.02649,0.374579,17.4118,0.139451,9.77768e-05,2.05151,0.467176,0.182808,0.121872,0.060936,0.060936,0.040624,0.040624,0,0,0,0,0,0,0
60708,60735,60722,8.2,-105.19,40.0105,366.732,-25.2941,330.121,2.69555,0.280661,10.6714,0.114068,4.57188e-05,1.96866,0.424019,0.0757177,0.0908612,0.0605741,0.0454306,0.0302871,0,0,0,0,0,0,0,0
60736,60755,60746,8.3,-105.188,40.0122,362.103,-26.1835,330.129,2.48385,0.292061,12.0876,0.124162,5.65905e-05,1.53958,0.390026,0.287388,0.123166,0.102639,0,0.0205277,0.0205277,0,0,0,0,0,0,0
60757,60782,60770,8.4,-105.186,40.0139,356.76,-27.0988,330.303,2.80958,0.36626,17.4144,0.142639,0.000100213,1.84019,0.410757,0.180733,0.164303,0.0821515,0.0328606,0.0657212,0.0328606,0,0,0,0,0,0,0
60783,60803,60793,8.5,-105.184,40.0153,352.264,-27.9032,330.428,2.19236,0.292539,13.3077,0.136471,7.14834e-05,1.34581,0.369011,0.151946,0.130239,0.0217065,0.130239,0.0434131,0,0,0,0,0,0,0,0
60804,60829,60816,8.6,-105.183,40.0164,347.129,-28.8328,330.556,2.40229,0.336429,18.3753,0.163856,0.00011784,1.62362,0.39762,0.0828376,0.0994051,0.033135,0.0662701,0.0497025,0.033135,0.0165675,0,0,0,0,0,0
60830,60857,60844,8.7,-105.18,40.0179,342.271,-29.7064,330.7,2.43861,0.29926,14.197,0.142321,8.16996e-05,1.7292,0.354707,0.118236,0.0591178,0.0591178,0.0591178,0.0147795,0.0443384,0,0,0,0,0,0,0
60858,60881,60870,8.8,-105.178,40.0194,337.722,-30.6052,330.738,2.64639,0.319905,15.7553,0.14775,8.93034e-05,1.90322,0.326267,0.126881,0.163133,0.0543778,0.0181259,0,0.0362519,0.0181259,0,0,0,0,0,0
60882,60898,60890,8.9,-105.177,40.0205,333.107,-31.5088,330.812,2.15466,0.311739,16.509,0.158873,9.83262e-05,1.34666,0.269332,0.220363,0.097939,0.0734542,0.097939,0.0244847,0,0.0244847,0,0,0,0,0,0
60899,60917,60908,9,-105.175,40.0215,328.566,-32.4189,330.86,2.62552,0.36543,22.3832,0.183755,0.000130229,1.83124,0.35301,0.132379,0.0882526,0.132379,0.0220632,0,0.0441263,0,0.0220632,0,0,0,0,0
60918,60937,60928,9.1,-105.174,40.0229,323.883,-33.2958,331.006,2.41794,0.287378,13.7304,0.143335,7.45842e-05,1.66372,0.354927,0.199647,0.0887319,0.022183,0.0443659,0.022183,0,0.022183,0,0,0,0,0,0
60938,60956,60947,9.2,-105.173,40.0242,318.993,-34.3442,330.991,2.51768,0.370619,24.8191,0.200899,0.000154317,1.76015,0.356485,0.178243,0.0445606,0.0445606,0.0445606,0.0222803,0.0222803,0.0222803,0.0222803,0,0,0,0,0
60957,60977,60967,9.3,-105.172,40.0256,314.623,-35.2595,331.03,2.70874,0.335656,14.515,0.129731,7.45968e-05,1.88342,0.296268,0.126972,0.10581,0.21162,0.021162,0.0634861,0,0,0,0,0,0,0,0
