data/B2SAP/Locations/Boulder/NOAA-POPS-B2SAP_GMLBalloon_20240417_R0.ict
82,1001
Thornberry, T. D.
NOAA Chemical Sciences Laboratory
Portable Optical Particle Spectrometer (POPS)
Balloon Baseline Stratospheric Aerosol Profiles (B2SAP)
1,1
2024,04,17,2024,05,28
0
TIME_START,s,Seconds since midnight UTC on flight start day,Start time of 100 m altitude bin in UTC_seconds_since_midnight
49
1.0,1.0,1.0,1.0,1.0,1.0,1.0,1.0,1.0,1.0,1.0,1.0,1.0,1.0,1.0,1.0,1.0,1.0,1.0,1.0,1.0,1.0,1.0,1.0,1.0,1.0,1.0,1.0,1.0,1.0,1.0,1.0,1.0,1.0,1.0,1.0,1.0,1.0,1.0,1.0,1.0,1.0,1.0,1.0,1.0,1.0,1.0,1.0,1.0
99999,99999,99999,99999,99999,99999,99999,99999,99999,99999,99999,99999,99999,99999,99999,99999,99999,99999,99999,99999,99999,99999,99999,99999,99999,99999,99999,99999,99999,99999,99999,99999,99999,99999,99999,99999,99999,99999,99999,99999,99999,99999,99999,99999,99999,99999,99999,99999,99999
TIME_STOP,s,End time of 100 m altitude bin in UTC seconds since midnight,
TIME_MID,s,Mid time of 100 m altitude in UTC seconds since midnight,
GPSAlt,km,GPS reported altitude above sea level (km),
GPS_Lon,deg,GPS reported longitude,
GPS_Lat,deg,GPS reported latitude,
iMet_Pressure,hPa,Pressure reported (hPa),
iMet_Temperature,degrees C,Ambient temperature (oC),
THETA,K,Potential temperature from iMet,
Aerosol_concentration,cm^-3,Aerosol concentration,
Surface_Area_Conc,um^2 cm^-3,Surface area concentration,
Volume_density,um^3 cm^-3,Volume density,
Effective_radius,um,Effective radius,
Extinction,km^-1,Extinction,
Bin01,cm^-3,particle concentration in size range [140 - 146.14 nm],
Bin02,cm^-3,particle concentration in size range [146.14 - 152.56 nm],
Bin03,cm^-3,particle concentration in size range [152.56 - 159.25 nm],
Bin04,cm^-3,particle concentration in size range [159.25 - 166.24 nm],
Bin05,cm^-3,particle concentration in size range [166.24 - 173.54 nm],
Bin06,cm^-3,particle concentration in size range [173.54 - 181.16 nm],
Bin07,cm^-3,particle concentration in size range [181.16 - 189.11 nm],
Bin08,cm^-3,particle concentration in size range [189.11 - 197.41 nm],
Bin09,cm^-3,particle concentration in size range [197.41 - 206.07 nm],
Bin10,cm^-3,particle concentration in size range [206.07 - 215.12 nm],
Bin11,cm^-3,particle concentration in size range [215.12 - 224.56 nm],
Bin12,cm^-3,particle concentration in size range [224.56 - 234.41 nm],
Bin13,cm^-3,particle concentration in size range [234.41 - 244.70 nm],
Bin14,cm^-3,particle concentration in size range [244.70 - 361.30 nm],
Bin15,cm^-3,particle concentration in size range [361.30 - 472.80 nm],
Bin16,cm^-3,particle concentration in size range [472.80 - 567.00 nm],
Bin17,cm^-3,particle concentration in size range [567.00 - 610.66 nm],
Bin18,cm^-3,particle concentration in size range [610.66 - 657.69 nm],
Bin19,cm^-3,particle concentration in size range [657.69 - 708.33 nm],
Bin20,cm^-3,particle concentration in size range [708.33 - 762.88 nm],
Bin21,cm^-3,particle concentration in size range [762.88 - 821.62 nm],
Bin22,cm^-3,particle concentration in size range [821.62 - 884.89 nm],
Bin23,cm^-3,particle concentration in size range [884.89 - 953.03 nm],
Bin24,cm^-3,particle concentration in size range [953.03 - 1026.42 nm],
Bin25,cm^-3,particle concentration in size range [1026.42 - 1105.46 nm],
Bin26,cm^-3,particle concentration in size range [1105.46 - 1190.59 nm]],
[...]
LOCATION: Boulder, CO, USA
ASSOCIATED_DATA: N/A
INSTRUMENT_INFO: Printed Optical Particle Spectrometer counts particles from 140 - 2500 nm in diameter 
DATA_INFO: Particle concentrations reported in number per cubic centimeter, binned to 100 m altitude
UNCERTAINTY: Counting uncertainty dominated by air flow, less than 5 percent
ULOD_FLAG: -77777
ULOD_VALUE: 3000 ~3000 per cm3 (varies depending on flow rate- manufacturer quotes 1250  per cm3 at 1.667 cc/s)
LLOD_FLAG: -88888
LLOD_VALUE: 0 0 (varies depending on data field and measurement precision)
DM_CONTACT_INFO: Troy Thornberry, 325 Broadway R/CSL6, Boulder, CO 80305; troy.thornberry@noaa.gov; 303-497-3373
PROJECT_INFO: B2SAP Boulder, CO, USA
STIPULATIONS_ON_USE: Please contact the PIs for questions regarding applications and uncertainties
OTHER_COMMENTS: POPS bin Edges (nm):  140, 146.14, 152.56, 159.25, 166.24, 173.54, 181.16, 189.11, 197.41, 206.07, 215.12, 224.56, 234.41, 244.70, 361.30, 472.80, 567.00, 610.66, 657.69, 708.33, 762.88, 821.62, 884.89, 953.03, 1026.42, 1105.46, 1190.59, 1282.27, 1381.01, 1487.36, 1601.89, 1725.25, 1858.10, 2001.18, 2155.28, 2321.25, 2500
Calculations assume sulfate refractive index of 1.45+0.00j and extinction wavelength = 532 nm
REVISION: R0
R0: QA/QC data
TIME_START,TIME_STOP,TIME_MID,GPSAlt,GPS_Lon,GPS_Lat,iMet_Pressure,iMet_Temperature,THETA,Aerosol_concentration,Surface_Area_Conc,Volume_density,Effective_radius,Extinction,Bin01,Bin02,Bin03,Bin04,Bin05,Bin06,Bin07,Bin08,Bin09,Bin10,Bin11,Bin12,Bin13,Bin14,Bin15,Bin16,Bin17,Bin18,Bin19,Bin20,Bin21,Bin22,Bin23,Bin24,Bin25,Bin26,Bin27,Bin28,Bin29,Bin30,Bin31,Bin32,Bin33,Bin34,Bin35,Bin36
[from data line 106]
60979,60994,60986,12.1,-104.76,39.9401,196.915,-59.2625,340.267,18.7522,3.21882,168.304,0.156862,0.00097496,2.2413,1.66853,1.76814,1.61872,1.31988,1.12065,1.02104,0.896522,0.722198,0.772005,0.747102,0.373551,0.398454,2.49034,1.22027,0.249034,0.0249034,0.0249034,0,0.0249034,0.0498068,0,0,0,0,0,0,0,0,0,0,0,0,0,0,0
60995,61011,61003,12.2,-104.753,39.9396,194.144,-59.6135,341.088,19.7152,3.78351,230.068,0.182424,0.0014144,1.93611,2.05416,1.36944,1.86527,1.39305,1.15694,1.18055,0.991665,0.87361,0.590277,0.731943,0.519444,0.354166,3.04583,0.826388,0.543055,0.0236111,0.0472221,0.0708332,0.0236111,0,0.0472221,0.0708332,0,0,0,0,0,0,0,0,0,0,0,0,0
61012,61028,61020,12.3,-104.747,39.9388,191.225,-59.6859,342.451,18.6042,3.17363,174.595,0.165043,0.00100766,2.44606,1.45823,1.59935,1.52879,1.45823,1.24655,1.15247,0.823192,0.658554,0.799673,0.517435,0.658554,0.517435,2.56366,0.635034,0.376317,0.0235198,0.0235198,0,0.0470396,0.0235198,0,0.0470396,0,0,0,0,0,0,0,0,0,0,0,0,0
61029,61046,61038,12.4,-104.739,39.9377,188.068,-60.385,342.958,17.4539,3.17392,176.505,0.166833,0.00108045,2.27079,1.73648,1.4916,1.22444,1.35802,1.17992,0.578828,1.02408,0.801455,0.623354,0.400727,0.311677,0.333939,2.51568,0.957293,0.467515,0.0890505,0.0222626,0.0222626,0,0.0222626,0,0.0222626,0,0,0,0,0,0,0,0,0,0,0,0,0
61047,61060,61054,12.5,-104.733,39.9369,184.683,-60.1307,345.157,17.6968,3.17087,166.931,0.157935,0.000987821,2.02984,1.57241,1.25793,1.11498,1.00062,0.972036,1.22934,0.857679,0.771911,1.00062,0.686143,0.543196,0.543196,2.71598,0.857679,0.40025,0.0285893,0.0285893,0.0571786,0.0285893,0,0,0,0,0,0,0,0,0,0,0,0,0,0,0,0
61061,61075,61068,12.6,-104.727,39.9364,181.944,-60.326,346.313,16.8918,2.92493,152.455,0.156368,0.000895816,1.60365,1.63038,1.33637,1.17601,1.73729,1.0691,0.908734,0.962189,0.748369,0.534549,0.507822,0.400912,0.614732,2.40547,0.694914,0.454367,0.0534549,0,0.0267275,0,0.0267275,0,0,0,0,0,0,0,0,0,0,0,0,0,0,0
61076,61091,61084,12.7,-104.721,39.9363,179.16,-60.9094,346.89,15.0599,2.62656,135.786,0.155092,0.000781699,1.20079,1.47597,1.42594,1.10073,0.925611,1.32588,0.875578,0.57538,0.675446,0.600397,0.57538,0.50033,0.450297,2.1264,0.900595,0.200132,0.050033,0.0250165,0.0250165,0,0.0250165,0,0,0,0,0,0,0,0,0,0,0,0,0,0,0
61092,61108,61100,12.8,-104.715,39.9367,176.484,-61.25,347.823,15.2462,2.94169,180.551,0.18413,0.00110759,1.71755,1.64696,1.08229,1.19993,1.27052,0.917594,0.658786,0.470561,0.658786,0.470561,0.494089,0.72937,0.423505,2.14105,0.752898,0.376449,0.0470561,0.0235281,0.0470561,0.0235281,0,0.0235281,0.0705842,0,0,0,0,0,0,0,0,0,0,0,0,0
61109,61128,61118,12.9,-104.708,39.9373,173.233,-61.635,349.04,14.1493,2.55626,146.703,0.172169,0.000858358,1.85963,1.41493,1.31387,0.950027,0.788321,0.848961,0.768107,0.626614,0.54576,0.586187,0.48512,0.404267,0.444694,1.92027,0.768107,0.323414,0,0.0202134,0,0,0.0202134,0,0.0606401,0,0,0,0,0,0,0,0,0,0,0,0,0
61129,61149,61139,13,-104.699,39.9388,171.001,-59.7186,353.512,13.9895,2.56161,143.76,0.168363,0.000903394,1.65816,1.46756,1.18168,1.25791,0.876727,0.876727,0.628956,0.628956,0.80049,0.5146,0.26683,0.285889,0.400245,1.86781,0.648015,0.476482,0.0571778,0.0190593,0.0381186,0.0190593,0,0.0190593,0,0,0,0,0,0,0,0,0,0,0,0,0,0
61150,61167,61158,13.1,-104.69,39.9395,168.019,-57.6094,358.806,11.2219,1.956,108.63,0.16661,0.000681343,1.4551,1.25667,1.0803,0.837783,0.57322,0.793689,0.661408,0.683455,0.462985,0.308657,0.330704,0.198422,0.374798,1.34486,0.396845,0.28661,0.0661408,0.0220469,0.0440938,0.0440938,0,0,0,0,0,0,0,0,0,0,0,0,0,0,0,0
61168,61189,61178,13.2,-104.682,39.9395,165.582,-55.7391,363.433,10.7487,2.23976,138.392,0.185366,0.000927096,1.21984,1.02537,0.813226,0.654117,0.777868,0.636438,0.583401,0.548044,0.424292,0.406613,0.371255,0.30054,0.282861,1.43198,0.60108,0.406613,0.123752,0.0707153,0.0353577,0,0.0176788,0,0.0176788,0,0,0,0,0,0,0,0,0,0,0,0,0
61190,61215,61202,13.3,-104.671,39.9404,162.86,-54.7463,366.824,9.30985,1.51004,84.1718,0.167224,0.000510326,1.13337,1.21433,0.809552,0.809552,0.825743,0.841935,0.501923,0.46954,0.340012,0.275248,0.275248,0.194293,0.145719,0.841935,0.356203,0.0809552,0.0809552,0.0485731,0.0323821,0.016191,0,0,0.016191,0,0,0,0,0,0,0,0,0,0,0,0,0
61217,61240,61228,13.4,-104.659,39.941,160.468,-54.5163,368.765,9.02012,1.47375,78.0439,0.158868,0.000445939,1.08892,1.05641,0.958895,0.568836,0.666351,0.487574,0.617594,0.455069,0.487574,0.341302,0.178777,0.178777,0.19503,1.18643,0.308797,0.162525,0.0325049,0,0.0162525,0.0162525,0,0,0.0162525,0,0,0,0,0,0,0,0,0,0,0,0,0
61241,61264,61252,13.5,-104.648,39.9411,158.04,-54.3137,370.719,8.40748,1.30224,68.5259,0.157864,0.000378703,1.08119,1.22643,0.677762,0.661625,0.580939,0.532527,0.451841,0.484116,0.40343,0.258195,0.242058,0.322744,0.193646,0.822997,0.258195,0.145235,0.0322744,0,0,0,0,0.0161372,0.0161372,0,0,0,0,0,0,0,0,0,0,0,0,0
61265,61289,61277,13.6,-104.637,39.9407,155.573,-53.2432,374.211,7.82602,1.37654,79.6166,0.173514,0.000509673,0.827015,1.07206,0.888276,0.566659,0.581974,0.566659,0.444138,0.321617,0.306302,0.260357,0.214411,0.168466,0.183781,0.75044,0.306302,0.260357,0,0.0612604,0.0153151,0,0.0153151,0.0153151,0,0,0,0,0,0,0,0,0,0,0,0,0,0
61290,61318,61304,13.7,-104.626,39.9402,153.15,-51.7928,378.372,7.97691,1.27296,67.8224,0.159838,0.000408423,1.02673,1.10571,0.881936,0.566018,0.618671,0.500202,0.473876,0.302754,0.315917,0.276428,0.250101,0.197448,0.144795,0.802956,0.263264,0.131632,0.0394897,0.0263264,0.0394897,0,0.0131632,0,0,0,0,0,0,0,0,0,0,0,0,0,0,0
61319,61349,61334,13.8,-104.613,39.9397,150.806,-50.6945,381.929,7.72307,1.08215,52.3541,0.145139,0.000296176,1.18722,1.15051,1.00363,0.599731,0.62421,0.379422,0.342704,0.342704,0.354943,0.330464,0.110155,0.20807,0.159112,0.563013,0.146873,0.146873,0.0367182,0.0244788,0.0122394,0,0,0,0,0,0,0,0,0,0,0,0,0,0,0,0,0
61350,61377,61364,13.9,-104.601,39.939,148.548,-49.9432,384.873,7.68792,1.03036,48.8513,0.142236,0.000259405,1.36514,1.1496,0.778372,0.586773,0.766397,0.407148,0.371223,0.395173,0.263449,0.239499,0.179624,0.167649,0.143699,0.562823,0.167649,0.107775,0,0,0,0.0239499,0.011975,0,0,0,0,0,0,0,0,0,0,0,0,0,0,0
61378,61402,61390,14,-104.591,39.9379,146.226,-49.946,386.605,7.30699,1.07153,59.0513,0.165328,0.0003298,1.39244,1.15374,0.848725,0.729373,0.517192,0.318272,0.358056,0.251965,0.238704,0.0928293,0.079568,0.0928293,0.185659,0.689589,0.159136,0.145875,0.0132613,0,0,0,0,0.0132613,0.0265227,0,0,0,0,0,0,0,0,0,0,0,0,0
61403,61425,61414,14.1,-104.583,39.9365,144.028,-50.5445,387.238,8.01356,1.15923,64.3281,0.166476,0.000370314,1.17935,1.36079,0.892076,0.680397,0.710637,0.544318,0.498958,0.347758,0.287279,0.181439,0.181439,0.136079,0.166319,0.438478,0.181439,0.10584,0.0453598,0.0151199,0.0302399,0,0,0,0.0302399,0,0,0,0,0,0,0,0,0,0,0,0,0
61426,61449,61438,14.2,-104.575,39.935,141.832,-51.1867,387.823,7.32618,0.918973,41.6545,0.135982,0.000220453,1.37888,1.12818,1.01675,0.73819,0.431771,0.459628,0.334275,0.306418,0.278562,0.208922,0.181065,0.153209,0.0557124,0.376059,0.125353,0.0974968,0.0278562,0.0139281,0.0139281,0,0,0,0,0,0,0,0,0,0,0,0,0,0,0,0,0
61450,61471,61460,14.3,-104.568,39.9337,139.7,-51.6491,388.694,7.60001,0.924692,42.8143,0.138904,0.000212626,1.61443,1.38597,0.94429,0.731063,0.456914,0.411223,0.30461,0.30461,0.274149,0.243688,0.106613,0.0761524,0.106613,0.365531,0.152305,0.0913829,0.0152305,0,0,0,0,0,0.0152305,0,0,0,0,0,0,0,0,0,0,0,0,0
61472,61493,61482,14.4,-104.561,39.9329,137.639,-51.9105,389.886,6.83024,0.837003,37.9984,0.136194,0.000195556,1.32051,1.1232,0.865164,0.728559,0.683024,0.409814,0.18214,0.227675,0.151783,0.242853,0.106248,0.0758916,0.106248,0.364279,0.136605,0.0607132,0.0151783,0.0151783,0,0,0.0151783,0,0,0,0,0,0,0,0,0,0,0,0,0,0,0
61494,61513,61504,14.5,-104.555,39.9325,135.466,-52.4855,390.647,6.84688,0.784199,31.5422,0.120667,0.000135421,1.26171,1.1776,0.857963,0.639267,0.555153,0.336456,0.285988,0.302811,0.336456,0.151405,0.134582,0.168228,0.084114,0.42057,0.084114,0.0336456,0,0,0,0.0168228,0,0,0,0,0,0,0,0,0,0,0,0,0,0,0,0
61514,61532,61523,14.6,-104.549,39.9328,133.393,-52.8521,391.718,5.97828,0.852047,47.7168,0.168008,0.000268438,1.23445,0.775942,0.705402,0.634862,0.405606,0.370336,0.282161,0.229256,0.14108,0.14108,0.193986,0.123445,0.0352701,0.440876,0.158715,0,0.017635,0.0529051,0,0,0,0.017635,0.017635,0,0,0,0,0,0,0,0,0,0,0,0,0
61533,61550,61542,14.7,-104.544,39.9332,131.406,-53.4244,392.38,6.1787,0.740592,31.1093,0.126018,0.000148714,1.14212,0.954891,0.730211,0.767657,0.374467,0.374467,0.39319,0.299574,0.131063,0.16851,0.11234,0.0748934,0.05617,0.430637,0.0748934,0.0748934,0,0.0187233,0,0,0,0,0,0,0,0,0,0,0,0,0,0,0,0,0,0
61551,61568,61560,14.8,-104.539,39.9339,129.222,-54.2867,392.715,5.73686,0.651417,25.4443,0.11718,0.000108318,0.974892,0.974892,0.581186,0.637429,0.562438,0.412454,0.337463,0.224975,0.131235,0.112488,0.131235,0.168731,0.0374958,0.337463,0.0374958,0.0749917,0,0,0,0,0,0,0,0,0,0,0,0,0,0,0,0,0,0,0,0
61569,61586,61578,14.9,-104.535,39.9349,127.337,-55.025,393.038,6.22509,0.897829,46.7916,0.156349,0.000266025,1.11635,0.92714,0.662243,0.45411,0.510873,0.208134,0.416267,0.264897,0.208134,0.30274,0.15137,0.113527,0.113527,0.473031,0.15137,0.0756849,0.0189212,0.0189212,0.0189212,0,0,0.0189212,0,0,0,0,0,0,0,0,0,0,0,0,0,0
61587,61607,61597,15,-104.53,39.936,125.295,-55.7995,393.454,5.41864,0.799273,40.9667,0.153765,0.000237636,1.14843,0.711702,0.549951,0.452901,0.420551,0.258801,0.226451,0.274976,0.16175,0.0808752,0.0808752,0.177925,0.0808752,0.436726,0.242626,0.0485251,0.0323501,0.016175,0,0,0.016175,0,0,0,0,0,0,0,0,0,0,0,0,0,0,0
61608,61629,61618,15.1,-104.524,39.9368,123.382,-56.4955,393.924,5.76358,0.829235,47.7469,0.172738,0.00024857,0.838903,0.94765,0.605875,0.512663,0.497128,0.403916,0.264099,0.341775,0.217493,0.201958,0.0932115,0.124282,0.062141,0.403916,0.155352,0.0466057,0,0,0,0,0,0,0.0466057,0,0,0,0,0,0,0,0,0,0,0,0,0
61630,61651,61640,15.2,-104.519,39.9377,121.519,-56.9355,394.838,6.27245,0.993788,59.1457,0.178546,0.000363568,1.05838,0.762655,0.762655,0.544754,0.357981,0.38911,0.404674,0.295723,0.280159,0.202337,0.155644,0.171208,0.124515,0.38911,0.155644,0.0933863,0.0155644,0.0311288,0.0311288,0,0.0311288,0,0.0155644,0,0,0,0,0,0,0,0,0,0,0,0,0
61652,61675,61664,15.3,-104.513,39.9387,119.604,-57.2525,396.051,5.85432,1.02678,72.211,0.210984,0.000439035,0.997087,1.01133,0.569764,0.527032,0.356102,0.384591,0.270638,0.213661,0.170929,0.185173,0.113953,0.0997087,0.142441,0.427323,0.142441,0.0997087,0.0427323,0,0,0.0142441,0,0.0284882,0.0569764,0,0,0,0,0,0,0,0,0,0,0,0,0
61676,61699,61688,15.4,-104.507,39.9396,117.744,-57.6629,397.072,5.96109,0.927336,48.9632,0.1584,0.000303434,0.974409,0.94575,0.601841,0.544523,0.487205,0.257932,0.31525,0.257932,0.214943,0.157625,0.0573182,0.114636,0.0859773,0.515864,0.200614,0.157625,0.0286591,0.0286591,0.0143296,0,0,0,0,0,0,0,0,0,0,0,0,0,0,0,0,0
61700,61726,61713,15.5,-104.5,39.9403,115.887,-57.94,398.368,6.09417,0.872849,44.9815,0.154602,0.000261721,1.09415,0.865142,0.597966,0.572521,0.572521,0.33079,0.305344,0.318067,0.178118,0.114504,0.178118,0.0763361,0.0890588,0.52163,0.101781,0.114504,0.0254454,0,0,0.0254454,0.0127227,0,0,0,0,0,0,0,0,0,0,0,0,0,0,0
61727,61754,61740,15.6,-104.493,39.9411,114.055,-58.475,399.189,6.05253,0.964114,55.5446,0.172836,0.000322725,0.88754,0.875213,0.591693,0.554713,0.542386,0.357481,0.382135,0.184904,0.184904,0.197231,0.16025,0.16025,0.0739617,0.480751,0.234212,0.123269,0.0246539,0,0,0,0,0.0123269,0.0246539,0,0,0,0,0,0,0,0,0,0,0,0,0
61755,61783,61769,15.7,-104.486,39.9421,112.306,-58.74,400.461,6.1755,1.1404,73.8557,0.194289,0.000462005,0.880514,0.82102,0.618739,0.618739,0.392662,0.30937,0.273673,0.261774,0.214179,0.190381,0.178483,0.130887,0.154685,0.571144,0.285572,0.178483,0,0.0237977,0,0,0.0118988,0.0356965,0.0237977,0,0,0,0,0,0,0,0,0,0,0,0,0
61784,61812,61798,15.8,-104.478,39.9437,110.52,-59.0617,401.697,5.94867,0.904947,49.3621,0.163641,0.000281824,0.856608,0.690045,0.618661,0.606764,0.487791,0.463996,0.333125,0.261741,0.309331,0.166563,0.118973,0.118973,0.0594867,0.523483,0.202255,0.0594867,0.0118973,0.0118973,0.0118973,0,0.0237947,0,0.0118973,0,0,0,0,0,0,0,0,0,0,0,0,0
61813,61843,61828,15.9,-104.469,39.9457,108.779,-59.6735,402.369,5.70687,0.914181,52.0946,0.170955,0.000312283,0.928765,0.716156,0.447598,0.593067,0.369268,0.402838,0.257369,0.246179,0.190229,0.190229,0.190229,0.156659,0.179039,0.514737,0.145469,0.0895195,0,0.0335698,0.0223799,0,0.0223799,0,0.0111899,0,0,0,0,0,0,0,0,0,0,0,0,0
61844,61868,61856,16,-104.46,39.9474,107.07,-59.5456,404.435,5.40032,0.767285,36.8869,0.144224,0.000202957,0.925374,0.704389,0.814882,0.400535,0.290043,0.207173,0.372912,0.17955,0.110492,0.110492,0.138116,0.17955,0.17955,0.580085,0.0828693,0.0552462,0.0414347,0.0138116,0.0138116,0,0,0,0,0,0,0,0,0,0,0,0,0,0,0,0,0
61869,61891,61880,16.1,-104.452,39.9487,105.351,-59.9935,405.458,5.02499,0.800237,44.3346,0.166206,0.000275406,0.767289,0.556661,0.616841,0.406212,0.451347,0.210628,0.255763,0.225673,0.255763,0.195584,0.0902693,0.180539,0.120359,0.361077,0.150449,0.0752245,0.0601796,0.0150449,0,0.0150449,0.0150449,0,0,0,0,0,0,0,0,0,0,0,0,0,0,0
61892,61911,61902,16.2,-104.444,39.95,103.636,-60.7035,406.006,5.22635,0.714101,35.6501,0.149769,0.00019089,0.781348,0.920254,0.451446,0.590352,0.381992,0.399356,0.295176,0.173633,0.15627,0.138906,0.138906,0.10418,0.0868165,0.399356,0.10418,0.0694532,0,0,0.0173633,0,0,0.0173633,0,0,0,0,0,0,0,0,0,0,0,0,0,0
61912,61928,61920,16.3,-104.438,39.9509,102.011,-60.8594,407.544,5.55262,0.859717,48.2054,0.168214,0.000285079,0.877805,0.857391,0.489937,0.449109,0.408281,0.285797,0.367453,0.265383,0.326625,0.163312,0.0816562,0.0816562,0.142898,0.408281,0.204141,0.0612422,0.0204141,0.0204141,0,0,0.0204141,0.0204141,0,0,0,0,0,0,0,0,0,0,0,0,0,0
61929,61946,61938,16.4,-104.432,39.9515,100.39,-61.0128,409.119,5.19004,0.752523,40.9436,0.163225,0.000232207,0.813364,0.793998,0.60034,0.522877,0.329219,0.271121,0.329219,0.213024,0.213024,0.174292,0.096829,0.116195,0.096829,0.36795,0.154926,0.0193658,0.0193658,0.0193658,0,0,0.0193658,0.0193658,0,0,0,0,0,0,0,0,0,0,0,0,0,0
61947,61964,61956,16.5,-104.426,39.9517,98.7739,-60.7367,411.556,5.29023,0.852514,52.477,0.184667,0.000299676,0.775441,0.603121,0.516961,0.499729,0.465265,0.413569,0.17232,0.241248,0.292944,0.137856,0.17232,0.120624,0.137856,0.499729,0.103392,0.0516961,0.017232,0,0,0,0.017232,0.034464,0.017232,0,0,0,0,0,0,0,0,0,0,0,0,0
61965,61981,61973,16.6,-104.42,39.9515,97.2488,-60.9459,412.983,5.39325,0.917984,53.0207,0.173273,0.000330702,0.708205,0.835318,0.363182,0.526614,0.544773,0.345023,0.0907955,0.217909,0.19975,0.127114,0.163432,0.163432,0.108955,0.653727,0.108955,0.163432,0,0.0181591,0.0181591,0.0181591,0,0.0181591,0,0,0,0,0,0,0,0,0,0,0,0,0,0
61982,61998,61990,16.7,-104.414,39.9512,95.7041,-60.7465,415.264,4.8929,0.768927,40.4701,0.157896,0.000230978,0.706752,0.670508,0.39868,0.344315,0.39868,0.39868,0.271828,0.126853,0.19934,0.181218,0.126853,0.108731,0.0724874,0.652386,0.0724874,0.126853,0.0181218,0,0,0,0,0.0181218,0,0,0,0,0,0,0,0,0,0,0,0,0,0
61999,62014,62006,16.8,-104.409,39.951,94.1144,-60.4706,417.801,5.18143,0.955026,58.8666,0.184916,0.000374895,0.539331,0.462284,0.520069,0.577855,0.346713,0.365975,0.308189,0.365975,0.154095,0.327451,0.0770473,0.134833,0.0770473,0.443022,0.231142,0.154095,0.0385237,0,0.0192618,0,0,0.0385237,0,0,0,0,0,0,0,0,0,0,0,0,0,0
62015,62030,62022,16.9,-104.405,39.9506,92.6744,-60.9288,418.739,5.29213,0.92266,58.7916,0.191159,0.00036782,0.659093,0.639708,0.697863,0.523398,0.232621,0.523398,0.252006,0.252006,0.155081,0.232621,0.116311,0.135696,0.116311,0.329547,0.193851,0.135696,0.0193851,0.0193851,0,0,0.0193851,0.0193851,0.0193851,0,0,0,0,0,0,0,0,0,0,0,0,0
