data/B2SAP/Locations/Boulder/NOAA-POPS-B2SAP_GMLBalloon_20200603_R0.ict
61,1001
Thornberry, T. D.
NOAA Chemical Sciences Laboratory
Portable Optical Particle Spectrometer (POPS)
Balloon Baseline Stratospheric Aerosol Profiles (B2SAP)
1,1
2020,06,03,2024,05,30
0
TIME_START,s,Seconds since midnight UTC on flight start day,Start time of 100 m altitude bin in UTC_seconds_since_midnight
28
1.0,1.0,1.0,1.0,1.0,1.0,1.0,1.0,1.0,1.0,1.0,1.0,1.0,1.0,1.0,1.0,1.0,1.0,1.0,1.0,1.0,1.0,1.0,1.0,1.0,1.0,1.0,1.0
99999,99999,99999,99999,99999,99999,99999,99999,99999,99999,99999,99999,99999,99999,99999,99999,99999,99999,99999,99999,99999,99999,99999,99999,99999,99999,99999,99999
TIME_STOP,s,End time of 100 m altitude bin in UTC seconds since midnight,
TIME_MID,s,Mid time of 100 m altitude in UTC seconds since midnight,
GPSAlt,m,GPS reported altitude above sea level (m),
GPS_Lon,deg,GPS reported longitude,
GPS_Lat,deg,GPS reported latitude,
iMet_Pressure,mb,Pressure reported (mB),
iMet_Temperature,degrees C,Ambient temperature (oC),
THETA,K,Potential temperature from iMet,
Aerosol_concentration,cm^-3,Aerosol concentration,
Surface_Area_Conc,um^2 cm^-3,Surface area concentration,
Volume_density,um^3 cm^-3,Volume density,
Effective_radius,um,Effective radius,
Extinction,km^-1,Extinction,
Bin01,cm^-3,particle concentration in size range [140 - 170 nm],
Bin02,cm^-3,particle concentration in size range [170 - 205 nm],
Bin03,cm^-3,particle concentration in size range [205 - 249 nm],
Bin04,cm^-3,particle concentration in size range [249 - 302 nm],
Bin05,cm^-3,particle concentration in size range [302 - 366 nm],
Bin06,cm^-3,particle concentration in size range [366 - 443 nm],
Bin07,cm^-3,particle concentration in size range [443 - 537 nm],
Bin08,cm^-3,particle concentration in size range [537 - 651 nm],
Bin09,cm^-3,particle concentration in size range [651 - 789 nm],
Bin10,cm^-3,particle concentration in size range [789 - 956 nm],
Bin11,cm^-3,particle concentration in size range [956 - 1159 nm],
Bin12,cm^-3,particle concentration in size range [1159 - 1404 nm],
Bin13,cm^-3,particle concentration in size range [1404 - 1702 nm],
Bin14,cm^-3,particle concentration in size range [1702 - 2062 nm],
Bin15,cm^-3,particle concentration in size range [2062 - 2500 nm],
0
19
PI_CONTACT_INFO: 325 Broadway R/CSL6, Boulder, CO 80305; troy.thornberry@noaa.gov; 303-497-3373 
PLATFORM: GML ECC/FPH balloon
LOCATION: Boulder, CO, USA
ASSOCIATED_DATA: N/A
INSTRUMENT_INFO: Printed Optical Particle Spectrometer counts particles from 140 - 2500 nm in diameter 
DATA_INFO: Particle concentrations reported in number per cubic centimeter, binned to 100 m altitude
UNCERTAINTY: Counting uncertainty dominated by air flow, less than 5 percent
ULOD_FLAG: -77777
ULOD_VALUE: 3000 ~3000 per cm3 (varies depending on flow rate- manufacturer quotes 1250  per cm3 at 1.667 cc/s)
LLOD_FLAG: -88888
LLOD_VALUE: 0 0 (varies depending on data field and measurement precision)
DM_CONTACT_INFO: Troy Thornberry, 325 Broadway R/CSL6, Boulder, CO 80305; troy.thornberry@noaa.gov; 303-497-3373
PROJECT_INFO: B2SAP Boulder, CO, USA
STIPULATIONS_ON_USE: Please contact the PIs for questions regarding applications and uncertainties
OTHER_COMMENTS: POPS bin Edges (nm):  140, 170, 205, 249, 302, 366, 443, 537, 651, 789, 956, 1159, 1404, 1702, 2062, 2500
Calculations assume sulfate refractive index of 1.45+0.00j and extinction wavelength = 532 nm
REVISION: R0
R0: QA/QC data
TIME_START,TIME_STOP,TIME_MID,GPSAlt,GPS_Lon,GPS_Lat,iMet_Pressure,iMet_Temperature,THETA,Aerosol_concentration,Surface_Area_Conc,Volume_density,Effective_radius,Extinction,Bin01,Bin02,Bin03,Bin04,Bin05,Bin06,Bin07,Bin08,Bin09,Bin10,Bin11,Bin12,Bin13,Bin14,Bin15
[from data line 72]
59471,59489,59480,8.9,-105.023,39.9391,332.295,-31.93,330.463,22.8303,5.74714,388.086,0.202581,0.00243375,5.01789,5.01789,3.88832,3.1932,1.9333,1.56402,1.75952,0.325837,0.0217225,0.0651674,0.0217225,0,0.0217225,0,0
59490,59503,59496,9,-105.019,39.9395,327.884,-32.8857,330.415,21.7162,4.95017,291.372,0.176583,0.00193378,4.52051,5.2887,3.8705,3.2205,1.68411,1.47729,1.27047,0.265913,0.118183,0,0,0,0,0,0
59504,59520,59512,9.1,-105.015,39.94,323.094,-33.8144,330.522,19.9578,4.51312,260.373,0.173077,0.00172421,4.4639,4.77534,3.37388,2.51743,1.89456,1.45336,1.11598,0.363341,0,0,0,0,0,0,0
59521,59542,59532,9.2,-105.011,39.9411,318.092,-34.7376,330.714,17.794,3.96556,258.359,0.195452,0.00146085,4.77545,3.88377,3.13079,2.1004,1.60503,1.24835,0.69353,0.297227,0.0198151,0,0,0,0.0396303,0,0
59543,59570,59556,9.3,-105.005,39.9422,313.466,-35.6143,330.885,16.3966,3.4426,203.165,0.177045,0.00130558,4.40818,3.93162,2.91893,2.08495,1.14672,0.83398,0.759517,0.23828,0.029785,0.0446775,0,0,0,0,0
59571,59596,59584,9.4,-104.999,39.9434,309.018,-36.516,330.979,15.9395,3.73071,277.607,0.223234,0.00147906,4.58762,3.73372,2.49473,1.95895,1.15528,0.820415,0.786928,0.284634,0.0167432,0,0.100459,0,0,0,0
59597,59621,59609,9.5,-104.993,39.9444,304.748,-37.4862,330.932,15.6911,3.58684,215.767,0.180466,0.00145725,3.83951,3.69925,2.6298,1.96358,1.24477,0.946728,1.05192,0.26298,0.035064,0.017532,0,0,0,0,0
59622,59646,59634,9.6,-104.988,39.9453,300.277,-38.2846,331.202,18.0711,3.98493,254.43,0.191544,0.00157498,4.73249,4.87271,2.38377,2.47141,1.41975,0.841332,0.946498,0.315499,0.0175277,0.0525832,0,0,0.0175277,0,0
59647,59671,59659,9.7,-104.983,39.9462,296.018,-39.2525,331.193,17.2865,3.38616,189.268,0.167684,0.00118146,4.99427,4.64256,2.49713,2.02233,1.35408,0.879273,0.685833,0.123098,0.0703418,0.0175855,0,0,0,0,0
59672,59698,59685,9.8,-104.978,39.9472,291.55,-40.1535,331.355,17.0451,3.68472,242.457,0.197402,0.00151017,5.41011,3.91092,2.80283,1.67844,1.17328,0.928843,0.765888,0.228137,0.0162955,0.114068,0.0162955,0,0,0,0
59699,59723,59711,9.9,-104.973,39.9481,287.333,-40.7988,331.812,20.8889,5.35274,447.658,0.250895,0.00234722,5.04521,4.56724,3.68212,2.70848,1.82336,1.48701,0.867422,0.477967,0.106215,0.0708099,0.0177025,0.0177025,0,0,0.0177025
59724,59748,59736,10,-104.967,39.9486,283.046,-41.4376,332.32,22.9546,5.8556,408.135,0.2091,0.00253617,5.2487,5.31687,3.73203,2.69252,2.07903,1.82341,1.44851,0.40899,0.0852062,0.0511237,0.068165,0,0,0,0
59749,59774,59762,10.1,-104.961,39.9492,278.87,-42.2846,332.523,21.6742,5.45303,350.8,0.192993,0.00236811,4.85661,4.64331,3.80653,2.77286,1.68997,1.7556,1.55871,0.475816,0.0820373,0.0164075,0,0.0164075,0,0,0
59775,59802,59788,10.2,-104.955,39.9497,274.739,-43.2414,332.558,19.748,4.86576,326.026,0.201012,0.00205872,4.90643,4.18804,3.31681,2.38443,1.80361,1.4062,1.22279,0.382121,0.0764242,0.0152848,0.0458545,0,0,0,0
59803,59833,59818,10.3,-104.948,39.9503,270.732,-43.828,333.101,14.5695,3.57843,250.571,0.210068,0.0014482,3.38066,3.08893,2.67707,1.99064,1.28705,1.13261,0.652108,0.22309,0.0514822,0.0343215,0.0171607,0.0343215,0,0,0
59834,59863,59848,10.4,-104.94,39.9508,266.537,-44.7545,333.238,14.0962,3.60525,253.813,0.211203,0.00153725,3.40151,3.11929,2.03496,1.7676,1.47052,1.03976,0.861517,0.297075,0.0445612,0.0148537,0.0148537,0.0148537,0.0148537,0,0
59864,59892,59878,10.5,-104.933,39.9511,262.481,-45.6515,333.394,15.2152,3.93868,265.26,0.202042,0.00175352,3.15944,3.32572,2.64395,2.01206,1.46332,1.2804,0.864688,0.266058,0.133029,0.0498859,0.0166286,0,0,0,0
59893,59921,59907,10.6,-104.927,39.9512,258.634,-46.4223,333.665,14.9667,4.07079,281.205,0.207236,0.00190522,3.02997,2.94673,2.93008,1.99778,1.23196,1.19867,1.03219,0.432852,0.099889,0.0499445,0,0.0166482,0,0,0
59922,59945,59934,10.7,-104.921,39.9512,255.036,-47.1817,333.877,16.2999,4.43555,320.259,0.216609,0.002022,3.54675,3.43355,2.71666,2.09409,1.54699,1.24513,1.13194,0.396179,0.113194,0.0188657,0.0377313,0.0188657,0,0,0
59946,59964,59955,10.8,-104.916,39.9511,251.146,-48.0237,334.101,17.1233,5.09012,399.366,0.235377,0.00245499,3.59888,3.32381,2.8195,2.29228,1.53583,1.83382,0.871067,0.504302,0.206305,0.0458456,0.0687684,0.0229228,0,0,0
59965,59983,59974,10.9,-104.91,39.951,247.441,-48.6641,334.571,15.6982,4.98198,408.058,0.24572,0.00251237,2.77481,3.00605,2.1068,2.26096,1.84987,1.69572,1.33602,0.436776,0.154156,0.0513854,0,0,0,0.0256927,0
59984,60007,59996,11,-104.903,39.9508,243.653,-49.191,335.256,15.8515,4.8174,342.331,0.213184,0.00231942,2.99538,2.82047,2.38318,2.03336,1.74913,1.68353,1.63981,0.415418,0.0874563,0,0.0437282,0,0,0,0
60009,60034,60022,11.1,-104.895,39.9508,239.604,-49.4183,336.519,15.6283,4.55834,320.042,0.210631,0.00219591,3.03832,3.19023,2.1648,2.03188,1.87996,1.29129,1.36724,0.550695,0.0569685,0.037979,0,0,0.0189895,0,0
60035,60062,60048,11.2,-104.885,39.9506,236.017,-49.6354,337.654,16.5625,5.414,432.524,0.23967,0.00273022,2.79124,3.04346,2.60628,2.50539,1.66466,1.78236,1.16021,0.723033,0.151332,0.0336294,0.0840735,0.0168147,0,0,0
60063,60090,60076,11.3,-104.874,39.9503,232.472,-50.1869,338.278,16.1778,5.1752,399.961,0.231852,0.00272042,3.23556,3.13445,2.35926,2.05593,1.44926,1.49982,1.44926,0.72463,0.168519,0.0505556,0.0337037,0,0.0168519,0,0
60091,60115,60103,11.4,-104.864,39.9501,228.896,-50.8671,338.739,18.0142,6.21953,501.771,0.24203,0.00327527,2.99628,3.59919,2.3751,2.33856,1.68084,2.15586,1.69911,0.895229,0.12789,0.03654,0.0913499,0.01827,0,0,0
60116,60138,60127,11.5,-104.855,39.95,225.472,-51.5971,339.08,18.6913,6.11728,474.316,0.232611,0.00313047,3.26522,3.51639,2.78381,2.26054,2.15588,2.07216,1.59075,0.774443,0.125585,0.0627927,0.0837236,0,0,0,0
60139,60160,60150,11.6,-104.847,39.9499,222.055,-52.2114,339.63,19.9749,6.67033,498.394,0.224154,0.00354436,3.30578,3.74655,2.52442,2.7448,2.40421,2.02354,2.04357,0.841472,0.240421,0.0601051,0.0400701,0,0,0,0
60161,60184,60172,11.7,-104.84,39.9498,218.713,-52.7461,340.274,21.3301,7.29504,567.071,0.233202,0.00399709,3.859,3.7438,2.99504,2.41907,2.64946,2.16949,2.22708,0.748761,0.326383,0.153592,0.019199,0,0.019199,0,0
60185,60208,60196,11.8,-104.831,39.9498,215.202,-53.5148,340.655,21.078,6.77092,497.778,0.220551,0.00365993,3.76942,4.07713,3.13477,2.63475,2.30781,1.90394,1.96164,0.88466,0.250013,0.153854,0,0,0,0,0
60209,60232,60220,11.9,-104.823,39.9498,211.902,-54.0932,341.261,18.9498,6.67222,533.988,0.240095,0.00363777,3.20194,3.1818,3.00056,2.35614,1.83256,2.15476,1.91311,0.986761,0.120828,0.120828,0.080552,0,0,0,0
60233,60255,60244,12,-104.814,39.9501,208.681,-54.7352,341.761,19.3384,7.0386,562.58,0.239784,0.00394704,3.05241,3.34219,2.60807,2.55011,2.04782,2.20237,2.24101,0.830719,0.251148,0.154552,0.0386381,0.019319,0,0,0
60256,60276,60266,12.1,-104.806,39.9504,205.405,-55.3332,342.365,17.655,5.85883,427.867,0.219088,0.00309125,2.81354,3.28246,2.4384,2.15705,2.22739,1.87569,1.87569,0.726831,0.187569,0.0468923,0.0234462,0,0,0,0
60277,60301,60289,12.2,-104.798,39.9512,202.152,-55.7614,343.25,17.6023,5.86541,469.055,0.239909,0.00318891,3.14631,3.52897,2.69987,2.25344,1.72197,1.61567,1.27553,0.977907,0.212588,0.106294,0.0425177,0.0212588,0,0,0
60302,60326,60314,12.3,-104.789,39.9519,198.931,-56.39,343.838,18.3101,6.19934,490.703,0.237462,0.00332218,3.28842,3.46355,2.45172,2.62685,1.6734,1.69286,1.96527,0.875616,0.0972906,0.0972906,0.0778325,0,0,0,0
60327,60351,60339,12.4,-104.78,39.9529,195.639,-57.0223,344.475,16.2348,5.08521,374.176,0.220743,0.00268906,3.12476,3.26442,2.28684,2.26938,1.25689,1.62348,1.46637,0.663358,0.192025,0.0698271,0.0174568,0,0,0,0
60352,60376,60364,12.5,-104.77,39.9539,192.67,-57.4624,345.274,14.5139,3.81024,249.346,0.196323,0.00177318,3.22124,3.27614,2.2146,1.75704,1.24457,1.24457,1.02494,0.384352,0.128117,0.0183025,0,0,0,0,0
60377,60402,60390,12.6,-104.761,39.9549,189.661,-57.7904,346.299,15.4135,4.70999,371.937,0.236903,0.0024364,3.68899,2.90307,2.21339,1.94073,1.34728,1.28313,1.21897,0.481172,0.192469,0.0801953,0.0641563,0,0,0,0
60403,60425,60414,12.7,-104.751,39.9561,186.643,-58.1005,347.399,14.9608,4.26844,320.678,0.225383,0.00205438,3.45108,3.08394,2.1661,1.90911,1.45019,1.11976,1.15648,0.422206,0.091784,0.0550704,0.0367136,0.0183568,0,0,0
60427,60451,60439,12.8,-104.742,39.9576,183.764,-58.1455,348.869,13.2093,3.506,261.012,0.223342,0.00169895,3.55165,3.04427,2.04701,1.2597,0.892286,1.04975,0.857294,0.262437,0.139966,0.0699832,0.0349916,0,0,0,0
60452,60475,60464,12.9,-104.732,39.9592,180.794,-58.3587,350.144,13.3134,2.86934,191.918,0.200657,0.00113675,4.01409,3.44543,1.94014,1.53873,0.786092,0.669015,0.618839,0.200704,0.0334507,0.0334507,0.0334507,0,0,0,0
60477,60502,60490,13,-104.721,39.9606,177.932,-58.3288,351.796,13.0114,2.81443,199.99,0.213177,0.0011831,4.64691,3.18874,1.97093,1.0095,0.560834,0.592882,0.62493,0.320477,0.0320477,0.0160238,0.0480715,0,0,0,0
60503,60528,60516,13.1,-104.711,39.9619,175.135,-58.2932,353.455,13.6222,2.84918,188.673,0.19866,0.00114823,4.31133,3.4612,2.16578,1.39663,0.85012,0.647711,0.384578,0.263133,0.0607229,0.0607229,0.020241,0,0,0,0
60531,60557,60544,13.2,-104.7,39.9634,172.237,-58.3488,355.048,13.4263,2.80246,205.537,0.220025,0.00113155,5.04226,3.28265,1.87791,1.13858,0.739335,0.517534,0.414027,0.280947,0.0295734,0.0443601,0.0591468,0,0,0,0
60558,60584,60571,13.3,-104.691,39.9649,169.716,-58.3881,356.477,11.9647,2.53327,194.34,0.230145,0.00107066,4.51188,3.17841,1.5892,0.968136,0.474934,0.493201,0.383601,0.1644,0.0913335,0.0548001,0.0365334,0.0182667,0,0,0
60586,60613,60600,13.4,-104.68,39.9666,166.757,-58.6822,357.793,11.7016,2.47515,177.123,0.214682,0.000990505,4.27332,2.83775,1.63588,1.00156,0.734478,0.300468,0.584244,0.25039,0.0333853,0,0.0166927,0.0333853,0,0,0
60614,60640,60627,13.5,-104.671,39.9678,164.269,-58.56,359.533,12.3889,2.85312,218.245,0.22948,0.00132488,4.22021,3.14917,1.72645,1.11899,0.719354,0.543512,0.447598,0.239785,0.0479569,0.143871,0.0319713,0,0,0,0
60641,60667,60654,13.6,-104.661,39.9691,161.61,-58.8938,360.647,12.3761,2.95454,202.816,0.205937,0.0014306,3.87455,3.25014,1.63307,0.864569,0.832548,0.704464,0.672442,0.368242,0.112074,0.0640421,0,0,0,0,0
60668,60689,60678,13.7,-104.651,39.9695,159.116,-58.1889,363.451,14.3197,3.53914,252.503,0.214038,0.0016654,3.89376,3.48949,2.4469,1.25537,1.10642,0.787263,0.744708,0.382993,0.106387,0.0851095,0.0212774,0,0,0,0
60690,60707,60698,13.8,-104.643,39.9689,156.779,-58.022,365.275,14.1101,3.76747,307.413,0.24479,0.00164948,3.09297,3.68089,2.32612,1.81488,1.07359,0.817975,0.766852,0.383426,0,0.0511235,0.0511235,0.0255617,0.0255617,0,0
60708,60731,60720,13.9,-104.635,39.9676,154.09,-58.496,366.27,14.1477,3.35831,239.823,0.214236,0.00146822,3.66154,3.69988,2.24293,1.61031,1.13105,0.709304,0.670963,0.172533,0.153363,0.0575111,0.0383407,0,0,0,0
60732,60757,60744,14,-104.626,39.9662,151.637,-59.1204,366.884,14.4606,3.17582,196.711,0.185821,0.00124388,3.85282,3.28574,2.65194,1.75128,1.11749,0.850623,0.500367,0.383614,0.0500367,0,0.0166789,0,0,0,0
60758,60782,60770,14.1,-104.617,39.9648,149.26,-59.939,367.141,13.954,3.02566,198.955,0.197267,0.00122528,3.96017,3.39977,2.50312,1.64384,0.784562,0.803242,0.504361,0.1868,0.0934002,0.0560401,0.01868,0,0,0,0
60783,60806,60794,14.2,-104.608,39.9636,146.927,-60.774,367.347,13.318,2.7084,166.238,0.184136,0.00107321,3.90414,3.63372,2.19714,1.36898,0.861953,0.540833,0.473229,0.202812,0.0845052,0.0507031,0,0,0,0,0
60807,60835,60821,14.3,-104.598,39.9626,144.48,-61.0611,368.611,14.3007,3.54737,272.655,0.230583,0.00163985,3.8925,3.69908,2.36935,1.42644,1.00335,0.664868,0.65278,0.32639,0.132974,0.0725311,0.0604426,0,0,0,0
60836,60860,60848,14.4,-104.587,39.9617,142.233,-61.3304,369.806,13.0228,2.75895,168.557,0.183284,0.00110402,3.63462,3.10488,2.5457,1.38321,0.779898,0.750467,0.515027,0.161866,0.11772,0.0294301,0,0,0,0,0
60861,60883,60872,14.5,-104.577,39.9613,140.041,-61.9476,370.364,13.1681,2.85634,177.537,0.186467,0.00116587,3.53408,3.27588,2.30764,1.54918,0.952103,0.677768,0.467983,0.290472,0.0645493,0.048412,0,0,0,0,0
60885,60910,60898,14.6,-104.568,39.961,137.715,-62.6518,370.894,12.6362,2.78311,170.855,0.184169,0.00113901,3.25946,3.2749,1.9773,1.622,0.92686,0.664249,0.478877,0.370744,0.0308953,0.0308953,0,0,0,0,0
60912,60932,60922,14.7,-104.558,39.9611,135.384,-63.2029,371.74,11.8057,2.61421,174.985,0.200808,0.00104833,2.98649,3.22701,1.84401,1.36296,1.12244,0.621351,0.340741,0.140305,0.0801743,0.0601307,0.0200436,0,0,0,0
60933,60957,60945,14.8,-104.55,39.9613,133.276,-63.2659,373.297,13.014,3.31771,235.29,0.212759,0.00159531,3.23801,3.2535,1.99858,1.62675,0.883093,0.6507,0.712671,0.449293,0.139436,0.0464786,0,0.0154929,0,0,0
60958,60977,60968,14.9,-104.542,39.9617,131.341,-62.6128,376.021,12.7583,3.13466,216.094,0.206811,0.00141904,3.0386,2.86874,2.51015,1.6986,0.811552,0.679439,0.603945,0.377466,0.11324,0.0377466,0.0188733,0,0,0,0
60981,61007,60994,15,-104.532,39.9624,128.965,-61.7915,379.469,13.6741,4.15887,340.103,0.245333,0.00209136,2.99174,2.67059,2.24803,1.92688,1.21698,0.89583,0.946538,0.507074,0.118317,0.0676098,0.0676098,0.0169025,0,0,0
61008,61033,61020,15.1,-104.523,39.9631,126.836,-60.4174,383.756,13.6539,3.83768,286.214,0.22374,0.0018649,2.92896,2.76867,2.52095,1.83606,1.12204,0.932604,0.845173,0.480874,0.131147,0.0437158,0.0437158,0,0,0,0
61034,61057,61046,15.2,-104.516,39.9637,124.899,-60.387,385.495,14.1394,4.12654,297.595,0.216352,0.00216413,2.61344,3.53484,2.07735,1.87631,1.18945,1.05543,0.770629,0.804134,0.134022,0.083764,0,0,0,0,0
61058,61081,61070,15.3,-104.508,39.9642,122.931,-60.9736,386.186,13.6836,4.13655,298.328,0.21636,0.0021347,2.62677,2.79476,2.15334,1.71046,1.31339,1.19121,1.08431,0.595605,0.167991,0.0305438,0.0152719,0,0,0,0
61082,61104,61093,15.4,-104.501,39.9649,120.931,-61.6029,386.85,12.6071,4.6374,402.501,0.260384,0.00266815,2.14083,2.33905,2.37869,1.34793,0.9713,1.07041,1.16952,0.812721,0.237869,0.0594674,0.0396449,0.0198225,0.0198225,0,0
61105,61126,61116,15.5,-104.494,39.9652,119.067,-61.8205,388.164,13.4763,5.04287,434.166,0.258285,0.00283624,2.19264,2.4119,1.88904,1.82157,1.43365,1.24812,1.31558,0.843322,0.134931,0.0843322,0.101199,0,0,0,0
61127,61143,61135,15.6,-104.488,39.9652,117.401,-62.0114,389.385,13.3848,4.8023,398.96,0.249231,0.00264831,2.19462,2.41167,1.95345,1.7364,1.39877,1.54347,1.22995,0.530567,0.21705,0.0964668,0.0723501,0,0,0,0
61144,61166,61155,15.7,-104.482,39.9642,115.181,-59.3435,396.464,12.4366,3.72145,299.037,0.241065,0.0019197,2.3006,3.03413,2.20058,1.45038,1.11696,1.01693,0.516802,0.466789,0.183381,0.100026,0.0500131,0,0,0,0
61167,61189,61178,15.8,-104.476,39.963,113.337,-59.1905,398.571,11.6768,2.59506,169.122,0.195513,0.00104737,3.22601,2.71756,2.05132,1.27988,1.03443,0.561045,0.508447,0.192859,0.052598,0.0350653,0.0175327,0,0,0,0
61190,61211,61200,15.9,-104.471,39.9618,111.618,-59.956,398.894,11.2321,2.4744,172.195,0.208772,0.000971275,2.98743,2.73709,2.21971,1.2851,0.817789,0.567445,0.317102,0.166896,0.0500687,0.0500687,0.0166896,0.0166896,0,0,0
61212,61233,61222,16,-104.465,39.9605,109.684,-60.3035,400.233,11.4897,2.35408,138.891,0.177,0.00088277,3.20139,2.78894,2.18009,1.21771,0.88382,0.549932,0.392809,0.235685,0,0.0392809,0,0,0,0,0
61234,61255,61244,16.1,-104.46,39.9592,107.995,-61.797,399.184,11.4465,2.51712,170.49,0.203197,0.000996455,2.87423,3.04231,2.18509,1.31105,0.806801,0.437017,0.487443,0.184892,0.0672335,0.0168084,0.0336167,0,0,0,0
61256,61276,61266,16.2,-104.454,39.9577,106.294,-62.4879,399.7,11.0925,2.48518,167.648,0.202377,0.000959888,2.73318,2.67994,2.1475,1.45533,0.763161,0.60343,0.443698,0.177479,0.0354959,0.0177479,0.0354959,0,0,0,0
61277,61299,61288,16.3,-104.45,39.9562,104.566,-62.0295,402.442,10.3187,2.68404,210.109,0.234842,0.00130491,2.69183,2.30728,1.98683,1.15364,0.769094,0.480684,0.464661,0.224319,0.0961367,0.112159,0.0320456,0,0,0,0
61300,61324,61312,16.4,-104.445,39.9546,102.907,-62.6696,403.059,11.4017,2.77493,196.606,0.212552,0.00117186,2.67067,2.89078,1.96631,1.32066,0.909787,0.807069,0.425546,0.278806,0.0880439,0,0.044022,0,0,0,0
