data/B2SAP/Locations/Boulder/NOAA-POPS-B2SAP_GMLBalloon_20190207_R0.ict
61,1001
Thornberry, T. D.
NOAA Chemical Sciences Laboratory
Portable Optical Particle Spectrometer (POPS)
Balloon Baseline Stratospheric Aerosol Profiles (B2SAP)
1,1
2019,02,07,2024,05,30
0
TIME_START,s,Seconds since midnight UTC on flight start day,Start time of 100 m altitude bin in UTC_seconds_since_midnight
28
1.0,1.0,1.0,1.0,1.0,1.0,1.0,1.0,1.0,1.0,1.0,1.0,1.0,1.0,1.0,1.0,1.0,1.0,1.0,1.0,1.0,1.0,1.0,1.0,1.0,1.0,1.0,1.0
99999,99999,99999,99999,99999,99999,99999,99999,99999,99999,99999,99999,99999,99999,99999,99999,99999,99999,99999,99999,99999,99999,99999,99999,99999,99999,99999,99999
TIME_STOP,s,End time of 100 m altitude bin in UTC seconds since midnight,
TIME_MID,s,Mid time of 100 m altitude in UTC seconds since midnight,
GPSAlt,m,GPS reported altitude above sea level (m),
GPS_Lon,deg,GPS reported longitude,
GPS_Lat,deg,GPS reported latitude,
iMet_Pressure,mb,Pressure reported (mB),
iMet_Temperature,degrees C,Ambient temperature (oC),
THETA,K,Potential temperature from iMet,
Aerosol_concentration,cm^-3,Aerosol concentration,
Surface_Area_Conc,um^2 cm^-3,Surface area concentration,
Volume_density,um^3 cm^-3,Volume density,
Effective_radius,um,Effective radius,
Extinction,km^-1,Extinction,
Bin01,cm^-3,particle concentration in size range [140 - 170 nm],
Bin02,cm^-3,particle concentration in size range [170 - 205 nm],
Bin03,cm^-3,particle concentration in size range [205 - 249 nm],
Bin04,cm^-3,particle concentration in size range [249 - 302 nm],
Bin05,cm^-3,particle concentration in size range [302 - 366 nm],
Bin06,cm^-3,particle concentration in size range [366 - 443 nm],
Bin07,cm^-3,particle concentration in size range [443 - 537 nm],
Bin08,cm^-3,particle concentration in size range [537 - 651 nm],
Bin09,cm^-3,particle concentration in size range [651 - 789 nm],
Bin10,cm^-3,particle concentration in size range [789 - 956 nm],
Bin11,cm^-3,particle concentration in size range [956 - 1159 nm],
Bin12,cm^-3,particle concentration in size range [1159 - 1404 nm],
Bin13,cm^-3,particle concentration in size range [1404 - 1702 nm],
Bin14,cm^-3,particle concentration in size range [1702 - 2062 nm],
Bin15,cm^-3,particle concentration in size range [2062 - 2500 nm],
0
19
PI_CONTACT_INFO: 325 Broadway R/CSL6, Boulder, CO 80305; troy.thornberry@noaa.gov; 303-497-3373 
PLATFORM: GML ECC/FPH balloon
LOCATION: Boulder, CO, USA
ASSOCIATED_DATA: N/A
INSTRUMENT_INFO: Printed Optical Particle Spectrometer counts particles from 140 - 2500 nm in diameter 
DATA_INFO: Particle concentrations reported in number per cubic centimeter, binned to 100 m altitude
UNCERTAINTY: Counting uncertainty dominated by air flow, less than 5 percent
ULOD_FLAG: -77777
ULOD_VALUE: 3000 ~3000 per cm3 (varies depending on flow rate- manufacturer quotes 1250  per cm3 at 1.667 cc/s)
LLOD_FLAG: -88888
LLOD_VALUE: 0 0 (varies depending on data field and measurement precision)
DM_CONTACT_INFO: Troy Thornberry, 325 Broadway R/CSL6, Boulder, CO 80305; troy.thornberry@noaa.gov; 303-497-3373
PROJECT_INFO: B2SAP Boulder, CO, USA
STIPULATIONS_ON_USE: Please contact the PIs for questions regarding applications and uncertainties
OTHER_COMMENTS: POPS bin Edges (nm):  140, 170, 205, 249, 302, 366, 443, 537, 651, 789, 956, 1159, 1404, 1702, 2062, 2500
Calculations assume sulfate refractive index of 1.45+0.00j and extinction wavelength = 532 nm
REVISION: R0
R0: QA/QC data
TIME_START,TIME_STOP,TIME_MID,GPSAlt,GPS_Lon,GPS_Lat,iMet_Pressure,iMet_Temperature,THETA,Aerosol_concentration,Surface_Area_Conc,Volume_density,Effective_radius,Extinction,Bin01,Bin02,Bin03,Bin04,Bin05,Bin06,Bin07,Bin08,Bin09,Bin10,Bin11,Bin12,Bin13,Bin14,Bin15
[from data line 156]
68197,68214,68206,17.5,-104.378,40.051,78.65,-58.39,444.086,6.39179,2.10466,152.725,0.217696,0.0010998,1.24515,0.954617,0.664082,0.996123,0.767844,0.850855,0.643329,0.16602,0.0415051,0.0622577,0,0,0,0,0
68215,68233,68224,17.6,-104.375,40.0528,77.3605,-58.5674,445.823,6.01667,1.91425,135.847,0.212899,0.000914863,1.00005,0.836104,0.836104,0.934469,0.918075,0.786921,0.409855,0.245913,0.0327884,0,0.0163942,0,0,0,0
68234,68248,68241,17.7,-104.371,40.0544,76.1214,-59.2386,446.486,5.7687,2.10538,166.355,0.237042,0.00113282,0.961451,0.872014,0.67078,0.737858,0.64842,0.939092,0.64842,0.178875,0.0447186,0.0447186,0.0223593,0,0,0,0
68249,68266,68258,17.8,-104.367,40.0561,74.8984,-60.0226,446.905,5.35536,1.61567,109.165,0.202699,0.00075447,0.760328,0.925617,0.87603,0.743799,0.743799,0.826444,0.29752,0.115702,0.0330577,0.0330577,0,0,0,0,0
68267,68281,68274,17.9,-104.364,40.0582,73.7507,-61.0787,446.663,5.52285,1.79344,124.676,0.208554,0.000880485,0.590228,0.843183,1.09614,0.779944,0.674546,0.885342,0.442671,0.147557,0.0210796,0.0421591,0,0,0,0,0
68282,68298,68290,18,-104.36,40.06,72.424,-61.7567,447.55,6.00794,1.96956,146.583,0.223273,0.000975306,1.16153,0.821085,0.781032,0.801059,0.781032,0.921217,0.520688,0.120159,0.0600794,0.0200265,0.0200265,0,0,0,0
68299,68324,68312,18.1,-104.355,40.0628,71.1762,-61.8335,449.608,5.95473,2.08833,152.155,0.218579,0.00110358,0.808533,0.852237,0.753902,0.906868,0.841311,0.917794,0.568158,0.207596,0.0437045,0.0546306,0,0,0,0,0
68326,68350,68338,18.2,-104.348,40.0669,70.0342,-61.2658,452.917,6.06773,2.12327,154.938,0.218914,0.0010944,0.779125,0.814539,0.849954,0.968003,0.861759,0.908979,0.531221,0.271513,0.0590246,0.0118049,0.0118049,0,0,0,0
68351,68375,68363,18.3,-104.341,40.0699,68.9283,-60.623,456.353,6.54573,2.39176,172.453,0.216309,0.00126731,0.847384,0.773698,0.859664,0.884226,0.859664,1.33862,0.712293,0.13509,0.0982474,0.0368428,0,0,0,0,0
68376,68398,68387,18.4,-104.334,40.0722,67.8148,-59.4714,460.967,6.88969,2.49382,180.33,0.216932,0.00132346,0.909707,0.802682,0.869573,1.00335,1.07024,1.19065,0.722414,0.173915,0.107024,0.0401341,0,0,0,0,0
68398,68416,68407,18.5,-104.328,40.074,66.7163,-59.1119,463.906,6.38062,2.53444,189.666,0.224506,0.00143187,0.64858,0.788813,0.85893,0.701167,0.946576,1.2621,0.753755,0.262938,0.122704,0.0350584,0,0,0,0,0
68419,68437,68428,18.6,-104.323,40.076,65.5972,-58.1417,468.258,7.04208,2.80181,211.439,0.226396,0.00151783,0.79107,0.760048,0.666981,0.91516,1.25641,1.39601,0.884138,0.248179,0.0775559,0.0310224,0.0155112,0,0,0,0
68437,68453,68445,18.7,-104.318,40.078,64.602,-57.2327,472.305,6.35753,2.65503,215.446,0.243439,0.00159196,0.741402,0.759937,0.797008,0.778473,0.926753,1.22331,0.611657,0.240956,0.166816,0.11121,0,0,0,0,0
68454,68470,68462,18.8,-104.314,40.08,63.6171,-56.9176,475.074,5.78105,2.26273,178.989,0.23731,0.00127706,0.734879,0.865524,0.636895,0.751209,0.76754,1.04516,0.50625,0.326613,0.0979838,0.0326613,0.0163306,0,0,0,0
68471,68488,68480,18.9,-104.31,40.0819,62.5293,-57.3607,476.435,6.39839,2.40944,171.677,0.213756,0.0012672,0.576253,0.75509,0.715348,0.953797,1.15251,1.27173,0.695477,0.139095,0.119225,0.0198708,0,0,0,0,0
68489,68503,68496,19,-104.307,40.0838,61.4986,-57.8107,477.713,5.25685,1.98825,141.957,0.214194,0.00105422,0.497808,0.438071,0.816404,0.77658,0.915966,0.935878,0.597369,0.199123,0.0597369,0.0199123,0,0,0,0,0
68504,68520,68512,19.1,-104.305,40.0862,60.5373,-57.8393,479.797,5.5576,2.19669,161.764,0.22092,0.00121945,0.594793,0.594793,0.61338,0.650555,1.07806,1.0223,0.68773,0.167286,0.130111,0.0185873,0,0,0,0,0
68521,68539,68530,19.2,-104.302,40.0885,59.5882,-58.9312,479.528,5.65225,2.12018,157.689,0.223126,0.00116006,0.743718,0.528866,0.743718,0.925515,0.875934,0.942042,0.512339,0.264433,0.0661082,0.0495812,0,0,0,0,0
68539,68563,68551,19.3,-104.3,40.0914,58.6355,-59.4264,480.629,5.92492,2.37583,185.272,0.233946,0.00135955,0.587384,0.676769,0.753384,0.855538,0.98323,1.11092,0.561846,0.166,0.153231,0.0766153,0,0,0,0,0
68563,68585,68574,19.4,-104.297,40.0949,57.6057,-59.6405,482.581,5.20818,1.86162,136.443,0.219878,0.000968468,0.669432,0.736375,0.615877,0.88365,0.669432,0.763152,0.548934,0.281161,0.0267773,0,0.0133886,0,0,0,0
68586,68606,68596,19.5,-104.295,40.0982,56.6917,-60.3356,483.22,5.33018,2.0386,153.563,0.225983,0.00115279,0.721141,0.517341,0.768172,0.783849,0.752495,0.83088,0.595726,0.203801,0.125416,0.031354,0,0,0,0,0
68607,68627,68617,19.6,-104.292,40.1013,55.7037,-60.3716,485.561,5.43563,2.07172,159.84,0.231459,0.00116779,0.638612,0.653464,0.742573,0.861384,0.846533,0.772275,0.579207,0.178217,0.0891087,0.0742573,0,0,0,0,0
68628,68644,68636,19.7,-104.289,40.1038,54.718,-60.1553,488.548,5.16942,1.9975,161.198,0.2421,0.00117638,0.751915,0.770713,0.639128,0.733117,0.563936,0.864702,0.469947,0.169181,0.112787,0.0939894,0,0,0,0,0
68645,68661,68653,19.8,-104.287,40.1056,54.0071,-59.8959,490.974,4.19186,1.73852,136.596,0.235711,0.00103727,0.513627,0.463921,0.662744,0.381078,0.513627,0.729019,0.613038,0.198823,0.0662744,0.0497058,0,0,0,0,0
68662,68677,68670,19.9,-104.284,40.1065,53.0564,-58.2371,497.302,3.78099,1.4618,116.968,0.240048,0.000857761,0.460121,0.540141,0.580152,0.480126,0.560147,0.560147,0.260068,0.200052,0.080021,0.0600157,0,0,0,0,0
68679,68694,68686,20,-104.282,40.1068,52.3069,-57.4669,501.131,4.33423,1.553,109.373,0.211279,0.00080347,0.626636,0.469977,0.55701,0.522197,0.626636,0.939954,0.382944,0.156659,0.0348131,0.0174066,0,0,0,0,0
68695,68715,68705,20.1,-104.28,40.1069,51.3583,-57.9894,502.524,4.10209,1.31991,88.7617,0.201745,0.000633157,0.512761,0.652605,0.621528,0.512761,0.652605,0.668143,0.341841,0.108767,0.0155382,0.0155382,0,0,0,0,0
68716,68733,68724,20.2,-104.278,40.1071,50.4862,-58.5406,503.703,4.15127,1.37296,97.0839,0.212134,0.000681934,0.437898,0.630573,0.595541,0.85828,0.507961,0.665605,0.262739,0.122611,0.0350318,0.0350318,0,0,0,0,0
68734,68750,68742,20.3,-104.276,40.1076,49.6644,-59.0769,504.805,3.62193,1.20793,83.0864,0.206353,0.000594822,0.474719,0.421972,0.545047,0.615376,0.509883,0.615376,0.281315,0.123075,0.0175822,0.0175822,0,0,0,0,0
68754,68771,68762,20.4,-104.274,40.1081,48.7678,-59.6589,506.05,3.80819,1.46785,109.926,0.224667,0.000820426,0.642534,0.329103,0.470147,0.391789,0.532833,0.79925,0.407461,0.156716,0.0470147,0.0313431,0,0,0,0,0
68774,68791,68782,20.5,-104.272,40.1087,47.9029,-59.4206,509.224,4.17767,1.63109,140.452,0.258327,0.000871014,0.480764,0.563654,0.51392,0.696278,0.696278,0.663122,0.331561,0.0828903,0.0663122,0.0497342,0.0331561,0,0,0,0
68792,68812,68802,20.6,-104.27,40.1095,47.2015,-59.417,511.376,3.87806,1.43848,111.478,0.232492,0.000799696,0.550266,0.497859,0.445453,0.58957,0.641977,0.563367,0.379945,0.091711,0.0524063,0.0655078,0,0,0,0,0
68813,68828,68820,20.7,-104.268,40.1103,46.3876,-60.2024,512.042,4.12183,1.48276,119.013,0.240795,0.000773546,0.649226,0.468046,0.573734,0.664324,0.52844,0.78511,0.271769,0.0603931,0.0452948,0.0603931,0.0150983,0,0,0,0
68830,68848,68839,20.8,-104.265,40.1107,45.7475,-59.2662,516.337,3.91307,1.35608,95.8245,0.211989,0.000694931,0.495123,0.431236,0.686783,0.479151,0.622896,0.670812,0.399293,0.0319434,0.0798585,0.0159717,0,0,0,0,0
68850,68870,68860,20.9,-104.263,40.1111,44.9095,-59.8532,517.647,4.14047,1.38414,95.2706,0.20649,0.000705795,0.633883,0.499014,0.606909,0.620396,0.593422,0.593422,0.377632,0.161842,0.0539475,0,0,0,0,0,0
68871,68894,68882,21,-104.26,40.1112,44.12,-60.3945,518.96,3.88857,1.2561,83.7253,0.199965,0.000613908,0.595547,0.548837,0.443741,0.665611,0.548837,0.53716,0.397031,0.128451,0.0233548,0,0,0,0,0,0
68895,68913,68904,21.1,-104.258,40.1114,43.5471,-60.5271,520.57,3.76931,1.24458,85.3903,0.20583,0.00061838,0.560098,0.469271,0.529823,0.529823,0.666063,0.499547,0.348169,0.13624,0.0151378,0.0151378,0,0,0,0,0
68916,68937,68926,21.2,-104.257,40.1118,42.657,-60.781,523.031,3.50023,1.14557,77.6208,0.203272,0.000553442,0.360318,0.630556,0.450397,0.476134,0.604819,0.579082,0.270238,0.0900795,0.025737,0.0128685,0,0,0,0,0
68938,68957,68948,21.3,-104.257,40.1123,41.968,-61.6915,523.213,4.05811,1.34373,94.2095,0.210332,0.000684062,0.542804,0.684967,0.620348,0.413565,0.710815,0.516956,0.348946,0.193859,0,0.0258478,0,0,0,0,0
68959,68977,68968,21.4,-104.256,40.113,41.3006,-62.4759,523.664,3.49551,1.14419,76.8216,0.201422,0.00053809,0.305285,0.457927,0.641098,0.549513,0.549513,0.625834,0.274756,0.0457927,0.0305285,0.0152642,0,0,0,0,0
68978,68995,68986,21.5,-104.255,40.1136,40.6979,-63.0693,524.395,3.69818,1.19436,83.2361,0.209073,0.000575305,0.538931,0.427428,0.613266,0.538931,0.594682,0.594682,0.297341,0.0371676,0.0185838,0.0371676,0,0,0,0,0
68996,69015,69006,21.6,-104.255,40.114,40.0371,-63.4606,525.863,3.72589,1.11007,70.98,0.191826,0.0004995,0.521318,0.597982,0.536651,0.613315,0.551984,0.567316,0.183995,0.137996,0.0153329,0,0,0,0,0,0
69016,69035,69026,21.7,-104.254,40.114,39.2344,-63.4394,528.975,3.43166,1.33279,105.534,0.237548,0.000709827,0.34751,0.34751,0.477826,0.550224,0.622622,0.564704,0.304071,0.144796,0.0289592,0.0289592,0.0144796,0,0,0,0
69036,69056,69046,21.8,-104.253,40.1138,38.6606,-63.3928,531.324,3.18659,1.02052,70.2775,0.206594,0.00049774,0.318659,0.506958,0.60835,0.521443,0.391082,0.477989,0.246237,0.0579381,0.0434536,0.0144845,0,0,0,0,0
69057,69077,69067,21.9,-104.252,40.1137,37.8744,-62.2344,537.403,3.04059,1.07762,81.1815,0.226001,0.000600476,0.518774,0.345849,0.432312,0.403491,0.533184,0.38908,0.187335,0.115283,0.100873,0.0144104,0,0,0,0,0
69078,69095,69086,22,-104.252,40.1136,37.44,-62.3853,538.794,3.54542,1.3263,117.097,0.264866,0.000697216,0.412613,0.504305,0.565433,0.657125,0.534869,0.427895,0.22923,0.106974,0.015282,0.0611279,0.0305639,0,0,0,0
69097,69114,69106,22.1,-104.251,40.1141,36.6641,-62.3871,542.01,2.18839,0.795311,60.6972,0.228956,0.000439441,0.290765,0.290765,0.367282,0.260158,0.321371,0.306068,0.244854,0.0459102,0.0306068,0.0306068,0,0,0,0,0
69115,69133,69124,22.2,-104.25,40.1147,36.0507,-62.7864,543.61,2.94223,0.791482,48.8712,0.185239,0.000335287,0.595895,0.540029,0.372434,0.428299,0.335191,0.446921,0.167595,0.0372434,0.0186217,0,0,0,0,0,0
69134,69153,69144,22.3,-104.248,40.1154,35.51,-63.1806,544.93,2.44282,0.849286,62.1328,0.219476,0.00045026,0.348975,0.334434,0.348975,0.348975,0.378056,0.261731,0.319894,0.0727031,0,0.0290812,0,0,0,0,0
69154,69170,69162,22.4,-104.246,40.1161,34.8438,-63.6854,546.574,3.13066,0.990992,76.1375,0.230489,0.000542798,0.626131,0.484747,0.565538,0.464549,0.343362,0.242373,0.201978,0.100989,0.0605934,0.0403956,0,0,0,0,0
69171,69187,69179,22.5,-104.244,40.1167,34.2993,-62.1753,552.997,2.33083,0.737205,51.5679,0.209852,0.000365708,0.45225,0.365279,0.226125,0.365279,0.278307,0.365279,0.208731,0.0347884,0.0173942,0.0173942,0,0,0,0,0
69188,69202,69195,22.6,-104.242,40.117,33.82,-61.2375,557.686,1.84453,0.44588,26.7593,0.180044,0.000176444,0.455708,0.303806,0.282105,0.303806,0.173603,0.217004,0.0868016,0,0.0217004,0,0,0,0,0,0
69205,69221,69213,22.7,-104.24,40.1174,33.0781,-60.8581,562.245,1.87537,0.562988,39.3569,0.209722,0.000287985,0.477068,0.279661,0.230309,0.180957,0.26321,0.246759,0.0987038,0.0493519,0.0493519,0,0,0,0,0,0
69222,69239,69230,22.8,-104.238,40.1174,32.7047,-61.324,562.825,2.04553,0.587931,40.3816,0.206053,0.000274805,0.391319,0.337957,0.426893,0.124511,0.302383,0.302383,0.106723,0.0177872,0.0177872,0.0177872,0,0,0,0,0
69239,69257,69248,22.9,-104.236,40.1173,32.0456,-62.3188,563.462,1.94623,0.555387,36.4344,0.196806,0.000261173,0.338475,0.456942,0.253856,0.236933,0.169238,0.304628,0.101543,0.0676951,0.0169238,0,0,0,0,0,0
69259,69276,69268,23,-104.234,40.117,31.4488,-62.9688,564.739,1.74401,0.458258,32.6523,0.213759,0.000218057,0.431686,0.310814,0.259011,0.293546,0.207209,0.120872,0.0518023,0.0172674,0.0345349,0.0172674,0,0,0,0,0
69277,69297,69287,23.1,-104.232,40.117,31.0053,-62.5982,568.044,1.99056,0.688292,50.3076,0.219272,0.000379967,0.329018,0.312567,0.296116,0.230313,0.213862,0.296116,0.197411,0.0493527,0.0658036,0,0,0,0,0,0
69298,69320,69309,23.2,-104.23,40.1175,30.3328,-61.7222,573.988,2.23552,0.798588,65.5874,0.246388,0.000458009,0.328293,0.422091,0.328293,0.297027,0.281394,0.250128,0.203229,0.046899,0.015633,0.062532,0,0,0,0,0
69321,69337,69329,23.3,-104.228,40.1184,30.0114,-61.2971,576.893,2.07852,0.713168,52.6189,0.221345,0.000408544,0.550196,0.264909,0.224154,0.183399,0.224154,0.244531,0.224154,0.122266,0.0407552,0,0,0,0,0,0
69343,69361,69352,23.4,-104.224,40.1201,29.344,-60.6247,582.459,1.79991,0.498162,31.4934,0.189658,0.000219324,0.270955,0.329016,0.270955,0.367724,0.212893,0.154831,0.154831,0.0193539,0.0193539,0,0,0,0,0,0
69362,69378,69370,23.5,-104.222,40.1214,28.8962,-60.6881,584.844,1.72179,0.523864,36.551,0.209316,0.000254334,0.402972,0.219803,0.201486,0.23812,0.219803,0.23812,0.164852,0.0183169,0,0.0183169,0,0,0,0,0
69379,69394,69386,23.6,-104.22,40.1225,28.5969,-59.8108,589.02,1.52339,0.383933,23.045,0.18007,0.000158457,0.386533,0.363795,0.136423,0.0682116,0.250109,0.204635,0.0909489,0.0227372,0,0,0,0,0,0,0
69397,69413,69405,23.7,-104.218,40.1232,27.95,-59.4314,593.925,1.65407,0.468812,28.512,0.182453,0.000196637,0.236295,0.279258,0.30074,0.15037,0.30074,0.236295,0.128888,0.0214814,0,0,0,0,0,0,0
69415,69431,69423,23.8,-104.215,40.1235,27.4733,-59.2,597.512,1.63406,0.605396,44.8927,0.222463,0.000351708,0.383297,0.121041,0.181562,0.201735,0.221909,0.181562,0.181562,0.141215,0.0201735,0,0,0,0,0,0
69432,69447,69440,23.9,-104.213,40.1236,26.9473,-58.8287,601.848,1.90939,0.545909,35.0656,0.1927,0.000251307,0.431152,0.328497,0.205311,0.246373,0.205311,0.307966,0.102655,0.0821242,0,0,0,0,0,0,0
69449,69465,69457,24,-104.211,40.1237,26.5315,-58.2546,606.163,1.75247,0.499917,32.2854,0.193745,0.00023596,0.432115,0.26407,0.216057,0.26407,0.120032,0.216057,0.192051,0.0480128,0,0,0,0,0,0,0
69466,69483,69474,24.1,-104.209,40.1239,26.0983,-57.8292,610.22,1.908,0.458733,28.0897,0.1837,0.000195234,0.575014,0.313644,0.182959,0.313644,0.287507,0.052274,0.104548,0.078411,0,0,0,0,0,0,0
69485,69502,69494,24.2,-104.206,40.1239,25.6221,-57.9364,613.137,1.7088,0.456475,27.1629,0.178517,0.000185308,0.34176,0.273408,0.250624,0.22784,0.22784,0.22784,0.159488,0,0,0,0,0,0,0,0
69504,69522,69513,24.3,-104.204,40.1239,25.1347,-58.3653,615.273,1.80453,0.48823,28.903,0.177599,0.000194858,0.408168,0.107413,0.365203,0.279273,0.214825,0.279273,0.150378,0,0,0,0,0,0,0,0
69525,69542,69534,24.4,-104.203,40.1238,24.5206,-59.085,617.569,1.54237,0.361095,21.7446,0.180656,0.000144426,0.472995,0.16452,0.308475,0.143955,0.24678,0.102825,0.0822599,0,0.020565,0,0,0,0,0,0
69543,69563,69553,24.5,-104.202,40.1233,24.2333,-58.5,621.335,1.60246,0.416956,25.4371,0.18302,0.000169495,0.244821,0.400615,0.222564,0.133538,0.31159,0.200308,0.0667692,0,0.0222564,0,0,0,0,0,0
69564,69582,69573,24.6,-104.2,40.1227,23.8882,-58.9876,622.473,1.81187,0.460564,27.0721,0.176341,0.000180758,0.457945,0.31857,0.199106,0.159285,0.278749,0.29866,0.0796426,0.0199106,0,0,0,0,0,0,0
69585,69608,69596,24.7,-104.197,40.1222,23.4452,-59.3595,624.73,1.31923,0.370492,25.4172,0.205812,0.000184451,0.478221,0.0824519,0.181394,0.115433,0.164904,0.164904,0.0824519,0.0164904,0.0329808,0,0,0,0,0,0
69609,69631,69620,24.8,-104.194,40.1217,22.9414,-58.8114,630.231,1.54262,0.354016,19.7096,0.167023,0.000126066,0.397584,0.174937,0.365777,0.174937,0.174937,0.159033,0.0954201,0,0,0,0,0,0,0,0
