data/B2SAP/Locations/Boulder/NOAA-POPS-B2SAP_GMLBalloon_20200124_R0.ict
61,1001
Thornberry, T. D.
NOAA Chemical Sciences Laboratory
Portable Optical Particle Spectrometer (POPS)
Balloon Baseline Stratospheric Aerosol Profiles (B2SAP)
1,1
2020,01,24,2024,05,30
0
TIME_START,s,Seconds since midnight UTC on flight start day,Start time of 100 m altitude bin in UTC_seconds_since_midnight
28
1.0,1.0,1.0,1.0,1.0,1.0,1.0,1.0,1.0,1.0,1.0,1.0,1.0,1.0,1.0,1.0,1.0,1.0,1.0,1.0,1.0,1.0,1.0,1.0,1.0,1.0,1.0,1.0
99999,99999,99999,99999,99999,99999,99999,99999,99999,99999,99999,99999,99999,99999,99999,99999,99999,99999,99999,99999,99999,99999,99999,99999,99999,99999,99999,99999
TIME_STOP,s,End time of 100 m altitude bin in UTC seconds since midnight,
TIME_MID,s,Mid time of 100 m altitude in UTC seconds since midnight,
GPSAlt,m,GPS reported altitude above sea level (m),
GPS_Lon,deg,GPS reported longitude,
GPS_Lat,deg,GPS reported latitude,
iMet_Pressure,mb,Pressure reported (mB),
iMet_Temperature,degrees C,Ambient temperature (oC),
THETA,K,Potential temperature from iMet,
Aerosol_concentration,cm^-3,Aerosol concentration,
Surface_Area_Conc,um^2 cm^-3,Surface area concentration,
Volume_density,um^3 cm^-3,Volume density,
Effective_radius,um,Effective radius,
Extinction,km^-1,Extinction,
Bin01,cm^-3,particle concentration in size range [140 - 170 nm],
Bin02,cm^-3,particle concentration in size range [170 - 205 nm],
Bin03,cm^-3,particle concentration in size range [205 - 249 nm],
Bin04,cm^-3,particle concentration in size range [249 - 302 nm],
Bin05,cm^-3,particle concentration in size range [302 - 366 nm],
Bin06,cm^-3,particle concentration in size range [366 - 443 nm],
Bin07,cm^-3,particle concentration in size range [443 - 537 nm],
Bin08,cm^-3,particle concentration in size range [537 - 651 nm],
Bin09,cm^-3,particle concentration in size range [651 - 789 nm],
Bin10,cm^-3,particle concentration in size range [789 - 956 nm],
Bin11,cm^-3,particle concentration in size range [956 - 1159 nm],
Bin12,cm^-3,particle concentration in size range [1159 - 1404 nm],
Bin13,cm^-3,particle concentration in size range [1404 - 1702 nm],
Bin14,cm^-3,particle concentration in size range [1702 - 2062 nm],
Bin15,cm^-3,particle concentration in size range [2062 - 2500 nm],
0
19
PI_CONTACT_INFO: 325 Broadway R/CSL6, Boulder, CO 80305; troy.thornberry@noaa.gov; 303-497-3373 
PLATFORM: GML ECC/FPH balloon
LOCATION: Boulder, CO, USA
ASSOCIATED_DATA: N/A
INSTRUMENT_INFO: Printed Optical Particle Spectrometer counts particles from 140 - 2500 nm in diameter 
DATA_INFO: Particle concentrations reported in number per cubic centimeter, binned to 100 m altitude
UNCERTAINTY: Counting uncertainty dominated by air flow, less than 5 percent
ULOD_FLAG: -77777
ULOD_VALUE: 3000 ~3000 per cm3 (varies depending on flow rate- manufacturer quotes 1250  per cm3 at 1.667 cc/s)
LLOD_FLAG: -88888
LLOD_VALUE: 0 0 (varies depending on data field and measurement precision)
DM_CONTACT_INFO: Troy Thornberry, 325 Broadway R/CSL6, Boulder, CO 80305; troy.thornberry@noaa.gov; 303-497-3373
PROJECT_INFO: B2SAP Boulder, CO, USA
STIPULATIONS_ON_USE: Please contact the PIs for questions regarding applications and uncertainties
OTHER_COMMENTS: POPS bin Edges (nm):  140, 170, 205, 249, 302, 366, 443, 537, 651, 789, 956, 1159, 1404, 1702, 2062, 2500
Calculations assume sulfate refractive index of 1.45+0.00j and extinction wavelength = 532 nm
REVISION: R0
R0: QA/QC data
TIME_START,TIME_STOP,TIME_MID,GPSAlt,GPS_Lon,GPS_Lat,iMet_Pressure,iMet_Temperature,THETA,Aerosol_concentration,Surface_Area_Conc,Volume_density,Effective_radius,Extinction,Bin01,Bin02,Bin03,Bin04,Bin05,Bin06,Bin07,Bin08,Bin09,Bin10,Bin11,Bin12,Bin13,Bin14,Bin15
[from data line 385]
69495,69516,69506,14.9,-104.895,39.5079,124.44,-56.3344,393.26,8.82863,3.21778,287.41,0.267958,0.00178186,1.72855,1.57986,1.46834,1.02226,0.687704,0.743463,0.87357,0.501838,0.11152,0.0185866,0.0929329,0,0,0,0
69518,69537,69528,14.8,-104.891,39.5069,126.476,-55.5531,392.843,7.77139,2.34711,173.839,0.222194,0.00126936,1.87513,1.47927,1.10425,0.937567,0.625045,0.708384,0.500036,0.395862,0.0833393,0.0625045,0,0,0,0,0
69538,69556,69547,14.7,-104.887,39.5063,128.447,-55.7787,390.708,7.95543,2.57578,202.883,0.236297,0.00143124,1.98329,1.4039,1.15877,0.824513,0.601671,0.579387,0.891365,0.356546,0.0891365,0.0445682,0.0222841,0,0,0,0
69558,69577,69568,14.6,-104.883,39.5061,130.43,-56.5893,387.555,6.77082,1.87199,139.482,0.223529,0.000926836,1.89009,1.38766,0.885231,0.885231,0.406728,0.406728,0.598129,0.215326,0.0717755,0,0.0239252,0,0,0,0
69577,69597,69587,14.5,-104.879,39.5058,132.517,-56.1225,386.635,6.63234,1.89803,144.809,0.228883,0.000952763,1.73654,1.29718,1.00427,0.648589,0.711355,0.397522,0.502133,0.209222,0.0836888,0.0209222,0,0.0209222,0,0,0
69599,69619,69609,14.4,-104.874,39.5053,134.589,-55.8619,385.376,5.88377,1.71241,129.752,0.227314,0.000863033,1.48137,1.29359,0.771984,0.500746,0.625933,0.459018,0.37556,0.333831,0,0.0208644,0.0208644,0,0,0,0
69621,69642,69632,14.3,-104.87,39.5045,136.818,-55.0847,384.949,6.77023,1.81278,123.122,0.203757,0.000895929,1.70234,1.4284,1.19359,0.528312,0.626148,0.41091,0.567447,0.254373,0.0391343,0.0195671,0,0,0,0,0
69644,69666,69655,14.2,-104.866,39.5037,139.058,-54.3706,384.426,7.00924,2.32328,188.626,0.243568,0.00126668,1.5863,1.36496,0.885378,0.848487,0.590252,0.534916,0.700924,0.368907,0.0737815,0.0184454,0.0368907,0,0,0,0
69668,69689,69678,14.1,-104.861,39.5026,141.264,-54.0753,383.215,6.73766,2.07436,172.869,0.250008,0.00108055,1.81099,1.36311,0.934704,0.681555,0.467352,0.525771,0.486825,0.369987,0.038946,0.019473,0.019473,0,0.019473,0,0
69691,69711,69701,14,-104.857,39.5015,143.428,-53.8641,381.917,6.72298,2.07069,162.514,0.23545,0.00114748,1.90972,1.20819,1.09127,0.448199,0.545633,0.428712,0.604094,0.350764,0.0974345,0.0194869,0.0194869,0,0,0,0
69714,69737,69726,13.9,-104.852,39.4998,145.692,-53.3755,381.063,6.43383,1.77228,117.388,0.198707,0.000859697,1.40224,1.40224,0.940329,0.742365,0.610389,0.49491,0.560898,0.230958,0.049491,0,0,0,0,0,0
69738,69762,69750,13.8,-104.847,39.498,148.012,-52.6111,380.671,6.269,1.67953,120.835,0.215837,0.000779627,1.72754,1.12201,1.06858,0.569909,0.552099,0.676767,0.249335,0.249335,0.0178097,0.0178097,0.0178097,0,0,0,0
69763,69786,69774,13.7,-104.843,39.496,150.344,-51.9661,380.075,8.27662,2.60165,221.575,0.255501,0.00138806,2.24592,1.58046,1.26853,0.811026,0.60307,0.561479,0.623866,0.395115,0.103978,0.0207955,0.0623866,0,0,0,0
69787,69813,69800,13.6,-104.838,39.4937,152.69,-51.447,379.285,8.46173,2.63507,220.061,0.250537,0.00138863,2.32977,1.75199,1.00646,0.764165,0.726888,0.726888,0.615059,0.372763,0.0745527,0.0372763,0.0559145,0,0,0,0
69815,69840,69828,13.5,-104.833,39.4908,155.1,-50.8719,378.576,9.06466,2.67438,227.518,0.255219,0.00132085,2.47862,1.89437,1.15079,1.06227,0.796699,0.672768,0.584246,0.247862,0.0354088,0.0708177,0.0708177,0,0,0,0
69841,69867,69854,13.4,-104.827,39.4876,157.588,-50.31,377.816,9.13858,2.8131,233.243,0.248739,0.00148235,2.44684,1.61269,1.52001,0.926834,0.741467,0.685857,0.574637,0.426344,0.11122,0.0370734,0.05561,0,0,0,0
69868,69895,69882,13.3,-104.821,39.4845,160.016,-49.6471,377.277,9.39289,2.63495,202.498,0.230553,0.00131931,2.67865,1.88563,1.40981,0.898757,0.704907,0.546303,0.828266,0.317208,0.052868,0.0352454,0.0176227,0.0176227,0,0,0
69897,69931,69914,13.2,-104.814,39.4814,162.488,-50.8948,373.535,8.66329,2.42426,182.539,0.225889,0.00125243,2.29235,1.8309,1.26526,0.96755,0.788925,0.476332,0.491218,0.401905,0.0744269,0.0595415,0.0148854,0,0,0,0
69931,69964,69948,13.1,-104.807,39.4781,164.87,-50.7168,372.286,9.2959,2.65645,214.588,0.242339,0.00131911,2.58798,1.84431,1.41298,1.13038,0.580064,0.639558,0.490824,0.490824,0.0446203,0.0148734,0.0594938,0,0,0,0
69966,70000,69983,13,-104.8,39.474,167.572,-50.1077,371.579,9.55664,2.83413,220.048,0.232926,0.00147774,2.46761,2.02544,1.21241,1.02698,0.798764,0.741709,0.755973,0.370855,0.0570546,0.0713182,0.0285273,0,0,0,0
70002,70034,70018,12.9,-104.792,39.4699,170.195,-49.978,370.138,9.59127,3.15336,271.169,0.257981,0.00171099,2.28293,1.8382,1.28971,1.26006,0.800508,0.681914,0.830156,0.326133,0.148242,0.0741211,0.0444727,0,0.0148242,0,0
70035,70065,70050,12.8,-104.784,39.4663,172.784,-50.13,368.298,9.71182,2.63255,191.934,0.218725,0.00131031,2.93126,1.85217,1.22404,1.06299,0.821398,0.740869,0.563705,0.38654,0.0644234,0.0483175,0.0161058,0,0,0,0
70066,70091,70078,12.7,-104.777,39.4634,175.375,-51.1545,365.055,11.2946,4.37333,377.685,0.259083,0.00260463,2.34451,1.58161,1.69326,1.15365,0.986182,1.22808,1.35833,0.59543,0.148858,0.148858,0.0558216,0,0,0,0
70094,70120,70107,12.6,-104.771,39.4607,178.054,-51.5095,362.899,12.6212,4.64811,386.125,0.249214,0.00267446,2.53104,2.12336,1.5458,1.46087,1.18908,1.46087,1.25703,0.747421,0.135895,0.118908,0.0339737,0.0169868,0,0,0
70121,70147,70134,12.5,-104.765,39.4578,180.771,-50.8724,362.359,13.3785,5.16828,446.672,0.259277,0.00306301,2.48078,2.17954,1.86058,1.50619,1.32899,1.39987,1.48847,0.637914,0.283517,0.141759,0.0708793,0,0,0,0
70148,70174,70161,12.4,-104.758,39.4547,183.584,-50.8691,360.773,14.3272,5.75119,504.43,0.263127,0.00335654,2.45561,2.18465,1.99836,1.76127,1.32095,1.52417,1.64272,1.06692,0.203223,0.0508058,0.0846763,0.0338705,0,0,0
70175,70202,70188,12.3,-104.75,39.4517,186.443,-51.3505,358.409,14.1568,5.37462,446.634,0.249302,0.00305534,2.48724,2.35095,1.85691,1.70359,1.19251,1.66952,1.72062,0.86883,0.204431,0.0170359,0.0511076,0.0340718,0,0,0
70203,70233,70218,12.2,-104.741,39.4489,189.449,-52.0235,355.698,14.1856,5.8754,499.107,0.254846,0.00356142,2.42894,1.88278,1.71032,1.62408,1.59534,1.76781,1.71032,1.06356,0.186841,0.158096,0.0431172,0.0143724,0,0,0
70235,70265,70250,12.1,-104.732,39.4461,192.485,-51.9677,354.163,14.2373,5.88671,541.724,0.276075,0.00358106,2.81018,2.3227,1.70618,1.64883,1.24738,1.29039,1.76353,0.91761,0.24374,0.157714,0.129039,0,0,0,0
70266,70295,70280,12,-104.723,39.4434,195.453,-52.0317,352.519,13.9179,5.76929,500.069,0.260033,0.00341433,2.36371,1.77278,1.80388,1.58617,1.53952,1.78833,1.81943,0.839738,0.186608,0.124406,0.0933042,0,0,0,0
70296,70326,70311,11.9,-104.712,39.4413,198.563,-52.5867,350.056,13.5991,5.34119,447.053,0.251098,0.00311869,2.47931,2.03392,1.61823,1.69246,1.18769,1.63308,1.737,0.935308,0.133615,0.0742308,0.0742308,0,0,0,0
70327,70361,70344,11.8,-104.701,39.4397,201.713,-52.7927,348.164,14.4453,5.94332,495.61,0.250168,0.0036689,2.592,2.00953,1.83479,1.58724,1.25232,1.66005,1.87848,1.25232,0.232989,0.101933,0.0291237,0.0145618,0,0,0
70362,70398,70380,11.7,-104.691,39.4384,204.956,-53.3506,345.694,12.3767,4.53891,352.973,0.233298,0.00263614,2.43868,1.81844,1.50832,1.48013,1.26868,1.36735,1.42374,0.859882,0.112771,0.0845786,0.0140964,0,0,0,0
70399,70431,70415,11.6,-104.679,39.4364,208.056,-53.0404,344.701,13.5935,5.80161,532.388,0.275297,0.00347065,2.26839,1.98274,1.64668,1.64668,1.56267,1.44505,1.69709,0.873749,0.184832,0.151226,0.134423,0,0,0,0
70432,70467,70450,11.5,-104.667,39.434,211.258,-54.2433,341.329,14.2893,5.88694,505.402,0.257554,0.0035244,2.47175,2.14998,1.69658,1.4772,1.50645,1.68196,1.85747,1.11155,0.146257,0.10238,0.0877543,0,0,0,0
70468,70502,70485,11.4,-104.654,39.4312,214.665,-55.5037,337.82,14.1808,6.19317,526.602,0.255089,0.00386768,2.1183,2.03004,1.6917,1.47104,1.32394,1.79467,2.22127,1.07386,0.294208,0.102973,0.0588416,0,0,0,0
70503,70544,70524,11.3,-104.641,39.4278,217.998,-56.5459,334.721,9.75916,3.94898,343.877,0.26124,0.00231535,1.78744,1.5265,1.0829,1.09595,0.965478,1.18728,1.17423,0.691491,0.13047,0.039141,0.078282,0,0,0,0
70546,70588,70567,11.2,-104.625,39.4244,221.588,-57.8153,331.205,4.85968,1.5594,134.689,0.259117,0.000899303,1.57444,0.929785,0.52068,0.471091,0.272737,0.285134,0.4339,0.235546,0.0619857,0.0495885,0.0247943,0,0,0,0
70591,70629,70610,11.1,-104.608,39.422,225.153,-57.5691,330.078,5.33947,1.85305,168.198,0.272304,0.00104675,1.55735,0.837564,0.759043,0.484217,0.431869,0.340261,0.497304,0.274826,0.0785217,0.0261739,0.0523478,0,0,0,0
70630,70666,70648,11,-104.595,39.4193,228.639,-57.1077,329.339,4.6179,1.39987,110.674,0.237182,0.000760182,1.34618,0.817931,0.698649,0.443046,0.306724,0.255603,0.426006,0.255603,0.0340805,0.0170402,0.0170402,0,0,0,0
70667,70702,70684,10.9,-104.582,39.4163,232.234,-56.489,328.814,4.15794,0.976069,63.6914,0.195759,0.000451511,1.49808,0.856046,0.473883,0.336304,0.321017,0.214012,0.321017,0.122292,0,0.0152865,0,0,0,0,0
70703,70739,70721,10.8,-104.569,39.413,235.796,-55.9496,328.194,4.21797,0.970816,66.2485,0.20472,0.00047239,1.65256,0.771197,0.598071,0.393468,0.204603,0.188864,0.173126,0.188864,0.0314774,0.0157387,0,0,0,0,0
70739,70777,70758,10.7,-104.556,39.4095,239.492,-55.2845,327.743,3.98894,1.22339,105.403,0.258469,0.000692588,1.31953,0.864522,0.394343,0.333675,0.242673,0.273007,0.273007,0.182005,0.0303341,0.0606682,0,0.0151671,0,0,0
70779,70812,70796,10.6,-104.542,39.4061,243.281,-54.9433,326.791,4.81645,1.64142,140.053,0.255973,0.000906588,1.38779,0.832674,0.37552,0.506135,0.440827,0.489808,0.473481,0.195923,0.0489808,0.0326539,0.0326539,0,0,0,0
70814,70848,70831,10.5,-104.529,39.4026,247.123,-54.696,325.702,6.5257,1.93397,156.792,0.243219,0.000995458,1.92964,1.1227,0.964821,0.71923,0.438555,0.526266,0.40347,0.298217,0.0701688,0.0175422,0.0175422,0.0175422,0,0,0
70849,70881,70865,10.4,-104.517,39.399,251.044,-54.2357,324.914,6.39088,1.88467,137.387,0.218692,0.00102659,1.80158,1.25163,0.929238,0.417209,0.493065,0.549957,0.474101,0.417209,0.018964,0.0379281,0,0,0,0,0
70882,70912,70897,10.3,-104.505,39.3954,254.975,-53.6979,324.273,4.63754,1.36132,110.154,0.242753,0.00065701,1.12315,1.19562,0.525346,0.452885,0.326077,0.380423,0.471,0.108692,0.0181154,0,0.0362308,0,0,0,0
70913,70946,70930,10.2,-104.492,39.3918,258.971,-53.0054,323.857,4.01454,1.03944,70.2189,0.202664,0.000503568,1.19351,0.759507,0.596756,0.379754,0.36167,0.198919,0.397837,0.0904175,0.0180835,0.0180835,0,0,0,0,0
70948,70984,70966,10.1,-104.479,39.3877,263.126,-52.1757,323.607,3.61596,0.941479,64.1189,0.204313,0.000456438,1.09715,0.649018,0.509943,0.38632,0.293603,0.278151,0.262698,0.0927169,0.0309056,0.0154528,0,0,0,0,0
70986,71025,71006,10,-104.466,39.3837,266.685,-51.5094,323.328,2.52831,0.508742,30.3968,0.179247,0.00020134,0.806909,0.672424,0.403454,0.161382,0.215176,0.134485,0.0537939,0.0537939,0.026897,0,0,0,0,0,0
71025,71065,71045,9.9,-104.448,39.3783,271.61,-50.6714,322.862,2.08835,0.38533,20.2098,0.157344,0.000123235,0.741657,0.409863,0.292759,0.292759,0.195173,0.0390346,0.0975865,0.0195173,0,0,0,0,0,0,0
71067,71101,71084,9.8,-104.437,39.3746,275.351,-49.9915,322.589,1.34976,0.335205,29.9498,0.268043,0.000127391,0.444433,0.32921,0.131684,0.181065,0.098763,0.0823025,0.0493815,0.0164605,0,0,0,0.0164605,0,0,0
71103,71138,71120,9.7,-104.424,39.3704,279.735,-49.1485,322.353,2.15375,0.522475,42.5631,0.244393,0.000217248,0.706956,0.443902,0.345257,0.263053,0.115086,0.131527,0.0657633,0.0493225,0.0164408,0,0,0.0164408,0,0,0
71139,71174,71156,9.6,-104.412,39.3662,284.193,-48.2905,322.119,2.65948,0.585096,38.1573,0.195647,0.000251027,0.983336,0.402274,0.491668,0.268183,0.15644,0.134091,0.178788,0.0223486,0,0.0223486,0,0,0,0,0
71174,71206,71190,9.5,-104.401,39.3623,288.529,-47.4643,321.91,2.40844,0.560976,33.4141,0.178692,0.000226889,0.782742,0.481687,0.210738,0.240844,0.240844,0.301054,0.0903163,0.0602109,0,0,0,0,0,0,0
71209,71238,71224,9.4,-104.392,39.3591,292.336,-46.6175,321.913,2.54906,0.518212,29.4633,0.170567,0.000192001,0.788369,0.4993,0.4993,0.289068,0.210232,0.105116,0.0788369,0.0788369,0,0,0,0,0,0,0
71244,71268,71256,9.3,-104.382,39.3555,296.475,-45.955,321.563,2.40664,0.622059,38.7903,0.187073,0.00027234,0.313909,0.5755,0.523182,0.418546,0.156955,0.156955,0.156955,0.104636,0,0,0,0,0,0,0
71286,71311,71298,9.2,-104.369,39.3504,302.566,-44.748,321.389,2.33045,0.544501,32.8143,0.180795,0.00022328,0.665844,0.416152,0.332922,0.416152,0.0832304,0.249691,0.0832304,0.0832304,0,0,0,0,0,0,0
71312,71333,71322,9.1,-104.363,39.3484,305.402,-44.211,321.289,3.73658,0.949296,58.8148,0.185869,0.000418868,0.996423,0.705799,0.456694,0.456694,0.456694,0.207588,0.373658,0.0830352,0,0,0,0,0,0,0
71341,71379,71360,9,-104.352,39.3447,310.453,-43.2078,321.192,4.63307,1.18093,88.565,0.224988,0.000524305,1.42911,0.737604,0.714554,0.691503,0.391852,0.253551,0.276601,0.0461002,0.0691503,0,0.0230501,0,0,0,0
71383,71419,71401,8.9,-104.34,39.3407,315.664,-42.1044,321.206,4.85955,1.13518,68.1055,0.179986,0.000465976,1.25988,1.05419,0.66851,0.66851,0.488526,0.308543,0.257119,0.154271,0,0,0,0,0,0,0
71420,71457,71438,8.8,-104.33,39.3373,320.043,-41.1846,321.211,4.83896,1.29376,86.5205,0.200625,0.000612297,1.30825,0.614722,0.819629,0.756581,0.504387,0.29948,0.315242,0.173383,0.0315242,0.0157621,0,0,0,0,0
71458,71496,71477,8.7,-104.32,39.3339,324.24,-40.2985,321.239,5.80614,1.69681,148.009,0.261684,0.000808794,1.65598,1.16532,0.919988,0.551993,0.449772,0.367995,0.429328,0.163553,0.0408883,0,0.0408883,0.0204442,0,0,0
71498,71538,71518,8.6,-104.307,39.3297,329.411,-39.5742,320.788,8.19284,2.3447,181.666,0.232438,0.00110856,2.05893,1.71578,1.09381,0.986572,0.557628,0.900783,0.557628,0.214472,0.0428944,0.0214472,0.0214472,0.0214472,0,0,0
71539,71574,71556,8.5,-104.297,39.3257,333.446,-39.0629,320.376,9.33435,2.59999,167.467,0.193232,0.00122383,1.7973,2.02921,1.33348,1.33348,0.695728,0.811683,1.04359,0.289887,0,0,0,0,0,0,0
71581,71618,71600,8.4,-104.283,39.3202,339.469,-37.9444,320.262,7.72157,1.8637,116.864,0.188116,0.000819355,2.26709,1.36923,1.07743,1.05498,0.808071,0.404036,0.448929,0.246911,0.0448929,0,0,0,0,0,0
71624,71658,71641,8.3,-104.272,39.3151,344.371,-37.36,319.742,7.90238,2.04494,136.259,0.199898,0.000972739,2.17126,1.64107,1.23711,0.681675,0.605933,0.656428,0.656428,0.176731,0.0504944,0.0252472,0,0,0,0,0
71659,71690,71674,8.2,-104.264,39.3111,348.193,-36.74,319.575,7.97566,1.79668,114.536,0.191247,0.000743186,2.52467,1.72136,1.14758,0.631167,0.745925,0.745925,0.286894,0.114758,0,0.0573788,0,0,0,0,0
71700,71739,71720,8.1,-104.249,39.3045,354.235,-35.7092,319.399,9.03769,2.36363,149.953,0.190326,0.00107352,2.16771,1.70082,1.23393,1.30063,1.03383,0.56694,0.633639,0.400193,0,0,0,0,0,0,0
71747,71770,71758,8,-104.237,39.299,359.152,-34.7117,319.482,8.63203,2.51452,202.711,0.241849,0.00119817,2.19121,1.52721,0.929604,1.85921,0.730403,0.265601,0.597602,0.464802,0,0,0.0664003,0,0,0,0
71772,71823,71798,7.9,-104.225,39.2933,364.15,-33.9631,319.213,9.80712,2.51384,199.857,0.238509,0.00113452,2.90242,2.16918,1.61924,0.794346,0.824898,0.824898,0.244414,0.244414,0.0916553,0.0305518,0.0611035,0,0,0,0
71824,71859,71842,7.8,-104.213,39.287,369.886,-33.1556,318.866,9.42475,2.61904,200.317,0.229455,0.00121567,2.25105,1.58316,1.97895,1.11316,0.841053,0.593685,0.717369,0.222632,0.0494737,0.0247369,0.0494737,0,0,0,0
71865,71901,71883,7.7,-104.203,39.2818,374.568,-32.4123,318.708,11.1865,2.96621,211.044,0.213448,0.00135288,3.0702,1.97587,1.76309,1.24632,1.10953,0.881543,0.729553,0.319179,0.030398,0.030398,0.015199,0.015199,0,0,0
71901,71946,71924,7.6,-104.19,39.2755,380.214,-31.397,318.691,11.8737,3.21165,232.887,0.21754,0.00149384,3.10604,2.22141,1.94619,1.5137,0.766681,0.963266,0.864974,0.412828,0.0196585,0.0196585,0.0196585,0.0196585,0,0,0
71955,71989,71972,7.5,-104.179,39.2696,385.587,-30.4812,318.616,11.645,3.20375,233.32,0.218481,0.001579,3.37607,2.00607,1.68803,1.37,0.97857,0.831784,0.80732,0.464821,0.0489285,0.0489285,0.0244642,0,0,0,0
71996,72032,72014,7.4,-104.167,39.2636,391.644,-29.82,318.059,13.9473,3.3576,228.68,0.204325,0.00145302,4.46313,2.5663,2.11999,1.45052,1.08789,1.0042,0.892625,0.251051,0.0557891,0.0278945,0,0.0278945,0,0,0
