data/B2SAP/Locations/Boulder/NOAA-POPS-B2SAP_GMLBalloon_20230713_R0.ict
82,1001
Thornberry, T. D.
NOAA Chemical Sciences Laboratory
Portable Optical Particle Spectrometer (POPS)
Balloon Baseline Stratospheric Aerosol Profiles (B2SAP)
1,1
2023,07,13,2024,05,28
0
TIME_START,s,Seconds since midnight UTC on flight start day,Start time of 100 m altitude bin in UTC_seconds_since_midnight
49
1.0,1.0,1.0,1.0,1.0,1.0,1.0,1.0,1.0,1.0,1.0,1.0,1.0,1.0,1.0,1.0,1.0,1.0,1.0,1.0,1.0,1.0,1.0,1.0,1.0,1.0,1.0,1.0,1.0,1.0,1.0,1.0,1.0,1.0,1.0,1.0,1.0,1.0,1.0,1.0,1.0,1.0,1.0,1.0,1.0,1.0,1.0,1.0,1.0
99999,99999,99999,99999,99999,99999,99999,99999,99999,99999,99999,99999,99999,99999,99999,99999,99999,99999,99999,99999,99999,99999,99999,99999,99999,99999,99999,99999,99999,99999,99999,99999,99999,99999,99999,99999,99999,99999,99999,99999,99999,99999,99999,99999,99999,99999,99999,99999,99999
TIME_STOP,s,End time of 100 m altitude bin in UTC seconds since midnight,
TIME_MID,s,Mid time of 100 m altitude in UTC seconds since midnight,
GPSAlt,km,GPS reported altitude above sea level (km),
GPS_Lon,deg,GPS reported longitude,
GPS_Lat,deg,GPS reported latitude,
iMet_Pressure,hPa,Pressure reported (hPa),
iMet_Temperature,degrees C,Ambient temperature (oC),
THETA,K,Potential temperature from iMet,
Aerosol_concentration,cm^-3,Aerosol concentration,
Surface_Area_Conc,um^2 cm^-3,Surface area concentration,
Volume_density,um^3 cm^-3,Volume density,
Effective_radius,um,Effective radius,
Extinction,km^-1,Extinction,
Bin01,cm^-3,particle concentration in size range [140 - 146.14 nm],
Bin02,cm^-3,particle concentration in size range [146.14 - 152.56 nm],
Bin03,cm^-3,particle concentration in size range [152.56 - 159.25 nm],
Bin04,cm^-3,particle concentration in size range [159.25 - 166.24 nm],
Bin05,cm^-3,particle concentration in size range [166.24 - 173.54 nm],
Bin06,cm^-3,particle concentration in size range [173.54 - 181.16 nm],
Bin07,cm^-3,particle concentration in size range [181.16 - 189.11 nm],
Bin08,cm^-3,particle concentration in size range [189.11 - 197.41 nm],
Bin09,cm^-3,particle concentration in size range [197.41 - 206.07 nm],
Bin10,cm^-3,particle concentration in size range [206.07 - 215.12 nm],
Bin11,cm^-3,particle concentration in size range [215.12 - 224.56 nm],
Bin12,cm^-3,particle concentration in size range [224.56 - 234.41 nm],
Bin13,cm^-3,particle concentration in size range [234.41 - 244.70 nm],
Bin14,cm^-3,particle concentration in size range [244.70 - 361.30 nm],
Bin15,cm^-3,particle concentration in size range [361.30 - 472.80 nm],
Bin16,cm^-3,particle concentration in size range [472.80 - 567.00 nm],
Bin17,cm^-3,particle concentration in size range [567.00 - 610.66 nm],
Bin18,cm^-3,particle concentration in size range [610.66 - 657.69 nm],
Bin19,cm^-3,particle concentration in size range [657.69 - 708.33 nm],
Bin20,cm^-3,particle concentration in size range [708.33 - 762.88 nm],
Bin21,cm^-3,particle concentration in size range [762.88 - 821.62 nm],
Bin22,cm^-3,particle concentration in size range [821.62 - 884.89 nm],
Bin23,cm^-3,particle concentration in size range [884.89 - 953.03 nm],
Bin24,cm^-3,particle concentration in size range [953.03 - 1026.42 nm],
Bin25,cm^-3,particle concentration in size range [1026.42 - 1105.46 nm],
Bin26,cm^-3,particle concentration in size range [1105.46 - 1190.59 nm]],
[...]
LOCATION: Boulder, CO, USA
ASSOCIATED_DATA: N/A
INSTRUMENT_INFO: Printed Optical Particle Spectrometer counts particles from 140 - 2500 nm in diameter 
DATA_INFO: Particle concentrations reported in number per cubic centimeter, binned to 100 m altitude
UNCERTAINTY: Counting uncertainty dominated by air flow, less than 5 percent
ULOD_FLAG: -77777
ULOD_VALUE: 3000 ~3000 per cm3 (varies depending on flow rate- manufacturer quotes 1250  per cm3 at 1.667 cc/s)
LLOD_FLAG: -88888
LLOD_VALUE: 0 0 (varies depending on data field and measurement precision)
DM_CONTACT_INFO: Troy Thornberry, 325 Broadway R/CSL6, Boulder, CO 80305; troy.thornberry@noaa.gov; 303-497-3373
PROJECT_INFO: B2SAP Boulder, CO, USA
STIPULATIONS_ON_USE: Please contact the PIs for questions regarding applications and uncertainties
OTHER_COMMENTS: POPS bin Edges (nm):  140, 146.14, 152.56, 159.25, 166.24, 173.54, 181.16, 189.11, 197.41, 206.07, 215.12, 224.56, 234.41, 244.70, 361.30, 472.80, 567.00, 610.66, 657.69, 708.33, 762.88, 821.62, 884.89, 953.03, 1026.42, 1105.46, 1190.59, 1282.27, 1381.01, 1487.36, 1601.89, 1725.25, 1858.10, 2001.18, 2155.28, 2321.25, 2500
Calculations assume sulfate refractive index of 1.45+0.00j and extinction wavelength = 532 nm
REVISION: R0
R0: QA/QC data
TIME_START,TIME_STOP,TIME_MID,GPSAlt,GPS_Lon,GPS_Lat,iMet_Pressure,iMet_Temperature,THETA,Aerosol_concentration,Surface_Area_Conc,Volume_density,Effective_radius,Extinction,Bin01,Bin02,Bin03,Bin04,Bin05,Bin06,Bin07,Bin08,Bin09,Bin10,Bin11,Bin12,Bin13,Bin14,Bin15,Bin16,Bin17,Bin18,Bin19,Bin20,Bin21,Bin22,Bin23,Bin24,Bin25,Bin26,Bin27,Bin28,Bin29,Bin30,Bin31,Bin32,Bin33,Bin34,Bin35,Bin36
[from data line 155]
58781,58796,58788,17.3,-104.251,39.8114,93.0167,-68.1642,404.037,4.29199,0.562649,27.5105,0.146684,0.000143807,0.795866,0.568475,0.540052,0.426357,0.426357,0.369509,0.142119,0.113695,0.113695,0.0852713,0.113695,0.0852713,0,0.369509,0.0852713,0.0284238,0,0,0,0,0.0284238,0,0,0,0,0,0,0,0,0,0,0,0,0,0,0
58809,58819,58814,17.4,-104.248,39.8112,91.5833,-68.2,405.765,4.71782,0.529571,20.3205,0.115115,8.14246e-05,1.72603,0.690412,0.690412,0.230137,0.115069,0.115069,0,0,0.345206,0.115069,0,0,0.115069,0.460275,0.115069,0,0,0,0,0,0,0,0,0,0,0,0,0,0,0,0,0,0,0,0,0
58831,58846,58838,17.5,-104.244,39.8115,89.834,-68.1427,408.121,5.04357,0.999665,64.7022,0.194172,0.000441792,0.681563,0.74972,0.522532,0.386219,0.318063,0.3635,0.272625,0.136313,0.227188,0.0227188,0.0227188,0.136313,0.0681563,0.590688,0.272625,0.0908751,0.0454376,0.0681563,0.0454376,0,0,0.0227188,0,0,0,0,0,0,0,0,0,0,0,0,0,0
58853,58865,58859,17.6,-104.242,39.8115,88.4292,-68.5508,409.146,4.81269,0.706304,36.7867,0.15625,0.000223271,0.626504,0.711936,0.484116,0.427162,0.512594,0.455639,0.227819,0.199342,0.170865,0.199342,0.11391,0.0569549,0.0854323,0.256297,0.11391,0.0854323,0.0569549,0,0.0284774,0,0,0,0,0,0,0,0,0,0,0,0,0,0,0,0,0
58875,58884,58880,17.7,-104.24,39.8116,86.9689,-67.2089,413.79,4.66867,0.7811,42.3707,0.162735,0.000263839,0.645263,0.645263,0.68322,0.34161,0.151827,0.34161,0.11387,0.303653,0.151827,0.22774,0.0379567,0.0379567,0.0759133,0.531393,0.189783,0.151827,0,0,0.0379567,0,0,0,0,0,0,0,0,0,0,0,0,0,0,0,0,0
58897,58906,58902,17.8,-104.237,39.8115,85.211,-67.566,415.494,4.63148,0.676498,31.5392,0.139864,0.000168427,0.987596,0.544881,0.510825,0.34055,0.27244,0.34055,0.170275,0.170275,0.170275,0.034055,0.102165,0.0681101,0.0681101,0.544881,0.238385,0.0681101,0,0,0,0,0,0,0,0,0,0,0,0,0,0,0,0,0,0,0,0
58907,58928,58918,17.9,-104.236,39.8112,84.2408,-67.6385,416.71,4.21498,0.675438,36.0031,0.15991,0.000221458,0.602141,0.628321,0.34034,0.28798,0.28798,0.34034,0.15708,0.23562,0.15708,0.15708,0.15708,0.10472,0.0785401,0.3927,0.18326,0,0.02618,0.0785401,0,0,0,0,0,0,0,0,0,0,0,0,0,0,0,0,0,0
58929,58947,58938,18,-104.233,39.81,82.7021,-66.7921,420.635,4.26659,0.888989,52.8774,0.178441,0.000354228,0.533324,0.387872,0.387872,0.315146,0.193936,0.315146,0.218178,0.193936,0.12121,0.12121,0.072726,0.096968,0.12121,0.60605,0.36363,0.12121,0.048484,0.024242,0.024242,0,0,0,0,0,0,0,0,0,0,0,0,0,0,0,0,0
58949,58963,58956,18.1,-104.233,39.8087,81.4743,-66.7571,422.504,4.58312,0.920854,61.9965,0.201975,0.000415942,0.72365,0.603042,0.458312,0.482433,0.265338,0.0964867,0.241217,0.192973,0.168852,0.120608,0.0964867,0.14473,0.0964867,0.337703,0.265338,0.168852,0.0482433,0.0241217,0,0,0.0241217,0,0.0241217,0,0,0,0,0,0,0,0,0,0,0,0,0
58964,58978,58971,18.2,-104.232,39.8071,79.9862,-66.7062,424.844,3.98952,1.12491,99.0345,0.264112,0.000692318,0.551743,0.636626,0.424417,0.25465,0.127325,0.381976,0.0848835,0.127325,0.0424417,0.0848835,0.0848835,0,0.0424417,0.594184,0.127325,0.127325,0.0424417,0.0424417,0.0848835,0,0,0.0848835,0.0424417,0,0,0,0,0,0,0,0,0,0,0,0,0
58980,58999,58990,18.3,-104.231,39.8059,78.8606,-67.1769,425.59,3.83697,0.873669,62.9038,0.215999,0.000428384,0.569221,0.569221,0.231905,0.337316,0.18974,0.126493,0.210822,0.210822,0.147576,0,0.126493,0.084329,0.0210822,0.505974,0.231905,0.147576,0.0210822,0.0210822,0.0210822,0.0210822,0,0.0210822,0.0210822,0,0,0,0,0,0,0,0,0,0,0,0,0
59000,59023,59012,18.4,-104.232,39.8047,77.5384,-67.5926,426.794,3.85621,0.846569,58.696,0.208002,0.000382898,0.589143,0.339203,0.267792,0.267792,0.249939,0.285645,0.0714112,0.142822,0.142822,0.178528,0.0714112,0.178528,0.12497,0.464173,0.285645,0.107117,0,0,0.0178528,0.0178528,0.0178528,0.0178528,0.0178528,0,0,0,0,0,0,0,0,0,0,0,0,0
59024,59046,59035,18.5,-104.232,39.8035,76.3275,-67.5431,428.819,3.93021,0.707507,40.3839,0.171237,0.000260197,0.361155,0.488621,0.446132,0.361155,0.276177,0.276177,0.106222,0.254933,0.169955,0.106222,0.0637332,0.106222,0.106222,0.488621,0.127466,0.106222,0.0424888,0,0.0424888,0,0,0,0,0,0,0,0,0,0,0,0,0,0,0,0,0
59048,59069,59058,18.6,-104.233,39.8022,75.2438,-67.8025,430.029,3.27577,0.580209,34.7046,0.179442,0.000215222,0.595594,0.382882,0.255255,0.34034,0.212712,0.297797,0.127627,0.0425425,0.0425425,0.0850849,0.0425425,0.0850849,0.0850849,0.382882,0.212712,0.0425425,0,0,0,0,0.0425425,0,0,0,0,0,0,0,0,0,0,0,0,0,0,0
59070,59095,59082,18.7,-104.232,39.8004,73.8878,-67.4911,432.926,3.55171,0.971802,74.9154,0.231267,0.000528889,0.437403,0.244946,0.349923,0.31493,0.174961,0.157465,0.157465,0.174961,0.122473,0.0524884,0.157465,0.0349923,0.0699845,0.402411,0.367419,0.157465,0.0524884,0.0349923,0.0174961,0,0.0349923,0,0.0349923,0,0,0,0,0,0,0,0,0,0,0,0,0
59097,59119,59108,18.8,-104.232,39.7985,72.6295,-66.7721,436.579,3.45605,1.02566,84.8039,0.248048,0.000612519,0.382235,0.302603,0.334456,0.302603,0.127412,0.159265,0.127412,0.111485,0.191118,0.0637059,0.0477794,0.0955589,0.0796324,0.477794,0.350382,0.0159265,0.031853,0.0796324,0.0637059,0.031853,0.0477794,0,0.031853,0,0,0,0,0,0,0,0,0,0,0,0,0
59120,59139,59130,18.9,-104.231,39.7973,71.465,-62.7044,447.246,3.73655,1.07304,82.6187,0.230986,0.000601561,0.297436,0.353206,0.167308,0.204488,0.241667,0.316026,0.130128,0.111539,0.130128,0.0743591,0.130128,0.167308,0.204488,0.557693,0.241667,0.130128,0.111539,0.0371796,0.0557693,0.0185898,0.0371796,0,0.0185898,0,0,0,0,0,0,0,0,0,0,0,0,0
59142,59161,59152,19,-104.232,39.7966,70.3179,-62.1871,450.422,2.88393,0.702523,50.6757,0.216402,0.000342032,0.339286,0.212054,0.296875,0.169643,0.106027,0.254465,0.106027,0.106027,0.106027,0.0636162,0.106027,0.0848215,0.0848215,0.424108,0.254465,0.0636162,0.0212054,0,0.0212054,0.0212054,0,0.0424108,0,0,0,0,0,0,0,0,0,0,0,0,0,0
59163,59182,59172,19.1,-104.233,39.7964,69.1754,-62.3631,452.155,3.48397,0.956312,73.377,0.230187,0.000494681,0.273253,0.273253,0.250482,0.136626,0.159397,0.113855,0.273253,0.0910843,0.182169,0.0910843,0.20494,0.159397,0.0683132,0.705903,0.20494,0.159397,0,0.0227711,0.0227711,0.0227711,0.0227711,0,0.0455421,0,0,0,0,0,0,0,0,0,0,0,0,0
59183,59203,59193,19.2,-104.235,39.7969,68.2464,-62.1671,454.326,3.24904,0.939784,71.866,0.229412,0.00053162,0.276062,0.467182,0.212355,0.148649,0.19112,0.169884,0.106178,0.127413,0.0849421,0.127413,0.0849421,0.106178,0.0849421,0.361004,0.361004,0.106178,0.0849421,0.0212355,0.0849421,0,0.0212355,0.0212355,0,0,0,0,0,0,0,0,0,0,0,0,0,0
59207,59232,59220,19.3,-104.236,39.7979,67.1871,-60.5706,459.815,3.55654,1.0281,71.9341,0.209904,0.000520001,0.34698,0.277584,0.225537,0.138792,0.104094,0.156141,0.17349,0.0867449,0.138792,0.121443,0.0867449,0.104094,0.0867449,0.763355,0.381678,0.190839,0.0867449,0.017349,0.0520469,0,0,0.017349,0,0,0,0,0,0,0,0,0,0,0,0,0,0
59235,59256,59246,19.4,-104.237,39.799,66.0258,-60.3492,462.594,3.55218,1.22457,105.198,0.257718,0.000745923,0.26763,0.14598,0.14598,0.21897,0.19464,0.2433,0.14598,0.17031,0.07299,0.07299,0.09732,0.17031,0.12165,0.77856,0.29196,0.09732,0.07299,0.02433,0.07299,0.02433,0.04866,0.02433,0.04866,0,0,0,0,0,0,0,0,0,0,0,0,0
59258,59282,59270,19.5,-104.237,39.7999,65.0347,-60.5647,464.126,3.35046,1.07331,85.3104,0.238451,0.000619754,0.195933,0.215527,0.23512,0.215527,0.274307,0.156747,0.11756,0.0783733,0.156747,0.137153,0.0391867,0.05878,0.0979667,0.64658,0.2939,0.23512,0.0391867,0.0391867,0.0195933,0.0195933,0.0391867,0.0195933,0.0195933,0,0,0,0,0,0,0,0,0,0,0,0,0
59284,59305,59294,19.6,-104.237,39.8006,64.0482,-60.7836,465.678,3.31133,0.812456,52.9909,0.195669,0.00037915,0.18845,0.134607,0.296135,0.242292,0.296135,0.269214,0.134607,0.0269214,0.107685,0.161528,0.161528,0.0807641,0.215371,0.484585,0.18845,0.215371,0.0538427,0.0269214,0,0.0269214,0,0,0,0,0,0,0,0,0,0,0,0,0,0,0,0
59313,59329,59321,19.7,-104.236,39.8011,62.9791,-60.7427,468.011,2.99724,0.970027,74.1395,0.229291,0.000534651,0.187328,0.187328,0.187328,0.0535222,0.133805,0.107044,0.0802832,0.107044,0.133805,0.0802832,0.160566,0.187328,0.0267611,0.722549,0.321133,0.133805,0.0535222,0,0.0535222,0.0267611,0.0267611,0.0267611,0,0,0,0,0,0,0,0,0,0,0,0,0,0
59333,59354,59344,19.8,-104.235,39.8014,61.8143,-60.43,471.209,3.53246,1.291,104.974,0.243936,0.00079789,0.0831167,0.166233,0.207792,0.124675,0.0831167,0.24935,0.290908,0.124675,0.207792,0.124675,0.0415583,0.0831167,0.0831167,0.74805,0.415583,0.166233,0.0415583,0.0831167,0.0831167,0.0415583,0.0831167,0,0,0,0,0,0,0,0,0,0,0,0,0,0,0
59356,59377,59366,19.9,-104.234,39.8013,61.0729,-60.4493,472.795,3.57547,1.13519,83.6192,0.220982,0.000619403,0.252386,0.273418,0.189289,0.126193,0.126193,0.126193,0.147225,0.168257,0.210322,0.147225,0,0.0630965,0.126193,0.799222,0.357547,0.252386,0.0841286,0.0210322,0.0630965,0.0210322,0,0.0210322,0,0,0,0,0,0,0,0,0,0,0,0,0,0
59379,59401,59390,20,-104.233,39.8007,60.0973,-60.1587,475.625,2.9809,0.829516,56.0622,0.202753,0.000405163,0.196112,0.137278,0.215723,0.1765,0.156889,0.117667,0.156889,0.117667,0.0784447,0.156889,0.0784447,0.0588335,0.0784447,0.686391,0.313779,0.117667,0.0196112,0.0784447,0.0196112,0.0196112,0,0,0,0,0,0,0,0,0,0,0,0,0,0,0,0
59404,59423,59414,20.1,-104.233,39.7998,59.1487,-59.9125,478.342,3.47207,0.903091,62.8144,0.208665,0.000425356,0.258558,0.332432,0.369369,0.0738738,0.184684,0.0369369,0.184684,0.221621,0.0738738,0.0738738,0.110811,0.147748,0.110811,0.738738,0.332432,0.110811,0,0,0.0738738,0,0,0.0369369,0,0,0,0,0,0,0,0,0,0,0,0,0,0
59424,59441,59432,20.2,-104.233,39.7993,58.2754,-59.7308,480.789,3.16482,0.997145,73.4853,0.221087,0.000547875,0.180847,0.135635,0.293877,0.203453,0.271271,0.113029,0.180847,0.0452118,0.0678177,0.0678177,0.158241,0.135635,0,0.452118,0.474724,0.203453,0.0678177,0.0452118,0.0452118,0,0,0.0226059,0,0,0,0,0,0,0,0,0,0,0,0,0,0
59445,59468,59456,20.3,-104.232,39.7985,57.2837,-59.6306,483.378,3.3986,1.08086,78.5166,0.217927,0.000592188,0.349045,0.183708,0.183708,0.128596,0.165337,0.146966,0.146966,0.110225,0.0734832,0.146966,0.110225,0.0367416,0.0551124,0.69809,0.440899,0.22045,0.0551124,0.091854,0.0183708,0.0183708,0.0183708,0,0,0,0,0,0,0,0,0,0,0,0,0,0,0
59470,59492,59481,20.4,-104.232,39.7975,56.38,-59.7762,485.251,3.12841,1.18864,95.8371,0.241883,0.000729362,0.0900261,0.180052,0.112533,0.180052,0.0900261,0.247572,0.112533,0.112533,0.112533,0.0675196,0.0675196,0.0225065,0.0675196,0.787728,0.405117,0.180052,0.0225065,0.0900261,0.112533,0.0225065,0.0225065,0.0225065,0,0,0,0,0,0,0,0,0,0,0,0,0,0
59494,59513,59504,20.5,-104.233,39.7964,55.5185,-59.4515,488.13,3.43738,0.979464,65.0831,0.199343,0.000457378,0.202199,0.224666,0.179732,0.134799,0.112333,0.134799,0.134799,0.179732,0.112333,0.179732,0.0449331,0.157266,0.112333,0.786329,0.471798,0.134799,0.0898662,0,0.0224666,0,0.0224666,0,0,0,0,0,0,0,0,0,0,0,0,0,0,0
59514,59537,59526,20.6,-104.234,39.7949,54.6667,-58.8267,491.725,3.36684,1.36138,112.375,0.247635,0.00085004,0.170782,0.0731922,0.170782,0.195179,0.121987,0.195179,0.0731922,0.0975896,0.0731922,0.0975896,0.0975896,0.121987,0.0731922,0.731922,0.365961,0.439153,0.0975896,0.0731922,0,0.0487948,0,0,0.0487948,0,0,0,0,0,0,0,0,0,0,0,0,0
59538,59562,59550,20.7,-104.235,39.7937,53.8344,-59.0681,493.33,3.54628,1.09855,77.9236,0.212799,0.000570335,0.146238,0.255917,0.182798,0.164518,0.164518,0.182798,0.127959,0.201078,0.109679,0.0913989,0.127959,0.0365596,0.0731192,0.87743,0.402155,0.201078,0.0913989,0.0548394,0.0365596,0,0,0.0182798,0,0,0,0,0,0,0,0,0,0,0,0,0,0
59566,59586,59576,20.8,-104.236,39.7926,52.9818,-58.5353,496.819,3.28042,0.963236,67.4232,0.20999,0.000471642,0.154575,0.154575,0.154575,0.223275,0.10305,0.10305,0.154575,0.188925,0.2061,0.03435,0.0858749,0.120225,0.051525,0.961799,0.257625,0.17175,0.0858749,0.03435,0,0,0.017175,0,0.017175,0,0,0,0,0,0,0,0,0,0,0,0,0
59589,59613,59601,20.9,-104.238,39.7911,52.1862,-58.4792,499.099,2.77222,0.746125,51.1007,0.205464,0.000356733,0.13523,0.225383,0.225383,0.157768,0.157768,0.0901534,0.180307,0.0450767,0.067615,0.112692,0.13523,0.0901534,0.0225383,0.653612,0.292998,0.0450767,0.0450767,0,0.067615,0,0.0225383,0,0,0,0,0,0,0,0,0,0,0,0,0,0,0
59614,59633,59624,21,-104.24,39.7898,51.4231,-58.7646,500.537,3.24014,1.09536,82.4248,0.225747,0.000612979,0.247511,0.157507,0.180008,0.0900038,0.22501,0.112505,0.157507,0.0675029,0.0675029,0.0675029,0.135006,0.0675029,0.112505,0.652528,0.517522,0.157507,0.0675029,0.0900038,0.022501,0,0.022501,0.022501,0,0,0,0,0,0,0,0,0,0,0,0,0,0
59634,59652,59643,21.1,-104.243,39.7896,50.5225,-58.74,503.135,3.44641,1.19166,96.9708,0.244123,0.000701801,0.195541,0.244427,0.268869,0.146656,0.122213,0.195541,0.0977706,0.122213,0.073328,0.122213,0.0977706,0.073328,0.073328,0.806608,0.342197,0.219984,0.073328,0.0244427,0.0244427,0.073328,0,0,0.0488853,0,0,0,0,0,0,0,0,0,0,0,0,0
59655,59676,59666,21.2,-104.245,39.7901,49.8093,-58.5057,505.729,3.52389,1.07342,77.6676,0.217065,0.000567097,0.314633,0.293657,0.209755,0.083902,0.251706,0.083902,0.104878,0.0629265,0.125853,0.18878,0.083902,0.083902,0.041951,0.818045,0.377559,0.230731,0.0629265,0.0209755,0.0209755,0.041951,0,0.0209755,0,0,0,0,0,0,0,0,0,0,0,0,0,0
59677,59700,59688,21.3,-104.247,39.791,49.026,-58.512,508.01,2.49159,0.667335,41.8973,0.188349,0.000289573,0.206071,0.187338,0.0936688,0.074935,0.112403,0.074935,0.187338,0.0936688,0.131136,0.0187338,0.0374675,0.074935,0.14987,0.505811,0.374675,0.112403,0.0374675,0,0.0187338,0,0,0,0,0,0,0,0,0,0,0,0,0,0,0,0,0
59702,59720,59711,21.4,-104.25,39.7921,48.284,-58.268,510.81,2.38423,0.794616,64.3637,0.242999,0.000446717,0.105966,0.132457,0.0794743,0.0794743,0.0794743,0.105966,0.0794743,0.158949,0.158949,0.0529829,0.158949,0.0264914,0.0794743,0.609303,0.238423,0.105966,0,0.0264914,0,0.0529829,0,0.0264914,0.0264914,0,0,0,0,0,0,0,0,0,0,0,0,0
59721,59738,59730,21.5,-104.251,39.7929,47.6517,-57.9175,513.571,2.66008,0.970653,72.3578,0.223637,0.000545147,0.153889,0.10992,0.0659523,0.153889,0.0879364,0.0659523,0.131905,0.0879364,0.0659523,0.0659523,0.0219841,0.10992,0.0439682,0.703491,0.351746,0.263809,0.10992,0.0219841,0.0219841,0,0,0.0219841,0,0,0,0,0,0,0,0,0,0,0,0,0,0
59743,59760,59752,21.6,-104.253,39.7934,46.7942,-57.8492,516.407,2.68549,0.725417,50.7675,0.209952,0.000370853,0.176098,0.352196,0.132073,0.154086,0.110061,0.154086,0.176098,0.110061,0.110061,0.0660367,0.0440245,0.0660367,0.0440245,0.506281,0.220122,0.132073,0.0440245,0,0.0660367,0.0220122,0,0,0,0,0,0,0,0,0,0,0,0,0,0,0,0
59763,59781,59772,21.7,-104.255,39.7935,46.1067,-57.0958,520.413,2.68114,0.755081,50.0694,0.19893,0.00036152,0.219766,0.0659297,0.0879063,0.175813,0.131859,0.131859,0.153836,0.153836,0.153836,0.0659297,0.0439531,0.0879063,0.109883,0.505461,0.351625,0.131859,0.0439531,0.0439531,0.0219766,0,0,0,0,0,0,0,0,0,0,0,0,0,0,0,0,0
59782,59801,59792,21.8,-104.257,39.7936,45.5483,-57.1633,522.058,2.02953,0.522026,33.7778,0.194116,0.000234652,0.0882403,0.0882403,0.0441202,0.0441202,0.0882403,0.176481,0.13236,0.13236,0.176481,0.0882403,0.0441202,0.0882403,0.0882403,0.485322,0.0882403,0.0882403,0.0441202,0,0.0441202,0,0,0,0,0,0,0,0,0,0,0,0,0,0,0,0,0
59806,59824,59815,21.9,-104.26,39.7939,44.7067,-57.2292,524.689,2.43018,0.743712,50.4695,0.203585,0.000364785,0.087574,0.087574,0.087574,0.131361,0.197041,0.0656805,0.087574,0.087574,0.087574,0.0656805,0.087574,0.0656805,0.0656805,0.700592,0.284615,0.109467,0.0656805,0.0218935,0.043787,0,0,0,0,0,0,0,0,0,0,0,0,0,0,0,0,0
59826,59846,59836,22,-104.262,39.7941,44.0493,-57.5114,526.224,2.59481,0.722148,47.4205,0.196998,0.000333418,0.170462,0.189402,0.0947011,0.0378804,0.170462,0.0757609,0.0947011,0.151522,0.132582,0.0947011,0.0378804,0.113641,0.113641,0.606087,0.303044,0.113641,0.0378804,0,0.0568207,0,0,0,0,0,0,0,0,0,0,0,0,0,0,0,0,0
59846,59867,59856,22.1,-104.265,39.7942,43.4127,-57.664,528.045,2.49649,0.827491,62.6728,0.227215,0.000463089,0.158228,0.158228,0.105485,0.175809,0.105485,0.105485,0.105485,0.0527427,0.0527427,0.0703237,0.0879046,0.0879046,0.0351618,0.597751,0.263714,0.175809,0.0351618,0.0703237,0.0175809,0.0175809,0,0,0.0175809,0,0,0,0,0,0,0,0,0,0,0,0,0
