data/B2SAP/Locations/Boulder/NOAA-POPS-B2SAP_GMLBalloon_20220111_R0.ict
61,1001
Thornberry, T. D.
NOAA Chemical Sciences Laboratory
Portable Optical Particle Spectrometer (POPS)
Balloon Baseline Stratospheric Aerosol Profiles (B2SAP)
1,1
2022,01,11,2024,05,28
0
TIME_START,s,Seconds since midnight UTC on flight start day,Start time of 100 m altitude bin in UTC_seconds_since_midnight
28
1.0,1.0,1.0,1.0,1.0,1.0,1.0,1.0,1.0,1.0,1.0,1.0,1.0,1.0,1.0,1.0,1.0,1.0,1.0,1.0,1.0,1.0,1.0,1.0,1.0,1.0,1.0,1.0
99999,99999,99999,99999,99999,99999,99999,99999,99999,99999,99999,99999,99999,99999,99999,99999,99999,99999,99999,99999,99999,99999,99999,99999,99999,99999,99999,99999
TIME_STOP,s,End time of 100 m altitude bin in UTC seconds since midnight,
TIME_MID,s,Mid time of 100 m altitude in UTC seconds since midnight,
GPSAlt,m,GPS reported altitude above sea level (m),
GPS_Lon,deg,GPS reported longitude,
GPS_Lat,deg,GPS reported latitude,
iMet_Pressure,mb,Pressure reported (mB),
iMet_Temperature,degrees C,Ambient temperature (oC),
THETA,K,Potential temperature from iMet,
Aerosol_concentration,cm^-3,Aerosol concentration,
Surface_Area_Conc,um^2 cm^-3,Surface area concentration,
Volume_density,um^3 cm^-3,Volume density,
Effective_radius,um,Effective radius,
Extinction,km^-1,Extinction,
Bin01,cm^-3,particle concentration in size range [140 - 170 nm],
Bin02,cm^-3,particle concentration in size range [170 - 205 nm],
Bin03,cm^-3,particle concentration in size range [205 - 249 nm],
Bin04,cm^-3,particle concentration in size range [249 - 302 nm],
Bin05,cm^-3,particle concentration in size range [302 - 366 nm],
Bin06,cm^-3,particle concentration in size range [366 - 443 nm],
Bin07,cm^-3,particle concentration in size range [443 - 537 nm],
Bin08,cm^-3,particle concentration in size range [537 - 651 nm],
Bin09,cm^-3,particle concentration in size range [651 - 789 nm],
Bin10,cm^-3,particle concentration in size range [789 - 956 nm],
Bin11,cm^-3,particle concentration in size range [956 - 1159 nm],
Bin12,cm^-3,particle concentration in size range [1159 - 1404 nm],
Bin13,cm^-3,particle concentration in size range [1404 - 1702 nm],
Bin14,cm^-3,particle concentration in size range [1702 - 2062 nm],
Bin15,cm^-3,particle concentration in size range [2062 - 2500 nm],
0
19
PI_CONTACT_INFO: 325 Broadway R/CSL6, Boulder, CO 80305; troy.thornberry@noaa.gov; 303-497-3373 
PLATFORM: GML ECC/FPH balloon
LOCATION: Boulder, CO, USA
ASSOCIATED_DATA: N/A
INSTRUMENT_INFO: Printed Optical Particle Spectrometer counts particles from 140 - 2500 nm in diameter 
DATA_INFO: Particle concentrations reported in number per cubic centimeter, binned to 100 m altitude
UNCERTAINTY: Counting uncertainty dominated by air flow, less than 5 percent
ULOD_FLAG: -77777
ULOD_VALUE: 3000 ~3000 per cm3 (varies depending on flow rate- manufacturer quotes 1250  per cm3 at 1.667 cc/s)
LLOD_FLAG: -88888
LLOD_VALUE: 0 0 (varies depending on data field and measurement precision)
DM_CONTACT_INFO: Troy Thornberry, 325 Broadway R/CSL6, Boulder, CO 80305; troy.thornberry@noaa.gov; 303-497-3373
PROJECT_INFO: B2SAP Boulder, CO, USA
STIPULATIONS_ON_USE: Please contact the PIs for questions regarding applications and uncertainties
OTHER_COMMENTS: POPS bin Edges (nm):  140, 170, 205, 249, 302, 366, 443, 537, 651, 789, 956, 1159, 1404, 1702, 2062, 2500
Calculations assume sulfate refractive index of 1.45+0.00j and extinction wavelength = 532 nm
REVISION: R0
R0: QA/QC data
TIME_START,TIME_STOP,TIME_MID,GPSAlt,GPS_Lon,GPS_Lat,iMet_Pressure,iMet_Temperature,THETA,Aerosol_concentration,Surface_Area_Conc,Volume_density,Effective_radius,Extinction,Bin01,Bin02,Bin03,Bin04,Bin05,Bin06,Bin07,Bin08,Bin09,Bin10,Bin11,Bin12,Bin13,Bin14,Bin15
[from data line 158]
65412,65431,65422,17.5,-104.518,39.8819,81.1818,-59.5541,437.704,9.51958,2.38856,154.018,0.193445,0.000997803,1.47389,2.11546,1.71665,1.73399,1.26581,0.676254,0.225418,0.156059,0.104039,0.0520196,0,0,0,0,0
65432,65453,65442,17.6,-104.515,39.8808,79.8829,-59.8806,439.051,9.51004,2.29724,145.733,0.190315,0.000874975,1.70381,1.98198,1.79074,1.66904,1.13008,0.608503,0.452031,0.086929,0.0695432,0,0,0.0173858,0,0,0
65454,65483,65468,17.7,-104.511,39.8793,78.47,-59.8921,441.267,9.73478,2.25255,127.896,0.170335,0.000815037,1.74318,1.85366,1.93959,1.81683,1.11711,0.68745,0.405104,0.147311,0.0245518,0,0,0,0,0,0
65484,65518,65501,17.8,-104.506,39.8775,77.2596,-60.0831,442.844,9.8377,2.3179,141.087,0.182605,0.000834676,1.73207,1.94716,1.79999,1.89056,1.30188,0.656601,0.339621,0.124528,0.0113207,0.0226414,0,0.0113207,0,0,0
65519,65555,65537,17.9,-104.501,39.8748,75.9368,-60.3814,444.404,9.14167,2.2183,131.087,0.17728,0.000858206,1.47616,1.83466,1.69759,1.80303,1.0544,0.706449,0.295233,0.231968,0.0421761,0,0,0,0,0,0
65556,65583,65570,18,-104.497,39.8718,74.7996,-60.9687,445.091,9.07394,1.96847,109.47,0.166835,0.000662139,1.76865,1.93526,1.61485,1.75583,1.05094,0.602366,0.179428,0.140979,0.0128163,0.0128163,0,0,0,0,0
65584,65605,65594,18.1,-104.493,39.869,73.6488,-61.6863,445.562,8.87772,2.00518,114.516,0.17133,0.000718247,1.8405,1.56984,1.71419,1.51571,1.29918,0.541324,0.21653,0.108265,0.0721766,0,0,0,0,0,0
65606,65620,65613,18.2,-104.491,39.8671,72.3967,-62.6067,445.794,8.72055,1.9227,108.578,0.169416,0.00066782,1.58759,1.72175,1.87827,1.63231,0.983856,0.559009,0.223604,0.0447207,0.0894415,0,0,0,0,0,0
65621,65638,65630,18.3,-104.49,39.8658,71.1994,-62.9669,447.162,8.84107,2.03749,120.414,0.177298,0.000784581,1.8217,1.68799,1.52086,1.97211,0.818927,0.484671,0.217266,0.267405,0.0501384,0,0,0,0,0,0
65640,65656,65648,18.4,-104.488,39.8641,70.042,-63.554,448.005,8.76748,2.12017,127.517,0.180434,0.000824722,1.65289,1.68882,1.49119,1.58102,1.1678,0.646782,0.359323,0.107797,0.0538985,0.0179662,0,0,0,0,0
65658,65672,65665,18.5,-104.487,39.8626,68.9,-64.364,448.367,8.44135,1.98139,115.182,0.174395,0.000736443,1.51999,1.68284,1.4657,1.49284,1.32999,0.542852,0.162856,0.189998,0.0542852,0,0,0,0,0,0
65673,65685,65679,18.6,-104.486,39.8615,67.8673,-65.16,448.601,8.14502,1.88031,109.16,0.174163,0.000705569,1.59948,1.3534,1.77173,1.52565,1.0089,0.393717,0.221466,0.246073,0.0246073,0,0,0,0,0,0
65688,65703,65696,18.7,-104.486,39.8605,66.6631,-65.6662,449.798,7.68796,1.7752,98.5751,0.166587,0.000606928,1.3059,1.26377,1.68503,1.41121,1.03208,0.695076,0.168503,0.105315,0.0210629,0,0,0,0,0,0
65704,65718,65711,18.8,-104.486,39.8599,65.58,-66.4842,450.124,8.73788,2.15096,134.881,0.188122,0.000898363,1.68386,1.66111,1.72937,1.52458,0.93295,0.546117,0.386833,0.182039,0.0682647,0.0227549,0,0,0,0,0
65719,65735,65727,18.9,-104.486,39.859,64.45,-67.0386,451.159,8.31988,1.83222,101.26,0.165799,0.000599389,1.55383,1.45549,1.71118,1.53416,1.29814,0.47205,0.177019,0.0983438,0,0.0196688,0,0,0,0,0
65736,65755,65746,19,-104.485,39.8588,63.2827,-67.8753,451.671,7.78824,1.87578,115.401,0.184565,0.000742533,1.30725,1.62025,1.65707,1.14154,1.15995,0.368238,0.349826,0.128883,0.0184119,0.0368238,0,0,0,0,0
65756,65776,65766,19.1,-104.484,39.8586,62.2294,-68.2529,453.017,7.14746,1.94104,131.809,0.203718,0.000894403,1.35443,1.20756,1.27284,1.22388,1.02806,0.40796,0.391642,0.130547,0.081592,0.0489552,0,0,0,0,0
65777,65799,65788,19.2,-104.482,39.8583,61.156,-68.938,453.747,7.50964,1.6492,91.3887,0.166242,0.00055513,1.06687,1.62108,1.82892,1.48253,0.678916,0.554217,0.124699,0.110843,0.0415663,0,0,0,0,0,0
65800,65831,65816,19.3,-104.48,39.8578,60.0027,-68.6512,456.865,7.62963,1.66078,93.1438,0.168253,0.000580668,1.5408,1.47705,1.73208,1.20076,0.871351,0.435675,0.233777,0.0956361,0.0425049,0,0,0,0,0,0
65832,65875,65854,19.4,-104.474,39.8564,59.1537,-65.7323,465.282,7.6334,1.85684,111.385,0.179958,0.000717371,1.31772,1.3645,1.43467,1.6296,0.818699,0.623771,0.241711,0.155943,0.0311885,0.0155943,0,0,0,0,0
65878,65906,65892,19.5,-104.469,39.856,58.1312,-64.3869,470.628,7.00224,1.73915,108.959,0.187952,0.000716356,1.2627,1.21052,1.4088,1.34618,0.897455,0.417421,0.198275,0.187839,0.0521776,0.020871,0,0,0,0,0
65907,65930,65918,19.6,-104.465,39.8562,57.2224,-64.9348,471.515,6.95023,1.81273,121.217,0.200609,0.0007698,1.29911,1.32509,1.13022,1.36406,0.805447,0.454688,0.311786,0.181875,0.0649554,0,0,0.0129911,0,0,0
65931,65950,65940,19.7,-104.461,39.8559,56.2812,-64.7871,474.092,5.8673,1.44418,86.3465,0.179367,0.00056687,0.895283,1.15108,1.02318,1.247,0.847321,0.303757,0.223821,0.127898,0.0479616,0,0,0,0,0,0
65953,65968,65960,19.8,-104.457,39.8557,55.3362,-64.1615,477.818,5.38058,1.335,81.1386,0.182334,0.000542541,0.837444,1.04681,1.13055,0.963061,0.690892,0.314042,0.209361,0.146553,0.0418722,0,0,0,0,0,0
65969,65984,65976,19.9,-104.453,39.8552,54.3892,-63.5708,481.544,5.01278,1.2747,92.1647,0.216909,0.00048013,1.03403,1.03403,0.741801,0.899153,0.561971,0.404619,0.247267,0.0674365,0,0,0,0,0.0224788,0,0
65985,65997,65991,20,-104.449,39.8548,53.62,-63.8491,482.858,5.60659,1.29032,72.8239,0.169316,0.000465787,1.16084,1.28433,0.815055,0.71626,0.815055,0.54337,0.17289,0.0987945,0,0,0,0,0,0,0
66000,66015,66008,20.1,-104.446,39.8543,52.6683,-64.7825,483.173,5.39065,1.4391,91.1684,0.190053,0.00063531,0.97805,0.864324,0.955305,1.06903,0.63687,0.34118,0.34118,0.159218,0.0454907,0,0,0,0,0,0
66016,66032,66024,20.2,-104.443,39.8539,51.7654,-65.6262,483.604,5.14443,1.20529,72.703,0.18096,0.000461886,1.11744,0.969851,0.843349,0.864433,0.759014,0.316256,0.126502,0.126502,0,0.0210837,0,0,0,0,0
66034,66056,66045,20.3,-104.44,39.8533,50.8672,-65.7844,485.648,5.0005,1.26435,78.408,0.186043,0.000553849,1.28062,0.945217,0.747026,0.625063,0.426872,0.411627,0.472608,0.0762272,0.0152454,0,0,0,0,0,0
66058,66082,66070,20.4,-104.436,39.8531,49.9547,-66.2353,487.117,4.80067,1.30962,84.3498,0.193224,0.00059876,0.89651,0.89651,0.809751,0.694073,0.621773,0.390416,0.260277,0.202438,0.0289197,0,0,0,0,0,0
66085,66123,66104,20.5,-104.431,39.8526,49.0803,-65.7723,490.671,5.13169,1.27392,75.9299,0.178811,0.000503113,0.986161,1.00442,0.840063,0.757883,0.675703,0.556998,0.191753,0.0913112,0.0273934,0,0,0,0,0,0
66125,66162,66144,20.6,-104.424,39.8505,48.347,-63.244,498.791,4.54471,1.18408,76.202,0.193067,0.000522798,1.00516,0.730246,0.790384,0.721655,0.53265,0.37801,0.240552,0.0859113,0.0515468,0.00859113,0,0,0,0,0
66163,66191,66177,20.7,-104.418,39.8476,47.5943,-62.3714,503.123,4.46206,1.21349,78.0289,0.192904,0.000547179,0.829336,0.852697,0.794293,0.537316,0.548997,0.490593,0.268658,0.0817655,0.0584039,0,0,0,0,0,0
66192,66213,66202,20.8,-104.414,39.8452,46.7963,-62.3088,505.701,4.27231,1.05719,63.6143,0.18052,0.000427016,0.704395,0.980028,0.658456,0.796273,0.490014,0.321572,0.183755,0.122503,0.0153129,0,0,0,0,0,0
66214,66237,66226,20.9,-104.41,39.843,45.9562,-61.7731,509.624,4.09913,0.996194,59.6245,0.179557,0.0003959,0.825945,0.780059,0.749468,0.611811,0.504744,0.351791,0.183543,0.0611811,0.0305905,0,0,0,0,0,0
66239,66260,66250,21,-104.407,39.8414,45.2488,-61.8959,511.587,3.86741,1.01091,64.8375,0.192414,0.000444832,0.750393,0.90913,0.519503,0.519503,0.46178,0.331905,0.288613,0.0577225,0.0144306,0.0144306,0,0,0,0,0
66261,66281,66271,21.1,-104.404,39.8397,44.5547,-62.4076,512.601,3.95246,0.966974,57.7768,0.17925,0.000381211,0.810761,0.796283,0.593593,0.550159,0.593593,0.390902,0.115823,0.0723894,0.0289557,0,0,0,0,0,0
66283,66304,66294,21.2,-104.401,39.838,43.7938,-62.2563,515.512,4.57267,1.34088,100.058,0.223864,0.000649261,1.04563,0.686681,0.686681,0.764713,0.546223,0.296521,0.34334,0.124851,0.0468192,0.0156064,0.0156064,0,0,0,0
66305,66329,66317,21.3,-104.397,39.8358,43.0389,-62.4044,517.706,4.1216,1.07077,67.3414,0.188671,0.000462528,0.801814,0.703346,0.77368,0.661145,0.478275,0.379807,0.168803,0.112535,0.0422007,0,0,0,0,0,0
66330,66357,66344,21.4,-104.393,39.8334,42.353,-60.766,524.138,3.97375,1.05742,67.9376,0.192746,0.000477949,0.799828,0.825219,0.609393,0.444349,0.609393,0.330088,0.17774,0.139652,0.038087,0,0,0,0,0,0
66358,66386,66372,21.5,-104.39,39.8306,41.621,-59.3462,530.275,4.11009,1.04177,72.0615,0.207517,0.000446918,1.07645,0.782874,0.636085,0.489296,0.464831,0.366972,0.146789,0.0978592,0.0366972,0,0.0122324,0,0,0,0
66388,66414,66401,21.6,-104.386,39.8285,40.9278,-59.7991,531.689,3.89275,0.980607,60.8654,0.186207,0.000423691,0.953326,0.669598,0.590154,0.578805,0.476663,0.26103,0.215633,0.136189,0.0113491,0,0,0,0,0,0
66416,66438,66427,21.7,-104.384,39.8268,40.2847,-59.7894,534.138,4.05286,1.01304,63.9692,0.189437,0.00044317,0.974542,0.835322,0.556881,0.541412,0.510475,0.29391,0.201096,0.0928136,0.0464068,0,0,0,0,0,0
66439,66462,66450,21.8,-104.381,39.8248,39.6125,-59.7544,536.789,3.34551,0.811706,51.059,0.18871,0.000331425,0.769467,0.652374,0.552009,0.451643,0.418188,0.317823,0.100365,0.0501826,0.0167275,0.0167275,0,0,0,0,0
66463,66484,66474,21.9,-104.38,39.8227,38.9981,-60.05,538.447,3.62842,0.830833,50.3245,0.181713,0.00034149,0.839913,0.890308,0.638334,0.419956,0.352763,0.218377,0.134386,0.117588,0.0167983,0,0,0,0,0,0
66485,66506,66496,22,-104.379,39.8201,38.3312,-60.0425,541.129,3.66414,0.863089,55.6802,0.193538,0.000375164,0.95884,0.71913,0.71913,0.496542,0.256832,0.205466,0.188344,0.0856108,0.0171222,0.0171222,0,0,0,0,0
66507,66528,66518,22.1,-104.378,39.8174,37.7375,-60.7806,541.656,3.14048,0.734169,43.1984,0.176519,0.000285143,0.798134,0.537873,0.520522,0.46847,0.329664,0.277612,0.156157,0.0347015,0.0173507,0,0,0,0,0,0
66529,66550,66540,22.2,-104.377,39.8144,37.1267,-61.62,542.051,3.62829,0.899807,54.6309,0.182142,0.000374272,0.845975,0.751978,0.413588,0.620382,0.357189,0.300791,0.281992,0.0375989,0.0187994,0,0,0,0,0,0
66551,66571,66561,22.3,-104.375,39.8112,36.464,-62.0767,543.66,3.69682,0.898033,55.1463,0.184224,0.000376419,0.76223,0.933732,0.609784,0.419227,0.304892,0.419227,0.114335,0.114335,0.0190558,0,0,0,0,0,0
66573,66593,66583,22.4,-104.374,39.8077,35.898,-62.4313,545.183,3.98339,0.926729,53.1275,0.171984,0.000346713,0.947506,0.754138,0.67679,0.541432,0.3674,0.464085,0.174032,0.0580106,0,0,0,0,0,0,0
66594,66617,66606,22.5,-104.372,39.8047,35.2621,-60.9011,551.956,2.84563,0.69321,42.0531,0.181993,0.000288427,0.749656,0.50487,0.443674,0.305982,0.382477,0.244785,0.107094,0.107094,0,0,0,0,0,0,0
66618,66643,66630,22.6,-104.369,39.8027,34.7047,-59.3163,558.61,2.99924,0.732331,44.3979,0.181876,0.000307729,0.815179,0.522945,0.476803,0.322995,0.338376,0.246092,0.19995,0.0769037,0,0,0,0,0,0,0
66645,66670,66658,22.7,-104.365,39.801,34.1043,-58.49,563.579,3.09578,0.75976,47.7188,0.188423,0.000331969,0.770443,0.658379,0.43425,0.462266,0.252145,0.238137,0.182105,0.0700403,0.0280161,0,0,0,0,0,0
66672,66695,66684,22.8,-104.361,39.7992,33.5644,-57.9233,567.636,3.30524,0.824439,53.8868,0.196085,0.000381284,1.02462,0.545364,0.495786,0.313998,0.396628,0.247893,0.132209,0.0991571,0.0495786,0,0,0,0,0,0
66697,66716,66706,22.9,-104.358,39.7978,33.04,-57.6513,570.929,2.87528,0.697361,46.2361,0.198905,0.000314486,0.789689,0.587205,0.52646,0.26323,0.283478,0.161988,0.161988,0.0809938,0,0.0202484,0,0,0,0,0
66718,66733,66726,23,-104.355,39.7969,32.545,-57.9858,572.5,3.05461,0.727605,42.9594,0.177127,0.000288962,0.840017,0.458191,0.483646,0.381826,0.432736,0.229096,0.15273,0.0763652,0,0,0,0,0,0,0
66735,66748,66742,23.1,-104.352,39.7961,32.035,-58.3725,574.052,2.88579,0.816787,52.9831,0.194603,0.000380997,0.67595,0.389971,0.389971,0.41597,0.41597,0.233983,0.285979,0.0519962,0.0259981,0,0,0,0,0,0
66751,66762,66756,23.2,-104.35,39.7954,31.4989,-58.7122,575.923,2.50622,0.571748,33.0195,0.173256,0.000215736,0.730981,0.313278,0.452512,0.348086,0.313278,0.208852,0.0696173,0.0696173,0,0,0,0,0,0,0
66764,66775,66770,23.3,-104.348,39.7947,30.9844,-59.01,577.824,3.21365,0.577649,28.6172,0.148622,0.000159665,0.785559,0.749851,0.785559,0.392779,0.321365,0.0714144,0.0714144,0.0357072,0,0,0,0,0,0,0
66776,66788,66782,23.4,-104.346,39.7939,30.4922,-59.4667,579.252,2.93425,0.687373,41.2908,0.180211,0.000282326,0.71567,0.679887,0.536753,0.143134,0.429402,0.214701,0.107351,0.107351,0,0,0,0,0,0,0
66790,66803,66796,23.5,-104.344,39.7929,29.9391,-59.9591,580.935,2.55089,0.73014,49.5496,0.203589,0.000356034,0.570198,0.450157,0.420146,0.300104,0.150052,0.420146,0.150052,0.0300104,0.0600209,0,0,0,0,0,0
66805,66821,66813,23.6,-104.342,39.7917,29.4125,-60.2208,583.181,2.53975,0.685101,44.5645,0.195144,0.000316531,0.579726,0.358878,0.41409,0.469302,0.27606,0.165636,0.165636,0.082818,0.027606,0,0,0,0,0,0
66822,66843,66832,23.7,-104.34,39.7898,28.8782,-60.9624,584.194,2.39228,0.57888,33.9799,0.176098,0.000227999,0.578134,0.418649,0.31897,0.398713,0.299035,0.179421,0.159485,0.0398713,0,0,0,0,0,0,0
66844,66872,66858,23.8,-104.336,39.7874,28.41,-61.5182,585.395,2.68505,0.722396,47.8737,0.198812,0.000350605,0.791545,0.434574,0.388012,0.248328,0.263848,0.248328,0.170725,0.124164,0.0155205,0,0,0,0,0,0
66873,66902,66888,23.9,-104.333,39.7845,27.93,-61.0205,589.636,2.30528,0.629996,41.7798,0.198953,0.000299451,0.600005,0.331582,0.315792,0.363161,0.252634,0.205265,0.126317,0.078948,0.0315792,0,0,0,0,0,0
66904,66929,66916,24,-104.329,39.7811,27.4984,-60.7126,593.119,2.35927,0.640267,45.3576,0.212525,0.000321053,0.663544,0.442362,0.294908,0.294908,0.258045,0.129022,0.165886,0.0737271,0.0184318,0.0184318,0,0,0,0,0
66930,66951,66940,24.1,-104.326,39.7776,27.0347,-60.1276,597.66,2.18076,0.51723,32.6681,0.189479,0.00022817,0.70615,0.394613,0.249229,0.269998,0.249229,0.124615,0.103846,0.0623073,0.0207691,0,0,0,0,0,0
66953,66972,66962,24.2,-104.323,39.775,26.5613,-59.9575,601.149,2.46729,0.515177,27.8626,0.16225,0.0001731,0.650466,0.538317,0.336448,0.336448,0.358878,0.112149,0.112149,0.0224299,0,0,0,0,0,0,0
66975,66989,66982,24.3,-104.32,39.7732,26.1475,-60.2008,603.178,2.02011,0.461985,26.5494,0.172404,0.000175057,0.572867,0.391961,0.150754,0.361811,0.271358,0.120604,0.120604,0.0301509,0,0,0,0,0,0,0
66991,67007,66999,24.4,-104.318,39.7718,25.7471,-60.7829,604.177,2.35445,0.534685,33.602,0.188534,0.00023148,0.661361,0.502635,0.396817,0.290999,0.23809,0.0793633,0.0793633,0.0793633,0.0264544,0,0,0,0,0,0
67009,67024,67016,24.5,-104.315,39.7705,25.3042,-61.1908,606.019,1.73168,0.441206,29.0073,0.197236,0.000206759,0.463844,0.278306,0.21646,0.371075,0.185538,0,0.154615,0.0309229,0.0309229,0,0,0,0,0,0
67027,67042,67034,24.6,-104.312,39.7692,24.8864,-61.6918,607.467,1.89322,0.531691,35.1039,0.198069,0.000259791,0.413066,0.344222,0.3098,0.240955,0.206533,0.103267,0.172111,0.103267,0,0,0,0,0,0,0
67043,67061,67052,24.7,-104.308,39.7679,24.4669,-61.8054,610.097,2.12007,0.510283,31.835,0.187161,0.000225708,0.706688,0.265008,0.412235,0.176672,0.206117,0.147227,0.117781,0.0883361,0,0,0,0,0,0,0
67064,67094,67079,24.8,-104.302,39.766,23.9925,-60.5554,617.154,1.87354,0.414149,23.6544,0.171347,0.000155617,0.576474,0.400329,0.128105,0.240198,0.30425,0.096079,0.096079,0.0320263,0,0,0,0,0,0,0
67097,67178,67138,24.9,-104.289,39.762,23.5935,-58.4798,626.161,1.99822,0.360184,18.546,0.154471,0.000110159,0.783964,0.359562,0.253462,0.235779,0.200412,0.088417,0.0589447,0.0176834,0,0,0,0,0,0,0
67181,67208,67194,25,-104.279,39.758,23.225,-55.3532,638.158,1.46351,0.256584,13.3695,0.156318,8.08018e-05,0.588973,0.267715,0.196324,0.23202,0.053543,0.053543,0.053543,0.0178477,0,0,0,0,0,0,0
67209,67228,67218,25.1,-104.276,39.7566,22.8175,-55.2406,641.71,1.70407,0.19691,6.98732,0.106454,2.18159e-05,0.864382,0.321056,0.29636,0.14818,0.0740899,0,0,0,0,0,0,0,0,0,0
67229,67246,67238,25.2,-104.274,39.7552,22.4179,-55.9343,642.918,1.78254,0.303683,14.9527,0.147714,8.2173e-05,0.603762,0.431259,0.230005,0.258755,0.143753,0.0862518,0,0.0287506,0,0,0,0,0,0,0
67249,67262,67256,25.3,-104.272,39.7539,22.0691,-56.9145,642.88,1.60526,0.277925,14.5266,0.156804,8.7389e-05,0.709303,0.335986,0.149327,0.0746635,0.22399,0.0746635,0,0.0373317,0,0,0,0,0,0,0
