data/B2SAP/Locations/Boulder/NOAA-POPS-B2SAP_GMLBalloon_20200820_R0.ict
61,1001
Thornberry, T. D.
NOAA Chemical Sciences Laboratory
Portable Optical Particle Spectrometer (POPS)
Balloon Baseline Stratospheric Aerosol Profiles (B2SAP)
1,1
2020,08,20,2024,05,30
0
TIME_START,s,Seconds since midnight UTC on flight start day,Start time of 100 m altitude bin in UTC_seconds_since_midnight
28
1.0,1.0,1.0,1.0,1.0,1.0,1.0,1.0,1.0,1.0,1.0,1.0,1.0,1.0,1.0,1.0,1.0,1.0,1.0,1.0,1.0,1.0,1.0,1.0,1.0,1.0,1.0,1.0
99999,99999,99999,99999,99999,99999,99999,99999,99999,99999,99999,99999,99999,99999,99999,99999,99999,99999,99999,99999,99999,99999,99999,99999,99999,99999,99999,99999
TIME_STOP,s,End time of 100 m altitude bin in UTC seconds since midnight,
TIME_MID,s,Mid time of 100 m altitude in UTC seconds since midnight,
GPSAlt,m,GPS reported altitude above sea level (m),
GPS_Lon,deg,GPS reported longitude,
GPS_Lat,deg,GPS reported latitude,
iMet_Pressure,mb,Pressure reported (mB),
iMet_Temperature,degrees C,Ambient temperature (oC),
THETA,K,Potential temperature from iMet,
Aerosol_concentration,cm^-3,Aerosol concentration,
Surface_Area_Conc,um^2 cm^-3,Surface area concentration,
Volume_density,um^3 cm^-3,Volume density,
Effective_radius,um,Effective radius,
Extinction,km^-1,Extinction,
Bin01,cm^-3,particle concentration in size range [140 - 170 nm],
Bin02,cm^-3,particle concentration in size range [170 - 205 nm],
Bin03,cm^-3,particle concentration in size range [205 - 249 nm],
Bin04,cm^-3,particle concentration in size range [249 - 302 nm],
Bin05,cm^-3,particle concentration in size range [302 - 366 nm],
Bin06,cm^-3,particle concentration in size range [366 - 443 nm],
Bin07,cm^-3,particle concentration in size range [443 - 537 nm],
Bin08,cm^-3,particle concentration in size range [537 - 651 nm],
Bin09,cm^-3,particle concentration in size range [651 - 789 nm],
Bin10,cm^-3,particle concentration in size range [789 - 956 nm],
Bin11,cm^-3,particle concentration in size range [956 - 1159 nm],
Bin12,cm^-3,particle concentration in size range [1159 - 1404 nm],
Bin13,cm^-3,particle concentration in size range [1404 - 1702 nm],
Bin14,cm^-3,particle concentration in size range [1702 - 2062 nm],
Bin15,cm^-3,particle concentration in size range [2062 - 2500 nm],
0
19
PI_CONTACT_INFO: 325 Broadway R/CSL6, Boulder, CO 80305; troy.thornberry@noaa.gov; 303-497-3373 
PLATFORM: GML ECC/FPH balloon
LOCATION: Boulder, CO, USA
ASSOCIATED_DATA: N/A
INSTRUMENT_INFO: Printed Optical Particle Spectrometer counts particles from 140 - 2500 nm in diameter 
DATA_INFO: Particle concentrations reported in number per cubic centimeter, binned to 100 m altitude
UNCERTAINTY: Counting uncertainty dominated by air flow, less than 5 percent
ULOD_FLAG: -77777
ULOD_VALUE: 3000 ~3000 per cm3 (varies depending on flow rate- manufacturer quotes 1250  per cm3 at 1.667 cc/s)
LLOD_FLAG: -88888
LLOD_VALUE: 0 0 (varies depending on data field and measurement precision)
DM_CONTACT_INFO: Troy Thornberry, 325 Broadway R/CSL6, Boulder, CO 80305; troy.thornberry@noaa.gov; 303-497-3373
PROJECT_INFO: B2SAP Boulder, CO, USA
STIPULATIONS_ON_USE: Please contact the PIs for questions regarding applications and uncertainties
OTHER_COMMENTS: POPS bin Edges (nm):  140, 170, 205, 249, 302, 366, 443, 537, 651, 789, 956, 1159, 1404, 1702, 2062, 2500
Calculations assume sulfate refractive index of 1.45+0.00j and extinction wavelength = 532 nm
REVISION: R0
R0: QA/QC data
TIME_START,TIME_STOP,TIME_MID,GPSAlt,GPS_Lon,GPS_Lat,iMet_Pressure,iMet_Temperature,THETA,Aerosol_concentration,Surface_Area_Conc,Volume_density,Effective_radius,Extinction,Bin01,Bin02,Bin03,Bin04,Bin05,Bin06,Bin07,Bin08,Bin09,Bin10,Bin11,Bin12,Bin13,Bin14,Bin15
57248,58231,57740,1.9,-105.198,39.9488,815.902,24.1275,315.073,1592.29,595.865,44385.6,0.223468,0.321294,191.784,198.917,213.956,225.236,222.13,217.478,240.201,68.837,8.39657,3.28432,1.23348,0.430974,0.104028,0.148612,0.148612
57255,58139,57697,1.7,-105.197,39.9491,824.272,26.1256,316.263,1591.42,598.1,44786.4,0.224644,0.323656,190.732,199.672,212.477,227.63,222.011,212.859,239.936,72.0322,8.84559,2.96694,1.20377,0.444687,0.280408,0.198268,0.13029
57262,58214,57738,1.8,-105.197,39.9491,823.796,26.0524,316.238,1606.88,603.165,45055.9,0.224097,0.325811,192.947,201.711,213.995,229.441,223.7,216.776,242.453,71.9186,8.77394,2.81811,1.36142,0.467124,0.221269,0.175171,0.126001
58232,58250,58241,2,-105.198,39.9483,802.719,22.2832,314.577,1622.69,603.213,44474.1,0.221186,0.323291,197.121,203.008,219.889,232.445,222.938,220.27,244.467,69.5049,7.77357,2.81982,1.46707,0.628745,0.209582,0.0952643,0.0571586
58251,58272,58262,2.1,-105.198,39.9479,793.175,21.5959,314.917,1652.08,623.159,46577.7,0.224233,0.336564,193.386,202.544,220.761,239.011,231.235,226.351,251.096,73.5926,8.53319,3.18967,1.266,0.559014,0.279507,0.115091,0.164416
58273,58294,58284,2.2,-105.198,39.9472,784.085,21.1182,315.447,1693.73,638.281,47498.2,0.223247,0.345489,199.151,206.381,227.691,245.757,237.029,229.997,255.868,76.973,9.28814,3.34307,1.28453,0.510518,0.19762,0.148215,0.115278
58295,58314,58304,2.3,-105.198,39.9463,774.939,20.61,315.962,1522.17,579.473,43636.5,0.225911,0.314913,176.158,185.869,202.004,219.235,212.831,209.658,232.736,69.8477,8.46172,3.05776,1.19233,0.48078,0.307699,0.192312,0.134618
58315,58333,58324,2.4,-105.198,39.9453,766.088,19.9705,316.308,1350.27,501.858,36414.8,0.21768,0.26921,159.058,166.76,181.593,191.582,191.926,187.979,201.534,59.5395,6.95866,2.059,0.781658,0.266908,0.133454,0.0762593,0.0190648
58334,58352,58343,2.5,-105.198,39.9441,757.216,19.7505,317.121,1357.55,500.614,36379.6,0.21801,0.267139,160.368,168.233,188.394,194.974,186.534,190.85,200.48,57.2607,7.57721,1.72645,0.517936,0.249377,0.230194,0.0767313,0.0767313
58353,58371,58362,2.6,-105.198,39.943,748.553,19.4895,317.886,1253.19,461.618,33666.8,0.218796,0.245742,148.147,155.283,171.448,181.989,178.699,171.257,183.845,53.2787,6.16005,1.85567,0.65044,0.191306,0.191306,0.133914,0.0573918
58372,58389,58380,2.7,-105.198,39.9422,739.885,19.3894,318.838,1486.94,532.483,39321.9,0.221539,0.279626,192.892,196.983,209.157,217.683,204.098,192.468,202.365,58.5729,7.59876,2.88229,1.28997,0.564364,0.141091,0.100779,0.141091
58390,58407,58398,2.8,-105.198,39.9415,731.328,18.7439,319.19,1597.39,555.919,40585,0.219016,0.286994,214.763,223.174,230.143,231.748,216.348,201.801,209.969,56.5605,7.80144,2.88491,1.19866,0.507906,0.223479,0.121898,0.142214
58408,58425,58416,2.9,-105.198,39.9409,722.895,17.9917,319.422,1422.4,494.437,35894.3,0.217789,0.25614,196.861,194.991,204.198,207.552,189.218,178.486,188.242,51.6695,6.74834,2.74406,0.874032,0.365874,0.203263,0.182937,0.060979
58426,58444,58435,3,-105.198,39.9403,714.216,17.1347,319.588,1328.35,463.881,33937.7,0.219481,0.240098,181.649,182.075,188.886,193.549,177.509,172.478,172.13,49.9787,6.09497,2.2445,0.928757,0.348284,0.193491,0.193491,0.0967455
58445,58462,58454,3.1,-105.197,39.9397,706.102,16.5361,319.972,760.954,277.925,20408.5,0.220294,0.146995,92.8093,98.7573,105.095,107.331,104.008,107.925,108.336,31.1347,3.36369,1.25113,0.512758,0.164083,0.143572,0.061531,0.061531
58463,58481,58472,3.2,-105.197,39.9392,697.862,15.9295,320.371,667.423,260.826,19562.2,0.225004,0.144026,74.37,76.8801,84.5273,94.8597,93.1084,96.6693,107.702,33.3128,4.28085,0.934003,0.311334,0.155667,0.175126,0.097292,0.0389168
58482,58499,58490,3.3,-105.196,39.9387,689.725,15.2294,320.665,836.958,335.766,25417.8,0.227102,0.188221,88.8105,94.6711,102.97,112.622,117.991,126.925,139.978,45.4503,5.63518,1.02458,0.38934,0.122949,0.163933,0.122949,0.0819663
58500,58519,58510,3.4,-105.195,39.9377,681.877,14.5015,320.912,819.133,357.8,27463.4,0.230269,0.211007,74.6198,78.5802,92.812,104.86,111.985,132.565,158.641,55.7613,7.43977,1.22145,0.314617,0.166562,0.0555207,0.0555207,0.0555207
58520,58539,58530,3.5,-105.194,39.9367,673.735,13.624,321.029,824.858,386.789,30660.9,0.237811,0.235839,62.2096,72.5438,84.9411,99.7733,112.133,137.783,179.752,64.8861,8.84726,1.15237,0.33456,0.16728,0.0929334,0.148693,0.0929334
58540,58558,58549,3.6,-105.193,39.9359,665.498,12.6542,321.067,826.387,389.545,30485.4,0.234777,0.23897,62.2515,70.0769,84.4562,101.398,110.652,136.476,182.255,67.788,8.90145,1.42814,0.371709,0.136945,0.136945,0.0195636,0.0391273
58559,58579,58569,3.7,-105.192,39.9349,657.457,11.6905,321.1,792.745,376.368,29792,0.23747,0.231557,60.5301,65.3163,80.9204,96.044,107.271,131.807,172.997,67.06,8.43365,1.56574,0.444813,0.14234,0.0889626,0.0533775,0.0711701
58580,58597,58588,3.8,-105.191,39.9339,649.725,10.765,321.143,770.077,367.127,29039.2,0.237295,0.226593,57.2656,65.751,77.6848,92.2938,102.953,127.824,170.02,65.5838,8.25545,1.69289,0.355298,0.0835995,0.188099,0.104499,0.0208999
58598,58617,58608,3.9,-105.189,39.933,642.191,9.878,321.205,766.283,367.728,29400.1,0.239852,0.227708,59.1346,63.5791,75.6509,89.7565,102.845,126.65,171.924,66.1404,8.77603,1.0923,0.301323,0.0941634,0.112996,0.131829,0.0941634
58618,58634,58626,4,-105.188,39.932,634.275,8.92118,321.252,741.287,357.457,28243.8,0.237039,0.22189,54.6891,60.7903,72.5934,88.0794,98.0854,120.427,171.833,65.272,7.76519,1.06494,0.288421,0.17749,0.133118,0.0443725,0.0443725
58635,58653,58644,4.1,-105.187,39.9311,626.535,8.07895,321.426,808.848,405.306,32794.8,0.242741,0.256201,53.1718,63.9057,75.4761,92.742,104.412,134.164,195.381,77.9255,9.55897,1.31436,0.378376,0.119487,0.119487,0.0199145,0.159316
58654,58671,58662,4.2,-105.186,39.9299,618.87,7.24111,321.595,915.949,475.11,37939.1,0.23956,0.304393,50.9701,62.5838,78.9437,101.751,119.917,157.404,236.411,94.9467,11.0257,1.30208,0.294018,0.16801,0.147009,0.084005,0
58672,58688,58680,4.3,-105.185,39.9286,611.449,6.31588,321.637,939.97,498.666,40517.6,0.243756,0.323198,52.4237,61.9898,77.844,102.283,118.093,166.369,241.716,103.443,13.1115,1.78388,0.334477,0.28988,0.178388,0.044597,0.0668955
58689,58704,58696,4.4,-105.184,39.9273,604.094,5.45062,321.755,1008.25,544.774,44782.4,0.246611,0.355361,52.4931,65.5267,79.5169,106.373,127.586,175.703,270.382,113.954,13.7511,1.79362,0.597872,0.191319,0.119574,0.167404,0.0956595
58705,58723,58714,4.5,-105.183,39.9257,597.151,4.605,321.841,1014.78,548.139,44763.5,0.244994,0.358236,54.6003,63.2707,81.208,104.961,127.543,176.753,274.556,115.954,12.8459,2.27945,0.340852,0.149123,0.12782,0.106516,0.085213
58724,58741,58732,4.6,-105.183,39.924,589.406,3.59118,321.861,1033.16,559.137,45522.2,0.244245,0.364863,51.8423,62.6221,82.3285,107.12,131.075,180.815,284.093,118.803,11.9775,1.80793,0.293788,0.0451982,0.158194,0.0451982,0.135595
58742,58759,58750,4.7,-105.182,39.9223,582.006,2.72294,322.012,1070.18,598.087,48636.7,0.243961,0.396821,49.9497,59.8136,77.8522,105.417,130.775,187.007,307.445,136.292,13.3545,1.53137,0.563004,0.0900807,0.0225202,0.0450403,0.0225202
58760,58777,58768,4.8,-105.181,39.9208,575.012,2.15778,322.468,1097.46,651.145,54071,0.24912,0.44463,43.5969,53.2519,70.7462,96.0371,124.233,190.344,338.949,160.909,16.6185,2.13606,0.38449,0.0854422,0.0427211,0.0854422,0.0427211
58778,58795,58786,4.9,-105.18,39.9191,567.698,1.43556,322.797,992.557,588.945,49275.2,0.251001,0.404809,44.1639,51.1619,67.0139,88.2638,111.007,164.239,295.898,150.072,17.0042,3.07227,0.298693,0.213352,0.0640057,0.0640057,0.0213352
58796,58812,58804,5,-105.179,39.9174,560.839,0.65,322.99,864.302,536.872,46415,0.259364,0.381399,42.0794,46.4309,56.6147,72.5169,90.3329,131.797,243.158,152.279,24.2179,3.98695,0.569564,0.205043,0.0455651,0.0455651,0.0227826
58813,58829,58821,5.1,-105.177,39.9157,554.091,-0.212941,323.097,846.852,542.477,47404.2,0.262154,0.393324,39.9603,44.4079,55.3559,69.862,81.2434,119.47,238.872,164.585,27.9859,4.49325,0.410551,0.0912335,0.0684251,0.0456167,0
58830,58845,58838,5.2,-105.176,39.9141,546.93,-1.095,323.25,966.348,676.586,61243.4,0.271555,0.508818,38.0395,43.1438,50.7031,66.405,83.2979,128.483,281.346,224.567,42.0014,7.29191,0.777804,0.121532,0.0972255,0.0243064,0.0486127
58846,58864,58855,5.3,-105.174,39.9122,539.965,-1.96421,323.396,1031.25,749.906,68739,0.27499,0.571803,37.1286,40.8911,48.8709,63.4453,85.2966,131.79,307.717,257.151,48.7262,8.88937,1.03365,0.124038,0.0826919,0.0620189,0.0413459
58865,58882,58874,5.4,-105.172,39.9101,533.321,-2.88889,323.434,1043.53,767.018,70474.2,0.275642,0.58804,36.5692,38.5611,48.6073,65.2356,83.1413,132.745,312.126,263.432,51.855,10.1545,0.887706,0.0866055,0.0433027,0.0649541,0.0216514
58883,58901,58892,5.5,-105.17,39.9077,526.497,-3.85842,323.459,1029.82,759.331,69675.2,0.275276,0.582926,34.9559,38.9356,47.0386,63.3678,81.3586,128.91,306.11,268.672,50.3619,9.02617,0.759019,0.164112,0.10257,0.041028,0.020514
58902,58921,58912,5.6,-105.168,39.9053,519.748,-4.808,323.514,979.007,715.666,65862.6,0.276089,0.547008,34.5163,38.8382,45.6664,62.5397,77.3804,123.363,291.918,248.876,46.0611,8.64387,0.868333,0.0789394,0.0789394,0.118409,0.0592046
58922,58936,58929,5.7,-105.165,39.9032,513.702,-5.61,323.629,708.071,463.858,41500.4,0.268404,0.34098,37.16,39.3241,44.6553,55.7399,64.5285,95.9878,194.456,143.045,26.999,5.38397,0.52784,0.13196,0.052784,0.026392,0.052784
58937,58954,58946,5.8,-105.163,39.901,507.179,-5.91111,324.445,350.487,145.374,11317.1,0.233545,0.0834263,37.1819,37.9304,43.2137,46.0536,45.3491,53.9126,62.0358,21.4418,2.55364,0.396254,0.176113,0.0440283,0.0660424,0.0660424,0.0660424
58955,58970,58962,5.9,-105.161,39.8989,500.733,-6.77375,324.58,351.076,139.411,10305,0.221753,0.0782026,39.0581,39.6292,43.3786,46.7059,46.4327,53.5839,60.7102,19.1194,1.93677,0.372455,0.074491,0.0248303,0,0.0248303,0.0248303
58972,58990,58981,6,-105.158,39.8967,494.241,-7.71421,324.64,349.156,138.7,10309,0.222978,0.07775,39.8975,39.5207,41.928,46.3448,48.0613,52.185,59.2811,19.3836,1.82114,0.48145,0.0837304,0.104663,0.0209326,0.0209326,0.0209326
58991,59011,59001,6.1,-105.156,39.8941,487.853,-8.63381,324.722,345.261,136.402,10179.2,0.223878,0.0763567,39.6631,40.3093,42.4759,45.3266,46.3148,51.4082,58.744,18.2637,2.14755,0.361092,0.114029,0.0380097,0.0190049,0.0570146,0.0190049
59012,59030,59021,6.2,-105.153,39.8917,481.316,-9.64789,324.731,352.372,138.928,10589.4,0.228666,0.0772332,43.037,41.0759,42.9315,45.251,47.8024,52.6312,58.3455,18.8511,1.47603,0.484983,0.189776,0.0843448,0.105431,0.0632586,0.0421724
59031,59049,59040,6.3,-105.151,39.8892,475.368,-10.5011,324.83,340.845,134.473,10135.5,0.226117,0.0745439,39.4112,40.194,41.9075,43.8326,46.8788,52.2733,56.2927,17.1988,1.98854,0.380785,0.169238,0.148083,0.105774,0.0423094,0.0211547
59050,59068,59059,6.4,-105.148,39.8867,469.36,-11.3311,324.979,336.567,131.531,9849.34,0.224647,0.0725387,39.5998,39.5363,40.3406,47.1769,44.2138,50.5422,55.7276,17.059,1.65088,0.275146,0.190486,0.0846603,0.105825,0.0423301,0.0211651
59069,59088,59078,6.5,-105.146,39.8841,463.248,-12.079,325.264,314.521,122.994,9488.86,0.231447,0.0678808,37.6202,36.4332,39.1693,43.9975,42.2674,45.9691,50.4553,16.2551,1.48871,0.422473,0.18106,0.080471,0.0603533,0.0402355,0.080471
59089,59111,59100,6.6,-105.143,39.8812,456.883,-12.7352,325.736,294.119,115.267,8673.72,0.225746,0.0638929,35.2936,34.4879,36.5898,38.2713,39.69,43.1581,49.4636,15.0283,1.4713,0.280247,0.140124,0.122608,0.0525463,0.0525463,0.0175154
59112,59132,59122,6.7,-105.14,39.8782,451.291,-13.2724,326.213,267.353,107.7,8179.93,0.227853,0.0604157,31.2031,29.7594,30.8951,34.3407,35.3417,43.9654,45.8133,13.8787,1.3667,0.481232,0.115496,0.0769971,0.0384986,0.0577479,0.0192493
59133,59151,59142,6.8,-105.138,39.8754,445.521,-13.5974,327.003,240.42,95.1328,7126.22,0.224725,0.0527379,27.2485,27.2485,28.8826,32.6176,33.1057,36.4163,41.1063,12.0751,1.16719,0.254659,0.12733,0.0636648,0.0424432,0.0636648,0
59152,59172,59162,6.9,-105.136,39.873,439.007,-14.0819,327.766,190.56,72.8732,5353.32,0.220382,0.0397045,23.7862,23.304,23.304,24.5965,25.3296,29.5544,30.6347,8.83544,0.733072,0.250788,0.115748,0.0771654,0.0192914,0.0192914,0
59173,59193,59183,7,-105.133,39.8706,433.305,-14.6862,328.223,199.4,77.9304,5876.91,0.226237,0.043139,23.5618,23.0809,25.4852,26.1391,27.3894,28.9666,33.3519,9.9825,0.923237,0.307746,0.0769364,0.0384682,0.0384682,0.0384682,0.0192341
59194,59216,59205,7.1,-105.131,39.8683,427.827,-14.9335,329.11,198.385,80.1998,5981.64,0.223753,0.044898,20.9373,21.2015,23.3146,26.1144,28.4917,32.084,34.021,10.7416,1.02133,0.299356,0.0176092,0.0528276,0.0704368,0,0.0176092
59217,59235,59226,7.2,-105.128,39.866,422.443,-15.4163,329.685,165.235,63.0895,4532.06,0.215506,0.034515,20.3155,19.0992,20.0381,22.4709,22.1508,25.5011,26.9096,7.61833,0.853594,0.213399,0.0426797,0.0213399,0,0,0
59236,59256,59246,7.3,-105.126,39.8642,416.761,-16.1486,330.02,154.95,58.6943,4271.94,0.218349,0.0317003,20.0186,17.652,18.4086,21.2019,21.1437,24.7711,23.9176,6.75045,0.775914,0.174581,0.0387957,0.0581936,0.0193979,0.0193979,0
59257,59275,59266,7.4,-105.123,39.8625,411.343,-16.7953,330.42,133.811,51.2405,3854.49,0.22567,0.0279884,16.4829,16.6542,16.697,17.1465,17.7031,21.2993,20.5501,6.22925,0.770629,0.149845,0.0642191,0,0.0214064,0.0214064,0.0214064
59276,59292,59284,7.5,-105.121,39.8609,406.162,-17.4224,330.805,137.717,53.7368,3911.24,0.218355,0.0296825,16.5578,14.998,17.0617,17.4936,19.4614,21.6931,22.5089,6.91106,0.791892,0.14398,0.0479935,0.0239967,0.0239967,0,0
59293,59312,59302,7.6,-105.119,39.8591,400.637,-18.32,330.946,167.262,65.8295,4789.67,0.218276,0.0366012,18.3348,19.3568,21.3599,21.3191,21.4621,26.3882,29.5155,8.76881,0.551883,0.143081,0.0408803,0,0,0.0204401,0
59313,59332,59322,7.7,-105.117,39.8573,394.981,-19.2475,331.081,159.9,62.4885,4570.27,0.219413,0.0342936,18.0635,17.4059,20.1185,21.6187,21.7625,24.8656,27.6398,7.50078,0.678152,0.10275,0.0822003,0.0205501,0.0205501,0.0205501,0
59333,59353,59343,7.8,-105.115,39.8555,389.664,-19.94,331.456,122.647,46.8792,3389.29,0.216895,0.0254892,14.8574,14.406,14.1508,16.8397,16.6826,19.607,19.5874,5.9665,0.372906,0.11776,0.0392533,0,0,0.0196266,0
59354,59373,59364,7.9,-105.113,39.8536,384.421,-20.4845,332.023,109.779,42.3688,3088.92,0.218717,0.0232141,13.7947,12.3285,13.423,13.2164,15.4467,17.8629,17.8629,5.16267,0.536918,0.0826028,0.0206507,0.0206507,0,0.0206507,0
59374,59403,59388,8,-105.11,39.8512,379.049,-21.0307,332.646,117.375,45.1584,3238.85,0.215166,0.0246334,13.0306,13.7577,14.5133,16.3667,15.6681,18.0632,19.7883,5.60287,0.47047,0.0570267,0,0.0285134,0.0285134,0,0
59404,59427,59416,8.1,-105.107,39.849,374.462,-21.6767,332.951,100.38,38.3847,2744.52,0.214501,0.0209838,11.8428,11.4463,12.7737,13.1874,13.9114,15.6008,16.118,4.82677,0.603346,0.0344769,0.0344769,0,0,0,0
59428,59445,59436,8.2,-105.104,39.8473,369.376,-22.3644,333.337,101.191,37.3773,2686.02,0.215587,0.0198608,12.0252,12.6,12.8989,14.8992,12.9219,15.9109,15.2901,4.09269,0.390875,0.114963,0,0.0229927,0,0.0229927,0
59446,59463,59454,8.3,-105.102,39.846,364.422,-23.1756,333.541,101.723,37.6461,2708.26,0.21582,0.0200362,12.0409,12.7587,13.6155,14.5186,13.4303,15.0512,15.3059,4.37641,0.416801,0.0926225,0.0694669,0.0231556,0.0231556,0,0
59464,59485,59474,8.4,-105.099,39.8444,359.096,-24.0286,333.804,105.348,40.8266,2973.9,0.218527,0.0223375,11.9542,11.6695,12.9788,14.4968,15.5214,16.1097,16.7358,5.06629,0.550271,0.170774,0.0758995,0,0.0189749,0,0
59486,59512,59499,8.5,-105.096,39.8423,354.199,-24.8244,334.052,102.833,37.2938,2658.51,0.213856,0.0195027,13.3712,12.4416,13.4797,14.7966,13.5726,15.6953,15.1375,3.68754,0.449322,0.0774693,0.0774693,0.0309877,0.0154939,0,0
59513,59533,59523,8.6,-105.093,39.8403,349.85,-25.5557,334.243,97.6439,36.5928,2739.36,0.224582,0.0197465,11.9433,12.5625,12.922,13.6809,12.3028,14.5198,14.4199,4.61357,0.439387,0.119833,0.0599165,0.0399443,0,0,0.0199722
