data/B2SAP/Locations/Boulder/NOAA-POPS-B2SAP_GMLBalloon_20230328_R0.ict
61,1001
Thornberry, T. D.
NOAA Chemical Sciences Laboratory
Portable Optical Particle Spectrometer (POPS)
Balloon Baseline Stratospheric Aerosol Profiles (B2SAP)
1,1
2023,03,28,2024,05,28
0
TIME_START,s,Seconds since midnight UTC on flight start day,Start time of 100 m altitude bin in UTC_seconds_since_midnight
28
1.0,1.0,1.0,1.0,1.0,1.0,1.0,1.0,1.0,1.0,1.0,1.0,1.0,1.0,1.0,1.0,1.0,1.0,1.0,1.0,1.0,1.0,1.0,1.0,1.0,1.0,1.0,1.0
99999,99999,99999,99999,99999,99999,99999,99999,99999,99999,99999,99999,99999,99999,99999,99999,99999,99999,99999,99999,99999,99999,99999,99999,99999,99999,99999,99999
TIME_STOP,s,End time of 100 m altitude bin in UTC seconds since midnight,
TIME_MID,s,Mid time of 100 m altitude in UTC seconds since midnight,
GPSAlt,m,GPS reported altitude above sea level (m),
GPS_Lon,deg,GPS reported longitude,
GPS_Lat,deg,GPS reported latitude,
iMet_Pressure,mb,Pressure reported (mB),
iMet_Temperature,degrees C,Ambient temperature (oC),
THETA,K,Potential temperature from iMet,
Aerosol_concentration,cm^-3,Aerosol concentration,
Surface_Area_Conc,um^2 cm^-3,Surface area concentration,
Volume_density,um^3 cm^-3,Volume density,
Effective_radius,um,Effective radius,
Extinction,km^-1,Extinction,
Bin01,cm^-3,particle concentration in size range [140 - 170 nm],
Bin02,cm^-3,particle concentration in size range [170 - 205 nm],
Bin03,cm^-3,particle concentration in size range [205 - 249 nm],
Bin04,cm^-3,particle concentration in size range [249 - 302 nm],
Bin05,cm^-3,particle concentration in size range [302 - 366 nm],
Bin06,cm^-3,particle concentration in size range [366 - 443 nm],
Bin07,cm^-3,particle concentration in size range [443 - 537 nm],
Bin08,cm^-3,particle concentration in size range [537 - 651 nm],
Bin09,cm^-3,particle concentration in size range [651 - 789 nm],
Bin10,cm^-3,particle concentration in size range [789 - 956 nm],
Bin11,cm^-3,particle concentration in size range [956 - 1159 nm],
Bin12,cm^-3,particle concentration in size range [1159 - 1404 nm],
Bin13,cm^-3,particle concentration in size range [1404 - 1702 nm],
Bin14,cm^-3,particle concentration in size range [1702 - 2062 nm],
Bin15,cm^-3,particle concentration in size range [2062 - 2500 nm],
0
19
PI_CONTACT_INFO: 325 Broadway R/CSL6, Boulder, CO 80305; troy.thornberry@noaa.gov; 303-497-3373 
PLATFORM: GML ECC/FPH balloon
LOCATION: Boulder, CO, USA
ASSOCIATED_DATA: N/A
INSTRUMENT_INFO: Printed Optical Particle Spectrometer counts particles from 140 - 2500 nm in diameter 
DATA_INFO: Particle concentrations reported in number per cubic centimeter, binned to 100 m altitude
UNCERTAINTY: Counting uncertainty dominated by air flow, less than 5 percent
ULOD_FLAG: -77777
ULOD_VALUE: 3000 ~3000 per cm3 (varies depending on flow rate- manufacturer quotes 1250  per cm3 at 1.667 cc/s)
LLOD_FLAG: -88888
LLOD_VALUE: 0 0 (varies depending on data field and measurement precision)
DM_CONTACT_INFO: Troy Thornberry, 325 Broadway R/CSL6, Boulder, CO 80305; troy.thornberry@noaa.gov; 303-497-3373
PROJECT_INFO: B2SAP Boulder, CO, USA
STIPULATIONS_ON_USE: Please contact the PIs for questions regarding applications and uncertainties
OTHER_COMMENTS: POPS bin Edges (nm):  140, 170, 205, 249, 302, 366, 443, 537, 651, 789, 956, 1159, 1404, 1702, 2062, 2500
Calculations assume sulfate refractive index of 1.45+0.00j and extinction wavelength = 532 nm
REVISION: R0
R0: QA/QC data
TIME_START,TIME_STOP,TIME_MID,GPSAlt,GPS_Lon,GPS_Lat,iMet_Pressure,iMet_Temperature,THETA,Aerosol_concentration,Surface_Area_Conc,Volume_density,Effective_radius,Extinction,Bin01,Bin02,Bin03,Bin04,Bin05,Bin06,Bin07,Bin08,Bin09,Bin10,Bin11,Bin12,Bin13,Bin14,Bin15
[from data line 221]
65133,65156,65144,24,-103.344,39.9248,27.5353,-51.9735,617.284,1.18075,0.203642,10.2415,0.150875,5.79611e-05,0.4723,0.177112,0.216471,0.137754,0.0787167,0.0787167,0,0.0196792,0,0,0,0,0,0,0
65157,65179,65168,24.1,-103.344,39.9242,27.1235,-51.9765,619.942,0.931731,0.126345,5.15809,0.122476,2.1815e-05,0.356833,0.277537,0.138768,0.0792963,0.0396481,0.0396481,0,0,0,0,0,0,0,0,0
65182,65205,65194,24.2,-103.343,39.9242,26.6659,-51.3018,624.863,1.33004,0.210826,10.5566,0.150217,6.31604e-05,0.674947,0.277919,0.0794055,0.119108,0.0595541,0.0595541,0.0595541,0,0,0,0,0,0,0,0
65206,65231,65218,24.3,-103.342,39.9245,26.245,-51.6619,626.691,0.971166,0.157128,7.2957,0.139295,3.81005e-05,0.323722,0.194233,0.258978,0.0647444,0.0647444,0.0431629,0.0215815,0,0,0,0,0,0,0,0
65232,65256,65244,24.4,-103.341,39.9249,25.7993,-52.3827,627.715,1.06527,0.178927,8.48814,0.142317,4.57538e-05,0.46316,0.162106,0.11579,0.092632,0.185264,0.023158,0.023158,0,0,0,0,0,0,0,0
65257,65283,65270,24.5,-103.339,39.9249,25.3673,-52.9673,629.079,1.06513,0.203298,12.2982,0.181481,8.88966e-05,0.497061,0.260365,0.118348,0.0236696,0.0236696,0.0236696,0.0946783,0.0236696,0,0,0,0,0,0,0
65284,65309,65296,24.6,-103.338,39.9247,24.9889,-53.4916,630.282,1.32039,0.211298,10.3526,0.146986,5.79519e-05,0.528156,0.282941,0.20749,0.150902,0.0754508,0.0377254,0.0188627,0.0188627,0,0,0,0,0,0,0
65310,65336,65323,24.7,-103.337,39.9248,24.5859,-54.3647,630.703,1.04521,0.18004,9.1051,0.151718,5.1754e-05,0.319963,0.298632,0.149316,0.149316,0.0426618,0.0639926,0,0.0213309,0,0,0,0,0,0,0
65339,65365,65352,24.8,-103.337,39.9251,24.1633,-55.1761,631.481,1.15225,0.178742,8.8077,0.147828,5.02026e-05,0.637853,0.185183,0.0411518,0.0617277,0.185183,0.0205759,0,0.0205759,0,0,0,0,0,0,0
65366,65394,65380,24.9,-103.335,39.9253,23.7762,-55.6452,633.041,1.25937,0.241671,13.0136,0.161545,8.07431e-05,0.478916,0.195114,0.212852,0.124164,0.106426,0.0886882,0.0354753,0.0177376,0,0,0,0,0,0,0
65395,65422,65408,25,-103.334,39.9248,23.4284,-54.4274,639.262,1.08755,0.213044,11.8907,0.167441,7.70799e-05,0.395473,0.237284,0.158189,0.0790947,0.0790947,0.0790947,0.0395473,0.0197737,0,0,0,0,0,0,0
65426,65451,65438,25.1,-103.334,39.9239,23.0306,-54.5482,642.054,0.987156,0.171763,8.37021,0.146194,4.65137e-05,0.314095,0.246789,0.179483,0.0673061,0.0897415,0.0673061,0.0224354,0,0,0,0,0,0,0,0
65452,65483,65468,25.2,-103.333,39.9237,22.6625,-54.357,645.572,0.991991,0.129836,5.17073,0.119475,2.07773e-05,0.381535,0.343382,0.076307,0.133537,0.0190768,0.0381535,0,0,0,0,0,0,0,0,0
65486,65511,65498,25.3,-103.332,39.9244,22.2824,-53.2288,652.056,1.07829,0.182686,8.64908,0.142032,4.54138e-05,0.344136,0.229424,0.183539,0.206482,0.0229424,0.0688273,0.0229424,0,0,0,0,0,0,0,0
65512,65538,65525,25.4,-103.331,39.9249,21.9458,-52.3795,657.414,0.963348,0.113277,4.68468,0.124067,2.24005e-05,0.594406,0.184471,0.0819871,0.0614903,0,0.0204968,0.0204968,0,0,0,0,0,0,0,0
65540,65565,65552,25.5,-103.33,39.9256,21.5677,-51.7169,662.681,0.543862,0.0974907,4.81799,0.14826,2.71995e-05,0.181287,0.0604291,0.120858,0.120858,0.0302146,0,0.0302146,0,0,0,0,0,0,0,0
65566,65588,65577,25.6,-103.33,39.9263,21.2322,-51.8639,665.202,0.999033,0.162435,7.71386,0.142467,4.17841e-05,0.333011,0.266409,0.199807,0.0666022,0.0444015,0.0666022,0.0222007,0,0,0,0,0,0,0,0
65589,65619,65604,25.7,-103.329,39.9269,20.9313,-52.1281,667.131,1.10816,0.159993,6.84949,0.128433,3.15662e-05,0.453339,0.176298,0.226669,0.176298,0.0503709,0,0.0251855,0,0,0,0,0,0,0,0
65620,65647,65634,25.8,-103.329,39.9274,20.5487,-52.2333,670.331,0.899702,0.110593,4.14316,0.11239,1.49469e-05,0.436219,0.190846,0.136318,0.0545274,0.0817911,0,0,0,0,0,0,0,0,0,0
65650,65808,65729,25.9,-103.328,39.9275,20.1343,-52.2238,674.294,0.808012,0.111909,4.81477,0.129072,2.32621e-05,0.335029,0.216784,0.118246,0.0591228,0.0591228,0,0.0197076,0,0,0,0,0,0,0,0
65678,65807,65742,26,-103.328,39.9273,19.7938,-52.4619,676.844,0.96761,0.142924,6.3945,0.134222,3.2154e-05,0.454185,0.157977,0.13823,0.0987358,0.0789886,0.0197472,0.0197472,0,0,0,0,0,0,0,0
65712,65806,65759,26.1,-103.328,39.9274,19.512,-52.8953,678.294,0.927459,0.150081,6.82306,0.136388,3.44128e-05,0.224838,0.309153,0.140524,0.140524,0.0843144,0,0.0281048,0,0,0,0,0,0,0,0
65742,65769,65756,26.2,-103.328,39.9278,19.2461,-52.7686,681.338,0.9028,0.129548,5.75318,0.133229,2.89076e-05,0.397844,0.229525,0.107112,0.0612068,0.0612068,0.0306034,0.0153017,0,0,0,0,0,0,0,0
65771,65775,65773,26.3,-103.328,39.9285,19.018,-52.992,682.957,0.857765,0.105806,4.04941,0.114816,1.53416e-05,0.514659,0.0857765,0.0857765,0.0857765,0.0857765,0,0,0,0,0,0,0,0,0,0
65818,65818,65818,25.2,-103.327,39.9307,21.49,-51.31,664.578,0,0,0,99999,0,0,0,0,0,0,0,0,0,0,0,0,0,0,0,0
65827,65827,65827,24.5,-103.326,39.9308,23.94,-53.09,639.223,0.725041,0.118404,4.72763,0.119783,1.60798e-05,0,0.362521,0,0.362521,0,0,0,0,0,0,0,0,0,0,0
65834,65834,65834,24,-103.326,39.9308,25.9,-49.96,633.882,1.9877,1.02594,87.5343,0.255963,0.000736951,0.331283,0.331283,0,0.331283,0,0.331283,0,0.662566,0,0,0,0,0,0,0
65838,65838,65838,23.8,-103.326,39.9308,27.11,-50.81,623.294,0.324632,0.0227941,0.567954,0.07475,6.32719e-07,0.324632,0,0,0,0,0,0,0,0,0,0,0,0,0,0
65839,65839,65839,23.6,-103.326,39.9309,27.42,-51.15,620.332,3.90154,2.56863,445.986,0.520885,0.00130305,2.2759,0.325129,0,0.325129,0,0.325129,0,0.325129,0,0,0,0,0.325129,0,0
65841,65841,65841,23.5,-103.326,39.9309,28.09,-51.34,615.533,0.953519,0.145645,5.35246,0.11025,1.48715e-05,0,0,0.953519,0,0,0,0,0,0,0,0,0,0,0,0
65843,65843,65843,23.3,-103.325,39.931,28.7,-51.54,611.204,1.24359,0.24678,13.3444,0.162222,8.29717e-05,0.310896,0.621793,0,0,0,0.310896,0,0,0,0,0,0,0,0,0
65859,65859,65859,22.1,-103.324,39.9314,33.96,-52.36,580.379,0.840627,0.175464,8.32702,0.142371,4.14059e-05,0.280209,0,0,0.280209,0.280209,0,0,0,0,0,0,0,0,0,0
65868,65868,65868,21.8,-103.323,39.9314,37.21,-53.43,562.669,5.51884,7.12923,2018.18,0.849254,0.00456963,2.75942,0.551884,0.551884,0,0,0,0.275942,0.827826,0,0,0,0.275942,0,0,0.275942
65891,65891,65891,20.5,-103.32,39.9319,46.19,-56.94,520.51,3.77491,5.31153,884.62,0.499641,0.00349916,0.539273,0,0.269636,0.269636,0.539273,0.269636,0.539273,0.269636,0,0.539273,0,0.269636,0.269636,0,0
65900,65900,65900,20.1,-103.319,39.9321,49.97,-56.01,511.133,2.23377,0.30897,11.8541,0.1151,4.39157e-05,0,1.67532,0.279221,0,0.279221,0,0,0,0,0,0,0,0,0,0
65925,65925,65925,18.7,-103.314,39.9328,61.53,-59.54,473.805,3.40602,0.685669,35.0985,0.153566,0.000200664,0.851505,0.851505,0.56767,0.283835,0.283835,0.56767,0,0,0,0,0,0,0,0,0
65957,65957,65957,17.4,-103.305,39.9327,77.91,-57.88,446.341,2.74615,0.546038,28.664,0.157484,0.000170629,0.610255,0.915382,0.610255,0,0,0.610255,0,0,0,0,0,0,0,0,0
65964,65964,65964,17.1,-103.302,39.9326,81.88,-57.56,440.705,6.34013,2.01901,153.317,0.22781,0.00115867,1.00107,1.66846,1.00107,1.00107,0,0.667382,0.667382,0,0.333691,0,0,0,0,0,0
65994,65994,65994,15.8,-103.29,39.9328,99.38,-57.93,416.268,2.04771,0.745735,56.9473,0.229092,0.000454826,0.682569,0.341284,0,0,0.341284,0.341284,0,0.341284,0,0,0,0,0,0,0
65997,65999,65998,15.7,-103.288,39.9329,101.84,-57.94,413.344,6.97342,1.91124,157.464,0.247165,0.00107641,2.61503,1.04601,1.22035,0.523007,0.523007,0.348671,0.174336,0.348671,0,0.174336,0,0,0,0,0
66000,66000,66000,15.6,-103.288,39.933,103.08,-58.31,411.211,1.99584,0.162276,4.41058,0.0815385,6.41578e-06,1.33056,0.665279,0,0,0,0,0,0,0,0,0,0,0,0,0
66045,66045,66045,14,-103.267,39.9342,133.36,-58.84,381.096,5.89281,1.02319,53.5132,0.156901,0.000331911,2.77309,0.693271,1.03991,0.693271,0,0.346636,0.346636,0,0,0,0,0,0,0,0
66048,66048,66048,13.9,-103.266,39.9342,135.47,-58.05,380.794,6.21653,1.23872,70.5237,0.170799,0.000486137,2.07218,1.72681,1.03609,0,0.690725,0,0.690725,0,0,0,0,0,0,0,0
66096,66096,66096,12.5,-103.245,39.9342,171.77,-60.99,350.959,8.53428,1.05807,41.373,0.117307,0.000165179,3.65755,2.43837,1.62558,0.406394,0,0.406394,0,0,0,0,0,0,0,0,0
66203,66203,66203,9.7,-103.204,39.9317,269.54,-53.9,318.879,53.8846,7.05119,302.759,0.128812,0.00144944,26.7196,12.4692,8.01588,1.33598,3.56262,1.33598,0,0.445327,0,0,0,0,0,0,0
