data/B2SAP/Locations/Boulder/NOAA-POPS-B2SAP_GMLBalloon_20201201_R0.ict
61,1001
Thornberry, T. D.
NOAA Chemical Sciences Laboratory
Portable Optical Particle Spectrometer (POPS)
Balloon Baseline Stratospheric Aerosol Profiles (B2SAP)
1,1
2020,12,01,2024,05,30
0
TIME_START,s,Seconds since midnight UTC on flight start day,Start time of 100 m altitude bin in UTC_seconds_since_midnight
28
1.0,1.0,1.0,1.0,1.0,1.0,1.0,1.0,1.0,1.0,1.0,1.0,1.0,1.0,1.0,1.0,1.0,1.0,1.0,1.0,1.0,1.0,1.0,1.0,1.0,1.0,1.0,1.0
99999,99999,99999,99999,99999,99999,99999,99999,99999,99999,99999,99999,99999,99999,99999,99999,99999,99999,99999,99999,99999,99999,99999,99999,99999,99999,99999,99999
TIME_STOP,s,End time of 100 m altitude bin in UTC seconds since midnight,
TIME_MID,s,Mid time of 100 m altitude in UTC seconds since midnight,
GPSAlt,m,GPS reported altitude above sea level (m),
GPS_Lon,deg,GPS reported longitude,
GPS_Lat,deg,GPS reported latitude,
iMet_Pressure,mb,Pressure reported (mB),
iMet_Temperature,degrees C,Ambient temperature (oC),
THETA,K,Potential temperature from iMet,
Aerosol_concentration,cm^-3,Aerosol concentration,
Surface_Area_Conc,um^2 cm^-3,Surface area concentration,
Volume_density,um^3 cm^-3,Volume density,
Effective_radius,um,Effective radius,
Extinction,km^-1,Extinction,
Bin01,cm^-3,particle concentration in size range [140 - 170 nm],
Bin02,cm^-3,particle concentration in size range [170 - 205 nm],
Bin03,cm^-3,particle concentration in size range [205 - 249 nm],
Bin04,cm^-3,particle concentration in size range [249 - 302 nm],
Bin05,cm^-3,particle concentration in size range [302 - 366 nm],
Bin06,cm^-3,particle concentration in size range [366 - 443 nm],
Bin07,cm^-3,particle concentration in size range [443 - 537 nm],
Bin08,cm^-3,particle concentration in size range [537 - 651 nm],
Bin09,cm^-3,particle concentration in size range [651 - 789 nm],
Bin10,cm^-3,particle concentration in size range [789 - 956 nm],
Bin11,cm^-3,particle concentration in size range [956 - 1159 nm],
Bin12,cm^-3,particle concentration in size range [1159 - 1404 nm],
Bin13,cm^-3,particle concentration in size range [1404 - 1702 nm],
Bin14,cm^-3,particle concentration in size range [1702 - 2062 nm],
Bin15,cm^-3,particle concentration in size range [2062 - 2500 nm],
0
19
PI_CONTACT_INFO: 325 Broadway R/CSL6, Boulder, CO 80305; troy.thornberry@noaa.gov; 303-497-3373 
PLATFORM: GML ECC/FPH balloon
LOCATION: Boulder, CO, USA
ASSOCIATED_DATA: N/A
INSTRUMENT_INFO: Printed Optical Particle Spectrometer counts particles from 140 - 2500 nm in diameter 
DATA_INFO: Particle concentrations reported in number per cubic centimeter, binned to 100 m altitude
UNCERTAINTY: Counting uncertainty dominated by air flow, less than 5 percent
ULOD_FLAG: -77777
ULOD_VALUE: 3000 ~3000 per cm3 (varies depending on flow rate- manufacturer quotes 1250  per cm3 at 1.667 cc/s)
LLOD_FLAG: -88888
LLOD_VALUE: 0 0 (varies depending on data field and measurement precision)
DM_CONTACT_INFO: Troy Thornberry, 325 Broadway R/CSL6, Boulder, CO 80305; troy.thornberry@noaa.gov; 303-497-3373
PROJECT_INFO: B2SAP Boulder, CO, USA
STIPULATIONS_ON_USE: Please contact the PIs for questions regarding applications and uncertainties
OTHER_COMMENTS: POPS bin Edges (nm):  140, 170, 205, 249, 302, 366, 443, 537, 651, 789, 956, 1159, 1404, 1702, 2062, 2500
Calculations assume sulfate refractive index of 1.45+0.00j and extinction wavelength = 532 nm
REVISION: R0
R0: QA/QC data
TIME_START,TIME_STOP,TIME_MID,GPSAlt,GPS_Lon,GPS_Lat,iMet_Pressure,iMet_Temperature,THETA,Aerosol_concentration,Surface_Area_Conc,Volume_density,Effective_radius,Extinction,Bin01,Bin02,Bin03,Bin04,Bin05,Bin06,Bin07,Bin08,Bin09,Bin10,Bin11,Bin12,Bin13,Bin14,Bin15
[from data line 222]
65100,65122,65111,23.9,-104.901,39.7249,28.5052,-53.6762,606.5,2.97282,0.930484,65.2372,0.210333,0.000468771,0.419826,0.578679,0.499252,0.374439,0.374439,0.306359,0.283666,0.113466,0,0.0226933,0,0,0,0,0
65123,65147,65135,24,-104.9,39.7233,28.011,-54.1438,608.25,2.94158,0.98912,70.2749,0.213144,0.00051478,0.461425,0.357604,0.392211,0.403747,0.645995,0.242248,0.276855,0.103821,0.0461425,0.0115356,0,0,0,0,0
65147,65170,65158,24.1,-104.899,39.7218,27.5348,-54.2486,610.938,3.05213,1.15764,89.5607,0.232096,0.000657984,0.363908,0.399125,0.434342,0.45782,0.493037,0.305213,0.410864,0.11739,0.0234779,0.0469559,0,0,0,0,0
65171,65196,65184,24.2,-104.897,39.7196,27.0672,-54.258,613.914,2.58936,0.758573,47.4281,0.187568,0.000330645,0.277786,0.396837,0.505967,0.486125,0.297628,0.376995,0.158735,0.0892883,0,0,0,0,0,0,0
65197,65221,65209,24.3,-104.896,39.7166,26.6512,-54.3712,616.314,2.62358,0.845046,62.4656,0.221759,0.000405722,0.370505,0.440601,0.400546,0.320437,0.510697,0.230314,0.260355,0.060082,0.0100137,0.0100137,0.0100137,0,0,0,0
65222,65247,65234,24.4,-104.896,39.7131,26.1908,-54.2754,619.665,2.41555,0.877914,67.0536,0.229135,0.000452226,0.253243,0.321424,0.389605,0.301944,0.467526,0.282464,0.292204,0.0681809,0.0194802,0.00974012,0.00974012,0,0,0,0
65248,65273,65260,24.5,-104.895,39.7096,25.7532,-54.3696,622.386,2.52419,0.863301,61.3812,0.213302,0.000441652,0.278176,0.319388,0.381205,0.453325,0.453325,0.257571,0.257571,0.0927255,0.0103028,0.0206057,0,0,0,0,0
65274,65297,65286,24.6,-104.894,39.7064,25.3525,-54.5625,624.623,2.2379,0.725266,49.8734,0.206297,0.000359122,0.302711,0.259466,0.410822,0.367577,0.335144,0.270277,0.162166,0.118922,0,0.0108111,0,0,0,0,0
65298,65321,65310,24.7,-104.893,39.7035,24.9488,-54.6638,627.214,2.32439,0.79499,56.6302,0.213702,0.000431865,0.296031,0.306995,0.471456,0.317959,0.350851,0.131569,0.285067,0.131569,0.0328923,0,0,0,0,0,0
65322,65343,65332,24.8,-104.891,39.7012,24.4927,-54.8136,630.083,2.28392,0.721663,45.902,0.190818,0.000327054,0.253769,0.253769,0.338359,0.410865,0.495455,0.205432,0.302106,0.0120843,0.0120843,0,0,0,0,0,0
65344,65365,65354,24.9,-104.89,39.6994,24.1233,-55.251,631.572,2.35445,0.829267,58.1132,0.210233,0.000440123,0.270183,0.360244,0.308781,0.360244,0.347378,0.308781,0.21872,0.167256,0.0128659,0,0,0,0,0,0
65366,65387,65376,25,-104.889,39.6975,23.7705,-55.5223,633.438,2.21432,0.769375,54.4024,0.21213,0.000398022,0.125103,0.362798,0.387819,0.425349,0.312757,0.225185,0.262716,0.0875719,0.0125103,0.0125103,0,0,0,0,0
65388,65408,65398,25.1,-104.888,39.6957,23.275,-56.2,635.283,2.06878,0.685031,47.5624,0.208293,0.000352976,0.222151,0.402649,0.305458,0.208267,0.430418,0.180498,0.222151,0.0555378,0.0416534,0,0,0,0,0,0
65409,65431,65420,25.2,-104.887,39.6938,22.8943,-56.5622,637.211,2.03689,0.658644,43.0803,0.196223,0.000315312,0.182954,0.304924,0.304924,0.414696,0.31712,0.182954,0.256136,0.0731816,0,0,0,0,0,0,0
65432,65452,65442,25.3,-104.886,39.6916,22.5355,-57.141,638.381,2.01146,0.55315,34.3206,0.186137,0.000240926,0.299579,0.399439,0.370907,0.242516,0.285313,0.199719,0.156922,0.0570627,0,0,0,0,0,0,0
65453,65472,65462,25.4,-104.886,39.6898,22.1687,-57.2844,640.963,2.62194,0.873842,58.9219,0.202286,0.00044034,0.37973,0.3074,0.325483,0.470142,0.470142,0.216988,0.3074,0.144659,0,0,0,0,0,0,0
65473,65494,65484,25.5,-104.886,39.6879,21.765,-57.7764,642.858,2.2141,0.737515,53.87,0.219128,0.000392872,0.226745,0.466829,0.346787,0.306773,0.333449,0.226745,0.160056,0.0933657,0.0400139,0.013338,0,0,0,0,0
65495,65516,65506,25.6,-104.885,39.6858,21.4065,-58.149,644.813,1.84966,0.656525,47.6194,0.217598,0.000347511,0.178999,0.268499,0.283416,0.253583,0.372916,0.193916,0.193916,0.0745831,0.0149166,0.0149166,0,0,0,0,0
65517,65539,65528,25.7,-104.885,39.6836,20.9865,-58.4365,647.592,2.12428,0.801979,66.4613,0.248615,0.000437069,0.211108,0.356245,0.290274,0.409023,0.27708,0.211108,0.211108,0.105554,0.0263886,0.0131943,0.0131943,0,0,0,0
65540,65562,65551,25.8,-104.884,39.6808,20.684,-57.7605,652.347,2.04024,0.829373,65.4849,0.236871,0.000503645,0.214762,0.337483,0.306802,0.214762,0.214762,0.291462,0.291462,0.0920407,0.0613605,0.0153401,0,0,0,0,0
65564,65588,65576,25.9,-104.883,39.6772,20.3652,-56.4128,659.341,1.94918,0.759218,58.0402,0.229342,0.000443762,0.235888,0.322794,0.248303,0.186228,0.285549,0.260719,0.260719,0.0993213,0.0372455,0.0124152,0,0,0,0,0
65589,65615,65602,26,-104.882,39.6737,19.9474,-56.5163,662.946,2.15358,0.744214,51.699,0.208404,0.000382386,0.219989,0.266303,0.324195,0.335773,0.463135,0.231568,0.173676,0.104205,0.0347351,0,0,0,0,0,0
65616,65644,65630,26.1,-104.879,39.6702,19.6224,-56.5314,666.012,2.01555,0.652186,46.4252,0.213552,0.000327386,0.187237,0.319404,0.352445,0.407515,0.297376,0.25332,0.0770974,0.0660835,0.0440557,0.0110139,0,0,0,0,0
65645,65677,65661,26.2,-104.876,39.6659,19.3294,-55.7631,671.25,2.06417,0.623654,40.6547,0.195564,0.000297612,0.302073,0.372557,0.271866,0.362488,0.281935,0.161106,0.231589,0.0805528,0,0,0,0,0,0,0
65678,65706,65692,26.3,-104.873,39.6615,18.9588,-56.1204,673.869,1.81198,0.51347,33.1875,0.193901,0.000242425,0.319011,0.357292,0.331771,0.229688,0.153125,0.165886,0.191406,0.0638022,0,0,0,0,0,0,0
65707,65731,65719,26.4,-104.872,39.6577,18.66,-56.5817,675.486,1.78012,0.706587,58.9621,0.250339,0.000432795,0.169535,0.381453,0.254302,0.226046,0.197791,0.226046,0.127151,0.141279,0.0141279,0.0423837,0,0,0,0,0
65732,65734,65733,26.5,-104.871,39.6557,18.49,-56.77,676.683,1.4212,0.280582,13.3963,0.143234,6.7579e-05,0.258399,0.258399,0.258399,0.387599,0.1292,0.1292,0,0,0,0,0,0,0,0,0
59150,59791,59470,1.8,-105.197,39.9492,823.083,2.97095,291.915,112.976,15.5317,858.094,0.165744,0.0040822,58.6115,27.612,13.7317,5.13904,3.48662,1.65243,1.73505,0.5453,0.165243,0.181767,0.0330485,0.066097,0,0.0165243,0
59450,59479,59464,1.7,-105.197,39.9491,823.123,2.98167,291.921,105.733,14.4637,761.88,0.158025,0.00376952,54.7837,25.7361,13.2457,4.29904,3.6019,1.45238,1.39428,0.813331,0.23238,0.0580951,0.0580951,0.0580951,0,0,0
66606,66612,66609,23.5,-104.795,39.5696,30.1333,-51.4067,603.135,0.439171,0.0308366,0.768345,0.07475,8.55962e-07,0.439171,0,0,0,0,0,0,0,0,0,0,0,0,0,0
66630,66632,66631,23.3,-104.794,39.5664,31.26,-51.845,595.662,0.660062,0.0463465,1.1548,0.07475,1.28649e-06,0.660062,0,0,0,0,0,0,0,0,0,0,0,0,0,0
66636,66642,66639,23.2,-104.794,39.5653,31.56,-52.02,593.563,0.660584,0.0463832,1.15571,0.07475,1.2875e-06,0.660584,0,0,0,0,0,0,0,0,0,0,0,0,0,0
66644,66653,66648,23.1,-104.794,39.564,32,-52.3067,590.453,0.853494,0.0599284,1.49322,0.07475,1.66349e-06,0.853494,0,0,0,0,0,0,0,0,0,0,0,0,0,0
66655,66661,66658,23,-104.794,39.5628,32.522,-52.82,586.372,0.482169,0.0338557,0.843571,0.07475,9.39766e-07,0.482169,0,0,0,0,0,0,0,0,0,0,0,0,0,0
66665,66668,66666,22.9,-104.795,39.5621,33.0667,-52.4767,584.489,2.00591,0.140846,3.50941,0.07475,3.9096e-06,2.00591,0,0,0,0,0,0,0,0,0,0,0,0,0,0
66672,66679,66676,22.8,-104.795,39.5612,33.698,-52.746,580.644,1.59058,0.120504,3.14889,0.0783927,4.10657e-06,1.32548,0.265097,0,0,0,0,0,0,0,0,0,0,0,0,0
