data/B2SAP/Locations/Boulder/NOAA-POPS-B2SAP_GMLBalloon_20220526_R0.ict
61,1001
Thornberry, T. D.
NOAA Chemical Sciences Laboratory
Portable Optical Particle Spectrometer (POPS)
Balloon Baseline Stratospheric Aerosol Profiles (B2SAP)
1,1
2022,05,26,2024,05,28
0
TIME_START,s,Seconds since midnight UTC on flight start day,Start time of 100 m altitude bin in UTC_seconds_since_midnight
28
1.0,1.0,1.0,1.0,1.0,1.0,1.0,1.0,1.0,1.0,1.0,1.0,1.0,1.0,1.0,1.0,1.0,1.0,1.0,1.0,1.0,1.0,1.0,1.0,1.0,1.0,1.0,1.0
99999,99999,99999,99999,99999,99999,99999,99999,99999,99999,99999,99999,99999,99999,99999,99999,99999,99999,99999,99999,99999,99999,99999,99999,99999,99999,99999,99999
TIME_STOP,s,End time of 100 m altitude bin in UTC seconds since midnight,
TIME_MID,s,Mid time of 100 m altitude in UTC seconds since midnight,
GPSAlt,m,GPS reported altitude above sea level (m),
GPS_Lon,deg,GPS reported longitude,
GPS_Lat,deg,GPS reported latitude,
iMet_Pressure,mb,Pressure reported (mB),
iMet_Temperature,degrees C,Ambient temperature (oC),
THETA,K,Potential temperature from iMet,
Aerosol_concentration,cm^-3,Aerosol concentration,
Surface_Area_Conc,um^2 cm^-3,Surface area concentration,
Volume_density,um^3 cm^-3,Volume density,
Effective_radius,um,Effective radius,
Extinction,km^-1,Extinction,
Bin01,cm^-3,particle concentration in size range [140 - 170 nm],
Bin02,cm^-3,particle concentration in size range [170 - 205 nm],
Bin03,cm^-3,particle concentration in size range [205 - 249 nm],
Bin04,cm^-3,particle concentration in size range [249 - 302 nm],
Bin05,cm^-3,particle concentration in size range [302 - 366 nm],
Bin06,cm^-3,particle concentration in size range [366 - 443 nm],
Bin07,cm^-3,particle concentration in size range [443 - 537 nm],
Bin08,cm^-3,particle concentration in size range [537 - 651 nm],
Bin09,cm^-3,particle concentration in size range [651 - 789 nm],
Bin10,cm^-3,particle concentration in size range [789 - 956 nm],
Bin11,cm^-3,particle concentration in size range [956 - 1159 nm],
Bin12,cm^-3,particle concentration in size range [1159 - 1404 nm],
Bin13,cm^-3,particle concentration in size range [1404 - 1702 nm],
Bin14,cm^-3,particle concentration in size range [1702 - 2062 nm],
Bin15,cm^-3,particle concentration in size range [2062 - 2500 nm],
0
19
PI_CONTACT_INFO: 325 Broadway R/CSL6, Boulder, CO 80305; troy.thornberry@noaa.gov; 303-497-3373 
PLATFORM: GML ECC/FPH balloon
LOCATION: Boulder, CO, USA
ASSOCIATED_DATA: N/A
INSTRUMENT_INFO: Printed Optical Particle Spectrometer counts particles from 140 - 2500 nm in diameter 
DATA_INFO: Particle concentrations reported in number per cubic centimeter, binned to 100 m altitude
UNCERTAINTY: Counting uncertainty dominated by air flow, less than 5 percent
ULOD_FLAG: -77777
ULOD_VALUE: 3000 ~3000 per cm3 (varies depending on flow rate- manufacturer quotes 1250  per cm3 at 1.667 cc/s)
LLOD_FLAG: -88888
LLOD_VALUE: 0 0 (varies depending on data field and measurement precision)
DM_CONTACT_INFO: Troy Thornberry, 325 Broadway R/CSL6, Boulder, CO 80305; troy.thornberry@noaa.gov; 303-497-3373
PROJECT_INFO: B2SAP Boulder, CO, USA
STIPULATIONS_ON_USE: Please contact the PIs for questions regarding applications and uncertainties
OTHER_COMMENTS: POPS bin Edges (nm):  140, 170, 205, 249, 302, 366, 443, 537, 651, 789, 956, 1159, 1404, 1702, 2062, 2500
Calculations assume sulfate refractive index of 1.45+0.00j and extinction wavelength = 532 nm
REVISION: R0
R0: QA/QC data
TIME_START,TIME_STOP,TIME_MID,GPSAlt,GPS_Lon,GPS_Lat,iMet_Pressure,iMet_Temperature,THETA,Aerosol_concentration,Surface_Area_Conc,Volume_density,Effective_radius,Extinction,Bin01,Bin02,Bin03,Bin04,Bin05,Bin06,Bin07,Bin08,Bin09,Bin10,Bin11,Bin12,Bin13,Bin14,Bin15
[from data line 224]
64855,64864,64860,24.2,-104.805,39.7336,29.03,-54.3312,601.553,2.29822,0.972042,102.502,0.31635,0.00054674,0.448434,0.336325,0.448434,0.280271,0.224217,0.0560542,0.224217,0.224217,0,0,0.0560542,0,0,0,0
64887,64888,64888,24.3,-104.806,39.7325,28.225,-52.605,611.192,1.60422,0.392054,20.5376,0.157154,0.00011839,0.229174,0,0.687521,0,0.458347,0.229174,0,0,0,0,0,0,0,0,0
64890,64890,64890,24.4,-104.806,39.7325,28.15,-52.67,611.474,2.75089,1.15429,111.337,0.289367,0.000888134,1.37545,0,0.458482,0,0,0.458482,0,0,0.458482,0,0,0,0,0,0
64922,64928,64925,24.5,-104.808,39.7324,27.435,-52.855,615.476,1.60604,0.407914,29.7418,0.218736,0.000232365,0.229434,0.688301,0.458867,0,0,0,0,0.229434,0,0,0,0,0,0,0
64929,64932,64930,24.6,-104.808,39.7323,27.295,-52.845,616.399,2.06481,0.533065,31.5733,0.177689,0.000214359,0.458847,0,0.68827,0.458847,0,0.229423,0.229423,0,0,0,0,0,0,0,0
60173,60182,60178,1.8,-105.197,39.9491,825.857,22.025,311.764,193.055,29.1509,1408.68,0.144971,0.00765254,83.7112,47.4335,25.2922,13.5403,12.9442,5.02438,4.08763,0.681272,0.170318,0.170318,0,0,0,0,0
66576,66589,66582,23.8,-104.914,39.7347,30.2107,-54.6664,593.83,1.46912,0.226634,9.35911,0.123889,3.83177e-05,0.489707,0.163236,0.435295,0.163236,0.217648,0,0,0,0,0,0,0,0,0,0
66590,66606,66598,23.7,-104.913,39.735,30.6371,-54.7986,591.095,2.34046,0.35874,15.3671,0.128509,6.90692e-05,0.6915,0.531923,0.6915,0.106385,0.212769,0.106385,0,0,0,0,0,0,0,0,0
66607,66623,66615,23.6,-104.913,39.7351,31.0294,-54.4524,589.881,1.87133,0.583798,45.8357,0.235539,0.000330046,0.450505,0.415851,0.24258,0.24258,0.0693085,0.138617,0.207925,0.0693085,0,0.0346542,0,0,0,0,0
66624,66640,66632,23.5,-104.913,39.7352,31.63,-53.7287,588.606,1.79278,0.346315,17.9451,0.155452,0.000107934,0.48099,0.437264,0.349811,0.131179,0.218632,0.0874527,0.0874527,0,0,0,0,0,0,0,0
66641,66656,66648,23.4,-104.912,39.7356,32.172,-53.4853,586.403,2.34075,0.523973,29.1895,0.167124,0.000186912,0.780248,0.390124,0.243828,0.195062,0.292593,0.341359,0.097531,0,0,0,0,0,0,0,0
66658,66674,66666,23.3,-104.912,39.7362,32.6013,-53.5044,584.142,1.78392,0.291119,12.5724,0.12956,5.57877e-05,0.469452,0.375562,0.422507,0.234726,0.234726,0.0469452,0,0,0,0,0,0,0,0,0
66675,66691,66683,23.2,-104.911,39.7369,33.19,-53.6859,580.676,2.59812,0.414941,20.5309,0.148437,0.000116946,0.995946,0.64953,0.389718,0.259812,0.173208,0.043302,0.043302,0.043302,0,0,0,0,0,0,0
66693,66709,66701,23.1,-104.911,39.7373,33.8906,-54.1975,575.876,2.23898,0.330612,14.8027,0.134321,7.57736e-05,1.05095,0.502629,0.182774,0.0913871,0.365548,0,0.0456936,0,0,0,0,0,0,0,0
66710,66726,66718,23,-104.91,39.7374,34.3753,-54.0524,573.921,2.65544,0.683319,51.6728,0.226861,0.00035908,0.80362,0.55904,0.5241,0.20964,0.1747,0.10482,0.13976,0.06988,0.03494,0.03494,0,0,0,0,0
66727,66743,66735,22.9,-104.91,39.7375,34.9937,-53.6125,572.155,2.67138,0.4455,22.581,0.152061,0.000137037,1.15075,0.657571,0.164393,0.287687,0.246589,0,0.164393,0,0,0,0,0,0,0,0
66744,66760,66752,22.8,-104.91,39.7376,35.6269,-53.9781,568.28,2.36049,0.446817,24.0371,0.161389,0.000153983,0.869653,0.538357,0.331296,0.124236,0.248472,0.0828241,0.165648,0,0,0,0,0,0,0,0
66761,66776,66768,22.7,-104.909,39.7376,36.095,-53.8256,566.568,2.33517,0.514332,31.9237,0.186205,0.000229826,0.790944,0.56496,0.37664,0.150656,0.075328,0.112992,0.18832,0.075328,0,0,0,0,0,0,0
66777,66794,66786,22.6,-104.908,39.7378,36.7118,-53.5,564.658,3.11247,0.590664,33.6011,0.170661,0.00022412,1.41476,0.628781,0.282951,0.188634,0.188634,0.220073,0.125756,0.0628781,0,0,0,0,0,0,0
66795,66811,66803,22.5,-104.907,39.7381,37.278,-52.8247,563.931,2.87696,0.37667,15.8069,0.125894,7.38957e-05,1.50102,0.58373,0.33356,0.16678,0.208475,0.041695,0.041695,0,0,0,0,0,0,0,0
66812,66828,66820,22.4,-104.907,39.7389,37.8806,-53.6035,559.368,2.51784,0.418967,23.5417,0.168569,0.000145483,1.25892,0.38149,0.419639,0.114447,0.152596,0.114447,0.038149,0,0.038149,0,0,0,0,0,0
66829,66846,66838,22.3,-104.907,39.7399,38.5833,-56.4033,549.343,2.60237,0.668104,43.1586,0.193796,0.000308327,0.591447,0.561875,0.473158,0.207007,0.354868,0.118289,0.207007,0.0591447,0.0295724,0,0,0,0,0,0
66847,66864,66856,22.2,-104.907,39.7408,39.0772,-57.1183,545.539,2.6085,0.650435,39.2145,0.180869,0.000266994,0.429247,0.594342,0.561323,0.198114,0.429247,0.198114,0.099057,0.099057,0,0,0,0,0,0,0
66865,66881,66873,22.1,-104.908,39.7416,39.8306,-56.7456,543.511,3.1398,0.625825,34.0109,0.163037,0.000212965,1.16736,0.483047,0.362285,0.442793,0.362285,0.161016,0.120762,0.0402539,0,0,0,0,0,0,0
66883,66898,66890,22,-104.908,39.7425,40.41,-56.7375,541.29,3.19207,0.739583,42.9929,0.174394,0.000290499,0.817481,0.739625,0.467132,0.116783,0.622842,0.155711,0.233566,0.0389277,0,0,0,0,0,0,0
66899,66916,66908,21.9,-104.908,39.7435,41.0029,-56.1506,540.501,3.75371,0.975781,60.8722,0.187149,0.000431982,0.834158,0.695131,0.695131,0.243296,0.695131,0.173783,0.278053,0.139026,0,0,0,0,0,0,0
66917,66934,66926,21.8,-104.909,39.7445,41.6261,-56.2472,537.946,3.02686,1.00973,88.5399,0.263059,0.000537163,0.743889,0.487375,0.513027,0.230862,0.410421,0.230862,0.205211,0.128257,0.0256513,0.0256513,0.0256513,0,0,0,0
66935,66951,66943,21.7,-104.909,39.7457,42.3282,-56.0547,535.845,3.60959,1.06985,85.9976,0.241149,0.000488948,0.802131,0.678726,0.586172,0.370214,0.493619,0.277661,0.246809,0.123405,0,0,0.0308512,0,0,0,0
66953,66969,66961,21.6,-104.91,39.747,43.1538,-56.3506,532.179,3.7691,0.742954,40.3652,0.162992,0.000251386,1.00758,1.11953,0.522449,0.298542,0.410496,0.261225,0.0746356,0.0746356,0,0,0,0,0,0,0
66970,66987,66978,21.5,-104.911,39.7481,43.8419,-55.4513,531.968,3.67164,0.897663,54.7349,0.182925,0.000384134,1.16144,0.561986,0.337192,0.599452,0.412123,0.187329,0.337192,0.0749315,0,0,0,0,0,0,0
66989,67006,66998,21.4,-104.912,39.7488,44.5673,-55.0887,530.37,3.36709,0.79235,45.533,0.172397,0.000304422,0.862303,0.533807,0.739117,0.20531,0.451683,0.287434,0.287434,0,0,0,0,0,0,0,0
67007,67024,67016,21.3,-104.913,39.7491,45.19,-55.0456,528.372,3.62046,1.04523,83.8356,0.240623,0.000466283,0.881504,0.629646,0.472234,0.598163,0.40927,0.220376,0.283341,0.0944468,0,0,0.0314823,0,0,0,0
67025,67043,67034,21.2,-104.914,39.7488,45.9633,-56.2239,522.978,4.02739,1.29544,91.0603,0.210879,0.000657385,0.681559,0.619599,0.464699,0.588619,0.774499,0.278819,0.433719,0.1549,0,0.0309799,0,0,0,0,0
67044,67061,67052,21.1,-104.915,39.748,46.6829,-55.99,521.223,3.91571,1.24986,84.7062,0.203318,0.000640632,0.803223,0.602418,0.368144,0.502015,0.669353,0.267741,0.502015,0.200806,0,0,0,0,0,0,0
67062,67079,67070,21,-104.915,39.7472,47.4194,-55.7656,519.43,3.74048,1.01345,63.1465,0.186926,0.000455061,0.927127,0.767278,0.319699,0.287729,0.671368,0.255759,0.479549,0.0319699,0,0,0,0,0,0,0
67080,67097,67088,20.9,-104.915,39.7466,48.2539,-57.3756,513.03,4.47665,1.54193,122.643,0.238616,0.0008928,0.863915,0.68066,0.654481,0.575943,0.706839,0.34033,0.366509,0.0523585,0.183255,0.0523585,0,0,0,0,0
67098,67116,67107,20.8,-104.914,39.7464,49.0867,-58.8767,506.964,4.69058,1.36397,88.0325,0.193624,0.000630023,0.892074,0.604308,0.719414,0.661861,0.92085,0.316542,0.402872,0.143883,0.0287766,0,0,0,0,0,0
67117,67135,67126,20.7,-104.914,39.7464,49.9447,-58.8729,504.478,4.73909,1.62537,116.207,0.214488,0.000900913,1.0357,0.659079,0.690464,0.219693,0.690464,0.53354,0.564925,0.313847,0.0313847,0,0,0,0,0,0
67136,67154,67145,20.6,-104.914,39.7464,50.8329,-57.7947,504.457,4.41357,1.458,106.914,0.219988,0.000796245,0.959473,0.575684,0.703613,0.543701,0.415771,0.511719,0.351807,0.319824,0,0.0319824,0,0,0,0,0
67155,67173,67164,20.5,-104.914,39.7465,51.5456,-57.3528,503.496,4.3395,1.12137,70.3232,0.188135,0.000494882,1.07759,0.640732,0.69898,0.553359,0.728104,0.145621,0.378614,0.0873725,0.0291242,0,0,0,0,0,0
67174,67192,67183,20.4,-104.914,39.7465,52.4769,-56.8144,502.17,4.00245,1.29979,92.1627,0.212718,0.000689526,0.582174,0.654946,0.70346,0.53366,0.606431,0.339602,0.26683,0.242573,0.0727718,0,0,0,0,0,0
67193,67211,67202,20.3,-104.914,39.7467,53.2088,-57.44,498.743,5.6071,1.99868,159.924,0.240044,0.00108226,1.00019,1.09111,0.45463,0.697099,0.788025,0.545556,0.757716,0.121235,0.121235,0,0.0303087,0,0,0,0
67212,67232,67222,20.2,-104.913,39.7466,54.1856,-58.4361,493.871,4.58497,1.60919,132.899,0.247762,0.000891157,0.838394,0.995593,0.654996,0.288198,0.602596,0.340598,0.550196,0.235798,0.0261998,0.0261998,0.0261998,0,0,0,0
67233,67252,67242,20.1,-104.913,39.7463,55.0461,-59.2044,489.885,5.2515,1.54309,101.96,0.198225,0.000739134,1.10865,0.846076,0.583501,0.758551,0.787726,0.495975,0.495975,0.1167,0.0583501,0,0,0,0,0,0
67253,67273,67263,20,-104.912,39.7459,55.8906,-60.175,485.554,4.78723,1.46275,103.314,0.21189,0.000762049,1.08005,0.788142,0.729761,0.525428,0.525428,0.350285,0.554619,0.204333,0,0.0291904,0,0,0,0,0
67274,67293,67284,19.9,-104.911,39.746,56.7172,-59.8117,484.338,4.85374,1.50132,105.411,0.210638,0.000762915,0.959122,0.697543,0.842865,0.523158,0.697543,0.377836,0.639415,0.0290643,0.0581286,0.0290643,0,0,0,0,0
67294,67315,67304,19.8,-104.91,39.7465,57.6774,-59.3253,483.126,5.13647,1.5675,109.933,0.210397,0.000818342,0.956257,0.901614,0.846971,0.628398,0.765006,0.273216,0.464468,0.191251,0.109287,0,0,0,0,0,0
67316,67335,67326,19.7,-104.908,39.7473,58.6489,-59.5017,480.427,5.69877,1.81695,127.628,0.210729,0.000962933,1.20883,0.863449,0.777105,0.546851,0.949794,0.431725,0.575633,0.259035,0.0863449,0,0,0,0,0,0
67336,67356,67346,19.6,-104.907,39.7482,59.6311,-58.9128,479.468,4.29678,1.30406,93.1246,0.214234,0.000677564,0.913067,0.886212,0.483388,0.456533,0.617663,0.375969,0.295404,0.214839,0.0268549,0.0268549,0,0,0,0,0
67357,67377,67367,19.5,-104.906,39.7489,60.5368,-59.2242,476.718,5.04457,1.86032,152.96,0.246667,0.00105081,0.963054,0.779615,0.596177,0.642036,0.664966,0.412738,0.573247,0.298088,0.0687896,0.0229299,0,0.0229299,0,0,0
67378,67399,67388,19.4,-104.905,39.7495,61.6163,-59.3095,474.122,5.62125,2.10663,159.686,0.227405,0.00121794,0.948442,0.532053,0.717115,0.855911,0.994708,0.439522,0.670849,0.300726,0.138796,0.0231327,0,0,0,0,0
67400,67421,67410,19.3,-104.905,39.7501,62.6725,-59.47,471.481,5.23847,1.5911,117.419,0.221392,0.000863332,1.13985,1.1641,0.630557,0.533548,0.703313,0.339531,0.436539,0.121261,0.145513,0.0242522,0,0,0,0,0
67422,67443,67432,19.2,-104.904,39.7503,63.65,-59.0863,470.23,5.02679,1.62453,111.247,0.205438,0.000794589,0.867568,0.510334,0.688951,0.688951,1.0717,0.561367,0.433784,0.1531,0.0255167,0.0255167,0,0,0,0,0
67444,67465,67454,19.1,-104.903,39.7507,64.7944,-59.6083,466.712,5.02299,1.62499,116.905,0.215825,0.000853205,0.872414,0.793103,0.687356,0.634483,0.925287,0.396552,0.422989,0.185057,0.0793103,0.0264368,0,0,0,0,0
67466,67486,67476,19,-104.902,39.7513,65.807,-59.711,464.424,5.84953,1.99012,141.974,0.214018,0.00104937,0.910432,0.796628,0.819389,0.660063,1.1608,0.614542,0.523499,0.27313,0.0682824,0.0227608,0,0,0,0,0
67487,67507,67497,18.9,-104.901,39.752,66.8847,-60.2489,461.105,5.83337,1.97993,143.997,0.218185,0.00109508,1.16212,0.797531,0.888677,0.546878,0.911464,0.387372,0.751958,0.319012,0.0455732,0.0227866,0,0,0,0,0
67509,67529,67519,18.8,-104.899,39.753,67.9989,-60.6221,458.134,6.32923,2.20865,169.593,0.230358,0.00126224,1.16735,1.18559,0.857273,0.510716,0.839034,0.638395,0.674875,0.328317,0.0547196,0.0729594,0,0,0,0,0
67530,67551,67540,18.7,-104.897,39.7544,69.0895,-60.0947,457.181,6.04964,1.87678,133.941,0.214103,0.000991846,1.47792,0.867049,0.748815,0.768521,0.768521,0.45323,0.729109,0.0985283,0.118234,0.0197057,0,0,0,0,0
67552,67572,67562,18.6,-104.896,39.7559,70.2294,-60.0024,455.252,5.48515,1.64701,110.616,0.201484,0.000823516,1.04364,0.873741,0.995094,0.509682,0.898012,0.242706,0.728118,0.145624,0.0485412,0,0,0,0,0,0
67573,67595,67584,18.5,-104.895,39.7575,71.4091,-59.6636,453.8,5.60836,1.67117,111.368,0.199922,0.000788675,0.963051,0.887518,0.906401,0.604268,1.03858,0.566501,0.453201,0.132184,0.0377667,0.0188834,0,0,0,0,0
67596,67618,67607,18.4,-104.895,39.759,72.5386,-59.931,451.212,5.77897,1.96985,148.111,0.225566,0.00111351,1.0998,0.89984,0.979825,0.5599,0.699875,0.499911,0.61989,0.299947,0.0799857,0.0399929,0,0,0,0,0
67619,67640,67630,18.3,-104.895,39.7603,73.771,-59.1862,450.612,5.8609,1.53172,99.906,0.195674,0.000718812,1.61816,0.927482,0.947216,0.611744,0.769613,0.315739,0.434141,0.177603,0.059201,0,0,0,0,0,0
67641,67664,67652,18.2,-104.895,39.7614,74.9504,-60.1209,446.614,5.84162,1.3821,82.918,0.179982,0.000572212,1.74703,1.14649,0.655135,0.618739,0.727928,0.418558,0.40036,0.127387,0,0,0,0,0,0,0
67665,67687,67676,18.1,-104.894,39.762,76.1705,-59.5657,445.723,6.08424,1.6029,115.452,0.21608,0.000749483,1.9351,1.01113,0.819368,0.488134,0.854234,0.278934,0.505567,0.122033,0.0348667,0.0174334,0.0174334,0,0,0,0
67688,67710,67699,18,-104.894,39.7623,77.3905,-59.935,442.926,5.95315,1.3592,80.5016,0.177682,0.000550292,1.80346,1.10308,0.945501,0.455241,0.805427,0.280148,0.49026,0.0525278,0.0175093,0,0,0,0,0,0
67711,67731,67721,17.9,-104.892,39.7624,78.5468,-60.1579,440.602,5.44473,1.60082,137.897,0.258424,0.000790885,1.44368,1.17557,0.78371,0.391855,0.824958,0.247488,0.350607,0.0618719,0.0824958,0.0412479,0.020624,0.020624,0,0,0
67732,67753,67742,17.8,-104.89,39.7624,79.961,-60.7595,437.123,6.11458,1.26308,75.3304,0.178921,0.000520892,2.66624,1.01317,0.728772,0.355499,0.515473,0.319949,0.391049,0.10665,0.0177749,0,0,0,0,0,0
67754,67775,67764,17.7,-104.888,39.7629,81.2881,-60.5657,435.464,5.76174,1.30508,86.7283,0.199364,0.000607368,2.11551,1.34154,0.67077,0.292387,0.533176,0.326785,0.257988,0.137594,0.0687969,0.0171992,0,0,0,0,0
67776,67797,67786,17.6,-104.885,39.7636,82.6061,-60.3533,433.908,6.00496,1.15971,65.4418,0.169289,0.0004311,2.3322,1.34056,0.661096,0.459095,0.624369,0.14691,0.367276,0.0550914,0.0183638,0,0,0,0,0,0
67798,67818,67808,17.5,-104.883,39.7643,83.9794,-59.9283,432.721,6.81986,1.50882,108.045,0.214827,0.000650185,2.66641,1.45285,0.734972,0.512771,0.700788,0.273478,0.256386,0.136739,0.0341848,0.0341848,0,0.0170924,0,0,0
67819,67839,67829,17.4,-104.881,39.7648,85.4176,-60.67,429.137,6.55173,1.34305,92.6154,0.206877,0.000560303,2.77591,1.46257,0.641742,0.447727,0.611893,0.119394,0.328333,0.10447,0.0149242,0.0298485,0.0149242,0,0,0,0
67840,67863,67852,17.3,-104.88,39.7649,86.8022,-61.0174,426.465,6.54082,1.12657,62.5806,0.166649,0.000401892,2.70282,1.77035,0.689219,0.513536,0.364881,0.108113,0.283796,0.0675705,0.0405423,0,0,0,0,0,0
67864,67888,67876,17.2,-104.879,39.7643,88.2714,-61.7736,422.913,6.58525,1.23234,77.3359,0.188266,0.000486413,2.76445,1.64069,0.629307,0.539406,0.42703,0.269703,0.157327,0.089901,0.0224752,0.0449505,0,0,0,0,0
67889,67915,67902,17.1,-104.878,39.7634,89.7113,-60.2913,423.919,6.83956,1.25693,79.5294,0.189818,0.000454111,3.20265,1.32991,0.705668,0.474969,0.542822,0.24427,0.230699,0.0407116,0.0542822,0,0,0.0135705,0,0,0
67916,67937,67926,17,-104.876,39.7623,91.0732,-61.8784,418.945,7.65501,1.22507,68.4788,0.167694,0.000417476,3.73657,1.71948,0.826674,0.512538,0.363737,0.181868,0.198402,0.0496005,0.0496005,0.0165335,0,0,0,0,0
67941,67961,67951,16.9,-104.874,39.7612,92.7,-61.5386,417.503,7.58128,1.14493,59.8055,0.156705,0.000364053,3.82061,1.85786,0.719173,0.329621,0.389552,0.149828,0.224742,0.0449483,0.0449483,0,0,0,0,0,0
67962,67985,67974,16.8,-104.872,39.7607,94.1967,-61.3829,415.907,8.11572,1.20285,61.9687,0.154554,0.000356338,4.01859,1.9373,0.916291,0.314157,0.510505,0.157078,0.183258,0.0392696,0.0261797,0.0130899,0,0,0,0,0
67986,68009,67998,16.7,-104.87,39.7606,95.7792,-62.2179,412.293,8.27171,1.18001,66.9802,0.170287,0.000353509,4.63479,1.89068,0.682745,0.407021,0.262594,0.0919079,0.183816,0.0787782,0.0262594,0,0.0131297,0,0,0,0
68011,68033,68022,16.6,-104.868,39.7606,97.342,-63.2565,408.378,9.72441,1.24697,61.2826,0.147435,0.00032874,5.48959,2.37011,0.836508,0.435681,0.278836,0.104564,0.0871363,0.069709,0.0348545,0.0174273,0,0,0,0,0
