data/B2SAP/Locations/La Reunion/NOAA-POPS-B2SAP_GMLBalloon_20230302_R0.ict
61,1001
Thornberry, T. D.
NOAA Chemical Sciences Laboratory
Portable Optical Particle Spectrometer (POPS)
Balloon Baseline Stratospheric Aerosol Profiles (B2SAP)
1,1
2023,03,02,2024,05,28
0
TIME_START,s,Seconds since midnight UTC on flight start day,Start time of 100 m altitude bin in UTC_seconds_since_midnight
28
1.0,1.0,1.0,1.0,1.0,1.0,1.0,1.0,1.0,1.0,1.0,1.0,1.0,1.0,1.0,1.0,1.0,1.0,1.0,1.0,1.0,1.0,1.0,1.0,1.0,1.0,1.0,1.0
99999,99999,99999,99999,99999,99999,99999,99999,99999,99999,99999,99999,99999,99999,99999,99999,99999,99999,99999,99999,99999,99999,99999,99999,99999,99999,99999,99999
TIME_STOP,s,End time of 100 m altitude bin in UTC seconds since midnight,
TIME_MID,s,Mid time of 100 m altitude in UTC seconds since midnight,
GPSAlt,m,GPS reported altitude above sea level (m),
GPS_Lon,deg,GPS reported longitude,
GPS_Lat,deg,GPS reported latitude,
iMet_Pressure,mb,Pressure reported (mB),
iMet_Temperature,degrees C,Ambient temperature (oC),
THETA,K,Potential temperature from iMet,
Aerosol_concentration,cm^-3,Aerosol concentration,
Surface_Area_Conc,um^2 cm^-3,Surface area concentration,
Volume_density,um^3 cm^-3,Volume density,
Effective_radius,um,Effective radius,
Extinction,km^-1,Extinction,
Bin01,cm^-3,particle concentration in size range [140 - 170 nm],
Bin02,cm^-3,particle concentration in size range [170 - 205 nm],
Bin03,cm^-3,particle concentration in size range [205 - 249 nm],
Bin04,cm^-3,particle concentration in size range [249 - 302 nm],
Bin05,cm^-3,particle concentration in size range [302 - 366 nm],
Bin06,cm^-3,particle concentration in size range [366 - 443 nm],
Bin07,cm^-3,particle concentration in size range [443 - 537 nm],
Bin08,cm^-3,particle concentration in size range [537 - 651 nm],
Bin09,cm^-3,particle concentration in size range [651 - 789 nm],
Bin10,cm^-3,particle concentration in size range [789 - 956 nm],
Bin11,cm^-3,particle concentration in size range [956 - 1159 nm],
Bin12,cm^-3,particle concentration in size range [1159 - 1404 nm],
Bin13,cm^-3,particle concentration in size range [1404 - 1702 nm],
Bin14,cm^-3,particle concentration in size range [1702 - 2062 nm],
Bin15,cm^-3,particle concentration in size range [2062 - 2500 nm],
0
19
PI_CONTACT_INFO: 325 Broadway R/CSL6, Boulder, CO 80305; troy.thornberry@noaa.gov; 303-497-3373 
PLATFORM: GML ECC/FPH balloon
LOCATION: Reunion, AL, USA
ASSOCIATED_DATA: N/A
INSTRUMENT_INFO: Printed Optical Particle Spectrometer counts particles from 140 - 2500 nm in diameter 
DATA_INFO: Particle concentrations reported in number per cubic centimeter, binned to 100 m altitude
UNCERTAINTY: Counting uncertainty dominated by air flow, less than 5 percent
ULOD_FLAG: -77777
ULOD_VALUE: 3000 ~3000 per cm3 (varies depending on flow rate- manufacturer quotes 1250  per cm3 at 1.667 cc/s)
LLOD_FLAG: -88888
LLOD_VALUE: 0 0 (varies depending on data field and measurement precision)
DM_CONTACT_INFO: Troy Thornberry, 325 Broadway R/CSL6, Boulder, CO 80305; troy.thornberry@noaa.gov; 303-497-3373
PROJECT_INFO: B2SAP Reunion, AL, USA
STIPULATIONS_ON_USE: Please contact the PIs for questions regarding applications and uncertainties
OTHER_COMMENTS: POPS bin Edges (nm):  140, 170, 205, 249, 302, 366, 443, 537, 651, 789, 956, 1159, 1404, 1702, 2062, 2500
Calculations assume sulfate refractive index of 1.45+0.00j and extinction wavelength = 532 nm
REVISION: R0
R0: QA/QC data
TIME_START,TIME_STOP,TIME_MID,GPSAlt,GPS_Lon,GPS_Lat,iMet_Pressure,iMet_Temperature,THETA,Aerosol_concentration,Surface_Area_Conc,Volume_density,Effective_radius,Extinction,Bin01,Bin02,Bin03,Bin04,Bin05,Bin06,Bin07,Bin08,Bin09,Bin10,Bin11,Bin12,Bin13,Bin14,Bin15
[from data line 225]
62860,62884,62872,24.6,55.3925,-20.7414,29.1071,-55.0988,598.987,2.84186,1.821,179.96,0.296473,0.00138173,0.303847,0.250227,0.21448,0.285974,0.375341,0.2681,0.32172,0.482581,0.285974,0.0357467,0.0178734,0,0,0,0
62885,62916,62900,24.7,55.3865,-20.7408,28.7057,-55.1271,601.291,2.67079,1.65298,162.774,0.295418,0.00122888,0.321078,0.189728,0.2627,0.277295,0.291889,0.277295,0.379456,0.42324,0.160539,0.0729723,0.0145945,0,0,0,0
62917,62948,62932,24.8,55.379,-20.7398,28.2842,-54.6273,605.221,2.62118,1.88549,197.299,0.313922,0.00145141,0.250204,0.119145,0.190632,0.190632,0.464665,0.238289,0.405092,0.405092,0.226375,0.10723,0.0238289,0,0,0,0
62949,62979,62964,24.9,55.3728,-20.7387,27.8952,-54.4416,608.137,2.46296,1.61753,177.934,0.33001,0.00116068,0.287554,0.225042,0.237544,0.262549,0.287554,0.275051,0.300056,0.32506,0.125023,0.0875163,0.0500093,0,0,0,0
62980,63010,62995,25,55.3674,-20.7379,27.5114,-54.4132,610.628,2.67316,1.62193,153.066,0.283118,0.00122544,0.294501,0.249193,0.283174,0.226539,0.237866,0.203885,0.566347,0.385116,0.14725,0.0792886,0,0,0,0,0
63011,63039,63025,25.1,55.3627,-20.7376,27.113,-54.3304,613.41,2.19527,1.4216,130.344,0.275066,0.00106246,0.138941,0.166729,0.152835,0.0972587,0.333458,0.347352,0.333458,0.472399,0.111153,0.0416823,0,0,0,0,0
63041,63066,63054,25.2,55.3582,-20.7381,26.7258,-54.2837,616.067,1.99566,1.32774,137.923,0.311633,0.000957148,0.136456,0.22174,0.204683,0.17057,0.153513,0.204683,0.460538,0.255854,0.119399,0.0341139,0.0341139,0,0,0,0
63068,63091,63080,25.3,55.3537,-20.7386,26.3627,-54.2967,618.444,2.44282,1.6797,164.002,0.292913,0.00124568,0.109055,0.174487,0.152676,0.218109,0.327164,0.348974,0.414407,0.458029,0.196298,0.0218109,0.0218109,0,0,0,0
63093,63119,63106,25.4,55.3483,-20.7391,25.9694,-54.7688,619.765,2.23233,1.27846,114.98,0.26981,0.000907124,0.11647,0.271762,0.155293,0.194116,0.388232,0.271762,0.407643,0.291174,0.0776463,0.0582348,0,0,0,0,0
63121,63151,63136,25.5,55.342,-20.7397,25.6072,-55.3028,620.736,2.19137,1.29917,118.423,0.273458,0.000965531,0.224756,0.187297,0.243486,0.168567,0.224756,0.187297,0.430783,0.374594,0.112378,0.0374594,0,0,0,0,0
63153,63186,63170,25.6,55.3338,-20.7405,25.2356,-54.8616,624.596,2.11195,1.28557,115.146,0.268706,0.000940116,0.12263,0.190757,0.177132,0.149881,0.286136,0.313387,0.340638,0.39514,0.109004,0.027251,0,0,0,0,0
63187,63224,63206,25.7,55.3263,-20.7413,24.9073,-54.6327,627.595,1.94376,1.29557,126.665,0.293304,0.000977782,0.158105,0.167406,0.139505,0.176706,0.186006,0.186006,0.427814,0.31621,0.130204,0.0465015,0,0.00930031,0,0,0
63225,63260,63242,25.8,55.3177,-20.7426,24.548,-54.992,629.17,2.00355,1.13713,108.233,0.285543,0.000806672,0.250444,0.208703,0.139135,0.250444,0.222617,0.222617,0.23653,0.347838,0.0834812,0.0278271,0.0139135,0,0,0,0
63261,63293,63277,25.9,55.3102,-20.744,24.2087,-54.4609,633.216,2.01836,1.13677,96.9865,0.255952,0.000809441,0.168196,0.168196,0.198778,0.152906,0.27523,0.198778,0.412846,0.351683,0.0917435,0,0,0,0,0,0
63294,63325,63310,26,55.3032,-20.7453,23.8536,-54.0127,637.198,1.93893,0.874248,71.8865,0.24668,0.000552791,0.210051,0.193893,0.274682,0.226209,0.258525,0.242367,0.339314,0.129262,0.0323156,0.0323156,0,0,0,0,0
63327,63353,63340,26.1,55.2975,-20.7462,23.5268,-53.8742,640.116,2.16432,1.16124,96.4128,0.249077,0.00080461,0.325606,0.11492,0.191533,0.134073,0.191533,0.325606,0.478832,0.344759,0.0574598,0,0,0,0,0,0
63355,63384,63370,26.2,55.2925,-20.7468,23.2033,-54.4539,640.955,1.60899,0.717609,58.0943,0.242866,0.000466915,0.20367,0.244403,0.142569,0.20367,0.162936,0.183303,0.285137,0.101835,0.0814678,0,0,0,0,0,0
63386,63413,63400,26.3,55.2874,-20.7474,22.8567,-54.6758,643.065,1.79726,0.816996,64.5821,0.237145,0.000525293,0.123949,0.21691,0.247898,0.247898,0.309872,0.0619744,0.309872,0.247898,0.0309872,0,0,0,0,0,0
63415,63445,63430,26.4,55.2824,-20.7484,22.5774,-54.5287,645.762,1.33149,0.601184,52.9954,0.264455,0.000336463,0.146139,0.146139,0.0974263,0.194853,0.21109,0.259803,0.162377,0.0811886,0.0162377,0,0.0162377,0,0,0,0
63447,63479,63463,26.5,55.2758,-20.7502,22.2615,-55.1827,646.427,1.47081,0.672254,53.9739,0.240864,0.000428285,0.101937,0.247562,0.17475,0.087375,0.276687,0.101937,0.320375,0.131062,0.0145625,0.0145625,0,0,0,0,0
63482,63516,63499,26.6,55.2675,-20.7531,21.9252,-54.0787,652.535,1.25251,0.645697,53.2702,0.247501,0.00044216,0.181285,0.0659217,0.0988825,0.115363,0.214245,0.131843,0.148324,0.280167,0.0164804,0,0,0,0,0,0
63518,63549,63534,26.7,55.2608,-20.7545,21.6622,-53.3544,656.951,1.16044,0.389353,26.7825,0.206362,0.000204771,0.128938,0.171918,0.279366,0.107449,0.150428,0.0859588,0.171918,0.0644691,0,0,0,0,0,0,0
63551,63580,63566,26.8,55.2538,-20.7549,21.3671,-53.4835,659.145,1.23101,0.580717,44.9696,0.232314,0.000365725,0.113982,0.0911857,0.0911857,0.182371,0.227964,0.0683892,0.341946,0.0911857,0.0227964,0,0,0,0,0,0
63584,63610,63597,26.9,55.2469,-20.7542,21.0373,-53.6167,661.679,1.17294,0.514757,39.4047,0.22965,0.000320749,0.078196,0.156392,0.156392,0.182457,0.156392,0.0521306,0.234588,0.156392,0,0,0,0,0,0,0
63616,63638,63627,27,55.2415,-20.7532,20.7608,-53.7869,663.669,1.26368,0.538063,39.1386,0.21822,0.000309783,0.0924646,0.123286,0.215751,0.0616431,0.215751,0.215751,0.246572,0.0924646,0,0,0,0,0,0,0
63641,63667,63654,27.1,55.2361,-20.752,20.4829,-53.2565,667.841,0.900634,0.265765,17.2481,0.194699,0.000127392,0.142205,0.189607,0.165906,0.0474018,0.142205,0.0711026,0.118504,0.0237009,0,0,0,0,0,0,0
63672,63696,63684,27.2,55.2303,-20.751,20.1973,-52.914,671.57,0.786656,0.214269,12.9207,0.180904,8.96457e-05,0.108504,0.189883,0.13563,0.0542521,0.108504,0.108504,0.0813782,0,0,0,0,0,0,0,0
63698,63723,63710,27.3,55.2244,-20.7503,19.9354,-52.58,675.102,0.761651,0.186519,11.6767,0.18781,8.64957e-05,0.190413,0.222148,0.126942,0.0317355,0.0317355,0.0317355,0.126942,0,0,0,0,0,0,0,0
63731,63750,63740,27.4,55.2178,-20.7489,19.6375,-53.0525,676.559,0.700931,0.186675,11.3622,0.182599,8.09995e-05,0.140186,0.140186,0.10514,0.0350466,0.175233,0,0.10514,0,0,0,0,0,0,0,0
63756,63784,63770,27.5,55.2113,-20.7477,19.4018,-53.3206,678.071,0.806352,0.142515,6.90165,0.145282,3.80039e-05,0.226786,0.201588,0.151191,0.0755955,0.100794,0.0251985,0.0251985,0,0,0,0,0,0,0,0
63785,63816,63800,27.6,55.2039,-20.7455,19.1376,-53.0747,681.495,1.05548,0.187782,9.59343,0.153264,5.78815e-05,0.301564,0.251304,0.251304,0.125652,0.0502607,0,0.0753911,0,0,0,0,0,0,0,0
63828,63845,63836,27.7,55.1958,-20.7419,18.8464,-52.3382,686.776,0.891602,0.128611,6.03286,0.140723,3.41529e-05,0.348888,0.387653,0,0.0387653,0.0775306,0,0.0387653,0,0,0,0,0,0,0,0
63849,63875,63862,27.8,55.1903,-20.7399,18.6588,-52.2963,688.874,0.47979,0.0902152,5.01614,0.166806,3.38027e-05,0.10662,0.21324,0.05331,0.05331,0,0,0.05331,0,0,0,0,0,0,0,0
53857,54358,54108,2.2,55.3833,-21.0802,791.655,14.9373,307.975,473.794,72.4462,3422.56,0.141728,0.0134813,107.211,150.638,116.292,58.4202,31.334,6.45085,2.49111,0.418283,0.102247,0.0929517,0.0929517,0.120837,0.0836566,0.0371807,0.00929517
54039,54047,54043,2.3,55.383,-21.0802,791.625,15.04,308.089,515.882,82.5694,3804.92,0.138245,0.015694,93.8121,163.96,132.689,72.5142,40.9055,8.45154,2.53546,0.338062,0.338062,0,0,0.169031,0.169031,0,0
54089,54348,54218,2.1,55.3834,-21.0802,791.705,14.4384,307.437,511.727,78.7586,3758.49,0.143165,0.0147709,112.094,161.708,127.41,65.6558,33.953,7.07732,2.95796,0.36294,0.108882,0.127029,0.0725879,0.0907349,0.036294,0.036294,0.036294
64756,64756,64756,24.3,54.9454,-20.7019,30.19,-53.3,597.656,0.542168,0.12097,5.37309,0.13325,2.0933e-05,0,0,0,0.542168,0,0,0,0,0,0,0,0,0,0,0
