data/B2SAP/Locations/La Reunion/NOAA-POPS-B2SAP_GMLBalloon_20230302_R0.ict
61,1001
Thornberry, T. D.
NOAA Chemical Sciences Laboratory
Portable Optical Particle Spectrometer (POPS)
Balloon Baseline Stratospheric Aerosol Profiles (B2SAP)
1,1
2023,03,02,2024,05,28
0
TIME_START,s,Seconds since midnight UTC on flight start day,Start time of 100 m altitude bin in UTC_seconds_since_midnight
28
1.0,1.0,1.0,1.0,1.0,1.0,1.0,1.0,1.0,1.0,1.0,1.0,1.0,1.0,1.0,1.0,1.0,1.0,1.0,1.0,1.0,1.0,1.0,1.0,1.0,1.0,1.0,1.0
99999,99999,99999,99999,99999,99999,99999,99999,99999,99999,99999,99999,99999,99999,99999,99999,99999,99999,99999,99999,99999,99999,99999,99999,99999,99999,99999,99999
TIME_STOP,s,End time of 100 m altitude bin in UTC seconds since midnight,
TIME_MID,s,Mid time of 100 m altitude in UTC seconds since midnight,
GPSAlt,m,GPS reported altitude above sea level (m),
GPS_Lon,deg,GPS reported longitude,
GPS_Lat,deg,GPS reported latitude,
iMet_Pressure,mb,Pressure reported (mB),
iMet_Temperature,degrees C,Ambient temperature (oC),
THETA,K,Potential temperature from iMet,
Aerosol_concentration,cm^-3,Aerosol concentration,
Surface_Area_Conc,um^2 cm^-3,Surface area concentration,
Volume_density,um^3 cm^-3,Volume density,
Effective_radius,um,Effective radius,
Extinction,km^-1,Extinction,
Bin01,cm^-3,particle concentration in size range [140 - 170 nm],
Bin02,cm^-3,particle concentration in size range [170 - 205 nm],
Bin03,cm^-3,particle concentration in size range [205 - 249 nm],
Bin04,cm^-3,particle concentration in size range [249 - 302 nm],
Bin05,cm^-3,particle concentration in size range [302 - 366 nm],
Bin06,cm^-3,particle concentration in size range [366 - 443 nm],
Bin07,cm^-3,particle concentration in size range [443 - 537 nm],
Bin08,cm^-3,particle concentration in size range [537 - 651 nm],
Bin09,cm^-3,particle concentration in size range [651 - 789 nm],
Bin10,cm^-3,particle concentration in size range [789 - 956 nm],
Bin11,cm^-3,particle concentration in size range [956 - 1159 nm],
Bin12,cm^-3,particle concentration in size range [1159 - 1404 nm],
Bin13,cm^-3,particle concentration in size range [1404 - 1702 nm],
Bin14,cm^-3,particle concentration in size range [1702 - 2062 nm],
Bin15,cm^-3,particle concentration in size range [2062 - 2500 nm],
0
19
PI_CONTACT_INFO: 325 Broadway R/CSL6, Boulder, CO 80305; troy.thornberry@noaa.gov; 303-497-3373 
PLATFORM: GML ECC/FPH balloon
LOCATION: Reunion, AL, USA
ASSOCIATED_DATA: N/A
INSTRUMENT_INFO: Printed Optical Particle Spectrometer counts particles from 140 - 2500 nm in diameter 
DATA_INFO: Particle concentrations reported in number per cubic centimeter, binned to 100 m altitude
UNCERTAINTY: Counting uncertainty dominated by air flow, less than 5 percent
ULOD_FLAG: -77777
ULOD_VALUE: 3000 ~3000 per cm3 (varies depending on flow rate- manufacturer quotes 1250  per cm3 at 1.667 cc/s)
LLOD_FLAG: -88888
LLOD_VALUE: 0 0 (varies depending on data field and measurement precision)
DM_CONTACT_INFO: Troy Thornberry, 325 Broadway R/CSL6, Boulder, CO 80305; troy.thornberry@noaa.gov; 303-497-3373
PROJECT_INFO: B2SAP Reunion, AL, USA
STIPULATIONS_ON_USE: Please contact the PIs for questions regarding applications and uncertainties
OTHER_COMMENTS: POPS bin Edges (nm):  140, 170, 205, 249, 302, 366, 443, 537, 651, 789, 956, 1159, 1404, 1702, 2062, 2500
Calculations assume sulfate refractive index of 1.45+0.00j and extinction wavelength = 532 nm
REVISION: R0
R0: QA/QC data
TIME_START,TIME_STOP,TIME_MID,GPSAlt,GPS_Lon,GPS_Lat,iMet_Pressure,iMet_Temperature,THETA,Aerosol_concentration,Surface_Area_Conc,Volume_density,Effective_radius,Extinction,Bin01,Bin02,Bin03,Bin04,Bin05,Bin06,Bin07,Bin08,Bin09,Bin10,Bin11,Bin12,Bin13,Bin14,Bin15
[from data line 152]
60636,60665,60650,17.3,55.6311,-20.784,91.7181,-81.3792,379.512,2.41514,0.50383,51.1266,0.304428,0.000185458,1.32955,0.5245,0.170767,0.121977,0.0853837,0.0853837,0.0243954,0.036593,0,0,0.0121977,0.0243954,0,0,0
60669,60699,60684,17.4,55.6328,-20.7818,90.106,-81.8756,380.453,2.53269,0.46946,38.9686,0.249021,0.000180209,1.38726,0.496357,0.229088,0.139998,0.101817,0.0381813,0.101817,0,0.0127271,0.0127271,0,0,0.0127271,0,0
60701,60732,60716,17.5,55.6339,-20.7791,88.4862,-79.6305,386.92,1.81139,0.411767,32.8959,0.239669,0.000227403,0.958089,0.329343,0.119761,0.119761,0.0598806,0.0449104,0.104791,0.0149701,0.0299403,0.0299403,0,0,0,0,0
60733,60765,60749,17.6,55.6339,-20.7768,86.994,-79.892,388.277,1.74684,0.408417,41.6318,0.305803,0.000185517,0.829433,0.464985,0.163373,0.113105,0.0125672,0.0377015,0.0377015,0.0377015,0.0251343,0,0.0125672,0.0125672,0,0,0
60766,60797,60782,17.7,55.6337,-20.7748,85.4317,-79.81,390.46,2.8604,0.680846,59.7241,0.263161,0.000313097,1.33224,0.613875,0.182856,0.22204,0.143673,0.117551,0.130612,0.078367,0,0.0130612,0.0261223,0,0,0,0
60798,60829,60814,17.8,55.6332,-20.7738,84.0461,-79.3091,393.304,3.40045,0.763289,68.7353,0.270154,0.000349307,1.64582,0.82971,0.312841,0.0816108,0.163222,0.0952126,0.136018,0.0816108,0,0.0272036,0,0.0272036,0,0,0
60830,60860,60845,17.9,55.6326,-20.7736,82.6757,-79.0981,395.585,4.04655,0.930976,87.2492,0.281154,0.000419535,1.84475,1.05627,0.431434,0.133893,0.14877,0.119016,0.14877,0.0595081,0.0595081,0,0.014877,0.0297541,0,0,0
60862,60889,60876,18,55.6318,-20.7741,81.3065,-78.8095,398.071,4.32233,1.20904,126.745,0.314494,0.000627102,2.02123,0.855137,0.404247,0.342055,0.171027,0.0932877,0.171027,0.108836,0.0466438,0.0466438,0.0310959,0.0310959,0,0,0
60890,60920,60905,18.1,55.631,-20.7737,79.9904,-77.7868,402.034,3.58681,0.982339,101.631,0.310374,0.000501311,1.572,0.85242,0.409605,0.154986,0.121774,0.121774,0.143915,0.0885632,0.0442816,0.0332112,0,0.0332112,0.0110704,0,0
60921,60950,60936,18.2,55.6299,-20.7728,78.52,-77.354,405.066,3.85884,1.26732,152.947,0.362054,0.000702506,2.00363,0.667876,0.272098,0.234993,0.148417,0.123681,0.136049,0.0742084,0.0247361,0.0865765,0.0494723,0.0371042,0,0,0
60954,60979,60966,18.3,55.6287,-20.7729,77.1241,-77.8012,406.216,3.74134,1.44424,179.245,0.372332,0.000868731,1.68624,0.720164,0.333735,0.193215,0.158085,0.14052,0.14052,0.10539,0.0702599,0.10539,0.0351299,0.0351299,0.017565,0,0
60980,61005,60992,18.4,55.628,-20.7731,76.086,-78.372,406.601,3.29089,1.22542,151.793,0.371611,0.000685282,1.3805,0.794833,0.264944,0.167333,0.0976111,0.139444,0.181278,0.0697222,0.0557778,0.0418333,0.0697222,0.0278889,0,0,0
61009,61032,61020,18.5,55.6271,-20.774,74.6726,-78.8279,407.83,3.96565,1.39143,164.435,0.354532,0.000786688,1.62164,0.86979,0.412782,0.221133,0.26536,0.0884532,0.191649,0.0442266,0.0884532,0.073711,0.0442266,0.0442266,0,0,0
61033,61063,61048,18.6,55.6262,-20.7746,73.5109,-78.5286,410.291,3.79971,1.2356,132.686,0.322159,0.000726661,1.52497,0.800608,0.470199,0.254161,0.165205,0.101665,0.190621,0.0889565,0.0635403,0.0889565,0.0381242,0.0127081,0,0,0
61065,61094,61080,18.7,55.625,-20.7741,72.1807,-78.0483,413.455,3.90998,1.36691,149.911,0.329015,0.000787703,1.75805,0.720513,0.307419,0.153709,0.172923,0.18253,0.268992,0.153709,0.0960684,0.0192137,0.0480342,0.0288205,0,0,0
61095,61123,61109,18.8,55.6236,-20.7726,71.0577,-77.8515,415.731,3.45379,1.0895,112.823,0.310664,0.00058483,1.39007,0.64157,0.470485,0.192471,0.128314,0.213857,0.171085,0.106928,0.064157,0.0213857,0.0213857,0.0320785,0,0,0
61125,61153,61139,18.9,55.6218,-20.7703,69.8467,-77.6412,418.227,3.79783,1.46248,174.496,0.357945,0.000856041,1.63918,0.773418,0.265502,0.16161,0.207784,0.173153,0.207784,0.126979,0.103892,0.0346307,0.0923484,0.0115436,0,0,0
61154,61184,61169,19,55.6191,-20.7679,68.7109,-76.8374,421.92,4.23442,1.85082,231.086,0.374569,0.00113004,1.75134,0.647758,0.431838,0.263901,0.23991,0.191928,0.23991,0.131951,0.10796,0.0959641,0.10796,0.023991,0,0,0
61187,61210,61198,19.1,55.6159,-20.7664,67.6743,-75.9114,425.753,3.91124,1.58809,189.803,0.35855,0.000958261,1.43478,0.78618,0.39309,0.294817,0.275163,0.0982725,0.216199,0.157236,0.0589635,0.0982725,0.078618,0.0196545,0,0,0
61213,61237,61225,19.2,55.6125,-20.7651,66.42,-76.6514,426.429,4.80997,1.90831,223.014,0.350595,0.00112594,1.9713,0.670241,0.512537,0.39426,0.315408,0.157704,0.275982,0.236556,0.0788519,0.0788519,0.0788519,0.039426,0,0,0
61238,61270,61254,19.3,55.61,-20.7648,65.265,-77.0045,427.802,4.01555,1.8247,217.402,0.357433,0.00116363,1.46818,0.627429,0.426652,0.301166,0.200777,0.17568,0.301166,0.188229,0.125486,0.100389,0.0501943,0.0501943,0,0,0
61271,61303,61287,19.4,55.6071,-20.7647,64.1736,-75.7682,432.581,4.24222,1.88079,199.072,0.317535,0.00126822,1.22276,0.686241,0.548993,0.299451,0.336882,0.237065,0.324405,0.262019,0.137248,0.137248,0.0499084,0,0,0,0
61304,61336,61320,19.5,55.6037,-20.7643,63.1118,-75.1271,436.056,4.53747,2.71963,359.816,0.39691,0.00184908,1.22286,0.836696,0.611432,0.305716,0.241355,0.176993,0.273535,0.289626,0.193084,0.209174,0.0965418,0.0643612,0.0160903,0,0
61336,61363,61350,19.6,55.5998,-20.7639,62.138,-74.559,439.255,4.39128,2.62866,349.992,0.399434,0.00174934,1.37739,0.7637,0.422763,0.231838,0.231838,0.190925,0.422763,0.245475,0.136375,0.177288,0.136375,0.0409125,0.0136375,0,0
61364,61392,61378,19.7,55.5947,-20.7638,61.1722,-74.457,441.452,4.10184,2.27565,288.095,0.379797,0.00143244,1.14165,0.656699,0.525359,0.23237,0.212164,0.242473,0.484947,0.23237,0.141443,0.0707214,0.0707214,0.0808245,0.0101031,0,0
61395,61422,61408,19.8,55.5896,-20.7641,60.1415,-73.4608,445.825,4.34268,2.87724,387.16,0.403678,0.00182234,1.04391,0.626348,0.396687,0.250539,0.521957,0.229661,0.521957,0.229661,0.187904,0.0835131,0.167026,0.0835131,0,0,0
61423,61451,61437,19.9,55.5861,-20.7645,59.1562,-73.105,448.734,4.69627,3.70522,533.149,0.431674,0.00243545,0.912225,0.77708,0.473005,0.337861,0.473005,0.304075,0.337861,0.270289,0.270289,0.202717,0.135144,0.202717,0,0,0
61452,61480,61466,20,55.5836,-20.7651,58.2683,-72.4058,452.251,3.54683,2.46819,337.008,0.409623,0.00163412,0.808138,0.628552,0.280603,0.235707,0.314276,0.246931,0.303052,0.280603,0.0897931,0.157138,0.157138,0.0448966,0,0,0
61481,61513,61497,20.1,55.5803,-20.7647,57.3369,-71.3741,456.673,4.19233,3.06252,408.378,0.40004,0.00210812,0.729502,0.544818,0.517115,0.415539,0.378602,0.277026,0.3509,0.369368,0.166216,0.240089,0.101576,0.092342,0.0092342,0,0
61514,61549,61532,20.2,55.5761,-20.7642,56.4242,-69.6885,462.604,4.15922,2.88099,380.96,0.396697,0.00194803,0.732087,0.643593,0.530965,0.353976,0.402246,0.201123,0.386156,0.305707,0.265482,0.136764,0.120674,0.0563144,0.0241348,0,0
61550,61585,61568,20.3,55.5716,-20.7637,55.506,-69.0811,466.164,4.15151,3.00523,399.02,0.398326,0.00211274,0.794004,0.627641,0.499088,0.31004,0.294916,0.302478,0.385659,0.257106,0.264668,0.219296,0.143677,0.0453717,0.00756194,0,0
61586,61618,61602,20.4,55.5671,-20.7636,54.6068,-68.4193,469.864,4.29906,3.0745,403.393,0.393617,0.00211887,0.71651,0.669371,0.443105,0.320544,0.518527,0.226266,0.490244,0.226266,0.311116,0.179127,0.103705,0.0754221,0.0188555,0,0
61619,61650,61634,20.5,55.5626,-20.7636,53.7382,-66.7991,475.757,3.72369,2.96636,409.258,0.413899,0.00208217,0.701909,0.582941,0.309316,0.261729,0.345006,0.261729,0.345006,0.273625,0.166555,0.261729,0.130864,0.0832773,0,0,0
61651,61680,61666,20.6,55.5588,-20.7631,52.9186,-65.7707,480.233,4.49774,3.27792,414.268,0.379143,0.00242249,0.845649,0.650499,0.390299,0.343835,0.381006,0.2602,0.483228,0.399592,0.306664,0.278785,0.111514,0.0464642,0,0,0
61681,61708,61694,20.7,55.5552,-20.7621,52.1175,-64.9542,484.228,4.04981,3.32127,449.976,0.40645,0.0024131,0.723539,0.482359,0.522556,0.160786,0.35172,0.341671,0.371818,0.341671,0.23113,0.321573,0.110541,0.070344,0.0200983,0,0
61710,61737,61724,20.8,55.5514,-20.761,51.305,-65.1032,486.058,4.05382,2.94775,369.658,0.37621,0.00209166,0.579117,0.600566,0.364629,0.396803,0.235937,0.386078,0.546944,0.396803,0.17159,0.214488,0.128693,0.0321732,0,0,0
61738,61768,61753,20.9,55.548,-20.7603,50.5763,-65.2474,487.711,4.22803,4.04429,595.413,0.44167,0.00282301,0.483558,0.446361,0.545553,0.334771,0.396766,0.322372,0.433962,0.396766,0.285175,0.23558,0.285175,0.0495957,0,0.0123989,0
61769,61797,61783,21,55.5445,-20.7593,49.7645,-64.6918,491.281,4.20219,3.025,379.022,0.375889,0.00213825,0.620171,0.53463,0.427704,0.449089,0.363548,0.2887,0.481167,0.459782,0.224545,0.181774,0.139004,0.0320778,0,0,0
61799,61827,61813,21.1,55.5413,-20.7582,48.9763,-64.5178,493.938,4.13737,3.4583,456.187,0.395733,0.00246566,0.644559,0.418093,0.34841,0.33099,0.357121,0.235177,0.635849,0.461644,0.296149,0.182915,0.130654,0.0871026,0.00871026,0,0
61830,61857,61844,21.2,55.5379,-20.7573,48.2281,-64.7276,495.617,4.20469,3.57571,468.337,0.392933,0.00262054,0.717601,0.40365,0.235463,0.347588,0.40365,0.2691,0.526988,0.571838,0.257888,0.257888,0.145763,0.0672751,0,0,0
61858,61888,61873,21.3,55.5344,-20.7564,47.506,-63.7575,500.076,4.17242,3.277,417.846,0.382526,0.00232438,0.586014,0.42193,0.44537,0.339888,0.351608,0.246126,0.703216,0.468811,0.234405,0.175804,0.140643,0.0586014,0,0,0
61889,61917,61903,21.4,55.5306,-20.7562,46.7627,-62.0327,506.471,3.84983,3.29729,424.527,0.386251,0.00246136,0.622301,0.337519,0.253139,0.295329,0.305877,0.295329,0.537921,0.506279,0.274234,0.242592,0.147665,0.0316424,0,0,0
61918,61947,61932,21.5,55.5283,-20.7565,46.1923,-61.7092,509.028,4.08301,3.47272,470.092,0.406102,0.00248818,0.606211,0.463573,0.427914,0.356595,0.374425,0.267446,0.303106,0.517063,0.320935,0.196127,0.196127,0.0534892,0,0,0
61948,61977,61962,21.6,55.5251,-20.7571,45.405,-61.0437,513.145,3.79937,3.18795,400.826,0.377194,0.00245527,0.568941,0.385723,0.25072,0.298935,0.318221,0.298935,0.511083,0.414652,0.327865,0.289292,0.115717,0.0192861,0,0,0
61978,62008,61993,21.7,55.521,-20.7571,44.6583,-60.8621,516.023,3.76631,2.97866,369.885,0.372535,0.00224485,0.526645,0.367056,0.406953,0.30322,0.327158,0.223425,0.558563,0.390994,0.287261,0.247364,0.0877742,0.0398974,0,0,0
62009,62043,62026,21.8,55.5165,-20.7565,43.9586,-61.1693,517.606,3.5694,2.93073,373.579,0.382409,0.00219643,0.553588,0.355288,0.355288,0.2644,0.2644,0.272663,0.36355,0.504013,0.272663,0.214825,0.107413,0.0413125,0,0,0
62044,62078,62061,21.9,55.5124,-20.7558,43.2993,-61.4136,519.247,3.83946,3.25084,417.153,0.384965,0.00246138,0.555602,0.356581,0.273655,0.356581,0.447799,0.199022,0.431214,0.439506,0.364873,0.25707,0.107803,0.0414629,0.00829257,0,0
62079,62110,62094,22,55.5093,-20.7551,42.6659,-61.2972,521.724,3.88359,3.11833,383.748,0.369186,0.00232503,0.495437,0.399546,0.383564,0.287673,0.247718,0.287673,0.631282,0.535391,0.271691,0.199773,0.103882,0.0399546,0,0,0
62111,62141,62126,22.1,55.5064,-20.7541,42.0038,-61.1021,524.544,3.68795,3.16177,404.159,0.38348,0.00237751,0.507337,0.282938,0.302451,0.263425,0.419529,0.321964,0.458555,0.429285,0.273182,0.273182,0.126834,0.0292695,0,0,0
62142,62170,62156,22.2,55.5027,-20.753,41.3937,-61.29,526.275,3.63996,3.50786,468.241,0.40045,0.00267802,0.387762,0.412779,0.287694,0.200135,0.312711,0.237661,0.550372,0.437796,0.275186,0.350237,0.100068,0.0875591,0,0,0
62171,62197,62184,22.3,55.4981,-20.7524,40.7592,-61.0268,529.259,3.98336,3.37836,428.435,0.380452,0.00252685,0.423353,0.432974,0.327136,0.23092,0.548434,0.250163,0.586921,0.432974,0.317514,0.269406,0.105838,0.0577299,0,0,0
62198,62223,62210,22.4,55.4929,-20.7522,40.1739,-60.8278,531.95,3.6304,2.95267,353.971,0.359646,0.0021986,0.295497,0.306051,0.263837,0.390479,0.337711,0.348265,0.664869,0.4538,0.24273,0.21107,0.0738743,0.0422139,0,0,0
62224,62252,62238,22.5,55.4877,-20.752,39.5621,-60.2146,535.83,4.00525,3.46654,440.108,0.380876,0.0025734,0.386471,0.412821,0.386471,0.219586,0.439172,0.30742,0.544573,0.58849,0.324987,0.210802,0.131752,0.0527006,0,0,0
62253,62281,62267,22.6,55.4838,-20.7515,38.9622,-59.4715,540.053,3.42579,3.22055,412.481,0.384233,0.00247706,0.248646,0.211809,0.267064,0.340737,0.432828,0.267064,0.469664,0.442037,0.294691,0.3039,0.119718,0.0276273,0,0,0
62282,62311,62296,22.7,55.4796,-20.7514,38.3903,-58.6914,544.319,3.50889,2.82723,339.709,0.360469,0.00215064,0.32601,0.274534,0.343168,0.368906,0.360326,0.308851,0.480435,0.386064,0.360326,0.197322,0.0686336,0.0343168,0,0,0
62313,62344,62328,22.8,55.4748,-20.7517,37.8219,-57.3665,550.022,2.97571,2.37296,283.581,0.358515,0.00178438,0.342127,0.318258,0.182998,0.167085,0.318258,0.270519,0.58082,0.294388,0.254606,0.151172,0.0954773,0,0,0,0
62345,62375,62360,22.9,55.4696,-20.7517,37.2729,-55.9254,556.012,3.73695,3.12547,362.006,0.347474,0.00249435,0.347003,0.266925,0.329208,0.258028,0.364798,0.275823,0.569441,0.676211,0.302515,0.275823,0.0711801,0,0,0,0
62376,62404,62390,23,55.4655,-20.7511,36.7337,-55.3585,559.788,3.82033,3.12999,371.608,0.356175,0.00239597,0.32853,0.35669,0.366076,0.30037,0.30037,0.32853,0.638287,0.525648,0.375463,0.187731,0.0844791,0.0281597,0,0,0
62405,62433,62419,23.1,55.4625,-20.7498,36.1978,-55.4104,562.01,3.07502,2.52848,295.126,0.350162,0.00199027,0.334242,0.289676,0.189404,0.211686,0.267393,0.245111,0.523645,0.512504,0.211686,0.222828,0.0668484,0,0,0,0
62434,62462,62448,23.2,55.4599,-20.7485,35.6642,-55.6254,563.842,3.50728,2.73533,312.431,0.342662,0.00211316,0.422172,0.248973,0.259798,0.259798,0.313923,0.368048,0.562896,0.573721,0.194849,0.238148,0.0432997,0.0216499,0,0,0
62463,62490,62476,23.3,55.4575,-20.748,35.132,-55.712,566.044,3.14575,2.57313,298.585,0.348118,0.00202617,0.24361,0.296569,0.275385,0.211835,0.381303,0.222427,0.466037,0.455445,0.338936,0.190651,0.0317752,0.0317752,0,0,0
62491,62519,62505,23.4,55.4549,-20.7474,34.6525,-55.7146,568.264,2.74481,2.57333,318.606,0.371432,0.00203437,0.23744,0.151962,0.19945,0.265933,0.19945,0.189952,0.512871,0.379904,0.294426,0.218445,0.0759809,0.0189952,0,0,0
62521,62552,62536,23.5,55.4516,-20.7467,34.1571,-56.0071,569.839,3.023,2.28327,255.143,0.335234,0.0017918,0.287905,0.249517,0.326292,0.191936,0.335889,0.259114,0.518228,0.374276,0.230324,0.21113,0.0383873,0,0,0,0
62553,62587,62570,23.6,55.4473,-20.7458,33.6591,-55.8619,572.619,3.30841,2.56278,293.171,0.343187,0.00199236,0.309357,0.360917,0.266391,0.214832,0.335137,0.283578,0.618715,0.352324,0.300764,0.206238,0.0429663,0.0171865,0,0,0
62588,62621,62604,23.7,55.4417,-20.7446,33.1713,-55.4878,576.002,3.09714,2.28181,261.674,0.344035,0.0017145,0.404349,0.32692,0.18927,0.240889,0.369936,0.223682,0.421555,0.481777,0.249492,0.111841,0.0688253,0.00860316,0,0,0
62622,62654,62638,23.8,55.4355,-20.7437,32.6921,-55.4724,578.443,3.18141,2.54407,286.039,0.3373,0.00197847,0.413294,0.153784,0.211453,0.173007,0.317179,0.269122,0.57669,0.595913,0.269122,0.134561,0.0672805,0,0,0,0
62655,62684,62670,23.9,55.4299,-20.7432,32.2173,-55.6069,580.506,3.03412,2.2271,248.696,0.335004,0.00170773,0.421105,0.194356,0.248344,0.237547,0.35632,0.269939,0.377915,0.464296,0.291535,0.118773,0.0323927,0.0215951,0,0,0
62686,62713,62700,24,55.4248,-20.7433,31.7458,-55.7437,582.589,2.78426,1.98082,215.342,0.32614,0.00149058,0.296198,0.225111,0.272502,0.201415,0.296198,0.225111,0.509461,0.426525,0.177719,0.106631,0.0473917,0,0,0,0
62714,62741,62728,24.1,55.4201,-20.7434,31.2959,-55.5911,585.382,2.83159,2.12558,237.45,0.335132,0.00159226,0.235966,0.278868,0.22524,0.171611,0.311046,0.321771,0.504108,0.364674,0.268143,0.0858057,0.0536286,0.0107257,0,0,0
62742,62769,62756,24.2,55.4152,-20.7432,30.8485,-55.4281,588.236,2.97367,2.02313,216.206,0.320601,0.00146715,0.258092,0.280535,0.201985,0.280535,0.426413,0.314199,0.471298,0.40397,0.213206,0.0673284,0.056107,0,0,0,0
62770,62797,62784,24.3,55.4096,-20.7427,30.3954,-55.4229,590.741,3.19343,2.10721,220.439,0.313836,0.00157137,0.416002,0.281413,0.220237,0.305884,0.281413,0.416002,0.489415,0.416002,0.220237,0.110118,0.0367061,0,0,0,0
62798,62824,62811,24.4,55.4036,-20.7422,29.9643,-55.3465,593.365,2.62556,1.81522,193.329,0.319512,0.00139067,0.284543,0.181073,0.258675,0.245742,0.336278,0.219874,0.375079,0.388013,0.181073,0.129338,0.0258675,0,0,0,0
