data/B2SAP/Locations/La Reunion/NOAA-POPS-B2SAP_GMLBalloon_20230302_R0.ict
61,1001
Thornberry, T. D.
NOAA Chemical Sciences Laboratory
Portable Optical Particle Spectrometer (POPS)
Balloon Baseline Stratospheric Aerosol Profiles (B2SAP)
1,1
2023,03,02,2024,05,28
0
TIME_START,s,Seconds since midnight UTC on flight start day,Start time of 100 m altitude bin in UTC_seconds_since_midnight
28
1.0,1.0,1.0,1.0,1.0,1.0,1.0,1.0,1.0,1.0,1.0,1.0,1.0,1.0,1.0,1.0,1.0,1.0,1.0,1.0,1.0,1.0,1.0,1.0,1.0,1.0,1.0,1.0
99999,99999,99999,99999,99999,99999,99999,99999,99999,99999,99999,99999,99999,99999,99999,99999,99999,99999,99999,99999,99999,99999,99999,99999,99999,99999,99999,99999
TIME_STOP,s,End time of 100 m altitude bin in UTC seconds since midnight,
TIME_MID,s,Mid time of 100 m altitude in UTC seconds since midnight,
GPSAlt,m,GPS reported altitude above sea level (m),
GPS_Lon,deg,GPS reported longitude,
GPS_Lat,deg,GPS reported latitude,
iMet_Pressure,mb,Pressure reported (mB),
iMet_Temperature,degrees C,Ambient temperature (oC),
THETA,K,Potential temperature from iMet,
Aerosol_concentration,cm^-3,Aerosol concentration,
Surface_Area_Conc,um^2 cm^-3,Surface area concentration,
Volume_density,um^3 cm^-3,Volume density,
Effective_radius,um,Effective radius,
Extinction,km^-1,Extinction,
Bin01,cm^-3,particle concentration in size range [140 - 170 nm],
Bin02,cm^-3,particle concentration in size range [170 - 205 nm],
Bin03,cm^-3,particle concentration in size range [205 - 249 nm],
Bin04,cm^-3,particle concentration in size range [249 - 302 nm],
Bin05,cm^-3,particle concentration in size range [302 - 366 nm],
Bin06,cm^-3,particle concentration in size range [366 - 443 nm],
Bin07,cm^-3,particle concentration in size range [443 - 537 nm],
Bin08,cm^-3,particle concentration in size range [537 - 651 nm],
Bin09,cm^-3,particle concentration in size range [651 - 789 nm],
Bin10,cm^-3,particle concentration in size range [789 - 956 nm],
Bin11,cm^-3,particle concentration in size range [956 - 1159 nm],
Bin12,cm^-3,particle concentration in size range [1159 - 1404 nm],
Bin13,cm^-3,particle concentration in size range [1404 - 1702 nm],
Bin14,cm^-3,particle concentration in size range [1702 - 2062 nm],
Bin15,cm^-3,particle concentration in size range [2062 - 2500 nm],
0
19
PI_CONTACT_INFO: 325 Broadway R/CSL6, Boulder, CO 80305; troy.thornberry@noaa.gov; 303-497-3373 
PLATFORM: GML ECC/FPH balloon
LOCATION: Reunion, AL, USA
ASSOCIATED_DATA: N/A
INSTRUMENT_INFO: Printed Optical Particle Spectrometer counts particles from 140 - 2500 nm in diameter 
DATA_INFO: Particle concentrations reported in number per cubic centimeter, binned to 100 m altitude
UNCERTAINTY: Counting uncertainty dominated by air flow, less than 5 percent
ULOD_FLAG: -77777
ULOD_VALUE: 3000 ~3000 per cm3 (varies depending on flow rate- manufacturer quotes 1250  per cm3 at 1.667 cc/s)
LLOD_FLAG: -88888
LLOD_VALUE: 0 0 (varies depending on data field and measurement precision)
DM_CONTACT_INFO: Troy Thornberry, 325 Broadway R/CSL6, Boulder, CO 80305; troy.thornberry@noaa.gov; 303-497-3373
PROJECT_INFO: B2SAP Reunion, AL, USA
STIPULATIONS_ON_USE: Please contact the PIs for questions regarding applications and uncertainties
OTHER_COMMENTS: POPS bin Edges (nm):  140, 170, 205, 249, 302, 366, 443, 537, 651, 789, 956, 1159, 1404, 1702, 2062, 2500
Calculations assume sulfate refractive index of 1.45+0.00j and extinction wavelength = 532 nm
REVISION: R0
R0: QA/QC data
TIME_START,TIME_STOP,TIME_MID,GPSAlt,GPS_Lon,GPS_Lat,iMet_Pressure,iMet_Temperature,THETA,Aerosol_concentration,Surface_Area_Conc,Volume_density,Effective_radius,Extinction,Bin01,Bin02,Bin03,Bin04,Bin05,Bin06,Bin07,Bin08,Bin09,Bin10,Bin11,Bin12,Bin13,Bin14,Bin15
53827,54414,54120,2.2,55.3833,-21.0802,791.38,14.8556,307.918,478.24,74.5884,3806.78,0.153112,0.0145216,107.27,150.176,117.961,60.5135,32.01,6.39255,2.78991,0.468432,0.124127,0.112306,0.110828,0.106395,0.112306,0.0384203,0.0546751
53829,54447,54138,2.3,55.3834,-21.0799,786.325,14.0102,307.577,430.577,65.2289,3200.88,0.147214,0.0121941,103.669,136.03,103.82,50.9554,27.4655,5.32144,2.43756,0.384517,0.130461,0.054931,0.0686638,0.109862,0.0686638,0.0137328,0.0480646
53883,54305,54094,2.1,55.3835,-21.0802,791.629,15.5249,308.607,467.884,72.808,3545.2,0.146077,0.0139966,104.229,144.783,116.035,60.2232,32.0527,6.63039,2.97776,0.445273,0.0904461,0.104361,0.0626165,0.118276,0.0765313,0.0139148,0.0417443
54448,54492,54470,2.4,55.3852,-21.0792,770.094,12.1094,307.364,334.748,46.4412,2259.16,0.145936,0.00782542,97.8666,112.267,73.6431,31.7955,14.4118,2.80805,1.30023,0.229452,0.109263,0.0764839,0.0655577,0.0327788,0.0874102,0.0109263,0.0437051
54494,54527,54510,2.5,55.3866,-21.079,761.124,12.5604,308.881,171.686,21.9254,906.618,0.124051,0.00321074,57.1975,60.1952,33.363,13.1016,5.95529,1.01708,0.508541,0.20074,0.0267653,0.040148,0.0133827,0.040148,0.0267653,0,0
54528,54580,54554,2.6,55.3882,-21.08,751.735,12.652,310.086,30.7111,3.88352,187.862,0.145122,0.000724319,15.0725,8.05436,4.04024,1.96788,0.949109,0.313467,0.191563,0.0435371,0.0261223,0.0174148,0.00870742,0.00870742,0.0174148,0,0
54582,54645,54614,2.7,55.3901,-21.0818,742.903,12.4073,310.867,32.4252,4.30248,230.1,0.160443,0.000958146,16.4686,7.69517,4.21217,1.96258,1.22564,0.434404,0.209445,0.116358,0.0310289,0.0387861,0.00775722,0.00775722,0.00775722,0.00775722,0
54646,54708,54677,2.8,55.3921,-21.0837,734.812,11.733,311.103,30.0697,3.86984,213.237,0.165307,0.000766084,15.4918,7.48956,3.68534,1.88725,0.809883,0.371506,0.215474,0.0445807,0.00743012,0.0148602,0,0.0371506,0.00743012,0.00743012,0
54710,54764,54737,2.9,55.3944,-21.0858,725.984,11.3211,311.727,28.9355,3.27437,147.51,0.13515,0.000546394,16.9309,6.97434,2.62364,1.39676,0.566252,0.179313,0.122688,0.0849378,0.0283126,0,0.0188751,0,0.00943754,0,0
54765,54813,54789,3,55.3961,-21.0875,717.248,10.7864,312.219,33.8838,3.77189,159.168,0.126595,0.000559081,17.9672,9.49894,4.09071,1.45565,0.46751,0.201879,0.0956269,0.0425009,0.0106252,0.0318756,0.0106252,0.0106252,0,0,0
54814,54859,54836,3.1,55.3978,-21.0891,708.583,10.1303,312.581,33.7729,3.62949,132.974,0.109911,0.00045916,17.9286,9.38964,4.07274,1.52063,0.542324,0.138239,0.148873,0,0.0106338,0.0212676,0,0,0,0,0
54860,54907,54884,3.2,55.3997,-21.0906,700.349,9.5525,312.987,26.7738,2.87871,113.275,0.118048,0.000399836,15.0916,7.03489,2.88863,0.992351,0.491263,0.117903,0.0982526,0.00982526,0.0294758,0.00982526,0.00982526,0,0,0,0
54908,54956,54932,3.3,55.4018,-21.0924,691.831,8.79485,313.241,20.5798,2.10895,83.9108,0.119364,0.000290662,13.1283,4.7681,1.56086,0.609376,0.288652,0.0748357,0.0962173,0.0320724,0,0.0106908,0.0106908,0,0,0,0
54958,55007,54982,3.4,55.404,-21.0943,683.612,8.03472,313.465,17.0226,1.86462,104.895,0.168766,0.000331659,11.2006,3.58577,1.21168,0.531955,0.28568,0.0689572,0.0689572,0.0394041,0,0.00985102,0.00985102,0,0,0.00985102,0
55011,55071,55041,3.5,55.4064,-21.0964,675.693,7.44841,313.855,11.5716,1.32579,68.795,0.15567,0.000270655,7.3755,2.67907,0.742392,0.338918,0.209806,0.0806948,0.0564863,0.0403474,0.0242084,0.00806948,0,0.00806948,0.00806948,0,0
55072,55137,55104,3.6,55.4096,-21.0991,667.417,6.79163,314.225,10.4438,1.20761,64.7067,0.160747,0.000263771,6.92602,2.16757,0.65684,0.262736,0.197052,0.0948769,0.065684,0.0291929,0.00729823,0.0218947,0.00729823,0,0.00729823,0,0
55138,55206,55172,3.7,55.4129,-21.1017,659.487,6.07904,314.497,13.7471,1.57388,88.5483,0.168784,0.0003365,9.43994,2.58704,0.921976,0.350901,0.199532,0.0412825,0.0756846,0.0688042,0.0275217,0.00688042,0,0.0137608,0.0137608,0,0
55208,55268,55238,3.8,55.4165,-21.1041,651.287,5.39522,314.85,20.3537,2.10335,99.2971,0.141627,0.000356663,14.3742,3.99415,1.04739,0.453347,0.195408,0.0859797,0.101612,0.046898,0.0156327,0.0156327,0.00781633,0.00781633,0.00781633,0,0
55270,55330,55300,3.9,55.4197,-21.1065,643.431,4.9922,315.487,18.312,1.93039,81.3381,0.126407,0.000309732,12.3917,3.44553,1.24179,0.59466,0.3498,0.131175,0.113685,0.008745,0.008745,0.01749,0,0.008745,0,0,0
55331,55389,55360,4,55.4228,-21.1085,635.725,4.43932,315.946,13.5886,1.41676,63.7024,0.13489,0.000218652,10.0135,1.93889,0.703563,0.441772,0.237248,0.147257,0.0736286,0.0163619,0,0,0,0.0163619,0,0,0
55392,55442,55417,4.1,55.4252,-21.11,628.459,3.96417,316.442,11.2614,1.38814,93.0457,0.201087,0.000308155,7.90099,1.86023,0.700088,0.270034,0.260033,0.150019,0.0300038,0.0300038,0.0100013,0.0100013,0,0.0100013,0.0300038,0,0
55443,55495,55469,4.2,55.4275,-21.1109,620.416,3.16853,316.697,11.6058,1.33384,82.1348,0.184733,0.000275461,7.96835,2.06942,0.650695,0.416018,0.234677,0.128006,0.0960042,0.0320014,0,0,0,0,0,0.0106671,0
55496,55547,55522,4.3,55.4296,-21.1115,612.858,2.53821,317.083,10.3734,1.29057,78.2778,0.18196,0.000359763,7.32619,1.66715,0.611288,0.277858,0.175977,0.101881,0.101881,0.0277858,0.0277858,0.0370477,0,0.0185239,0,0,0
55548,55597,55572,4.4,55.4316,-21.1119,605.42,1.79103,317.329,9.47117,1.05409,51.2864,0.145964,0.000218316,6.86195,1.41139,0.473558,0.30642,0.194995,0.0835691,0.0835691,0.0278564,0.00928546,0.00928546,0,0.00928546,0,0,0
55598,55649,55624,4.5,55.4337,-21.1121,597.971,1.02553,317.567,9.1546,1.11201,60.4623,0.163116,0.000303247,6.42729,1.5353,0.50541,0.209793,0.143041,0.123969,0.104896,0.0572162,0.0190721,0.0190721,0.00953604,0,0,0,0
55654,55703,55678,4.6,55.4356,-21.1123,590.649,0.306944,317.851,7.7562,0.986192,61.377,0.186709,0.000261378,5.30581,1.31633,0.516405,0.243014,0.131633,0.0506279,0.121507,0.0303768,0,0.0202512,0,0.0202512,0,0,0
55704,55761,55732,4.7,55.4374,-21.1125,583.539,-0.471364,318.045,8.18928,1.00557,56.2297,0.167754,0.000269495,5.61977,1.37593,0.547057,0.232085,0.165775,0.0745987,0.0911762,0.0414437,0,0.033155,0,0.00828875,0,0,0
55763,55822,55792,4.8,55.4394,-21.1128,576.308,-1.15081,318.385,8.46869,0.970056,47.9904,0.148415,0.000211299,5.9419,1.27326,0.641567,0.227016,0.187535,0.0197405,0.108573,0.0493513,0.00987027,0,0,0.00987027,0,0,0
55824,55884,55854,4.9,55.4417,-21.1137,568.969,-1.74553,318.854,8.7375,1.05063,53.2834,0.152146,0.00025546,5.85711,1.61841,0.462403,0.298636,0.250468,0.0578004,0.115601,0.0385336,0.0289002,0,0.0096334,0,0,0,0
55888,55947,55918,5,55.4442,-21.1151,562.027,-2.3619,319.248,7.93616,0.900834,43.6136,0.145244,0.000192817,5.44569,1.37677,0.561231,0.219231,0.122769,0.0701539,0.0876923,0.0263077,0.0175385,0,0.00876923,0,0,0,0
55951,56002,55976,5.1,55.4467,-21.1167,554.786,-3.15919,319.49,7.59748,1.01343,80.0471,0.236959,0.00033203,5.3641,1.17651,0.478582,0.21935,0.119645,0.0697932,0.0498523,0.0498523,0.0398818,0.0199409,0,0,0,0.00997045,0
56007,56051,56029,5.2,55.4487,-21.1182,548.003,-3.54606,320.155,8.37749,1.13571,72.851,0.192437,0.000319172,5.52892,1.4355,0.560742,0.325231,0.179438,0.123363,0.123363,0.0560742,0.0112148,0.0112148,0,0.0112148,0.0112148,0,0
56055,56099,56077,5.3,55.4506,-21.1199,541.011,-4.122,320.646,6.31151,0.834707,49.3791,0.177472,0.00024325,4.16538,1.08892,0.422881,0.253729,0.148009,0.0634322,0.0740043,0.0528602,0.0211441,0.010572,0,0.010572,0,0,0
56102,56143,56122,5.4,55.4521,-21.1215,534.338,-4.7229,321.066,7.18734,0.821546,41.4456,0.151345,0.00016798,4.85116,1.34688,0.417176,0.262225,0.16687,0.0357579,0.0595965,0.0238386,0.0119193,0,0.0119193,0,0,0,0
56144,56183,56164,5.5,55.4532,-21.1229,527.648,-5.26958,321.567,6.94101,0.942078,54.7717,0.174418,0.000268266,4.61191,1.04886,0.462734,0.262216,0.246791,0.0771223,0.169669,0.0308489,0.0154245,0,0.0154245,0,0,0,0
56184,56223,56204,5.6,55.4539,-21.1242,521.216,-5.83643,322.013,8.00494,0.9343,47.4405,0.15233,0.00019561,5.45611,1.35407,0.491182,0.265504,0.252229,0.0796512,0.0531008,0.0265504,0.0132752,0,0.0132752,0,0,0,0
56225,56264,56244,5.7,55.4544,-21.1253,514.49,-6.58758,322.302,6.62275,0.789375,38.6951,0.14706,0.000212072,4.66757,0.971939,0.429461,0.203429,0.135619,0.0565081,0.0791113,0.0452065,0.0226032,0.0113016,0,0,0,0,0
56266,56309,56288,5.8,55.4548,-21.1263,507.628,-7.17438,322.829,7.1863,0.921413,52.7128,0.171626,0.000252356,4.94642,1.09661,0.466643,0.256654,0.104995,0.116661,0.139993,0.0233322,0.0116661,0.0116661,0,0.0116661,0,0,0
56310,56356,56333,5.9,55.4552,-21.1272,501.35,-7.64971,323.4,7.38689,1.02089,70.369,0.206787,0.000342147,5.29162,1.13316,0.331395,0.160352,0.160352,0.0855212,0.074831,0.074831,0.0320704,0.0213803,0,0.0213803,0,0,0
56357,56407,56382,6,55.4555,-21.129,494.973,-8.04128,324.106,7.63211,1.04476,66.6907,0.1915,0.000325064,5.27936,1.13812,0.44951,0.239101,0.200845,0.0860764,0.105205,0.0956405,0,0.0191281,0.00956405,0.00956405,0,0,0
56410,56468,56439,6.1,55.4552,-21.131,488.917,-8.39909,324.809,6.11217,0.929768,63.5817,0.205153,0.000349735,4.09464,0.902353,0.357536,0.221332,0.212819,0.0851276,0.110666,0.0510766,0.0340511,0.0340511,0,0,0.00851276,0,0
56469,56525,56497,6.2,55.4545,-21.1327,482.678,-9.10238,325.137,6.17282,0.878249,55.4711,0.189483,0.000282247,4.01993,0.90225,0.544924,0.241196,0.178663,0.107198,0.0893317,0.0267995,0.0357327,0.0178663,0,0,0.00893317,0,0
56527,56571,56549,6.3,55.4546,-21.1341,476.867,-9.81938,325.378,5.73756,0.834249,52.4636,0.188662,0.000272518,3.76233,0.846525,0.458534,0.152845,0.211631,0.0940584,0.117573,0.0587865,0.0117573,0.0117573,0,0.0117573,0,0,0
56576,56620,56598,6.4,55.4554,-21.1355,470.441,-10.4343,325.879,6.30203,0.913,59.0298,0.193964,0.000307625,4.15709,1.00097,0.326848,0.337062,0.173638,0.0919259,0.122568,0.010214,0.0612839,0.010214,0,0,0.010214,0,0
56621,56662,56642,6.5,55.4562,-21.1364,464.479,-10.0563,327.54,8.56185,1.19604,92.6603,0.232418,0.000340669,6.06986,1.33648,0.403729,0.250591,0.236669,0.0696085,0.0835302,0.0278434,0.0278434,0,0.0278434,0.0278434,0,0,0
56663,56705,56684,6.6,55.4564,-21.1369,458.371,-10.2496,328.539,13.6029,1.50904,64.5735,0.128373,0.000310887,9.3424,2.39477,0.80754,0.431616,0.22277,0.181,0.139231,0.0696155,0,0.0139231,0,0,0,0,0
56706,56747,56726,6.7,55.457,-21.1376,452.662,-10.7714,329.063,11.7002,1.27736,64.0076,0.150327,0.000264814,8.49392,1.74533,0.775701,0.245639,0.258567,0.0517134,0.0517134,0.0258567,0.0129283,0.0258567,0.0129283,0,0,0,0
56750,56794,56772,6.8,55.458,-21.1385,446.905,-11.4536,329.41,7.10459,0.890017,50.2262,0.169298,0.000233194,4.84833,1.08091,0.629654,0.157413,0.136425,0.0419769,0.125931,0.0629654,0.0104942,0,0,0,0.0104942,0,0
56795,56844,56820,6.9,55.4594,-21.1393,441.278,-12.3359,329.49,6.96498,0.786371,35.4816,0.135362,0.000177057,4.87326,1.11262,0.445046,0.189145,0.14464,0.0778831,0.0778831,0.0222523,0.0111262,0.0111262,0,0,0,0,0
56846,56898,56872,7,55.4614,-21.1405,435.439,-13.165,329.695,6.82574,0.912118,61.1011,0.200965,0.000288396,4.6138,1.22886,0.413343,0.223428,0.134057,0.0670285,0.0335143,0.0446857,0.0111714,0.0446857,0,0,0.0111714,0,0
56900,56957,56928,7.1,55.4639,-21.1413,429.8,-13.5045,330.494,7.83229,1.20139,102.615,0.256241,0.00040342,5.30603,1.33104,0.516116,0.208257,0.181093,0.0996013,0.0452733,0.0181093,0.054328,0.0181093,0.0362187,0,0.0181093,0,0
56958,57015,56986,7.2,55.4659,-21.1421,424.3,-13.1212,332.202,10.088,1.47755,115.982,0.235488,0.000463978,6.93891,1.5881,0.68577,0.279722,0.198512,0.0812096,0.135349,0.0812096,0.0360931,0,0.0360931,0.0180466,0.00902328,0,0
57016,57063,57040,7.3,55.4664,-21.1434,418.694,-12.8352,333.833,10.691,1.29172,70.1116,0.162833,0.000344026,7.17691,2.0718,0.709679,0.206036,0.228929,0.0572321,0.125911,0.0457857,0.0343393,0.0228929,0.0114464,0,0,0,0
57064,57107,57086,7.4,55.4667,-21.1438,413.459,-13.0734,334.729,11.6711,1.44705,117.598,0.243803,0.00031744,7.80048,1.83471,0.923274,0.485311,0.414289,0.106532,0.0710211,0.0236737,0,0,0,0,0,0,0.0118368
57108,57149,57128,7.5,55.4672,-21.1438,407.983,-13.7306,335.157,12.279,1.35139,67.3091,0.149423,0.000226545,8.44683,2.11746,0.943651,0.264683,0.276191,0.126587,0.0575397,0.0230159,0,0,0,0.0230159,0,0,0
57150,57190,57170,7.6,55.4677,-21.1437,402.628,-14.5044,335.421,12.3317,1.59555,92.0691,0.173111,0.000395726,7.72073,2.31145,1.08424,0.42893,0.440844,0.083403,0.131062,0.083403,0.0119147,0.0119147,0,0.0119147,0.0119147,0,0
57193,57237,57215,7.7,55.4682,-21.144,397.198,-15.29,335.702,12.9081,1.72878,107.851,0.187157,0.000434921,7.77855,2.50306,1.29081,0.606121,0.325509,0.190816,0.134694,0,0,0.0448979,0.0112245,0.0112245,0.0112245,0,0
57241,57284,57262,7.8,55.469,-21.1446,391.845,-15.9817,336.102,13.0296,1.76093,90.0592,0.153429,0.000489627,7.52339,2.62773,1.23209,0.686918,0.348911,0.294393,0.196262,0.0654207,0.0109035,0.0436138,0,0,0,0,0
57287,57336,57312,7.9,55.4699,-21.1455,387.088,-16.6675,336.378,13.8763,1.65084,71.7814,0.130445,0.000330405,8.12192,3.05766,1.15724,0.721948,0.541461,0.106169,0.0955519,0.0424675,0.0106169,0.0212338,0,0,0,0,0
57338,57385,57362,8,55.4708,-21.1466,381.982,-17.4726,336.596,15.7303,1.97012,83.6916,0.127441,0.000400586,8.60831,3.40617,1.77121,0.81748,0.582145,0.309652,0.173405,0.0495442,0.0123861,0,0,0,0,0,0
57386,57432,57409,8.1,55.4717,-21.1474,376.883,-18.3107,336.783,15.3316,1.95125,100.277,0.154174,0.000407118,8.3905,3.44396,1.78182,0.944097,0.398914,0.119674,0.172863,0.0265943,0.0265943,0,0.0132971,0.0132971,0,0,0
57433,57476,57454,8.2,55.4727,-21.1478,371.947,-19.0842,337.028,13.7906,1.65632,71.9338,0.13029,0.000328922,8.07307,2.63392,1.63817,0.67454,0.417573,0.192726,0.10707,0.021414,0.010707,0.021414,0,0,0,0,0
57479,57526,57502,8.3,55.4739,-21.1476,367.03,-19.7135,337.474,13.4343,1.72404,90.8733,0.158129,0.000412573,8.06269,2.73294,1.23558,0.51308,0.439783,0.178007,0.157065,0.0837682,0,0.010471,0.0209421,0,0,0,0
57527,57569,57548,8.4,55.4754,-21.1464,362.22,-20.2266,338.063,15.2081,1.76591,83.4392,0.14175,0.000371684,9.79957,2.99739,1.19453,0.4756,0.342874,0.154847,0.132726,0.0774233,0.0110605,0.0110605,0,0.0110605,0,0,0
57575,57623,57599,8.5,55.4773,-21.1445,357.256,-20.9752,338.394,14.1521,1.56625,75.8406,0.145265,0.000349881,10.4874,1.96785,0.765931,0.341723,0.223888,0.106052,0.153186,0.0589178,0.0235671,0.0117836,0.0117836,0,0,0,0
57625,57674,57650,8.6,55.479,-21.1429,352.392,-21.8136,338.593,13.1502,1.45891,71.3094,0.146635,0.000276589,8.98962,2.43448,0.868032,0.369163,0.199548,0.109751,0.0897964,0.0698416,0,0,0.00997738,0.00997738,0,0,0
57675,57723,57699,8.7,55.4807,-21.1409,347.408,-22.4717,339.083,10.5087,1.24465,56.1255,0.13528,0.000218195,6.21413,2.07138,1.11702,0.563935,0.303657,0.151829,0.0433796,0.0325347,0,0,0.0108449,0,0,0,0
57724,57770,57747,8.8,55.4825,-21.1395,342.832,-23.2411,339.325,11.0786,1.25578,50.0836,0.119647,0.000220084,6.89574,2.11844,1.04841,0.389101,0.33506,0.183742,0.0756586,0.0216167,0.0108084,0,0,0,0,0,0
57771,57816,57794,8.9,55.4842,-21.1382,338.294,-23.9,339.722,8.17823,0.987518,46.8564,0.142346,0.000183233,4.81747,1.75494,0.72262,0.367045,0.332635,0.0917613,0.068821,0.0114702,0,0,0.0114702,0,0,0,0
57817,57860,57838,9,55.4857,-21.1364,333.685,-24.7347,339.914,7.45832,0.969577,47.2208,0.146108,0.000250649,4.30571,1.5211,0.797353,0.257606,0.331208,0.0858688,0.110403,0,0.0368009,0.012267,0,0,0,0,0
57861,57903,57882,9.1,55.4873,-21.1345,329.419,-25.4207,340.223,6.12711,0.757294,36.0619,0.142858,0.000197166,3.8656,1.13075,0.525932,0.262966,0.144631,0.0657416,0.0525932,0.0394449,0.0394449,0,0,0,0,0,0
57905,57942,57924,9.2,55.4895,-21.1321,324.865,-26.2967,340.372,5.05002,0.703893,41.9494,0.178789,0.000238035,3.07736,1.01264,0.394533,0.263022,0.105209,0.0526044,0.0657555,0.0263022,0.0131511,0.0394533,0,0,0,0,0
57945,57985,57965,9.3,55.4916,-21.1293,320.216,-27.1574,340.584,3.20286,0.479385,39.1172,0.244796,0.000148514,2.06148,0.617278,0.232935,0.104821,0.0815273,0.0349403,0.0232935,0.0116468,0,0.0116468,0.0232935,0,0,0,0
57986,58027,58006,9.4,55.4933,-21.1263,315.718,-28.1079,340.642,2.9399,0.611334,69.0873,0.339032,0.000258675,1.98834,0.497085,0.127822,0.0994171,0.0710122,0,0.0568098,0.0142024,0.0284049,0.0142024,0,0.0284049,0.0142024,0,0
