data/B2SAP/Locations/La Reunion/NOAA-POPS-B2SAP_GMLBalloon_20230302_R0.ict
61,1001
Thornberry, T. D.
NOAA Chemical Sciences Laboratory
Portable Optical Particle Spectrometer (POPS)
Balloon Baseline Stratospheric Aerosol Profiles (B2SAP)
1,1
2023,03,02,2024,05,28
0
TIME_START,s,Seconds since midnight UTC on flight start day,Start time of 100 m altitude bin in UTC_seconds_since_midnight
28
1.0,1.0,1.0,1.0,1.0,1.0,1.0,1.0,1.0,1.0,1.0,1.0,1.0,1.0,1.0,1.0,1.0,1.0,1.0,1.0,1.0,1.0,1.0,1.0,1.0,1.0,1.0,1.0
99999,99999,99999,99999,99999,99999,99999,99999,99999,99999,99999,99999,99999,99999,99999,99999,99999,99999,99999,99999,99999,99999,99999,99999,99999,99999,99999,99999
TIME_STOP,s,End time of 100 m altitude bin in UTC seconds since midnight,
TIME_MID,s,Mid time of 100 m altitude in UTC seconds since midnight,
GPSAlt,m,GPS reported altitude above sea level (m),
GPS_Lon,deg,GPS reported longitude,
GPS_Lat,deg,GPS reported latitude,
iMet_Pressure,mb,Pressure reported (mB),
iMet_Temperature,degrees C,Ambient temperature (oC),
THETA,K,Potential temperature from iMet,
Aerosol_concentration,cm^-3,Aerosol concentration,
Surface_Area_Conc,um^2 cm^-3,Surface area concentration,
Volume_density,um^3 cm^-3,Volume density,
Effective_radius,um,Effective radius,
Extinction,km^-1,Extinction,
Bin01,cm^-3,particle concentration in size range [140 - 170 nm],
Bin02,cm^-3,particle concentration in size range [170 - 205 nm],
Bin03,cm^-3,particle concentration in size range [205 - 249 nm],
Bin04,cm^-3,particle concentration in size range [249 - 302 nm],
Bin05,cm^-3,particle concentration in size range [302 - 366 nm],
Bin06,cm^-3,particle concentration in size range [366 - 443 nm],
Bin07,cm^-3,particle concentration in size range [443 - 537 nm],
Bin08,cm^-3,particle concentration in size range [537 - 651 nm],
Bin09,cm^-3,particle concentration in size range [651 - 789 nm],
Bin10,cm^-3,particle concentration in size range [789 - 956 nm],
Bin11,cm^-3,particle concentration in size range [956 - 1159 nm],
Bin12,cm^-3,particle concentration in size range [1159 - 1404 nm],
Bin13,cm^-3,particle concentration in size range [1404 - 1702 nm],
Bin14,cm^-3,particle concentration in size range [1702 - 2062 nm],
Bin15,cm^-3,particle concentration in size range [2062 - 2500 nm],
0
19
PI_CONTACT_INFO: 325 Broadway R/CSL6, Boulder, CO 80305; troy.thornberry@noaa.gov; 303-497-3373 
PLATFORM: GML ECC/FPH balloon
LOCATION: Reunion, AL, USA
ASSOCIATED_DATA: N/A
INSTRUMENT_INFO: Printed Optical Particle Spectrometer counts particles from 140 - 2500 nm in diameter 
DATA_INFO: Particle concentrations reported in number per cubic centimeter, binned to 100 m altitude
UNCERTAINTY: Counting uncertainty dominated by air flow, less than 5 percent
ULOD_FLAG: -77777
ULOD_VALUE: 3000 ~3000 per cm3 (varies depending on flow rate- manufacturer quotes 1250  per cm3 at 1.667 cc/s)
LLOD_FLAG: -88888
LLOD_VALUE: 0 0 (varies depending on data field and measurement precision)
DM_CONTACT_INFO: Troy Thornberry, 325 Broadway R/CSL6, Boulder, CO 80305; troy.thornberry@noaa.gov; 303-497-3373
PROJECT_INFO: B2SAP Reunion, AL, USA
STIPULATIONS_ON_USE: Please contact the PIs for questions regarding applications and uncertainties
OTHER_COMMENTS: POPS bin Edges (nm):  140, 170, 205, 249, 302, 366, 443, 537, 651, 789, 956, 1159, 1404, 1702, 2062, 2500
Calculations assume sulfate refractive index of 1.45+0.00j and extinction wavelength = 532 nm
REVISION: R0
R0: QA/QC data
TIME_START,TIME_STOP,TIME_MID,GPSAlt,GPS_Lon,GPS_Lat,iMet_Pressure,iMet_Temperature,THETA,Aerosol_concentration,Surface_Area_Conc,Volume_density,Effective_radius,Extinction,Bin01,Bin02,Bin03,Bin04,Bin05,Bin06,Bin07,Bin08,Bin09,Bin10,Bin11,Bin12,Bin13,Bin14,Bin15
[from data line 75]
58070,58112,58091,9.6,55.4964,-21.1207,307.434,-29.9209,340.701,2.61774,0.363966,26.8992,0.221718,0.000115368,1.87847,0.448408,0.0605957,0.0605957,0.0727149,0.0363574,0.0121191,0.0121191,0.0242383,0,0,0.0121191,0,0,0
58114,58152,58133,9.7,55.4982,-21.1178,303.099,-30.8997,340.709,3.17652,0.415402,28.0373,0.202483,0.000105532,2.15451,0.593871,0.165732,0.0828658,0.0828658,0.0276219,0.0276219,0.0276219,0,0,0,0.013811,0,0,0
58155,58192,58174,9.8,55.5,-21.1149,298.889,-31.8479,340.734,3.34405,0.436006,23.0696,0.158734,0.00014238,2.26174,0.624408,0.124882,0.0971301,0.0832544,0.0416272,0.0416272,0.0416272,0.0277515,0,0,0,0,0,0
58193,58231,58212,9.9,55.5017,-21.1121,294.69,-32.8158,340.742,3.15555,0.442222,33.0334,0.224096,0.000143642,2.11669,0.649291,0.168816,0.0519433,0.0519433,0.0519433,0,0.0259716,0.0129858,0.0129858,0,0.0129858,0,0,0
58233,58267,58250,10,55.5037,-21.1093,290.716,-33.7379,340.755,3.54275,0.655618,56.6329,0.259143,0.000307903,2.16903,0.679629,0.260284,0.144602,0.072301,0.0289204,0.0578408,0.0578408,0,0.0578408,0.0144602,0,0,0,0
58268,58301,58284,10.1,55.5059,-21.106,286.375,-34.716,340.824,3.80981,0.545483,33.5232,0.184368,0.000207826,2.36078,0.781499,0.309343,0.113969,0.0814062,0.0325625,0.0325625,0.0325625,0.0488437,0.0162812,0,0,0,0,0
58303,58333,58318,10.2,55.5081,-21.1028,282.581,-35.4812,341.028,3.72219,0.436586,20.1056,0.138156,0.000107413,2.37152,0.738155,0.329814,0.125643,0.0785272,0,0.0157054,0.0471163,0.0157054,0,0,0,0,0,0
58334,58365,58350,10.3,55.5099,-21.0993,278.268,-36.4014,341.203,3.09164,0.711938,78.8497,0.33226,0.000371041,1.88106,0.59598,0.223492,0.111746,0.111746,0.0186244,0,0.0186244,0.0186244,0.0744975,0.0372487,0,0,0,0
58367,58408,58388,10.4,55.5117,-21.0948,274.252,-36.8796,341.931,3.28549,0.604161,61.8422,0.307082,0.000239851,2.33635,0.46727,0.175226,0.0876131,0.0438066,0.0292044,0.0438066,0.0292044,0.0292044,0,0.0292044,0.0146022,0,0,0
58409,58450,58430,10.5,55.5134,-21.0898,270.462,-37.7333,342.053,3.78082,0.640215,58.1442,0.272459,0.000235067,2.49982,0.68403,0.248738,0.0870584,0.0746215,0.0248738,0.0497476,0.0621845,0.0124369,0,0.0248738,0.0124369,0,0,0
58451,58490,58470,10.6,55.5149,-21.0851,266.838,-38.5862,342.13,3.68238,0.604856,55.1769,0.27367,0.000198269,2.42058,0.643772,0.218883,0.167381,0.0901281,0.0386263,0.0257509,0.0257509,0.0128754,0,0.0257509,0.0128754,0,0,0
58491,58532,58512,10.7,55.5162,-21.08,262.93,-39.3968,342.388,2.83938,0.513328,52.6321,0.307594,0.00019333,1.90903,0.422886,0.193319,0.120825,0.108742,0.0120825,0.0120825,0,0,0.0241649,0.0362474,0,0,0,0
58538,58573,58556,10.8,55.5173,-21.0744,258.952,-40.2293,342.658,0.957194,0.105571,4.31782,0.122699,2.12453e-05,0.633221,0.191439,0.0589043,0.0441782,0,0,0.0294521,0,0,0,0,0,0,0,0
58576,58616,58596,10.9,55.5179,-21.069,255.466,-41.0258,342.811,0.938628,0.157287,9.98689,0.190484,7.0365e-05,0.572722,0.190907,0.0477269,0.015909,0.0318179,0.015909,0.0318179,0.015909,0.015909,0,0,0,0,0,0
58617,58654,58636,11,55.5185,-21.0631,251.846,-41.8279,343.022,0.913574,0.170567,20.7617,0.365164,5.51922e-05,0.670906,0.142746,0.0285492,0.0142746,0.0142746,0.0142746,0.0142746,0,0,0,0,0,0.0142746,0,0
58657,58697,58677,11.1,55.519,-21.0566,248.065,-42.6339,343.308,1.09519,0.18092,17.0865,0.283326,5.2201e-05,0.742713,0.176237,0.0629417,0.037765,0,0.0629417,0,0,0,0,0,0.0125883,0,0,0
58698,58736,58717,11.2,55.5194,-21.0501,244.5,-43.4707,343.479,1.47088,0.214668,18.5792,0.259646,5.88067e-05,0.951747,0.288408,0.158624,0,0.0288408,0.0144204,0.0144204,0,0,0,0.0144204,0,0,0,0
58737,58770,58754,11.3,55.5199,-21.0441,241.174,-44.2837,343.605,1.36943,0.168555,7.76468,0.138198,4.36157e-05,0.838424,0.349343,0.0558949,0.0419212,0.0139737,0.0279475,0.0279475,0.0139737,0,0,0,0,0,0,0
58775,58805,58790,11.4,55.5208,-21.0379,237.511,-45.2436,343.663,1.54884,0.220972,22.4529,0.30483,5.5007e-05,1.12817,0.286823,0.0956077,0,0.0191215,0,0,0,0,0,0,0.0191215,0,0,0
58806,58838,58822,11.5,55.5217,-21.032,233.84,-46.2107,343.732,1.39764,0.161949,7.71455,0.142907,4.09014e-05,0.976843,0.225425,0.0751418,0.0601134,0.0150284,0.0300567,0,0,0.0150284,0,0,0,0,0,0
58839,58873,58856,11.6,55.5226,-21.0253,230.438,-47.0996,343.822,1.09115,0.220987,23.4301,0.318075,8.85121e-05,0.716575,0.162858,0.114001,0,0.0325716,0,0.0162858,0.0325716,0,0,0,0.0162858,0,0,0
58875,58907,58891,11.7,55.5233,-21.0187,227.075,-47.8858,344.068,0.972257,0.116997,4.72249,0.121093,2.07402e-05,0.583354,0.194451,0.0707096,0.0530322,0.0176774,0.0530322,0,0,0,0,0,0,0,0,0
58908,58936,58922,11.8,55.5243,-21.012,223.661,-48.7812,344.187,0.75884,0.0977978,4.52175,0.138707,2.61027e-05,0.441186,0.194122,0.0529423,0,0.0352949,0,0.0352949,0,0,0,0,0,0,0,0
58941,58971,58956,11.9,55.5252,-21.0053,220.348,-49.7042,344.236,0.967954,0.103883,3.88766,0.11227,1.58736e-05,0.541398,0.295308,0.065624,0.032812,0.016406,0,0.016406,0,0,0,0,0,0,0,0
58973,59002,58988,12,55.5257,-20.9985,216.963,-50.5117,344.513,0.705784,0.10894,6.74619,0.185777,4.39874e-05,0.427185,0.148586,0.0371465,0.0371465,0,0.0371465,0,0,0.0185733,0,0,0,0,0,0
59003,59036,59020,12.1,55.5263,-20.9913,213.794,-51.0752,345.088,0.909348,0.121528,6.27721,0.154957,4.0167e-05,0.600513,0.171575,0.034315,0.0514725,0,0,0.034315,0.0171575,0,0,0,0,0,0,0
59037,59073,59055,12.2,55.5271,-20.9834,210.624,-51.7996,345.434,0.797077,0.216758,26.0905,0.3611,0.000117584,0.475181,0.153284,0.0459852,0.0459852,0,0.0306568,0,0,0.0153284,0.0153284,0.0153284,0,0,0,0
59074,59107,59090,12.3,55.528,-20.9754,207.337,-52.5444,345.822,0.977785,0.185356,14.6847,0.237673,8.92916e-05,0.500817,0.262332,0.0476968,0.0715452,0.0238484,0.0238484,0.0238484,0,0,0.0238484,0,0,0,0,0
59109,59143,59126,12.4,55.5287,-20.9676,204.182,-53.2344,346.254,2.23833,0.342961,19.305,0.168868,0.000127093,1.37498,0.383714,0.127905,0.111917,0.0959286,0.0159881,0.0799405,0.0319762,0.0159881,0,0,0,0,0,0
59144,59177,59160,12.5,55.5294,-20.9601,201.165,-54.0115,346.501,2.1314,0.283202,14.6987,0.155706,8.97108e-05,1.38382,0.413556,0.095436,0.063624,0.07953,0.015906,0.047718,0.015906,0.015906,0,0,0,0,0,0
59178,59210,59194,12.6,55.5301,-20.9531,198.109,-54.903,346.604,2.42098,0.40338,34.3654,0.255581,0.00016013,1.6264,0.335213,0.186229,0.111738,0.0496611,0.0248306,0.0372459,0,0.0124153,0.0248306,0,0.0124153,0,0,0
59211,59245,59228,12.7,55.531,-20.9461,195.122,-55.7724,346.725,2.5082,0.3694,32.2151,0.261627,0.00012849,1.87794,0.321564,0.128626,0.0643129,0.0257251,0.0257251,0.0128626,0.0128626,0.0128626,0.0128626,0,0,0.0128626,0,0
59248,59279,59264,12.8,55.5319,-20.939,192.125,-56.6925,346.788,2.86401,0.401234,29.5062,0.220616,0.000123668,1.9941,0.481797,0.0936827,0.120449,0.0669162,0.053533,0.0133832,0.0133832,0,0.0133832,0.0133832,0,0,0,0
59281,59314,59298,12.9,55.5329,-20.9318,189.031,-57.6966,346.784,2.42681,0.343445,20.9336,0.182855,0.000129984,1.57029,0.428261,0.207642,0.0778656,0.0389328,0,0.0389328,0.0389328,0.0129776,0.0129776,0,0,0,0,0
59318,59346,59332,13,55.5337,-20.9249,186.002,-58.6562,346.837,2.60794,0.368419,28.0835,0.228682,0.000106538,1.83812,0.361341,0.204236,0.0785523,0.0157105,0.0157105,0.0628418,0.0157105,0,0,0,0.0157105,0,0,0
59347,59380,59364,13.1,55.5346,-20.9186,183.165,-59.5079,346.98,2.33015,0.35157,22.7477,0.19411,0.000135355,1.52306,0.403545,0.117158,0.0781055,0.0520703,0.0650879,0.0650879,0,0,0.0260352,0,0,0,0,0
59381,59411,59396,13.2,55.5356,-20.9125,180.403,-60.3856,347.058,2.08203,0.39597,37.6343,0.28513,0.000184974,1.42085,0.309491,0.112542,0.070339,0.0422034,0.0140678,0.0422034,0.0140678,0.0140678,0.0281356,0,0.0140678,0,0,0
59414,59448,59431,13.3,55.537,-20.9061,177.582,-61.2548,347.2,3.04168,0.408192,31.1009,0.228575,0.000136057,2.27818,0.455636,0.11083,0.0615724,0.0492579,0.0123145,0.0369434,0,0,0.024629,0.0123145,0,0,0,0
59449,59482,59466,13.4,55.5386,-20.8995,174.869,-62.1747,347.216,2.96651,0.334499,14.3274,0.128497,7.50975e-05,2.03308,0.5754,0.11508,0.102293,0.03836,0.0127867,0.07672,0.0127867,0,0,0,0,0,0,0
59486,59518,59502,13.5,55.5403,-20.8925,172.07,-62.9569,347.528,3.63732,0.477804,32.0468,0.201213,0.000133459,2.57919,0.502611,0.264532,0.0793596,0.105813,0.0396798,0.0132266,0.0132266,0.0264532,0,0,0.0132266,0,0,0
59519,59550,59534,13.6,55.542,-20.8862,169.406,-63.5674,348.067,4.10231,0.65385,53.5082,0.245507,0.000237095,2.76336,0.754939,0.185174,0.113953,0.0569765,0.0284882,0.0997089,0.0569765,0.0142441,0,0.0142441,0.0142441,0,0,0
59553,59576,59564,13.7,55.5434,-20.8804,166.59,-64.3819,348.378,4.68808,0.756503,87.3858,0.346538,0.000281711,3.30923,0.717001,0.165462,0.202231,0.0735385,0.0919232,0.0367693,0.0735385,0,0,0,0,0,0.0183846,0
59578,59597,59588,13.8,55.5441,-20.8768,163.957,-65.0378,348.868,5.25678,0.658033,36.3056,0.165519,0.000210337,3.64756,1.00844,0.193106,0.107281,0.107281,0.0429125,0.0643687,0.0429125,0.0214562,0.0214562,0,0,0,0,0
59598,59617,59608,13.9,55.5447,-20.8742,161.167,-65.7006,349.467,4.2779,0.591544,38.5112,0.195308,0.000226051,3.04529,0.700899,0.169183,0.0725068,0.0966757,0.0483379,0.0725068,0.0241689,0,0.0483379,0,0,0,0,0
59618,59650,59634,14,55.5455,-20.8714,158.711,-66.2266,350.114,4.09219,0.560507,29.3759,0.157229,0.000180949,2.67463,0.695405,0.227344,0.120359,0.147105,0.080239,0.080239,0.0401195,0.0267463,0,0,0,0,0,0
59652,59684,59668,14.1,55.5467,-20.8679,156.264,-66.7072,350.854,5.58892,0.788212,55.4714,0.211129,0.000285021,3.87337,0.911382,0.361872,0.134027,0.0938187,0.0268054,0.0804161,0.040208,0.0134027,0.040208,0.0134027,0,0,0,0
59685,59714,59700,14.2,55.5485,-20.8646,153.624,-66.8322,352.354,5.49888,0.72146,54.6111,0.227086,0.000188064,4.09185,0.847085,0.172289,0.0861443,0.114859,0.0574295,0.0717869,0.0287148,0,0,0,0.0143574,0.0143574,0,0
59715,59746,59730,14.3,55.5511,-20.8616,151.168,-67.1326,353.464,6.78425,0.852122,51.0821,0.179841,0.000227163,4.7377,1.06356,0.451209,0.145032,0.161146,0.0966877,0.0483439,0.0483439,0,0.0161146,0.0161146,0,0,0,0
59747,59781,59764,14.4,55.5544,-20.8582,148.701,-67.59,354.341,7.21516,0.956367,65.7634,0.206291,0.000302527,5.17451,1.15394,0.376549,0.157908,0.109321,0.048587,0.0728805,0.0364402,0.048587,0.0121467,0.0121467,0.0121467,0,0,0
59782,59813,59798,14.5,55.5582,-20.8542,146.269,-68.1091,355.115,6.36527,0.770696,38.7435,0.150812,0.000217699,4.64812,0.843768,0.266453,0.236847,0.133227,0.0444088,0.133227,0.0296059,0.0148029,0.0148029,0,0,0,0,0
59816,59849,59832,14.6,55.562,-20.85,144.023,-68.3379,356.292,4.59637,0.831113,63.4354,0.228977,0.000393823,2.97412,0.71708,0.258619,0.176331,0.117554,0.0235108,0.12931,0.117554,0.0470217,0.0235108,0.0117554,0,0,0,0
59850,59884,59867,14.7,55.5663,-20.8457,141.658,-68.879,357.035,3.81626,0.713106,59.5431,0.250495,0.000320469,2.39754,0.692866,0.175966,0.109979,0.142972,0.0989809,0.0659872,0.0329936,0.0659872,0.0109979,0.0219957,0,0,0,0
59888,59917,59902,14.8,55.5707,-20.8421,139.317,-69.6025,357.468,3.59251,0.639076,51.1656,0.240186,0.000288413,2.39501,0.598752,0.14256,0.057024,0.128304,0.028512,0.14256,0.042768,0.014256,0.028512,0.014256,0,0,0,0
59918,59951,59934,14.9,55.5751,-20.839,137.084,-70.13,358.192,3.53932,0.515709,29.0181,0.168805,0.000177965,2.16483,0.664339,0.251991,0.114541,0.137449,0.0572706,0.0916329,0.0343623,0.0114541,0.0114541,0,0,0,0,0
59952,59985,59968,15,55.5797,-20.8356,134.79,-70.2808,359.656,3.65404,0.769168,78.0199,0.304302,0.000286223,2.08395,0.727954,0.242651,0.128462,0.199831,0.0570944,0.15701,0,0,0,0.0285472,0.0285472,0,0,0
59987,60016,60002,15.1,55.5837,-20.8321,132.735,-70.3491,361.117,4.0172,0.651989,44.4077,0.204333,0.000226124,2.38229,0.669533,0.326981,0.217988,0.186846,0.0467116,0.108994,0.0467116,0.0155705,0,0.0155705,0,0,0,0
60019,60050,60034,15.2,55.5877,-20.8279,130.548,-71.0676,361.549,4.70604,0.840265,65.6784,0.234492,0.000317885,2.72642,0.877196,0.284496,0.248934,0.272642,0.071124,0.130394,0.035562,0.011854,0.023708,0,0.023708,0,0,0
60053,60081,60067,15.3,55.5913,-20.8237,128.33,-72.0096,361.629,4.63766,0.737098,46.3541,0.188662,0.000293993,2.88054,0.792147,0.331262,0.158429,0.100819,0.158429,0.129624,0.0288054,0.0288054,0.0288054,0,0,0,0,0
60082,60113,60098,15.4,55.5942,-20.8196,126.4,-72.2827,362.706,5.03144,0.821409,57.4756,0.209916,0.000318207,3.10157,0.907497,0.29867,0.252721,0.114873,0.12636,0.12636,0.0344619,0.0344619,0.0229746,0,0.0114873,0,0,0
60119,60149,60134,15.5,55.5974,-20.816,124.172,-71.9738,365.114,4.19097,0.690218,45.8661,0.199355,0.000232147,2.4543,0.703279,0.33011,0.186584,0.215289,0.100468,0.129174,0.0574105,0,0,0,0.0143526,0,0,0
60150,60181,60166,15.6,55.6003,-20.8136,122.121,-72.2204,366.406,3.82192,0.568608,35.978,0.189821,0.000162263,2.21269,0.76151,0.359203,0.129313,0.114945,0.114945,0.114945,0,0,0,0.0143681,0,0,0,0
60182,60215,60198,15.7,55.6039,-20.8113,120.06,-73.0234,366.721,3.85235,0.530317,25.2753,0.142982,0.000142243,2.15874,0.81102,0.250462,0.274316,0.190828,0.0238535,0.131194,0,0.0119268,0,0,0,0,0,0
60216,60251,60234,15.8,55.6077,-20.8089,118.162,-72.8291,368.753,4.20696,0.647452,45.6183,0.211375,0.000200534,2.63205,0.625651,0.345187,0.25889,0.129445,0.0755096,0.0862967,0.0215742,0.0107871,0,0.0215742,0,0,0,0
60252,60284,60268,15.9,55.6112,-20.8061,116.188,-72.8847,370.428,4.74636,0.651769,32.1244,0.147864,0.00018592,2.8616,0.850437,0.379249,0.183878,0.218355,0.103432,0.114924,0.0114924,0.0229848,0,0,0,0,0,0
60286,60315,60300,16,55.6146,-20.8034,114.36,-73.4432,371.073,5.22069,0.70707,36.3751,0.154335,0.000218141,3.308,0.862276,0.454655,0.188133,0.125422,0.125422,0.062711,0.062711,0.0313555,0,0,0,0,0,0
60321,60349,60335,16.1,55.6179,-20.8004,112.39,-73.7917,372.269,5.89226,0.960068,67.155,0.209844,0.000439046,4.13896,0.718569,0.301799,0.201199,0.1006,0.114971,0.129342,0.0862283,0.0431141,0.0574855,0,0,0,0,0
60350,60378,60364,16.2,55.6203,-20.7975,110.48,-74.1072,373.505,5.47939,0.63335,29.2317,0.138462,0.000146041,3.75928,0.873929,0.402285,0.138719,0.152591,0.0416157,0.0832313,0.0138719,0,0.0138719,0,0,0,0,0
60379,60405,60392,16.3,55.6221,-20.7947,108.677,-74.7204,374.107,4.17396,0.617196,38.1384,0.185379,0.000170268,2.44083,0.693253,0.404397,0.216641,0.245527,0.0577711,0.0722138,0.0288855,0,0,0.0144428,0,0,0,0
60406,60422,60414,16.4,55.6229,-20.7927,106.957,-75.315,374.69,3.93188,0.839614,71.7372,0.256322,0.000367261,2.2617,0.52193,0.313158,0.278363,0.139181,0.104386,0.139181,0.139181,0,0,0.0347954,0,0,0,0
60425,60443,60434,16.5,55.6233,-20.7912,105.022,-75.8486,375.635,3.93151,0.786518,68.3209,0.260595,0.000346056,2.12648,0.791247,0.370897,0.123632,0.247265,0.0741794,0.0741794,0.0494529,0,0.0494529,0.0247265,0,0,0,0
60444,60460,60452,16.6,55.6235,-20.7903,103.423,-76.4443,376.146,2.96184,0.342275,13.3304,0.116839,5.62179e-05,1.66759,0.721794,0.174226,0.273784,0.0746683,0,0.0497789,0,0,0,0,0,0,0,0
60462,60480,60471,16.7,55.6237,-20.7898,101.735,-77.2371,376.395,3.55034,0.567628,34.0025,0.179709,0.000211663,1.99457,0.6981,0.319131,0.13962,0.13962,0.0997286,0.0797829,0.0598371,0,0.0199457,0,0,0,0,0
60481,60507,60494,16.8,55.6244,-20.7895,100.019,-78.02,376.718,3.21223,0.414719,18.4813,0.13369,9.05894e-05,1.72966,0.691865,0.345933,0.181203,0.16473,0.0658919,0.016473,0,0.016473,0,0,0,0,0,0
60509,60538,60524,16.9,55.6256,-20.7889,98.1554,-78.9325,376.976,2.69603,0.545817,45.1257,0.248027,0.000243154,1.42654,0.484238,0.340275,0.130875,0.0654375,0.0392625,0.130875,0.0392625,0,0.026175,0,0.0130875,0,0,0
60539,60571,60555,17,55.6268,-20.7882,96.4663,-79.7374,377.281,2.4809,0.327128,17.7644,0.162913,9.67455e-05,1.4628,0.4915,0.280857,0.105321,0.0819166,0,0.0234047,0.0117024,0.0117024,0.0117024,0,0,0,0,0
60572,60602,60587,17.1,55.6282,-20.7872,94.8667,-80.2008,378.179,2.56734,0.511374,41.7554,0.24496,0.000233306,1.30342,0.592464,0.276483,0.0921611,0.0921611,0.0394976,0.0658293,0.0526635,0.0263317,0.0131659,0.0131659,0,0,0,0
