data/B2SAP/Locations/La Reunion/NOAA-POPS-B2SAP_GMLBalloon_20230616_R0.ict
61,1001
Thornberry, T. D.
NOAA Chemical Sciences Laboratory
Portable Optical Particle Spectrometer (POPS)
Balloon Baseline Stratospheric Aerosol Profiles (B2SAP)
1,1
2023,06,16,2024,05,28
0
TIME_START,s,Seconds since midnight UTC on flight start day,Start time of 100 m altitude bin in UTC_seconds_since_midnight
28
1.0,1.0,1.0,1.0,1.0,1.0,1.0,1.0,1.0,1.0,1.0,1.0,1.0,1.0,1.0,1.0,1.0,1.0,1.0,1.0,1.0,1.0,1.0,1.0,1.0,1.0,1.0,1.0
99999,99999,99999,99999,99999,99999,99999,99999,99999,99999,99999,99999,99999,99999,99999,99999,99999,99999,99999,99999,99999,99999,99999,99999,99999,99999,99999,99999
TIME_STOP,s,End time of 100 m altitude bin in UTC seconds since midnight,
TIME_MID,s,Mid time of 100 m altitude in UTC seconds since midnight,
GPSAlt,m,GPS reported altitude above sea level (m),
GPS_Lon,deg,GPS reported longitude,
GPS_Lat,deg,GPS reported latitude,
iMet_Pressure,mb,Pressure reported (mB),
iMet_Temperature,degrees C,Ambient temperature (oC),
THETA,K,Potential temperature from iMet,
Aerosol_concentration,cm^-3,Aerosol concentration,
Surface_Area_Conc,um^2 cm^-3,Surface area concentration,
Volume_density,um^3 cm^-3,Volume density,
Effective_radius,um,Effective radius,
Extinction,km^-1,Extinction,
Bin01,cm^-3,particle concentration in size range [140 - 170 nm],
Bin02,cm^-3,particle concentration in size range [170 - 205 nm],
Bin03,cm^-3,particle concentration in size range [205 - 249 nm],
Bin04,cm^-3,particle concentration in size range [249 - 302 nm],
Bin05,cm^-3,particle concentration in size range [302 - 366 nm],
Bin06,cm^-3,particle concentration in size range [366 - 443 nm],
Bin07,cm^-3,particle concentration in size range [443 - 537 nm],
Bin08,cm^-3,particle concentration in size range [537 - 651 nm],
Bin09,cm^-3,particle concentration in size range [651 - 789 nm],
Bin10,cm^-3,particle concentration in size range [789 - 956 nm],
Bin11,cm^-3,particle concentration in size range [956 - 1159 nm],
Bin12,cm^-3,particle concentration in size range [1159 - 1404 nm],
Bin13,cm^-3,particle concentration in size range [1404 - 1702 nm],
Bin14,cm^-3,particle concentration in size range [1702 - 2062 nm],
Bin15,cm^-3,particle concentration in size range [2062 - 2500 nm],
0
19
PI_CONTACT_INFO: 325 Broadway R/CSL6, Boulder, CO 80305; troy.thornberry@noaa.gov; 303-497-3373 
PLATFORM: GML ECC/FPH balloon
LOCATION: Reunion, AL, USA
ASSOCIATED_DATA: N/A
INSTRUMENT_INFO: Printed Optical Particle Spectrometer counts particles from 140 - 2500 nm in diameter 
DATA_INFO: Particle concentrations reported in number per cubic centimeter, binned to 100 m altitude
UNCERTAINTY: Counting uncertainty dominated by air flow, less than 5 percent
ULOD_FLAG: -77777
ULOD_VALUE: 3000 ~3000 per cm3 (varies depending on flow rate- manufacturer quotes 1250  per cm3 at 1.667 cc/s)
LLOD_FLAG: -88888
LLOD_VALUE: 0 0 (varies depending on data field and measurement precision)
DM_CONTACT_INFO: Troy Thornberry, 325 Broadway R/CSL6, Boulder, CO 80305; troy.thornberry@noaa.gov; 303-497-3373
PROJECT_INFO: B2SAP Reunion, AL, USA
STIPULATIONS_ON_USE: Please contact the PIs for questions regarding applications and uncertainties
OTHER_COMMENTS: POPS bin Edges (nm):  140, 170, 205, 249, 302, 366, 443, 537, 651, 789, 956, 1159, 1404, 1702, 2062, 2500
Calculations assume sulfate refractive index of 1.45+0.00j and extinction wavelength = 532 nm
REVISION: R0
R0: QA/QC data
TIME_START,TIME_STOP,TIME_MID,GPSAlt,GPS_Lon,GPS_Lat,iMet_Pressure,iMet_Temperature,THETA,Aerosol_concentration,Surface_Area_Conc,Volume_density,Effective_radius,Extinction,Bin01,Bin02,Bin03,Bin04,Bin05,Bin06,Bin07,Bin08,Bin09,Bin10,Bin11,Bin12,Bin13,Bin14,Bin15
[from data line 74]
56082,56124,56103,9.6,55.6567,-21.0579,303.9,-28.6965,343.549,4.12535,0.4988,30.1966,0.181616,0.000128721,3.05383,0.610766,0.150013,0.0964367,0.0964367,0.0214304,0.0750063,0,0,0.0107152,0.0107152,0,0,0,0
56125,56175,56150,9.7,55.6668,-21.062,299.549,-29.32,344.087,2.46311,0.2984,14.1609,0.142369,8.01726e-05,1.62883,0.506527,0.109251,0.0595914,0.0695233,0.0198638,0.0397276,0.0198638,0.0099319,0,0,0,0,0,0
56178,56233,56206,9.8,55.6779,-21.0661,295.572,-29.7611,344.779,3.31577,0.534656,42.8289,0.240317,0.000245401,2.42387,0.451196,0.157394,0.0734505,0.0209859,0.0314788,0.0419717,0.0314788,0.0524647,0.0209859,0.0104929,0,0,0,0
56237,56291,56264,9.9,55.6898,-21.0704,291.481,-30.4267,345.208,4.78915,0.588395,29.3711,0.149752,0.000162773,3.25928,0.776019,0.354752,0.11086,0.0997739,0.0554299,0.0886879,0.022172,0.011086,0.011086,0,0,0,0,0
56292,56330,56311,10,55.6998,-21.0732,287.472,-31.0557,345.679,6.01763,0.733028,37.8944,0.155087,0.000183388,3.73966,1.19593,0.569492,0.189831,0.208814,0.0569492,0,0.0189831,0,0.0379661,0,0,0,0,0
56331,56383,56357,10.1,55.7108,-21.0757,283.171,-31.7963,346.109,3.97963,0.841806,78.3985,0.279394,0.000385677,2.56886,0.50535,0.231619,0.16845,0.105281,0.105281,0.16845,0.0210562,0.0631687,0,0.0421125,0,0,0,0
56384,56436,56410,10.2,55.7244,-21.0783,278.856,-32.6392,346.416,1.69981,0.168721,6.47467,0.115125,2.8268e-05,1.28259,0.262698,0.0618114,0.0309057,0.0309057,0.0154529,0,0.0154529,0,0,0,0,0,0,0
56440,56481,56460,10.3,55.7354,-21.0804,275.281,-33.5182,346.425,1.90709,0.31547,20.4331,0.194311,0.000142263,1.20448,0.372814,0.057356,0.071695,0.043017,0.057356,0.028678,0.028678,0.043017,0,0,0,0,0,0
56484,56534,56509,10.4,55.7467,-21.0826,271.471,-34.4526,346.451,1.61941,0.229252,11.8135,0.154592,7.5781e-05,1.08732,0.242912,0.0809705,0.0347017,0.0462689,0.0347017,0.0809705,0.0115672,0,0,0,0,0,0,0
56536,56582,56559,10.5,55.7589,-21.085,267.352,-35.4813,346.468,1.77097,0.293131,19.8703,0.203359,0.000132791,1.24624,0.209892,0.0787096,0.0262365,0.0655913,0.0393548,0.0524731,0.0262365,0.0131183,0.0131183,0,0,0,0,0
56583,56631,56607,10.6,55.7704,-21.0872,263.3,-36.4943,346.5,1.98147,0.376577,32.9242,0.262291,0.00020973,1.37074,0.271434,0.122145,0.0678584,0,0.0407151,0.0271434,0.0135717,0.0135717,0.0542868,0,0,0,0,0
56636,56675,56656,10.7,55.7814,-21.0894,259.893,-37.3883,346.478,1.97304,0.26363,13.4105,0.152606,8.44552e-05,1.29268,0.374197,0.0850447,0.0680358,0.0510268,0,0.0680358,0.0340179,0,0,0,0,0,0,0
56679,56727,56703,10.8,55.7925,-21.0917,256.281,-38.3219,346.489,1.80476,0.297473,21.6054,0.217889,0.000136138,1.21196,0.250295,0.144908,0.0526938,0.0131734,0.0526938,0.0131734,0.0395203,0,0.0263469,0,0,0,0,0
56728,56778,56753,10.9,55.8046,-21.0942,252.485,-39.3142,346.499,1.84816,0.37153,26.1974,0.211537,0.000192757,1.09521,0.222464,0.136901,0.171126,0.0342252,0.0171126,0.0684504,0.0513378,0.0513378,0,0,0,0,0,0
56779,56820,56800,11,55.8144,-21.0963,248.935,-40.2179,346.559,1.80354,0.24988,13.8036,0.165723,8.8342e-05,1.23857,0.239023,0.130376,0.065188,0.0217293,0.0217293,0.065188,0,0.0217293,0,0,0,0,0,0
56822,56838,56830,11.1,55.8223,-21.0981,246.09,-40.9883,346.549,1.51806,0.23008,12.7599,0.166376,8.31267e-05,0.828033,0.414016,0,0.138005,0.0690027,0,0,0.0690027,0,0,0,0,0,0,0
56898,56902,56900,11.2,55.838,-21.1022,240.083,-42.55,346.656,1.66259,0.368681,24.8702,0.202371,0.000190455,0.831297,0.311737,0.207824,0,0,0.103912,0.103912,0.103912,0,0,0,0,0,0,0
56905,56944,56924,11.3,55.848,-21.1051,238.05,-43.11,346.657,2.06595,0.349117,19.8296,0.170398,0.000140399,1.44616,0.206595,0,0,0.206595,0,0.206595,0,0,0,0,0,0,0,0
56947,56947,56947,11.4,55.8487,-21.1053,236.07,-43.62,346.713,0.856773,0.0744135,2.09059,0.0842825,3.29631e-06,0.428387,0.428387,0,0,0,0,0,0,0,0,0,0,0,0,0
57033,57033,57033,11.5,55.8686,-21.1115,229.2,-44.89,347.717,1.24485,0.0874078,2.17791,0.07475,2.42626e-06,1.24485,0,0,0,0,0,0,0,0,0,0,0,0,0,0
60656,60656,60656,21.9,56.2983,-21.2294,40.14,-59.78,534.701,0.887816,0.0623383,1.55326,0.07475,1.73039e-06,0.887816,0,0,0,0,0,0,0,0,0,0,0,0,0,0
60705,60723,60714,22,56.2969,-21.2304,39.21,-59.18,539.817,5.31846,4.36099,500.242,0.344125,0.00339857,0.371056,0.24737,0.494741,0.494741,0.865797,0.371056,0.371056,1.23685,0.494741,0.24737,0.123685,0,0,0,0
60733,60766,60750,22.1,56.2962,-21.2304,38.475,-58.775,543.767,4.66974,2.74794,259.762,0.283589,0.00209121,0.504837,0.631047,0.631047,0.252419,0.378628,0.252419,0.883465,0.757256,0.252419,0.126209,0,0,0,0,0
60817,60836,60826,22.3,56.2931,-21.2318,37.0833,-58.5533,550.087,3.99997,2.27388,221.274,0.291933,0.00168272,0.170211,0.425529,0.936163,0.425529,0.255317,0.680846,0.170211,0.510634,0.255317,0.170211,0,0,0,0,0
60852,60853,60852,22.4,56.2918,-21.2327,36.685,-57.97,553.284,4.21167,2.97177,357.374,0.360768,0.00212304,0.510506,0.510506,0.382879,0.382879,0.382879,0.638132,0.638132,0.127626,0.255253,0.255253,0.127626,0,0,0,0
60855,60897,60876,22.5,56.2909,-21.2339,36.23,-57.478,556.537,4.11544,2.72002,276.877,0.305376,0.00218609,0.468848,0.416754,0.520942,0.312565,0.312565,0.416754,0.573037,0.36466,0.573037,0.156283,0,0,0,0,0
60921,60928,60924,22.6,56.2905,-21.2355,35.455,-56.5183,562.471,3.94968,2.74802,276.76,0.302138,0.00214944,0.217015,0.303822,0.477434,0.260418,0.390628,0.56424,0.781255,0.390628,0.347225,0.217015,0,0,0,0,0
60950,60959,60954,22.7,56.2907,-21.2357,35.0583,-55.4683,567.018,3.39608,2.45168,242.827,0.297136,0.00193893,0.132315,0.352839,0.132315,0.17642,0.661573,0.308734,0.617468,0.529259,0.352839,0.132315,0,0,0,0,0
60988,61005,60996,22.8,56.2908,-21.2346,34.4827,-54.9527,571.055,3.93788,2.90015,290.852,0.300866,0.00233949,0.314064,0.314064,0.217429,0.338222,0.38654,0.314064,0.700604,0.845556,0.338222,0.169111,0,0,0,0,0
61036,61048,61042,22.9,56.291,-21.234,33.5733,-54.9667,575.395,4.40539,3.41571,380.663,0.334335,0.00256037,0.179812,0.44953,0.44953,0.179812,0.44953,0.539436,0.89906,0.809154,0.089906,0.269718,0.089906,0,0,0,0
61050,61065,61058,23,56.2911,-21.2336,33.361,-54.907,576.597,4.04075,2.70192,272.195,0.302225,0.00212742,0.596621,0.216953,0.325429,0.325429,0.433906,0.325429,0.759335,0.569502,0.271191,0.216953,0,0,0,0,0
61091,61114,61102,23.1,56.2918,-21.2322,32.745,-55.3183,578.584,3.45585,1.86122,196.362,0.316507,0.00126958,0.506857,0.460779,0.460779,0.368624,0.368624,0.322546,0.460779,0.138234,0.23039,0.0921559,0,0.0460779,0,0,0
61115,61142,61128,23.2,56.2922,-21.2312,32.1043,-55.7671,580.663,3.36486,2.15137,204.896,0.285719,0.00163295,0.200289,0.36052,0.36052,0.280405,0.280405,0.36052,0.680983,0.56081,0.160231,0.120173,0,0,0,0,0
61158,61165,61162,23.3,56.2929,-21.2299,31.6317,-56.09,582.259,3.36163,2.02659,211.836,0.313584,0.00149181,0.710204,0.236735,0.331429,0.236735,0.378776,0.142041,0.568164,0.378776,0.284082,0.047347,0.047347,0,0,0,0
61181,61207,61194,23.4,56.2937,-21.229,31.2044,-56.5111,583.394,3.76259,2.22475,194.343,0.262065,0.00161163,0.286978,0.35075,0.35075,0.223205,0.414523,0.414523,0.860933,0.701501,0.127546,0.0318864,0,0,0,0,0
61228,61249,61238,23.5,56.2949,-21.2277,30.415,-57.01,586.327,2.62875,2.2982,226.498,0.295664,0.00195212,0.146042,0,0.292084,0,0.146042,0.146042,0.584167,0.876251,0.438125,0,0,0,0,0,0
61268,61268,61268,23.6,56.2953,-21.2268,30.18,-57.2,587.11,2.33872,1.5521,174.344,0.336984,0.00124649,0.292341,0.292341,0.292341,0.292341,0.292341,0,0.292341,0.292341,0,0.292341,0,0,0,0,0
61286,61307,61296,23.7,56.2954,-21.2256,29.5375,-56.655,592.231,3.36057,2.06069,222.285,0.323608,0.00148424,0.821472,0.298717,0.373396,0,0.224038,0.224038,0.746792,0.298717,0.298717,0,0.0746792,0,0,0,0
61328,61330,61329,23.8,56.2956,-21.224,29.075,-56.8,594.5,3.02608,1.94614,257.092,0.396311,0.00125408,0.453911,0.453911,0.605215,0.151304,0.453911,0,0.453911,0.151304,0,0.151304,0.151304,0,0,0,0
61368,61369,61368,23.9,56.2955,-21.2227,28.675,-56.59,597.436,4.68587,2.11818,167.048,0.236592,0.00133329,0.453471,0.453471,0.755785,0.453471,0.453471,0.906942,0.604628,0.453471,0.151157,0,0,0,0,0,0
61388,61390,61389,24,56.2948,-21.2214,28.365,-56.57,599.35,3.36671,1.22617,84.8832,0.207679,0.000653573,0.306065,0.459097,0.612129,0.306065,0.612129,0.306065,0.612129,0.153032,0,0,0,0,0,0,0
62058,62111,62084,26.1,56.2909,-21.2174,19.79,-53.1033,674.922,3.07937,1.24597,98.6319,0.237482,0.000791093,0.535543,0.267771,0.535543,0.401657,0.401657,0,0.669429,0.133886,0.133886,0,0,0,0,0,0
62128,62143,62136,26.2,56.2902,-21.2168,19.4867,-53.2967,677.305,2.27806,0.734779,47.2581,0.192948,0.000348115,0.134003,0.536014,0.40201,0.134003,0.40201,0.268007,0.40201,0,0,0,0,0,0,0,0
62144,62176,62160,26.3,56.2893,-21.2165,19.055,-53.0725,682.348,2.16658,0.983568,74.1556,0.226183,0.000612642,0.206341,0.309512,0.103171,0.412683,0.103171,0.103171,0.825365,0.103171,0,0,0,0,0,0,0
62177,62220,62198,26.4,56.2885,-21.2163,18.785,-52.245,687.716,3.21672,0.695137,38.3771,0.165624,0.00024558,0.622592,1.03765,0.415061,0.415061,0.207531,0.311296,0.207531,0,0,0,0,0,0,0,0
62221,62248,62234,26.5,56.2877,-21.2163,18.5529,-50.9857,694.09,1.94537,0.654044,47.8585,0.21952,0.00036437,0.471605,0.235802,0.117901,0.353704,0.294753,0.117901,0.235802,0.0589506,0.0589506,0,0,0,0,0,0
53100,53114,53107,2.2,55.3832,-21.08,787.538,10.801,304.005,21.2046,2.80125,157.004,0.168143,0.000701936,11.5031,5.16255,2.42536,0.970144,0.589016,0.17324,0.138592,0.103944,0.069296,0.034648,0,0.034648,0,0,0
62919,62919,62919,26.5,56.2967,-21.2326,18.45,-50.56,696.523,1.23693,0.494093,34.5253,0.209628,0.000274575,0,0.412309,0,0,0.412309,0,0.412309,0,0,0,0,0,0,0,0
62920,62929,62924,26.4,56.2964,-21.2326,18.6325,-50.6025,694.436,2.78099,0.753319,48.7497,0.19414,0.00035841,0.411999,0.617999,0.823998,0.206,0.103,0.206,0.308999,0.103,0,0,0,0,0,0,0
62937,62945,62941,26.3,56.2961,-21.2325,18.87,-51.36,689.573,2.89657,0.471966,20.9621,0.133243,0.000101229,1.44829,0,0.620694,0,0.827592,0,0,0,0,0,0,0,0,0,0
62960,62960,62960,26.1,56.2951,-21.2323,19.52,-52.05,680.806,3.21001,0.827518,51.524,0.18679,0.000375079,0.802503,1.20375,0,0,0.401251,0.401251,0.401251,0,0,0,0,0,0,0,0
63383,63383,63383,22.6,56.2936,-21.2321,34.86,-57.15,563.549,3.33021,2.45353,227.228,0.277839,0.00191848,0,0.333021,0,0.333021,0.333021,0.666041,0.333021,0.999062,0.333021,0,0,0,0,0,0
