api/src/app/data/B2SAP/Locations/Hawaii/NOAA-POPS-B2SAP_GMLBalloon_20240710_R0.ict
82,1001
Thornberry, T. D.
NOAA Chemical Sciences Laboratory
Portable Optical Particle Spectrometer (POPS)
Balloon Baseline Stratospheric Aerosol Profiles (B2SAP)
1,1
2024,07,10,2024,07,23
0
TIME_START,s,Seconds since midnight UTC on flight start day,Start time of 100 m altitude bin in UTC_seconds_since_midnight
49
1.0,1.0,1.0,1.0,1.0,1.0,1.0,1.0,1.0,1.0,1.0,1.0,1.0,1.0,1.0,1.0,1.0,1.0,1.0,1.0,1.0,1.0,1.0,1.0,1.0,1.0,1.0,1.0,1.0,1.0,1.0,1.0,1.0,1.0,1.0,1.0,1.0,1.0,1.0,1.0,1.0,1.0,1.0,1.0,1.0,1.0,1.0,1.0,1.0
99999,99999,99999,99999,99999,99999,99999,99999,99999,99999,99999,99999,99999,99999,99999,99999,99999,99999,99999,99999,99999,99999,99999,99999,99999,99999,99999,99999,99999,99999,99999,99999,99999,99999,99999,99999,99999,99999,99999,99999,99999,99999,99999,99999,99999,99999,99999,99999,99999
TIME_STOP,s,End time of 100 m altitude bin in UTC seconds since midnight,
TIME_MID,s,Mid time of 100 m altitude in UTC seconds since midnight,
GPSAlt,km,GPS reported altitude above sea level (km),
GPS_Lon,deg,GPS reported longitude,
GPS_Lat,deg,GPS reported latitude,
iMet_Pressure,hPa,Pressure reported (hPa),
iMet_Temperature,degrees C,Ambient temperature (oC),
THETA,K,Potential temperature from iMet,
Aerosol_concentration,cm^-3,Aerosol concentration,
Surface_Area_Conc,um^2 cm^-3,Surface area concentration,
Volume_density,um^3 cm^-3,Volume density,
Effective_radius,um,Effective radius,
Extinction,km^-1,Extinction,
Bin01,cm^-3,particle concentration in size range [140 - 146.14 nm],
Bin02,cm^-3,particle concentration in size range [146.14 - 152.56 nm],
Bin03,cm^-3,particle concentration in size range [152.56 - 159.25 nm],
Bin04,cm^-3,particle concentration in size range [159.25 - 166.24 nm],
Bin05,cm^-3,particle concentration in size range [166.24 - 173.54 nm],
Bin06,cm^-3,particle concentration in size range [173.54 - 181.16 nm],
Bin07,cm^-3,particle concentration in size range [181.16 - 189.11 nm],
Bin08,cm^-3,particle concentration in size range [189.11 - 197.41 nm],
Bin09,cm^-3,particle concentration in size range [197.41 - 206.07 nm],
Bin10,cm^-3,particle concentration in size range [206.07 - 215.12 nm],
Bin11,cm^-3,particle concentration in size range [215.12 - 224.56 nm],
Bin12,cm^-3,particle concentration in size range [224.56 - 234.41 nm],
Bin13,cm^-3,particle concentration in size range [234.41 - 244.70 nm],
Bin14,cm^-3,particle concentration in size range [244.70 - 361.30 nm],
Bin15,cm^-3,particle concentration in size range [361.30 - 472.80 nm],
Bin16,cm^-3,particle concentration in size range [472.80 - 567.00 nm],
Bin17,cm^-3,particle concentration in size range [567.00 - 610.66 nm],
Bin18,cm^-3,particle concentration in size range [610.66 - 657.69 nm],
Bin19,cm^-3,particle concentration in size range [657.69 - 708.33 nm],
Bin20,cm^-3,particle concentration in size range [708.33 - 762.88 nm],
Bin21,cm^-3,particle concentration in size range [762.88 - 821.62 nm],
Bin22,cm^-3,particle concentration in size range [821.62 - 884.89 nm],
Bin23,cm^-3,particle concentration in size range [884.89 - 953.03 nm],
Bin24,cm^-3,particle concentration in size range [953.03 - 1026.42 nm],
Bin25,cm^-3,particle concentration in size range [1026.42 - 1105.46 nm],
Bin26,cm^-3,particle concentration in size range [1105.46 - 1190.59 nm]],
[...]
LOCATION: Hilo, HI, USA
ASSOCIATED_DATA: N/A
INSTRUMENT_INFO: Printed Optical Particle Spectrometer counts particles from 140 - 2500 nm in diameter 
DATA_INFO: Particle concentrations reported in number per cubic centimeter, binned to 100 m altitude
UNCERTAINTY: Counting uncertainty dominated by air flow, less than 5 percent
ULOD_FLAG: -77777
ULOD_VALUE: 3000 ~3000 per cm3 (varies depending on flow rate- manufacturer quotes 1250  per cm3 at 1.667 cc/s)
LLOD_FLAG: -88888
LLOD_VALUE: 0 0 (varies depending on data field and measurement precision)
DM_CONTACT_INFO: Troy Thornberry, 325 Broadway R/CSL6, Boulder, CO 80305; troy.thornberry@noaa.gov; 303-497-3373
PROJECT_INFO: B2SAP Hilo, HI, USA
STIPULATIONS_ON_USE: Please contact the PIs for questions regarding applications and uncertainties
OTHER_COMMENTS: POPS bin Edges (nm):  140, 146.14, 152.56, 159.25, 166.24, 173.54, 181.16, 189.11, 197.41, 206.07, 215.12, 224.56, 234.41, 244.70, 361.30, 472.80, 567.00, 610.66, 657.69, 708.33, 762.88, 821.62, 884.89, 953.03, 1026.42, 1105.46, 1190.59, 1282.27, 1381.01, 1487.36, 1601.89, 1725.25, 1858.10, 2001.18, 2155.28, 2321.25, 2500
Calculations assume sulfate refractive index of 1.45+0.00j and extinction wavelength = 532 nm
REVISION: R0
R0: QA/QC data
TIME_START,TIME_STOP,TIME_MID,GPSAlt,GPS_Lon,GPS_Lat,iMet_Pressure,iMet_Temperature,THETA,Aerosol_concentration,Surface_Area_Conc,Volume_density,Effective_radius,Extinction,Bin01,Bin02,Bin03,Bin04,Bin05,Bin06,Bin07,Bin08,Bin09,Bin10,Bin11,Bin12,Bin13,Bin14,Bin15,Bin16,Bin17,Bin18,Bin19,Bin20,Bin21,Bin22,Bin23,Bin24,Bin25,Bin26,Bin27,Bin28,Bin29,Bin30,Bin31,Bin32,Bin33,Bin34,Bin35,Bin36
[from data line 203]
72874,72890,72882,21.1,-155.228,19.5976,49.2047,-65.0559,492.011,14.3354,3.66287,267.346,0.218964,0.00161267,1.09686,1.08163,0.86835,0.639837,0.776945,0.807414,0.609369,0.670306,0.807414,0.594135,0.472261,0.441792,0.426558,3.01638,1.08163,0.594135,0.0761711,0.0457027,0.0304684,0.0304684,0.0304684,0.0304684,0.0609369,0,0.0152342,0,0.0304684,0,0,0,0,0,0,0,0,0
72891,72908,72900,21.2,-155.231,19.5973,48.4378,-65.22,493.831,13.275,3.14371,208.5,0.198968,0.00123476,0.717568,0.832378,0.803676,0.803676,0.760622,0.674514,1.0333,0.559703,0.674514,0.588405,0.444892,0.401838,0.373135,2.94203,0.875432,0.531,0.129162,0.0430541,0.0287027,0,0,0,0.0287027,0,0,0,0.0287027,0,0,0,0,0,0,0,0,0
72909,72925,72917,21.3,-155.235,19.5972,47.6471,-65.2782,496.023,12.2943,2.79147,186.502,0.200435,0.00114784,1.21876,1.11212,0.776963,0.746494,0.578913,0.685555,0.776963,0.411333,0.609382,0.594148,0.548444,0.304691,0.243753,2.0262,1.02072,0.441802,0.0457037,0.0152346,0,0.0457037,0.0304691,0.0152346,0,0.0152346,0.0152346,0.0152346,0,0,0,0,0,0,0,0,0,0
72926,72943,72934,21.4,-155.238,19.5968,46.895,-65.1217,498.658,9.13712,2.07069,135.218,0.195902,0.000871909,0.703961,0.732694,0.775793,0.574662,0.502829,0.517196,0.387897,0.387897,0.474096,0.330431,0.517196,0.287331,0.344797,1.42229,0.589028,0.387897,0.0718327,0.0430996,0.0287331,0.0143665,0,0,0.0287331,0,0.0143665,0,0,0,0,0,0,0,0,0,0,0
72944,72960,72952,21.5,-155.241,19.5963,46.1388,-65.3076,500.532,8.03076,1.94976,152.318,0.234364,0.000914919,0.821328,0.790908,0.365034,0.517132,0.608391,0.608391,0.365034,0.425874,0.304195,0.243356,0.258566,0.258566,0.152098,1.46014,0.319405,0.258566,0.0152098,0.0456293,0.0608391,0.0304195,0.0152098,0.0152098,0.0608391,0,0.0152098,0,0.0152098,0,0,0,0,0,0,0,0,0
72961,72977,72969,21.6,-155.244,19.5958,45.4353,-65.24,502.898,6.97896,1.78623,132.649,0.222786,0.000845516,0.594278,0.609516,0.502851,0.411423,0.319996,0.396185,0.533326,0.28952,0.167617,0.380947,0.28952,0.213331,0.106665,1.03618,0.548564,0.380947,0.0609516,0.0152379,0.0152379,0.0152379,0.0457137,0,0.0304758,0,0,0,0.0152379,0,0,0,0,0,0,0,0,0
72978,72995,72986,21.7,-155.247,19.595,44.6828,-64.1983,507.835,5.37692,1.46315,116.432,0.238728,0.000753751,0.386109,0.514812,0.271706,0.357508,0.328907,0.185904,0.300307,0.257406,0.300307,0.300307,0.143003,0.214505,0.271706,0.729317,0.271706,0.286006,0.0715016,0.042901,0.042901,0.0143003,0.0286006,0.0143003,0.0286006,0,0,0,0.0143003,0,0,0,0,0,0,0,0,0
72996,73011,73004,21.8,-155.251,19.5939,43.9838,-64.3356,509.791,4.98079,1.49817,135.19,0.27071,0.000806225,0.338501,0.386858,0.386858,0.370739,0.290143,0.225667,0.370739,0.306262,0.145072,0.241786,0.209548,0.128953,0.112834,0.628644,0.225667,0.35462,0.0483572,0.0483572,0.0483572,0.0161191,0,0.0322382,0.0161191,0.0161191,0,0,0.0322382,0,0,0,0,0,0,0,0,0
73012,73028,73020,21.9,-155.254,19.593,43.2976,-64.4535,511.797,3.39605,1.04732,87.6542,0.251082,0.000617632,0.469989,0.16677,0.242575,0.242575,0.242575,0.151609,0.197092,0.0758047,0.106127,0.0151609,0.151609,0.121288,0.0758047,0.469989,0.197092,0.257736,0.0909657,0,0.0303219,0,0.0303219,0.0151609,0.0303219,0.0151609,0,0,0,0,0,0,0,0,0,0,0,0
73029,73045,73037,22,-155.258,19.5924,42.6053,-64.4435,514.189,3.29401,0.912805,78.0304,0.256452,0.00046714,0.364315,0.227697,0.197337,0.182158,0.227697,0.151798,0.166978,0.166978,0.242877,0.151798,0.0303596,0.106259,0.106259,0.485753,0.212517,0.0910788,0.0455394,0.0303596,0.0455394,0,0,0.0151798,0.0303596,0,0,0,0.0151798,0,0,0,0,0,0,0,0,0
73046,73062,73054,22.1,-155.261,19.5923,41.9341,-63.5165,518.818,2.91674,1.05235,96.525,0.275169,0.000617051,0.196464,0.181352,0.272028,0.151126,0.0906758,0.105788,0.105788,0.151126,0.0906758,0.120901,0.136014,0.0151126,0.0604506,0.57428,0.241802,0.241802,0.0302253,0.0302253,0.0151126,0,0.0302253,0.0151126,0.0453379,0,0,0,0.0151126,0,0,0,0,0,0,0,0,0
73063,73079,73071,22.2,-155.264,19.5922,41.2635,-63.2794,521.803,2.31214,0.64379,48.6905,0.226893,0.000362979,0.22668,0.22668,0.22668,0.120896,0.120896,0.105784,0.166232,0.0906721,0.0604481,0.0453361,0.136008,0.030224,0.0453361,0.287128,0.105784,0.15112,0.105784,0.030224,0,0.015112,0,0,0.015112,0,0,0,0,0,0,0,0,0,0,0,0,0
73080,73095,73088,22.3,-155.267,19.592,40.6325,-62.9006,525.049,2.59347,0.673611,58.4997,0.260535,0.000298948,0.224127,0.240136,0.1761,0.144081,0.192109,0.128072,0.272154,0.128072,0.128072,0.0480272,0.0480272,0.0640362,0.0320181,0.400226,0.192109,0.0800453,0.0480272,0,0.0160091,0,0,0,0.0160091,0,0,0,0,0.0160091,0,0,0,0,0,0,0,0
73096,73113,73104,22.4,-155.271,19.5921,39.9767,-62.3089,528.981,2.37009,0.73977,59.5624,0.241544,0.000439959,0.113537,0.212883,0.170306,0.0993452,0.141922,0.156114,0.19869,0.141922,0.113537,0.0425765,0.0567687,0.0283843,0.0567687,0.354804,0.141922,0.184498,0.0425765,0.0283843,0.0141922,0.0283843,0.0141922,0.0141922,0.0141922,0,0,0,0,0,0,0,0,0,0,0,0,0
73114,73129,73122,22.5,-155.274,19.5922,39.3475,-61.5262,533.357,2.49999,0.693442,55.2505,0.239027,0.000392809,0.238853,0.191082,0.222929,0.111465,0.207006,0.143312,0.175159,0.0477705,0.159235,0.111465,0.063694,0.0477705,0.031847,0.350317,0.127388,0.111465,0.031847,0.031847,0.0477705,0.0159235,0,0,0.031847,0,0,0,0,0,0,0,0,0,0,0,0,0
73130,73147,73138,22.6,-155.278,19.5925,38.7317,-60.8361,537.514,2.21541,0.808295,76.7377,0.284813,0.000479476,0.15522,0.0987763,0.169331,0.225774,0.15522,0.0564436,0.0987763,0.0564436,0.0846654,0.112887,0.0846654,0.0423327,0.0564436,0.239885,0.282218,0.141109,0.0282218,0.0141109,0.0423327,0,0,0.0141109,0.0423327,0,0,0,0.0141109,0,0,0,0,0,0,0,0,0
73148,73164,73156,22.7,-155.282,19.5929,38.1165,-59.8247,542.553,2.51257,0.658937,43.9645,0.200161,0.000322296,0.208142,0.252744,0.133806,0.133806,0.118938,0.0892037,0.104071,0.16354,0.148673,0.0892037,0.0892037,0.0743364,0.0148673,0.431151,0.193275,0.148673,0.0743364,0.0297346,0.0148673,0,0,0,0,0,0,0,0,0,0,0,0,0,0,0,0,0
73165,73180,73172,22.8,-155.285,19.5932,37.5406,-59.0169,546.977,2.20109,0.609718,43.823,0.215622,0.000316452,0.204387,0.157221,0.157221,0.204387,0.125776,0.110054,0.110054,0.0314441,0.110054,0.0943323,0.0628882,0.0471662,0.0314441,0.267275,0.235831,0.172943,0.0314441,0.0314441,0,0,0,0,0.0157221,0,0,0,0,0,0,0,0,0,0,0,0,0
73181,73197,73189,22.9,-155.289,19.5935,36.9718,-59.5371,548.035,2.25478,0.618199,48.1441,0.233634,0.000334265,0.192843,0.222511,0.148341,0.178009,0.133507,0.103839,0.0890046,0.0148341,0.103839,0.103839,0.0890046,0.0445023,0.133507,0.341184,0.148341,0.0741705,0.0296682,0.0593364,0,0,0.0148341,0,0.0296682,0,0,0,0,0,0,0,0,0,0,0,0,0
73198,73214,73206,23,-155.292,19.5937,36.3935,-60.2524,548.665,2.2974,0.896508,81.4074,0.272415,0.000587385,0.179018,0.149182,0.223773,0.134264,0.0745908,0.0447545,0.193936,0.089509,0.089509,0.0745908,0.0149182,0.0298363,0.0447545,0.253609,0.313282,0.193936,0.0298363,0.0447545,0.0149182,0,0.0298363,0.0447545,0.0149182,0.0149182,0,0,0,0,0,0,0,0,0,0,0,0
73215,73229,73222,23.1,-155.296,19.5939,35.8247,-60.5067,550.481,1.93319,0.518008,37.2973,0.216004,0.000279146,0.0678312,0.169578,0.186536,0.203494,0.15262,0.135662,0.0169578,0.0847891,0.0678312,0.0339156,0.0847891,0.0508734,0.0339156,0.339156,0.101747,0.0678312,0.0339156,0.0508734,0.0339156,0.0169578,0,0,0,0,0,0,0,0,0,0,0,0,0,0,0,0
73230,73246,73238,23.2,-155.299,19.5941,35.2959,-60.0341,554.055,2.02043,0.651745,54.6952,0.251764,0.000335232,0.135701,0.150778,0.0753892,0.180934,0.0753892,0.0603114,0.180934,0.0753892,0.105545,0.0753892,0.090467,0.0150778,0.0452335,0.226168,0.241245,0.226168,0.0150778,0,0.0301557,0,0,0,0,0,0,0,0.0150778,0,0,0,0,0,0,0,0,0
73247,73262,73254,23.3,-155.303,19.594,34.7294,-60.0588,556.56,2.18262,0.696406,57.5372,0.24786,0.000424584,0.242513,0.242513,0.0970054,0.12934,0.0970054,0.0808378,0.161676,0.0646702,0.0808378,0.113173,0.0323351,0.0323351,0.0808378,0.226346,0.177843,0.177843,0.0485027,0,0.0323351,0.0161676,0.0161676,0.0161676,0.0161676,0,0,0,0,0,0,0,0,0,0,0,0,0
73264,73279,73272,23.4,-155.308,19.5938,34.1775,-60.0456,559.149,2.07118,0.801274,79.4527,0.297474,0.000464985,0.0986277,0.16438,0.16438,0.115066,0.0986277,0.0821898,0.0986277,0.0986277,0.115066,0.0657518,0.0821898,0.016438,0.016438,0.312321,0.230131,0.147942,0.0493139,0,0.0493139,0.016438,0,0.016438,0,0,0,0.016438,0.016438,0,0,0,0,0,0,0,0,0
73280,73295,73288,23.5,-155.312,19.5937,33.656,-59.5033,563.038,1.72695,0.557469,48.1186,0.258949,0.0003425,0.158598,0.158598,0.158598,0.105732,0.0881097,0.123354,0.0881097,0.0528658,0.0352439,0.0352439,0.0176219,0.0704878,0.0176219,0.264329,0.140976,0.0704878,0.0352439,0,0.0528658,0.0176219,0,0,0.0352439,0,0,0,0,0,0,0,0,0,0,0,0,0
73296,73312,73304,23.6,-155.316,19.593,33.1341,-59.0065,566.875,1.83682,0.643371,56.9997,0.265786,0.000403584,0.141294,0.109895,0.109895,0.109895,0.156993,0.0627973,0.188392,0.047098,0.047098,0.0313987,0.0156993,0.141294,0.0156993,0.204091,0.188392,0.141294,0.0156993,0,0.047098,0,0.0156993,0,0.047098,0,0,0,0,0,0,0,0,0,0,0,0,0
73313,73328,73320,23.7,-155.321,19.5924,32.6025,-58.7263,570.245,1.97512,0.710507,62.8047,0.265182,0.000435239,0.10043,0.0836914,0.10043,0.10043,0.0502148,0.167383,0.10043,0.10043,0.0669531,0.0669531,0.117168,0.117168,0.0334766,0.318027,0.150644,0.167383,0.0334766,0,0.0167383,0,0.0334766,0.0167383,0.0167383,0.0167383,0,0,0,0,0,0,0,0,0,0,0,0
73329,73343,73336,23.8,-155.326,19.5921,32.1073,-58.3233,573.82,1.48488,0.461473,37.4083,0.243189,0.00025889,0.10865,0.10865,0.10865,0.0905415,0.0543249,0.0724332,0.0724332,0.0543249,0,0.0181083,0.0543249,0.10865,0.10865,0.2173,0.162975,0.0543249,0.0181083,0.0181083,0.0181083,0,0,0.0181083,0.0181083,0,0,0,0,0,0,0,0,0,0,0,0,0
73344,73359,73352,23.9,-155.33,19.5922,31.6306,-57.385,578.797,1.53513,0.531558,43.722,0.246758,0.000320345,0.136456,0.136456,0.102342,0.136456,0.0852852,0.0511711,0.0852852,0.0511711,0.0511711,0,0.017057,0.0682282,0.017057,0.119399,0.221742,0.17057,0,0.0511711,0.017057,0,0,0,0,0.017057,0,0,0,0,0,0,0,0,0,0,0,0
73360,73375,73368,24,-155.334,19.5928,31.1337,-55.1037,587.567,1.64134,0.59959,51.26,0.256475,0.000383789,0.119681,0.102584,0.0854863,0.068389,0.170973,0.0512918,0.068389,0.136778,0.0341945,0.0854863,0.0341945,0.0341945,0.0170973,0.153875,0.170973,0.205167,0.0170973,0,0.0170973,0.0341945,0,0.0170973,0.0170973,0,0,0,0,0,0,0,0,0,0,0,0,0
73376,73390,73383,24.1,-155.337,19.5933,30.66,-54.7093,591.215,1.53537,0.422087,30.6264,0.217678,0.000236683,0.129489,0.0924919,0.203482,0.129489,0.147987,0.0554951,0.0369968,0.0739935,0.0554951,0.0739935,0.0184984,0.0184984,0.0184984,0.184984,0.0554951,0.166485,0.0184984,0.0184984,0.0369968,0,0,0,0,0,0,0,0,0,0,0,0,0,0,0,0,0
73391,73405,73398,24.2,-155.34,19.5938,30.194,-54.9573,593.128,1.52492,0.644683,61.7775,0.287478,0.000465723,0.167369,0.11158,0.167369,0.148773,0.0557898,0.0371932,0.0185966,0.0371932,0.0371932,0.0557898,0.0185966,0.0185966,0.0185966,0.167369,0.185966,0.0743863,0.0185966,0.0371932,0.0371932,0.0557898,0,0.0371932,0.0185966,0,0,0,0,0,0,0,0,0,0,0,0,0
73406,73421,73414,24.3,-155.343,19.5945,29.7469,-55.6725,593.71,1.80176,0.666812,65.3604,0.294058,0.000399699,0.124875,0.124875,0.142714,0.178392,0.142714,0.0356784,0.0356784,0.0713569,0.0891961,0.0535177,0.0178392,0.0891961,0.0356784,0.23191,0.160553,0.107035,0.0356784,0.0178392,0.0356784,0.0356784,0,0,0.0178392,0,0,0,0.0178392,0,0,0,0,0,0,0,0,0
73422,73436,73429,24.4,-155.345,19.5951,29.3,-56.3313,594.478,1.42394,0.461335,37.5919,0.244455,0.000289286,0.192424,0.115454,0.134697,0.134697,0.0192424,0.0769695,0.0577271,0.0769695,0.0384847,0.0192424,0.0192424,0.0192424,0,0.173181,0.115454,0.115454,0.0192424,0.0384847,0.0384847,0,0,0.0192424,0,0,0,0,0,0,0,0,0,0,0,0,0,0
73437,73451,73444,24.5,-155.347,19.5956,28.8513,-56.3813,596.968,1.21489,0.266306,17.7665,0.200143,0.000129593,0.11757,0.03919,0.176355,0.097975,0.097975,0.058785,0.07838,0.07838,0.03919,0.058785,0.03919,0.03919,0.03919,0.11757,0.019595,0.058785,0.019595,0.019595,0.019595,0,0,0,0,0,0,0,0,0,0,0,0,0,0,0,0,0
73452,73467,73460,24.6,-155.349,19.5963,28.4131,-56.8725,598.222,10.2259,1.0086,48.5466,0.144398,0.000226907,4.47498,4.23459,0.517766,0.0924583,0.0369833,0.0924583,0.0739666,0.11095,0.0184917,0.0184917,0,0.0369833,0.0184917,0.184917,0.166425,0.0924583,0.0369833,0,0,0,0,0,0,0,0.0184917,0,0,0,0,0,0,0,0,0,0,0
73468,73483,73476,24.7,-155.351,19.5965,27.9681,-56.4356,602.141,1.51968,0.497985,40.1279,0.241742,0.000288766,0.0562845,0.150092,0.13133,0.0562845,0.0187615,0.0750459,0.0938074,0.112569,0.0187615,0.037523,0.0750459,0.0187615,0.0938074,0.225138,0.150092,0.112569,0.037523,0,0.0187615,0,0.0187615,0,0.0187615,0,0,0,0,0,0,0,0,0,0,0,0,0
73484,73498,73491,24.8,-155.353,19.5964,27.52,-56.7273,604.109,1.46892,0.618432,66.6718,0.323423,0.000385675,0.0804886,0.201222,0.0804886,0.160977,0.0402443,0.0201222,0.0402443,0.0603665,0.0603665,0.0402443,0.0603665,0.0201222,0.0402443,0.181099,0.0804886,0.140855,0.0201222,0.0603665,0.0201222,0.0201222,0.0201222,0,0,0,0,0,0,0.0201222,0,0,0,0,0,0,0,0
73499,73513,73506,24.9,-155.356,19.596,27.1147,-57.11,605.608,1.39593,0.433118,33.0758,0.2291,0.000227698,0.143699,0.0821135,0.0205284,0.0821135,0.0410567,0.0410567,0.0821135,0.102642,0.0205284,0.0615851,0.0205284,0.0410567,0.0410567,0.307926,0.184755,0.0615851,0,0.0205284,0.0205284,0,0,0,0.0205284,0,0,0,0,0,0,0,0,0,0,0,0,0
73514,73528,73521,25,-155.358,19.5953,26.6987,-56.982,608.651,1.56873,0.464323,36.8437,0.238048,0.000262822,0.144488,0.103206,0.0825646,0.144488,0.0825646,0.0825646,0.0619234,0.0619234,0.123847,0.0825646,0.0206411,0,0.0206411,0.268335,0.0825646,0.144488,0,0.0206411,0,0,0,0.0412823,0,0,0,0,0,0,0,0,0,0,0,0,0,0
73529,73543,73536,25.1,-155.361,19.5943,26.2913,-56.9153,611.521,1.3369,0.473785,45.6507,0.289059,0.000279695,0.0835563,0.104445,0.0835563,0.0417782,0.0417782,0.104445,0.0835563,0.0835563,0.104445,0.0417782,0.0208891,0.0626672,0,0.208891,0.0626672,0.125334,0,0.0208891,0.0208891,0,0.0208891,0,0,0,0,0.0208891,0,0,0,0,0,0,0,0,0,0
73544,73559,73552,25.2,-155.364,19.5933,25.8825,-56.2994,616.011,1.65775,0.614336,50.1419,0.244859,0.000393235,0.0789406,0.0592054,0.157881,0.0789406,0.0592054,0.0592054,0.118411,0.0394703,0.118411,0.0197351,0.0394703,0,0.118411,0.256557,0.138146,0.138146,0.0789406,0.0197351,0.0197351,0.0394703,0.0197351,0,0,0,0,0,0,0,0,0,0,0,0,0,0,0
73560,73574,73567,25.3,-155.367,19.5923,25.4907,-56.2727,618.777,1.10864,0.450883,39.3793,0.262015,0.000298096,0.0426398,0.0426398,0.0852797,0.0426398,0.0426398,0.0639598,0.0426398,0,0.0639598,0.0426398,0.0213199,0.0639598,0.0639598,0.170559,0.0852797,0.0852797,0.0852797,0.0213199,0,0.0213199,0,0,0.0213199,0,0,0,0,0,0,0,0,0,0,0,0,0
73575,73589,73582,25.4,-155.371,19.5917,25.1067,-55.5667,623.49,1.26781,0.415295,33.8236,0.244334,0.000264912,0.171906,0.107441,0.0644648,0.107441,0.0859531,0.0644648,0.0429766,0.0429766,0.0429766,0.0429766,0.0214883,0.0214883,0.0214883,0.107441,0.107441,0.107441,0.0214883,0.0214883,0.0429766,0,0.0214883,0,0,0,0,0,0,0,0,0,0,0,0,0,0,0
73590,73605,73598,25.5,-155.375,19.5914,24.7387,-55.4325,626.514,1.1576,0.525199,50.218,0.286852,0.000381858,0.101544,0.0203087,0.0812349,0.0812349,0.0406175,0.101544,0.0406175,0.0406175,0.0812349,0.0203087,0.0203087,0,0,0.142161,0.142161,0.0609262,0.0406175,0.0406175,0.0203087,0.0406175,0,0.0203087,0.0203087,0,0,0,0,0,0,0,0,0,0,0,0,0
73606,73620,73613,25.6,-155.38,19.5913,24.3567,-55.426,629.325,1.13999,0.445162,38.9938,0.262783,0.0002949,0.043846,0.0657689,0.109615,0.0657689,0.043846,0.021923,0.021923,0.0657689,0.109615,0.021923,0.043846,0,0.043846,0.175384,0.0657689,0.131538,0,0.043846,0.043846,0,0,0,0.021923,0,0,0,0,0,0,0,0,0,0,0,0,0
