api/src/app/data/B2SAP/Locations/Hawaii/NOAA-POPS-B2SAP_GMLBalloon_20230802_R0.ict
61,1001
Thornberry, T. D.
NOAA Chemical Sciences Laboratory
Portable Optical Particle Spectrometer (POPS)
Balloon Baseline Stratospheric Aerosol Profiles (B2SAP)
1,1
2023,08,02,2024,05,28
0
TIME_START,s,Seconds since midnight UTC on flight start day,Start time of 100 m altitude bin in UTC_seconds_since_midnight
28
1.0,1.0,1.0,1.0,1.0,1.0,1.0,1.0,1.0,1.0,1.0,1.0,1.0,1.0,1.0,1.0,1.0,1.0,1.0,1.0,1.0,1.0,1.0,1.0,1.0,1.0,1.0,1.0
99999,99999,99999,99999,99999,99999,99999,99999,99999,99999,99999,99999,99999,99999,99999,99999,99999,99999,99999,99999,99999,99999,99999,99999,99999,99999,99999,99999
TIME_STOP,s,End time of 100 m altitude bin in UTC seconds since midnight,
TIME_MID,s,Mid time of 100 m altitude in UTC seconds since midnight,
GPSAlt,m,GPS reported altitude above sea level (m),
GPS_Lon,deg,GPS reported longitude,
GPS_Lat,deg,GPS reported latitude,
iMet_Pressure,mb,Pressure reported (mB),
iMet_Temperature,degrees C,Ambient temperature (oC),
THETA,K,Potential temperature from iMet,
Aerosol_concentration,cm^-3,Aerosol concentration,
Surface_Area_Conc,um^2 cm^-3,Surface area concentration,
Volume_density,um^3 cm^-3,Volume density,
Effective_radius,um,Effective radius,
Extinction,km^-1,Extinction,
Bin01,cm^-3,particle concentration in size range [140 - 170 nm],
Bin02,cm^-3,particle concentration in size range [170 - 205 nm],
Bin03,cm^-3,particle concentration in size range [205 - 249 nm],
Bin04,cm^-3,particle concentration in size range [249 - 302 nm],
Bin05,cm^-3,particle concentration in size range [302 - 366 nm],
Bin06,cm^-3,particle concentration in size range [366 - 443 nm],
Bin07,cm^-3,particle concentration in size range [443 - 537 nm],
Bin08,cm^-3,particle concentration in size range [537 - 651 nm],
Bin09,cm^-3,particle concentration in size range [651 - 789 nm],
Bin10,cm^-3,particle concentration in size range [789 - 956 nm],
Bin11,cm^-3,particle concentration in size range [956 - 1159 nm],
Bin12,cm^-3,particle concentration in size range [1159 - 1404 nm],
Bin13,cm^-3,particle concentration in size range [1404 - 1702 nm],
Bin14,cm^-3,particle concentration in size range [1702 - 2062 nm],
Bin15,cm^-3,particle concentration in size range [2062 - 2500 nm],
0
19
PI_CONTACT_INFO: 325 Broadway R/CSL6, Boulder, CO 80305; troy.thornberry@noaa.gov; 303-497-3373 
PLATFORM: GML ECC/FPH balloon
LOCATION: Hilo, HI, USA
ASSOCIATED_DATA: N/A
INSTRUMENT_INFO: Printed Optical Particle Spectrometer counts particles from 140 - 2500 nm in diameter 
DATA_INFO: Particle concentrations reported in number per cubic centimeter, binned to 100 m altitude
UNCERTAINTY: Counting uncertainty dominated by air flow, less than 5 percent
ULOD_FLAG: -77777
ULOD_VALUE: 3000 ~3000 per cm3 (varies depending on flow rate- manufacturer quotes 1250  per cm3 at 1.667 cc/s)
LLOD_FLAG: -88888
LLOD_VALUE: 0 0 (varies depending on data field and measurement precision)
DM_CONTACT_INFO: Troy Thornberry, 325 Broadway R/CSL6, Boulder, CO 80305; troy.thornberry@noaa.gov; 303-497-3373
PROJECT_INFO: B2SAP Hilo, HI, USA
STIPULATIONS_ON_USE: Please contact the PIs for questions regarding applications and uncertainties
OTHER_COMMENTS: POPS bin Edges (nm):  140, 170, 205, 249, 302, 366, 443, 537, 651, 789, 956, 1159, 1404, 1702, 2062, 2500
Calculations assume sulfate refractive index of 1.45+0.00j and extinction wavelength = 532 nm
REVISION: R0
R0: QA/QC data
TIME_START,TIME_STOP,TIME_MID,GPSAlt,GPS_Lon,GPS_Lat,iMet_Pressure,iMet_Temperature,THETA,Aerosol_concentration,Surface_Area_Conc,Volume_density,Effective_radius,Extinction,Bin01,Bin02,Bin03,Bin04,Bin05,Bin06,Bin07,Bin08,Bin09,Bin10,Bin11,Bin12,Bin13,Bin14,Bin15
[from data line 78]
70502,70518,70510,7.9,-155.053,19.6524,387.249,-18.6418,333.753,5.10047,0.542039,22.6967,0.125618,0.000113169,3.78496,0.761608,0.161553,0.184632,0.115395,0,0.023079,0.0692371,0,0,0,0,0,0,0
70520,70534,70527,8,-155.052,19.651,382.111,-19.4153,334.008,3.69829,0.485011,27.511,0.170167,0.000151069,2.49176,0.577038,0.26229,0.104916,0.131145,0.052458,0.026229,0.026229,0,0.026229,0,0,0,0,0
70535,70551,70543,8.1,-155.051,19.6496,376.861,-20.1393,334.371,2.50349,0.33207,20.6544,0.186597,0.000111978,1.65003,0.483629,0.142244,0.113795,0.0284488,0.0284488,0.0284488,0,0,0.0284488,0,0,0,0,0
70552,70567,70560,8.2,-155.05,19.6481,371.865,-20.8464,334.707,2.15782,0.229818,8.93434,0.116627,3.969e-05,1.41962,0.539454,0.0283923,0.0851769,0,0.0567846,0.0283923,0,0,0,0,0,0,0,0
70568,70584,70576,8.3,-155.048,19.6468,366.432,-21.4513,335.32,3.18167,0.334777,13.2824,0.119026,6.26708e-05,2.37999,0.375788,0.20042,0.125263,0,0.0250525,0.0751576,0,0,0,0,0,0,0,0
70585,70602,70594,8.4,-155.047,19.6451,361.669,-22.0339,335.796,4.08637,0.569955,42.6344,0.224409,0.00016346,2.73165,0.732882,0.288711,0.133251,0.0666256,0.0444171,0.0222085,0.0222085,0.0222085,0,0,0.0222085,0,0,0
70603,70620,70612,8.5,-155.045,19.6435,356.771,-22.8094,336.062,3.29709,0.335207,12.0675,0.108001,4.5845e-05,2.16666,0.75362,0.188405,0.0471012,0.0706519,0.0471012,0.0235506,0,0,0,0,0,0,0,0
70621,70634,70628,8.6,-155.044,19.6421,352.418,-23.3936,336.453,3.0684,0.346728,16.5199,0.142936,8.73271e-05,2.0456,0.657514,0.182643,0.0730571,0.0365286,0.0365286,0,0,0.0365286,0,0,0,0,0,0
70636,70653,70644,8.7,-155.042,19.6408,347.192,-24.2756,336.705,2.33865,0.251285,9.55299,0.114049,4.00567e-05,1.45851,0.553228,0.176027,0.0502934,0.0251467,0.0502934,0.0251467,0,0,0,0,0,0,0,0
70655,70668,70662,8.8,-155.041,19.639,342.099,-25.2143,336.855,3.57926,0.388288,16.4816,0.12734,8.25462e-05,2.42466,0.779356,0.11546,0.144325,0.028865,0.028865,0,0.0577301,0,0,0,0,0,0,0
70669,70684,70676,8.9,-155.039,19.638,337.824,-26.03,336.952,3.61127,0.417106,18.1127,0.130274,9.25785e-05,2.21254,0.915533,0.127157,0.228883,0.0254315,0.0254315,0.0254315,0.0508629,0,0,0,0,0,0,0
70685,70703,70694,9,-155.038,19.6369,332.755,-26.9247,337.182,4.10587,0.405228,14.1257,0.104576,5.05395e-05,2.66521,0.912415,0.360164,0.0720327,0.0480218,0,0.0480218,0,0,0,0,0,0,0,0
70705,70722,70714,9.1,-155.036,19.6356,328.358,-27.66,337.459,5.70933,0.536241,17.0263,0.0952538,4.40727e-05,3.8487,1.2744,0.178417,0.305857,0.0764643,0.0254881,0,0,0,0,0,0,0,0,0
70723,70737,70730,9.2,-155.035,19.6345,323.887,-28.4708,337.668,3.55078,0.31029,9.01842,0.0871935,1.6712e-05,2.38995,0.853552,0.204852,0.102426,0,0,0,0,0,0,0,0,0,0,0
70738,70751,70744,9.3,-155.034,19.6333,319.855,-29.0273,338.105,1.75754,0.233464,13.3803,0.171936,8.28892e-05,1.19662,0.299156,0.112183,0.0373945,0.0373945,0.0373945,0,0,0.0373945,0,0,0,0,0,0
70752,70770,70761,9.4,-155.032,19.6313,314.847,-29.706,338.685,1.31808,0.255931,30.0549,0.352301,9.3899e-05,0.906178,0.247139,0.0549199,0.0549199,0,0,0.0274599,0,0,0,0.0274599,0,0,0,0
70772,70785,70778,9.5,-155.03,19.6294,310.737,-30.2927,339.143,0.679945,0.0695302,2.34781,0.1013,7.13482e-06,0.453297,0.0755495,0.113324,0,0.0377747,0,0,0,0,0,0,0,0,0,0
70789,70808,70798,9.6,-155.027,19.6266,305.878,-31.2786,339.293,0.973175,0.13116,8.20337,0.187634,5.32524e-05,0.619293,0.206431,0.117961,0,0,0,0,0,0.0294901,0,0,0,0,0,0
70810,70829,70820,9.7,-155.024,19.6236,301.509,-31.9164,339.789,1.02995,0.155121,9.5097,0.183915,6.07363e-05,0.559115,0.294271,0.0294271,0.0588542,0.0588542,0,0,0,0.0294271,0,0,0,0,0,0
70830,70845,70838,9.8,-155.021,19.6214,297.625,-32.4329,340.316,1.1233,0.111088,4.27673,0.115496,2.0071e-05,0.827697,0.206924,0.0591212,0,0,0,0.0295606,0,0,0,0,0,0,0,0
70847,70864,70856,9.9,-155.018,19.6191,293.368,-33.2233,340.604,0.903254,0.107003,5.58173,0.156493,3.60502e-05,0.62533,0.243184,0,0,0,0,0,0.0347406,0,0,0,0,0,0,0
70865,70882,70874,10,-155.015,19.6165,288.962,-33.9454,341.052,1.43704,0.242065,19.6818,0.243923,0.000122467,0.989962,0.22354,0.0958028,0.0319343,0.0319343,0,0,0.0319343,0,0.0319343,0,0,0,0,0
70884,70900,70892,10.1,-155.012,19.6143,284.298,-34.3992,341.986,0.762708,0.0747035,2.44525,0.0981982,6.95004e-06,0.520028,0.104006,0.104006,0,0.0346686,0,0,0,0,0,0,0,0,0,0
70901,70917,70909,10.2,-155.009,19.6125,280.651,-35.0669,342.286,1.22552,0.123585,4.16774,0.101171,1.27671e-05,0.774012,0.322505,0,0.064501,0.064501,0,0,0,0,0,0,0,0,0,0
70919,70935,70927,10.3,-155.006,19.6103,277.035,-35.7309,342.609,2.16183,0.221016,9.21989,0.125148,4.58962e-05,1.59293,0.379268,0.0758536,0.0758536,0,0,0,0.0379268,0,0,0,0,0,0,0
70936,70954,70945,10.4,-155.002,19.608,272.68,-36.54,342.987,2.29437,0.281248,14.5731,0.155448,8.61227e-05,1.47926,0.543403,0.150945,0,0.030189,0.030189,0.030189,0,0.030189,0,0,0,0,0,0
70955,70968,70962,10.5,-154.999,19.6062,268.944,-37.3511,343.158,3.40716,0.319941,9.8551,0.0924087,2.23416e-05,2.05363,0.93347,0.280041,0.093347,0.0466735,0,0,0,0,0,0,0,0,0,0
70969,70987,70978,10.6,-154.995,19.604,265.108,-37.8886,343.782,3.2394,0.339216,11.6731,0.103236,3.69557e-05,1.84676,0.81742,0.363298,0.0605496,0.121099,0.0302748,0,0,0,0,0,0,0,0,0
70988,71002,70995,10.7,-154.992,19.6016,261.123,-38.735,344.039,4.11229,0.454983,19.1725,0.126417,9.57083e-05,2.62847,1.05987,0.0847895,0.211974,0,0.0423948,0.0423948,0.0423948,0,0,0,0,0,0,0
71005,71020,71012,10.8,-154.988,19.5993,257.514,-39.484,344.302,5.42569,0.606709,23.604,0.116715,9.79351e-05,3.2215,1.0597,0.678211,0.254329,0.127165,0.0423882,0,0.0423882,0,0,0,0,0,0,0
71023,71037,71030,10.9,-154.985,19.597,253.656,-39.3729,345.952,7.97846,0.949439,50.2385,0.158742,0.000237497,4.87234,2.07075,0.365426,0.304521,0.243617,0.0609043,0,0,0,0.0609043,0,0,0,0,0
71038,71055,71046,11,-154.98,19.5945,249.888,-39.715,346.931,8.36325,0.941539,38.8189,0.123688,0.000175476,4.8195,1.9845,1.06312,0.177187,0.14175,0.070875,0.070875,0,0.0354375,0,0,0,0,0,0
71056,71071,71064,11.1,-154.976,19.5917,246.231,-40.48,347.255,6.22878,0.985869,81.6308,0.248402,0.000356899,3.5593,1.66359,0.464257,0.19344,0.154752,0,0.0773761,0,0.0386881,0.0386881,0.0386881,0,0,0,0
71074,71086,71080,11.2,-154.971,19.5888,242.311,-40.8733,348.256,3.49898,0.490647,24.6914,0.150973,0.000147507,1.77346,0.718969,0.671038,0.143794,0.0479313,0,0.0479313,0.0958626,0,0,0,0,0,0,0
71087,71102,71094,11.3,-154.967,19.5864,238.636,-41.735,348.479,1.8359,0.242373,12.2887,0.152104,7.46448e-05,1.13394,0.37798,0.161991,0.0539971,0,0.0539971,0,0.0539971,0,0,0,0,0,0,0
71103,71120,71112,11.4,-154.961,19.5842,235.665,-41.8627,349.54,0.893495,0.16534,11.6946,0.212193,8.20437e-05,0.466171,0.233086,0.0776952,0,0.0388476,0.0388476,0,0,0.0388476,0,0,0,0,0,0
71122,71137,71130,11.5,-154.955,19.5821,232.197,-42.2171,350.489,0.608608,0.111952,7.80563,0.209169,6.07015e-05,0.426026,0.0608608,0.0608608,0,0,0,0,0.0608608,0,0,0,0,0,0,0
71138,71160,71149,11.6,-154.949,19.5798,228.68,-42.9108,350.96,0.631,0.230194,34.1178,0.44464,0.000109712,0.365316,0.0996316,0.0664211,0.0332105,0,0,0.0332105,0,0,0,0.0332105,0,0,0,0
71161,71184,71172,11.7,-154.942,19.5778,225.272,-43.6489,351.334,0.813671,0.245124,23.8745,0.292194,0.000174308,0.429437,0.158214,0.0452039,0.0452039,0.022602,0,0.022602,0.022602,0.0452039,0.022602,0,0,0,0,0
71185,71202,71194,11.8,-154.935,19.5759,221.941,-44.3243,351.802,0.555434,0.0888412,5.04765,0.17045,3.61666e-05,0.370289,0.0617149,0.0617149,0,0,0,0.0617149,0,0,0,0,0,0,0,0
71204,71223,71214,11.9,-154.928,19.5747,218.267,-44.852,352.668,0.648572,0.227364,18.5678,0.244997,0.000155974,0.345905,0.0432381,0,0.0432381,0.0432381,0,0.0432381,0.129714,0,0,0,0,0,0,0
71224,71237,71230,12,-154.923,19.5739,215.102,-45.74,352.762,1.22441,0.192752,10.3481,0.161058,6.48387e-05,0.538742,0.342836,0.14693,0.0489765,0.097953,0,0,0.0489765,0,0,0,0,0,0,0
71239,71254,71246,12.1,-154.919,19.5733,211.904,-46.5756,352.97,0.677706,0.100226,4.36371,0.130617,2.00308e-05,0.290445,0.145223,0.0484075,0.145223,0,0.0484075,0,0,0,0,0,0,0,0,0
71255,71269,71262,12.2,-154.914,19.5729,208.674,-47.4954,353.093,0.405667,0.102221,6.52529,0.191506,4.88393e-05,0.169028,0.0338055,0.0676111,0.0338055,0,0.0338055,0.0676111,0,0,0,0,0,0,0,0
71270,71284,71277,12.3,-154.909,19.5723,205.399,-48.518,353.081,0.835182,0.312881,25.9894,0.249194,0.000221079,0.351655,0.0879139,0.131871,0,0,0,0.0879139,0.175828,0,0,0,0,0,0,0
71285,71303,71294,12.4,-154.905,19.5718,202.228,-49.3591,353.322,0.721308,0.199304,16.2184,0.244126,0.000125791,0.400727,0.0801454,0.0400727,0,0.0801454,0.0400727,0,0.0400727,0.0400727,0,0,0,0,0,0
71304,71317,71310,12.5,-154.9,19.5715,199.267,-49.9712,353.846,0.549167,0.0774208,3.19164,0.123674,1.40064e-05,0.219667,0.16475,0.0549167,0,0.109833,0,0,0,0,0,0,0,0,0,0
71318,71336,71327,12.6,-154.894,19.5719,195.866,-51.1225,353.761,0.323968,0.0387596,1.43495,0.111065,5.17178e-06,0.161984,0.0647937,0.0647937,0,0.0323968,0,0,0,0,0,0,0,0,0,0
71337,71349,71343,12.7,-154.89,19.5719,193.245,-51.6025,354.353,0.829816,0.167364,8.38059,0.150222,4.66009e-05,0.218373,0.218373,0.0436745,0.0873491,0.174698,0.0873491,0,0,0,0,0,0,0,0,0
71351,71359,71355,12.8,-154.886,19.5723,190.661,-52.4629,354.333,0.751625,0.0687746,2.06994,0.0902922,4.25318e-06,0.450975,0.250542,0,0.0501084,0,0,0,0,0,0,0,0,0,0,0
71360,71380,71370,12.9,-154.882,19.573,186.933,-53.3881,354.853,0.681837,0.139172,9.78496,0.210925,7.00826e-05,0.285932,0.197953,0.0659842,0.0439895,0.0219947,0.0219947,0,0.0219947,0.0219947,0,0,0,0,0,0
71381,71400,71390,13,-154.876,19.5738,184.137,-54.1033,355.222,0.645854,0.164681,12.9798,0.236454,0.000100462,0.322927,0.117428,0.029357,0.058714,0.029357,0,0.029357,0.029357,0.029357,0,0,0,0,0,0
71405,71422,71414,13.1,-154.869,19.5752,181.178,-54.9983,355.406,0.442036,0.213144,21.3313,0.300238,0.000173565,0.206284,0.0294691,0,0.0589382,0,0.0294691,0.0294691,0,0.0884072,0,0,0,0,0,0
71423,71445,71434,13.2,-154.862,19.5765,178.251,-55.9682,355.48,0.645632,0.213609,32.6179,0.458097,0.000104396,0.548788,0.0322816,0,0,0,0,0.0322816,0,0,0,0.0322816,0,0,0,0
71448,71457,71452,13.3,-154.857,19.5776,175.869,-56.6829,355.679,0.407292,0.0882884,4.15286,0.141112,2.05133e-05,0,0.101823,0.101823,0.0509115,0.152735,0,0,0,0,0,0,0,0,0,0
71467,71480,71474,13.4,-154.85,19.579,173.016,-57.6929,355.673,0.306901,0.124828,9.87871,0.237415,8.16616e-05,0.1023,0,0,0.1023,0,0,0.0511502,0.0511502,0,0,0,0,0,0,0
71487,71502,71494,13.5,-154.844,19.5809,169.773,-58.6071,356.078,0.410544,0.0770966,3.79528,0.147683,2.08982e-05,0.102636,0.102636,0.102636,0,0.051318,0.051318,0,0,0,0,0,0,0,0,0
71506,71522,71514,13.6,-154.838,19.5825,167.144,-59.5411,356.124,0.359918,0.231241,27.1297,0.351966,0.000195684,0.119973,0,0.0399908,0.0799817,0,0,0.0399908,0,0.0399908,0.0399908,0,0,0,0,0
71527,71536,71532,13.7,-154.833,19.5841,164.444,-60.528,356.127,0.3635,0.0414779,1.43006,0.103433,3.92575e-06,0.1454,0.1454,0,0.0726999,0,0,0,0,0,0,0,0,0,0,0
71539,71553,71546,13.8,-154.829,19.585,162.364,-60.9929,356.639,0.258843,0.131701,10.8509,0.247171,9.1968e-05,0.0517686,0.0517686,0,0,0,0.0517686,0.0517686,0.0517686,0,0,0,0,0,0,0
71557,71566,71562,13.9,-154.825,19.5861,159.478,-61.98,356.806,0.426624,0.0863913,4.87279,0.169211,3.17176e-05,0.243785,0.0609463,0,0,0,0.121893,0,0,0,0,0,0,0,0,0
71569,71587,71578,14,-154.82,19.587,157.01,-62.7037,357.176,0.410992,0.113322,6.93501,0.183592,4.89104e-05,0.136997,0.0456658,0,0.0456658,0.0913316,0.0456658,0.0456658,0,0,0,0,0,0,0,0
71588,71604,71596,14.1,-154.815,19.5884,154.169,-63.7088,357.324,0.685724,0.175211,13.8493,0.237131,0.000102774,0.274289,0.228575,0,0.0457149,0,0.0914298,0,0,0.0457149,0,0,0,0,0,0
71605,71625,71615,14.2,-154.809,19.5892,151.443,-64.3129,358.115,0.422883,0.07681,3.7781,0.147563,2.10056e-05,0.105721,0.158581,0.0528603,0,0.0528603,0.0528603,0,0,0,0,0,0,0,0,0
71626,71646,71636,14.3,-154.803,19.5899,149.079,-65.3291,357.983,0.501699,0.0897223,5.44728,0.182138,3.74905e-05,0.267573,0.0668931,0.0334466,0.10034,0,0,0,0.0334466,0,0,0,0,0,0,0
71649,71665,71657,14.4,-154.797,19.5906,146.467,-66.0967,358.461,0.519165,0.0807658,4.13634,0.153642,2.60271e-05,0.239615,0.119807,0.0798715,0.0399358,0,0,0.0399358,0,0,0,0,0,0,0,0
71666,71685,71676,14.5,-154.791,19.5912,144.118,-67.1073,358.36,0.806607,0.155885,9.26948,0.178391,6.41021e-05,0.388366,0.149372,0.0597487,0.0597487,0.0597487,0.0298743,0.0298743,0.0298743,0,0,0,0,0,0,0
71686,71696,71691,14.6,-154.787,19.5913,141.901,-67.7514,358.836,0.935635,0.297099,24.2684,0.245054,0.000194483,0.421036,0.140345,0.0935635,0,0.0467817,0.0467817,0.0935635,0.0467817,0.0467817,0,0,0,0,0,0
71700,71714,71707,14.7,-154.783,19.5912,139.33,-68.5487,359.31,0.783686,0.18205,18.5714,0.306038,0.00011418,0.494959,0.0824932,0.12374,0,0.0412466,0,0,0,0,0.0412466,0,0,0,0,0
71715,71726,71720,14.8,-154.779,19.5907,137.212,-69.58,359.061,0.944427,0.198829,12.0766,0.182216,8.13894e-05,0.499991,0,0,0.333327,0,0.0555545,0,0.0555545,0,0,0,0,0,0,0
71729,71742,71736,14.9,-154.775,19.5903,134.714,-70.4371,359.438,0.472386,0.0744625,4.07676,0.164247,2.81339e-05,0.236193,0.141716,0.0472386,0,0,0,0.0472386,0,0,0,0,0,0,0,0
71745,71761,71753,15,-154.771,19.5899,132.425,-71.3,359.664,0.970434,0.239553,18.5128,0.231841,0.000144938,0.667173,0.0303261,0.0303261,0,0.0909782,0.0303261,0.0303261,0.0606521,0.0303261,0,0,0,0,0,0
71764,71780,71772,15.1,-154.766,19.5896,130.303,-72.0744,359.936,1.1529,0.162351,10.3912,0.192013,6.82167e-05,0.743809,0.260333,0.0371905,0.0743809,0,0,0,0,0.0371905,0,0,0,0,0,0
71781,71789,71785,15.2,-154.762,19.589,128.23,-72.768,360.347,1.20666,0.112477,3.35105,0.0893799,6.369e-06,0.670365,0.335182,0.201109,0,0,0,0,0,0,0,0,0,0,0,0
71790,71808,71799,15.3,-154.759,19.5884,125.852,-72.183,363.339,3.52546,0.394723,22.2429,0.169052,0.000106214,2.58533,0.503636,0.268606,0.100727,0.0335758,0,0,0,0,0.0335758,0,0,0,0,0
71809,71824,71816,15.4,-154.754,19.587,123.521,-72.91,363.955,4.52427,0.477256,17.7036,0.111283,7.09454e-05,2.9324,1.04729,0.167566,0.125674,0.167566,0.0418914,0.0418914,0,0,0,0,0,0,0,0
71828,71847,71838,15.5,-154.75,19.5855,121.203,-73.9683,364.009,4.60629,0.413993,12.9281,0.0936832,3.35031e-05,3.34237,0.814528,0.308959,0.0842615,0,0.0561743,0,0,0,0,0,0,0,0,0
71850,71862,71856,15.6,-154.745,19.584,119.19,-74.79,364.239,5.11643,0.543936,23.1079,0.127449,0.000120952,3.71665,0.917096,0.193073,0.144805,0,0,0.0965364,0.0482682,0,0,0,0,0,0,0
71865,71883,71874,15.7,-154.741,19.5828,117.193,-75.267,365.118,5.27474,0.56325,22.6989,0.1209,0.000107638,3.5503,1.04819,0.405749,0.0676248,0.0676248,0.0338124,0.0676248,0.0338124,0,0,0,0,0,0,0
71887,71905,71896,15.8,-154.736,19.5821,115.008,-75.7467,366.206,6.69993,0.7046,30.0118,0.127782,0.000143876,4.44153,1.54324,0.451681,0.0752801,0.0752801,0.0376401,0,0.0376401,0.0376401,0,0,0,0,0,0
71906,71926,71916,15.9,-154.731,19.5816,112.957,-76.36,366.943,4.24956,0.434716,15.8583,0.109439,6.1915e-05,2.87873,0.856765,0.239894,0.102812,0.0685412,0.0685412,0.0342706,0,0,0,0,0,0,0,0
71927,71940,71934,16,-154.727,19.5811,110.949,-76.7963,368.013,2.59472,0.368624,19.2469,0.156639,0.000119253,1.57385,0.510437,0.127609,0.127609,0.127609,0.0425364,0,0.0850729,0,0,0,0,0,0,0
71941,71959,71950,16.1,-154.723,19.5807,108.943,-76.6987,370.126,2.13763,0.215748,7.614,0.105873,2.76097e-05,1.3417,0.545777,0.113704,0.0682221,0.0454814,0,0.0227407,0,0,0,0,0,0,0,0
71960,71968,71964,16.2,-154.72,19.58,107.57,-75.3533,374.004,2.37153,0.351326,22.8904,0.195462,0.000158572,1.46809,0.621116,0.11293,0.0564651,0,0,0,0.0564651,0.0564651,0,0,0,0,0,0
71969,72004,71986,16.3,-154.714,19.5787,104.996,-76.1006,375.186,3.86107,0.434191,18.2514,0.126106,8.9611e-05,2.39726,0.91223,0.297005,0.106073,0.0212147,0.063644,0.0212147,0.0424293,0,0,0,0,0,0,0
72005,72020,72012,16.4,-154.711,19.5779,103.411,-76.4144,376.216,3.78888,0.468603,21.4896,0.137577,0.000111392,2.26486,0.76201,0.338671,0.169336,0.169336,0.0211669,0.0211669,0.0211669,0.0211669,0,0,0,0,0,0
