api/src/app/data/B2SAP/Locations/Hawaii/NOAA-POPS-B2SAP_GMLBalloon_20230802_R0.ict
61,1001
Thornberry, T. D.
NOAA Chemical Sciences Laboratory
Portable Optical Particle Spectrometer (POPS)
Balloon Baseline Stratospheric Aerosol Profiles (B2SAP)
1,1
2023,08,02,2024,05,28
0
TIME_START,s,Seconds since midnight UTC on flight start day,Start time of 100 m altitude bin in UTC_seconds_since_midnight
28
1.0,1.0,1.0,1.0,1.0,1.0,1.0,1.0,1.0,1.0,1.0,1.0,1.0,1.0,1.0,1.0,1.0,1.0,1.0,1.0,1.0,1.0,1.0,1.0,1.0,1.0,1.0,1.0
99999,99999,99999,99999,99999,99999,99999,99999,99999,99999,99999,99999,99999,99999,99999,99999,99999,99999,99999,99999,99999,99999,99999,99999,99999,99999,99999,99999
TIME_STOP,s,End time of 100 m altitude bin in UTC seconds since midnight,
TIME_MID,s,Mid time of 100 m altitude in UTC seconds since midnight,
GPSAlt,m,GPS reported altitude above sea level (m),
GPS_Lon,deg,GPS reported longitude,
GPS_Lat,deg,GPS reported latitude,
iMet_Pressure,mb,Pressure reported (mB),
iMet_Temperature,degrees C,Ambient temperature (oC),
THETA,K,Potential temperature from iMet,
Aerosol_concentration,cm^-3,Aerosol concentration,
Surface_Area_Conc,um^2 cm^-3,Surface area concentration,
Volume_density,um^3 cm^-3,Volume density,
Effective_radius,um,Effective radius,
Extinction,km^-1,Extinction,
Bin01,cm^-3,particle concentration in size range [140 - 170 nm],
Bin02,cm^-3,particle concentration in size range [170 - 205 nm],
Bin03,cm^-3,particle concentration in size range [205 - 249 nm],
Bin04,cm^-3,particle concentration in size range [249 - 302 nm],
Bin05,cm^-3,particle concentration in size range [302 - 366 nm],
Bin06,cm^-3,particle concentration in size range [366 - 443 nm],
Bin07,cm^-3,particle concentration in size range [443 - 537 nm],
Bin08,cm^-3,particle concentration in size range [537 - 651 nm],
Bin09,cm^-3,particle concentration in size range [651 - 789 nm],
Bin10,cm^-3,particle concentration in size range [789 - 956 nm],
Bin11,cm^-3,particle concentration in size range [956 - 1159 nm],
Bin12,cm^-3,particle concentration in size range [1159 - 1404 nm],
Bin13,cm^-3,particle concentration in size range [1404 - 1702 nm],
Bin14,cm^-3,particle concentration in size range [1702 - 2062 nm],
Bin15,cm^-3,particle concentration in size range [2062 - 2500 nm],
0
19
PI_CONTACT_INFO: 325 Broadway R/CSL6, Boulder, CO 80305; troy.thornberry@noaa.gov; 303-497-3373 
PLATFORM: GML ECC/FPH balloon
LOCATION: Hilo, HI, USA
ASSOCIATED_DATA: N/A
INSTRUMENT_INFO: Printed Optical Particle Spectrometer counts particles from 140 - 2500 nm in diameter 
DATA_INFO: Particle concentrations reported in number per cubic centimeter, binned to 100 m altitude
UNCERTAINTY: Counting uncertainty dominated by air flow, less than 5 percent
ULOD_FLAG: -77777
ULOD_VALUE: 3000 ~3000 per cm3 (varies depending on flow rate- manufacturer quotes 1250  per cm3 at 1.667 cc/s)
LLOD_FLAG: -88888
LLOD_VALUE: 0 0 (varies depending on data field and measurement precision)
DM_CONTACT_INFO: Troy Thornberry, 325 Broadway R/CSL6, Boulder, CO 80305; troy.thornberry@noaa.gov; 303-497-3373
PROJECT_INFO: B2SAP Hilo, HI, USA
STIPULATIONS_ON_USE: Please contact the PIs for questions regarding applications and uncertainties
OTHER_COMMENTS: POPS bin Edges (nm):  140, 170, 205, 249, 302, 366, 443, 537, 651, 789, 956, 1159, 1404, 1702, 2062, 2500
Calculations assume sulfate refractive index of 1.45+0.00j and extinction wavelength = 532 nm
REVISION: R0
R0: QA/QC data
TIME_START,TIME_STOP,TIME_MID,GPSAlt,GPS_Lon,GPS_Lat,iMet_Pressure,iMet_Temperature,THETA,Aerosol_concentration,Surface_Area_Conc,Volume_density,Effective_radius,Extinction,Bin01,Bin02,Bin03,Bin04,Bin05,Bin06,Bin07,Bin08,Bin09,Bin10,Bin11,Bin12,Bin13,Bin14,Bin15
[from data line 165]
72043,72060,72052,16.6,-154.707,19.5761,99.874,-76.051,380.684,6.9093,1.05451,81.6247,0.232215,0.000324021,4.36912,1.49024,0.270953,0.169346,0.237084,0.169346,0.0677383,0.101607,0,0,0,0,0.0338691,0,0
72063,72083,72073,16.7,-154.704,19.5755,97.9282,-76.5573,381.839,6.83898,1.16655,93.3004,0.23994,0.000504753,4.30144,1.45444,0.371348,0.154728,0.0928369,0.123783,0.0928369,0.123783,0.0618913,0.0309456,0.0309456,0,0,0,0
72086,72104,72095,16.8,-154.702,19.5751,96.1456,-74.9778,386.936,7.24407,0.874141,41.4549,0.142271,0.00022951,4.69386,1.58926,0.295676,0.184798,0.258717,0.073919,0.0369595,0.073919,0.0369595,0,0,0,0,0,0
72105,72113,72109,16.9,-154.701,19.5753,94.74,-71.6375,395.121,7.64439,1.07936,55.7801,0.155037,0.000350763,4.45304,1.707,0.593739,0.29687,0.0742174,0.148435,0.222652,0.148435,0,0,0,0,0,0,0
72114,72124,72119,17,-154.701,19.5758,93.255,-70.9833,398.188,6.03816,0.699896,32.3273,0.138566,0.000169125,4.07453,1.03091,0.441817,0.245454,0.0490908,0.0981815,0.0490908,0,0.0490908,0,0,0,0,0,0
72125,72143,72134,17.1,-154.701,19.5765,91.3978,-70.8844,400.683,5.67219,0.628478,27.2694,0.130168,0.000132006,3.47544,1.40985,0.459021,0.131149,0.0983616,0.0327872,0,0.0327872,0.0327872,0,0,0,0,0,0
72146,72163,72154,17.2,-154.7,19.5771,89.683,-70.805,403.015,5.19501,0.64206,34.1615,0.159618,0.000181629,3.28724,1.17401,0.352204,0.088051,0.146752,0.0293503,0.0587007,0.0293503,0,0.0293503,0,0,0,0,0
72164,72185,72174,17.3,-154.7,19.5771,88.199,-70.716,405.116,6.49933,0.881897,49.469,0.168281,0.000276461,3.74736,1.43454,0.614801,0.322039,0.175657,0.0585525,0.0585525,0,0.0585525,0.0292762,0,0,0,0,0
72186,72201,72194,17.4,-154.701,19.5772,86.58,-70.9483,406.804,6.29514,1.12089,104.252,0.279025,0.000356596,3.5656,1.32788,0.565579,0.368856,0.172133,0.0983615,0.0737711,0.0491807,0,0,0.0245904,0.0491807,0,0,0
72202,72220,72211,17.5,-154.701,19.5784,84.9643,-71.1143,408.657,5.34511,0.678385,35.1344,0.155374,0.00021177,3.1319,1.50331,0.375828,0.0835173,0.0417587,0.0417587,0.0417587,0.0835173,0.0417587,0,0,0,0,0,0
72224,72242,72233,17.6,-154.702,19.5796,83.704,-71.06,410.522,5.71094,0.778557,54.1904,0.208811,0.000204473,3.5031,1.35414,0.235503,0.323816,0.147189,0.0588757,0.0294378,0,0.0294378,0,0.0294378,0,0,0,0
72243,72260,72252,17.7,-154.702,19.5811,82.227,-71.801,411.101,5.20196,0.760374,46.023,0.18158,0.000280831,3.07389,1.12315,0.443349,0.17734,0.147783,0.0295566,0.0886698,0.0591132,0.0295566,0.0295566,0,0,0,0,0
72265,72279,72272,17.8,-154.702,19.5822,80.7987,-71.4425,413.893,4.49541,0.554411,26.4036,0.142874,0.000144384,2.61618,1.10543,0.442172,0.0736953,0.110543,0.0368477,0.0736953,0,0.0368477,0,0,0,0,0,0
72280,72295,72288,17.9,-154.702,19.5826,79.3,-70.3162,418.45,4.53189,0.47119,16.3151,0.103876,5.22818e-05,2.81416,0.840593,0.548213,0.182738,0.073095,0.073095,0,0,0,0,0,0,0,0,0
72296,72315,72306,18,-154.703,19.5829,77.9663,-69.1063,422.979,5.15898,0.923425,77.935,0.253193,0.000355718,2.97913,1.01726,0.472301,0.217985,0.181654,0.108992,0,0.0726616,0.0726616,0,0,0.0363308,0,0,0
72316,72331,72324,18.1,-154.704,19.5829,76.6857,-68.3086,426.658,5.32165,1.33189,145.584,0.327919,0.00066989,2.95186,1.20569,0.332603,0.166302,0.207877,0.0415754,0.0415754,0.207877,0.0415754,0.0415754,0.0415754,0.0415754,0,0,0
72332,72352,72342,18.2,-154.705,19.5832,75.4711,-67.7511,429.769,4.34352,0.667824,41.6997,0.187323,0.000251945,2.31654,1.19045,0.321742,0.160871,0.0643485,0.128697,0.0965227,0,0.0321742,0.0321742,0,0,0,0,0
72353,72369,72361,18.3,-154.707,19.584,74.1267,-68.2767,430.871,4.55873,0.714431,47.0062,0.197386,0.000292641,2.65118,0.969942,0.355645,0.193988,0.193988,0.0323314,0.0323314,0.0323314,0.0646628,0.0323314,0,0,0,0,0
72373,72390,72382,18.4,-154.708,19.5849,72.7989,-68.3111,433.038,4.97987,1.35153,139.99,0.310736,0.000845394,2.78097,0.937768,0.323368,0.258695,0.161684,0.0646737,0.0646737,0.0646737,0.161684,0.129347,0.0323368,0,0,0,0
72391,72410,72400,18.5,-154.709,19.5855,71.537,-67.659,436.584,5.61642,1.0573,92.9661,0.263784,0.000484286,3.50302,0.98432,0.405308,0.144753,0.260555,0.0579012,0.0289506,0.0868518,0.0579012,0.0579012,0,0.0289506,0,0,0
72411,72428,72420,18.6,-154.71,19.5862,70.1962,-67.0025,440.364,4.02065,0.858417,64.4641,0.22529,0.000459704,2.12474,0.653765,0.523012,0.130753,0.163441,0.0653765,0.0980648,0.163441,0.0653765,0.0326883,0,0,0,0,0
72429,72448,72438,18.7,-154.71,19.5865,69.095,-66.205,444.061,4.44794,1.08671,101.601,0.280483,0.000570416,2.06281,0.90248,0.644629,0.257851,0.128926,0.0644629,0.128926,0.0644629,0.128926,0.0322314,0,0.0322314,0,0,0
72449,72467,72458,18.8,-154.711,19.5869,67.7929,-66.1914,446.515,3.51901,0.857416,68.9823,0.241361,0.000487816,1.46625,0.80644,0.40322,0.219938,0.219938,0.109969,0.0733127,0.0366564,0.146625,0.0366564,0,0,0,0,0
72468,72486,72477,18.9,-154.712,19.5875,66.7237,-66.65,447.55,2.9394,0.573976,34.4726,0.180178,0.000232639,1.32434,0.581419,0.226107,0.258408,0.226107,0.129204,0.129204,0.0323011,0.0323011,0,0,0,0,0,0
72488,72505,72496,19,-154.712,19.5883,65.525,-67.0962,448.901,3.55329,0.949942,85.8843,0.27123,0.000483328,1.20616,0.749777,0.619381,0.32599,0.260792,0.097797,0.065198,0.065198,0.130396,0,0.032599,0,0,0,0
72509,72525,72517,19.1,-154.713,19.5889,64.3937,-66.6887,452.037,3.22711,0.91102,86.2705,0.28409,0.00047486,1.33648,0.521552,0.423761,0.260776,0.195582,0.195582,0.130388,0.032597,0.065194,0.032597,0.032597,0,0,0,0
72526,72540,72533,19.2,-154.714,19.5889,63.4567,-65.7944,455.892,2.89169,0.594711,37.3854,0.188589,0.000261205,1.11659,0.773025,0.314936,0.200414,0.0572611,0.229044,0.0858917,0.0858917,0.0286306,0,0,0,0,0,0
72547,72552,72550,19.3,-154.715,19.5888,62.5117,-65.955,457.508,2.7275,1.00495,102.078,0.304726,0.000559833,0.995752,0.346349,0.173174,0.173174,0.476229,0.216468,0.0865872,0.173174,0,0.0432936,0.0432936,0,0,0,0
72553,72582,72568,19.4,-154.717,19.588,61.11,-66.5343,459.188,3.00244,0.817058,76.206,0.279806,0.00041103,1.22322,0.77841,0.296537,0.0741342,0.111201,0.185336,0.111201,0.185336,0,0,0.0370671,0,0,0,0
72583,72592,72588,19.5,-154.718,19.5875,60.356,-66.625,460.617,2.98699,0.620208,38.553,0.186484,0.000266664,1.06493,0.623371,0.519476,0.311686,0.129869,0.103895,0.103895,0.103895,0.0259738,0,0,0,0,0,0
72594,72620,72607,19.6,-154.72,19.5865,59.0143,-66.9036,462.958,3.04721,0.959136,79.9743,0.250145,0.000578,0.96619,0.520256,0.427353,0.260128,0.260128,0.222967,0.111483,0.148645,0.0743223,0.0557417,0,0,0,0,0
72621,72631,72626,19.7,-154.721,19.586,58.2709,-67.3327,463.668,2.75531,0.707261,61.7979,0.262129,0.000345742,1.04512,0.498806,0.427548,0.26128,0.237527,0.0237527,0.118763,0.0475054,0.0712581,0,0.0237527,0,0,0,0
72641,72658,72650,19.8,-154.723,19.5851,57.0139,-66.4511,468.57,2.29538,0.685675,61.1606,0.267593,0.000388599,0.750691,0.4764,0.288727,0.245418,0.202109,0.0721818,0.0433091,0.115491,0.0721818,0.0144364,0.0144364,0,0,0,0
72659,72677,72668,19.9,-154.725,19.5843,56.085,-65.71,472.47,3.00357,0.782365,44.9759,0.172461,0.000297463,0.522361,0.652951,0.13059,0.39177,0.914131,0.13059,0.26118,0,0,0,0,0,0,0,0
72678,72687,72682,20,-154.726,19.5838,55.334,-64.196,477.75,2.57253,0.809047,70.5363,0.261553,0.000512927,0.977562,0.411605,0.282978,0.205802,0.257253,0.0771759,0.128627,0.0771759,0.102901,0.0514506,0,0,0,0,0
72688,72711,72700,20.1,-154.727,19.583,54.2408,-65.1115,478.366,2.48185,0.716731,98.851,0.413758,0.000373384,0.933174,0.675062,0.238257,0.238257,0.0992738,0.119129,0.0397095,0.0794191,0.0397095,0,0,0,0,0.0198548,0
72712,72731,72722,20.2,-154.729,19.5822,53.28,-64.312,482.674,2.70814,0.61424,39.6734,0.193768,0.000283571,0.970842,0.562067,0.357679,0.255485,0.178839,0.127742,0.127742,0.102194,0.0255485,0,0,0,0,0,0
72732,72749,72740,20.3,-154.73,19.5813,52.3611,-64.3978,484.871,2.77292,0.863881,69.1285,0.240063,0.000504185,0.743256,0.428801,0.485975,0.314454,0.285868,0.142934,0.171521,0.0571735,0.114347,0.0285868,0,0,0,0,0
72754,72771,72762,20.4,-154.733,19.5802,51.4711,-63.8289,488.589,2.49328,0.684374,47.0084,0.206065,0.000351475,0.793315,0.42499,0.283327,0.254994,0.226662,0.169996,0.198329,0.113331,0.0283327,0,0,0,0,0,0
72772,72789,72780,20.5,-154.736,19.5795,50.4964,-64.0082,490.837,2.96454,0.844804,74.1139,0.263187,0.000432115,0.957057,0.606914,0.373486,0.303457,0.303457,0.116714,0.0933714,0.140057,0.0233429,0.0233429,0.0233429,0,0,0,0
72790,72803,72796,20.6,-154.739,19.5789,49.65,-63.4257,494.595,2.70183,0.769749,57.8562,0.225487,0.000439586,0.912782,0.438135,0.365113,0.328602,0.146045,0.109534,0.219068,0.0730226,0.109534,0,0,0,0,0,0
72808,72821,72814,20.7,-154.741,19.5786,48.9322,-63.23,497.115,2.37404,0.709554,59.3716,0.251023,0.000417609,0.81961,0.508724,0.226099,0.141312,0.226099,0.169575,0.11305,0.0847873,0.0282624,0.0565248,0,0,0,0,0
72822,72844,72833,20.8,-154.743,19.5787,48.134,-63.221,499.475,2.33096,0.565076,38.2414,0.203024,0.000273542,0.742834,0.512299,0.25615,0.30738,0.179305,0.128075,0.0768449,0.0768449,0.0512299,0,0,0,0,0,0
72845,72857,72851,20.9,-154.745,19.579,47.2963,-63.1875,502.071,2.24727,0.737072,62.0396,0.252511,0.000438357,0.770492,0.353142,0.192623,0.128415,0.288935,0.192623,0.160519,0.0963115,0,0.0642077,0,0,0,0,0
72864,72876,72870,21,-154.748,19.5792,46.4785,-62.9377,505.173,2.70774,0.744336,63.6559,0.256561,0.000377633,0.784851,0.647502,0.353183,0.294319,0.31394,0.0588638,0.0981064,0.0392425,0.0981064,0,0.0196213,0,0,0,0
72883,72900,72892,21.1,-154.75,19.5789,45.64,-61.6856,510.838,2.13562,0.48816,33.3091,0.204702,0.000239338,0.739255,0.492836,0.219038,0.328558,0.136899,0,0.109519,0.0547596,0.0547596,0,0,0,0,0,0
72901,72919,72910,21.2,-154.753,19.5782,44.9133,-62.495,511.219,2.27188,0.549122,35.9096,0.196184,0.000252398,0.65461,0.462078,0.308052,0.269545,0.308052,0.077013,0.077013,0.077013,0.0385065,0,0,0,0,0,0
72920,72933,72926,21.3,-154.755,19.5775,44.1111,-62.4144,514.061,2.46347,0.712771,54.2859,0.228485,0.000394444,0.795496,0.384918,0.333595,0.230951,0.282273,0.128306,0.102645,0.153967,0.0256612,0.0256612,0,0,0,0,0
72934,72951,72942,21.4,-154.758,19.5771,43.395,-62.8825,515.313,2.09296,0.611694,48.7629,0.239154,0.00037277,0.697652,0.406964,0.290688,0.174413,0.203482,0.0581376,0.0290688,0.116275,0.116275,0,0,0,0,0,0
72952,72973,72962,21.5,-154.761,19.577,42.535,-62.9075,518.216,2.20387,0.678793,53.5242,0.236556,0.000387737,0.666959,0.347979,0.202988,0.289982,0.31898,0.115993,0.0289982,0.173989,0.0289982,0.0289982,0,0,0,0,0
72975,72985,72980,21.6,-154.764,19.5768,41.842,-63.114,520.133,2.37158,0.882939,80.4772,0.273441,0.000594115,0.651022,0.232508,0.418514,0.418514,0.186006,0.0930031,0.0930031,0.0465016,0.186006,0.0465016,0,0,0,0,0
72995,73010,73002,21.7,-154.766,19.5766,41.1089,-62.8933,523.329,2.4222,0.91854,79.3848,0.259275,0.000618965,0.618435,0.54113,0.231913,0.180377,0.206145,0.154609,0.103072,0.257681,0.103072,0.0257681,0,0,0,0,0
73011,73025,73018,21.8,-154.769,19.5763,40.4,-62.063,528.002,2.57765,0.794909,67.0989,0.253232,0.000470079,0.812773,0.487664,0.232221,0.325109,0.325109,0.0696662,0.0696662,0.185777,0,0.0696662,0,0,0,0,0
73026,73038,73032,21.9,-154.772,19.5759,39.7429,-61.4443,532.044,2.0791,0.577889,44.479,0.230904,0.000306144,0.693032,0.297014,0.297014,0.231011,0.198009,0.165008,0.0990046,0.0330015,0.0330015,0.0330015,0,0,0,0,0
73045,73060,73052,22,-154.775,19.5758,38.999,-61.778,534.073,2.31438,0.523301,33.704,0.19322,0.000239698,0.833178,0.347158,0.416589,0.254582,0.208295,0.0231438,0.115719,0.0925754,0.0231438,0,0,0,0,0,0
73069,73073,73071,22.1,-154.778,19.5758,38.254,-61.686,537.267,1.80146,0.323588,15.1392,0.140356,7.7074e-05,0.646678,0.230956,0.277148,0.184765,0.36953,0.0923826,0,0,0,0,0,0,0,0,0
73079,73091,73085,22.2,-154.781,19.5759,37.7275,-60.85,541.523,2.62234,0.647527,40.4954,0.187616,0.00028872,0.691606,0.662789,0.345803,0.201718,0.172901,0.288169,0.172901,0.0864507,0,0,0,0,0,0,0
73092,73112,73102,22.3,-154.785,19.5758,37.031,-60.644,544.952,2.26141,0.655901,49.9142,0.228301,0.000354549,0.553815,0.392286,0.392286,0.323059,0.230756,0.138454,0.0461513,0.115378,0.0461513,0.0230756,0,0,0,0,0
73113,73123,73118,22.4,-154.788,19.5758,36.45,-60.3817,548.084,2.57046,0.749659,56.3194,0.22538,0.000433306,0.728936,0.690571,0.23019,0.23019,0.15346,0.15346,0.15346,0.15346,0.0767301,0,0,0,0,0,0
73133,73150,73142,22.5,-154.792,19.5762,35.7169,-59.4215,553.78,2.34396,0.676179,56.9078,0.252482,0.000324986,0.616833,0.458219,0.387724,0.229109,0.246733,0.193862,0.105743,0.0528714,0.0176238,0.0176238,0.0176238,0,0,0,0
73151,73167,73159,22.6,-154.795,19.5766,35.05,-60.025,555.184,1.83634,0.774348,66.4568,0.257469,0.000523473,0.258235,0.315621,0.258235,0.229542,0.258235,0.143464,0.0860784,0.114771,0.172157,0,0,0,0,0,0
73168,73185,73176,22.7,-154.799,19.5773,34.4127,-59.8509,558.566,2.13303,0.677867,52.2038,0.231036,0.000385718,0.606448,0.31368,0.271856,0.188208,0.292768,0.125472,0.188208,0.083648,0.041824,0.020912,0,0,0,0,0
73186,73204,73195,22.8,-154.802,19.5781,33.8856,-57.6733,566.754,1.95759,0.450913,27.1156,0.180404,0.000184214,0.559312,0.355926,0.355926,0.228809,0.127116,0.203386,0.0508465,0.0762698,0,0,0,0,0,0,0
73205,73223,73214,22.9,-154.805,19.5786,33.3555,-58.21,567.905,1.95553,0.590369,44.9793,0.228565,0.000331018,0.624105,0.228839,0.332856,0.187232,0.166428,0.104018,0.187232,0.083214,0.0208035,0.0208035,0,0,0,0,0
73224,73242,73233,23,-154.809,19.5793,32.6773,-58.6836,569.982,2.22181,0.707278,54.6529,0.231816,0.000396971,0.46113,0.377288,0.44017,0.230565,0.209605,0.230565,0.104802,0.0838419,0.0628814,0.0209605,0,0,0,0,0
73243,73257,73250,23.1,-154.812,19.5799,32.2078,-58.3489,573.245,2.13061,0.597278,40.2355,0.202094,0.000295351,0.526077,0.289342,0.394557,0.263038,0.263038,0.105215,0.184127,0.0789115,0.0263038,0,0,0,0,0,0
73258,73278,73268,23.2,-154.816,19.5809,31.6513,-57.7662,577.659,1.88597,0.558861,37.335,0.200417,0.000279065,0.538849,0.269425,0.179616,0.179616,0.22452,0.22452,0.179616,0.0898082,0,0,0,0,0,0,0
73279,73292,73286,23.3,-154.819,19.5815,31.1575,-57.315,581.485,1.13793,0.24157,16.1272,0.200281,0.000122598,0.531032,0.227585,0.151723,0.0758617,0,0,0.0758617,0.0758617,0,0,0,0,0,0,0
73293,73310,73302,23.4,-154.822,19.5822,30.604,-57.011,585.285,1.28043,0.146169,5.18528,0.106424,1.66707e-05,0.602557,0.376598,0.150639,0.0753196,0.0753196,0,0,0,0,0,0,0,0,0,0
75291,75291,75291,23.4,-155.308,19.5819,30.08,-54.46,595.117,0,0,0,99999,0,0,0,0,0,0,0,0,0,0,0,0,0,0,0,0
75312,75315,75314,23.3,-155.311,19.5824,30.685,-54.1,592.731,2.13615,0.14999,3.73726,0.07475,4.16343e-06,2.13615,0,0,0,0,0,0,0,0,0,0,0,0,0,0
75356,75356,75356,23.1,-155.32,19.5841,31.94,-55.34,582.642,0.997429,0.0700349,1.74504,0.07475,1.94403e-06,0.997429,0,0,0,0,0,0,0,0,0,0,0,0,0,0
75365,75371,75368,23,-155.322,19.5846,32.33,-55.6533,579.8,0.349601,0.0245474,0.611639,0.07475,6.81386e-07,0.349601,0,0,0,0,0,0,0,0,0,0,0,0,0,0
75387,75395,75391,22.9,-155.326,19.5853,33.04,-55.715,576.053,0.518084,0.0363775,0.906405,0.07475,1.00977e-06,0.518084,0,0,0,0,0,0,0,0,0,0,0,0,0,0
75408,75410,75409,22.8,-155.329,19.5857,33.605,-56.17,572.067,0.519173,0.0364539,0.90831,0.07475,1.01189e-06,0.519173,0,0,0,0,0,0,0,0,0,0,0,0,0,0
75430,75432,75431,22.7,-155.332,19.5865,34.3,-56.045,569.048,0.500334,0.0351311,0.875351,0.07475,9.7517e-07,0.500334,0,0,0,0,0,0,0,0,0,0,0,0,0,0
75471,75471,75471,22.5,-155.34,19.5876,35.63,-57.08,560.214,2.01092,0.141198,3.51818,0.07475,3.91936e-06,2.01092,0,0,0,0,0,0,0,0,0,0,0,0,0,0
75476,75488,75482,22.4,-155.342,19.5877,36.005,-57.1,558.499,0.502777,0.0353027,0.879625,0.07475,9.79932e-07,0.502777,0,0,0,0,0,0,0,0,0,0,0,0,0,0
75493,75500,75496,22.3,-155.344,19.5879,36.51,-57.175,556.097,1.0059,0.0706299,1.75986,0.07475,1.96054e-06,1.0059,0,0,0,0,0,0,0,0,0,0,0,0,0,0
75515,75528,75522,22.2,-155.349,19.5878,37.39,-57.7867,550.754,1.68127,0.118051,2.94143,0.07475,3.27685e-06,1.68127,0,0,0,0,0,0,0,0,0,0,0,0,0,0
