api/src/app/data/B2SAP/Locations/Hawaii/NOAA-POPS-B2SAP_GMLBalloon_20240710_R0.ict
82,1001
Thornberry, T. D.
NOAA Chemical Sciences Laboratory
Portable Optical Particle Spectrometer (POPS)
Balloon Baseline Stratospheric Aerosol Profiles (B2SAP)
1,1
2024,07,10,2024,07,23
0
TIME_START,s,Seconds since midnight UTC on flight start day,Start time of 100 m altitude bin in UTC_seconds_since_midnight
49
1.0,1.0,1.0,1.0,1.0,1.0,1.0,1.0,1.0,1.0,1.0,1.0,1.0,1.0,1.0,1.0,1.0,1.0,1.0,1.0,1.0,1.0,1.0,1.0,1.0,1.0,1.0,1.0,1.0,1.0,1.0,1.0,1.0,1.0,1.0,1.0,1.0,1.0,1.0,1.0,1.0,1.0,1.0,1.0,1.0,1.0,1.0,1.0,1.0
99999,99999,99999,99999,99999,99999,99999,99999,99999,99999,99999,99999,99999,99999,99999,99999,99999,99999,99999,99999,99999,99999,99999,99999,99999,99999,99999,99999,99999,99999,99999,99999,99999,99999,99999,99999,99999,99999,99999,99999,99999,99999,99999,99999,99999,99999,99999,99999,99999
TIME_STOP,s,End time of 100 m altitude bin in UTC seconds since midnight,
TIME_MID,s,Mid time of 100 m altitude in UTC seconds since midnight,
GPSAlt,km,GPS reported altitude above sea level (km),
GPS_Lon,deg,GPS reported longitude,
GPS_Lat,deg,GPS reported latitude,
iMet_Pressure,hPa,Pressure reported (hPa),
iMet_Temperature,degrees C,Ambient temperature (oC),
THETA,K,Potential temperature from iMet,
Aerosol_concentration,cm^-3,Aerosol concentration,
Surface_Area_Conc,um^2 cm^-3,Surface area concentration,
Volume_density,um^3 cm^-3,Volume density,
Effective_radius,um,Effective radius,
Extinction,km^-1,Extinction,
Bin01,cm^-3,particle concentration in size range [140 - 146.14 nm],
Bin02,cm^-3,particle concentration in size range [146.14 - 152.56 nm],
Bin03,cm^-3,particle concentration in size range [152.56 - 159.25 nm],
Bin04,cm^-3,particle concentration in size range [159.25 - 166.24 nm],
Bin05,cm^-3,particle concentration in size range [166.24 - 173.54 nm],
Bin06,cm^-3,particle concentration in size range [173.54 - 181.16 nm],
Bin07,cm^-3,particle concentration in size range [181.16 - 189.11 nm],
Bin08,cm^-3,particle concentration in size range [189.11 - 197.41 nm],
Bin09,cm^-3,particle concentration in size range [197.41 - 206.07 nm],
Bin10,cm^-3,particle concentration in size range [206.07 - 215.12 nm],
Bin11,cm^-3,particle concentration in size range [215.12 - 224.56 nm],
Bin12,cm^-3,particle concentration in size range [224.56 - 234.41 nm],
Bin13,cm^-3,particle concentration in size range [234.41 - 244.70 nm],
Bin14,cm^-3,particle concentration in size range [244.70 - 361.30 nm],
Bin15,cm^-3,particle concentration in size range [361.30 - 472.80 nm],
Bin16,cm^-3,particle concentration in size range [472.80 - 567.00 nm],
Bin17,cm^-3,particle concentration in size range [567.00 - 610.66 nm],
Bin18,cm^-3,particle concentration in size range [610.66 - 657.69 nm],
Bin19,cm^-3,particle concentration in size range [657.69 - 708.33 nm],
Bin20,cm^-3,particle concentration in size range [708.33 - 762.88 nm],
Bin21,cm^-3,particle concentration in size range [762.88 - 821.62 nm],
Bin22,cm^-3,particle concentration in size range [821.62 - 884.89 nm],
Bin23,cm^-3,particle concentration in size range [884.89 - 953.03 nm],
Bin24,cm^-3,particle concentration in size range [953.03 - 1026.42 nm],
Bin25,cm^-3,particle concentration in size range [1026.42 - 1105.46 nm],
Bin26,cm^-3,particle concentration in size range [1105.46 - 1190.59 nm]],
[...]
LOCATION: Hilo, HI, USA
ASSOCIATED_DATA: N/A
INSTRUMENT_INFO: Printed Optical Particle Spectrometer counts particles from 140 - 2500 nm in diameter 
DATA_INFO: Particle concentrations reported in number per cubic centimeter, binned to 100 m altitude
UNCERTAINTY: Counting uncertainty dominated by air flow, less than 5 percent
ULOD_FLAG: -77777
ULOD_VALUE: 3000 ~3000 per cm3 (varies depending on flow rate- manufacturer quotes 1250  per cm3 at 1.667 cc/s)
LLOD_FLAG: -88888
LLOD_VALUE: 0 0 (varies depending on data field and measurement precision)
DM_CONTACT_INFO: Troy Thornberry, 325 Broadway R/CSL6, Boulder, CO 80305; troy.thornberry@noaa.gov; 303-497-3373
PROJECT_INFO: B2SAP Hilo, HI, USA
STIPULATIONS_ON_USE: Please contact the PIs for questions regarding applications and uncertainties
OTHER_COMMENTS: POPS bin Edges (nm):  140, 146.14, 152.56, 159.25, 166.24, 173.54, 181.16, 189.11, 197.41, 206.07, 215.12, 224.56, 234.41, 244.70, 361.30, 472.80, 567.00, 610.66, 657.69, 708.33, 762.88, 821.62, 884.89, 953.03, 1026.42, 1105.46, 1190.59, 1282.27, 1381.01, 1487.36, 1601.89, 1725.25, 1858.10, 2001.18, 2155.28, 2321.25, 2500
Calculations assume sulfate refractive index of 1.45+0.00j and extinction wavelength = 532 nm
REVISION: R0
R0: QA/QC data
TIME_START,TIME_STOP,TIME_MID,GPSAlt,GPS_Lon,GPS_Lat,iMet_Pressure,iMet_Temperature,THETA,Aerosol_concentration,Surface_Area_Conc,Volume_density,Effective_radius,Extinction,Bin01,Bin02,Bin03,Bin04,Bin05,Bin06,Bin07,Bin08,Bin09,Bin10,Bin11,Bin12,Bin13,Bin14,Bin15,Bin16,Bin17,Bin18,Bin19,Bin20,Bin21,Bin22,Bin23,Bin24,Bin25,Bin26,Bin27,Bin28,Bin29,Bin30,Bin31,Bin32,Bin33,Bin34,Bin35,Bin36
[from data line 353]
75657,75676,75666,21.5,-155.818,19.5881,46.1345,-60.3965,512.369,6.10337,1.39206,84.1459,0.181342,0.000569124,0.49877,0.511895,0.406891,0.354389,0.301887,0.275636,0.26251,0.236259,0.26251,0.420017,0.275636,0.249385,0.144381,0.971288,0.577523,0.223134,0.026251,0.0787531,0.026251,0,0,0,0,0,0,0,0,0,0,0,0,0,0,0,0,0
75677,75695,75686,21.4,-155.822,19.5875,46.8674,-61.3011,507.901,8.00197,1.90821,137.386,0.215993,0.000834553,0.677196,0.663376,0.704837,0.497532,0.497532,0.42843,0.511352,0.373149,0.317868,0.262586,0.207305,0.152024,0.304047,1.31293,0.580454,0.290227,0.0691016,0.082922,0,0,0.0138203,0,0,0.0138203,0.0276407,0.0138203,0,0,0,0,0,0,0,0,0,0
75696,75714,75705,21.3,-155.826,19.5872,47.6163,-61.0416,506.222,8.87559,2.07901,140.537,0.202794,0.00089378,0.786794,0.69017,0.703974,0.60735,0.510726,0.469316,0.358889,0.400299,0.414102,0.303675,0.331282,0.331282,0.331282,1.42175,0.552136,0.469316,0.069017,0.0138034,0.0552136,0.0138034,0.0138034,0,0.0138034,0,0,0,0.0138034,0,0,0,0,0,0,0,0,0
75715,75734,75724,21.2,-155.83,19.5868,48.374,-61.408,503.077,11.1894,2.81447,204.959,0.21847,0.00132128,0.842498,0.921482,0.789841,0.776677,0.631873,0.618709,0.618709,0.487069,0.460741,0.355429,0.408085,0.394921,0.500233,1.71132,0.789841,0.566053,0.0921482,0.0394921,0.026328,0.0394921,0,0.026328,0.0526561,0,0.0394921,0,0,0,0,0,0,0,0,0,0,0
75735,75755,75745,21.1,-155.833,19.587,49.171,-61.5381,500.423,13.1614,3.23798,226.108,0.20949,0.00143732,0.850353,1.07881,1.02804,0.837661,0.76151,0.571132,0.6219,0.583824,0.6219,0.456906,0.596516,0.558441,0.355371,2.36068,0.913812,0.672667,0.076151,0.0380755,0.0253837,0.0380755,0.0126918,0.0253837,0.0507673,0,0.0126918,0,0.0126918,0,0,0,0,0,0,0,0,0
75756,75775,75766,21,-155.837,19.587,49.9795,-61.2525,498.771,14.2157,3.31109,204.927,0.185673,0.0013586,1.03096,0.71151,0.943839,0.842195,0.842195,0.871236,0.667948,0.638907,0.871236,0.682468,0.450139,0.406577,0.595345,2.61371,1.24877,0.464659,0.145206,0.072603,0.0580824,0,0.0145206,0.0435618,0,0,0,0,0,0,0,0,0,0,0,0,0,0
75776,75795,75786,20.9,-155.841,19.5868,50.781,-61.6985,495.463,16.5693,4.55705,323.791,0.213158,0.00217109,1.002,1.04556,0.972955,0.92939,0.987476,0.871303,0.566347,0.755129,0.755129,0.638955,0.580868,0.551825,0.450173,3.5433,1.39408,1.01652,0.159739,0.0871303,0.0871303,0.0435651,0.0145217,0.0290434,0.0580868,0.0145217,0,0,0.0145217,0,0,0,0,0,0,0,0,0
75796,75816,75806,20.8,-155.845,19.5869,51.6024,-62.1814,492.07,18.3127,5.36828,369.171,0.206307,0.00254896,0.792577,1.07067,0.848196,0.862101,0.723053,0.695243,0.876006,0.750862,0.750862,0.625719,0.556194,0.750862,0.834292,4.2827,2.16916,1.19582,0.236383,0.0695243,0.0695243,0.0278097,0.0278097,0.0417146,0.0278097,0.0139049,0.0139049,0,0,0,0,0,0,0,0,0,0,0
75817,75837,75827,20.7,-155.848,19.5876,52.4581,-63.9319,485.705,17.5238,5.78189,421.49,0.218695,0.00308408,0.784439,0.952533,0.826463,0.770431,0.770431,0.756424,0.7144,0.616345,0.658369,0.644361,0.448251,0.644361,0.490275,3.79613,2.29729,1.68094,0.19611,0.0980549,0.19611,0.0420235,0.0420235,0.0280157,0.0700392,0,0,0,0,0,0,0,0,0,0,0,0,0
75838,75858,75848,20.6,-155.852,19.5883,53.34,-63.5043,484.378,18.937,6.58397,488.98,0.222805,0.00355036,0.80999,0.796024,0.656371,0.80999,0.656371,0.80999,0.726198,0.62844,0.62844,0.726198,0.488787,0.62844,0.544648,4.88787,2.47187,1.78756,0.223445,0.167584,0.293272,0.041896,0.0698267,0.041896,0.0279307,0,0,0,0.0139653,0,0,0,0,0,0,0,0,0
75859,75879,75869,20.5,-155.856,19.5887,54.1962,-64.2986,480.357,21.42,7.24666,525.259,0.217449,0.00374798,0.870846,0.589928,0.814662,1.0113,0.828708,0.772524,0.800616,0.772524,0.730387,0.730387,0.8568,0.674203,0.716341,5.42172,3.21651,1.69955,0.351147,0.182597,0.224734,0.0140459,0.0280918,0.0421377,0.0280918,0.0140459,0.0140459,0.0140459,0,0,0,0,0,0,0,0,0,0
75880,75900,75890,20.4,-155.859,19.5886,55.0619,-64.0467,478.763,24.9587,7.08233,472.843,0.200291,0.00306541,0.796555,1.06207,0.712707,1.11797,1.18785,1.09002,0.894378,1.07605,1.09002,0.978226,0.964251,1.1599,1.35554,6.70783,3.01853,1.17387,0.20962,0.111797,0.0838479,0.0279493,0.0279493,0.0698733,0,0.0139747,0,0,0.0279493,0,0,0,0,0,0,0,0,0
75901,75922,75912,20.3,-155.863,19.5882,55.9868,-64.6977,475.005,26.4981,8.7817,643.839,0.219948,0.00408152,0.562649,0.85737,0.937749,0.763595,0.951145,0.790388,1.03152,1.17888,0.843974,0.870767,1.1253,0.910956,0.977938,8.02445,4.28685,1.66115,0.321514,0.0535856,0.120568,0.0401892,0.0267928,0,0.0535856,0.0133964,0,0.0267928,0.0535856,0.0133964,0,0,0,0,0,0,0,0
75923,75944,75934,20.2,-155.867,19.5878,56.9132,-63.7414,474.951,29.205,9.70344,696.576,0.215359,0.00456725,0.77488,0.82832,0.94856,0.94856,1.12224,0.94856,0.76152,0.8016,1.14896,1.17568,1.04208,1.34936,0.94856,8.9512,4.64928,2.0708,0.21376,0.14696,0.14696,0.02672,0.05344,0.01336,0.04008,0,0.02672,0.01336,0.05344,0,0,0,0,0,0,0,0,0
75946,75964,75955,20.1,-155.871,19.5876,57.842,-64.012,472.147,28.7328,10.1039,740.864,0.219974,0.00495651,0.618543,0.913088,0.706907,0.839452,0.854179,0.854179,0.927815,0.986724,1.03091,0.839452,0.971997,1.26654,0.868906,8.98361,4.84526,2.28272,0.382908,0.250363,0.117818,0.0147272,0,0,0.0883633,0.0147272,0.0147272,0.0147272,0.0147272,0.0294544,0,0,0,0,0,0,0,0
75965,75986,75976,20,-155.875,19.5874,58.78,-63.365,471.436,26.6832,10.1086,811.805,0.240924,0.00529909,0.880987,0.854291,0.854291,0.694111,1.00112,0.894335,0.814246,0.827594,0.787549,0.814246,0.93438,0.974425,0.93438,7.15468,4.63186,2.45609,0.400449,0.266966,0.173528,0.0400449,0.0266966,0.0266966,0.0800897,0.0133483,0.0400449,0,0.0800897,0.0266966,0,0,0,0,0,0,0,0
75987,76008,75998,19.9,-155.88,19.5872,59.7509,-63.7555,468.361,24.941,9.57414,759.807,0.238081,0.00520167,0.722153,0.909378,0.695407,0.78902,0.722153,0.775646,0.829139,0.762273,0.896005,0.78902,0.896005,0.7489,0.815766,6.76685,4.1457,2.42055,0.387823,0.33433,0.147105,0.106986,0.0534928,0.0401196,0.106986,0,0,0.0133732,0.0401196,0.0267464,0,0,0,0,0,0,0,0
76009,76031,76020,19.8,-155.884,19.5871,60.7574,-63.8783,465.861,22.7761,9.15883,807.313,0.264437,0.00499461,0.664997,1.01028,0.703362,0.818458,0.767304,0.728939,0.690574,0.613843,0.716151,0.626632,0.728939,0.716151,0.792881,5.74199,3.98998,2.22518,0.511536,0.230191,0.140672,0.063942,0.0127884,0.0511536,0.063942,0.0127884,0.0127884,0.0127884,0.0895188,0.0255768,0,0,0,0,0,0.0127884,0,0
76032,76053,76042,19.7,-155.887,19.5873,61.7432,-63.6986,464.121,22.673,8.9849,814.62,0.271996,0.00485479,0.787348,0.640554,0.814038,0.907452,0.774003,0.880762,0.720624,0.827383,0.814038,0.693934,0.760658,0.707279,0.653899,5.63154,3.70988,2.21525,0.360312,0.213518,0.200173,0.106759,0,0.0400346,0.0533795,0.0133449,0.0133449,0,0.0533795,0.0266898,0,0.0266898,0.0133449,0,0.0133449,0,0,0
76054,76076,76065,19.6,-155.891,19.5881,62.7539,-63.8178,461.709,21.7086,8.41297,744.011,0.265308,0.00453613,0.960559,0.70441,0.858099,0.794062,0.742832,0.858099,0.819677,0.627565,0.75564,0.691602,0.627565,0.896522,0.576335,5.4944,3.16344,1.98515,0.371416,0.192112,0.166497,0.0640373,0.0512298,0.0640373,0.0768447,0.0128075,0.0128075,0.0128075,0.0640373,0.0256149,0.0256149,0,0.0128075,0,0,0,0,0
76077,76098,76088,19.5,-155.894,19.5889,63.78,-64.6973,457.643,18.1024,6.04999,555.397,0.275404,0.00305672,1.00644,0.93934,0.952759,0.93934,0.925921,0.751472,0.77831,0.697795,0.831987,0.644119,0.617281,0.603861,0.617281,3.55607,2.37519,1.16747,0.16103,0.16103,0.0536766,0.0805149,0.0134191,0.0402574,0.0670957,0,0.0134191,0,0.0536766,0.0268383,0,0.0134191,0,0,0,0.0134191,0,0
76099,76122,76110,19.4,-155.897,19.5896,64.8242,-64.8396,455.216,14.3391,4.71891,441.756,0.280842,0.0023523,0.996968,1.08313,0.726186,0.70157,0.640029,0.787728,0.738495,0.504638,0.62772,0.652337,0.41848,0.430789,0.393864,2.46165,1.67392,0.873885,0.135391,0.160007,0.110774,0.0246165,0.0246165,0.0123082,0.0123082,0.0123082,0.0123082,0.0123082,0.0369247,0.049233,0,0.0123082,0.0123082,0,0,0,0,0
76123,76147,76135,19.3,-155.901,19.5902,65.9058,-66.5804,449.281,13.1192,2.83386,205.196,0.217226,0.00106701,0.929998,0.967198,1.1408,0.719199,1.0044,0.706799,0.793598,0.644799,0.570399,0.644799,0.582799,0.297599,0.297599,2.4304,0.880398,0.334799,0.0743999,0,0.0248,0,0.0248,0.0124,0.0124,0,0.0124,0,0,0,0,0,0,0,0.0124,0,0,0
76147,76170,76158,19.2,-155.905,19.5913,67.0071,-67.5004,445.168,11.4285,2.28935,142.601,0.186867,0.000787443,0.832293,0.819871,0.832293,0.795026,0.931671,0.621114,0.683225,0.583847,0.459624,0.459624,0.43478,0.447202,0.422358,2.24843,0.509314,0.173912,0.0372668,0.0248446,0.0248446,0.0248446,0,0,0.0372668,0.0124223,0,0,0.0124223,0,0,0,0,0,0,0,0,0
76171,76194,76182,19.1,-155.909,19.5921,68.1254,-68.1196,441.736,13.5285,2.38007,130.516,0.16451,0.00069152,1.12218,1.29674,0.997494,0.985025,0.797995,0.922682,0.93515,0.673308,0.635902,0.648371,0.436404,0.511216,0.411466,2.35658,0.56109,0.124687,0.0124687,0.0249373,0.0124687,0.0124687,0.0124687,0,0.0249373,0,0,0.0124687,0,0,0,0,0,0,0,0,0,0
76195,76218,76206,19,-155.913,19.5928,69.2658,-68.6038,438.606,12.6125,2.36917,147.401,0.186648,0.000770631,1.02398,1.34866,1.16134,0.886618,0.986519,0.749255,0.636866,0.599404,0.624379,0.474528,0.399602,0.41209,0.374627,1.94806,0.661842,0.162338,0.0374627,0.0124876,0.0374627,0.0124876,0.0249752,0,0,0.0124876,0,0,0.0249752,0,0,0,0,0,0,0,0,0
76219,76241,76230,18.9,-155.917,19.5937,70.3935,-68.8074,436.149,10.2341,1.81385,175.89,0.290911,0.000572269,0.952915,1.13567,0.913755,0.939862,0.704896,0.626575,0.704896,0.535199,0.482985,0.391609,0.313287,0.404663,0.300234,1.35758,0.261073,0.0652682,0.0391609,0.0261073,0,0,0.0261073,0.0130536,0.0130536,0,0,0,0.0130536,0,0,0,0,0.0130536,0,0,0,0
76243,76266,76254,18.8,-155.921,19.5943,71.574,-67.798,436.228,10.2345,1.72715,95.104,0.165192,0.00051767,0.979262,1.12257,0.847897,0.764302,0.680706,0.668764,0.632938,0.489631,0.525458,0.441862,0.417978,0.394093,0.298555,1.3853,0.370209,0.10748,0.0238844,0,0.0238844,0.0238844,0.0119422,0,0.0119422,0,0.0119422,0,0,0,0,0,0,0,0,0,0,0
76267,76289,76278,18.7,-155.926,19.5945,72.7839,-67.76,434.225,11.3264,1.78639,90.4606,0.151916,0.000468146,1.16901,1.03912,0.805315,0.948194,1.15602,0.753359,0.532547,0.688414,0.571514,0.558525,0.415646,0.350702,0.363691,1.4158,0.363691,0.103912,0.012989,0.0389669,0.0259779,0,0,0,0,0,0.012989,0,0,0,0,0,0,0,0,0,0,0
76290,76313,76302,18.6,-155.93,19.5946,74.0067,-67.2992,433.131,11.6314,2.23096,153.788,0.2068,0.000805465,1.06194,0.999474,0.937007,0.9495,0.862046,0.849553,0.574698,0.562204,0.737112,0.587191,0.412283,0.362309,0.349816,1.59916,0.374803,0.199895,0.0374803,0.0374803,0.0249869,0.0374803,0,0.0124934,0.0374803,0,0.0124934,0,0,0,0,0.0124934,0,0,0,0,0,0
76314,76336,76325,18.5,-155.934,19.5946,75.2604,-67.5426,430.55,12.5133,2.05692,117.48,0.171344,0.000590221,1.12446,1.09563,1.28304,0.922637,1.09563,0.821724,0.937054,0.749643,0.547816,0.504567,0.374821,0.518984,0.345989,1.62903,0.317157,0.0864973,0.0288324,0.0288324,0.0432486,0,0.0288324,0,0,0.0144162,0,0,0.0144162,0,0,0,0,0,0,0,0,0
76337,76360,76348,18.4,-155.938,19.5943,76.5092,-68.4808,426.573,14.3812,2.23763,119.607,0.160358,0.000602908,1.35907,1.42841,1.40067,1.19265,1.08171,1.0401,0.984631,0.762742,0.721138,0.721138,0.457645,0.402173,0.374437,2.01087,0.235757,0.0554722,0.013868,0,0.0554722,0.013868,0.0277361,0.0277361,0,0,0,0.013868,0,0,0,0,0,0,0,0,0,0
76361,76384,76372,18.3,-155.942,19.5938,77.7779,-68.5887,424.348,15.068,2.33617,140.276,0.180136,0.000593133,1.41263,1.56497,1.41263,1.31568,1.06639,1.27413,0.914052,0.678614,0.872504,0.540122,0.775559,0.470875,0.498574,1.77271,0.304684,0.0969449,0,0,0.0276985,0.0138493,0.0138493,0,0.0276985,0,0,0,0,0,0,0,0.0138493,0,0,0,0,0
76385,76409,76397,18.2,-155.946,19.5938,79.1116,-68.356,422.776,15.231,2.33584,125.362,0.161006,0.000617882,1.44614,1.51248,1.59209,1.16753,1.12773,1.16753,0.968519,0.981786,0.716439,0.796043,0.636834,0.371487,0.464358,1.75129,0.265348,0.119406,0.0398021,0.0265348,0.0132674,0,0.0265348,0,0,0.0265348,0,0.0132674,0,0,0,0,0,0,0,0,0,0
76410,76433,76422,18.1,-155.949,19.5942,80.4592,-68.3875,420.672,14.1897,2.0235,133.896,0.198512,0.000423624,1.63355,1.56433,1.7443,1.35668,1.10749,0.955212,1.02443,0.747557,0.844463,0.595277,0.442997,0.387622,0.221498,1.27362,0.193811,0.0276873,0.0138437,0,0,0,0,0,0,0.0138437,0,0,0.0276873,0,0,0,0.0138437,0,0,0,0,0
76434,76457,76446,18,-155.953,19.5948,81.7946,-68.0404,419.41,13.5027,1.89835,104.84,0.16568,0.00039779,1.6137,1.36544,1.4344,1.21373,1.21373,0.924087,0.993049,0.758579,0.551694,0.496524,0.551694,0.441355,0.358601,1.22752,0.220678,0.0965464,0,0,0,0,0.0137923,0,0,0,0,0.0137923,0,0,0.0137923,0,0,0,0,0,0,0
76458,76483,76470,17.9,-155.956,19.5954,83.1492,-67.9819,417.563,12.1785,1.60552,67.8543,0.126789,0.000313112,1.65089,1.44771,1.06673,1.10483,1.06673,1.00324,0.761951,0.647658,0.660358,0.380976,0.330179,0.266683,0.253984,1.13023,0.292081,0.0888943,0,0.0253984,0,0,0,0,0,0,0,0,0,0,0,0,0,0,0,0,0,0
76484,76509,76496,17.8,-155.96,19.5957,84.5685,-67.935,415.644,11.7977,1.73431,86.999,0.150491,0.000466731,1.4142,1.23583,1.13391,1.0065,0.968281,0.891838,0.828135,0.535103,0.509621,0.509621,0.420438,0.394957,0.382216,1.12117,0.24207,0.0891838,0.0127405,0.0127405,0.0127405,0.0382216,0.0254811,0.0127405,0,0,0,0,0,0,0,0,0,0,0,0,0,0
76510,76533,76522,17.7,-155.964,19.5957,85.9571,-68.37,412.84,11.2207,1.46961,64.9432,0.132573,0.00030635,1.55958,1.26975,1.20074,1.17313,0.924706,0.78669,0.759087,0.496857,0.552063,0.400246,0.179421,0.372643,0.289833,0.910904,0.234627,0.0690079,0,0.0138016,0,0.0138016,0,0.0138016,0,0,0,0,0,0,0,0,0,0,0,0,0,0
76534,76559,76546,17.6,-155.967,19.5954,87.3873,-68.0996,411.439,11.3719,1.55654,73.4304,0.141526,0.000345012,1.52473,1.37225,1.09272,1.06731,0.914835,0.914835,0.698833,0.559066,0.432006,0.584478,0.254121,0.216003,0.292239,1.08001,0.216003,0.101648,0.012706,0,0.0254121,0,0,0,0,0,0.012706,0,0,0,0,0,0,0,0,0,0,0
76560,76584,76572,17.5,-155.97,19.5946,88.8828,-68.2632,409.125,15.1278,2.14378,116.726,0.163346,0.000462088,1.92392,1.83168,1.27822,1.37047,1.19916,0.922429,0.856541,0.975139,0.6457,0.6457,0.619345,0.48757,0.421682,1.55495,0.263551,0.0658878,0,0.0263551,0,0,0,0,0.0263551,0,0,0,0,0,0,0.0131776,0,0,0,0,0,0
76585,76609,76597,17.4,-155.973,19.5939,90.354,-68.4684,406.801,16.1851,2.22774,113.614,0.152999,0.000455044,1.92586,2.08415,1.75438,1.18717,1.50375,1.04207,0.725494,0.98931,0.857402,0.699112,0.488059,0.435296,0.435296,1.67523,0.224244,0.105526,0.0131908,0,0,0,0,0.0131908,0.0131908,0,0,0,0,0,0.0131908,0,0,0,0,0,0,0
76610,76635,76622,17.3,-155.976,19.5934,91.8712,-69.0904,403.64,13.7147,2.06127,129.762,0.188857,0.000483663,1.3536,1.63453,1.36637,1.36637,1.08543,0.996043,0.715108,0.817266,0.612949,0.625719,0.498021,0.344784,0.344784,1.62176,0.166007,0.0638489,0.0127698,0.0383093,0.0127698,0,0,0,0,0,0.0127698,0,0.0127698,0,0,0,0.0127698,0,0,0,0,0
76636,76661,76648,17.2,-155.978,19.5929,93.4446,-71.1565,397.619,12.9905,1.78643,102.053,0.171381,0.000386966,1.89605,1.39642,1.51172,0.960837,1.19144,1.14019,0.76867,0.538069,0.525258,0.461202,0.461202,0.422768,0.256223,1.06333,0.281846,0.0512446,0.0128112,0.0256223,0,0,0.0128112,0,0,0,0,0,0,0,0,0,0.0128112,0,0,0,0,0
76662,76690,76676,17.1,-155.98,19.593,95.0355,-71.0069,395.997,10.5064,1.27717,56.5018,0.13272,0.000240355,1.48611,1.44003,1.2557,1.04834,1.00226,0.725773,0.714252,0.57601,0.391687,0.276485,0.334086,0.149763,0.207364,0.702732,0.0921616,0.057601,0,0.0230404,0.0115202,0,0,0,0,0,0.0115202,0,0,0,0,0,0,0,0,0,0,0
76691,76719,76705,17,-155.983,19.5934,96.6872,-71.3914,393.305,9.52756,1.07215,43.9902,0.12309,0.000183652,1.53224,1.48616,1.07142,1.18662,0.910129,0.702758,0.518428,0.391701,0.311057,0.311057,0.18433,0.149768,0.18433,0.426263,0.0806444,0.0460825,0.0115206,0,0.0115206,0,0,0,0.0115206,0,0,0,0,0,0,0,0,0,0,0,0,0
