api/src/app/data/B2SAP/Locations/Hawaii/NOAA-POPS-B2SAP_GMLBalloon_20240606_R0.ict
82,1001
Thornberry, T. D.
NOAA Chemical Sciences Laboratory
Portable Optical Particle Spectrometer (POPS)
Balloon Baseline Stratospheric Aerosol Profiles (B2SAP)
1,1
2024,06,06,2024,07,23
0
TIME_START,s,Seconds since midnight UTC on flight start day,Start time of 100 m altitude bin in UTC_seconds_since_midnight
49
1.0,1.0,1.0,1.0,1.0,1.0,1.0,1.0,1.0,1.0,1.0,1.0,1.0,1.0,1.0,1.0,1.0,1.0,1.0,1.0,1.0,1.0,1.0,1.0,1.0,1.0,1.0,1.0,1.0,1.0,1.0,1.0,1.0,1.0,1.0,1.0,1.0,1.0,1.0,1.0,1.0,1.0,1.0,1.0,1.0,1.0,1.0,1.0,1.0
99999,99999,99999,99999,99999,99999,99999,99999,99999,99999,99999,99999,99999,99999,99999,99999,99999,99999,99999,99999,99999,99999,99999,99999,99999,99999,99999,99999,99999,99999,99999,99999,99999,99999,99999,99999,99999,99999,99999,99999,99999,99999,99999,99999,99999,99999,99999,99999,99999
TIME_STOP,s,End time of 100 m altitude bin in UTC seconds since midnight,
TIME_MID,s,Mid time of 100 m altitude in UTC seconds since midnight,
GPSAlt,km,GPS reported altitude above sea level (km),
GPS_Lon,deg,GPS reported longitude,
GPS_Lat,deg,GPS reported latitude,
iMet_Pressure,hPa,Pressure reported (hPa),
iMet_Temperature,degrees C,Ambient temperature (oC),
THETA,K,Potential temperature from iMet,
Aerosol_concentration,cm^-3,Aerosol concentration,
Surface_Area_Conc,um^2 cm^-3,Surface area concentration,
Volume_density,um^3 cm^-3,Volume density,
Effective_radius,um,Effective radius,
Extinction,km^-1,Extinction,
Bin01,cm^-3,particle concentration in size range [140 - 146.14 nm],
Bin02,cm^-3,particle concentration in size range [146.14 - 152.56 nm],
Bin03,cm^-3,particle concentration in size range [152.56 - 159.25 nm],
Bin04,cm^-3,particle concentration in size range [159.25 - 166.24 nm],
Bin05,cm^-3,particle concentration in size range [166.24 - 173.54 nm],
Bin06,cm^-3,particle concentration in size range [173.54 - 181.16 nm],
Bin07,cm^-3,particle concentration in size range [181.16 - 189.11 nm],
Bin08,cm^-3,particle concentration in size range [189.11 - 197.41 nm],
Bin09,cm^-3,particle concentration in size range [197.41 - 206.07 nm],
Bin10,cm^-3,particle concentration in size range [206.07 - 215.12 nm],
Bin11,cm^-3,particle concentration in size range [215.12 - 224.56 nm],
Bin12,cm^-3,particle concentration in size range [224.56 - 234.41 nm],
Bin13,cm^-3,particle concentration in size range [234.41 - 244.70 nm],
Bin14,cm^-3,particle concentration in size range [244.70 - 361.30 nm],
Bin15,cm^-3,particle concentration in size range [361.30 - 472.80 nm],
Bin16,cm^-3,particle concentration in size range [472.80 - 567.00 nm],
Bin17,cm^-3,particle concentration in size range [567.00 - 610.66 nm],
Bin18,cm^-3,particle concentration in size range [610.66 - 657.69 nm],
Bin19,cm^-3,particle concentration in size range [657.69 - 708.33 nm],
Bin20,cm^-3,particle concentration in size range [708.33 - 762.88 nm],
Bin21,cm^-3,particle concentration in size range [762.88 - 821.62 nm],
Bin22,cm^-3,particle concentration in size range [821.62 - 884.89 nm],
Bin23,cm^-3,particle concentration in size range [884.89 - 953.03 nm],
Bin24,cm^-3,particle concentration in size range [953.03 - 1026.42 nm],
Bin25,cm^-3,particle concentration in size range [1026.42 - 1105.46 nm],
Bin26,cm^-3,particle concentration in size range [1105.46 - 1190.59 nm]],
[...]
LOCATION: Hilo, HI, USA
ASSOCIATED_DATA: N/A
INSTRUMENT_INFO: Printed Optical Particle Spectrometer counts particles from 140 - 2500 nm in diameter 
DATA_INFO: Particle concentrations reported in number per cubic centimeter, binned to 100 m altitude
UNCERTAINTY: Counting uncertainty dominated by air flow, less than 5 percent
ULOD_FLAG: -77777
ULOD_VALUE: 3000 ~3000 per cm3 (varies depending on flow rate- manufacturer quotes 1250  per cm3 at 1.667 cc/s)
LLOD_FLAG: -88888
LLOD_VALUE: 0 0 (varies depending on data field and measurement precision)
DM_CONTACT_INFO: Troy Thornberry, 325 Broadway R/CSL6, Boulder, CO 80305; troy.thornberry@noaa.gov; 303-497-3373
PROJECT_INFO: B2SAP Hilo, HI, USA
STIPULATIONS_ON_USE: Please contact the PIs for questions regarding applications and uncertainties
OTHER_COMMENTS: POPS bin Edges (nm):  140, 146.14, 152.56, 159.25, 166.24, 173.54, 181.16, 189.11, 197.41, 206.07, 215.12, 224.56, 234.41, 244.70, 361.30, 472.80, 567.00, 610.66, 657.69, 708.33, 762.88, 821.62, 884.89, 953.03, 1026.42, 1105.46, 1190.59, 1282.27, 1381.01, 1487.36, 1601.89, 1725.25, 1858.10, 2001.18, 2155.28, 2321.25, 2500
Calculations assume sulfate refractive index of 1.45+0.00j and extinction wavelength = 532 nm
REVISION: R0
R0: QA/QC data
TIME_START,TIME_STOP,TIME_MID,GPSAlt,GPS_Lon,GPS_Lat,iMet_Pressure,iMet_Temperature,THETA,Aerosol_concentration,Surface_Area_Conc,Volume_density,Effective_radius,Extinction,Bin01,Bin02,Bin03,Bin04,Bin05,Bin06,Bin07,Bin08,Bin09,Bin10,Bin11,Bin12,Bin13,Bin14,Bin15,Bin16,Bin17,Bin18,Bin19,Bin20,Bin21,Bin22,Bin23,Bin24,Bin25,Bin26,Bin27,Bin28,Bin29,Bin30,Bin31,Bin32,Bin33,Bin34,Bin35,Bin36
[from data line 89]
72019,72036,72028,8.9,-155.049,19.7304,340.372,-24.4372,338.399,6.18681,0.882929,56.5327,0.192086,0.000229967,1.18714,0.936013,0.730546,0.54791,0.593569,0.342444,0.296784,0.205466,0.251125,0.159807,0.114148,0.0684887,0.0684887,0.456592,0.0684887,0.114148,0.0228296,0,0,0,0,0,0,0,0,0,0.0228296,0,0,0,0,0,0,0,0,0
72037,72057,72047,9,-155.049,19.7298,335.769,-25.3005,338.536,5.68639,0.613402,22.9105,0.11205,8.84568e-05,1.05944,0.821607,0.908092,0.454046,0.497289,0.324319,0.237834,0.194591,0.324319,0.194591,0.108106,0.129727,0.086485,0.302697,0,0.0216212,0,0.0216212,0,0,0,0,0,0,0,0,0,0,0,0,0,0,0,0,0,0
72058,72075,72066,9.1,-155.049,19.7296,331.125,-26.2076,338.642,5.8108,0.708286,34.6692,0.146844,0.0001644,1.14751,0.830114,0.708039,0.610378,0.244151,0.415057,0.488303,0.366227,0.292982,0.122076,0.0244151,0.0244151,0.0732454,0.341812,0.0488303,0.0244151,0.0244151,0,0,0,0,0,0.0244151,0,0,0,0,0,0,0,0,0,0,0,0,0
72076,72094,72085,9.2,-155.05,19.7293,326.694,-26.9589,338.915,7.46213,1.21553,125.716,0.310274,0.000419157,1.30533,1.32708,0.978996,0.630909,0.500376,0.609153,0.130533,0.23931,0.348087,0.195799,0.0870219,0.130533,0.0652664,0.609153,0.174044,0.0435109,0.0217555,0.0217555,0.0217555,0,0,0,0,0,0,0,0,0,0,0,0,0,0.0217555,0,0,0
72095,72112,72104,9.3,-155.051,19.7286,322.152,-27.6065,339.378,10.3209,1.27698,58.362,0.13711,0.000291803,2.04955,1.82995,1.29317,0.878377,0.902776,0.487987,0.414789,0.39039,0.341591,0.243994,0.170796,0.219594,0.121997,0.609984,0.195195,0.146396,0,0,0,0,0,0.0243994,0,0,0,0,0,0,0,0,0,0,0,0,0,0
72113,72129,72121,9.4,-155.051,19.7283,317.766,-28.3453,339.684,8.02264,1.31453,214.178,0.488793,0.000403698,1.42563,0.838604,1.11814,0.587023,0.614976,0.475209,0.419302,0.419302,0.335442,0.223628,0.223628,0.363395,0.111814,0.587023,0.167721,0.0279535,0.0279535,0,0,0.0279535,0,0,0,0,0,0,0,0,0,0,0,0.0279535,0,0,0,0
72130,72144,72137,9.5,-155.052,19.728,313.735,-29.1154,339.854,6.97604,0.899105,40.5211,0.135205,0.000191576,0.864005,0.864005,0.736004,0.896005,0.608003,0.480003,0.448002,0.576003,0.192001,0.128001,0.160001,0.0320002,0.192001,0.640003,0.0960005,0.0320002,0,0,0,0,0.0320002,0,0,0,0,0,0,0,0,0,0,0,0,0,0,0
72147,72164,72156,9.6,-155.052,19.7278,308.962,-30.0729,340.006,8.09026,1.07642,49.6371,0.138339,0.000253154,1.50919,1.38549,0.791708,0.717485,0.668003,0.445336,0.247409,0.197927,0.27215,0.247409,0.173186,0.222668,0.148445,0.742226,0.247409,0.0247409,0,0,0.0247409,0.0247409,0,0,0,0,0,0,0,0,0,0,0,0,0,0,0,0
72165,72183,72174,9.7,-155.053,19.7269,304.859,-30.86,340.202,7.91951,1.14042,84.6836,0.222769,0.000263118,1.49991,1.10993,0.869946,0.569965,0.419974,0.449972,0.749954,0.449972,0.419974,0.239985,0.119993,0.209987,0.179989,0.32998,0.179989,0.0899944,0,0,0,0,0,0,0,0,0,0,0,0,0.0299981,0,0,0,0,0,0,0
72184,72203,72194,9.8,-155.054,19.7259,300.41,-31.768,340.353,7.78865,0.95138,39.2401,0.123736,0.000178574,1.37198,1.11869,0.970942,0.696546,0.464364,0.464364,0.253289,0.443256,0.401041,0.316612,0.211074,0.16886,0.147752,0.591008,0.0633223,0.0844298,0,0.0211074,0,0,0,0,0,0,0,0,0,0,0,0,0,0,0,0,0,0
72204,72219,72212,9.9,-155.054,19.7253,296.221,-32.7567,340.321,8.85875,1.22523,56.5863,0.138552,0.000292614,1.3542,1.32599,0.931015,0.931015,0.705314,0.451401,0.507826,0.282126,0.282126,0.169275,0.225701,0.225701,0.197488,0.846377,0.310338,0.0846377,0,0,0,0.0282126,0,0,0,0,0,0,0,0,0,0,0,0,0,0,0,0
72220,72235,72228,10,-155.054,19.725,292.279,-33.6538,340.351,9.35609,1.71381,246.814,0.432045,0.000507151,1.72279,0.954162,0.927657,0.927657,0.76863,0.556594,0.424072,0.424072,0.23854,0.318054,0.371063,0.23854,0.106018,1.11319,0.132522,0.0795135,0,0.0265045,0,0,0,0,0,0,0,0,0,0,0,0,0,0,0,0,0,0.0265045
72236,72254,72245,10.1,-155.055,19.7248,288.19,-34.6023,340.375,10.133,1.3561,59.3269,0.131245,0.000290325,1.74366,1.71076,1.18437,0.921177,0.263194,0.723782,0.460589,0.296093,0.39479,0.296093,0.197395,0.263194,0.263194,0.954077,0.361891,0.0657984,0.0328992,0,0,0,0,0,0,0,0,0,0,0,0,0,0,0,0,0,0,0
72255,72272,72264,10.2,-155.055,19.7243,284.021,-35.6012,340.36,9.14116,1.36162,67.4615,0.148635,0.000377625,1.43539,1.33466,0.629557,0.856197,0.654739,0.629557,0.629557,0.352552,0.327369,0.251823,0.327369,0.125911,0.176276,0.856197,0.327369,0.201458,0,0,0,0,0.0251823,0,0,0,0,0,0,0,0,0,0,0,0,0,0,0
72273,72290,72282,10.3,-155.056,19.7235,279.857,-36.5983,340.367,8.28002,1.07064,44.7543,0.125405,0.0002022,1.4317,1.09764,0.930608,0.54882,0.668129,0.524958,0.310203,0.334064,0.238617,0.453373,0.357926,0.214756,0.119309,0.787437,0.214756,0.0238617,0,0.0238617,0,0,0,0,0,0,0,0,0,0,0,0,0,0,0,0,0,0
72291,72311,72301,10.4,-155.056,19.7223,275.897,-37.5206,340.423,7.90357,1.14172,54.7816,0.143944,0.000291268,1.37248,1.11218,0.733565,0.520594,0.520594,0.354951,0.331287,0.520594,0.236634,0.354951,0.354951,0.260297,0.0709901,0.757228,0.260297,0.118317,0,0,0,0,0.0236634,0,0,0,0,0,0,0,0,0,0,0,0,0,0,0
72312,72329,72320,10.5,-155.058,19.7216,271.898,-38.4576,340.485,6.70695,0.903068,42.2328,0.140298,0.000214053,1.0883,0.987061,0.632731,0.607422,0.607422,0.278402,0.430257,0.278402,0.227783,0.227783,0.202474,0.253093,0.0759278,0.556804,0.177165,0.0253093,0.0253093,0,0,0,0.0253093,0,0,0,0,0,0,0,0,0,0,0,0,0,0,0
72330,72348,72339,10.6,-155.059,19.721,267.891,-39.37,340.605,6.5318,0.952465,48.2887,0.152096,0.000276327,1.43443,0.691602,0.640372,0.614758,0.563528,0.281764,0.307379,0.0768447,0.230534,0.179304,0.307379,0.153689,0.0768447,0.665987,0.153689,0.0768447,0.0256149,0,0.0256149,0.0256149,0,0,0,0,0,0,0,0,0,0,0,0,0,0,0,0
72350,72365,72358,10.7,-155.06,19.7201,264.183,-40.1307,340.849,8.24801,1.08417,45.5855,0.126139,0.000209118,1.3069,1.04552,0.813184,0.755099,0.987438,0.348507,0.348507,0.435634,0.174254,0.203296,0.232338,0.261381,0.174254,0.900311,0.174254,0.0871269,0,0,0,0,0,0,0,0,0,0,0,0,0,0,0,0,0,0,0,0
72366,72384,72375,10.8,-155.06,19.7195,260.325,-41.0284,340.966,9.93198,1.5552,77.0747,0.148678,0.000428569,1.54395,1.24438,0.990894,0.783498,0.599145,0.483925,0.576101,0.253485,0.460881,0.322617,0.23044,0.23044,0.184352,1.49786,0.322617,0.138264,0.023044,0,0.023044,0.023044,0,0,0,0,0,0,0,0,0,0,0,0,0,0,0,0
72385,72403,72394,10.9,-155.061,19.7189,256.531,-41.8053,341.255,10.3448,1.80681,110.597,0.183634,0.000570738,1.52061,1.01374,0.921581,0.783344,0.714226,0.552949,0.50687,0.575988,0.529909,0.414712,0.299514,0.253435,0.276474,1.2211,0.460791,0.207356,0,0.0230395,0,0.0460791,0,0,0,0,0,0,0.0230395,0,0,0,0,0,0,0,0,0
72404,72424,72414,11,-155.061,19.7181,252.898,-42.6181,341.442,10.7432,2.1048,248.752,0.35455,0.000693513,1.37948,1.12866,1.21227,0.836048,0.87785,0.710641,0.710641,0.376222,0.334419,0.209012,0.334419,0.271716,0.271716,1.60939,0.35532,0.0418024,0,0,0,0.0209012,0,0.0209012,0,0,0,0,0,0,0,0,0.0209012,0,0,0,0.0209012,0
72425,72440,72432,11.1,-155.062,19.7176,248.984,-43.2173,342.077,12.4471,1.92471,92.0404,0.143461,0.000490773,1.38301,1.61842,1.11818,0.853348,1.05933,0.735645,0.647367,0.500238,0.647367,0.441387,0.235406,0.382535,0.500238,1.67727,0.470813,0.0588516,0.0588516,0.0294258,0.0294258,0,0,0,0,0,0,0,0,0,0,0,0,0,0,0,0,0
72441,72461,72451,11.2,-155.062,19.7175,245.469,-44.0417,342.237,14.7866,2.2917,109.829,0.143774,0.000590925,2.07359,1.92547,1.3577,1.20959,0.888679,0.715881,0.469025,0.987422,0.592453,0.469025,0.493711,0.246855,0.394969,2.14764,0.592453,0.123428,0.0246855,0.0493711,0.0246855,0,0,0,0,0,0,0,0,0,0,0,0,0,0,0,0,0
72462,72480,72471,11.3,-155.062,19.717,241.862,-44.9471,342.33,16.3135,2.57319,125.262,0.146039,0.000690412,2.21864,1.80101,1.43559,1.07017,1.01796,1.04406,1.30508,0.756946,0.548133,0.574235,0.469829,0.417625,0.469829,2.27084,0.522032,0.339321,0,0.0261016,0,0.0261016,0,0,0,0,0,0,0,0,0,0,0,0,0,0,0,0
72482,72498,72490,11.4,-155.063,19.7161,238.145,-45.9271,342.373,20.915,3.35656,181.472,0.162194,0.000844034,2.5423,2.17537,2.12296,1.70361,1.38909,1.33668,1.28426,0.969745,0.864908,0.471768,0.602815,0.655233,0.445559,3.381,0.629024,0.288303,0,0,0,0,0,0,0,0.0262093,0,0,0.0262093,0,0,0,0,0,0,0,0,0
72499,72513,72506,11.5,-155.063,19.716,234.838,-46.72,342.542,22.9507,3.67522,175.004,0.142852,0.000937043,2.96235,2.18436,1.55598,1.61583,1.91505,1.43629,1.25675,1.16699,1.37644,0.927604,0.628377,0.628377,0.6583,3.08204,1.19691,0.299227,0.0299227,0.0299227,0,0,0,0,0,0,0,0,0,0,0,0,0,0,0,0,0,0
72514,72534,72524,11.6,-155.063,19.7158,231.29,-47.3981,343.006,24.6372,3.86432,181.282,0.140735,0.00095079,2.95221,2.54867,2.18761,2.08142,1.67788,1.44425,1.42301,1.21062,1.01947,0.743363,0.892035,0.722124,0.785841,3.50442,1.04071,0.382301,0,0,0.0212389,0,0,0,0,0,0,0,0,0,0,0,0,0,0,0,0,0
72535,72556,72546,11.7,-155.063,19.7161,228.126,-48.0539,343.359,22.8873,3.82556,205.325,0.161015,0.00116431,3.3087,2.38824,1.81605,1.34338,1.51752,1.41802,1.16924,1.19412,1.01998,0.920466,0.945343,0.671691,0.671691,3.0848,0.870711,0.323407,0.0497549,0.0497549,0.0248775,0.0248775,0.0248775,0,0.0497549,0,0,0,0,0,0,0,0,0,0,0,0,0
72557,72575,72566,11.8,-155.064,19.7166,224.463,-49.0039,343.495,20.2056,2.9966,139.326,0.139484,0.000685177,2.78611,2.05821,2.10841,1.5311,1.506,1.3052,0.903603,0.753002,1.2299,0.627502,0.652602,0.426701,0.577302,2.88651,0.652602,0.1506,0,0.0251001,0,0,0,0,0.0251001,0,0,0,0,0,0,0,0,0,0,0,0,0
72576,72590,72583,11.9,-155.064,19.7164,221.151,-49.8747,343.615,21.0457,3.395,167.269,0.147808,0.000937354,3.04094,2.13769,1.8065,2.01725,1.17422,1.59574,1.14411,0.722599,0.69249,0.632274,0.541949,0.69249,0.511841,2.86029,1.02368,0.361299,0.0301083,0.0301083,0.0301083,0,0,0,0,0,0,0,0,0,0,0,0,0,0,0,0,0
72592,72605,72598,12,-155.065,19.7162,217.477,-50.8269,343.794,18.471,3.03292,162.092,0.160332,0.000884028,2.03286,1.89266,1.92771,1.68236,1.15663,0.876232,1.15663,0.806133,0.911281,0.525739,0.841182,0.525739,0.420591,2.76889,0.595838,0.175246,0.0700985,0,0,0,0.0350493,0.0350493,0.0350493,0,0,0,0,0,0,0,0,0,0,0,0,0
72606,72623,72614,12.1,-155.065,19.7157,214.378,-51.6506,343.925,17.4324,2.99434,155.475,0.155769,0.000895507,2.08787,1.93694,1.2326,1.28291,0.95589,1.28291,0.95589,0.95589,0.70434,0.65403,0.5031,0.477945,0.477945,2.66643,0.75465,0.427635,0.025155,0,0,0.025155,0,0.025155,0,0,0,0,0,0,0,0,0,0,0,0,0,0
72624,72641,72632,12.2,-155.066,19.7152,211.254,-52.5822,343.917,14.606,2.39787,136.031,0.170189,0.000660785,1.85756,1.62854,1.42498,0.865164,1.11962,0.661596,0.788826,0.839718,0.76338,0.610704,0.458028,0.305352,0.534366,2.01023,0.407136,0.229014,0.025446,0,0.025446,0,0.025446,0,0,0,0,0,0.025446,0,0,0,0,0,0,0,0,0
72642,72657,72650,12.3,-155.067,19.7149,207.855,-53.5015,344.075,11.3112,1.66304,78.664,0.141904,0.000422153,1.77291,1.56016,0.957373,0.780082,0.81554,0.780082,0.744624,0.390041,0.531874,0.354583,0.21275,0.319124,0.141833,1.41833,0.283666,0.21275,0,0,0.0354583,0,0,0,0,0,0,0,0,0,0,0,0,0,0,0,0,0
72658,72676,72667,12.4,-155.067,19.7148,204.732,-54.3806,344.184,10.552,1.62626,76.3234,0.140796,0.000395907,1.48188,1.17529,0.89424,0.91979,0.689842,0.638743,0.357696,0.357696,0.562094,0.306597,0.383246,0.408796,0.229947,1.63518,0.383246,0.0766492,0,0.0255497,0.0255497,0,0,0,0,0,0,0,0,0,0,0,0,0,0,0,0,0
72677,72693,72685,12.5,-155.067,19.7144,201.662,-55.2518,344.3,11.3568,1.80789,98.9804,0.164247,0.000543439,1.78616,1.38627,1.01305,0.853092,0.853092,0.773114,0.559842,0.373228,0.426546,0.453205,0.319909,0.319909,0.266591,1.3063,0.426546,0.133296,0.0533182,0,0,0,0,0,0.0533182,0,0,0,0,0,0,0,0,0,0,0,0,0
72694,72711,72702,12.6,-155.068,19.7136,198.515,-55.9062,344.809,11.0102,1.79951,92.1247,0.153583,0.000526409,1.35472,1.40399,0.788203,0.812835,0.886729,0.517258,0.615784,0.566521,0.418733,0.566521,0.36947,0.443364,0.197051,1.30546,0.492627,0.197051,0.0246314,0,0.0246314,0,0.0246314,0,0,0,0,0,0,0,0,0,0,0,0,0,0,0
72712,72726,72719,12.7,-155.068,19.7129,195.723,-56.4327,345.368,12.5888,1.78544,76.7811,0.129012,0.00035342,1.31958,1.47793,1.08205,0.712572,1.37236,1.05566,0.607006,0.580614,0.448657,0.50144,0.607006,0.448657,0.237524,1.76824,0.263916,0.0527831,0.0527831,0,0,0,0,0,0,0,0,0,0,0,0,0,0,0,0,0,0,0
72727,72744,72736,12.8,-155.068,19.7116,192.503,-57.0989,345.943,14.0854,2.43643,242.39,0.298457,0.00071767,1.68052,1.68052,1.03927,1.12771,0.818146,0.707585,1.03927,0.796034,0.685473,0.663361,0.486465,0.375905,0.287457,1.90164,0.552801,0.154784,0.022112,0,0.022112,0,0,0,0.022112,0,0,0,0,0,0,0,0,0.022112,0,0,0,0
72746,72764,72755,12.9,-155.068,19.7103,189.431,-57.8944,346.255,12.9986,1.90023,87.7446,0.138527,0.000444177,1.3462,1.74344,1.36827,1.19172,0.948963,0.81655,0.971032,0.529654,0.529654,0.39724,0.39724,0.176551,0.308965,1.67724,0.441378,0.110345,0.0220689,0,0,0,0.0220689,0,0,0,0,0,0,0,0,0,0,0,0,0,0,0
72765,72781,72773,13,-155.068,19.7086,186.54,-58.7869,346.341,13.0408,2.08595,105.83,0.152204,0.000606907,1.79873,1.39901,1.17417,0.899365,0.824418,0.999295,0.574594,0.699506,0.799436,0.649542,0.324771,0.224841,0.274806,1.57389,0.499647,0.224841,0.0249824,0.0249824,0,0.0499647,0,0,0,0,0,0,0,0,0,0,0,0,0,0,0,0
72782,72799,72790,13.1,-155.068,19.7065,183.447,-59.7353,346.458,11.8776,1.69306,74.1559,0.1314,0.000355283,1.6464,1.03488,1.31712,1.08192,1.03488,0.729121,0.752641,0.588,0.32928,0.30576,0.30576,0.30576,0.28224,1.764,0.25872,0.1176,0.02352,0,0,0,0,0,0,0,0,0,0,0,0,0,0,0,0,0,0,0
72800,72815,72808,13.2,-155.068,19.7045,180.677,-60.6067,346.547,11.0958,1.67619,78.4248,0.140363,0.000415441,1.48483,0.80991,1.05288,0.944895,1.29586,0.620931,0.566937,0.620931,0.350961,0.350961,0.296967,0.431952,0.350961,1.37685,0.296967,0.188979,0.053994,0,0,0,0,0,0,0,0,0,0,0,0,0,0,0,0,0,0,0
72816,72833,72824,13.3,-155.068,19.703,177.922,-61.5578,346.514,10.6747,1.74312,95.0601,0.163604,0.000541832,1.4801,1.43525,0.919457,0.695199,0.560645,0.964309,0.515793,0.381238,0.515793,0.58307,0.291535,0.269109,0.246684,1.07644,0.381238,0.313961,0,0,0,0.0224258,0,0,0,0.0224258,0,0,0,0,0,0,0,0,0,0,0,0
72834,72852,72843,13.4,-155.067,19.701,175.094,-62.4716,346.599,10.3206,1.65595,98.6678,0.178752,0.000465419,1.44701,1.12782,1.17038,0.723505,0.808623,0.702225,0.617107,0.425591,0.319193,0.340473,0.340473,0.361752,0.234075,1.1491,0.361752,0.0851182,0.0425591,0.0212795,0,0,0,0,0.0212795,0,0,0,0.0212795,0,0,0,0,0,0,0,0,0
72853,72866,72860,13.5,-155.068,19.6994,172.356,-63.3877,346.652,10.4123,1.43885,65.9886,0.137586,0.000324879,1.40707,1.3758,0.969314,0.844241,0.781705,0.750437,0.469023,0.594096,0.469023,0.312682,0.437755,0.156341,0.406487,1.15692,0.156341,0.0625364,0,0.0312682,0,0,0.0312682,0,0,0,0,0,0,0,0,0,0,0,0,0,0,0
72868,72880,72874,13.6,-155.068,19.6979,169.252,-64.3615,346.836,7.58962,1.09063,48.6511,0.133824,0.000242032,1.00775,0.661336,0.787305,0.755812,0.598352,0.535367,0.440891,0.314922,0.346414,0.188953,0.377906,0.251937,0.188953,0.72432,0.314922,0.0944766,0,0,0,0,0,0,0,0,0,0,0,0,0,0,0,0,0,0,0,0
72882,72900,72891,13.7,-155.069,19.696,166.824,-64.9384,347.31,8.05202,1.13087,55.1422,0.146282,0.000279493,1.30631,1.07075,0.878013,0.685278,0.535373,0.556788,0.364054,0.471129,0.256979,0.299809,0.235564,0.17132,0.0642448,0.813768,0.214149,0.107075,0,0,0,0,0,0,0.0214149,0,0,0,0,0,0,0,0,0,0,0,0,0
72901,72920,72910,13.8,-155.069,19.6942,164.13,-65.5205,347.956,6.9467,0.976221,47.0195,0.144494,0.000258716,1.43867,1.00707,0.616571,0.554914,0.452152,0.34939,0.246628,0.308286,0.267181,0.226076,0.267181,0.205524,0.123314,0.513809,0.226076,0.102762,0,0,0.0411047,0,0,0,0,0,0,0,0,0,0,0,0,0,0,0,0,0
72921,72940,72930,13.9,-155.07,19.6925,161.312,-66.2715,348.413,7.24036,0.967713,46.1554,0.143086,0.000259603,1.26189,1.13777,0.930903,0.455108,0.744723,0.413735,0.475795,0.227554,0.227554,0.144807,0.248241,0.12412,0.0620602,0.455108,0.165494,0.082747,0.0206867,0.0620602,0,0,0,0,0,0,0,0,0,0,0,0,0,0,0,0,0,0
72941,72959,72950,14,-155.071,19.6908,158.725,-66.4747,349.686,9.01168,1.19941,60.3397,0.150924,0.000316327,1.56347,1.38975,1.0206,0.803451,0.89031,0.564587,0.304008,0.325723,0.282294,0.282294,0.304008,0.173719,0.195434,0.608017,0.152004,0.0651447,0.0217149,0,0.0217149,0.0217149,0,0,0.0217149,0,0,0,0,0,0,0,0,0,0,0,0,0
