api/src/app/data/B2SAP/Locations/Hawaii/NOAA-POPS-B2SAP_GMLBalloon_20230802_R0.ict
61,1001
Thornberry, T. D.
NOAA Chemical Sciences Laboratory
Portable Optical Particle Spectrometer (POPS)
Balloon Baseline Stratospheric Aerosol Profiles (B2SAP)
1,1
2023,08,02,2024,05,28
0
TIME_START,s,Seconds since midnight UTC on flight start day,Start time of 100 m altitude bin in UTC_seconds_since_midnight
28
1.0,1.0,1.0,1.0,1.0,1.0,1.0,1.0,1.0,1.0,1.0,1.0,1.0,1.0,1.0,1.0,1.0,1.0,1.0,1.0,1.0,1.0,1.0,1.0,1.0,1.0,1.0,1.0
99999,99999,99999,99999,99999,99999,99999,99999,99999,99999,99999,99999,99999,99999,99999,99999,99999,99999,99999,99999,99999,99999,99999,99999,99999,99999,99999,99999
TIME_STOP,s,End time of 100 m altitude bin in UTC seconds since midnight,
TIME_MID,s,Mid time of 100 m altitude in UTC seconds since midnight,
GPSAlt,m,GPS reported altitude above sea level (m),
GPS_Lon,deg,GPS reported longitude,
GPS_Lat,deg,GPS reported latitude,
iMet_Pressure,mb,Pressure reported (mB),
iMet_Temperature,degrees C,Ambient temperature (oC),
THETA,K,Potential temperature from iMet,
Aerosol_concentration,cm^-3,Aerosol concentration,
Surface_Area_Conc,um^2 cm^-3,Surface area concentration,
Volume_density,um^3 cm^-3,Volume density,
Effective_radius,um,Effective radius,
Extinction,km^-1,Extinction,
Bin01,cm^-3,particle concentration in size range [140 - 170 nm],
Bin02,cm^-3,particle concentration in size range [170 - 205 nm],
Bin03,cm^-3,particle concentration in size range [205 - 249 nm],
Bin04,cm^-3,particle concentration in size range [249 - 302 nm],
Bin05,cm^-3,particle concentration in size range [302 - 366 nm],
Bin06,cm^-3,particle concentration in size range [366 - 443 nm],
Bin07,cm^-3,particle concentration in size range [443 - 537 nm],
Bin08,cm^-3,particle concentration in size range [537 - 651 nm],
Bin09,cm^-3,particle concentration in size range [651 - 789 nm],
Bin10,cm^-3,particle concentration in size range [789 - 956 nm],
Bin11,cm^-3,particle concentration in size range [956 - 1159 nm],
Bin12,cm^-3,particle concentration in size range [1159 - 1404 nm],
Bin13,cm^-3,particle concentration in size range [1404 - 1702 nm],
Bin14,cm^-3,particle concentration in size range [1702 - 2062 nm],
Bin15,cm^-3,particle concentration in size range [2062 - 2500 nm],
0
19
PI_CONTACT_INFO: 325 Broadway R/CSL6, Boulder, CO 80305; troy.thornberry@noaa.gov; 303-497-3373 
PLATFORM: GML ECC/FPH balloon
LOCATION: Hilo, HI, USA
ASSOCIATED_DATA: N/A
INSTRUMENT_INFO: Printed Optical Particle Spectrometer counts particles from 140 - 2500 nm in diameter 
DATA_INFO: Particle concentrations reported in number per cubic centimeter, binned to 100 m altitude
UNCERTAINTY: Counting uncertainty dominated by air flow, less than 5 percent
ULOD_FLAG: -77777
ULOD_VALUE: 3000 ~3000 per cm3 (varies depending on flow rate- manufacturer quotes 1250  per cm3 at 1.667 cc/s)
LLOD_FLAG: -88888
LLOD_VALUE: 0 0 (varies depending on data field and measurement precision)
DM_CONTACT_INFO: Troy Thornberry, 325 Broadway R/CSL6, Boulder, CO 80305; troy.thornberry@noaa.gov; 303-497-3373
PROJECT_INFO: B2SAP Hilo, HI, USA
STIPULATIONS_ON_USE: Please contact the PIs for questions regarding applications and uncertainties
OTHER_COMMENTS: POPS bin Edges (nm):  140, 170, 205, 249, 302, 366, 443, 537, 651, 789, 956, 1159, 1404, 1702, 2062, 2500
Calculations assume sulfate refractive index of 1.45+0.00j and extinction wavelength = 532 nm
REVISION: R0
R0: QA/QC data
TIME_START,TIME_STOP,TIME_MID,GPSAlt,GPS_Lon,GPS_Lat,iMet_Pressure,iMet_Temperature,THETA,Aerosol_concentration,Surface_Area_Conc,Volume_density,Effective_radius,Extinction,Bin01,Bin02,Bin03,Bin04,Bin05,Bin06,Bin07,Bin08,Bin09,Bin10,Bin11,Bin12,Bin13,Bin14,Bin15
69133,69148,69140,0.1,-155.05,19.7169,1010.99,25.8169,298.032,158.797,37.3035,4305.07,0.34622,0.0142031,51.2659,42.1567,28.6623,18.4515,10.1261,2.6904,1.50408,0.84737,0.762633,0.487238,0.571975,0.550791,0.402501,0.190658,0.127106
69149,69167,69158,0.2,-155.051,19.7167,999.721,24.2916,297.462,159.026,35.2893,3811.07,0.323985,0.0128507,52.3746,41.867,28.4609,19.8556,8.62342,2.98921,1.25003,0.76089,0.742773,0.525376,0.326096,0.561609,0.45291,0.126815,0.108699
69168,69186,69177,0.3,-155.051,19.7164,988.661,23.3547,297.476,155.002,35.7478,4242.97,0.356076,0.0135044,51.6491,40.1271,28.3688,19.064,8.35981,2.58064,1.29032,0.854154,0.527031,0.545205,0.327123,0.490684,0.41799,0.272602,0.127214
69187,69205,69196,0.4,-155.052,19.716,976.889,22.3384,297.471,158.581,37.6564,4509.62,0.359271,0.0147352,52.5544,40.4927,28.6184,19.6283,8.67167,3.03415,1.51707,1.04884,0.730443,0.561879,0.468232,0.468232,0.374586,0.26221,0.149834
69206,69224,69215,0.5,-155.053,19.7155,965.885,21.4289,297.515,153.589,36.0506,4473.15,0.37224,0.013893,51.0162,40.7385,27.8169,17.9115,8.45306,2.75562,1.15438,0.875096,0.744763,0.502715,0.391,0.40962,0.446858,0.130333,0.242048
69225,69244,69234,0.6,-155.054,19.7148,954.15,20.4145,297.526,155.582,37.1817,4400.75,0.355074,0.0146952,50.3682,41.254,28.3021,18.8859,8.10155,2.86042,1.58122,0.959395,0.870562,0.639596,0.426398,0.710663,0.284265,0.177666,0.159899
69245,69262,69254,0.7,-155.055,19.7143,943.391,19.4933,297.556,153.164,35.837,4099.66,0.343192,0.0139619,53.5127,40.2077,25.2444,17.9676,8.15469,2.75075,1.15102,0.877898,0.760845,0.682809,0.468212,0.83888,0.253615,0.214597,0.0780353
69263,69277,69270,0.8,-155.056,19.7141,932.655,18.5707,297.594,101.748,18.7206,1534.84,0.24596,0.00609939,35.7138,27.6236,18.4314,10.9744,4.76027,1.54767,0.820736,0.680039,0.375194,0.351744,0.0468992,0.281395,0.0703488,0.0468992,0.0234496
69278,69293,69286,0.9,-155.057,19.7138,921.929,17.8938,297.884,43.677,9.78796,1828.75,0.56051,0.00401349,26.96,9.02362,4.01296,1.97322,0.642961,0.221711,0.0665132,0.110855,0.0886842,0.0221711,0.0665132,0.110855,0.110855,0.0886842,0.177368
69294,69309,69302,1,-155.057,19.7133,911.082,16.6144,297.576,98.7111,17.8864,1672.27,0.280481,0.00536409,39.3311,25.7321,15.4032,10.1711,4.62321,1.64631,0.586358,0.157866,0.338283,0.0676567,0.0902089,0.315731,0.135313,0.0676567,0.0451045
69310,69326,69318,1.1,-155.058,19.7129,900.322,15.9612,297.913,99.7299,18.1351,1966.11,0.325245,0.00564171,37.7671,28.7124,16.0102,10.1151,4.07147,1.35716,0.72099,0.212056,0.233261,0.0424112,0,0.127233,0.0848223,0.19085,0.0848223
69327,69347,69337,1.2,-155.058,19.7122,889.532,14.92,297.871,131.927,25.0041,2358.07,0.282923,0.00774478,46.4243,35.609,23.0591,15.7299,6.22392,2.22769,0.765236,0.442136,0.3231,0.221068,0.204063,0.374115,0.170052,0.0850262,0.068021
69348,69368,69358,1.3,-155.059,19.7113,879.308,14.265,298.176,125.106,21.1563,1626.63,0.230658,0.00589555,44.6704,35.9964,21.0528,12.9309,5.87769,2.19077,1.03305,0.46309,0.267168,0.160301,0.0890559,0.195923,0.106867,0.0178112,0.0534335
69369,69386,69378,1.4,-155.059,19.7104,868.986,13.5444,298.431,129.078,21.9577,1834.94,0.250701,0.0062135,47.9223,34.9925,21.8228,13.7292,6.31503,2.0384,0.97923,0.459639,0.199843,0.159874,0.159874,0.119906,0.0399686,0.0599529,0.0799371
69387,69405,69396,1.5,-155.06,19.7094,858.943,12.8942,298.743,119.653,18.9812,1304.18,0.206127,0.00499136,45.506,32.9942,20.5955,11.7204,4.99341,1.77125,0.829094,0.489919,0.24496,0.188431,0.0753722,0.131901,0.0753722,0,0.0376861
69406,69424,69415,1.6,-155.06,19.7086,848.76,12.5806,299.436,128.014,21.2874,1634.05,0.230284,0.00587954,50.4833,34.1504,21.2287,12.0991,5.63823,1.98642,0.963115,0.561817,0.220714,0.120389,0.160519,0.160519,0.160519,0.0601947,0.0200649
69425,69442,69434,1.7,-155.06,19.7078,838.444,12.3189,300.212,88.1856,15.6492,1351.48,0.259084,0.00486485,34.8645,22.9351,14.721,8.09355,3.9564,1.62674,0.662747,0.522165,0.200833,0.160666,0.180749,0.1205,0.0602498,0.0401665,0.0401665
69443,69459,69451,1.8,-155.061,19.7071,829.105,11.725,300.545,73.8477,11.3409,755.99,0.199981,0.00285851,29.1861,20.3624,12.6926,6.24447,3.03174,1.06337,0.678747,0.180999,0.135749,0.0904996,0.0226249,0.113124,0.0226249,0,0.0226249
69460,69477,69468,1.9,-155.061,19.7064,818.865,11.1328,300.985,52.967,8.82711,771.664,0.262259,0.00266138,23.037,13.986,7.87213,4.57543,1.87812,0.619381,0.1998,0.27972,0.21978,0.0599401,0.0599401,0.0799201,0.03996,0.03996,0.01998
69478,69494,69486,2,-155.061,19.7058,809.343,12.0076,302.922,53.9253,9.14852,796.584,0.261217,0.00282165,23.9107,12.8183,7.872,5.43041,2.04167,0.77878,0.378866,0.210481,0.105241,0.168385,0.0631444,0.0210481,0.0631444,0.0420962,0.0210481
69495,69512,69504,2.1,-155.06,19.7054,799.647,12.0717,304.041,48.3027,8.41226,726.826,0.259202,0.0026874,20.6842,13.4725,6.47867,4.12099,1.90199,0.435874,0.316999,0.297187,0.178312,0.118875,0.138687,0.0990622,0.0396249,0,0.0198124
69513,69531,69522,2.2,-155.061,19.7047,790.133,11.9442,304.944,87.7609,12.534,737.725,0.176573,0.00275108,37.8114,23.3513,12.4591,7.96625,3.94537,1.26478,0.377547,0.302038,0.0943869,0.0188774,0.113264,0.0377547,0,0,0.0188774
69532,69549,69540,2.3,-155.061,19.7041,780.873,12.0844,306.12,56.458,7.20138,371.672,0.154834,0.00138341,27.802,14.0695,7.73151,3.84328,1.95535,0.449506,0.404556,0.112377,0.0224753,0.0224753,0.0224753,0,0,0.0224753,0
69550,69568,69559,2.4,-155.061,19.7033,771.487,12.0926,307.187,29.4002,2.83914,99.6555,0.105302,0.000320075,19.6001,6.01758,2.34972,1.01248,0.267448,0.0573102,0.0191034,0.0382068,0.0191034,0.0191034,0,0,0,0,0
69569,69585,69577,2.5,-155.062,19.7028,762.096,13.3047,309.581,17.7235,2.07689,104.913,0.151544,0.000448978,11.2995,3.53633,1.46475,0.753301,0.29295,0.1674,0.0627751,0.020925,0.104625,0,0,0.020925,0,0,0
69586,69603,69594,2.6,-155.063,19.7024,753.061,13.8672,311.244,12.4957,1.7253,173.755,0.30213,0.000466406,7.75323,2.51882,1.00359,0.511635,0.4526,0.078713,0.0983913,0.0393565,0.0196783,0,0,0,0,0,0.0196783
69604,69620,69612,2.7,-155.065,19.7019,743.97,13.5144,311.94,7.21478,0.764947,32.4948,0.127439,0.000155923,4.78007,1.67526,0.379725,0.178694,0.0670104,0.0223368,0.0670104,0,0.0446736,0,0,0,0,0,0
69621,69636,69628,2.8,-155.065,19.7017,735.413,14.1213,313.635,12.6099,1.34981,50.8854,0.113094,0.000207406,8.01799,2.49819,1.16582,0.452053,0.21413,0.118961,0.118961,0.0237922,0,0,0,0,0,0,0
69637,69653,69645,2.9,-155.066,19.7017,727.164,15.0471,315.667,10.2829,1.15399,64.305,0.167173,0.000267064,7.45201,1.85259,0.499576,0.187341,0.062447,0.0416313,0.0416313,0.104078,0.0208157,0,0,0.0208157,0,0,0
69654,69671,69662,3,-155.066,19.7018,718.023,14.5472,316.258,8.15038,0.873373,38.7724,0.133181,0.000202013,5.80764,1.51589,0.433112,0.157495,0.0393738,0.0393738,0.0590607,0.0590607,0.0393738,0,0,0,0,0,0
69672,69688,69680,3.1,-155.067,19.7019,709.623,13.9541,316.665,7.97131,0.8795,43.3737,0.147949,0.000206566,5.6819,1.37365,0.374631,0.270567,0.14569,0.0208128,0.0416256,0.0208128,0,0.0416256,0,0,0,0,0
69689,69706,69698,3.2,-155.067,19.702,701.366,13.4367,317.154,7.44861,0.820156,35.0103,0.128062,0.000174509,5.10987,1.37573,0.432373,0.216187,0.11792,0.05896,0.0786133,0.0393067,0.0196533,0,0,0,0,0,0
69707,69723,69715,3.3,-155.068,19.702,692.946,12.7671,317.511,6.49616,0.731966,42.8771,0.175734,0.000154871,4.83533,1.07218,0.210232,0.147162,0.0840926,0.0420463,0.0630695,0.0210232,0,0,0.0210232,0,0,0,0
69724,69738,69731,3.4,-155.069,19.7019,685.084,12.0913,317.792,6.04231,0.512784,15.0915,0.0882918,3.26659e-05,4.64429,0.995205,0.260649,0.0710861,0.0473907,0.0236954,0,0,0,0,0,0,0,0,0
69739,69756,69748,3.5,-155.069,19.702,676.896,11.3753,318.083,6.99039,0.752406,32.075,0.12789,0.000158324,4.75635,1.63349,0.12011,0.144132,0.192176,0.0480439,0.0240219,0.0480439,0.0240219,0,0,0,0,0,0
69758,69774,69766,3.6,-155.07,19.7017,668.308,10.7135,318.507,7.10083,0.71693,28.9383,0.121093,0.000134183,5.34676,1.0778,0.359268,0.105667,0.0211334,0.105667,0.0422669,0.0211334,0.0211334,0,0,0,0,0,0
69775,69790,69782,3.7,-155.071,19.7016,660.776,10.81,319.649,7.52483,0.919352,56.4384,0.184168,0.000225248,5.4685,1.01687,0.564927,0.135583,0.0677913,0.135583,0.0677913,0.0225971,0.0225971,0,0,0.0225971,0,0,0
69791,69808,69800,3.8,-155.072,19.7011,652.657,10.8444,320.816,7.52086,0.885313,55.4852,0.188019,0.000205312,5.61558,1.16323,0.200556,0.280779,0.0601669,0.0401113,0.0802226,0.0601669,0,0,0,0,0.0200556,0,0
69809,69824,69816,3.9,-155.072,19.7005,645.441,10.434,321.369,6.51599,0.671134,28.2781,0.126405,0.000138533,4.7562,1.18905,0.261591,0.095124,0.095124,0.023781,0.023781,0.047562,0.023781,0,0,0,0,0,0
69826,69842,69834,4,-155.073,19.6997,637.282,9.64,321.644,5.40959,0.581399,28.1131,0.145063,0.000139458,4.04654,0.809309,0.276869,0.127786,0.0425952,0.0212976,0.0212976,0.0425952,0,0.0212976,0,0,0,0,0
69843,69859,69851,4.1,-155.073,19.6991,629.641,8.81588,321.81,6.59193,0.718441,33.2454,0.138823,0.00018052,5.02956,0.877497,0.299633,0.128414,0.0856095,0.0428047,0.0428047,0.0428047,0.0428047,0,0,0,0,0,0
69860,69874,69867,4.2,-155.073,19.6984,622.561,7.96571,321.875,6.36741,0.613865,21.8897,0.106976,8.31139e-05,4.7885,0.9577,0.232954,0.155303,0.181187,0,0.0258838,0.0258838,0,0,0,0,0,0,0
69876,69893,69884,4.3,-155.074,19.6974,614.452,6.99235,321.968,5.6327,0.593179,23.5764,0.119238,0.000110481,3.97729,0.988948,0.343982,0.0859955,0.0859955,0.0429977,0.0859955,0.0214989,0,0,0,0,0,0,0
69894,69909,69902,4.4,-155.074,19.6965,606.963,6.12312,322.096,5.19263,0.638704,37.4168,0.175747,0.000222464,3.83703,0.85012,0.206786,0.0919049,0.0459525,0.0229762,0.0229762,0.0459525,0.0459525,0.0229762,0,0,0,0,0
69910,69926,69918,4.5,-155.075,19.6954,599.378,5.55882,322.599,5.57481,0.524333,18.1004,0.103563,6.32061e-05,4.2403,0.796402,0.236768,0.150671,0.0860975,0.0430487,0,0.0215244,0,0,0,0,0,0,0
69927,69943,69935,4.6,-155.075,19.6941,591.946,4.73059,322.79,4.93188,0.504756,22.2352,0.132154,0.000116699,3.82869,0.757087,0.173048,0.0432621,0,0.0432621,0.021631,0.0432621,0.021631,0,0,0,0,0,0
69944,69960,69952,4.7,-155.076,19.6928,585.012,3.91,322.926,5.58672,0.601202,27.0168,0.134814,0.000143755,4.06504,1.04343,0.130429,0.173906,0.0434764,0.0217382,0.0217382,0.0652146,0.0217382,0,0,0,0,0,0
69961,69978,69970,4.8,-155.076,19.6917,577.529,3.15667,323.231,4.86054,0.531637,23.2255,0.13106,0.000116325,3.45139,0.857742,0.142957,0.204224,0.102112,0.0408449,0,0.0408449,0.0204224,0,0,0,0,0,0
69979,69996,69988,4.9,-155.077,19.6905,570.497,2.25889,323.308,5.08723,0.485121,18.327,0.113334,7.41563e-05,3.85146,0.78265,0.226557,0.144172,0.0205961,0.0205961,0.0205961,0,0.0205961,0,0,0,0,0,0
69997,70013,70005,5,-155.077,19.6896,563.503,1.53467,323.603,4.52438,0.475154,19.7697,0.124821,9.87353e-05,3.47452,0.574921,0.199973,0.0749897,0.0749897,0.0499931,0.0249966,0.0499931,0,0,0,0,0,0,0
70014,70031,70022,5.1,-155.077,19.6883,556.33,1.03778,324.2,4.41511,0.476738,21.1664,0.133195,0.000110835,3.32164,0.680834,0.103157,0.123788,0.061894,0.0412627,0.0412627,0.0206313,0.0206313,0,0,0,0,0,0
70032,70048,70040,5.2,-155.077,19.6872,549.501,0.52625,324.736,4.35663,0.453206,18.8519,0.124791,9.51511e-05,3.2443,0.718381,0.162215,0.0926943,0.0231736,0.0231736,0.0463471,0.0463471,0,0,0,0,0,0,0
70049,70067,70058,5.3,-155.077,19.6865,542.588,-0.26,324.975,4.60424,0.474009,18.9248,0.119775,8.85125e-05,3.46787,0.666145,0.195925,0.07837,0.07837,0.0587775,0.0195925,0.039185,0,0,0,0,0,0,0
70068,70086,70077,5.4,-155.077,19.6855,535.854,-1.01632,325.234,4.63337,0.530911,28.9003,0.163306,0.000162528,3.66726,0.552061,0.157732,0.0788658,0.0394329,0.0394329,0.0197164,0.0394329,0.0197164,0.0197164,0,0,0,0,0
70087,70103,70095,5.5,-155.077,19.6846,529.116,-1.68588,325.615,4.16295,0.437223,19.8251,0.13603,0.000108562,3.17177,0.682812,0.154183,0.0440524,0,0,0.0660786,0.0220262,0.0220262,0,0,0,0,0,0
70104,70119,70112,5.6,-155.076,19.6837,522.669,-2.34467,325.962,4.88345,0.496254,18.9495,0.114556,8.35495e-05,3.7565,0.601041,0.175303,0.175303,0.0250434,0.0751301,0.0751301,0,0,0,0,0,0,0,0
70120,70139,70130,5.7,-155.076,19.6824,515.834,-2.73105,326.721,4.27345,0.389748,12.8831,0.0991647,4.01785e-05,3.04111,0.894444,0.159012,0.139136,0.0198765,0,0,0.0198765,0,0,0,0,0,0,0
70140,70158,70149,5.8,-155.076,19.6812,509.065,-3.22647,327.353,4.46586,0.470106,19.0927,0.121841,9.0143e-05,3.38255,0.596921,0.132649,0.154757,0.0663246,0.0884328,0,0.0442164,0,0,0,0,0,0,0
70159,70176,70168,5.9,-155.075,19.6799,502.826,-3.98333,327.588,4.51599,0.36307,10.0076,0.0826919,1.61064e-05,3.59179,0.735161,0.105023,0.0840184,0,0,0,0,0,0,0,0,0,0,0
70177,70194,70186,6,-155.075,19.6786,496.528,-4.90167,327.655,4.29404,0.416084,15.1199,0.109015,5.97626e-05,3.17843,0.694624,0.189443,0.126295,0.0420985,0.0210492,0.0210492,0.0210492,0,0,0,0,0,0,0
70195,70211,70203,6.1,-155.074,19.6775,490.54,-5.80471,327.683,4.34688,0.578317,53.5825,0.277957,0.000164934,3.52209,0.557292,0.156042,0.0222917,0,0,0.0222917,0.0222917,0,0,0.0445834,0,0,0,0
70212,70228,70220,6.2,-155.073,19.6767,484.323,-6.62235,327.872,5.032,0.521191,21.9278,0.126217,0.00011053,3.69014,0.805121,0.335467,0.0670934,0.0447289,0,0,0.0894579,0,0,0,0,0,0,0
70229,70244,70236,6.3,-155.073,19.6757,477.973,-7.48438,328.043,4.87428,0.519346,26.605,0.153684,0.000130898,3.67961,0.788487,0.191148,0.0955742,0.0477871,0.0238935,0,0,0.0238935,0.0238935,0,0,0,0,0
70246,70261,70254,6.4,-155.072,19.6743,471.629,-8.2575,328.34,4.95002,0.510151,23.4915,0.138144,0.000122796,3.77827,0.76522,0.191305,0.143479,0,0,0,0.0239131,0.0478263,0,0,0,0,0,0
70262,70278,70270,6.5,-155.071,19.6727,465.674,-8.97938,328.643,5.32319,0.528309,22.2012,0.126069,0.000109384,4.19621,0.791286,0.14387,0.0239784,0.0479567,0.0479567,0.0239784,0.0239784,0.0239784,0,0,0,0,0,0
70279,70292,70286,6.6,-155.07,19.6713,460.28,-9.56143,329.01,4.49148,0.478245,19.2482,0.120743,9.11771e-05,3.05861,0.964428,0.16533,0.11022,0.0826652,0.0275551,0.0551102,0.0275551,0,0,0,0,0,0,0
70296,70313,70304,6.7,-155.069,19.6695,453.713,-10.3506,329.372,4.18703,0.428069,17.5334,0.122878,8.64209e-05,3.16856,0.724243,0.0678978,0.0678978,0.0452652,0.0452652,0.0226326,0.0452652,0,0,0,0,0,0,0
70315,70330,70322,6.8,-155.068,19.6676,447.863,-10.9075,329.892,2.56525,0.329246,16.1224,0.146903,9.57646e-05,1.62143,0.629211,0.0484009,0.0968017,0,0.0968017,0.0242004,0.0484009,0,0,0,0,0,0,0
70332,70349,70340,6.9,-155.067,19.6661,441.912,-11.5053,330.403,2.43435,0.272087,11.287,0.124449,5.43398e-05,1.68357,0.455018,0.0682527,0.0455018,0.113754,0.0455018,0,0.0227509,0,0,0,0,0,0,0
70350,70368,70359,7,-155.065,19.6648,436.038,-11.9728,331.081,3.49409,0.532475,33.0964,0.186467,0.000207621,2.18649,0.578775,0.321542,0.107181,0.0857445,0.0428723,0.107181,0.0214361,0.0214361,0.0214361,0,0,0,0,0
70369,70383,70376,7.1,-155.064,19.6638,430.9,-12.5157,331.511,4.2856,0.455187,17.1684,0.113152,6.90047e-05,2.73725,0.857119,0.387086,0.110596,0.138245,0.027649,0,0.027649,0,0,0,0,0,0,0
70385,70402,70394,7.2,-155.062,19.6625,425.009,-13.5176,331.535,4.26369,0.501766,22.9796,0.137393,0.000121992,2.81954,0.756461,0.320923,0.114615,0.160461,0,0.0458461,0.0229231,0.0229231,0,0,0,0,0,0
70403,70419,70411,7.3,-155.061,19.661,419.412,-14.1707,331.954,4.49041,0.503246,21.9731,0.130988,0.000106979,2.959,0.856552,0.285517,0.181693,0.155737,0,0,0.0259561,0.0259561,0,0,0,0,0,0
70421,70437,70429,7.4,-155.059,19.6593,413.627,-14.262,333.163,4.76697,0.62286,31.45,0.151479,0.000187098,2.95345,1.0363,0.284982,0.181352,0.0777224,0.0777224,0.0777224,0.0518149,0.0259075,0,0,0,0,0,0
70438,70455,70446,7.5,-155.058,19.6576,408.336,-15.0994,333.309,4.95495,0.564326,29.2161,0.155315,0.000151778,3.67275,0.782361,0.173858,0.108661,0.0651967,0.086929,0.0217322,0,0.0217322,0.0217322,0,0,0,0,0
70456,70469,70462,7.6,-155.057,19.6561,403.065,-16.02,333.352,5.02373,0.501353,18.5596,0.111057,7.51914e-05,3.41977,1.05922,0.272371,0.151317,0.0605268,0,0.0302634,0.0302634,0,0,0,0,0,0,0
70470,70484,70477,7.7,-155.056,19.6547,397.442,-17.0046,333.408,4.70276,0.502506,21.091,0.125915,0.000108676,3.38965,0.885584,0.152687,0.0916122,0.0305374,0.0305374,0.0916122,0.0305374,0,0,0,0,0,0,0
