api/src/app/data/B2SAP/Locations/Hawaii/NOAA-POPS-B2SAP_GMLBalloon_20230802_R0.ict
61,1001
Thornberry, T. D.
NOAA Chemical Sciences Laboratory
Portable Optical Particle Spectrometer (POPS)
Balloon Baseline Stratospheric Aerosol Profiles (B2SAP)
1,1
2023,08,02,2024,05,28
0
TIME_START,s,Seconds since midnight UTC on flight start day,Start time of 100 m altitude bin in UTC_seconds_since_midnight
28
1.0,1.0,1.0,1.0,1.0,1.0,1.0,1.0,1.0,1.0,1.0,1.0,1.0,1.0,1.0,1.0,1.0,1.0,1.0,1.0,1.0,1.0,1.0,1.0,1.0,1.0,1.0,1.0
99999,99999,99999,99999,99999,99999,99999,99999,99999,99999,99999,99999,99999,99999,99999,99999,99999,99999,99999,99999,99999,99999,99999,99999,99999,99999,99999,99999
TIME_STOP,s,End time of 100 m altitude bin in UTC seconds since midnight,
TIME_MID,s,Mid time of 100 m altitude in UTC seconds since midnight,
GPSAlt,m,GPS reported altitude above sea level (m),
GPS_Lon,deg,GPS reported longitude,
GPS_Lat,deg,GPS reported latitude,
iMet_Pressure,mb,Pressure reported (mB),
iMet_Temperature,degrees C,Ambient temperature (oC),
THETA,K,Potential temperature from iMet,
Aerosol_concentration,cm^-3,Aerosol concentration,
Surface_Area_Conc,um^2 cm^-3,Surface area concentration,
Volume_density,um^3 cm^-3,Volume density,
Effective_radius,um,Effective radius,
Extinction,km^-1,Extinction,
Bin01,cm^-3,particle concentration in size range [140 - 170 nm],
Bin02,cm^-3,particle concentration in size range [170 - 205 nm],
Bin03,cm^-3,particle concentration in size range [205 - 249 nm],
Bin04,cm^-3,particle concentration in size range [249 - 302 nm],
Bin05,cm^-3,particle concentration in size range [302 - 366 nm],
Bin06,cm^-3,particle concentration in size range [366 - 443 nm],
Bin07,cm^-3,particle concentration in size range [443 - 537 nm],
Bin08,cm^-3,particle concentration in size range [537 - 651 nm],
Bin09,cm^-3,particle concentration in size range [651 - 789 nm],
Bin10,cm^-3,particle concentration in size range [789 - 956 nm],
Bin11,cm^-3,particle concentration in size range [956 - 1159 nm],
Bin12,cm^-3,particle concentration in size range [1159 - 1404 nm],
Bin13,cm^-3,particle concentration in size range [1404 - 1702 nm],
Bin14,cm^-3,particle concentration in size range [1702 - 2062 nm],
Bin15,cm^-3,particle concentration in size range [2062 - 2500 nm],
0
19
PI_CONTACT_INFO: 325 Broadway R/CSL6, Boulder, CO 80305; troy.thornberry@noaa.gov; 303-497-3373 
PLATFORM: GML ECC/FPH balloon
LOCATION: Hilo, HI, USA
ASSOCIATED_DATA: N/A
INSTRUMENT_INFO: Printed Optical Particle Spectrometer counts particles from 140 - 2500 nm in diameter 
DATA_INFO: Particle concentrations reported in number per cubic centimeter, binned to 100 m altitude
UNCERTAINTY: Counting uncertainty dominated by air flow, less than 5 percent
ULOD_FLAG: -77777
ULOD_VALUE: 3000 ~3000 per cm3 (varies depending on flow rate- manufacturer quotes 1250  per cm3 at 1.667 cc/s)
LLOD_FLAG: -88888
LLOD_VALUE: 0 0 (varies depending on data field and measurement precision)
DM_CONTACT_INFO: Troy Thornberry, 325 Broadway R/CSL6, Boulder, CO 80305; troy.thornberry@noaa.gov; 303-497-3373
PROJECT_INFO: B2SAP Hilo, HI, USA
STIPULATIONS_ON_USE: Please contact the PIs for questions regarding applications and uncertainties
OTHER_COMMENTS: POPS bin Edges (nm):  140, 170, 205, 249, 302, 366, 443, 537, 651, 789, 956, 1159, 1404, 1702, 2062, 2500
Calculations assume sulfate refractive index of 1.45+0.00j and extinction wavelength = 532 nm
REVISION: R0
R0: QA/QC data
TIME_START,TIME_STOP,TIME_MID,GPSAlt,GPS_Lon,GPS_Lat,iMet_Pressure,iMet_Temperature,THETA,Aerosol_concentration,Surface_Area_Conc,Volume_density,Effective_radius,Extinction,Bin01,Bin02,Bin03,Bin04,Bin05,Bin06,Bin07,Bin08,Bin09,Bin10,Bin11,Bin12,Bin13,Bin14,Bin15
[from data line 343]
78021,78042,78032,12.2,-155.113,19.6052,207.054,-46.5409,355.371,0.522262,0.186878,15.2069,0.24412,0.000126084,0.20087,0.0803481,0.040174,0,0.0803481,0,0,0.120522,0,0,0,0,0,0,0
78048,78079,78064,12.1,-155.104,19.6049,210.453,-45.5567,355.263,0.46587,0.0683255,3.4505,0.151503,2.15928e-05,0.320286,0.0291169,0.0291169,0.0291169,0.0291169,0,0.0291169,0,0,0,0,0,0,0,0
78083,78110,78096,12,-155.095,19.6044,213.831,-44.8487,354.744,0.495556,0.0914099,5.24607,0.172172,3.663e-05,0.262353,0.0874511,0,0.0874511,0,0,0.0583007,0,0,0,0,0,0,0,0
78112,78141,78126,11.9,-155.086,19.6034,217.008,-44.0858,354.432,0.50418,0.108416,7.38839,0.204446,5.71636e-05,0.25209,0.0720257,0.108039,0,0,0,0.0360129,0.0360129,0,0,0,0,0,0,0
78148,78174,78161,11.8,-155.077,19.6019,220.676,-43.0089,354.401,0.576189,0.134182,11.2818,0.252235,8.42784e-05,0.288095,0.0960315,0.0960315,0.0480158,0,0,0,0,0.0480158,0,0,0,0,0,0
78177,78204,78190,11.7,-155.069,19.6,224.005,-42.3427,353.914,0.857734,0.490055,81.0305,0.496049,0.000247903,0.467855,0.116964,0,0.116964,0.0389879,0,0,0.0389879,0,0,0.0389879,0.0389879,0,0,0
78205,78234,78220,11.6,-155.061,19.5978,227.186,-41.6809,353.494,0.699561,0.209012,17.0079,0.244118,0.000133077,0.272051,0.116593,0.077729,0.077729,0.0388645,0,0.0388645,0.0388645,0.0388645,0,0,0,0,0,0
78235,78265,78250,11.5,-155.053,19.595,230.682,-40.8767,353.178,0.51194,0.136254,10.5979,0.233342,8.6588e-05,0.227529,0.170647,0,0,0.0284411,0,0,0.0853233,0,0,0,0,0,0,0
78267,78294,78280,11.4,-155.044,19.5918,234.067,-40.1114,352.873,0.700572,0.159693,9.98627,0.187603,7.13788e-05,0.243677,0.152298,0.121839,0,0.0609193,0.0609193,0.0304597,0.0304597,0,0,0,0,0,0,0
78297,78326,78312,11.3,-155.036,19.5881,237.688,-39.5187,352.226,0.687158,0.14896,9.80836,0.197536,7.52874e-05,0.370008,0.105717,0.0528583,0.0264291,0.0264291,0,0.0792874,0.0264291,0,0,0,0,0,0,0
78329,78357,78343,11.2,-155.027,19.5839,241.129,-39.0919,351.417,0.978148,0.273493,22.136,0.242814,0.000171846,0.449419,0.158619,0.0793093,0.0793093,0.0528729,0.0264364,0.0264364,0.0528729,0.0528729,0,0,0,0,0,0
78358,78388,78373,11.1,-155.018,19.5793,244.622,-38.8421,350.348,0.863392,0.18122,11.6838,0.193419,8.45972e-05,0.309936,0.265659,0.110691,0.0221383,0.0442765,0.0442765,0,0.0664148,0,0,0,0,0,0,0
78389,78423,78406,11,-155.009,19.5742,248.363,-38.074,349.98,0.774257,0.110389,6.03465,0.164001,4.02159e-05,0.523146,0.125555,0.0418517,0.0209259,0,0.0209259,0.0209259,0.0209259,0,0,0,0,0,0,0
78424,78458,78441,10.9,-154.999,19.5686,252.081,-37.5505,349.277,1.05878,0.141878,6.85212,0.144887,3.9828e-05,0.559356,0.239724,0.179793,0,0.039954,0,0.019977,0.019977,0,0,0,0,0,0,0
78459,78490,78474,10.8,-154.99,19.5624,255.782,-37.0046,348.621,3.08451,0.351752,14.7319,0.125645,7.12747e-05,1.92782,0.642606,0.192782,0.224912,0.0321303,0,0.0321303,0.0321303,0,0,0,0,0,0,0
78493,78523,78508,10.7,-154.982,19.5565,259.443,-36.6673,347.709,5.36356,0.702741,37.2656,0.159087,0.00018271,3.00512,1.17922,0.64667,0.114118,0.266276,0.114118,0,0,0,0.0380394,0,0,0,0,0
78527,78556,78542,10.6,-154.974,19.551,263.26,-35.9169,347.363,6.88339,0.888349,50.298,0.169859,0.000250587,3.88784,1.81645,0.573616,0.25494,0.159338,0.12747,0,0,0,0.0637351,0,0,0,0,0
78557,78589,78573,10.5,-154.967,19.5459,267.076,-35.1907,346.998,8.17997,1.0995,68.3632,0.18653,0.000264682,4.54751,2.05192,0.748675,0.388202,0.22183,0.0831861,0.0554574,0.0277287,0.0277287,0,0,0.0277287,0,0,0
78593,78622,78608,10.4,-154.96,19.5411,271.273,-35.6321,344.807,3.04436,0.34235,13.7036,0.120084,6.0789e-05,1.77341,0.709365,0.354683,0.0591138,0.0886707,0.0295569,0,0.0295569,0,0,0,0,0,0,0
78626,78653,78640,10.3,-154.954,19.537,275.323,-35.07,344.166,2.29052,0.296486,13.8174,0.139811,7.67079e-05,1.35349,0.485868,0.138819,0.138819,0.104115,0,0.0347049,0.0347049,0,0,0,0,0,0,0
78654,78683,78668,10.2,-154.948,19.5336,278.939,-34.2158,344.119,2.55185,0.251308,8.3804,0.100041,2.50626e-05,1.65525,0.517266,0.241391,0.0689688,0.0344844,0.0344844,0,0,0,0,0,0,0,0,0
78686,78716,78701,10.1,-154.942,19.5299,283.016,-33.3575,343.927,2.87825,0.353807,17.6515,0.149671,9.90344e-05,1.91883,0.479708,0.171324,0.171324,0.0685297,0,0.0342649,0,0.0342649,0,0,0,0,0,0
78717,78748,78732,10,-154.937,19.5268,286.972,-32.715,343.476,2.02188,0.204477,6.74696,0.0989884,1.87103e-05,1.26796,0.342692,0.274154,0.0685384,0.0685384,0,0,0,0,0,0,0,0,0,0
78750,78777,78764,9.9,-154.931,19.5235,291.08,-32.065,343.012,1.59594,0.179197,7.34339,0.122938,3.6165e-05,0.978156,0.308891,0.25741,0,0,0,0.0514819,0,0,0,0,0,0,0,0
78782,78809,78796,9.8,-154.925,19.5201,295.495,-31.386,342.505,1.47475,0.243498,20.688,0.254885,0.000122251,1.14703,0.0819308,0.122896,0.0409654,0,0.0409654,0,0,0,0.0409654,0,0,0,0,0
78816,78839,78828,9.7,-154.921,19.5169,299.364,-30.8843,341.945,1.2842,0.151133,6.75585,0.134104,3.81386e-05,0.817221,0.350237,0,0.0583729,0,0,0.0583729,0,0,0,0,0,0,0,0
78844,78875,78860,9.6,-154.916,19.513,303.716,-30.2007,341.489,1.04275,0.0926392,2.76094,0.0894096,5.60657e-06,0.753098,0.173792,0.0579306,0.0579306,0,0,0,0,0,0,0,0,0,0,0
78879,78912,78896,9.5,-154.91,19.5084,308.496,-29.6938,340.682,1.00685,0.181451,14.3976,0.238041,8.43677e-05,0.629284,0.100685,0.125857,0.0755141,0,0.0503427,0,0,0,0.0251714,0,0,0,0,0
78914,78943,78928,9.4,-154.906,19.5042,312.992,-29.2536,339.893,1.6648,0.238981,12.0825,0.151676,7.18055e-05,1.10986,0.184977,0.0369955,0.147982,0.073991,0.073991,0,0.0369955,0,0,0,0,0,0,0
78945,78974,78960,9.3,-154.902,19.5006,317.056,-28.7546,339.338,1.2408,0.124099,4.13801,0.100033,1.22982e-05,0.806523,0.248161,0.0930603,0.0310201,0.0620402,0,0,0,0,0,0,0,0,0,0
78977,79010,78994,9.2,-154.898,19.497,321.45,-28.0079,339.03,1.43188,0.201575,10.6786,0.158927,7.00807e-05,0.859129,0.372289,0.0572753,0,0.0572753,0,0.0572753,0.0286376,0,0,0,0,0,0,0
79012,79042,79027,9.1,-154.894,19.4932,326.287,-27.3857,338.445,1.19688,0.174835,10.9434,0.187778,7.444e-05,0.826416,0.19948,0.0854913,0,0,0.0284971,0.0284971,0,0.0284971,0,0,0,0,0,0
79044,79075,79060,9,-154.89,19.49,330.717,-26.5247,338.328,1.46099,0.16572,6.28887,0.113846,2.46872e-05,0.850033,0.345326,0.106254,0.0796906,0.0265635,0.0531271,0,0,0,0,0,0,0,0,0
79077,79110,79094,8.9,-154.887,19.4865,335.384,-25.5975,338.246,1.42588,0.178224,8.69756,0.146404,5.23099e-05,1.00062,0.225139,0.0750463,0.0250154,0.0250154,0.0250154,0.0250154,0.0250154,0,0,0,0,0,0,0
79112,79143,79128,8.8,-154.883,19.4835,339.839,-24.8671,337.963,1.70058,0.197757,10.4101,0.157924,6.07114e-05,1.1904,0.368458,0.0566859,0.0283429,0,0.0283429,0,0,0.0283429,0,0,0,0,0,0
79145,79175,79160,8.7,-154.879,19.4805,344.773,-24.1685,337.518,2.92308,0.252528,7.32233,0.0869882,1.36202e-05,2.10097,0.548078,0.182693,0.0913463,0,0,0,0,0,0,0,0,0,0,0
79179,79210,79194,8.6,-154.876,19.4782,349.337,-23.6177,336.999,2.74072,0.294495,12.0767,0.123024,5.72993e-05,1.88805,0.517691,0.152262,0.0913572,0,0.0609048,0,0.0304524,0,0,0,0,0,0,0
79212,79243,79228,8.5,-154.872,19.4757,354.363,-22.7929,336.739,3.10515,0.572726,57.3937,0.300634,0.00026008,2.20997,0.503538,0.167846,0.0279743,0.0279743,0,0.0559486,0.0279743,0.0279743,0.0279743,0,0.0279743,0,0,0
79245,79274,79260,8.4,-154.869,19.4733,359.239,-21.8936,336.633,4.43453,0.45457,17.3043,0.114202,7.27626e-05,3.08643,0.780478,0.319286,0.0709525,0.106429,0.0354763,0,0.0354763,0,0,0,0,0,0,0
79276,79306,79291,8.3,-154.866,19.4711,363.988,-21.0075,336.546,4.41155,0.418406,14.1479,0.101441,4.63199e-05,3.30049,0.686241,0.163391,0.130713,0.0326781,0.0980344,0,0,0,0,0,0,0,0,0
79308,79340,79324,8.2,-154.862,19.4685,369.083,-20.1879,336.304,2.96243,0.273025,9.18003,0.10087,3.15499e-05,2.24259,0.470667,0.138432,0.0276863,0.0553726,0,0.0276863,0,0,0,0,0,0,0,0
79342,79373,79358,8.1,-154.859,19.4659,373.999,-19.6114,335.802,3.67252,0.518349,27.2194,0.157535,0.000173541,2.39271,0.63991,0.139111,0.166933,0.0834665,0.0834665,0.0834665,0.0834665,0,0,0,0,0,0,0
79376,79406,79391,8,-154.856,19.4632,379.211,-19.1919,335.033,4.76363,0.554537,25.2241,0.13646,0.000133242,3.19187,0.870511,0.29017,0.145085,0.145085,0.0241809,0.0483617,0.0241809,0.0241809,0,0,0,0,0,0
79411,79440,79426,7.9,-154.854,19.4611,384.581,-18.6747,334.366,4.98001,0.666184,45.4354,0.204608,0.000188996,3.24386,1.09652,0.251285,0.137065,0.0913764,0.0228441,0.0456882,0.0685323,0,0,0.0228441,0,0,0,0
79442,79470,79456,7.8,-154.852,19.4593,389.426,-17.9071,334.172,5.26588,0.672393,38.7947,0.173089,0.000227007,3.77709,0.827101,0.22056,0.16542,0.0827101,0.02757,0.0827101,0.02757,0.02757,0.02757,0,0,0,0,0
79473,79504,79488,7.7,-154.85,19.4572,394.753,-17.0227,334.034,5.22955,0.585194,24.4625,0.125407,0.000120305,3.46073,1.0254,0.307621,0.15381,0.179445,0,0.0512701,0.0512701,0,0,0,0,0,0,0
79507,79538,79522,7.6,-154.848,19.4548,400.227,-16.1473,333.862,4.30796,0.463013,20.1573,0.130605,0.000109277,3.05891,0.917673,0.127455,0.0509818,0.0254909,0,0.0764727,0.0509818,0,0,0,0,0,0,0
79540,79572,79556,7.5,-154.846,19.452,405.632,-15.4456,333.495,5.52765,0.555148,21.0881,0.11396,8.90939e-05,3.9244,1.02896,0.263222,0.143575,0.0717877,0.0478585,0,0.0478585,0,0,0,0,0,0,0
79575,79606,79590,7.4,-154.844,19.4492,410.906,-14.6343,333.308,6.59178,0.867935,54.9867,0.190061,0.000320033,4.5404,1.28553,0.273518,0.191463,0.109407,0.0273518,0.0273518,0.0273518,0.0547036,0.0547036,0,0,0,0,0
79608,79642,79625,7.3,-154.841,19.4465,416.483,-13.6633,333.271,6.36221,0.743382,33.3848,0.134728,0.000174482,4.49394,0.934134,0.302962,0.201975,0.201975,0.126234,0.0504937,0.0252469,0.0252469,0,0,0,0,0,0
79644,79674,79659,7.2,-154.839,19.4439,422.066,-13.0331,332.815,5.65419,0.865691,62.4282,0.216341,0.000297607,3.62811,1.06016,0.376946,0.0942366,0.164914,0.141355,0.0706774,0.0471183,0.0471183,0,0,0.0235591,0,0,0
79677,79708,79692,7.1,-154.837,19.4416,427.74,-12.6156,332.082,4.41173,0.462114,18.9766,0.123194,8.57345e-05,2.98859,0.948759,0.260909,0.047438,0.047438,0.0948759,0,0,0.023719,0,0,0,0,0,0
79711,79741,79726,7,-154.835,19.4386,433.619,-12.072,331.482,2.96758,0.34114,16.0075,0.140771,8.6132e-05,2.13766,0.427532,0.176043,0.0754469,0.0502979,0.0502979,0.025149,0,0.025149,0,0,0,0,0,0
79744,79776,79760,6.9,-154.833,19.435,439.338,-11.7731,330.615,2.56162,0.311403,13.4652,0.129721,6.92958e-05,1.66937,0.402951,0.230258,0.0863466,0.0287822,0.0863466,0.0575644,0,0,0,0,0,0,0,0
79776,79806,79791,6.8,-154.831,19.4315,444.759,-11.25,330.117,4.39605,0.54764,30.7164,0.168266,0.000192088,3.18981,0.804155,0.0804155,0.107221,0.0536103,0.0268052,0.0536103,0,0.0804155,0,0,0,0,0,0
79810,79839,79824,6.7,-154.829,19.4275,450.561,-10.587,329.731,5.28303,0.547526,24.3394,0.13336,0.000124408,3.63443,1.34886,0.112405,0.0374683,0.0749366,0,0,0.0374683,0.0374683,0,0,0,0,0,0
79844,79873,79858,6.6,-154.828,19.4231,456.993,-9.71923,329.487,5.91316,0.594105,25.5237,0.128885,0.000130026,4.59274,0.889844,0.229637,0.0574093,0.0287046,0,0.0574093,0.0287046,0.0287046,0,0,0,0,0,0
79875,79906,79890,6.5,-154.826,19.4193,462.766,-8.92462,329.3,5.09405,0.703058,54.4341,0.232274,0.000234057,3.72038,0.82993,0.200328,0.0572365,0.17171,0,0,0.0286183,0.0572365,0,0.0286183,0,0,0,0
79908,79940,79924,6.4,-154.825,19.4157,469.026,-8.08688,329.075,5.38617,0.637568,41.2819,0.194247,0.000125781,3.76103,1.04473,0.301811,0.0696488,0.0464325,0.116081,0.0232163,0,0,0,0,0.0232163,0,0,0
79942,79971,79956,6.3,-154.824,19.4127,474.606,-7.37588,328.84,5.69805,0.529177,17.5949,0.0997485,5.67835e-05,4.17567,1.04392,0.239231,0.0869931,0.0652449,0.0652449,0.0217483,0,0,0,0,0,0,0,0
79975,80004,79990,6.2,-154.822,19.4097,480.876,-6.538,328.644,6.04711,0.671387,30.5053,0.136309,0.000165567,4.34405,1.03665,0.296185,0.0987283,0.12341,0,0.0740463,0.0493642,0.0246821,0,0,0,0,0,0
80005,80034,80020,6.1,-154.821,19.4069,487.081,-5.51611,328.7,6.3299,0.599168,20.3325,0.101804,6.90239e-05,4.57951,1.20085,0.203534,0.162827,0.101767,0.0407067,0.0407067,0,0,0,0,0,0,0,0
80035,80063,80049,6,-154.82,19.4043,493.393,-4.75158,328.43,5.80887,0.59488,33.088,0.166864,8.806e-05,4.25984,1.08432,0.309806,0.0387258,0.0580887,0.0387258,0,0,0,0,0.0193629,0,0,0,0
80065,80093,80079,5.9,-154.819,19.4019,499.903,-3.95316,328.178,6.05542,0.659506,29.8733,0.135889,0.000156508,4.32807,0.989828,0.388168,0.174675,0.0582252,0,0.0388168,0.0388168,0.0388168,0,0,0,0,0,0
80096,80121,80108,5.8,-154.818,19.3997,506.056,-3.195,327.944,5.05834,0.679355,40.0081,0.176674,0.000265229,3.65035,0.86044,0.13037,0.0782218,0.13037,0,0.0521479,0.0782218,0.0782218,0,0,0,0,0,0
80122,80150,80136,5.7,-154.817,19.3975,512.444,-2.40294,327.732,5.1419,0.553734,26.7657,0.14501,0.0001318,3.81357,0.835558,0.214246,0.149972,0,0.0428491,0.0428491,0.0214246,0,0.0214246,0,0,0,0,0
80152,80176,80164,5.6,-154.816,19.3955,519.165,-1.605,327.479,5.3557,0.504029,16.9119,0.10066,5.55785e-05,3.9033,0.938003,0.242065,0.121033,0.0907745,0.0302582,0.0302582,0,0,0,0,0,0,0,0
80178,80204,80191,5.5,-154.815,19.3936,525.513,-1.49467,326.479,5.47578,0.616808,44.28,0.215367,0.000106346,4.07049,0.920706,0.218062,0.193833,0.0242291,0,0.0242291,0,0,0,0,0,0.0242291,0,0
80205,80233,80219,5.4,-154.814,19.3917,532.456,-0.914737,325.953,5.02295,0.562713,26.3836,0.140659,0.000149616,3.69111,0.837159,0.228316,0.057079,0.0380527,0.0380527,0.057079,0.057079,0.0190263,0,0,0,0,0,0
80235,80259,80247,5.3,-154.813,19.3901,539.133,-0.308125,325.515,4.81757,0.594327,42.1326,0.212674,0.000151937,3.66946,0.742896,0.11256,0.067536,0.11256,0.022512,0.045024,0,0.022512,0,0,0.022512,0,0,0
80261,80285,80273,5.2,-154.813,19.3885,545.469,0.389375,325.255,5.82736,0.626216,26.3293,0.126135,0.000127903,4.22371,0.971227,0.180693,0.180693,0.112933,0.06776,0.06776,0,0.0225867,0,0,0,0,0,0
80289,80316,80302,5.1,-154.813,19.3866,552.491,1.13167,324.951,5.6004,0.53318,18.7765,0.105648,6.96194e-05,4.2003,0.920066,0.160011,0.14001,0.120009,0.0200014,0.0200014,0.0200014,0,0,0,0,0,0,0
80318,80342,80330,5,-154.813,19.3845,559.474,1.87,324.661,5.85573,0.644922,30.8982,0.14373,0.000155107,4.40777,0.809156,0.255523,0.127761,0.106468,0.0425872,0.0638807,0.0212936,0,0.0212936,0,0,0,0,0
80344,80368,80356,4.9,-154.813,19.3827,566.307,2.544,324.332,5.47289,0.601624,27.6585,0.137919,0.000143454,3.6726,1.17619,0.360058,0.0960156,0.0480078,0.0480078,0,0.0240039,0.0480078,0,0,0,0,0,0
80372,80394,80383,4.8,-154.813,19.3808,573.456,3.31,324.061,6.08817,0.712617,37.1819,0.15653,0.000198932,4.50881,0.789679,0.356629,0.152841,0.101894,0.050947,0.0764205,0,0.0254735,0.0254735,0,0,0,0,0
80396,80421,80408,4.7,-154.814,19.3789,580.429,3.94267,323.686,6.31386,0.61003,23.3409,0.114786,9.77372e-05,4.77154,1.03624,0.240987,0.0722961,0.0963947,0.0481974,0.0240987,0,0.0240987,0,0,0,0,0,0
80422,80446,80434,4.6,-154.814,19.3768,587.484,4.50667,323.229,5.23216,0.662441,36.5993,0.165748,0.000234854,3.83534,0.852298,0.213074,0.0236749,0.0710248,0.0710248,0,0.118375,0.0473499,0,0,0,0,0,0
80447,80472,80460,4.5,-154.815,19.3745,595.14,5.32533,322.988,6.64796,0.597386,19.4066,0.0974578,6.05603e-05,5.15749,1.04096,0.212924,0.0236582,0.141949,0.0473164,0.0236582,0,0,0,0,0,0,0,0
80473,80496,80484,4.4,-154.815,19.3725,602.803,6.00733,322.595,6.44284,0.689981,31.5066,0.136989,0.00016999,4.93243,1.03841,0.0944006,0.0944006,0.118001,0.0236002,0.0944006,0,0.0472003,0,0,0,0,0,0
80498,80522,80510,4.3,-154.816,19.3708,610.141,6.62462,322.188,7.50802,0.757036,32.3186,0.128073,0.000164283,5.86393,1.09606,0.246614,0.109606,0.0274015,0.0274015,0.0548031,0.0548031,0.0274015,0,0,0,0,0,0
80525,80533,80529,4.2,-154.816,19.3697,615.75,7.28,322.101,8.47643,0.738475,22.2844,0.0905285,5.18445e-05,6.28669,1.48338,0.494459,0.141274,0,0.070637,0,0,0,0,0,0,0,0,0
