api/src/app/data/B2SAP/Locations/Hawaii/NOAA-POPS-B2SAP_GMLBalloon_20240606_R0.ict
82,1001
Thornberry, T. D.
NOAA Chemical Sciences Laboratory
Portable Optical Particle Spectrometer (POPS)
Balloon Baseline Stratospheric Aerosol Profiles (B2SAP)
1,1
2024,06,06,2024,07,23
0
TIME_START,s,Seconds since midnight UTC on flight start day,Start time of 100 m altitude bin in UTC_seconds_since_midnight
49
1.0,1.0,1.0,1.0,1.0,1.0,1.0,1.0,1.0,1.0,1.0,1.0,1.0,1.0,1.0,1.0,1.0,1.0,1.0,1.0,1.0,1.0,1.0,1.0,1.0,1.0,1.0,1.0,1.0,1.0,1.0,1.0,1.0,1.0,1.0,1.0,1.0,1.0,1.0,1.0,1.0,1.0,1.0,1.0,1.0,1.0,1.0,1.0,1.0
99999,99999,99999,99999,99999,99999,99999,99999,99999,99999,99999,99999,99999,99999,99999,99999,99999,99999,99999,99999,99999,99999,99999,99999,99999,99999,99999,99999,99999,99999,99999,99999,99999,99999,99999,99999,99999,99999,99999,99999,99999,99999,99999,99999,99999,99999,99999,99999,99999
TIME_STOP,s,End time of 100 m altitude bin in UTC seconds since midnight,
TIME_MID,s,Mid time of 100 m altitude in UTC seconds since midnight,
GPSAlt,km,GPS reported altitude above sea level (km),
GPS_Lon,deg,GPS reported longitude,
GPS_Lat,deg,GPS reported latitude,
iMet_Pressure,hPa,Pressure reported (hPa),
iMet_Temperature,degrees C,Ambient temperature (oC),
THETA,K,Potential temperature from iMet,
Aerosol_concentration,cm^-3,Aerosol concentration,
Surface_Area_Conc,um^2 cm^-3,Surface area concentration,
Volume_density,um^3 cm^-3,Volume density,
Effective_radius,um,Effective radius,
Extinction,km^-1,Extinction,
Bin01,cm^-3,particle concentration in size range [140 - 146.14 nm],
Bin02,cm^-3,particle concentration in size range [146.14 - 152.56 nm],
Bin03,cm^-3,particle concentration in size range [152.56 - 159.25 nm],
Bin04,cm^-3,particle concentration in size range [159.25 - 166.24 nm],
Bin05,cm^-3,particle concentration in size range [166.24 - 173.54 nm],
Bin06,cm^-3,particle concentration in size range [173.54 - 181.16 nm],
Bin07,cm^-3,particle concentration in size range [181.16 - 189.11 nm],
Bin08,cm^-3,particle concentration in size range [189.11 - 197.41 nm],
Bin09,cm^-3,particle concentration in size range [197.41 - 206.07 nm],
Bin10,cm^-3,particle concentration in size range [206.07 - 215.12 nm],
Bin11,cm^-3,particle concentration in size range [215.12 - 224.56 nm],
Bin12,cm^-3,particle concentration in size range [224.56 - 234.41 nm],
Bin13,cm^-3,particle concentration in size range [234.41 - 244.70 nm],
Bin14,cm^-3,particle concentration in size range [244.70 - 361.30 nm],
Bin15,cm^-3,particle concentration in size range [361.30 - 472.80 nm],
Bin16,cm^-3,particle concentration in size range [472.80 - 567.00 nm],
Bin17,cm^-3,particle concentration in size range [567.00 - 610.66 nm],
Bin18,cm^-3,particle concentration in size range [610.66 - 657.69 nm],
Bin19,cm^-3,particle concentration in size range [657.69 - 708.33 nm],
Bin20,cm^-3,particle concentration in size range [708.33 - 762.88 nm],
Bin21,cm^-3,particle concentration in size range [762.88 - 821.62 nm],
Bin22,cm^-3,particle concentration in size range [821.62 - 884.89 nm],
Bin23,cm^-3,particle concentration in size range [884.89 - 953.03 nm],
Bin24,cm^-3,particle concentration in size range [953.03 - 1026.42 nm],
Bin25,cm^-3,particle concentration in size range [1026.42 - 1105.46 nm],
Bin26,cm^-3,particle concentration in size range [1105.46 - 1190.59 nm]],
[...]
LOCATION: Hilo, HI, USA
ASSOCIATED_DATA: N/A
INSTRUMENT_INFO: Printed Optical Particle Spectrometer counts particles from 140 - 2500 nm in diameter 
DATA_INFO: Particle concentrations reported in number per cubic centimeter, binned to 100 m altitude
UNCERTAINTY: Counting uncertainty dominated by air flow, less than 5 percent
ULOD_FLAG: -77777
ULOD_VALUE: 3000 ~3000 per cm3 (varies depending on flow rate- manufacturer quotes 1250  per cm3 at 1.667 cc/s)
LLOD_FLAG: -88888
LLOD_VALUE: 0 0 (varies depending on data field and measurement precision)
DM_CONTACT_INFO: Troy Thornberry, 325 Broadway R/CSL6, Boulder, CO 80305; troy.thornberry@noaa.gov; 303-497-3373
PROJECT_INFO: B2SAP Hilo, HI, USA
STIPULATIONS_ON_USE: Please contact the PIs for questions regarding applications and uncertainties
OTHER_COMMENTS: POPS bin Edges (nm):  140, 146.14, 152.56, 159.25, 166.24, 173.54, 181.16, 189.11, 197.41, 206.07, 215.12, 224.56, 234.41, 244.70, 361.30, 472.80, 567.00, 610.66, 657.69, 708.33, 762.88, 821.62, 884.89, 953.03, 1026.42, 1105.46, 1190.59, 1282.27, 1381.01, 1487.36, 1601.89, 1725.25, 1858.10, 2001.18, 2155.28, 2321.25, 2500
Calculations assume sulfate refractive index of 1.45+0.00j and extinction wavelength = 532 nm
REVISION: R0
R0: QA/QC data
TIME_START,TIME_STOP,TIME_MID,GPSAlt,GPS_Lon,GPS_Lat,iMet_Pressure,iMet_Temperature,THETA,Aerosol_concentration,Surface_Area_Conc,Volume_density,Effective_radius,Extinction,Bin01,Bin02,Bin03,Bin04,Bin05,Bin06,Bin07,Bin08,Bin09,Bin10,Bin11,Bin12,Bin13,Bin14,Bin15,Bin16,Bin17,Bin18,Bin19,Bin20,Bin21,Bin22,Bin23,Bin24,Bin25,Bin26,Bin27,Bin28,Bin29,Bin30,Bin31,Bin32,Bin33,Bin34,Bin35,Bin36
[from data line 42]
71093,71111,71102,4.2,-155.052,19.7378,623.568,1.04125,313.803,352.476,87.9549,5494.28,0.187401,0.0341022,19.2337,19.1397,15.5231,15.8284,16.7913,15.4762,15.711,15.7345,15.8519,13.9497,13.4095,13.9497,14.1845,93.538,33.8174,17.0261,1.24467,0.798467,0.469686,0.16439,0.117422,0.16439,0.187875,0,0.0469686,0,0.070453,0,0,0,0,0.0234843,0,0.0234843,0,0
71112,71130,71121,4.3,-155.052,19.7397,616.057,0.462308,314.227,295.784,73.1816,4687.35,0.192153,0.0288616,17.3567,16.2629,15.1979,14.7086,13.327,13.9314,13.6148,13.9026,12.6074,13.4133,11.0818,11.3121,11.4848,73.1976,27.3447,13.6148,1.09379,0.662031,0.662031,0.345407,0.115136,0.115136,0.172704,0.0287839,0.0287839,0.0863518,0.0575679,0,0,0,0,0,0,0.0575679,0,0
71131,71150,71140,4.4,-155.052,19.7416,608.813,-0.433333,314.259,272.418,66.9518,4131.61,0.18513,0.0256447,16.4674,15.1329,13.4459,12.1114,12.3884,11.9099,12.3128,12.2121,12.061,11.1294,10.7517,10.6258,10.8272,70.4273,25.4817,12.5394,1.1079,0.57913,0.327335,0.0251796,0.125898,0.0755387,0.151077,0,0.0251796,0.0503592,0.0503592,0.0251796,0.0251796,0,0,0,0.0251796,0,0,0
71152,71169,71160,4.5,-155.051,19.7443,600.154,-1.52643,314.285,273.548,69.0614,4511.23,0.195966,0.0272403,15.9425,14.7203,13.3623,13.0908,12.5204,11.8414,13.0364,12.7105,11.8957,11.4612,10.7007,10.239,9.34278,69.6635,27.1049,12.792,1.00489,0.787618,0.516026,0.190115,0.108637,0.135796,0.108637,0.0543185,0.0271592,0,0.0814777,0,0,0.0271592,0.0543185,0,0,0,0,0.0271592
71170,71190,71180,4.6,-155.051,19.746,593.258,-2.15412,314.594,241.121,59.0182,3586.37,0.182302,0.0229555,14.6006,13.9541,11.9702,11.1678,11.413,11.9256,10.5436,11.1232,9.80801,9.5851,9.16157,9.8303,9.80801,59.9403,22.1572,11.5021,0.913928,0.624146,0.579564,0.0668728,0.0891637,0.111455,0.133746,0,0,0,0.111455,0,0,0,0,0,0,0,0,0
71191,71210,71200,4.7,-155.052,19.7471,586.241,-1.53462,316.387,123.239,28.8536,1930.92,0.200763,0.0108764,9.01465,7.50251,7.0954,5.84498,6.28118,5.93222,6.04854,6.51381,4.50732,5.17615,4.9726,5.35063,3.95481,29.254,9.45084,5.00168,0.465272,0.174477,0.203557,0.116318,0.058159,0.0872385,0.0872385,0,0,0.0290795,0.058159,0,0.0290795,0,0,0.0290795,0,0,0,0
71212,71228,71220,4.8,-155.052,19.7477,579.013,-0.346154,318.9,44.7436,11.6519,1620.58,0.417251,0.00474363,4.3319,3.43063,3.1399,3.11083,2.99454,2.00605,2.58751,2.58751,1.59902,1.68624,1.42458,1.25015,1.30829,8.92546,2.41307,1.25015,0.116293,0.0872195,0.0581463,0.0290732,0.0290732,0,0.0290732,0,0,0,0.0872195,0.0581463,0,0.0290732,0,0.0872195,0,0.0872195,0,0
71230,71248,71239,4.9,-155.052,19.7479,571.628,1.20929,321.896,16.0103,3.13922,245.543,0.234653,0.00112817,1.88674,1.50939,1.50939,1.37462,1.159,1.05118,1.23986,0.566021,0.646881,0.592974,0.458207,0.485161,0.404301,1.88674,0.512114,0.431254,0.134767,0.0269534,0.0269534,0.0269534,0.0269534,0,0,0,0,0,0,0,0.0269534,0.0269534,0,0,0,0,0,0
71249,71268,71258,5,-155.052,19.748,564.904,1.42176,323.236,30.1376,7.23119,920.124,0.381731,0.00316774,4.0272,2.96508,2.21275,2.38977,2.56679,1.74807,1.48254,1.26127,1.3719,0.840845,0.951482,0.774462,0.597442,4.69103,1.10637,0.44255,0.0663825,0.0663825,0.0663825,0.044255,0.044255,0.08851,0.110637,0.044255,0,0.044255,0,0.0221275,0,0,0.0221275,0.0221275,0.0221275,0.0221275,0.0221275,0
71269,71287,71278,5.1,-155.052,19.7481,557.472,1.21,324.211,32.0056,7.0193,871.433,0.372445,0.00272338,4.03674,3.51773,3.02755,2.47971,2.16254,1.98954,1.49936,1.49936,1.26869,1.26869,0.951517,0.951517,0.893849,4.0079,1.26869,0.720846,0.0576677,0.0288338,0.115335,0.0288338,0,0.0288338,0.0288338,0,0,0,0.0288338,0,0.0288338,0.0288338,0,0.0288338,0.0288338,0,0.0288338,0
71288,71307,71298,5.2,-155.052,19.748,550.878,0.848667,324.888,29.4665,4.79982,278.931,0.174338,0.0013992,3.62314,3.67381,2.559,2.81236,2.43232,1.57087,1.64688,1.46952,1.14015,1.14015,0.810772,0.785435,0.810772,3.21775,1.0388,0.481396,0.0506732,0.0253366,0.101346,0,0,0,0.0253366,0,0,0,0.0506732,0,0,0,0,0,0,0,0,0
71310,71326,71318,5.3,-155.051,19.748,543.936,0.328235,325.448,34.7078,7.83416,1025.27,0.392614,0.00320629,4.63214,3.87858,2.94772,2.92556,2.72609,2.01686,1.68441,1.64009,1.35196,1.39629,1.086,0.642737,1.04168,4.52132,1.15249,0.46543,0.13298,0.13298,0.06649,0,0.0221633,0.0221633,0,0,0,0.0221633,0.0221633,0.0221633,0,0,0,0,0.110817,0,0.0443267,0
71327,71348,71338,5.4,-155.05,19.7481,537.531,-0.363,325.726,60.772,11.8738,1199.31,0.303014,0.00391616,7.12187,5.78062,4.70384,4.62827,4.32602,3.96709,4.04265,3.09811,2.73918,2.62584,1.94576,2.32358,1.81353,8.42534,1.75685,0.736745,0.170018,0.0755636,0.113345,0.0377818,0.0188909,0.0188909,0.0566727,0,0,0,0.0377818,0.0188909,0.0188909,0.0566727,0.0377818,0.0188909,0,0.0188909,0.0377818,0
71349,71368,71358,5.5,-155.049,19.7483,530.728,-0.70125,326.508,68.8385,14.734,1736.32,0.353533,0.00539683,7.67233,6.89329,5.57129,5.5949,5.33522,4.20207,4.39093,3.6355,2.71482,2.66761,2.28989,2.43154,1.983,9.25401,2.21907,0.920679,0.259679,0.118036,0.118036,0.0472143,0.0236072,0.0472143,0.0236072,0,0.0472143,0,0.0708215,0.0472143,0.0472143,0,0.0472143,0.0236072,0.0708215,0.0236072,0.0236072,0.0236072
71370,71388,71379,5.6,-155.049,19.7481,523.653,-1.478,326.827,73.895,16.1993,1832,0.339273,0.00584641,7.69845,7.59715,6.76147,5.34333,5.9511,4.55829,4.457,3.16548,3.2921,2.91224,2.659,2.32979,2.20317,9.775,3.1908,0.911658,0.126619,0.151943,0.0506477,0.0506477,0,0.0506477,0.0506477,0.0253238,0,0.0253238,0.253238,0.0759715,0,0.0506477,0.0506477,0.0253238,0.0253238,0.0506477,0.0253238,0
71390,71409,71400,5.7,-155.049,19.7479,517.767,-2.17933,327.038,82.0513,16.1036,1781.48,0.331878,0.00517146,9.27162,8.48632,7.14371,6.94105,6.38374,4.38249,4.43315,3.97717,4.02784,3.47053,2.81189,2.48257,2.12791,11.6782,2.68522,0.98796,0.151994,0,0.0759969,0.0253323,0.0253323,0.0506646,0.0759969,0,0,0,0.0759969,0.0253323,0.0253323,0.0253323,0.0759969,0.0506646,0.0253323,0,0,0.0506646
71410,71430,71420,5.8,-155.048,19.7481,510.838,-2.91667,327.406,65.3089,14.618,1832.4,0.376059,0.00544467,7.52183,6.27523,6.63442,5.40896,4.01446,3.76092,3.8243,3.27495,3.0848,2.59883,2.134,1.92272,1.75369,9.16987,1.90159,1.07757,0.147901,0.126772,0.126772,0.0211287,0,0,0.0633862,0.0211287,0,0.0422575,0.126772,0.0211287,0,0,0.105644,0,0,0.0633862,0.0422575,0.0422575
71431,71450,71440,5.9,-155.048,19.748,504.884,-3.43,327.881,53.0462,10.0959,1055.39,0.313609,0.0034366,6.80275,6.17216,4.89187,4.41415,3.8791,2.92366,2.94276,2.5797,2.33128,2.08287,1.81534,1.75802,1.39495,6.34414,1.43316,0.573266,0.0764354,0.0955443,0.0573266,0.0573266,0.0191089,0.0573266,0.0382177,0.0573266,0,0.0191089,0.0382177,0.0382177,0.0382177,0,0.0382177,0.0382177,0.0382177,0,0,0
71451,71472,71462,6,-155.048,19.7478,498.207,-4.26909,328.106,30.5371,6.28407,901.344,0.4303,0.00218662,4.0043,3.67351,2.73337,2.83783,2.45481,1.77582,1.94992,1.67136,1.35798,0.800859,1.07942,0.800859,0.731219,3.1338,0.887909,0.33079,0.01741,0.03482,0.01741,0,0,0,0.03482,0,0,0,0.01741,0.01741,0.05223,0,0.03482,0.03482,0,0.01741,0.03482,0
71473,71492,71482,6.1,-155.047,19.7473,492.351,-5.15214,328.135,27.0588,6.37818,1046,0.491989,0.00260952,3.96385,3.35826,2.53246,2.25719,2.31225,1.43139,1.45892,1.01849,0.880856,1.15612,0.770749,0.440428,0.660642,2.83526,0.908383,0.578062,0.0275268,0.0275268,0.0275268,0.0275268,0,0.0275268,0.0275268,0.0275268,0.0275268,0,0.137634,0.0275268,0,0,0,0.0825803,0,0.0275268,0,0
71493,71510,71502,6.2,-155.047,19.747,486.063,-6.11333,328.163,23.0463,3.69308,257.61,0.209264,0.00111562,3.48925,3.4031,2.28309,2.02463,1.63693,1.46462,1.5077,0.77539,0.883083,0.624619,0.753851,0.538465,0.452311,2.1754,0.538465,0.172309,0.0646158,0.0430772,0.0430772,0.0430772,0.0430772,0,0.0215386,0,0,0,0.0215386,0.0215386,0,0.0215386,0,0,0,0,0,0
71512,71530,71521,6.3,-155.046,19.7466,479.749,-7.10286,328.171,20.7223,3.32872,262.759,0.236811,0.00106502,3.23268,2.68008,2.37616,1.54727,1.43675,1.54727,1.40912,0.746003,0.580224,0.690743,0.690743,0.635484,0.442076,1.71304,0.607854,0.193408,0.0552595,0.0276297,0,0,0,0,0.0552595,0.0276297,0,0,0,0,0,0,0,0,0.0276297,0,0,0
71531,71551,71541,6.4,-155.045,19.7463,473.833,-8,328.223,20.1675,3.07438,170.368,0.166247,0.000905739,3.49301,2.94148,1.82004,1.58104,1.34205,1.54428,1.19498,0.716985,0.60668,0.514759,0.386069,0.551527,0.349301,2.07742,0.47799,0.386069,0.0551527,0.0551527,0.0183842,0,0,0.0183842,0.0183842,0,0,0,0.0183842,0,0,0,0,0,0,0,0,0
71552,71573,71562,6.5,-155.045,19.7461,467.573,-8.925,328.325,18.4782,2.68082,154.821,0.173254,0.000706077,3.18322,2.40682,2.11568,1.61102,1.47515,0.873444,0.834624,0.951084,0.679345,0.601706,0.524067,0.446427,0.388197,1.64984,0.407607,0.155279,0.0776395,0.0194099,0.0194099,0,0,0,0.0388197,0,0,0,0,0,0.0194099,0,0,0,0,0,0,0
71574,71590,71582,6.6,-155.044,19.7456,462.046,-9.74286,328.423,18.4238,2.50615,111.818,0.133853,0.000570624,3.15438,2.28902,2.14945,1.70281,1.36783,0.753702,0.725787,1.00494,0.893276,0.530383,0.530383,0.502468,0.390808,1.64698,0.390808,0.390808,0,0,0,0,0,0,0,0,0,0,0,0,0,0,0,0,0,0,0,0
71593,71612,71602,6.7,-155.043,19.7455,455.471,-10.6576,328.625,18.4903,3.05208,207.698,0.204154,0.000960445,2.99781,2.7232,1.80784,1.48746,1.18997,0.915363,0.915363,0.800942,0.594986,0.549218,0.640754,0.411913,0.366145,2.05957,0.526334,0.297493,0.0915363,0.0228841,0,0.0228841,0,0,0.0228841,0.0228841,0,0,0,0,0,0,0.0228841,0,0,0,0,0
71613,71630,71622,6.8,-155.043,19.7451,449.858,-11.3417,328.931,17.1788,2.81792,188.968,0.201178,0.000931251,2.69642,2.71816,2.02231,1.56566,1.41344,1.08727,0.652359,0.652359,0.456651,0.413161,0.304434,0.217453,0.347925,1.60915,0.500142,0.282689,0.0434906,0.0652359,0.0217453,0,0.0217453,0,0.0217453,0,0.0217453,0,0.0434906,0,0,0,0,0,0,0,0,0
71631,71649,71640,6.9,-155.042,19.7446,444.205,-12.1332,329.124,10.5548,1.66747,181.869,0.327206,0.000509499,1.63176,1.6111,1.34259,0.991447,1.0121,0.557689,0.702275,0.392448,0.392448,0.268517,0.185896,0.123931,0.103276,0.908827,0.144586,0.123931,0.0206552,0,0,0,0,0.0206552,0,0,0,0,0,0,0,0,0,0,0,0,0.0206552,0
71650,71668,71659,7,-155.041,19.7442,438.471,-12.5021,329.881,8.01139,0.942845,39.0841,0.12436,0.000175938,1.56924,1.11499,0.867213,0.867213,0.516198,0.536846,0.371663,0.536846,0.289071,0.227127,0.185831,0.165183,0.0619438,0.557494,0.0619438,0.0412958,0.0206479,0,0,0.0206479,0,0,0,0,0,0,0,0,0,0,0,0,0,0,0,0
71669,71689,71679,7.1,-155.041,19.7434,432.728,-12.749,330.813,8.01196,0.924951,35.0506,0.113684,0.000135113,1.55372,1.19805,0.842379,0.842379,0.561586,0.486708,0.41183,0.336952,0.205915,0.318232,0.112317,0.131037,0.205915,0.673903,0.0935977,0.0374391,0,0,0,0,0,0,0,0,0,0,0,0,0,0,0,0,0,0,0,0
71690,71707,71698,7.2,-155.041,19.7421,427,-13.2761,331.402,13.4842,2.03505,106.968,0.157689,0.000611684,1.82576,1.84776,1.62779,1.31983,0.967874,0.7699,0.747903,0.417946,0.527931,0.351954,0.351954,0.505934,0.263966,1.27583,0.263966,0.30796,0.0219971,0.0219971,0.0219971,0,0.0219971,0,0.0219971,0,0,0,0,0,0,0,0,0,0,0,0,0
71708,71726,71717,7.3,-155.042,19.7412,421.454,-13.5205,332.329,17.7415,2.85329,157.574,0.165676,0.000797226,2.67679,1.88828,1.70152,1.49402,1.28652,1.14127,0.72626,0.643259,0.788511,0.68476,0.560258,0.352755,0.518757,2.24103,0.664009,0.249004,0.0622509,0,0,0.0207503,0,0,0.0207503,0,0,0,0.0207503,0,0,0,0,0,0,0,0,0
71727,71744,71736,7.4,-155.042,19.7406,415.982,-13.7828,333.236,9.22873,1.7536,192.927,0.330053,0.000632358,1.29334,1.05221,0.986444,0.811076,0.767234,0.67955,0.482261,0.284973,0.306894,0.394577,0.197289,0.328815,0.284973,0.920681,0.197289,0.131526,0.021921,0,0.021921,0,0,0,0.021921,0,0,0,0.021921,0,0,0,0,0,0,0.021921,0,0
71745,71763,71754,7.5,-155.043,19.7403,410.447,-14.4732,333.624,9.04196,1.40309,77.7442,0.166228,0.000436133,1.17756,1.19859,0.925224,0.757001,0.714946,0.651862,0.525695,0.567751,0.357473,0.273362,0.147195,0.231306,0.105139,0.925224,0.294389,0.0841113,0.0210278,0.0210278,0,0,0.0210278,0.0210278,0.0210278,0,0,0,0,0,0,0,0,0,0,0,0,0
71764,71781,71772,7.6,-155.043,19.7398,405.104,-15.2972,333.809,9.59119,1.53284,102.006,0.19964,0.000447134,1.32903,1.32903,1.10753,0.863872,0.708818,0.509463,0.509463,0.39871,0.443011,0.42086,0.287957,0.110753,0.132903,0.952474,0.265807,0.0664517,0.0664517,0.0443011,0.0221506,0,0,0,0,0,0,0,0,0,0.0221506,0,0,0,0,0,0,0
71782,71799,71790,7.7,-155.044,19.7396,400.118,-16.05,334.011,10.6009,1.52226,81.3884,0.160396,0.00042053,1.93143,1.62415,0.921818,0.943766,0.877922,0.504805,0.460909,0.592597,0.263376,0.417013,0.175584,0.175584,0.241428,1.05351,0.197532,0.153636,0,0.021948,0,0,0,0,0.021948,0.021948,0,0,0,0,0,0,0,0,0,0,0,0
71800,71819,71810,7.8,-155.044,19.7391,394.675,-16.877,334.245,11.8682,1.88178,116.459,0.185663,0.000554535,1.87498,1.4561,1.4561,0.977382,0.897596,0.738024,0.797863,0.438825,0.378985,0.239359,0.339092,0.299199,0.199466,1.05717,0.398932,0.219412,0.0398932,0.0199466,0,0,0,0,0,0,0,0.0199466,0.0199466,0,0,0,0,0,0,0,0,0
71820,71840,71830,7.9,-155.044,19.7386,389.44,-17.7024,334.441,11.2057,1.58289,85.582,0.162201,0.000386257,1.8517,1.8517,1.08811,1.20265,0.954485,0.668139,0.61087,0.381794,0.286345,0.171807,0.152718,0.209987,0.229076,0.992664,0.381794,0.133628,0,0,0.0190897,0,0,0,0,0,0,0,0.0190897,0,0,0,0,0,0,0,0,0
71841,71860,71850,8,-155.044,19.7376,384.149,-18.5858,334.59,10.1483,1.46998,83.0206,0.169432,0.000471415,2.41021,1.31082,1.16282,0.887973,0.613125,0.528556,0.549698,0.317133,0.401702,0.253707,0.169138,0.19028,0.147996,0.634267,0.359418,0.0845689,0.0211422,0.0211422,0.0211422,0,0.0211422,0,0.0422844,0,0,0,0,0,0,0,0,0,0,0,0,0
71861,71880,71870,8.1,-155.045,19.7369,379.313,-19.3361,334.814,9.05228,1.25084,69.6685,0.167092,0.000322278,1.88216,1.20996,0.985892,0.739419,0.873859,0.492946,0.3361,0.425726,0.291286,0.179253,0.26888,0.246473,0.0448133,0.717013,0.224066,0.0896266,0,0,0,0,0.0224066,0,0,0,0,0.0224066,0,0,0,0,0,0,0,0,0,0
71881,71901,71891,8.2,-155.046,19.7359,374.12,-20.0162,335.235,8.18857,1.00881,44.9748,0.133745,0.00020015,1.73814,1.15876,0.830445,0.753194,0.675943,0.540755,0.444191,0.309003,0.28969,0.115876,0.173814,0.135189,0.0772507,0.753194,0.135189,0.0386253,0,0,0,0,0,0,0.0193127,0,0,0,0,0,0,0,0,0,0,0,0,0
71902,71920,71911,8.3,-155.046,19.7351,369.222,-20.5816,335.748,7.90744,1.23249,85.3211,0.207679,0.000429708,1.66248,1.30014,0.745985,0.703357,0.426277,0.447591,0.618102,0.27708,0.255766,0.170511,0.106569,0.170511,0.170511,0.490218,0.106569,0.106569,0,0.0852554,0,0,0,0.0213138,0.0213138,0,0,0,0.0213138,0,0,0,0,0,0,0,0,0
71921,71940,71930,8.4,-155.047,19.7342,364.346,-21.3615,335.984,6.94267,0.96517,66.1257,0.205536,0.000253016,1.33591,0.991809,0.870363,0.526266,0.667953,0.465543,0.344097,0.303615,0.303615,0.121446,0.161928,0.161928,0.121446,0.40482,0.040482,0.060723,0,0,0,0.020241,0,0,0.020241,0,0,0,0,0.020241,0,0,0,0,0,0,0,0
71941,71958,71950,8.5,-155.047,19.7336,359.182,-22.0656,336.414,6.5918,0.832027,38.5986,0.139173,0.000187896,1.42709,0.860785,0.724872,0.543654,0.543654,0.362436,0.317131,0.294479,0.271827,0.0906089,0.226522,0.158566,0.158566,0.40774,0.113261,0.0679567,0,0,0,0,0,0.0226522,0,0,0,0,0,0,0,0,0,0,0,0,0,0
71959,71978,71968,8.6,-155.047,19.7327,354.572,-22.5825,336.961,8.08874,1.1327,66.1155,0.175109,0.000284002,1.56885,1.01873,0.774238,0.733488,0.937235,0.427868,0.488992,0.387119,0.203747,0.244496,0.162997,0.142623,0.122248,0.529741,0.183372,0.122248,0,0,0.0203747,0,0,0,0,0,0,0,0.0203747,0,0,0,0,0,0,0,0,0
71979,71997,71988,8.7,-155.048,19.7317,349.634,-23.12,337.589,6.08368,0.737088,32.1463,0.130838,0.000157402,1.17818,1.11391,0.899699,0.471271,0.428428,0.278478,0.321321,0.107107,0.171371,0.14995,0.192793,0.0856856,0.0856856,0.428428,0.107107,0,0.0428428,0,0.0214214,0,0,0,0,0,0,0,0,0,0,0,0,0,0,0,0,0
