api/src/app/data/B2SAP/Locations/Hawaii/NOAA-POPS-B2SAP_GMLBalloon_20240606_R0.ict
82,1001
Thornberry, T. D.
NOAA Chemical Sciences Laboratory
Portable Optical Particle Spectrometer (POPS)
Balloon Baseline Stratospheric Aerosol Profiles (B2SAP)
1,1
2024,06,06,2024,07,23
0
TIME_START,s,Seconds since midnight UTC on flight start day,Start time of 100 m altitude bin in UTC_seconds_since_midnight
49
1.0,1.0,1.0,1.0,1.0,1.0,1.0,1.0,1.0,1.0,1.0,1.0,1.0,1.0,1.0,1.0,1.0,1.0,1.0,1.0,1.0,1.0,1.0,1.0,1.0,1.0,1.0,1.0,1.0,1.0,1.0,1.0,1.0,1.0,1.0,1.0,1.0,1.0,1.0,1.0,1.0,1.0,1.0,1.0,1.0,1.0,1.0,1.0,1.0
99999,99999,99999,99999,99999,99999,99999,99999,99999,99999,99999,99999,99999,99999,99999,99999,99999,99999,99999,99999,99999,99999,99999,99999,99999,99999,99999,99999,99999,99999,99999,99999,99999,99999,99999,99999,99999,99999,99999,99999,99999,99999,99999,99999,99999,99999,99999,99999,99999
TIME_STOP,s,End time of 100 m altitude bin in UTC seconds since midnight,
TIME_MID,s,Mid time of 100 m altitude in UTC seconds since midnight,
GPSAlt,km,GPS reported altitude above sea level (km),
GPS_Lon,deg,GPS reported longitude,
GPS_Lat,deg,GPS reported latitude,
iMet_Pressure,hPa,Pressure reported (hPa),
iMet_Temperature,degrees C,Ambient temperature (oC),
THETA,K,Potential temperature from iMet,
Aerosol_concentration,cm^-3,Aerosol concentration,
Surface_Area_Conc,um^2 cm^-3,Surface area concentration,
Volume_density,um^3 cm^-3,Volume density,
Effective_radius,um,Effective radius,
Extinction,km^-1,Extinction,
Bin01,cm^-3,particle concentration in size range [140 - 146.14 nm],
Bin02,cm^-3,particle concentration in size range [146.14 - 152.56 nm],
Bin03,cm^-3,particle concentration in size range [152.56 - 159.25 nm],
Bin04,cm^-3,particle concentration in size range [159.25 - 166.24 nm],
Bin05,cm^-3,particle concentration in size range [166.24 - 173.54 nm],
Bin06,cm^-3,particle concentration in size range [173.54 - 181.16 nm],
Bin07,cm^-3,particle concentration in size range [181.16 - 189.11 nm],
Bin08,cm^-3,particle concentration in size range [189.11 - 197.41 nm],
Bin09,cm^-3,particle concentration in size range [197.41 - 206.07 nm],
Bin10,cm^-3,particle concentration in size range [206.07 - 215.12 nm],
Bin11,cm^-3,particle concentration in size range [215.12 - 224.56 nm],
Bin12,cm^-3,particle concentration in size range [224.56 - 234.41 nm],
Bin13,cm^-3,particle concentration in size range [234.41 - 244.70 nm],
Bin14,cm^-3,particle concentration in size range [244.70 - 361.30 nm],
Bin15,cm^-3,particle concentration in size range [361.30 - 472.80 nm],
Bin16,cm^-3,particle concentration in size range [472.80 - 567.00 nm],
Bin17,cm^-3,particle concentration in size range [567.00 - 610.66 nm],
Bin18,cm^-3,particle concentration in size range [610.66 - 657.69 nm],
Bin19,cm^-3,particle concentration in size range [657.69 - 708.33 nm],
Bin20,cm^-3,particle concentration in size range [708.33 - 762.88 nm],
Bin21,cm^-3,particle concentration in size range [762.88 - 821.62 nm],
Bin22,cm^-3,particle concentration in size range [821.62 - 884.89 nm],
Bin23,cm^-3,particle concentration in size range [884.89 - 953.03 nm],
Bin24,cm^-3,particle concentration in size range [953.03 - 1026.42 nm],
Bin25,cm^-3,particle concentration in size range [1026.42 - 1105.46 nm],
Bin26,cm^-3,particle concentration in size range [1105.46 - 1190.59 nm]],
[...]
LOCATION: Hilo, HI, USA
ASSOCIATED_DATA: N/A
INSTRUMENT_INFO: Printed Optical Particle Spectrometer counts particles from 140 - 2500 nm in diameter 
DATA_INFO: Particle concentrations reported in number per cubic centimeter, binned to 100 m altitude
UNCERTAINTY: Counting uncertainty dominated by air flow, less than 5 percent
ULOD_FLAG: -77777
ULOD_VALUE: 3000 ~3000 per cm3 (varies depending on flow rate- manufacturer quotes 1250  per cm3 at 1.667 cc/s)
LLOD_FLAG: -88888
LLOD_VALUE: 0 0 (varies depending on data field and measurement precision)
DM_CONTACT_INFO: Troy Thornberry, 325 Broadway R/CSL6, Boulder, CO 80305; troy.thornberry@noaa.gov; 303-497-3373
PROJECT_INFO: B2SAP Hilo, HI, USA
STIPULATIONS_ON_USE: Please contact the PIs for questions regarding applications and uncertainties
OTHER_COMMENTS: POPS bin Edges (nm):  140, 146.14, 152.56, 159.25, 166.24, 173.54, 181.16, 189.11, 197.41, 206.07, 215.12, 224.56, 234.41, 244.70, 361.30, 472.80, 567.00, 610.66, 657.69, 708.33, 762.88, 821.62, 884.89, 953.03, 1026.42, 1105.46, 1190.59, 1282.27, 1381.01, 1487.36, 1601.89, 1725.25, 1858.10, 2001.18, 2155.28, 2321.25, 2500
Calculations assume sulfate refractive index of 1.45+0.00j and extinction wavelength = 532 nm
REVISION: R0
R0: QA/QC data
TIME_START,TIME_STOP,TIME_MID,GPSAlt,GPS_Lon,GPS_Lat,iMet_Pressure,iMet_Temperature,THETA,Aerosol_concentration,Surface_Area_Conc,Volume_density,Effective_radius,Extinction,Bin01,Bin02,Bin03,Bin04,Bin05,Bin06,Bin07,Bin08,Bin09,Bin10,Bin11,Bin12,Bin13,Bin14,Bin15,Bin16,Bin17,Bin18,Bin19,Bin20,Bin21,Bin22,Bin23,Bin24,Bin25,Bin26,Bin27,Bin28,Bin29,Bin30,Bin31,Bin32,Bin33,Bin34,Bin35,Bin36
[from data line 289]
75562,75585,75574,28.9,-155.353,19.6634,15.2987,-42.2452,762.262,0.721211,0.160017,9.69956,0.181847,6.82497e-05,0.051515,0.0686867,0.0343434,0.051515,0.10303,0,0.051515,0,0.051515,0.0343434,0.0343434,0.0171717,0.0171717,0.120202,0,0.0858584,0,0,0,0,0,0,0,0,0,0,0,0,0,0,0,0,0,0,0,0
75586,75610,75598,29,-155.355,19.6649,15.0643,-41.02,769.695,0.653395,0.146008,8.30234,0.170587,5.36947e-05,0.085973,0.0171946,0.0343892,0.0515838,0.0515838,0,0.0515838,0,0.0343892,0.0515838,0,0.0171946,0.0343892,0.120362,0.0687784,0.0343892,0,0,0,0,0,0,0,0,0,0,0,0,0,0,0,0,0,0,0,0
75611,75640,75626,29.1,-155.357,19.6657,14.8777,-40.5007,774.171,0.747992,0.236872,17.0481,0.215915,0.000132411,0.040071,0.026714,0.040071,0.080142,0.053428,0.080142,0.026714,0,0.040071,0,0,0.026714,0.026714,0.0934991,0.106856,0.066785,0,0.040071,0,0,0,0,0,0,0,0,0,0,0,0,0,0,0,0,0,0
75641,75705,75673,29.2,-155.36,19.6656,14.679,-38.8886,782.533,0.746718,0.19511,13.1345,0.201955,9.57753e-05,0.0642338,0.0802922,0.0481753,0.0240877,0.0401461,0.0160584,0.0562046,0.0481753,0,0.0642338,0.00802922,0.0240877,0.0321169,0.0883215,0.0802922,0.0481753,0.00802922,0.00802922,0,0.00802922,0,0,0,0,0,0,0,0,0,0,0,0,0,0,0,0
75684,75720,75702,29.2,-155.363,19.6651,14.7019,-36.6252,789.743,0.826095,0.320349,34.8933,0.326768,0.000164874,0.0442551,0.0885102,0.0442551,0.0295034,0.0295034,0.0295034,0.0737585,0.0590068,0.0295034,0.0295034,0,0.0147517,0.0295034,0.118014,0.0737585,0.0885102,0.0147517,0,0.0147517,0,0,0,0,0,0,0,0,0.0147517,0,0,0,0,0,0,0,0
75721,75747,75734,29.1,-155.365,19.6653,14.8638,-36.5915,787.386,0.79374,0.258569,17.8797,0.207446,0.000134886,0.0457927,0.10685,0,0.0457927,0,0.0305285,0.0305285,0.0152642,0.0305285,0.0305285,0.0305285,0.0152642,0.0305285,0.137378,0.137378,0.0763212,0.0152642,0.0152642,0,0,0,0,0,0,0,0,0,0,0,0,0,0,0,0,0,0
75748,75772,75760,29,-155.367,19.6663,15.0904,-38.0796,779.059,0.871256,0.312386,23.1569,0.222388,0.000183269,0.0341669,0.0854173,0.102501,0.0170835,0.0341669,0.0683338,0,0,0.0170835,0.0170835,0.0170835,0.0341669,0.0170835,0.136668,0.119584,0.102501,0.0512504,0.0170835,0,0,0,0,0,0,0,0,0,0,0,0,0,0,0,0,0,0
75773,75795,75784,28.9,-155.37,19.6677,15.2887,-38.3735,775.189,1.10151,0.48146,43.7377,0.272531,0.000342839,0.169463,0.101678,0.101678,0.0508388,0.0677851,0.0169463,0.0169463,0.0169463,0,0,0.0169463,0,0,0.152516,0.118624,0.13557,0.0169463,0.0338925,0.0508388,0,0,0.0338925,0,0,0,0,0,0,0,0,0,0,0,0,0,0
75796,75816,75806,28.8,-155.372,19.6685,15.5048,-39.3405,768.902,1.19346,0.494171,44.4843,0.270054,0.000337711,0.0932389,0.111887,0,0.0932389,0.0559433,0,0.0559433,0.0559433,0.0372956,0.0559433,0.0186478,0.0745911,0.0372956,0.130534,0.130534,0.111887,0.0186478,0.0186478,0.0372956,0.0186478,0.0186478,0,0.0186478,0,0,0,0,0,0,0,0,0,0,0,0,0
75817,75835,75826,28.7,-155.375,19.6687,15.7221,-40.0679,763.475,1.33679,0.347076,23.4904,0.203043,0.000169583,0.0810178,0.162036,0.121527,0.0405089,0.0405089,0.0607634,0.101272,0.0202545,0.0405089,0.0607634,0.0607634,0.0810178,0.0202545,0.202545,0.121527,0.0607634,0.0405089,0,0,0.0202545,0,0,0,0,0,0,0,0,0,0,0,0,0,0,0,0
75837,75853,75845,28.6,-155.377,19.6687,15.9556,-39.7906,761.17,0.994176,0.377528,34.744,0.276091,0.000272343,0.105763,0.148069,0.0211527,0.126916,0.0846108,0.0423054,0.0423054,0,0.0211527,0.0423054,0,0.0211527,0,0.0846108,0.0211527,0.105763,0.0423054,0.0211527,0.0211527,0,0.0211527,0.0211527,0,0,0,0,0,0,0,0,0,0,0,0,0,0
75854,75869,75862,28.5,-155.38,19.6687,16.1807,-40.4947,755.843,0.989452,0.305889,23.858,0.233987,0.000176428,0.152223,0.101482,0.0253706,0.126853,0,0.0507411,0,0.0253706,0.0507411,0.0253706,0.0253706,0,0.0253706,0.126853,0.152223,0.0507411,0,0,0.0253706,0,0.0253706,0,0,0,0,0,0,0,0,0,0,0,0,0,0,0
75870,75886,75878,28.4,-155.382,19.6689,16.4153,-42.1876,747.264,1.33776,0.647633,58.8445,0.272583,0.000468707,0.178368,0.133776,0.0668881,0.022296,0.0445921,0.0891841,0.0445921,0.022296,0,0,0,0.022296,0,0.133776,0.178368,0.22296,0.022296,0.0445921,0.0891841,0,0,0,0.022296,0,0,0,0,0,0,0,0,0,0,0,0,0
75887,75903,75895,28.3,-155.385,19.6693,16.6494,-43.1747,741.064,1.12987,0.373029,28.9948,0.233184,0.00023043,0.0886175,0.0886175,0.110772,0.0886175,0.0443087,0.0443087,0,0.0886175,0.0221544,0.0221544,0.0443087,0.0221544,0.0664631,0.110772,0.0664631,0.132926,0.0221544,0.0221544,0.0443087,0,0,0,0,0,0,0,0,0,0,0,0,0,0,0,0,0
75904,75918,75911,28.2,-155.388,19.6697,16.8993,-43.386,737.239,1.07247,0.381946,33.7952,0.265445,0.000259783,0.0748237,0.0748237,0.099765,0.0748237,0.0249412,0.0748237,0.0498825,0.099765,0.0249412,0.0498825,0.0249412,0.0249412,0.0498825,0.0748237,0.0249412,0.124706,0.0249412,0,0.0249412,0.0249412,0,0.0249412,0,0,0,0,0,0,0,0,0,0,0,0,0,0
75919,75934,75926,28.1,-155.391,19.6698,17.1337,-43.2212,734.865,1.10636,0.332209,24.5332,0.221546,0.000190499,0.161344,0.0691475,0.0691475,0.0691475,0,0.0460984,0.0691475,0.0460984,0.0691475,0,0.0460984,0.0230492,0.0460984,0.138295,0.0921967,0.0921967,0,0.0460984,0.0230492,0,0,0,0,0,0,0,0,0,0,0,0,0,0,0,0,0
75935,75949,75942,28,-155.393,19.6697,17.3847,-44.1093,728.995,0.980417,0.327934,27.533,0.251877,0.000203134,0.0980417,0.0980417,0.0245104,0.0735313,0,0.0735313,0.0735313,0.0490209,0.0245104,0,0.0245104,0.0490209,0.0245104,0.147063,0.0980417,0.0245104,0.0245104,0.0245104,0.0245104,0,0,0.0245104,0,0,0,0,0,0,0,0,0,0,0,0,0,0
75950,75964,75957,27.9,-155.395,19.6697,17.6487,-44.146,725.746,1.07722,0.341131,28.6533,0.251985,0.00021284,0.0718146,0.0957528,0.143629,0.0718146,0.0957528,0.0718146,0,0.0478764,0.0239382,0.0239382,0.0239382,0.0478764,0,0.119691,0.0957528,0.0718146,0,0.0239382,0,0.0239382,0,0.0239382,0,0,0,0,0,0,0,0,0,0,0,0,0,0
75965,75978,75972,27.8,-155.396,19.6699,17.8793,-43.4871,725.14,1.24892,0.527329,46.8242,0.266385,0.000361287,0.203906,0.0509764,0.0509764,0.101953,0.0254882,0.0509764,0.0254882,0.0509764,0.0254882,0,0.0254882,0.0254882,0.0509764,0.101953,0.178417,0.178417,0,0,0.0509764,0,0.0254882,0.0254882,0,0,0,0,0,0,0,0,0,0,0,0,0,0
75979,75992,75986,27.7,-155.398,19.6701,18.1464,-43.2486,722.819,1.14653,0.305864,20.9988,0.205962,0.000159445,0.203828,0.0764356,0.0254785,0.0764356,0.0254785,0.17835,0.0254785,0,0.0254785,0.0254785,0.0254785,0.0254785,0.0509571,0.152871,0.0764356,0.101914,0.0254785,0.0254785,0,0,0,0,0,0,0,0,0,0,0,0,0,0,0,0,0,0
75993,76006,76000,27.6,-155.4,19.6705,18.4064,-43.2836,719.786,0.95208,0.292165,21.089,0.216546,0.000162597,0.125274,0.0250547,0.0751642,0.0501095,0.0250547,0.0751642,0,0.0751642,0.0250547,0.0250547,0.0501095,0,0.0250547,0.150328,0.0501095,0.150328,0,0,0.0250547,0,0,0,0,0,0,0,0,0,0,0,0,0,0,0,0,0
76007,76020,76014,27.5,-155.402,19.6708,18.6693,-44.825,712.062,1.27701,0.478918,42.1201,0.263846,0.000333535,0.075118,0.225354,0.075118,0.100157,0.075118,0.0250393,0.0500787,0.075118,0,0,0.075118,0.0250393,0,0.125197,0.100157,0.100157,0.0250393,0,0.075118,0.0250393,0.0250393,0,0,0,0,0,0,0,0,0,0,0,0,0,0,0
76021,76034,76028,27.4,-155.404,19.671,18.945,-44.0243,711.572,1.56609,0.583599,47.838,0.245912,0.000387629,0.149151,0.149151,0.0994343,0.0994343,0.0745757,0.0497172,0.0745757,0.0497172,0.0248586,0.0745757,0.0497172,0,0.0248586,0.17401,0.149151,0.0994343,0.0994343,0.0497172,0.0745757,0,0,0,0,0,0,0,0,0,0,0,0,0,0,0,0,0
76035,76047,76041,27.3,-155.406,19.6713,19.2331,-44.8685,705.902,0.947919,0.405502,35.9342,0.26585,0.000278114,0.0789932,0.0263311,0.0526622,0.0789932,0,0.0263311,0,0.105324,0,0.0263311,0.0263311,0.0526622,0,0.157986,0.157986,0.0526622,0,0,0.0263311,0.0526622,0.0263311,0,0,0,0,0,0,0,0,0,0,0,0,0,0,0
76049,76062,76056,27.2,-155.408,19.6714,19.53,-44.305,704.554,1.23917,0.455321,35.3292,0.232775,0.000282922,0.145784,0.0728922,0.0242974,0.121487,0.0242974,0.0242974,0.0242974,0.0728922,0.0485948,0.0242974,0.0485948,0.0485948,0,0.145784,0.170082,0.121487,0.0485948,0.0485948,0.0242974,0,0,0,0,0,0,0,0,0,0,0,0,0,0,0,0,0
76063,76075,76069,27.1,-155.41,19.6716,19.8015,-44.2362,701.992,1.25169,0.488263,47.4535,0.291565,0.000347298,0.255448,0.102179,0,0.153269,0.0255448,0.127724,0.0255448,0.0510896,0,0,0,0,0,0.229903,0.0510896,0.0766343,0.0255448,0.0510896,0,0,0.0255448,0.0255448,0.0255448,0,0,0,0,0,0,0,0,0,0,0,0,0
76076,76087,76082,27,-155.412,19.6719,20.0767,-44.4617,698.534,1.02519,0.335276,27.9123,0.249755,0.000228067,0.110831,0.0831235,0.0554157,0.0554157,0.110831,0.0277078,0.0554157,0.110831,0.0277078,0.0277078,0,0.0554157,0.0554157,0.0277078,0,0.0831235,0.0554157,0.0277078,0.0554157,0,0,0,0,0,0,0,0,0,0,0,0,0,0,0,0,0
76088,76099,76094,26.9,-155.414,19.6722,20.3625,-43.8567,697.567,1.41426,0.592088,53.723,0.272204,0.000412109,0.108789,0.163183,0.135986,0.0815917,0.0815917,0.0543945,0,0.0543945,0,0.0271972,0.0815917,0,0,0.163183,0.135986,0.163183,0.0271972,0,0.108789,0,0,0,0.0271972,0,0,0,0,0,0,0,0,0,0,0,0,0
76100,76110,76105,26.8,-155.416,19.6724,20.6736,-44.7518,691.837,1.39191,0.579647,51.3941,0.265993,0.000390213,0.177691,0.0888455,0.0592304,0.0592304,0.0592304,0.0296152,0,0.0888455,0.0296152,0.0296152,0,0.0888455,0,0.236921,0.177691,0.118461,0.0296152,0,0.0592304,0,0.0296152,0.0296152,0,0,0,0,0,0,0,0,0,0,0,0,0,0
76111,76120,76116,26.7,-155.418,19.6727,20.975,-45.573,686.502,1.03357,0.457749,40.7753,0.267234,0.000340496,0.161496,0.0645983,0.0968975,0.0322992,0,0,0.129197,0.0322992,0.0322992,0,0,0,0,0.129197,0.0322992,0.193795,0,0.0645983,0,0.0645983,0,0,0,0,0,0,0,0,0,0,0,0,0,0,0,0
76121,76130,76126,26.6,-155.419,19.673,21.294,-46.914,679.526,1.12401,0.549877,66.1979,0.36116,0.000389303,0.128458,0.128458,0.0963438,0.0642292,0.0321146,0.0963438,0,0.0642292,0.0642292,0,0,0.0321146,0,0.128458,0.0963438,0.0321146,0.0321146,0,0,0.0321146,0,0.0642292,0,0,0,0.0321146,0,0,0,0,0,0,0,0,0,0
76131,76141,76136,26.5,-155.421,19.6734,21.5918,-48.5355,671.982,1.6982,0.68051,61.1306,0.269492,0.00047765,0.292792,0.146396,0.117117,0.0292792,0,0.0585585,0.0585585,0.0878377,0.117117,0,0.0585585,0.0292792,0,0.234234,0.0585585,0.146396,0.117117,0.0585585,0.0585585,0,0,0,0.0292792,0,0,0,0,0,0,0,0,0,0,0,0,0
76142,76152,76147,26.4,-155.424,19.6739,21.9318,-48.2073,669.964,1.60949,0.983425,107.761,0.328733,0.000806656,0.0862227,0.258668,0.172445,0.0287409,0.0287409,0.0862227,0,0.0287409,0.0862227,0.0574818,0.0287409,0,0,0.0574818,0.172445,0.0574818,0.114964,0.0862227,0.0574818,0.0862227,0.0574818,0.0287409,0,0,0.0287409,0,0,0,0,0,0,0,0,0,0,0
76153,76164,76158,26.3,-155.426,19.674,22.2383,-48.4258,666.661,1.26069,0.492668,42.4201,0.258309,0.000330188,0.131322,0.105058,0,0.105058,0,0.105058,0.0787934,0.105058,0.0262645,0,0,0.0262645,0,0.210116,0.105058,0.131322,0.0262645,0.0525289,0,0.0262645,0,0.0262645,0,0,0,0,0,0,0,0,0,0,0,0,0,0
76165,76176,76170,26.2,-155.428,19.674,22.5708,-48.2825,664.271,1.3905,0.469488,36.9333,0.236001,0.000292647,0.0772497,0.257499,0.154499,0.0514998,0.0257499,0.0514998,0.103,0.0514998,0,0.0514998,0,0,0.0257499,0.12875,0.154499,0.154499,0.0257499,0,0.0772497,0,0,0,0,0,0,0,0,0,0,0,0,0,0,0,0,0
76177,76188,76182,26.1,-155.43,19.6739,22.9033,-47.7908,662.946,1.04946,0.40079,37.3135,0.2793,0.000281296,0.153579,0.0511929,0.102386,0.0511929,0.0511929,0,0.0255965,0.102386,0.0511929,0.0255965,0.0511929,0,0.0255965,0.0767894,0.102386,0.0767894,0,0,0.0255965,0.0255965,0.0255965,0.0255965,0,0,0,0,0,0,0,0,0,0,0,0,0,0
76189,76200,76194,26,-155.432,19.6739,23.2467,-47.4083,661.252,1.22888,0.487168,40.5418,0.249658,0.000323789,0.0501582,0.125396,0.100316,0.0250791,0.0250791,0.0752373,0.0501582,0.0501582,0.0752373,0.0501582,0.0250791,0.0250791,0,0.125396,0.175554,0.125396,0,0.0752373,0.0250791,0,0.0250791,0,0,0,0,0,0,0,0,0,0,0,0,0,0,0
76201,76212,76206,25.9,-155.435,19.6741,23.5942,-47.3133,658.735,1.64842,0.65074,56.1775,0.258986,0.000453651,0.249761,0.0999044,0.12488,0.0749283,0.0499522,0.0999044,0.0499522,0,0.0249761,0.0499522,0.0749283,0.0249761,0.0499522,0.174833,0.12488,0.174833,0,0.0749283,0.0999044,0,0.0249761,0,0,0,0,0,0,0,0,0,0,0,0,0,0,0
76213,76225,76219,25.8,-155.437,19.6746,23.9346,-49.3254,650.206,1.59178,0.629906,56.4896,0.269038,0.000426582,0.161485,0.0692079,0.138416,0.0461386,0.0922772,0.0922772,0.0922772,0.0922772,0,0.0922772,0,0.0230693,0,0.253762,0.0922772,0.184554,0.0230693,0.0461386,0.0461386,0,0,0.0230693,0.0230693,0,0,0,0,0,0,0,0,0,0,0,0,0
76226,76237,76232,25.7,-155.44,19.6752,24.3033,-51.0733,642.307,1.44377,0.66238,66.2049,0.29985,0.000442744,0.0248927,0.124463,0.124463,0.0995707,0.074678,0.0248927,0.0497853,0.0497853,0.0248927,0.0497853,0,0.0995707,0,0.174249,0.298712,0.0995707,0,0.0248927,0,0,0.0248927,0,0.0497853,0.0248927,0,0,0,0,0,0,0,0,0,0,0,0
76238,76250,76244,25.6,-155.443,19.6754,24.6538,-51.8977,637.313,1.49414,0.578787,53.5713,0.277673,0.000404444,0.252854,0.13792,0.0459735,0.091947,0.0689602,0.0459735,0,0.114934,0.0229867,0.0459735,0.0229867,0.0229867,0.0229867,0.206881,0.160907,0.0459735,0.0229867,0.0229867,0.0459735,0,0.0689602,0.0229867,0,0,0,0,0,0,0,0,0,0,0,0,0,0
76251,76263,76257,25.5,-155.446,19.6753,25.0546,-51.3346,635.997,1.87278,0.981452,108.892,0.33285,0.000733362,0.180509,0.225636,0.157945,0.135382,0.0902544,0.0451272,0.0451272,0.0676908,0.0451272,0.0451272,0.0451272,0,0.0225636,0.112818,0.157945,0.135382,0.0451272,0.0676908,0.0902544,0.0902544,0,0,0.0451272,0,0,0,0.0225636,0,0,0,0,0,0,0,0,0
76264,76276,76270,25.4,-155.449,19.6751,25.4146,-52.5746,629.869,1.63392,0.726972,76.1518,0.314256,0.000523473,0.13616,0.13616,0.249627,0.0453867,0.06808,0.06808,0.0226933,0.13616,0.0453867,0.0453867,0,0,0.0453867,0.181547,0.158853,0.0453867,0.0453867,0.0453867,0.0453867,0.0226933,0.0226933,0,0.0226933,0.0453867,0,0,0,0,0,0,0,0,0,0,0,0
76277,76290,76284,25.3,-155.451,19.6751,25.7979,-52.7307,626.734,1.9545,0.768734,71.5169,0.279096,0.000530758,0.166341,0.187133,0.187133,0.145548,0.124755,0.103963,0.0623777,0.0207926,0,0.0415852,0.0207926,0.0207926,0,0.374266,0.207926,0,0.0831703,0.0831703,0.0207926,0.0207926,0.0415852,0,0.0415852,0,0,0,0,0,0,0,0,0,0,0,0,0
76291,76303,76297,25.2,-155.454,19.6752,26.1946,-52.1792,625.565,1.48286,0.634215,58.2274,0.27543,0.00043355,0.110662,0.132794,0.0885292,0.0885292,0.0885292,0.0221323,0.0663969,0.0442646,0.0221323,0,0.0663969,0.0221323,0.0442646,0.199191,0.154926,0.177058,0.0442646,0.0442646,0,0,0,0.0442646,0.0221323,0,0,0,0,0,0,0,0,0,0,0,0,0
76304,76317,76310,25.1,-155.457,19.675,26.5907,-51.77,624.044,1.51192,0.54016,43.2704,0.24032,0.000334558,0.120954,0.120954,0.0806359,0.141113,0.0604769,0.020159,0.020159,0.020159,0.0604769,0.020159,0.100795,0.020159,0.040318,0.262067,0.221749,0.040318,0.040318,0.020159,0.0604769,0.040318,0,0,0,0,0,0,0,0,0,0,0,0,0,0,0,0
76318,76332,76325,25,-155.46,19.6745,27.0007,-51.8747,621.03,1.84688,0.596333,53.3976,0.26863,0.000389295,0.244994,0.169611,0.150765,0.113074,0.150765,0.13192,0.0942284,0.0565371,0.0188457,0.0188457,0.0565371,0.0188457,0,0.282685,0.0942284,0.0942284,0.0188457,0,0.0188457,0.0565371,0.0188457,0.0188457,0.0188457,0,0,0,0,0,0,0,0,0,0,0,0,0
76333,76345,76339,24.9,-155.463,19.674,27.4115,-51.9208,618.225,1.43972,0.499257,39.6572,0.238298,0.000296481,0.12893,0.0859532,0.150418,0.0644649,0.0429766,0.0429766,0.0429766,0.0644649,0.0859532,0,0,0,0.0859532,0.236371,0.214883,0.0859532,0.0214883,0.0214883,0.0429766,0,0,0.0214883,0,0,0,0,0,0,0,0,0,0,0,0,0,0
76346,76359,76352,24.8,-155.466,19.6736,27.8121,-51.8307,615.918,1.44224,0.474936,39.6389,0.250385,0.000297393,0.197568,0.0987838,0.0987838,0.118541,0.0395135,0.0592703,0.0987838,0.0395135,0.0592703,0.079027,0.0197568,0.0197568,0.0197568,0.138297,0.0987838,0.177811,0,0.0197568,0.0197568,0.0197568,0,0,0.0197568,0,0,0,0,0,0,0,0,0,0,0,0,0
76360,76373,76366,24.7,-155.468,19.6735,28.2286,-51.3971,614.515,1.69652,0.610854,53.8671,0.26455,0.000414688,0.253503,0.195003,0.0585008,0.117002,0.156002,0.0585008,0.0780011,0,0.0585008,0,0.0780011,0,0.0195003,0.195003,0.0975013,0.136502,0.0780011,0.0195003,0.0390005,0.0195003,0.0195003,0,0.0195003,0,0,0,0,0,0,0,0,0,0,0,0,0
