api/src/app/data/B2SAP/Locations/Hawaii/NOAA-POPS-B2SAP_GMLBalloon_20240710_R0.ict
82,1001
Thornberry, T. D.
NOAA Chemical Sciences Laboratory
Portable Optical Particle Spectrometer (POPS)
Balloon Baseline Stratospheric Aerosol Profiles (B2SAP)
1,1
2024,07,10,2024,07,23
0
TIME_START,s,Seconds since midnight UTC on flight start day,Start time of 100 m altitude bin in UTC_seconds_since_midnight
49
1.0,1.0,1.0,1.0,1.0,1.0,1.0,1.0,1.0,1.0,1.0,1.0,1.0,1.0,1.0,1.0,1.0,1.0,1.0,1.0,1.0,1.0,1.0,1.0,1.0,1.0,1.0,1.0,1.0,1.0,1.0,1.0,1.0,1.0,1.0,1.0,1.0,1.0,1.0,1.0,1.0,1.0,1.0,1.0,1.0,1.0,1.0,1.0,1.0
99999,99999,99999,99999,99999,99999,99999,99999,99999,99999,99999,99999,99999,99999,99999,99999,99999,99999,99999,99999,99999,99999,99999,99999,99999,99999,99999,99999,99999,99999,99999,99999,99999,99999,99999,99999,99999,99999,99999,99999,99999,99999,99999,99999,99999,99999,99999,99999,99999
TIME_STOP,s,End time of 100 m altitude bin in UTC seconds since midnight,
TIME_MID,s,Mid time of 100 m altitude in UTC seconds since midnight,
GPSAlt,km,GPS reported altitude above sea level (km),
GPS_Lon,deg,GPS reported longitude,
GPS_Lat,deg,GPS reported latitude,
iMet_Pressure,hPa,Pressure reported (hPa),
iMet_Temperature,degrees C,Ambient temperature (oC),
THETA,K,Potential temperature from iMet,
Aerosol_concentration,cm^-3,Aerosol concentration,
Surface_Area_Conc,um^2 cm^-3,Surface area concentration,
Volume_density,um^3 cm^-3,Volume density,
Effective_radius,um,Effective radius,
Extinction,km^-1,Extinction,
Bin01,cm^-3,particle concentration in size range [140 - 146.14 nm],
Bin02,cm^-3,particle concentration in size range [146.14 - 152.56 nm],
Bin03,cm^-3,particle concentration in size range [152.56 - 159.25 nm],
Bin04,cm^-3,particle concentration in size range [159.25 - 166.24 nm],
Bin05,cm^-3,particle concentration in size range [166.24 - 173.54 nm],
Bin06,cm^-3,particle concentration in size range [173.54 - 181.16 nm],
Bin07,cm^-3,particle concentration in size range [181.16 - 189.11 nm],
Bin08,cm^-3,particle concentration in size range [189.11 - 197.41 nm],
Bin09,cm^-3,particle concentration in size range [197.41 - 206.07 nm],
Bin10,cm^-3,particle concentration in size range [206.07 - 215.12 nm],
Bin11,cm^-3,particle concentration in size range [215.12 - 224.56 nm],
Bin12,cm^-3,particle concentration in size range [224.56 - 234.41 nm],
Bin13,cm^-3,particle concentration in size range [234.41 - 244.70 nm],
Bin14,cm^-3,particle concentration in size range [244.70 - 361.30 nm],
Bin15,cm^-3,particle concentration in size range [361.30 - 472.80 nm],
Bin16,cm^-3,particle concentration in size range [472.80 - 567.00 nm],
Bin17,cm^-3,particle concentration in size range [567.00 - 610.66 nm],
Bin18,cm^-3,particle concentration in size range [610.66 - 657.69 nm],
Bin19,cm^-3,particle concentration in size range [657.69 - 708.33 nm],
Bin20,cm^-3,particle concentration in size range [708.33 - 762.88 nm],
Bin21,cm^-3,particle concentration in size range [762.88 - 821.62 nm],
Bin22,cm^-3,particle concentration in size range [821.62 - 884.89 nm],
Bin23,cm^-3,particle concentration in size range [884.89 - 953.03 nm],
Bin24,cm^-3,particle concentration in size range [953.03 - 1026.42 nm],
Bin25,cm^-3,particle concentration in size range [1026.42 - 1105.46 nm],
Bin26,cm^-3,particle concentration in size range [1105.46 - 1190.59 nm]],
[...]
LOCATION: Hilo, HI, USA
ASSOCIATED_DATA: N/A
INSTRUMENT_INFO: Printed Optical Particle Spectrometer counts particles from 140 - 2500 nm in diameter 
DATA_INFO: Particle concentrations reported in number per cubic centimeter, binned to 100 m altitude
UNCERTAINTY: Counting uncertainty dominated by air flow, less than 5 percent
ULOD_FLAG: -77777
ULOD_VALUE: 3000 ~3000 per cm3 (varies depending on flow rate- manufacturer quotes 1250  per cm3 at 1.667 cc/s)
LLOD_FLAG: -88888
LLOD_VALUE: 0 0 (varies depending on data field and measurement precision)
DM_CONTACT_INFO: Troy Thornberry, 325 Broadway R/CSL6, Boulder, CO 80305; troy.thornberry@noaa.gov; 303-497-3373
PROJECT_INFO: B2SAP Hilo, HI, USA
STIPULATIONS_ON_USE: Please contact the PIs for questions regarding applications and uncertainties
OTHER_COMMENTS: POPS bin Edges (nm):  140, 146.14, 152.56, 159.25, 166.24, 173.54, 181.16, 189.11, 197.41, 206.07, 215.12, 224.56, 234.41, 244.70, 361.30, 472.80, 567.00, 610.66, 657.69, 708.33, 762.88, 821.62, 884.89, 953.03, 1026.42, 1105.46, 1190.59, 1282.27, 1381.01, 1487.36, 1601.89, 1725.25, 1858.10, 2001.18, 2155.28, 2321.25, 2500
Calculations assume sulfate refractive index of 1.45+0.00j and extinction wavelength = 532 nm
REVISION: R0
R0: QA/QC data
TIME_START,TIME_STOP,TIME_MID,GPSAlt,GPS_Lon,GPS_Lat,iMet_Pressure,iMet_Temperature,THETA,Aerosol_concentration,Surface_Area_Conc,Volume_density,Effective_radius,Extinction,Bin01,Bin02,Bin03,Bin04,Bin05,Bin06,Bin07,Bin08,Bin09,Bin10,Bin11,Bin12,Bin13,Bin14,Bin15,Bin16,Bin17,Bin18,Bin19,Bin20,Bin21,Bin22,Bin23,Bin24,Bin25,Bin26,Bin27,Bin28,Bin29,Bin30,Bin31,Bin32,Bin33,Bin34,Bin35,Bin36
[from data line 51]
70177,70191,70184,5.9,-155.144,19.678,504.596,-2.372,329.22,6.01853,0.928731,179.392,0.579473,0.000269762,1.27511,0.994588,0.867076,0.663058,0.331529,0.306027,0.331529,0.204018,0.204018,0.102009,0.0255022,0.0255022,0.0765067,0.433538,0.127511,0.0255022,0,0,0,0,0,0,0,0,0,0,0,0,0,0,0,0.0255022,0,0,0,0
70193,70208,70200,6,-155.145,19.6771,498.099,-3.13375,329.513,5.71038,0.671542,27.1822,0.121432,0.000122001,1.25822,0.798485,0.895271,0.508127,0.387144,0.362948,0.193572,0.241965,0.120983,0.145179,0.048393,0.120983,0.048393,0.387144,0.145179,0.048393,0,0,0,0,0,0,0,0,0,0,0,0,0,0,0,0,0,0,0,0
70209,70224,70216,6.1,-155.146,19.6764,492.065,-3.85667,329.776,6.36279,0.756768,35.0976,0.139135,0.000196007,1.28802,1.31378,1.05617,0.592487,0.540966,0.386405,0.206082,0.154562,0.103041,0.0772809,0.0257603,0.0257603,0.0257603,0.360644,0.0772809,0.0515206,0,0.0772809,0,0,0,0,0,0,0,0,0,0,0,0,0,0,0,0,0,0
70225,70241,70233,6.2,-155.148,19.6755,485.732,-4.69562,329.966,5.52705,0.764787,47.3171,0.185609,0.000235304,1.09588,0.833822,0.786175,0.524117,0.452646,0.333529,0.285882,0.142941,0.238235,0.166764,0.0952939,0.047647,0.047647,0.262058,0.0952939,0.047647,0.0238235,0,0,0,0.0238235,0,0,0,0.0238235,0,0,0,0,0,0,0,0,0,0,0
70242,70255,70248,6.3,-155.149,19.6745,479.528,-5.60071,330.066,5.67909,0.776381,44.9135,0.17355,0.000267064,1.21301,1.29572,0.661642,0.551368,0.578937,0.16541,0.303252,0.137842,0.0275684,0.0275684,0.110274,0.0275684,0.0275684,0.248116,0.137842,0.0827052,0,0.0551368,0,0,0,0,0.0275684,0,0,0,0,0,0,0,0,0,0,0,0,0
70256,70271,70264,6.4,-155.15,19.6738,473.876,-6.37875,330.221,5.9214,1.02988,193.316,0.56312,0.000423341,1.3961,1.34796,0.601769,0.457344,0.361061,0.31292,0.31292,0.192566,0.144425,0.096283,0.096283,0.0722123,0.0240708,0.31292,0.0481415,0,0.0240708,0.0240708,0.0240708,0,0,0,0.0481415,0,0,0,0,0,0,0,0,0.0240708,0,0,0,0
70272,70286,70279,6.5,-155.151,19.6729,468.147,-7.18,330.376,6.73349,0.900159,49.1019,0.163644,0.000264621,1.22746,1.43788,0.736476,1.01704,0.385773,0.315632,0.175351,0.210422,0.0701405,0.140281,0.0701405,0.105211,0.0350703,0.561124,0.175351,0,0,0,0,0,0.0350703,0.0350703,0,0,0,0,0,0,0,0,0,0,0,0,0,0
70288,70305,70296,6.6,-155.152,19.6721,461.866,-8.17222,330.418,6.95657,1.0886,76.3982,0.210541,0.000380201,1.46454,1.03379,0.947644,0.646121,0.40921,0.430747,0.258448,0.215374,0.193836,0.193836,0.258448,0.0646121,0.0646121,0.430747,0.129224,0.0861495,0.0215374,0,0.0430747,0,0.0215374,0.0215374,0,0,0,0,0.0215374,0,0,0,0,0,0,0,0,0
70306,70322,70314,6.7,-155.153,19.671,455.498,-9.1425,330.515,5.75858,0.764935,40.8565,0.160235,0.0002217,1.04923,0.92723,0.878428,0.805226,0.390412,0.219607,0.146405,0.341611,0.0488016,0.170805,0.0732023,0.0488016,0.0244008,0.439214,0.0732023,0.0244008,0.0732023,0,0,0,0,0,0.0244008,0,0,0,0,0,0,0,0,0,0,0,0,0
70323,70339,70331,6.8,-155.153,19.6701,449.919,-10.0094,330.594,4.97618,0.719398,43.112,0.179784,0.000238955,0.956015,1.02955,0.490264,0.441238,0.318672,0.343185,0.220619,0.196106,0.122566,0.0735396,0.122566,0.0490264,0.0490264,0.343185,0.0735396,0.0490264,0.0490264,0.0245132,0,0,0,0,0,0.0245132,0,0,0,0,0,0,0,0,0,0,0,0
70340,70353,70346,6.9,-155.154,19.6692,444.33,-10.9223,330.623,5.4739,0.897526,75.3913,0.251997,0.000336191,1.08873,1.23994,0.544366,0.514123,0.574608,0.211698,0.24194,0.151213,0.181455,0.0604851,0,0.0604851,0.0907276,0.24194,0.0907276,0.0907276,0,0,0,0,0.0302425,0,0.0302425,0,0,0,0.0302425,0,0,0,0,0,0,0,0,0
70354,70372,70363,7,-155.154,19.6685,438.634,-11.8542,330.666,4.85797,0.700694,39.9957,0.17124,0.000244905,0.975747,0.934226,0.664338,0.415211,0.311409,0.249127,0.186845,0.228366,0.0830423,0.0830423,0.103803,0.0415211,0,0.332169,0.0830423,0.0830423,0.0207606,0,0.0415211,0,0,0.0207606,0,0,0,0,0,0,0,0,0,0,0,0,0,0
70373,70390,70382,7.1,-155.154,19.6677,432.75,-12.8344,330.698,5.07807,0.626742,26.7375,0.127983,0.000128484,1.14312,0.835354,0.527592,0.483626,0.329745,0.285779,0.241813,0.131898,0.153881,0.065949,0.065949,0.197847,0.021983,0.417677,0.131898,0.021983,0,0.021983,0,0,0,0,0,0,0,0,0,0,0,0,0,0,0,0,0,0
70391,70405,70398,7.2,-155.155,19.6672,427.188,-13.7933,330.7,4.52324,0.805042,91.5541,0.341178,0.000288529,1.13081,0.657448,0.657448,0.341873,0.368171,0.341873,0.0525958,0.13149,0.210383,0.0525958,0.0262979,0.0262979,0.105192,0.157787,0.13149,0.0525958,0.0262979,0,0.0262979,0,0,0,0,0,0,0,0,0,0,0,0.0262979,0,0,0,0,0
70406,70424,70415,7.3,-155.155,19.6666,421.83,-14.7311,330.696,5.23848,0.611398,25.0413,0.122872,0.000115024,1.17342,0.859111,0.502894,0.712433,0.230493,0.251447,0.251447,0.146677,0.251447,0.188585,0.0838157,0.0419078,0.0838157,0.314309,0.0838157,0.0419078,0.0209539,0,0,0,0,0,0,0,0,0,0,0,0,0,0,0,0,0,0,0
70425,70440,70432,7.4,-155.156,19.6657,416.294,-15.7056,330.695,5.2704,0.712793,34.6775,0.145951,0.000200829,0.919834,1.01928,0.795532,0.472347,0.397766,0.198883,0.174023,0.149162,0.198883,0.0994415,0.174023,0,0.0248604,0.372906,0.124302,0.0745811,0.0745811,0,0,0,0,0,0,0,0,0,0,0,0,0,0,0,0,0,0,0
70441,70455,70448,7.5,-155.156,19.6649,410.689,-16.652,330.757,4.77056,0.48762,18.3902,0.113143,7.64233e-05,1.11935,0.772883,0.506372,0.559674,0.533023,0.266511,0.293163,0.186558,0.106605,0.0533023,0.0533023,0.133256,0,0.106605,0.0266511,0.0266511,0.0266511,0,0,0,0,0,0,0,0,0,0,0,0,0,0,0,0,0,0,0
70456,70473,70464,7.6,-155.156,19.664,405.167,-17.3111,331.185,6.0884,0.733626,36.5746,0.149564,0.00020075,1.29351,1.09279,1.07049,0.423735,0.60215,0.24532,0.24532,0.156113,0.178415,0.0892074,0.111509,0.0669055,0.0892074,0.267622,0.0446037,0.0446037,0,0,0.0223018,0.0223018,0.0223018,0,0,0,0,0,0,0,0,0,0,0,0,0,0,0
70474,70492,70483,7.7,-155.157,19.6631,400.023,-18.0153,331.484,6.22905,1.00868,102.4,0.304556,0.000304304,1.20358,1.20358,0.950195,0.633463,0.380078,0.380078,0.211154,0.147808,0.147808,0.0844618,0.0633463,0.190039,0.0844618,0.295616,0.105577,0.0844618,0.0211154,0,0,0,0,0,0,0,0,0,0.0211154,0,0,0,0.0211154,0,0,0,0,0
70493,70512,70502,7.8,-155.158,19.6621,394.661,-18.282,332.416,10.5679,1.29037,56.4874,0.131328,0.00028129,1.89216,2.05319,1.28828,1.06685,0.785044,0.664268,0.402586,0.422716,0.362328,0.221423,0.120776,0.140905,0.161035,0.543492,0.322069,0.0805173,0,0,0.0402586,0,0,0,0,0,0,0,0,0,0,0,0,0,0,0,0,0
70513,70530,70522,7.9,-155.159,19.661,389.17,-18.6606,333.253,15.1567,1.76687,80.7295,0.137072,0.000390083,2.73944,2.98644,2.29035,1.57181,0.96554,1.14518,0.56136,0.426634,0.449088,0.359271,0.134727,0.246999,0.112272,0.808359,0.157181,0.112272,0.0224544,0,0.0224544,0,0.0224544,0,0.0224544,0,0,0,0,0,0,0,0,0,0,0,0,0
70531,70550,70540,8,-155.161,19.6597,384.071,-19.1289,333.896,11.2392,1.41656,68.2722,0.144588,0.000354345,2.01838,2.03963,1.48723,1.12605,0.93483,0.424923,0.637384,0.2762,0.488661,0.212461,0.233708,0.169969,0.212461,0.573646,0.191215,0.148723,0,0,0.0424923,0,0,0,0.0212461,0,0,0,0,0,0,0,0,0,0,0,0,0
70551,70565,70558,8.1,-155.163,19.6581,379.111,-19.9247,334.085,6.84565,1.25579,154.157,0.36827,0.000529128,1.39598,1.10067,1.04698,0.697988,0.241611,0.348994,0.322148,0.241611,0.268457,0.241611,0.107383,0.080537,0,0.402685,0.214765,0.0268457,0,0,0.0268457,0,0.0268457,0,0.0268457,0,0,0,0,0,0,0,0,0,0.0268457,0,0,0
70566,70583,70574,8.2,-155.164,19.6564,374.018,-20.8256,334.187,3.77378,0.388129,14.1481,0.109356,5.39609e-05,0.863877,0.795676,0.545606,0.31827,0.341004,0.136402,0.136402,0.113668,0.113668,0.0227336,0.0682008,0.0454672,0.0227336,0.181869,0.0454672,0.0227336,0,0,0,0,0,0,0,0,0,0,0,0,0,0,0,0,0,0,0,0
70584,70601,70592,8.3,-155.166,19.6546,368.878,-21.8289,334.177,3.91927,0.4488,18.4454,0.123298,8.77953e-05,0.788358,0.540589,0.315343,0.563113,0.540589,0.180196,0.225245,0.24777,0.0900981,0.0675736,0.045049,0,0.045049,0.135147,0.0675736,0.0675736,0,0,0,0,0,0,0,0,0,0,0,0,0,0,0,0,0,0,0,0
70603,70618,70610,8.4,-155.168,19.6531,363.779,-22.8371,334.163,3.89054,0.506825,26.0155,0.153991,0.000154285,0.696814,0.725848,0.66778,0.290339,0.232271,0.319373,0.14517,0.174203,0.116136,0.0290339,0.0580678,0.0580678,0.0290339,0.203237,0.0290339,0.0580678,0.0290339,0,0,0.0290339,0,0,0,0,0,0,0,0,0,0,0,0,0,0,0,0
70619,70635,70627,8.5,-155.169,19.6516,358.874,-23.7247,334.273,5.3375,0.729498,42.5303,0.174902,0.000196244,1.0675,1.09176,0.53375,0.582273,0.412443,0.339659,0.16983,0.0970455,0.218352,0.0242614,0.0242614,0.0970455,0.0242614,0.436705,0.145568,0.0242614,0.0242614,0,0,0,0,0,0,0,0.0242614,0,0,0,0,0,0,0,0,0,0,0
70636,70651,70644,8.6,-155.171,19.6501,354.436,-24.1394,334.904,8.75941,1.18918,62.6641,0.158086,0.000342843,1.63441,1.3535,0.944893,1.20027,0.638441,0.459678,0.306452,0.280914,0.255376,0.280914,0.178764,0.229839,0.0766129,0.561828,0.178764,0.0766129,0.0510753,0,0,0,0,0.0510753,0,0,0,0,0,0,0,0,0,0,0,0,0,0
70652,70668,70660,8.7,-155.172,19.6487,349.21,-24.9729,335.203,7.86005,1.04427,47.7636,0.137216,0.000244783,1.26539,1.19239,1.04638,0.75437,0.48669,0.340683,0.438021,0.243345,0.316349,0.316349,0.219011,0.121673,0.121673,0.705701,0.194676,0.048669,0,0.0243345,0,0.0243345,0,0,0,0,0,0,0,0,0,0,0,0,0,0,0,0
70669,70688,70678,8.8,-155.174,19.647,344.998,-25.797,335.252,8.04835,1.0464,50.5789,0.145008,0.000277542,1.30012,1.52712,1.07311,0.846109,0.639741,0.371462,0.433373,0.350826,0.165094,0.144458,0.103184,0.0825472,0.103184,0.639741,0.0825472,0.123821,0,0.0206368,0.0206368,0,0.0206368,0,0,0,0,0,0,0,0,0,0,0,0,0,0,0
70689,70703,70696,8.9,-155.175,19.6454,340.069,-26.4533,335.739,10.0976,1.07333,39.5483,0.110539,0.000151535,1.68294,2.12436,1.48981,0.882852,0.910441,0.662139,0.386248,0.331069,0.193124,0.275891,0.331069,0.0827673,0.137946,0.386248,0.165535,0.0551782,0,0,0,0,0,0,0,0,0,0,0,0,0,0,0,0,0,0,0,0
70704,70721,70712,9,-155.176,19.6437,335.101,-27.2889,336.012,5.4347,1.11086,202.465,0.54678,0.00041018,0.855676,0.901929,0.763171,0.57816,0.462528,0.393149,0.300643,0.115632,0.0693792,0.161885,0.208137,0.138758,0,0.25439,0.0925056,0.0693792,0,0.0231264,0,0.0231264,0,0,0,0,0,0,0,0,0,0,0,0,0,0,0,0.0231264
70722,70737,70730,9.1,-155.177,19.6418,330.618,-28.2237,336.027,3.3523,0.628777,51.5135,0.24578,0.000211123,0.753618,0.415789,0.259868,0.311842,0.259868,0.103947,0.129934,0.103947,0.0519737,0.0259868,0.0779605,0.129934,0.155921,0.337829,0.155921,0.0259868,0,0,0,0.0259868,0,0,0,0,0,0,0.0259868,0,0,0,0,0,0,0,0,0
70738,70754,70746,9.2,-155.179,19.6404,326.138,-29.0506,336.199,11.8385,1.37695,65.8748,0.143523,0.000313249,2.13241,2.45104,1.49513,0.980416,1.20101,0.686291,0.637271,0.367656,0.343146,0.294125,0.196083,0.0735312,0.196083,0.58825,0.0490208,0.0490208,0.0245104,0,0.0245104,0,0,0.0245104,0.0245104,0,0,0,0,0,0,0,0,0,0,0,0,0
70755,70771,70763,9.3,-155.18,19.6388,321.648,-29.7788,336.525,16.242,1.79552,72.7437,0.121542,0.000329216,3.18951,3.28765,2.01185,1.8401,1.37394,0.760576,0.588833,0.515229,0.588833,0.294416,0.318951,0.269882,0.0981388,0.711506,0.220812,0.122674,0,0.0245347,0,0.0245347,0,0,0,0,0,0,0,0,0,0,0,0,0,0,0,0
70772,70787,70780,9.4,-155.181,19.6376,317.236,-30.4664,336.901,13.319,1.44739,59.2729,0.122855,0.000268562,2.28981,2.44246,2.09899,1.41205,1.18307,0.915923,0.496125,0.457961,0.496125,0.267144,0.305308,0.228981,0,0.496125,0.0763269,0.0763269,0,0,0.0763269,0,0,0,0,0,0,0,0,0,0,0,0,0,0,0,0,0
70788,70803,70796,9.5,-155.182,19.6365,313.109,-30.8475,337.634,13.6595,1.50474,73.4721,0.146481,0.000219656,2.67937,2.75818,1.65491,1.54983,1.02447,0.78805,0.63044,0.341488,0.446562,0.367757,0.183878,0.288952,0.236415,0.499098,0.15761,0.0262683,0,0,0,0,0,0,0,0,0,0,0.0262683,0,0,0,0,0,0,0,0,0
70804,70819,70812,9.6,-155.183,19.6356,308.59,-31.3588,338.323,13.9286,1.70973,109.362,0.191894,0.000347283,2.32144,2.92818,1.50366,1.66194,1.26624,0.97606,0.7914,0.44846,0.42208,0.18466,0.15828,0.1319,0.15828,0.6595,0.15828,0.07914,0.05276,0,0,0,0,0,0,0,0,0,0,0,0,0.02638,0,0,0,0,0,0
70820,70836,70828,9.7,-155.183,19.6351,304.188,-32.0612,338.729,13.2821,1.37472,49.1855,0.107336,0.000176693,2.57154,2.87113,1.94738,1.17342,0.973688,0.574226,0.649125,0.474361,0.349529,0.299596,0.224697,0.199731,0.149798,0.599193,0.174765,0.0499327,0,0,0,0,0,0,0,0,0,0,0,0,0,0,0,0,0,0,0,0
70837,70852,70844,9.8,-155.183,19.6347,299.789,-32.8188,339.07,12.8985,1.48031,60.4677,0.122544,0.00027987,2.28246,2.46824,1.69857,1.24739,1.24739,0.610425,0.610425,0.477724,0.345023,0.212322,0.238862,0.291942,0.0796207,0.822747,0.0530804,0.159241,0.0530804,0,0,0,0,0,0,0,0,0,0,0,0,0,0,0,0,0,0,0
70853,70871,70862,9.9,-155.183,19.6342,295.731,-33.6637,339.198,11.0749,1.54774,141.349,0.273978,0.000485881,2.28673,2.28673,1.52448,0.896755,0.829498,0.627728,0.515634,0.313864,0.336283,0.246608,0.134513,0.0672566,0.112094,0.582891,0.112094,0.0896755,0.0224189,0,0.0672566,0,0,0,0,0,0,0,0,0,0,0,0,0,0.0224189,0,0,0
70872,70887,70880,10,-155.183,19.6339,291.647,-34.55,339.287,10.5897,1.43858,103.494,0.215826,0.000352223,2.03851,1.95909,1.58845,0.847174,0.926597,0.635381,0.476535,0.238268,0.344164,0.132371,0.132371,0.0794226,0.158845,0.714803,0.132371,0.132371,0,0,0.0264742,0,0,0,0,0,0,0,0,0,0,0.0264742,0,0,0,0,0,0
70888,70902,70895,10.1,-155.183,19.6337,287.455,-35.376,339.515,11.0539,1.30645,54.4165,0.124957,0.000252497,1.97085,1.97085,1.34247,1.02827,0.914019,0.82833,0.45701,0.514136,0.257068,0.314194,0.199942,0.199942,0.0571262,0.656951,0.228505,0.0856893,0,0,0.0285631,0,0,0,0,0,0,0,0,0,0,0,0,0,0,0,0,0
70903,70918,70910,10.2,-155.183,19.6336,283.188,-36.2662,339.693,8.06815,1.06041,56.9594,0.161143,0.000287895,1.42537,1.34469,1.07575,0.91439,0.591664,0.430301,0.322726,0.295832,0.322726,0.188257,0.134469,0.188257,0.107575,0.430301,0.188257,0.0268938,0,0.0268938,0,0.0268938,0,0,0,0.0268938,0,0,0,0,0,0,0,0,0,0,0,0
70919,70938,70928,10.3,-155.183,19.6331,279.176,-37.2125,339.717,6.39138,0.833184,39.9934,0.144002,0.000204521,1.11527,1.07238,0.772113,0.686322,0.493294,0.450399,0.278818,0.193028,0.0643427,0.150133,0.0857903,0.107238,0.171581,0.536189,0.128685,0.0428952,0,0.0214476,0,0,0,0.0214476,0,0,0,0,0,0,0,0,0,0,0,0,0,0
70939,70955,70947,10.4,-155.183,19.6329,275.446,-38.1137,339.722,4.31608,0.825943,65.8006,0.239002,0.000314355,0.589774,0.589774,0.616582,0.294887,0.375311,0.268079,0.160848,0.13404,0.0536159,0.214463,0.13404,0.13404,0.0536159,0.375311,0.13404,0.0804238,0.0268079,0,0.0268079,0.0268079,0,0,0,0,0,0,0.0268079,0,0,0,0,0,0,0,0,0
70956,70971,70964,10.5,-155.183,19.633,271.158,-39.1594,339.731,4.29262,0.598564,33.0738,0.165766,0.000173772,0.760717,0.652043,0.543369,0.326021,0.35319,0.271685,0.190179,0.298853,0.135842,0,0.163011,0.108674,0.0271685,0.271685,0.108674,0.0543369,0,0,0,0,0,0,0.0271685,0,0,0,0,0,0,0,0,0,0,0,0,0
70972,70987,70980,10.6,-155.183,19.6329,267.39,-40.0919,339.733,3.79241,0.496031,21.3842,0.129332,0.000104182,0.409253,0.545671,0.572955,0.354686,0.300119,0.245552,0.163701,0.245552,0.245552,0.163701,0.0272836,0.0272836,0.0272836,0.300119,0.109134,0.0545671,0,0,0,0,0,0,0,0,0,0,0,0,0,0,0,0,0,0,0,0
70988,71005,70996,10.7,-155.183,19.6327,263.642,-41.0328,339.729,3.91168,0.743527,85.7255,0.345887,0.000269521,0.51022,0.655997,0.558812,0.437331,0.242962,0.388739,0.194369,0.0971847,0.0728885,0.0485923,0.121481,0.0971847,0.0242962,0.267258,0.0728885,0.0728885,0,0,0,0,0.0242962,0,0,0,0,0,0,0,0,0,0.0242962,0,0,0,0,0
71006,71026,71016,10.8,-155.182,19.6329,259.853,-41.9676,339.762,3.78211,0.584226,41.0236,0.210656,0.00014588,0.605973,0.731347,0.438808,0.33433,0.188061,0.208956,0.188061,0.0626869,0.0835825,0.125374,0.167165,0.0626869,0.0835825,0.313434,0.146269,0.0208956,0,0,0,0,0,0,0,0,0,0,0.0208956,0,0,0,0,0,0,0,0,0
71027,71045,71036,10.9,-155.182,19.6328,256.089,-42.95,339.731,4.29034,0.590962,32.2862,0.1639,0.000167097,0.46382,0.533393,0.69573,0.487011,0.278292,0.371056,0.278292,0.23191,0.139146,0.115955,0.069573,0.046382,0.139146,0.347865,0.023191,0,0.023191,0,0.023191,0,0,0,0.023191,0,0,0,0,0,0,0,0,0,0,0,0,0
