api/src/app/data/B2SAP/Locations/Hawaii/NOAA-POPS-B2SAP_GMLBalloon_20240606_R0.ict
82,1001
Thornberry, T. D.
NOAA Chemical Sciences Laboratory
Portable Optical Particle Spectrometer (POPS)
Balloon Baseline Stratospheric Aerosol Profiles (B2SAP)
1,1
2024,06,06,2024,07,23
0
TIME_START,s,Seconds since midnight UTC on flight start day,Start time of 100 m altitude bin in UTC_seconds_since_midnight
49
1.0,1.0,1.0,1.0,1.0,1.0,1.0,1.0,1.0,1.0,1.0,1.0,1.0,1.0,1.0,1.0,1.0,1.0,1.0,1.0,1.0,1.0,1.0,1.0,1.0,1.0,1.0,1.0,1.0,1.0,1.0,1.0,1.0,1.0,1.0,1.0,1.0,1.0,1.0,1.0,1.0,1.0,1.0,1.0,1.0,1.0,1.0,1.0,1.0
99999,99999,99999,99999,99999,99999,99999,99999,99999,99999,99999,99999,99999,99999,99999,99999,99999,99999,99999,99999,99999,99999,99999,99999,99999,99999,99999,99999,99999,99999,99999,99999,99999,99999,99999,99999,99999,99999,99999,99999,99999,99999,99999,99999,99999,99999,99999,99999,99999
TIME_STOP,s,End time of 100 m altitude bin in UTC seconds since midnight,
TIME_MID,s,Mid time of 100 m altitude in UTC seconds since midnight,
GPSAlt,km,GPS reported altitude above sea level (km),
GPS_Lon,deg,GPS reported longitude,
GPS_Lat,deg,GPS reported latitude,
iMet_Pressure,hPa,Pressure reported (hPa),
iMet_Temperature,degrees C,Ambient temperature (oC),
THETA,K,Potential temperature from iMet,
Aerosol_concentration,cm^-3,Aerosol concentration,
Surface_Area_Conc,um^2 cm^-3,Surface area concentration,
Volume_density,um^3 cm^-3,Volume density,
Effective_radius,um,Effective radius,
Extinction,km^-1,Extinction,
Bin01,cm^-3,particle concentration in size range [140 - 146.14 nm],
Bin02,cm^-3,particle concentration in size range [146.14 - 152.56 nm],
Bin03,cm^-3,particle concentration in size range [152.56 - 159.25 nm],
Bin04,cm^-3,particle concentration in size range [159.25 - 166.24 nm],
Bin05,cm^-3,particle concentration in size range [166.24 - 173.54 nm],
Bin06,cm^-3,particle concentration in size range [173.54 - 181.16 nm],
Bin07,cm^-3,particle concentration in size range [181.16 - 189.11 nm],
Bin08,cm^-3,particle concentration in size range [189.11 - 197.41 nm],
Bin09,cm^-3,particle concentration in size range [197.41 - 206.07 nm],
Bin10,cm^-3,particle concentration in size range [206.07 - 215.12 nm],
Bin11,cm^-3,particle concentration in size range [215.12 - 224.56 nm],
Bin12,cm^-3,particle concentration in size range [224.56 - 234.41 nm],
Bin13,cm^-3,particle concentration in size range [234.41 - 244.70 nm],
Bin14,cm^-3,particle concentration in size range [244.70 - 361.30 nm],
Bin15,cm^-3,particle concentration in size range [361.30 - 472.80 nm],
Bin16,cm^-3,particle concentration in size range [472.80 - 567.00 nm],
Bin17,cm^-3,particle concentration in size range [567.00 - 610.66 nm],
Bin18,cm^-3,particle concentration in size range [610.66 - 657.69 nm],
Bin19,cm^-3,particle concentration in size range [657.69 - 708.33 nm],
Bin20,cm^-3,particle concentration in size range [708.33 - 762.88 nm],
Bin21,cm^-3,particle concentration in size range [762.88 - 821.62 nm],
Bin22,cm^-3,particle concentration in size range [821.62 - 884.89 nm],
Bin23,cm^-3,particle concentration in size range [884.89 - 953.03 nm],
Bin24,cm^-3,particle concentration in size range [953.03 - 1026.42 nm],
Bin25,cm^-3,particle concentration in size range [1026.42 - 1105.46 nm],
Bin26,cm^-3,particle concentration in size range [1105.46 - 1190.59 nm]],
[...]
LOCATION: Hilo, HI, USA
ASSOCIATED_DATA: N/A
INSTRUMENT_INFO: Printed Optical Particle Spectrometer counts particles from 140 - 2500 nm in diameter 
DATA_INFO: Particle concentrations reported in number per cubic centimeter, binned to 100 m altitude
UNCERTAINTY: Counting uncertainty dominated by air flow, less than 5 percent
ULOD_FLAG: -77777
ULOD_VALUE: 3000 ~3000 per cm3 (varies depending on flow rate- manufacturer quotes 1250  per cm3 at 1.667 cc/s)
LLOD_FLAG: -88888
LLOD_VALUE: 0 0 (varies depending on data field and measurement precision)
DM_CONTACT_INFO: Troy Thornberry, 325 Broadway R/CSL6, Boulder, CO 80305; troy.thornberry@noaa.gov; 303-497-3373
PROJECT_INFO: B2SAP Hilo, HI, USA
STIPULATIONS_ON_USE: Please contact the PIs for questions regarding applications and uncertainties
OTHER_COMMENTS: POPS bin Edges (nm):  140, 146.14, 152.56, 159.25, 166.24, 173.54, 181.16, 189.11, 197.41, 206.07, 215.12, 224.56, 234.41, 244.70, 361.30, 472.80, 567.00, 610.66, 657.69, 708.33, 762.88, 821.62, 884.89, 953.03, 1026.42, 1105.46, 1190.59, 1282.27, 1381.01, 1487.36, 1601.89, 1725.25, 1858.10, 2001.18, 2155.28, 2321.25, 2500
Calculations assume sulfate refractive index of 1.45+0.00j and extinction wavelength = 532 nm
REVISION: R0
R0: QA/QC data
TIME_START,TIME_STOP,TIME_MID,GPSAlt,GPS_Lon,GPS_Lat,iMet_Pressure,iMet_Temperature,THETA,Aerosol_concentration,Surface_Area_Conc,Volume_density,Effective_radius,Extinction,Bin01,Bin02,Bin03,Bin04,Bin05,Bin06,Bin07,Bin08,Bin09,Bin10,Bin11,Bin12,Bin13,Bin14,Bin15,Bin16,Bin17,Bin18,Bin19,Bin20,Bin21,Bin22,Bin23,Bin24,Bin25,Bin26,Bin27,Bin28,Bin29,Bin30,Bin31,Bin32,Bin33,Bin34,Bin35,Bin36
[from data line 142]
72976,72988,72982,14.2,-155.074,19.6879,153.8,-67.02,351.916,10.5777,1.3748,63.4238,0.138399,0.000339325,1.8106,1.55648,1.46118,0.984712,0.952947,0.508238,0.762357,0.222354,0.285884,0.349414,0.317649,0.158824,0.0317649,0.762357,0.190589,0.158824,0,0.0317649,0.0317649,0,0,0,0,0,0,0,0,0,0,0,0,0,0,0,0,0
72989,73004,72996,14.3,-155.075,19.6873,151.206,-67.2927,353.163,12.3555,1.54804,71.7489,0.139045,0.000369262,2.19955,1.81938,1.65645,1.35774,0.950421,0.651717,0.733182,0.380168,0.543098,0.298704,0.407323,0.162929,0.10862,0.678872,0.135774,0.217239,0.0271549,0,0,0,0,0.0271549,0,0,0,0,0,0,0,0,0,0,0,0,0,0
73005,73021,73013,14.4,-155.076,19.6863,148.908,-67.6418,354.112,11.5705,1.41695,60.9328,0.129008,0.000292138,1.89646,1.59814,1.5129,1.36374,0.937575,0.617947,0.724489,0.511404,0.277011,0.383553,0.319628,0.255702,0.0852341,0.724489,0.255702,0.042617,0,0.042617,0,0.0213085,0,0,0,0,0,0,0,0,0,0,0,0,0,0,0,0
73022,73040,73031,14.5,-155.076,19.6859,146.331,-67.9279,355.386,12.5747,1.54163,66.4742,0.129358,0.000325986,2.09261,2.05457,1.25557,1.17947,1.02728,0.837046,0.875093,0.684856,0.570713,0.342428,0.190238,0.247309,0.114143,0.703879,0.209261,0.114143,0.0380475,0.0190238,0.0190238,0,0,0,0,0,0,0,0,0,0,0,0,0,0,0,0,0
73041,73057,73049,14.6,-155.076,19.6855,143.916,-68.1247,356.736,12.2504,1.56047,73.3314,0.14098,0.000374404,2.0167,1.86652,1.52325,1.09416,0.793806,0.943985,0.707989,0.686535,0.450538,0.321813,0.257451,0.257451,0.300359,0.622172,0.193088,0.128725,0.0429084,0,0,0,0.0214542,0.0214542,0,0,0,0,0,0,0,0,0,0,0,0,0,0
73058,73074,73066,14.7,-155.076,19.6844,141.345,-68.7853,357.427,12.9232,1.60266,68.4804,0.128188,0.000320768,2.28938,1.96844,1.45493,1.34795,0.962822,0.748862,0.663277,0.406525,0.427921,0.470713,0.299545,0.235357,0.278149,1.00561,0.235357,0.0855842,0,0,0.021396,0.021396,0,0,0,0,0,0,0,0,0,0,0,0,0,0,0,0
73075,73089,73082,14.8,-155.077,19.683,139.255,-68.848,358.839,14.1317,1.93287,120.825,0.187531,0.000444068,2.49667,1.98764,1.81797,1.18774,1.11502,1.09078,0.799905,0.581749,0.339354,0.363593,0.387833,0.218156,0.145437,1.1635,0.218156,0.145437,0.0242396,0.0242396,0,0,0,0,0,0,0,0,0,0,0,0.0242396,0,0,0,0,0,0
73090,73104,73097,14.9,-155.076,19.6822,136.868,-68.3013,361.581,13.0786,1.58638,67.4593,0.127572,0.000300319,2.27244,1.66807,1.74059,0.94282,1.13622,1.03952,0.870295,0.628547,0.410973,0.483497,0.290098,0.314273,0.0966995,0.797771,0.290098,0.0725246,0,0,0,0,0,0.0241749,0,0,0,0,0,0,0,0,0,0,0,0,0,0
73105,73117,73111,15,-155.076,19.6816,134.65,-68.7523,362.476,14.3557,2.11202,159.458,0.226501,0.000575947,2.27556,2.16319,1.60132,1.48895,1.40467,0.927081,0.786614,0.449494,0.449494,0.393307,0.196654,0.280934,0.33712,1.15183,0.280934,0.0561867,0,0.0280934,0,0,0,0,0.0561867,0,0,0,0,0,0,0,0.0280934,0,0,0,0,0
73118,73132,73125,15.1,-155.076,19.6814,132.414,-69.2171,363.385,14.1582,1.747,74.923,0.12866,0.000359443,2.38563,1.73736,1.81516,1.42619,0.959439,1.55585,0.751993,0.726062,0.466754,0.259308,0.311169,0.363031,0.0777924,0.803854,0.363031,0.103723,0.0259308,0,0,0.0259308,0,0,0,0,0,0,0,0,0,0,0,0,0,0,0,0
73133,73153,73143,15.2,-155.075,19.6806,130.275,-69.9243,363.811,14.7885,1.76705,72.7657,0.123538,0.000332706,2.14979,2.25381,1.75104,1.71636,1.45631,1.07489,0.762828,0.658806,0.537447,0.364077,0.312066,0.294729,0.208044,0.797502,0.277392,0.138696,0.017337,0,0.017337,0,0,0,0,0,0,0,0,0,0,0,0,0,0,0,0,0
73154,73171,73162,15.3,-155.074,19.6801,128.173,-70.4028,364.648,15.117,1.87657,83.0243,0.132728,0.000383424,2.29292,2.00884,1.92767,1.31893,1.29864,1.17689,0.771069,0.994273,0.62903,0.608739,0.16233,0.284078,0.16233,1.11602,0.223204,0.0608739,0.0202913,0.0202913,0,0.0202913,0,0,0.0202913,0,0,0,0,0,0,0,0,0,0,0,0,0
73172,73186,73179,15.4,-155.074,19.6792,126.015,-71.116,365.129,13.0449,1.54418,63.9208,0.124184,0.00029976,2.34515,2.05201,1.39243,1.31915,0.855002,0.977146,0.977146,0.561859,0.488573,0.36643,0.244286,0.268715,0.171,0.684002,0.122143,0.171,0.0488573,0,0,0,0,0,0,0,0,0,0,0,0,0,0,0,0,0,0,0
73187,73202,73194,15.5,-155.074,19.6785,124.021,-71.7881,365.578,13.0154,1.67155,79.9177,0.143432,0.00040239,2.21146,1.61253,1.88896,1.03662,1.47431,0.714119,0.691083,0.52983,0.460722,0.299469,0.368577,0.207325,0.253397,0.875371,0.207325,0.0921443,0.0230361,0,0,0.0460722,0,0,0.0230361,0,0,0,0,0,0,0,0,0,0,0,0,0
73204,73221,73212,15.6,-155.073,19.6777,122.049,-71.8933,367.064,13.5981,1.63265,76.6341,0.140816,0.000310666,2.12662,2.14707,1.53362,1.51317,1.22689,0.838378,0.674792,0.838378,0.490758,0.408965,0.388517,0.224931,0.163586,0.736137,0.143138,0.102241,0,0,0.0204482,0,0,0,0,0,0,0.0204482,0,0,0,0,0,0,0,0,0,0
73222,73236,73229,15.7,-155.073,19.6772,119.789,-72.4957,367.926,13.1435,1.52154,62.2918,0.12282,0.000282591,2.35641,2.14695,1.6233,1.36148,1.20438,0.942562,0.57601,0.366552,0.471281,0.288005,0.261823,0.34037,0.183276,0.706922,0.157094,0.104729,0.0261823,0,0.0261823,0,0,0,0,0,0,0,0,0,0,0,0,0,0,0,0,0
73237,73255,73246,15.8,-155.073,19.6757,117.698,-72.2821,370.176,11.8688,1.3505,52.5298,0.11669,0.000213809,2.10357,1.6018,1.46671,1.06143,1.29302,0.675458,0.714055,0.540366,0.501768,0.250884,0.270183,0.308781,0.115793,0.79125,0.0964939,0.0385976,0,0.0192988,0.0192988,0,0,0,0,0,0,0,0,0,0,0,0,0,0,0,0,0
73256,73275,73266,15.9,-155.073,19.6739,115.893,-72.282,371.812,13.956,1.73336,87.1199,0.150782,0.000368232,2.40874,1.76519,1.83873,1.72841,1.0113,0.919367,0.882593,0.680332,0.588395,0.294198,0.239036,0.257423,0.220648,0.809043,0.0919367,0.128711,0.0183873,0.0183873,0.0367747,0,0,0,0,0,0,0,0.0183873,0,0,0,0,0,0,0,0,0
73276,73295,73286,16,-155.072,19.6719,114.004,-72.3035,373.522,13.285,1.53568,71.2955,0.139278,0.000242301,2.33904,2.26595,1.35226,1.33399,1.09643,0.931962,0.931962,0.493392,0.383749,0.456844,0.383749,0.219285,0.237559,0.603034,0.182738,0.0365475,0.0182738,0,0,0,0,0,0,0,0,0,0.0182738,0,0,0,0,0,0,0,0,0
73296,73316,73306,16.1,-155.073,19.6696,112.105,-71.291,377.213,13.9701,1.55538,57.871,0.111621,0.000218599,2.39191,1.83726,1.92393,1.42128,1.24795,0.9013,0.918632,0.675975,0.381319,0.415984,0.311988,0.173327,0.277323,0.9013,0.103996,0.0693307,0.0173327,0,0,0,0,0,0,0,0,0,0,0,0,0,0,0,0,0,0,0
73317,73337,73327,16.2,-155.073,19.6673,110.219,-70.8838,379.809,18.8121,2.5639,154.825,0.18116,0.000549813,2.64788,2.9594,2.11138,1.85179,1.43643,1.47104,1.0903,0.899933,0.67495,0.536499,0.519192,0.311515,0.24229,1.6268,0.224983,0.086532,0.0346128,0.0173064,0,0,0.0173064,0,0,0,0,0,0.0346128,0,0.0173064,0,0,0,0,0,0,0
73338,73353,73346,16.3,-155.074,19.6654,108.396,-70.0844,383.134,15.0242,2.07562,123.157,0.178006,0.000439778,2.20144,2.17874,1.29363,1.20285,1.08937,1.4298,0.975894,0.544685,0.635466,0.590075,0.453904,0.363123,0.295038,1.4071,0.204257,0.0907808,0.0226952,0,0,0.0226952,0,0,0,0,0,0,0,0,0,0.0226952,0,0,0,0,0,0
73354,73372,73363,16.4,-155.074,19.664,106.6,-69.6432,385.803,13.4278,1.93026,191.62,0.297816,0.000504887,2.01322,1.89926,1.34847,1.13956,1.10157,0.930637,0.835674,0.531793,0.569778,0.569778,0.265896,0.531793,0.341867,0.930637,0.208919,0.094963,0.0189926,0.0379852,0.0189926,0.0189926,0,0,0,0,0,0,0,0,0,0,0,0.0189926,0,0,0,0
73373,73391,73382,16.5,-155.074,19.6631,104.937,-69.1347,388.507,10.6594,1.57048,92.3246,0.176363,0.000395398,1.51735,1.34665,1.10008,0.853511,0.587974,0.625908,0.739709,0.569007,0.701776,0.587974,0.322437,0.303471,0.208636,0.739709,0.24657,0.151735,0.0189669,0,0,0,0,0,0.0189669,0,0,0,0,0.0189669,0,0,0,0,0,0,0,0
73392,73412,73402,16.6,-155.075,19.6625,103.115,-69.5857,389.591,11.2296,1.5584,78.0459,0.150243,0.000412594,1.41448,1.39723,1.25923,1.10398,0.931484,0.827986,0.620989,0.689988,0.465742,0.379493,0.344994,0.310495,0.189747,0.965983,0.120748,0.103498,0,0.0172497,0.0172497,0.0344994,0,0.0344994,0,0,0,0,0,0,0,0,0,0,0,0,0,0
73413,73430,73422,16.7,-155.076,19.6622,101.426,-70.1239,390.402,12.3341,1.76528,95.5158,0.162324,0.000481341,1.85414,1.57199,1.20922,0.927071,1.02784,0.846456,0.886764,0.70538,0.523997,0.443382,0.443382,0.221691,0.141076,1.14876,0.141076,0.120922,0.0201537,0.0201537,0.0201537,0,0.0201537,0,0.0201537,0,0.0201537,0,0,0,0,0,0,0,0,0,0,0
73431,73446,73438,16.8,-155.076,19.6618,99.85,-69.7219,392.931,12.8567,1.94061,121.859,0.188383,0.000499421,1.75132,1.75132,1.15381,1.33924,0.700527,0.947771,0.762338,0.556301,0.638716,0.473886,0.515093,0.185434,0.576904,1.05079,0.226641,0.123622,0,0.0206037,0.0206037,0,0,0,0.0206037,0,0,0,0.0412075,0,0,0,0,0,0,0,0,0
73447,73463,73455,16.9,-155.077,19.6616,97.9953,-69.0594,396.325,9.65009,1.37308,65.6198,0.143371,0.000352225,1.15197,1.1142,0.906466,1.20862,0.868697,0.491003,0.528772,0.434349,0.509887,0.434349,0.226617,0.132193,0.32104,0.982005,0.169962,0.0566542,0.0188847,0.0566542,0.0188847,0.0188847,0,0,0,0,0,0,0,0,0,0,0,0,0,0,0,0
73464,73482,73473,17,-155.077,19.6616,96.5611,-69.0647,397.99,7.58754,1.34883,79.3369,0.176457,0.000488483,0.927366,0.876783,0.758754,0.792477,0.252918,0.404669,0.539559,0.404669,0.320363,0.320363,0.168612,0.202334,0.168612,0.809338,0.370947,0.13489,0.0505836,0.0337224,0,0.0168612,0,0.0168612,0.0168612,0,0,0,0,0,0,0,0,0,0,0,0,0
73483,73504,73494,17.1,-155.078,19.662,94.975,-68.4905,401,6.13647,1.45406,121.357,0.250383,0.000681779,0.623801,0.667322,0.696336,0.362675,0.406196,0.275633,0.464224,0.333661,0.304647,0.232112,0.188591,0.116056,0.116056,0.58028,0.391689,0.159577,0.043521,0,0.058028,0.014507,0.014507,0.014507,0.043521,0,0,0,0.029014,0,0,0,0,0,0,0,0,0
73505,73523,73514,17.2,-155.079,19.6625,93.4037,-68.3068,403.277,8.90963,1.58385,108.549,0.205603,0.000631017,1.3591,1.07385,0.822169,0.922843,0.721495,0.503369,0.436253,0.536927,0.285242,0.201348,0.302021,0.251684,0.134232,0.755053,0.234905,0.16779,0.0503369,0.0335579,0.016779,0.016779,0,0.016779,0.0503369,0,0,0.016779,0,0,0,0,0,0,0,0,0,0
73524,73543,73534,17.3,-155.079,19.6631,91.8805,-68.3725,405.048,7.88171,1.24225,75.4343,0.182171,0.000397792,1.21012,0.955359,0.764287,0.732442,0.668751,0.573216,0.429912,0.398066,0.286608,0.222917,0.175149,0.222917,0.111459,0.732442,0.175149,0.143304,0,0.0159227,0.0159227,0,0,0.0159227,0.0159227,0,0,0.0159227,0,0,0,0,0,0,0,0,0,0
73544,73562,73553,17.4,-155.079,19.6636,90.3974,-68.2311,407.216,6.78498,1.23479,73.9981,0.179783,0.000440901,0.603109,0.653368,0.686874,0.569603,0.569603,0.351814,0.469085,0.402073,0.284802,0.251295,0.184283,0.184283,0.16753,0.93817,0.201036,0.134024,0.0670121,0,0.0335061,0,0,0.016753,0,0.016753,0,0,0,0,0,0,0,0,0,0,0,0
73563,73582,73572,17.5,-155.079,19.6639,88.9055,-68.082,409.456,6.19482,1.01679,57.5499,0.169799,0.000342199,0.832378,0.688313,0.800364,0.576262,0.416189,0.35216,0.368167,0.208095,0.272124,0.192087,0.17608,0.144065,0.0640291,0.70432,0.240109,0.0800364,0,0.0160073,0.0160073,0,0.0320145,0.0160073,0,0,0,0,0,0,0,0,0,0,0,0,0,0
73583,73598,73590,17.6,-155.079,19.6639,87.5007,-68.1547,411.176,11.1386,1.75592,96.5236,0.164911,0.000438625,1.48233,1.10116,0.995278,0.825869,0.719988,0.804693,0.804693,0.592931,0.465875,0.487051,0.317642,0.296466,0.296466,1.37645,0.38117,0.148233,0,0.0211761,0,0,0,0,0,0,0,0,0.0211761,0,0,0,0,0,0,0,0,0
73599,73613,73606,17.7,-155.079,19.6634,85.9453,-67.894,413.814,17.9354,2.82105,158.061,0.168087,0.000674182,1.82971,1.61696,1.44675,1.25527,1.51058,1.34037,1.36165,0.914857,0.808478,0.872305,0.765926,0.553169,0.553169,2.44671,0.44679,0.127654,0,0,0.0212757,0.0212757,0,0,0.0212757,0,0,0,0,0,0.0212757,0,0,0,0,0,0,0
73614,73633,73624,17.8,-155.08,19.6633,84.6415,-68.0315,415.348,25.5134,3.66242,176.191,0.144323,0.000723391,2.60698,2.36853,2.41622,2.11419,1.95523,1.58962,1.6532,1.41476,1.2717,1.2558,1.17632,0.953772,0.810706,3.41768,0.365613,0.0476886,0.0158962,0,0.0158962,0,0,0.0317924,0.0158962,0,0,0,0,0.0158962,0,0,0,0,0,0,0,0
73634,73652,73643,17.9,-155.081,19.6633,83.2737,-68.8121,415.697,23.0673,2.98341,121.058,0.121731,0.000509713,2.62091,2.23449,2.33529,2.04968,2.10009,1.66327,1.78087,1.22645,1.00804,1.12565,0.823233,0.823233,0.655227,2.11689,0.352814,0.100804,0.0336014,0,0,0.0168007,0,0,0,0,0,0,0,0,0,0,0,0,0,0,0,0
73653,73669,73661,18,-155.081,19.6633,81.8859,-69.2729,416.756,22.9275,3.06132,133.518,0.130844,0.000572556,2.8848,2.5077,2.05518,2.11175,1.69694,1.50839,1.48954,1.71579,0.923889,0.791905,0.848469,0.659921,0.603356,2.73396,0.282823,0.0377097,0.0188549,0,0,0.0188549,0,0,0.0377097,0,0,0,0,0,0,0,0,0,0,0,0,0
73670,73687,73678,18.1,-155.083,19.6634,80.5183,-69.6261,418.042,22.2251,2.98569,134.942,0.135589,0.000532792,2.42976,2.12604,2.12604,2.1975,1.96524,1.92951,1.10768,1.16128,1.12555,1.28634,0.786097,0.607439,0.571707,2.30469,0.375183,0.0714634,0,0.0178659,0.0178659,0,0,0,0,0,0,0,0.0178659,0,0,0,0,0,0,0,0,0
73688,73705,73696,18.2,-155.084,19.6639,79.27,-70.2606,418.601,18.7481,2.45429,106.552,0.130244,0.00047677,2.30993,1.96971,1.70111,2.05924,1.62949,1.25345,1.28926,1.07439,0.841603,0.85951,0.698352,0.483474,0.322316,1.89808,0.214877,0.0716258,0,0,0.0179065,0.0179065,0.0179065,0.0179065,0,0,0,0,0,0,0,0,0,0,0,0,0,0
73706,73722,73714,18.3,-155.085,19.6647,77.9529,-70.9712,419.136,17.3782,2.27885,95.4106,0.125604,0.000413039,2.05344,1.93936,1.5781,1.61613,1.59712,1.34995,1.02672,0.779546,0.760532,0.779546,0.608426,0.684479,0.437306,1.82528,0.22816,0.0760532,0,0,0,0.0190133,0.0190133,0,0,0,0,0,0,0,0,0,0,0,0,0,0,0
73723,73742,73732,18.4,-155.086,19.6658,76.6421,-71.2879,420.515,13.6033,1.94697,94.2598,0.145241,0.000488462,2.09675,1.50011,1.15918,0.954616,1.3126,0.835289,0.715962,0.767102,0.613682,0.613682,0.511402,0.323888,0.357981,1.3126,0.323888,0.0852336,0.0340934,0.0170467,0.0340934,0.0170467,0,0,0.0170467,0,0,0,0,0,0,0,0,0,0,0,0,0
73743,73761,73752,18.5,-155.086,19.6666,75.3968,-70.6516,423.822,9.70798,1.5618,89.0525,0.171057,0.000519411,1.30528,1.24001,0.864745,0.978956,0.652638,0.750533,0.587374,0.554742,0.358951,0.179475,0.228423,0.261055,0.195791,0.995272,0.261055,0.179475,0.0163159,0,0.0326319,0,0.0163159,0.0326319,0.0163159,0,0,0,0,0,0,0,0,0,0,0,0,0
73762,73780,73771,18.6,-155.087,19.667,74.16,-69.5879,428.063,10.0019,1.63481,87.394,0.160374,0.000497986,1.03363,1.18564,0.988032,0.836027,0.760024,0.547217,0.471215,0.577618,0.486416,0.532017,0.364812,0.212807,0.273609,1.06403,0.440814,0.121604,0.0152005,0.0456015,0.0152005,0,0,0.0152005,0.0152005,0,0,0,0,0,0,0,0,0,0,0,0,0
73781,73793,73787,18.7,-155.088,19.6671,72.9046,-68.9492,431.506,9.09438,1.42142,79.6101,0.168023,0.000385844,1.28652,0.998164,0.820712,0.709805,0.665443,0.665443,0.576717,0.354903,0.487991,0.266177,0.354903,0.110907,0.266177,1.10907,0.266177,0.0887257,0,0,0.0443628,0,0,0,0,0,0,0.0221814,0,0,0,0,0,0,0,0,0,0
73794,73814,73804,18.8,-155.09,19.6666,71.7238,-68.1895,435.137,7.884,1.14319,54.3207,0.14255,0.000281322,0.98209,1.09121,0.777488,0.600166,0.627446,0.436484,0.545606,0.436484,0.341003,0.300083,0.163682,0.122761,0.190962,0.94117,0.204602,0.0682007,0.0272803,0.0136401,0,0,0,0.0136401,0,0,0,0,0,0,0,0,0,0,0,0,0,0
73815,73833,73824,18.9,-155.091,19.6665,70.6,-67.8879,437.749,6.36423,1.07512,59.0938,0.164894,0.000356227,0.947865,0.646955,0.616864,0.481455,0.406228,0.451364,0.225682,0.210637,0.346046,0.210637,0.255773,0.240728,0.150455,0.722183,0.255773,0.0902728,0.0451364,0.0300909,0,0.0150455,0,0.0150455,0,0,0,0,0,0,0,0,0,0,0,0,0,0
73834,73852,73843,19,-155.093,19.6664,69.4226,-68.2716,439.034,6.91585,1.18938,73.3796,0.185088,0.000406795,0.800306,0.815406,0.679505,0.649305,0.513404,0.573804,0.407703,0.105701,0.271802,0.241602,0.302002,0.256702,0.135901,0.664405,0.332203,0.0755006,0.0151001,0,0.0151001,0,0.0151001,0.0151001,0.0151001,0,0.0151001,0,0,0,0,0,0,0,0,0,0,0
73853,73871,73862,19.1,-155.095,19.6663,68.3542,-68.0505,441.459,5.36983,1.04481,82.4267,0.236674,0.000430858,0.992742,0.616703,0.496371,0.451246,0.496371,0.345955,0.270748,0.19554,0.150415,0.150415,0.135374,0.105291,0.0451246,0.466288,0.19554,0.150415,0.0150415,0,0,0.0150415,0.0300831,0,0.0150415,0,0,0.0150415,0.0150415,0,0,0,0,0,0,0,0,0
