api/src/app/data/B2SAP/Locations/Hawaii/NOAA-POPS-B2SAP_GMLBalloon_20240710_R0.ict
82,1001
Thornberry, T. D.
NOAA Chemical Sciences Laboratory
Portable Optical Particle Spectrometer (POPS)
Balloon Baseline Stratospheric Aerosol Profiles (B2SAP)
1,1
2024,07,10,2024,07,23
0
TIME_START,s,Seconds since midnight UTC on flight start day,Start time of 100 m altitude bin in UTC_seconds_since_midnight
49
1.0,1.0,1.0,1.0,1.0,1.0,1.0,1.0,1.0,1.0,1.0,1.0,1.0,1.0,1.0,1.0,1.0,1.0,1.0,1.0,1.0,1.0,1.0,1.0,1.0,1.0,1.0,1.0,1.0,1.0,1.0,1.0,1.0,1.0,1.0,1.0,1.0,1.0,1.0,1.0,1.0,1.0,1.0,1.0,1.0,1.0,1.0,1.0,1.0
99999,99999,99999,99999,99999,99999,99999,99999,99999,99999,99999,99999,99999,99999,99999,99999,99999,99999,99999,99999,99999,99999,99999,99999,99999,99999,99999,99999,99999,99999,99999,99999,99999,99999,99999,99999,99999,99999,99999,99999,99999,99999,99999,99999,99999,99999,99999,99999,99999
TIME_STOP,s,End time of 100 m altitude bin in UTC seconds since midnight,
TIME_MID,s,Mid time of 100 m altitude in UTC seconds since midnight,
GPSAlt,km,GPS reported altitude above sea level (km),
GPS_Lon,deg,GPS reported longitude,
GPS_Lat,deg,GPS reported latitude,
iMet_Pressure,hPa,Pressure reported (hPa),
iMet_Temperature,degrees C,Ambient temperature (oC),
THETA,K,Potential temperature from iMet,
Aerosol_concentration,cm^-3,Aerosol concentration,
Surface_Area_Conc,um^2 cm^-3,Surface area concentration,
Volume_density,um^3 cm^-3,Volume density,
Effective_radius,um,Effective radius,
Extinction,km^-1,Extinction,
Bin01,cm^-3,particle concentration in size range [140 - 146.14 nm],
Bin02,cm^-3,particle concentration in size range [146.14 - 152.56 nm],
Bin03,cm^-3,particle concentration in size range [152.56 - 159.25 nm],
Bin04,cm^-3,particle concentration in size range [159.25 - 166.24 nm],
Bin05,cm^-3,particle concentration in size range [166.24 - 173.54 nm],
Bin06,cm^-3,particle concentration in size range [173.54 - 181.16 nm],
Bin07,cm^-3,particle concentration in size range [181.16 - 189.11 nm],
Bin08,cm^-3,particle concentration in size range [189.11 - 197.41 nm],
Bin09,cm^-3,particle concentration in size range [197.41 - 206.07 nm],
Bin10,cm^-3,particle concentration in size range [206.07 - 215.12 nm],
Bin11,cm^-3,particle concentration in size range [215.12 - 224.56 nm],
Bin12,cm^-3,particle concentration in size range [224.56 - 234.41 nm],
Bin13,cm^-3,particle concentration in size range [234.41 - 244.70 nm],
Bin14,cm^-3,particle concentration in size range [244.70 - 361.30 nm],
Bin15,cm^-3,particle concentration in size range [361.30 - 472.80 nm],
Bin16,cm^-3,particle concentration in size range [472.80 - 567.00 nm],
Bin17,cm^-3,particle concentration in size range [567.00 - 610.66 nm],
Bin18,cm^-3,particle concentration in size range [610.66 - 657.69 nm],
Bin19,cm^-3,particle concentration in size range [657.69 - 708.33 nm],
Bin20,cm^-3,particle concentration in size range [708.33 - 762.88 nm],
Bin21,cm^-3,particle concentration in size range [762.88 - 821.62 nm],
Bin22,cm^-3,particle concentration in size range [821.62 - 884.89 nm],
Bin23,cm^-3,particle concentration in size range [884.89 - 953.03 nm],
Bin24,cm^-3,particle concentration in size range [953.03 - 1026.42 nm],
Bin25,cm^-3,particle concentration in size range [1026.42 - 1105.46 nm],
Bin26,cm^-3,particle concentration in size range [1105.46 - 1190.59 nm]],
[...]
LOCATION: Hilo, HI, USA
ASSOCIATED_DATA: N/A
INSTRUMENT_INFO: Printed Optical Particle Spectrometer counts particles from 140 - 2500 nm in diameter 
DATA_INFO: Particle concentrations reported in number per cubic centimeter, binned to 100 m altitude
UNCERTAINTY: Counting uncertainty dominated by air flow, less than 5 percent
ULOD_FLAG: -77777
ULOD_VALUE: 3000 ~3000 per cm3 (varies depending on flow rate- manufacturer quotes 1250  per cm3 at 1.667 cc/s)
LLOD_FLAG: -88888
LLOD_VALUE: 0 0 (varies depending on data field and measurement precision)
DM_CONTACT_INFO: Troy Thornberry, 325 Broadway R/CSL6, Boulder, CO 80305; troy.thornberry@noaa.gov; 303-497-3373
PROJECT_INFO: B2SAP Hilo, HI, USA
STIPULATIONS_ON_USE: Please contact the PIs for questions regarding applications and uncertainties
OTHER_COMMENTS: POPS bin Edges (nm):  140, 146.14, 152.56, 159.25, 166.24, 173.54, 181.16, 189.11, 197.41, 206.07, 215.12, 224.56, 234.41, 244.70, 361.30, 472.80, 567.00, 610.66, 657.69, 708.33, 762.88, 821.62, 884.89, 953.03, 1026.42, 1105.46, 1190.59, 1282.27, 1381.01, 1487.36, 1601.89, 1725.25, 1858.10, 2001.18, 2155.28, 2321.25, 2500
Calculations assume sulfate refractive index of 1.45+0.00j and extinction wavelength = 532 nm
REVISION: R0
R0: QA/QC data
TIME_START,TIME_STOP,TIME_MID,GPSAlt,GPS_Lon,GPS_Lat,iMet_Pressure,iMet_Temperature,THETA,Aerosol_concentration,Surface_Area_Conc,Volume_density,Effective_radius,Extinction,Bin01,Bin02,Bin03,Bin04,Bin05,Bin06,Bin07,Bin08,Bin09,Bin10,Bin11,Bin12,Bin13,Bin14,Bin15,Bin16,Bin17,Bin18,Bin19,Bin20,Bin21,Bin22,Bin23,Bin24,Bin25,Bin26,Bin27,Bin28,Bin29,Bin30,Bin31,Bin32,Bin33,Bin34,Bin35,Bin36
[from data line 250]
73637,73651,73644,25.8,-155.388,19.5916,23.64,-53.8613,639.28,0.961106,0.547456,59.4967,0.326035,0.000411723,0.134108,0.0447026,0.0447026,0.0447026,0.0447026,0.0223513,0.0447026,0,0.0447026,0,0,0,0.0223513,0.134108,0.156459,0.0223513,0,0.0447026,0.0894052,0.0223513,0,0,0.0223513,0,0.0223513,0,0,0,0,0,0,0,0,0,0,0
73652,73667,73660,25.9,-155.392,19.5919,23.2931,-54.47,640.201,1.17592,0.375607,27.3276,0.218267,0.000211851,0.149663,0.0213804,0.0855216,0.0641412,0.0641412,0.106902,0.0213804,0.0213804,0,0,0.0641412,0.0641412,0.0213804,0.192424,0.0855216,0.149663,0.0427608,0,0.0213804,0,0,0,0,0,0,0,0,0,0,0,0,0,0,0,0,0
73668,73683,73676,26,-155.396,19.5921,22.9413,-54.1981,643.795,0.819441,0.453031,53.3344,0.353184,0.000296646,0.0646927,0.0215642,0.0862569,0.0431285,0.0215642,0.0646927,0,0.0431285,0,0,0.0215642,0.0215642,0,0.172514,0.0431285,0.0862569,0.0215642,0.0431285,0.0215642,0,0,0,0.0215642,0,0,0,0.0215642,0,0,0,0,0,0,0,0,0
73684,73698,73691,26.1,-155.399,19.5922,22.5913,-54.316,646.273,1.13952,0.425708,38.1606,0.26892,0.000291262,0.0930221,0.116278,0.0232555,0.162789,0.046511,0,0.0232555,0.046511,0.0930221,0.046511,0.0232555,0.0232555,0.046511,0.0930221,0.0930221,0.0930221,0.0232555,0.0232555,0,0.0232555,0.0232555,0.0232555,0,0,0,0,0,0,0,0,0,0,0,0,0,0
73699,73714,73706,26.2,-155.403,19.5921,22.2675,-53.9337,650.081,0.967876,0.513989,50.928,0.297251,0.000391241,0,0.0659915,0.0219972,0.0659915,0.0439943,0.0879887,0.0879887,0,0.0659915,0,0.0219972,0,0,0.131983,0.109986,0.0659915,0.0439943,0.0439943,0.0439943,0.0219972,0,0.0219972,0.0219972,0,0,0,0,0,0,0,0,0,0,0,0,0
73715,73730,73722,26.3,-155.407,19.5915,21.9125,-53.8012,653.466,0.959467,0.297215,28.1402,0.284039,0.000180238,0.133879,0.0446264,0.0892527,0.0223132,0.111566,0.0223132,0.0669395,0.0223132,0.0669395,0.0446264,0.0223132,0,0.0223132,0.156192,0.0223132,0.0669395,0,0,0,0,0,0,0.0446264,0,0,0,0,0,0,0,0,0,0,0,0,0
73731,73744,73738,26.4,-155.41,19.5907,21.5777,-54.3154,654.808,1.00603,0.528714,60.6248,0.343994,0.000435368,0.111781,0.0838357,0.139726,0.0558905,0.0558905,0,0.0279452,0.0279452,0.0279452,0.0279452,0.0279452,0.0279452,0.0558905,0.0558905,0.0838357,0,0,0,0.0279452,0.0279452,0.0558905,0.0558905,0.0279452,0,0,0,0,0,0,0,0,0,0,0,0,0
73745,73760,73752,26.5,-155.413,19.5899,21.2786,-54.8279,655.889,1.3812,0.523141,52.199,0.29934,0.000348788,0.104241,0.208483,0.078181,0.104241,0.078181,0,0,0.0521206,0.0521206,0.078181,0.0521206,0.0260603,0.078181,0.182422,0.104241,0.0260603,0.0260603,0,0.0521206,0.0260603,0,0,0.0260603,0.0260603,0,0,0,0,0,0,0,0,0,0,0,0
73761,73775,73768,26.6,-155.417,19.5889,20.9567,-54.5467,659.605,0.716175,0.205654,18.8505,0.274984,0.000127583,0.0493914,0.0493914,0.0987828,0.148174,0.0493914,0.0246957,0.0246957,0,0.0493914,0.0246957,0,0.0246957,0,0.0740871,0,0.0493914,0.0246957,0,0,0,0,0,0.0246957,0,0,0,0,0,0,0,0,0,0,0,0,0
73776,73791,73784,26.7,-155.421,19.588,20.6288,-53.0988,666.967,0.883409,0.251089,16.9212,0.202174,0.000126971,0.0697428,0.139486,0.0464952,0.0464952,0.0697428,0.0232476,0.0464952,0,0,0.0232476,0.0232476,0.0464952,0,0.116238,0.116238,0.0929904,0.0232476,0,0,0,0,0,0,0,0,0,0,0,0,0,0,0,0,0,0,0
73792,73807,73800,26.8,-155.425,19.5876,20.33,-52.6769,671.037,1.12946,0.42405,35.5822,0.251731,0.000276111,0.0235304,0,0.141183,0.0235304,0.164713,0.0470609,0.0470609,0.117652,0.0705913,0.0235304,0.0235304,0,0.0235304,0.0705913,0.0941218,0.164713,0.0470609,0,0.0235304,0,0,0.0235304,0,0,0,0,0,0,0,0,0,0,0,0,0,0
73808,73822,73815,26.9,-155.429,19.5872,20.0253,-53.0813,672.704,1.17353,0.34248,25.4781,0.223179,0.000187983,0.0765343,0.127557,0.153069,0.0765343,0.0510229,0.0255114,0.102046,0,0.0255114,0,0.0255114,0,0.0510229,0.204092,0.127557,0.0765343,0,0.0255114,0,0,0.0255114,0,0,0,0,0,0,0,0,0,0,0,0,0,0,0
73823,73837,73830,27,-155.432,19.5869,19.7227,-53.046,675.742,0.792954,0.367313,37.1824,0.303684,0.00023755,0.0767375,0.0255792,0.0255792,0,0.0511583,0.0255792,0.0767375,0,0.0255792,0.0511583,0,0.0255792,0,0.179054,0.0511583,0.0767375,0.0255792,0.0511583,0,0,0,0,0,0,0.0255792,0,0,0,0,0,0,0,0,0,0,0
73838,73853,73846,27.1,-155.436,19.5871,19.4438,-52.0138,681.685,1.16698,0.604118,75.8115,0.376474,0.000337819,0.12156,0.0729362,0,0.0729362,0.12156,0.0972482,0.0243121,0.0243121,0.0486241,0,0.0243121,0.0243121,0,0.170184,0.12156,0.12156,0.0243121,0.0243121,0.0243121,0,0,0,0,0,0,0,0.0486241,0,0,0,0,0,0,0,0,0
73854,73868,73861,27.2,-155.44,19.5878,19.1467,-50.612,689.032,0.936205,0.34857,29.7068,0.255675,0.000233039,0.0780171,0.0520114,0.0260057,0.0520114,0.0780171,0.0780171,0.0260057,0,0.0520114,0.0260057,0.0520114,0,0.0260057,0.156034,0.0780171,0.0260057,0.0260057,0.0520114,0.0260057,0,0.0260057,0,0,0,0,0,0,0,0,0,0,0,0,0,0,0
73869,73883,73876,27.3,-155.443,19.5889,18.8636,-49.8986,694.187,0.787607,0.297637,27.2188,0.274348,0.000213667,0.0843864,0.140644,0,0.0281288,0.0281288,0.0281288,0.0281288,0.0562576,0.0281288,0.0281288,0.0281288,0.0281288,0,0.112515,0,0.0843864,0,0,0.0281288,0.0281288,0.0281288,0,0,0,0,0,0,0,0,0,0,0,0,0,0,0
73884,73898,73891,27.4,-155.446,19.5902,18.5967,-50.1725,696.158,0.600155,0.230206,21.6224,0.281779,0.000158291,0.0666839,0.0666839,0.0666839,0.0333419,0.0333419,0,0,0,0,0,0.0333419,0.0333419,0.0333419,0.100026,0.0333419,0.0333419,0,0.0333419,0,0,0,0.0333419,0,0,0,0,0,0,0,0,0,0,0,0,0,0
73899,73914,73906,27.5,-155.45,19.5917,18.3181,-50.4756,698.216,0.856773,0.317832,27.2043,0.25678,0.000191924,0.0755976,0.0251992,0.0251992,0.0251992,0.100797,0.0503984,0,0.0503984,0,0.0755976,0,0,0.0251992,0.176394,0.0755976,0.100797,0.0251992,0,0,0,0,0,0.0251992,0,0,0,0,0,0,0,0,0,0,0,0,0
73915,73928,73922,27.6,-155.452,19.5932,18.0579,-50.4971,701.012,0.879829,0.333937,34.7337,0.312039,0.000226707,0.0586553,0.0879829,0.0586553,0.117311,0.0879829,0.0293276,0.0586553,0,0,0.0293276,0,0.0293276,0.0293276,0.117311,0.0586553,0.0293276,0.0293276,0,0,0,0,0,0.0586553,0,0,0,0,0,0,0,0,0,0,0,0,0
73929,73943,73936,27.7,-155.455,19.5948,17.7921,-49.9621,705.681,0.705298,0.242788,24.388,0.30135,0.000158245,0.0293874,0.11755,0,0.0881622,0.0293874,0.0587748,0.0293874,0.0293874,0,0,0,0,0.0881622,0.146937,0.0293874,0,0,0,0,0,0.0293874,0,0.0293874,0,0,0,0,0,0,0,0,0,0,0,0,0
73944,73957,73950,27.8,-155.457,19.5961,17.5329,-49.9293,708.749,1.15363,0.528777,53.9991,0.306362,0.000386623,0.147901,0.0887406,0.0295802,0.118321,0.0295802,0.0295802,0.0295802,0,0.0591604,0.0295802,0.0591604,0.0887406,0,0.0887406,0.0887406,0.147901,0,0,0.0295802,0,0,0.0591604,0.0295802,0,0,0,0,0,0,0,0,0,0,0,0,0
73958,73971,73964,27.9,-155.459,19.597,17.2669,-50.2992,710.673,0.883175,0.345159,27.0476,0.235088,0.000215563,0,0.130841,0.0327102,0.0327102,0,0.0327102,0.0654204,0.0327102,0.0654204,0,0.0327102,0,0,0.163551,0.0981306,0.0981306,0.0654204,0,0.0327102,0,0,0,0,0,0,0,0,0,0,0,0,0,0,0,0,0
73972,73986,73979,28,-155.461,19.5975,17.0262,-50.5338,712.779,0.690876,0.183359,13.5209,0.22122,0.000107013,0.0657978,0.0657978,0.0986966,0,0,0.0986966,0.0328989,0.0328989,0.0328989,0,0.0328989,0.0328989,0.0657978,0,0.0328989,0.0328989,0.0328989,0.0328989,0,0,0,0,0,0,0,0,0,0,0,0,0,0,0,0,0,0
73987,74001,73994,28.1,-155.463,19.5977,16.7562,-51.0223,714.467,0.534307,0.122966,9.42056,0.229832,7.23343e-05,0.0333942,0.0667884,0.0333942,0.100183,0.0667884,0.0333942,0.0333942,0.0333942,0,0,0.0333942,0,0.0333942,0,0,0.0333942,0,0,0.0333942,0,0,0,0,0,0,0,0,0,0,0,0,0,0,0,0,0
74002,74014,74008,28.2,-155.466,19.5974,16.5178,-51.0667,717.26,0.640613,0.335084,38.8765,0.348061,0.000267111,0,0.0492779,0,0.0985558,0,0,0.0492779,0.0985558,0.0492779,0,0,0.0985558,0,0.0492779,0,0.0492779,0,0,0,0,0.0492779,0,0.0492779,0,0,0,0,0,0,0,0,0,0,0,0,0
74015,74028,74022,28.3,-155.468,19.5969,16.2955,-51.0264,720.169,0.646233,0.126532,6.77544,0.160642,4.15291e-05,0.121169,0.0403896,0.0403896,0,0.0403896,0.0403896,0,0.0403896,0,0,0.0807792,0,0.0403896,0.161558,0,0.0403896,0,0,0,0,0,0,0,0,0,0,0,0,0,0,0,0,0,0,0,0
74029,74042,74036,28.4,-155.471,19.5962,16.0425,-50.5983,724.79,0.674724,0.115422,6.26893,0.162939,4.05205e-05,0.112454,0.0749693,0.0749693,0.0374846,0.0374846,0,0,0.112454,0.112454,0,0,0,0,0.0374846,0.0374846,0.0374846,0,0,0,0,0,0,0,0,0,0,0,0,0,0,0,0,0,0,0,0
74043,74056,74050,28.5,-155.474,19.5955,15.8225,-50.31,728.596,0.725593,0.302114,29.3606,0.291551,0.000233319,0.0381891,0.0763782,0,0.0381891,0.0381891,0.0763782,0.0381891,0.0763782,0,0.0763782,0.0381891,0.0381891,0,0,0.0381891,0,0.0763782,0,0,0.0381891,0.0381891,0,0,0,0,0,0,0,0,0,0,0,0,0,0,0
74057,74070,74064,28.6,-155.477,19.5949,15.5793,-50.1271,732.431,0.88308,0.244985,19.5571,0.239489,0.000148079,0.130827,0.09812,0.0327067,0.0327067,0.0654133,0.0654133,0.0654133,0.0654133,0,0.0327067,0,0,0.0327067,0.130827,0.0327067,0.0327067,0,0,0.0327067,0.0327067,0,0,0,0,0,0,0,0,0,0,0,0,0,0,0,0
74071,74081,74076,28.7,-155.48,19.5949,15.3922,-49.3633,737.479,0.861958,0.481397,48.3173,0.301107,0.000389471,0.101407,0.0507034,0.0507034,0,0.0507034,0.101407,0,0,0,0,0.0507034,0,0.0507034,0.0507034,0.101407,0.0507034,0,0,0.15211,0,0.0507034,0,0,0,0,0,0,0,0,0,0,0,0,0,0,0
74086,74094,74090,28.8,-155.483,19.595,15.18,-49.07,741.377,1.06338,0.26783,19.5903,0.219433,0.000153307,0.151911,0.151911,0,0,0,0,0,0.303822,0,0.151911,0,0.151911,0,0,0,0,0.151911,0,0,0,0,0,0,0,0,0,0,0,0,0,0,0,0,0,0,0
74579,74579,74579,28.7,-155.587,19.5879,15.43,-45.92,748.284,0.453968,0.0632546,2.22024,0.1053,5.64495e-06,0,0,0,0,0,0,0,0,0,0.453968,0,0,0,0,0,0,0,0,0,0,0,0,0,0,0,0,0,0,0,0,0,0,0,0,0,0
74587,74595,74591,28.6,-155.59,19.5873,15.5886,-47.2057,741.897,0.916155,0.380974,33.6444,0.264935,0.000273377,0.196319,0.0654396,0,0,0,0.0654396,0.0654396,0,0.0654396,0,0,0,0,0.196319,0.0654396,0.0654396,0,0.0654396,0,0.0654396,0,0,0,0,0,0,0,0,0,0,0,0,0,0,0,0
74597,74611,74604,28.5,-155.593,19.5865,15.8093,-46.8186,740.196,1.24123,0.442223,42.5924,0.288943,0.000272344,0.130655,0.0653277,0,0.130655,0.0653277,0.0326639,0.0326639,0.0979916,0.0653277,0.0653277,0.0326639,0,0.0653277,0.228647,0.0979916,0.0326639,0,0,0.0326639,0,0.0326639,0,0,0.0326639,0,0,0,0,0,0,0,0,0,0,0,0
74612,74625,74618,28.4,-155.596,19.5856,16.04,-47.2077,735.859,0.916163,0.396596,40.3403,0.305149,0.00031566,0.176185,0.0704741,0.035237,0.0704741,0.035237,0.0704741,0,0,0.035237,0.035237,0,0,0.035237,0.176185,0,0,0,0.035237,0.035237,0.035237,0.0704741,0,0,0,0,0,0,0,0,0,0,0,0,0,0,0
74626,74638,74632,28.3,-155.598,19.5847,16.2615,-47.3762,732.441,1.08171,0.475775,43.128,0.271943,0.00032452,0.104681,0,0.0697876,0,0.139575,0.0697876,0,0.0348938,0.0697876,0.0348938,0.0348938,0,0.0348938,0.104681,0.0697876,0.209363,0.0697876,0,0,0,0,0,0.0348938,0,0,0,0,0,0,0,0,0,0,0,0,0
74640,74652,74646,28.2,-155.601,19.5842,16.5108,-48.4375,725.841,0.890471,0.344116,29.174,0.254339,0.000228275,0.0742059,0,0.148412,0.0742059,0,0.037103,0,0,0.037103,0.111309,0,0,0,0.148412,0.0742059,0.111309,0,0.037103,0,0,0.037103,0,0,0,0,0,0,0,0,0,0,0,0,0,0,0
74653,74666,74660,28.1,-155.603,19.5841,16.7621,-47.6321,725.293,1.23,0.481243,38.6513,0.240947,0.000305632,0.126154,0,0.0315386,0.0630771,0,0.0315386,0.0315386,0.0315386,0.0630771,0.0315386,0.0630771,0.0630771,0.0315386,0.378463,0,0.157693,0.0315386,0.0315386,0.0315386,0.0315386,0,0,0,0,0,0,0,0,0,0,0,0,0,0,0,0
74667,74680,74674,28,-155.605,19.5843,17.0021,-46.9171,724.646,0.932364,0.415979,36.4046,0.262546,0.000290764,0.124315,0.0310788,0,0,0.0621576,0.0932364,0.0621576,0.0310788,0.0310788,0,0,0,0.0310788,0.0932364,0.186473,0.0621576,0,0,0.0932364,0.0310788,0,0,0,0,0,0,0,0,0,0,0,0,0,0,0,0
74681,74693,74687,27.9,-155.607,19.5849,17.2638,-47.0046,721.213,1.05705,0.389646,31.3032,0.241013,0.00025019,0.0660655,0.0990983,0.0660655,0.0330328,0.0330328,0,0.0330328,0.0990983,0.132131,0,0,0.0330328,0.0660655,0.0660655,0.0990983,0.132131,0.0330328,0,0.0660655,0,0,0,0,0,0,0,0,0,0,0,0,0,0,0,0,0
74694,74706,74700,27.8,-155.609,19.5858,17.5208,-46.8058,718.81,1.3896,0.503592,40.2086,0.239531,0.00032207,0.142523,0,0.178153,0.0356307,0.0356307,0.106892,0.106892,0.0356307,0.0356307,0.106892,0,0.0712613,0.0356307,0.0356307,0.178153,0.142523,0.0712613,0,0.0712613,0,0,0,0,0,0,0,0,0,0,0,0,0,0,0,0,0
74707,74718,74712,27.7,-155.61,19.587,17.7917,-47.215,714.369,0.839629,0.296943,24.4143,0.246657,0.000185207,0.069969,0.069969,0,0.069969,0.069969,0,0.0349845,0.139938,0,0,0,0,0,0.174923,0.069969,0.069969,0.0349845,0,0,0,0.0349845,0,0,0,0,0,0,0,0,0,0,0,0,0,0,0
74719,74730,74724,27.6,-155.612,19.5884,18.0425,-47.0442,712.059,1.17929,0.374405,26.7997,0.214738,0.000203459,0.104055,0,0.0693697,0.138739,0.0346849,0,0.0693697,0.104055,0.0346849,0.0693697,0.0693697,0,0,0.138739,0.173424,0.138739,0,0,0.0346849,0,0,0,0,0,0,0,0,0,0,0,0,0,0,0,0,0
74732,74741,74736,27.5,-155.614,19.5897,18.3036,-47.4073,707.997,1.02037,0.282519,20.0572,0.212983,0.00014949,0.264541,0.0377915,0.0377915,0,0.113375,0,0.0377915,0.0755831,0.0377915,0,0,0,0.0377915,0.151166,0.113375,0.0755831,0,0,0.0377915,0,0,0,0,0,0,0,0,0,0,0,0,0,0,0,0,0
74742,74753,74748,27.4,-155.616,19.5909,18.5842,-47.1775,705.645,0.504805,0.180164,12.7674,0.212598,9.64676e-05,0,0.0336536,0.0336536,0,0,0,0,0,0.0673073,0,0.0673073,0,0,0.168268,0.0673073,0.0336536,0,0.0336536,0,0,0,0,0,0,0,0,0,0,0,0,0,0,0,0,0,0
74754,74765,74760,27.3,-155.618,19.5919,18.8575,-46.8533,703.719,0.974558,0.61003,78.1306,0.38423,0.000414295,0.0336054,0.100816,0.0672109,0.0336054,0.134422,0,0.0672109,0,0.0336054,0,0,0,0,0.168027,0.100816,0.0672109,0,0.0336054,0.0336054,0,0.0336054,0,0.0336054,0,0,0,0.0336054,0,0,0,0,0,0,0,0,0
74766,74774,74770,27.2,-155.62,19.5928,19.15,-46.5089,701.699,1.68308,0.927312,83.9979,0.271746,0.000675905,0.0442915,0.0442915,0.0442915,0.088583,0.088583,0.0442915,0.088583,0.132875,0,0,0,0,0.0442915,0.177166,0.354332,0.265749,0.132875,0,0,0.0442915,0.088583,0,0,0,0,0,0,0,0,0,0,0,0,0,0,0
74775,74785,74780,27.1,-155.623,19.5936,19.4327,-47.2791,696.393,1.17959,0.428597,47.9191,0.335413,0.000248761,0.285961,0.0714903,0.0357452,0.0357452,0.0357452,0.0714903,0,0.0357452,0.107235,0.0714903,0.0357452,0.0357452,0,0.142981,0.0714903,0.0357452,0.0357452,0,0.0357452,0,0,0,0,0,0,0.0357452,0,0,0,0,0,0,0,0,0,0
74786,74794,74790,27,-155.625,19.594,19.7256,-48.2211,690.525,1.43919,0.415956,31.0567,0.22399,0.000241817,0.305282,0.0436117,0.0872234,0,0,0.0436117,0.0872234,0.218058,0.130835,0,0,0.0436117,0.0436117,0.130835,0.0872234,0.130835,0,0.0436117,0.0436117,0,0,0,0,0,0,0,0,0,0,0,0,0,0,0,0,0
74795,74801,74798,26.9,-155.627,19.5941,19.97,-49.6329,683.784,1.10891,0.561023,58.3391,0.311961,0.000439736,0.166337,0,0.0554457,0.0554457,0,0,0.0554457,0,0.110891,0.0554457,0.0554457,0.110891,0,0.110891,0.0554457,0.110891,0,0,0,0.0554457,0.0554457,0.0554457,0,0,0,0,0,0,0,0,0,0,0,0,0,0
74803,74811,74807,26.8,-155.629,19.5941,20.2956,-49.7989,680.127,1.49814,0.536686,49.223,0.27515,0.000318342,0.171216,0.042804,0.042804,0.042804,0.128412,0.042804,0.042804,0,0.085608,0.042804,0.171216,0,0,0.385236,0.171216,0.042804,0,0,0,0,0,0.042804,0.042804,0,0,0,0,0,0,0,0,0,0,0,0,0
74812,74821,74816,26.7,-155.631,19.594,20.607,-49.71,677.444,1.26714,0.368488,29.541,0.240505,0.000207486,0.0767963,0.0383981,0.115194,0.0767963,0,0.115194,0.191991,0.115194,0.0383981,0.0383981,0.0383981,0.0383981,0.0383981,0.0767963,0.115194,0.115194,0,0,0,0,0,0.0383981,0,0,0,0,0,0,0,0,0,0,0,0,0,0
74822,74832,74827,26.6,-155.634,19.5938,20.912,-48.904,677.035,0.900307,0.518853,65.9725,0.381452,0.000314686,0.225077,0,0,0,0,0.0750256,0.0375128,0,0,0,0,0,0.0375128,0.262589,0.112538,0,0,0.0750256,0,0,0.0375128,0,0,0,0,0,0.0375128,0,0,0,0,0,0,0,0,0
74833,74844,74838,26.5,-155.637,19.5934,21.22,-49.8758,671.299,1.18644,0.424164,34.5542,0.244393,0.000269413,0.031222,0.124888,0.124888,0.062444,0.093666,0.031222,0,0,0.062444,0.062444,0,0.062444,0.062444,0.124888,0.15611,0.062444,0.031222,0.062444,0,0,0.031222,0,0,0,0,0,0,0,0,0,0,0,0,0,0,0
74845,74857,74851,26.4,-155.64,19.5929,21.5523,-50.37,666.841,1.30975,0.466135,39.0089,0.251057,0.000302709,0.0569455,0.0854182,0.199309,0,0,0.113891,0.0569455,0.0854182,0.0284727,0,0.0854182,0,0.0569455,0.227782,0.142364,0,0.0284727,0.0854182,0,0.0284727,0.0284727,0,0,0,0,0,0,0,0,0,0,0,0,0,0,0
