api/data/B2SAP/Locations/Lauder/NOAA-POPS-B2SAP_GMLBalloon_20200619_R0.ict
61,1001
Thornberry, T. D.
NOAA Chemical Sciences Laboratory
Portable Optical Particle Spectrometer (POPS)
Balloon Baseline Stratospheric Aerosol Profiles (B2SAP)
1,1
2020,06,19,2024,05,28
0
TIME_START,s,Seconds since midnight UTC on flight start day,Start time of 100 m altitude bin in UTC_seconds_since_midnight
28
1.0,1.0,1.0,1.0,1.0,1.0,1.0,1.0,1.0,1.0,1.0,1.0,1.0,1.0,1.0,1.0,1.0,1.0,1.0,1.0,1.0,1.0,1.0,1.0,1.0,1.0,1.0,1.0
99999,99999,99999,99999,99999,99999,99999,99999,99999,99999,99999,99999,99999,99999,99999,99999,99999,99999,99999,99999,99999,99999,99999,99999,99999,99999,99999,99999
TIME_STOP,s,End time of 100 m altitude bin in UTC seconds since midnight,
TIME_MID,s,Mid time of 100 m altitude in UTC seconds since midnight,
GPSAlt,m,GPS reported altitude above sea level (m),
GPS_Lon,deg,GPS reported longitude,
GPS_Lat,deg,GPS reported latitude,
iMet_Pressure,mb,Pressure reported (mB),
iMet_Temperature,degrees C,Ambient temperature (oC),
THETA,K,Potential temperature from iMet,
Aerosol_concentration,cm^-3,Aerosol concentration,
Surface_Area_Conc,um^2 cm^-3,Surface area concentration,
Volume_density,um^3 cm^-3,Volume density,
Effective_radius,um,Effective radius,
Extinction,km^-1,Extinction,
Bin01,cm^-3,particle concentration in size range [140 - 170 nm],
Bin02,cm^-3,particle concentration in size range [170 - 205 nm],
Bin03,cm^-3,particle concentration in size range [205 - 249 nm],
Bin04,cm^-3,particle concentration in size range [249 - 302 nm],
Bin05,cm^-3,particle concentration in size range [302 - 366 nm],
Bin06,cm^-3,particle concentration in size range [366 - 443 nm],
Bin07,cm^-3,particle concentration in size range [443 - 537 nm],
Bin08,cm^-3,particle concentration in size range [537 - 651 nm],
Bin09,cm^-3,particle concentration in size range [651 - 789 nm],
Bin10,cm^-3,particle concentration in size range [789 - 956 nm],
Bin11,cm^-3,particle concentration in size range [956 - 1159 nm],
Bin12,cm^-3,particle concentration in size range [1159 - 1404 nm],
Bin13,cm^-3,particle concentration in size range [1404 - 1702 nm],
Bin14,cm^-3,particle concentration in size range [1702 - 2062 nm],
Bin15,cm^-3,particle concentration in size range [2062 - 2500 nm],
0
19
PI_CONTACT_INFO: 325 Broadway R/CSL6, Boulder, CO 80305; troy.thornberry@noaa.gov; 303-497-3373 
PLATFORM: GML ECC/FPH balloon
LOCATION: Lauder, NZ
ASSOCIATED_DATA: N/A
INSTRUMENT_INFO: Printed Optical Particle Spectrometer counts particles from 140 - 2500 nm in diameter 
DATA_INFO: Particle concentrations reported in number per cubic centimeter, binned to 100 m altitude
UNCERTAINTY: Counting uncertainty dominated by air flow, less than 5 percent
ULOD_FLAG: -77777
ULOD_VALUE: 3000 ~3000 per cm3 (varies depending on flow rate- manufacturer quotes 1250  per cm3 at 1.667 cc/s)
LLOD_FLAG: -88888
LLOD_VALUE: 0 0 (varies depending on data field and measurement precision)
DM_CONTACT_INFO: Troy Thornberry, 325 Broadway R/CSL6, Boulder, CO 80305; troy.thornberry@noaa.gov; 303-497-3373
PROJECT_INFO: B2SAP Lauder, NZ
STIPULATIONS_ON_USE: Please contact the PIs for questions regarding applications and uncertainties
OTHER_COMMENTS: POPS bin Edges (nm):  140, 170, 205, 249, 302, 366, 443, 537, 651, 789, 956, 1159, 1404, 1702, 2062, 2500
Calculations assume sulfate refractive index of 1.45+0.00j and extinction wavelength = 532 nm
REVISION: R0
R0: QA/QC data
TIME_START,TIME_STOP,TIME_MID,GPSAlt,GPS_Lon,GPS_Lat,iMet_Pressure,iMet_Temperature,THETA,Aerosol_concentration,Surface_Area_Conc,Volume_density,Effective_radius,Extinction,Bin01,Bin02,Bin03,Bin04,Bin05,Bin06,Bin07,Bin08,Bin09,Bin10,Bin11,Bin12,Bin13,Bin14,Bin15
[from data line 233]
7002,7021,7012,23.9,169.854,-45.0002,28.9721,-57.1263,594.196,2.94911,1.69658,154.678,0.273513,0.00121105,0.281657,0.16568,0.231953,0.397633,0.381065,0.463905,0.447337,0.364497,0.132544,0.0828402,0,0,0,0,0
7022,7041,7032,24,169.856,-45.0012,28.405,-57.068,597.739,2.84713,1.53402,131.141,0.256464,0.00106328,0.268896,0.221444,0.300531,0.284713,0.332165,0.332165,0.601061,0.395435,0.079087,0.0316348,0,0,0,0,0
7042,7059,7050,24.1,169.857,-45.0023,27.9267,-56.9172,601.05,2.87462,1.53058,147.98,0.290047,0.00102111,0.370349,0.299807,0.370349,0.370349,0.176357,0.299807,0.458528,0.423256,0.0352714,0.0352714,0.0352714,0,0,0,0
7060,7078,7069,24.2,169.859,-45.0032,27.4916,-56.8579,603.935,2.9714,1.71653,165.816,0.289799,0.00121149,0.250399,0.350559,0.217013,0.417332,0.333865,0.367252,0.434025,0.383945,0.116853,0.0834663,0,0.0166933,0,0,0
7079,7096,7088,24.3,169.861,-45.0038,27.0128,-56.3728,608.326,3.28419,1.736,168.731,0.291586,0.00116073,0.356977,0.30343,0.481919,0.446221,0.356977,0.30343,0.517617,0.30343,0.124942,0.0535465,0.0356977,0,0,0,0
7097,7114,7106,24.4,169.863,-45.0041,26.6061,-56.24,611.347,3.46202,1.66147,147.78,0.266837,0.00108351,0.376697,0.412573,0.394635,0.556077,0.376697,0.287007,0.591952,0.304945,0.107628,0.0358759,0.017938,0,0,0,0
7115,7133,7124,24.5,169.865,-45.0041,26.1658,-56.6574,613.086,3.05168,1.46857,142.821,0.291755,0.000883949,0.392115,0.34097,0.426212,0.409164,0.323921,0.409164,0.323921,0.306873,0.0681939,0,0.034097,0.0170485,0,0,0
7134,7152,7143,24.6,169.867,-45.004,25.6963,-56.7211,616.082,2.98467,1.49314,132.767,0.266755,0.000976558,0.314176,0.279267,0.471264,0.314176,0.261813,0.296721,0.680714,0.261813,0.0523626,0.0349084,0.0174542,0,0,0,0
7153,7170,7162,24.7,169.868,-45.0039,25.3256,-56.8556,618.267,2.15733,1.11647,94.5894,0.254166,0.000747285,0.14751,0.221265,0.29502,0.184387,0.184387,0.405652,0.405652,0.239703,0.0368775,0.0368775,0,0,0,0,0
7172,7191,7182,24.8,169.869,-45.0039,24.88,-56.9705,621.07,2.21343,1.19135,121.793,0.306692,0.000791967,0.249635,0.28292,0.266278,0.266278,0.299562,0.249635,0.166424,0.299562,0.0499271,0.0499271,0.0332847,0,0,0,0
7192,7210,7201,24.9,169.87,-45.0041,24.4058,-57.3258,623.479,2.97254,1.33386,104.148,0.234241,0.00081741,0.250696,0.34023,0.250696,0.465578,0.393951,0.429764,0.573019,0.196975,0.0537205,0.0179068,0,0,0,0,0
7211,7230,7220,25,169.87,-45.0047,24.0474,-57.4584,625.727,2.7668,1.5053,141.971,0.282943,0.000949993,0.179662,0.305426,0.269494,0.233561,0.395257,0.521021,0.521021,0.233561,0.0359325,0.0359325,0.0359325,0,0,0,0
7231,7249,7240,25.1,169.871,-45.0052,23.69,-57.565,628.099,2.37872,1.33328,144.352,0.324804,0.000831368,0.251409,0.212731,0.328766,0.309427,0.348105,0.251409,0.328766,0.193392,0.0580175,0.0386783,0.0193392,0.0386783,0,0,0
7250,7269,7260,25.2,169.871,-45.006,23.202,-57.3845,632.381,2.8368,1.44378,136.791,0.284234,0.00097293,0.297689,0.3152,0.385244,0.437777,0.280177,0.332711,0.3152,0.297689,0.0875555,0.0700444,0.0175111,0,0,0,0
7270,7289,7280,25.3,169.871,-45.0071,22.814,-57.677,634.56,2.22693,1.17528,120.863,0.308515,0.000791224,0.438372,0.210418,0.280558,0.192883,0.245488,0.227953,0.192883,0.298093,0.0701395,0.0350697,0.0350697,0,0,0,0
7290,7309,7300,25.4,169.871,-45.0084,22.447,-57.2745,638.718,2.71319,1.43097,136.604,0.286388,0.000977419,0.334745,0.317127,0.352363,0.176181,0.369981,0.352363,0.369981,0.264272,0.0880907,0.0704726,0.0176181,0,0,0,0
7310,7328,7319,25.5,169.872,-45.01,22.1211,-57.1037,641.887,2.60631,1.16567,103.091,0.265317,0.000715964,0.339954,0.302181,0.321067,0.415499,0.264408,0.339954,0.302181,0.226636,0.056659,0.0188863,0.0188863,0,0,0,0
7329,7346,7338,25.6,169.872,-45.0116,21.6567,-56.8022,646.703,2.55089,1.20985,117.067,0.290284,0.000797048,0.478292,0.33879,0.279004,0.279004,0.298933,0.17936,0.33879,0.219217,0.0597865,0.0597865,0,0.0199288,0,0,0
7347,7365,7356,25.7,169.873,-45.013,21.3084,-56.3726,650.985,2.31284,1.19863,107.013,0.26784,0.000837628,0.305831,0.324945,0.152915,0.210259,0.229373,0.324945,0.401403,0.229373,0.0764576,0.0573432,0,0,0,0,0
7366,7383,7374,25.8,169.874,-45.0141,20.975,-56.4161,653.795,2.14682,1.19396,199.268,0.50069,0.00067841,0.327135,0.388473,0.204459,0.286243,0.265797,0.368027,0.143122,0.10223,0,0,0.0204459,0,0,0.0408919,0
7384,7401,7392,25.9,169.875,-45.0154,20.5933,-56.6528,656.522,2.47762,1.33293,175.743,0.395541,0.000832573,0.409524,0.348095,0.26619,0.26619,0.307143,0.348095,0.204762,0.204762,0.0409524,0.0409524,0,0,0.0204762,0.0204762,0
7402,7420,7411,26,169.876,-45.0172,20.2968,-56.5153,659.656,2.09808,1.42329,220.859,0.465523,0.00101338,0.215691,0.294124,0.313732,0.176474,0.156866,0.254907,0.274516,0.235299,0.078433,0.078433,0,0,0,0,0.0196083
7421,7439,7430,26.1,169.877,-45.0194,19.9756,-55.8606,664.687,2.30784,1.21599,114.284,0.281953,0.000835366,0.356666,0.272745,0.230784,0.167843,0.272745,0.251765,0.293725,0.314706,0.125882,0,0.0209804,0,0,0,0
7440,7460,7450,26.2,169.878,-45.022,19.5629,-56.4571,666.817,2.27318,1.03786,87.1756,0.251988,0.000696606,0.342782,0.288658,0.252576,0.252576,0.288658,0.180411,0.288658,0.288658,0.0721645,0.0180411,0,0,0,0,0
7461,7481,7471,26.3,169.88,-45.0244,19.1943,-56.6319,669.919,2.44903,1.53275,199.791,0.391042,0.00103658,0.493461,0.219316,0.237593,0.164487,0.310698,0.164487,0.456909,0.255869,0.0182764,0.0731054,0.0182764,0.0182764,0,0.0182764,0
7482,7501,7492,26.4,169.882,-45.0266,18.878,-57.002,671.947,2.53627,1.38882,145.122,0.313478,0.000848477,0.234117,0.253627,0.292646,0.390195,0.312156,0.273137,0.468234,0.175588,0.0585293,0.0195098,0.0195098,0.0390195,0,0,0
7502,7520,7511,26.5,169.884,-45.0292,18.5968,-56.96,674.966,1.84013,0.875673,74.3614,0.254757,0.000572789,0.165405,0.227432,0.268784,0.186081,0.186081,0.268784,0.310135,0.165405,0.0206757,0.0413513,0,0,0,0,0
7521,7538,7530,26.6,169.886,-45.0317,18.2378,-57.2317,677.888,2.19139,0.753472,58.4791,0.232839,0.000436874,0.447222,0.313055,0.380138,0.290694,0.178889,0.223611,0.134167,0.178889,0.0223611,0.0223611,0,0,0,0,0
7539,7556,7548,26.7,169.888,-45.0337,17.8978,-56.8883,682.63,2.1065,0.909792,81.5603,0.268942,0.000514238,0.179276,0.246505,0.313733,0.380962,0.291324,0.224095,0.336143,0.0672286,0.0224095,0.0224095,0.0224095,0,0,0,0
7557,7573,7565,26.8,169.891,-45.0352,17.6135,-56.8559,685.861,2.49636,0.958661,86.438,0.270496,0.000607236,0.380398,0.451723,0.523048,0.261524,0.261524,0.261524,0.0950996,0.118874,0.0475498,0.0950996,0,0,0,0,0
7574,7590,7582,26.9,169.893,-45.0364,17.3853,-57.1629,687.436,2.34425,0.961158,72.7521,0.227076,0.000576723,0.244193,0.34187,0.268612,0.34187,0.268612,0.31745,0.268612,0.268612,0.0244193,0,0,0,0,0,0
7591,7607,7599,27,169.896,-45.0377,17.0294,-57.0806,691.786,1.91175,1.07986,99.588,0.27667,0.000806181,0.294116,0.196077,0.122548,0.220587,0.147058,0.147058,0.465684,0.0980387,0.196077,0.0245097,0,0,0,0,0
7608,7624,7616,27.1,169.898,-45.0389,16.7329,-57.3612,694.352,2.2819,0.970198,87.7244,0.271257,0.000557227,0.318975,0.368048,0.245365,0.368048,0.147219,0.343511,0.269902,0.147219,0.049073,0,0,0.0245365,0,0,0
7625,7641,7633,27.2,169.901,-45.0399,16.3941,-57.2835,698.682,2.05969,0.948643,77.2906,0.244425,0.000623232,0.175827,0.251182,0.301418,0.326536,0.150709,0.226064,0.351654,0.175827,0.100473,0,0,0,0,0,0
7642,7658,7650,27.3,169.903,-45.0407,16.1929,-57.0324,701.962,1.84651,0.771628,61.1656,0.237805,0.000497246,0.328831,0.202357,0.202357,0.354125,0.101179,0.126473,0.227652,0.278241,0.0252947,0,0,0,0,0,0
7659,7677,7668,27.4,169.906,-45.0418,15.9439,-57.185,704.576,1.87142,0.717979,57.6743,0.240986,0.000438399,0.215933,0.359888,0.28791,0.239925,0.263918,0.0959702,0.19194,0.167948,0.0239925,0.0239925,0,0,0,0,0
7678,7695,7686,27.5,169.909,-45.0427,15.6256,-57.0922,708.964,2.06695,0.923987,87.1061,0.282816,0.000557086,0.295278,0.270671,0.295278,0.221458,0.319884,0.196852,0.221458,0.172245,0.0246065,0.0246065,0.0246065,0,0,0,0
7696,7714,7705,27.6,169.911,-45.0433,15.2958,-57.3932,712.297,1.28867,0.487748,35.4002,0.217736,0.000272114,0.140582,0.234304,0.0702911,0.164013,0.281164,0.140582,0.164013,0.0702911,0.0234304,0,0,0,0,0,0
7715,7732,7724,27.7,169.914,-45.0439,15.0406,-57.8656,714.166,1.40336,0.557946,42.1681,0.226732,0.000335625,0.1253,0.22554,0.22554,0.15036,0.2506,0.10024,0.10024,0.22554,0,0,0,0,0,0,0
7733,7751,7742,27.8,169.916,-45.0447,14.8063,-58.2642,716.034,1.43559,0.974849,142.88,0.439699,0.000669697,0.145993,0.145993,0.170325,0.194657,0.121661,0.145993,0.243321,0.194657,0.0243321,0.0243321,0,0,0,0.0243321,0
7752,7770,7761,27.9,169.92,-45.0458,14.5732,-58.1932,719.545,1.55703,0.890974,88.5698,0.298223,0.000615884,0.1703,0.267614,0.0729856,0.194628,0.145971,0.0729856,0.316271,0.218957,0.0729856,0,0.0243285,0,0,0,0
7772,7787,7780,28,169.923,-45.0468,14.275,-57.5943,725.81,2.00796,1.36362,214.705,0.472359,0.000880562,0.197504,0.296256,0.296256,0.230422,0.197504,0.263339,0.263339,0.131669,0,0.0658347,0.0329174,0,0,0.0329174,0
1096,2480,1788,0.4,169.683,-45.0376,980.866,2.43874,277.114,52.3635,25.3806,3615.44,0.427347,0.0143212,11.7981,10.8934,8.46267,6.11447,4.11015,3.0474,2.63626,1.70802,0.886366,0.774064,1.03737,0.522176,0.203033,0.102151,0.0678892
8792,8792,8792,27.5,170.115,-45.0915,14.69,-55.93,725.456,1.38657,0.63878,46.4919,0.218347,0.000375378,0,0.462188,0,0,0,0.462188,0.462188,0,0,0,0,0,0,0,0
8798,8798,8798,27.2,170.116,-45.0916,15.66,-55.25,714.542,2.30373,0.581615,37.0761,0.19124,0.00027877,0.460746,0.921492,0,0.460746,0,0,0.460746,0,0,0,0,0,0,0,0
8799,8800,8800,27.1,170.116,-45.0917,15.855,-55.245,712.048,2.75492,1.10996,96.2865,0.260244,0.000769815,0.459153,0.688729,0,0.918306,0,0,0.229576,0.229576,0.229576,0,0,0,0,0,0
8801,8801,8801,27,170.117,-45.0918,16.09,-55.19,709.219,2.21868,0.514689,27.6717,0.161292,0.000167681,0,1.33121,0,0,0.443736,0.443736,0,0,0,0,0,0,0,0,0
8802,8803,8802,26.9,170.117,-45.0919,16.325,-55.265,706.058,3.3856,1.48844,113.752,0.229271,0.000926574,0.451414,0.451414,0,0.451414,0.902827,0,0.677121,0.451414,0,0,0,0,0,0,0
8804,8805,8804,26.8,170.117,-45.092,16.665,-55.44,701.351,3.16243,1.63785,142.987,0.261905,0.0011815,0.451776,0.451776,0.225888,0.225888,0.451776,0.225888,0.451776,0.451776,0.225888,0,0,0,0,0,0
8806,8807,8806,26.7,170.118,-45.0921,17.01,-55.605,696.729,2.03808,1.25161,147.677,0.353967,0.00104835,0.679361,0.226454,0.226454,0,0.226454,0.226454,0,0,0.226454,0.226454,0,0,0,0,0
8808,8808,8808,26.6,170.118,-45.0922,17.29,-55.54,693.703,4.01383,2.3022,192.71,0.251121,0.00165819,0,0.891963,0.445981,0,0.445981,0,1.33794,0.891963,0,0,0,0,0,0,0
8809,8810,8810,26.5,170.118,-45.0923,17.525,-55.81,690.157,1.53458,0.365617,17.8352,0.146343,9.12841e-05,0.219226,0,0.219226,0.438452,0.657678,0,0,0,0,0,0,0,0,0,0
8811,8812,8812,26.4,170.118,-45.0924,17.8,-56.115,686.143,2.23197,1.51505,194.445,0.385027,0.00129728,0.892787,0,0.223197,0.446394,0,0,0.223197,0,0,0.446394,0,0,0,0,0
8813,8813,8813,26.3,170.119,-45.0926,18.11,-56.34,682.038,2.59912,2.38082,279.363,0.352017,0.00206852,0.433187,0,0.433187,0,0,0.433187,0,0.866375,0,0.433187,0,0,0,0,0
8814,8815,8814,26.2,170.119,-45.0927,18.39,-56.57,678.351,2.5606,1.24122,89.281,0.215791,0.000709347,0,0.213384,0.213384,0.426767,0,0.853534,0.853534,0,0,0,0,0,0,0,0
8816,8817,8816,26.1,170.119,-45.0929,18.705,-56.77,674.454,4.82725,2.59738,216.932,0.250559,0.00177397,0,0.20988,1.0494,0.629641,0.629641,0.629641,0.629641,0.839522,0.20988,0,0,0,0,0,0
8818,8819,8818,26,170.119,-45.0931,19.105,-56.71,670.565,4.20368,2.90164,279.432,0.288904,0.00222233,0.420368,0.210184,0.210184,0.420368,0.210184,0.630551,0.840735,1.05092,0,0.210184,0,0,0,0,0
8820,8820,8820,25.9,170.119,-45.0932,19.4,-56.62,667.92,3.78174,2.50498,273.451,0.327489,0.00199517,0.420193,0.420193,0.420193,0.840386,0,0,0.840386,0.420193,0,0.420193,0,0,0,0,0
8821,8822,8822,25.8,170.12,-45.0933,19.625,-56.345,666.549,1.46628,0.683347,46.9402,0.206075,0.000360215,0,0,0,0.209469,0.628408,0.209469,0.418938,0,0,0,0,0,0,0,0
8823,8824,8824,25.7,170.12,-45.0935,20.03,-55.91,664.018,1.87822,0.646231,51.8261,0.240592,0.000423475,0.626072,0.208691,0.208691,0.417381,0,0,0,0.417381,0,0,0,0,0,0,0
8825,8825,8825,25.6,170.12,-45.0936,20.39,-55.71,661.234,4.04361,3.62198,502.665,0.416345,0.00211527,0,0.404361,0.404361,0.404361,0,1.61744,0.404361,0.404361,0,0,0.404361,0,0,0,0
8826,8827,8826,25.5,170.12,-45.0938,20.725,-55.825,657.83,1.64319,1.15487,130.555,0.339144,0.000963764,0.616195,0,0,0.205398,0,0,0.410796,0.205398,0,0.205398,0,0,0,0,0
8828,8829,8828,25.4,170.12,-45.0939,21.07,-56.02,654.142,4.33213,2.99814,317.208,0.317405,0.00235185,0.618876,0.412584,0,0.412584,0.618876,0.825169,0,1.03146,0,0.412584,0,0,0,0,0
8830,8830,8830,25.3,170.12,-45.0941,21.37,-56.02,651.499,3.657,2.0386,180.538,0.26568,0.00149998,0.812668,0.406334,0,0,0.406334,0.406334,1.219,0,0.406334,0,0,0,0,0,0
8831,8831,8831,25.2,170.12,-45.0943,21.68,-55.97,648.984,2.93255,2.34722,261.383,0.334075,0.0018851,0,0.418935,0,0.418935,0.418935,0.418935,0.418935,0.418935,0,0.418935,0,0,0,0,0
8834,8834,8834,25.1,170.12,-45.0945,22.37,-56.43,641.831,3.82521,2.34289,215.85,0.27639,0.00185599,0.765042,0.765042,0,0,0,0,1.53008,0.382521,0.382521,0,0,0,0,0,0
8836,8836,8836,25,170.12,-45.0946,22.81,-56.44,638.254,2.03561,1.50032,131.051,0.262047,0.00112766,0,0,0,0.407121,0,0.407121,0.407121,0.814243,0,0,0,0,0,0,0
8837,8837,8837,24.9,170.12,-45.0947,23.03,-56.45,636.454,1.58066,0.635504,50.9105,0.240331,0.000411591,0.395165,0,0,0.790331,0,0,0,0.395165,0,0,0,0,0,0,0
8839,8841,8840,24.7,170.12,-45.0948,23.6,-56.34,632.372,3.49725,1.71537,155.715,0.272329,0.00126896,0.971457,0.194291,0.388583,0,0.777166,0.194291,0.194291,0.388583,0.388583,0,0,0,0,0,0
8842,8843,8842,24.6,170.12,-45.0948,24.26,-56.045,628.245,3.49841,1.3705,96.9302,0.212179,0.000733199,0,0.388713,0.583069,0.777425,0.583069,0.583069,0.194356,0.388713,0,0,0,0,0,0,0
8844,8845,8844,24.5,170.12,-45.0949,24.75,-55.98,624.853,3.88596,2.35197,296.769,0.378536,0.00132237,0.582895,0,0.777193,0.971491,0.194298,0.388596,0.194298,0.582895,0,0,0,0.194298,0,0,0
8846,8847,8846,24.4,170.121,-45.0949,25.215,-56.055,621.322,3.44266,1.50739,113.853,0.22659,0.000917939,0.191259,0.765034,0.382517,0.191259,0.191259,0.765034,0.573776,0.382517,0,0,0,0,0,0,0
8848,8848,8848,24.3,170.121,-45.095,25.55,-55.88,619.49,5.36015,3.7613,504.445,0.402343,0.00229536,1.1486,0.765736,0.382868,0.382868,0.382868,0,1.53147,0.382868,0,0,0.382868,0,0,0,0
8849,8850,8850,24.2,170.121,-45.095,25.795,-55.9,617.754,4.15264,1.8751,147.044,0.235258,0.00115865,0.377512,0.755025,0.188756,0.377512,0.377512,1.13254,0.566269,0.188756,0.188756,0,0,0,0,0,0
8851,8852,8852,24.1,170.121,-45.0951,26.32,-56.265,613.178,3.0252,1.89242,166.572,0.264061,0.00138201,0.189075,0.189075,0,0.567225,0.189075,0.756301,0.189075,0.756301,0.189075,0,0,0,0,0,0
8853,8853,8853,24,170.121,-45.0951,26.9,-56.52,608.627,3.7205,1.67074,124.011,0.222676,0.000993572,0,0.7441,0.37205,0,1.11615,0.37205,0.7441,0.37205,0,0,0,0,0,0,0
8854,8854,8854,23.9,170.121,-45.0952,27.17,-56.61,606.647,3.72205,1.32198,85.6171,0.194293,0.000616894,0.372205,0.74441,0,0.74441,0,1.48882,0.372205,0,0,0,0,0,0,0,0
8857,8857,8857,23.8,170.121,-45.0953,27.88,-56.65,602.1,5.22979,3.28903,314.665,0.287013,0.00230135,0,0,0.373557,1.12067,1.12067,0.747113,1.12067,0.373557,0,0.373557,0,0,0,0,0
8858,8859,8858,23.7,170.122,-45.0954,28.41,-56.575,599.066,3.27001,1.26643,97.1328,0.230095,0.000726132,0,0.363335,0.363335,1.45334,0.363335,0.181667,0.181667,0.181667,0.181667,0,0,0,0,0,0
8860,8860,8860,23.6,170.122,-45.0955,28.85,-56.47,596.737,1.81579,0.629429,39.9074,0.190208,0.000290019,0,0,0.726317,0,0.726317,0,0.363159,0,0,0,0,0,0,0,0
8861,8864,8862,23.5,170.122,-45.0956,29.34,-56.6833,593.278,3.61323,1.74409,139.377,0.239741,0.00108156,0.116556,0.233112,0.349668,0.582779,0.699335,0.932447,0.233112,0.233112,0.233112,0,0,0,0,0,0
8865,8866,8866,23.4,170.122,-45.0957,30.01,-57.01,588.586,4.00983,1.7767,142.038,0.239834,0.00113399,0.871703,0.174341,0.174341,0.348681,1.04604,0.348681,0.523022,0.348681,0.174341,0,0,0,0,0,0
