api/data/B2SAP/Locations/Lauder/NOAA-POPS-B2SAP_GMLBalloon_20230121_R0.ict
61,1001
Thornberry, T. D.
NOAA Chemical Sciences Laboratory
Portable Optical Particle Spectrometer (POPS)
Balloon Baseline Stratospheric Aerosol Profiles (B2SAP)
1,1
2023,01,21,2024,05,28
0
TIME_START,s,Seconds since midnight UTC on flight start day,Start time of 100 m altitude bin in UTC_seconds_since_midnight
28
1.0,1.0,1.0,1.0,1.0,1.0,1.0,1.0,1.0,1.0,1.0,1.0,1.0,1.0,1.0,1.0,1.0,1.0,1.0,1.0,1.0,1.0,1.0,1.0,1.0,1.0,1.0,1.0
99999,99999,99999,99999,99999,99999,99999,99999,99999,99999,99999,99999,99999,99999,99999,99999,99999,99999,99999,99999,99999,99999,99999,99999,99999,99999,99999,99999
TIME_STOP,s,End time of 100 m altitude bin in UTC seconds since midnight,
TIME_MID,s,Mid time of 100 m altitude in UTC seconds since midnight,
GPSAlt,m,GPS reported altitude above sea level (m),
GPS_Lon,deg,GPS reported longitude,
GPS_Lat,deg,GPS reported latitude,
iMet_Pressure,mb,Pressure reported (mB),
iMet_Temperature,degrees C,Ambient temperature (oC),
THETA,K,Potential temperature from iMet,
Aerosol_concentration,cm^-3,Aerosol concentration,
Surface_Area_Conc,um^2 cm^-3,Surface area concentration,
Volume_density,um^3 cm^-3,Volume density,
Effective_radius,um,Effective radius,
Extinction,km^-1,Extinction,
Bin01,cm^-3,particle concentration in size range [140 - 170 nm],
Bin02,cm^-3,particle concentration in size range [170 - 205 nm],
Bin03,cm^-3,particle concentration in size range [205 - 249 nm],
Bin04,cm^-3,particle concentration in size range [249 - 302 nm],
Bin05,cm^-3,particle concentration in size range [302 - 366 nm],
Bin06,cm^-3,particle concentration in size range [366 - 443 nm],
Bin07,cm^-3,particle concentration in size range [443 - 537 nm],
Bin08,cm^-3,particle concentration in size range [537 - 651 nm],
Bin09,cm^-3,particle concentration in size range [651 - 789 nm],
Bin10,cm^-3,particle concentration in size range [789 - 956 nm],
Bin11,cm^-3,particle concentration in size range [956 - 1159 nm],
Bin12,cm^-3,particle concentration in size range [1159 - 1404 nm],
Bin13,cm^-3,particle concentration in size range [1404 - 1702 nm],
Bin14,cm^-3,particle concentration in size range [1702 - 2062 nm],
Bin15,cm^-3,particle concentration in size range [2062 - 2500 nm],
0
19
PI_CONTACT_INFO: 325 Broadway R/CSL6, Boulder, CO 80305; troy.thornberry@noaa.gov; 303-497-3373 
PLATFORM: GML ECC/FPH balloon
LOCATION: Lauder, NZ
ASSOCIATED_DATA: N/A
INSTRUMENT_INFO: Printed Optical Particle Spectrometer counts particles from 140 - 2500 nm in diameter 
DATA_INFO: Particle concentrations reported in number per cubic centimeter, binned to 100 m altitude
UNCERTAINTY: Counting uncertainty dominated by air flow, less than 5 percent
ULOD_FLAG: -77777
ULOD_VALUE: 3000 ~3000 per cm3 (varies depending on flow rate- manufacturer quotes 1250  per cm3 at 1.667 cc/s)
LLOD_FLAG: -88888
LLOD_VALUE: 0 0 (varies depending on data field and measurement precision)
DM_CONTACT_INFO: Troy Thornberry, 325 Broadway R/CSL6, Boulder, CO 80305; troy.thornberry@noaa.gov; 303-497-3373
PROJECT_INFO: B2SAP Lauder, NZ
STIPULATIONS_ON_USE: Please contact the PIs for questions regarding applications and uncertainties
OTHER_COMMENTS: POPS bin Edges (nm):  140, 170, 205, 249, 302, 366, 443, 537, 651, 789, 956, 1159, 1404, 1702, 2062, 2500
Calculations assume sulfate refractive index of 1.45+0.00j and extinction wavelength = 532 nm
REVISION: R0
R0: QA/QC data
TIME_START,TIME_STOP,TIME_MID,GPSAlt,GPS_Lon,GPS_Lat,iMet_Pressure,iMet_Temperature,THETA,Aerosol_concentration,Surface_Area_Conc,Volume_density,Effective_radius,Extinction,Bin01,Bin02,Bin03,Bin04,Bin05,Bin06,Bin07,Bin08,Bin09,Bin10,Bin11,Bin12,Bin13,Bin14,Bin15
[from data line 157]
81243,81263,81253,16.1,170.501,-45.1969,105.722,-56.8785,410.975,6.71341,3.20816,387.377,0.362242,0.00199408,2.01402,1.18776,0.800445,0.438954,0.593878,0.30985,0.438954,0.413133,0.180746,0.129104,0.154925,0.0516416,0,0,0
81265,81286,81276,16.2,170.508,-45.1979,104.216,-57.445,411.58,5.95267,2.65058,294.174,0.332955,0.00167808,1.7327,0.950192,0.61483,0.670724,0.447149,0.335362,0.530989,0.195628,0.223575,0.139734,0.0558936,0.0558936,0,0,0
81289,81309,81299,16.3,170.514,-45.1987,102.435,-57.821,412.884,7.04485,3.19961,397.511,0.372712,0.00184621,2.32581,1.24717,0.741563,0.573026,0.438196,0.505611,0.404489,0.370782,0.101122,0.101122,0.13483,0.0674148,0.0337074,0,0
81311,81331,81321,16.4,170.52,-45.1992,100.858,-57.7811,414.805,6.46907,3.40025,452.042,0.398832,0.00216641,2.05834,1.28646,0.588098,0.551342,0.514585,0.183781,0.294049,0.330805,0.183781,0.257293,0.0367561,0.110268,0.0735122,0,0
81333,81350,81342,16.5,170.525,-45.1998,99.3967,-57.2244,417.611,6.73923,3.11052,368.37,0.355281,0.00205402,1.93503,1.20105,1.16769,0.333625,0.467076,0.433713,0.467076,0.13345,0.100088,0.366988,0.13345,0,0,0,0
81353,81373,81363,16.6,170.53,-45.2013,97.7808,-57.1262,419.754,6.47292,3.65876,450.465,0.369359,0.0024574,1.78005,0.901586,0.439234,0.809115,0.67041,0.208058,0.531704,0.392999,0.323646,0.208058,0.138705,0.0693527,0,0,0
81378,81396,81387,16.7,170.536,-45.2031,96.3222,-57.3189,421.198,6.19018,2.71657,308.763,0.340977,0.00161989,1.90724,1.17111,0.669209,0.334604,0.368065,0.501906,0.535367,0.334604,0.167302,0.0334604,0.133842,0.0334604,0,0,0
81397,81417,81407,16.8,170.541,-45.2056,94.843,-57.488,422.725,6.24325,3.14786,384.077,0.366036,0.00202866,1.689,1.05562,0.874659,0.542892,0.331767,0.542892,0.301607,0.361928,0.120643,0.241285,0.150803,0.0301607,0,0,0
81419,81441,81430,16.9,170.548,-45.2083,93.4175,-57.37,424.789,6.37685,3.46537,420.256,0.363819,0.00242888,1.87555,0.975283,0.750218,0.475138,0.325094,0.500145,0.400116,0.350102,0.225065,0.350102,0.125036,0.0250073,0,0,0
81443,81465,81454,17,170.555,-45.211,91.9433,-57.4492,426.575,6.02651,2.83579,319.234,0.337721,0.00186887,1.55685,1.15508,0.652872,0.502209,0.477099,0.426878,0.577541,0.100442,0.251105,0.225994,0.0251105,0.0753314,0,0,0
81467,81488,81478,17.1,170.562,-45.2137,90.4306,-57.1088,429.271,7.2077,4.01892,499.602,0.372937,0.00276215,2.24357,1.28961,0.547644,0.353319,0.529978,0.459314,0.47698,0.512312,0.282655,0.300321,0.141327,0.0529978,0.0176659,0,0
81489,81511,81500,17.2,170.569,-45.2158,89.15,-56.5758,432.088,6.56543,3.46825,408.067,0.352973,0.00221397,1.56675,0.920154,0.77094,0.52225,0.77094,0.447643,0.547119,0.497381,0.174083,0.149214,0.174083,0.024869,0,0,0
81513,81533,81523,17.3,170.577,-45.2177,87.8009,-56.1709,434.791,7.10267,3.9571,473.044,0.358629,0.00269307,1.66001,1.19738,0.843612,0.517052,0.517052,0.544266,0.680332,0.353773,0.326559,0.272133,0.136066,0.0544266,0,0,0
81535,81555,81545,17.4,170.584,-45.2189,86.5027,-55.6236,437.74,6.31182,3.38261,396.328,0.351499,0.00234985,1.67954,1.00231,0.677234,0.40634,0.514698,0.541787,0.514698,0.270894,0.270894,0.297983,0.135447,0,0,0,0
81557,81575,81566,17.5,170.591,-45.2193,85.173,-55.006,440.933,6.58969,3.98247,471.905,0.355486,0.0028794,1.63997,0.86471,0.596352,0.417446,0.626169,0.626169,0.536717,0.357811,0.447264,0.327993,0.11927,0.0298176,0,0,0
81577,81595,81586,17.6,170.597,-45.2191,83.8069,-55.1915,442.6,5.61697,2.8038,323.586,0.346229,0.00181557,1.16449,1.23299,0.684996,0.502331,0.410998,0.273998,0.456664,0.456664,0.159832,0.136999,0.0684996,0.0684996,0,0,0
81596,81614,81605,17.7,170.602,-45.2187,82.78,-54.7256,445.106,6.26959,3.1526,370.687,0.352744,0.00205638,1.53474,1.04493,0.751045,0.685737,0.587774,0.293887,0.457158,0.293887,0.293887,0.163271,0.130617,0.0326541,0,0,0
81616,81631,81624,17.8,170.607,-45.2182,81.505,-54.515,447.519,6.26026,2.97974,332.061,0.334319,0.00197525,1.20812,1.35456,0.842024,0.695585,0.402707,0.512536,0.402707,0.256268,0.256268,0.219658,0.109829,0,0,0,0
81636,81652,81644,17.9,170.611,-45.2179,80.1878,-55.0711,448.464,7.13247,2.99191,329.545,0.330436,0.0018473,2.00498,1.1504,0.953187,0.920319,0.525897,0.328685,0.427291,0.328685,0.197211,0.164343,0.0986056,0.0328685,0,0,0
81654,81669,81662,18,170.614,-45.2178,78.985,-54.975,450.599,6.35721,4.10675,519.975,0.379844,0.0028573,1.42914,1.33058,0.197123,0.591368,0.394246,0.492807,0.591368,0.492807,0.344965,0.246403,0.197123,0.0492807,0,0,0
81671,81684,81678,18.1,170.616,-45.2178,77.8771,-54.4714,453.475,4.2081,2.3152,242.009,0.313592,0.00166344,0.935134,0.467567,0.467567,0.170024,0.510073,0.425061,0.340049,0.552579,0.127518,0.170024,0.0425061,0,0,0,0
81689,81708,81698,18.2,170.618,-45.2183,76.5906,-55.0112,454.506,5.75371,3.65373,448.931,0.368607,0.00251737,1.33205,0.684525,0.444016,0.481018,0.53652,0.610523,0.592022,0.333012,0.314512,0.240509,0.111004,0.055502,0.0185007,0,0
81713,81726,81720,18.3,170.62,-45.2191,75.3343,-55.7414,455.13,7.40307,3.43422,352.704,0.308108,0.00243305,2.15584,1.09826,0.65082,0.528791,0.813525,0.569467,0.284734,0.65082,0.32541,0.284734,0,0.0406762,0,0,0
81728,81746,81737,18.4,170.622,-45.2201,74.3088,-56.3113,455.723,5.24818,3.98423,537.739,0.4049,0.00268409,0.975624,0.77377,0.403706,0.235495,0.639202,0.403706,0.740128,0.336422,0.168211,0.269138,0.201853,0.100927,0,0,0
81748,81768,81758,18.5,170.624,-45.2216,73.19,-56.8456,456.568,5.56528,3.76313,478.729,0.381647,0.00265308,1.32363,0.782148,0.391074,0.451239,0.451239,0.300826,0.631735,0.421156,0.391074,0.210578,0.12033,0.0601652,0.0300826,0,0
81773,81788,81780,18.6,170.626,-45.2234,72.0913,-57.265,457.661,6.36098,4.67655,629.746,0.403981,0.00321964,1.38724,0.81204,0.575195,0.507525,0.54136,0.6767,0.40602,0.40602,0.40602,0.304515,0.236845,0.101505,0,0,0
81793,81811,81802,18.7,170.63,-45.2252,70.8891,-57.6691,459.003,5.59588,3.33564,404.983,0.364232,0.0023817,1.45443,0.764195,0.616286,0.394423,0.443726,0.443726,0.34512,0.394423,0.320469,0.271166,0.123257,0.0246514,0,0,0
81812,81833,81822,18.8,170.633,-45.2262,70.0308,-57.3692,461.241,5.78627,3.76201,462.341,0.368693,0.00270672,1.21579,0.788013,0.562866,0.405264,0.63041,0.472808,0.540352,0.360235,0.270176,0.382749,0.0900586,0.067544,0,0,0
81835,81856,81846,18.9,170.638,-45.2278,68.835,-57.153,463.99,5.90755,4.12527,524.977,0.381776,0.00300001,1.38204,0.596175,0.704571,0.460681,0.379384,0.379384,0.650373,0.433582,0.352285,0.379384,0.0541977,0.108395,0.0270989,0,0
81858,81880,81869,19,170.643,-45.2291,67.769,-57.605,465.08,5.80764,3.28964,375.32,0.342275,0.00232192,1.1997,0.927041,0.545318,0.59985,0.436255,0.545318,0.463521,0.463521,0.245393,0.272659,0.0817978,0.0272659,0,0,0
81882,81901,81892,19.1,170.648,-45.2298,66.787,-57.817,466.567,6.51056,4.25783,524.796,0.369763,0.00310575,1.43775,1.13935,0.542547,0.379783,0.379783,0.623929,0.569674,0.51542,0.352655,0.379783,0.162764,0.0271273,0,0,0
81905,81924,81914,19.2,170.653,-45.2298,65.6287,-57.5867,469.409,5.79515,3.73625,461.687,0.370709,0.00260848,1.11931,0.595763,0.704083,0.667976,0.649923,0.379122,0.523549,0.361068,0.324961,0.270801,0.198588,0,0,0,0
81925,81945,81935,19.3,170.656,-45.2295,64.8225,-57.37,471.535,6.1033,3.94455,465.618,0.354122,0.00292779,1.48641,0.65312,0.360342,0.675642,0.427906,0.540513,0.472949,0.698163,0.292778,0.360342,0.135128,0,0,0,0
81946,81969,81958,19.4,170.658,-45.2293,63.7445,-57.2236,474.132,6.24102,4.70958,584.373,0.372245,0.00347043,1.20398,0.393135,0.565132,0.589702,0.638844,0.368564,0.810841,0.589702,0.589702,0.27028,0.147426,0.0491419,0.0245709,0,0
81971,81987,81979,19.5,170.661,-45.2291,62.8563,-56.5025,477.62,5.79254,3.98017,498.949,0.376076,0.00274967,1.18561,0.508118,0.541992,0.508118,0.609741,0.711365,0.541992,0.304871,0.440369,0.203247,0.203247,0.0338745,0,0,0
81991,82003,81997,19.6,170.662,-45.2294,61.8683,-55.6417,481.696,5.00208,3.30037,413.973,0.376297,0.00237722,0.766084,0.991402,0.540765,0.450637,0.315446,0.585829,0.405574,0.180255,0.225319,0.405574,0.0450637,0.0901275,0,0,0
82007,82026,82016,19.7,170.662,-45.23,60.927,-55.873,483.298,5.40382,3.62014,443.028,0.367136,0.00259692,1.15604,0.645232,0.537694,0.349501,0.430155,0.537694,0.537694,0.483924,0.268847,0.295731,0.080654,0.080654,0,0,0
82028,82042,82035,19.8,170.663,-45.2306,60.1031,-56.7269,483.266,5.28201,3.97421,502.113,0.379029,0.00288186,0.93212,0.600699,0.455703,0.434989,0.372848,0.579986,0.559272,0.455703,0.414275,0.269279,0.124283,0.0828551,0,0,0
82049,82067,82058,19.9,170.663,-45.2314,59.0838,-57.4175,484.097,5.53685,3.51582,401.452,0.342553,0.00261907,1.41797,0.438897,0.27009,0.573942,0.472658,0.573942,0.540181,0.472658,0.405136,0.27009,0.101284,0,0,0,0
82069,82082,82076,20,170.664,-45.2328,58.2586,-55.84,489.593,5.46078,3.32209,388.664,0.350982,0.00222164,1.07677,0.6153,0.423018,0.461475,0.576843,0.692212,0.730668,0.30765,0.269194,0.153825,0.115369,0,0.0384562,0,0
82087,82106,82096,20.1,170.665,-45.2347,57.336,-55.855,491.798,4.90249,3.23238,368.309,0.34183,0.00243934,0.91585,0.700356,0.188557,0.430988,0.538735,0.430988,0.484862,0.511798,0.350178,0.269368,0.0538735,0.0269368,0,0,0
82109,82126,82118,20.2,170.666,-45.2367,56.4278,-56.3811,492.852,5.69532,3.66138,426.826,0.349726,0.00258787,0.989188,0.629483,0.569532,0.509581,0.659458,0.419655,0.689434,0.539557,0.329729,0.209828,0.0899261,0.0599508,0,0,0
82128,82145,82136,20.3,170.667,-45.2385,55.5446,-56.7623,494.198,5.43074,4.09421,503.897,0.369227,0.00301977,1.01567,0.62184,0.331648,0.248736,0.5182,0.559656,0.684024,0.642568,0.31092,0.31092,0.145096,0.041456,0,0,0
82146,82165,82156,20.4,170.668,-45.2395,54.905,-57.023,495.251,6.9191,5.02182,583.513,0.348587,0.00386275,1.4595,0.675693,0.297305,0.405416,0.540555,0.648666,1.00003,0.864887,0.459471,0.432444,0.0810832,0.0540555,0,0,0
82167,82185,82176,20.5,170.67,-45.2408,53.9738,-56.4025,499.1,6.55481,4.04006,419.994,0.311872,0.00309182,1.31772,0.506815,0.405452,0.709541,0.608178,0.777117,0.574391,0.844692,0.473028,0.304089,0.0337877,0,0,0,0
82187,82200,82194,20.6,170.672,-45.2416,53.2286,-56.4029,501.087,5.50712,3.70028,413.676,0.335387,0.00283533,1.04713,0.62052,0.31026,0.504173,0.426608,0.581738,0.46539,0.775651,0.426608,0.271478,0.0387825,0.0387825,0,0,0
82205,82225,82215,20.7,170.673,-45.2427,52.4122,-56.0189,504.201,4.28285,2.28396,235.618,0.309486,0.00153738,0.748751,0.5391,0.32945,0.38935,0.62895,0.44925,0.5391,0.32945,0.14975,0.1198,0.0599,0,0,0,0
82227,82245,82236,20.8,170.675,-45.2434,51.567,-55.472,507.814,4.47004,2.62854,271.939,0.310368,0.00195284,0.700127,0.565487,0.457775,0.296207,0.484703,0.565487,0.430847,0.484703,0.242352,0.215424,0.026928,0,0,0,0
82246,82266,82256,20.9,170.676,-45.2434,50.9156,-55.0731,510.609,4.56408,2.91596,324.728,0.334086,0.00218529,1.06102,0.454724,0.336832,0.319991,0.303149,0.336832,0.690506,0.437882,0.404199,0.134733,0.0842081,0,0,0,0
82268,82288,82278,21,170.676,-45.2436,50.0978,-54.9956,513.15,4.47924,2.41423,241.58,0.300195,0.00176003,1.04424,0.46716,0.4122,0.2748,0.43968,0.43968,0.46716,0.549601,0.21984,0.1374,0.02748,0,0,0,0
82289,82309,82299,21.1,170.678,-45.2442,49.3411,-55.0956,515.151,4.5987,2.63186,259.483,0.295779,0.00193494,0.870759,0.489802,0.353746,0.43538,0.299324,0.43538,0.598647,0.816337,0.136056,0.136056,0.0272112,0,0,0,0
82311,82331,82321,21.2,170.679,-45.2446,48.5744,-55.2022,517.211,4.20263,2.29374,217.8,0.284863,0.00172693,0.894753,0.271137,0.406706,0.406706,0.542274,0.244024,0.406706,0.650729,0.271137,0.108455,0,0,0,0,0
82335,82352,82344,21.3,170.68,-45.2446,47.8525,-55.4075,518.933,4.58443,2.49142,243.71,0.29346,0.00186224,0.947448,0.336191,0.611257,0.397317,0.397317,0.397317,0.550131,0.550131,0.183377,0.21394,0,0,0,0,0
82354,82374,82364,21.4,170.681,-45.2442,47.1367,-55.5338,520.88,3.87957,2.03918,195.044,0.286944,0.00147473,0.759554,0.38562,0.490789,0.25708,0.350564,0.38562,0.502474,0.444047,0.186967,0.105169,0.0116855,0,0,0,0
82375,82393,82384,21.5,170.682,-45.2436,46.5236,-55.8109,522.158,4.58356,2.43716,250.825,0.30875,0.00165219,1.09026,0.400505,0.400505,0.422755,0.333754,0.578507,0.511756,0.556257,0.133502,0.0890011,0.0445006,0.0222503,0,0,0
82397,82413,82405,21.6,170.684,-45.2431,45.775,-55.99,524.156,4.49445,2.29105,205.617,0.269243,0.00166171,1.16183,0.305745,0.244596,0.366893,0.458617,0.428042,0.580915,0.672638,0.214021,0.0611489,0,0,0,0,0
82415,82432,82424,21.7,170.684,-45.243,45.1422,-55.2833,527.957,3.70392,1.8421,179.238,0.291903,0.00127895,0.844275,0.381286,0.326816,0.354051,0.435755,0.381286,0.354051,0.245112,0.326816,0.0272347,0,0.0272347,0,0,0
82436,82454,82445,21.8,170.684,-45.2429,44.4412,-55.5087,529.769,3.54073,1.79315,153.562,0.256914,0.00122896,0.523412,0.338678,0.2771,0.246311,0.492623,0.554201,0.554201,0.338678,0.184734,0.0307889,0,0,0,0,0
82455,82472,82464,21.9,170.684,-45.2432,43.7108,-55.3992,532.559,3.09092,1.5664,158.574,0.303705,0.00106462,0.678495,0.376942,0.301553,0.263859,0.301553,0.339247,0.301553,0.263859,0.188471,0.0376942,0.0188471,0.0188471,0,0,0
82473,82492,82482,22,170.683,-45.2431,43.1994,-55.0269,535.259,2.47676,0.953219,86.1876,0.271252,0.000599992,0.718566,0.351639,0.321061,0.152886,0.22933,0.198752,0.244618,0.122309,0.10702,0.0152886,0.0152886,0,0,0,0
82494,82511,82502,22.1,170.683,-45.2433,42.4933,-54.6467,538.729,1.73971,0.440894,28.1349,0.19144,0.000205438,0.625207,0.353378,0.135914,0.0271829,0.217463,0.19028,0.135914,0.0543658,0,0,0,0,0,0,0
82514,82530,82522,22.2,170.683,-45.2439,41.895,-55.065,539.876,1.99487,0.715081,71.3161,0.299194,0.000414091,0.767258,0.306903,0.214832,0.0920709,0.0920709,0.214832,0.122761,0.0920709,0.0613806,0,0.0306903,0,0,0,0
82533,82550,82542,22.3,170.682,-45.2447,41.2844,-54.7422,542.947,2.47567,0.916123,71.3985,0.233806,0.000579888,0.598514,0.380873,0.435283,0.0816156,0.217642,0.0544104,0.462488,0.190436,0.0544104,0,0,0,0,0,0
82552,82568,82560,22.4,170.681,-45.2457,40.6688,-54.935,544.807,2.29512,0.838352,76.6673,0.27435,0.000458772,0.673237,0.36722,0.275415,0.122407,0.153008,0.244813,0.306017,0.122407,0,0,0.0306017,0,0,0,0
82572,82591,82582,22.5,170.68,-45.2469,40.0394,-54.2689,548.9,2.58948,0.95075,77.9409,0.245935,0.000547938,0.654183,0.354349,0.258948,0.245319,0.313463,0.218061,0.327092,0.163546,0.0408865,0,0.0136288,0,0,0,0
82592,82609,82600,22.6,170.679,-45.2482,39.5462,-53.9254,551.726,2.80689,1.14969,93.7759,0.244699,0.000737975,0.659336,0.339087,0.244896,0.20722,0.395601,0.320249,0.244896,0.301411,0.0753527,0.0188382,0,0,0,0,0
82612,82631,82622,22.7,170.679,-45.2501,38.9211,-54.0411,553.941,2.72853,1.25931,108.639,0.258808,0.000866267,0.600276,0.272853,0.327423,0.163712,0.245567,0.381994,0.245567,0.354708,0.109141,0.0272853,0,0,0,0,0
82635,82647,82641,22.8,170.678,-45.2518,38.3771,-53.6529,557.162,2.52655,1.08595,86.9701,0.24026,0.000718734,0.526365,0.35091,0.245637,0.175455,0.280728,0.105273,0.456183,0.35091,0.035091,0,0,0,0,0,0
82652,82668,82660,22.9,170.678,-45.2534,37.8511,-53.8633,558.828,3.3737,1.61958,156.054,0.289063,0.00110181,0.70739,0.462524,0.380902,0.29928,0.272073,0.272073,0.462524,0.29928,0.136036,0.0544146,0.0272073,0,0,0,0
82673,82690,82682,23,170.678,-45.2553,37.1767,-54.045,561.239,2.64112,1.2045,100.816,0.2511,0.000792626,0.453943,0.33014,0.206338,0.288873,0.268239,0.268239,0.515844,0.226971,0.0412675,0.0412675,0,0,0,0,0
82692,82709,82700,23.1,170.678,-45.2565,36.7039,-53.9117,563.643,3.10721,1.35939,109.323,0.241261,0.000865315,0.599148,0.278673,0.320474,0.278673,0.334408,0.390143,0.57128,0.26474,0.041801,0.0278673,0,0,0,0,0
82712,82728,82720,23.2,170.678,-45.2573,36.1388,-54.0962,565.659,3.51813,1.34166,100.979,0.225793,0.000804889,0.799574,0.31983,0.415778,0.351813,0.479744,0.287847,0.479744,0.351813,0.031983,0,0,0,0,0,0
82731,82744,82738,23.3,170.677,-45.2578,35.65,-54.0043,568.117,2.56229,1.02128,80.4521,0.236328,0.000611581,0.40848,0.40848,0.222807,0.259942,0.371346,0.297077,0.371346,0.185673,0,0.0371346,0,0,0,0,0
82747,82764,82756,23.4,170.676,-45.2586,35.1487,-53.8012,570.939,2.87272,1.00198,73.9178,0.221315,0.000560323,0.620246,0.293801,0.35909,0.35909,0.424379,0.35909,0.261156,0.0979336,0.0979336,0,0,0,0,0,0
