api/data/B2SAP/Locations/Lauder/NOAA-POPS-B2SAP_GMLBalloon_20200127_R0.ict
61,1001
Thornberry, T. D.
NOAA Chemical Sciences Laboratory
Portable Optical Particle Spectrometer (POPS)
Balloon Baseline Stratospheric Aerosol Profiles (B2SAP)
1,1
2020,01,27,2024,05,28
0
TIME_START,s,Seconds since midnight UTC on flight start day,Start time of 100 m altitude bin in UTC_seconds_since_midnight
28
1.0,1.0,1.0,1.0,1.0,1.0,1.0,1.0,1.0,1.0,1.0,1.0,1.0,1.0,1.0,1.0,1.0,1.0,1.0,1.0,1.0,1.0,1.0,1.0,1.0,1.0,1.0,1.0
99999,99999,99999,99999,99999,99999,99999,99999,99999,99999,99999,99999,99999,99999,99999,99999,99999,99999,99999,99999,99999,99999,99999,99999,99999,99999,99999,99999
TIME_STOP,s,End time of 100 m altitude bin in UTC seconds since midnight,
TIME_MID,s,Mid time of 100 m altitude in UTC seconds since midnight,
GPSAlt,m,GPS reported altitude above sea level (m),
GPS_Lon,deg,GPS reported longitude,
GPS_Lat,deg,GPS reported latitude,
iMet_Pressure,mb,Pressure reported (mB),
iMet_Temperature,degrees C,Ambient temperature (oC),
THETA,K,Potential temperature from iMet,
Aerosol_concentration,cm^-3,Aerosol concentration,
Surface_Area_Conc,um^2 cm^-3,Surface area concentration,
Volume_density,um^3 cm^-3,Volume density,
Effective_radius,um,Effective radius,
Extinction,km^-1,Extinction,
Bin01,cm^-3,particle concentration in size range [140 - 170 nm],
Bin02,cm^-3,particle concentration in size range [170 - 205 nm],
Bin03,cm^-3,particle concentration in size range [205 - 249 nm],
Bin04,cm^-3,particle concentration in size range [249 - 302 nm],
Bin05,cm^-3,particle concentration in size range [302 - 366 nm],
Bin06,cm^-3,particle concentration in size range [366 - 443 nm],
Bin07,cm^-3,particle concentration in size range [443 - 537 nm],
Bin08,cm^-3,particle concentration in size range [537 - 651 nm],
Bin09,cm^-3,particle concentration in size range [651 - 789 nm],
Bin10,cm^-3,particle concentration in size range [789 - 956 nm],
Bin11,cm^-3,particle concentration in size range [956 - 1159 nm],
Bin12,cm^-3,particle concentration in size range [1159 - 1404 nm],
Bin13,cm^-3,particle concentration in size range [1404 - 1702 nm],
Bin14,cm^-3,particle concentration in size range [1702 - 2062 nm],
Bin15,cm^-3,particle concentration in size range [2062 - 2500 nm],
0
19
PI_CONTACT_INFO: 325 Broadway R/CSL6, Boulder, CO 80305; troy.thornberry@noaa.gov; 303-497-3373 
PLATFORM: GML ECC/FPH balloon
LOCATION: Lauder, NZ
ASSOCIATED_DATA: N/A
INSTRUMENT_INFO: Printed Optical Particle Spectrometer counts particles from 140 - 2500 nm in diameter 
DATA_INFO: Particle concentrations reported in number per cubic centimeter, binned to 100 m altitude
UNCERTAINTY: Counting uncertainty dominated by air flow, less than 5 percent
ULOD_FLAG: -77777
ULOD_VALUE: 3000 ~3000 per cm3 (varies depending on flow rate- manufacturer quotes 1250  per cm3 at 1.667 cc/s)
LLOD_FLAG: -88888
LLOD_VALUE: 0 0 (varies depending on data field and measurement precision)
DM_CONTACT_INFO: Troy Thornberry, 325 Broadway R/CSL6, Boulder, CO 80305; troy.thornberry@noaa.gov; 303-497-3373
PROJECT_INFO: B2SAP Lauder, NZ
STIPULATIONS_ON_USE: Please contact the PIs for questions regarding applications and uncertainties
OTHER_COMMENTS: POPS bin Edges (nm):  140, 170, 205, 249, 302, 366, 443, 537, 651, 789, 956, 1159, 1404, 1702, 2062, 2500
Calculations assume sulfate refractive index of 1.45+0.00j and extinction wavelength = 532 nm
REVISION: R0
R0: QA/QC data
TIME_START,TIME_STOP,TIME_MID,GPSAlt,GPS_Lon,GPS_Lat,iMet_Pressure,iMet_Temperature,THETA,Aerosol_concentration,Surface_Area_Conc,Volume_density,Effective_radius,Extinction,Bin01,Bin02,Bin03,Bin04,Bin05,Bin06,Bin07,Bin08,Bin09,Bin10,Bin11,Bin12,Bin13,Bin14,Bin15
[from data line 79]
82336,82355,82346,13.3,170.47,-45.2228,163.723,-56.5347,363.275,30.8915,32.4015,3730.73,0.345422,0.0278863,1.59256,1.14337,0.673773,1.49047,1.55172,2.32758,6.47231,7.94236,4.41015,2.91968,0.347095,0.0204174,0,0,0
82356,82376,82366,13.4,170.476,-45.2254,161.045,-56.8167,364.511,18.8405,16.5317,1824.64,0.331117,0.0134236,1.01891,1.09301,0.703972,1.38942,1.64878,2.11192,3.64954,3.89037,1.88961,1.22269,0.185256,0.0370512,0,0,0
82377,82398,82388,13.5,170.483,-45.2282,158.617,-56.7623,366.184,12.8708,8.47364,821.605,0.29088,0.00641887,1.12995,0.988706,0.617941,1.44775,1.34182,1.83617,2.15397,2.11866,0.74153,0.476698,0,0.0176555,0,0,0
82399,82419,82409,13.6,170.489,-45.2313,156.048,-56.7895,367.859,15.5747,12.4658,1324.78,0.318819,0.00985214,1.11374,0.93696,0.565712,1.21982,1.34356,2.28052,2.96999,2.66945,1.67946,0.636425,0.141428,0,0.0176785,0,0
82420,82443,82432,13.7,170.495,-45.2348,153.55,-57.0422,369.126,18.8047,16.2255,1785.16,0.330065,0.0131122,1.21757,0.744071,0.72716,1.57269,1.62343,2.67189,3.58507,3.14539,2.08002,1.23448,0.169107,0.0338214,0,0,0
82444,82465,82454,13.8,170.502,-45.2382,151.046,-57.343,370.342,16.6085,13.7091,1496.24,0.327427,0.010967,1.01248,0.817769,0.895651,1.90813,1.4603,1.63554,2.94007,3.07637,1.83024,0.837239,0.155765,0.0194707,0.0194707,0,0
82466,82486,82476,13.9,170.51,-45.2413,148.628,-57.2155,372.277,17.8536,14.5815,1554.38,0.319798,0.0115483,1.02742,0.72425,0.757936,1.8022,1.6843,2.15591,3.65494,3.16649,1.93695,0.741093,0.202116,0,0,0,0
82487,82510,82498,14,170.518,-45.2443,146.351,-56.4054,375.33,16.0514,12.8705,1374.82,0.320459,0.0100542,0.860398,0.803979,0.733454,1.70669,1.29765,2.3132,3.15949,2.77866,1.49512,0.705244,0.183364,0.0141049,0,0,0
82510,82532,82521,14.1,170.526,-45.2472,144.118,-55.6778,378.243,16.6492,13.5345,1432.39,0.317498,0.0106993,0.645432,0.660101,0.836127,1.61358,1.80427,2.43504,3.00712,3.09514,1.5549,0.850796,0.146689,0,0,0,0
82533,82555,82544,14.2,170.533,-45.2499,141.797,-55.1055,380.999,19.8198,18.6835,2129.95,0.342004,0.0153069,0.975846,0.975846,0.437448,1.58154,1.63202,2.18724,3.93703,3.85291,2.54057,1.36282,0.269199,0.0672997,0,0,0
82556,82576,82566,14.3,170.542,-45.2528,139.433,-55.1323,382.795,21.1705,22.8069,2755.2,0.362416,0.0191972,1.16463,0.6729,0.569377,1.44932,1.26816,1.81165,3.67507,4.96911,2.97629,2.09634,0.439973,0.0517615,0.0258808,0,0
82578,82598,82588,14.4,170.55,-45.2552,137.343,-55.3847,384,18.9135,20.3192,2443.23,0.360727,0.017104,0.974012,0.743791,0.478151,1.31049,1.08027,1.38133,3.27622,4.78151,2.69182,1.7178,0.425023,0.0531279,0,0,0
82600,82620,82610,14.5,170.557,-45.2572,135.478,-55.21,385.808,15.1447,15.0227,1770.09,0.353483,0.0123232,1.05772,0.560914,0.528861,0.977592,1.02567,1.31414,2.66033,3.81421,1.74684,1.07375,0.3686,0.0160261,0,0,0
82621,82642,82632,14.6,170.565,-45.2593,133.415,-55.3432,387.271,9.55588,8.03284,900.771,0.336408,0.0063046,0.489261,0.703313,0.412814,0.947944,0.963233,1.0091,1.57481,1.89589,0.902075,0.473972,0.152894,0.0305788,0,0,0
82642,82661,82652,14.7,170.571,-45.2612,131.521,-55.9095,387.848,8.32112,7.2656,815.212,0.336605,0.00582973,0.620979,0.443557,0.408072,0.55001,0.585495,1.08228,1.49035,1.63229,0.904856,0.461299,0.124196,0.0177423,0,0,0
82662,82682,82672,14.8,170.577,-45.2634,129.233,-56.408,388.897,8.70425,7.69431,897.645,0.34999,0.00593158,0.777467,0.35493,0.35493,0.726762,0.625354,1.04789,1.72395,1.57184,0.912678,0.338029,0.219719,0.0507044,0,0,0
82682,82702,82692,14.9,170.583,-45.2657,127.175,-56.8425,389.904,9.49597,7.90728,876.148,0.332408,0.00633946,0.830898,0.64437,0.356099,0.949597,0.610455,0.881769,1.76354,1.93311,0.847855,0.542627,0.135657,0,0,0,0
82702,82723,82712,15,170.589,-45.268,125.044,-57.4571,390.682,9.83083,8.19089,901.332,0.330122,0.0065511,0.761201,0.680222,0.372503,0.939355,0.680222,0.987942,1.86251,1.81393,1.1661,0.42109,0.11337,0.0323915,0,0,0
82723,82742,82732,15.1,170.595,-45.2701,123.429,-58.2305,390.724,8.1988,6.81971,738.822,0.325009,0.00537211,0.394691,0.484393,0.340869,0.879084,0.592036,0.843203,1.75817,1.66846,0.789381,0.322929,0.107643,0.0179405,0,0,0
82743,82763,82753,15.2,170.602,-45.2716,121.206,-58.449,392.361,6.4629,4.88141,564.893,0.34717,0.0035485,0.599316,0.469734,0.275361,0.923271,0.728898,0.761294,1.02046,0.777491,0.469734,0.242966,0.194373,0,0,0,0
82763,82784,82774,15.3,170.608,-45.2728,119.229,-58.6252,393.889,6.40946,3.65002,353.307,0.290388,0.00248931,0.618171,0.601903,0.357888,1.0574,0.780847,0.780847,1.12247,0.634439,0.27655,0.113874,0.0650706,0,0,0,0
82784,82804,82794,15.4,170.614,-45.2737,117.451,-58.682,395.473,6.84731,4.16593,440.435,0.317169,0.00286397,0.700099,0.58057,0.512268,1.17822,0.836704,0.700099,1.05869,0.683024,0.27321,0.204907,0.102454,0.0170756,0,0,0
82805,82825,82815,15.5,170.619,-45.2747,115.609,-58.7585,397.121,8.28237,5.22475,520.523,0.298879,0.00381966,0.818011,0.562383,0.494215,1.19293,0.954347,1.0566,1.4656,0.937305,0.426048,0.323796,0.0511257,0,0,0,0
82826,82847,82836,15.6,170.624,-45.276,113.865,-59.1018,398.218,7.0569,4.32331,451.38,0.313218,0.00296218,0.652841,0.404139,0.590665,1.21242,0.885998,0.994805,1.10361,0.575122,0.279789,0.248701,0.0932629,0.0155438,0,0,0
82848,82870,82859,15.7,170.63,-45.2777,111.945,-59.5761,399.264,6.10355,3.28238,297.188,0.271621,0.00230418,0.625242,0.640129,0.431715,0.922976,0.640129,0.833656,0.982523,0.625242,0.223301,0.178641,0,0,0,0,0
82870,82895,82882,15.8,170.636,-45.2795,109.989,-60.4192,399.697,5.96507,3.68558,382.932,0.3117,0.00263183,0.687768,0.449694,0.330658,0.991973,0.767126,0.661315,0.912615,0.568731,0.277752,0.2513,0.0529052,0.0132263,0,0,0
82897,82920,82908,15.9,170.643,-45.2813,108.12,-61.1692,400.246,7.45191,4.73052,488.723,0.309938,0.00342384,0.703552,0.516895,0.631761,1.06251,0.990716,0.904567,0.904567,0.947641,0.459462,0.244089,0.0861492,0,0,0,0
82921,82941,82931,16,170.65,-45.2823,106.467,-61.0323,402.267,10.7028,9.11428,1074.85,0.353792,0.00711035,0.846198,0.673824,0.642483,1.2693,1.01857,0.97156,1.62971,1.67673,1.0029,0.705165,0.172374,0.094022,0,0,0
82943,82957,82950,16.1,170.655,-45.2831,104.847,-60.2513,405.527,18.6735,21.2281,2663.76,0.376448,0.0175528,0.891393,0.525693,0.502837,1.25709,1.14281,1.66851,3.33701,3.93127,2.9256,1.75993,0.617118,0.114281,0,0,0
82958,82974,82966,16.2,170.658,-45.2841,103.048,-59.5959,408.791,25.0842,30.6493,3858.62,0.377687,0.0257226,0.866361,0.644734,0.48355,0.946953,1.04769,1.91405,4.95639,6.40704,4.4124,2.33716,0.967101,0.10074,0,0,0
82975,82989,82982,16.3,170.66,-45.285,101.602,-59.6021,410.425,31.0023,38.1818,4805.43,0.37757,0.032289,1.0741,0.659105,0.488226,1.41585,1.39144,2.05055,6.02959,8.20219,5.15078,3.31993,1.04969,0.170879,0,0,0
82990,83003,82996,16.4,170.662,-45.2861,100.071,-60.1915,411.079,26.8927,33.2532,4153.95,0.374756,0.0285418,1.18644,0.421846,0.369115,1.00188,1.10735,2.10923,4.7194,7.27685,4.64031,3.16385,0.790961,0.105462,0,0,0
83003,83024,83014,16.5,170.664,-45.2878,98.4973,-60.975,411.425,26.5806,32.2048,4020.05,0.374484,0.0274209,1.013,0.456564,0.527902,1.18421,1.29835,2.22575,4.9366,6.59164,4.35162,3.09607,0.84179,0.0570705,0,0,0
83026,83046,83036,16.6,170.668,-45.2895,96.7129,-60.159,415.163,18.3203,20.2523,2490.95,0.368987,0.0167305,0.810378,0.332834,0.41966,1.25898,1.25898,2.05489,3.51646,3.50199,2.89421,1.6497,0.56437,0.0578841,0,0,0
83047,83066,83056,16.7,170.672,-45.2906,95.2405,-59.429,418.427,36.9067,50.4159,6651.69,0.395809,0.0432915,1.31756,0.726927,0.605773,1.49929,1.39328,2.51396,5.66398,8.82914,6.89067,5.66398,1.65073,0.151443,0,0,0
83067,83083,83075,16.8,170.675,-45.2913,93.8612,-58.9388,421.133,36.2005,49.1644,6441.52,0.39306,0.0419991,1.06734,0.444723,0.444723,1.68995,1.19186,2.72171,5.76362,9.55266,6.24392,5.31889,1.58322,0.177889,0,0,0
83085,83104,83094,16.9,170.679,-45.2923,92.2526,-59.45,422.204,27.9051,35.4712,4572.83,0.38675,0.0300864,1.05362,0.47892,0.590668,1.34098,1.66026,2.09128,4.27835,6.68892,5.02866,3.48015,1.00573,0.207532,0,0,0
83106,83126,83116,17,170.683,-45.2936,90.7467,-60.3295,422.457,22.8391,26.6643,3360.52,0.378092,0.0222565,0.970334,0.593786,0.550339,1.44826,1.34688,2.2448,3.72203,5.12684,3.47582,2.49101,0.753095,0.115861,0,0,0
83127,83147,83137,17.1,170.687,-45.2949,89.2976,-60.5129,424.032,12.0588,9.60603,1063.31,0.332075,0.00731356,0.681206,0.594243,0.4638,1.56532,1.36241,1.6233,2.27552,1.56532,1.1595,0.536268,0.202912,0.0289875,0,0,0
83148,83168,83158,17.2,170.691,-45.2954,88.0019,-59.0843,428.671,9.12464,5.61448,551.89,0.294893,0.00383268,0.431765,0.532511,0.575687,1.61192,1.23773,1.38165,1.8422,0.79157,0.402981,0.215883,0.0863531,0,0.0143922,0,0
83169,83187,83178,17.3,170.695,-45.2958,86.4485,-58.1065,432.826,9.23082,6.09239,605.559,0.298188,0.00439813,0.435983,0.451017,0.601356,1.35305,1.17265,1.75897,1.53346,0.887001,0.676526,0.285644,0.0751696,0,0,0,0
83188,83208,83198,17.4,170.697,-45.2962,85.1525,-57.8455,435.22,9.79321,7.07864,742.934,0.314863,0.00508251,0.434921,0.359934,0.509907,1.1098,1.42474,1.79967,1.87466,1.25977,0.509907,0.344937,0.149973,0.0149973,0,0,0
83208,83223,83216,17.5,170.699,-45.2965,83.8807,-56.6567,439.515,10.162,7.31079,769.117,0.315609,0.00529058,0.417617,0.51705,0.397731,1.51138,1.29263,1.67047,1.98865,1.27274,0.536937,0.397731,0.139206,0.0198865,0,0,0
83223,83242,83232,17.6,170.701,-45.2973,82.3953,-57.1374,440.781,9.63574,5.93385,544.09,0.275078,0.00403328,0.377256,0.487289,0.47157,1.28896,1.2418,1.88628,2.24782,1.06889,0.408694,0.0785949,0.0785949,0,0,0,0
83243,83262,83252,17.7,170.703,-45.2988,81.0952,-57.3862,442.276,7.89732,4.32184,390.284,0.270915,0.00274292,0.513183,0.456163,0.441908,1.18317,1.25445,1.66784,1.38274,0.612969,0.242336,0.0712754,0.0712754,0,0,0,0
83264,83284,83274,17.8,170.706,-45.3002,79.7681,-57.9857,443.137,8.30528,4.3942,348.6,0.237996,0.00279825,0.457434,0.443139,0.314486,1.02923,1.32942,1.78685,2.07275,0.68615,0.142948,0.0428844,0,0,0,0,0
83285,83305,83295,17.9,170.708,-45.3016,78.2871,-58.7971,443.828,7.51883,4.11615,350.409,0.255391,0.00268815,0.315676,0.444816,0.473514,1.20531,0.875284,1.70752,1.53533,0.66005,0.172187,0.114791,0.0143489,0,0,0,0
83306,83323,83314,18,170.71,-45.3029,76.9706,-58.9517,445.674,8.40834,4.56418,381.337,0.25065,0.00301249,0.385243,0.401992,0.50249,1.33997,1.37347,1.49072,1.79222,0.770485,0.234495,0.117248,0,0,0,0,0
83324,83341,83332,18.1,170.712,-45.3039,75.68,-59.1356,447.439,8.56644,4.16537,327.699,0.236017,0.00254213,0.486158,0.486158,0.502922,1.40818,1.55906,1.77699,1.50877,0.637035,0.117348,0.0838203,0,0,0,0,0
83342,83361,83352,18.2,170.714,-45.3047,74.4565,-59.526,448.709,8.41919,4.02773,323.228,0.240751,0.00239232,0.483688,0.468572,0.619725,1.52664,1.42083,1.73825,1.33014,0.619725,0.166268,0.0151152,0.0302305,0,0,0,0
83362,83383,83372,18.3,170.716,-45.3058,73.2177,-59.7105,450.48,8.15931,4.24221,357.453,0.252783,0.00267057,0.444822,0.48295,0.533787,1.11841,1.49969,1.66491,1.49969,0.622751,0.16522,0.101674,0.0254184,0,0,0,0
83384,83403,83394,18.4,170.718,-45.3067,72.01,-59.22,453.655,7.79323,3.86957,303.985,0.235673,0.00235206,0.379497,0.420157,0.487924,1.26047,1.21981,1.66707,1.61286,0.596352,0.121981,0.0135535,0.0135535,0,0,0,0
83404,83425,83414,18.5,170.719,-45.3076,70.9382,-59.1805,455.698,7.72404,3.95456,317.026,0.240502,0.00249905,0.320295,0.455805,0.505081,1.20727,1.2319,1.56452,1.66307,0.505081,0.209424,0.0615952,0,0,0,0,0
83426,83445,83436,18.6,170.721,-45.3087,69.8685,-59.653,456.664,7.82537,4.07789,329.603,0.242481,0.00260275,0.393986,0.326057,0.529843,1.24989,1.19554,1.56236,1.65746,0.692871,0.135857,0.0815143,0,0,0,0,0
83446,83465,83456,18.7,170.722,-45.3098,68.57,-60.552,457.189,8.00572,4.01801,327.04,0.24418,0.00245085,0.409151,0.477343,0.368236,1.39111,1.41839,1.66388,1.44567,0.600088,0.177299,0.0272767,0.0272767,0,0,0,0
83466,83485,83476,18.8,170.725,-45.3109,67.584,-60.281,459.671,6.96155,3.61424,293.276,0.243434,0.0023364,0.367832,0.272468,0.558559,1.21248,0.994508,1.37596,1.15799,0.790157,0.190727,0.0408702,0,0,0,0,0
83486,83503,83494,18.9,170.727,-45.3115,66.545,-59.0594,464.353,6.83184,3.52357,277.266,0.236067,0.00220125,0.270866,0.300962,0.346106,1.06841,1.23394,1.32423,1.5951,0.55678,0.0902886,0.0451443,0,0,0,0,0
83504,83516,83510,19,170.73,-45.3117,65.505,-57.54,469.766,5.60491,2.86425,227.561,0.238346,0.00177487,0.179357,0.336294,0.358714,0.851946,0.829526,1.30034,1.27792,0.336294,0.0672589,0.0672589,0,0,0,0,0
83517,83535,83526,19.1,170.731,-45.3119,64.2926,-56.7847,473.927,5.61132,2.67106,205.076,0.230331,0.00159885,0.267877,0.366569,0.437063,0.916422,0.761336,1.36758,1.04331,0.324273,0.0986916,0.0281976,0,0,0,0,0
83536,83553,83544,19.2,170.731,-45.312,63.13,-57.3106,475.254,5.66032,2.82655,226.306,0.240193,0.00176803,0.298698,0.388307,0.298698,0.821419,1.14999,1.06038,0.985703,0.507786,0.0896094,0.0597396,0,0,0,0,0
83554,83572,83563,19.3,170.732,-45.3124,62.3979,-57.8563,475.633,5.89957,2.98932,241.014,0.241875,0.00189917,0.467995,0.269451,0.326178,0.907626,1.0069,1.0069,1.20544,0.59563,0.042545,0.0709083,0,0,0,0,0
83573,83593,83583,19.4,170.732,-45.3133,61.2562,-58.2233,477.33,5.34663,2.64474,205.073,0.23262,0.00164669,0.282755,0.436984,0.30846,0.745444,0.784001,1.09246,1.15672,0.411279,0.128525,0,0,0,0,0,0
83594,83613,83604,19.5,170.733,-45.314,60.338,-58.0565,479.774,4.73236,2.34607,181.574,0.232185,0.00144251,0.242685,0.310098,0.26965,0.728055,0.633678,1.11905,0.97074,0.364028,0.080895,0.0134825,0,0,0,0,0
83614,83634,83624,19.6,170.733,-45.3146,59.351,-57.8486,482.496,4.79766,2.40189,185.462,0.231644,0.00148094,0.307871,0.12828,0.320699,0.705538,0.833818,0.974926,1.01341,0.448979,0.0513119,0.012828,0,0,0,0,0
83635,83654,83644,19.7,170.733,-45.3152,58.345,-58.112,484.274,4.5178,2.22851,170.281,0.229231,0.00136214,0.283206,0.242748,0.20229,0.552925,0.944019,0.890075,0.970991,0.350635,0.0809159,0,0,0,0,0,0
83655,83675,83665,19.8,170.734,-45.3162,57.4767,-58.5286,485.404,4.58429,2.54326,207.425,0.244676,0.00167792,0.206035,0.23179,0.167404,0.527966,0.824142,0.978668,1.0173,0.437825,0.180281,0.0128772,0,0,0,0,0
83676,83695,83686,19.9,170.734,-45.3171,56.4405,-58.427,488.17,4.7532,2.45701,197.296,0.240898,0.00156775,0.270068,0.283571,0.243061,0.648163,0.864217,0.837211,1.06677,0.418605,0.0810204,0.0405102,0,0,0,0,0
83696,83714,83705,20,170.735,-45.3177,55.5584,-58.3916,490.45,4.90577,2.37601,181.83,0.229582,0.00142369,0.341271,0.199075,0.312832,0.668323,0.810519,1.19445,0.981154,0.327051,0.0426589,0.0284393,0,0,0,0,0
83715,83734,83724,20.1,170.736,-45.3181,54.739,-57.7335,494.043,4.90371,2.61943,214.421,0.245573,0.00170081,0.404152,0.215548,0.161661,0.592757,0.808305,1.03732,1.1451,0.363737,0.121246,0.053887,0,0,0,0,0
83735,83753,83744,20.2,170.736,-45.3187,53.8589,-57.6844,496.457,4.58247,2.52471,207.909,0.247049,0.00168521,0.209656,0.314484,0.239607,0.479213,0.808672,0.853598,1.01833,0.449262,0.19468,0.0149754,0,0,0,0,0
83754,83773,83764,20.3,170.736,-45.3191,52.9165,-57.341,499.757,4.5349,2.20397,165.304,0.225009,0.00131398,0.20185,0.28259,0.215307,0.64592,0.780487,1.06308,0.982337,0.309504,0.0538267,0,0,0,0,0,0
83774,83791,83782,20.4,170.736,-45.3198,52.0939,-56.9711,502.865,4.35924,2.22834,173.823,0.234017,0.00139273,0.179147,0.298578,0.253791,0.537441,0.716587,0.910663,1.01517,0.373223,0.0597156,0.0149289,0,0,0,0,0
83792,83810,83801,20.5,170.736,-45.3207,51.3026,-57.0568,504.864,4.04768,2.04975,158.194,0.231532,0.00127546,0.240596,0.240596,0.15568,0.594414,0.580261,0.919926,0.863315,0.396276,0.0566108,0,0,0,0,0,0
83811,83829,83820,20.6,170.737,-45.3213,50.4853,-56.7721,507.855,3.8466,1.86209,141.616,0.228157,0.00111261,0.212129,0.169703,0.197987,0.66467,0.608103,0.905083,0.763664,0.268697,0.0424258,0.0141419,0,0,0,0,0
