api/data/B2SAP/Locations/Lauder/NOAA-POPS-B2SAP_GMLBalloon_20230904_R0.ict
61,1001
Thornberry, T. D.
NOAA Chemical Sciences Laboratory
Portable Optical Particle Spectrometer (POPS)
Balloon Baseline Stratospheric Aerosol Profiles (B2SAP)
1,1
2023,09,04,2024,05,28
0
TIME_START,s,Seconds since midnight UTC on flight start day,Start time of 100 m altitude bin in UTC_seconds_since_midnight
28
1.0,1.0,1.0,1.0,1.0,1.0,1.0,1.0,1.0,1.0,1.0,1.0,1.0,1.0,1.0,1.0,1.0,1.0,1.0,1.0,1.0,1.0,1.0,1.0,1.0,1.0,1.0,1.0
99999,99999,99999,99999,99999,99999,99999,99999,99999,99999,99999,99999,99999,99999,99999,99999,99999,99999,99999,99999,99999,99999,99999,99999,99999,99999,99999,99999
TIME_STOP,s,End time of 100 m altitude bin in UTC seconds since midnight,
TIME_MID,s,Mid time of 100 m altitude in UTC seconds since midnight,
GPSAlt,m,GPS reported altitude above sea level (m),
GPS_Lon,deg,GPS reported longitude,
GPS_Lat,deg,GPS reported latitude,
iMet_Pressure,mb,Pressure reported (mB),
iMet_Temperature,degrees C,Ambient temperature (oC),
THETA,K,Potential temperature from iMet,
Aerosol_concentration,cm^-3,Aerosol concentration,
Surface_Area_Conc,um^2 cm^-3,Surface area concentration,
Volume_density,um^3 cm^-3,Volume density,
Effective_radius,um,Effective radius,
Extinction,km^-1,Extinction,
Bin01,cm^-3,particle concentration in size range [140 - 170 nm],
Bin02,cm^-3,particle concentration in size range [170 - 205 nm],
Bin03,cm^-3,particle concentration in size range [205 - 249 nm],
Bin04,cm^-3,particle concentration in size range [249 - 302 nm],
Bin05,cm^-3,particle concentration in size range [302 - 366 nm],
Bin06,cm^-3,particle concentration in size range [366 - 443 nm],
Bin07,cm^-3,particle concentration in size range [443 - 537 nm],
Bin08,cm^-3,particle concentration in size range [537 - 651 nm],
Bin09,cm^-3,particle concentration in size range [651 - 789 nm],
Bin10,cm^-3,particle concentration in size range [789 - 956 nm],
Bin11,cm^-3,particle concentration in size range [956 - 1159 nm],
Bin12,cm^-3,particle concentration in size range [1159 - 1404 nm],
Bin13,cm^-3,particle concentration in size range [1404 - 1702 nm],
Bin14,cm^-3,particle concentration in size range [1702 - 2062 nm],
Bin15,cm^-3,particle concentration in size range [2062 - 2500 nm],
0
19
PI_CONTACT_INFO: 325 Broadway R/CSL6, Boulder, CO 80305; troy.thornberry@noaa.gov; 303-497-3373 
PLATFORM: GML ECC/FPH balloon
LOCATION: Lauder, NZ
ASSOCIATED_DATA: N/A
INSTRUMENT_INFO: Printed Optical Particle Spectrometer counts particles from 140 - 2500 nm in diameter 
DATA_INFO: Particle concentrations reported in number per cubic centimeter, binned to 100 m altitude
UNCERTAINTY: Counting uncertainty dominated by air flow, less than 5 percent
ULOD_FLAG: -77777
ULOD_VALUE: 3000 ~3000 per cm3 (varies depending on flow rate- manufacturer quotes 1250  per cm3 at 1.667 cc/s)
LLOD_FLAG: -88888
LLOD_VALUE: 0 0 (varies depending on data field and measurement precision)
DM_CONTACT_INFO: Troy Thornberry, 325 Broadway R/CSL6, Boulder, CO 80305; troy.thornberry@noaa.gov; 303-497-3373
PROJECT_INFO: B2SAP Lauder, NZ
STIPULATIONS_ON_USE: Please contact the PIs for questions regarding applications and uncertainties
OTHER_COMMENTS: POPS bin Edges (nm):  140, 170, 205, 249, 302, 366, 443, 537, 651, 789, 956, 1159, 1404, 1702, 2062, 2500
Calculations assume sulfate refractive index of 1.45+0.00j and extinction wavelength = 532 nm
REVISION: R0
R0: QA/QC data
TIME_START,TIME_STOP,TIME_MID,GPSAlt,GPS_Lon,GPS_Lat,iMet_Pressure,iMet_Temperature,THETA,Aerosol_concentration,Surface_Area_Conc,Volume_density,Effective_radius,Extinction,Bin01,Bin02,Bin03,Bin04,Bin05,Bin06,Bin07,Bin08,Bin09,Bin10,Bin11,Bin12,Bin13,Bin14,Bin15
81876,81876,81876,0.3,169.682,-45.0362,976.38,9.14,284.223,143.59,23.8254,1349.96,0.169982,0.00598187,49.8382,36.2459,25.0933,13.9407,12.5467,2.78815,2.09111,0.697037,0,0,0,0.348519,0,0,0
81901,82274,82088,0.4,169.683,-45.0375,976.335,9.66451,284.755,314.986,61.7131,4063.3,0.197525,0.0196744,86.5626,79.2972,60.5512,33.398,32.2619,11.6866,7.81803,1.84667,0.502588,0.402455,0.231075,0.182934,0.136719,0.0519918,0.0558431
82275,82293,82284,0.5,169.683,-45.0374,966.349,7.54632,283.453,311.299,59.8441,3644.77,0.182713,0.0187359,86.5435,78.3244,58.6359,33.2127,31.9611,11.7496,7.60268,1.77458,0.541714,0.410955,0.205478,0.224158,0.0747192,0.0186798,0.0186798
82294,82313,82304,0.6,169.684,-45.0373,954.807,6.71895,283.595,296.858,55.6727,3311.54,0.178447,0.0169669,85.8649,74.36,56.4738,30.4609,28.7906,10.8668,7.16949,1.61407,0.469207,0.300293,0.11261,0.281524,0.0750731,0,0.0187683
82314,82334,82324,0.7,169.684,-45.0372,944.178,6.763,284.546,241.557,42.7112,2697.42,0.189464,0.0122847,74.8052,62.8207,46.5332,24.0045,19.6481,7.18358,4.39194,1.33358,0.355623,0.16003,0.0533434,0.124468,0.0533434,0.0177811,0.0711245
82334,82358,82346,0.8,169.684,-45.0372,932.181,6.7876,285.61,211.625,35.5336,1899.16,0.160341,0.0093211,65.818,57.1771,39.1599,21.2699,17.2535,5.84075,3.88912,0.664686,0.197991,0.12728,0.0848535,0.0989957,0.0282845,0.0141422,0
82359,82379,82369,0.9,169.683,-45.0372,920.507,6.1619,286.001,206.5,36.1354,2229.9,0.185128,0.0102699,64.0833,55.5467,39.5386,19.7608,16.2617,5.76429,3.7527,1.04805,0.135232,0.287369,0.0338081,0.118328,0.118328,0.0169041,0.0338081
82380,82399,82390,1,169.684,-45.0372,908.879,6.1435,287.026,184.665,32.484,2105.48,0.194448,0.00897077,57.2318,49.6531,35.1183,17.4168,15.7801,4.96353,3.27344,0.515923,0.177904,0.106743,0.124533,0.195695,0.0533713,0,0.0533713
82400,82421,82410,1.1,169.684,-45.0374,897.53,6.27455,288.19,143.463,23.7807,1350.76,0.170402,0.00621247,44.6382,41.2786,27.5191,12.3611,10.9305,3.56848,2.20217,0.53045,0.11252,0.11252,0.0642969,0.0803712,0.0321485,0.0321485,0
82422,82442,82432,1.2,169.684,-45.0378,886.52,6.76381,289.712,105.63,16.9526,997.544,0.176529,0.00437478,35.2497,30.0124,20.201,8.97822,6.56362,2.46561,1.49637,0.340084,0.0680168,0.136034,0.0340084,0.0510126,0,0.0170042,0.0170042
82443,82466,82454,1.3,169.683,-45.0377,875.76,7.31304,291.301,85.8293,13.1836,648.999,0.147683,0.00313523,29.693,23.7482,15.6935,7.74666,5.35952,1.92511,1.15507,0.33882,0.0770045,0.0462027,0,0.0154009,0.0308018,0,0
82467,82486,82476,1.4,169.682,-45.0375,864.832,6.558,291.559,83.4888,13.0892,664.569,0.152316,0.003161,27.6454,24.1519,15.0258,7.53966,5.50769,1.87155,1.2477,0.338661,0.0534728,0.0178243,0.0356485,0.0534728,0,0,0
82487,82508,82498,1.5,169.682,-45.0373,853.68,5.80727,291.854,84.1612,12.9449,687.071,0.159229,0.00307942,29.6618,24.8214,14.0812,7.28506,4.9056,1.80904,1.15714,0.21187,0.048893,0.048893,0.0651907,0.0325954,0.0325954,0,0
82509,82529,82519,1.6,169.68,-45.037,843.408,5.10571,292.129,77.2441,11.8835,587.176,0.148233,0.00277492,26.8867,21.7031,13.4604,6.74718,4.96266,2.17541,0.917752,0.271927,0.0339908,0.0169954,0.0339908,0.0339908,0,0,0
82531,82552,82542,1.7,169.68,-45.0367,833.209,4.24864,292.248,72.558,11.4002,685.543,0.180404,0.00287369,26.6443,20.5584,11.9597,6.11856,4.16062,1.68056,0.962654,0.277375,0.0326323,0.0489485,0.0326323,0.0326323,0.0326323,0,0.0163162
82553,82572,82562,1.8,169.679,-45.0368,822.708,3.3775,292.385,58.1807,8.94004,507.414,0.170273,0.00217937,21.4988,16.1784,10.1522,4.75942,3.40217,1.19438,0.597189,0.235256,0.0361933,0.0361933,0.0542899,0.0180966,0,0.0180966,0
82574,82592,82583,1.9,169.678,-45.0371,813.107,3.146,293.118,42.2946,6.48332,348.795,0.161396,0.00159295,15.2217,12.3531,7.27918,3.42444,2.3487,0.860593,0.502012,0.161361,0.035858,0.0537871,0.017929,0,0.035858,0,0
82593,82614,82604,2,169.677,-45.0375,802.947,2.71773,293.723,35.8791,5.81118,325.826,0.168207,0.00164464,13.8309,9.68166,5.36966,2.73365,2.37567,0.894943,0.699683,0.146445,0.0162717,0.0813585,0.0325434,0.0162717,0,0,0
82615,82637,82626,2.1,169.676,-45.0377,793.017,2.16087,294.173,31.9492,5.10651,279.983,0.164486,0.00135214,12.5245,8.00306,4.99403,2.67819,2.17406,0.756194,0.5829,0.141786,0.0315081,0.015754,0.015754,0.015754,0.015754,0,0
82638,82658,82648,2.2,169.675,-45.0379,783.722,1.71381,294.683,25.1611,3.46455,149.066,0.129079,0.000711831,10.4651,6.83856,3.88555,1.57149,1.53695,0.466265,0.328113,0.0690764,0,0,0,0,0,0,0
82659,82679,82669,2.3,169.675,-45.0385,774.27,1.1381,295.087,18.8581,3.15162,185.761,0.176824,0.00092886,7.59849,4.85267,2.52132,1.55424,1.17431,0.449001,0.535348,0.120885,0,0.0172693,0,0.0172693,0.0172693,0,0
82680,82702,82691,2.4,169.674,-45.0393,764.163,0.455217,295.464,13.7758,2.38308,122.555,0.154281,0.000702427,4.91992,3.45981,1.841,1.26966,1.25379,0.618958,0.317414,0.0634828,0.0158707,0.0158707,0,0,0,0,0
82703,82724,82714,2.5,169.672,-45.0402,755.337,-0.128571,295.81,10.5106,2.0166,107.864,0.160464,0.000666354,3.3427,2.48118,1.49905,1.11998,1.03382,0.534143,0.361839,0.137843,0,0,0,0,0,0,0
82725,82744,82734,2.6,169.671,-45.0417,745.784,-0.381053,296.612,7.60759,1.68772,97.5539,0.173406,0.000619319,1.95017,1.54469,1.29368,0.810961,1.02336,0.540641,0.366863,0.0579258,0,0.0193086,0,0,0,0,0
82745,82765,82755,2.7,169.67,-45.0439,736.593,-0.92619,297.075,4.44277,0.904199,49.4773,0.164159,0.000307824,1.18474,1.01051,0.80144,0.487833,0.470411,0.261339,0.191649,0.0174226,0.0174226,0,0,0,0,0,0
82766,82789,82778,2.8,169.669,-45.0462,726.74,-1.72042,297.347,2.81523,0.827039,121.514,0.440779,0.000350497,0.734408,0.489606,0.428405,0.489606,0.397805,0.091801,0.168302,0,0,0,0,0,0,0,0.0153002
82790,82811,82800,2.9,169.667,-45.0485,717.805,-2.36667,297.686,3.53412,0.941575,58.5806,0.186647,0.000410984,0.787304,0.542365,0.559861,0.524869,0.419895,0.349913,0.227443,0.122469,0,0,0,0,0,0,0
82812,82835,82824,3,169.665,-45.0509,708.712,-2.8725,298.221,9.3988,2.09191,114.768,0.164587,0.000693506,1.84592,1.89207,1.78439,1.18446,1.56903,0.738367,0.353801,0.0153827,0,0.0153827,0,0,0,0,0
82836,82857,82846,3.1,169.663,-45.0532,699.796,-3.31619,298.807,9.60362,2.52432,160.727,0.191015,0.00100825,1.92426,1.51822,1.6418,1.28872,1.57118,0.812071,0.723802,0.105922,0,0,0,0.0176537,0,0,0
82858,82878,82868,3.2,169.661,-45.0558,690.96,-3.99905,299.132,11.1999,2.59007,160.653,0.186079,0.000965157,3.0658,1.87847,1.71898,1.55948,1.47088,0.88607,0.460756,0.106328,0.0177214,0.0177214,0.0177214,0,0,0,0
82879,82901,82890,3.3,169.659,-45.0583,682.331,-4.36522,299.805,9.29476,1.93184,109.835,0.170565,0.000699174,3.12496,1.68267,1.29806,0.913451,1.29806,0.384611,0.52884,0.0320509,0.0160255,0.0160255,0,0,0,0,0
82902,82923,82912,3.4,169.657,-45.0606,673.832,-5.21682,299.925,9.43971,2.33123,162.819,0.209528,0.000936866,2.66074,1.54221,1.61,0.881265,1.47442,0.610107,0.474527,0.118632,0,0.0338948,0.0169474,0.0169474,0,0,0
82924,82945,82934,3.5,169.654,-45.063,665.02,-6.02714,300.142,13.0386,2.87614,157.613,0.164401,0.000987373,3.14419,2.38035,2.11389,1.97178,1.81191,0.88819,0.639496,0.088819,0,0,0,0,0,0,0
82946,82966,82956,3.6,169.652,-45.0652,656.882,-6.78048,300.348,10.1392,2.37427,134.977,0.17055,0.000872202,1.9355,2.29064,1.45606,1.54485,1.52709,0.710276,0.56822,0.0887844,0.0177569,0,0,0,0,0,0
82967,82986,82976,3.7,169.649,-45.0675,648.488,-7.451,300.702,10.0271,2.4603,154.565,0.188471,0.000934266,2.49746,1.47238,1.71467,1.21145,1.64012,0.820061,0.57777,0.0372755,0.0372755,0,0,0.0186378,0,0,0
82987,83008,82998,3.8,169.647,-45.0699,640.293,-7.70286,301.511,22.1981,5.30601,400.234,0.226291,0.00206513,6.55288,4.11997,4.17324,2.25533,2.50395,1.04775,1.04775,0.266377,0.0887924,0,0.035517,0.106551,0,0,0
83009,83030,83020,3.9,169.645,-45.073,632.079,-8.19864,302.058,25.0011,5.43479,322.999,0.178295,0.00198501,7.00099,5.06199,4.06675,2.7798,3.07151,1.63013,1.11535,0.154434,0.0514779,0.0514779,0.0171593,0,0,0,0
83031,83054,83042,4,169.643,-45.0759,623.912,-8.95609,302.314,24.2248,5.68557,382.683,0.201923,0.0021607,6.6277,4.68708,4.06214,2.46689,3.23984,1.59525,1.11832,0.27958,0.0657836,0,0.0328918,0.0328918,0.0164459,0,0
83054,83076,83065,4.1,169.64,-45.0786,615.752,-9.77261,302.513,26.8998,6.39997,430.806,0.201941,0.00246394,6.70435,5.15593,4.79353,3.4263,3.39336,1.66373,1.31781,0.247089,0.0494178,0.0658904,0.0329452,0.0494178,0,0,0
83077,83097,83087,4.2,169.638,-45.0816,607.927,-10.4505,302.843,18.1365,3.84222,256.644,0.200387,0.00140771,6.1965,3.65992,2.73588,1.84808,1.73937,0.924039,0.760973,0.144947,0.0543552,0.0181184,0.0181184,0.0181184,0.0181184,0,0
83099,83119,83109,4.3,169.636,-45.0846,600.008,-11.0986,303.233,13.8205,2.76305,215.23,0.233688,0.00106847,5.98202,3.0082,1.92525,0.893866,0.911055,0.446933,0.360984,0.0687589,0.0859486,0.0687589,0.0171897,0.0343794,0.0171897,0,0
83120,83140,83130,4.4,169.634,-45.0873,592.292,-11.8,303.539,12.6122,2.20699,136.348,0.18534,0.000756674,5.3457,3.1893,1.52217,0.724841,0.88793,0.453026,0.362421,0.018121,0.0362421,0.0543631,0.018121,0,0,0,0
83142,83164,83153,4.5,169.633,-45.09,584.539,-12.6809,303.655,13.88,2.39319,156.907,0.196691,0.00071182,6.08598,2.9352,2.08946,0.994983,0.845736,0.497491,0.315078,0.0497491,0,0.016583,0.016583,0.016583,0.016583,0,0
83164,83185,83174,4.6,169.63,-45.0927,577.023,-13.3975,303.939,11.5907,1.74013,85.8908,0.148077,0.000471208,5.15777,2.87388,1.52259,0.742261,0.6471,0.32355,0.24742,0.057097,0,0.0190323,0,0,0,0,0
83186,83208,83197,4.7,169.628,-45.0954,568.851,-14.1795,304.264,11.0456,1.97161,145.011,0.220648,0.000651931,5.06255,2.4354,1.59164,0.57529,0.747877,0.268469,0.172587,0.0958817,0,0.0383527,0.0191763,0.0383527,0,0,0
83209,83230,83220,4.8,169.626,-45.0978,561.906,-15.0086,304.361,10.8878,2.0529,158.47,0.231581,0.000766161,5.22545,2.07969,1.59035,0.611674,0.611674,0.279623,0.279623,0.087382,0,0.0699056,0.0349528,0,0.0174764,0,0
83232,83252,83242,4.9,169.624,-45.1001,554.409,-15.8905,304.485,10.6024,1.78291,109.596,0.184412,0.000588555,4.36113,2.71359,1.60877,0.717163,0.639632,0.251976,0.0581483,0.155062,0.0581483,0.0193828,0.0193828,0,0,0,0
83253,83274,83264,5,169.623,-45.1022,547.078,-16.575,304.83,9.40093,1.33964,66.7519,0.149485,0.000361646,4.52442,2.25341,1.33796,0.422514,0.404909,0.228862,0.176047,0,0.0352095,0.0176047,0,0,0,0,0
83275,83295,83285,5.1,169.621,-45.1042,540.051,-17.2471,305.154,8.31954,1.46732,116.262,0.237703,0.000549957,4.31657,2.13984,0.534959,0.498065,0.368937,0.0553406,0.258256,0.0368937,0.0184469,0.0553406,0,0.0184469,0.0184469,0,0
83296,83317,83306,5.2,169.62,-45.1067,532.993,-18.04,305.355,9.48021,1.2725,74.1517,0.174817,0.000328904,5.32311,2.21374,0.929432,0.439368,0.287279,0.101393,0.101393,0.0337975,0,0.0337975,0,0.0168988,0,0,0
83318,83337,83328,5.3,169.618,-45.1092,525.746,-18.7163,305.745,12.357,1.42904,57.0986,0.119868,0.000253701,7.3325,2.59395,1.18464,0.51062,0.449345,0.122549,0.122549,0.0408496,0,0,0,0,0,0,0
83338,83360,83349,5.4,169.615,-45.1117,518.502,-19.4373,306.087,11.9791,1.56815,83.1403,0.159054,0.000378793,6.896,2.66598,1.06639,0.497649,0.44433,0.159959,0.159959,0.0355464,0.0355464,0,0,0.0177732,0,0,0
83361,83383,83372,5.5,169.614,-45.1141,511.805,-20.1032,306.418,10.512,1.2715,63.3391,0.149443,0.000255718,6.3994,2.30449,0.797709,0.354537,0.372264,0.124088,0.124088,0.0177269,0,0,0.0177269,0,0,0,0
83383,83404,83394,5.6,169.611,-45.117,504.978,-20.7465,306.811,9.27152,1.70291,212.184,0.373803,0.00063243,5.42628,1.97142,0.741721,0.370861,0.253747,0.19519,0.214709,0,0.019519,0.019519,0.019519,0.019519,0,0,0.019519
83406,83423,83414,5.7,169.609,-45.1197,497.979,-21.5406,307.072,5.44642,0.756774,49.8791,0.197731,0.000190533,3.29103,1.01976,0.556231,0.278115,0.0927051,0.0695288,0.0927051,0.0231763,0,0,0,0.0231763,0,0,0
83424,83444,83434,5.8,169.607,-45.1224,491.792,-22.2383,307.319,4.9337,1.37404,244.582,0.534004,0.000616301,3.15757,0.767465,0.394696,0.285058,0.109638,0.0219276,0.0438551,0.0438551,0,0,0,0.0219276,0.0438551,0.0438551,0
83446,83464,83455,5.9,169.604,-45.1253,484.754,-23.1061,307.517,2.16612,0.279811,11.1909,0.119984,4.69624e-05,1.05024,0.437601,0.306321,0.17504,0.17504,0,0.02188,0,0,0,0,0,0,0,0
83465,83485,83475,6,169.602,-45.1278,478.211,-23.9419,307.679,2.95906,0.434695,21.2743,0.146823,0.000117848,1.47011,0.621968,0.395798,0.0753901,0.245018,0.0942376,0.037695,0,0.0188475,0,0,0,0,0,0
83487,83508,83498,6.1,169.6,-45.1308,471.447,-24.5995,308.116,2.20784,0.303807,15.3263,0.151342,8.71108e-05,1.30368,0.420541,0.168217,0.126162,0.0630812,0.0841083,0.0210271,0,0.0210271,0,0,0,0,0,0
83509,83527,83518,6.2,169.598,-45.1339,465.056,-25.281,308.479,2.86935,0.417822,20.4662,0.146949,0.000118147,1.4546,0.677485,0.29889,0.139482,0.0996301,0.119556,0.0398521,0.0398521,0,0,0,0,0,0,0
83528,83548,83538,6.3,169.595,-45.1368,458.838,-25.995,308.775,4.39509,0.512587,20.731,0.121332,9.50235e-05,2.70809,0.887898,0.310764,0.221974,0.110987,0.0887898,0.0665923,0,0,0,0,0,0,0,0
83549,83570,83560,6.4,169.593,-45.1403,452.264,-26.8728,308.947,3.37771,0.565724,37.2558,0.197565,0.000217938,1.71107,0.688874,0.466657,0.155552,0.155552,0.0666653,0.088887,0,0,0.0444435,0,0,0,0,0
83571,83590,83580,6.5,169.59,-45.1432,445.92,-27.8174,309.004,2.39045,0.375607,22.2527,0.177734,0.000125258,1.26926,0.507706,0.19039,0.0846177,0.232699,0.0423088,0.0423088,0,0,0.0211544,0,0,0,0,0
83591,83610,83600,6.6,169.587,-45.1458,439.737,-28.6779,309.153,1.93181,0.263597,11.4818,0.130675,5.71111e-05,0.955291,0.445803,0.191058,0.127372,0.148601,0.0212287,0.0424574,0,0,0,0,0,0,0,0
83613,83631,83622,6.7,169.585,-45.1486,433.65,-29.5322,309.307,2.44862,0.31063,12.8454,0.124058,5.88825e-05,1.46019,0.381895,0.20218,0.134787,0.20218,0.0449289,0.0224644,0,0,0,0,0,0,0,0
83632,83652,83642,6.8,169.583,-45.1511,427.715,-30.3474,309.485,1.74379,0.296158,15.7587,0.159632,9.92152e-05,0.818073,0.430565,0.0645847,0.172226,0.086113,0.086113,0.0645847,0.0215282,0,0,0,0,0,0,0
83652,83672,83662,6.9,169.58,-45.1538,421.963,-31.235,309.546,1.29026,0.215389,10.3047,0.143527,5.61374e-05,0.480683,0.30359,0.177094,0.101197,0.126496,0.0758974,0.0252991,0,0,0,0,0,0,0,0
83673,83691,83682,7,169.578,-45.1566,416.205,-32.1193,309.625,1.10663,0.273254,32.1267,0.352712,0.000114319,0.5938,0.269909,0.0269909,0.107964,0.0269909,0.0269909,0,0.0269909,0,0,0.0269909,0,0,0,0
83692,83711,83702,7.1,169.575,-45.1593,410.315,-33.0308,309.723,1.25871,0.241879,15.9365,0.197659,0.000119761,0.69229,0.251742,0.125871,0,0.0629355,0,0.0314677,0.0944032,0,0,0,0,0,0,0
83712,83735,83724,7.2,169.573,-45.1622,404.614,-33.9253,309.802,1.57544,0.348047,26.4213,0.227739,0.000177792,0.669023,0.366884,0.172651,0.107907,0.107907,0.0431628,0.0215814,0.0431628,0.0215814,0.0215814,0,0,0,0,0
83736,83756,83746,7.3,169.57,-45.1652,398.545,-34.9005,309.871,1.76587,0.325262,17.3134,0.159688,0.000108989,0.780267,0.308,0.164267,0.1848,0.1232,0.102667,0.102667,0,0,0,0,0,0,0,0
83757,83780,83768,7.4,169.568,-45.168,392.679,-35.7456,310.079,2.5036,0.527501,27.4534,0.156132,0.000160988,0.780941,0.436408,0.160782,0.344533,0.482346,0.252657,0.0459377,0,0,0,0,0,0,0,0
83782,83798,83790,7.5,169.565,-45.1705,387.112,-36.6231,310.202,2.7836,0.813958,73.0602,0.269277,0.000390877,0.799884,0.607912,0.351949,0.191972,0.447935,0.127981,0.127981,0.0319954,0.0639907,0,0.0319954,0,0,0,0
83799,83820,83810,7.6,169.563,-45.1731,381.702,-37.4867,310.316,2.94442,0.64899,40.0653,0.185205,0.000277445,1.02758,0.592837,0.375463,0.355702,0.15809,0.197612,0.138329,0.0790449,0.0197612,0,0,0,0,0,0
83823,83837,83830,7.7,169.56,-45.1759,375.939,-38.4613,310.375,2.66993,0.510507,26.0506,0.153087,0.00015236,0.806541,0.500612,0.4728,0.361553,0.278118,0.139059,0.111247,0,0,0,0,0,0,0,0
83839,83861,83850,7.8,169.558,-45.1784,370.618,-39.2739,310.56,2.75313,0.520082,28.5947,0.164943,0.000186336,1.09658,0.606621,0.349974,0.13999,0.256647,0.116658,0.163321,0.0233316,0,0,0,0,0,0,0
83862,83882,83872,7.9,169.555,-45.1807,365.369,-39.9506,310.931,3.25187,0.550103,30.171,0.164538,0.000189683,1.59084,0.53808,0.397711,0.280737,0.210553,0.0701843,0.116974,0.0233948,0.0233948,0,0,0,0,0,0
