api/data/B2SAP/Locations/Lauder/NOAA-POPS-B2SAP_GMLBalloon_20200127_R0.ict
61,1001
Thornberry, T. D.
NOAA Chemical Sciences Laboratory
Portable Optical Particle Spectrometer (POPS)
Balloon Baseline Stratospheric Aerosol Profiles (B2SAP)
1,1
2020,01,27,2024,05,28
0
TIME_START,s,Seconds since midnight UTC on flight start day,Start time of 100 m altitude bin in UTC_seconds_since_midnight
28
1.0,1.0,1.0,1.0,1.0,1.0,1.0,1.0,1.0,1.0,1.0,1.0,1.0,1.0,1.0,1.0,1.0,1.0,1.0,1.0,1.0,1.0,1.0,1.0,1.0,1.0,1.0,1.0
99999,99999,99999,99999,99999,99999,99999,99999,99999,99999,99999,99999,99999,99999,99999,99999,99999,99999,99999,99999,99999,99999,99999,99999,99999,99999,99999,99999
TIME_STOP,s,End time of 100 m altitude bin in UTC seconds since midnight,
TIME_MID,s,Mid time of 100 m altitude in UTC seconds since midnight,
GPSAlt,m,GPS reported altitude above sea level (m),
GPS_Lon,deg,GPS reported longitude,
GPS_Lat,deg,GPS reported latitude,
iMet_Pressure,mb,Pressure reported (mB),
iMet_Temperature,degrees C,Ambient temperature (oC),
THETA,K,Potential temperature from iMet,
Aerosol_concentration,cm^-3,Aerosol concentration,
Surface_Area_Conc,um^2 cm^-3,Surface area concentration,
Volume_density,um^3 cm^-3,Volume density,
Effective_radius,um,Effective radius,
Extinction,km^-1,Extinction,
Bin01,cm^-3,particle concentration in size range [140 - 170 nm],
Bin02,cm^-3,particle concentration in size range [170 - 205 nm],
Bin03,cm^-3,particle concentration in size range [205 - 249 nm],
Bin04,cm^-3,particle concentration in size range [249 - 302 nm],
Bin05,cm^-3,particle concentration in size range [302 - 366 nm],
Bin06,cm^-3,particle concentration in size range [366 - 443 nm],
Bin07,cm^-3,particle concentration in size range [443 - 537 nm],
Bin08,cm^-3,particle concentration in size range [537 - 651 nm],
Bin09,cm^-3,particle concentration in size range [651 - 789 nm],
Bin10,cm^-3,particle concentration in size range [789 - 956 nm],
Bin11,cm^-3,particle concentration in size range [956 - 1159 nm],
Bin12,cm^-3,particle concentration in size range [1159 - 1404 nm],
Bin13,cm^-3,particle concentration in size range [1404 - 1702 nm],
Bin14,cm^-3,particle concentration in size range [1702 - 2062 nm],
Bin15,cm^-3,particle concentration in size range [2062 - 2500 nm],
0
19
PI_CONTACT_INFO: 325 Broadway R/CSL6, Boulder, CO 80305; troy.thornberry@noaa.gov; 303-497-3373 
PLATFORM: GML ECC/FPH balloon
LOCATION: Lauder, NZ
ASSOCIATED_DATA: N/A
INSTRUMENT_INFO: Printed Optical Particle Spectrometer counts particles from 140 - 2500 nm in diameter 
DATA_INFO: Particle concentrations reported in number per cubic centimeter, binned to 100 m altitude
UNCERTAINTY: Counting uncertainty dominated by air flow, less than 5 percent
ULOD_FLAG: -77777
ULOD_VALUE: 3000 ~3000 per cm3 (varies depending on flow rate- manufacturer quotes 1250  per cm3 at 1.667 cc/s)
LLOD_FLAG: -88888
LLOD_VALUE: 0 0 (varies depending on data field and measurement precision)
DM_CONTACT_INFO: Troy Thornberry, 325 Broadway R/CSL6, Boulder, CO 80305; troy.thornberry@noaa.gov; 303-497-3373
PROJECT_INFO: B2SAP Lauder, NZ
STIPULATIONS_ON_USE: Please contact the PIs for questions regarding applications and uncertainties
OTHER_COMMENTS: POPS bin Edges (nm):  140, 170, 205, 249, 302, 366, 443, 537, 651, 789, 956, 1159, 1404, 1702, 2062, 2500
Calculations assume sulfate refractive index of 1.45+0.00j and extinction wavelength = 532 nm
REVISION: R0
R0: QA/QC data
TIME_START,TIME_STOP,TIME_MID,GPSAlt,GPS_Lon,GPS_Lat,iMet_Pressure,iMet_Temperature,THETA,Aerosol_concentration,Surface_Area_Conc,Volume_density,Effective_radius,Extinction,Bin01,Bin02,Bin03,Bin04,Bin05,Bin06,Bin07,Bin08,Bin09,Bin10,Bin11,Bin12,Bin13,Bin14,Bin15
[from data line 235]
85519,85532,85526,26.7,170.596,-45.3548,18.7571,-41.2143,722.351,1.51647,0.325898,17.7338,0.163246,0.000110731,0.449326,0.224663,0.224663,0.280829,0.112331,0.140414,0.0842486,0,0,0,0,0,0,0,0
85533,85546,85540,26.6,170.595,-45.3549,19.005,-41.8964,717.535,1.15222,0.278738,15.9134,0.171273,0.000104593,0.19672,0.0843085,0.421543,0.19672,0.0562057,0.0843085,0.112411,0,0,0,0,0,0,0,0
85547,85560,85554,26.5,170.593,-45.3553,19.5362,-42.5415,709.93,2.00305,0.498521,28.5205,0.17163,0.000185111,0.42489,0.242794,0.39454,0.39454,0.0910478,0.333842,0.121397,0,0,0,0,0,0,0,0
85561,85573,85567,26.4,170.591,-45.3558,19.9831,-42.6131,705.127,1.35735,0.313166,17.737,0.169914,0.000113688,0.383598,0.0295075,0.35409,0.23606,0.206553,0.059015,0.059015,0.0295075,0,0,0,0,0,0,0
85574,85585,85580,26.3,170.589,-45.3562,20.1373,-43.5427,700.737,1.15276,0.277657,16.0962,0.173915,0.000104016,0.244525,0.104796,0.244525,0.314389,0.0698642,0.104796,0.0349321,0.0349321,0,0,0,0,0,0,0
85586,85594,85590,26.2,170.588,-45.3564,20.1833,-44.2933,697.993,1.62772,0.408755,24.078,0.176718,0.000158889,0.428348,0.171339,0.214174,0.299844,0.214174,0.214174,0.0428348,0.0428348,0,0,0,0,0,0,0
85595,85603,85599,26.1,170.587,-45.3565,20.5575,-44.8212,692.749,1.70652,0.502301,31.762,0.189699,0.000227485,0.0948066,0.237016,0.663646,0.0948066,0.237016,0.14221,0.189613,0.0474033,0,0,0,0,0,0,0
85604,85613,85608,26,170.587,-45.3569,21.135,-45.373,685.627,1.84341,0.510857,33.2843,0.195462,0.000244799,0.376205,0.225723,0.413826,0.413826,0.0376205,0.0752411,0.225723,0.0752411,0,0,0,0,0,0,0
85614,85624,85619,25.9,170.586,-45.3573,21.268,-44.961,685.625,2.08131,0.509444,30.0776,0.17712,0.000202225,0.445996,0.222998,0.557495,0.371663,0.111499,0.185832,0.148665,0.0371663,0,0,0,0,0,0,0
85625,85634,85630,25.8,170.585,-45.3579,21.662,-45.555,680.27,1.35513,0.371195,22.9758,0.185691,0.000157906,0.256376,0.1465,0.219751,0.219751,0.329626,0.0732502,0.0366251,0.0732502,0,0,0,0,0,0,0
85635,85645,85640,25.7,170.584,-45.3586,21.898,-45.601,678.032,1.68741,0.485549,28.0339,0.173209,0.000179342,0.110049,0.110049,0.440194,0.440194,0.110049,0.403511,0.0733657,0,0,0,0,0,0,0,0
85646,85657,85652,25.6,170.583,-45.3594,22.7308,-45.8108,670.218,1.67311,0.49889,30.146,0.181278,0.000206657,0.209139,0.0597541,0.448155,0.268893,0.268893,0.239016,0.179262,0,0,0,0,0,0,0,0
85658,85669,85664,25.5,170.581,-45.3601,22.955,-46.555,666.145,2.08855,0.682828,47.0877,0.20688,0.000354088,0.447547,0.0895094,0.358038,0.387874,0.298365,0.179019,0.149182,0.179019,0,0,0,0,0,0,0
85670,85680,85675,25.4,170.58,-45.3606,23.1382,-47.0055,663.323,1.85018,0.444227,25.1478,0.16983,0.000162452,0.421971,0.162297,0.454431,0.357053,0.097378,0.227215,0.129837,0,0,0,0,0,0,0,0
85681,85691,85686,25.3,170.579,-45.3612,23.6527,-47.1109,658.858,1.14322,0.301137,17.3741,0.173085,0.000111824,0.0317562,0.0635123,0.476342,0.254049,0.190537,0.0317562,0.0635123,0.0317562,0,0,0,0,0,0,0
85692,85703,85698,25.2,170.578,-45.3616,23.9642,-46.5758,657.955,1.8792,0.538694,35.1286,0.195632,0.000248735,0.260197,0.260197,0.404751,0.37584,0.231286,0.115643,0.173465,0.0289108,0.0289108,0,0,0,0,0,0
85704,85715,85710,25.1,170.577,-45.3621,24.4275,-46.7433,653.873,1.13439,0.371742,23.489,0.189559,0.000166319,0.0283599,0.113439,0.311959,0.113439,0.283599,0.141799,0.113439,0.0283599,0,0,0,0,0,0,0
85716,85728,85722,25,170.575,-45.3626,24.5885,-47.5892,650.211,2.41214,0.667002,40.7873,0.18345,0.00028077,0.445722,0.235971,0.550598,0.367065,0.235971,0.367065,0.157314,0.0524379,0,0,0,0,0,0,0
85729,85741,85735,24.9,170.574,-45.3631,25.2983,-47.6117,644.9,1.65064,0.504677,33.6687,0.20014,0.00024237,0.223816,0.139885,0.419655,0.307747,0.195839,0.139885,0.167862,0.027977,0.027977,0,0,0,0,0,0
85743,85755,85749,24.8,170.572,-45.3637,25.8523,-47.8608,640.199,2.14851,0.6913,47.0592,0.20422,0.000337161,0.153465,0.230197,0.537127,0.434817,0.30693,0.230197,0.153465,0.0511549,0.0511549,0,0,0,0,0,0
85756,85769,85762,24.7,170.57,-45.364,25.9507,-48.0329,639.008,1.9728,0.629485,42.695,0.203476,0.000313313,0.451605,0.0950746,0.308993,0.285224,0.332761,0.237687,0.166381,0.071306,0.0237687,0,0,0,0,0,0
85770,85782,85776,24.6,170.568,-45.3641,26.3483,-48.395,635.222,2.25709,0.611118,37.5666,0.184416,0.000260959,0.516683,0.0815815,0.543877,0.462295,0.190357,0.217551,0.190357,0.0543877,0,0,0,0,0,0,0
85783,85797,85790,24.5,170.566,-45.3641,26.618,-48.7633,632.341,1.86351,0.812569,60.9157,0.2249,0.000483258,0.108343,0.130012,0.346699,0.281693,0.195018,0.281693,0.346699,0.151681,0.0216687,0,0,0,0,0,0
85798,85811,85804,24.4,170.565,-45.3642,27.2286,-48.8407,628.046,2.11392,0.772917,53.2988,0.206874,0.000398096,0.227303,0.159112,0.295494,0.386416,0.340955,0.340955,0.272764,0.068191,0.0227303,0,0,0,0,0,0
85812,85826,85819,24.3,170.564,-45.3642,27.804,-49.5227,622.389,2.03928,0.757062,52.1337,0.206589,0.000386267,0.16994,0.191183,0.25491,0.361123,0.33988,0.42485,0.191183,0.0849701,0.0212425,0,0,0,0,0,0
85827,85841,85834,24.2,170.563,-45.3641,28.1247,-49.48,620.479,2.39393,1.05423,86.1337,0.245109,0.000646276,0.230993,0.125996,0.545984,0.251993,0.230993,0.482986,0.33599,0.0839975,0.0629982,0.0419988,0,0,0,0,0
85842,85856,85849,24.1,170.563,-45.3643,28.488,-49.3007,618.707,2.36326,0.862231,64.1978,0.223366,0.000471725,0.331685,0.186573,0.435336,0.393876,0.269494,0.393876,0.165842,0.145112,0.0207303,0.0207303,0,0,0,0,0
85857,85871,85864,24,170.562,-45.3645,28.9775,-49.33,615.619,2.28626,0.787605,57.0005,0.217116,0.000434669,0.436701,0.0770649,0.565143,0.30826,0.30826,0.15413,0.282571,0.102753,0.0513766,0,0,0,0,0,0
85872,85886,85879,23.9,170.561,-45.3648,29.574,-49.8167,610.711,2.21518,0.864989,64.9427,0.225238,0.000487594,0.264196,0.182905,0.304841,0.386132,0.345487,0.304841,0.22355,0.182905,0,0.0203227,0,0,0,0,0
85887,85901,85894,23.8,170.561,-45.3649,29.9747,-50.1613,607.431,2.32196,1.09218,83.066,0.228165,0.00064792,0.0814724,0.0611043,0.305521,0.407362,0.325889,0.570306,0.386994,0.10184,0.0814724,0,0,0,0,0,0
85902,85916,85909,23.7,170.56,-45.3651,30.412,-50.5613,603.84,2.17505,1.03328,76.6603,0.222573,0.000612638,0.0798184,0.119728,0.319274,0.199546,0.279364,0.518819,0.47891,0.179591,0,0,0,0,0,0,0
85917,85931,85924,23.6,170.56,-45.3655,31.136,-50.2233,600.711,3.05837,1.29223,102.345,0.237602,0.000773349,0.198595,0.397191,0.337612,0.635505,0.41705,0.397191,0.357472,0.238314,0.0397191,0.0397191,0,0,0,0,0
85932,85946,85939,23.5,170.559,-45.3658,31.562,-50.5487,597.497,2.40275,0.939287,67.523,0.215662,0.000522258,0.273484,0.195345,0.332087,0.332087,0.42976,0.312553,0.351622,0.156276,0.0195345,0,0,0,0,0,0
85947,85961,85954,23.4,170.558,-45.3662,31.8987,-50.6233,595.489,2.77136,1.09375,78.2536,0.214638,0.000597151,0.136616,0.214683,0.448882,0.624531,0.351299,0.409849,0.409849,0.136616,0.0390332,0,0,0,0,0,0
85963,85976,85970,23.3,170.557,-45.3665,32.3771,-50.5929,593.052,2.24333,0.980334,72.2288,0.221033,0.000574648,0.246972,0.20581,0.164648,0.308715,0.246972,0.452781,0.432201,0.185229,0,0,0,0,0,0,0
85977,85992,85984,23.2,170.556,-45.3666,33.0994,-50.74,588.931,2.48927,0.987086,76.5613,0.232689,0.000565514,0.358169,0.179084,0.322352,0.429803,0.322352,0.429803,0.250718,0.143268,0.0179084,0.0358169,0,0,0,0,0
85993,86008,86000,23.1,170.556,-45.3668,33.5463,-51.03,585.919,2.23463,0.879866,62.9398,0.2146,0.000481761,0.195086,0.230557,0.248292,0.372438,0.354703,0.407908,0.248292,0.159616,0.0177351,0,0,0,0,0,0
86009,86024,86016,23,170.556,-45.3671,34.2825,-51.2856,581.62,2.12512,0.941459,70.872,0.225837,0.000561831,0.193193,0.105378,0.228319,0.421512,0.263445,0.35126,0.316134,0.228319,0.017563,0,0,0,0,0,0
86025,86041,86033,22.9,170.556,-45.3676,34.6793,-51.2273,579.871,2.04943,0.85153,61.6319,0.217133,0.000474846,0.167681,0.14905,0.298099,0.279468,0.223574,0.484411,0.353993,0.0558936,0.0372624,0,0,0,0,0,0
86042,86057,86050,22.8,170.556,-45.3681,35.2431,-51.0262,577.72,2.23397,1.01245,79.0323,0.234182,0.000632723,0.292134,0.137475,0.326503,0.189028,0.257766,0.395241,0.412425,0.154659,0.0687375,0,0,0,0,0,0
86058,86073,86066,22.7,170.555,-45.3687,35.8837,-51.1894,574.337,2.24988,0.939978,68.707,0.219283,0.000537962,0.188922,0.25762,0.343494,0.154572,0.29197,0.498066,0.343494,0.154572,0.0171747,0,0,0,0,0,0
86074,86090,86082,22.6,170.555,-45.3695,36.4482,-51.6276,570.642,2.2904,0.97789,72.869,0.22355,0.000567629,0.174961,0.159056,0.302206,0.334017,0.413545,0.334017,0.429451,0.0795279,0.0636224,0,0,0,0,0,0
86091,86108,86100,22.5,170.554,-45.3702,37.0959,-51.9118,567.064,2.20841,0.873021,62.8496,0.215973,0.000484717,0.270093,0.174766,0.254205,0.349532,0.301869,0.413084,0.270093,0.158878,0.0158878,0,0,0,0,0,0
86109,86125,86117,22.4,170.553,-45.3708,37.7676,-52.0029,563.917,2.2979,1.09329,86.2975,0.236801,0.000672514,0.156319,0.156319,0.234479,0.359535,0.234479,0.594014,0.297007,0.203215,0.0468958,0.0156319,0,0,0,0,0
86126,86142,86134,22.3,170.552,-45.371,38.2853,-52.3259,560.92,2.56135,1.10126,81.9652,0.223286,0.00061994,0.140562,0.15618,0.296741,0.484157,0.390449,0.562247,0.359213,0.124944,0.0312359,0.015618,0,0,0,0,0
86143,86159,86151,22.2,170.551,-45.3711,39.05,-52.6469,556.936,2.60325,1.09369,77.0719,0.211409,0.000594815,0.229217,0.0982358,0.278335,0.31108,0.589415,0.458434,0.55667,0.0654905,0.0163726,0,0,0,0,0,0
86160,86176,86168,22.1,170.551,-45.3715,39.5241,-52.3124,555.87,2.66408,1.24246,97.4171,0.23522,0.000747092,0.229662,0.0918648,0.275594,0.38277,0.459324,0.597121,0.336837,0.244973,0.0153108,0.0306216,0,0,0,0,0
86177,86193,86185,22,170.55,-45.3718,40.1824,-52.3282,553.208,2.84256,1.38214,105.618,0.22925,0.000835249,0.19656,0.0907201,0.3024,0.28728,0.46872,0.604801,0.680401,0.18144,0.01512,0.01512,0,0,0,0,0
86194,86210,86202,21.9,170.55,-45.3718,40.8935,-52.3335,550.435,2.94349,1.41179,109.99,0.233724,0.000855421,0.120142,0.120142,0.345409,0.465552,0.465552,0.645765,0.540641,0.13516,0.0901068,0.0150178,0,0,0,0,0
86211,86228,86220,21.8,170.55,-45.3719,41.4561,-52.465,547.96,3.1982,1.41596,107.412,0.227574,0.000834958,0.238462,0.322625,0.294571,0.420816,0.490952,0.645251,0.519006,0.210408,0.0420816,0.0140272,0,0,0,0,0
86229,86246,86238,21.7,170.55,-45.3722,42.2989,-52.5222,544.679,2.2563,1.1247,89.5786,0.23894,0.00069054,0.139278,0.0835666,0.222844,0.194989,0.445688,0.543183,0.473544,0.0696388,0.055711,0.0278555,0,0,0,0,0
86247,86263,86255,21.6,170.549,-45.3724,43.0388,-52.7041,541.536,2.48603,1.13259,86.6224,0.229446,0.00068905,0.161813,0.147103,0.441308,0.250074,0.367756,0.485438,0.294205,0.308915,0.0294205,0,0,0,0,0,0
86264,86280,86272,21.5,170.549,-45.3729,43.4871,-53.0559,539.071,2.75561,1.18687,85.1016,0.215107,0.000661429,0.217548,0.072516,0.377083,0.377083,0.464103,0.609135,0.435096,0.203045,0,0,0,0,0,0,0
86281,86298,86290,21.4,170.548,-45.3736,44.2833,-53.185,535.98,2.96158,1.39599,107.395,0.230793,0.000842855,0.205665,0.205665,0.274221,0.356487,0.438753,0.644418,0.616996,0.150821,0.0548441,0.013711,0,0,0,0,0
86299,86317,86308,21.3,170.548,-45.3741,44.9826,-53.2889,533.321,3.10235,1.47693,114.734,0.233052,0.000897912,0.142786,0.0908637,0.441338,0.454318,0.532202,0.597104,0.545182,0.207688,0.0778832,0.0129805,0,0,0,0,0
86318,86335,86326,21.2,170.548,-45.3747,45.7856,-53.4644,530.22,2.84966,1.33747,103.752,0.23272,0.00081168,0.150703,0.205504,0.356207,0.424708,0.274005,0.698714,0.465809,0.205504,0.0548011,0.0137003,0,0,0,0,0
86336,86353,86344,21.1,170.548,-45.3755,46.5494,-53.2333,528.262,3.01709,1.5254,117.515,0.231117,0.000941372,0.13714,0.109712,0.260567,0.425135,0.383993,0.740558,0.685702,0.205711,0.0685702,0,0,0,0,0,0
86354,86372,86363,21,170.547,-45.376,47.0784,-53.21,526.623,3.14379,1.41927,104.707,0.221327,0.000820811,0.181872,0.103927,0.454681,0.402717,0.506644,0.688516,0.571598,0.194863,0.0389726,0,0,0,0,0,0
86373,86391,86382,20.9,170.547,-45.3765,48.0037,-53.2984,523.492,3.26202,1.50774,112.841,0.224523,0.000874176,0.142957,0.103969,0.467859,0.389883,0.545836,0.792762,0.59782,0.168949,0.0389883,0.0129961,0,0,0,0,0
86392,86411,86402,20.8,170.547,-45.3772,48.593,-53.4605,521.282,3.02961,1.48559,116.916,0.236101,0.000923918,0.188509,0.175044,0.255834,0.390483,0.538597,0.619387,0.511667,0.269299,0.0673246,0.0134649,0,0,0,0,0
86412,86431,86422,20.7,170.547,-45.378,49.7265,-53.7615,517.157,3.85866,1.87156,150.419,0.241114,0.00115275,0.204523,0.149983,0.436315,0.668107,0.572663,0.81809,0.627203,0.259062,0.0681742,0.0545393,0,0,0,0,0
86432,86450,86441,20.6,170.547,-45.3786,50.2879,-54.0942,514.709,3.28757,1.69478,137.13,0.242739,0.0010887,0.200987,0.129206,0.430687,0.41633,0.315837,0.588605,0.875729,0.272768,0.0143562,0.0430687,0,0,0,0,0
86451,86468,86460,20.5,170.548,-45.3791,51.1928,-54.76,510.551,3.63736,1.65788,131.257,0.237515,0.00100294,0.243505,0.152191,0.684859,0.426134,0.547887,0.66964,0.608763,0.197848,0.0608763,0.0456573,0,0,0,0,0
86469,86487,86478,20.4,170.549,-45.38,51.8068,-55.1547,507.884,4.75214,2.24083,176.227,0.235931,0.00135247,0.202219,0.27444,0.577768,0.79443,0.678877,0.953316,0.881096,0.27444,0.0577768,0.0577768,0,0,0,0,0
86488,86506,86497,20.3,170.55,-45.381,53.0289,-54.77,505.41,4.38172,2.0433,154.547,0.226908,0.00121927,0.259444,0.187376,0.432406,0.720677,0.706264,0.908053,0.749504,0.331512,0.0864813,0,0,0,0,0,0
86507,86525,86516,20.2,170.55,-45.382,53.6816,-54.5937,504.045,4.6679,2.223,169.77,0.229109,0.0013275,0.2017,0.244921,0.533063,0.662727,0.633913,1.10935,0.850019,0.388992,0.0144071,0.0288142,0,0,0,0,0
86526,86544,86535,20.1,170.55,-45.3827,54.5084,-55.0847,500.726,4.6351,2.2469,176.068,0.235081,0.00139633,0.245472,0.231033,0.577582,0.693099,0.606461,0.866373,0.98189,0.288791,0.129956,0.0144396,0,0,0,0,0
86545,86565,86555,20,170.551,-45.3835,55.4005,-55.8452,496.676,4.9417,2.21757,167.943,0.227199,0.00130282,0.301483,0.275267,0.642289,0.812693,0.668505,0.95688,0.904448,0.301483,0.0524318,0.0262159,0,0,0,0,0
86566,86585,86576,19.9,170.552,-45.384,56.6425,-56.5,492.048,4.80408,2.24614,176.118,0.235228,0.00135837,0.207072,0.289901,0.496974,0.911119,0.786875,0.80068,0.952533,0.193268,0.124243,0.0414145,0,0,0,0,0
86586,86606,86596,19.8,170.553,-45.3847,57.3429,-56.9486,489.311,4.57093,2.34678,189.258,0.241937,0.00150673,0.263454,0.118554,0.553253,0.645462,0.619117,0.908916,0.895744,0.408354,0.131727,0.0263454,0,0,0,0,0
86607,86626,86616,19.7,170.553,-45.3855,58.3165,-57.0885,486.635,5.11907,2.30162,170.447,0.222166,0.00134284,0.276707,0.318213,0.65026,0.733272,0.733272,1.03765,0.968473,0.345883,0.0553413,0,0,0,0,0,0
86627,86647,86637,19.6,170.554,-45.3861,59.1186,-56.1476,486.861,4.90442,2.30827,175.147,0.227634,0.00137566,0.183588,0.249155,0.590104,0.760579,0.721239,1.02285,0.983507,0.301609,0.0786806,0.0131134,0,0,0,0,0
86648,86669,86658,19.5,170.554,-45.3866,60.3314,-56.4859,483.287,5.15131,2.51538,195.757,0.233472,0.00155079,0.263206,0.238139,0.526411,0.864819,0.601613,1.19069,0.90242,0.438676,0.112802,0.0125336,0,0,0,0,0
86670,86691,86680,19.4,170.555,-45.3873,61.0438,-56.4629,481.717,5.32313,2.31922,173.845,0.224876,0.00134188,0.367113,0.34089,0.812892,0.668669,0.773559,1.07512,0.90467,0.301557,0.0524446,0.0262223,0,0,0,0,0
86692,86713,86702,19.3,170.555,-45.3881,62.4286,-56.0386,479.577,5.77232,2.70747,208.873,0.231441,0.00163943,0.274873,0.299861,0.737158,0.874594,0.94956,1.01203,1.0745,0.424803,0.0999536,0.0249884,0,0,0,0,0
86714,86733,86724,19.2,170.556,-45.3887,63.3155,-56.1425,477.423,5.7442,2.76783,226.51,0.245511,0.00168445,0.316069,0.288584,0.7833,0.879495,0.769558,1.19556,0.920722,0.45349,0.0549685,0.0687106,0.0137421,0,0,0,0
86734,86754,86744,19.1,170.556,-45.3889,64.2838,-56.0124,475.646,6.13436,2.76776,213.341,0.231243,0.00160242,0.418549,0.340071,0.7717,0.850178,0.980975,1.25565,1.02021,0.40547,0.0653983,0.0130797,0.0130797,0,0,0,0
86755,86776,86766,19,170.558,-45.3888,65.5118,-55.6205,473.924,6.13058,2.61419,188.56,0.216388,0.00145131,0.361355,0.323974,0.847316,0.897158,1.0093,1.23359,1.14637,0.261671,0.0373816,0.0124605,0,0,0,0,0
