api/data/B2SAP/Locations/Lauder/NOAA-POPS-B2SAP_GMLBalloon_20230121_R0.ict
61,1001
Thornberry, T. D.
NOAA Chemical Sciences Laboratory
Portable Optical Particle Spectrometer (POPS)
Balloon Baseline Stratospheric Aerosol Profiles (B2SAP)
1,1
2023,01,21,2024,05,28
0
TIME_START,s,Seconds since midnight UTC on flight start day,Start time of 100 m altitude bin in UTC_seconds_since_midnight
28
1.0,1.0,1.0,1.0,1.0,1.0,1.0,1.0,1.0,1.0,1.0,1.0,1.0,1.0,1.0,1.0,1.0,1.0,1.0,1.0,1.0,1.0,1.0,1.0,1.0,1.0,1.0,1.0
99999,99999,99999,99999,99999,99999,99999,99999,99999,99999,99999,99999,99999,99999,99999,99999,99999,99999,99999,99999,99999,99999,99999,99999,99999,99999,99999,99999
TIME_STOP,s,End time of 100 m altitude bin in UTC seconds since midnight,
TIME_MID,s,Mid time of 100 m altitude in UTC seconds since midnight,
GPSAlt,m,GPS reported altitude above sea level (m),
GPS_Lon,deg,GPS reported longitude,
GPS_Lat,deg,GPS reported latitude,
iMet_Pressure,mb,Pressure reported (mB),
iMet_Temperature,degrees C,Ambient temperature (oC),
THETA,K,Potential temperature from iMet,
Aerosol_concentration,cm^-3,Aerosol concentration,
Surface_Area_Conc,um^2 cm^-3,Surface area concentration,
Volume_density,um^3 cm^-3,Volume density,
Effective_radius,um,Effective radius,
Extinction,km^-1,Extinction,
Bin01,cm^-3,particle concentration in size range [140 - 170 nm],
Bin02,cm^-3,particle concentration in size range [170 - 205 nm],
Bin03,cm^-3,particle concentration in size range [205 - 249 nm],
Bin04,cm^-3,particle concentration in size range [249 - 302 nm],
Bin05,cm^-3,particle concentration in size range [302 - 366 nm],
Bin06,cm^-3,particle concentration in size range [366 - 443 nm],
Bin07,cm^-3,particle concentration in size range [443 - 537 nm],
Bin08,cm^-3,particle concentration in size range [537 - 651 nm],
Bin09,cm^-3,particle concentration in size range [651 - 789 nm],
Bin10,cm^-3,particle concentration in size range [789 - 956 nm],
Bin11,cm^-3,particle concentration in size range [956 - 1159 nm],
Bin12,cm^-3,particle concentration in size range [1159 - 1404 nm],
Bin13,cm^-3,particle concentration in size range [1404 - 1702 nm],
Bin14,cm^-3,particle concentration in size range [1702 - 2062 nm],
Bin15,cm^-3,particle concentration in size range [2062 - 2500 nm],
0
19
PI_CONTACT_INFO: 325 Broadway R/CSL6, Boulder, CO 80305; troy.thornberry@noaa.gov; 303-497-3373 
PLATFORM: GML ECC/FPH balloon
LOCATION: Lauder, NZ
ASSOCIATED_DATA: N/A
INSTRUMENT_INFO: Printed Optical Particle Spectrometer counts particles from 140 - 2500 nm in diameter 
DATA_INFO: Particle concentrations reported in number per cubic centimeter, binned to 100 m altitude
UNCERTAINTY: Counting uncertainty dominated by air flow, less than 5 percent
ULOD_FLAG: -77777
ULOD_VALUE: 3000 ~3000 per cm3 (varies depending on flow rate- manufacturer quotes 1250  per cm3 at 1.667 cc/s)
LLOD_FLAG: -88888
LLOD_VALUE: 0 0 (varies depending on data field and measurement precision)
DM_CONTACT_INFO: Troy Thornberry, 325 Broadway R/CSL6, Boulder, CO 80305; troy.thornberry@noaa.gov; 303-497-3373
PROJECT_INFO: B2SAP Lauder, NZ
STIPULATIONS_ON_USE: Please contact the PIs for questions regarding applications and uncertainties
OTHER_COMMENTS: POPS bin Edges (nm):  140, 170, 205, 249, 302, 366, 443, 537, 651, 789, 956, 1159, 1404, 1702, 2062, 2500
Calculations assume sulfate refractive index of 1.45+0.00j and extinction wavelength = 532 nm
REVISION: R0
R0: QA/QC data
TIME_START,TIME_STOP,TIME_MID,GPSAlt,GPS_Lon,GPS_Lat,iMet_Pressure,iMet_Temperature,THETA,Aerosol_concentration,Surface_Area_Conc,Volume_density,Effective_radius,Extinction,Bin01,Bin02,Bin03,Bin04,Bin05,Bin06,Bin07,Bin08,Bin09,Bin10,Bin11,Bin12,Bin13,Bin14,Bin15
[from data line 232]
82785,82803,82794,23.6,170.673,-45.2597,34.0909,-53.7673,576.038,3.06559,1.11085,79.0487,0.213481,0.000612961,0.662167,0.269772,0.269772,0.41692,0.41692,0.41692,0.367871,0.245247,0,0,0,0,0,0,0
82804,82822,82813,23.7,170.671,-45.2601,33.6172,-53.4483,579.18,2.67471,1.04617,84.4938,0.242294,0.000587486,0.562297,0.349536,0.227958,0.227958,0.27355,0.501508,0.349536,0.136775,0.0303944,0,0.0151972,0,0,0,0
82823,82838,82830,23.8,170.669,-45.2607,33.1487,-53.5113,581.35,3.0136,1.15012,84.8083,0.221216,0.000665599,0.588863,0.277112,0.450307,0.277112,0.242473,0.519585,0.415668,0.207834,0.034639,0,0,0,0,0,0
82842,82860,82851,23.9,170.667,-45.2614,32.6711,-53.5611,583.623,2.64842,0.891641,64.8059,0.218045,0.000490372,0.623158,0.280421,0.373895,0.218105,0.436211,0.342737,0.15579,0.15579,0.0623158,0,0,0,0,0,0
82861,82877,82869,24,170.666,-45.2625,32.1812,-53.8287,585.444,2.84295,0.993312,71.8859,0.21711,0.000567091,0.781811,0.390906,0.177684,0.177684,0.426442,0.284295,0.355369,0.248758,0,0,0,0,0,0,0
82880,82896,82888,24.1,170.665,-45.2639,31.7338,-54.1487,586.925,2.46607,0.816538,57.0708,0.209681,0.000441947,0.616518,0.290126,0.25386,0.326392,0.25386,0.217595,0.362658,0.145063,0,0,0,0,0,0,0
82899,82918,82908,24.2,170.664,-45.2654,31.2167,-53.652,591.033,2.83222,0.786508,49.957,0.190553,0.000358774,0.737153,0.387975,0.329779,0.31038,0.484969,0.252184,0.232785,0.0969938,0,0,0,0,0,0,0
82919,82936,82928,24.3,170.664,-45.266,30.8325,-53.3125,594.04,2.39667,0.726417,47.7926,0.197377,0.000346136,0.424026,0.368718,0.258103,0.40559,0.40559,0.221231,0.221231,0.0737436,0.0184359,0,0,0,0,0,0
82939,82956,82948,24.4,170.663,-45.2667,30.3511,-52.9722,597.637,1.53115,0.413384,24.0167,0.174294,0.000158688,0.166429,0.233001,0.299572,0.299572,0.233001,0.166429,0.133143,0,0,0,0,0,0,0,0
82958,82974,82966,24.5,170.662,-45.2672,29.93,-52.71,600.748,1.96454,0.398376,21.8397,0.164466,0.000139512,0.793371,0.264457,0.226677,0.264457,0.113339,0.188898,0.113339,0,0,0,0,0,0,0,0
82978,82994,82986,24.6,170.661,-45.2675,29.5162,-51.905,605.337,1.98561,0.387,19.8358,0.153766,0.000116558,0.572772,0.381848,0.381848,0.190924,0.267294,0.114554,0.0763696,0,0,0,0,0,0,0,0
82996,83016,83006,24.7,170.659,-45.2678,29.0789,-50.7778,611.034,2.62294,0.740924,47.059,0.190542,0.000342828,0.783477,0.23845,0.340642,0.23845,0.408771,0.23845,0.340642,0.0340642,0,0,0,0,0,0,0
83019,83036,83028,24.8,170.657,-45.2682,28.6629,-49.9394,615.854,2.82872,0.648599,37.1724,0.171936,0.00024448,0.734733,0.532681,0.404103,0.404103,0.33063,0.22042,0.165315,0.0367366,0,0,0,0,0,0,0
83037,83055,83046,24.9,170.656,-45.2685,28.3236,-49.8357,618.249,2.3272,0.515043,28.2469,0.164531,0.00017726,0.587449,0.248536,0.610043,0.225942,0.406695,0.112971,0.112971,0.0225942,0,0,0,0,0,0,0
83057,83078,83068,25,170.653,-45.269,27.8942,-49.695,621.34,2.69312,0.504436,26.111,0.155288,0.000158324,0.879931,0.666614,0.373304,0.159987,0.373304,0.106658,0.133323,0,0,0,0,0,0,0,0
83080,83098,83089,25.1,170.651,-45.2694,27.4913,-50.0475,622.949,2.76472,0.530101,28.4423,0.160964,0.00017555,1.01644,0.447235,0.447235,0.325262,0.243946,0.162631,0.0813154,0.0406577,0,0,0,0,0,0,0
83100,83116,83108,25.2,170.649,-45.2698,27.1112,-49.9775,625.625,2.7173,0.557351,30.0731,0.161871,0.000185829,0.741081,0.535225,0.535225,0.205856,0.452883,0.123513,0.0823423,0.0411712,0,0,0,0,0,0,0
83118,83138,83128,25.3,170.647,-45.2702,26.7182,-49.9009,628.455,2.26221,0.369196,17.4471,0.141771,9.40142e-05,0.85597,0.580836,0.183422,0.275133,0.244563,0.0611407,0.0611407,0,0,0,0,0,0,0,0
83139,83157,83148,25.4,170.646,-45.2704,26.3842,-49.6042,631.562,2.71326,0.605304,33.8571,0.167802,0.00021625,0.709348,0.514277,0.407875,0.319207,0.390141,0.230538,0.106402,0.0354674,0,0,0,0,0,0,0
83162,83177,83170,25.5,170.644,-45.2706,25.9962,-48.6313,636.988,2.19073,0.450034,23.0299,0.153521,0.000131937,0.558421,0.429554,0.300688,0.343644,0.300688,0.214777,0.0429554,0,0,0,0,0,0,0,0
83182,83197,83190,25.6,170.641,-45.2707,25.6525,-47.7488,641.945,2.23225,0.448855,24.6145,0.164515,0.000158991,0.858557,0.343423,0.257567,0.300495,0.214639,0.0858557,0.171711,0,0,0,0,0,0,0,0
83202,83217,83210,25.7,170.639,-45.2705,25.2975,-47.605,644.905,2.13729,0.496083,28.5585,0.172704,0.00019119,0.610654,0.348945,0.392563,0.174473,0.218091,0.218091,0.174473,0,0,0,0,0,0,0,0
83222,83237,83230,25.8,170.636,-45.271,24.9713,-47.1875,648.502,2.25051,0.421061,21.0837,0.150219,0.000120655,0.617787,0.485404,0.441276,0.264766,0.264766,0.0882552,0.0882552,0,0,0,0,0,0,0,0
83242,83257,83250,25.9,170.633,-45.2717,24.6093,-46.5021,653.19,2.01041,0.360334,18.0787,0.150516,0.000102753,0.618587,0.46394,0.360842,0.180421,0.257745,0.0773234,0.0257745,0.0257745,0,0,0,0,0,0,0
83258,83272,83265,26,170.631,-45.2722,24.3487,-45.916,656.864,1.93143,0.410324,21.6281,0.158129,0.000128893,0.458714,0.313857,0.386285,0.338,0.169,0.193143,0.0724285,0,0,0,0,0,0,0,0
83277,83293,83285,26.1,170.629,-45.2725,23.9878,-44.7922,662.952,2.0926,0.354928,18.2262,0.154056,0.000107269,0.86166,0.410314,0.205157,0.369283,0.123094,0.0410314,0.0410314,0.0410314,0,0,0,0,0,0,0
83298,83311,83304,26.2,170.628,-45.2724,23.6543,-44.48,666.506,1.64661,0.240167,9.77406,0.122091,3.94194e-05,0.637396,0.318698,0.212465,0.265581,0.212465,0,0,0,0,0,0,0,0,0,0
83313,83331,83322,26.3,170.626,-45.2721,23.345,-44.6463,668.544,2.08946,0.312018,15.6413,0.150388,9.1925e-05,1.1397,0.427389,0.142463,0.0474876,0.237438,0.0474876,0,0.0474876,0,0,0,0,0,0,0
83333,83351,83342,26.4,170.625,-45.2714,23.025,-44.7762,670.794,2.56579,0.43072,21.9674,0.153005,0.000133382,0.997808,0.760235,0.190059,0.285088,0.0950293,0.0950293,0.142544,0,0,0,0,0,0,0,0
83353,83370,83362,26.5,170.622,-45.2705,22.7033,-44.7425,673.595,2.33181,0.407061,20.7094,0.152626,0.00012362,0.971586,0.485793,0.25909,0.194317,0.194317,0.129545,0.0971586,0,0,0,0,0,0,0,0
83371,83387,83379,26.6,170.621,-45.27,22.45,-44.3394,676.958,2.05049,0.371081,19.6117,0.15855,0.000121275,0.85245,0.253431,0.414705,0.184314,0.184314,0.0460784,0.0921568,0.0230392,0,0,0,0,0,0,0
83392,83405,83398,26.7,170.617,-45.2697,22.1457,-43.82,681.132,1.90247,0.314396,13.5752,0.129536,5.90044e-05,0.461204,0.461204,0.288252,0.461204,0.172951,0.0576505,0,0,0,0,0,0,0,0,0
83407,83425,83416,26.8,170.614,-45.2698,21.8562,-43.5,684.666,2.77056,0.509661,26.1258,0.153783,0.000155053,1.10823,0.402991,0.453365,0.251869,0.251869,0.201495,0.100748,0,0,0,0,0,0,0,0
83427,83442,83434,26.9,170.612,-45.2701,21.585,-43.9417,685.783,2.55646,0.265355,8.59791,0.0972047,2.06731e-05,1.17459,0.967309,0.138187,0.276374,0,0,0,0,0,0,0,0,0,0,0
83444,83462,83453,27,170.609,-45.2706,21.3212,-43.8425,688.494,1.66645,0.265388,12.0766,0.136516,6.04136e-05,0.729071,0.312459,0.15623,0.15623,0.208306,0.104153,0,0,0,0,0,0,0,0,0
83464,83481,83472,27.1,170.606,-45.2712,21.012,-43.931,691.113,1.50038,0.231741,10.6235,0.137527,5.52931e-05,0.500127,0.416773,0.291741,0.125032,0.0833546,0.0416773,0.0416773,0,0,0,0,0,0,0,0
83482,83500,83491,27.2,170.604,-45.2719,20.7505,-44.1011,693.062,2.06512,0.317957,14.0532,0.132595,6.78531e-05,0.650962,0.628515,0.314258,0.179576,0.202023,0.0673409,0.022447,0,0,0,0,0,0,0,0
83501,83518,83510,27.3,170.602,-45.2727,20.4886,-43.8214,696.447,1.47871,0.23282,11.0852,0.142839,6.12225e-05,0.739353,0.184838,0.123225,0.246451,0.123225,0,0.0616127,0,0,0,0,0,0,0,0
83519,83537,83528,27.4,170.6,-45.2734,20.2437,-43.8713,698.683,2.23266,0.344212,16.0505,0.139889,8.47394e-05,1.14356,0.381185,0.21782,0.10891,0.163365,0.21782,0,0,0,0,0,0,0,0,0
83539,83557,83548,27.5,170.598,-45.2739,19.9988,-43.7112,701.61,2.21387,0.294013,11.5655,0.11801,4.65334e-05,0.8302,0.719507,0.33208,0,0.33208,0,0,0,0,0,0,0,0,0,0
83559,83579,83569,27.6,170.596,-45.2744,19.7256,-44.0778,703.25,1.54072,0.203369,7.51541,0.110864,2.37386e-05,0.546708,0.198803,0.546708,0.198803,0.0497007,0,0,0,0,0,0,0,0,0,0
83580,83598,83589,27.7,170.594,-45.2748,19.4667,-44.3383,705.103,1.8659,0.261046,10.6818,0.122758,4.52537e-05,0.820996,0.522452,0,0.223908,0.298544,0,0,0,0,0,0,0,0,0,0
83601,83601,83601,27.8,170.592,-45.275,19.31,-44.39,706.584,1.34375,0.146223,4.70023,0.0964326,1.04325e-05,0.447917,0.447917,0.447917,0,0,0,0,0,0,0,0,0,0,0,0
77480,77968,77724,0.4,169.683,-45.0376,971.872,15.7521,291.266,166.729,30.0492,3030.16,0.302519,0.00964823,54.7897,64.6184,30.8035,8.31915,3.53093,0.7491,0.978724,0.734043,0.372668,0.519477,0.41784,0.47054,0.237152,0.105401,0.0828151
83670,83670,83670,26.8,170.584,-45.2781,21.51,-40.04,698.144,0.412584,0.0426988,1.29164,0.09075,2.37057e-06,0,0.412584,0,0,0,0,0,0,0,0,0,0,0,0,0
83672,83672,83672,26.7,170.583,-45.2781,21.88,-40.13,694.498,1.19953,0.163529,5.74072,0.105316,1.47697e-05,0,0.399845,0.79969,0,0,0,0,0,0,0,0,0,0,0,0
83673,83673,83673,26.6,170.583,-45.2782,22.02,-40.11,693.298,0.387695,0.040123,1.21372,0.09075,2.22757e-06,0,0.387695,0,0,0,0,0,0,0,0,0,0,0,0,0
83675,83675,83675,26.5,170.583,-45.2782,22.44,-40.44,688.577,0.413293,0.0290195,0.72307,0.07475,8.05524e-07,0.413293,0,0,0,0,0,0,0,0,0,0,0,0,0,0
83680,83680,83680,26.2,170.582,-45.2781,23.39,-41.18,678.312,0.778967,0.0676558,1.90073,0.0842825,2.99696e-06,0.389483,0.389483,0,0,0,0,0,0,0,0,0,0,0,0,0
83683,83683,83683,26,170.582,-45.2781,23.98,-41.43,672.769,0.735247,0.0941984,3.21449,0.102374,7.84586e-06,0,0.367623,0.367623,0,0,0,0,0,0,0,0,0,0,0,0
83685,83685,83685,25.9,170.582,-45.2781,24.45,-42.15,666.958,0.368769,0.0381644,1.15447,0.09075,2.11883e-06,0,0.368769,0,0,0,0,0,0,0,0,0,0,0,0,0
83700,83700,83700,24.9,170.58,-45.2781,28.04,-47.13,627.535,0.366425,0.0257287,0.641073,0.07475,7.14177e-07,0.366425,0,0,0,0,0,0,0,0,0,0,0,0,0,0
83702,83703,83702,24.7,170.58,-45.2781,28.685,-47.74,621.796,0.987084,0.127727,5.219,0.122582,2.34535e-05,0.592251,0.197417,0,0,0.197417,0,0,0,0,0,0,0,0,0,0
83705,83705,83705,24.5,170.58,-45.2782,29.38,-48.61,615.178,1.17161,0.114496,3.55875,0.0932456,7.61332e-06,0.781074,0,0.390537,0,0,0,0,0,0,0,0,0,0,0,0
83708,83708,83708,24.3,170.58,-45.2782,30.32,-50.16,605.457,0.405168,0.0419313,1.26842,0.09075,2.32796e-06,0,0.405168,0,0,0,0,0,0,0,0,0,0,0,0,0
83710,83710,83710,24.2,170.579,-45.2782,30.59,-50.7,602.443,0.406152,0.209807,14.1795,0.20275,0.000102935,0,0,0,0,0,0.406152,0,0,0,0,0,0,0,0,0
83711,83712,83712,24.1,170.579,-45.2782,30.99,-51.185,598.915,1.27926,0.128704,3.94529,0.091962,7.83151e-06,0.426419,0.639629,0.21321,0,0,0,0,0,0,0,0,0,0,0,0
