api/data/B2SAP/Locations/Lauder/NOAA-POPS-B2SAP_GMLBalloon_20230904_R0.ict
61,1001
Thornberry, T. D.
NOAA Chemical Sciences Laboratory
Portable Optical Particle Spectrometer (POPS)
Balloon Baseline Stratospheric Aerosol Profiles (B2SAP)
1,1
2023,09,04,2024,05,28
0
TIME_START,s,Seconds since midnight UTC on flight start day,Start time of 100 m altitude bin in UTC_seconds_since_midnight
28
1.0,1.0,1.0,1.0,1.0,1.0,1.0,1.0,1.0,1.0,1.0,1.0,1.0,1.0,1.0,1.0,1.0,1.0,1.0,1.0,1.0,1.0,1.0,1.0,1.0,1.0,1.0,1.0
99999,99999,99999,99999,99999,99999,99999,99999,99999,99999,99999,99999,99999,99999,99999,99999,99999,99999,99999,99999,99999,99999,99999,99999,99999,99999,99999,99999
TIME_STOP,s,End time of 100 m altitude bin in UTC seconds since midnight,
TIME_MID,s,Mid time of 100 m altitude in UTC seconds since midnight,
GPSAlt,m,GPS reported altitude above sea level (m),
GPS_Lon,deg,GPS reported longitude,
GPS_Lat,deg,GPS reported latitude,
iMet_Pressure,mb,Pressure reported (mB),
iMet_Temperature,degrees C,Ambient temperature (oC),
THETA,K,Potential temperature from iMet,
Aerosol_concentration,cm^-3,Aerosol concentration,
Surface_Area_Conc,um^2 cm^-3,Surface area concentration,
Volume_density,um^3 cm^-3,Volume density,
Effective_radius,um,Effective radius,
Extinction,km^-1,Extinction,
Bin01,cm^-3,particle concentration in size range [140 - 170 nm],
Bin02,cm^-3,particle concentration in size range [170 - 205 nm],
Bin03,cm^-3,particle concentration in size range [205 - 249 nm],
Bin04,cm^-3,particle concentration in size range [249 - 302 nm],
Bin05,cm^-3,particle concentration in size range [302 - 366 nm],
Bin06,cm^-3,particle concentration in size range [366 - 443 nm],
Bin07,cm^-3,particle concentration in size range [443 - 537 nm],
Bin08,cm^-3,particle concentration in size range [537 - 651 nm],
Bin09,cm^-3,particle concentration in size range [651 - 789 nm],
Bin10,cm^-3,particle concentration in size range [789 - 956 nm],
Bin11,cm^-3,particle concentration in size range [956 - 1159 nm],
Bin12,cm^-3,particle concentration in size range [1159 - 1404 nm],
Bin13,cm^-3,particle concentration in size range [1404 - 1702 nm],
Bin14,cm^-3,particle concentration in size range [1702 - 2062 nm],
Bin15,cm^-3,particle concentration in size range [2062 - 2500 nm],
0
19
PI_CONTACT_INFO: 325 Broadway R/CSL6, Boulder, CO 80305; troy.thornberry@noaa.gov; 303-497-3373 
PLATFORM: GML ECC/FPH balloon
LOCATION: Lauder, NZ
ASSOCIATED_DATA: N/A
INSTRUMENT_INFO: Printed Optical Particle Spectrometer counts particles from 140 - 2500 nm in diameter 
DATA_INFO: Particle concentrations reported in number per cubic centimeter, binned to 100 m altitude
UNCERTAINTY: Counting uncertainty dominated by air flow, less than 5 percent
ULOD_FLAG: -77777
ULOD_VALUE: 3000 ~3000 per cm3 (varies depending on flow rate- manufacturer quotes 1250  per cm3 at 1.667 cc/s)
LLOD_FLAG: -88888
LLOD_VALUE: 0 0 (varies depending on data field and measurement precision)
DM_CONTACT_INFO: Troy Thornberry, 325 Broadway R/CSL6, Boulder, CO 80305; troy.thornberry@noaa.gov; 303-497-3373
PROJECT_INFO: B2SAP Lauder, NZ
STIPULATIONS_ON_USE: Please contact the PIs for questions regarding applications and uncertainties
OTHER_COMMENTS: POPS bin Edges (nm):  140, 170, 205, 249, 302, 366, 443, 537, 651, 789, 956, 1159, 1404, 1702, 2062, 2500
Calculations assume sulfate refractive index of 1.45+0.00j and extinction wavelength = 532 nm
REVISION: R0
R0: QA/QC data
TIME_START,TIME_STOP,TIME_MID,GPSAlt,GPS_Lon,GPS_Lat,iMet_Pressure,iMet_Temperature,THETA,Aerosol_concentration,Surface_Area_Conc,Volume_density,Effective_radius,Extinction,Bin01,Bin02,Bin03,Bin04,Bin05,Bin06,Bin07,Bin08,Bin09,Bin10,Bin11,Bin12,Bin13,Bin14,Bin15
[from data line 451]
93360,93395,93378,8.6,169.781,-45.4162,326.659,-46.2271,312.402,4.18817,1.08656,86.321,0.238334,0.000484212,1.29698,0.743063,0.797104,0.378287,0.297225,0.283715,0.256694,0.0810614,0.0135102,0.0135102,0.0135102,0.0135102,0,0,0
93396,93430,93413,8.5,169.778,-45.4207,331.666,-45.3112,312.3,4.36674,1.34842,135.873,0.302294,0.000640903,1.3088,0.856223,0.746137,0.379184,0.440343,0.171245,0.256867,0.0856223,0.0244635,0.0244635,0.0366953,0.0366953,0,0,0
93431,93466,93448,8.4,169.774,-45.425,336.671,-44.4339,312.16,4.17499,1.05899,82.4956,0.2337,0.000471329,1.28729,0.869789,0.521873,0.498679,0.475485,0.150763,0.220347,0.0811803,0.0347916,0.0115972,0.0115972,0.0115972,0,0,0
93467,93502,93484,8.3,169.771,-45.4294,341.789,-43.4553,312.15,3.63254,1.08049,106.014,0.29435,0.000528709,1.06907,0.793181,0.666732,0.333366,0.218412,0.195421,0.183926,0.0459815,0.0459815,0.0344861,0,0.0459815,0,0,0
93503,93537,93520,8.2,169.769,-45.4338,346.915,-42.4451,312.196,3.98548,0.983579,78.9944,0.24094,0.000429021,1.18741,0.881743,0.740664,0.387967,0.270401,0.199862,0.176349,0.082296,0.0117566,0.0235132,0,0.0235132,0,0,0
93538,93572,93555,8.1,169.766,-45.4381,352.06,-41.558,312.078,4.26236,1.11275,95.4762,0.257406,0.000510148,1.22616,1.01596,0.747372,0.408719,0.30362,0.210198,0.175165,0.0583885,0.0700662,0.0116777,0.0116777,0.0233554,0,0,0
93573,93606,93590,8,169.763,-45.4424,357.364,-40.5982,312.032,4.11226,0.943645,68.1779,0.216749,0.000413005,1.4572,0.950884,0.56806,0.246983,0.321078,0.246983,0.185237,0.086444,0.0246983,0.0123491,0,0.0123491,0,0,0
93607,93640,93624,7.9,169.76,-45.4465,362.786,-39.7282,311.858,4.65142,1.1009,88.8229,0.242046,0.000450787,1.43121,1.14497,0.751384,0.417435,0.381655,0.190828,0.202754,0.0715604,0.0119267,0.0119267,0.0238535,0.0119267,0,0,0
93641,93672,93656,7.8,169.758,-45.4506,368.02,-38.7788,311.851,4.68748,1.30793,120.984,0.277502,0.00060396,1.53729,0.995459,0.630037,0.403224,0.428425,0.289817,0.239414,0.0630037,0,0.050403,0.0126007,0.0378022,0,0,0
93673,93704,93688,7.7,169.756,-45.4546,373.195,-37.8825,311.794,5.14137,1.04625,61.2297,0.175569,0.000386575,1.61694,1.08638,0.896897,0.480029,0.543191,0.265279,0.151588,0.0631618,0.0252647,0.0126324,0,0,0,0,0
93705,93736,93720,7.6,169.753,-45.4586,378.765,-36.9488,311.705,5.03494,1.34182,112.647,0.251851,0.000613029,1.51927,1.09237,0.678021,0.477126,0.59013,0.251119,0.251119,0.0753357,0.0251119,0.0376678,0.0251119,0.0125559,0,0,0
93737,93767,93752,7.5,169.751,-45.4626,384.306,-36.109,311.521,5.42589,1.12649,72.7289,0.193687,0.000410895,1.84739,1.08518,0.878478,0.42632,0.684696,0.245457,0.180863,0.0258376,0.0258376,0.0129188,0.0129188,0,0,0,0
93768,93799,93784,7.4,169.748,-45.4667,389.863,-35.1275,311.534,5.99843,1.48011,118.859,0.240912,0.000632849,1.86287,1.26675,0.869337,0.596117,0.769984,0.211125,0.260801,0.0620955,0.0124191,0.0496764,0.0248382,0.0124191,0,0,0
93800,93833,93816,7.3,169.746,-45.4712,395.507,-34.2094,311.453,8.45791,1.80279,112.928,0.187922,0.000655684,2.4698,1.7708,1.43295,0.955301,0.943651,0.45435,0.3029,0.0815501,0,0.03495,0,0.01165,0,0,0
93834,93851,93842,7.2,169.744,-45.4747,399.911,-33.5767,311.284,9.47776,2.25749,163.91,0.217822,0.000888292,2.45885,2.01179,1.60943,1.14001,1.25178,0.447064,0.335298,0.0894128,0.0670596,0.0223532,0.0223532,0.0223532,0,0,0
