api/data/B2SAP/Locations/Lauder/NOAA-POPS-B2SAP_GMLBalloon_20230904_R0.ict
61,1001
Thornberry, T. D.
NOAA Chemical Sciences Laboratory
Portable Optical Particle Spectrometer (POPS)
Balloon Baseline Stratospheric Aerosol Profiles (B2SAP)
1,1
2023,09,04,2024,05,28
0
TIME_START,s,Seconds since midnight UTC on flight start day,Start time of 100 m altitude bin in UTC_seconds_since_midnight
28
1.0,1.0,1.0,1.0,1.0,1.0,1.0,1.0,1.0,1.0,1.0,1.0,1.0,1.0,1.0,1.0,1.0,1.0,1.0,1.0,1.0,1.0,1.0,1.0,1.0,1.0,1.0,1.0
99999,99999,99999,99999,99999,99999,99999,99999,99999,99999,99999,99999,99999,99999,99999,99999,99999,99999,99999,99999,99999,99999,99999,99999,99999,99999,99999,99999
TIME_STOP,s,End time of 100 m altitude bin in UTC seconds since midnight,
TIME_MID,s,Mid time of 100 m altitude in UTC seconds since midnight,
GPSAlt,m,GPS reported altitude above sea level (m),
GPS_Lon,deg,GPS reported longitude,
GPS_Lat,deg,GPS reported latitude,
iMet_Pressure,mb,Pressure reported (mB),
iMet_Temperature,degrees C,Ambient temperature (oC),
THETA,K,Potential temperature from iMet,
Aerosol_concentration,cm^-3,Aerosol concentration,
Surface_Area_Conc,um^2 cm^-3,Surface area concentration,
Volume_density,um^3 cm^-3,Volume density,
Effective_radius,um,Effective radius,
Extinction,km^-1,Extinction,
Bin01,cm^-3,particle concentration in size range [140 - 170 nm],
Bin02,cm^-3,particle concentration in size range [170 - 205 nm],
Bin03,cm^-3,particle concentration in size range [205 - 249 nm],
Bin04,cm^-3,particle concentration in size range [249 - 302 nm],
Bin05,cm^-3,particle concentration in size range [302 - 366 nm],
Bin06,cm^-3,particle concentration in size range [366 - 443 nm],
Bin07,cm^-3,particle concentration in size range [443 - 537 nm],
Bin08,cm^-3,particle concentration in size range [537 - 651 nm],
Bin09,cm^-3,particle concentration in size range [651 - 789 nm],
Bin10,cm^-3,particle concentration in size range [789 - 956 nm],
Bin11,cm^-3,particle concentration in size range [956 - 1159 nm],
Bin12,cm^-3,particle concentration in size range [1159 - 1404 nm],
Bin13,cm^-3,particle concentration in size range [1404 - 1702 nm],
Bin14,cm^-3,particle concentration in size range [1702 - 2062 nm],
Bin15,cm^-3,particle concentration in size range [2062 - 2500 nm],
0
19
PI_CONTACT_INFO: 325 Broadway R/CSL6, Boulder, CO 80305; troy.thornberry@noaa.gov; 303-497-3373 
PLATFORM: GML ECC/FPH balloon
LOCATION: Lauder, NZ
ASSOCIATED_DATA: N/A
INSTRUMENT_INFO: Printed Optical Particle Spectrometer counts particles from 140 - 2500 nm in diameter 
DATA_INFO: Particle concentrations reported in number per cubic centimeter, binned to 100 m altitude
UNCERTAINTY: Counting uncertainty dominated by air flow, less than 5 percent
ULOD_FLAG: -77777
ULOD_VALUE: 3000 ~3000 per cm3 (varies depending on flow rate- manufacturer quotes 1250  per cm3 at 1.667 cc/s)
LLOD_FLAG: -88888
LLOD_VALUE: 0 0 (varies depending on data field and measurement precision)
DM_CONTACT_INFO: Troy Thornberry, 325 Broadway R/CSL6, Boulder, CO 80305; troy.thornberry@noaa.gov; 303-497-3373
PROJECT_INFO: B2SAP Lauder, NZ
STIPULATIONS_ON_USE: Please contact the PIs for questions regarding applications and uncertainties
OTHER_COMMENTS: POPS bin Edges (nm):  140, 170, 205, 249, 302, 366, 443, 537, 651, 789, 956, 1159, 1404, 1702, 2062, 2500
Calculations assume sulfate refractive index of 1.45+0.00j and extinction wavelength = 532 nm
REVISION: R0
R0: QA/QC data
TIME_START,TIME_STOP,TIME_MID,GPSAlt,GPS_Lon,GPS_Lat,iMet_Pressure,iMet_Temperature,THETA,Aerosol_concentration,Surface_Area_Conc,Volume_density,Effective_radius,Extinction,Bin01,Bin02,Bin03,Bin04,Bin05,Bin06,Bin07,Bin08,Bin09,Bin10,Bin11,Bin12,Bin13,Bin14,Bin15
[from data line 305]
89498,89514,89506,23.2,169.714,-45.2633,33.5033,-49.4642,590.259,2.50998,0.88843,64.0291,0.21621,0.000500061,0.41833,0.369115,0.393723,0.270684,0.295292,0.246077,0.270684,0.246077,0,0,0,0,0,0,0
89515,89530,89522,23.1,169.715,-45.2635,34.0773,-49.3073,587.815,2.74726,0.949225,67.3318,0.2128,0.000519396,0.52832,0.39624,0.369824,0.158496,0.501904,0.237744,0.39624,0.13208,0.026416,0,0,0,0,0,0
89531,89547,89539,23,169.715,-45.2635,34.6455,-49.1491,585.457,2.5737,0.878117,65.1654,0.222631,0.000508596,0.604031,0.341409,0.420196,0.210098,0.288884,0.183836,0.315147,0.157573,0.0525244,0,0,0,0,0,0
89548,89564,89556,22.9,169.715,-45.2633,35.1831,-49.0977,583.018,2.86451,0.908713,63.9346,0.211072,0.000494636,0.568529,0.524796,0.459197,0.306131,0.306131,0.087466,0.459197,0.131199,0.0218665,0,0,0,0,0,0
89565,89582,89574,22.8,169.715,-45.263,35.7708,-49.3467,579.628,2.36366,0.69398,47.8398,0.206806,0.000358184,0.678674,0.280831,0.280831,0.397844,0.18722,0.18722,0.210623,0.117013,0.0234026,0,0,0,0,0,0
89583,89598,89590,22.7,169.716,-45.2629,36.242,-48.907,578.587,2.52354,0.842743,60.4275,0.21511,0.000467306,0.471431,0.582357,0.277313,0.166388,0.249581,0.305044,0.305044,0.138656,0.0277313,0,0,0,0,0,0
89599,89616,89608,22.6,169.716,-45.2629,36.9031,-49.0831,575.169,2.63984,0.952192,72.5013,0.228424,0.000545552,0.489647,0.404491,0.298046,0.276757,0.404491,0.276757,0.298046,0.127734,0.042578,0.021289,0,0,0,0,0
89617,89635,89626,22.5,169.717,-45.2626,37.3936,-49.515,571.888,3.03059,1.08197,78.6974,0.218206,0.000601327,0.488805,0.410597,0.371492,0.371492,0.52791,0.332388,0.273731,0.195522,0.0586567,0,0,0,0,0,0
89637,89655,89646,22.4,169.718,-45.2623,38.1207,-49.7979,568.039,2.93125,1.09799,79.3793,0.216885,0.00061314,0.485307,0.194123,0.42707,0.368833,0.543543,0.291184,0.407658,0.17471,0.0388245,0,0,0,0,0,0
89656,89674,89665,22.3,169.719,-45.2623,38.7127,-50.1,564.769,3.06422,1.1985,94.5839,0.236756,0.000701455,0.414571,0.468646,0.396546,0.216298,0.612844,0.306422,0.450621,0.126174,0.0180248,0.0540745,0,0,0,0,0
89676,89693,89684,22.2,169.72,-45.2621,39.38,-50.0947,562.038,3.14338,1.46243,176.404,0.361872,0.00084843,0.66011,0.345772,0.361489,0.361489,0.502941,0.267188,0.361489,0.172886,0.0314338,0.0314338,0,0,0.0314338,0.0157169,0
89694,89712,89703,22.1,169.721,-45.2615,39.9,-50.3682,559.25,2.75818,0.986623,70.79,0.215249,0.0005514,0.436322,0.389573,0.420739,0.280493,0.389573,0.233744,0.405156,0.186995,0.0155829,0,0,0,0,0,0
89713,89732,89722,22,169.722,-45.2605,40.5968,-50.2221,556.85,3.19965,1.2014,89.8109,0.224265,0.000711857,0.565455,0.510289,0.386165,0.330998,0.317207,0.317207,0.482706,0.248249,0.0413748,0,0,0,0,0,0
89733,89752,89742,21.9,169.723,-45.2596,41.2216,-50.4274,553.92,3.05435,1.20611,95.4,0.237293,0.000754249,0.481541,0.57785,0.41275,0.151342,0.454025,0.1651,0.522816,0.192617,0.0825499,0.0137583,0,0,0,0,0
89754,89772,89763,21.8,169.724,-45.2591,41.84,-50.5212,551.327,2.88592,1.2483,99.9538,0.240215,0.000790035,0.33416,0.410105,0.364538,0.318971,0.364538,0.318971,0.425294,0.258214,0.0759454,0.0151891,0,0,0,0,0
89774,89790,89782,21.7,169.725,-45.2592,42.5741,-50.7935,547.936,3.06642,1.34712,111.522,0.248357,0.000878408,0.407849,0.43806,0.43806,0.226583,0.453165,0.166161,0.649537,0.13595,0.120844,0.030211,0,0,0,0,0
89792,89810,89801,21.6,169.727,-45.2594,43.1983,-51.145,544.789,3.19579,1.39735,124.555,0.267409,0.000891986,0.574682,0.392466,0.490583,0.224266,0.392466,0.322383,0.448533,0.21025,0.0700832,0.0560666,0.0140166,0,0,0,0
89811,89830,89820,21.5,169.728,-45.2597,43.9853,-51.5311,541.051,3.24313,1.12633,86.1027,0.229336,0.000659447,0.754523,0.516253,0.423592,0.211796,0.436829,0.317694,0.304457,0.185322,0.0794235,0.0132373,0,0,0,0,0
89831,89849,89840,21.4,169.728,-45.26,44.7583,-51.1989,539.161,3.28821,1.25491,106.499,0.254597,0.000748553,0.649352,0.511192,0.386848,0.400664,0.428296,0.234872,0.41448,0.124344,0.096712,0.027632,0.013816,0,0,0,0
89850,89869,89860,21.3,169.728,-45.2601,45.4611,-51.3,536.531,3.37582,1.45108,116.131,0.240093,0.000934255,0.49604,0.509818,0.413366,0.261799,0.440924,0.179125,0.716502,0.261799,0.0826733,0.0137789,0,0,0,0,0
89870,89889,89880,21.2,169.729,-45.2601,46.1653,-50.2747,536.645,3.50253,1.46653,118.505,0.24242,0.00092506,0.566586,0.489325,0.360555,0.334801,0.515079,0.373432,0.489325,0.231785,0.115893,0.0257539,0,0,0,0,0
89890,89907,89898,21.1,169.729,-45.2598,46.8965,-51.0082,532.481,3.43984,1.2839,97.013,0.226683,0.000764326,0.642294,0.471016,0.528109,0.256918,0.442469,0.299737,0.513835,0.199825,0.0856392,0,0,0,0,0,0
89908,89927,89918,21,169.73,-45.2593,47.5774,-50.9284,530.488,3.42448,1.27349,103.199,0.243109,0.000740162,0.542748,0.710742,0.45229,0.284297,0.426445,0.271374,0.45229,0.206761,0.0516903,0.0129226,0.0129226,0,0,0,0
89928,89947,89938,20.9,169.73,-45.2585,48.3937,-50.7021,528.445,3.94327,1.66792,140.276,0.252306,0.00107612,0.664129,0.525769,0.553441,0.345901,0.525769,0.345901,0.511933,0.318229,0.0830162,0.0691801,0,0,0,0,0
89948,89967,89958,20.8,169.731,-45.2577,49.1755,-52.604,521.542,3.71105,1.56155,123.55,0.237362,0.000989164,0.492147,0.62516,0.438942,0.252724,0.558653,0.359134,0.545352,0.305929,0.133013,0,0,0,0,0,0
89968,89989,89978,20.7,169.731,-45.2569,49.9564,-52.7179,518.927,4.12306,2.02105,189.372,0.281099,0.00137756,0.608009,0.551008,0.456007,0.361005,0.760011,0.171003,0.589009,0.323005,0.209003,0.0760011,0,0.0190003,0,0,0
89990,90008,89999,20.6,169.732,-45.2562,50.8526,-50.5268,521.432,3.69719,1.79691,157.376,0.262745,0.0011996,0.540039,0.443109,0.318484,0.401567,0.512345,0.276943,0.609275,0.429262,0.138471,0.0138471,0,0.0138471,0,0,0
90009,90028,90018,20.5,169.732,-45.2558,51.5739,-51.1283,517.933,3.92913,1.69243,138.478,0.245465,0.00108721,0.52977,0.559202,0.456191,0.456191,0.544486,0.367896,0.515054,0.338464,0.132443,0.0294317,0,0,0,0,0
90029,90049,90039,20.4,169.734,-45.2554,52.3495,-49.7514,518.923,3.87244,1.99368,180.975,0.272323,0.00137602,0.363433,0.551416,0.451158,0.388497,0.513819,0.300772,0.664205,0.40103,0.162918,0.0626609,0.0125322,0,0,0,0
90050,90070,90060,20.3,169.734,-45.2548,53.2116,-50.7753,514.149,3.85436,1.65822,138.058,0.24977,0.00101915,0.542672,0.514843,0.431355,0.389611,0.62616,0.333952,0.570502,0.361781,0.041744,0.0278293,0.0139147,0,0,0,0
90071,90092,90082,20.2,169.736,-45.2541,54.0835,-51.075,511.067,4.0831,2.08844,191.06,0.274455,0.0014324,0.490502,0.503759,0.463989,0.331421,0.636327,0.344677,0.649584,0.437475,0.119311,0.0927978,0.0132568,0,0,0,0
90093,90114,90104,20.1,169.737,-45.2535,54.974,-51.57,507.562,4.10643,2.22607,215.331,0.290195,0.00155359,0.450382,0.582847,0.437136,0.384149,0.503368,0.410643,0.582847,0.490122,0.119219,0.119219,0.0264931,0,0,0,0
90115,90135,90125,20,169.739,-45.2531,55.842,-51.3755,505.738,4.10682,2.24286,217.882,0.291435,0.00162397,0.531627,0.611371,0.412011,0.292395,0.584789,0.305685,0.59808,0.425301,0.186069,0.146197,0.0132907,0,0,0,0
90136,90156,90146,19.9,169.741,-45.2529,56.6438,-51.2867,503.879,3.84105,1.99332,182.259,0.274306,0.0013739,0.353781,0.467497,0.518037,0.341146,0.568577,0.416956,0.530672,0.341146,0.240066,0.0505402,0,0.012635,0,0,0
90157,90179,90168,19.8,169.743,-45.2529,57.6391,-51.6726,500.514,4.34229,2.20641,206.986,0.281434,0.00146266,0.636869,0.509495,0.497916,0.347383,0.474757,0.509495,0.741084,0.393701,0.138953,0.0578972,0.0115794,0.0231589,0,0,0
90180,90200,90190,19.7,169.746,-45.2529,58.6255,-51.675,498.076,3.85015,1.98597,188.572,0.284856,0.00135044,0.436615,0.52923,0.502768,0.277846,0.568922,0.370461,0.542461,0.370461,0.145538,0.0793845,0.0264615,0,0,0,0
90201,90223,90212,19.6,169.748,-45.2532,59.5826,-51.4626,496.262,4.25756,2.50795,250.689,0.299874,0.00185291,0.576906,0.403834,0.542291,0.334605,0.553829,0.230762,0.657672,0.576906,0.207686,0.149995,0.0115381,0.0115381,0,0,0
90224,90245,90234,19.5,169.75,-45.2539,60.5045,-51.4377,494.141,4.22593,2.18432,205.821,0.28268,0.00154353,0.519185,0.615778,0.422593,0.482963,0.555408,0.301852,0.627852,0.350148,0.229407,0.108667,0.0120741,0,0,0,0
90246,90266,90256,19.4,169.751,-45.2545,61.4357,-51.9624,490.826,4.26358,2.31828,211.426,0.273599,0.00166334,0.544018,0.569321,0.392199,0.278335,0.518714,0.354244,0.733791,0.581972,0.24038,0.0379547,0.0126516,0,0,0,0
90267,90288,90278,19.3,169.751,-45.2549,62.4527,-52.3555,487.669,3.9792,2.47604,264.119,0.32001,0.0018426,0.580553,0.520078,0.37494,0.229802,0.483794,0.290276,0.677311,0.411225,0.145138,0.229802,0.0241897,0.0120948,0,0,0
90289,90309,90299,19.2,169.752,-45.255,63.471,-52.4948,485.102,4.53512,2.85974,282.929,0.296806,0.00216454,0.481382,0.49405,0.405374,0.278695,0.671401,0.405374,0.544721,0.747409,0.392706,0.0886756,0.0253359,0,0,0,0
90310,90331,90320,19.1,169.753,-45.2545,64.5157,-53.0267,481.689,4.61528,2.8091,293.752,0.313715,0.00205198,0.560973,0.662968,0.484476,0.280486,0.573722,0.305985,0.726715,0.599221,0.191241,0.178491,0.0382481,0.0127494,0,0,0
90332,90351,90342,19,169.753,-45.2536,65.4825,-53.019,479.661,4.38756,2.6569,273.124,0.308394,0.00201229,0.733483,0.466762,0.466762,0.306729,0.480098,0.186705,0.746819,0.546778,0.240049,0.186705,0.0266721,0,0,0,0
90352,90371,90362,18.9,169.754,-45.2528,66.4763,-52.6126,478.478,4.35524,2.60603,258.208,0.297243,0.00189938,0.502528,0.474609,0.348978,0.348978,0.711914,0.335018,0.683996,0.544405,0.251264,0.125632,0.0139591,0.0139591,0,0,0
90372,90392,90382,18.8,169.755,-45.2519,67.5295,-52.2386,477.15,4.22604,2.5432,259.87,0.306548,0.00188604,0.58203,0.506113,0.379585,0.303668,0.569377,0.341626,0.619988,0.531419,0.164487,0.202445,0.0253057,0,0,0,0
90394,90413,90404,18.7,169.756,-45.2509,68.6515,-51.67,476.119,4.59133,2.78454,285.709,0.307816,0.00206795,0.585562,0.638794,0.505712,0.266164,0.532329,0.279473,0.678719,0.665411,0.252856,0.14639,0.0266164,0.0133082,0,0,0
90414,90434,90424,18.6,169.757,-45.25,69.7348,-51.1757,475.06,4.4601,2.80932,290.187,0.309883,0.00208215,0.568568,0.480124,0.44222,0.341141,0.505394,0.315871,0.732821,0.581203,0.341141,0.101079,0.0379045,0.0126348,0,0,0
90435,90455,90445,18.5,169.758,-45.2487,70.8505,-51.4038,472.425,4.78766,3.38243,391.213,0.346981,0.00252659,0.70555,0.529162,0.428369,0.327577,0.541761,0.27718,0.755946,0.579559,0.289779,0.239383,0.113392,0,0,0,0
90456,90476,90466,18.4,169.759,-45.2474,71.9748,-51.6329,469.815,4.94386,3.01089,372.224,0.370878,0.00208776,0.758649,0.619563,0.455189,0.404613,0.771293,0.442545,0.493122,0.543699,0.227595,0.139086,0.0632208,0.0126442,0,0,0.0126442
90477,90497,90487,18.3,169.76,-45.2462,73.101,-51.5162,467.989,5.27835,3.26113,341.329,0.313997,0.00238162,0.752097,0.560654,0.588003,0.369211,0.492282,0.505956,0.888842,0.533305,0.382886,0.136745,0.054698,0.0136745,0,0,0
90498,90518,90508,18.2,169.762,-45.2448,74.2567,-51.0533,466.859,4.8511,3.43278,404.868,0.353825,0.00248829,0.644944,0.51876,0.406595,0.378554,0.672985,0.364534,0.729067,0.560821,0.140205,0.308452,0.0841232,0.0420616,0,0,0
90519,90542,90530,18.1,169.765,-45.2436,75.4564,-51.0395,464.762,4.99557,3.21087,360.02,0.336376,0.00231378,0.839256,0.532861,0.386324,0.359681,0.719362,0.359681,0.732683,0.452932,0.333038,0.17318,0.0932506,0.0133215,0,0,0
90543,90565,90554,18,169.768,-45.2429,76.6119,-50.8848,463.07,4.94704,3.49155,420.144,0.360995,0.00256666,0.822184,0.501672,0.557413,0.348383,0.501672,0.348383,0.738572,0.431995,0.250836,0.306577,0.125418,0.0139353,0,0,0
90566,90588,90577,17.9,169.771,-45.243,77.881,-51.2824,460.074,4.76123,3.15866,361.841,0.343665,0.0023688,0.837754,0.642278,0.432839,0.237364,0.48869,0.418877,0.558502,0.48869,0.307176,0.265289,0.0418877,0.0418877,0,0,0
90589,90612,90600,17.8,169.773,-45.2436,79.0659,-51.4668,457.72,5.08137,3.29721,371.095,0.337644,0.0023872,0.779682,0.524269,0.48394,0.416726,0.645254,0.403284,0.766239,0.416726,0.33607,0.201642,0.107542,0,0,0,0
90613,90636,90624,17.7,169.775,-45.2443,80.3017,-51.485,455.65,4.88702,2.87647,297.91,0.310704,0.00210566,0.787832,0.578564,0.517015,0.381606,0.517015,0.283127,0.800142,0.566254,0.233888,0.172338,0.0492395,0,0,0,0
90637,90660,90648,17.6,169.777,-45.2448,81.5418,-51.6477,453.33,5.58934,2.72215,270.914,0.298567,0.00179137,1.14996,0.869156,0.468007,0.401149,0.615095,0.534865,0.802298,0.414521,0.16046,0.106973,0.0534865,0.0133716,0,0,0
90661,90684,90672,17.5,169.779,-45.2448,82.8468,-51.3437,451.9,5.49258,3.48932,400.297,0.344162,0.0025827,1.13265,0.698209,0.496504,0.372378,0.51202,0.325831,0.744756,0.527536,0.294799,0.279284,0.10861,0,0,0,0
90686,90710,90698,17.4,169.781,-45.2446,84.2189,-51.6058,449.247,5.48506,2.79557,319.745,0.343127,0.00200619,1.84385,0.976155,0.356374,0.247912,0.402858,0.201429,0.495825,0.387363,0.263407,0.216923,0.0774727,0.0154945,0,0,0
90711,90734,90722,17.3,169.783,-45.2447,85.5762,-51.4614,447.499,5.71952,2.88008,346.955,0.361402,0.00197703,1.83192,1.1467,0.475461,0.377572,0.33562,0.223746,0.433509,0.307651,0.223746,0.223746,0.125857,0.0139842,0,0,0
90735,90759,90747,17.2,169.785,-45.2453,86.8109,-51.1686,446.252,5.21155,3.05126,399.059,0.392355,0.00213625,1.78184,0.884222,0.535892,0.160768,0.375124,0.0669865,0.468906,0.214357,0.308138,0.227754,0.133973,0.0401919,0.0133973,0,0
90760,90783,90772,17.1,169.787,-45.2464,88.243,-50.9461,444.618,5.85385,3.11322,403.22,0.388555,0.00209878,2.39011,0.869131,0.472909,0.242845,0.293971,0.268408,0.332315,0.357877,0.19172,0.230064,0.153376,0.0511253,0,0,0
90784,90808,90796,17,169.789,-45.2473,89.6268,-50.7468,443.048,5.73011,2.64077,305.43,0.346979,0.00190303,2.24733,1.04719,0.470646,0.176492,0.376517,0.223557,0.294154,0.294154,0.235323,0.294154,0.0470646,0.0117661,0.0117661,0,0
90809,90832,90820,16.9,169.79,-45.248,91.0774,-50.8765,440.753,5.39432,2.93162,357.594,0.365935,0.00201839,1.88738,0.714142,0.459091,0.255051,0.395329,0.306061,0.420834,0.395329,0.204041,0.216793,0.0637627,0.0637627,0.0127525,0,0
90833,90855,90844,16.8,169.791,-45.2486,92.4864,-50.7332,439.115,5.74493,3.08717,373.387,0.362844,0.00208392,1.70615,1.02636,0.466525,0.279915,0.533172,0.239927,0.55983,0.359891,0.213269,0.199939,0.0933051,0.0666465,0,0,0
90856,90878,90867,16.7,169.793,-45.2488,93.9527,-51.0968,436.426,6.01845,3.18885,393.473,0.370171,0.00210821,1.93928,0.976327,0.561722,0.374482,0.347733,0.374482,0.481476,0.40123,0.173866,0.200615,0.120369,0.0668717,0,0,0
90879,90901,90890,16.6,169.794,-45.2489,95.3715,-50.852,435.039,6.18298,3.77636,470.623,0.37387,0.00264941,1.77284,1.02561,0.54211,0.161168,0.410245,0.380942,0.673974,0.512806,0.219774,0.278381,0.161168,0.0439548,0,0,0
90902,90925,90914,16.5,169.796,-45.249,96.8839,-50.9996,432.809,5.21928,2.94222,350.834,0.357723,0.00208452,1.50213,0.980206,0.369169,0.203679,0.420088,0.241869,0.496468,0.420088,0.254599,0.203679,0.0763797,0.0509198,0,0,0
90926,90948,90937,16.4,169.799,-45.2491,98.503,-50.967,430.818,6.3152,4.12891,525.092,0.381524,0.00288891,1.82884,0.728677,0.485785,0.371483,0.457209,0.500073,0.628663,0.442922,0.371483,0.25718,0.157166,0.0857267,0,0,0
90949,90973,90961,16.3,169.801,-45.2494,100.027,-51.0583,428.76,6.23822,3.38448,402.348,0.356641,0.00234995,2.07941,0.731378,0.602311,0.315496,0.559289,0.301155,0.530607,0.430222,0.329837,0.20077,0.114726,0.0430222,0,0,0
90974,90997,90986,16.2,169.804,-45.25,101.619,-51.5355,425.919,6.20095,3.37268,393.07,0.349636,0.00246299,1.9819,1.00597,0.465447,0.225216,0.525504,0.345331,0.480461,0.480461,0.240231,0.345331,0.0900864,0.0150144,0,0,0
90998,91024,91011,16.1,169.806,-45.2509,103.213,-51.3841,424.307,6.54018,3.7451,463.217,0.371058,0.00253967,1.86512,1.15343,0.613526,0.257681,0.429468,0.380386,0.662608,0.503091,0.24541,0.220869,0.110435,0.0858936,0.0122705,0,0
91025,91051,91038,16,169.809,-45.2523,104.905,-50.9396,423.194,6.64705,3.25019,385.327,0.355666,0.00211434,2.26202,1.13733,0.505479,0.429657,0.404383,0.315924,0.581301,0.467568,0.240102,0.12637,0.101096,0.0631849,0.012637,0,0
91052,91076,91064,15.9,169.812,-45.2537,106.488,-51.0696,421.142,6.99079,3.34347,404.955,0.363354,0.00230693,2.71407,1.23367,0.726494,0.246734,0.246734,0.246734,0.493468,0.411223,0.246734,0.274149,0.109659,0.0137074,0.0274149,0,0
