api/data/B2SAP/Locations/Lauder/NOAA-POPS-B2SAP_GMLBalloon_20230904_R0.ict
61,1001
Thornberry, T. D.
NOAA Chemical Sciences Laboratory
Portable Optical Particle Spectrometer (POPS)
Balloon Baseline Stratospheric Aerosol Profiles (B2SAP)
1,1
2023,09,04,2024,05,28
0
TIME_START,s,Seconds since midnight UTC on flight start day,Start time of 100 m altitude bin in UTC_seconds_since_midnight
28
1.0,1.0,1.0,1.0,1.0,1.0,1.0,1.0,1.0,1.0,1.0,1.0,1.0,1.0,1.0,1.0,1.0,1.0,1.0,1.0,1.0,1.0,1.0,1.0,1.0,1.0,1.0,1.0
99999,99999,99999,99999,99999,99999,99999,99999,99999,99999,99999,99999,99999,99999,99999,99999,99999,99999,99999,99999,99999,99999,99999,99999,99999,99999,99999,99999
TIME_STOP,s,End time of 100 m altitude bin in UTC seconds since midnight,
TIME_MID,s,Mid time of 100 m altitude in UTC seconds since midnight,
GPSAlt,m,GPS reported altitude above sea level (m),
GPS_Lon,deg,GPS reported longitude,
GPS_Lat,deg,GPS reported latitude,
iMet_Pressure,mb,Pressure reported (mB),
iMet_Temperature,degrees C,Ambient temperature (oC),
THETA,K,Potential temperature from iMet,
Aerosol_concentration,cm^-3,Aerosol concentration,
Surface_Area_Conc,um^2 cm^-3,Surface area concentration,
Volume_density,um^3 cm^-3,Volume density,
Effective_radius,um,Effective radius,
Extinction,km^-1,Extinction,
Bin01,cm^-3,particle concentration in size range [140 - 170 nm],
Bin02,cm^-3,particle concentration in size range [170 - 205 nm],
Bin03,cm^-3,particle concentration in size range [205 - 249 nm],
Bin04,cm^-3,particle concentration in size range [249 - 302 nm],
Bin05,cm^-3,particle concentration in size range [302 - 366 nm],
Bin06,cm^-3,particle concentration in size range [366 - 443 nm],
Bin07,cm^-3,particle concentration in size range [443 - 537 nm],
Bin08,cm^-3,particle concentration in size range [537 - 651 nm],
Bin09,cm^-3,particle concentration in size range [651 - 789 nm],
Bin10,cm^-3,particle concentration in size range [789 - 956 nm],
Bin11,cm^-3,particle concentration in size range [956 - 1159 nm],
Bin12,cm^-3,particle concentration in size range [1159 - 1404 nm],
Bin13,cm^-3,particle concentration in size range [1404 - 1702 nm],
Bin14,cm^-3,particle concentration in size range [1702 - 2062 nm],
Bin15,cm^-3,particle concentration in size range [2062 - 2500 nm],
0
19
PI_CONTACT_INFO: 325 Broadway R/CSL6, Boulder, CO 80305; troy.thornberry@noaa.gov; 303-497-3373 
PLATFORM: GML ECC/FPH balloon
LOCATION: Lauder, NZ
ASSOCIATED_DATA: N/A
INSTRUMENT_INFO: Printed Optical Particle Spectrometer counts particles from 140 - 2500 nm in diameter 
DATA_INFO: Particle concentrations reported in number per cubic centimeter, binned to 100 m altitude
UNCERTAINTY: Counting uncertainty dominated by air flow, less than 5 percent
ULOD_FLAG: -77777
ULOD_VALUE: 3000 ~3000 per cm3 (varies depending on flow rate- manufacturer quotes 1250  per cm3 at 1.667 cc/s)
LLOD_FLAG: -88888
LLOD_VALUE: 0 0 (varies depending on data field and measurement precision)
DM_CONTACT_INFO: Troy Thornberry, 325 Broadway R/CSL6, Boulder, CO 80305; troy.thornberry@noaa.gov; 303-497-3373
PROJECT_INFO: B2SAP Lauder, NZ
STIPULATIONS_ON_USE: Please contact the PIs for questions regarding applications and uncertainties
OTHER_COMMENTS: POPS bin Edges (nm):  140, 170, 205, 249, 302, 366, 443, 537, 651, 789, 956, 1159, 1404, 1702, 2062, 2500
Calculations assume sulfate refractive index of 1.45+0.00j and extinction wavelength = 532 nm
REVISION: R0
R0: QA/QC data
TIME_START,TIME_STOP,TIME_MID,GPSAlt,GPS_Lon,GPS_Lat,iMet_Pressure,iMet_Temperature,THETA,Aerosol_concentration,Surface_Area_Conc,Volume_density,Effective_radius,Extinction,Bin01,Bin02,Bin03,Bin04,Bin05,Bin06,Bin07,Bin08,Bin09,Bin10,Bin11,Bin12,Bin13,Bin14,Bin15
[from data line 225]
87202,87224,87213,22.8,169.62,-45.2822,36.1191,-53.6341,566.949,2.73453,0.950632,70.3684,0.222068,0.000544207,0.483312,0.457874,0.470593,0.2035,0.330687,0.241656,0.368843,0.10175,0.0763124,0,0,0,0,0,0
87225,87244,87234,22.9,169.62,-45.2821,35.559,-53.51,569.807,3.26055,1.19356,86.9382,0.218518,0.000678922,0.550483,0.564598,0.310529,0.254069,0.536368,0.324644,0.494023,0.183494,0.0423449,0,0,0,0,0,0
87245,87265,87255,23,169.621,-45.282,34.933,-53.552,572.599,3.07286,1.16571,87.8554,0.226099,0.000693222,0.500233,0.500233,0.443064,0.214386,0.357309,0.328725,0.485941,0.171509,0.0714619,0,0,0,0,0,0
87266,87290,87278,23.1,169.621,-45.2818,34.4086,-53.6595,574.789,2.72151,0.988472,70.6169,0.214322,0.000541928,0.396336,0.303858,0.409547,0.317069,0.449181,0.251013,0.488814,0.0528448,0.0528448,0,0,0,0,0,0
87291,87310,87300,23.2,169.621,-45.2819,33.8532,-53.2189,578.639,2.71317,0.984519,71.9809,0.219338,0.000555446,0.400809,0.339146,0.416224,0.354562,0.416224,0.246652,0.308314,0.184989,0.0462472,0,0,0,0,0,0
87311,87331,87321,23.3,169.622,-45.2822,33.35,-52.9305,581.871,2.43217,0.883943,63.6093,0.215883,0.000488987,0.321493,0.321493,0.391383,0.27956,0.349449,0.265582,0.363427,0.0978458,0.0419339,0,0,0,0,0,0
87332,87352,87342,23.4,169.622,-45.2822,32.7952,-53.3329,583.607,2.82083,1.03865,78.7481,0.227454,0.00060957,0.470139,0.498632,0.299179,0.341919,0.370412,0.17096,0.470139,0.142466,0.0427399,0.0142466,0,0,0,0,0
87353,87373,87363,23.5,169.623,-45.2822,32.3224,-53.5733,585.387,2.84328,0.918452,64.1336,0.209484,0.00048298,0.51696,0.48824,0.37336,0.31592,0.41644,0.25848,0.33028,0.10052,0.04308,0,0,0,0,0,0
87374,87394,87384,23.6,169.624,-45.282,31.7686,-53.7786,587.735,2.77781,1.01279,74.9902,0.222128,0.000589615,0.467841,0.438601,0.423981,0.248541,0.321641,0.233921,0.423981,0.17544,0.0438601,0,0,0,0,0,0
87395,87416,87406,23.7,169.625,-45.282,31.2923,-53.6123,590.728,2.44199,0.760345,52.2844,0.206292,0.000398434,0.564623,0.38112,0.38112,0.197618,0.25408,0.25408,0.25408,0.155271,0,0,0,0,0,0,0
87416,87436,87426,23.8,169.626,-45.2818,30.7365,-54.164,592.261,2.48968,0.821225,57.0926,0.208564,0.000435663,0.598783,0.330906,0.189089,0.299391,0.362421,0.252119,0.330906,0.110302,0.0157574,0,0,0,0,0,0
87437,87454,87446,23.9,169.626,-45.2813,30.3572,-54.2478,594.149,2.40777,0.787497,56.6106,0.21566,0.000431483,0.456949,0.421799,0.404224,0.17575,0.31635,0.2109,0.2812,0.0878749,0.0527249,0,0,0,0,0,0
87455,87473,87464,24,169.627,-45.2805,29.88,-54.34,596.585,2.5319,0.760067,49.7583,0.196397,0.000362133,0.43458,0.43458,0.377896,0.302316,0.359001,0.321211,0.170053,0.132263,0,0,0,0,0,0,0
87474,87494,87484,24.1,169.628,-45.2796,29.306,-54.5375,599.366,2.16865,0.688454,49.0616,0.21379,0.000377115,0.570697,0.391335,0.211973,0.163056,0.228279,0.211973,0.277196,0.0815282,0.0326113,0,0,0,0,0,0
87495,87515,87505,24.2,169.629,-45.2787,28.8289,-54.0805,603.435,2.11595,0.580862,37.0059,0.191126,0.000273247,0.533287,0.309651,0.395665,0.189231,0.223636,0.103217,0.344056,0.0172028,0,0,0,0,0,0,0
87515,87535,87525,24.3,169.63,-45.278,28.42,-53.4655,607.607,2.0065,0.561405,36.0669,0.192732,0.000265647,0.56381,0.198992,0.364818,0.215574,0.182409,0.165826,0.281905,0.0331653,0,0,0,0,0,0,0
87536,87556,87546,24.4,169.63,-45.2774,27.8938,-53.3748,611.111,1.983,0.610813,41.0783,0.201755,0.000309412,0.444191,0.285552,0.285552,0.174504,0.301416,0.15864,0.23796,0.0951839,0,0,0,0,0,0,0
87557,87576,87566,24.5,169.631,-45.2767,27.5294,-53.5894,612.804,2.1727,0.788233,58.3348,0.222021,0.000453792,0.283396,0.396755,0.340075,0.226717,0.264503,0.170038,0.358969,0.0755723,0.0566792,0,0,0,0,0,0
87577,87597,87587,24.6,169.631,-45.2757,27.0537,-53.6053,615.832,1.9526,0.73303,63.1137,0.258299,0.00039325,0.325433,0.216955,0.415831,0.180796,0.307354,0.0903981,0.289274,0.0903981,0.0180796,0,0,0.0180796,0,0,0
87599,87613,87606,24.7,169.632,-45.2745,26.6144,-54.0637,617.415,1.90926,0.664658,48.0204,0.216745,0.000377448,0.351127,0.373073,0.175564,0.2414,0.197509,0.153618,0.2414,0.175564,0,0,0,0,0,0,0
87615,87632,87624,24.8,169.632,-45.2737,26.2456,-54.06,619.908,2.04782,0.732932,57.081,0.233641,0.000432772,0.331552,0.429068,0.292546,0.234037,0.136522,0.195031,0.292546,0.0780123,0.0390062,0.0195031,0,0,0,0,0
87633,87657,87645,24.9,169.632,-45.2731,25.7412,-54.1416,623.11,1.88195,0.70453,53.721,0.228752,0.000406551,0.373518,0.172393,0.258589,0.215491,0.244223,0.258589,0.215491,0.100562,0.0287321,0.0143661,0,0,0,0,0
87658,87675,87666,25,169.633,-45.2727,25.3322,-54.2428,625.691,1.56245,0.491136,34.5762,0.211201,0.00026246,0.260409,0.400629,0.160252,0.160252,0.200315,0.120189,0.160252,0.0801258,0.0200315,0,0,0,0,0,0
87676,87692,87684,25.1,169.634,-45.2729,24.8687,-53.6363,630.734,1.6263,0.436765,27.9063,0.19168,0.000203843,0.36649,0.297773,0.343584,0.114528,0.160339,0.114528,0.183245,0.0458113,0,0,0,0,0,0,0
87693,87712,87702,25.2,169.635,-45.2732,24.5455,-53.287,634.111,1.77274,0.648274,48.5438,0.224645,0.000369562,0.295456,0.295456,0.258524,0.147728,0.166194,0.166194,0.387786,0.036932,0,0.018466,0,0,0,0,0
87713,87731,87722,25.3,169.637,-45.2733,24.2037,-53.2679,636.706,1.24859,0.432867,30.0489,0.208255,0.000234463,0.234111,0.156074,0.175583,0.136565,0.156074,0.0780369,0.273129,0.0390184,0,0,0,0,0,0,0
87732,87748,87740,25.4,169.637,-45.2735,23.7965,-53.5371,639.017,1.77026,0.637367,48.3969,0.227798,0.000379915,0.358534,0.291309,0.179267,0.201675,0.2689,0.0896334,0.201675,0.13445,0.0448167,0,0,0,0,0,0
87749,87768,87758,25.5,169.638,-45.2738,23.4559,-53.1718,642.726,1.95208,0.474877,27.4838,0.173627,0.00018436,0.448753,0.314127,0.38144,0.201939,0.269252,0.157064,0.179501,0,0,0,0,0,0,0,0
87769,87788,87778,25.6,169.639,-45.2744,23.0489,-52.5853,647.666,1.40455,0.388533,26.4766,0.204435,0.000202948,0.427471,0.284981,0.162846,0.101779,0.14249,0.0407115,0.162846,0.081423,0,0,0,0,0,0,0
87789,87809,87799,25.7,169.64,-45.2746,22.5205,-52.0379,653.593,1.63009,0.499436,33.9908,0.204175,0.000253041,0.268243,0.309511,0.35078,0.0619023,0.226975,0.165073,0.185707,0.0412682,0.0206341,0,0,0,0,0,0
87810,87829,87820,25.8,169.642,-45.2744,22.2711,-51.5389,657.147,1.76,0.578855,39.6319,0.205398,0.000301931,0.335238,0.272381,0.272381,0.146667,0.167619,0.251429,0.230476,0.0838096,0,0,0,0,0,0,0
87830,87851,87840,25.9,169.643,-45.2738,21.8978,-51.5239,660.388,1.45192,0.421641,28.4207,0.202215,0.000216419,0.312722,0.357396,0.156361,0.134024,0.178698,0.0446745,0.201035,0.0670118,0,0,0,0,0,0,0
87852,87872,87862,26,169.644,-45.2731,21.5747,-51.3437,663.727,1.45215,0.348427,20.6548,0.17784,0.00014135,0.405748,0.277617,0.192196,0.106776,0.234907,0.106776,0.106776,0.0213552,0,0,0,0,0,0,0
87873,87891,87882,26.1,169.644,-45.273,21.2812,-50.9819,667.42,1.4491,0.446755,30.14,0.202393,0.000228576,0.491657,0.129384,0.129384,0.0776301,0.181137,0.207014,0.181137,0.0517534,0,0,0,0,0,0,0
87892,87910,87901,26.2,169.645,-45.2728,21,-51.3418,668.876,1.59469,0.420557,25.6008,0.18262,0.000178925,0.318937,0.220803,0.318937,0.220803,0.245336,0.0736009,0.171735,0.0245336,0,0,0,0,0,0,0
87911,87928,87920,26.3,169.645,-45.2723,20.6244,-52.0917,670.062,1.08414,0.242598,13.8968,0.17185,9.28724e-05,0.377091,0.188545,0.164977,0.0235682,0.117841,0.141409,0.0707045,0,0,0,0,0,0,0,0
87929,87946,87938,26.4,169.645,-45.2719,20.2344,-52.2456,673.254,1.01789,0.254046,14.9652,0.176722,0.00010155,0.214292,0.267865,0.107146,0.107146,0.0803594,0.160719,0.0803594,0,0,0,0,0,0,0,0
87947,87965,87956,26.5,169.645,-45.2716,19.9517,-52.5811,674.943,1.39576,0.333601,21.239,0.190997,0.00015294,0.385038,0.360973,0.192519,0.144389,0.0721945,0.0962594,0.0721945,0.0721945,0,0,0,0,0,0,0
87966,87984,87975,26.6,169.646,-45.2712,19.565,-52.6783,678.426,1.4267,0.457909,30.7382,0.201382,0.000231634,0.245982,0.221384,0.270581,0.0983929,0.147589,0.196786,0.196786,0.0491965,0,0,0,0,0,0,0
87985,88003,87994,26.7,169.647,-45.2709,19.2194,-52.56,682.264,1.28847,0.401548,28.6821,0.214287,0.000210459,0.297338,0.123891,0.297338,0.0991128,0.123891,0.198226,0.0991128,0,0.0495564,0,0,0,0,0,0
88004,88021,88012,26.8,169.648,-45.2706,18.8644,-52.435,686.288,1.38895,0.378007,23.7781,0.188711,0.000171057,0.322435,0.198422,0.198422,0.27283,0.0992108,0.0992108,0.173619,0.0248027,0,0,0,0,0,0,0
88022,88024,88023,26.9,169.648,-45.2706,18.6433,-52.87,687.231,0.745696,0.261149,20.2552,0.232685,0.000162994,0.149139,0.149139,0.149139,0,0.149139,0,0,0.149139,0,0,0,0,0,0,0
81895,82256,82076,0.4,169.683,-45.0375,976.511,9.84782,284.925,315.306,62.5481,4174.63,0.200228,0.0200914,85.8646,78.9438,60.5693,34.0676,32.4347,11.9209,8.03315,1.76974,0.565039,0.373139,0.213222,0.28785,0.154586,0.060413,0.047975
88981,88994,88988,26.9,169.692,-45.2706,18.525,-48.0567,703.55,1.14827,0.319792,22.0091,0.206469,0.000172245,0.481531,0.185204,0.0740817,0.0740817,0,0.111122,0.185204,0.0370408,0,0,0,0,0,0,0
88995,89008,89002,26.8,169.693,-45.2705,18.8679,-47.605,701.277,1.01344,0.277317,17.8409,0.193002,0.000131024,0.22169,0.19002,0.15835,0.12668,0.12668,0.03167,0.12668,0.03167,0,0,0,0,0,0,0
89009,89022,89016,26.7,169.694,-45.2703,19.1662,-46.94,700.187,1.44389,0.381681,25.4952,0.200391,0.000193054,0.436526,0.335789,0.134316,0.167894,0.0671578,0.0671578,0.167894,0.0671578,0,0,0,0,0,0,0
89023,89035,89029,26.6,169.694,-45.27,19.3838,-48.7531,692.346,1.3004,0.402987,27.3271,0.203434,0.000206316,0.400122,0.133374,0.100031,0.133374,0.166718,0.166718,0.133374,0.066687,0,0,0,0,0,0,0
89036,89047,89042,26.5,169.695,-45.2697,19.7392,-48.155,690.587,0.937904,0.181404,9.726,0.160845,6.1934e-05,0.360732,0.144293,0.144293,0.0721465,0.144293,0,0.0721465,0,0,0,0,0,0,0,0
89048,89057,89052,26.4,169.696,-45.2695,20.094,-49.102,684.203,1.43926,0.543061,42.4673,0.234599,0.000343373,0.423312,0.0846624,0.211656,0.126994,0.169325,0,0.296318,0.0846624,0.0423312,0,0,0,0,0,0
89058,89067,89062,26.3,169.696,-45.2691,20.299,-49.087,682.257,1.71858,0.461102,28.5548,0.185782,0.000205763,0.419165,0.251499,0.335332,0.125749,0.209582,0.125749,0.251499,0,0,0,0,0,0,0,0
89068,89078,89073,26.2,169.696,-45.2689,20.7164,-47.85,682.062,1.69545,0.436614,28.0426,0.192682,0.000200798,0.452119,0.301413,0.301413,0.0753531,0.301413,0.11303,0.0376766,0.11303,0,0,0,0,0,0,0
89079,89089,89084,26.1,169.697,-45.2687,21.0236,-49.6473,673.769,1.25826,0.228885,12.0098,0.157413,7.43755e-05,0.370076,0.444092,0.111023,0.148031,0.0370076,0.0740153,0.0740153,0,0,0,0,0,0,0,0
89090,89101,89096,26,169.697,-45.2686,21.3342,-48.5025,674.387,1.14456,0.380359,25.7191,0.202854,0.000195948,0.20198,0.134654,0.20198,0.10099,0.168317,0.10099,0.20198,0.0336634,0,0,0,0,0,0,0
89102,89112,89107,25.9,169.698,-45.2684,21.7645,-48.4773,670.635,1.12182,0.304893,20.4049,0.200774,0.00015268,0.398064,0.144751,0.144751,0.0361876,0.180938,0.0723753,0.0723753,0.0723753,0,0,0,0,0,0,0
89114,89125,89120,25.8,169.699,-45.2681,22.1142,-48.7892,666.648,1.31042,0.415395,27.9225,0.201658,0.000212808,0.294844,0.229323,0.0982814,0.131042,0.196563,0.0982814,0.229323,0.0327605,0,0,0,0,0,0,0
89126,89138,89132,25.7,169.7,-45.2681,22.4808,-49.2062,662.302,1.53842,0.437489,29.1286,0.199744,0.000210203,0.361982,0.271487,0.211156,0.150826,0.180991,0.180991,0.150826,0,0.0301652,0,0,0,0,0,0
89139,89152,89146,25.6,169.701,-45.2685,22.9836,-49.6243,656.898,1.5487,0.467477,32.8234,0.210642,0.000244,0.276553,0.359519,0.221242,0.165932,0.165932,0.165932,0.0829659,0.0829659,0.0276553,0,0,0,0,0,0
89153,89165,89159,25.5,169.702,-45.2691,23.2708,-50.0842,653.228,1.44355,0.4314,27.1894,0.189077,0.000196291,0.320789,0.224552,0.128315,0.128315,0.224552,0.224552,0.192473,0,0,0,0,0,0,0,0
89166,89178,89172,25.4,169.702,-45.2696,23.5623,-50.4415,649.851,1.56839,0.574233,42.4242,0.221639,0.000326499,0.261398,0.174265,0.232354,0.174265,0.261398,0.116177,0.290442,0,0.0580884,0,0,0,0,0,0
89179,89190,89184,25.3,169.703,-45.2699,23.885,-50.596,646.891,1.38298,0.382814,24.404,0.191247,0.000177245,0.3364,0.186889,0.261644,0.112133,0.186889,0.112133,0.149511,0.0373778,0,0,0,0,0,0,0
89192,89203,89198,25.2,169.704,-45.2703,24.3089,-50.94,642.65,2.0063,0.678809,53.9692,0.238517,0.000425972,0.409449,0.532284,0.204725,0.286615,0.122835,0.0409449,0.16378,0.16378,0.0818899,0,0,0,0,0,0
89205,89216,89210,25.1,169.705,-45.2707,24.6689,-51.5478,638.209,1.62203,0.551261,36.5337,0.198819,0.00027271,0.121652,0.364956,0.202753,0.0811013,0.364956,0.202753,0.243304,0.0405506,0,0,0,0,0,0,0
89217,89230,89224,25,169.706,-45.271,25.1111,-51.5689,634.914,1.31796,0.501761,36.8894,0.22056,0.000289651,0.199691,0.199691,0.0798764,0.239629,0.159753,0.159753,0.119815,0.159753,0,0,0,0,0,0,0
89232,89245,89238,24.9,169.706,-45.2711,25.5082,-51.2482,632.987,1.99872,0.647862,44.838,0.207628,0.000344879,0.515799,0.257899,0.161187,0.12895,0.483562,0.0644749,0.257899,0.12895,0,0,0,0,0,0,0
89247,89259,89253,24.8,169.707,-45.271,25.9575,-50.9862,630.589,1.68242,0.543224,39.1105,0.215991,0.000291653,0.30992,0.221372,0.30992,0.221372,0.221372,0.177097,0.0885486,0.0885486,0.0442743,0,0,0,0,0,0
89261,89275,89268,24.7,169.707,-45.2705,26.4112,-51.3338,626.486,1.39483,0.60188,46.8896,0.233716,0.000377006,0.130766,0.261531,0.087177,0.130766,0.30512,0.0435885,0.30512,0.087177,0.0435885,0,0,0,0,0,0
89279,89292,89286,24.6,169.707,-45.27,26.764,-51.477,623.721,1.5208,0.543703,42.0001,0.231745,0.000333758,0.553019,0.0691274,0.172819,0.103691,0.138255,0.172819,0.138255,0.138255,0.0345637,0,0,0,0,0,0
89293,89308,89300,24.5,169.707,-45.2697,27.1189,-51.4722,621.387,1.89249,0.602419,42.1593,0.20995,0.000313926,0.264949,0.302799,0.340648,0.264949,0.340648,0.0756997,0.189249,0.0756997,0.0378498,0,0,0,0,0,0
89309,89323,89316,24.4,169.707,-45.2693,27.6618,-50.9,619.475,1.68448,0.539105,35.9959,0.200309,0.000270217,0.153135,0.398151,0.275643,0.183762,0.214389,0.153135,0.245016,0.0612539,0,0,0,0,0,0,0
89325,89339,89332,24.3,169.708,-45.269,28.042,-50.655,617.739,1.61624,0.489474,34.776,0.213143,0.000262652,0.230891,0.428798,0.29686,0.164922,0.131938,0.0989534,0.164922,0.0659689,0.0329845,0,0,0,0,0,0
89341,89355,89348,24.2,169.709,-45.2684,28.4655,-50.9591,614.26,1.99656,0.666385,46.4789,0.209243,0.000353227,0.327794,0.387393,0.208596,0.238396,0.238396,0.208596,0.327794,0.0297995,0.0297995,0,0,0,0,0,0
89357,89371,89364,24.1,169.709,-45.2676,29,-51.444,609.668,2.15752,0.833407,62.4384,0.224758,0.000484071,0.261518,0.359587,0.196138,0.294208,0.326897,0.261518,0.294208,0.0980692,0.0653795,0,0,0,0,0,0
89372,89386,89379,24,169.71,-45.2668,29.422,-51.405,607.263,1.9855,0.523121,32.1229,0.184219,0.00022378,0.44834,0.288218,0.352267,0.160121,0.416315,0.128097,0.128097,0.0640485,0,0,0,0,0,0,0
89388,89402,89395,23.9,169.71,-45.2658,29.9709,-51.1073,604.878,2.2946,0.608323,36.323,0.17913,0.000247675,0.319501,0.464729,0.377593,0.348547,0.377593,0.174274,0.203319,0.0290456,0,0,0,0,0,0,0
89404,89415,89410,23.8,169.711,-45.265,30.3475,-50.7888,603.579,2.3319,0.819494,61.3619,0.224634,0.000497126,0.750952,0.31619,0.197619,0.118571,0.197619,0.158095,0.355714,0.237143,0,0,0,0,0,0,0
89417,89432,89424,23.7,169.711,-45.2645,30.9408,-50.8046,600.223,2.37929,0.8603,61.4655,0.21434,0.000480235,0.408565,0.216299,0.360498,0.336465,0.360498,0.144199,0.360498,0.192266,0,0,0,0,0,0,0
89433,89447,89440,23.6,169.712,-45.2643,31.4562,-50.7154,597.622,2.37381,0.747091,49.9995,0.200777,0.000372736,0.474763,0.308596,0.37981,0.213643,0.356072,0.284858,0.237381,0.118691,0,0,0,0,0,0,0
89448,89464,89456,23.5,169.712,-45.264,31.9787,-50.2773,595.998,2.49688,0.70945,45.6862,0.19319,0.000329878,0.608995,0.365397,0.385697,0.202998,0.304498,0.365397,0.162399,0.101499,0,0,0,0,0,0,0
89465,89480,89472,23.4,169.713,-45.2636,32.4513,-50.2893,593.463,2.18623,0.630445,42.9744,0.204496,0.000318562,0.465587,0.364372,0.404858,0.263158,0.263158,0.121457,0.161943,0.121457,0.0202429,0,0,0,0,0,0
