api/data/B2SAP/Locations/Lauder/NOAA-POPS-B2SAP_GMLBalloon_20190903_R0.ict
61,1001
Thornberry, T. D.
NOAA Chemical Sciences Laboratory
Portable Optical Particle Spectrometer (POPS)
Balloon Baseline Stratospheric Aerosol Profiles (B2SAP)
1,1
2019,09,03,2024,05,28
0
TIME_START,s,Seconds since midnight UTC on flight start day,Start time of 100 m altitude bin in UTC_seconds_since_midnight
28
1.0,1.0,1.0,1.0,1.0,1.0,1.0,1.0,1.0,1.0,1.0,1.0,1.0,1.0,1.0,1.0,1.0,1.0,1.0,1.0,1.0,1.0,1.0,1.0,1.0,1.0,1.0,1.0
99999,99999,99999,99999,99999,99999,99999,99999,99999,99999,99999,99999,99999,99999,99999,99999,99999,99999,99999,99999,99999,99999,99999,99999,99999,99999,99999,99999
TIME_STOP,s,End time of 100 m altitude bin in UTC seconds since midnight,
TIME_MID,s,Mid time of 100 m altitude in UTC seconds since midnight,
GPSAlt,m,GPS reported altitude above sea level (m),
GPS_Lon,deg,GPS reported longitude,
GPS_Lat,deg,GPS reported latitude,
iMet_Pressure,mb,Pressure reported (mB),
iMet_Temperature,degrees C,Ambient temperature (oC),
THETA,K,Potential temperature from iMet,
Aerosol_concentration,cm^-3,Aerosol concentration,
Surface_Area_Conc,um^2 cm^-3,Surface area concentration,
Volume_density,um^3 cm^-3,Volume density,
Effective_radius,um,Effective radius,
Extinction,km^-1,Extinction,
Bin01,cm^-3,particle concentration in size range [140 - 170 nm],
Bin02,cm^-3,particle concentration in size range [170 - 205 nm],
Bin03,cm^-3,particle concentration in size range [205 - 249 nm],
Bin04,cm^-3,particle concentration in size range [249 - 302 nm],
Bin05,cm^-3,particle concentration in size range [302 - 366 nm],
Bin06,cm^-3,particle concentration in size range [366 - 443 nm],
Bin07,cm^-3,particle concentration in size range [443 - 537 nm],
Bin08,cm^-3,particle concentration in size range [537 - 651 nm],
Bin09,cm^-3,particle concentration in size range [651 - 789 nm],
Bin10,cm^-3,particle concentration in size range [789 - 956 nm],
Bin11,cm^-3,particle concentration in size range [956 - 1159 nm],
Bin12,cm^-3,particle concentration in size range [1159 - 1404 nm],
Bin13,cm^-3,particle concentration in size range [1404 - 1702 nm],
Bin14,cm^-3,particle concentration in size range [1702 - 2062 nm],
Bin15,cm^-3,particle concentration in size range [2062 - 2500 nm],
0
19
PI_CONTACT_INFO: 325 Broadway R/CSL6, Boulder, CO 80305; troy.thornberry@noaa.gov; 303-497-3373 
PLATFORM: GML ECC/FPH balloon
LOCATION: Lauder, NZ
ASSOCIATED_DATA: N/A
INSTRUMENT_INFO: Printed Optical Particle Spectrometer counts particles from 140 - 2500 nm in diameter 
DATA_INFO: Particle concentrations reported in number per cubic centimeter, binned to 100 m altitude
UNCERTAINTY: Counting uncertainty dominated by air flow, less than 5 percent
ULOD_FLAG: -77777
ULOD_VALUE: 3000 ~3000 per cm3 (varies depending on flow rate- manufacturer quotes 1250  per cm3 at 1.667 cc/s)
LLOD_FLAG: -88888
LLOD_VALUE: 0 0 (varies depending on data field and measurement precision)
DM_CONTACT_INFO: Troy Thornberry, 325 Broadway R/CSL6, Boulder, CO 80305; troy.thornberry@noaa.gov; 303-497-3373
PROJECT_INFO: B2SAP Lauder, NZ
STIPULATIONS_ON_USE: Please contact the PIs for questions regarding applications and uncertainties
OTHER_COMMENTS: POPS bin Edges (nm):  140, 170, 205, 249, 302, 366, 443, 537, 651, 789, 956, 1159, 1404, 1702, 2062, 2500
Calculations assume sulfate refractive index of 1.45+0.00j and extinction wavelength = 532 nm
REVISION: R0
R0: QA/QC data
TIME_START,TIME_STOP,TIME_MID,GPSAlt,GPS_Lon,GPS_Lat,iMet_Pressure,iMet_Temperature,THETA,Aerosol_concentration,Surface_Area_Conc,Volume_density,Effective_radius,Extinction,Bin01,Bin02,Bin03,Bin04,Bin05,Bin06,Bin07,Bin08,Bin09,Bin10,Bin11,Bin12,Bin13,Bin14,Bin15
11232,12745,11988,0.4,169.683,-45.0377,966.248,13.205,289.177,401.953,96.4882,6051.22,0.188144,0.0375174,88.2567,79.4038,69.9472,58.3033,43.3506,35.9065,20.0682,5.0166,0.91309,0.46734,0.149333,0.0724175,0.0454296,0.0328353,0.0193413
12745,12770,12758,0.5,169.683,-45.0378,953.802,11.1348,288.152,404.114,97.7965,6331.07,0.194212,0.0380101,87.7385,79.5801,70.5217,59.6633,43.6805,36.7561,19.4378,4.90662,0.856481,0.537115,0.174199,0.101616,0.0725831,0.0435499,0.0435499
12771,12795,12783,0.6,169.683,-45.0376,943.302,10.5724,288.491,441.904,106.814,6695.28,0.188046,0.040978,92.2242,85.8917,77.5409,66.7332,50.5581,40.8033,21.3961,4.89932,1.05299,0.42412,0.116999,0.131624,0.0731242,0.0292497,0.0292497
12796,12818,12807,0.7,169.683,-45.0374,931.865,9.6175,288.529,445.811,108.972,6780.34,0.186664,0.0426485,93.3639,86.0526,76.6782,66.6517,51.134,41.4108,22.9352,5.71863,1.168,0.37922,0.0606752,0.151688,0.0455064,0.0606752,0
12819,12841,12830,0.8,169.683,-45.0372,920.548,8.73409,288.634,457.425,109.819,6721.36,0.183611,0.0423551,95.0527,87.56,84.2058,69.0868,50.7137,41.0516,22.3447,5.37342,1.25157,0.567379,0.0667505,0.100126,0.0166876,0.0166876,0.0166876
12841,12862,12852,0.9,169.682,-45.0371,909.411,7.93762,288.819,465.831,110.33,6606.98,0.179652,0.041612,95.2959,92.241,84.8917,70.5249,52.178,42.1578,21.6986,5.06243,1.08231,0.453873,0.192023,0.0174567,0.0174567,0.0174567,0
12863,12881,12872,1,169.681,-45.0369,897.964,7.08947,288.989,462.544,111.076,7046.98,0.190328,0.042387,96.7585,90.9442,81.2084,69.8114,52.6193,42.8836,21.5577,4.96445,0.965847,0.540874,0.0579508,0.0579508,0.0579508,0.0579508,0.0579508
12882,12900,12891,1.1,169.68,-45.0371,887.292,6.26944,289.13,460.357,111.467,7091.09,0.190849,0.0430193,97.5819,89.1891,79.5066,69.6809,51.7489,43.4584,21.9851,5.42463,0.962104,0.491287,0.102352,0.0818812,0.0204703,0.0818812,0.0409406
12901,12919,12910,1.2,169.679,-45.0372,876.318,5.4,289.262,446.17,107.289,6731.77,0.188233,0.0409728,93.2148,86.7159,79.8679,67.5492,48.7898,41.612,22.0767,4.75289,0.756582,0.504388,0.135797,0.0969977,0.0387991,0,0.0581986
12920,12939,12930,1.3,169.679,-45.0376,865.186,4.73905,289.629,346.105,82.2878,4963.99,0.180974,0.0313975,73.1681,68.0313,61.5706,50.9441,38.5523,31.8444,16.5224,4.28947,0.794346,0.24713,0.105913,0.0176521,0,0,0.0176521
12940,12963,12952,1.4,169.678,-45.0387,854.323,4.04375,289.946,241.952,60.2447,4455.58,0.221874,0.0239109,52.3724,48.6549,43.3352,34.1424,25.5252,22.1187,11.8371,2.69095,0.559967,0.279983,0.0622185,0.139992,0.0311093,0.108882,0.0933278
12965,12983,12974,1.5,169.678,-45.0394,844.293,3.24158,290.084,227.648,56.0586,3648.66,0.195259,0.0221315,48.3873,45.282,38.757,33.5684,24.7243,21.3635,11.7332,2.69255,0.510995,0.334112,0.157229,0.0786146,0.0196536,0.0196536,0.0196536
12984,13005,12994,1.6,169.677,-45.0406,833.477,2.37048,290.243,242.7,59.085,3820.22,0.193969,0.023063,51.4314,48.5614,42.3428,35.2207,26.0612,22.7659,12.5965,2.71065,0.496066,0.283466,0.1063,0.05315,0.0177167,0.0177167,0.0354333
13006,13025,13016,1.7,169.677,-45.0419,823.664,1.63053,290.442,241.677,59.4648,3893.97,0.196451,0.0234783,52.8594,46.0458,41.3136,35.9727,26.7832,22.6989,11.6833,3.06318,0.608708,0.333808,0.215993,0.0392715,0,0.0392715,0.0196357
13026,13046,13036,1.8,169.676,-45.0433,813.5,0.886667,290.682,241.398,58.6927,3664.81,0.187322,0.0227894,51.5818,47.3026,41.704,35.3388,26.1207,23.4106,11.9638,2.94193,0.588385,0.178299,0.124809,0.0891493,0.0356597,0.0178299,0
13047,13066,13056,1.9,169.675,-45.045,803.378,0.202,290.995,200.452,48.2925,2957.56,0.183728,0.0187103,42.9943,39.1525,34.482,28.531,23.5028,19.0583,9.548,2.35404,0.395479,0.338982,0.0376647,0.0376647,0,0.0188324,0
13068,13085,13076,2,169.675,-45.0465,793.443,-0.297895,291.503,109.799,26.6248,1679.88,0.189283,0.0104305,24.4436,21.6641,18.1158,15.77,12.0049,10.5265,5.53923,1.24189,0.236551,0.1577,0.0591377,0.0197126,0,0.0197126,0
13086,13104,13095,2.1,169.674,-45.0478,783.892,-0.881053,291.886,76.1899,19.4202,1192.2,0.184169,0.00791108,15.7442,13.4523,13.1733,10.5028,9.14757,8.23082,4.70332,0.936679,0.159435,0.119576,0,0.0199293,0,0,0
13105,13126,13116,2.2,169.674,-45.0492,773.489,-1.04682,292.821,35.1576,9.57974,627.751,0.196587,0.00403514,6.49429,7.00431,4.94722,5.28724,3.91017,4.31819,2.53311,0.561025,0.0170008,0.0170008,0.0340015,0.0340015,0,0,0
13127,13148,13138,2.3,169.673,-45.0499,764.092,-1.278,293.596,18.0966,5.23787,336.612,0.192795,0.00235246,3.18908,2.66072,2.94377,2.62297,2.35879,2.45314,1.47189,0.283055,0.0754813,0.0377406,0,0,0,0,0
13149,13167,13158,2.4,169.673,-45.0506,754.716,-1.90842,293.955,12.9277,3.71422,260.244,0.2102,0.00159985,2.60142,2.10497,1.62837,1.96596,1.7078,1.96596,0.734753,0.0595746,0.0794328,0.0397164,0.0198582,0.0198582,0,0,0
13168,13191,13180,2.5,169.673,-45.0515,745.052,-2.61417,294.269,9.75597,2.55758,154.453,0.181171,0.00105836,1.81837,1.75513,1.66025,1.23333,1.42308,0.964529,0.743162,0.142308,0.015812,0,0,0,0,0,0
13192,13211,13202,2.6,169.672,-45.0524,735.501,-2.29,295.707,13.4007,3.69796,294.942,0.239274,0.00162511,3.24694,2.1396,2.10207,1.7267,1.76423,1.38887,0.73197,0.168916,0.0375369,0.0563054,0.0187685,0,0,0.0187685,0
13212,13230,13221,2.7,169.672,-45.0528,726.372,-2.64211,296.382,8.87731,2.05943,139.832,0.203696,0.000740891,2.32359,1.7278,1.6285,1.13201,0.774531,0.81425,0.377335,0.0595793,0,0,0.0198598,0.0198598,0,0,0
13231,13247,13239,2.8,169.672,-45.053,717.823,-2.45882,297.589,7.94549,1.89953,166.008,0.262182,0.000745707,2.16896,1.59352,1.35007,1.04022,0.863159,0.442646,0.398381,0.0442646,0.0221323,0,0,0,0,0.0221323,0
13248,13267,13258,2.9,169.672,-45.0534,708.312,-2.19474,299.013,8.01688,1.74908,108.196,0.185576,0.000719606,2.42876,1.75739,1.42171,0.78984,0.49365,0.59238,0.335682,0.118476,0.059238,0.019746,0,0,0,0,0
13268,13287,13278,3,169.672,-45.0539,699.297,-3.02,299.192,7.86314,1.67648,95.3044,0.170544,0.00058258,2.09948,1.36664,1.70335,0.911094,0.71303,0.792256,0.198064,0.0396128,0.0198064,0.0198064,0,0,0,0,0
13288,13307,13298,3.1,169.672,-45.0542,690.535,-3.7305,299.49,8.49709,1.92924,109.451,0.170197,0.000709591,2.19036,1.64277,1.45395,0.925238,0.793061,1.03853,0.358766,0.0944121,0,0,0,0,0,0,0
13309,13330,13320,3.2,169.67,-45.054,681.762,-4.06864,300.206,7.98489,1.98393,120.145,0.181677,0.000818736,1.85333,1.48959,1.29906,1.05657,0.779436,0.86604,0.484982,0.121246,0.0346416,0,0,0,0,0,0
13331,13351,13341,3.3,169.669,-45.0536,673.108,-4.50333,300.814,6.33954,1.78603,114.351,0.192075,0.000813977,1.33654,1.2643,0.686332,0.722455,0.776639,0.92113,0.451534,0.144491,0.0361228,0,0,0,0,0,0
13352,13372,13362,3.4,169.668,-45.0532,664.636,-5.06048,301.28,6.34659,1.59476,108.637,0.204363,0.000644779,1.47299,1.25477,0.981994,1.01836,0.472812,0.781958,0.254591,0.0363701,0.0363701,0.0181851,0.0181851,0,0,0,0
13373,13388,13380,3.5,169.667,-45.0533,656.429,-5.83588,301.48,6.15953,1.65339,104.486,0.189585,0.000735042,1.37631,1.15068,0.925058,0.721997,0.56406,0.834808,0.451248,0.0902496,0.0451248,0,0,0,0,0,0
13389,13412,13400,3.6,169.666,-45.053,647.802,-6.37524,302.007,3.70772,0.926855,64.429,0.208541,0.000356748,0.904321,0.723457,0.542592,0.50642,0.434074,0.379815,0.144691,0.0542592,0,0,0.0180864,0,0,0,0
13413,13432,13422,3.7,169.665,-45.0524,639.389,-6.948,302.484,4.00247,1.0668,75.0326,0.211003,0.000503322,1.07759,0.846677,0.461824,0.41051,0.41051,0.48748,0.179598,0.0769706,0,0.0513137,0,0,0,0,0
13433,13451,13442,3.8,169.664,-45.0524,631.812,-7.55389,302.833,2.63519,0.60805,35.1039,0.173195,0.00023113,0.658797,0.446282,0.531288,0.361276,0.170012,0.297521,0.127509,0.042503,0,0,0,0,0,0,0
13452,13472,13462,3.9,169.663,-45.0523,623.463,-8.37238,303.045,2.33312,0.500593,27.3294,0.163782,0.000170041,0.624615,0.404163,0.404163,0.367421,0.202081,0.220453,0.0918552,0.018371,0,0,0,0,0,0,0
13473,13496,13484,4,169.661,-45.0518,615.444,-9.2187,303.193,2.43119,0.540188,34.2575,0.190253,0.000215133,0.653906,0.469471,0.452704,0.41917,0.117368,0.201202,0.0670672,0.0167668,0.0167668,0.0167668,0,0,0,0,0
13497,13519,13508,4.1,169.66,-45.0515,607.261,-10.0617,303.388,2.65766,0.55772,28.8857,0.155377,0.000168427,0.504618,0.689645,0.420515,0.353233,0.353233,0.26913,0.0672824,0,0,0,0,0,0,0,0
13520,13541,13530,4.2,169.659,-45.0514,599.455,-10.9155,303.522,2.29498,0.618888,51.6405,0.250322,0.000277629,0.653186,0.423688,0.353073,0.33542,0.176537,0.19419,0.0882683,0.0176537,0.0176537,0.0176537,0.0176537,0,0,0,0
13542,13564,13553,4.3,169.658,-45.0512,591.687,-11.7961,303.628,3.01267,0.585097,29.9109,0.153363,0.000174254,0.824698,0.622731,0.58907,0.353442,0.28612,0.235628,0.100983,0,0,0,0,0,0,0,0
13565,13582,13574,4.4,169.658,-45.0509,584.283,-12.5783,303.815,3.02693,0.608508,33.2649,0.163999,0.000211601,0.96604,0.601092,0.493754,0.364948,0.236143,0.17174,0.17174,0.0214676,0,0,0,0,0,0,0
13583,13602,13592,4.5,169.657,-45.0506,576.581,-13.5306,303.855,7.96002,1.9279,111.95,0.174205,0.00073534,1.454,1.62651,1.42935,1.2322,0.862541,0.788609,0.49288,0.049288,0.024644,0,0,0,0,0,0
13605,13622,13614,4.6,169.656,-45.0504,568.976,-14.4065,303.977,8.30297,1.95631,117.536,0.180241,0.000784695,2.00099,1.35699,1.83999,1.012,0.827997,0.689997,0.390998,0.115,0.0689997,0,0,0,0,0,0
13623,13644,13634,4.7,169.655,-45.0502,561.302,-15.3789,304.015,10.2508,2.57584,160.771,0.187245,0.00108088,2.20752,2.07638,1.70482,1.24583,1.18026,1.13655,0.437133,0.174853,0.06557,0.0218567,0,0,0,0,0
13645,13661,13653,4.8,169.654,-45.0504,554.509,-16.2693,304.021,9.03022,2.21161,133.015,0.180432,0.000893822,1.93316,1.85371,1.58889,1.05926,0.953337,1.03278,0.423705,0.132408,0.0529632,0,0,0,0,0,0
13662,13681,13672,4.9,169.653,-45.0504,546.512,-17.3456,304.002,9.31268,2.31076,156.938,0.203748,0.00094824,1.92166,2.34049,1.6753,0.886922,0.862285,1.05938,0.369551,0.0985469,0.0492735,0.0246367,0.0246367,0,0,0,0
13682,13701,13692,5,169.652,-45.0504,539.474,-17.9836,304.373,10.5713,2.87542,187.174,0.195284,0.00135291,2.60042,1.78072,1.75245,1.15888,0.989289,1.01755,0.932758,0.254389,0.0847962,0,0,0,0,0,0
13702,13727,13714,5.1,169.65,-45.0506,532.047,-18.4572,305.016,12.3456,3.64281,248.722,0.204832,0.00177448,2.4516,2.14515,1.92626,1.57603,1.26958,1.51036,0.941241,0.437786,0.0218893,0.0656679,0,0,0,0,0
13728,13742,13735,5.2,169.649,-45.0508,525.543,-19.056,305.368,10.3033,2.76361,181.106,0.196597,0.00124974,2.39795,2.00268,1.44931,1.2385,0.97499,1.31755,0.606075,0.263511,0,0.0527022,0,0,0,0,0
13745,13764,13754,5.3,169.649,-45.0508,518.116,-19.5794,305.979,8.04348,2.03113,121.852,0.179977,0.00082594,1.48495,1.43545,1.58395,1.18796,0.989967,0.643479,0.569231,0.123746,0.0247492,0,0,0,0,0,0
13768,13784,13776,5.4,169.649,-45.0508,510.814,-20.5042,306.099,9.25771,2.23798,130.622,0.175098,0.000871828,2.36438,1.49855,1.63175,0.999033,0.932431,1.19884,0.532818,0.0999033,0,0,0,0,0,0,0
13786,13807,13796,5.5,169.648,-45.0503,504.077,-21.419,306.148,8.38285,1.93375,109.371,0.169677,0.000696096,1.94772,1.41305,1.31758,1.56582,0.840195,0.85929,0.343716,0.0763814,0.0190953,0,0,0,0,0,0
13808,13831,13820,5.6,169.648,-45.0498,497.779,-22.2879,306.198,8.28812,1.98206,120.425,0.182273,0.000797006,2.04048,1.6408,1.36733,0.988684,0.799362,0.883505,0.441753,0.0841434,0.0210358,0.0210358,0,0,0,0,0
13832,13853,13842,5.7,169.648,-45.0487,490.104,-23.3494,306.258,8.13484,1.99792,120.387,0.180769,0.000821558,2.06705,1.40026,1.22245,1.20022,0.755696,0.800148,0.533432,0.133358,0.0222263,0,0,0,0,0,0
13854,13876,13865,5.8,169.649,-45.0483,484.173,-24.1117,306.386,8.4051,2.17529,141.094,0.194587,0.000852593,1.62321,1.62321,1.35638,1.08955,1.20073,0.956135,0.444714,0.0667071,0.0222357,0,0.0222357,0,0,0,0
13877,13899,13888,5.9,169.648,-45.0478,476.319,-25.0643,306.64,8.58435,2.18909,129.503,0.177476,0.000871138,1.69959,1.67078,1.41152,0.950616,1.03704,1.20987,0.489711,0.115226,0,0,0,0,0,0,0
13900,13918,13909,6,169.647,-45.0471,470.836,-25.4406,307.188,8.91092,2.27412,137.699,0.181651,0.000927765,1.80764,1.65488,1.50213,1.22207,0.891092,1.24753,0.407356,0.127299,0.0509195,0,0,0,0,0,0
13919,13934,13926,6.1,169.646,-45.0467,464.423,-26.0313,307.659,7.02098,1.90101,123.294,0.194571,0.000861834,1.56622,1.4582,0.918129,0.864121,0.594083,0.891125,0.56708,0.135019,0,0.0270038,0,0,0,0,0
13935,13951,13943,6.2,169.644,-45.0464,457.839,-26.9581,307.766,7.10433,1.62557,91.8281,0.169469,0.000585808,1.52236,1.64922,1.04028,0.837297,0.96416,0.735806,0.304471,0.0253726,0.0253726,0,0,0,0,0,0
13952,13971,13962,6.3,169.643,-45.046,450.998,-27.6772,308.187,5.59509,1.38523,85.1511,0.184412,0.000589597,1.31383,1.17791,0.883436,0.747523,0.385087,0.588957,0.362435,0.113261,0.0226522,0,0,0,0,0,0
13972,13996,13984,6.4,169.64,-45.0456,445.289,-28.4091,308.386,5.92052,1.37311,80.374,0.175602,0.000541749,1.65348,1.19122,0.888967,0.622277,0.444484,0.675615,0.373366,0.0711174,0,0,0,0,0,0,0
13997,14015,14006,6.5,169.638,-45.0449,439.05,-29.3853,308.394,5.88984,1.44202,86.1709,0.179271,0.000580587,1.24501,1.34078,0.861928,0.742216,0.598561,0.670388,0.335194,0.0718273,0.0239424,0,0,0,0,0,0
14017,14037,14027,6.6,169.635,-45.0446,432.861,-30.3374,308.438,6.78311,1.6337,102.004,0.187311,0.000683083,1.62535,1.43031,1.14858,0.84518,0.606796,0.628467,0.325069,0.130028,0.0216713,0.0216713,0,0,0,0,0
14038,14058,14048,6.7,169.634,-45.044,426.706,-31.2767,308.513,5.8853,1.39852,84.4237,0.1811,0.000574925,1.47132,1.14947,0.919578,0.919578,0.482778,0.505768,0.206905,0.229895,0,0,0,0,0,0,0
14059,14077,14068,6.8,169.632,-45.0439,421.083,-32.1295,308.59,5.22789,1.14946,66.52,0.173612,0.000448215,1.67032,1.10632,0.607389,0.629082,0.34708,0.433849,0.390465,0.0433849,0,0,0,0,0,0,0
14078,14096,14087,6.9,169.63,-45.0437,414.841,-32.9682,308.829,6.11849,1.46536,92.5178,0.18941,0.00061982,1.58447,1.38946,0.804423,0.877552,0.365647,0.633788,0.34127,0.0731294,0.0243765,0.0243765,0,0,0,0,0
14097,14116,14106,7,169.63,-45.0433,408.848,-33.8135,309.022,6.97624,1.67168,102.566,0.184065,0.000705005,1.67721,1.53137,1.23968,0.729223,0.607686,0.607686,0.413227,0.121537,0.0486149,0,0,0,0,0,0
14117,14134,14126,7.1,169.629,-45.0431,403.218,-34.55,309.291,6.78305,1.54833,88.2934,0.171075,0.000578718,1.69576,1.27982,1.15184,0.92787,0.63991,0.607915,0.415942,0.063991,0,0,0,0,0,0,0
14139,14157,14148,7.2,169.629,-45.0423,397.438,-35.3975,309.474,6.90906,1.606,93.7124,0.175054,0.000617557,1.91328,0.850345,1.27552,1.06293,0.850345,0.531466,0.212586,0.212586,0,0,0,0,0,0,0
14158,14178,14168,7.3,169.629,-45.0418,391.798,-36.195,309.698,6.74841,1.69288,104.555,0.185285,0.000733955,1.85133,1.19441,0.955527,0.656925,0.895807,0.477764,0.597204,0.0895807,0.0298602,0,0,0,0,0,0
14180,14202,14191,7.4,169.63,-45.0415,386.07,-37.0425,309.889,7.08774,1.81464,112.561,0.186088,0.000775166,1.59539,1.33385,1.20308,0.78462,0.758466,0.863082,0.366156,0.13077,0.052308,0,0,0,0,0,0
14203,14219,14211,7.5,169.63,-45.0413,380.997,-37.8493,309.997,7.51136,1.99505,132.14,0.198702,0.000885257,1.76573,1.37334,1.14913,0.840823,0.812796,1.03702,0.364357,0.0840823,0.0280274,0.0560549,0,0,0,0,0
14220,14238,14229,7.6,169.63,-45.0411,375.592,-38.7375,310.088,8.09414,2.19674,139.115,0.189983,0.00098267,1.76728,1.51986,1.27244,0.812949,0.812949,1.1664,0.494838,0.212074,0.0353456,0,0,0,0,0,0
14239,14257,14248,7.7,169.631,-45.0408,369.925,-39.6142,310.282,7.1793,1.76127,104.632,0.178222,0.000706788,1.77815,1.26694,1.00021,1.06689,0.733489,0.733489,0.533446,0.0444539,0.0222269,0,0,0,0,0,0
14266,14274,14270,7.8,169.632,-45.04,364.489,-40.3871,310.564,6.34574,1.45893,82.5849,0.16982,0.000542259,1.40338,1.28135,1.0983,0.976267,0.610167,0.427117,0.54915,0,0,0,0,0,0,0,0
14279,14295,14287,7.9,169.633,-45.0393,359.392,-41.0741,310.893,6.99857,1.59671,91.5663,0.172041,0.000590443,1.6687,1.54417,1.04605,0.846802,0.722273,0.846802,0.224154,0.0747178,0.0249059,0,0,0,0,0,0
14296,14310,14303,8,169.635,-45.0385,355.081,-41.582,311.282,6.81519,1.92737,119.963,0.186726,0.000851976,1.26991,1.18525,0.888938,0.973599,0.888938,0.761947,0.761947,0.0846608,0,0,0,0,0,0,0
