api/data/B2SAP/Locations/Lauder/NOAA-POPS-B2SAP_GMLBalloon_20230121_R0.ict
61,1001
Thornberry, T. D.
NOAA Chemical Sciences Laboratory
Portable Optical Particle Spectrometer (POPS)
Balloon Baseline Stratospheric Aerosol Profiles (B2SAP)
1,1
2023,01,21,2024,05,28
0
TIME_START,s,Seconds since midnight UTC on flight start day,Start time of 100 m altitude bin in UTC_seconds_since_midnight
28
1.0,1.0,1.0,1.0,1.0,1.0,1.0,1.0,1.0,1.0,1.0,1.0,1.0,1.0,1.0,1.0,1.0,1.0,1.0,1.0,1.0,1.0,1.0,1.0,1.0,1.0,1.0,1.0
99999,99999,99999,99999,99999,99999,99999,99999,99999,99999,99999,99999,99999,99999,99999,99999,99999,99999,99999,99999,99999,99999,99999,99999,99999,99999,99999,99999
TIME_STOP,s,End time of 100 m altitude bin in UTC seconds since midnight,
TIME_MID,s,Mid time of 100 m altitude in UTC seconds since midnight,
GPSAlt,m,GPS reported altitude above sea level (m),
GPS_Lon,deg,GPS reported longitude,
GPS_Lat,deg,GPS reported latitude,
iMet_Pressure,mb,Pressure reported (mB),
iMet_Temperature,degrees C,Ambient temperature (oC),
THETA,K,Potential temperature from iMet,
Aerosol_concentration,cm^-3,Aerosol concentration,
Surface_Area_Conc,um^2 cm^-3,Surface area concentration,
Volume_density,um^3 cm^-3,Volume density,
Effective_radius,um,Effective radius,
Extinction,km^-1,Extinction,
Bin01,cm^-3,particle concentration in size range [140 - 170 nm],
Bin02,cm^-3,particle concentration in size range [170 - 205 nm],
Bin03,cm^-3,particle concentration in size range [205 - 249 nm],
Bin04,cm^-3,particle concentration in size range [249 - 302 nm],
Bin05,cm^-3,particle concentration in size range [302 - 366 nm],
Bin06,cm^-3,particle concentration in size range [366 - 443 nm],
Bin07,cm^-3,particle concentration in size range [443 - 537 nm],
Bin08,cm^-3,particle concentration in size range [537 - 651 nm],
Bin09,cm^-3,particle concentration in size range [651 - 789 nm],
Bin10,cm^-3,particle concentration in size range [789 - 956 nm],
Bin11,cm^-3,particle concentration in size range [956 - 1159 nm],
Bin12,cm^-3,particle concentration in size range [1159 - 1404 nm],
Bin13,cm^-3,particle concentration in size range [1404 - 1702 nm],
Bin14,cm^-3,particle concentration in size range [1702 - 2062 nm],
Bin15,cm^-3,particle concentration in size range [2062 - 2500 nm],
0
19
PI_CONTACT_INFO: 325 Broadway R/CSL6, Boulder, CO 80305; troy.thornberry@noaa.gov; 303-497-3373 
PLATFORM: GML ECC/FPH balloon
LOCATION: Lauder, NZ
ASSOCIATED_DATA: N/A
INSTRUMENT_INFO: Printed Optical Particle Spectrometer counts particles from 140 - 2500 nm in diameter 
DATA_INFO: Particle concentrations reported in number per cubic centimeter, binned to 100 m altitude
UNCERTAINTY: Counting uncertainty dominated by air flow, less than 5 percent
ULOD_FLAG: -77777
ULOD_VALUE: 3000 ~3000 per cm3 (varies depending on flow rate- manufacturer quotes 1250  per cm3 at 1.667 cc/s)
LLOD_FLAG: -88888
LLOD_VALUE: 0 0 (varies depending on data field and measurement precision)
DM_CONTACT_INFO: Troy Thornberry, 325 Broadway R/CSL6, Boulder, CO 80305; troy.thornberry@noaa.gov; 303-497-3373
PROJECT_INFO: B2SAP Lauder, NZ
STIPULATIONS_ON_USE: Please contact the PIs for questions regarding applications and uncertainties
OTHER_COMMENTS: POPS bin Edges (nm):  140, 170, 205, 249, 302, 366, 443, 537, 651, 789, 956, 1159, 1404, 1702, 2062, 2500
Calculations assume sulfate refractive index of 1.45+0.00j and extinction wavelength = 532 nm
REVISION: R0
R0: QA/QC data
TIME_START,TIME_STOP,TIME_MID,GPSAlt,GPS_Lon,GPS_Lat,iMet_Pressure,iMet_Temperature,THETA,Aerosol_concentration,Surface_Area_Conc,Volume_density,Effective_radius,Extinction,Bin01,Bin02,Bin03,Bin04,Bin05,Bin06,Bin07,Bin08,Bin09,Bin10,Bin11,Bin12,Bin13,Bin14,Bin15
[from data line 79]
79510,79526,79518,8.3,169.936,-45.0411,346.083,-38.1717,318.19,8.78276,1.21151,55.475,0.13737,0.000285311,3.98575,2.25742,1.12871,0.775987,0.317449,0.105816,0.176361,0,0.0352721,0,0,0,0,0,0
79528,79545,79536,8.4,169.942,-45.043,340.555,-38.973,318.574,10.5667,1.54044,70.9833,0.13824,0.000379795,4.45582,2.92811,1.23066,0.806292,0.721419,0.0848728,0.297055,0.0424364,0,0,0,0,0,0,0
79547,79561,79554,8.5,169.948,-45.0446,336.332,-39.563,318.906,12.4617,1.81317,81.6539,0.135102,0.000415904,4.98467,3.59065,1.4785,1.09832,0.718131,0.337944,0.211215,0.042243,0,0,0,0,0,0,0
79563,79578,79570,8.6,169.954,-45.0463,331.275,-40.403,319.135,11.0958,1.44384,56.5067,0.117409,0.000221566,4.19842,3.21308,2.05637,0.81398,0.599774,0.171364,0.042841,0,0,0,0,0,0,0,0
79579,79603,79591,8.7,169.961,-45.0485,326.334,-41.2994,319.27,12.7141,1.87952,102.656,0.163855,0.000442728,4.67987,3.84128,2.2182,1.02795,0.595127,0.162307,0.0811537,0.0270512,0.0541025,0,0.0270512,0,0,0,0
79604,79622,79613,8.8,169.968,-45.0508,322.238,-42.025,319.422,12.7197,2.37956,297.484,0.375049,0.000800454,4.89494,3.60868,2.07231,1.10761,0.643131,0.071459,0.250106,0,0,0.0357295,0,0,0,0,0.0357295
79626,79638,79632,8.9,169.975,-45.053,316.811,-43.1014,319.487,14.2204,2.0089,82.6348,0.123403,0.000350689,4.98636,3.50892,2.89332,1.60056,0.9234,0.18468,0.12312,0,0,0,0,0,0,0,0
79641,79659,79650,9,169.981,-45.0551,312.77,-43.85,319.615,13.5726,2.03788,100.155,0.14744,0.000504308,4.81607,3.80907,2.67073,0.788084,1.13834,0.131347,0.0875649,0.0875649,0,0.0437825,0,0,0,0,0
79660,79677,79668,9.1,169.987,-45.057,308.117,-44.6744,319.83,10.7002,1.45279,58.7791,0.121379,0.000244449,3.58288,3.58288,1.74302,0.968345,0.484173,0.290504,0.0484173,0,0,0,0,0,0,0,0
79680,79696,79688,9.2,169.994,-45.0593,303.429,-45.4612,320.126,6.95359,0.85632,33.9788,0.11904,0.000144501,3.36815,2.06435,0.597574,0.32595,0.434599,0.10865,0.0543249,0,0,0,0,0,0,0,0
79699,79721,79710,9.3,170.002,-45.0615,298.478,-46.4709,320.216,5.25258,0.682778,32.2573,0.141733,0.000171359,2.90484,1.07439,0.636676,0.318338,0.159169,0.0397923,0.0795845,0,0.0397923,0,0,0,0,0,0
79723,79743,79733,9.4,170.009,-45.0639,294.228,-47.2687,320.396,4.92733,0.650875,29.8292,0.137488,0.000152916,2.62791,0.985467,0.684352,0.218993,0.246367,0.0821222,0.0547482,0,0.0273741,0,0,0,0,0,0
79747,79764,79756,9.5,170.017,-45.0664,289.323,-48.125,320.714,4.55235,0.54891,23.0794,0.126138,0.000110036,2.40364,1.31108,0.327769,0.29135,0.0728375,0.0728375,0.0364188,0.0364188,0,0,0,0,0,0,0
79766,79786,79776,9.6,170.024,-45.069,285.501,-48.7008,321.112,4.51863,0.559295,23.2799,0.124871,0.000111195,2.3942,1.07908,0.573259,0.134884,0.202327,0.0337211,0.101163,0,0,0,0,0,0,0,0
79788,79806,79797,9.7,170.031,-45.0717,281.354,-49.4431,321.398,4.03766,0.602403,31.0158,0.15446,0.000182673,2.00186,0.916107,0.373229,0.373229,0.203579,0,0.13572,0,0.0339299,0,0,0,0,0,0
79807,79821,79814,9.8,170.037,-45.0738,276.976,-50.029,321.992,4.29088,0.490014,18.4112,0.112718,7.1262e-05,2.38874,0.928954,0.486595,0.265415,0.176944,0,0.0442359,0,0,0,0,0,0,0,0
79823,79838,79830,9.9,170.042,-45.0759,273.39,-50.81,322.058,4.4296,0.560134,25.8608,0.138507,0.000145204,2.68009,0.893365,0.483906,0.0744471,0.0744471,0.0744471,0.111671,0.0372235,0,0,0,0,0,0,0
79841,79865,79853,10,170.05,-45.0789,268.782,-51.835,322.135,3.91542,0.530035,26.7278,0.151279,0.000149972,2.01365,0.932244,0.559346,0.186449,0.0745795,0.0745795,0,0.0372898,0.0372898,0,0,0,0,0,0
79867,79884,79876,10.1,170.058,-45.0819,264.806,-52.6013,322.395,4.41551,0.756107,46.5352,0.184637,0.000300319,1.67677,1.22963,0.89428,0.167677,0.279462,0,0,0.0558925,0.111785,0,0,0,0,0,0
79886,79900,79893,10.2,170.064,-45.0844,260.24,-53.4557,322.742,5.64503,0.805294,36.0537,0.134312,0.000179622,1.86029,1.732,1.21881,0.513185,0.128296,0.0641481,0.0641481,0.0641481,0,0,0,0,0,0,0
79906,79932,79919,10.3,170.074,-45.0872,256.321,-54.0654,323.242,4.58014,0.961516,75.6381,0.235996,0.000343875,1.7349,1.14504,0.728659,0.17349,0.277584,0.277584,0.17349,0.0346981,0,0,0,0.0346981,0,0,0
79934,79958,79946,10.4,170.083,-45.0897,252.874,-54.5929,323.715,5.70917,0.991278,57.7154,0.17467,0.000359069,2.53741,1.32157,0.740078,0.290745,0.370039,0.132157,0.237882,0.0528627,0,0.0264313,0,0,0,0,0
79960,79976,79968,10.5,170.091,-45.0924,249.052,-53.9827,326.041,5.46048,1.13283,76.2984,0.202057,0.000511866,2.48574,0.977997,0.651998,0.285249,0.488998,0.162999,0.244499,0.0814997,0.0407499,0.0407499,0,0,0,0,0
79978,79997,79988,10.6,170.097,-45.0952,244.985,-54,327.548,4.3593,0.843512,49.1627,0.17485,0.000333925,1.79907,0.968733,0.518964,0.276781,0.311378,0.172988,0.172988,0.13839,0,0,0,0,0,0,0
80001,80020,80010,10.7,170.105,-45.0979,240.802,-53.9017,329.307,5.90423,1.23003,75.4297,0.18397,0.000510971,2.19088,1.48534,0.371335,0.557002,0.668403,0.259934,0.185667,0.1114,0.074267,0,0,0,0,0,0
80024,80046,80035,10.8,170.113,-45.1007,237.3,-53.1462,331.835,7.91506,1.64364,97.5535,0.178056,0.000674536,3.15232,1.67895,0.856608,0.479701,0.651022,0.445436,0.445436,0.205586,0,0,0,0,0,0,0
80048,80072,80060,10.9,170.122,-45.1035,234.063,-52.4112,334.253,7.80291,1.83095,149.323,0.244665,0.000806918,3.40395,1.64961,0.54987,0.471317,0.785528,0.340395,0.340395,0.104737,0.104737,0,0,0.0523685,0,0,0
80076,80097,80086,11,170.131,-45.1067,230.138,-52.041,336.43,7.48599,1.70393,139.037,0.244793,0.000789548,3.47878,1.6293,0.616493,0.308246,0.528423,0.352282,0.220176,0.264211,0,0.0440352,0.0440352,0,0,0,0
80098,80122,80110,11.1,170.14,-45.1095,226.767,-52.0891,337.774,9.35227,1.96506,152.291,0.232498,0.000874749,4.09413,2.20762,1.12388,0.401385,0.642216,0.28097,0.28097,0.120416,0.120416,0.0401385,0.0401385,0,0,0,0
80124,80145,80134,11.2,170.149,-45.1121,223.422,-52.3655,338.798,8.62684,1.7776,136.799,0.230871,0.000689108,3.78936,1.77374,1.28999,0.282186,0.52406,0.443435,0.322499,0.120937,0.0403123,0,0,0,0.0403123,0,0
80147,80168,80158,11.3,170.158,-45.1145,219.95,-52.0954,340.731,8.72776,1.30304,64.6924,0.148942,0.000381644,4.36388,2.31831,0.443206,0.545485,0.477299,0.272742,0.204557,0.102278,0,0,0,0,0,0,0
80172,80188,80180,11.4,170.165,-45.1164,216.385,-51.9237,342.587,8.70647,1.91944,133.91,0.209295,0.000933308,4.01837,1.50689,0.83716,0.613917,0.669728,0.279053,0.446485,0.167432,0.111621,0.0558107,0,0,0,0,0
80193,80214,80204,11.5,170.173,-45.1182,213.109,-51.8185,344.244,8.27418,1.56701,94.6887,0.181279,0.000657491,4.18816,1.39605,0.783153,0.476702,0.578852,0.238351,0.306451,0.272401,0.0340501,0,0,0,0,0,0
80217,80240,80228,11.6,170.181,-45.1204,210.118,-51.0325,346.873,9.24152,2.62669,250.331,0.285908,0.00127051,3.33722,2.12702,0.916818,0.623436,0.843472,0.586763,0.293382,0.293382,0.0366727,0.0733454,0.0366727,0.0733454,0,0,0
80243,80266,80254,11.7,170.189,-45.1228,206.906,-51.3027,347.978,10.3875,2.37145,185.1,0.23416,0.0011163,4.69244,2.12564,0.962552,0.721914,0.44117,0.561489,0.481276,0.200532,0.120319,0.0401063,0,0.0401063,0,0,0
80268,80292,80280,11.8,170.197,-45.1248,203.931,-51.068,349.787,10.3704,2.53934,182.684,0.215824,0.00129367,4.28409,1.80227,1.00454,0.886362,0.797726,0.472727,0.649999,0.295454,0.0886362,0.0886362,0,0,0,0,0
80294,80315,80304,11.9,170.207,-45.1268,200.582,-50.65,352.103,9.57576,3.05844,303.579,0.297779,0.00152782,3.17588,1.97289,0.81803,1.05863,0.721791,0.721791,0.529313,0.288716,0.144358,0,0.0962388,0,0.0481194,0,0
80317,80337,80327,12,170.214,-45.1282,197.804,-50.2778,354.11,10.0367,2.02083,120.651,0.179111,0.000833411,4.51229,1.68684,1.05427,0.716906,0.927761,0.379538,0.379538,0.379538,0,0,0,0,0,0,0
80342,80363,80352,12.1,170.222,-45.1301,195.015,-50,355.991,9.96843,1.91015,140.297,0.220345,0.000777016,4.45956,2.54832,1.04931,0.562129,0.562129,0.262327,0.224852,0.149901,0.0749506,0.0374753,0.0374753,0,0,0,0
80365,80383,80374,12.2,170.231,-45.1322,191.874,-49.8073,357.951,10.11,1.98834,125.325,0.18909,0.000864591,4.07826,2.36471,1.5422,0.582609,0.479796,0.342711,0.376982,0.171356,0.171356,0,0,0,0,0,0
80384,80404,80394,12.3,170.237,-45.1335,188.968,-50.039,359.14,10.2786,2.581,230.205,0.267577,0.00114681,4.20825,2.0855,1.15448,0.707582,0.670341,0.6331,0.521376,0.111723,0.0372411,0.0372411,0.111723,0,0,0,0
80406,80427,80416,12.4,170.245,-45.1347,186.192,-50.4867,359.947,10.92,2.26052,157.858,0.209498,0.00103559,4.76434,2.40325,1.34919,0.463785,0.716758,0.505947,0.37946,0.168649,0.0421623,0.126487,0,0,0,0,0
80429,80452,80440,12.5,170.252,-45.1361,183.35,-50.5471,361.431,10.9048,1.99833,153.867,0.230994,0.000776527,5.31874,2.80637,1.06909,0.534547,0.347456,0.240546,0.347456,0.106909,0.0267274,0.0534547,0.0267274,0.0267274,0,0,0
80453,80472,80462,12.6,170.259,-45.1377,180.672,-50.4222,363.152,9.64274,1.75091,117.694,0.201655,0.000815872,5.00922,2.54635,0.626152,0.292204,0.292204,0.12523,0.417435,0.166974,0.12523,0.0417435,0,0,0,0,0
80477,80495,80486,12.7,170.267,-45.1395,177.653,-50.6777,364.489,9.08059,1.64619,121.272,0.221005,0.000695579,4.8159,2.20487,0.78331,0.20308,0.377149,0.0870344,0.261103,0.261103,0.0290115,0.0290115,0,0.0290115,0,0,0
80498,80519,80508,12.8,170.273,-45.1411,175.329,-50.5573,366.067,9.4721,1.37415,68.8839,0.150385,0.00041488,4.99251,2.22269,0.854882,0.512929,0.307758,0.170976,0.273562,0.136781,0,0,0,0,0,0,0
80521,80541,80531,12.9,170.28,-45.143,172.692,-50.268,368.129,9.72059,2.13962,184.47,0.258649,0.000985791,5.08462,1.83196,0.934672,0.299095,0.448643,0.336482,0.523416,0.0373869,0.112161,0.0373869,0.0747738,0,0,0,0
80544,80563,80554,13,170.288,-45.1447,170.071,-50.627,369.14,9.37411,1.45424,82.7872,0.170785,0.000498421,4.87759,2.21016,0.800229,0.49538,0.381061,0.228637,0.266743,0.0381061,0.0381061,0.0381061,0,0,0,0,0
80567,80585,80576,13.1,170.296,-45.1463,167.522,-50.5856,370.81,9.41068,2.04562,167.642,0.245855,0.000993595,4.70534,2.16529,0.582962,0.499682,0.458042,0.208201,0.374762,0.249841,0.0416402,0.0832803,0.0416402,0,0,0,0
80586,80603,80594,13.2,170.303,-45.1484,164.513,-51.1433,371.803,9.46944,1.71675,105.022,0.183524,0.00068715,4.40439,2.17074,1.03818,0.471899,0.440439,0.408979,0.314599,0.12584,0.0629199,0.0314599,0,0,0,0,0
80604,80626,80615,13.3,170.309,-45.1502,162.43,-51.4918,372.57,8.97053,2.01554,190.443,0.283462,0.000852428,4.41679,1.74617,1.12988,0.376625,0.479341,0.239671,0.273909,0.136955,0.0342387,0.0342387,0.0342387,0.0684773,0,0,0
80629,80648,80638,13.4,170.317,-45.1523,159.946,-51.6378,373.963,7.99364,1.72907,159.935,0.277492,0.00071197,3.86926,1.91337,0.722829,0.382674,0.340155,0.340155,0.170077,0.127558,0,0.0425193,0.0425193,0.0425193,0,0,0
80649,80659,80654,13.5,170.323,-45.1537,157.464,-52.18,374.731,8.77497,1.43423,83.7812,0.175247,0.000563484,4.61841,2.23223,0.538814,0.384867,0.307894,0.153947,0.307894,0.153947,0.0769735,0,0,0,0,0,0
80661,80678,80670,13.6,170.329,-45.1548,155.241,-52.5257,375.661,8.86422,1.746,143.371,0.246341,0.00068597,3.48043,2.82785,1.08763,0.543817,0.217527,0.217527,0.32629,0,0.0543817,0.0543817,0,0.0543817,0,0,0
80680,80704,80692,13.7,170.337,-45.1562,152.858,-53.1746,376.212,8.2264,1.55835,123.835,0.238396,0.00069551,4.33277,1.9029,0.878264,0.175653,0.292755,0.175653,0.175653,0.117102,0.0878264,0.0585509,0,0.0292755,0,0,0
80706,80726,80716,13.8,170.345,-45.1576,150.581,-53.7307,376.875,8.22289,1.73318,153.701,0.266044,0.000749015,4.1784,1.90171,0.696401,0.321416,0.40177,0.160708,0.267846,0.133923,0.0803539,0,0.0803539,0,0,0,0
80729,80751,80740,13.9,170.354,-45.1592,148.189,-54.0227,378.105,8.88516,1.87732,158.938,0.253986,0.000813084,4.45774,1.69819,0.970393,0.485196,0.454872,0.242598,0.242598,0.212273,0,0.0606496,0.0303248,0.0303248,0,0,0
80755,80777,80766,14,170.364,-45.1607,145.924,-54.4083,379.099,7.60913,1.44808,128.881,0.267004,0.000564535,3.63794,2.19387,0.694263,0.416558,0.166623,0.138853,0.166623,0.0833116,0,0.0555411,0.0277705,0,0.0277705,0,0
80781,80803,80792,14.1,170.372,-45.1621,143.765,-54.1564,381.151,8.45992,1.7469,163.398,0.280609,0.000716027,4.26017,1.99412,0.785564,0.483424,0.332354,0.211498,0.15107,0.030214,0.090642,0.030214,0.060428,0.030214,0,0,0
80806,80829,80818,14.2,170.381,-45.1636,141.525,-53.2779,384.412,8.26958,1.75261,152.813,0.261574,0.000743063,3.41209,2.48798,0.924108,0.402816,0.331731,0.189561,0.236951,0.118475,0.0710852,0.0236951,0.0473901,0.0236951,0,0,0
80831,80849,80840,14.3,170.388,-45.1646,139.61,-53.2389,385.976,8.54136,1.49115,118.92,0.23925,0.0004233,4.16023,1.98807,0.846773,0.625875,0.404978,0.368162,0.0736324,0,0,0,0.0368162,0.0368162,0,0,0
80854,80876,80865,14.4,170.395,-45.1656,137.412,-53.505,387.256,8.88681,2.09582,202.356,0.289657,0.00101585,4.37708,2.08906,0.994792,0.232118,0.165799,0.298438,0.298438,0.232118,0.0331597,0.0663194,0.0994792,0,0,0,0
80877,80899,80888,14.5,170.402,-45.1667,135.14,-53.72,388.727,7.42224,2.00224,200.932,0.301061,0.000978221,3.24305,1.67168,0.735537,0.401202,0.334335,0.434636,0.234035,0.100301,0.133734,0.0334335,0.0334335,0.066867,0,0,0
80904,80921,80912,14.6,170.408,-45.1681,133.011,-53.7344,390.472,6.17709,1.16738,67.9727,0.17468,0.000464258,2.62619,1.55352,0.628805,0.25892,0.406874,0.25892,0.25892,0.184943,0,0,0,0,0,0,0
80924,80942,80933,14.7,170.412,-45.1696,131.182,-53.8292,391.846,7.68383,2.38373,240.178,0.302271,0.00132936,3.32873,1.24828,0.804444,0.638007,0.332873,0.332873,0.360613,0.305134,0.221916,0.0277394,0.0277394,0,0.0554789,0,0
80947,80965,80956,14.8,170.418,-45.1717,129.032,-54.549,392.406,6.79458,1.5634,130.024,0.249502,0.000730049,2.89769,1.66534,0.499601,0.632829,0.266454,0.266454,0.399681,0,0.0666135,0.0666135,0,0.0333068,0,0,0
80967,80987,80977,14.9,170.423,-45.1738,127.22,-54.54,394.021,7.52046,2.51769,272.426,0.324614,0.00132415,2.71779,1.56366,0.96798,0.29784,0.63291,0.52122,0.29784,0.22338,0.07446,0.07446,0.11169,0.03723,0,0,0
80989,81009,80999,15,170.429,-45.1759,125.317,-54.34,396.078,6.61008,3.03986,377.394,0.372445,0.00185516,2.14828,1.32202,0.627958,0.495756,0.594908,0.264403,0.264403,0.363555,0.198303,0.132202,0.0991513,0.0661008,0.0330504,0,0
81012,81031,81022,15.1,170.436,-45.1779,123.423,-54.823,396.921,6.58463,2.2311,243.406,0.32729,0.00131958,2.74081,1.57095,0.434518,0.30082,0.334245,0.401094,0.233971,0.200547,0.133698,0.133698,0.066849,0.0334245,0,0,0
81035,81055,81045,15.2,170.442,-45.1797,121.576,-55.3667,397.65,7.09218,2.50199,243.039,0.291415,0.0015107,2.47531,1.22375,0.6675,0.445,0.806562,0.389375,0.500625,0.278125,0.055625,0.194687,0.055625,0,0,0,0
81057,81077,81067,15.3,170.447,-45.1816,119.692,-55.8556,398.53,6.77857,2.29436,251.626,0.329015,0.00116541,2.55585,1.40757,0.740827,0.370413,0.407455,0.259289,0.666744,0.185207,0,0.0370413,0.0370413,0.111124,0,0,0
81079,81099,81089,15.4,170.453,-45.1835,117.999,-56.412,399.125,5.87135,2.01882,222.886,0.331211,0.00104071,2.26081,1.21476,0.269947,0.50615,0.607381,0.269947,0.40492,0.10123,0.0674867,0.0337434,0.10123,0.0337434,0,0,0
81102,81125,81114,15.5,170.459,-45.1858,116.076,-56.7773,400.335,6.9052,2.75095,324.544,0.353926,0.00143585,2.50543,1.06939,0.733295,0.488863,0.672187,0.336094,0.488863,0.336094,0.0611079,0,0.0611079,0.15277,0,0,0
81127,81148,81138,15.6,170.465,-45.1881,114.185,-57.0527,401.705,6.34676,2.8232,332.05,0.352845,0.0016018,1.58669,1.31207,0.701805,0.610265,0.518725,0.457699,0.579752,0.18308,0.152566,0.0610265,0.0915398,0.0610265,0.0305133,0,0
81150,81169,81160,15.7,170.471,-45.1899,112.614,-57.4714,402.511,6.52304,2.97756,352.863,0.355522,0.00181592,1.7878,1.32877,0.700623,0.531507,0.603985,0.459029,0.338232,0.265754,0.169116,0.169116,0.0724782,0.0966376,0,0,0
81172,81195,81184,15.8,170.479,-45.1919,110.835,-57.4736,404.348,6.95593,2.68216,290.285,0.324685,0.0015684,2.51271,1.01121,0.766071,0.429,0.735428,0.490286,0.245143,0.367714,0.2145,0.0612857,0.0612857,0.0306428,0.0306428,0,0
81197,81217,81207,15.9,170.486,-45.1937,109.094,-57.422,406.279,7.01586,3.15395,392.044,0.372907,0.00196538,2.66468,1.38293,0.607142,0.438491,0.337301,0.404761,0.202381,0.404761,0.202381,0.16865,0.0674602,0.13492,0,0,0
