api/data/B2SAP/Locations/Lauder/NOAA-POPS-B2SAP_GMLBalloon_20190903_R0.ict
61,1001
Thornberry, T. D.
NOAA Chemical Sciences Laboratory
Portable Optical Particle Spectrometer (POPS)
Balloon Baseline Stratospheric Aerosol Profiles (B2SAP)
1,1
2019,09,03,2024,05,28
0
TIME_START,s,Seconds since midnight UTC on flight start day,Start time of 100 m altitude bin in UTC_seconds_since_midnight
28
1.0,1.0,1.0,1.0,1.0,1.0,1.0,1.0,1.0,1.0,1.0,1.0,1.0,1.0,1.0,1.0,1.0,1.0,1.0,1.0,1.0,1.0,1.0,1.0,1.0,1.0,1.0,1.0
99999,99999,99999,99999,99999,99999,99999,99999,99999,99999,99999,99999,99999,99999,99999,99999,99999,99999,99999,99999,99999,99999,99999,99999,99999,99999,99999,99999
TIME_STOP,s,End time of 100 m altitude bin in UTC seconds since midnight,
TIME_MID,s,Mid time of 100 m altitude in UTC seconds since midnight,
GPSAlt,m,GPS reported altitude above sea level (m),
GPS_Lon,deg,GPS reported longitude,
GPS_Lat,deg,GPS reported latitude,
iMet_Pressure,mb,Pressure reported (mB),
iMet_Temperature,degrees C,Ambient temperature (oC),
THETA,K,Potential temperature from iMet,
Aerosol_concentration,cm^-3,Aerosol concentration,
Surface_Area_Conc,um^2 cm^-3,Surface area concentration,
Volume_density,um^3 cm^-3,Volume density,
Effective_radius,um,Effective radius,
Extinction,km^-1,Extinction,
Bin01,cm^-3,particle concentration in size range [140 - 170 nm],
Bin02,cm^-3,particle concentration in size range [170 - 205 nm],
Bin03,cm^-3,particle concentration in size range [205 - 249 nm],
Bin04,cm^-3,particle concentration in size range [249 - 302 nm],
Bin05,cm^-3,particle concentration in size range [302 - 366 nm],
Bin06,cm^-3,particle concentration in size range [366 - 443 nm],
Bin07,cm^-3,particle concentration in size range [443 - 537 nm],
Bin08,cm^-3,particle concentration in size range [537 - 651 nm],
Bin09,cm^-3,particle concentration in size range [651 - 789 nm],
Bin10,cm^-3,particle concentration in size range [789 - 956 nm],
Bin11,cm^-3,particle concentration in size range [956 - 1159 nm],
Bin12,cm^-3,particle concentration in size range [1159 - 1404 nm],
Bin13,cm^-3,particle concentration in size range [1404 - 1702 nm],
Bin14,cm^-3,particle concentration in size range [1702 - 2062 nm],
Bin15,cm^-3,particle concentration in size range [2062 - 2500 nm],
0
19
PI_CONTACT_INFO: 325 Broadway R/CSL6, Boulder, CO 80305; troy.thornberry@noaa.gov; 303-497-3373 
PLATFORM: GML ECC/FPH balloon
LOCATION: Lauder, NZ
ASSOCIATED_DATA: N/A
INSTRUMENT_INFO: Printed Optical Particle Spectrometer counts particles from 140 - 2500 nm in diameter 
DATA_INFO: Particle concentrations reported in number per cubic centimeter, binned to 100 m altitude
UNCERTAINTY: Counting uncertainty dominated by air flow, less than 5 percent
ULOD_FLAG: -77777
ULOD_VALUE: 3000 ~3000 per cm3 (varies depending on flow rate- manufacturer quotes 1250  per cm3 at 1.667 cc/s)
LLOD_FLAG: -88888
LLOD_VALUE: 0 0 (varies depending on data field and measurement precision)
DM_CONTACT_INFO: Troy Thornberry, 325 Broadway R/CSL6, Boulder, CO 80305; troy.thornberry@noaa.gov; 303-497-3373
PROJECT_INFO: B2SAP Lauder, NZ
STIPULATIONS_ON_USE: Please contact the PIs for questions regarding applications and uncertainties
OTHER_COMMENTS: POPS bin Edges (nm):  140, 170, 205, 249, 302, 366, 443, 537, 651, 789, 956, 1159, 1404, 1702, 2062, 2500
Calculations assume sulfate refractive index of 1.45+0.00j and extinction wavelength = 532 nm
REVISION: R0
R0: QA/QC data
TIME_START,TIME_STOP,TIME_MID,GPSAlt,GPS_Lon,GPS_Lat,iMet_Pressure,iMet_Temperature,THETA,Aerosol_concentration,Surface_Area_Conc,Volume_density,Effective_radius,Extinction,Bin01,Bin02,Bin03,Bin04,Bin05,Bin06,Bin07,Bin08,Bin09,Bin10,Bin11,Bin12,Bin13,Bin14,Bin15
[from data line 320]
19114,19126,19120,24.3,169.869,-45.0472,27.8738,-43.1962,639.546,2.22015,0.786083,54.5618,0.208229,0.000404821,0.358088,0.107426,0.358088,0.322279,0.358088,0.393897,0.214853,0.0716176,0.0358088,0,0,0,0,0,0
19127,19139,19133,24.2,169.868,-45.0471,28.4037,-43.43,635.472,2.28558,0.61312,37.1326,0.18169,0.000251424,0.357123,0.285698,0.499972,0.464259,0.214274,0.285698,0.107137,0.0714245,0,0,0,0,0,0,0
19141,19155,19148,24.1,169.867,-45.047,28.8562,-43.67,631.939,2.37703,0.770324,52.1191,0.202976,0.000367626,0.319303,0.283825,0.390259,0.283825,0.425737,0.496694,0.106434,0,0.0709562,0,0,0,0,0,0
19157,19168,19162,24,169.867,-45.0466,29.3775,-43.8937,628.11,2.69651,0.891223,62.183,0.209318,0.000482637,0.595333,0.455255,0.315176,0.245137,0.245137,0.280157,0.420235,0.140078,0,0,0,0,0,0,0
19171,19185,19178,23.9,169.866,-45.0463,29.8333,-43.8656,625.421,2.33447,0.752565,53.5865,0.213615,0.000369068,0.342388,0.404641,0.404641,0.186757,0.280136,0.498019,0.155631,0.0311262,0,0.0311262,0,0,0,0,0
19187,19200,19194,23.8,169.866,-45.0459,30.2225,-43.7388,623.457,2.01812,0.644774,42.3097,0.196859,0.00030016,0.307849,0.171027,0.37626,0.239438,0.342055,0.37626,0.171027,0,0.0342055,0,0,0,0,0,0
19201,19216,19208,23.7,169.865,-45.0452,30.7589,-43.1389,621.958,2.78928,0.881268,58.8558,0.200356,0.000428892,0.576046,0.363819,0.303182,0.3335,0.394137,0.485092,0.242546,0.0606364,0.0303182,0,0,0,0,0,0
19217,19231,19224,23.6,169.865,-45.0443,31.2678,-43.3833,618.384,2.85386,0.880293,59.2835,0.202035,0.000432961,0.475643,0.535099,0.267549,0.475643,0.416188,0.327005,0.208094,0.118911,0.0297277,0,0,0,0,0,0
19232,19249,19240,23.5,169.864,-45.0436,31.6389,-43.9033,614.918,2.86143,0.920259,57.2362,0.186587,0.000402999,0.298066,0.357679,0.417292,0.327873,0.596132,0.536519,0.327873,0,0,0,0,0,0,0,0
19250,19264,19257,23.4,169.863,-45.0431,32.2689,-44.1644,610.759,2.6014,0.835172,56.7454,0.203834,0.000411611,0.325175,0.472982,0.502543,0.20693,0.266052,0.532104,0.236491,0,0.0591227,0,0,0,0,0,0
19266,19280,19273,23.3,169.863,-45.0428,32.8225,-44.1163,607.933,2.69475,0.753327,44.325,0.176517,0.00029347,0.262902,0.361491,0.558667,0.427216,0.558667,0.328628,0.164314,0.0328628,0,0,0,0,0,0,0
19283,19297,19290,23.2,169.863,-45.0428,33.455,-44.5513,603.469,3.03958,0.93261,61.1396,0.196672,0.000436883,0.355696,0.646719,0.355696,0.517375,0.32336,0.517375,0.226352,0.0646719,0.032336,0,0,0,0,0,0
19298,19314,19306,23.1,169.862,-45.0432,33.9111,-44.7722,600.565,2.23937,0.665197,41.0976,0.185348,0.000286705,0.401938,0.200969,0.344518,0.344518,0.373228,0.344518,0.200969,0.0287098,0,0,0,0,0,0,0
19315,19330,19322,23,169.862,-45.0433,34.3778,-44.4933,598.954,2.7441,0.957174,67.955,0.212986,0.000484817,0.339476,0.367766,0.311187,0.452635,0.424345,0.452635,0.311187,0.0565794,0,0.0282897,0,0,0,0,0
19333,19345,19339,22.9,169.862,-45.0434,34.9743,-44.8343,595.125,3.4358,1.04332,65.2357,0.187581,0.000458797,0.542494,0.542494,0.397829,0.542494,0.28933,0.795658,0.28933,0.0361663,0,0,0,0,0,0,0
19348,19362,19355,22.8,169.862,-45.0434,35.43,-44.9237,592.703,3.30634,1.03874,67.8304,0.195902,0.000480674,0.472334,0.472334,0.440845,0.472334,0.503823,0.661267,0.157445,0.0944667,0.0314889,0,0,0,0,0,0
19364,19381,19372,22.7,169.861,-45.0438,36.121,-45.559,587.792,2.71346,0.919197,60.0604,0.19602,0.000439278,0.248941,0.373412,0.4232,0.273835,0.572565,0.4232,0.323624,0.0746824,0,0,0,0,0,0,0
19382,19397,19390,22.6,169.86,-45.0443,36.6978,-45.2022,586.064,2.84316,0.960994,65.8855,0.205679,0.000484262,0.492086,0.355395,0.300719,0.300719,0.519424,0.5741,0.109352,0.164029,0.0273381,0,0,0,0,0,0
19398,19414,19406,22.5,169.859,-45.0446,37.308,-45.083,583.601,2.95014,0.936364,60.1907,0.192844,0.000438445,0.487627,0.487627,0.292576,0.341339,0.390101,0.536389,0.390101,0.0243813,0,0,0,0,0,0,0
19416,19431,19424,22.4,169.858,-45.0445,37.865,-45.319,580.543,3.43691,1.07673,73.7544,0.205495,0.000513451,0.411462,0.629294,0.580887,0.435665,0.435665,0.605091,0.242036,0.0484073,0.0242036,0.0242036,0,0,0,0,0
19433,19448,19440,22.3,169.858,-45.0445,38.4611,-45.5556,577.355,2.68904,0.941541,66.4678,0.211784,0.000489027,0.239618,0.399363,0.346114,0.479235,0.479235,0.372738,0.239618,0.0532483,0.0798725,0,0,0,0,0,0
19450,19465,19458,22.2,169.858,-45.0446,39.0722,-46.1678,573.213,2.81689,0.953416,65.5496,0.206257,0.000494145,0.425191,0.372042,0.372042,0.425191,0.425191,0.265744,0.425191,0.0797233,0.0265744,0,0,0,0,0,0
19466,19483,19474,22.1,169.858,-45.0444,39.6627,-46.8527,569.044,3.5708,1.12792,76.3516,0.203076,0.000535517,0.51626,0.494749,0.51626,0.580793,0.51626,0.580793,0.215108,0.129065,0,0.0215108,0,0,0,0,0
19485,19499,19492,22,169.858,-45.0444,40.357,-47.068,565.684,3.01487,1.04911,70.9334,0.202838,0.000530262,0.423967,0.471074,0.306198,0.282644,0.471074,0.612396,0.306198,0.141322,0,0,0,0,0,0,0
19501,19517,19509,21.9,169.858,-45.0444,41.0018,-47.3609,562.409,2.77116,0.946545,64.1973,0.203468,0.00046461,0.296155,0.296155,0.465386,0.465386,0.338463,0.613464,0.169231,0.0846157,0.0423079,0,0,0,0,0,0
19519,19535,19527,21.8,169.858,-45.0444,41.7118,-47,560.536,3.50816,1.13014,73.4934,0.195091,0.000526229,0.338136,0.507204,0.612871,0.48607,0.549471,0.612871,0.295869,0.084534,0.0211335,0,0,0,0,0,0
19538,19553,19546,21.7,169.857,-45.0444,42.3427,-46.7964,558.651,3.6294,1.33967,93.9483,0.210384,0.00071127,0.316518,0.464226,0.569732,0.590833,0.35872,0.654136,0.506428,0.126607,0.0422023,0,0,0,0,0,0
19555,19570,19562,21.6,169.857,-45.0445,42.9878,-46.7489,556.357,3.73829,1.19837,76.6225,0.191817,0.000552464,0.464063,0.541407,0.567188,0.438282,0.567188,0.670313,0.438282,0.0515626,0,0,0,0,0,0,0
19572,19590,19581,21.5,169.858,-45.0444,43.672,-47.315,552.467,3.00303,0.915503,58.3686,0.191267,0.000419058,0.349189,0.581982,0.465585,0.395747,0.372468,0.465585,0.30263,0.0698378,0,0,0,0,0,0,0
19591,19607,19599,21.4,169.858,-45.0441,44.3827,-47.4045,549.714,3.46773,1.02595,64.328,0.188103,0.000454859,0.507473,0.570907,0.528618,0.528618,0.380605,0.570907,0.317171,0.0634341,0,0,0,0,0,0,0
19608,19625,19616,21.3,169.858,-45.0437,45.0522,-47.0222,548.283,3.40987,1.02208,63.929,0.187644,0.000447634,0.43915,0.490815,0.54248,0.645809,0.335821,0.619977,0.258324,0.0774971,0,0,0,0,0,0,0
19626,19643,19634,21.2,169.859,-45.0435,45.7833,-46.8483,546.193,3.38518,0.973502,60.2487,0.185666,0.000414903,0.560973,0.522285,0.502942,0.44491,0.464254,0.619005,0.232127,0.0193439,0.0193439,0,0,0,0,0,0
19644,19662,19653,21.1,169.859,-45.0434,46.498,-47.469,542.287,3.56572,1.06763,67.2366,0.188933,0.000465941,0.256359,0.69916,0.652549,0.536023,0.512717,0.605939,0.209748,0.069916,0.0233053,0,0,0,0,0,0
19666,19679,19672,21,169.86,-45.0433,47.3011,-48.1656,537.972,3.31951,1.09236,72.2173,0.198333,0.000520465,0.466806,0.259337,0.648342,0.414939,0.518673,0.648342,0.233403,0.103735,0.0259337,0,0,0,0,0,0
19681,19697,19689,20.9,169.86,-45.0435,47.9267,-47.78,536.886,4.175,1.42881,93.7825,0.196911,0.000679258,0.414907,0.492702,0.518633,0.674223,0.726087,0.855745,0.31118,0.181522,0,0,0,0,0,0,0
19698,19714,19706,20.8,169.861,-45.0439,48.7,-47.7822,534.418,4.01179,1.31403,88.5591,0.202186,0.000648288,0.524417,0.707963,0.524417,0.445754,0.603079,0.681742,0.393313,0.0786625,0.0524417,0,0,0,0,0,0
19717,19735,19726,20.7,169.861,-45.044,49.5391,-47.6891,532.045,3.69614,1.25291,89.2009,0.213585,0.000638744,0.488169,0.511415,0.534661,0.557907,0.511415,0.627646,0.348692,0.0232461,0.0697384,0.0232461,0,0,0,0,0
19736,19753,19744,20.6,169.862,-45.0438,50.324,-47.622,529.816,3.91508,1.32223,86.9561,0.197294,0.000626427,0.383832,0.435009,0.61413,0.588542,0.665308,0.767663,0.332654,0.102355,0.0255888,0,0,0,0,0,0
19754,19771,19762,20.5,169.863,-45.0435,51.137,-46.856,529.182,3.67103,1.3831,104.181,0.225974,0.000787561,0.535359,0.433386,0.586346,0.433386,0.433386,0.535359,0.458879,0.178453,0.0509866,0.0254933,0,0,0,0,0
19772,19787,19780,20.4,169.863,-45.0435,51.8256,-47.0044,526.827,4.65262,1.65676,116.763,0.211431,0.000842121,0.482283,0.539023,0.794349,0.482283,0.822719,0.907827,0.482283,0.0567392,0.0567392,0.0283696,0,0,0,0,0
19790,19807,19798,20.3,169.864,-45.0435,52.6855,-46.9482,524.473,3.94359,1.43808,105.541,0.220171,0.000750054,0.301569,0.347964,0.835113,0.67273,0.533544,0.719125,0.371161,0.0695927,0.0463952,0.0463952,0,0,0,0,0
19808,19827,19818,20.2,169.865,-45.0432,53.5109,-47.6209,520.604,4.11304,1.57261,112.731,0.215052,0.000809906,0.395038,0.255613,0.464751,0.720364,0.883026,0.720364,0.557701,0.0697126,0,0.0464751,0,0,0,0,0
19828,19845,19836,20.1,169.867,-45.0428,54.35,-47.4983,518.577,4.49586,1.8566,139.434,0.225305,0.0010574,0.383533,0.617914,0.40484,0.575299,0.617914,1.04406,0.575299,0.149152,0.106537,0.0213074,0,0,0,0,0
19846,19863,19854,20,169.869,-45.0424,55.16,-48.0008,515.234,4.54466,1.75452,124.436,0.212769,0.000933065,0.426729,0.469402,0.533411,0.640094,0.682767,1.1095,0.426729,0.170692,0.0853458,0,0,0,0,0,0
19867,19883,19875,19.9,169.871,-45.042,56.0873,-48.5391,511.569,3.75654,1.41539,98.9135,0.209653,0.000752664,0.349988,0.513315,0.583313,0.349988,0.443318,0.769973,0.653311,0.046665,0.046665,0,0,0,0,0,0
19886,19903,19894,19.8,169.873,-45.0418,57.005,-48.4133,509.478,4.23359,1.65268,117.021,0.212422,0.000891108,0.449017,0.491781,0.449017,0.534544,0.513163,0.983562,0.662835,0.0855271,0.0641453,0,0,0,0,0,0
19906,19922,19914,19.7,169.875,-45.0419,57.8231,-48.9408,506.222,4.15434,1.72895,126.642,0.219743,0.000974958,0.197826,0.494565,0.573695,0.514347,0.633043,0.909999,0.514347,0.237391,0.0791304,0,0,0,0,0,0
19923,19944,19934,19.6,169.876,-45.0425,58.695,-49.085,503.739,4.57565,2.09732,171.751,0.245672,0.00129305,0.441027,0.422651,0.514531,0.496155,0.716668,0.900429,0.698292,0.220513,0.0735044,0.0918806,0,0,0,0,0
19945,19960,19952,19.5,169.878,-45.0433,59.6492,-48.7742,502.114,5.01282,2.27691,178.381,0.23503,0.00139148,0.514136,0.556981,0.407024,0.578403,0.578403,1.02827,0.92116,0.321335,0.064267,0.0428447,0,0,0,0,0
19965,19983,19974,19.4,169.878,-45.0439,60.5838,-48.6508,500.17,4.75891,2.14271,162.477,0.227484,0.00123607,0.256705,0.39493,0.513409,0.552902,0.730621,1.26378,0.750367,0.197465,0.0592395,0.039493,0,0,0,0,0
19985,20003,19994,19.3,169.878,-45.0443,61.6854,-48.0177,498.997,5.14209,2.10002,155.07,0.221528,0.00117831,0.512239,0.53194,0.591044,0.630447,0.689552,1.16239,0.768358,0.13791,0.0985074,0.0197015,0,0,0,0,0
20008,20022,20015,19.2,169.878,-45.0442,62.6882,-47.6009,497.633,4.0417,1.70596,124.591,0.219098,0.000943477,0.418107,0.185825,0.418107,0.51102,0.743301,0.975583,0.51102,0.25551,0,0.0232282,0,0,0,0,0
20023,20042,20032,19.1,169.879,-45.0437,63.5727,-47.3864,496.108,4.34091,2.06199,166.029,0.241556,0.00125121,0.255348,0.301774,0.417841,0.649976,0.603549,1.18388,0.533908,0.232134,0.0928536,0.0696402,0,0,0,0,0
20043,20061,20052,19,169.879,-45.0429,64.5629,-47.1736,494.391,4.73738,2.08449,160.31,0.230718,0.00121284,0.291531,0.364414,0.78349,0.419076,0.78349,1.0568,0.692386,0.25509,0.0364414,0.0546621,0,0,0,0,0
20062,20080,20071,18.9,169.881,-45.0421,65.5483,-47.0467,492.536,4.54542,1.99,148.415,0.223741,0.00116135,0.233643,0.658449,0.531007,0.382325,0.594728,0.870852,1.04077,0.191163,0.0212403,0.0212403,0,0,0,0,0
20081,20099,20090,18.8,169.883,-45.0412,66.6062,-48.7423,486.607,5.25471,2.10571,151.872,0.216371,0.00116611,0.493864,0.553128,0.533373,0.730919,0.90871,0.967974,0.730919,0.256809,0.0790183,0,0,0,0,0,0
20100,20115,20108,18.7,169.884,-45.0401,67.5467,-49.9593,482.039,4.78659,1.95188,143.789,0.221002,0.00110297,0.464885,0.58541,0.550974,0.533757,0.619846,1.01586,0.723154,0.223833,0.0516539,0.017218,0,0,0,0,0
20116,20140,20128,18.6,169.888,-45.0384,68.6707,-50.2486,479.14,4.56372,1.86395,130.847,0.210597,0.000998002,0.406485,0.369532,0.388009,0.757541,0.498868,1.21946,0.776017,0.11086,0.0369532,0,0,0,0,0,0
20141,20160,20150,18.5,169.892,-45.037,69.7513,-49.8493,477.868,4.74872,1.98984,147.575,0.222493,0.0011188,0.464549,0.447343,0.412932,0.584987,0.825864,0.980714,0.791453,0.172055,0.034411,0.034411,0,0,0,0,0
20161,20180,20170,18.4,169.896,-45.0361,70.8317,-49.8422,475.786,5.04679,2.00242,150.675,0.225738,0.00110975,0.444461,0.602173,0.516149,0.874585,0.759885,0.931935,0.659523,0.143375,0.0573498,0.0573498,0,0,0,0,0
20186,20202,20194,18.3,169.901,-45.0357,72.1441,-49.0953,474.879,5.26984,2.40366,194.332,0.242545,0.00149186,0.455605,0.470792,0.713782,0.53154,0.896024,0.926398,0.774529,0.273363,0.167055,0.0607474,0,0,0,0,0
20203,20223,20213,18.2,169.906,-45.036,73.3592,-50.3092,470.062,5.49905,2.18707,157.244,0.21569,0.00120998,0.498103,0.537951,0.77704,0.717268,0.796964,0.996205,0.876661,0.219165,0.0796964,0,0,0,0,0,0
20225,20245,20235,18.1,169.91,-45.0369,74.4807,-48.934,470.909,4.57512,2.08563,173.217,0.249158,0.00124921,0.417645,0.531549,0.455613,0.474597,0.740371,0.854275,0.721388,0.227807,0.0949194,0.0379678,0.0189839,0,0,0,0
20246,20266,20256,18,169.913,-45.0377,75.5155,-48.135,470.737,4.41682,1.76664,126.249,0.214388,0.000970138,0.387188,0.44455,0.544932,0.573613,0.688335,0.831738,0.731356,0.157743,0.0573613,0,0,0,0,0,0
20267,20287,20277,17.9,169.917,-45.0386,76.832,-49.39,465.802,5.05291,2.0113,149.015,0.222267,0.00113657,0.664097,0.664097,0.461981,0.519728,0.692971,0.952835,0.866214,0.144369,0.0577476,0.0288738,0,0,0,0,0
20288,20308,20298,17.8,169.92,-45.0393,77.8816,-48.2189,466.427,4.65702,1.82873,140.364,0.230264,0.00104404,0.391853,0.72342,0.738491,0.421995,0.738491,0.84399,0.48228,0.165784,0.105499,0.0452138,0,0,0,0,0
20309,20330,20320,17.7,169.922,-45.0399,79.0021,-48.5286,463.891,4.7285,1.98073,159.346,0.241344,0.001222,0.634561,0.634561,0.593622,0.511743,0.532213,0.798319,0.614091,0.184227,0.184227,0.0409394,0,0,0,0,0
20331,20353,20342,17.6,169.925,-45.0403,80.4041,-49.2653,460.046,5.09382,1.94756,148.36,0.228533,0.0011299,0.865949,0.645217,0.54334,0.645217,0.645217,0.679175,0.747093,0.186773,0.101876,0.0339588,0,0,0,0,0
20354,20375,20364,17.5,169.929,-45.0405,81.6371,-48.8779,458.849,5.51815,2.00039,142.196,0.213253,0.00107712,0.823605,0.741244,0.679474,0.617704,0.741244,0.844195,0.782425,0.267672,0,0.0205901,0,0,0,0,0
20376,20398,20387,17.4,169.932,-45.041,82.8471,-48.5671,457.552,5.45929,2.0355,151.399,0.223138,0.00112277,0.697804,0.718328,0.779898,0.67728,0.67728,1.02618,0.554138,0.205236,0.0820946,0.0410473,0,0,0,0,0
20399,20407,20403,17.3,169.936,-45.0415,83.86,-48.8611,455.367,6.4237,2.26871,171.581,0.226887,0.00125951,1.0866,0.926803,0.862885,0.830926,0.830926,0.830926,0.73505,0.127835,0.127835,0.0639174,0,0,0,0,0
20408,20441,20424,17.2,169.942,-45.0422,85.6386,-48.8307,452.705,6.64917,2.27717,157.145,0.207027,0.0011657,0.905769,0.94694,0.679327,1.13221,0.988111,0.988111,0.720498,0.185271,0.102928,0,0,0,0,0,0
20443,20464,20454,17.1,169.945,-45.0425,86.8238,-48.9486,450.699,8.18368,2.52603,169.215,0.200966,0.00120455,1.42803,1.20833,1.1946,0.988633,1.18087,1.24952,0.700282,0.151041,0.054924,0.027462,0,0,0,0,0
20465,20470,20468,17,169.947,-45.0428,87.7317,-48.9517,449.358,7.69233,2.32499,151.974,0.196097,0.00109017,1.29002,1.24224,1.14668,0.955569,1.00335,1.14668,0.764455,0.0477784,0.0955569,0,0,0,0,0,0
20489,20509,20499,16.9,169.951,-45.0425,89.7812,-49.3738,445.558,11.8322,3.94082,276.48,0.210474,0.00197467,1.71089,1.927,1.44075,1.56682,1.54881,2.12511,1.17061,0.180094,0.0720376,0.090047,0,0,0,0,0
20528,20532,20530,16.8,169.956,-45.0427,91.562,-50.34,441.157,19.5734,6.07332,387.859,0.191588,0.0027934,3.20399,2.56319,2.79621,2.62144,2.6797,3.20399,2.15541,0.349526,0,0,0,0,0,0,0
20533,20553,20543,16.7,169.958,-45.0428,92.4353,-49.5627,441.487,20.6854,6.58662,432.568,0.197021,0.00307408,2.74653,2.82336,3.36114,2.59288,3.07304,3.78369,1.86303,0.268891,0.134446,0.0384131,0,0,0,0,0
20554,20576,20565,16.6,169.962,-45.0431,93.9282,-48.395,441.775,16.9113,5.33095,355.175,0.199875,0.00252697,2.28707,2.90131,2.39162,2.32628,2.03876,3.01894,1.55521,0.235242,0.104552,0.0522759,0,0,0,0,0
