api/data/B2SAP/Locations/Lauder/NOAA-POPS-B2SAP_GMLBalloon_20200619_R0.ict
61,1001
Thornberry, T. D.
NOAA Chemical Sciences Laboratory
Portable Optical Particle Spectrometer (POPS)
Balloon Baseline Stratospheric Aerosol Profiles (B2SAP)
1,1
2020,06,19,2024,05,28
0
TIME_START,s,Seconds since midnight UTC on flight start day,Start time of 100 m altitude bin in UTC_seconds_since_midnight
28
1.0,1.0,1.0,1.0,1.0,1.0,1.0,1.0,1.0,1.0,1.0,1.0,1.0,1.0,1.0,1.0,1.0,1.0,1.0,1.0,1.0,1.0,1.0,1.0,1.0,1.0,1.0,1.0
99999,99999,99999,99999,99999,99999,99999,99999,99999,99999,99999,99999,99999,99999,99999,99999,99999,99999,99999,99999,99999,99999,99999,99999,99999,99999,99999,99999
TIME_STOP,s,End time of 100 m altitude bin in UTC seconds since midnight,
TIME_MID,s,Mid time of 100 m altitude in UTC seconds since midnight,
GPSAlt,m,GPS reported altitude above sea level (m),
GPS_Lon,deg,GPS reported longitude,
GPS_Lat,deg,GPS reported latitude,
iMet_Pressure,mb,Pressure reported (mB),
iMet_Temperature,degrees C,Ambient temperature (oC),
THETA,K,Potential temperature from iMet,
Aerosol_concentration,cm^-3,Aerosol concentration,
Surface_Area_Conc,um^2 cm^-3,Surface area concentration,
Volume_density,um^3 cm^-3,Volume density,
Effective_radius,um,Effective radius,
Extinction,km^-1,Extinction,
Bin01,cm^-3,particle concentration in size range [140 - 170 nm],
Bin02,cm^-3,particle concentration in size range [170 - 205 nm],
Bin03,cm^-3,particle concentration in size range [205 - 249 nm],
Bin04,cm^-3,particle concentration in size range [249 - 302 nm],
Bin05,cm^-3,particle concentration in size range [302 - 366 nm],
Bin06,cm^-3,particle concentration in size range [366 - 443 nm],
Bin07,cm^-3,particle concentration in size range [443 - 537 nm],
Bin08,cm^-3,particle concentration in size range [537 - 651 nm],
Bin09,cm^-3,particle concentration in size range [651 - 789 nm],
Bin10,cm^-3,particle concentration in size range [789 - 956 nm],
Bin11,cm^-3,particle concentration in size range [956 - 1159 nm],
Bin12,cm^-3,particle concentration in size range [1159 - 1404 nm],
Bin13,cm^-3,particle concentration in size range [1404 - 1702 nm],
Bin14,cm^-3,particle concentration in size range [1702 - 2062 nm],
Bin15,cm^-3,particle concentration in size range [2062 - 2500 nm],
0
19
PI_CONTACT_INFO: 325 Broadway R/CSL6, Boulder, CO 80305; troy.thornberry@noaa.gov; 303-497-3373 
PLATFORM: GML ECC/FPH balloon
LOCATION: Lauder, NZ
ASSOCIATED_DATA: N/A
INSTRUMENT_INFO: Printed Optical Particle Spectrometer counts particles from 140 - 2500 nm in diameter 
DATA_INFO: Particle concentrations reported in number per cubic centimeter, binned to 100 m altitude
UNCERTAINTY: Counting uncertainty dominated by air flow, less than 5 percent
ULOD_FLAG: -77777
ULOD_VALUE: 3000 ~3000 per cm3 (varies depending on flow rate- manufacturer quotes 1250  per cm3 at 1.667 cc/s)
LLOD_FLAG: -88888
LLOD_VALUE: 0 0 (varies depending on data field and measurement precision)
DM_CONTACT_INFO: Troy Thornberry, 325 Broadway R/CSL6, Boulder, CO 80305; troy.thornberry@noaa.gov; 303-497-3373
PROJECT_INFO: B2SAP Lauder, NZ
STIPULATIONS_ON_USE: Please contact the PIs for questions regarding applications and uncertainties
OTHER_COMMENTS: POPS bin Edges (nm):  140, 170, 205, 249, 302, 366, 443, 537, 651, 789, 956, 1159, 1404, 1702, 2062, 2500
Calculations assume sulfate refractive index of 1.45+0.00j and extinction wavelength = 532 nm
REVISION: R0
R0: QA/QC data
TIME_START,TIME_STOP,TIME_MID,GPSAlt,GPS_Lon,GPS_Lat,iMet_Pressure,iMet_Temperature,THETA,Aerosol_concentration,Surface_Area_Conc,Volume_density,Effective_radius,Extinction,Bin01,Bin02,Bin03,Bin04,Bin05,Bin06,Bin07,Bin08,Bin09,Bin10,Bin11,Bin12,Bin13,Bin14,Bin15
1127,2506,1816,0.4,169.683,-45.0376,980.724,2.42931,277.116,52.1001,25.129,3527.24,0.421096,0.0142308,11.7819,10.7387,8.47411,6.08495,4.071,3.00552,2.60283,1.76949,0.82576,0.850396,1.02806,0.503605,0.20798,0.103279,0.0525871
2508,2523,2516,0.5,169.682,-45.0379,967.84,1.065,276.785,100.804,38.6465,3887.23,0.301752,0.0203165,11.6006,20.535,20.535,13.9862,11.32,8.4198,7.53104,3.18081,1.16942,0.888757,1.12264,0.374213,0.0935533,0.0467767,0
2532,2544,2538,0.6,169.682,-45.038,953.835,1.80182,278.694,15.2219,9.69188,1566.3,0.48483,0.00567958,3.69529,3.59359,1.79679,1.62728,0.745839,0.77974,0.644133,0.813642,0.339018,0.203411,0.406821,0.339018,0.135607,0.101705,0
2545,2563,2554,0.7,169.683,-45.0381,942.991,2.88889,280.71,9.27915,5.21283,834.389,0.480194,0.0031846,2.61615,1.96211,1.18544,0.776669,0.61316,0.408773,0.408773,0.490528,0.204387,0.204387,0.245264,0.122632,0,0,0.0408773
2565,2582,2574,0.8,169.683,-45.0381,931.562,2.7925,281.588,10.1216,6.07804,1052.98,0.519729,0.00373407,2.81664,2.15256,1.44267,0.893082,0.664087,0.320594,0.412192,0.48089,0.274794,0.183196,0.206096,0.114498,0.0457991,0.0915982,0.0228995
2583,2596,2590,0.9,169.683,-45.0381,921.367,2.6575,282.335,6.76105,3.374,450.1,0.400208,0.00194095,1.52818,1.57449,1.29664,0.694629,0.0926172,0.370469,0.32416,0.370469,0.0926172,0.0926172,0.277852,0.0463086,0,0,0
2604,2618,2611,1,169.682,-45.0385,909.093,3.02429,283.8,3.51618,3.17428,662.164,0.625809,0.0020747,0.799131,1.17206,0.106551,0.266377,0.106551,0.266377,0.213102,0,0.106551,0.213102,0.159826,0,0.0532754,0,0.0532754
2619,2634,2626,1.1,169.681,-45.0391,900.206,3.59286,285.185,3.61531,1.16986,108.195,0.277456,0.00057363,0.838332,0.681145,0.733541,0.36677,0.209583,0.36677,0.157187,0.209583,0,0,0.0523958,0,0,0,0
2640,2656,2648,1.2,169.679,-45.0408,886.599,5.00867,287.891,2.60459,1.20516,159.556,0.397182,0.000701325,0.851969,0.486839,0.316446,0.292104,0.194736,0.0973679,0.0730259,0.0973679,0,0.0973679,0.0486839,0.0486839,0,0,0
2658,2676,2667,1.3,169.678,-45.0429,875.396,5.1,289.031,1.65296,0.887166,189.701,0.641483,0.000489139,0.579609,0.322005,0.257604,0.128802,0.021467,0.193203,0.021467,0.042934,0.021467,0,0.021467,0.021467,0,0,0.021467
2677,2695,2686,1.4,169.676,-45.0447,865.129,4.30737,289.186,1.15559,0.254109,25.9164,0.305968,8.21889e-05,0.423718,0.346678,0.154079,0.115559,0.0385198,0.0385198,0.0192599,0,0,0,0,0.0192599,0,0,0
2696,2714,2705,1.5,169.675,-45.0463,855.419,3.47375,289.248,1.37614,0.561497,63.9818,0.341846,0.000347489,0.481647,0.160549,0.20642,0.137614,0.0917424,0.114678,0.0688068,0.0229356,0,0.0688068,0.0229356,0,0,0,0
2716,2733,2724,1.6,169.673,-45.0483,844.207,2.74,289.568,0.556995,0.0915252,3.86106,0.126557,1.62323e-05,0.0928325,0.185665,0.0928325,0.0928325,0.0928325,0,0,0,0,0,0,0,0,0,0
2739,2752,2746,1.7,169.671,-45.0506,832.226,2.546,290.545,1.24637,0.37892,31.2659,0.247539,0.000246916,0.219948,0.586527,0.146632,0,0.0733159,0,0.0733159,0.0733159,0.0733159,0,0,0,0,0,0
2758,2758,2758,1.8,169.67,-45.0517,827.6,2.76,291.232,1.87561,0.218579,7.21642,0.0990454,1.67429e-05,0.375122,0.750245,0.750245,0,0,0,0,0,0,0,0,0,0,0,0
2791,2791,2791,1.9,169.667,-45.056,812.48,3.6,293.669,2.52219,0.260549,8.19229,0.0943272,1.74865e-05,1.08094,0.720626,0.720626,0,0,0,0,0,0,0,0,0,0,0,0
2803,2817,2810,2,169.666,-45.0586,803.706,3.894,294.892,2.68136,0.536789,27.5706,0.154086,0.000162785,0.434815,0.652223,0.797161,0.217408,0.362346,0.0724692,0.144938,0,0,0,0,0,0,0,0
2824,2843,2834,2.1,169.666,-45.0613,791.893,3.502,295.723,2.27261,0.463249,26.5466,0.171916,0.00016329,0.43986,0.586481,0.623136,0.256585,0.109965,0.183275,0.036655,0,0.036655,0,0,0,0,0,0
2844,2857,2850,2.2,169.665,-45.0631,784.344,2.895,295.888,1.7693,0.320521,17.1606,0.160619,0.000107249,0.516047,0.479186,0.368605,0.147442,0.147442,0,0.073721,0.0368605,0,0,0,0,0,0,0
2864,2874,2869,2.3,169.665,-45.0647,775.817,2.26,296.128,1.48118,0.268502,12.1426,0.135671,5.93526e-05,0.123431,0.740588,0.123431,0,0.493725,0,0,0,0,0,0,0,0,0,0
2892,2898,2895,2.4,169.666,-45.0671,761.597,1.50667,296.878,1.2377,0.119691,3.63467,0.0911014,7.20035e-06,0.618852,0.371311,0.247541,0,0,0,0,0,0,0,0,0,0,0,0
2905,2905,2905,2.5,169.666,-45.0679,757.25,1.37,297.215,1.50306,0.274189,12.3431,0.13505,5.76851e-05,0.375766,0.375766,0,0.375766,0.375766,0,0,0,0,0,0,0,0,0,0
2919,2922,2920,2.6,169.666,-45.0686,749.082,1.05,297.798,1.75669,0.351924,19.7332,0.168217,0.000131125,0.924571,0.277371,0,0,0.277371,0.184914,0.0924571,0,0,0,0,0,0,0,0
2961,2973,2967,2.8,169.667,-45.0699,726.18,0.125,299.431,0.643935,0.135163,7.97844,0.177084,5.67153e-05,0.0919907,0.367963,0,0.0919907,0,0,0.0919907,0,0,0,0,0,0,0,0
2976,2986,2981,2.9,169.667,-45.0702,718.577,-0.505,299.648,1.70257,0.372755,21.0764,0.169627,0.000130641,0.0945874,0.37835,0.567525,0.472937,0.0945874,0,0,0.0945874,0,0,0,0,0,0,0
2997,3004,3000,3,169.668,-45.0706,709.18,-1.32667,299.867,1.38353,0.26601,13.5002,0.152252,7.84257e-05,0.25155,0.440213,0.25155,0.188663,0.125775,0.0628875,0.0628875,0,0,0,0,0,0,0,0
3009,3025,3017,3.1,169.668,-45.0711,701,-2.135,299.966,0.919845,0.25852,14.4212,0.167351,8.92989e-05,0.183969,0,0.183969,0,0.367938,0.183969,0,0,0,0,0,0,0,0,0
3039,3046,3042,3.2,169.669,-45.0721,689.422,-2.97,300.474,0.875773,0.37046,36.0479,0.291917,0.000236224,0.0625552,0.12511,0.187666,0.187666,0.12511,0.0625552,0.0625552,0,0,0.0625552,0,0,0,0,0
3070,3081,3076,3.4,169.67,-45.0739,672.691,-4.10125,301.318,0.522679,0.0718426,2.69418,0.112503,8.37051e-06,0.190065,0.0475163,0.142549,0.142549,0,0,0,0,0,0,0,0,0,0,0
3082,3097,3090,3.5,169.67,-45.0747,665.261,-4.52583,301.798,0.250889,0.0427072,1.79121,0.125825,7.18366e-06,0.0313612,0.0627224,0.0627224,0.0627224,0.0313612,0,0,0,0,0,0,0,0,0,0
3098,3112,3105,3.6,169.67,-45.0755,658.276,-5.095,302.074,0.229162,0.0305448,1.2241,0.120227,5.13317e-06,0.114581,0.0381937,0.0381937,0,0.0381937,0,0,0,0,0,0,0,0,0,0
3114,3127,3120,3.7,169.67,-45.0768,649.614,-5.60222,302.642,0.29647,0.0675539,4.06501,0.180523,2.92737e-05,0.0847058,0.0847058,0.0423529,0,0.0423529,0,0.0423529,0,0,0,0,0,0,0,0
3130,3144,3137,3.8,169.67,-45.0778,641.717,-6.30214,302.904,0.900112,0.222677,14.0858,0.189769,9.94568e-05,0.218209,0.218209,0.0818284,0.163657,0.0818284,0.0545523,0.0272761,0.0545523,0,0,0,0,0,0,0
3145,3161,3153,3.9,169.669,-45.079,633.072,-7.14294,303.128,1.20949,0.253472,14.0027,0.16573,8.81449e-05,0.358367,0.268775,0.156786,0.11199,0.156786,0.11199,0.0223979,0.0223979,0,0,0,0,0,0,0
3162,3175,3168,4,169.669,-45.08,624.69,-8.02933,303.268,1.5055,0.436132,40.2883,0.277129,0.00016863,0.25517,0.357238,0.280687,0.25517,0.102068,0.178619,0.0510341,0,0,0,0.025517,0,0,0,0
3177,3191,3184,4.1,169.668,-45.0809,617.286,-8.18143,304.125,2.20838,0.412104,20.5429,0.149547,0.000116713,0.599808,0.40896,0.436224,0.40896,0.218112,0.027264,0.109056,0,0,0,0,0,0,0,0
3192,3207,3200,4.2,169.668,-45.0819,609.146,-8.70438,304.683,2.04979,0.449484,26.0172,0.173647,0.000166127,0.361727,0.554649,0.409958,0.289382,0.192921,0.120576,0.0964606,0,0.0241152,0,0,0,0,0,0
3207,3222,3214,4.3,169.667,-45.0828,601.064,-9.34563,305.105,2.43743,0.788722,53.9307,0.205132,0.000402012,0.386127,0.289596,0.506792,0.24133,0.386127,0.24133,0.265463,0.0965319,0.024133,0,0,0,0,0,0
3224,3239,3232,4.4,169.667,-45.0837,593.413,-10.0962,305.349,3.16041,1.04774,71.2396,0.20398,0.000532633,0.434255,0.554881,0.386004,0.410129,0.45838,0.386004,0.410129,0.096501,0.0241253,0,0,0,0,0,0
3240,3255,3248,4.5,169.666,-45.0845,585.857,-10.7225,305.744,1.14808,0.253755,14.3151,0.169239,9.13229e-05,0.239183,0.28702,0.215265,0.14351,0.071755,0.14351,0.0239183,0.0239183,0,0,0,0,0,0,0
3256,3271,3264,4.6,169.665,-45.0853,578.149,-11.1913,306.354,2.74811,0.755514,47.0618,0.186874,0.000337246,0.55935,0.55935,0.364794,0.291835,0.340474,0.267515,0.340474,0.0243196,0,0,0,0,0,0,0
3272,3287,3280,4.7,169.665,-45.086,570.643,-11.4388,307.206,3.60394,1.01923,74.4823,0.219232,0.000405247,0.532125,0.701438,0.532125,0.749813,0.362813,0.459563,0.217688,0.0241875,0,0,0.0241875,0,0,0,0
3288,3304,3296,4.8,169.664,-45.0866,563.453,-11.2035,308.602,3.67311,0.99673,74.1481,0.223174,0.00041876,0.884267,0.657532,0.566838,0.430797,0.476144,0.362776,0.226735,0.0226735,0.0226735,0,0.0226735,0,0,0,0
3305,3320,3312,4.9,169.664,-45.0872,555.903,-12.0188,308.829,4.35283,1.10134,67.3982,0.183589,0.000469876,0.888797,0.752059,1.0939,0.433004,0.319055,0.433004,0.319055,0.113948,0,0,0,0,0,0,0
3322,3339,3330,5,169.664,-45.0876,548.606,-12.8961,308.952,3.63925,0.963664,58.2055,0.181201,0.000400979,0.667556,0.667556,0.646022,0.473749,0.366079,0.473749,0.301477,0.0430681,0,0,0,0,0,0,0
3340,3355,3348,5.1,169.664,-45.088,541.723,-13.78,309.016,4.40242,1.19676,73.2376,0.183589,0.000511957,0.80711,0.880484,0.635905,0.538073,0.513615,0.562531,0.415784,0.0489158,0,0,0,0,0,0,0
3356,3373,3364,5.2,169.664,-45.0882,534.455,-14.5722,309.27,4.57727,1.37059,91.2969,0.199834,0.000669259,1.11162,0.675693,0.457727,0.6321,0.457727,0.697489,0.326948,0.196169,0.0217965,0,0,0,0,0,0
3374,3391,3382,5.3,169.664,-45.0885,527.258,-14.995,309.96,7.53309,1.66545,94.2384,0.169753,0.000611286,1.95383,1.38939,1.34597,1.10717,0.672985,0.564439,0.390765,0.108546,0,0,0,0,0,0,0
3392,3407,3400,5.4,169.665,-45.0887,520.533,-15.6037,310.364,8.25502,1.53169,77.06,0.150931,0.000429295,2.0027,1.88058,1.75847,1.29443,0.683848,0.415193,0.170962,0.0244231,0.0244231,0,0,0,0,0,0
3407,3424,3416,5.5,169.665,-45.0887,513.741,-16.4088,310.554,7.58673,1.7925,111.093,0.185929,0.000743101,1.76869,1.69887,1.37306,0.907615,0.651621,0.651621,0.279266,0.232722,0,0.0232722,0,0,0,0,0
3425,3439,3432,5.6,169.665,-45.0887,506.748,-17.2413,310.76,4.79239,1.07886,63.0974,0.175455,0.000416381,1.09257,1.34088,0.620776,0.571114,0.397296,0.47179,0.223479,0.0496621,0.024831,0,0,0,0,0,0
3441,3456,3448,5.7,169.666,-45.0889,500.126,-18.1025,310.887,4.22355,0.909596,48.9197,0.161345,0.00029679,0.889168,0.642177,1.01266,0.765672,0.444584,0.27169,0.148195,0.0493982,0,0,0,0,0,0,0
3457,3471,3464,5.8,169.666,-45.089,493.585,-18.9973,310.964,2.76158,0.537596,27.6754,0.15444,0.000160779,0.637288,0.610734,0.557627,0.477966,0.238983,0.132768,0.079661,0.0265537,0,0,0,0,0,0,0
3472,3487,3480,5.9,169.667,-45.0893,486.899,-19.9573,310.997,4.31492,0.897504,49.9283,0.166891,0.000324192,1.01843,1.25964,0.69682,0.482414,0.268008,0.268008,0.294808,0.0268008,0,0,0,0,0,0,0
3488,3501,3494,6,169.667,-45.0895,480.461,-20.7915,311.151,3.26218,0.615535,34.6585,0.168919,0.000214129,0.963121,0.77671,0.621368,0.466026,0.186411,0.124274,0.0310684,0.0621368,0.0310684,0,0,0,0,0,0
3502,3516,3509,6.1,169.668,-45.0899,473.939,-21.6927,311.251,4.60442,1.11995,76.9904,0.206234,0.000487814,1.03799,0.825069,0.958144,0.878299,0.319381,0.345997,0.10646,0.0266151,0.0532302,0.0532302,0,0,0,0,0
3517,3531,3524,6.2,169.668,-45.0904,467.585,-22.5873,311.345,4.80273,1.03371,62.0894,0.180194,0.00038329,1.07324,1.26105,0.697603,0.831757,0.456125,0.241478,0.134154,0.0804927,0,0.0268309,0,0,0,0,0
3532,3546,3539,6.3,169.669,-45.0909,461.127,-23.472,311.485,4.6148,0.874457,43.9235,0.150688,0.000251041,1.21442,0.890576,1.13346,0.485769,0.458782,0.269872,0.161923,0,0,0,0,0,0,0,0
3547,3560,3554,6.4,169.669,-45.0914,455.058,-24.39,311.515,5.84309,0.944624,43.2449,0.13734,0.000219148,1.7558,1.43918,1.26648,0.662025,0.374188,0.230269,0.115135,0,0,0,0,0,0,0,0
3561,3575,3568,6.5,169.669,-45.092,448.757,-25.2673,311.652,5.02436,0.87854,46.0137,0.157126,0.000273877,1.82952,1.14686,0.846496,0.491514,0.245757,0.273063,0.163838,0,0.0273063,0,0,0,0,0,0
3576,3590,3583,6.6,169.67,-45.0927,442.445,-26.1033,311.859,6.16404,1.67669,156.826,0.280599,0.000725395,1.80012,1.30918,1.03643,0.763687,0.490941,0.381843,0.109098,0.136373,0.0272745,0.0272745,0.0545491,0.0272745,0,0,0
3591,3606,3598,6.7,169.67,-45.0936,436.274,-27.0538,311.91,5.3579,1.09584,66.1316,0.181044,0.000417584,1.56379,1.40997,0.820349,0.589626,0.384539,0.256359,0.281995,0,0.0256359,0.0256359,0,0,0,0,0
3607,3621,3614,6.8,169.671,-45.0945,430.26,-27.994,311.959,5.28537,0.926763,50.8577,0.16463,0.000311398,1.97174,1.17757,0.958487,0.438165,0.383395,0.136927,0.136927,0.0273853,0.0547707,0,0,0,0,0,0
3622,3636,3629,6.9,169.671,-45.0956,424.352,-28.838,312.113,5.19741,1.2058,76.2741,0.189767,0.000534873,1.20998,1.23748,1.31998,0.329994,0.357494,0.247496,0.302495,0.137498,0.054999,0,0,0,0,0,0
3637,3651,3644,7,169.671,-45.0966,418.503,-29.7053,312.238,4.69572,0.929904,49.9291,0.161078,0.000307644,1.26318,1.15334,0.796351,0.604128,0.329524,0.329524,0.164762,0.0549207,0,0,0,0,0,0,0
3652,3668,3660,7.1,169.671,-45.0978,412.327,-30.6382,312.363,4.29718,0.996818,73.9391,0.222525,0.000397694,1.14106,0.995393,0.80117,0.485557,0.46128,0.145667,0.145667,0.0485557,0.0485557,0,0.0242779,0,0,0,0
3669,3683,3676,7.2,169.671,-45.0989,406.57,-31.5867,312.398,3.51072,0.717594,45.1337,0.188688,0.000285618,1.22597,0.780161,0.557258,0.278629,0.306492,0.139314,0.167177,0.0278629,0,0.0278629,0,0,0,0,0
3684,3699,3692,7.3,169.672,-45.1,400.807,-32.5719,312.399,3.11015,0.557252,28.4216,0.153009,0.000164369,0.96702,0.78407,0.496578,0.313628,0.313628,0.156814,0.0261357,0.0522714,0,0,0,0,0,0,0
3700,3714,3707,7.4,169.672,-45.1012,395.249,-33.4487,312.502,2.94168,0.642994,40.9725,0.191164,0.00028039,0.812464,0.728416,0.504288,0.448256,0.112064,0.112064,0.112064,0.056032,0.056032,0,0,0,0,0,0
3715,3730,3722,7.5,169.672,-45.1023,389.571,-34.3425,312.624,4.09003,0.879376,53.5881,0.182816,0.000355134,0.970072,1.12738,0.681672,0.603018,0.262182,0.209745,0.0786545,0.104873,0.0524363,0,0,0,0,0,0
3731,3746,3738,7.6,169.673,-45.1035,383.767,-35.285,312.725,4.50052,0.834875,48.3173,0.173621,0.000317792,1.82668,0.953052,0.661841,0.423578,0.211789,0.158842,0.132368,0.105895,0.0264737,0,0,0,0,0,0
3747,3762,3754,7.7,169.673,-45.1045,378.397,-36.2088,312.775,4.00639,0.653611,31.5024,0.144592,0.000175437,1.44968,1.05431,0.579872,0.395367,0.210862,0.184505,0.131789,0,0,0,0,0,0,0,0
3763,3779,3771,7.8,169.673,-45.1056,373.165,-37.1212,312.813,3.99359,0.730752,36.9544,0.151711,0.000212689,1.14816,1.02336,0.623998,0.524158,0.299519,0.249599,0.0998397,0.0249599,0,0,0,0,0,0,0
3780,3796,3788,7.9,169.673,-45.1066,367.599,-38.1259,312.818,4.47245,0.943468,67.9618,0.216102,0.000315119,1.36448,0.909651,0.859114,0.606434,0.328485,0.252681,0.0758042,0.0252681,0.0252681,0,0,0.0252681,0,0,0
3797,3811,3804,8,169.673,-45.1077,362.191,-39.16,312.761,3.92048,0.789838,43.1973,0.164074,0.000269979,0.909098,0.880688,0.909098,0.568186,0.284093,0.142046,0.142046,0.0852279,0,0,0,0,0,0,0
3812,3826,3819,8.1,169.674,-45.1087,357.057,-40.1053,312.77,4.20243,1.09049,82.7475,0.227644,0.000575002,1.18013,1.09378,0.518107,0.575675,0.259054,0.0863512,0.287837,0.0863512,0.0575675,0.0575675,0,0,0,0,0
3827,3844,3836,8.2,169.674,-45.1097,351.781,-41.0061,312.897,2.92608,0.887058,79.8429,0.270026,0.000448697,0.767496,0.455701,0.575622,0.407732,0.239842,0.215858,0.119921,0.0479685,0.0239842,0.0479685,0.0239842,0,0,0,0
3845,3861,3853,8.3,169.674,-45.1107,346.6,-41.7288,313.245,2.51689,0.648909,58.4398,0.270176,0.000289716,0.796159,0.590698,0.410921,0.256825,0.128413,0.154095,0.10273,0.0256825,0,0.0256825,0.0256825,0,0,0,0
3862,3879,3870,8.4,169.674,-45.1117,341.362,-42.5206,313.531,2.85292,0.783889,58.7652,0.224899,0.000402375,0.69525,0.623327,0.479483,0.335638,0.239741,0.167819,0.167819,0.0958965,0,0.0479483,0,0,0,0,0
3880,3895,3888,8.5,169.674,-45.1129,336.514,-43.2475,313.82,2.55891,0.525692,30.4394,0.173711,0.000194523,0.653339,0.735006,0.408337,0.245002,0.21778,0.190557,0.0544449,0.0272224,0.0272224,0,0,0,0,0,0
3896,3912,3904,8.6,169.674,-45.114,331.363,-44.27,313.811,3.19361,0.789794,63.3076,0.240471,0.000340891,1.0302,0.746893,0.437834,0.334814,0.180285,0.15453,0.20604,0.0772648,0,0,0.0257549,0,0,0,0
3913,3929,3921,8.7,169.674,-45.1149,326.317,-45.1841,313.931,3.2258,0.666307,36.738,0.16541,0.00023089,0.619354,0.903224,0.64516,0.438709,0.309677,0.129032,0.103226,0.0774192,0,0,0,0,0,0,0
