api/data/B2SAP/Locations/Lauder/NOAA-POPS-B2SAP_GMLBalloon_20190903_R0.ict
61,1001
Thornberry, T. D.
NOAA Chemical Sciences Laboratory
Portable Optical Particle Spectrometer (POPS)
Balloon Baseline Stratospheric Aerosol Profiles (B2SAP)
1,1
2019,09,03,2024,05,28
0
TIME_START,s,Seconds since midnight UTC on flight start day,Start time of 100 m altitude bin in UTC_seconds_since_midnight
28
1.0,1.0,1.0,1.0,1.0,1.0,1.0,1.0,1.0,1.0,1.0,1.0,1.0,1.0,1.0,1.0,1.0,1.0,1.0,1.0,1.0,1.0,1.0,1.0,1.0,1.0,1.0,1.0
99999,99999,99999,99999,99999,99999,99999,99999,99999,99999,99999,99999,99999,99999,99999,99999,99999,99999,99999,99999,99999,99999,99999,99999,99999,99999,99999,99999
TIME_STOP,s,End time of 100 m altitude bin in UTC seconds since midnight,
TIME_MID,s,Mid time of 100 m altitude in UTC seconds since midnight,
GPSAlt,m,GPS reported altitude above sea level (m),
GPS_Lon,deg,GPS reported longitude,
GPS_Lat,deg,GPS reported latitude,
iMet_Pressure,mb,Pressure reported (mB),
iMet_Temperature,degrees C,Ambient temperature (oC),
THETA,K,Potential temperature from iMet,
Aerosol_concentration,cm^-3,Aerosol concentration,
Surface_Area_Conc,um^2 cm^-3,Surface area concentration,
Volume_density,um^3 cm^-3,Volume density,
Effective_radius,um,Effective radius,
Extinction,km^-1,Extinction,
Bin01,cm^-3,particle concentration in size range [140 - 170 nm],
Bin02,cm^-3,particle concentration in size range [170 - 205 nm],
Bin03,cm^-3,particle concentration in size range [205 - 249 nm],
Bin04,cm^-3,particle concentration in size range [249 - 302 nm],
Bin05,cm^-3,particle concentration in size range [302 - 366 nm],
Bin06,cm^-3,particle concentration in size range [366 - 443 nm],
Bin07,cm^-3,particle concentration in size range [443 - 537 nm],
Bin08,cm^-3,particle concentration in size range [537 - 651 nm],
Bin09,cm^-3,particle concentration in size range [651 - 789 nm],
Bin10,cm^-3,particle concentration in size range [789 - 956 nm],
Bin11,cm^-3,particle concentration in size range [956 - 1159 nm],
Bin12,cm^-3,particle concentration in size range [1159 - 1404 nm],
Bin13,cm^-3,particle concentration in size range [1404 - 1702 nm],
Bin14,cm^-3,particle concentration in size range [1702 - 2062 nm],
Bin15,cm^-3,particle concentration in size range [2062 - 2500 nm],
0
19
PI_CONTACT_INFO: 325 Broadway R/CSL6, Boulder, CO 80305; troy.thornberry@noaa.gov; 303-497-3373 
PLATFORM: GML ECC/FPH balloon
LOCATION: Lauder, NZ
ASSOCIATED_DATA: N/A
INSTRUMENT_INFO: Printed Optical Particle Spectrometer counts particles from 140 - 2500 nm in diameter 
DATA_INFO: Particle concentrations reported in number per cubic centimeter, binned to 100 m altitude
UNCERTAINTY: Counting uncertainty dominated by air flow, less than 5 percent
ULOD_FLAG: -77777
ULOD_VALUE: 3000 ~3000 per cm3 (varies depending on flow rate- manufacturer quotes 1250  per cm3 at 1.667 cc/s)
LLOD_FLAG: -88888
LLOD_VALUE: 0 0 (varies depending on data field and measurement precision)
DM_CONTACT_INFO: Troy Thornberry, 325 Broadway R/CSL6, Boulder, CO 80305; troy.thornberry@noaa.gov; 303-497-3373
PROJECT_INFO: B2SAP Lauder, NZ
STIPULATIONS_ON_USE: Please contact the PIs for questions regarding applications and uncertainties
OTHER_COMMENTS: POPS bin Edges (nm):  140, 170, 205, 249, 302, 366, 443, 537, 651, 789, 956, 1159, 1404, 1702, 2062, 2500
Calculations assume sulfate refractive index of 1.45+0.00j and extinction wavelength = 532 nm
REVISION: R0
R0: QA/QC data
TIME_START,TIME_STOP,TIME_MID,GPSAlt,GPS_Lon,GPS_Lat,iMet_Pressure,iMet_Temperature,THETA,Aerosol_concentration,Surface_Area_Conc,Volume_density,Effective_radius,Extinction,Bin01,Bin02,Bin03,Bin04,Bin05,Bin06,Bin07,Bin08,Bin09,Bin10,Bin11,Bin12,Bin13,Bin14,Bin15
[from data line 399]
20602,20621,20612,16.4,169.97,-45.044,96.946,-48.479,437.638,15.7652,4.77388,317.986,0.199829,0.00228041,2.79566,2.70919,2.13277,1.93102,2.10395,2.24805,1.38342,0.288212,0.144106,0.0288212,0,0,0,0,0
20622,20644,20633,16.3,169.975,-45.0447,98.4769,-48.7163,435.218,19.9764,5.97253,380.338,0.191044,0.00267851,3.25842,2.9622,3.01775,2.61044,2.66598,3.36951,1.77732,0.222165,0.0740551,0.0185138,0,0,0,0,0
20645,20660,20652,16.2,169.979,-45.0449,99.7789,-49.8422,431.412,21.3977,6.92,465.16,0.201659,0.00339787,3.21688,3.14459,3.32531,2.747,2.4217,3.43375,2.60242,0.325302,0.144579,0.0361447,0,0,0,0,0
20670,20692,20681,16.1,169.983,-45.0453,101.577,-49.7767,429.345,21.6646,7.13495,474.738,0.199611,0.00348274,3.32476,3.06736,2.85286,2.59546,2.80996,3.86101,2.63836,0.429001,0.0643502,0.0214501,0,0,0,0,0
20693,20717,20705,16,169.989,-45.0456,103.404,-49.1742,428.315,22.556,7.26805,471.418,0.194585,0.00339667,2.82623,3.14922,3.20306,3.31072,3.22997,3.90288,2.58398,0.215332,0.134582,0,0,0,0,0,0
20718,20742,20730,15.9,169.993,-45.0456,105.008,-49.4588,425.898,21.2968,6.77221,440.997,0.195356,0.0031806,3.1723,3.03086,3.23291,2.40448,2.88942,3.8795,2.26304,0.363703,0.0404114,0.0202057,0,0,0,0,0
20743,20766,20754,15.8,169.998,-45.0454,106.343,-49.3558,424.549,21.572,6.84757,452.53,0.198259,0.00325378,3.17135,3.05264,3.34094,2.95088,2.6117,3.78188,2.13685,0.3731,0.118714,0.0339182,0,0,0,0,0
20767,20791,20779,15.7,170.003,-45.0454,108.048,-48.969,423.364,20.8043,6.65988,452.272,0.20373,0.00319633,3.23048,2.98819,3.19817,2.74591,2.35825,3.68274,2.08366,0.323048,0.145371,0.0323048,0.0161524,0,0,0,0
20792,20810,20801,15.6,170.009,-45.0454,109.73,-49.2077,421.041,21.5338,6.1948,385.361,0.186621,0.00271063,3.39877,3.64686,3.4732,2.72894,2.9026,3.05145,2.00949,0.297703,0.0248086,0,0,0,0,0,0
20816,20840,20828,15.5,170.014,-45.0452,111.076,-49.7173,418.629,20.9969,5.94036,370.906,0.187315,0.00259225,3.5727,3.63127,3.30914,2.86987,2.31347,3.27986,1.66921,0.26356,0.0878533,0,0,0,0,0,0
20841,20865,20853,15.4,170.022,-45.0454,113.12,-49.7648,416.364,20.7729,5.375,326.213,0.182072,0.00216283,3.91505,3.4643,3.78626,2.96204,2.5113,2.70447,1.18482,0.128784,0.0772707,0.0386353,0,0,0,0,0
20866,20889,20878,15.3,170.029,-45.046,114.942,-50.5308,413.044,22.7585,5.5035,321.111,0.17504,0.00201963,4.57062,4.24608,3.88097,3.28598,2.7586,2.79917,1.00067,0.189316,0.0135226,0,0.0135226,0,0,0,0
20890,20915,20902,15.2,170.035,-45.0468,116.708,-50.4196,411.459,20.3685,4.86578,276.821,0.170674,0.00176288,3.98162,3.683,3.7701,2.81202,2.71248,2.36409,0.895865,0.111983,0.0248851,0.0124426,0,0,0,0,0
20916,20939,20928,15.1,170.04,-45.0478,118.521,-50.2083,410.035,21.5565,5.13562,294.858,0.172243,0.00185294,4.31131,3.88018,3.74545,3.39515,2.50595,2.8293,0.754479,0.0269457,0.080837,0.0269457,0,0,0,0,0
20940,20965,20952,15,170.046,-45.0489,120.407,-49.4073,409.662,19.6752,4.83732,285.751,0.177216,0.00184882,3.79893,3.71231,3.46482,2.82135,2.33875,2.413,0.915702,0.136118,0.0371231,0.0371231,0,0,0,0,0
20966,20990,20978,14.9,170.05,-45.0501,122.282,-48.5372,409.435,21.3054,5.23508,311.795,0.178677,0.00202196,4.34569,3.94829,3.71755,2.93558,2.53819,2.55101,1.05117,0.128191,0.0384574,0.0512766,0,0,0,0,0
20991,21015,21003,14.8,170.055,-45.0509,124.164,-47.7825,409.026,20.0584,4.97981,297.191,0.179038,0.00194863,4.16607,3.76677,3.38078,2.44907,2.59548,2.40914,1.10474,0.106481,0.0399304,0.0399304,0,0,0,0,0
21016,21041,21028,14.7,170.06,-45.0513,126.035,-48.4525,406.072,20.6396,5.34756,329.616,0.184915,0.00219615,3.87077,4.08507,3.28145,2.7591,2.58498,2.57158,1.23222,0.107149,0.0937557,0.0535747,0,0,0,0,0
21042,21066,21054,14.6,170.065,-45.0517,127.99,-47.7375,405.574,18.9837,4.78227,296.544,0.186027,0.00187158,3.88182,3.4963,3.2703,2.59231,2.25997,2.1802,1.02363,0.225997,0.0265878,0,0.0265878,0,0,0,0
21067,21093,21080,14.5,170.071,-45.0523,129.99,-48.2808,402.814,20.2461,5.10204,341.553,0.200833,0.00207087,4.19721,4.23548,3.08731,2.88319,2.27083,2.18153,1.14817,0.0765448,0.127575,0.0255149,0,0,0,0.0127575,0
21094,21119,21106,14.4,170.078,-45.0528,132.012,-47.7414,401.994,20.3537,5.20803,328.357,0.189145,0.00210835,4.36048,4.15767,2.98425,2.43376,2.23094,2.81041,1.11547,0.17384,0.0289733,0.04346,0,0,0.0144867,0,0
21120,21146,21133,14.3,170.084,-45.053,134.113,-47.802,400.083,19.3741,4.64346,277.067,0.179005,0.00174447,4.2206,3.64853,3.40699,2.65694,2.05945,2.23742,0.978873,0.114414,0.0127126,0.0254253,0.0127126,0,0,0,0
21147,21173,21160,14.2,170.09,-45.0529,136.139,-47.3746,399.129,20.658,5.10479,308.905,0.181538,0.00203416,4.40209,3.8452,3.60653,2.62534,2.53253,2.36015,0.954669,0.198889,0.0928151,0.0397779,0,0,0,0,0
21174,21199,21186,14.1,170.096,-45.0524,138.282,-46.6277,398.662,20.9523,4.99011,302.997,0.182158,0.00190286,4.32446,4.43409,3.7032,2.86267,2.24141,2.13177,1.02325,0.121816,0.0487263,0.0487263,0,0.0121816,0,0,0
21200,21225,21212,14,170.102,-45.0518,140.378,-46.5467,397.099,19.8153,4.44099,247.733,0.16735,0.00156593,4.51371,4.24897,3.21651,2.62086,2.07816,2.19729,0.807438,0.0926568,0.03971,0,0,0,0,0,0
21226,21252,21239,13.9,170.109,-45.0516,142.483,-46.0469,396.283,18.6081,4.47695,273.587,0.18333,0.00180472,4.41486,3.81891,2.89459,2.38378,1.89729,1.95811,0.985134,0.109459,0.0972972,0.0486486,0,0,0,0,0
21253,21278,21266,13.8,170.116,-45.0516,144.699,-45.8824,394.824,18.8548,4.45142,276.545,0.186375,0.00168198,4.23065,3.97807,3.28349,2.44999,1.7554,2.18478,0.782985,0.063144,0.063144,0.0378864,0.0252576,0,0,0,0
21279,21306,21292,13.7,170.124,-45.0518,146.906,-46.6146,391.86,20.6195,4.67367,285.419,0.183209,0.00176125,4.7679,4.7566,3.44599,2.80199,1.80774,2.0337,0.734392,0.124282,0.0564917,0.0790884,0.0112983,0,0,0,0
21307,21332,21320,13.6,170.131,-45.0521,149.164,-46.8046,389.823,24.4706,5.21097,306.88,0.176673,0.00178414,6.18997,5.29329,4.3243,3.45655,2.12599,2.06814,0.809903,0.0723127,0.0723127,0.0289251,0.0289251,0,0,0,0
21333,21358,21346,13.5,170.137,-45.0526,151.418,-46.84,388.095,24.3413,4.78281,248.684,0.155986,0.00145743,6.27239,5.74704,4.15506,3.00884,2.48349,1.95813,0.620872,0.0477594,0.0477594,0,0,0,0,0,0
21359,21385,21372,13.4,170.144,-45.0531,153.779,-46.8143,386.433,23.8151,4.7157,247.431,0.157409,0.00147276,6.08964,5.49826,4.37942,2.98888,2.14176,1.90201,0.639332,0.159833,0.0159833,0,0,0,0,0,0
21386,21412,21399,13.3,170.151,-45.0535,156.12,-46.845,384.71,22.323,4.66482,268.972,0.172979,0.00165743,5.9115,5.09515,3.81433,2.85723,1.9705,1.689,0.717825,0.14075,0.0563,0.070375,0,0,0,0,0
21413,21440,21426,13.2,170.158,-45.0543,158.55,-46.6212,383.399,20.6756,3.99635,213.26,0.160091,0.00125174,5.54814,4.93012,3.80644,2.42994,1.8962,1.3765,0.561837,0.0561837,0.0421377,0.0280918,0,0,0,0,0
21441,21468,21454,13.1,170.164,-45.055,160.989,-46.0222,382.736,19.8958,4.18047,247.277,0.177451,0.00145317,5.04117,4.65132,3.60276,2.50042,1.69383,1.54596,0.64527,0.107545,0.0537725,0.0403293,0,0,0.0134431,0,0
21469,21496,21482,13,170.171,-45.0555,163.437,-45.737,381.57,19.261,3.88329,216.36,0.167147,0.00131377,5.47049,4.56994,2.97046,2.25809,1.65324,1.66668,0.456994,0.147851,0.026882,0.040323,0,0,0,0,0
21497,21523,21510,12.9,170.177,-45.0561,166.017,-46.4633,378.653,18.5216,3.70479,202.052,0.163614,0.00122524,5.05996,4.20762,3.26056,2.32704,1.50175,1.46117,0.554702,0.0676466,0.0676466,0.0135293,0,0,0,0,0
21524,21551,21538,12.8,170.185,-45.0569,168.544,-46.563,376.855,18.199,3.90481,248.125,0.19063,0.00141492,4.94862,4.11033,3.17739,2.42023,1.39265,1.298,0.567875,0.108167,0.121687,0.0135208,0.0270417,0.0135208,0,0,0
21552,21579,21566,12.7,170.193,-45.058,171.121,-46.8485,374.755,18.1224,3.52365,195.399,0.166361,0.00111395,5.0889,4.01969,3.43771,2.40911,1.32636,1.16395,0.554907,0.0541372,0.0406029,0.0135343,0.0135343,0,0,0,0
21580,21607,21594,12.6,170.2,-45.0595,173.739,-46.8977,373.048,17.0053,3.67294,207.852,0.16977,0.00132675,4.58427,3.60293,2.74776,2.08886,1.50005,1.62622,0.68694,0.0841151,0.0841151,0,0,0,0,0,0
21608,21635,21622,12.5,170.207,-45.0615,176.435,-46.8574,371.482,17.4695,4.39865,283.784,0.193549,0.00181175,4.00939,3.34115,2.99113,2.05242,1.90923,1.82968,1.03417,0.206833,0.0318205,0.0477308,0,0,0.0159103,0,0
21636,21664,21650,12.4,170.213,-45.0638,179.175,-47.2823,369.149,14.1422,4.28414,298.747,0.209199,0.00198018,2.23473,2.51824,2.23473,1.86784,1.73442,2.08464,1.06734,0.23348,0.11674,0.0166771,0.0333542,0,0,0,0
21667,21693,21680,12.3,170.219,-45.066,181.975,-47.6479,366.929,15.0362,4.63038,312.497,0.202465,0.00213334,2.43706,2.43706,2.13051,1.93125,1.86995,2.59033,1.36414,0.168602,0.0459823,0.0459823,0,0.0153274,0,0,0
21694,21722,21708,12.2,170.225,-45.0679,184.777,-47.4567,365.632,13.4719,4.54568,329.173,0.217243,0.00231234,2.09972,1.90047,1.9158,1.90047,1.63992,2.08439,1.41003,0.306528,0.153264,0.0459792,0,0,0.0153264,0,0
21723,21752,21738,12.1,170.231,-45.0696,187.566,-47.4733,364.049,11.1894,3.63983,248.712,0.204992,0.0018242,1.86038,1.65669,1.58879,1.37152,1.35794,1.71101,1.29005,0.24443,0.0814766,0.0271589,0,0,0,0,0
21753,21782,21768,12,170.238,-45.0713,190.641,-47.4322,362.424,12.5045,4.0258,295.819,0.220443,0.00208719,2.30388,2.17677,1.82721,1.54121,1.30288,1.68421,1.06455,0.333665,0.206554,0.0476664,0,0.0158888,0,0,0
21783,21812,21798,11.9,170.245,-45.0726,193.507,-48.7377,358.798,14.7687,4.07449,266.594,0.19629,0.00185825,3.19093,2.45674,2.47086,1.73666,1.73666,1.68018,1.1013,0.282383,0.0564767,0.0564767,0,0,0,0,0
21813,21843,21828,11.8,170.252,-45.0737,196.322,-48.6593,357.445,15.0447,4.59068,332.287,0.217149,0.00221665,3.26684,2.3703,2.07555,1.85449,1.6457,2.18608,1.08076,0.343878,0.147376,0.0368441,0.0122814,0.0245627,0,0,0
21844,21873,21858,11.7,170.26,-45.0751,199.469,-48.3137,356.371,11.7403,3.88003,269.374,0.208278,0.00198774,1.96688,1.66193,1.79916,1.46372,1.20452,1.93638,1.18927,0.396425,0.0914826,0.0304942,0,0,0,0,0
21874,21904,21889,11.6,170.267,-45.0761,202.48,-48.0162,355.322,12.2232,3.62471,243.836,0.201811,0.0017719,2.56555,2.12322,1.7546,1.44497,1.10584,1.71037,1.12059,0.250658,0.132701,0.0147446,0,0,0,0,0
21905,21933,21919,11.5,170.275,-45.0769,205.541,-47.6814,354.321,11.3716,4.00356,293.544,0.219962,0.00220455,1.98502,1.61572,1.60033,1.29257,1.16947,1.72343,1.44645,0.261592,0.230817,0.0461633,0,0,0,0,0
21935,21965,21950,11.4,170.283,-45.0777,208.811,-47.7157,352.681,18.6187,4.69053,298.74,0.19107,0.00195662,4.21529,3.51512,3.04358,2.64349,1.88616,1.8433,1.10026,0.242915,0.0714456,0.0428673,0.0142891,0,0,0,0
21966,21996,21981,11.3,170.291,-45.0788,212.033,-48.3319,350.176,32.1176,6.60979,370.15,0.168001,0.00207668,7.98574,7.0808,5.55668,4.66761,3.00061,2.8736,0.762059,0.111134,0.0317524,0.0158762,0.0158762,0.0158762,0,0,0
21997,22028,22012,11.2,170.298,-45.0797,215.272,-48.315,348.692,30.7125,6.53334,372.618,0.1711,0.00215294,6.97427,6.37402,6.0739,4.61616,3.07268,2.38669,0.971824,0.142915,0.0428746,0.0285831,0.0285831,0,0,0,0
22029,22061,22045,11.1,170.305,-45.0808,218.513,-48.7913,346.474,14.9896,4.26693,279.245,0.196332,0.00197243,2.75408,2.68236,2.26638,2.18031,1.7213,1.8504,1.1045,0.229507,0.186474,0.0143442,0,0,0,0,0
22062,22093,22078,11,170.312,-45.0818,222.021,-49.559,343.721,12.7145,3.92455,271.618,0.20763,0.00197789,2.79244,2.18345,1.41107,1.60417,1.12886,1.7527,1.51505,0.178241,0.0891205,0.0594137,0,0,0,0,0
22095,22126,22110,10.9,170.32,-45.082,225.328,-50.6719,340.563,13.0791,3.91455,265.225,0.203261,0.00190157,2.63905,1.89215,2.19091,1.67638,1.37762,1.62658,1.31123,0.215771,0.0995868,0.0497934,0,0,0,0,0
22127,22158,22142,10.8,170.327,-45.0817,228.831,-50.8473,338.796,12.6651,3.47892,236.666,0.204085,0.00161993,3.01138,2.5359,1.59935,1.5129,1.3544,1.26795,1.0086,0.244945,0.0864512,0.0288171,0.0144085,0,0,0,0
22161,22191,22176,10.7,170.337,-45.0818,232.431,-50.6985,337.518,13.009,3.9272,275.476,0.210437,0.00193785,3.02905,2.10439,1.91308,1.22756,1.2435,1.70583,1.38698,0.302905,0.0318847,0.0478271,0.0159424,0,0,0,0
22194,22225,22210,10.6,170.347,-45.0831,236.058,-50.3961,336.489,13.3089,3.90983,275.002,0.211008,0.00193653,3.37343,2.37218,1.72522,1.2169,1.24771,1.58659,1.38634,0.261864,0.0770189,0.0462113,0.0154038,0,0,0,0
22226,22258,22242,10.5,170.357,-45.0855,239.68,-51.3463,333.589,13.4663,3.85942,266.684,0.207298,0.00185314,3.10317,2.62687,1.76087,1.54437,1.11137,1.83304,1.05363,0.2598,0.1299,0.0288667,0.0144333,0,0,0,0
22259,22290,22274,10.4,170.367,-45.0882,243.547,-52.9676,329.645,12.759,3.39006,224.281,0.198475,0.00157379,3.04648,2.63928,1.91536,1.49308,0.904895,1.478,0.919977,0.226224,0.0904895,0.0452448,0,0,0,0,0
22292,22325,22308,10.3,170.378,-45.0901,247.448,-55.1368,324.922,11.7937,2.98896,199.334,0.20007,0.00133277,2.97677,2.7358,1.70101,1.17653,0.963907,1.11983,0.793806,0.240977,0.0425253,0.0283502,0.0141751,0,0,0,0
22326,22357,22342,10.2,170.388,-45.0917,251.186,-55.3133,323.272,13.3629,3.49256,228.307,0.196108,0.00152769,3.26715,2.31055,2.28112,1.54527,1.23622,1.44225,1.0449,0.117735,0.0883013,0.0147169,0.0147169,0,0,0,0
22358,22394,22376,10.1,170.399,-45.0935,255.292,-55.1797,321.966,14.4666,4.49197,305.115,0.203774,0.00224951,2.74508,2.47057,1.96273,1.82548,1.48234,1.81175,1.63332,0.439212,0.0686269,0.0274508,0,0,0,0,0
22395,22427,22411,10,170.408,-45.0956,259.312,-54.4655,321.586,14.6545,4.65433,316.02,0.203694,0.00230996,2.99591,1.90777,1.87951,1.83712,1.78059,2.14801,1.6534,0.353291,0.0565266,0.042395,0,0,0,0,0
22428,22462,22445,9.9,170.416,-45.0974,263.332,-53.6439,321.382,15.3444,4.40512,289.097,0.196883,0.00207973,3.26387,2.55741,2.47263,1.61074,1.73791,1.80855,1.42706,0.395621,0.042388,0.0282586,0,0,0,0,0
22463,22495,22479,9.8,170.424,-45.099,267.516,-52.9645,320.928,14.7646,4.79548,343.911,0.215147,0.00252689,2.84416,2.35619,2.10524,1.71486,1.64515,1.89611,1.49179,0.474027,0.153362,0.0836519,0,0,0,0,0
22496,22528,22512,9.7,170.431,-45.1002,271.646,-53.0994,319.324,12.8232,3.75051,251.478,0.201155,0.00181918,2.65452,2.44385,1.81182,1.44664,1.1517,1.72755,1.16574,0.308992,0.0842705,0.0280902,0,0,0,0,0
22529,22561,22545,9.6,170.438,-45.1003,275.906,-53.1247,317.874,12.6782,3.84622,264.925,0.206638,0.00195427,2.75297,2.23135,1.73872,1.57934,1.01425,1.43444,1.39097,0.463658,0.0289786,0.043468,0,0,0,0,0
22562,22594,22578,9.5,170.445,-45.1002,280.281,-52.5003,317.35,13.1342,4.21992,306.927,0.218199,0.0022145,2.71606,2.2437,1.62701,1.66637,1.33835,1.58765,1.2465,0.524842,0.118089,0.0524842,0.013121,0,0,0,0
22595,22627,22611,9.4,170.452,-45.1001,284.745,-51.7421,317.006,10.9667,3.16393,211.64,0.200674,0.00151241,2.28472,1.95833,1.65805,1.34472,1.0575,1.38389,0.874721,0.339444,0.0261111,0.0391666,0,0,0,0,0
22628,22659,22644,9.3,170.459,-45.1,289.156,-51.0112,316.651,11.8825,3.62025,252.619,0.209338,0.00184856,2.46213,2.19451,1.68603,1.3515,1.07049,1.51207,1.09726,0.334529,0.133812,0.0401435,0,0,0,0,0
22660,22691,22676,9.2,170.465,-45.0996,293.569,-50.1241,316.546,12.1221,3.56782,241.818,0.203333,0.00176306,2.61667,2.34966,1.56199,1.48189,1.00128,1.38844,1.33504,0.307058,0.0400511,0.0400511,0,0,0,0,0
22693,22724,22708,9.1,170.47,-45.099,298.443,-49.5425,315.886,11.8664,3.56865,237.42,0.199588,0.00174834,2.28301,1.93791,1.85827,1.55298,1.14151,1.42025,1.20787,0.3982,0.0663666,0,0,0,0,0,0
22725,22766,22746,9,170.475,-45.0976,302.948,-49.2267,314.983,12.5785,3.61694,239.47,0.198623,0.00172568,2.72786,2.25301,1.71754,1.54579,1.2629,1.51548,1.20228,0.242477,0.0909288,0.0202064,0,0,0,0,0
22767,22807,22787,8.9,170.481,-45.0956,307.659,-48.7695,314.228,11.11,3.2929,220.32,0.200723,0.00158331,2.17259,1.97695,1.66805,1.24589,1.17381,1.46212,1.06055,0.298602,0.0102966,0.0411865,0,0,0,0,0
22808,22847,22828,8.8,170.488,-45.094,312.304,-48.4023,313.401,8.41695,2.45192,162.443,0.198754,0.00116029,1.77256,1.39195,1.12009,1.18533,0.826471,1.09834,0.826471,0.119621,0.0543731,0.0217492,0,0,0,0,0
22848,22884,22866,8.7,170.494,-45.0929,317.165,-47.9803,312.61,8.60351,2.20378,135.462,0.184404,0.000941669,2.05843,1.57772,1.34353,0.936772,0.949098,0.949098,0.603971,0.160237,0.0246519,0,0,0,0,0,0
