api/data/B2SAP/Locations/Lauder/NOAA-POPS-B2SAP_GMLBalloon_20200127_R0.ict
61,1001
Thornberry, T. D.
NOAA Chemical Sciences Laboratory
Portable Optical Particle Spectrometer (POPS)
Balloon Baseline Stratospheric Aerosol Profiles (B2SAP)
1,1
2020,01,27,2024,05,28
0
TIME_START,s,Seconds since midnight UTC on flight start day,Start time of 100 m altitude bin in UTC_seconds_since_midnight
28
1.0,1.0,1.0,1.0,1.0,1.0,1.0,1.0,1.0,1.0,1.0,1.0,1.0,1.0,1.0,1.0,1.0,1.0,1.0,1.0,1.0,1.0,1.0,1.0,1.0,1.0,1.0,1.0
99999,99999,99999,99999,99999,99999,99999,99999,99999,99999,99999,99999,99999,99999,99999,99999,99999,99999,99999,99999,99999,99999,99999,99999,99999,99999,99999,99999
TIME_STOP,s,End time of 100 m altitude bin in UTC seconds since midnight,
TIME_MID,s,Mid time of 100 m altitude in UTC seconds since midnight,
GPSAlt,m,GPS reported altitude above sea level (m),
GPS_Lon,deg,GPS reported longitude,
GPS_Lat,deg,GPS reported latitude,
iMet_Pressure,mb,Pressure reported (mB),
iMet_Temperature,degrees C,Ambient temperature (oC),
THETA,K,Potential temperature from iMet,
Aerosol_concentration,cm^-3,Aerosol concentration,
Surface_Area_Conc,um^2 cm^-3,Surface area concentration,
Volume_density,um^3 cm^-3,Volume density,
Effective_radius,um,Effective radius,
Extinction,km^-1,Extinction,
Bin01,cm^-3,particle concentration in size range [140 - 170 nm],
Bin02,cm^-3,particle concentration in size range [170 - 205 nm],
Bin03,cm^-3,particle concentration in size range [205 - 249 nm],
Bin04,cm^-3,particle concentration in size range [249 - 302 nm],
Bin05,cm^-3,particle concentration in size range [302 - 366 nm],
Bin06,cm^-3,particle concentration in size range [366 - 443 nm],
Bin07,cm^-3,particle concentration in size range [443 - 537 nm],
Bin08,cm^-3,particle concentration in size range [537 - 651 nm],
Bin09,cm^-3,particle concentration in size range [651 - 789 nm],
Bin10,cm^-3,particle concentration in size range [789 - 956 nm],
Bin11,cm^-3,particle concentration in size range [956 - 1159 nm],
Bin12,cm^-3,particle concentration in size range [1159 - 1404 nm],
Bin13,cm^-3,particle concentration in size range [1404 - 1702 nm],
Bin14,cm^-3,particle concentration in size range [1702 - 2062 nm],
Bin15,cm^-3,particle concentration in size range [2062 - 2500 nm],
0
19
PI_CONTACT_INFO: 325 Broadway R/CSL6, Boulder, CO 80305; troy.thornberry@noaa.gov; 303-497-3373 
PLATFORM: GML ECC/FPH balloon
LOCATION: Lauder, NZ
ASSOCIATED_DATA: N/A
INSTRUMENT_INFO: Printed Optical Particle Spectrometer counts particles from 140 - 2500 nm in diameter 
DATA_INFO: Particle concentrations reported in number per cubic centimeter, binned to 100 m altitude
UNCERTAINTY: Counting uncertainty dominated by air flow, less than 5 percent
ULOD_FLAG: -77777
ULOD_VALUE: 3000 ~3000 per cm3 (varies depending on flow rate- manufacturer quotes 1250  per cm3 at 1.667 cc/s)
LLOD_FLAG: -88888
LLOD_VALUE: 0 0 (varies depending on data field and measurement precision)
DM_CONTACT_INFO: Troy Thornberry, 325 Broadway R/CSL6, Boulder, CO 80305; troy.thornberry@noaa.gov; 303-497-3373
PROJECT_INFO: B2SAP Lauder, NZ
STIPULATIONS_ON_USE: Please contact the PIs for questions regarding applications and uncertainties
OTHER_COMMENTS: POPS bin Edges (nm):  140, 170, 205, 249, 302, 366, 443, 537, 651, 789, 956, 1159, 1404, 1702, 2062, 2500
Calculations assume sulfate refractive index of 1.45+0.00j and extinction wavelength = 532 nm
REVISION: R0
R0: QA/QC data
TIME_START,TIME_STOP,TIME_MID,GPSAlt,GPS_Lon,GPS_Lat,iMet_Pressure,iMet_Temperature,THETA,Aerosol_concentration,Surface_Area_Conc,Volume_density,Effective_radius,Extinction,Bin01,Bin02,Bin03,Bin04,Bin05,Bin06,Bin07,Bin08,Bin09,Bin10,Bin11,Bin12,Bin13,Bin14,Bin15
79727,79729,79728,0.4,169.683,-45.0375,969.223,22.98,298.784,165.178,63.2673,4707.03,0.223198,0.0356266,18.8499,25.254,22.1124,19.3332,21.2665,21.7499,26.3415,8.21662,1.32916,0.604163,0.120833,0,0,0,0
80611,80612,80612,4.2,169.771,-45.0475,607.12,-5.365,308.826,7.15033,3.98674,339.649,0.255584,0.00278826,0.193252,1.15951,0.386504,0.579756,0.96626,0.96626,1.93252,0.386504,0.579756,0,0,0,0,0,0
80625,80639,80632,4.3,169.777,-45.0485,600.217,-5.75667,309.381,11.225,6.46059,548.699,0.254791,0.00451341,0.516094,0.77414,0.38707,1.6773,1.93535,1.29023,2.70949,1.16121,0.77414,0,0,0,0,0,0
80643,80643,80643,4.4,169.781,-45.049,596.1,-5.69,310.065,15.8659,8.46043,748.702,0.265484,0.00588339,0.773948,1.5479,2.32184,2.70882,1.16092,1.5479,3.09579,1.93487,0.386974,0.386974,0,0,0,0,0
80881,80881,80881,5.4,169.852,-45.0571,518.48,-11.1,316.15,26.3743,10.6336,764.275,0.215621,0.00598942,1.57459,3.93647,2.75553,3.93647,4.33012,3.14918,4.72376,1.96823,0,0,0,0,0,0,0
80886,80886,80886,5.5,169.853,-45.0573,516.81,-11.27,316.235,30.7244,15.919,1283.12,0.24181,0.0102478,1.18171,1.57561,0,7.09024,7.09024,4.33293,5.12073,2.75732,1.57561,0,0,0,0,0,0
80987,80992,80990,6,169.888,-45.0623,479.26,-14.92,318.62,28.6657,14.8304,1214.49,0.245675,0.00965439,0.597202,1.39347,3.78228,4.77762,4.37948,4.37948,5.37482,2.78694,0.995337,0.199067,0,0,0,0,0
80994,80994,80994,6.1,169.89,-45.0625,477.71,-14.99,318.828,21.1069,10.0534,739.649,0.220715,0.00588554,0,1.59297,1.19473,4.38067,3.58418,3.58418,5.17716,1.59297,0,0,0,0,0,0,0
81015,81021,81018,6.2,169.9,-45.0632,469.795,-15.925,319.19,29.9768,16.6447,1477.46,0.266294,0.01073,0.999226,1.79861,2.39814,3.9969,5.59566,5.39582,5.19597,3.59721,0.39969,0.39969,0.199845,0,0,0,0
81028,81028,81028,6.3,169.903,-45.0637,466.04,-16.4,319.331,32.0344,17.5252,1700.52,0.291098,0.0111208,1.60172,2.80301,1.60172,6.80731,5.60602,4.40473,5.60602,1.60172,0.80086,0.80086,0.40043,0,0,0,0
81046,81061,81054,6.4,169.913,-45.0641,456.36,-17.7233,319.605,28.0411,18.0066,1861.86,0.310197,0.0123265,1.61002,2.01252,2.14669,3.75671,3.89088,4.29338,5.09839,2.54919,1.74419,0.402504,0.536672,0,0,0,0
81066,81073,81070,6.5,169.918,-45.0642,451.007,-18.3267,319.924,27.7041,16.0426,1463.05,0.273594,0.0110227,0.672429,2.15177,2.8242,3.63112,4.84149,3.36214,5.37943,2.95869,1.34486,0.403457,0.134486,0,0,0,0
81088,81095,81092,6.6,169.926,-45.0646,443.187,-19.43,320.131,23.9888,14.4735,1325.51,0.274745,0.0104232,1.34768,1.07815,1.61722,4.31259,2.9649,3.36921,4.71689,2.5606,1.34768,0.673842,0,0,0,0,0
81100,81112,81106,6.7,169.932,-45.0649,438.23,-20.0533,320.371,23.6425,12.9736,1176.19,0.271982,0.00912337,1.4861,3.5126,0.945701,3.3775,3.2424,3.2424,3.9179,2.1616,1.0808,0.6755,0,0,0,0,0
81117,81130,81124,6.8,169.938,-45.0652,432.998,-20.5633,320.829,23.799,12.8315,1133.02,0.264901,0.00858659,1.35222,1.82549,1.8931,3.85382,3.71859,3.38054,3.98904,2.56921,0.743719,0.405665,0.0676108,0,0,0,0
81135,81150,81142,6.9,169.945,-45.0657,427.029,-21.3189,321.143,25.3623,14.117,1263.21,0.268444,0.00956343,1.08502,1.71795,1.94399,4.61133,3.93319,3.79756,3.66194,3.07422,1.08502,0.361673,0.0904182,0,0,0,0
81153,81168,81160,7,169.952,-45.0662,421.015,-22.2133,321.3,23.1347,13.011,1126.62,0.259768,0.0089654,1.27041,1.27041,1.93904,3.41003,3.14258,3.4769,4.61358,2.87513,0.735498,0.401181,0,0,0,0,0
81171,81186,81178,7.1,169.959,-45.0667,415.487,-23.0678,321.414,25.2608,14.7344,1314.11,0.267561,0.0102221,1.13379,1.95011,1.4966,3.80952,3.58277,3.53742,4.5805,3.80952,1.04308,0.226757,0.090703,0,0,0,0
81188,81203,81196,7.2,169.966,-45.0677,410.527,-23.7778,321.601,24.471,13.4039,1150.49,0.257498,0.00916428,0.821788,2.05447,2.19143,3.83501,3.33281,3.65239,4.38287,2.87626,1.00441,0.319584,0,0,0,0,0
81206,81222,81214,7.3,169.974,-45.0688,404.686,-24.5522,321.923,24.1994,14.3904,1327.1,0.276664,0.0102012,1.32662,2.19579,1.73833,3.6139,2.47026,3.33943,4.39158,3.56816,1.05215,0.411711,0.0457456,0.0457456,0,0,0
81228,81242,81235,7.4,169.983,-45.07,398.674,-25.3892,322.216,20.5403,11.4385,1019.45,0.267373,0.00794945,1.58267,1.61708,1.51386,3.02772,2.78688,2.61485,3.44059,2.71807,0.963365,0.240841,0,0,0.0344059,0,0
81243,81257,81250,7.5,169.989,-45.0711,393.329,-26.2156,322.379,20.3101,11.1802,979.841,0.262922,0.00766337,1.01091,1.70017,1.70017,3.30843,2.75703,2.75703,3.07868,2.94083,0.827108,0.183802,0.0459504,0,0,0,0
81259,81276,81268,7.6,169.996,-45.0721,388.179,-26.9536,322.626,19.3656,11.913,1139.19,0.286877,0.00851751,1.12008,1.76854,1.00218,3.12443,2.38753,2.0633,3.59604,2.88862,0.913748,0.383185,0.0884272,0,0.0294757,0,0
81277,81294,81286,7.7,170.003,-45.073,382.489,-27.7017,323.004,21.3595,14.0417,1431.9,0.305923,0.0103266,1.00231,1.45162,1.14056,2.97236,2.3848,3.17973,4.00923,3.42167,1.41705,0.345623,0,0,0,0,0.0345623
81295,81316,81306,7.8,170.011,-45.0741,377.107,-28.3727,323.437,20.4705,13.5315,1268.88,0.281318,0.0100644,0.862208,1.36284,1.33503,2.1138,2.7535,2.61444,4.2276,3.39321,1.39066,0.361571,0.0556263,0,0,0,0
81318,81341,81330,7.9,170.021,-45.0757,371.559,-29.1759,323.74,18.9274,12.9779,1257.98,0.290796,0.00956816,0.612934,1.10328,0.858108,2.62336,2.28011,2.79498,3.75116,3.18726,1.17683,0.416795,0.0980694,0.0245174,0,0,0
81346,81364,81355,8,170.031,-45.0775,366.147,-29.8644,324.179,11.6212,7.74448,730.717,0.28306,0.00571489,0.510313,0.64949,0.835058,1.36857,1.13661,1.48455,2.82992,1.94847,0.556706,0.255157,0.0463921,0,0,0,0
81366,81385,81376,8.1,170.04,-45.0791,361.456,-30.325,324.757,9.22825,6.10399,581.813,0.28595,0.00458448,0.488144,0.720594,0.557879,1.06927,1.09251,1.06927,1.83635,1.55741,0.581124,0.23245,0.023245,0,0,0,0
81386,81404,81395,8.2,170.048,-45.0807,356.312,-31.0393,325.137,5.94256,4.12503,400.527,0.29129,0.00304041,0.112124,0.392433,0.392433,0.728804,0.728804,0.700773,1.14927,1.26139,0.364402,0.0560619,0.0560619,0,0,0,0
81405,81422,81414,8.3,170.056,-45.0825,351.522,-31.7947,325.379,6.01461,4.05844,390.369,0.288561,0.0031426,0.542301,0.493001,0.22185,0.764151,0.369751,0.764151,1.15855,1.10925,0.394401,0.1972,0,0,0,0,0
81423,81445,81434,8.4,170.064,-45.0849,346.547,-32.6273,325.577,6.10696,4.51152,447.634,0.297661,0.00347716,0.190842,0.381685,0.419853,0.591611,0.591611,0.744285,1.20231,1.35498,0.438938,0.152674,0.0381685,0,0,0,0
81446,81463,81454,8.5,170.073,-45.087,341.593,-33.6433,325.535,6.8307,5.17244,510.237,0.295936,0.00398769,0.395164,0.254034,0.14113,0.705651,0.649199,0.875007,1.43953,1.83469,0.310486,0.197582,0,0,0.028226,0,0
81464,81484,81474,8.6,170.081,-45.0891,336.615,-34.5085,325.724,7.58456,5.12071,489.373,0.286702,0.00386286,0.402533,0.57202,0.254231,1.18641,0.593206,0.932181,1.63132,1.33471,0.46609,0.190673,0.0211859,0,0,0,0
81485,81506,81496,8.7,170.09,-45.0914,331.51,-35.3286,326.03,9.58996,6.56572,626.069,0.286063,0.00487705,0.501688,0.656054,0.443801,1.04197,0.84901,1.15774,2.46985,1.75591,0.501688,0.154366,0.0578871,0,0,0,0
81507,81527,81517,8.8,170.1,-45.0936,326.847,-35.9933,326.434,13.9485,9.89083,961.868,0.291745,0.00757134,0.935324,0.813325,0.528661,1.44365,1.28099,1.89098,3.0703,2.72464,0.752326,0.467662,0.0406662,0,0,0,0
81528,81552,81540,8.9,170.111,-45.0961,322.491,-36.7124,326.691,15.9959,11.1497,1062.71,0.28594,0.00843784,0.92383,0.75275,0.735642,1.77923,1.62526,2.12139,3.49002,3.2334,0.92383,0.359267,0.0513239,0,0,0,0
81553,81575,81564,9,170.121,-45.0984,317.693,-37.6309,326.818,18.1122,13.16,1278.83,0.291528,0.0102785,1.10394,1.0291,0.860702,1.68398,1.64656,2.41371,3.64863,3.68605,1.55301,0.449062,0.0374218,0,0,0,0
81576,81596,81586,9.1,170.13,-45.1012,313.201,-38.1986,327.367,20.7607,15.3084,1468.69,0.287821,0.0119651,1.14542,0.818157,0.879519,1.90222,2.12721,2.41356,4.76577,4.6635,1.49314,0.531802,0.0204539,0,0,0,0
81597,81615,81606,9.2,170.139,-45.1038,308.675,-38.7889,327.903,20.2951,14.9888,1469.38,0.294095,0.0116404,0.976161,1.18047,0.794549,2.20204,1.6572,2.47445,4.8581,4.01815,1.45289,0.612938,0.0681042,0,0,0,0
81616,81634,81625,9.3,170.148,-45.1069,304.373,-39.0668,328.826,20.8004,15.0328,1456.01,0.290567,0.0116241,1.22489,1.27025,0.907324,1.63318,2.42709,2.13221,4.80882,4.40052,1.42904,0.499028,0.0680493,0,0,0,0
81635,81654,81644,9.4,170.157,-45.1104,300.12,-39.4675,329.583,17.8813,12.8556,1242.3,0.289904,0.00973745,1.03285,0.839195,0.731606,1.52776,1.8075,2.43151,4.58329,3.24919,1.24803,0.344285,0.0430356,0.0215178,0.0215178,0,0
81655,81670,81662,9.5,170.166,-45.1136,295.631,-40.2775,329.868,17.4727,12.1142,1129.54,0.279721,0.00929952,1.18277,0.833315,0.618266,1.8548,1.69351,2.17737,4.19345,3.30638,1.29029,0.322573,0,0,0,0,0
81671,81689,81680,9.6,170.174,-45.1168,291.059,-40.8721,330.489,15.3209,11.3148,1079.36,0.286183,0.00878299,0.732839,0.893148,0.36642,1.25957,1.32827,2.38173,3.45809,3.45809,1.07636,0.343519,0.0229012,0,0,0,0
81690,81707,81698,9.7,170.182,-45.1203,286.903,-41.7168,330.64,15.6085,11.949,1199.67,0.301198,0.00940436,1.27602,0.63801,0.592438,1.38995,1.04816,1.98239,3.37234,3.50905,1.27602,0.432935,0.0911443,0,0,0,0
81709,81722,81716,9.8,170.189,-45.1231,282.86,-42.6071,330.706,15.2605,11.6407,1166.08,0.300518,0.00901608,0.685166,0.654022,0.56059,1.65063,1.12118,2.39808,3.51926,3.0521,0.934317,0.622878,0.0311439,0,0.0311439,0,0
81723,81736,81730,9.9,170.195,-45.1255,278.741,-43.5707,330.715,13.4655,10.2374,1024.33,0.300173,0.00792292,0.466473,0.715258,0.621964,1.6482,1.18173,1.43052,2.73664,3.10982,1.27503,0.155491,0.124393,0,0,0,0
81737,81752,81744,10,170.202,-45.128,274.618,-44.3719,330.963,13.3586,9.86302,941.993,0.286523,0.00765286,0.465362,0.602233,0.547484,1.45083,1.28659,1.56033,3.06591,3.14803,0.930723,0.273742,0.0273742,0,0,0,0
81753,81767,81760,10.1,170.209,-45.1302,270.422,-45.2,331.215,12.5095,9.00273,882.878,0.294203,0.00683495,0.847609,0.55533,0.672242,1.13989,1.19834,1.34448,3.21507,2.39669,0.789153,0.263051,0.0876837,0,0,0,0
81768,81784,81776,10.2,170.215,-45.1321,266.69,-45.9958,331.372,12.1215,8.86324,859.129,0.290795,0.00697348,0.878899,0.659174,0.549312,0.988761,0.988761,1.57469,2.49021,2.85642,0.695795,0.43945,0,0,0,0,0
81785,81799,81792,10.3,170.224,-45.1341,262.417,-46.7987,331.735,10.7007,7.51993,712.989,0.28444,0.00580324,0.713382,0.466442,0.439005,1.12495,1.17982,1.12495,2.66147,1.97552,0.713382,0.301816,0,0,0,0,0
81801,81815,81808,10.4,170.231,-45.1356,258.512,-47.626,331.938,10.746,7.87659,766.102,0.291789,0.00608255,0.444049,0.35524,0.621669,1.12493,1.15453,1.50977,2.33866,1.98342,0.888099,0.296033,0.0296033,0,0,0,0
81816,81829,81822,10.5,170.238,-45.137,254.839,-48.2371,332.391,10.2762,7.20809,688.67,0.286624,0.00544996,0.569143,0.474286,0.569143,0.664,1.45448,1.39124,2.40305,1.80229,0.664,0.252952,0.031619,0,0,0,0
81830,81843,81836,10.6,170.244,-45.1387,250.639,-49.0236,332.809,8.56695,6.08247,593.665,0.292808,0.00470933,0.955422,0.350322,0.445864,0.573253,0.764338,1.14651,1.49683,2.10193,0.477711,0.222932,0.0318474,0,0,0,0
81844,81859,81852,10.7,170.251,-45.1408,246.904,-49.725,333.196,9.87862,6.85839,659.128,0.288316,0.00536695,0.832468,0.804719,0.305238,0.998961,0.915715,0.998961,2.05342,1.94242,0.749221,0.277489,0,0,0,0,0
81859,81874,81866,10.8,170.258,-45.1429,242.971,-50.5933,333.424,9.01168,6.3547,612.436,0.289126,0.00486979,0.47744,0.5968,0.32824,0.92504,0.77584,1.52184,1.96944,1.58152,0.4476,0.38792,0,0,0,0,0
81874,81891,81882,10.9,170.265,-45.1456,239.534,-51.3188,333.688,10.4585,7.44893,716.336,0.288499,0.0057106,0.661929,0.608975,0.317726,1.165,0.794315,1.64158,1.95931,2.46238,0.529543,0.291249,0.0264772,0,0,0,0
81891,81907,81899,11,170.273,-45.1485,235.613,-52.1631,333.998,9.62431,6.37929,599.931,0.282131,0.00486963,0.790266,0.564475,0.479804,1.32652,0.620923,1.21362,2.20145,1.46764,0.733818,0.22579,0,0,0,0,0
81909,81925,81917,11.1,170.28,-45.1514,232.171,-52.4159,335.02,10.2291,6.92092,665.936,0.288662,0.00516986,0.766521,0.555067,0.60793,1.05727,1.03084,1.163,2.37886,1.87665,0.502203,0.237886,0.0528635,0,0,0,0
81926,81944,81935,11.2,170.289,-45.1547,228.401,-52.9615,335.756,10.1604,7.36961,708.336,0.288347,0.0057751,0.653329,0.405515,0.382986,1.23907,0.856087,1.35172,1.91493,2.32045,0.743444,0.292872,0,0,0,0,0
81946,81962,81954,11.3,170.297,-45.1582,224.656,-53.7212,336.177,11.5938,8.52962,855.501,0.300893,0.00659222,0.904881,0.537273,0.452441,1.18766,0.989714,1.58354,2.43187,2.34704,0.622106,0.480718,0.0565551,0,0,0,0
81962,81979,81970,11.4,170.305,-45.1616,221.262,-54.5182,336.427,8.50585,5.92113,551.908,0.27963,0.00454098,0.506618,0.559946,0.399962,0.45329,0.959908,1.35987,1.73317,1.7865,0.58661,0.159985,0,0,0,0,0
81979,81995,81987,11.5,170.313,-45.1651,217.949,-55.0044,337.126,9.77733,6.7201,636.653,0.284216,0.00506367,0.708502,0.453441,0.255061,1.04858,1.04858,1.70041,1.89879,1.70041,0.765182,0.170041,0.0283401,0,0,0,0
81996,82015,82006,11.6,170.322,-45.169,214.682,-55.2665,338.173,11.409,8.65912,852.67,0.295412,0.00686784,0.590905,0.590905,0.499996,1.15908,0.795449,1.49999,2.49998,2.31817,1.11363,0.31818,0.0227271,0,0,0,0
82015,82035,82025,11.7,170.332,-45.1738,211.159,-56.135,338.418,13.0042,9.05369,857.078,0.283998,0.00698584,1.00383,0.684429,0.570358,1.14072,1.25479,1.7567,2.82897,2.5552,0.866944,0.342215,0,0,0,0,0
82036,82055,82046,11.8,170.341,-45.1786,207.503,-56.8257,339.039,13.2133,10.5381,1088.53,0.309883,0.00832993,1.09201,0.524163,0.371282,0.939125,1.09201,1.79089,2.81738,2.8829,1.11385,0.480483,0.109201,0,0,0,0
82057,82072,82064,11.9,170.35,-45.1828,204.614,-56.9381,340.22,15.6689,11.5752,1126.59,0.291984,0.00916502,1.40105,0.914973,0.543265,1.2295,0.972159,1.74417,3.77427,3.37396,1.31527,0.371708,0.0285929,0,0,0,0
82073,82093,82083,12,170.358,-45.1867,201.278,-56.65,342.272,17.9374,15.3191,1610.95,0.315479,0.0124003,1.08844,0.587755,0.631293,1.26259,1.24082,2.0898,4.35374,3.78776,2.02449,0.718367,0.152381,0,0,0,0
82094,82114,82104,12.1,170.367,-45.191,198.118,-56.5652,343.96,17.0246,14.852,1558.34,0.314774,0.0120562,1.04919,0.554289,0.376125,1.06899,1.06899,1.82124,4.31554,4.15717,1.86083,0.593881,0.138572,0.019796,0,0,0
82115,82134,82124,12.2,170.376,-45.1951,195.04,-56.4,345.771,15.7685,13.3433,1396.44,0.313963,0.0108511,0.876028,0.759225,0.564552,1.22644,0.914963,1.90779,3.42624,3.52358,1.86886,0.584019,0.116804,0,0,0,0
82134,82154,82144,12.3,170.385,-45.1991,192.197,-56.1662,347.595,17.7587,15.8546,1693.11,0.320371,0.012835,0.851825,0.462948,0.370358,1.22218,1.22218,2.2777,4.48134,4.03691,1.7592,0.88886,0.185179,0,0,0,0
82156,82176,82166,12.4,170.395,-45.2027,189.059,-55.2886,350.643,25.0438,22.9641,2482.29,0.324283,0.0187847,1.12329,0.773411,0.626095,1.62048,1.54682,2.98316,5.92949,6.09522,2.81743,1.25219,0.220975,0.0368291,0.0184146,0,0
82178,82198,82188,12.5,170.404,-45.2057,185.89,-55.4333,352.109,25.6721,24.6706,2752.21,0.334676,0.0201922,1.2559,0.443259,0.498667,1.86538,1.69916,2.43793,6.44573,6.26104,2.82578,1.51447,0.369383,0.0554074,0,0,0
82198,82217,82208,12.6,170.413,-45.2079,182.995,-55.6984,353.265,28.7984,28.4159,3124.94,0.329914,0.0240375,1.18378,0.551069,0.775578,1.38788,1.8369,2.89821,6.34749,7.98029,3.51051,2.10222,0.18369,0.0408199,0,0,0
82217,82237,82227,12.7,170.421,-45.2103,180.118,-56.14,354.143,25.0652,24.1129,2686.94,0.334294,0.0201034,1.24354,0.777215,0.563481,1.535,1.70987,2.8174,5.40164,5.79025,3.18658,1.74873,0.252595,0.0388607,0,0,0
82238,82259,82248,12.8,170.431,-45.213,177.445,-56.4286,355.181,23.9306,22.0273,2404.56,0.327488,0.0182032,1.16735,0.84898,0.619048,1.76871,1.83946,2.38776,5.02313,5.62449,3.1483,1.2381,0.247619,0.0176871,0,0,0
82260,82279,82270,12.9,170.44,-45.2153,174.657,-56.589,356.537,22.2901,20.4552,2228.71,0.326867,0.0170408,1.24482,0.778013,0.719662,1.59493,1.51713,2.35349,4.41523,5.19324,3.03425,1.24482,0.155603,0.0389007,0,0,0
82280,82296,82288,13,170.449,-45.2173,172.011,-57.0453,357.339,21.6147,19.618,2182.68,0.333776,0.0159941,1.46231,0.868244,0.571213,1.57655,1.66794,2.12491,4.7068,4.56971,2.51334,1.23382,0.274182,0.0456971,0,0,0
82297,82314,82306,13.1,170.456,-45.2188,169.122,-57.0933,358.99,23.3812,21.0892,2269.33,0.32282,0.0174857,1.25566,1.01751,0.606179,1.55875,1.62369,2.42472,5.00098,5.6721,2.72781,1.3206,0.151545,0.0216492,0,0,0
