api/data/B2SAP/Locations/Lauder/NOAA-POPS-B2SAP_GMLBalloon_20200619_R0.ict
61,1001
Thornberry, T. D.
NOAA Chemical Sciences Laboratory
Portable Optical Particle Spectrometer (POPS)
Balloon Baseline Stratospheric Aerosol Profiles (B2SAP)
1,1
2020,06,19,2024,05,28
0
TIME_START,s,Seconds since midnight UTC on flight start day,Start time of 100 m altitude bin in UTC_seconds_since_midnight
28
1.0,1.0,1.0,1.0,1.0,1.0,1.0,1.0,1.0,1.0,1.0,1.0,1.0,1.0,1.0,1.0,1.0,1.0,1.0,1.0,1.0,1.0,1.0,1.0,1.0,1.0,1.0,1.0
99999,99999,99999,99999,99999,99999,99999,99999,99999,99999,99999,99999,99999,99999,99999,99999,99999,99999,99999,99999,99999,99999,99999,99999,99999,99999,99999,99999
TIME_STOP,s,End time of 100 m altitude bin in UTC seconds since midnight,
TIME_MID,s,Mid time of 100 m altitude in UTC seconds since midnight,
GPSAlt,m,GPS reported altitude above sea level (m),
GPS_Lon,deg,GPS reported longitude,
GPS_Lat,deg,GPS reported latitude,
iMet_Pressure,mb,Pressure reported (mB),
iMet_Temperature,degrees C,Ambient temperature (oC),
THETA,K,Potential temperature from iMet,
Aerosol_concentration,cm^-3,Aerosol concentration,
Surface_Area_Conc,um^2 cm^-3,Surface area concentration,
Volume_density,um^3 cm^-3,Volume density,
Effective_radius,um,Effective radius,
Extinction,km^-1,Extinction,
Bin01,cm^-3,particle concentration in size range [140 - 170 nm],
Bin02,cm^-3,particle concentration in size range [170 - 205 nm],
Bin03,cm^-3,particle concentration in size range [205 - 249 nm],
Bin04,cm^-3,particle concentration in size range [249 - 302 nm],
Bin05,cm^-3,particle concentration in size range [302 - 366 nm],
Bin06,cm^-3,particle concentration in size range [366 - 443 nm],
Bin07,cm^-3,particle concentration in size range [443 - 537 nm],
Bin08,cm^-3,particle concentration in size range [537 - 651 nm],
Bin09,cm^-3,particle concentration in size range [651 - 789 nm],
Bin10,cm^-3,particle concentration in size range [789 - 956 nm],
Bin11,cm^-3,particle concentration in size range [956 - 1159 nm],
Bin12,cm^-3,particle concentration in size range [1159 - 1404 nm],
Bin13,cm^-3,particle concentration in size range [1404 - 1702 nm],
Bin14,cm^-3,particle concentration in size range [1702 - 2062 nm],
Bin15,cm^-3,particle concentration in size range [2062 - 2500 nm],
0
19
PI_CONTACT_INFO: 325 Broadway R/CSL6, Boulder, CO 80305; troy.thornberry@noaa.gov; 303-497-3373 
PLATFORM: GML ECC/FPH balloon
LOCATION: Lauder, NZ
ASSOCIATED_DATA: N/A
INSTRUMENT_INFO: Printed Optical Particle Spectrometer counts particles from 140 - 2500 nm in diameter 
DATA_INFO: Particle concentrations reported in number per cubic centimeter, binned to 100 m altitude
UNCERTAINTY: Counting uncertainty dominated by air flow, less than 5 percent
ULOD_FLAG: -77777
ULOD_VALUE: 3000 ~3000 per cm3 (varies depending on flow rate- manufacturer quotes 1250  per cm3 at 1.667 cc/s)
LLOD_FLAG: -88888
LLOD_VALUE: 0 0 (varies depending on data field and measurement precision)
DM_CONTACT_INFO: Troy Thornberry, 325 Broadway R/CSL6, Boulder, CO 80305; troy.thornberry@noaa.gov; 303-497-3373
PROJECT_INFO: B2SAP Lauder, NZ
STIPULATIONS_ON_USE: Please contact the PIs for questions regarding applications and uncertainties
OTHER_COMMENTS: POPS bin Edges (nm):  140, 170, 205, 249, 302, 366, 443, 537, 651, 789, 956, 1159, 1404, 1702, 2062, 2500
Calculations assume sulfate refractive index of 1.45+0.00j and extinction wavelength = 532 nm
REVISION: R0
R0: QA/QC data
TIME_START,TIME_STOP,TIME_MID,GPSAlt,GPS_Lon,GPS_Lat,iMet_Pressure,iMet_Temperature,THETA,Aerosol_concentration,Surface_Area_Conc,Volume_density,Effective_radius,Extinction,Bin01,Bin02,Bin03,Bin04,Bin05,Bin06,Bin07,Bin08,Bin09,Bin10,Bin11,Bin12,Bin13,Bin14,Bin15
[from data line 476]
9548,9553,9550,7.2,170.148,-45.0751,400.282,-32.4283,312.702,4.84107,0.905499,49.6549,0.164511,0.000321182,1.72422,1.19369,0.729476,0.33158,0.397896,0.132632,0.265264,0.066316,0,0,0,0,0,0,0
9554,9560,9557,7.1,170.148,-45.0754,406.274,-31.6043,312.442,5.07473,1.0488,63.3109,0.181095,0.000424962,1.73002,1.03801,0.922679,0.576674,0.115335,0.346005,0.23067,0.0576674,0.0576674,0,0,0,0,0,0
9561,9567,9564,7,170.148,-45.0756,412.647,-30.87,311.995,4.24931,0.77099,39.6656,0.154343,0.000239384,1.41644,1.01983,0.679889,0.396602,0.339945,0.169972,0.22663,0,0,0,0,0,0,0,0
9568,9573,9570,6.9,170.148,-45.0758,418.647,-30.0333,311.786,5.12155,0.777839,34.6781,0.133748,0.000169664,1.96983,1.1819,1.05058,0.196983,0.328305,0.393966,0,0,0,0,0,0,0,0,0
9574,9579,9576,6.8,170.148,-45.0758,424.128,-29.1317,311.784,5.25365,0.961789,50.9937,0.159059,0.000309419,1.39654,1.26354,1.26354,0.665019,0.33251,0.0665019,0.133004,0.133004,0,0,0,0,0,0,0
9580,9584,9582,6.7,170.148,-45.0758,429.718,-28.192,311.818,5.55474,0.995442,62.5896,0.188629,0.000324899,1.55206,1.38868,1.22531,0.816873,0.490124,0,0,0,0,0.0816873,0,0,0,0,0
9585,9590,9588,6.6,170.149,-45.0759,435.643,-27.225,311.825,5.64837,1.04016,55.2659,0.159396,0.000341647,2.00831,1.25519,1.00415,0.376558,0.376558,0.376558,0.188279,0.0627597,0,0,0,0,0,0,0
9591,9595,9593,6.5,170.149,-45.0759,441.854,-26.224,311.825,6.25773,1.15226,62.5322,0.162807,0.000368484,1.7991,1.64265,1.0951,0.703994,0.547551,0.312886,0.0782216,0,0.0782216,0,0,0,0,0,0
9596,9600,9598,6.4,170.149,-45.076,447.538,-25.34,311.803,6.20094,1.23504,65.8456,0.159943,0.000404063,1.28851,1.20798,1.93276,0.724786,0.563722,0.0805317,0.322127,0.0805317,0,0,0,0,0,0,0
9601,9606,9604,6.3,170.149,-45.076,453.753,-24.3617,311.805,4.9752,1.16089,100.712,0.260263,0.000418865,1.55475,0.932849,1.18161,0.37314,0.55971,0.06219,0.24876,0,0,0,0.06219,0,0,0,0
9607,9611,9609,6.2,170.149,-45.076,460.08,-23.408,311.767,4.83767,0.852593,42.6594,0.150105,0.000247329,1.28501,1.43618,0.907063,0.604709,0.151177,0.226766,0.226766,0,0,0,0,0,0,0,0
9612,9617,9614,6.1,170.149,-45.076,466.502,-22.455,311.718,4.06115,0.729063,35.9859,0.148077,0.000197077,0.888377,1.01529,0.888377,0.761466,0.317277,0.0634555,0.0634555,0.0634555,0,0,0,0,0,0,0
9618,9622,9620,6,170.149,-45.076,473.06,-21.454,311.711,4.43661,0.810075,41.9529,0.155367,0.000253386,1.5845,0.950701,0.554576,0.713026,0.15845,0.237675,0.237675,0,0,0,0,0,0,0,0
9623,9628,9626,5.9,170.149,-45.0759,479.687,-20.5983,311.533,6.85556,1.63206,129.261,0.237603,0.000608751,2.18132,1.24647,1.0595,0.997173,0.498586,0.498586,0.249293,0.0623233,0,0,0.0623233,0,0,0,0
9629,9634,9632,5.8,170.15,-45.0759,486.68,-19.59,311.488,5.98897,1.29291,83.7733,0.194383,0.000520551,1.55963,1.62201,0.998161,0.686236,0.436696,0.37431,0.187155,0.0623851,0,0.0623851,0,0,0,0,0
9635,9639,9637,5.7,170.15,-45.0759,493.19,-18.726,311.367,7.77518,1.7797,106.211,0.179037,0.000703341,1.82945,1.52455,1.60077,0.990954,0.762273,0.533591,0.381136,0.0762273,0.0762273,0,0,0,0,0,0
9640,9645,9642,5.6,170.15,-45.0758,499.738,-18.235,310.797,8.07247,1.7212,94.7273,0.165107,0.000598492,1.93739,1.80823,1.48534,1.09786,0.581218,0.710378,0.387479,0.0645798,0,0,0,0,0,0,0
9646,9651,9648,5.5,170.15,-45.0759,506.775,-17.4283,310.528,8.04089,2.41108,194.53,0.242045,0.00112499,1.84545,1.58181,1.05454,0.988634,0.922725,0.724998,0.659089,0.131818,0.0659089,0,0.0659089,0,0,0,0
9652,9656,9654,5.4,170.15,-45.0759,513.428,-16.614,310.36,6.19512,1.65717,105.643,0.191246,0.000742965,1.06812,1.28175,1.28175,0.712083,0.569667,0.640875,0.498458,0.0712083,0.0712083,0,0,0,0,0,0
9657,9662,9660,5.3,170.15,-45.0761,520.312,-15.7517,310.223,7.17148,1.6964,100.701,0.178085,0.000689568,1.39783,2.06636,1.09396,0.729303,0.668528,0.546978,0.546978,0.121551,0,0,0,0,0,0,0
9663,9668,9666,5.2,170.15,-45.0762,527.693,-14.7283,310.207,7.61375,2.11412,154.552,0.219313,0.0011034,1.85701,1.91891,1.05231,0.742805,0.495203,0.680904,0.495203,0.185701,0.123801,0.0619004,0,0,0,0,0
9669,9673,9671,5.1,170.15,-45.0764,534.452,-13.882,310.095,7.65346,2.40962,195.165,0.242982,0.00111696,1.41731,1.13385,1.6299,0.92125,0.850384,0.637788,0.850384,0.141731,0,0,0.0708653,0,0,0,0
9674,9679,9676,5,170.15,-45.0766,541.177,-13.1717,309.833,9.58455,2.53227,190.803,0.226046,0.00100446,1.92936,2.17831,1.30698,1.61817,1.05803,0.746848,0.622373,0,0.0622373,0,0,0.0622373,0,0,0
9680,9684,9682,4.9,170.15,-45.0769,548.106,-12.388,309.637,10.0223,2.88266,186.914,0.194522,0.00138464,2.09421,2.01941,1.27148,1.0471,1.27148,0.673138,1.42107,0.224379,0,0,0,0,0,0,0
9685,9690,9688,4.8,170.15,-45.0772,555.26,-11.4917,309.556,10.3737,2.91068,188.044,0.193814,0.00137843,2.08739,2.08739,1.83437,1.01207,0.822304,1.07532,1.13858,0.316271,0,0,0,0,0,0,0
9691,9695,9693,4.7,170.149,-45.0775,562.55,-10.824,309.189,13.6388,3.37666,208.269,0.185037,0.00144413,3.02224,3.25472,2.01483,1.62736,1.1624,1.31739,0.929919,0.23248,0.0774933,0,0,0,0,0,0
9696,9701,9698,4.6,170.149,-45.0779,570.11,-10.466,308.432,9.29941,2.03591,119.76,0.176472,0.000804915,2.59519,2.09057,1.58595,1.08133,0.576708,0.720885,0.360442,0.288354,0,0,0,0,0,0,0
9703,9707,9705,4.5,170.148,-45.0784,578.746,-9.972,307.691,9.4907,2.36968,151.705,0.192057,0.000990357,1.71933,1.85688,1.99442,1.58178,0.894051,0.687732,0.550185,0.137546,0,0.0687732,0,0,0,0,0
9708,9713,9710,4.4,170.148,-45.0788,585.702,-9.544,307.136,11.4128,2.68594,162.847,0.181889,0.00111808,2.83547,2.83547,1.48862,1.48862,0.779754,1.13419,0.42532,0.42532,0,0,0,0,0,0,0
9714,9717,9716,4.3,170.148,-45.0792,592.447,-9.06333,306.692,9.61553,2.78729,179.7,0.193414,0.0013149,1.89936,1.78065,1.1871,1.42452,0.949682,0.949682,1.1871,0.23742,0,0,0,0,0,0,0
9720,9722,9721,4.2,170.147,-45.0796,599.763,-8.58,306.181,10.4151,4.70578,365.55,0.233044,0.00292541,1.05469,0.922855,1.58204,0.527346,1.84571,1.58204,1.71387,0.922855,0.263673,0,0,0,0,0,0
9725,9730,9728,4.1,170.147,-45.08,608.932,-7.68,305.89,8.24914,2.68329,176.029,0.196806,0.00125983,0.743166,1.11475,1.63496,0.891799,1.56065,1.41201,0.594533,0.22295,0.0743166,0,0,0,0,0,0
9733,9736,9734,4,170.147,-45.0803,618.062,-6.7375,305.675,5.91325,1.61392,100.259,0.186364,0.000713019,1.14735,1.32386,0.70606,0.617803,0.794318,0.617803,0.617803,0.0882575,0,0,0,0,0,0,0
9737,9742,9740,3.9,170.146,-45.0806,624.888,-6.08833,305.463,3.41807,0.970236,68.9073,0.213064,0.00050042,0.621468,0.870055,0.435028,0.559321,0.310734,0.248587,0.18644,0.0621468,0.124294,0,0,0,0,0,0
9743,9748,9746,3.8,170.146,-45.081,633.125,-5.7775,304.673,2.59351,0.545651,29.7358,0.163488,0.000189251,0.894315,0.357726,0.357726,0.268295,0.447158,0.0894315,0.178863,0,0,0,0,0,0,0,0
9749,9751,9750,3.7,170.146,-45.0814,639.39,-5.49,304.142,2.50113,0.28569,9.58181,0.100618,2.38899e-05,0.893259,0.714607,0.714607,0.178652,0,0,0,0,0,0,0,0,0,0,0
9754,9758,9756,3.6,170.146,-45.0818,648.024,-4.852,303.705,2.89581,0.566692,30.6717,0.162372,0.000187684,0.838261,0.762055,0.381028,0.304822,0.304822,0.228617,0,0.0762055,0,0,0,0,0,0,0
9760,9765,9762,3.5,170.146,-45.0822,658.048,-4.15,303.163,2.68956,0.437664,20.2553,0.138841,0.000105579,0.717217,0.986173,0.179304,0.44826,0.268956,0,0.0896521,0,0,0,0,0,0,0,0
9766,9770,9768,3.4,170.146,-45.0825,666.407,-3.47333,302.833,1.92166,0.354058,16.3726,0.138728,8.06349e-05,0.427034,0.320276,0.533793,0.213517,0.320276,0.106759,0,0,0,0,0,0,0,0,0
9772,9776,9774,3.3,170.146,-45.0827,674.385,-2.88,302.472,1.87916,0.300944,13.2436,0.13202,6.06506e-05,0.626387,0.417591,0.208796,0.417591,0.104398,0.104398,0,0,0,0,0,0,0,0,0
9777,9782,9780,3.2,170.146,-45.0829,683.015,-2.20167,302.13,2.20174,0.436918,21.295,0.146217,0.000112682,0.654572,0.297533,0.238026,0.416546,0.416546,0.17852,0,0,0,0,0,0,0,0,0
9784,9787,9786,3.1,170.146,-45.0829,692.18,-1.4925,301.767,1.22082,0.260996,16.0103,0.18403,0.000110574,0.261603,0.348804,0.348804,0,0.174402,0,0,0.0872011,0,0,0,0,0,0,0
9788,9792,9790,3,170.146,-45.0829,699.226,-0.908,301.545,0.934894,0.192531,10.1834,0.158676,6.18018e-05,0.28766,0.0719149,0.14383,0.28766,0.0719149,0,0.0719149,0,0,0,0,0,0,0,0
9794,9799,9796,2.9,170.146,-45.083,709.362,-0.176667,301.114,0.885008,0.153062,6.82428,0.133755,3.05988e-05,0.295003,0,0.236002,0.295003,0,0.0590005,0,0,0,0,0,0,0,0,0
9800,9804,9802,2.8,170.146,-45.083,718.07,0.5775,300.891,0.490856,0.0689581,2.62312,0.114118,8.38217e-06,0.163619,0.0818093,0.0818093,0.163619,0,0,0,0,0,0,0,0,0,0,0
9805,9810,9808,2.7,170.147,-45.083,726.797,1.25833,300.604,0.709112,0.0847631,3.0138,0.106667,8.77866e-06,0.295463,0.236371,0,0.177278,0,0,0,0,0,0,0,0,0,0,0
9811,9816,9814,2.6,170.147,-45.083,736.463,1.91167,300.188,1.08747,0.172871,7.61944,0.132227,3.57823e-05,0.400647,0.114471,0.343412,0.0572353,0.114471,0.0572353,0,0,0,0,0,0,0,0,0
9817,9822,9820,2.5,170.147,-45.083,746.122,1.73,298.867,2.00323,0.348479,18.0726,0.155584,0.000111991,0.424927,0.910557,0.364223,0.0607038,0,0.121408,0.121408,0,0,0,0,0,0,0,0
9823,9828,9826,2.4,170.148,-45.0831,755.675,1.775,297.835,3.98424,0.664203,31.1917,0.140883,0.000164302,1.32808,0.845141,0.905509,0.241469,0.362203,0.241469,0.0603672,0,0,0,0,0,0,0,0
9829,9834,9832,2.3,170.148,-45.0832,765.095,2.18667,297.23,3.84274,0.586096,25.2848,0.129423,0.000115029,1.09793,1.09793,0.609959,0.73195,0.182988,0.0609959,0.0609959,0,0,0,0,0,0,0,0
9835,9839,9837,2.2,170.148,-45.0834,773.934,2.238,296.31,4.70164,0.992643,53.3827,0.161335,0.000324013,0.842085,1.26313,0.701738,0.912259,0.491217,0.280695,0.140348,0.0701738,0,0,0,0,0,0,0
9841,9846,9844,2.1,170.149,-45.0837,784.433,2.44833,295.394,4.31647,0.804262,40.8892,0.152522,0.000240569,1.05145,1.32814,0.830091,0.221357,0.442715,0.276697,0.166018,0,0,0,0,0,0,0,0
9847,9852,9850,2,170.149,-45.0842,794.242,2.71833,294.638,4.21139,0.947622,58.2056,0.184268,0.000391676,0.842279,1.38374,0.541465,0.481302,0.481302,0.180488,0.180488,0.0601628,0.0601628,0,0,0,0,0,0
9853,9858,9856,1.9,170.149,-45.0847,804.205,3.30667,294.219,3.90531,1.01965,93.8665,0.276172,0.000436844,1.14556,0.885204,0.676921,0.416567,0.416567,0.104142,0.104142,0.0520708,0.0520708,0,0.0520708,0,0,0,0
9859,9864,9862,1.8,170.149,-45.0853,814.42,3.89667,293.78,4.20973,0.771398,37.7083,0.146649,0.000208337,1.08638,1.01848,0.746887,0.543191,0.543191,0.135798,0.135798,0,0,0,0,0,0,0,0
9865,9870,9868,1.7,170.149,-45.086,824.47,4.04,292.905,3.19346,0.662212,38.6964,0.175305,0.000263703,0.997956,0.864895,0.465713,0.266122,0.133061,0.199591,0.199591,0.0665304,0,0,0,0,0,0,0
9872,9872,9872,1.6,170.149,-45.0865,831.93,4.19,292.312,3.50808,0.416234,14.1338,0.101869,3.5933e-05,0.701616,1.75404,0.701616,0.350808,0,0,0,0,0,0,0,0,0,0,0
9875,9875,9875,1.5,170.149,-45.0871,837.11,4.34,291.953,4.69289,0.975116,53.0071,0.163079,0.000338807,1.5643,0.391074,1.17322,0.391074,0.782149,0,0.391074,0,0,0,0,0,0,0,0
