api/data/B2SAP/Locations/Lauder/NOAA-POPS-B2SAP_GMLBalloon_20200127_R0.ict
61,1001
Thornberry, T. D.
NOAA Chemical Sciences Laboratory
Portable Optical Particle Spectrometer (POPS)
Balloon Baseline Stratospheric Aerosol Profiles (B2SAP)
1,1
2020,01,27,2024,05,28
0
TIME_START,s,Seconds since midnight UTC on flight start day,Start time of 100 m altitude bin in UTC_seconds_since_midnight
28
1.0,1.0,1.0,1.0,1.0,1.0,1.0,1.0,1.0,1.0,1.0,1.0,1.0,1.0,1.0,1.0,1.0,1.0,1.0,1.0,1.0,1.0,1.0,1.0,1.0,1.0,1.0,1.0
99999,99999,99999,99999,99999,99999,99999,99999,99999,99999,99999,99999,99999,99999,99999,99999,99999,99999,99999,99999,99999,99999,99999,99999,99999,99999,99999,99999
TIME_STOP,s,End time of 100 m altitude bin in UTC seconds since midnight,
TIME_MID,s,Mid time of 100 m altitude in UTC seconds since midnight,
GPSAlt,m,GPS reported altitude above sea level (m),
GPS_Lon,deg,GPS reported longitude,
GPS_Lat,deg,GPS reported latitude,
iMet_Pressure,mb,Pressure reported (mB),
iMet_Temperature,degrees C,Ambient temperature (oC),
THETA,K,Potential temperature from iMet,
Aerosol_concentration,cm^-3,Aerosol concentration,
Surface_Area_Conc,um^2 cm^-3,Surface area concentration,
Volume_density,um^3 cm^-3,Volume density,
Effective_radius,um,Effective radius,
Extinction,km^-1,Extinction,
Bin01,cm^-3,particle concentration in size range [140 - 170 nm],
Bin02,cm^-3,particle concentration in size range [170 - 205 nm],
Bin03,cm^-3,particle concentration in size range [205 - 249 nm],
Bin04,cm^-3,particle concentration in size range [249 - 302 nm],
Bin05,cm^-3,particle concentration in size range [302 - 366 nm],
Bin06,cm^-3,particle concentration in size range [366 - 443 nm],
Bin07,cm^-3,particle concentration in size range [443 - 537 nm],
Bin08,cm^-3,particle concentration in size range [537 - 651 nm],
Bin09,cm^-3,particle concentration in size range [651 - 789 nm],
Bin10,cm^-3,particle concentration in size range [789 - 956 nm],
Bin11,cm^-3,particle concentration in size range [956 - 1159 nm],
Bin12,cm^-3,particle concentration in size range [1159 - 1404 nm],
Bin13,cm^-3,particle concentration in size range [1404 - 1702 nm],
Bin14,cm^-3,particle concentration in size range [1702 - 2062 nm],
Bin15,cm^-3,particle concentration in size range [2062 - 2500 nm],
0
19
PI_CONTACT_INFO: 325 Broadway R/CSL6, Boulder, CO 80305; troy.thornberry@noaa.gov; 303-497-3373 
PLATFORM: GML ECC/FPH balloon
LOCATION: Lauder, NZ
ASSOCIATED_DATA: N/A
INSTRUMENT_INFO: Printed Optical Particle Spectrometer counts particles from 140 - 2500 nm in diameter 
DATA_INFO: Particle concentrations reported in number per cubic centimeter, binned to 100 m altitude
UNCERTAINTY: Counting uncertainty dominated by air flow, less than 5 percent
ULOD_FLAG: -77777
ULOD_VALUE: 3000 ~3000 per cm3 (varies depending on flow rate- manufacturer quotes 1250  per cm3 at 1.667 cc/s)
LLOD_FLAG: -88888
LLOD_VALUE: 0 0 (varies depending on data field and measurement precision)
DM_CONTACT_INFO: Troy Thornberry, 325 Broadway R/CSL6, Boulder, CO 80305; troy.thornberry@noaa.gov; 303-497-3373
PROJECT_INFO: B2SAP Lauder, NZ
STIPULATIONS_ON_USE: Please contact the PIs for questions regarding applications and uncertainties
OTHER_COMMENTS: POPS bin Edges (nm):  140, 170, 205, 249, 302, 366, 443, 537, 651, 789, 956, 1159, 1404, 1702, 2062, 2500
Calculations assume sulfate refractive index of 1.45+0.00j and extinction wavelength = 532 nm
REVISION: R0
R0: QA/QC data
TIME_START,TIME_STOP,TIME_MID,GPSAlt,GPS_Lon,GPS_Lat,iMet_Pressure,iMet_Temperature,THETA,Aerosol_concentration,Surface_Area_Conc,Volume_density,Effective_radius,Extinction,Bin01,Bin02,Bin03,Bin04,Bin05,Bin06,Bin07,Bin08,Bin09,Bin10,Bin11,Bin12,Bin13,Bin14,Bin15
[from data line 314]
86803,86828,86816,18.8,170.566,-45.3891,67.5735,-57.0688,466.626,7.29082,3.29887,250.499,0.227804,0.00193456,0.286539,0.424502,0.986967,1.16738,1.20983,1.35841,1.28412,0.435114,0.0955129,0.0424502,0,0,0,0,0
86829,86852,86840,18.7,170.57,-45.39,68.6375,-58.2892,461.922,7.68888,3.51373,271.034,0.231407,0.00208969,0.358429,0.439364,1.0406,1.26028,1.09841,1.63027,1.21403,0.427802,0.173433,0.0462489,0,0,0,0,0
86853,86875,86864,18.6,170.573,-45.3911,69.675,-58.4936,459.513,8.24435,3.83321,313.997,0.245745,0.00231727,0.530265,0.454513,0.997403,1.6413,1.08578,1.47717,1.35091,0.454513,0.101003,0.138879,0.0126253,0,0,0,0
86876,86897,86886,18.5,170.575,-45.3922,71.0357,-58.2995,457.383,8.49699,3.80425,296.929,0.234155,0.00220836,0.436082,0.502155,1.14967,1.46682,1.32146,1.58575,1.42718,0.409653,0.118931,0.066073,0.0132146,0,0,0,0
86898,86919,86908,18.4,170.577,-45.3932,71.9777,-57.5977,457.161,8.37353,3.8467,299.847,0.233848,0.00231683,0.402332,0.377186,1.14413,1.49617,1.47103,1.28243,1.43331,0.528061,0.17602,0.0628644,0,0,0,0,0
86920,86942,86931,18.3,170.578,-45.3944,73.2557,-57.5409,454.988,7.52927,3.61939,293.756,0.243485,0.00223229,0.37397,0.386436,1.07205,1.20917,1.12191,1.15931,1.44602,0.560956,0.112191,0.0747941,0.0124657,0,0,0,0
86943,86964,86954,18.2,170.58,-45.3958,74.439,-57.2805,453.454,8.78149,4.23801,357.909,0.253357,0.00253684,0.445995,0.507511,1.16881,1.46102,1.23033,1.64557,1.55329,0.507511,0.123033,0.0922748,0.0307583,0.0153791,0,0,0
86965,86987,86976,18.1,170.582,-45.397,75.4845,-56.7477,452.773,7.7463,3.72431,303.472,0.244452,0.0022499,0.487627,0.376169,1.04491,1.12851,1.03098,1.57434,1.28176,0.640881,0.12539,0.0278644,0.0139322,0.0139322,0,0,0
86988,87013,87000,18,170.584,-45.3983,76.948,-57.5648,448.583,7.45884,3.81633,334.622,0.263044,0.00242865,0.443099,0.356941,0.984665,1.14467,1.19391,1.19391,1.26776,0.492333,0.246166,0.0984665,0.036925,0,0,0,0
87014,87043,87028,17.9,170.588,-45.4,78.201,-57.3669,446.935,8.51158,4.68767,423.754,0.271193,0.00301992,0.402789,0.39219,1.05997,0.975174,1.38856,1.55816,1.63236,0.688982,0.233194,0.116597,0.0423989,0.0211994,0,0,0
87044,87070,87057,17.8,170.591,-45.4017,79.3956,-56.8707,446.031,7.82281,4.61241,431.061,0.28037,0.00314083,0.386593,0.420704,0.841407,1.00059,1.02333,1.4213,1.30759,0.90963,0.329741,0.125074,0.0341111,0.0227407,0,0,0
87071,87097,87084,17.7,170.594,-45.4033,80.7459,-56.3111,445.027,10.4703,7.11882,717.953,0.302558,0.00510222,0.430596,0.362608,0.951845,1.28046,1.41644,1.6544,1.99434,1.4051,0.555243,0.294619,0.101983,0.022663,0,0,0
87098,87124,87111,17.6,170.597,-45.4046,81.9508,-56.9377,441.873,11.2902,8.13776,854.104,0.314867,0.00603882,0.56687,0.366103,1.07469,1.21641,1.48803,1.67699,2.20843,1.27546,0.791256,0.484201,0.141717,0,0,0,0
87126,87150,87138,17.5,170.6,-45.4059,83.245,-58.1925,437.341,11.0412,7.65843,830.881,0.325477,0.00546784,0.566213,0.579082,1.24824,1.56995,1.22251,1.60856,1.71151,1.23537,0.707766,0.373186,0.16729,0.0514739,0,0,0
87151,87174,87162,17.4,170.604,-45.4073,84.51,-58.905,434.019,9.6582,5.28893,481.266,0.272985,0.00352295,0.506107,0.421755,1.26527,1.60267,1.23715,1.53238,1.74326,0.787277,0.28117,0.238995,0.0421755,0,0,0,0
87175,87198,87186,17.3,170.608,-45.4083,85.9158,-59.4129,430.962,9.64006,6.03965,615.854,0.305905,0.00419466,0.477486,0.503296,1.14855,1.41955,1.25179,1.65184,1.35503,0.864637,0.567821,0.271006,0.12905,0,0,0,0
87199,87219,87209,17.2,170.612,-45.4093,87.275,-59.26,429.334,9.53881,5.88449,584.353,0.297912,0.00402322,0.481237,0.29218,1.13434,1.44371,1.39215,1.51246,1.42652,1.0656,0.481237,0.189057,0.0859352,0.0343741,0,0,0
87220,87241,87230,17.1,170.616,-45.4106,88.654,-58.8527,428.228,9.99472,6.40256,654.476,0.306663,0.00448536,0.595168,0.47203,1.19034,1.31348,1.14929,1.6008,1.76498,0.903014,0.615691,0.246277,0.143661,0,0,0,0
87242,87265,87254,17,170.619,-45.4122,90.2367,-58.0029,427.763,10.1328,6.196,611.743,0.296196,0.00437299,0.554824,0.671628,1.28485,1.25565,1.19725,1.75207,1.43086,1.00744,0.613226,0.277412,0.0876037,0,0,0,0
87266,87288,87277,16.9,170.623,-45.414,91.7725,-57.013,427.656,11.1898,8.08573,894.241,0.331785,0.0058124,0.673531,0.505148,1.36237,1.25522,1.07153,1.79098,1.79098,1.43891,0.627609,0.413303,0.24492,0.0153075,0,0,0
87289,87311,87300,16.8,170.626,-45.4153,93.2173,-57.1927,425.406,31.2672,39.7534,5185.04,0.39129,0.0332492,1.0606,0.530298,1.34614,1.40733,1.26456,2.73307,5.1806,7.15902,5.22139,3.79367,1.38693,0.183565,0,0,0
87313,87332,87322,16.7,170.629,-45.4162,94.4336,-57.4727,423.283,45.012,61.2341,8048.18,0.394299,0.0519612,1.38926,0.666845,1.33369,1.22255,1.16698,3.30644,7.08523,11.9754,8.86348,5.55704,2.13946,0.305637,0,0,0
87338,87361,87350,16.6,170.634,-45.418,96.3375,-57.7942,420.242,28.9337,35.1363,4486.54,0.383069,0.0295488,1.17783,0.537707,1.33146,1.45949,1.35707,2.27885,4.66013,6.93898,4.66013,3.32866,1.04981,0.153631,0,0,0
87365,87385,87375,16.5,170.637,-45.4201,97.8678,-57.9589,418.041,19.909,22.4909,2853.38,0.380604,0.0185125,0.806173,0.490714,1.33194,1.36699,1.22678,1.6474,3.04944,4.27622,2.94428,1.9278,0.806173,0.035051,0,0,0
87394,87405,87400,16.4,170.64,-45.4223,99.41,-58.34,415.432,28.1503,35.6412,4552.94,0.383232,0.030064,0.973096,0.278027,0.903589,1.32063,0.695069,2.43274,4.79597,7.0897,5.63006,2.71077,1.25112,0.0695069,0,0,0
87436,87443,87440,16.3,170.644,-45.426,101.632,-57.8625,413.738,38.5571,46.9154,5674.81,0.362875,0.0414293,1.46311,0.430325,1.54917,1.03278,0.86065,3.18441,5.85242,10.8442,8.34831,4.21719,0.68852,0.086065,0,0,0
87450,87469,87460,16.2,170.646,-45.4275,102.622,-57.515,413.265,36.8798,45.0728,5654.22,0.376339,0.0384137,1.60596,0.573559,1.66332,1.03241,1.37654,2.63837,6.30915,9.63579,6.94006,3.72813,1.20447,0.172068,0,0,0
87766,87768,87767,15.1,170.717,-45.4453,122.603,-56.5933,394.459,8.23565,5.91362,646.261,0.327851,0.0044775,0.686304,0.800688,0.57192,0.800688,0.915072,1.02946,1.37261,0.915072,0.57192,0.457536,0.114384,0,0,0,0
