api/data/B2SAP/Locations/Lauder/NOAA-POPS-B2SAP_GMLBalloon_20200619_R0.ict
61,1001
Thornberry, T. D.
NOAA Chemical Sciences Laboratory
Portable Optical Particle Spectrometer (POPS)
Balloon Baseline Stratospheric Aerosol Profiles (B2SAP)
1,1
2020,06,19,2024,05,28
0
TIME_START,s,Seconds since midnight UTC on flight start day,Start time of 100 m altitude bin in UTC_seconds_since_midnight
28
1.0,1.0,1.0,1.0,1.0,1.0,1.0,1.0,1.0,1.0,1.0,1.0,1.0,1.0,1.0,1.0,1.0,1.0,1.0,1.0,1.0,1.0,1.0,1.0,1.0,1.0,1.0,1.0
99999,99999,99999,99999,99999,99999,99999,99999,99999,99999,99999,99999,99999,99999,99999,99999,99999,99999,99999,99999,99999,99999,99999,99999,99999,99999,99999,99999
TIME_STOP,s,End time of 100 m altitude bin in UTC seconds since midnight,
TIME_MID,s,Mid time of 100 m altitude in UTC seconds since midnight,
GPSAlt,m,GPS reported altitude above sea level (m),
GPS_Lon,deg,GPS reported longitude,
GPS_Lat,deg,GPS reported latitude,
iMet_Pressure,mb,Pressure reported (mB),
iMet_Temperature,degrees C,Ambient temperature (oC),
THETA,K,Potential temperature from iMet,
Aerosol_concentration,cm^-3,Aerosol concentration,
Surface_Area_Conc,um^2 cm^-3,Surface area concentration,
Volume_density,um^3 cm^-3,Volume density,
Effective_radius,um,Effective radius,
Extinction,km^-1,Extinction,
Bin01,cm^-3,particle concentration in size range [140 - 170 nm],
Bin02,cm^-3,particle concentration in size range [170 - 205 nm],
Bin03,cm^-3,particle concentration in size range [205 - 249 nm],
Bin04,cm^-3,particle concentration in size range [249 - 302 nm],
Bin05,cm^-3,particle concentration in size range [302 - 366 nm],
Bin06,cm^-3,particle concentration in size range [366 - 443 nm],
Bin07,cm^-3,particle concentration in size range [443 - 537 nm],
Bin08,cm^-3,particle concentration in size range [537 - 651 nm],
Bin09,cm^-3,particle concentration in size range [651 - 789 nm],
Bin10,cm^-3,particle concentration in size range [789 - 956 nm],
Bin11,cm^-3,particle concentration in size range [956 - 1159 nm],
Bin12,cm^-3,particle concentration in size range [1159 - 1404 nm],
Bin13,cm^-3,particle concentration in size range [1404 - 1702 nm],
Bin14,cm^-3,particle concentration in size range [1702 - 2062 nm],
Bin15,cm^-3,particle concentration in size range [2062 - 2500 nm],
0
19
PI_CONTACT_INFO: 325 Broadway R/CSL6, Boulder, CO 80305; troy.thornberry@noaa.gov; 303-497-3373 
PLATFORM: GML ECC/FPH balloon
LOCATION: Lauder, NZ
ASSOCIATED_DATA: N/A
INSTRUMENT_INFO: Printed Optical Particle Spectrometer counts particles from 140 - 2500 nm in diameter 
DATA_INFO: Particle concentrations reported in number per cubic centimeter, binned to 100 m altitude
UNCERTAINTY: Counting uncertainty dominated by air flow, less than 5 percent
ULOD_FLAG: -77777
ULOD_VALUE: 3000 ~3000 per cm3 (varies depending on flow rate- manufacturer quotes 1250  per cm3 at 1.667 cc/s)
LLOD_FLAG: -88888
LLOD_VALUE: 0 0 (varies depending on data field and measurement precision)
DM_CONTACT_INFO: Troy Thornberry, 325 Broadway R/CSL6, Boulder, CO 80305; troy.thornberry@noaa.gov; 303-497-3373
PROJECT_INFO: B2SAP Lauder, NZ
STIPULATIONS_ON_USE: Please contact the PIs for questions regarding applications and uncertainties
OTHER_COMMENTS: POPS bin Edges (nm):  140, 170, 205, 249, 302, 366, 443, 537, 651, 789, 956, 1159, 1404, 1702, 2062, 2500
Calculations assume sulfate refractive index of 1.45+0.00j and extinction wavelength = 532 nm
REVISION: R0
R0: QA/QC data
TIME_START,TIME_STOP,TIME_MID,GPSAlt,GPS_Lon,GPS_Lat,iMet_Pressure,iMet_Temperature,THETA,Aerosol_concentration,Surface_Area_Conc,Volume_density,Effective_radius,Extinction,Bin01,Bin02,Bin03,Bin04,Bin05,Bin06,Bin07,Bin08,Bin09,Bin10,Bin11,Bin12,Bin13,Bin14,Bin15
[from data line 83]
3947,3963,3955,8.9,169.674,-45.1166,316.822,-46.9876,314.08,2.69175,0.918259,72.5703,0.237091,0.000540676,0.414115,0.647055,0.388233,0.362351,0.207058,0.23294,0.207058,0.129411,0.0776466,0.0258822,0,0,0,0,0
3964,3980,3972,9,169.675,-45.1173,311.915,-47.9194,314.188,3.34533,1.03418,79.6154,0.230953,0.000569033,0.653384,0.67952,0.601114,0.444301,0.287489,0.156812,0.33976,0.104541,0.0261354,0.0522707,0,0,0,0,0
3981,3996,3988,9.1,169.675,-45.1178,307.313,-48.8844,314.177,3.58772,1.25118,113.751,0.272746,0.000728574,1.11247,0.472801,0.444989,0.472801,0.222494,0.361554,0.166871,0.166871,0.111247,0.0278118,0.0278118,0,0,0,0
3997,4011,4004,9.2,169.675,-45.1182,302.705,-49.8607,314.159,3.55631,1.65997,199.484,0.360521,0.00104579,0.918713,0.711262,0.50381,0.355631,0.266723,0.177815,0.118544,0.207451,0.0889077,0.118544,0.0296359,0.0592718,0,0,0
4012,4026,4019,9.3,169.675,-45.1184,298.217,-50.7293,314.272,3.43824,1.55266,151.828,0.293357,0.00104104,0.636711,0.541204,0.541204,0.445698,0.222849,0.254684,0.254684,0.254684,0.222849,0.0318355,0.0318355,0,0,0,0
4027,4043,4035,9.4,169.675,-45.1189,293.578,-51.5135,314.57,4.32698,1.27652,96.7558,0.227389,0.000739419,1.05536,1.00259,0.79152,0.422144,0.184688,0.237456,0.237456,0.237456,0.158304,0,0,0,0,0,0
4044,4058,4051,9.5,169.675,-45.1193,289.01,-52.39,314.74,4.48145,1.61398,126.14,0.234464,0.000988184,0.751921,0.932382,0.541383,0.691767,0.360922,0.270692,0.451153,0.300768,0.180461,0,0,0,0,0,0
4059,4073,4066,9.6,169.674,-45.1199,284.531,-53.2847,314.863,4.7521,1.90254,170.841,0.269388,0.00120488,1.05938,0.877776,0.544826,0.423754,0.514558,0.211877,0.48429,0.454022,0.121072,0.0302681,0.0302681,0,0,0,0
4074,4088,4081,9.7,169.674,-45.1206,280.014,-54.1827,315.011,4.78761,1.87071,177.616,0.284838,0.00117754,1.29476,0.692548,0.511883,0.75277,0.331219,0.331219,0.301108,0.301108,0.150554,0.0903324,0,0.0301108,0,0,0
4089,4102,4096,9.8,169.673,-45.1215,275.894,-55.0593,315.081,5.19371,1.68647,132.379,0.235483,0.000975804,1.30659,0.881951,0.653297,0.718627,0.457308,0.359314,0.359314,0.326649,0.0653297,0.0653297,0,0,0,0,0
4103,4116,4110,9.9,169.672,-45.1225,271.594,-55.8379,315.376,5.19193,1.78977,145.543,0.243958,0.00106288,1.11023,1.01226,0.653074,0.62042,0.522459,0.391844,0.457151,0.261229,0.0653074,0.097961,0,0,0,0,0
4117,4132,4124,10,169.672,-45.1231,267.262,-56.1625,316.352,6.78043,2.966,294.923,0.298304,0.00200403,1.54491,1.34464,1.00133,0.400532,0.45775,0.543579,0.400532,0.629407,0.257485,0.143047,0.0572188,0,0,0,0
4133,4145,4139,10.1,169.672,-45.1234,263.184,-56.5867,317.119,7.25678,2.44389,208.288,0.255685,0.00140849,1.64232,1.37497,1.33678,0.725678,0.611098,0.381936,0.42013,0.496517,0.229162,0,0,0.0381936,0,0,0
4146,4159,4152,10.2,169.672,-45.1235,259.221,-56.9057,318.025,7.97381,2.93402,264.425,0.270371,0.00197494,2.15685,1.40522,1.37254,0.784309,0.424834,0.294116,0.457514,0.620912,0.261436,0.196077,0,0,0,0,0
4160,4174,4167,10.3,169.672,-45.1236,254.99,-57.674,318.399,8.26571,3.8122,397.826,0.313068,0.00269007,1.95205,1.46404,1.15903,0.976025,0.335509,0.488012,0.579515,0.579515,0.335509,0.335509,0.0610016,0,0,0,0
4175,4189,4182,10.4,169.673,-45.1232,250.768,-58.364,318.893,8.0533,2.98277,280.484,0.282104,0.00188226,2.5205,1.07582,1.26025,0.768444,0.55328,0.430329,0.430329,0.55328,0.338115,0.0614755,0.0614755,0,0,0,0
4190,4205,4198,10.5,169.674,-45.1229,246.814,-58.9244,319.506,9.19697,4.05744,422.226,0.312187,0.00279988,2.5371,1.44153,1.26855,0.92258,0.720766,0.374798,0.432459,0.663105,0.518951,0.230645,0.0576613,0.0288306,0,0,0
4206,4220,4213,10.6,169.675,-45.1222,242.821,-59.7973,319.686,8.89408,3.94931,402.065,0.305419,0.00279486,2.70823,1.50799,0.954036,0.615507,0.523181,0.492406,0.677058,0.646282,0.46163,0.246203,0.0615507,0,0,0,0
4221,4236,4228,10.7,169.676,-45.1214,239.138,-60.1767,320.526,9.48143,4.24789,425.811,0.300722,0.00285338,2.30132,1.35011,1.35011,0.920527,0.736422,0.705737,0.644369,0.767106,0.429579,0.184105,0.0920527,0,0,0,0
4237,4253,4245,10.8,169.676,-45.1205,234.988,-60.0418,322.334,12.1418,4.73772,457.093,0.289439,0.00316844,3.21961,2.61934,1.36424,1.20053,0.927684,0.491127,0.600266,0.982254,0.354703,0.327418,0.0545697,0,0,0,0
4254,4267,4260,10.9,169.676,-45.1196,231.583,-60.5914,322.842,12.2886,6.37914,704.272,0.331207,0.00433761,2.65699,1.92632,1.49456,1.36171,0.797097,0.763884,0.963158,1.36171,0.398548,0.332124,0.166062,0.0664247,0,0,0
4268,4285,4276,11,169.675,-45.1187,227.806,-60.5906,324.361,17.3942,11.4933,1284.8,0.335362,0.00881445,2.70577,2.47384,1.72654,1.54615,1.08231,1.18538,2.01,2.29346,1.26269,0.850383,0.257692,0,0,0,0
4286,4303,4294,11.1,169.674,-45.1177,224.26,-60.4583,326.03,17.1926,11.2234,1266.22,0.338459,0.00858747,3.03248,2.10732,1.74753,1.77323,1.18215,1.13076,1.59334,2.26151,1.20785,0.899465,0.231291,0.025699,0,0,0
4304,4319,4312,11.2,169.674,-45.1166,220.541,-58.9838,329.863,16.6419,10.5556,1156.17,0.328596,0.00800213,2.82653,2.01895,1.93242,1.38442,1.096,1.2979,1.81705,2.07663,1.32674,0.634527,0.230737,0,0,0,0
4320,4334,4327,11.3,169.674,-45.1152,216.959,-58.7067,331.833,16.3093,10.8059,1183.52,0.328577,0.00840405,2.42644,2.24215,1.68929,1.35143,1.075,1.04429,1.96572,2.11929,1.505,0.706431,0.122858,0.0614288,0,0,0
4335,4349,4342,11.4,169.673,-45.1137,213.601,-59.436,332.178,15.9861,11.0313,1341.68,0.364873,0.0081757,2.49014,2.79756,1.50638,1.4449,1.10673,0.860789,1.50638,2.05975,0.891532,0.860789,0.430395,0,0.0307425,0,0
4350,4365,4358,11.5,169.673,-45.1118,210.188,-60.3919,332.221,16.4009,10.0338,1117.62,0.334156,0.00732688,3.02121,2.10046,2.10046,1.15094,1.12216,1.12216,1.98537,1.95659,1.00707,0.517922,0.316508,0,0,0,0
4366,4384,4375,11.6,169.672,-45.11,206.6,-59.7342,334.899,16.0453,7.24153,732.864,0.303609,0.00488165,3.70277,2.87993,2.2265,1.42787,0.919643,0.919643,1.47627,1.35526,0.677631,0.290413,0.121006,0.0484022,0,0,0
4385,4406,4396,11.7,169.672,-45.108,203.143,-57.2082,340.495,18.5113,10.9653,1184.45,0.324055,0.00801039,2.78084,2.78084,2.19977,1.88848,1.34892,1.12064,2.11676,2.36579,1.01688,0.622577,0.249031,0.0207526,0,0,0
4407,4427,4417,11.8,169.672,-45.1061,199.941,-56.6481,342.927,17.8319,12.5008,1472.2,0.353307,0.00933605,2.71356,2.2613,2.04593,1.67982,0.947591,0.947591,2.21822,2.64895,1.11988,0.775302,0.409187,0.0646085,0,0,0
4428,4445,4436,11.9,169.672,-45.1047,196.977,-55.645,345.991,17.7141,12.8375,1521.61,0.355586,0.00955406,2.6538,1.90189,1.94612,1.4817,1.17209,1.21632,2.38842,2.47688,1.19421,0.774024,0.420184,0.0884599,0,0,0
4446,4467,4456,12,169.672,-45.1031,193.923,-54.3524,349.612,17.761,12.4661,1417.57,0.341144,0.00942463,2.373,2.06268,1.86189,1.51507,1.1865,1.64285,2.11745,2.51903,1.35078,0.766662,0.328569,0.0365077,0,0,0
4468,4484,4476,12.1,169.673,-45.1011,190.969,-54.1106,351.531,17.1727,11.1818,1214.81,0.325923,0.00839843,2.17177,2.30611,1.74637,1.61204,1.32098,1.11947,2.64195,2.17177,1.16425,0.671682,0.223894,0.0223894,0,0,0
4485,4503,4494,12.2,169.673,-45.0989,187.876,-54.5021,352.541,17.3428,11.972,1368.83,0.343007,0.00882955,2.29626,2.09483,1.67184,1.59127,1.28913,1.55098,2.25598,2.43726,1.06756,0.68485,0.342425,0.0402853,0.0201426,0,0
4504,4527,4516,12.3,169.673,-45.0965,184.892,-54.3496,354.403,17.5983,12.8519,1505.86,0.35151,0.0097278,2.46176,2.02929,1.72989,1.51365,1.11445,1.44712,2.19563,2.64473,1.08118,0.948112,0.399205,0.0332671,0,0,0
4528,4546,4537,12.4,169.673,-45.0944,182.087,-54.4526,355.796,16.9151,12.0389,1384.59,0.345028,0.00892401,2.22726,1.90621,1.54503,1.40458,1.46477,1.46477,2.14699,2.44797,1.32431,0.541765,0.401307,0.0401307,0,0,0
4547,4570,4558,12.5,169.673,-45.0927,179.141,-53.5009,359.01,16.0071,12.1279,1402.17,0.346845,0.0093461,1.7583,2.00711,1.26066,1.40995,1.0782,1.4763,2.13981,2.25593,1.4763,0.796209,0.248815,0.0995262,0,0,0
4571,4591,4581,12.6,169.673,-45.0909,176.347,-53.2895,360.969,15.6772,9.82514,1131.59,0.345519,0.00707542,2.65502,2.13124,1.78807,1.51715,1.24623,1.01144,1.84226,1.62552,0.885006,0.614086,0.288981,0.0722454,0,0,0
4592,4606,4599,12.7,169.673,-45.0893,173.581,-52.4779,363.938,15.2081,7.31782,744.892,0.305374,0.00515219,3.16048,2.45815,2.43114,1.45868,0.810379,0.675316,1.59375,1.29661,0.837392,0.351164,0.108051,0.0270126,0,0,0
4607,4631,4619,12.8,169.674,-45.0873,170.887,-52.4588,365.612,15.0297,8.40303,917.44,0.327539,0.00606343,2.83282,2.39216,1.71543,1.54231,0.975748,1.11739,1.27477,1.60526,0.818369,0.535088,0.204592,0.0157379,0,0,0
4632,4655,4644,12.9,169.674,-45.0849,168.155,-52.4162,367.366,16.2446,9.45153,1045.63,0.331893,0.00685258,2.96216,2.59977,1.67015,1.44957,1.30776,1.19747,1.55986,1.68591,0.94537,0.598734,0.252099,0.0157562,0,0,0
4656,4677,4666,13,169.675,-45.0824,165.576,-52.3445,369.107,14.7591,8.39227,895.933,0.320271,0.0061134,2.514,1.93253,1.94964,1.45368,1.19714,1.14584,1.40237,1.60759,0.820899,0.564368,0.153919,0.0171021,0,0,0
4678,4699,4688,13.1,169.676,-45.08,163.109,-51.9145,371.412,15.0613,8.63625,969.536,0.336791,0.00626641,2.67604,2.65888,2.00703,1.37233,0.874859,0.789088,1.38948,1.69826,0.720472,0.617547,0.223003,0.0343082,0,0,0
4700,4720,4710,13.2,169.677,-45.0777,160.641,-51.2486,374.168,14.1062,7.22936,788.15,0.327062,0.00499781,2.93581,2.57778,1.73642,1.3605,0.84136,0.805558,1.32469,1.27099,0.644446,0.375927,0.179013,0.0537038,0,0,0
4721,4742,4732,13.3,169.677,-45.0758,158.174,-50.9059,376.402,15.5933,7.77586,806.657,0.311216,0.00553997,3.10846,2.39504,2.19121,1.9534,0.985195,0.781361,1.29094,1.40985,0.849306,0.492597,0.101917,0.0339722,0,0,0
4743,4758,4750,13.4,169.677,-45.0742,155.901,-50.8053,378.129,14.5873,7.25274,775.045,0.320587,0.00502625,3.01205,2.51419,1.99144,1.54336,0.945933,0.721896,1.34422,1.24465,0.647217,0.423181,0.174251,0.024893,0,0,0
4760,4773,4766,13.5,169.677,-45.073,153.365,-51.4691,378.767,13.6935,4.80911,405.936,0.253229,0.00289411,2.90262,2.66358,2.08306,1.74157,0.956157,0.819563,1.26349,0.751266,0.307336,0.170742,0.0341484,0,0,0,0
4774,4798,4786,13.6,169.677,-45.071,150.956,-51.8825,379.787,13.7611,6.47045,691.878,0.320787,0.00439454,2.79914,2.59585,2.09544,1.59504,0.781882,0.719331,0.969533,1.06336,0.547317,0.406578,0.187652,0,0,0,0
4799,4819,4809,13.7,169.678,-45.069,148.546,-52.1458,381.077,12.9293,6.19351,662.4,0.320852,0.00415279,2.63514,2.57827,1.51663,1.32705,0.928935,0.79623,1.2133,0.966851,0.379157,0.398115,0.170621,0.0189579,0,0,0
4821,4845,4833,13.8,169.678,-45.0672,146.402,-52.3255,382.349,14.423,7.19252,777.95,0.324483,0.00485881,2.78571,2.43955,2.12637,1.56593,0.989008,0.791206,1.31868,1.23626,0.560438,0.362636,0.247252,0,0,0,0
4846,4868,4857,13.9,169.678,-45.0655,143.946,-52.5045,383.893,13.7665,6.43479,649.417,0.302768,0.00427446,2.58534,2.4042,1.84432,1.49851,1.00449,1.08683,1.11976,1.28444,0.543415,0.23054,0.148204,0.0164671,0,0,0
4869,4893,4881,14,169.679,-45.0638,141.672,-53.0744,384.652,13.4535,6.13784,627.191,0.306553,0.00403012,2.92288,1.92786,1.82421,1.6791,1.20232,0.891375,1.01575,1.01575,0.538971,0.269486,0.145108,0.0207297,0,0,0
4893,4916,4904,14.1,169.68,-45.0618,139.567,-52.9167,386.575,12.5564,5.41191,584.434,0.323971,0.00354118,3.50474,2.3181,1.73857,1.37982,0.413946,0.524332,0.938278,0.827892,0.441543,0.275964,0.137982,0.0551928,0,0,0
4917,4938,4928,14.2,169.682,-45.06,137.417,-52.6455,388.765,12.4885,5.76883,605.024,0.314634,0.00368697,2.40742,2.13659,1.6551,1.74538,0.782412,0.932876,1.05325,0.902784,0.481485,0.21065,0.0300928,0.120371,0.0300928,0,0
4941,4967,4954,14.3,169.683,-45.0579,135.234,-52.5395,390.743,12.8586,5.00238,491.512,0.294767,0.00315043,3.22292,2.41306,1.88417,1.38833,0.958612,0.694167,0.644584,0.958612,0.330556,0.247917,0.0826389,0.0330556,0,0,0
4968,4993,4980,14.4,169.684,-45.056,133.062,-52.4788,392.664,12.7357,5.73795,607.545,0.317646,0.0037435,2.76005,2.45776,1.82689,1.30117,0.841159,0.775444,0.959447,0.867445,0.499438,0.249719,0.184004,0.0131431,0,0,0
4994,5008,5001,14.5,169.685,-45.0543,131.179,-52.8447,393.607,12.4848,5.60483,587.043,0.314216,0.00364328,2.70358,2.26397,1.78041,1.29684,0.879213,0.835252,1.121,0.68139,0.461587,0.285744,0.153862,0.0219803,0,0,0
5009,5029,5019,14.6,169.687,-45.0523,129.015,-52.9805,395.236,11.5895,5.79544,640.277,0.331439,0.00398053,2.35558,1.91588,1.85306,1.30342,0.722379,0.690971,0.816603,0.816603,0.533933,0.392597,0.172743,0.0157039,0,0,0
5030,5053,5042,14.7,169.689,-45.0495,126.969,-52.4863,397.948,12.101,6.57025,742.952,0.339235,0.004592,2.40926,1.91645,1.65636,1.40996,0.65707,0.793959,0.958227,1.09512,0.52018,0.451736,0.205334,0.0273779,0,0,0
5054,5075,5064,14.8,169.69,-45.0471,124.956,-52.1352,400.399,11.8398,6.95472,792.082,0.341674,0.00493893,2.21113,1.64659,1.64659,0.925226,0.956589,0.831135,1.22318,1.035,0.70568,0.407727,0.188181,0.0627272,0,0,0
5076,5096,5086,14.9,169.691,-45.0455,123.158,-52.2119,401.916,11.4028,5.73535,628.179,0.328583,0.00373386,2.05469,1.96058,1.50573,1.30183,0.846972,0.909711,1.16067,0.768549,0.407801,0.250955,0.203901,0.0313693,0,0,0
5097,5117,5107,15,169.692,-45.0442,121.164,-52.2015,403.82,11.9558,6.7298,756.619,0.337285,0.00470791,1.9981,2.32565,1.24472,1.1792,0.868026,0.83527,1.16283,1.16283,0.540469,0.393068,0.22929,0.0163778,0,0,0
5118,5138,5128,15.1,169.694,-45.0428,119.326,-52.0352,405.895,11.867,6.30968,659.155,0.313402,0.00457109,2.22311,1.73778,1.53426,1.22114,0.892374,0.767129,1.22114,1.14287,0.532294,0.500982,0.0626228,0.0313114,0,0,0
5139,5160,5150,15.2,169.695,-45.041,117.43,-52.5614,406.779,11.8794,7.49988,852.582,0.341038,0.00541614,1.70561,1.7505,1.42134,1.07723,0.822882,0.942574,1.51111,1.3615,0.508691,0.523652,0.239384,0.0149615,0,0,0
5161,5179,5170,15.3,169.697,-45.0391,115.572,-53.42,407.048,11.0877,6.79271,777.773,0.343503,0.00488945,1.77265,1.59886,1.47721,1.02535,0.78205,0.868945,1.21652,1.07749,0.521367,0.521367,0.173789,0.0521367,0,0,0
5180,5203,5192,15.4,169.7,-45.0368,113.803,-53.6246,408.472,10.9746,6.76399,725.457,0.321758,0.00525304,1.65446,1.40629,1.58552,1.13055,0.551486,0.716931,1.22706,1.21327,0.827229,0.592847,0.0689357,0,0,0,0
5204,5227,5216,15.5,169.703,-45.034,112.071,-53.6838,410.148,11.255,6.88383,755.443,0.329225,0.00506343,1.88963,1.3655,1.25516,1.07585,0.951712,0.89654,1.25516,1.28274,0.634475,0.482752,0.137929,0.0275859,0,0,0
5228,5254,5241,15.6,169.706,-45.031,110.207,-54.383,410.804,10.9549,6.87853,785.966,0.342791,0.00497835,1.70901,1.59836,1.08196,1.19262,0.860653,0.922128,1.09426,1.16803,0.639342,0.454916,0.196721,0.0368851,0,0,0
5255,5279,5267,15.7,169.708,-45.0278,108.44,-55.1472,411.272,11.6252,7.66915,890.602,0.348384,0.00565308,1.73511,1.58829,1.41478,1.02772,0.974332,0.694045,1.30801,1.37474,0.707392,0.533881,0.226899,0.040041,0,0,0
5280,5303,5292,15.8,169.709,-45.0247,106.758,-55.2271,412.955,10.5456,6.35967,715.436,0.337487,0.00458856,1.67898,1.63735,1.30433,0.90193,0.860302,0.749296,1.02681,1.22107,0.56891,0.388524,0.194262,0.0138758,0,0,0
5304,5326,5315,15.9,169.71,-45.0223,105.062,-55.2365,414.828,10.7291,6.82376,798.413,0.351015,0.00492234,1.79061,1.42666,1.35388,1.04816,0.771564,0.800679,1.12095,1.09184,0.582312,0.480408,0.218367,0.0436734,0,0,0
5327,5349,5338,16,169.711,-45.0208,103.402,-54.5387,418.065,10.8649,6.84556,757.041,0.331766,0.00507405,1.58717,1.12545,1.52946,1.11102,1.01002,0.721442,1.08216,1.34188,0.7503,0.432865,0.144288,0.0288577,0,0,0
5350,5372,5361,16.1,169.712,-45.0198,101.767,-54.3952,420.242,9.62773,7.0732,813.762,0.345146,0.00537376,1.11647,1.13097,0.666982,1.02947,0.782978,0.869976,1.30496,1.30496,0.695981,0.521986,0.159496,0.0434988,0,0,0
5373,5395,5384,16.2,169.713,-45.0193,100.2,-54.5322,421.839,9.75927,7.65264,924.844,0.362559,0.00587819,1.22895,1.1422,0.983156,0.7952,0.578327,0.708451,1.35907,1.38799,0.63616,0.665076,0.245789,0.0289164,0,0,0
5396,5416,5406,16.3,169.715,-45.0191,98.6595,-54.989,422.838,9.98401,7.89138,942.57,0.358329,0.00599826,1.05522,0.795474,1.08769,0.892879,0.844177,1.00652,1.3799,1.21756,0.811708,0.616898,0.211044,0.0649367,0,0,0
