api/data/B2SAP/Locations/Lauder/NOAA-POPS-B2SAP_GMLBalloon_20190903_R0.ict
61,1001
Thornberry, T. D.
NOAA Chemical Sciences Laboratory
Portable Optical Particle Spectrometer (POPS)
Balloon Baseline Stratospheric Aerosol Profiles (B2SAP)
1,1
2019,09,03,2024,05,28
0
TIME_START,s,Seconds since midnight UTC on flight start day,Start time of 100 m altitude bin in UTC_seconds_since_midnight
28
1.0,1.0,1.0,1.0,1.0,1.0,1.0,1.0,1.0,1.0,1.0,1.0,1.0,1.0,1.0,1.0,1.0,1.0,1.0,1.0,1.0,1.0,1.0,1.0,1.0,1.0,1.0,1.0
99999,99999,99999,99999,99999,99999,99999,99999,99999,99999,99999,99999,99999,99999,99999,99999,99999,99999,99999,99999,99999,99999,99999,99999,99999,99999,99999,99999
TIME_STOP,s,End time of 100 m altitude bin in UTC seconds since midnight,
TIME_MID,s,Mid time of 100 m altitude in UTC seconds since midnight,
GPSAlt,m,GPS reported altitude above sea level (m),
GPS_Lon,deg,GPS reported longitude,
GPS_Lat,deg,GPS reported latitude,
iMet_Pressure,mb,Pressure reported (mB),
iMet_Temperature,degrees C,Ambient temperature (oC),
THETA,K,Potential temperature from iMet,
Aerosol_concentration,cm^-3,Aerosol concentration,
Surface_Area_Conc,um^2 cm^-3,Surface area concentration,
Volume_density,um^3 cm^-3,Volume density,
Effective_radius,um,Effective radius,
Extinction,km^-1,Extinction,
Bin01,cm^-3,particle concentration in size range [140 - 170 nm],
Bin02,cm^-3,particle concentration in size range [170 - 205 nm],
Bin03,cm^-3,particle concentration in size range [205 - 249 nm],
Bin04,cm^-3,particle concentration in size range [249 - 302 nm],
Bin05,cm^-3,particle concentration in size range [302 - 366 nm],
Bin06,cm^-3,particle concentration in size range [366 - 443 nm],
Bin07,cm^-3,particle concentration in size range [443 - 537 nm],
Bin08,cm^-3,particle concentration in size range [537 - 651 nm],
Bin09,cm^-3,particle concentration in size range [651 - 789 nm],
Bin10,cm^-3,particle concentration in size range [789 - 956 nm],
Bin11,cm^-3,particle concentration in size range [956 - 1159 nm],
Bin12,cm^-3,particle concentration in size range [1159 - 1404 nm],
Bin13,cm^-3,particle concentration in size range [1404 - 1702 nm],
Bin14,cm^-3,particle concentration in size range [1702 - 2062 nm],
Bin15,cm^-3,particle concentration in size range [2062 - 2500 nm],
0
19
PI_CONTACT_INFO: 325 Broadway R/CSL6, Boulder, CO 80305; troy.thornberry@noaa.gov; 303-497-3373 
PLATFORM: GML ECC/FPH balloon
LOCATION: Lauder, NZ
ASSOCIATED_DATA: N/A
INSTRUMENT_INFO: Printed Optical Particle Spectrometer counts particles from 140 - 2500 nm in diameter 
DATA_INFO: Particle concentrations reported in number per cubic centimeter, binned to 100 m altitude
UNCERTAINTY: Counting uncertainty dominated by air flow, less than 5 percent
ULOD_FLAG: -77777
ULOD_VALUE: 3000 ~3000 per cm3 (varies depending on flow rate- manufacturer quotes 1250  per cm3 at 1.667 cc/s)
LLOD_FLAG: -88888
LLOD_VALUE: 0 0 (varies depending on data field and measurement precision)
DM_CONTACT_INFO: Troy Thornberry, 325 Broadway R/CSL6, Boulder, CO 80305; troy.thornberry@noaa.gov; 303-497-3373
PROJECT_INFO: B2SAP Lauder, NZ
STIPULATIONS_ON_USE: Please contact the PIs for questions regarding applications and uncertainties
OTHER_COMMENTS: POPS bin Edges (nm):  140, 170, 205, 249, 302, 366, 443, 537, 651, 789, 956, 1159, 1404, 1702, 2062, 2500
Calculations assume sulfate refractive index of 1.45+0.00j and extinction wavelength = 532 nm
REVISION: R0
R0: QA/QC data
TIME_START,TIME_STOP,TIME_MID,GPSAlt,GPS_Lon,GPS_Lat,iMet_Pressure,iMet_Temperature,THETA,Aerosol_concentration,Surface_Area_Conc,Volume_density,Effective_radius,Extinction,Bin01,Bin02,Bin03,Bin04,Bin05,Bin06,Bin07,Bin08,Bin09,Bin10,Bin11,Bin12,Bin13,Bin14,Bin15
[from data line 478]
22922,22957,22940,8.5,170.504,-45.0922,327.177,-46.1624,312.342,9.54752,2.3978,145.521,0.182068,0.00100478,2.28968,1.91526,1.38245,1.03684,1.02243,1.02243,0.748825,0.100803,0.028801,0,0,0,0,0,0
22958,22993,22976,8.4,170.508,-45.0919,331.888,-45.3053,312.245,8.7908,2.36174,155.245,0.1972,0.00105376,1.90853,1.8854,1.12198,1.15668,0.925348,0.809679,0.774979,0.161936,0.0347005,0,0.0115668,0,0,0,0
22994,23032,23013,8.3,170.512,-45.0917,336.917,-44.451,312.075,8.98066,2.42708,157.955,0.195241,0.00106991,1.91531,1.68121,1.45776,1.05342,0.947013,0.989575,0.734201,0.159609,0.0319218,0,0.0106406,0,0,0,0
23033,23075,23054,8.2,170.516,-45.0914,342.097,-43.4849,312.033,8.95407,2.29503,140.772,0.184013,0.000968249,2.16662,1.47637,1.41885,1.12166,0.977854,0.95868,0.69025,0.124628,0.0095868,0.0095868,0,0,0,0,0
23076,23113,23094,8.1,170.519,-45.091,347.173,-42.7462,311.72,7.86926,2.16174,141.763,0.196735,0.000945627,1.72036,1.37629,1.12101,0.965622,0.932324,1.04332,0.532757,0.12209,0.0443964,0,0.0110991,0,0,0,0
23114,23153,23134,8,170.521,-45.0902,352.483,-42.0047,311.364,7.3913,2.06734,136.01,0.197369,0.000963176,1.52553,1.45033,0.945399,1.0958,0.730536,0.827224,0.558645,0.214863,0.0214863,0.0214863,0,0,0,0,0
23154,23192,23173,7.9,170.523,-45.0891,357.606,-41.1356,311.252,8.17428,2.3231,157.49,0.203379,0.0011143,1.70958,1.65297,1.12085,0.962346,0.928381,0.860451,0.645338,0.226434,0.0226434,0.0452869,0,0,0,0,0
23193,23230,23212,7.8,170.526,-45.0881,363.332,-40.388,310.845,8.4706,2.28321,144.93,0.190429,0.0010284,1.98352,1.28441,1.43074,1.07305,0.926726,0.845434,0.699109,0.178842,0.0487751,0,0,0,0,0,0
23231,23266,23248,7.7,170.527,-45.0875,368.412,-39.6633,310.58,7.97468,1.91914,115.184,0.180057,0.000787133,2.1593,1.42317,1.2146,1.03057,0.687049,0.797468,0.503018,0.147225,0.0122687,0,0,0,0,0,0
23268,23305,23286,7.6,170.528,-45.0869,373.805,-38.9282,310.26,8.02111,2.10957,131.174,0.186541,0.000921294,1.61699,1.72337,1.22338,0.904237,0.904237,0.808494,0.680837,0.127657,0.0319142,0,0,0,0,0,0
23306,23342,23324,7.5,170.529,-45.0861,379.146,-38.2197,309.939,9.00033,2.56205,182.234,0.213385,0.00123577,2.06779,1.676,1.30597,1.07743,0.968597,0.968597,0.609454,0.185013,0.0761818,0.0544156,0.0108831,0,0,0,0
23343,23380,23362,7.4,170.53,-45.0854,384.73,-37.3261,309.824,8.46454,2.26289,148.487,0.196855,0.000995608,1.93716,1.71607,1.16861,0.96858,0.821187,1.03175,0.64221,0.136865,0.0210561,0.010528,0.010528,0,0,0,0
23381,23417,23399,7.3,170.531,-45.0847,390.405,-36.6084,309.472,8.10105,2.24124,195.096,0.261145,0.0010102,1.87694,1.53176,1.24051,1.11106,0.798239,0.819813,0.560925,0.0755091,0.0539351,0.021574,0,0,0,0,0.010787
23418,23452,23435,7.2,170.531,-45.084,395.824,-35.9168,309.16,7.85731,1.93151,118.884,0.184649,0.000811163,1.9804,1.55603,1.22168,0.964482,0.604408,0.874463,0.50153,0.128598,0.0128598,0.0128598,0,0,0,0,0
23454,23491,23472,7.1,170.531,-45.0833,401.959,-35.1183,308.83,7.52661,1.99728,130.071,0.195373,0.000918956,1.992,1.31291,1.05259,0.780956,0.916775,0.679093,0.509319,0.260319,0,0.0226364,0,0,0,0,0
23492,23524,23508,7,170.53,-45.0829,407.472,-34.2766,308.721,7.7051,1.98657,122.835,0.185498,0.000858378,1.90477,1.41322,1.13057,0.860218,0.761907,0.909373,0.565286,0.135177,0.0245777,0,0,0,0,0,0
23526,23558,23542,6.9,170.528,-45.0825,413.293,-33.4993,308.475,7.16627,1.85144,120.69,0.195561,0.000857498,1.87626,1.52446,1.00328,0.755716,0.547242,0.677538,0.586331,0.130296,0.0521183,0.0130296,0,0,0,0,0
23559,23591,23575,6.8,170.525,-45.0821,419.125,-32.7823,308.164,6.94486,1.71951,108.232,0.18883,0.000743184,1.77347,1.49031,0.99851,0.76006,0.596126,0.745157,0.417288,0.119225,0.0298063,0.0149031,0,0,0,0,0
23593,23626,23610,6.7,170.522,-45.082,425.231,-31.9837,307.915,7.02334,1.81298,126.79,0.209803,0.000781646,1.87289,1.41767,1.01448,0.780371,0.61129,0.676321,0.468222,0.143068,0.0130062,0,0.0260124,0,0,0,0
23627,23661,23644,6.6,170.517,-45.082,431.551,-30.9903,307.873,6.52365,1.7098,111.996,0.196507,0.00078176,1.57468,1.27474,1.04978,0.77484,0.524892,0.662363,0.474902,0.137472,0.0249948,0.0249948,0,0,0,0,0
23662,23696,23679,6.5,170.513,-45.082,437.596,-30.1926,307.665,6.00162,1.58324,106.232,0.201294,0.000711251,1.48622,1.22528,0.884927,0.680713,0.49919,0.555916,0.49919,0.147488,0.0113452,0,0.0113452,0,0,0,0
23697,23731,23714,6.4,170.509,-45.0818,443.761,-29.246,307.634,5.83901,1.52578,98.2689,0.193217,0.000708347,1.48468,1.18553,0.842058,0.686942,0.432109,0.553986,0.421029,0.210515,0.0221594,0,0,0,0,0,0
23732,23767,23750,6.3,170.504,-45.0815,450.051,-28.325,307.559,5.42065,1.35711,90.707,0.200515,0.000637904,1.58991,1.17376,0.75761,0.469505,0.458834,0.437493,0.341458,0.128047,0.0426823,0.0213411,0,0,0,0,0
23768,23805,23786,6.2,170.499,-45.081,456.395,-27.39,307.504,5.85271,1.442,90.0182,0.187278,0.000634325,1.70751,1.03349,0.96609,0.483045,0.572914,0.505512,0.449344,0.101102,0.0337008,0,0,0,0,0,0
23806,23842,23824,6.1,170.494,-45.0804,462.768,-26.4245,307.481,5.52561,1.37901,99.3906,0.216222,0.000614372,1.58436,1.24392,0.746351,0.693975,0.314253,0.419004,0.366628,0.0916571,0.0392816,0.0130939,0,0,0.0130939,0,0
23844,23881,23862,6,170.488,-45.0799,469.269,-25.4632,307.453,5.67906,1.35192,82.8438,0.183836,0.000562448,1.51739,1.19383,0.814482,0.635965,0.569021,0.457449,0.390505,0.078101,0.0111573,0.0111573,0,0,0,0,0
23882,23918,23900,5.9,170.483,-45.0797,475.76,-24.5586,307.37,6.40588,1.70428,116.355,0.204817,0.000780033,1.54998,1.34404,0.888802,0.780411,0.617826,0.541952,0.45524,0.184264,0.0216781,0.010839,0.010839,0,0,0,0
23919,23956,23938,5.8,170.478,-45.0796,482.242,-23.6535,307.301,6.1258,1.40584,87.2577,0.186204,0.000584018,1.87545,1.26389,0.713488,0.815414,0.540212,0.458671,0.30578,0.122312,0.0101927,0.0203854,0,0,0,0,0
23957,23995,23976,5.7,170.473,-45.0798,489.008,-22.7568,307.182,6.33575,1.67481,114.368,0.204861,0.000770786,1.50005,1.31255,1.05596,0.73029,0.523045,0.523045,0.48357,0.148032,0.0394751,0.00986878,0.00986878,0,0,0,0
23996,24032,24014,5.6,170.467,-45.0803,495.934,-21.9332,306.951,7.72405,2.12645,148.406,0.209372,0.00101243,1.82458,1.52048,1.1657,0.841334,0.871744,0.679149,0.537237,0.162185,0.091229,0.0202731,0.0101366,0,0,0,0
24033,24067,24050,5.5,170.463,-45.081,502.512,-21.1206,306.785,8.1862,2.06272,125.036,0.181852,0.000858859,1.85203,1.53423,1.34793,1.05204,0.778073,0.898619,0.580815,0.120546,0.0219175,0,0,0,0,0,0
24068,24104,24086,5.4,170.458,-45.0817,509.445,-20.3353,306.54,9.12706,2.30341,150.217,0.195646,0.000927865,2.05695,1.7882,1.38508,1.28172,1.04398,0.888932,0.485812,0.155046,0.0206728,0,0.0103364,0.0103364,0,0,0
24105,24141,24123,5.3,170.454,-45.0823,516.365,-19.4764,306.401,9.4647,2.5132,163.143,0.194744,0.00112686,2.15808,1.67508,1.47982,1.28457,1.04821,0.852954,0.729635,0.174701,0.0205531,0.0411062,0,0,0,0,0
24142,24179,24160,5.2,170.451,-45.0826,523.35,-18.6859,306.18,8.87504,2.29249,144.246,0.188764,0.000994901,2.02343,1.51256,1.51256,1.28217,0.871477,0.811375,0.63107,0.20034,0.010017,0.020034,0,0,0,0,0
24180,24218,24199,5.1,170.448,-45.0827,530.593,-17.9095,305.912,9.21789,2.59101,173.11,0.200435,0.00117411,1.74419,1.88061,1.31545,1.16929,1.02313,1.16929,0.672341,0.165649,0.0487204,0.0194881,0.00974407,0,0,0,0
24219,24257,24238,5,170.446,-45.0826,537.592,-17.1984,305.609,8.67545,2.29943,146.766,0.191481,0.000973257,1.83966,1.61696,1.34586,1.2103,0.764911,1.09411,0.63904,0.145236,0.00968242,0,0,0.00968242,0,0,0
24258,24295,24276,4.9,170.444,-45.0826,544.771,-16.3742,305.436,8.68737,2.26307,141.596,0.187705,0.000987073,2.04636,1.60234,1.32241,1.09075,0.772211,1.00387,0.666032,0.154442,0.0193053,0.00965263,0,0,0,0,0
24296,24334,24315,4.8,170.442,-45.083,552.213,-15.6292,305.14,10.2629,2.8878,196.956,0.204609,0.00131667,2.27646,1.68383,1.62739,1.27933,1.19467,1.08179,0.790177,0.263392,0.0376275,0.00940686,0.00940686,0.00940686,0,0,0
24335,24373,24354,4.7,170.441,-45.0834,559.846,-15.579,304.007,13.8898,4.02625,282.785,0.210706,0.0019464,2.84919,2.58677,2.04317,1.94008,1.60267,1.13405,1.12468,0.47799,0.0656064,0.0468617,0.00937234,0.00937234,0,0,0
24374,24411,24392,4.6,170.438,-45.0838,567.341,-14.9771,303.555,14.0764,3.87762,259.053,0.200422,0.00179385,2.77697,2.73866,2.31733,1.98218,1.45551,1.28315,0.967151,0.45006,0.0670303,0.0287273,0.00957575,0,0,0,0
24412,24450,24431,4.5,170.435,-45.0845,574.768,-14.0805,303.482,9.32027,2.49272,156.533,0.188389,0.00109601,1.75114,1.79898,1.62674,1.21527,1.06217,0.880354,0.727249,0.239227,0.00956907,0.00956907,0,0,0,0,0
24451,24491,24471,4.4,170.432,-45.0848,582.452,-13.1698,303.396,6.57916,1.74997,108.638,0.18624,0.000736632,1.24303,1.13648,1.10984,0.958906,0.790209,0.763573,0.461695,0.0976663,0,0.0177575,0,0,0,0,0
24492,24531,24512,4.3,170.429,-45.0848,590.042,-12.1987,303.404,5.61352,1.53516,107.122,0.209338,0.000662864,1.06703,1.05775,0.983526,0.83507,0.593827,0.556713,0.398978,0.0649499,0.0278357,0.00927855,0.0185571,0,0,0,0
24532,24574,24553,4.2,170.426,-45.0846,597.871,-11.2309,303.385,4.5304,1.03585,59.1972,0.171446,0.000380541,1.00022,0.907761,0.781683,0.6472,0.554743,0.386639,0.184914,0.0504312,0.0168104,0,0,0,0,0,0
24575,24614,24594,4.1,170.423,-45.0845,605.606,-10.2956,303.352,3.5733,0.908129,65.8276,0.217461,0.000364298,0.824607,0.833769,0.513089,0.503926,0.293193,0.32068,0.219895,0.0366492,0.0091623,0,0,0.0183246,0,0,0
24615,24655,24635,4,170.421,-45.0844,613.695,-9.43366,303.196,3.08259,0.813843,56.7087,0.20904,0.000337759,0.496349,0.722753,0.635675,0.357023,0.304776,0.313483,0.16545,0.069663,0.00870787,0,0,0,0.00870787,0,0
24656,24694,24675,3.9,170.418,-45.0844,621.968,-8.64897,302.936,3.4407,0.837838,52.3552,0.187465,0.000354103,0.878478,0.668009,0.56735,0.393485,0.347731,0.301977,0.219619,0.0366032,0.0183016,0.00915081,0,0,0,0,0
24695,24731,24713,3.8,170.415,-45.0844,629.954,-7.88139,302.71,4.63575,1.2658,92.6991,0.219701,0.000606211,1.20113,0.83384,0.843766,0.496333,0.337506,0.486406,0.258093,0.0992666,0.0397066,0.02978,0.00992666,0,0,0,0
24732,24769,24750,3.7,170.412,-45.0842,638.075,-7.27211,302.297,4.53968,1.07409,66.0917,0.184598,0.000437319,1.0742,0.812659,0.962114,0.597818,0.429682,0.270886,0.317591,0.0560455,0,0.0186818,0,0,0,0,0
24770,24805,24788,3.6,170.408,-45.0844,646.303,-6.50583,302.061,4.74163,1.23586,84.289,0.204607,0.000546334,1.12379,1.02522,0.739339,0.532324,0.384456,0.492893,0.325309,0.0788628,0.0197157,0.00985785,0.00985785,0,0,0,0
24806,24839,24822,3.5,170.405,-45.0851,654.616,-5.78353,301.775,7.39984,2.04786,138.902,0.203484,0.000949693,1.70207,1.36996,1.10012,0.94444,0.684978,0.726492,0.653843,0.166055,0.0311354,0.0103785,0.0103785,0,0,0,0
24840,24871,24856,3.4,170.402,-45.086,662.87,-5.17156,301.385,9.22362,2.24839,139.861,0.186616,0.000942225,2.11236,1.94647,1.45985,1.34926,0.818403,0.796284,0.530856,0.143773,0.044238,0.022119,0,0,0,0,0
24872,24907,24890,3.3,170.399,-45.0868,671.312,-4.51583,301.032,12.0329,3.08753,197.478,0.191879,0.00132737,2.91437,2.24258,1.77826,1.58068,1.2349,1.12623,0.938526,0.138309,0.0592753,0.00987922,0.00987922,0,0,0,0
24908,24943,24926,3.2,170.397,-45.0879,680.031,-3.83611,300.683,12.8899,3.11519,199.999,0.192604,0.00127107,3.06623,2.45103,2.59751,1.61124,1.11322,0.986272,0.781206,0.214832,0.0390603,0.00976507,0.00976507,0.00976507,0,0,0
24944,24977,24960,3.1,170.394,-45.0889,688.503,-3.31029,300.206,14.1505,3.52526,222.253,0.189138,0.00146155,3.25597,2.72881,2.40838,1.87089,1.34373,1.38508,0.847585,0.268746,0,0.0310092,0.0103364,0,0,0,0
24978,25010,24994,3,170.391,-45.09,697.014,-3.71966,298.701,9.61802,2.18336,139.705,0.191958,0.000857356,2.55023,2.18591,1.603,1.12939,0.789357,0.716494,0.400751,0.206447,0.012144,0.012144,0,0,0.012144,0,0
25011,25042,25026,2.9,170.389,-45.0914,706.044,-4.52062,296.719,10.5621,2.81589,185.923,0.198079,0.00128752,2.39847,2.09041,1.74934,1.10022,1.05621,1.10022,0.825161,0.143028,0.0440086,0.0550108,0,0,0,0,0
25043,25072,25058,2.8,170.387,-45.0929,715.008,-4.31833,295.874,17.7474,5.41892,391.099,0.216519,0.00254411,3.18843,2.91882,2.71954,2.44993,2.2741,2.10999,1.44183,0.504053,0.0468887,0.0468887,0.0117222,0.0117222,0.0234443,0,0
25073,25100,25086,2.7,170.385,-45.0942,723.856,-3.54036,295.689,22.8933,6.95417,471.012,0.203193,0.00326447,3.87658,3.6114,3.64929,3.1442,2.71487,3.08106,2.14664,0.530346,0.0757637,0.0378819,0.0126273,0.0126273,0,0,0
25101,25126,25114,2.6,170.384,-45.0957,733.085,-3.07667,295.128,38.9493,12.0946,856.049,0.212338,0.00563506,6.5946,6.3002,5.78499,5.26979,4.87235,5.21091,3.84194,0.839045,0.103041,0.0147201,0.0736004,0.0294402,0.0147201,0,0
25127,25153,25140,2.5,170.383,-45.0972,742.58,-2.6188,294.543,34.5204,11.0463,773.5,0.21007,0.00534137,5.76746,5.24698,4.86717,4.58583,4.50143,4.74057,3.72775,0.858086,0.112536,0.0562679,0,0.0422009,0.014067,0,0
25154,25181,25168,2.4,170.382,-45.0987,751.48,-2.48214,293.69,36.2707,10.3974,687.626,0.198403,0.00464087,7.36,5.41918,5.54521,5.0411,4.31014,4.76384,3.02466,0.630137,0.100822,0.0252055,0.050411,0,0,0,0
25184,25193,25188,2.3,170.381,-45.1001,758.553,-2.09667,293.322,47.1372,13.038,813.636,0.187215,0.00574417,9.681,7.6065,6.6845,7.26075,4.95575,5.87775,3.9185,1.1525,0,0,0,0,0,0,0
