api/data/B2SAP/Locations/Lauder/NOAA-POPS-B2SAP_GMLBalloon_20230121_R0.ict
61,1001
Thornberry, T. D.
NOAA Chemical Sciences Laboratory
Portable Optical Particle Spectrometer (POPS)
Balloon Baseline Stratospheric Aerosol Profiles (B2SAP)
1,1
2023,01,21,2024,05,28
0
TIME_START,s,Seconds since midnight UTC on flight start day,Start time of 100 m altitude bin in UTC_seconds_since_midnight
28
1.0,1.0,1.0,1.0,1.0,1.0,1.0,1.0,1.0,1.0,1.0,1.0,1.0,1.0,1.0,1.0,1.0,1.0,1.0,1.0,1.0,1.0,1.0,1.0,1.0,1.0,1.0,1.0
99999,99999,99999,99999,99999,99999,99999,99999,99999,99999,99999,99999,99999,99999,99999,99999,99999,99999,99999,99999,99999,99999,99999,99999,99999,99999,99999,99999
TIME_STOP,s,End time of 100 m altitude bin in UTC seconds since midnight,
TIME_MID,s,Mid time of 100 m altitude in UTC seconds since midnight,
GPSAlt,m,GPS reported altitude above sea level (m),
GPS_Lon,deg,GPS reported longitude,
GPS_Lat,deg,GPS reported latitude,
iMet_Pressure,mb,Pressure reported (mB),
iMet_Temperature,degrees C,Ambient temperature (oC),
THETA,K,Potential temperature from iMet,
Aerosol_concentration,cm^-3,Aerosol concentration,
Surface_Area_Conc,um^2 cm^-3,Surface area concentration,
Volume_density,um^3 cm^-3,Volume density,
Effective_radius,um,Effective radius,
Extinction,km^-1,Extinction,
Bin01,cm^-3,particle concentration in size range [140 - 170 nm],
Bin02,cm^-3,particle concentration in size range [170 - 205 nm],
Bin03,cm^-3,particle concentration in size range [205 - 249 nm],
Bin04,cm^-3,particle concentration in size range [249 - 302 nm],
Bin05,cm^-3,particle concentration in size range [302 - 366 nm],
Bin06,cm^-3,particle concentration in size range [366 - 443 nm],
Bin07,cm^-3,particle concentration in size range [443 - 537 nm],
Bin08,cm^-3,particle concentration in size range [537 - 651 nm],
Bin09,cm^-3,particle concentration in size range [651 - 789 nm],
Bin10,cm^-3,particle concentration in size range [789 - 956 nm],
Bin11,cm^-3,particle concentration in size range [956 - 1159 nm],
Bin12,cm^-3,particle concentration in size range [1159 - 1404 nm],
Bin13,cm^-3,particle concentration in size range [1404 - 1702 nm],
Bin14,cm^-3,particle concentration in size range [1702 - 2062 nm],
Bin15,cm^-3,particle concentration in size range [2062 - 2500 nm],
0
19
PI_CONTACT_INFO: 325 Broadway R/CSL6, Boulder, CO 80305; troy.thornberry@noaa.gov; 303-497-3373 
PLATFORM: GML ECC/FPH balloon
LOCATION: Lauder, NZ
ASSOCIATED_DATA: N/A
INSTRUMENT_INFO: Printed Optical Particle Spectrometer counts particles from 140 - 2500 nm in diameter 
DATA_INFO: Particle concentrations reported in number per cubic centimeter, binned to 100 m altitude
UNCERTAINTY: Counting uncertainty dominated by air flow, less than 5 percent
ULOD_FLAG: -77777
ULOD_VALUE: 3000 ~3000 per cm3 (varies depending on flow rate- manufacturer quotes 1250  per cm3 at 1.667 cc/s)
LLOD_FLAG: -88888
LLOD_VALUE: 0 0 (varies depending on data field and measurement precision)
DM_CONTACT_INFO: Troy Thornberry, 325 Broadway R/CSL6, Boulder, CO 80305; troy.thornberry@noaa.gov; 303-497-3373
PROJECT_INFO: B2SAP Lauder, NZ
STIPULATIONS_ON_USE: Please contact the PIs for questions regarding applications and uncertainties
OTHER_COMMENTS: POPS bin Edges (nm):  140, 170, 205, 249, 302, 366, 443, 537, 651, 789, 956, 1159, 1404, 1702, 2062, 2500
Calculations assume sulfate refractive index of 1.45+0.00j and extinction wavelength = 532 nm
REVISION: R0
R0: QA/QC data
TIME_START,TIME_STOP,TIME_MID,GPSAlt,GPS_Lon,GPS_Lat,iMet_Pressure,iMet_Temperature,THETA,Aerosol_concentration,Surface_Area_Conc,Volume_density,Effective_radius,Extinction,Bin01,Bin02,Bin03,Bin04,Bin05,Bin06,Bin07,Bin08,Bin09,Bin10,Bin11,Bin12,Bin13,Bin14,Bin15
77251,78074,77662,0.4,169.683,-45.0376,971.75,16.217,291.746,163.56,29.5977,2980,0.30205,0.00952737,54.0604,62.3274,30.8722,8.08058,3.44989,0.790893,1.01433,0.779056,0.454264,0.445386,0.368442,0.429849,0.307035,0.100619,0.0799031
78075,78096,78086,0.5,169.683,-45.0377,959.348,13.1194,289.685,151.731,25.8121,2399.12,0.278837,0.00809021,53.0121,59.1807,26.2323,6.65282,2.50534,0.652651,1.03161,0.505278,0.357905,0.610544,0.231586,0.400012,0.231586,0.084213,0.0421065
78098,78123,78110,0.6,169.684,-45.0375,946.874,12.1246,289.758,151.501,26.6699,2614.73,0.294121,0.00872274,56.3707,56.4156,25.0003,6.11519,2.9227,0.689458,1.19906,0.779387,0.284776,0.554564,0.464635,0.404682,0.179859,0.0449646,0.0749411
78124,78146,78135,0.7,169.684,-45.0374,936.323,11.3804,289.927,143.623,26.1505,2825.31,0.32412,0.0089672,55.1749,52.6323,23.2275,5.78736,2.29311,0.686372,0.98276,0.764369,0.436782,0.48358,0.327587,0.343186,0.280789,0.109196,0.0935962
78147,78173,78160,0.8,169.685,-45.037,924.835,10.2326,289.783,148.478,26.8894,2833.96,0.316179,0.00901306,53.6023,55.4618,25.4806,6.26573,3.09918,0.646785,1.18577,0.754583,0.444665,0.417715,0.296443,0.390766,0.215595,0.121272,0.0943228
78174,78193,78184,0.9,169.686,-45.0369,913.977,9.6005,290.114,135.944,24.5751,2806.7,0.342627,0.00818923,51.8175,50.2265,22.1481,5.67715,2.33233,0.560483,0.976324,0.452002,0.307361,0.397762,0.253121,0.325441,0.235041,0.0904004,0.144641
78194,78213,78204,1,169.687,-45.0368,903.715,8.90733,290.336,126.111,23.0226,2603.47,0.33925,0.00785754,50.2456,45.9271,19.4577,4.77952,2.01371,0.412446,0.994723,0.509492,0.388185,0.291138,0.266877,0.388185,0.194092,0.169831,0.0727846
78214,78232,78223,1.1,169.689,-45.037,891.834,8.05438,290.552,118.402,19.3124,1831.69,0.284536,0.00586565,48.8755,42.4846,17.8081,4.13929,1.84221,0.659558,0.818761,0.432124,0.27292,0.295664,0.20469,0.409381,0.0682301,0.0227434,0.0682301
78233,78251,78242,1.2,169.691,-45.0373,880.8,7.17056,290.671,114.911,20.0838,2027.64,0.302877,0.00652828,46.4877,40.9067,17.8877,4.10907,1.96254,0.715509,0.695066,0.633737,0.306647,0.265761,0.32709,0.286204,0.204431,0.0817725,0.0408862
78252,78268,78260,1.3,169.692,-45.0377,870.181,6.26941,290.748,113.755,19.5448,2127.28,0.326524,0.00627712,46.2123,42.7258,16.7395,3.57311,1.62414,0.45476,0.649657,0.324829,0.346484,0.216552,0.194897,0.389794,0.108276,0.129931,0.0649657
78269,78285,78277,1.4,169.693,-45.0378,859.863,5.41882,290.85,114.483,19.4102,2002.44,0.309493,0.0062115,46.6201,41.1789,16.9983,4.48354,2.15471,0.435295,0.805296,0.565884,0.174118,0.304707,0.261177,0.217648,0.108824,0.108824,0.0652943
78286,78300,78293,1.5,169.695,-45.038,849.672,4.64467,291.029,110.815,18.599,1799.76,0.2903,0.00602803,46.4157,39.1977,16.2957,3.93934,1.76169,0.489359,0.758507,0.538295,0.269148,0.415956,0.195744,0.293616,0.146808,0.0489359,0.0489359
78301,78317,78309,1.6,169.697,-45.0382,839.341,3.79235,291.15,109.9,19.8312,2121.11,0.320874,0.0069138,44.3753,40.9669,14.9666,4.34795,2.01011,0.458829,0.546225,0.393282,0.458829,0.458829,0.327735,0.305886,0.152943,0.065547,0.065547
78318,78335,78326,1.7,169.698,-45.0382,829.825,3.02071,291.291,111.89,18.2959,1779.25,0.291747,0.00533895,43.5099,40.7259,18.3479,4.56045,2.14765,0.3712,0.689371,0.424228,0.238628,0.1856,0.159086,0.212114,0.212114,0.0265143,0.0795428
78336,78352,78344,1.8,169.7,-45.0381,818.847,2.25188,291.588,106.102,18.4996,1993.23,0.323234,0.005848,41.7164,38.3745,17.0138,4.48715,1.93976,0.514152,0.327188,0.350558,0.350558,0.186964,0.163594,0.397299,0.116853,0.0934822,0.0701117
78353,78371,78362,1.9,169.703,-45.0376,808.182,1.82211,292.223,72.4845,11.8325,1172.28,0.297218,0.00359977,32.1372,25.2171,9.44176,2.24804,1.48566,0.371415,0.508252,0.332319,0.136837,0.0977407,0.175933,0.175933,0.0781926,0.0390963,0.0390963
78372,78388,78380,2,169.705,-45.037,798.671,1.14412,292.488,57.8699,10.1258,1169.11,0.346378,0.00347889,28.3787,18.5629,6.26033,1.89773,1.02521,0.327195,0.327195,0.305382,0.196317,0.109065,0.174504,0.174504,0.043626,0.021813,0.065439
78389,78407,78398,2.1,169.707,-45.0361,788.996,0.375263,292.689,49.0015,8.31903,984.048,0.354867,0.00280724,23.6457,16.5501,5.38565,1.31693,0.727259,0.196556,0.432424,0.196556,0.13759,0.0786226,0.117934,0.0393113,0.0786226,0.0393113,0.0589669
78408,78425,78416,2.2,169.709,-45.0352,779.089,-0.291111,293.034,45.017,7.7757,895.63,0.345549,0.00274583,21.0933,14.7509,5.64004,1.50814,0.743741,0.165276,0.268573,0.309892,0.123957,0.144616,0.041319,0.103297,0.0206595,0.0619784,0.041319
78426,78444,78435,2.3,169.712,-45.0339,769.712,0.202105,294.579,12.2554,1.63376,120.862,0.221934,0.000400318,7.36899,2.95548,1.14278,0.394064,0.157626,0.0394064,0.0197032,0.0788128,0.0394064,0,0,0.0197032,0.0394064,0,0
78445,78464,78454,2.4,169.714,-45.0326,759.718,0.318667,295.804,4.53924,0.483027,19.4559,0.120838,8.2866e-05,2.84326,1.02258,0.399054,0.149645,0.0498818,0.0498818,0,0,0.0249409,0,0,0,0,0,0
78465,78482,78474,2.5,169.716,-45.0311,750.189,-0.15375,296.363,5.58988,0.608499,23.274,0.114745,9.71355e-05,3.19089,1.53722,0.489114,0.139747,0.139747,0.0232911,0.0465823,0.0232911,0,0,0,0,0,0,0
78483,78500,78492,2.6,169.719,-45.0299,741.792,-0.28,297.182,9.31228,1.30139,167.128,0.385269,0.000358821,5.43766,2.42163,1.01268,0.242163,0.132089,0.0220148,0,0,0,0.0220148,0,0,0,0,0.0220148
78502,78519,78510,2.7,169.721,-45.0288,732.219,-0.414375,298.137,10.7828,1.22805,49.405,0.120691,0.00021767,6.38025,2.33079,1.08299,0.49441,0.258977,0.0941734,0.117717,0,0.0235433,0,0,0,0,0,0
78520,78537,78528,2.8,169.722,-45.0278,723.299,-0.993125,298.546,10.5507,1.28667,67.4051,0.157162,0.000248707,5.59116,2.87746,1.28667,0.397697,0.187152,0.11697,0.023394,0.023394,0.023394,0,0.023394,0,0,0,0
78538,78557,78548,2.9,169.725,-45.0266,714.392,-1.41579,299.143,9.1923,1.33681,124.222,0.278773,0.000342051,5.07367,2.18864,0.974941,0.457625,0.318348,0.079587,0.0596903,0,0,0,0,0.0198968,0,0.0198968,0
78558,78578,78568,3,169.727,-45.0256,705.462,-1.98615,299.592,6.05768,0.654622,24.2476,0.111122,9.48964e-05,3.54807,1.52884,0.548076,0.144231,0.173077,0.0576922,0.0576922,0,0,0,0,0,0,0,0
78579,78594,78586,3.1,169.73,-45.0245,696.359,-2.76929,299.834,6.25676,0.757008,33.7565,0.133776,0.000161663,2.96657,2.04963,0.782095,0.188782,0.134844,0.0809064,0,0,0.0539376,0,0,0,0,0,0
78596,78610,78603,3.2,169.732,-45.0236,687.463,-3.57154,300.041,7.41833,0.822619,30.3605,0.110721,0.000111978,3.81098,2.21095,0.756378,0.320006,0.232732,0.058183,0,0.0290915,0,0,0,0,0,0,0
78611,78628,78620,3.3,169.735,-45.0227,679.35,-4.29889,300.254,5.41117,0.544292,18.2364,0.100514,5.34901e-05,3.34777,1.07381,0.673765,0.231607,0,0.0842206,0,0,0,0,0,0,0,0,0
78629,78646,78638,3.4,169.738,-45.0216,671.118,-5.00389,300.511,7.45185,0.856448,33.4713,0.117245,0.000142163,4.11868,1.82581,0.849213,0.233534,0.275994,0.063691,0.063691,0.0212303,0,0,0,0,0,0,0
78647,78663,78655,3.5,169.74,-45.0206,662.527,-5.74,300.788,9.26506,1.20602,84.9502,0.211316,0.000276767,5.81029,2.04145,0.69544,0.381371,0.112168,0.134601,0.0224336,0,0,0.0224336,0,0.0448671,0,0,0
78664,78680,78672,3.6,169.742,-45.0196,654.452,-6.50812,300.974,7.86514,0.853336,33.0442,0.11617,0.000142439,4.96367,1.72649,0.599477,0.215812,0.167854,0.0959163,0.0719372,0.0239791,0,0,0,0,0,0,0
78685,78700,78692,3.7,169.745,-45.0187,644.942,-7.209,301.449,8.91378,0.914783,31.7914,0.104259,0.000106794,5.20289,2.25714,1.07118,0.11477,0.11477,0.11477,0.0382566,0,0,0,0,0,0,0,0
78701,78720,78710,3.8,169.747,-45.0182,637.192,-7.40937,302.261,9.48571,0.949461,31.0852,0.0982196,8.46983e-05,5.36565,2.56306,1.05397,0.311399,0.119769,0.0718614,0,0,0,0,0,0,0,0,0
78722,78739,78730,3.9,169.75,-45.0179,628.745,-7.70714,303.073,9.70456,1.07696,44.0325,0.122658,0.000200045,5.96994,2.23532,0.79054,0.2726,0.21808,0.10904,0.05452,0.02726,0.02726,0,0,0,0,0,0
78740,78758,78749,4,169.753,-45.0176,620.571,-8.51267,303.289,9.87935,1.1288,47.3536,0.125851,0.000232264,6.08157,2.38644,0.590195,0.359249,0.128303,0.153964,0.102643,0.0769819,0,0,0,0,0,0,0
78760,78777,78768,4.1,169.756,-45.0171,612.951,-9.28467,303.474,9.47501,1.0391,43.9226,0.126809,0.000208215,5.67474,2.56775,0.693294,0.282453,0.0513551,0.0513551,0.10271,0,0.0513551,0,0,0,0,0,0
78778,78797,78788,4.2,169.759,-45.0169,605.201,-9.7965,303.985,9.25867,1.11574,59.5521,0.160123,0.000225493,5.35116,2.27136,1.03943,0.192488,0.211737,0.0577464,0.0769952,0.0192488,0.0192488,0,0,0.0192488,0,0,0
78799,78814,78806,4.3,169.762,-45.0169,597.63,-10.161,304.656,9.49164,1.13544,54.8666,0.144966,0.000266578,5.87944,2.15195,0.537988,0.384277,0.307422,0.115283,0.0384277,0.0384277,0,0.0384277,0,0,0,0,0
78816,78832,78824,4.4,169.765,-45.0166,589.39,-11.1009,304.781,8.0578,0.941632,40.5532,0.129201,0.000207034,5.08913,1.55501,0.812848,0.176706,0.141365,0.106024,0.106024,0.0706824,0,0,0,0,0,0,0
78833,78853,78843,4.5,169.768,-45.0165,582.123,-11.7938,305.051,7.76283,0.815223,30.7602,0.113197,0.000126593,4.9282,1.72302,0.611393,0.222325,0.166743,0.0185271,0.0555812,0.0370541,0,0,0,0,0,0,0
78854,78875,78864,4.6,169.772,-45.0163,574.784,-12.1127,305.782,6.59662,0.838277,42.8082,0.153201,0.000236714,4.15604,1.3264,0.477503,0.229909,0.159168,0.0884265,0.0707412,0.0530559,0.0176853,0.0176853,0,0,0,0,0
78876,78895,78886,4.7,169.776,-45.0164,567.192,-12.637,306.335,6.48117,0.674569,24.2236,0.107729,8.81154e-05,4.08723,1.38187,0.622815,0.155704,0.0583889,0.155704,0.019463,0,0,0,0,0,0,0,0
78896,78913,78904,4.8,169.78,-45.0166,560.015,-13.255,306.721,7.31502,0.879528,48.8818,0.166732,0.000172659,4.41053,1.65664,0.753016,0.172118,0.172118,0.0645443,0.0430295,0.0215148,0,0,0.0215148,0,0,0,0
78914,78935,78924,4.9,169.783,-45.017,552.929,-13.6929,307.317,6.8843,0.821221,51.7694,0.189119,0.000158674,4.64551,1.39925,0.419775,0.139925,0.0839549,0.139925,0.027985,0,0,0,0,0.027985,0,0,0
78937,78952,78944,5,169.788,-45.0173,545.284,-14.413,307.688,6.96078,0.604789,17.9472,0.0890252,3.88644e-05,5.15176,1.21912,0.393264,0.0786529,0.117979,0,0,0,0,0,0,0,0,0,0
78954,78971,78962,5.1,169.791,-45.0177,538.433,-14.9355,308.181,7.5572,0.736272,25.4445,0.103676,8.93705e-05,5.02625,1.67542,0.534707,0.142589,0.0712943,0.0356472,0.0712943,0,0,0,0,0,0,0,0
78973,78990,78982,5.2,169.795,-45.0182,531.109,-15.4818,308.732,8.00567,1.15873,87.4885,0.226511,0.000371872,4.98131,1.81462,0.604873,0.106742,0.249065,0.0711615,0.0355808,0.0355808,0.0355808,0.0355808,0,0.0355808,0,0,0
78992,79009,79000,5.3,169.798,-45.0185,523.877,-16.229,309.043,8.16906,0.819601,28.3054,0.103607,9.4854e-05,5.23758,1.79797,0.625382,0.273605,0.117259,0.0781728,0.0390864,0,0,0,0,0,0,0,0
79010,79025,79018,5.4,169.802,-45.0189,516.964,-16.8836,309.425,6.81243,0.763454,37.3424,0.146737,0.000177959,4.42948,1.40173,0.588728,0.224277,0.084104,0,0.0280347,0,0.0280347,0.0280347,0,0,0,0,0
79026,79041,79034,5.5,169.805,-45.0192,510.95,-17.4075,309.828,7.28017,0.897128,48.9813,0.163794,0.000256072,4.32875,1.96761,0.491904,0.245952,0.0491904,0.0491904,0.0491904,0.0491904,0,0.0491904,0,0,0,0,0
79042,79057,79050,5.6,169.808,-45.0196,503.491,-18.118,310.275,6.30105,0.736147,32.8448,0.133851,0.000177019,4.2007,1.14925,0.475551,0.158517,0.0792585,0.0792585,0.0792585,0.0792585,0,0,0,0,0,0,0
79058,79075,79066,5.7,169.812,-45.0201,497.134,-18.8735,310.478,6.89595,0.844408,45.3625,0.161163,0.0002337,4.52764,1.32347,0.510811,0.208968,0.116093,0.0696561,0.0928748,0,0,0.0464374,0,0,0,0,0
79077,79093,79085,5.8,169.815,-45.0205,490.453,-19.76,310.592,8.06746,0.819957,30.2356,0.110624,0.00011826,5.2451,1.97316,0.29972,0.29972,0.124883,0.07493,0,0.0499533,0,0,0,0,0,0,0
79094,79111,79102,5.9,169.819,-45.0211,484.257,-20.5706,310.723,6.55238,0.728821,34.3528,0.141404,0.000165275,4.12006,1.66292,0.421934,0.173737,0.0496393,0,0.0744589,0.0248196,0,0.0248196,0,0,0,0,0
79112,79128,79120,6,169.824,-45.0216,477.567,-21.5169,310.79,5.89196,0.652688,26.3867,0.121283,0.000121558,3.57013,1.52292,0.374489,0.149796,0.12483,0.0748978,0.0249659,0.0499319,0,0,0,0,0,0,0
79129,79146,79138,6.1,169.828,-45.0222,470.95,-22.5218,310.794,5.11064,0.57371,24.5285,0.128262,0.00011742,3.05219,1.30132,0.402226,0.165623,0.0946415,0.0236604,0.0236604,0.0236604,0.0236604,0,0,0,0,0,0
79147,79165,79156,6.2,169.833,-45.0227,464.168,-23.533,310.823,5.33091,0.582104,23.789,0.122602,0.000114073,3.48714,1.00205,0.521066,0.160328,0.040082,0,0.0801641,0.040082,0,0,0,0,0,0,0
79167,79180,79174,6.3,169.837,-45.0231,458.264,-24.3143,310.983,8.01121,0.92544,37.181,0.12053,0.000171206,4.3226,2.42065,0.576346,0.288173,0.172904,0.0576346,0.172904,0,0,0,0,0,0,0,0
79182,79197,79190,6.4,169.841,-45.0233,451.946,-24.8825,311.504,9.42243,1.12524,53.9428,0.143817,0.000237521,4.78761,2.6994,1.22237,0.458389,0.152796,0,0.0509321,0,0,0.0509321,0,0,0,0,0
79199,79214,79206,6.5,169.845,-45.0236,445.42,-25.7389,311.722,10.4438,1.18503,44.1249,0.111706,0.000167715,4.95409,3.34736,1.33894,0.401683,0.178526,0.133894,0.0892629,0,0,0,0,0,0,0,0
79217,79231,79224,6.6,169.849,-45.0239,439.425,-26.2063,312.348,7.22086,0.832929,31.289,0.112695,0.000119646,3.93865,1.56536,0.908919,0.403964,0.302973,0.0504955,0.0504955,0,0,0,0,0,0,0,0
79233,79249,79241,6.7,169.853,-45.0241,433.214,-26.7878,312.879,10.4211,1.32583,63.0757,0.142724,0.000285215,4.84491,3.01664,1.32549,0.777014,0.319947,0.0457067,0,0.0457067,0,0.0457067,0,0,0,0,0
79251,79266,79258,6.8,169.857,-45.0244,427.651,-27.3855,313.273,10.079,1.11168,40.5603,0.109457,0.000147559,5.61596,2.45466,1.15295,0.371918,0.297534,0.148767,0.0371918,0,0,0,0,0,0,0,0
79267,79282,79274,6.9,169.862,-45.0249,422.062,-27.7263,314.014,10.5522,1.1305,38.9904,0.103468,0.00011986,5.55379,2.92836,1.16125,0.555379,0.252445,0.100978,0,0,0,0,0,0,0,0,0
79284,79301,79292,7,169.866,-45.0256,416.013,-28.2647,314.621,6.29188,0.735097,27.8873,0.113811,0.000106361,3.05061,1.66149,0.953316,0.326851,0.217901,0.0544752,0,0.0272376,0,0,0,0,0,0,0
79302,79317,79310,7.1,169.871,-45.0266,410.025,-28.6431,315.445,5.39712,0.701963,29.6076,0.126535,0.000141244,2.51029,1.47479,0.65895,0.345164,0.251029,0.0313786,0.125514,0,0,0,0,0,0,0,0
79319,79334,79326,7.2,169.876,-45.0272,404.368,-29.2208,315.948,7.49568,1.05864,49.5765,0.140491,0.000269422,3.50715,1.82234,0.997132,0.481374,0.412606,0.0687677,0.103152,0.103152,0,0,0,0,0,0,0
79335,79350,79342,7.3,169.881,-45.0278,398.842,-30.0817,316.071,7.6535,0.963948,39.8794,0.124113,0.000184772,3.91255,1.64739,1.09826,0.54913,0.240245,0.0343206,0.171603,0,0,0,0,0,0,0,0
79352,79364,79358,7.4,169.885,-45.0286,392.929,-30.9255,316.318,8.75189,1.43032,116.953,0.245301,0.000414681,4.92059,1.80296,0.826359,0.525865,0.300494,0.150247,0.112685,0.0375618,0,0,0.0375618,0.0375618,0,0,0
79366,79382,79374,7.5,169.89,-45.0293,387.929,-31.4571,316.785,7.95391,0.954936,38.6134,0.121307,0.000160925,3.72562,2.2472,1.1236,0.532232,0.206979,0.0591369,0.0295684,0,0.0295684,0,0,0,0,0,0
79385,79396,79390,7.6,169.894,-45.0305,382.403,-31.8917,317.517,4.21618,0.465664,16.6385,0.107192,5.65447e-05,2.14265,1.24412,0.483824,0.138235,0.138235,0.0691177,0,0,0,0,0,0,0,0,0
79399,79415,79407,7.7,169.9,-45.032,376.893,-32.7656,317.679,8.17028,1.38975,99.2216,0.214186,0.000439148,3.92539,1.82576,1.00417,0.502084,0.502084,0.136932,0.182576,0,0.045644,0,0.045644,0,0,0,0
79418,79435,79426,7.8,169.906,-45.0335,371.55,-33.734,317.69,8.93149,1.16636,45.9582,0.118209,0.000182524,3.85773,2.09659,1.38375,0.88057,0.587046,0.0838638,0.0419319,0,0,0,0,0,0,0,0
79437,79449,79443,7.9,169.912,-45.0348,366.28,-34.7486,317.634,8.98331,1.21067,58.5275,0.145029,0.00032426,4.69988,2.02273,1.36832,0.297461,0.118984,0.237969,0.178476,0,0.0594921,0,0,0,0,0,0
79452,79470,79461,8,169.917,-45.0364,361.34,-35.655,317.667,8.82354,1.10326,44.5913,0.121254,0.000191654,4.10108,2.3198,1.24275,0.662801,0.289975,0.124275,0.0414251,0.0414251,0,0,0,0,0,0,0
79471,79485,79478,8.1,169.923,-45.0377,356.234,-36.6425,317.632,8.01531,1.01767,43.5365,0.128342,0.00021657,4.0342,2.22943,0.796223,0.424652,0.212326,0.106163,0.212326,0,0,0,0,0,0,0,0
