api/src/app/data/B2SAP/Locations/La Reunion/NOAA-POPS-B2SAP_GMLBalloon_20221208_R0.ict
61,1001
Thornberry, T. D.
NOAA Chemical Sciences Laboratory
Portable Optical Particle Spectrometer (POPS)
Balloon Baseline Stratospheric Aerosol Profiles (B2SAP)
1,1
2022,12,08,2024,05,28
0
TIME_START,s,Seconds since midnight UTC on flight start day,Start time of 100 m altitude bin in UTC_seconds_since_midnight
28
1.0,1.0,1.0,1.0,1.0,1.0,1.0,1.0,1.0,1.0,1.0,1.0,1.0,1.0,1.0,1.0,1.0,1.0,1.0,1.0,1.0,1.0,1.0,1.0,1.0,1.0,1.0,1.0
99999,99999,99999,99999,99999,99999,99999,99999,99999,99999,99999,99999,99999,99999,99999,99999,99999,99999,99999,99999,99999,99999,99999,99999,99999,99999,99999,99999
TIME_STOP,s,End time of 100 m altitude bin in UTC seconds since midnight,
TIME_MID,s,Mid time of 100 m altitude in UTC seconds since midnight,
GPSAlt,m,GPS reported altitude above sea level (m),
GPS_Lon,deg,GPS reported longitude,
GPS_Lat,deg,GPS reported latitude,
iMet_Pressure,mb,Pressure reported (mB),
iMet_Temperature,degrees C,Ambient temperature (oC),
THETA,K,Potential temperature from iMet,
Aerosol_concentration,cm^-3,Aerosol concentration,
Surface_Area_Conc,um^2 cm^-3,Surface area concentration,
Volume_density,um^3 cm^-3,Volume density,
Effective_radius,um,Effective radius,
Extinction,km^-1,Extinction,
Bin01,cm^-3,particle concentration in size range [140 - 170 nm],
Bin02,cm^-3,particle concentration in size range [170 - 205 nm],
Bin03,cm^-3,particle concentration in size range [205 - 249 nm],
Bin04,cm^-3,particle concentration in size range [249 - 302 nm],
Bin05,cm^-3,particle concentration in size range [302 - 366 nm],
Bin06,cm^-3,particle concentration in size range [366 - 443 nm],
Bin07,cm^-3,particle concentration in size range [443 - 537 nm],
Bin08,cm^-3,particle concentration in size range [537 - 651 nm],
Bin09,cm^-3,particle concentration in size range [651 - 789 nm],
Bin10,cm^-3,particle concentration in size range [789 - 956 nm],
Bin11,cm^-3,particle concentration in size range [956 - 1159 nm],
Bin12,cm^-3,particle concentration in size range [1159 - 1404 nm],
Bin13,cm^-3,particle concentration in size range [1404 - 1702 nm],
Bin14,cm^-3,particle concentration in size range [1702 - 2062 nm],
Bin15,cm^-3,particle concentration in size range [2062 - 2500 nm],
0
19
PI_CONTACT_INFO: 325 Broadway R/CSL6, Boulder, CO 80305; troy.thornberry@noaa.gov; 303-497-3373 
PLATFORM: GML ECC/FPH balloon
LOCATION: Reunion, AL, USA
ASSOCIATED_DATA: N/A
INSTRUMENT_INFO: Printed Optical Particle Spectrometer counts particles from 140 - 2500 nm in diameter 
DATA_INFO: Particle concentrations reported in number per cubic centimeter, binned to 100 m altitude
UNCERTAINTY: Counting uncertainty dominated by air flow, less than 5 percent
ULOD_FLAG: -77777
ULOD_VALUE: 3000 ~3000 per cm3 (varies depending on flow rate- manufacturer quotes 1250  per cm3 at 1.667 cc/s)
LLOD_FLAG: -88888
LLOD_VALUE: 0 0 (varies depending on data field and measurement precision)
DM_CONTACT_INFO: Troy Thornberry, 325 Broadway R/CSL6, Boulder, CO 80305; troy.thornberry@noaa.gov; 303-497-3373
PROJECT_INFO: B2SAP Reunion, AL, USA
STIPULATIONS_ON_USE: Please contact the PIs for questions regarding applications and uncertainties
OTHER_COMMENTS: POPS bin Edges (nm):  140, 170, 205, 249, 302, 366, 443, 537, 651, 789, 956, 1159, 1404, 1702, 2062, 2500
Calculations assume sulfate refractive index of 1.45+0.00j and extinction wavelength = 532 nm
REVISION: R0
R0: QA/QC data
TIME_START,TIME_STOP,TIME_MID,GPSAlt,GPS_Lon,GPS_Lat,iMet_Pressure,iMet_Temperature,THETA,Aerosol_concentration,Surface_Area_Conc,Volume_density,Effective_radius,Extinction,Bin01,Bin02,Bin03,Bin04,Bin05,Bin06,Bin07,Bin08,Bin09,Bin10,Bin11,Bin12,Bin13,Bin14,Bin15
55982,56025,56004,2.2,55.3831,-21.08,791.321,13.1189,306.067,166.482,29.0881,2344.74,0.241824,0.00794738,51.9012,49.7017,33.2605,18.4814,8.99686,1.60232,0.706612,0.358282,0.278664,0.358282,0.189093,0.378187,0.169189,0.0398091,0.0597137
56026,56041,56034,2.3,55.383,-21.0797,782.457,13.3663,307.319,130.451,21.1739,1719.2,0.243583,0.00573495,44.7907,43.9095,22.0979,11.1701,5.3978,1.23378,0.572828,0.308446,0.198287,0.308446,0.0660955,0.154223,0.110159,0.0881274,0.0440637
56042,56066,56054,2.4,55.383,-21.08,773.192,12.6814,307.63,113.61,17.7681,1363.31,0.230184,0.00440881,42.1842,34.736,20.4575,9.9532,4.2919,0.501,0.501,0.1503,0.1837,0.1503,0.1837,0.2171,0.0334,0.0334,0.0334
56070,56088,56079,2.5,55.3825,-21.08,762.156,11.5772,307.703,98.1424,14.797,959.727,0.194578,0.00358079,35.5871,30.9267,16.9843,8.11191,4.66045,0.799491,0.214498,0.194998,0.136498,0.272997,0.116999,0.0779991,0.0389996,0,0.0194998
56090,56111,56100,2.6,55.3817,-21.0801,752.719,10.7689,307.923,64.2782,9.3435,603.858,0.193886,0.00213434,25.3228,20.0939,10.4205,5.02349,2.25963,0.485541,0.149397,0.130723,0.0746987,0.112048,0.0746987,0.0746987,0.0373493,0.0186747,0
56112,56133,56122,2.7,55.3807,-21.0803,744.249,10.0683,308.158,38.4171,5.39997,352.85,0.196029,0.00125099,18.4078,10.7164,5.14073,2.1947,1.10723,0.355897,0.158176,0.0790881,0.0593161,0.0395441,0.0790881,0.0395441,0.0395441,0,0
56134,56156,56145,2.8,55.3797,-21.0803,735.365,9.55789,308.66,35.9893,4.80738,293.193,0.182964,0.0011201,17.564,10.8417,4.26928,1.77887,0.880071,0.187249,0.131074,0.0561747,0.112349,0.0561747,0.0561747,0.0561747,0,0,0
56157,56178,56168,2.9,55.3788,-21.0802,726.278,9.05375,309.207,33.4049,4.45588,268.971,0.18109,0.00100989,16.3561,9.16122,4.93812,1.63114,0.692678,0.2011,0.111722,0.0893778,0.0670333,0.0670333,0,0.0670333,0.0223444,0,0
56179,56205,56192,3,55.378,-21.0801,717.625,8.54682,309.71,23.8602,2.74788,133.268,0.145496,0.000552123,14.1959,5.83105,2.19274,0.71467,0.536002,0.146182,0.06497,0.06497,0.06497,0.032485,0,0,0.0162425,0,0
56206,56230,56218,3.1,55.3769,-21.0802,708.569,7.76947,309.978,22.6716,2.41109,96.3344,0.119864,0.00039416,13.8748,5.47441,1.84997,0.8306,0.339791,0.151018,0.0377545,0.0377545,0.0566318,0.0188773,0,0,0,0,0
56231,56254,56242,3.2,55.376,-21.08,699.932,7.83647,311.14,20.9434,2.07244,74.5995,0.107988,0.000250376,13.6258,4.62606,1.59809,0.588771,0.315413,0.105138,0.0630826,0,0,0.0210275,0,0,0,0,0
56255,56279,56267,3.3,55.3749,-21.0796,692.021,7.48273,311.759,17.8476,1.84012,66.7969,0.108901,0.000247137,11.267,3.85364,1.6329,0.538857,0.293922,0.146961,0.081645,0.016329,0.016329,0,0,0,0,0,0
56281,56300,56290,3.4,55.374,-21.0794,683.115,6.81389,312.169,17.7355,2.06879,97.3518,0.141172,0.000402593,10.462,4.34421,1.53442,0.617754,0.338768,0.219203,0.0996377,0.0797102,0.0199275,0,0.0199275,0,0,0,0
56301,56321,56311,3.5,55.3733,-21.0793,675.256,6.49833,312.85,16.0696,1.87935,92.28,0.147306,0.000356791,9.32879,4.05251,1.44446,0.621919,0.280867,0.180557,0.0601857,0.0601857,0,0.0200619,0,0.0200619,0,0,0
56322,56342,56332,3.6,55.3728,-21.0792,667.372,5.99706,313.339,11.4112,1.36017,64.3551,0.141942,0.000334725,7.05496,2.48624,0.956244,0.446247,0.148749,0.0637496,0.127499,0.0849995,0.0212499,0.0212499,0,0,0,0,0
56343,56363,56353,3.7,55.3724,-21.0791,659.601,5.11867,313.4,11.4166,1.24787,51.4354,0.123656,0.000233303,7.22323,2.39966,1.04228,0.339346,0.193912,0.0969561,0.048478,0.024239,0.048478,0,0,0,0,0,0
56364,56381,56372,3.8,55.372,-21.079,651.771,4.3375,313.588,11.2476,1.30073,67.5984,0.155909,0.000239836,7.07509,2.35836,0.952416,0.453531,0.226766,0.0453531,0.0907063,0,0.0226766,0,0,0.0226766,0,0,0
56382,56405,56394,3.9,55.3713,-21.0789,643.956,3.55368,313.782,11.2109,1.27349,64.5389,0.152036,0.000234883,6.88722,2.67836,0.841771,0.459148,0.172181,0.0573935,0.0765247,0,0,0.0191312,0.0191312,0,0,0,0
56407,56421,56414,4,55.3705,-21.0789,635.977,2.74,313.976,11.2697,1.09888,37.115,0.101326,0.000117205,7.20948,2.70681,0.78081,0.286297,0.182189,0.078081,0,0.026027,0,0,0,0,0,0,0
56425,56441,56433,4.1,55.37,-21.079,627.617,1.90467,314.211,10.5706,1.07912,39.026,0.108494,0.000147035,6.8355,2.3436,0.756787,0.29295,0.146475,0.122062,0.048825,0.0244125,0,0,0,0,0,0,0
56442,56459,56450,4.2,55.3692,-21.079,620.084,1.51857,314.854,10.98,1.5442,194.946,0.378732,0.000421172,6.84943,2.48357,0.967286,0.261429,0.156857,0.183,0.0522857,0,0,0,0,0,0,0,0.0261429
56460,56477,56468,4.3,55.3684,-21.0791,613.043,0.979333,315.263,10.0919,1.02635,36.388,0.106362,0.000132598,6.56464,2.13106,0.734847,0.269444,0.293939,0,0.0979796,0,0,0,0,0,0,0,0
56478,56496,56487,4.4,55.3677,-21.0791,605.191,0.1825,315.507,9.44194,1.05785,51.0696,0.14483,0.0002379,5.99598,2.27434,0.574327,0.344596,0.0689193,0.0689193,0.0459462,0.0229731,0,0.0459462,0,0,0,0,0
56497,56512,56504,4.5,55.3669,-21.0793,598.001,-0.682143,315.584,9.61921,1.26466,89.5167,0.212351,0.000300932,6.00871,2.08197,0.816974,0.368956,0.13177,0.052708,0.079062,0,0.026354,0,0.026354,0.026354,0,0,0
56513,56532,56522,4.6,55.3656,-21.0797,590.193,-1.23533,316.128,10.3469,1.23471,66.4467,0.161447,0.000234384,6.29706,2.46943,0.839608,0.17286,0.296332,0.17286,0.0493887,0.0246943,0,0,0,0.0246943,0,0,0
56533,56550,56542,4.7,55.3645,-21.08,583.065,-1.77077,316.603,12.4139,1.32174,54.2284,0.123084,0.000244612,8.09349,2.79384,0.835271,0.201617,0.23042,0.172815,0,0.0288024,0.0576049,0,0,0,0,0,0
56551,56568,56560,4.8,55.3637,-21.0802,576.494,-2.23857,317.083,10.5453,1.10687,43.6497,0.118306,0.000187621,6.78104,2.37603,0.694122,0.400455,0.160182,0.026697,0.026697,0.053394,0.026697,0,0,0,0,0,0
56569,56586,56578,4.9,55.3625,-21.0806,568.815,-2.8375,317.596,9.38122,1.11176,52.7212,0.142264,0.000265882,5.67995,2.32785,0.744911,0.139671,0.162949,0.186228,0.0698354,0.0232785,0.0232785,0.0232785,0,0,0,0,0
56587,56606,56596,5,55.3611,-21.0808,561.49,-3.54667,317.938,11.1124,1.36875,70.0831,0.153607,0.000367145,6.56828,2.66449,1.03275,0.392444,0.16524,0.0826199,0.0619649,0.0619649,0.0413099,0.0413099,0,0,0,0,0
56607,56624,56616,5.1,55.3595,-21.0807,554.018,-3.97769,318.647,10.1476,1.1463,44.0998,0.115415,0.000181327,5.44643,2.66588,1.23261,0.429981,0.143327,0.114662,0.0859963,0.0286654,0,0,0,0,0,0,0
56625,56642,56634,5.2,55.3579,-21.0803,548.194,-3.75375,319.877,8.82433,1.22045,86.6787,0.213065,0.000323907,5.03244,2.41089,0.725608,0.21066,0.187254,0.0702202,0.0702202,0.0468134,0.0234067,0,0.0234067,0.0234067,0,0,0
56644,56662,56653,5.3,55.3559,-21.0802,540.75,-4.28188,320.499,8.23011,0.994432,45.7501,0.138019,0.000217207,4.97089,1.73512,0.633085,0.398609,0.257924,0.140686,0.0468952,0.0234476,0,0.0234476,0,0,0,0,0
56663,56681,56672,5.4,55.3536,-21.0798,534.286,-4.54556,321.287,7.58116,0.996222,52.7872,0.158962,0.000300324,4.67332,1.537,0.519258,0.394636,0.207703,0.0207703,0.124622,0.0415406,0.0415406,0.0207703,0,0,0,0,0
56685,56704,56694,5.5,55.3513,-21.0791,526.795,-4.83278,322.241,7.69964,0.982257,60.6629,0.185276,0.000217109,4.71577,1.6693,0.542522,0.375592,0.229529,0.0625987,0.0417325,0.0208662,0.0208662,0,0,0,0.0208662,0,0
56706,56724,56715,5.6,55.3491,-21.0784,520.885,-5.17706,322.866,11.5847,1.6292,105.501,0.19427,0.000383856,5.68264,3.11558,1.62361,0.460755,0.372992,0.175526,0.0658221,0,0.0438814,0,0.0219407,0,0.0219407,0,0
56726,56747,56736,5.7,55.3464,-21.0778,513.655,-5.89176,323.294,9.89911,1.13867,43.8592,0.115554,0.00017869,5.13696,2.71178,1.05826,0.59527,0.198423,0.0881881,0.0881881,0.022047,0,0,0,0,0,0,0
56748,56769,56758,5.8,55.344,-21.077,507.666,-6.33474,323.841,6.07969,0.639707,24.9663,0.117083,0.000104252,3.98733,1.30279,0.434263,0.0986962,0.0986962,0.138175,0,0,0.0197392,0,0,0,0,0,0
56770,56795,56782,5.9,55.3412,-21.076,501.508,-6.6395,324.601,7.2266,0.953508,47.8997,0.150706,0.000286357,4.59875,1.35147,0.48803,0.244015,0.187704,0.131393,0.0750816,0.131393,0.0187704,0,0,0,0,0,0
56797,56816,56806,6,55.3381,-21.0749,494.664,-7.08412,325.334,7.63665,1.03307,73.0158,0.212036,0.000257332,4.92041,1.58076,0.378493,0.289436,0.267172,0.0667929,0.0667929,0.0222643,0,0,0.0445286,0,0,0,0
56817,56841,56829,6.1,55.3357,-21.0738,489.073,-7.64318,325.707,7.17936,1.08904,84.0268,0.231471,0.000370553,4.25953,1.70038,0.549616,0.206106,0.206106,0.103053,0.034351,0.0171755,0.0171755,0.0515265,0.034351,0,0,0,0
56842,56864,56853,6.2,55.3326,-21.0725,482.482,-8.235,326.243,7.45796,0.795032,29.7516,0.112266,0.00011869,4.65596,1.51687,0.737368,0.316015,0.105338,0.0421353,0.063203,0.0210677,0,0,0,0,0,0,0
56865,56887,56876,6.3,55.3293,-21.0712,476.22,-8.83474,326.722,5.479,0.76794,59.6882,0.233175,0.000189437,3.37938,1.17979,0.459916,0.239956,0.0599891,0.0799854,0.0199964,0.0199964,0,0,0.0199964,0.0199964,0,0,0
56888,56909,56898,6.4,55.3257,-21.0698,470.319,-9.34316,327.257,5.6499,0.614472,23.168,0.113112,9.22093e-05,3.31408,1.41747,0.459179,0.239572,0.0998216,0.0798573,0.0199643,0.0199643,0,0,0,0,0,0,0
56911,56929,56920,6.5,55.3218,-21.0681,463.919,-10.1209,327.572,6.41479,0.943343,74.36,0.236478,0.000260554,4.02225,1.35231,0.416094,0.138698,0.242722,0.104024,0.0346745,0.0693491,0,0,0,0,0.0346745,0,0
56930,56956,56943,6.6,55.3177,-21.0661,458.266,-10.8057,327.866,8.33229,1.0188,52.1991,0.153707,0.000203846,4.91306,1.89219,0.813311,0.232375,0.215776,0.165982,0.0663928,0.0165982,0,0,0.0165982,0,0,0,0
56957,56981,56969,6.7,55.3128,-21.0639,452.173,-11.5606,328.175,9.58665,1.15438,47.9947,0.124729,0.000219719,5.11288,2.44992,0.958665,0.468681,0.40477,0.063911,0.0852147,0.0213037,0.0213037,0,0,0,0,0,0
56982,57003,56992,6.8,55.3091,-21.0622,446.363,-12.1667,328.627,7.5097,0.768744,28.4856,0.111164,0.000106717,4.72282,1.80829,0.531849,0.212739,0.127644,0.0850958,0,0,0.0212739,0,0,0,0,0,0
57004,57021,57012,6.9,55.3059,-21.0607,440.833,-12.7854,329.017,4.91608,0.640054,30.9531,0.145081,0.000172567,2.88488,1.11863,0.294376,0.235501,0.206063,0.0588752,0.0588752,0.0294376,0.0294376,0,0,0,0,0,0
57022,57033,57028,7,55.3031,-21.0593,435.053,-13.6111,329.213,5.67979,0.758033,38.2981,0.151569,0.000223335,3.33101,1.32386,0.298936,0.298936,0.213526,0.0427052,0.0854104,0.0427052,0.0427052,0,0,0,0,0,0
57034,57049,57042,7.1,55.3005,-21.0577,429.198,-14.3773,329.514,8.76499,1.03739,42.3833,0.122567,0.000195257,4.94798,2.01453,0.77754,0.600826,0.247399,0,0.141371,0.0353427,0,0,0,0,0,0,0
57050,57061,57056,7.2,55.2984,-21.0565,424.422,-15.08,329.672,8.10004,1.08786,54.5983,0.150567,0.00028246,4.29205,1.90399,0.935861,0.29044,0.419524,0.0968132,0.0968132,0.0322711,0,0.0322711,0,0,0,0,0
57065,57079,57072,7.3,55.2957,-21.0549,418.26,-15.8369,330.082,9.13822,1.27533,81.8072,0.192437,0.000320862,4.62884,2.56826,0.985495,0.388225,0.358362,0.059727,0.059727,0.0298635,0,0.0298635,0,0.0298635,0,0,0
57080,57096,57088,7.4,55.2932,-21.0536,412.664,-16.4787,330.528,8.09993,1.24503,75.9858,0.183094,0.000455337,4.37553,1.9794,0.677165,0.234403,0.416717,0.182314,0.0520896,0.0781344,0.0520896,0.0520896,0,0,0,0,0
57097,57112,57104,7.5,55.2913,-21.0524,407.531,-17.1831,330.801,8.33721,1.19592,91.1396,0.228626,0.000314922,4.90601,1.7457,1.05344,0.300982,0.0601965,0.0902947,0.0902947,0.0300982,0,0,0.0601965,0,0,0,0
57113,57130,57122,7.6,55.2895,-21.0517,401.685,-18.116,330.959,8.0112,0.867868,33.2336,0.11488,0.000141423,5.08855,1.80056,0.469712,0.260951,0.182666,0.104381,0.104381,0,0,0,0,0,0,0,0
57131,57145,57138,7.7,55.2882,-21.0511,396.566,-18.6592,331.467,7.82044,0.909959,40.2024,0.132541,0.000194846,4.16687,2.44577,0.664284,0.241558,0.120779,0.0905842,0.0301947,0,0.0603895,0,0,0,0,0,0
57147,57167,57157,7.8,55.2873,-21.0504,391.5,-19.1363,332.063,6.36525,0.682012,25.9593,0.114188,0.00010813,4.0305,1.32712,0.565254,0.147457,0.19661,0.0245762,0.0491525,0.0245762,0,0,0,0,0,0,0
57168,57186,57177,7.9,55.2862,-21.0494,386.542,-19.916,332.251,5.82904,0.969995,80.6324,0.24938,0.000288835,3.0458,1.47039,0.603909,0.262569,0.183798,0.0525138,0.157542,0,0,0,0.0262569,0.0262569,0,0,0
57187,57214,57200,8,55.2852,-21.0487,381.009,-20.5288,332.815,4.33919,0.581749,32.0888,0.165477,0.000169959,2.47954,0.952506,0.468693,0.166311,0.120953,0.0604765,0.0453574,0.0151191,0,0.0302383,0,0,0,0,0
57215,57238,57226,8.1,55.2843,-21.0481,375.732,-21.2941,333.132,4.41096,0.791976,64.8782,0.245758,0.000270927,2.40272,0.878606,0.412407,0.25103,0.179307,0.107584,0.107584,0.0179307,0.0179307,0,0.0179307,0.0179307,0,0,0
57240,57267,57254,8.2,55.2836,-21.0473,370.868,-21.908,333.56,5.01905,0.886777,73.2234,0.247717,0.000308377,2.69161,1.18747,0.411657,0.221662,0.174163,0.126664,0.110831,0.0474989,0,0.015833,0,0.015833,0.015833,0,0
57268,57288,57278,8.3,55.2833,-21.0462,365.924,-22.5235,334.021,4.5242,0.645611,32.9359,0.153045,0.000195696,2.49531,0.932826,0.443092,0.233206,0.209886,0.0466413,0.0932826,0.0466413,0.0233206,0,0,0,0,0,0
57289,57312,57300,8.4,55.2827,-21.0456,360.894,-23.3265,334.27,5.36128,0.792503,50.7975,0.192293,0.000237633,3.13734,1.09211,0.496415,0.178709,0.178709,0.0397132,0.198566,0.0198566,0,0,0.0198566,0,0,0,0
57313,57330,57322,8.5,55.2821,-21.0447,356.517,-24.068,334.441,5.62636,0.822644,41.933,0.15292,0.000247913,3.31743,0.822722,0.583867,0.212315,0.371552,0.159236,0.0796182,0.0530788,0.0265394,0,0,0,0,0,0
57332,57349,57340,8.6,55.2808,-21.044,351.709,-24.7729,334.791,5.83187,1.25846,152.932,0.364568,0.000567773,3.16385,1.27498,0.637492,0.118054,0.212497,0.0944433,0.141665,0.118054,0,0.0236108,0.0236108,0,0,0.0236108,0
57350,57373,57362,8.7,55.2793,-21.043,346.487,-25.7719,334.873,5.42939,0.790335,49.3443,0.187304,0.00022238,3.10799,1.20866,0.422072,0.230221,0.153481,0.134296,0.134296,0.0191851,0,0,0.0191851,0,0,0,0
57374,57400,57387,8.8,55.2774,-21.0419,341.961,-26.5476,335.079,4.94159,0.779497,55.2199,0.212521,0.00027164,2.83471,1.09175,0.383069,0.229842,0.153228,0.0383069,0.114921,0.0574604,0,0.0191535,0.0191535,0,0,0,0
57401,57422,57412,8.9,55.2756,-21.0405,337.34,-27.4522,335.15,5.56814,0.74115,41.6004,0.168389,0.000238595,3.30957,1.40881,0.313068,0.22362,0.089448,0.089448,0.044724,0.022362,0.044724,0.022362,0,0,0,0,0
57423,57450,57436,9,55.2737,-21.0393,332.573,-28.4618,335.133,5.5907,0.818,45.9581,0.16855,0.00027656,3.14477,1.17699,0.514933,0.312638,0.165514,0.0735618,0.0735618,0.0919522,0.0183904,0.0183904,0,0,0,0,0
57451,57483,57467,9.1,55.272,-21.0378,328.056,-29.39,335.169,5.39474,0.807092,52.3025,0.194411,0.000256934,3.10198,1.10892,0.464547,0.314693,0.164839,0.0749269,0.0599415,0.0449562,0.0449562,0,0,0.0149854,0,0,0
57485,57511,57498,9.2,55.2703,-21.0362,323.322,-30.3079,335.296,4.71582,0.670373,38.3659,0.171692,0.000226108,3.00098,0.728809,0.407275,0.19292,0.128613,0.128613,0.0428711,0.0428711,0.0214355,0.0214355,0,0,0,0,0
57514,57545,57530,9.3,55.269,-21.0347,318.697,-30.8539,335.923,5.75658,0.904119,59.1474,0.19626,0.000311172,3.25911,1.22217,0.549089,0.177126,0.177126,0.1417,0.0885628,0.106275,0.0177126,0,0.0177126,0,0,0,0
57546,57571,57558,9.4,55.2677,-21.0334,314.48,-31.391,336.456,4.46329,0.558732,25.2268,0.13545,0.000128432,2.5883,0.896735,0.407607,0.285325,0.183423,0.0203803,0.0407607,0.0203803,0.0203803,0,0,0,0,0,0
57573,57597,57585,9.5,55.2665,-21.0324,310.097,-32.2189,336.651,5.82503,0.849424,55.6495,0.196543,0.000242126,3.5466,1.05323,0.558859,0.128967,0.257935,0.107473,0.128967,0,0.0214946,0,0,0.0214946,0,0,0
57598,57623,57610,9.6,55.2652,-21.0316,305.529,-33.0268,336.948,5.15013,0.71238,39.4498,0.166133,0.000233108,3.00785,1.2118,0.367867,0.173114,0.194753,0,0.0865568,0.0865568,0,0.0216392,0,0,0,0,0
57625,57654,57640,9.7,55.2638,-21.031,301.505,-33.8326,337.092,4.0428,0.478977,19.8481,0.124316,9.37517e-05,2.56459,0.748006,0.302765,0.0712387,0.213716,0.106858,0.0178097,0.0178097,0,0,0,0,0,0,0
57655,57681,57668,9.8,55.2625,-21.0304,297.022,-34.7865,337.188,4.3385,0.536264,24.9629,0.139649,0.000133543,2.50988,1.09359,0.322698,0.125494,0.161349,0.0537831,0,0.0537831,0.0179277,0,0,0,0,0,0
57682,57706,57694,9.9,55.2612,-21.0298,293.096,-35.5525,337.385,4.24243,0.532519,23.1959,0.130677,0.000119767,2.5331,0.926745,0.247132,0.185349,0.14416,0.102972,0.102972,0,0,0,0,0,0,0,0
