api/src/app/data/B2SAP/Locations/La Reunion/NOAA-POPS-B2SAP_GMLBalloon_20221208_R0.ict
61,1001
Thornberry, T. D.
NOAA Chemical Sciences Laboratory
Portable Optical Particle Spectrometer (POPS)
Balloon Baseline Stratospheric Aerosol Profiles (B2SAP)
1,1
2022,12,08,2024,05,28
0
TIME_START,s,Seconds since midnight UTC on flight start day,Start time of 100 m altitude bin in UTC_seconds_since_midnight
28
1.0,1.0,1.0,1.0,1.0,1.0,1.0,1.0,1.0,1.0,1.0,1.0,1.0,1.0,1.0,1.0,1.0,1.0,1.0,1.0,1.0,1.0,1.0,1.0,1.0,1.0,1.0,1.0
99999,99999,99999,99999,99999,99999,99999,99999,99999,99999,99999,99999,99999,99999,99999,99999,99999,99999,99999,99999,99999,99999,99999,99999,99999,99999,99999,99999
TIME_STOP,s,End time of 100 m altitude bin in UTC seconds since midnight,
TIME_MID,s,Mid time of 100 m altitude in UTC seconds since midnight,
GPSAlt,m,GPS reported altitude above sea level (m),
GPS_Lon,deg,GPS reported longitude,
GPS_Lat,deg,GPS reported latitude,
iMet_Pressure,mb,Pressure reported (mB),
iMet_Temperature,degrees C,Ambient temperature (oC),
THETA,K,Potential temperature from iMet,
Aerosol_concentration,cm^-3,Aerosol concentration,
Surface_Area_Conc,um^2 cm^-3,Surface area concentration,
Volume_density,um^3 cm^-3,Volume density,
Effective_radius,um,Effective radius,
Extinction,km^-1,Extinction,
Bin01,cm^-3,particle concentration in size range [140 - 170 nm],
Bin02,cm^-3,particle concentration in size range [170 - 205 nm],
Bin03,cm^-3,particle concentration in size range [205 - 249 nm],
Bin04,cm^-3,particle concentration in size range [249 - 302 nm],
Bin05,cm^-3,particle concentration in size range [302 - 366 nm],
Bin06,cm^-3,particle concentration in size range [366 - 443 nm],
Bin07,cm^-3,particle concentration in size range [443 - 537 nm],
Bin08,cm^-3,particle concentration in size range [537 - 651 nm],
Bin09,cm^-3,particle concentration in size range [651 - 789 nm],
Bin10,cm^-3,particle concentration in size range [789 - 956 nm],
Bin11,cm^-3,particle concentration in size range [956 - 1159 nm],
Bin12,cm^-3,particle concentration in size range [1159 - 1404 nm],
Bin13,cm^-3,particle concentration in size range [1404 - 1702 nm],
Bin14,cm^-3,particle concentration in size range [1702 - 2062 nm],
Bin15,cm^-3,particle concentration in size range [2062 - 2500 nm],
0
19
PI_CONTACT_INFO: 325 Broadway R/CSL6, Boulder, CO 80305; troy.thornberry@noaa.gov; 303-497-3373 
PLATFORM: GML ECC/FPH balloon
LOCATION: Reunion, AL, USA
ASSOCIATED_DATA: N/A
INSTRUMENT_INFO: Printed Optical Particle Spectrometer counts particles from 140 - 2500 nm in diameter 
DATA_INFO: Particle concentrations reported in number per cubic centimeter, binned to 100 m altitude
UNCERTAINTY: Counting uncertainty dominated by air flow, less than 5 percent
ULOD_FLAG: -77777
ULOD_VALUE: 3000 ~3000 per cm3 (varies depending on flow rate- manufacturer quotes 1250  per cm3 at 1.667 cc/s)
LLOD_FLAG: -88888
LLOD_VALUE: 0 0 (varies depending on data field and measurement precision)
DM_CONTACT_INFO: Troy Thornberry, 325 Broadway R/CSL6, Boulder, CO 80305; troy.thornberry@noaa.gov; 303-497-3373
PROJECT_INFO: B2SAP Reunion, AL, USA
STIPULATIONS_ON_USE: Please contact the PIs for questions regarding applications and uncertainties
OTHER_COMMENTS: POPS bin Edges (nm):  140, 170, 205, 249, 302, 366, 443, 537, 651, 789, 956, 1159, 1404, 1702, 2062, 2500
Calculations assume sulfate refractive index of 1.45+0.00j and extinction wavelength = 532 nm
REVISION: R0
R0: QA/QC data
TIME_START,TIME_STOP,TIME_MID,GPSAlt,GPS_Lon,GPS_Lat,iMet_Pressure,iMet_Temperature,THETA,Aerosol_concentration,Surface_Area_Conc,Volume_density,Effective_radius,Extinction,Bin01,Bin02,Bin03,Bin04,Bin05,Bin06,Bin07,Bin08,Bin09,Bin10,Bin11,Bin12,Bin13,Bin14,Bin15
[from data line 307]
64068,64089,64078,16.9,55.058,-20.9562,97.853,-75.235,384.492,16.538,1.67682,58.1535,0.104042,0.000198254,9.79467,4.4549,1.46462,0.30513,0.335643,0.061026,0.122052,0,0,0,0,0,0,0,0
64092,64115,64104,16.8,55.0562,-20.9563,99.6122,-74.8967,383.194,15.5617,1.66857,64.012,0.11509,0.000267928,9.11421,3.98325,1.51904,0.573858,0.101269,0.0675127,0.101269,0.101269,0,0,0,0,0,0,0
64116,64141,64128,16.7,55.0547,-20.9559,101.305,-75.0369,381.085,11.0699,1.61479,109.05,0.202597,0.000532676,6.36518,2.66683,1.08183,0.276747,0.176112,0.0754764,0.226429,0.100635,0.0503176,0.0251588,0,0,0.0251588,0,0
64142,64165,64154,16.6,55.0529,-20.9556,103.206,-74.604,379.893,9.17298,1.62823,149.026,0.274579,0.000663993,5.37372,2.22479,0.787234,0.205365,0.102683,0.102683,0.102683,0.0684551,0.0684551,0.0684551,0,0.0684551,0,0,0
64167,64190,64178,16.5,55.0515,-20.9555,104.924,-74.2722,378.737,7.80168,0.959547,44.5718,0.139353,0.000240169,4.73403,1.70425,0.568083,0.378722,0.151489,0.0757445,0.113617,0.0378722,0.0378722,0,0,0,0,0,0
64192,64212,64202,16.4,55.0502,-20.9553,106.477,-74.594,376.54,9.5078,1.26009,74.3089,0.176914,0.000428654,6.05353,2.22305,0.444609,0.273606,0.136803,0.102602,0.0684014,0.136803,0,0.0684014,0,0,0,0,0
64217,64241,64229,16.3,55.0485,-20.9553,108.27,-74.054,375.767,10.7091,1.42247,71.3146,0.150403,0.000405737,5.84753,2.71978,1.01992,0.37397,0.339973,0.135989,0.135989,0.0339973,0.101992,0,0,0,0,0,0
64243,64265,64254,16.2,55.0468,-20.9554,110.009,-73.2508,375.569,11.1187,1.46282,84.56,0.173418,0.000382995,6.35357,2.73412,1.09365,0.286431,0.286431,0.130196,0.104157,0.0520784,0.0520784,0,0.0260392,0,0,0,0
64269,64292,64280,16.1,55.0447,-20.9554,111.845,-72.56,375.089,11.9414,1.56096,92.2358,0.177268,0.000398628,7.25667,2.57198,1.10228,0.367426,0.214332,0.0918566,0.244951,0.0306189,0.0306189,0,0,0.0306189,0,0,0
64299,64318,64308,16,55.0426,-20.9552,113.761,-71.587,375.083,12.4981,1.53605,72.0004,0.140621,0.000355778,7.10346,2.94861,1.30677,0.53611,0.167534,0.234548,0.100521,0.0670138,0,0.0335069,0,0,0,0,0
64320,64342,64331,15.9,55.0407,-20.9547,115.603,-71.2254,374.036,12.8907,1.55032,81.4702,0.157652,0.000330659,7.71374,3.1062,1.16483,0.336505,0.20708,0.129425,0.181195,0,0.025885,0,0.025885,0,0,0,0
64344,64366,64355,15.8,55.0391,-20.9538,117.463,-71.2433,372.302,15.6,1.6789,67.9779,0.121469,0.000324456,10.6047,3.15349,0.893024,0.251163,0.223256,0.195349,0.195349,0.083721,0,0,0,0,0,0,0
64369,64390,64380,15.7,55.0377,-20.9527,119.282,-71.254,370.65,19.1345,2.36038,161.524,0.205294,0.000582512,13.2031,3.58563,1.34042,0.301595,0.335105,0.100532,0.067021,0.0335105,0.067021,0.0335105,0,0.0335105,0.0335105,0,0
64393,64418,64406,15.6,55.036,-20.9513,121.455,-71.0008,369.207,19.295,2.02364,77.4417,0.114806,0.000336023,12.2553,4.54756,1.54155,0.308309,0.231232,0.0770773,0.282617,0.0513849,0,0,0,0,0,0,0
64420,64447,64434,15.5,55.0345,-20.9498,123.471,-70.3273,368.697,20.3859,2.02879,76.6661,0.113367,0.000317103,14.1747,4.19252,1.04258,0.42147,0.221827,0.110913,0.155279,0.0221827,0.0443653,0,0,0,0,0,0
64448,64474,64461,15.4,55.033,-20.9483,125.727,-69.3753,368.517,21.3616,2.29695,101.236,0.132223,0.000386181,13.8352,4.91427,1.43886,0.354182,0.354182,0.154954,0.287773,0,0,0,0.0221364,0,0,0,0
64475,64503,64489,15.3,55.0319,-20.9468,127.608,-68.765,368.056,22.1212,2.0824,70.5811,0.101682,0.000240641,15.0556,5.01854,1.41972,0.1981,0.1981,0.0330167,0.165084,0.0330167,0,0,0,0,0,0,0
64505,64529,64517,15.2,55.0312,-20.9452,129.574,-68.374,367.152,21.705,2.31102,115.994,0.150575,0.000376504,14.4039,5.08763,1.18932,0.429476,0.264293,0.132146,0.0660732,0.0991097,0,0,0,0,0.0330366,0,0
64533,64557,64545,15.1,55.031,-20.9439,131.72,-67.705,366.628,22.3862,2.24332,90.8254,0.121461,0.000379827,15.0116,5.17866,1.44216,0.262211,0.262211,0.0327763,0.0327763,0.098329,0.0327763,0.0327763,0,0,0,0,0
64559,64583,64571,15,55.0308,-20.9428,133.85,-68.277,363.936,24.0391,2.34617,85.5508,0.109392,0.00033432,16.6094,5.25029,1.28781,0.165104,0.330207,0.198124,0.132083,0.0330207,0.0330207,0,0,0,0,0,0
64587,64608,64598,14.9,55.0306,-20.9423,136.001,-68.3888,362.083,23.0645,2.66953,147.017,0.165217,0.0006484,16.1864,4.44816,1.19441,0.288307,0.288307,0.12356,0.37068,0.0823734,0,0.0411867,0.0411867,0,0,0,0
64610,64636,64623,14.8,55.0304,-20.9419,138.432,-68.435,360.175,20.6416,2.56186,164.592,0.192741,0.000613434,13.7392,4.37156,0.953197,0.59164,0.558771,0.0657377,0.164344,0.0986066,0,0.0328689,0.0328689,0,0.0328689,0,0
64638,64663,64650,14.7,55.0305,-20.9414,140.732,-67.9355,359.357,21.9685,2.44941,108.651,0.133074,0.000499067,14.3675,4.47121,1.52021,0.625969,0.506737,0.178848,0.208656,0.0298081,0,0.0596161,0,0,0,0,0
64666,64692,64679,14.6,55.031,-20.941,143.114,-67.463,358.461,18.5951,1.85917,66.5619,0.107406,0.000253662,12.7575,3.70591,1.04946,0.393548,0.393548,0.098387,0.196774,0,0,0,0,0,0,0,0
64696,64719,64708,14.5,55.0318,-20.9405,145.232,-66.82,358.075,18.0265,2.11753,99.8643,0.141482,0.000527027,11.7564,3.88614,1.07767,0.39188,0.261253,0.228597,0.29391,0.0653133,0.0326566,0.0326566,0,0,0,0,0
64722,64747,64734,14.4,55.0331,-20.9399,147.737,-65.9544,357.825,16.2602,1.94755,86.2011,0.132784,0.000399975,9.62634,3.82169,1.04556,0.612913,0.68502,0.28843,0.144215,0,0,0.0360537,0,0,0,0,0
64750,64770,64760,14.3,55.0343,-20.9393,149.882,-65.1937,357.662,14.817,1.95772,99.4332,0.152371,0.000558699,8.6567,3.42242,1.3287,0.281846,0.402637,0.281846,0.281846,0.120791,0,0.0402637,0,0,0,0,0
64777,64806,64792,14.2,55.0358,-20.9384,152.759,-64.832,356.344,19.1324,2.39366,132.658,0.166262,0.000572813,11.398,4.73684,1.48026,0.555099,0.296053,0.296053,0.259046,0.0370066,0,0.0370066,0.0370066,0,0,0,0
64808,64833,64820,14.1,55.0365,-20.9379,155.024,-64.1708,355.974,21.3913,2.77737,166.358,0.179693,0.000686537,12.7895,5.34782,1.47136,0.396135,0.650793,0.198067,0.396135,0.0565907,0.0282954,0,0.0282954,0,0.0282954,0,0
64836,64861,64848,14,55.0367,-20.9375,157.534,-63.455,355.559,21.5863,2.45491,97.402,0.119029,0.000434747,14.3604,3.3843,1.46348,0.868941,0.914675,0.320136,0.274402,0,0,0,0,0,0,0,0
64867,64891,64879,13.9,55.0365,-20.9374,160.262,-62.7345,355.034,23.1601,2.60632,109.197,0.125691,0.000524382,14.45,5.23939,1.70197,0.667439,0.567323,0.100116,0.333719,0.0333719,0.0667439,0,0,0,0,0,0
64893,64919,64906,13.8,55.036,-20.9373,162.666,-61.9111,354.911,22.4276,3.06598,201.728,0.197387,0.000806373,13.6675,4.86675,1.82503,0.730013,0.365007,0.446119,0.32445,0.0811126,0.0405563,0,0.0405563,0,0.0405563,0,0
64921,64946,64934,13.7,55.0355,-20.937,165.287,-61.045,354.741,23.3784,3.1814,208.804,0.196898,0.00083858,13.9722,5.61629,1.78077,0.593591,0.593591,0.182643,0.410948,0.0913217,0.0456609,0,0,0.0913217,0,0,0
64961,64975,64968,13.6,55.0349,-20.9363,168.458,-60.0583,354.461,23.4816,3.15641,184.119,0.174996,0.00081034,14.2696,4.99736,1.86648,0.6623,0.541882,0.361255,0.722509,0,0,0,0,0.0602091,0,0,0
64979,65003,64991,13.5,55.0345,-20.9357,170.476,-59.3675,354.403,24.367,2.87733,129.596,0.135121,0.000641499,14.5213,6.29405,1.57351,0.494533,0.71932,0.314703,0.314703,0.089915,0,0.0449575,0,0,0,0,0
65006,65034,65020,13.4,55.0339,-20.9347,173.013,-58.6044,354.17,23.3947,2.94541,145.476,0.148172,0.000764029,14.9822,4.28636,1.40208,1.24184,0.560833,0.360535,0.440654,0.0400595,0,0.080119,0,0,0,0,0
65039,65066,65052,13.3,55.0332,-20.9332,176.008,-57.741,353.856,21.9088,2.81848,141.604,0.150724,0.000786419,13.5592,4.53163,1.46297,0.820689,0.642278,0.392503,0.249775,0.107046,0.107046,0.0356821,0,0,0,0,0
65069,65099,65084,13.2,55.0327,-20.9313,178.822,-56.9782,353.504,21.9839,2.89495,158.143,0.163881,0.000786499,12.989,5.19559,1.62362,0.519559,0.876756,0.227307,0.292252,0.12989,0.0974174,0,0.0324725,0,0,0,0
65101,65132,65116,13.1,55.0324,-20.9293,181.491,-56.6358,352.569,23.8809,2.91502,131.146,0.13497,0.00066506,14.7255,4.4147,2.39994,0.799979,0.711093,0.296289,0.414804,0.0888866,0,0.0296289,0,0,0,0,0
65134,65163,65148,13,55.0325,-20.9277,184.404,-56.5213,351.154,22.768,3.04187,142.513,0.140552,0.00079019,12.2614,5.26441,2.4434,0.977359,0.888508,0.222127,0.466467,0.222127,0.0222127,0,0,0,0,0,0
65166,65193,65180,12.9,55.0331,-20.9272,187.09,-56.6309,349.529,21.8271,2.9117,128.343,0.132235,0.000653592,11.5404,4.82189,2.18592,1.09296,1.28584,0.450043,0.385751,0.0642918,0,0,0,0,0,0,0
65196,65226,65211,12.8,55.0342,-20.9274,189.934,-56.415,348.373,21.3842,3.17177,157.768,0.149224,0.000911072,10.4775,4.59495,2.82766,1.2371,1.11087,0.403952,0.50494,0.151482,0.0757409,0,0,0,0,0,0
65227,65256,65242,12.7,55.0353,-20.9279,192.924,-55.9514,347.563,19.4693,2.76738,143.943,0.156043,0.000714565,10.0236,4.49679,1.95949,1.18072,0.954625,0.251217,0.477312,0.100487,0,0,0.0251217,0,0,0,0
65264,65287,65276,12.6,55.0368,-20.9281,196.223,-55.009,347.384,17.5454,2.68576,160.004,0.178725,0.000820902,9.40431,3.57925,1.82472,1.05272,0.701814,0.315816,0.456179,0.105272,0.0701814,0,0,0.0350907,0,0,0
65289,65318,65304,12.5,55.0381,-20.9281,198.903,-54.1633,347.382,18.7817,2.6906,136.59,0.152297,0.000781577,9.71265,4.35899,2.25263,0.672864,0.702119,0.497334,0.380315,0.146275,0.029255,0.029255,0,0,0,0,0
65320,65347,65334,12.4,55.0397,-20.928,201.974,-53.318,347.199,16.651,2.63532,159.843,0.181962,0.000813521,8.2252,4.09254,1.68516,0.882704,0.722213,0.28086,0.561721,0.160492,0,0,0,0.0401229,0,0,0
65349,65378,65364,12.3,55.0416,-20.928,205.336,-52.7517,346.456,17.2533,2.84186,170.477,0.179964,0.000925357,8.37342,3.9166,2.09336,0.675276,0.911622,0.472693,0.540221,0.236347,0,0,0,0.0337638,0,0,0
65381,65408,65394,12.2,55.0431,-20.9277,208.377,-51.83,346.446,18.5109,2.84597,168.491,0.17761,0.000912462,9.98038,4.21469,1.58472,0.708067,0.80922,0.505762,0.505762,0.067435,0.101152,0,0.0337175,0,0,0,0
65410,65436,65423,12.1,55.0444,-20.9274,211.329,-50.9346,346.453,18.4433,2.72698,141.507,0.155674,0.00082674,9.47087,4.1435,1.96271,1.02809,0.810008,0.342696,0.467313,0.155771,0.0311542,0.0311542,0,0,0,0,0
65439,65468,65454,12,55.0461,-20.927,214.905,-50.13,346.044,18.8857,2.86663,167.819,0.175626,0.00080289,9.57633,4.37108,2.10212,0.66734,1.06774,0.533872,0.433771,0.066734,0.033367,0,0,0,0.033367,0,0
65476,65498,65487,11.9,55.0478,-20.9266,218.178,-49.2678,345.885,19.498,3.06838,175.188,0.171284,0.00105143,9.99217,4.55396,1.81274,0.884263,0.928476,0.574771,0.486345,0.132639,0.0442132,0.0884263,0,0,0,0,0
65500,65532,65516,11.8,55.0496,-20.9261,221.251,-48.4077,345.829,18.1545,2.83937,184.068,0.194481,0.000823235,9.50949,3.98287,1.729,1.17325,0.710124,0.43225,0.43225,0.1235,0,0,0.030875,0,0.030875,0,0
65534,65566,65550,11.7,55.0517,-20.9253,224.615,-47.6785,345.459,18.499,3.02309,179.923,0.178549,0.000964161,8.99045,4.38856,1.91999,0.579046,1.31047,0.639998,0.426665,0.182857,0,0.0304761,0,0.0304761,0,0,0
65570,65579,65574,11.6,55.0533,-20.9246,227.03,-47.515,344.654,18.6056,2.68375,131.462,0.146954,0.000772397,9.15355,4.97475,2.0894,0.39798,0.79596,0.497475,0.497475,0.19899,0,0,0,0,0,0,0
