api/src/app/data/B2SAP/Locations/La Reunion/NOAA-POPS-B2SAP_GMLBalloon_20221208_R0.ict
61,1001
Thornberry, T. D.
NOAA Chemical Sciences Laboratory
Portable Optical Particle Spectrometer (POPS)
Balloon Baseline Stratospheric Aerosol Profiles (B2SAP)
1,1
2022,12,08,2024,05,28
0
TIME_START,s,Seconds since midnight UTC on flight start day,Start time of 100 m altitude bin in UTC_seconds_since_midnight
28
1.0,1.0,1.0,1.0,1.0,1.0,1.0,1.0,1.0,1.0,1.0,1.0,1.0,1.0,1.0,1.0,1.0,1.0,1.0,1.0,1.0,1.0,1.0,1.0,1.0,1.0,1.0,1.0
99999,99999,99999,99999,99999,99999,99999,99999,99999,99999,99999,99999,99999,99999,99999,99999,99999,99999,99999,99999,99999,99999,99999,99999,99999,99999,99999,99999
TIME_STOP,s,End time of 100 m altitude bin in UTC seconds since midnight,
TIME_MID,s,Mid time of 100 m altitude in UTC seconds since midnight,
GPSAlt,m,GPS reported altitude above sea level (m),
GPS_Lon,deg,GPS reported longitude,
GPS_Lat,deg,GPS reported latitude,
iMet_Pressure,mb,Pressure reported (mB),
iMet_Temperature,degrees C,Ambient temperature (oC),
THETA,K,Potential temperature from iMet,
Aerosol_concentration,cm^-3,Aerosol concentration,
Surface_Area_Conc,um^2 cm^-3,Surface area concentration,
Volume_density,um^3 cm^-3,Volume density,
Effective_radius,um,Effective radius,
Extinction,km^-1,Extinction,
Bin01,cm^-3,particle concentration in size range [140 - 170 nm],
Bin02,cm^-3,particle concentration in size range [170 - 205 nm],
Bin03,cm^-3,particle concentration in size range [205 - 249 nm],
Bin04,cm^-3,particle concentration in size range [249 - 302 nm],
Bin05,cm^-3,particle concentration in size range [302 - 366 nm],
Bin06,cm^-3,particle concentration in size range [366 - 443 nm],
Bin07,cm^-3,particle concentration in size range [443 - 537 nm],
Bin08,cm^-3,particle concentration in size range [537 - 651 nm],
Bin09,cm^-3,particle concentration in size range [651 - 789 nm],
Bin10,cm^-3,particle concentration in size range [789 - 956 nm],
Bin11,cm^-3,particle concentration in size range [956 - 1159 nm],
Bin12,cm^-3,particle concentration in size range [1159 - 1404 nm],
Bin13,cm^-3,particle concentration in size range [1404 - 1702 nm],
Bin14,cm^-3,particle concentration in size range [1702 - 2062 nm],
Bin15,cm^-3,particle concentration in size range [2062 - 2500 nm],
0
19
PI_CONTACT_INFO: 325 Broadway R/CSL6, Boulder, CO 80305; troy.thornberry@noaa.gov; 303-497-3373 
PLATFORM: GML ECC/FPH balloon
LOCATION: Reunion, AL, USA
ASSOCIATED_DATA: N/A
INSTRUMENT_INFO: Printed Optical Particle Spectrometer counts particles from 140 - 2500 nm in diameter 
DATA_INFO: Particle concentrations reported in number per cubic centimeter, binned to 100 m altitude
UNCERTAINTY: Counting uncertainty dominated by air flow, less than 5 percent
ULOD_FLAG: -77777
ULOD_VALUE: 3000 ~3000 per cm3 (varies depending on flow rate- manufacturer quotes 1250  per cm3 at 1.667 cc/s)
LLOD_FLAG: -88888
LLOD_VALUE: 0 0 (varies depending on data field and measurement precision)
DM_CONTACT_INFO: Troy Thornberry, 325 Broadway R/CSL6, Boulder, CO 80305; troy.thornberry@noaa.gov; 303-497-3373
PROJECT_INFO: B2SAP Reunion, AL, USA
STIPULATIONS_ON_USE: Please contact the PIs for questions regarding applications and uncertainties
OTHER_COMMENTS: POPS bin Edges (nm):  140, 170, 205, 249, 302, 366, 443, 537, 651, 789, 956, 1159, 1404, 1702, 2062, 2500
Calculations assume sulfate refractive index of 1.45+0.00j and extinction wavelength = 532 nm
REVISION: R0
R0: QA/QC data
TIME_START,TIME_STOP,TIME_MID,GPSAlt,GPS_Lon,GPS_Lat,iMet_Pressure,iMet_Temperature,THETA,Aerosol_concentration,Surface_Area_Conc,Volume_density,Effective_radius,Extinction,Bin01,Bin02,Bin03,Bin04,Bin05,Bin06,Bin07,Bin08,Bin09,Bin10,Bin11,Bin12,Bin13,Bin14,Bin15
[from data line 230]
61471,61489,61480,25.2,55.1358,-20.9748,26.9367,-56.4517,608.597,2.36828,0.759902,51.4981,0.203308,0.000383199,0.318127,0.353474,0.388822,0.388822,0.353474,0.212085,0.176737,0.176737,0,0,0,0,0,0,0
61494,61516,61505,25.3,55.1362,-20.9746,26.5354,-55.5038,613.888,2.05023,0.787155,58.1591,0.221656,0.000450414,0.252336,0.15771,0.346962,0.378504,0.252336,0.15771,0.410046,0.031542,0.063084,0,0,0,0,0,0
61520,61535,61528,25.4,55.1368,-20.9745,26.17,-54.783,618.364,2.65471,1.3469,112.143,0.249779,0.00088516,0.171271,0.214089,0.214089,0.470996,0.38536,0.214089,0.685085,0.214089,0.0428178,0.0428178,0,0,0,0,0
61540,61558,61549,25.5,55.1372,-20.9745,25.8208,-55.2133,619.518,2.1593,0.899936,68.7807,0.229285,0.000549745,0.205647,0.342746,0.308471,0.205647,0.274196,0.239922,0.342746,0.205647,0.0342746,0,0,0,0,0,0
62642,62644,62643,24.4,55.1547,-20.955,30.015,-54.775,594.633,1.06453,0.505295,36.0618,0.214104,0.000283596,0,0.266134,0,0,0,0.532267,0.266134,0,0,0,0,0,0,0,0
62655,62663,62659,24.3,55.155,-20.9545,30.5933,-55.5267,589.366,3.26684,1.83515,161.38,0.263815,0.00135747,0.515818,0.343878,0.171939,0.343878,0.171939,0.343878,0.515818,0.687757,0.171939,0,0,0,0,0,0
62667,62671,62669,24.2,55.1552,-20.9541,30.94,-55.945,586.341,2.51514,0.958154,63.9737,0.200303,0.000479987,0.503027,0,0,0.503027,0.503027,0.503027,0.503027,0,0,0,0,0,0,0,0
62680,62683,62682,24.1,55.1553,-20.9537,31.4,-56.04,583.618,2.05407,1.51954,141.417,0.279198,0.00118712,0,0,0.256759,0,0.513518,0.256759,0.256759,0.513518,0.256759,0,0,0,0,0,0
62692,62700,62696,24,55.1553,-20.9534,31.8867,-56.9467,578.635,2.10578,1.34647,137.727,0.306862,0.0010016,0.161983,0.161983,0,0.161983,0.809917,0.161983,0.323967,0,0.161983,0.161983,0,0,0,0,0
62706,62717,62712,23.9,55.1553,-20.9528,32.4175,-58.105,572.826,4.46716,3.20166,330.755,0.309922,0.00259009,0.572713,0.114543,0.229085,0.458171,0.916341,0.229085,0.572713,0.572713,0.572713,0.229085,0,0,0,0,0
62719,62725,62722,23.8,55.1553,-20.9522,32.84,-58.3167,570.147,4.62345,3.85884,474.501,0.368894,0.00294832,0.433448,0.577931,0.433448,0.144483,0.433448,0.433448,0.866896,0.577931,0.144483,0.433448,0.144483,0,0,0,0
62735,62746,62740,23.7,55.1553,-20.9515,33.42,-58.4225,567.024,3.8983,2.59856,265.093,0.306046,0.00208711,0.205174,0.512934,0.820695,0.102587,0.410348,0.205174,0.205174,1.02587,0.205174,0.205174,0,0,0,0,0
62778,62787,62782,23.4,55.1556,-20.9494,34.9167,-59.4933,557.178,3.58411,2.71974,279.357,0.308144,0.00226364,0.256008,0.256008,0.512016,0.256008,0.128004,0.384012,0.384012,0.768024,0.512016,0.128004,0,0,0,0,0
62797,62797,62797,23.3,55.1559,-20.9488,35.38,-60.07,553.584,4.6615,4.07204,425.908,0.31378,0.00332224,0,0.388458,0,0,0.776917,0.776917,1.16538,0.776917,0.388458,0.388458,0,0,0,0,0
62813,62813,62813,23.2,55.1564,-20.9483,35.89,-60.36,550.574,4.90811,3.33544,300.575,0.270347,0.0024585,0.377547,0.377547,0,0,0,2.26528,1.13264,0,0.755094,0,0,0,0,0,0
62830,62833,62832,23.1,55.1566,-20.9482,36.53,-59.83,549.166,3.76609,3.44269,453.562,0.395239,0.00260278,0.564914,0.188305,0.376609,0.188305,0.564914,0.188305,0.188305,0.941523,0,0.376609,0.188305,0,0,0,0
62855,62855,62855,23,55.1562,-20.9488,37.33,-60.37,544.395,1.78294,0.930868,71.5878,0.230713,0.000567718,0,0,0.356589,0,0.356589,0.713178,0,0.356589,0,0,0,0,0,0,0
62859,62871,62865,22.9,55.1562,-20.9492,37.675,-60.44,542.79,5.23011,6.25325,856.158,0.410742,0.00496084,0.560369,0.18679,0.18679,0,0.933949,0,0.747159,1.12074,0.560369,0.560369,0.373579,0,0,0,0
62879,62879,62879,22.8,55.1562,-20.9496,38.1,-60.38,541.203,1.56179,1.024,104.241,0.305391,0.000871783,0.390449,0,0.390449,0,0,0,0.390449,0,0.390449,0,0,0,0,0,0
62895,62902,62898,22.7,55.1564,-20.95,38.78,-60.515,538.135,4.52385,2.73385,290.857,0.319173,0.00209679,0.90477,0.90477,0,0.226192,0.226192,0.678577,0.90477,0.226192,0,0.452385,0,0,0,0,0
62907,62919,62913,22.6,55.1563,-20.9502,39.32,-60.5967,535.807,5.21423,6.87083,998.53,0.435986,0.00533679,0.460079,0.306719,0.15336,0.460079,0.15336,0.460079,0.766798,0.613438,0.613438,0.766798,0.15336,0.306719,0,0,0
62925,62930,62928,22.5,55.1562,-20.9506,39.805,-61.075,532.73,4.4576,2.87019,282.131,0.294892,0.00221755,0.22288,0.66864,0.66864,0.22288,0.22288,0.22288,1.33728,0.44576,0.22288,0.22288,0,0,0,0,0
62949,62955,62952,22.4,55.1554,-20.9519,40.705,-61.38,528.578,3.84324,2.21985,214.901,0.290426,0.00160328,0.202276,0,1.01138,0.606827,0.202276,0.606827,0.606827,0.202276,0.202276,0.202276,0,0,0,0,0
62961,62967,62964,22.3,55.1548,-20.9524,41.145,-61.48,526.707,2.70634,1.56935,124.391,0.237788,0.00105754,0.19331,0.19331,0.19331,0,0.19331,0.386621,1.35317,0.19331,0,0,0,0,0,0,0
62975,62987,62981,22.2,55.154,-20.9527,41.82,-61.295,524.725,4.87612,4.23369,449.008,0.318168,0.00357816,0.187543,0.56263,0.187543,0.187543,0.375087,0.187543,1.12526,1.3128,0.375087,0.375087,0,0,0,0,0
62991,62991,62991,22.1,55.1529,-20.953,42.18,-61.24,523.574,4.06594,4.23837,616.364,0.436274,0.00277536,0.739263,0,0.369631,0,0,1.10889,1.10889,0,0,0.369631,0,0.369631,0,0,0
63011,63013,63012,22,55.1522,-20.9532,42.98,-60.795,521.865,5.22933,3.38164,390.844,0.346735,0.00243675,0.653667,0.9805,0.817084,0.326833,0.163417,0.326833,0.49025,0.817084,0.49025,0,0.163417,0,0,0,0
63030,63030,63030,21.9,55.1511,-20.9537,43.66,-61.48,517.853,6.47588,5.03987,603.669,0.359336,0.00423117,0.719542,0.719542,0.719542,0.719542,0.719542,0.719542,0.359771,0.359771,0.359771,1.07931,0,0,0,0,0
63049,63049,63049,21.8,55.1505,-20.9541,44.41,-60.82,516.946,3.13006,3.18585,395.421,0.372354,0.00276825,0.391258,0,0,0.391258,0.391258,0.391258,0.391258,0.391258,0,0.782515,0,0,0,0,0
63056,63073,63064,21.7,55.1495,-20.9547,45.07,-60.6467,515.194,4.01835,3.64927,485.597,0.3992,0.00265732,0.493481,0.352487,0.352487,0.352487,0.281989,0.140995,0.704973,0.634476,0.281989,0.211492,0.0704973,0.0704973,0.0704973,0,0
63081,63093,63087,21.6,55.148,-20.9552,45.815,-61.4175,510.927,3.89124,3.53872,447.837,0.379661,0.00286167,0.210337,0.420675,0.631012,0.210337,0.420675,0,0.736181,0.420675,0.210337,0.525844,0.105169,0,0,0,0
63094,63105,63100,21.5,55.1467,-20.9556,46.3575,-62.56,506.464,4.3742,4.16372,504.596,0.363566,0.00340958,0.312443,0.208295,0.208295,0.312443,0.729034,0.312443,0.624886,0.520738,0.624886,0.416591,0.104148,0,0,0,0
63114,63129,63122,21.4,55.1448,-20.9557,47.1583,-63.9683,500.621,4.77827,4.49422,614.105,0.409929,0.00309028,0.409566,0.273044,0.546088,0.409566,0.341305,0.614349,0.819132,0.68261,0,0.341305,0.204783,0.136522,0,0,0
63134,63147,63140,21.3,55.1432,-20.9558,47.91,-64.108,498.03,5.08688,4.31987,504.582,0.350415,0.00350519,0.476895,0.63586,0.158965,0.31793,0.476895,0.556378,0.63586,0.874308,0.397413,0.476895,0.0794825,0,0,0,0
63149,63166,63158,21.2,55.1418,-20.9559,48.544,-64.764,494.609,5.37162,3.25444,373.635,0.344424,0.00219103,0.856345,0.700646,0.622796,0.389248,0.700646,0.389248,0.622796,0.544947,0.311398,0.0778495,0.0778495,0.0778495,0,0,0
63171,63185,63178,21.1,55.1393,-20.956,49.495,-65.8817,489.235,5.32836,4.93533,631.178,0.38367,0.00386101,0.626866,0.376119,0.376119,0.501492,0.250746,0.564179,1.00298,0.501492,0.313433,0.626866,0.125373,0.0626866,0,0,0
63186,63205,63196,21,55.1375,-20.9557,50.1367,-66.0283,487.093,6.4408,5.93541,777.383,0.392921,0.00444845,0.649989,0.590899,0.709079,0.413629,0.472719,0.472719,0.886348,1.00453,0.472719,0.413629,0.354539,0,0,0,0
63208,63222,63215,20.9,55.1354,-20.9553,51.028,-65.912,484.918,6.41788,5.69424,730.545,0.384887,0.00433804,0.785863,0.327443,0.720375,0.589398,0.523909,0.45842,1.04782,0.720375,0.392932,0.589398,0.196466,0.0654886,0,0,0
63226,63241,63234,20.8,55.1341,-20.9551,51.8133,-65.7217,483.25,4.99526,3.35823,382.303,0.341522,0.00250274,0.624408,0.624408,0.572374,0.364238,0.728476,0.156102,0.728476,0.468306,0.416272,0.208136,0.104068,0,0,0,0
63249,63259,63254,20.7,55.1329,-20.9549,52.69,-65.606,481.207,6.36225,5.00179,628.402,0.376907,0.0037104,0.727115,0.787708,0.727115,0.545336,0.666522,0.242372,0.727115,0.787708,0.666522,0.242372,0.181779,0,0.0605929,0,0
63263,63278,63270,20.6,55.1315,-20.9546,53.536,-65.182,480.001,5.69236,3.91421,441.394,0.338302,0.00266896,0.359518,0.419437,0.659116,0.419437,1.19839,0.419437,0.958714,0.719035,0.239678,0.119839,0.179759,0,0,0,0
63280,63298,63289,20.5,55.1302,-20.9543,54.3229,-65.13,478.125,4.97614,4.35842,597.734,0.411434,0.00303523,0.543612,0.710877,0.33453,0.459979,0.669061,0.209082,0.627245,0.459979,0.418163,0.209082,0.167265,0.167265,0,0,0
63300,63315,63308,20.4,55.1291,-20.9542,55.2,-65.214,475.748,4.86356,4.5486,661.847,0.436518,0.00288191,0.234388,0.351583,0.703165,0.468777,0.996151,0.292985,0.703165,0.234388,0.234388,0.175791,0.292985,0.175791,0,0,0
63319,63335,63327,20.3,55.1278,-20.954,56.0267,-65.7383,472.539,6.17149,5.97103,820.929,0.412456,0.00449862,0.728916,0.583133,0.534538,0.534538,0.534538,0.485944,0.728916,0.728916,0.242972,0.728916,0.242972,0.0485944,0.0485944,0,0
63338,63357,63348,20.2,55.1261,-20.9539,56.9575,-66.2013,469.269,5.4226,4.60195,613.931,0.40022,0.00342413,0.837045,0.618686,0.582292,0.327539,0.473112,0.509506,0.545899,0.473112,0.291146,0.509506,0.181966,0.0727865,0,0,0
63358,63377,63368,20.1,55.1243,-20.9538,57.8329,-66.8471,465.771,4.80218,3.82184,514.955,0.40422,0.00255987,0.620972,0.579574,0.579574,0.331185,0.496778,0.496778,0.538176,0.45538,0.206991,0.206991,0.124194,0.165593,0,0,0
63379,63396,63388,20,55.1225,-20.9532,58.665,-66.69,464.226,5.2038,4.47119,593.426,0.398167,0.00325561,0.753653,0.430659,0.430659,0.466547,0.574212,0.358883,0.717765,0.574212,0.21533,0.430659,0.143553,0.0717765,0.0358883,0,0
63400,63414,63407,19.9,55.1206,-20.9527,59.53,-66.7971,462.048,5.72569,4.63107,600.863,0.389238,0.00337853,0.89337,0.406077,0.5279,0.568508,0.89337,0.203039,0.609116,0.609116,0.365469,0.406077,0.0812154,0.162431,0,0,0
63421,63441,63431,19.8,55.1186,-20.9522,60.5557,-67.1771,458.954,4.91198,3.68093,463.858,0.378049,0.00262917,0.792255,0.514966,0.396127,0.396127,0.475353,0.594191,0.633804,0.396127,0.198064,0.316902,0.198064,0,0,0,0
63446,63457,63452,19.7,55.117,-20.9523,61.6033,-68.4467,453.893,5.05107,3.92035,526.475,0.402879,0.00268317,0.880462,0.741442,0.324381,0.18536,0.741442,0.370721,0.787782,0.278041,0.13902,0.324381,0.18536,0.0926802,0,0,0
63466,63477,63472,19.6,55.1155,-20.953,62.6025,-68.7488,451.144,5.24088,3.74391,495.892,0.397359,0.00233225,0.689589,0.65511,0.65511,0.517192,0.551671,0.482712,0.586151,0.586151,0.103438,0.103438,0.103438,0.206877,0,0,0
63487,63498,63492,19.5,55.1135,-20.954,63.6443,-68.89,448.711,5.87841,5.79882,831.401,0.430122,0.00417424,0.684472,0.603946,0.563683,0.603946,0.644209,0.201315,0.644209,0.644209,0.322105,0.52342,0.281841,0.120789,0.0402631,0,0
63502,63518,63510,19.4,55.1114,-20.9553,64.5983,-68.4617,447.745,5.51234,4.22265,511.627,0.363488,0.00328458,0.774461,0.774461,0.501122,0.182226,0.683348,0.410009,0.637792,0.501122,0.501122,0.410009,0.13667,0,0,0,0
63522,63539,63530,19.3,55.1094,-20.9566,65.6686,-68.5343,445.491,5.63432,4.75608,614.122,0.38737,0.00356372,0.694642,0.347321,0.733233,0.385912,0.733233,0.463095,0.810416,0.385912,0.30873,0.540277,0.231547,0,0,0,0
63541,63560,63550,19.2,55.1068,-20.9577,66.7089,-69.0444,442.389,6.40439,4.86146,582.044,0.359178,0.00371438,0.953212,0.476606,0.565969,0.536181,0.804272,0.595757,0.714909,0.685121,0.41703,0.506394,0.119151,0.0297879,0,0,0
63564,63582,63573,19.1,55.1039,-20.9585,67.7556,-70.2989,437.721,6.14436,4.94546,656.102,0.398003,0.00354089,0.959119,0.749312,0.449587,0.599449,0.539505,0.599449,0.839229,0.329697,0.299725,0.47956,0.209807,0.0899174,0,0,0
63585,63605,63595,19,55.1007,-20.9589,68.9456,-71.99,431.916,5.86701,3.93845,532.886,0.40591,0.00252225,1.48187,0.574604,0.7863,0.332665,0.695573,0.272181,0.665331,0.362908,0.181454,0.181454,0.211696,0.120969,0,0,0
63612,63628,63620,18.9,55.0969,-20.9587,70.197,-72.44,428.739,5.47289,3.48199,464.067,0.399829,0.0023248,1.52478,0.707936,0.626251,0.408424,0.381196,0.462881,0.353968,0.299511,0.190598,0.272283,0.136141,0.108913,0,0,0
63630,63651,63640,18.8,55.0942,-20.958,71.188,-73.338,425.116,5.38031,2.60034,302.491,0.348982,0.00167615,1.42743,1.07057,0.549011,0.247055,0.603912,0.301956,0.521561,0.219604,0.137253,0.192154,0.0274506,0.0549011,0.0274506,0,0
63654,63675,63664,18.7,55.0917,-20.9573,72.3778,-74.0278,421.647,5.55029,2.74479,342.908,0.374791,0.00160929,1.5858,0.823395,0.54893,0.670914,0.579426,0.243969,0.426945,0.274465,0.0914883,0.0914883,0.15248,0.0609922,0,0,0
63677,63698,63688,18.6,55.0895,-20.9567,73.596,-75.284,416.993,5.04087,2.01924,245.161,0.364238,0.00111511,1.83974,0.864675,0.551921,0.367947,0.533523,0.202371,0.220768,0.183974,0.0367947,0.0919868,0.0735894,0.0735894,0,0,0
63700,63720,63710,18.5,55.0875,-20.9561,74.785,-76.416,412.714,5.05386,1.47954,158.993,0.322384,0.000723315,2.05487,0.971896,0.666443,0.416527,0.305453,0.111074,0.277685,0.111074,0,0.0555369,0.0555369,0,0.0277685,0,0
63722,63741,63732,18.4,55.0856,-20.9556,76.1464,-77.0055,409.361,5.33997,1.53663,147.166,0.287317,0.000849646,2.28476,1.16895,0.478206,0.212536,0.371938,0.185969,0.26567,0.185969,0.0797011,0.0531341,0.0531341,0,0,0,0
63743,63764,63754,18.3,55.0839,-20.9554,77.3964,-76.8764,407.729,5.12222,1.17717,103.127,0.262817,0.000539873,2.31824,1.21432,0.44157,0.331178,0.242864,0.198707,0.132471,0.15455,0.0220785,0.0220785,0.044157,0,0,0,0
63768,63787,63778,18.2,55.0817,-20.955,78.9173,-76.9573,405.302,5.93883,1.50704,131.658,0.262087,0.000759627,2.63948,1.23726,0.494903,0.350556,0.391798,0.22683,0.288693,0.206209,0,0.0618628,0.0412419,0,0,0,0
63789,63807,63798,18.1,55.0797,-20.9549,80.21,-77.1727,402.981,5.82855,1.4503,146.161,0.302341,0.000665036,2.56231,1.54865,0.61946,0.197101,0.225258,0.197101,0.253415,0.0844718,0.0281573,0.0281573,0.0563145,0.0281573,0,0,0
63808,63828,63818,18,55.078,-20.9547,81.4233,-77.2733,401.051,5.28584,0.898845,52.8837,0.176505,0.000325828,2.44954,1.18609,0.61883,0.386769,0.257846,0.154708,0.103138,0.103138,0,0.0257846,0,0,0,0,0
63829,63848,63838,17.9,55.0762,-20.9546,82.7527,-76.79,400.184,5.75137,1.21938,103.555,0.254774,0.000594951,2.88972,1.29055,0.617221,0.196388,0.252499,0.112222,0.112222,0.140277,0.056111,0.056111,0.0280555,0,0,0,0
63849,63872,63860,17.8,55.0743,-20.9544,84.102,-76.36,399.212,6.18127,1.55486,162.28,0.313109,0.000722452,3.1111,1.24853,0.55263,0.225146,0.36842,0.245613,0.225146,0.0409356,0,0.0818711,0.0409356,0.0204678,0.0204678,0,0
63873,63894,63884,17.7,55.0721,-20.9539,85.5617,-76.2992,397.377,6.55617,1.42659,134.267,0.282352,0.000639077,3.3293,1.43416,0.56342,0.40976,0.2561,0.17927,0.17927,0.05122,0.02561,0.0768301,0.02561,0,0.02561,0,0
63898,63916,63907,17.6,55.07,-20.9535,86.9982,-76.7445,394.595,8.24128,1.39622,94.636,0.20334,0.00049749,4.10667,2.2908,0.586668,0.279366,0.363175,0.139683,0.335239,0.0838097,0.0279366,0,0,0.0279366,0,0,0
63919,63939,63929,17.5,55.0685,-20.9533,88.3525,-76.76,392.827,8.28892,1.56092,115.915,0.222782,0.000670404,4.31126,1.79636,0.872517,0.230961,0.359272,0.179636,0.307947,0.0769868,0.102649,0.0256623,0,0.0256623,0,0,0
63943,63967,63955,17.4,55.0669,-20.9535,90.0525,-77.035,390.148,8.71562,1.31165,91.3339,0.208898,0.000451284,4.66724,2.34651,0.876719,0.283644,0.232073,0,0.154715,0.0515717,0.0257859,0.0515717,0.0257859,0,0,0,0
63968,63991,63980,17.3,55.0653,-20.954,91.6,-77.2292,387.868,11.5612,1.42768,83.0689,0.174553,0.000357374,7.20208,2.77185,0.876569,0.213219,0.165837,0.0947642,0.0947642,0.0947642,0,0.0236911,0,0.0236911,0,0,0
63992,64017,64004,17.2,55.0636,-20.9545,93.05,-77.0764,386.433,13.5073,1.52491,75.9651,0.149448,0.000260344,8.19386,3.29991,1.25844,0.223723,0.279654,0.139827,0.0559308,0.0279654,0,0,0.0279654,0,0,0,0
64018,64043,64030,17.1,55.0613,-20.9553,94.78,-76.5592,385.418,14.3349,1.70801,89.9685,0.158023,0.000375196,8.41703,3.70161,1.29674,0.447965,0.16504,0.0471542,0.117886,0.0707313,0.0471542,0,0,0.0235771,0,0,0
