api/src/app/data/B2SAP/Locations/La Reunion/NOAA-POPS-B2SAP_GMLBalloon_20221208_R0.ict
61,1001
Thornberry, T. D.
NOAA Chemical Sciences Laboratory
Portable Optical Particle Spectrometer (POPS)
Balloon Baseline Stratospheric Aerosol Profiles (B2SAP)
1,1
2022,12,08,2024,05,28
0
TIME_START,s,Seconds since midnight UTC on flight start day,Start time of 100 m altitude bin in UTC_seconds_since_midnight
28
1.0,1.0,1.0,1.0,1.0,1.0,1.0,1.0,1.0,1.0,1.0,1.0,1.0,1.0,1.0,1.0,1.0,1.0,1.0,1.0,1.0,1.0,1.0,1.0,1.0,1.0,1.0,1.0
99999,99999,99999,99999,99999,99999,99999,99999,99999,99999,99999,99999,99999,99999,99999,99999,99999,99999,99999,99999,99999,99999,99999,99999,99999,99999,99999,99999
TIME_STOP,s,End time of 100 m altitude bin in UTC seconds since midnight,
TIME_MID,s,Mid time of 100 m altitude in UTC seconds since midnight,
GPSAlt,m,GPS reported altitude above sea level (m),
GPS_Lon,deg,GPS reported longitude,
GPS_Lat,deg,GPS reported latitude,
iMet_Pressure,mb,Pressure reported (mB),
iMet_Temperature,degrees C,Ambient temperature (oC),
THETA,K,Potential temperature from iMet,
Aerosol_concentration,cm^-3,Aerosol concentration,
Surface_Area_Conc,um^2 cm^-3,Surface area concentration,
Volume_density,um^3 cm^-3,Volume density,
Effective_radius,um,Effective radius,
Extinction,km^-1,Extinction,
Bin01,cm^-3,particle concentration in size range [140 - 170 nm],
Bin02,cm^-3,particle concentration in size range [170 - 205 nm],
Bin03,cm^-3,particle concentration in size range [205 - 249 nm],
Bin04,cm^-3,particle concentration in size range [249 - 302 nm],
Bin05,cm^-3,particle concentration in size range [302 - 366 nm],
Bin06,cm^-3,particle concentration in size range [366 - 443 nm],
Bin07,cm^-3,particle concentration in size range [443 - 537 nm],
Bin08,cm^-3,particle concentration in size range [537 - 651 nm],
Bin09,cm^-3,particle concentration in size range [651 - 789 nm],
Bin10,cm^-3,particle concentration in size range [789 - 956 nm],
Bin11,cm^-3,particle concentration in size range [956 - 1159 nm],
Bin12,cm^-3,particle concentration in size range [1159 - 1404 nm],
Bin13,cm^-3,particle concentration in size range [1404 - 1702 nm],
Bin14,cm^-3,particle concentration in size range [1702 - 2062 nm],
Bin15,cm^-3,particle concentration in size range [2062 - 2500 nm],
0
19
PI_CONTACT_INFO: 325 Broadway R/CSL6, Boulder, CO 80305; troy.thornberry@noaa.gov; 303-497-3373 
PLATFORM: GML ECC/FPH balloon
LOCATION: Reunion, AL, USA
ASSOCIATED_DATA: N/A
INSTRUMENT_INFO: Printed Optical Particle Spectrometer counts particles from 140 - 2500 nm in diameter 
DATA_INFO: Particle concentrations reported in number per cubic centimeter, binned to 100 m altitude
UNCERTAINTY: Counting uncertainty dominated by air flow, less than 5 percent
ULOD_FLAG: -77777
ULOD_VALUE: 3000 ~3000 per cm3 (varies depending on flow rate- manufacturer quotes 1250  per cm3 at 1.667 cc/s)
LLOD_FLAG: -88888
LLOD_VALUE: 0 0 (varies depending on data field and measurement precision)
DM_CONTACT_INFO: Troy Thornberry, 325 Broadway R/CSL6, Boulder, CO 80305; troy.thornberry@noaa.gov; 303-497-3373
PROJECT_INFO: B2SAP Reunion, AL, USA
STIPULATIONS_ON_USE: Please contact the PIs for questions regarding applications and uncertainties
OTHER_COMMENTS: POPS bin Edges (nm):  140, 170, 205, 249, 302, 366, 443, 537, 651, 789, 956, 1159, 1404, 1702, 2062, 2500
Calculations assume sulfate refractive index of 1.45+0.00j and extinction wavelength = 532 nm
REVISION: R0
R0: QA/QC data
TIME_START,TIME_STOP,TIME_MID,GPSAlt,GPS_Lon,GPS_Lat,iMet_Pressure,iMet_Temperature,THETA,Aerosol_concentration,Surface_Area_Conc,Volume_density,Effective_radius,Extinction,Bin01,Bin02,Bin03,Bin04,Bin05,Bin06,Bin07,Bin08,Bin09,Bin10,Bin11,Bin12,Bin13,Bin14,Bin15
[from data line 156]
59642,59666,59654,17.8,55.235,-20.9883,84.4083,-77.125,397.247,6.56919,1.16893,99.3284,0.254922,0.000430758,3.61306,1.45214,0.605057,0.276598,0.311172,0.051862,0.121011,0.0172873,0.051862,0.0172873,0.0345747,0.0172873,0,0,0
59668,59693,59680,17.9,55.2324,-20.9876,82.8663,-77.0868,399.422,5.99029,1.41757,140.433,0.297198,0.000640836,2.78238,1.50576,0.63831,0.261871,0.163669,0.245504,0.114568,0.130935,0.0491008,0.0163669,0.0654677,0.0163669,0,0,0
59695,59718,59706,18,55.23,-20.9873,81.5483,-77.1217,401.185,5.79846,1.13834,74.2783,0.195754,0.000510849,2.68287,1.3674,0.519265,0.276942,0.29425,0.259633,0.190397,0.121162,0.0692354,0.0173088,0,0,0,0,0
59723,59745,59734,18.1,55.2271,-20.9868,80.0917,-77.4283,402.625,5.80168,1.58629,166.778,0.315411,0.000765964,2.59004,1.37272,0.518007,0.310804,0.310804,0.129502,0.259004,0.129502,0.0777011,0,0.0777011,0.0259004,0,0,0
59747,59769,59758,18.2,55.2249,-20.9865,78.7829,-77.4336,404.514,5.87835,1.53764,167.463,0.326728,0.000771858,3.039,1.30876,0.377102,0.354919,0.221824,0.110912,0.133095,0.110912,0.0665473,0.0665473,0.0221824,0.0665473,0,0,0
59771,59793,59782,18.3,55.2228,-20.9861,77.4555,-77.32,406.719,5.67534,1.69481,165.316,0.292628,0.00091178,2.06119,1.38354,0.677652,0.25412,0.395297,0.141178,0.367062,0.197649,0.112942,0.0282355,0,0.0282355,0.0282355,0,0
59795,59817,59806,18.4,55.2211,-20.9859,76.1493,-77.28,408.785,4.76674,1.24213,123.707,0.298777,0.000577332,2.03972,1.13072,0.48776,0.266051,0.310392,0.0886835,0.199538,0.110854,0.0665127,0,0,0.0665127,0,0,0
59818,59838,59828,18.5,55.2191,-20.9854,74.8883,-76.5633,412.242,5.3026,1.52931,163.59,0.320909,0.000735333,2.11165,1.22007,0.750811,0.187703,0.281554,0.258091,0.211165,0.0938513,0.0938513,0,0.0469257,0.0234628,0.0234628,0,0
59842,59864,59853,18.6,55.2169,-20.9843,73.6314,-75.5707,416.332,5.15333,1.97736,210.973,0.320082,0.00127417,1.91522,0.849017,0.69106,0.276424,0.296169,0.256679,0.335658,0.177701,0.138212,0.157957,0.0394892,0.0197446,0,0,0
59866,59890,59878,18.7,55.2145,-20.9834,72.3873,-74.9193,419.745,5.50562,2.62954,330.004,0.376497,0.00155869,1.55992,1.17453,0.62397,0.385393,0.495506,0.146816,0.495506,0.183521,0.165169,0.0734082,0.110112,0.0917603,0,0,0
59891,59917,59904,18.8,55.2119,-20.9822,71.2041,-73.8753,423.946,5.51988,3.12145,415.173,0.399019,0.00197541,1.44837,0.965577,0.86902,0.337952,0.402324,0.257487,0.418417,0.241394,0.144837,0.193115,0.16093,0.0643718,0.016093,0,0
59919,59945,59932,18.9,55.2084,-20.9808,70.0027,-73.0013,427.882,5.75343,3.08004,366.439,0.356916,0.00201255,1.42015,0.892146,0.673661,0.473383,0.400555,0.49159,0.546212,0.364141,0.127449,0.200278,0.127449,0.0364141,0,0,0
59946,59969,59958,19,55.2046,-20.9803,68.8623,-71.6385,432.821,5.98563,3.27677,401.357,0.367456,0.00213197,1.26779,0.935254,0.768987,0.72742,0.581936,0.332535,0.478019,0.311751,0.145484,0.249401,0.145484,0.0415668,0,0,0
59971,59999,59985,19.1,55.2008,-20.9805,67.7964,-71.0121,436.104,5.78545,4.86517,676.598,0.417209,0.00338968,1.12226,0.657877,0.464384,0.445035,0.522432,0.483733,0.561131,0.483733,0.309589,0.367637,0.174144,0.193493,0,0,0
60000,60027,60014,19.2,55.1967,-20.981,66.7529,-69.57,441.169,6.16196,4.25162,531.712,0.375182,0.0029522,1.03017,0.839401,0.686782,0.457855,0.553241,0.381546,0.972942,0.457855,0.267082,0.267082,0.20985,0.0381546,0,0,0
60031,60053,60042,19.3,55.1929,-20.982,65.642,-68.354,445.935,6.07183,4.21027,534.167,0.380617,0.00298199,1.17176,0.745663,0.665771,0.399462,0.719032,0.372832,0.745663,0.426093,0.186416,0.426093,0.106523,0.106523,0,0,0
60056,60078,60067,19.4,55.1897,-20.9831,64.6392,-68.1962,448.245,6.25544,4.93014,637.514,0.387929,0.00354124,0.940361,0.613279,0.695049,0.449738,0.674607,0.531508,0.77682,0.47018,0.47018,0.347525,0.183984,0.102213,0,0,0
60081,60106,60094,19.5,55.1868,-20.9839,63.6327,-67.756,451.228,6.17948,4.38852,585.349,0.400146,0.00289604,1.00637,0.741537,0.741537,0.653259,0.81216,0.388424,0.582636,0.423736,0.229523,0.264835,0.247179,0.0882782,0,0,0
60107,60130,60118,19.6,55.1843,-20.9848,62.6282,-67.6209,453.581,5.86063,4.61661,601.675,0.390985,0.00333843,0.816645,0.624494,0.744588,0.576456,0.528418,0.336266,0.720569,0.504399,0.360285,0.384304,0.168133,0.0960759,0,0,0
60132,60156,60144,19.7,55.1821,-20.9861,61.6156,-68.1433,454.54,5.5822,4.02503,500.594,0.37311,0.0028692,0.826992,0.679315,0.531638,0.561173,0.561173,0.413496,0.64978,0.590709,0.265819,0.295354,0.147677,0.0590709,0,0,0
60159,60180,60170,19.8,55.1799,-20.9868,60.5333,-68.3033,456.491,6.32804,3.86194,422.005,0.327818,0.00283589,1.18281,0.709687,0.709687,0.532265,0.295703,0.739257,0.887109,0.502695,0.413984,0.266133,0.0591406,0.0295703,0,0,0
60181,60205,60193,19.9,55.178,-20.9865,59.653,-68.212,458.61,5.58335,4.88855,651.804,0.399998,0.00357303,0.771034,0.558335,0.478573,0.558335,0.531747,0.212699,0.638097,0.850796,0.319048,0.345636,0.265874,0.0531747,0,0,0
60210,60231,60220,20,55.1756,-20.9857,58.7283,-68.4058,460.225,5.80066,5.30591,732.827,0.414346,0.00389126,0.727839,0.529338,0.771951,0.352892,0.705784,0.441115,0.551394,0.441115,0.397003,0.529338,0.264669,0.088223,0,0,0
60235,60257,60246,20.1,55.1733,-20.9847,57.8108,-68.6117,461.836,5.61032,4.21404,540.338,0.38467,0.00293622,0.753957,0.643081,0.510029,0.55438,0.687431,0.532205,0.665256,0.399154,0.310453,0.310453,0.110876,0.133051,0,0,0
60262,60281,60272,20.2,55.1709,-20.984,56.8837,-68.605,463.989,4.77492,2.99527,351.464,0.352019,0.00201633,0.63443,0.567648,0.667821,0.267128,0.601039,0.734603,0.367302,0.434084,0.200346,0.166955,0.100173,0,0.0333911,0,0
60284,60305,60294,20.3,55.1688,-20.9841,56.0215,-68.0069,467.382,5.49005,4.30627,567.094,0.395071,0.00300349,0.877592,0.673501,0.530637,0.367364,0.530637,0.367364,0.714319,0.653091,0.2245,0.265318,0.183682,0.0816364,0.0204091,0,0
60308,60330,60319,20.4,55.1668,-20.9843,55.163,-67.819,469.878,5.2769,4.59283,596.603,0.389696,0.00338642,0.689444,0.556859,0.371239,0.238654,0.609893,0.583376,0.583376,0.63641,0.424273,0.318205,0.212137,0.0530342,0,0,0
60333,60353,60343,20.5,55.1649,-20.9844,54.3027,-67.4173,472.917,5.6038,4.78552,647.073,0.405644,0.00344118,0.745571,0.577216,0.601267,0.601267,0.577216,0.288608,0.577216,0.577216,0.384811,0.336709,0.312659,0.0240507,0,0,0
60355,60378,60366,20.6,55.1634,-20.9845,53.4522,-66.9744,476.077,5.79951,5.92686,813.769,0.411906,0.00443426,0.673681,0.468647,0.351485,0.322195,0.6151,0.468647,0.908004,0.64439,0.410066,0.556519,0.263614,0.117162,0,0,0
60379,60400,60390,20.7,55.1619,-20.9844,52.679,-67.108,477.753,5.82835,4.60859,564.096,0.367203,0.00333404,0.659316,0.580198,0.316472,0.527453,0.791179,0.448335,0.791179,0.89667,0.342844,0.237354,0.210981,0.0263726,0,0,0
60403,60428,60416,20.8,55.1596,-20.9841,51.76,-67.2583,479.811,4.85888,4.34023,574.46,0.397071,0.00326635,0.593619,0.417732,0.527661,0.37376,0.593619,0.329788,0.395746,0.571633,0.439718,0.37376,0.175887,0.0659576,0,0,0
60429,60450,60440,20.9,55.1579,-20.9839,51.001,-67.246,481.87,5.45187,5.45988,764.478,0.420052,0.00395664,0.605763,0.605763,0.447738,0.289713,0.553088,0.289713,0.790125,0.684775,0.395063,0.368725,0.31605,0.10535,0,0,0
60454,60477,60466,21,55.1559,-20.9834,50.2083,-67.0425,484.509,4.77846,4.19694,574.221,0.410457,0.00290152,0.519832,0.499839,0.499839,0.419864,0.539826,0.27991,0.739761,0.459852,0.239923,0.259916,0.179942,0.139955,0,0,0
60479,60501,60490,21.1,55.1531,-20.9826,49.506,-66.882,486.842,5.37135,4.09977,479.772,0.351072,0.00318935,0.695397,0.359688,0.479584,0.383668,0.93519,0.359688,0.599481,0.62346,0.407647,0.431626,0.0719377,0.0239792,0,0,0
60507,60527,60517,21.2,55.1499,-20.9819,48.7155,-66.2345,490.622,5.07688,3.80854,447.094,0.352178,0.00298447,0.781058,0.542401,0.347137,0.347137,0.564097,0.499009,0.542401,0.607489,0.325441,0.433921,0.0867842,0,0,0,0
60532,60552,60542,21.3,55.1475,-20.9815,47.9742,-65.3033,494.994,5.17714,4.75612,628.489,0.39643,0.00348029,0.553282,0.375441,0.513762,0.395201,0.454482,0.474242,0.731123,0.711363,0.335921,0.335921,0.217361,0.0790403,0,0,0
60558,60573,60566,21.4,55.1455,-20.9809,47.245,-65.1287,497.582,4.86192,4.44045,571.049,0.385805,0.00338394,0.447416,0.328105,0.328105,0.477243,0.686037,0.447416,0.477243,0.686037,0.328105,0.447416,0.178966,0.0298277,0,0,0
60579,60598,60588,21.5,55.1434,-20.9804,46.457,-64.335,501.888,4.44863,3.90803,490.032,0.376173,0.00291093,0.28856,0.360699,0.384746,0.312606,0.673306,0.336653,0.697352,0.601166,0.312606,0.28856,0.168326,0.0240466,0,0,0
60602,60621,60612,21.6,55.1413,-20.9805,45.756,-62.446,508.633,4.36024,3.34659,359.412,0.32219,0.00270532,0.409526,0.385436,0.289077,0.192718,0.578154,0.385436,0.770872,0.578154,0.481795,0.264987,0.0240897,0,0,0,0
60624,60642,60633,21.7,55.1395,-20.9808,45.0718,-61.1173,514.047,4.39524,3.70614,456.98,0.369911,0.00279091,0.375473,0.441733,0.353386,0.39756,0.353386,0.353386,0.861379,0.574253,0.176693,0.353386,0.13252,0.0220866,0,0,0
60647,60670,60658,21.8,55.138,-20.9813,44.3858,-60.79,517.102,5.0701,4.59551,563.091,0.367592,0.00357238,0.413886,0.413886,0.227637,0.331109,0.57944,0.496663,0.951937,0.641523,0.43458,0.413886,0.124166,0.0413886,0,0,0
60671,60695,60683,21.9,55.1366,-20.9819,43.7115,-61.0208,518.804,4.66042,3.58371,418.35,0.35021,0.00265426,0.464108,0.44477,0.348081,0.386757,0.44477,0.464108,0.850865,0.599473,0.309405,0.212716,0.116027,0.0193378,0,0,0
60697,60722,60710,22,55.135,-20.9823,43.0727,-60.8382,521.439,4.13187,3.18792,357.109,0.336059,0.00249287,0.324979,0.394617,0.371404,0.278553,0.533893,0.25534,0.719595,0.557106,0.41783,0.208915,0.0696383,0,0,0,0
60725,60747,60736,22.1,55.1332,-20.9827,42.3983,-61.2583,522.759,4.53022,3.74137,439.401,0.352332,0.00286409,0.390163,0.346811,0.390163,0.30346,0.498541,0.346811,0.802001,0.650271,0.476865,0.195081,0.0867028,0.0433514,0,0,0
60749,60774,60762,22.2,55.1313,-20.9835,41.7609,-61.3236,524.865,4.63649,4.02886,496.297,0.369556,0.00306328,0.309099,0.261545,0.570645,0.285322,0.641975,0.38043,0.737083,0.618198,0.309099,0.356653,0.166438,0,0,0,0
60775,60800,60788,22.3,55.1299,-20.9847,41.1791,-61.26,527.131,4.19287,2.4614,236.764,0.288572,0.0017705,0.363544,0.58167,0.339307,0.363544,0.508961,0.363544,0.896741,0.38778,0.290835,0.0727087,0,0.0242362,0,0,0
60803,60827,60815,22.4,55.1286,-20.9861,40.5745,-60.9773,530.07,4.43728,3.40838,368.809,0.32462,0.00259125,0.268187,0.268187,0.268187,0.463232,0.560755,0.438851,0.7558,0.853322,0.316948,0.170664,0.0487613,0.0243806,0,0,0
60831,60850,60840,22.5,55.1278,-20.9872,39.9411,-60.8644,532.741,4.54883,3.58308,404.811,0.338936,0.00279265,0.331372,0.421746,0.391621,0.240998,0.542245,0.421746,0.963991,0.51212,0.301247,0.361497,0,0.0602495,0,0,0
60854,60874,60864,22.6,55.1279,-20.9875,39.415,-60.33,536.11,4.70682,4.17125,512.607,0.368671,0.00322377,0.359933,0.359933,0.470682,0.332246,0.38762,0.498369,0.719866,0.609118,0.498369,0.304559,0.138436,0.0276872,0,0,0
60876,60899,60888,22.7,55.1283,-20.9879,38.8025,-60.3062,538.574,4.34057,3.51908,403.202,0.343728,0.00278764,0.494048,0.352892,0.211735,0.317602,0.494048,0.352892,0.635205,0.776362,0.317602,0.317602,0.0352892,0.0352892,0,0,0
60902,60921,60912,22.8,55.1285,-20.9885,38.2671,-60.5029,540.216,4.69814,4.09313,513.102,0.376071,0.00306937,0.283508,0.405012,0.405012,0.68852,0.364511,0.324009,0.729021,0.567016,0.486014,0.243007,0.162005,0.0405012,0,0,0
60925,60943,60934,22.9,55.1288,-20.9894,37.66,-60.51,542.672,3.92039,3.71943,456.622,0.368299,0.0029495,0.247604,0.123802,0.371405,0.206336,0.619009,0.330138,0.45394,0.701543,0.412673,0.330138,0.0825345,0.0412673,0,0,0
60947,60966,60956,23,55.1287,-20.9901,37.1142,-59.9667,546.334,4.04051,3.17066,337.025,0.318884,0.0026261,0.239084,0.310809,0.382534,0.2869,0.502076,0.2869,0.669434,0.597709,0.478167,0.2869,0,0,0,0,0
60970,60992,60981,23.1,55.1291,-20.9905,36.6,-59.8955,548.698,3.72736,3.4028,418.403,0.368876,0.00263277,0.294971,0.214524,0.187709,0.402233,0.402233,0.348602,0.455864,0.724019,0.294971,0.268155,0.107262,0.0268155,0,0,0
60999,61016,61008,23.2,55.13,-20.9904,35.9967,-60.5456,549.629,4.81832,3.72481,413.889,0.33335,0.0029061,0.368066,0.468448,0.401527,0.401527,0.368066,0.434987,0.936896,0.736132,0.334606,0.301145,0.0334606,0.0334606,0,0,0
61021,61042,61032,23.3,55.1311,-20.9899,35.4825,-60.7938,551.249,4.55601,4.11061,536.952,0.391877,0.00307087,0.493568,0.227801,0.493568,0.455601,0.455601,0.341701,0.759335,0.417634,0.303734,0.379668,0.227801,0,0,0,0
61044,61067,61056,23.4,55.1318,-20.989,34.9836,-60.4164,554.468,4.46243,3.47772,395.771,0.341406,0.00263502,0.252591,0.308722,0.308722,0.505181,0.645509,0.44905,0.841969,0.44905,0.308722,0.308722,0.0561313,0.0280656,0,0,0
61070,61090,61080,23.5,55.1323,-20.9879,34.491,-60.061,557.649,4.59332,4.08186,484.888,0.356373,0.00319341,0.279323,0.310359,0.403467,0.186216,0.496575,0.465539,0.931078,0.713826,0.310359,0.372431,0.124144,0,0,0,0
61093,61116,61104,23.6,55.1326,-20.9868,33.9427,-59.8645,560.725,3.37055,3.02255,378.163,0.375342,0.0022532,0.201657,0.230465,0.201657,0.403314,0.31689,0.403314,0.604971,0.374506,0.259273,0.230465,0.115233,0.0288081,0,0,0
61118,61140,61129,23.7,55.1328,-20.9857,33.483,-59.815,563.044,3.39363,2.44683,248.637,0.304848,0.00197486,0.256123,0.320154,0.256123,0.224108,0.480231,0.288139,0.384185,0.704339,0.320154,0.160077,0,0,0,0,0
61143,61167,61155,23.8,55.133,-20.9845,32.9736,-59.6336,565.996,3.97594,3.25241,386.518,0.356521,0.00248027,0.356054,0.207698,0.445068,0.237369,0.593423,0.356054,0.563752,0.474739,0.415396,0.207698,0.118685,0,0,0,0
61168,61190,61179,23.9,55.1332,-20.9836,32.5164,-59.4991,568.617,4.09747,2.52016,248.605,0.29594,0.00183322,0.515978,0.455275,0.242813,0.212462,0.54633,0.515978,0.667736,0.637385,0.151758,0.121407,0.0303517,0,0,0,0
61194,61216,61205,24,55.1334,-20.9823,32.034,-59.507,571.029,3.55373,2.80925,321.545,0.343377,0.00199807,0.166062,0.232487,0.232487,0.265699,0.564611,0.398549,0.664248,0.597823,0.265699,0.0332124,0.13285,0,0,0,0
61219,61242,61230,24.1,55.1334,-20.9816,31.597,-58.903,574.897,2.75883,1.87349,187.229,0.299808,0.00148254,0.379339,0.172427,0.172427,0.206912,0.241397,0.413824,0.482795,0.241397,0.344853,0.103456,0,0,0,0,0
61244,61263,61254,24.2,55.1335,-20.9814,31.1483,-57.8817,580.002,3.68936,3.03895,348.577,0.34411,0.00235091,0.172939,0.432347,0.259408,0.259408,0.374701,0.374701,0.489994,0.691756,0.403524,0.144116,0.0288232,0.0576463,0,0,0
61268,61285,61276,24.3,55.1339,-20.9807,30.6329,-57.59,583.562,3.62075,2.51372,269.196,0.321271,0.0018925,0.251441,0.452593,0.402305,0.201153,0.402305,0.352017,0.55317,0.603458,0.201153,0.150864,0.0502882,0,0,0,0
61290,61308,61299,24.4,55.1342,-20.9802,30.2492,-57.7542,585.221,3.46552,2.48306,252.91,0.305563,0.00189248,0.296198,0.207339,0.207339,0.177719,0.562777,0.296198,0.770115,0.562777,0.236959,0.118479,0.0296198,0,0,0,0
61313,61332,61322,24.5,55.1346,-20.9799,29.7987,-56.4838,591.204,2.79576,1.7259,171.127,0.297458,0.00120928,0.266263,0.177508,0.443771,0.177508,0.266263,0.221885,0.621279,0.443771,0.133131,0,0.0443771,0,0,0,0
61337,61356,61346,24.6,55.1351,-20.9797,29.3838,-55.7438,595.602,3.07643,1.76564,152.32,0.258806,0.0012709,0.166294,0.304872,0.360303,0.249441,0.360303,0.249441,0.776037,0.415734,0.194009,0,0,0,0,0,0
61362,61380,61371,24.7,55.1357,-20.979,28.8886,-56.0414,597.683,3.00168,1.5428,141.839,0.275808,0.00107319,0.321608,0.214405,0.428811,0.536014,0.268007,0.375209,0.375209,0.268007,0.107203,0.107203,0,0,0,0,0
61383,61400,61392,24.8,55.1361,-20.9783,28.519,-56.563,598.443,2.93787,1.72894,152.351,0.264354,0.00124299,0.152617,0.228925,0.305233,0.343388,0.305233,0.343388,0.610467,0.496004,0.114463,0.0381542,0,0,0,0,0
61401,61422,61412,24.9,55.1363,-20.9774,28.13,-57.4809,598.25,2.6506,1.43772,127.763,0.266596,0.000998198,0.214913,0.250732,0.32237,0.107457,0.537283,0.286551,0.501464,0.286551,0.0716377,0.0716377,0,0,0,0,0
61424,61445,61434,25,55.1364,-20.9764,27.7242,-58.2825,598.507,2.37462,1.20266,101.587,0.253404,0.000798815,0.169616,0.203539,0.271385,0.339231,0.271385,0.305308,0.576693,0.101769,0.101769,0.0339231,0,0,0,0,0
