api/data/B2SAP/Locations/Boulder/NOAA-POPS-B2SAP_GMLBalloon_20210901_R0.ict
61,1001
Thornberry, T. D.
NOAA Chemical Sciences Laboratory
Portable Optical Particle Spectrometer (POPS)
Balloon Baseline Stratospheric Aerosol Profiles (B2SAP)
1,1
2021,09,01,2024,05,28
0
TIME_START,s,Seconds since midnight UTC on flight start day,Start time of 100 m altitude bin in UTC_seconds_since_midnight
28
1.0,1.0,1.0,1.0,1.0,1.0,1.0,1.0,1.0,1.0,1.0,1.0,1.0,1.0,1.0,1.0,1.0,1.0,1.0,1.0,1.0,1.0,1.0,1.0,1.0,1.0,1.0,1.0
99999,99999,99999,99999,99999,99999,99999,99999,99999,99999,99999,99999,99999,99999,99999,99999,99999,99999,99999,99999,99999,99999,99999,99999,99999,99999,99999,99999
TIME_STOP,s,End time of 100 m altitude bin in UTC seconds since midnight,
TIME_MID,s,Mid time of 100 m altitude in UTC seconds since midnight,
GPSAlt,m,GPS reported altitude above sea level (m),
GPS_Lon,deg,GPS reported longitude,
GPS_Lat,deg,GPS reported latitude,
iMet_Pressure,mb,Pressure reported (mB),
iMet_Temperature,degrees C,Ambient temperature (oC),
THETA,K,Potential temperature from iMet,
Aerosol_concentration,cm^-3,Aerosol concentration,
Surface_Area_Conc,um^2 cm^-3,Surface area concentration,
Volume_density,um^3 cm^-3,Volume density,
Effective_radius,um,Effective radius,
Extinction,km^-1,Extinction,
Bin01,cm^-3,particle concentration in size range [140 - 170 nm],
Bin02,cm^-3,particle concentration in size range [170 - 205 nm],
Bin03,cm^-3,particle concentration in size range [205 - 249 nm],
Bin04,cm^-3,particle concentration in size range [249 - 302 nm],
Bin05,cm^-3,particle concentration in size range [302 - 366 nm],
Bin06,cm^-3,particle concentration in size range [366 - 443 nm],
Bin07,cm^-3,particle concentration in size range [443 - 537 nm],
Bin08,cm^-3,particle concentration in size range [537 - 651 nm],
Bin09,cm^-3,particle concentration in size range [651 - 789 nm],
Bin10,cm^-3,particle concentration in size range [789 - 956 nm],
Bin11,cm^-3,particle concentration in size range [956 - 1159 nm],
Bin12,cm^-3,particle concentration in size range [1159 - 1404 nm],
Bin13,cm^-3,particle concentration in size range [1404 - 1702 nm],
Bin14,cm^-3,particle concentration in size range [1702 - 2062 nm],
Bin15,cm^-3,particle concentration in size range [2062 - 2500 nm],
0
19
PI_CONTACT_INFO: 325 Broadway R/CSL6, Boulder, CO 80305; troy.thornberry@noaa.gov; 303-497-3373 
PLATFORM: GML ECC/FPH balloon
LOCATION: Boulder, CO, USA
ASSOCIATED_DATA: N/A
INSTRUMENT_INFO: Printed Optical Particle Spectrometer counts particles from 140 - 2500 nm in diameter 
DATA_INFO: Particle concentrations reported in number per cubic centimeter, binned to 100 m altitude
UNCERTAINTY: Counting uncertainty dominated by air flow, less than 5 percent
ULOD_FLAG: -77777
ULOD_VALUE: 3000 ~3000 per cm3 (varies depending on flow rate- manufacturer quotes 1250  per cm3 at 1.667 cc/s)
LLOD_FLAG: -88888
LLOD_VALUE: 0 0 (varies depending on data field and measurement precision)
DM_CONTACT_INFO: Troy Thornberry, 325 Broadway R/CSL6, Boulder, CO 80305; troy.thornberry@noaa.gov; 303-497-3373
PROJECT_INFO: B2SAP Boulder, CO, USA
STIPULATIONS_ON_USE: Please contact the PIs for questions regarding applications and uncertainties
OTHER_COMMENTS: POPS bin Edges (nm):  140, 170, 205, 249, 302, 366, 443, 537, 651, 789, 956, 1159, 1404, 1702, 2062, 2500
Calculations assume sulfate refractive index of 1.45+0.00j and extinction wavelength = 532 nm
REVISION: R0
R0: QA/QC data
TIME_START,TIME_STOP,TIME_MID,GPSAlt,GPS_Lon,GPS_Lat,iMet_Pressure,iMet_Temperature,THETA,Aerosol_concentration,Surface_Area_Conc,Volume_density,Effective_radius,Extinction,Bin01,Bin02,Bin03,Bin04,Bin05,Bin06,Bin07,Bin08,Bin09,Bin10,Bin11,Bin12,Bin13,Bin14,Bin15
57376,57400,57388,1.7,-105.197,39.9491,821.419,20.5971,310.734,845.18,250.397,17553.1,0.210303,0.114489,145.938,136.395,125.234,116.722,143.067,78.0844,75.5975,19.2684,3.11367,0.727871,0.222405,0.384154,0.14153,0.161749,0.121312
57383,57688,57536,1.8,-105.197,39.9491,819.579,20.5093,310.839,857.022,256.733,18021.5,0.210587,0.117931,142.756,136.959,126.927,118.66,147.491,81.5383,77.7762,19.9879,3.1607,0.742188,0.255927,0.319909,0.179149,0.127963,0.14076
57689,57707,57698,1.9,-105.197,39.949,809.786,19.67,311.014,875.517,270.322,19154.4,0.212573,0.127292,139.608,132.379,128.348,123.992,152.857,86.3787,83.1794,23.3524,3.50648,1.0664,0.216896,0.180746,0.162672,0.126522,0.162672
57708,57725,57716,2,-105.197,39.9487,800.58,20.1616,312.553,835.062,261.989,18153.1,0.207869,0.123312,123.564,121.252,119.555,123.419,152.924,84.1996,82.8814,22.1559,3.48499,0.65005,0.343082,0.306968,0.198627,0.0541709,0.0722278
57726,57746,57736,2.1,-105.197,39.9483,790.962,19.4219,312.85,803.642,247.049,17287.4,0.209927,0.114707,122.327,117.912,119.19,120.668,146.046,79.0729,72.3341,21.0297,3.45239,0.813302,0.116186,0.315362,0.16598,0.049794,0.149382
57747,57766,57756,2.2,-105.197,39.9479,781.258,18.7665,313.25,799.813,246.825,17398.3,0.211465,0.115244,124.398,116.744,115.805,119.058,146.804,76.9248,73.8458,21.1883,3.54877,0.695838,0.226147,0.156563,0.173959,0.0869797,0.156563
57767,57786,57776,2.3,-105.198,39.9478,772.436,18.3416,313.808,756.671,227.469,15322.4,0.202081,0.104523,119.04,114.882,112.721,111.568,134.24,73.5299,67.175,19.1196,3.14997,0.67761,0.164824,0.201452,0.128197,0.0183138,0.0549414
57787,57803,57795,2.4,-105.198,39.9483,763.632,19.0735,315.627,570.392,149.065,9469.23,0.190573,0.0615198,113.347,95.5286,90.7675,84.1264,92.3817,45.5472,37.3941,8.56181,1.98209,0.449546,0.122604,0.0613018,0.0408678,0.0613018,0.0204339
57804,57820,57812,2.5,-105.198,39.9489,754.514,19.2135,316.87,525.462,129.314,7961.01,0.18469,0.0503922,115.102,93.6005,80.2,76.0783,82.9816,39.369,30.1511,6.05053,1.38066,0.263949,0.0609114,0.121823,0.0406076,0.0406076,0.0203038
57820,57836,57828,2.6,-105.198,39.9496,746.408,18.8518,317.454,515.754,124.35,7562.27,0.182443,0.0477666,118.134,96.0226,77.2574,71.6936,77.9349,38.0641,29.3385,5.83075,0.923886,0.205308,0.0821232,0.143716,0.0821232,0.0410616,0
57838,57855,57846,2.7,-105.197,39.9503,737.573,18.8589,318.541,488.859,116.563,7081.82,0.182266,0.0447419,115.06,88.281,76.2286,68.8072,71.7913,34.5102,26.7982,5.87119,1.12386,0.155015,0.0968843,0.0581306,0,0.0775074,0
57856,57874,57865,2.8,-105.197,39.951,728.938,18.4358,319.15,474.924,113.229,6930.85,0.183632,0.0431999,109.987,88.9508,73.6366,65.035,69.4,35.6537,25.9333,4.82352,0.99038,0.275106,0.0550211,0.0917019,0.0366808,0.0183404,0.0366808
57875,57891,57883,2.9,-105.197,39.9516,720.435,18.09,319.848,454.418,104.342,6279.48,0.180545,0.0382752,107.36,88.291,71.6469,63.7327,64.4822,30.5106,23.4561,3.72564,0.881808,0.132271,0.0661356,0.0661356,0,0.0220452,0.0440904
57893,57910,57902,3,-105.196,39.9522,711.934,17.5,320.281,437.583,101.114,6167.81,0.182995,0.0372876,105.84,82.4437,68.5732,61.8523,62.2809,29.0852,21.7798,4.63649,0.720798,0.0389621,0.0389621,0.155848,0.0584431,0.0584431,0.019481
57911,57929,57920,3.1,-105.196,39.9532,703.86,16.7224,320.464,429.358,100.306,6099.87,0.182438,0.037242,98.7519,80.9774,66.5511,63.2856,63.4302,28.6872,22.6315,3.9476,0.702714,0.227348,0.0620041,0.020668,0,0.0413361,0.0413361
57930,57947,57938,3.2,-105.195,39.9544,695.334,15.8006,320.561,439.679,103.101,6163.72,0.179349,0.0382161,98.7091,81.5236,70.7582,65.1602,65.4929,29.5756,22.8814,4.44318,0.763366,0.176161,0.0195735,0.0587205,0.078294,0.0195735,0.0195735
57948,57968,57958,3.3,-105.195,39.9558,686.976,14.8847,320.654,460.122,110.552,6637.21,0.180111,0.0416052,98.1891,83.01,73.586,68.1103,73.5115,33.3754,23.8209,5.38252,0.838109,0.148997,0.0558739,0.0186246,0.0372493,0,0.0372493
57969,57986,57978,3.4,-105.194,39.9572,679.286,13.9711,320.664,450.942,110.033,6697.48,0.182603,0.0422561,97.2024,79.3241,72.0432,68.1771,68.0201,34.5399,25.4536,4.67074,1.04012,0.235499,0.0588749,0.0784998,0.0392499,0.0588749,0
57987,58005,57996,3.5,-105.194,39.9587,671.299,13.0437,320.707,460.662,111.898,6701.85,0.179678,0.0423176,97.3798,79.5002,74.8425,71.2741,71.0863,35.1957,25.1478,5.03332,0.863929,0.112686,0.0751242,0.0939053,0.0375621,0,0.0187811
58005,58026,58016,3.6,-105.194,39.9606,663.189,12.0619,320.725,464.575,114.403,6823.07,0.178922,0.0436794,93.8894,80.6372,74.8458,71.0303,75.1865,36.4009,26.2318,5.24636,0.817614,0.153303,0,0.0340673,0.0681345,0.0340673,0
58027,58045,58036,3.7,-105.193,39.9625,655.234,11.0861,320.73,459.526,112.017,6679.86,0.178898,0.042582,94.7771,81.9269,73.1086,71.0828,72.0163,35.4917,24.3695,5.40221,1.03278,0.139028,0.0397222,0.0198611,0.0993054,0.0198611,0
58046,58063,58054,3.8,-105.193,39.9641,647.889,10.1917,320.749,464.901,113.794,6717.66,0.1771,0.0430274,92.5523,80.9733,74.4938,73.7139,75.0938,36.617,24.9579,5.55954,0.759937,0.0999917,0.059995,0,0,0,0.0199983
58064,58079,58072,3.9,-105.192,39.9655,640.365,9.27588,320.781,464.882,115.276,6897.22,0.179497,0.0440793,91.71,80.7836,73.5629,74.6428,74.1981,37.819,25.3891,5.48439,0.974062,0.105876,0.084701,0.0635258,0.0423505,0.0211753,0
58081,58097,58089,4,-105.193,39.967,632.46,8.29111,320.804,469.116,115.895,6813.84,0.17638,0.0440051,90.2449,82.116,74.2292,75.7622,76.6295,38.9098,24.8305,4.92172,1.16992,0.20171,0.0605129,0.020171,0.020171,0,0
58098,58114,58106,4.1,-105.193,39.9687,624.831,7.35062,320.839,473.18,117.258,6941.12,0.177587,0.0446005,92.1676,81.834,74.9299,75.2683,76.8702,40.0709,25.9242,4.8058,1.06043,0.112812,0.0902498,0.0225624,0,0.0225624,0
58115,58131,58123,4.2,-105.192,39.9704,617.553,6.51647,320.954,482.771,121.695,7302.83,0.180028,0.0464599,90.6139,81.0438,75.4613,79.9446,82.0138,41.1039,25.8435,5.28078,0.883723,0.301759,0.0646626,0.150879,0.0646626,0,0
58132,58149,58140,4.3,-105.192,39.972,609.993,5.58556,321.021,483.097,120.731,7347.26,0.18257,0.0461206,92.4318,81.73,77.9268,78.999,79.2822,40.9055,24.9438,5.1587,1.29473,0.222532,0.121381,0.0202302,0.0202302,0,0.0404604
58150,58167,58158,4.4,-105.192,39.9737,602.089,4.63833,321.121,479.259,120.104,7088.86,0.177068,0.0458846,88.5056,82.6802,77.3249,77.2635,78.6535,41.8613,26.4904,5.23266,0.981124,0.143081,0.0408802,0.0408802,0.0408802,0,0
58168,58183,58176,4.5,-105.192,39.9752,595.319,3.75733,321.136,475.48,120.795,7267.78,0.180499,0.0468336,87.0313,83.053,72.0022,76.6927,81.7515,41.3301,26.7921,5.37806,1.1542,0.196459,0.0245574,0.0491147,0,0,0.0245574
58184,58200,58192,4.6,-105.192,39.977,588.029,2.83056,321.194,471.561,118.769,7073.64,0.178674,0.0455245,87.2394,79.3307,75.7433,77.9039,78.7804,40.0119,26.1922,4.72886,1.22298,0.20383,0.142681,0.0611491,0,0,0
58202,58217,58210,4.7,-105.192,39.9787,580.773,1.90235,321.251,482.542,123.599,7589.43,0.18421,0.048146,87.3716,82.2835,76.2345,79.5756,80.2526,42.6049,26.9256,5.67774,1.11371,0.240212,0.109187,0.0218374,0.0655123,0.0655123,0
58219,58234,58226,4.8,-105.192,39.9805,573.367,0.936471,321.295,484.232,123.033,7419.23,0.180909,0.0471085,88.2588,79.2733,77.6555,81.241,79.7762,45.4084,26.4755,4.80974,1.00567,0.1749,0.043725,0.043725,0.0218625,0.0218625,0.0218625
58236,58250,58243,4.9,-105.192,39.9821,566.508,0.0142857,321.319,495.232,127.664,7611.98,0.178876,0.0500285,87.3752,81.9043,78.5742,82.6708,83.2522,44.0312,29.9708,6.18445,1.00431,0.158576,0.0792878,0,0.0264293,0,0
58251,58267,58259,5,-105.192,39.9838,559.144,-0.76125,321.609,524.079,136.886,8243.65,0.180668,0.0534445,88.9115,84.5813,82.5103,87.6642,92.2063,49.5626,31.3238,6.16591,0.753089,0.211806,0.0941361,0.023534,0.047068,0.023534,0
58267,58284,58276,5.1,-105.192,39.9857,552.371,-1.49882,321.854,522.072,137.712,8435.81,0.183771,0.0539745,83.9763,82.1966,84.9211,89.8867,93.4242,50.6231,28.7172,6.72338,1.29634,0.131831,0.0659155,0.0219718,0.0219718,0.0439436,0.0219718
58285,58299,58292,5.2,-105.192,39.9876,545.445,-2.29467,322.068,517.831,136.612,8204.83,0.180178,0.0534251,82.3008,82.4003,81.9775,90.1603,92.5231,50.6639,30.269,6.21795,1.06949,0.124359,0.0248718,0.0248718,0.0497436,0.0248718,0
58300,58313,58306,5.3,-105.192,39.9893,538.857,-3.144,322.174,527.635,140.431,8466.18,0.180861,0.0557112,82.8499,82.7238,84.7426,90.9507,96.6793,49.8412,31.0656,6.99038,1.41322,0.25236,0.0757081,0,0.0504721,0,0
58315,58332,58324,5.4,-105.191,39.9915,532.048,-3.915,322.432,504.985,131.936,7902.44,0.179689,0.051538,84.3575,79.8444,80.5615,87.4577,88.6598,48.0416,28.1754,6.22137,1.3919,0.126536,0.0632682,0.0210894,0.0632682,0,0
58333,58350,58342,5.5,-105.19,39.9935,525.315,-4.60647,322.774,486.219,128.918,7884.92,0.183487,0.0509092,81.3501,75.5938,76.109,83.0524,84.889,49.0968,28.804,6.1371,0.873528,0.156787,0.0223982,0.0895927,0,0.0223982,0.0223982
58351,58365,58358,5.6,-105.19,39.9953,518.419,-5.086,323.414,446.172,117.368,7206.39,0.1842,0.0462651,79.8439,68.4088,68.0806,76.5118,75.4768,44.4531,27.212,5.07386,0.858265,0.100972,0.0252431,0.0252431,0.0504862,0.0252431,0.0252431
58366,58384,58375,5.7,-105.191,39.997,511.952,-5.78562,323.727,406.363,104.752,6575.06,0.188304,0.0411328,76.2922,68.0073,63.6518,64.8827,66.6344,37.4241,23.1504,5.13665,0.899505,0.0473424,0.0473424,0.0946847,0.0236712,0.0236712,0.0473424
58385,58402,58394,5.8,-105.191,39.9988,505.237,-6.755,323.77,404.107,104.806,6434.74,0.18419,0.0414679,75.7861,66.6096,61.1551,65.7968,66.5027,38.2888,23.7005,4.94118,0.962567,0.171123,0.0427807,0.0855615,0.0213904,0.0427807,0
58403,58421,58412,5.9,-105.192,40.0007,499.007,-7.57333,323.93,380.207,96.1125,5925.67,0.18496,0.0371106,75.5934,64.9894,56.9244,60.1675,60.7862,35.4177,21.336,4.07517,0.640079,0.0853439,0,0.0640079,0.0640079,0.042672,0.021336
58422,58439,58430,6,-105.192,40.0028,492.508,-8.52529,323.979,375.881,93.9935,5605.17,0.178901,0.0361736,74.0463,64.5261,56.9189,61.7803,58.7644,34.2323,20.4359,4.05117,0.877753,0.157545,0.045013,0.0225065,0,0.0225065,0
58441,58461,58451,6.1,-105.193,40.0051,485.579,-9.50895,324.081,367.974,93.2145,5744.42,0.184877,0.0365801,73.5623,61.4746,57.5334,58.8336,56.8427,32.7486,20.9656,5.13982,0.650095,0.101577,0.040631,0.040631,0,0,0.040631
58463,58481,58472,6.2,-105.193,40.0071,479.781,-10.3045,324.212,345.729,86.2957,5117.82,0.177917,0.0333834,69.3159,60.4872,51.9483,55.6961,52.721,30.601,20.0336,4.2115,0.48297,0.135232,0.0579564,0.0386376,0,0,0
58482,58504,58493,6.3,-105.193,40.0094,473.539,-11.2405,324.266,333.117,84.0129,5127.52,0.183098,0.0336693,66.8304,58.0121,53.3534,54.2038,47.9922,27.0095,18.6718,5.8234,0.961323,0.166383,0.0369739,0.018487,0.018487,0.018487,0
58505,58528,58516,6.4,-105.193,40.0118,467.209,-11.8395,324.779,238.343,60.625,3961.58,0.196037,0.0251976,51.4383,43.9203,36.9696,37.608,32.2709,16.8269,12.6069,5.23072,0.939756,0.265969,0.159581,0.0531937,0.0354625,0,0.0177312
58528,58553,58540,6.5,-105.193,40.0143,460.894,-11.6975,326.22,79.5171,17.4062,1324.03,0.228199,0.00598627,21.4837,18.5739,12.6736,10.7499,8.05032,4.60711,2.34397,0.646612,0.0808265,0.0161653,0.0323306,0.0969918,0.113157,0.0161653,0.0323306
58554,58571,58562,6.6,-105.192,40.0165,455.53,-11.7906,327.195,148.989,29.9386,1805.73,0.180943,0.0101187,40.8159,37.9884,22.4829,18.9714,14.5022,7.84395,4.53763,1.14011,0.501648,0.0912087,0,0.0456043,0.0228022,0.0456043,0
58572,58595,58584,6.7,-105.191,40.0188,449.679,-12.2636,327.808,180.49,31.635,1633.14,0.154873,0.00917679,61.6627,43.9714,25.1291,20.631,16.0621,7.40236,4.17932,1.15108,0.194799,0.053127,0.035418,0.017709,0,0,0
58595,58620,58608,6.8,-105.19,40.0218,443.498,-13.0596,328.1,151.89,27.3275,1543.33,0.169426,0.0083792,52.9125,36.5259,21.3205,16.4464,12.888,6.50379,3.82752,1.06154,0.254171,0.059805,0.0149513,0.0299025,0.0299025,0,0.0149513
58622,58648,58635,6.9,-105.189,40.0251,438.004,-13.7244,328.439,147.049,26.5118,1455.97,0.164753,0.00802787,47.0512,38.8665,21.3961,15.7465,12.3712,6.69263,3.52015,1.04301,0.231779,0.0434586,0.0289724,0.0144862,0.0289724,0.0144862,0
58649,58673,58661,7,-105.187,40.0284,432.129,-14.4432,328.793,111.488,19.4362,1067.23,0.164728,0.00592269,39.083,29.387,15.4254,11.7107,7.93307,4.04524,2.62862,0.897192,0.204623,0.0944413,0.0314804,0.0157402,0.0314804,0,0
58674,58691,58682,7.1,-105.186,40.0313,426.737,-15.1672,329.048,101.316,17.9196,1001.38,0.167645,0.00528374,33.5034,26.4283,14.1938,11.9298,8.01122,4.02738,2.39466,0.609549,0.0870785,0.0653089,0.0217696,0,0.0217696,0.0217696,0
58692,58712,58702,7.2,-105.185,40.0334,420.99,-15.564,329.815,43.4688,6.99645,353.422,0.151544,0.0019014,18.4777,9.38642,5.50985,4.27013,2.97138,1.75135,0.747765,0.314849,0.019678,0,0,0.019678,0,0,0
58713,58733,58723,7.3,-105.184,40.0354,415.305,-15.69,330.938,19.4974,2.51679,107.232,0.12782,0.000513383,10.3405,4.40197,1.84799,1.14202,1.10049,0.41528,0.166112,0.083056,0,0,0,0,0,0,0
58734,58752,58743,7.4,-105.182,40.0374,409.874,-15.8458,331.99,14.9638,1.81013,74.2774,0.123103,0.00033346,8.3938,3.25389,1.3886,0.911919,0.663214,0.186529,0.124353,0.0207254,0.0207254,0,0,0,0,0,0
58753,58772,58762,7.5,-105.181,40.039,404.43,-16.2925,332.679,14.5488,1.85547,81.9661,0.132526,0.000392047,7.99884,3.11617,1.48862,0.833626,0.575599,0.317572,0.198482,0,0,0.0198482,0,0,0,0,0
58773,58790,58782,7.6,-105.179,40.0407,399.132,-16.6684,333.444,10.4965,1.62145,81.8444,0.151428,0.000453532,4.86373,2.36951,1.03926,0.976903,0.60277,0.374133,0.187067,0.0623555,0,0.0207852,0,0,0,0,0
58792,58807,58800,7.7,-105.177,40.0422,394.052,-17.0806,334.125,9.44776,1.33979,67.3775,0.150869,0.000359541,5.06833,1.62383,1.25478,0.639692,0.467467,0.196828,0.123018,0.0246035,0.0246035,0.0246035,0,0,0,0,0
58808,58825,58816,7.8,-105.175,40.0437,388.908,-17.4439,334.911,9.02888,1.34539,119.435,0.266321,0.000373183,5.13105,1.89386,0.814801,0.462455,0.352347,0.286282,0.0440433,0.0220217,0,0,0,0,0,0.0220217,0
58826,58844,58835,7.9,-105.174,40.0454,383.114,-18.1237,335.459,7.65679,0.953947,38.2674,0.120345,0.000161699,4.0266,1.48129,1.0223,0.625896,0.292085,0.166906,0.0208632,0.0208632,0,0,0,0,0,0,0
58845,58868,58856,8,-105.172,40.0471,378.231,-18.4979,336.193,6.14419,0.767669,34.649,0.135406,0.000176369,3.71625,1.13965,0.512016,0.313816,0.280783,0.0825832,0.0660666,0,0.0330333,0,0,0,0,0,0
58869,58889,58879,8.1,-105.169,40.049,373.655,-19.0557,336.622,5.83219,0.709434,31.9666,0.135178,0.000174063,3.65459,1.24976,0.359778,0.208293,0.13255,0.0568071,0.113614,0.0568071,0,0,0,0,0,0,0
58890,58906,58898,8.2,-105.167,40.0505,368.385,-19.9278,336.832,5.34828,0.683422,32.6832,0.143469,0.00018243,3.351,1.02083,0.310688,0.310688,0.133152,0.0887681,0.0665761,0.044384,0.022192,0,0,0,0,0,0
58907,58926,58916,8.3,-105.165,40.0518,363.474,-20.4156,337.481,5.32306,0.686618,32.4068,0.141593,0.000178439,3.05129,1.31406,0.334083,0.244994,0.133633,0.111361,0.0890889,0.0222722,0.0222722,0,0,0,0,0,0
58926,58949,58938,8.4,-105.162,40.0529,358.29,-21.1822,337.838,6.30601,0.770383,34.6081,0.13477,0.000174361,3.68285,1.44187,0.486414,0.295323,0.225835,0.0868597,0.0347439,0.0173719,0.0347439,0,0,0,0,0,0
58950,58978,58964,8.5,-105.159,40.0546,353.342,-21.975,338.113,5.98142,0.852395,56.9819,0.200548,0.00022391,3.36623,1.36795,0.53645,0.32187,0.21458,0.053645,0.0402338,0.0402338,0.0134113,0,0.0134113,0.0134113,0,0,0
58979,59010,58994,8.6,-105.156,40.0566,348.51,-22.6506,338.53,6.98184,0.841314,36.1847,0.129029,0.000179503,4.17097,1.46373,0.673573,0.207253,0.220206,0.11658,0.103627,0.0129533,0.0129533,0,0,0,0,0,0
59011,59040,59026,8.7,-105.153,40.059,344.064,-23.4997,338.632,7.22297,0.7958,28.4972,0.107429,9.5877e-05,3.76487,1.88243,0.892413,0.46015,0.139439,0.0697197,0,0.0139439,0,0,0,0,0,0,0
59041,59067,59054,8.8,-105.149,40.0614,339.355,-24.3212,338.846,6.57241,1.04873,129.963,0.371773,0.000330177,3.76731,1.38624,0.701274,0.277248,0.244631,0.0978522,0.0489261,0.0163087,0.0163087,0,0,0,0,0,0.0163087
59068,59091,59080,8.9,-105.146,40.0637,335.064,-25.1074,339.003,7.28467,0.859756,38.8233,0.135469,0.000195257,4.28927,1.6838,0.726695,0.265864,0.159518,0.0531728,0.0354485,0.0177243,0.0531728,0,0,0,0,0,0
