api/data/B2SAP/Locations/Boulder/NOAA-POPS-B2SAP_GMLBalloon_20200109_R0.ict
61,1001
Thornberry, T. D.
NOAA Chemical Sciences Laboratory
Portable Optical Particle Spectrometer (POPS)
Balloon Baseline Stratospheric Aerosol Profiles (B2SAP)
1,1
2020,01,09,2024,05,30
0
TIME_START,s,Seconds since midnight UTC on flight start day,Start time of 100 m altitude bin in UTC_seconds_since_midnight
28
1.0,1.0,1.0,1.0,1.0,1.0,1.0,1.0,1.0,1.0,1.0,1.0,1.0,1.0,1.0,1.0,1.0,1.0,1.0,1.0,1.0,1.0,1.0,1.0,1.0,1.0,1.0,1.0
99999,99999,99999,99999,99999,99999,99999,99999,99999,99999,99999,99999,99999,99999,99999,99999,99999,99999,99999,99999,99999,99999,99999,99999,99999,99999,99999,99999
TIME_STOP,s,End time of 100 m altitude bin in UTC seconds since midnight,
TIME_MID,s,Mid time of 100 m altitude in UTC seconds since midnight,
GPSAlt,m,GPS reported altitude above sea level (m),
GPS_Lon,deg,GPS reported longitude,
GPS_Lat,deg,GPS reported latitude,
iMet_Pressure,mb,Pressure reported (mB),
iMet_Temperature,degrees C,Ambient temperature (oC),
THETA,K,Potential temperature from iMet,
Aerosol_concentration,cm^-3,Aerosol concentration,
Surface_Area_Conc,um^2 cm^-3,Surface area concentration,
Volume_density,um^3 cm^-3,Volume density,
Effective_radius,um,Effective radius,
Extinction,km^-1,Extinction,
Bin01,cm^-3,particle concentration in size range [140 - 170 nm],
Bin02,cm^-3,particle concentration in size range [170 - 205 nm],
Bin03,cm^-3,particle concentration in size range [205 - 249 nm],
Bin04,cm^-3,particle concentration in size range [249 - 302 nm],
Bin05,cm^-3,particle concentration in size range [302 - 366 nm],
Bin06,cm^-3,particle concentration in size range [366 - 443 nm],
Bin07,cm^-3,particle concentration in size range [443 - 537 nm],
Bin08,cm^-3,particle concentration in size range [537 - 651 nm],
Bin09,cm^-3,particle concentration in size range [651 - 789 nm],
Bin10,cm^-3,particle concentration in size range [789 - 956 nm],
Bin11,cm^-3,particle concentration in size range [956 - 1159 nm],
Bin12,cm^-3,particle concentration in size range [1159 - 1404 nm],
Bin13,cm^-3,particle concentration in size range [1404 - 1702 nm],
Bin14,cm^-3,particle concentration in size range [1702 - 2062 nm],
Bin15,cm^-3,particle concentration in size range [2062 - 2500 nm],
0
19
PI_CONTACT_INFO: 325 Broadway R/CSL6, Boulder, CO 80305; troy.thornberry@noaa.gov; 303-497-3373 
PLATFORM: GML ECC/FPH balloon
LOCATION: Boulder, CO, USA
ASSOCIATED_DATA: N/A
INSTRUMENT_INFO: Printed Optical Particle Spectrometer counts particles from 140 - 2500 nm in diameter 
DATA_INFO: Particle concentrations reported in number per cubic centimeter, binned to 100 m altitude
UNCERTAINTY: Counting uncertainty dominated by air flow, less than 5 percent
ULOD_FLAG: -77777
ULOD_VALUE: 3000 ~3000 per cm3 (varies depending on flow rate- manufacturer quotes 1250  per cm3 at 1.667 cc/s)
LLOD_FLAG: -88888
LLOD_VALUE: 0 0 (varies depending on data field and measurement precision)
DM_CONTACT_INFO: Troy Thornberry, 325 Broadway R/CSL6, Boulder, CO 80305; troy.thornberry@noaa.gov; 303-497-3373
PROJECT_INFO: B2SAP Boulder, CO, USA
STIPULATIONS_ON_USE: Please contact the PIs for questions regarding applications and uncertainties
OTHER_COMMENTS: POPS bin Edges (nm):  140, 170, 205, 249, 302, 366, 443, 537, 651, 789, 956, 1159, 1404, 1702, 2062, 2500
Calculations assume sulfate refractive index of 1.45+0.00j and extinction wavelength = 532 nm
REVISION: R0
R0: QA/QC data
TIME_START,TIME_STOP,TIME_MID,GPSAlt,GPS_Lon,GPS_Lat,iMet_Pressure,iMet_Temperature,THETA,Aerosol_concentration,Surface_Area_Conc,Volume_density,Effective_radius,Extinction,Bin01,Bin02,Bin03,Bin04,Bin05,Bin06,Bin07,Bin08,Bin09,Bin10,Bin11,Bin12,Bin13,Bin14,Bin15
[from data line 229]
65398,65411,65404,24.6,-104.623,40.1336,25.7692,-49.855,635.121,2.44351,0.952686,71.1148,0.22394,0.000567211,0.371839,0.292159,0.478078,0.185919,0.185919,0.345279,0.292159,0.292159,0,0,0,0,0,0,0
65412,65425,65418,24.7,-104.623,40.1328,25.3708,-50.0442,637.406,2.02398,0.674854,44.1987,0.196481,0.00032422,0.239681,0.21305,0.319575,0.346206,0.292944,0.292944,0.266313,0.0532625,0,0,0,0,0,0,0
65426,65438,65432,24.8,-104.624,40.1318,24.9592,-50.0583,640.356,2.91457,1.19625,95.0513,0.238373,0.000735188,0.296854,0.458775,0.404801,0.431788,0.323841,0.269867,0.431788,0.215894,0.0539735,0.0269867,0,0,0,0,0
65439,65452,65446,24.9,-104.624,40.1306,24.5764,-50.3286,642.408,1.92359,0.808377,61.4311,0.227979,0.000486296,0.187667,0.234584,0.234584,0.281501,0.234584,0.234584,0.351876,0.117292,0.0469168,0,0,0,0,0,0
65453,65466,65460,25,-104.626,40.1293,24.1779,-50.775,644.117,2.39619,1.01928,74.3131,0.218723,0.000583057,0.119809,0.215657,0.359428,0.335466,0.359428,0.359428,0.5032,0.119809,0.0239619,0,0,0,0,0,0
65467,65480,65474,25.1,-104.627,40.128,23.7846,-50.6385,647.55,2.41693,0.907934,65.0621,0.214979,0.000505917,0.285874,0.311862,0.337851,0.389828,0.233897,0.337851,0.311862,0.207908,0,0,0,0,0,0,0
65481,65495,65488,25.2,-104.628,40.1271,23.4193,-50.756,650.064,2.26362,0.742509,51.6608,0.208728,0.000395972,0.320108,0.480162,0.274378,0.365838,0.205784,0.182919,0.274378,0.160054,0,0,0,0,0,0,0
65496,65509,65502,25.3,-104.629,40.1264,23.0077,-50.9692,652.751,2.32727,0.723919,48.2414,0.199918,0.000358616,0.454753,0.347752,0.321002,0.294252,0.267502,0.294252,0.240752,0.107001,0,0,0,0,0,0,0
65510,65524,65517,25.4,-104.63,40.1262,22.6633,-50.49,656.978,2.31336,0.790717,54.8387,0.208059,0.000422413,0.347004,0.393271,0.32387,0.300737,0.208202,0.25447,0.370137,0.115668,0,0,0,0,0,0,0
65525,65539,65532,25.5,-104.631,40.126,22.31,-49.916,661.636,2.12036,0.731179,53.0604,0.217705,0.000380381,0.282714,0.282714,0.376953,0.212036,0.353393,0.329834,0.164917,0.0942381,0,0.0235595,0,0,0,0,0
65540,65554,65547,25.6,-104.633,40.1259,21.9547,-50.23,663.745,2.02066,0.774241,56.1111,0.217417,0.000435491,0.19018,0.356587,0.28527,0.142635,0.309042,0.309042,0.28527,0.118862,0.0237725,0,0,0,0,0,0
65555,65569,65562,25.7,-104.635,40.126,21.6007,-50.2513,666.765,1.83614,0.731245,54.748,0.224609,0.000433017,0.289917,0.265757,0.169118,0.193278,0.193278,0.289917,0.265757,0.144958,0.0241597,0,0,0,0,0,0
65570,65585,65578,25.8,-104.637,40.126,21.2587,-50.3319,669.58,2.07034,0.764453,56.8239,0.222998,0.000444682,0.368061,0.391065,0.253042,0.0920152,0.207034,0.322053,0.299049,0.0920152,0.0460076,0,0,0,0,0,0
65586,65600,65593,25.9,-104.64,40.1255,20.905,-50.3871,672.618,1.63616,0.494957,31.8059,0.19278,0.000228704,0.237507,0.290286,0.263896,0.211117,0.158338,0.290286,0.131948,0.0527793,0,0,0,0,0,0,0
65601,65616,65608,26,-104.642,40.1249,20.5938,-50.1388,676.274,2.02747,0.859828,65.0008,0.226792,0.000520115,0.282903,0.282903,0.212177,0.094301,0.259328,0.353629,0.353629,0.165027,0.0235753,0,0,0,0,0,0
65617,65630,65624,26.1,-104.644,40.1241,20.25,-49.8321,680.459,1.67578,0.553606,36.098,0.195616,0.000262865,0.162173,0.297316,0.243259,0.135144,0.324345,0.297316,0.162173,0.0540575,0,0,0,0,0,0,0
65631,65645,65638,26.2,-104.646,40.1232,19.9113,-49.742,684.027,1.53554,0.591679,42.5567,0.215776,0.000333039,0.127962,0.179147,0.230332,0.307109,0.179147,0.127962,0.255924,0.127962,0,0,0,0,0,0,0
65646,65660,65653,26.3,-104.648,40.1222,19.5967,-49.9353,686.55,1.17243,0.51613,38.9432,0.226357,0.000307024,0.0781619,0.0781619,0.182378,0.13027,0.234486,0.156324,0.208432,0.0781619,0.026054,0,0,0,0,0,0
65661,65675,65668,26.4,-104.65,40.1212,19.294,-50.298,688.486,1.24175,0.596143,44.31,0.222983,0.000358329,0.105681,0.0792607,0.0264202,0.132101,0.290623,0.158521,0.369883,0.0792607,0,0,0,0,0,0,0
65676,65690,65683,26.5,-104.653,40.1204,18.98,-50.1431,692.21,1.4288,0.53797,37.2117,0.207512,0.000284383,0.155305,0.124244,0.155305,0.310609,0.155305,0.217426,0.248487,0.0621218,0,0,0,0,0,0,0
65691,65704,65698,26.6,-104.655,40.1201,18.6946,-50.2223,694.954,1.30466,0.551236,41.1442,0.22392,0.000321398,0.0621267,0.18638,0.18638,0.155317,0.155317,0.248507,0.217444,0.0621267,0.0310634,0,0,0,0,0,0
65705,65720,65712,26.7,-104.658,40.1196,18.36,-50.006,699.244,1.55334,0.462203,29.464,0.191241,0.000215649,0.332858,0.221905,0.194167,0.221905,0.138691,0.194167,0.249643,0,0,0,0,0,0,0,0
65721,65734,65728,26.8,-104.661,40.1188,18.0715,-49.7508,703.203,1.53834,0.601263,43.1309,0.215201,0.000336233,0.160244,0.192292,0.160244,0.224341,0.25639,0.192292,0.224341,0.128195,0,0,0,0,0,0,0
65735,65748,65742,26.9,-104.663,40.118,17.8164,-49.3729,707.269,1.54044,0.577038,41.8757,0.21771,0.00032854,0.241638,0.181229,0.120819,0.332253,0.181229,0.120819,0.211433,0.151024,0,0,0,0,0,0,0
65749,65764,65756,27,-104.666,40.1173,17.5043,-48.7121,712.946,1.3173,0.386798,25.0689,0.194434,0.000184713,0.153174,0.336983,0.214444,0.183809,0.0919045,0.122539,0.183809,0.0306348,0,0,0,0,0,0,0
65765,65773,65769,27.1,-104.668,40.1165,17.245,-47.9475,718.431,0.748005,0.141246,6.21892,0.132087,2.74077e-05,0,0.267145,0.160287,0.160287,0.160287,0,0,0,0,0,0,0,0,0,0
65779,65779,65779,27.2,-104.67,40.1158,17.09,-47.4,722.044,1.70558,0.907373,64.1422,0.21207,0.000497636,0,0,0,0,0.426395,0.85279,0.426395,0,0,0,0,0,0,0,0
61424,66601,64012,1.8,-105.015,40.0084,812.173,2.88857,292.944,105.85,23.7159,1563.61,0.197792,0.00870444,23.8881,23.4704,20.4966,15.6059,10.2237,6.2178,3.95678,1.49915,0.245763,0.0737288,0.0737288,0,0.0491526,0.0491526,0
65850,65850,65850,26.2,-104.682,40.1116,18.68,-47.82,702.596,2.57232,0.810709,44.8472,0.165956,0.000269781,0,0,0.42872,0.42872,1.28616,0.42872,0,0,0,0,0,0,0,0,0
65852,65852,65852,25.9,-104.682,40.1114,19.09,-47.62,698.889,1.71336,0.622074,43.8365,0.211405,0.000348722,0.42834,0.42834,0,0,0,0.42834,0.42834,0,0,0,0,0,0,0,0
65854,65854,65854,25.8,-104.683,40.1113,19.58,-47.78,693.345,2.57186,0.921607,65.2682,0.21246,0.000528383,0.857288,0,0.428644,0,0.428644,0,0.857288,0,0,0,0,0,0,0,0
65856,65856,65856,25.7,-104.683,40.1113,20.06,-48.36,686.782,0.8595,0.187519,9.10548,0.145673,4.85423e-05,0,0.42975,0,0,0.42975,0,0,0,0,0,0,0,0,0,0
65857,65857,65857,25.6,-104.683,40.1113,20.36,-48.23,684.283,2.49111,0.593636,34.0727,0.17219,0.000220927,0.830369,0.415185,0.415185,0,0,0.830369,0,0,0,0,0,0,0,0,0
65858,65858,65858,25.4,-104.684,40.1112,20.66,-48.38,680.986,0.827957,0.106076,3.61982,0.102374,8.83517e-06,0,0.413979,0.413979,0,0,0,0,0,0,0,0,0,0,0,0
65862,65862,65862,25.3,-104.684,40.1111,21.87,-48.55,669.481,3.21891,5.45385,1433.29,0.788411,0.00370294,0.402364,0,1.20709,0,0.402364,0,0.402364,0.402364,0,0,0,0,0,0.402364,0
65864,65864,65864,25.2,-104.684,40.1111,22.2,-49.22,664.645,1.47184,0.214465,8.01598,0.11213,2.4174e-05,0,0.735918,0.367959,0.367959,0,0,0,0,0,0,0,0,0,0,0
65865,65865,65865,25.1,-104.684,40.111,22.53,-49.1,662.186,3.02043,1.11523,78.2154,0.210401,0.00061847,0.755107,0.377554,0.377554,0,0,0.755107,0.755107,0,0,0,0,0,0,0,0
65866,65866,65866,25,-104.684,40.111,22.76,-49.07,660.363,2.64252,1.66589,149.987,0.270102,0.00131119,0.377503,0,0.755006,0,0,0,0.377503,1.13251,0,0,0,0,0,0,0
65867,65868,65868,24.9,-104.684,40.1109,23.07,-49.18,657.491,3.32255,1.04502,71.5088,0.205285,0.000541539,0.586333,0.390889,0.781778,0.586333,0,0.390889,0.390889,0.195444,0,0,0,0,0,0,0
65869,65869,65869,24.8,-104.685,40.1109,23.46,-49.16,654.404,3.12681,1.53834,117.26,0.228676,0.000951462,0.347424,0,0.347424,0.347424,0.347424,0.694847,0.694847,0.347424,0,0,0,0,0,0,0
65872,65872,65872,24.6,-104.685,40.1107,24.23,-48.81,649.402,2.20372,1.12412,89.8071,0.239674,0.000745577,0.367287,0.367287,0,0,0,0.734573,0.367287,0.367287,0,0,0,0,0,0,0
65875,65875,65875,24.4,-104.685,40.1105,24.99,-48.7,644.036,3.56618,1.09336,69.418,0.190471,0.000508771,0.356618,0.713236,0.356618,0.713236,0.713236,0,0.713236,0,0,0,0,0,0,0,0
65878,65878,65878,24.2,-104.685,40.1103,25.96,-49.15,635.763,0.694816,0.232527,14.0788,0.181641,9.34649e-05,0,0,0.347408,0,0,0.347408,0,0,0,0,0,0,0,0,0
65879,65880,65880,24.1,-104.685,40.1103,26.265,-49.165,633.613,3.08405,0.991733,66.301,0.200561,0.000488659,0.514009,0.514009,0.514009,0.171336,0.342673,0.685345,0.171336,0.171336,0,0,0,0,0,0,0
65881,65881,65881,24,-104.685,40.1102,26.65,-49.03,631.374,1.78571,0.677811,52.4559,0.232171,0.000421683,0.714286,0,0,0,0.714286,0,0,0.357143,0,0,0,0,0,0,0
65882,65882,65882,23.9,-104.685,40.1102,27.02,-48.75,629.66,1.42679,0.858368,79.1472,0.27662,0.000692827,0.356697,0,0.356697,0,0,0,0,0.713394,0,0,0,0,0,0,0
65884,65884,65884,23.8,-104.685,40.1102,27.71,-48.57,625.66,2.13847,1.12025,88.5251,0.237068,0.000728365,0,0.356411,0.356411,0,0,0.712823,0.356411,0.356411,0,0,0,0,0,0,0
65885,65887,65886,23.6,-104.686,40.1101,28.355,-48.855,620.778,2.10681,0.991938,71.9058,0.217471,0.000559257,0,0.300973,0,0.451459,0,0.902918,0.300973,0.150486,0,0,0,0,0,0,0
65888,65888,65888,23.5,-104.686,40.1101,28.99,-49.5,615.061,1.89792,1.35312,129.806,0.287792,0.00109221,0.379584,0,0,0,0.379584,0,0.759168,0,0.379584,0,0,0,0,0,0
65889,65890,65890,23.4,-104.686,40.11,29.47,-49.76,611.486,5.07528,2.74142,242.395,0.265258,0.00183251,0,0.84588,0.338352,0.676704,0.507528,1.18423,1.01506,0.169176,0.169176,0.169176,0,0,0,0,0
65891,65891,65891,23.2,-104.686,40.11,29.96,-49.64,608.947,3.03796,0.979556,62.7378,0.192141,0.000459799,0.337551,0,0.675101,1.01265,0.337551,0,0.675101,0,0,0,0,0,0,0,0
65893,65894,65894,23.1,-104.686,40.11,30.865,-49.655,603.753,2.84126,1.1315,81.6361,0.216446,0.000648356,0.501399,0,0.501399,0.334266,0.501399,0.167133,0.668532,0.167133,0,0,0,0,0,0,0
65896,65896,65896,22.9,-104.686,40.1099,31.85,-49.22,599.511,1.83082,0.491246,28.8386,0.176115,0.000190323,0.610273,0.305137,0,0,0.305137,0.610273,0,0,0,0,0,0,0,0,0
65898,65898,65898,22.7,-104.686,40.1098,32.56,-49.73,594.379,3.74832,0.988887,63.2124,0.191768,0.000439644,0.31236,0.62472,1.24944,0.93708,0,0.31236,0,0.31236,0,0,0,0,0,0,0
65902,65903,65902,22.5,-104.686,40.1098,34.125,-49.595,586.821,3.43124,2.48838,554.104,0.66803,0.00150497,0.596737,0.745921,0.596737,0.298368,0.298368,0.298368,0.447553,0,0,0,0,0,0,0.149184,0
65905,65905,65905,22.4,-104.686,40.1098,35.06,-49.8,581.763,2.68781,1.42587,112.93,0.237602,0.00094693,0.59729,0,0,0.298645,0,0.59729,0.895935,0.298645,0,0,0,0,0,0,0
65906,65906,65906,22.3,-104.686,40.1098,35.36,-49.98,579.887,2.23168,1.01851,77.8249,0.229232,0.000634397,0,0.27896,0.27896,0.55792,0.27896,0,0.55792,0.27896,0,0,0,0,0,0,0
65907,65907,65907,22.2,-104.686,40.1099,35.61,-50.29,577.922,2.85697,1.13745,86.2247,0.227415,0.000704548,0.857091,0,0.571394,0,0.285697,0.285697,0.571394,0.285697,0,0,0,0,0,0,0
65909,65909,65909,22.1,-104.686,40.1099,36.26,-50.52,574.361,2.0485,0.929569,71.5035,0.230764,0.000581524,0.585286,0,0,0,0.585286,0.292643,0.292643,0.292643,0,0,0,0,0,0,0
65912,65912,65912,21.8,-104.686,40.1101,37.53,-51.08,567.306,2.80342,0.951941,67.1057,0.211481,0.000514725,0.280342,0.560684,0.280342,0.560684,0.560684,0,0.280342,0.280342,0,0,0,0,0,0,0
65915,65916,65916,21.7,-104.686,40.1101,38.84,-51.875,559.76,2.93195,1.13135,81.1366,0.215149,0.0006266,0.533083,0.266541,0.133271,0.533083,0.266541,0.666353,0.266541,0.266541,0,0,0,0,0,0,0
65917,65917,65917,21.6,-104.686,40.1102,39.5,-52.23,556.161,2.88206,1.06457,92.3577,0.260269,0.000730359,0.576412,1.15282,0,0.288206,0,0.288206,0.288206,0,0.288206,0,0,0,0,0,0
65918,65919,65918,21.5,-104.686,40.1103,40.135,-52.35,553.344,3.20538,1.37574,100.28,0.218676,0.000778644,0,0.400672,0.400672,0.400672,0.801344,0.53423,0.267115,0.400672,0,0,0,0,0,0,0
65920,65921,65920,21.4,-104.686,40.1103,40.905,-52.21,550.697,4.17688,1.63198,126.076,0.23176,0.000985239,0.745871,0.298349,0.596697,0.745871,0.447523,0.447523,0.447523,0.298349,0.149174,0,0,0,0,0,0
65923,65924,65924,21.2,-104.686,40.1105,42.09,-52.34,545.905,3.23672,1.04643,68.8094,0.197269,0.000505764,0.647344,0,0.647344,0.517875,0.647344,0.258938,0.388406,0.129469,0,0,0,0,0,0,0
65925,65926,65926,21.1,-104.686,40.1106,42.725,-52.66,542.783,4.0256,0.903755,52.6135,0.17465,0.000349582,0.880601,1.1322,0.629,0.2516,0.629,0.2516,0.1258,0.1258,0,0,0,0,0,0,0
65927,65928,65928,21,-104.686,40.1107,43.63,-52.455,540.043,3.06901,0.988009,73.41,0.222903,0.000579513,0.837003,0.418501,0.558002,0.418501,0,0.279001,0.1395,0.418501,0,0,0,0,0,0,0
65929,65929,65929,20.9,-104.686,40.1107,44.34,-51.88,538.943,2.43481,0.486433,23.4374,0.144546,0.000120353,0.486962,0.243481,0.730442,0.486962,0.243481,0.243481,0,0,0,0,0,0,0,0,0
65930,65930,65930,20.8,-104.686,40.1108,44.76,-51.51,538.397,4.68143,1.30623,76.8633,0.176531,0.000513895,0.468143,0.702215,0.702215,1.17036,0.702215,0.468143,0.468143,0,0,0,0,0,0,0,0
65932,65933,65932,20.7,-104.686,40.1108,45.82,-50.585,537.057,3.29386,1.21085,87.3304,0.21637,0.00067903,0.470552,0.235276,0.58819,0.58819,0.470552,0.235276,0.352914,0.352914,0,0,0,0,0,0,0
65934,65934,65934,20.6,-104.686,40.1108,46.54,-50.63,534.545,3.80072,1.68599,131.75,0.234432,0.0010945,0.712635,0.47509,0.237545,0.47509,0.237545,0.237545,0.95018,0.47509,0,0,0,0,0,0,0
65936,65936,65936,20.4,-104.686,40.1109,47.28,-51.25,530.667,3.98686,1.17139,74.6808,0.191263,0.000546671,0.885969,0.664477,0.221492,0.885969,0.221492,0.442984,0.664477,0,0,0,0,0,0,0,0
65939,65939,65939,20.3,-104.686,40.1109,48.42,-51.31,526.914,2.91426,0.778603,46.0023,0.17725,0.0003103,0.48571,0.242855,0.971421,0.242855,0.242855,0.48571,0.242855,0,0,0,0,0,0,0,0
65940,65940,65940,20.2,-104.686,40.1109,48.95,-51.3,525.308,4.2093,1.97276,145.105,0.220663,0.00116554,0.23385,0.4677,0.23385,0.23385,0.9354,0.70155,1.16925,0.23385,0,0,0,0,0,0,0
65942,65944,65943,20.1,-104.686,40.1109,50.17,-51.885,520.258,2.99267,1.18731,88.1128,0.222636,0.000701366,0.115103,0.46041,0.690616,0.46041,0.230205,0.230205,0.46041,0.345308,0,0,0,0,0,0,0
65945,65946,65946,20,-104.686,40.1109,51.16,-51.64,517.93,3.68367,1.35724,98.8216,0.218432,0.000751572,0.245578,0.613945,0.736734,0.613945,0.122789,0.613945,0.613945,0,0.122789,0,0,0,0,0,0
65947,65947,65947,19.9,-104.686,40.1109,51.79,-51.44,516.593,3.9642,1.63781,123.179,0.225629,0.00099037,0.247762,0.495525,0.495525,0.991049,0.495525,0,0.743287,0.495525,0,0,0,0,0,0,0
65948,65948,65948,19.8,-104.686,40.1108,52.3,-51.83,514.247,3.22659,1.02328,70.7254,0.20735,0.00053502,0.248199,0.992795,0.496398,0.496398,0,0.496398,0.248199,0.248199,0,0,0,0,0,0,0
65951,65951,65951,19.7,-104.686,40.1108,53.73,-52.76,508.146,3.81347,1.50803,107.205,0.213268,0.000834527,0.254231,0.254231,0.508462,1.01692,0.508462,0.254231,0.762693,0.254231,0,0,0,0,0,0,0
65952,65952,65952,19.6,-104.686,40.1108,54.18,-52.9,506.619,3.91373,1.67191,133.07,0.238776,0.00104925,0.489217,0.489217,0.733825,0.244608,0.244608,0.733825,0.733825,0,0.244608,0,0,0,0,0,0
65954,65955,65954,19.5,-104.686,40.1108,55.415,-53.58,501.805,3.73758,1.85445,154.027,0.249173,0.00125254,0.257764,0.257764,0.64441,0.64441,0.257764,0.257764,1.03106,0.128882,0.257764,0,0,0,0,0,0
65956,65957,65956,19.4,-104.685,40.1108,56.345,-53.97,498.548,5.79941,3.54166,617.253,0.522851,0.0023447,1.15988,0.773255,1.15988,0.644379,0.515503,0.257752,0.515503,0.386627,0.128876,0.128876,0,0,0,0.128876,0
65958,65959,65958,19.3,-104.685,40.1109,57.235,-54.805,494.416,4.85814,2.33216,195.983,0.252105,0.00150885,0.622838,0.373703,0.747405,0.373703,0.373703,0.747405,1.24568,0.249135,0,0.124568,0,0,0,0,0
65960,65960,65960,19.2,-104.685,40.111,57.89,-55.35,491.585,5.33924,3.35846,385.535,0.344385,0.00194605,0.242693,0.485386,0.485386,0.728078,0.970771,0.485386,1.45616,0.242693,0,0,0.242693,0,0,0,0
65962,65963,65962,19.1,-104.684,40.1111,59.11,-54.885,489.709,5.77607,3.45484,363.947,0.316032,0.00223852,0.641786,0.513429,0.513429,0.385072,0.770143,1.28357,0.770143,0.513429,0.128357,0.128357,0.128357,0,0,0,0
65964,65965,65964,19,-104.684,40.1112,60.075,-54.81,487.614,5.96866,2.78625,232.47,0.250304,0.0017967,0.746082,0.373041,1.11912,0.497388,0.621735,0.870429,0.994776,0.621735,0,0.124347,0,0,0,0,0
