api/data/B2SAP/Locations/Boulder/NOAA-POPS-B2SAP_GMLBalloon_20220624_R0.ict
61,1001
Thornberry, T. D.
NOAA Chemical Sciences Laboratory
Portable Optical Particle Spectrometer (POPS)
Balloon Baseline Stratospheric Aerosol Profiles (B2SAP)
1,1
2022,06,24,2024,05,28
0
TIME_START,s,Seconds since midnight UTC on flight start day,Start time of 100 m altitude bin in UTC_seconds_since_midnight
28
1.0,1.0,1.0,1.0,1.0,1.0,1.0,1.0,1.0,1.0,1.0,1.0,1.0,1.0,1.0,1.0,1.0,1.0,1.0,1.0,1.0,1.0,1.0,1.0,1.0,1.0,1.0,1.0
99999,99999,99999,99999,99999,99999,99999,99999,99999,99999,99999,99999,99999,99999,99999,99999,99999,99999,99999,99999,99999,99999,99999,99999,99999,99999,99999,99999
TIME_STOP,s,End time of 100 m altitude bin in UTC seconds since midnight,
TIME_MID,s,Mid time of 100 m altitude in UTC seconds since midnight,
GPSAlt,m,GPS reported altitude above sea level (m),
GPS_Lon,deg,GPS reported longitude,
GPS_Lat,deg,GPS reported latitude,
iMet_Pressure,mb,Pressure reported (mB),
iMet_Temperature,degrees C,Ambient temperature (oC),
THETA,K,Potential temperature from iMet,
Aerosol_concentration,cm^-3,Aerosol concentration,
Surface_Area_Conc,um^2 cm^-3,Surface area concentration,
Volume_density,um^3 cm^-3,Volume density,
Effective_radius,um,Effective radius,
Extinction,km^-1,Extinction,
Bin01,cm^-3,particle concentration in size range [140 - 170 nm],
Bin02,cm^-3,particle concentration in size range [170 - 205 nm],
Bin03,cm^-3,particle concentration in size range [205 - 249 nm],
Bin04,cm^-3,particle concentration in size range [249 - 302 nm],
Bin05,cm^-3,particle concentration in size range [302 - 366 nm],
Bin06,cm^-3,particle concentration in size range [366 - 443 nm],
Bin07,cm^-3,particle concentration in size range [443 - 537 nm],
Bin08,cm^-3,particle concentration in size range [537 - 651 nm],
Bin09,cm^-3,particle concentration in size range [651 - 789 nm],
Bin10,cm^-3,particle concentration in size range [789 - 956 nm],
Bin11,cm^-3,particle concentration in size range [956 - 1159 nm],
Bin12,cm^-3,particle concentration in size range [1159 - 1404 nm],
Bin13,cm^-3,particle concentration in size range [1404 - 1702 nm],
Bin14,cm^-3,particle concentration in size range [1702 - 2062 nm],
Bin15,cm^-3,particle concentration in size range [2062 - 2500 nm],
0
19
PI_CONTACT_INFO: 325 Broadway R/CSL6, Boulder, CO 80305; troy.thornberry@noaa.gov; 303-497-3373 
PLATFORM: GML ECC/FPH balloon
LOCATION: Boulder, CO, USA
ASSOCIATED_DATA: N/A
INSTRUMENT_INFO: Printed Optical Particle Spectrometer counts particles from 140 - 2500 nm in diameter 
DATA_INFO: Particle concentrations reported in number per cubic centimeter, binned to 100 m altitude
UNCERTAINTY: Counting uncertainty dominated by air flow, less than 5 percent
ULOD_FLAG: -77777
ULOD_VALUE: 3000 ~3000 per cm3 (varies depending on flow rate- manufacturer quotes 1250  per cm3 at 1.667 cc/s)
LLOD_FLAG: -88888
LLOD_VALUE: 0 0 (varies depending on data field and measurement precision)
DM_CONTACT_INFO: Troy Thornberry, 325 Broadway R/CSL6, Boulder, CO 80305; troy.thornberry@noaa.gov; 303-497-3373
PROJECT_INFO: B2SAP Boulder, CO, USA
STIPULATIONS_ON_USE: Please contact the PIs for questions regarding applications and uncertainties
OTHER_COMMENTS: POPS bin Edges (nm):  140, 170, 205, 249, 302, 366, 443, 537, 651, 789, 956, 1159, 1404, 1702, 2062, 2500
Calculations assume sulfate refractive index of 1.45+0.00j and extinction wavelength = 532 nm
REVISION: R0
R0: QA/QC data
TIME_START,TIME_STOP,TIME_MID,GPSAlt,GPS_Lon,GPS_Lat,iMet_Pressure,iMet_Temperature,THETA,Aerosol_concentration,Surface_Area_Conc,Volume_density,Effective_radius,Extinction,Bin01,Bin02,Bin03,Bin04,Bin05,Bin06,Bin07,Bin08,Bin09,Bin10,Bin11,Bin12,Bin13,Bin14,Bin15
[from data line 72]
58908,58926,58917,8.9,-105.06,40.0168,333.145,-29.9237,332.964,12.313,1.57708,70.5042,0.134117,0.000366197,6.84534,2.69078,1.29157,0.581208,0.452051,0.150684,0.236789,0.0430525,0.0215262,0,0,0,0,0,0
58927,58945,58936,9,-105.056,40.0198,328.551,-30.6444,333.301,12.2227,1.50405,65.341,0.13033,0.000324958,6.77785,2.98226,1.06186,0.722971,0.271114,0.15815,0.180743,0.0451857,0.0225928,0,0,0,0,0,0
58946,58967,58956,9.1,-105.053,40.0236,323.544,-31.5209,333.56,11.641,1.57547,87.1368,0.165925,0.000391391,6.23359,2.76005,1.37064,0.356742,0.582052,0.131431,0.0938794,0.0563276,0.0187759,0.0187759,0,0.0187759,0,0,0
58968,58996,58982,9.2,-105.048,40.0287,318.612,-32.4028,333.8,10.0857,1.4032,67.6315,0.144594,0.000365591,5.05701,2.28061,1.27488,0.637439,0.45329,0.0849918,0.198314,0.0849918,0,0.0141653,0,0,0,0,0
58997,59024,59010,9.3,-105.043,40.0342,314.367,-33.0059,334.239,8.43412,1.01245,51.6351,0.153001,0.000210343,5.11578,1.84352,0.829586,0.276529,0.122902,0.0921762,0.107539,0.0307254,0,0,0.0153627,0,0,0,0
59025,59044,59034,9.4,-105.039,40.0384,310.131,-33.7185,334.546,7.51353,0.988061,43.1626,0.131052,0.000216115,4.17188,1.45289,0.767957,0.435868,0.33209,0.228312,0.103778,0.0207556,0,0,0,0,0,0,0
59045,59063,59054,9.5,-105.036,40.0417,305.792,-34.6363,334.61,7.20769,0.98083,47.6909,0.145869,0.000244078,3.56016,1.85653,0.87366,0.283939,0.349464,0.15289,0.087366,0.0218415,0,0.0218415,0,0,0,0,0
59065,59088,59076,9.6,-105.031,40.0459,301.401,-35.4013,334.915,10.8958,1.79378,175.751,0.293934,0.000544799,5.40258,2.53813,1.08777,0.652661,0.779567,0.235683,0.108777,0.0543884,0.0181295,0,0,0,0,0,0.0181295
59089,59106,59098,9.7,-105.026,40.0496,297.204,-36.3233,334.952,14.6214,2.20396,104.184,0.141813,0.000572811,6.85598,2.89164,1.98217,1.04938,1.0727,0.326475,0.373115,0.069959,0,0,0,0,0,0,0
59107,59126,59116,9.8,-105.023,40.0527,292.595,-37.3195,335.042,15.8467,2.28478,106.594,0.139961,0.000566756,7.40773,3.767,1.76775,1.15746,1.05223,0.378804,0.168358,0.126268,0.0210447,0,0,0,0,0,0
59127,59148,59138,9.9,-105.018,40.0562,288.3,-38.1752,335.24,13.3624,1.86627,82.6566,0.132869,0.000415637,6.3285,3.16425,1.57205,0.745715,0.987569,0.342626,0.18139,0.0403089,0,0,0,0,0,0,0
59149,59167,59158,10,-105.013,40.0595,284.436,-38.9059,335.485,8.28072,1.61862,223.088,0.413479,0.000593966,3.75492,2.31263,1.21848,0.24867,0.447606,0.0994681,0.0994681,0.024867,0,0.024867,0.024867,0,0,0,0.024867
59168,59185,59176,10.1,-105.008,40.0628,280.461,-39.5581,335.895,9.00066,1.2881,60.8464,0.141712,0.000330852,3.91793,2.46194,1.29715,0.502978,0.397088,0.158835,0.21178,0.0264725,0.0264725,0,0,0,0,0,0
59186,59206,59196,10.2,-105.004,40.0663,276.118,-40.4752,336.079,9.63628,1.32845,59.9629,0.135412,0.000314446,4.74713,2.27213,1.13607,0.527459,0.527459,0.182582,0.202869,0.0405738,0,0,0,0,0,0,0
59208,59227,59218,10.3,-104.998,40.0703,272.286,-41.321,336.196,9.99898,1.3444,58.0097,0.129447,0.000283291,4.82857,2.35019,1.36738,0.534133,0.448672,0.299115,0.170923,0,0,0,0,0,0,0,0
59228,59245,59236,10.4,-104.993,40.0734,268.327,-42.1875,336.341,12.5537,1.90569,111.97,0.176268,0.000516365,6.39679,2.4521,1.62585,0.639679,0.959519,0.186573,0.186573,0.0533066,0,0.0266533,0,0.0266533,0,0,0
59246,59259,59252,10.5,-104.989,40.0757,264.629,-42.8393,336.72,15.424,2.42899,159.492,0.196986,0.000722628,7.81845,3.68106,1.49068,0.973504,0.699706,0.212954,0.365064,0.091266,0.030422,0,0.030422,0.030422,0,0,0
59260,59273,59266,10.6,-104.984,40.0779,260.782,-43.745,336.812,17.5525,2.88834,192.74,0.200191,0.000862738,8.36514,4.32556,1.71593,1.1797,1.00096,0.428981,0.285988,0.142994,0.0357484,0,0,0.0714969,0,0,0
59280,59292,59286,10.7,-104.978,40.0807,256.468,-44.4,337.451,18.204,2.54155,109.925,0.129753,0.000523478,8.11068,4.3257,2.45123,1.22561,1.47795,0.43257,0.108142,0.0720949,0,0,0,0,0,0,0
59293,59308,59300,10.8,-104.972,40.0826,253.011,-45.0525,337.793,15.8935,2.37434,121.214,0.153155,0.000685592,7.79784,3.43863,1.81408,1.21841,0.839351,0.297834,0.297834,0.135379,0.0270758,0.0270758,0,0,0,0,0
59309,59329,59319,10.9,-104.965,40.085,248.757,-45.8165,338.297,11.8611,1.64577,85.1909,0.155291,0.000346857,5.54096,3.11679,1.40688,0.735908,0.69262,0.173155,0.173155,0,0,0,0,0.0216444,0,0,0
59330,59357,59344,11,-104.956,40.0886,245.011,-46.1952,339.206,11.3215,1.61744,94.0123,0.174372,0.000398921,5.87815,2.64114,1.22394,0.611971,0.515344,0.17715,0.209359,0.032209,0,0,0.0161045,0.0161045,0,0,0
59358,59388,59373,11.1,-104.945,40.0932,241.304,-46.7282,339.883,15.0978,2.0134,120.626,0.179735,0.000448332,8.66725,3.05994,1.7552,0.652374,0.528112,0.186393,0.17086,0.0155327,0.0155327,0,0.0155327,0.0155327,0.0155327,0,0
59389,59418,59404,11.2,-104.934,40.0979,237.727,-47.465,340.222,13.6191,1.91366,102.27,0.160325,0.000503662,7.13102,3.05406,1.54895,0.716025,0.642961,0.219191,0.16074,0.0876765,0.0292255,0.0146127,0,0.0146127,0,0,0
59419,59453,59436,11.3,-104.922,40.1032,234.02,-48.1835,340.67,14.6002,2.00385,103.043,0.154267,0.000491998,7.85468,3.22442,1.35426,0.902837,0.72227,0.193465,0.245056,0.0644884,0.0257954,0,0,0,0.0128977,0,0
59454,59490,59472,11.4,-104.909,40.1096,230.345,-48.9861,340.995,16.1918,2.3733,143.863,0.181851,0.000626908,8.922,3.43907,1.38297,0.807753,0.917901,0.342683,0.293728,0.0122387,0.0122387,0.0122387,0.0244774,0.0244774,0,0,0
59491,59526,59508,11.5,-104.896,40.1164,226.956,-49.5047,341.646,18.3447,2.58647,134.092,0.155531,0.000680711,9.51386,4.0007,2.14672,1.01237,0.951386,0.280537,0.317129,0.0243945,0.0609863,0.0243945,0,0.0121973,0,0,0
59527,59556,59542,11.6,-104.885,40.1227,223.811,-49.9814,342.276,13.1625,1.80439,106.259,0.176668,0.000471866,7.66671,2.88451,1.10826,0.455448,0.531356,0.227724,0.166998,0.0607264,0.0151816,0.0151816,0,0.0303632,0,0,0
59561,59591,59576,11.7,-104.872,40.1297,220.158,-50.5414,343.035,5.17081,0.651114,28.7939,0.132668,0.000149213,2.9412,1.09109,0.616702,0.126503,0.205567,0.0790644,0.0632515,0.0474386,0,0,0,0,0,0,0
59592,59621,59606,11.8,-104.861,40.1365,217.045,-50.8336,343.98,4.85816,0.865941,76.3708,0.264582,0.000292916,2.68849,1.03766,0.408777,0.267277,0.251555,0.0314444,0.0943332,0.0157222,0,0.0157222,0.0314444,0.0157222,0,0,0
59622,59651,59636,11.9,-104.85,40.1428,213.606,-50.9589,345.354,6.57038,0.748263,32.1388,0.128854,0.000160641,4.1024,1.48733,0.523016,0.147098,0.130754,0.0490327,0.0817212,0.0326885,0.0163442,0,0,0,0,0,0
59652,59679,59666,12,-104.839,40.1483,210.315,-51.2333,346.458,11.9013,1.42594,60.302,0.126868,0.000289777,6.83773,2.60573,1.23818,0.572891,0.314166,0.110882,0.166323,0.0369607,0.0184803,0,0,0,0,0,0
59680,59706,59693,12.1,-104.83,40.1532,207.076,-51.5696,347.481,17.1088,1.97598,91.698,0.139219,0.000372301,10.4973,3.86743,1.27073,0.534073,0.607738,0.128914,0.147331,0,0.0368326,0,0.0184163,0,0,0,0
59707,59733,59720,12.2,-104.821,40.1577,203.845,-52.0458,348.291,16.3809,1.94775,86.3205,0.132954,0.000448021,10.4426,3.18059,1.25017,0.496392,0.478007,0.147079,0.312543,0.0183849,0.0551547,0,0,0,0,0,0
59734,59758,59746,12.3,-104.812,40.1621,200.729,-52.5145,349.082,17.5668,1.97461,87.9687,0.13365,0.000412497,11.2468,3.81623,1.2115,0.524985,0.383643,0.12115,0.181725,0.0201917,0.0201917,0.0403834,0,0,0,0,0
59759,59783,59771,12.4,-104.804,40.1661,197.737,-53.2833,349.363,20.4197,2.22837,88.326,0.118911,0.000374687,12.7601,4.56824,1.52847,0.58391,0.566736,0.154564,0.240433,0,0,0.0171738,0,0,0,0,0
59784,59807,59796,12.5,-104.796,40.17,194.593,-53.8414,350.081,21.8787,2.52691,102.68,0.121904,0.000475463,13.4948,4.58578,1.68028,0.665113,0.822639,0.315053,0.245042,0.0700119,0,0,0,0,0,0,0
59808,59830,59819,12.6,-104.788,40.1736,191.657,-54.2423,350.957,19.9734,2.32957,99.9677,0.128738,0.000469055,12.4178,4.11012,1.52162,0.577166,0.839514,0.279838,0.139919,0.0349797,0.0349797,0.0174899,0,0,0,0,0
59832,59857,59844,12.7,-104.781,40.1772,188.75,-54.757,351.66,17.2946,2.07801,99.3892,0.143487,0.00042423,10.5512,3.67364,1.32519,0.637435,0.670984,0.234845,0.134197,0.0167746,0.0167746,0.0167746,0.0167746,0,0,0,0
59858,59882,59870,12.8,-104.773,40.1811,185.643,-55.4896,352.155,17.2906,2.15847,106.382,0.147858,0.000553425,10.3097,3.92674,1.42203,0.53326,0.565579,0.242391,0.113116,0.080797,0.0484782,0.0484782,0,0,0,0,0
59884,59906,59895,12.9,-104.766,40.1847,182.813,-55.7155,353.336,15.4455,2.05178,118.533,0.173313,0.000503226,9.33383,3.08209,1.31339,0.56038,0.630427,0.210142,0.175119,0.0875593,0.0175119,0,0.0175119,0,0.0175119,0,0
59907,59932,59920,13,-104.758,40.1886,180.081,-56.1109,354.21,16.6754,2.08642,106.051,0.152488,0.00047649,9.9282,3.78377,1.32264,0.569239,0.50227,0.21765,0.234393,0.0837117,0.0167423,0,0,0,0.0167423,0,0
59933,59958,59946,13.1,-104.751,40.1926,177.176,-56.5514,355.135,16.8069,2.24454,138.026,0.184483,0.000577305,10.1653,3.67133,1.40212,0.461222,0.516569,0.202938,0.258284,0.0553467,0,0.0184489,0.0553467,0,0,0,0
59959,59985,59972,13.2,-104.743,40.1969,174.426,-56.9979,356,16.6185,1.94985,91.9454,0.141466,0.000406475,9.84862,4.38433,1.12832,0.402971,0.370734,0.209545,0.161189,0.0805943,0.0161189,0,0.0161189,0,0,0,0
59986,60008,59997,13.3,-104.736,40.2008,171.778,-57.1044,357.378,16.0325,1.96655,98.8765,0.150837,0.00044405,9.46001,3.96502,1.22829,0.409431,0.495627,0.172392,0.172392,0.086196,0.021549,0,0.021549,0,0,0,0
60009,60026,60018,13.4,-104.731,40.2041,169.171,-57.0385,359.048,15.074,1.71146,74.6149,0.130791,0.000344792,9.47337,3.21737,1.13204,0.506438,0.446857,0.0893714,0.119162,0.0595809,0,0.0297905,0,0,0,0,0
60027,60045,60036,13.5,-104.727,40.207,166.385,-57.5388,359.928,15.6198,2.00106,106.463,0.15961,0.000496359,9.4218,3.24655,1.52111,0.454063,0.43136,0.181625,0.181625,0.136219,0.0227031,0,0,0.0227031,0,0,0
60046,60063,60054,13.6,-104.722,40.2096,163.975,-57.8627,360.888,14.4516,1.80159,86.9337,0.144762,0.000463034,8.81134,3.22303,1.01369,0.441867,0.415875,0.207937,0.259922,0,0.0519843,0.0259922,0,0,0,0,0
60064,60085,60074,13.7,-104.717,40.2125,161.274,-58.5447,361.451,15.0079,1.80032,78.0196,0.130009,0.000395336,8.87145,3.53939,1.24108,0.413695,0.390712,0.22983,0.252813,0.0459661,0.022983,0,0,0,0,0,0
60086,60107,60096,13.8,-104.712,40.2152,158.452,-59.3861,361.856,14.767,2.11217,134.91,0.191618,0.000564429,8.35417,3.31549,1.26512,0.610749,0.654374,0.196312,0.239937,0.0654374,0,0.0218125,0,0.0218125,0.0218125,0,0
60110,60133,60122,13.9,-104.706,40.2181,155.905,-59.8047,362.827,12.3683,1.50678,64.2563,0.127934,0.000312394,7.29731,2.57673,1.15438,0.371049,0.556574,0.226752,0.144297,0.0206139,0.0206139,0,0,0,0,0,0
60134,60159,60146,14,-104.7,40.221,153.482,-60.1767,363.815,11.2662,1.53875,82.8669,0.16156,0.000398853,6.30973,2.52715,1.01086,0.505431,0.456518,0.130434,0.260867,0.0163042,0.0326084,0,0,0.0163042,0,0,0
60160,60181,60170,14.1,-104.694,40.2239,151.063,-60.8506,364.308,11.9391,1.35902,53.5822,0.118281,0.000225976,6.81924,2.98478,1.06755,0.348587,0.413947,0.239654,0.0435734,0,0.0217867,0,0,0,0,0,0
60182,60202,60192,14.2,-104.689,40.2269,148.581,-61.7805,364.445,11.1384,1.3627,60.0288,0.132154,0.000308725,6.65008,2.4912,0.864716,0.308827,0.411769,0.185296,0.164708,0.0411769,0.0205885,0,0,0,0,0,0
60203,60228,60216,14.3,-104.683,40.2302,146.217,-62.5977,364.698,11.9113,1.53293,71.9445,0.140798,0.000394343,6.88351,2.6963,0.999219,0.444097,0.412376,0.206188,0.111024,0.126885,0.0317212,0,0,0,0,0,0
60229,60254,60242,14.4,-104.677,40.2341,143.762,-63.2633,365.304,11.0452,1.43323,62.2137,0.130224,0.000310697,6.19753,2.39483,0.885361,0.420909,0.653135,0.333825,0.130627,0.0290282,0,0,0,0,0,0,0
60255,60276,60266,14.5,-104.671,40.2378,141.57,-63.5262,366.457,11.2523,1.49034,94.3001,0.189822,0.000394408,6.88374,2.39938,1.02594,0.314402,0.297854,0.115832,0.115832,0.0165475,0.0165475,0.0330949,0.0165475,0.0165475,0,0,0
60280,60303,60292,14.6,-104.664,40.242,139.375,-64.1809,366.948,11.0888,1.3161,64.4966,0.147018,0.000270729,6.51722,2.72078,1.0282,0.31637,0.237278,0.063274,0.126548,0.063274,0,0,0.0158185,0,0,0,0
60306,60328,60317,14.7,-104.657,40.2457,137.122,-64.6729,367.788,11.2643,1.36071,69.8914,0.154092,0.000288419,6.72199,2.5457,1.11479,0.282856,0.316133,0.149747,0.0831929,0,0.0166386,0.0166386,0.0166386,0,0,0,0
60329,60351,60340,14.8,-104.651,40.2488,134.779,-65.24,368.601,10.4198,1.15589,46.1289,0.119723,0.000203858,6.11802,2.6129,0.987805,0.254918,0.20712,0.111526,0.0796617,0.0318647,0.0159323,0,0,0,0,0,0
60352,60379,60366,14.9,-104.645,40.2514,132.487,-65.5862,369.797,10.3277,1.19909,51.8388,0.129695,0.000240911,6.16449,2.45411,0.788821,0.321371,0.350587,0.102255,0.116862,0,0.0146078,0.0146078,0,0,0,0,0
60381,60405,60393,15,-104.638,40.2537,130.407,-65.7791,371.124,10.6451,1.31242,76.6665,0.175249,0.000282472,6.60362,2.40963,0.71679,0.396522,0.274515,0.0915051,0.106756,0,0,0.0152508,0.0152508,0.0152508,0,0,0
60406,60433,60420,15.1,-104.631,40.255,128.378,-65.0039,374.182,10.5942,1.1519,47.4977,0.123703,0.000207309,6.61189,2.55356,0.714388,0.273595,0.227996,0.0911985,0.0759987,0.0303995,0,0.0151997,0,0,0,0,0
60434,60461,60448,15.2,-104.624,40.2557,126.299,-65.1235,375.723,10.228,1.18914,50.7031,0.127915,0.000254908,6.27668,2.44773,0.594449,0.332192,0.262257,0.104903,0.122387,0.087419,0,0,0,0,0,0,0
60464,60486,60475,15.3,-104.617,40.2558,124.031,-64.8705,378.126,12.1589,1.56067,73.8381,0.141936,0.000394477,6.7795,3.0213,1.10535,0.386874,0.386874,0.165803,0.202648,0.0921128,0,0.0184226,0,0,0,0,0
60488,60505,60496,15.4,-104.612,40.2556,122.106,-65.1742,379.268,11.7074,1.72666,131.867,0.229114,0.000503135,6.81473,2.70842,1.25228,0.174737,0.349473,0.0873683,0.203859,0,0.0291228,0.0291228,0,0.0291228,0.0291228,0,0
60506,60524,60515,15.5,-104.609,40.2554,119.967,-64.2956,382.802,10.7617,1.5672,101.434,0.194169,0.000423853,5.78468,2.64131,1.06962,0.414751,0.43658,0.087316,0.21829,0.065487,0,0,0.021829,0.021829,0,0,0
60525,60546,60536,15.6,-104.607,40.2552,117.97,-64.2933,384.64,11.3873,1.58889,75.5947,0.142732,0.000420773,5.68397,2.99665,0.908661,0.734662,0.579997,0.135333,0.231999,0.0966661,0.0193332,0,0,0,0,0,0
60547,60567,60557,15.7,-104.605,40.2555,115.972,-64.6412,385.884,10.3059,1.58421,83.3676,0.157873,0.000507938,5.0336,2.5168,1.10652,0.499021,0.455628,0.282055,0.282055,0.0650897,0.0650897,0,0,0,0,0,0
60568,60588,60578,15.8,-104.603,40.2567,114.173,-64.7307,387.444,10.2526,2.10664,200.541,0.285584,0.000855876,4.83568,2.02262,1.09268,0.813696,0.790448,0.185988,0.255733,0.162739,0,0.0464969,0.0232485,0,0,0.0232485,0
60589,60613,60601,15.9,-104.602,40.2584,112.249,-65.3155,388.231,9.55163,1.70612,97.7785,0.171931,0.000604872,4.07606,2.29169,1.04963,0.524815,0.699753,0.507321,0.244914,0.122457,0,0.0349877,0,0,0,0,0
60614,60639,60626,16,-104.6,40.2603,110.507,-66.0947,388.515,9.3606,1.72038,100.056,0.174478,0.000640616,3.89107,2.20249,1.10125,0.660748,0.550623,0.458853,0.348728,0.0734164,0.0550623,0.0183541,0,0,0,0,0
60640,60663,60652,16.1,-104.597,40.2623,108.69,-66.4895,389.614,10.1711,2.07613,203.403,0.293917,0.000825794,4.40908,2.51493,1.05054,0.525269,0.907284,0.302428,0.302428,0.0795863,0.0159173,0.0318345,0,0,0,0.0318345,0
60664,60684,60674,16.2,-104.594,40.2639,106.869,-66.3538,391.75,9.33071,1.32964,64.5074,0.145545,0.000354989,4.44632,2.29982,1.07325,0.591383,0.613286,0.0876123,0.0876123,0.0876123,0.0438061,0,0,0,0,0,0
60687,60709,60698,16.3,-104.591,40.2652,105.128,-65.4095,395.402,9.27765,1.53796,95.7352,0.186745,0.000522857,4.56548,2.1819,0.861758,0.476717,0.605064,0.220023,0.220023,0.0733411,0.0366705,0.0183353,0.0183353,0,0,0,0
60710,60734,60722,16.4,-104.587,40.2658,103.371,-64.21,399.599,9.63808,1.5101,83.4719,0.165827,0.000492046,4.4901,2.45064,1.03618,0.624995,0.493417,0.18092,0.230261,0.065789,0.0328945,0.0328945,0,0,0,0,0
60735,60759,60747,16.5,-104.584,40.2665,101.669,-63.5905,402.685,9.73692,1.77564,106.909,0.180626,0.000711061,4.78656,1.89278,0.964592,0.545996,0.618795,0.291198,0.436796,0.109199,0.0727994,0.0181999,0,0,0,0,0
