api/data/B2SAP/Locations/Boulder/NOAA-POPS-B2SAP_GMLBalloon_20221121_R0.ict
61,1001
Thornberry, T. D.
NOAA Chemical Sciences Laboratory
Portable Optical Particle Spectrometer (POPS)
Balloon Baseline Stratospheric Aerosol Profiles (B2SAP)
1,1
2022,11,21,2024,05,30
0
TIME_START,s,Seconds since midnight UTC on flight start day,Start time of 100 m altitude bin in UTC_seconds_since_midnight
28
1.0,1.0,1.0,1.0,1.0,1.0,1.0,1.0,1.0,1.0,1.0,1.0,1.0,1.0,1.0,1.0,1.0,1.0,1.0,1.0,1.0,1.0,1.0,1.0,1.0,1.0,1.0,1.0
99999,99999,99999,99999,99999,99999,99999,99999,99999,99999,99999,99999,99999,99999,99999,99999,99999,99999,99999,99999,99999,99999,99999,99999,99999,99999,99999,99999
TIME_STOP,s,End time of 100 m altitude bin in UTC seconds since midnight,
TIME_MID,s,Mid time of 100 m altitude in UTC seconds since midnight,
GPSAlt,m,GPS reported altitude above sea level (m),
GPS_Lon,deg,GPS reported longitude,
GPS_Lat,deg,GPS reported latitude,
iMet_Pressure,mb,Pressure reported (mB),
iMet_Temperature,degrees C,Ambient temperature (oC),
THETA,K,Potential temperature from iMet,
Aerosol_concentration,cm^-3,Aerosol concentration,
Surface_Area_Conc,um^2 cm^-3,Surface area concentration,
Volume_density,um^3 cm^-3,Volume density,
Effective_radius,um,Effective radius,
Extinction,km^-1,Extinction,
Bin01,cm^-3,particle concentration in size range [140 - 170 nm],
Bin02,cm^-3,particle concentration in size range [170 - 205 nm],
Bin03,cm^-3,particle concentration in size range [205 - 249 nm],
Bin04,cm^-3,particle concentration in size range [249 - 302 nm],
Bin05,cm^-3,particle concentration in size range [302 - 366 nm],
Bin06,cm^-3,particle concentration in size range [366 - 443 nm],
Bin07,cm^-3,particle concentration in size range [443 - 537 nm],
Bin08,cm^-3,particle concentration in size range [537 - 651 nm],
Bin09,cm^-3,particle concentration in size range [651 - 789 nm],
Bin10,cm^-3,particle concentration in size range [789 - 956 nm],
Bin11,cm^-3,particle concentration in size range [956 - 1159 nm],
Bin12,cm^-3,particle concentration in size range [1159 - 1404 nm],
Bin13,cm^-3,particle concentration in size range [1404 - 1702 nm],
Bin14,cm^-3,particle concentration in size range [1702 - 2062 nm],
Bin15,cm^-3,particle concentration in size range [2062 - 2500 nm],
0
19
PI_CONTACT_INFO: 325 Broadway R/CSL6, Boulder, CO 80305; troy.thornberry@noaa.gov; 303-497-3373 
PLATFORM: GML ECC/FPH balloon
LOCATION: Boulder, CO, USA
ASSOCIATED_DATA: N/A
INSTRUMENT_INFO: Printed Optical Particle Spectrometer counts particles from 140 - 2500 nm in diameter 
DATA_INFO: Particle concentrations reported in number per cubic centimeter, binned to 100 m altitude
UNCERTAINTY: Counting uncertainty dominated by air flow, less than 5 percent
ULOD_FLAG: -77777
ULOD_VALUE: 3000 ~3000 per cm3 (varies depending on flow rate- manufacturer quotes 1250  per cm3 at 1.667 cc/s)
LLOD_FLAG: -88888
LLOD_VALUE: 0 0 (varies depending on data field and measurement precision)
DM_CONTACT_INFO: Troy Thornberry, 325 Broadway R/CSL6, Boulder, CO 80305; troy.thornberry@noaa.gov; 303-497-3373
PROJECT_INFO: B2SAP Boulder, CO, USA
STIPULATIONS_ON_USE: Please contact the PIs for questions regarding applications and uncertainties
OTHER_COMMENTS: POPS bin Edges (nm):  140, 170, 205, 249, 302, 366, 443, 537, 651, 789, 956, 1159, 1404, 1702, 2062, 2500
Calculations assume sulfate refractive index of 1.45+0.00j and extinction wavelength = 532 nm
REVISION: R0
R0: QA/QC data
TIME_START,TIME_STOP,TIME_MID,GPSAlt,GPS_Lon,GPS_Lat,iMet_Pressure,iMet_Temperature,THETA,Aerosol_concentration,Surface_Area_Conc,Volume_density,Effective_radius,Extinction,Bin01,Bin02,Bin03,Bin04,Bin05,Bin06,Bin07,Bin08,Bin09,Bin10,Bin11,Bin12,Bin13,Bin14,Bin15
[from data line 318]
69228,69249,69238,19.6,-104.136,39.7191,56.0057,-61.1264,483.103,4.33115,1.40086,119.608,0.256147,0.00073657,0.933781,0.735104,0.754972,0.51656,0.496692,0.417221,0.25828,0.0794707,0.0397354,0.0794707,0,0.0198677,0,0,0
69250,69269,69260,19.5,-104.133,39.7183,56.8607,-62.3279,478.28,4.15898,1.30981,102.824,0.235509,0.000691404,1.03477,0.736279,0.517385,0.557184,0.378089,0.258693,0.397989,0.218894,0.0397989,0,0.0198994,0,0,0,0
69270,69288,69279,19.4,-104.131,39.7176,57.8185,-62.2654,476.149,3.86624,1.30089,121.624,0.280479,0.0006793,1.11074,0.598093,0.44857,0.46993,0.384488,0.427209,0.213605,0.106802,0,0.0640814,0.0427209,0,0,0,0
69289,69307,69298,19.3,-104.128,39.717,58.73,-61.9625,474.709,4.43297,1.46809,137.968,0.281934,0.000797661,1.27651,0.742697,0.789115,0.348139,0.417767,0.232093,0.30172,0.185674,0.0464185,0.0464185,0.0232093,0.0232093,0,0,0
69308,69326,69317,19.2,-104.126,39.7165,59.7164,-61.9018,472.584,4.61928,1.43872,106.849,0.222801,0.000795473,1.2621,0.681534,0.580566,0.454356,0.656292,0.302904,0.328146,0.25242,0.075726,0.025242,0,0,0,0,0
69329,69349,69339,19.1,-104.123,39.7161,60.7742,-63.265,467.194,4.12661,1.24932,110.99,0.266521,0.000587596,1.28228,0.536226,0.512912,0.512912,0.606169,0.27977,0.233142,0.0699426,0.0233142,0.0233142,0.0466284,0,0,0,0
69350,69370,69360,19,-104.121,39.7155,61.81,-62.8692,465.81,3.81729,1.11042,78.6854,0.212583,0.000574438,0.948931,0.711698,0.474465,0.474465,0.431332,0.237233,0.323499,0.172533,0.0215666,0.0215666,0,0,0,0,0
69371,69392,69382,18.9,-104.118,39.7143,62.9064,-62.24,464.868,3.89679,1.19692,80.7071,0.202286,0.000598649,0.585791,0.738607,0.560322,0.560322,0.611261,0.229223,0.407507,0.178284,0.0254692,0,0,0,0,0,0
69397,69414,69406,18.8,-104.115,39.7128,63.9117,-62.2708,462.704,4.37694,1.48838,118.299,0.238446,0.000831941,0.833703,0.648436,0.74107,0.509485,0.555802,0.509485,0.324218,0.115792,0.0463169,0.0926337,0,0,0,0,0
69418,69440,69429,18.7,-104.111,39.7111,64.8973,-62.28,460.654,4.55683,1.42677,107.971,0.227026,0.000682779,0.781171,0.948565,0.632377,0.446384,0.632377,0.613777,0.316188,0.130195,0.0185993,0.0185993,0,0.0185993,0,0,0
69442,69469,69456,18.6,-104.107,39.7092,66.0622,-62.9111,456.956,4.26747,1.33895,96.035,0.215173,0.00069622,0.856609,0.685287,0.654138,0.513965,0.498391,0.467241,0.373793,0.155747,0.0311494,0.0311494,0,0,0,0,0
69471,69493,69482,18.5,-104.104,39.708,67.2325,-63.4658,453.465,4.34391,1.33363,95.9802,0.215907,0.000702221,1.00967,0.727898,0.587015,0.469612,0.540053,0.446131,0.281767,0.211325,0.0469612,0.0234806,0,0,0,0,0
69494,69509,69502,18.4,-104.102,39.7073,68.0929,-62.9186,452.996,5.41384,1.60706,106.909,0.199575,0.000779657,1.00256,1.04266,0.761947,0.721845,0.441127,0.80205,0.401025,0.200512,0.0401025,0,0,0,0,0,0
69510,69534,69522,18.3,-104.1,39.7066,69.325,-62.2308,452.165,4.82106,1.26352,79.8682,0.189633,0.000555857,1.0662,0.834414,0.718523,0.695345,0.695345,0.37085,0.278138,0.115891,0.0463563,0,0,0,0,0,0
69535,69553,69544,18.2,-104.098,39.7056,70.52,-61.7167,451.05,4.86251,1.26817,81.9841,0.193943,0.000561125,0.972501,1.13458,0.694644,0.53256,0.694644,0.393631,0.277857,0.138929,0,0.0231548,0,0,0,0,0
69554,69572,69563,18.1,-104.096,39.7046,71.5808,-62.26,447.979,5.24731,1.37315,86.9677,0.190003,0.000607605,1.00253,1.10919,0.917213,0.661246,0.575924,0.511933,0.277297,0.149314,0.0426611,0,0,0,0,0,0
69573,69594,69584,18,-104.093,39.7037,72.8879,-62.4421,445.291,5.6611,1.40857,88.7471,0.189015,0.000602346,1.30471,1.19414,0.928775,0.619183,0.663411,0.442274,0.375933,0.110568,0,0.0221137,0,0,0,0,0
69595,69613,69604,17.9,-104.091,39.7029,74.0808,-62.1517,443.829,5.33794,1.30643,77.695,0.178414,0.000520075,1.10352,1.05219,0.898211,0.795558,0.56459,0.513263,0.333621,0.0513263,0.0256632,0,0,0,0,0,0
69614,69628,69621,17.8,-104.088,39.7021,75.2089,-61.1189,444.087,5.01651,1.09551,60.9512,0.166912,0.000395654,1.26266,1.12616,0.716644,0.682518,0.580141,0.238881,0.409511,0,0,0,0,0,0,0,0
69633,69649,69641,17.7,-104.086,39.7009,76.546,-61.392,441.293,4.7541,1.2695,84.7761,0.200337,0.000588599,1.08048,0.864382,0.740899,0.710028,0.555674,0.246966,0.40132,0.123483,0,0.0308708,0,0,0,0,0
69651,69675,69663,17.6,-104.083,39.6995,78.0508,-60.9083,439.839,5.56176,1.5801,128.925,0.244777,0.00078048,1.58179,1.09704,0.739868,0.535766,0.66333,0.408203,0.331665,0.076538,0.0255127,0.076538,0.0255127,0,0,0,0
69676,69688,69682,17.5,-104.082,39.6988,78.8854,-62.2077,435.823,5.30684,1.20678,71.6796,0.178193,0.000489268,1.38025,1.26127,0.809114,0.547342,0.547342,0.309367,0.309367,0.142785,0,0,0,0,0,0,0
69701,69710,69706,17.4,-104.078,39.6976,80.249,-61.121,435.932,5.47385,1.27509,74.8056,0.176001,0.000500538,1.44534,1.04557,0.891807,0.615039,0.553535,0.553535,0.246016,0.123008,0,0,0,0,0,0,0
69711,69745,69728,17.3,-104.074,39.6966,81.6342,-61.3808,433.269,5.92343,1.52998,112.318,0.220233,0.000690256,1.64826,1.2877,0.798376,0.643851,0.618097,0.334803,0.386311,0.12877,0.0515081,0,0.0257541,0,0,0,0
69746,69753,69750,17.2,-104.07,39.696,82.6925,-62.3825,429.637,6.08823,1.56321,97.029,0.186211,0.00066324,1.04702,1.31847,1.04702,0.814349,0.891906,0.426564,0.426564,0.0387785,0.0775571,0,0,0,0,0,0
69777,69780,69778,17.1,-104.065,39.6953,84.295,-63.475,425.07,4.97549,1.22357,73.4189,0.180012,0.000515136,1.24387,1.08839,0.621937,0.621937,0.466453,0.310968,0.621937,0,0,0,0,0,0,0,0
69799,69818,69808,17,-104.059,39.6942,86.0316,-61.7358,426.107,5.88648,1.4664,93.3093,0.190895,0.000661654,1.5448,1.18705,0.894355,0.65044,0.682962,0.341481,0.32522,0.227654,0.032522,0,0,0,0,0,0
69819,69842,69830,16.9,-104.055,39.693,87.3796,-62.2175,423.258,7.81027,1.70023,100.747,0.177765,0.00066178,2.05943,1.99466,1.15276,0.803046,0.815999,0.44038,0.401523,0.103619,0.0259047,0.0129524,0,0,0,0,0
69843,69867,69855,16.8,-104.05,39.6915,89.085,-63.365,418.631,8.05842,1.37171,72.5292,0.158625,0.000437598,2.98317,2.01461,1.23976,0.852333,0.387424,0.232454,0.232454,0.0774848,0.0387424,0,0,0,0,0,0
69868,69893,69880,16.7,-104.046,39.6905,90.1521,-63.0958,417.742,8.52537,1.63163,104.9,0.192875,0.000600635,2.99364,2.32658,1.15515,0.846029,0.488094,0.260317,0.244047,0.146428,0.0325396,0.0162698,0,0.0162698,0,0,0
69894,69919,69906,16.6,-104.041,39.6888,91.8355,-61.646,418.415,7.26,1.57901,93.6808,0.177987,0.000616136,2.2042,1.61847,1.07898,0.585732,0.770701,0.53949,0.30828,0.138726,0,0.015414,0,0,0,0,0
69920,69947,69934,16.5,-104.037,39.6868,93.4025,-62.6529,414.407,7.72164,1.74375,114.872,0.19763,0.000714106,2.19038,1.84744,1.22794,0.719064,0.752252,0.475689,0.298688,0.13275,0.0442501,0.0221251,0,0.0110625,0,0,0
69948,69966,69957,16.4,-104.032,39.6845,94.8595,-61.78,414.291,7.24445,1.57103,95.9156,0.183158,0.000638554,2.31758,1.40999,1.1831,0.907583,0.486205,0.405171,0.35655,0.129655,0.0324137,0.0162068,0,0,0,0,0
69988,69993,69990,16.3,-104.026,39.6813,96.7725,-61.48,412.527,6.69966,1.22388,62.4467,0.153071,0.000370493,2.31023,1.38614,1.07811,0.693068,0.61606,0.30803,0.30803,0,0,0,0,0,0,0,0
69994,70016,70005,16.2,-104.021,39.6797,97.9764,-61.8291,410.382,8.30121,1.7766,100.786,0.170189,0.000655858,2.27815,1.52917,1.77883,0.842604,0.873811,0.468113,0.343283,0.187245,0,0,0,0,0,0,0
70018,70039,70028,16.1,-104.015,39.678,99.5317,-60.78,410.571,7.81562,1.92708,127.697,0.198793,0.000859691,1.91049,1.73681,1.33155,0.868403,0.752616,0.578935,0.347361,0.231574,0,0.0578935,0,0,0,0,0
70050,70072,70061,16,-104.01,39.6768,101.264,-62.7,404.866,7.95583,1.73625,100.534,0.173708,0.000653774,2.08677,1.73898,1.39118,0.78254,0.956438,0.565168,0.260847,0.130423,0.0434745,0,0,0,0,0,0
70074,70095,70084,15.9,-104.004,39.6753,102.926,-61.8082,404.686,8.59887,2.00348,126.132,0.188869,0.000876687,2.59231,1.80197,1.29615,0.885178,0.663883,0.663883,0.410975,0.189681,0.0948405,0,0,0,0,0,0
70096,70117,70106,15.8,-103.999,39.674,104.822,-63.3767,399.598,8.906,1.80752,117.314,0.19471,0.000702245,3.15582,2.07161,1.39398,0.735713,0.638909,0.406578,0.232331,0.193609,0.0580826,0,0.0193609,0,0,0,0
70121,70145,70133,15.7,-103.994,39.6726,106.624,-63.384,397.647,9.82206,2.11318,137.07,0.194592,0.000852463,3.14517,2.49505,1.45837,0.720401,0.755543,0.544694,0.404128,0.245991,0.0351415,0,0,0.0175708,0,0,0
70146,70174,70160,15.6,-103.989,39.6712,108.04,-63.5144,395.898,9.55703,1.93369,114.392,0.177472,0.000741488,3.29403,2.0371,1.4303,1.06189,0.650138,0.455097,0.476768,0.0866851,0.0433425,0.0216713,0,0,0,0,0
70175,70203,70189,15.5,-103.982,39.6689,110.138,-62.7607,395.143,10.1578,1.80128,96.6028,0.16089,0.000590647,3.47788,2.74633,1.61901,0.719562,0.743547,0.44373,0.251847,0.107934,0.0479708,0,0,0,0,0,0
70218,70235,70226,15.4,-103.974,39.6663,112.319,-63.6611,391.262,9.75276,1.67006,86.7664,0.155862,0.000521336,3.60639,2.42365,1.55114,0.775568,0.620454,0.368395,0.290838,0.096946,0.0193892,0,0,0,0,0,0
70236,70265,70250,15.3,-103.968,39.6648,113.885,-63.4542,390.097,9.44994,1.39679,66.0348,0.141828,0.000357594,3.98965,2.44621,1.42696,0.596992,0.480506,0.276655,0.160169,0.0582431,0.0145608,0,0,0,0,0,0
70266,70291,70278,15.2,-103.962,39.6632,115.716,-63.4455,388.335,9.08772,1.2718,62.0272,0.146314,0.000348862,4.59609,2.15877,1.07938,0.504874,0.31337,0.191504,0.121866,0.0870472,0.0348189,0,0,0,0,0,0
70292,70315,70304,15.1,-103.957,39.6615,117.729,-62.8821,387.474,10.8799,1.97075,114.404,0.174154,0.000721037,4.14209,2.66934,1.7857,0.773189,0.570687,0.294548,0.460232,0.128865,0.0184093,0.0368185,0,0,0,0,0
70315,70339,70327,15,-103.951,39.6594,120.089,-63.5611,384.026,11.5359,2.12193,118.026,0.166866,0.00075297,4.36494,2.65014,1.67583,0.935345,0.896372,0.4287,0.311782,0.233836,0.0389727,0,0,0,0,0,0
70340,70362,70351,14.9,-103.947,39.6582,121.56,-62.7396,384.196,12.427,2.12255,109.114,0.154221,0.000624807,3.91556,3.55273,2.14676,1.04314,0.891962,0.45354,0.317478,0.07559,0.015118,0.015118,0,0,0,0,0
70363,70376,70370,14.8,-103.944,39.6567,123.179,-63.0729,382.142,11.3135,2.38948,164.093,0.206019,0.000925256,3.42153,2.77219,2.14782,0.949037,0.899088,0.474519,0.399595,0.0998987,0.0998987,0.0249747,0,0,0.0249747,0,0
70396,70407,70402,14.7,-103.937,39.6543,125.922,-62.83,380.192,11.5063,1.87158,100.324,0.160812,0.000582707,4.64901,2.73129,1.91772,0.929802,0.610182,0.23245,0.290563,0.0871689,0.0290563,0.0290563,0,0,0,0,0
70417,70435,70426,14.6,-103.932,39.6528,127.99,-63.4326,377.328,11.4669,1.72143,90.7464,0.158147,0.000427684,4.70439,2.75648,2.15005,0.90045,0.47779,0.165389,0.220518,0.0735061,0,0,0.0183765,0,0,0,0
70436,70462,70449,14.5,-103.928,39.6512,129.782,-63.0252,376.569,11.0156,1.8112,104.273,0.172714,0.000537691,4.56502,2.58023,1.81939,0.777377,0.562358,0.363879,0.231559,0.0661598,0.0165399,0.0165399,0,0.0165399,0,0,0
70467,70499,70483,14.4,-103.922,39.6486,132.061,-62.5362,375.577,11.5427,1.6815,77.7773,0.138764,0.000406172,4.57078,3.22558,1.80806,0.853405,0.535186,0.318219,0.13018,0.0867869,0.0144645,0,0,0,0,0,0
70503,70532,70518,14.3,-103.917,39.6465,134.367,-62.9242,373.036,11.0683,1.83841,115.208,0.188002,0.000574778,4.5695,2.78522,1.75527,0.841368,0.580254,0.15957,0.174076,0.145063,0,0.0290127,0.0290127,0,0,0,0
70533,70561,70547,14.2,-103.912,39.6444,136.474,-62.5765,371.987,11.476,1.72188,91.946,0.160195,0.000462529,5.00197,2.92908,1.75745,0.766068,0.435607,0.270377,0.210293,0.0600838,0.0300419,0,0.0150209,0,0,0,0
70565,70594,70580,14.1,-103.908,39.6418,138.647,-61.9992,371.331,10.8972,1.73004,97.512,0.169092,0.00053475,4.52011,3.09498,1.58348,0.604601,0.431858,0.24472,0.230324,0.143953,0.0287905,0,0.0143953,0,0,0,0
70595,70622,70608,14,-103.903,39.639,140.922,-61.6544,370.217,12.1106,1.70781,82.0589,0.144148,0.000431585,5.17384,3.37258,1.89708,0.80482,0.344923,0.191624,0.249111,0.0383248,0.0191624,0.0191624,0,0,0,0,0
70623,70650,70636,13.9,-103.898,39.636,143.267,-60.9685,369.665,10.9533,1.60708,97.2031,0.181453,0.000402923,4.92727,3.22762,1.33912,0.686728,0.309028,0.206018,0.171682,0.0343364,0.0171682,0,0,0.0343364,0,0,0
70651,70678,70664,13.8,-103.892,39.6334,145.585,-61.2869,367.42,11.3449,1.53717,71.6907,0.139914,0.000378719,5.54351,2.87919,1.31068,0.859459,0.257838,0.257838,0.128919,0.0644594,0.042973,0,0,0,0,0,0
70679,70707,70693,13.7,-103.886,39.6313,148.119,-61.0909,365.957,11.9505,1.79166,101.166,0.169395,0.000522963,5.51563,3.1834,1.5151,0.783083,0.391542,0.170235,0.204283,0.119165,0.0510706,0,0,0.0170235,0,0,0
70708,70732,70720,13.6,-103.88,39.6296,150.645,-61.5382,363.427,10.2886,1.45309,71.3083,0.147221,0.000400166,4.91152,2.60706,1.41992,0.465547,0.442269,0.186219,0.0931093,0.116387,0.0465547,0,0,0,0,0,0
70737,70767,70752,13.5,-103.875,39.6285,152.917,-62.0339,361.02,11.5061,1.58785,74.9722,0.141649,0.000381824,5.40047,2.76903,1.6855,0.722356,0.49877,0.240785,0.0859948,0.0687958,0.017199,0.017199,0,0,0,0,0
70768,70799,70784,13.4,-103.869,39.6274,155.569,-61.8933,359.492,11.3675,1.57122,74.718,0.142662,0.000387206,5.42948,2.69014,1.60752,0.787357,0.393678,0.229646,0.131226,0.0656131,0.0164033,0.0164033,0,0,0,0,0
70800,70831,70816,13.3,-103.862,39.6261,158.294,-61.5868,358.234,11.2488,1.5881,76.8098,0.145097,0.000409286,5.22435,2.79259,1.58456,0.737371,0.423596,0.219642,0.156887,0.0784437,0.0156887,0.0156887,0,0,0,0,0
70832,70862,70847,13.2,-103.857,39.6251,160.619,-60.7495,358.163,11.4488,1.54667,70.3252,0.136407,0.000368644,5.46563,3.08477,1.18008,0.828125,0.517578,0.103516,0.124219,0.144922,0,0,0,0,0,0,0
70863,70895,70879,13.1,-103.851,39.6238,163.385,-62.4019,353.636,11.0696,1.49957,76.1863,0.152416,0.000387822,5.37528,2.749,1.61995,0.638161,0.417259,0.0736339,0.0490893,0.0981786,0,0.0490893,0,0,0,0,0
70896,70929,70912,13,-103.844,39.6223,165.866,-61.7547,353.2,10.8223,1.48298,72.1662,0.145989,0.000395371,5.64757,2.63991,1.06384,0.604159,0.354615,0.23641,0.157607,0.0919372,0.0131339,0.0131339,0,0,0,0,0
70930,70965,70948,12.9,-103.836,39.6207,168.767,-63.4565,348.63,11.314,1.34156,57.5241,0.128636,0.0002613,6.07091,2.98371,1.20728,0.551901,0.241457,0.0862345,0.120728,0.0344938,0,0.0172469,0,0,0,0,0
70966,71000,70983,12.8,-103.829,39.6193,171.536,-63.0841,347.631,11.7589,1.34667,53.661,0.119542,0.000236628,6.89366,2.64575,1.073,0.529151,0.367466,0.10289,0.0881918,0.0587945,0,0,0,0,0,0,0
71001,71036,71018,12.7,-103.823,39.6177,174.356,-62.9664,346.199,11.3886,1.34963,55.7791,0.123987,0.000256994,6.36936,2.68434,1.22304,0.492394,0.30179,0.158837,0.111186,0.0317674,0.0158837,0,0,0,0,0,0
71037,71070,71054,12.6,-103.817,39.6163,177.18,-63.281,344.101,11.6072,1.42099,62.7796,0.13254,0.000314256,6.05,3.18926,1.3414,0.438009,0.287444,0.0821268,0.109502,0.068439,0.0410634,0,0,0,0,0,0
71071,71104,71088,12.5,-103.81,39.6147,180.335,-62.2133,344.115,9.4213,1.17235,52.1206,0.133375,0.000261175,5.27066,2.08191,1.04095,0.408476,0.355769,0.105413,0.0922365,0.0263533,0.0395299,0,0,0,0,0,0
71105,71137,71121,12.4,-103.803,39.6129,183.465,-63.1373,340.931,7.37737,0.941391,50.5593,0.161121,0.000203644,4.10699,1.74927,0.836609,0.243377,0.258588,0.0456332,0.0760553,0.0456332,0,0,0,0.0152111,0,0,0
71138,71170,71154,12.3,-103.797,39.6113,186.262,-62.3561,340.715,7.06705,0.921766,50.1318,0.16316,0.000226603,4.1046,1.55856,0.690049,0.261743,0.214153,0.0832817,0.0951791,0.0237948,0.0237948,0,0,0.0118974,0,0,0
71171,71203,71187,12.2,-103.791,39.6098,189.122,-62.3181,339.298,7.03975,0.905053,43.8227,0.14526,0.00023133,4.07259,1.33814,0.916332,0.305444,0.159994,0.0727247,0.11636,0.0290899,0.0145449,0.0145449,0,0,0,0,0
71205,71238,71222,12.1,-103.784,39.6081,192.604,-62.9829,336.474,8.1702,0.945599,40.427,0.128258,0.00018314,5.07992,1.65097,0.606768,0.352772,0.296329,0.0705544,0.0987762,0,0,0.0141109,0,0,0,0,0
71241,71271,71256,12,-103.778,39.6062,195.843,-62.0779,336.318,7.29139,0.976728,54.0811,0.166109,0.000242343,4.1852,1.60214,0.735679,0.228878,0.228878,0.130787,0.130787,0.0326968,0,0,0.0163484,0,0,0,0
71279,71309,71294,11.9,-103.771,39.6048,199.09,-62.3205,334.348,7.94439,0.99285,46.3703,0.140113,0.000248127,4.56646,1.81407,0.792354,0.271068,0.29192,0.0417028,0.0625543,0.0625543,0.0417028,0,0,0,0,0,0
