api/data/B2SAP/Locations/Boulder/NOAA-POPS-B2SAP_GMLBalloon_20200930_R0.ict
61,1001
Thornberry, T. D.
NOAA Chemical Sciences Laboratory
Portable Optical Particle Spectrometer (POPS)
Balloon Baseline Stratospheric Aerosol Profiles (B2SAP)
1,1
2020,09,30,2024,05,30
0
TIME_START,s,Seconds since midnight UTC on flight start day,Start time of 100 m altitude bin in UTC_seconds_since_midnight
28
1.0,1.0,1.0,1.0,1.0,1.0,1.0,1.0,1.0,1.0,1.0,1.0,1.0,1.0,1.0,1.0,1.0,1.0,1.0,1.0,1.0,1.0,1.0,1.0,1.0,1.0,1.0,1.0
99999,99999,99999,99999,99999,99999,99999,99999,99999,99999,99999,99999,99999,99999,99999,99999,99999,99999,99999,99999,99999,99999,99999,99999,99999,99999,99999,99999
TIME_STOP,s,End time of 100 m altitude bin in UTC seconds since midnight,
TIME_MID,s,Mid time of 100 m altitude in UTC seconds since midnight,
GPSAlt,m,GPS reported altitude above sea level (m),
GPS_Lon,deg,GPS reported longitude,
GPS_Lat,deg,GPS reported latitude,
iMet_Pressure,mb,Pressure reported (mB),
iMet_Temperature,degrees C,Ambient temperature (oC),
THETA,K,Potential temperature from iMet,
Aerosol_concentration,cm^-3,Aerosol concentration,
Surface_Area_Conc,um^2 cm^-3,Surface area concentration,
Volume_density,um^3 cm^-3,Volume density,
Effective_radius,um,Effective radius,
Extinction,km^-1,Extinction,
Bin01,cm^-3,particle concentration in size range [140 - 170 nm],
Bin02,cm^-3,particle concentration in size range [170 - 205 nm],
Bin03,cm^-3,particle concentration in size range [205 - 249 nm],
Bin04,cm^-3,particle concentration in size range [249 - 302 nm],
Bin05,cm^-3,particle concentration in size range [302 - 366 nm],
Bin06,cm^-3,particle concentration in size range [366 - 443 nm],
Bin07,cm^-3,particle concentration in size range [443 - 537 nm],
Bin08,cm^-3,particle concentration in size range [537 - 651 nm],
Bin09,cm^-3,particle concentration in size range [651 - 789 nm],
Bin10,cm^-3,particle concentration in size range [789 - 956 nm],
Bin11,cm^-3,particle concentration in size range [956 - 1159 nm],
Bin12,cm^-3,particle concentration in size range [1159 - 1404 nm],
Bin13,cm^-3,particle concentration in size range [1404 - 1702 nm],
Bin14,cm^-3,particle concentration in size range [1702 - 2062 nm],
Bin15,cm^-3,particle concentration in size range [2062 - 2500 nm],
0
19
PI_CONTACT_INFO: 325 Broadway R/CSL6, Boulder, CO 80305; troy.thornberry@noaa.gov; 303-497-3373 
PLATFORM: GML ECC/FPH balloon
LOCATION: Boulder, CO, USA
ASSOCIATED_DATA: N/A
INSTRUMENT_INFO: Printed Optical Particle Spectrometer counts particles from 140 - 2500 nm in diameter 
DATA_INFO: Particle concentrations reported in number per cubic centimeter, binned to 100 m altitude
UNCERTAINTY: Counting uncertainty dominated by air flow, less than 5 percent
ULOD_FLAG: -77777
ULOD_VALUE: 3000 ~3000 per cm3 (varies depending on flow rate- manufacturer quotes 1250  per cm3 at 1.667 cc/s)
LLOD_FLAG: -88888
LLOD_VALUE: 0 0 (varies depending on data field and measurement precision)
DM_CONTACT_INFO: Troy Thornberry, 325 Broadway R/CSL6, Boulder, CO 80305; troy.thornberry@noaa.gov; 303-497-3373
PROJECT_INFO: B2SAP Boulder, CO, USA
STIPULATIONS_ON_USE: Please contact the PIs for questions regarding applications and uncertainties
OTHER_COMMENTS: POPS bin Edges (nm):  140, 170, 205, 249, 302, 366, 443, 537, 651, 789, 956, 1159, 1404, 1702, 2062, 2500
Calculations assume sulfate refractive index of 1.45+0.00j and extinction wavelength = 532 nm
REVISION: R0
R0: QA/QC data
TIME_START,TIME_STOP,TIME_MID,GPSAlt,GPS_Lon,GPS_Lat,iMet_Pressure,iMet_Temperature,THETA,Aerosol_concentration,Surface_Area_Conc,Volume_density,Effective_radius,Extinction,Bin01,Bin02,Bin03,Bin04,Bin05,Bin06,Bin07,Bin08,Bin09,Bin10,Bin11,Bin12,Bin13,Bin14,Bin15
[from data line 382]
65975,66000,65988,16.6,-104.673,39.5256,98.7823,-63.9235,405.368,13.607,3.72075,276.935,0.223289,0.00172162,2.37602,2.7067,2.64546,2.20455,1.55543,0.857325,0.649118,0.416415,0.14697,0.0367425,0,0,0,0.0122475,0
66001,66026,66014,16.5,-104.672,39.5242,100.414,-63.8148,403.688,14.2042,3.75457,250.995,0.200551,0.00167661,2.6373,2.99563,2.39364,2.22164,1.66265,1.01766,0.716659,0.386996,0.128999,0.0286664,0.0143332,0,0,0,0
66027,66051,66039,16.4,-104.67,39.5226,102.096,-63.0876,403.175,14.3473,4.42921,370.224,0.250761,0.00220339,3.16935,2.40257,2.53889,2.06178,1.44836,1.15869,0.766779,0.477107,0.119277,0.102237,0.102237,0,0,0,0
66052,66077,66064,16.3,-104.667,39.521,103.806,-61.9446,403.444,14.473,3.54859,224.1,0.189455,0.00147237,2.92129,2.75818,2.83232,2.25399,1.69049,1.05285,0.548669,0.252091,0.103802,0.0593156,0,0,0,0,0
66078,66108,66093,16.2,-104.665,39.5185,105.63,-63.2854,398.897,14.5697,3.5267,215.267,0.183118,0.0014269,3.0828,2.86534,2.59671,2.20017,1.61175,1.17684,0.716335,0.204667,0.0895419,0.0255834,0,0,0,0,0
66109,66144,66126,16.1,-104.661,39.5138,107.41,-65.469,392.873,14.1862,3.6338,251.697,0.207797,0.0016449,3.2181,2.90473,2.61546,1.77177,1.55481,0.976279,0.650853,0.277215,0.0964226,0.108475,0.0120528,0,0,0,0
66145,66174,66160,16,-104.656,39.5094,109.186,-64.2588,393.302,15.3179,3.66946,252.324,0.206289,0.00152158,3.90566,3.03312,2.90847,1.96668,1.55118,0.85869,0.650943,0.263147,0.0969489,0.0415495,0.0415495,0,0,0,0
66175,66201,66188,15.9,-104.651,39.5061,110.925,-65.9652,388.335,15.6726,3.47955,222.135,0.191521,0.00128572,4.1731,3.2204,2.7105,2.18719,1.59678,0.858772,0.617243,0.214693,0.0536733,0,0.0402549,0,0,0,0
66202,66227,66214,15.8,-104.647,39.5031,112.733,-65.176,388.025,13.5556,3.12181,253.031,0.243158,0.00121444,3.43581,3.08934,2.23761,1.93445,1.28482,0.779553,0.548574,0.173234,0.0288723,0.0288723,0,0,0,0,0.0144362
66228,66251,66240,15.7,-104.642,39.5001,114.69,-64.7359,386.931,11.9496,3.20118,216.509,0.202903,0.00153485,2.68457,2.34081,2.07891,1.60419,1.08038,0.933052,0.654773,0.392864,0.147324,0.0327387,0,0,0,0,0
66252,66277,66264,15.6,-104.638,39.4969,116.55,-66.4704,381.955,12.6856,3.684,263.589,0.214649,0.00188249,2.68814,2.3106,2.3106,1.69142,1.05714,1.02693,0.891014,0.543669,0.0604077,0.105714,0,0,0,0,0
66278,66305,66292,15.5,-104.633,39.4927,118.552,-66.6115,379.844,11.5644,3.43851,276.745,0.241451,0.00173689,2.55281,2.30171,1.88322,1.81347,0.864886,0.711438,0.823036,0.390594,0.0697488,0.0976484,0.0557991,0,0,0,0
66306,66334,66320,15.4,-104.629,39.488,120.587,-66.662,377.904,13.3087,3.06118,185.919,0.182203,0.00125059,3.54124,2.7285,2.17699,1.75611,1.17558,0.914336,0.667611,0.275752,0.0580531,0.0145133,0,0,0,0,0
66335,66365,66350,15.3,-104.624,39.483,122.612,-65.5014,378.22,11.5193,2.56295,175.573,0.205513,0.000940475,3.08508,2.41333,2.13965,1.66694,0.957866,0.69663,0.298556,0.149278,0.0621991,0,0.0497593,0,0,0,0
66368,66397,66382,15.2,-104.618,39.4771,124.766,-66.7007,374.177,8.6177,2.30886,189.681,0.246461,0.00104665,2.38445,1.84017,1.39957,1.08855,0.49244,0.660907,0.388769,0.220302,0.0518358,0.0259179,0.0388769,0.0259179,0,0,0
66398,66425,66412,15.1,-104.613,39.472,126.689,-65.6432,374.452,8.31593,2.19445,201.882,0.27599,0.00103379,2.5528,1.84369,1.23772,0.966968,0.605967,0.425466,0.296537,0.219179,0.0902504,0.0257858,0.0257858,0.0128929,0,0.0128929,0
66426,66452,66439,15,-104.608,39.4675,128.705,-65.2458,373.474,8.38086,1.91434,128.207,0.200916,0.000836479,2.38266,1.85626,1.32985,1.08051,0.831159,0.360169,0.249348,0.152379,0.0692633,0.0692633,0,0,0,0,0
66453,66478,66466,14.9,-104.603,39.4633,130.879,-64.5133,373.005,8.07546,1.74089,117.124,0.201836,0.000749755,2.49242,1.89424,1.51539,0.757697,0.558303,0.378849,0.259212,0.0797576,0.0598182,0.0797576,0,0,0,0,0
66479,66504,66492,14.8,-104.598,39.4592,133.002,-65.1843,370.104,11.2765,2.44991,161.296,0.197513,0.000985433,3.22186,2.51805,2.17397,1.36069,0.828924,0.406642,0.422282,0.250241,0.0312801,0.0469202,0,0.0156401,0,0,0
66505,66529,66517,14.7,-104.593,39.4545,135.323,-64.0396,370.297,13.0986,2.81694,170.51,0.18159,0.00112434,3.87101,2.67114,2.28547,1.91408,0.771346,0.628504,0.628504,0.242831,0.0571367,0.0285684,0,0,0,0,0
66531,66550,66540,14.6,-104.588,39.4502,137.507,-64.3642,368.04,11.9501,2.31932,133.536,0.172726,0.000838727,3.76381,2.91695,1.86309,1.43025,0.922133,0.508114,0.225829,0.244648,0.0564571,0.018819,0,0,0,0,0
66556,66581,66568,14.5,-104.583,39.4457,139.79,-65.3859,364.524,10.8776,2.21398,140.908,0.190934,0.000741315,3.15222,2.36825,2.13959,1.42095,0.751306,0.489982,0.408318,0.0979964,0.0163327,0,0,0.0326655,0,0,0
66582,66606,66594,14.4,-104.578,39.442,141.734,-64.6987,364.288,8.93155,1.80063,107.649,0.179352,0.00065721,2.79409,1.88661,1.36123,1.28958,0.83584,0.382098,0.191049,0.119406,0.0238811,0.0477623,0,0,0,0,0
66607,66636,66622,14.3,-104.571,39.4369,144.571,-64.5656,362.456,7.88721,1.53929,82.8918,0.161552,0.000507201,2.28,1.74977,1.28581,1.20628,0.583256,0.424186,0.238605,0.106047,0.0132558,0,0,0,0,0,0
66637,66665,66651,14.2,-104.565,39.4328,146.952,-64.0338,361.693,8.37096,1.61583,105.131,0.19519,0.000550164,2.62208,2.00657,1.67419,0.947888,0.455479,0.320066,0.196964,0.0861717,0.0123102,0.0246205,0.0246205,0,0,0,0
66666,66695,66680,14.1,-104.56,39.429,149.447,-63.6237,360.666,7.33516,1.53707,97.4202,0.190141,0.000570492,1.9892,1.65352,1.46703,0.944868,0.584326,0.335677,0.19892,0.0745948,0.0621624,0.0124325,0.0124325,0,0,0,0
66696,66724,66710,14,-104.554,39.4259,151.917,-63.3938,359.365,7.16003,1.41268,79.7956,0.169455,0.000495887,2.08834,1.60158,1.31895,0.926407,0.580967,0.251229,0.251229,0.125615,0,0.0157018,0,0,0,0,0
66725,66754,66740,13.9,-104.549,39.4226,154.319,-63.1115,358.243,6.37217,1.51038,122.956,0.244221,0.000653273,2.00829,1.46469,1.1476,0.739897,0.362399,0.150999,0.211399,0.166099,0.0754997,0,0.0150999,0.0301999,0,0,0
66755,66781,66768,13.8,-104.544,39.4191,156.771,-61.9796,358.56,6.1143,1.53992,125.103,0.243719,0.000718233,1.83267,1.39477,1.10284,0.648732,0.308148,0.308148,0.243274,0.162183,0.0324366,0.0486549,0.0162183,0.0162183,0,0,0
66787,66813,66800,13.7,-104.538,39.4153,159.428,-62.0144,356.782,6.06329,1.21068,70.763,0.175347,0.000449648,1.92923,1.36181,0.988933,0.843025,0.259392,0.356664,0.16212,0.145908,0,0.016212,0,0,0,0,0
66816,66846,66831,13.6,-104.532,39.4116,162.078,-61.2876,356.322,6.40968,1.46841,112.997,0.230856,0.000596826,2.13118,1.38849,0.936426,0.774973,0.452068,0.30676,0.258324,0.0645811,0.0484358,0.0161453,0.0161453,0,0.0161453,0,0
66847,66875,66861,13.5,-104.526,39.4079,164.769,-60.9913,355.151,5.82718,1.45403,120.14,0.247877,0.00065836,1.92489,1.13744,0.962447,0.647464,0.472474,0.262486,0.192489,0.104994,0.0349981,0.0524971,0.017499,0.017499,0,0,0
66878,66905,66892,13.4,-104.52,39.4041,167.475,-60.7729,353.87,5.87836,1.33057,103.274,0.232848,0.000549036,1.79198,1.49052,1.0216,0.586161,0.401939,0.20097,0.20097,0.0837373,0.0502424,0.0167475,0.0167475,0.0167475,0,0,0
66906,66932,66919,13.3,-104.515,39.4006,170.097,-60.2575,353.15,5.77226,1.75008,149.781,0.256756,0.00093434,1.52323,1.40298,0.841788,0.541149,0.300638,0.320681,0.440936,0.300638,0.0200426,0.0400851,0.0400851,0,0,0,0
66933,66960,66946,13.2,-104.509,39.397,172.864,-60.0859,351.809,5.09764,1.27812,113.999,0.267578,0.000610084,1.76597,1.09235,0.691822,0.801057,0.254882,0.182058,0.0728234,0.0728234,0.0546175,0.0728234,0.0364117,0,0,0,0
66961,66987,66974,13.1,-104.504,39.3938,175.636,-59.3752,351.385,6.17805,1.59161,134.082,0.252729,0.000828762,2.11004,1.17858,0.988488,0.798394,0.456225,0.171084,0.171084,0.0380188,0.152075,0.0950469,0.0190094,0,0,0,0
66988,67017,67002,13,-104.499,39.3907,178.335,-58.6109,351.113,5.64117,1.39448,109.632,0.235856,0.000694083,1.93463,1.24757,0.79555,0.596662,0.379694,0.162726,0.253129,0.108484,0.108484,0.0361613,0.0180807,0,0,0,0
67017,67043,67030,12.9,-104.494,39.3871,181.387,-58.0405,350.333,5.53519,1.4667,123.998,0.253626,0.000707048,1.62466,1.24683,0.982354,0.510068,0.39672,0.283371,0.283371,0.0377829,0.0944571,0.0377829,0.0377829,0,0,0,0
67044,67071,67058,12.8,-104.489,39.3837,184.323,-57.1722,350.14,5.1015,1.2795,94.6334,0.221884,0.000656892,1.4772,1.1852,0.876015,0.53248,0.377889,0.171768,0.188944,0.154591,0.0858838,0.0515303,0,0,0,0,0
67072,67099,67086,12.7,-104.484,39.3807,187.267,-56.7309,349.275,5.43312,1.36502,102.891,0.226131,0.000669706,1.88531,1.14832,0.771262,0.445618,0.325644,0.308505,0.222809,0.257087,0.0342783,0.0171392,0.0171392,0,0,0,0
67100,67127,67114,12.6,-104.479,39.378,190.133,-55.8813,349.132,5.98468,1.45536,99.8828,0.205892,0.000686093,1.88043,1.11191,0.964744,0.703119,0.474196,0.261626,0.343383,0.179868,0.0163516,0.0490548,0,0,0,0,0
67128,67158,67143,12.5,-104.473,39.3747,193.151,-55.314,348.46,5.32805,1.35403,109.396,0.24238,0.000650231,1.7656,1.14061,0.781239,0.468744,0.421869,0.343745,0.156248,0.140623,0.0312496,0.0624991,0,0,0.0156248,0,0
67160,67190,67175,12.4,-104.467,39.371,196.359,-54.9948,347.337,6.08006,1.35825,106.235,0.234644,0.000598422,2.18073,1.29978,1.02538,0.66433,0.361049,0.158861,0.158861,0.0866517,0.0866517,0.0288839,0.0288839,0,0,0,0
67191,67222,67206,12.3,-104.461,39.3672,199.477,-54.7696,346.138,4.79746,1.04952,72.9854,0.208626,0.000470876,1.75171,0.994211,0.757494,0.489215,0.189374,0.299842,0.173592,0.0789057,0,0.0631245,0,0,0,0,0
67223,67256,67240,12.2,-104.456,39.3634,202.558,-54.1946,345.535,3.5204,1.03819,103.065,0.297821,0.000589342,1.0859,0.998323,0.613005,0.262717,0.0700578,0.122601,0.0875722,0.105087,0.0875722,0.0525433,0.0350289,0,0,0,0
67257,67288,67272,12.1,-104.45,39.3595,205.75,-53.4904,345.091,3.33952,0.809101,65.0415,0.241162,0.000387527,1.28069,0.551183,0.551183,0.356648,0.243169,0.0810563,0.0972676,0.0972676,0.0486338,0.0162113,0.0162113,0,0,0,0
67290,67325,67308,12,-104.445,39.3554,208.959,-52.75,344.73,3.22913,0.742303,54.8338,0.22161,0.000318931,1.20118,0.608387,0.452391,0.358793,0.202796,0.140397,0.140397,0.0935981,0.0155997,0,0.0155997,0,0,0,0
67326,67358,67342,11.9,-104.439,39.351,212.343,-51.9822,344.351,2.96828,0.592663,39.5873,0.200387,0.000260856,1.0339,0.833788,0.450245,0.250136,0.150082,0.066703,0.0833788,0.0333515,0.0500273,0.0166758,0,0,0,0,0
67359,67392,67376,11.8,-104.433,39.3468,215.601,-51.2536,343.987,3.19352,0.683367,51.4405,0.225825,0.000292573,1.31592,0.625866,0.513531,0.240718,0.192574,0.0802392,0.0641914,0.128383,0.0160478,0,0.0160478,0,0,0,0
67393,67425,67409,11.7,-104.428,39.3428,218.881,-50.5586,343.569,4.23888,1.12903,82.2466,0.218542,0.000623063,1.35964,1.05572,0.431885,0.383898,0.303919,0.127966,0.255932,0.207945,0.11197,0,0,0,0,0,0
67427,67461,67444,11.6,-104.423,39.3389,222.242,-49.8911,343.107,5.89522,2.40809,232.429,0.28956,0.00161295,1.60178,1.17244,0.56145,0.544936,0.363291,0.396317,0.528423,0.313751,0.247698,0.132106,0.0330264,0,0,0,0
67462,67495,67478,11.5,-104.417,39.3348,225.671,-49.4043,342.358,8.66718,4.62578,513.447,0.33299,0.00326662,2.12711,1.33341,0.888941,0.873067,0.571462,0.365101,0.746076,0.873067,0.539714,0.190487,0.111118,0.0476218,0,0,0
67496,67531,67514,11.4,-104.412,39.3308,229.092,-48.8114,341.795,9.71601,4.97044,532.37,0.321322,0.00353015,2.59516,1.3767,1.09186,0.601317,0.791206,0.53802,0.822855,1.07604,0.395603,0.300658,0.110769,0.0158241,0,0,0
67532,67565,67548,11.3,-104.407,39.3263,232.705,-48.0715,341.382,8.88762,4.97142,576.674,0.347994,0.0035198,2.12014,1.37385,1.01767,0.848055,0.6106,0.356183,0.746289,0.865016,0.440989,0.3053,0.203533,0,0,0,0
67566,67598,67582,11.2,-104.401,39.3216,236.104,-48.1107,339.915,5.47252,2.7163,285.528,0.315349,0.00197109,1.37207,0.820089,0.741235,0.410045,0.441587,0.268106,0.315419,0.583525,0.283877,0.189251,0.0473128,0,0,0,0
67601,67632,67616,11.1,-104.396,39.3167,239.733,-47.8735,338.797,5.00641,1.8439,195.43,0.317961,0.00106764,1.52738,1.0522,0.729748,0.356389,0.322447,0.203651,0.305476,0.271534,0.101825,0.0509127,0.0339418,0.0509127,0,0,0
67633,67664,67648,11,-104.391,39.3118,243.383,-46.9958,338.655,3.7802,0.970061,80.6375,0.249379,0.000497814,1.3332,0.843795,0.523153,0.303766,0.337518,0.101255,0.0843795,0.151883,0.0506277,0.0337518,0.0168759,0,0,0,0
67665,67695,67680,10.9,-104.386,39.3073,247.129,-46.0235,338.621,3.36564,0.87403,74.5655,0.255937,0.000441226,1.1948,0.723612,0.521674,0.269251,0.18511,0.18511,0.100969,0.0841409,0.0504845,0.0336564,0,0.0168282,0,0,0
67697,67725,67711,10.8,-104.381,39.3031,250.893,-45.1315,338.488,3.92343,0.84202,66.0904,0.235471,0.000383688,1.67668,0.871874,0.536538,0.234735,0.234735,0.117368,0.100601,0.0503004,0.0670672,0.0167668,0.0167668,0,0,0,0
67726,67756,67741,10.7,-104.376,39.2992,254.637,-44.5284,337.954,5.21536,1.03508,66.5406,0.192856,0.000427207,1.96445,1.25169,0.677997,0.521536,0.295537,0.208615,0.156461,0.0695382,0.0347691,0.0347691,0,0,0,0,0
67757,67787,67772,10.6,-104.371,39.2954,258.547,-43.9392,337.356,5.20271,1.35733,117.548,0.259807,0.000690265,1.73424,1.26455,0.849053,0.397429,0.325169,0.0541949,0.270974,0.18065,0.0541949,0.0361299,0.0361299,0,0,0,0
67788,67820,67804,10.5,-104.366,39.2918,262.342,-43.2573,336.943,4.37198,0.92176,62.8291,0.204486,0.000427663,1.57923,1.08053,0.615069,0.448834,0.232729,0.116364,0.116364,0.0664939,0.0997409,0.0166235,0,0,0,0,0
67821,67849,67835,10.4,-104.362,39.2882,266.249,-42.5085,336.62,6.42897,1.17979,77.0522,0.195931,0.000436212,2.8831,1.22614,0.944462,0.596502,0.248543,0.215404,0.149126,0.0994171,0.0497085,0,0.0165695,0,0,0,0
67851,67879,67865,10.3,-104.358,39.2847,270.088,-41.7616,336.335,7.59209,1.49927,106.153,0.212409,0.000614298,3.07462,1.68331,1.18519,0.61836,0.395063,0.25765,0.15459,0.10306,0.05153,0.05153,0.0171767,0,0,0,0
67882,67912,67897,10.2,-104.355,39.2811,274.13,-41.0663,335.919,6.67994,1.2736,83.3736,0.196388,0.000541489,2.74323,1.42505,1.10442,0.552208,0.39189,0.0712527,0.195945,0.0534395,0.106879,0.0356263,0,0,0,0,0
67913,67943,67928,10.1,-104.351,39.2772,278.332,-40.2096,335.688,5.563,1.06054,73.566,0.208101,0.000400105,2.13278,1.40408,0.799792,0.497648,0.355463,0.124412,0.0888658,0.0888658,0.0355463,0.0177732,0.0177732,0,0,0,0
67945,67976,67960,10,-104.347,39.273,282.423,-39.6293,335.128,5.2344,1.14659,95.6154,0.250173,0.000446231,2.09062,1.14748,0.675914,0.487287,0.361535,0.188627,0.125751,0.0785947,0.0314379,0,0.0314379,0.0157189,0,0,0
67977,68009,67993,9.9,-104.343,39.2685,286.524,-39.3544,334.146,6.26475,1.73293,142.587,0.246842,0.000976595,2.20368,1.44813,0.755548,0.362033,0.487958,0.26759,0.314812,0.173146,0.188887,0.0472217,0.0157406,0,0,0,0
68010,68044,68027,9.8,-104.339,39.2636,290.824,-38.6852,333.682,6.48146,2.16587,227.333,0.314884,0.00127976,2.24419,1.2241,0.784681,0.56497,0.408034,0.298179,0.423728,0.266792,0.156936,0.0627745,0.0313872,0,0,0.0156936,0
68045,68081,68063,9.7,-104.334,39.2587,295.141,-37.9703,333.284,6.41026,1.98944,196.972,0.297027,0.00111915,2.27273,1.38403,0.903264,0.524476,0.291375,0.276807,0.189394,0.305944,0.11655,0.0728438,0.0582751,0.0145688,0,0,0
68082,68115,68098,9.6,-104.33,39.2543,299.401,-37.2026,333.009,6.51955,1.85112,163.845,0.265533,0.00100201,2.46433,1.31015,0.795448,0.545896,0.280746,0.31194,0.374328,0.249552,0.0935821,0.0467911,0.0467911,0,0,0,0
68116,68151,68134,9.5,-104.325,39.2504,303.685,-36.5113,332.635,6.85198,1.93292,175.126,0.271806,0.00109467,2.33805,1.7434,0.946032,0.594649,0.202721,0.216236,0.310839,0.216236,0.162177,0.0810885,0.0405442,0,0,0,0
68152,68185,68168,9.4,-104.321,39.2467,308.043,-35.7675,332.328,6.75698,2.0737,181.054,0.261928,0.00124394,2.22741,1.45006,1.03149,0.553115,0.224236,0.209287,0.373727,0.433523,0.179389,0.0448472,0.0298981,0,0,0,0
68187,68221,68204,9.3,-104.317,39.2432,312.487,-34.8514,332.238,6.52069,1.68642,139.575,0.248292,0.000825254,2.29804,1.39319,0.818676,0.689412,0.459608,0.186716,0.301618,0.215441,0.114902,0,0.0287255,0.0143627,0,0,0
