api/data/B2SAP/Locations/Boulder/NOAA-POPS-B2SAP_GMLBalloon_20210201_R0.ict
61,1001
Thornberry, T. D.
NOAA Chemical Sciences Laboratory
Portable Optical Particle Spectrometer (POPS)
Balloon Baseline Stratospheric Aerosol Profiles (B2SAP)
1,1
2021,02,01,2024,05,30
0
TIME_START,s,Seconds since midnight UTC on flight start day,Start time of 100 m altitude bin in UTC_seconds_since_midnight
28
1.0,1.0,1.0,1.0,1.0,1.0,1.0,1.0,1.0,1.0,1.0,1.0,1.0,1.0,1.0,1.0,1.0,1.0,1.0,1.0,1.0,1.0,1.0,1.0,1.0,1.0,1.0,1.0
99999,99999,99999,99999,99999,99999,99999,99999,99999,99999,99999,99999,99999,99999,99999,99999,99999,99999,99999,99999,99999,99999,99999,99999,99999,99999,99999,99999
TIME_STOP,s,End time of 100 m altitude bin in UTC seconds since midnight,
TIME_MID,s,Mid time of 100 m altitude in UTC seconds since midnight,
GPSAlt,m,GPS reported altitude above sea level (m),
GPS_Lon,deg,GPS reported longitude,
GPS_Lat,deg,GPS reported latitude,
iMet_Pressure,mb,Pressure reported (mB),
iMet_Temperature,degrees C,Ambient temperature (oC),
THETA,K,Potential temperature from iMet,
Aerosol_concentration,cm^-3,Aerosol concentration,
Surface_Area_Conc,um^2 cm^-3,Surface area concentration,
Volume_density,um^3 cm^-3,Volume density,
Effective_radius,um,Effective radius,
Extinction,km^-1,Extinction,
Bin01,cm^-3,particle concentration in size range [140 - 170 nm],
Bin02,cm^-3,particle concentration in size range [170 - 205 nm],
Bin03,cm^-3,particle concentration in size range [205 - 249 nm],
Bin04,cm^-3,particle concentration in size range [249 - 302 nm],
Bin05,cm^-3,particle concentration in size range [302 - 366 nm],
Bin06,cm^-3,particle concentration in size range [366 - 443 nm],
Bin07,cm^-3,particle concentration in size range [443 - 537 nm],
Bin08,cm^-3,particle concentration in size range [537 - 651 nm],
Bin09,cm^-3,particle concentration in size range [651 - 789 nm],
Bin10,cm^-3,particle concentration in size range [789 - 956 nm],
Bin11,cm^-3,particle concentration in size range [956 - 1159 nm],
Bin12,cm^-3,particle concentration in size range [1159 - 1404 nm],
Bin13,cm^-3,particle concentration in size range [1404 - 1702 nm],
Bin14,cm^-3,particle concentration in size range [1702 - 2062 nm],
Bin15,cm^-3,particle concentration in size range [2062 - 2500 nm],
0
19
PI_CONTACT_INFO: 325 Broadway R/CSL6, Boulder, CO 80305; troy.thornberry@noaa.gov; 303-497-3373 
PLATFORM: GML ECC/FPH balloon
LOCATION: Boulder, CO, USA
ASSOCIATED_DATA: N/A
INSTRUMENT_INFO: Printed Optical Particle Spectrometer counts particles from 140 - 2500 nm in diameter 
DATA_INFO: Particle concentrations reported in number per cubic centimeter, binned to 100 m altitude
UNCERTAINTY: Counting uncertainty dominated by air flow, less than 5 percent
ULOD_FLAG: -77777
ULOD_VALUE: 3000 ~3000 per cm3 (varies depending on flow rate- manufacturer quotes 1250  per cm3 at 1.667 cc/s)
LLOD_FLAG: -88888
LLOD_VALUE: 0 0 (varies depending on data field and measurement precision)
DM_CONTACT_INFO: Troy Thornberry, 325 Broadway R/CSL6, Boulder, CO 80305; troy.thornberry@noaa.gov; 303-497-3373
PROJECT_INFO: B2SAP Boulder, CO, USA
STIPULATIONS_ON_USE: Please contact the PIs for questions regarding applications and uncertainties
OTHER_COMMENTS: POPS bin Edges (nm):  140, 170, 205, 249, 302, 366, 443, 537, 651, 789, 956, 1159, 1404, 1702, 2062, 2500
Calculations assume sulfate refractive index of 1.45+0.00j and extinction wavelength = 532 nm
REVISION: R0
R0: QA/QC data
TIME_START,TIME_STOP,TIME_MID,GPSAlt,GPS_Lon,GPS_Lat,iMet_Pressure,iMet_Temperature,THETA,Aerosol_concentration,Surface_Area_Conc,Volume_density,Effective_radius,Extinction,Bin01,Bin02,Bin03,Bin04,Bin05,Bin06,Bin07,Bin08,Bin09,Bin10,Bin11,Bin12,Bin13,Bin14,Bin15
[from data line 75]
63181,63198,63190,9.2,-104.985,39.915,310.136,-38.7206,327.553,3.72892,0.651371,57.356,0.264163,0.000235351,2.33058,0.673278,0.284848,0.0776859,0.155372,0,0.103581,0.0776859,0,0,0,0,0.0258953,0,0
63199,63215,63207,9.3,-104.979,39.9139,305.515,-39.4282,327.965,3.70487,0.539788,32.1659,0.178769,0.000194164,2.18367,0.858745,0.294427,0.0245356,0.147213,0.0490711,0.0736067,0.0490711,0,0.0245356,0,0,0,0,0
63216,63233,63224,9.4,-104.972,39.9124,301.083,-40.1111,328.384,3.79747,0.44505,21.457,0.144638,0.000123197,2.6397,0.671503,0.254708,0.0694658,0.0231553,0.0231553,0.0694658,0.0231553,0.0231553,0,0,0,0,0,0
63234,63248,63241,9.5,-104.964,39.9108,296.811,-40.8413,328.692,3.6688,0.508078,24.6348,0.145459,0.000141928,2.10046,0.86819,0.168037,0.112025,0.196043,0.140031,0.0280061,0.0560123,0,0,0,0,0,0,0
63250,63266,63258,9.6,-104.956,39.9091,292.139,-41.6825,328.986,3.4117,0.379671,16.3021,0.128812,7.58672e-05,2.16161,0.755261,0.208348,0.104174,0.156261,0,0,0,0.0260435,0,0,0,0,0,0
63267,63286,63276,9.7,-104.947,39.9075,288.03,-42.3095,329.422,3.99277,1.15958,175.592,0.454283,0.000607459,2.58479,0.672466,0.189131,0.0840583,0.147102,0.0420291,0.0420291,0.0840583,0.0210146,0.0420291,0.0210146,0.0420291,0,0.0210146,0
63287,63303,63295,9.8,-104.938,39.9055,283.887,-43.0618,329.72,5.3982,2.50989,544.764,0.651142,0.0013514,3.27391,0.924692,0.424859,0.14995,0.124958,0.0249917,0.0249917,0.14995,0.0499834,0.0249917,0.0499834,0,0.124958,0,0.0499834
63304,63323,63314,9.9,-104.927,39.9037,279.617,-43.7953,330.093,3.98623,0.940785,139.721,0.445545,0.000417735,2.67963,0.642225,0.199311,0.0664371,0.132874,0.0664371,0.0885828,0.0442914,0,0,0.0221457,0.0221457,0,0.0221457,0
63324,63339,63332,10,-104.917,39.9021,275.529,-44.5637,330.37,4.33207,0.801929,67.3414,0.251923,0.000343242,2.73744,0.744159,0.18604,0.239194,0.0797314,0.132886,0.0531542,0.0531542,0.0797314,0,0,0.0265771,0,0,0
63340,63361,63350,10.1,-104.906,39.9003,271.25,-45.1136,331.05,3.91715,1.66909,321.817,0.578431,0.000970909,2.40021,0.614455,0.153614,0.172815,0.0768069,0.134412,0,0.153614,0.0384034,0.0576051,0.0192017,0.0192017,0.0384034,0.0192017,0.0192017
63362,63381,63372,10.2,-104.893,39.8986,267.091,-45.892,331.389,4.14905,2.15175,427.879,0.596555,0.00123412,2.47673,0.677396,0.254023,0.105843,0.0846745,0.0211686,0.127012,0.0635059,0.0846745,0.0423372,0.0423372,0.0846745,0.0423372,0.0211686,0.0211686
63382,63401,63392,10.3,-104.881,39.8969,263.034,-46.818,331.482,2.70849,0.716103,158.405,0.663612,0.000335126,1.96205,0.426533,0.149287,0.0426533,0.0213267,0,0.0426533,0.0213267,0,0,0,0.0213267,0,0,0.0213267
63402,63420,63411,10.4,-104.869,39.8954,258.992,-47.7695,331.549,3.78836,2.12886,495.149,0.697768,0.00127634,2.43537,0.608844,0.225498,0.0901991,0,0.0225498,0.0450995,0.0676493,0.112749,0,0,0.0676493,0.0225498,0.0676493,0.0225498
63421,63440,63430,10.5,-104.857,39.8936,255.261,-48.5375,331.788,3.0194,0.49866,43.141,0.259542,0.000152062,1.75596,0.66384,0.25697,0.0214142,0.214142,0.0214142,0.0214142,0.0428284,0,0,0,0,0.0214142,0,0
63441,63460,63450,10.6,-104.845,39.8919,251.557,-49.388,331.924,3.45545,0.967134,133.148,0.413018,0.000403662,2.11646,0.712686,0.151176,0.107983,0.0431931,0.129579,0.0431931,0.0431931,0,0,0.0431931,0.0215966,0.0431931,0,0
63461,63478,63470,10.7,-104.833,39.8906,247.671,-50.3306,331.998,2.78145,0.447313,42.9192,0.287847,0.000163493,1.99017,0.455582,0.11989,0.0719339,0.0719339,0,0,0.023978,0,0.023978,0,0.023978,0,0,0
63479,63497,63488,10.8,-104.822,39.8891,243.819,-51.2188,332.155,3.03892,0.30177,10.3405,0.102799,3.39738e-05,2.06851,0.561817,0.229834,0.0510743,0.0766114,0.0510743,0,0,0,0,0,0,0,0,0
63498,63518,63508,10.9,-104.809,39.8871,240.01,-52.1762,332.21,3.06645,0.803824,127.749,0.476778,0.000358501,2.00977,0.455824,0.186473,0.124316,0.0414385,0.103596,0.0621578,0.0207193,0,0,0,0.0414385,0,0.0207193,0
63519,63532,63526,11,-104.798,39.885,236.286,-53.174,332.199,2.91488,0.338455,15.2714,0.135363,8.78799e-05,2.21879,0.348046,0.0870114,0.0870114,0.0435057,0,0.130517,0,0,0,0,0,0,0,0
63533,63552,63542,11.1,-104.788,39.8837,232.887,-54.0312,332.277,2.37439,0.276187,12.5678,0.136514,7.10411e-05,1.60013,0.490363,0.154852,0,0.0258086,0.0258086,0.0516172,0.0258086,0,0,0,0,0,0,0
63553,63574,63564,11.2,-104.775,39.8815,229.328,-54.855,332.483,2.46334,0.233285,7.39718,0.0951263,1.89934e-05,1.64956,0.505864,0.153959,0.0879764,0.0659823,0,0,0,0,0,0,0,0,0,0
63575,63595,63585,11.3,-104.761,39.8791,225.521,-55.85,332.551,2.7073,0.31702,14.1521,0.133923,7.58209e-05,1.7419,0.545657,0.230855,0.0419736,0.0629604,0.0209868,0.0209868,0.0419736,0,0,0,0,0,0,0
63596,63621,63608,11.4,-104.746,39.8762,222.052,-56.5352,332.98,2.77043,0.33736,16.2947,0.144902,9.57161e-05,1.87048,0.441151,0.264691,0.0529381,0.0529381,0,0.017646,0.0705842,0,0,0,0,0,0,0
63622,63642,63632,11.5,-104.731,39.8729,218.698,-57.2724,333.295,3.91216,0.484114,33.863,0.209845,0.000117979,2.65018,0.862359,0.210331,0.0841326,0.0210331,0,0.0420663,0.0210331,0,0,0.0210331,0,0,0,0
63643,63670,63656,11.6,-104.715,39.8694,215.113,-57.9015,333.894,3.79716,0.431671,20.4187,0.141904,9.40476e-05,2.43495,0.78327,0.28947,0.153249,0.0681105,0.0170276,0.0340552,0,0,0.0170276,0,0,0,0,0
63671,63700,63686,11.7,-104.696,39.8651,211.53,-58.69,334.267,3.18464,0.519196,48.812,0.282044,0.000182031,1.94447,0.796161,0.244973,0.0306216,0.0765539,0,0.0306216,0,0.0153108,0.0153108,0.0153108,0.0153108,0,0,0
63701,63726,63714,11.8,-104.676,39.861,208.12,-59.4028,334.711,2.26345,0.340068,28.0621,0.247558,9.57113e-05,1.49709,0.356449,0.196047,0.0891123,0.0356449,0.0356449,0.0178225,0.0178225,0,0,0,0.0178225,0,0,0
63727,63751,63739,11.9,-104.658,39.8573,204.906,-60.2048,334.945,2.70096,0.250073,7.83078,0.0939419,1.98427e-05,1.78872,0.590277,0.250421,0.0178872,0.0357744,0.0178872,0,0,0,0,0,0,0,0,0
63752,63773,63762,12,-104.641,39.8539,201.608,-60.7882,335.575,2.77824,0.293911,11.5974,0.118377,5.22956e-05,1.96111,0.449422,0.142998,0.102141,0.0817131,0,0.0204283,0.0204283,0,0,0,0,0,0,0
63774,63796,63785,12.1,-104.625,39.8504,198.439,-61.3704,336.17,3.95729,0.722205,97.7441,0.406024,0.000257791,2.5793,0.724325,0.30033,0.0706659,0.141332,0.0706659,0.0176665,0.0176665,0,0,0,0,0.0176665,0.0176665,0
63797,63811,63804,12.2,-104.612,39.847,195.339,-61.9567,336.753,4.83904,0.503424,18.6327,0.111036,7.24527e-05,3.06301,1.15828,0.257396,0.180177,0.102958,0.0514792,0,0.0257396,0,0,0,0,0,0,0
63812,63836,63824,12.3,-104.599,39.8433,192.03,-62.3988,337.698,5.55366,0.76612,48.338,0.189284,0.000207924,3.2513,1.15118,0.57559,0.248904,0.155565,0.031113,0.0777824,0.031113,0,0.0155565,0,0.0155565,0,0,0
63837,63862,63850,12.4,-104.582,39.839,188.905,-62.9369,338.414,5.40284,0.696494,36.4546,0.15702,0.000204357,3.44226,0.927912,0.523822,0.194562,0.119731,0.044899,0.089798,0.0149663,0.0299327,0.0149663,0,0,0,0,0
63863,63883,63873,12.5,-104.567,39.835,186.016,-63.5376,338.932,5.30615,0.769109,50.4018,0.196598,0.000234058,3.02675,1.21444,0.467091,0.261571,0.112102,0.0934182,0.0373673,0.0373673,0.0373673,0,0.0186836,0,0,0,0
63884,63909,63896,12.6,-104.553,39.8315,182.803,-63.9473,339.962,6.65417,0.861621,48.0325,0.16724,0.000211065,4.0438,1.38817,0.497931,0.271599,0.286688,0,0.120711,0.0150888,0.0150888,0,0.0150888,0,0,0,0
63910,63938,63924,12.7,-104.536,39.8273,179.758,-64.5069,340.688,6.68426,0.944095,64.8857,0.206184,0.000283811,4.26712,1.33685,0.472624,0.216057,0.0945248,0.0945248,0.0675177,0.0945248,0.0135035,0,0,0.0270071,0,0,0
63939,63968,63954,12.8,-104.518,39.8229,176.823,-64.857,341.716,6.2405,0.844752,51.2707,0.18208,0.000238758,3.88731,1.14409,0.585047,0.208017,0.208017,0.0520042,0.0910073,0.013001,0.0260021,0.013001,0,0.013001,0,0,0
63969,63994,63982,12.9,-104.5,39.8186,173.969,-64.7162,343.536,7.21056,0.918586,54.6858,0.178598,0.000249697,4.76707,1.42412,0.509686,0.119926,0.104935,0.0899447,0.119926,0.0449723,0,0.0149908,0,0.0149908,0,0,0
63995,64016,64006,13,-104.485,39.815,171.25,-64.729,345.068,7.40098,0.851621,37.2871,0.131351,0.000196779,4.66746,1.76657,0.446291,0.130168,0.185954,0.0185954,0.0929772,0.0929772,0,0,0,0,0,0,0
64018,64043,64030,13.1,-104.471,39.8108,168.342,-64.8677,346.535,7.03882,0.886235,44.1837,0.149567,0.000252604,4.27732,1.54584,0.615334,0.210114,0.180098,0.0300163,0.0600326,0.0600326,0.0600326,0,0,0,0,0,0
64044,64069,64056,13.2,-104.457,39.8064,165.661,-64.785,348.262,7.55337,0.879926,38.1938,0.130217,0.000191249,4.72462,1.59493,0.571769,0.285884,0.135419,0.120372,0.0451397,0.0601862,0.0150466,0,0,0,0,0,0
64070,64090,64080,13.3,-104.446,39.8025,163.038,-65.0614,349.385,7.43386,1.22886,94.791,0.231411,0.000460384,4.14438,1.8213,0.650463,0.223016,0.223016,0.0371693,0.148677,0.0743386,0.055754,0.0185847,0.0185847,0.0185847,0,0,0
64092,64111,64102,13.4,-104.436,39.7993,160.18,-64.8495,351.52,7.07563,0.822533,35.4279,0.129215,0.000180472,4.28262,1.67581,0.614462,0.167581,0.0931003,0.0931003,0.0744803,0.0744803,0,0,0,0,0,0,0
64113,64134,64124,13.5,-104.427,39.7962,157.646,-65.3465,352.283,7.25106,1.07718,74.7327,0.208134,0.000319378,4.33357,1.51846,0.580085,0.25592,0.187674,0.153552,0.13649,0.0341226,0.0170613,0,0.0170613,0.0170613,0,0,0
64136,64161,64148,13.6,-104.416,39.7931,155.063,-64.5454,355.311,8.14367,1.25557,74.2674,0.177451,0.000472119,4.49254,1.9082,0.631059,0.31553,0.330555,0.135227,0.135227,0.0751261,0.105177,0.0150252,0,0,0,0,0
64162,64187,64174,13.7,-104.405,39.7901,152.495,-63.4888,358.813,8.49958,1.16157,66.8186,0.172574,0.000312292,4.77353,1.99022,0.837987,0.269353,0.299281,0.134677,0.104748,0.0448922,0.0149641,0.0149641,0,0.0149641,0,0,0
64188,64210,64199,13.8,-104.395,39.7876,150.017,-62.887,361.544,8.91166,1.38578,85.5384,0.185177,0.000476215,4.75288,2.1289,0.858159,0.346564,0.313558,0.0825153,0.21454,0.165031,0.0330061,0,0,0.0165031,0,0,0
64211,64233,64222,13.9,-104.385,39.7847,147.591,-62.7865,363.401,8.152,1.26008,80.5299,0.191726,0.000440766,4.3839,1.8474,0.953022,0.337223,0.190604,0.117295,0.131957,0.102633,0.0586475,0.0146619,0,0.0146619,0,0,0
64234,64258,64246,14,-104.376,39.7816,145.198,-62.5604,365.49,8.44111,1.18722,63.108,0.159468,0.000370371,4.65067,2.05651,0.698945,0.32259,0.282266,0.188178,0.10753,0.0672063,0.053765,0.0134413,0,0,0,0,0
64259,64283,64271,14.1,-104.365,39.7784,142.815,-62.7196,366.945,8.12141,1.23539,94.3789,0.229189,0.000395659,4.56037,2.08313,0.689686,0.337805,0.126677,0.0985266,0.0703761,0.0563009,0.0422257,0.0140752,0.0281505,0,0.0140752,0,0
64284,64308,64296,14.2,-104.355,39.7754,140.498,-62.6976,368.709,8.18979,1.16947,68.4102,0.17549,0.000398189,4.6625,1.89203,0.716269,0.351377,0.216232,0.054058,0.162174,0.0675725,0.0135145,0.054058,0,0,0,0,0
64309,64334,64322,14.3,-104.345,39.7728,138.193,-62.8912,370.11,8.32269,1.17017,71.0481,0.182148,0.000305148,4.63951,1.91267,0.749559,0.426473,0.232622,0.168005,0.116311,0.0387703,0.0129234,0,0.0129234,0.0129234,0,0,0
64335,64360,64348,14.4,-104.334,39.7704,135.962,-63.2792,371.144,7.78129,0.944285,39.5275,0.125579,0.000188918,4.42414,1.71761,0.806755,0.273256,0.338317,0.0910853,0.0910853,0.0390366,0,0,0,0,0,0,0
64361,64387,64374,14.5,-104.323,39.768,133.811,-62.536,374.168,8.43783,1.21588,72.3105,0.178415,0.000380821,4.74292,1.8273,0.900214,0.322465,0.268721,0.0940522,0.174668,0.0268721,0.0537441,0.013436,0.013436,0,0,0,0
64388,64415,64402,14.6,-104.311,39.7655,131.663,-61.2414,378.213,8.15211,1.27249,73.7914,0.17397,0.00045771,4.02824,2.17549,0.77696,0.382504,0.322737,0.119532,0.167345,0.0956259,0.0597662,0.0239065,0,0,0,0,0
64416,64442,64429,14.7,-104.299,39.7632,129.53,-60.723,380.906,6.51295,0.90432,54.872,0.182033,0.000272475,3.79922,1.48022,0.604422,0.222032,0.148022,0.0616757,0.0740108,0.086346,0.0123351,0.0123351,0,0.0123351,0,0,0
64443,64469,64456,14.8,-104.288,39.7607,127.565,-60.2167,383.482,7.00632,0.873711,40.5704,0.139304,0.000206814,3.97581,1.72378,0.597761,0.264127,0.19462,0.09731,0.111211,0.0278029,0,0.0139014,0,0,0,0,0
64469,64494,64482,14.9,-104.278,39.7577,125.461,-60.2181,385.317,7.4233,0.954187,49.7017,0.156264,0.000271427,4.34096,1.74666,0.654997,0.256862,0.205489,0.0385292,0.0770585,0.0513723,0.0256862,0.0256862,0,0,0,0,0
64495,64520,64508,15,-104.268,39.7551,123.425,-60.4046,386.777,6.70694,0.8675,41.7324,0.144319,0.000239714,4.02673,1.41064,0.602727,0.205184,0.153888,0.0641199,0.19236,0.025648,0.025648,0,0,0,0,0,0
64521,64546,64534,15.1,-104.257,39.7525,121.488,-60.95,387.528,6.33221,0.74126,30.4752,0.123338,0.000141934,3.52529,1.70278,0.505513,0.266059,0.146333,0.0931208,0.0532119,0.0399089,0,0,0,0,0,0,0
64547,64568,64558,15.2,-104.247,39.7496,119.565,-61.3041,388.658,5.9601,0.753123,33.9708,0.13532,0.00017918,3.32128,1.39524,0.667289,0.166822,0.166822,0.0909939,0.121325,0.0151656,0.0151656,0,0,0,0,0,0
64569,64592,64580,15.3,-104.239,39.7466,117.677,-61.3254,390.388,6.90873,0.992093,50.0769,0.151428,0.000300574,3.84595,1.48244,0.573396,0.307676,0.293691,0.139853,0.167823,0.0839117,0.0139853,0,0,0,0,0,0
64593,64616,64604,15.4,-104.231,39.7437,115.69,-61.7563,391.488,7.25455,0.951574,44.1559,0.139209,0.000241657,3.91383,1.81713,0.698897,0.265581,0.237625,0.111824,0.153757,0.0419338,0.0139779,0,0,0,0,0,0
64617,64642,64630,15.5,-104.224,39.7407,113.876,-62.1638,392.507,6.32758,0.829113,42.4487,0.153593,0.000238671,3.43497,1.80788,0.516537,0.193701,0.103307,0.103307,0.0774806,0.0516537,0.0258269,0.0129134,0,0,0,0,0
64643,64669,64656,15.6,-104.217,39.7374,112.022,-62.8115,393.143,7.08525,0.867254,41.03,0.141931,0.000207307,3.893,1.88161,0.752646,0.220603,0.129767,0.103813,0.0259533,0.03893,0.0259533,0.0129767,0,0,0,0,0
64670,64695,64682,15.7,-104.21,39.7343,110.152,-63.5183,393.705,6.58872,0.848078,45.5194,0.161021,0.000192013,3.61817,1.61902,0.746159,0.239334,0.154863,0.0844708,0.0703923,0.0422354,0,0,0.0140785,0,0,0,0
64696,64721,64708,15.8,-104.203,39.7319,108.408,-64.2075,394.209,6.4279,0.830981,39.3642,0.142112,0.000215603,3.50229,1.56126,0.675141,0.295374,0.182851,0.0421963,0.0843926,0.0562618,0.0281309,0,0,0,0,0,0
64722,64748,64735,15.9,-104.196,39.73,106.635,-64.8641,394.828,6.43307,0.896008,44.4733,0.148905,0.000248112,3.23542,1.67436,0.692405,0.30214,0.226605,0.0755351,0.176249,0.0377676,0,0.0125892,0,0,0,0,0
64749,64772,64760,16,-104.189,39.7284,104.87,-65.3608,395.763,6.99261,1.13062,71.4655,0.189628,0.000382391,3.3621,1.83644,0.706324,0.452047,0.183644,0.169518,0.127138,0.113012,0.0141265,0.0141265,0,0.0141265,0,0,0
64773,64795,64784,16.1,-104.182,39.7267,103.131,-65.4643,397.464,7.71522,1.29859,92.7869,0.214355,0.000433703,3.75247,1.84389,0.873421,0.549932,0.274966,0.14557,0.14557,0.0323489,0.0485234,0.0161745,0,0.0323489,0,0,0
64796,64819,64808,16.2,-104.174,39.7247,101.473,-65.2659,399.693,7.1887,1.19612,69.2328,0.173643,0.00043994,3.49343,1.59921,0.838423,0.403685,0.326054,0.155264,0.232895,0.0776318,0.0465791,0.0155264,0,0,0,0,0
64820,64843,64832,16.3,-104.168,39.7225,99.7845,-65.2105,401.714,7.40747,1.16295,62.4064,0.160987,0.000391257,3.54533,1.88581,0.829758,0.286644,0.34699,0.181038,0.181038,0.120692,0.030173,0,0,0,0,0,0
64843,64865,64854,16.4,-104.161,39.7198,98.107,-65.649,402.817,7.30909,1.25634,84.9899,0.202947,0.000490188,3.50353,1.88768,0.875882,0.302028,0.241623,0.120811,0.166116,0.135913,0.0302028,0.0302028,0.0151014,0,0,0,0
64866,64886,64876,16.5,-104.156,39.7173,96.5335,-65.9955,404.009,7.83031,1.35556,87.2785,0.193157,0.000578159,4.03656,1.71478,0.849802,0.409726,0.2428,0.1214,0.21245,0.106225,0.106225,0.0303501,0,0,0,0,0
64887,64911,64899,16.6,-104.15,39.7147,94.9441,-66.4741,404.985,7.63119,1.13324,65.0717,0.172262,0.000324774,3.77412,1.97692,0.788003,0.428563,0.262668,0.138246,0.193545,0.0276492,0.0276492,0,0,0.0138246,0,0,0
64912,64935,64924,16.7,-104.145,39.7122,93.3225,-66.8571,406.235,7.01178,1.04985,55.706,0.159183,0.000326237,3.27889,1.82861,0.920611,0.315278,0.302667,0.138722,0.100889,0.0882778,0.0252222,0.0126111,0,0,0,0,0
