api/data/B2SAP/Locations/Boulder/NOAA-POPS-B2SAP_GMLBalloon_20201106_R0.ict
61,1001
Thornberry, T. D.
NOAA Chemical Sciences Laboratory
Portable Optical Particle Spectrometer (POPS)
Balloon Baseline Stratospheric Aerosol Profiles (B2SAP)
1,1
2020,11,06,2024,05,30
0
TIME_START,s,Seconds since midnight UTC on flight start day,Start time of 100 m altitude bin in UTC_seconds_since_midnight
28
1.0,1.0,1.0,1.0,1.0,1.0,1.0,1.0,1.0,1.0,1.0,1.0,1.0,1.0,1.0,1.0,1.0,1.0,1.0,1.0,1.0,1.0,1.0,1.0,1.0,1.0,1.0,1.0
99999,99999,99999,99999,99999,99999,99999,99999,99999,99999,99999,99999,99999,99999,99999,99999,99999,99999,99999,99999,99999,99999,99999,99999,99999,99999,99999,99999
TIME_STOP,s,End time of 100 m altitude bin in UTC seconds since midnight,
TIME_MID,s,Mid time of 100 m altitude in UTC seconds since midnight,
GPSAlt,m,GPS reported altitude above sea level (m),
GPS_Lon,deg,GPS reported longitude,
GPS_Lat,deg,GPS reported latitude,
iMet_Pressure,mb,Pressure reported (mB),
iMet_Temperature,degrees C,Ambient temperature (oC),
THETA,K,Potential temperature from iMet,
Aerosol_concentration,cm^-3,Aerosol concentration,
Surface_Area_Conc,um^2 cm^-3,Surface area concentration,
Volume_density,um^3 cm^-3,Volume density,
Effective_radius,um,Effective radius,
Extinction,km^-1,Extinction,
Bin01,cm^-3,particle concentration in size range [140 - 170 nm],
Bin02,cm^-3,particle concentration in size range [170 - 205 nm],
Bin03,cm^-3,particle concentration in size range [205 - 249 nm],
Bin04,cm^-3,particle concentration in size range [249 - 302 nm],
Bin05,cm^-3,particle concentration in size range [302 - 366 nm],
Bin06,cm^-3,particle concentration in size range [366 - 443 nm],
Bin07,cm^-3,particle concentration in size range [443 - 537 nm],
Bin08,cm^-3,particle concentration in size range [537 - 651 nm],
Bin09,cm^-3,particle concentration in size range [651 - 789 nm],
Bin10,cm^-3,particle concentration in size range [789 - 956 nm],
Bin11,cm^-3,particle concentration in size range [956 - 1159 nm],
Bin12,cm^-3,particle concentration in size range [1159 - 1404 nm],
Bin13,cm^-3,particle concentration in size range [1404 - 1702 nm],
Bin14,cm^-3,particle concentration in size range [1702 - 2062 nm],
Bin15,cm^-3,particle concentration in size range [2062 - 2500 nm],
0
19
PI_CONTACT_INFO: 325 Broadway R/CSL6, Boulder, CO 80305; troy.thornberry@noaa.gov; 303-497-3373 
PLATFORM: GML ECC/FPH balloon
LOCATION: Boulder, CO, USA
ASSOCIATED_DATA: N/A
INSTRUMENT_INFO: Printed Optical Particle Spectrometer counts particles from 140 - 2500 nm in diameter 
DATA_INFO: Particle concentrations reported in number per cubic centimeter, binned to 100 m altitude
UNCERTAINTY: Counting uncertainty dominated by air flow, less than 5 percent
ULOD_FLAG: -77777
ULOD_VALUE: 3000 ~3000 per cm3 (varies depending on flow rate- manufacturer quotes 1250  per cm3 at 1.667 cc/s)
LLOD_FLAG: -88888
LLOD_VALUE: 0 0 (varies depending on data field and measurement precision)
DM_CONTACT_INFO: Troy Thornberry, 325 Broadway R/CSL6, Boulder, CO 80305; troy.thornberry@noaa.gov; 303-497-3373
PROJECT_INFO: B2SAP Boulder, CO, USA
STIPULATIONS_ON_USE: Please contact the PIs for questions regarding applications and uncertainties
OTHER_COMMENTS: POPS bin Edges (nm):  140, 170, 205, 249, 302, 366, 443, 537, 651, 789, 956, 1159, 1404, 1702, 2062, 2500
Calculations assume sulfate refractive index of 1.45+0.00j and extinction wavelength = 532 nm
REVISION: R0
R0: QA/QC data
TIME_START,TIME_STOP,TIME_MID,GPSAlt,GPS_Lon,GPS_Lat,iMet_Pressure,iMet_Temperature,THETA,Aerosol_concentration,Surface_Area_Conc,Volume_density,Effective_radius,Extinction,Bin01,Bin02,Bin03,Bin04,Bin05,Bin06,Bin07,Bin08,Bin09,Bin10,Bin11,Bin12,Bin13,Bin14,Bin15
[from data line 148]
63022,63038,63030,16.5,-104.715,40.3189,98.1781,-65.4681,403.086,12.0534,2.66454,243.848,0.274548,0.00113577,4.36415,3.21171,1.90814,0.69902,0.793483,0.377849,0.226709,0.340064,0.0188924,0.0566773,0,0.0188924,0.0188924,0.0188924,0
63039,63057,63048,16.6,-104.712,40.3196,96.4621,-65.9047,404.263,11.0502,2.27623,157.97,0.208199,0.000982863,3.92259,2.93397,1.78589,0.717546,0.589983,0.382691,0.366746,0.143509,0.143509,0.0478364,0,0.0159455,0,0,0
63058,63077,63068,16.7,-104.709,40.32,94.789,-66.1975,405.726,11.0939,2.13257,135.263,0.190282,0.000848547,4.4194,2.61835,1.67998,0.741612,0.529723,0.363239,0.469183,0.151349,0.105945,0,0.0151349,0,0,0,0
63078,63098,63088,16.8,-104.707,40.3204,93.219,-66.849,406.379,10.7569,2.05085,126.813,0.185503,0.000776614,3.65643,2.97369,1.82063,0.682736,0.71308,0.227579,0.39447,0.212407,0.0606876,0,0.0151719,0,0,0,0
63099,63117,63108,16.9,-104.704,40.3208,91.7117,-67.5628,406.857,11.8346,2.49169,180.912,0.217819,0.00105425,4.35567,3.08949,1.65448,0.877887,0.641533,0.320766,0.489591,0.270119,0.0675298,0.0337649,0,0.0168824,0.0168824,0,0
63118,63135,63126,17,-104.701,40.3212,90.2094,-68.2461,407.433,11.2749,2.32747,147.914,0.190654,0.00101122,4.33649,2.68693,1.4455,0.765264,0.69724,0.408141,0.629217,0.187064,0.0850293,0.0340117,0,0,0,0,0
63137,63154,63146,17.1,-104.699,40.322,88.63,-68.905,408.173,10.9318,2.19984,145.423,0.198318,0.000883317,4.19278,2.43143,1.60819,0.93811,0.689223,0.325467,0.478627,0.172306,0.0382902,0.0382902,0.0191451,0,0,0,0
63155,63173,63164,17.2,-104.696,40.3225,87.1328,-69.3311,409.304,10.079,2.13435,154.829,0.217625,0.000888014,3.58138,2.55813,1.43255,0.767438,0.852709,0.255813,0.289921,0.187596,0.0852709,0.0341083,0.0170542,0.0170542,0,0,0
63174,63195,63184,17.3,-104.694,40.3228,85.691,-69.636,410.655,10.5664,2.01278,128.178,0.191047,0.000773974,3.92202,2.69159,1.73799,0.676741,0.615219,0.261468,0.384512,0.215327,0.0153805,0.030761,0.0153805,0,0,0,0
63196,63217,63206,17.4,-104.691,40.3234,84.1545,-70.1764,411.68,10.0319,2.01053,136.953,0.204354,0.000840109,3.88963,2.56044,1.3152,0.685582,0.643607,0.279829,0.349787,0.195881,0.0419744,0.0559659,0,0.0139915,0,0,0
63218,63244,63231,17.5,-104.688,40.324,82.6864,-71.098,411.876,10.8074,2.10716,134.848,0.191986,0.000881309,3.83769,2.89684,1.70839,0.804678,0.656122,0.247593,0.321871,0.160936,0.123797,0.0495186,0,0,0,0,0
63245,63271,63258,17.6,-104.684,40.3248,81.2332,-71.7588,412.62,10.0459,2.11403,151.75,0.215347,0.000923534,3.7175,2.71042,1.38007,0.609222,0.634088,0.223796,0.372993,0.273528,0.0621655,0.0372993,0,0.0248662,0,0,0
63272,63300,63286,17.7,-104.679,40.3256,79.8269,-71.4781,415.256,9.97315,2.17189,157.16,0.217083,0.00092287,3.70567,2.44265,1.26303,0.679175,0.738752,0.405122,0.428953,0.190646,0.0595767,0.0238307,0.0238307,0.0119153,0,0,0
63301,63326,63314,17.8,-104.674,40.3264,78.4652,-70.942,418.416,9.56345,2.11184,162.317,0.23058,0.000937128,3.40226,2.49912,1.43514,0.66808,0.53199,0.371156,0.309296,0.173206,0.0742312,0.0618593,0.0247437,0.0123719,0,0,0
63327,63351,63339,17.9,-104.669,40.3273,77.187,-71.3757,419.483,9.05566,1.87601,130.73,0.209056,0.000760124,3.13984,2.22349,1.59013,0.633357,0.579455,0.269514,0.417746,0.0808541,0.0673785,0.0269514,0.0269514,0,0,0,0
63353,63373,63363,18,-104.664,40.3282,75.8126,-70.9968,422.426,9.59718,2.0812,143.515,0.206873,0.000917615,3.38341,2.50503,1.31758,0.569324,0.650656,0.422926,0.439193,0.17893,0.081332,0.0325328,0.0162664,0,0,0,0
63374,63395,63384,18.1,-104.659,40.3285,74.5764,-70.7918,424.857,8.42478,1.9455,150.926,0.232731,0.000859407,2.78482,2.29255,1.2377,0.56259,0.53446,0.26723,0.450072,0.182842,0.0421942,0.0281295,0.0140647,0.0281295,0,0,0
63396,63417,63406,18.2,-104.655,40.3288,73.2914,-71.1924,426.12,12.4124,6.33713,1292.73,0.611978,0.00350883,5.30214,2.63748,1.30514,0.870095,0.571,0.407857,0.503024,0.0951666,0.0815714,0.135952,0.0815714,0.0543809,0.190333,0.108762,0.0679762
63418,63441,63430,18.3,-104.65,40.3289,72.0023,-70.7432,429.238,8.18267,1.74756,120.34,0.206586,0.000709035,2.75281,2.08355,1.17437,0.656634,0.606124,0.340945,0.340945,0.151531,0.0378828,0.0126276,0.0252552,0,0,0,0
63443,63467,63455,18.4,-104.645,40.3294,70.7696,-69.7904,433.399,8.08299,1.68498,99.053,0.176357,0.000663845,2.73277,1.70654,1.31449,0.634186,0.657247,0.484288,0.35745,0.161429,0.034592,0,0,0,0,0,0
63468,63495,63482,18.5,-104.639,40.3302,69.5512,-69.1488,436.92,8.19483,1.748,102.379,0.175707,0.00069069,2.57612,1.83403,1.30396,0.720891,0.604276,0.508864,0.498263,0.127216,0.0212027,0,0,0,0,0,0
63496,63519,63508,18.6,-104.633,40.3308,68.464,-67.8055,441.785,7.48932,1.95026,138.463,0.212992,0.000897978,1.87575,1.80729,1.05426,0.67089,0.766731,0.602432,0.451824,0.177991,0.0273833,0.0410749,0,0.0136916,0,0,0
63520,63539,63530,18.7,-104.629,40.3307,67.3011,-66.0058,447.846,5.79844,1.35555,86.8952,0.19231,0.000620125,1.77533,1.37445,0.80176,0.486783,0.515417,0.243391,0.386563,0.157489,0.0572686,0,0,0,0,0,0
63540,63562,63551,18.8,-104.625,40.3299,66.1791,-65.3639,451.386,6.38264,1.48295,97.6961,0.197638,0.000616598,1.90773,1.36603,0.96564,0.600581,0.624133,0.388611,0.400387,0.0824327,0.0235522,0.0117761,0.0117761,0,0,0,0
63563,63583,63573,18.9,-104.622,40.3288,65.0362,-66.0386,452.18,6.13767,1.28964,76.6241,0.178246,0.000510631,2.01999,1.45025,0.751022,0.569741,0.660382,0.181281,0.38846,0.103589,0,0.0129487,0,0,0,0,0
63584,63604,63594,19,-104.619,40.3276,63.9815,-66.8355,452.54,6.64859,1.61341,104.712,0.194702,0.000717311,1.81573,1.39252,0.969301,0.709911,0.846432,0.300347,0.409564,0.136521,0.0409564,0.0273043,0,0,0,0,0
63605,63628,63616,19.1,-104.616,40.3268,62.8462,-67.2446,453.962,5.92825,1.50305,102.361,0.204307,0.000725836,1.62714,1.39957,0.864774,0.523416,0.477901,0.398251,0.432387,0.102407,0.0796502,0.0227572,0,0,0,0,0
63629,63651,63640,19.2,-104.614,40.3262,61.8319,-67.0543,456.501,5.98835,1.41159,89.0872,0.189333,0.000605119,1.53281,1.40291,0.883314,0.701455,0.610526,0.376707,0.311758,0.103919,0.0519596,0.0129899,0,0,0,0,0
63652,63676,63664,19.3,-104.612,40.3255,60.7522,-66.0774,460.97,5.56082,1.54582,107.581,0.208784,0.000708481,1.07438,1.13341,0.956319,0.613933,0.731997,0.46045,0.42503,0.0944512,0.0472256,0.0118064,0.0118064,0,0,0,0
63677,63700,63688,19.4,-104.611,40.325,59.7623,-66.2045,462.867,5.44663,1.51686,115.687,0.228802,0.000722036,1.33387,1.22271,0.728688,0.605181,0.56813,0.456974,0.259363,0.18526,0.0494026,0.0123506,0.0247013,0,0,0,0
63702,63721,63712,19.5,-104.61,40.3241,58.7468,-66.4132,464.661,5.21718,1.36997,87.4347,0.191467,0.000626443,1.16097,1.11797,0.816977,0.558984,0.558984,0.386989,0.458654,0.128996,0.0286658,0,0,0,0,0,0
63722,63743,63732,19.6,-104.609,40.323,57.7889,-66.6495,466.317,4.88706,1.15465,69.946,0.181733,0.000475083,1.18952,0.974546,0.888556,0.501604,0.673583,0.2723,0.243636,0.114652,0.0286631,0,0,0,0,0,0
63745,63767,63756,19.7,-104.609,40.3218,56.7945,-67.3432,467.063,5.0094,1.41215,95.4314,0.202736,0.000680501,1.09386,0.870118,0.720955,0.646374,0.758246,0.360478,0.335617,0.149163,0.0621513,0.0124303,0,0,0,0,0
63768,63794,63781,19.8,-104.608,40.3208,55.76,-67.746,468.596,5.11707,1.4557,106.744,0.219984,0.000665438,1.06286,0.98616,0.799885,0.591696,0.788928,0.306805,0.383507,0.142445,0.032872,0,0.0109573,0.0109573,0,0,0
63796,63819,63808,19.9,-104.608,40.3202,54.7935,-67.217,472.17,4.74869,1.30539,89.9796,0.206789,0.000592391,1.03284,0.902251,0.771662,0.5461,0.593586,0.368024,0.379895,0.118717,0.0237435,0,0.0118717,0,0,0,0
63820,63842,63831,20,-104.607,40.3205,53.9262,-66.8481,475.166,5.11464,1.36365,86.9326,0.19125,0.000615161,1.03851,1.10341,0.713973,0.623103,0.675029,0.428384,0.363477,0.129813,0.038944,0,0,0,0,0,0
63843,63864,63854,20.1,-104.606,40.3209,53.0086,-67.179,476.737,4.54083,1.12123,71.4047,0.191053,0.000485025,1.01486,0.975822,0.780658,0.533449,0.559471,0.286241,0.27323,0.0650548,0.0390329,0.013011,0,0,0,0,0
63866,63887,63876,20.2,-104.605,40.3211,52.1005,-66.7381,480.127,4.65938,1.28869,85.0681,0.198034,0.000611625,0.817664,0.999367,0.908515,0.454258,0.558088,0.389364,0.350427,0.116809,0.0648939,0,0,0,0,0,0
63888,63911,63900,20.3,-104.603,40.3211,51.2181,-65.21,486.04,4.44437,1.21962,86.4946,0.212758,0.000564043,0.891459,1.05941,0.684744,0.452189,0.542627,0.361751,0.258394,0.142117,0.0387591,0,0.0129197,0,0,0,0
63912,63938,63925,20.4,-104.6,40.3211,50.3528,-64.7416,489.522,4.83785,1.38981,98.5253,0.212673,0.000659817,0.952419,0.99571,0.692668,0.638553,0.606085,0.378803,0.36798,0.140698,0.0541147,0,0,0.0108229,0,0,0
63939,63966,63952,20.5,-104.596,40.3212,49.4596,-63.5065,494.942,4.57591,1.28336,86.3322,0.201811,0.000607044,0.942099,0.786808,0.797161,0.507284,0.672928,0.372699,0.320935,0.124233,0.0310582,0.0207055,0,0,0,0,0
63967,63994,63980,20.6,-104.593,40.3211,48.6556,-61.7004,501.55,3.88875,1.1241,76.8985,0.205227,0.000545977,0.747837,0.737153,0.63032,0.459385,0.491436,0.352552,0.320501,0.106834,0.0213668,0.0213668,0,0,0,0,0
63995,64019,64007,20.7,-104.59,40.3211,47.8826,-60.7452,506.129,4.13209,1.09992,72.3587,0.197357,0.000498468,0.826417,0.847077,0.743775,0.47519,0.454529,0.402878,0.237595,0.113632,0.0103302,0.0206604,0,0,0,0,0
64020,64043,64032,20.8,-104.588,40.3213,47.0913,-60.7965,508.413,3.61317,0.975281,61.3035,0.188572,0.000433741,0.640708,0.777252,0.598694,0.357116,0.546177,0.273089,0.346612,0.052517,0.0210068,0,0,0,0,0,0
64045,64068,64056,20.9,-104.585,40.3221,46.3267,-59.52,513.878,3.84216,1.02009,67.8355,0.199499,0.000466787,0.857624,0.720404,0.606055,0.514575,0.491705,0.240135,0.32018,0.04574,0.02287,0.02287,0,0,0,0,0
64070,64090,64080,21,-104.582,40.3226,45.5684,-58.4163,518.968,3.62393,0.905503,53.2536,0.176433,0.000357595,0.629154,0.704652,0.742401,0.465574,0.427825,0.352326,0.251662,0.0503323,0,0,0,0,0,0,0
64091,64113,64102,21.1,-104.579,40.3229,44.8175,-58.5825,521.032,3.89577,0.971531,59.2838,0.183063,0.000394645,0.779154,0.743193,0.683258,0.455506,0.695245,0.203779,0.263714,0.0599349,0,0.011987,0,0,0,0,0
64114,64137,64126,21.2,-104.576,40.3234,44.0933,-59.3176,521.675,3.79316,1.00073,62.0951,0.18615,0.000435676,0.77926,0.676122,0.676122,0.469848,0.446928,0.36671,0.252113,0.126057,0,0,0,0,0,0,0
64138,64161,64150,21.3,-104.572,40.324,43.3142,-59.9208,522.85,3.30436,0.776306,45.0611,0.174137,0.000299541,0.783404,0.612662,0.602618,0.361571,0.44192,0.231004,0.251091,0.0100436,0.0100436,0,0,0,0,0,0
64162,64184,64173,21.4,-104.568,40.3245,42.6418,-60.215,524.481,3.59073,0.895349,53.6446,0.179744,0.000363028,0.66983,0.746695,0.647868,0.428252,0.516098,0.285501,0.219616,0.0658849,0.0109808,0,0,0,0,0,0
64186,64209,64198,21.5,-104.564,40.3246,41.9383,-60.2174,526.966,3.6897,1.03709,112.897,0.326577,0.000452061,0.967101,0.69379,0.494062,0.452014,0.473038,0.283823,0.283823,0.0315359,0,0,0,0,0,0,0.010512
64210,64235,64222,21.6,-104.56,40.3243,41.2268,-60.2352,529.505,3.22947,0.880393,56.9682,0.194123,0.000406479,0.647828,0.73485,0.406101,0.386763,0.386763,0.328749,0.222389,0.0870217,0.0290072,0,0,0,0,0,0
64236,64260,64248,21.7,-104.557,40.3241,40.5526,-60.1309,532.269,3.60358,0.983636,61.8649,0.188682,0.00041963,0.630365,0.651377,0.567328,0.378219,0.714413,0.367713,0.210122,0.0630365,0.0105061,0.0105061,0,0,0,0,0
64262,64289,64276,21.8,-104.555,40.3244,39.8367,-60.0493,535.183,3.84109,1.06037,83.0031,0.234833,0.000461011,0.868499,0.716288,0.608844,0.555123,0.483494,0.259654,0.250701,0.044768,0.0179072,0.0179072,0,0,0.0179072,0,0
64290,64314,64302,21.9,-104.551,40.3248,39.1921,-59.6267,538.761,3.40305,0.890401,54.0743,0.182191,0.000370122,0.592271,0.682618,0.501925,0.451732,0.622387,0.240924,0.230885,0.0702695,0.0100385,0,0,0,0,0,0
64315,64340,64328,22,-104.547,40.3246,38.6022,-59.0961,542.435,3.53443,0.848109,55.5782,0.196596,0.000331118,0.77381,0.826095,0.627414,0.376448,0.418276,0.250966,0.188224,0.0627414,0,0,0.0104569,0,0,0,0
64341,64364,64352,22.1,-104.543,40.3237,37.9138,-58.7679,546.073,3.43974,0.911381,55.6229,0.183094,0.000388001,0.792244,0.541534,0.44125,0.461306,0.56159,0.270767,0.31088,0.0601704,0,0,0,0,0,0,0
64365,64386,64376,22.2,-104.54,40.3222,37.2642,-58.3495,549.844,3.05728,0.93012,72.5975,0.234155,0.000448613,0.619036,0.555869,0.454802,0.379002,0.442169,0.265301,0.240035,0.0379002,0.0252668,0.0252668,0,0.0126334,0,0,0
64387,64408,64398,22.3,-104.538,40.3212,36.6984,-58.1868,552.668,3.10158,0.828806,50.2132,0.181755,0.000345979,0.49372,0.582337,0.50638,0.455742,0.50638,0.24053,0.25319,0.0632975,0,0,0,0,0,0,0
64411,64434,64422,22.4,-104.535,40.3203,36.013,-58.0604,555.986,2.68352,0.671181,39.9896,0.178743,0.000272156,0.584735,0.480318,0.480318,0.271484,0.407226,0.229717,0.177509,0.0522085,0,0,0,0,0,0,0
64435,64458,64446,22.5,-104.534,40.32,35.4245,-58.1425,558.389,2.92378,0.69465,39.4739,0.170477,0.000256858,0.625664,0.517376,0.505344,0.385024,0.457216,0.228608,0.18048,0.024064,0,0,0,0,0,0,0
64459,64481,64470,22.6,-104.533,40.3199,34.8133,-58.7567,559.579,2.9952,0.750309,44.5258,0.17803,0.000302358,0.735428,0.387771,0.481371,0.414514,0.534857,0.160457,0.227314,0.0534857,0,0,0,0,0,0,0
64482,64505,64494,22.7,-104.532,40.3203,34.2471,-59.5133,560.212,2.80332,0.660823,37.8636,0.171893,0.000244088,0.665536,0.443691,0.443691,0.443691,0.383188,0.262181,0.13109,0.0201678,0.0100839,0,0,0,0,0,0
64508,64530,64519,22.8,-104.531,40.3208,33.7126,-59.8665,561.814,2.85679,0.706351,42.313,0.179711,0.000286528,0.548167,0.621959,0.432209,0.44275,0.358417,0.200292,0.200292,0.0421667,0.0105417,0,0,0,0,0,0
64531,64555,64543,22.9,-104.529,40.3215,33.1221,-59.9729,564.371,2.97846,0.907562,110.382,0.364873,0.000402873,0.737042,0.575498,0.454341,0.272605,0.454341,0.272605,0.131254,0.0605788,0,0,0,0.0100965,0,0,0.0100965
64556,64580,64568,23,-104.527,40.3219,32.5654,-59.5746,568.171,2.77973,0.683028,46.3786,0.203705,0.000264872,0.674789,0.61436,0.372645,0.362573,0.312216,0.261858,0.120858,0.0503574,0,0,0,0.0100715,0,0,0
64581,64605,64593,23.1,-104.526,40.3222,32.0072,-59.004,572.514,2.53799,0.557808,31.2045,0.167824,0.000196406,0.627261,0.501809,0.376356,0.328106,0.443908,0.135102,0.0868515,0.0289505,0.00965017,0,0,0,0,0,0
64606,64629,64618,23.2,-104.524,40.3224,31.4988,-57.5312,579.088,2.48889,0.525892,29.9958,0.171114,0.000195672,0.719679,0.599732,0.349844,0.239893,0.259884,0.159929,0.129942,0.0199911,0.00999554,0,0,0,0,0,0
64630,64652,64641,23.3,-104.523,40.3224,30.9691,-56.3839,585.007,2.72462,0.604546,35.0308,0.173837,0.000229964,0.686354,0.623958,0.374375,0.395174,0.30158,0.15599,0.135191,0.0415972,0.0103993,0,0,0,0,0,0
64653,64678,64666,23.4,-104.522,40.3219,30.4608,-55.668,589.709,2.77773,0.584183,32.2359,0.165544,0.000204299,0.811365,0.620455,0.315,0.324546,0.381819,0.181364,0.105,0.0381819,0,0,0,0,0,0,0
64679,64705,64692,23.5,-104.52,40.3208,29.925,-55.6208,592.849,2.70458,0.621711,36.2141,0.174747,0.000243041,0.696774,0.632597,0.375891,0.210866,0.375891,0.210866,0.155857,0.0458404,0,0,0,0,0,0,0
64706,64731,64718,23.6,-104.518,40.3198,29.43,-54.7625,598.02,2.59321,0.652251,69.3843,0.31913,0.000262609,0.871003,0.57407,0.316728,0.237546,0.306831,0.148466,0.0989776,0.0197955,0,0,0,0.00989776,0,0.00989776,0
64732,64756,64744,23.7,-104.516,40.319,28.9604,-52.7012,606.452,2.3364,0.484422,27.4028,0.169704,0.000177077,0.678311,0.555838,0.405102,0.169578,0.216683,0.178999,0.103631,0.018842,0.00942099,0,0,0,0,0,0
64757,64780,64768,23.8,-104.515,40.3181,28.4687,-52.8526,609,2.4983,0.443456,21.17,0.143216,0.000112873,0.657988,0.637426,0.452367,0.277589,0.308432,0.113092,0.0514053,0,0,0,0,0,0,0,0
64782,64803,64792,23.9,-104.513,40.3175,28.027,-53.582,609.706,3.00118,0.570892,29.2092,0.153492,0.000171281,0.756298,0.672265,0.68427,0.336132,0.288113,0.132052,0.120047,0.0120047,0,0,0,0,0,0,0
64804,64823,64814,24,-104.512,40.3169,27.554,-54.1675,611.044,2.30329,0.51994,30.3568,0.175156,0.000206165,0.602957,0.615016,0.265301,0.241183,0.205005,0.168828,0.180887,0.0241183,0,0,0,0,0,0,0
