api/data/B2SAP/Locations/Boulder/NOAA-POPS-B2SAP_GMLBalloon_20240404_R0.ict
82,1001
Thornberry, T. D.
NOAA Chemical Sciences Laboratory
Portable Optical Particle Spectrometer (POPS)
Balloon Baseline Stratospheric Aerosol Profiles (B2SAP)
1,1
2024,04,04,2024,05,28
0
TIME_START,s,Seconds since midnight UTC on flight start day,Start time of 100 m altitude bin in UTC_seconds_since_midnight
49
1.0,1.0,1.0,1.0,1.0,1.0,1.0,1.0,1.0,1.0,1.0,1.0,1.0,1.0,1.0,1.0,1.0,1.0,1.0,1.0,1.0,1.0,1.0,1.0,1.0,1.0,1.0,1.0,1.0,1.0,1.0,1.0,1.0,1.0,1.0,1.0,1.0,1.0,1.0,1.0,1.0,1.0,1.0,1.0,1.0,1.0,1.0,1.0,1.0
99999,99999,99999,99999,99999,99999,99999,99999,99999,99999,99999,99999,99999,99999,99999,99999,99999,99999,99999,99999,99999,99999,99999,99999,99999,99999,99999,99999,99999,99999,99999,99999,99999,99999,99999,99999,99999,99999,99999,99999,99999,99999,99999,99999,99999,99999,99999,99999,99999
TIME_STOP,s,End time of 100 m altitude bin in UTC seconds since midnight,
TIME_MID,s,Mid time of 100 m altitude in UTC seconds since midnight,
GPSAlt,km,GPS reported altitude above sea level (km),
GPS_Lon,deg,GPS reported longitude,
GPS_Lat,deg,GPS reported latitude,
iMet_Pressure,hPa,Pressure reported (hPa),
iMet_Temperature,degrees C,Ambient temperature (oC),
THETA,K,Potential temperature from iMet,
Aerosol_concentration,cm^-3,Aerosol concentration,
Surface_Area_Conc,um^2 cm^-3,Surface area concentration,
Volume_density,um^3 cm^-3,Volume density,
Effective_radius,um,Effective radius,
Extinction,km^-1,Extinction,
Bin01,cm^-3,particle concentration in size range [140 - 146.14 nm],
Bin02,cm^-3,particle concentration in size range [146.14 - 152.56 nm],
Bin03,cm^-3,particle concentration in size range [152.56 - 159.25 nm],
Bin04,cm^-3,particle concentration in size range [159.25 - 166.24 nm],
Bin05,cm^-3,particle concentration in size range [166.24 - 173.54 nm],
Bin06,cm^-3,particle concentration in size range [173.54 - 181.16 nm],
Bin07,cm^-3,particle concentration in size range [181.16 - 189.11 nm],
Bin08,cm^-3,particle concentration in size range [189.11 - 197.41 nm],
Bin09,cm^-3,particle concentration in size range [197.41 - 206.07 nm],
Bin10,cm^-3,particle concentration in size range [206.07 - 215.12 nm],
Bin11,cm^-3,particle concentration in size range [215.12 - 224.56 nm],
Bin12,cm^-3,particle concentration in size range [224.56 - 234.41 nm],
Bin13,cm^-3,particle concentration in size range [234.41 - 244.70 nm],
Bin14,cm^-3,particle concentration in size range [244.70 - 361.30 nm],
Bin15,cm^-3,particle concentration in size range [361.30 - 472.80 nm],
Bin16,cm^-3,particle concentration in size range [472.80 - 567.00 nm],
Bin17,cm^-3,particle concentration in size range [567.00 - 610.66 nm],
Bin18,cm^-3,particle concentration in size range [610.66 - 657.69 nm],
Bin19,cm^-3,particle concentration in size range [657.69 - 708.33 nm],
Bin20,cm^-3,particle concentration in size range [708.33 - 762.88 nm],
Bin21,cm^-3,particle concentration in size range [762.88 - 821.62 nm],
Bin22,cm^-3,particle concentration in size range [821.62 - 884.89 nm],
Bin23,cm^-3,particle concentration in size range [884.89 - 953.03 nm],
Bin24,cm^-3,particle concentration in size range [953.03 - 1026.42 nm],
Bin25,cm^-3,particle concentration in size range [1026.42 - 1105.46 nm],
Bin26,cm^-3,particle concentration in size range [1105.46 - 1190.59 nm]],
[...]
LOCATION: Boulder, CO, USA
ASSOCIATED_DATA: N/A
INSTRUMENT_INFO: Printed Optical Particle Spectrometer counts particles from 140 - 2500 nm in diameter 
DATA_INFO: Particle concentrations reported in number per cubic centimeter, binned to 100 m altitude
UNCERTAINTY: Counting uncertainty dominated by air flow, less than 5 percent
ULOD_FLAG: -77777
ULOD_VALUE: 3000 ~3000 per cm3 (varies depending on flow rate- manufacturer quotes 1250  per cm3 at 1.667 cc/s)
LLOD_FLAG: -88888
LLOD_VALUE: 0 0 (varies depending on data field and measurement precision)
DM_CONTACT_INFO: Troy Thornberry, 325 Broadway R/CSL6, Boulder, CO 80305; troy.thornberry@noaa.gov; 303-497-3373
PROJECT_INFO: B2SAP Boulder, CO, USA
STIPULATIONS_ON_USE: Please contact the PIs for questions regarding applications and uncertainties
OTHER_COMMENTS: POPS bin Edges (nm):  140, 146.14, 152.56, 159.25, 166.24, 173.54, 181.16, 189.11, 197.41, 206.07, 215.12, 224.56, 234.41, 244.70, 361.30, 472.80, 567.00, 610.66, 657.69, 708.33, 762.88, 821.62, 884.89, 953.03, 1026.42, 1105.46, 1190.59, 1282.27, 1381.01, 1487.36, 1601.89, 1725.25, 1858.10, 2001.18, 2155.28, 2321.25, 2500
Calculations assume sulfate refractive index of 1.45+0.00j and extinction wavelength = 532 nm
REVISION: R0
R0: QA/QC data
TIME_START,TIME_STOP,TIME_MID,GPSAlt,GPS_Lon,GPS_Lat,iMet_Pressure,iMet_Temperature,THETA,Aerosol_concentration,Surface_Area_Conc,Volume_density,Effective_radius,Extinction,Bin01,Bin02,Bin03,Bin04,Bin05,Bin06,Bin07,Bin08,Bin09,Bin10,Bin11,Bin12,Bin13,Bin14,Bin15,Bin16,Bin17,Bin18,Bin19,Bin20,Bin21,Bin22,Bin23,Bin24,Bin25,Bin26,Bin27,Bin28,Bin29,Bin30,Bin31,Bin32,Bin33,Bin34,Bin35,Bin36
[from data line 450]
71499,71533,71516,11,-103.815,40.3066,235.781,-54.1671,330.898,20.7401,3.41528,174.322,0.153125,0.00101913,2.61563,2.40427,1.88907,1.6777,1.26819,1.08324,1.18892,1.17571,1.01719,0.845457,0.422728,0.634093,0.581252,2.37785,0.911508,0.541621,0.0396308,0.0264205,0.0264205,0,0.0132103,0,0,0,0,0,0,0,0,0,0,0,0,0,0,0
71534,71567,71550,10.9,-103.808,40.3053,239.529,-53.4574,330.478,21.7699,4.02268,229.895,0.171449,0.00141679,2.45406,2.32212,1.83395,1.71521,1.47772,1.21384,1.22703,0.910378,0.94996,0.844409,0.620113,0.686082,0.672888,2.86307,1.0687,0.699276,0.0395817,0.0527756,0.0395817,0,0.0263878,0.0131939,0.0395817,0,0,0,0,0,0,0,0,0,0,0,0,0
71568,71600,71584,10.8,-103.801,40.3044,243.224,-52.899,329.873,19.938,3.46256,176.382,0.152819,0.00102909,2.06947,1.93048,1.88415,1.49805,1.51349,1.1274,1.01929,0.911186,0.679528,0.880298,0.818523,0.602309,0.478759,2.87255,1.03474,0.52509,0.0926629,0,0,0,0,0,0,0,0,0,0,0,0,0,0,0,0,0,0,0
71601,71632,71616,10.7,-103.795,40.3035,247.092,-51.8684,329.925,19.4313,3.57613,194.358,0.163046,0.00118226,2.35531,1.62287,1.63723,1.43617,1.27819,1.09149,1.09149,0.77553,1.0484,0.761168,0.588828,0.560105,0.631913,2.64255,1.17766,0.631913,0.043085,0.0143617,0,0.0143617,0.0143617,0,0.0143617,0,0,0,0,0,0,0,0,0,0,0,0,0
71633,71663,71648,10.6,-103.789,40.3028,250.871,-51.2542,329.409,26.7745,4.71092,251.493,0.160155,0.0015109,3.11364,2.58274,2.26708,2.10924,2.0088,1.65009,1.43486,1.23398,1.09049,0.975704,0.975704,0.875263,0.832218,3.28583,1.37746,0.746126,0.143486,0.0286972,0.0143486,0,0,0.0143486,0.0143486,0,0,0,0,0,0,0,0,0,0,0,0,0
71664,71694,71679,10.5,-103.783,40.3022,254.688,-50.377,329.287,27.5157,4.82212,258.65,0.160915,0.00154685,2.84033,3.00306,2.42611,2.44091,2.21901,1.42016,1.3462,1.28702,1.19826,1.18347,0.887603,0.621322,0.813636,3.46165,1.39058,0.784049,0.118347,0.0147934,0.0147934,0,0.0147934,0,0.0295868,0,0,0,0,0,0,0,0,0,0,0,0,0
71695,71726,71710,10.4,-103.777,40.3018,258.625,-49.5197,329.109,22.6854,3.797,202.68,0.160137,0.0011779,2.95279,2.76824,2.04424,1.91647,1.448,1.23506,1.03632,1.12149,0.894354,0.809178,0.823374,0.681413,0.525256,2.72565,1.0789,0.468471,0.0425883,0,0.0283922,0.0425883,0,0.0141961,0.0283922,0,0,0,0,0,0,0,0,0,0,0,0,0
71727,71758,71742,10.3,-103.771,40.3016,262.696,-48.9235,328.516,20.9426,3.51965,183.966,0.156805,0.00106131,2.79047,2.14218,2.11399,1.55026,1.50798,1.00062,1.29658,0.831503,1.09928,0.676477,0.535545,0.535545,0.549638,2.66363,1.08518,0.465078,0.0140933,0.0281866,0.0281866,0,0,0,0.0281866,0,0,0,0,0,0,0,0,0,0,0,0,0
71759,71791,71775,10.2,-103.766,40.3012,266.683,-48.0033,328.449,23.6577,3.87447,203.811,0.157811,0.00122246,3.93632,3.03507,2.12057,1.829,1.63019,0.967512,1.20608,1.12655,0.994019,0.781962,0.583158,0.543397,0.437368,2.63746,1.00727,0.662679,0.0662679,0.0397608,0.0132536,0.0265072,0,0,0.0132536,0,0,0,0,0,0,0,0,0,0,0,0,0
71792,71824,71808,10.1,-103.76,40.3008,270.775,-47.1467,328.268,26.7619,4.23283,218.56,0.154903,0.00127783,4.52406,3.49526,2.71707,2.14992,1.74104,1.71466,1.4113,0.989226,0.949657,0.738622,0.527587,0.567156,0.40888,2.74345,1.35854,0.580346,0.0527587,0.0263794,0.0263794,0.0131897,0,0.0131897,0.0131897,0,0,0,0,0,0,0,0,0,0,0,0,0
71825,71857,71841,10,-103.754,40.3004,274.851,-46.2918,328.106,29.4902,4.40849,216.195,0.147122,0.00122065,5.2351,3.78821,3.09107,2.34132,1.99933,1.65734,1.61788,1.19697,1.17066,0.736597,0.71029,0.605061,0.565601,2.85431,1.21012,0.565601,0.0789211,0,0.052614,0,0.0131535,0,0,0,0,0,0,0,0,0,0,0,0,0,0,0
71858,71885,71872,9.9,-103.75,40.3,278.51,-45.5569,327.926,28.5605,4.66953,247.73,0.159157,0.00140995,3.73177,3.28396,2.80297,2.37175,1.90735,1.42637,1.45954,1.49271,1.26051,1.17758,0.862454,0.796111,0.613669,3.49957,1.14441,0.514155,0.049757,0.049757,0.0165857,0.0165857,0.0165857,0.0165857,0.049757,0,0,0,0,0,0,0,0,0,0,0,0,0
71912,71927,71920,9.8,-103.742,40.2998,284.329,-44.5435,327.444,24.6389,4.02484,210.676,0.157032,0.00122889,3.16208,2.80793,2.32729,2.02373,1.61899,1.92255,1.56839,1.03716,1.18894,0.68301,0.556526,0.733603,0.45534,2.73204,1.08776,0.581823,0.0505933,0.0252967,0.0252967,0,0,0.0505933,0,0,0,0,0,0,0,0,0,0,0,0,0,0
71928,71962,71945,9.7,-103.738,40.2997,287.448,-43.9388,327.292,23.2559,4.19623,224.194,0.160282,0.00136376,2.59101,2.22447,1.97169,1.66835,1.52933,1.47877,1.25127,1.12488,1.17543,0.834177,0.619313,0.808899,0.707787,3.13448,1.22599,0.79626,0.0505562,0.012639,0.012639,0.012639,0.0252781,0,0,0,0,0,0,0,0,0,0,0,0,0,0,0
71963,71999,71981,9.6,-103.732,40.2996,291.734,-43.3143,326.799,24.7072,4.42955,237.514,0.160861,0.00144104,2.71974,2.47875,2.21481,2.123,1.64102,1.38856,1.37708,1.12462,1.00986,0.941007,0.74592,0.803298,0.631163,3.12139,1.54922,0.642639,0.103281,0.0344271,0.0344271,0.0114757,0,0,0.0114757,0,0,0,0,0,0,0,0,0,0,0,0,0
72000,72035,72018,9.5,-103.726,40.2996,296.1,-42.8514,326.07,23.8823,4.2546,236.799,0.166972,0.00143581,2.69718,2.61136,2.09644,1.82673,1.75317,1.36085,1.42215,1.11565,1.07887,0.723335,0.760114,0.796894,0.747854,2.783,1.21373,0.662035,0.0858194,0.0367797,0.0612995,0,0,0,0.0490396,0,0,0,0,0,0,0,0,0,0,0,0,0
72036,72074,72055,9.4,-103.72,40.2997,300.64,-42.3097,325.419,17.7091,3.01624,161.276,0.160408,0.000965053,1.97266,2.14078,1.78211,1.21049,1.32258,1.25533,0.952703,0.739746,0.773371,0.537997,0.493164,0.526789,0.425914,2.23045,0.728537,0.448331,0.0672496,0.0448331,0.0336248,0,0,0.0112083,0.0112083,0,0,0,0,0,0,0,0,0,0,0,0,0
72075,72111,72093,9.3,-103.714,40.2999,305.011,-42.327,324.055,15.2004,2.51333,128.905,0.153865,0.000754354,1.98316,1.5017,1.49023,1.16926,1.20365,0.917067,0.676337,0.802434,0.722191,0.504387,0.561704,0.48146,0.27512,1.73096,0.710727,0.389754,0.03439,0.03439,0,0,0,0.0114633,0,0,0,0,0,0,0,0,0,0,0,0,0,0
72112,72149,72130,9.2,-103.708,40.3002,309.517,-41.1384,324.361,20.8706,3.83637,211.468,0.165366,0.00129977,2.3524,2.01794,1.79496,1.56084,1.23752,1.38245,1.07029,0.847311,1.08144,0.825013,0.624334,0.680078,0.635483,2.82065,1.08144,0.657781,0.111488,0.0445953,0.0111488,0,0.0111488,0,0.0222976,0,0,0,0,0,0,0,0,0,0,0,0,0
72150,72184,72167,9.1,-103.703,40.3007,314.129,-40.6363,323.693,27.469,5.31248,304.348,0.171868,0.00189294,2.94784,2.59891,1.88902,2.24998,1.79277,1.56416,1.31149,1.25133,1.11897,1.13101,1.22726,0.830207,0.782079,3.97055,1.60025,0.902398,0.132352,0.0601599,0.0360959,0.012032,0,0,0.0601599,0,0,0,0,0,0,0,0,0,0,0,0,0
72185,72217,72201,9,-103.698,40.3011,318.808,-39.7025,323.623,31.3105,5.86221,313.773,0.160574,0.00189675,3.22681,2.88576,2.62342,2.04627,2.12497,1.77081,1.44288,1.40353,1.44288,1.08872,1.21989,0.970665,0.970665,5.10255,1.82328,1.01002,0.0787026,0.0393513,0.0131171,0.0131171,0,0,0.0131171,0,0,0,0,0,0,0,0,0,0,0,0,0
72218,72248,72233,8.9,-103.694,40.3013,323.45,-38.831,323.492,31.3782,6.07934,336.753,0.166179,0.00211774,3.12255,2.73397,2.70621,1.98456,2.12334,1.94292,1.63761,1.3878,1.40168,1.138,1.20739,1.0131,0.818803,4.88506,1.80414,1.24902,0.0693901,0.0693901,0.0555121,0.013878,0,0.013878,0,0,0,0,0,0,0,0,0,0,0,0,0,0
72249,72278,72264,8.8,-103.69,40.3016,328.161,-38.0147,323.282,27.8181,5.19932,277.632,0.160193,0.00168682,2.80113,2.82872,2.15259,2.0698,1.72483,1.47646,1.46266,1.18668,1.13149,1.0763,0.979705,0.772725,0.952107,4.56735,1.60064,0.855517,0.0965906,0.0275973,0.041396,0.0137987,0,0,0,0,0,0,0,0,0,0,0,0,0,0,0,0
72279,72307,72293,8.7,-103.686,40.3019,332.841,-37.215,323.072,28.8219,5.43016,296.378,0.16374,0.00183987,2.86154,3.14179,2.25678,2.15353,2.03552,1.51927,1.72577,1.18001,1.03251,0.973512,1.09151,0.899761,0.678508,4.3218,1.77002,0.988262,0.0737509,0.0295004,0.0590007,0.0147502,0.0147502,0,0,0,0,0,0,0,0,0,0,0,0,0,0,0
72308,72337,72322,8.6,-103.682,40.3022,337.715,-36.2086,323.104,27.179,4.95239,260.599,0.157863,0.00155765,2.90676,2.77397,2.37558,1.78537,1.97719,1.26894,1.31321,1.38698,1.18041,1.09188,0.841043,0.870553,0.782022,3.93962,1.80013,0.782022,0.0737757,0.0147551,0,0,0,0.0147551,0,0,0,0,0,0,0,0,0,0,0,0,0,0
72338,72368,72353,8.5,-103.678,40.3023,342.722,-35.3808,322.872,25.9363,4.92546,281.302,0.171336,0.00175929,2.47326,2.7041,2.19296,1.8467,1.92914,1.58289,1.33556,1.51693,0.774955,1.20365,0.890374,0.676025,0.709001,3.52852,1.38503,0.923351,0.115419,0.0494652,0.0164884,0,0.0329768,0.0164884,0.0329768,0,0,0,0,0,0,0,0,0,0,0,0,0
72369,72399,72384,8.4,-103.674,40.3024,347.688,-34.5162,322.716,25.9222,4.76401,259.783,0.163591,0.00158694,2.70711,2.45529,2.09329,2.2979,1.76277,1.51095,1.19616,1.11747,1.08599,0.975819,1.11747,0.849907,0.676778,3.66719,1.44799,0.723995,0.0786951,0.0786951,0.047217,0,0.015739,0,0.015739,0,0,0,0,0,0,0,0,0,0,0,0,0
72400,72431,72416,8.3,-103.669,40.3026,352.5,-33.805,322.41,26.1995,4.4574,233.139,0.156912,0.00139468,3.16742,2.81245,2.40287,1.88407,1.85676,1.74754,1.62467,1.14682,1.02395,1.13317,0.696286,0.81916,0.709938,2.94897,1.39257,0.66898,0.0273053,0.0546106,0.040958,0.040958,0,0,0,0,0,0,0,0,0,0,0,0,0,0,0,0
72432,72464,72448,8.2,-103.664,40.3029,357.588,-33.0382,322.121,31.0694,5.14031,264.207,0.154197,0.00150425,3.54832,3.70904,2.90542,2.16361,2.17597,1.90397,1.78034,1.40944,1.12508,1.18689,1.18689,0.89017,0.914897,4.00576,1.35998,0.630537,0.0618174,0.0247269,0.0123635,0.0247269,0.0123635,0.0247269,0.0123635,0,0,0,0,0,0,0,0,0,0,0,0,0
72465,72500,72482,8.1,-103.659,40.3033,362.728,-32.2534,321.859,29.1411,5.07688,271.263,0.160293,0.00163467,3.4064,3.0681,2.65979,1.99485,2.19316,1.78486,1.50488,1.55155,1.3299,1.16658,0.898264,0.641617,0.758275,3.79137,1.37656,0.781606,0.0816604,0.0233315,0.0699946,0.0233315,0.0233315,0.0116658,0,0,0,0,0,0,0,0,0,0,0,0,0,0
72501,72536,72518,8,-103.653,40.3038,367.924,-31.5992,321.424,29.9627,5.05145,261.51,0.155307,0.0015292,3.73261,3.12182,2.55627,2.43185,2.04728,1.95679,1.78713,1.33469,1.1424,0.893564,0.859631,1.00667,0.950118,3.90227,1.35731,0.633412,0.12442,0.0678656,0.0339328,0,0.0113109,0,0.0113109,0,0,0,0,0,0,0,0,0,0,0,0,0
72537,72574,72556,7.9,-103.647,40.3043,373.188,-30.9886,320.931,29.8302,5.1822,280.133,0.162171,0.0017009,3.70968,3.10959,2.47676,2.3131,2.07306,1.86575,1.713,1.5057,1.42932,1.09108,0.992886,0.971064,0.567363,3.53511,1.38568,0.78558,0.174573,0.0327325,0.0218217,0.0109108,0.0545542,0,0.0109108,0,0,0,0,0,0,0,0,0,0,0,0,0
72575,72611,72593,7.8,-103.641,40.3047,378.45,-30.3278,320.522,21.8625,3.74335,203.979,0.163473,0.00119852,2.51631,2.35291,1.91719,1.75379,1.5795,1.56861,1.17646,0.882341,1.01306,0.80609,0.762517,0.718945,0.511976,2.66881,0.915021,0.533762,0.0653586,0.0435724,0.0108931,0,0.0108931,0.0108931,0.0435724,0,0,0,0,0,0,0,0,0,0,0,0,0
72612,72637,72624,7.7,-103.636,40.305,382.873,-29.7392,320.235,21.7455,3.66408,193.832,0.158702,0.00115928,2.35043,2.79814,1.98268,1.66289,1.43904,1.24717,1.26316,1.18321,0.847436,0.799468,0.7515,0.671553,0.575617,2.59027,0.799468,0.623585,0.0319787,0.0319787,0.0479681,0.0319787,0,0.0159894,0,0,0,0,0,0,0,0,0,0,0,0,0,0
72654,72683,72668,7.6,-103.628,40.306,389.447,-28.7029,320.037,21.2268,3.50377,176.719,0.151311,0.00101703,2.43734,2.12783,1.93439,1.71516,1.34118,1.31539,1.18643,1.21222,0.864029,0.928509,0.838237,0.747966,0.502942,2.5663,0.876925,0.515838,0.0644798,0.0257919,0.012896,0,0.012896,0,0,0,0,0,0,0,0,0,0,0,0,0,0,0
72684,72717,72700,7.5,-103.622,40.3067,394.651,-28.0155,319.723,24.4926,3.93569,197.31,0.1504,0.00110053,3.17898,2.66119,2.21565,2.1434,1.74603,1.33662,1.38478,1.18007,0.999451,0.75862,0.842911,0.698412,0.565954,3.17898,1.03558,0.45758,0.0240832,0.0240832,0.0361247,0,0,0.0120416,0.0120416,0,0,0,0,0,0,0,0,0,0,0,0,0
72718,72750,72734,7.4,-103.617,40.3075,400.171,-27.0642,319.691,27.9196,4.52013,231.003,0.153316,0.00130823,3.46299,3.23532,2.6242,2.30067,2.00111,1.5937,1.38999,1.22223,1.29413,0.982579,0.982579,0.970596,0.647064,3.34317,1.12637,0.575168,0.0838787,0.0119827,0.035948,0,0,0.0119827,0.0239653,0,0,0,0,0,0,0,0,0,0,0,0,0
72751,72782,72766,7.3,-103.612,40.3083,405.617,-26.1674,319.621,29.8247,4.98537,259.289,0.15603,0.00151287,3.44573,3.70097,2.7183,2.48858,2.09296,1.77391,1.59525,1.35277,1.21239,0.982671,0.880576,0.791242,0.829528,3.66268,1.39105,0.765718,0.0510479,0,0.0382859,0.012762,0.012762,0.012762,0.012762,0,0,0,0,0,0,0,0,0,0,0,0,0
72783,72813,72798,7.2,-103.607,40.3093,411.355,-25.3548,319.388,30.5112,5.21351,279.115,0.16061,0.00167728,3.88856,3.63441,2.6305,2.4653,2.33822,1.93157,1.34702,1.3216,1.33431,1.11828,0.88954,0.88954,0.546432,3.64711,1.44868,0.902248,0.0381232,0.0254154,0.0508309,0.0254154,0,0.0254154,0.0127077,0,0,0,0,0,0,0,0,0,0,0,0,0
72814,72845,72830,7.1,-103.602,40.3103,417.113,-24.6269,319.055,35.184,5.74379,295.198,0.154183,0.00175341,4.96514,3.90118,3.66882,3.02066,2.44588,2.21352,1.77326,1.4553,1.18625,1.05173,1.05173,0.892747,0.880518,4.03571,1.49199,0.929435,0.0489176,0.110065,0.0489176,0.0122294,0,0,0,0,0,0,0,0,0,0,0,0,0,0,0,0
72846,72877,72862,7,-103.596,40.3112,423.013,-23.8719,318.744,35.6635,5.86396,315.757,0.161542,0.00193156,5.35749,4.58513,3.16301,3.54306,2.47646,2.24353,1.7041,1.37309,1.36083,0.956258,0.772362,0.968517,0.943998,3.35916,1.53246,0.993037,0.134857,0.0490389,0.0612986,0.0490389,0.0122597,0.0122597,0.0122597,0,0,0,0,0,0,0,0,0,0,0,0,0
72878,72910,72894,6.9,-103.591,40.3121,428.956,-23.2467,318.272,22.7987,4.02241,223.349,0.166579,0.00134952,2.79652,2.63062,1.88409,1.6945,1.42196,1.41011,1.29161,1.03092,1.04277,0.99537,0.734678,0.628031,0.473986,2.87946,1.09017,0.556933,0.0710979,0.0355489,0.0473986,0.0236993,0.0236993,0,0.0355489,0,0,0,0,0,0,0,0,0,0,0,0,0
72911,72943,72927,6.8,-103.586,40.3131,434.628,-22.4972,318.03,17.7988,2.98966,152.671,0.153199,0.000872143,1.8117,1.89739,1.67705,1.32205,1.3955,0.88137,1.00378,0.918094,0.673269,0.758957,0.709992,0.563097,0.599821,2.28911,0.807922,0.39172,0.048965,0.0244825,0,0.0122412,0,0,0.0122412,0,0,0,0,0,0,0,0,0,0,0,0,0
72944,72978,72961,6.7,-103.581,40.3145,440.482,-21.7953,317.704,13.2015,2.22754,116.664,0.15712,0.000667664,1.30754,1.34195,1.19284,0.986387,0.9061,0.88316,0.814343,0.676707,0.60789,0.60789,0.458785,0.447315,0.378497,1.66309,0.562011,0.28674,0.0114696,0.0344088,0,0,0.0114696,0.0114696,0.0114696,0,0,0,0,0,0,0,0,0,0,0,0,0
72979,73015,72997,6.6,-103.575,40.3162,446.638,-21.3992,316.946,19.0492,3.26738,162.869,0.14954,0.000916198,1.9418,1.70315,1.61636,1.25838,1.24753,1.28007,1.21498,0.781061,0.976326,0.748517,0.683428,0.694276,0.5641,2.91813,0.965478,0.401378,0.0108481,0.0216961,0.0108481,0.0108481,0,0,0,0,0,0,0,0,0,0,0,0,0,0,0,0
73016,73056,73036,6.5,-103.57,40.3182,452.731,-20.9658,316.264,33.6759,5.97173,315.261,0.158377,0.00185914,3.2733,3.00233,2.85059,2.5471,2.43871,2.05936,1.94013,1.63665,1.49574,1.38736,1.24645,1.23562,1.18142,4.60646,1.71252,0.823743,0.0867098,0.0433549,0.0650324,0,0.0216775,0.0108387,0.0108387,0,0,0,0,0,0,0,0,0,0,0,0,0
73057,73101,73079,6.4,-103.564,40.3207,458.751,-20.0464,316.222,29.7014,4.92943,243.606,0.148256,0.00134055,2.77676,2.8561,2.68751,2.11232,2.23133,2.08257,1.5768,1.5173,1.3388,1.27929,1.19004,1.1107,0.813194,4.05605,1.42805,0.555352,0.039668,0.019834,0.009917,0,0,0.009917,0.009917,0,0,0,0,0,0,0,0,0,0,0,0,0
73102,73150,73126,6.3,-103.558,40.3236,465.018,-19.2361,316.006,28.6495,4.73041,232.911,0.147711,0.00129051,2.76298,2.75426,2.55379,2.09184,2.31846,1.84779,1.54273,1.56888,1.15923,1.27254,0.923897,1.1418,0.767009,4.07038,1.21153,0.549109,0.0435801,0.017432,0.034864,0.00871601,0.00871601,0,0,0,0,0,0,0,0,0,0,0,0,0,0,0
73151,73199,73175,6.2,-103.552,40.3265,471.371,-18.3736,315.852,27.9873,4.68444,236.784,0.151641,0.00134403,2.39596,2.81676,2.49902,2.25856,2.09539,1.69177,1.58872,1.6059,1.27956,1.20228,1.20228,0.92747,0.841593,3.64977,1.21945,0.523849,0.0858768,0.0343507,0.0257631,0.0257631,0.00858768,0.00858768,0,0,0,0,0,0,0,0,0,0,0,0,0,0
73200,73246,73223,6.1,-103.547,40.3291,477.599,-17.6491,315.565,27.3481,4.77181,247.277,0.155461,0.00142484,2.20923,2.67246,2.01325,2.25377,1.77273,1.8529,1.56784,1.55893,1.4164,1.22933,1.13134,1.00662,0.801737,3.75925,1.30059,0.641389,0.0623573,0.0445409,0.0267246,0,0,0.00890818,0.0178164,0,0,0,0,0,0,0,0,0,0,0,0,0
