api/data/B2SAP/Locations/Boulder/NOAA-POPS-B2SAP_GMLBalloon_20210901_R0.ict
61,1001
Thornberry, T. D.
NOAA Chemical Sciences Laboratory
Portable Optical Particle Spectrometer (POPS)
Balloon Baseline Stratospheric Aerosol Profiles (B2SAP)
1,1
2021,09,01,2024,05,28
0
TIME_START,s,Seconds since midnight UTC on flight start day,Start time of 100 m altitude bin in UTC_seconds_since_midnight
28
1.0,1.0,1.0,1.0,1.0,1.0,1.0,1.0,1.0,1.0,1.0,1.0,1.0,1.0,1.0,1.0,1.0,1.0,1.0,1.0,1.0,1.0,1.0,1.0,1.0,1.0,1.0,1.0
99999,99999,99999,99999,99999,99999,99999,99999,99999,99999,99999,99999,99999,99999,99999,99999,99999,99999,99999,99999,99999,99999,99999,99999,99999,99999,99999,99999
TIME_STOP,s,End time of 100 m altitude bin in UTC seconds since midnight,
TIME_MID,s,Mid time of 100 m altitude in UTC seconds since midnight,
GPSAlt,m,GPS reported altitude above sea level (m),
GPS_Lon,deg,GPS reported longitude,
GPS_Lat,deg,GPS reported latitude,
iMet_Pressure,mb,Pressure reported (mB),
iMet_Temperature,degrees C,Ambient temperature (oC),
THETA,K,Potential temperature from iMet,
Aerosol_concentration,cm^-3,Aerosol concentration,
Surface_Area_Conc,um^2 cm^-3,Surface area concentration,
Volume_density,um^3 cm^-3,Volume density,
Effective_radius,um,Effective radius,
Extinction,km^-1,Extinction,
Bin01,cm^-3,particle concentration in size range [140 - 170 nm],
Bin02,cm^-3,particle concentration in size range [170 - 205 nm],
Bin03,cm^-3,particle concentration in size range [205 - 249 nm],
Bin04,cm^-3,particle concentration in size range [249 - 302 nm],
Bin05,cm^-3,particle concentration in size range [302 - 366 nm],
Bin06,cm^-3,particle concentration in size range [366 - 443 nm],
Bin07,cm^-3,particle concentration in size range [443 - 537 nm],
Bin08,cm^-3,particle concentration in size range [537 - 651 nm],
Bin09,cm^-3,particle concentration in size range [651 - 789 nm],
Bin10,cm^-3,particle concentration in size range [789 - 956 nm],
Bin11,cm^-3,particle concentration in size range [956 - 1159 nm],
Bin12,cm^-3,particle concentration in size range [1159 - 1404 nm],
Bin13,cm^-3,particle concentration in size range [1404 - 1702 nm],
Bin14,cm^-3,particle concentration in size range [1702 - 2062 nm],
Bin15,cm^-3,particle concentration in size range [2062 - 2500 nm],
0
19
PI_CONTACT_INFO: 325 Broadway R/CSL6, Boulder, CO 80305; troy.thornberry@noaa.gov; 303-497-3373 
PLATFORM: GML ECC/FPH balloon
LOCATION: Boulder, CO, USA
ASSOCIATED_DATA: N/A
INSTRUMENT_INFO: Printed Optical Particle Spectrometer counts particles from 140 - 2500 nm in diameter 
DATA_INFO: Particle concentrations reported in number per cubic centimeter, binned to 100 m altitude
UNCERTAINTY: Counting uncertainty dominated by air flow, less than 5 percent
ULOD_FLAG: -77777
ULOD_VALUE: 3000 ~3000 per cm3 (varies depending on flow rate- manufacturer quotes 1250  per cm3 at 1.667 cc/s)
LLOD_FLAG: -88888
LLOD_VALUE: 0 0 (varies depending on data field and measurement precision)
DM_CONTACT_INFO: Troy Thornberry, 325 Broadway R/CSL6, Boulder, CO 80305; troy.thornberry@noaa.gov; 303-497-3373
PROJECT_INFO: B2SAP Boulder, CO, USA
STIPULATIONS_ON_USE: Please contact the PIs for questions regarding applications and uncertainties
OTHER_COMMENTS: POPS bin Edges (nm):  140, 170, 205, 249, 302, 366, 443, 537, 651, 789, 956, 1159, 1404, 1702, 2062, 2500
Calculations assume sulfate refractive index of 1.45+0.00j and extinction wavelength = 532 nm
REVISION: R0
R0: QA/QC data
TIME_START,TIME_STOP,TIME_MID,GPSAlt,GPS_Lon,GPS_Lat,iMet_Pressure,iMet_Temperature,THETA,Aerosol_concentration,Surface_Area_Conc,Volume_density,Effective_radius,Extinction,Bin01,Bin02,Bin03,Bin04,Bin05,Bin06,Bin07,Bin08,Bin09,Bin10,Bin11,Bin12,Bin13,Bin14,Bin15
[from data line 237]
64524,64536,64530,25.3,-104.829,40.286,24.5273,-48.7355,647.369,1.53146,0.200415,7.47028,0.111822,2.47638e-05,0.510488,0.392683,0.353415,0.196342,0.0785366,0,0,0,0,0,0,0,0,0,0
64537,64548,64542,25.2,-104.829,40.286,24.8982,-49.1555,643.398,1.13074,0.216553,11.1009,0.153785,6.49497e-05,0.428902,0.155964,0.116973,0.194955,0.116973,0.0779822,0.0389911,0,0,0,0,0,0,0,0
64549,64561,64555,25.1,-104.829,40.2861,25.3173,-49.3209,639.854,1.36963,0.213653,10.0538,0.14117,5.45751e-05,0.586983,0.35219,0.0782643,0.156529,0.117397,0.0391322,0.0391322,0,0,0,0,0,0,0,0
64562,64573,64568,25,-104.83,40.2864,25.7442,-49.06,637.558,1.58945,0.293938,13.8419,0.141274,7.00962e-05,0.459175,0.282569,0.211927,0.282569,0.247248,0.105963,0,0,0,0,0,0,0,0,0
64574,64586,64580,24.9,-104.831,40.2865,26.0975,-49.5358,633.717,1.41074,0.245042,12.7789,0.156449,7.67847e-05,0.412899,0.412899,0.240858,0.172041,0.103225,0,0.0344083,0.0344083,0,0,0,0,0,0,0
64586,64598,64592,24.8,-104.831,40.2866,26.5709,-49.4545,630.717,1.77419,0.276084,11.6686,0.126795,4.94498e-05,0.490732,0.339738,0.490732,0.301989,0.0754973,0.0754973,0,0,0,0,0,0,0,0,0
64599,64610,64604,24.7,-104.831,40.2868,26.9836,-48.9173,629.437,1.55993,0.246257,10.7467,0.130921,4.87373e-05,0.594259,0.222847,0.259988,0.29713,0.111424,0.0742824,0,0,0,0,0,0,0,0,0
64611,64623,64617,24.6,-104.832,40.2871,27.3892,-49.0569,626.383,1.83905,0.332381,15.834,0.142914,8.32512e-05,0.436385,0.498726,0.280533,0.280533,0.218192,0.0935111,0.0311704,0,0,0,0,0,0,0,0
64625,64636,64630,24.5,-104.832,40.2875,27.805,-49.6158,622.128,1.59549,0.283198,12.8008,0.135602,6.05056e-05,0.398873,0.299155,0.299155,0.299155,0.232676,0.0664788,0,0,0,0,0,0,0,0,0
64638,64651,64644,24.4,-104.833,40.2879,28.2992,-49.8777,618.286,1.56665,0.311889,16.7435,0.161053,0.000102251,0.522215,0.276467,0.184311,0.21503,0.245748,0.0614371,0.0307185,0.0307185,0,0,0,0,0,0,0
64652,64664,64658,24.3,-104.834,40.2881,28.7277,-50.37,614.268,1.50853,0.239317,10.2534,0.128534,4.5024e-05,0.369437,0.369437,0.400223,0.184718,0.123146,0.0615728,0,0,0,0,0,0,0,0,0
64665,64679,64672,24.2,-104.835,40.2881,29.0821,-50.2321,612.506,1.62847,0.288795,13.1968,0.137088,6.38684e-05,0.457115,0.257127,0.342836,0.257127,0.228558,0.0857091,0,0,0,0,0,0,0,0,0
64679,64692,64686,24.1,-104.836,40.2884,29.68,-50.9577,606.97,1.70924,0.313087,14.9143,0.142908,7.8526e-05,0.42731,0.244177,0.42731,0.335743,0.213655,0,0.0610442,0,0,0,0,0,0,0,0
64694,64707,64700,24,-104.837,40.2888,30.1508,-51.51,602.75,2.34473,0.399823,18.3006,0.137316,9.17227e-05,0.751516,0.48097,0.360728,0.240485,0.450909,0.0300606,0.0300606,0,0,0,0,0,0,0,0
64708,64723,64716,23.9,-104.838,40.2893,30.6907,-51.4129,599.963,1.90644,0.386552,20.477,0.15892,0.000121651,0.571932,0.272349,0.326818,0.354053,0.163409,0.163409,0.0272349,0.0272349,0,0,0,0,0,0,0
64724,64735,64730,23.8,-104.839,40.2899,31.1383,-51.8533,596.298,1.82444,0.323915,15.9269,0.14751,8.96431e-05,0.587532,0.34015,0.278305,0.371073,0.154614,0,0.0927682,0,0,0,0,0,0,0,0
64737,64753,64745,23.7,-104.84,40.2908,31.5907,-52.4557,592.233,2.15051,0.453558,24.0926,0.159358,0.000146324,0.483865,0.456984,0.376339,0.349458,0.215051,0.161288,0.107526,0,0,0,0,0,0,0,0
64753,64767,64760,23.6,-104.841,40.2917,32.1729,-52.7293,588.416,2.18864,0.373102,19.261,0.154872,0.000113732,0.864646,0.513384,0.270202,0.162121,0.243182,0.0810606,0,0.0540404,0,0,0,0,0,0,0
64768,64783,64776,23.5,-104.843,40.2921,32.6769,-52.7225,585.831,2.04181,0.32683,15.2878,0.140328,8.11137e-05,0.774479,0.516319,0.328567,0.0704072,0.187753,0.140814,0.0234691,0,0,0,0,0,0,0,0
64784,64798,64791,23.4,-104.845,40.2921,33.2264,-52.6471,583.239,2.09102,0.356348,16.5783,0.139569,8.52905e-05,0.679582,0.496618,0.261378,0.23524,0.313653,0.0784134,0.0261378,0,0,0,0,0,0,0,0
64799,64813,64806,23.3,-104.846,40.292,33.7671,-52.4164,581.17,2.29832,0.400126,19.9426,0.149523,0.000112972,0.792524,0.554767,0.31701,0.21134,0.264175,0.10567,0.0264175,0.0264175,0,0,0,0,0,0,0
64815,64829,64822,23.2,-104.847,40.2921,34.2153,-52.296,579.289,2.46045,0.442716,21.3842,0.144907,0.000115123,0.861157,0.393672,0.319858,0.418276,0.295254,0.123022,0.049209,0,0,0,0,0,0,0,0
64830,64845,64838,23.1,-104.848,40.2926,34.8407,-52.1193,576.774,2.17057,0.486149,28.7264,0.177269,0.000195608,0.739425,0.453196,0.166967,0.238524,0.238524,0.166967,0.119262,0.0477049,0,0,0,0,0,0,0
64846,64861,64854,23,-104.849,40.2928,35.3721,-52.5021,573.278,2.2774,0.42162,20.9017,0.148724,0.000114727,0.69312,0.420823,0.396069,0.297052,0.297052,0.148526,0,0.0247543,0,0,0,0,0,0,0
64862,64877,64870,22.9,-104.85,40.2929,35.954,-53.326,568.491,2.43622,0.501589,28.6131,0.171135,0.000185897,0.715219,0.447012,0.469363,0.35761,0.245857,0.0447012,0.0670518,0.0894024,0,0,0,0,0,0,0
64878,64894,64886,22.8,-104.851,40.293,36.5135,-53.8076,564.743,2.40498,0.450578,23.7196,0.157928,0.000142913,0.762554,0.50837,0.332396,0.430159,0.195527,0.058658,0.0782107,0.0391054,0,0,0,0,0,0,0
64895,64913,64904,22.7,-104.852,40.2933,37.0706,-54.1388,561.457,2.57666,0.527313,28.6783,0.163157,0.000178889,0.739042,0.559275,0.399482,0.239689,0.379508,0.139819,0.0798964,0.0399482,0,0,0,0,0,0,0
64914,64929,64922,22.6,-104.853,40.2938,37.6867,-54.3793,558.207,2.81353,0.548864,28.7974,0.157402,0.000172872,0.80716,0.691851,0.322864,0.415111,0.299802,0.161432,0.0922468,0.0230617,0,0,0,0,0,0,0
64930,64946,64938,22.5,-104.854,40.2941,38.2918,-52.9194,559.376,2.73037,0.512275,27.0897,0.158643,0.00016674,0.950572,0.525848,0.404499,0.404499,0.202249,0.0808997,0.141575,0.0202249,0,0,0,0,0,0,0
64947,64964,64956,22.4,-104.856,40.2943,38.8787,-53.3787,555.798,2.59489,0.534542,28.4645,0.159751,0.00017138,0.83637,0.300236,0.364572,0.579026,0.214454,0.193009,0.0857816,0.0214454,0,0,0,0,0,0,0
64965,64981,64973,22.3,-104.857,40.2946,39.5153,-55.0118,549.102,2.49069,0.515233,28.9206,0.168393,0.000182396,0.61279,0.53372,0.513952,0.375581,0.197674,0.098837,0.138372,0,0.0197674,0,0,0,0,0,0
64982,64999,64990,22.2,-104.858,40.2954,40.1389,-53.7872,549.726,2.94005,0.573855,30.4721,0.159302,0.000178959,0.75756,0.541114,0.649337,0.450928,0.342706,0.0901857,0.0721485,0.0180371,0.0180371,0,0,0,0,0,0
65000,65016,65008,22.1,-104.86,40.2966,40.8241,-54.3365,545.7,2.44745,0.514812,27.2777,0.158957,0.000161563,0.527143,0.451837,0.48949,0.414183,0.320051,0.169439,0.037653,0.037653,0,0,0,0,0,0,0
65017,65035,65026,22,-104.862,40.2977,41.4583,-56.4633,538.025,3.21656,0.632498,31.632,0.150034,0.000175961,0.730246,0.730246,0.573765,0.38251,0.538991,0.208642,0.0347736,0.0173868,0,0,0,0,0,0,0
65035,65052,65044,21.9,-104.864,40.2985,42.1467,-54.6822,539.901,2.85311,0.661198,37.841,0.171693,0.00024145,0.584373,0.498435,0.429686,0.67031,0.326561,0.154687,0.154687,0.0171874,0.0171874,0,0,0,0,0,0
65054,65070,65062,21.8,-104.867,40.299,42.7881,-56.3331,533.512,2.92185,0.662957,36.1287,0.163489,0.0002236,0.584371,0.503768,0.503768,0.503768,0.503768,0.161206,0.141055,0.0201507,0,0,0,0,0,0,0
65071,65089,65080,21.7,-104.869,40.2989,43.4067,-54.7894,535.121,2.80561,0.539863,28.282,0.157162,0.000169376,0.799065,0.674766,0.35514,0.426168,0.337383,0.088785,0.088785,0.035514,0,0,0,0,0,0,0
65090,65106,65098,21.6,-104.871,40.2985,44.1825,-55.2675,531.24,2.84409,0.598812,30.9193,0.154903,0.000178063,0.515373,0.610812,0.53446,0.458109,0.458109,0.190879,0.0572636,0.0190879,0,0,0,0,0,0,0
65108,65125,65116,21.5,-104.873,40.2977,44.8906,-54.8694,529.811,2.95286,0.676062,39.7622,0.176443,0.000268584,0.63143,0.705716,0.557144,0.352858,0.315715,0.13,0.185715,0.0742859,0,0,0,0,0,0,0
65127,65141,65134,21.4,-104.874,40.2968,45.604,-56.0187,524.646,2.89825,0.623519,33.4752,0.161063,0.000193449,0.550032,0.528877,0.528877,0.571188,0.465412,0.211551,0,0.0211551,0.0211551,0,0,0,0,0,0
65146,65161,65154,21.3,-104.875,40.2963,46.4556,-55.3038,523.601,2.85057,0.547495,28.1698,0.154356,0.000164044,0.907001,0.555306,0.314674,0.536796,0.259143,0.185102,0.0740409,0.0185102,0,0,0,0,0,0,0
65162,65179,65170,21.2,-104.876,40.2963,47.1335,-55.8176,520.207,3.23297,0.68962,36.5308,0.158917,0.000221223,0.896094,0.421691,0.579826,0.456832,0.544685,0.175705,0.158134,0,0,0,0,0,0,0,0
65180,65199,65190,21.1,-104.877,40.2967,47.9117,-56.54,516.055,2.92287,0.605573,32.9692,0.163329,0.000205333,0.610996,0.67705,0.67705,0.346782,0.330268,0.115594,0.115594,0.0495402,0,0,0,0,0,0,0
65200,65217,65208,21,-104.877,40.297,48.7194,-56.0482,514.765,3.05441,0.565445,27.3362,0.145034,0.000147099,0.742508,0.725633,0.540006,0.42188,0.42188,0.135001,0.0675007,0,0,0,0,0,0,0,0
65218,65237,65228,20.9,-104.877,40.2968,49.5482,-56.0282,512.331,3.81751,0.854577,51.2748,0.180001,0.00032669,1.07419,0.776723,0.429676,0.57841,0.512306,0.214838,0.16526,0.049578,0,0.016526,0,0,0,0,0
65238,65255,65246,20.8,-104.877,40.2968,50.3072,-56.6328,508.7,2.94732,0.622538,32.0952,0.154666,0.000186053,0.65674,0.496559,0.400451,0.688776,0.464523,0.112126,0.128144,0,0,0,0,0,0,0,0
65258,65275,65266,20.7,-104.876,40.2975,51.1528,-56.5344,506.502,3.13953,0.734297,40.7249,0.166383,0.000253836,0.676206,0.515205,0.354203,0.644006,0.579605,0.225402,0.0966009,0.0483004,0,0,0,0,0,0,0
65276,65295,65286,20.6,-104.877,40.2986,51.8794,-57.2029,502.916,3.10472,0.644504,33.9124,0.157854,0.000198693,0.730523,0.630907,0.398467,0.630907,0.431673,0.199234,0.0332056,0.0498084,0,0,0,0,0,0,0
65295,65312,65304,20.5,-104.878,40.2995,52.7719,-57.45,499.897,3.22358,0.716483,40.0582,0.167728,0.000254088,0.581301,0.722223,0.722223,0.387534,0.44038,0.193767,0.105691,0.0704608,0,0,0,0,0,0,0
65316,65333,65324,20.4,-104.879,40.3002,53.6029,-58.4947,495.258,3.39742,0.712942,37.9287,0.159601,0.000227919,0.753124,0.669443,0.669443,0.552291,0.368194,0.251041,0.100416,0.0334722,0,0,0,0,0,0,0
65335,65353,65344,20.3,-104.88,40.3009,54.5694,-58.0939,493.661,3.66499,0.870681,50.3379,0.173443,0.000333542,0.83726,0.742476,0.473921,0.552908,0.505516,0.268555,0.23696,0.0473921,0,0,0,0,0,0,0
65354,65374,65364,20.2,-104.88,40.3018,55.3744,-59.0594,489.384,4.05308,0.91662,51.8734,0.169776,0.000327208,0.835849,0.804308,0.709683,0.678142,0.520434,0.315415,0.110395,0.063083,0.0157707,0,0,0,0,0,0
65374,65392,65383,20.1,-104.88,40.3031,56.2678,-59.9072,485.229,4.49523,0.953193,53.4634,0.168266,0.000340662,1.22308,0.873631,0.746557,0.714789,0.412989,0.285916,0.127074,0.111189,0,0,0,0,0,0,0
65393,65413,65403,20,-104.881,40.3044,57.2282,-59.2782,484.309,3.84214,0.811244,45.0898,0.166743,0.000281005,0.889229,0.872451,0.587227,0.671116,0.469781,0.151001,0.134223,0.0503337,0.0167779,0,0,0,0,0,0
65413,65432,65422,19.9,-104.883,40.3055,58.1083,-58.8139,483.25,5.01057,1.04679,57.5173,0.16484,0.000358724,1.2803,1.0116,0.900954,0.71128,0.600636,0.268706,0.12645,0.110644,0,0,0,0,0,0,0
65433,65452,65442,19.8,-104.884,40.3062,59.0358,-60.0416,478.317,5.20799,1.08508,61.4497,0.169895,0.000393253,1.4136,1.05648,0.967197,0.743998,0.505919,0.223199,0.16368,0.11904,0.01488,0,0,0,0,0,0
65453,65473,65463,19.7,-104.884,40.307,59.9777,-60.6377,474.816,5.66636,1.12223,61.4407,0.164247,0.000379937,1.49927,1.25674,1.12445,0.683491,0.683491,0.132288,0.176385,0.0881923,0.0220481,0,0,0,0,0,0
65474,65494,65484,19.6,-104.884,40.3084,61.11,-60.5185,472.562,6.20621,1.10148,56.3373,0.15344,0.000325512,1.8018,1.5873,1.0296,1.0153,0.343201,0.1859,0.1716,0.0572001,0.0143,0,0,0,0,0,0
65495,65514,65504,19.5,-104.884,40.3101,62.1178,-60.7611,469.814,6.22865,1.12462,58.1429,0.1551,0.00033765,1.7523,1.33812,1.48149,0.748712,0.541622,0.14337,0.11151,0.0955803,0.01593,0,0,0,0,0,0
65515,65535,65525,19.4,-104.885,40.3119,63.0744,-60.3344,468.711,6.47472,1.17294,60.2661,0.154141,0.000345013,1.75291,1.65816,1.15282,0.963311,0.489552,0.284256,0.063168,0.0947519,0.015792,0,0,0,0,0,0
65536,65556,65546,19.3,-104.886,40.3135,64.1905,-60.7447,465.471,7.52752,1.50538,86.1835,0.171751,0.00052699,1.85177,1.61089,1.77649,1.0388,0.722642,0.195716,0.135495,0.135495,0.0451651,0.015055,0,0,0,0,0
65557,65578,65568,19.2,-104.886,40.3147,65.2281,-61.3138,462.095,8.77192,1.58424,81.3536,0.154056,0.000467134,2.27824,2.14182,1.92355,1.14594,0.777604,0.204633,0.163706,0.109137,0.0272843,0,0,0,0,0,0
65579,65599,65589,19.1,-104.886,40.3154,66.2811,-61.7995,458.94,9.76324,1.58667,70.9944,0.134233,0.000340057,2.39561,2.45588,2.30521,1.62721,0.557469,0.256134,0.150667,0.0150667,0,0,0,0,0,0,0
65600,65619,65610,19,-104.887,40.316,67.2626,-62.02,456.53,9.28454,1.54849,73.3807,0.142166,0.000381027,2.42337,2.28706,2.18103,1.37829,0.590696,0.212045,0.136315,0.0605842,0.0151461,0,0,0,0,0,0
65620,65640,65630,18.9,-104.887,40.3163,68.4374,-61.0858,456.293,10.3486,1.79104,87.8803,0.1472,0.000471005,2.45533,2.74154,2.22938,1.6871,0.768234,0.195824,0.180761,0.0451902,0.0451902,0,0,0,0,0,0
65641,65662,65652,18.8,-104.887,40.3165,69.5511,-62.0326,452.169,10.4817,1.74644,79.7745,0.137035,0.000391871,2.28719,2.92336,2.27204,1.75705,0.908816,0.151469,0.106029,0.0757347,0,0,0,0,0,0,0
65664,65684,65674,18.7,-104.886,40.3168,70.6968,-62.9941,448.004,11.364,1.96277,98.417,0.150425,0.000517974,2.79829,2.57496,2.75888,2.08887,0.735702,0.15765,0.1051,0.0788252,0.0525501,0.0131375,0,0,0,0,0
65685,65705,65695,18.6,-104.886,40.3169,71.9444,-63.0289,445.706,12.0256,1.99007,91.6175,0.138112,0.000449687,2.70831,2.96381,3.27041,1.83961,0.783537,0.289568,0.0681336,0.085167,0.0170334,0,0,0,0,0,0
65706,65726,65716,18.5,-104.885,40.3172,73.15,-63.3733,442.86,12.8252,2.13979,98.3474,0.137884,0.000482254,3.01455,3.33562,2.67563,2.3724,0.945391,0.285401,0.124863,0.0535127,0.0178376,0,0,0,0,0,0
65727,65746,65736,18.4,-104.883,40.3177,74.2984,-63.7689,440.064,13.3849,2.1977,100.019,0.136532,0.000484799,3.18931,3.54557,3.01967,2.12055,0.983937,0.356253,0.101787,0.0508933,0.0169644,0,0,0,0,0,0
65747,65769,65758,18.3,-104.882,40.3184,75.5463,-64.3311,436.804,13.6413,2.09725,89.5611,0.128112,0.000393059,3.55934,3.44012,3.13358,2.29909,0.953698,0.119212,0.0851516,0.051091,0,0,0,0,0,0,0
65769,65791,65780,18.2,-104.881,40.3187,76.8643,-63.98,435.372,14.2357,2.34229,106.868,0.136876,0.00052266,3.37925,3.39454,3.68507,2.29361,1.02448,0.183489,0.198779,0.0611629,0.0152907,0,0,0,0,0,0
65792,65813,65802,18.1,-104.88,40.3188,78.181,-64.8215,431.528,13.4085,2.09347,91.5089,0.131135,0.000413705,3.44513,3.17016,3.3319,2.37762,0.792541,0.129394,0.0970458,0.0485229,0.0161743,0,0,0,0,0,0
65814,65836,65825,18,-104.878,40.3192,79.4704,-64.4822,430.215,13.9899,2.33402,112.19,0.144201,0.000564353,3.48696,3.38894,3.22089,2.57671,0.840232,0.210058,0.154043,0.0560155,0.0420116,0.0140039,0,0,0,0,0
65839,65858,65848,17.9,-104.875,40.3204,80.8553,-64.7911,427.46,14.4675,2.40619,116.324,0.145031,0.000592523,3.62959,3.73136,3.49391,1.93352,1.18725,0.23745,0.118725,0.0848036,0.0339214,0.0169607,0,0,0,0,0
65860,65881,65870,17.8,-104.873,40.3218,82.0956,-64.1256,426.969,14.5958,2.42968,114.349,0.141191,0.000578424,3.27251,4.01535,3.39297,2.56982,0.722763,0.341305,0.160614,0.080307,0.0401535,0,0,0,0,0,0
65882,65903,65892,17.7,-104.872,40.3235,83.5295,-64.2709,424.56,14.4948,2.24558,101.767,0.135956,0.000485464,3.99452,3.74486,3.30429,2.34972,0.734287,0.176229,0.058743,0.0881145,0.0440572,0,0,0,0,0,0
65904,65926,65915,17.6,-104.871,40.3252,84.8652,-64.2935,422.595,13.6973,2.11514,93.8004,0.133042,0.000433885,3.4698,3.90353,2.96612,2.28055,0.74153,0.181885,0.0559645,0.0699557,0.0279823,0,0,0,0,0,0
65927,65949,65938,17.5,-104.87,40.327,86.22,-62.9245,423.454,15.5801,2.36174,104.298,0.132484,0.000484159,4.34963,4.13142,3.70955,2.18209,0.785551,0.232756,0.0872835,0.0727362,0.0290945,0,0,0,0,0,0
65950,65972,65961,17.4,-104.869,40.3285,87.701,-64.679,417.872,16.1381,2.53333,116.477,0.137933,0.000555725,4.22664,4.18053,3.96535,2.48987,0.814588,0.230544,0.0922175,0.107587,0.0153696,0.0153696,0,0,0,0,0
65973,65996,65984,17.3,-104.868,40.33,89.1885,-68.3805,408.492,16.6288,2.33893,98.118,0.12585,0.000421942,5.17597,4.76518,3.5821,2.08682,0.739424,0.147885,0.0164316,0.0985898,0.0164316,0,0,0,0,0,0
65997,66020,66008,17.2,-104.865,40.3317,90.7252,-68.7833,405.702,17.4271,2.3442,96.2888,0.123226,0.000398849,6.13786,4.77563,3.523,2.12946,0.64197,0.0939468,0.0313156,0.0626312,0.0313156,0,0,0,0,0,0
