api/data/B2SAP/Locations/Boulder/NOAA-POPS-B2SAP_GMLBalloon_20230201_R0.ict
61,1001
Thornberry, T. D.
NOAA Chemical Sciences Laboratory
Portable Optical Particle Spectrometer (POPS)
Balloon Baseline Stratospheric Aerosol Profiles (B2SAP)
1,1
2023,02,01,2024,05,30
0
TIME_START,s,Seconds since midnight UTC on flight start day,Start time of 100 m altitude bin in UTC_seconds_since_midnight
28
1.0,1.0,1.0,1.0,1.0,1.0,1.0,1.0,1.0,1.0,1.0,1.0,1.0,1.0,1.0,1.0,1.0,1.0,1.0,1.0,1.0,1.0,1.0,1.0,1.0,1.0,1.0,1.0
99999,99999,99999,99999,99999,99999,99999,99999,99999,99999,99999,99999,99999,99999,99999,99999,99999,99999,99999,99999,99999,99999,99999,99999,99999,99999,99999,99999
TIME_STOP,s,End time of 100 m altitude bin in UTC seconds since midnight,
TIME_MID,s,Mid time of 100 m altitude in UTC seconds since midnight,
GPSAlt,m,GPS reported altitude above sea level (m),
GPS_Lon,deg,GPS reported longitude,
GPS_Lat,deg,GPS reported latitude,
iMet_Pressure,mb,Pressure reported (mB),
iMet_Temperature,degrees C,Ambient temperature (oC),
THETA,K,Potential temperature from iMet,
Aerosol_concentration,cm^-3,Aerosol concentration,
Surface_Area_Conc,um^2 cm^-3,Surface area concentration,
Volume_density,um^3 cm^-3,Volume density,
Effective_radius,um,Effective radius,
Extinction,km^-1,Extinction,
Bin01,cm^-3,particle concentration in size range [140 - 170 nm],
Bin02,cm^-3,particle concentration in size range [170 - 205 nm],
Bin03,cm^-3,particle concentration in size range [205 - 249 nm],
Bin04,cm^-3,particle concentration in size range [249 - 302 nm],
Bin05,cm^-3,particle concentration in size range [302 - 366 nm],
Bin06,cm^-3,particle concentration in size range [366 - 443 nm],
Bin07,cm^-3,particle concentration in size range [443 - 537 nm],
Bin08,cm^-3,particle concentration in size range [537 - 651 nm],
Bin09,cm^-3,particle concentration in size range [651 - 789 nm],
Bin10,cm^-3,particle concentration in size range [789 - 956 nm],
Bin11,cm^-3,particle concentration in size range [956 - 1159 nm],
Bin12,cm^-3,particle concentration in size range [1159 - 1404 nm],
Bin13,cm^-3,particle concentration in size range [1404 - 1702 nm],
Bin14,cm^-3,particle concentration in size range [1702 - 2062 nm],
Bin15,cm^-3,particle concentration in size range [2062 - 2500 nm],
0
19
PI_CONTACT_INFO: 325 Broadway R/CSL6, Boulder, CO 80305; troy.thornberry@noaa.gov; 303-497-3373 
PLATFORM: GML ECC/FPH balloon
LOCATION: Boulder, CO, USA
ASSOCIATED_DATA: N/A
INSTRUMENT_INFO: Printed Optical Particle Spectrometer counts particles from 140 - 2500 nm in diameter 
DATA_INFO: Particle concentrations reported in number per cubic centimeter, binned to 100 m altitude
UNCERTAINTY: Counting uncertainty dominated by air flow, less than 5 percent
ULOD_FLAG: -77777
ULOD_VALUE: 3000 ~3000 per cm3 (varies depending on flow rate- manufacturer quotes 1250  per cm3 at 1.667 cc/s)
LLOD_FLAG: -88888
LLOD_VALUE: 0 0 (varies depending on data field and measurement precision)
DM_CONTACT_INFO: Troy Thornberry, 325 Broadway R/CSL6, Boulder, CO 80305; troy.thornberry@noaa.gov; 303-497-3373
PROJECT_INFO: B2SAP Boulder, CO, USA
STIPULATIONS_ON_USE: Please contact the PIs for questions regarding applications and uncertainties
OTHER_COMMENTS: POPS bin Edges (nm):  140, 170, 205, 249, 302, 366, 443, 537, 651, 789, 956, 1159, 1404, 1702, 2062, 2500
Calculations assume sulfate refractive index of 1.45+0.00j and extinction wavelength = 532 nm
REVISION: R0
R0: QA/QC data
TIME_START,TIME_STOP,TIME_MID,GPSAlt,GPS_Lon,GPS_Lat,iMet_Pressure,iMet_Temperature,THETA,Aerosol_concentration,Surface_Area_Conc,Volume_density,Effective_radius,Extinction,Bin01,Bin02,Bin03,Bin04,Bin05,Bin06,Bin07,Bin08,Bin09,Bin10,Bin11,Bin12,Bin13,Bin14,Bin15
[from data line 383]
71230,71256,71243,14.3,-104.415,40.0195,132.137,-53.1744,392.21,5.05502,0.850481,50.0064,0.176393,0.000312327,2.30246,1.22047,0.631877,0.337578,0.190429,0.147149,0.10387,0.0779027,0.0259676,0.0173117,0,0,0,0,0
71257,71281,71269,14.2,-104.409,40.0222,134.144,-52.7148,391.328,5.24193,0.863817,59.0948,0.205234,0.000282804,2.64827,1.21948,0.47323,0.336721,0.282118,0.136509,0.0637041,0.0273017,0.0182012,0.0182012,0.00910058,0.00910058,0,0,0
71282,71308,71295,14.1,-104.403,40.0253,136.243,-52.6191,389.77,5.76314,1.08754,76.8538,0.212003,0.000409203,2.32152,1.58983,0.695552,0.379392,0.325193,0.180663,0.135497,0.0722651,0.0180663,0.0270994,0,0.0180663,0,0,0
71309,71333,71321,14,-104.397,40.0283,138.35,-52.2729,388.678,5.19802,0.890206,55.1965,0.186013,0.000285461,2.39149,1.13645,0.54352,0.415051,0.36564,0.148233,0.118586,0.0494109,0.0197643,0,0,0,0.00988217,0,0
71334,71360,71347,13.9,-104.39,40.0311,140.595,-51.9782,387.41,5.68474,1.1841,94.5688,0.239597,0.000453647,2.39764,1.34384,0.628415,0.377049,0.386717,0.290038,0.116015,0.0580075,0.0483396,0,0.0193358,0.00966792,0.00966792,0,0
71361,71387,71374,13.8,-104.382,40.0337,142.92,-51.66,386.147,5.93921,1.10607,79.4422,0.215472,0.000403254,2.6406,1.41857,0.692196,0.401644,0.316188,0.213641,0.128184,0.068365,0.0170912,0.0170912,0.0170912,0.00854562,0,0,0
71388,71418,71403,13.7,-104.374,40.0362,145.322,-50.92,385.601,5.57626,1.01733,63.2608,0.18655,0.000354383,2.18803,1.44946,0.701648,0.387753,0.369288,0.276966,0.0923221,0.0646255,0.0276966,0.00923221,0,0.00923221,0,0,0
71419,71446,71432,13.6,-104.366,40.0387,147.44,-50.1824,385.289,5.93907,1.19202,74.7156,0.188039,0.000491414,2.40618,1.19354,0.725674,0.525159,0.506062,0.257805,0.133677,0.11458,0.0572901,0.0190967,0,0,0,0,0
71448,71477,71462,13.5,-104.357,40.0413,149.951,-49.9892,383.76,5.90869,1.24829,91.1725,0.219114,0.0005368,2.43836,1.26028,0.767126,0.41096,0.438357,0.246576,0.146119,0.100457,0.0547947,0.0273973,0.0182649,0,0,0,0
71478,71507,71492,13.4,-104.347,40.0437,152.421,-51.6007,379.215,6.35096,1.29629,78.6717,0.18207,0.000522732,2.21586,1.54412,0.881108,0.523431,0.401297,0.401297,0.218096,0.104686,0.0523431,0.00872385,0,0,0,0,0
71508,71536,71522,13.3,-104.338,40.0458,154.878,-51.4144,377.807,6.18733,1.47231,114.025,0.232339,0.000670821,2.35662,1.24134,0.756444,0.552786,0.513994,0.252148,0.261846,0.14547,0.058188,0.019396,0.019396,0.009698,0,0,0
71537,71564,71550,13.2,-104.329,40.0483,157.188,-51.4304,376.189,7.21717,1.60644,121.046,0.226052,0.000650622,2.50721,1.77295,0.967065,0.555167,0.64471,0.277583,0.250721,0.161177,0.0447715,0,0,0.0268629,0.0089543,0,0
71565,71591,71578,13.1,-104.321,40.051,159.506,-50.8396,375.605,6.93545,1.34939,80.1721,0.17824,0.000521245,2.79273,1.29846,1.05114,0.535874,0.546179,0.350379,0.185495,0.113358,0.0515264,0.0103053,0,0,0,0,0
71592,71621,71606,13,-104.312,40.0536,161.92,-49.9407,375.514,6.35888,1.20114,73.8851,0.184538,0.000437337,2.46711,1.54629,0.764456,0.599403,0.34748,0.356167,0.130305,0.104244,0.026061,0.008687,0.008687,0,0,0,0
71623,71650,71636,12.9,-104.304,40.0568,164.715,-49.9531,373.666,7.3332,1.47755,99.4634,0.20195,0.000574703,2.78416,1.79319,0.906032,0.594584,0.490768,0.386951,0.188757,0.103816,0.056627,0.00943784,0.00943784,0.00943784,0,0,0
71652,71679,71666,12.8,-104.296,40.0601,167.307,-49.8942,372.102,6.41914,1.14664,67.6777,0.177067,0.000362531,2.49633,1.58069,0.867452,0.462641,0.443364,0.298789,0.202405,0.0578301,0,0,0,0,0.00963835,0,0
71680,71709,71694,12.7,-104.288,40.0637,169.979,-49.415,371.207,7.03782,1.28889,79.0668,0.184035,0.000452548,2.69036,1.8813,0.896785,0.477636,0.448393,0.360664,0.185206,0.0389907,0.029243,0.0194953,0.00974767,0,0,0,0
71710,71741,71726,12.6,-104.28,40.0669,172.715,-48.7644,370.597,7.36532,1.46524,97.0966,0.1988,0.000569801,2.92667,1.67112,0.857666,0.663144,0.557041,0.291783,0.18568,0.141471,0.0442096,0.00884192,0.0176838,0,0,0,0
71742,71774,71758,12.5,-104.271,40.07,175.412,-49.1944,368.257,7.69525,1.27938,64.8405,0.152043,0.000376807,2.84881,2.00632,1.09436,0.67746,0.547179,0.260562,0.173708,0.0694831,0.0173708,0,0,0,0,0,0
71775,71805,71790,12.4,-104.262,40.0724,178.187,-49.695,365.787,7.63267,1.50469,96.317,0.192033,0.000606898,3.06226,1.83,0.928795,0.533367,0.441408,0.377036,0.257488,0.119548,0.0643719,0.00919599,0.00919599,0,0,0,0
71806,71833,71820,12.3,-104.253,40.0746,181,-49.8018,363.975,7.99947,1.52809,96.4373,0.189329,0.000576766,3.08847,1.92075,1.16773,0.534753,0.534753,0.371053,0.1637,0.1637,0.0218267,0.0218267,0.0109133,0,0,0,0
71834,71859,71846,12.2,-104.245,40.0765,183.814,-49.1968,363.358,7.96859,1.57338,100.98,0.19254,0.000629314,3.00413,1.76938,1.15837,0.712845,0.59828,0.381881,0.152752,0.0763762,0.0509175,0.0636468,0,0,0,0,0
71860,71881,71870,12.1,-104.239,40.0781,186.424,-49.0618,362.12,7.9241,1.51579,104.337,0.206501,0.000547117,3.07376,1.88938,1.19849,0.634492,0.465294,0.338396,0.155098,0.0986988,0.0140998,0.0281996,0.0281996,0,0,0,0
71882,71907,71894,12,-104.232,40.0798,189.543,-49.3557,359.933,8.30579,1.4894,85.1422,0.171497,0.000558313,3.63519,1.99204,0.821576,0.517705,0.618995,0.236344,0.30387,0.123799,0.0562723,0,0,0,0,0,0
71908,71934,71921,11.9,-104.224,40.0814,192.651,-49.759,357.613,8.76453,1.58447,89.3527,0.169179,0.00055709,3.48538,1.8846,1.33966,0.692534,0.590357,0.37465,0.26112,0.0681181,0.0567651,0.011353,0,0,0,0,0
71935,71965,71950,11.8,-104.216,40.0829,195.56,-50.7635,354.488,9.30608,1.67054,104.617,0.187874,0.000573695,3.95409,2.29657,1.02846,0.599104,0.659014,0.399403,0.219671,0.0798805,0.0399403,0.00998507,0.00998507,0.00998507,0,0,0
71968,72012,71990,11.7,-104.204,40.0855,198.74,-51.1374,352.269,9.14723,1.56008,93.3251,0.179462,0.000498953,3.69828,2.41446,1.1817,0.612733,0.6565,0.277189,0.167772,0.0875333,0.0145889,0.0218833,0.00729444,0.00729444,0,0,0
72016,72066,72041,11.6,-104.189,40.0894,201.896,-50.8604,351.123,9.21273,1.52419,91.7618,0.180611,0.000448296,3.89216,2.28104,1.24018,0.686526,0.548113,0.310044,0.160558,0.044292,0.0166095,0.011073,0.011073,0.011073,0,0,0
72067,72103,72085,11.5,-104.176,40.0926,204.843,-50.906,349.593,9.85445,1.59865,101.07,0.189667,0.000473616,4.45475,2.51665,1.2535,0.568897,0.462831,0.279627,0.173562,0.106066,0.00964232,0,0,0.0192846,0.00964232,0,0
72106,72137,72122,11.4,-104.164,40.0957,208.851,-50.0621,348.987,9.47124,1.57911,88.5003,0.168133,0.000540469,4.13254,2.09593,1.50274,0.67228,0.375686,0.33614,0.138411,0.158183,0.0395459,0.0197729,0,0,0,0,0
72138,72167,72152,11.3,-104.158,40.0972,211.285,-52.4627,344.095,10.0579,1.66911,105.813,0.190184,0.000535059,4.41539,2.61855,1.3038,0.613552,0.460164,0.328689,0.164344,0.0766941,0.0328689,0.0219126,0.0109563,0,0.0109563,0,0
72168,72192,72180,11.2,-104.151,40.0984,213.936,-52.5008,342.813,9.85924,1.72228,106.485,0.185484,0.000550038,4.19492,2.20411,1.32721,0.782104,0.616203,0.402902,0.213301,0.0711003,0,0.0237001,0.0237001,0,0,0,0
72195,72220,72208,11.1,-104.141,40.1001,218.137,-52.015,341.652,9.90421,1.63023,85.6777,0.157667,0.000505873,3.97471,2.46519,1.50952,0.662452,0.597293,0.347516,0.206338,0.108599,0.0217198,0.0108599,0,0,0,0,0
72221,72247,72234,11,-104.133,40.1015,221.62,-52.6526,339.134,9.55263,1.59489,87.1739,0.163975,0.00051983,4.09097,2.24582,1.25471,0.643168,0.643168,0.347943,0.179244,0.0948937,0.0316312,0.0210875,0,0,0,0,0
72248,72276,72262,10.9,-104.125,40.1029,225.247,-52.4348,337.902,9.06269,1.48472,86.296,0.174368,0.000465968,3.9386,2.15545,1.30307,0.597648,0.519268,0.264533,0.127368,0.0881776,0.058785,0,0,0,0.00979751,0,0
72277,72296,72286,10.8,-104.119,40.1044,228.072,-52.34,336.847,7.96097,1.11101,51.6339,0.139425,0.000280898,4.1707,1.77537,0.817232,0.281804,0.493157,0.211353,0.197263,0,0.0140902,0,0,0,0,0,0
72316,72346,72331,10.7,-104.108,40.1071,232.701,-52.1369,335.218,8.10862,1.11045,63.209,0.170765,0.000317411,4.48625,1.875,0.883506,0.333769,0.245418,0.117801,0.0687171,0.0196335,0.0490837,0.0196335,0.00981673,0,0,0,0
72347,72385,72366,10.6,-104.099,40.109,235.97,-51.5032,334.845,7.23146,1.0128,59.3602,0.17583,0.000288467,4.22665,1.35759,0.733101,0.407278,0.208165,0.099557,0.126709,0.0271519,0.0181013,0.0181013,0,0,0.00905063,0,0
72386,72424,72405,10.5,-104.089,40.1106,239.795,-51.1613,333.829,6.80224,0.836785,39.4978,0.141605,0.000207124,4.19329,1.36614,0.588199,0.275125,0.132819,0.104358,0.0853837,0.0284612,0.0189742,0.00948708,0,0,0,0,0
72427,72457,72442,10.4,-104.08,40.1112,243.563,-51.6276,331.649,6.51203,0.830444,39.5105,0.142733,0.000205561,3.79964,1.38481,0.56079,0.343341,0.183115,0.114447,0.0686681,0.0343341,0.0114447,0.0114447,0,0,0,0,0
72458,72487,72472,10.3,-104.072,40.1116,247.36,-51.2204,330.784,5.53135,0.696059,32.3456,0.139409,0.00016084,3.05619,1.33636,0.464819,0.336994,0.197548,0.0464819,0.0348614,0.0464819,0,0.0116205,0,0,0,0,0
72490,72517,72504,10.2,-104.063,40.1122,251.376,-51.0378,329.54,6.30508,0.858348,44.1312,0.154242,0.00025281,3.5373,1.5018,0.546109,0.223408,0.210997,0.0992926,0.086881,0.0744695,0.0124116,0.0124116,0,0,0,0,0
72518,72548,72533,10.1,-104.055,40.113,255.243,-50.7336,328.559,7.04959,0.991768,55.6799,0.168426,0.000274537,3.77459,1.73187,0.6439,0.333052,0.25534,0.122119,0.122119,0.0333052,0.0111017,0.0111017,0.0111017,0,0,0,0
72550,72583,72566,10,-104.046,40.114,259.395,-50.9703,326.703,7.95662,1.0896,50.7183,0.139643,0.000268931,3.85805,1.94345,1.05832,0.461811,0.298253,0.153937,0.125074,0.0288632,0.0288632,0,0,0,0,0,0
72584,72618,72601,9.9,-104.036,40.1154,263.571,-51.3304,324.678,8.97089,1.25119,62.8345,0.15066,0.000332721,4.39514,2.27784,1.03356,0.582004,0.301037,0.160553,0.150518,0.0401382,0,0.0301037,0,0,0,0,0
72619,72657,72638,9.8,-104.028,40.1169,267.82,-51.0948,323.544,8.66616,1.27172,71.8714,0.169545,0.000373687,4.2821,2.23281,0.917593,0.479188,0.397624,0.101955,0.142737,0.0611729,0.020391,0.020391,0.0101955,0,0,0,0
72658,72694,72676,9.7,-104.02,40.1182,271.783,-50.5817,322.937,8.3977,1.32992,76.0537,0.171559,0.000424917,3.99521,2.11397,0.921226,0.378187,0.465461,0.203639,0.184245,0.087274,0.0387885,0,0,0.00969711,0,0,0
72699,72736,72718,9.6,-104.012,40.1191,276.19,-49.8754,322.478,8.67588,1.21226,57.831,0.143115,0.000318547,4.43434,2.11274,0.795289,0.481993,0.425761,0.22493,0.112465,0.0642658,0.0240997,0,0,0,0,0,0
72737,72777,72757,9.5,-104.004,40.1192,280.163,-49.3094,321.972,8.61075,1.33634,97.9229,0.219832,0.00041408,4.27789,2.01528,1.18169,0.412217,0.366415,0.128245,0.109924,0.0458019,0.0549622,0,0,0.00916037,0,0.00916037,0
72779,72813,72796,9.4,-103.997,40.1187,284.779,-49.6557,319.979,8.35099,1.20975,58.6648,0.14548,0.000319958,3.82753,2.10763,1.05381,0.566674,0.407608,0.149125,0.159066,0.0695915,0,0.00994165,0,0,0,0,0
72814,72849,72832,9.3,-103.992,40.1178,288.835,-49.0962,319.489,8.19903,1.25023,73.1244,0.175466,0.000391159,4.22181,1.8929,0.765669,0.510446,0.404103,0.138246,0.14888,0.0638057,0.0212686,0.0212686,0.0106343,0,0,0,0
72850,72885,72868,9.2,-103.987,40.1165,293.4,-48.2381,319.281,8.42721,1.25122,66.4102,0.159229,0.000388294,4.21877,2.00599,0.971972,0.423945,0.361905,0.144762,0.165442,0.103401,0.0103401,0.0206803,0,0,0,0,0
72886,72921,72904,9.1,-103.982,40.1149,298.029,-47.5694,318.793,7.9713,1.19421,71.8552,0.180508,0.00033069,4.01703,1.68572,1.10289,0.466263,0.376597,0.134499,0.0986325,0.044833,0.00896659,0.0179332,0,0.0179332,0,0,0
72922,72956,72939,9,-103.978,40.1126,302.915,-47.435,317.508,8.40889,1.32356,73.6397,0.166913,0.000398406,3.85858,2.16167,0.864667,0.507992,0.540417,0.172933,0.216167,0.0432333,0.032425,0,0.0108083,0,0,0,0
72956,72989,72972,8.9,-103.975,40.11,307.563,-46.3576,317.641,7.39567,1.20754,70.4553,0.175038,0.000396933,3.56017,1.67091,0.844948,0.427221,0.360764,0.218357,0.218357,0.0569628,0.0189876,0.0094938,0.0094938,0,0,0,0
72990,73025,73008,8.8,-103.972,40.1069,312.368,-45.2658,317.763,7.45181,1.19259,67.4168,0.16959,0.000373793,3.49561,1.57919,1.08569,0.444148,0.403023,0.172724,0.139824,0.106924,0.00822495,0.00822495,0.00822495,0,0,0,0
73026,73066,73046,8.7,-103.969,40.102,317.746,-45.1354,316.388,7.20029,1.47066,150.736,0.307486,0.000572081,3.23907,1.59298,0.902691,0.435416,0.499135,0.191158,0.212398,0.0530995,0.0212398,0.0212398,0,0.0212398,0,0,0.0106199
73070,73109,73090,8.6,-103.967,40.0968,321.938,-44.7306,315.768,6.867,1.31597,88.0736,0.20078,0.000532275,2.92073,1.5178,1.01733,0.41842,0.377398,0.213312,0.237925,0.0820431,0.0328172,0.0410215,0,0.00820431,0,0,0
73110,73151,73130,8.5,-103.964,40.0902,326.742,-44.3832,314.916,6.72835,1.23519,69.4799,0.168751,0.000436515,2.72858,1.42502,0.833959,0.623445,0.493898,0.291481,0.234804,0.0566768,0.0323867,0.00809668,0,0,0,0,0
73152,73190,73171,8.4,-103.962,40.0834,331.609,-43.5532,314.729,6.89217,1.33297,87.2525,0.196372,0.000462635,2.6858,1.52058,0.933832,0.570216,0.570216,0.24792,0.280976,0.04132,0.016528,0,0.024792,0,0,0,0
73192,73231,73212,8.3,-103.959,40.0759,336.793,-42.7275,314.456,5.59097,1.22889,92.7754,0.226485,0.00053998,2.2092,1.13859,0.790213,0.450337,0.46733,0.135951,0.203926,0.101963,0.0424846,0.0339877,0.00849692,0,0.00849692,0,0
73232,73270,73251,8.2,-103.956,40.069,342.048,-42.1017,313.92,3.10049,0.510589,26.123,0.153488,0.000152927,1.24931,0.665693,0.510669,0.264453,0.227977,0.0729526,0.0638336,0.0364763,0.00911908,0,0,0,0,0,0
73271,73309,73290,8.1,-103.952,40.0627,347.093,-41.3109,313.682,0.982779,0.208842,13.8435,0.19886,9.2424e-05,0.36646,0.233202,0.141587,0.0499718,0.0749577,0.0333145,0.0583004,0.0166573,0,0.00832863,0,0,0,0,0
73310,73348,73329,8,-103.948,40.0565,352.194,-40.4758,313.505,0.629001,0.116778,6.12613,0.157379,3.79252e-05,0.241261,0.137863,0.0689316,0.0430823,0.0775481,0.0258494,0.0344658,0,0,0,0,0,0,0,0
73349,73388,73368,7.9,-103.944,40.0503,357.42,-39.607,313.351,1.94938,0.300526,14.0083,0.139838,7.51626e-05,0.760339,0.461057,0.323549,0.194129,0.0970646,0.0485323,0.0647097,0,0,0,0,0,0,0,0
73390,73429,73410,7.8,-103.94,40.0441,362.85,-38.72,313.185,3.29731,0.67713,44.1491,0.195601,0.000274519,1.11049,0.79443,0.495451,0.298979,0.290437,0.128134,0.119592,0.0170845,0.00854226,0.034169,0,0,0,0,0
73431,73470,73450,7.7,-103.935,40.038,368.228,-37.9758,312.865,2.39101,0.423894,24.0159,0.169966,0.000143762,0.892421,0.614591,0.328343,0.168381,0.227315,0.0757716,0.0420953,0.0252572,0.00841906,0.00841906,0,0,0,0,0
73471,73509,73490,7.6,-103.931,40.0322,373.421,-37.2893,312.528,2.11372,0.406333,30.0786,0.222073,0.000141007,0.883066,0.450927,0.319407,0.159703,0.150309,0.028183,0.0939432,0.00939432,0.00939432,0,0,0,0.00939432,0,0
73511,73550,73530,7.5,-103.926,40.0264,379.043,-36.5365,312.192,5.3278,1.00772,62.8208,0.187019,0.000360563,2.04378,1.23151,0.751132,0.462907,0.358098,0.209618,0.183416,0.0611387,0,0.0174682,0.00873409,0,0,0,0
73551,73590,73570,7.4,-103.922,40.0207,384.642,-35.7874,311.861,9.33988,1.86468,123.655,0.198944,0.000762471,3.67142,2.01448,1.40403,0.706377,0.732539,0.218018,0.348828,0.113369,0.0872071,0.0348828,0,0,0.00872071,0,0
73591,73631,73611,7.3,-103.917,40.0151,390.322,-35.0316,311.549,9.55812,1.96905,156.661,0.238685,0.000789321,3.9722,1.92817,1.26614,0.935123,0.653759,0.297915,0.248263,0.148958,0.0331017,0.0413771,0.0165509,0.00827543,0,0.00827543,0
73633,73670,73652,7.2,-103.914,40.0099,395.94,-34.19,311.379,13.1703,2.54775,150.521,0.17724,0.000888302,4.79741,2.87845,1.86976,1.1481,1.22191,0.541247,0.508444,0.164014,0.0246021,0,0,0.0164014,0,0,0
73671,73711,73691,7.1,-103.91,40.0045,401.757,-33.3483,311.18,20.041,4.52557,408.125,0.270546,0.00187232,6.81438,4.52057,2.97896,1.93633,1.62353,0.80432,0.886241,0.312791,0.104264,0.0148948,0,0.0074474,0.0074474,0.0074474,0.0223422
73712,73751,73732,7,-103.906,39.9993,407.242,-32.6534,310.873,19.2119,4.03401,297.408,0.221175,0.00155932,7.00556,4.38308,2.67405,1.75323,1.52487,0.729285,0.699819,0.265195,0.0810317,0.0294661,0.014733,0.0220996,0.0220996,0.00736652,0
