api/data/B2SAP/Locations/Boulder/NOAA-POPS-B2SAP_GMLBalloon_20240404_R0.ict
82,1001
Thornberry, T. D.
NOAA Chemical Sciences Laboratory
Portable Optical Particle Spectrometer (POPS)
Balloon Baseline Stratospheric Aerosol Profiles (B2SAP)
1,1
2024,04,04,2024,05,28
0
TIME_START,s,Seconds since midnight UTC on flight start day,Start time of 100 m altitude bin in UTC_seconds_since_midnight
49
1.0,1.0,1.0,1.0,1.0,1.0,1.0,1.0,1.0,1.0,1.0,1.0,1.0,1.0,1.0,1.0,1.0,1.0,1.0,1.0,1.0,1.0,1.0,1.0,1.0,1.0,1.0,1.0,1.0,1.0,1.0,1.0,1.0,1.0,1.0,1.0,1.0,1.0,1.0,1.0,1.0,1.0,1.0,1.0,1.0,1.0,1.0,1.0,1.0
99999,99999,99999,99999,99999,99999,99999,99999,99999,99999,99999,99999,99999,99999,99999,99999,99999,99999,99999,99999,99999,99999,99999,99999,99999,99999,99999,99999,99999,99999,99999,99999,99999,99999,99999,99999,99999,99999,99999,99999,99999,99999,99999,99999,99999,99999,99999,99999,99999
TIME_STOP,s,End time of 100 m altitude bin in UTC seconds since midnight,
TIME_MID,s,Mid time of 100 m altitude in UTC seconds since midnight,
GPSAlt,km,GPS reported altitude above sea level (km),
GPS_Lon,deg,GPS reported longitude,
GPS_Lat,deg,GPS reported latitude,
iMet_Pressure,hPa,Pressure reported (hPa),
iMet_Temperature,degrees C,Ambient temperature (oC),
THETA,K,Potential temperature from iMet,
Aerosol_concentration,cm^-3,Aerosol concentration,
Surface_Area_Conc,um^2 cm^-3,Surface area concentration,
Volume_density,um^3 cm^-3,Volume density,
Effective_radius,um,Effective radius,
Extinction,km^-1,Extinction,
Bin01,cm^-3,particle concentration in size range [140 - 146.14 nm],
Bin02,cm^-3,particle concentration in size range [146.14 - 152.56 nm],
Bin03,cm^-3,particle concentration in size range [152.56 - 159.25 nm],
Bin04,cm^-3,particle concentration in size range [159.25 - 166.24 nm],
Bin05,cm^-3,particle concentration in size range [166.24 - 173.54 nm],
Bin06,cm^-3,particle concentration in size range [173.54 - 181.16 nm],
Bin07,cm^-3,particle concentration in size range [181.16 - 189.11 nm],
Bin08,cm^-3,particle concentration in size range [189.11 - 197.41 nm],
Bin09,cm^-3,particle concentration in size range [197.41 - 206.07 nm],
Bin10,cm^-3,particle concentration in size range [206.07 - 215.12 nm],
Bin11,cm^-3,particle concentration in size range [215.12 - 224.56 nm],
Bin12,cm^-3,particle concentration in size range [224.56 - 234.41 nm],
Bin13,cm^-3,particle concentration in size range [234.41 - 244.70 nm],
Bin14,cm^-3,particle concentration in size range [244.70 - 361.30 nm],
Bin15,cm^-3,particle concentration in size range [361.30 - 472.80 nm],
Bin16,cm^-3,particle concentration in size range [472.80 - 567.00 nm],
Bin17,cm^-3,particle concentration in size range [567.00 - 610.66 nm],
Bin18,cm^-3,particle concentration in size range [610.66 - 657.69 nm],
Bin19,cm^-3,particle concentration in size range [657.69 - 708.33 nm],
Bin20,cm^-3,particle concentration in size range [708.33 - 762.88 nm],
Bin21,cm^-3,particle concentration in size range [762.88 - 821.62 nm],
Bin22,cm^-3,particle concentration in size range [821.62 - 884.89 nm],
Bin23,cm^-3,particle concentration in size range [884.89 - 953.03 nm],
Bin24,cm^-3,particle concentration in size range [953.03 - 1026.42 nm],
Bin25,cm^-3,particle concentration in size range [1026.42 - 1105.46 nm],
Bin26,cm^-3,particle concentration in size range [1105.46 - 1190.59 nm]],
[...]
LOCATION: Boulder, CO, USA
ASSOCIATED_DATA: N/A
INSTRUMENT_INFO: Printed Optical Particle Spectrometer counts particles from 140 - 2500 nm in diameter 
DATA_INFO: Particle concentrations reported in number per cubic centimeter, binned to 100 m altitude
UNCERTAINTY: Counting uncertainty dominated by air flow, less than 5 percent
ULOD_FLAG: -77777
ULOD_VALUE: 3000 ~3000 per cm3 (varies depending on flow rate- manufacturer quotes 1250  per cm3 at 1.667 cc/s)
LLOD_FLAG: -88888
LLOD_VALUE: 0 0 (varies depending on data field and measurement precision)
DM_CONTACT_INFO: Troy Thornberry, 325 Broadway R/CSL6, Boulder, CO 80305; troy.thornberry@noaa.gov; 303-497-3373
PROJECT_INFO: B2SAP Boulder, CO, USA
STIPULATIONS_ON_USE: Please contact the PIs for questions regarding applications and uncertainties
OTHER_COMMENTS: POPS bin Edges (nm):  140, 146.14, 152.56, 159.25, 166.24, 173.54, 181.16, 189.11, 197.41, 206.07, 215.12, 224.56, 234.41, 244.70, 361.30, 472.80, 567.00, 610.66, 657.69, 708.33, 762.88, 821.62, 884.89, 953.03, 1026.42, 1105.46, 1190.59, 1282.27, 1381.01, 1487.36, 1601.89, 1725.25, 1858.10, 2001.18, 2155.28, 2321.25, 2500
Calculations assume sulfate refractive index of 1.45+0.00j and extinction wavelength = 532 nm
REVISION: R0
R0: QA/QC data
TIME_START,TIME_STOP,TIME_MID,GPSAlt,GPS_Lon,GPS_Lat,iMet_Pressure,iMet_Temperature,THETA,Aerosol_concentration,Surface_Area_Conc,Volume_density,Effective_radius,Extinction,Bin01,Bin02,Bin03,Bin04,Bin05,Bin06,Bin07,Bin08,Bin09,Bin10,Bin11,Bin12,Bin13,Bin14,Bin15,Bin16,Bin17,Bin18,Bin19,Bin20,Bin21,Bin22,Bin23,Bin24,Bin25,Bin26,Bin27,Bin28,Bin29,Bin30,Bin31,Bin32,Bin33,Bin34,Bin35,Bin36
[from data line 202]
66210,66231,66220,21.7,-104.522,40.1153,43.059,-59.1665,525.594,2.14825,0.682479,55.8298,0.245413,0.000396895,0.201006,0.150754,0.125629,0.163317,0.100503,0.0376886,0.163317,0.0753771,0.08794,0.0753771,0.08794,0.0376886,0.0376886,0.314071,0.251257,0.113066,0.0251257,0.0125629,0.0125629,0.0251257,0.0125629,0.0125629,0.0251257,0,0,0,0,0,0,0,0,0,0,0,0,0
66232,66253,66242,21.8,-104.519,40.1166,42.4086,-58.98,528.343,2.32973,0.877928,75.4083,0.25768,0.000572125,0.171304,0.228405,0.171304,0.045681,0.0685215,0.114202,0.137043,0.114202,0.102782,0.0571012,0.0799417,0.0342607,0.045681,0.285506,0.228405,0.239825,0.045681,0.0342607,0.0571012,0,0.0228405,0.0342607,0.0114202,0,0,0,0,0,0,0,0,0,0,0,0,0
66254,66279,66266,21.9,-104.515,40.117,41.7339,-58.8017,531.214,2.07625,0.654276,50.8617,0.233212,0.000379415,0.207625,0.142059,0.174842,0.0437106,0.0983488,0.0764935,0.0437106,0.0874211,0.152987,0.0764935,0.109276,0.0327829,0.0655658,0.295046,0.163915,0.174842,0.0437106,0.0218553,0.0327829,0,0.0218553,0,0.0109276,0,0,0,0,0,0,0,0,0,0,0,0,0
66280,66302,66291,22,-104.511,40.1168,41.0757,-57.9519,535.746,1.82349,0.606579,48.4689,0.239716,0.000362479,0.1311,0.107264,0.1311,0.166855,0.107264,0.119182,0.0953457,0.0715093,0.0357546,0.0119182,0.0595911,0.0238364,0.0357546,0.238364,0.226446,0.119182,0.0834275,0,0.0119182,0.0119182,0.0238364,0,0.0119182,0,0,0,0,0,0,0,0,0,0,0,0,0
66303,66324,66314,22.1,-104.509,40.1169,40.4405,-57.8152,538.479,1.89577,0.691667,59.4829,0.257998,0.000440658,0.19077,0.0715387,0.143077,0.0834618,0.119231,0.0715387,0.0715387,0.0596156,0.0953849,0.0596156,0.0596156,0.0834618,0.0476924,0.238462,0.143077,0.202693,0.0476924,0.0238462,0.0357693,0,0.0119231,0,0.0357693,0,0,0,0,0,0,0,0,0,0,0,0,0
66325,66345,66335,22.2,-104.508,40.1171,39.8253,-57.7079,541.111,1.96066,0.781811,65.8994,0.252872,0.00050696,0.10527,0.0657939,0.10527,0.0526351,0.0789527,0.0657939,0.0657939,0.0657939,0.10527,0.131588,0.0131588,0.157905,0.0263176,0.32897,0.236858,0.157905,0.0394764,0.0394764,0.0263176,0.0394764,0.0394764,0.0131588,0,0,0,0,0,0,0,0,0,0,0,0,0,0
66346,66364,66355,22.3,-104.507,40.1174,39.2111,-57.41,544.271,2.32775,0.822246,65.3851,0.23856,0.000503324,0.207835,0.138557,0.124701,0.138557,0.0969898,0.0831341,0.0831341,0.124701,0.0831341,0.0692784,0.0554227,0.0554227,0.0692784,0.346392,0.221691,0.263258,0.041567,0.041567,0.041567,0.0277114,0,0,0.0138557,0,0,0,0,0,0,0,0,0,0,0,0,0
66365,66382,66374,22.4,-104.506,40.1178,38.65,-57.2344,546.962,2.36982,0.775638,62.0077,0.239832,0.000458694,0.235596,0.152445,0.152445,0.166303,0.180162,0.138586,0.152445,0.0692931,0.0831517,0,0.0277172,0,0.0415758,0.374182,0.207879,0.263314,0.0554344,0.0138586,0,0.0138586,0.0138586,0,0.0277172,0,0,0,0,0,0,0,0,0,0,0,0,0
66383,66401,66392,22.5,-104.505,40.1184,38.0437,-57.4205,548.965,2.0915,0.718933,58.0834,0.242373,0.00043459,0.131541,0.144695,0.184157,0.118387,0.0789244,0.0526163,0.118387,0.0657703,0.0789244,0.0789244,0.0657703,0.0789244,0.0263081,0.315698,0.249927,0.144695,0.0526163,0.0263081,0.0131541,0.0131541,0.0263081,0.0263081,0,0,0,0,0,0,0,0,0,0,0,0,0,0
66402,66419,66410,22.6,-104.505,40.1191,37.4528,-57.2061,551.974,1.95418,0.618086,43.7453,0.212326,0.000332226,0.097016,0.138594,0.110875,0.097016,0.097016,0.124735,0.0277189,0.0692971,0.0554377,0.0831566,0.0554377,0.110875,0.0138594,0.388064,0.180173,0.207891,0.0554377,0.0138594,0.0277189,0,0,0,0,0,0,0,0,0,0,0,0,0,0,0,0,0
66420,66441,66430,22.7,-104.504,40.1193,36.8795,-56.3773,556.541,1.87674,0.690911,58.7845,0.255248,0.000441879,0.158279,0.18089,0.113057,0.146974,0.0791396,0.0678339,0.0791396,0.0113057,0.0565283,0.0226113,0.0226113,0.0678339,0.0565283,0.316558,0.135668,0.214807,0.0452226,0.0226113,0.0113057,0.0226113,0,0.033917,0.0113057,0,0,0,0,0,0,0,0,0,0,0,0,0
66442,66465,66454,22.8,-104.502,40.1199,36.2858,-56.5454,558.693,2.05198,0.632731,48.1862,0.228468,0.000357675,0.176181,0.113999,0.186544,0.113999,0.0621814,0.103636,0.155453,0.093272,0.0518178,0.0725449,0.0310907,0.0518178,0.0621814,0.29018,0.238362,0.103636,0.0621814,0.0310907,0.0207271,0.0103636,0.0103636,0,0.0103636,0,0,0,0,0,0,0,0,0,0,0,0,0
66466,66493,66480,22.9,-104.5,40.1207,35.7261,-56.5707,561.116,1.88262,0.70117,58.3677,0.24973,0.000443666,0.150965,0.168726,0.0976832,0.106563,0.0710423,0.0976832,0.0799226,0.0355212,0.062162,0.0532817,0.0177606,0.0177606,0.0266409,0.364092,0.213127,0.150965,0.0355212,0.0532817,0.0266409,0,0.0355212,0.00888029,0.00888029,0,0,0,0,0,0,0,0,0,0,0,0,0
66494,66519,66506,23,-104.499,40.1214,35.1673,-56.185,564.655,2.01857,0.710595,60.1469,0.253929,0.000441995,0.1435,0.124367,0.1148,0.181767,0.124367,0.0861,0.0861,0.0669666,0.0765333,0.0669666,0.0669666,0.0669666,0.0287,0.248733,0.2009,0.181767,0.0478333,0.0287,0.0191333,0.0191333,0,0,0.0382667,0,0,0,0,0,0,0,0,0,0,0,0,0
66520,66541,66530,23.1,-104.497,40.1222,34.6277,-56.0718,567.448,1.96527,0.65754,51.4913,0.234927,0.000388827,0.16942,0.124241,0.0903574,0.124241,0.0790627,0.101652,0.112947,0.0903574,0.0564734,0.0451787,0.067768,0.0451787,0.0112947,0.36143,0.16942,0.180715,0.067768,0,0.0112947,0.0451787,0,0,0.0112947,0,0,0,0,0,0,0,0,0,0,0,0,0
66542,66563,66552,23.2,-104.497,40.1231,34.1314,-55.6186,570.983,1.85343,0.644583,51.5904,0.24011,0.000392543,0.15822,0.135617,0.0678084,0.0904111,0.101713,0.0791098,0.0791098,0.101713,0.056507,0.0678084,0.0339042,0.0791098,0.0226028,0.293836,0.146918,0.203425,0.0452056,0.0452056,0.0113014,0.0113014,0,0.0113014,0.0113014,0,0,0,0,0,0,0,0,0,0,0,0,0
66564,66583,66574,23.3,-104.496,40.1244,33.607,-55.7625,573.136,1.6796,0.602342,48.0242,0.239187,0.00037841,0.0870906,0.124415,0.149298,0.0995321,0.136857,0.0746491,0.0124415,0.0622075,0.024883,0.0622075,0.0373245,0.0746491,0,0.261272,0.149298,0.186623,0.0124415,0.0373245,0.0746491,0,0.0124415,0,0,0,0,0,0,0,0,0,0,0,0,0,0,0
66584,66601,66592,23.4,-104.494,40.1255,33.0817,-55.9394,575.249,1.78504,0.684086,56.9847,0.249901,0.000426826,0.16605,0.0968627,0.0968627,0.0553501,0.0830252,0.1107,0.0138375,0.0276751,0.0276751,0.0830252,0.0691877,0.0691877,0.0138375,0.332101,0.221401,0.193725,0.0276751,0.0138375,0.0138375,0.0276751,0.0138375,0.0138375,0.0138375,0,0,0,0,0,0,0,0,0,0,0,0,0
66602,66619,66610,23.5,-104.493,40.1264,32.595,-55.4878,578.89,1.84848,0.632201,47.5635,0.225704,0.000357651,0.0827677,0.124152,0.110357,0.17933,0.0275892,0.0551785,0.0413839,0.0413839,0.0137946,0.0965623,0.110357,0.0275892,0.0413839,0.413839,0.17933,0.206919,0.0413839,0,0.0275892,0.0137946,0,0.0137946,0,0,0,0,0,0,0,0,0,0,0,0,0,0
66620,66638,66629,23.6,-104.493,40.1274,32.0826,-55.8247,580.62,1.93914,0.705982,55.2096,0.234608,0.000432368,0.117921,0.104819,0.131023,0.104819,0.104819,0.104819,0.0524093,0.039307,0.0786139,0.0655116,0.0786139,0.0655116,0,0.288251,0.235842,0.222739,0.039307,0.0524093,0.0262046,0,0.0262046,0,0,0,0,0,0,0,0,0,0,0,0,0,0,0
66639,66657,66648,23.7,-104.492,40.1283,31.6247,-56.0174,582.491,1.88841,0.698267,54.6001,0.234581,0.000424557,0.170481,0.0786837,0.0786837,0.0917976,0.0524558,0.0917976,0.104912,0.104912,0.0917976,0.0262279,0.0262279,0.0524558,0.0262279,0.288507,0.209823,0.262279,0.0786837,0.0131139,0.0131139,0,0.0131139,0.0131139,0,0,0,0,0,0,0,0,0,0,0,0,0,0
66658,66676,66667,23.8,-104.491,40.1295,31.1384,-56.5205,583.72,1.68412,0.63054,50.1736,0.238717,0.000389856,0.0657861,0.118415,0.0789433,0.0657861,0.0921006,0.0789433,0.0394717,0.0657861,0.0526289,0.0394717,0.0789433,0.0657861,0.0526289,0.302616,0.157887,0.171044,0.0789433,0,0.0526289,0,0.0263144,0,0,0,0,0,0,0,0,0,0,0,0,0,0,0
66677,66696,66686,23.9,-104.489,40.1307,30.672,-56.85,585.353,1.92596,0.606527,44.1042,0.218148,0.000329186,0.212606,0.125062,0.112556,0.0750372,0.062531,0.112556,0.0375186,0.0750372,0.0375186,0.0875434,0.0875434,0.0375186,0.0250124,0.337668,0.225112,0.200099,0.0250124,0.0125062,0.0250124,0,0,0.0125062,0,0,0,0,0,0,0,0,0,0,0,0,0,0
66697,66717,66707,24,-104.488,40.1322,30.1743,-56.8205,588.175,1.92248,0.674474,53.2494,0.236849,0.000399913,0.154273,0.142406,0.106805,0.106805,0.0593358,0.0830702,0.0830702,0.106805,0.106805,0.0356015,0.0356015,0.0118672,0.0356015,0.261078,0.308546,0.16614,0.0237343,0,0.071203,0,0.0118672,0,0.0118672,0,0,0,0,0,0,0,0,0,0,0,0,0
66718,66737,66728,24.1,-104.486,40.1335,29.7085,-56.735,591.032,1.62785,0.59024,45.8649,0.233116,0.000357245,0.127903,0.09302,0.04651,0.09302,0.09302,0.0581375,0.04651,0.069765,0.0581375,0.04651,0.04651,0.04651,0.069765,0.244178,0.151158,0.23255,0.0348825,0.023255,0.0348825,0,0,0.0116275,0,0,0,0,0,0,0,0,0,0,0,0,0,0
66738,66758,66748,24.2,-104.484,40.1343,29.251,-57.0357,592.831,1.53617,0.56619,45.2737,0.239886,0.00035099,0.120699,0.0768087,0.0438907,0.065836,0.0548633,0.0548633,0.120699,0.0548633,0.0438907,0.0548633,0.0877813,0.065836,0.0219453,0.208481,0.16459,0.186535,0.0219453,0.0109727,0.0438907,0.0219453,0,0.0109727,0,0,0,0,0,0,0,0,0,0,0,0,0,0
66759,66778,66768,24.3,-104.481,40.1349,28.7953,-57.1065,595.299,1.6574,0.863076,84.6727,0.294317,0.000646847,0.108682,0.0815113,0.149437,0.0543409,0.0679261,0.0407557,0.0679261,0.0815113,0.0135852,0.0407557,0.0543409,0.0543409,0,0.163023,0.203778,0.203778,0.0950965,0.0407557,0,0.0135852,0.0679261,0.0135852,0.0407557,0,0,0,0,0,0,0,0,0,0,0,0,0
66779,66799,66789,24.4,-104.479,40.1353,28.3585,-56.8615,598.585,1.77264,0.804192,75.869,0.283026,0.000588525,0.139946,0.0699728,0.139946,0.116621,0.104959,0.0583106,0.0816349,0.0116621,0.093297,0.093297,0.0583106,0.0116621,0.0349864,0.151608,0.174932,0.174932,0.0466485,0.0349864,0.0699728,0.0349864,0.0349864,0.0116621,0.0233243,0,0,0,0,0,0,0,0,0,0,0,0,0
66800,66818,66809,24.5,-104.477,40.1357,27.9365,-56.6241,601.816,1.84108,0.624413,47.5062,0.228244,0.000369736,0.0961761,0.137394,0.0961761,0.151134,0.0686972,0.123655,0.109916,0.0686972,0.0549578,0.0137394,0.0549578,0.0274789,0.0686972,0.23357,0.23357,0.164873,0.0549578,0.0137394,0.0549578,0.0137394,0,0,0,0,0,0,0,0,0,0,0,0,0,0,0,0
66820,66840,66830,24.6,-104.474,40.1362,27.4935,-56.7235,604.29,1.64692,0.541405,43.0211,0.238386,0.000332643,0.130332,0.0592419,0.130332,0.130332,0.094787,0.0829386,0.118484,0.0710902,0.0592419,0.0236967,0.0829386,0.0355451,0.0118484,0.213271,0.154029,0.106635,0.0473935,0.0118484,0.0355451,0.0355451,0.0118484,0,0,0,0,0,0,0,0,0,0,0,0,0,0,0
66841,66860,66850,24.7,-104.472,40.1368,27.0674,-57.1247,605.87,1.62863,0.535534,39.3701,0.220547,0.000307289,0.125279,0.100223,0.0375837,0.100223,0.112751,0.0876954,0.0375837,0.125279,0.0501116,0.0626395,0.0751675,0.0375837,0.0250558,0.175391,0.175391,0.225502,0.0375837,0.0125279,0.0125279,0.0125279,0,0,0,0,0,0,0,0,0,0,0,0,0,0,0,0
66861,66880,66870,24.8,-104.471,40.1372,26.6463,-57.3674,607.904,1.67147,0.451962,29.9555,0.198836,0.000216544,0.0628373,0.150809,0.0754047,0.113107,0.0879722,0.0754047,0.0879722,0.0502698,0.0628373,0.0754047,0.10054,0.0377024,0.125675,0.213647,0.175944,0.125675,0.0251349,0,0.0251349,0,0,0,0,0,0,0,0,0,0,0,0,0,0,0,0,0
66881,66898,66890,24.9,-104.469,40.1379,26.2382,-57.8012,609.365,1.54077,0.465227,36.583,0.235904,0.000272342,0.128397,0.114131,0.0713318,0.142664,0.128397,0.114131,0.0998645,0.0285327,0.0855981,0.0427991,0.0142664,0,0.0427991,0.185463,0.142664,0.114131,0.0142664,0.0142664,0.0142664,0.0142664,0.0142664,0.0142664,0,0,0,0,0,0,0,0,0,0,0,0,0,0
66899,66917,66908,25,-104.468,40.1387,25.8406,-58.02,611.407,1.37889,0.377968,28.565,0.226725,0.000201316,0.135185,0.121666,0.0946295,0.0675925,0.054074,0.081111,0.108148,0.054074,0.0675925,0.054074,0.0405555,0.0135185,0.054074,0.17574,0.121666,0.0675925,0.027037,0,0.0135185,0.0135185,0,0,0.0135185,0,0,0,0,0,0,0,0,0,0,0,0,0
66918,66936,66927,25.1,-104.466,40.1394,25.4416,-57.4821,615.671,1.50886,0.395329,27.1674,0.206163,0.000197,0.193444,0.10317,0.10317,0.116067,0.0515851,0.0773777,0.0515851,0.0257926,0.0644814,0.0386888,0.0773777,0.0515851,0.0386888,0.232133,0.154755,0.0644814,0.0128963,0.0128963,0.0257926,0.0128963,0,0,0,0,0,0,0,0,0,0,0,0,0,0,0,0
66937,66954,66946,25.2,-104.464,40.14,25.0606,-57.5933,618.008,1.47399,0.466696,35.0363,0.225219,0.000269308,0.111244,0.111244,0.0973388,0.111244,0.0973388,0.0556222,0.0417166,0.0278111,0.0695277,0.0278111,0.0834333,0.0417166,0.0139055,0.222489,0.139055,0.111244,0.0556222,0.0278111,0.0139055,0,0.0139055,0,0,0,0,0,0,0,0,0,0,0,0,0,0,0
66955,66973,66964,25.3,-104.462,40.1403,24.6684,-57.7505,620.345,1.14843,0.208839,12.1234,0.174154,8.39666e-05,0.198006,0.158404,0.0660019,0.0924026,0.0924026,0.132004,0.0396011,0.0264007,0.0132004,0.0396011,0.0396011,0.0264007,0.0132004,0.0924026,0.0132004,0.105603,0,0,0,0,0,0,0,0,0,0,0,0,0,0,0,0,0,0,0,0
66974,66993,66984,25.4,-104.46,40.1405,24.2932,-57.9721,622.427,1.14083,0.289832,19.5125,0.201971,0.000143321,0.119389,0.14592,0.0795927,0.0397963,0.0397963,0.0530618,0.106124,0.0132654,0.0265309,0.0530618,0.0530618,0.0265309,0.0265309,0.14592,0.0795927,0.106124,0.0132654,0,0,0.0132654,0,0,0,0,0,0,0,0,0,0,0,0,0,0,0,0
66994,67012,67003,25.5,-104.459,40.1411,23.9179,-57.2074,627.429,1.38602,0.368361,29.2028,0.237834,0.000212343,0.186579,0.146598,0.186579,0.106617,0.0533084,0.0666355,0.0666355,0.0133271,0.0533084,0.0399813,0.0666355,0.0266542,0,0.146598,0.0666355,0.0666355,0.0399813,0,0.0266542,0.0133271,0,0,0.0133271,0,0,0,0,0,0,0,0,0,0,0,0,0
67013,67033,67023,25.6,-104.458,40.1419,23.5538,-56.8176,631.317,0.986664,0.272204,21.3917,0.235761,0.000154948,0.109629,0.12181,0.0730862,0.0609052,0.0852672,0.0365431,0.0852672,0.0365431,0.0243621,0,0.0243621,0.0243621,0.0487241,0.0487241,0.0852672,0.0730862,0.012181,0.012181,0.012181,0,0,0,0.012181,0,0,0,0,0,0,0,0,0,0,0,0,0
67034,67054,67044,25.7,-104.457,40.143,23.1962,-56.1952,635.912,1.20698,0.424835,36.7505,0.259517,0.000282731,0.158492,0.0975334,0.0975334,0.07315,0.07315,0.036575,0.0487667,0.0487667,0.036575,0.0243833,0.0243833,0.0243833,0.0243833,0.134108,0.0975334,0.109725,0,0,0.036575,0.036575,0.0121917,0.0121917,0,0,0,0,0,0,0,0,0,0,0,0,0,0
67055,67073,67064,25.8,-104.456,40.1442,22.8432,-55.6795,640.22,1.30058,0.371042,30.1441,0.243725,0.000231032,0.205354,0.0958321,0.0958321,0.123213,0.123213,0.0273806,0.0273806,0.0958321,0.0273806,0.0547612,0.0547612,0,0.0273806,0.109522,0.0410709,0.0821418,0.0273806,0.0547612,0,0,0.0136903,0.0136903,0,0,0,0,0,0,0,0,0,0,0,0,0,0
67074,67093,67084,25.9,-104.455,40.1455,22.4935,-55.341,644.048,1.0237,0.419539,38.7286,0.276937,0.000302826,0.118119,0.0262487,0.0918704,0.0656217,0.039373,0.039373,0.078746,0.0656217,0.0262487,0,0.039373,0.0262487,0.0262487,0.078746,0.078746,0.104995,0,0.0131243,0.039373,0.0262487,0.0262487,0.0131243,0,0,0,0,0,0,0,0,0,0,0,0,0,0
67094,67112,67103,26,-104.454,40.1468,22.1478,-55.4017,646.723,1.19325,0.485011,43.3577,0.268186,0.000335549,0.176777,0.10312,0.0736571,0.0589257,0.0736571,0.0736571,0.0147314,0.0441943,0,0.0147314,0.0147314,0.0147314,0.0294629,0.0883886,0.132583,0.191509,0.0147314,0,0,0.0294629,0.0147314,0.0294629,0,0,0,0,0,0,0,0,0,0,0,0,0,0
67114,67131,67122,26.1,-104.453,40.148,21.8156,-55.7739,648.413,0.824197,0.305129,26.3707,0.259275,0.000197828,0.104898,0.0449562,0.0599416,0.0449562,0.0449562,0.0299708,0.0299708,0.0449562,0.0149854,0.0299708,0,0.0299708,0.0149854,0.0899124,0.0899124,0.074927,0.0149854,0.0149854,0.0299708,0,0,0,0.0149854,0,0,0,0,0,0,0,0,0,0,0,0,0
67132,67149,67140,26.2,-104.452,40.1492,21.4906,-56.1119,650.191,1.07535,0.306127,22.7381,0.22283,0.000175534,0.102415,0.153622,0.0170691,0.102415,0.0853455,0.0341382,0.0341382,0.0170691,0.0512073,0.0170691,0.0512073,0.0512073,0.0170691,0.119484,0.0853455,0.0512073,0.0341382,0.0341382,0,0.0170691,0,0,0,0,0,0,0,0,0,0,0,0,0,0,0,0
67151,67168,67160,26.3,-104.45,40.1502,21.1276,-56.3229,652.721,0.830578,0.281012,21.7399,0.232089,0.000176626,0.114001,0.114001,0,0.0488575,0.0162858,0.0325717,0.0488575,0.0325717,0.0488575,0.0162858,0,0.0162858,0,0.130287,0.0325717,0.0814292,0.0651434,0.0325717,0,0,0,0,0,0,0,0,0,0,0,0,0,0,0,0,0,0
