api/data/B2SAP/Locations/Boulder/NOAA-POPS-B2SAP_GMLBalloon_20230411_R0.ict
61,1001
Thornberry, T. D.
NOAA Chemical Sciences Laboratory
Portable Optical Particle Spectrometer (POPS)
Balloon Baseline Stratospheric Aerosol Profiles (B2SAP)
1,1
2023,04,11,2024,05,28
0
TIME_START,s,Seconds since midnight UTC on flight start day,Start time of 100 m altitude bin in UTC_seconds_since_midnight
28
1.0,1.0,1.0,1.0,1.0,1.0,1.0,1.0,1.0,1.0,1.0,1.0,1.0,1.0,1.0,1.0,1.0,1.0,1.0,1.0,1.0,1.0,1.0,1.0,1.0,1.0,1.0,1.0
99999,99999,99999,99999,99999,99999,99999,99999,99999,99999,99999,99999,99999,99999,99999,99999,99999,99999,99999,99999,99999,99999,99999,99999,99999,99999,99999,99999
TIME_STOP,s,End time of 100 m altitude bin in UTC seconds since midnight,
TIME_MID,s,Mid time of 100 m altitude in UTC seconds since midnight,
GPSAlt,m,GPS reported altitude above sea level (m),
GPS_Lon,deg,GPS reported longitude,
GPS_Lat,deg,GPS reported latitude,
iMet_Pressure,mb,Pressure reported (mB),
iMet_Temperature,degrees C,Ambient temperature (oC),
THETA,K,Potential temperature from iMet,
Aerosol_concentration,cm^-3,Aerosol concentration,
Surface_Area_Conc,um^2 cm^-3,Surface area concentration,
Volume_density,um^3 cm^-3,Volume density,
Effective_radius,um,Effective radius,
Extinction,km^-1,Extinction,
Bin01,cm^-3,particle concentration in size range [140 - 170 nm],
Bin02,cm^-3,particle concentration in size range [170 - 205 nm],
Bin03,cm^-3,particle concentration in size range [205 - 249 nm],
Bin04,cm^-3,particle concentration in size range [249 - 302 nm],
Bin05,cm^-3,particle concentration in size range [302 - 366 nm],
Bin06,cm^-3,particle concentration in size range [366 - 443 nm],
Bin07,cm^-3,particle concentration in size range [443 - 537 nm],
Bin08,cm^-3,particle concentration in size range [537 - 651 nm],
Bin09,cm^-3,particle concentration in size range [651 - 789 nm],
Bin10,cm^-3,particle concentration in size range [789 - 956 nm],
Bin11,cm^-3,particle concentration in size range [956 - 1159 nm],
Bin12,cm^-3,particle concentration in size range [1159 - 1404 nm],
Bin13,cm^-3,particle concentration in size range [1404 - 1702 nm],
Bin14,cm^-3,particle concentration in size range [1702 - 2062 nm],
Bin15,cm^-3,particle concentration in size range [2062 - 2500 nm],
0
19
PI_CONTACT_INFO: 325 Broadway R/CSL6, Boulder, CO 80305; troy.thornberry@noaa.gov; 303-497-3373 
PLATFORM: GML ECC/FPH balloon
LOCATION: Boulder, CO, USA
ASSOCIATED_DATA: N/A
INSTRUMENT_INFO: Printed Optical Particle Spectrometer counts particles from 140 - 2500 nm in diameter 
DATA_INFO: Particle concentrations reported in number per cubic centimeter, binned to 100 m altitude
UNCERTAINTY: Counting uncertainty dominated by air flow, less than 5 percent
ULOD_FLAG: -77777
ULOD_VALUE: 3000 ~3000 per cm3 (varies depending on flow rate- manufacturer quotes 1250  per cm3 at 1.667 cc/s)
LLOD_FLAG: -88888
LLOD_VALUE: 0 0 (varies depending on data field and measurement precision)
DM_CONTACT_INFO: Troy Thornberry, 325 Broadway R/CSL6, Boulder, CO 80305; troy.thornberry@noaa.gov; 303-497-3373
PROJECT_INFO: B2SAP Boulder, CO, USA
STIPULATIONS_ON_USE: Please contact the PIs for questions regarding applications and uncertainties
OTHER_COMMENTS: POPS bin Edges (nm):  140, 170, 205, 249, 302, 366, 443, 537, 651, 789, 956, 1159, 1404, 1702, 2062, 2500
Calculations assume sulfate refractive index of 1.45+0.00j and extinction wavelength = 532 nm
REVISION: R0
R0: QA/QC data
TIME_START,TIME_STOP,TIME_MID,GPSAlt,GPS_Lon,GPS_Lat,iMet_Pressure,iMet_Temperature,THETA,Aerosol_concentration,Surface_Area_Conc,Volume_density,Effective_radius,Extinction,Bin01,Bin02,Bin03,Bin04,Bin05,Bin06,Bin07,Bin08,Bin09,Bin10,Bin11,Bin12,Bin13,Bin14,Bin15
[from data line 152]
74147,74174,74160,16.9,-105,40.1072,91.3058,-68.6375,405.253,3.24362,0.729665,76.2339,0.313434,0.000296946,1.7873,0.569289,0.344221,0.145632,0.145632,0.0926749,0.0397178,0.0397178,0.0264785,0,0.0264785,0.0264785,0,0,0
74175,74202,74188,17,-104.996,40.1071,89.7405,-68.4291,407.668,3.38695,0.627633,53.7603,0.256967,0.000235197,1.71509,0.821515,0.403551,0.100888,0.158538,0.0576502,0.0144125,0.0576502,0.0288251,0,0.0144125,0.0144125,0,0,0
74204,74232,74218,17.1,-104.994,40.1066,88.2581,-67.3333,411.81,3.3573,0.762545,65.1645,0.25637,0.000352984,1.52057,0.737702,0.270993,0.225827,0.255938,0.165607,0.0752757,0.0301103,0,0.0602206,0,0.0150551,0,0,0
74233,74261,74247,17.2,-104.992,40.1063,86.7568,-66.1914,416.131,3.44337,0.743109,66.3681,0.267934,0.00032783,1.55738,0.857271,0.414348,0.157166,0.142879,0.142879,0.0571514,0.0285757,0.0285757,0.0285757,0.0285757,0,0,0,0
74262,74291,74276,17.3,-104.991,40.1065,85.3238,-65.7467,419.007,4.03391,0.858744,78.1048,0.272857,0.000336272,1.95821,0.770229,0.483025,0.326368,0.143602,0.104438,0.143602,0.0522189,0,0.0130547,0.0130547,0.0130547,0.0130547,0,0
74293,74320,74306,17.4,-104.991,40.1067,83.9292,-65.8329,420.817,4.0971,1.04937,100.766,0.288075,0.00054444,1.89197,0.900318,0.469731,0.182673,0.130481,0.169625,0.104385,0.0913367,0.0913367,0.0260962,0.0130481,0.0260962,0,0,0
74322,74351,74336,17.5,-104.99,40.1071,82.534,-65.747,423.012,3.97984,0.90557,75.7084,0.250809,0.000440604,1.8489,0.924451,0.282036,0.219361,0.250699,0.188024,0.109681,0.047006,0.047006,0.047006,0,0.0156687,0,0,0
74352,74378,74365,17.6,-104.989,40.1077,81.137,-64.2665,428.106,4.28912,0.992737,86.4364,0.261206,0.000464015,1.8493,0.916877,0.51283,0.357427,0.217564,0.155403,0.108782,0.0466209,0.0621612,0.0310806,0.0310806,0,0,0,0
74379,74405,74392,17.7,-104.989,40.1089,79.7752,-64.3348,430.053,3.91812,0.836207,63.0643,0.226251,0.000416288,1.7958,0.87564,0.415558,0.207779,0.192938,0.178096,0.103889,0.0445241,0.0445241,0.0593654,0,0,0,0,0
74406,74431,74418,17.8,-104.988,40.11,78.5786,-64.5364,431.49,4.31883,1.06029,89.9245,0.254433,0.000524504,1.72753,1.01953,0.552244,0.184081,0.269042,0.198242,0.155761,0.0849607,0.0849607,0.0141601,0.0283202,0,0,0,0
74433,74456,74444,17.9,-104.987,40.1114,77.2908,-64.5254,433.552,4.53319,1.23337,119.103,0.289703,0.000628902,2.01475,0.93542,0.455717,0.215866,0.191881,0.335792,0.143911,0.0959405,0.0479702,0.0479702,0.0239851,0.0239851,0,0,0
74457,74482,74470,18,-104.986,40.1129,76.013,-65.387,433.831,3.95729,1.08737,96.211,0.265441,0.000633354,1.84569,0.750791,0.297188,0.203339,0.218981,0.218981,0.125132,0.125132,0.10949,0.0469244,0.0156415,0,0,0,0
74483,74509,74496,18.1,-104.984,40.1142,74.7733,-65.6895,435.233,4.31575,1.0532,83.4567,0.237723,0.000515116,1.71734,0.955738,0.388269,0.328535,0.328535,0.238935,0.149334,0.134401,0.0149334,0.0448002,0.0149334,0,0,0,0
74510,74534,74522,18.2,-104.981,40.1148,73.476,-64.8915,439.103,4.37993,1.21973,119.296,0.293413,0.000571862,1.69898,0.857281,0.467608,0.545543,0.20263,0.171456,0.249391,0.0467608,0.0779347,0,0.0155869,0.0467608,0,0,0
74535,74562,74548,18.3,-104.978,40.115,72.2013,-64.3325,442.487,4.72843,1.48464,139.929,0.282753,0.000859881,1.75662,0.950499,0.433139,0.457202,0.264696,0.192506,0.336886,0.156411,0.0601582,0.0842214,0.0360949,0,0,0,0
74563,74590,74576,18.4,-104.976,40.1154,71.067,-64.2748,444.609,4.45893,1.07419,83.9247,0.234384,0.000521119,1.57618,1.08881,0.497741,0.445893,0.26961,0.228131,0.165914,0.0829568,0.0414784,0.051848,0,0.0103696,0,0,0
74591,74617,74604,18.5,-104.974,40.1159,69.9281,-64.5246,446.142,4.04002,1.0557,83.2433,0.236555,0.000528084,1.54059,0.689497,0.441709,0.344748,0.398615,0.247788,0.204694,0.0754137,0.0430936,0.0430936,0,0.0107734,0,0,0
74618,74646,74632,18.6,-104.973,40.1168,68.7917,-64.9617,447.291,4.17314,0.969159,65.015,0.201252,0.000459293,1.59761,0.813327,0.474441,0.367934,0.309839,0.193649,0.222697,0.164602,0.00968247,0.0193649,0,0,0,0,0
74647,74675,74661,18.7,-104.972,40.1177,67.6441,-65.1489,449.039,4.43938,1.14621,88.9317,0.232763,0.000581819,1.56316,1.01084,0.489791,0.364738,0.239685,0.364738,0.166737,0.135474,0.0625265,0.0312632,0,0.0104211,0,0,0
74676,74703,74690,18.8,-104.97,40.1188,66.4915,-64.7878,452.043,4.08439,1.00728,79.3908,0.236451,0.000496805,1.42066,0.867019,0.595423,0.386502,0.31338,0.15669,0.15669,0.0940141,0.031338,0.0522301,0.010446,0,0,0,0
74704,74731,74718,18.9,-104.968,40.1195,65.1704,-63.4021,457.655,4.39724,1.2157,87.2158,0.215224,0.000636184,1.16927,0.929417,0.689567,0.369768,0.42973,0.259837,0.289818,0.169893,0.0699561,0.0199875,0,0,0,0,0
74732,74758,74745,19,-104.965,40.1197,64.1104,-63.0411,460.604,4.36351,1.29268,103.183,0.239463,0.000716012,1.20979,0.889246,0.610064,0.444623,0.444623,0.217141,0.227482,0.155101,0.134421,0.0206801,0.0103401,0,0,0,0
74759,74786,74772,19.1,-104.963,40.1198,63.0731,-63.0488,462.734,3.98445,1.25359,98.6527,0.236088,0.000689743,1.04176,0.655126,0.579947,0.418851,0.418851,0.322193,0.257754,0.161096,0.107398,0.0107398,0.0107398,0,0,0,0
74787,74814,74800,19.2,-104.961,40.1203,62.0232,-62.9936,465.079,4.01773,1.38761,126.576,0.273656,0.000785597,1.00693,0.797565,0.548326,0.368874,0.378843,0.358904,0.269178,0.109665,0.0996956,0.0498478,0.00996956,0.0199391,0,0,0
74815,74841,74828,19.3,-104.959,40.1209,61.0022,-62.8922,467.522,3.89355,1.11913,87.7601,0.235255,0.00058411,1.0431,0.826217,0.516386,0.485402,0.26852,0.330487,0.196227,0.123933,0.0619663,0.0309831,0.0103277,0,0,0,0
74842,74868,74855,19.4,-104.957,40.1213,59.9944,-63.0007,469.501,3.96049,1.34513,110.953,0.247456,0.000811516,0.920323,0.754871,0.527376,0.454991,0.392947,0.351584,0.186133,0.186133,0.124088,0.0620442,0,0,0,0,0
74869,74896,74882,19.5,-104.956,40.1217,59.0178,-62.4285,473.001,3.91138,1.22925,99.8321,0.243641,0.000673957,1.10427,0.650177,0.454092,0.423131,0.464412,0.268327,0.350889,0.0722419,0.0619216,0.0516013,0.0103203,0,0,0,0
74897,74924,74910,19.6,-104.955,40.122,58.0422,-62.413,475.29,3.68891,1.16687,84.1467,0.216339,0.000637525,0.947989,0.494603,0.577037,0.298822,0.422473,0.401865,0.288518,0.175172,0.0824338,0,0,0,0,0,0
74925,74951,74938,19.7,-104.954,40.1223,57.0869,-62.6946,476.907,3.88176,1.17996,93.3426,0.23732,0.000627848,0.911464,0.825679,0.48254,0.461094,0.48254,0.246631,0.203739,0.150124,0.0857849,0.0214462,0,0.0107231,0,0,0
74952,74977,74964,19.8,-104.953,40.1226,56.1765,-62.5638,479.408,3.89007,1.29902,105.602,0.243881,0.00072271,0.760868,0.685853,0.546539,0.567972,0.535822,0.225045,0.278628,0.160747,0.0750151,0.0428658,0.0107164,0,0,0,0
74978,75002,74990,19.9,-104.952,40.1227,55.22,-62.8536,481.094,4.11778,1.37127,112.382,0.245863,0.000780156,0.93738,0.769991,0.491009,0.613761,0.401734,0.267823,0.278982,0.223186,0.0892743,0.0334779,0,0.0111593,0,0,0
75003,75028,75016,20,-104.952,40.1227,54.3119,-63.3923,482.15,4.26376,1.09299,71.9748,0.197554,0.000509184,1.21668,0.721393,0.656791,0.495285,0.44145,0.269177,0.312245,0.107671,0.0323012,0.0107671,0,0,0,0,0
75029,75054,75042,20.1,-104.952,40.1233,53.4377,-63.2946,484.611,3.97583,1.1871,86.1367,0.217682,0.000625507,0.85964,0.730694,0.687712,0.42982,0.419074,0.354601,0.257892,0.139691,0.0752185,0.021491,0,0,0,0,0
75055,75081,75068,20.2,-104.951,40.124,52.5619,-63.0548,487.46,3.95117,1.21644,89.2613,0.220137,0.000662439,0.92056,0.744722,0.444765,0.548198,0.465452,0.206867,0.362018,0.175837,0.0620602,0.0206867,0,0,0,0,0
75082,75107,75094,20.3,-104.951,40.1244,51.6938,-61.9869,492.282,3.54634,1.02794,71.4968,0.208661,0.000536096,0.758404,0.73704,0.544769,0.459315,0.331134,0.192271,0.277725,0.202953,0.042727,0,0,0,0,0,0
75108,75133,75120,20.4,-104.951,40.125,50.8469,-61.2704,496.279,3.60887,1.00346,69.3935,0.207463,0.000490544,0.862295,0.670674,0.500344,0.521635,0.330014,0.34066,0.202267,0.138393,0.0212912,0.0212912,0,0,0,0,0
75134,75159,75146,20.5,-104.951,40.1261,50,-61.9892,496.981,3.18236,0.968096,76.0202,0.235576,0.000515024,0.779572,0.630065,0.416484,0.363088,0.395125,0.170865,0.213581,0.128149,0.0640744,0.0106791,0.0106791,0,0,0,0
75160,75185,75172,20.6,-104.95,40.1273,49.2053,-62.2253,498.701,3.21236,0.956259,66.8795,0.209816,0.000501403,0.721141,0.458908,0.622804,0.37696,0.39335,0.147506,0.278623,0.163896,0.0491687,0,0,0,0,0,0
75186,75212,75199,20.7,-104.949,40.1286,48.3,-62.562,500.555,3.23827,0.831734,59.42,0.214323,0.000402701,0.74443,0.763041,0.614155,0.297772,0.390826,0.148886,0.111665,0.111665,0.0186108,0.0372215,0,0,0,0,0
75213,75239,75226,20.8,-104.949,40.1293,47.5704,-62.1296,503.773,3.21945,0.838773,56.5595,0.202294,0.000399236,0.843435,0.58629,0.493718,0.462861,0.298288,0.216002,0.154287,0.123429,0.0308574,0.0102858,0,0,0,0,0
75240,75264,75252,20.9,-104.948,40.1292,46.7675,-61.138,508.597,3.02272,0.757967,47.4712,0.187889,0.000335574,0.91061,0.505895,0.392068,0.278242,0.404716,0.227653,0.215005,0.0758842,0.0126474,0,0,0,0,0,0
75265,75294,75280,21,-104.948,40.1283,46.01,-59.9193,513.922,3.24316,0.731191,42.6547,0.175008,0.000278962,0.844224,0.702127,0.426291,0.451367,0.359422,0.275836,0.117021,0.0501519,0.0167173,0,0,0,0,0,0
75295,75323,75309,21.1,-104.948,40.1274,45.2244,-58.8063,519.148,3.01227,0.735782,46.6956,0.190392,0.000328326,0.859329,0.646807,0.332644,0.341884,0.369604,0.184802,0.166322,0.0831609,0.0277203,0,0,0,0,0,0
75324,75351,75338,21.2,-104.949,40.1273,44.5293,-59.0818,520.778,2.83217,0.709681,48.5303,0.20515,0.00033977,0.821955,0.616467,0.321635,0.357372,0.303766,0.169752,0.107212,0.0714744,0.0536058,0.0089343,0,0,0,0,0
75352,75378,75365,21.3,-104.95,40.1274,43.7667,-59.1138,523.283,3.13382,0.690932,40.2568,0.174793,0.000267813,0.832909,0.739207,0.406043,0.437277,0.322752,0.176993,0.124936,0.0937023,0,0,0,0,0,0,0
75379,75406,75392,21.4,-104.951,40.1269,43.1007,-59.3221,525.059,3.03213,0.658291,38.7878,0.176766,0.000258756,0.840768,0.733436,0.438273,0.339885,0.304107,0.152054,0.160998,0.0447217,0.0178887,0,0,0,0,0,0
75407,75433,75420,21.5,-104.953,40.1267,42.4218,-58.9245,528.44,3.31356,0.780026,49.8292,0.191644,0.000342574,0.862434,0.805695,0.544695,0.272348,0.385826,0.158869,0.136174,0.136174,0,0.0113478,0,0,0,0,0
75434,75460,75447,21.6,-104.953,40.1266,41.71,-59.2385,530.214,3.04136,0.726982,44.4633,0.183484,0.000308304,0.769612,0.61198,0.472894,0.463621,0.259628,0.185449,0.157631,0.120542,0,0,0,0,0,0,0
75461,75480,75470,21.7,-104.954,40.1264,41.0715,-58.879,533.453,2.62317,0.559274,31.8524,0.170859,0.000210622,0.786952,0.637056,0.312282,0.249826,0.2873,0.162387,0.149896,0.0374739,0,0,0,0,0,0,0
75487,75512,75500,21.8,-104.954,40.1259,40.3272,-58.572,537.019,2.92537,0.648484,37.7756,0.174756,0.00024984,0.838672,0.49921,0.479241,0.449289,0.299526,0.139779,0.159747,0.049921,0.00998419,0,0,0,0,0,0
75513,75538,75526,21.9,-104.956,40.1256,39.6235,-58.5365,539.807,2.70629,0.594451,35.5258,0.179287,0.000242803,0.82311,0.523798,0.411555,0.424027,0.199542,0.0872996,0.137185,0.099771,0,0,0,0,0,0,0
75539,75563,75551,22,-104.957,40.1255,39.0422,-58.8261,541.372,2.57132,0.621693,37.0694,0.178879,0.000251984,0.542472,0.542472,0.466526,0.325483,0.271236,0.20614,0.151892,0.0650967,0,0,0,0,0,0,0
75564,75590,75577,22.1,-104.958,40.1251,38.3796,-58.6168,544.546,2.67279,0.604138,36.2214,0.179866,0.000246657,0.807822,0.528575,0.369005,0.309166,0.299193,0.139623,0.149597,0.0598386,0.00997311,0,0,0,0,0,0
75591,75617,75604,22.2,-104.959,40.1246,37.7826,-58.4683,547.38,2.49884,0.597585,39.0476,0.196027,0.000271903,0.901755,0.401987,0.3368,0.206426,0.249884,0.173832,0.130374,0.0869162,0,0.0108645,0,0,0,0,0
75618,75642,75630,22.3,-104.961,40.1244,37.1429,-58.2717,550.555,2.24872,0.533025,32.9841,0.185643,0.000231155,0.707931,0.406019,0.312322,0.229036,0.239447,0.13534,0.156161,0.0520537,0.0104107,0,0,0,0,0,0
75643,75667,75655,22.4,-104.962,40.1245,36.5591,-58.267,553.063,2.51578,0.648216,40.6092,0.187943,0.000287692,0.588104,0.511868,0.348506,0.337615,0.261379,0.206925,0.163362,0.0980173,0,0,0,0,0,0,0
75668,75693,75680,22.5,-104.964,40.1247,35.9546,-58.3483,555.499,2.57049,0.7772,59.0476,0.227924,0.000429745,0.752338,0.428415,0.386618,0.219432,0.167186,0.261228,0.177635,0.135839,0.0104491,0.0313474,0,0,0,0,0
75694,75718,75706,22.6,-104.966,40.1251,35.3654,-58.0217,558.966,2.3579,0.684638,46.3809,0.203235,0.00033068,0.398224,0.440142,0.450622,0.293428,0.261989,0.220071,0.199112,0.073357,0.0104796,0.0104796,0,0,0,0,0
75719,75744,75732,22.7,-104.969,40.1252,34.8113,-57.73,562.269,2.81889,0.810409,56.2128,0.20809,0.000400958,0.557222,0.64463,0.34963,0.316852,0.360556,0.295,0.163889,0.0764815,0.0437037,0.0109259,0,0,0,0,0
75745,75768,75756,22.8,-104.971,40.1256,34.2517,-57.7261,564.876,2.36791,0.630671,40.8998,0.194554,0.00028972,0.506623,0.517637,0.275339,0.396488,0.209257,0.242298,0.110136,0.0881084,0.0220271,0,0,0,0,0,0
75770,75794,75782,22.9,-104.972,40.126,33.6979,-57.5746,567.924,2.31733,0.627622,44.1256,0.210918,0.000326148,0.632975,0.493506,0.33258,0.26821,0.150197,0.139469,0.193111,0.0429136,0.0643704,0,0,0,0,0,0
75797,75820,75808,23,-104.973,40.1264,33.1265,-56.8622,572.584,2.10458,0.515936,33.355,0.193948,0.000236539,0.649285,0.39181,0.313448,0.167919,0.246281,0.12314,0.156724,0.0223891,0.0335837,0,0,0,0,0,0
75821,75845,75833,23.1,-104.974,40.127,32.6109,-56.7535,575.448,2.16529,0.546546,33.9727,0.186477,0.000241557,0.547021,0.512832,0.27351,0.18234,0.205133,0.216529,0.170944,0.0569813,0,0,0,0,0,0,0
75847,75870,75858,23.2,-104.976,40.1273,32.0771,-55.9708,580.26,2.23567,0.514539,31.3487,0.182778,0.000215461,0.781934,0.308368,0.341408,0.198237,0.286342,0.143171,0.110132,0.0550658,0.0110132,0,0,0,0,0,0
75871,75898,75884,23.3,-104.977,40.127,31.53,-55.1023,585.447,2.08161,0.42681,24.0093,0.168758,0.000156317,0.677734,0.399379,0.314662,0.290458,0.157331,0.0968192,0.108922,0.0363072,0,0,0,0,0,0,0
75899,75923,75911,23.4,-104.979,40.1264,31.0525,-55.2758,587.546,2.13254,0.46575,35.5853,0.229213,0.000169013,0.710845,0.440047,0.361064,0.248232,0.169249,0.0789828,0.0676995,0.045133,0,0,0,0,0.0112833,0,0
75925,75948,75936,23.5,-104.981,40.1258,30.5513,-55.12,590.692,1.9658,0.420714,24.0279,0.171337,0.000157422,0.592109,0.402634,0.248686,0.27237,0.225001,0.0947375,0.0828953,0.0473687,0,0,0,0,0,0,0
75951,75974,75962,23.6,-104.983,40.1255,30.0652,-54.1038,596.187,2.2335,0.418183,22.3239,0.160149,0.000137479,0.753157,0.506433,0.259709,0.337622,0.207767,0.0519418,0.0779127,0.0389564,0,0,0,0,0,0,0
75975,75999,75987,23.7,-104.986,40.1254,29.5844,-54.0636,599.036,1.87556,0.455686,34.8052,0.22914,0.000189741,0.599291,0.377331,0.299646,0.16647,0.188666,0.11098,0.0443919,0.0776859,0,0,0,0.011098,0,0,0
76000,76023,76012,23.8,-104.99,40.1257,29.0891,-54.4455,600.895,1.83543,0.390288,21.8043,0.167602,0.000139493,0.603253,0.308044,0.256703,0.231033,0.166857,0.179692,0.0641759,0.0256703,0,0,0,0,0,0,0
76024,76050,76037,23.9,-104.993,40.1264,28.64,-54.4046,603.677,1.68936,0.327778,18.2081,0.166651,0.000117687,0.555245,0.389853,0.295343,0.129951,0.153578,0.0590687,0.0708824,0.0354412,0,0,0,0,0,0,0
76051,76077,76064,24,-104.996,40.1275,28.1296,-54.4565,606.644,1.79137,0.410516,24.1956,0.176818,0.000165154,0.476029,0.413394,0.263069,0.200433,0.137798,0.137798,0.137798,0.0250542,0,0,0,0,0,0,0
76078,76105,76092,24.1,-104.997,40.1289,27.6772,-54.466,609.435,1.87672,0.424543,26.3677,0.186325,0.00018284,0.579235,0.39388,0.231694,0.266448,0.185355,0.0579235,0.081093,0.0695083,0.0115847,0,0,0,0,0,0
76106,76131,76118,24.2,-104.998,40.1299,27.245,-53.6096,614.575,2.16485,0.538313,32.9553,0.183659,0.000225261,0.440309,0.464771,0.330232,0.342463,0.232385,0.171231,0.122308,0.0489232,0.0122308,0,0,0,0,0,0
76132,76158,76145,24.3,-104.999,40.1309,26.7926,-52.903,619.517,2.33241,0.624269,40.7266,0.195717,0.000298297,0.692033,0.333201,0.243493,0.371648,0.294755,0.089708,0.179416,0.128154,0,0,0,0,0,0,0
