api/data/B2SAP/Locations/Boulder/NOAA-POPS-B2SAP_GMLBalloon_20230201_R0.ict
61,1001
Thornberry, T. D.
NOAA Chemical Sciences Laboratory
Portable Optical Particle Spectrometer (POPS)
Balloon Baseline Stratospheric Aerosol Profiles (B2SAP)
1,1
2023,02,01,2024,05,30
0
TIME_START,s,Seconds since midnight UTC on flight start day,Start time of 100 m altitude bin in UTC_seconds_since_midnight
28
1.0,1.0,1.0,1.0,1.0,1.0,1.0,1.0,1.0,1.0,1.0,1.0,1.0,1.0,1.0,1.0,1.0,1.0,1.0,1.0,1.0,1.0,1.0,1.0,1.0,1.0,1.0,1.0
99999,99999,99999,99999,99999,99999,99999,99999,99999,99999,99999,99999,99999,99999,99999,99999,99999,99999,99999,99999,99999,99999,99999,99999,99999,99999,99999,99999
TIME_STOP,s,End time of 100 m altitude bin in UTC seconds since midnight,
TIME_MID,s,Mid time of 100 m altitude in UTC seconds since midnight,
GPSAlt,m,GPS reported altitude above sea level (m),
GPS_Lon,deg,GPS reported longitude,
GPS_Lat,deg,GPS reported latitude,
iMet_Pressure,mb,Pressure reported (mB),
iMet_Temperature,degrees C,Ambient temperature (oC),
THETA,K,Potential temperature from iMet,
Aerosol_concentration,cm^-3,Aerosol concentration,
Surface_Area_Conc,um^2 cm^-3,Surface area concentration,
Volume_density,um^3 cm^-3,Volume density,
Effective_radius,um,Effective radius,
Extinction,km^-1,Extinction,
Bin01,cm^-3,particle concentration in size range [140 - 170 nm],
Bin02,cm^-3,particle concentration in size range [170 - 205 nm],
Bin03,cm^-3,particle concentration in size range [205 - 249 nm],
Bin04,cm^-3,particle concentration in size range [249 - 302 nm],
Bin05,cm^-3,particle concentration in size range [302 - 366 nm],
Bin06,cm^-3,particle concentration in size range [366 - 443 nm],
Bin07,cm^-3,particle concentration in size range [443 - 537 nm],
Bin08,cm^-3,particle concentration in size range [537 - 651 nm],
Bin09,cm^-3,particle concentration in size range [651 - 789 nm],
Bin10,cm^-3,particle concentration in size range [789 - 956 nm],
Bin11,cm^-3,particle concentration in size range [956 - 1159 nm],
Bin12,cm^-3,particle concentration in size range [1159 - 1404 nm],
Bin13,cm^-3,particle concentration in size range [1404 - 1702 nm],
Bin14,cm^-3,particle concentration in size range [1702 - 2062 nm],
Bin15,cm^-3,particle concentration in size range [2062 - 2500 nm],
0
19
PI_CONTACT_INFO: 325 Broadway R/CSL6, Boulder, CO 80305; troy.thornberry@noaa.gov; 303-497-3373 
PLATFORM: GML ECC/FPH balloon
LOCATION: Boulder, CO, USA
ASSOCIATED_DATA: N/A
INSTRUMENT_INFO: Printed Optical Particle Spectrometer counts particles from 140 - 2500 nm in diameter 
DATA_INFO: Particle concentrations reported in number per cubic centimeter, binned to 100 m altitude
UNCERTAINTY: Counting uncertainty dominated by air flow, less than 5 percent
ULOD_FLAG: -77777
ULOD_VALUE: 3000 ~3000 per cm3 (varies depending on flow rate- manufacturer quotes 1250  per cm3 at 1.667 cc/s)
LLOD_FLAG: -88888
LLOD_VALUE: 0 0 (varies depending on data field and measurement precision)
DM_CONTACT_INFO: Troy Thornberry, 325 Broadway R/CSL6, Boulder, CO 80305; troy.thornberry@noaa.gov; 303-497-3373
PROJECT_INFO: B2SAP Boulder, CO, USA
STIPULATIONS_ON_USE: Please contact the PIs for questions regarding applications and uncertainties
OTHER_COMMENTS: POPS bin Edges (nm):  140, 170, 205, 249, 302, 366, 443, 537, 651, 789, 956, 1159, 1404, 1702, 2062, 2500
Calculations assume sulfate refractive index of 1.45+0.00j and extinction wavelength = 532 nm
REVISION: R0
R0: QA/QC data
TIME_START,TIME_STOP,TIME_MID,GPSAlt,GPS_Lon,GPS_Lat,iMet_Pressure,iMet_Temperature,THETA,Aerosol_concentration,Surface_Area_Conc,Volume_density,Effective_radius,Extinction,Bin01,Bin02,Bin03,Bin04,Bin05,Bin06,Bin07,Bin08,Bin09,Bin10,Bin11,Bin12,Bin13,Bin14,Bin15
[from data line 74]
63882,63896,63889,9.2,-105.062,39.8406,294.845,-47.914,319.284,10.7203,1.54731,74.9101,0.14524,0.00042515,5.34109,2.46072,1.18267,0.667636,0.515034,0.190753,0.267055,0.0763013,0.0190753,0,0,0,0,0,0
63897,63911,63904,9.3,-105.06,39.8405,290.67,-48.6,319.619,11.223,1.56058,74.0845,0.142417,0.00040347,5.3539,3.10931,1.1223,0.680736,0.404762,0.294373,0.147186,0.0735931,0.0367966,0,0,0,0,0,0
63912,63930,63921,9.4,-105.056,39.8407,286.287,-49.2667,320.056,12.1776,1.86475,105.82,0.170243,0.000558777,5.87279,3.0084,1.34418,0.736099,0.528071,0.320043,0.22403,0.0480064,0.0800107,0,0,0.0160021,0,0,0
63932,63948,63940,9.5,-105.053,39.8409,282.047,-49.4933,321.094,12.0591,1.93063,127.111,0.197516,0.000602696,5.92544,2.89646,1.38197,0.605796,0.643658,0.265036,0.17038,0.0757245,0.0189311,0.0378622,0.0189311,0.0189311,0,0,0
63949,63970,63960,9.6,-105.049,39.8412,277.414,-49.4709,322.646,12.0652,1.87255,107.012,0.171443,0.000518522,5.10258,3.43104,1.54585,0.716372,0.640964,0.276494,0.251358,0.0628396,0,0.0125679,0.0251358,0,0,0,0
63971,63986,63978,9.7,-105.045,39.8417,273.266,-49.7563,323.634,10.0984,1.41008,69.0528,0.146913,0.000372185,4.79717,2.58977,1.42524,0.469288,0.365002,0.191191,0.17381,0.0521431,0.017381,0.017381,0,0,0,0,0
63987,64007,63997,9.8,-105.04,39.8424,268.791,-50.033,324.759,8.08623,1.16794,65.086,0.167182,0.00031252,3.93728,2.08859,1.00196,0.33869,0.395139,0.0987847,0.127009,0.0705605,0.0141121,0,0,0.0141121,0,0,0
64008,64030,64019,9.9,-105.035,39.8433,264.907,-50.5263,325.387,6.22478,0.822637,42.88,0.156375,0.000238948,3.43537,1.57088,0.616605,0.234897,0.146811,0.0587243,0.0880865,0.0146811,0.0440432,0.0146811,0,0,0,0,0
64032,64057,64044,10,-105.029,39.8444,260.599,-51.2005,325.922,6.89854,0.885965,47.3955,0.160488,0.000211847,4.16444,1.443,0.544289,0.303789,0.202526,0.101263,0.0886051,0.0253158,0.0126579,0,0.0126579,0,0,0,0
64058,64088,64073,10.1,-105.021,39.8454,256.169,-51.4071,327.229,6.45108,0.838488,37.0633,0.132608,0.000191338,3.58733,1.2841,0.672624,0.407651,0.275164,0.0509564,0.142678,0.0305738,0,0,0,0,0,0,0
64089,64127,64108,10.2,-105.013,39.846,252.249,-51.0934,329.134,7.65303,1.03956,51.354,0.148199,0.000295311,4.2365,1.81456,0.706083,0.258138,0.250546,0.174623,0.113884,0.0607383,0.0379614,0,0,0,0,0,0
64128,64150,64139,10.3,-105.005,39.8466,248.953,-50.4632,331.308,9.42508,1.409,93.1824,0.198401,0.00043379,5.04071,2.38909,0.866373,0.341298,0.420059,0.105015,0.131269,0.0525074,0.0131269,0.0393806,0,0.0262537,0,0,0
64151,64167,64159,10.4,-105.001,39.8478,245.485,-50.5467,332.51,10.8402,1.75912,107.822,0.183879,0.000588077,4.91893,2.91423,1.24365,0.575422,0.593984,0.204182,0.204182,0.074248,0.074248,0.018562,0.018562,0,0,0,0
64168,64186,64177,10.5,-104.997,39.8491,241.15,-51.22,333.205,11.6619,1.87959,106.932,0.170673,0.000575943,5.22081,2.96567,1.35926,0.710525,0.586955,0.44794,0.231693,0.0926772,0.0154462,0.0154462,0.0154462,0,0,0,0
64187,64207,64197,10.6,-104.992,39.8508,237.545,-51.2605,334.58,11.1015,1.92881,116.544,0.181268,0.000654353,4.42359,2.9207,1.58795,0.69473,0.737264,0.241029,0.311919,0.113425,0.0283563,0.0283563,0,0.0141782,0,0,0
64208,64237,64222,10.7,-104.986,39.8525,233.852,-51.6244,335.526,13.2707,2.55604,157.818,0.18523,0.000994416,5.11901,3.10797,1.925,0.989388,0.871091,0.462431,0.430169,0.268855,0.0645253,0.0215084,0.0107542,0,0,0,0
64238,64256,64247,10.8,-104.98,39.8542,230.482,-51.7335,336.751,14.6999,2.59685,160.435,0.185342,0.000912135,5.94661,3.59603,2.14008,1.15775,0.894623,0.280666,0.420999,0.140333,0.0526249,0.0526249,0,0.0175416,0,0,0
64257,64277,64267,10.9,-104.975,39.8562,226.66,-51.6647,338.478,13.1112,2.1112,111.902,0.159013,0.000663035,5.35242,3.58773,1.66261,1.00631,0.670876,0.335438,0.320854,0.10209,0.058337,0.0145843,0,0,0,0,0
64279,64304,64292,11,-104.969,39.8587,222.932,-52.3865,338.975,13.2229,2.02251,103.142,0.15299,0.000597258,5.73939,3.71081,1.54617,0.643208,0.878226,0.272126,0.247388,0.148433,0.0247388,0.0123694,0,0,0,0,0
64305,64333,64319,11.1,-104.962,39.861,219.545,-52.1011,340.898,12.8124,2.24438,129.319,0.172856,0.000797695,4.9379,3.3992,1.86051,0.895057,0.784432,0.341932,0.351989,0.140795,0.0603409,0.0402273,0,0,0,0,0
64334,64363,64348,11.2,-104.955,39.8632,216.211,-51.5346,343.266,12.4823,2.05989,115.014,0.167505,0.000690347,5.29861,3.38296,1.45712,0.774412,0.703085,0.377016,0.295499,0.122276,0.0305689,0.0407585,0,0,0,0,0
64364,64395,64380,11.3,-104.947,39.8651,212.965,-51.3219,345.092,13.085,2.21618,146.562,0.198398,0.000716978,5.80658,3.32958,1.7321,0.798741,0.574375,0.305137,0.341035,0.0987208,0.0538477,0,0.0179492,0.0179492,0.00897461,0,0
64396,64423,64410,11.4,-104.94,39.8669,209.723,-51.255,346.712,12.7377,2.19022,119.289,0.163393,0.000746084,5.17084,3.24585,1.64853,0.829382,0.819143,0.460768,0.317418,0.184307,0.0614357,0,0,0,0,0,0
64424,64442,64433,11.5,-104.934,39.8687,206.241,-50.8768,348.965,11.4985,1.98611,115.682,0.174736,0.000727272,4.86032,2.85311,1.60577,0.759873,0.544814,0.344093,0.25807,0.172047,0.0716861,0.0286744,0,0,0,0,0
64443,64467,64455,11.6,-104.929,39.8712,203.257,-51.1405,350,12.0124,2.14048,128.344,0.179881,0.000749862,4.70812,3.14772,1.73528,0.726396,0.686041,0.457361,0.336295,0.14797,0.0269036,0.0269036,0.0134518,0,0,0,0
64468,64495,64482,11.7,-104.922,39.8734,199.809,-51.3412,351.405,11.7701,2.04584,110.245,0.161662,0.000671331,4.53137,2.87943,1.69783,0.88333,0.871858,0.412985,0.298267,0.160605,0.0229436,0.0114718,0,0,0,0,0
64496,64524,64510,11.8,-104.914,39.8753,196.699,-51.3388,352.988,10.9444,2.08248,130.544,0.18806,0.000785588,4.08664,2.8035,1.67132,0.614613,0.765571,0.388177,0.334263,0.215654,0.0323481,0.0215654,0,0,0.0107827,0,0
64525,64553,64539,11.9,-104.907,39.8768,193.643,-50.1948,356.397,10.5399,2.12502,135.705,0.191582,0.000873811,3.93908,2.58139,1.43808,0.741369,0.759234,0.303693,0.500201,0.169711,0.0803894,0.0178643,0,0.00893216,0,0,0
64554,64581,64568,12,-104.899,39.8783,190.574,-49.8393,358.593,10.2996,2.11887,148.638,0.210448,0.000865793,3.90469,2.40549,1.39756,0.719954,0.711484,0.381152,0.559023,0.169401,0.0254101,0.0169401,0,0,0,0.00847005,0
64582,64608,64595,12.1,-104.891,39.8796,187.722,-49.9335,359.994,10.8045,2.03952,122.726,0.180522,0.00074501,3.96693,2.69417,1.54218,0.901153,0.724639,0.3809,0.343739,0.204385,0.0185805,0.0185805,0,0.00929024,0,0,0
64609,64632,64620,12.2,-104.884,39.8814,184.758,-50.2992,361.046,10.4042,2.03185,122.87,0.181416,0.000801461,3.69993,2.76235,1.36101,0.806525,0.725872,0.393181,0.423426,0.141142,0.0604894,0.0302447,0,0,0,0,0
64633,64661,64647,12.3,-104.877,39.8835,182.059,-50.3726,362.443,10.0212,2.25172,175.311,0.233569,0.000928241,3.34041,2.55496,1.57089,0.686138,0.82156,0.343069,0.406266,0.153478,0.072225,0.0180563,0.0180563,0.0180563,0.0180563,0,0
64662,64691,64676,12.4,-104.869,39.8858,179.034,-50.763,363.54,9.72265,2.19004,174.658,0.239253,0.000948511,3.20087,2.42466,1.27235,0.864235,0.776211,0.432118,0.448122,0.224061,0.0560153,0.0160044,0,0,0,0,0.00800218
64692,64718,64705,12.5,-104.861,39.8881,176.08,-51.0535,364.801,9.45403,2.03008,129.975,0.192074,0.000836628,3.08703,2.33365,1.39651,0.670694,0.808508,0.441004,0.459379,0.192939,0.0367503,0.0183752,0,0.00918759,0,0,0
64719,64748,64734,12.6,-104.854,39.8904,173.181,-51.2024,366.292,9.51427,2.00258,137.203,0.205539,0.00081293,3.4248,2.51095,1.05904,0.708873,0.768657,0.367247,0.427032,0.162272,0.0427032,0.0170813,0.00854064,0.0170813,0,0,0
64749,64776,64762,12.7,-104.847,39.8925,170.69,-50.7004,368.639,9.31298,1.96114,131.018,0.200422,0.000851375,3.34888,2.22683,1.45866,0.630072,0.621441,0.362507,0.336614,0.207147,0.0776801,0.0345245,0.00863112,0,0,0,0
64777,64796,64786,12.8,-104.842,39.8947,167.872,-50.2195,371.193,9.06096,1.99388,167.59,0.252156,0.000866954,3.44445,2.1078,1.33665,0.578359,0.655473,0.334163,0.282753,0.231344,0.0257048,0.0385573,0,0.0128524,0,0.0128524,0
64797,64827,64812,12.9,-104.836,39.8978,165.391,-50.4311,372.431,9.19829,1.90071,127.364,0.201026,0.000772009,3.62357,2.10794,1.02784,0.635866,0.827497,0.383262,0.34842,0.139368,0.0783945,0.0087105,0.0087105,0,0.0087105,0,0
64828,64857,64842,13,-104.829,39.9012,162.743,-50.6079,373.854,8.6803,1.77233,119.855,0.202877,0.00071523,3.29522,2.05518,1.18801,0.589671,0.685058,0.338193,0.294835,0.147418,0.0346865,0.0346865,0.00867163,0.00867163,0,0,0
64858,64885,64872,13.1,-104.823,39.9042,160.152,-51.0508,374.82,9.05313,1.80284,117.565,0.195634,0.000729101,3.51345,2.146,1.23769,0.628828,0.588903,0.379293,0.35933,0.099814,0.049907,0.0399256,0.0099814,0,0,0,0
64886,64913,64900,13.2,-104.816,39.907,157.69,-51.2568,376.13,8.96968,1.8503,138.53,0.224607,0.000699017,3.5327,2.07335,1.23689,0.578402,0.702981,0.364838,0.266955,0.124579,0.0266955,0.017797,0,0.035594,0.00889849,0,0
64914,64942,64928,13.3,-104.809,39.9097,155.1,-51.5371,377.448,8.51244,1.66698,104.506,0.188075,0.000652241,3.1889,2.09108,1.20237,0.548909,0.662175,0.296236,0.313662,0.139405,0.0435642,0.0174257,0.00871283,0,0,0,0
64943,64975,64959,13.4,-104.8,39.9128,152.555,-51.8725,378.658,8.1761,1.8545,143.759,0.232557,0.000797417,3.06886,1.82025,1.1433,0.579172,0.601737,0.361042,0.330955,0.172999,0.0225651,0.0376086,0.0225651,0,0.0150434,0,0
64976,65010,64993,13.5,-104.79,39.9161,150.191,-50.9974,381.851,8.14529,1.89186,129.121,0.204753,0.000872239,2.61864,1.85909,1.30209,0.600408,0.665512,0.383393,0.39786,0.188079,0.101274,0.0217015,0.00723383,0,0,0,0
65011,65045,65028,13.6,-104.78,39.92,148.014,-50.273,384.7,7.62558,1.65277,121.012,0.219653,0.000673802,2.72236,1.83222,1.02367,0.59343,0.689863,0.252208,0.341222,0.0741788,0.0296715,0.0370894,0.0148358,0.0148358,0,0,0
65046,65071,65058,13.7,-104.771,39.9237,145.722,-50.86,385.406,7.74895,1.53352,100.919,0.197425,0.000631157,3.25043,1.70603,1.07749,0.323247,0.646494,0.242435,0.287331,0.134686,0.0448954,0.0269373,0,0.00897909,0,0,0
65072,65097,65084,13.8,-104.763,39.9266,143.372,-51.6968,385.738,7.45601,1.61653,113.19,0.21006,0.000691488,2.74876,1.72656,1.04796,0.558341,0.481033,0.249106,0.463853,0.0944886,0.0515392,0.0171797,0.00858987,0,0.00858987,0,0
65098,65122,65110,13.9,-104.757,39.9291,141.274,-52.2291,386.43,6.32066,1.28559,87.1802,0.20344,0.000538762,2.62384,1.44266,0.685265,0.405749,0.531982,0.216399,0.270499,0.0631165,0.0360666,0.0360666,0.00901664,0,0,0,0
65123,65148,65136,14,-104.75,39.9317,139.083,-52.8787,387.027,7.83836,1.38321,86.3763,0.187338,0.000475712,3.33345,2.02864,0.952413,0.447634,0.457158,0.209531,0.247627,0.142862,0,0,0.00952413,0.00952413,0,0,0
65149,65172,65160,14.1,-104.744,39.934,136.769,-53.7274,387.388,7.30794,1.31463,88.6012,0.202189,0.000485711,3.08864,1.93959,1.04793,0.330925,0.303348,0.257386,0.19304,0.073539,0.0275771,0.0275771,0.00919237,0.00919237,0,0,0
65173,65196,65184,14.2,-104.739,39.9364,134.615,-53.99,388.679,6.99444,1.18703,72.707,0.183754,0.0004142,2.98205,2.01115,0.723221,0.455728,0.326936,0.178329,0.178329,0.0990714,0.00990714,0.0198143,0.00990714,0,0,0,0
65199,65221,65210,14.3,-104.733,39.9388,132.39,-53.5487,391.32,6.99949,1.28564,92.4209,0.215662,0.000538302,3.23692,1.81673,0.857644,0.276659,0.313547,0.119886,0.156774,0.0922198,0.0829978,0.0276659,0.018444,0,0,0,0
65222,65242,65232,14.4,-104.728,39.9409,130.29,-53.6965,392.855,6.51402,1.07519,64.4884,0.179936,0.000362601,3.09012,1.46431,0.839825,0.323009,0.387611,0.139971,0.150738,0.0646019,0.0430679,0,0.010767,0,0,0,0
65243,65257,65250,14.5,-104.723,39.9427,128.105,-54.7354,392.883,7.478,1.30256,85.7645,0.197529,0.000481412,3.32925,1.99755,0.990237,0.273169,0.324388,0.239023,0.136584,0.0853653,0.0853653,0,0,0.0170731,0,0,0
65258,65271,65264,14.6,-104.719,39.9444,126.294,-55.5792,392.956,7.49897,1.32571,80.3231,0.181767,0.000517221,3.42902,1.87474,0.769125,0.352516,0.448656,0.176258,0.304445,0.0801172,0.0320469,0.0320469,0,0,0,0,0
65273,65290,65282,14.7,-104.714,39.9463,124.129,-56.4435,393.342,6.95003,1.31007,91.8346,0.210296,0.000536717,2.88714,2.03798,0.679326,0.418047,0.378855,0.182895,0.195959,0.0653198,0.0391919,0.0522559,0.013064,0,0,0,0
65292,65317,65304,14.8,-104.707,39.9489,121.958,-56.8288,394.626,6.60918,1.21595,80.1414,0.197725,0.000490431,2.87393,1.65443,0.869853,0.358175,0.324063,0.136448,0.213199,0.0852797,0.0682238,0.0170559,0,0.00852797,0,0,0
65318,65347,65332,14.9,-104.699,39.9518,120.07,-56.7964,396.444,6.66169,1.16666,72.5095,0.186455,0.000437703,2.98002,1.66345,0.796249,0.346881,0.378415,0.181324,0.141906,0.102487,0.0551856,0.00788365,0.00788365,0,0,0,0
65348,65379,65364,15,-104.69,39.9544,118.167,-56.7953,398.262,6.25692,0.908351,51.0928,0.168743,0.000300159,3.14667,1.66074,0.750248,0.218519,0.225803,0.0582717,0.0728396,0.0582717,0.0437038,0.0218519,0,0,0,0,0
65379,65407,65393,15.1,-104.681,39.9571,116.394,-57.0997,399.427,6.39984,0.959254,54.0873,0.169154,0.000300513,3.25201,1.64461,0.669751,0.230692,0.215809,0.13395,0.126508,0.111625,0.00744167,0,0,0.00744167,0,0,0
65408,65431,65420,15.2,-104.674,39.9596,114.464,-57.5783,400.445,5.90354,1.04908,72.7888,0.208149,0.000389969,2.47873,1.72186,0.71902,0.321667,0.283824,0.104069,0.141912,0.0567648,0.0378432,0.0189216,0.0189216,0,0,0,0
65432,65453,65442,15.3,-104.668,39.962,112.637,-58.4082,400.742,5.99104,0.990761,63.5546,0.192442,0.000341632,3.03573,1.38719,0.572968,0.281458,0.29151,0.190989,0.120625,0.0603124,0.0301562,0.0100521,0,0,0.0100521,0,0
65454,65478,65466,15.4,-104.663,39.9649,110.697,-58.0874,403.343,5.92168,1.12184,68.8692,0.184168,0.000455242,2.42845,1.53179,0.672494,0.298886,0.429649,0.196144,0.186804,0.130763,0.0280206,0.0186804,0,0,0,0,0
65479,65499,65489,15.5,-104.657,39.9673,108.871,-57.974,405.472,5.60028,1.24253,85.3307,0.206025,0.000539431,2.0823,1.22746,0.624689,0.471257,0.504135,0.317824,0.164392,0.131514,0.0547973,0.0109595,0.0109595,0,0,0,0
65500,65517,65508,15.6,-104.652,39.9692,107.241,-57.53,408.062,5.66016,1.50884,119.485,0.237569,0.000788221,1.87422,1.23699,0.762185,0.399835,0.512288,0.299876,0.274886,0.124948,0.112453,0.0499793,0,0.0124948,0,0,0
65518,65535,65526,15.7,-104.647,39.9704,105.401,-57.8594,409.468,5.46095,1.30733,100.967,0.231694,0.00058296,1.82935,1.20602,0.935002,0.311667,0.474276,0.271015,0.230363,0.108406,0.054203,0.0135508,0.0135508,0.0135508,0,0,0
65536,65554,65545,15.8,-104.643,39.9714,103.663,-58.3023,410.564,5.39054,1.22572,94.9061,0.232288,0.000494176,1.84108,1.24397,0.862487,0.414657,0.381485,0.281967,0.232208,0.0497589,0.0497589,0,0,0.0331726,0,0,0
65555,65572,65564,15.9,-104.638,39.9723,102.039,-58.5194,412.002,5.79932,1.33182,117.167,0.263925,0.000565068,2.22457,1.38875,0.925834,0.308611,0.398623,0.180023,0.192882,0.0514352,0.0514352,0.0257176,0.0128588,0.0385764,0,0,0
65573,65592,65582,16,-104.633,39.9735,100.216,-58.9365,413.331,5.56274,1.08304,84.4319,0.233875,0.000416969,2.47476,1.32498,0.744619,0.317558,0.262807,0.120453,0.186155,0.0547514,0.0328508,0.0109503,0.0109503,0.0219006,0,0,0
65593,65611,65602,16.1,-104.629,39.9748,98.6256,-59.2783,414.556,5.59064,1.18158,107.057,0.271814,0.000433253,2.3488,1.3946,0.734001,0.342534,0.367,0.1468,0.1101,0.0611667,0.0244667,0,0.0244667,0.0244667,0.0122333,0,0
65612,65630,65621,16.2,-104.624,39.9759,96.8916,-59.8563,415.539,6.04179,1.2566,111.408,0.265975,0.000524498,2.79563,1.65196,0.623818,0.231044,0.173283,0.196387,0.184835,0.0924174,0.0115522,0.0231044,0.0577609,0,0,0,0
65631,65651,65641,16.3,-104.619,39.9765,95.4633,-60.0811,416.871,5.31499,1.262,126.822,0.301479,0.000576973,2.4966,1.23166,0.5548,0.2774,0.288496,0.122056,0.133152,0.077672,0.011096,0.066576,0.011096,0.022192,0.022192,0,0
65652,65677,65664,16.4,-104.614,39.9772,93.8152,-60.7224,417.681,4.88091,0.903793,60.0767,0.199415,0.00032735,2.12817,1.12577,0.60915,0.293009,0.308431,0.177348,0.123372,0.0925292,0,0.00771077,0.0154215,0,0,0,0
