api/data/B2SAP/Locations/Boulder/NOAA-POPS-B2SAP_GMLBalloon_20200109_R0.ict
61,1001
Thornberry, T. D.
NOAA Chemical Sciences Laboratory
Portable Optical Particle Spectrometer (POPS)
Balloon Baseline Stratospheric Aerosol Profiles (B2SAP)
1,1
2020,01,09,2024,05,30
0
TIME_START,s,Seconds since midnight UTC on flight start day,Start time of 100 m altitude bin in UTC_seconds_since_midnight
28
1.0,1.0,1.0,1.0,1.0,1.0,1.0,1.0,1.0,1.0,1.0,1.0,1.0,1.0,1.0,1.0,1.0,1.0,1.0,1.0,1.0,1.0,1.0,1.0,1.0,1.0,1.0,1.0
99999,99999,99999,99999,99999,99999,99999,99999,99999,99999,99999,99999,99999,99999,99999,99999,99999,99999,99999,99999,99999,99999,99999,99999,99999,99999,99999,99999
TIME_STOP,s,End time of 100 m altitude bin in UTC seconds since midnight,
TIME_MID,s,Mid time of 100 m altitude in UTC seconds since midnight,
GPSAlt,m,GPS reported altitude above sea level (m),
GPS_Lon,deg,GPS reported longitude,
GPS_Lat,deg,GPS reported latitude,
iMet_Pressure,mb,Pressure reported (mB),
iMet_Temperature,degrees C,Ambient temperature (oC),
THETA,K,Potential temperature from iMet,
Aerosol_concentration,cm^-3,Aerosol concentration,
Surface_Area_Conc,um^2 cm^-3,Surface area concentration,
Volume_density,um^3 cm^-3,Volume density,
Effective_radius,um,Effective radius,
Extinction,km^-1,Extinction,
Bin01,cm^-3,particle concentration in size range [140 - 170 nm],
Bin02,cm^-3,particle concentration in size range [170 - 205 nm],
Bin03,cm^-3,particle concentration in size range [205 - 249 nm],
Bin04,cm^-3,particle concentration in size range [249 - 302 nm],
Bin05,cm^-3,particle concentration in size range [302 - 366 nm],
Bin06,cm^-3,particle concentration in size range [366 - 443 nm],
Bin07,cm^-3,particle concentration in size range [443 - 537 nm],
Bin08,cm^-3,particle concentration in size range [537 - 651 nm],
Bin09,cm^-3,particle concentration in size range [651 - 789 nm],
Bin10,cm^-3,particle concentration in size range [789 - 956 nm],
Bin11,cm^-3,particle concentration in size range [956 - 1159 nm],
Bin12,cm^-3,particle concentration in size range [1159 - 1404 nm],
Bin13,cm^-3,particle concentration in size range [1404 - 1702 nm],
Bin14,cm^-3,particle concentration in size range [1702 - 2062 nm],
Bin15,cm^-3,particle concentration in size range [2062 - 2500 nm],
0
19
PI_CONTACT_INFO: 325 Broadway R/CSL6, Boulder, CO 80305; troy.thornberry@noaa.gov; 303-497-3373 
PLATFORM: GML ECC/FPH balloon
LOCATION: Boulder, CO, USA
ASSOCIATED_DATA: N/A
INSTRUMENT_INFO: Printed Optical Particle Spectrometer counts particles from 140 - 2500 nm in diameter 
DATA_INFO: Particle concentrations reported in number per cubic centimeter, binned to 100 m altitude
UNCERTAINTY: Counting uncertainty dominated by air flow, less than 5 percent
ULOD_FLAG: -77777
ULOD_VALUE: 3000 ~3000 per cm3 (varies depending on flow rate- manufacturer quotes 1250  per cm3 at 1.667 cc/s)
LLOD_FLAG: -88888
LLOD_VALUE: 0 0 (varies depending on data field and measurement precision)
DM_CONTACT_INFO: Troy Thornberry, 325 Broadway R/CSL6, Boulder, CO 80305; troy.thornberry@noaa.gov; 303-497-3373
PROJECT_INFO: B2SAP Boulder, CO, USA
STIPULATIONS_ON_USE: Please contact the PIs for questions regarding applications and uncertainties
OTHER_COMMENTS: POPS bin Edges (nm):  140, 170, 205, 249, 302, 366, 443, 537, 651, 789, 956, 1159, 1404, 1702, 2062, 2500
Calculations assume sulfate refractive index of 1.45+0.00j and extinction wavelength = 532 nm
REVISION: R0
R0: QA/QC data
TIME_START,TIME_STOP,TIME_MID,GPSAlt,GPS_Lon,GPS_Lat,iMet_Pressure,iMet_Temperature,THETA,Aerosol_concentration,Surface_Area_Conc,Volume_density,Effective_radius,Extinction,Bin01,Bin02,Bin03,Bin04,Bin05,Bin06,Bin07,Bin08,Bin09,Bin10,Bin11,Bin12,Bin13,Bin14,Bin15
[from data line 316]
65968,65969,65968,18.8,-104.684,40.1114,62.025,-54.6,483.644,6.91195,3.21913,251.136,0.23404,0.00202589,0.754031,0.502687,0.502687,1.25672,0.754031,1.00537,1.25672,0.754031,0.125672,0,0,0,0,0,0
65970,65971,65970,18.7,-104.684,40.1116,63,-54.45,481.832,5.75146,2.83285,247.406,0.262004,0.00200695,1.17644,0.130715,0.915005,0.52286,0.653575,0.653575,0.653575,0.52286,0.52286,0,0,0,0,0,0
65972,65973,65972,18.6,-104.684,40.1117,64.1,-54.51,479.322,4.96845,2.39975,191.566,0.239482,0.0015679,0.392246,0.522995,0.522995,0.522995,0.915241,0.261497,1.17674,0.522995,0.130749,0,0,0,0,0,0
65974,65975,65974,18.5,-104.684,40.1119,65.205,-54.85,476.243,6.33165,4.36427,650.923,0.447445,0.0028544,0.4966,0.2483,0.86905,0.9932,0.4966,0.86905,1.36565,0.86905,0,0,0,0,0,0.12415,0
65976,65978,65977,18.4,-104.684,40.1121,66.46,-54.3,474.859,8.43819,3.95301,314.949,0.23902,0.00245742,0.59664,0.511406,1.27851,1.19328,1.02281,1.53422,1.27851,0.852343,0.0852343,0.0852343,0,0,0,0,0
65981,65982,65982,18.2,-104.683,40.1124,68.83,-52.92,473.089,9.37982,5.31351,476.2,0.268862,0.00386438,0.899435,0.899435,1.02793,0.642454,1.4134,0.770944,1.67038,1.4134,0.513963,0.128491,0,0,0,0,0
65983,65983,65983,18.1,-104.683,40.1125,69.68,-52.54,472.252,9.21291,2.76971,176.24,0.190894,0.00126091,1.49399,0.746993,1.74298,1.99198,0.995991,0.995991,0.995991,0.248998,0,0,0,0,0,0,0
65985,65986,65986,18,-104.684,40.1126,70.91,-52.155,470.704,11.1401,4.7393,350.716,0.222005,0.00279557,1.28048,0.896333,1.40852,1.66462,0.896333,1.92071,2.04876,1.02438,0,0,0,0,0,0,0
65987,65988,65988,17.9,-104.683,40.1126,71.855,-51.74,469.814,8.68343,3.55487,262.135,0.221219,0.00206671,1.48859,0.620245,0.868343,0.992392,0.992392,1.48859,1.73669,0.372147,0.124049,0,0,0,0,0,0
65990,65991,65990,17.8,-104.683,40.1127,73.34,-50.765,469.123,8.12947,3.76774,288.701,0.229873,0.00229911,0.508092,0.889161,0.635115,0.889161,1.52428,1.52428,1.14321,0.889161,0.127023,0,0,0,0,0,0
65992,65993,65992,17.7,-104.683,40.1128,74.405,-50.81,467.108,7.07895,3.56328,277.421,0.233566,0.00227118,0.400695,0.667826,0.667826,0.801391,0.53426,1.20209,2.27061,0.400695,0.133565,0,0,0,0,0,0
65996,65997,65996,17.5,-104.683,40.113,76.625,-52.6,459.465,9.91076,5.2884,512.406,0.290677,0.00336855,1.16597,0.728732,1.74896,0.728732,0.582986,1.45746,2.62344,0.437239,0.145746,0.145746,0.145746,0,0,0,0
65998,65999,65998,17.4,-104.682,40.1132,77.815,-53.97,454.611,10.0171,6.20548,595.933,0.2881,0.00418392,0.715506,0.286202,0.572405,1.28791,1.71721,1.57411,2.00342,1.14481,0.572405,0,0.143101,0,0,0,0
66000,66001,66000,17.3,-104.682,40.1134,78.87,-54.22,452.355,9.23892,4.74823,390.232,0.246554,0.00320368,0.815199,0.951066,0.815199,1.08693,0.815199,1.6304,1.35867,1.49453,0.271733,0,0,0,0,0,0
66006,66006,66006,17.1,-104.681,40.114,82.32,-52.75,449.854,12.6656,6.07876,506.801,0.250117,0.0038162,0.31664,1.5832,1.26656,2.53312,1.26656,2.53312,1.5832,1.26656,0,0.31664,0,0,0,0,0
66008,66008,66008,17,-104.681,40.1142,83.29,-52.34,449.19,12.9431,7.24718,686.076,0.284004,0.00509548,0.602004,1.20401,0.903006,2.10702,3.01002,1.80601,0.903006,1.20401,0.602004,0.602004,0,0,0,0,0
66009,66009,66009,16.9,-104.68,40.1143,83.9,-52.43,448.054,13.2567,5.93209,486.552,0.246061,0.00370857,1.69234,2.53851,0.84617,0.564113,1.41028,2.82057,2.25645,0.84617,0,0.282057,0,0,0,0,0
66012,66013,66012,16.8,-104.68,40.1146,85.925,-53.145,443.582,14.4841,6.72015,594.893,0.265572,0.00386565,0.88678,1.92136,1.33017,2.06915,2.51254,2.66034,1.62576,1.18237,0,0.147797,0.147797,0,0,0,0
66014,66015,66014,16.7,-104.679,40.1147,87.125,-53.37,441.372,11.2902,5.09503,398.937,0.234898,0.00321725,0.987891,1.12902,1.69353,1.69353,0.846764,1.41127,2.25804,0.987891,0.282255,0,0,0,0,0,0
66016,66017,66016,16.6,-104.679,40.1149,88.355,-53.575,439.193,11.4419,5.69751,478.417,0.251909,0.00379862,1.41258,0.988804,0.847546,1.55384,1.27132,1.69509,1.97761,1.27132,0.282515,0.141258,0,0,0,0,0
66019,66020,66020,16.5,-104.678,40.1152,90.09,-53.93,436.062,10.8373,5.01155,477.393,0.285775,0.00287629,1.49012,1.35466,1.49012,0.94826,1.21919,1.35466,1.89652,0.94826,0,0,0,0,0.135466,0,0
66021,66022,66022,16.4,-104.677,40.1154,91.355,-53.62,434.938,10.0795,6.25574,625.952,0.300181,0.0042987,0.139993,1.11995,1.53993,0.559973,1.67992,0.83996,2.37989,1.25994,0.139993,0.279987,0.139993,0,0,0,0
66023,66025,66024,16.3,-104.677,40.1157,92.8233,-53.6733,432.854,9.76945,4.44165,343.24,0.231832,0.00272898,1.01381,0.184329,1.47463,1.47463,1.47463,1.38247,1.75113,0.737317,0.276494,0,0,0,0,0,0
66026,66027,66026,16.2,-104.676,40.116,94.455,-53.97,430.129,14.0537,6.40149,498.01,0.233388,0.00402674,1.02475,1.75671,1.46392,2.19588,1.61031,1.75671,2.19588,1.9031,0.146392,0,0,0,0,0,0
66028,66030,66029,16.1,-104.676,40.1163,95.9933,-53.79,428.494,11.7971,5.57563,456.509,0.245627,0.00363406,1.67203,1.39336,0.650234,1.0218,1.85781,1.48625,2.41515,0.836015,0.371562,0.0928905,0,0,0,0,0
66031,66032,66032,16,-104.675,40.1165,97.585,-53.485,427.077,11.615,5.22561,402.795,0.231243,0.00323098,0.819881,0.956528,1.91306,1.22982,2.0497,1.36647,1.63976,1.50312,0.136647,0,0,0,0,0,0
66033,66035,66034,15.9,-104.675,40.1166,98.9933,-53.4033,425.497,11.8969,5.51908,455.198,0.247432,0.00366462,1.61314,1.81478,1.4115,0.806569,0.90739,1.71396,1.61314,1.81478,0.100821,0.100821,0,0,0,0,0
66036,66037,66036,15.8,-104.674,40.1167,100.5,-53.035,424.37,13.3406,5.32379,381.437,0.214943,0.00296869,1.64699,1.15289,1.48229,2.14108,1.31759,2.63518,1.97638,0.988192,0,0,0,0,0,0,0
66038,66039,66038,15.7,-104.674,40.1168,101.805,-52.885,423.093,16.7289,9.32892,913.929,0.293902,0.00570215,0.844893,1.35183,2.53468,2.19672,1.35183,2.53468,3.54855,2.02774,0,0,0.168979,0.168979,0,0,0
66040,66043,66042,15.6,-104.673,40.1171,103.8,-52.67,421.175,15.9638,6.93971,539.916,0.233403,0.00420343,1.65143,1.43124,1.65143,2.97258,1.76153,2.312,2.64229,1.21105,0.220191,0.110095,0,0,0,0,0
66044,66045,66044,15.5,-104.672,40.1173,105.58,-52.375,419.688,13.2762,7.59416,670.825,0.265003,0.00527601,0.819518,0.655615,1.47513,0.983422,2.45856,1.80294,3.11417,1.14733,0.491711,0.327807,0,0,0,0,0
66046,66048,66047,15.4,-104.671,40.1175,107.057,-52.8467,417.13,13.6443,6.7894,591.04,0.26116,0.00427501,1.3842,1.28533,1.68081,1.08759,1.97743,1.58194,2.96614,1.48307,0,0.0988715,0.0988715,0,0,0,0
66049,66051,66050,15.3,-104.671,40.1179,108.977,-52.83,415.055,14.4806,7.29688,644.877,0.265131,0.00472355,1.17122,1.59712,1.91655,1.59712,1.81007,1.81007,2.23597,1.81007,0.425899,0,0.106475,0,0,0,0
66052,66053,66052,15.2,-104.67,40.1182,110.79,-52.7,413.342,17.2954,10.9924,1088.78,0.297146,0.00733056,0.617692,1.38981,1.23538,2.0075,1.69865,3.3973,4.16942,1.69865,0.617692,0.154423,0.308846,0,0,0,0
66054,66056,66055,15.1,-104.669,40.1185,112.367,-52.7167,411.642,16.8644,8.81853,799.494,0.271982,0.00579662,2.1621,1.62158,1.18916,1.40537,2.27021,3.35126,2.37831,1.62158,0.540525,0.21621,0.108105,0,0,0,0
66057,66059,66058,15,-104.669,40.1189,114.243,-53.3433,408.54,14.5849,7.93746,702.596,0.26555,0.00522833,0.965178,0.965178,2.0376,1.60863,1.2869,2.57381,2.68105,1.93036,0.428968,0,0.107242,0,0,0,0
66060,66062,66061,14.9,-104.668,40.1192,116.207,-53.0933,407.018,13.9371,6.72618,545.426,0.24327,0.00433341,0.864315,1.94471,0.756276,2.26883,1.83667,1.83667,2.70098,1.29647,0.324118,0.108039,0,0,0,0,0
66063,66063,66063,14.8,-104.668,40.1194,117.59,-52.88,406.028,16.6154,11.3206,1312.98,0.347945,0.00718584,0.996922,1.32923,1.66154,0.664615,3.65538,2.65846,3.65538,0.332307,0.664615,0.332307,0.664615,0,0,0,0
66065,66066,66066,14.7,-104.668,40.1197,119.315,-53.565,403.091,18.152,8.09961,621.216,0.230091,0.00498556,1.93856,1.76233,2.11479,1.40986,3.34842,2.11479,3.70089,1.40986,0.352465,0,0,0,0,0,0
66068,66070,66069,14.6,-104.667,40.12,121.8,-53.65,400.576,15.2391,7.89583,698.415,0.265361,0.00488727,1.28329,0.962471,1.44371,1.76453,2.727,1.92494,3.20824,1.60412,0.160412,0,0.160412,0,0,0,0
66071,66073,66072,14.5,-104.667,40.1202,123.733,-53.02,399.915,13.7068,7.60312,728.919,0.287613,0.00523007,1.3921,1.17793,1.60627,1.60627,1.92752,1.17793,2.46294,1.49918,0.428338,0.321253,0.107084,0,0,0,0
66074,66076,66075,14.4,-104.666,40.1203,125.79,-52.6967,398.62,13.9453,7.39843,713.357,0.28926,0.00499198,1.10677,1.66015,1.88151,1.77083,1.77083,1.99218,1.32812,1.4388,0.553384,0.332031,0.110677,0,0,0,0
66077,66079,66078,14.3,-104.666,40.1205,127.817,-52.4533,397.246,14.5161,7.64149,731.502,0.287183,0.00485314,1.68792,1.57539,1.23781,1.68792,1.91298,1.57539,2.92573,1.23781,0.450112,0,0.225056,0,0,0,0
66080,66082,66081,14.2,-104.665,40.1207,129.93,-51.9567,396.279,15.4683,6.64844,574.262,0.259126,0.00408653,3.00463,2.22565,1.55796,1.44667,1.11283,2.11437,2.11437,1.55796,0.222565,0,0.111283,0,0,0,0
66083,66085,66084,14.1,-104.665,40.1209,132.217,-51.72,394.724,14.1314,6.63255,596.367,0.269745,0.00417501,2.19822,1.46548,1.57016,1.46548,1.88419,1.25613,2.82629,1.04677,0.104677,0.209355,0.104677,0,0,0,0
66086,66088,66087,14,-104.664,40.121,134.347,-51.3333,393.616,21.0196,9.80304,847.848,0.259465,0.00616913,2.62746,2.86632,2.26917,1.91088,2.26917,3.10518,3.58289,1.67202,0.477719,0.11943,0.11943,0,0,0,0
66089,66090,66090,13.9,-104.664,40.1211,136.005,-51.105,392.646,13.9666,7.32577,727.866,0.298071,0.00490201,1.0079,2.59174,1.87181,1.58384,1.0079,2.0158,1.72783,1.29587,0.287971,0.431957,0.143986,0,0,0,0
66091,66093,66092,13.8,-104.663,40.1213,137.803,-51.1767,391.048,18.5801,9.48054,823.346,0.260538,0.00637145,1.72838,1.83641,1.83641,2.05246,2.59257,2.80862,3.24072,1.51234,0.54012,0.432096,0,0,0,0,0
66094,66096,66095,13.7,-104.663,40.1215,140.083,-51.3933,388.832,16.3622,7.05057,627.712,0.26709,0.00427154,2.35273,2.13885,2.13885,2.35273,2.03191,1.39025,2.03191,1.49719,0.106942,0.213885,0,0.106942,0,0,0
66097,66099,66098,13.6,-104.663,40.1217,142.333,-51.2833,387.262,15.6977,6.99091,613.693,0.263353,0.00423987,1.76875,2.32149,1.65821,2.32149,1.65821,2.43203,1.76875,0.994923,0.663282,0,0,0.110547,0,0,0
66100,66102,66101,13.5,-104.662,40.1218,144.453,-51.25,385.692,14.6591,7.25031,704.303,0.291423,0.00447991,1.28401,2.14001,1.71201,2.14001,1.81901,1.28401,2.78201,0.856005,0.214001,0.214001,0.214001,0,0,0,0
66104,66105,66104,13.4,-104.662,40.1219,147.18,-50.775,384.445,16.6173,7.8312,675.417,0.258741,0.00468581,1.6925,1.53864,2.1541,1.6925,2.46182,2.00023,3.53887,1.23091,0.153864,0,0.153864,0,0,0,0
66106,66108,66107,13.3,-104.661,40.1219,149.037,-50.2333,384.008,20.4436,10.3257,988.162,0.287098,0.00691095,2.03241,3.10839,2.39107,2.27152,2.74973,2.27152,2.74973,1.67375,0.358661,0.717321,0.119554,0,0,0,0
66109,66112,66110,13.2,-104.661,40.1219,151.567,-49.3525,383.681,17.2364,7.6576,603.705,0.236512,0.00479905,2.17547,1.84078,1.75711,2.34282,1.75711,2.42649,2.92852,1.67344,0.251016,0.083672,0,0,0,0,0
66113,66115,66114,13.1,-104.66,40.1219,154.06,-48.6833,383.043,15.4943,7.10615,560.566,0.236654,0.0045676,2.29993,0.968393,1.93679,1.93679,1.45259,1.93679,2.78413,1.93679,0.242098,0,0,0,0,0,0
66118,66118,66118,13,-104.66,40.1219,157.19,-47.89,382.182,17.225,7.9653,622.494,0.234452,0.00506142,2.10918,2.10918,1.75765,1.05459,1.75765,2.81224,3.86683,1.40612,0.35153,0,0,0,0,0,0
66119,66121,66120,12.9,-104.659,40.122,158.767,-47.6933,381.43,14.64,5.82504,431.121,0.222035,0.00343967,2.24323,2.0071,1.88904,0.708389,2.24323,1.53484,2.95162,0.944519,0.118065,0,0,0,0,0,0
66123,66124,66124,12.8,-104.658,40.122,161.52,-47.055,380.64,20.57,9.14722,722.677,0.237015,0.00569466,2.83724,2.12793,2.12793,2.12793,2.30525,3.54655,2.83724,2.48258,0,0.177327,0,0,0,0,0
66125,66127,66126,12.7,-104.658,40.1221,163.467,-46.9633,379.497,17.9372,8.93522,797.728,0.267837,0.00574223,2.39163,1.32868,1.99302,1.99302,2.52449,2.25876,2.65736,2.25876,0.265736,0.132868,0.132868,0,0,0,0
66128,66130,66129,12.6,-104.657,40.1224,165.783,-47.48,377.104,21.38,9.05905,707.567,0.234318,0.0055382,3.23589,2.31135,2.19578,2.77362,1.84908,3.58259,3.58259,1.27124,0.46227,0.115567,0,0,0,0,0
66131,66131,66131,12.5,-104.656,40.1226,167.42,-47.56,375.909,18.0218,7.83538,609.696,0.23344,0.0048935,2.04021,2.72027,2.04021,1.36014,2.38024,2.72027,2.38024,2.04021,0.340034,0,0,0,0,0,0
66135,66137,66136,12.4,-104.654,40.1234,171.445,-48.625,371.613,20.0778,8.53696,667.984,0.234738,0.00534808,3.61763,2.71322,0.723526,2.71322,2.17058,2.8941,2.8941,1.80881,0.542644,0,0,0,0,0,0
66138,66139,66138,12.3,-104.654,40.1237,173.455,-49.67,368.654,22.0936,8.19993,579.824,0.212133,0.0044328,2.24681,2.99574,2.62128,3.55745,3.37021,3.37021,1.87234,2.05957,0,0,0,0,0,0,0
66141,66144,66142,12.2,-104.652,40.1244,176.84,-49.97,366.132,21.9039,9.7215,782.702,0.241537,0.0062045,3.17691,2.34088,2.00647,3.0097,2.84249,2.17367,3.51132,2.34088,0.334411,0.167206,0,0,0,0,0
66145,66146,66146,12.1,-104.651,40.1247,179.36,-49.92,364.728,23.151,9.72018,741.658,0.228902,0.00579265,2.29742,3.18105,3.18105,2.47415,2.29742,3.35777,4.59485,1.59052,0,0.176725,0,0,0,0,0
66148,66151,66150,12,-104.65,40.1253,182.675,-50.17,362.427,19.8158,9.4169,856.663,0.272912,0.00588797,1.76927,3.00775,2.47697,2.6539,1.76927,3.18468,2.12312,2.12312,0.353853,0.176927,0.176927,0,0,0,0
66152,66153,66152,11.9,-104.649,40.1257,185.12,-50.425,360.64,21.7863,10.4158,832.111,0.239669,0.00680941,2.47974,2.47974,1.94837,2.30262,2.30262,3.18824,3.54249,3.18824,0.354249,0,0,0,0,0,0
66156,66157,66156,11.8,-104.647,40.1264,188.715,-49.925,359.457,24.3494,12.4879,1122.88,0.269751,0.00831082,2.22917,3.08654,2.22917,3.60097,2.57212,2.91507,3.25802,3.25802,1.02885,0,0.171475,0,0,0,0
66158,66161,66160,11.7,-104.646,40.127,191.292,-49.215,359.21,21.611,9.0077,697.858,0.23242,0.00554213,3.18851,2.9228,2.74566,1.85997,2.21424,2.65709,3.98564,1.68283,0.265709,0.0885698,0,0,0,0,0
66162,66164,66163,11.6,-104.645,40.1277,194.223,-48.4533,358.873,27.8905,12.3795,1072.92,0.260008,0.00763056,3.80943,3.67338,3.67338,2.44892,3.40128,3.94549,4.08154,2.04077,0.272102,0.408154,0.136051,0,0,0,0
66165,66168,66166,11.5,-104.644,40.1283,197.32,-48.8625,356.609,22.1905,10.4514,938.495,0.269387,0.00643315,2.00078,3.00117,2.54645,3.45589,2.00078,3.45589,3.18306,1.81889,0.272834,0.272834,0.181889,0,0,0,0
66169,66172,66170,11.4,-104.643,40.129,200.89,-50.86,351.621,27.5192,13.6646,1154.22,0.253403,0.00883009,2.77326,2.87992,2.3466,3.30657,2.98658,4.90653,4.15988,3.19991,0.85331,0,0.106664,0,0,0,0
66173,66175,66174,11.3,-104.641,40.1296,203.933,-53.1167,346.557,28.4135,13.3925,1144.08,0.256279,0.00848085,3.24284,4.16937,2.47074,3.08842,2.77958,4.63263,4.16937,2.934,0.772106,0,0.154421,0,0,0,0
66176,66179,66178,11.2,-104.64,40.1302,207.017,-54.5775,342.787,28.7545,12.8391,1003.05,0.234373,0.00783212,2.47698,2.69237,4.2001,3.33854,3.23085,5.27705,4.63088,2.36929,0.323085,0.21539,0,0,0,0,0
66180,66182,66181,11.1,-104.639,40.1309,210.21,-55.2467,340.249,29.311,13.119,1036.22,0.236957,0.00806714,2.96228,2.18274,4.05365,3.89774,4.05365,4.05365,4.98911,2.65046,0.15591,0.311819,0,0,0,0,0
66183,66186,66184,11,-104.637,40.1315,213.562,-55.72,337.979,24.0715,12.5531,1131.25,0.270353,0.00849071,2.28779,2.5862,3.38195,2.28779,2.5862,2.18832,4.97345,2.98407,0.198938,0.497345,0.0994691,0,0,0,0
66187,66189,66188,10.9,-104.636,40.1321,216.773,-57.0333,334.499,25.1271,11.2089,951.527,0.25467,0.00661168,2.32153,2.18497,3.68714,4.23338,3.00433,3.41401,3.68714,2.18497,0,0.273121,0,0.136561,0,0,0
66190,66193,66192,10.8,-104.635,40.1326,219.99,-58.0375,331.551,21.2975,10.9593,1124.32,0.307772,0.00674126,3.43866,2.32942,1.99664,2.55127,1.99664,3.54959,2.66219,1.77479,0.332774,0.221849,0.443698,0,0,0,0
66194,66197,66196,10.7,-104.634,40.1332,223.835,-59.0375,328.384,22.0273,11.9195,1198.71,0.301702,0.0075179,2.71272,1.84465,2.27869,3.47228,2.27869,2.27869,3.47228,2.92974,0.217018,0.108509,0.325527,0.108509,0,0,0
66198,66201,66200,10.6,-104.633,40.1338,227.733,-59.2075,326.509,19.7232,10.5366,969.816,0.276127,0.0070622,1.78289,1.89432,2.34004,2.34004,1.89432,2.78576,4.0115,1.67146,0.445722,0.445722,0.11143,0,0,0,0
