api/data/B2SAP/Locations/Boulder/NOAA-POPS-B2SAP_GMLBalloon_20200109_R0.ict
61,1001
Thornberry, T. D.
NOAA Chemical Sciences Laboratory
Portable Optical Particle Spectrometer (POPS)
Balloon Baseline Stratospheric Aerosol Profiles (B2SAP)
1,1
2020,01,09,2024,05,30
0
TIME_START,s,Seconds since midnight UTC on flight start day,Start time of 100 m altitude bin in UTC_seconds_since_midnight
28
1.0,1.0,1.0,1.0,1.0,1.0,1.0,1.0,1.0,1.0,1.0,1.0,1.0,1.0,1.0,1.0,1.0,1.0,1.0,1.0,1.0,1.0,1.0,1.0,1.0,1.0,1.0,1.0
99999,99999,99999,99999,99999,99999,99999,99999,99999,99999,99999,99999,99999,99999,99999,99999,99999,99999,99999,99999,99999,99999,99999,99999,99999,99999,99999,99999
TIME_STOP,s,End time of 100 m altitude bin in UTC seconds since midnight,
TIME_MID,s,Mid time of 100 m altitude in UTC seconds since midnight,
GPSAlt,m,GPS reported altitude above sea level (m),
GPS_Lon,deg,GPS reported longitude,
GPS_Lat,deg,GPS reported latitude,
iMet_Pressure,mb,Pressure reported (mB),
iMet_Temperature,degrees C,Ambient temperature (oC),
THETA,K,Potential temperature from iMet,
Aerosol_concentration,cm^-3,Aerosol concentration,
Surface_Area_Conc,um^2 cm^-3,Surface area concentration,
Volume_density,um^3 cm^-3,Volume density,
Effective_radius,um,Effective radius,
Extinction,km^-1,Extinction,
Bin01,cm^-3,particle concentration in size range [140 - 170 nm],
Bin02,cm^-3,particle concentration in size range [170 - 205 nm],
Bin03,cm^-3,particle concentration in size range [205 - 249 nm],
Bin04,cm^-3,particle concentration in size range [249 - 302 nm],
Bin05,cm^-3,particle concentration in size range [302 - 366 nm],
Bin06,cm^-3,particle concentration in size range [366 - 443 nm],
Bin07,cm^-3,particle concentration in size range [443 - 537 nm],
Bin08,cm^-3,particle concentration in size range [537 - 651 nm],
Bin09,cm^-3,particle concentration in size range [651 - 789 nm],
Bin10,cm^-3,particle concentration in size range [789 - 956 nm],
Bin11,cm^-3,particle concentration in size range [956 - 1159 nm],
Bin12,cm^-3,particle concentration in size range [1159 - 1404 nm],
Bin13,cm^-3,particle concentration in size range [1404 - 1702 nm],
Bin14,cm^-3,particle concentration in size range [1702 - 2062 nm],
Bin15,cm^-3,particle concentration in size range [2062 - 2500 nm],
0
19
PI_CONTACT_INFO: 325 Broadway R/CSL6, Boulder, CO 80305; troy.thornberry@noaa.gov; 303-497-3373 
PLATFORM: GML ECC/FPH balloon
LOCATION: Boulder, CO, USA
ASSOCIATED_DATA: N/A
INSTRUMENT_INFO: Printed Optical Particle Spectrometer counts particles from 140 - 2500 nm in diameter 
DATA_INFO: Particle concentrations reported in number per cubic centimeter, binned to 100 m altitude
UNCERTAINTY: Counting uncertainty dominated by air flow, less than 5 percent
ULOD_FLAG: -77777
ULOD_VALUE: 3000 ~3000 per cm3 (varies depending on flow rate- manufacturer quotes 1250  per cm3 at 1.667 cc/s)
LLOD_FLAG: -88888
LLOD_VALUE: 0 0 (varies depending on data field and measurement precision)
DM_CONTACT_INFO: Troy Thornberry, 325 Broadway R/CSL6, Boulder, CO 80305; troy.thornberry@noaa.gov; 303-497-3373
PROJECT_INFO: B2SAP Boulder, CO, USA
STIPULATIONS_ON_USE: Please contact the PIs for questions regarding applications and uncertainties
OTHER_COMMENTS: POPS bin Edges (nm):  140, 170, 205, 249, 302, 366, 443, 537, 651, 789, 956, 1159, 1404, 1702, 2062, 2500
Calculations assume sulfate refractive index of 1.45+0.00j and extinction wavelength = 532 nm
REVISION: R0
R0: QA/QC data
TIME_START,TIME_STOP,TIME_MID,GPSAlt,GPS_Lon,GPS_Lat,iMet_Pressure,iMet_Temperature,THETA,Aerosol_concentration,Surface_Area_Conc,Volume_density,Effective_radius,Extinction,Bin01,Bin02,Bin03,Bin04,Bin05,Bin06,Bin07,Bin08,Bin09,Bin10,Bin11,Bin12,Bin13,Bin14,Bin15
[from data line 77]
62987,63001,62994,9.4,-104.977,39.9889,282.953,-55.6313,311.997,13.622,4.05468,316.381,0.234086,0.0020586,3.25038,3.01399,1.80248,1.4479,1.21151,1.09331,1.09331,0.502331,0.0886467,0.0590978,0.0590978,0,0,0,0
63002,63019,63010,9.5,-104.971,39.9902,278.406,-56.5283,312.149,12.837,3.66847,272.013,0.222447,0.00195985,3.22154,2.68052,1.99194,1.40174,1.18041,0.688573,0.836125,0.590206,0.12296,0.12296,0,0,0,0,0
63020,63036,63028,9.6,-104.965,39.9916,274.122,-57.3741,312.313,13.5834,4.38097,348.475,0.238629,0.0024865,3.6361,2.18166,2.02583,1.42847,1.06486,1.09083,1.16875,0.59736,0.259722,0.103889,0.0259722,0,0,0,0
63037,63052,63044,9.7,-104.959,39.9931,269.644,-58.2431,312.527,14.2616,4.72044,374.068,0.237733,0.00264676,3.0083,2.75761,2.0891,1.61557,1.2256,1.28131,1.25346,0.696366,0.167128,0.139273,0.0278546,0,0,0,0
63053,63068,63060,9.8,-104.953,39.9948,265.044,-59.0744,312.849,14.7992,4.79078,369.582,0.231434,0.00252901,3.5818,2.02691,2.33233,1.72148,1.27723,1.58266,1.36053,0.694147,0.138829,0.0277659,0.0555318,0,0,0,0
63069,63084,63076,9.9,-104.946,39.9965,261.322,-59.7056,313.185,15.0614,5.0795,415.073,0.245146,0.0027805,3.33143,3.19145,1.95966,1.31577,1.20379,1.42776,1.51174,0.839856,0.195966,0,0.0279952,0.0559904,0,0,0
63085,63099,63092,10,-104.94,39.9983,257.123,-60.3847,313.641,16.7348,5.67334,444.25,0.234915,0.00314336,3.60533,2.9744,2.46364,1.71253,1.29191,1.50222,2.01298,0.931378,0.150222,0.0300444,0.0600889,0,0,0,0
63100,63112,63106,10.1,-104.934,40,253.027,-60.1538,315.431,17.2101,6.99695,618.732,0.265287,0.00429827,3.62136,2.27628,2.06935,2.17282,1.72446,1.37957,2.27628,1.00019,0.41387,0.172446,0.103467,0,0,0,0
63113,63127,63120,10.2,-104.929,40.0011,248.821,-58.79,318.97,19.1177,8.52616,739.846,0.260321,0.00526417,2.85427,2.40829,2.2299,2.05151,2.3191,1.90285,3.15159,1.78392,0.14866,0.14866,0.089196,0.029732,0,0,0
63128,63141,63134,10.3,-104.924,40.0022,244.919,-58.6314,320.647,22.7006,11.0634,959.964,0.260309,0.00743909,3.03741,2.65373,2.27006,2.62176,2.39795,2.42992,3.93264,2.42992,0.543536,0.3517,0.0319727,0,0,0,0
63142,63153,63148,10.4,-104.92,40.0031,241.23,-59.2233,321.153,21.3739,11.0701,1046.28,0.28354,0.00703449,2.46622,2.12991,2.42885,2.27938,2.35412,2.80252,4.33456,1.64414,0.523137,0.149468,0.224201,0,0.0373669,0,0
63154,63167,63160,10.5,-104.917,40.0043,237.278,-59.7043,321.954,21.0857,10.4139,949.985,0.27367,0.00667039,2.5722,2.22289,2.60396,2.31816,2.54044,2.44518,3.36609,2.25464,0.412822,0.158778,0.190533,0,0,0,0
63168,63182,63175,10.6,-104.913,40.0059,233.388,-59.6667,323.531,20.5095,10.9113,1026.61,0.28226,0.00706819,2.2124,1.88353,2.57117,2.09281,2.03302,2.75055,3.85675,2.39178,0.298973,0.179384,0.179384,0.0597946,0,0,0
63183,63199,63191,10.7,-104.908,40.0079,229.614,-59.6041,325.133,20.529,10.7446,998.786,0.278871,0.00696222,2.02658,2.10554,2.23714,2.55297,2.1845,2.7372,3.71102,2.15818,0.394789,0.210554,0.210554,0,0,0,0
63200,63214,63207,10.8,-104.903,40.0103,225.91,-59.17,327.314,22.9868,12.0494,1121.81,0.279301,0.00769413,2.68328,1.8783,2.38514,2.77273,2.5044,3.21994,4.23362,2.59384,0.268328,0.178886,0.238514,0.0298143,0,0,0
63215,63229,63222,10.9,-104.899,40.0123,222.633,-57.4513,331.329,25.4366,13.7989,1313.18,0.285497,0.00914218,2.98039,2.44923,2.09512,2.89186,2.89186,3.92467,4.54435,2.33119,0.560667,0.531158,0.177053,0.0590175,0,0,0
63230,63250,63240,11,-104.893,40.0148,218.786,-56.4729,334.489,25.0235,12.4821,1083.47,0.260405,0.00797142,2.06771,2.63738,2.76397,3.05936,3.14376,3.41804,4.59959,2.44749,0.65407,0.0843961,0.105495,0.0421981,0,0,0
63251,63267,63259,11.1,-104.886,40.0175,215.466,-55.5576,337.369,28.4374,14.6127,1320.04,0.271005,0.00956834,3.03951,2.83344,3.01375,3.01375,3.68347,3.63196,5.25475,2.83344,0.54093,0.412137,0.154551,0.0257586,0,0,0
63268,63283,63276,11.2,-104.881,40.02,212.047,-55.1837,339.496,28.6429,14.767,1317.92,0.267743,0.00958654,2.58167,2.9893,3.07083,3.17953,3.15235,4.40242,5.32639,2.8806,0.570684,0.29893,0.190228,0,0,0,0
63284,63302,63293,11.3,-104.875,40.0224,208.723,-55.1163,341.146,27.7822,14.2734,1286.25,0.270346,0.00947058,3.0178,2.7644,3.22513,2.7644,3.36335,3.9623,4.56125,2.83351,0.714135,0.437696,0.115183,0.0230366,0,0,0
63303,63321,63312,11.4,-104.868,40.0252,205.425,-54.7158,343.329,26.4504,14.0544,1300.43,0.277585,0.00933976,2.60618,2.42329,3.24629,3.20057,2.6519,3.4749,4.66369,2.85765,0.845865,0.274335,0.137167,0.0457224,0.0228612,0,0
63322,63336,63329,11.5,-104.862,40.0277,202.495,-53.938,345.965,28.3819,14.003,1233.08,0.264175,0.00906474,2.60916,3.24696,3.59485,2.95705,3.56586,3.53687,5.53722,2.20329,0.550823,0.463851,0.0579814,0.0579814,0,0,0
63337,63348,63342,11.6,-104.858,40.0298,199.406,-52.7958,349.294,26.8915,14.3751,1337.4,0.279106,0.00941019,2.09544,3.01617,2.73043,3.14317,3.30191,3.84165,5.01637,2.34944,0.825478,0.317492,0.253993,0,0,0,0
63349,63363,63356,11.7,-104.853,40.0317,196.237,-51.244,353.377,24.5594,11.5837,981.431,0.254175,0.00744526,2.72612,2.96952,2.72612,2.8965,2.82348,2.99387,4.1622,2.55574,0.413786,0.219063,0.0730211,0,0,0,0
63364,63380,63372,11.8,-104.848,40.034,193.184,-50.0812,356.823,22.8851,11.2553,993.813,0.264893,0.00719263,2.58311,2.45502,2.56176,2.43367,2.54041,3.47972,3.86399,2.0921,0.576396,0.149436,0.128088,0.021348,0,0,0
63381,63395,63388,11.9,-104.843,40.0363,190.257,-50.264,358.084,23.4566,11.0242,957.044,0.260438,0.00707835,2.91085,3.12916,2.59551,2.61976,2.18314,3.17768,3.85687,2.13462,0.557912,0.194056,0.0727712,0,0.0242571,0,0
63396,63411,63404,12,-104.837,40.0385,187.39,-51.1137,358.266,22.5637,11.6961,1088.88,0.279294,0.00768194,2.44117,2.44117,2.76058,2.4868,2.46399,2.62369,3.85568,2.55525,0.456294,0.273776,0.182518,0.0228147,0,0,0
63412,63428,63420,12.1,-104.83,40.0411,184.415,-51.7659,358.859,21.5495,10.1925,898.541,0.264472,0.00640938,2.69639,2.52382,2.39439,2.50225,2.50225,2.7611,3.40824,2.00611,0.517707,0.0862845,0.0862845,0.0647133,0,0,0
63429,63445,63437,12.2,-104.823,40.0434,181.538,-51.3982,361.074,23.4371,12.3921,1209.69,0.292853,0.00831816,2.56107,2.84086,2.66868,2.5826,2.41042,3.14216,3.65868,2.21673,0.731736,0.451954,0.12913,0,0.0215216,0.0215216,0
63446,63462,63454,12.3,-104.817,40.0454,178.666,-51.6576,362.294,22.0331,10.6252,956.5,0.270065,0.00691396,2.88605,2.75683,2.41222,2.67068,2.34761,2.283,3.66141,2.13223,0.47383,0.27999,0.0861509,0.0430754,0,0,0
63463,63481,63472,12.4,-104.811,40.048,175.918,-51.1106,364.798,22.4067,10.8539,966.983,0.267271,0.00694804,2.46717,2.5885,2.48739,3.0334,2.42672,2.79073,3.80186,1.84026,0.626903,0.202227,0.101113,0.0404454,0,0,0
63482,63501,63492,12.5,-104.804,40.0512,173.358,-49.482,369.023,22.0096,10.9743,996.734,0.272474,0.00708389,2.792,2.30249,2.46566,2.35688,2.6107,2.41127,4.07921,2.22997,0.362597,0.217558,0.181298,0,0,0,0
63502,63522,63512,12.6,-104.797,40.0541,170.61,-48.5148,372.315,19.9058,9.69019,898.369,0.278127,0.00612743,2.64039,2.38321,2.34892,2.19461,2.19461,2.24605,3.15475,2.09174,0.291472,0.154309,0.171454,0.0171454,0.0171454,0,0
63523,63536,63530,12.7,-104.791,40.0562,168.332,-48.7585,373.339,21.9307,10.8719,975.653,0.269223,0.0070661,2.66162,2.55072,2.4121,2.32892,2.38437,2.60617,3.93698,2.32892,0.304978,0.277252,0.110901,0.0277252,0,0,0
63537,63549,63543,12.8,-104.786,40.0571,165.671,-48.4046,375.63,18.7208,8.70091,723.474,0.249448,0.00559625,1.98805,2.0985,2.5679,1.90521,2.347,2.15372,3.42386,1.60148,0.441789,0.165671,0.0276118,0,0,0,0
63550,63563,63556,12.9,-104.782,40.0575,163.214,-48.7492,376.663,19.3355,8.47153,688.963,0.243981,0.00531314,2.49199,2.16173,2.67214,2.2518,2.28182,1.95156,3.33266,1.71137,0.330264,0.120096,0.030024,0,0,0,0
63564,63578,63571,13,-104.777,40.0577,160.426,-49.0092,378.086,18.272,8.63365,789.546,0.27435,0.00544825,2.80893,2.11365,2.08584,2.00241,1.89116,2.25271,2.83674,1.61305,0.333735,0.166867,0.166867,0,0,0,0
63579,63592,63586,13.1,-104.773,40.0573,158.197,-48.7621,380.014,19.5775,9.36004,880.216,0.282119,0.00570218,2.75993,1.98612,2.55358,2.39882,2.01191,2.57938,2.8889,1.72818,0.335319,0.0773813,0.154763,0.103175,0,0,0
63593,63607,63600,13.2,-104.77,40.0569,155.738,-49.1931,380.982,19.0029,9.31186,831.082,0.267749,0.00591627,2.5485,1.91138,1.82827,2.21609,1.93908,2.93632,3.24103,1.71747,0.360114,0.166207,0.110804,0.0277011,0,0,0
63608,63619,63614,13.3,-104.768,40.0565,153.54,-49.9158,381.306,18.1332,8.89225,762.125,0.25712,0.00577638,1.68962,1.99133,1.93099,2.26288,2.32322,2.3534,3.01717,1.90082,0.452576,0.150859,0.0603435,0,0,0,0
63620,63637,63628,13.4,-104.765,40.0561,151.12,-50.6844,381.721,18.0074,8.26367,708.018,0.257035,0.00514517,2.21386,2.13479,2.29292,1.95689,1.93713,2.23363,3.26149,1.50226,0.256966,0.1186,0.098833,0,0,0,0
63638,63656,63647,13.5,-104.762,40.0563,148.739,-51.0741,382.782,17.0654,8.49572,813.588,0.287294,0.00535821,2.22186,1.90445,1.96046,1.90445,2.22186,2.09116,2.59528,1.40033,0.317408,0.242724,0.149369,0.0560132,0,0,0
63657,63675,63666,13.6,-104.758,40.0568,146.392,-51.1368,384.413,16.9996,8.40882,747.828,0.266801,0.00550206,2.17088,1.7701,1.68661,1.95379,2.03729,2.20428,2.80544,1.68661,0.367379,0.233787,0.0834953,0,0,0,0
63676,63694,63685,13.7,-104.755,40.0577,144.084,-51.4116,385.695,17.6801,9.20951,874.742,0.284947,0.00603443,1.8937,2.19535,1.92721,2.04452,1.97749,1.96073,3.03327,1.80991,0.41896,0.234617,0.134067,0.0502752,0,0,0
63695,63715,63705,13.8,-104.752,40.0589,141.883,-51.3715,387.461,18.8656,9.65861,856.179,0.265932,0.0063482,1.73972,1.89932,2.28238,2.09085,2.12277,2.58563,3.33579,2.02701,0.526703,0.159607,0.0638428,0.0159607,0.0159607,0,0
63716,63730,63723,13.9,-104.749,40.0599,139.976,-51.2833,389.112,18.2419,9.20362,846.867,0.276044,0.00592186,1.80718,1.78592,2.21113,2.445,2.27492,2.48753,2.61509,1.80718,0.403957,0.255131,0.127565,0.0212609,0,0,0
63731,63749,63740,14,-104.746,40.0606,137.658,-51.5432,390.516,17.2985,8.74127,797.91,0.273842,0.00561486,1.74157,1.80855,2.12672,1.75831,2.37791,2.2272,2.86354,1.70808,0.351663,0.20095,0.0837292,0.0334917,0.0167458,0,0
63750,63766,63758,14.1,-104.744,40.0616,135.572,-52.0141,391.397,16.8803,8.01939,715.831,0.267787,0.00499405,1.703,1.965,2.05857,2.26443,2.096,2.03986,2.84457,1.27257,0.355571,0.149714,0.112286,0.0187143,0,0,0
63767,63784,63776,14.2,-104.741,40.0627,133.475,-52.7461,391.838,15.833,7.70113,674.755,0.262853,0.00487936,1.51555,1.81866,1.80083,1.92564,1.9613,1.94347,2.95977,1.28376,0.463579,0.0534899,0.0891498,0.01783,0,0,0
63785,63800,63792,14.3,-104.738,40.0639,131.485,-52.7587,393.497,14.7111,6.92332,614.586,0.266311,0.00435221,1.82016,1.47754,2.05571,1.75591,1.77733,1.64885,2.18419,1.58461,0.171309,0.128482,0.107068,0,0,0,0
63801,63815,63808,14.4,-104.735,40.065,129.413,-52.871,395.091,15.7508,8.21319,767.317,0.280275,0.00532854,1.92867,1.63937,1.63937,1.67152,1.54294,2.02511,3.18231,1.47865,0.321445,0.160723,0.0964336,0.0642891,0,0,0
63816,63827,63822,14.5,-104.733,40.0659,127.332,-52.9958,396.702,15.3525,7.83608,666.392,0.255125,0.00521481,1.25055,1.54323,1.59645,1.72948,2.07538,1.94234,2.92682,1.67627,0.452327,0.133037,0.0266075,0,0,0,0
63828,63840,63834,14.6,-104.731,40.0666,125.429,-53.73,397.078,16.3762,8.81287,823.157,0.280212,0.00586139,1.71534,1.2329,1.71534,2.14418,2.03697,2.19778,2.84104,1.60813,0.48244,0.268022,0.134011,0,0,0,0
63841,63857,63849,14.7,-104.729,40.068,123.333,-54.2833,397.986,15.8941,8.82397,794.946,0.270268,0.00592781,1.01222,1.24913,1.50757,1.91676,2.23981,2.32596,3.12282,1.72293,0.495344,0.215367,0.0861467,0,0,0,0
63858,63871,63864,14.8,-104.726,40.0693,121.583,-53.2807,401.456,15.3,7.59997,660.972,0.260911,0.00491825,1.43866,1.50717,1.68985,1.96388,2.00955,1.91821,2.55762,1.68985,0.319702,0.137015,0.0456717,0.0228358,0,0,0
63872,63885,63878,14.9,-104.724,40.0706,119.603,-53.135,403.606,15.6043,8.37874,779.47,0.279089,0.00547553,1.30417,1.37281,1.76177,1.83041,2.26514,1.83041,2.83714,1.69313,0.411843,0.137281,0.160161,0,0,0,0
63886,63902,63894,15,-104.722,40.0726,117.813,-53.5029,404.665,17.4506,9.21846,818.813,0.266469,0.00617602,1.33945,1.75449,1.98088,2.22613,1.86768,2.11294,3.33919,2.16953,0.358444,0.226386,0.0565965,0.0188655,0,0,0
63903,63918,63910,15.1,-104.719,40.0748,116.093,-52.8664,407.553,18.4129,9.61806,851.265,0.265521,0.00623635,1.55925,1.55925,1.74269,2.24715,2.54524,2.68282,3.50831,1.9032,0.366882,0.183441,0.114651,0,0,0,0
63919,63935,63927,15.2,-104.716,40.0772,114.118,-52.8024,409.675,18.0691,10.4482,1001.78,0.287642,0.00702134,1.18578,1.76926,1.63751,2.18335,2.12688,2.71036,3.38795,1.99513,0.639946,0.225863,0.18822,0.018822,0,0,0
63936,63952,63944,15.3,-104.713,40.0794,112.372,-52.3207,412.379,16.8627,8.48559,711.896,0.251684,0.00553254,1.43013,1.40879,1.85704,2.00645,2.28394,2.24125,3.13775,2.00645,0.362869,0.085381,0.0426905,0,0,0,0
63953,63969,63961,15.4,-104.709,40.0815,110.618,-51.6471,415.503,15.4207,8.11487,707.239,0.261461,0.00545577,1.16312,1.44452,1.81972,1.48204,2.26996,1.72592,3.18919,1.70716,0.356439,0.22512,0.0375199,0,0,0,0
63970,63987,63978,15.5,-104.704,40.0832,108.906,-51.8428,416.993,14.6025,7.35503,632.493,0.257984,0.00488158,1.41771,1.4886,1.4886,1.82531,1.70126,1.86075,2.69366,1.52404,0.425314,0.141771,0.0354429,0,0,0,0
63988,64004,63996,15.6,-104.7,40.0846,107.227,-52.2424,418.086,14.4215,7.84637,722.333,0.276179,0.0052052,1.12815,1.42899,1.44779,1.71103,1.71103,1.97426,2.78277,1.523,0.470062,0.131617,0.0752099,0.0188025,0.0188025,0,0
64005,64022,64014,15.7,-104.696,40.0859,105.557,-52.7628,418.977,15.4067,8.4434,785.219,0.278994,0.00562346,1.17283,1.49269,1.83032,1.65262,1.93694,1.9014,2.80768,1.95471,0.319862,0.213241,0.0355402,0.0888505,0,0,0
64023,64039,64031,15.8,-104.691,40.087,104.037,-53.0888,420.1,13.5999,7.20299,640.987,0.266967,0.00484545,0.999715,1.37697,1.37697,1.94284,1.58445,1.64104,2.41441,1.62218,0.433838,0.1509,0.0377251,0.0188625,0,0,0
64040,64052,64046,15.9,-104.688,40.0877,102.597,-52.8608,422.208,14.1517,7.12312,621.958,0.261946,0.00459912,1.12626,1.42006,1.49352,1.518,2.54632,1.78732,2.17906,1.49352,0.416226,0.0979354,0.0734516,0,0,0,0
64053,64072,64062,16,-104.684,40.0885,100.76,-53.033,424.061,12.2064,5.95578,524.835,0.264366,0.00380171,1.13192,1.57552,1.37666,1.45315,1.33078,1.72848,1.91203,1.31548,0.198852,0.107074,0.0764814,0,0,0,0
64073,64088,64080,16.1,-104.681,40.0898,99.225,-53.5588,424.914,13.5932,6.58084,549.807,0.25064,0.00424557,1.49846,1.37359,1.40927,1.55198,1.49846,1.87308,2.64014,1.35575,0.285421,0.0713553,0.0356776,0,0,0,0
64089,64106,64098,16.2,-104.678,40.0915,97.6278,-54.1717,425.691,12.9217,6.52136,561.339,0.258231,0.00429368,1.09668,1.58939,1.27151,1.33509,1.5576,1.8119,2.46355,1.3033,0.333772,0.127151,0.0158939,0,0.0158939,0,0
64107,64126,64116,16.3,-104.674,40.094,96.0735,-54.168,427.652,12.2801,6.27174,559.74,0.267744,0.00407789,1.08648,1.07218,1.51535,1.44387,1.48676,1.98711,2.11578,1.0293,0.257324,0.228733,0.0428874,0.0142958,0,0,0
64127,64148,64138,16.4,-104.67,40.0967,94.5736,-54.3827,429.167,12.8777,6.60704,577.758,0.262337,0.00440597,1.26303,1.17188,1.54949,1.45834,1.4323,1.74481,2.30471,1.30209,0.533858,0.0651047,0.0520837,0,0,0,0
64149,64167,64158,16.5,-104.665,40.0991,93.115,-54.0144,431.796,11.5585,5.7844,504.364,0.261581,0.00373714,0.840328,1.26842,1.5221,1.55381,1.04645,1.72822,1.88677,1.28427,0.317105,0.0475657,0.0475657,0.0158552,0,0,0
64168,64187,64178,16.6,-104.66,40.1011,91.6921,-53.9726,433.782,14.6553,7.87062,735.962,0.280522,0.00519819,1.14119,1.41147,1.86194,1.80188,1.80188,1.75683,2.52263,1.65172,0.390408,0.180188,0.10511,0.0300314,0,0,0
64188,64207,64198,16.7,-104.656,40.1029,90.3058,-53.9763,435.674,15.7427,8.70762,793.956,0.273539,0.00577596,1.09763,1.4585,1.41339,1.80433,2.05994,2.16519,3.32297,1.78929,0.315757,0.195469,0.105252,0.015036,0,0,0
64208,64226,64217,16.8,-104.651,40.1046,88.8016,-53.8063,438.103,16.2475,8.29839,702.924,0.254118,0.00548583,1.5481,1.32265,1.45792,2.02906,2.17936,2.34469,2.88577,1.89379,0.420842,0.135271,0.0300601,0,0,0,0
