api/data/B2SAP/Locations/Boulder/NOAA-POPS-B2SAP_GMLBalloon_20210301_R0.ict
61,1001
Thornberry, T. D.
NOAA Chemical Sciences Laboratory
Portable Optical Particle Spectrometer (POPS)
Balloon Baseline Stratospheric Aerosol Profiles (B2SAP)
1,1
2021,03,01,2024,05,28
0
TIME_START,s,Seconds since midnight UTC on flight start day,Start time of 100 m altitude bin in UTC_seconds_since_midnight
28
1.0,1.0,1.0,1.0,1.0,1.0,1.0,1.0,1.0,1.0,1.0,1.0,1.0,1.0,1.0,1.0,1.0,1.0,1.0,1.0,1.0,1.0,1.0,1.0,1.0,1.0,1.0,1.0
99999,99999,99999,99999,99999,99999,99999,99999,99999,99999,99999,99999,99999,99999,99999,99999,99999,99999,99999,99999,99999,99999,99999,99999,99999,99999,99999,99999
TIME_STOP,s,End time of 100 m altitude bin in UTC seconds since midnight,
TIME_MID,s,Mid time of 100 m altitude in UTC seconds since midnight,
GPSAlt,m,GPS reported altitude above sea level (m),
GPS_Lon,deg,GPS reported longitude,
GPS_Lat,deg,GPS reported latitude,
iMet_Pressure,mb,Pressure reported (mB),
iMet_Temperature,degrees C,Ambient temperature (oC),
THETA,K,Potential temperature from iMet,
Aerosol_concentration,cm^-3,Aerosol concentration,
Surface_Area_Conc,um^2 cm^-3,Surface area concentration,
Volume_density,um^3 cm^-3,Volume density,
Effective_radius,um,Effective radius,
Extinction,km^-1,Extinction,
Bin01,cm^-3,particle concentration in size range [140 - 170 nm],
Bin02,cm^-3,particle concentration in size range [170 - 205 nm],
Bin03,cm^-3,particle concentration in size range [205 - 249 nm],
Bin04,cm^-3,particle concentration in size range [249 - 302 nm],
Bin05,cm^-3,particle concentration in size range [302 - 366 nm],
Bin06,cm^-3,particle concentration in size range [366 - 443 nm],
Bin07,cm^-3,particle concentration in size range [443 - 537 nm],
Bin08,cm^-3,particle concentration in size range [537 - 651 nm],
Bin09,cm^-3,particle concentration in size range [651 - 789 nm],
Bin10,cm^-3,particle concentration in size range [789 - 956 nm],
Bin11,cm^-3,particle concentration in size range [956 - 1159 nm],
Bin12,cm^-3,particle concentration in size range [1159 - 1404 nm],
Bin13,cm^-3,particle concentration in size range [1404 - 1702 nm],
Bin14,cm^-3,particle concentration in size range [1702 - 2062 nm],
Bin15,cm^-3,particle concentration in size range [2062 - 2500 nm],
0
19
PI_CONTACT_INFO: 325 Broadway R/CSL6, Boulder, CO 80305; troy.thornberry@noaa.gov; 303-497-3373 
PLATFORM: GML ECC/FPH balloon
LOCATION: Boulder, CO, USA
ASSOCIATED_DATA: N/A
INSTRUMENT_INFO: Printed Optical Particle Spectrometer counts particles from 140 - 2500 nm in diameter 
DATA_INFO: Particle concentrations reported in number per cubic centimeter, binned to 100 m altitude
UNCERTAINTY: Counting uncertainty dominated by air flow, less than 5 percent
ULOD_FLAG: -77777
ULOD_VALUE: 3000 ~3000 per cm3 (varies depending on flow rate- manufacturer quotes 1250  per cm3 at 1.667 cc/s)
LLOD_FLAG: -88888
LLOD_VALUE: 0 0 (varies depending on data field and measurement precision)
DM_CONTACT_INFO: Troy Thornberry, 325 Broadway R/CSL6, Boulder, CO 80305; troy.thornberry@noaa.gov; 303-497-3373
PROJECT_INFO: B2SAP Boulder, CO, USA
STIPULATIONS_ON_USE: Please contact the PIs for questions regarding applications and uncertainties
OTHER_COMMENTS: POPS bin Edges (nm):  140, 170, 205, 249, 302, 366, 443, 537, 651, 789, 956, 1159, 1404, 1702, 2062, 2500
Calculations assume sulfate refractive index of 1.45+0.00j and extinction wavelength = 532 nm
REVISION: R0
R0: QA/QC data
TIME_START,TIME_STOP,TIME_MID,GPSAlt,GPS_Lon,GPS_Lat,iMet_Pressure,iMet_Temperature,THETA,Aerosol_concentration,Surface_Area_Conc,Volume_density,Effective_radius,Extinction,Bin01,Bin02,Bin03,Bin04,Bin05,Bin06,Bin07,Bin08,Bin09,Bin10,Bin11,Bin12,Bin13,Bin14,Bin15
[from data line 79]
62488,62508,62498,9.7,-105.296,39.8267,281.384,-48.7617,322.357,12.5248,1.91372,91.4865,0.143417,0.000511167,5.07764,3.24002,1.91016,0.870452,0.749556,0.217613,0.386868,0.0725377,0,0,0,0,0,0,0
62509,62528,62518,9.8,-105.298,39.8235,277.285,-49.3482,322.875,26.2772,3.85946,178.17,0.138494,0.000933166,11.3775,6.2589,3.57289,2.28057,1.57106,0.633492,0.430775,0.126698,0.0253397,0,0,0,0,0,0
62528,62547,62538,9.9,-105.3,39.8202,272.962,-50.1431,323.173,13.5196,1.94923,87.3588,0.134451,0.00043693,6.14775,2.77465,1.90417,1.0881,1.1697,0.244822,0.0816073,0.10881,0,0,0,0,0,0,0
62549,62573,62561,10,-105.301,39.8158,268.312,-50.7248,323.913,10.6487,1.54935,70.8856,0.137256,0.000363927,4.79501,2.34561,1.37,0.975608,0.726516,0.228334,0.166061,0.0207576,0.0207576,0,0,0,0,0,0
62575,62599,62587,10.1,-105.303,39.8117,264.61,-51.3439,324.293,16.5947,2.4298,112.567,0.138982,0.000587281,6.94442,4.16287,2.51664,1.21102,1.02179,0.397364,0.245987,0.0567663,0.0378442,0,0,0,0,0,0
62601,62627,62614,10.2,-105.304,39.8073,260.68,-52.0255,324.692,16.6733,2.53356,120.16,0.142282,0.000654752,6.75297,4.28286,2.39043,1.29482,1.15538,0.298804,0.398406,0.0796811,0.0199203,0,0,0,0,0,0
62628,62650,62639,10.3,-105.306,39.8029,256.591,-52.8784,324.9,13.9344,1.95438,86.44,0.132686,0.000420733,5.94228,3.45481,2.02682,1.24373,0.806123,0.253353,0.138193,0.0460642,0.0230321,0,0,0,0,0,0
62651,62677,62664,10.4,-105.307,39.7987,252.518,-53.8044,325.013,9.36719,1.33049,57.9025,0.130559,0.000278743,3.97183,2.21438,1.42353,0.773276,0.632681,0.210894,0.123021,0.0175745,0,0,0,0,0,0,0
62678,62704,62691,10.5,-105.309,39.794,248.588,-54.615,325.264,7.46261,1.064,47.3309,0.133451,0.000236497,3.22459,1.78734,1.124,0.53436,0.497508,0.165836,0.092131,0.0368524,0,0,0,0,0,0,0
62705,62732,62718,10.6,-105.31,39.7895,244.694,-55.4904,325.435,7.0174,1.00091,44.8907,0.134549,0.000224977,3.10385,1.73507,0.713307,0.790421,0.424129,0.13495,0.0578357,0.0578357,0,0,0,0,0,0,0
62733,62760,62746,10.7,-105.312,39.7851,241.041,-56.2758,325.654,8.71265,1.29147,61.4486,0.142741,0.000308946,3.94012,1.73883,1.16539,0.998903,0.462455,0.258975,0.129487,0,0,0.0184982,0,0,0,0,0
62761,62788,62774,10.8,-105.313,39.7809,237.296,-56.99,326.033,8.62629,1.24596,57.8281,0.139238,0.00030786,3.97391,2.13234,0.911092,0.639703,0.600933,0.135694,0.213234,0,0.0193849,0,0,0,0,0,0
62789,62815,62802,10.9,-105.314,39.7767,233.327,-57.6496,326.608,6.52272,1.00618,59.1602,0.176391,0.000246266,2.79545,1.55303,1.08712,0.485321,0.291193,0.174716,0.0970643,0.0194129,0,0,0,0.0194129,0,0,0
62816,62837,62826,11,-105.315,39.7732,229.661,-58.2374,327.202,4.9576,0.701769,32.2722,0.137961,0.000163762,2.21912,1.20399,0.684621,0.354114,0.306899,0.118038,0.0472152,0,0.0236076,0,0,0,0,0,0
62839,62866,62852,11.1,-105.315,39.769,226.059,-58.7068,327.961,4.05111,0.610127,38.7341,0.190456,0.00015203,1.9897,0.967963,0.430206,0.250953,0.304729,0.0358505,0.0358505,0.0179252,0,0,0.0179252,0,0,0,0
62867,62894,62880,11.2,-105.316,39.7647,222.492,-59.4492,328.311,3.76543,0.531956,27.9473,0.15761,0.000148479,1.85462,0.955408,0.412137,0.224802,0.206068,0.0187335,0.0562005,0.0187335,0,0.0187335,0,0,0,0,0
62896,62921,62908,11.3,-105.316,39.7605,218.923,-60.2645,328.57,4.03671,0.531493,21.3556,0.120541,8.92458e-05,1.81448,0.917435,0.632011,0.285424,0.305812,0.0611623,0.0203874,0,0,0,0,0,0,0,0
62922,62942,62932,11.4,-105.317,39.7568,215.79,-61.0695,328.69,4.14728,0.571998,23.7277,0.124446,0.000104231,1.85912,0.929562,0.476699,0.405194,0.381359,0.0715048,0.0238349,0,0,0,0,0,0,0,0
62944,62961,62952,11.5,-105.318,39.754,212.222,-61.6233,329.394,4.73335,0.705949,39.1421,0.166338,0.000200264,2.15841,1.09814,0.643735,0.454401,0.227201,0.0757335,0.0378668,0,0,0.0378668,0,0,0,0,0
62962,62987,62974,11.6,-105.318,39.7517,208.528,-62.1573,330.21,5.26064,0.806149,39.4891,0.146955,0.000226539,2.2074,1.54725,0.453859,0.433229,0.330079,0.10315,0.12378,0.0618898,0,0,0,0,0,0,0
62989,63014,63002,11.7,-105.319,39.7488,205.296,-62.8648,330.571,5.08236,0.872873,60.0609,0.206425,0.000279618,2.57362,0.865082,0.605558,0.497422,0.259525,0.0865082,0.108135,0.0432541,0.0216271,0,0,0.0216271,0,0,0
63015,63032,63024,11.8,-105.319,39.7465,202.383,-63.3456,331.176,5.27643,0.704805,31.0627,0.132218,0.000157408,2.66659,1.24819,0.567359,0.283679,0.340415,0.0567359,0.0851038,0.0283679,0,0,0,0,0,0,0
63034,63058,63046,11.9,-105.318,39.7445,198.635,-63.6418,332.476,6.07903,0.895629,47.7441,0.159924,0.000263322,3.17858,0.993305,0.973439,0.317858,0.397322,0.0794644,0.0794644,0,0.0397322,0.0198661,0,0,0,0,0
63062,63087,63074,12,-105.318,39.742,195.386,-63.891,333.646,8.49713,1.28928,75.5937,0.175897,0.000378389,4.39643,1.99121,0.768882,0.532303,0.295724,0.236579,0.157719,0.0985746,0,0,0.0197149,0,0,0,0
63088,63114,63101,12.1,-105.317,39.7395,192.165,-64.365,334.471,8.96554,1.31772,81.7901,0.186208,0.000329554,4.7338,2.02621,0.896554,0.50207,0.358622,0.286897,0.125518,0,0,0,0.0358622,0,0,0,0
63116,63142,63129,12.2,-105.317,39.737,188.991,-65.0727,334.938,7.4981,1.00589,46.1635,0.137679,0.000242374,4.03883,1.55758,0.815011,0.470895,0.27167,0.199225,0.0905568,0.0362227,0.0181114,0,0,0,0,0,0
63143,63166,63154,12.3,-105.317,39.7345,185.91,-65.3809,336.013,7.43394,0.847123,34.4003,0.121825,0.000157566,4.43143,1.66405,0.687323,0.325574,0.1447,0.0723498,0.0542623,0.0542623,0,0,0,0,0,0,0
63166,63183,63174,12.4,-105.317,39.7326,183.034,-65.4844,337.34,7.60719,1.02099,54.5644,0.160327,0.000303861,4.44576,1.63011,0.666864,0.345781,0.246987,0.0987947,0.074096,0.0246987,0.0493973,0.0246987,0,0,0,0,0
63184,63197,63190,12.5,-105.317,39.7317,180.353,-66.2025,337.59,7.77489,0.915211,38.4021,0.125879,0.00017182,4.25293,1.72775,1.03001,0.49839,0.132904,0.0664521,0,0.033226,0.033226,0,0,0,0,0,0
63199,63222,63210,12.6,-105.318,39.7306,177.04,-66.8155,338.389,7.30284,0.914032,52.0935,0.170979,0.000208969,4.51702,1.49241,0.63676,0.338279,0.119393,0.0596963,0.0994938,0,0.0198988,0,0.0198988,0,0,0,0
63223,63240,63232,12.7,-105.318,39.7295,174.482,-67.3175,338.97,7.34559,0.909065,41.2963,0.136282,0.000217492,4.54091,1.46912,0.500836,0.267112,0.333891,0.0667781,0.133556,0,0.0333891,0,0,0,0,0,0
63241,63255,63248,12.8,-105.318,39.7292,171.449,-66.8882,341.379,7.95333,1.05757,71.5207,0.202882,0.000247275,4.72115,1.70688,0.871597,0.290532,0.217899,0.0363166,0.0363166,0,0.0363166,0,0,0.0363166,0,0,0
63257,63280,63268,12.9,-105.318,39.7293,168.371,-66.896,343.135,7.70348,1.08476,53.4537,0.147831,0.000310495,4.33071,1.47683,0.778331,0.299358,0.478973,0.0798288,0.159658,0.0798288,0.0199572,0,0,0,0,0,0
63281,63299,63290,13,-105.317,39.7296,165.882,-67.2312,344.048,7.79433,1.3578,110.027,0.2431,0.000458445,4.21127,1.6054,0.791067,0.465333,0.232667,0.2094,0.162867,0.0232667,0.0232667,0.0232667,0,0.0232667,0.0232667,0,0
63300,63315,63308,13.1,-105.316,39.7295,163.166,-67.5329,345.164,8.56017,1.31992,68.102,0.154786,0.000415582,4.49481,1.74639,0.744363,0.572587,0.372181,0.229035,0.343552,0.0286293,0.0286293,0,0,0,0,0,0
63317,63338,63328,13.2,-105.313,39.7296,160.195,-67.7316,346.64,8.3651,1.37947,76.4371,0.166232,0.000478308,3.84795,1.9658,0.961986,0.543731,0.46008,0.292778,0.0627382,0.167302,0.0627382,0,0,0,0,0,0
63339,63360,63350,13.3,-105.31,39.7292,157.52,-67.7779,348.236,9.1197,1.85383,145.752,0.235866,0.000780907,4.45479,1.80713,1.02964,0.483302,0.420263,0.441276,0.147092,0.189118,0.0840526,0.0210131,0.0210131,0,0.0210131,0,0
63361,63387,63374,13.4,-105.305,39.7282,154.827,-67.7352,350.035,9.68297,1.74061,111.568,0.192291,0.000666101,4.66795,1.90883,1.33618,0.503237,0.433825,0.260295,0.295001,0.208236,0.052059,0,0,0.017353,0,0,0
63389,63415,63402,13.5,-105.301,39.7263,152.181,-67.48,352.195,9.90619,1.89968,119.22,0.188273,0.00074172,4.11865,2.26602,1.28612,0.64306,0.612438,0.306219,0.398085,0.229664,0.0306219,0,0.015311,0,0,0,0
63416,63444,63430,13.6,-105.297,39.7242,149.586,-65.183,357.881,10.0007,1.88219,120.27,0.191697,0.000711216,4.0614,2.38735,1.17912,0.902533,0.611394,0.393039,0.218355,0.14557,0.058228,0.029114,0.014557,0,0,0,0
63445,63466,63456,13.7,-105.293,39.7228,147.298,-63.1965,362.901,10.0469,1.85112,104.224,0.16891,0.000671587,3.89079,2.2653,1.50444,0.830035,0.587941,0.415017,0.345848,0.155632,0.0518772,0,0,0,0,0,0
63467,63489,63478,13.8,-105.291,39.7221,144.76,-63.1195,364.84,9.31311,1.72209,100.494,0.175068,0.000651474,3.82777,2.06768,1.28162,0.683531,0.598089,0.341765,0.239236,0.239236,0.0170883,0.0170883,0,0,0,0,0
63490,63507,63498,13.9,-105.289,39.722,142.456,-63.2231,366.33,9.11594,1.98307,125.621,0.19004,0.000896191,3.26798,2.36499,1.05349,0.515997,0.666496,0.386998,0.494497,0.300998,0.0644996,0,0,0,0,0,0
63508,63532,63520,14,-105.286,39.7219,140.015,-63.4964,367.665,10.0449,1.95053,114.051,0.175416,0.000736122,3.5204,2.36258,1.48639,1.06394,0.57891,0.45374,0.344217,0.172108,0.0469387,0.0156462,0,0,0,0,0
63533,63554,63544,14.1,-105.282,39.7214,137.798,-63.495,369.355,9.57776,2.08277,144.559,0.208221,0.000889194,3.33064,2.08812,1.55315,0.880118,0.655774,0.431431,0.362402,0.103543,0.120801,0.0345144,0,0.0172572,0,0,0
63556,63583,63570,14.2,-105.277,39.7205,135.483,-63.0311,371.964,9.72109,1.81847,102.4,0.168933,0.000659115,3.53613,2.54445,1.12217,0.913391,0.639373,0.430598,0.352308,0.130484,0.0521938,0,0,0,0,0,0
63584,63611,63598,14.3,-105.273,39.7196,133.366,-61.2415,376.819,9.22518,2.11086,152.102,0.216171,0.0009024,3.31737,1.91641,1.13663,0.845862,0.845862,0.528664,0.330415,0.185032,0.066083,0.0264332,0.0132166,0,0.0132166,0,0
63612,63639,63626,14.4,-105.268,39.7193,131.116,-60.6741,379.677,9.63443,2.00518,120.118,0.179712,0.000780298,3.13961,2.11553,1.4418,1.03755,0.754584,0.552464,0.377292,0.161697,0.0269494,0.0269494,0,0,0,0,0
63640,63664,63652,14.5,-105.264,39.7192,129.172,-60.7304,381.198,9.09237,1.95198,128.38,0.197307,0.000813133,3.09678,2.03624,1.44234,0.834292,0.593903,0.424217,0.381795,0.197968,0.0565622,0.0141406,0.0141406,0,0,0,0
63666,63695,63680,14.6,-105.26,39.7191,127.051,-61.365,381.857,8.94834,1.88889,120.954,0.192104,0.000763489,3.17478,1.90219,1.37976,0.817139,0.616203,0.37508,0.401871,0.241123,0.0267914,0,0,0.0133957,0,0,0
63696,63721,63708,14.7,-105.256,39.7187,124.959,-62.0269,382.473,8.18371,1.71869,105.567,0.184269,0.000684431,2.63991,1.8626,1.09996,1.0413,0.601312,0.469317,0.249325,0.146662,0.0439985,0.0293323,0,0,0,0,0
63722,63741,63732,14.8,-105.253,39.7184,123.09,-61.8785,384.401,8.75444,1.79488,105.077,0.175627,0.000697343,3.06796,1.85641,1.36788,0.605776,0.762105,0.547152,0.371282,0.117247,0.0586235,0,0,0,0,0,0
63742,63757,63750,14.9,-105.25,39.7183,121.065,-60.5375,388.675,8.33508,1.60108,97.4529,0.182601,0.000633851,3.42203,1.78434,0.953279,0.904393,0.464418,0.342203,0.219987,0.171101,0.0488861,0.0244431,0,0,0,0,0
63759,63772,63766,15,-105.248,39.7186,119.378,-60.6458,390.03,8.0105,1.59754,91.6289,0.172068,0.000616371,3.05318,1.83848,0.984898,0.558109,0.459619,0.525279,0.459619,0.13132,0,0,0,0,0,0,0
63773,63792,63782,15.1,-105.246,39.719,117.033,-61.4233,390.823,8.23823,1.62202,97.0774,0.179549,0.00063226,3.13097,1.86526,1.08807,0.599548,0.688369,0.399698,0.24426,0.177644,0.0222055,0.0222055,0,0,0,0,0
63793,63817,63805,15.2,-105.242,39.7198,115.123,-61.8388,391.89,7.81167,1.67741,118.222,0.211437,0.000705416,3.07733,1.67393,1.04832,0.439618,0.676335,0.338168,0.321259,0.152175,0.0507251,0.0169084,0,0,0.0169084,0,0
63819,63841,63830,15.3,-105.238,39.7209,113.218,-62.5576,392.416,8.57816,1.52723,85.3189,0.167596,0.000544058,3.58902,1.95227,1.06488,0.611317,0.650757,0.276079,0.276079,0.0985996,0.0591598,0,0,0,0,0,0
63843,63867,63855,15.4,-105.233,39.7217,111.408,-63.027,393.361,8.04636,1.65022,106.352,0.193341,0.000715438,3.18578,1.83865,1.00124,0.582542,0.546133,0.309475,0.32768,0.16384,0.0546133,0.0364089,0,0,0,0,0
63868,63891,63880,15.5,-105.228,39.7221,109.629,-62.7124,395.761,7.66201,1.50636,86.2078,0.171688,0.000571147,2.84005,1.71629,1.10333,0.531233,0.551665,0.408641,0.367777,0.122592,0.020432,0,0,0,0,0,0
63892,63914,63903,15.6,-105.222,39.7219,107.875,-62.3832,398.204,8.01928,1.77279,112.805,0.190893,0.00077392,2.66005,1.87768,1.09532,0.74325,0.50854,0.48898,0.391184,0.176033,0.0586777,0.0195592,0,0,0,0,0
63916,63940,63928,15.7,-105.217,39.7215,106.085,-62.407,400.079,7.38006,1.47417,84.7392,0.172448,0.000559511,2.47894,1.66524,1.19216,0.64339,0.624467,0.283848,0.302772,0.170309,0.0189232,0,0,0,0,0,0
63941,63964,63952,15.8,-105.212,39.7206,104.342,-62.52,401.757,8.04355,1.70854,102.222,0.17949,0.000687952,2.469,2.04464,1.02232,0.752274,0.82943,0.366492,0.327914,0.173602,0.0578672,0,0,0,0,0,0
63965,63989,63977,15.9,-105.207,39.7198,102.632,-61.49,405.626,7.67297,2.03235,146.329,0.216,0.000978689,2.31346,1.40735,1.09889,0.732595,0.80971,0.462692,0.520528,0.192788,0.115673,0,0.0192788,0,0,0,0
63990,64014,64002,16,-105.203,39.7193,100.974,-61.4404,407.624,7.56339,1.93134,142.478,0.221314,0.000838663,2.11028,1.47533,1.30725,0.653627,0.933752,0.354826,0.448201,0.224101,0.018675,0,0.018675,0.018675,0,0,0
64015,64038,64026,16.1,-105.199,39.7193,99.3308,-61.9258,408.595,6.95932,1.69202,111.055,0.196903,0.000756231,1.9448,1.50626,0.953332,0.705466,0.838932,0.438533,0.305066,0.209733,0.0190666,0.0381333,0,0,0,0,0
64039,64058,64048,16.2,-105.195,39.7195,97.7237,-61.7579,410.824,7.37543,1.88151,121.352,0.193491,0.00086091,1.91036,1.35418,1.16072,0.943088,0.749634,0.459453,0.580362,0.120909,0.096727,0,0,0,0,0,0
64059,64086,64072,16.3,-105.192,39.7203,96.1607,-61.2348,413.754,6.9638,1.82939,127.536,0.209145,0.000805082,1.53238,1.60048,1.05564,0.732136,0.851321,0.544845,0.442687,0.136211,0.0340528,0.0170264,0,0.0170264,0,0,0
64087,64111,64099,16.4,-105.188,39.7209,94.5248,-61.7065,414.855,7.05602,1.88597,121.731,0.193637,0.000844942,1.52508,1.3014,1.07772,0.874377,0.976049,0.589696,0.528693,0.122006,0.0406687,0.0203344,0,0,0,0,0
64113,64132,64122,16.5,-105.184,39.7212,93.116,-61.975,416.104,6.53835,1.68191,118.584,0.211517,0.000703157,1.53983,1.25555,1.01866,0.900208,0.852829,0.473794,0.307966,0.142138,0,0.0236897,0.0236897,0,0,0,0
64133,64158,64146,16.6,-105.179,39.7216,91.535,-61.4792,419.14,6.43214,1.62375,115.34,0.2131,0.000651798,1.29439,1.53336,1.13508,0.696981,0.79655,0.47793,0.418189,0.0199137,0.0199137,0.0199137,0,0,0.0199137,0,0
64159,64185,64172,16.7,-105.173,39.7219,90.0662,-61.4615,421.108,6.55518,1.56811,94.5176,0.180825,0.000651962,1.50262,1.31479,1.42749,0.601048,0.638614,0.413221,0.5447,0.0939138,0.0187828,0,0,0,0,0,0
64186,64209,64198,16.8,-105.168,39.7218,88.5071,-61.7333,422.671,7.11164,1.78322,122.816,0.206619,0.000779967,2.03483,1.43877,0.966033,0.760494,0.781048,0.452186,0.431632,0.205539,0.0205539,0,0.0205539,0,0,0,0
64210,64234,64222,16.9,-105.163,39.7213,87.1429,-61.3008,425.426,6.18505,1.55916,102.715,0.197635,0.000695425,1.78179,1.0445,0.737291,0.798732,0.942094,0.307205,0.409606,0.102402,0.0204803,0.0409606,0,0,0,0,0
64235,64259,64247,17,-105.159,39.7206,85.6596,-61.2512,427.61,6.81177,1.58859,107.438,0.202893,0.000634752,1.89545,1.42159,1.18466,0.612072,0.829259,0.394885,0.315908,0.118466,0,0.0197443,0.0197443,0,0,0,0
64260,64283,64272,17.1,-105.155,39.7199,84.2591,-61.7352,428.652,5.9358,1.36866,89.7191,0.196658,0.000615001,2.08852,0.9893,0.9893,0.549611,0.439689,0.39572,0.307782,0.0879377,0.0659533,0.0219844,0,0,0,0,0
64284,64307,64296,17.2,-105.151,39.7195,82.8539,-61.5209,431.155,6.02462,1.44521,91.7621,0.190482,0.000655214,1.98614,1.16961,0.706183,0.573773,0.639978,0.353091,0.331023,0.24275,0.0220682,0,0,0,0,0,0
64308,64332,64320,17.3,-105.147,39.7191,81.49,-61.3383,433.57,5.63702,1.24292,76.9722,0.185785,0.000508069,1.8081,1.10613,0.914686,0.510522,0.553066,0.36162,0.255261,0.0850871,0.0212718,0.0212718,0,0,0,0,0
64333,64358,64346,17.4,-105.141,39.7185,80.174,-61.5948,435.074,6.09015,1.41147,87.7818,0.186575,0.000620651,1.83931,1.36926,0.899217,0.531356,0.510919,0.326988,0.408735,0.183931,0.0204368,0,0,0,0,0,0
