api/data/B2SAP/Locations/Boulder/NOAA-POPS-B2SAP_GMLBalloon_20231221_R0.ict
82,1001
Thornberry, T. D.
NOAA Chemical Sciences Laboratory
Portable Optical Particle Spectrometer (POPS)
Balloon Baseline Stratospheric Aerosol Profiles (B2SAP)
1,1
2023,12,21,2024,05,28
0
TIME_START,s,Seconds since midnight UTC on flight start day,Start time of 100 m altitude bin in UTC_seconds_since_midnight
49
1.0,1.0,1.0,1.0,1.0,1.0,1.0,1.0,1.0,1.0,1.0,1.0,1.0,1.0,1.0,1.0,1.0,1.0,1.0,1.0,1.0,1.0,1.0,1.0,1.0,1.0,1.0,1.0,1.0,1.0,1.0,1.0,1.0,1.0,1.0,1.0,1.0,1.0,1.0,1.0,1.0,1.0,1.0,1.0,1.0,1.0,1.0,1.0,1.0
99999,99999,99999,99999,99999,99999,99999,99999,99999,99999,99999,99999,99999,99999,99999,99999,99999,99999,99999,99999,99999,99999,99999,99999,99999,99999,99999,99999,99999,99999,99999,99999,99999,99999,99999,99999,99999,99999,99999,99999,99999,99999,99999,99999,99999,99999,99999,99999,99999
TIME_STOP,s,End time of 100 m altitude bin in UTC seconds since midnight,
TIME_MID,s,Mid time of 100 m altitude in UTC seconds since midnight,
GPSAlt,km,GPS reported altitude above sea level (km),
GPS_Lon,deg,GPS reported longitude,
GPS_Lat,deg,GPS reported latitude,
iMet_Pressure,hPa,Pressure reported (hPa),
iMet_Temperature,degrees C,Ambient temperature (oC),
THETA,K,Potential temperature from iMet,
Aerosol_concentration,cm^-3,Aerosol concentration,
Surface_Area_Conc,um^2 cm^-3,Surface area concentration,
Volume_density,um^3 cm^-3,Volume density,
Effective_radius,um,Effective radius,
Extinction,km^-1,Extinction,
Bin01,cm^-3,particle concentration in size range [140 - 146.14 nm],
Bin02,cm^-3,particle concentration in size range [146.14 - 152.56 nm],
Bin03,cm^-3,particle concentration in size range [152.56 - 159.25 nm],
Bin04,cm^-3,particle concentration in size range [159.25 - 166.24 nm],
Bin05,cm^-3,particle concentration in size range [166.24 - 173.54 nm],
Bin06,cm^-3,particle concentration in size range [173.54 - 181.16 nm],
Bin07,cm^-3,particle concentration in size range [181.16 - 189.11 nm],
Bin08,cm^-3,particle concentration in size range [189.11 - 197.41 nm],
Bin09,cm^-3,particle concentration in size range [197.41 - 206.07 nm],
Bin10,cm^-3,particle concentration in size range [206.07 - 215.12 nm],
Bin11,cm^-3,particle concentration in size range [215.12 - 224.56 nm],
Bin12,cm^-3,particle concentration in size range [224.56 - 234.41 nm],
Bin13,cm^-3,particle concentration in size range [234.41 - 244.70 nm],
Bin14,cm^-3,particle concentration in size range [244.70 - 361.30 nm],
Bin15,cm^-3,particle concentration in size range [361.30 - 472.80 nm],
Bin16,cm^-3,particle concentration in size range [472.80 - 567.00 nm],
Bin17,cm^-3,particle concentration in size range [567.00 - 610.66 nm],
Bin18,cm^-3,particle concentration in size range [610.66 - 657.69 nm],
Bin19,cm^-3,particle concentration in size range [657.69 - 708.33 nm],
Bin20,cm^-3,particle concentration in size range [708.33 - 762.88 nm],
Bin21,cm^-3,particle concentration in size range [762.88 - 821.62 nm],
Bin22,cm^-3,particle concentration in size range [821.62 - 884.89 nm],
Bin23,cm^-3,particle concentration in size range [884.89 - 953.03 nm],
Bin24,cm^-3,particle concentration in size range [953.03 - 1026.42 nm],
Bin25,cm^-3,particle concentration in size range [1026.42 - 1105.46 nm],
Bin26,cm^-3,particle concentration in size range [1105.46 - 1190.59 nm]],
[...]
LOCATION: Boulder, CO, USA
ASSOCIATED_DATA: N/A
INSTRUMENT_INFO: Printed Optical Particle Spectrometer counts particles from 140 - 2500 nm in diameter 
DATA_INFO: Particle concentrations reported in number per cubic centimeter, binned to 100 m altitude
UNCERTAINTY: Counting uncertainty dominated by air flow, less than 5 percent
ULOD_FLAG: -77777
ULOD_VALUE: 3000 ~3000 per cm3 (varies depending on flow rate- manufacturer quotes 1250  per cm3 at 1.667 cc/s)
LLOD_FLAG: -88888
LLOD_VALUE: 0 0 (varies depending on data field and measurement precision)
DM_CONTACT_INFO: Troy Thornberry, 325 Broadway R/CSL6, Boulder, CO 80305; troy.thornberry@noaa.gov; 303-497-3373
PROJECT_INFO: B2SAP Boulder, CO, USA
STIPULATIONS_ON_USE: Please contact the PIs for questions regarding applications and uncertainties
OTHER_COMMENTS: POPS bin Edges (nm):  140, 146.14, 152.56, 159.25, 166.24, 173.54, 181.16, 189.11, 197.41, 206.07, 215.12, 224.56, 234.41, 244.70, 361.30, 472.80, 567.00, 610.66, 657.69, 708.33, 762.88, 821.62, 884.89, 953.03, 1026.42, 1105.46, 1190.59, 1282.27, 1381.01, 1487.36, 1601.89, 1725.25, 1858.10, 2001.18, 2155.28, 2321.25, 2500
Calculations assume sulfate refractive index of 1.45+0.00j and extinction wavelength = 532 nm
REVISION: R0
R0: QA/QC data
TIME_START,TIME_STOP,TIME_MID,GPSAlt,GPS_Lon,GPS_Lat,iMet_Pressure,iMet_Temperature,THETA,Aerosol_concentration,Surface_Area_Conc,Volume_density,Effective_radius,Extinction,Bin01,Bin02,Bin03,Bin04,Bin05,Bin06,Bin07,Bin08,Bin09,Bin10,Bin11,Bin12,Bin13,Bin14,Bin15,Bin16,Bin17,Bin18,Bin19,Bin20,Bin21,Bin22,Bin23,Bin24,Bin25,Bin26,Bin27,Bin28,Bin29,Bin30,Bin31,Bin32,Bin33,Bin34,Bin35,Bin36
[from data line 201]
66952,66976,66964,21.6,-104.731,40.0246,44.218,-52.6212,537.574,2.54557,0.837124,65.5075,0.234759,0.000487318,0.179799,0.179799,0.170336,0.132483,0.0851679,0.179799,0.094631,0.0662417,0.0662417,0.0757048,0.0567786,0.0851679,0.0851679,0.501544,0.246041,0.15141,0.0567786,0.0283893,0.0473155,0.0283893,0.0094631,0.0094631,0.0094631,0,0,0,0,0,0,0,0,0,0,0,0,0
66978,67001,66990,21.7,-104.732,40.0247,43.5521,-52.9563,539.087,2.27541,0.850827,67.647,0.238522,0.000513662,0.108824,0.0890378,0.12861,0.0890378,0.0989309,0.0494655,0.118717,0.0989309,0.0395724,0.0791447,0.168183,0.0593585,0.0395724,0.41551,0.346258,0.12861,0.0791447,0.0395724,0.0593585,0.00989309,0.0197862,0,0.00989309,0,0,0,0,0,0,0,0,0,0,0,0,0
67001,67027,67014,21.8,-104.733,40.0248,42.9058,-52.8431,541.677,2.33466,0.766694,56.0887,0.21947,0.000420222,0.118096,0.181686,0.118096,0.0817586,0.109011,0.136264,0.0908429,0.118096,0.0999272,0.0545057,0.0272529,0.0272529,0.0272529,0.535973,0.299782,0.181686,0.0454214,0.0181686,0.0363372,0.00908429,0.0181686,0,0,0,0,0,0,0,0,0,0,0,0,0,0,0
67027,67052,67040,21.9,-104.734,40.0245,42.2568,-52.6372,544.548,2.36693,0.843027,61.9474,0.220446,0.000473666,0.132548,0.142016,0.0662742,0.0757419,0.0946774,0.104145,0.0852097,0.0662742,0.0852097,0.0852097,0.037871,0.0473387,0.0568064,0.605935,0.312435,0.189355,0.0946774,0.0284032,0.0473387,0.00946774,0,0,0,0,0,0,0,0,0,0,0,0,0,0,0,0
67053,67076,67064,22,-104.735,40.024,41.6188,-52.5688,547.094,2.54505,0.907222,70.3256,0.232553,0.000538632,0.104461,0.151944,0.170937,0.0664753,0.132951,0.123454,0.0949647,0.0854683,0.104461,0.123454,0.00949647,0.0854683,0.0569788,0.550795,0.246908,0.256405,0.0474824,0.0474824,0.0379859,0.0189929,0.0189929,0.00949647,0,0,0,0,0,0,0,0,0,0,0,0,0,0
67077,67101,67089,22.1,-104.736,40.0233,40.9192,-53.2292,548.097,2.31514,0.91122,76.8492,0.25301,0.000598156,0.146993,0.110245,0.220489,0.0367482,0.110245,0.110245,0.0918706,0.0918706,0.0734965,0.0367482,0.0367482,0.0734965,0.0551224,0.459353,0.238864,0.128619,0.0918706,0.0551224,0.0734965,0.0367482,0.0183741,0.0183741,0,0,0,0,0,0,0,0,0,0,0,0,0,0
67102,67124,67113,22.2,-104.737,40.0228,40.355,-53.8233,548.791,2.36752,0.9977,82.4534,0.247931,0.000647666,0.159161,0.109423,0.0994756,0.0994756,0.0994756,0.0795805,0.069633,0.0994756,0.069633,0.0497378,0.0397903,0.069633,0.00994756,0.467536,0.358112,0.228794,0.0596854,0.0596854,0.0895281,0.0298427,0,0.0198951,0,0,0,0,0,0,0,0,0,0,0,0,0,0
67126,67148,67137,22.3,-104.738,40.022,39.7583,-54.2809,549.983,2.09903,0.801199,65.6021,0.24564,0.000503076,0.155869,0.114304,0.0935213,0.0727388,0.103913,0.0623476,0.0935213,0.0831301,0.0311738,0.0831301,0.0831301,0.0311738,0.0207825,0.498781,0.187043,0.16626,0.0623476,0.0727388,0.041565,0.0103913,0.0103913,0.0103913,0.0103913,0,0,0,0,0,0,0,0,0,0,0,0,0
67148,67171,67160,22.4,-104.739,40.0213,39.1558,-54.7671,551.161,2.21993,0.809095,64.513,0.239204,0.000497085,0.179994,0.139996,0.0699978,0.119996,0.129996,0.0799974,0.0599981,0.0699978,0.0799974,0.0799974,0.0399987,0.0499984,0.0799974,0.399987,0.289991,0.149995,0.0599981,0.029999,0.0499984,0.029999,0.029999,0,0,0,0,0,0,0,0,0,0,0,0,0,0,0
67172,67194,67183,22.5,-104.741,40.0204,38.55,-55.2359,552.432,2.15865,0.654727,46.3086,0.212189,0.000351561,0.164364,0.0876608,0.109576,0.164364,0.131491,0.0767032,0.0767032,0.0986184,0.0767032,0.0328728,0.0986184,0.120534,0.0328728,0.394474,0.197237,0.175322,0.0328728,0.0657456,0.0219152,0,0,0,0,0,0,0,0,0,0,0,0,0,0,0,0,0
67195,67218,67206,22.6,-104.742,40.0198,37.9533,-55.5567,554.082,2.34053,0.869554,67.5322,0.232989,0.000511051,0.110497,0.0904068,0.120542,0.130588,0.0803616,0.100452,0.110497,0.110497,0.0200904,0.0602712,0.0401808,0.050226,0.0904068,0.512305,0.331492,0.220994,0.0401808,0.0200904,0.0703164,0.0100452,0.0100452,0,0.0100452,0,0,0,0,0,0,0,0,0,0,0,0,0
67218,67241,67230,22.7,-104.743,40.0194,37.3636,-55.9927,555.456,2.26323,0.688434,47.4315,0.206693,0.000356388,0.142825,0.109865,0.109865,0.153811,0.142825,0.109865,0.0769057,0.0988788,0.0988788,0.0329596,0.0769057,0.0659192,0.0439461,0.439461,0.25269,0.219731,0.0329596,0.0439461,0.0109865,0,0,0,0,0,0,0,0,0,0,0,0,0,0,0,0,0
67242,67265,67254,22.8,-104.745,40.0191,36.7883,-56.0029,557.897,2.01887,0.65462,47.4232,0.217332,0.000351254,0.110485,0.210927,0.0903971,0.0602648,0.080353,0.0903971,0.0502206,0.110485,0.0502206,0.0502206,0.0301324,0.0401765,0.0602648,0.441942,0.311368,0.140618,0.0200883,0.0301324,0,0.0200883,0.0200883,0,0,0,0,0,0,0,0,0,0,0,0,0,0,0
67265,67288,67276,22.9,-104.747,40.0191,36.23,-55.9046,560.595,2.37264,0.745264,54.4018,0.21899,0.000409681,0.110589,0.14075,0.14075,0.120643,0.120643,0.150803,0.0703749,0.110589,0.0603214,0.0703749,0.130696,0.0603214,0.100536,0.42225,0.251339,0.170911,0.0502678,0.0402143,0.0100536,0.0301607,0.0100536,0,0,0,0,0,0,0,0,0,0,0,0,0,0,0
67290,67313,67302,23,-104.748,40.0194,35.6783,-55.8454,563.207,1.88955,0.664113,52.9223,0.239066,0.000408237,0.0904574,0.12061,0.0904574,0.100508,0.100508,0.130661,0.0703558,0.0804066,0.0703558,0.0603049,0.0502541,0.0502541,0.0402033,0.351779,0.180915,0.130661,0.0502541,0.0502541,0.0100508,0.0301525,0.0301525,0,0,0,0,0,0,0,0,0,0,0,0,0,0,0
67315,67337,67326,23.1,-104.75,40.0203,35.1014,-56.1681,565.002,2.17496,0.811068,65.1878,0.241118,0.000510473,0.137366,0.0801301,0.114472,0.16026,0.125919,0.103024,0.114472,0.0572358,0.0686829,0.0228943,0.0228943,0.0686829,0.0457886,0.446439,0.217496,0.148813,0.0801301,0.0572358,0.0686829,0.0114472,0.0228943,0,0,0,0,0,0,0,0,0,0,0,0,0,0,0
67338,67363,67350,23.2,-104.751,40.0214,34.5769,-56.4612,566.668,1.88265,0.593979,41.3771,0.208983,0.000301099,0.0838802,0.0559202,0.0838802,0.0466001,0.1398,0.0652402,0.14912,0.0745602,0.0838802,0.0372801,0.0372801,0.0652402,0.0838802,0.363481,0.316881,0.13048,0.0279601,0,0.00932003,0.0186401,0.00932003,0,0,0,0,0,0,0,0,0,0,0,0,0,0,0
67364,67387,67376,23.3,-104.751,40.0221,34.0513,-55.9917,570.385,2.037,0.822946,70.5933,0.257344,0.000546151,0.0602068,0.0903102,0.0702413,0.150517,0.110379,0.0602068,0.0501723,0.120414,0.0501723,0.150517,0.0501723,0.0802757,0.0100345,0.421448,0.140483,0.200689,0.0501723,0.0401379,0.0301034,0.0501723,0.0401379,0,0.0100345,0,0,0,0,0,0,0,0,0,0,0,0,0
67388,67411,67400,23.4,-104.752,40.0222,33.5339,-55.1461,575.118,2.01894,0.718049,56.5597,0.236306,0.000439353,0.12553,0.167374,0.0941477,0.0627651,0.0627651,0.0941477,0.12553,0.0627651,0.0836868,0.0313826,0.0627651,0.0941477,0.0836868,0.313826,0.198756,0.167374,0.073226,0.0418434,0.0418434,0.0209217,0,0.0104609,0,0,0,0,0,0,0,0,0,0,0,0,0,0
67412,67433,67422,23.5,-104.752,40.022,33.0187,-55.51,576.703,2.31641,0.8272,67.4225,0.244521,0.000510399,0.0733705,0.146741,0.146741,0.125778,0.167704,0.0524075,0.125778,0.115296,0.104815,0.020963,0.0733705,0.0943335,0.062889,0.408778,0.230593,0.167704,0.062889,0.0314445,0.020963,0.0314445,0.0314445,0.020963,0,0,0,0,0,0,0,0,0,0,0,0,0,0
67435,67456,67446,23.6,-104.752,40.0219,32.523,-56.0617,577.732,2.25993,0.830055,64.7862,0.234151,0.00049407,0.115624,0.115624,0.126136,0.136647,0.0210226,0.126136,0.0735792,0.0840905,0.0840905,0.105113,0.0420453,0.0735792,0.0315339,0.451986,0.273294,0.252272,0.0420453,0.0210226,0.0420453,0.0210226,0,0.0210226,0,0,0,0,0,0,0,0,0,0,0,0,0,0
67458,67479,67468,23.7,-104.752,40.0215,31.9982,-56.7091,578.69,1.88065,0.672013,52.3024,0.233488,0.000397712,0.109979,0.109979,0.131975,0.131975,0.0769856,0.0439917,0.0549897,0.0879835,0.0439917,0.0769856,0.0549897,0.0439917,0.0329938,0.285946,0.31894,0.131975,0.0329938,0.0659876,0.0219959,0,0,0.0219959,0,0,0,0,0,0,0,0,0,0,0,0,0,0
67480,67501,67490,23.8,-104.753,40.0211,31.5073,-57.4818,579.178,2.08506,0.638718,46.8102,0.219863,0.000347357,0.110907,0.121998,0.0887258,0.14418,0.133089,0.0887258,0.0443629,0.110907,0.0776351,0.0554537,0.0887258,0.0887258,0.0887258,0.388176,0.232905,0.0776351,0.0443629,0.0332722,0.0332722,0.0221815,0.0110907,0,0,0,0,0,0,0,0,0,0,0,0,0,0,0
67501,67522,67512,23.9,-104.753,40.0208,31.0391,-58.0132,580.228,1.83507,0.681141,53.8642,0.237238,0.000408634,0.0444865,0.100095,0.088973,0.13346,0.111216,0.100095,0.0444865,0.0444865,0.0667298,0.100095,0.0222433,0.0333649,0.0556082,0.311406,0.289162,0.13346,0.0556082,0.0111216,0.0667298,0.0111216,0,0,0.0111216,0,0,0,0,0,0,0,0,0,0,0,0,0
67523,67544,67534,24,-104.754,40.0207,30.5352,-58.1795,582.498,1.87828,0.715526,57.0767,0.239306,0.000433348,0.104997,0.116663,0.0699979,0.0466653,0.0699979,0.0583316,0.0699979,0.0699979,0.0816643,0.034999,0.0933306,0.0583316,0.0699979,0.34999,0.256659,0.151662,0.0699979,0.0583316,0.0233326,0,0,0.0116663,0.0116663,0,0,0,0,0,0,0,0,0,0,0,0,0
67545,67568,67556,24.1,-104.754,40.0205,30.0835,-58.3348,584.561,1.78028,0.693836,56.5847,0.24466,0.000434339,0.0746225,0.0959432,0.0852828,0.106604,0.0639621,0.0959432,0.0746225,0.0852828,0.0533018,0.0319811,0.0426414,0.0319811,0.0426414,0.341131,0.202547,0.202547,0.0426414,0.0213207,0.0533018,0,0.0213207,0,0.0106604,0,0,0,0,0,0,0,0,0,0,0,0,0
67569,67591,67580,24.2,-104.756,40.0205,29.6165,-58.7404,586.07,1.90296,0.686484,52.6844,0.230236,0.000410018,0.0962169,0.0748354,0.0962169,0.128289,0.0855261,0.0962169,0.0748354,0.0855261,0.0641446,0.0534538,0.0855261,0.0213815,0.0427631,0.310032,0.267269,0.160361,0.0641446,0.0427631,0.0320723,0.0106908,0.0106908,0,0,0,0,0,0,0,0,0,0,0,0,0,0,0
67591,67614,67602,24.3,-104.757,40.0208,29.1495,-59.3141,587.166,1.89258,0.61243,45.4746,0.222758,0.000345332,0.0870152,0.0761383,0.0978921,0.130523,0.119646,0.0978921,0.0870152,0.0326307,0.0435076,0.0652614,0.0761383,0.0870152,0.0761383,0.369815,0.195784,0.119646,0.0108769,0.0761383,0.0217538,0.0108769,0.0108769,0,0,0,0,0,0,0,0,0,0,0,0,0,0,0
67616,67637,67626,24.4,-104.759,40.0215,28.6886,-59.2286,590.081,1.89837,0.652375,48.6625,0.223779,0.00037085,0.123138,0.0820919,0.0923533,0.102615,0.0923533,0.0718304,0.0615689,0.0513074,0.0513074,0.0615689,0.0615689,0.0513074,0.0615689,0.430982,0.20523,0.184707,0.0307844,0.0307844,0.020523,0.020523,0.0102615,0,0,0,0,0,0,0,0,0,0,0,0,0,0,0
67639,67662,67650,24.5,-104.76,40.0221,28.26,-59.3296,592.344,1.76188,0.624376,47.0589,0.226108,0.000355323,0.0749737,0.121832,0.0749737,0.0468586,0.0749737,0.0468586,0.0937172,0.0468586,0.0749737,0.0468586,0.0187434,0.103089,0.0374869,0.412356,0.206178,0.159319,0.065602,0.0187434,0.00937172,0.00937172,0.00937172,0.00937172,0,0,0,0,0,0,0,0,0,0,0,0,0,0
67662,67686,67674,24.6,-104.761,40.0226,27.8204,-59.2112,595.332,1.47048,0.545735,41.9873,0.230811,0.000321074,0.056557,0.0754093,0.0659831,0.0471308,0.0282785,0.0848355,0.0471308,0.0754093,0.0282785,0.0471308,0.0377046,0.0282785,0.0377046,0.386473,0.207376,0.103688,0.0188523,0.0471308,0,0.0377046,0.00942616,0,0,0,0,0,0,0,0,0,0,0,0,0,0,0
67687,67711,67699,24.7,-104.761,40.0232,27.3712,-58.6036,599.803,1.87517,0.562327,38.2601,0.204117,0.000275927,0.118913,0.0823247,0.0731775,0.109766,0.0914718,0.0457359,0.0914718,0.0823247,0.0731775,0.0914718,0.0640303,0.0548831,0.0182944,0.429918,0.265268,0.128061,0.0182944,0,0.00914718,0.0274416,0,0,0,0,0,0,0,0,0,0,0,0,0,0,0,0
67712,67732,67722,24.8,-104.762,40.0235,26.9491,-58.6805,602.258,1.70856,0.461127,30.8794,0.200895,0.000228469,0.135435,0.104181,0.125017,0.114599,0.0833446,0.125017,0.0729265,0.104181,0.0416723,0.0208362,0.0520904,0.0625085,0.0729265,0.21878,0.197943,0.104181,0.0312542,0.0416723,0,0,0,0,0,0,0,0,0,0,0,0,0,0,0,0,0,0
67734,67756,67745,24.9,-104.763,40.0236,26.5418,-58.8391,604.435,1.50062,0.392099,25.1348,0.192309,0.000179109,0.145893,0.0937885,0.0937885,0.0625257,0.0729466,0.0521047,0.135472,0.0416838,0.0312628,0.0208419,0.0625257,0.0625257,0.0208419,0.323049,0.156314,0.0833676,0,0.0416838,0,0,0,0,0,0,0,0,0,0,0,0,0,0,0,0,0,0
67757,67779,67768,25,-104.765,40.0241,26.123,-59.0461,606.604,1.41134,0.412883,28.2202,0.205048,0.000204632,0.119268,0.0894512,0.0596341,0.0695732,0.0695732,0.0397561,0.109329,0.0496951,0.0695732,0.00993902,0.019878,0.0795122,0.0298171,0.248476,0.19878,0.109329,0.019878,0,0.00993902,0,0.00993902,0,0,0,0,0,0,0,0,0,0,0,0,0,0,0
67780,67802,67791,25.1,-104.766,40.0245,25.7096,-58.9509,609.645,1.71387,0.476346,32.0208,0.201665,0.000234372,0.119572,0.0697504,0.129537,0.109608,0.0597861,0.0996435,0.0896791,0.0896791,0.109608,0.029893,0.0797148,0.00996435,0.0498217,0.308895,0.169394,0.119572,0.0398574,0.00996435,0.0199287,0,0,0,0,0,0,0,0,0,0,0,0,0,0,0,0,0
67803,67824,67814,25.2,-104.767,40.0247,25.3257,-58.7086,612.964,1.25241,0.396339,27.5466,0.208507,0.000210029,0.0762337,0.0544526,0.0762337,0.0326716,0.0653432,0.0653432,0.0871242,0.0544526,0.0326716,0.0326716,0.0217811,0.0108905,0.0871242,0.228701,0.119796,0.163358,0.0217811,0.0217811,0,0,0,0,0,0,0,0,0,0,0,0,0,0,0,0,0,0
67825,67846,67836,25.3,-104.768,40.0249,24.9264,-58.5791,616.127,1.48932,0.328093,18.6955,0.170947,0.000121949,0.0624889,0.104148,0.156222,0.104148,0.0729038,0.0416593,0.0833186,0.104148,0.0520741,0.0416593,0.0104148,0.0624889,0.0833186,0.343689,0.0520741,0.114563,0,0,0,0,0,0,0,0,0,0,0,0,0,0,0,0,0,0,0,0
67846,67870,67858,25.4,-104.769,40.0254,24.5439,-58.113,620.198,1.57409,0.351608,21.0108,0.179269,0.000141921,0.140365,0.130339,0.100261,0.0802085,0.140365,0.130339,0.0701824,0.0601564,0.0300782,0.0501303,0.0701824,0.0401043,0.0300782,0.260678,0.150391,0.0501303,0.0300782,0.0100261,0,0,0,0,0,0,0,0,0,0,0,0,0,0,0,0,0,0
67871,67894,67882,25.5,-104.769,40.0257,24.1619,-57.8467,623.755,1.70563,0.489708,34.3142,0.210212,0.000256694,0.110755,0.110755,0.110755,0.0886041,0.121831,0.121831,0.0553776,0.0886041,0.0996796,0.0332265,0.0332265,0,0.0664531,0.299039,0.166133,0.121831,0,0.0443021,0.0332265,0,0,0,0,0,0,0,0,0,0,0,0,0,0,0,0,0
67895,67916,67906,25.6,-104.769,40.0256,23.7773,-57.9314,626.378,1.21965,0.308664,19.4029,0.188583,0.000137737,0.0855894,0.149781,0.0427947,0.0641921,0.0427947,0.106987,0.0748907,0.0641921,0.0427947,0.032096,0.032096,0,0.0106987,0.235371,0.117685,0.0962881,0.0213974,0,0,0,0,0,0,0,0,0,0,0,0,0,0,0,0,0,0,0
67917,67938,67928,25.7,-104.769,40.0249,23.4129,-57.7348,629.721,1.23109,0.366293,25.3059,0.207259,0.000193821,0.101649,0.0677662,0.203298,0.0564718,0.0451774,0.0564718,0.0451774,0.0338831,0.0564718,0.0338831,0.0112944,0.0112944,0.0225887,0.135532,0.158121,0.158121,0.0338831,0,0,0,0,0,0,0,0,0,0,0,0,0,0,0,0,0,0,0
67939,67960,67950,25.8,-104.769,40.0241,23.065,-57.495,633.124,1.31491,0.279631,15.7798,0.169292,0.000101291,0.120534,0.175322,0.054788,0.0986184,0.054788,0.0438304,0.0438304,0.120534,0.0657456,0.0328728,0.0109576,0.054788,0.0109576,0.23011,0.142449,0.0438304,0.0109576,0,0,0,0,0,0,0,0,0,0,0,0,0,0,0,0,0,0,0
67961,67981,67971,25.9,-104.771,40.0236,22.6977,-57.7741,635.212,1.46863,0.38222,24.0856,0.189045,0.000171154,0.16689,0.11126,0.044504,0.0890079,0.0890079,0.077882,0.100134,0.077882,0.022252,0.022252,0.022252,0.033378,0.022252,0.267024,0.189142,0.122386,0,0.011126,0,0,0,0,0,0,0,0,0,0,0,0,0,0,0,0,0,0
67983,68005,67994,26,-104.773,40.0233,22.3546,-57.8779,637.675,1.47287,0.497109,34.4197,0.207719,0.000261354,0.113297,0.0308993,0.102998,0.0823981,0.0823981,0.0411991,0.0205995,0.0617986,0.0617986,0.0205995,0.0308993,0.0102998,0.0205995,0.329593,0.226595,0.205995,0.0102998,0.0205995,0,0,0,0,0,0,0,0,0,0,0,0,0,0,0,0,0,0
68007,68029,68018,26.1,-104.775,40.0228,22.0039,-57.8496,640.644,1.29832,0.379794,25.2614,0.19954,0.000183773,0.0436411,0.0872821,0.0763718,0.0545513,0.0545513,0.0981924,0.0545513,0.0981924,0.0109103,0.0218205,0.0545513,0.0545513,0.0218205,0.250936,0.174564,0.0981924,0.0327308,0,0.0109103,0,0,0,0,0,0,0,0,0,0,0,0,0,0,0,0,0
68031,68051,68041,26.2,-104.777,40.0223,21.6695,-57.8719,643.386,1.51047,0.453669,30.9932,0.20495,0.00023172,0.132921,0.169172,0.0725024,0.048335,0.0604187,0.0362512,0.0725024,0.0725024,0.0120837,0.0120837,0.120837,0.0362512,0.0362512,0.205424,0.229591,0.157089,0.0120837,0.0120837,0.0120837,0,0,0,0,0,0,0,0,0,0,0,0,0,0,0,0,0
