api/data/B2SAP/Locations/Boulder/NOAA-POPS-B2SAP_GMLBalloon_20201106_R0.ict
61,1001
Thornberry, T. D.
NOAA Chemical Sciences Laboratory
Portable Optical Particle Spectrometer (POPS)
Balloon Baseline Stratospheric Aerosol Profiles (B2SAP)
1,1
2020,11,06,2024,05,30
0
TIME_START,s,Seconds since midnight UTC on flight start day,Start time of 100 m altitude bin in UTC_seconds_since_midnight
28
1.0,1.0,1.0,1.0,1.0,1.0,1.0,1.0,1.0,1.0,1.0,1.0,1.0,1.0,1.0,1.0,1.0,1.0,1.0,1.0,1.0,1.0,1.0,1.0,1.0,1.0,1.0,1.0
99999,99999,99999,99999,99999,99999,99999,99999,99999,99999,99999,99999,99999,99999,99999,99999,99999,99999,99999,99999,99999,99999,99999,99999,99999,99999,99999,99999
TIME_STOP,s,End time of 100 m altitude bin in UTC seconds since midnight,
TIME_MID,s,Mid time of 100 m altitude in UTC seconds since midnight,
GPSAlt,m,GPS reported altitude above sea level (m),
GPS_Lon,deg,GPS reported longitude,
GPS_Lat,deg,GPS reported latitude,
iMet_Pressure,mb,Pressure reported (mB),
iMet_Temperature,degrees C,Ambient temperature (oC),
THETA,K,Potential temperature from iMet,
Aerosol_concentration,cm^-3,Aerosol concentration,
Surface_Area_Conc,um^2 cm^-3,Surface area concentration,
Volume_density,um^3 cm^-3,Volume density,
Effective_radius,um,Effective radius,
Extinction,km^-1,Extinction,
Bin01,cm^-3,particle concentration in size range [140 - 170 nm],
Bin02,cm^-3,particle concentration in size range [170 - 205 nm],
Bin03,cm^-3,particle concentration in size range [205 - 249 nm],
Bin04,cm^-3,particle concentration in size range [249 - 302 nm],
Bin05,cm^-3,particle concentration in size range [302 - 366 nm],
Bin06,cm^-3,particle concentration in size range [366 - 443 nm],
Bin07,cm^-3,particle concentration in size range [443 - 537 nm],
Bin08,cm^-3,particle concentration in size range [537 - 651 nm],
Bin09,cm^-3,particle concentration in size range [651 - 789 nm],
Bin10,cm^-3,particle concentration in size range [789 - 956 nm],
Bin11,cm^-3,particle concentration in size range [956 - 1159 nm],
Bin12,cm^-3,particle concentration in size range [1159 - 1404 nm],
Bin13,cm^-3,particle concentration in size range [1404 - 1702 nm],
Bin14,cm^-3,particle concentration in size range [1702 - 2062 nm],
Bin15,cm^-3,particle concentration in size range [2062 - 2500 nm],
0
19
PI_CONTACT_INFO: 325 Broadway R/CSL6, Boulder, CO 80305; troy.thornberry@noaa.gov; 303-497-3373 
PLATFORM: GML ECC/FPH balloon
LOCATION: Boulder, CO, USA
ASSOCIATED_DATA: N/A
INSTRUMENT_INFO: Printed Optical Particle Spectrometer counts particles from 140 - 2500 nm in diameter 
DATA_INFO: Particle concentrations reported in number per cubic centimeter, binned to 100 m altitude
UNCERTAINTY: Counting uncertainty dominated by air flow, less than 5 percent
ULOD_FLAG: -77777
ULOD_VALUE: 3000 ~3000 per cm3 (varies depending on flow rate- manufacturer quotes 1250  per cm3 at 1.667 cc/s)
LLOD_FLAG: -88888
LLOD_VALUE: 0 0 (varies depending on data field and measurement precision)
DM_CONTACT_INFO: Troy Thornberry, 325 Broadway R/CSL6, Boulder, CO 80305; troy.thornberry@noaa.gov; 303-497-3373
PROJECT_INFO: B2SAP Boulder, CO, USA
STIPULATIONS_ON_USE: Please contact the PIs for questions regarding applications and uncertainties
OTHER_COMMENTS: POPS bin Edges (nm):  140, 170, 205, 249, 302, 366, 443, 537, 651, 789, 956, 1159, 1404, 1702, 2062, 2500
Calculations assume sulfate refractive index of 1.45+0.00j and extinction wavelength = 532 nm
REVISION: R0
R0: QA/QC data
TIME_START,TIME_STOP,TIME_MID,GPSAlt,GPS_Lon,GPS_Lat,iMet_Pressure,iMet_Temperature,THETA,Aerosol_concentration,Surface_Area_Conc,Volume_density,Effective_radius,Extinction,Bin01,Bin02,Bin03,Bin04,Bin05,Bin06,Bin07,Bin08,Bin09,Bin10,Bin11,Bin12,Bin13,Bin14,Bin15
[from data line 225]
64847,64869,64858,24.2,-104.508,40.3151,26.6474,-53.673,618.309,2.17131,0.474156,27.5536,0.174332,0.000182441,0.620375,0.459933,0.342276,0.288795,0.128354,0.171138,0.13905,0.0106961,0.0106961,0,0,0,0,0,0
64870,64893,64882,24.3,-104.507,40.3144,26.1814,-53.465,622.018,2.36574,0.474217,25.5314,0.161517,0.000160244,0.713117,0.565966,0.32826,0.260344,0.181109,0.181109,0.135832,0,0,0,0,0,0,0,0
64894,64918,64906,24.4,-104.506,40.3143,25.7696,-52.9622,626.279,2.6184,0.493386,26.1572,0.159047,0.000161464,0.85098,0.6546,0.37094,0.22911,0.25093,0.13092,0.1091,0.02182,0,0,0,0,0,0,0
64919,64941,64930,24.5,-104.505,40.3148,25.3478,-52.5117,630.515,2.42136,0.694447,122.651,0.529849,0.000313509,0.796063,0.608104,0.442257,0.221129,0.221129,0.0442257,0.0331693,0.0221129,0.0110564,0,0,0,0,0.0110564,0.0110564
64943,64966,64954,24.6,-104.504,40.3156,24.931,-52.559,633.385,2.2999,0.446831,24.7368,0.166081,0.000159272,0.766635,0.523259,0.413739,0.194701,0.109519,0.158194,0.0973504,0.0365064,0,0,0,0,0,0,0
64967,64989,64978,24.7,-104.501,40.3162,24.5215,-52.551,636.4,2.29596,0.416221,20.2185,0.145729,0.000110054,0.674518,0.51886,0.389145,0.246459,0.272402,0.155658,0.0389145,0,0,0,0,0,0,0,0
64990,65011,65000,24.8,-104.498,40.3165,24.1114,-52.3362,640.111,2.59177,0.469524,24.6218,0.157319,0.000149705,0.939047,0.613511,0.363098,0.150248,0.313016,0.112686,0.0626032,0.0375619,0,0,0,0,0,0,0
65012,65032,65022,24.9,-104.497,40.3169,23.691,-52.2738,643.506,2.09403,0.37058,18.5219,0.149942,0.000105984,0.668576,0.479356,0.416283,0.16399,0.18922,0.113532,0.0504586,0.0126146,0,0,0,0,0,0,0
65033,65053,65043,25,-104.495,40.3176,23.3205,-52.0357,647.116,2.19504,0.400363,20.427,0.153064,0.000119529,0.718844,0.500623,0.385095,0.179711,0.179711,0.166874,0.051346,0.0128365,0,0,0,0,0,0,0
65054,65074,65064,25.1,-104.492,40.3178,22.9355,-51.81,650.86,2.4067,0.428188,22.4175,0.157063,0.000131505,0.730121,0.648997,0.392102,0.297457,0.148728,0.108166,0.0540831,0.0135208,0.0135208,0,0,0,0,0,0
65075,65095,65085,25.2,-104.49,40.3185,22.5237,-52.2974,652.8,1.93978,0.340863,17.4541,0.153617,0.000105174,0.694848,0.50666,0.231616,0.21714,0.101332,0.086856,0.101332,0,0,0,0,0,0,0,0
65096,65116,65106,25.3,-104.487,40.3192,22.1795,-51.9205,656.799,1.96884,0.333972,16.2187,0.145689,9.10109e-05,0.612529,0.554193,0.320848,0.160424,0.189592,0.0583361,0.0729201,0,0,0,0,0,0,0,0
65117,65138,65128,25.4,-104.485,40.32,21.8252,-51.9271,659.8,2.35757,0.450722,24.7755,0.164905,0.00015468,0.803716,0.495625,0.308091,0.361672,0.187534,0.0669763,0.107162,0.0133953,0.0133953,0,0,0,0,0,0
65139,65160,65150,25.5,-104.483,40.3215,21.4225,-51.326,665.13,1.79117,0.281619,13.1005,0.139556,6.94535e-05,0.733394,0.409008,0.211556,0.169245,0.169245,0.0564149,0.0423112,0,0,0,0,0,0,0,0
65161,65183,65172,25.6,-104.48,40.3232,21.0691,-50.8991,669.576,2.17725,0.3939,22.1922,0.169019,0.000143814,0.795283,0.534534,0.391123,0.182524,0.0782245,0.0521497,0.104299,0.0260748,0.0130374,0,0,0,0,0,0
65186,65211,65198,25.7,-104.476,40.3246,20.7039,-50.0578,675.489,1.92448,0.345038,18.6679,0.162312,0.000117356,0.687313,0.449878,0.349905,0.137463,0.162456,0.0374898,0.0499864,0.0499864,0,0,0,0,0,0,0
65212,65238,65225,25.8,-104.472,40.3252,20.3744,-50.3144,677.797,1.85271,0.346267,18.0446,0.156335,0.00011025,0.62148,0.410411,0.281425,0.187617,0.175891,0.0703562,0.105534,0,0,0,0,0,0,0,0
65240,65266,65253,25.9,-104.468,40.3257,20.0204,-49.122,684.864,2.19135,0.36382,18.2165,0.150211,0.000106883,0.796855,0.597641,0.328117,0.175777,0.117185,0.0820292,0.0820292,0.0117185,0,0,0,0,0,0,0
65267,65293,65280,26,-104.463,40.3257,19.6688,-48.8088,689.286,2.06483,0.389173,21.1133,0.162755,0.000133978,0.787737,0.44161,0.238708,0.214837,0.167096,0.0954833,0.0954833,0.0238708,0,0,0,0,0,0,0
65295,65325,65310,26.1,-104.458,40.3251,19.3782,-49.3546,690.55,1.89267,0.321747,16.482,0.15368,9.82604e-05,0.774276,0.419399,0.22583,0.193569,0.129046,0.0752768,0.0537692,0.0215077,0,0,0,0,0,0,0
65326,65352,65339,26.2,-104.452,40.3241,19.043,-49.7557,692.748,1.98339,0.359534,19.4763,0.162513,0.000118758,0.825304,0.332784,0.29285,0.173048,0.186359,0.106491,0.0399341,0.0133114,0.0133114,0,0,0,0,0,0
65353,65376,65364,26.3,-104.448,40.3234,18.7226,-49.3513,697.386,1.55093,0.243409,11.8261,0.145756,6.65749e-05,0.655136,0.320883,0.254032,0.147071,0.0802207,0.0401104,0.0401104,0.0133701,0,0,0,0,0,0,0
65377,65400,65388,26.4,-104.445,40.3234,18.4281,-48.9871,701.686,1.72585,0.275855,12.8479,0.139724,6.72611e-05,0.66951,0.327316,0.342194,0.163658,0.089268,0.104146,0.029756,0,0,0,0,0,0,0,0
65401,65423,65412,26.5,-104.441,40.3237,18.1195,-48.1825,707.613,1.91332,0.283819,12.3759,0.130815,5.91042e-05,0.679939,0.442751,0.363688,0.253001,0.1265,0,0.0474376,0,0,0,0,0,0,0,0
65424,65446,65435,26.6,-104.438,40.3246,17.813,-48.241,710.883,1.55829,0.209488,8.80194,0.126049,4.02055e-05,0.738982,0.337361,0.208843,0.144583,0.0642593,0.0481945,0.0160648,0,0,0,0,0,0,0,0
65447,65469,65458,26.7,-104.434,40.326,17.5075,-48.5845,713.313,1.73645,0.285701,14.2924,0.150077,8.47715e-05,0.737173,0.393159,0.229343,0.131053,0.0982897,0.0655265,0.0819081,0,0,0,0,0,0,0,0
65470,65493,65482,26.8,-104.43,40.328,17.2305,-49.0445,715.104,1.24062,0.23445,12.4445,0.159238,7.57487e-05,0.43008,0.264665,0.148874,0.181957,0.0827077,0.0827077,0.0330831,0.0165415,0,0,0,0,0,0,0
65494,65516,65505,26.9,-104.427,40.3307,16.9482,-49.2973,717.677,1.75171,0.262057,12.2244,0.139944,6.70072e-05,0.700683,0.54836,0.182787,0.0913934,0.13709,0.0304645,0.0609289,0,0,0,0,0,0,0,0
65518,65541,65530,27,-104.422,40.3337,16.6159,-48.8555,723.174,1.72503,0.242058,10.1567,0.125879,4.46845e-05,0.800909,0.308042,0.231031,0.215629,0.0924126,0.0770105,0,0,0,0,0,0,0,0,0
65542,65566,65554,27.1,-104.418,40.336,16.3435,-48.519,727.686,1.68199,0.240866,10.9487,0.136367,5.79354e-05,0.75518,0.411917,0.240285,0.102979,0.085816,0.0343264,0.0514896,0,0,0,0,0,0,0,0
65568,65593,65580,27.2,-104.413,40.3381,16.0646,-48.5621,731.134,1.46169,0.186637,8.21264,0.13201,4.29511e-05,0.795972,0.39075,0.0868333,0.0868333,0.0289444,0.0289444,0.0434166,0,0,0,0,0,0,0,0
65594,65617,65606,27.3,-104.408,40.3396,15.807,-49.035,732.966,1.72733,0.286518,13.9202,0.145752,7.84366e-05,0.634531,0.423021,0.29964,0.0881293,0.141007,0.0881293,0.0528776,0,0,0,0,0,0,0,0
65618,65641,65630,27.4,-104.403,40.3406,15.5243,-48.989,736.915,1.31618,0.191774,8.60418,0.134599,4.40303e-05,0.598263,0.256398,0.205119,0.102559,0.102559,0.0170932,0.0341864,0,0,0,0,0,0,0,0
65642,65664,65653,27.5,-104.399,40.3415,15.2294,-49.2239,740.185,1.46849,0.17966,6.89107,0.115069,2.67292e-05,0.76442,0.301745,0.201163,0.0603489,0.120698,0.0201163,0,0,0,0,0,0,0,0,0
65665,65687,65676,27.6,-104.394,40.3426,14.9732,-49.6632,742.323,1.2968,0.1817,7.57922,0.125138,3.38334e-05,0.52209,0.303149,0.218941,0.10105,0.134733,0,0.0168416,0,0,0,0,0,0,0,0
65688,65712,65700,27.7,-104.389,40.3443,14.7218,-50.1223,744.39,1.53774,0.226747,10.7039,0.141619,6.00115e-05,0.692827,0.47315,0.101389,0.0675928,0.101389,0.0506946,0.0506946,0,0,0,0,0,0,0,0
65713,65783,65748,27.8,-104.381,40.3472,14.4433,-49.7964,749.56,1.45422,0.279817,16.3857,0.175676,0.000110238,0.611194,0.358286,0.14753,0.0526891,0.0948404,0.0948404,0.0737648,0.0105378,0.0105378,0,0,0,0,0,0
65747,65779,65763,27.9,-104.373,40.3499,14.2853,-49.235,753.792,1.65047,0.305304,17.3106,0.170099,0.00011088,0.634797,0.393574,0.228527,0.0888716,0.165047,0.0634797,0.0380878,0.0253919,0.0126959,0,0,0,0,0,0
59385,59637,59511,1.8,-105.197,39.9491,820.84,19.2494,309.363,208.422,35.667,2310.43,0.194334,0.0116845,90.3984,50.3767,27.4113,12.6664,12.3775,6.94369,5.62951,1.75223,0.372815,0.214369,0.0466019,0.0838835,0.0559223,0.0745631,0.0186408
59528,59934,59731,1.7,-105.197,39.9491,820.954,18.6445,308.714,239.084,40.3301,2857.82,0.212583,0.0129734,109.387,56.4148,30.3937,13.9351,13.0872,7.36601,5.79269,1.65505,0.36779,0.22476,0.102164,0.081731,0.11238,0.11238,0.0510819
65782,65814,65798,27.8,-104.364,40.3529,14.3845,-47.2821,758.873,1.55554,0.245266,12.173,0.148896,7.06499e-05,0.771232,0.261435,0.183004,0.143789,0.0784304,0.0653587,0.0392152,0.0130717,0,0,0,0,0,0,0
65816,65839,65828,27.7,-104.358,40.3551,14.6333,-49.0252,749.338,1.43701,0.171426,6.38381,0.111718,2.28841e-05,0.700541,0.377214,0.143701,0.125738,0.0718503,0.0179626,0,0,0,0,0,0,0,0,0
65842,65862,65852,27.6,-104.353,40.3564,14.8756,-47.2011,751.909,1.61843,0.23287,10.9124,0.140582,6.09267e-05,0.79897,0.327783,0.266323,0.0614593,0.0614593,0.0409728,0.0614593,0,0,0,0,0,0,0,0
65863,65882,65872,27.5,-104.348,40.3573,15.1288,-49.0271,742.248,1.54494,0.247403,12.9331,0.156827,8.0403e-05,0.71807,0.413434,0.152318,0.0652791,0.0435194,0.0870388,0.0435194,0.0217597,0,0,0,0,0,0,0
65883,65900,65892,27.4,-104.344,40.3581,15.414,-48.916,738.651,1.25731,0.266848,18.0697,0.203147,0.000133387,0.580299,0.26597,0.145075,0.0725374,0.0241791,0.0241791,0.0967165,0.0241791,0.0241791,0,0,0,0,0,0
65901,65918,65910,27.3,-104.341,40.3593,15.6747,-48.5027,736.486,1.39526,0.212365,10.433,0.147384,5.9272e-05,0.673573,0.264618,0.240562,0.0240562,0.0962247,0.0721685,0,0.0240562,0,0,0,0,0,0,0
65919,65936,65928,27.2,-104.337,40.3607,15.9087,-48.732,732.614,1.4342,0.161015,5.96309,0.111103,2.24789e-05,0.860517,0.262936,0.191226,0,0.095613,0.0239033,0,0,0,0,0,0,0,0,0
65937,65953,65945,27.1,-104.334,40.3626,16.2038,-48.9692,728.017,1.086,0.181327,9.23778,0.152836,5.62224e-05,0.407249,0.352949,0.1086,0.0542999,0.0542999,0.0542999,0.0542999,0,0,0,0,0,0,0,0
65954,65970,65962,27,-104.33,40.3646,16.4862,-49.19,723.707,1.32613,0.172197,7.89359,0.137521,4.19961e-05,0.730725,0.243575,0.216511,0.0270639,0.0811917,0,0,0.0270639,0,0,0,0,0,0,0
65971,65986,65978,26.9,-104.327,40.3668,16.7658,-49.3183,719.837,1.5016,0.196037,7.97409,0.122029,3.42003e-05,0.721925,0.375401,0.144385,0.115508,0.086631,0.057754,0,0,0,0,0,0,0,0,0
65987,66001,65994,26.8,-104.324,40.3683,17.0417,-48.9092,717.788,1.80393,0.25801,11.1759,0.129947,5.3002e-05,0.715846,0.429508,0.314972,0.200437,0.0572677,0.0572677,0.0286338,0,0,0,0,0,0,0,0
66002,66015,66008,26.7,-104.322,40.3693,17.306,-48.266,716.696,1.85107,0.320896,15.6048,0.145887,8.5855e-05,0.706771,0.538492,0.0673115,0.100967,0.23559,0.201934,0,0,0,0,0,0,0,0,0
66016,66028,66022,26.6,-104.32,40.3699,17.6267,-48.6411,711.755,1.74312,0.258104,11.4393,0.132962,5.54612e-05,0.593403,0.667578,0.111263,0.185438,0.0370877,0.148351,0,0,0,0,0,0,0,0,0
66029,66041,66035,26.5,-104.317,40.3702,17.9411,-46.4744,715.005,2.09457,0.371516,19.5033,0.15749,0.000117909,0.734938,0.440963,0.47771,0.146988,0.0734938,0.146988,0.0367469,0.0367469,0,0,0,0,0,0,0
66042,66053,66048,26.4,-104.316,40.3703,18.226,-48.319,706,1.66015,0.251457,12.1522,0.144981,7.02231e-05,0.944008,0.195312,0.195312,0.065104,0.16276,0.032552,0.065104,0,0,0,0,0,0,0,0
66055,66067,66061,26.3,-104.314,40.3703,18.5445,-48.45,702.102,1.4032,0.236953,12.0879,0.153041,7.26298e-05,0.643135,0.175401,0.321568,0.0877003,0,0.116934,0.0584668,0,0,0,0,0,0,0,0
66068,66077,66072,26.2,-104.312,40.3701,18.8211,-48.8056,698.036,1.66436,0.217514,8.17132,0.112701,2.79267e-05,0.637413,0.318706,0.424942,0.177059,0.106235,0,0,0,0,0,0,0,0,0,0
66080,66090,66085,26.1,-104.31,40.3695,19.167,-48.605,695.03,1.95513,0.360198,18.1519,0.151183,0.000104905,0.50455,0.536084,0.409947,0.157672,0.126137,0.157672,0.0630687,0,0,0,0,0,0,0,0
66092,66101,66096,26,-104.308,40.3691,19.4644,-48.3344,692.817,2.01141,0.27801,12.9131,0.139345,6.86336e-05,0.866988,0.589552,0.312116,0.104039,0.0346795,0.069359,0,0.0346795,0,0,0,0,0,0,0
66104,66115,66110,25.9,-104.306,40.3687,19.8178,-47.5633,691.622,1.67126,0.272923,13.065,0.143612,7.29353e-05,0.409289,0.648041,0.306967,0.0682148,0.13643,0.0341074,0.0682148,0,0,0,0,0,0,0,0
66116,66128,66122,25.8,-104.304,40.3686,20.1756,-47.0667,689.614,2.37886,0.411539,19.7698,0.144117,0.000106538,0.871132,0.502576,0.26804,0.301546,0.234535,0.167525,0.0335051,0,0,0,0,0,0,0,0
66130,66140,66135,25.7,-104.302,40.3687,20.5212,-46.4062,688.274,2.34053,0.463144,25.6992,0.166466,0.000165478,0.928781,0.408663,0.334361,0.111454,0.260059,0.185756,0.0743025,0.0371512,0,0,0,0,0,0,0
66141,66153,66147,25.6,-104.3,40.369,20.8338,-46.6025,684.729,1.73766,0.271188,12.5524,0.13886,6.65543e-05,0.517601,0.517601,0.332743,0.221829,0.0739429,0,0.0739429,0,0,0,0,0,0,0,0
66154,66166,66160,25.5,-104.298,40.3695,21.1967,-47.7333,677.947,1.69912,0.275295,12.925,0.140849,6.87245e-05,0.718859,0.359429,0.130702,0.196052,0.196052,0.0653508,0.0326754,0,0,0,0,0,0,0,0
66169,66180,66174,25.4,-104.295,40.3703,21.6029,-48.1286,673.109,1.36546,0.171167,6.40924,0.112333,2.21582e-05,0.662043,0.248266,0.165511,0.206888,0.0827554,0,0,0,0,0,0,0,0,0,0
66182,66195,66188,25.3,-104.293,40.3715,21.959,-49.253,666.608,1.89444,0.276666,12.6242,0.136889,6.616e-05,0.845212,0.466324,0.291452,0.0582905,0.0874357,0.116581,0.0291452,0,0,0,0,0,0,0,0
66196,66208,66202,25.2,-104.291,40.3724,22.3163,-50.5875,659.599,2.34083,0.389957,19.0096,0.146243,0.000108151,0.720254,0.756267,0.288102,0.252089,0.180064,0.0360127,0.108038,0,0,0,0,0,0,0,0
66210,66220,66215,25.1,-104.288,40.373,22.6675,-51.4237,654.184,2.90426,0.463662,21.8221,0.141194,0.000117944,1.11151,0.573681,0.537826,0.322696,0.21513,0.0358551,0.107565,0,0,0,0,0,0,0,0
66222,66231,66226,25,-104.287,40.3733,23.0437,-52.0475,649.29,2.33524,0.449979,24.3779,0.162527,0.000152682,0.919943,0.318442,0.424589,0.176912,0.247677,0.14153,0.0707648,0.0353824,0,0,0,0,0,0,0
66233,66242,66238,24.9,-104.285,40.3736,23.4229,-52.9871,643.526,2.27414,0.506739,29.9578,0.177356,0.000206709,0.609144,0.568535,0.324877,0.243658,0.243658,0.0406096,0.203048,0.0406096,0,0,0,0,0,0,0
66244,66250,66247,24.8,-104.283,40.3738,23.806,-53.784,638.223,2.29072,0.510325,29.4038,0.172854,0.000192464,0.558712,0.558712,0.391099,0.223485,0.167614,0.279356,0.0558712,0.0558712,0,0,0,0,0,0,0
66252,66259,66256,24.7,-104.282,40.3739,24.164,-54.108,634.581,1.72739,0.29044,14.9492,0.154412,9.33689e-05,0.668666,0.612944,0.0557222,0.0557222,0.222889,0,0.111444,0,0,0,0,0,0,0,0
66262,66270,66266,24.6,-104.281,40.3742,24.58,-55.285,628.086,1.97358,0.371205,22.6652,0.183175,0.000147193,0.734356,0.413075,0.413075,0.183589,0.0458972,0.0917945,0.0458972,0,0.0458972,0,0,0,0,0,0
66272,66281,66276,24.5,-104.28,40.3741,25.025,-56.1833,622.31,1.85904,0.460792,29.2627,0.190516,0.000192246,0.226712,0.408082,0.362739,0.453424,0.226712,0.0906848,0,0.0453424,0.0453424,0,0,0,0,0,0
66283,66292,66288,24.4,-104.279,40.3738,25.498,-55.774,620.143,1.84033,0.300177,14.7366,0.147279,8.60348e-05,0.541274,0.595402,0.378892,0.108255,0.108255,0,0.108255,0,0,0,0,0,0,0,0
66295,66304,66300,24.3,-104.279,40.3734,25.924,-55.794,617.171,1.91055,0.379988,24.8243,0.195988,0.000170769,0.849136,0.371497,0.318426,0.106142,0,0.159213,0.053071,0,0.053071,0,0,0,0,0,0
66306,66314,66310,24.2,-104.278,40.373,26.335,-55.68,614.715,2.03371,0.487068,28.257,0.174044,0.000184175,0.328018,0.328018,0.524829,0.328018,0.262414,0.131207,0.0656036,0.0656036,0,0,0,0,0,0,0
66316,66326,66321,24.1,-104.277,40.3729,26.784,-55.544,612.142,2.57727,0.442036,21.3494,0.144894,0.000118807,0.841557,0.631168,0.368181,0.262986,0.368181,0,0.105195,0,0,0,0,0,0,0,0
66328,66335,66332,24,-104.277,40.3728,27.174,-55.054,610.99,2.12682,0.423144,26.1168,0.185162,0.000169655,0.881854,0.41499,0.259369,0.155621,0.155621,0.207495,0,0,0.0518738,0,0,0,0,0,0
66338,66348,66343,23.9,-104.277,40.3726,27.64,-54.4,609.85,2.4864,0.515925,26.5574,0.154426,0.000153491,0.558171,0.608914,0.304457,0.3552,0.3552,0.253714,0.0507429,0,0,0,0,0,0,0,0
66351,66361,66356,23.8,-104.277,40.3725,28.166,-54.008,607.663,1.65899,0.333994,18.2134,0.163596,0.000116967,0.603269,0.40218,0.100545,0.100545,0.251362,0.100545,0.100545,0,0,0,0,0,0,0,0
66364,66372,66368,23.7,-104.276,40.3724,28.6075,-53.255,607.042,2.16754,0.447667,24.0628,0.161254,0.000147627,0.619298,0.371579,0.557368,0.185789,0,0.371579,0.0619298,0,0,0,0,0,0,0,0
