api/data/B2SAP/Locations/Boulder/NOAA-POPS-B2SAP_GMLBalloon_20200930_R0.ict
61,1001
Thornberry, T. D.
NOAA Chemical Sciences Laboratory
Portable Optical Particle Spectrometer (POPS)
Balloon Baseline Stratospheric Aerosol Profiles (B2SAP)
1,1
2020,09,30,2024,05,30
0
TIME_START,s,Seconds since midnight UTC on flight start day,Start time of 100 m altitude bin in UTC_seconds_since_midnight
28
1.0,1.0,1.0,1.0,1.0,1.0,1.0,1.0,1.0,1.0,1.0,1.0,1.0,1.0,1.0,1.0,1.0,1.0,1.0,1.0,1.0,1.0,1.0,1.0,1.0,1.0,1.0,1.0
99999,99999,99999,99999,99999,99999,99999,99999,99999,99999,99999,99999,99999,99999,99999,99999,99999,99999,99999,99999,99999,99999,99999,99999,99999,99999,99999,99999
TIME_STOP,s,End time of 100 m altitude bin in UTC seconds since midnight,
TIME_MID,s,Mid time of 100 m altitude in UTC seconds since midnight,
GPSAlt,m,GPS reported altitude above sea level (m),
GPS_Lon,deg,GPS reported longitude,
GPS_Lat,deg,GPS reported latitude,
iMet_Pressure,mb,Pressure reported (mB),
iMet_Temperature,degrees C,Ambient temperature (oC),
THETA,K,Potential temperature from iMet,
Aerosol_concentration,cm^-3,Aerosol concentration,
Surface_Area_Conc,um^2 cm^-3,Surface area concentration,
Volume_density,um^3 cm^-3,Volume density,
Effective_radius,um,Effective radius,
Extinction,km^-1,Extinction,
Bin01,cm^-3,particle concentration in size range [140 - 170 nm],
Bin02,cm^-3,particle concentration in size range [170 - 205 nm],
Bin03,cm^-3,particle concentration in size range [205 - 249 nm],
Bin04,cm^-3,particle concentration in size range [249 - 302 nm],
Bin05,cm^-3,particle concentration in size range [302 - 366 nm],
Bin06,cm^-3,particle concentration in size range [366 - 443 nm],
Bin07,cm^-3,particle concentration in size range [443 - 537 nm],
Bin08,cm^-3,particle concentration in size range [537 - 651 nm],
Bin09,cm^-3,particle concentration in size range [651 - 789 nm],
Bin10,cm^-3,particle concentration in size range [789 - 956 nm],
Bin11,cm^-3,particle concentration in size range [956 - 1159 nm],
Bin12,cm^-3,particle concentration in size range [1159 - 1404 nm],
Bin13,cm^-3,particle concentration in size range [1404 - 1702 nm],
Bin14,cm^-3,particle concentration in size range [1702 - 2062 nm],
Bin15,cm^-3,particle concentration in size range [2062 - 2500 nm],
0
19
PI_CONTACT_INFO: 325 Broadway R/CSL6, Boulder, CO 80305; troy.thornberry@noaa.gov; 303-497-3373 
PLATFORM: GML ECC/FPH balloon
LOCATION: Boulder, CO, USA
ASSOCIATED_DATA: N/A
INSTRUMENT_INFO: Printed Optical Particle Spectrometer counts particles from 140 - 2500 nm in diameter 
DATA_INFO: Particle concentrations reported in number per cubic centimeter, binned to 100 m altitude
UNCERTAINTY: Counting uncertainty dominated by air flow, less than 5 percent
ULOD_FLAG: -77777
ULOD_VALUE: 3000 ~3000 per cm3 (varies depending on flow rate- manufacturer quotes 1250  per cm3 at 1.667 cc/s)
LLOD_FLAG: -88888
LLOD_VALUE: 0 0 (varies depending on data field and measurement precision)
DM_CONTACT_INFO: Troy Thornberry, 325 Broadway R/CSL6, Boulder, CO 80305; troy.thornberry@noaa.gov; 303-497-3373
PROJECT_INFO: B2SAP Boulder, CO, USA
STIPULATIONS_ON_USE: Please contact the PIs for questions regarding applications and uncertainties
OTHER_COMMENTS: POPS bin Edges (nm):  140, 170, 205, 249, 302, 366, 443, 537, 651, 789, 956, 1159, 1404, 1702, 2062, 2500
Calculations assume sulfate refractive index of 1.45+0.00j and extinction wavelength = 532 nm
REVISION: R0
R0: QA/QC data
TIME_START,TIME_STOP,TIME_MID,GPSAlt,GPS_Lon,GPS_Lat,iMet_Pressure,iMet_Temperature,THETA,Aerosol_concentration,Surface_Area_Conc,Volume_density,Effective_radius,Extinction,Bin01,Bin02,Bin03,Bin04,Bin05,Bin06,Bin07,Bin08,Bin09,Bin10,Bin11,Bin12,Bin13,Bin14,Bin15
[from data line 457]
68257,68292,68274,9.1,-104.309,39.2366,321.722,-32.9804,332.078,7.35732,2.55506,298.331,0.350283,0.00157771,2.61495,1.43305,0.94552,0.664818,0.295475,0.280701,0.413665,0.384117,0.147737,0.132964,0.0295475,0,0,0,0.0147737
68293,68326,68310,9,-104.305,39.2335,326.096,-32.1915,331.889,6.72269,2.09402,198.673,0.28463,0.00120813,2.30944,1.47108,0.869995,0.648542,0.284726,0.221453,0.300544,0.300544,0.221453,0.0316362,0.0474543,0.0158181,0,0,0
68327,68356,68342,8.9,-104.302,39.23,330.743,-31.9023,330.94,5.62357,1.42448,103.39,0.217742,0.000752453,1.91677,1.20392,0.887099,0.411867,0.285139,0.253457,0.316821,0.237616,0.0792053,0.0316821,0,0,0,0,0
68359,68387,68373,8.8,-104.299,39.2267,335.543,-31.1843,330.561,5.67762,1.47833,126.605,0.256923,0.000738621,2.07108,1.19623,0.767728,0.571333,0.232104,0.321375,0.232104,0.142833,0.0535624,0.0535624,0.0357083,0,0,0,0
68389,68418,68404,8.7,-104.296,39.2237,340.23,-30.2779,330.49,5.54007,1.36938,107.743,0.236041,0.000686895,1.92624,1.29552,0.784133,0.528437,0.255695,0.153417,0.323881,0.170464,0.0340927,0.0511391,0.0170464,0,0,0,0
68420,68450,68435,8.6,-104.293,39.2208,345.069,-29.3752,330.385,7.08866,2.02722,170.123,0.251758,0.00118058,2.71141,1.43545,0.726587,0.620258,0.336711,0.31899,0.354433,0.336711,0.159495,0.0708866,0.0177216,0,0,0,0
68451,68480,68466,8.5,-104.29,39.2178,349.986,-28.6961,329.967,8.81853,2.31666,188.574,0.244197,0.00120924,3.05733,1.90862,1.36078,0.724569,0.459483,0.282759,0.44181,0.388793,0.106034,0.0530172,0.0176724,0.0176724,0,0,0
68481,68510,68496,8.4,-104.287,39.2148,354.687,-28.2452,329.313,7.63807,2.15937,190.158,0.264186,0.00119879,2.92822,1.65815,0.846714,0.599756,0.335158,0.299878,0.370437,0.335158,0.194039,0.0176399,0.0529196,0,0,0,0
68512,68542,68527,8.3,-104.283,39.2116,359.65,-27.4952,329.015,6.68198,1.83343,151.609,0.248074,0.00104675,2.50777,1.4723,0.808957,0.501553,0.291224,0.226508,0.339762,0.339762,0.113254,0.0647165,0.0161791,0,0,0,0
68543,68573,68558,8.2,-104.279,39.2081,364.616,-26.6816,328.817,5.49887,1.47619,124.131,0.252266,0.000806022,2.20922,1.09655,0.757909,0.354766,0.22576,0.0967544,0.290263,0.354766,0.0806286,0,0.0322515,0,0,0,0
68574,68609,68592,8.1,-104.276,39.2043,369.86,-25.7814,328.677,5.122,1.50168,135.433,0.270563,0.00085061,1.93689,1.00431,0.774757,0.21521,0.258252,0.286947,0.301294,0.157821,0.0860841,0.0717368,0.0143474,0.0143474,0,0,0
68610,68643,68626,8,-104.272,39.2004,375.151,-24.9835,328.393,5.40519,1.562,137.436,0.263961,0.000935612,2.40231,0.985562,0.446583,0.384985,0.200192,0.246391,0.307988,0.215592,0.123195,0.076997,0,0.0153994,0,0,0
68645,68680,68662,7.9,-104.267,39.1967,380.114,-24.3061,328.057,4.83432,1.5499,142.369,0.27557,0.000941656,1.63996,1.0838,0.570421,0.385034,0.242429,0.171126,0.242429,0.27095,0.156866,0.0427816,0.0142605,0.0142605,0,0,0
68681,68716,68698,7.8,-104.263,39.193,385.519,-23.5985,327.668,6.77486,2.04167,170.959,0.251204,0.00118889,2.15028,1.34024,1.01623,0.486023,0.589119,0.235647,0.382927,0.324015,0.162008,0.0736398,0,0.014728,0,0,0
68717,68753,68735,7.7,-104.258,39.1894,390.852,-22.975,327.203,7.25581,2.10571,178.837,0.254788,0.00119267,2.48922,1.56238,1.01952,0.476659,0.383976,0.344254,0.397216,0.383976,0.0926837,0.0794432,0.0132405,0.0132405,0,0,0
68756,68787,68772,7.6,-104.253,39.1858,396.313,-22.2576,326.841,7.75481,2.10395,188.544,0.268843,0.00111855,3.02279,1.50348,1.12366,0.61722,0.379828,0.284871,0.300697,0.269045,0.142435,0.0633046,0.0158262,0.0158262,0.0158262,0,0
68788,68826,68807,7.5,-104.248,39.1825,401.419,-21.7863,326.254,7.46301,2.21027,200.975,0.272784,0.00125222,2.71622,1.62182,0.88343,0.646091,0.316453,0.290082,0.356009,0.38238,0.131855,0.0659276,0.0395566,0.0131855,0,0,0
68827,68862,68844,7.4,-104.243,39.1789,407.024,-21.0934,325.862,7.48971,1.86649,145.264,0.233482,0.000958206,2.61459,1.6205,1.11665,0.721736,0.422147,0.258735,0.299588,0.272353,0.0680883,0.0817059,0.0136177,0,0,0,0
68865,68899,68882,7.3,-104.237,39.1755,412.691,-20.3761,325.504,8.44002,2.27086,196.971,0.260216,0.00113547,2.96807,1.88494,1.1394,0.787735,0.323534,0.393868,0.436068,0.323534,0.0984669,0.0140667,0.0562668,0.0140667,0,0,0
68900,68935,68918,7.2,-104.232,39.1724,418.091,-19.9555,324.839,8.12233,1.90557,153.397,0.241497,0.000934503,3.09164,1.81701,1.19326,0.786469,0.284756,0.257636,0.338995,0.162718,0.0677991,0.0949187,0.0271196,0,0,0,0
68936,68970,68953,7.1,-104.226,39.169,423.784,-19.4264,324.258,8.53105,2.03822,156.626,0.230534,0.00106526,3.21317,1.95035,1.24879,0.729629,0.294658,0.280626,0.280626,0.280626,0.196439,0.042094,0.0140313,0,0,0,0
68973,69006,68990,7,-104.222,39.1656,429.441,-18.8057,323.819,9.22522,2.10565,173.261,0.246851,0.000980905,3.75168,1.91784,1.39988,0.755936,0.447962,0.279976,0.209982,0.279976,0.0699941,0.0699941,0.0139988,0.0139988,0.0139988,0,0
69007,69041,69024,6.9,-104.217,39.1622,435.187,-18.0215,323.589,9.93074,2.21951,172.668,0.233386,0.00098116,3.74936,2.2004,1.52001,0.897531,0.50667,0.289526,0.405336,0.202668,0.0579052,0.0579052,0.0144763,0.0289526,0,0,0
69044,69078,69061,6.8,-104.212,39.1587,440.952,-17.4162,323.142,10.7159,2.19693,151.703,0.207157,0.00092943,4.14937,2.52454,1.63826,0.778846,0.537135,0.322281,0.349138,0.281996,0.107427,0,0.0134284,0.0134284,0,0,0
69079,69113,69096,6.7,-104.206,39.1551,446.881,-16.8104,322.676,10.9053,2.10785,147.793,0.210347,0.000796001,4.32884,2.65003,1.54007,0.901841,0.610477,0.27749,0.319113,0.180368,0.027749,0.027749,0.0416234,0,0,0,0
69116,69151,69134,6.6,-104.2,39.1515,453.038,-16.1131,322.287,10.8481,1.70482,86.4221,0.152079,0.000507999,4.70841,2.5816,1.44463,0.949708,0.494918,0.2809,0.200643,0.17389,0.0133762,0,0,0,0,0,0
69152,69188,69170,6.5,-104.195,39.1483,459.098,-15.6303,321.666,12.6583,2.43299,163.844,0.202027,0.000965816,4.9672,2.97765,2.04296,1.08157,0.54746,0.293759,0.373875,0.226996,0.0801161,0.040058,0.0267054,0,0,0,0
69189,69223,69206,6.4,-104.189,39.1453,465.116,-15.1304,321.096,10.8419,2.41174,177.032,0.220213,0.0011102,4.36438,2.26506,1.53306,0.732,0.635321,0.441962,0.41434,0.276226,0.110491,0.041434,0.0138113,0.0138113,0,0,0
69225,69262,69244,6.3,-104.183,39.1418,471.299,-14.77,320.336,7.61866,1.97406,156.687,0.238119,0.00106966,3.05013,1.39853,0.958993,0.652648,0.39958,0.253068,0.439538,0.279706,0.0932354,0.0799161,0.0133193,0,0,0,0
69263,69298,69280,6.2,-104.176,39.1381,477.526,-14.0593,320.017,8.01094,2.25795,185.845,0.246921,0.00131293,2.90931,1.80625,0.882444,0.620469,0.399858,0.330917,0.372281,0.441222,0.15167,0.0827292,0.0137882,0,0,0,0
69301,69337,69319,6.1,-104.171,39.1343,483.835,-13.5719,319.416,8.64131,2.57213,236.148,0.275431,0.00149755,3.17055,1.79043,1.19362,0.671411,0.42274,0.261104,0.373006,0.38544,0.236237,0.0870348,0.0248671,0.0124335,0.0124335,0,0
69338,69373,69356,6,-104.165,39.1302,490.164,-13.066,318.847,7.43221,2.06827,176.703,0.256305,0.00112016,2.5968,1.68856,0.857071,0.66519,0.460516,0.307011,0.294218,0.345387,0.127921,0.0511684,0.0255842,0.0127921,0,0,0
69376,69410,69393,5.9,-104.16,39.1262,496.586,-12.5279,318.323,4.95768,1.18731,97.7888,0.247084,0.000589376,2.03596,1.13696,0.661025,0.330512,0.105764,0.198307,0.211528,0.171866,0.0661025,0.0132205,0.0132205,0.0132205,0,0,0
69411,69448,69430,5.8,-104.154,39.1224,503.277,-11.8158,317.977,3.94322,1.05523,98.8899,0.281142,0.000543858,1.67587,0.788644,0.455935,0.308064,0.160193,0.160193,0.172516,0.123226,0.0123226,0.0492903,0.0369677,0,0,0,0
69449,69485,69467,5.7,-104.149,39.1189,509.926,-10.8733,317.931,3.80202,1.0289,95.4358,0.278266,0.000561853,1.61491,0.775664,0.432337,0.2416,0.216169,0.178021,0.101726,0.101726,0.0508632,0.063579,0.0254316,0,0,0,0
69486,69523,69504,5.6,-104.144,39.1155,516.663,-9.96933,317.834,3.52377,1.02018,98.3689,0.289268,0.000546337,1.50297,0.60624,0.5052,0.18945,0.13893,0.10104,0.23997,0.13893,0.05052,0.01263,0.02526,0,0.01263,0,0
69524,69559,69542,5.5,-104.139,39.1121,523.297,-9.06379,317.759,3.58666,0.868154,65.6366,0.226814,0.000459684,1.44771,0.75646,0.404315,0.273891,0.195636,0.208679,0.065212,0.143466,0.0521696,0.0391272,0,0,0,0,0
69560,69595,69578,5.4,-104.134,39.1088,530.147,-8.14893,317.679,3.43463,0.711457,51.9579,0.219091,0.000363259,1.60914,0.81133,0.405665,0.175788,0.0405665,0.108177,0.108177,0.0946551,0.0540886,0.0270443,0,0,0,0,0
69597,69631,69614,5.3,-104.13,39.106,536.9,-7.26429,317.591,3.11131,0.615475,41.2133,0.200885,0.000276079,1.41423,0.72732,0.390598,0.107751,0.0673444,0.161627,0.161627,0.0538755,0,0.0269378,0,0,0,0,0
69633,69668,69650,5.2,-104.125,39.1032,544.013,-6.35536,317.483,3.1544,0.858715,86.6693,0.302787,0.000445034,1.50337,0.563765,0.322151,0.241614,0.107384,0.120807,0.107384,0.0939608,0.013423,0.0402689,0.0402689,0,0,0,0
69669,69700,69684,5.1,-104.12,39.1008,550.843,-5.67846,317.158,3.73867,0.896103,71.2586,0.238562,0.00044335,1.42357,0.920287,0.460143,0.301969,0.100656,0.172554,0.158174,0.143795,0.0143795,0.028759,0.0143795,0,0,0,0
69701,69733,69717,5,-104.116,39.0987,557.469,-4.895,316.994,6.02971,1.39605,111.134,0.238816,0.00063259,2.32696,1.29087,0.798299,0.543523,0.407642,0.220806,0.169851,0.152866,0.0679404,0.0169851,0.0339702,0,0,0,0
69734,69767,69750,4.9,-104.111,39.0963,564.842,-4.40167,316.391,46.9315,21.1283,1716.86,0.243777,0.0136058,8.20795,5.62742,4.64806,3.6998,4.39934,4.83461,9.63813,5.14552,0.575179,0.0777268,0.0621815,0,0.0155454,0,0
69768,69797,69782,4.8,-104.107,39.0939,571.634,-4.23429,315.512,115.525,54.6066,4450.13,0.244483,0.0358552,17.4899,12.551,11.5065,10.0726,9.96641,13.7901,24.0752,14.038,1.59321,0.336344,0.0885117,0.0177023,0,0,0
69798,69833,69816,4.7,-104.103,39.0919,579.714,-3.275,315.365,286.34,170.248,14601.1,0.25729,0.12081,24.1205,19.5698,18.7621,22.4431,26.3105,37.7883,78.1083,50.9435,7.20665,0.823173,0.20191,0.0310631,0.0155316,0.0155316,0
69834,69864,69849,4.6,-104.099,39.0905,586.253,-2.46444,315.3,340.132,207.016,17685,0.256284,0.147892,24.3512,21.4414,20.5747,26.291,32.3994,45.9577,97.0538,62.0542,8.66736,1.23819,0.103183,0,0,0,0
69868,69884,69876,4.5,-104.094,39.0893,593.076,-1.614,315.25,501.08,318.456,27567.3,0.259696,0.231291,34.8745,26.0446,27.3802,35.9133,44.9659,67.152,148.625,99.4295,14.766,1.70663,0.148402,0,0.0742011,0,0
69895,69918,69906,4.4,-104.09,39.0884,600.625,-0.7,315.168,756.052,492.096,42582.9,0.259601,0.358897,33.986,37.8026,43.6184,52.7055,73.4242,105.775,229.542,152.301,23.6266,3.27138,0,0,0,0,0
