api/data/B2SAP/Locations/Boulder/NOAA-POPS-B2SAP_GMLBalloon_20230411_R0.ict
61,1001
Thornberry, T. D.
NOAA Chemical Sciences Laboratory
Portable Optical Particle Spectrometer (POPS)
Balloon Baseline Stratospheric Aerosol Profiles (B2SAP)
1,1
2023,04,11,2024,05,28
0
TIME_START,s,Seconds since midnight UTC on flight start day,Start time of 100 m altitude bin in UTC_seconds_since_midnight
28
1.0,1.0,1.0,1.0,1.0,1.0,1.0,1.0,1.0,1.0,1.0,1.0,1.0,1.0,1.0,1.0,1.0,1.0,1.0,1.0,1.0,1.0,1.0,1.0,1.0,1.0,1.0,1.0
99999,99999,99999,99999,99999,99999,99999,99999,99999,99999,99999,99999,99999,99999,99999,99999,99999,99999,99999,99999,99999,99999,99999,99999,99999,99999,99999,99999
TIME_STOP,s,End time of 100 m altitude bin in UTC seconds since midnight,
TIME_MID,s,Mid time of 100 m altitude in UTC seconds since midnight,
GPSAlt,m,GPS reported altitude above sea level (m),
GPS_Lon,deg,GPS reported longitude,
GPS_Lat,deg,GPS reported latitude,
iMet_Pressure,mb,Pressure reported (mB),
iMet_Temperature,degrees C,Ambient temperature (oC),
THETA,K,Potential temperature from iMet,
Aerosol_concentration,cm^-3,Aerosol concentration,
Surface_Area_Conc,um^2 cm^-3,Surface area concentration,
Volume_density,um^3 cm^-3,Volume density,
Effective_radius,um,Effective radius,
Extinction,km^-1,Extinction,
Bin01,cm^-3,particle concentration in size range [140 - 170 nm],
Bin02,cm^-3,particle concentration in size range [170 - 205 nm],
Bin03,cm^-3,particle concentration in size range [205 - 249 nm],
Bin04,cm^-3,particle concentration in size range [249 - 302 nm],
Bin05,cm^-3,particle concentration in size range [302 - 366 nm],
Bin06,cm^-3,particle concentration in size range [366 - 443 nm],
Bin07,cm^-3,particle concentration in size range [443 - 537 nm],
Bin08,cm^-3,particle concentration in size range [537 - 651 nm],
Bin09,cm^-3,particle concentration in size range [651 - 789 nm],
Bin10,cm^-3,particle concentration in size range [789 - 956 nm],
Bin11,cm^-3,particle concentration in size range [956 - 1159 nm],
Bin12,cm^-3,particle concentration in size range [1159 - 1404 nm],
Bin13,cm^-3,particle concentration in size range [1404 - 1702 nm],
Bin14,cm^-3,particle concentration in size range [1702 - 2062 nm],
Bin15,cm^-3,particle concentration in size range [2062 - 2500 nm],
0
19
PI_CONTACT_INFO: 325 Broadway R/CSL6, Boulder, CO 80305; troy.thornberry@noaa.gov; 303-497-3373 
PLATFORM: GML ECC/FPH balloon
LOCATION: Boulder, CO, USA
ASSOCIATED_DATA: N/A
INSTRUMENT_INFO: Printed Optical Particle Spectrometer counts particles from 140 - 2500 nm in diameter 
DATA_INFO: Particle concentrations reported in number per cubic centimeter, binned to 100 m altitude
UNCERTAINTY: Counting uncertainty dominated by air flow, less than 5 percent
ULOD_FLAG: -77777
ULOD_VALUE: 3000 ~3000 per cm3 (varies depending on flow rate- manufacturer quotes 1250  per cm3 at 1.667 cc/s)
LLOD_FLAG: -88888
LLOD_VALUE: 0 0 (varies depending on data field and measurement precision)
DM_CONTACT_INFO: Troy Thornberry, 325 Broadway R/CSL6, Boulder, CO 80305; troy.thornberry@noaa.gov; 303-497-3373
PROJECT_INFO: B2SAP Boulder, CO, USA
STIPULATIONS_ON_USE: Please contact the PIs for questions regarding applications and uncertainties
OTHER_COMMENTS: POPS bin Edges (nm):  140, 170, 205, 249, 302, 366, 443, 537, 651, 789, 956, 1159, 1404, 1702, 2062, 2500
Calculations assume sulfate refractive index of 1.45+0.00j and extinction wavelength = 532 nm
REVISION: R0
R0: QA/QC data
TIME_START,TIME_STOP,TIME_MID,GPSAlt,GPS_Lon,GPS_Lat,iMet_Pressure,iMet_Temperature,THETA,Aerosol_concentration,Surface_Area_Conc,Volume_density,Effective_radius,Extinction,Bin01,Bin02,Bin03,Bin04,Bin05,Bin06,Bin07,Bin08,Bin09,Bin10,Bin11,Bin12,Bin13,Bin14,Bin15
[from data line 228]
76186,76211,76198,24.5,-104.999,40.1323,25.9425,-52.4429,626.558,1.6308,0.328494,18.3361,0.167456,0.000119172,0.505674,0.391898,0.227553,0.176986,0.151702,0.0632093,0.088493,0.0252837,0,0,0,0,0,0,0
76211,76235,76223,24.6,-105,40.1323,25.5227,-52.795,628.467,1.95233,0.427939,24.576,0.172286,0.000160582,0.529919,0.432302,0.320741,0.153398,0.251014,0.167343,0.0418357,0.055781,0,0,0,0,0,0,0
76236,76259,76248,24.7,-105.001,40.132,25.1491,-52.7823,631.171,1.75085,0.4696,31.2899,0.199893,0.000222911,0.465952,0.254156,0.268275,0.225916,0.240036,0.141198,0.056479,0.0705988,0.0282395,0,0,0,0,0,0
76260,76285,76272,24.8,-105.003,40.1324,24.7357,-52.8113,634.074,1.82723,0.411736,23.9281,0.174346,0.000162273,0.559078,0.354537,0.272721,0.149997,0.204541,0.122724,0.149997,0.0136361,0,0,0,0,0,0,0
76286,76310,76298,24.9,-105.004,40.1334,24.3139,-53.4717,635.298,1.77676,0.368913,22.1362,0.180012,0.000151789,0.671532,0.363746,0.209854,0.153893,0.195863,0.055961,0.0419707,0.0839414,0,0,0,0,0,0,0
76311,76334,76322,25,-105.004,40.1348,23.9217,-53.6617,637.696,1.53711,0.322157,18.531,0.172565,0.000122756,0.43716,0.423058,0.197427,0.126917,0.169223,0.0846116,0.0564078,0.0423058,0,0,0,0,0,0,0
76335,76360,76348,25.1,-105.004,40.1361,23.5286,-53.3168,641.729,1.80606,0.365469,20.46,0.167948,0.000132776,0.556868,0.466565,0.180606,0.255858,0.135454,0.090303,0.090303,0.030101,0,0,0,0,0,0,0
76363,76386,76374,25.2,-105.004,40.1371,23.1513,-53.3396,644.637,1.3651,0.304097,18.4084,0.181604,0.00012666,0.392103,0.24688,0.290447,0.188791,0.0580894,0.0726118,0.0580894,0.0580894,0,0,0,0,0,0,0
76387,76411,76399,25.3,-105.004,40.1381,22.7968,-53.4232,647.232,1.23356,0.204224,9.66694,0.142005,5.02045e-05,0.478003,0.215872,0.138775,0.215872,0.138775,0.0308389,0,0.0154195,0,0,0,0,0,0,0
76412,76434,76423,25.4,-105.005,40.1391,22.4229,-53.591,649.812,1.18044,0.166602,7.23946,0.130361,3.49252e-05,0.557428,0.229529,0.163949,0.0983696,0.0819747,0.0327899,0.0163949,0,0,0,0,0,0,0,0
76437,76461,76449,25.5,-105.005,40.1397,22.0387,-54.0152,651.754,1.31962,0.189567,8.60943,0.136249,4.53056e-05,0.682564,0.273026,0.0910086,0.0910086,0.121345,0.0303362,0.0303362,0,0,0,0,0,0,0,0
76462,76484,76473,25.6,-105.006,40.1398,21.7186,-54.5576,652.874,1.3588,0.195875,8.10118,0.124077,3.37727e-05,0.4816,0.344,0.1892,0.2408,0.0516,0.0516,0,0,0,0,0,0,0,0,0
76486,76509,76498,25.7,-105.008,40.1398,21.3664,-54.5173,656.049,1.26456,0.21336,10.2601,0.144265,5.62037e-05,0.469694,0.325173,0.144521,0.0722606,0.144521,0.0903258,0.0180652,0,0,0,0,0,0,0,0
69821,83840,76830,1.8,-104.804,40.3318,816.181,23.9456,314.847,264.381,38.0983,2508.01,0.19749,0.00930705,121.411,71.4743,36.0011,16.0263,11.1487,3.86405,2.93499,0.67568,0.12669,0.21115,0.12669,0.147805,0.063345,0.12669,0.04223
70008,83856,76932,1.7,-104.888,40.2499,823.746,25.4181,315.576,243.118,34.3023,2230.11,0.195041,0.0079281,111.784,63.5125,35.2588,15.2201,10.2953,3.18411,2.67466,0.65805,0.148592,0.0424549,0.0849097,0.106137,0.0212274,0.0212274,0.106137
77984,77989,77986,23.6,-105.069,40.1373,30.0833,-54.0133,596.317,1.14385,0.102394,3.00112,0.0879288,5.55499e-06,0.76257,0.190642,0.190642,0,0,0,0,0,0,0,0,0,0,0,0
77990,78005,77998,23.5,-105.07,40.1372,30.4587,-52.6031,598.043,0.920351,0.0975993,3.12069,0.0959235,6.98531e-06,0.318583,0.389379,0.176991,0.0353981,0,0,0,0,0,0,0,0,0,0,0
78006,78020,78013,23.4,-105.071,40.1368,30.959,-53.512,592.798,1.13509,0.110674,3.39585,0.0920498,6.94698e-06,0.624298,0.227018,0.283772,0,0,0,0,0,0,0,0,0,0,0,0
78021,78036,78028,23.3,-105.072,40.1365,31.4453,-54.0787,588.657,1.35474,0.132685,4.07991,0.0922466,8.44525e-06,0.639737,0.489211,0.188158,0.0376316,0,0,0,0,0,0,0,0,0,0,0
78037,78051,78044,23.2,-105.073,40.1365,31.964,-55.574,581.899,1.1746,0.128705,4.27969,0.0997559,1.07101e-05,0.530463,0.303122,0.227341,0.113671,0,0,0,0,0,0,0,0,0,0,0
78053,78069,78061,23.1,-105.074,40.1368,32.5162,-55.1762,580.131,1.04735,0.112685,3.67018,0.097711,8.63859e-06,0.480036,0.218198,0.305478,0.0436397,0,0,0,0,0,0,0,0,0,0,0
78070,78085,78078,23,-105.075,40.1373,33.0394,-55.8462,575.705,1.48632,0.166788,5.62312,0.101142,1.45485e-05,0.530829,0.636995,0.106166,0.212332,0,0,0,0,0,0,0,0,0,0,0
78088,78101,78094,22.9,-105.075,40.1376,33.6243,-54.8186,575.543,0.983372,0.120879,4.57871,0.113636,1.73811e-05,0.472018,0.236009,0.157339,0,0.118005,0,0,0,0,0,0,0,0,0,0
78102,78117,78110,22.8,-105.076,40.138,34.1633,-53.7687,575.684,0.831061,0.0896097,2.89603,0.0969548,6.64471e-06,0.289065,0.325198,0.180665,0.0361331,0,0,0,0,0,0,0,0,0,0,0
78118,78133,78126,22.7,-105.077,40.1384,34.6869,-54.3675,571.626,0.747285,0.0994135,3.83774,0.115812,1.4173e-05,0.27174,0.237772,0.067935,0.101902,0.067935,0,0,0,0,0,0,0,0,0,0
78135,78150,78142,22.6,-105.078,40.1389,35.286,-57.676,560.237,1.14044,0.132051,5.05553,0.114854,2.00262e-05,0.662189,0.257518,0.0735766,0.0735766,0.0367883,0.0367883,0,0,0,0,0,0,0,0,0
78151,78167,78159,22.5,-105.079,40.1395,35.8631,-56.2075,561.439,1.55708,0.19458,7.83118,0.12074,3.35967e-05,0.846238,0.304646,0.203097,0.0676991,0.0676991,0.0676991,0,0,0,0,0,0,0,0,0
78168,78185,78176,22.4,-105.08,40.14,36.525,-57.6144,554.897,1.49549,0.172691,5.91158,0.102696,1.62283e-05,0.543816,0.44185,0.407862,0.067977,0.0339885,0,0,0,0,0,0,0,0,0,0
78186,78202,78194,22.3,-105.081,40.1404,37.1075,-56.4113,555.47,1.22451,0.157337,6.04345,0.115233,2.28234e-05,0.496422,0.397137,0.0992843,0.0992843,0.132379,0,0,0,0,0,0,0,0,0,0
78203,78220,78212,22.2,-105.082,40.1406,37.7147,-58.0318,548.776,1.47477,0.187056,6.96348,0.11168,2.36992e-05,0.596184,0.345159,0.282403,0.15689,0.0941343,0,0,0,0,0,0,0,0,0,0
78221,78237,78229,22.1,-105.083,40.1406,38.3464,-55.3227,553.047,1.19869,0.160522,6.08489,0.113721,2.13283e-05,0.335633,0.38358,0.287685,0.0958951,0.0958951,0,0,0,0,0,0,0,0,0,0
78238,78254,78246,22,-105.084,40.1408,38.9343,-56.9821,546.459,1.66471,0.21321,8.47074,0.119189,3.44839e-05,0.87019,0.340509,0.113503,0.189172,0.113503,0.0378344,0,0,0,0,0,0,0,0,0
78255,78271,78263,21.9,-105.084,40.141,39.5914,-56.195,545.826,1.59597,0.240893,10.2636,0.127819,4.63719e-05,0.296924,0.556733,0.445386,0.185578,0.0742311,0,0.0371155,0,0,0,0,0,0,0,0
78273,78289,78281,21.8,-105.085,40.1411,40.2753,-56.0633,543.493,2.23785,0.250636,8.98064,0.107494,2.96614e-05,1.18674,0.576416,0.169534,0.237348,0.0339068,0.0339068,0,0,0,0,0,0,0,0,0
78290,78307,78298,21.7,-105.085,40.1409,40.9194,-56.4675,540.033,2.13374,0.275085,10.5574,0.115136,3.9241e-05,0.82802,0.573245,0.41401,0.159235,0.127388,0.0318469,0,0,0,0,0,0,0,0,0
78308,78324,78316,21.6,-105.085,40.1406,41.57,-56.5087,537.495,1.73355,0.225517,8.89477,0.118325,3.56077e-05,0.713814,0.543858,0.169956,0.135965,0.135965,0.0339911,0,0,0,0,0,0,0,0,0
78325,78342,78334,21.5,-105.085,40.1405,42.2731,-57.0756,533.535,2.26903,0.346905,16.063,0.138911,8.53924e-05,0.913916,0.598773,0.252115,0.2206,0.157572,0.0630287,0.0630287,0,0,0,0,0,0,0,0
78344,78359,78352,21.4,-105.086,40.1405,42.9564,-57.1643,530.863,2.07539,0.326863,14.7331,0.135222,7.2919e-05,0.703522,0.492466,0.351761,0.281409,0.140704,0.0703522,0.0351761,0,0,0,0,0,0,0,0
78361,78377,78369,21.3,-105.086,40.1404,43.6313,-56.7747,529.468,2.26828,0.373988,18.0503,0.144793,0.000101032,0.788966,0.558851,0.361609,0.262989,0.164368,0.0328736,0.0986207,0,0,0,0,0,0,0,0
78378,78395,78386,21.2,-105.087,40.1402,44.3653,-56.934,526.56,2.91634,0.494985,23.4579,0.142173,0.000123727,1.04857,0.524287,0.557055,0.327679,0.196607,0.229375,0.0327679,0,0,0,0,0,0,0,0
78397,78413,78405,21.1,-105.087,40.1402,45.0847,-56.6993,524.713,3.60428,0.733238,39.8315,0.162968,0.000248865,1.2339,0.68189,0.389652,0.454594,0.389652,0.292239,0.129884,0.032471,0,0,0,0,0,0,0
78414,78431,78422,21,-105.088,40.1401,45.8844,-56.2719,523.121,2.45228,0.418168,20.2704,0.145423,0.00011019,0.598116,0.628022,0.71774,0.179435,0.179435,0.0897175,0.0299058,0.0299058,0,0,0,0,0,0,0
78432,78448,78440,20.9,-105.088,40.1397,46.606,-56.5933,520.013,2.64045,0.517745,27.1127,0.1571,0.000160846,0.731692,0.540816,0.445378,0.413565,0.254502,0.159064,0.0636254,0.0318127,0,0,0,0,0,0,0
78450,78468,78459,20.8,-105.088,40.139,47.3663,-57.5256,515.397,2.24142,0.461901,25.5128,0.165703,0.000165405,0.836797,0.328742,0.239085,0.358627,0.209199,0.0896568,0.179314,0,0,0,0,0,0,0,0
78469,78487,78478,20.7,-105.088,40.1384,48.1688,-58.4635,510.688,2.84929,0.702599,44.1541,0.188532,0.000310218,0.789901,0.592426,0.394951,0.253897,0.310318,0.225686,0.225686,0.0282108,0.0282108,0,0,0,0,0,0
78489,78507,78498,20.6,-105.087,40.1386,48.9835,-59.7388,505.233,2.5448,0.502501,27.2682,0.162795,0.000172407,0.691521,0.608539,0.525556,0.221287,0.248948,0.0829826,0.138304,0.0276609,0,0,0,0,0,0,0
78508,78527,78518,20.5,-105.086,40.1392,49.7947,-60.1653,501.863,2.7903,0.723713,45.3321,0.187915,0.00032425,0.580162,0.607789,0.414401,0.414401,0.276268,0.138134,0.276268,0.0828803,0,0,0,0,0,0,0
78528,78545,78536,20.4,-105.085,40.1399,50.6443,-59.7043,500.519,2.62623,0.555033,31.5353,0.170451,0.000208077,0.731355,0.698111,0.299191,0.365677,0.166217,0.166217,0.166217,0.0332434,0,0,0,0,0,0,0
78547,78566,78556,20.3,-105.085,40.1404,51.4567,-60.1167,497.297,2.87007,0.714456,45.3079,0.190248,0.000320745,0.736566,0.660369,0.355583,0.355583,0.253988,0.20319,0.228589,0.0507976,0.0253988,0,0,0,0,0,0
78567,78585,78576,20.2,-105.085,40.1407,52.2735,-60.0547,495.194,3.21584,0.75363,45.6552,0.181741,0.000312888,0.696766,0.80396,0.61637,0.321584,0.267987,0.267987,0.107195,0.133993,0,0,0,0,0,0,0
78586,78605,78596,20.1,-105.085,40.1409,53.1611,-60.5061,491.783,3.45516,0.806037,50.5185,0.188025,0.000351037,0.940006,0.787573,0.533517,0.381084,0.330273,0.203245,0.127028,0.127028,0.0254056,0,0,0,0,0,0
78606,78625,78616,20,-105.084,40.1415,54.0528,-60.8694,488.612,2.76233,0.812306,56.8104,0.209812,0.000431996,0.684246,0.608219,0.354794,0.253424,0.177397,0.253424,0.253424,0.152055,0.0253424,0,0,0,0,0,0
78626,78645,78636,19.9,-105.085,40.1424,54.9311,-61.0167,486.026,3.36462,0.835783,52.9431,0.190037,0.00037288,0.834831,0.657746,0.505958,0.531256,0.328873,0.151788,0.227681,0.101192,0.0252979,0,0,0,0,0,0
78646,78665,78656,19.8,-105.085,40.1429,55.8416,-61.0595,483.66,3.38993,0.997443,70.5342,0.212145,0.000530284,0.883293,0.596819,0.42971,0.358092,0.453583,0.214855,0.167109,0.238728,0.0477456,0,0,0,0,0,0
78666,78685,78676,19.7,-105.085,40.143,56.7994,-60.8982,481.671,3.45237,0.958755,63.7153,0.199369,0.000464247,0.790619,0.606141,0.632495,0.342601,0.342601,0.342601,0.210832,0.158124,0.026354,0,0,0,0,0,0
78686,78705,78696,19.6,-105.085,40.1431,57.7237,-61.0084,479.215,3.72469,1.41265,136.791,0.290499,0.000835146,0.931172,0.65182,0.465586,0.465586,0.372469,0.162955,0.302631,0.186234,0.116396,0.0232793,0.0465586,0,0,0,0
78706,78725,78716,19.5,-105.085,40.1433,58.7183,-60.8556,477.218,3.18761,1.0048,85.3091,0.254704,0.000612416,0.956283,0.662042,0.367801,0.343281,0.294241,0.0980803,0.171641,0.171641,0.0490401,0.0735602,0,0,0,0,0
78726,78745,78736,19.4,-105.085,40.1435,59.6771,-61.6841,473.164,3.23441,1.05256,78.9954,0.225152,0.000613958,0.905635,0.414005,0.43988,0.414005,0.284628,0.181127,0.284628,0.232878,0.0776259,0,0,0,0,0,0
78746,78765,78756,19.3,-105.084,40.1436,60.6595,-61.5105,471.351,3.03172,1.08562,96.3738,0.266318,0.000608407,0.757929,0.505286,0.413416,0.206708,0.367481,0.298578,0.229676,0.160773,0.0459351,0.0229676,0,0.0229676,0,0,0
78766,78786,78776,19.2,-105.082,40.1438,61.6915,-61.813,468.407,3.29193,1.04376,83.2754,0.239353,0.000612833,0.981038,0.588623,0.348813,0.348813,0.305212,0.218008,0.239809,0.152606,0.0654025,0.0436017,0,0,0,0,0
78787,78808,78798,19.1,-105.081,40.1439,62.7291,-62.1727,465.396,4.2706,1.41164,123.591,0.262653,0.000838577,1.21457,0.979494,0.430978,0.372208,0.372208,0.274258,0.215489,0.195899,0.176309,0.0195899,0,0.0195899,0,0,0
78809,78828,78818,19,-105.08,40.1438,63.7511,-62.81,461.843,4.22677,0.990226,63.5781,0.192617,0.000454263,1.48898,0.792519,0.552362,0.384252,0.360236,0.264173,0.16811,0.192126,0.0240157,0,0,0,0,0,0
78829,78851,78840,18.9,-105.078,40.1437,64.8659,-62.59,460.048,3.52221,0.924615,64.9048,0.21059,0.000460313,0.976263,0.746554,0.478561,0.421133,0.306279,0.248851,0.133997,0.153139,0.0382848,0.0191424,0,0,0,0,0
78852,78872,78862,18.8,-105.076,40.144,65.9405,-63.6815,455.522,3.96379,1.13394,85.3586,0.225829,0.000624733,1.22287,0.822275,0.337344,0.463847,0.358428,0.337344,0.10542,0.189756,0.10542,0.021084,0,0,0,0,0
78873,78894,78884,18.7,-105.075,40.1445,67.0005,-65.0857,450.404,3.659,1.0782,102.979,0.28653,0.000544328,1.33422,0.545818,0.566034,0.343663,0.343663,0.202155,0.101077,0.101077,0.040431,0.040431,0.0202155,0.0202155,0,0,0
78895,78916,78906,18.6,-105.074,40.1446,68.141,-65.209,447.979,3.25663,0.801438,58.0219,0.217192,0.000414773,1.17319,0.768644,0.40455,0.16182,0.222502,0.202275,0.16182,0.0809099,0.0606825,0.0202275,0,0,0,0,0
78917,78938,78928,18.5,-105.073,40.1446,69.2719,-64.8548,446.629,3.64005,0.983509,72.7797,0.222,0.000544091,1.26698,0.623433,0.462547,0.402215,0.321772,0.120664,0.180997,0.120664,0.140775,0,0,0,0,0,0
78939,78961,78950,18.4,-105.071,40.1442,70.4758,-64.8642,444.419,3.90827,1.22686,130.193,0.318357,0.000626948,1.31739,0.966088,0.461087,0.285435,0.307392,0.175652,0.153696,0.0878262,0.0439131,0.0439131,0.0219565,0.0439131,0,0,0
78962,78983,78972,18.3,-105.068,40.1439,71.7157,-65.7081,440.423,3.28154,0.724515,48.3783,0.20032,0.000343061,1.36731,0.566456,0.390659,0.351593,0.19533,0.136731,0.136731,0.0585989,0.0781318,0,0,0,0,0,0
78984,79006,78995,18.2,-105.065,40.1442,72.9122,-66.7317,436.174,2.91556,0.649658,41.3732,0.191054,0.000292443,1.12804,0.659472,0.260318,0.208254,0.173545,0.242963,0.156191,0.0520636,0.0347091,0,0,0,0,0,0
79007,79028,79018,18.1,-105.063,40.1451,74.2744,-63.5381,440.595,3.44388,0.986777,93.2446,0.283482,0.000548171,1.44743,0.673803,0.374335,0.249557,0.149734,0.199645,0.074867,0.149734,0.0499113,0.0499113,0,0.0249557,0,0,0
79029,79051,79040,18,-105.062,40.1464,75.3835,-65.9883,433.598,3.38397,0.681284,56.5662,0.249087,0.000283734,1.47281,0.94681,0.315603,0.192869,0.227936,0.0876676,0.035067,0.035067,0.0175335,0.035067,0,0.0175335,0,0,0
79052,79073,79062,17.9,-105.06,40.148,76.6564,-65.2859,432.992,3.20378,0.834807,66.8544,0.240251,0.00041568,1.27077,0.572743,0.357964,0.232677,0.268473,0.178982,0.107389,0.161084,0.0357964,0,0.0178982,0,0,0,0
79074,79095,79084,17.8,-105.059,40.1495,77.9624,-63.9205,433.747,3.31001,0.705598,45.798,0.19472,0.000303342,1.30169,0.539271,0.539271,0.33472,0.16736,0.223147,0.0929778,0.0743823,0.0185956,0.0185956,0,0,0,0,0
79096,79117,79106,17.7,-105.058,40.1508,79.2468,-63.6832,432.203,3.52497,0.645705,38.3448,0.178153,0.000250396,1.44667,0.876149,0.346385,0.36676,0.203756,0.0815023,0.142629,0,0.0611267,0,0,0,0,0,0
79118,79140,79129,17.6,-105.057,40.1517,80.5478,-63.703,430.165,3.79566,1.04735,100.948,0.289154,0.000559715,1.44437,0.957313,0.369489,0.26872,0.335899,0.10077,0.0671799,0.0839749,0.0839749,0.0503849,0.016795,0.016795,0,0,0
79141,79163,79152,17.5,-105.056,40.1522,81.9048,-64.6148,426.252,3.71525,1.09094,112.287,0.308781,0.000551779,1.39532,0.79012,0.453899,0.31941,0.235355,0.218544,0.0840554,0.0672443,0.0672443,0.0336221,0.0336221,0,0.0168111,0,0
79164,79187,79176,17.4,-105.054,40.1529,83.2836,-64.7764,423.889,3.24367,0.792924,64.8064,0.245193,0.000442646,1.41257,0.715003,0.331343,0.244147,0.104635,0.139513,0.0871955,0.122074,0.0174391,0.0697564,0,0,0,0,0
79188,79210,79199,17.3,-105.052,40.1534,84.7382,-64.4918,422.381,2.68824,0.611262,51.787,0.254165,0.000273342,1.2235,0.379111,0.413576,0.327414,0.0689293,0.0861617,0.0689293,0.0689293,0.0172323,0.0172323,0,0.0172323,0,0,0
79211,79234,79222,17.2,-105.05,40.1539,86.1074,-64.3957,420.639,2.9132,0.598338,47.9285,0.240308,0.000272771,1.46474,0.60217,0.325497,0.130199,0.130199,0.0325497,0.113924,0.0488246,0.0488246,0,0.0162749,0,0,0,0
79235,79258,79246,17.1,-105.048,40.1543,87.5673,-64.23,418.956,3.06094,0.641187,61.8938,0.28959,0.000256164,1.6482,0.50455,0.437277,0.117728,0.117728,0.0672734,0.0840917,0.0168183,0.0336367,0,0.0168183,0,0.0168183,0,0
