api/data/B2SAP/Locations/Boulder/NOAA-POPS-B2SAP_GMLBalloon_20240221_R0.ict
82,1001
Thornberry, T. D.
NOAA Chemical Sciences Laboratory
Portable Optical Particle Spectrometer (POPS)
Balloon Baseline Stratospheric Aerosol Profiles (B2SAP)
1,1
2024,02,21,2024,05,28
0
TIME_START,s,Seconds since midnight UTC on flight start day,Start time of 100 m altitude bin in UTC_seconds_since_midnight
49
1.0,1.0,1.0,1.0,1.0,1.0,1.0,1.0,1.0,1.0,1.0,1.0,1.0,1.0,1.0,1.0,1.0,1.0,1.0,1.0,1.0,1.0,1.0,1.0,1.0,1.0,1.0,1.0,1.0,1.0,1.0,1.0,1.0,1.0,1.0,1.0,1.0,1.0,1.0,1.0,1.0,1.0,1.0,1.0,1.0,1.0,1.0,1.0,1.0
99999,99999,99999,99999,99999,99999,99999,99999,99999,99999,99999,99999,99999,99999,99999,99999,99999,99999,99999,99999,99999,99999,99999,99999,99999,99999,99999,99999,99999,99999,99999,99999,99999,99999,99999,99999,99999,99999,99999,99999,99999,99999,99999,99999,99999,99999,99999,99999,99999
TIME_STOP,s,End time of 100 m altitude bin in UTC seconds since midnight,
TIME_MID,s,Mid time of 100 m altitude in UTC seconds since midnight,
GPSAlt,km,GPS reported altitude above sea level (km),
GPS_Lon,deg,GPS reported longitude,
GPS_Lat,deg,GPS reported latitude,
iMet_Pressure,hPa,Pressure reported (hPa),
iMet_Temperature,degrees C,Ambient temperature (oC),
THETA,K,Potential temperature from iMet,
Aerosol_concentration,cm^-3,Aerosol concentration,
Surface_Area_Conc,um^2 cm^-3,Surface area concentration,
Volume_density,um^3 cm^-3,Volume density,
Effective_radius,um,Effective radius,
Extinction,km^-1,Extinction,
Bin01,cm^-3,particle concentration in size range [140 - 146.14 nm],
Bin02,cm^-3,particle concentration in size range [146.14 - 152.56 nm],
Bin03,cm^-3,particle concentration in size range [152.56 - 159.25 nm],
Bin04,cm^-3,particle concentration in size range [159.25 - 166.24 nm],
Bin05,cm^-3,particle concentration in size range [166.24 - 173.54 nm],
Bin06,cm^-3,particle concentration in size range [173.54 - 181.16 nm],
Bin07,cm^-3,particle concentration in size range [181.16 - 189.11 nm],
Bin08,cm^-3,particle concentration in size range [189.11 - 197.41 nm],
Bin09,cm^-3,particle concentration in size range [197.41 - 206.07 nm],
Bin10,cm^-3,particle concentration in size range [206.07 - 215.12 nm],
Bin11,cm^-3,particle concentration in size range [215.12 - 224.56 nm],
Bin12,cm^-3,particle concentration in size range [224.56 - 234.41 nm],
Bin13,cm^-3,particle concentration in size range [234.41 - 244.70 nm],
Bin14,cm^-3,particle concentration in size range [244.70 - 361.30 nm],
Bin15,cm^-3,particle concentration in size range [361.30 - 472.80 nm],
Bin16,cm^-3,particle concentration in size range [472.80 - 567.00 nm],
Bin17,cm^-3,particle concentration in size range [567.00 - 610.66 nm],
Bin18,cm^-3,particle concentration in size range [610.66 - 657.69 nm],
Bin19,cm^-3,particle concentration in size range [657.69 - 708.33 nm],
Bin20,cm^-3,particle concentration in size range [708.33 - 762.88 nm],
Bin21,cm^-3,particle concentration in size range [762.88 - 821.62 nm],
Bin22,cm^-3,particle concentration in size range [821.62 - 884.89 nm],
Bin23,cm^-3,particle concentration in size range [884.89 - 953.03 nm],
Bin24,cm^-3,particle concentration in size range [953.03 - 1026.42 nm],
Bin25,cm^-3,particle concentration in size range [1026.42 - 1105.46 nm],
Bin26,cm^-3,particle concentration in size range [1105.46 - 1190.59 nm]],
[...]
LOCATION: Boulder, CO, USA
ASSOCIATED_DATA: N/A
INSTRUMENT_INFO: Printed Optical Particle Spectrometer counts particles from 140 - 2500 nm in diameter 
DATA_INFO: Particle concentrations reported in number per cubic centimeter, binned to 100 m altitude
UNCERTAINTY: Counting uncertainty dominated by air flow, less than 5 percent
ULOD_FLAG: -77777
ULOD_VALUE: 3000 ~3000 per cm3 (varies depending on flow rate- manufacturer quotes 1250  per cm3 at 1.667 cc/s)
LLOD_FLAG: -88888
LLOD_VALUE: 0 0 (varies depending on data field and measurement precision)
DM_CONTACT_INFO: Troy Thornberry, 325 Broadway R/CSL6, Boulder, CO 80305; troy.thornberry@noaa.gov; 303-497-3373
PROJECT_INFO: B2SAP Boulder, CO, USA
STIPULATIONS_ON_USE: Please contact the PIs for questions regarding applications and uncertainties
OTHER_COMMENTS: POPS bin Edges (nm):  140, 146.14, 152.56, 159.25, 166.24, 173.54, 181.16, 189.11, 197.41, 206.07, 215.12, 224.56, 234.41, 244.70, 361.30, 472.80, 567.00, 610.66, 657.69, 708.33, 762.88, 821.62, 884.89, 953.03, 1026.42, 1105.46, 1190.59, 1282.27, 1381.01, 1487.36, 1601.89, 1725.25, 1858.10, 2001.18, 2155.28, 2321.25, 2500
Calculations assume sulfate refractive index of 1.45+0.00j and extinction wavelength = 532 nm
REVISION: R0
R0: QA/QC data
TIME_START,TIME_STOP,TIME_MID,GPSAlt,GPS_Lon,GPS_Lat,iMet_Pressure,iMet_Temperature,THETA,Aerosol_concentration,Surface_Area_Conc,Volume_density,Effective_radius,Extinction,Bin01,Bin02,Bin03,Bin04,Bin05,Bin06,Bin07,Bin08,Bin09,Bin10,Bin11,Bin12,Bin13,Bin14,Bin15,Bin16,Bin17,Bin18,Bin19,Bin20,Bin21,Bin22,Bin23,Bin24,Bin25,Bin26,Bin27,Bin28,Bin29,Bin30,Bin31,Bin32,Bin33,Bin34,Bin35,Bin36
57463,58085,57774,1.8,-105.197,39.9491,821.881,7.59436,296.928,285.774,40.6737,1820.54,0.134279,0.00881529,28.8903,32.2971,28.6489,25.0812,22.363,19.752,17.9995,15.5852,13.8505,11.4274,10.2918,9.06679,7.73449,32.002,7.26058,2.72719,0.286131,0.16989,0.125182,0.0268248,0.044708,0.0625912,0.0804744,0,0,0,0,0,0,0,0,0,0,0,0,0
57464,58092,57778,1.8,-105.197,39.9491,821.803,7.02324,296.332,342.184,49.0073,2199.87,0.134666,0.0107268,33.5062,38.3738,33.8103,30.0353,27.7432,23.6528,21.7286,18.62,16.3993,14.3156,12.3783,10.5968,9.05376,38.6216,9.05939,3.32453,0.317248,0.195229,0.183966,0.073211,0.063825,0.0600705,0.0713338,0,0,0,0,0,0,0,0,0,0,0,0,0
58120,58129,58124,1.9,-105.197,39.949,808.435,8.1525,298.925,86.5369,13.1881,655.274,0.149061,0.00357431,8.02269,10.9073,9.10441,9.7354,6.1297,5.85927,4.32685,4.41699,4.32685,3.33528,2.16342,2.34371,1.262,10.096,2.88456,0.991569,0.0901426,0.0901426,0.270428,0,0.0901426,0.0901426,0,0,0,0,0,0,0,0,0,0,0,0,0,0
58143,58148,58146,2,-105.198,39.9489,795.47,9.52,301.765,40.5005,6.37569,336.083,0.15814,0.0019854,3.58866,4.27221,5.63932,3.75954,3.93043,3.41777,1.538,2.05066,2.05066,1.19622,0.683553,0.854442,1.02533,4.10132,1.19622,0.854442,0,0,0,0.341777,0,0,0,0,0,0,0,0,0,0,0,0,0,0,0,0
58155,58155,58155,2.1,-105.199,39.9489,789.75,8.45,301.249,47.5684,6.62132,302.23,0.136935,0.00157033,4.83747,7.65932,5.64371,4.03122,4.43434,3.6281,3.22498,3.22498,0.806245,0.806245,0.403122,0,1.61249,5.24059,1.20937,0.403122,0.403122,0,0,0,0,0,0,0,0,0,0,0,0,0,0,0,0,0,0,0
58172,58179,58176,2.2,-105.2,39.9487,780.367,7.81667,301.598,41.8593,5.61262,256.502,0.137103,0.001289,5.24699,6.76279,3.61459,3.84779,2.7984,3.3814,2.915,2.5652,1.3992,1.6324,1.166,0.582999,1.166,3.2648,0.816199,0.582999,0,0,0,0,0.1166,0,0,0,0,0,0,0,0,0,0,0,0,0,0,0
58191,58217,58204,2.3,-105.2,39.9489,768.614,7.272,302.321,35.585,5.29138,245.025,0.138919,0.00125863,2.86398,3.93798,3.43678,3.29358,3.22198,2.64918,2.43439,1.64679,1.57519,1.28879,0.859195,1.43199,1.00239,4.51077,0.787595,0.501197,0.0715996,0,0,0.0715996,0,0,0,0,0,0,0,0,0,0,0,0,0,0,0,0
58225,58235,58230,2.4,-105.199,39.9492,759.1,6.35333,302.401,33.7452,5.43054,277.446,0.15327,0.00148951,1.83647,3.78772,4.36162,2.75471,3.09905,1.72169,2.18081,1.83647,1.1478,1.49213,0.803457,0.688677,1.1478,5.50942,0.688677,0.459118,0,0,0.11478,0,0,0.11478,0,0,0,0,0,0,0,0,0,0,0,0,0,0
58264,58273,58268,2.6,-105.198,39.9497,741.18,4.5375,302.496,33.8356,4.79984,228.231,0.142649,0.00110148,2.8344,4.16302,4.34017,3.63157,3.10012,1.94865,2.30295,1.24005,1.50577,0.885749,1.24005,0.885749,0.885749,3.543,0.974324,0.265725,0,0,0,0,0,0,0.0885749,0,0,0,0,0,0,0,0,0,0,0,0,0
58277,58295,58286,2.7,-105.197,39.95,734.305,3.82333,302.524,31.121,4.60875,222.451,0.144801,0.00121625,3.02733,4.29881,3.45116,2.36132,2.84569,2.17968,2.11913,1.33203,1.57421,0.787106,0.787106,0.847653,0.72656,3.26952,0.787106,0.54492,0.0605466,0,0.0605466,0.0605466,0,0,0,0,0,0,0,0,0,0,0,0,0,0,0,0
58305,58321,58313,2.8,-105.196,39.9501,724.411,2.76625,302.537,31.0036,4.70663,228.228,0.145473,0.00122752,3.12756,4.35138,3.67148,2.357,1.99438,1.67709,1.54111,1.63177,1.35981,0.951865,1.26915,1.35981,0.679903,3.35419,0.997191,0.58925,0,0.0453269,0,0,0,0.0453269,0,0,0,0,0,0,0,0,0,0,0,0,0,0
58335,58361,58348,2.9,-105.194,39.9494,714.876,1.97857,302.82,30.1948,4.64838,243.727,0.157298,0.00132725,2.40722,3.82015,3.24451,2.93052,2.40722,1.77925,1.41293,1.62225,1.72692,1.04662,1.30827,1.25594,0.784961,3.24451,0.470977,0.470977,0,0.0523308,0.0523308,0.0523308,0,0.0523308,0.0523308,0,0,0,0,0,0,0,0,0,0,0,0,0
58362,58395,58378,3,-105.189,39.9487,705.486,1.02765,302.915,29.078,4.18279,196.003,0.140578,0.00100627,3.23803,3.73124,3.23803,2.68049,2.2945,1.86562,1.45819,1.43674,1.39386,0.943533,0.814869,0.750538,0.750538,3.34525,0.643318,0.343103,0.0214439,0.0643318,0.0428879,0,0,0,0.0214439,0,0,0,0,0,0,0,0,0,0,0,0,0
58410,58485,58448,3.1,-105.177,39.9491,698.104,0.227647,302.941,27.7407,4.04285,181.562,0.134728,0.000900815,2.66209,3.40156,2.40856,2.55645,2.32405,2.15502,1.50007,1.1409,1.26766,1.1409,0.845108,0.929618,0.760597,3.54945,0.697214,0.316915,0.0422554,0.0211277,0.0211277,0,0,0,0,0,0,0,0,0,0,0,0,0,0,0,0,0
58451,58474,58462,3.1,-105.174,39.9492,698.484,0.483333,303.176,24.8168,3.83203,182.794,0.143105,0.000941719,2.10862,2.79798,2.10862,2.14917,1.90587,1.50036,1.33816,1.70312,1.01376,0.892108,1.29761,0.648806,0.892108,3.36568,0.689356,0.283853,0.0405504,0.0405504,0,0,0,0.0405504,0,0,0,0,0,0,0,0,0,0,0,0,0,0
58487,58499,58493,3.2,-105.169,39.9498,689.015,-0.851,302.878,27.7728,4.11683,199.917,0.145683,0.00103019,2.95611,3.10209,3.0291,2.37219,2.51817,2.04373,1.38682,1.35032,0.875885,1.20434,0.839389,0.656914,0.766399,3.68601,0.547428,0.218971,0.0729904,0.0729904,0,0,0.0364952,0,0.0364952,0,0,0,0,0,0,0,0,0,0,0,0,0
58502,58519,58510,3.3,-105.167,39.9507,679.899,-1.71125,303.071,26.8181,4.21597,211.817,0.150725,0.00113165,2.51277,3.38081,2.78689,2.23865,1.87315,1.55335,1.82747,1.05079,1.23354,0.6853,1.14217,1.09648,0.502553,3.51787,0.95942,0.27412,0.0456867,0,0.0913733,0,0,0,0.0456867,0,0,0,0,0,0,0,0,0,0,0,0,0
58520,58541,58530,3.4,-105.163,39.9521,671.3,-2.55417,303.233,26.033,3.79894,176.327,0.139244,0.000904181,2.16942,3.16374,3.10347,2.07903,2.47073,1.53667,1.92837,1.02445,0.964186,0.994317,0.843663,1.08471,0.602616,3.01308,0.662878,0.271177,0,0.0301308,0.0301308,0.0602616,0,0,0,0,0,0,0,0,0,0,0,0,0,0,0,0
58543,58564,58554,3.5,-105.158,39.9535,663.182,-2.88412,303.917,22.9164,3.46545,160.825,0.139225,0.000833417,2.42922,2.42922,2.12826,1.93478,1.59082,1.50483,1.63381,1.01038,1.01038,1.01038,0.838404,0.623429,0.687921,3.07415,0.601931,0.300966,0.0429951,0.0429951,0.0214975,0,0,0,0,0,0,0,0,0,0,0,0,0,0,0,0,0
58567,58592,58580,3.6,-105.151,39.9547,654.042,-3.78789,304.103,21.1334,3.137,145.835,0.139467,0.000730319,1.83599,2.67586,2.61726,1.67974,1.34769,1.42582,1.19144,0.898463,0.97659,0.839868,0.507827,0.800804,0.703145,2.77352,0.546891,0.234382,0.0390636,0.0195318,0,0,0,0,0.0195318,0,0,0,0,0,0,0,0,0,0,0,0,0
58593,58619,58606,3.7,-105.143,39.9555,646.443,-3.784,305.126,22.3184,3.64572,180.416,0.148461,0.000985829,2.05759,2.35418,2.26149,1.74246,1.39026,1.31612,1.16782,1.22343,1.13075,0.945379,0.963916,0.648789,0.537568,3.24395,0.834158,0.389274,0.0556105,0.0370737,0,0,0,0,0.0185368,0,0,0,0,0,0,0,0,0,0,0,0,0
58622,58649,58636,3.8,-105.134,39.9563,638.088,-4.35667,305.611,12.578,1.87499,88.5213,0.141635,0.000448936,1.45786,1.50439,1.5199,0.77546,0.915043,0.790969,0.713423,0.434257,0.759951,0.449767,0.434257,0.310184,0.248147,1.73703,0.325693,0.170601,0,0.0155092,0,0,0,0,0.0155092,0,0,0,0,0,0,0,0,0,0,0,0,0
58650,58677,58664,3.9,-105.126,39.9571,630.43,-4.2724,306.763,13.4494,1.97904,98.7008,0.149619,0.000530174,1.71601,1.83334,1.59868,1.14401,0.997339,0.997339,0.645337,0.440002,0.366669,0.484003,0.381335,0.337335,0.308002,1.70134,0.264001,0.102667,0.0440002,0,0.0293335,0.0146667,0.0293335,0.0146667,0,0,0,0,0,0,0,0,0,0,0,0,0,0
58678,58704,58691,4,-105.118,39.958,622.011,-4.774,307.369,15.9415,2.6476,150.236,0.170232,0.000886057,1.87657,1.85799,2.02521,1.17053,1.39349,0.910414,0.947574,0.631716,0.408757,0.594556,0.408757,0.353018,0.501657,1.93231,0.390177,0.353018,0.0185799,0.0371598,0.0371598,0,0.0371598,0.0185799,0.0371598,0,0,0,0,0,0,0,0,0,0,0,0,0
58705,58726,58716,4.1,-105.111,39.9589,614.565,-5.36062,307.753,17.345,2.87038,155.412,0.16243,0.00091614,1.8542,2.37056,1.59602,1.61949,1.33784,0.962307,0.915365,0.586773,0.77454,0.680656,0.492889,0.51636,0.399005,2.11238,0.657185,0.234709,0.0469418,0.0704127,0.0469418,0.0469418,0,0,0.0234709,0,0,0,0,0,0,0,0,0,0,0,0,0
58729,58748,58738,4.2,-105.106,39.9601,606.68,-6.03188,308.118,16.8664,2.70527,139.595,0.154803,0.000763328,1.37068,1.92825,1.92825,1.30099,1.34745,0.998972,0.952508,0.882813,0.650493,0.650493,0.650493,0.557566,0.534334,2.29996,0.464638,0.209087,0,0,0.0929276,0,0.0232319,0,0.0232319,0,0,0,0,0,0,0,0,0,0,0,0,0
58749,58767,58758,4.3,-105.101,39.9612,599.28,-6.84889,308.254,16.6502,2.54523,129.462,0.152594,0.000718715,1.97683,2.44556,1.48772,1.5081,1.18202,0.835567,0.998604,0.754048,0.61139,0.794808,0.468733,0.509492,0.407594,1.79341,0.591011,0.101898,0.061139,0.0203797,0.0203797,0.0203797,0.061139,0,0,0,0,0,0,0,0,0,0,0,0,0,0,0
58768,58783,58776,4.4,-105.096,39.9624,591.49,-7.74909,308.362,16.5395,2.62894,129.109,0.147332,0.00071224,1.87561,2.42125,1.50049,1.26178,0.954858,0.613837,0.647939,1.09127,0.98896,0.647939,0.272816,0.545633,0.545633,2.11433,0.784347,0.17051,0,0.0682041,0,0.0341021,0,0,0,0,0,0,0,0,0,0,0,0,0,0,0,0
58785,58801,58793,4.5,-105.092,39.9636,584.04,-8.654,308.427,16.8698,2.43395,109.506,0.134973,0.000546123,2.10872,2.13382,1.75727,1.23009,0.953945,1.10457,0.828426,0.85353,0.753114,0.728011,0.602492,0.652699,0.627595,1.78237,0.502076,0.225934,0,0,0.0251038,0,0,0,0,0,0,0,0,0,0,0,0,0,0,0,0,0
58802,58818,58810,4.6,-105.087,39.965,576.625,-9.544,308.513,15.6824,2.56661,128.768,0.150512,0.000706582,1.68385,1.85978,1.332,1.23147,1.15608,0.678567,1.08068,0.552907,0.578039,0.728832,0.502642,0.502642,0.376982,2.61374,0.452378,0.251321,0.0251321,0.0251321,0.0251321,0,0,0.0251321,0,0,0,0,0,0,0,0,0,0,0,0,0,0
58821,58833,58827,4.7,-105.083,39.9663,570.261,-10.3186,308.579,15.8189,2.48096,124.78,0.150885,0.0007156,1.72179,1.99082,1.61418,1.34515,1.77559,0.591865,0.9147,0.484253,0.645671,0.484253,0.484253,0.430447,0.484253,2.04462,0.376641,0.269029,0,0.107612,0.0538059,0,0,0,0,0,0,0,0,0,0,0,0,0,0,0,0,0
58840,58854,58847,4.8,-105.078,39.9681,561.617,-11.43,308.622,16.661,2.68741,139.701,0.155951,0.000805537,1.54986,1.98898,2.01481,1.13656,1.31738,1.21405,0.981576,0.594112,0.619943,0.645774,0.645774,0.464957,0.464957,2.09231,0.490788,0.25831,0,0.129155,0,0.025831,0,0.025831,0,0,0,0,0,0,0,0,0,0,0,0,0,0
58856,58872,58864,4.9,-105.074,39.9697,554.283,-12.3853,308.653,17.3799,2.65994,130.498,0.147181,0.000692499,1.9396,2.27138,1.9396,1.37814,1.25053,0.944281,0.867718,0.791155,0.68907,0.510422,0.765633,0.510422,0.255211,2.50107,0.45938,0.204169,0.0255211,0.0255211,0,0,0.0255211,0.0255211,0,0,0,0,0,0,0,0,0,0,0,0,0,0
58873,58890,58882,5,-105.069,39.9711,546.883,-13.3688,308.672,14.0697,2.14771,103.972,0.145231,0.000571964,1.3421,1.65526,1.65526,1.25263,1.11842,0.894733,0.827628,0.715787,0.67105,0.53684,0.335525,0.290788,0.40263,1.58815,0.469735,0.223683,0.0447367,0.0223683,0,0.0223683,0,0,0,0,0,0,0,0,0,0,0,0,0,0,0,0
58890,58907,58898,5.1,-105.065,39.9725,539.921,-14.3,308.692,15.4432,2.43481,122.235,0.150609,0.000663641,1.85416,1.63459,1.46381,1.34183,1.17105,0.951477,0.902683,0.756302,0.561127,0.439143,0.390349,0.634318,0.317159,2.2933,0.487937,0.0731905,0.0487937,0.0243968,0.0731905,0,0,0.0243968,0,0,0,0,0,0,0,0,0,0,0,0,0,0
58907,58922,58914,5.2,-105.061,39.9739,533.1,-15.2115,308.725,15.0959,2.43433,130.778,0.161167,0.000732007,1.39942,2.1438,1.48875,1.3101,1.16122,1.01235,0.7146,0.565725,0.625275,0.803925,0.387075,0.4764,0.387075,1.72695,0.53595,0.208425,0.05955,0,0.029775,0,0,0.029775,0.029775,0,0,0,0,0,0,0,0,0,0,0,0,0
58922,58936,58929,5.3,-105.057,39.9752,525.846,-16.1813,308.769,14.6527,2.30313,118.632,0.154528,0.000664628,1.36484,1.77687,1.67386,1.51935,1.21033,1.03007,0.798304,0.669545,0.489283,0.43778,0.489283,0.15451,0.360524,1.87988,0.463531,0.231766,0,0.0257517,0.0257517,0,0.0257517,0.0257517,0,0,0,0,0,0,0,0,0,0,0,0,0,0
58937,58949,58943,5.4,-105.054,39.9765,518.95,-16.9754,308.978,14.3003,2.20397,113.166,0.154039,0.000628893,1.72436,2.34869,1.2784,1.12975,0.951369,0.981099,0.802717,0.416224,0.713526,0.535145,0.416224,0.297303,0.237842,1.69463,0.416224,0.267572,0,0.0594605,0,0,0,0,0.0297303,0,0,0,0,0,0,0,0,0,0,0,0,0
58951,58966,58958,5.5,-105.051,39.9775,512.344,-17.5856,309.373,12.756,2.09342,115.997,0.166231,0.000647046,1.21254,1.40655,1.18829,1.40655,0.897283,0.897283,0.824531,0.727527,0.436516,0.412265,0.339513,0.291011,0.388014,1.60056,0.485018,0.0970036,0.0242509,0,0.0242509,0.0485018,0,0,0.0485018,0,0,0,0,0,0,0,0,0,0,0,0,0
58967,58989,58978,5.6,-105.046,39.9788,505.198,-18.6995,309.264,12.8345,2.01698,99.4924,0.147982,0.000539599,1.4734,1.63316,1.29588,1.01185,0.958596,0.621312,0.60356,0.692319,0.532553,0.355036,0.426043,0.284028,0.390539,1.93494,0.355036,0.177518,0.0355036,0.0177518,0.0177518,0,0,0.0177518,0,0,0,0,0,0,0,0,0,0,0,0,0,0
58989,59009,58999,5.7,-105.042,39.9803,498.601,-19.7265,309.174,13.4827,1.98431,96.1847,0.145418,0.000506036,1.60555,1.54751,1.35407,1.31539,0.754413,0.889821,0.773757,0.696381,0.773757,0.63835,0.386879,0.386879,0.290159,1.56686,0.232127,0.174095,0.0386879,0.0193439,0,0,0.0193439,0.0193439,0,0,0,0,0,0,0,0,0,0,0,0,0,0
59010,59025,59018,5.8,-105.038,39.9816,491.902,-20.7194,309.155,13.4673,2.08134,105.519,0.152093,0.000593513,1.73847,1.66893,1.57621,1.27488,0.904004,0.695388,0.741747,0.672208,0.57949,0.370874,0.231796,0.301335,0.417233,1.48349,0.509951,0.185437,0.0463592,0.0231796,0.0231796,0,0,0.0231796,0,0,0,0,0,0,0,0,0,0,0,0,0,0
59026,59052,59039,5.9,-105.033,39.9827,485.317,-21.5219,309.361,13.0919,1.87324,86.5534,0.138616,0.000435133,1.61646,1.73296,1.29608,1.00483,1.03395,0.873762,0.961138,0.597071,0.480569,0.451444,0.276691,0.37863,0.349505,1.48539,0.393193,0.0873762,0.0436881,0,0.0145627,0,0,0.0145627,0,0,0,0,0,0,0,0,0,0,0,0,0,0
59053,59076,59064,6,-105.028,39.9838,478.7,-22.1975,309.744,12.8018,1.84679,88.985,0.144551,0.000465404,1.59817,1.94416,1.44988,1.10389,0.873226,0.69199,0.77437,0.741418,0.362471,0.428375,0.280091,0.362471,0.230663,1.35103,0.411899,0.115332,0.0329519,0.016476,0.016476,0,0,0,0.016476,0,0,0,0,0,0,0,0,0,0,0,0,0
59078,59099,59088,6.1,-105.024,39.9845,472.626,-23.0039,309.877,13.7243,1.84065,81.7656,0.133266,0.000401508,1.84949,1.84949,1.27909,1.41737,1.08895,1.12352,0.846963,0.587689,0.622259,0.362984,0.311129,0.276559,0.362984,1.24452,0.311129,0.13828,0.0345699,0,0,0,0.017285,0,0,0,0,0,0,0,0,0,0,0,0,0,0,0
59101,59121,59111,6.2,-105.019,39.9856,466.027,-23.6367,310.337,11.3705,1.5394,70.0936,0.1366,0.000349661,1.60814,1.58922,0.927044,1.17299,0.889205,0.75677,0.832447,0.624336,0.416224,0.378385,0.283789,0.283789,0.151354,1.00272,0.321627,0.0945963,0,0,0,0.0189193,0.0189193,0,0,0,0,0,0,0,0,0,0,0,0,0,0,0
59122,59142,59132,6.3,-105.015,39.9867,459.373,-24.2605,310.835,2.87035,0.39052,17.2493,0.13251,8.52569e-05,0.316729,0.376115,0.35632,0.277138,0.217751,0.197955,0.118773,0.158364,0.0989777,0.0989777,0.138569,0.0791822,0.0989777,0.217751,0.0791822,0.0197955,0.0197955,0,0,0,0,0,0,0,0,0,0,0,0,0,0,0,0,0,0,0
59143,59167,59155,6.4,-105.011,39.988,453.45,-24.8925,311.2,3.33053,0.484486,23.1304,0.143226,0.000126886,0.532884,0.432968,0.416316,0.183179,0.3164,0.149874,0.133221,0.149874,0.0666105,0.183179,0.116568,0.0832632,0.0499579,0.349705,0.0999158,0.0333053,0.0166526,0.0166526,0,0,0,0,0,0,0,0,0,0,0,0,0,0,0,0,0,0
59168,59191,59180,6.5,-105.006,39.9894,447.2,-25.6487,311.483,5.15581,0.819637,45.215,0.165494,0.000252232,0.731568,0.714149,0.627058,0.243856,0.330947,0.348366,0.330947,0.156765,0.243856,0.191601,0.139346,0.139346,0.0522548,0.60964,0.191601,0.0522548,0.0174183,0,0,0,0.0174183,0,0.0174183,0,0,0,0,0,0,0,0,0,0,0,0,0
59192,59213,59202,6.6,-105.002,39.9912,440.953,-26.3419,311.862,6.74609,0.996242,46.4732,0.139946,0.000243142,0.941762,0.922542,0.480491,0.615028,0.403612,0.422832,0.422832,0.345953,0.345953,0.172977,0.269075,0.134537,0.172977,0.711126,0.288294,0.0768785,0,0,0.0192196,0,0,0,0,0,0,0,0,0,0,0,0,0,0,0,0,0
59214,59234,59224,6.7,-104.998,39.9927,435.142,-27.064,312.131,3.33618,0.50093,25.3229,0.151655,0.000145659,0.439497,0.419519,0.299657,0.299657,0.319634,0.239725,0.159817,0.219748,0.13984,0.0799085,0.0599313,0.0998856,0.0799085,0.299657,0.0998856,0.0199771,0.0399542,0,0.0199771,0,0,0,0,0,0,0,0,0,0,0,0,0,0,0,0,0
59234,59254,59244,6.8,-104.994,39.9943,428.79,-28.0105,312.238,3.62185,0.544003,26.833,0.147975,0.000153588,0.42491,0.42491,0.445144,0.42491,0.242806,0.202338,0.202338,0.141637,0.242806,0.0607014,0.141637,0.101169,0.0404676,0.283273,0.16187,0.0404676,0.0202338,0.0202338,0,0,0,0,0,0,0,0,0,0,0,0,0,0,0,0,0,0
