api/data/B2SAP/Locations/Boulder/NOAA-POPS-B2SAP_GMLBalloon_20220624_R0.ict
61,1001
Thornberry, T. D.
NOAA Chemical Sciences Laboratory
Portable Optical Particle Spectrometer (POPS)
Balloon Baseline Stratospheric Aerosol Profiles (B2SAP)
1,1
2022,06,24,2024,05,28
0
TIME_START,s,Seconds since midnight UTC on flight start day,Start time of 100 m altitude bin in UTC_seconds_since_midnight
28
1.0,1.0,1.0,1.0,1.0,1.0,1.0,1.0,1.0,1.0,1.0,1.0,1.0,1.0,1.0,1.0,1.0,1.0,1.0,1.0,1.0,1.0,1.0,1.0,1.0,1.0,1.0,1.0
99999,99999,99999,99999,99999,99999,99999,99999,99999,99999,99999,99999,99999,99999,99999,99999,99999,99999,99999,99999,99999,99999,99999,99999,99999,99999,99999,99999
TIME_STOP,s,End time of 100 m altitude bin in UTC seconds since midnight,
TIME_MID,s,Mid time of 100 m altitude in UTC seconds since midnight,
GPSAlt,m,GPS reported altitude above sea level (m),
GPS_Lon,deg,GPS reported longitude,
GPS_Lat,deg,GPS reported latitude,
iMet_Pressure,mb,Pressure reported (mB),
iMet_Temperature,degrees C,Ambient temperature (oC),
THETA,K,Potential temperature from iMet,
Aerosol_concentration,cm^-3,Aerosol concentration,
Surface_Area_Conc,um^2 cm^-3,Surface area concentration,
Volume_density,um^3 cm^-3,Volume density,
Effective_radius,um,Effective radius,
Extinction,km^-1,Extinction,
Bin01,cm^-3,particle concentration in size range [140 - 170 nm],
Bin02,cm^-3,particle concentration in size range [170 - 205 nm],
Bin03,cm^-3,particle concentration in size range [205 - 249 nm],
Bin04,cm^-3,particle concentration in size range [249 - 302 nm],
Bin05,cm^-3,particle concentration in size range [302 - 366 nm],
Bin06,cm^-3,particle concentration in size range [366 - 443 nm],
Bin07,cm^-3,particle concentration in size range [443 - 537 nm],
Bin08,cm^-3,particle concentration in size range [537 - 651 nm],
Bin09,cm^-3,particle concentration in size range [651 - 789 nm],
Bin10,cm^-3,particle concentration in size range [789 - 956 nm],
Bin11,cm^-3,particle concentration in size range [956 - 1159 nm],
Bin12,cm^-3,particle concentration in size range [1159 - 1404 nm],
Bin13,cm^-3,particle concentration in size range [1404 - 1702 nm],
Bin14,cm^-3,particle concentration in size range [1702 - 2062 nm],
Bin15,cm^-3,particle concentration in size range [2062 - 2500 nm],
0
19
PI_CONTACT_INFO: 325 Broadway R/CSL6, Boulder, CO 80305; troy.thornberry@noaa.gov; 303-497-3373 
PLATFORM: GML ECC/FPH balloon
LOCATION: Boulder, CO, USA
ASSOCIATED_DATA: N/A
INSTRUMENT_INFO: Printed Optical Particle Spectrometer counts particles from 140 - 2500 nm in diameter 
DATA_INFO: Particle concentrations reported in number per cubic centimeter, binned to 100 m altitude
UNCERTAINTY: Counting uncertainty dominated by air flow, less than 5 percent
ULOD_FLAG: -77777
ULOD_VALUE: 3000 ~3000 per cm3 (varies depending on flow rate- manufacturer quotes 1250  per cm3 at 1.667 cc/s)
LLOD_FLAG: -88888
LLOD_VALUE: 0 0 (varies depending on data field and measurement precision)
DM_CONTACT_INFO: Troy Thornberry, 325 Broadway R/CSL6, Boulder, CO 80305; troy.thornberry@noaa.gov; 303-497-3373
PROJECT_INFO: B2SAP Boulder, CO, USA
STIPULATIONS_ON_USE: Please contact the PIs for questions regarding applications and uncertainties
OTHER_COMMENTS: POPS bin Edges (nm):  140, 170, 205, 249, 302, 366, 443, 537, 651, 789, 956, 1159, 1404, 1702, 2062, 2500
Calculations assume sulfate refractive index of 1.45+0.00j and extinction wavelength = 532 nm
REVISION: R0
R0: QA/QC data
TIME_START,TIME_STOP,TIME_MID,GPSAlt,GPS_Lon,GPS_Lat,iMet_Pressure,iMet_Temperature,THETA,Aerosol_concentration,Surface_Area_Conc,Volume_density,Effective_radius,Extinction,Bin01,Bin02,Bin03,Bin04,Bin05,Bin06,Bin07,Bin08,Bin09,Bin10,Bin11,Bin12,Bin13,Bin14,Bin15
[from data line 150]
60783,60805,60794,16.7,-104.58,40.2678,98.4179,-62.8779,407.824,9.12302,1.46613,79.8034,0.163294,0.000476707,4.29747,2.0759,1.01974,0.546288,0.600917,0.273144,0.163887,0.0910481,0.0364192,0.0182096,0,0,0,0,0
60806,60826,60816,16.8,-104.579,40.2684,96.7376,-63.1959,409.221,8.7748,1.4445,80.5241,0.167236,0.000519746,4.35068,1.79902,1.10144,0.440576,0.440576,0.165216,0.293717,0.128501,0.055072,0,0,0,0,0,0
60827,60847,60837,16.9,-104.577,40.2695,95.2265,-63.1306,411.194,9.50253,1.47908,73.771,0.149629,0.000438249,4.22736,2.52919,0.939414,0.614232,0.578101,0.180656,0.361313,0.0722626,0,0,0,0,0,0,0
60848,60871,60860,17,-104.577,40.271,93.599,-63.7395,412.018,8.65992,1.47909,88.2916,0.17908,0.000554351,4.02067,2.05673,1.08249,0.309283,0.541245,0.26289,0.231962,0.0463924,0.0773207,0.0309283,0,0,0,0,0
60872,60892,60882,17.1,-104.576,40.2723,92.1462,-64.2494,412.866,8.77497,1.75051,200.434,0.343501,0.000650918,4.20427,1.98642,0.964283,0.366427,0.597855,0.289285,0.250713,0.0771426,0,0,0,0.0192857,0,0,0.0192857
60895,60915,60905,17.2,-104.575,40.2731,90.666,-64.872,413.54,8.56119,1.44329,78.0698,0.162275,0.000493859,3.49479,2.39879,1.05464,0.454943,0.454943,0.26883,0.26883,0.144754,0.0206792,0,0,0,0,0,0
60916,60937,60926,17.3,-104.575,40.2737,89.17,-65.3224,414.607,7.53917,1.33151,70.9812,0.159926,0.000444815,3.02295,2.03958,0.619159,0.619159,0.455264,0.418843,0.273158,0.0910528,0,0,0,0,0,0,0
60939,60962,60950,17.4,-104.574,40.2742,87.591,-66.2652,414.848,8.49102,1.49144,93.2604,0.187592,0.000532294,3.94173,2.01532,0.770564,0.652016,0.429738,0.222278,0.281552,0.148185,0,0.0148185,0,0.0148185,0,0,0
60963,60984,60974,17.5,-104.573,40.2746,86.1765,-66.7312,415.836,7.99948,1.48594,88.4188,0.178511,0.000560344,3.21818,2.02286,0.91948,0.533299,0.514909,0.349402,0.294234,0.110338,0,0.0367792,0,0,0,0,0
60985,61006,60996,17.6,-104.573,40.2751,84.8255,-66.5765,418.035,8.22554,1.60908,98.0006,0.182715,0.000662431,3.65233,1.65447,0.920886,0.452639,0.639938,0.327773,0.343381,0.187299,0.0312165,0.0156082,0,0,0,0,0
61007,61033,61020,17.7,-104.573,40.2762,83.4178,-65.9922,421.228,7.25108,1.47814,95.5222,0.19387,0.000569496,2.78161,1.60685,0.82368,0.634638,0.661644,0.256556,0.337574,0.108024,0.0135029,0.0135029,0,0.0135029,0,0,0
61034,61059,61046,17.8,-104.573,40.2773,82.1136,-65.0395,425.066,6.96207,1.35686,78.1782,0.172851,0.000506815,2.81865,1.49389,0.676477,0.535544,0.662383,0.338238,0.338238,0.0845596,0,0.0140933,0,0,0,0,0
61060,61082,61071,17.9,-104.573,40.2784,80.896,-63.491,430.073,6.70623,1.34416,79.4506,0.177324,0.000528017,2.47638,1.41508,0.953639,0.584488,0.553726,0.292244,0.276863,0.0922876,0.0615251,0,0,0,0,0,0
61084,61106,61095,18,-104.573,40.2793,79.5368,-63.9979,431.107,6.31279,1.39879,89.2186,0.191349,0.00061482,2.37944,1.31112,0.631279,0.501786,0.663652,0.29136,0.356106,0.113307,0.0485599,0.0161866,0,0,0,0,0
61108,61129,61118,18.1,-104.572,40.2803,78.2418,-63.5018,434.163,6.87144,1.45046,88.0112,0.182035,0.000580411,2.58583,1.32004,0.777558,0.578648,0.795641,0.361655,0.325489,0.072331,0.0361655,0.0180827,0,0,0,0,0
61130,61153,61142,18.2,-104.571,40.2817,77.021,-62.5985,438.001,5.91317,1.50427,104.679,0.208762,0.000648197,1.60435,1.16124,0.809814,0.580621,0.886211,0.351429,0.366708,0.091677,0.030559,0.0152795,0,0.0152795,0,0,0
61154,61179,61166,18.3,-104.57,40.2835,75.7454,-61.9715,441.398,6.02513,1.58945,105.983,0.200037,0.000753164,1.6997,1.13704,0.820543,0.457159,0.797098,0.410271,0.527492,0.11722,0.0351661,0.0234441,0,0,0,0,0
61181,61204,61192,18.4,-104.568,40.2857,74.514,-62.4235,442.532,6.1021,1.5909,99.7291,0.188061,0.000699952,1.58655,1.00685,0.808529,0.671231,0.90006,0.549189,0.396637,0.152553,0.0305105,0,0,0,0,0,0
61205,61230,61218,18.5,-104.566,40.2876,73.33,-62.6081,444.165,5.52964,1.57955,108.918,0.206866,0.00078967,1.33875,0.887653,0.756687,0.742136,0.800343,0.291034,0.43655,0.189172,0.0727584,0.0145517,0,0,0,0,0
61231,61255,61243,18.6,-104.563,40.2891,72.0638,-62.8367,445.898,5.64252,1.63911,117.898,0.215784,0.000850172,1.52321,0.953665,0.728494,0.543059,0.781475,0.357624,0.516568,0.119208,0.0794721,0.039736,0,0,0,0,0
61256,61277,61266,18.7,-104.561,40.2897,70.9675,-62.5156,448.542,5.13409,1.46446,102.526,0.210029,0.000732231,1.39084,0.738348,0.77269,0.480785,0.755519,0.360589,0.412101,0.154538,0.0343418,0.0343418,0,0,0,0,0
61278,61301,61290,18.8,-104.56,40.2898,69.8009,-62.2717,451.184,5.81642,1.50478,92.9496,0.185309,0.000645047,1.28988,1.08685,0.907696,0.537452,1.00324,0.465792,0.358301,0.14332,0.0238867,0,0,0,0,0,0
61302,61327,61314,18.9,-104.559,40.2894,68.6961,-62.0774,453.675,5.34296,1.53943,105.772,0.206126,0.000750612,1.27327,0.868677,0.702082,0.594984,0.832978,0.404589,0.464088,0.154696,0.0118997,0.0356991,0,0,0,0,0
61328,61346,61337,19,-104.56,40.2892,67.6569,-61.6713,456.524,5.03324,1.33485,84.1003,0.189011,0.000597631,1.24975,0.958713,0.564956,0.564956,0.701915,0.445117,0.410877,0.119839,0.0171199,0,0,0,0,0,0
61347,61368,61358,19.1,-104.561,40.2896,66.5337,-61.68,458.696,4.81949,1.19955,75.2796,0.18827,0.000513704,1.23724,0.733713,0.848805,0.719326,0.503529,0.287731,0.402823,0.0575461,0.0143865,0.0143865,0,0,0,0,0
61369,61391,61380,19.2,-104.562,40.2907,65.4475,-60.894,462.574,4.81392,1.28878,82.6501,0.192392,0.00058856,0.929963,0.97099,0.806879,0.642768,0.615416,0.314546,0.328222,0.177787,0.0273518,0,0,0,0,0,0
61393,61415,61404,19.3,-104.563,40.2922,64.4737,-60.5774,465.243,5.43285,1.54225,110.321,0.214598,0.000741435,1.24384,1.01509,0.829225,0.586176,0.772037,0.314534,0.42891,0.171564,0.0571879,0,0.014297,0,0,0,0
61416,61438,61427,19.4,-104.564,40.2939,63.3642,-60.8621,466.942,5.5492,1.53015,102.329,0.200625,0.000730167,1.40886,1.00633,0.690056,0.474413,0.934451,0.445661,0.345028,0.18689,0.0431285,0.0143762,0,0,0,0,0
61441,61464,61452,19.5,-104.564,40.2955,62.348,-60.4965,469.902,4.69452,1.3438,92.6048,0.206738,0.00065932,1.07498,0.91169,0.5579,0.462648,0.789224,0.299361,0.449041,0.0816438,0.0408219,0.0272146,0,0,0,0,0
61465,61487,61476,19.6,-104.564,40.2971,61.2889,-59.5,474.429,4.68043,1.30921,84.5471,0.193737,0.00061002,0.956063,0.841906,0.670671,0.613593,0.670671,0.313931,0.470897,0.114157,0.0285392,0,0,0,0,0,0
61488,61512,61500,19.7,-104.563,40.2984,60.39,-59.1332,477.25,4.92489,1.45796,100.377,0.206542,0.0007128,0.813677,1.0278,0.713752,0.528176,0.870777,0.342601,0.456801,0.0999252,0.0428251,0.0285501,0,0,0,0,0
61513,61536,61524,19.8,-104.564,40.2999,59.3695,-58.9837,479.914,5.25277,1.57327,107.744,0.205452,0.000768106,0.982225,0.797169,0.93952,0.540936,0.868344,0.455525,0.46976,0.142352,0.0284703,0.0284703,0,0,0,0,0
61537,61559,61548,19.9,-104.564,40.301,58.4547,-59.1082,481.77,5.34839,1.75396,122.621,0.209733,0.000921251,0.814233,0.878094,0.878094,0.526857,0.989852,0.287376,0.638614,0.319307,0,0.0159654,0,0,0,0,0
61560,61582,61571,20,-104.565,40.302,57.4984,-59.6163,482.886,5.199,1.56199,106.757,0.205041,0.000781074,1.10282,0.730438,0.873661,0.630182,0.687471,0.386703,0.601537,0.128901,0.0429669,0.0143223,0,0,0,0,0
61583,61606,61594,20.1,-104.565,40.3028,56.6522,-60.23,483.556,4.64683,1.47192,111.62,0.227499,0.000744126,0.905226,0.829791,0.754355,0.392265,0.663833,0.422439,0.528049,0.0754355,0.0301742,0.0301742,0.0150871,0,0,0,0
61607,61628,61618,20.2,-104.565,40.3031,55.71,-60.2547,485.814,4.25967,1.23504,86.8848,0.21105,0.000615523,0.976841,0.768662,0.560482,0.496427,0.608524,0.304262,0.416358,0.0480413,0.0480413,0.0320276,0,0,0,0,0
61630,61654,61642,20.3,-104.565,40.3031,54.8311,-59.9437,488.745,4.79943,1.41645,99.6988,0.211159,0.000711858,0.959886,0.873926,0.68768,0.573066,0.830946,0.243553,0.444126,0.0859599,0.0716333,0.0286533,0,0,0,0,0
61655,61675,61665,20.4,-104.567,40.3034,53.9282,-60.1676,490.55,4.66355,1.47027,101.364,0.206828,0.000745302,0.865402,0.849376,0.416675,0.448727,1.05771,0.416675,0.384623,0.128208,0.0961558,0,0,0,0,0,0
61676,61697,61686,20.5,-104.568,40.3042,53.1228,-59.9583,493.145,4.4219,1.3107,86.146,0.197176,0.000628241,0.902429,0.661781,0.706903,0.391053,0.736984,0.436174,0.436174,0.120324,0.030081,0,0,0,0,0,0
61698,61720,61709,20.6,-104.57,40.3054,52.2222,-59.3674,496.941,4.57116,1.33145,92.2268,0.207803,0.000657568,1.05125,0.673271,0.696894,0.555153,0.685083,0.389788,0.283482,0.177177,0.0354353,0.0236235,0,0,0,0,0
61721,61742,61732,20.7,-104.57,40.3068,51.3394,-59.3072,499.502,4.37253,1.20218,78.9373,0.196985,0.000566928,1.02528,0.738807,0.633263,0.482486,0.708651,0.271398,0.361865,0.0904661,0.0603108,0,0,0,0,0,0
61743,61764,61754,20.8,-104.57,40.3077,50.5505,-59.3714,501.574,4.05211,1.26678,91.7339,0.217245,0.000686039,0.958007,0.62141,0.582572,0.42722,0.569626,0.258921,0.362489,0.194191,0.0647302,0.012946,0,0,0,0,0
61765,61787,61776,20.9,-104.57,40.3081,49.7522,-59.5128,503.52,3.95853,1.26567,86.7009,0.205506,0.000629096,0.619465,0.619465,0.453267,0.559029,0.81588,0.287069,0.468376,0.0906533,0.0302178,0.0151089,0,0,0,0,0
61790,61810,61800,21,-104.57,40.3079,48.7779,-58.7605,508.165,3.70379,1.17505,84.9622,0.216916,0.000612879,0.666966,0.652775,0.468295,0.468295,0.652775,0.255434,0.38315,0.0709538,0.056763,0.0283815,0,0,0,0,0
61813,61835,61824,21.1,-104.572,40.3071,47.9742,-57.4121,513.783,3.63559,1.11677,75.017,0.20152,0.00055988,0.664875,0.537558,0.60829,0.551705,0.367803,0.297072,0.452681,0.141463,0.0141463,0,0,0,0,0,0
61836,61857,61846,21.2,-104.574,40.3065,47.2521,-56.8421,517.384,3.73094,1.19601,84.2178,0.211246,0.00062721,0.738416,0.570005,0.544096,0.362731,0.608869,0.285003,0.427504,0.155456,0.0259093,0.0129547,0,0,0,0,0
61858,61880,61869,21.3,-104.576,40.3062,46.4969,-57.1919,518.928,3.84537,1.07374,67.07,0.187391,0.000477758,0.612808,0.78133,0.612808,0.459606,0.566848,0.321724,0.413646,0.076601,0,0,0,0,0,0,0
61883,61901,61892,21.4,-104.578,40.3056,45.7487,-56.562,522.859,3.45885,1.05479,73.1566,0.20807,0.000528064,0.714505,0.487163,0.535879,0.341014,0.665789,0.243581,0.324775,0.0974325,0.0324775,0.0162388,0,0,0,0,0
61902,61925,61914,21.5,-104.58,40.3051,45.1212,-56.7447,524.487,3.32408,1.12985,81.9107,0.217491,0.00061305,0.515805,0.544461,0.472822,0.401182,0.530133,0.272231,0.386854,0.143279,0.0429838,0.0143279,0,0,0,0,0
61928,61947,61938,21.6,-104.581,40.3045,44.3156,-57.5063,525.332,3.4996,1.01837,65.2895,0.192336,0.000470245,0.736757,0.629313,0.353029,0.306982,0.660012,0.383728,0.353029,0.0613964,0.0153491,0,0,0,0,0,0
61951,61971,61961,21.7,-104.583,40.3039,43.6265,-58.0847,526.283,3.72985,1.184,81.5735,0.206689,0.000613909,0.662444,0.648043,0.561637,0.374425,0.547236,0.331222,0.388826,0.187212,0.0288019,0,0,0,0,0,0
61972,61996,61984,21.8,-104.584,40.3028,42.9047,-57.8712,529.31,2.97753,0.949211,73.5716,0.232524,0.000477588,0.664885,0.462528,0.476982,0.303534,0.346896,0.260172,0.332442,0.0867241,0.028908,0,0,0.014454,0,0,0
61997,62020,62008,21.9,-104.586,40.3016,42.1433,-57.8289,532.141,3.53276,1.11865,75.9733,0.203745,0.000567665,0.665789,0.557089,0.448389,0.339688,0.679377,0.271751,0.407626,0.135875,0.0271751,0,0,0,0,0,0
62021,62043,62032,22,-104.588,40.3004,41.58,-57.4925,535.018,3.17964,1.05685,80.5081,0.228533,0.00061019,0.687903,0.596183,0.397455,0.290448,0.504462,0.152867,0.275161,0.183441,0.0764337,0.0152867,0,0,0,0,0
62045,62066,62056,22.1,-104.59,40.2996,40.8982,-57.3159,537.996,2.85118,0.768928,49.7949,0.194277,0.000342821,0.647996,0.547196,0.345598,0.331198,0.417597,0.273598,0.230398,0.0431997,0,0.0143999,0,0,0,0,0
62068,62090,62079,22.2,-104.593,40.2993,40.2547,-57.25,540.601,3.26555,1.35962,196.508,0.433594,0.000753972,0.890604,0.387219,0.451756,0.309775,0.451756,0.245239,0.33559,0.129073,0.0258146,0,0.0129073,0,0,0.0129073,0.0129073
62094,62113,62104,22.3,-104.597,40.2992,39.5778,-56.6333,544.78,2.44344,0.665396,42.8639,0.193256,0.000317295,0.678733,0.461538,0.271493,0.190045,0.325792,0.135747,0.325792,0.0542986,0,0,0,0,0,0,0
62114,62136,62125,22.4,-104.6,40.2993,38.9853,-56.5858,547.253,2.78308,0.765554,54.0065,0.211637,0.000389006,0.734425,0.541155,0.399424,0.309231,0.296347,0.141731,0.257693,0.0386539,0.0515386,0.0128846,0,0,0,0,0
62137,62161,62149,22.5,-104.603,40.2996,38.3095,-56.1805,551.026,3.11226,0.967854,74.3766,0.230541,0.000501597,0.823078,0.462981,0.450121,0.334375,0.295794,0.257212,0.360097,0.064303,0.0514424,0,0.0128606,0,0,0,0
62162,62185,62174,22.6,-104.605,40.3003,37.7621,-56.2484,553.123,2.41811,0.708325,47.8234,0.202548,0.000352606,0.578802,0.373006,0.347281,0.244383,0.334419,0.218659,0.205796,0.0900359,0.0257245,0,0,0,0,0,0
62186,62204,62195,22.7,-104.607,40.3014,37.1323,-55.9308,556.593,2.53234,0.810747,65.7738,0.243382,0.000409721,0.487711,0.581501,0.375162,0.187581,0.318888,0.206339,0.243855,0.0937905,0.0187581,0,0.0187581,0,0,0,0
62208,62230,62219,22.8,-104.61,40.3025,36.5981,-55.5376,559.924,2.30909,0.610026,39.6489,0.194986,0.000285409,0.49895,0.440933,0.452536,0.255277,0.26688,0.104431,0.208863,0.0580174,0.023207,0,0,0,0,0,0
62231,62253,62242,22.9,-104.612,40.3034,35.9515,-55.446,563.017,3.05655,0.905882,100.277,0.332085,0.000455704,1.19339,0.426212,0.426212,0.231372,0.304437,0.133952,0.231372,0.04871,0.024355,0.0121775,0,0.0121775,0,0.0121775,0
62254,62275,62264,23,-104.615,40.3044,35.3931,-55.0781,566.499,2.75492,0.71685,52.4479,0.219493,0.00038241,1.06544,0.54794,0.243529,0.167426,0.243529,0.152205,0.213088,0.0456616,0.0608822,0.0152205,0,0,0,0,0
62276,62299,62288,23.1,-104.617,40.3054,34.8333,-54.7483,569.938,2.45915,0.713285,59.1196,0.24865,0.000377427,0.770174,0.567497,0.283748,0.14863,0.229701,0.135118,0.175654,0.0945828,0.0270237,0.0135118,0.0135118,0,0,0,0
62300,62322,62311,23.2,-104.619,40.3068,34.2544,-54.7972,572.555,2.25698,0.550594,36.0162,0.19624,0.000246318,0.702773,0.445991,0.283812,0.175693,0.297327,0.148664,0.135149,0.0540595,0,0.0135149,0,0,0,0,0
62323,62343,62333,23.3,-104.621,40.3078,33.7411,-54.4883,575.834,2.46514,0.754768,56.0078,0.222616,0.00042059,0.667358,0.490304,0.326869,0.177054,0.190674,0.204293,0.272391,0.0817174,0.0408587,0.0136196,0,0,0,0,0
62346,62367,62356,23.4,-104.622,40.3081,33.1684,-54.3632,579,2.4606,0.599966,36.9743,0.184882,0.000262408,0.776338,0.434223,0.289482,0.30264,0.197374,0.184216,0.223691,0.0526331,0,0,0,0,0,0,0
62370,62390,62380,23.5,-104.624,40.3077,32.6711,-54.1828,581.973,2.2857,0.652388,50.1506,0.230617,0.000307118,0.631022,0.434704,0.294477,0.238386,0.210341,0.182295,0.210341,0.0701136,0,0,0.0140227,0,0,0,0
62391,62413,62402,23.6,-104.626,40.3071,32.146,-54.1035,584.896,2.50723,0.833919,64.0154,0.230294,0.000487685,0.610899,0.496355,0.267268,0.165452,0.369085,0.152725,0.241814,0.127271,0.0636353,0.0127271,0,0,0,0,0
62415,62436,62426,23.7,-104.63,40.3063,31.6025,-53.5845,589.134,2.22917,0.718041,53.282,0.222614,0.000401724,0.596174,0.336968,0.220325,0.311048,0.194405,0.168484,0.259206,0.103683,0.0259206,0.0129603,0,0,0,0,0
62437,62458,62448,23.8,-104.633,40.3059,31.0428,-53.64,592.008,2.15021,0.666036,45.8559,0.206547,0.000351615,0.614346,0.307173,0.190155,0.175527,0.3218,0.117018,0.351055,0.0585091,0.0146273,0,0,0,0,0,0
62459,62480,62470,23.9,-104.636,40.3058,30.6705,-53.858,593.455,2.56923,0.709797,49.631,0.209768,0.000362618,0.776121,0.521875,0.240865,0.254247,0.240865,0.173958,0.254247,0.0802884,0.0133814,0.0133814,0,0,0,0,0
62481,62496,62488,24,-104.639,40.306,30.1892,-53.7033,596.574,2.38387,0.692569,50.2212,0.217543,0.000357608,0.697168,0.404807,0.179914,0.269872,0.382318,0.157425,0.179914,0.0674679,0.0224893,0.0224893,0,0,0,0,0
62497,62524,62510,24.1,-104.643,40.3063,29.624,-53.1593,601.279,2.64698,0.810474,63.2587,0.234154,0.000454564,0.688941,0.598291,0.29008,0.23569,0.23569,0.25382,0.19943,0.0543901,0.0543901,0.03626,0,0,0,0,0
62525,62546,62536,24.2,-104.646,40.3066,29.159,-52.9662,604.541,2.24746,0.720158,54.1093,0.225406,0.00040598,0.683437,0.354862,0.13143,0.210288,0.328576,0.157716,0.262861,0.0525721,0.0525721,0.013143,0,0,0,0,0
