api/data/B2SAP/Locations/Boulder/NOAA-POPS-B2SAP_GMLBalloon_20230508_R0.ict
61,1001
Thornberry, T. D.
NOAA Chemical Sciences Laboratory
Portable Optical Particle Spectrometer (POPS)
Balloon Baseline Stratospheric Aerosol Profiles (B2SAP)
1,1
2023,05,08,2024,05,28
0
TIME_START,s,Seconds since midnight UTC on flight start day,Start time of 100 m altitude bin in UTC_seconds_since_midnight
28
1.0,1.0,1.0,1.0,1.0,1.0,1.0,1.0,1.0,1.0,1.0,1.0,1.0,1.0,1.0,1.0,1.0,1.0,1.0,1.0,1.0,1.0,1.0,1.0,1.0,1.0,1.0,1.0
99999,99999,99999,99999,99999,99999,99999,99999,99999,99999,99999,99999,99999,99999,99999,99999,99999,99999,99999,99999,99999,99999,99999,99999,99999,99999,99999,99999
TIME_STOP,s,End time of 100 m altitude bin in UTC seconds since midnight,
TIME_MID,s,Mid time of 100 m altitude in UTC seconds since midnight,
GPSAlt,m,GPS reported altitude above sea level (m),
GPS_Lon,deg,GPS reported longitude,
GPS_Lat,deg,GPS reported latitude,
iMet_Pressure,mb,Pressure reported (mB),
iMet_Temperature,degrees C,Ambient temperature (oC),
THETA,K,Potential temperature from iMet,
Aerosol_concentration,cm^-3,Aerosol concentration,
Surface_Area_Conc,um^2 cm^-3,Surface area concentration,
Volume_density,um^3 cm^-3,Volume density,
Effective_radius,um,Effective radius,
Extinction,km^-1,Extinction,
Bin01,cm^-3,particle concentration in size range [140 - 170 nm],
Bin02,cm^-3,particle concentration in size range [170 - 205 nm],
Bin03,cm^-3,particle concentration in size range [205 - 249 nm],
Bin04,cm^-3,particle concentration in size range [249 - 302 nm],
Bin05,cm^-3,particle concentration in size range [302 - 366 nm],
Bin06,cm^-3,particle concentration in size range [366 - 443 nm],
Bin07,cm^-3,particle concentration in size range [443 - 537 nm],
Bin08,cm^-3,particle concentration in size range [537 - 651 nm],
Bin09,cm^-3,particle concentration in size range [651 - 789 nm],
Bin10,cm^-3,particle concentration in size range [789 - 956 nm],
Bin11,cm^-3,particle concentration in size range [956 - 1159 nm],
Bin12,cm^-3,particle concentration in size range [1159 - 1404 nm],
Bin13,cm^-3,particle concentration in size range [1404 - 1702 nm],
Bin14,cm^-3,particle concentration in size range [1702 - 2062 nm],
Bin15,cm^-3,particle concentration in size range [2062 - 2500 nm],
0
19
PI_CONTACT_INFO: 325 Broadway R/CSL6, Boulder, CO 80305; troy.thornberry@noaa.gov; 303-497-3373 
PLATFORM: GML ECC/FPH balloon
LOCATION: Boulder, CO, USA
ASSOCIATED_DATA: N/A
INSTRUMENT_INFO: Printed Optical Particle Spectrometer counts particles from 140 - 2500 nm in diameter 
DATA_INFO: Particle concentrations reported in number per cubic centimeter, binned to 100 m altitude
UNCERTAINTY: Counting uncertainty dominated by air flow, less than 5 percent
ULOD_FLAG: -77777
ULOD_VALUE: 3000 ~3000 per cm3 (varies depending on flow rate- manufacturer quotes 1250  per cm3 at 1.667 cc/s)
LLOD_FLAG: -88888
LLOD_VALUE: 0 0 (varies depending on data field and measurement precision)
DM_CONTACT_INFO: Troy Thornberry, 325 Broadway R/CSL6, Boulder, CO 80305; troy.thornberry@noaa.gov; 303-497-3373
PROJECT_INFO: B2SAP Boulder, CO, USA
STIPULATIONS_ON_USE: Please contact the PIs for questions regarding applications and uncertainties
OTHER_COMMENTS: POPS bin Edges (nm):  140, 170, 205, 249, 302, 366, 443, 537, 651, 789, 956, 1159, 1404, 1702, 2062, 2500
Calculations assume sulfate refractive index of 1.45+0.00j and extinction wavelength = 532 nm
REVISION: R0
R0: QA/QC data
TIME_START,TIME_STOP,TIME_MID,GPSAlt,GPS_Lon,GPS_Lat,iMet_Pressure,iMet_Temperature,THETA,Aerosol_concentration,Surface_Area_Conc,Volume_density,Effective_radius,Extinction,Bin01,Bin02,Bin03,Bin04,Bin05,Bin06,Bin07,Bin08,Bin09,Bin10,Bin11,Bin12,Bin13,Bin14,Bin15
[from data line 219]
66352,66381,66366,23.6,-103.744,40.1993,29.675,-59.345,584.088,2.37851,0.466823,25.7022,0.165173,0.000162168,0.349781,0.839475,0.629606,0.209869,0.139913,0.0699563,0.0699563,0.0699563,0,0,0,0,0,0,0
66385,66389,66387,23.7,-103.744,40.1993,29.34,-59.555,585.418,1.4148,0.263118,13.5383,0.15436,7.9392e-05,0.42444,0.42444,0.28296,0,0,0.28296,0,0,0,0,0,0,0,0,0
66419,66434,66426,23.8,-103.746,40.1994,28.6575,-58.8575,591.275,1.43957,0.272531,13.3806,0.147293,7.18174e-05,0.215936,0.575829,0.143957,0.287914,0,0.215936,0,0,0,0,0,0,0,0,0
66441,66466,66454,23.9,-103.747,40.1995,28.2275,-59.0837,593.224,1.88816,0.361266,18.9998,0.157777,0.000116108,0.544663,0.544663,0.145243,0.363108,0.0726217,0.108933,0.108933,0,0,0,0,0,0,0,0
66468,66479,66474,24,-103.748,40.1993,27.8325,-59.5275,594.369,1.991,0.558235,35.3458,0.189951,0.000259496,0.516184,0.442444,0.147481,0.0737406,0.294963,0.221222,0.294963,0,0,0,0,0,0,0,0
66510,66518,66514,24.1,-103.75,40.1992,27.14,-60.0833,597.112,2.2999,0.424919,21.7627,0.153649,0.000128663,0.599974,0.499979,0.69997,0.199991,0,0.199991,0.0999957,0,0,0,0,0,0,0,0
66531,66534,66532,24.2,-103.751,40.1989,26.83,-59.79,599.89,1.20698,0.195243,9.17964,0.141049,4.81177e-05,0.301746,0.603491,0,0.150873,0,0.150873,0,0,0,0,0,0,0,0,0
66550,66571,66560,24.3,-103.754,40.1985,26.4,-58.8867,605.236,1.40543,0.337195,20.2001,0.179719,0.000143061,0.40155,0.200775,0.301163,0.100388,0.200775,0,0.200775,0,0,0,0,0,0,0,0
66587,66616,66602,24.4,-103.756,40.1981,25.88,-57.4767,612.685,1.58189,0.332658,18.2378,0.164473,0.000116095,0.306173,0.510288,0.255144,0.204115,0.0510288,0.153086,0.102058,0,0,0,0,0,0,0,0
66624,66650,66637,24.5,-103.757,40.1981,25.45,-56.81,617.53,1.45794,0.288462,15.8901,0.165257,0.000103724,0.460402,0.230201,0.306935,0.306935,0,0,0.153467,0,0,0,0,0,0,0,0
66661,66684,66672,24.6,-103.759,40.1988,25.0317,-55.525,624.145,0.667307,0.0604522,1.77682,0.0881767,3.28634e-06,0.41065,0.153994,0.102663,0,0,0,0,0,0,0,0,0,0,0,0
66688,66706,66697,24.7,-103.759,40.1995,24.6125,-54.1025,631.265,1.15615,0.13449,4.65491,0.103835,1.27789e-05,0.385385,0.539539,0,0.231231,0,0,0,0,0,0,0,0,0,0,0
66722,66740,66731,24.8,-103.759,40.2008,24.23,-53.995,634.401,1.97077,0.347334,16.8242,0.145314,9.10145e-05,0.630646,0.551816,0.236492,0.157662,0.157662,0.236492,0,0,0,0,0,0,0,0,0
66743,66754,66748,24.9,-103.76,40.2026,23.8867,-53.53,638.353,1.25862,0.151086,5.60821,0.111358,1.99645e-05,0.629311,0.314656,0.104885,0.104885,0.104885,0,0,0,0,0,0,0,0,0,0
66767,66777,66772,25,-103.76,40.2048,23.5175,-53.5,641.273,0.633422,0.123162,7.09291,0.172771,4.94493e-05,0.237533,0.158355,0.0791777,0.0791777,0,0,0.0791777,0,0,0,0,0,0,0,0
66793,66818,66806,25.1,-103.761,40.208,23.0456,-54.4567,642.203,1.15719,0.194453,10.0444,0.154965,6.21415e-05,0.542435,0.180812,0.180812,0.108487,0.0361623,0.0361623,0.0723246,0,0,0,0,0,0,0,0
66821,66844,66832,25.2,-103.761,40.2109,22.6017,-54.335,646.14,1.64828,0.259683,12.3667,0.142867,6.85008e-05,0.604371,0.549428,0.109886,0.164828,0.109886,0.0549428,0.0549428,0,0,0,0,0,0,0,0
66861,66872,66866,25.3,-103.761,40.2131,22.16,-54.3433,649.763,0.997038,0.142944,5.96955,0.125285,2.69475e-05,0.332346,0.443128,0,0,0.221564,0,0,0,0,0,0,0,0,0,0
66880,66909,66894,25.4,-103.761,40.2148,21.87,-54.2729,652.417,0.914544,0.113581,4.06161,0.107279,1.17254e-05,0.336937,0.240669,0.144402,0.192536,0,0,0,0,0,0,0,0,0,0,0
66928,66941,66934,25.5,-103.76,40.2176,21.425,-53.31,659.155,1.35621,0.286914,16.3833,0.171305,0.000111064,0.169527,0.678107,0,0.339053,0,0,0.169527,0,0,0,0,0,0,0,0
66944,66961,66952,25.6,-103.76,40.2189,21.218,-53.264,661.121,1.17606,0.25095,14.0067,0.167444,9.06586e-05,0.48426,0.06918,0.20754,0.13836,0.06918,0.13836,0.06918,0,0,0,0,0,0,0,0
66974,66992,66983,25.7,-103.758,40.2213,20.8233,-53.1367,665.069,1.15889,0.17723,7.68755,0.130128,3.5637e-05,0.347667,0.347667,0.231778,0.0579445,0.115889,0.0579445,0,0,0,0,0,0,0,0,0
67011,67019,67015,25.8,-103.757,40.2228,20.47,-52.27,670.945,1.93481,0.367485,20.5446,0.167718,0.000139727,0.879459,0.527675,0,0,0.351783,0,0.175892,0,0,0,0,0,0,0,0
67039,67054,67046,25.9,-103.756,40.2246,20.0514,-52.8286,673.222,1.27612,0.190478,8.70059,0.137033,4.57451e-05,0.459402,0.357313,0.204179,0.153134,0.0510447,0,0.0510447,0,0,0,0,0,0,0,0
67061,67090,67076,26,-103.754,40.2254,19.7217,-52.565,677.238,1.45961,0.20761,8.84894,0.127868,4.02153e-05,0.729804,0.243268,0.121634,0.182451,0.121634,0.060817,0,0,0,0,0,0,0,0,0
67093,67119,67106,26.1,-103.752,40.226,19.4,-51.522,683.639,0.948497,0.257812,18.9148,0.220099,0.000154437,0.364807,0.291845,0.0729613,0,0,0,0.145923,0.0729613,0,0,0,0,0,0,0
67130,67154,67142,26.2,-103.75,40.2269,19.048,-50.838,689.35,0.804455,0.106971,3.96503,0.111199,1.21626e-05,0.292529,0.146265,0.146265,0.219397,0,0,0,0,0,0,0,0,0,0,0
67174,67177,67176,26.3,-103.75,40.2284,18.73,-50.7667,692.883,1.49633,0.117513,3.13451,0.0800211,4.33665e-06,1.12225,0.374082,0,0,0,0,0,0,0,0,0,0,0,0,0
67190,67216,67203,26.4,-103.75,40.2299,18.4767,-50.58,696.178,2.06031,0.352428,18.2451,0.155309,0.000112987,0.87407,0.499468,0.187301,0.187301,0.124867,0.0624335,0.124867,0,0,0,0,0,0,0,0
67227,67245,67236,26.5,-103.75,40.2312,18.168,-50.932,698.425,1.21411,0.193966,9.92501,0.153506,6.23432e-05,0.607057,0.303528,0.0758821,0,0.151764,0,0.0758821,0,0,0,0,0,0,0,0
67256,67275,67266,26.6,-103.751,40.2319,17.86,-51.2067,700.983,1.67437,0.259853,12.1129,0.139843,6.4725e-05,0.772784,0.515189,0,0,0.257595,0.128797,0,0,0,0,0,0,0,0,0
67285,67307,67296,26.7,-103.751,40.2322,17.4933,-51.565,704.002,1.24935,0.183224,7.71978,0.126399,3.46768e-05,0.526041,0.328775,0.0657551,0.0657551,0.26302,0,0,0,0,0,0,0,0,0,0
67313,67334,67324,26.8,-103.751,40.2326,17.218,-51.302,708.056,1.1142,0.0993149,2.89408,0.0874212,5.25035e-06,0.716269,0.238756,0.159171,0,0,0,0,0,0,0,0,0,0,0,0
67340,67343,67342,26.9,-103.751,40.2331,17.035,-51.385,709.941,0.796153,0.0559022,1.3929,0.07475,1.55173e-06,0.796153,0,0,0,0,0,0,0,0,0,0,0,0,0,0
67377,67404,67390,27,-103.75,40.2357,16.585,-50.2375,719.104,0.812634,0.133704,6.12429,0.137415,3.05451e-05,0.355527,0.101579,0.101579,0.101579,0.101579,0.0507896,0,0,0,0,0,0,0,0,0
67407,67438,67422,27.1,-103.749,40.2375,16.31,-49.3767,725.331,1.29141,0.12436,4.02486,0.0970941,1.14778e-05,0.747656,0.475781,0,0,0.0679688,0,0,0,0,0,0,0,0,0,0
67442,67465,67454,27.2,-103.748,40.2385,16.1157,-49.2429,728.262,0.640465,0.144821,8.37656,0.173522,5.69296e-05,0.174672,0.116448,0.174672,0,0.0582241,0.0582241,0.0582241,0,0,0,0,0,0,0,0
67473,67502,67488,27.3,-103.745,40.2395,15.788,-48.86,733.796,1.17485,0.218337,10.0583,0.138203,4.80983e-05,0.167835,0.33567,0.167835,0.33567,0.0839176,0.0839176,0,0,0,0,0,0,0,0,0
67506,67532,67519,27.4,-103.742,40.2402,15.5133,-49.4517,735.541,1.33221,0.123688,3.70493,0.0898616,7.22276e-06,0.841395,0.210349,0.280465,0,0,0,0,0,0,0,0,0,0,0,0
67534,67558,67546,27.5,-103.74,40.2406,15.24,-49.635,738.687,0.856879,0.0832625,2.5047,0.090246,4.75849e-06,0.32133,0.42844,0.10711,0,0,0,0,0,0,0,0,0,0,0,0
67566,67593,67580,27.6,-103.738,40.2412,15,-48.8925,744.499,0.869248,0.0918318,2.96904,0.0969939,6.94153e-06,0.380296,0.27164,0.162984,0.054328,0,0,0,0,0,0,0,0,0,0,0
67605,67612,67608,27.7,-103.738,40.2418,14.77,-48.69,748.482,0.54279,0.0506838,1.51901,0.0899108,2.95161e-06,0.325674,0.108558,0.108558,0,0,0,0,0,0,0,0,0,0,0,0
58935,58956,58946,1.7,-105.197,39.9491,824.64,13.4225,302.806,569.6,95.9638,5852.72,0.182966,0.0276136,190.012,167.755,98.1918,46.6956,33.4288,14.8379,14.7506,2.09476,0.698253,0.349126,0.174563,0.0872816,0.261845,0.261845,0
67620,67620,67620,27.4,-103.738,40.2418,15.07,-49.33,742.06,3.37492,0.265047,7.06979,0.0800211,9.78118e-06,2.53119,0.84373,0,0,0,0,0,0,0,0,0,0,0,0,0
67626,67626,67626,27,-103.738,40.2418,15.82,-47.88,736.561,2.43869,0.184758,4.8279,0.0783927,6.29623e-06,2.03224,0.406448,0,0,0,0,0,0,0,0,0,0,0,0,0
67630,67630,67630,26.7,-103.737,40.242,16.48,-48.51,725.982,0.420325,0.0642026,2.35945,0.11025,6.55557e-06,0,0,0.420325,0,0,0,0,0,0,0,0,0,0,0,0
67632,67632,67632,26.6,-103.737,40.242,16.82,-48.62,721.394,0.768971,0.154974,7.61542,0.14742,4.19697e-05,0.384486,0,0,0,0.384486,0,0,0,0,0,0,0,0,0,0
67634,67634,67634,26.5,-103.737,40.2421,17.2,-49.06,715.421,1.15572,0.182328,8.30437,0.136639,4.2803e-05,0.770481,0,0,0,0.385241,0,0,0,0,0,0,0,0,0,0
67635,67635,67635,26.4,-103.737,40.2422,17.38,-48.98,713.53,0,0,0,99999,0,0,0,0,0,0,0,0,0,0,0,0,0,0,0,0
67636,67637,67636,26.3,-103.737,40.2422,17.685,-48.805,710.567,0.748228,0.087364,3.09393,0.106243,9.02617e-06,0.374114,0.187057,0,0.187057,0,0,0,0,0,0,0,0,0,0,0
67640,67640,67640,26.1,-103.737,40.2424,18.38,-49.06,701.988,1.18971,0.144175,5.3178,0.110653,1.68574e-05,0.793142,0,0,0.396571,0,0,0,0,0,0,0,0,0,0,0
67644,67644,67644,25.8,-103.737,40.2426,19.23,-50.4,688.817,0.713923,0.0795883,2.62828,0.0990702,6.26305e-06,0.356961,0,0.356961,0,0,0,0,0,0,0,0,0,0,0,0
67645,67645,67645,25.7,-103.737,40.2426,19.44,-50.47,686.477,1.04375,0.0848648,2.30658,0.0815385,3.35523e-06,0.695836,0.347918,0,0,0,0,0,0,0,0,0,0,0,0,0
67647,67648,67648,25.6,-103.737,40.2427,19.94,-50.21,682.31,0.713314,0.0560197,1.49425,0.0800211,2.06732e-06,0.534986,0.178329,0,0,0,0,0,0,0,0,0,0,0,0,0
67660,67660,67660,24.9,-103.737,40.2434,22.72,-53.51,647.596,0.6253,0.0917122,3.64547,0.119247,1.26807e-05,0.31265,0,0,0.31265,0,0,0,0,0,0,0,0,0,0,0
67675,67676,67676,24,-103.737,40.2437,26.41,-57.375,609.441,1.52213,0.319889,18.1007,0.169753,0.000122698,0.45664,0.45664,0.152213,0,0.304427,0,0.152213,0,0,0,0,0,0,0,0
67680,67682,67681,23.7,-103.737,40.2438,27.72,-57.805,599.875,0.859039,0.31081,20.81,0.200862,0.00015649,0.143173,0,0.286346,0,0,0.286346,0.143173,0,0,0,0,0,0,0,0
67691,67691,67691,23.2,-103.737,40.2438,30.37,-58.55,582.404,2.05329,0.453416,27.4251,0.181457,0.000199854,0.586653,0.87998,0,0,0.293327,0,0.293327,0,0,0,0,0,0,0,0
67693,67693,67693,23.1,-103.738,40.2438,30.86,-58.63,579.516,1.08346,0.126506,4.48011,0.106243,1.30702e-05,0.541728,0.270864,0,0.270864,0,0,0,0,0,0,0,0,0,0,0
67699,67699,67699,22.8,-103.738,40.2438,32.53,-58.96,569.991,1.33081,0.160712,5.60319,0.104594,1.53831e-05,0.266163,0.798489,0,0.266163,0,0,0,0,0,0,0,0,0,0,0
67702,67702,67702,22.6,-103.738,40.2439,33.36,-58.77,566.397,1.2584,0.312389,19.7961,0.19011,0.000148965,0.251681,0.251681,0.503362,0,0,0,0.251681,0,0,0,0,0,0,0,0
67706,67706,67706,22.4,-103.738,40.2439,34.46,-58.9,560.829,1.48449,0.308303,16.1345,0.157,9.54746e-05,0.494831,0.247416,0.247416,0,0.247416,0.247416,0,0,0,0,0,0,0,0,0
67710,67710,67710,22.2,-103.738,40.2439,35.63,-58.67,556.099,0.754691,0.239719,14.1126,0.176614,9.21712e-05,0,0.251564,0,0,0.251564,0.251564,0,0,0,0,0,0,0,0,0
67716,67719,67718,21.9,-103.738,40.2439,37.865,-57.01,550.764,1.11344,0.166646,7.7092,0.138782,3.9977e-05,0.61858,0.123716,0.123716,0.123716,0,0.123716,0,0,0,0,0,0,0,0,0
67723,67727,67725,21.5,-103.738,40.2437,40.12,-58.44,538.165,0.879529,0.184603,9.43891,0.153393,5.33369e-05,0.251294,0.125647,0.125647,0.125647,0.125647,0.125647,0,0,0,0,0,0,0,0,0
67738,67751,67744,20.5,-103.738,40.2428,46.275,-61.295,509.95,1.81772,0.354828,16.8598,0.142546,8.57126e-05,0.279649,0.419474,0.419474,0.279649,0.279649,0.139825,0,0,0,0,0,0,0,0,0
67752,67753,67752,20.4,-103.738,40.2428,48.865,-60.79,503.091,2.07208,0.757004,57.5784,0.228183,0.000423133,0.276277,0.552554,0,0.138139,0.414416,0.552554,0,0,0.138139,0,0,0,0,0,0
67754,67754,67754,20.3,-103.738,40.2427,49.39,-60.51,502.213,3.02329,0.666868,45.4218,0.204336,0.000341466,1.51164,0.604658,0,0.302329,0.302329,0,0,0.302329,0,0,0,0,0,0,0
67756,67756,67756,20.2,-103.738,40.2428,50.11,-60.86,499.326,3.06984,0.764051,44.822,0.175991,0.000304861,0.837229,0.558153,0.279076,0.279076,0.558153,0.279076,0.279076,0,0,0,0,0,0,0,0
67765,67765,67765,19.9,-103.738,40.243,53.22,-60.85,490.822,2.5618,1.136,83.7764,0.22124,0.000694482,0.284644,0.569289,0,0,0.569289,0,1.13858,0,0,0,0,0,0,0,0
67781,67782,67782,19.3,-103.737,40.2434,59.215,-64.24,468.485,1.78926,0.433204,25.9165,0.179475,0.000180641,0.447314,0.596419,0.149105,0,0.149105,0.29821,0.149105,0,0,0,0,0,0,0,0
67784,67784,67784,19.2,-103.737,40.2435,60.16,-64.02,466.858,1.50499,0.23441,9.86767,0.126287,4.28322e-05,0.601998,0,0.601998,0,0.300999,0,0,0,0,0,0,0,0,0,0
67793,67796,67794,18.8,-103.736,40.2438,64.255,-61.065,464.639,1.59911,0.501454,42.9422,0.256906,0.00033554,0.436122,0.436122,0.290748,0.145374,0,0,0.145374,0,0.145374,0,0,0,0,0,0
67800,67800,67800,18.6,-103.736,40.2439,66.43,-59.43,463.77,3.67579,0.458818,16.6625,0.108949,5.49444e-05,0.848259,1.69652,0.848259,0,0.282753,0,0,0,0,0,0,0,0,0,0
67802,67802,67802,18.5,-103.736,40.244,67.21,-59.12,462.903,1.97641,0.200737,6.54182,0.0977671,1.6347e-05,1.12937,0.564687,0,0.282344,0,0,0,0,0,0,0,0,0,0,0
67809,67809,67809,18.2,-103.735,40.2443,70.03,-59.83,455.982,1.66637,2.72406,516.554,0.568879,0.00150485,0,0.555458,0.277729,0,0.277729,0,0,0,0,0,0.555458,0,0,0,0
67814,67814,67814,18.1,-103.734,40.2445,71.99,-59.25,453.623,2.88936,0.55715,31.9366,0.171964,0.00022315,1.28416,0.64208,0.32104,0,0.32104,0,0.32104,0,0,0,0,0,0,0,0
67816,67816,67816,18,-103.734,40.2447,72.91,-59.06,452.389,1.25451,0.0880858,2.1948,0.07475,2.44509e-06,1.25451,0,0,0,0,0,0,0,0,0,0,0,0,0,0
67822,67822,67822,17.8,-103.733,40.2449,75.45,-59.54,446.976,2.25033,0.286758,10.2869,0.10762,2.93335e-05,0.964428,0,0.964428,0.321476,0,0,0,0,0,0,0,0,0,0,0
67828,67828,67828,17.6,-103.733,40.2452,78.04,-59.16,443.471,3.28368,0.573466,27.2983,0.142807,0.000143805,0.985104,0.985104,0.328368,0.328368,0.328368,0.328368,0,0,0,0,0,0,0,0,0
67832,67832,67832,17.5,-103.732,40.2453,79.71,-58.77,441.61,4.69804,1.21932,98.5193,0.242395,0.00075475,2.81883,0,0.626406,0.313203,0.313203,0,0.313203,0,0.313203,0,0,0,0,0,0
67833,67833,67833,17.4,-103.732,40.2454,80.13,-58.66,441.177,2.4499,0.788722,74.2546,0.282436,0.000590231,1.83742,0,0,0,0,0.306237,0,0,0.306237,0,0,0,0,0,0
67839,67839,67839,17.3,-103.731,40.2456,82.74,-59.36,435.724,2.76516,0.28203,9.04235,0.0961849,2.1319e-05,1.22896,1.22896,0,0.30724,0,0,0,0,0,0,0,0,0,0,0
67843,67843,67843,17.2,-103.731,40.2457,84.55,-58.86,434.061,3.20456,0.467557,19.4198,0.124604,8.48882e-05,1.28182,0.640911,0.640911,0,0.640911,0,0,0,0,0,0,0,0,0,0
67844,67844,67844,17.1,-103.731,40.2458,84.99,-58.72,433.683,4.99051,0.933335,55.6932,0.179014,0.000379458,2.34847,1.17424,0,0.587119,0.587119,0,0,0.293559,0,0,0,0,0,0,0
67848,67848,67848,17,-103.73,40.2459,86.76,-59.13,430.322,3.61154,1.14831,76.5045,0.199872,0.000581858,1.31329,0.328322,0,0.328322,0.328322,0.656644,0.656644,0,0,0,0,0,0,0,0
67849,67849,67849,16.9,-103.73,40.246,87.2,-59.13,429.703,4.07849,1.11472,71.8421,0.193346,0.000509686,0.941189,0.62746,0.62746,0.31373,0.941189,0.31373,0,0.31373,0,0,0,0,0,0,0
67853,67855,67854,16.8,-103.73,40.2461,89.495,-59.055,426.668,4.49034,0.830388,44.6213,0.161206,0.000285862,1.76406,1.12259,0.320739,0.481108,0.320739,0.160369,0.320739,0,0,0,0,0,0,0,0
67858,67858,67858,16.7,-103.729,40.2463,91.34,-58.15,425.989,2.39208,0.419757,20.6289,0.147434,0.000115875,0.598021,1.19604,0,0,0.29901,0.29901,0,0,0,0,0,0,0,0,0
67863,67863,67863,16.5,-103.728,40.2467,93.67,-58.1,423.025,5.26883,1.35327,87.0682,0.193018,0.000628571,1.46356,1.17085,0.292713,0.878139,0.585426,0.292713,0.292713,0.292713,0,0,0,0,0,0,0
67869,67869,67869,16.3,-103.727,40.247,96.41,-58.97,417.85,3.25553,0.450644,17.8414,0.118773,6.89281e-05,1.4469,0.361725,0.723451,0.361725,0.361725,0,0,0,0,0,0,0,0,0,0
67873,67873,67873,16.2,-103.727,40.2472,98.38,-59.14,415.122,5.09835,0.607901,21.0596,0.103929,5.68415e-05,1.56872,1.9609,0.784361,0.784361,0,0,0,0,0,0,0,0,0,0,0
67877,67879,67878,16.1,-103.726,40.2474,100.75,-59.76,411.116,1.17997,0.164118,6.6546,0.121643,2.7503e-05,0.505702,0.337134,0,0.168567,0.168567,0,0,0,0,0,0,0,0,0,0
67881,67881,67881,16,-103.726,40.2475,102.27,-59.63,409.605,3.70619,0.504528,27.4342,0.163128,0.000194163,3.03234,0.336926,0,0,0,0,0.336926,0,0,0,0,0,0,0,0
