api/data/B2SAP/Locations/Boulder/NOAA-POPS-B2SAP_GMLBalloon_20221121_R0.ict
61,1001
Thornberry, T. D.
NOAA Chemical Sciences Laboratory
Portable Optical Particle Spectrometer (POPS)
Balloon Baseline Stratospheric Aerosol Profiles (B2SAP)
1,1
2022,11,21,2024,05,30
0
TIME_START,s,Seconds since midnight UTC on flight start day,Start time of 100 m altitude bin in UTC_seconds_since_midnight
28
1.0,1.0,1.0,1.0,1.0,1.0,1.0,1.0,1.0,1.0,1.0,1.0,1.0,1.0,1.0,1.0,1.0,1.0,1.0,1.0,1.0,1.0,1.0,1.0,1.0,1.0,1.0,1.0
99999,99999,99999,99999,99999,99999,99999,99999,99999,99999,99999,99999,99999,99999,99999,99999,99999,99999,99999,99999,99999,99999,99999,99999,99999,99999,99999,99999
TIME_STOP,s,End time of 100 m altitude bin in UTC seconds since midnight,
TIME_MID,s,Mid time of 100 m altitude in UTC seconds since midnight,
GPSAlt,m,GPS reported altitude above sea level (m),
GPS_Lon,deg,GPS reported longitude,
GPS_Lat,deg,GPS reported latitude,
iMet_Pressure,mb,Pressure reported (mB),
iMet_Temperature,degrees C,Ambient temperature (oC),
THETA,K,Potential temperature from iMet,
Aerosol_concentration,cm^-3,Aerosol concentration,
Surface_Area_Conc,um^2 cm^-3,Surface area concentration,
Volume_density,um^3 cm^-3,Volume density,
Effective_radius,um,Effective radius,
Extinction,km^-1,Extinction,
Bin01,cm^-3,particle concentration in size range [140 - 170 nm],
Bin02,cm^-3,particle concentration in size range [170 - 205 nm],
Bin03,cm^-3,particle concentration in size range [205 - 249 nm],
Bin04,cm^-3,particle concentration in size range [249 - 302 nm],
Bin05,cm^-3,particle concentration in size range [302 - 366 nm],
Bin06,cm^-3,particle concentration in size range [366 - 443 nm],
Bin07,cm^-3,particle concentration in size range [443 - 537 nm],
Bin08,cm^-3,particle concentration in size range [537 - 651 nm],
Bin09,cm^-3,particle concentration in size range [651 - 789 nm],
Bin10,cm^-3,particle concentration in size range [789 - 956 nm],
Bin11,cm^-3,particle concentration in size range [956 - 1159 nm],
Bin12,cm^-3,particle concentration in size range [1159 - 1404 nm],
Bin13,cm^-3,particle concentration in size range [1404 - 1702 nm],
Bin14,cm^-3,particle concentration in size range [1702 - 2062 nm],
Bin15,cm^-3,particle concentration in size range [2062 - 2500 nm],
0
19
PI_CONTACT_INFO: 325 Broadway R/CSL6, Boulder, CO 80305; troy.thornberry@noaa.gov; 303-497-3373 
PLATFORM: GML ECC/FPH balloon
LOCATION: Boulder, CO, USA
ASSOCIATED_DATA: N/A
INSTRUMENT_INFO: Printed Optical Particle Spectrometer counts particles from 140 - 2500 nm in diameter 
DATA_INFO: Particle concentrations reported in number per cubic centimeter, binned to 100 m altitude
UNCERTAINTY: Counting uncertainty dominated by air flow, less than 5 percent
ULOD_FLAG: -77777
ULOD_VALUE: 3000 ~3000 per cm3 (varies depending on flow rate- manufacturer quotes 1250  per cm3 at 1.667 cc/s)
LLOD_FLAG: -88888
LLOD_VALUE: 0 0 (varies depending on data field and measurement precision)
DM_CONTACT_INFO: Troy Thornberry, 325 Broadway R/CSL6, Boulder, CO 80305; troy.thornberry@noaa.gov; 303-497-3373
PROJECT_INFO: B2SAP Boulder, CO, USA
STIPULATIONS_ON_USE: Please contact the PIs for questions regarding applications and uncertainties
OTHER_COMMENTS: POPS bin Edges (nm):  140, 170, 205, 249, 302, 366, 443, 537, 651, 789, 956, 1159, 1404, 1702, 2062, 2500
Calculations assume sulfate refractive index of 1.45+0.00j and extinction wavelength = 532 nm
REVISION: R0
R0: QA/QC data
TIME_START,TIME_STOP,TIME_MID,GPSAlt,GPS_Lon,GPS_Lat,iMet_Pressure,iMet_Temperature,THETA,Aerosol_concentration,Surface_Area_Conc,Volume_density,Effective_radius,Extinction,Bin01,Bin02,Bin03,Bin04,Bin05,Bin06,Bin07,Bin08,Bin09,Bin10,Bin11,Bin12,Bin13,Bin14,Bin15
[from data line 159]
65378,65401,65390,17.7,-104.692,39.7585,77.1939,-62.9778,436.935,5.59895,1.51346,101.904,0.201997,0.000725646,1.44165,1.08962,0.720823,0.536426,0.787876,0.435846,0.335266,0.184397,0.05029,0.0167633,0,0,0,0,0
65402,65423,65412,17.8,-104.688,39.7569,75.8794,-62.5459,439.978,5.01723,1.42019,115.51,0.244003,0.000667471,1.32032,1.05626,0.651359,0.651359,0.492921,0.299273,0.281669,0.211252,0,0.0176043,0.0176043,0.0176043,0,0,0
65426,65448,65437,17.9,-104.684,39.7558,74.6158,-62.3337,442.542,5.64669,1.59631,106.826,0.200763,0.000754736,0.996474,1.05974,0.949023,0.869938,0.648499,0.53778,0.316341,0.205622,0.0474512,0.0158171,0,0,0,0,0
65451,65475,65463,18,-104.68,39.7545,73.3537,-62.0821,445.238,4.73076,1.48201,128.994,0.261119,0.000720287,1.29588,0.843106,0.640136,0.390327,0.56207,0.437166,0.327874,0.156131,0.0156131,0.0156131,0.0156131,0.0312261,0,0,0
65477,65506,65492,18.1,-104.676,39.7527,72.1821,-62.1738,447.088,4.9058,1.46582,103.634,0.212103,0.000760031,0.933903,1.04642,0.85514,0.461326,0.472577,0.405066,0.517585,0.135022,0.0562592,0.0225037,0,0,0,0,0
65507,65534,65520,18.2,-104.673,39.7508,71.0465,-62.6383,448.138,4.95525,1.47461,100.322,0.204099,0.000726936,0.920261,0.814077,0.755086,0.719691,0.73149,0.342148,0.448332,0.165175,0.0471929,0.0117982,0,0,0,0,0
65536,65560,65548,18.3,-104.671,39.7492,69.8716,-62.9874,449.529,5.09901,1.54508,105.465,0.204775,0.000770868,0.959645,0.873707,0.816415,0.70183,0.429692,0.587246,0.529953,0.157554,0.0286461,0.0143231,0,0,0,0,0
65561,65585,65573,18.4,-104.67,39.7478,68.7678,-63.3256,450.845,5.29916,1.6786,148.538,0.265468,0.000812703,1.07497,0.938708,0.98413,0.772163,0.590478,0.34823,0.287669,0.181685,0.0454214,0.0151405,0.0605618,0,0,0,0
65586,65611,65598,18.5,-104.668,39.7466,67.6371,-63.5971,452.412,4.89914,1.37924,90.5755,0.197012,0.0006471,1.0239,0.959092,0.596192,0.544349,0.829485,0.3629,0.37586,0.194411,0,0.0129607,0,0,0,0,0
65614,65635,65624,18.6,-104.665,39.7453,66.5112,-64.0971,453.495,4.20976,1.1474,74.6427,0.195161,0.000519061,0.899796,0.883728,0.465966,0.530237,0.57844,0.417762,0.337423,0.0642711,0.0160678,0.0160678,0,0,0,0,0
65637,65661,65649,18.7,-104.661,39.7439,65.4626,-63.8189,456.163,4.05081,1.3592,108.847,0.240245,0.000673648,0.790052,0.545854,0.617677,0.53149,0.560219,0.445302,0.316021,0.201104,0.0143646,0,0.0143646,0.0143646,0,0,0
65662,65686,65674,18.8,-104.657,39.7423,64.3655,-64.0595,457.851,4.71921,1.51938,121.647,0.240192,0.000756266,0.984878,0.683943,0.72498,0.615549,0.656585,0.506118,0.314614,0.136789,0.0410366,0.0273577,0.0273577,0,0,0,0
65687,65710,65698,18.9,-104.654,39.7408,63.2853,-64.17,459.82,4.34075,1.28326,94.2692,0.220383,0.000616186,0.977386,0.804906,0.51744,0.531813,0.618053,0.373707,0.330587,0.143733,0.0143733,0.0143733,0.0143733,0,0,0,0
65711,65735,65723,19,-104.651,39.7393,62.2089,-64.3184,461.757,4.42605,1.58018,152.804,0.290102,0.000859903,1.08128,0.879443,0.634352,0.475764,0.273925,0.432513,0.34601,0.144171,0.0576684,0.0432513,0.0288342,0.0288342,0,0,0
65738,65764,65751,19.1,-104.649,39.7384,61.2,-64.0633,464.486,4.16973,1.465,132.156,0.270628,0.000861194,1.07655,0.803622,0.561019,0.439717,0.333579,0.212277,0.348741,0.257765,0.0606507,0.045488,0.0303253,0,0,0,0
65765,65793,65779,19.2,-104.645,39.7376,60.1825,-62.875,469.363,4.27742,1.24638,98.4424,0.236948,0.000610433,1.01307,0.95679,0.517792,0.574074,0.405229,0.292665,0.315178,0.12382,0.0450254,0.0112564,0.0112564,0.0112564,0,0,0
65794,65821,65808,19.3,-104.642,39.7362,59.177,-62.3775,472.752,4.19379,1.44538,128.268,0.26623,0.000767683,0.895761,0.719323,0.475025,0.63789,0.624318,0.298587,0.271443,0.0950049,0.122149,0.0135721,0.0407164,0,0,0,0
65823,65851,65837,19.4,-104.639,39.7347,58.2519,-62.501,474.599,4.35071,1.38415,112.958,0.244825,0.000744755,1.149,0.671327,0.516405,0.555136,0.542225,0.413124,0.245292,0.129101,0.0516405,0.0645506,0.0129101,0,0,0,0
65851,65874,65862,19.5,-104.636,39.7335,57.29,-62.9106,475.939,4.0051,1.64593,161.006,0.293462,0.000957896,0.876589,0.574317,0.528976,0.453408,0.453408,0.347613,0.37784,0.226704,0.075568,0.0302272,0.0604544,0,0,0,0
65875,65896,65886,19.6,-104.634,39.7323,56.3478,-62.3678,479.435,4.21535,1.4811,126.45,0.256127,0.000874694,1.16338,0.574134,0.513699,0.483482,0.423046,0.392829,0.332394,0.135979,0.135979,0.0453264,0.0151088,0,0,0,0
65898,65919,65908,19.7,-104.631,39.7314,55.4341,-62.2906,481.847,4.43573,1.5743,136.78,0.260649,0.000906347,1.00522,0.670146,0.654191,0.526544,0.542499,0.335073,0.366985,0.19147,0.0319117,0.0957352,0,0.0159559,0,0,0
65920,65940,65930,19.8,-104.628,39.7308,54.5024,-62.8912,482.82,3.81443,1.36414,117.683,0.258807,0.000793731,0.782038,0.750118,0.526679,0.398999,0.367079,0.367079,0.319199,0.17556,0.0478799,0.0638398,0.01596,0,0,0,0
65941,65959,65950,19.9,-104.625,39.7302,53.656,-62.786,485.218,4.00508,1.48772,130.453,0.263061,0.000898512,1.05111,0.634289,0.398696,0.344328,0.525553,0.308083,0.416818,0.14498,0.108735,0.0543676,0.0181225,0,0,0,0
65963,65982,65972,20,-104.624,39.7295,52.7494,-62.6276,487.956,4.04183,1.65067,165.046,0.299961,0.000984993,0.830731,0.750853,0.335488,0.639024,0.495244,0.319512,0.319512,0.111829,0.0958536,0.0958536,0.0319512,0.0159756,0,0,0
65983,66005,65994,20.1,-104.622,39.7296,51.8858,-62.3221,490.977,3.44026,1.32193,120.628,0.273755,0.000827188,0.867172,0.540205,0.355398,0.426478,0.369614,0.298535,0.241671,0.113727,0.156375,0.0568637,0,0.0142159,0,0,0
66006,66028,66017,20.2,-104.621,39.7298,51.0553,-63.0532,491.526,3.68927,1.3459,122.023,0.271988,0.000712445,0.746467,0.55985,0.50243,0.459364,0.55985,0.272748,0.358878,0.114841,0.0574205,0.0143551,0.0287103,0.0143551,0,0,0
66029,66050,66040,20.3,-104.62,39.73,50.1472,-63.9006,492.072,3.63203,1.11119,78.4195,0.211717,0.000583309,0.711272,0.590204,0.605338,0.469137,0.514537,0.242135,0.242135,0.181601,0.0756672,0,0,0,0,0,0
66051,66072,66062,20.4,-104.618,39.7301,49.2719,-64.4294,493.298,3.17799,1.09215,89.5381,0.24595,0.000584946,0.580923,0.563837,0.392977,0.410063,0.495493,0.273375,0.273375,0.0854298,0.0683438,0.017086,0.017086,0,0,0,0
66073,66094,66084,20.5,-104.616,39.7301,48.57,-64.6206,494.868,3.86498,1.43075,125.347,0.262827,0.000847097,0.870766,0.565234,0.534681,0.473574,0.366638,0.427745,0.336085,0.122213,0.076383,0.076383,0.0152766,0,0,0,0
66095,66120,66108,20.6,-104.612,39.7296,47.7132,-64.6732,497.276,3.45896,1.46749,142.766,0.291857,0.000859049,0.682049,0.499357,0.365383,0.487178,0.414101,0.316665,0.341024,0.194871,0.0852561,0.0243589,0.0243589,0.0243589,0,0,0
66121,66143,66132,20.7,-104.609,39.7283,46.8968,-64.1305,501.023,3.62465,1.56251,151.159,0.290223,0.000958704,0.749928,0.416627,0.416627,0.416627,0.56939,0.374964,0.347189,0.124988,0.0833253,0.0972129,0.0138876,0,0.0138876,0,0
66147,66165,66156,20.8,-104.606,39.727,46.1206,-64.52,502.488,3.76379,1.7199,160.303,0.279616,0.00114104,0.533204,0.470474,0.705711,0.407744,0.407744,0.360697,0.345014,0.266602,0.172507,0.0784124,0,0.0156825,0,0,0
66168,66186,66177,20.9,-104.603,39.726,45.4333,-64.8533,503.84,3.88031,1.52066,135.253,0.266832,0.000918702,0.721918,0.595582,0.451198,0.595582,0.505342,0.342911,0.252671,0.216575,0.126336,0.0541438,0,0.0180479,0,0,0
66187,66216,66202,21,-104.599,39.7246,44.6281,-64.8976,506.307,3.86545,1.81343,193.176,0.319575,0.00111286,0.75487,0.67678,0.39045,0.33839,0.559645,0.299345,0.39045,0.221255,0.091105,0.065075,0.065075,0.013015,0,0,0
66217,66241,66229,21.1,-104.595,39.7229,43.8474,-64.3605,510.19,3.59976,1.76029,188.156,0.320666,0.00105602,0.624152,0.522546,0.406424,0.42094,0.406424,0.362879,0.42094,0.246758,0.0725758,0.0290303,0.0725758,0.0145152,0,0,0
66242,66269,66256,21.2,-104.591,39.7211,43.1905,-64.3777,512.343,3.95207,1.73304,157.525,0.272686,0.00111316,0.53031,0.631322,0.568189,0.378793,0.606069,0.378793,0.391419,0.265155,0.0757586,0.113638,0.0126264,0,0,0,0
66272,66295,66284,21.3,-104.587,39.7192,42.495,-64.7075,513.915,3.29943,1.69289,179.79,0.31861,0.00111463,0.493504,0.493504,0.451204,0.282002,0.535804,0.253802,0.253802,0.253802,0.155101,0.0705006,0.0423003,0.0141001,0,0,0
66299,66317,66308,21.4,-104.583,39.7175,41.7675,-64.3425,517.365,3.78278,1.72474,160.731,0.279574,0.00112019,0.580613,0.52783,0.457453,0.422264,0.52783,0.439858,0.369481,0.193538,0.158349,0.0879717,0,0.0175943,0,0,0
66318,66341,66330,21.5,-104.58,39.7165,41.0476,-63.0435,523.165,3.08032,1.23688,113.3,0.274804,0.00075648,0.636152,0.452003,0.468744,0.334817,0.251113,0.351558,0.284595,0.167409,0.0502226,0.0669634,0,0.0167409,0,0,0
66342,66362,66352,21.6,-104.577,39.7156,40.3669,-62.7013,526.542,3.37408,0.856736,53.2191,0.186355,0.000374642,0.85691,0.606978,0.535569,0.392751,0.339194,0.267784,0.321341,0.0357046,0.0178523,0,0,0,0,0,0
66365,66383,66374,21.7,-104.575,39.7149,39.7362,-62.1862,530.202,3.19919,0.784591,48.2323,0.184423,0.000337564,0.933098,0.466549,0.533199,0.355466,0.399899,0.19995,0.19995,0.111083,0,0,0,0,0,0,0
66384,66405,66394,21.8,-104.572,39.7144,39.0375,-62.2644,532.701,2.83521,0.778436,52.6455,0.202889,0.000387597,0.708803,0.527058,0.418012,0.345314,0.32714,0.127221,0.236268,0.109047,0.0363489,0,0,0,0,0,0
66406,66427,66416,21.9,-104.569,39.7144,38.3729,-62.3721,535.048,2.7863,0.744163,51.3367,0.206957,0.000380502,0.781008,0.569925,0.464383,0.274408,0.12665,0.232192,0.168867,0.12665,0.0422167,0,0,0,0,0,0
66428,66452,66440,22,-104.566,39.7142,37.7841,-61.99,538.384,3.35358,0.974161,70.0689,0.215782,0.000513049,0.855861,0.698662,0.40173,0.349331,0.331864,0.244532,0.314398,0.0873327,0.0523996,0.0174665,0,0,0,0,0
66453,66479,66466,22.1,-104.563,39.714,37.117,-61.8205,541.578,2.92243,0.829127,58.3464,0.211113,0.000421749,0.697229,0.578552,0.430205,0.341197,0.281858,0.22252,0.22252,0.103843,0.0296693,0.0148347,0,0,0,0,0
66480,66506,66493,22.2,-104.559,39.7134,36.5218,-62.2018,543.093,2.98474,1.06079,84.3849,0.238647,0.000632,0.497456,0.657353,0.319793,0.390859,0.373092,0.213196,0.230962,0.213196,0.0532989,0.0355326,0,0,0,0,0
66507,66533,66520,22.3,-104.556,39.7126,35.9085,-62.015,546.218,2.61195,0.851029,65.7515,0.231783,0.000477197,0.561874,0.440388,0.379645,0.364459,0.227787,0.258158,0.227787,0.0607431,0.0607431,0.0303716,0,0,0,0,0
66534,66556,66545,22.4,-104.554,39.7117,35.3741,-61.8476,548.995,2.36801,0.679729,44.9709,0.19848,0.000327786,0.451909,0.524215,0.307298,0.216917,0.361528,0.216917,0.180764,0.0903819,0.0180764,0,0,0,0,0,0
66561,66586,66574,22.5,-104.551,39.7105,34.7848,-62.4648,550.017,2.80439,0.865658,59.9802,0.207866,0.000445376,0.697389,0.341276,0.38579,0.341276,0.296761,0.370952,0.222571,0.103866,0.0445142,0,0,0,0,0,0
66586,66605,66596,22.6,-104.549,39.7093,34.1947,-62.768,551.931,2.22902,0.635982,42.1825,0.19898,0.000317181,0.541632,0.395808,0.374976,0.187488,0.20832,0.145824,0.291648,0.083328,0,0,0,0,0,0,0
66607,66628,66618,22.7,-104.547,39.7085,33.614,-62.822,554.484,2.83638,0.826528,60.9141,0.221096,0.000449344,0.804347,0.613844,0.317505,0.232837,0.254004,0.21167,0.21167,0.148169,0.021167,0.021167,0,0,0,0,0
66629,66647,66638,22.8,-104.545,39.708,33.0638,-63.4862,555.355,3.13955,0.945608,69.8706,0.221669,0.000516921,0.791068,0.593301,0.420255,0.370813,0.321371,0.123604,0.321371,0.148325,0.0247209,0.0247209,0,0,0,0,0
66648,66661,66654,22.9,-104.543,39.7076,32.5825,-63.1817,558.493,2.86381,0.8412,58.2809,0.207849,0.000431777,0.567359,0.513324,0.540342,0.270171,0.432273,0.135085,0.243154,0.108068,0.0540342,0,0,0,0,0,0
66663,66687,66675,23,-104.54,39.7071,31.9556,-62.8006,562.622,2.37667,0.700161,50.3356,0.215674,0.00038246,0.655633,0.409771,0.348305,0.184397,0.327817,0.102443,0.14342,0.163908,0.0409771,0,0,0,0,0,0
66688,66710,66699,23.1,-104.537,39.7067,31.3817,-63.1778,564.529,2.90533,0.699609,44.5,0.190821,0.000317299,0.877081,0.621266,0.420268,0.21927,0.29236,0.182725,0.182725,0.0913626,0.0182725,0,0,0,0,0,0
66711,66736,66724,23.2,-104.533,39.7065,30.8733,-62.7433,568.333,2.75191,0.670954,41.2314,0.184356,0.000287992,0.874886,0.429489,0.349954,0.286326,0.334047,0.238605,0.143163,0.0954421,0,0,0,0,0,0,0
66737,66768,66752,23.3,-104.529,39.7058,30.3423,-62.2204,572.593,2.70836,0.487416,25.1569,0.154839,0.000149821,0.954374,0.644847,0.335321,0.309527,0.219248,0.141866,0.0773817,0.0257939,0,0,0,0,0,0,0
66769,66794,66782,23.4,-104.526,39.7056,29.875,-60.0482,581.051,2.45765,0.498956,27.7698,0.166968,0.00018131,0.758532,0.530973,0.485461,0.197218,0.151706,0.151706,0.166877,0.0151706,0,0,0,0,0,0,0
66799,66828,66814,23.5,-104.523,39.7071,29.355,-57.3429,591.393,2.47884,0.536721,31.5023,0.176082,0.000215471,0.798269,0.546184,0.350118,0.23808,0.182061,0.140047,0.182061,0.0420142,0,0,0,0,0,0,0
66829,66856,66842,23.6,-104.52,39.7085,28.88,-57.9505,592.476,2.26612,0.462862,24.1426,0.156478,0.000144296,0.56653,0.534157,0.307545,0.275172,0.356104,0.129493,0.0971194,0,0,0,0,0,0,0,0
66857,66878,66868,23.7,-104.518,39.7095,28.4207,-58.374,594.026,2.40711,0.497319,31.0916,0.187556,0.000219073,1.06468,0.509196,0.185162,0.185162,0.138872,0.115726,0.138872,0.0462905,0.0231453,0,0,0,0,0,0
66879,66907,66893,23.8,-104.516,39.7101,27.9995,-57.5719,598.8,2.72603,0.603245,36.1599,0.179827,0.000246355,0.859113,0.545206,0.495642,0.165214,0.247821,0.198257,0.165214,0.0330428,0.0165214,0,0,0,0,0,0
66908,66928,66918,23.9,-104.513,39.7109,27.5177,-57.4408,602.132,2.13132,0.365787,17.9326,0.147074,0.000101646,0.836341,0.377702,0.323745,0.21583,0.242809,0.0539575,0.0809362,0,0,0,0,0,0,0,0
66929,66947,66938,24,-104.511,39.7115,27.07,-57.9585,603.519,1.75694,0.428712,29.2505,0.204686,0.000216997,0.74121,0.219618,0.24707,0.164713,0.0823566,0.0823566,0.137261,0.0549044,0.0274522,0,0,0,0,0,0
66948,66967,66958,24.1,-104.509,39.7117,26.63,-59.0079,603.383,2.3344,0.515008,29.5876,0.172352,0.000197005,0.666973,0.538709,0.282181,0.282181,0.205222,0.17957,0.153917,0.0256528,0,0,0,0,0,0,0
66968,66987,66978,24.2,-104.506,39.7119,26.1688,-59.4694,605.105,2.08384,0.416949,23.6557,0.170206,0.000156898,0.60152,0.60152,0.365209,0.0859315,0.193346,0.0859315,0.107414,0.0429657,0,0,0,0,0,0,0
66988,67007,66998,24.3,-104.502,39.7116,25.7214,-59.5529,607.849,2.53392,0.451491,22.1838,0.147404,0.000124467,0.712665,0.659875,0.47511,0.237555,0.237555,0.131975,0.079185,0,0,0,0,0,0,0,0
67011,67029,67020,24.4,-104.498,39.7112,25.316,-59.944,609.5,1.94976,0.311259,16.5494,0.159508,9.65926e-05,0.715735,0.641694,0.222125,0.172764,0.0740416,0.0740416,0.0246805,0,0.0246805,0,0,0,0,0,0
67030,67058,67044,24.5,-104.495,39.7105,24.8962,-60.1924,611.706,2.45263,0.497628,29.4502,0.177543,0.000196603,0.811533,0.613158,0.342647,0.180341,0.270511,0.0721362,0.0901703,0.0541022,0.0180341,0,0,0,0,0,0
67059,67083,67071,24.6,-104.492,39.7101,24.4994,-60.2537,614.339,1.8352,0.332757,17.572,0.158422,0.000110793,0.619676,0.524342,0.286005,0.0715011,0.143002,0.0715011,0.119169,0,0,0,0,0,0,0,0
67084,67104,67094,24.7,-104.489,39.7097,24.1231,-60.4394,616.532,1.86106,0.378637,22.0282,0.174533,0.000151523,0.811233,0.381757,0.0954391,0.143159,0.190878,0.0715794,0.143159,0.0238598,0,0,0,0,0,0,0
67110,67135,67122,24.8,-104.486,39.7088,23.679,-60.0629,620.903,2.1519,0.406392,25.1176,0.185419,0.000151298,0.846046,0.459808,0.275885,0.257492,0.128746,0.0919615,0.0551769,0.0183923,0,0.0183923,0,0,0,0,0
67136,67162,67149,24.9,-104.482,39.7077,23.2506,-59.8256,624.857,2.72911,0.569201,33.9168,0.17876,0.00023612,1.06981,0.502157,0.392992,0.240162,0.15283,0.109165,0.196496,0.0654987,0,0,0,0,0,0,0
67163,67187,67175,25,-104.479,39.7071,22.8879,-60.2321,626.462,2.16572,0.326425,15.8298,0.145483,9.03687e-05,0.999563,0.478957,0.291539,0.14577,0.14577,0.0208242,0.0624727,0.0208242,0,0,0,0,0,0,0
67190,67212,67201,25.1,-104.475,39.7064,22.4911,-60.0306,630.207,2.37964,0.348065,15.5825,0.134307,7.81927e-05,1.07757,0.471437,0.314292,0.291842,0.0897976,0.0897976,0.0448988,0,0,0,0,0,0,0,0
67213,67232,67222,25.2,-104.472,39.7058,22.1346,-60.0623,632.989,1.96516,0.310212,15.5779,0.150651,9.15084e-05,0.842212,0.530282,0.218351,0.0935791,0.155965,0.0623861,0.031193,0.031193,0,0,0,0,0,0,0
