api/data/B2SAP/Locations/Boulder/NOAA-POPS-B2SAP_GMLBalloon_20230201_R0.ict
61,1001
Thornberry, T. D.
NOAA Chemical Sciences Laboratory
Portable Optical Particle Spectrometer (POPS)
Balloon Baseline Stratospheric Aerosol Profiles (B2SAP)
1,1
2023,02,01,2024,05,30
0
TIME_START,s,Seconds since midnight UTC on flight start day,Start time of 100 m altitude bin in UTC_seconds_since_midnight
28
1.0,1.0,1.0,1.0,1.0,1.0,1.0,1.0,1.0,1.0,1.0,1.0,1.0,1.0,1.0,1.0,1.0,1.0,1.0,1.0,1.0,1.0,1.0,1.0,1.0,1.0,1.0,1.0
99999,99999,99999,99999,99999,99999,99999,99999,99999,99999,99999,99999,99999,99999,99999,99999,99999,99999,99999,99999,99999,99999,99999,99999,99999,99999,99999,99999
TIME_STOP,s,End time of 100 m altitude bin in UTC seconds since midnight,
TIME_MID,s,Mid time of 100 m altitude in UTC seconds since midnight,
GPSAlt,m,GPS reported altitude above sea level (m),
GPS_Lon,deg,GPS reported longitude,
GPS_Lat,deg,GPS reported latitude,
iMet_Pressure,mb,Pressure reported (mB),
iMet_Temperature,degrees C,Ambient temperature (oC),
THETA,K,Potential temperature from iMet,
Aerosol_concentration,cm^-3,Aerosol concentration,
Surface_Area_Conc,um^2 cm^-3,Surface area concentration,
Volume_density,um^3 cm^-3,Volume density,
Effective_radius,um,Effective radius,
Extinction,km^-1,Extinction,
Bin01,cm^-3,particle concentration in size range [140 - 170 nm],
Bin02,cm^-3,particle concentration in size range [170 - 205 nm],
Bin03,cm^-3,particle concentration in size range [205 - 249 nm],
Bin04,cm^-3,particle concentration in size range [249 - 302 nm],
Bin05,cm^-3,particle concentration in size range [302 - 366 nm],
Bin06,cm^-3,particle concentration in size range [366 - 443 nm],
Bin07,cm^-3,particle concentration in size range [443 - 537 nm],
Bin08,cm^-3,particle concentration in size range [537 - 651 nm],
Bin09,cm^-3,particle concentration in size range [651 - 789 nm],
Bin10,cm^-3,particle concentration in size range [789 - 956 nm],
Bin11,cm^-3,particle concentration in size range [956 - 1159 nm],
Bin12,cm^-3,particle concentration in size range [1159 - 1404 nm],
Bin13,cm^-3,particle concentration in size range [1404 - 1702 nm],
Bin14,cm^-3,particle concentration in size range [1702 - 2062 nm],
Bin15,cm^-3,particle concentration in size range [2062 - 2500 nm],
0
19
PI_CONTACT_INFO: 325 Broadway R/CSL6, Boulder, CO 80305; troy.thornberry@noaa.gov; 303-497-3373 
PLATFORM: GML ECC/FPH balloon
LOCATION: Boulder, CO, USA
ASSOCIATED_DATA: N/A
INSTRUMENT_INFO: Printed Optical Particle Spectrometer counts particles from 140 - 2500 nm in diameter 
DATA_INFO: Particle concentrations reported in number per cubic centimeter, binned to 100 m altitude
UNCERTAINTY: Counting uncertainty dominated by air flow, less than 5 percent
ULOD_FLAG: -77777
ULOD_VALUE: 3000 ~3000 per cm3 (varies depending on flow rate- manufacturer quotes 1250  per cm3 at 1.667 cc/s)
LLOD_FLAG: -88888
LLOD_VALUE: 0 0 (varies depending on data field and measurement precision)
DM_CONTACT_INFO: Troy Thornberry, 325 Broadway R/CSL6, Boulder, CO 80305; troy.thornberry@noaa.gov; 303-497-3373
PROJECT_INFO: B2SAP Boulder, CO, USA
STIPULATIONS_ON_USE: Please contact the PIs for questions regarding applications and uncertainties
OTHER_COMMENTS: POPS bin Edges (nm):  140, 170, 205, 249, 302, 366, 443, 537, 651, 789, 956, 1159, 1404, 1702, 2062, 2500
Calculations assume sulfate refractive index of 1.45+0.00j and extinction wavelength = 532 nm
REVISION: R0
R0: QA/QC data
TIME_START,TIME_STOP,TIME_MID,GPSAlt,GPS_Lon,GPS_Lat,iMet_Pressure,iMet_Temperature,THETA,Aerosol_concentration,Surface_Area_Conc,Volume_density,Effective_radius,Extinction,Bin01,Bin02,Bin03,Bin04,Bin05,Bin06,Bin07,Bin08,Bin09,Bin10,Bin11,Bin12,Bin13,Bin14,Bin15
[from data line 309]
69503,69520,69512,21.7,-104.705,39.9448,37.9281,-55.97,553.137,1.66289,0.380847,22.299,0.175653,0.00014437,0.452558,0.315738,0.221017,0.210492,0.210492,0.189443,0.0210492,0.0315738,0.0105246,0,0,0,0,0,0
69522,69538,69530,21.6,-104.705,39.9447,38.6307,-55.2593,552.043,1.77282,0.555494,39.4733,0.213179,0.000284174,0.313487,0.291867,0.270247,0.162148,0.378346,0.129719,0.129719,0.0648593,0.0216198,0.0108099,0,0,0,0,0
69539,69556,69548,21.5,-104.704,39.9451,39.3427,-55.7473,547.946,1.68249,0.593126,44.7642,0.226415,0.000338979,0.33427,0.256273,0.222847,0.122566,0.2897,0.14485,0.178277,0.100281,0.0222847,0.0111423,0,0,0,0,0
69557,69572,69564,21.4,-104.704,39.9455,39.9888,-56.3175,543.963,1.69422,0.54891,38.2976,0.209311,0.000287005,0.394972,0.20788,0.187092,0.218274,0.197486,0.249456,0.135122,0.083152,0.020788,0,0,0,0,0,0
69573,69591,69582,21.3,-104.703,39.9457,40.7263,-56.6006,540.435,1.9772,0.710976,56.4154,0.238048,0.000423787,0.348315,0.327826,0.307337,0.235625,0.245869,0.174158,0.122935,0.153668,0.0409782,0.0204891,0,0,0,0,0
69593,69611,69602,21.2,-104.703,39.9458,41.5094,-56.8588,536.849,2.04148,0.849163,74.2313,0.262251,0.000526672,0.322839,0.303849,0.237382,0.284858,0.275363,0.227887,0.0949527,0.208896,0.0569716,0.0189905,0.00949527,0,0,0,0
69612,69630,69621,21.1,-104.702,39.9459,42.1841,-56.9747,534.103,1.82238,0.712094,59.6946,0.251489,0.000412688,0.334722,0.21385,0.223148,0.278935,0.185957,0.251042,0.176659,0.0929785,0.0464892,0.00929785,0.00929785,0,0,0,0
69631,69649,69640,21,-104.701,39.9459,42.9265,-56.6394,532.264,1.84212,0.653089,48.305,0.221892,0.000367317,0.294738,0.230264,0.230264,0.350002,0.239475,0.184212,0.15658,0.101316,0.0552635,0,0,0,0,0,0
69650,69668,69659,20.9,-104.701,39.9457,43.6726,-56.71,529.482,1.89726,0.831275,71.4877,0.257993,0.000552755,0.262824,0.238184,0.295677,0.246397,0.238184,0.164265,0.180691,0.147838,0.098559,0.0246397,0,0,0,0,0
69669,69688,69678,20.8,-104.701,39.9454,44.3253,-56.5411,527.657,1.91139,0.78898,66.7165,0.253681,0.000511322,0.32955,0.26364,0.26364,0.255401,0.181253,0.230685,0.115343,0.173014,0.0741488,0.0247163,0,0,0,0,0
69689,69709,69699,20.7,-104.7,39.9456,45.1437,-57.3911,522.84,2.14013,0.919558,81.7465,0.266693,0.000625023,0.528738,0.201424,0.276958,0.184639,0.276958,0.218209,0.117497,0.193031,0.100712,0.0419633,0,0,0,0,0
69709,69728,69718,20.6,-104.698,39.9465,45.9194,-58.1294,518.529,2.30927,0.798847,60.6668,0.227829,0.000444581,0.342477,0.430542,0.293552,0.293552,0.352262,0.264196,0.176131,0.0782804,0.0587103,0.0195701,0,0,0,0,0
69730,69750,69740,20.5,-104.698,39.9473,46.6984,-59.1684,513.544,2.09364,0.847918,77.6285,0.274656,0.000539595,0.436934,0.291289,0.300392,0.245775,0.245775,0.218467,0.109233,0.100131,0.100131,0.0364111,0.00910279,0,0,0,0
69751,69770,69760,20.4,-104.697,39.9484,47.5122,-60.6561,507.464,2.57041,1.11209,106.254,0.286632,0.000762932,0.564712,0.37972,0.389457,0.253147,0.301829,0.126573,0.165519,0.175255,0.146046,0.0584185,0.00973641,0,0,0,0
69772,69789,69780,20.3,-104.697,39.95,48.3718,-60.7618,504.617,2.14947,0.777586,62.9341,0.242806,0.000469915,0.382358,0.320354,0.341022,0.320354,0.25835,0.175678,0.144676,0.0930059,0.0930059,0.020668,0,0,0,0,0
69790,69809,69800,20.2,-104.697,39.9514,49.0974,-60.8053,502.37,2.36631,0.783045,60.0562,0.230087,0.000432461,0.439592,0.40218,0.318002,0.327355,0.346061,0.224472,0.140295,0.0935301,0.0467651,0.028059,0,0,0,0,0
69810,69828,69819,20.1,-104.698,39.9523,49.9161,-60.9278,499.722,2.29929,0.957871,93.5221,0.292906,0.000612364,0.51734,0.335313,0.306572,0.296991,0.24909,0.201188,0.0958037,0.134125,0.0958037,0.0479018,0.0191607,0,0,0,0
69828,69846,69837,20,-104.698,39.9527,50.8495,-59.7253,499.885,2.21598,0.784772,63.7063,0.243534,0.000456014,0.401247,0.328293,0.328293,0.337412,0.282697,0.209743,0.155027,0.0911926,0.036477,0.0455963,0,0,0,0,0
69847,69864,69856,19.9,-104.697,39.9528,51.6629,-58.7506,499.907,2.25944,1.09959,110.34,0.301037,0.000751197,0.45594,0.30396,0.222904,0.273564,0.233036,0.283696,0.111452,0.162112,0.141848,0.05066,0.020264,0,0,0,0
69865,69884,69874,19.8,-104.696,39.9526,52.651,-59.617,495.201,2.28099,0.802819,65.7973,0.245873,0.000474255,0.359695,0.386014,0.368468,0.368468,0.298283,0.20178,0.105276,0.0614113,0.0965035,0.0350922,0,0,0,0,0
69885,69905,69895,19.7,-104.694,39.9525,53.6489,-59.3942,493.06,2.16192,0.83255,81.4343,0.293439,0.000482976,0.459982,0.395585,0.26679,0.294389,0.26679,0.137995,0.137995,0.0919965,0.0551979,0.0275989,0.0275989,0,0,0,0
69905,69924,69914,19.6,-104.691,39.9519,54.5821,-60.1658,488.874,2.60153,0.904336,74.2681,0.246373,0.000544825,0.569947,0.496406,0.330937,0.275781,0.321744,0.202239,0.13789,0.174661,0.0459635,0.0459635,0,0,0,0,0
69925,69948,69936,19.5,-104.688,39.9515,55.4735,-60.5657,485.691,2.55754,0.984868,85.9222,0.261727,0.000633604,0.596005,0.407396,0.324408,0.248964,0.264053,0.271597,0.17352,0.12071,0.0905324,0.0603549,0,0,0,0,0
69948,69970,69959,19.4,-104.684,39.9518,56.5126,-60.7204,482.779,2.42541,0.95728,96.0934,0.301145,0.000571256,0.60072,0.367941,0.337905,0.285342,0.262815,0.210252,0.112635,0.105126,0.067581,0.045054,0.022527,0.007509,0,0,0
69972,69996,69984,19.3,-104.68,39.9523,57.5882,-59.8877,482.062,2.62525,1.01493,96.6447,0.285668,0.000613956,0.63259,0.442813,0.308387,0.276758,0.33211,0.229314,0.126518,0.126518,0.0869811,0.0395369,0.0237221,0,0,0,0
69996,70019,70008,19.2,-104.676,39.9527,58.5404,-59.6557,480.336,2.8311,1.15556,115.062,0.298717,0.000691833,0.609419,0.470564,0.424279,0.269996,0.323995,0.27771,0.123427,0.169711,0.0925699,0.0308566,0.0308566,0.00771416,0,0,0
70020,70039,70030,19.1,-104.673,39.9535,59.4955,-59.079,479.412,2.67669,1.15909,122.052,0.315901,0.0007338,0.658202,0.386145,0.394921,0.219401,0.333489,0.254505,0.140416,0.0702082,0.105312,0.0789843,0.0263281,0.00877603,0,0,0
70042,70061,70052,19,-104.67,39.9543,60.49,-61.0505,472.748,2.69648,0.972691,92.1444,0.284194,0.000589559,0.661559,0.510824,0.368463,0.334967,0.276348,0.167483,0.125613,0.10049,0.0669933,0.0669933,0.0167483,0,0,0,0
70062,70085,70074,18.9,-104.667,39.9543,61.39,-60.615,471.731,2.72043,0.919247,83.5408,0.272639,0.000565185,0.818609,0.479589,0.330751,0.314214,0.264601,0.165376,0.0992254,0.0661502,0.124032,0.0496127,0,0.00826878,0,0,0
70086,70109,70098,18.8,-104.663,39.9541,62.4104,-60.6217,469.493,2.62628,0.850999,80.6554,0.284332,0.000425843,0.623837,0.531417,0.308068,0.377383,0.354278,0.207946,0.0924203,0.0308068,0.0308068,0.0385085,0.0231051,0.00770169,0,0,0
70111,70131,70121,18.7,-104.659,39.9539,63.516,-61.1645,465.952,2.84875,0.781981,55.5415,0.21308,0.000392958,0.779293,0.519528,0.337693,0.406964,0.303058,0.21647,0.129882,0.0952469,0.043294,0.0173176,0,0,0,0,0
70134,70153,70144,18.6,-104.655,39.954,64.7095,-61.4484,462.862,2.80485,0.819128,68.6658,0.251484,0.000412502,0.820021,0.568424,0.335463,0.288871,0.288871,0.242279,0.065229,0.139776,0.0186368,0.0186368,0.0186368,0,0,0,0
70155,70175,70165,18.5,-104.652,39.9541,65.7689,-61.4047,460.808,2.86491,0.90696,80.9039,0.26761,0.000537576,0.899339,0.611922,0.324504,0.213245,0.287418,0.222517,0.0649008,0.0927154,0.0834439,0.0556292,0.00927154,0,0,0,0
70176,70196,70186,18.4,-104.649,39.9541,66.8376,-61.0947,459.37,2.84954,0.928679,86.3624,0.278985,0.000517021,0.799132,0.609864,0.315447,0.262872,0.357507,0.210298,0.0736043,0.115664,0.0210298,0.0630894,0.0210298,0,0,0,0
70197,70218,70208,18.3,-104.646,39.9543,68.0429,-61.3341,456.508,2.899,0.840578,71.2239,0.254196,0.000440332,0.847723,0.565149,0.43956,0.313972,0.21978,0.230246,0.14652,0.0418629,0.0313972,0.0523286,0,0.0104657,0,0,0
70219,70240,70230,18.2,-104.642,39.9546,69.2942,-61.6953,453.367,2.78248,0.757012,63.0082,0.249698,0.0004007,0.902425,0.648618,0.34781,0.253807,0.197406,0.188005,0.0658019,0.0940026,0.0376011,0.0376011,0.00940026,0,0,0,0
70241,70262,70252,18.1,-104.638,39.9547,70.4485,-61.5385,451.57,2.61288,0.58956,37.4893,0.190766,0.000252386,0.807617,0.532077,0.437063,0.256537,0.237535,0.161523,0.076011,0.0855124,0.00950138,0.00950138,0,0,0,0,0
70265,70289,70277,18,-104.632,39.9549,71.7077,-62.0623,448.169,3.02014,0.708525,56.999,0.241342,0.000317215,1.04143,0.728999,0.399214,0.329785,0.208285,0.0954642,0.0867856,0.0607499,0.0433928,0.00867856,0.00867856,0.00867856,0,0,0
70290,70314,70302,17.9,-104.627,39.9553,72.8682,-62.5668,445.059,2.99332,0.782943,69.3483,0.265722,0.000364853,1.07868,0.575294,0.404503,0.296636,0.278658,0.134834,0.0898896,0.0539338,0.0359558,0.0179779,0.0179779,0.00898896,0,0,0
70315,70336,70326,17.8,-104.622,39.9559,74.103,-62.2895,443.504,2.6805,0.580817,37.3498,0.192917,0.000252634,0.939152,0.577187,0.420662,0.205439,0.195657,0.156525,0.0880455,0.0684798,0.0195657,0.00978283,0,0,0,0,0
70338,70360,70349,17.7,-104.617,39.9567,75.3929,-61.6595,442.642,2.80426,0.630082,42.1923,0.20089,0.000275794,0.96146,0.623169,0.373901,0.204755,0.25817,0.204755,0.106829,0.0356096,0.00890241,0.0267072,0,0,0,0,0
70361,70381,70371,17.6,-104.613,39.9575,76.56,-60.9967,442.092,2.94981,0.60584,39.7653,0.19691,0.000258013,1.15427,0.673327,0.33132,0.277881,0.181691,0.171004,0.0748141,0.0427509,0.0213755,0.0213755,0,0,0,0,0
70382,70404,70393,17.5,-104.609,39.9581,77.91,-60.9485,439.983,3.06704,0.685818,54.8852,0.240086,0.000302581,1.23843,0.686939,0.377333,0.232205,0.232205,0.0870768,0.106427,0.0290256,0.0580512,0,0.0193504,0,0,0,0
70405,70427,70416,17.4,-104.606,39.9589,79.2875,-61.1625,437.346,3.21773,0.697894,54.2318,0.233123,0.00035105,1.39435,0.672799,0.458283,0.214515,0.185263,0.097507,0.0780056,0.0097507,0.0487535,0.0585042,0,0,0,0,0
70428,70450,70439,17.3,-104.602,39.9599,80.6052,-61.1686,435.282,3.20173,0.855006,81.9199,0.287436,0.00040858,1.32265,0.729739,0.319261,0.127704,0.282774,0.136826,0.136826,0.0547304,0.036487,0.0182435,0,0.036487,0,0,0
70451,70473,70462,17.2,-104.598,39.9613,81.999,-61.4195,432.634,3.07947,0.862028,85.16,0.296371,0.000450319,1.17832,0.663422,0.475287,0.198036,0.128724,0.207938,0.0495091,0.0594109,0.0297055,0.0594109,0.00990182,0.0198036,0,0,0
70474,70496,70485,17.1,-104.594,39.9627,83.3819,-60.9124,431.609,3.48602,0.722722,57.4278,0.238381,0.000297098,1.55036,0.715552,0.467861,0.266039,0.165127,0.128432,0.0825637,0.0550425,0.0183475,0.0183475,0,0.0183475,0,0,0
70497,70521,70509,17,-104.589,39.9642,84.7686,-61.0205,429.362,3.4052,0.651145,44.2666,0.203948,0.000282995,1.50751,0.842432,0.399047,0.177354,0.150751,0.150751,0.0798093,0.0443385,0.0177354,0.0354708,0,0,0,0,0
70522,70546,70534,16.9,-104.584,39.9662,86.2645,-61.2132,426.828,3.41427,0.772963,64.635,0.25086,0.000382888,1.54476,0.851374,0.29842,0.193095,0.140433,0.140433,0.0614394,0.0877705,0.0614394,0.0175541,0.0175541,0,0,0,0
70547,70563,70555,16.8,-104.58,39.9682,87.4265,-60.7171,426.199,3.6024,0.653788,41.8253,0.191921,0.000264397,1.68263,0.779203,0.406541,0.225856,0.225856,0.135514,0.0451712,0.0451712,0.0338784,0.0225856,0,0,0,0,0
70582,70594,70588,16.7,-104.574,39.9719,89.4167,-60.0389,424.811,3.54846,0.554801,30.3965,0.164364,0.000185828,1.70932,0.887114,0.367828,0.173095,0.194732,0.108185,0.0432738,0.0216369,0.0432738,0,0,0,0,0,0
70595,70616,70606,16.6,-104.571,39.9741,90.7247,-59.4,424.324,3.61269,0.691714,50.1385,0.217453,0.000286259,1.67611,0.826728,0.407702,0.203851,0.203851,0.135901,0.0339751,0.0566252,0.0453002,0.011325,0.011325,0,0,0,0
70617,70641,70629,16.5,-104.567,39.9767,92.2561,-58.8026,423.488,3.88406,0.755858,51.3996,0.204005,0.000306371,1.63899,0.939004,0.435356,0.290238,0.21341,0.153655,0.110973,0.042682,0.042682,0.0085364,0.0085364,0,0,0,0
70642,70666,70654,16.4,-104.563,39.9792,93.8465,-59.0926,420.847,4.07224,0.671744,35.8135,0.159943,0.000224279,1.79009,1.06048,0.475095,0.22058,0.161193,0.195128,0.0763545,0.0933222,0,0,0,0,0,0,0
70667,70689,70678,16.3,-104.558,39.9807,95.3125,-59.292,418.598,4.05301,0.899545,81.5142,0.271852,0.000374836,1.78625,0.981914,0.449173,0.22981,0.240256,0.146243,0.0731213,0.0626754,0.0313377,0.0104459,0.0208918,0.0208918,0,0,0
70690,70713,70702,16.2,-104.553,39.9817,96.8984,-58.6595,417.868,4.11931,0.778078,57.9805,0.223553,0.000328574,1.8502,1.14037,0.39564,0.221093,0.256002,0.0349094,0.0814552,0.0581823,0.0465458,0.0232729,0,0.0116365,0,0,0
70714,70738,70726,16.1,-104.548,39.9825,98.496,-58.5164,416.187,4.24567,0.778366,42.7718,0.164852,0.000267059,1.61948,0.989198,0.525238,0.350158,0.37642,0.201341,0.122555,0.0350158,0.0262619,0,0,0,0,0,0
70739,70763,70751,16,-104.543,39.983,100.173,-57.58,415.994,4.16398,0.77175,52.7431,0.205027,0.000293107,1.74068,1.12632,0.494899,0.204786,0.24745,0.179188,0.0853274,0.034131,0.0170655,0.0255982,0,0.00853274,0,0,0
70764,70787,70776,15.9,-104.537,39.9836,101.806,-57.2083,414.8,3.90789,0.663347,41.7565,0.188844,0.000224892,1.82604,0.952714,0.405786,0.291107,0.105857,0.18525,0.0529286,0.06175,0.0176429,0,0,0.00882143,0,0,0
70788,70811,70800,15.8,-104.532,39.9845,103.527,-57.63,411.999,4.22013,0.937899,67.6934,0.216527,0.000424082,1.59005,1.04003,0.490015,0.280008,0.300009,0.210006,0.140004,0.110003,0.0300009,0.0200006,0.0100003,0,0,0,0
70812,70835,70824,15.7,-104.527,39.9853,105.092,-57.5723,410.351,4.23988,0.916479,58.1066,0.190206,0.000393869,1.54446,0.816496,0.61975,0.393492,0.344305,0.226258,0.147559,0.098373,0.0393492,0.0098373,0,0,0,0,0
70836,70861,70848,15.6,-104.52,39.9864,106.807,-57.2296,409.114,4.19978,0.803823,48.3266,0.180363,0.000309008,1.62329,0.981522,0.500199,0.415259,0.264256,0.24538,0.0471885,0.0755017,0.0377508,0.00943771,0,0,0,0,0
70862,70889,70876,15.5,-104.513,39.9883,108.595,-58.1246,405.481,4.51376,0.866849,58.4269,0.202205,0.00033786,1.91767,1.02215,0.587964,0.298505,0.280414,0.171866,0.117593,0.0723648,0.0180912,0.0180912,0,0.0090456,0,0,0
70890,70919,70904,15.4,-104.506,39.9904,110.408,-57.7621,404.251,4.32985,0.774315,55.7989,0.216187,0.000286889,2.07148,1.09025,0.381588,0.233625,0.288138,0.0856626,0.0700875,0.0545125,0.0233625,0.015575,0,0.015575,0,0,0
70920,70947,70934,15.3,-104.5,39.9927,112.228,-57.7064,402.476,4.10686,0.718056,52.6371,0.219915,0.00026064,2.13488,0.891677,0.3601,0.257214,0.205772,0.102886,0.0685905,0.0342953,0.0171476,0.0171476,0.00857382,0.00857382,0,0,0
70949,70978,70964,15.2,-104.493,39.9947,114.108,-57.4244,401.086,4.61937,0.781949,43.5676,0.16715,0.000270239,2.03796,1.07892,0.591408,0.303696,0.231768,0.167832,0.127872,0.055944,0.015984,0.007992,0,0,0,0,0
70979,71009,70994,15.1,-104.485,39.9966,116.076,-57.6261,398.761,4.68421,0.657473,42.8945,0.195724,0.00018759,2.6329,1.21821,0.385111,0.149329,0.110032,0.0785942,0.0628753,0.0157188,0,0.0157188,0.0157188,0,0,0,0
71010,71040,71025,15,-104.477,39.9985,117.968,-56.9834,398.112,4.79567,0.752027,48.2598,0.192519,0.000235965,2.52287,1.14007,0.367766,0.279502,0.205949,0.132396,0.0882638,0.022066,0.0147106,0.00735532,0.0147106,0,0,0,0
71041,71070,71056,14.9,-104.468,40.0006,119.909,-56.4748,397.183,4.95234,0.812059,48.5549,0.179377,0.000304658,2.61042,1.02925,0.477334,0.246125,0.261042,0.104417,0.0969585,0.0895001,0.0149167,0.022375,0,0,0,0,0
71072,71104,71088,14.8,-104.458,40.0034,121.925,-56.5679,395.129,5.12175,0.807173,42.9014,0.159451,0.00025959,2.46849,1.21946,0.53213,0.280846,0.251283,0.169986,0.11086,0.0812976,0,0.00739069,0,0,0,0,0
71107,71137,71122,14.7,-104.448,40.0067,123.948,-56.0786,394.169,4.91722,0.889777,65.4134,0.22055,0.000338099,2.41782,1.10508,0.519164,0.266998,0.266998,0.140916,0.0889995,0.0444997,0.0222499,0.0296665,0,0.00741662,0.00741662,0,0
71139,71168,71154,14.6,-104.438,40.0102,125.948,-55.59,393.251,5.12302,0.836027,44.5003,0.159685,0.000270506,2.19885,1.25212,0.664236,0.35884,0.328301,0.122158,0.106889,0.0610792,0.0305396,0,0,0,0,0,0
71169,71199,71184,14.5,-104.43,40.0134,127.846,-54.9136,392.786,5.05832,0.880392,56.8925,0.193865,0.000316796,2.34933,1.13257,0.60455,0.344364,0.260186,0.198966,0.0612203,0.0612203,0.00765253,0.0306101,0.00765253,0,0,0,0
