api/data/B2SAP/Locations/Boulder/NOAA-POPS-B2SAP_GMLBalloon_20221121_R0.ict
61,1001
Thornberry, T. D.
NOAA Chemical Sciences Laboratory
Portable Optical Particle Spectrometer (POPS)
Balloon Baseline Stratospheric Aerosol Profiles (B2SAP)
1,1
2022,11,21,2024,05,30
0
TIME_START,s,Seconds since midnight UTC on flight start day,Start time of 100 m altitude bin in UTC_seconds_since_midnight
28
1.0,1.0,1.0,1.0,1.0,1.0,1.0,1.0,1.0,1.0,1.0,1.0,1.0,1.0,1.0,1.0,1.0,1.0,1.0,1.0,1.0,1.0,1.0,1.0,1.0,1.0,1.0,1.0
99999,99999,99999,99999,99999,99999,99999,99999,99999,99999,99999,99999,99999,99999,99999,99999,99999,99999,99999,99999,99999,99999,99999,99999,99999,99999,99999,99999
TIME_STOP,s,End time of 100 m altitude bin in UTC seconds since midnight,
TIME_MID,s,Mid time of 100 m altitude in UTC seconds since midnight,
GPSAlt,m,GPS reported altitude above sea level (m),
GPS_Lon,deg,GPS reported longitude,
GPS_Lat,deg,GPS reported latitude,
iMet_Pressure,mb,Pressure reported (mB),
iMet_Temperature,degrees C,Ambient temperature (oC),
THETA,K,Potential temperature from iMet,
Aerosol_concentration,cm^-3,Aerosol concentration,
Surface_Area_Conc,um^2 cm^-3,Surface area concentration,
Volume_density,um^3 cm^-3,Volume density,
Effective_radius,um,Effective radius,
Extinction,km^-1,Extinction,
Bin01,cm^-3,particle concentration in size range [140 - 170 nm],
Bin02,cm^-3,particle concentration in size range [170 - 205 nm],
Bin03,cm^-3,particle concentration in size range [205 - 249 nm],
Bin04,cm^-3,particle concentration in size range [249 - 302 nm],
Bin05,cm^-3,particle concentration in size range [302 - 366 nm],
Bin06,cm^-3,particle concentration in size range [366 - 443 nm],
Bin07,cm^-3,particle concentration in size range [443 - 537 nm],
Bin08,cm^-3,particle concentration in size range [537 - 651 nm],
Bin09,cm^-3,particle concentration in size range [651 - 789 nm],
Bin10,cm^-3,particle concentration in size range [789 - 956 nm],
Bin11,cm^-3,particle concentration in size range [956 - 1159 nm],
Bin12,cm^-3,particle concentration in size range [1159 - 1404 nm],
Bin13,cm^-3,particle concentration in size range [1404 - 1702 nm],
Bin14,cm^-3,particle concentration in size range [1702 - 2062 nm],
Bin15,cm^-3,particle concentration in size range [2062 - 2500 nm],
0
19
PI_CONTACT_INFO: 325 Broadway R/CSL6, Boulder, CO 80305; troy.thornberry@noaa.gov; 303-497-3373 
PLATFORM: GML ECC/FPH balloon
LOCATION: Boulder, CO, USA
ASSOCIATED_DATA: N/A
INSTRUMENT_INFO: Printed Optical Particle Spectrometer counts particles from 140 - 2500 nm in diameter 
DATA_INFO: Particle concentrations reported in number per cubic centimeter, binned to 100 m altitude
UNCERTAINTY: Counting uncertainty dominated by air flow, less than 5 percent
ULOD_FLAG: -77777
ULOD_VALUE: 3000 ~3000 per cm3 (varies depending on flow rate- manufacturer quotes 1250  per cm3 at 1.667 cc/s)
LLOD_FLAG: -88888
LLOD_VALUE: 0 0 (varies depending on data field and measurement precision)
DM_CONTACT_INFO: Troy Thornberry, 325 Broadway R/CSL6, Boulder, CO 80305; troy.thornberry@noaa.gov; 303-497-3373
PROJECT_INFO: B2SAP Boulder, CO, USA
STIPULATIONS_ON_USE: Please contact the PIs for questions regarding applications and uncertainties
OTHER_COMMENTS: POPS bin Edges (nm):  140, 170, 205, 249, 302, 366, 443, 537, 651, 789, 956, 1159, 1404, 1702, 2062, 2500
Calculations assume sulfate refractive index of 1.45+0.00j and extinction wavelength = 532 nm
REVISION: R0
R0: QA/QC data
TIME_START,TIME_STOP,TIME_MID,GPSAlt,GPS_Lon,GPS_Lat,iMet_Pressure,iMet_Temperature,THETA,Aerosol_concentration,Surface_Area_Conc,Volume_density,Effective_radius,Extinction,Bin01,Bin02,Bin03,Bin04,Bin05,Bin06,Bin07,Bin08,Bin09,Bin10,Bin11,Bin12,Bin13,Bin14,Bin15
[from data line 80]
63148,63174,63161,9.8,-105.068,39.8886,279.808,-49.6079,321.659,1.71954,0.202512,8.46531,0.125405,4.16428e-05,1.07928,0.347566,0.128051,0.0548788,0.0365859,0.0365859,0.0365859,0,0,0,0,0,0,0,0
63175,63202,63188,9.9,-105.065,39.8867,275.569,-50.4571,321.846,1.97703,0.329808,19.7732,0.179861,0.000137688,1.27095,0.266743,0.125526,0.062763,0.0470722,0.062763,0.0941444,0.0313815,0.0156907,0,0,0,0,0,0
63203,63231,63217,10,-105.061,39.8845,271.282,-51.3654,321.968,1.46267,0.238588,21.364,0.26863,7.62891e-05,0.943657,0.298825,0.0786381,0.0314552,0.0314552,0.0314552,0.0314552,0,0,0,0.0157276,0,0,0,0
63232,63259,63246,10.1,-105.057,39.8824,267.113,-52.2119,322.158,1.40239,0.156705,5.90836,0.113111,2.32381e-05,0.811021,0.354822,0.118274,0.0337925,0.0337925,0.0506888,0,0,0,0,0,0,0,0,0
63261,63288,63274,10.2,-105.054,39.8805,262.941,-53.117,322.285,1.6452,0.198214,8.71448,0.131895,4.58657e-05,0.888407,0.477108,0.16452,0.032904,0.032904,0,0.032904,0.016452,0,0,0,0,0,0,0
63289,63317,63303,10.3,-105.05,39.8786,258.991,-54.0086,322.377,2.07374,0.322575,17.0154,0.158246,0.000108169,1.16744,0.384027,0.168972,0.0921664,0.0921664,0.0614442,0.0768053,0.0307221,0,0,0,0,0,0,0
63318,63344,63331,10.4,-105.047,39.8769,255.067,-54.7758,322.65,1.69868,0.234726,11.383,0.145485,6.69207e-05,0.960871,0.394643,0.10295,0.0686336,0.085792,0.0171584,0.0514752,0.0171584,0,0,0,0,0,0,0
63345,63366,63356,10.5,-105.044,39.8755,251.035,-55.7736,322.637,1.35975,0.17104,7.34549,0.128838,3.66196e-05,0.892969,0.182653,0.081179,0.0608842,0.081179,0.0405895,0.0202947,0,0,0,0,0,0,0,0
63367,63400,63384,10.6,-105.04,39.8738,246.919,-56.514,323.06,1.94048,0.274696,12.3506,0.134883,6.36782e-05,1.00009,0.403023,0.179121,0.119414,0.119414,0.0895606,0.0298535,0,0,0,0,0,0,0,0
63401,63429,63415,10.7,-105.036,39.8721,243.327,-57.1815,323.424,2.10782,0.276524,12.9199,0.140168,7.44156e-05,1.37755,0.298746,0.199164,0.033194,0.066388,0.049791,0.082985,0,0,0,0,0,0,0,0
63430,63466,63448,10.8,-105.032,39.87,239.231,-57.7771,324.097,2.40238,0.27858,12.0333,0.129585,6.27552e-05,1.60158,0.439144,0.154992,0.077496,0.038748,0.025832,0.051664,0.012916,0,0,0,0,0,0,0
63467,63501,63484,10.9,-105.027,39.8677,235.509,-58.3632,324.662,2.10775,0.248543,11.4038,0.137648,6.0504e-05,1.3654,0.410944,0.132563,0.119306,0.0132563,0.0132563,0.0397688,0,0.0132563,0,0,0,0,0,0
63502,63539,63520,11,-105.021,39.8655,231.801,-58.9797,325.202,2.71109,0.25544,8.23295,0.0966913,2.26581e-05,1.86793,0.544813,0.129717,0.116746,0.0259435,0.0259435,0,0,0,0,0,0,0,0,0
63540,63573,63556,11.1,-105.016,39.8634,227.991,-59.6819,325.681,2.90659,0.298272,10.6149,0.106765,3.83966e-05,1.92799,0.511209,0.233696,0.14606,0.0584239,0,0.0292119,0,0,0,0,0,0,0,0
63574,63604,63589,11.2,-105.011,39.8618,224.433,-60.2929,326.209,2.63402,0.302597,15.1022,0.149726,8.55405e-05,1.97148,0.323193,0.193916,0.048479,0,0.048479,0.0161597,0,0.0323193,0,0,0,0,0,0
63605,63634,63620,11.3,-105.006,39.8604,220.971,-60.97,326.615,2.7539,0.328761,14.7152,0.134279,8.04346e-05,1.96707,0.361941,0.141629,0.0944193,0.0629462,0.0472097,0.0629462,0.0157366,0,0,0,0,0,0,0
63635,63662,63648,11.4,-105.002,39.859,217.473,-61.6258,327.09,2.62566,0.24892,8.35786,0.10073,2.70397e-05,1.86792,0.458168,0.158597,0.105731,0,0.0176219,0.0176219,0,0,0,0,0,0,0,0
63663,63690,63676,11.5,-104.998,39.8577,213.944,-62.1204,327.863,3.38233,0.380055,14.6535,0.115669,6.17041e-05,2.15857,0.594882,0.288943,0.10198,0.169966,0.0339932,0.0339932,0,0,0,0,0,0,0,0
63691,63718,63704,11.6,-104.994,39.8568,210.418,-62.7308,328.47,3.6083,0.432717,21.4988,0.14905,0.000103768,2.33803,0.64434,0.312965,0.147278,0.0368194,0.0920486,0.0184097,0,0,0.0184097,0,0,0,0,0
63720,63748,63734,11.7,-104.991,39.8566,207.008,-62.9504,329.658,6.59246,0.771974,32.4235,0.126002,0.000154533,3.95548,1.51627,0.494435,0.197774,0.230736,0.098887,0.0824058,0,0.0164812,0,0,0,0,0,0
63749,63777,63763,11.8,-104.987,39.8565,203.774,-63.49,330.291,7.45424,0.880144,37.8199,0.12891,0.000190957,4.4193,1.68608,0.692179,0.319467,0.124237,0.0354964,0.106489,0.0709927,0,0,0,0,0,0,0
63778,63799,63788,11.9,-104.983,39.8562,200.456,-63.317,332.125,8.82445,1.03759,42.522,0.122944,0.000196872,5.19356,1.95333,0.68941,0.459607,0.321725,0.068941,0.0919214,0.0459607,0,0,0,0,0,0,0
63800,63831,63816,12,-104.979,39.8558,197.026,-63.7577,333.067,8.59694,1.13498,61.4089,0.162317,0.00027005,4.85333,1.87181,0.935903,0.307511,0.347621,0.14707,0.0534802,0.0534802,0,0.01337,0,0.01337,0,0,0
63832,63864,63848,12.1,-104.974,39.8549,193.883,-63.865,334.425,7.30168,0.968185,51.5694,0.159792,0.000275185,4.23629,1.5919,0.749902,0.249967,0.157874,0.17103,0.0657809,0.0394685,0,0.0394685,0,0,0,0,0
63865,63896,63880,12.2,-104.968,39.854,190.682,-64.25,335.397,6.98269,0.907453,48.5945,0.160651,0.000208387,4.00646,1.52627,0.661384,0.368849,0.190784,0.101751,0.0508757,0.0635946,0,0,0,0.0127189,0,0,0
63897,63924,63910,12.3,-104.963,39.8533,187.632,-64.8396,336.002,7.12311,0.899379,42.1455,0.140582,0.000215023,3.86467,1.92476,0.560756,0.2728,0.303111,0.0454667,0.0909333,0.0454667,0,0.0151556,0,0,0,0,0
63925,63953,63939,12.4,-104.958,39.8524,184.515,-64.8585,337.585,7.81762,0.993564,41.9695,0.126724,0.000198966,4.17343,1.73893,0.831661,0.453633,0.347786,0.166332,0.0756056,0.0302422,0,0,0,0,0,0,0
63954,63979,63966,12.5,-104.953,39.8511,181.542,-65.3342,338.377,7.64345,1.12207,69.1886,0.184985,0.000317471,3.87114,1.96028,0.807175,0.395351,0.296513,0.131784,0.115311,0.016473,0,0.0329459,0,0.016473,0,0,0
63980,64007,63994,12.6,-104.948,39.8496,178.437,-65.6988,339.448,8.05175,1.07964,50.5924,0.140582,0.000273279,4.22283,1.81204,1.03995,0.315137,0.346651,0.110298,0.141812,0.0315137,0.0315137,0,0,0,0,0,0
64008,64035,64022,12.7,-104.943,39.8482,175.664,-66.2018,340.149,8.79905,1.13562,60.9508,0.161016,0.000273241,5.01788,2.0896,0.852897,0.341159,0.142149,0.170579,0.142149,0.0142149,0,0.0142149,0.0142149,0,0,0,0
64036,64061,64048,12.8,-104.938,39.8471,172.811,-66.0413,342.013,10.3819,1.31198,71.0156,0.162386,0.000289742,5.89022,2.53378,1.02009,0.411329,0.180985,0.131625,0.164531,0.0164531,0.0164531,0,0,0,0.0164531,0,0
64062,64091,64076,12.9,-104.932,39.8459,169.793,-65.9144,343.944,11.994,1.493,73.9812,0.148656,0.000329226,6.79082,2.84523,1.289,0.361548,0.377268,0.0471585,0.235792,0.0157195,0.0157195,0,0.0157195,0,0,0,0
64093,64121,64107,13,-104.927,39.8443,167.125,-65.7316,345.805,12.1952,1.59155,78.9909,0.148895,0.000418633,6.42184,3.06856,1.62919,0.363799,0.253077,0.189808,0.142356,0.0632694,0.0316347,0.0316347,0,0,0,0,0
64122,64151,64136,13.1,-104.921,39.8429,164.33,-65.2921,348.219,11.084,1.37473,66.8097,0.145795,0.000245326,5.60926,3.02658,1.26444,0.578413,0.376641,0.107612,0.0807088,0.0269029,0,0,0,0,0.0134515,0,0
64152,64181,64166,13.2,-104.914,39.8412,161.562,-64.4041,351.409,11.7761,1.60984,88.0866,0.164153,0.000426152,6.17669,2.97289,1.24111,0.548398,0.432946,0.158747,0.115452,0.0721576,0.0144315,0.0288631,0.0144315,0,0,0,0
64182,64207,64194,13.3,-104.908,39.8392,159.05,-63.6732,354.217,11.2927,1.58318,81.2811,0.154021,0.000442321,5.45044,2.93896,1.42495,0.712476,0.320614,0.178119,0.0712476,0.160307,0,0.0356238,0,0,0,0,0
64208,64236,64222,13.4,-104.903,39.8372,156.375,-63.4472,356.318,11.7914,1.7313,97.6131,0.169144,0.00047734,5.57722,3.09155,1.4914,0.683559,0.372851,0.233032,0.217496,0.0621418,0.0466063,0,0,0,0.0155354,0,0
64237,64264,64250,13.5,-104.898,39.8351,153.875,-63.0809,358.598,12.3636,1.82367,99.5464,0.163757,0.00048119,5.61023,3.20082,1.67076,0.721064,0.63313,0.298978,0.0879347,0.0879347,0.0175869,0.0175869,0.0175869,0,0,0,0
64265,64294,64280,13.6,-104.892,39.8331,151.438,-63.4656,359.575,12.6042,1.62382,69.9242,0.129184,0.000342476,6.07189,3.38127,1.64027,0.676254,0.374098,0.215826,0.17266,0.0719419,0,0,0,0,0,0,0
64295,64326,64310,13.7,-104.887,39.8309,149.008,-63.58,361.039,12.3347,1.69569,79.0122,0.139788,0.000399408,5.69185,3.1125,1.67153,0.907813,0.504341,0.216146,0.158507,0.0288195,0.0288195,0.0144097,0,0,0,0,0
64331,64361,64346,13.8,-104.879,39.8283,146.158,-63.116,363.837,11.0597,1.56726,75.0968,0.143748,0.000423355,5.23739,2.84315,1.41478,0.652973,0.367297,0.14964,0.285676,0.0952252,0.0136036,0,0,0,0,0,0
64362,64393,64378,13.9,-104.873,39.8262,144.236,-62.7819,365.808,11.5702,1.64382,78.8872,0.143971,0.000421028,5.11999,3.19999,1.53098,0.677645,0.552155,0.225882,0.138039,0.100392,0.012549,0.012549,0,0,0,0,0
64394,64424,64409,14,-104.867,39.823,141.752,-62.4219,368.253,11.8622,1.87954,118.02,0.188376,0.000522258,5.0032,3.1223,1.91852,0.664585,0.664585,0.163012,0.213169,0.0501574,0,0.0250787,0.0125393,0.0250787,0,0,0
64425,64453,64439,14.1,-104.862,39.82,139.492,-62.4928,369.818,12.0491,1.9767,126.512,0.192004,0.00057098,5.16556,3.12037,1.63615,0.87651,0.58434,0.315544,0.198676,0.0934944,0.0116868,0,0.0350604,0.0116868,0,0,0
64454,64480,64467,14.2,-104.858,39.8181,137.328,-62.5357,371.401,12.3041,1.96841,121.677,0.185444,0.000600174,5.37202,3.25265,1.73671,0.794764,0.515125,0.191332,0.294357,0.0735893,0.0147179,0.0294357,0.0147179,0.0147179,0,0,0
64481,64507,64494,14.3,-104.854,39.8165,135.028,-62.6613,372.981,12.3998,1.9351,97.9145,0.151797,0.000557968,5.19849,3.09258,1.84082,0.839415,0.706876,0.294532,0.309258,0.0883595,0.0147266,0.0147266,0,0,0,0,0
64508,64533,64520,14.4,-104.85,39.8148,132.773,-62.7295,374.653,12.1158,2.13741,129.297,0.181477,0.000719496,4.72338,3.00873,2.022,0.67939,0.792622,0.339695,0.339695,0.129408,0.0647039,0,0,0,0.016176,0,0
64534,64561,64548,14.5,-104.845,39.8135,130.684,-62.9232,376.003,12.2852,1.87999,93.2786,0.14885,0.000498396,4.81614,3.22437,1.9455,0.993159,0.734666,0.272098,0.190469,0.0816295,0,0.0272098,0,0,0,0,0
64562,64586,64574,14.6,-104.84,39.8122,128.364,-62.7005,378.343,11.6756,1.92466,97.6925,0.152275,0.00057615,4.46844,2.9149,1.93793,0.864859,0.592589,0.43243,0.35235,0.0960955,0.0160159,0,0,0,0,0,0
64587,64609,64598,14.7,-104.836,39.8109,126.513,-62.4835,380.305,12.4709,2.33307,134.332,0.172732,0.000824926,4.32873,2.91526,2.14964,1.10427,0.853966,0.544772,0.368089,0.132512,0.0294471,0.0441707,0,0,0,0,0
64612,64637,64624,14.8,-104.832,39.8096,124.482,-62.3965,382.221,11.3645,1.99347,108.604,0.16344,0.00066935,4.05272,2.85379,1.89127,1.14827,0.540362,0.388385,0.253295,0.168863,0.0675453,0,0,0,0,0,0
64638,64661,64650,14.9,-104.827,39.8081,122.402,-62.6908,383.529,12.1594,2.21498,130.58,0.176859,0.00078049,4.39719,3.19539,1.93703,0.904888,0.721083,0.339333,0.410028,0.197944,0.0424166,0,0.0141389,0,0,0,0
64662,64687,64674,15,-104.823,39.8065,120.253,-63.2818,384.4,11.0561,1.82337,93.8061,0.15434,0.0005582,4.17299,3.0951,1.35507,1.09329,0.585142,0.277173,0.354165,0.0923909,0.030797,0,0,0,0,0,0
64688,64712,64700,15.1,-104.819,39.8053,118.563,-63.6405,385.292,10.8868,1.73316,100.447,0.173868,0.00054232,4.62205,2.96327,1.7071,0.499246,0.450932,0.193256,0.305989,0.0966282,0.0161047,0.0161047,0.0161047,0,0,0,0
64713,64738,64726,15.2,-104.814,39.8035,116.457,-64.0613,386.489,10.7884,1.78313,93.1615,0.156738,0.00056231,4.398,2.47941,1.83004,0.752678,0.516544,0.339443,0.354202,0.073792,0.0442752,0,0,0,0,0,0
64739,64762,64750,15.3,-104.81,39.8019,114.516,-64.3391,387.844,10.9022,2.00355,130.758,0.19579,0.00070157,3.91243,3.21655,1.62374,0.711351,0.55671,0.37114,0.262891,0.18557,0.0154642,0.0154642,0.0154642,0.0154642,0,0,0
64763,64784,64774,15.4,-104.805,39.8006,112.816,-64.5579,389.092,10.8972,2.04381,115.347,0.169312,0.000727685,3.91869,2.61246,1.53885,0.984146,0.840997,0.411552,0.393658,0.161042,0.0178936,0.0178936,0,0,0,0,0
64785,64811,64798,15.5,-104.799,39.7985,110.824,-64.739,390.73,10.743,1.87632,97.7082,0.156223,0.000579143,3.71064,2.60879,1.7662,1.02083,0.891201,0.356481,0.226851,0.129629,0.0324073,0,0,0,0,0,0
64812,64836,64824,15.6,-104.794,39.7964,109.108,-64.9645,392.063,10.1857,1.87416,110.526,0.176921,0.000624011,3.49761,2.62748,1.62085,0.955446,0.614215,0.392415,0.307108,0.136492,0.0170615,0,0.0170615,0,0,0,0
64837,64863,64850,15.7,-104.789,39.794,107.261,-64.3955,395.054,10.199,2.04325,116.628,0.171238,0.000768091,3.06993,2.64355,1.75668,0.852759,0.699263,0.443435,0.562821,0.136441,0.0341104,0,0,0,0,0,0
64864,64892,64878,15.8,-104.784,39.7915,105.439,-64.0212,397.698,9.39757,1.96541,123.707,0.188827,0.000773449,3.11896,2.03411,1.62729,0.745839,0.895007,0.311896,0.447503,0.135607,0.0678035,0,0.0135607,0,0,0,0
64893,64923,64908,15.9,-104.779,39.789,103.667,-63.4688,400.693,8.9427,2.21717,146.426,0.198126,0.00102894,2.52404,1.81839,1.46557,0.841346,0.841346,0.569944,0.529234,0.257832,0.0678505,0.0271402,0,0,0,0,0
64924,64953,64938,16,-104.773,39.7868,102.068,-62.5332,404.27,8.49635,2.03123,126.832,0.187323,0.000852237,2.08706,1.84469,1.33302,0.942543,1.07719,0.538596,0.444341,0.175044,0.0269298,0.0269298,0,0,0,0,0
64954,64982,64968,16.1,-104.767,39.7849,100.374,-62.585,406.101,8.49315,1.98764,126.881,0.191506,0.00087445,2.70796,1.60016,1.15396,0.938554,0.923168,0.461584,0.415426,0.20002,0.0769307,0.0153861,0,0,0,0,0
64983,65008,64996,16.2,-104.761,39.7828,98.7381,-61.9752,409.201,8.74948,2.00697,133.861,0.200095,0.000837996,2.51588,1.84284,1.63452,0.849308,0.769185,0.496765,0.400617,0.112173,0.112173,0,0,0.0160247,0,0,0
65009,65032,65020,16.3,-104.756,39.7805,97.1757,-61.7871,411.435,8.22543,1.97963,141.581,0.214557,0.000835772,2.28721,2.00309,1.03706,1.06547,0.681901,0.468807,0.426188,0.170475,0.0568251,0,0.0142063,0,0.0142063,0,0
65033,65054,65044,16.4,-104.752,39.7782,95.5639,-61.9778,413.026,7.63626,1.69161,100.164,0.177637,0.000664779,2.13415,1.51725,1.33384,0.900345,0.733614,0.516864,0.316788,0.133384,0.0500191,0,0,0,0,0,0
65055,65077,65066,16.5,-104.748,39.7763,93.9875,-62.49,413.995,8.69672,1.84298,126.573,0.206035,0.000746987,3.09926,2.10374,1.16457,0.71377,0.619853,0.450802,0.262968,0.187834,0.0751337,0,0,0,0.0187834,0,0
65080,65100,65090,16.6,-104.744,39.7749,92.5094,-62.9265,415.011,8.23617,1.72603,106.692,0.185441,0.000723415,2.93392,1.87346,1.20184,0.653945,0.512551,0.388832,0.494877,0.106045,0.0530226,0.0176742,0,0,0,0,0
65101,65122,65112,16.7,-104.741,39.7735,91.1387,-63.2487,416.14,8.11274,1.70567,108.415,0.190684,0.0007167,2.4761,2.25466,1.24811,0.624057,0.603926,0.342225,0.322094,0.161047,0.0402617,0.0402617,0,0,0,0,0
65126,65148,65137,16.8,-104.736,39.7718,89.5068,-63.3316,418.137,8.21815,1.65069,92.8095,0.168674,0.00059812,2.41803,2.00712,1.40657,0.790207,0.679578,0.442516,0.300279,0.158041,0.0158041,0,0,0,0,0,0
65149,65178,65164,16.9,-104.732,39.77,87.9833,-63.5162,419.821,7.76665,1.75065,111.851,0.191672,0.000778575,2.34438,1.78345,1.29444,0.733517,0.604073,0.388333,0.302036,0.201358,0.115061,0,0,0,0,0,0
65179,65209,65194,17,-104.726,39.7679,86.5012,-63.2748,422.343,6.78726,1.74577,122.172,0.209946,0.000807991,1.68478,1.60054,1.08307,0.613741,0.673912,0.469332,0.385093,0.20458,0.0361024,0.0240683,0.0120341,0,0,0,0
65210,65241,65226,17.1,-104.721,39.7663,85.0679,-63.1712,424.584,6.69839,1.75575,115.381,0.197148,0.000815019,1.6026,1.26455,1.06423,0.876424,0.72618,0.425692,0.525855,0.125203,0.0751221,0.0125203,0,0,0,0,0
65242,65272,65257,17.2,-104.716,39.7651,83.7236,-63.4432,425.963,6.09429,1.5878,102.003,0.192725,0.000720107,1.43798,1.15038,1.01343,0.684752,0.671057,0.547801,0.383461,0.13695,0.0684752,0,0,0,0,0,0
65273,65301,65287,17.3,-104.71,39.7639,82.3585,-63.3395,428.174,6.59624,1.61389,104.735,0.194688,0.000737775,1.92767,1.47587,0.783115,0.617456,0.783115,0.316258,0.481917,0.150599,0.0451797,0.0150599,0,0,0,0,0
65302,65328,65315,17.4,-104.706,39.7624,81.034,-63.4785,429.89,6.47569,1.49527,91.1058,0.182788,0.000625363,1.91704,1.23778,1.08683,0.543414,0.739647,0.407561,0.392466,0.105664,0.0452845,0,0,0,0,0,0
65329,65354,65342,17.5,-104.701,39.761,79.6821,-63.5126,431.883,6.36954,1.60714,104.939,0.195887,0.00073456,1.98552,1.03247,0.825975,0.619481,0.873627,0.444756,0.349451,0.174725,0.0476524,0.0158841,0,0,0,0,0
