api/data/B2SAP/Locations/Boulder/NOAA-POPS-B2SAP_GMLBalloon_20221215_R0.ict
61,1001
Thornberry, T. D.
NOAA Chemical Sciences Laboratory
Portable Optical Particle Spectrometer (POPS)
Balloon Baseline Stratospheric Aerosol Profiles (B2SAP)
1,1
2022,12,15,2024,05,28
0
TIME_START,s,Seconds since midnight UTC on flight start day,Start time of 100 m altitude bin in UTC_seconds_since_midnight
28
1.0,1.0,1.0,1.0,1.0,1.0,1.0,1.0,1.0,1.0,1.0,1.0,1.0,1.0,1.0,1.0,1.0,1.0,1.0,1.0,1.0,1.0,1.0,1.0,1.0,1.0,1.0,1.0
99999,99999,99999,99999,99999,99999,99999,99999,99999,99999,99999,99999,99999,99999,99999,99999,99999,99999,99999,99999,99999,99999,99999,99999,99999,99999,99999,99999
TIME_STOP,s,End time of 100 m altitude bin in UTC seconds since midnight,
TIME_MID,s,Mid time of 100 m altitude in UTC seconds since midnight,
GPSAlt,m,GPS reported altitude above sea level (m),
GPS_Lon,deg,GPS reported longitude,
GPS_Lat,deg,GPS reported latitude,
iMet_Pressure,mb,Pressure reported (mB),
iMet_Temperature,degrees C,Ambient temperature (oC),
THETA,K,Potential temperature from iMet,
Aerosol_concentration,cm^-3,Aerosol concentration,
Surface_Area_Conc,um^2 cm^-3,Surface area concentration,
Volume_density,um^3 cm^-3,Volume density,
Effective_radius,um,Effective radius,
Extinction,km^-1,Extinction,
Bin01,cm^-3,particle concentration in size range [140 - 170 nm],
Bin02,cm^-3,particle concentration in size range [170 - 205 nm],
Bin03,cm^-3,particle concentration in size range [205 - 249 nm],
Bin04,cm^-3,particle concentration in size range [249 - 302 nm],
Bin05,cm^-3,particle concentration in size range [302 - 366 nm],
Bin06,cm^-3,particle concentration in size range [366 - 443 nm],
Bin07,cm^-3,particle concentration in size range [443 - 537 nm],
Bin08,cm^-3,particle concentration in size range [537 - 651 nm],
Bin09,cm^-3,particle concentration in size range [651 - 789 nm],
Bin10,cm^-3,particle concentration in size range [789 - 956 nm],
Bin11,cm^-3,particle concentration in size range [956 - 1159 nm],
Bin12,cm^-3,particle concentration in size range [1159 - 1404 nm],
Bin13,cm^-3,particle concentration in size range [1404 - 1702 nm],
Bin14,cm^-3,particle concentration in size range [1702 - 2062 nm],
Bin15,cm^-3,particle concentration in size range [2062 - 2500 nm],
0
19
PI_CONTACT_INFO: 325 Broadway R/CSL6, Boulder, CO 80305; troy.thornberry@noaa.gov; 303-497-3373 
PLATFORM: GML ECC/FPH balloon
LOCATION: Boulder, CO, USA
ASSOCIATED_DATA: N/A
INSTRUMENT_INFO: Printed Optical Particle Spectrometer counts particles from 140 - 2500 nm in diameter 
DATA_INFO: Particle concentrations reported in number per cubic centimeter, binned to 100 m altitude
UNCERTAINTY: Counting uncertainty dominated by air flow, less than 5 percent
ULOD_FLAG: -77777
ULOD_VALUE: 3000 ~3000 per cm3 (varies depending on flow rate- manufacturer quotes 1250  per cm3 at 1.667 cc/s)
LLOD_FLAG: -88888
LLOD_VALUE: 0 0 (varies depending on data field and measurement precision)
DM_CONTACT_INFO: Troy Thornberry, 325 Broadway R/CSL6, Boulder, CO 80305; troy.thornberry@noaa.gov; 303-497-3373
PROJECT_INFO: B2SAP Boulder, CO, USA
STIPULATIONS_ON_USE: Please contact the PIs for questions regarding applications and uncertainties
OTHER_COMMENTS: POPS bin Edges (nm):  140, 170, 205, 249, 302, 366, 443, 537, 651, 789, 956, 1159, 1404, 1702, 2062, 2500
Calculations assume sulfate refractive index of 1.45+0.00j and extinction wavelength = 532 nm
REVISION: R0
R0: QA/QC data
TIME_START,TIME_STOP,TIME_MID,GPSAlt,GPS_Lon,GPS_Lat,iMet_Pressure,iMet_Temperature,THETA,Aerosol_concentration,Surface_Area_Conc,Volume_density,Effective_radius,Extinction,Bin01,Bin02,Bin03,Bin04,Bin05,Bin06,Bin07,Bin08,Bin09,Bin10,Bin11,Bin12,Bin13,Bin14,Bin15
[from data line 152]
65096,65126,65111,16.9,-104.48,39.8335,88.1105,-61.5495,423.577,7.95022,1.51441,105.165,0.208328,0.000543483,3.13049,2.03017,1.03833,0.635397,0.449427,0.263457,0.278955,0.0464925,0.030995,0.0154975,0.0154975,0.0154975,0,0,0
65127,65150,65138,17,-104.477,39.8315,86.5728,-62.3206,424.176,8.11826,1.76158,132.854,0.226253,0.000775335,3.43716,1.57128,1.09662,0.7038,0.491024,0.196409,0.310982,0.147307,0.13094,0,0,0.0327349,0,0,0
65151,65169,65160,17.1,-104.473,39.8305,85.21,-61.5344,427.684,7.63846,1.90409,157.968,0.248888,0.000899606,2.62265,1.98338,0.901536,0.540921,0.606488,0.278656,0.409789,0.114741,0.0983493,0.0327831,0.0327831,0.0163916,0,0,0
65170,65194,65182,17.2,-104.47,39.83,83.7088,-61.584,429.757,7.13896,1.43958,99.8796,0.208142,0.000549448,2.56814,1.74351,1.13092,0.530121,0.541902,0.212048,0.235609,0.117805,0.0117805,0.0235609,0.0117805,0.0117805,0,0,0
65202,65220,65211,17.3,-104.466,39.8297,82.2168,-62.3895,430.334,7.33842,1.53399,104.485,0.20434,0.000624326,2.30592,1.97873,1.21528,0.59206,0.545318,0.218127,0.29603,0.0934831,0.0467416,0.031161,0.0155805,0,0,0,0
65221,65245,65233,17.4,-104.462,39.8295,80.9881,-62.0025,432.978,6.59991,1.36142,80.0827,0.176468,0.0005385,2.23694,1.46048,0.979818,0.628563,0.51764,0.25882,0.38823,0.0924357,0.0369743,0,0,0,0,0,0
65246,65266,65256,17.5,-104.458,39.8287,79.7367,-60.6652,437.665,6.40296,1.44497,98.3591,0.20421,0.00062357,2.07852,1.46473,1.06019,0.446394,0.571942,0.237147,0.265046,0.237147,0.0278996,0,0,0.0139498,0,0,0
65267,65288,65278,17.6,-104.454,39.8273,78.4541,-58.7673,443.63,6.26522,1.38071,95.8564,0.208276,0.000581428,2.10607,1.40404,0.940445,0.622548,0.529828,0.145703,0.317897,0.119211,0.0662285,0,0,0,0.0132457,0,0
65289,65310,65300,17.7,-104.451,39.8254,77.217,-58.2005,446.819,5.85395,1.6398,132.428,0.242275,0.000755735,1.65186,1.1592,0.811439,0.536129,0.710009,0.34776,0.37674,0.18837,0.02898,0,0.01449,0.02898,0,0,0
65314,65325,65320,17.8,-104.449,39.8237,75.9592,-58.1117,449.108,5.69597,1.37792,93.1526,0.202812,0.000660745,1.85843,1.01369,1.18264,0.289625,0.482709,0.241354,0.410303,0.144813,0.0482709,0.0241354,0,0,0,0,0
65327,65349,65338,17.9,-104.448,39.8221,74.68,-58.6153,450.239,5.53051,1.48253,114.205,0.231101,0.000714771,1.48048,1.17417,0.969967,0.510509,0.510509,0.306305,0.340339,0.153153,0.017017,0.0510509,0,0.017017,0,0,0
65353,65371,65362,18,-104.447,39.8203,73.5423,-59.1785,451.023,6.45391,2.01048,170.608,0.254579,0.00105749,1.61348,1.45661,0.829148,0.717101,0.448188,0.448188,0.627463,0.156866,0.0672282,0.0448188,0.0448188,0,0,0,0
65372,65391,65382,18.1,-104.445,39.8186,72.3906,-59.9419,451.452,5.33017,1.42081,111.616,0.235675,0.000707718,1.70432,1.01925,0.701778,0.584815,0.534688,0.284053,0.250635,0.116963,0.066836,0.050127,0.016709,0,0,0,0
65392,65411,65402,18.2,-104.444,39.8171,71.1631,-60.5877,452.288,5.41913,1.48045,111.573,0.226094,0.000717678,1.5687,1.10012,0.814907,0.468572,0.387081,0.448199,0.407454,0.162981,0.0203727,0.0203727,0.0203727,0,0,0,0
65412,65433,65422,18.3,-104.442,39.816,70.0568,-61.2782,452.836,5.46043,1.52415,123.771,0.24362,0.000749745,1.69213,1.05608,0.732057,0.444035,0.600047,0.348027,0.348027,0.144011,0.0240019,0.0480038,0.0120009,0,0.0120009,0,0
65434,65453,65444,18.4,-104.44,39.815,68.94,-62.0207,453.338,5.04303,1.28559,92.4686,0.215781,0.000639526,1.56768,1.09549,0.698847,0.377755,0.528857,0.226653,0.377755,0.075551,0.0377755,0.0566633,0,0,0,0,0
65454,65471,65462,18.5,-104.438,39.8142,67.8262,-62.2592,454.931,5.10958,1.32366,97.076,0.220017,0.000673302,1.61463,0.899286,0.878848,0.449643,0.551835,0.163507,0.306575,0.143068,0.0408767,0.061315,0,0,0,0,0
65472,65500,65486,18.6,-104.434,39.8136,66.6305,-62.0605,457.679,5.20745,1.53891,134.736,0.262659,0.000792113,1.51828,1.21196,0.732506,0.332957,0.506095,0.266366,0.306321,0.226411,0.0266366,0.0399549,0.0133183,0.0266366,0,0,0
65501,65525,65513,18.7,-104.431,39.8128,65.5494,-61.3156,461.452,4.83833,1.37171,105.203,0.230084,0.000697377,1.29414,1.14708,0.558835,0.397067,0.558835,0.279417,0.352948,0.147062,0.0735309,0.0147062,0,0.0147062,0,0,0
65530,65557,65544,18.8,-104.426,39.8115,64.5295,-59.7214,467.003,4.34323,1.4502,127.587,0.263937,0.000754877,1.08581,0.798755,0.574105,0.374416,0.499222,0.386897,0.411858,0.0873638,0.0624027,0.0249611,0,0.0374416,0,0,0
65558,65584,65571,18.9,-104.421,39.8095,63.5357,-58.6661,471.405,4.5536,1.58935,144.18,0.272149,0.000867363,1.01946,0.849552,0.690969,0.475749,0.543713,0.249202,0.362476,0.203893,0.101946,0.0113274,0.0113274,0.0339821,0,0,0
65585,65609,65597,19,-104.417,39.8072,62.4667,-58.7428,473.524,4.17454,1.91792,205.588,0.32158,0.001142,0.831989,0.613044,0.554659,0.423293,0.569256,0.335715,0.379504,0.218944,0.102174,0.0583852,0.0437889,0.0437889,0,0,0
65615,65628,65622,19.1,-104.413,39.8055,61.4364,-58.2036,476.973,4.34598,1.6362,141.387,0.259236,0.000963547,0.973689,0.47497,0.712455,0.522467,0.522467,0.237485,0.546216,0.213737,0.0712455,0.047497,0.0237485,0,0,0,0
65629,65640,65634,19.2,-104.412,39.8045,60.611,-57.966,479.357,3.89461,1.30577,119.541,0.274644,0.000667025,0.94098,0.862565,0.496628,0.235245,0.496628,0.287522,0.392075,0.078415,0.0522767,0,0.0522767,0,0,0,0
65641,65662,65652,19.3,-104.41,39.8031,59.6062,-58.2946,480.909,3.87772,1.55912,150.489,0.289564,0.000917178,0.706877,0.646287,0.585698,0.40393,0.565502,0.262554,0.40393,0.141375,0.0201965,0.100982,0.040393,0,0,0,0
65666,65685,65676,19.4,-104.409,39.8016,58.532,-58.9107,482.031,4.13401,1.48545,124.997,0.252443,0.000853122,1.15612,0.437925,0.507992,0.385374,0.525509,0.367857,0.472958,0.140136,0.0875849,0.035034,0,0.017517,0,0,0
65686,65705,65696,19.5,-104.408,39.8004,57.592,-59.59,482.73,3.84323,1.63584,150.509,0.276021,0.00104525,0.68441,0.719508,0.403626,0.386077,0.438724,0.333431,0.473822,0.228137,0.0526469,0.105294,0.017549,0,0,0,0
65735,65749,65742,19.7,-104.408,39.7983,55.6167,-61.3487,483.555,3.96896,1.52382,129.601,0.255149,0.000961528,0.797336,0.602432,0.691024,0.354372,0.354372,0.336653,0.513839,0.12403,0.106311,0.0885929,0,0,0,0,0
65750,65769,65760,19.8,-104.408,39.7977,54.87,-60.7833,486.716,4.34329,1.75297,162.928,0.278833,0.00106751,0.850931,0.691381,0.691381,0.39001,0.549559,0.265916,0.478648,0.177277,0.177277,0.0354554,0,0.0354554,0,0,0
65774,65797,65786,19.9,-104.407,39.7973,53.9935,-59.8735,491.061,4.14542,1.81484,164.249,0.271511,0.00117176,0.683141,0.621037,0.574459,0.294993,0.636563,0.388148,0.450252,0.279467,0.108681,0.0931555,0.0155259,0,0,0,0
65798,65818,65808,20,-104.406,39.7971,53.1544,-59.7137,493.632,4.28455,1.84925,173.108,0.28083,0.0011503,0.758036,0.708599,0.494371,0.379018,0.593246,0.395497,0.543808,0.214228,0.0659162,0.0988743,0.0329581,0,0,0,0
65821,65840,65830,20.1,-104.405,39.7972,52.2867,-59.5773,496.269,4.01813,1.86138,184.262,0.296976,0.00116149,0.599195,0.775429,0.405338,0.352468,0.581572,0.299598,0.563948,0.229104,0.0881169,0.0704935,0.0352468,0.0176234,0,0,0
65843,65862,65852,20.2,-104.403,39.7971,51.4213,-59.6987,498.367,3.9744,1.86859,193.807,0.311156,0.00114648,0.756191,0.509989,0.492404,0.42206,0.527575,0.386889,0.439646,0.228616,0.0527575,0.0879292,0.0703434,0,0,0,0
65863,65881,65872,20.3,-104.402,39.797,50.5433,-60.2283,499.577,4.00245,2.03817,241.832,0.355956,0.00118545,0.751842,0.641277,0.552825,0.353808,0.574938,0.243243,0.375921,0.243243,0.110565,0,0.154791,0,0,0,0
65883,65903,65893,20.4,-104.4,39.7973,49.7407,-61.0227,499.991,3.64911,1.81626,194.675,0.321553,0.0011454,0.495996,0.673138,0.478282,0.354283,0.425139,0.371997,0.407425,0.21257,0.0531424,0.106285,0.0708566,0,0,0,0
65904,65926,65915,20.5,-104.399,39.7975,48.9241,-61.7788,500.581,3.90207,1.61526,158.188,0.293801,0.000956519,0.818176,0.550695,0.519227,0.45629,0.550695,0.18881,0.440556,0.204544,0.0786707,0.0472024,0.0314683,0,0.0157341,0,0
65927,65945,65936,20.6,-104.397,39.7974,48.155,-62.1671,501.921,3.57022,1.50098,154.37,0.308539,0.000876226,0.630039,0.668223,0.534578,0.381842,0.439118,0.248197,0.36275,0.133645,0.0381842,0.0763683,0.0381842,0.0190921,0,0,0
65947,65966,65956,20.7,-104.397,39.7967,47.3413,-61.4387,506.115,3.36924,1.27325,101.165,0.238363,0.000779149,0.809913,0.502146,0.307767,0.242974,0.421155,0.340163,0.453551,0.194379,0.064793,0.0323965,0,0,0,0,0
65969,65987,65978,20.8,-104.396,39.7959,46.5677,-61.2515,508.954,2.83628,0.990895,84.901,0.257043,0.000533634,0.447833,0.522472,0.559791,0.242576,0.429173,0.223917,0.205257,0.111958,0.0559791,0.0186597,0,0.0186597,0,0,0
65988,66010,65999,20.9,-104.395,39.7948,45.7573,-61.674,510.484,3.54702,1.18904,94.5908,0.238656,0.000634711,0.712643,0.63166,0.404911,0.534482,0.404911,0.259143,0.388714,0.145768,0.0323928,0.0161964,0.0161964,0,0,0,0
66011,66032,66022,21,-104.394,39.7937,45.0307,-61.608,513,3.5634,1.31171,125.136,0.286196,0.000751056,0.846103,0.66712,0.455594,0.374238,0.40678,0.211526,0.325424,0.13017,0.0650849,0.0488137,0.0162712,0,0.0162712,0,0
66034,66052,66043,21.1,-104.393,39.7924,44.3267,-61.3042,516.045,3.24886,1.54033,139.908,0.27249,0.00108305,0.585198,0.443943,0.464123,0.221972,0.282509,0.343047,0.383406,0.302689,0.141255,0.080717,0,0,0,0,0
66053,66071,66062,21.2,-104.392,39.791,43.6236,-61.3236,518.358,3.0683,1.25328,118.943,0.284715,0.000777086,0.551853,0.48563,0.507704,0.463556,0.220741,0.176593,0.37526,0.154519,0.0220741,0.0882964,0.0220741,0,0,0,0
66074,66091,66082,21.3,-104.391,39.7893,42.858,-61.468,520.64,3.36384,1.43853,117.695,0.245448,0.000921807,0.414386,0.414386,0.438762,0.487513,0.56064,0.17063,0.438762,0.292508,0.121878,0.0243756,0,0,0,0,0
66092,66112,66102,21.4,-104.39,39.788,42.1923,-61.3031,523.373,3.64754,1.58433,143.573,0.271862,0.00103917,0.80433,0.542455,0.299286,0.448929,0.336696,0.28058,0.467634,0.261875,0.149643,0.0374107,0.0187054,0,0,0,0
66114,66133,66124,21.5,-104.388,39.787,41.4862,-61.2985,525.922,3.12169,1.27212,106.049,0.250091,0.000806456,0.601771,0.56416,0.225664,0.28208,0.376107,0.357301,0.394912,0.206859,0.056416,0.056416,0,0,0,0,0
66135,66155,66145,21.6,-104.387,39.7864,40.7686,-61.7721,527.364,3.11151,1.15572,93.9121,0.243775,0.00068098,0.594334,0.524412,0.332128,0.244726,0.541892,0.349608,0.279686,0.157324,0.0174804,0.0699216,0,0,0,0,0
66157,66177,66167,21.7,-104.386,39.786,40.0692,-62.2992,528.654,3.00021,1.29381,113.172,0.262416,0.000791881,0.346963,0.489831,0.489831,0.326554,0.265325,0.285734,0.51024,0.183686,0.0612288,0.0204096,0.0204096,0,0,0,0
66179,66199,66189,21.8,-104.385,39.7854,39.4846,-62.9192,529.326,3.00115,1.15827,103.292,0.267532,0.000704613,0.698381,0.471879,0.377503,0.339753,0.283127,0.169876,0.358628,0.207627,0.0377503,0.0377503,0.0188752,0,0,0,0
66201,66224,66212,21.9,-104.385,39.7849,38.7409,-63.5482,530.606,3.10519,1.53287,149.329,0.292255,0.00103522,0.585036,0.382523,0.270017,0.247515,0.540033,0.247515,0.405025,0.202512,0.112507,0.0900055,0.0225014,0,0,0,0
66225,66246,66236,22,-104.384,39.7844,38.154,-63.43,533.236,2.36761,0.833447,66.1276,0.238027,0.000491736,0.423678,0.373834,0.323989,0.348911,0.398756,0.0747667,0.2243,0.099689,0.0747667,0.0249222,0,0,0,0,0
66248,66270,66259,22.1,-104.383,39.784,37.4831,-63.3262,536.206,2.86799,1.02179,78.4188,0.23024,0.00058712,0.523215,0.387567,0.426323,0.368188,0.34881,0.290675,0.368188,0.0387567,0.0968917,0.0193783,0,0,0,0,0
66272,66293,66282,22.2,-104.381,39.7835,36.8423,-63.8046,537.622,3.24859,1.16976,91.8896,0.235662,0.000693405,0.782792,0.469675,0.273977,0.371826,0.450105,0.234838,0.410966,0.176128,0.0391396,0.0391396,0,0,0,0,0
66295,66312,66304,22.3,-104.379,39.7828,36.266,-64.135,539.205,3.19618,1.18934,96.3649,0.243071,0.000720341,0.567065,0.489738,0.567065,0.257757,0.438186,0.231981,0.360859,0.18043,0.0515513,0.0515513,0,0,0,0,0
66314,66333,66324,22.4,-104.379,39.7815,35.6773,-63.9982,542.079,2.77734,0.84555,62.3209,0.221114,0.000458767,0.807089,0.45102,0.261117,0.284855,0.379807,0.142428,0.308593,0.0949517,0.0237379,0.0237379,0,0,0,0,0
66334,66355,66344,22.5,-104.378,39.7799,35.0754,-64.18,544.254,3.04599,1.03256,76.3471,0.221819,0.000576686,0.670118,0.507665,0.385825,0.223373,0.365519,0.324906,0.385825,0.142146,0.0203066,0.0203066,0,0,0,0,0
66358,66380,66369,22.6,-104.378,39.7781,34.4671,-64.3229,546.604,2.34833,0.668072,44.568,0.200134,0.000328943,0.63004,0.305474,0.324566,0.305474,0.305474,0.133645,0.248198,0.0763685,0.0190921,0,0,0,0,0,0
66381,66405,66393,22.7,-104.379,39.7762,33.8867,-63.5967,551.174,2.67614,0.750344,50.5273,0.202017,0.000373718,0.592703,0.538821,0.484939,0.233489,0.25145,0.179607,0.305332,0.0538821,0.0359214,0,0,0,0,0,0
66407,66431,66419,22.8,-104.38,39.7739,33.2829,-63.2907,554.824,2.69897,0.841307,63.7896,0.227466,0.000476029,0.645406,0.488944,0.469386,0.273809,0.215135,0.136904,0.312924,0.078231,0.0586733,0.0195578,0,0,0,0,0
66433,66458,66446,22.9,-104.381,39.7714,32.7387,-63.4613,556.981,2.98773,0.812679,53.6911,0.198201,0.000404525,0.829925,0.571726,0.479512,0.184428,0.295085,0.129099,0.387298,0.110657,0,0,0,0,0,0,0
66459,66487,66473,23,-104.383,39.7686,32.2147,-63.4124,559.7,2.37908,0.739572,54.0455,0.21923,0.000416427,0.639889,0.360963,0.360963,0.246111,0.229704,0.114852,0.246111,0.131259,0.0492223,0,0,0,0,0,0
66488,66514,66501,23.1,-104.384,39.766,31.6519,-63.1875,563.117,2.37033,0.554719,33.9468,0.183589,0.000233069,0.672182,0.583737,0.265335,0.194579,0.247646,0.229957,0.123823,0.035378,0.017689,0,0,0,0,0,0
66516,66538,66527,23.2,-104.384,39.7642,31.1669,-62.3823,567.782,2.42335,0.613857,37.6068,0.183789,0.000265087,0.589463,0.502135,0.283816,0.327479,0.283816,0.152824,0.240152,0.0436639,0,0,0,0,0,0,0
66539,66561,66550,23.3,-104.384,39.7632,30.66,-62.264,570.767,2.54735,0.745563,55.0707,0.221594,0.000410807,0.675433,0.521048,0.366664,0.328067,0.115789,0.0771923,0.328067,0.0964904,0.0192981,0.0192981,0,0,0,0,0
66563,66584,66574,23.4,-104.383,39.762,30.1293,-62.3071,573.498,2.09598,0.542064,38.6313,0.213801,0.000271376,0.607833,0.503034,0.272477,0.209598,0.125759,0.146718,0.125759,0.083839,0,0.0209598,0,0,0,0,0
66586,66606,66596,23.5,-104.382,39.7607,29.6615,-62.4977,575.557,2.57492,0.969897,73.244,0.226552,0.000586636,0.542088,0.474327,0.203283,0.203283,0.248457,0.271044,0.361392,0.248457,0.022587,0,0,0,0,0,0
66607,66629,66618,23.6,-104.382,39.7593,29.1471,-62.8643,577.423,2.41428,0.80328,58.9929,0.22032,0.000454387,0.470037,0.512767,0.256384,0.213653,0.36321,0.192288,0.170922,0.192288,0.0427306,0,0,0,0,0,0
66630,66652,66641,23.7,-104.381,39.7577,28.6407,-63.6057,578.288,2.55855,0.927419,68.8016,0.222558,0.000536803,0.433653,0.455336,0.281874,0.260192,0.346922,0.260192,0.281874,0.195144,0.0433653,0,0,0,0,0,0
66655,66676,66666,23.8,-104.38,39.7559,28.1386,-64.1793,579.617,1.96672,0.733507,56.115,0.229507,0.00044772,0.486156,0.22098,0.287274,0.132588,0.176784,0.176784,0.309372,0.132588,0.044196,0,0,0,0,0,0
66677,66698,66688,23.9,-104.379,39.7544,27.6893,-64.7536,580.693,1.69559,0.565994,46.732,0.247698,0.000357391,0.535448,0.356965,0.200793,0.0892414,0.066931,0.133862,0.111552,0.156172,0.0223103,0.0223103,0,0,0,0,0
66701,66726,66714,24,-104.377,39.7527,27.2159,-65.13,582.507,1.11482,0.10543,3.18439,0.0906118,6.33536e-06,0.613149,0.315864,0.167222,0.0185803,0,0,0,0,0,0,0,0,0,0,0
66728,66752,66740,24.1,-104.375,39.7512,26.7638,-65.2138,585.06,0.906351,0.0936024,2.97423,0.0953255,6.68702e-06,0.342399,0.422964,0.0805646,0.0604234,0,0,0,0,0,0,0,0,0,0,0
66754,66775,66764,24.2,-104.372,39.7501,26.3021,-64.865,588.972,1.4546,0.13423,4.06253,0.0907963,8.82157e-06,0.854289,0.438689,0.138533,0,0.0230889,0,0,0,0,0,0,0,0,0,0
66778,66798,66788,24.3,-104.37,39.749,25.8487,-64.1227,594.003,1.38377,0.143267,4.83333,0.10121,1.41864e-05,0.702866,0.461256,0.131787,0.0658937,0,0.0219646,0,0,0,0,0,0,0,0,0
66799,66817,66808,24.4,-104.368,39.7481,25.4608,-64.7485,594.804,1.37835,0.140247,4.47663,0.0957586,1.07556e-05,0.663651,0.4084,0.280775,0,0.025525,0,0,0,0,0,0,0,0,0,0
66820,66838,66829,24.5,-104.366,39.747,24.9854,-65.6369,595.453,1.22588,0.125552,4.07602,0.0973945,1.04114e-05,0.599899,0.417321,0.130413,0.0521651,0.0260826,0,0,0,0,0,0,0,0,0,0
