api/data/B2SAP/Locations/Boulder/NOAA-POPS-B2SAP_GMLBalloon_20230201_R0.ict
61,1001
Thornberry, T. D.
NOAA Chemical Sciences Laboratory
Portable Optical Particle Spectrometer (POPS)
Balloon Baseline Stratospheric Aerosol Profiles (B2SAP)
1,1
2023,02,01,2024,05,30
0
TIME_START,s,Seconds since midnight UTC on flight start day,Start time of 100 m altitude bin in UTC_seconds_since_midnight
28
1.0,1.0,1.0,1.0,1.0,1.0,1.0,1.0,1.0,1.0,1.0,1.0,1.0,1.0,1.0,1.0,1.0,1.0,1.0,1.0,1.0,1.0,1.0,1.0,1.0,1.0,1.0,1.0
99999,99999,99999,99999,99999,99999,99999,99999,99999,99999,99999,99999,99999,99999,99999,99999,99999,99999,99999,99999,99999,99999,99999,99999,99999,99999,99999,99999
TIME_STOP,s,End time of 100 m altitude bin in UTC seconds since midnight,
TIME_MID,s,Mid time of 100 m altitude in UTC seconds since midnight,
GPSAlt,m,GPS reported altitude above sea level (m),
GPS_Lon,deg,GPS reported longitude,
GPS_Lat,deg,GPS reported latitude,
iMet_Pressure,mb,Pressure reported (mB),
iMet_Temperature,degrees C,Ambient temperature (oC),
THETA,K,Potential temperature from iMet,
Aerosol_concentration,cm^-3,Aerosol concentration,
Surface_Area_Conc,um^2 cm^-3,Surface area concentration,
Volume_density,um^3 cm^-3,Volume density,
Effective_radius,um,Effective radius,
Extinction,km^-1,Extinction,
Bin01,cm^-3,particle concentration in size range [140 - 170 nm],
Bin02,cm^-3,particle concentration in size range [170 - 205 nm],
Bin03,cm^-3,particle concentration in size range [205 - 249 nm],
Bin04,cm^-3,particle concentration in size range [249 - 302 nm],
Bin05,cm^-3,particle concentration in size range [302 - 366 nm],
Bin06,cm^-3,particle concentration in size range [366 - 443 nm],
Bin07,cm^-3,particle concentration in size range [443 - 537 nm],
Bin08,cm^-3,particle concentration in size range [537 - 651 nm],
Bin09,cm^-3,particle concentration in size range [651 - 789 nm],
Bin10,cm^-3,particle concentration in size range [789 - 956 nm],
Bin11,cm^-3,particle concentration in size range [956 - 1159 nm],
Bin12,cm^-3,particle concentration in size range [1159 - 1404 nm],
Bin13,cm^-3,particle concentration in size range [1404 - 1702 nm],
Bin14,cm^-3,particle concentration in size range [1702 - 2062 nm],
Bin15,cm^-3,particle concentration in size range [2062 - 2500 nm],
0
19
PI_CONTACT_INFO: 325 Broadway R/CSL6, Boulder, CO 80305; troy.thornberry@noaa.gov; 303-497-3373 
PLATFORM: GML ECC/FPH balloon
LOCATION: Boulder, CO, USA
ASSOCIATED_DATA: N/A
INSTRUMENT_INFO: Printed Optical Particle Spectrometer counts particles from 140 - 2500 nm in diameter 
DATA_INFO: Particle concentrations reported in number per cubic centimeter, binned to 100 m altitude
UNCERTAINTY: Counting uncertainty dominated by air flow, less than 5 percent
ULOD_FLAG: -77777
ULOD_VALUE: 3000 ~3000 per cm3 (varies depending on flow rate- manufacturer quotes 1250  per cm3 at 1.667 cc/s)
LLOD_FLAG: -88888
LLOD_VALUE: 0 0 (varies depending on data field and measurement precision)
DM_CONTACT_INFO: Troy Thornberry, 325 Broadway R/CSL6, Boulder, CO 80305; troy.thornberry@noaa.gov; 303-497-3373
PROJECT_INFO: B2SAP Boulder, CO, USA
STIPULATIONS_ON_USE: Please contact the PIs for questions regarding applications and uncertainties
OTHER_COMMENTS: POPS bin Edges (nm):  140, 170, 205, 249, 302, 366, 443, 537, 651, 789, 956, 1159, 1404, 1702, 2062, 2500
Calculations assume sulfate refractive index of 1.45+0.00j and extinction wavelength = 532 nm
REVISION: R0
R0: QA/QC data
TIME_START,TIME_STOP,TIME_MID,GPSAlt,GPS_Lon,GPS_Lat,iMet_Pressure,iMet_Temperature,THETA,Aerosol_concentration,Surface_Area_Conc,Volume_density,Effective_radius,Extinction,Bin01,Bin02,Bin03,Bin04,Bin05,Bin06,Bin07,Bin08,Bin09,Bin10,Bin11,Bin12,Bin13,Bin14,Bin15
[from data line 148]
65701,65717,65709,16.6,-104.604,39.9791,90.6556,-61.3869,420.476,4.84747,0.959857,64.4291,0.201371,0.000377947,1.7774,1.24294,0.745764,0.298306,0.335594,0.19887,0.111865,0.062147,0.062147,0,0.0124294,0,0,0,0
65718,65739,65728,16.7,-104.6,39.9806,89.3362,-61.2314,422.545,4.6786,1.0656,77.8233,0.219096,0.00049544,1.8733,1.05315,0.484636,0.270278,0.400756,0.214358,0.186398,0.130479,0.0279598,0.0279598,0,0.00931992,0,0,0
65740,65771,65756,16.8,-104.594,39.9817,87.9122,-60.4156,426.129,5.10319,1.40104,130.82,0.280121,0.000699722,1.84344,1.13155,0.65195,0.374684,0.42714,0.217317,0.194836,0.119899,0.0299747,0.0674431,0.022481,0.0149874,0.00749368,0,0
65772,65799,65786,16.9,-104.587,39.9828,86.3196,-60.1204,428.955,4.59805,1.07346,97.1749,0.271574,0.000456605,1.82216,1.20185,0.542772,0.271386,0.27914,0.170585,0.155078,0.0620311,0.0310155,0.0155078,0.00775388,0.0387694,0,0,0
65800,65822,65811,17,-104.582,39.9835,84.875,-60.2918,430.674,3.94165,0.813898,59.2123,0.218254,0.000348011,1.66695,0.920298,0.468831,0.191005,0.29519,0.164959,0.121549,0.0607744,0.00868205,0.0347282,0,0.00868205,0,0,0
65823,65845,65834,17.1,-104.577,39.9836,83.6048,-59.6124,433.925,4.78988,1.16171,95.8595,0.247547,0.000542584,1.58434,1.28037,0.644791,0.396086,0.359241,0.110536,0.193437,0.119747,0.0460565,0.0276339,0.0092113,0.0184226,0,0,0
65846,65866,65856,17.2,-104.574,39.9836,82.005,-59.3344,436.89,4.49812,1.30721,126.258,0.289758,0.000671502,1.61334,1.01502,0.60901,0.224372,0.352585,0.224372,0.203003,0.0961594,0.0747907,0.0320531,0.0320531,0.0213688,0,0,0
65867,65887,65877,17.3,-104.57,39.9835,80.6305,-59.4255,438.816,4.25455,1.03669,77.3442,0.22382,0.000489733,1.48279,0.920689,0.552414,0.319818,0.377967,0.242287,0.184138,0.0969147,0.0387659,0.0290744,0,0.00969147,0,0,0
65888,65904,65896,17.4,-104.568,39.9834,79.3487,-59.2031,441.295,4.16833,1.00913,76.6295,0.227808,0.000477084,1.41426,1.02968,0.521042,0.297738,0.347361,0.161275,0.235709,0.0868403,0.0372173,0.0248115,0,0.0124058,0,0,0
65905,65922,65914,17.5,-104.565,39.9836,78.0294,-59.5538,442.679,4.26353,1.16748,98.5592,0.25326,0.000646428,1.45061,0.983891,0.681155,0.18921,0.327964,0.151368,0.18921,0.138754,0.0882979,0.0504559,0,0.012614,0,0,0
65923,65941,65932,17.6,-104.561,39.9842,76.7537,-60.0012,443.842,4.27152,1.21542,112.285,0.277152,0.00061642,1.46452,1.00076,0.500378,0.231882,0.427152,0.231882,0.231882,0.0488174,0.036613,0.0610217,0.0122043,0.0244087,0,0,0
65942,65962,65952,17.7,-104.558,39.9851,75.5326,-60.2363,445.39,4.04367,1.19379,119.057,0.299192,0.000564517,1.23786,1.08313,0.453881,0.330095,0.31978,0.257887,0.165048,0.0928393,0.0103155,0.0309464,0.0309464,0.0309464,0,0,0
65963,65986,65974,17.8,-104.553,39.9862,74.17,-61.2367,445.6,3.50276,1.08463,95.3282,0.26367,0.000598023,1.17491,0.658827,0.395296,0.230589,0.362355,0.208628,0.263531,0.098824,0.0439218,0.0439218,0.0219609,0,0,0,0
65988,66010,65999,17.9,-104.548,39.9873,73.0527,-62.12,445.683,3.94452,1.08666,95.489,0.26362,0.000519499,1.36925,0.770768,0.535004,0.281104,0.408054,0.190425,0.181357,0.136018,0.0181357,0.0181357,0.0181357,0.0181357,0,0,0
66011,66037,66024,18,-104.542,39.9885,71.739,-62.9095,446.317,4.0067,1.00808,70.6158,0.210149,0.000444455,1.07686,0.902235,0.562684,0.397759,0.426864,0.271641,0.261939,0.0582087,0.0291044,0.00970145,0,0.00970145,0,0,0
66038,66063,66050,18.1,-104.536,39.9896,70.5548,-62.9386,448.382,3.67434,1.03877,88.2805,0.254958,0.000553663,1.16127,0.789303,0.580637,0.208666,0.37197,0.181449,0.145159,0.0997969,0.0907245,0.0272173,0.00907245,0.00907245,0,0,0
66064,66089,66076,18.2,-104.531,39.9902,69.3613,-62.7039,451.083,3.32942,0.968883,83.1112,0.257341,0.00051109,1.10981,0.601797,0.476748,0.203204,0.390777,0.187573,0.132864,0.132864,0.0468933,0.0312622,0,0.00781555,0.00781555,0,0
66091,66114,66102,18.3,-104.526,39.9908,68.112,-62.9815,452.825,3.61459,1.17244,107.147,0.274162,0.000601239,1.02249,0.582999,0.484338,0.367738,0.484338,0.2332,0.242169,0.0896921,0.0358769,0.0358769,0.00896921,0.0269076,0,0,0
66116,66137,66126,18.4,-104.522,39.9917,66.9824,-62.7847,455.427,3.3054,1.14463,117.368,0.307614,0.000634309,0.739227,0.834271,0.54914,0.285131,0.327372,0.200647,0.126725,0.0739227,0.0633624,0.0633624,0.0316812,0,0.0105604,0,0
66138,66156,66147,18.5,-104.519,39.9926,65.99,-62.4383,458.125,3.39967,1.34771,148.67,0.33094,0.000722816,0.835178,0.707445,0.343897,0.373374,0.412676,0.225989,0.245641,0.108082,0.0294769,0.0393025,0.0491281,0.0196513,0.00982563,0,0
66157,66177,66167,18.6,-104.515,39.9931,64.7006,-61.6128,462.517,3.31218,1.15842,112.202,0.290575,0.000671681,0.825527,0.694651,0.553707,0.291955,0.27182,0.201348,0.23155,0.0805393,0.0604044,0.0704718,0.0201348,0.0100674,0,0,0
66178,66197,66188,18.7,-104.512,39.9931,63.6945,-61.3555,465.165,3.40804,1.34509,129.617,0.289089,0.000796643,0.708163,0.610791,0.47801,0.300969,0.43375,0.309822,0.265561,0.141633,0.0531123,0.0708163,0.0354082,0,0,0,0
66198,66217,66208,18.8,-104.509,39.9928,62.5412,-61.0035,468.367,3.65215,1.67486,178.525,0.319773,0.00108653,0.828638,0.624036,0.491045,0.286443,0.368284,0.255753,0.388744,0.153452,0.0716107,0.132991,0.0409204,0.0102301,0,0,0
66218,66233,66226,18.9,-104.506,39.9924,61.5287,-61.2047,470.119,3.80675,1.50237,151.72,0.302961,0.00093895,0.936863,0.747119,0.509938,0.24904,0.521797,0.260899,0.225322,0.0948722,0.106731,0.11859,0.0355771,0,0,0,0
66235,66256,66246,19,-104.504,39.9915,60.4006,-61.1989,472.618,3.09426,1.23734,123.335,0.299034,0.000764734,0.783358,0.558143,0.313343,0.323135,0.372095,0.215423,0.225215,0.127296,0.0587518,0.0881278,0.0195839,0.00979197,0,0,0
66257,66278,66268,19.1,-104.501,39.9908,59.4181,-61.4756,474.219,3.3182,1.44246,147.492,0.306752,0.000896335,0.681219,0.604307,0.395547,0.285673,0.450484,0.307647,0.197773,0.186786,0.0878992,0.0769118,0.0329622,0.0109874,0,0,0
66279,66301,66290,19.2,-104.498,39.9899,58.4306,-60.9489,477.686,3.18348,1.53645,165.837,0.323806,0.00101067,0.672287,0.593195,0.34603,0.227391,0.34603,0.296597,0.31637,0.118639,0.108752,0.108752,0.0395463,0.00988658,0,0,0
66302,66324,66313,19.3,-104.495,39.9887,57.4174,-59.7263,482.835,2.89555,1.50585,182.756,0.364092,0.000920212,0.54234,0.569917,0.404457,0.284958,0.238997,0.24819,0.211421,0.156268,0.0827299,0.0551533,0.0735377,0.0275766,0,0,0
66325,66349,66337,19.4,-104.491,39.9873,56.4357,-59.2257,486.37,2.94703,1.42175,155.899,0.328958,0.000929261,0.610283,0.562103,0.297112,0.281051,0.337262,0.224841,0.232871,0.176661,0.0722704,0.104391,0.0401502,0,0.00803004,0,0
66350,66373,66362,19.5,-104.488,39.9856,55.4943,-58.6524,490.014,2.90499,1.27972,118.87,0.278662,0.00084851,0.522728,0.428465,0.377049,0.291356,0.36848,0.325634,0.239941,0.12854,0.137109,0.0771238,0.00856931,0,0,0,0
66374,66394,66384,19.6,-104.486,39.984,54.6035,-58.9647,491.571,2.9545,1.53007,162.995,0.319583,0.00100669,0.432366,0.432366,0.380894,0.329422,0.360305,0.339717,0.247067,0.144122,0.175005,0.0617666,0.0411778,0.0102944,0,0,0
66395,66411,66403,19.7,-104.484,39.9829,53.7871,-59.0321,493.538,2.92641,1.28919,125.884,0.292939,0.00085576,0.597476,0.487736,0.280448,0.329222,0.377995,0.317028,0.195094,0.121934,0.0853537,0.121934,0.0121934,0,0,0,0
66413,66427,66420,19.8,-104.484,39.9827,52.65,-57.7147,499.608,3.1111,1.73183,193.534,0.335254,0.0011976,0.528299,0.563519,0.30524,0.1761,0.457859,0.24654,0.31698,0.19958,0.12914,0.12914,0.0586999,0,0,0,0
66429,66449,66439,19.9,-104.484,39.9832,51.7275,-57.1155,503.546,2.51377,1.41126,146.376,0.311159,0.00101396,0.33517,0.308709,0.308709,0.229327,0.370451,0.211686,0.34399,0.141124,0.114663,0.132304,0.0176405,0,0,0,0
66450,66467,66458,20,-104.485,39.9842,50.88,-57.5267,504.954,3.19257,1.66601,169.833,0.30582,0.00112097,0.378379,0.342906,0.520271,0.307433,0.567569,0.283784,0.27196,0.260136,0.118244,0.106419,0.0354731,0,0,0,0
66468,66499,66484,20.1,-104.486,39.9856,49.9921,-58.1571,506.023,2.57373,1.43844,160.883,0.335536,0.00099372,0.445694,0.332701,0.345256,0.213431,0.370366,0.188322,0.244818,0.14438,0.14438,0.0941608,0.0502191,0,0,0,0
66500,66524,66512,20.2,-104.488,39.9872,49.21,-58.9032,506.542,2.76454,1.38096,136.397,0.296308,0.000952992,0.43224,0.45025,0.28816,0.189105,0.477265,0.21612,0.27015,0.21612,0.117065,0.09005,0.01801,0,0,0,0
66525,66544,66534,20.3,-104.489,39.9885,48.4574,-59.7179,506.833,2.63034,1.30574,128.796,0.295915,0.000933983,0.474922,0.365325,0.365325,0.14613,0.447523,0.164396,0.219195,0.182662,0.164396,0.0913312,0.00913312,0,0,0,0
66545,66567,66556,20.4,-104.489,39.9899,47.545,-59.6515,509.769,2.61943,1.30306,133.876,0.308221,0.000880636,0.515007,0.31078,0.364057,0.230865,0.31078,0.204227,0.319659,0.168709,0.0710354,0.0976737,0.0177589,0.00887943,0,0,0
66568,66588,66578,20.5,-104.489,39.9908,46.8079,-59.0768,513.416,2.68743,1.3765,139.112,0.303185,0.000969936,0.488623,0.310088,0.347674,0.244312,0.404054,0.197329,0.225518,0.216122,0.140949,0.093966,0.0187932,0,0,0,0
66589,66610,66600,20.6,-104.488,39.9916,46.0006,-58.6456,517.021,2.6308,1.20771,110.922,0.275535,0.000790273,0.370401,0.360903,0.351406,0.199447,0.474873,0.265929,0.322914,0.0949746,0.11397,0.0664822,0.00949746,0,0,0,0
66611,66632,66622,20.7,-104.487,39.992,45.2079,-57.6805,521.931,2.68324,1.50664,154.149,0.30694,0.00106874,0.341814,0.324723,0.384541,0.196543,0.333268,0.264906,0.358904,0.222179,0.136726,0.0939988,0.025636,0,0,0,0
66633,66652,66642,20.8,-104.486,39.9921,44.4611,-56.6383,526.956,2.41468,1.09232,95.8859,0.263345,0.000740158,0.411196,0.349954,0.218721,0.22747,0.402447,0.201224,0.244968,0.201224,0.113735,0.0437443,0,0,0,0,0
66653,66678,66666,20.9,-104.486,39.9921,43.6835,-56.458,530.064,2.39226,1.1043,100.971,0.274304,0.00076483,0.388149,0.332699,0.293092,0.308935,0.293092,0.150507,0.277249,0.174271,0.102978,0.0712927,0,0,0,0,0
66679,66702,66690,21,-104.486,39.992,42.9373,-56.9714,531.407,2.68687,1.27837,117.411,0.275533,0.000864579,0.397797,0.328008,0.348945,0.244261,0.446649,0.223325,0.286135,0.244261,0.0907256,0.069789,0.0069789,0,0,0,0
66703,66723,66713,21.1,-104.486,39.9922,42.2789,-57.6622,532.066,2.55309,1.15846,110.914,0.287227,0.000747821,0.333394,0.421129,0.342167,0.307073,0.377261,0.236885,0.210564,0.157923,0.0789616,0.0701881,0.017547,0,0,0,0
66724,66747,66736,21.2,-104.486,39.9928,41.4617,-58.0728,534.012,2.5952,1.07828,91.1039,0.253469,0.000688933,0.415955,0.43404,0.25319,0.25319,0.424998,0.262233,0.262233,0.153723,0.090425,0.0452125,0,0,0,0,0
66748,66768,66758,21.3,-104.486,39.9933,40.8529,-57.8943,536.721,2.56127,1.19205,107.924,0.27161,0.000806953,0.29466,0.351325,0.339992,0.305993,0.464656,0.181329,0.283327,0.14733,0.113331,0.0793315,0,0,0,0,0
66769,66790,66780,21.4,-104.485,39.9938,40.0072,-57.1978,541.689,2.05699,0.825628,66.9317,0.243203,0.000512009,0.293856,0.284951,0.311665,0.222618,0.302761,0.222618,0.195904,0.124666,0.0801426,0.0178095,0,0,0,0,0
66791,66811,66801,21.5,-104.485,39.9942,39.3353,-56.5965,545.828,2.25746,0.772066,55.3539,0.215087,0.000422661,0.341465,0.35095,0.341465,0.303524,0.322495,0.199188,0.208673,0.161247,0.0284554,0,0,0,0,0,0
66813,66834,66824,21.6,-104.485,39.9947,38.5106,-56.7256,548.818,2.06991,0.801,63.5744,0.238106,0.00048492,0.259942,0.365844,0.327334,0.202177,0.279197,0.211804,0.211804,0.144412,0.0481373,0.0192549,0,0,0,0,0
66835,66859,66847,21.7,-104.485,39.9948,37.9315,-56.6315,551.438,1.94663,0.639127,44.9023,0.210767,0.000341282,0.408552,0.312422,0.232314,0.224303,0.176238,0.280379,0.184249,0.112152,0.0160217,0,0,0,0,0,0
66860,66881,66870,21.8,-104.485,39.9945,37.2771,-55.8771,556.122,1.98313,0.620804,44.3351,0.214247,0.000332377,0.417012,0.352144,0.278008,0.166805,0.33361,0.157538,0.139004,0.0926694,0.0463347,0,0,0,0,0,0
66883,66903,66893,21.9,-104.486,39.994,36.77,-55.9467,558.115,1.80866,0.557808,40.6469,0.218607,0.000297261,0.37237,0.404288,0.202144,0.12767,0.329814,0.12767,0.138309,0.0638349,0.0319175,0.0106392,0,0,0,0,0
66905,66925,66915,22,-104.487,39.9935,36.0913,-56.2494,560.321,2.18495,0.605898,39.3237,0.194705,0.000287911,0.49705,0.424563,0.310656,0.227815,0.25888,0.176039,0.196749,0.0931969,0,0,0,0,0,0,0
66926,66946,66936,22.1,-104.488,39.9935,35.4911,-56.3356,562.78,2.15152,0.501292,30.8968,0.184903,0.000214736,0.60804,0.477077,0.318052,0.205798,0.224507,0.130962,0.112253,0.0654812,0.00935446,0,0,0,0,0,0
66947,66968,66958,22.2,-104.49,39.9941,34.916,-56.3335,565.425,1.94891,0.51806,34.6333,0.200556,0.000246163,0.474735,0.391448,0.333147,0.174902,0.208217,0.149916,0.12493,0.0832868,0,0.00832868,0,0,0,0,0
66969,66992,66980,22.3,-104.491,39.995,34.3684,-56.1374,568.5,2.0759,0.454867,26.4208,0.174254,0.000174868,0.606936,0.422216,0.325458,0.2287,0.202312,0.167127,0.0615732,0.0615732,0,0,0,0,0,0,0
66993,67012,67002,22.4,-104.493,39.996,33.8718,-55.7382,571.905,1.79066,0.476515,30.1253,0.18966,0.000216044,0.49364,0.300056,0.232301,0.154868,0.222622,0.193584,0.135509,0.0580753,0,0,0,0,0,0,0
67014,67035,67024,22.5,-104.493,39.9959,33.2978,-55.4028,575.608,1.72023,0.383764,22.5538,0.17631,0.000149983,0.484705,0.370657,0.228096,0.218592,0.180576,0.114048,0.0950401,0.019008,0.00950401,0,0,0,0,0,0
67036,67059,67048,22.6,-104.494,39.9951,32.532,-55.502,579.171,1.88013,0.427681,25.3847,0.178063,0.000172393,0.517468,0.413974,0.293232,0.15524,0.232861,0.103494,0.137991,0.0172489,0.00862447,0,0,0,0,0,0
67060,67083,67072,22.7,-104.496,39.9942,31.9074,-55.7389,581.763,2.00861,0.499756,31.4992,0.189088,0.000223751,0.547803,0.438242,0.246511,0.209991,0.209991,0.146081,0.146081,0.0547803,0.00913004,0,0,0,0,0,0
67084,67106,67095,22.8,-104.497,39.9938,31.27,-56.261,583.717,1.7488,0.361619,19.5133,0.161883,0.000121832,0.446122,0.410432,0.303363,0.160604,0.231983,0.0981467,0.0892243,0.00892243,0,0,0,0,0,0,0
67108,67129,67118,22.9,-104.498,39.9939,30.6805,-56.591,586.008,1.92248,0.378135,20.8967,0.165788,0.00013429,0.62885,0.404261,0.323409,0.179671,0.215606,0.0449179,0.0898357,0.0359343,0,0,0,0,0,0,0
67131,67150,67140,23,-104.5,39.9944,30.2613,-56.9075,587.451,1.71652,0.354432,19.6611,0.166417,0.000126314,0.527297,0.392668,0.224382,0.157067,0.213163,0.100972,0.0785336,0.0224382,0,0,0,0,0,0,0
67152,67174,67163,23.1,-104.501,39.9945,29.75,-55.7656,593.446,1.73853,0.333253,17.3723,0.156388,0.000105035,0.542012,0.398839,0.255666,0.194306,0.1534,0.112493,0.0818131,0,0,0,0,0,0,0,0
67176,67197,67186,23.2,-104.501,39.994,29.2119,-55.7944,596.458,1.64893,0.332069,20.5871,0.185989,0.000129636,0.598584,0.395292,0.203293,0.135529,0.124235,0.11294,0.0451762,0.0225881,0,0.011294,0,0,0,0,0
67198,67218,67208,23.3,-104.502,39.9934,28.7175,-55.2594,600.862,1.68594,0.36749,22.0237,0.17979,0.000148208,0.522405,0.356185,0.24933,0.16622,0.189965,0.0831099,0.0712371,0.0356185,0.0118728,0,0,0,0,0,0
67220,67241,67230,23.4,-104.503,39.9929,28.3178,-54.4833,605.414,1.46111,0.257489,13.4379,0.156565,8.10036e-05,0.62175,0.269425,0.1658,0.1658,0.103625,0.0828999,0.0310875,0.020725,0,0,0,0,0,0,0
67242,67265,67254,23.5,-104.504,39.9918,27.7478,-54.2461,609.608,1.57911,0.337605,19.4239,0.172604,0.000129065,0.516048,0.31995,0.237382,0.123852,0.154814,0.123852,0.0722468,0.0309629,0,0,0,0,0,0,0
67266,67287,67276,23.6,-104.506,39.9909,27.3144,-54.3113,612.171,1.49821,0.24993,11.7722,0.141306,6.25935e-05,0.528057,0.282449,0.30701,0.135084,0.159645,0.0491216,0.0368412,0,0,0,0,0,0,0,0
67289,67310,67300,23.7,-104.507,39.9901,26.7544,-53.8544,617.095,1.19582,0.198325,9.12843,0.138083,4.61179e-05,0.456139,0.221905,0.135609,0.172593,0.147937,0.0493123,0.0123281,0,0,0,0,0,0,0,0
67313,67336,67324,23.8,-104.509,39.9898,26.2611,-52.8695,623.161,1.41047,0.28971,15.4821,0.16032,9.59601e-05,0.439494,0.265741,0.214637,0.112429,0.214637,0.0919872,0.0715456,0,0,0,0,0,0,0,0
67338,67360,67349,23.9,-104.511,39.9897,25.8016,-52.5295,627.286,1.14115,0.177319,8.51512,0.144064,4.79676e-05,0.492055,0.28267,0.125631,0.104692,0.0523462,0.041877,0.041877,0,0,0,0,0,0,0,0
67361,67384,67372,24,-104.513,39.9896,25.3467,-52.8617,629.524,1.09488,0.181368,8.93358,0.14777,5.19719e-05,0.395058,0.25961,0.21446,0.0677243,0.090299,0.0112874,0.0564369,0,0,0,0,0,0,0,0
