api/data/B2SAP/Locations/Boulder/NOAA-POPS-B2SAP_GMLBalloon_20200109_R0.ict
61,1001
Thornberry, T. D.
NOAA Chemical Sciences Laboratory
Portable Optical Particle Spectrometer (POPS)
Balloon Baseline Stratospheric Aerosol Profiles (B2SAP)
1,1
2020,01,09,2024,05,30
0
TIME_START,s,Seconds since midnight UTC on flight start day,Start time of 100 m altitude bin in UTC_seconds_since_midnight
28
1.0,1.0,1.0,1.0,1.0,1.0,1.0,1.0,1.0,1.0,1.0,1.0,1.0,1.0,1.0,1.0,1.0,1.0,1.0,1.0,1.0,1.0,1.0,1.0,1.0,1.0,1.0,1.0
99999,99999,99999,99999,99999,99999,99999,99999,99999,99999,99999,99999,99999,99999,99999,99999,99999,99999,99999,99999,99999,99999,99999,99999,99999,99999,99999,99999
TIME_STOP,s,End time of 100 m altitude bin in UTC seconds since midnight,
TIME_MID,s,Mid time of 100 m altitude in UTC seconds since midnight,
GPSAlt,m,GPS reported altitude above sea level (m),
GPS_Lon,deg,GPS reported longitude,
GPS_Lat,deg,GPS reported latitude,
iMet_Pressure,mb,Pressure reported (mB),
iMet_Temperature,degrees C,Ambient temperature (oC),
THETA,K,Potential temperature from iMet,
Aerosol_concentration,cm^-3,Aerosol concentration,
Surface_Area_Conc,um^2 cm^-3,Surface area concentration,
Volume_density,um^3 cm^-3,Volume density,
Effective_radius,um,Effective radius,
Extinction,km^-1,Extinction,
Bin01,cm^-3,particle concentration in size range [140 - 170 nm],
Bin02,cm^-3,particle concentration in size range [170 - 205 nm],
Bin03,cm^-3,particle concentration in size range [205 - 249 nm],
Bin04,cm^-3,particle concentration in size range [249 - 302 nm],
Bin05,cm^-3,particle concentration in size range [302 - 366 nm],
Bin06,cm^-3,particle concentration in size range [366 - 443 nm],
Bin07,cm^-3,particle concentration in size range [443 - 537 nm],
Bin08,cm^-3,particle concentration in size range [537 - 651 nm],
Bin09,cm^-3,particle concentration in size range [651 - 789 nm],
Bin10,cm^-3,particle concentration in size range [789 - 956 nm],
Bin11,cm^-3,particle concentration in size range [956 - 1159 nm],
Bin12,cm^-3,particle concentration in size range [1159 - 1404 nm],
Bin13,cm^-3,particle concentration in size range [1404 - 1702 nm],
Bin14,cm^-3,particle concentration in size range [1702 - 2062 nm],
Bin15,cm^-3,particle concentration in size range [2062 - 2500 nm],
0
19
PI_CONTACT_INFO: 325 Broadway R/CSL6, Boulder, CO 80305; troy.thornberry@noaa.gov; 303-497-3373 
PLATFORM: GML ECC/FPH balloon
LOCATION: Boulder, CO, USA
ASSOCIATED_DATA: N/A
INSTRUMENT_INFO: Printed Optical Particle Spectrometer counts particles from 140 - 2500 nm in diameter 
DATA_INFO: Particle concentrations reported in number per cubic centimeter, binned to 100 m altitude
UNCERTAINTY: Counting uncertainty dominated by air flow, less than 5 percent
ULOD_FLAG: -77777
ULOD_VALUE: 3000 ~3000 per cm3 (varies depending on flow rate- manufacturer quotes 1250  per cm3 at 1.667 cc/s)
LLOD_FLAG: -88888
LLOD_VALUE: 0 0 (varies depending on data field and measurement precision)
DM_CONTACT_INFO: Troy Thornberry, 325 Broadway R/CSL6, Boulder, CO 80305; troy.thornberry@noaa.gov; 303-497-3373
PROJECT_INFO: B2SAP Boulder, CO, USA
STIPULATIONS_ON_USE: Please contact the PIs for questions regarding applications and uncertainties
OTHER_COMMENTS: POPS bin Edges (nm):  140, 170, 205, 249, 302, 366, 443, 537, 651, 789, 956, 1159, 1404, 1702, 2062, 2500
Calculations assume sulfate refractive index of 1.45+0.00j and extinction wavelength = 532 nm
REVISION: R0
R0: QA/QC data
TIME_START,TIME_STOP,TIME_MID,GPSAlt,GPS_Lon,GPS_Lat,iMet_Pressure,iMet_Temperature,THETA,Aerosol_concentration,Surface_Area_Conc,Volume_density,Effective_radius,Extinction,Bin01,Bin02,Bin03,Bin04,Bin05,Bin06,Bin07,Bin08,Bin09,Bin10,Bin11,Bin12,Bin13,Bin14,Bin15
[from data line 397]
66206,66209,66208,10.4,-104.63,40.1348,235.192,-58.575,324.468,19.5298,9.51062,860.978,0.271584,0.00582781,2.09248,2.09248,1.69391,2.88962,2.09248,3.58711,3.0889,1.09606,0.597852,0.099642,0.199284,0,0,0,0
66210,66213,66212,10.3,-104.628,40.1353,239.07,-59.7125,321.249,19.9466,8.62801,687.249,0.23896,0.00545325,3.20571,2.25587,2.25587,2.13714,1.89968,2.61206,3.32444,1.78095,0.35619,0.11873,0,0,0,0,0
66214,66217,66216,10.2,-104.627,40.1357,242.993,-60.9425,317.918,17.5663,6.23019,459.391,0.221209,0.00347811,3.22419,1.89004,2.89066,2.33476,1.89004,2.00122,1.89004,1.33415,0,0.111179,0,0,0,0,0
66218,66221,66220,10.1,-104.625,40.1362,247.053,-61.1875,316.039,13.7173,3.67754,239.555,0.19542,0.00170047,2.35446,2.66156,2.86629,2.25209,1.12604,1.12604,0.511838,0.716573,0.102368,0,0,0,0,0,0
66222,66225,66224,10,-104.624,40.1368,251.105,-60.72,315.271,13.6763,3.62878,230.058,0.190194,0.00162373,3.03918,2.8054,1.87027,1.28581,2.10405,1.16892,1.05203,0.233783,0.116892,0,0,0,0,0,0
66226,66229,66228,9.9,-104.622,40.1373,255.177,-60.0775,314.777,15.138,4.79059,360.408,0.225697,0.00266354,3.78451,2.31954,2.44162,1.46497,1.46497,1.34289,1.34289,0.610404,0.244162,0.122081,0,0,0,0,0
66230,66233,66232,9.8,-104.621,40.1377,259.228,-59.365,314.416,14.0526,3.79091,241.967,0.191485,0.00174815,3.43271,2.57453,1.82362,1.60908,1.82362,1.07272,1.17999,0.53636,0,0,0,0,0,0,0
66234,66237,66236,9.7,-104.619,40.138,262.907,-58.78,313.998,16.0321,5.27623,435.204,0.247452,0.00302184,3.32197,2.74424,2.88867,2.02207,1.7332,1.01103,1.44433,0.288867,0.144433,0.4333,0,0,0,0,0
66238,66241,66240,9.6,-104.618,40.1384,267.072,-58.0375,313.678,13.211,5.45864,890.62,0.489474,0.00295475,3.0571,2.40201,1.74691,1.74691,0.764275,1.63773,1.201,0.54591,0,0,0,0,0,0,0.109182
66242,66246,66244,9.5,-104.616,40.1388,272.098,-57.376,312.975,12.7127,4.32807,393.212,0.272555,0.00219612,3.25966,2.28176,1.46685,1.54834,1.05939,1.05939,1.38536,0.407458,0.0814916,0,0.0814916,0.0814916,0,0,0
66247,66250,66248,9.4,-104.615,40.1391,276.808,-56.7075,312.413,9.85037,2.72405,203.052,0.223622,0.00148924,2.82936,2.20061,1.67666,0.733538,0.628747,0.209582,0.943121,0.523956,0,0.104791,0,0,0,0,0
66251,66254,66252,9.3,-104.613,40.1394,280.99,-56.225,311.759,7.85426,2.29574,159.784,0.208801,0.00117691,1.73406,1.42805,1.42805,0.714023,0.714023,0.816027,0.714023,0.102003,0.204007,0,0,0,0,0,0
66255,66258,66256,9.2,-104.612,40.1396,285.257,-55.45,311.532,8.36348,1.93307,121.161,0.188034,0.000872992,2.93265,1.52063,1.19478,0.760316,0.760316,0.217233,0.6517,0.32585,0,0,0,0,0,0,0
66259,66263,66261,9.1,-104.611,40.1398,290.114,-54.552,311.316,8.95903,2.59435,210.878,0.243851,0.00113361,2.23976,1.98132,0.603012,1.20602,1.29217,0.775301,0.603012,0.172289,0,0,0.0861446,0,0,0,0
66264,66267,66266,9,-104.61,40.1399,294.895,-53.6225,311.186,13.1595,3.61065,244.992,0.203558,0.0018383,3.69389,3.00129,1.38521,1.15434,1.03891,0.923473,1.38521,0.461737,0.115434,0,0,0,0,0,0
66268,66271,66270,8.9,-104.608,40.14,299.16,-52.775,311.101,12.909,3.66061,261.818,0.214569,0.00188,3.32809,2.52128,2.21873,1.31107,0.302554,1.61362,1.10936,0.302554,0.100851,0.100851,0,0,0,0,0
66272,66276,66274,8.8,-104.607,40.1402,303.998,-51.796,311.054,10.1292,2.96123,282.621,0.286321,0.00136124,3.00124,2.1759,1.65068,0.82534,0.975402,0.525217,0.450186,0.300124,0.0750309,0,0.0750309,0.0750309,0,0,0
66277,66281,66279,8.7,-104.606,40.1405,309.356,-50.884,310.784,13.3453,3.66338,279.764,0.229103,0.00161805,3.40008,2.80506,1.53003,1.61504,1.61504,1.19003,0.765017,0.255006,0.0850019,0,0.0850019,0,0,0,0
66282,66285,66284,8.6,-104.605,40.1407,314.143,-50.0175,310.633,12.6195,2.99919,188.287,0.188338,0.0013519,3.60557,2.40372,2.50387,1.40217,0.701084,0.500774,1.00155,0.500774,0,0,0,0,0,0,0
66286,66290,66288,8.5,-104.604,40.1409,319.002,-49.128,310.502,11.034,3.49949,330.411,0.283251,0.00170052,2.83731,2.2068,1.97036,0.788143,1.1034,0.866957,0.788143,0.236443,0,0.0788143,0.157629,0,0,0,0
66291,66294,66292,8.4,-104.603,40.1412,323.967,-48.3275,310.236,10.8663,3.17644,296.723,0.280241,0.00159263,2.29865,3.44797,1.88071,0.731387,0.835871,0.626903,0.626903,0.104484,0,0.208968,0.104484,0,0,0,0
66295,66299,66297,8.3,-104.602,40.1414,328.91,-47.41,310.161,12.2249,2.95862,186.29,0.188895,0.00131637,3.44363,2.49663,2.15227,1.03309,0.860907,1.03309,0.860907,0.258272,0.0860907,0,0,0,0,0,0
66300,66303,66302,8.2,-104.601,40.1416,333.925,-46.515,310.05,11.3887,2.98786,193.544,0.19433,0.00141736,2.55447,2.66091,1.91585,1.1708,0.85149,0.745054,0.957927,0.532181,0,0,0,0,0,0,0
66304,66308,66306,8.1,-104.6,40.1419,338.906,-45.632,309.945,14.1567,3.88268,283.223,0.218836,0.00207068,4.71891,2.48815,1.54437,1.71597,1.11538,0.772185,0.857984,0.686387,0.171597,0.0857984,0,0,0,0,0
66309,66312,66310,8,-104.599,40.1422,343.882,-44.7775,309.808,14.3386,4.43666,365.22,0.246956,0.00230883,3.33913,2.55345,2.94629,1.47315,1.08031,0.883888,1.08031,0.687468,0.19642,0,0.0982098,0,0,0,0
66313,66317,66315,7.9,-104.598,40.1426,348.928,-44.418,309.01,19.1111,5.06305,354.935,0.210309,0.00250565,5.50801,3.83891,2.33673,2.50364,1.50218,1.08491,1.50218,0.667637,0,0.166909,0,0,0,0,0
66318,66322,66320,7.8,-104.597,40.143,354.27,-43.78,308.533,15.7459,4.07611,290.818,0.21404,0.00196404,4.31257,2.90848,2.80819,1.80526,1.40409,0.902632,1.20351,0.100292,0.100292,0.200585,0,0,0,0,0
66323,66325,66324,7.7,-104.596,40.1435,359.155,-42.96,308.428,17.0093,4.02295,242.1,0.180539,0.00166024,4.46493,4.67755,1.06308,2.55139,0.850463,2.12616,0.850463,0.425232,0,0,0,0,0,0,0
66326,66331,66328,7.6,-104.595,40.144,364.827,-41.9633,308.376,20.3739,6.41433,512.817,0.239846,0.003233,4.43513,4.01934,2.91056,2.49476,1.80177,1.80177,1.52458,1.24738,0,0,0.138598,0,0,0,0
66332,66336,66334,7.5,-104.594,40.1444,370.542,-40.934,308.374,16.7765,4.66148,361.898,0.232908,0.0021952,3.66032,3.88909,2.51647,2.51647,1.29636,0.91508,1.52513,0.22877,0,0.152513,0.0762567,0,0,0,0
66337,66341,66339,7.4,-104.593,40.1449,376.262,-39.928,308.36,18.6093,4.95405,341.128,0.206575,0.00244717,4.69208,4.29445,1.98817,2.94249,1.43148,0.954322,1.43148,0.636215,0.159054,0.0795269,0,0,0,0,0
66342,66345,66344,7.3,-104.592,40.1454,381.548,-38.9825,308.381,18.798,5.60521,523.568,0.280222,0.00259277,4.92568,4.12149,2.9152,1.80943,1.80943,1.50786,1.00524,0.201048,0.201048,0.100524,0,0.100524,0.100524,0,0
66346,66349,66348,7.2,-104.591,40.1457,386.567,-38.1125,308.376,22.0866,6.36579,441.308,0.207975,0.00307109,5.2338,3.87301,2.72158,2.93093,1.98884,2.93093,1.77949,0.418704,0,0.209352,0,0,0,0,0
66350,66353,66352,7.1,-104.59,40.1461,391.71,-37.2425,308.343,24.2984,7.18296,518.566,0.216581,0.00382291,5.57086,5.33381,3.43734,2.13352,2.60764,2.01499,1.42235,1.42235,0.237058,0.118529,0,0,0,0,0
66354,66358,66356,7,-104.589,40.1465,397.192,-36.2875,308.364,22.8459,5.94469,373.303,0.188388,0.00261521,4.48378,4.16351,4.59054,3.2027,2.24189,1.60135,2.13513,0.213513,0.213513,0,0,0,0,0,0
66359,66362,66360,6.9,-104.588,40.1469,403.24,-35.2825,308.341,19.3869,5.18946,370.216,0.21402,0.00254981,4.35023,3.68824,3.68824,3.02625,1.70227,0.945703,1.04027,0.567422,0.189141,0.189141,0,0,0,0,0
66363,66366,66364,6.8,-104.588,40.1472,409.05,-34.335,308.31,20.0239,6.3015,548.799,0.261271,0.00310103,5.05276,2.80709,3.55565,2.99423,1.30997,2.05853,1.30997,0.561418,0,0.187139,0.187139,0,0,0,0
66367,66370,66368,6.7,-104.587,40.1475,414.785,-33.4475,308.229,19.2885,4.53966,271.366,0.17933,0.00184759,5.53738,3.96846,2.21495,2.12266,2.21495,1.84579,0.830607,0.553738,0,0,0,0,0,0,0
66371,66375,66373,6.6,-104.586,40.1479,421.853,-32.4467,308.016,17.7586,4.36379,326.752,0.224634,0.00178088,4.21768,4.88363,2.6638,2.10884,1.10992,1.44289,0.998924,0.110992,0.110992,0,0.110992,0,0,0,0
66376,66379,66378,6.5,-104.585,40.1482,427.71,-31.5767,307.916,18.3575,4.63668,296.886,0.19209,0.00200157,4.64468,2.6541,3.64939,2.32234,1.99058,1.21646,1.65881,0.110588,0,0.110588,0,0,0,0,0
66380,66383,66382,6.4,-104.584,40.1484,433.728,-30.66,307.855,23.5499,6.19102,397.575,0.192654,0.00281464,5.45791,4.0429,3.84075,3.63861,2.22359,1.92038,1.51609,0.707507,0.202145,0,0,0,0,0,0
66384,66386,66385,6.3,-104.583,40.1487,438.913,-29.87,307.813,21.9645,6.73684,494.988,0.220425,0.00362593,4.84931,3.70829,3.56567,3.13779,1.71152,1.99677,1.42627,1.14101,0.285253,0.142627,0,0,0,0,0
66387,66391,66389,6.2,-104.582,40.1489,445.165,-28.9775,307.7,22.5384,5.53942,364.983,0.197665,0.00262249,6.38426,5.22348,3.38559,2.22482,1.45097,1.64443,1.16077,0.773849,0.290193,0,0,0,0,0,0
66392,66396,66394,6.1,-104.581,40.1492,452.142,-28.014,307.537,23.8595,7.13316,628.815,0.264461,0.00343825,6.03589,5.60983,3.19547,2.55638,1.70425,2.62739,0.994146,0.497073,0.284042,0.142021,0,0.213031,0,0,0
66397,66400,66398,6,-104.581,40.1494,458.892,-27.135,307.335,31.2175,8.46445,615.136,0.218019,0.00393669,7.12149,6.63372,5.07284,4.0973,2.63398,2.34131,2.1462,0.780437,0.195109,0.0975547,0.0975547,0,0,0,0
66401,66404,66402,5.9,-104.58,40.1496,465.103,-26.43,307.037,36.2535,8.78561,540.211,0.184465,0.00377869,10.3581,6.65881,5.47502,3.84731,3.69934,2.51555,2.95947,0.591894,0.147974,0,0,0,0,0,0
66405,66409,66407,5.8,-104.579,40.1498,471.567,-25.56,306.909,30.8326,7.50613,476.366,0.190391,0.00326834,8.10888,5.84594,5.2802,3.86586,2.82868,1.98008,2.07436,0.660025,0.0942893,0.0942893,0,0,0,0,0
66410,66413,66412,5.7,-104.578,40.1499,478.053,-24.93,306.494,27.7732,7.29133,480.138,0.197552,0.00341564,6.88496,5.60133,3.38414,4.201,2.68397,2.21719,1.75041,0.583472,0.466777,0,0,0,0,0,0
66414,66418,66416,5.6,-104.577,40.15,484.63,-24.2525,306.129,29.6771,8.63928,673.989,0.234043,0.00474555,8.46527,5.83811,3.98938,3.21096,2.52985,2.23794,1.45953,1.16762,0.291906,0.486509,0,0,0,0,0
66419,66421,66420,5.5,-104.576,40.1501,491.01,-23.6767,305.689,31.9592,9.69465,744.884,0.230503,0.00509017,8.02019,6.19742,4.86072,2.79492,3.15947,2.06581,2.79492,1.57973,0.364554,0,0.121518,0,0,0,0
66423,66427,66425,5.4,-104.575,40.1502,498.766,-23.146,304.973,32.0616,9.16639,675.692,0.221142,0.00484691,7.85031,7.26337,4.32868,3.66837,2.49449,2.56786,1.98092,1.24725,0.366837,0.29347,0,0,0,0,0
66428,66431,66430,5.3,-104.574,40.1503,505.69,-22.6675,304.358,32.2426,9.28439,629.661,0.203458,0.00456927,6.68668,6.86987,4.03033,4.03033,3.38914,3.02274,2.83955,1.09918,0.183197,0.0915983,0,0,0,0,0
66432,66436,66434,5.2,-104.573,40.1503,512.614,-22.386,303.521,24.7168,7.05574,543.056,0.2309,0.00337227,6.05454,5.4847,3.27658,2.42182,2.92043,1.35337,2.06567,0.925989,0.0712299,0,0.14246,0,0,0,0
66437,66440,66438,5.1,-104.573,40.1503,519.625,-21.88,302.953,26.6648,8.14805,669.775,0.246602,0.00406255,5.76033,6.03906,3.62343,2.97307,2.97307,2.22981,1.57945,0.929086,0.278726,0.0929086,0.185817,0,0,0,0
66441,66444,66442,5,-104.572,40.1502,525.935,-21.0875,302.855,25.0883,6.84693,543.793,0.238264,0.00322783,6.50437,5.91307,3.63231,3.04101,1.77392,1.35156,1.68945,0.844724,0.168945,0,0.168945,0,0,0,0
66446,66449,66448,4.9,-104.571,40.1501,534.077,-20.0875,302.728,26.5698,7.32352,560.255,0.229503,0.00356992,6.82697,4.98184,4.52056,3.598,2.30641,1.66061,0.922564,1.4761,0,0.184513,0.0922564,0,0,0,0
66450,66454,66452,4.8,-104.571,40.1501,541.344,-19.414,302.369,27.6893,7.47455,530.611,0.212967,0.00349327,5.86362,5.73332,5.14696,3.84393,2.21515,1.95454,1.56363,1.10757,0.130303,0.0651513,0.0651513,0,0,0,0
66455,66458,66456,4.7,-104.57,40.1501,548.64,-18.98,301.727,22.9672,6.60103,462.015,0.209974,0.0032683,5.18889,4.16813,2.72204,3.91294,2.29672,1.78634,2.04153,0.510383,0.170128,0.170128,0,0,0,0,0
66460,66462,66461,4.6,-104.57,40.1501,556.047,-18.8433,300.733,15.2532,4.10777,343.277,0.250703,0.00193484,4.23082,3.5628,2.11541,2.11541,1.00204,0.779362,0.668025,0.556687,0,0.111337,0.111337,0,0,0,0
66463,66467,66465,4.5,-104.569,40.1501,562.78,-18.582,300.012,22.619,5.1669,316.4,0.183708,0.00211572,6.15019,4.98848,3.07509,3.69011,1.29837,1.50338,1.43504,0.410012,0,0.0683354,0,0,0,0,0
66468,66471,66470,4.4,-104.568,40.1501,570.48,-18.0925,299.422,28.0456,6.26885,381.7,0.182665,0.00258455,7.15532,7.07308,4.35899,3.45429,2.38511,1.31592,1.72715,0.246735,0.32898,0,0,0,0,0,0
66472,66476,66474,4.3,-104.568,40.1502,578.306,-17.67,298.751,34.183,8.54172,629.981,0.22126,0.00370519,8.65633,8.02448,5.18116,4.48613,2.96969,2.0851,1.89555,0.379109,0.189555,0.189555,0.0631849,0.0631849,0,0,0
66477,66481,66479,4.2,-104.567,40.1503,586.88,-17.374,297.846,46.2274,10.5485,691.554,0.196679,0.00434769,12.3322,10.2646,8.19687,5.9815,3.69229,2.43691,1.84614,1.03384,0.295383,0.0738457,0.0738457,0,0,0,0
66482,66485,66484,4.1,-104.567,40.1505,594.72,-17.3575,296.739,48.6295,9.87314,540.075,0.164104,0.0033927,13.1862,11.0865,7.72696,7.30702,4.11545,2.43567,2.01573,0.755898,0,0,0,0,0,0,0
66486,66490,66488,4,-104.566,40.1508,602.484,-17.068,295.97,59.6768,11.8657,658.499,0.166488,0.00403476,15.8915,13.8799,10.7955,8.64978,4.69368,3.01737,1.81042,0.670526,0.201158,0.0670526,0,0,0,0,0
66491,66494,66492,3.9,-104.566,40.1511,610.472,-16.2475,295.807,58.2648,12.482,796.533,0.191444,0.00447606,16.0475,12.1796,10.616,8.1472,5.51376,2.63344,1.72819,1.15213,0.0822949,0,0.16459,0,0,0,0
66495,66498,66496,3.8,-104.566,40.1514,617.553,-15.4875,295.709,67.5421,13.8461,805.142,0.174448,0.00500241,18.649,14.2041,12.948,9.7593,5.21784,3.28531,2.31904,0.676387,0.28988,0.193253,0,0,0,0,0
66504,66504,66504,3.7,-104.565,40.1518,627.19,-14.38,295.661,74.3962,17.1532,1404.93,0.245715,0.00639776,22.6274,15.7706,15.085,7.88532,5.82828,3.08556,2.39988,0.68568,0.34284,0,0.34284,0.34284,0,0,0
66504,66504,66504,3.6,-104.565,40.152,630.67,-14.01,295.618,54.9819,12.1032,707.186,0.175289,0.0047319,13.1207,14.6827,8.43472,6.87273,4.37356,3.43637,2.49918,1.56198,0,0,0,0,0,0,0
66511,66513,66512,3.5,-104.564,40.1523,644.723,-13.46,294.392,71.0757,13.1626,701.545,0.159896,0.00425354,22.445,16.3661,12.8591,7.94925,5.14364,3.27322,2.10421,0.701405,0.233802,0,0,0,0,0,0
66515,66519,66517,3.4,-104.564,40.1527,653.444,-12.722,294.092,91.5077,18.4665,1128.16,0.183276,0.00655456,26.4891,22.6827,16.1576,10.2538,6.68053,4.27243,3.57331,0.854486,0.310722,0.0776806,0.155361,0,0,0,0
66520,66523,66522,3.3,-104.564,40.1531,661.512,-11.89,294,82.5733,16.8816,1015.49,0.180461,0.00593861,22.4115,19.1734,16.1056,9.28843,7.4137,4.51639,2.21559,1.02258,0.0852149,0.255645,0.0852149,0,0,0,0
66524,66528,66526,3.2,-104.564,40.1534,669.522,-11.064,293.92,90.7288,17.3594,971.869,0.167956,0.00567567,25.6643,23.3509,15.254,11.2778,7.51856,3.5424,2.74717,1.08441,0.216881,0,0.0722938,0,0,0,0
66529,66532,66530,3.1,-104.563,40.1537,677.31,-10.1975,293.918,81.186,16.9771,978.881,0.172977,0.00619644,21.5253,19.1524,13.8982,10.1694,7.1186,4.66099,3.38981,0.932198,0.169491,0.169491,0,0,0,0,0
66533,66538,66536,3,-104.563,40.154,686.74,-9.162,293.908,83.386,16.6699,940.81,0.169313,0.00569442,22.4733,20.1254,14.3561,10.4652,7.91597,4.29341,2.75047,0.670845,0.0670845,0.268338,0,0,0,0,0
66539,66543,66541,2.9,-104.563,40.1543,696.048,-8.17,293.883,82.2577,17.621,1143.88,0.194746,0.0066443,23.9028,19.2291,13.1532,11.0167,6.00908,3.27161,4.07282,1.20182,0.0667676,0.133535,0.133535,0.0667676,0,0,0
66544,66549,66546,2.8,-104.562,40.1545,706.02,-7.125,293.849,90.7155,18.6431,1115.18,0.179452,0.00669583,25.8325,20.2797,16.0548,11.0452,8.5706,4.2853,3.37995,0.663919,0.241425,0.301782,0.0603563,0,0,0,0
66552,66554,66553,2.7,-104.562,40.1549,717.653,-5.93667,293.779,93.8211,18.1449,1009.06,0.166834,0.00608061,29.5385,21.0643,13.4376,13.6797,7.02145,5.32661,2.30013,1.21059,0,0.242119,0,0,0,0,0
66555,66559,66557,2.6,-104.561,40.1551,724.668,-5.19,293.785,90.1283,17.4312,967.774,0.166559,0.0058539,26.3441,20.9664,15.5887,12.4573,6.19462,4.28858,3.40364,0.476509,0.204218,0.204218,0,0,0,0,0
66560,66565,66562,2.5,-104.561,40.1554,734.573,-4.44333,293.466,118.744,22.9263,1225.36,0.160343,0.00736216,33.6385,25.1167,22.9302,15.9222,10.5961,5.43822,3.64417,1.17735,0.224257,0.0560641,0,0,0,0,0
