api/data/B2SAP/Locations/Boulder/NOAA-POPS-B2SAP_GMLBalloon_20230508_R0.ict
61,1001
Thornberry, T. D.
NOAA Chemical Sciences Laboratory
Portable Optical Particle Spectrometer (POPS)
Balloon Baseline Stratospheric Aerosol Profiles (B2SAP)
1,1
2023,05,08,2024,05,28
0
TIME_START,s,Seconds since midnight UTC on flight start day,Start time of 100 m altitude bin in UTC_seconds_since_midnight
28
1.0,1.0,1.0,1.0,1.0,1.0,1.0,1.0,1.0,1.0,1.0,1.0,1.0,1.0,1.0,1.0,1.0,1.0,1.0,1.0,1.0,1.0,1.0,1.0,1.0,1.0,1.0,1.0
99999,99999,99999,99999,99999,99999,99999,99999,99999,99999,99999,99999,99999,99999,99999,99999,99999,99999,99999,99999,99999,99999,99999,99999,99999,99999,99999,99999
TIME_STOP,s,End time of 100 m altitude bin in UTC seconds since midnight,
TIME_MID,s,Mid time of 100 m altitude in UTC seconds since midnight,
GPSAlt,m,GPS reported altitude above sea level (m),
GPS_Lon,deg,GPS reported longitude,
GPS_Lat,deg,GPS reported latitude,
iMet_Pressure,mb,Pressure reported (mB),
iMet_Temperature,degrees C,Ambient temperature (oC),
THETA,K,Potential temperature from iMet,
Aerosol_concentration,cm^-3,Aerosol concentration,
Surface_Area_Conc,um^2 cm^-3,Surface area concentration,
Volume_density,um^3 cm^-3,Volume density,
Effective_radius,um,Effective radius,
Extinction,km^-1,Extinction,
Bin01,cm^-3,particle concentration in size range [140 - 170 nm],
Bin02,cm^-3,particle concentration in size range [170 - 205 nm],
Bin03,cm^-3,particle concentration in size range [205 - 249 nm],
Bin04,cm^-3,particle concentration in size range [249 - 302 nm],
Bin05,cm^-3,particle concentration in size range [302 - 366 nm],
Bin06,cm^-3,particle concentration in size range [366 - 443 nm],
Bin07,cm^-3,particle concentration in size range [443 - 537 nm],
Bin08,cm^-3,particle concentration in size range [537 - 651 nm],
Bin09,cm^-3,particle concentration in size range [651 - 789 nm],
Bin10,cm^-3,particle concentration in size range [789 - 956 nm],
Bin11,cm^-3,particle concentration in size range [956 - 1159 nm],
Bin12,cm^-3,particle concentration in size range [1159 - 1404 nm],
Bin13,cm^-3,particle concentration in size range [1404 - 1702 nm],
Bin14,cm^-3,particle concentration in size range [1702 - 2062 nm],
Bin15,cm^-3,particle concentration in size range [2062 - 2500 nm],
0
19
PI_CONTACT_INFO: 325 Broadway R/CSL6, Boulder, CO 80305; troy.thornberry@noaa.gov; 303-497-3373 
PLATFORM: GML ECC/FPH balloon
LOCATION: Boulder, CO, USA
ASSOCIATED_DATA: N/A
INSTRUMENT_INFO: Printed Optical Particle Spectrometer counts particles from 140 - 2500 nm in diameter 
DATA_INFO: Particle concentrations reported in number per cubic centimeter, binned to 100 m altitude
UNCERTAINTY: Counting uncertainty dominated by air flow, less than 5 percent
ULOD_FLAG: -77777
ULOD_VALUE: 3000 ~3000 per cm3 (varies depending on flow rate- manufacturer quotes 1250  per cm3 at 1.667 cc/s)
LLOD_FLAG: -88888
LLOD_VALUE: 0 0 (varies depending on data field and measurement precision)
DM_CONTACT_INFO: Troy Thornberry, 325 Broadway R/CSL6, Boulder, CO 80305; troy.thornberry@noaa.gov; 303-497-3373
PROJECT_INFO: B2SAP Boulder, CO, USA
STIPULATIONS_ON_USE: Please contact the PIs for questions regarding applications and uncertainties
OTHER_COMMENTS: POPS bin Edges (nm):  140, 170, 205, 249, 302, 366, 443, 537, 651, 789, 956, 1159, 1404, 1702, 2062, 2500
Calculations assume sulfate refractive index of 1.45+0.00j and extinction wavelength = 532 nm
REVISION: R0
R0: QA/QC data
TIME_START,TIME_STOP,TIME_MID,GPSAlt,GPS_Lon,GPS_Lat,iMet_Pressure,iMet_Temperature,THETA,Aerosol_concentration,Surface_Area_Conc,Volume_density,Effective_radius,Extinction,Bin01,Bin02,Bin03,Bin04,Bin05,Bin06,Bin07,Bin08,Bin09,Bin10,Bin11,Bin12,Bin13,Bin14,Bin15
[from data line 70]
61329,61369,61349,8.7,-104.781,40.0431,329.683,-37.7715,323.184,70.4136,14.5481,1172.3,0.241742,0.00524478,23.986,16.9496,11.4326,6.51332,5.81591,2.54057,1.84316,0.747226,0.186807,0.0996301,0.0747226,0.112084,0.0622688,0.0249075,0.0249075
61371,61400,61386,8.8,-104.769,40.0453,324.937,-38.4787,323.559,50.1997,9.26372,604.23,0.195676,0.00314931,19.6223,11.2712,7.42115,4.11046,3.96166,1.85994,1.22756,0.390587,0.148795,0.0929968,0.0557981,0.0185994,0,0.0185994,0
61401,61427,61414,8.9,-104.757,40.0473,319.976,-39.4022,323.702,30.7613,6.35307,679.197,0.320725,0.00234096,12.8547,7.09146,4.52999,2.22942,2.15827,0.616648,0.758952,0.213455,0.0711517,0.0474345,0.0237172,0.094869,0.0237172,0,0.0474345
61429,61465,61447,9,-104.744,40.0497,315.365,-40.1614,323.988,14.0246,2.46846,211.2,0.256678,0.000800041,6.49174,2.95497,1.76073,1.1483,0.734914,0.489943,0.275593,0.122486,0.0153107,0,0,0.0153107,0,0,0.0153107
61466,61497,61482,9.1,-104.73,40.0522,310.472,-41.1767,324.02,12.8458,2.06446,138.27,0.20093,0.000573695,6.26931,2.83655,1.40924,1.08403,0.614284,0.271008,0.252941,0.0361344,0.0180672,0,0.0180672,0.0180672,0.0180672,0,0
61498,61532,61515,9.2,-104.717,40.0544,306.323,-41.9304,324.219,13.1075,2.27354,143.985,0.189992,0.000770343,5.88956,3.26486,1.24833,0.928246,0.880233,0.320085,0.368097,0.144038,0,0.0320085,0.0320085,0,0,0,0
61534,61565,61550,9.3,-104.704,40.0566,302.331,-42.6681,324.394,14.4301,2.40934,157.838,0.196533,0.000760097,7.19101,3.01094,1.69765,0.704687,0.91289,0.368359,0.320312,0.160156,0.0160156,0,0.0160156,0.0160156,0.0160156,0,0
61566,61598,61582,9.4,-104.69,40.0588,298.113,-43.5007,324.519,16.0257,2.689,152.262,0.169872,0.000878046,6.74683,4.05451,2.03527,1.13783,0.945517,0.384617,0.512823,0.11218,0.0801286,0,0.0160257,0,0,0,0
61600,61633,61616,9.5,-104.677,40.061,293.537,-44.2054,324.955,22.2708,3.50306,185.133,0.158547,0.00101538,10.3172,4.94042,2.74294,1.43381,1.48057,0.592227,0.592227,0.0935095,0.0623396,0,0,0.0155849,0,0,0
61634,61668,61651,9.6,-104.663,40.0633,289.01,-44.5583,325.906,33.2754,5.22833,294.059,0.16873,0.00146746,15.0746,8.13098,3.9678,2.17928,1.9839,0.961891,0.721418,0.150295,0.0300591,0.0150295,0.0450886,0.0150295,0,0,0
61669,61703,61686,9.7,-104.649,40.0655,284.519,-45.1989,326.447,48.3,9.02233,629.692,0.209378,0.00294809,18.0851,12.0672,7.4597,4.26269,3.24403,1.1597,1.20672,0.438806,0.141045,0.0156716,0.0156716,0.172388,0.0313433,0,0
61706,61741,61724,9.8,-104.634,40.0675,279.946,-45.8574,327.01,52.5579,10.394,900.289,0.259848,0.00356646,19.0631,12.3119,8.52864,5.41397,3.6528,1.48395,1.41872,0.309836,0.146764,0.0163071,0.0815357,0.0163071,0.0489214,0.0326143,0.0326143
61742,61772,61757,9.9,-104.619,40.0692,275.881,-46.6381,327.253,59.309,12.5032,1124.49,0.269808,0.00458733,20.5923,14.3819,9.47898,5.4259,4.88658,1.73236,1.84677,0.42492,0.196117,0.0490292,0.0653723,0.114401,0.0326861,0.0490292,0.0326861
61773,61805,61789,10,-104.606,40.071,272.144,-47.2752,327.613,62.1234,11.6469,778.426,0.200506,0.00382457,21.3421,14.6194,10.8311,5.67345,5.44225,1.86744,1.60066,0.355702,0.177851,0.0889256,0.0533554,0.0177851,0.0177851,0.0355702,0
61806,61844,61825,10.1,-104.589,40.0728,267.699,-48.1809,327.834,56.8351,11.8555,1063.26,0.269053,0.0041742,19.0788,14.0179,9.44879,5.63044,4.67262,1.70855,1.32024,0.465968,0.168266,0.0129435,0.0647177,0.116492,0.0517742,0.0517742,0.0258871
61848,61883,61866,10.2,-104.572,40.0748,263.622,-48.8426,328.302,50.6328,9.72497,808.527,0.249418,0.00336316,19.3016,12.5296,7.4149,4.07177,3.64316,1.62871,1.32868,0.442894,0.0714345,0.0571476,0.0142869,0,0.0714345,0.0285738,0.0285738
61886,61926,61906,10.3,-104.553,40.0772,259.333,-49.4881,328.901,47.7584,8.97954,650.615,0.217366,0.00287595,17.4057,11.3407,7.14507,4.47259,4.04333,1.70319,1.10776,0.318482,0.0553881,0.0276941,0.0553881,0.013847,0.0415411,0.013847,0.013847
61926,61965,61946,10.4,-104.535,40.0797,255.602,-50.2841,329.091,55.0758,10.0606,600.911,0.179187,0.00325835,19.4015,13.1771,8.90615,5.29734,4.35375,1.72164,1.50643,0.380746,0.165542,0.0827709,0,0.0662167,0.0165542,0,0
61966,62004,61985,10.5,-104.516,40.0823,251.512,-50.9828,329.57,55.9142,10.8701,777.106,0.214471,0.00373032,19.0702,13.5778,9.33994,5.31122,4.22388,2.02133,1.60312,0.390326,0.153342,0.0697011,0.0418206,0.0557609,0.0139402,0.0418206,0
62005,62038,62022,10.6,-104.498,40.0846,247.854,-51.5683,330.076,47.0856,9.29275,771.354,0.249018,0.00328967,17.266,11.087,7.80198,3.77389,3.73478,1.36877,1.32966,0.449738,0.0586615,0.0782154,0,0.0195538,0.0586615,0.0391077,0.0195538
62049,62087,62068,10.7,-104.476,40.0874,243.557,-52.3977,330.499,28.7753,5.28729,355.72,0.201835,0.00178064,11.2279,7.06999,4.38309,2.23658,1.78626,0.855603,0.720508,0.300212,0.0450318,0.0450318,0.0750529,0.0150106,0.0150106,0,0
62088,62134,62111,10.8,-104.455,40.0905,239.696,-53.1532,330.87,44.9248,8.31624,565.353,0.203946,0.00276005,16.8913,10.562,7.0809,3.57342,3.45474,1.6087,1.18674,0.356023,0.0395581,0.0791162,0.013186,0.0263721,0.0263721,0.0263721,0
62134,62170,62152,10.9,-104.436,40.0933,236.285,-53.8268,331.206,47.2699,9.19355,757.58,0.24721,0.00314729,17.3146,11.3075,7.61329,4.11182,3.45329,1.6383,1.26888,0.321236,0.0160618,0.0642472,0.0642472,0.0321236,0,0.0481854,0.0160618
62174,62209,62192,11,-104.416,40.0957,232.284,-54.6788,331.541,41.1565,8.22595,624.105,0.227611,0.00281921,13.1687,10.7538,6.9318,3.56145,3.73518,1.26822,1.18136,0.243221,0.12161,0.0347458,0.0521188,0.0173729,0.0521188,0.0347458,0
62209,62244,62226,11.1,-104.399,40.0974,228.773,-54.9646,332.551,31.4051,5.31242,328.538,0.18553,0.00160763,11.9201,7.99877,4.96236,2.55058,2.15151,0.798141,0.711387,0.19086,0.0520527,0.0347018,0.0173509,0,0,0.0173509,0
62246,62279,62262,11.2,-104.381,40.0989,225.305,-55.5946,333.037,29.768,4.61707,262.56,0.170602,0.00123726,13.1291,7.4095,3.88349,2.2261,1.67364,0.649956,0.552462,0.129991,0.0487467,0,0.0324978,0.0324978,0,0,0
62279,62312,62296,11.3,-104.365,40.1003,221.719,-56.1228,333.751,24.1837,3.62286,197.445,0.163499,0.000984004,11.7064,5.49129,2.89512,1.63637,1.29022,0.440562,0.519234,0.125875,0.0472031,0,0.0157344,0,0.0157344,0,0
62313,62338,62326,11.4,-104.349,40.1016,218.416,-56.8455,334.077,29.0384,4.76661,349.197,0.219777,0.00144239,14.107,6.57257,3.59545,1.67177,1.41986,0.801534,0.572524,0.183208,0,0.022901,0,0.0458019,0.022901,0.022901,0
62343,62374,62358,11.5,-104.334,40.1028,215.048,-57.7217,334.204,22.1013,3.58333,239.746,0.200718,0.0011869,11.2711,5.09883,2.28106,1.13094,1.15011,0.421708,0.440876,0.115011,0.0191685,0.115011,0,0.0575056,0,0,0
62375,62401,62388,11.6,-104.318,40.1038,211.754,-58.5363,334.407,20.1922,3.53739,317.276,0.269076,0.00127788,10.1809,4.86988,2.138,1.069,0.882348,0.407238,0.254523,0.152714,0.118778,0.0339365,0.0169682,0.0339365,0,0.0339365,0
62409,62440,62424,11.7,-104.3,40.1049,208.005,-59.4721,334.651,21.0505,3.40779,243.718,0.214553,0.00104255,11.0217,4.56757,2.34998,0.959851,1.05915,0.430278,0.413729,0.0827458,0.0496475,0.0330983,0,0.0165492,0.0661966,0,0
62441,62479,62460,11.8,-104.281,40.1059,204.519,-60.1004,335.291,25.3432,3.80444,225.044,0.177459,0.00108519,12.9201,5.99738,2.77593,1.14807,1.23375,0.411249,0.599738,0.171354,0.0171354,0.0171354,0,0.0342707,0.0171354,0,0
62480,62519,62500,11.9,-104.263,40.1068,201.412,-60.3616,336.344,25.7954,3.78959,208.419,0.164993,0.000985598,12.0339,7.06107,2.76433,1.48733,1.17184,0.600942,0.495777,0.120188,0,0.0150235,0.0150235,0.0300471,0,0,0
62522,62565,62544,12,-104.243,40.108,198.118,-60.2621,338.086,25.0284,4.53127,328.13,0.217244,0.00165642,10.4894,6.62249,3.31886,1.52241,1.33972,0.51762,0.700309,0.334931,0.0456723,0.0761206,0.0152241,0.0304482,0,0.0152241,0
62566,62604,62585,12.1,-104.222,40.1095,194.767,-59.9131,340.299,20.8669,4.01795,278.476,0.207924,0.00146904,7.17772,6.20857,3.21029,1.31743,1.272,0.560286,0.651143,0.287714,0.0757143,0.0302857,0.0454286,0.0151429,0.0151429,0,0
62607,62637,62622,12.2,-104.206,40.1111,191.862,-59.9023,341.783,19.4608,3.86028,308.53,0.239773,0.00147485,7.5611,5.09474,2.68239,1.4042,1.13416,0.468068,0.702102,0.270039,0.0180026,0.0540079,0.0180026,0.0180026,0.0180026,0.0180026,0
62638,62671,62654,12.3,-104.19,40.1132,188.851,-59.5897,343.83,19.5217,3.41972,202.352,0.177517,0.0012126,8.49145,4.4614,2.51416,1.40497,1.08454,0.591567,0.665513,0.197189,0.036973,0.0616216,0.0123243,0,0,0,0
62678,62714,62696,12.4,-104.173,40.1156,185.799,-59.2873,345.92,16.7021,2.97532,185.624,0.187163,0.00104006,7.02694,3.84122,2.39912,1.11435,1.10124,0.485068,0.406409,0.196649,0.0786597,0.0262199,0.01311,0,0.01311,0,0
62715,62754,62734,12.5,-104.155,40.1175,182.774,-58.4914,348.85,14.8628,2.85683,184.516,0.193763,0.00108465,6.1636,3.37177,1.76681,1.11943,1.06548,0.485535,0.606919,0.175332,0.0404613,0.0404613,0.0134871,0.0134871,0,0,0
62756,62795,62776,12.6,-104.137,40.1195,179.81,-58.05,351.2,11.3819,2.45536,175.409,0.214318,0.000993013,3.63113,2.99609,1.77486,0.976985,0.814154,0.325662,0.553625,0.195397,0.0651323,0.0162831,0,0,0.0325662,0,0
62796,62833,62814,12.7,-104.12,40.1216,176.947,-58.1264,352.685,11.2413,2.76697,222.47,0.241206,0.00131615,3.60502,3.03674,1.56277,0.745866,0.887935,0.372933,0.497244,0.319657,0.0887935,0.0710348,0.0177587,0.0355174,0,0,0
62838,62870,62854,12.8,-104.104,40.1235,174.038,-57.5871,355.25,9.29226,2.18736,157.313,0.215757,0.00099003,2.78768,2.56466,1.04073,0.94781,0.761965,0.390275,0.464613,0.20443,0.0557536,0.0557536,0,0.0185845,0,0,0
62873,62904,62888,12.9,-104.09,40.1245,171.372,-57.2226,357.428,7.48417,2.16855,205.388,0.284137,0.00110285,2.27779,1.97273,0.996534,0.691472,0.366074,0.406748,0.345736,0.183037,0.101687,0.0610123,0.0406748,0.0406748,0,0,0
62905,62947,62926,13,-104.077,40.1252,168.744,-56.8921,359.556,7.59031,1.65389,111.03,0.201397,0.000684122,2.49317,1.93913,0.88646,0.720248,0.650994,0.373975,0.346273,0.0969565,0.0415528,0.0277019,0.0138509,0,0,0,0
62948,62992,62970,13.1,-104.062,40.1261,165.884,-56.2237,362.428,6.69651,1.66784,135.837,0.244335,0.000767049,2.07477,1.68844,1.07316,0.47219,0.529425,0.214632,0.400646,0.143088,0.0143088,0.0429263,0.0429263,0,0,0,0
62994,63027,63010,13.2,-104.048,40.1273,163.412,-55.6964,364.877,6.32185,1.40122,104.292,0.223289,0.000599951,2.26372,1.60117,0.772977,0.579733,0.441701,0.110425,0.331276,0.138032,0.0552126,0,0,0.0276063,0,0,0
63028,63073,63050,13.3,-104.034,40.1295,160.572,-55.3462,367.3,6.10582,1.30428,89.5055,0.205873,0.000582222,2.04515,1.54127,0.918836,0.533518,0.503878,0.177839,0.177839,0.0889197,0.0592798,0.0592798,0,0,0,0,0
63074,63105,63090,13.4,-104.025,40.131,158.384,-55.2305,368.934,6.27011,1.74523,174.996,0.300813,0.000795768,2.29661,1.58575,0.637947,0.328087,0.565039,0.255179,0.364541,0.0729082,0.0729082,0,0.0364541,0.0182271,0.0364541,0,0
63106,63138,63122,13.5,-104.015,40.1327,155.966,-55.3879,370.29,6.71658,1.52155,110.285,0.217447,0.000667103,2.38722,1.65891,0.829457,0.445074,0.546228,0.32369,0.283229,0.161845,0.0404613,0.0202307,0,0.0202307,0,0,0
63143,63174,63158,13.6,-104.005,40.1345,153.386,-55.6924,371.547,5.51437,1.6155,157.694,0.292839,0.000853567,1.99697,1.40696,0.521936,0.385779,0.408472,0.226929,0.136157,0.226929,0.113464,0.0226929,0.0453858,0.0226929,0,0,0
63176,63211,63194,13.7,-103.995,40.1364,150.974,-54.6645,374.995,6.14156,1.58489,142.624,0.269969,0.0007664,2.33688,1.44848,0.772523,0.386262,0.386262,0.25107,0.270383,0.115879,0.0965654,0.0193131,0.0386262,0.0193131,0,0,0
63212,63246,63229,13.8,-103.985,40.1386,148.633,-53.5417,378.602,5.39577,1.1261,80.4026,0.214197,0.000476726,2.06893,1.50618,0.628955,0.281375,0.314478,0.132412,0.297926,0.132412,0,0.0165514,0,0.0165514,0,0,0
63247,63286,63266,13.9,-103.974,40.1409,146.409,-53.9356,379.564,5.59707,1.03759,75.9585,0.21962,0.000411572,2.19819,1.84722,0.664998,0.221666,0.25861,0.147777,0.129305,0.0369443,0.0369443,0.0369443,0.0184722,0,0,0,0
63290,63330,63310,14,-103.961,40.1425,144.037,-53.2936,382.453,5.23939,1.18926,105.623,0.266443,0.000535904,2.21725,1.38198,0.607465,0.288546,0.212613,0.0911198,0.258173,0.0607465,0.0607465,0.0151866,0.0151866,0.0303733,0,0,0
63330,63368,63349,14.1,-103.95,40.1433,141.863,-53.4,383.928,5.11371,1.00979,84.9449,0.252363,0.000365927,2.32442,1.36559,0.435828,0.261497,0.348662,0.145276,0.130748,0.0435828,0,0.0145276,0.0145276,0.0290552,0,0,0
63369,63397,63383,14.2,-103.942,40.1438,139.643,-53.2672,385.899,5.36303,0.99822,80.8915,0.243107,0.000374991,2.4596,1.51644,0.628769,0.221919,0.147946,0.0739729,0.203425,0.0554797,0,0.0184932,0.0184932,0.0184932,0,0,0
63402,63437,63420,14.3,-103.935,40.145,137.422,-53.175,387.837,4.78935,1.03903,83.1393,0.24005,0.000498836,1.76889,1.66876,0.450566,0.216939,0.200252,0.116813,0.133501,0.150189,0.0166876,0.0500629,0.0166876,0,0,0,0
63438,63475,63456,14.4,-103.927,40.1462,135.26,-52.4781,390.827,4.80924,1.42466,159.821,0.336547,0.000683078,1.85093,1.36051,0.458776,0.158199,0.363857,0.205658,0.189838,0.0316397,0.0632795,0.0316397,0.0316397,0.0474596,0.0158199,0,0
63476,63504,63490,14.5,-103.92,40.1467,133.339,-52.3171,392.709,4.73379,1.12692,96.2121,0.256129,0.00051948,1.89743,1.19323,0.508589,0.273856,0.312978,0.0782444,0.273856,0.136928,0,0.0195611,0.0391222,0,0,0,0
63509,63537,63523,14.6,-103.914,40.1468,131.134,-52.6286,394.039,4.95499,1.25885,114.874,0.273758,0.000590319,2.04215,1.15564,0.443258,0.316613,0.348274,0.221629,0.25329,0.0474919,0.0474919,0.0316613,0.0158306,0.0316613,0,0,0
63540,63573,63556,14.7,-103.908,40.1467,128.994,-53.1521,394.95,4.75163,1.10549,87.3215,0.236968,0.000529476,1.77746,1.47829,0.404769,0.26398,0.12319,0.211184,0.26398,0.158388,0.0527959,0,0,0,0.0175986,0,0
63574,63606,63590,14.8,-103.903,40.1469,127.123,-53.7517,395.516,4.67162,1.17846,114.84,0.292347,0.000566218,2.08455,1.11672,0.446689,0.204732,0.316404,0.0558361,0.27918,0.037224,0.037224,0.037224,0.037224,0.018612,0,0,0
63608,63639,63624,14.9,-103.898,40.1473,125.194,-54.3906,396.103,4.68086,1.10587,110.512,0.299799,0.00048928,1.97505,1.32328,0.533262,0.296257,0.118503,0.0790019,0.138253,0.0987523,0.0592514,0,0.0197505,0.0197505,0.0197505,0,0
63642,63673,63658,15,-103.894,40.1481,123.206,-55.2281,396.39,4.70773,1.04962,87.4531,0.249957,0.000516005,1.98442,1.28776,0.527772,0.189998,0.253331,0.126665,0.105554,0.105554,0.0633326,0.0422218,0.0211109,0,0,0,0
63675,63707,63691,15.1,-103.889,40.1494,121.168,-55.9589,396.941,5.08721,1.04458,86.8952,0.24956,0.000419693,2.28478,1.35659,0.481946,0.214198,0.285598,0.142799,0.142799,0.124949,0.0178499,0,0.0178499,0,0.0178499,0,0
63711,63744,63728,15.2,-103.884,40.1511,119.142,-56.6425,397.614,5.43009,1.00929,137.214,0.407852,0.000387546,2.72356,1.58307,0.4596,0.272356,0.0680889,0.1532,0.102133,0.0170222,0.0340445,0,0,0,0,0,0.0170222
63745,63779,63762,15.3,-103.878,40.1526,117.231,-57.0621,398.676,4.92167,0.858584,59.0282,0.206252,0.000352878,2.36337,1.19387,0.560388,0.292376,0.219282,0.0730941,0.121823,0.0243647,0,0.0730941,0,0,0,0,0
63780,63809,63794,15.4,-103.873,40.154,115.64,-57.2987,399.791,4.69367,0.954487,83.829,0.263479,0.000448735,2.2448,1.42851,0.362796,0.136048,0.158723,0.090699,0.090699,0.0680242,0.0226747,0.0680242,0,0.0226747,0,0,0
63814,63845,63830,15.5,-103.868,40.1556,113.678,-57.5253,401.341,4.43608,1.01886,103.875,0.305856,0.000422402,1.91396,1.25212,0.55451,0.268312,0.0536623,0.0894372,0.143099,0.0715497,0.0178874,0,0.0536623,0.0178874,0,0,0
63846,63877,63862,15.6,-103.863,40.157,111.791,-57.5815,403.153,3.88998,0.910507,92.1846,0.303736,0.000377289,1.761,0.972495,0.28912,0.315404,0.262836,0.105135,0.0525673,0.0262836,0.0262836,0.0262836,0,0.0525673,0,0,0
63878,63908,63893,15.7,-103.859,40.1587,110.094,-58.1047,403.933,4.09271,0.981128,128.332,0.392402,0.000504061,2.04635,1.04591,0.363796,0.159161,0.136424,0.136424,0.0454745,0.0454745,0.0454745,0.0454745,0,0,0,0.0227373,0
63910,63940,63925,15.8,-103.855,40.1606,108.317,-58.3435,405.373,4.01972,0.860028,80.9629,0.28242,0.000353753,1.78843,1.26042,0.306589,0.18736,0.136262,0.0851635,0.119229,0.0681308,0.0170327,0,0.0510981,0,0,0,0
