api/data/B2SAP/Locations/Boulder/NOAA-POPS-B2SAP_GMLBalloon_20210201_R0.ict
61,1001
Thornberry, T. D.
NOAA Chemical Sciences Laboratory
Portable Optical Particle Spectrometer (POPS)
Balloon Baseline Stratospheric Aerosol Profiles (B2SAP)
1,1
2021,02,01,2024,05,30
0
TIME_START,s,Seconds since midnight UTC on flight start day,Start time of 100 m altitude bin in UTC_seconds_since_midnight
28
1.0,1.0,1.0,1.0,1.0,1.0,1.0,1.0,1.0,1.0,1.0,1.0,1.0,1.0,1.0,1.0,1.0,1.0,1.0,1.0,1.0,1.0,1.0,1.0,1.0,1.0,1.0,1.0
99999,99999,99999,99999,99999,99999,99999,99999,99999,99999,99999,99999,99999,99999,99999,99999,99999,99999,99999,99999,99999,99999,99999,99999,99999,99999,99999,99999
TIME_STOP,s,End time of 100 m altitude bin in UTC seconds since midnight,
TIME_MID,s,Mid time of 100 m altitude in UTC seconds since midnight,
GPSAlt,m,GPS reported altitude above sea level (m),
GPS_Lon,deg,GPS reported longitude,
GPS_Lat,deg,GPS reported latitude,
iMet_Pressure,mb,Pressure reported (mB),
iMet_Temperature,degrees C,Ambient temperature (oC),
THETA,K,Potential temperature from iMet,
Aerosol_concentration,cm^-3,Aerosol concentration,
Surface_Area_Conc,um^2 cm^-3,Surface area concentration,
Volume_density,um^3 cm^-3,Volume density,
Effective_radius,um,Effective radius,
Extinction,km^-1,Extinction,
Bin01,cm^-3,particle concentration in size range [140 - 170 nm],
Bin02,cm^-3,particle concentration in size range [170 - 205 nm],
Bin03,cm^-3,particle concentration in size range [205 - 249 nm],
Bin04,cm^-3,particle concentration in size range [249 - 302 nm],
Bin05,cm^-3,particle concentration in size range [302 - 366 nm],
Bin06,cm^-3,particle concentration in size range [366 - 443 nm],
Bin07,cm^-3,particle concentration in size range [443 - 537 nm],
Bin08,cm^-3,particle concentration in size range [537 - 651 nm],
Bin09,cm^-3,particle concentration in size range [651 - 789 nm],
Bin10,cm^-3,particle concentration in size range [789 - 956 nm],
Bin11,cm^-3,particle concentration in size range [956 - 1159 nm],
Bin12,cm^-3,particle concentration in size range [1159 - 1404 nm],
Bin13,cm^-3,particle concentration in size range [1404 - 1702 nm],
Bin14,cm^-3,particle concentration in size range [1702 - 2062 nm],
Bin15,cm^-3,particle concentration in size range [2062 - 2500 nm],
0
19
PI_CONTACT_INFO: 325 Broadway R/CSL6, Boulder, CO 80305; troy.thornberry@noaa.gov; 303-497-3373 
PLATFORM: GML ECC/FPH balloon
LOCATION: Boulder, CO, USA
ASSOCIATED_DATA: N/A
INSTRUMENT_INFO: Printed Optical Particle Spectrometer counts particles from 140 - 2500 nm in diameter 
DATA_INFO: Particle concentrations reported in number per cubic centimeter, binned to 100 m altitude
UNCERTAINTY: Counting uncertainty dominated by air flow, less than 5 percent
ULOD_FLAG: -77777
ULOD_VALUE: 3000 ~3000 per cm3 (varies depending on flow rate- manufacturer quotes 1250  per cm3 at 1.667 cc/s)
LLOD_FLAG: -88888
LLOD_VALUE: 0 0 (varies depending on data field and measurement precision)
DM_CONTACT_INFO: Troy Thornberry, 325 Broadway R/CSL6, Boulder, CO 80305; troy.thornberry@noaa.gov; 303-497-3373
PROJECT_INFO: B2SAP Boulder, CO, USA
STIPULATIONS_ON_USE: Please contact the PIs for questions regarding applications and uncertainties
OTHER_COMMENTS: POPS bin Edges (nm):  140, 170, 205, 249, 302, 366, 443, 537, 651, 789, 956, 1159, 1404, 1702, 2062, 2500
Calculations assume sulfate refractive index of 1.45+0.00j and extinction wavelength = 532 nm
REVISION: R0
R0: QA/QC data
TIME_START,TIME_STOP,TIME_MID,GPSAlt,GPS_Lon,GPS_Lat,iMet_Pressure,iMet_Temperature,THETA,Aerosol_concentration,Surface_Area_Conc,Volume_density,Effective_radius,Extinction,Bin01,Bin02,Bin03,Bin04,Bin05,Bin06,Bin07,Bin08,Bin09,Bin10,Bin11,Bin12,Bin13,Bin14,Bin15
[from data line 315]
68049,68059,68054,21.2,-104.122,39.5108,43.8336,-61.9236,516.19,3.36643,0.884243,55.6139,0.188683,0.000391523,0.770938,0.539656,0.539656,0.462563,0.48826,0.179885,0.308375,0.0513958,0.0256979,0,0,0,0,0,0
68060,68069,68064,21.1,-104.122,39.5103,44.6,-61.135,515.546,3.99137,1.07364,68.6536,0.191833,0.000487281,0.871355,0.562165,0.78703,0.562165,0.47784,0.281082,0.30919,0.112433,0.0281082,0,0,0,0,0,0
68070,68079,68074,21,-104.121,39.5097,45.321,-61.052,513.398,3.37864,1.08483,78.3791,0.216749,0.000591223,0.558453,0.725989,0.502608,0.335072,0.446762,0.307149,0.251304,0.167536,0.0837679,0,0,0,0,0,0
68080,68089,68084,20.9,-104.121,39.509,46.054,-61.382,510.255,3.69524,0.806816,44.8411,0.166733,0.000287074,0.799715,0.965173,0.496375,0.579104,0.358493,0.248187,0.220611,0.0275764,0,0,0,0,0,0,0
68090,68100,68095,20.8,-104.121,39.5083,46.8209,-62.3045,505.636,3.5654,1.03031,66.5325,0.193725,0.000487665,0.527277,0.903903,0.47706,0.401735,0.401735,0.32641,0.426843,0.100434,0,0,0,0,0,0,0
68101,68111,68106,20.7,-104.122,39.5076,47.65,-62.6245,502.352,3.53927,1.02241,67.8612,0.19912,0.000500959,0.668255,0.668255,0.618754,0.445503,0.346502,0.247502,0.420753,0.0990007,0.0247502,0,0,0,0,0,0
68112,68122,68117,20.6,-104.121,39.5069,48.4645,-62.8873,499.289,3.66094,1.09695,71.8108,0.196392,0.000532658,0.593665,0.791554,0.519457,0.420513,0.371041,0.371041,0.494721,0.0989442,0,0,0,0,0,0,0
68123,68133,68128,20.5,-104.121,39.5063,49.2736,-63.0236,496.617,3.7039,1.10338,72.6585,0.197553,0.000494897,0.466054,0.5887,0.539642,0.711346,0.613229,0.416996,0.269821,0.0735875,0,0.0245292,0,0,0,0,0
68134,68144,68139,20.4,-104.12,39.5057,50.095,-63.119,494.056,4.22856,1.22543,80.3243,0.196643,0.000592498,0.909943,0.61555,0.749365,0.508498,0.481735,0.26763,0.61555,0.0535261,0.026763,0,0,0,0,0,0
68145,68155,68150,20.3,-104.12,39.5053,50.9445,-63.9964,489.625,4.0183,0.980628,57.5125,0.175946,0.000386537,0.852367,0.901073,0.560127,0.487067,0.487067,0.414007,0.267887,0.0487067,0,0,0,0,0,0,0
68156,68166,68161,20.2,-104.119,39.505,51.7718,-63.8727,487.673,4.20387,1.2241,80.2603,0.196701,0.00058759,0.840774,0.766588,0.618216,0.445115,0.54403,0.395658,0.469844,0.0989145,0.0247286,0,0,0,0,0,0
68167,68178,68172,20.1,-104.119,39.5047,52.6542,-63.9367,485.172,4.05698,1.16765,74.9405,0.192542,0.000532102,0.706553,0.683761,0.455841,0.706553,0.729345,0.319089,0.296297,0.136752,0.022792,0,0,0,0,0,0
68179,68190,68184,20,-104.118,39.5045,53.5717,-63.8325,483.022,4.18988,1.27705,86.6699,0.203602,0.000645246,0.755552,0.801343,0.549492,0.549492,0.572388,0.343433,0.366328,0.228955,0.0228955,0,0,0,0,0,0
68191,68201,68196,19.9,-104.118,39.5045,54.4655,-63.2009,482.203,4.21469,1.38977,99.5785,0.214953,0.000733909,0.570222,0.942106,0.396676,0.694184,0.495845,0.371884,0.595015,0.0743768,0.0495845,0.0247923,0,0,0,0,0
68202,68213,68208,19.8,-104.117,39.5043,55.3558,-62.6217,481.285,4.28681,1.17028,73.79,0.18916,0.000519205,0.752472,0.592857,0.889285,0.706868,0.615659,0.228022,0.364835,0.114011,0.0228022,0,0,0,0,0,0
68214,68224,68219,19.7,-104.116,39.5043,56.28,-62.2655,479.833,4.21775,1.21533,81.0948,0.200179,0.000560693,0.645068,0.744309,0.744309,0.620257,0.620257,0.372154,0.372154,0.0496206,0.0248103,0.0248103,0,0,0,0,0
68225,68236,68230,19.6,-104.115,39.5043,57.2142,-62.5133,477.019,4.40597,1.4128,111.038,0.235783,0.000685287,0.913155,0.639208,0.639208,0.547893,0.639208,0.502235,0.342433,0.114144,0.0228289,0.0228289,0,0.0228289,0,0,0
68237,68248,68242,19.5,-104.114,39.5044,58.1467,-62.365,475.151,4.57765,1.20572,74.0127,0.184153,0.000519724,0.842653,0.979299,0.706006,0.56936,0.614909,0.341616,0.432714,0.0910976,0,0,0,0,0,0,0
68249,68260,68254,19.4,-104.113,39.5042,59.1492,-61.7658,474.19,4.39781,1.23969,79.9091,0.193376,0.000571259,0.934249,0.706384,0.615237,0.501305,0.774743,0.387372,0.296225,0.159506,0.0227866,0,0,0,0,0,0
68261,68272,68266,19.3,-104.113,39.504,60.1292,-61.0742,473.499,4.97399,1.40438,90.0727,0.192411,0.000646893,0.840355,0.953916,0.817643,0.59052,0.79493,0.340684,0.476958,0.136274,0.0227123,0,0,0,0,0,0
68273,68284,68278,19.2,-104.112,39.5036,61.1317,-61.1817,471.039,4.40842,1.35398,93.1509,0.206393,0.000699613,0.727162,0.931676,0.613543,0.568095,0.590819,0.29541,0.363581,0.29541,0.0227238,0,0,0,0,0,0
68285,68296,68290,19.1,-104.111,39.503,62.0958,-61.6783,467.837,4.66144,1.45874,124.807,0.256673,0.000709294,1.0005,1.09146,0.591207,0.568469,0.409297,0.386559,0.409297,0.113694,0.0454775,0,0.0227387,0.0227387,0,0,0
68297,68309,68303,19,-104.11,39.5024,63.1408,-62.2246,464.406,4.92747,1.36851,88.5272,0.194066,0.000640397,1.11605,0.77913,0.86336,0.568554,0.505382,0.484324,0.442209,0.147403,0.0210576,0,0,0,0,0,0
68310,68322,68316,18.9,-104.109,39.5016,64.2338,-63.0208,460.397,4.82544,1.19936,72.9596,0.182496,0.000502396,1.03252,1.30645,0.46358,0.526795,0.611082,0.46358,0.337149,0.0632154,0.0210718,0,0,0,0,0,0
68323,68335,68329,18.8,-104.109,39.5006,65.3377,-63.7662,456.526,4.8789,1.18009,71.8559,0.18267,0.000493535,1.12427,1.14548,0.763653,0.445464,0.593953,0.403039,0.275764,0.106063,0.0212126,0,0,0,0,0,0
68336,68348,68342,18.7,-104.108,39.4996,66.4246,-64.2538,453.325,5.25996,1.27989,81.6909,0.191479,0.000553584,1.32031,1.14995,0.809225,0.638862,0.468499,0.425908,0.319431,0.0851816,0.0212954,0.0212954,0,0,0,0,0
68349,68362,68356,18.6,-104.107,39.4986,67.53,-63.9564,451.839,4.88385,1.22364,77.6865,0.190464,0.000525311,1.08311,1.00434,0.768024,0.66956,0.590788,0.315087,0.354473,0.0590788,0.0196929,0.0196929,0,0,0,0,0
68363,68376,68370,18.5,-104.107,39.4976,68.6729,-63.5993,450.436,5.33405,1.414,104.677,0.222087,0.000640166,1.51558,0.944776,0.76763,0.669216,0.570802,0.314925,0.373974,0.118097,0.0196828,0.0196828,0,0.0196828,0,0,0
68377,68389,68383,18.4,-104.106,39.4967,69.8262,-62.9823,449.625,5.68338,1.48029,95.6457,0.193838,0.000673009,1.39443,1.03526,1.01413,0.507067,0.718345,0.316917,0.57045,0.105639,0,0.0211278,0,0,0,0,0
68390,68402,68396,18.3,-104.105,39.4959,70.9292,-62.5792,448.472,5.85191,1.56724,105.39,0.201737,0.00075573,1.30981,1.30981,0.971797,0.63378,0.507024,0.401394,0.464772,0.21126,0.021126,0.021126,0,0,0,0,0
68403,68416,68410,18.2,-104.104,39.495,72.1271,-63.9414,443.443,5.70906,1.36693,88.0589,0.193263,0.000599949,1.47648,1.24024,0.905575,0.629965,0.728397,0.196864,0.393728,0.0590592,0.0590592,0.0196864,0,0,0,0,0
68417,68429,68423,18.1,-104.102,39.4939,73.3454,-65.5585,437.922,5.91699,1.45601,97.2247,0.200324,0.000684976,1.77296,1.28166,0.747634,0.640829,0.576746,0.299053,0.341775,0.192249,0.0427219,0.021361,0,0,0,0,0
68430,68442,68436,18,-104.1,39.4927,74.5592,-66.38,434.137,5.84774,1.12636,69.2698,0.184497,0.000443095,2.17202,1.45597,0.763787,0.501235,0.453498,0.190947,0.167078,0.071605,0.0477367,0.0238683,0,0,0,0,0
68443,68456,68450,17.9,-104.097,39.4915,75.8407,-66.4943,431.795,5.46003,1.24432,81.1269,0.195593,0.000561506,1.80533,1.18888,0.704519,0.660487,0.374276,0.198146,0.330243,0.154114,0.0220162,0.0220162,0,0,0,0,0
68457,68469,68463,17.8,-104.094,39.4902,77.1731,-66.5262,429.59,6.00468,1.64292,131.371,0.239884,0.000863854,1.79423,1.48323,0.909075,0.382768,0.430614,0.23923,0.406691,0.215307,0.0956921,0.023923,0.023923,0,0,0,0
68470,68482,68476,17.7,-104.09,39.4888,78.4477,-66.5569,427.51,5.90141,1.19253,74.2596,0.186812,0.000495616,2.23682,1.47535,0.761472,0.23796,0.547308,0.261756,0.166572,0.190368,0,0.023796,0,0,0,0,0
68483,68496,68490,17.6,-104.087,39.4875,79.7907,-66.955,424.629,6.48243,1.28764,76.7846,0.178895,0.000503944,2.5136,1.45524,0.771718,0.507129,0.48508,0.264589,0.396884,0.0661473,0,0.0220491,0,0,0,0,0
68497,68509,68503,17.5,-104.083,39.4866,81.1438,-66.5646,423.394,6.47136,1.77935,152.696,0.257446,0.000875572,1.982,1.59993,0.907424,0.453712,0.52535,0.262675,0.405953,0.191037,0.0716387,0.0238796,0,0.0477591,0,0,0
68510,68523,68516,17.4,-104.079,39.486,82.4886,-66.9979,420.522,6.75925,1.27186,72.0552,0.16996,0.00046099,2.47397,1.63459,0.92774,0.574315,0.46387,0.375514,0.154623,0.110445,0.0441781,0,0,0,0,0,0
68524,68537,68530,17.3,-104.076,39.4854,83.8829,-67.5657,417.366,6.56692,1.36265,86.1529,0.189673,0.000599756,2.70664,1.39769,0.687752,0.576824,0.39934,0.310598,0.244041,0.155299,0.0887422,0,0,0,0,0,0
68538,68552,68545,17.2,-104.073,39.4845,85.328,-67.9933,414.469,6.16955,1.05418,63.3809,0.18037,0.000386652,2.96056,1.11797,0.952347,0.414064,0.289845,0.124219,0.207032,0.0621096,0,0.0414064,0,0,0,0,0
68553,68567,68560,17.1,-104.069,39.4832,86.7847,-67.69,413.073,6.30331,1.1513,64.6999,0.168591,0.000413762,2.63329,1.36848,0.787914,0.373223,0.559834,0.290284,0.165877,0.0829383,0.0414692,0,0,0,0,0,0
68568,68582,68575,17,-104.066,39.4817,88.254,-67.468,411.548,6.83524,1.34187,95.4935,0.213493,0.000579273,3.15949,1.59007,0.78471,0.289104,0.371705,0.185852,0.185852,0.165202,0.082601,0,0.0206503,0,0,0,0
68583,68597,68590,16.9,-104.062,39.4802,89.736,-66.952,410.618,6.67328,1.40369,103.45,0.221095,0.000714762,3.32631,1.34292,0.537168,0.433867,0.392546,0.123962,0.165283,0.185943,0.103302,0.061981,0,0,0,0,0
68598,68614,68606,16.8,-104.059,39.4786,91.27,-66.8487,408.837,6.72922,1.08409,59.1807,0.163771,0.00037397,2.96476,1.85297,0.741189,0.487625,0.23406,0.0975249,0.214555,0.0975249,0.03901,0,0,0,0,0,0
68615,68629,68622,16.7,-104.055,39.477,92.8833,-66.2947,407.894,6.50419,1.06078,62.056,0.1755,0.000366375,3.23138,1.34641,0.642134,0.579992,0.289996,0.165712,0.144998,0.062142,0,0.041428,0,0,0,0,0
68630,68644,68637,16.6,-104.052,39.4754,94.368,-65.5847,407.438,7.02052,1.20075,74.4648,0.186046,0.000472957,3.44904,1.6735,0.632663,0.510212,0.204085,0.183676,0.183676,0.122451,0.0204085,0.040817,0,0,0,0,0
68645,68661,68653,16.5,-104.049,39.4736,95.8806,-65.0025,406.728,7.75872,1.15885,69.3272,0.179473,0.000318474,3.68826,2.10212,0.859957,0.382203,0.363093,0.210212,0.0764406,0.0382203,0,0.0191101,0.0191101,0,0,0,0
68662,68677,68670,16.4,-104.045,39.4716,97.5469,-65.1137,404.521,6.16582,0.963339,51.0797,0.159071,0.000313919,3.05428,1.29807,0.820837,0.305428,0.24816,0.171803,0.190892,0.0381785,0.0381785,0,0,0,0,0,0
68678,68694,68686,16.3,-104.04,39.4697,99.1325,-64.6506,403.553,6.83159,1.23311,95.7271,0.232892,0.000459032,3.10714,1.99598,0.740775,0.288079,0.288079,0.0823083,0.14404,0.0823083,0.0617312,0,0.0205771,0.0205771,0,0,0
68695,68710,68702,16.2,-104.035,39.4678,100.827,-64.4247,402.037,7.29927,1.0665,56.296,0.158358,0.000325074,3.69554,1.79039,0.734518,0.504981,0.160676,0.114768,0.229537,0.0459074,0,0.0229537,0,0,0,0,0
68711,68726,68718,16.1,-104.03,39.4662,102.466,-64.4325,400.181,7.06217,1.00287,48.6009,0.145386,0.000276781,3.64915,1.60992,0.708364,0.407846,0.343449,0.0858623,0.214656,0.0214656,0.0214656,0,0,0,0,0,0
68728,68745,68736,16,-104.024,39.4646,104.316,-64.7606,397.509,6.93447,1.07183,61.2589,0.17146,0.00036958,3.53758,1.68839,0.602997,0.341698,0.422098,0.120599,0.0803996,0.0602997,0.0602997,0.0200999,0,0,0,0,0
68746,68761,68754,15.9,-104.019,39.4632,106.109,-64.2787,396.492,6.74066,0.935286,44.3158,0.142146,0.000251257,3.51885,1.55378,0.75404,0.365595,0.159948,0.137098,0.205647,0.0456994,0,0,0,0,0,0,0
68762,68778,68770,15.8,-104.014,39.462,107.747,-63.892,395.496,7.5122,1.14834,72.0443,0.188213,0.000365084,3.83651,2.02163,0.758112,0.275677,0.183785,0.0459462,0.29865,0.0689193,0,0,0.0229731,0,0,0,0
68779,68795,68787,15.7,-104.009,39.4604,109.49,-63.4819,394.457,6.81323,1.08111,71.2356,0.197673,0.000351077,3.57695,1.66072,0.660032,0.255496,0.170331,0.298079,0.063874,0.063874,0.0425827,0,0,0.0212913,0,0,0
68796,68812,68804,15.6,-104.003,39.4584,111.346,-63.4347,392.651,6.7812,0.940423,44.5867,0.142234,0.000251831,3.60188,1.56954,0.744523,0.1811,0.281711,0.201222,0.140856,0.0603667,0,0,0,0,0,0,0
68813,68829,68821,15.5,-103.997,39.4564,113.208,-63.3638,390.933,5.93752,0.858438,45.0645,0.157488,0.000277571,3.15096,1.45759,0.557312,0.235786,0.257221,0.0428702,0.0857403,0.128611,0.0214351,0,0,0,0,0,0
68830,68844,68837,15.4,-103.991,39.4545,114.984,-63.2136,389.477,4.68319,0.635051,31.9189,0.150786,0.000188274,2.48794,1.29276,0.390266,0.170741,0.14635,0.0243916,0.0975664,0.0487832,0.0243916,0,0,0,0,0,0
68845,68859,68852,15.3,-103.985,39.4528,116.759,-62.7273,388.666,4.77444,0.715474,48.9578,0.205281,0.000213793,2.78321,0.950363,0.475182,0.203649,0.135766,0.0905108,0.0452554,0.0678831,0,0,0.0226277,0,0,0,0
68861,68878,68870,15.2,-103.978,39.4509,118.762,-61.8876,388.331,5.82568,0.79759,41.8027,0.157234,0.000231203,3.19025,1.40688,0.495381,0.277413,0.237783,0.0594457,0.0990762,0.0198152,0.0198152,0.0198152,0,0,0,0,0
68879,68896,68888,15.1,-103.971,39.449,120.917,-61.3841,387.266,6.21639,0.852767,48.8577,0.17188,0.000268159,3.52394,1.34622,0.692909,0.277164,0.197974,0.0395948,0.0593922,0,0.0395948,0.0395948,0,0,0,0,0
68897,68914,68906,15,-103.964,39.447,122.941,-61.0829,385.971,5.89126,0.892372,72.6347,0.244186,0.000250124,3.55848,1.20593,0.533772,0.257001,0.138385,0.0395386,0.0593079,0.0593079,0,0,0,0.0197693,0.0197693,0,0
68915,68931,68923,14.9,-103.957,39.4451,124.965,-60.6287,385.003,6.80608,0.988052,69.152,0.209965,0.000327268,4.05231,1.67913,0.514934,0.179107,0.0671653,0.0895537,0.0895537,0.0671653,0.0223884,0.0223884,0,0.0223884,0,0,0
68932,68948,68940,14.8,-103.949,39.4435,126.827,-60.688,383.277,5.92075,0.674866,27.2407,0.121094,0.000125592,3.43134,1.41291,0.650385,0.15699,0.112135,0.0448542,0.0897083,0.0224271,0,0,0,0,0,0,0
68949,68966,68958,14.7,-103.941,39.4422,128.905,-60.5212,381.796,6.34756,0.9666,62.1452,0.192878,0.000314702,3.58775,1.47847,0.453397,0.256268,0.197129,0.13799,0.118277,0.0788516,0.0197129,0,0.0197129,0,0,0,0
68967,68984,68976,14.6,-103.933,39.4408,131.046,-60.5794,379.897,8.32807,1.36943,88.1046,0.19301,0.000462858,4.24816,1.87171,0.736067,0.567823,0.399579,0.189274,0.147213,0.0841219,0.0630915,0,0,0.0210305,0,0,0
68985,69002,68994,14.5,-103.925,39.4394,133.248,-61.7759,375.971,8.14669,1.25479,68.7533,0.164378,0.000444242,4.30129,1.82359,0.951438,0.297324,0.178395,0.138751,0.297324,0.11893,0.0396433,0,0,0,0,0,0
69003,69020,69012,14.4,-103.918,39.438,135.459,-62.0176,373.783,8.42119,1.41351,95.8348,0.203398,0.000523175,4.26037,2.05055,0.91578,0.318532,0.278716,0.278716,0.11945,0.079633,0.079633,0.0199083,0,0.0199083,0,0,0
69021,69038,69030,14.3,-103.911,39.4367,137.588,-62.1418,371.889,8.31961,1.07492,54.3185,0.151598,0.000300347,4.737,2.06995,0.796135,0.258744,0.0796135,0.159227,0.11942,0.0597101,0.0199034,0.0199034,0,0,0,0,0
69039,69057,69048,14.2,-103.903,39.4352,139.798,-62.4511,369.662,7.59573,1.28571,102.108,0.238253,0.000448895,4.17389,1.56051,0.977668,0.188013,0.244417,0.188013,0.131609,0.0376026,0.0188013,0.0376026,0,0.0188013,0.0188013,0,0
69058,69076,69067,14.1,-103.895,39.4331,142.282,-63.165,366.565,8.15394,1.07389,52.5706,0.14686,0.000278943,4.10522,2.24092,0.979227,0.357794,0.169482,0.0753251,0.169482,0.0188313,0.0188313,0.0188313,0,0,0,0,0
69077,69094,69086,14,-103.888,39.4302,144.758,-63.2362,364.636,8.78754,1.03644,42.4545,0.122886,0.00019661,5.09423,2.03769,0.827812,0.191033,0.382067,0.148582,0.0636778,0.0424519,0,0,0,0,0,0,0
69095,69112,69104,13.9,-103.881,39.4276,147.021,-63.0737,363.3,8.97861,1.44876,97.618,0.202142,0.000487803,4.44696,2.30818,0.952919,0.465872,0.296464,0.148232,0.169408,0.127056,0.021176,0.021176,0,0,0.021176,0,0
69113,69131,69122,13.8,-103.873,39.4247,149.579,-62.48,362.54,9.21958,1.27706,66.7223,0.156741,0.000373722,5.32897,1.98068,0.589487,0.44801,0.47159,0.188636,0.117897,0.0235795,0.047159,0.0235795,0,0,0,0,0
69132,69149,69140,13.7,-103.866,39.4222,151.857,-62.1407,361.564,8.10246,1.35172,110.744,0.245783,0.000480336,4.52709,1.90343,0.823107,0.308665,0.12861,0.12861,0.0514442,0.12861,0.0257221,0.0257221,0,0.0514442,0,0,0
69151,69169,69160,13.6,-103.857,39.4197,154.502,-62.9312,358.43,7.86015,0.987352,46.8448,0.142335,0.000231845,4.28076,2.00736,0.846478,0.241851,0.193481,0.169296,0.0725553,0.0241851,0,0.0241851,0,0,0,0,0
