api/data/B2SAP/Locations/Boulder/NOAA-POPS-B2SAP_GMLBalloon_20240404_R0.ict
82,1001
Thornberry, T. D.
NOAA Chemical Sciences Laboratory
Portable Optical Particle Spectrometer (POPS)
Balloon Baseline Stratospheric Aerosol Profiles (B2SAP)
1,1
2024,04,04,2024,05,28
0
TIME_START,s,Seconds since midnight UTC on flight start day,Start time of 100 m altitude bin in UTC_seconds_since_midnight
49
1.0,1.0,1.0,1.0,1.0,1.0,1.0,1.0,1.0,1.0,1.0,1.0,1.0,1.0,1.0,1.0,1.0,1.0,1.0,1.0,1.0,1.0,1.0,1.0,1.0,1.0,1.0,1.0,1.0,1.0,1.0,1.0,1.0,1.0,1.0,1.0,1.0,1.0,1.0,1.0,1.0,1.0,1.0,1.0,1.0,1.0,1.0,1.0,1.0
99999,99999,99999,99999,99999,99999,99999,99999,99999,99999,99999,99999,99999,99999,99999,99999,99999,99999,99999,99999,99999,99999,99999,99999,99999,99999,99999,99999,99999,99999,99999,99999,99999,99999,99999,99999,99999,99999,99999,99999,99999,99999,99999,99999,99999,99999,99999,99999,99999
TIME_STOP,s,End time of 100 m altitude bin in UTC seconds since midnight,
TIME_MID,s,Mid time of 100 m altitude in UTC seconds since midnight,
GPSAlt,km,GPS reported altitude above sea level (km),
GPS_Lon,deg,GPS reported longitude,
GPS_Lat,deg,GPS reported latitude,
iMet_Pressure,hPa,Pressure reported (hPa),
iMet_Temperature,degrees C,Ambient temperature (oC),
THETA,K,Potential temperature from iMet,
Aerosol_concentration,cm^-3,Aerosol concentration,
Surface_Area_Conc,um^2 cm^-3,Surface area concentration,
Volume_density,um^3 cm^-3,Volume density,
Effective_radius,um,Effective radius,
Extinction,km^-1,Extinction,
Bin01,cm^-3,particle concentration in size range [140 - 146.14 nm],
Bin02,cm^-3,particle concentration in size range [146.14 - 152.56 nm],
Bin03,cm^-3,particle concentration in size range [152.56 - 159.25 nm],
Bin04,cm^-3,particle concentration in size range [159.25 - 166.24 nm],
Bin05,cm^-3,particle concentration in size range [166.24 - 173.54 nm],
Bin06,cm^-3,particle concentration in size range [173.54 - 181.16 nm],
Bin07,cm^-3,particle concentration in size range [181.16 - 189.11 nm],
Bin08,cm^-3,particle concentration in size range [189.11 - 197.41 nm],
Bin09,cm^-3,particle concentration in size range [197.41 - 206.07 nm],
Bin10,cm^-3,particle concentration in size range [206.07 - 215.12 nm],
Bin11,cm^-3,particle concentration in size range [215.12 - 224.56 nm],
Bin12,cm^-3,particle concentration in size range [224.56 - 234.41 nm],
Bin13,cm^-3,particle concentration in size range [234.41 - 244.70 nm],
Bin14,cm^-3,particle concentration in size range [244.70 - 361.30 nm],
Bin15,cm^-3,particle concentration in size range [361.30 - 472.80 nm],
Bin16,cm^-3,particle concentration in size range [472.80 - 567.00 nm],
Bin17,cm^-3,particle concentration in size range [567.00 - 610.66 nm],
Bin18,cm^-3,particle concentration in size range [610.66 - 657.69 nm],
Bin19,cm^-3,particle concentration in size range [657.69 - 708.33 nm],
Bin20,cm^-3,particle concentration in size range [708.33 - 762.88 nm],
Bin21,cm^-3,particle concentration in size range [762.88 - 821.62 nm],
Bin22,cm^-3,particle concentration in size range [821.62 - 884.89 nm],
Bin23,cm^-3,particle concentration in size range [884.89 - 953.03 nm],
Bin24,cm^-3,particle concentration in size range [953.03 - 1026.42 nm],
Bin25,cm^-3,particle concentration in size range [1026.42 - 1105.46 nm],
Bin26,cm^-3,particle concentration in size range [1105.46 - 1190.59 nm]],
[...]
LOCATION: Boulder, CO, USA
ASSOCIATED_DATA: N/A
INSTRUMENT_INFO: Printed Optical Particle Spectrometer counts particles from 140 - 2500 nm in diameter 
DATA_INFO: Particle concentrations reported in number per cubic centimeter, binned to 100 m altitude
UNCERTAINTY: Counting uncertainty dominated by air flow, less than 5 percent
ULOD_FLAG: -77777
ULOD_VALUE: 3000 ~3000 per cm3 (varies depending on flow rate- manufacturer quotes 1250  per cm3 at 1.667 cc/s)
LLOD_FLAG: -88888
LLOD_VALUE: 0 0 (varies depending on data field and measurement precision)
DM_CONTACT_INFO: Troy Thornberry, 325 Broadway R/CSL6, Boulder, CO 80305; troy.thornberry@noaa.gov; 303-497-3373
PROJECT_INFO: B2SAP Boulder, CO, USA
STIPULATIONS_ON_USE: Please contact the PIs for questions regarding applications and uncertainties
OTHER_COMMENTS: POPS bin Edges (nm):  140, 146.14, 152.56, 159.25, 166.24, 173.54, 181.16, 189.11, 197.41, 206.07, 215.12, 224.56, 234.41, 244.70, 361.30, 472.80, 567.00, 610.66, 657.69, 708.33, 762.88, 821.62, 884.89, 953.03, 1026.42, 1105.46, 1190.59, 1282.27, 1381.01, 1487.36, 1601.89, 1725.25, 1858.10, 2001.18, 2155.28, 2321.25, 2500
Calculations assume sulfate refractive index of 1.45+0.00j and extinction wavelength = 532 nm
REVISION: R0
R0: QA/QC data
TIME_START,TIME_STOP,TIME_MID,GPSAlt,GPS_Lon,GPS_Lat,iMet_Pressure,iMet_Temperature,THETA,Aerosol_concentration,Surface_Area_Conc,Volume_density,Effective_radius,Extinction,Bin01,Bin02,Bin03,Bin04,Bin05,Bin06,Bin07,Bin08,Bin09,Bin10,Bin11,Bin12,Bin13,Bin14,Bin15,Bin16,Bin17,Bin18,Bin19,Bin20,Bin21,Bin22,Bin23,Bin24,Bin25,Bin26,Bin27,Bin28,Bin29,Bin30,Bin31,Bin32,Bin33,Bin34,Bin35,Bin36
[from data line 51]
62876,62893,62884,6.6,-105.149,39.9843,446.763,-21.5856,316.686,20.1602,3.50148,183.217,0.156976,0.00108598,2.30076,2.34632,1.41235,1.43513,1.20733,1.11621,1.07065,0.865634,1.13899,0.979533,0.774514,0.592276,0.751734,2.57412,0.888413,0.592276,0.0455597,0,0.0455597,0,0.0227798,0,0,0,0,0,0,0,0,0,0,0,0,0,0,0
62894,62912,62903,6.7,-105.147,39.9856,440.263,-22.4079,316.975,32.2185,4.97236,237.816,0.143483,0.00129744,4.24551,3.8576,3.38348,2.47834,2.34904,1.96112,1.68096,1.1853,1.2284,1.24995,1.01289,0.926685,0.603423,4.13776,1.1853,0.668075,0.0215508,0.0215508,0.0215508,0,0,0,0,0,0,0,0,0,0,0,0,0,0,0,0,0
62913,62930,62922,6.8,-105.145,39.9869,434.713,-23.0456,317.316,41.0548,6.69789,343.397,0.153808,0.00197876,5.65798,4.71498,3.67998,3.40398,2.43799,2.55299,2.36899,1.70199,1.47199,1.74799,1.33399,0.919996,1.035,5.22098,1.67899,0.873996,0.0459998,0.0919996,0.0459998,0.0459998,0,0,0.0229999,0,0,0,0,0,0,0,0,0,0,0,0,0
62931,62947,62939,6.9,-105.143,39.988,428.808,-23.6012,317.851,41.2245,6.50165,327.151,0.150954,0.00186619,5.85436,4.87864,3.75655,3.02475,3.48822,2.34175,2.24417,1.7807,1.68313,1.65874,1.12209,1.09769,0.975727,4.6347,1.60995,0.780582,0.121966,0.0487864,0.0975727,0,0,0.0243932,0,0,0,0,0,0,0,0,0,0,0,0,0,0
62948,62965,62956,7,-105.14,39.989,422.821,-24.3833,318.131,37.066,6.02044,319.711,0.159313,0.001884,4.73134,4.52362,3.80815,3.34655,2.608,1.86945,2.00793,1.33862,2.03101,1.2463,0.923188,1.1309,1.01551,4.03895,1.26938,0.784709,0.0923188,0.138478,0.115398,0,0,0,0.0461594,0,0,0,0,0,0,0,0,0,0,0,0,0
62966,62983,62974,7.1,-105.138,39.9904,417.023,-25.2572,318.267,37.7217,5.93943,288.943,0.145945,0.00159435,4.55144,4.34455,3.70091,2.94234,2.98832,1.97689,2.36767,1.86195,1.37922,1.21831,1.0574,1.08039,0.919482,5.1491,1.2413,0.827534,0.0459741,0.022987,0.022987,0,0.022987,0,0,0,0,0,0,0,0,0,0,0,0,0,0,0
62984,62999,62992,7.2,-105.136,39.9913,411.767,-25.9944,318.473,34.1814,5.30326,257.379,0.145596,0.00141239,4.13211,4.26287,3.55675,2.90294,2.24912,1.96144,1.88299,1.20302,1.28148,1.38609,1.22917,0.993798,1.12456,3.89673,1.35993,0.679967,0,0.0261526,0,0.0261526,0.0261526,0,0,0,0,0,0,0,0,0,0,0,0,0,0,0
63000,63019,63010,7.3,-105.134,39.9922,405.812,-26.9605,318.55,31.8278,5.10294,254.019,0.149337,0.00143174,3.66757,3.54111,2.69799,2.7823,2.52936,2.42397,1.74948,1.53869,1.0539,1.30684,1.0539,0.611262,0.73773,4.00482,1.4333,0.463716,0.10539,0.021078,0.0843121,0.021078,0,0,0,0,0,0,0,0,0,0,0,0,0,0,0,0
63020,63035,63028,7.4,-105.131,39.9931,400.283,-27.885,318.599,29.8232,4.72473,233.915,0.148526,0.00131704,3.64015,3.66615,2.80811,2.6001,2.00208,1.89808,1.43006,1.40406,0.962038,1.04004,1.04004,0.936037,0.832033,3.74415,1.06604,0.598024,0.026001,0.0520021,0.0520021,0.026001,0,0,0,0,0,0,0,0,0,0,0,0,0,0,0,0
63036,63053,63044,7.5,-105.129,39.9941,394.796,-28.7522,318.728,28.8155,4.51129,220.575,0.146682,0.00121619,3.45124,3.09666,2.93119,2.71844,1.86745,1.72562,1.70198,1.48923,1.15829,0.992822,0.898267,0.638243,0.68552,3.80582,1.01646,0.496411,0.0472772,0.0472772,0,0.0236386,0.0236386,0,0,0,0,0,0,0,0,0,0,0,0,0,0,0
63054,63072,63063,7.6,-105.127,39.995,389.328,-29.6637,318.808,27.5172,4.27696,206.302,0.144707,0.00113399,3.42859,3.56131,2.27835,2.49955,2.01291,1.72535,1.4378,1.17236,1.34932,0.884797,0.796317,0.530878,0.752077,3.29587,1.23872,0.442399,0.0442399,0.0442399,0.0221199,0,0,0,0,0,0,0,0,0,0,0,0,0,0,0,0,0
63073,63090,63082,7.7,-105.124,39.9956,383.849,-30.5106,318.987,26.412,4.17769,206.651,0.148396,0.00116566,3.60164,2.75419,2.61295,2.21277,1.62427,1.55365,1.45949,1.31825,1.27117,0.894524,0.870984,0.800363,0.635583,3.10729,1.03576,0.517882,0.0235401,0.0470802,0.0706203,0,0,0,0,0,0,0,0,0,0,0,0,0,0,0,0,0
63091,63111,63101,7.8,-105.122,39.9964,378.478,-31.4295,319.061,27.0768,4.39448,222.04,0.151581,0.00129064,3.46777,3.00406,2.1976,2.52018,1.99598,1.55243,1.45163,1.18953,1.37098,1.1492,0.725813,0.705651,0.745974,3.0847,1.02823,0.786297,0.0403229,0,0.0403229,0.0201615,0,0,0,0,0,0,0,0,0,0,0,0,0,0,0,0
63112,63130,63121,7.9,-105.119,39.9974,373.092,-32.365,319.131,25.7124,4.11143,207.568,0.151457,0.00118219,3.15719,2.59532,3.13044,2.19398,1.79264,2.08696,1.23077,1.04348,0.829432,0.695653,0.856188,0.695653,0.561873,3.07693,1.09699,0.561873,0,0.0535117,0.0267559,0,0,0.0267559,0,0,0,0,0,0,0,0,0,0,0,0,0,0
63131,63149,63140,8,-105.116,39.9983,367.705,-33.2826,319.239,22.4324,3.51082,170.709,0.145871,0.000944691,2.48751,2.64438,2.21859,1.70316,1.61352,1.59111,1.3446,1.21014,0.8964,0.69471,0.80676,0.71712,0.56025,2.4651,0.98604,0.40338,0.02241,0.02241,0.04482,0,0,0,0,0,0,0,0,0,0,0,0,0,0,0,0,0
63150,63165,63158,8.1,-105.114,39.9992,362.404,-34.2163,319.319,21.139,3.48374,176.575,0.152056,0.0010289,2.58845,2.45363,2.02222,1.29422,1.72563,1.07852,1.15941,1.13245,0.916742,0.701038,0.593186,0.728001,0.647112,2.58845,0.889779,0.404445,0.161778,0.053926,0,0,0,0,0,0,0,0,0,0,0,0,0,0,0,0,0,0
63166,63189,63178,8.2,-105.111,40.0003,357.602,-34.9779,319.515,19.5569,3.15452,160.476,0.152615,0.000909001,2.3338,2.22525,1.84533,1.42923,1.46541,1.12167,1.08549,1.08549,0.886483,0.796025,0.560836,0.651294,0.506562,2.26144,0.814117,0.379921,0.0180915,0.0180915,0.036183,0,0.0180915,0.0180915,0,0,0,0,0,0,0,0,0,0,0,0,0,0
63190,63211,63200,8.3,-105.108,40.0008,352.415,-35.615,319.993,26.4389,4.21067,207.908,0.14813,0.00116976,3.2089,2.89391,2.42144,2.42144,2.06708,1.71272,1.41743,1.14182,0.866205,0.944951,0.984324,0.689027,0.767772,3.07109,1.24025,0.452789,0.0393729,0.0590594,0.0196865,0.0196865,0,0,0,0,0,0,0,0,0,0,0,0,0,0,0,0
63212,63234,63223,8.4,-105.105,40.0013,347.441,-36.4104,320.22,31.2664,4.98638,255.86,0.153935,0.00142783,4.32168,3.68282,2.89365,2.66817,2.21721,1.84141,1.52198,1.27771,1.18376,1.08981,0.995865,0.732806,0.920705,4.03983,1.18376,0.488537,0.0751596,0.0187899,0,0.0375798,0.0187899,0.0375798,0.0187899,0,0,0,0,0,0,0,0,0,0,0,0,0
63235,63257,63246,8.5,-105.102,40.0019,342.395,-37.123,320.593,25.7818,4.46205,233.949,0.157293,0.0013455,2.86047,3.2933,2.18299,1.80661,1.67488,1.3926,1.18559,1.20441,1.12913,1.03504,0.771574,0.677479,0.621023,3.95196,1.31732,0.545747,0.0564566,0,0.0188189,0,0.0188189,0.0188189,0.0188189,0,0,0,0,0,0,0,0,0,0,0,0,0
63258,63287,63272,8.6,-105.099,40.0024,337.407,-37.8383,320.964,24.3494,4.19919,230.478,0.164659,0.00135799,2.49291,2.62335,2.27551,2.20304,1.53633,1.36241,1.40589,1.30443,1.01456,0.855127,0.927595,0.840633,0.565253,3.33354,0.797152,0.507279,0.130443,0.0289873,0.0724684,0,0,0.043481,0.0289873,0,0,0,0,0,0,0,0,0,0,0,0,0
63288,63315,63302,8.7,-105.095,40.0032,333.034,-38.4061,321.387,25.6098,4.52798,240.657,0.159447,0.0013929,2.70273,2.77833,2.07903,1.90892,1.85222,1.49312,1.36082,1.36082,0.945012,0.81271,0.661508,0.963912,0.585907,4.08245,1.30412,0.585907,0.0378005,0,0.0378005,0,0,0.0378005,0.0189002,0,0,0,0,0,0,0,0,0,0,0,0,0
63316,63333,63324,8.8,-105.092,40.0035,327.997,-39.025,321.937,26.0037,4.53692,228.512,0.151101,0.00131063,2.47193,2.56887,2.18111,2.01147,1.64795,1.40561,1.57525,1.04209,1.2602,1.09056,0.775507,1.06632,0.872446,3.97447,1.30867,0.702803,0,0.0484692,0,0,0,0,0,0,0,0,0,0,0,0,0,0,0,0,0,0
63334,63359,63346,8.9,-105.09,40.004,323.053,-39.9023,322.126,26.716,4.75229,249.402,0.157441,0.00146506,3.05664,2.58379,2.21226,1.85763,1.80696,1.68875,1.2159,1.09769,1.23279,0.962588,0.895038,0.962588,0.911925,3.98545,1.45233,0.60795,0.0844375,0.0506625,0.033775,0,0,0,0.0168875,0,0,0,0,0,0,0,0,0,0,0,0,0
63360,63387,63374,9,-105.086,40.0048,318.325,-40.8268,322.205,26.9117,4.77169,253.858,0.159602,0.0014942,2.9341,2.49241,2.41353,1.92452,1.84564,1.53015,1.64057,1.26198,1.00958,1.07268,0.914934,0.851835,0.899159,3.95945,1.34085,0.630989,0.0788736,0,0.0315494,0.0315494,0.0315494,0,0.0157747,0,0,0,0,0,0,0,0,0,0,0,0,0
63388,63417,63402,9.1,-105.083,40.0056,313.923,-41.6127,322.394,30.3952,5.51362,293.278,0.159575,0.00172185,2.92825,2.5915,2.63543,2.15226,2.16691,1.78623,1.40556,1.4202,1.6691,1.28843,0.966323,0.995605,1.05417,4.84625,1.53733,0.746704,0.0878475,0.0292825,0.0292825,0.0146413,0,0.0292825,0.0146413,0,0,0,0,0,0,0,0,0,0,0,0,0
63418,63447,63432,9.2,-105.079,40.0064,309.614,-42.308,322.698,30.9115,5.71939,312.194,0.163755,0.00184765,2.81147,2.66504,2.8554,2.22574,2.06467,1.69859,1.65467,1.30323,1.33252,1.27395,1.1568,1.12752,1.0543,5.21293,1.42038,0.805368,0.0732153,0.0292861,0.0732153,0.0146431,0,0.0146431,0.0439292,0,0,0,0,0,0,0,0,0,0,0,0,0
63448,63476,63462,9.3,-105.075,40.0075,305.32,-42.9245,323.123,17.2793,2.97131,152.849,0.154325,0.000885625,1.81486,1.6776,1.72336,1.23533,1.25058,1.17432,0.793049,1.02181,0.48803,0.594787,0.686292,0.579536,0.503281,2.31814,0.945558,0.396525,0.0457528,0,0,0,0.0305019,0,0,0,0,0,0,0,0,0,0,0,0,0,0,0
63477,63495,63486,9.4,-105.072,40.0084,300.786,-43.7168,323.391,15.7774,2.68721,144.287,0.161082,0.000818861,2.03655,1.49815,1.52156,1.38111,1.26406,0.702258,0.772484,0.632032,0.678849,0.49158,0.538398,0.561806,0.32772,2.22382,0.725666,0.351129,0,0.0234086,0,0,0,0,0.0468172,0,0,0,0,0,0,0,0,0,0,0,0,0
63496,63525,63510,9.5,-105.068,40.0093,296.38,-44.059,324.272,18.716,3.21807,174.319,0.162506,0.00103618,2.4708,2.36724,1.5387,1.33157,1.39075,0.96169,0.754557,0.887714,0.65099,0.887714,0.65099,0.443857,0.473448,2.4856,0.828533,0.414267,0.0591809,0.0295905,0.0295905,0.0147952,0.0147952,0.0147952,0.0147952,0,0,0,0,0,0,0,0,0,0,0,0,0
63526,63545,63536,9.6,-105.065,40.0101,291.846,-44.3615,325.274,24.7378,4.29798,225.88,0.157665,0.00133446,2.79298,2.32748,2.39398,1.83982,1.97282,1.44082,1.17482,1.44082,1.10832,0.687161,0.864493,0.664994,0.598495,3.41364,1.17482,0.709327,0.0664994,0.044333,0,0,0,0,0.0221665,0,0,0,0,0,0,0,0,0,0,0,0,0
63546,63570,63558,9.7,-105.061,40.0104,287.641,-44.826,325.962,23.4835,4.16086,221.651,0.159811,0.00132814,2.45614,2.82721,1.85536,1.80235,1.83769,1.30759,1.50196,0.865834,0.812824,1.00719,0.724473,0.583113,0.583113,3.21595,1.30759,0.653793,0.0530102,0.0353402,0.0353402,0,0,0,0.0176701,0,0,0,0,0,0,0,0,0,0,0,0,0
63571,63593,63582,9.8,-105.058,40.0106,283.271,-45.5643,326.333,23.2335,3.88048,193.897,0.149902,0.00108076,2.53811,2.22573,1.77668,1.93287,1.36668,1.34715,1.21048,1.11287,1.05429,1.01525,1.09334,1.01525,0.780958,3.29955,0.859054,0.507623,0.0195239,0.0390479,0.0195239,0,0,0.0195239,0,0,0,0,0,0,0,0,0,0,0,0,0,0
63594,63611,63602,9.9,-105.055,40.0107,279.264,-46.3328,326.556,26.0664,4.15915,205.036,0.147893,0.00114498,3.02578,2.77777,2.77777,2.10813,1.6865,1.6121,1.36408,1.38888,1.11607,0.942456,0.992059,0.744044,0.719243,3.02578,1.21527,0.471228,0,0.0248015,0.049603,0.0248015,0,0,0,0,0,0,0,0,0,0,0,0,0,0,0,0
63612,63630,63621,10,-105.052,40.0107,275.04,-47.2158,326.706,26.5105,4.15983,206.546,0.148957,0.00113853,3.2697,3.2697,2.4464,2.09355,1.99946,1.78775,1.29377,1.24672,1.03501,0.940922,0.799783,0.77626,0.752737,3.19913,0.987968,0.446938,0.117615,0,0.023523,0,0,0,0.023523,0,0,0,0,0,0,0,0,0,0,0,0,0
63631,63652,63642,10.1,-105.049,40.0108,270.873,-48.0991,326.849,29.3027,4.75218,245.39,0.154912,0.00146801,4.48615,3.01796,3.05874,2.1819,2.12073,1.99838,1.67211,1.12154,1.12154,1.08075,0.876839,0.815664,0.469007,3.05874,1.2031,0.815664,0.101958,0.0407832,0.0407832,0.0203916,0,0,0,0,0,0,0,0,0,0,0,0,0,0,0,0
63653,63669,63661,10.2,-105.046,40.0109,266.749,-48.9118,327.098,29.5835,4.26421,201.653,0.141869,0.00110262,5.04566,4.75354,3.29296,1.85893,2.28382,1.16847,1.19502,1.40747,0.982575,0.956019,0.717014,0.61079,0.743571,2.94773,0.902907,0.637346,0.0531122,0,0.0265561,0,0,0,0,0,0,0,0,0,0,0,0,0,0,0,0,0
63670,63685,63678,10.3,-105.044,40.0109,262.887,-49.5869,327.476,27.9067,4.73045,260.383,0.165132,0.00159411,4.42114,3.21026,2.90049,1.80225,1.99937,1.66145,1.35169,1.23905,1.04193,0.901125,0.704004,0.788484,0.563203,3.09762,1.12641,0.901125,0,0,0.112641,0.0281601,0,0.0563203,0,0,0,0,0,0,0,0,0,0,0,0,0,0
63687,63702,63694,10.4,-105.041,40.0114,258.877,-50.3106,327.851,26.7821,4.37504,218.743,0.149994,0.00125276,3.97502,2.87555,2.22714,1.94522,1.88884,1.55054,1.07128,1.09947,1.24043,1.26862,0.873941,0.84575,0.592025,3.41119,1.18405,0.592025,0.084575,0.0281917,0.0281917,0,0,0,0,0,0,0,0,0,0,0,0,0,0,0,0,0
63703,63719,63711,10.5,-105.038,40.0118,254.808,-51.1688,328.074,24.1111,3.93158,195.951,0.149521,0.00110854,3.40642,2.66127,2.18224,1.64998,1.59676,1.17096,1.43708,1.06451,0.931443,0.931443,0.931443,0.718542,0.585478,3.11368,1.19757,0.372577,0.079838,0.0266127,0.0532253,0,0,0,0,0,0,0,0,0,0,0,0,0,0,0,0,0
63720,63737,63728,10.6,-105.035,40.012,251.309,-51.9111,328.27,27.5505,4.83745,254.74,0.15798,0.00153954,3.72097,2.95639,2.52312,2.44667,1.35076,1.24882,1.35076,1.27431,1.14687,0.892014,1.01944,0.815556,0.662639,3.64451,1.55465,0.739097,0.127431,0.0254861,0.0509722,0,0,0,0,0,0,0,0,0,0,0,0,0,0,0,0,0
63738,63752,63745,10.7,-105.033,40.0118,247.341,-52.602,328.737,24.3802,4.30238,221.868,0.154706,0.00127703,2.19972,2.01641,1.772,1.95531,1.74144,1.80255,1.52758,1.25262,1.0082,0.855446,1.03876,0.885998,0.73324,3.6662,1.19151,0.641585,0.0611033,0,0,0,0,0.0305517,0,0,0,0,0,0,0,0,0,0,0,0,0,0
63753,63771,63762,10.8,-105.029,40.0115,243.572,-53.3021,329.134,17.7551,3.29171,177.694,0.161947,0.00108934,1.98624,1.67135,1.42913,1.42913,1.45335,1.04157,0.847786,0.387559,0.629784,0.847786,0.629784,0.508672,0.436004,2.71292,1.16268,0.363337,0.121112,0.0484449,0.0484449,0,0,0,0,0,0,0,0,0,0,0,0,0,0,0,0,0
63772,63785,63778,10.9,-105.026,40.0113,239.847,-54.1464,329.317,15.7223,2.687,135.302,0.151063,0.000780392,1.53628,1.66702,1.27478,0.915229,1.40553,1.01329,0.719109,0.686422,0.882543,0.588362,0.653735,0.457615,0.392241,2.48419,0.490301,0.490301,0.0653735,0,0,0,0,0,0,0,0,0,0,0,0,0,0,0,0,0,0,0
63786,63805,63796,11,-105.022,40.0107,235.736,-54.835,329.906,13.2885,2.21223,118.021,0.160047,0.000696882,1.75334,1.54571,1.33808,1.06123,0.78439,0.80746,0.78439,0.576757,0.553687,0.599828,0.322984,0.415265,0.276844,1.43036,0.622898,0.322984,0.0461406,0,0,0,0.0230703,0.0230703,0,0,0,0,0,0,0,0,0,0,0,0,0,0
63806,63829,63818,11.1,-105.018,40.01,232.282,-55.5988,330.143,13.9025,2.43343,135.595,0.167165,0.000841033,1.67988,1.56403,1.23578,1.25509,1.04269,0.830288,0.695124,0.656506,0.598579,0.405489,0.502034,0.463416,0.270326,1.52541,0.598579,0.444107,0.038618,0.019309,0.019309,0.019309,0.019309,0.019309,0,0,0,0,0,0,0,0,0,0,0,0,0,0
63830,63854,63842,11.2,-105.013,40.0091,228.732,-56.5448,330.155,13.0771,1.97734,93.8525,0.142392,0.000508581,1.82298,1.33933,1.41374,1.22772,1.0417,0.632463,0.576657,0.595259,0.353435,0.632463,0.372037,0.520852,0.465046,1.26493,0.558056,0.20462,0.0372037,0.0186019,0,0,0,0,0,0,0,0,0,0,0,0,0,0,0,0,0,0
63855,63880,63868,11.3,-105.008,40.008,225.134,-57.4931,330.204,13.8117,2.21334,114.73,0.155507,0.000637062,1.87033,1.27686,1.18694,1.04307,1.13299,0.935165,0.935165,0.737342,0.59347,0.449599,0.305727,0.485566,0.413631,1.58259,0.539518,0.251775,0.0179839,0,0,0.0179839,0,0.0179839,0.0179839,0,0,0,0,0,0,0,0,0,0,0,0,0
63881,63907,63894,11.4,-105.003,40.0069,221.615,-58.3156,330.427,17.1535,2.63339,128.487,0.146375,0.000688577,2.24422,1.87888,1.80929,1.47875,1.13081,0.956836,0.887248,0.782866,0.765469,0.713278,0.434926,0.574102,0.608896,1.87888,0.678484,0.260955,0.034794,0,0.017397,0,0,0,0.017397,0,0,0,0,0,0,0,0,0,0,0,0,0
63908,63934,63921,11.5,-104.998,40.0058,218.119,-59.157,330.632,19.6417,3.2036,170.02,0.159214,0.00100332,2.63044,2.18049,1.92091,1.73055,1.28061,1.246,1.246,0.69222,0.934497,0.709526,0.726831,0.484554,0.363416,2.18049,0.605693,0.588387,0.034611,0,0.034611,0,0.034611,0,0.0173055,0,0,0,0,0,0,0,0,0,0,0,0,0
63935,63961,63948,11.6,-104.993,40.0048,214.621,-60.0319,330.806,20.8517,3.44503,175.124,0.152501,0.000995167,2.48483,2.29369,1.66814,1.89403,1.26848,1.33799,1.00783,1.23373,0.78194,0.938328,0.729811,0.556046,0.590799,2.50221,1.00783,0.469164,0.0521293,0,0.0173764,0,0,0,0.0173764,0,0,0,0,0,0,0,0,0,0,0,0,0
