api/data/B2SAP/Locations/Boulder/NOAA-POPS-B2SAP_GMLBalloon_20220624_R0.ict
61,1001
Thornberry, T. D.
NOAA Chemical Sciences Laboratory
Portable Optical Particle Spectrometer (POPS)
Balloon Baseline Stratospheric Aerosol Profiles (B2SAP)
1,1
2022,06,24,2024,05,28
0
TIME_START,s,Seconds since midnight UTC on flight start day,Start time of 100 m altitude bin in UTC_seconds_since_midnight
28
1.0,1.0,1.0,1.0,1.0,1.0,1.0,1.0,1.0,1.0,1.0,1.0,1.0,1.0,1.0,1.0,1.0,1.0,1.0,1.0,1.0,1.0,1.0,1.0,1.0,1.0,1.0,1.0
99999,99999,99999,99999,99999,99999,99999,99999,99999,99999,99999,99999,99999,99999,99999,99999,99999,99999,99999,99999,99999,99999,99999,99999,99999,99999,99999,99999
TIME_STOP,s,End time of 100 m altitude bin in UTC seconds since midnight,
TIME_MID,s,Mid time of 100 m altitude in UTC seconds since midnight,
GPSAlt,m,GPS reported altitude above sea level (m),
GPS_Lon,deg,GPS reported longitude,
GPS_Lat,deg,GPS reported latitude,
iMet_Pressure,mb,Pressure reported (mB),
iMet_Temperature,degrees C,Ambient temperature (oC),
THETA,K,Potential temperature from iMet,
Aerosol_concentration,cm^-3,Aerosol concentration,
Surface_Area_Conc,um^2 cm^-3,Surface area concentration,
Volume_density,um^3 cm^-3,Volume density,
Effective_radius,um,Effective radius,
Extinction,km^-1,Extinction,
Bin01,cm^-3,particle concentration in size range [140 - 170 nm],
Bin02,cm^-3,particle concentration in size range [170 - 205 nm],
Bin03,cm^-3,particle concentration in size range [205 - 249 nm],
Bin04,cm^-3,particle concentration in size range [249 - 302 nm],
Bin05,cm^-3,particle concentration in size range [302 - 366 nm],
Bin06,cm^-3,particle concentration in size range [366 - 443 nm],
Bin07,cm^-3,particle concentration in size range [443 - 537 nm],
Bin08,cm^-3,particle concentration in size range [537 - 651 nm],
Bin09,cm^-3,particle concentration in size range [651 - 789 nm],
Bin10,cm^-3,particle concentration in size range [789 - 956 nm],
Bin11,cm^-3,particle concentration in size range [956 - 1159 nm],
Bin12,cm^-3,particle concentration in size range [1159 - 1404 nm],
Bin13,cm^-3,particle concentration in size range [1404 - 1702 nm],
Bin14,cm^-3,particle concentration in size range [1702 - 2062 nm],
Bin15,cm^-3,particle concentration in size range [2062 - 2500 nm],
0
19
PI_CONTACT_INFO: 325 Broadway R/CSL6, Boulder, CO 80305; troy.thornberry@noaa.gov; 303-497-3373 
PLATFORM: GML ECC/FPH balloon
LOCATION: Boulder, CO, USA
ASSOCIATED_DATA: N/A
INSTRUMENT_INFO: Printed Optical Particle Spectrometer counts particles from 140 - 2500 nm in diameter 
DATA_INFO: Particle concentrations reported in number per cubic centimeter, binned to 100 m altitude
UNCERTAINTY: Counting uncertainty dominated by air flow, less than 5 percent
ULOD_FLAG: -77777
ULOD_VALUE: 3000 ~3000 per cm3 (varies depending on flow rate- manufacturer quotes 1250  per cm3 at 1.667 cc/s)
LLOD_FLAG: -88888
LLOD_VALUE: 0 0 (varies depending on data field and measurement precision)
DM_CONTACT_INFO: Troy Thornberry, 325 Broadway R/CSL6, Boulder, CO 80305; troy.thornberry@noaa.gov; 303-497-3373
PROJECT_INFO: B2SAP Boulder, CO, USA
STIPULATIONS_ON_USE: Please contact the PIs for questions regarding applications and uncertainties
OTHER_COMMENTS: POPS bin Edges (nm):  140, 170, 205, 249, 302, 366, 443, 537, 651, 789, 956, 1159, 1404, 1702, 2062, 2500
Calculations assume sulfate refractive index of 1.45+0.00j and extinction wavelength = 532 nm
REVISION: R0
R0: QA/QC data
TIME_START,TIME_STOP,TIME_MID,GPSAlt,GPS_Lon,GPS_Lat,iMet_Pressure,iMet_Temperature,THETA,Aerosol_concentration,Surface_Area_Conc,Volume_density,Effective_radius,Extinction,Bin01,Bin02,Bin03,Bin04,Bin05,Bin06,Bin07,Bin08,Bin09,Bin10,Bin11,Bin12,Bin13,Bin14,Bin15
56888,57454,57171,2,-104.302,38.8879,803.78,22.9033,315.121,191.793,25.2445,1402.53,0.166674,0.00532354,96.0023,48.9711,23.5889,10.6289,8.49333,1.76061,1.45088,0.342341,0.146718,0.146718,0.0815098,0.0978118,0.0326039,0.0326039,0.016302
56903,57590,57246,2.7,-103.09,38.0146,747.978,17.35,315.662,182.864,24.1581,1383.07,0.171752,0.00482886,88.1745,48.0174,23.6681,10.2882,8.78601,2.06113,1.32751,0.209607,0.0698689,0.0524016,0.0349344,0.0698689,0.0524016,0,0.0524016
56908,57066,56987,1.7,-95.1328,28.1535,823.655,27.09,317.351,184.14,23.9968,1136.71,0.142107,0.00489807,91.4879,45.7439,23.1215,11.1449,7.48537,2.49512,1.9961,0.166342,0.332683,0,0,0.166342,0,0,0
56923,57411,57167,1.8,-105.197,39.949,822.581,26.247,316.577,190.199,25.6609,1504.24,0.175859,0.00553342,92.5111,49.6953,24.4884,10.5419,8.17583,2.17085,1.85069,0.273309,0.085897,0.101515,0.085897,0.085897,0.0780882,0.0234264,0.0312353
57412,57434,57423,1.9,-105.197,39.9481,811.645,23.6214,315.009,188.134,25.7645,1650.79,0.192217,0.00575763,90.6603,49.6254,24.228,10.7109,8.27869,2.15152,1.62144,0.342997,0.124726,0.124726,0.0467723,0.062363,0.0779538,0,0.0779538
57455,57474,57464,2.1,-105.197,39.947,793.322,21.695,315.008,201.38,27.0983,1695.49,0.187705,0.00579192,99.0053,53.5395,24.9224,10.8619,8.21053,2.63421,1.38553,0.273684,0.136842,0.0513158,0.0342106,0.119737,0.102632,0.0684211,0.0342106
57475,57492,57484,2.2,-105.198,39.9465,784.289,20.7167,314.989,198.587,25.5039,1376.13,0.161873,0.00496333,99.5702,50.9598,25.4035,10.1041,8.59516,1.73813,1.62353,0.267405,0.0573011,0.0382007,0,0.0573011,0.0955018,0.0764015,0
57493,57510,57502,2.3,-105.198,39.9461,775.329,19.8533,315.102,182.358,24.6478,1494.86,0.181946,0.00551668,89.5631,47.679,22.7781,10.3658,7.15281,2.39065,1.54914,0.325128,0.172126,0.133876,0.0573755,0.0765007,0.0382503,0.0382503,0.0382503
57511,57531,57521,2.4,-105.197,39.9456,766.278,19.031,315.274,185.293,24.254,1384.25,0.171219,0.00474937,90.0222,48.0363,23.9346,11.3154,8.1732,2.02241,1.35384,0.133713,0.0835705,0.0167141,0.0334282,0.0334282,0.0501423,0.0501423,0.0334282
57532,57550,57541,2.5,-105.197,39.9452,757.164,18.1505,315.398,173.536,23.129,1307.25,0.16956,0.00495345,83.1441,46.3372,22.5113,9.47558,7.9237,1.93528,1.46059,0.310375,0.164316,0.109544,0.0365147,0.0547721,0.0182574,0.0182574,0.0365147
57551,57572,57562,2.6,-105.196,39.9447,748.15,17.2709,315.52,176.77,23.8696,1473.88,0.185241,0.00503237,84.9431,45.8651,22.9728,10.6562,8.30247,2.0474,1.43479,0.193455,0.0806065,0.0644852,0.0322426,0.0322426,0.0644852,0.0161213,0.0644852
57591,57611,57601,2.8,-105.195,39.9441,730.428,15.367,315.612,173.806,23.2732,1419.99,0.183042,0.00491952,84.904,45.4018,22.2122,9.24029,8.15633,1.84806,1.43935,0.248777,0.0355396,0.0888489,0.0710791,0.0177698,0.0710791,0.0177698,0.0533093
57612,57633,57622,2.9,-105.195,39.9439,721.993,14.5636,315.776,167.939,22.8798,1344.26,0.176259,0.00505576,80.8694,43.4784,22.0042,9.0426,7.85405,2.3771,1.67039,0.273045,0.0642458,0.11243,0.0481844,0,0.0803073,0.0321229,0.0321229
57634,57651,57642,3,-105.194,39.944,713.591,13.6528,315.828,177.834,22.9664,1090.09,0.142393,0.0044214,86.1924,46.0197,23.0695,10.6398,7.75613,2.12796,1.51145,0.1591,0.07955,0.119325,0.0198875,0.0596625,0.07955,0,0
57652,57669,57660,3.1,-105.193,39.9443,705.145,12.6789,315.834,186.915,24.3913,1280.69,0.157517,0.00498973,91.1541,47.7126,25.2107,10.1436,8.18607,2.353,1.52253,0.276824,0.158185,0.0790925,0,0,0.0395463,0.0790925,0
57670,57685,57678,3.2,-105.192,39.9446,697.34,11.77,315.832,179.354,24.6434,1608.05,0.195759,0.00555307,88.2901,45.2212,22.3887,10.0072,9.34157,1.90825,1.46447,0.288457,0.088756,0.110945,0.066567,0.066567,0,0.044378,0.066567
57686,57702,57694,3.3,-105.191,39.9451,688.614,10.7759,315.862,185.672,24.9532,1385.68,0.166594,0.00518831,88.7641,48.0666,24.9335,10.8024,8.52051,2.24004,1.63292,0.314024,0.0628048,0.0628048,0.0837397,0.0837397,0.0628048,0.0209349,0.0209349
57703,57721,57712,3.4,-105.19,39.9457,679.93,9.80421,315.921,192.034,25.9012,1607.35,0.186171,0.00539958,92.0569,50.7542,25.0274,10.9826,8.82764,2.19273,1.70126,0.151223,0,0.0756114,0,0.0756114,0.0945143,0.0378057,0.0567086
57722,57742,57732,3.5,-105.189,39.9458,671.882,8.93381,316.031,190.86,25.4171,1414.56,0.166962,0.00520129,92.9143,49.3693,24.0902,11.0629,8.89165,2.378,1.49917,0.241246,0.0689275,0.0689275,0.0516956,0.103391,0.0689275,0.0344638,0.0172319
57743,57762,57752,3.6,-105.188,39.9462,664.043,8.11684,316.171,176.496,23.025,1233.05,0.160658,0.00440421,85.2017,45.78,22.6053,10.496,8.73085,1.97393,1.32861,0.113881,0.0569403,0.0379602,0.0189801,0.0759204,0.0379602,0,0.0379602
57763,57781,57772,3.7,-105.187,39.9465,656.097,7.13737,316.152,175.173,23.374,1324.35,0.169977,0.00488234,84.7414,44.9873,22.8933,10.5808,7.59304,2.28362,1.48435,0.266422,0.114181,0.0380603,0.0380603,0.0190302,0.0570905,0.0570905,0.0190302
57782,57801,57792,3.8,-105.186,39.9465,648.137,6.1605,316.151,182.993,23.556,1076.64,0.137117,0.00449871,89.2446,45.1512,24.4721,10.759,8.78952,2.55297,1.6412,0.109413,0.145884,0.0547066,0,0.0182355,0.036471,0.0182355,0
57802,57821,57812,3.9,-105.185,39.9465,640.312,5.242,316.212,184.725,25.7897,1762,0.204966,0.00596111,90.0216,47.2337,22.8275,11.3775,8.38339,2.37711,1.83273,0.254042,0.108875,0.0362917,0.0362917,0.0181459,0.0544376,0.108875,0.0544376
57822,57841,57832,4,-105.184,39.9466,632.593,4.2795,316.21,189.337,25.186,1317.98,0.156989,0.00513288,90.2145,49.2129,25.587,10.814,8.98112,2.14447,1.74124,0.201617,0.146631,0.0549865,0.0549865,0.0549865,0.0916441,0.0366576,0
57842,57861,57852,4.1,-105.183,39.9465,624.886,3.34842,316.25,187.441,25.5389,1548.31,0.181876,0.00542986,88.653,49.5494,24.1534,11.0671,9.63028,2.11633,1.68918,0.213575,0.0582477,0.0776636,0,0.0970795,0.0582477,0.0194159,0.0582477
57862,57879,57870,4.2,-105.182,39.9463,617.131,2.46706,316.375,198.972,26.5236,1417.59,0.160339,0.00530204,93.1555,53.0049,27.3179,11.8671,9.29195,1.95281,1.78113,0.107297,0.150216,0.0429189,0.0429189,0.128757,0.0858378,0.0429189,0
57880,57899,57890,4.3,-105.181,39.9459,609.441,1.578,316.485,209.414,27.7905,1605.72,0.173338,0.00585282,98.9605,57.9986,26.8352,11.2535,9.44849,2.35752,1.84181,0.331526,0.147345,0.0736724,0,0.0184181,0.0368362,0.0736724,0.0368362
57900,57921,57910,4.4,-105.18,39.9454,601.534,0.602273,316.537,211.845,27.6559,1429.66,0.155083,0.00535567,100.219,55.9475,28.7706,12.6658,9.41125,2.61703,1.62726,0.20131,0.150983,0.0503275,0.0503275,0.0335517,0.0671034,0,0.0335517
57922,57943,57932,4.5,-105.178,39.9449,594.273,0.144091,317.107,183.027,24.2782,1290.96,0.15952,0.00496486,87.3295,47.4852,24.3089,10.8528,8.58757,2.28213,1.55523,0.304284,0.0676187,0.0845233,0.0338093,0.050714,0.0338093,0.0338093,0.0169047
57944,57966,57955,4.6,-105.177,39.9443,587.056,-0.602174,317.35,178.114,23.5956,1328.89,0.168958,0.00489488,84.9741,46.8356,23.7399,10.3399,7.95625,2.04543,1.72332,0.193269,0.0805289,0.0966347,0.0322116,0.0322116,0,0.0161058,0.0483173
57967,57988,57978,4.7,-105.175,39.9438,579.389,-1.47636,317.519,176.561,24.0755,1346.37,0.167769,0.0051896,83.0604,47.3122,22.9068,10.0313,8.48146,2.48653,1.56686,0.255466,0.0681242,0.136248,0.0681242,0.0510931,0.102186,0.017031,0.017031
57989,58010,58000,4.8,-105.174,39.9432,572.512,-2.18455,317.771,171.632,23.8714,1405.71,0.17666,0.00548299,82.2588,42.9037,22.4235,10.3415,8.61791,2.55158,1.85876,0.270366,0.0506936,0.168979,0,0.0675914,0.0337957,0.0675914,0.0168979
58011,58028,58020,4.9,-105.172,39.9425,565.482,-2.95833,317.991,167.936,22.3745,1209.84,0.162216,0.00455581,80.9972,42.6279,22.2695,9.53519,8.30953,2.32667,1.37107,0.186964,0.0623215,0.0623215,0.0415477,0.0623215,0.0415477,0.0207738,0.0207738
58029,58049,58039,5,-105.171,39.9421,558.527,-3.35619,318.644,164.565,21.941,1101.32,0.150584,0.00450292,78.1408,41.9213,21.4986,10.3817,8.44523,2.062,1.59581,0.233095,0.0896521,0.0717217,0.0179304,0.0358608,0.0358608,0.0358608,0
58050,58070,58060,5.1,-105.17,39.9417,551.426,-4.0019,319.044,151.122,20.5805,1147.6,0.167285,0.00441132,72.0701,38.1046,20.1803,8.89996,7.62092,2.25608,1.56327,0.15988,0.0177644,0.088822,0.0177644,0.0710576,0.0177644,0.0355288,0.0177644
58071,58090,58080,5.2,-105.169,39.9415,544.712,-4.5175,319.547,140.422,19.2789,1072.1,0.16683,0.00419146,66.2285,36.5021,18.2322,8.92735,6.64361,1.94401,1.28342,0.264234,0.132117,0.0566217,0.0377478,0.0943694,0.0566217,0,0.0188739
58091,58113,58102,5.3,-105.168,39.9416,537.624,-5.3787,319.724,138.097,18.8209,1048.47,0.167123,0.00400921,66.6634,35.3069,17.8173,7.917,6.54013,1.98335,1.3277,0.229478,0.0491739,0.0163913,0.0819565,0.0491739,0.0819565,0.0327826,0
58114,58135,58124,5.4,-105.166,39.9414,530.988,-5.895,320.242,129.221,16.9124,780.474,0.138444,0.00337942,62.7378,31.8499,16.887,8.41772,5.84087,1.73508,1.37432,0.137432,0.103074,0.0515371,0.0343581,0.0343581,0.017179,0,0
58136,58154,58145,5.5,-105.165,39.9413,524.238,-6.34765,320.868,119.879,16.2167,869.176,0.160793,0.00342807,57.6502,30.4253,15.7571,7.0007,5.9117,1.51126,1.15567,0.177796,0.0666734,0.0444489,0.0444489,0.0666734,0.0444489,0.0222245,0
58155,58173,58164,5.6,-105.163,39.9414,517.499,-6.92632,321.355,105.855,14.4831,829.764,0.171875,0.00314134,49.6082,27.6334,13.8367,6.81838,5.21876,1.17972,1.17972,0.199952,0.0199952,0.0399905,0.0399905,0.0399905,0,0.0199952,0.0199952
58174,58191,58182,5.7,-105.161,39.9415,510.774,-7.76167,321.544,93.5601,13.6321,979.987,0.215664,0.00329176,43.4854,23.3795,13.2209,5.78679,5.13208,1.16158,1.03486,0.126718,0,0.0844786,0.0422393,0.0422393,0,0,0.063359
58192,58212,58202,5.8,-105.159,39.9419,504.311,-8.5919,321.711,91.3484,12.7116,673.617,0.158977,0.00280365,42.995,22.3086,12.1385,6.36086,4.64762,1.51275,1.03888,0.164034,0.0182259,0.0546778,0.0182259,0.0546778,0.0182259,0.0182259,0
58213,58230,58222,5.9,-105.158,39.9426,498.004,-9.31,321.997,85.5279,12.1646,681.469,0.168062,0.00289032,40.0611,21.1969,11.5293,5.2039,4.88987,1.23368,0.986947,0.112153,0.112153,0.0897225,0.0224306,0.0448612,0.0224306,0.0224306,0
58231,58251,58241,6,-105.156,39.9435,491.54,-9.7181,322.699,71.039,9.3057,482.504,0.155551,0.00183178,34.9054,18.021,8.89133,4.03318,3.6482,0.769971,0.549979,0.0916632,0.0366653,0,0.0366653,0.0366653,0,0.0183326,0
58252,58269,58260,6.1,-105.154,39.9444,485.255,-10.3894,323.059,62.3175,8.91932,630.15,0.21195,0.00220978,30.8175,15.8033,7.42179,3.66824,2.9218,0.767772,0.575829,0.063981,0.085308,0.063981,0.021327,0.042654,0.021327,0.021327,0.021327
58270,58290,58280,6.2,-105.152,39.9452,479.007,-11.209,323.244,63.364,8.34512,387.692,0.139372,0.00171007,30.6677,16.2659,7.49329,3.92941,3.28974,0.858987,0.657948,0.0731053,0.054829,0.0365527,0.0182763,0,0.0182763,0,0
58291,58309,58300,6.3,-105.149,39.9463,472.983,-12.0121,323.423,66.6787,9.00171,587.487,0.195792,0.00187433,33.1561,16.4458,8.75208,3.80614,3.2973,0.549549,0.447781,0.0814147,0.0203537,0,0.0203537,0.0407074,0.0203537,0.0203537,0.0203537
58310,58332,58321,6.4,-105.147,39.9475,466.414,-12.7786,323.769,67.1973,8.60448,453.678,0.158177,0.00171498,34.7657,16.5844,7.86221,3.66786,2.94833,0.684434,0.456289,0.0526487,0.0526487,0.0526487,0,0.0175496,0.0350992,0.0175496,0
58333,58357,58345,6.5,-105.144,39.9493,460.488,-13.63,323.889,70.7189,8.76737,403.475,0.13806,0.00156307,36.3981,17.9665,7.9989,3.95294,2.94533,0.821592,0.44955,0.062007,0.0465052,0.0155017,0,0.0310035,0.0310035,0,0
58358,58378,58368,6.6,-105.141,39.9507,454.575,-14.0957,324.502,58.4999,7.6343,449.896,0.176793,0.00168504,30.5682,14.0857,7.41159,2.80239,2.32303,0.46092,0.534667,0.129057,0.0921839,0.0368736,0,0.0368736,0,0,0.0184368
58379,58401,58390,6.7,-105.138,39.9518,448.755,-14.0227,325.788,35.7951,5.08277,319.107,0.188346,0.00124953,17.5552,8.93562,4.59947,2.08907,1.50975,0.456436,0.421326,0.0877762,0.0351105,0.0351105,0,0.0351105,0.0175552,0.0175552,0
58402,58424,58413,6.8,-105.135,39.9531,442.714,-14.3813,326.605,27.2984,3.89859,209.267,0.161033,0.00091802,13.0261,6.53864,3.53394,1.72429,1.55357,0.39266,0.358516,0.0853609,0.0341443,0,0.0170722,0.0341443,0,0,0
58425,58445,58435,6.9,-105.132,39.9546,436.84,-14.3514,327.893,20.9875,2.97043,154.029,0.155562,0.000765812,10.3187,5.15935,2.50597,1.124,1.01344,0.350099,0.368525,0.0921313,0,0.0368525,0.0184263,0,0,0,0
58446,58466,58456,7,-105.13,39.9565,431.322,-14.9533,328.318,21.3831,3.05937,177.905,0.174452,0.000746148,10.4312,5.2807,2.62175,1.46893,0.911106,0.260316,0.204534,0.09297,0.055782,0,0,0.055782,0,0,0
58467,58487,58477,7.1,-105.128,39.9587,425.602,-15.7985,328.491,19.8985,3.21504,274.448,0.256091,0.000993967,9.59877,4.73124,2.57006,1.40185,0.915096,0.194701,0.233641,0.155761,0.0194701,0.0194701,0.0194701,0,0,0.0389402,0
58488,58509,58498,7.2,-105.125,39.9612,419.825,-16.5695,328.786,17.5988,2.70319,216.204,0.239944,0.000755919,9.21839,4.0832,1.96136,1.01634,0.731053,0.231797,0.142644,0.124814,0.0178305,0,0.0178305,0,0.0356611,0.0178305,0
58510,58532,58521,7.3,-105.121,39.9639,414.208,-17.2396,329.201,17.032,2.39378,113.512,0.142258,0.000590012,8.01204,4.27081,1.82791,1.29833,1.05916,0.222082,0.222082,0.0512497,0.0512497,0.0170832,0,0,0,0,0
58533,58557,58545,7.4,-105.117,39.9674,408.602,-18.0752,329.404,16.4869,2.43057,156.253,0.192859,0.00064267,8.33803,4.03504,1.98599,0.866902,0.67776,0.189142,0.267952,0.0157619,0.0315237,0.0157619,0.0315237,0.0315237,0,0,0
58558,58585,58572,7.5,-105.113,39.9707,403.128,-18.9073,329.594,16.5429,2.45725,144.606,0.176547,0.000692214,8.21849,3.90492,1.90705,1.10488,0.726496,0.302707,0.196759,0.0756767,0.0302707,0.045406,0.0151353,0.0151353,0,0,0
58586,58607,58596,7.6,-105.109,39.9741,397.818,-19.7891,329.695,18.039,2.55556,176.805,0.207554,0.00064366,9.15492,4.65872,1.9321,0.902852,0.902852,0.198628,0.162513,0.0722282,0,0.018057,0,0.018057,0,0.018057,0
58608,58630,58619,7.7,-105.106,39.9773,392.777,-20.5157,329.951,19.485,2.82666,209.19,0.222018,0.000862779,10.268,5.16844,2.06738,0.689125,0.723582,0.241194,0.103369,0.0344563,0.0516844,0.103369,0,0.0172281,0,0.0172281,0
58631,58651,58641,7.8,-105.103,39.9805,387.455,-21.2405,330.295,20.5314,2.66946,120.298,0.135194,0.000593681,10.5447,5.08301,2.2126,1.05647,0.956801,0.338867,0.259134,0.0199334,0.0398667,0.0199334,0,0,0,0,0
58652,58671,58662,7.9,-105.1,39.9836,382.372,-22.1137,330.391,20.8302,3.21485,315.319,0.294246,0.000964176,10.7807,4.93071,2.69518,0.981963,0.814821,0.2925,0.167143,0.0626785,0.0208928,0.0417857,0,0,0,0.0208928,0.0208928
58672,58693,58682,8,-105.097,39.9864,376.937,-22.985,330.591,18.8658,2.34246,114.86,0.147101,0.000503125,10.1529,4.81216,2.13266,0.729115,0.619747,0.182279,0.109367,0.0364557,0.0546836,0.0182279,0.0182279,0,0,0,0
58694,58712,58703,8.1,-105.093,39.9892,371.955,-23.8458,330.705,17.0588,2.12017,100.36,0.142007,0.000396176,9.21302,3.80721,2.01929,1.00965,0.673097,0.210343,0.0631028,0,0.0420686,0,0.0210343,0,0,0,0
58714,58735,58724,8.2,-105.09,39.9919,366.44,-24.7241,330.96,17.0195,2.27203,132.602,0.175089,0.000544936,9.38818,3.89802,2.01306,0.65882,0.603918,0.128104,0.201306,0.0366011,0.0366011,0.0183005,0,0.0183005,0.0183005,0,0
58737,58761,58749,8.3,-105.086,39.9951,361.541,-25.4328,331.284,15.5177,1.91242,91.223,0.143101,0.00037706,8.39059,3.72555,1.78178,0.8261,0.453545,0.145782,0.113386,0.0485941,0,0.016198,0.016198,0,0,0,0
58762,58786,58774,8.4,-105.082,39.9982,356.714,-26.3016,331.389,14.5815,1.95507,166.953,0.256184,0.000494455,8.29334,3.36867,1.556,0.689775,0.336867,0.12833,0.12833,0.0320825,0.0160413,0.0160413,0,0,0,0,0.0160413
58787,58819,58803,8.5,-105.078,40.0017,351.579,-26.9206,331.927,14.2743,1.92208,96.9236,0.15128,0.000460368,7.3274,3.60847,1.48512,0.711875,0.650506,0.208653,0.184106,0.0490948,0.0245474,0.0122737,0,0.0122737,0,0,0
58820,58852,58836,8.6,-105.072,40.0059,346.886,-27.7103,332.142,13.4546,1.73255,75.1151,0.130065,0.000366669,6.87313,3.28439,1.48368,0.748182,0.672096,0.152173,0.190216,0.0253621,0.0253621,0,0,0,0,0,0
58853,58881,58867,8.7,-105.068,40.0097,342.095,-28.5766,332.288,11.8469,1.45495,59.888,0.123485,0.000276027,6.28182,2.99335,1.16642,0.519972,0.534025,0.182693,0.140533,0.0281066,0,0,0,0,0,0,0
