api/data/B2SAP/Locations/Boulder/NOAA-POPS-B2SAP_GMLBalloon_20201106_R0.ict
61,1001
Thornberry, T. D.
NOAA Chemical Sciences Laboratory
Portable Optical Particle Spectrometer (POPS)
Balloon Baseline Stratospheric Aerosol Profiles (B2SAP)
1,1
2020,11,06,2024,05,30
0
TIME_START,s,Seconds since midnight UTC on flight start day,Start time of 100 m altitude bin in UTC_seconds_since_midnight
28
1.0,1.0,1.0,1.0,1.0,1.0,1.0,1.0,1.0,1.0,1.0,1.0,1.0,1.0,1.0,1.0,1.0,1.0,1.0,1.0,1.0,1.0,1.0,1.0,1.0,1.0,1.0,1.0
99999,99999,99999,99999,99999,99999,99999,99999,99999,99999,99999,99999,99999,99999,99999,99999,99999,99999,99999,99999,99999,99999,99999,99999,99999,99999,99999,99999
TIME_STOP,s,End time of 100 m altitude bin in UTC seconds since midnight,
TIME_MID,s,Mid time of 100 m altitude in UTC seconds since midnight,
GPSAlt,m,GPS reported altitude above sea level (m),
GPS_Lon,deg,GPS reported longitude,
GPS_Lat,deg,GPS reported latitude,
iMet_Pressure,mb,Pressure reported (mB),
iMet_Temperature,degrees C,Ambient temperature (oC),
THETA,K,Potential temperature from iMet,
Aerosol_concentration,cm^-3,Aerosol concentration,
Surface_Area_Conc,um^2 cm^-3,Surface area concentration,
Volume_density,um^3 cm^-3,Volume density,
Effective_radius,um,Effective radius,
Extinction,km^-1,Extinction,
Bin01,cm^-3,particle concentration in size range [140 - 170 nm],
Bin02,cm^-3,particle concentration in size range [170 - 205 nm],
Bin03,cm^-3,particle concentration in size range [205 - 249 nm],
Bin04,cm^-3,particle concentration in size range [249 - 302 nm],
Bin05,cm^-3,particle concentration in size range [302 - 366 nm],
Bin06,cm^-3,particle concentration in size range [366 - 443 nm],
Bin07,cm^-3,particle concentration in size range [443 - 537 nm],
Bin08,cm^-3,particle concentration in size range [537 - 651 nm],
Bin09,cm^-3,particle concentration in size range [651 - 789 nm],
Bin10,cm^-3,particle concentration in size range [789 - 956 nm],
Bin11,cm^-3,particle concentration in size range [956 - 1159 nm],
Bin12,cm^-3,particle concentration in size range [1159 - 1404 nm],
Bin13,cm^-3,particle concentration in size range [1404 - 1702 nm],
Bin14,cm^-3,particle concentration in size range [1702 - 2062 nm],
Bin15,cm^-3,particle concentration in size range [2062 - 2500 nm],
0
19
PI_CONTACT_INFO: 325 Broadway R/CSL6, Boulder, CO 80305; troy.thornberry@noaa.gov; 303-497-3373 
PLATFORM: GML ECC/FPH balloon
LOCATION: Boulder, CO, USA
ASSOCIATED_DATA: N/A
INSTRUMENT_INFO: Printed Optical Particle Spectrometer counts particles from 140 - 2500 nm in diameter 
DATA_INFO: Particle concentrations reported in number per cubic centimeter, binned to 100 m altitude
UNCERTAINTY: Counting uncertainty dominated by air flow, less than 5 percent
ULOD_FLAG: -77777
ULOD_VALUE: 3000 ~3000 per cm3 (varies depending on flow rate- manufacturer quotes 1250  per cm3 at 1.667 cc/s)
LLOD_FLAG: -88888
LLOD_VALUE: 0 0 (varies depending on data field and measurement precision)
DM_CONTACT_INFO: Troy Thornberry, 325 Broadway R/CSL6, Boulder, CO 80305; troy.thornberry@noaa.gov; 303-497-3373
PROJECT_INFO: B2SAP Boulder, CO, USA
STIPULATIONS_ON_USE: Please contact the PIs for questions regarding applications and uncertainties
OTHER_COMMENTS: POPS bin Edges (nm):  140, 170, 205, 249, 302, 366, 443, 537, 651, 789, 956, 1159, 1404, 1702, 2062, 2500
Calculations assume sulfate refractive index of 1.45+0.00j and extinction wavelength = 532 nm
REVISION: R0
R0: QA/QC data
TIME_START,TIME_STOP,TIME_MID,GPSAlt,GPS_Lon,GPS_Lat,iMet_Pressure,iMet_Temperature,THETA,Aerosol_concentration,Surface_Area_Conc,Volume_density,Effective_radius,Extinction,Bin01,Bin02,Bin03,Bin04,Bin05,Bin06,Bin07,Bin08,Bin09,Bin10,Bin11,Bin12,Bin13,Bin14,Bin15
59358,60047,59702,1.7,-105.197,39.9491,820.877,18.421,308.488,243.711,40.3676,2771.7,0.205985,0.0127425,112.93,57.4365,30.4741,14.3737,13.1195,6.94184,5.72264,1.58671,0.408344,0.245006,0.13417,0.13417,0.0816687,0.0700018,0.0525013
59367,60066,59716,1.8,-105.197,39.9491,820.131,18.3808,308.522,215.103,37.7767,2733.52,0.21708,0.0125419,93.182,51.4552,28.675,13.2559,13.0349,7.14431,5.7078,1.63201,0.386753,0.212502,0.0807506,0.119001,0.0850007,0.0510004,0.0807506
60067,60083,60075,1.9,-105.197,39.9483,808.874,17.6941,309.017,198.584,34.7914,2080.28,0.179379,0.0111274,79.3328,47.2013,28.188,14.0638,14.8083,6.65969,6.33777,1.30779,0.281679,0.160959,0.12072,0.0402398,0.0603598,0,0.0201199
60084,60104,60094,2,-105.196,39.9476,799.007,17.5238,309.918,205.685,35.627,2136.42,0.179899,0.0111909,81.6313,49.966,28.3201,15.5293,15.021,7.18251,6.14941,1.29548,0.295172,0.114789,0.0327968,0.0655937,0.0163984,0.0491953,0.0163984
60105,60124,60114,2.1,-105.195,39.9471,789.308,17.1125,310.563,199.879,34.3874,1940.36,0.169279,0.0106979,78.5515,48.7442,28.3281,14.3962,15.239,7.08632,5.50394,1.37598,0.326796,0.154798,0.0515994,0.085999,0.0171998,0.0171998,0
60125,60141,60133,2.2,-105.194,39.9465,780.268,16.2482,310.661,195.705,35.5417,2363.35,0.199485,0.0114245,74.5398,47.5825,28.4233,14.8428,15.2704,7.41122,5.66022,1.26235,0.264686,0.081442,0.081442,0.122163,0.081442,0.040721,0.040721
60142,60161,60152,2.3,-105.194,39.9461,771.19,15.563,310.961,182.772,31.9209,1972.46,0.185376,0.0101255,72.938,44.539,25.1505,13.7293,13.2848,5.71057,5.67638,1.06005,0.359048,0.0683901,0.034195,0.102585,0.0512926,0.0683901,0
60162,60181,60172,2.4,-105.193,39.9458,761.76,14.87,311.304,181.674,32.3065,2163.41,0.200895,0.0105008,73.5007,43.6919,25.637,12.7752,12.2213,6.40491,5.66056,1.09057,0.242348,0.121174,0.103863,0.103863,0.0346211,0.0519317,0.0346211
60182,60196,60189,2.5,-105.192,39.9457,753.023,14.1513,311.559,171.462,31.2968,2286.79,0.219204,0.0102834,69.4379,41.0493,23.661,12.0381,12.5223,5.88066,4.81984,1.3145,0.299798,0.0230614,0.0230614,0.115307,0.184491,0.0230614,0.0691842
60197,60213,60205,2.6,-105.191,39.9457,743.982,13.4853,311.91,164.89,28.4299,1693.17,0.178667,0.00899872,67.6239,39.5712,22.5,11.9931,11.25,5.42891,4.87157,0.9289,0.350918,0.123853,0.144496,0.0412845,0.0412845,0.0206422,0
60214,60228,60221,2.7,-105.189,39.9458,735.479,12.8,312.185,156.969,27.1058,1791.31,0.198257,0.00858276,66.6238,35.8493,21.5096,10.7082,11.4764,4.9351,4.39969,0.95443,0.162951,0.162951,0,0.0465575,0.0698363,0.0232788,0.0465575
60229,60245,60237,2.8,-105.188,39.9459,726.736,12.5747,313.006,127.727,22.5239,1477.76,0.196825,0.00742072,53.5257,30.8897,17.3123,8.15059,8.52201,4.08561,3.63166,0.825376,0.412688,0.0825376,0.0825376,0.165075,0.0206344,0,0.0206344
60246,60264,60255,2.9,-105.186,39.946,717.994,12.0853,313.557,114.008,19.2774,1287.9,0.200427,0.00617855,50.9581,26.8493,14.7579,7.0734,7.36967,3.14785,2.5368,0.592536,0.314785,0.185168,0.0555503,0.0370335,0.0740671,0.0555503,0
60265,60281,60273,3,-105.184,39.9461,709.388,11.1418,313.595,112.709,18.6237,1096.13,0.176569,0.00579602,50.0769,27.6889,13.0753,7.37954,7.2756,3.07654,2.74394,0.89386,0.187087,0.124725,0.0623623,0.103937,0.0207874,0,0
60282,60299,60290,3.1,-105.183,39.9464,700.802,10.5872,314.071,101.642,17.2893,1142.75,0.198287,0.00567941,47.3567,22.8986,12.0613,5.7444,6.88933,2.72415,2.50701,0.94753,0.177662,0.138181,0.0394804,0.098701,0.0394804,0,0.0197402
60300,60317,60308,3.2,-105.181,39.9469,692.199,9.91056,314.436,90.6426,14.9727,891.835,0.178693,0.00488711,42.4826,21.2511,10.4679,5.20436,4.84952,2.70075,2.34591,0.926534,0.157708,0.118281,0.0591405,0.0591405,0.0197135,0,0
60318,60334,60326,3.3,-105.18,39.9478,683.955,9.37647,314.917,80.96,13.2675,951.944,0.21525,0.00449529,42.4377,17.8297,8.46228,3.81013,3.70488,1.53668,1.89454,0.631513,0.336807,0.0842018,0.0842018,0.0631513,0.0421009,0.0421009,0
60335,60351,60343,3.4,-105.179,39.9487,676.021,8.97706,315.519,66.428,11.1809,881.055,0.2364,0.00390412,34.3665,14.9411,7.54388,2.95468,2.70322,1.36209,1.36209,0.628656,0.272418,0.0838208,0.0209552,0.0628656,0.0628656,0.0628656,0
60352,60370,60361,3.5,-105.178,39.9494,667.726,8.23684,315.805,65.1352,9.93875,703.572,0.212372,0.00322245,35.4687,14.1875,7.00016,2.65781,2.60166,1.17917,1.08559,0.505359,0.224604,0.131019,0.037434,0.018717,0,0.018717,0.018717
60371,60390,60380,3.6,-105.177,39.9501,659.583,7.3225,315.887,65.7999,11.5663,1078.49,0.279733,0.00431502,36.4463,13.2207,6.39597,3.09079,2.59055,1.59006,1.23274,0.589573,0.178658,0.250122,0.0178658,0.0535975,0.0714633,0.0178658,0.0535975
60391,60409,60400,3.7,-105.177,39.9507,651.453,6.43105,315.997,63.0128,10.817,992.106,0.275153,0.00387765,34.2097,13.9589,6.19768,2.46777,2.78801,0.99841,1.29982,0.45211,0.339083,0.0565138,0.0376758,0.0753517,0.0565138,0.0376758,0.0376758
60410,60427,60418,3.8,-105.177,39.9513,643.813,5.695,316.228,58.7445,9.26372,711.432,0.230393,0.00304922,32.4183,13.0832,5.63276,2.63661,2.29705,0.73905,0.978742,0.399486,0.259666,0.0998716,0.059923,0.0998716,0.0199743,0,0.0199743
60428,60447,60438,3.9,-105.176,39.9523,635.719,5.1015,316.703,54.9641,8.46586,601.877,0.213284,0.0027999,30.4494,12.6812,4.52773,2.20073,2.23681,1.01017,0.992132,0.469008,0.162349,0.126271,0.0360775,0.0541163,0,0,0.0180388
60448,60465,60456,4,-105.175,39.9533,627.618,4.51444,317.192,52.4697,7.96133,559.877,0.210974,0.00252587,30.2425,11.0336,4.45743,2.33865,1.95887,0.579665,1.09937,0.419758,0.119931,0.0599654,0.0799538,0.0199885,0.0399769,0.0199885,0
60466,60483,60474,4.1,-105.174,39.9543,620.179,3.99556,317.676,52.7905,8.65492,709.621,0.245971,0.00294878,29.9233,11.3736,4.63741,2.19877,1.79899,0.779564,1.11937,0.559687,0.0799553,0.0799553,0.0799553,0.0999441,0.0399777,0,0.0199888
60484,60502,60493,4.2,-105.173,39.9557,612.404,4.34211,319.23,41.7531,6.33598,419.127,0.198451,0.00207736,23.5955,9.24044,4.04982,1.42599,1.31191,0.570398,0.798557,0.418292,0.171119,0.0570398,0.0380265,0.0380265,0.0380265,0,0
60503,60520,60512,4.3,-105.171,39.9576,604.984,4.08056,320.038,36.5393,5.32388,324.596,0.182909,0.00172004,20.917,8.31444,3.12043,1.16765,1.26831,0.422768,0.624087,0.483164,0.100659,0.0603955,0.0402637,0,0.0201318,0,0
60521,60538,60530,4.4,-105.17,39.9597,597.694,3.48056,320.449,32.9178,4.88492,333.622,0.204889,0.00156526,19.6985,6.74003,2.9287,1.16346,0.842503,0.381132,0.541609,0.341013,0.160477,0.0200596,0,0.0401192,0.0601788,0,0
60539,60556,60548,4.5,-105.168,39.9618,590.462,2.59444,320.542,29.8338,4.17391,235.972,0.169605,0.00135405,18.1992,5.83749,2.54507,1.11094,0.626167,0.38378,0.56557,0.38378,0.121194,0.0403979,0,0.0201989,0,0,0
60557,60576,60566,4.6,-105.166,39.9639,583.236,1.662,320.582,28.3451,3.8493,216.057,0.168387,0.00114999,17.5158,5.68718,2.25307,0.672287,0.926665,0.436078,0.399738,0.308888,0.0908495,0.0181699,0.0363398,0,0,0,0
60577,60593,60585,4.7,-105.165,39.9661,575.832,0.660588,320.577,26.147,3.74176,202.849,0.162636,0.00123257,14.8367,5.89167,2.19325,1.03212,0.79559,0.387044,0.537561,0.301034,0.129015,0.0430049,0,0,0,0,0
60594,60612,60603,4.8,-105.164,39.9682,568.828,-0.247222,320.64,26.1361,3.98189,271.413,0.204486,0.00129583,15.706,4.99184,2.37417,0.892849,0.811681,0.30438,0.568177,0.30438,0.0811681,0,0.040584,0.0608761,0,0,0
60613,60629,60621,4.9,-105.163,39.9704,562.072,-1.08824,320.743,24.9764,3.45482,194.262,0.168688,0.00107969,15.2068,5.17724,1.75463,0.974795,0.628201,0.346594,0.541553,0.194959,0.0866484,0.0433242,0.0216621,0,0,0,0
60630,60647,60638,5,-105.162,39.9726,554.794,-2.045,320.803,23.5678,3.82935,308.325,0.241548,0.00149773,14.2922,4.75041,1.71998,0.921415,0.634753,0.163807,0.532373,0.245711,0.163807,0.0819036,0,0.0409518,0,0.0204759,0
60648,60664,60656,5.1,-105.161,39.975,547.986,-2.92529,320.895,22.4911,3.56257,245.563,0.206786,0.00137963,13.551,4.54585,1.60187,0.865876,0.692701,0.194822,0.476232,0.303057,0.0865876,0.129881,0.0216469,0.0216469,0,0,0
60665,60682,60674,5.2,-105.16,39.9773,541.119,-3.80111,321.013,23.0507,3.92264,309.304,0.236552,0.00166914,13.7848,4.68477,1.67905,0.66333,0.642601,0.310936,0.580414,0.393852,0.207291,0.0621872,0.0207291,0,0,0.0207291,0
60683,60699,60691,5.3,-105.159,39.9797,534.207,-4.68706,321.133,21.6922,3.42555,243.845,0.213553,0.00126978,12.3519,5.45579,1.52762,0.545579,0.589226,0.370994,0.349171,0.218232,0.130939,0.0872927,0.0218232,0.0436464,0,0,0
60700,60718,60709,5.4,-105.159,39.9821,527.311,-5.41474,321.451,21.8799,3.9929,307.444,0.230993,0.00183051,12.0183,5.09748,1.86254,0.882256,0.450931,0.235268,0.470536,0.352902,0.333297,0.117634,0.0196057,0.0392114,0,0,0
60719,60735,60727,5.5,-105.159,39.9844,520.496,-6.22824,321.665,20.5552,3.77364,349.408,0.277775,0.00161665,11.7207,4.45033,1.87266,0.638909,0.616877,0.264376,0.462658,0.154219,0.110157,0.176251,0.0220313,0.0220313,0.0220313,0.0220313,0
60736,60753,60744,5.6,-105.158,39.9868,513.796,-6.71611,322.268,17.8256,3.36353,281.819,0.25136,0.00154538,10.5872,3.49441,1.2896,0.748801,0.395201,0.208,0.436801,0.312001,0.104,0.1664,0.0624001,0.0208,0,0,0
60754,60771,60762,5.7,-105.157,39.9889,507.197,-7.22,322.857,16.8487,3.03264,222.414,0.22002,0.00138042,9.83364,3.42403,1.29445,0.459321,0.501077,0.146147,0.563712,0.313173,0.22966,0.0417564,0.0417564,0,0,0,0
60772,60789,60780,5.8,-105.156,39.9912,500.721,-7.595,323.585,14.4621,2.77209,229.789,0.248681,0.00120978,8.97361,2.39992,0.876492,0.396508,0.542591,0.229558,0.521722,0.313033,0.104344,0.0208689,0.0208689,0.0417377,0.0208689,0,0
60790,60808,60799,5.9,-105.154,39.9935,494.043,-8.32632,323.931,10.0119,1.75221,123.671,0.21174,0.000751278,5.32254,2.51287,0.850815,0.21765,0.356155,0.178077,0.237437,0.178077,0.0989319,0.0395728,0.0197864,0,0,0,0
60809,60825,60817,6,-105.153,39.9959,487.853,-9.21118,324.012,9.84796,2.15823,213.626,0.296946,0.000987557,5.72608,1.89384,0.757536,0.245085,0.378768,0.111402,0.334207,0.178244,0.0668414,0.0445609,0.0668414,0.0222805,0.0222805,0,0
60826,60844,60835,6.1,-105.151,39.9984,481.586,-10.1153,324.095,8.61039,1.68273,121.785,0.21712,0.000868379,5.12238,1.57459,0.478355,0.298972,0.239178,0.159452,0.239178,0.358766,0.0797258,0.0597944,0,0,0,0,0
60845,60862,60854,6.2,-105.15,40.0011,475.373,-11.04,324.166,8.24076,1.76963,149.062,0.252699,0.00096243,4.53136,1.68609,0.86412,0.147533,0.210761,0.0421522,0.252913,0.295065,0.0843044,0.105381,0.0210761,0,0,0,0
60863,60880,60872,6.3,-105.148,40.0039,469.085,-11.915,324.312,6.9607,1.79193,193.769,0.324404,0.00107857,3.98967,1.35818,0.38199,0.106108,0.190995,0.0848866,0.360768,0.233438,0.190995,0.0424433,0,0,0,0.0212216,0
60881,60900,60890,6.4,-105.146,40.0068,463.034,-12.7125,324.522,6.53341,1.52911,118.791,0.233058,0.000878819,3.42861,1.40954,0.400005,0.0571436,0.285718,0.152383,0.380957,0.247622,0.114287,0.0571436,0,0,0,0,0
60901,60919,60910,6.5,-105.144,40.01,457.022,-13.5868,324.64,5.53292,1.3435,106.529,0.237878,0.000782751,2.97771,0.965745,0.342035,0.181077,0.221317,0.160958,0.321915,0.201197,0.100598,0.0603591,0,0,0,0,0
60920,60936,60928,6.6,-105.142,40.0132,450.956,-14.4194,324.833,4.65727,1.5221,157.951,0.311315,0.000952144,2.41907,0.655635,0.429554,0.11304,0.158257,0.180865,0.203473,0.271297,0.0904324,0.0904324,0,0.0452162,0,0,0
60937,60954,60946,6.7,-105.141,40.0165,444.937,-15.3006,324.982,4.37789,1.30437,135.679,0.312057,0.000812183,2.40355,0.83695,0.193142,0.150222,0.128762,0.085841,0.171682,0.193142,0.085841,0.085841,0.0429205,0,0,0,0
60955,60972,60964,6.8,-105.14,40.0198,439.273,-16.2444,324.978,3.82666,1.10088,137.868,0.375703,0.000653265,2.05386,0.756684,0.216195,0.129717,0.108098,0.0864782,0.151337,0.237815,0.0432391,0.0216195,0,0,0,0.0216195,0
60973,60991,60982,6.9,-105.138,40.0234,433.371,-17.19,325.033,3.04966,0.625487,46.3304,0.222213,0.000349631,1.84207,0.532155,0.204675,0.040935,0.08187,0.0614025,0.08187,0.102337,0.102337,0,0,0,0,0,0
60992,61011,61002,7,-105.136,40.0274,427.656,-18.0716,325.141,2.79695,0.53536,38.8124,0.217493,0.0002862,1.73534,0.510393,0.122494,0.102079,0.0408314,0.0612471,0.0816628,0.0408314,0.102079,0,0,0,0,0,0
61012,61030,61021,7.1,-105.135,40.031,422.306,-18.8733,325.286,2.50795,0.571748,48.346,0.253674,0.00034739,1.51342,0.475646,0.129722,0.0216203,0.0648608,0.0216203,0.108101,0.0864811,0.0432405,0.0432405,0,0,0,0,0
61031,61050,61040,7.2,-105.133,40.0349,416.314,-19.5155,325.801,2.84597,0.398953,23.1842,0.174338,0.000153435,1.81284,0.643266,0.155943,0.0194929,0.0779716,0,0.0584787,0.0389858,0.0389858,0,0,0,0,0,0
61052,61070,61061,7.3,-105.131,40.039,410.384,-19.8326,326.728,2.14059,0.471985,49.0651,0.311864,0.000251916,1.54369,0.246991,0.0823302,0.0205826,0.0823302,0.0205826,0.0205826,0.0617477,0,0.0411651,0.0205826,0,0,0,0
61071,61092,61082,7.4,-105.13,40.0432,405.013,-19.8468,327.938,2.75409,0.319695,15.9982,0.150126,9.56823e-05,2.00782,0.479744,0.10661,0.0533049,0.0177683,0,0.0355366,0.0355366,0.0177683,0,0,0,0,0,0
61093,61112,61102,7.5,-105.129,40.0472,399.627,-20.5632,328.261,2.48579,0.329871,19.4477,0.176867,0.000109936,1.67791,0.455729,0.12429,0.0621449,0.0621449,0.020715,0.0621449,0,0,0.020715,0,0,0,0,0
61113,61130,61122,7.6,-105.128,40.0511,394.331,-21.3371,328.509,1.85573,0.249338,14.4613,0.173996,9.45383e-05,1.32221,0.27836,0.06959,0.0927867,0.0231967,0,0,0.0463933,0.0231967,0,0,0,0,0,0
61131,61148,61140,7.7,-105.128,40.0546,389.247,-22.0894,328.748,1.90753,0.222931,9.68428,0.130322,5.22287e-05,1.31554,0.350811,0.065777,0.0219257,0.0877027,0,0.065777,0,0,0,0,0,0,0,0
61149,61167,61158,7.8,-105.127,40.058,383.781,-22.8942,329.018,2.05568,0.271929,14.7749,0.163001,9.29347e-05,1.43275,0.37376,0.0622934,0.0207645,0.0415289,0.0622934,0.0207645,0.0207645,0.0207645,0,0,0,0,0,0
61168,61187,61178,7.9,-105.126,40.0617,378.332,-23.6325,329.387,1.61031,0.418835,45.1418,0.323338,0.000227036,0.894617,0.377727,0.0397607,0.0795215,0.0596411,0.0198804,0.0397607,0.0198804,0.0397607,0.0198804,0,0.0198804,0,0,0
61188,61205,61196,8,-105.125,40.0655,373.152,-24.5071,329.525,1.55138,0.335276,38.2428,0.342191,0.000165844,1.10477,0.235058,0.0940231,0,0.0235058,0,0.0235058,0.0235058,0,0.0235058,0.0235058,0,0,0,0
61206,61224,61215,8.1,-105.124,40.0692,368.092,-25.2579,329.824,1.46476,0.168461,7.49408,0.133456,4.01067e-05,1.04626,0.146476,0.146476,0.0837006,0,0,0.0209251,0.0209251,0,0,0,0,0,0,0
61225,61243,61234,8.2,-105.123,40.073,363.191,-25.9421,330.173,1.36871,0.184629,12.834,0.208538,7.28213e-05,0.926514,0.315857,0.0631714,0,0.0210571,0,0.0210571,0,0,0.0210571,0,0,0,0,0
61244,61268,61256,8.3,-105.122,40.0777,357.855,-26.6079,330.676,1.4506,0.225967,15.2867,0.202951,9.52077e-05,1.00041,0.200083,0.0833678,0.0333471,0.0333471,0.0333471,0.0333471,0.0166736,0,0.0166736,0,0,0,0,0
61269,61286,61278,8.4,-105.121,40.0826,353.199,-27.4424,330.789,1.48387,0.223759,11.3369,0.151998,6.8362e-05,0.659499,0.447517,0.117768,0.141321,0.0235535,0.0235535,0.0471071,0.0235535,0,0,0,0,0,0,0
61287,61308,61298,8.5,-105.119,40.0872,348.054,-28.25,331.093,1.50373,0.223315,12.1063,0.162636,7.42963e-05,0.825216,0.330086,0.128367,0.0733525,0.0550144,0.0366763,0.0366763,0,0.0183381,0,0,0,0,0,0
61309,61333,61321,8.6,-105.117,40.0927,343.246,-29.0313,331.352,1.4397,0.425882,47.1432,0.332086,0.000264336,0.912982,0.140459,0.105344,0.0702294,0.0175573,0.0175573,0.0702294,0.0175573,0.0351147,0.0351147,0.0175573,0,0,0,0
61334,61357,61346,8.7,-105.115,40.0984,338.369,-29.9333,331.477,1.1608,0.189317,11.6106,0.183987,7.98516e-05,0.757043,0.151409,0.0841158,0.0336463,0.0336463,0.0336463,0.0336463,0.0168232,0.0168232,0,0,0,0,0,0
61359,61380,61370,8.8,-105.113,40.1039,333.57,-30.6686,331.823,4.00668,1.3576,309.159,0.683172,0.000673968,2.88038,0.701631,0.129248,0.0738559,0.0369279,0.018464,0.0553919,0,0,0,0,0.018464,0.0369279,0.0369279,0.018464
61381,61403,61392,8.9,-105.111,40.109,329.012,-31.4473,332.064,1.1265,0.155081,7.17522,0.138803,3.82841e-05,0.554018,0.295476,0.110804,0.0369345,0.0923363,0.0184673,0,0.0184673,0,0,0,0,0,0,0
