api/data/B2SAP/Locations/Boulder/NOAA-POPS-B2SAP_GMLBalloon_20230411_R0.ict
61,1001
Thornberry, T. D.
NOAA Chemical Sciences Laboratory
Portable Optical Particle Spectrometer (POPS)
Balloon Baseline Stratospheric Aerosol Profiles (B2SAP)
1,1
2023,04,11,2024,05,28
0
TIME_START,s,Seconds since midnight UTC on flight start day,Start time of 100 m altitude bin in UTC_seconds_since_midnight
28
1.0,1.0,1.0,1.0,1.0,1.0,1.0,1.0,1.0,1.0,1.0,1.0,1.0,1.0,1.0,1.0,1.0,1.0,1.0,1.0,1.0,1.0,1.0,1.0,1.0,1.0,1.0,1.0
99999,99999,99999,99999,99999,99999,99999,99999,99999,99999,99999,99999,99999,99999,99999,99999,99999,99999,99999,99999,99999,99999,99999,99999,99999,99999,99999,99999
TIME_STOP,s,End time of 100 m altitude bin in UTC seconds since midnight,
TIME_MID,s,Mid time of 100 m altitude in UTC seconds since midnight,
GPSAlt,m,GPS reported altitude above sea level (m),
GPS_Lon,deg,GPS reported longitude,
GPS_Lat,deg,GPS reported latitude,
iMet_Pressure,mb,Pressure reported (mB),
iMet_Temperature,degrees C,Ambient temperature (oC),
THETA,K,Potential temperature from iMet,
Aerosol_concentration,cm^-3,Aerosol concentration,
Surface_Area_Conc,um^2 cm^-3,Surface area concentration,
Volume_density,um^3 cm^-3,Volume density,
Effective_radius,um,Effective radius,
Extinction,km^-1,Extinction,
Bin01,cm^-3,particle concentration in size range [140 - 170 nm],
Bin02,cm^-3,particle concentration in size range [170 - 205 nm],
Bin03,cm^-3,particle concentration in size range [205 - 249 nm],
Bin04,cm^-3,particle concentration in size range [249 - 302 nm],
Bin05,cm^-3,particle concentration in size range [302 - 366 nm],
Bin06,cm^-3,particle concentration in size range [366 - 443 nm],
Bin07,cm^-3,particle concentration in size range [443 - 537 nm],
Bin08,cm^-3,particle concentration in size range [537 - 651 nm],
Bin09,cm^-3,particle concentration in size range [651 - 789 nm],
Bin10,cm^-3,particle concentration in size range [789 - 956 nm],
Bin11,cm^-3,particle concentration in size range [956 - 1159 nm],
Bin12,cm^-3,particle concentration in size range [1159 - 1404 nm],
Bin13,cm^-3,particle concentration in size range [1404 - 1702 nm],
Bin14,cm^-3,particle concentration in size range [1702 - 2062 nm],
Bin15,cm^-3,particle concentration in size range [2062 - 2500 nm],
0
19
PI_CONTACT_INFO: 325 Broadway R/CSL6, Boulder, CO 80305; troy.thornberry@noaa.gov; 303-497-3373 
PLATFORM: GML ECC/FPH balloon
LOCATION: Boulder, CO, USA
ASSOCIATED_DATA: N/A
INSTRUMENT_INFO: Printed Optical Particle Spectrometer counts particles from 140 - 2500 nm in diameter 
DATA_INFO: Particle concentrations reported in number per cubic centimeter, binned to 100 m altitude
UNCERTAINTY: Counting uncertainty dominated by air flow, less than 5 percent
ULOD_FLAG: -77777
ULOD_VALUE: 3000 ~3000 per cm3 (varies depending on flow rate- manufacturer quotes 1250  per cm3 at 1.667 cc/s)
LLOD_FLAG: -88888
LLOD_VALUE: 0 0 (varies depending on data field and measurement precision)
DM_CONTACT_INFO: Troy Thornberry, 325 Broadway R/CSL6, Boulder, CO 80305; troy.thornberry@noaa.gov; 303-497-3373
PROJECT_INFO: B2SAP Boulder, CO, USA
STIPULATIONS_ON_USE: Please contact the PIs for questions regarding applications and uncertainties
OTHER_COMMENTS: POPS bin Edges (nm):  140, 170, 205, 249, 302, 366, 443, 537, 651, 789, 956, 1159, 1404, 1702, 2062, 2500
Calculations assume sulfate refractive index of 1.45+0.00j and extinction wavelength = 532 nm
REVISION: R0
R0: QA/QC data
TIME_START,TIME_STOP,TIME_MID,GPSAlt,GPS_Lon,GPS_Lat,iMet_Pressure,iMet_Temperature,THETA,Aerosol_concentration,Surface_Area_Conc,Volume_density,Effective_radius,Extinction,Bin01,Bin02,Bin03,Bin04,Bin05,Bin06,Bin07,Bin08,Bin09,Bin10,Bin11,Bin12,Bin13,Bin14,Bin15
[from data line 310]
79284,79308,79296,16.9,-105.044,40.1546,90.5195,-64.0664,415.327,2.44332,0.400348,22.7879,0.17076,0.00014274,1.19673,0.41553,0.41553,0.149591,0.116348,0.0664848,0.0166212,0.0332424,0.0332424,0,0,0,0,0,0
79309,79334,79322,16.8,-105.041,40.1543,92.0839,-64.79,411.874,2.71015,0.594751,57.0124,0.287577,0.000233673,1.28458,0.579628,0.297647,0.203653,0.109659,0.078328,0.078328,0.0313312,0.0156656,0,0.0156656,0,0.0156656,0,0
79335,79359,79347,16.7,-105.038,40.1542,93.583,-66.038,407.527,2.4958,0.446908,30.9069,0.207471,0.00020511,1.41067,0.434053,0.235112,0.180855,0.0361711,0.0542566,0.0542566,0.0361711,0.0361711,0.0180855,0,0,0,0,0
79362,79385,79374,16.6,-105.035,40.1547,95.197,-65.963,405.677,2.30436,0.400394,31.5749,0.236578,0.00014641,1.25972,0.476235,0.245799,0.122899,0.0614497,0.0614497,0,0.0460872,0.0153624,0,0.0153624,0,0,0,0
79386,79411,79398,16.5,-105.033,40.1551,96.765,-65.8746,403.968,2.80231,0.515406,38.3966,0.223493,0.00019666,1.43783,0.601542,0.190733,0.24942,0.117374,0.058687,0.0880305,0.0146718,0.0293435,0,0.0146718,0,0,0,0
79412,79437,79424,16.4,-105.031,40.1551,98.4296,-65.9104,401.936,3.10199,0.577758,47.3736,0.245987,0.000220662,1.7533,0.509505,0.314694,0.149854,0.119884,0.119884,0.0749272,0.0149854,0.0149854,0.0149854,0,0,0.0149854,0,0
79438,79464,79451,16.3,-105.029,40.155,100.138,-65.7308,400.304,2.29242,0.34513,20.4266,0.177556,0.000122164,1.30995,0.427159,0.242057,0.128148,0.0711931,0.0284773,0.0284773,0.0427159,0,0.0142386,0,0,0,0,0
79466,79488,79477,16.2,-105.027,40.1553,101.83,-65.3886,399.055,2.37449,0.407888,31.6969,0.23313,0.000188306,1.37193,0.492486,0.211065,0.123121,0.0703551,0.0175888,0.0175888,0.0175888,0,0.0527663,0,0,0,0,0
79490,79516,79503,16.1,-105.025,40.1561,103.52,-65.2477,397.451,2.24364,0.300193,21.9375,0.219234,7.59084e-05,1.46263,0.426008,0.213004,0.0426008,0.0426008,0,0.0426008,0,0,0,0.0142003,0,0,0,0
79517,79542,79530,16,-105.024,40.1569,105.224,-65.0781,395.92,2.10399,0.336836,19.6718,0.175205,0.00013692,1.26524,0.426485,0.127946,0.0426485,0.0710809,0.0284324,0.0568647,0.0852971,0,0,0,0,0,0,0
79543,79570,79556,15.9,-105.022,40.1575,107.023,-64.9677,394.223,2.7228,0.318353,12.7924,0.120549,5.66783e-05,1.50321,0.694882,0.255263,0.11345,0.0850875,0.0425438,0.0141813,0.0141813,0,0,0,0,0,0,0
79571,79597,79584,15.8,-105.02,40.1574,108.863,-65.3608,391.562,2.38383,0.366352,21.7885,0.178423,0.000125668,1.32264,0.415248,0.230693,0.169175,0.169175,0.0153795,0.0153795,0.0153795,0.0153795,0.0153795,0,0,0,0,0
79598,79624,79611,15.7,-105.017,40.1575,110.642,-65.1733,390.103,2.51597,0.434876,34.413,0.237399,0.000173933,1.65686,0.414215,0.12273,0.0613651,0.0460239,0.0920477,0.0460239,0.0460239,0.0153413,0,0.0153413,0,0,0,0
79625,79652,79638,15.6,-105.015,40.1579,112.484,-65.6533,387.377,3.28366,0.401743,18.9467,0.141484,0.000103452,2.03015,0.763009,0.177127,0.136252,0.0408755,0.081751,0,0.0408755,0.0136252,0,0,0,0,0,0
79653,79680,79666,15.5,-105.012,40.158,114.406,-65.6662,385.478,3.60608,0.45661,25.4009,0.166888,0.000130673,2.27678,0.735358,0.254547,0.127274,0.141415,0.0141415,0.0141415,0.0141415,0,0.028283,0,0,0,0,0
79681,79708,79694,15.4,-105.009,40.1574,116.363,-66.0538,382.896,3.71916,0.465472,22.2198,0.143208,0.000120801,2.4132,0.652983,0.255515,0.141953,0.0709764,0.127757,0.0283906,0,0.0283906,0,0,0,0,0,0
79709,79735,79722,15.3,-105.006,40.1568,118.338,-66.2288,380.743,3.88239,0.740596,89.8438,0.363939,0.000297566,2.4062,0.679049,0.265715,0.191905,0.177143,0.0442858,0.0295239,0.0442858,0,0.0147619,0.0147619,0,0,0.0147619,0
79736,79763,79750,15.2,-105.002,40.1567,120.303,-65.5511,380.193,3.71333,0.559477,40.1534,0.215308,0.00019032,2.36674,0.680096,0.258437,0.149621,0.0816116,0.0544077,0.0272039,0.0680096,0,0.0136019,0,0.0136019,0,0,0
79764,79791,79778,15.1,-104.998,40.157,122.35,-65.0104,379.348,3.81189,0.548106,39.9163,0.218478,0.000169787,2.47562,0.703301,0.267254,0.14066,0.0703301,0.0562641,0,0.0703301,0.014066,0,0,0,0.014066,0,0
79793,79819,79806,15,-104.994,40.1578,124.375,-64.7977,377.964,3.50181,0.464438,24.4082,0.157663,0.000131752,2.12358,0.731301,0.196889,0.168762,0.154698,0.0562539,0.0421904,0,0.0140635,0.0140635,0,0,0,0,0
79820,79848,79834,14.9,-104.991,40.1589,126.45,-64.1319,377.383,3.19916,0.54531,46.6501,0.256644,0.00019035,1.97079,0.526444,0.28347,0.161983,0.09449,0.0539943,0.0539943,0.0134986,0,0.0134986,0.0269971,0,0,0,0
79849,79878,79864,14.8,-104.989,40.1598,128.601,-65.3893,373.304,3.91609,0.494177,22.7437,0.13807,0.000121319,2.33191,0.8111,0.354856,0.139408,0.114061,0.0887141,0.0380203,0.0253469,0.0126734,0,0,0,0,0,0
79879,79907,79893,14.7,-104.985,40.1604,130.73,-65.559,371.258,3.95725,0.451175,20.4619,0.136058,9.34001e-05,2.55835,0.768765,0.277259,0.163835,0.113424,0.0378081,0.0126027,0.0126027,0,0.0126027,0,0,0,0,0
79908,79937,79922,14.6,-104.982,40.1609,132.889,-63.9163,372.454,3.99644,0.548849,32.5749,0.178054,0.000128422,2.13707,0.893463,0.531248,0.193181,0.0965906,0.0845168,0.0120738,0.0362215,0,0,0,0.0120738,0,0,0
79938,79965,79952,14.5,-104.978,40.1617,135.123,-62.6463,372.921,3.98841,0.594113,40.2957,0.203475,0.000177046,2.19496,0.829803,0.481821,0.227527,0.107071,0.0669196,0.0133839,0.0267679,0.0133839,0.0133839,0,0.0133839,0,0,0
79966,79994,79980,14.4,-104.975,40.163,137.363,-64.174,368.485,4.04677,0.596873,38.3099,0.192553,0.000181787,2.32073,0.986309,0.261082,0.174054,0.0435136,0.101532,0.116036,0.0290091,0,0,0.0145045,0,0,0,0
79995,80023,80009,14.3,-104.972,40.1646,139.692,-63.9052,367.197,4.35336,0.726636,53.1951,0.219622,0.000327672,2.74596,0.750117,0.281294,0.174134,0.160739,0.0669747,0.0535798,0.0267899,0.0267899,0.0669747,0,0,0,0,0
80024,80052,80038,14.2,-104.971,40.166,142.043,-63.8633,365.517,5.00416,0.722621,43.2753,0.17966,0.000259161,3.09081,0.963368,0.374643,0.187322,0.120421,0.120421,0.0535204,0.0267602,0.0401403,0.0267602,0,0,0,0,0
80053,80082,80068,14.1,-104.971,40.167,144.361,-63.4984,364.464,4.69831,0.538934,22.9904,0.127977,0.000110074,2.91123,1.06649,0.230592,0.28824,0.086472,0.057648,0.014412,0.028824,0.014412,0,0,0,0,0,0
80083,80112,80098,14,-104.971,40.1676,146.807,-63.8414,362.13,4.96963,0.497841,17.2321,0.103841,5.76002e-05,3.39885,0.853097,0.338531,0.230201,0.0677061,0.0677061,0.0135412,0,0,0,0,0,0,0,0
80113,80144,80128,13.9,-104.971,40.1674,149.275,-65.4607,357.624,5.54604,0.742801,45.2575,0.182784,0.000209804,3.63265,1.01215,0.318897,0.249572,0.0970556,0.0970556,0.0415953,0.0693254,0.0138651,0,0,0.0138651,0,0,0
80145,80176,80160,13.8,-104.97,40.1666,151.762,-66.0746,354.876,6.06948,0.853927,46.6295,0.163818,0.000273504,3.41316,1.29106,0.652952,0.252277,0.222597,0.0445194,0.0890389,0.0445194,0.0445194,0.0148398,0,0,0,0,0
80177,80208,80192,13.7,-104.969,40.1657,154.306,-66.3754,352.687,6.40698,0.803111,37.5767,0.140367,0.000196891,3.74142,1.46124,0.513843,0.224806,0.256922,0.128461,0.0160576,0.0160576,0.0481728,0,0,0,0,0,0
80209,80240,80224,13.6,-104.967,40.1652,156.852,-66.0021,351.679,6.64591,0.873815,50.5143,0.173427,0.000219805,4.06469,1.33512,0.534046,0.252188,0.237354,0.118677,0.0445039,0.0296692,0,0.0148346,0.0148346,0,0,0,0
80241,80272,80256,13.5,-104.965,40.1652,159.437,-65.3508,351.137,7.31158,0.871682,43.4744,0.149622,0.000216134,4.77328,1.45274,0.431032,0.255426,0.207534,0.0957849,0.0478925,0,0.0159642,0.0319283,0,0,0,0,0
80273,80305,80289,13.4,-104.962,40.1655,162.159,-65.1562,349.768,6.66035,0.873038,41.3816,0.142199,0.000231403,4.21253,1.05313,0.512334,0.313093,0.256167,0.142315,0.0996206,0.056926,0.0142315,0,0,0,0,0,0
80306,80340,80323,13.3,-104.959,40.166,164.72,-64.7131,348.951,6.97482,0.933444,49.7099,0.159763,0.00029122,4.4783,1.23539,0.450404,0.347454,0.115818,0.167293,0.0514747,0.0772121,0.038606,0.0128687,0,0,0,0,0
80341,80374,80358,13.2,-104.957,40.1666,167.419,-64.5089,347.68,6.23686,0.81394,48.4168,0.178453,0.000215184,3.92746,1.22089,0.514835,0.220644,0.132386,0.102967,0.0441287,0.0441287,0,0.0147096,0.0147096,0,0,0,0
80375,80411,80393,13.1,-104.955,40.1672,170.362,-64.575,345.832,5.82969,0.694717,39.0746,0.168736,0.000146663,3.7633,1.20426,0.383172,0.191586,0.191586,0.0547389,0,0.0136847,0,0.0136847,0.0136847,0,0,0,0
80412,80447,80430,13,-104.954,40.1682,173.127,-64.0556,345.106,5.31929,0.674066,39.0932,0.173988,0.000167365,3.49079,1.01015,0.294096,0.242949,0.115081,0.0255735,0.102294,0.0127868,0.0127868,0,0,0.0127868,0,0,0
80448,80483,80466,12.9,-104.954,40.1696,175.925,-63.4497,344.528,4.54026,0.520541,25.3444,0.146066,0.000129564,3.02684,0.947532,0.276363,0.118441,0.0394805,0.0658008,0.0131602,0.0263203,0.0131602,0.0131602,0,0,0,0,0
80484,80520,80502,12.8,-104.955,40.1718,178.873,-62.7981,343.962,5.02993,0.521883,18.8191,0.10818,7.00921e-05,3.2223,1.0741,0.366766,0.183383,0.0916915,0.0523951,0.0392963,0,0,0,0,0,0,0,0
80521,80557,80539,12.7,-104.955,40.1746,181.822,-62.2137,343.302,4.49175,0.558689,32.7084,0.175635,0.000120665,3.00799,0.74188,0.350707,0.0944211,0.175354,0.0539549,0.0404662,0.0134887,0,0,0,0.0134887,0,0,0
80558,80593,80576,12.6,-104.956,40.1778,184.819,-61.621,342.666,4.51901,0.53313,30.1329,0.169562,0.000109502,2.94542,0.901112,0.390033,0.134494,0.0268989,0.0537977,0.0403483,0.0134494,0,0,0.0134494,0,0,0,0
80594,80627,80610,12.5,-104.957,40.1811,187.893,-61.1448,341.828,3.43544,0.409474,20.6582,0.151352,0.000107956,2.50356,0.389443,0.180813,0.194721,0.0834521,0.0139087,0.0278174,0.0278174,0,0.0139087,0,0,0,0,0
80629,80661,80645,12.4,-104.958,40.1848,190.975,-60.7579,340.859,1.59132,0.187784,8.3534,0.133453,4.5028e-05,1.14852,0.207563,0.0553502,0.0691877,0.0553502,0.0138375,0.0276751,0.0138375,0,0,0,0,0,0,0
80662,80696,80679,12.3,-104.96,40.1886,194.093,-59.6893,340.988,2.69077,0.312032,13.6088,0.13084,7.07146e-05,1.86706,0.42558,0.123556,0.123556,0.0549136,0.0411852,0.0274568,0.0274568,0,0,0,0,0,0,0
80697,80732,80714,12.2,-104.963,40.1924,197.23,-59.1887,340.23,3.90985,0.507468,24.5298,0.145013,0.000135756,2.32404,0.765565,0.355441,0.191391,0.136708,0.0410124,0.0546832,0.0136708,0.0273416,0,0,0,0,0,0
80733,80766,80750,12.1,-104.965,40.1963,200.54,-58.3446,339.956,3.94225,0.520578,35.0227,0.201829,0.000120327,2.53938,0.763589,0.195337,0.177579,0.213095,0.0177579,0,0,0.0177579,0,0,0.0177579,0,0,0
80767,80802,80784,12,-104.967,40.2,203.633,-57.2893,340.13,3.92629,0.451577,21.8454,0.145127,0.000108124,2.51156,0.985547,0.158959,0.0476878,0.143063,0.0158959,0.0317918,0.0158959,0,0.0158959,0,0,0,0,0
80803,80838,80820,11.9,-104.969,40.2036,206.879,-56.57,339.723,5.18315,0.570495,22.2581,0.117046,9.76074e-05,3.41478,0.914674,0.396359,0.213424,0.0914674,0.0762228,0.0762228,0,0,0,0,0,0,0,0
80839,80871,80855,11.8,-104.97,40.2072,210.174,-55.7441,339.486,5.55886,0.817316,71.3466,0.261881,0.000222488,3.6588,1.16202,0.282654,0.15703,0.141327,0.047109,0.031406,0.031406,0,0,0.015703,0.015703,0.015703,0,0
80873,80908,80890,11.7,-104.972,40.2107,213.48,-54.8191,339.418,6.39683,0.826043,44.5516,0.161801,0.000193169,3.69921,1.40223,0.627664,0.307155,0.160255,0.0534182,0.0934819,0.0400637,0,0,0.0133546,0,0,0,0
80909,80946,80928,11.6,-104.972,40.2141,216.898,-54.5097,338.353,6.0809,0.719112,29.0575,0.121222,0.000129963,3.61567,1.23262,0.534133,0.219132,0.342393,0.0821743,0.0273914,0.0273914,0,0,0,0,0,0,0
80948,80982,80965,11.5,-104.972,40.2173,220.357,-54.0037,337.605,5.8682,0.789685,47.124,0.179023,0.000213319,3.52656,1.31188,0.437294,0.183381,0.169275,0.0987437,0.0987437,0.0141062,0,0.0141062,0.0141062,0,0,0,0
80983,81020,81002,11.4,-104.971,40.2203,223.853,-53.2222,337.293,5.1037,0.604983,25.5955,0.126923,0.000119231,3.00902,1.04734,0.432235,0.365737,0.14962,0.0332488,0.0332488,0.0166244,0.0166244,0,0,0,0,0,0
81022,81058,81040,11.3,-104.97,40.2231,227.456,-52.9284,336.21,3.87835,0.672507,73.6762,0.328663,0.000262839,2.33263,0.800964,0.252936,0.182676,0.126468,0.042156,0.07026,0.028104,0.028104,0,0,0,0,0.014052,0
81059,81099,81079,11.2,-104.969,40.2257,231.008,-52.4906,335.385,4.0625,0.498778,22.5949,0.135902,0.000118714,2.48483,0.828277,0.341828,0.118325,0.157767,0.052589,0.0394417,0.0262945,0.0131472,0,0,0,0,0,0
81100,81137,81118,11.1,-104.968,40.2282,234.729,-51.905,334.741,4.6859,0.705254,46.7211,0.198742,0.000194373,2.23138,1.29101,0.525968,0.318769,0.127507,0.127507,0.0159384,0,0.0159384,0.0159384,0,0.0159384,0,0,0
81138,81174,81156,11,-104.967,40.2303,238.385,-51.1277,334.441,5.33818,0.803043,48.5061,0.181209,0.000232368,2.58776,1.44915,0.650637,0.177447,0.147872,0.177447,0.0887233,0.0295744,0.0147872,0,0.0147872,0,0,0,0
81175,81213,81194,10.9,-104.966,40.2322,242.079,-50.2778,334.253,7.08582,1.16535,79.6489,0.205044,0.000355813,3.1554,1.78529,0.954925,0.525901,0.387506,0.083037,0.083037,0.055358,0,0.027679,0.0138395,0.0138395,0,0,0
81214,81249,81232,10.8,-104.964,40.2338,245.933,-49.616,333.727,9.84042,1.42611,72.5958,0.152714,0.000391998,4.78803,2.30589,1.1456,0.616862,0.587488,0.161559,0.146872,0.0440616,0.0146872,0.0293744,0,0,0,0,0
81251,81284,81268,10.7,-104.963,40.2346,249.623,-48.91,333.361,9.53969,1.32691,63.7049,0.14403,0.000331212,4.54271,2.47651,1.08439,0.542194,0.527541,0.190501,0.117231,0.0146539,0.0293078,0.0146539,0,0,0,0,0
81285,81320,81302,10.6,-104.962,40.2353,253.609,-47.9455,333.287,9.73357,1.31704,57.7593,0.131566,0.000286955,4.64173,2.36306,1.12527,0.829885,0.393844,0.182856,0.154724,0.0421976,0,0,0,0,0,0,0
81321,81356,81338,10.5,-104.96,40.2359,257.405,-46.8823,333.446,9.91311,1.39737,65.756,0.141171,0.000355746,4.84061,2.28987,1.11595,0.782614,0.478264,0.159421,0.130436,0.10145,0.0144929,0,0,0,0,0,0
81358,81389,81374,10.4,-104.959,40.2366,261.301,-46.1131,333.136,10.7022,1.50647,73.2325,0.145835,0.000394558,5.37349,2.35837,1.37323,0.597055,0.552276,0.194043,0.149264,0.0746318,0.0149264,0.0149264,0,0,0,0,0
81390,81421,81406,10.3,-104.957,40.2375,265.137,-45.2115,333.072,10.6848,1.50015,70.371,0.140728,0.000359645,4.79138,2.779,1.43742,0.718708,0.543024,0.207627,0.12777,0.0638851,0,0.0159713,0,0,0,0,0
81422,81453,81438,10.2,-104.956,40.2385,269.262,-44.6188,332.472,10.6515,1.44453,60.244,0.125115,0.000270885,4.65486,2.61732,1.47432,0.927659,0.646048,0.215349,0.115957,0,0,0,0,0,0,0,0
81454,81486,81470,10.1,-104.954,40.2397,273.472,-43.7072,332.325,11.2968,1.61498,74.5209,0.138431,0.000389359,5.16915,2.58458,1.59182,0.770238,0.753121,0.205397,0.119815,0.085582,0.0171164,0,0,0,0,0,0
81487,81517,81502,10,-104.952,40.241,277.529,-42.9837,331.964,11.2443,1.51738,67.5499,0.133552,0.000337376,5.18722,2.86246,1.6131,0.695847,0.458626,0.205591,0.189776,0,0.0316294,0,0,0,0,0,0
81518,81550,81534,9.9,-104.95,40.2422,281.783,-42.3508,331.437,11.549,1.51085,69.623,0.138246,0.000369678,6.06895,2.76456,1.47225,0.3926,0.376242,0.229017,0.130867,0.0817917,0.0327167,0,0,0,0,0,0
81551,81581,81566,9.8,-104.948,40.2436,285.931,-41.6184,331.107,11.9532,1.74456,101.5,0.174542,0.000521885,6.24903,2.91167,1.20894,0.493792,0.612984,0.102164,0.25541,0.0340547,0.0340547,0.0340547,0.0170273,0,0,0,0
81584,81617,81600,9.7,-104.946,40.2451,290.131,-41.0725,330.509,11.1165,1.44411,61.6716,0.128116,0.000298251,5.39901,2.94216,1.22843,0.697625,0.454973,0.181989,0.181989,0.0303315,0,0,0,0,0,0,0
81621,81654,81638,9.6,-104.944,40.247,294.622,-40.2338,330.243,11.8203,1.52455,68.7241,0.135235,0.000340295,5.97542,3.03122,1.40683,0.565635,0.478614,0.145035,0.130531,0.0725173,0,0.0145035,0,0,0,0,0
81655,81694,81674,9.5,-104.941,40.2491,298.987,-39.5143,329.878,11.5647,1.47396,64.2988,0.13087,0.000314861,6.16626,2.63926,1.19966,0.74379,0.455872,0.179949,0.10797,0.0479865,0.0239932,0,0,0,0,0,0
81695,81729,81712,9.4,-104.939,40.2516,303.492,-38.914,329.319,11.2176,1.55795,73.6718,0.141863,0.000379409,5.14838,2.81835,1.56265,0.767373,0.55809,0.12557,0.153475,0.0418567,0.0279045,0.0139522,0,0,0,0,0
81730,81771,81750,9.3,-104.937,40.2545,307.985,-38.2142,328.916,11.0168,1.48047,65.6832,0.1331,0.000328605,4.87056,3.15427,1.48436,0.672602,0.44067,0.162352,0.185545,0.0231932,0.0231932,0,0,0,0,0,0
