api/data/B2SAP/Locations/Boulder/NOAA-POPS-B2SAP_GMLBalloon_20210901_R0.ict
61,1001
Thornberry, T. D.
NOAA Chemical Sciences Laboratory
Portable Optical Particle Spectrometer (POPS)
Balloon Baseline Stratospheric Aerosol Profiles (B2SAP)
1,1
2021,09,01,2024,05,28
0
TIME_START,s,Seconds since midnight UTC on flight start day,Start time of 100 m altitude bin in UTC_seconds_since_midnight
28
1.0,1.0,1.0,1.0,1.0,1.0,1.0,1.0,1.0,1.0,1.0,1.0,1.0,1.0,1.0,1.0,1.0,1.0,1.0,1.0,1.0,1.0,1.0,1.0,1.0,1.0,1.0,1.0
99999,99999,99999,99999,99999,99999,99999,99999,99999,99999,99999,99999,99999,99999,99999,99999,99999,99999,99999,99999,99999,99999,99999,99999,99999,99999,99999,99999
TIME_STOP,s,End time of 100 m altitude bin in UTC seconds since midnight,
TIME_MID,s,Mid time of 100 m altitude in UTC seconds since midnight,
GPSAlt,m,GPS reported altitude above sea level (m),
GPS_Lon,deg,GPS reported longitude,
GPS_Lat,deg,GPS reported latitude,
iMet_Pressure,mb,Pressure reported (mB),
iMet_Temperature,degrees C,Ambient temperature (oC),
THETA,K,Potential temperature from iMet,
Aerosol_concentration,cm^-3,Aerosol concentration,
Surface_Area_Conc,um^2 cm^-3,Surface area concentration,
Volume_density,um^3 cm^-3,Volume density,
Effective_radius,um,Effective radius,
Extinction,km^-1,Extinction,
Bin01,cm^-3,particle concentration in size range [140 - 170 nm],
Bin02,cm^-3,particle concentration in size range [170 - 205 nm],
Bin03,cm^-3,particle concentration in size range [205 - 249 nm],
Bin04,cm^-3,particle concentration in size range [249 - 302 nm],
Bin05,cm^-3,particle concentration in size range [302 - 366 nm],
Bin06,cm^-3,particle concentration in size range [366 - 443 nm],
Bin07,cm^-3,particle concentration in size range [443 - 537 nm],
Bin08,cm^-3,particle concentration in size range [537 - 651 nm],
Bin09,cm^-3,particle concentration in size range [651 - 789 nm],
Bin10,cm^-3,particle concentration in size range [789 - 956 nm],
Bin11,cm^-3,particle concentration in size range [956 - 1159 nm],
Bin12,cm^-3,particle concentration in size range [1159 - 1404 nm],
Bin13,cm^-3,particle concentration in size range [1404 - 1702 nm],
Bin14,cm^-3,particle concentration in size range [1702 - 2062 nm],
Bin15,cm^-3,particle concentration in size range [2062 - 2500 nm],
0
19
PI_CONTACT_INFO: 325 Broadway R/CSL6, Boulder, CO 80305; troy.thornberry@noaa.gov; 303-497-3373 
PLATFORM: GML ECC/FPH balloon
LOCATION: Boulder, CO, USA
ASSOCIATED_DATA: N/A
INSTRUMENT_INFO: Printed Optical Particle Spectrometer counts particles from 140 - 2500 nm in diameter 
DATA_INFO: Particle concentrations reported in number per cubic centimeter, binned to 100 m altitude
UNCERTAINTY: Counting uncertainty dominated by air flow, less than 5 percent
ULOD_FLAG: -77777
ULOD_VALUE: 3000 ~3000 per cm3 (varies depending on flow rate- manufacturer quotes 1250  per cm3 at 1.667 cc/s)
LLOD_FLAG: -88888
LLOD_VALUE: 0 0 (varies depending on data field and measurement precision)
DM_CONTACT_INFO: Troy Thornberry, 325 Broadway R/CSL6, Boulder, CO 80305; troy.thornberry@noaa.gov; 303-497-3373
PROJECT_INFO: B2SAP Boulder, CO, USA
STIPULATIONS_ON_USE: Please contact the PIs for questions regarding applications and uncertainties
OTHER_COMMENTS: POPS bin Edges (nm):  140, 170, 205, 249, 302, 366, 443, 537, 651, 789, 956, 1159, 1404, 1702, 2062, 2500
Calculations assume sulfate refractive index of 1.45+0.00j and extinction wavelength = 532 nm
REVISION: R0
R0: QA/QC data
TIME_START,TIME_STOP,TIME_MID,GPSAlt,GPS_Lon,GPS_Lat,iMet_Pressure,iMet_Temperature,THETA,Aerosol_concentration,Surface_Area_Conc,Volume_density,Effective_radius,Extinction,Bin01,Bin02,Bin03,Bin04,Bin05,Bin06,Bin07,Bin08,Bin09,Bin10,Bin11,Bin12,Bin13,Bin14,Bin15
[from data line 74]
59113,59130,59122,9.1,-105.141,40.067,325.346,-27.1967,338.992,7.94187,0.902979,34.7733,0.115529,0.000140516,4.51865,1.78008,0.794187,0.547716,0.109543,0.136929,0.0273858,0.0273858,0,0,0,0,0,0,0
59131,59154,59142,9.2,-105.138,40.0681,320.776,-27.9686,339.294,8.21973,1.02696,44.3604,0.129587,0.000215403,4.41249,1.81576,1.01526,0.507632,0.234292,0.0780972,0.117146,0.0195243,0.0195243,0,0,0,0,0,0
59155,59181,59168,9.3,-105.134,40.0694,316.86,-28.3757,339.918,11.8844,1.54089,76.4588,0.14886,0.000305514,6.53284,2.52365,1.27077,0.626437,0.554844,0.250575,0.089491,0.0178982,0,0,0,0.0178982,0,0,0
59182,59201,59192,9.4,-105.131,40.0708,312.48,-29.0845,340.281,5.30936,0.636365,25.4135,0.119806,0.000109368,2.86047,1.19358,0.576209,0.390999,0.18521,0.0411578,0.0411578,0.0205789,0,0,0,0,0,0,0
59203,59226,59214,9.5,-105.127,40.0723,307.64,-29.97,340.571,3.13547,0.440416,24.5939,0.167528,0.000153393,1.81423,0.690197,0.295799,0.138039,0.0788796,0.0197199,0,0.0591597,0.0394398,0,0,0,0,0,0
59227,59247,59237,9.6,-105.123,40.0739,304.259,-30.6442,340.699,3.69041,0.473733,19.8548,0.125734,9.10922e-05,1.83429,0.80796,0.524082,0.283878,0.13102,0.0655102,0.0218367,0.0218367,0,0,0,0,0,0,0
59249,59267,59258,9.7,-105.12,40.0753,299.981,-31.6171,340.704,4.33838,0.565383,23.1091,0.12262,0.000100409,2.03438,0.955915,0.612766,0.490213,0.0980425,0.0980425,0.0490213,0,0,0,0,0,0,0,0
59268,59297,59282,9.8,-105.115,40.0768,294.968,-32.5196,341.065,2.59937,0.334605,14.6307,0.131176,7.38085e-05,1.36075,0.610591,0.244236,0.226791,0.0872273,0,0.0523364,0.0174455,0,0,0,0,0,0,0
59299,59328,59314,9.9,-105.109,40.0787,290.774,-33.3889,341.237,1.99162,0.27936,17.1645,0.184326,9.99368e-05,1.21294,0.434263,0.149746,0.0898475,0.0149746,0.0299492,0.0299492,0,0.0149746,0.0149746,0,0,0,0,0
59329,59356,59342,10,-105.103,40.0805,286.775,-34.1559,341.49,2.49586,0.276396,10.4726,0.11367,4.21162e-05,1.62231,0.389978,0.233987,0.109194,0.0779956,0.0467973,0.0155991,0,0,0,0,0,0,0,0
59358,59390,59374,10.1,-105.097,40.0822,282.636,-34.9883,341.713,2.55538,0.266268,9.70991,0.1094,3.59848e-05,1.57254,0.589704,0.196568,0.126365,0.0421217,0.0140406,0,0.0140406,0,0,0,0,0,0,0
59390,59411,59400,10.2,-105.092,40.0836,278.855,-35.9373,341.662,1.88481,0.286468,18.8746,0.197662,0.00010988,1.1155,0.34619,0.192328,0.115397,0.0192328,0.0576983,0,0,0.0192328,0.0192328,0,0,0,0,0
59412,59429,59420,10.3,-105.087,40.0846,274.572,-36.9493,341.721,1.53345,0.14124,4.36998,0.0928207,1.04086e-05,1.0507,0.31237,0.0851918,0.0567945,0.0283973,0,0,0,0,0,0,0,0,0,0
59430,59456,59443,10.4,-105.082,40.0855,270.801,-37.7088,341.967,1.18012,0.260948,31.17,0.358348,0.000116428,0.838058,0.136826,0.0684129,0.0342065,0.0342065,0.0171032,0,0,0.0342065,0,0,0,0.0171032,0,0
59457,59474,59466,10.5,-105.077,40.0868,267.106,-38.7042,341.857,1.21481,0.167144,7.24243,0.129991,3.50849e-05,0.6299,0.202468,0.134978,0.134978,0.0674892,0.0224964,0.0224964,0,0,0,0,0,0,0,0
59475,59496,59486,10.6,-105.073,40.0881,263.094,-39.6519,341.95,1.08279,0.0974592,2.99532,0.0922024,7.13824e-06,0.817201,0.14301,0.0612901,0.0408601,0.02043,0,0,0,0,0,0,0,0,0,0
59497,59519,59508,10.7,-105.068,40.0895,259.26,-40.5547,342.068,0.994556,0.109405,4.30145,0.117951,1.91489e-05,0.678106,0.135621,0.0678106,0.0904142,0,0,0.0226035,0,0,0,0,0,0,0,0
59520,59542,59531,10.8,-105.063,40.0907,255.414,-41.5053,342.124,0.938635,0.0878052,2.81871,0.0963056,7.9692e-06,0.663912,0.183148,0.0457871,0,0.0457871,0,0,0,0,0,0,0,0,0,0
59543,59563,59553,10.9,-105.058,40.0919,251.643,-42.3926,342.26,0.800095,0.0691678,1.99039,0.0863286,3.57736e-06,0.525776,0.228598,0.0228598,0.0228598,0,0,0,0,0,0,0,0,0,0,0
59564,59586,59575,11,-105.053,40.0929,247.892,-43.1684,342.58,0.894543,0.156383,12.6609,0.242883,7.48228e-05,0.504614,0.252307,0.045874,0.022937,0,0.045874,0,0,0,0.022937,0,0,0,0,0
59587,59605,59596,11.1,-105.048,40.0939,244.671,-43.9888,342.64,1.53668,0.199673,9.98741,0.150057,6.21161e-05,0.973228,0.332947,0.102445,0.0256113,0.0256113,0,0.0512225,0.0256113,0,0,0,0,0,0,0
59606,59622,59614,11.2,-105.043,40.095,240.744,-44.6112,343.289,1.64134,0.224435,12.9261,0.172782,8.16552e-05,1.01216,0.300912,0.191489,0.0820669,0,0,0,0.0273556,0.0273556,0,0,0,0,0,0
59623,59644,59634,11.3,-105.037,40.0964,237.147,-44.7224,344.598,2.30052,0.291627,13.2784,0.136596,7.00385e-05,1.33848,0.43919,0.250966,0.146397,0.0418276,0.0418276,0,0.0418276,0,0,0,0,0,0,0
59645,59671,59658,11.4,-105.029,40.0982,233.544,-45.0189,345.661,2.71126,0.368436,17.9182,0.145899,9.91935e-05,1.50986,0.487052,0.357172,0.162351,0.0811754,0.0487052,0.0324702,0.0162351,0.0162351,0,0,0,0,0,0
59673,59699,59686,11.5,-105.02,40.1003,229.845,-45.4823,346.541,2.43885,0.436849,29.8165,0.204761,0.000189185,1.15945,0.559736,0.299858,0.179915,0.0799622,0.0599717,0.0199906,0.0199906,0.0399811,0.0199906,0,0,0,0,0
59701,59725,59713,11.6,-105.011,40.1021,226.414,-45.9433,347.325,2.48348,0.385099,20.4723,0.159483,0.000122902,1.20522,0.511304,0.346956,0.164348,0.109565,0.0730435,0.0182609,0.0365217,0.0182609,0,0,0,0,0,0
59726,59753,59740,11.7,-105.001,40.1037,223.154,-46.2282,348.326,2.44748,0.376254,27.3508,0.218077,0.000103607,1.2783,0.545618,0.280603,0.202658,0.0623563,0.0311781,0,0.0311781,0,0,0.0155891,0,0,0,0
59754,59782,59768,11.8,-104.99,40.1054,219.929,-46.7274,349.011,2.53692,0.43633,25.7091,0.176764,0.000167476,1.34977,0.406557,0.260196,0.162623,0.162623,0.0975737,0.0162623,0.0487868,0.0325246,0,0,0,0,0,0
59783,59806,59794,11.9,-104.98,40.1072,216.757,-47.2935,349.591,1.64697,0.244993,13.3409,0.163362,8.25154e-05,0.99584,0.287262,0.0957538,0.0957538,0.0574523,0.0574523,0.0383015,0,0.0191508,0,0,0,0,0,0
59807,59821,59814,12,-104.97,40.1087,213.414,-48.116,349.865,1.03184,0.146954,6.57935,0.134314,3.34818e-05,0.471698,0.176887,0.206368,0.117924,0,0.0294811,0.0294811,0,0,0,0,0,0,0,0
59822,59855,59838,12.1,-104.959,40.1105,210.085,-48.5942,350.689,0.848775,0.247753,28.5695,0.345943,0.000127054,0.33951,0.203706,0.135804,0.067902,0.0169755,0.0169755,0.0169755,0.0169755,0,0.0169755,0.0169755,0,0,0,0
59856,59889,59872,12.2,-104.944,40.1132,206.84,-49.2985,351.152,0.982407,0.386401,51.3141,0.3984,0.000228807,0.507577,0.196481,0.0491204,0.0491204,0.0327469,0.0327469,0,0.0327469,0.0327469,0.0163735,0.0163735,0.0163735,0,0,0
59890,59918,59904,12.3,-104.93,40.1156,203.651,-49.9256,351.729,1.45245,0.283504,16.9852,0.179734,0.000112787,0.637662,0.230267,0.159415,0.212554,0.0531385,0.0708513,0.0531385,0.0177128,0.0177128,0,0,0,0,0,0
59921,59949,59935,12.4,-104.917,40.1179,200.545,-50.6868,352.067,1.45878,0.241934,15.1134,0.187406,0.000101732,0.764968,0.320219,0.16011,0.0889498,0.0355799,0,0.0533699,0,0.0355799,0,0,0,0,0,0
59950,59977,59964,12.5,-104.904,40.1198,197.496,-51.4655,352.37,1.08392,0.142255,6.14439,0.129579,3.08244e-05,0.411141,0.448517,0.0747529,0.0934411,0.0186882,0,0.0373764,0,0,0,0,0,0,0,0
59978,60005,59992,12.6,-104.892,40.1217,194.566,-52.2214,352.682,1.6006,0.287064,15.7486,0.164583,9.93604e-05,0.678517,0.313162,0.173979,0.191377,0.121785,0.0521936,0.0173979,0.0521936,0,0,0,0,0,0,0
60006,60030,60018,12.7,-104.881,40.1233,191.559,-52.7656,353.379,0.982542,0.159243,9.56255,0.18015,6.19255e-05,0.55535,0.149517,0.106798,0.0854384,0.0213596,0.0213596,0.0213596,0,0.0213596,0,0,0,0,0,0
60032,60056,60044,12.8,-104.87,40.1252,188.815,-52.9188,354.589,1.76877,0.346386,22.9014,0.198346,0.000158646,0.634943,0.544237,0.226765,0.158736,0.0680296,0.0226765,0.0226765,0.0453531,0.0453531,0,0,0,0,0,0
60058,60086,60072,12.9,-104.858,40.128,185.558,-53.3237,355.7,1.84901,0.424977,65.0526,0.45922,0.000176044,0.852153,0.466272,0.160784,0.225097,0.0643134,0.0321567,0.0160784,0.0160784,0,0,0,0,0,0.0160784,0
60088,60117,60102,13,-104.846,40.1304,182.906,-53.9577,356.144,2.23662,0.343557,19.3525,0.16899,0.000119334,1.13578,0.48926,0.262103,0.174736,0.0524207,0.0524207,0.0174736,0.0174736,0.0349471,0,0,0,0,0,0
60118,60145,60132,13.1,-104.835,40.1326,179.998,-54.6483,356.646,2.06119,0.239518,9.02153,0.112996,3.39879e-05,1.15942,0.493827,0.0858829,0.193237,0.0858829,0.0429414,0,0,0,0,0,0,0,0,0
60147,60172,60160,13.2,-104.825,40.1342,177.231,-54.9047,357.803,2.50043,0.461059,36.4693,0.237297,0.000153672,1.30104,0.406574,0.243944,0.264273,0.142301,0.0609861,0.0203287,0.0406574,0,0,0.0203287,0,0,0,0
60174,60200,60187,13.3,-104.814,40.1356,174.553,-55.5191,358.356,2.59133,0.387129,19.6147,0.152001,0.000116376,1.17788,0.622592,0.387017,0.201922,0.0841341,0.0168268,0.0336536,0.0673073,0,0,0,0,0,0,0
60201,60229,60215,13.4,-104.804,40.137,171.91,-56.3045,358.626,2.87617,0.433774,22.2733,0.154043,0.000128529,1.34092,0.621876,0.408106,0.233203,0.155469,0.0388672,0.0194336,0.0388672,0.0194336,0,0,0,0,0,0
60230,60256,60243,13.5,-104.794,40.1387,169.099,-56.8632,359.386,3.59192,0.68257,49.5175,0.217637,0.000246353,1.5217,0.743156,0.477743,0.406966,0.21233,0.123859,0.0176942,0.0176942,0.0530826,0,0.0176942,0,0,0,0
60260,60284,60272,13.6,-104.785,40.1403,166.353,-57.2939,360.346,4.0007,0.590392,30.4142,0.154546,0.000179014,1.85978,0.973143,0.605511,0.259505,0.108127,0.0648762,0.0432508,0.0648762,0.0216254,0,0,0,0,0,0
60287,60305,60296,13.7,-104.778,40.1417,163.803,-58.2557,360.34,3.76609,0.548641,26.178,0.143143,0.000144042,1.89699,0.864806,0.195279,0.390558,0.251073,0.0836909,0.027897,0.0557939,0,0,0,0,0,0,0
60306,60327,60316,13.8,-104.772,40.1428,161.354,-58.8593,360.873,2.97277,0.358308,15.9949,0.13392,7.63287e-05,1.71,0.578769,0.368308,0.157846,0.131538,0,0,0,0.0263077,0,0,0,0,0,0
60328,60356,60342,13.9,-104.766,40.1446,158.661,-59.471,361.573,3.75629,0.584437,33.9245,0.174139,0.000199737,1.85011,0.897024,0.429824,0.224256,0.149504,0.09344,0.037376,0.037376,0.018688,0.018688,0,0,0,0,0
60357,60387,60372,14,-104.758,40.1466,156.234,-59.89,362.46,3.63338,0.508753,24.9529,0.147141,0.000133744,1.72305,0.786609,0.580592,0.318389,0.112373,0.0374576,0.0374576,0,0.0374576,0,0,0,0,0,0
60388,60414,60401,14.1,-104.751,40.1486,153.68,-60.4885,363.152,4.18689,0.630423,31.2154,0.148545,0.000179841,1.98534,0.904212,0.49142,0.412792,0.176911,0.0786271,0.0589704,0.0786271,0,0,0,0,0,0,0
60415,60445,60430,14.2,-104.744,40.1508,151.162,-61.3177,363.443,3.53309,0.579503,34.4567,0.178377,0.000209228,1.77551,0.699444,0.394558,0.304886,0.143476,0.0717378,0.0717378,0.0358689,0.0179345,0.0179345,0,0,0,0,0
60446,60463,60454,14.3,-104.739,40.1526,149.018,-62.2085,363.392,4.36238,0.622921,37.3084,0.179678,0.000210564,2.44049,0.94569,0.427086,0.335567,0.0610123,0.0610123,0,0.0305061,0.0305061,0.0305061,0,0,0,0,0
60464,60485,60474,14.4,-104.735,40.1549,146.371,-62.988,363.918,3.31864,0.42278,19.1111,0.13561,9.51855e-05,1.43885,1.09074,0.464145,0.185658,0.0696218,0,0.0464145,0,0.0232073,0,0,0,0,0,0
60487,60513,60500,14.5,-104.729,40.1579,144.11,-63.5172,364.615,4.16531,0.541866,24.4213,0.135207,0.000126795,2.33569,0.895347,0.369817,0.194641,0.214105,0.0973204,0,0.0583922,0,0,0,0,0,0,0
60517,60536,60526,14.6,-104.724,40.161,141.778,-64.322,364.907,4.52067,0.721938,38.5405,0.160154,0.000236997,2.31889,0.960349,0.304501,0.398194,0.163962,0.210808,0.0936926,0.0468463,0.0234231,0,0,0,0,0,0
60540,60565,60552,14.7,-104.719,40.1639,139.404,-64.7572,365.913,4.62222,0.706486,41.3264,0.175487,0.000225974,2.34036,0.994655,0.507079,0.331552,0.25354,0.117018,0,0.0390061,0,0.0390061,0,0,0,0,0
60566,60591,60578,14.8,-104.713,40.167,137.029,-65.4961,366.411,5.23442,0.6418,25.9432,0.121268,0.000115355,2.57815,1.44533,0.605474,0.312503,0.117189,0.0976572,0.0781257,0,0,0,0,0,0,0,0
60592,60618,60605,14.9,-104.708,40.1699,134.738,-66.3955,366.58,5.20572,0.815313,51.9793,0.191261,0.000237584,2.78815,0.899973,0.688214,0.40587,0.105879,0.141172,0.105879,0.0529396,0,0,0,0.0176465,0,0,0
60619,60642,60630,15,-104.702,40.1729,132.415,-67.2167,366.946,5.1556,0.686023,31.663,0.138463,0.000166395,2.6452,1.21308,0.640238,0.269574,0.185332,0.10109,0.0505451,0.0336968,0.0168484,0,0,0,0,0,0
60643,60668,60656,15.1,-104.696,40.1757,130.474,-67.9912,367.116,4.73046,0.865445,83.5378,0.289578,0.000320053,2.20755,1.08321,0.603305,0.425056,0.0959804,0.191961,0.0548459,0,0.0548459,0,0,0,0,0.0137115,0
60670,60694,60682,15.2,-104.69,40.1785,128.308,-68.3752,368.18,6.09669,0.994916,64.2693,0.193793,0.000337999,2.97712,1.35324,0.669496,0.555539,0.270647,0.071223,0.0569784,0.071223,0.0427338,0.0142446,0.0142446,0,0,0,0
60695,60719,60707,15.3,-104.684,40.181,126.087,-68.9017,369.071,5.67403,0.849337,45.9753,0.162393,0.000265772,2.98555,1.0843,0.668407,0.415898,0.237656,0.118828,0.0742674,0.0445605,0.029707,0.0148535,0,0,0,0,0
60720,60739,60730,15.4,-104.68,40.183,124.384,-69.5794,369.284,5.88825,0.815493,38.093,0.140135,0.000199828,2.60957,1.56128,0.825247,0.512991,0.178432,0.0669119,0.0669119,0.044608,0.022304,0,0,0,0,0,0
60748,60766,60757,15.5,-104.674,40.1858,121.951,-69.4639,371.579,7.17361,0.911186,38.0876,0.1254,0.000174896,3.75571,1.56985,0.755116,0.576273,0.317944,0.119229,0.039743,0.039743,0,0,0,0,0,0,0
60767,60793,60780,15.6,-104.669,40.1885,120.017,-69.237,373.694,9.08736,1.67439,181.498,0.32519,0.000617775,4.28481,2.08884,0.981935,0.892668,0.410627,0.16068,0.0892668,0.10712,0.0178534,0.0357067,0,0,0,0,0.0178534
60795,60815,60805,15.7,-104.664,40.1917,117.85,-69.6429,374.903,9.06339,1.17567,50.9813,0.130091,0.000243986,4.20575,2.41831,1.21967,0.630862,0.378517,0.0630862,0.084115,0.0420575,0.0210287,0,0,0,0,0,0
60818,60839,60828,15.8,-104.66,40.1943,115.901,-69.4511,377.044,9.82762,1.25329,51.788,0.123965,0.000233357,4.49604,2.68569,1.29311,0.755971,0.338197,0.119364,0.0994698,0.0397879,0,0,0,0,0,0,0
60847,60863,60855,15.9,-104.657,40.1971,113.606,-69.1375,379.794,11.8815,1.60221,69.2699,0.129702,0.000324534,5.08254,3.05398,1.73876,1.27063,0.423545,0.133751,0.111459,0.0445837,0.0222918,0,0,0,0,0,0
60864,60887,60876,16,-104.654,40.1996,111.873,-69.5737,380.649,10.7392,1.55355,87.3085,0.168598,0.000348724,4.4684,2.87254,1.72728,0.919965,0.46937,0.131424,0.0750992,0.0375496,0,0.0187748,0,0,0.0187748,0,0
60888,60907,60898,16.1,-104.651,40.2022,110.039,-70.4573,380.784,10.754,1.45262,68.2268,0.140904,0.000340623,4.75566,3.08282,1.45777,0.836423,0.262876,0.119489,0.167285,0.0477956,0,0.0238978,0,0,0,0,0
60912,60925,60918,16.2,-104.648,40.2042,108.233,-70.9367,381.69,11.0699,1.54892,66.2992,0.12841,0.000308434,4.24145,2.82763,2.0756,1.14308,0.391055,0.210568,0.150406,0.0300812,0,0,0,0,0,0,0
60925,60950,60938,16.3,-104.644,40.2056,106.473,-70.0172,385.227,12.9023,1.70407,70.7562,0.124566,0.000313977,5.30451,3.58952,2.03406,1.19651,0.398836,0.239301,0.0797671,0.0598253,0,0,0,0,0,0,0
60952,60971,60962,16.4,-104.641,40.2071,104.654,-69.6393,387.841,14.4147,2.18613,100.649,0.13812,0.000515817,5.42336,3.33014,2.66411,1.61749,0.713601,0.404374,0.118933,0.14272,0,0,0,0,0,0,0
60972,60995,60984,16.5,-104.638,40.2081,102.874,-70.0362,388.994,15.1479,2.17939,95.6875,0.131717,0.000452973,5.18274,4.44871,2.49128,1.8907,0.734037,0.155705,0.155705,0.0667306,0.0222435,0,0,0,0,0,0
60998,61021,61010,16.6,-104.636,40.2094,101.133,-70.0605,390.847,17.1333,2.46258,131.544,0.160252,0.000543391,6.57527,5.016,3.13735,1.37141,0.432089,0.338157,0.150292,0.0563595,0.0187865,0,0.037573,0,0,0,0
61025,61046,61036,16.7,-104.634,40.211,99.5411,-70.0694,392.599,18.9181,2.60327,123.483,0.142301,0.000526127,7.91229,4.60063,3.56945,1.7649,0.535418,0.277624,0.118982,0.118982,0,0,0.0198303,0,0,0,0
61048,61072,61060,16.8,-104.631,40.2125,97.8418,-70.5965,393.522,20.7038,2.72594,124.833,0.137383,0.000498051,8.39507,5.96172,3.54864,1.80474,0.588061,0.182502,0.121668,0.0608339,0.020278,0,0.020278,0,0,0,0
61072,61096,61084,16.9,-104.627,40.2141,96.1905,-70.8057,395.027,18.0441,2.46703,107.482,0.130702,0.000484903,6.67572,5.17709,3.19405,2.04359,0.529819,0.181652,0.166515,0.0302754,0.0302754,0.0151377,0,0,0,0,0
