api/data/B2SAP/Locations/Boulder/NOAA-POPS-B2SAP_GMLBalloon_20240731_R0.ict
82,1001
Thornberry, T. D.
NOAA Chemical Sciences Laboratory
Portable Optical Particle Spectrometer (POPS)
Balloon Baseline Stratospherid Aerosol Profiles (B2SAP)
1,1
2024,07,31,2024,08,01
0
TIME_START,s,Seconds since midnight UTC on flight start day,Start time of 100 m altitude bin in UTC_seconds_since_midnight
49
1.0,1.0,1.0,1.0,1.0,1.0,1.0,1.0,1.0,1.0,1.0,1.0,1.0,1.0,1.0,1.0,1.0,1.0,1.0,1.0,1.0,1.0,1.0,1.0,1.0,1.0,1.0,1.0,1.0,1.0,1.0,1.0,1.0,1.0,1.0,1.0,1.0,1.0,1.0,1.0,1.0,1.0,1.0,1.0,1.0,1.0,1.0,1.0,1.0
99999,99999,99999,99999,99999,99999,99999,99999,99999,99999,99999,99999,99999,99999,99999,99999,99999,99999,99999,99999,99999,99999,99999,99999,99999,99999,99999,99999,99999,99999,99999,99999,99999,99999,99999,99999,99999,99999,99999,99999,99999,99999,99999,99999,99999,99999,99999,99999,99999
TIME_STOP,s,End time of 100 m altitude bin in UTC seconds since midnight,
TIME_MID,s,Mid time of 100 m altitude in UTC seconds since midnight,
GPSAlt,km,GPS reported altitude above sea level (km),
GPS_Lon,deg,GPS reported longitude,
GPS_Lat,deg,GPS reported latitude,
iMet_Pressure,hPa,Pressure reported (hPa),
iMet_Temperature,degrees C,Ambient temperature (oC),
THETA,K,Potential temperature from iMet,
Aerosol_concentration,cm^-3,Aerosol concentration,
Surface_Area_Conc,um^2 cm^-3,Surface area concentration,
Volume_density,um^3 cm^-3,Volume density,
Effective_radius,um,Effective radius,
Extinction,km^-1,Extinction,
Bin01,cm^-3,particle concentration in size range [140 - 146.14 nm],
Bin02,cm^-3,particle concentration in size range [146.14 - 152.56 nm],
Bin03,cm^-3,particle concentration in size range [152.56 - 159.25 nm],
Bin04,cm^-3,particle concentration in size range [159.25 - 166.24 nm],
Bin05,cm^-3,particle concentration in size range [166.24 - 173.54 nm],
Bin06,cm^-3,particle concentration in size range [173.54 - 181.16 nm],
Bin07,cm^-3,particle concentration in size range [181.16 - 189.11 nm],
Bin08,cm^-3,particle concentration in size range [189.11 - 197.41 nm],
Bin09,cm^-3,particle concentration in size range [197.41 - 206.07 nm],
Bin10,cm^-3,particle concentration in size range [206.07 - 215.12 nm],
Bin11,cm^-3,particle concentration in size range [215.12 - 224.56 nm],
Bin12,cm^-3,particle concentration in size range [224.56 - 234.41 nm],
Bin13,cm^-3,particle concentration in size range [234.41 - 244.70 nm],
Bin14,cm^-3,particle concentration in size range [244.70 - 361.30 nm],
Bin15,cm^-3,particle concentration in size range [361.30 - 472.80 nm],
Bin16,cm^-3,particle concentration in size range [472.80 - 567.00 nm],
Bin17,cm^-3,particle concentration in size range [567.00 - 610.66 nm],
Bin18,cm^-3,particle concentration in size range [610.66 - 657.69 nm],
Bin19,cm^-3,particle concentration in size range [657.69 - 708.33 nm],
Bin20,cm^-3,particle concentration in size range [708.33 - 762.88 nm],
Bin21,cm^-3,particle concentration in size range [762.88 - 821.62 nm],
Bin22,cm^-3,particle concentration in size range [821.62 - 884.89 nm],
Bin23,cm^-3,particle concentration in size range [884.89 - 953.03 nm],
Bin24,cm^-3,particle concentration in size range [953.03 - 1026.42 nm],
Bin25,cm^-3,particle concentration in size range [1026.42 - 1105.46 nm],
Bin26,cm^-3,particle concentration in size range [1105.46 - 1190.59 nm]],
[...]
LOCATION: Boulder, CO, USA
ASSOCIATED_DATA: N/A
INSTRUMENT_INFO: Printed Optical Particle Spectrometer counts particles from 140 - 2500 nm in diameter 
DATA_INFO: Particle concentrations reported in number per cubic centimeter, binned to 100 m altitude
UNCERTAINTY: Counting uncertainty dominated by air flow, less than 5 percent
ULOD_FLAG: -77777
ULOD_VALUE: 3000 ~3000 per cm3 (varies depending on flow rate- manufacturer quotes 1250  per cm3 at 1.667 cc/s)
LLOD_FLAG: -88888
LLOD_VALUE: 0 0 (varies depending on data field and measurement precision)
DM_CONTACT_INFO: Troy Thornberry, 325 Broadway R/CSL6, Boulder, CO 80305; troy.thornberry@noaa.gov; 303-497-3373
PROJECT_INFO: B2SAP Boulder, CO, USA
STIPULATIONS_ON_USE: Please contact the PIs for questions regarding applications and uncertainties
OTHER_COMMENTS: POPS bin Edges (nm):  140, 146.14, 152.56, 159.25, 166.24, 173.54, 181.16, 189.11, 197.41, 206.07, 215.12, 224.56, 234.41, 244.70, 361.30, 472.80, 567.00, 610.66, 657.69, 708.33, 762.88, 821.62, 884.89, 953.03, 1026.42, 1105.46, 1190.59, 1282.27, 1381.01, 1487.36, 1601.89, 1725.25, 1858.10, 2001.18, 2155.28, 2321.25, 2500
Calculations assume sulfate refractive index of 1.45+0.00j and extinction wavelength = 532 nm
REVISION: R0
R0: QA/QC data
TIME_START,TIME_STOP,TIME_MID,GPSAlt,GPS_Lon,GPS_Lat,iMet_Pressure,iMet_Temperature,THETA,Aerosol_concentration,Surface_Area_Conc,Volume_density,Effective_radius,Extinction,Bin01,Bin02,Bin03,Bin04,Bin05,Bin06,Bin07,Bin08,Bin09,Bin10,Bin11,Bin12,Bin13,Bin14,Bin15,Bin16,Bin17,Bin18,Bin19,Bin20,Bin21,Bin22,Bin23,Bin24,Bin25,Bin26,Bin27,Bin28,Bin29,Bin30,Bin31,Bin32,Bin33,Bin34,Bin35,Bin36
[from data line 363]
68297,68299,68298,20.1,-104.807,40.0445,59.6967,-56.4433,484.843,2.57498,0.614065,39.6336,0.193629,0.000284185,0.35517,0.0887926,0.266378,0,0.0887926,0.266378,0.177585,0,0.0887926,0.177585,0.177585,0,0,0.621548,0,0.0887926,0.177585,0,0,0,0,0,0,0,0,0,0,0,0,0,0,0,0,0,0,0
68300,68303,68302,20,-104.807,40.0444,60.745,-56.995,481.213,2.97345,0.710935,42.0009,0.177235,0.000282324,0.202735,0.202735,0.135157,0.0675784,0.270314,0.270314,0.270314,0.0675784,0.135157,0.135157,0,0.0675784,0,0.608206,0.337892,0.202735,0,0,0,0,0,0,0,0,0,0,0,0,0,0,0,0,0,0,0,0
68304,68306,68305,19.9,-104.808,40.0444,61.85,-57.51,477.595,2.60195,0.662791,41.7126,0.188804,0.000292676,0.448611,0.269167,0.0897222,0,0.0897222,0.358889,0.0897222,0,0,0,0,0.179444,0,0.538333,0.358889,0.0897222,0.0897222,0,0,0,0,0,0,0,0,0,0,0,0,0,0,0,0,0,0,0
68307,68309,68308,19.8,-104.808,40.0444,62.7767,-57.5267,475.534,2.89047,0.777434,59.1914,0.22841,0.000381443,0,0.270982,0.180655,0.180655,0.0903273,0.180655,0.180655,0.180655,0.361309,0.0903273,0.0903273,0,0,0.722618,0.180655,0.0903273,0,0,0,0,0,0.0903273,0,0,0,0,0,0,0,0,0,0,0,0,0,0
68310,68312,68311,19.7,-104.808,40.0445,63.6933,-57.5367,473.547,3.77917,0.826503,54.2441,0.196893,0.000383304,0.3687,0.3687,0.276525,0.3687,0.18435,0.55305,0,0.276525,0,0.092175,0.092175,0.18435,0.092175,0.460875,0.18435,0.092175,0.092175,0,0.092175,0,0,0,0,0,0,0,0,0,0,0,0,0,0,0,0,0
68313,68315,68314,19.6,-104.808,40.0446,64.6,-57.34,472.071,3.95991,1.01326,74.8617,0.221647,0.00053572,0.644637,0.092091,0.368364,0.276273,0.184182,0.276273,0.276273,0.184182,0,0,0.276273,0.092091,0,0.736728,0.276273,0,0.092091,0.092091,0,0,0.092091,0,0,0,0,0,0,0,0,0,0,0,0,0,0,0
68316,68319,68318,19.5,-104.809,40.0446,65.7625,-57.2325,469.899,4.12101,0.918514,58.7482,0.19188,0.000410444,0.412101,0.343417,0.412101,0.343417,0.274734,0.0686835,0.343417,0.137367,0.0686835,0.0686835,0.137367,0.20605,0.20605,0.549468,0.274734,0.137367,0,0.0686835,0.0686835,0,0,0,0,0,0,0,0,0,0,0,0,0,0,0,0,0
68320,68322,68321,19.4,-104.809,40.0445,66.88,-57.5433,466.972,4.81977,1.10958,83.0815,0.22463,0.000517709,0.545635,0.545635,0.363756,0.363756,0.272817,0.272817,0.181878,0.272817,0.272817,0.181878,0,0.181878,0.181878,0.545635,0.363756,0.181878,0,0,0,0,0,0,0.0909391,0,0,0,0,0,0,0,0,0,0,0,0,0
68323,68325,68324,19.3,-104.809,40.0444,67.7933,-59.0133,461.994,4.96938,0.924374,48.6917,0.158026,0.000295463,0.542114,0.0903524,0.722819,0.451762,0.36141,0.180705,0.0903524,0.0903524,0.180705,0.180705,0.451762,0.180705,0.180705,0.903524,0.0903524,0.271057,0,0,0,0,0,0,0,0,0,0,0,0,0,0,0,0,0,0,0,0
68326,68328,68327,19.2,-104.809,40.0443,68.8733,-59.6433,458.563,6.25259,1.38734,111.383,0.240856,0.000558411,0.362469,0.543704,0.362469,0.181235,0.543704,0.453087,0.815556,0.362469,0.271852,0.271852,0.181235,0.181235,0.543704,0.634321,0.271852,0.0906173,0.0906173,0,0,0,0,0,0,0,0.0906173,0,0,0,0,0,0,0,0,0,0,0
68329,68332,68330,19.1,-104.808,40.0442,69.9825,-60.6575,454.307,4.07631,0.732877,40.1517,0.164359,0.000229577,0.27636,0.13818,0.27636,0.48363,0.34545,0.27636,0.34545,0.13818,0.06909,0.20727,0.06909,0.34545,0.06909,0.898171,0.06909,0,0,0,0,0.06909,0,0,0,0,0,0,0,0,0,0,0,0,0,0,0,0
68333,68335,68334,19,-104.808,40.0442,71.1867,-61.39,450.541,5.22022,1.19184,97.1258,0.244477,0.000567175,0.372873,0.279654,0.559309,0.466091,0.466091,0.559309,0.372873,0.0932181,0.186436,0.279654,0.186436,0.0932181,0.186436,0.745745,0,0.186436,0,0.0932181,0,0,0,0,0,0.0932181,0,0,0,0,0,0,0,0,0,0,0,0
68336,68338,68337,18.9,-104.808,40.0443,72.18,-61.3233,448.89,6.38685,1.84465,176.21,0.286574,0.000806603,0.462815,0.462815,0.462815,0.277689,0.555378,0.462815,0.092563,0.555378,0.370252,0.277689,0.185126,0.092563,0.185126,0.92563,0.555378,0.185126,0.092563,0.092563,0,0,0,0,0,0,0,0,0.092563,0,0,0,0,0,0,0,0,0
68339,68342,68340,18.8,-104.808,40.0443,73.395,-60.8575,447.747,5.65834,1.18426,65.2775,0.165363,0.000405438,0.838273,0.139712,0.279424,0.419136,0.279424,0.34928,0.279424,0.34928,0.279424,0.139712,0.209568,0.209568,0.069856,0.977985,0.69856,0.069856,0.069856,0,0,0,0,0,0,0,0,0,0,0,0,0,0,0,0,0,0,0
68343,68345,68344,18.7,-104.809,40.0444,74.5867,-60.3933,446.666,7.14812,1.47976,97.6626,0.197997,0.000663677,0.470271,1.0346,0.376217,0.65838,0.282163,0.752434,0.282163,0.376217,0.65838,0.376217,0.188108,0.0940542,0.0940542,0.65838,0.564325,0,0,0.188108,0,0,0.0940542,0,0,0,0,0,0,0,0,0,0,0,0,0,0,0
68346,68349,68348,18.6,-104.809,40.0444,75.7925,-60.1,445.243,6.19786,1.00176,45.0435,0.134894,0.000215529,0.697259,0.542313,0.542313,0.542313,0.23242,0.0774733,0.0774733,0.309893,0.387366,0.46484,0.46484,0.23242,0.309893,0.929679,0.387366,0,0,0,0,0,0,0,0,0,0,0,0,0,0,0,0,0,0,0,0,0
68350,68352,68351,18.5,-104.809,40.0445,76.98,-60.2733,442.904,7.46739,1.52767,105.585,0.207346,0.000639081,1.11002,0.706375,0.201821,0.201821,0.504553,0.504553,0.403643,0.403643,0.807285,0.201821,0.403643,0.100911,0.302732,1.11002,0.100911,0.201821,0.100911,0,0,0,0,0,0.100911,0,0,0,0,0,0,0,0,0,0,0,0,0
68353,68356,68354,18.4,-104.81,40.0445,78.2275,-61.625,438.071,9.3638,1.30114,55.4954,0.127954,0.000255406,0.93638,0.93638,1.24851,0.702285,0.702285,0.93638,0.312127,0.234095,0.624253,0.46819,0.0780316,0.390158,0.546221,0.858348,0.312127,0.0780316,0,0,0,0,0,0,0,0,0,0,0,0,0,0,0,0,0,0,0,0
68357,68360,68358,18.3,-104.81,40.0444,79.65,-63.94,431.052,11.2259,1.80333,101.951,0.169605,0.000588329,1.84425,0.721665,0.96222,0.96222,0.80185,0.721665,0.882035,0.400925,0.561295,0.48111,0.400925,0.561295,0.400925,0.96222,0.240555,0.16037,0,0.080185,0,0,0,0.080185,0,0,0,0,0,0,0,0,0,0,0,0,0,0
68361,68363,68362,18.2,-104.81,40.0445,80.89,-64.8267,427.333,10.0171,1.29277,51.5599,0.11965,0.000210342,1.58164,0.948984,1.68708,0.210885,0.738099,0.632656,0.527214,0.421771,0.316328,0.632656,0.632656,0.316328,0.105443,0.948984,0.316328,0,0,0,0,0,0,0,0,0,0,0,0,0,0,0,0,0,0,0,0,0
68364,68367,68366,18.1,-104.81,40.0446,82.14,-64.62,425.891,10.8513,1.83908,123.617,0.20165,0.000481428,1.17101,0.702604,0.858738,0.858738,0.780671,0.858738,0.546469,0.936805,0.468402,0.312268,0.624536,0.312268,0.702604,1.32714,0.312268,0,0,0,0,0,0,0,0,0,0,0.0780671,0,0,0,0,0,0,0,0,0,0
68368,68370,68369,18,-104.809,40.0447,83.4167,-64.17,424.929,9.46121,1.3436,64.0186,0.142942,0.000334355,0.831754,1.14366,0.519846,1.03969,0.623816,0.727785,0.831754,0.415877,0.831754,0.311908,0.415877,0.519846,0.207939,0.831754,0,0.103969,0,0,0.103969,0,0,0,0,0,0,0,0,0,0,0,0,0,0,0,0,0
68371,68373,68372,17.9,-104.809,40.0448,84.51,-63.9733,423.748,12.3491,2.11091,118.576,0.168519,0.000689671,0.941878,1.36049,0.523265,1.36049,1.46514,0.837225,0.313959,0.732572,1.25584,0.418612,0.313959,0,0,2.40702,0.104653,0.104653,0,0,0.104653,0,0.104653,0,0,0,0,0,0,0,0,0,0,0,0,0,0,0
68374,68377,68376,17.8,-104.809,40.0449,85.7875,-64.785,420.304,10.4602,1.68668,99.6215,0.177191,0.000554515,1.24898,1.32704,0.936737,0.702552,1.0148,0.702552,0.54643,0.936737,0.156123,0.390307,0.390307,0.156123,0.156123,1.4051,0.234184,0,0,0,0,0,0.0780614,0.0780614,0,0,0,0,0,0,0,0,0,0,0,0,0,0
68378,68381,68380,17.7,-104.809,40.045,87.28,-65.23,417.345,12.301,1.72715,75.1312,0.130501,0.000339552,0.928374,1.39256,0.928374,1.0831,0.85101,0.773645,0.773645,0.928374,0.928374,0.696281,0.541552,0.309458,0.386823,1.54729,0.154729,0,0,0,0.0773645,0,0,0,0,0,0,0,0,0,0,0,0,0,0,0,0,0
68382,68385,68384,17.6,-104.808,40.0451,88.7625,-65.25,415.298,11.9587,1.68384,78.297,0.139497,0.000392306,1.18014,1.10146,1.49484,1.41617,0.472056,0.629407,0.629407,1.25881,0.629407,0.39338,0.472056,0.39338,0.314704,1.25881,0.157352,0.0786759,0,0,0,0.0786759,0,0,0,0,0,0,0,0,0,0,0,0,0,0,0,0
68386,68389,68388,17.5,-104.808,40.0452,90.2925,-64.5825,414.6,11.633,1.60101,66.6528,0.124896,0.000292069,1.39596,0.853086,1.31841,1.1633,1.08575,0.620426,0.775532,0.697979,0.310213,0.465319,0.542873,0.310213,0.155106,1.62862,0.23266,0.0775532,0,0,0,0,0,0,0,0,0,0,0,0,0,0,0,0,0,0,0,0
68390,68393,68392,17.4,-104.808,40.0454,91.835,-63.7425,414.261,10.8571,1.29101,46.9741,0.109157,0.000157031,0.702979,1.01541,1.71839,1.71839,0.937305,0.781087,0.234326,0.781087,0.468652,0.546761,0.312435,0.312435,0.156217,1.09352,0.0781087,0,0,0,0,0,0,0,0,0,0,0,0,0,0,0,0,0,0,0,0,0
68394,68396,68395,17.3,-104.808,40.0455,93.17,-63.3867,413.259,11.2904,1.58664,69.7812,0.131941,0.000332095,0.725071,1.55372,1.55372,0.725071,0.725071,0.932234,0.725071,0.517908,0.517908,0.310745,0.103582,0.725071,0.414326,1.55372,0.103582,0,0,0.103582,0,0,0,0,0,0,0,0,0,0,0,0,0,0,0,0,0,0
68397,68400,68398,17.2,-104.808,40.0455,94.59,-63.8475,410.576,12.0242,1.65168,85.4001,0.155115,0.000387701,2.04333,1.17884,1.10025,1.02166,1.41461,0.864485,0.471537,0.235769,0.550127,0.392948,0.471537,0.471537,0.235769,1.41461,0.0785895,0,0,0,0,0,0,0,0.0785895,0,0,0,0,0,0,0,0,0,0,0,0,0
68401,68404,68402,17.1,-104.807,40.0457,96.225,-64.3575,407.572,12.7118,1.66475,66.6856,0.120172,0.000273133,1.07858,1.77195,1.46378,1.07858,0.847454,0.847454,0.693371,0.61633,0.847454,0.385206,0.462247,0.770412,0.462247,0.924495,0.462247,0,0,0,0,0,0,0,0,0,0,0,0,0,0,0,0,0,0,0,0,0
68405,68409,68407,17,-104.807,40.046,97.814,-64.276,405.829,12.9522,1.81043,81.4795,0.135017,0.00040043,1.54193,1.60361,1.3569,1.48026,1.17187,0.740128,0.493419,0.370064,0.678451,0.493419,0.185032,0.555096,0.370064,1.41858,0.370064,0.0616773,0,0,0.0616773,0,0,0,0,0,0,0,0,0,0,0,0,0,0,0,0,0
68410,68413,68412,16.9,-104.807,40.0463,99.435,-64.05,404.365,12.063,1.51811,62.9833,0.124464,0.000284647,1.52798,1.28672,1.28672,1.44756,1.36714,0.723779,0.804199,0.4021,0.24126,0.643359,0.4021,0.562939,0.16084,0.965039,0.0804199,0.0804199,0.0804199,0,0,0,0,0,0,0,0,0,0,0,0,0,0,0,0,0,0,0
68414,68418,68416,16.8,-104.807,40.0465,101.05,-64.456,401.725,10.8835,1.36719,54.5933,0.119793,0.000228833,1.68519,1.05324,1.05324,0.91281,1.05324,0.702162,0.983026,0.491513,0.631946,0.351081,0.280865,0.421297,0,0.983026,0.210649,0.0702162,0,0,0,0,0,0,0,0,0,0,0,0,0,0,0,0,0,0,0,0
68419,68422,68420,16.7,-104.807,40.0466,102.778,-64.7775,399.173,11.4415,1.44949,58.6095,0.121304,0.000250928,1.95126,1.59649,0.886936,1.24171,0.886936,0.620856,0.532162,0.443468,0.532162,0.443468,0.354775,0.266081,0.177387,1.24171,0.177387,0.0886936,0,0,0,0,0,0,0,0,0,0,0,0,0,0,0,0,0,0,0,0
68423,68426,68424,16.6,-104.807,40.0466,104.362,-64.6625,397.648,8.49037,1.09236,43.0095,0.118119,0.000171086,0.962825,0.525177,1.05035,0.700237,0.875296,0.437648,0.787766,0.525177,0.525177,0.525177,0.262589,0.175059,0.175059,0.700237,0.262589,0,0,0,0,0,0,0,0,0,0,0,0,0,0,0,0,0,0,0,0,0
68427,68430,68428,16.5,-104.806,40.0468,105.975,-63.83,397.492,12.1289,1.65701,97.3145,0.176187,0.000446605,1.38616,1.9926,1.73269,1.12625,1.03962,0.779712,0.693078,1.12625,0.346539,0.346539,0.173269,0.0866347,0.173269,0.779712,0.173269,0.0866347,0,0,0,0,0,0,0,0.0866347,0,0,0,0,0,0,0,0,0,0,0,0
68431,68434,68432,16.4,-104.806,40.0469,107.66,-62.9725,397.319,13.2741,1.92519,95.114,0.148215,0.000540066,2.03536,1.59289,1.32741,1.15042,0.796446,0.530964,0.796446,0.973434,0.707952,0.530964,0.265482,0.530964,0.619458,0.796446,0.176988,0.353976,0,0,0.088494,0,0,0,0,0,0,0,0,0,0,0,0,0,0,0,0,0
68435,68438,68436,16.3,-104.806,40.0471,109.29,-62.54,396.432,11.6105,2.22198,267.465,0.361118,0.000658185,1.38633,1.38633,1.55962,1.73291,0.60652,0.60652,0.259937,0.693166,0.779811,0.433228,0.173291,0.173291,0.0866457,1.29969,0.346583,0,0,0,0,0,0,0,0,0,0,0,0,0,0,0,0.0866457,0,0,0,0,0
68439,68443,68441,16.2,-104.805,40.0473,111.168,-62.994,393.663,11.7251,1.51613,63.1239,0.124905,0.000286104,1.59572,1.45696,1.38758,1.17944,0.971307,1.17944,0.346895,0.76317,0.346895,0.138758,0.485654,0.208137,0.208137,0.971307,0.416275,0.0693791,0,0,0,0,0,0,0,0,0,0,0,0,0,0,0,0,0,0,0,0
68444,68447,68446,16.1,-104.804,40.0475,113.053,-62.775,392.18,15.4197,2.35476,125.821,0.160298,0.000714963,1.62763,2.91261,0.942314,1.37064,1.02798,1.28497,0.599655,0.599655,1.19931,0.256995,0.51399,0.34266,0.34266,1.79896,0.256995,0.17133,0,0,0,0.0856649,0.0856649,0,0,0,0,0,0,0,0,0,0,0,0,0,0,0
68448,68452,68450,16,-104.804,40.0476,114.938,-62.466,390.91,13.0763,2.09417,179.528,0.257182,0.000527755,1.46065,2.01709,1.32154,1.39109,0.904212,0.904212,0.625993,0.556438,0.556438,0.486883,0.556438,0.417328,0.556438,1.11288,0.0695547,0,0,0,0,0,0.0695547,0,0,0,0,0,0,0,0.0695547,0,0,0,0,0,0,0
68453,68456,68454,15.9,-104.803,40.0478,116.825,-61.88,390.171,11.0727,1.41953,59.0686,0.124834,0.000262222,1.54503,1.20169,0.858351,0.858351,1.28753,0.51501,0.51501,0.772516,0.772516,0.429175,0.257505,0.686681,0.257505,0.944186,0.0858351,0,0,0.0858351,0,0,0,0,0,0,0,0,0,0,0,0,0,0,0,0,0,0
68457,68460,68458,15.8,-104.803,40.0481,118.532,-61.52,389.219,14.3176,1.83307,77.4479,0.126751,0.00034181,1.99579,1.6487,1.82224,1.6487,1.12806,0.433867,0.607414,0.780961,0.780961,0.694188,0.520641,0.173547,0.173547,1.73547,0.0867735,0,0,0,0.0867735,0,0,0,0,0,0,0,0,0,0,0,0,0,0,0,0,0
68461,68464,68462,15.7,-104.802,40.0484,120.185,-61.1,388.454,12.5643,1.86398,125.036,0.20124,0.000460755,1.37691,1.8072,1.72114,1.11874,0.860571,0.430285,0.774514,0.860571,0.430285,0.344228,1.03268,0.258171,0.258171,0.946628,0.258171,0,0,0,0,0,0,0,0,0,0,0.0860571,0,0,0,0,0,0,0,0,0,0
68465,68469,68467,15.6,-104.802,40.0487,122.074,-60.224,388.325,14.3149,1.73189,68.1176,0.117994,0.00027796,1.927,1.51408,1.78936,1.37643,1.72054,0.963502,1.03232,0.481751,0.275286,0.688216,0.481751,0.619394,0,1.16997,0.206465,0,0.0688216,0,0,0,0,0,0,0,0,0,0,0,0,0,0,0,0,0,0,0
68470,68474,68472,15.5,-104.802,40.0491,124.12,-59.54,387.727,13.2124,1.71004,79.2569,0.139044,0.000351694,2.25911,1.50607,1.23224,1.50607,1.09533,1.02687,0.342289,0.821494,0.547663,0.273831,0.273831,0.205373,0.410747,1.57453,0.0684578,0,0,0,0,0,0,0.0684578,0,0,0,0,0,0,0,0,0,0,0,0,0,0
68475,68479,68477,15.4,-104.801,40.0493,126.294,-59.456,385.958,12.3132,1.93259,115.111,0.178689,0.000653492,1.62372,1.42075,1.48841,1.21779,0.744203,0.811858,0.608894,0.744203,0.744203,0.473584,0.13531,0.338274,0.13531,1.42075,0.13531,0,0.0676549,0,0.0676549,0.0676549,0,0,0.0676549,0,0,0,0,0,0,0,0,0,0,0,0,0
68480,68483,68482,15.3,-104.801,40.0495,128.26,-58.795,385.444,11.265,1.51594,67.3953,0.133374,0.000335758,1.28989,1.28989,1.2039,1.46188,0.859927,0.601949,0.773934,0.773934,0.515956,0.343971,0,0.601949,0.343971,0.687942,0.429963,0,0,0.0859927,0,0,0,0,0,0,0,0,0,0,0,0,0,0,0,0,0,0
68484,68488,68486,15.2,-104.8,40.0497,130.272,-58.362,384.51,11.8742,1.76109,84.3778,0.143737,0.000460213,1.65687,1.38072,1.17362,0.966507,0.621326,0.828434,0.759398,0.55229,0.414217,0.414217,0.55229,0.276145,0.483253,1.31169,0.207109,0.0690362,0.207109,0,0,0,0,0,0,0,0,0,0,0,0,0,0,0,0,0,0,0
68489,68493,68491,15.1,-104.8,40.0498,132.542,-59.184,381.158,12.9026,1.83787,102.808,0.167816,0.000483502,1.62981,1.62981,1.29026,0.882811,1.22235,1.08654,0.611177,1.22235,0.47536,0.543268,0.407451,0.339543,0.0679086,1.15445,0.203726,0,0,0,0.0679086,0,0,0,0,0.0679086,0,0,0,0,0,0,0,0,0,0,0,0
68494,68497,68496,15,-104.799,40.0497,134.42,-59.7225,378.671,11.8544,1.84925,95.6004,0.155091,0.00054902,0.592722,1.27012,1.27012,1.10077,1.18544,0.592722,0.931421,1.27012,0.338698,0.423373,0.592722,0.423373,0.169349,1.10077,0.338698,0.0846746,0,0.0846746,0,0.0846746,0,0,0,0,0,0,0,0,0,0,0,0,0,0,0,0
68498,68502,68500,14.9,-104.798,40.0496,136.352,-59.702,377.162,11.053,1.46122,64.2331,0.131875,0.000294671,1.14573,1.61751,1.07834,0.673961,1.21313,0.673961,0.539169,0.606565,0.404377,0.471773,0.539169,0.471773,0.404377,1.01094,0.134792,0,0,0,0,0.0673961,0,0,0,0,0,0,0,0,0,0,0,0,0,0,0,0
68503,68508,68506,14.8,-104.797,40.0493,138.705,-59.375,375.903,11.1425,1.62516,76.4339,0.141095,0.000410939,1.69683,1.3009,1.0181,0.791852,0.67873,0.735291,0.67873,0.565609,0.339365,0.62217,0.452487,0.395926,0.226243,1.18778,0.169683,0.169683,0.113122,0,0,0,0,0,0,0,0,0,0,0,0,0,0,0,0,0,0,0
