api/data/B2SAP/Locations/Boulder/NOAA-POPS-B2SAP_GMLBalloon_20231221_R0.ict
82,1001
Thornberry, T. D.
NOAA Chemical Sciences Laboratory
Portable Optical Particle Spectrometer (POPS)
Balloon Baseline Stratospheric Aerosol Profiles (B2SAP)
1,1
2023,12,21,2024,05,28
0
TIME_START,s,Seconds since midnight UTC on flight start day,Start time of 100 m altitude bin in UTC_seconds_since_midnight
49
1.0,1.0,1.0,1.0,1.0,1.0,1.0,1.0,1.0,1.0,1.0,1.0,1.0,1.0,1.0,1.0,1.0,1.0,1.0,1.0,1.0,1.0,1.0,1.0,1.0,1.0,1.0,1.0,1.0,1.0,1.0,1.0,1.0,1.0,1.0,1.0,1.0,1.0,1.0,1.0,1.0,1.0,1.0,1.0,1.0,1.0,1.0,1.0,1.0
99999,99999,99999,99999,99999,99999,99999,99999,99999,99999,99999,99999,99999,99999,99999,99999,99999,99999,99999,99999,99999,99999,99999,99999,99999,99999,99999,99999,99999,99999,99999,99999,99999,99999,99999,99999,99999,99999,99999,99999,99999,99999,99999,99999,99999,99999,99999,99999,99999
TIME_STOP,s,End time of 100 m altitude bin in UTC seconds since midnight,
TIME_MID,s,Mid time of 100 m altitude in UTC seconds since midnight,
GPSAlt,km,GPS reported altitude above sea level (km),
GPS_Lon,deg,GPS reported longitude,
GPS_Lat,deg,GPS reported latitude,
iMet_Pressure,hPa,Pressure reported (hPa),
iMet_Temperature,degrees C,Ambient temperature (oC),
THETA,K,Potential temperature from iMet,
Aerosol_concentration,cm^-3,Aerosol concentration,
Surface_Area_Conc,um^2 cm^-3,Surface area concentration,
Volume_density,um^3 cm^-3,Volume density,
Effective_radius,um,Effective radius,
Extinction,km^-1,Extinction,
Bin01,cm^-3,particle concentration in size range [140 - 146.14 nm],
Bin02,cm^-3,particle concentration in size range [146.14 - 152.56 nm],
Bin03,cm^-3,particle concentration in size range [152.56 - 159.25 nm],
Bin04,cm^-3,particle concentration in size range [159.25 - 166.24 nm],
Bin05,cm^-3,particle concentration in size range [166.24 - 173.54 nm],
Bin06,cm^-3,particle concentration in size range [173.54 - 181.16 nm],
Bin07,cm^-3,particle concentration in size range [181.16 - 189.11 nm],
Bin08,cm^-3,particle concentration in size range [189.11 - 197.41 nm],
Bin09,cm^-3,particle concentration in size range [197.41 - 206.07 nm],
Bin10,cm^-3,particle concentration in size range [206.07 - 215.12 nm],
Bin11,cm^-3,particle concentration in size range [215.12 - 224.56 nm],
Bin12,cm^-3,particle concentration in size range [224.56 - 234.41 nm],
Bin13,cm^-3,particle concentration in size range [234.41 - 244.70 nm],
Bin14,cm^-3,particle concentration in size range [244.70 - 361.30 nm],
Bin15,cm^-3,particle concentration in size range [361.30 - 472.80 nm],
Bin16,cm^-3,particle concentration in size range [472.80 - 567.00 nm],
Bin17,cm^-3,particle concentration in size range [567.00 - 610.66 nm],
Bin18,cm^-3,particle concentration in size range [610.66 - 657.69 nm],
Bin19,cm^-3,particle concentration in size range [657.69 - 708.33 nm],
Bin20,cm^-3,particle concentration in size range [708.33 - 762.88 nm],
Bin21,cm^-3,particle concentration in size range [762.88 - 821.62 nm],
Bin22,cm^-3,particle concentration in size range [821.62 - 884.89 nm],
Bin23,cm^-3,particle concentration in size range [884.89 - 953.03 nm],
Bin24,cm^-3,particle concentration in size range [953.03 - 1026.42 nm],
Bin25,cm^-3,particle concentration in size range [1026.42 - 1105.46 nm],
Bin26,cm^-3,particle concentration in size range [1105.46 - 1190.59 nm]],
[...]
LOCATION: Boulder, CO, USA
ASSOCIATED_DATA: N/A
INSTRUMENT_INFO: Printed Optical Particle Spectrometer counts particles from 140 - 2500 nm in diameter 
DATA_INFO: Particle concentrations reported in number per cubic centimeter, binned to 100 m altitude
UNCERTAINTY: Counting uncertainty dominated by air flow, less than 5 percent
ULOD_FLAG: -77777
ULOD_VALUE: 3000 ~3000 per cm3 (varies depending on flow rate- manufacturer quotes 1250  per cm3 at 1.667 cc/s)
LLOD_FLAG: -88888
LLOD_VALUE: 0 0 (varies depending on data field and measurement precision)
DM_CONTACT_INFO: Troy Thornberry, 325 Broadway R/CSL6, Boulder, CO 80305; troy.thornberry@noaa.gov; 303-497-3373
PROJECT_INFO: B2SAP Boulder, CO, USA
STIPULATIONS_ON_USE: Please contact the PIs for questions regarding applications and uncertainties
OTHER_COMMENTS: POPS bin Edges (nm):  140, 146.14, 152.56, 159.25, 166.24, 173.54, 181.16, 189.11, 197.41, 206.07, 215.12, 224.56, 234.41, 244.70, 361.30, 472.80, 567.00, 610.66, 657.69, 708.33, 762.88, 821.62, 884.89, 953.03, 1026.42, 1105.46, 1190.59, 1282.27, 1381.01, 1487.36, 1601.89, 1725.25, 1858.10, 2001.18, 2155.28, 2321.25, 2500
Calculations assume sulfate refractive index of 1.45+0.00j and extinction wavelength = 532 nm
REVISION: R0
R0: QA/QC data
TIME_START,TIME_STOP,TIME_MID,GPSAlt,GPS_Lon,GPS_Lat,iMet_Pressure,iMet_Temperature,THETA,Aerosol_concentration,Surface_Area_Conc,Volume_density,Effective_radius,Extinction,Bin01,Bin02,Bin03,Bin04,Bin05,Bin06,Bin07,Bin08,Bin09,Bin10,Bin11,Bin12,Bin13,Bin14,Bin15,Bin16,Bin17,Bin18,Bin19,Bin20,Bin21,Bin22,Bin23,Bin24,Bin25,Bin26,Bin27,Bin28,Bin29,Bin30,Bin31,Bin32,Bin33,Bin34,Bin35,Bin36
[from data line 400]
70920,70945,70932,15.8,-104.809,40.0079,109.584,-56.0746,408.291,6.38858,1.54367,108.562,0.21098,0.000754652,0.64401,0.540968,0.515208,0.540968,0.450807,0.334885,0.360645,0.206083,0.193203,0.347765,0.206083,0.0901613,0.115922,0.850093,0.540968,0.206083,0.0515208,0.0386406,0.064401,0.0257604,0.0257604,0.0257604,0.0128802,0,0,0,0,0,0,0,0,0,0,0,0,0
70946,70971,70958,15.7,-104.805,40.0094,111.319,-56.575,405.527,7.25024,1.35462,78.2666,0.173333,0.000507186,0.898145,0.754963,0.533681,0.468598,0.637813,0.481614,0.429548,0.338432,0.221282,0.377481,0.247315,0.169216,0.117149,0.859095,0.403515,0.169216,0.0390498,0.0390498,0.0390498,0.0260332,0,0,0,0,0,0,0,0,0,0,0,0,0,0,0,0
70972,70998,70985,15.6,-104.8,40.0113,113.052,-57.2911,402.406,7.47588,1.41457,86.9749,0.184456,0.000572141,0.926658,0.763867,0.801434,0.588553,0.601076,0.41324,0.325583,0.36315,0.262971,0.36315,0.112702,0.237926,0.212881,0.826479,0.275493,0.212881,0.0626121,0.0626121,0.0125224,0.0125224,0.0250448,0,0.0125224,0,0,0,0,0,0,0,0,0,0,0,0,0
70998,71024,71011,15.5,-104.796,40.0134,114.799,-57.8923,399.531,8.18911,1.34938,78.816,0.175227,0.000457692,1.11039,0.863635,0.740259,0.709415,0.586038,0.370129,0.67857,0.478084,0.462662,0.323863,0.200487,0.262175,0.200487,0.663148,0.323863,0.107954,0.0154221,0,0.0154221,0.0308441,0,0.0154221,0.0308441,0,0,0,0,0,0,0,0,0,0,0,0,0
71024,71049,71036,15.4,-104.792,40.015,116.76,-57.8438,397.689,8.50357,1.39108,76.9165,0.165878,0.000466224,1.1165,0.921761,0.934743,0.636145,0.506319,0.454389,0.584215,0.376494,0.441407,0.389476,0.285616,0.181756,0.350529,0.830883,0.220703,0.129825,0.0389476,0.0259651,0,0.0519302,0.0259651,0,0,0,0,0,0,0,0,0,0,0,0,0,0,0
71051,71077,71064,15.3,-104.788,40.0157,118.613,-57.0444,397.377,9.72803,1.45074,69.1034,0.1429,0.000373713,1.16436,0.951519,0.989079,0.813799,0.738679,0.763719,0.638519,0.563399,0.438199,0.425679,0.26292,0.28796,0.21284,0.964039,0.30048,0.15024,0.0375599,0,0.02504,0,0,0,0,0,0,0,0,0,0,0,0,0,0,0,0,0
71078,71102,71090,15.2,-104.784,40.0163,120.489,-56.2496,397.052,9.90305,1.51306,85.2077,0.168945,0.000496626,1.33388,1.34735,1.1183,0.808413,0.754518,0.538942,0.660204,0.538942,0.471574,0.296418,0.309891,0.282944,0.22905,0.727571,0.202103,0.148209,0.0134735,0.0269471,0,0.0404206,0.0134735,0.0269471,0.0134735,0,0,0,0,0,0,0,0,0,0,0,0,0
71102,71127,71114,15.1,-104.78,40.0166,122.4,-55.44,396.747,10.5106,1.49347,70.9046,0.142429,0.000381479,1.57054,1.32892,1.04703,0.711443,0.926218,0.684596,0.630902,0.604055,0.469821,0.335586,0.34901,0.255046,0.120811,1.04703,0.174505,0.201352,0.0134235,0.0134235,0.0134235,0,0.0134235,0,0,0,0,0,0,0,0,0,0,0,0,0,0,0
71128,71151,71140,15,-104.776,40.0166,124.279,-54.7025,396.362,10.6081,1.45277,67.865,0.140143,0.000346046,1.4079,1.26851,1.21275,0.947895,0.947895,0.906076,0.460008,0.529706,0.362431,0.362431,0.292732,0.37637,0.264853,0.878197,0.223034,0.111517,0,0.0139396,0.0139396,0.0139396,0,0.0139396,0,0,0,0,0,0,0,0,0,0,0,0,0,0
71151,71177,71164,14.9,-104.771,40.0168,126.204,-53.9088,396.061,11.9373,1.72866,87.6616,0.152133,0.000455906,1.65389,1.38713,1.25375,0.813605,0.973659,0.746917,0.720241,0.653552,0.533512,0.600201,0.346783,0.466823,0.253418,1.08036,0.266756,0.0533512,0.0533512,0.0133378,0.0266756,0,0,0.0133378,0.0266756,0,0,0,0,0,0,0,0,0,0,0,0,0
71178,71200,71189,14.8,-104.766,40.0171,128.168,-53.3339,395.348,13.6061,2.01497,103.349,0.153872,0.00056302,1.80932,1.44746,1.43298,1.27376,1.02769,0.955322,0.825051,0.752678,0.50661,0.448712,0.405288,0.593458,0.303966,1.23034,0.303966,0.130271,0.0578983,0.0434237,0.0144746,0,0,0.0289492,0.0144746,0,0,0,0,0,0,0,0,0,0,0,0,0
71201,71223,71212,14.7,-104.761,40.0176,130.165,-52.9314,394.328,15.3175,2.22795,111.148,0.149664,0.000595166,2.17963,1.77377,1.54829,1.17249,1.17249,1.0823,0.94701,0.796691,0.661404,0.571213,0.465989,0.481021,0.405862,1.42803,0.300638,0.225479,0.0150319,0.0300638,0,0.0150319,0.0150319,0.0150319,0.0150319,0,0,0,0,0,0,0,0,0,0,0,0,0
71224,71248,71236,14.6,-104.755,40.0186,132.26,-53.5376,391.453,16.6312,2.21774,102.906,0.139204,0.000493921,1.99945,2.10538,1.85379,1.54924,1.40359,1.36386,0.820966,0.834207,0.728276,0.529656,0.622345,0.582621,0.47669,1.3109,0.211862,0.172138,0,0.0132414,0,0,0.0264828,0,0.0264828,0,0,0,0,0,0,0,0,0,0,0,0,0
71248,71272,71260,14.5,-104.749,40.0206,134.227,-54.4208,388.237,15.3277,2.13703,102.373,0.143713,0.000522113,2.04463,1.78035,1.5439,1.41872,1.27963,0.904086,1.05709,0.84845,0.70936,0.528543,0.389453,0.445089,0.486816,1.3909,0.250362,0.111272,0.0695451,0,0.027818,0.013909,0,0.013909,0.013909,0,0,0,0,0,0,0,0,0,0,0,0,0
71273,71294,71284,14.4,-104.743,40.0226,136.331,-55.07,385.367,14.5364,2.03102,99.2894,0.14666,0.000513307,1.77718,1.65567,1.38225,1.62529,1.32149,0.941755,1.00251,0.7291,0.713911,0.546825,0.410119,0.531636,0.197465,1.1696,0.258223,0.167086,0.0151896,0.0303792,0.0303792,0,0,0,0.0303792,0,0,0,0,0,0,0,0,0,0,0,0,0
71295,71315,71305,14.3,-104.737,40.0242,138.396,-54.6743,384.41,14.0233,1.85609,84.9953,0.137378,0.000418842,1.95342,1.7946,1.61991,1.1117,1.06406,1.03229,1.03229,0.66702,0.714664,0.492324,0.44468,0.317629,0.206459,1.14346,0.269984,0.0476443,0.0317629,0.0317629,0.0158814,0,0.0158814,0.0158814,0,0,0,0,0,0,0,0,0,0,0,0,0,0
71317,71338,71328,14.2,-104.731,40.0257,140.538,-53.681,384.468,13.9331,1.86661,84.7037,0.136135,0.000413733,1.77702,1.44678,1.3367,1.55686,1.11654,1.19517,0.786293,0.849197,0.691938,0.45605,0.408873,0.534679,0.204436,1.17944,0.157259,0.141533,0.0629035,0.0157259,0,0,0,0,0.0157259,0,0,0,0,0,0,0,0,0,0,0,0,0
71340,71363,71352,14.1,-104.724,40.0274,142.825,-53.8054,382.483,13.2685,1.95957,103.966,0.159167,0.000566833,1.6534,1.83252,1.4605,1.03337,1.10227,1.0196,0.647581,0.66136,0.592468,0.41335,0.523576,0.33068,0.344458,1.03337,0.316902,0.179118,0.041335,0.0137783,0,0,0.0275567,0,0.041335,0,0,0,0,0,0,0,0,0,0,0,0,0
71364,71391,71378,14,-104.716,40.0292,145.02,-52.9889,382.241,12.873,1.7699,83.2833,0.141166,0.000448386,1.65352,1.48204,1.51879,1.50654,0.906374,0.967616,0.661408,0.624663,0.551174,0.465436,0.428691,0.330704,0.367449,0.894126,0.244966,0.159228,0.0122483,0.0734898,0,0.0244966,0,0,0,0,0,0,0,0,0,0,0,0,0,0,0,0
71391,71420,71406,13.9,-104.708,40.0316,147.26,-53.0686,380.43,12.9563,1.96844,105.445,0.160704,0.000614531,1.77608,1.74192,1.27513,1.11574,1.18405,0.785573,0.785573,0.478175,0.637567,0.46679,0.44402,0.307398,0.250473,0.967735,0.398479,0.170777,0.0341554,0.0341554,0.0455405,0.0227702,0.0113851,0.0113851,0.0113851,0,0,0,0,0,0,0,0,0,0,0,0,0
71422,71454,71438,13.8,-104.7,40.0348,149.537,-53.4336,378.138,12.0455,1.79799,96.3632,0.160785,0.000557125,1.7638,1.49493,1.36587,1.10775,0.881901,0.774352,0.677558,0.548499,0.52699,0.397931,0.430196,0.354911,0.193588,0.957185,0.236608,0.172078,0.0322647,0,0.0752842,0.0215098,0.0107549,0.0107549,0.0107549,0,0,0,0,0,0,0,0,0,0,0,0,0
71455,71487,71471,13.7,-104.692,40.0386,151.907,-54.6487,374.36,11.2479,1.5309,71.5973,0.140304,0.000375638,1.67387,1.43294,1.30613,0.963745,0.874979,0.773532,0.74817,0.494553,0.405787,0.380426,0.367745,0.317021,0.253617,0.773532,0.278979,0.139489,0.0253617,0,0,0.0253617,0.0126809,0,0,0,0,0,0,0,0,0,0,0,0,0,0,0
71488,71518,71503,13.6,-104.686,40.0414,154.332,-54.6968,372.588,11.4071,1.74544,91.1593,0.156682,0.000515651,1.51768,1.40753,1.2729,1.04035,1.00363,0.538533,0.636448,0.440618,0.514054,0.428378,0.330463,0.281506,0.281506,1.05259,0.39166,0.171351,0.0367181,0,0,0.0122394,0.0244788,0.0244788,0,0,0,0,0,0,0,0,0,0,0,0,0,0
71519,71549,71534,13.5,-104.681,40.0434,156.769,-54.8465,370.67,11.3545,1.66823,85.9109,0.154495,0.000485951,1.65179,1.3459,1.05225,1.05225,1.06449,0.844249,0.599539,0.562833,0.367065,0.428242,0.318123,0.354829,0.24471,0.942133,0.269181,0.097884,0.0367065,0.048942,0.0367065,0.024471,0,0,0.0122355,0,0,0,0,0,0,0,0,0,0,0,0,0
71550,71580,71565,13.4,-104.675,40.0451,159.256,-54.9452,368.84,11.1639,1.86428,105.042,0.169034,0.000655635,1.70339,1.43379,0.88233,0.784293,1.04164,0.735275,0.624984,0.624984,0.269601,0.416656,0.281855,0.183819,0.220583,1.18869,0.318619,0.269601,0.0490183,0.0735275,0.0122546,0.0245092,0.0122546,0,0.0122546,0,0,0,0,0,0,0,0,0,0,0,0,0
71581,71607,71594,13.3,-104.668,40.0462,161.716,-54.92,367.272,11.076,1.73166,96.6497,0.16744,0.000583204,1.67264,1.37747,1.26503,0.84335,0.885518,0.773071,0.660624,0.407619,0.407619,0.323284,0.379508,0.365452,0.182726,0.91363,0.267061,0.140558,0.0702792,0.0421675,0.0421675,0.0140558,0.0281117,0,0.0140558,0,0,0,0,0,0,0,0,0,0,0,0,0
71608,71631,71620,13.2,-104.661,40.0473,164.247,-54.792,365.859,11.3066,1.5717,75.5,0.144112,0.000397553,1.59999,1.31047,1.15809,1.17333,0.944757,0.914281,0.777139,0.411426,0.411426,0.365712,0.289522,0.274284,0.213332,1.05142,0.213332,0.106666,0.015238,0.015238,0.030476,0.015238,0,0.015238,0,0,0,0,0,0,0,0,0,0,0,0,0,0
71633,71655,71644,13.1,-104.655,40.0489,166.811,-54.4983,364.734,11.6367,1.49596,65.4729,0.131299,0.000325002,1.64593,1.53072,1.13569,1.15215,1.11923,0.938182,0.839426,0.641914,0.362105,0.345646,0.24689,0.378564,0.148134,0.74067,0.213971,0.148134,0.0164593,0.0164593,0.0164593,0,0,0,0,0,0,0,0,0,0,0,0,0,0,0,0,0
71656,71678,71667,13,-104.648,40.051,169.421,-54.6209,362.918,11.826,1.56905,71.9503,0.137568,0.000370086,1.69649,1.33413,1.59767,1.15296,1.02119,0.774127,0.708244,0.527065,0.543536,0.378828,0.296474,0.263533,0.164708,0.988247,0.181179,0.115296,0.0164708,0.0164708,0.0164708,0.0329416,0,0,0,0,0,0,0,0,0,0,0,0,0,0,0,0
71679,71703,71691,12.9,-104.641,40.0536,172.087,-54.558,361.405,12.38,1.54044,68.0432,0.132514,0.000312245,1.91505,2.00553,1.1611,1.28173,1.05554,0.919829,0.512692,0.482533,0.573008,0.497612,0.331742,0.256346,0.271425,0.738879,0.271425,0.0603167,0.0150792,0,0,0,0.0150792,0,0.0150792,0,0,0,0,0,0,0,0,0,0,0,0,0
71704,71731,71718,12.8,-104.634,40.0564,174.799,-53.98,360.744,11.5003,1.56073,72.5606,0.139474,0.000377568,1.79946,1.61004,1.12297,1.19062,1.08238,0.838844,0.54119,0.487071,0.338244,0.311184,0.297654,0.216476,0.230006,0.906493,0.338244,0.121768,0.0405892,0.0135297,0,0,0,0.0135297,0,0,0,0,0,0,0,0,0,0,0,0,0,0
71732,71760,71746,12.7,-104.627,40.0592,177.52,-54.3593,358.535,11.7599,1.85533,104.243,0.168557,0.000612604,1.69122,1.32413,1.10126,0.891496,1.16681,0.839055,0.707953,0.707953,0.471968,0.314646,0.275315,0.340866,0.288425,0.970157,0.288425,0.196654,0.0655512,0.0262205,0.0393307,0.0131102,0,0,0.0393307,0,0,0,0,0,0,0,0,0,0,0,0,0
71761,71794,71778,12.6,-104.619,40.0627,180.409,-54.4127,356.797,11.6715,1.94262,108.447,0.167475,0.000668086,1.51742,1.32774,1.01161,1.176,0.897807,0.796646,0.670194,0.543742,0.493162,0.404646,0.354065,0.240258,0.227613,1.22658,0.354065,0.240258,0.0632259,0.0379355,0.0252903,0.0252903,0.0252903,0.0126452,0,0,0,0,0,0,0,0,0,0,0,0,0,0
71795,71828,71812,12.5,-104.614,40.0664,183.146,-54.6909,354.815,12.452,2.03591,115.492,0.170183,0.000696473,1.73593,1.56901,1.26856,0.867965,1.05714,0.867965,0.734432,0.667666,0.500749,0.367216,0.356088,0.2003,0.289322,1.11278,0.433983,0.233683,0.0556388,0.0445111,0.0333833,0.0111278,0.0111278,0,0.0333833,0,0,0,0,0,0,0,0,0,0,0,0,0
71829,71858,71844,12.4,-104.609,40.0698,186.019,-54.4903,353.565,12.3882,2.18165,129.983,0.17874,0.000822021,1.73617,1.55342,1.10958,0.796289,1.01821,0.913775,0.639642,0.561319,0.482995,0.339402,0.404672,0.378564,0.234971,1.24012,0.469941,0.261078,0.0522157,0.0783235,0.0391618,0.0130539,0.0261078,0.0261078,0.0130539,0,0,0,0,0,0,0,0,0,0,0,0,0
71859,71887,71873,12.3,-104.605,40.0722,188.901,-55.6352,350.172,13.696,2.37974,141.812,0.178774,0.00084569,1.68586,1.63359,1.2938,1.0847,1.00629,0.914809,0.744916,0.797191,0.548885,0.431267,0.392061,0.365924,0.326717,1.47676,0.522748,0.274443,0.0392061,0.0261374,0.0392061,0.0130687,0,0.0130687,0.0653435,0,0,0,0,0,0,0,0,0,0,0,0,0
71888,71914,71901,12.2,-104.6,40.0739,191.879,-56.5356,347.168,13.4117,2.32229,139.94,0.180778,0.000856431,1.46978,1.55457,1.30019,0.975142,1.173,0.777287,0.90448,0.749022,0.706625,0.5653,0.39571,0.367445,0.39571,1.14473,0.381577,0.325047,0.0423975,0.0423975,0.0423975,0,0.0141325,0.05653,0.028265,0,0,0,0,0,0,0,0,0,0,0,0,0
71916,71942,71929,12.1,-104.595,40.0754,195.257,-57.4078,344.049,14.0995,2.30102,130.657,0.170346,0.000777152,1.68129,1.59806,1.74788,1.04873,1.09866,0.98214,0.665857,0.69915,0.499393,0.599272,0.399514,0.432807,0.432807,1.43159,0.366222,0.199757,0.0332929,0,0.0665857,0.0166464,0.0665857,0.0332929,0,0,0,0,0,0,0,0,0,0,0,0,0,0
71943,71974,71958,12,-104.59,40.0762,198.149,-57.7238,342.105,13.8022,2.14028,112.441,0.157607,0.000645192,1.93231,1.74028,1.51224,1.06817,1.09217,0.924147,0.852135,0.444071,0.612097,0.540086,0.204032,0.300048,0.324052,1.46423,0.432069,0.216034,0.0480076,0.0240038,0.0240038,0.0120019,0.0120019,0.0120019,0.0120019,0,0,0,0,0,0,0,0,0,0,0,0,0
71975,72010,71992,11.9,-104.585,40.0767,201.302,-58.2264,339.771,13.3372,2.03618,108.31,0.159578,0.00062757,1.75916,1.53459,1.47221,1.14782,1.08544,1.01058,0.835915,0.611341,0.51153,0.536483,0.286956,0.311909,0.436672,1.04801,0.411719,0.162192,0.0499054,0.037429,0.0124763,0.0249527,0.0249527,0.0249527,0,0,0,0,0,0,0,0,0,0,0,0,0,0
72011,72049,72030,11.8,-104.579,40.0771,204.516,-58.4378,337.902,13.4163,2.04217,108.892,0.159965,0.000623329,1.87488,1.89923,1.47312,1.03484,1.04701,0.888742,0.718298,0.608727,0.53568,0.365236,0.353062,0.280015,0.353062,1.27833,0.377411,0.146095,0.0608727,0.0608727,0,0.0121745,0.0243491,0,0.0243491,0,0,0,0,0,0,0,0,0,0,0,0,0
72050,72087,72068,11.7,-104.573,40.0769,207.777,-57.95,337.144,14.2212,2.18007,119.187,0.164014,0.000685208,1.88078,1.84438,1.28621,1.57743,1.18914,0.934325,0.934325,0.679509,0.400425,0.376157,0.497498,0.412559,0.218414,1.21341,0.412559,0.194146,0.0485364,0,0.0242682,0.0242682,0.0242682,0.0364023,0.0121341,0,0,0,0,0,0,0,0,0,0,0,0,0
72088,72125,72106,11.6,-104.567,40.0767,211.063,-58.5289,334.736,12.9271,1.92129,99.7451,0.155747,0.000545323,1.94628,1.42967,1.39363,1.02119,0.973138,0.901053,0.768899,0.648758,0.492576,0.44452,0.456534,0.312365,0.324379,1.23745,0.288337,0.168197,0.0360421,0.012014,0.012014,0.012014,0,0.0360421,0.012014,0,0,0,0,0,0,0,0,0,0,0,0,0
72126,72163,72144,11.5,-104.56,40.0761,214.496,-58.8331,332.723,13.5099,1.94404,101.676,0.156904,0.000557888,2.02648,1.67622,1.41353,1.12582,1.00073,0.913167,0.925676,0.72553,0.700512,0.450329,0.337747,0.337747,0.28771,1.05077,0.225165,0.15011,0.0625457,0,0.0375274,0.0125091,0.0125091,0.0125091,0.0250183,0,0,0,0,0,0,0,0,0,0,0,0,0
72164,72196,72180,11.4,-104.552,40.0753,217.952,-58.4512,331.796,13.521,1.97697,98.4559,0.149404,0.00056624,1.92183,1.86731,1.43115,1.15855,1.2267,0.872321,0.776911,0.545201,0.558831,0.36801,0.38164,0.2726,0.2726,1.17218,0.29986,0.25897,0.0545201,0.0545201,0.01363,0,0.01363,0,0,0,0,0,0,0,0,0,0,0,0,0,0,0
72197,72228,72212,11.3,-104.544,40.075,221.352,-57.9059,331.17,13.4018,1.92267,102.536,0.15999,0.000558869,2.36045,1.72375,1.42869,1.22681,0.962814,0.900697,0.760934,0.729875,0.512466,0.310585,0.232939,0.295056,0.263997,1.13364,0.248468,0.186351,0.0310585,0,0.0310585,0,0.0155293,0,0.0465878,0,0,0,0,0,0,0,0,0,0,0,0,0
72229,72258,72244,11.2,-104.535,40.0752,224.941,-56.9783,331.071,13.9486,1.96815,101.349,0.154483,0.000556915,2.24785,1.66728,1.77148,1.33978,1.26534,0.863412,0.699661,0.595456,0.565683,0.401933,0.253069,0.357274,0.267955,1.04205,0.267955,0.223296,0.0446592,0,0.0148864,0.0148864,0.0148864,0,0.0297728,0,0,0,0,0,0,0,0,0,0,0,0,0
72259,72287,72273,11.1,-104.528,40.0754,228.529,-57.2248,329.204,14.3082,2.06561,107.799,0.156562,0.000596551,2.48438,1.80961,1.79427,1.22685,1.01215,0.843462,0.720776,0.674769,0.506077,0.444734,0.306713,0.245371,0.230035,1.41088,0.306713,0.10735,0.0613427,0.0153357,0.046007,0.0306713,0,0,0.0306713,0,0,0,0,0,0,0,0,0,0,0,0,0
