api/data/B2SAP/Locations/Boulder/NOAA-POPS-B2SAP_GMLBalloon_20221215_R0.ict
61,1001
Thornberry, T. D.
NOAA Chemical Sciences Laboratory
Portable Optical Particle Spectrometer (POPS)
Balloon Baseline Stratospheric Aerosol Profiles (B2SAP)
1,1
2022,12,15,2024,05,28
0
TIME_START,s,Seconds since midnight UTC on flight start day,Start time of 100 m altitude bin in UTC_seconds_since_midnight
28
1.0,1.0,1.0,1.0,1.0,1.0,1.0,1.0,1.0,1.0,1.0,1.0,1.0,1.0,1.0,1.0,1.0,1.0,1.0,1.0,1.0,1.0,1.0,1.0,1.0,1.0,1.0,1.0
99999,99999,99999,99999,99999,99999,99999,99999,99999,99999,99999,99999,99999,99999,99999,99999,99999,99999,99999,99999,99999,99999,99999,99999,99999,99999,99999,99999
TIME_STOP,s,End time of 100 m altitude bin in UTC seconds since midnight,
TIME_MID,s,Mid time of 100 m altitude in UTC seconds since midnight,
GPSAlt,m,GPS reported altitude above sea level (m),
GPS_Lon,deg,GPS reported longitude,
GPS_Lat,deg,GPS reported latitude,
iMet_Pressure,mb,Pressure reported (mB),
iMet_Temperature,degrees C,Ambient temperature (oC),
THETA,K,Potential temperature from iMet,
Aerosol_concentration,cm^-3,Aerosol concentration,
Surface_Area_Conc,um^2 cm^-3,Surface area concentration,
Volume_density,um^3 cm^-3,Volume density,
Effective_radius,um,Effective radius,
Extinction,km^-1,Extinction,
Bin01,cm^-3,particle concentration in size range [140 - 170 nm],
Bin02,cm^-3,particle concentration in size range [170 - 205 nm],
Bin03,cm^-3,particle concentration in size range [205 - 249 nm],
Bin04,cm^-3,particle concentration in size range [249 - 302 nm],
Bin05,cm^-3,particle concentration in size range [302 - 366 nm],
Bin06,cm^-3,particle concentration in size range [366 - 443 nm],
Bin07,cm^-3,particle concentration in size range [443 - 537 nm],
Bin08,cm^-3,particle concentration in size range [537 - 651 nm],
Bin09,cm^-3,particle concentration in size range [651 - 789 nm],
Bin10,cm^-3,particle concentration in size range [789 - 956 nm],
Bin11,cm^-3,particle concentration in size range [956 - 1159 nm],
Bin12,cm^-3,particle concentration in size range [1159 - 1404 nm],
Bin13,cm^-3,particle concentration in size range [1404 - 1702 nm],
Bin14,cm^-3,particle concentration in size range [1702 - 2062 nm],
Bin15,cm^-3,particle concentration in size range [2062 - 2500 nm],
0
19
PI_CONTACT_INFO: 325 Broadway R/CSL6, Boulder, CO 80305; troy.thornberry@noaa.gov; 303-497-3373 
PLATFORM: GML ECC/FPH balloon
LOCATION: Boulder, CO, USA
ASSOCIATED_DATA: N/A
INSTRUMENT_INFO: Printed Optical Particle Spectrometer counts particles from 140 - 2500 nm in diameter 
DATA_INFO: Particle concentrations reported in number per cubic centimeter, binned to 100 m altitude
UNCERTAINTY: Counting uncertainty dominated by air flow, less than 5 percent
ULOD_FLAG: -77777
ULOD_VALUE: 3000 ~3000 per cm3 (varies depending on flow rate- manufacturer quotes 1250  per cm3 at 1.667 cc/s)
LLOD_FLAG: -88888
LLOD_VALUE: 0 0 (varies depending on data field and measurement precision)
DM_CONTACT_INFO: Troy Thornberry, 325 Broadway R/CSL6, Boulder, CO 80305; troy.thornberry@noaa.gov; 303-497-3373
PROJECT_INFO: B2SAP Boulder, CO, USA
STIPULATIONS_ON_USE: Please contact the PIs for questions regarding applications and uncertainties
OTHER_COMMENTS: POPS bin Edges (nm):  140, 170, 205, 249, 302, 366, 443, 537, 651, 789, 956, 1159, 1404, 1702, 2062, 2500
Calculations assume sulfate refractive index of 1.45+0.00j and extinction wavelength = 532 nm
REVISION: R0
R0: QA/QC data
TIME_START,TIME_STOP,TIME_MID,GPSAlt,GPS_Lon,GPS_Lat,iMet_Pressure,iMet_Temperature,THETA,Aerosol_concentration,Surface_Area_Conc,Volume_density,Effective_radius,Extinction,Bin01,Bin02,Bin03,Bin04,Bin05,Bin06,Bin07,Bin08,Bin09,Bin10,Bin11,Bin12,Bin13,Bin14,Bin15
[from data line 313]
69008,69020,69014,15.9,-104.151,39.5716,102.151,-58.0256,412.819,7.6991,1.05714,48.0426,0.136337,0.000258447,3.80903,1.94504,0.891474,0.364694,0.243129,0.202608,0.243129,0,0,0,0,0,0,0,0
69021,69035,69028,15.8,-104.148,39.5711,103.779,-58.1463,410.736,8.16144,1.42359,129.957,0.273865,0.000414162,4.01233,2.32533,0.911893,0.227973,0.364757,0.136784,0.0455947,0.0455947,0,0,0,0.0911893,0,0,0
69036,69048,69042,15.7,-104.145,39.5703,105.578,-58.093,408.825,8.06455,1.0445,55.586,0.159653,0.000300429,4.37894,2.22596,0.839297,0.182456,0.218947,0,0.145965,0,0.0364912,0.0364912,0,0,0,0,0
69050,69060,69055,15.6,-104.142,39.5696,107.114,-57.9288,407.443,8.19876,1.27157,69.4979,0.163965,0.000433504,3.96274,2.04969,0.956522,0.36439,0.409938,0.182195,0,0.227743,0.0455487,0,0,0,0,0,0
69063,69076,69070,15.5,-104.138,39.5683,108.985,-57.9555,405.388,8.30591,1.19464,61.52,0.15449,0.000373673,4.34763,2.2387,0.616454,0.356895,0.227115,0.19467,0.19467,0.0973349,0.032445,0,0,0,0,0,0
69079,69090,69084,15.4,-104.135,39.5671,110.849,-57.5722,404.153,8.08029,1.27017,82.14,0.194005,0.000530963,4.27101,2.03931,1.07737,0.15391,0.115433,0.0384776,0.115433,0.115433,0.115433,0.0384776,0,0,0,0,0
69092,69103,69098,15.3,-104.132,39.5658,112.54,-57.0422,403.385,8.34377,1.22737,72.2819,0.176675,0.000446613,4.89909,1.76061,0.803757,0.191371,0.229645,0.0765483,0.229645,0.0765483,0.0382742,0.0382742,0,0,0,0,0
69105,69119,69112,15.2,-104.13,39.5645,114.269,-56.123,403.345,8.50297,1.28268,83.2167,0.194632,0.000345306,4.50556,1.9987,0.880785,0.338764,0.271011,0.304887,0.135505,0.0338764,0,0,0,0.0338764,0,0,0
69120,69132,69126,15.1,-104.127,39.5632,116.056,-55.2044,403.266,7.80181,0.978618,43.7585,0.134144,0.000221973,4.34252,1.58244,1.03043,0.36801,0.294408,0,0.147204,0,0.036801,0,0,0,0,0,0
69133,69146,69140,15,-104.124,39.5619,117.947,-54.3744,402.931,7.76598,1.14996,66.3344,0.173052,0.000408783,4.30659,2.0121,0.529499,0.1412,0.388299,0.0352999,0.1765,0.1412,0,0.0352999,0,0,0,0,0
69148,69158,69153,14.9,-104.121,39.5609,119.724,-53.9489,401.992,8.8183,1.51664,124.566,0.246398,0.000490069,4.64699,2.01248,0.987943,0.402495,0.292724,0.146362,0.219543,0,0.0365905,0,0.0365905,0.0365905,0,0,0
69161,69172,69166,14.8,-104.117,39.5598,121.694,-53.832,400.341,10.2841,1.57985,118.093,0.224247,0.000443525,5.51174,2.55422,1.10907,0.36969,0.302473,0.168041,0.134433,0.0672163,0,0,0.0336082,0.0336082,0,0,0
69174,69187,69180,14.7,-104.113,39.5589,123.664,-53.3645,399.36,8.51592,1.26399,74.5942,0.177044,0.000436333,4.36479,2.13661,1.12935,0.244184,0.244184,0.061046,0.183138,0.0915691,0,0.061046,0,0,0,0,0
69188,69203,69196,14.6,-104.109,39.5581,125.63,-53.065,398.096,9.34406,1.10568,46.9094,0.127277,0.000231991,5.62653,2.00948,0.770299,0.435386,0.234439,0.0669825,0.133965,0.0669825,0,0,0,0,0,0,0
69206,69219,69212,14.5,-104.104,39.5574,127.821,-52.4656,397.219,9.32721,1.32788,74.2014,0.167639,0.000433654,5.06754,2.12984,1.13836,0.367213,0.183606,0.146885,0.110164,0.110164,0.0367213,0.0367213,0,0,0,0,0
69220,69233,69226,14.4,-104.099,39.5569,129.682,-51.8378,396.711,8.71824,1.15958,73.4884,0.190125,0.00027874,5.09174,1.97809,0.87915,0.329681,0.183156,0.0732625,0.109894,0.0366313,0,0,0.0366313,0,0,0,0
69236,69247,69242,14.3,-104.094,39.5564,131.649,-51.3671,395.841,9.49785,1.04583,38.9958,0.111861,0.000148284,5.19783,2.64617,0.756048,0.47253,0.330771,0.047253,0,0.047253,0,0,0,0,0,0,0
69253,69267,69260,14.2,-104.089,39.556,133.865,-50.901,394.786,9.9726,1.11675,42.9364,0.115343,0.000176803,5.65114,2.49315,0.930776,0.465388,0.232694,0.099726,0.066484,0.033242,0,0,0,0,0,0,0
69268,69283,69276,14.1,-104.083,39.556,136.173,-50.26,394,11.2595,1.50588,77.0653,0.153529,0.000432944,6.05645,3.08328,0.908468,0.41294,0.385411,0.0550587,0.220235,0.082588,0.0275293,0.0275293,0,0,0,0,0
69284,69299,69292,14,-104.078,39.5563,138.276,-50.0677,392.621,11.4568,1.30345,55.7659,0.12835,0.000242613,6.52858,2.94675,1.06693,0.457254,0.25403,0.0762091,0.0762091,0.025403,0,0.025403,0,0,0,0,0
69302,69314,69308,13.9,-104.074,39.5567,140.384,-49.5956,391.742,12.3227,1.46147,67.3604,0.138273,0.000322327,6.92696,3.24473,1.2031,0.47395,0.145831,0.109373,0.145831,0.0364577,0,0.0364577,0,0,0,0,0
69315,69328,69322,13.8,-104.069,39.557,142.473,-49.059,391.034,11.0089,1.54572,97.071,0.1884,0.000415558,5.68519,2.95761,1.28163,0.328624,0.394349,0.197174,0.0657248,0,0.0328624,0.0328624,0.0328624,0,0,0,0
69329,69343,69336,13.7,-104.065,39.5574,144.741,-48.0944,390.954,10.9676,1.64484,112.53,0.205242,0.000526433,5.88326,2.76005,1.30739,0.326848,0.217899,0.0726329,0.181582,0.145266,0,0.0363164,0,0.0363164,0,0,0
69344,69357,69350,13.6,-104.061,39.5576,146.904,-47.8813,389.67,11.8463,1.48515,64.9476,0.131194,0.000336761,6.46162,3.10158,0.947704,0.516929,0.387697,0.0861549,0.301542,0.0430775,0,0,0,0,0,0,0
69360,69371,69366,13.5,-104.057,39.5578,149.181,-47.81,388.075,11.6543,1.47613,60.796,0.123558,0.000278291,5.78017,2.96058,1.36281,0.610913,0.610913,0.14098,0.187973,0,0,0,0,0,0,0,0
69374,69385,69380,13.4,-104.053,39.5578,151.479,-47.6111,386.729,10.7619,1.37949,59.9466,0.130367,0.000298078,5.48402,2.51523,1.40193,0.742199,0.288633,0.0824665,0.164933,0.0824665,0,0,0,0,0,0,0
69387,69400,69394,13.3,-104.05,39.5576,153.634,-47.7014,385.021,12.9229,1.8144,91.0353,0.150521,0.000516469,6.40847,3.23072,1.21814,1.32406,0.264813,0.0529625,0.264813,0.0529625,0.105925,0,0,0,0,0,0
69401,69416,69408,13.2,-104.046,39.5573,156.146,-47.6578,383.313,11.7394,1.71339,107.258,0.1878,0.000486016,6.35012,2.84084,1.12798,0.58488,0.250663,0.125331,0.375994,0.0417771,0,0,0.0417771,0,0,0,0
69417,69431,69424,13.1,-104.042,39.557,158.489,-47.1812,382.487,12.0495,1.58007,71.6247,0.13599,0.000366304,6.09451,2.60529,1.86092,0.744368,0.418707,0.046523,0.186092,0.046523,0.046523,0,0,0,0,0,0
69432,69448,69440,13,-104.037,39.5565,161.118,-47.175,380.709,11.3102,1.43303,60.324,0.126286,0.000290022,5.9332,2.82754,1.01977,0.602591,0.556237,0.139059,0.231766,0,0,0,0,0,0,0,0
69451,69465,69458,12.9,-104.033,39.5556,163.635,-46.6538,379.904,12.3394,1.58889,70.1645,0.132478,0.000361048,5.93421,3.48517,1.64839,0.565163,0.235485,0.141291,0.235485,0.0941939,0,0,0,0,0,0,0
69466,69481,69474,12.8,-104.029,39.5546,165.896,-45.9638,379.566,12.1259,1.54577,69.7447,0.135359,0.000353721,6.17822,3.13522,1.33708,0.783805,0.414955,0.0461062,0.0922123,0.0922123,0.0461062,0,0,0,0,0,0
69482,69495,69488,12.7,-104.024,39.5534,168.355,-45.52,378.708,11.6382,1.46352,68.8,0.14103,0.00036704,6.28091,3.14046,1.1084,0.369465,0.461832,0,0.184733,0,0.0923663,0,0,0,0,0,0
69501,69515,69508,12.6,-104.018,39.5527,171.278,-45.865,376.284,13.9859,2.3834,196.97,0.247928,0.0007892,6.34885,4.69263,1.19616,0.59808,0.552074,0.138019,0.230031,0.0460062,0.0460062,0.0460062,0.0460062,0,0.0460062,0,0
69516,69529,69522,12.5,-104.013,39.5518,173.508,-45.8678,374.894,14.1685,1.99209,122.976,0.185197,0.00053702,7.2902,4.11876,1.40038,0.329501,0.453063,0.247126,0.205938,0,0.0823752,0,0,0.0411876,0,0,0
69534,69550,69542,12.4,-104.007,39.5506,176.42,-45.811,373.204,12.5758,1.52234,65.6905,0.129453,0.000330099,7.11766,2.91345,1.29077,0.700703,0.147516,0.110637,0.184395,0.110637,0,0,0,0,0,0,0
69551,69565,69558,12.3,-104.002,39.5498,178.957,-46.2167,371.019,13.3579,2.0689,138.556,0.200913,0.00070063,7.56262,3.12369,0.986429,0.452113,0.452113,0.32881,0.164405,0.205506,0,0.0411012,0.0411012,0,0,0,0
69570,69583,69576,12.2,-103.997,39.5489,181.744,-46.0864,369.6,13.3391,1.71451,95.8221,0.167666,0.000390443,7.42556,3.22558,1.44479,0.571197,0.335998,0.1008,0.134399,0.0335998,0.0335998,0,0.0335998,0,0,0,0
69587,69596,69592,12.1,-103.992,39.5478,184.452,-45.9783,368.219,13.8854,2.18806,181.893,0.24939,0.000626361,7.7953,3.65405,0.913512,0.426306,0.669909,0.0609008,0.182702,0.0609008,0,0,0.0609008,0.0609008,0,0,0
69600,69612,69606,12,-103.987,39.547,187.222,-45.6878,367.122,12.4259,1.99472,111.124,0.167127,0.000707816,5.55895,3.55609,1.51236,0.53137,0.286122,0.367872,0.408746,0.0817493,0.122624,0,0,0,0,0,0
69615,69628,69622,11.9,-103.983,39.5463,189.682,-45.8883,365.426,14.0202,2.00696,131.584,0.196692,0.000484182,7.4733,3.52048,1.17349,0.988205,0.308814,0.308814,0.123526,0.0617628,0,0,0,0.0617628,0,0,0
69631,69645,69638,11.8,-103.977,39.5457,192.802,-45.598,364.195,13.9029,2.00643,89.466,0.133769,0.000450338,5.90501,3.43836,1.86867,1.42019,0.523229,0.448482,0.298988,0,0,0,0,0,0,0,0
69646,69662,69654,11.7,-103.971,39.5451,195.805,-45.5312,362.702,15.2247,2.35625,120.208,0.153049,0.000696692,6.39813,3.96964,2.05487,1.30765,0.653823,0.326912,0.326912,0.0934033,0.0934033,0,0,0,0,0,0
69666,69679,69672,11.6,-103.965,39.5441,199.49,-45.545,360.752,17.179,2.88456,146.748,0.15262,0.000874845,6.64064,4.25867,2.59851,1.22707,1.01053,0.721809,0.577447,0.144362,0,0,0,0,0,0,0
69684,69696,69690,11.5,-103.959,39.5433,202.26,-45.5767,359.276,17.7025,3.20501,202.664,0.189701,0.00127365,7.5664,4.42563,1.71315,1.99867,0.856573,0,0.713811,0.285524,0,0.142762,0,0,0,0,0
69697,69713,69705,11.4,-103.955,39.5427,204.662,-45.5083,358.176,13.6402,2.00709,97.4029,0.145588,0.000566291,6.49534,3.46418,1.58775,0.649534,0.577364,0.288682,0.505193,0.0721705,0,0,0,0,0,0,0
69714,69714,69714,11.3,-103.952,39.5421,206.8,-45.37,357.333,14.3868,1.89273,83.4517,0.132272,0.000432246,6.77028,3.80828,2.53885,0.423142,0,0.423142,0.423142,0,0,0,0,0,0,0,0
69736,69749,69742,11.2,-103.941,39.5404,212.139,-45.6643,354.288,16.9392,3.18252,180.924,0.170548,0.00118295,6.59419,3.99281,2.1779,1.14945,1.39143,0.665468,0.544474,0.362983,0.0604971,0,0,0,0,0,0
69750,69770,69760,11.1,-103.935,39.5396,214.77,-45.49,353.307,15.6645,2.58152,143.085,0.16628,0.000894102,6.98553,3.66917,2.11683,1.19953,0.564487,0.493926,0.282244,0.211683,0.141122,0,0,0,0,0,0
69775,69783,69779,11,-103.928,39.5388,217.536,-45.462,352.057,20.0646,3.52999,208.824,0.177471,0.0013146,8.33852,5.47216,2.08463,1.56347,1.04232,0.521158,0.521158,0.434298,0,0.0868596,0,0,0,0,0
69798,69816,69807,10.9,-103.919,39.5376,221.956,-46.1855,348.933,17.5695,2.6804,155.717,0.174284,0.000735767,7.86925,4.44106,2.45427,1.28557,0.81809,0.11687,0.389567,0.11687,0.0389567,0,0,0.0389567,0,0,0
69817,69829,69823,10.8,-103.914,39.5369,223.99,-45.985,348.334,16.522,2.87631,205.504,0.214341,0.000840129,7.14178,3.62419,2.77144,1.17253,0.852749,0.426375,0.426375,0,0,0,0.106594,0,0,0,0
69839,69860,69850,10.7,-103.905,39.5359,228.309,-46.5153,345.623,16.7622,2.62664,152.657,0.174356,0.000774769,6.95576,4.90324,2.30908,0.969245,0.655666,0.541637,0.228058,0.0855216,0.0570144,0.0285072,0.0285072,0,0,0,0
69861,69879,69870,10.6,-103.899,39.5356,231.28,-46.618,344.193,18.2578,2.33465,100.216,0.128777,0.000493362,8.39339,5.62444,2.16325,0.951828,0.519179,0.17306,0.346119,0.0865298,0,0,0,0,0,0,0
69881,69899,69890,10.5,-103.892,39.5349,234.995,-46.517,342.786,18.9653,3.3377,188.131,0.169096,0.00117601,7.52658,4.54997,2.84905,1.53083,0.97803,0.467754,0.765415,0.212615,0.0425231,0.0425231,0,0,0,0,0
69908,69917,69912,10.4,-103.886,39.5341,239.268,-46.8833,340.478,22.357,4.08717,242.527,0.178016,0.00148493,8.56073,5.09399,3.74974,1.5565,1.76875,0.282999,1.132,0.0707499,0,0.1415,0,0,0,0,0
69921,69934,69928,10.3,-103.882,39.5331,242.45,-46.3257,340.023,20.3625,3.01686,145.676,0.144862,0.000803446,8.50969,5.40973,3.16074,1.51959,0.547051,0.668618,0.364701,0.121567,0.0607835,0,0,0,0,0,0
69950,69955,69952,10.2,-103.875,39.5315,247.317,-45.8633,338.788,16.4041,2.61316,126.898,0.145683,0.000710381,5.75583,4.74856,2.30233,1.87065,0.719479,0.431688,0.431688,0.143896,0,0,0,0,0,0,0
69964,69974,69969,10.1,-103.87,39.5308,250.424,-46.362,336.844,21.4954,3.48826,191.075,0.16433,0.00119256,8.70257,6.52693,2.6978,1.30539,0.783232,0.522154,0.522154,0.261077,0.174051,0,0,0,0,0,0
69992,70015,70004,9.9,-103.858,39.5287,256.813,-46.68,333.963,23.1326,3.63942,186.388,0.153641,0.00115264,9.70999,7.42529,2.2847,1.14235,0.571176,0.71397,1.14235,0.142794,0,0,0,0,0,0,0
70016,70016,70016,9.8,-103.854,39.5278,259.55,-46.61,333.045,13.5676,3.01595,203.902,0.202824,0.00145175,3.3919,4.66386,2.96791,0,0.847974,0.423987,0.847974,0,0.423987,0,0,0,0,0,0
70068,70068,70068,9.5,-103.836,39.5229,269.32,-46.46,329.775,17.9086,3.18685,181.382,0.170748,0.00118376,6.55194,4.80475,3.05757,1.31039,0.873592,0.436796,0,0.873592,0,0,0,0,0,0,0
70136,70136,70136,9.3,-103.817,39.5214,282.48,-46.79,324.834,13.123,1.83876,75.9152,0.123858,0.000323017,5.24919,3.49946,1.3123,1.74973,0.874865,0.437433,0,0,0,0,0,0,0,0,0
70161,70163,70162,9.2,-103.808,39.5207,287.605,-47.205,322.581,17.2325,1.83029,66.4913,0.108985,0.000248438,10.1241,4.30813,1.29244,1.07703,0.215407,0,0.215407,0,0,0,0,0,0,0,0
70168,70180,70174,9.1,-103.805,39.5204,290.608,-47.0025,321.906,19.2445,3.11431,154.138,0.148481,0.000896114,8.17085,4.19294,2.9028,1.07511,1.61267,0.537556,0.645067,0.107511,0,0,0,0,0,0,0
70210,70211,70210,9,-103.794,39.5195,297.5,-47.755,318.694,18.0748,3.02655,173.534,0.172012,0.00111695,7.96152,4.73387,2.36694,0.860704,0.860704,0.430352,0.430352,0.215176,0.215176,0,0,0,0,0,0
70221,70256,70238,8.8,-103.784,39.5188,304.263,-47.6347,316.829,17.4611,2.60641,157.598,0.181396,0.000720631,8.23293,4.79501,2.05823,1.06304,0.497595,0.203562,0.474977,0.0678539,0,0.022618,0,0.0452359,0,0,0
70260,70268,70264,8.7,-103.779,39.5184,307.883,-46.92,316.762,19.2604,2.61682,119.895,0.137451,0.000632039,9.6302,4.31203,2.44348,1.29361,1.00614,0.143734,0.143734,0.287469,0,0,0,0,0,0,0
70293,70301,70297,8.6,-103.77,39.518,314.42,-47.6575,313.831,16.6689,2.16428,104.393,0.144704,0.000576964,8.38824,4.94691,1.82821,0.645249,0.215083,0.215083,0.215083,0.107542,0.107542,0,0,0,0,0,0
70308,70327,70318,8.5,-103.765,39.5175,318.703,-47.584,312.725,18.0794,2.86409,177.133,0.185538,0.000864597,8.97499,4.35805,1.76911,1.03558,0.733533,0.604086,0.474639,0.043149,0,0.043149,0,0.043149,0,0,0
70345,70345,70345,8.4,-103.758,39.5168,324.08,-47.03,312.001,19.6367,1.87354,57.6205,0.0922648,0.000122568,11.782,4.36372,2.61823,0.872744,0,0,0,0,0,0,0,0,0,0,0
70407,70407,70407,8.1,-103.743,39.5155,336.85,-46.42,309.401,22.1951,3.27243,171.042,0.156802,0.00108407,11.7503,5.22237,2.17599,1.30559,0.435198,0,0.870396,0.435198,0,0,0,0,0,0,0
70408,70436,70422,8,-103.736,39.5147,340.03,-46.25,308.808,23.6439,3.21328,146.071,0.136375,0.000773101,9.79839,8.30733,2.5561,1.27805,0.639025,0.426017,0.426017,0.213008,0,0,0,0,0,0,0
70513,70513,70513,7.7,-103.713,39.5161,360.26,-44.46,306.142,118.669,25.0298,1306.92,0.156644,0.00772294,22.3579,22.7879,23.6478,23.2178,16.7684,3.86964,5.58948,0.42996,0,0,0,0,0,0,0
70766,70766,70766,6.6,-103.649,39.5233,419.84,-35.55,304.464,118.355,28.988,1691.12,0.175016,0.0111834,23.9184,17.7326,23.0936,18.145,18.9697,6.59817,8.66009,0.824771,0.412385,0,0,0,0,0,0
70779,70779,70779,6.5,-103.642,39.5237,423.24,-34.35,305.298,104.405,24.4186,1370.3,0.168351,0.00874543,16.5052,21.879,21.879,13.4344,18.0405,6.14146,4.98994,1.53536,0,0,0,0,0,0,0
