api/data/B2SAP/Locations/Boulder/NOAA-POPS-B2SAP_GMLBalloon_20200930_R0.ict
61,1001
Thornberry, T. D.
NOAA Chemical Sciences Laboratory
Portable Optical Particle Spectrometer (POPS)
Balloon Baseline Stratospheric Aerosol Profiles (B2SAP)
1,1
2020,09,30,2024,05,30
0
TIME_START,s,Seconds since midnight UTC on flight start day,Start time of 100 m altitude bin in UTC_seconds_since_midnight
28
1.0,1.0,1.0,1.0,1.0,1.0,1.0,1.0,1.0,1.0,1.0,1.0,1.0,1.0,1.0,1.0,1.0,1.0,1.0,1.0,1.0,1.0,1.0,1.0,1.0,1.0,1.0,1.0
99999,99999,99999,99999,99999,99999,99999,99999,99999,99999,99999,99999,99999,99999,99999,99999,99999,99999,99999,99999,99999,99999,99999,99999,99999,99999,99999,99999
TIME_STOP,s,End time of 100 m altitude bin in UTC seconds since midnight,
TIME_MID,s,Mid time of 100 m altitude in UTC seconds since midnight,
GPSAlt,m,GPS reported altitude above sea level (m),
GPS_Lon,deg,GPS reported longitude,
GPS_Lat,deg,GPS reported latitude,
iMet_Pressure,mb,Pressure reported (mB),
iMet_Temperature,degrees C,Ambient temperature (oC),
THETA,K,Potential temperature from iMet,
Aerosol_concentration,cm^-3,Aerosol concentration,
Surface_Area_Conc,um^2 cm^-3,Surface area concentration,
Volume_density,um^3 cm^-3,Volume density,
Effective_radius,um,Effective radius,
Extinction,km^-1,Extinction,
Bin01,cm^-3,particle concentration in size range [140 - 170 nm],
Bin02,cm^-3,particle concentration in size range [170 - 205 nm],
Bin03,cm^-3,particle concentration in size range [205 - 249 nm],
Bin04,cm^-3,particle concentration in size range [249 - 302 nm],
Bin05,cm^-3,particle concentration in size range [302 - 366 nm],
Bin06,cm^-3,particle concentration in size range [366 - 443 nm],
Bin07,cm^-3,particle concentration in size range [443 - 537 nm],
Bin08,cm^-3,particle concentration in size range [537 - 651 nm],
Bin09,cm^-3,particle concentration in size range [651 - 789 nm],
Bin10,cm^-3,particle concentration in size range [789 - 956 nm],
Bin11,cm^-3,particle concentration in size range [956 - 1159 nm],
Bin12,cm^-3,particle concentration in size range [1159 - 1404 nm],
Bin13,cm^-3,particle concentration in size range [1404 - 1702 nm],
Bin14,cm^-3,particle concentration in size range [1702 - 2062 nm],
Bin15,cm^-3,particle concentration in size range [2062 - 2500 nm],
0
19
PI_CONTACT_INFO: 325 Broadway R/CSL6, Boulder, CO 80305; troy.thornberry@noaa.gov; 303-497-3373 
PLATFORM: GML ECC/FPH balloon
LOCATION: Boulder, CO, USA
ASSOCIATED_DATA: N/A
INSTRUMENT_INFO: Printed Optical Particle Spectrometer counts particles from 140 - 2500 nm in diameter 
DATA_INFO: Particle concentrations reported in number per cubic centimeter, binned to 100 m altitude
UNCERTAINTY: Counting uncertainty dominated by air flow, less than 5 percent
ULOD_FLAG: -77777
ULOD_VALUE: 3000 ~3000 per cm3 (varies depending on flow rate- manufacturer quotes 1250  per cm3 at 1.667 cc/s)
LLOD_FLAG: -88888
LLOD_VALUE: 0 0 (varies depending on data field and measurement precision)
DM_CONTACT_INFO: Troy Thornberry, 325 Broadway R/CSL6, Boulder, CO 80305; troy.thornberry@noaa.gov; 303-497-3373
PROJECT_INFO: B2SAP Boulder, CO, USA
STIPULATIONS_ON_USE: Please contact the PIs for questions regarding applications and uncertainties
OTHER_COMMENTS: POPS bin Edges (nm):  140, 170, 205, 249, 302, 366, 443, 537, 651, 789, 956, 1159, 1404, 1702, 2062, 2500
Calculations assume sulfate refractive index of 1.45+0.00j and extinction wavelength = 532 nm
REVISION: R0
R0: QA/QC data
TIME_START,TIME_STOP,TIME_MID,GPSAlt,GPS_Lon,GPS_Lat,iMet_Pressure,iMet_Temperature,THETA,Aerosol_concentration,Surface_Area_Conc,Volume_density,Effective_radius,Extinction,Bin01,Bin02,Bin03,Bin04,Bin05,Bin06,Bin07,Bin08,Bin09,Bin10,Bin11,Bin12,Bin13,Bin14,Bin15
[from data line 227]
63009,63030,63020,24.4,-104.718,39.5999,28.0214,-51.2741,616.149,2.07026,0.923403,72.8283,0.236608,0.000578891,0.24288,0.196617,0.289143,0.254446,0.185051,0.300708,0.358537,0.208183,0.0231314,0.0115657,0,0,0,0,0
63031,63049,63040,24.5,-104.717,39.5996,27.6083,-51.0528,619.39,2.07146,0.952377,75.3967,0.237501,0.000596089,0.142859,0.171431,0.242861,0.371434,0.328576,0.171431,0.400006,0.200003,0.0285718,0.0142859,0,0,0,0,0
63052,63071,63062,24.6,-104.716,39.5996,27.1722,-50.5883,623.51,1.835,0.740931,56.5483,0.228962,0.000449551,0.189326,0.218453,0.364088,0.24758,0.160199,0.189326,0.24758,0.189326,0.029127,0,0,0,0,0,0
63073,63092,63082,24.7,-104.715,39.5997,26.733,-50.112,627.767,1.93091,0.764084,54.6197,0.214452,0.000424518,0.279649,0.1598,0.239699,0.186433,0.253016,0.372866,0.346232,0.0798998,0.0133166,0,0,0,0,0,0
63093,63111,63102,24.8,-104.715,39.5998,26.3224,-50.0506,630.71,2.24829,0.95981,73.5597,0.22992,0.000588698,0.287016,0.255126,0.302962,0.191344,0.287016,0.287016,0.430525,0.159454,0.0478361,0,0,0,0,0,0
63112,63130,63121,24.9,-104.715,39.5997,25.925,-50.3156,632.72,2.10358,0.881554,68.7037,0.233804,0.000530987,0.291738,0.168901,0.307092,0.276383,0.214965,0.368511,0.261028,0.168901,0.0307092,0.0153546,0,0,0,0,0
63132,63149,63140,25,-104.714,39.5996,25.51,-50.6982,634.539,2.12024,0.879526,64.9297,0.221471,0.000518683,0.14908,0.397546,0.215337,0.281595,0.165644,0.314724,0.41411,0.182209,0,0,0,0,0,0,0
63150,63168,63159,25.1,-104.714,39.5997,25.1161,-50.6744,637.446,2.04673,0.873555,66.7934,0.229385,0.000523476,0.255842,0.255842,0.175891,0.255842,0.223861,0.287822,0.447723,0.127921,0,0.0159901,0,0,0,0,0
63170,63188,63179,25.2,-104.713,39.5994,24.7032,-50.5811,640.733,2.19097,0.976753,76.6169,0.235321,0.000600452,0.229822,0.260465,0.199179,0.214501,0.367715,0.337073,0.352394,0.183858,0.030643,0.0153215,0,0,0,0,0
63189,63208,63198,25.3,-104.713,39.5986,24.3315,-50.0295,645.114,1.92284,0.805057,62.3513,0.232349,0.000481783,0.132103,0.293563,0.264207,0.249529,0.264207,0.234851,0.322919,0.117425,0.0293563,0.0146782,0,0,0,0,0
63209,63227,63218,25.4,-104.713,39.5978,23.9339,-50.5078,646.765,1.81827,0.786034,60.6639,0.231532,0.000483619,0.216858,0.216858,0.200176,0.233539,0.166814,0.283583,0.333627,0.11677,0.0500441,0,0,0,0,0,0
63230,63249,63240,25.5,-104.714,39.5969,23.5305,-50.3832,650.281,1.71597,0.650438,47.7131,0.220066,0.000363587,0.142997,0.238329,0.254218,0.254218,0.285995,0.222441,0.190663,0.079443,0.0476658,0,0,0,0,0,0
63250,63268,63259,25.6,-104.714,39.5964,23.1663,-50.8481,651.822,1.85257,0.629927,43.1059,0.20529,0.00032609,0.289464,0.270167,0.289464,0.192976,0.173679,0.328059,0.212274,0.0964881,0,0,0,0,0,0,0
63272,63290,63281,25.7,-104.714,39.5959,22.7837,-51.5553,652.845,1.88446,0.812326,62.1649,0.229581,0.000496566,0.229413,0.213026,0.278572,0.163866,0.131093,0.327732,0.409665,0.0819331,0.0491598,0,0,0,0,0,0
63291,63310,63300,25.8,-104.714,39.5955,22.4421,-52.1579,653.891,2.05762,0.952222,77.2982,0.24353,0.000610877,0.234201,0.184015,0.25093,0.267658,0.234201,0.284387,0.351302,0.184015,0.0501859,0.0167286,0,0,0,0,0
63311,63329,63320,25.9,-104.714,39.5951,22.095,-52.2383,656.562,1.84953,0.862961,67.5466,0.234819,0.000552123,0.266758,0.195623,0.124487,0.142271,0.248975,0.266758,0.355678,0.231191,0.0177839,0,0,0,0,0,0
63330,63347,63338,26,-104.714,39.5942,21.7278,-52.7972,658.055,2.00477,0.882115,67.8615,0.230792,0.00054468,0.236928,0.218702,0.236928,0.218702,0.200477,0.364504,0.255153,0.255153,0.0182252,0,0,0,0,0,0
63348,63365,63356,26.1,-104.714,39.5932,21.3925,-52.7831,661.015,2.03143,0.922062,73.8656,0.240328,0.000580755,0.18656,0.290205,0.165831,0.269476,0.269476,0.248747,0.373121,0.18656,0.0207289,0.0207289,0,0,0,0,0
63366,63384,63375,26.2,-104.715,39.5922,21.0432,-52.6595,664.52,1.99983,0.639863,45.9634,0.2155,0.000345501,0.353953,0.353953,0.37165,0.176976,0.247767,0.194674,0.176976,0.0707905,0.0530929,0,0,0,0,0,0
63385,63402,63394,26.3,-104.715,39.5912,20.7065,-53.0824,666.295,1.62538,0.610065,43.9587,0.216167,0.000348431,0.257682,0.198217,0.237861,0.218039,0.11893,0.158574,0.336969,0.0991086,0,0,0,0,0,0,0
63403,63421,63412,26.4,-104.715,39.5905,20.4,-52.6553,670.448,1.84481,0.837437,68.2564,0.244519,0.000536639,0.162181,0.263544,0.263544,0.182453,0.202726,0.263544,0.243271,0.222999,0.0202726,0.0202726,0,0,0,0,0
63422,63442,63432,26.5,-104.715,39.5897,20.045,-51.937,676.007,1.83305,0.878649,72.207,0.246539,0.000585756,0.311272,0.0691716,0.259393,0.155636,0.190222,0.293979,0.276686,0.190222,0.0864644,0,0,0,0,0,0
63443,63462,63452,26.6,-104.715,39.5891,19.7047,-51.8332,679.645,1.86184,1.00538,85.2084,0.254258,0.000690462,0.0930919,0.260657,0.148947,0.148947,0.242039,0.297894,0.297894,0.316512,0.0372368,0.0186184,0,0,0,0,0
63465,63484,63474,26.7,-104.716,39.5885,19.38,-52.168,681.843,1.58799,0.747133,62.3062,0.250181,0.000486262,0.231954,0.0713705,0.160584,0.267639,0.196269,0.249797,0.178426,0.160584,0.0535279,0.0178426,0,0,0,0,0
63485,63505,63495,26.8,-104.716,39.5877,19.1205,-51.357,686.989,1.92563,0.933634,74.9574,0.240857,0.000605898,0.127164,0.217996,0.19983,0.217996,0.290661,0.308828,0.236162,0.272495,0.054499,0,0,0,0,0,0
63506,63527,63516,26.9,-104.717,39.5869,18.7968,-50.7279,692.306,1.66166,0.677494,54.3519,0.240675,0.000419835,0.190996,0.267394,0.210095,0.267394,0.190996,0.114598,0.229195,0.152797,0.0190996,0.0190996,0,0,0,0,0
63528,63549,63538,27,-104.719,39.5866,18.4725,-50.991,694.936,1.71163,0.818943,66.7122,0.244384,0.000542734,0.260465,0.186046,0.0744185,0.223255,0.167442,0.24186,0.334883,0.148837,0.0744185,0,0,0,0,0,0
63550,63572,63561,27.1,-104.721,39.5865,18.1786,-51.08,697.847,1.67988,0.773621,64.3872,0.249685,0.000512273,0.288464,0.152716,0.203621,0.186653,0.118779,0.237558,0.237558,0.203621,0.0339369,0.0169684,0,0,0,0,0
63573,63593,63583,27.2,-104.721,39.5866,17.8928,-50.8389,701.773,1.81386,0.743259,58.2013,0.234917,0.000441804,0.229339,0.166792,0.187641,0.354433,0.271037,0.187641,0.250188,0.125094,0.020849,0.020849,0,0,0,0,0
63594,63615,63604,27.3,-104.722,39.5866,17.5881,-51.1705,704.176,1.68186,0.759846,59.5788,0.235227,0.000484592,0.16453,0.182811,0.219374,0.219374,0.219374,0.146249,0.274217,0.237655,0.0182811,0,0,0,0,0,0
63616,63635,63626,27.4,-104.722,39.5861,17.3044,-50.7828,708.688,1.69262,0.709126,55.5668,0.235079,0.000443109,0.34281,0.0857024,0.214256,0.19283,0.235682,0.214256,0.171405,0.19283,0.0428512,0,0,0,0,0,0
63636,63654,63645,27.5,-104.722,39.5856,17.0382,-50.7953,711.799,1.75873,0.992339,94.0576,0.284351,0.000658421,0.185129,0.138847,0.115706,0.231412,0.231412,0.208271,0.347118,0.208271,0.0694235,0,0.0231412,0,0,0,0
63655,63673,63664,27.6,-104.722,39.585,16.7388,-51.1812,714.166,1.33077,0.674691,59.093,0.262756,0.000475915,0.140082,0.116735,0.163428,0.186775,0.210122,0.116735,0.163428,0.0933877,0.140082,0,0,0,0,0,0
63674,63693,63684,27.7,-104.722,39.5843,16.505,-51.2594,716.796,1.55176,0.779148,65.2567,0.251262,0.000533385,0.179914,0.0899571,0.157425,0.269871,0.202403,0.0899571,0.31485,0.157425,0.0899571,0,0,0,0,0,0
63694,63717,63706,27.8,-104.722,39.5835,16.2226,-50.7343,722.04,1.68813,0.81572,66.1068,0.243123,0.00052541,0.142159,0.177698,0.231008,0.142159,0.159929,0.284317,0.355397,0.159929,0.0177698,0.0177698,0,0,0,0,0
63718,63741,63730,27.9,-104.723,39.5828,15.9218,-50.72,725.96,1.61248,0.764298,63.2079,0.248102,0.000499409,0.113822,0.284555,0.151763,0.151763,0.208674,0.246614,0.189703,0.227644,0.0189703,0.0189703,0,0,0,0,0
63742,63780,63761,28,-104.724,39.5822,15.6661,-49.5266,733.239,1.26995,0.600849,48.1367,0.240343,0.000384744,0.088344,0.099387,0.176688,0.165645,0.198774,0.154602,0.253989,0.066258,0.066258,0,0,0,0,0,0
63781,63834,63808,28.1,-104.725,39.5816,15.4571,-46.5356,745.907,1.18984,0.499644,37.4,0.22456,0.000297569,0.127768,0.167696,0.103812,0.167696,0.119783,0.191652,0.191652,0.111797,0.00798551,0,0,0,0,0,0
57342,57975,57658,1.7,-105.197,39.9491,833.584,18.3222,307.031,3965.24,1896.55,148040,0.234172,1.16938,275.385,318.845,387.354,485.095,567.739,641.927,907.933,325.691,43.6766,8.32473,2.37311,0.630947,0.160091,0.0941712,0.00941712
57508,57995,57752,1.8,-105.197,39.9491,833.738,18.2849,306.98,4050.69,1967.28,154687,0.235889,1.22202,274.571,316.501,388.083,488.033,569.639,664.645,945.291,345.124,46.278,8.80635,2.62914,0.697701,0.204205,0.161662,0.0255256
63835,63838,63836,28.1,-104.726,39.5813,15.465,-43.775,754.88,1.53547,0.501271,33.2344,0.198901,0.000240965,0.102364,0.102364,0.409458,0.409458,0.102364,0.204729,0.102364,0.102364,0,0,0,0,0,0,0
63840,63867,63854,28,-104.727,39.581,15.5996,-44.5243,750.554,1.15904,0.497375,37.6035,0.226812,0.000301179,0.176057,0.0880285,0.117371,0.132043,0.161386,0.146714,0.234743,0.0880285,0.0146714,0,0,0,0,0,0
63868,63893,63880,27.9,-104.728,39.5805,15.8348,-42.5126,753.912,1.22275,0.493181,35.2929,0.214685,0.000274216,0.159489,0.088605,0.124047,0.194931,0.124047,0.265815,0.17721,0.088605,0,0,0,0,0,0,0
63894,63918,63906,27.8,-104.728,39.5796,16.087,-39.1913,761.346,1.34835,0.585111,45.4265,0.232912,0.000348595,0.140088,0.1576,0.105066,0.210133,0.1576,0.210133,0.280177,0.0700442,0,0.0175111,0,0,0,0,0
63919,63940,63930,27.7,-104.728,39.5786,16.3243,-41.9419,749.252,1.17342,0.666287,56.9944,0.256621,0.000468808,0,0.096182,0.153891,0.134655,0.230837,0.096182,0.2116,0.173128,0.0769456,0,0,0,0,0,0
63941,63962,63952,27.6,-104.729,39.5779,16.5882,-49.9265,720.073,1.6597,0.818361,68.3743,0.250651,0.000537324,0.192429,0.216482,0.0962143,0.0962143,0.264589,0.33675,0.192429,0.216482,0.0240536,0.0240536,0,0,0,0,0
63963,63983,63973,27.5,-104.729,39.5771,16.855,-46.9065,726.47,1.33166,0.69345,58.232,0.251923,0.000481772,0.12106,0.201767,0.100883,0.0807067,0.18159,0.141237,0.262297,0.18159,0.0605301,0,0,0,0,0,0
63985,64002,63994,27.4,-104.729,39.5764,17.1306,-42.5341,737.106,1.58385,0.850411,82.0252,0.289361,0.000547455,0.139751,0.209627,0.11646,0.209627,0.163043,0.279503,0.256211,0.0931676,0.0931676,0,0.0232919,0,0,0,0
64003,64020,64012,27.3,-104.73,39.5759,17.3764,-43,732.622,1.4891,0.609812,46.7904,0.230187,0.000373665,0.220608,0.110304,0.220608,0.27576,0.13788,0.110304,0.248184,0.13788,0.027576,0,0,0,0,0,0
64021,64038,64030,27.2,-104.73,39.5758,17.6794,-42.945,729.191,1.52211,0.662348,51.1167,0.231525,0.000407056,0.128629,0.214382,0.171506,0.107191,0.343012,0.192944,0.128629,0.214382,0.0214382,0,0,0,0,0,0
64039,64053,64046,27.1,-104.731,39.5758,17.9453,-44.1967,722.145,1.61983,0.7158,61.6585,0.258418,0.000458334,0.128558,0.179981,0.334251,0.231404,0.231404,0.0771347,0.257116,0.128558,0,0.0514232,0,0,0,0,0
64054,64068,64061,27,-104.731,39.5755,18.2329,-48.3129,705.942,1.72928,0.839863,76.208,0.272216,0.000587783,0.384285,0.192143,0.164694,0.109796,0.137245,0.219591,0.24704,0.192143,0.0274489,0.0548979,0,0,0,0,0
64069,64084,64076,26.9,-104.732,39.5752,18.5263,-49.09,700.299,1.29873,0.648507,62.9026,0.290988,0.000386397,0.144304,0.144304,0.0962026,0.168354,0.264557,0.144304,0.168354,0.120253,0.0240506,0,0.0240506,0,0,0,0
64085,64099,64092,26.8,-104.734,39.5746,18.8208,-46.1325,706.352,1.38246,0.711521,60.029,0.253101,0.000496274,0.314194,0.0942583,0.0628389,0.0942583,0.0314194,0.314194,0.219936,0.188517,0.0628389,0,0,0,0,0,0
64100,64113,64106,26.7,-104.734,39.5739,19.1036,-46.2671,702.942,1.74077,0.821872,62.8165,0.229293,0.000496281,0.158252,0.0527506,0.158252,0.263753,0.211003,0.422005,0.342879,0.079126,0.0527506,0,0,0,0,0,0
64114,64128,64121,26.6,-104.735,39.5731,19.426,-48.794,691.779,1.54412,0.773298,63.8846,0.24784,0.000515709,0.149431,0.124526,0.149431,0.149431,0.273957,0.199242,0.298862,0.0996208,0.0996208,0,0,0,0,0,0
64129,64142,64136,26.5,-104.735,39.5725,19.7307,-48.7386,688.895,1.84217,0.917579,74.4543,0.243426,0.000612264,0.213585,0.0800944,0.266981,0.213585,0.186887,0.266981,0.240283,0.347076,0.0266981,0,0,0,0,0,0
64143,64157,64150,26.4,-104.735,39.5719,20.046,-47.8387,688.511,1.48808,0.711312,53.4085,0.225253,0.000429985,0.0243948,0.121974,0.195159,0.195159,0.195159,0.268343,0.341527,0.146369,0,0,0,0,0,0,0
64158,64171,64164,26.3,-104.735,39.5713,20.3593,-48.3193,684.026,1.5056,0.667787,51.1279,0.22969,0.000409395,0.129793,0.103835,0.285546,0.155752,0.181711,0.207669,0.285546,0.129793,0.0259587,0,0,0,0,0,0
64172,64184,64178,26.2,-104.735,39.5707,20.6538,-49.19,678.574,1.62425,0.77493,65.9056,0.255142,0.000538702,0.224034,0.19603,0.19603,0.19603,0.19603,0.0560086,0.308047,0.140021,0.112017,0,0,0,0,0,0
64185,64198,64192,26.1,-104.735,39.57,20.9964,-50.1971,672.366,1.73532,0.751028,69.3215,0.276907,0.000426411,0.153116,0.255194,0.280713,0.331752,0.153116,0.153116,0.204155,0.178636,0,0,0.0255194,0,0,0,0
64199,64209,64204,26,-104.735,39.5695,21.33,-51.581,665.183,1.68638,0.796965,62.9765,0.237061,0.000516293,0.251163,0.143522,0.143522,0.179402,0.143522,0.215283,0.430566,0.143522,0.0358805,0,0,0,0,0,0
64211,64218,64214,25.9,-104.735,39.5693,21.6788,-52.3188,659.904,2.15407,1.50191,234.44,0.468283,0.00104192,0.263764,0.219803,0.351685,0.219803,0.131882,0.219803,0.351685,0.219803,0.131882,0,0,0,0,0.0439606,0
64219,64228,64224,25.8,-104.735,39.5691,22.015,-51.919,658.2,1.71449,0.592301,39.9849,0.202523,0.00030424,0.104969,0.314907,0.314907,0.279917,0.139958,0.174948,0.349896,0.0349896,0,0,0,0,0,0,0
64229,64241,64235,25.7,-104.735,39.5689,22.3646,-50.9269,658.175,1.84885,0.895511,71.8314,0.240638,0.000585062,0.133975,0.267949,0.133975,0.187565,0.294744,0.214359,0.348334,0.214359,0.0535899,0,0,0,0,0,0
64242,64254,64248,25.6,-104.735,39.5685,22.7533,-50.6575,655.748,1.59559,0.670225,49.3422,0.220861,0.00039021,0.170956,0.142463,0.142463,0.284927,0.199449,0.170956,0.42739,0.0284927,0.0284927,0,0,0,0,0,0
64255,64267,64261,25.5,-104.735,39.568,23.1055,-50.1636,654.313,1.8142,0.630271,44.4795,0.211716,0.00034475,0.307492,0.276742,0.276742,0.215244,0.122997,0.245993,0.245993,0.122997,0,0,0,0,0,0,0
64268,64280,64274,25.4,-104.736,39.5676,23.4758,-49.9717,651.921,2.19199,0.840934,61.391,0.21901,0.000480771,0.281025,0.22482,0.421537,0.22482,0.252922,0.252922,0.393434,0.11241,0.0281025,0,0,0,0,0,0
64282,64294,64288,25.3,-104.735,39.5674,23.8427,-50.3936,647.797,1.80179,0.708835,54.2552,0.229624,0.000396613,0.210209,0.210209,0.240239,0.240239,0.210209,0.360358,0.240239,0.0600597,0,0.0300299,0,0,0,0,0
64295,64307,64301,25.2,-104.735,39.5674,24.2592,-50.5608,644.128,1.7858,0.820602,74.3933,0.271971,0.000457555,0.137369,0.302212,0.164843,0.192317,0.247265,0.274738,0.35716,0.0824215,0,0,0.0274738,0,0,0,0
64308,64321,64314,25.1,-104.734,39.5674,24.6523,-50.1415,642.377,2.20775,0.84695,61.5261,0.217933,0.000481083,0.248061,0.347286,0.248061,0.347286,0.198449,0.347286,0.248061,0.223255,0,0,0,0,0,0,0
64322,64334,64328,25,-104.734,39.5674,25.0408,-50.0075,639.902,1.77084,0.708318,50.3276,0.213157,0.000387052,0.107324,0.241478,0.160985,0.187816,0.456125,0.268309,0.187816,0.160985,0,0,0,0,0,0,0
64335,64347,64341,24.9,-104.734,39.5673,25.43,-49.9418,637.278,2.08987,0.810871,59.7004,0.220875,0.000469644,0.348312,0.232208,0.203182,0.261234,0.319286,0.203182,0.377339,0.116104,0.029026,0,0,0,0,0,0
64348,64361,64354,24.8,-104.734,39.5674,25.8357,-49.4393,635.826,2.26456,0.950789,72.6033,0.229083,0.000584555,0.381163,0.224214,0.313899,0.179371,0.201792,0.336321,0.381163,0.224214,0.0224214,0,0,0,0,0,0
64362,64374,64368,24.7,-104.734,39.5675,26.2592,-49.29,633.308,1.97958,0.827081,59.4265,0.215553,0.000465771,0.19313,0.241413,0.144848,0.241413,0.241413,0.434543,0.362119,0.120706,0,0,0,0,0,0,0
64375,64387,64381,24.6,-104.733,39.5675,26.6764,-49.6864,629.338,2.05144,0.910436,69.5984,0.229336,0.000559048,0.196714,0.224816,0.196714,0.224816,0.393428,0.196714,0.393428,0.196714,0.028102,0,0,0,0,0,0
64388,64401,64394,24.5,-104.733,39.5672,27.1,-49.7929,626.223,1.93165,0.807714,63.9455,0.237506,0.000492612,0.197555,0.175605,0.395111,0.285358,0.153654,0.219506,0.329259,0.131704,0.0219506,0.0219506,0,0,0,0,0
