api/data/B2SAP/Locations/Boulder/NOAA-POPS-B2SAP_GMLBalloon_20210201_R0.ict
61,1001
Thornberry, T. D.
NOAA Chemical Sciences Laboratory
Portable Optical Particle Spectrometer (POPS)
Balloon Baseline Stratospheric Aerosol Profiles (B2SAP)
1,1
2021,02,01,2024,05,30
0
TIME_START,s,Seconds since midnight UTC on flight start day,Start time of 100 m altitude bin in UTC_seconds_since_midnight
28
1.0,1.0,1.0,1.0,1.0,1.0,1.0,1.0,1.0,1.0,1.0,1.0,1.0,1.0,1.0,1.0,1.0,1.0,1.0,1.0,1.0,1.0,1.0,1.0,1.0,1.0,1.0,1.0
99999,99999,99999,99999,99999,99999,99999,99999,99999,99999,99999,99999,99999,99999,99999,99999,99999,99999,99999,99999,99999,99999,99999,99999,99999,99999,99999,99999
TIME_STOP,s,End time of 100 m altitude bin in UTC seconds since midnight,
TIME_MID,s,Mid time of 100 m altitude in UTC seconds since midnight,
GPSAlt,m,GPS reported altitude above sea level (m),
GPS_Lon,deg,GPS reported longitude,
GPS_Lat,deg,GPS reported latitude,
iMet_Pressure,mb,Pressure reported (mB),
iMet_Temperature,degrees C,Ambient temperature (oC),
THETA,K,Potential temperature from iMet,
Aerosol_concentration,cm^-3,Aerosol concentration,
Surface_Area_Conc,um^2 cm^-3,Surface area concentration,
Volume_density,um^3 cm^-3,Volume density,
Effective_radius,um,Effective radius,
Extinction,km^-1,Extinction,
Bin01,cm^-3,particle concentration in size range [140 - 170 nm],
Bin02,cm^-3,particle concentration in size range [170 - 205 nm],
Bin03,cm^-3,particle concentration in size range [205 - 249 nm],
Bin04,cm^-3,particle concentration in size range [249 - 302 nm],
Bin05,cm^-3,particle concentration in size range [302 - 366 nm],
Bin06,cm^-3,particle concentration in size range [366 - 443 nm],
Bin07,cm^-3,particle concentration in size range [443 - 537 nm],
Bin08,cm^-3,particle concentration in size range [537 - 651 nm],
Bin09,cm^-3,particle concentration in size range [651 - 789 nm],
Bin10,cm^-3,particle concentration in size range [789 - 956 nm],
Bin11,cm^-3,particle concentration in size range [956 - 1159 nm],
Bin12,cm^-3,particle concentration in size range [1159 - 1404 nm],
Bin13,cm^-3,particle concentration in size range [1404 - 1702 nm],
Bin14,cm^-3,particle concentration in size range [1702 - 2062 nm],
Bin15,cm^-3,particle concentration in size range [2062 - 2500 nm],
0
19
PI_CONTACT_INFO: 325 Broadway R/CSL6, Boulder, CO 80305; troy.thornberry@noaa.gov; 303-497-3373 
PLATFORM: GML ECC/FPH balloon
LOCATION: Boulder, CO, USA
ASSOCIATED_DATA: N/A
INSTRUMENT_INFO: Printed Optical Particle Spectrometer counts particles from 140 - 2500 nm in diameter 
DATA_INFO: Particle concentrations reported in number per cubic centimeter, binned to 100 m altitude
UNCERTAINTY: Counting uncertainty dominated by air flow, less than 5 percent
ULOD_FLAG: -77777
ULOD_VALUE: 3000 ~3000 per cm3 (varies depending on flow rate- manufacturer quotes 1250  per cm3 at 1.667 cc/s)
LLOD_FLAG: -88888
LLOD_VALUE: 0 0 (varies depending on data field and measurement precision)
DM_CONTACT_INFO: Troy Thornberry, 325 Broadway R/CSL6, Boulder, CO 80305; troy.thornberry@noaa.gov; 303-497-3373
PROJECT_INFO: B2SAP Boulder, CO, USA
STIPULATIONS_ON_USE: Please contact the PIs for questions regarding applications and uncertainties
OTHER_COMMENTS: POPS bin Edges (nm):  140, 170, 205, 249, 302, 366, 443, 537, 651, 789, 956, 1159, 1404, 1702, 2062, 2500
Calculations assume sulfate refractive index of 1.45+0.00j and extinction wavelength = 532 nm
REVISION: R0
R0: QA/QC data
TIME_START,TIME_STOP,TIME_MID,GPSAlt,GPS_Lon,GPS_Lat,iMet_Pressure,iMet_Temperature,THETA,Aerosol_concentration,Surface_Area_Conc,Volume_density,Effective_radius,Extinction,Bin01,Bin02,Bin03,Bin04,Bin05,Bin06,Bin07,Bin08,Bin09,Bin10,Bin11,Bin12,Bin13,Bin14,Bin15
[from data line 152]
64958,64980,64969,16.9,-104.135,39.7076,90.2343,-67.2324,409.407,7.66298,1.39735,95.2326,0.204457,0.000533478,3.54902,1.79624,0.883633,0.37663,0.449059,0.188315,0.231772,0.130372,0.0144858,0.0289716,0,0,0.0144858,0,0
64981,65003,64992,17,-104.13,39.7058,88.719,-67.689,410.489,6.98355,1.24912,111.718,0.268314,0.000415359,3.24444,1.83318,0.567413,0.494668,0.436472,0.203687,0.101843,0.0727453,0,0,0,0.0145491,0,0.0145491,0
65004,65028,65016,17.1,-104.124,39.7041,87.3021,-67.4688,412.822,7.07272,1.36329,88.8132,0.195438,0.000537484,2.91829,1.73313,0.790105,0.547976,0.395053,0.254873,0.254873,0.114693,0.0382309,0.0127436,0.0127436,0,0,0,0
65029,65055,65042,17.2,-104.118,39.7021,85.8056,-67.5911,414.612,7.14563,1.50495,103.226,0.205773,0.000683109,2.93501,1.51266,0.914369,0.53056,0.474117,0.270924,0.282213,0.112885,0.045154,0.0677311,0,0,0,0,0
65056,65081,65068,17.3,-104.112,39.7006,84.3373,-68.0319,415.779,6.7851,1.36826,92.5489,0.202919,0.000571279,2.82223,1.56398,0.776112,0.48213,0.423334,0.258704,0.305741,0.0587964,0.0587964,0.0235186,0.0117593,0,0,0,0
65082,65104,65093,17.4,-104.107,39.6994,82.9835,-68.7255,416.288,6.74341,1.24464,70.4739,0.169866,0.000462263,2.68204,1.5939,0.90423,0.444452,0.49043,0.183911,0.321845,0.0919556,0.0306519,0,0,0,0,0,0
65106,65125,65116,17.5,-104.102,39.6984,81.6159,-67.9018,419.95,6.82723,1.54782,97.8257,0.189606,0.000689001,2.49078,1.46938,0.698851,0.555497,0.501739,0.519658,0.394223,0.125435,0.071677,0,0,0,0,0,0
65126,65148,65137,17.6,-104.097,39.6971,80.2295,-67.6527,422.534,6.96399,1.44459,92.7984,0.192716,0.000610935,2.53362,1.64754,0.955299,0.526107,0.526107,0.318433,0.249208,0.138449,0.0276898,0.0415347,0,0,0,0,0
65149,65172,65160,17.7,-104.09,39.6953,78.897,-67.8791,424.086,5.96335,1.3556,92.1579,0.203949,0.000653202,2.44923,1.18468,0.638931,0.452576,0.386021,0.279532,0.292843,0.212977,0.0399332,0.0266221,0,0,0,0,0
65173,65201,65187,17.8,-104.084,39.6931,77.5166,-67.6117,426.785,6.12383,1.39646,92.9966,0.199783,0.000634613,2.07999,1.33035,0.855224,0.485683,0.57015,0.306191,0.295633,0.105583,0.06335,0.031675,0,0,0,0,0
65202,65235,65218,17.9,-104.077,39.6908,76.1924,-67.6685,428.778,6.19801,1.58277,121.192,0.229708,0.000734753,1.92064,1.43816,0.862897,0.463923,0.547429,0.352581,0.324746,0.222683,0.0185569,0.0185569,0.00927846,0.0185569,0,0,0
65236,65250,65243,18,-104.072,39.689,75.1093,-66.7673,432.419,6.49733,1.51427,103.99,0.20602,0.000607233,2.05072,1.13703,0.954295,0.751254,0.873079,0.284258,0.284258,0.0812166,0.0609125,0,0,0.0203042,0,0,0
65251,65265,65258,18.1,-104.07,39.6878,73.8013,-64.1093,440.195,5.97636,1.46694,95.0608,0.194407,0.000660575,1.79291,1.2496,0.706297,0.579526,0.633857,0.470865,0.362204,0.126771,0.0362204,0.0181102,0,0,0,0,0
65266,65282,65274,18.2,-104.069,39.6864,72.6006,-63.5241,443.502,5.63091,1.50827,101.621,0.202127,0.000746873,1.67018,1.08164,0.7317,0.445383,0.620354,0.286317,0.540822,0.238598,0,0.0159065,0,0,0,0,0
65283,65300,65292,18.3,-104.068,39.685,71.3689,-63.4378,445.85,5.23046,1.4667,100.459,0.205479,0.000722081,1.2739,0.974155,0.704389,0.569506,0.674415,0.419636,0.404649,0.119896,0.074935,0.014987,0,0,0,0,0
65301,65320,65310,18.4,-104.067,39.6833,70.1344,-64.1667,446.532,5.32846,1.57233,116.714,0.222689,0.000836538,1.32459,1.12891,0.617137,0.617137,0.526825,0.42146,0.376303,0.225782,0.0301043,0.0602085,0,0,0,0,0
65321,65342,65332,18.5,-104.067,39.6815,68.9855,-64.8805,447.105,5.12161,1.40585,95.3706,0.203516,0.000672392,1.08603,1.08603,0.777497,0.580038,0.629403,0.407261,0.345554,0.148095,0.0370237,0.0246825,0,0,0,0,0
65343,65367,65355,18.6,-104.066,39.6795,67.8308,-65.6508,447.603,5.81244,1.61865,114.583,0.212367,0.00076312,1.3683,1.06298,0.848119,0.746345,0.689803,0.45233,0.429714,0.147007,0.0339248,0.0226165,0.0113083,0,0,0,0
65368,65389,65378,18.7,-104.066,39.6775,66.7595,-65.7927,449.344,5.27886,1.3294,83.545,0.188533,0.000588417,1.33205,1.01137,0.838697,0.518019,0.727693,0.333012,0.320678,0.172673,0.0246676,0,0,0,0,0,0
65390,65417,65404,18.8,-104.064,39.6756,65.6015,-64.527,454.346,5.49835,1.43454,96.3516,0.201496,0.000626776,1.22186,1.19181,0.891354,0.600913,0.540822,0.560852,0.330502,0.110167,0.0400609,0,0,0.0100152,0,0,0
65418,65445,65432,18.9,-104.062,39.6737,64.5156,-62.5033,460.951,5.30342,1.42304,90.7031,0.191217,0.000647623,1.24903,1.0706,0.703818,0.475821,0.693905,0.535298,0.426256,0.118955,0.0297388,0,0,0,0,0,0
65446,65470,65458,19,-104.06,39.6719,63.5296,-62.1362,463.79,5.14004,1.43601,92.6125,0.193478,0.000662711,1.00348,0.958879,0.780483,0.680135,0.602087,0.501739,0.47944,0.0891981,0.044599,0,0,0,0,0,0
65471,65498,65484,19.1,-104.058,39.6701,62.4488,-61.8612,466.669,4.57904,1.18219,75.1624,0.190737,0.000522096,0.936389,1.029,0.710009,0.555659,0.535079,0.36015,0.3087,0.12348,0.01029,0.01029,0,0,0,0,0
65499,65524,65512,19.2,-104.056,39.6687,61.4615,-61.5912,469.41,4.49834,1.17812,74.0914,0.188669,0.000522192,0.983691,0.881223,0.696781,0.522586,0.584066,0.368884,0.31765,0.122961,0.0204936,0,0,0,0,0,0
65525,65548,65536,19.3,-104.055,39.6679,60.4057,-61.2852,472.412,5.03229,1.34253,86.2553,0.192745,0.000598369,1.18543,0.813533,0.767046,0.662449,0.615961,0.534608,0.290548,0.127841,0.0232438,0.0116219,0,0,0,0,0
65549,65571,65560,19.4,-104.055,39.6672,59.5045,-61.9032,473.064,4.55202,1.35739,97.6031,0.215715,0.000646638,0.937182,0.693758,0.693758,0.596388,0.7181,0.389478,0.316451,0.158225,0.0243424,0.0121712,0.0121712,0,0,0,0
65572,65593,65582,19.5,-104.055,39.6669,58.5524,-62.7495,473.348,5.04711,1.33925,88.3746,0.197964,0.00062123,1.11164,1.06053,0.804982,0.5111,0.66443,0.383325,0.332215,0.114997,0.05111,0.0127775,0,0,0,0,0
65594,65615,65604,19.6,-104.055,39.6665,57.563,-63.6645,473.581,4.36288,1.21836,81.7207,0.201224,0.000576007,0.891486,0.729398,0.891486,0.324177,0.702383,0.378206,0.283655,0.0945516,0.0540295,0.0135074,0,0,0,0,0
65616,65640,65628,19.7,-104.054,39.6664,56.62,-63.5525,476.09,4.3908,1.15006,71.9388,0.187657,0.000511169,0.875914,0.988211,0.67378,0.505335,0.516565,0.33689,0.34812,0.145986,0,0,0,0,0,0,0
65641,65664,65652,19.8,-104.053,39.6665,55.6692,-62.9025,479.872,4.62992,1.24577,78.8972,0.189996,0.00055081,0.840785,0.863206,0.851995,0.582944,0.594155,0.459629,0.302683,0.0896837,0.0448419,0,0,0,0,0,0
65665,65685,65675,19.9,-104.052,39.6661,54.8062,-63.2838,481.147,4.28122,1.22057,83.1489,0.20437,0.000605822,0.948534,0.7819,0.71781,0.474267,0.461449,0.333269,0.333269,0.205088,0.012818,0.012818,0,0,0,0,0
65686,65705,65696,20,-104.051,39.6654,53.9284,-63.4468,483,4.30963,1.22445,80.9178,0.198255,0.0005731,0.822233,0.822233,0.609586,0.538704,0.637939,0.382764,0.340234,0.127588,0.0141764,0.0141764,0,0,0,0,0
65706,65727,65716,20.1,-104.051,39.6648,52.9495,-64.3805,483.363,3.73809,0.914776,54.8155,0.179767,0.000369246,0.85605,0.699108,0.613503,0.470828,0.470828,0.356688,0.185478,0.0713375,0.0142675,0,0,0,0,0,0
65728,65749,65738,20.2,-104.05,39.6643,52.0936,-64.6327,485.046,4.14215,1.15613,76.3457,0.198107,0.000538767,0.786639,0.835804,0.577688,0.528523,0.639144,0.282698,0.381028,0.0614562,0.0368737,0.0122912,0,0,0,0,0
65752,65773,65762,20.3,-104.049,39.6636,51.2083,-64.9222,486.743,4.25212,1.2208,78.7211,0.19345,0.000563932,0.685064,0.779555,0.720498,0.602384,0.507892,0.448835,0.366155,0.118114,0.0236229,0,0,0,0,0,0
65774,65797,65786,20.4,-104.048,39.6628,50.365,-64.4427,490.183,3.98412,1.20022,81.5253,0.203776,0.000605597,0.764753,0.740084,0.641406,0.345372,0.567397,0.320703,0.44405,0.111013,0.0493389,0,0,0,0,0,0
65798,65820,65809,20.5,-104.047,39.6617,49.5926,-63.6052,494.335,3.83231,1.05412,68.5632,0.195129,0.0004788,0.734336,0.768758,0.527804,0.481908,0.608122,0.298324,0.309798,0.068844,0.022948,0.011474,0,0,0,0,0
65821,65844,65832,20.6,-104.046,39.6604,48.7896,-63.5371,496.798,3.63853,1.01008,64.0273,0.190165,0.000455804,0.725661,0.694999,0.582573,0.286176,0.53147,0.408823,0.337279,0.0511029,0.0204412,0,0,0,0,0,0
65845,65870,65858,20.7,-104.046,39.6589,47.9621,-63.3696,499.641,3.98709,1.16006,80.6046,0.20845,0.000536931,0.756524,0.725855,0.644068,0.419155,0.613398,0.316922,0.419155,0.0511165,0.0306699,0,0.0102233,0,0,0,0
65871,65895,65883,20.8,-104.046,39.6571,47.1748,-62.88,503.176,3.54398,0.920028,55.9655,0.182491,0.000382879,0.64436,0.702938,0.595544,0.400284,0.585781,0.292891,0.263602,0.0390521,0.019526,0,0,0,0,0,0
65896,65919,65908,20.9,-104.046,39.6554,46.4364,-61.4586,508.861,3.75182,0.996175,63.9532,0.192596,0.000442826,0.794504,0.695191,0.640017,0.397252,0.540704,0.297939,0.308974,0.0441391,0.0220695,0.0110348,0,0,0,0,0
65920,65941,65930,21,-104.045,39.6541,45.7109,-61.2227,511.735,3.77828,0.939985,54.9134,0.175258,0.000361641,0.742359,0.609399,0.764519,0.45428,0.531839,0.43212,0.19944,0.03324,0.01108,0,0,0,0,0,0
65943,65965,65954,21.1,-104.044,39.6529,44.9787,-61.4825,513.462,3.48335,0.882981,53.6385,0.182241,0.00036869,0.609333,0.832755,0.578866,0.385911,0.467155,0.264044,0.304667,0.0203111,0.0203111,0,0,0,0,0,0
65967,65988,65978,21.2,-104.043,39.6519,44.1714,-62.3895,513.919,3.4843,0.87406,51.8682,0.178025,0.000347151,0.734709,0.500938,0.656785,0.534334,0.478674,0.300563,0.222639,0.0445278,0.0111319,0,0,0,0,0,0
65989,66010,66000,21.3,-104.042,39.6512,43.4285,-62.85,515.287,3.4703,0.881028,56.1208,0.191098,0.000390667,0.812197,0.602995,0.652219,0.381486,0.504547,0.196896,0.209202,0.0615301,0.0492241,0,0,0,0,0,0
66011,66032,66022,21.4,-104.041,39.6503,42.7355,-62.925,517.471,3.58596,1.01983,70.5507,0.207537,0.000513091,0.82667,0.770814,0.446848,0.36865,0.446848,0.256938,0.312794,0.100541,0.0446848,0.0111712,0,0,0,0,0
66033,66054,66044,21.5,-104.04,39.6485,42.0585,-62.22,521.592,3.56823,0.95516,60.327,0.189477,0.000428472,0.784765,0.674407,0.576312,0.318811,0.50274,0.331073,0.269763,0.0980956,0.0122619,0,0,0,0,0,0
66055,66077,66066,21.6,-104.04,39.6468,41.3643,-62.1514,524.239,3.54332,1.01989,75.5083,0.222106,0.000482393,0.771811,0.725035,0.514541,0.374212,0.467764,0.25727,0.339129,0.0350823,0.0350823,0.0116941,0,0.0116941,0,0,0
66078,66101,66090,21.7,-104.039,39.6455,40.6627,-61.8905,527.464,3.48853,0.981675,63.7212,0.194732,0.000459175,0.735601,0.534983,0.613001,0.3678,0.546128,0.267491,0.289782,0.111455,0.0222909,0,0,0,0,0,0
66102,66124,66113,21.8,-104.038,39.6444,40.0214,-61.9536,529.705,3.55071,0.952018,60.8133,0.191635,0.000440039,0.826265,0.770436,0.491293,0.234481,0.52479,0.256812,0.346138,0.089326,0.0111657,0,0,0,0,0,0
66125,66146,66136,21.9,-104.037,39.6431,39.3464,-62.4305,531.079,3.12026,0.753038,45.7899,0.182421,0.000301191,0.693391,0.65984,0.436165,0.469717,0.39143,0.223675,0.201307,0.0335512,0,0.0111837,0,0,0,0,0
66147,66170,66158,22,-104.036,39.6415,38.6795,-62.715,532.967,3.2243,0.870835,55.6553,0.191731,0.00039975,0.685304,0.606663,0.483083,0.438145,0.415676,0.190986,0.292097,0.10111,0.0112345,0,0,0,0,0,0
66171,66194,66182,22.1,-104.035,39.6393,38.06,-62.9821,534.743,3.0797,0.86106,54.7495,0.190751,0.000390545,0.504524,0.620144,0.515035,0.34686,0.472991,0.283795,0.199708,0.136642,0,0,0,0,0,0,0
66195,66217,66206,22.2,-104.035,39.637,37.4057,-63.0765,537.167,3.43187,0.87399,53.5609,0.18385,0.000371421,0.866407,0.472585,0.66387,0.315057,0.517594,0.270049,0.247545,0.0675122,0.011252,0,0,0,0,0,0
66218,66238,66228,22.3,-104.036,39.6346,36.8081,-63.2252,539.257,3.40248,0.964656,62.9952,0.19591,0.000457686,0.705699,0.64269,0.466265,0.441062,0.390655,0.302442,0.35285,0.0756106,0.0252035,0,0,0,0,0,0
66239,66260,66250,22.4,-104.037,39.6328,36.1859,-63.2782,541.751,3.56264,0.899441,55.0935,0.183759,0.000388161,0.936256,0.693073,0.413412,0.462049,0.376934,0.279661,0.340457,0.0607959,0,0,0,0,0,0,0
66261,66281,66271,22.5,-104.038,39.6315,35.6065,-63.3835,543.989,2.94362,0.741053,45.4725,0.184086,0.000314609,0.70865,0.476976,0.44972,0.463348,0.381581,0.163535,0.231674,0.0545115,0.0136279,0,0,0,0,0,0
66282,66301,66292,22.6,-104.039,39.6306,35.0756,-63.0272,547.248,3.15312,0.8344,54.7589,0.19688,0.000378352,0.584481,0.815197,0.384527,0.399908,0.43067,0.199954,0.261478,0.0461432,0.0153811,0.0153811,0,0,0,0,0
66303,66326,66314,22.7,-104.039,39.6293,34.469,-62.354,551.756,2.47923,0.633444,40.6437,0.192489,0.000275264,0.700348,0.364181,0.392195,0.210104,0.378188,0.210104,0.18209,0.0280139,0,0.014007,0,0,0,0,0
66327,66353,66340,22.8,-104.039,39.6277,33.8759,-61.49,556.763,2.88175,0.641149,36.0223,0.168552,0.000230711,0.689114,0.616026,0.396763,0.417645,0.417645,0.177499,0.114852,0.0522056,0,0,0,0,0,0,0
66354,66377,66366,22.9,-104.039,39.6261,33.295,-61.2829,560.072,3.11872,0.686959,40.739,0.17791,0.000274056,0.904668,0.690405,0.523755,0.238071,0.333299,0.214264,0.130939,0.0714212,0.0119035,0,0,0,0,0,0
66378,66399,66388,23,-104.039,39.6247,32.7643,-61.0371,563.302,2.61113,0.653406,41.4078,0.190116,0.000299724,0.759852,0.538804,0.373018,0.207232,0.234863,0.15197,0.303941,0.027631,0.0138155,0,0,0,0,0,0
66400,66423,66412,23.1,-104.038,39.6234,32.26,-61.0391,565.791,3.01161,0.706116,40.8818,0.17369,0.000273082,0.803948,0.510443,0.497682,0.344549,0.35731,0.255222,0.216938,0.0255222,0,0,0,0,0,0,0
66424,66446,66435,23.2,-104.038,39.6218,31.7191,-61.0809,568.431,2.74653,0.734172,49.1125,0.200685,0.000348426,0.686631,0.544123,0.41457,0.285017,0.285017,0.181374,0.285017,0.0388659,0.0129553,0.0129553,0,0,0,0,0
66447,66469,66458,23.3,-104.038,39.6201,31.1917,-61.1365,570.999,3.09693,0.710572,40.5297,0.171114,0.000267054,0.836301,0.614158,0.405083,0.287478,0.509621,0.222142,0.196008,0.0261344,0,0,0,0,0,0,0
66470,66491,66480,23.4,-104.039,39.6184,30.689,-60.9129,574.272,2.89439,0.664351,38.6008,0.174309,0.000259715,0.859719,0.573146,0.358216,0.272244,0.358216,0.243587,0.200601,0.0286573,0,0,0,0,0,0,0
66492,66513,66502,23.5,-104.039,39.617,30.1764,-61.2464,576.127,2.25164,0.500249,28.8374,0.172938,0.000190698,0.685283,0.503473,0.251737,0.18181,0.265722,0.237751,0.0839122,0.0419561,0,0,0,0,0,0,0
66514,66536,66525,23.6,-104.04,39.6155,29.6636,-61.0927,579.381,2.11497,0.481458,27.1153,0.168957,0.000175833,0.592192,0.267897,0.366595,0.310196,0.296096,0.126898,0.140998,0.0140998,0,0,0,0,0,0,0
66537,66559,66548,23.7,-104.041,39.6139,29.1795,-61.2982,581.544,2.15404,0.531875,31.1856,0.1759,0.000210058,0.545691,0.287206,0.373367,0.301566,0.244125,0.215404,0.172323,0.0143603,0,0,0,0,0,0,0
66560,66583,66572,23.8,-104.042,39.6125,28.6914,-61.1464,584.772,2.24638,0.481685,26.9397,0.167784,0.000177059,0.598063,0.495955,0.437607,0.175043,0.23339,0.116695,0.18963,0,0,0,0,0,0,0,0
66584,66605,66594,23.9,-104.044,39.6112,28.1995,-60.7795,588.689,2.0119,0.496112,30.8696,0.186669,0.000221204,0.645038,0.245729,0.399309,0.199655,0.138222,0.138222,0.199655,0.0460741,0,0,0,0,0,0,0
66606,66625,66616,24,-104.045,39.6097,27.7789,-61.1989,590.043,2.31321,0.489123,27.8782,0.170989,0.00018248,0.650589,0.506014,0.343367,0.361438,0.180719,0.108432,0.108432,0.0542158,0,0,0,0,0,0,0
66627,66647,66637,24.1,-104.047,39.608,27.3005,-61.1363,593.169,1.77976,0.247865,11.3557,0.137442,5.96615e-05,0.907327,0.331523,0.261729,0.12214,0.0697944,0.0523458,0.0174486,0.0174486,0,0,0,0,0,0,0
66648,66668,66658,24.2,-104.048,39.6065,26.8471,-61.029,596.304,0.971769,0.171963,10.049,0.175312,6.81432e-05,0.446058,0.207098,0.127445,0.0637226,0.0637226,0,0.0159306,0.0477919,0,0,0,0,0,0,0
66669,66692,66680,24.3,-104.05,39.6048,26.3914,-61.5614,597.735,1.44219,0.218964,10.3216,0.141415,5.48747e-05,0.712992,0.243065,0.145839,0.145839,0.113431,0.0648174,0,0.0162044,0,0,0,0,0,0,0
66694,66713,66704,24.4,-104.052,39.6035,25.963,-61.682,600.186,1.34829,0.241902,12.669,0.157117,7.85875e-05,0.563209,0.273071,0.187736,0.0682678,0.102402,0.0853348,0.0682678,0,0,0,0,0,0,0,0
66714,66735,66724,24.5,-104.053,39.6023,25.5352,-62.1833,601.614,1.49205,0.284982,15.4771,0.162927,0.000100576,0.563663,0.314988,0.232096,0.0497349,0.182361,0.0331566,0.116048,0,0,0,0,0,0,0,0
66736,66758,66747,24.6,-104.055,39.6011,25.1026,-61.7339,605.849,1.62807,0.37981,22.5351,0.177998,0.000153929,0.441251,0.319527,0.228233,0.243449,0.13694,0.106509,0.121725,0.0304311,0,0,0,0,0,0,0
