api/data/B2SAP/Locations/Boulder/NOAA-POPS-B2SAP_GMLBalloon_20231221_R0.ict
82,1001
Thornberry, T. D.
NOAA Chemical Sciences Laboratory
Portable Optical Particle Spectrometer (POPS)
Balloon Baseline Stratospheric Aerosol Profiles (B2SAP)
1,1
2023,12,21,2024,05,28
0
TIME_START,s,Seconds since midnight UTC on flight start day,Start time of 100 m altitude bin in UTC_seconds_since_midnight
49
1.0,1.0,1.0,1.0,1.0,1.0,1.0,1.0,1.0,1.0,1.0,1.0,1.0,1.0,1.0,1.0,1.0,1.0,1.0,1.0,1.0,1.0,1.0,1.0,1.0,1.0,1.0,1.0,1.0,1.0,1.0,1.0,1.0,1.0,1.0,1.0,1.0,1.0,1.0,1.0,1.0,1.0,1.0,1.0,1.0,1.0,1.0,1.0,1.0
99999,99999,99999,99999,99999,99999,99999,99999,99999,99999,99999,99999,99999,99999,99999,99999,99999,99999,99999,99999,99999,99999,99999,99999,99999,99999,99999,99999,99999,99999,99999,99999,99999,99999,99999,99999,99999,99999,99999,99999,99999,99999,99999,99999,99999,99999,99999,99999,99999
TIME_STOP,s,End time of 100 m altitude bin in UTC seconds since midnight,
TIME_MID,s,Mid time of 100 m altitude in UTC seconds since midnight,
GPSAlt,km,GPS reported altitude above sea level (km),
GPS_Lon,deg,GPS reported longitude,
GPS_Lat,deg,GPS reported latitude,
iMet_Pressure,hPa,Pressure reported (hPa),
iMet_Temperature,degrees C,Ambient temperature (oC),
THETA,K,Potential temperature from iMet,
Aerosol_concentration,cm^-3,Aerosol concentration,
Surface_Area_Conc,um^2 cm^-3,Surface area concentration,
Volume_density,um^3 cm^-3,Volume density,
Effective_radius,um,Effective radius,
Extinction,km^-1,Extinction,
Bin01,cm^-3,particle concentration in size range [140 - 146.14 nm],
Bin02,cm^-3,particle concentration in size range [146.14 - 152.56 nm],
Bin03,cm^-3,particle concentration in size range [152.56 - 159.25 nm],
Bin04,cm^-3,particle concentration in size range [159.25 - 166.24 nm],
Bin05,cm^-3,particle concentration in size range [166.24 - 173.54 nm],
Bin06,cm^-3,particle concentration in size range [173.54 - 181.16 nm],
Bin07,cm^-3,particle concentration in size range [181.16 - 189.11 nm],
Bin08,cm^-3,particle concentration in size range [189.11 - 197.41 nm],
Bin09,cm^-3,particle concentration in size range [197.41 - 206.07 nm],
Bin10,cm^-3,particle concentration in size range [206.07 - 215.12 nm],
Bin11,cm^-3,particle concentration in size range [215.12 - 224.56 nm],
Bin12,cm^-3,particle concentration in size range [224.56 - 234.41 nm],
Bin13,cm^-3,particle concentration in size range [234.41 - 244.70 nm],
Bin14,cm^-3,particle concentration in size range [244.70 - 361.30 nm],
Bin15,cm^-3,particle concentration in size range [361.30 - 472.80 nm],
Bin16,cm^-3,particle concentration in size range [472.80 - 567.00 nm],
Bin17,cm^-3,particle concentration in size range [567.00 - 610.66 nm],
Bin18,cm^-3,particle concentration in size range [610.66 - 657.69 nm],
Bin19,cm^-3,particle concentration in size range [657.69 - 708.33 nm],
Bin20,cm^-3,particle concentration in size range [708.33 - 762.88 nm],
Bin21,cm^-3,particle concentration in size range [762.88 - 821.62 nm],
Bin22,cm^-3,particle concentration in size range [821.62 - 884.89 nm],
Bin23,cm^-3,particle concentration in size range [884.89 - 953.03 nm],
Bin24,cm^-3,particle concentration in size range [953.03 - 1026.42 nm],
Bin25,cm^-3,particle concentration in size range [1026.42 - 1105.46 nm],
Bin26,cm^-3,particle concentration in size range [1105.46 - 1190.59 nm]],
[...]
LOCATION: Boulder, CO, USA
ASSOCIATED_DATA: N/A
INSTRUMENT_INFO: Printed Optical Particle Spectrometer counts particles from 140 - 2500 nm in diameter 
DATA_INFO: Particle concentrations reported in number per cubic centimeter, binned to 100 m altitude
UNCERTAINTY: Counting uncertainty dominated by air flow, less than 5 percent
ULOD_FLAG: -77777
ULOD_VALUE: 3000 ~3000 per cm3 (varies depending on flow rate- manufacturer quotes 1250  per cm3 at 1.667 cc/s)
LLOD_FLAG: -88888
LLOD_VALUE: 0 0 (varies depending on data field and measurement precision)
DM_CONTACT_INFO: Troy Thornberry, 325 Broadway R/CSL6, Boulder, CO 80305; troy.thornberry@noaa.gov; 303-497-3373
PROJECT_INFO: B2SAP Boulder, CO, USA
STIPULATIONS_ON_USE: Please contact the PIs for questions regarding applications and uncertainties
OTHER_COMMENTS: POPS bin Edges (nm):  140, 146.14, 152.56, 159.25, 166.24, 173.54, 181.16, 189.11, 197.41, 206.07, 215.12, 224.56, 234.41, 244.70, 361.30, 472.80, 567.00, 610.66, 657.69, 708.33, 762.88, 821.62, 884.89, 953.03, 1026.42, 1105.46, 1190.59, 1282.27, 1381.01, 1487.36, 1601.89, 1725.25, 1858.10, 2001.18, 2155.28, 2321.25, 2500
Calculations assume sulfate refractive index of 1.45+0.00j and extinction wavelength = 532 nm
REVISION: R0
R0: QA/QC data
TIME_START,TIME_STOP,TIME_MID,GPSAlt,GPS_Lon,GPS_Lat,iMet_Pressure,iMet_Temperature,THETA,Aerosol_concentration,Surface_Area_Conc,Volume_density,Effective_radius,Extinction,Bin01,Bin02,Bin03,Bin04,Bin05,Bin06,Bin07,Bin08,Bin09,Bin10,Bin11,Bin12,Bin13,Bin14,Bin15,Bin16,Bin17,Bin18,Bin19,Bin20,Bin21,Bin22,Bin23,Bin24,Bin25,Bin26,Bin27,Bin28,Bin29,Bin30,Bin31,Bin32,Bin33,Bin34,Bin35,Bin36
[from data line 499]
74138,74179,74158,5.9,-104.285,40.0409,488.92,-19.729,310.909,16.8651,2.15077,98.1834,0.136951,0.000502614,3.06117,2.4872,2.11412,1.72191,1.29143,0.994879,0.79399,0.631366,0.593101,0.449609,0.353947,0.258286,0.325249,1.26273,0.229588,0.191323,0.0382646,0,0.0382646,0,0.0286984,0,0,0,0,0,0,0,0,0,0,0,0,0,0,0
74180,74217,74198,5.8,-104.282,40.0388,495.462,-19.0708,310.535,16.9485,1.91981,80.7607,0.126201,0.000370164,3.69605,2.96475,2.06544,1.67014,1.26496,0.879541,0.988248,0.553419,0.434829,0.345887,0.365652,0.326122,0.177885,0.830129,0.187767,0.128472,0.00988248,0.0296475,0.00988248,0,0.00988248,0,0.00988248,0,0,0,0,0,0,0,0,0,0,0,0,0
74218,74253,74236,5.7,-104.279,40.0367,502.165,-18.0214,310.622,16.75,1.99847,92.6855,0.139135,0.000461271,3.45946,2.87084,2.16862,1.84849,1.22888,0.950061,0.660912,0.722872,0.516337,0.320129,0.258169,0.175555,0.237515,0.867447,0.227188,0.123921,0.0309802,0.0103267,0.0103267,0.0309802,0,0.0103267,0.0206535,0,0,0,0,0,0,0,0,0,0,0,0,0
74254,74283,74268,5.6,-104.275,40.0347,508.863,-17.1133,310.549,17.8995,2.09974,88.061,0.125817,0.000409591,3.73265,2.88264,2.10654,1.67538,1.36741,1.25653,0.825371,0.652905,0.529716,0.468121,0.320293,0.332612,0.160147,1.12103,0.283336,0.0985517,0.0369569,0.0246379,0,0.012319,0.012319,0,0,0,0,0,0,0,0,0,0,0,0,0,0,0
74284,74313,74298,5.5,-104.273,40.0329,515.557,-16.2444,310.442,18.6037,2.22674,101.606,0.13689,0.000491634,3.96607,3.06655,2.42598,1.81267,1.56735,0.776859,0.858634,0.654197,0.381615,0.599681,0.340728,0.286211,0.313469,1.0767,0.190808,0.190808,0.0408873,0,0.0136291,0,0,0.0136291,0.0272582,0,0,0,0,0,0,0,0,0,0,0,0,0
74314,74342,74328,5.4,-104.27,40.0311,522.55,-15.7934,309.793,23.2123,2.65435,108.992,0.123185,0.000489861,4.77371,3.77007,2.95944,2.05874,2.17455,1.38965,1.09371,0.733427,0.694826,0.681959,0.334546,0.45035,0.283077,1.26098,0.295944,0.18014,0.0386014,0,0.0257343,0,0,0.0128671,0,0,0,0,0,0,0,0,0,0,0,0,0,0
74343,74372,74358,5.3,-104.267,40.0294,529.538,-15.462,309.018,18.8796,2.3232,105.822,0.136651,0.000539864,3.71283,3.13043,2.36602,2.11122,1.33468,1.04348,0.873608,0.74014,0.546005,0.38827,0.364003,0.376137,0.218402,0.994942,0.376137,0.169868,0.0728007,0.0121334,0.0242669,0,0.0121334,0,0.0121334,0,0,0,0,0,0,0,0,0,0,0,0,0
74373,74403,74388,5.2,-104.265,40.0277,536.707,-15.3987,307.907,9.52371,1.16987,52.3006,0.13412,0.000269041,2.05344,1.45157,1.08573,0.979514,0.849699,0.590069,0.283233,0.271432,0.271432,0.25963,0.247829,0.177021,0.0590069,0.68448,0.0826096,0.106212,0.0236027,0.0236027,0.0118014,0.0118014,0,0,0,0,0,0,0,0,0,0,0,0,0,0,0,0
74404,74435,74420,5.1,-104.263,40.0264,543.721,-14.5169,307.817,11.5981,1.44403,72.2997,0.150204,0.000378607,2.52281,1.86071,1.4041,1.28994,0.901818,0.616433,0.605017,0.296801,0.27397,0.228308,0.308216,0.159816,0.251139,0.513694,0.1484,0.102739,0.0228308,0.0342463,0.0228308,0,0,0,0.0342463,0,0,0,0,0,0,0,0,0,0,0,0,0
74436,74469,74452,5,-104.261,40.0252,551.009,-13.8288,307.463,19.2157,2.18789,94.3689,0.129397,0.000433401,4.17359,3.29381,2.60716,1.60936,1.5879,1.23384,0.89051,0.633013,0.43989,0.407703,0.43989,0.311142,0.171665,0.987071,0.236039,0.0858323,0.0321871,0.010729,0.0321871,0.010729,0,0,0.0214581,0,0,0,0,0,0,0,0,0,0,0,0,0
74470,74503,74486,4.9,-104.259,40.0237,558.274,-13.2256,307.028,23.354,2.62504,108.347,0.123823,0.00049625,4.85652,3.91724,3.18076,2.30551,2.028,1.33421,1.15276,0.800526,0.544358,0.501663,0.416274,0.266842,0.256168,1.34488,0.192126,0.138758,0.0213474,0.0533684,0,0.032021,0.0106737,0,0,0,0,0,0,0,0,0,0,0,0,0,0,0
74504,74534,74519,4.8,-104.257,40.0222,565.556,-12.6852,306.53,17.1191,1.94699,82.5141,0.127141,0.000375805,3.37643,2.87885,2.17987,1.87184,1.35057,1.05439,0.758215,0.568661,0.639744,0.414649,0.414649,0.248789,0.154012,0.841145,0.177707,0.130318,0,0,0.0118471,0.0355413,0,0,0.0118471,0,0,0,0,0,0,0,0,0,0,0,0,0
74535,74570,74552,4.7,-104.256,40.0208,572.903,-11.9408,306.273,24.4066,2.97529,138.905,0.140058,0.000704383,4.82445,4.05254,3.04702,2.28526,2.13291,1.54382,1.21881,0.903949,0.568777,0.660188,0.426583,0.325015,0.325015,1.44226,0.274232,0.162508,0.0507837,0.0609404,0.0406269,0.0101567,0.0101567,0.0203135,0.0203135,0,0,0,0,0,0,0,0,0,0,0,0,0
74571,74605,74588,4.6,-104.254,40.0195,580.61,-11.302,305.853,24.95,2.97646,136.079,0.137155,0.000662975,4.87901,3.65402,3.36086,2.73267,2.14635,1.66473,1.45533,0.827129,0.628199,0.523499,0.418799,0.25128,0.30363,1.53909,0.24081,0.13611,0.0628199,0.01047,0.03141,0.03141,0.02094,0,0.03141,0,0,0,0,0,0,0,0,0,0,0,0,0
74606,74639,74622,4.5,-104.253,40.0181,588.165,-10.6335,305.502,25.7665,3.02408,126.09,0.125086,0.000567217,4.78352,4.05255,3.21409,2.76262,2.0424,1.39743,1.32219,0.999702,0.978203,0.515975,0.601971,0.429979,0.440729,1.61242,0.386981,0.128994,0.021499,0.0322484,0,0.0107495,0.021499,0.0107495,0,0,0,0,0,0,0,0,0,0,0,0,0,0
74640,74671,74656,4.4,-104.252,40.0167,595.792,-9.8175,305.326,23.9493,2.9045,129.553,0.133812,0.000626091,4.48417,3.93348,2.95573,2.47248,2.02293,1.34862,1.20252,0.865366,0.741743,0.640596,0.46078,0.415825,0.337156,1.28119,0.472018,0.224771,0.0224771,0.0112385,0.0112385,0.0112385,0,0.0112385,0.0224771,0,0,0,0,0,0,0,0,0,0,0,0,0
74672,74702,74687,4.3,-104.251,40.0155,603.564,-9.15774,304.96,23.6705,2.80133,120.132,0.128651,0.000548731,4.45631,3.51875,3.2178,2.25709,1.71308,1.55103,1.36583,0.902837,0.821813,0.497718,0.509293,0.428269,0.393544,1.50473,0.300946,0.138898,0.0115748,0.0231497,0,0,0.0347245,0.0231497,0,0,0,0,0,0,0,0,0,0,0,0,0,0
74703,74733,74718,4.2,-104.25,40.0143,611.518,-8.73645,304.305,27.7241,3.4301,151.275,0.132307,0.000717247,4.64759,4.34775,3.27523,2.62941,2.26037,1.83367,1.3839,1.02639,0.899534,0.749612,0.749612,0.691949,0.565092,1.99512,0.32291,0.207585,0.0115325,0.0461299,0.0345975,0.0115325,0,0.023065,0.0115325,0,0,0,0,0,0,0,0,0,0,0,0,0
74734,74765,74750,4.1,-104.249,40.0134,618.976,-8.3137,303.738,36.4172,4.38707,184.424,0.126114,0.000821714,6.04713,5.22741,4.46144,3.80297,3.1042,2.2576,1.94852,1.5185,1.27662,0.886913,0.927227,0.967541,0.470333,2.79512,0.376266,0.201571,0.0403142,0.0403142,0.0268761,0,0.0134381,0.0134381,0.0134381,0,0,0,0,0,0,0,0,0,0,0,0,0
74766,74796,74781,4,-104.248,40.0122,627.311,-7.87226,303.084,45.7764,5.45372,224.817,0.123668,0.00098067,7.94389,5.94045,5.40464,4.47281,4.03018,3.21483,2.45771,2.20146,1.86367,1.36281,1.19974,0.885243,0.780412,3.02846,0.582397,0.267902,0.0465917,0,0.0465917,0.0116479,0.0116479,0.0116479,0.0116479,0,0,0,0,0,0,0,0,0,0,0,0,0
74797,74825,74811,3.9,-104.246,40.0111,635.366,-7.20138,302.746,42.231,5.08379,214.703,0.126699,0.000956036,6.98368,5.94625,4.64313,4.37745,3.83343,2.39115,2.72009,2.13812,1.41698,1.26516,1.02478,0.948869,0.784399,2.89721,0.430154,0.290987,0.0126516,0.0253032,0.0379548,0,0.0253032,0.0253032,0.0126516,0,0,0,0,0,0,0,0,0,0,0,0,0
74826,74853,74840,3.8,-104.244,40.0104,643.59,-6.38714,302.559,36.392,4.33618,174.428,0.120678,0.000739269,5.58979,4.70788,4.61709,3.50173,3.16452,2.65872,2.16588,1.68602,1.4396,1.21912,0.830039,0.868947,0.648468,2.55496,0.453927,0.20751,0.0129694,0.0259387,0,0.0259387,0,0.0129694,0,0,0,0,0,0,0,0,0,0,0,0,0,0
74854,74880,74867,3.7,-104.243,40.0098,651.804,-5.72667,302.21,48.6128,6.16485,265.27,0.129088,0.00118811,6.87467,6.75546,5.39112,4.50364,3.89432,3.40422,2.80815,2.25182,2.05313,1.61601,1.47031,1.19214,1.24512,3.89432,0.821252,0.304658,0.039738,0,0.026492,0,0.013246,0.013246,0.039738,0,0,0,0,0,0,0,0,0,0,0,0,0
74881,74906,74894,3.6,-104.241,40.0089,659.99,-4.99808,301.955,55.7049,7.07846,291.205,0.123419,0.00128716,7.85635,6.81794,5.83419,5.34232,4.76846,3.62075,3.42947,2.91026,2.36374,1.99483,1.80354,1.54394,1.13405,4.80945,0.970088,0.38257,0.0683161,0.0273264,0.0273264,0,0,0,0,0,0,0,0,0,0,0,0,0,0,0,0,0
74907,74932,74920,3.5,-104.24,40.008,668.717,-4.15615,301.77,66.5764,8.36346,351.408,0.126051,0.00154065,9.77981,8.26578,6.91543,6.31528,5.72876,4.67849,4.03741,3.43726,3.01442,2.38698,1.85503,1.70499,1.30943,5.66056,0.927513,0.368277,0.0545596,0.0272798,0.0409197,0.0136399,0.0136399,0,0.0409197,0,0,0,0,0,0,0,0,0,0,0,0,0
74933,74957,74945,3.4,-104.238,40.0071,677.003,-3.3132,301.651,71.8536,9.1503,383.145,0.125617,0.0016703,9.90647,8.3282,7.69407,6.65129,5.80579,5.39713,4.26979,4.0725,3.32564,2.66333,1.98693,1.97284,1.77556,6.35536,1.09915,0.366385,0.0422751,0.0422751,0.0281834,0,0.0140917,0.0422751,0.0140917,0,0,0,0,0,0,0,0,0,0,0,0,0
74958,74983,74970,3.3,-104.237,40.0065,685.755,-2.435,301.525,79.277,10.0788,416.318,0.123919,0.00181965,10.8016,9.38843,8.52094,7.51354,6.99585,5.27487,4.44936,4.33743,3.63784,2.58846,2.77036,2.37859,1.80493,6.89791,1.23127,0.517693,0.0559668,0.0419751,0.0419751,0,0.0139917,0,0.0139917,0,0,0,0,0,0,0,0,0,0,0,0,0
74984,75014,74999,3.2,-104.236,40.0061,693.97,-1.65129,301.37,93.5295,11.7612,480.742,0.122626,0.00205585,12.5654,11.36,10.3479,9.0175,7.75527,6.54991,5.84488,4.7646,4.43483,3.42278,2.77461,1.95588,2.13782,8.58538,1.34182,0.466226,0.0682282,0.0454855,0.0454855,0,0.0113714,0.0341141,0,0,0,0,0,0,0,0,0,0,0,0,0,0
75015,75038,75026,3.1,-104.235,40.0057,702.808,-0.928333,301.082,92.3122,11.3359,458.439,0.121324,0.00193163,13.4378,11.758,9.89008,8.77509,7.42842,6.80576,5.61838,5.09708,4.18482,2.93951,2.73679,2.22997,1.96933,7.63114,1.07155,0.564734,0.0724018,0,0.0579214,0,0.0144804,0.0144804,0.0144804,0,0,0,0,0,0,0,0,0,0,0,0,0
75039,75063,75051,3,-104.233,40.005,711.911,-0.0028,300.998,98.3866,12.6475,532.595,0.126333,0.00234377,12.7285,12.3553,9.82622,8.96937,8.80352,7.39385,6.01182,5.05822,4.43631,3.57945,3.16485,2.36327,2.18361,9.12139,1.56169,0.663374,0.0138203,0,0.0414609,0.0276406,0.0276406,0.0138203,0.0414609,0,0,0,0,0,0,0,0,0,0,0,0,0
75064,75086,75075,2.9,-104.232,40.0041,720.382,0.873636,300.944,136.941,18.3538,777.823,0.127138,0.00348216,16.1688,14.8294,13.2189,12.1186,11.8795,10.3487,8.38738,7.43064,6.36229,5.97959,4.91124,3.53992,3.50803,14.5264,2.47157,1.02052,0.111619,0.0318912,0.0318912,0,0,0.0318912,0.0318912,0,0,0,0,0,0,0,0,0,0,0,0,0
75088,75113,75100,2.8,-104.231,40.0032,729.303,1.6844,300.774,278.839,41.14,1848.54,0.134799,0.00903415,27.8769,27.0865,25.6608,23.5154,21.8216,18.1941,17.813,15.5123,14.4113,12.1106,11.0943,8.76534,8.2572,35.0049,8.21486,3.0347,0.155264,0.0988042,0.0564595,0.0564595,0.0282298,0.0282298,0.0423446,0,0,0,0,0,0,0,0,0,0,0,0,0
75115,75135,75125,2.7,-104.23,40.0019,738.738,2.509,300.571,378.122,56.9864,2610.59,0.137432,0.0130921,39.2736,36.1171,36.0124,31.1817,29.1936,24.2757,22.7061,19.5845,18.1893,16.4803,14.5968,12.818,11.074,48.9176,12.5215,4.39474,0.261591,0.209273,0.104637,0.0697577,0.0348789,0.0174394,0.0871972,0,0,0,0,0,0,0,0,0,0,0,0,0
75136,75157,75146,2.6,-104.23,40.0009,748.026,3.43727,300.509,373.06,56.3139,2572.35,0.137036,0.0129042,39.0804,36.4452,33.842,30.0409,28.0286,24.7067,23.5249,20.1391,17.983,15.9707,13.5751,11.9461,11.451,48.4712,12.7766,4.45583,0.127766,0.239561,0.143737,0,0.0159707,0.0638829,0.0319415,0,0,0,0,0,0,0,0,0,0,0,0,0
75158,75196,75177,2.5,-104.229,39.9995,757.028,4.4673,300.598,322.082,48.0369,2185.5,0.136489,0.0109801,34.2359,32.9498,29.4764,26.3129,24.9893,22.0886,19.7323,17.3855,15.4235,13.086,11.9971,10.2323,8.84293,40.1969,10.467,4.0272,0.347334,0.140811,0.0563244,0.0281622,0.0281622,0.0093874,0.0281622,0,0,0,0,0,0,0,0,0,0,0,0,0
75197,75230,75214,2.4,-104.228,39.9973,766.286,5.37897,300.54,356.992,53.9404,2475.51,0.13768,0.012526,37.2398,34.4354,32.8466,28.7904,27.0934,24.3852,22.2909,19.3662,16.9108,15.9599,13.0111,11.4704,10.3631,45.617,11.9278,4.53763,0.288867,0.204614,0.132398,0.0120361,0.0361084,0.0361084,0.0361084,0,0,0,0,0,0,0,0,0,0,0,0,0
75231,75254,75242,2.3,-104.227,39.996,775.584,6.29087,300.487,311.121,47.0888,2177.86,0.13875,0.0111838,33.2595,30.5498,28.248,26.4124,24.6787,20.7016,17.8316,17.0595,14.5101,13.3154,11.611,10.023,8.75556,38.6789,10.4018,4.26852,0.378776,0.203957,0.145683,0.0291366,0,0.0291366,0.0291366,0,0,0,0,0,0,0,0,0,0,0,0,0
75255,75279,75267,2.2,-104.226,39.995,784.961,7.24905,300.484,319.898,48.2358,2224.98,0.138382,0.0114381,33.8762,33.0929,29.1277,27.7243,23.6448,21.5724,20.218,17.0523,15.6653,12.9076,11.0147,9.5134,8.68118,39.9302,10.5251,4.65063,0.293724,0.130544,0.195816,0.0652721,0,0,0.016318,0,0,0,0,0,0,0,0,0,0,0,0,0
75280,75303,75292,2.1,-104.225,39.9938,795,8.25687,300.472,335.33,50.5755,2332.5,0.138358,0.0118749,34.2765,34.4222,31.132,28.529,26.5715,21.8861,20.1577,17.284,15.8055,13.8064,12.661,10.9951,9.49579,41.8148,11.5157,4.10235,0.312361,0.270713,0.187417,0.0208241,0,0.0208241,0.0624723,0,0,0,0,0,0,0,0,0,0,0,0,0
75304,75322,75313,2,-104.224,39.993,804.138,9.16182,300.456,339.234,51.0044,2343.15,0.137821,0.0119799,36.4018,34.43,31.9122,27.4227,26.3306,22.3871,20.7794,18.0492,16.3201,14.045,13.1653,10.7689,9.28245,40.8003,11.6789,4.82324,0.333683,0.0910045,0.121339,0.0303348,0.0303348,0.0303348,0,0,0,0,0,0,0,0,0,0,0,0,0,0
75325,75347,75336,1.9,-104.224,39.9922,814.12,10.1471,300.442,394.631,60.3504,2785.59,0.138471,0.0142215,40.7192,38.7852,35.6657,32.1095,30.0715,25.8914,24.6644,20.2556,18.7999,16.4707,14.8486,12.6442,11.3756,52.5523,13.5176,5.6566,0.270352,0.062389,0.124778,0.062389,0.0207963,0.0207963,0.0415927,0,0,0,0,0,0,0,0,0,0,0,0,0
