api/data/B2SAP/Locations/Boulder/NOAA-POPS-B2SAP_GMLBalloon_20210418_R0.ict
61,1001
Thornberry, T. D.
NOAA Chemical Sciences Laboratory
Portable Optical Particle Spectrometer (POPS)
Balloon Baseline Stratospheric Aerosol Profiles (B2SAP)
1,1
2021,04,18,2024,05,28
0
TIME_START,s,Seconds since midnight UTC on flight start day,Start time of 100 m altitude bin in UTC_seconds_since_midnight
28
1.0,1.0,1.0,1.0,1.0,1.0,1.0,1.0,1.0,1.0,1.0,1.0,1.0,1.0,1.0,1.0,1.0,1.0,1.0,1.0,1.0,1.0,1.0,1.0,1.0,1.0,1.0,1.0
99999,99999,99999,99999,99999,99999,99999,99999,99999,99999,99999,99999,99999,99999,99999,99999,99999,99999,99999,99999,99999,99999,99999,99999,99999,99999,99999,99999
TIME_STOP,s,End time of 100 m altitude bin in UTC seconds since midnight,
TIME_MID,s,Mid time of 100 m altitude in UTC seconds since midnight,
GPSAlt,m,GPS reported altitude above sea level (m),
GPS_Lon,deg,GPS reported longitude,
GPS_Lat,deg,GPS reported latitude,
iMet_Pressure,mb,Pressure reported (mB),
iMet_Temperature,degrees C,Ambient temperature (oC),
THETA,K,Potential temperature from iMet,
Aerosol_concentration,cm^-3,Aerosol concentration,
Surface_Area_Conc,um^2 cm^-3,Surface area concentration,
Volume_density,um^3 cm^-3,Volume density,
Effective_radius,um,Effective radius,
Extinction,km^-1,Extinction,
Bin01,cm^-3,particle concentration in size range [140 - 170 nm],
Bin02,cm^-3,particle concentration in size range [170 - 205 nm],
Bin03,cm^-3,particle concentration in size range [205 - 249 nm],
Bin04,cm^-3,particle concentration in size range [249 - 302 nm],
Bin05,cm^-3,particle concentration in size range [302 - 366 nm],
Bin06,cm^-3,particle concentration in size range [366 - 443 nm],
Bin07,cm^-3,particle concentration in size range [443 - 537 nm],
Bin08,cm^-3,particle concentration in size range [537 - 651 nm],
Bin09,cm^-3,particle concentration in size range [651 - 789 nm],
Bin10,cm^-3,particle concentration in size range [789 - 956 nm],
Bin11,cm^-3,particle concentration in size range [956 - 1159 nm],
Bin12,cm^-3,particle concentration in size range [1159 - 1404 nm],
Bin13,cm^-3,particle concentration in size range [1404 - 1702 nm],
Bin14,cm^-3,particle concentration in size range [1702 - 2062 nm],
Bin15,cm^-3,particle concentration in size range [2062 - 2500 nm],
0
19
PI_CONTACT_INFO: 325 Broadway R/CSL6, Boulder, CO 80305; troy.thornberry@noaa.gov; 303-497-3373 
PLATFORM: GML ECC/FPH balloon
LOCATION: Boulder, CO, USA
ASSOCIATED_DATA: N/A
INSTRUMENT_INFO: Printed Optical Particle Spectrometer counts particles from 140 - 2500 nm in diameter 
DATA_INFO: Particle concentrations reported in number per cubic centimeter, binned to 100 m altitude
UNCERTAINTY: Counting uncertainty dominated by air flow, less than 5 percent
ULOD_FLAG: -77777
ULOD_VALUE: 3000 ~3000 per cm3 (varies depending on flow rate- manufacturer quotes 1250  per cm3 at 1.667 cc/s)
LLOD_FLAG: -88888
LLOD_VALUE: 0 0 (varies depending on data field and measurement precision)
DM_CONTACT_INFO: Troy Thornberry, 325 Broadway R/CSL6, Boulder, CO 80305; troy.thornberry@noaa.gov; 303-497-3373
PROJECT_INFO: B2SAP Boulder, CO, USA
STIPULATIONS_ON_USE: Please contact the PIs for questions regarding applications and uncertainties
OTHER_COMMENTS: POPS bin Edges (nm):  140, 170, 205, 249, 302, 366, 443, 537, 651, 789, 956, 1159, 1404, 1702, 2062, 2500
Calculations assume sulfate refractive index of 1.45+0.00j and extinction wavelength = 532 nm
REVISION: R0
R0: QA/QC data
TIME_START,TIME_STOP,TIME_MID,GPSAlt,GPS_Lon,GPS_Lat,iMet_Pressure,iMet_Temperature,THETA,Aerosol_concentration,Surface_Area_Conc,Volume_density,Effective_radius,Extinction,Bin01,Bin02,Bin03,Bin04,Bin05,Bin06,Bin07,Bin08,Bin09,Bin10,Bin11,Bin12,Bin13,Bin14,Bin15
61931,61947,61939,1.8,-105.197,39.9488,823.379,8.598,297.832,129.964,18.4009,1025.53,0.167198,0.00387957,55.2866,34.1698,20.36,11.5634,5.32056,1.79717,0.709408,0.378351,0.0709408,0.0472939,0.0709408,0.118235,0.0472939,0.0236469,0
61948,61966,61957,1.9,-105.197,39.9478,814.305,7.13444,297.225,139.492,20.6869,1355.04,0.196508,0.00494811,58.1266,35.987,21.9199,13.2678,5.95453,2.51769,0.879193,0.319707,0.23978,0.11989,0.0199817,0.0199817,0.0399633,0.0199817,0.059945
61967,61982,61974,2,-105.197,39.9467,804.688,6.16563,297.211,143.584,21.932,1624.66,0.222232,0.005422,60.3948,37.7356,22.1882,13.0347,6.41639,1.88453,0.964702,0.314089,0.224349,0.0673048,0.0673048,0.112175,0.0673048,0.0448699,0.0673048
61983,62006,61994,2.1,-105.197,39.9456,794.047,5.11,297.213,142.387,20.5416,1168.65,0.170677,0.00456519,59.7128,37.1543,22.4091,12.7284,6.51358,1.95706,1.0607,0.418303,0.164333,0.0448182,0.0597576,0,0.119515,0.0448182,0
62007,62027,62017,2.2,-105.197,39.9444,784.285,4.15952,297.245,139.584,22.0433,1838.93,0.250271,0.00574342,59.1054,35.6383,22.128,12.343,6.26589,2.31752,0.927009,0.274669,0.154502,0.0515005,0.0686673,0.0686673,0.0515005,0.103001,0.0858342
62028,62045,62036,2.3,-105.197,39.9431,774.523,3.16667,297.24,131.241,19.1576,1037.29,0.162436,0.00430461,53.349,34.2179,20.9153,12.569,6.24486,2.18075,0.951598,0.356849,0.19825,0.0792998,0.019825,0.0594749,0.0792998,0.019825,0
62046,62065,62056,2.4,-105.197,39.9419,764.832,2.1425,297.212,143.353,21.4959,1468.64,0.204965,0.00513149,60.2186,37.3024,21.5703,13.6042,6.89304,1.83693,1.0185,0.363749,0.218249,0.0545623,0,0.127312,0.0545623,0.0363749,0.0545623
62066,62084,62075,2.5,-105.198,39.9408,755.055,1.06579,297.138,148.4,21.7803,1334.71,0.183842,0.00480038,59.5288,40.2492,22.9666,14.3445,7.54672,2.11231,0.902534,0.345651,0.0960142,0.0768114,0.0192028,0.0576085,0.0960142,0.0192028,0.0384057
62085,62101,62093,2.6,-105.198,39.9398,745.878,0.125882,297.154,120.457,18.9375,1382.16,0.218956,0.00475916,47.2694,31.8648,19.692,11.9358,6.16182,1.78822,0.883338,0.344717,0.193904,0.0430897,0.0646345,0.0861794,0.0430897,0.0215448,0.0646345
62102,62120,62111,2.7,-105.198,39.939,736.318,-0.796316,297.242,125.444,19.4986,1301.5,0.200245,0.00493497,50.4303,32.5765,20.5183,11.6303,6.02908,2.29494,1.05023,0.330627,0.213935,0.0777945,0.0972432,0.0972432,0.0194486,0.0583459,0.0194486
62121,62137,62129,2.8,-105.197,39.9381,727.175,-1.82176,297.187,128.181,19.5026,1245.23,0.191549,0.00467559,50.5913,34.1131,20.625,13.4008,5.56548,2.16072,0.982144,0.24008,0.109127,0.130953,0.0436509,0.109127,0.0218254,0.0873017,0
62138,62155,62146,2.9,-105.197,39.9374,718.057,-2.86444,297.114,140.612,20.955,1280.67,0.183346,0.00484477,57.0671,37.2087,22.0169,13.794,6.49611,2.30242,0.904521,0.267245,0.102787,0.185016,0.0205573,0.123344,0.0822292,0.0205573,0.0205573
62156,62173,62164,3,-105.197,39.9366,708.842,-3.84056,297.134,134.461,19.8362,1152.4,0.174288,0.00434355,52.5026,37.4133,21.2078,13.3737,6.11842,2.25307,0.909495,0.268714,0.103352,0.0413407,0.062011,0.062011,0.103352,0.0413407,0
62174,62192,62183,3.1,-105.196,39.9355,699.957,-4.79158,297.15,135.23,20.8135,1407.36,0.202853,0.00498054,53.2765,34.5572,22.326,14.113,6.99769,2.37177,0.764454,0.333223,0.156811,0.0980069,0.0196014,0.0784055,0.0588041,0.0196014,0.0588041
62193,62215,62204,3.2,-105.196,39.9344,691.018,-5.7287,297.207,135.614,22.2768,1769.18,0.238254,0.00602761,53.9196,35.4408,21.7081,12.9009,7.04575,2.46275,0.913338,0.489288,0.195715,0.0978576,0.114167,0.163096,0.0489288,0.0326192,0.081548
62216,62237,62226,3.3,-105.196,39.9333,682.856,-6.51136,297.346,133.343,19.9125,1301.84,0.196134,0.00463699,53.5897,35.1523,21.2858,13.0478,6.66887,1.82498,1.07452,0.341119,0.119392,0.0511678,0.0511678,0.0341119,0.0170559,0.0341119,0.0511678
62238,62251,62244,3.4,-105.196,39.9323,674.718,-7.51071,297.245,133.746,19.7835,1171.5,0.177647,0.00448786,54.0392,35.945,20.4202,13.0365,6.59938,2.10964,0.811399,0.32456,0.108187,0.108187,0,0.135233,0.0540933,0.0540933,0
62252,62263,62258,3.5,-105.196,39.9314,666.534,-8.16917,297.541,107.979,17.9552,1637,0.273514,0.00502361,45.4416,28.1276,16.0952,9.18834,5.75053,1.5939,0.937586,0.281276,0.187517,0,0.0625057,0.0312529,0.125011,0.0625057,0.0937586
62264,62276,62270,3.6,-105.195,39.9304,657.763,-9.13077,297.59,115.354,17.027,955.59,0.168366,0.00385243,47.6482,29.5465,18.1016,11.6785,5.13853,1.60579,0.788297,0.37955,0.116785,0.0875886,0.0583924,0.145981,0.0583924,0,0
62277,62290,62284,3.7,-105.195,39.9293,648.754,-10.06,297.714,97.7619,15.205,880.116,0.17365,0.00384983,37.2189,26.5262,15.7747,10.0171,4.78822,1.93879,0.587512,0.323131,0.176254,0.205629,0.0587512,0.117502,0.0293756,0,0
62291,62304,62298,3.8,-105.195,39.9282,640.326,-11.0564,297.694,95.7652,15.602,1104.62,0.2124,0.00403969,39.0245,25.0094,15.1581,9.19825,4.19092,1.68725,0.571489,0.163283,0.108855,0.163283,0.108855,0.21771,0.163283,0,0
62305,62317,62311,3.9,-105.195,39.9271,632.052,-11.8808,297.859,90.1388,14.3069,899.6,0.188637,0.00365296,35.7193,23.5375,14.2169,8.99618,4.51284,1.68125,0.589913,0.324452,0.147478,0.117983,0.117983,0.0589913,0.117983,0,0
62318,62330,62324,4,-105.194,39.926,624.123,-12.8715,297.809,95.456,15.2338,1079.01,0.212491,0.00401558,37.5133,24.8707,16.2844,9.00082,4.73727,1.62844,0.621767,0.236864,0.207256,0.0888238,0.0888238,0.0592159,0.0296079,0.0888238,0
62331,62344,62338,4.1,-105.194,39.9248,615.836,-13.72,297.972,104.127,16.3432,1237.43,0.227145,0.00434613,44.2953,27.5744,16.0323,8.73235,4.71051,1.15697,0.661125,0.330562,0.165281,0.110187,0.0826406,0.110187,0.0550937,0.110187,0
62345,62359,62352,4.2,-105.194,39.9235,607.387,-14.6247,298.104,108.227,15.4152,826.302,0.160809,0.00341822,45.8479,29.3427,15.7045,9.76367,4.62354,1.52396,0.749064,0.232468,0.129149,0.129149,0.0516596,0.0774894,0.0516596,0,0
62360,62374,62367,4.3,-105.193,39.9221,599.467,-15.2633,298.485,125.998,17.2923,915.995,0.158914,0.0036632,56.8888,32.5263,18.7046,9.99817,4.96033,1.4726,0.723382,0.180845,0.232516,0.10334,0.10334,0,0.10334,0,0
62375,62388,62382,4.4,-105.193,39.9203,591.78,-15.75,299.027,96.1924,14.067,872.404,0.186054,0.00332492,42.626,24.6505,14.4302,8.00449,3.82221,1.19098,0.775522,0.221578,0.166183,0.0553944,0.0830916,0.0553944,0.0830916,0.0276972,0
62389,62404,62396,4.5,-105.193,39.9182,583.962,-16.4106,299.392,69.0252,11.7385,923.567,0.236035,0.00324315,26.3219,17.7181,11.6662,7.21848,3.62139,1.36106,0.486093,0.145828,0.0972185,0.121523,0.0243046,0.0972185,0.0972185,0.0243046,0.0243046
62405,62418,62412,4.6,-105.193,39.9163,576.294,-16.9764,299.859,61.2531,11.6234,961.943,0.248278,0.00364572,20.3435,16.2803,10.7701,7.68098,3.25607,1.33582,0.612252,0.333956,0.194808,0.111319,0.083489,0.139148,0.083489,0,0.0278297
62419,62434,62426,4.7,-105.193,39.9143,568.751,-17.4673,300.419,71.325,12.6495,867.979,0.205852,0.0035476,23.0089,17.5766,13.8419,8.59242,5.09277,1.67147,0.861854,0.313402,0.104467,0.0522336,0.0522336,0.0783504,0.0261168,0.0522336,0
62435,62449,62442,4.8,-105.194,39.9125,561.193,-17.8267,301.145,79.5095,15.1323,1234.84,0.24481,0.00474815,23.8503,21.1364,15.0825,10.3595,5.0884,2.00927,0.861114,0.574076,0.156566,0.104377,0.0782831,0.104377,0,0.0782831,0.0260944
62450,62468,62459,4.9,-105.194,39.9104,553.367,-18.7037,301.314,83.1083,15.0875,1008.32,0.200493,0.00442277,25.667,21.1897,15.9284,10.4814,6.066,1.8982,0.763408,0.39202,0.330122,0.103163,0.123796,0.103163,0.0412653,0.0206326,0
62469,62485,62477,5,-105.195,39.9081,545.914,-19.3976,301.66,84.2256,15.5497,1257.2,0.242551,0.00455259,26.7294,22.2281,16.5435,9.6755,5.80066,1.46177,0.696079,0.417648,0.232026,0.0696079,0,0.0928106,0.208824,0.0464053,0.0232026
62486,62503,62494,5.1,-105.195,39.9057,538.335,-20.1206,302.009,83.8253,16.1275,1425.37,0.265144,0.00512288,27.7219,21.7203,16.3781,9.14538,4.90245,1.91262,0.879364,0.395714,0.153889,0.153889,0.0879364,0.175873,0.0879364,0.0879364,0.0219841
62504,62521,62512,5.2,-105.195,39.903,531.137,-20.7006,302.475,82.1344,15.6662,1408.86,0.26979,0.00497819,26.9157,21.4817,15.5852,9.64247,4.97154,1.4799,0.901814,0.416222,0.277481,0.0924937,0.0462469,0.0924937,0.115617,0.0693703,0.0462469
62522,62542,62532,5.3,-105.195,39.9004,523.922,-21.1881,303.071,85.7381,16.7603,1692.99,0.303034,0.00536399,27.913,22.0663,16.5403,10.6371,5.11109,1.79171,0.716685,0.188601,0.264042,0.0943006,0.0754405,0.0377203,0.113161,0.113161,0.0754405
62543,62562,62552,5.4,-105.195,39.8975,517.091,-21.6875,303.604,85.0819,17.3938,1615.44,0.278624,0.00585851,25.4833,21.1181,16.8512,11.4832,5.46632,2.18259,1.14046,0.550564,0.294945,0.117978,0.039326,0.0983151,0.117978,0.0786521,0.0589891
62563,62585,62574,5.5,-105.195,39.8946,510.182,-22.283,304.051,84.9399,15.9816,1197.07,0.224708,0.00489678,26.2958,21.2608,16.381,10.1562,6.25927,2.37956,1.15529,0.482809,0.189675,0.103459,0.0517295,0.0689727,0.0862159,0.0517295,0.0172432
62586,62606,62596,5.6,-105.195,39.8917,503.033,-22.1762,305.418,72.916,14.8211,1285.47,0.260198,0.00513479,22.7212,18.5556,14.0114,8.14175,4.97972,1.96917,1.19286,0.605897,0.246146,0.151474,0.0757372,0.113606,0.0757372,0.0378686,0.0378686
62607,62626,62616,5.7,-105.196,39.8891,496.262,-22.3705,306.363,60.778,11.1126,766.017,0.206796,0.00340573,19.8146,15.4135,11.1718,7.38815,3.82352,1.4139,0.935965,0.298712,0.219056,0.0995707,0.0597424,0.0398283,0.0796566,0.0199141,0
62628,62647,62638,5.8,-105.197,39.8871,489.324,-22.4368,307.514,74.8707,14.9295,1396.92,0.280702,0.00504306,23.0468,20.2235,13.7612,9.16016,4.41277,2.07045,1.00385,0.564667,0.188222,0.146395,0.0418272,0.104568,0.0418272,0.0209136,0.0836544
62648,62664,62656,5.9,-105.198,39.8857,483.199,-22.9088,308.039,90.8995,19.7312,2026.9,0.308177,0.0070252,28.0285,23.6498,17.2105,9.92823,6.39247,2.57572,1.38152,0.866379,0.140494,0.117078,0.0234156,0.257572,0.140494,0.117078,0.0702469
62665,62684,62674,6,-105.198,39.884,476.737,-23.3245,308.71,63.3139,12.9537,1189.23,0.275418,0.004399,20.5402,16.3564,11.6149,7.03267,4.10405,1.6735,0.896516,0.438297,0.0996129,0.159381,0.0996129,0.139458,0.0996129,0.0199226,0.0398451
62685,62703,62694,6.1,-105.199,39.8824,470.091,-24.0489,309.061,47.372,9.16054,765.503,0.250696,0.00290376,16.6753,12.1826,7.79434,5.30767,2.75832,1.25378,0.710476,0.271653,0.0835854,0.0208963,0.0835854,0.146274,0.0417927,0.0417927,0
62704,62718,62711,6.2,-105.2,39.8809,464.097,-24.8487,309.199,37.3659,7.07774,687.918,0.291584,0.00224612,13.4313,9.69742,5.74861,4.43234,2.17587,0.993918,0.456665,0.188039,0.0805879,0.0268626,0,0.0268626,0.0537253,0,0.0537253
62719,62737,62728,6.3,-105.201,39.8793,457.488,-25.6795,309.428,31.0712,4.86612,285.602,0.176075,0.00117573,11.7973,7.70954,5.90924,2.98639,1.63086,0.465961,0.296521,0.12708,0.0635402,0,0,0.0635402,0.0211801,0,0
62738,62759,62748,6.4,-105.202,39.8777,451.007,-26.5355,309.614,29.0024,5.97031,606.56,0.304788,0.00202242,10.8965,6.95251,4.84291,3.06351,1.90781,0.495298,0.330198,0.165099,0.0550331,0.0550331,0.0366887,0.0733774,0.0917218,0.0183444,0.0183444
62760,62777,62768,6.5,-105.203,39.8762,444.591,-27.3165,309.897,32.6236,7.98503,1122.81,0.421843,0.00321058,13.1157,8.30979,4.80595,2.86463,1.70457,0.686564,0.449818,0.118373,0.0946984,0.0473492,0.0946984,0.118373,0.0710238,0.0946984,0.0473492
62778,62798,62788,6.6,-105.204,39.8744,438.447,-27.9485,310.341,33.0811,6.611,568.291,0.257885,0.00239126,11.9476,8.86565,5.50351,3.18203,1.76112,0.600383,0.440281,0.280179,0.140089,0.140089,0.0400255,0.140089,0.0200128,0.0200128,0
62799,62820,62810,6.7,-105.205,39.8725,432.337,-28.7741,310.537,37.3368,8.17766,983.432,0.360775,0.00314943,13.5484,9.62993,6.61711,3.86306,1.82987,0.665408,0.462089,0.221803,0.110901,0.110901,0.0369671,0.0369671,0.0554507,0.129385,0.0184836
62821,62838,62830,6.8,-105.206,39.8707,426.526,-29.5178,310.789,35.0344,5.8726,373.755,0.190931,0.00174094,13.2538,9.34099,5.88052,3.21167,1.71892,0.678522,0.429731,0.226174,0.135704,0.0452348,0.0678522,0.0452348,0,0,0
62839,62858,62848,6.9,-105.206,39.869,420.467,-30.3885,310.944,33.0094,6.05735,499.104,0.247189,0.00200005,12.6051,8.47126,5.37599,2.87127,1.95491,0.692363,0.50909,0.244363,0.0814545,0.0814545,0.0407272,0.0203636,0.0407272,0,0.0203636
62859,62876,62868,7,-105.207,39.8673,414.628,-31.2294,311.105,33.9657,6.50743,498.37,0.229754,0.00211226,12.6632,8.43459,4.97891,3.81944,2.1598,0.772981,0.522899,0.250082,0.0909389,0.0682042,0.0227347,0.113674,0.0682042,0,0
62877,62894,62886,7.1,-105.207,39.8658,409.168,-32.0589,311.225,33.9505,5.71692,376.095,0.197359,0.00155808,13.1157,8.425,5.41932,3.62047,1.98101,0.523716,0.500946,0.136622,0.0910811,0,0.0227703,0.0683108,0.0455405,0,0
62895,62914,62904,7.2,-105.207,39.8641,403.33,-33.0174,311.26,31.9366,5.9253,508.227,0.257317,0.00183362,11.6629,8.54549,5.12293,3.22636,1.91838,0.588593,0.457794,0.196198,0.0217997,0.0217997,0.0217997,0.0653992,0.0435994,0.0435994,0
62915,62937,62926,7.3,-105.208,39.8621,397.54,-33.9213,311.369,32.1218,5.86545,502.83,0.257182,0.00199662,12.1465,8.68884,5.33871,2.7231,1.61236,0.609115,0.447878,0.232897,0.143321,0.0716605,0.0358303,0.0179151,0.0179151,0.0179151,0.0179151
62938,62956,62947,7.4,-105.208,39.8602,391.867,-34.8772,311.398,31.2434,6.02812,658.443,0.327686,0.00206345,12.9044,7.49285,4.81023,2.93701,1.48007,0.763161,0.462522,0.161883,0.0462522,0.0462522,0,0.0231261,0.0462522,0.0231261,0.0462522
62957,62977,62967,7.5,-105.209,39.8582,386.118,-35.8262,311.473,31.5254,5.89671,533.444,0.271394,0.00189538,11.5791,8.5654,5.11545,3.09306,1.60601,0.81292,0.356892,0.0991365,0.118964,0.0198273,0,0.0594819,0.0396546,0.0594819,0
62978,62997,62988,7.6,-105.209,39.8561,380.497,-36.7553,311.561,36.1138,6.36377,427.74,0.201645,0.00194074,12.4805,9.38252,6.24026,3.7176,2.50053,0.7745,0.575343,0.1549,0.177029,0.0221286,0.0442572,0.0221286,0,0.0221286,0
62998,63016,63007,7.7,-105.21,39.854,375.048,-37.5821,311.751,40.3395,9.07189,1046.79,0.346164,0.00348735,14.3219,10.0187,6.68648,4.43558,2.47157,0.794433,0.772365,0.308946,0.132405,0.0882703,0.0441352,0.0662027,0.0882703,0.0662027,0.0441352
63017,63034,63026,7.8,-105.21,39.8521,369.824,-38.4306,311.873,41.1316,9.32184,1064.25,0.342503,0.0036838,14.542,10.3515,7.05898,3.91611,2.8186,0.823132,0.598641,0.374151,0.199547,0.124717,0.0748301,0.124717,0.0249434,0.0498868,0.0498868
63035,63052,63044,7.9,-105.21,39.8499,364.406,-39.35,311.961,35.0508,6.83798,518.982,0.227691,0.00237614,12.451,8.69221,6.17852,3.40641,2.30226,0.728266,0.516834,0.305402,0.164447,0.117462,0.0469849,0.0939699,0.0469849,0,0
63053,63069,63061,8,-105.211,39.848,359.323,-40.1706,312.124,30.3977,7.29496,893.817,0.367576,0.00281604,11.2437,7.66161,5.0497,2.63679,1.99003,0.771136,0.298504,0.223878,0.0248753,0.0995014,0.0995014,0.124377,0.0995014,0.0497507,0.0248753
63070,63089,63080,8.1,-105.21,39.8458,353.849,-40.89,312.527,30.7476,4.98309,285.178,0.171687,0.00135155,11.4774,7.941,4.99754,3.1764,1.79996,0.677632,0.338816,0.190584,0.042352,0.042352,0.063528,0,0,0,0
63095,63117,63106,8.2,-105.21,39.843,348.696,-41.6191,312.852,31.1015,5.88305,520.24,0.265291,0.00199165,11.1936,8.2888,4.95848,3.20081,2.0352,0.573555,0.333032,0.148014,0.185018,0.0740071,0,0.0185018,0.0555053,0.0185018,0.0185018
63118,63133,63126,8.3,-105.209,39.8408,344.163,-42.3775,312.992,29.7192,5.56415,460.28,0.248167,0.0018231,10.7997,7.90547,5.03806,2.84061,1.79548,0.45557,0.375175,0.214386,0.0535964,0.0803946,0.0535964,0.0535964,0.0267982,0.0267982,0
63134,63150,63142,8.4,-105.209,39.8388,339.146,-43.14,313.271,30.9183,5.70206,489.057,0.257305,0.00185647,10.8537,8.45674,5.19794,3.25881,1.6698,0.565578,0.377052,0.269323,0.134662,0.0269323,0.0269323,0.0269323,0.0269323,0,0.0269323
63151,63167,63159,8.5,-105.208,39.8363,333.859,-43.9853,313.53,36.8335,6.27287,444.601,0.21263,0.0017908,13.6926,9.37258,6.08839,4.14314,1.89473,1.06105,0.25263,0.0505261,0.0505261,0.126315,0,0.0505261,0.025263,0.025263,0
