api/data/B2SAP/Locations/Boulder/NOAA-POPS-B2SAP_GMLBalloon_20240123_R0.ict
82,1001
Thornberry, T. D.
NOAA Chemical Sciences Laboratory
Portable Optical Particle Spectrometer (POPS)
Balloon Baseline Stratospheric Aerosol Profiles (B2SAP)
1,1
2024,01,23,2024,05,30
0
TIME_START,s,Seconds since midnight UTC on flight start day,Start time of 100 m altitude bin in UTC_seconds_since_midnight
49
1.0,1.0,1.0,1.0,1.0,1.0,1.0,1.0,1.0,1.0,1.0,1.0,1.0,1.0,1.0,1.0,1.0,1.0,1.0,1.0,1.0,1.0,1.0,1.0,1.0,1.0,1.0,1.0,1.0,1.0,1.0,1.0,1.0,1.0,1.0,1.0,1.0,1.0,1.0,1.0,1.0,1.0,1.0,1.0,1.0,1.0,1.0,1.0,1.0
99999,99999,99999,99999,99999,99999,99999,99999,99999,99999,99999,99999,99999,99999,99999,99999,99999,99999,99999,99999,99999,99999,99999,99999,99999,99999,99999,99999,99999,99999,99999,99999,99999,99999,99999,99999,99999,99999,99999,99999,99999,99999,99999,99999,99999,99999,99999,99999,99999
TIME_STOP,s,End time of 100 m altitude bin in UTC seconds since midnight,
TIME_MID,s,Mid time of 100 m altitude in UTC seconds since midnight,
GPSAlt,km,GPS reported altitude above sea level (km),
GPS_Lon,deg,GPS reported longitude,
GPS_Lat,deg,GPS reported latitude,
iMet_Pressure,hPa,Pressure reported (hPa),
iMet_Temperature,degrees C,Ambient temperature (oC),
THETA,K,Potential temperature from iMet,
Aerosol_concentration,cm^-3,Aerosol concentration,
Surface_Area_Conc,um^2 cm^-3,Surface area concentration,
Volume_density,um^3 cm^-3,Volume density,
Effective_radius,um,Effective radius,
Extinction,km^-1,Extinction,
Bin01,cm^-3,particle concentration in size range [140 - 146.14 nm],
Bin02,cm^-3,particle concentration in size range [146.14 - 152.56 nm],
Bin03,cm^-3,particle concentration in size range [152.56 - 159.25 nm],
Bin04,cm^-3,particle concentration in size range [159.25 - 166.24 nm],
Bin05,cm^-3,particle concentration in size range [166.24 - 173.54 nm],
Bin06,cm^-3,particle concentration in size range [173.54 - 181.16 nm],
Bin07,cm^-3,particle concentration in size range [181.16 - 189.11 nm],
Bin08,cm^-3,particle concentration in size range [189.11 - 197.41 nm],
Bin09,cm^-3,particle concentration in size range [197.41 - 206.07 nm],
Bin10,cm^-3,particle concentration in size range [206.07 - 215.12 nm],
Bin11,cm^-3,particle concentration in size range [215.12 - 224.56 nm],
Bin12,cm^-3,particle concentration in size range [224.56 - 234.41 nm],
Bin13,cm^-3,particle concentration in size range [234.41 - 244.70 nm],
Bin14,cm^-3,particle concentration in size range [244.70 - 361.30 nm],
Bin15,cm^-3,particle concentration in size range [361.30 - 472.80 nm],
Bin16,cm^-3,particle concentration in size range [472.80 - 567.00 nm],
Bin17,cm^-3,particle concentration in size range [567.00 - 610.66 nm],
Bin18,cm^-3,particle concentration in size range [610.66 - 657.69 nm],
Bin19,cm^-3,particle concentration in size range [657.69 - 708.33 nm],
Bin20,cm^-3,particle concentration in size range [708.33 - 762.88 nm],
Bin21,cm^-3,particle concentration in size range [762.88 - 821.62 nm],
Bin22,cm^-3,particle concentration in size range [821.62 - 884.89 nm],
Bin23,cm^-3,particle concentration in size range [884.89 - 953.03 nm],
Bin24,cm^-3,particle concentration in size range [953.03 - 1026.42 nm],
Bin25,cm^-3,particle concentration in size range [1026.42 - 1105.46 nm],
Bin26,cm^-3,particle concentration in size range [1105.46 - 1190.59 nm]],
[...]
LOCATION: Boulder, CO, USA
ASSOCIATED_DATA: N/A
INSTRUMENT_INFO: Printed Optical Particle Spectrometer counts particles from 140 - 2500 nm in diameter 
DATA_INFO: Particle concentrations reported in number per cubic centimeter, binned to 100 m altitude
UNCERTAINTY: Counting uncertainty dominated by air flow, less than 5 percent
ULOD_FLAG: -77777
ULOD_VALUE: 3000 ~3000 per cm3 (varies depending on flow rate- manufacturer quotes 1250  per cm3 at 1.667 cc/s)
LLOD_FLAG: -88888
LLOD_VALUE: 0 0 (varies depending on data field and measurement precision)
DM_CONTACT_INFO: Troy Thornberry, 325 Broadway R/CSL6, Boulder, CO 80305; troy.thornberry@noaa.gov; 303-497-3373
PROJECT_INFO: B2SAP Boulder, CO, USA
STIPULATIONS_ON_USE: Please contact the PIs for questions regarding applications and uncertainties
OTHER_COMMENTS: POPS bin Edges (nm):  140, 146.14, 152.56, 159.25, 166.24, 173.54, 181.16, 189.11, 197.41, 206.07, 215.12, 224.56, 234.41, 244.70, 361.30, 472.80, 567.00, 610.66, 657.69, 708.33, 762.88, 821.62, 884.89, 953.03, 1026.42, 1105.46, 1190.59, 1282.27, 1381.01, 1487.36, 1601.89, 1725.25, 1858.10, 2001.18, 2155.28, 2321.25, 2500
Calculations assume sulfate refractive index of 1.45+0.00j and extinction wavelength = 532 nm
REVISION: R0
R0: QA/QC data
TIME_START,TIME_STOP,TIME_MID,GPSAlt,GPS_Lon,GPS_Lat,iMet_Pressure,iMet_Temperature,THETA,Aerosol_concentration,Surface_Area_Conc,Volume_density,Effective_radius,Extinction,Bin01,Bin02,Bin03,Bin04,Bin05,Bin06,Bin07,Bin08,Bin09,Bin10,Bin11,Bin12,Bin13,Bin14,Bin15,Bin16,Bin17,Bin18,Bin19,Bin20,Bin21,Bin22,Bin23,Bin24,Bin25,Bin26,Bin27,Bin28,Bin29,Bin30,Bin31,Bin32,Bin33,Bin34,Bin35,Bin36
[from data line 470]
70167,70180,70174,5.2,-104.881,40.1509,528.748,-18.61,305.37,18.2365,2.92743,147.521,0.151178,0.000862348,1.8278,2.07705,1.57856,1.53702,1.78626,1.70318,0.623114,0.87236,0.623114,0.789278,0.830819,0.540033,0.332328,1.8278,0.706196,0.456951,0.041541,0.0830819,0,0,0,0,0,0,0,0,0,0,0,0,0,0,0,0,0,0
70182,70197,70190,5.1,-104.88,40.1516,536.457,-17.7433,305.148,16.4553,2.57844,130.234,0.151526,0.000757759,1.63945,2.55026,2.24666,1.09297,0.910808,1.33585,0.850087,0.728646,0.485764,0.667926,0.364323,0.364323,0.546485,1.39657,0.971528,0.0607205,0.121441,0.121441,0,0,0,0,0,0,0,0,0,0,0,0,0,0,0,0,0,0
70198,70211,70204,5,-104.88,40.1525,542.371,-17.5011,304.482,21.6867,2.77877,110.344,0.119129,0.000449721,1.64658,2.81124,2.69076,2.32931,1.60642,1.40562,1.16466,1.40562,1.28514,1.16466,0.642569,0.562248,0.562248,1.7269,0.642569,0.0401606,0,0,0,0,0,0,0,0,0,0,0,0,0,0,0,0,0,0,0,0
70215,70232,70224,4.9,-104.879,40.1533,550.243,-17.2037,303.584,33.3994,4.292,173.209,0.121069,0.000735379,2.75603,3.87713,3.92384,3.69028,3.45672,2.24219,2.33562,1.77507,1.77507,1.07439,1.21452,0.794111,0.607261,2.84946,0.840823,0.18685,0,0,0,0,0,0,0,0,0,0,0,0,0,0,0,0,0,0,0,0
70233,70249,70241,4.8,-104.878,40.1545,558.076,-16.3057,303.421,37.5608,4.83293,197.981,0.122895,0.000855268,2.19744,4.49708,4.59928,3.3217,3.52612,3.98605,2.55516,2.14633,2.09523,1.78861,1.32868,0.766547,0.81765,2.96398,0.715444,0.153309,0,0.0511031,0.0511031,0,0,0,0,0,0,0,0,0,0,0,0,0,0,0,0,0
70251,70264,70258,4.7,-104.878,40.1557,565.722,-15.346,303.369,36.3428,4.96938,217.584,0.131355,0.001035,2.51881,5.03762,4.0301,4.0301,3.02257,2.73471,2.44684,2.15898,1.65522,1.15146,1.00752,0.71966,0.863592,3.5983,1.07949,0.143932,0.071966,0,0,0.071966,0,0,0,0,0,0,0,0,0,0,0,0,0,0,0,0
70267,70281,70274,4.6,-104.878,40.1568,572.879,-14.574,303.188,28.8054,3.83253,164.158,0.128499,0.000777741,2.47748,3.54983,3.4389,3.03215,2.81028,2.25562,1.4791,1.33119,1.70096,1.03537,0.924435,0.85048,0.554661,2.32958,0.665593,0.295819,0.0369774,0.0369774,0,0,0,0,0,0,0,0,0,0,0,0,0,0,0,0,0,0
70283,70297,70290,4.5,-104.877,40.1577,579.632,-13.8178,303.059,25.2739,3.23683,132.064,0.122401,0.00056607,1.83439,3.30191,3.22038,2.48662,1.99745,2.16051,1.79363,1.7121,0.896815,0.978344,0.896815,0.652229,0.692994,1.87516,0.652229,0.0815287,0,0,0.0407643,0,0,0,0,0,0,0,0,0,0,0,0,0,0,0,0,0
70307,70312,70310,4.4,-104.878,40.1587,588.955,-12.905,302.742,29.9373,4.55618,239.649,0.157796,0.00127749,1.91906,3.83812,3.0705,2.68668,1.72715,2.87859,2.68668,3.0705,1.15144,0.383812,0.95953,0.575718,0.575718,3.0705,0.767624,0.383812,0,0,0,0,0,0.191906,0,0,0,0,0,0,0,0,0,0,0,0,0,0
70316,70330,70323,4.3,-104.878,40.159,594.757,-12.295,302.604,30.6723,3.86152,160.968,0.125055,0.000711253,2.9125,4.32324,3.41309,3.41309,2.95801,1.95684,1.77481,1.59277,1.68379,1.27422,1.09219,0.955665,0.500586,1.86582,0.728125,0.182031,0,0,0,0,0.0455078,0,0,0,0,0,0,0,0,0,0,0,0,0,0,0
70332,70348,70340,4.2,-104.878,40.1597,602.694,-11.5011,302.378,42.5428,5.20162,203.867,0.117579,0.000829968,3.25686,5.69951,5.25169,4.23392,3.90824,3.09402,3.09402,2.2798,2.36123,2.15767,1.58772,1.18061,0.895637,2.60549,0.610662,0.284975,0,0.0407108,0,0,0,0,0,0,0,0,0,0,0,0,0,0,0,0,0,0
70351,70363,70357,4.1,-104.878,40.1607,611.06,-10.7733,302.024,53.2611,6.54344,277.262,0.127117,0.00124488,5.84728,6.73709,7.24555,5.9744,4.19479,4.19479,2.92364,2.92364,2.5423,2.28807,1.27115,1.52538,1.52538,2.79653,0.762689,0.25423,0.127115,0,0,0,0.127115,0,0,0,0,0,0,0,0,0,0,0,0,0,0,0
70364,70379,70372,4,-104.878,40.1617,619.489,-9.99286,301.743,37.1576,4.4396,171.056,0.115589,0.00067644,3.15246,5.63308,5.99484,3.72093,3.72093,3.0491,2.01551,1.65375,0.775194,1.24031,0.826874,0.878554,0.465117,3.35918,0.465117,0.206718,0,0,0,0,0,0,0,0,0,0,0,0,0,0,0,0,0,0,0,0
70380,70395,70388,3.9,-104.878,40.1628,626.676,-9.77375,301,37.1477,4.26031,159.201,0.112105,0.000587868,2.42168,5.2089,5.2089,4.88905,3.65537,3.60967,2.60445,1.87338,1.18799,0.959534,0.86815,0.913842,0.959534,2.3303,0.274153,0.137076,0,0,0.0456921,0,0,0,0,0,0,0,0,0,0,0,0,0,0,0,0,0
70396,70411,70404,3.8,-104.878,40.1638,635.927,-9.38,300.187,36.8481,4.15965,147.576,0.106434,0.000475686,3.2783,5.24527,4.45848,5.11414,3.93396,2.62264,2.36037,1.44245,1.83585,1.04905,0.917923,0.524527,0.655659,3.14716,0.262264,0,0,0,0,0,0,0,0,0,0,0,0,0,0,0,0,0,0,0,0,0
70413,70424,70418,3.7,-104.877,40.165,643.506,-8.788,299.846,33.9556,4.23487,172.843,0.122443,0.000750798,2.31187,4.69599,5.41845,2.6731,3.6123,2.74535,1.80615,2.23963,1.44492,1.30043,0.866952,0.650214,0.650214,2.88984,0.288984,0.288984,0,0,0.072246,0,0,0,0,0,0,0,0,0,0,0,0,0,0,0,0,0
70428,70439,70434,3.6,-104.877,40.166,651.388,-8.00833,299.684,37.6959,4.87865,204.001,0.125445,0.000916851,3.55402,4.89405,4.42795,5.47668,2.73834,2.56355,2.44703,1.80614,1.28178,1.3983,0.873938,0.699151,0.699151,3.78707,0.757413,0.174788,0.0582625,0,0.0582625,0,0,0,0,0,0,0,0,0,0,0,0,0,0,0,0,0
70445,70458,70452,3.5,-104.878,40.1673,659.934,-7.17,299.517,39.0828,4.90061,199.431,0.122085,0.000878307,3.35763,5.2379,4.74545,5.05883,3.71578,2.95471,1.92504,2.23842,1.88027,1.38782,0.895368,0.940136,0.850599,2.6861,0.805831,0.402916,0,0,0,0,0,0,0,0,0,0,0,0,0,0,0,0,0,0,0,0
70462,70473,70468,3.4,-104.878,40.1686,668.207,-6.48167,299.224,38.9366,4.62976,177.287,0.114879,0.00068989,3.05502,5.75063,5.63082,4.01346,3.53424,3.29463,2.75551,1.85697,1.67727,1.19805,0.898536,0.778731,0.838633,2.93522,0.539121,0.119805,0.0599024,0,0,0,0,0,0,0,0,0,0,0,0,0,0,0,0,0,0,0
70479,70493,70486,3.3,-104.878,40.17,678.384,-5.60818,298.91,60.674,7.40983,290.259,0.117516,0.00118341,6.68443,6.84511,7.39143,6.36306,6.20238,4.59554,4.40272,3.27794,2.69948,2.15316,1.86393,1.15692,0.931963,4.72409,0.9641,0.417777,0,0,0,0,0,0,0,0,0,0,0,0,0,0,0,0,0,0,0,0
70494,70509,70502,3.2,-104.878,40.1712,686.071,-4.79312,298.857,52.4053,6.18219,238.208,0.115594,0.000934338,6.70072,7.22456,5.52209,5.78401,4.77999,3.7105,3.27397,2.81561,2.09534,1.96438,1.85525,1.24411,0.938537,3.55771,0.632967,0.261917,0.0218265,0,0,0,0.0218265,0,0,0,0,0,0,0,0,0,0,0,0,0,0,0
70510,70524,70517,3.1,-104.878,40.1725,694.666,-3.89267,298.796,43.0956,5.31477,217.417,0.122724,0.00095343,6.92947,5.98022,4.58009,4.03428,2.99011,3.20369,2.65788,2.18326,1.85102,1.18655,1.25775,0.949242,0.830587,3.27488,0.90178,0.166117,0.0474621,0.023731,0.023731,0.023731,0,0,0,0,0,0,0,0,0,0,0,0,0,0,0,0
70525,70540,70532,3,-104.878,40.1738,703.559,-3.11813,298.569,55.8995,6.96865,289.859,0.124784,0.00125881,7.94758,7.25939,6.37139,5.15039,5.06159,4.10699,3.30779,2.48639,2.1312,1.8648,1.7982,1.4208,1.2654,4.24019,1.0878,0.288599,0.0443999,0,0.0222,0,0,0.0222,0.0222,0,0,0,0,0,0,0,0,0,0,0,0,0
70541,70550,70546,2.9,-104.878,40.1751,710.867,-2.501,298.368,66.1251,8.27471,346.242,0.12553,0.00149702,9.27758,8.16713,7.19997,7.34326,5.98207,4.51342,3.86864,3.33133,2.39999,2.04178,1.79104,1.8985,1.11044,5.5164,1.25373,0.322387,0,0.0358208,0,0,0,0.0358208,0.0358208,0,0,0,0,0,0,0,0,0,0,0,0,0
70562,70573,70568,2.8,-104.878,40.1769,722.832,-1.34917,298.212,72.0973,8.88835,360.45,0.121659,0.00156666,9.8031,9.8328,8.05042,7.18894,6.23834,5.43626,4.09948,3.32711,2.97064,2.43592,2.3468,1.66356,1.54473,5.28773,1.24767,0.505008,0.0297064,0.0297064,0.0594127,0,0,0,0,0,0,0,0,0,0,0,0,0,0,0,0,0
70574,70590,70582,2.7,-104.878,40.1785,730.525,-0.594706,298.138,68.3934,8.94471,392.185,0.131536,0.00181501,8.9458,8.84344,7.5333,6.5507,6.12081,4.93349,4.11466,3.15252,2.47698,2.41557,2.10851,1.51485,1.39202,6.32552,1.20778,0.573186,0.0614128,0.0409419,0,0,0,0.0204709,0.0614128,0,0,0,0,0,0,0,0,0,0,0,0,0
70591,70607,70599,2.6,-104.879,40.1803,739.913,0.243529,297.964,74.0461,9.57068,406.373,0.12738,0.00185455,9.99217,9.20112,8.18109,6.78635,5.9953,5.49569,4.6422,3.51808,2.70621,2.62294,2.62294,2.22742,1.58209,6.39083,1.35311,0.499609,0.0624511,0.0832681,0.041634,0.020817,0,0,0.020817,0,0,0,0,0,0,0,0,0,0,0,0,0
70608,70623,70616,2.5,-104.88,40.182,749.306,0.91375,297.622,104.63,13.7285,570.112,0.124582,0.00249545,12.3119,11.8567,10.6645,9.40734,9.45069,7.1964,6.13428,5.3973,5.24557,4.1401,4.05339,2.9696,3.0563,9.92756,2.05921,0.585249,0.0433518,0.0433518,0.0216759,0.0433518,0,0.0216759,0,0,0,0,0,0,0,0,0,0,0,0,0,0
70624,70639,70632,2.4,-104.88,40.1836,758.733,1.28533,296.962,208.607,32.0018,1437.02,0.134713,0.00681296,17.1887,18.4181,16.4232,14.753,15.936,13.4076,12.5261,11.8998,11.4823,10.1601,9.30183,9.88174,7.81724,31.5473,6.00791,1.39179,0.185573,0.0927863,0.0695897,0.0231966,0,0,0.0927863,0,0,0,0,0,0,0,0,0,0,0,0,0
70640,70654,70647,2.3,-104.881,40.185,768.003,1.74286,296.428,344.18,55.9273,2578.89,0.138334,0.0127874,28.2817,28.5278,25.2541,22.965,23.1866,21.562,20.6021,18.5591,18.6575,16.5407,15.4823,13.9316,13.3655,61.4124,12.2332,2.80602,0.369213,0.221528,0.0738425,0.0492284,0,0.0738425,0.0246142,0,0,0,0,0,0,0,0,0,0,0,0,0
70655,70670,70662,2.2,-104.882,40.1861,777.479,2.36125,296.055,582.902,93.6311,4409.9,0.141296,0.022656,58.0046,52.27,47.6121,42.273,40.8229,34.4951,32.7155,31.5949,28.7826,25.7725,23.3776,22.9162,19.0932,93.3346,21.8616,6.10806,0.725057,0.417457,0.3076,0.131829,0.109857,0.0878857,0.0878857,0,0,0,0,0,0,0,0,0,0,0,0,0
70671,70686,70678,2.1,-104.883,40.1871,787.203,3.20125,295.905,714.347,114.339,5350.11,0.140375,0.0274013,70.6864,64.4083,57.4116,52.1693,49.5059,44.94,41.1351,37.0554,33.1025,32.5952,29.6147,27.4586,24.2879,113.745,26.0635,8.26507,0.824393,0.401627,0.359351,0.147968,0.0211383,0.0634148,0.0845531,0,0,0,0,0,0,0,0,0,0,0,0,0
70687,70703,70695,2,-104.884,40.1881,797.067,3.96118,295.664,871.918,139.239,6557.02,0.141275,0.0336855,86.7501,82.5179,72.5814,63.0743,60.3346,53.056,49.6825,45.2254,41.8314,40.5843,33.4692,32.8354,28.1739,137.659,31.9972,9.40492,1.02227,0.429355,0.654255,0.204455,0.163564,0.102227,0.163564,0,0,0,0,0,0,0,0,0,0,0,0,0
70704,70713,70708,1.9,-104.885,40.1887,805.043,4.61,295.514,946.454,152.523,7238.41,0.142374,0.0375679,88.2302,89.1132,77.8382,68.4311,66.4953,59.1598,54.7109,49.7187,45.8811,43.1982,37.289,38.0022,31.0742,147.628,35.2853,11.3769,0.984864,0.747138,0.475452,0.271687,0.203765,0.169804,0.169804,0,0,0,0,0,0,0,0,0,0,0,0,0
70754,70770,70762,1.6,-104.886,40.1904,836.524,6.99455,294.803,1664.9,279.564,13782.9,0.147904,0.0747807,135.038,146.319,134.105,122.42,115.489,102.778,100.074,92.9259,85.498,77.5108,73.4394,64.9549,55.0407,260.255,65.017,25.6401,3.01465,1.58502,2.08229,0.497262,0.466183,0.248631,0.497262,0,0,0,0,0,0,0,0,0,0,0,0,0
70774,70782,70778,1.5,-104.886,40.1906,844.22,7.582,294.651,2113.77,355.72,17489.7,0.147501,0.094546,163.664,177.582,159.965,155.258,151.56,135.624,131.523,122.445,110.476,100.995,93.4644,82.8404,71.7457,330.891,83.3783,32.0738,3.76547,1.61377,2.95859,0.336203,0.672406,0.470684,0.470684,0,0,0,0,0,0,0,0,0,0,0,0,0
