api/data/B2SAP/Locations/Boulder/NOAA-POPS-B2SAP_GMLBalloon_20220624_R0.ict
61,1001
Thornberry, T. D.
NOAA Chemical Sciences Laboratory
Portable Optical Particle Spectrometer (POPS)
Balloon Baseline Stratospheric Aerosol Profiles (B2SAP)
1,1
2022,06,24,2024,05,28
0
TIME_START,s,Seconds since midnight UTC on flight start day,Start time of 100 m altitude bin in UTC_seconds_since_midnight
28
1.0,1.0,1.0,1.0,1.0,1.0,1.0,1.0,1.0,1.0,1.0,1.0,1.0,1.0,1.0,1.0,1.0,1.0,1.0,1.0,1.0,1.0,1.0,1.0,1.0,1.0,1.0,1.0
99999,99999,99999,99999,99999,99999,99999,99999,99999,99999,99999,99999,99999,99999,99999,99999,99999,99999,99999,99999,99999,99999,99999,99999,99999,99999,99999,99999
TIME_STOP,s,End time of 100 m altitude bin in UTC seconds since midnight,
TIME_MID,s,Mid time of 100 m altitude in UTC seconds since midnight,
GPSAlt,m,GPS reported altitude above sea level (m),
GPS_Lon,deg,GPS reported longitude,
GPS_Lat,deg,GPS reported latitude,
iMet_Pressure,mb,Pressure reported (mB),
iMet_Temperature,degrees C,Ambient temperature (oC),
THETA,K,Potential temperature from iMet,
Aerosol_concentration,cm^-3,Aerosol concentration,
Surface_Area_Conc,um^2 cm^-3,Surface area concentration,
Volume_density,um^3 cm^-3,Volume density,
Effective_radius,um,Effective radius,
Extinction,km^-1,Extinction,
Bin01,cm^-3,particle concentration in size range [140 - 170 nm],
Bin02,cm^-3,particle concentration in size range [170 - 205 nm],
Bin03,cm^-3,particle concentration in size range [205 - 249 nm],
Bin04,cm^-3,particle concentration in size range [249 - 302 nm],
Bin05,cm^-3,particle concentration in size range [302 - 366 nm],
Bin06,cm^-3,particle concentration in size range [366 - 443 nm],
Bin07,cm^-3,particle concentration in size range [443 - 537 nm],
Bin08,cm^-3,particle concentration in size range [537 - 651 nm],
Bin09,cm^-3,particle concentration in size range [651 - 789 nm],
Bin10,cm^-3,particle concentration in size range [789 - 956 nm],
Bin11,cm^-3,particle concentration in size range [956 - 1159 nm],
Bin12,cm^-3,particle concentration in size range [1159 - 1404 nm],
Bin13,cm^-3,particle concentration in size range [1404 - 1702 nm],
Bin14,cm^-3,particle concentration in size range [1702 - 2062 nm],
Bin15,cm^-3,particle concentration in size range [2062 - 2500 nm],
0
19
PI_CONTACT_INFO: 325 Broadway R/CSL6, Boulder, CO 80305; troy.thornberry@noaa.gov; 303-497-3373 
PLATFORM: GML ECC/FPH balloon
LOCATION: Boulder, CO, USA
ASSOCIATED_DATA: N/A
INSTRUMENT_INFO: Printed Optical Particle Spectrometer counts particles from 140 - 2500 nm in diameter 
DATA_INFO: Particle concentrations reported in number per cubic centimeter, binned to 100 m altitude
UNCERTAINTY: Counting uncertainty dominated by air flow, less than 5 percent
ULOD_FLAG: -77777
ULOD_VALUE: 3000 ~3000 per cm3 (varies depending on flow rate- manufacturer quotes 1250  per cm3 at 1.667 cc/s)
LLOD_FLAG: -88888
LLOD_VALUE: 0 0 (varies depending on data field and measurement precision)
DM_CONTACT_INFO: Troy Thornberry, 325 Broadway R/CSL6, Boulder, CO 80305; troy.thornberry@noaa.gov; 303-497-3373
PROJECT_INFO: B2SAP Boulder, CO, USA
STIPULATIONS_ON_USE: Please contact the PIs for questions regarding applications and uncertainties
OTHER_COMMENTS: POPS bin Edges (nm):  140, 170, 205, 249, 302, 366, 443, 537, 651, 789, 956, 1159, 1404, 1702, 2062, 2500
Calculations assume sulfate refractive index of 1.45+0.00j and extinction wavelength = 532 nm
REVISION: R0
R0: QA/QC data
TIME_START,TIME_STOP,TIME_MID,GPSAlt,GPS_Lon,GPS_Lat,iMet_Pressure,iMet_Temperature,THETA,Aerosol_concentration,Surface_Area_Conc,Volume_density,Effective_radius,Extinction,Bin01,Bin02,Bin03,Bin04,Bin05,Bin06,Bin07,Bin08,Bin09,Bin10,Bin11,Bin12,Bin13,Bin14,Bin15
[from data line 308]
64401,64416,64408,24.6,-104.92,40.3215,27.325,-51.0607,621.197,2.24872,0.669053,46.1175,0.206788,0.000351741,0.742077,0.269846,0.179897,0.269846,0.247359,0.179897,0.202385,0.15741,0,0,0,0,0,0,0
64417,64432,64424,24.5,-104.923,40.3214,27.7925,-50.02,621.085,1.93446,0.555557,40.66,0.219563,0.000284899,0.54165,0.283721,0.309514,0.103171,0.386893,0.0773785,0.128964,0.0773785,0,0.0257928,0,0,0,0,0
64433,64447,64440,24.4,-104.926,40.3212,28.2085,-50.6531,616.701,1.92993,0.655536,47.5525,0.217619,0.000363481,0.376571,0.353035,0.258893,0.0470714,0.353035,0.211821,0.211821,0.0706071,0.0470714,0,0,0,0,0,0
64448,64463,64456,24.3,-104.928,40.3211,28.6453,-50.916,613.278,2.0374,0.601473,44.9105,0.224003,0.000337178,0.544652,0.484135,0.302584,0.141206,0.100861,0.0605169,0.302584,0.0806892,0,0.0201723,0,0,0,0,0
64464,64480,64472,24.2,-104.931,40.3211,29.1447,-51.3633,609.025,2.19667,0.533554,31.8882,0.179297,0.000223087,0.644894,0.463517,0.241835,0.141071,0.282141,0.181376,0.241835,0,0,0,0,0,0,0,0
64481,64496,64488,24.1,-104.933,40.3212,29.6055,-50.6073,608.366,2.32594,0.632771,45.2068,0.214327,0.000313693,0.649099,0.405687,0.405687,0.135229,0.324549,0.162275,0.135229,0.0811373,0,0.0270458,0,0,0,0,0
64497,64512,64504,24,-104.935,40.3214,30.05,-50.1994,606.89,2.02548,0.547309,35.6211,0.195252,0.000262412,0.607645,0.313029,0.239375,0.165721,0.331443,0.0920674,0.184135,0.0920674,0,0,0,0,0,0,0
64513,64528,64520,23.9,-104.937,40.3214,30.5519,-52.4637,597.898,1.99551,0.635354,48.2644,0.227894,0.000354638,0.554309,0.258678,0.277155,0.166293,0.295632,0.147816,0.166293,0.0739079,0.036954,0.018477,0,0,0,0,0
64529,64544,64536,23.8,-104.939,40.3213,30.9725,-52.9963,594.121,1.72474,0.306061,14.9549,0.146588,8.26915e-05,0.587146,0.403663,0.183483,0.22018,0.183483,0.11009,0.0366966,0,0,0,0,0,0,0,0
64545,64560,64552,23.7,-104.942,40.3209,31.5888,-53.2356,590.152,1.93154,0.501724,34.1826,0.204391,0.000255494,0.674216,0.364441,0.200443,0.182221,0.145776,0.109332,0.145776,0.0911103,0.0182221,0,0,0,0,0,0
64561,64575,64568,23.6,-104.945,40.3203,32.02,-54.5043,584.469,2.30664,0.848,92.0657,0.325704,0.00041903,0.741419,0.32952,0.28833,0.185355,0.28833,0.144165,0.20595,0.0617849,0,0,0.0617849,0,0,0,0
64580,64594,64587,23.5,-104.947,40.3195,32.6587,-53.432,584.045,2.21249,0.695357,61.9598,0.267315,0.000383053,0.648488,0.514976,0.209805,0.209805,0.228878,0.114439,0.114439,0.0762927,0.0762927,0,0.0190732,0,0,0,0
64595,64602,64598,23.4,-104.947,40.3192,32.9763,-54.8462,578.663,2.3717,0.697815,51.2997,0.220544,0.000400121,0.778766,0.424781,0.283188,0.212391,0.176992,0.0707969,0.212391,0.176992,0.0353984,0,0,0,0,0,0
64611,64627,64619,23.3,-104.949,40.3193,33.6971,-53.6086,578.382,2.00091,0.520524,37.1215,0.213947,0.000265772,0.640292,0.500228,0.2201,0.100046,0.160073,0.100046,0.2201,0.0400183,0,0.0200091,0,0,0,0,0
64628,64644,64636,23.2,-104.95,40.3197,34.1665,-54.0506,574.922,2.31195,0.576122,34.7216,0.180803,0.000238279,0.618691,0.341908,0.35819,0.211657,0.423315,0.162813,0.130251,0.0651254,0,0,0,0,0,0,0
64645,64661,64653,23.1,-104.952,40.3204,34.7629,-52.6747,575.692,2.48737,0.731045,55.4712,0.227638,0.000396264,0.722141,0.46538,0.272809,0.304904,0.192571,0.192571,0.224666,0.0481427,0.0320952,0.0320952,0,0,0,0,0
64662,64679,64670,23,-104.954,40.3211,35.3359,-53.1376,571.794,2.03865,0.554473,36.9278,0.1998,0.000268072,0.616335,0.363479,0.221248,0.142231,0.237052,0.237052,0.158035,0.0316069,0.0316069,0,0,0,0,0,0
64680,64697,64688,22.9,-104.956,40.3218,35.8246,-53.86,567.693,2.52571,0.803373,78.3929,0.292739,0.000390836,0.67763,0.53389,0.410685,0.308014,0.123205,0.123205,0.225877,0.0616027,0.0205342,0,0.0205342,0.0205342,0,0,0
64698,64715,64706,22.8,-104.958,40.3225,36.4617,-55.0689,561.722,2.62048,0.718548,47.9897,0.200361,0.000350876,0.636615,0.44415,0.518175,0.222075,0.26649,0.20727,0.20727,0.0888299,0.02961,0,0,0,0,0,0
64716,64733,64724,22.7,-104.96,40.3234,37.0727,-54.9047,559.487,2.26979,0.757343,56.0999,0.222224,0.000433127,0.563048,0.40469,0.263929,0.140762,0.228738,0.246333,0.299119,0.0527857,0.0703809,0,0,0,0,0,0
64734,64751,64742,22.6,-104.961,40.3242,37.6533,-54.6907,557.551,2.74879,0.942163,111.705,0.355686,0.000519736,0.730692,0.713294,0.295756,0.173974,0.226166,0.208769,0.278359,0.0695897,0.0173974,0.0173974,0,0,0,0.0173974,0
64752,64769,64760,22.5,-104.963,40.3246,38.1992,-54.9631,554.568,2.72691,0.685639,45.9797,0.201183,0.000333299,0.761931,0.641626,0.380966,0.180457,0.380966,0.100254,0.120305,0.120305,0.0401017,0,0,0,0,0,0
64770,64788,64779,22.4,-104.965,40.325,38.8212,-56.2359,548.802,2.82249,0.857818,74.2292,0.259598,0.00040305,0.884888,0.564497,0.22885,0.152567,0.381417,0.289877,0.22885,0.0457701,0.0152567,0,0.0152567,0.0152567,0,0,0
64789,64806,64798,22.3,-104.968,40.3254,39.4415,-56.0169,546.862,2.77516,0.794208,54.7261,0.20672,0.000384381,0.673967,0.515386,0.277516,0.277516,0.475741,0.237871,0.237871,0.0396451,0.0198225,0.0198225,0,0,0,0,0
64807,64824,64816,22.2,-104.971,40.3258,40.1531,-57.2044,541.115,2.75675,0.686804,42.2548,0.184572,0.000288063,0.609048,0.560966,0.4648,0.240414,0.448773,0.208359,0.176303,0.0160276,0.0320552,0,0,0,0,0,0
64825,64841,64833,22.1,-104.973,40.326,40.8307,-56.8833,539.324,2.37416,0.677367,43.904,0.194447,0.00032115,0.451424,0.451424,0.367827,0.234072,0.401266,0.133755,0.234072,0.100316,0,0,0,0,0,0,0
64845,64860,64852,22,-104.975,40.3258,41.4192,-58.0738,534.171,3.11321,1.00516,79.6341,0.237675,0.000491776,0.6421,0.56427,0.408609,0.272406,0.48644,0.291864,0.350237,0.0389152,0.0389152,0,0,0.0194576,0,0,0
64861,64878,64870,21.9,-104.977,40.3254,42.1163,-57.8181,532.26,3.10127,0.963255,72.7113,0.226455,0.000468073,0.664558,0.553798,0.443039,0.221519,0.522153,0.253165,0.332279,0.079114,0.0158228,0,0.0158228,0,0,0,0
64879,64896,64888,21.8,-104.979,40.325,42.8129,-57.9993,529.327,3.78327,1.27925,100.046,0.234622,0.000677062,0.796478,0.524951,0.579257,0.434442,0.452544,0.398239,0.325832,0.217221,0.0362035,0,0.0181018,0,0,0,0
64897,64912,64904,21.7,-104.98,40.3248,43.4946,-57.97,527.013,3.2645,1.06729,75.9317,0.213432,0.000565331,0.796694,0.349768,0.466358,0.291474,0.446926,0.349768,0.408063,0.136021,0,0.0194316,0,0,0,0,0
64917,64933,64925,21.6,-104.982,40.3247,44.1863,-57.2587,526.378,3.29232,0.897121,56.9288,0.190372,0.00041058,0.645862,0.598604,0.598604,0.378066,0.456829,0.17328,0.330807,0.110269,0,0,0,0,0,0,0
64934,64952,64943,21.5,-104.984,40.3246,44.9147,-57.938,522.282,3.18304,1.01965,69.7156,0.205117,0.000521532,0.538927,0.471562,0.57261,0.269464,0.505244,0.303147,0.387354,0.101049,0.033683,0,0,0,0,0,0
64953,64971,64962,21.4,-104.985,40.3247,45.675,-57.7444,520.238,3.4752,1.19548,100.381,0.251901,0.000612553,0.647651,0.600262,0.473891,0.379113,0.584466,0.236945,0.379113,0.0947782,0.0473891,0,0.0315927,0,0,0,0
64972,64990,64981,21.3,-104.987,40.3245,46.4171,-57.3065,518.915,3.95172,1.16283,81.5122,0.210294,0.000593906,0.902827,0.636419,0.65122,0.414412,0.547616,0.281208,0.296009,0.162805,0.0444013,0.0148004,0,0,0,0,0
64991,65009,65000,21.2,-104.989,40.3239,47.1536,-57.6371,515.779,3.41424,1.07566,74.5819,0.208008,0.00056254,0.780917,0.472183,0.363217,0.526665,0.435861,0.254252,0.399539,0.145287,0.0363217,0,0,0,0,0,0
65010,65029,65020,21.1,-104.991,40.323,47.8733,-57.5,513.886,3.63186,1.12693,78.5374,0.209074,0.000568857,0.589947,0.700562,0.44246,0.497768,0.626819,0.22123,0.424024,0.0737434,0.0368717,0.0184358,0,0,0,0,0
65031,65047,65039,21,-104.991,40.322,48.6247,-57.994,510.436,4.0953,1.50318,131.439,0.262321,0.000792931,0.704169,0.704169,0.50033,0.463269,0.704169,0.389146,0.352084,0.166777,0.0555923,0.0185308,0,0.0370615,0,0,0
65050,65067,65058,20.9,-104.991,40.3214,49.4138,-57.6456,508.911,3.8941,1.061,66.2913,0.187439,0.000468192,0.660606,0.747528,0.660606,0.469378,0.660606,0.260766,0.295534,0.139075,0,0,0,0,0,0,0
65070,65089,65080,20.8,-104.991,40.3212,50.2773,-57.6467,506.404,4.13029,1.23868,81.1588,0.196562,0.000600984,0.944596,0.555645,0.537123,0.481559,0.592688,0.37043,0.518602,0.12965,0,0,0,0,0,0,0
65090,65111,65100,20.7,-104.991,40.3216,51.1011,-58.2884,502.547,3.74382,1.20427,84.7145,0.211035,0.000631271,0.704719,0.587266,0.484494,0.543221,0.499176,0.26427,0.469813,0.161498,0.0146816,0.0146816,0,0,0,0,0
65112,65129,65120,20.6,-104.991,40.3226,51.9471,-57.6607,501.663,4.01276,1.09763,69.1466,0.188988,0.000491824,0.735011,0.874067,0.456899,0.496629,0.754876,0.238382,0.297977,0.158921,0,0,0,0,0,0,0
65130,65153,65142,20.5,-104.991,40.3238,52.7868,-57.8842,498.846,3.85079,1.16909,84.4894,0.216809,0.000606513,0.82307,0.676093,0.470326,0.485023,0.676093,0.235163,0.24986,0.161674,0.044093,0.0293954,0,0,0,0,0
65154,65172,65163,20.4,-104.992,40.3249,53.6362,-58.0275,496.25,4.52462,1.31186,94.785,0.216756,0.000588648,1.01324,0.716253,0.611435,0.559027,0.716253,0.454209,0.314452,0.0873479,0.0349392,0,0,0.0174696,0,0,0
65175,65194,65184,20.3,-104.993,40.3255,54.5194,-58.5371,492.771,4.16601,1.29704,96.961,0.224267,0.000624522,0.856255,0.609258,0.576325,0.559859,0.658658,0.411661,0.296396,0.131732,0.0493993,0,0,0.0164664,0,0,0
65196,65215,65206,20.2,-104.994,40.3256,55.4289,-58.4694,490.597,4.42739,1.23256,80.0143,0.194752,0.000578444,1.04082,0.605853,0.7612,0.559249,0.559249,0.326229,0.434972,0.108743,0.0310694,0,0,0,0,0,0
65216,65235,65226,20.1,-104.994,40.3254,56.3394,-58.6094,488.009,4.24821,1.28417,93.7243,0.218953,0.000590055,0.76038,0.69426,0.52896,0.72732,0.69426,0.3306,0.41325,0.04959,0.01653,0.01653,0.01653,0,0,0,0
65236,65255,65246,20,-104.993,40.3255,57.1906,-59.1187,484.756,4.27369,1.519,157.678,0.311413,0.000775197,0.85824,0.753149,0.648059,0.402847,0.507938,0.490423,0.437878,0.122606,0.0175151,0,0,0.0175151,0,0.0175151,0
65256,65275,65266,19.9,-104.993,40.3258,58.1763,-58.3181,484.208,3.99838,1.13974,73.6801,0.19394,0.000529044,0.771618,0.666397,0.613787,0.473493,0.666397,0.298125,0.403346,0.0701471,0.0350735,0,0,0,0,0,0
65277,65296,65286,19.8,-104.993,40.3261,59.0871,-57.3965,484.127,4.57016,1.52433,114.852,0.226038,0.000826975,0.685523,0.783455,0.783455,0.538626,0.685523,0.48966,0.310118,0.16322,0.0816099,0.048966,0,0,0,0,0
65297,65316,65306,19.7,-104.992,40.3266,60.0259,-57.2541,482.272,4.90568,1.39106,90.7833,0.195786,0.000654405,0.951603,0.820347,0.738313,0.75472,0.689092,0.344546,0.393767,0.180476,0.0328139,0,0,0,0,0,0
65317,65338,65328,19.6,-104.992,40.3274,60.9995,-57.0542,480.508,4.99697,1.36495,88.9345,0.195467,0.000615883,1.05508,0.791309,0.864578,0.571501,0.791309,0.45427,0.322385,0.0879232,0.0439616,0.0146539,0,0,0,0,0
65339,65358,65348,19.5,-104.992,40.3279,61.9581,-57.205,478.031,4.79029,1.49642,106.832,0.214176,0.000778256,1.02401,0.76367,0.590109,0.520684,0.815738,0.468616,0.364479,0.121493,0.104137,0.0173561,0,0,0,0,0
65359,65379,65369,19.4,-104.991,40.3286,63.0211,-58.0416,473.883,4.97394,1.41638,101.449,0.214875,0.000635761,1.07109,0.821655,0.689603,0.718948,0.718948,0.484189,0.337465,0.0586896,0.0440172,0.0146724,0,0.0146724,0,0,0
65382,65400,65391,19.3,-104.991,40.3296,64.0412,-58.7871,470.064,4.78055,1.4672,102.489,0.209559,0.000731196,0.919969,0.722832,0.607836,0.722832,0.804972,0.394272,0.361416,0.197136,0.016428,0.032856,0,0,0,0,0
65401,65421,65411,19.2,-104.992,40.331,65.0425,-59.18,467.136,5.12641,1.49867,106.009,0.212205,0.000754452,1.31671,0.790028,0.614467,0.491573,0.96559,0.36868,0.316011,0.175562,0.0526686,0.0351124,0,0,0,0,0
65422,65442,65432,19.1,-104.993,40.3324,66.1306,-60.6239,461.788,5.0677,1.55767,111.912,0.215538,0.000798356,1.00413,0.90999,0.674648,0.564821,0.847232,0.360858,0.517753,0.0941369,0.0470684,0.0470684,0,0,0,0,0
65443,65463,65453,19,-104.994,40.3332,67.1622,-60.5344,459.941,5.61134,1.5288,111.671,0.219133,0.000689682,1.37932,0.909099,0.924773,0.673987,0.815054,0.438875,0.313482,0.0470224,0.0626965,0.0313482,0,0.0156741,0,0,0
65464,65484,65474,18.9,-104.995,40.3337,68.3,-60.5847,457.637,4.74307,1.45785,111.127,0.22868,0.00074413,1.09683,0.904147,0.63735,0.340908,0.770748,0.296442,0.533595,0.0741104,0.0444662,0.0296442,0.0148221,0,0,0,0
65485,65506,65496,18.8,-104.996,40.3338,69.4611,-61.7783,452.871,5.68637,1.52782,109.694,0.215393,0.000688755,1.48066,1.08687,0.724578,0.504055,0.992357,0.393793,0.346538,0.0787585,0.0315034,0.0315034,0.0157517,0,0,0,0
65507,65528,65518,18.7,-104.995,40.3337,70.5695,-61.0532,452.38,4.73287,1.27708,89.1931,0.209525,0.000570444,1.11624,0.982293,0.639979,0.520913,0.595329,0.372081,0.386964,0.0744161,0.0297664,0,0.0148832,0,0,0,0
65529,65550,65540,18.6,-104.995,40.3337,71.7609,-60.4223,451.559,5.50676,1.56375,110.83,0.212623,0.00077369,1.21379,0.983806,0.856039,0.728272,0.753826,0.319418,0.447185,0.102214,0.0511068,0.0511068,0,0,0,0,0
65551,65571,65561,18.5,-104.993,40.3338,72.8206,-60.4422,449.628,5.97398,1.72012,123.943,0.216164,0.000811531,1.53666,0.82876,0.897823,0.587038,0.984153,0.448912,0.483443,0.138127,0.0345317,0.0172658,0.0172658,0,0,0,0
65573,65595,65584,18.4,-104.991,40.3347,74.0815,-60.9805,446.302,5.42383,1.35344,86.6322,0.192027,0.000579892,1.50924,0.817505,0.88039,0.613129,0.723178,0.440195,0.314425,0.0943275,0,0.0314425,0,0,0,0,0
65599,65620,65610,18.3,-104.989,40.3366,75.3425,-60.68,444.776,5.54801,1.46723,93.137,0.190434,0.000663737,1.19586,1.11744,0.842984,0.705754,0.646941,0.41169,0.431294,0.176439,0.0196043,0,0,0,0,0,0
65621,65644,65632,18.2,-104.987,40.3387,76.5317,-60.4844,443.207,5.59115,1.51065,104.028,0.206589,0.000743031,1.55019,1.14958,0.696717,0.487702,0.627045,0.383194,0.487702,0.156761,0.0174179,0.0348358,0,0,0,0,0
65645,65664,65654,18.1,-104.985,40.3404,77.7619,-62.6831,436.63,6.27619,1.42823,96.4638,0.202622,0.000587535,2.13154,1.34208,0.789458,0.592093,0.55262,0.296047,0.434202,0.118419,0,0,0.0197364,0,0,0,0
65665,65689,65677,18,-104.984,40.3422,79.0612,-64.7118,430.374,6.14082,1.29101,90.0545,0.209265,0.000511065,2.39228,1.35626,0.715802,0.489759,0.527433,0.263716,0.263716,0.0753475,0.0188369,0.0188369,0,0.0188369,0,0,0
65690,65714,65702,17.9,-104.983,40.3439,80.375,-64.5461,428.698,7.06762,1.64527,121.727,0.221958,0.000705699,2.86956,1.08051,0.938807,0.58454,0.69082,0.31884,0.354267,0.15942,0.0354267,0,0.0354267,0,0,0,0
65715,65739,65727,17.8,-104.983,40.3455,81.7262,-64.805,426.121,6.8117,1.36078,77.6189,0.171121,0.000518649,2.73667,1.43825,0.639222,0.459441,0.719124,0.339586,0.359562,0.119854,0,0,0,0,0,0,0
65740,65763,65752,17.7,-104.983,40.3471,83.0667,-65.01,423.738,7.08582,1.27549,71.6896,0.168616,0.000462599,3.08542,1.38312,1.06394,0.404296,0.489411,0.276624,0.255345,0.085115,0.0425575,0,0,0,0,0,0
65764,65787,65776,17.6,-104.983,40.3488,84.4663,-66.2406,419.223,6.8859,1.18124,76.5682,0.194461,0.000385605,3.12268,1.58136,0.780669,0.460395,0.580497,0.14012,0.120103,0.0400343,0.0200172,0.0200172,0.0200172,0,0,0,0
65788,65811,65800,17.5,-104.983,40.3506,85.9535,-65.5253,418.578,7.29397,1.22085,62.413,0.153368,0.000372417,3.04542,1.6543,0.996341,0.432374,0.601564,0.300782,0.16919,0.0939944,0,0,0,0,0,0,0
65812,65835,65824,17.4,-104.983,40.3523,87.48,-65.6881,416.156,7.75347,1.16451,55.1128,0.141981,0.000303464,3.7968,1.6586,0.659444,0.539545,0.679428,0.219815,0.159865,0.0399663,0,0,0,0,0,0,0
65836,65856,65846,17.3,-104.982,40.3537,88.9054,-65.7331,414.138,8.72689,1.4543,80.6224,0.166312,0.000516639,4.11692,1.99683,0.986089,0.567001,0.320479,0.295827,0.271175,0.123261,0.0493045,0,0,0,0,0,0
65857,65883,65870,17.2,-104.981,40.3549,90.3047,-65.236,413.291,7.20744,1.18516,62.624,0.15852,0.000388536,3.16787,1.89222,0.680349,0.46774,0.46774,0.170087,0.276392,0.0637827,0.0212609,0,0,0,0,0,0
65884,65905,65894,17.1,-104.981,40.3561,91.7795,-64.4284,412.978,7.41615,1.23487,76.1816,0.185076,0.000393903,3.19748,1.94193,0.88726,0.485482,0.502222,0.133926,0.167407,0.0502222,0.0167407,0.0167407,0.0167407,0,0,0,0
65911,65921,65916,17,-104.98,40.3569,93.1718,-63.7455,412.547,8.5341,1.33139,64.9363,0.14632,0.000373882,4.0364,1.72988,0.922605,0.691954,0.634291,0.172988,0.317145,0.0288314,0,0,0,0,0,0,0
