api/data/B2SAP/Locations/Boulder/NOAA-POPS-B2SAP_GMLBalloon_20210301_R0.ict
61,1001
Thornberry, T. D.
NOAA Chemical Sciences Laboratory
Portable Optical Particle Spectrometer (POPS)
Balloon Baseline Stratospheric Aerosol Profiles (B2SAP)
1,1
2021,03,01,2024,05,28
0
TIME_START,s,Seconds since midnight UTC on flight start day,Start time of 100 m altitude bin in UTC_seconds_since_midnight
28
1.0,1.0,1.0,1.0,1.0,1.0,1.0,1.0,1.0,1.0,1.0,1.0,1.0,1.0,1.0,1.0,1.0,1.0,1.0,1.0,1.0,1.0,1.0,1.0,1.0,1.0,1.0,1.0
99999,99999,99999,99999,99999,99999,99999,99999,99999,99999,99999,99999,99999,99999,99999,99999,99999,99999,99999,99999,99999,99999,99999,99999,99999,99999,99999,99999
TIME_STOP,s,End time of 100 m altitude bin in UTC seconds since midnight,
TIME_MID,s,Mid time of 100 m altitude in UTC seconds since midnight,
GPSAlt,m,GPS reported altitude above sea level (m),
GPS_Lon,deg,GPS reported longitude,
GPS_Lat,deg,GPS reported latitude,
iMet_Pressure,mb,Pressure reported (mB),
iMet_Temperature,degrees C,Ambient temperature (oC),
THETA,K,Potential temperature from iMet,
Aerosol_concentration,cm^-3,Aerosol concentration,
Surface_Area_Conc,um^2 cm^-3,Surface area concentration,
Volume_density,um^3 cm^-3,Volume density,
Effective_radius,um,Effective radius,
Extinction,km^-1,Extinction,
Bin01,cm^-3,particle concentration in size range [140 - 170 nm],
Bin02,cm^-3,particle concentration in size range [170 - 205 nm],
Bin03,cm^-3,particle concentration in size range [205 - 249 nm],
Bin04,cm^-3,particle concentration in size range [249 - 302 nm],
Bin05,cm^-3,particle concentration in size range [302 - 366 nm],
Bin06,cm^-3,particle concentration in size range [366 - 443 nm],
Bin07,cm^-3,particle concentration in size range [443 - 537 nm],
Bin08,cm^-3,particle concentration in size range [537 - 651 nm],
Bin09,cm^-3,particle concentration in size range [651 - 789 nm],
Bin10,cm^-3,particle concentration in size range [789 - 956 nm],
Bin11,cm^-3,particle concentration in size range [956 - 1159 nm],
Bin12,cm^-3,particle concentration in size range [1159 - 1404 nm],
Bin13,cm^-3,particle concentration in size range [1404 - 1702 nm],
Bin14,cm^-3,particle concentration in size range [1702 - 2062 nm],
Bin15,cm^-3,particle concentration in size range [2062 - 2500 nm],
0
19
PI_CONTACT_INFO: 325 Broadway R/CSL6, Boulder, CO 80305; troy.thornberry@noaa.gov; 303-497-3373 
PLATFORM: GML ECC/FPH balloon
LOCATION: Boulder, CO, USA
ASSOCIATED_DATA: N/A
INSTRUMENT_INFO: Printed Optical Particle Spectrometer counts particles from 140 - 2500 nm in diameter 
DATA_INFO: Particle concentrations reported in number per cubic centimeter, binned to 100 m altitude
UNCERTAINTY: Counting uncertainty dominated by air flow, less than 5 percent
ULOD_FLAG: -77777
ULOD_VALUE: 3000 ~3000 per cm3 (varies depending on flow rate- manufacturer quotes 1250  per cm3 at 1.667 cc/s)
LLOD_FLAG: -88888
LLOD_VALUE: 0 0 (varies depending on data field and measurement precision)
DM_CONTACT_INFO: Troy Thornberry, 325 Broadway R/CSL6, Boulder, CO 80305; troy.thornberry@noaa.gov; 303-497-3373
PROJECT_INFO: B2SAP Boulder, CO, USA
STIPULATIONS_ON_USE: Please contact the PIs for questions regarding applications and uncertainties
OTHER_COMMENTS: POPS bin Edges (nm):  140, 170, 205, 249, 302, 366, 443, 537, 651, 789, 956, 1159, 1404, 1702, 2062, 2500
Calculations assume sulfate refractive index of 1.45+0.00j and extinction wavelength = 532 nm
REVISION: R0
R0: QA/QC data
TIME_START,TIME_STOP,TIME_MID,GPSAlt,GPS_Lon,GPS_Lat,iMet_Pressure,iMet_Temperature,THETA,Aerosol_concentration,Surface_Area_Conc,Volume_density,Effective_radius,Extinction,Bin01,Bin02,Bin03,Bin04,Bin05,Bin06,Bin07,Bin08,Bin09,Bin10,Bin11,Bin12,Bin13,Bin14,Bin15
60820,60834,60827,1.8,-105.197,39.9489,827.726,-0.245385,288.054,439.365,51.5988,2305.29,0.134031,0.00834114,233.706,111.396,52.6435,20.5524,13.4663,4.07247,2.63353,0.407247,0.190049,0.0271498,0.0814494,0.108599,0.0542996,0,0.0271498
60835,60852,60844,1.9,-105.197,39.9488,817.868,-1.53313,287.677,304.327,38.6485,1981.83,0.153835,0.0077076,152.978,79.5032,37.7534,17.3474,9.46626,3.12565,2.94704,0.669782,0.178609,0.11163,0,0.133956,0.0446522,0.0446522,0.0223261
60853,60873,60863,2,-105.198,39.9489,807.274,-1.21632,289.084,106.52,14.7158,695.752,0.141837,0.00317675,46.0519,28.2861,15.6957,7.94193,5.34481,1.67496,0.959807,0.338755,0.075279,0.0940987,0.0376395,0,0.0188197,0,0
60874,60894,60884,2.1,-105.198,39.9492,796.653,-0.754,290.68,60.5131,9.45045,533.286,0.169289,0.0023819,23.3958,16.7924,9.12401,4.75726,3.99397,1.04731,0.976304,0.213012,0.0887549,0,0.035502,0.035502,0.053253,0,0
60895,60917,60906,2.2,-105.198,39.9498,786.045,-1.10545,291.417,62.21,9.38733,464.732,0.148519,0.00223907,23.992,16.1466,10.1242,5.55039,4.0041,1.04172,1.04172,0.162768,0.0813841,0.0162768,0.0162768,0.0325536,0,0,0
60919,60938,60928,2.3,-105.198,39.9509,775.824,-1.55294,292.025,64.2595,10.0848,550.117,0.163647,0.00259241,23.9011,16.8814,10.3706,5.85334,4.6657,1.27246,0.805894,0.339324,0.084831,0.0424155,0.0212077,0,0,0.0212077,0
60939,60959,60949,2.4,-105.198,39.952,766.509,-2.34368,292.179,68.8735,10.7529,593.047,0.165457,0.00272724,26.334,18.0608,11.0182,6.02028,4.35429,1.51454,1.21163,0.170385,0.11359,0,0.0378634,0,0.0189317,0.0189317,0
60960,60978,60969,2.5,-105.198,39.9531,756.456,-3.03133,292.546,60.0178,9.70785,592.491,0.183097,0.00252752,21.361,17.3919,9.1891,5.67703,3.87289,1.03437,1.15465,0.144331,0.0481105,0.0240552,0,0.0721657,0.0240552,0.0240552,0
60979,61002,60990,2.6,-105.198,39.9542,747.076,-3.4913,293.088,57.8578,9.13147,525.386,0.172607,0.00233342,21.5722,16.0567,9.40328,5.13625,3.38202,1.09046,0.711173,0.268665,0.0632153,0.0474115,0.0632153,0.0158038,0.0474115,0,0
61003,61023,61013,2.7,-105.198,39.9552,738.149,-3.74105,293.821,47.5506,7.37083,402.168,0.163686,0.00189227,18.1817,12.083,8.15698,4.05943,2.99216,1.10538,0.667043,0.171525,0.0762334,0.0381167,0,0,0,0.0190584,0
61024,61045,61034,2.8,-105.197,39.9557,728.182,-3.90048,294.792,33.3412,4.84188,225.556,0.139753,0.0010584,13.539,8.49402,5.19937,2.59111,2.26507,0.720705,0.394672,0.120117,0,0,0,0.0171596,0,0,0
61046,61066,61056,2.9,-105.196,39.9554,719.413,-4.04,295.663,24.318,3.61157,194.39,0.161473,0.00081569,9.71271,6.61406,3.87783,1.81207,1.34093,0.616105,0.235569,0.0543622,0,0.0181207,0,0,0.0362414,0,0
61067,61089,61078,3,-105.196,39.9549,709.9,-4.91727,295.819,22.6146,3.39618,213.323,0.188438,0.000849066,9.18875,6.19784,3.68879,1.67824,1.06344,0.465253,0.182778,0.0498486,0.0498486,0.0166162,0,0.0166162,0,0.0166162,0
61090,61107,61098,3.1,-105.196,39.9541,701.297,-5.795,295.877,20.1261,2.90107,133.375,0.137923,0.000653589,8.26099,4.75817,3.42183,1.84253,1.15411,0.404951,0.182228,0.0404951,0.0404951,0.0202475,0,0,0,0,0
61109,61128,61118,3.2,-105.196,39.9531,692.356,-6.5985,296.078,18.4593,2.52292,122.47,0.145629,0.000492073,8.14112,4.4456,3.0918,1.42698,0.859848,0.311009,0.109768,0.0365893,0.0182946,0,0,0,0.0182946,0,0
61129,61148,61138,3.3,-105.196,39.9519,683.741,-7.09947,296.579,13.2842,1.78917,75.7407,0.126999,0.00035349,5.70429,3.48058,1.99167,1.08285,0.599433,0.193366,0.212702,0.0193366,0,0,0,0,0,0,0
61149,61169,61159,3.4,-105.196,39.9506,674.441,-7.09474,297.744,7.40025,1.03902,56.9621,0.164468,0.000206893,3.38853,1.71374,1.12951,0.603704,0.428435,0.058423,0.0389487,0.0194743,0,0,0,0.0194743,0,0,0
61170,61189,61180,3.5,-105.195,39.9493,665.903,-5.844,300.237,3.09092,0.429551,20.1766,0.140914,0.000109687,1.5091,0.727276,0.400002,0.181819,0.163637,0.0363638,0.0181819,0.0545457,0,0,0,0,0,0,0
61190,61211,61200,3.6,-105.195,39.9482,657.19,-6.23778,300.927,4.11983,0.601325,29.0683,0.145021,0.000168564,2.03952,0.978969,0.50988,0.122371,0.203952,0.101976,0.142766,0.0203952,0,0,0,0,0,0,0
61212,61231,61222,3.7,-105.196,39.9473,649.055,-6.48,301.722,6.30459,0.898303,45.4062,0.15164,0.0002475,3.31499,1.32193,0.711808,0.305061,0.38641,0.0610122,0.183036,0,0,0.0203374,0,0,0,0,0
61232,61254,61243,3.8,-105.197,39.946,640.282,-6.87,302.453,7.71754,1.06396,57.6531,0.162561,0.000312863,4.11602,1.69051,1.13926,0.183751,0.349127,0.0735004,0.0735004,0.0183751,0.0367502,0.0367502,0,0,0,0,0
61255,61277,61266,3.9,-105.2,39.9445,632.523,-6.81455,303.578,6.13426,0.785657,35.2718,0.134684,0.000182557,3.26825,1.42462,0.770972,0.268164,0.184363,0.0670411,0.117322,0.0167603,0.0167603,0,0,0,0,0,0
61278,61300,61289,4,-105.203,39.9423,624.761,-6.72238,304.753,4.5603,0.609189,41.4347,0.204048,0.000137296,2.85896,0.841902,0.333253,0.280634,0.157857,0,0.0526189,0.0175396,0,0,0,0,0.0175396,0,0
61300,61319,61310,4.1,-105.205,39.9404,616.812,-7.3425,305.155,6.90101,1.03336,56.0568,0.162741,0.000325181,3.25624,1.72063,0.869565,0.499537,0.259019,0.0555041,0.12951,0.0555041,0.0370028,0.0185014,0,0,0,0,0
61320,61340,61330,4.2,-105.207,39.9389,608.462,-7.41263,306.271,8.65118,1.31099,67.7925,0.155132,0.00038269,4.07343,2.1143,1.00866,0.42674,0.523726,0.271562,0.155178,0.0387945,0.0193973,0.0193973,0,0,0,0,0
61341,61360,61350,4.3,-105.209,39.9377,600.656,-8.0315,306.684,6.76293,0.931876,41.1492,0.132472,0.000199212,3.16955,1.47421,0.902953,0.626539,0.350125,0.147421,0.0737105,0,0.0184276,0,0,0,0,0,0
61361,61382,61372,4.4,-105.21,39.9364,593.253,-8.78429,306.896,4.87008,0.680567,35.2456,0.155366,0.000188376,2.5762,1.00578,0.617583,0.282324,0.194097,0.0882261,0.0705809,0,0.0176452,0.0176452,0,0,0,0,0
61383,61405,61394,4.5,-105.213,39.9355,585.102,-9.67333,307.079,4.5819,0.669372,42.6062,0.190953,0.00017075,2.35287,1.1499,0.424578,0.318434,0.194598,0,0.106145,0.0176908,0,0,0,0.0176908,0,0,0
61406,61427,61416,4.6,-105.214,39.9349,578.135,-10.4752,307.194,3.88878,0.540735,25.246,0.140065,0.000140064,2.11308,0.781308,0.408411,0.195327,0.17757,0.088785,0.106542,0.017757,0,0,0,0,0,0,0
61428,61446,61437,4.7,-105.216,39.9345,570.659,-11.1929,307.493,2.67705,0.327443,14.6488,0.134211,7.85364e-05,1.77739,0.438861,0.153601,0.109715,0.0877722,0.0438861,0.0438861,0.0219431,0,0,0,0,0,0,0
61448,61467,61458,4.8,-105.218,39.9342,563.384,-11.9079,307.781,2.52256,0.364846,18.3342,0.150756,0.000111658,1.49777,0.492687,0.07883,0.23649,0.0197075,0.07883,0.0985375,0.0197075,0,0,0,0,0,0,0
61468,61490,61479,4.9,-105.22,39.9335,555.585,-12.7605,308.003,2.96228,0.378153,17.4679,0.138578,9.6406e-05,2.02051,0.376706,0.154107,0.119861,0.17123,0.051369,0.034246,0.034246,0,0,0,0,0,0,0
61491,61509,61500,5,-105.223,39.9329,548.177,-13.6637,308.11,3.55474,0.803524,140.065,0.522939,0.000333701,1.90645,0.71492,0.377319,0.218448,0.0992944,0.0992944,0.119153,0,0,0,0,0,0,0,0.0198589
61510,61529,61520,5.1,-105.224,39.9323,540.908,-14.3983,308.41,4.35361,0.652831,37.222,0.171049,0.000216066,2.5028,0.799214,0.378575,0.21032,0.21032,0.147224,0.0420639,0.021032,0.021032,0.021032,0,0,0,0,0
61530,61551,61540,5.2,-105.226,39.9319,533.903,-15.1927,308.618,8.42032,1.49373,159.829,0.320999,0.000494107,3.75008,2.15282,1.1285,0.520844,0.399314,0.225699,0.156253,0.0694459,0,0,0,0,0,0,0.0173615
61552,61574,61563,5.3,-105.228,39.931,526.852,-16.0167,308.803,8.77565,1.55303,113.248,0.218762,0.000529381,4.03353,1.92592,1.38085,0.436057,0.490564,0.145352,0.199859,0.0726762,0.0363381,0.018169,0,0.018169,0.018169,0,0
61575,61595,61585,5.4,-105.23,39.9305,519.906,-16.9048,308.903,7.24461,1.27008,83.8562,0.198073,0.000500658,3.53129,1.52901,0.782709,0.564279,0.364051,0.163823,0.182025,0.0364051,0,0.0910127,0,0,0,0,0
61596,61612,61604,5.5,-105.231,39.9298,513.278,-17.7488,309.014,7.71133,1.02949,43.6451,0.127185,0.000203715,3.77651,1.76388,0.791485,0.633188,0.520119,0.135683,0.0678416,0.0226139,0,0,0,0,0,0,0
61614,61635,61624,5.6,-105.233,39.929,506.359,-18.5391,309.252,7.66887,1.21206,69.3518,0.171655,0.000332058,3.41422,1.82092,0.945477,0.525265,0.630318,0.140071,0.122562,0.0350177,0.0175088,0,0.0175088,0,0,0,0
61636,61656,61646,5.7,-105.235,39.9276,499.792,-19.0245,309.819,5.63236,0.869226,47.1315,0.162667,0.000282897,2.94113,0.903484,0.768923,0.4998,0.230677,0.0961153,0.115338,0,0.0768923,0,0,0,0,0,0
61657,61678,61668,5.8,-105.237,39.9262,492.84,-19.2542,310.785,3.47738,0.435773,18.6764,0.128574,9.16823e-05,2.02173,0.687388,0.283042,0.202173,0.181956,0.0404346,0.0404346,0.0202173,0,0,0,0,0,0,0
61679,61700,61690,5.9,-105.238,39.9251,486.176,-19.7557,311.378,3.07353,0.361033,14.4626,0.120176,6.52658e-05,1.76682,0.662558,0.349683,0.0920219,0.128831,0.0184044,0.0552131,0,0,0,0,0,0,0,0
61702,61720,61711,6,-105.24,39.9239,479.955,-20.4065,311.72,4.45303,0.671288,37.9176,0.169455,0.000226417,2.54736,0.700039,0.525029,0.272237,0.194455,0.0388911,0.0777821,0.0777821,0,0.0194455,0,0,0,0,0
61721,61741,61731,6.1,-105.241,39.9226,473.414,-21.37,311.75,4.02492,0.533715,35.8037,0.201252,0.000118529,2.43051,0.894427,0.349993,0.0972203,0.174996,0,0.0583322,0,0,0,0,0.0194441,0,0,0
61742,61760,61751,6.2,-105.243,39.9213,466.791,-22.3461,311.795,3.68645,0.548087,27.4906,0.150472,0.000163656,2.01671,0.758975,0.21685,0.195165,0.325275,0.04337,0.065055,0.065055,0,0,0,0,0,0,0
61762,61779,61770,6.3,-105.244,39.9199,460.461,-23.2635,311.875,4.04666,0.522461,22.5698,0.129597,0.000113006,2.20727,0.827726,0.505833,0.183939,0.137954,0.0919696,0.0919696,0,0,0,0,0,0,0,0
61780,61802,61791,6.4,-105.245,39.9185,454.375,-24.175,311.918,3.8132,0.509818,23.6051,0.138903,0.000129362,2.10316,0.746916,0.471736,0.196557,0.13759,0.0393113,0.0786227,0.0393113,0,0,0,0,0,0,0
61804,61823,61814,6.5,-105.246,39.917,447.942,-25.1253,311.993,4.02535,0.491821,22.148,0.135098,0.000113788,2.41938,0.83427,0.333708,0.208568,0.104284,0.0417135,0.0625703,0,0.0208568,0,0,0,0,0,0
61824,61846,61835,6.6,-105.247,39.9155,441.759,-26.0748,312.033,4.24121,0.560535,24.2851,0.129975,0.000120821,2.26198,0.867092,0.452396,0.282747,0.207348,0.0753993,0.0942491,0,0,0,0,0,0,0,0
61847,61867,61857,6.7,-105.249,39.9139,435.5,-27.0643,312.055,3.45231,0.422328,18.8642,0.134001,9.86461e-05,2.15062,0.565953,0.358437,0.169786,0.132056,0,0.0188651,0.0565953,0,0,0,0,0,0,0
61868,61885,61876,6.8,-105.25,39.9122,429.773,-27.9333,312.137,3.52683,0.463061,21.9794,0.142396,0.000119432,2.07201,0.639237,0.352683,0.198384,0.132256,0.0440853,0.066128,0,0.0220427,0,0,0,0,0,0
61886,61908,61897,6.9,-105.251,39.9105,423.686,-28.8741,312.207,3.27921,0.356417,13.2832,0.111806,5.19894e-05,2.13149,0.546535,0.309703,0.109307,0.109307,0.0546535,0.0182178,0,0,0,0,0,0,0,0
61909,61925,61917,7,-105.252,39.9089,418.066,-29.8276,312.174,3.14674,0.382305,17.2515,0.135375,9.29899e-05,1.96375,0.662471,0.236597,0.0473194,0.141958,0.0236597,0.0236597,0.0473194,0,0,0,0,0,0,0
61926,61947,61936,7.1,-105.253,39.9069,411.888,-30.7255,312.346,2.81181,0.341747,13.8125,0.121252,6.15106e-05,1.64639,0.517964,0.240483,0.203486,0.129491,0.0369975,0.0369975,0,0,0,0,0,0,0,0
61948,61969,61958,7.2,-105.254,39.9048,406.018,-31.3948,312.768,8.78464,1.19133,54.1427,0.136341,0.000280071,4.25747,2.27322,0.866906,0.67426,0.385291,0.134852,0.134852,0.0385291,0.0192646,0,0,0,0,0,0
61970,61991,61980,7.3,-105.256,39.9026,400.45,-32.0857,313.11,14.4526,2.0611,106.176,0.154542,0.000482018,6.77524,3.32044,2.05368,1.01724,0.806119,0.211126,0.153546,0.0767732,0.0191933,0,0,0.0191933,0,0,0
61992,62014,62003,7.4,-105.257,39.8999,394.573,-32.5243,313.86,17.6957,2.5701,126.895,0.14812,0.000579537,7.65457,4.11897,2.74009,1.52031,1.043,0.300526,0.229814,0.0530339,0.017678,0,0,0.017678,0,0,0
62015,62035,62025,7.5,-105.259,39.8969,389.073,-32.8819,314.65,13.7132,2.05819,104.181,0.151853,0.000584377,6.50991,2.79271,1.86823,1.25191,0.693363,0.192601,0.192601,0.173341,0.0192601,0.0192601,0,0,0,0,0
62036,62059,62048,7.6,-105.26,39.8933,383.777,-33.15,315.53,14.7596,2.34458,141.472,0.181021,0.000645298,6.39641,3.45512,2.30342,1.15171,0.761899,0.283497,0.265779,0.0531558,0.0531558,0,0,0.0177186,0.0177186,0,0
62060,62077,62068,7.7,-105.262,39.8898,378.505,-33.26,316.643,72.5305,10.8265,549.754,0.152336,0.00284015,31.1328,19.0632,9.47521,5.73025,3.88033,1.28592,1.3536,0.406081,0.1128,0.0451201,0.02256,0.02256,0,0,0
62078,62094,62086,7.8,-105.263,39.8866,373.739,-33.4318,317.562,92.4869,13.3565,772.734,0.173563,0.00337818,42.0351,24.0337,12.5891,5.84153,4.64938,1.28752,1.23983,0.596074,0.0953719,0.0476859,0,0.0476859,0,0,0.023843
62101,62125,62113,7.9,-105.265,39.8825,367.375,-33.9979,318.367,95.4265,13.3586,620.133,0.139266,0.0031486,42.8315,25.2436,12.1581,6.44158,5.16001,1.53451,1.34902,0.590197,0.0843139,0.0168628,0,0.0168628,0,0,0
62125,62145,62135,8,-105.267,39.879,362.49,-34.6819,318.67,80.7839,11.5809,561.997,0.145584,0.00288375,36.7518,19.9916,10.8426,5.64514,4.10733,1.69354,1.24582,0.253058,0.155728,0.077864,0,0.019466,0,0,0
62147,62168,62158,8.1,-105.268,39.8759,357.067,-35.5464,318.89,52.4307,7.92883,398.447,0.150759,0.00212813,22.741,12.2066,8.11914,3.92023,2.9541,1.05902,0.966122,0.297268,0.111476,0.0371586,0.0185793,0,0,0,0
62168,62192,62180,8.2,-105.27,39.8722,352.157,-36.3561,319.066,42.7032,6.39102,313.331,0.14708,0.00173109,18.7451,10.6401,5.69495,3.15989,2.30297,0.910478,0.892625,0.249935,0.07141,0.035705,0,0,0,0,0
62194,62214,62204,8.3,-105.272,39.8684,346.867,-37.3076,319.158,26.3963,4.12253,223.435,0.162595,0.00116021,11.3127,6.39671,3.83013,2.05327,1.38201,0.710746,0.454088,0.118458,0.0987147,0.0197429,0,0,0.0197429,0,0
62215,62235,62225,8.4,-105.274,39.865,342.174,-38.1858,319.206,28.54,4.52734,249.115,0.165074,0.00132318,11.7171,7.61502,4.08026,1.98558,1.52737,0.720045,0.589128,0.152737,0.109098,0.0218196,0,0,0.0218196,0,0
62237,62257,62247,8.5,-105.276,39.8614,337.036,-39.0689,319.383,18.638,2.74843,124.117,0.135478,0.000632701,7.52941,4.69224,2.85899,1.41858,1.28764,0.480136,0.305541,0.0654731,0,0,0,0,0,0,0
62258,62278,62268,8.6,-105.278,39.8582,332.045,-39.9067,319.608,65.2376,9.79643,482.272,0.147688,0.00249373,27.0154,16.483,9.93738,4.8596,3.86784,1.56697,1.11076,0.218186,0.0991754,0.0595053,0,0.0198351,0,0,0
62279,62297,62288,8.7,-105.281,39.8553,327.065,-40.7468,319.831,87.7549,13.4241,675.259,0.150906,0.00365084,36.8832,22.1873,12.4638,6.60759,5.10486,2.0331,1.67952,0.508276,0.243088,0.022099,0,0,0.022099,0,0
62298,62318,62308,8.8,-105.282,39.8526,322.432,-41.4911,320.106,94.9679,14.8336,806.07,0.163022,0.00392126,38.156,24.3416,13.8143,7.97322,5.95215,2.332,1.75455,0.377562,0.199886,0,0,0,0.0444191,0.0222095,0
62319,62343,62331,8.9,-105.284,39.8495,317.196,-42.2772,320.513,94.7336,14.6322,754.023,0.154595,0.00389723,39.1474,23.364,14.405,7.379,5.68133,2.15151,1.9498,0.369791,0.168087,0.050426,0.050426,0,0.0168087,0,0
62344,62363,62354,9,-105.286,39.8465,313.162,-43.0153,320.668,95.9089,14.8042,796.298,0.161366,0.0039329,39.4683,24.3002,15.0568,7.21655,5.43469,1.78187,1.82641,0.512286,0.155913,0.0445466,0.0222733,0.0445466,0.0445466,0,0
62365,62387,62376,9.1,-105.288,39.8431,308.053,-44.0845,320.679,83.3369,12.647,611.38,0.145025,0.00329924,33.4879,21.2544,12.9356,6.63802,5.08489,1.80843,1.4042,0.553168,0.106378,0.0638271,0,0,0,0,0
62387,62404,62396,9.2,-105.289,39.8405,303.396,-44.9581,320.846,59.8533,8.75314,400.063,0.137115,0.00206584,24.8654,15.3573,8.68019,4.48699,3.60562,1.68262,0.881373,0.240375,0.0534166,0,0,0,0,0,0
62405,62422,62414,9.3,-105.291,39.8383,299.282,-45.6741,321.086,58.169,9.27008,507.076,0.164101,0.00263653,24.005,14.4482,8.20235,5.24248,3.26087,1.25418,0.978262,0.602007,0.0752509,0.0250836,0.0752509,0,0,0,0
62423,62445,62434,9.4,-105.292,39.8357,294.79,-46.3995,321.457,27.942,4.36087,234.313,0.161192,0.00123924,11.9918,6.83026,4.13308,1.97922,1.45531,0.679145,0.659741,0.116425,0.0194041,0.0582124,0,0.0194041,0,0,0
62446,62466,62456,9.5,-105.294,39.8326,290.455,-47.2411,321.62,25.1723,3.97969,253.464,0.191068,0.00113699,10.6593,6.62547,3.22259,1.93806,1.53242,0.540855,0.383105,0.202821,0.0450712,0,0,0,0,0.0225356,0
