api/data/B2SAP/Locations/Boulder/NOAA-POPS-B2SAP_GMLBalloon_20230411_R0.ict
61,1001
Thornberry, T. D.
NOAA Chemical Sciences Laboratory
Portable Optical Particle Spectrometer (POPS)
Balloon Baseline Stratospheric Aerosol Profiles (B2SAP)
1,1
2023,04,11,2024,05,28
0
TIME_START,s,Seconds since midnight UTC on flight start day,Start time of 100 m altitude bin in UTC_seconds_since_midnight
28
1.0,1.0,1.0,1.0,1.0,1.0,1.0,1.0,1.0,1.0,1.0,1.0,1.0,1.0,1.0,1.0,1.0,1.0,1.0,1.0,1.0,1.0,1.0,1.0,1.0,1.0,1.0,1.0
99999,99999,99999,99999,99999,99999,99999,99999,99999,99999,99999,99999,99999,99999,99999,99999,99999,99999,99999,99999,99999,99999,99999,99999,99999,99999,99999,99999
TIME_STOP,s,End time of 100 m altitude bin in UTC seconds since midnight,
TIME_MID,s,Mid time of 100 m altitude in UTC seconds since midnight,
GPSAlt,m,GPS reported altitude above sea level (m),
GPS_Lon,deg,GPS reported longitude,
GPS_Lat,deg,GPS reported latitude,
iMet_Pressure,mb,Pressure reported (mB),
iMet_Temperature,degrees C,Ambient temperature (oC),
THETA,K,Potential temperature from iMet,
Aerosol_concentration,cm^-3,Aerosol concentration,
Surface_Area_Conc,um^2 cm^-3,Surface area concentration,
Volume_density,um^3 cm^-3,Volume density,
Effective_radius,um,Effective radius,
Extinction,km^-1,Extinction,
Bin01,cm^-3,particle concentration in size range [140 - 170 nm],
Bin02,cm^-3,particle concentration in size range [170 - 205 nm],
Bin03,cm^-3,particle concentration in size range [205 - 249 nm],
Bin04,cm^-3,particle concentration in size range [249 - 302 nm],
Bin05,cm^-3,particle concentration in size range [302 - 366 nm],
Bin06,cm^-3,particle concentration in size range [366 - 443 nm],
Bin07,cm^-3,particle concentration in size range [443 - 537 nm],
Bin08,cm^-3,particle concentration in size range [537 - 651 nm],
Bin09,cm^-3,particle concentration in size range [651 - 789 nm],
Bin10,cm^-3,particle concentration in size range [789 - 956 nm],
Bin11,cm^-3,particle concentration in size range [956 - 1159 nm],
Bin12,cm^-3,particle concentration in size range [1159 - 1404 nm],
Bin13,cm^-3,particle concentration in size range [1404 - 1702 nm],
Bin14,cm^-3,particle concentration in size range [1702 - 2062 nm],
Bin15,cm^-3,particle concentration in size range [2062 - 2500 nm],
0
19
PI_CONTACT_INFO: 325 Broadway R/CSL6, Boulder, CO 80305; troy.thornberry@noaa.gov; 303-497-3373 
PLATFORM: GML ECC/FPH balloon
LOCATION: Boulder, CO, USA
ASSOCIATED_DATA: N/A
INSTRUMENT_INFO: Printed Optical Particle Spectrometer counts particles from 140 - 2500 nm in diameter 
DATA_INFO: Particle concentrations reported in number per cubic centimeter, binned to 100 m altitude
UNCERTAINTY: Counting uncertainty dominated by air flow, less than 5 percent
ULOD_FLAG: -77777
ULOD_VALUE: 3000 ~3000 per cm3 (varies depending on flow rate- manufacturer quotes 1250  per cm3 at 1.667 cc/s)
LLOD_FLAG: -88888
LLOD_VALUE: 0 0 (varies depending on data field and measurement precision)
DM_CONTACT_INFO: Troy Thornberry, 325 Broadway R/CSL6, Boulder, CO 80305; troy.thornberry@noaa.gov; 303-497-3373
PROJECT_INFO: B2SAP Boulder, CO, USA
STIPULATIONS_ON_USE: Please contact the PIs for questions regarding applications and uncertainties
OTHER_COMMENTS: POPS bin Edges (nm):  140, 170, 205, 249, 302, 366, 443, 537, 651, 789, 956, 1159, 1404, 1702, 2062, 2500
Calculations assume sulfate refractive index of 1.45+0.00j and extinction wavelength = 532 nm
REVISION: R0
R0: QA/QC data
TIME_START,TIME_STOP,TIME_MID,GPSAlt,GPS_Lon,GPS_Lat,iMet_Pressure,iMet_Temperature,THETA,Aerosol_concentration,Surface_Area_Conc,Volume_density,Effective_radius,Extinction,Bin01,Bin02,Bin03,Bin04,Bin05,Bin06,Bin07,Bin08,Bin09,Bin10,Bin11,Bin12,Bin13,Bin14,Bin15
[from data line 388]
81815,81857,81836,9.1,-104.933,40.2615,317.145,-36.9159,327.976,9.86809,1.48037,82.5251,0.167238,0.000429055,4.54067,2.64123,1.19136,0.584443,0.483289,0.112393,0.191068,0.0674357,0.0337178,0.0112393,0,0.0112393,0,0,0
81859,81903,81881,9,-104.931,40.2654,321.798,-36.4661,327.239,11.2201,1.58681,85.5763,0.161789,0.00043817,5.54469,2.96298,1.3072,0.566452,0.348586,0.185186,0.1634,0.0871465,0.0326799,0.0108933,0,0.0108933,0,0,0
81904,81942,81923,8.9,-104.929,40.2687,326.197,-35.8534,326.814,12.6201,1.92173,114.688,0.179038,0.000580643,6.23929,3.06657,1.46252,0.695875,0.530752,0.23589,0.212301,0.117945,0,0.0353835,0.023589,0,0,0,0
81943,81976,81960,8.8,-104.928,40.2713,331.041,-35.2842,326.216,15.2474,2.09716,98.4719,0.140865,0.000535951,7.64361,3.67583,1.75166,0.942181,0.544076,0.291943,0.238863,0.132702,0.0265403,0,0,0,0,0,0
81977,82011,81994,8.7,-104.926,40.2736,335.886,-34.1981,326.351,18.5101,2.51782,128.582,0.153207,0.000582132,8.8785,4.87525,2.47065,0.951268,0.687027,0.290665,0.224605,0.0792723,0.0264241,0,0.0264241,0,0,0,0
82012,82044,82028,8.6,-104.923,40.2758,340.724,-33.4171,326.086,20.1376,2.75548,136.067,0.148141,0.000654966,9.71342,4.97517,2.6192,1.31618,0.86868,0.236913,0.276398,0.0658091,0.0263236,0.0263236,0.0131618,0,0,0,0
82045,82073,82059,8.5,-104.921,40.2779,345.53,-32.3832,326.183,20.8745,3.17331,243.985,0.23066,0.000937934,10.4082,5.18233,2.58391,1.01614,0.958077,0.304843,0.188712,0.101614,0.0580653,0.0290326,0,0.0145163,0,0.0290326,0
82074,82104,82089,8.4,-104.919,40.2799,350.575,-31.6787,325.779,21.1247,2.73394,123.561,0.135586,0.000536531,10.36,5.39583,2.50906,1.40292,0.809374,0.337239,0.242812,0.0539583,0,0,0,0.0134896,0,0,0
82105,82135,82120,8.3,-104.917,40.2819,355.384,-30.7159,325.811,22.9073,3.04647,137.908,0.135805,0.00068455,10.6546,6.00697,3.14126,1.56145,0.863387,0.238809,0.275549,0.11022,0.0367399,0.0183699,0,0,0,0,0
82136,82167,82152,8.2,-104.915,40.2842,360.745,-29.8221,325.619,22.6341,3.17303,146.948,0.138934,0.000757632,10.5128,5.38564,3.1883,1.45053,1.14894,0.517021,0.272872,0.114894,0.0287234,0.0143617,0,0,0,0,0
82168,82200,82184,8.1,-104.913,40.2861,365.5,-29.0517,325.432,23.148,3.3645,205.191,0.182961,0.000866768,11.447,5.72349,2.90186,1.33726,0.936085,0.307571,0.213962,0.173844,0.0267453,0.0133726,0.0133726,0.0401179,0.0133726,0,0
82201,82231,82216,8,-104.911,40.2882,370.959,-28.0764,325.343,22.2119,3.00575,146.778,0.146497,0.000677069,10.6425,5.91251,2.70058,1.16652,0.990746,0.399494,0.207737,0.175777,0,0,0,0,0.0159798,0,0
82234,82264,82249,7.9,-104.909,40.2902,376.073,-27.0422,325.443,23.6972,3.28838,152.739,0.139344,0.000785185,11.0853,5.86871,3.00846,1.64502,1.20042,0.4446,0.28158,0.0889199,0.0592799,0.01482,0,0,0,0,0
82265,82298,82282,7.8,-104.907,40.2924,381.357,-26.485,324.885,22.722,3.31217,180.429,0.163424,0.000855451,10.5471,5.59779,3.08342,1.57479,1.04545,0.291138,0.436707,0.0529342,0.0264671,0.0397006,0,0.0132335,0.0132335,0,0
82301,82331,82316,7.7,-104.904,40.2948,386.737,-25.7285,324.583,23.8762,3.21277,142.632,0.133186,0.000718807,11.2643,5.85919,3.36903,1.53804,0.981414,0.380847,0.307607,0.161128,0.014648,0,0,0,0,0,0
82332,82366,82349,7.6,-104.9,40.2974,392.334,-24.8375,324.41,27.4386,3.86331,181.341,0.140818,0.000942713,12.5807,6.77531,3.66879,2.02416,1.30727,0.449813,0.449813,0.12651,0.0281133,0.0281133,0,0,0,0,0
82367,82401,82384,7.5,-104.897,40.3003,397.622,-24.1948,324.008,25.8096,3.59561,172.86,0.144226,0.00091362,12.2212,6.39594,3.45952,1.60493,1.17695,0.344763,0.368539,0.154549,0.0475535,0.0356651,0,0,0,0,0
82402,82437,82420,7.4,-104.893,40.3039,403.251,-23.1013,324.13,24.6656,3.32481,161.062,0.145328,0.000710451,11.5352,6.12346,3.63235,1.68119,1.01853,0.220886,0.306787,0.0981717,0.0245429,0,0,0.0245429,0,0,0
82438,82475,82456,7.3,-104.889,40.3077,408.971,-22.185,324.014,21.5508,2.93053,137.695,0.140959,0.000661333,10.3249,5.05286,3.0926,1.53412,0.74271,0.377443,0.267863,0.133931,0.0121756,0,0.0121756,0,0,0,0
82476,82509,82492,7.2,-104.885,40.3115,414.548,-21.3458,323.838,19.7539,2.60061,115.261,0.132962,0.000561923,9.46438,4.86347,2.66303,1.40028,0.762652,0.325065,0.15003,0.0500099,0.0750149,0,0,0,0,0,0
82510,82545,82528,7.1,-104.881,40.3153,420.161,-20.5385,323.627,19.3893,2.58628,128.367,0.148901,0.000533487,9.24986,4.84734,2.6917,1.38007,0.661519,0.262326,0.205299,0.045622,0.022811,0,0,0.0114055,0.0114055,0,0
82546,82580,82563,7,-104.877,40.3192,425.985,-19.7303,323.391,17.7656,2.38162,105.548,0.132953,0.000521489,8.40348,4.32001,2.41522,1.19516,0.883922,0.261442,0.161845,0.0871472,0.0373488,0,0,0,0,0,0
82581,82612,82596,6.9,-104.872,40.3229,431.76,-18.9917,323.091,17.288,2.39941,117.167,0.146494,0.00052937,7.77479,4.52322,2.30185,1.19117,1.0141,0.209259,0.160969,0.0643875,0.0321937,0,0,0.0160969,0,0,0
82613,82642,82628,6.8,-104.869,40.3265,437.679,-18.33,322.677,29.0382,4.14841,193.653,0.140044,0.00101983,12.9294,7.20656,4.25842,2.15811,1.02125,0.69368,0.655142,0.0770755,0.0192689,0.0192689,0,0,0,0,0
82643,82673,82658,6.7,-104.865,40.3298,443.468,-17.6469,322.321,36.752,4.94223,216.869,0.131642,0.00104596,16.9317,9.2246,5.08484,2.32944,2.00998,0.625622,0.386022,0.106489,0.0399333,0.0133111,0,0,0,0,0
82674,82703,82688,6.6,-104.86,40.3331,449.677,-16.8676,322.023,36.5339,4.87398,220.672,0.135827,0.00102137,16.7958,9.77668,4.81577,2.29574,1.68882,0.567338,0.435399,0.118745,0.0131939,0.0131939,0,0.0131939,0,0,0
82704,82734,82719,6.5,-104.856,40.336,455.391,-16.131,321.788,38.5389,5.4089,261.185,0.144864,0.00129182,17.3832,9.85046,5.33823,2.57665,2.08351,0.65341,0.369855,0.147942,0.0739709,0.0493139,0.0123285,0,0,0,0
82736,82771,82754,6.4,-104.851,40.3389,461.801,-15.2894,321.558,41.6907,6.34977,402.445,0.190138,0.00164644,18.0975,10.9369,6.00712,2.78591,2.2309,0.696478,0.609418,0.163237,0.0761772,0,0.0217649,0.0435299,0.0108825,0,0.0108825
82772,82809,82790,6.3,-104.846,40.3418,467.949,-14.5036,321.322,41.2825,6.25683,375.942,0.180255,0.00168088,17.9006,10.7105,5.80249,2.86684,2.28201,0.65364,0.745379,0.183478,0.0688042,0.0344021,0,0.0114674,0.0114674,0,0.0114674
82810,82851,82830,6.2,-104.84,40.3448,474.091,-14.0214,320.717,36.6889,5.49304,302.506,0.165212,0.0013966,15.9421,9.35661,5.43695,2.56042,1.90715,0.632204,0.537373,0.179124,0.0632204,0.0105367,0.0105367,0.0421469,0.0105367,0,0
82852,82892,82872,6.1,-104.833,40.3484,480.604,-13.6789,319.894,41.6535,6.0542,387.444,0.191988,0.00149415,19.1671,10.5544,5.87921,2.58165,2.09352,0.650835,0.488127,0.11932,0.0216945,0.043389,0,0.0108473,0.0216945,0.0108473,0.0108473
82893,82930,82912,6,-104.827,40.3518,486.607,-12.9903,319.609,66.6008,9.44066,548.851,0.174411,0.00227964,30.8132,17.375,9.07407,4.07926,2.95009,1.05796,0.813818,0.254318,0.0712091,0.0406909,0,0.0203454,0.0305182,0.0101727,0.0101727
82931,82965,82948,5.9,-104.821,40.3552,493.048,-12.2548,319.313,83.9303,11.4855,638.197,0.166696,0.00254971,39.984,21.9006,10.6785,5.33926,3.51521,1.17174,0.942222,0.181197,0.0603989,0.0483191,0.0120798,0.0483191,0.0362393,0,0.0120798
82966,82995,82980,5.8,-104.817,40.3584,499.628,-11.6215,318.876,141.285,18.8653,1052.74,0.167409,0.00400421,66.9421,37.421,18.766,9.09193,5.62702,1.70474,1.05333,0.346491,0.124737,0.0692982,0.0277193,0.0277193,0.0277193,0.0415789,0.0138596
82996,83022,83009,5.7,-104.812,40.3616,506.145,-11.0554,318.38,188.482,24.7821,1301.67,0.157573,0.00495343,89.0271,49.6484,25.2635,12.1708,8.00827,2.1461,1.51235,0.360084,0.158437,0.0288067,0.0288067,0.0720168,0.0144034,0.0144034,0.0288067
83023,83046,83034,5.6,-104.808,40.3646,512.596,-10.4529,317.962,192.224,26.4536,1660.24,0.188282,0.00586302,90.8389,50.5598,26.8267,11.5931,7.87458,2.01552,1.4843,0.437477,0.156242,0.109369,0.0468725,0.0781208,0.124993,0.0312483,0.0468725
83047,83073,83060,5.5,-104.805,40.3675,518.972,-9.68185,317.773,184.385,24.2914,1281.28,0.158238,0.00503693,87.1816,48.7813,25.3099,10.9478,7.93439,1.8661,1.49288,0.442336,0.221168,0.0829379,0,0.041469,0.041469,0.013823,0.027646
83074,83098,83086,5.4,-104.801,40.3701,525.747,-8.8776,317.566,166.742,24.0279,1723.53,0.215192,0.00579872,78.1153,44.9508,22.001,10.4075,6.93831,1.6901,1.67528,0.385462,0.103778,0.0741273,0.0889527,0.103778,0.0889527,0.0593018,0.0593018
83099,83122,83110,5.3,-104.797,40.3719,532.78,-7.98095,317.436,168.349,22.705,1305.43,0.172486,0.00490259,80.0019,44.6313,22.2893,10.4756,6.56705,1.93666,1.63736,0.492969,0.0704242,0.0352121,0.0528181,0.0352121,0.0528181,0.0528181,0.017606
83123,83143,83133,5.2,-104.794,40.3733,539.471,-7.06762,317.389,161.952,22.2906,1403.03,0.188829,0.00502877,76.9781,42.259,22.7252,8.94278,7.06655,1.61321,1.47293,0.473441,0.105209,0.0701395,0.0701395,0.0701395,0.0350697,0.0175349,0.0526046
83144,83166,83155,5.1,-104.791,40.3746,546.366,-6.24571,317.218,155.052,21.4612,1223.1,0.170974,0.00494416,73.0461,39.9839,21.6257,9.25813,6.95677,1.59865,1.65136,0.43919,0.158109,0.122973,0.0175676,0.0702704,0.0702704,0.0527028,0
83167,83187,83177,5,-104.788,40.3758,553.344,-5.46474,316.999,143.745,20.327,1322.87,0.195237,0.00473359,68.1944,37.5533,19.1145,8.80426,5.90812,2.08522,1.33222,0.250999,0.115846,0.0772304,0.115846,0.0579228,0.0772304,0.0193076,0.0386152
83188,83207,83198,4.9,-104.785,40.3766,560.664,-4.62706,316.795,140.482,19.7058,1275.84,0.194233,0.00473617,67.0499,36.4906,18.3743,8.89701,5.73792,1.74072,1.3324,0.408317,0.193413,0.0644711,0.0214904,0.0644711,0,0.0859614,0.0214904
83208,83227,83218,4.8,-104.782,40.3773,567.549,-3.89176,316.557,116.515,15.8768,849.681,0.160552,0.00348596,55.0647,29.0691,15.541,8.31165,5.38958,1.19047,1.2554,0.497833,0.0865796,0.0216449,0,0.0432898,0.0216449,0,0.0216449
83228,83247,83238,4.7,-104.779,40.3781,574.738,-3.17722,316.262,159.844,21.5635,1142.9,0.159005,0.00461129,76.5638,41.5186,21.0434,9.55779,6.67625,1.86691,1.96838,0.284096,0.0811702,0.0405851,0.0811702,0.0811702,0.0608777,0.0202926,0
83248,83269,83258,4.6,-104.776,40.3792,582.193,-2.3,316.119,152.648,20.8441,1198.45,0.172487,0.00475201,74.433,39.2164,19.7991,8.4178,6.5997,1.69083,1.65447,0.381801,0.145448,0.0909049,0.054543,0,0.109086,0.054543,0
83270,83290,83280,4.5,-104.774,40.3799,589.412,-1.47524,315.968,236.252,31.4535,1901.74,0.181386,0.0067515,117.023,60.5885,30.7166,13.3243,9.20462,2.68899,1.72371,0.327505,0.172371,0.155134,0.0861856,0.0517114,0.0689485,0.0861856,0.0344742
83291,83310,83300,4.4,-104.772,40.3807,597.067,-0.434211,316.015,238.185,32.2221,2039.8,0.189913,0.00707109,117.403,61.7086,30.4915,12.5441,10.4057,2.69212,2.06205,0.229116,0.210023,0.0763721,0.038186,0.057279,0.114558,0.114558,0.038186
83311,83327,83319,4.3,-104.77,40.3816,604.661,0.458,315.902,241.504,32.4085,2125.72,0.196774,0.00712335,117.881,64.4299,31.5423,13.3088,9.12878,2.1861,1.92185,0.480462,0.192185,0.120115,0.0720693,0,0.0960924,0.0480462,0.0960924
83328,83347,83338,4.2,-104.768,40.3825,612.107,1.42263,315.909,238.937,32.5492,1972.6,0.181811,0.00718825,116.649,61.9082,31.2936,13.2984,9.75215,2.77285,2.13151,0.339533,0.264081,0.0943148,0.0565889,0.0943148,0.18863,0.0754518,0.018863
83348,83368,83358,4.1,-104.765,40.3828,619.346,2.34105,315.907,239.382,33.262,2216.57,0.199919,0.00768394,118.09,61.2299,29.6827,14.3328,9.90678,2.67445,2.12826,0.715699,0.0565026,0.113005,0.0376684,0.131839,0.131839,0.0941709,0.0565026
83369,83386,83378,4,-104.763,40.3832,627.094,3.28812,315.867,244.261,31.2778,1457.67,0.139813,0.00606766,117.846,64.1198,31.6704,15.0896,9.85945,2.55945,2.31463,0.356097,0.222561,0.0667683,0.11128,0,0.0222561,0.0222561,0
83386,83403,83394,3.9,-104.761,40.3835,635.075,4.325,315.906,229.249,30.9222,1855.14,0.179982,0.00668136,112.337,59.5105,28.7116,13.2344,9.70376,2.79788,1.93187,0.488519,0.0888216,0.0888216,0.0888216,0.111027,0.0666162,0.0444108,0.0444108
83404,83421,83412,3.8,-104.759,40.3837,643.406,5.33875,315.885,192.423,25.4069,1263.53,0.149195,0.00529685,93.8112,47.9886,25.2783,11.7906,8.64197,2.27773,1.87578,0.33496,0.0893227,0.178645,0.0223307,0.066992,0.0446613,0.0223307,0
83422,83438,83430,3.7,-104.758,40.3837,650.825,6.23,315.859,193.085,27.1463,1870.85,0.206752,0.00647514,92.8723,50.6254,25.0885,11.1636,8.02454,2.50177,1.67571,0.542837,0.165211,0.118008,0.0472032,0.118008,0.0236016,0.0236016,0.0944064
83440,83461,83450,3.6,-104.756,40.3839,659.205,7.23941,315.84,190.584,25.2535,1401.04,0.166437,0.00520974,92.3514,49.0956,24.7981,12.1383,7.42482,2.35675,1.6685,0.312843,0.208562,0.0208562,0.0208562,0.0834249,0.0625687,0,0.0417125
83462,83483,83472,3.5,-104.755,40.3844,667.337,8.15895,315.771,219.233,29.5572,1854.4,0.188218,0.00637716,104.583,57.3064,30.0344,13.2189,9.14011,2.33601,1.76128,0.352256,0.148318,0.129778,0.0185398,0.0926988,0,0.0185398,0.0926988
83484,83504,83494,3.4,-104.753,40.385,675.526,9.03389,315.653,281.415,37.2299,2147.33,0.173032,0.00775669,135.668,73.3025,37.743,17.5263,10.7419,2.63187,2.67086,0.604356,0.175458,0.0779814,0.058486,0.0389907,0.0779814,0.0194953,0.0779814
83505,83519,83512,3.3,-104.752,40.3852,682.743,9.70583,315.439,367.889,50.7418,3116.99,0.184285,0.0116799,178.222,94.1895,49.8461,20.7814,14.5762,4.59532,3.51235,0.936626,0.439044,0.204887,0.117078,0.146348,0.204887,0.0292696,0.0878087
83520,83534,83527,3.2,-104.751,40.3855,691.438,10.7038,315.413,359.825,48.2372,2677.88,0.166544,0.0101837,171.58,92.9607,48.2629,22.6595,15.1784,4.32124,3.40298,0.756218,0.189054,0.135039,0.108031,0.0540155,0.108031,0.0540155,0.0540155
83536,83555,83546,3.1,-104.75,40.3857,700.028,11.5556,315.249,371.245,52.7541,3681.31,0.209348,0.0126152,175.299,97.1126,50.462,22.367,15.7027,4.85672,3.46286,0.980056,0.196011,0.21779,0.087116,0.065337,0.152453,0.130674,0.152453
83557,83576,83566,3,-104.75,40.3859,708.758,12.5272,315.201,370.105,49.6612,2822.06,0.170479,0.0105367,175.926,95.8562,51.1182,22.6871,14.495,5.10796,3.39246,0.886665,0.173478,0.0963766,0.0963766,0.0771013,0.057826,0.057826,0.0771013
83577,83600,83588,2.9,-104.75,40.3864,717.149,13.4705,315.181,372.579,50.0621,2791.88,0.167305,0.0106371,174.148,98.4074,52.1156,22.9654,15.1951,4.66215,3.37495,1.00464,0.251159,0.109882,0.109882,0.0470924,0.0784873,0.0313949,0.0784873
83601,83622,83612,2.8,-104.749,40.3866,725.85,14.3957,315.114,366.672,49.573,2927.9,0.177187,0.0107315,173.854,94.7202,51.0754,23.1652,14.5318,4.39908,3.32814,0.790845,0.263615,0.164759,0.0823797,0.0823797,0.0659038,0.0494278,0.0988556
83623,83646,83634,2.7,-104.749,40.3867,734.312,15.3018,315.062,304.99,44.0157,2908.69,0.198249,0.0104479,138.745,80.7747,43.6306,19.3966,13.4755,4.24055,2.85845,0.910934,0.235586,0.10994,0.125646,0.0942345,0.235586,0.0785288,0.0785288
83647,83670,83658,2.6,-104.749,40.3864,743.374,16.25,314.988,257.973,37.5056,2433.43,0.194646,0.00920003,116.085,68.2853,37.1839,15.895,12.4138,3.80638,2.71611,0.745974,0.267785,0.15302,0.133893,0.0573826,0.0765101,0.0956377,0.0573826
83671,83694,83682,2.5,-104.748,40.3861,751.898,17.1741,314.969,255.549,37.7835,2718.48,0.215847,0.00949416,116.266,68.0358,35.4438,16.8914,11.1722,3.60392,2.41306,0.799131,0.282046,0.0940154,0.0626769,0.156692,0.109685,0.141023,0.0783461
83695,83716,83706,2.4,-104.748,40.386,760.643,18.123,314.959,267.26,38.8528,2718.96,0.209943,0.00929557,123.199,69.4886,38.4083,17.6994,11.1365,3.43447,2.26131,0.544075,0.306042,0.153021,0.051007,0.187026,0.255035,0.0340047,0.102014
83717,83738,83728,2.3,-104.748,40.386,769.865,19.0728,314.893,265.487,38.0141,2515.9,0.19855,0.00927045,122.531,69.6203,37.5157,16.7477,10.8984,3.54389,3.02945,0.743073,0.304851,0.171478,0.0762127,0.114319,0.0571595,0.0190532,0.114319
83739,83758,83748,2.2,-104.748,40.3861,778.367,19.9679,314.87,260.295,38.0519,2544.25,0.200588,0.00930416,118.796,68.1444,37.3129,16.0782,11.9244,3.47347,2.93633,0.751988,0.16114,0.16114,0.0895223,0.16114,0.179045,0.0537134,0.0716179
