api/data/B2SAP/Locations/Boulder/NOAA-POPS-B2SAP_GMLBalloon_20240731_R0.ict
82,1001
Thornberry, T. D.
NOAA Chemical Sciences Laboratory
Portable Optical Particle Spectrometer (POPS)
Balloon Baseline Stratospherid Aerosol Profiles (B2SAP)
1,1
2024,07,31,2024,08,01
0
TIME_START,s,Seconds since midnight UTC on flight start day,Start time of 100 m altitude bin in UTC_seconds_since_midnight
49
1.0,1.0,1.0,1.0,1.0,1.0,1.0,1.0,1.0,1.0,1.0,1.0,1.0,1.0,1.0,1.0,1.0,1.0,1.0,1.0,1.0,1.0,1.0,1.0,1.0,1.0,1.0,1.0,1.0,1.0,1.0,1.0,1.0,1.0,1.0,1.0,1.0,1.0,1.0,1.0,1.0,1.0,1.0,1.0,1.0,1.0,1.0,1.0,1.0
99999,99999,99999,99999,99999,99999,99999,99999,99999,99999,99999,99999,99999,99999,99999,99999,99999,99999,99999,99999,99999,99999,99999,99999,99999,99999,99999,99999,99999,99999,99999,99999,99999,99999,99999,99999,99999,99999,99999,99999,99999,99999,99999,99999,99999,99999,99999,99999,99999
TIME_STOP,s,End time of 100 m altitude bin in UTC seconds since midnight,
TIME_MID,s,Mid time of 100 m altitude in UTC seconds since midnight,
GPSAlt,km,GPS reported altitude above sea level (km),
GPS_Lon,deg,GPS reported longitude,
GPS_Lat,deg,GPS reported latitude,
iMet_Pressure,hPa,Pressure reported (hPa),
iMet_Temperature,degrees C,Ambient temperature (oC),
THETA,K,Potential temperature from iMet,
Aerosol_concentration,cm^-3,Aerosol concentration,
Surface_Area_Conc,um^2 cm^-3,Surface area concentration,
Volume_density,um^3 cm^-3,Volume density,
Effective_radius,um,Effective radius,
Extinction,km^-1,Extinction,
Bin01,cm^-3,particle concentration in size range [140 - 146.14 nm],
Bin02,cm^-3,particle concentration in size range [146.14 - 152.56 nm],
Bin03,cm^-3,particle concentration in size range [152.56 - 159.25 nm],
Bin04,cm^-3,particle concentration in size range [159.25 - 166.24 nm],
Bin05,cm^-3,particle concentration in size range [166.24 - 173.54 nm],
Bin06,cm^-3,particle concentration in size range [173.54 - 181.16 nm],
Bin07,cm^-3,particle concentration in size range [181.16 - 189.11 nm],
Bin08,cm^-3,particle concentration in size range [189.11 - 197.41 nm],
Bin09,cm^-3,particle concentration in size range [197.41 - 206.07 nm],
Bin10,cm^-3,particle concentration in size range [206.07 - 215.12 nm],
Bin11,cm^-3,particle concentration in size range [215.12 - 224.56 nm],
Bin12,cm^-3,particle concentration in size range [224.56 - 234.41 nm],
Bin13,cm^-3,particle concentration in size range [234.41 - 244.70 nm],
Bin14,cm^-3,particle concentration in size range [244.70 - 361.30 nm],
Bin15,cm^-3,particle concentration in size range [361.30 - 472.80 nm],
Bin16,cm^-3,particle concentration in size range [472.80 - 567.00 nm],
Bin17,cm^-3,particle concentration in size range [567.00 - 610.66 nm],
Bin18,cm^-3,particle concentration in size range [610.66 - 657.69 nm],
Bin19,cm^-3,particle concentration in size range [657.69 - 708.33 nm],
Bin20,cm^-3,particle concentration in size range [708.33 - 762.88 nm],
Bin21,cm^-3,particle concentration in size range [762.88 - 821.62 nm],
Bin22,cm^-3,particle concentration in size range [821.62 - 884.89 nm],
Bin23,cm^-3,particle concentration in size range [884.89 - 953.03 nm],
Bin24,cm^-3,particle concentration in size range [953.03 - 1026.42 nm],
Bin25,cm^-3,particle concentration in size range [1026.42 - 1105.46 nm],
Bin26,cm^-3,particle concentration in size range [1105.46 - 1190.59 nm]],
[...]
LOCATION: Boulder, CO, USA
ASSOCIATED_DATA: N/A
INSTRUMENT_INFO: Printed Optical Particle Spectrometer counts particles from 140 - 2500 nm in diameter 
DATA_INFO: Particle concentrations reported in number per cubic centimeter, binned to 100 m altitude
UNCERTAINTY: Counting uncertainty dominated by air flow, less than 5 percent
ULOD_FLAG: -77777
ULOD_VALUE: 3000 ~3000 per cm3 (varies depending on flow rate- manufacturer quotes 1250  per cm3 at 1.667 cc/s)
LLOD_FLAG: -88888
LLOD_VALUE: 0 0 (varies depending on data field and measurement precision)
DM_CONTACT_INFO: Troy Thornberry, 325 Broadway R/CSL6, Boulder, CO 80305; troy.thornberry@noaa.gov; 303-497-3373
PROJECT_INFO: B2SAP Boulder, CO, USA
STIPULATIONS_ON_USE: Please contact the PIs for questions regarding applications and uncertainties
OTHER_COMMENTS: POPS bin Edges (nm):  140, 146.14, 152.56, 159.25, 166.24, 173.54, 181.16, 189.11, 197.41, 206.07, 215.12, 224.56, 234.41, 244.70, 361.30, 472.80, 567.00, 610.66, 657.69, 708.33, 762.88, 821.62, 884.89, 953.03, 1026.42, 1105.46, 1190.59, 1282.27, 1381.01, 1487.36, 1601.89, 1725.25, 1858.10, 2001.18, 2155.28, 2321.25, 2500
Calculations assume sulfate refractive index of 1.45+0.00j and extinction wavelength = 532 nm
REVISION: R0
R0: QA/QC data
TIME_START,TIME_STOP,TIME_MID,GPSAlt,GPS_Lon,GPS_Lat,iMet_Pressure,iMet_Temperature,THETA,Aerosol_concentration,Surface_Area_Conc,Volume_density,Effective_radius,Extinction,Bin01,Bin02,Bin03,Bin04,Bin05,Bin06,Bin07,Bin08,Bin09,Bin10,Bin11,Bin12,Bin13,Bin14,Bin15,Bin16,Bin17,Bin18,Bin19,Bin20,Bin21,Bin22,Bin23,Bin24,Bin25,Bin26,Bin27,Bin28,Bin29,Bin30,Bin31,Bin32,Bin33,Bin34,Bin35,Bin36
[from data line 139]
64869,64895,64882,15.4,-104.447,39.9873,127.014,-60.2363,383.926,14.3538,1.91796,94.7751,0.148243,0.000451882,2.01209,1.87111,1.60198,1.43538,1.42256,0.935557,0.704872,0.74332,0.615161,0.474187,0.397292,0.230685,0.333212,1.16624,0.230685,0.0768951,0.0128159,0.0128159,0.0384476,0,0,0,0.0256317,0,0.0128159,0,0,0,0,0,0,0,0,0,0,0
64896,64914,64905,15.5,-104.444,39.9871,125.055,-60.0237,386.021,14.4097,1.83405,78.5045,0.128412,0.000355285,1.62543,1.91765,1.57064,1.18711,1.27843,1.27843,0.858374,0.967954,0.675742,0.547899,0.383529,0.292213,0.328739,1.20538,0.127843,0.0913164,0.0365266,0.0182633,0,0,0,0.0182633,0,0,0,0,0,0,0,0,0,0,0,0,0,0
64915,64929,64922,15.6,-104.442,39.9876,123.036,-59.2713,389.189,12.2149,1.70898,79.3295,0.139257,0.000408651,1.51255,1.46671,1.10003,0.893777,0.893777,0.985446,1.0542,0.825025,0.572934,0.366678,0.412512,0.160421,0.34376,1.21462,0.252091,0.0458347,0,0.0687521,0.0229174,0.0229174,0,0,0,0,0,0,0,0,0,0,0,0,0,0,0,0
64930,64945,64938,15.7,-104.439,39.988,121.201,-60.1344,389.285,13.5597,2.02488,105.571,0.15641,0.000515767,1.55958,1.42961,1.19134,1.27799,1.08304,1.06138,1.08304,0.671485,0.693146,0.411555,0.303251,0.54152,0.25993,1.42961,0.28159,0.216608,0.0216608,0,0,0.0216608,0,0,0,0,0,0.0216608,0,0,0,0,0,0,0,0,0,0
64946,64968,64957,15.8,-104.437,39.9887,119.244,-60.6561,390.142,12.3869,1.59496,68.3003,0.128467,0.000329921,1.62945,1.70489,1.35788,1.19191,1.05613,0.739289,0.678939,0.950514,0.392276,0.528063,0.437538,0.286663,0.18105,0.814726,0.226313,0.196138,0,0.0150875,0,0,0,0,0,0,0,0,0,0,0,0,0,0,0,0,0,0
64969,64986,64978,15.9,-104.434,39.9891,117.637,-60.865,391.272,13.5216,1.97798,129.346,0.196179,0.000499582,1.74098,1.77967,1.31541,1.25737,1.31541,1.02524,1.10262,0.483605,0.348196,0.715736,0.406229,0.328852,0.212786,1.02524,0.232131,0.154754,0,0.0193442,0,0,0.0193442,0,0,0,0,0.0193442,0,0,0,0.0193442,0,0,0,0,0,0
65001,65015,65008,16,-104.431,39.9898,115.303,-61.594,392.167,13.0784,1.73871,75.3931,0.130085,0.000364369,1.73607,1.62033,1.43515,1.29627,0.833315,0.949053,0.740724,0.717577,0.833315,0.462953,0.347215,0.370362,0.185181,1.04164,0.347215,0.0925906,0.0694429,0,0,0,0,0,0,0,0,0,0,0,0,0,0,0,0,0,0,0
65016,65035,65026,16.1,-104.429,39.9908,113.592,-62.37,392.403,12.0576,1.60114,68.9057,0.129107,0.000321947,1.64501,1.33001,1.20751,1.08501,1.15501,0.700006,0.787507,0.700006,0.717506,0.350003,0.297502,0.385003,0.210002,1.05001,0.350003,0.0350003,0.0350003,0,0,0.0175001,0,0,0,0,0,0,0,0,0,0,0,0,0,0,0,0
65036,65059,65048,16.2,-104.427,39.9919,111.884,-62.9517,393.018,11.8921,1.54186,67.0011,0.130365,0.000297825,1.7218,1.3862,1.10896,1.02141,0.919269,0.656621,0.860902,0.612846,0.598254,0.729578,0.408564,0.350198,0.233465,1.02141,0.160507,0.0437747,0.0291831,0,0.0145916,0,0,0,0.0145916,0,0,0,0,0,0,0,0,0,0,0,0,0
65060,65082,65071,16.3,-104.424,39.9932,110.117,-63.3243,394.109,12.4183,1.61318,73.8058,0.137255,0.000348953,1.73067,1.6244,1.27523,1.19933,1.01715,0.834974,0.713523,0.850155,0.576891,0.379533,0.379533,0.273264,0.242901,1.01715,0.182176,0.045544,0.0151813,0,0.0151813,0.0151813,0.0151813,0,0.0151813,0,0,0,0,0,0,0,0,0,0,0,0,0
65083,65106,65094,16.4,-104.422,39.9943,108.394,-64.0642,394.493,11.115,1.49012,82.6854,0.166468,0.000272207,1.49174,1.2285,0.862872,1.24312,0.716622,1.03837,0.818997,0.628873,0.599623,0.394874,0.380249,0.277874,0.175499,1.03837,0.175499,0.0146249,0,0,0,0.0146249,0,0,0,0,0,0,0,0,0,0.0146249,0,0,0,0,0,0
65107,65119,65113,16.5,-104.42,39.9949,106.572,-64.4992,395.583,10.4227,1.36893,60.3936,0.132352,0.000296096,1.27903,1.52395,0.870826,1.00689,0.97968,0.97968,0.707546,0.353773,0.32656,0.4082,0.299347,0.16328,0.32656,0.925253,0.08164,0.16328,0,0,0,0.0272133,0,0,0,0,0,0,0,0,0,0,0,0,0,0,0,0
65120,65145,65132,16.6,-104.418,39.995,104.938,-64.9872,396.405,11.0718,1.51205,70.798,0.140468,0.000352764,1.68054,1.1439,1.28512,0.889698,1.0168,0.550765,0.706109,0.57901,0.57901,0.409543,0.353055,0.296566,0.268322,0.917942,0.254199,0.0706109,0.0141222,0.0141222,0.0141222,0.0141222,0,0,0.0141222,0,0,0,0,0,0,0,0,0,0,0,0,0
65146,65171,65158,16.7,-104.415,39.9954,103.252,-65.2054,397.826,12.1717,1.67075,81.4461,0.146245,0.000382053,1.55036,1.31917,1.30557,1.40076,0.965575,0.870378,0.829579,0.584785,0.462388,0.462388,0.38079,0.299192,0.190395,1.18317,0.244794,0.0407989,0,0.0407989,0.0135996,0,0,0,0.0135996,0,0.0135996,0,0,0,0,0,0,0,0,0,0,0
65172,65195,65184,16.8,-104.413,39.9957,101.657,-65.2917,399.434,11.8517,1.57855,68.9598,0.131056,0.00030918,1.53116,1.60477,1.19253,0.868636,0.956972,0.662519,0.809746,0.603629,0.50057,0.426957,0.441679,0.368066,0.338621,1.28087,0.161949,0.0588906,0.0147226,0.0147226,0,0,0,0,0.0147226,0,0,0,0,0,0,0,0,0,0,0,0,0
65196,65212,65204,16.9,-104.412,39.9963,99.9076,-64.7341,402.496,10.595,1.69168,121.166,0.214873,0.000466795,1.22925,1.22925,1.22925,0.936574,0.70243,0.760966,0.429263,0.526823,0.526823,0.546335,0.370727,0.234143,0.175608,1.42437,0.136584,0.0390239,0,0,0,0.0390239,0.019512,0.019512,0,0,0,0,0,0,0,0,0.019512,0,0,0,0,0
65213,65234,65224,17,-104.413,39.9969,98.4073,-64.4973,404.697,12.493,1.93117,115.428,0.179314,0.000516422,1.5225,1.50827,1.26637,0.853736,1.02448,0.896423,0.697218,0.725675,0.469555,0.498013,0.412639,0.455326,0.369952,1.26637,0.241892,0.199205,0.0284579,0.0142289,0,0.0142289,0,0,0.0142289,0,0,0,0,0,0,0.0142289,0,0,0,0,0,0
65235,65262,65248,17.1,-104.413,39.9982,96.7857,-64.4518,406.713,12.1607,1.81673,85.4428,0.141093,0.000447292,1.34871,1.15922,1.24839,1.14808,0.947442,0.780246,0.624197,0.679929,0.535026,0.557319,0.412416,0.345538,0.345538,1.52705,0.289806,0.111464,0.0557319,0.0111464,0.0222927,0.0111464,0,0,0,0,0,0,0,0,0,0,0,0,0,0,0,0
65263,65287,65275,17.2,-104.413,39.9998,95.2984,-64.3004,408.813,12.8871,1.93393,107.777,0.167189,0.000469233,1.50807,1.43329,1.2588,1.13417,0.947215,0.772728,0.797655,0.760265,0.710411,0.535924,0.348974,0.411291,0.373901,1.52053,0.18695,0.0747801,0.0124634,0.0124634,0.0498534,0,0,0.0124634,0,0,0,0,0.0249267,0,0,0,0,0,0,0,0,0
65288,65301,65294,17.3,-104.412,40.0006,93.7207,-63.4879,412.366,13.1017,2.02574,109.153,0.161649,0.00056716,1.44586,1.51259,1.44586,1.06771,0.711807,0.889759,0.622831,0.778539,0.533855,0.645075,0.422635,0.533855,0.422635,1.62381,0.244684,0.0444879,0.022244,0.0444879,0.022244,0,0,0,0.0667319,0,0,0,0,0,0,0,0,0,0,0,0,0
65302,65317,65310,17.4,-104.412,40.001,92.3438,-63.4344,414.22,15.1755,2.33092,117.522,0.151256,0.000616027,1.85822,1.41302,1.31624,1.35495,1.14203,0.929111,0.987181,1.04525,0.65812,0.464556,0.541981,0.561338,0.251634,2.07114,0.32906,0.0580694,0.0967824,0.0193565,0.038713,0.0193565,0,0,0,0.0193565,0,0,0,0,0,0,0,0,0,0,0,0
65318,65331,65324,17.5,-104.411,40.0024,90.6521,-64.4843,414.327,12.8752,2.05589,114.089,0.166481,0.000605253,1.47273,1.40578,0.870247,1.04876,1.36116,0.847933,0.803305,0.624793,0.736363,0.647107,0.401653,0.33471,0.245454,1.40578,0.423967,0.0892561,0.0446281,0.022314,0.022314,0,0.022314,0.022314,0,0,0.022314,0,0,0,0,0,0,0,0,0,0,0
65332,65355,65344,17.6,-104.41,40.004,89.3375,-65.2504,414.53,13.6112,2.02064,103.617,0.153838,0.000454667,1.36502,1.43002,1.22202,1.14402,1.07902,0.806011,0.936013,0.819011,0.676009,0.559008,0.68901,0.468007,0.390005,1.57302,0.286004,0.0910013,0.0260004,0.0130002,0.0130002,0,0,0.0130002,0,0,0,0,0,0.0130002,0,0,0,0,0,0,0,0
65356,65378,65367,17.7,-104.408,40.0056,87.9257,-65.5548,415.816,12.7451,1.92808,96.5497,0.150226,0.000483922,1.16978,1.36021,1.12897,1.06096,1.02015,0.870532,0.734511,0.870532,0.557685,0.652899,0.39446,0.408062,0.408062,1.72746,0.217633,0.0680103,0.0136021,0.0136021,0,0.0136021,0.0136021,0.0136021,0.0272041,0,0,0,0,0,0,0,0,0,0,0,0,0
65379,65401,65390,17.8,-104.406,40.0066,86.5274,-64.4261,419.996,12.0776,1.93486,100.809,0.156304,0.000560856,1.42328,1.13863,0.921744,0.772638,0.921744,1.09796,0.799749,0.555757,0.650643,0.460872,0.311766,0.555757,0.365987,1.54528,0.298211,0.10844,0.0271101,0.0271101,0.0406652,0.0271101,0.0135551,0,0.0135551,0,0,0,0,0,0,0,0,0,0,0,0,0
65402,65428,65415,17.9,-104.405,40.0073,85.1567,-64.2626,422.247,12.5094,1.93805,93.9538,0.145436,0.000489876,1.31435,1.12988,1.07224,0.79553,0.956942,0.99153,0.807059,0.657177,0.703294,0.59953,0.449647,0.438118,0.380471,1.69482,0.334353,0.0807059,0.0345883,0.0115294,0.0230588,0.0115294,0.0115294,0.0115294,0,0,0,0,0,0,0,0,0,0,0,0,0,0
65429,65456,65442,18,-104.403,40.0079,83.7925,-64.9132,422.875,12.2887,2.03088,110.941,0.163881,0.000639125,0.935007,1.41364,1.16876,1.01292,0.901614,0.756911,0.957269,0.634469,0.701256,0.53429,0.400717,0.400717,0.311669,1.55835,0.256014,0.144704,0.0556552,0.0445242,0.0445242,0.0222621,0,0.011131,0.0222621,0,0,0,0,0,0,0,0,0,0,0,0,0
65457,65485,65471,18.1,-104.401,40.009,82.471,-64.2183,426.222,12.808,1.96903,99.142,0.151052,0.000510389,1.03878,1.1887,1.26367,1.06019,1.02807,1.08161,0.899559,0.717505,0.653251,0.481906,0.546161,0.396234,0.310562,1.68132,0.235599,0.117799,0.0321271,0.0214181,0,0.0214181,0,0.010709,0.010709,0.010709,0,0,0,0,0,0,0,0,0,0,0,0
65486,65514,65500,18.2,-104.399,40.0102,81.1828,-63.4931,429.628,10.6839,1.53402,72.0546,0.140914,0.000355008,1.14546,0.984885,0.877833,1.03841,1.0063,0.685138,0.631611,0.738664,0.578085,0.428211,0.417506,0.353274,0.299748,1.16688,0.2034,0.0535264,0.0107053,0.0107053,0.0321158,0,0.0107053,0,0.0107053,0,0,0,0,0,0,0,0,0,0,0,0,0
65515,65539,65527,18.3,-104.398,40.0112,79.9072,-61.9648,434.724,10.4571,1.67254,86.7286,0.155563,0.000481416,1.07881,1.09107,0.845883,0.747809,0.772328,0.919438,0.698773,0.576181,0.514885,0.330998,0.367775,0.343257,0.220665,1.52014,0.208406,0.0858142,0.0367775,0.0122592,0.0367775,0.0122592,0.0245183,0.0122592,0,0,0,0,0,0,0,0,0,0,0,0,0,0
65540,65558,65549,18.4,-104.398,40.0113,78.6863,-60.9558,438.725,9.43165,1.77455,101.441,0.171493,0.000631282,0.803377,0.931918,0.658769,0.626634,0.723039,0.642702,0.642702,0.465959,0.353486,0.385621,0.257081,0.449891,0.257081,1.52642,0.353486,0.144608,0.0803377,0.0642702,0.0160675,0,0.0482026,0,0,0,0,0,0,0,0,0,0,0,0,0,0,0
65559,65576,65568,18.5,-104.399,40.0111,77.4128,-60.1294,442.492,8.13972,1.69144,131.981,0.234086,0.000610868,0.70927,0.641721,0.675495,0.641721,0.607946,0.506621,0.422185,0.439072,0.32086,0.38841,0.303973,0.287085,0.32086,1.31722,0.219536,0.151986,0.0506621,0.0506621,0.0168874,0,0.0337748,0,0,0,0,0,0.0168874,0,0,0.0168874,0,0,0,0,0,0
65577,65600,65588,18.6,-104.401,40.011,76.2417,-60.0021,444.688,8.00972,1.40767,76.0782,0.162137,0.000439422,0.812396,0.685459,0.685459,0.558522,0.444279,0.72354,0.495054,0.330036,0.317342,0.393504,0.253874,0.266567,0.291955,1.19321,0.380811,0.0761621,0.0126937,0.0380811,0.0253874,0,0,0.0253874,0,0,0,0,0,0,0,0,0,0,0,0,0,0
65601,65625,65613,18.7,-104.403,40.0111,75.0228,-60.5832,445.521,8.04031,1.38296,72.5769,0.157439,0.000429867,0.759623,0.829742,0.631071,0.631071,0.666131,0.584325,0.373968,0.350595,0.397341,0.373968,0.292163,0.292163,0.163611,1.14528,0.292163,0.175298,0.023373,0.023373,0.0116865,0.023373,0,0,0,0,0,0,0,0,0,0,0,0,0,0,0,0
65626,65650,65638,18.8,-104.405,40.0109,73.8532,-60.8104,447.049,7.38397,1.43225,83.1159,0.174095,0.000513546,0.582367,0.670271,0.516438,0.494462,0.659283,0.549402,0.406558,0.318653,0.39557,0.186797,0.45051,0.153833,0.208773,1.06584,0.461498,0.131857,0.0549402,0.010988,0.0439522,0,0,0.010988,0.010988,0,0,0,0,0,0,0,0,0,0,0,0,0
65651,65674,65662,18.9,-104.407,40.0107,72.7096,-61.345,447.916,7.50434,1.44404,86.5511,0.17981,0.00051996,0.656054,0.667564,0.690583,0.552466,0.529447,0.460389,0.437369,0.471898,0.345292,0.207175,0.241704,0.333782,0.184155,1.03587,0.356801,0.241704,0.0345292,0.0115097,0.0115097,0,0.0115097,0,0.0115097,0,0.0115097,0,0,0,0,0,0,0,0,0,0,0
65675,65691,65683,19,-104.408,40.0104,71.5994,-61.8806,448.752,6.41357,1.26471,81.1883,0.192585,0.000465212,0.470869,0.681949,0.454632,0.503343,0.373448,0.454632,0.324737,0.373448,0.25979,0.292264,0.194842,0.324737,0.211079,1.00669,0.25979,0.0811844,0.0324737,0.0324737,0.0324737,0.0162369,0,0.0162369,0,0,0,0.0162369,0,0,0,0,0,0,0,0,0,0
65692,65716,65704,19.1,-104.408,40.0103,70.3468,-61.8536,451.08,5.14573,0.963024,53.492,0.166637,0.00032444,0.408566,0.419609,0.397524,0.430651,0.309185,0.265016,0.364397,0.253974,0.276058,0.309185,0.154593,0.242931,0.0883387,0.80609,0.209804,0.176677,0,0,0,0.0220847,0,0.0110423,0,0,0,0,0,0,0,0,0,0,0,0,0,0
65717,65743,65730,19.2,-104.408,40.0105,69.2933,-61.2329,454.358,5.13624,1.17839,79.2771,0.201827,0.000536662,0.424199,0.412734,0.447128,0.30955,0.275156,0.35541,0.412734,0.252226,0.171972,0.217832,0.194902,0.0802538,0.160508,0.756679,0.286621,0.252226,0.0343945,0,0.0229297,0.0114648,0.0343945,0.0114648,0.0114648,0,0,0,0,0,0,0,0,0,0,0,0,0
65744,65769,65756,19.3,-104.408,40.0104,68.2381,-61.0296,456.793,5.24439,1.23743,84.529,0.204931,0.000587308,0.497952,0.540331,0.38141,0.233084,0.349626,0.254274,0.307247,0.328437,0.211895,0.222489,0.18011,0.158921,0.0953526,0.741631,0.38141,0.148326,0.0529737,0.0529737,0.0529737,0,0.0317842,0.0211895,0,0,0,0,0,0,0,0,0,0,0,0,0,0
65770,65794,65782,19.4,-104.407,40.01,67.1596,-60.3924,460.256,5.42183,0.987959,50.1265,0.152212,0.000287065,0.406089,0.428039,0.351212,0.439015,0.471941,0.28536,0.351212,0.274384,0.252433,0.153655,0.175606,0.252433,0.164631,0.954857,0.318286,0.120729,0.0219507,0,0,0,0,0,0,0,0,0,0,0,0,0,0,0,0,0,0,0
65795,65818,65806,19.5,-104.406,40.0095,66.1079,-59.4192,464.451,5.04362,0.999378,61.9905,0.186087,0.000363778,0.444021,0.466791,0.455406,0.341554,0.37571,0.364325,0.227703,0.250473,0.159392,0.148007,0.204933,0.193547,0.113851,0.876656,0.170777,0.182162,0.0227703,0.0113851,0.0113851,0,0.0113851,0,0,0,0,0.0113851,0,0,0,0,0,0,0,0,0,0
65819,65840,65830,19.6,-104.406,40.0091,65.0855,-57.8891,469.865,4.44561,0.968734,64.7464,0.200508,0.000393349,0.381756,0.369441,0.357126,0.4187,0.184721,0.258609,0.295553,0.233979,0.172406,0.221665,0.0492588,0.0738882,0.135462,0.8374,0.20935,0.135462,0.0369441,0.0246294,0.0246294,0,0,0.0123147,0,0,0,0.0123147,0,0,0,0,0,0,0,0,0,0
65841,65863,65852,19.7,-104.408,40.009,64.1074,-57.5883,472.558,3.83945,0.961831,66.8171,0.208406,0.000470879,0.282659,0.270881,0.235549,0.259104,0.211994,0.247326,0.259104,0.282659,0.0471098,0.200216,0.164884,0.117774,0.0942195,0.577095,0.294436,0.0942195,0.0706646,0.0588872,0.0353323,0.0117774,0.0117774,0,0.0117774,0,0,0,0,0,0,0,0,0,0,0,0,0
65864,65887,65876,19.8,-104.41,40.0094,63.0992,-58.1096,473.559,3.59181,0.821438,52.4834,0.191676,0.00036835,0.304965,0.282375,0.304965,0.327555,0.237195,0.13554,0.169425,0.214605,0.124245,0.13554,0.13554,0.0451801,0.0677701,0.655111,0.15813,0.169425,0.0564751,0.02259,0.033885,0.011295,0,0,0,0,0,0,0,0,0,0,0,0,0,0,0,0
65888,65913,65900,19.9,-104.412,40.0099,62.1192,-57.7404,476.499,2.95485,0.727693,50.393,0.207751,0.000344478,0.313235,0.156617,0.219264,0.125294,0.229706,0.1775,0.250588,0.114853,0.104412,0.0730881,0.0939705,0.125294,0.0522058,0.459411,0.240147,0.125294,0.0313235,0.0104412,0.0104412,0.0104412,0.0104412,0.0104412,0.0104412,0,0,0,0,0,0,0,0,0,0,0,0,0
65914,65939,65926,20,-104.413,40.0098,61.1838,-57.0638,480.07,2.99907,0.959412,75.3463,0.235602,0.000555424,0.228303,0.166039,0.228303,0.155661,0.114152,0.217926,0.124529,0.207548,0.0726419,0.103774,0.114152,0.0622645,0.0415097,0.415097,0.394342,0.166039,0.0311323,0.0415097,0.0311323,0.0415097,0.0103774,0.0207548,0.0103774,0,0,0,0,0,0,0,0,0,0,0,0,0
65940,65963,65952,20.1,-104.416,40.0095,60.2674,-56.5004,483.4,3.20475,0.89218,63.0644,0.212057,0.000458293,0.211302,0.129129,0.211302,0.199563,0.176085,0.105651,0.176085,0.164346,0.152607,0.164346,0.093912,0.11739,0.105651,0.657384,0.223041,0.140868,0.046956,0.058695,0.023478,0.023478,0.023478,0,0,0,0,0,0,0,0,0,0,0,0,0,0,0
65964,65986,65975,20.2,-104.418,40.0092,59.3339,-56.7061,485.099,2.89673,0.849497,60.4617,0.213521,0.000452028,0.246281,0.152459,0.129004,0.281464,0.129004,0.129004,0.117277,0.152459,0.0820936,0.117277,0.0703659,0.0586383,0.0586383,0.574655,0.234553,0.211098,0.0469106,0.0234553,0.0703659,0.0117277,0,0,0,0,0,0,0,0,0,0,0,0,0,0,0,0
