api/data/B2SAP/Locations/Boulder/NOAA-POPS-B2SAP_GMLBalloon_20240404_R0.ict
82,1001
Thornberry, T. D.
NOAA Chemical Sciences Laboratory
Portable Optical Particle Spectrometer (POPS)
Balloon Baseline Stratospheric Aerosol Profiles (B2SAP)
1,1
2024,04,04,2024,05,28
0
TIME_START,s,Seconds since midnight UTC on flight start day,Start time of 100 m altitude bin in UTC_seconds_since_midnight
49
1.0,1.0,1.0,1.0,1.0,1.0,1.0,1.0,1.0,1.0,1.0,1.0,1.0,1.0,1.0,1.0,1.0,1.0,1.0,1.0,1.0,1.0,1.0,1.0,1.0,1.0,1.0,1.0,1.0,1.0,1.0,1.0,1.0,1.0,1.0,1.0,1.0,1.0,1.0,1.0,1.0,1.0,1.0,1.0,1.0,1.0,1.0,1.0,1.0
99999,99999,99999,99999,99999,99999,99999,99999,99999,99999,99999,99999,99999,99999,99999,99999,99999,99999,99999,99999,99999,99999,99999,99999,99999,99999,99999,99999,99999,99999,99999,99999,99999,99999,99999,99999,99999,99999,99999,99999,99999,99999,99999,99999,99999,99999,99999,99999,99999
TIME_STOP,s,End time of 100 m altitude bin in UTC seconds since midnight,
TIME_MID,s,Mid time of 100 m altitude in UTC seconds since midnight,
GPSAlt,km,GPS reported altitude above sea level (km),
GPS_Lon,deg,GPS reported longitude,
GPS_Lat,deg,GPS reported latitude,
iMet_Pressure,hPa,Pressure reported (hPa),
iMet_Temperature,degrees C,Ambient temperature (oC),
THETA,K,Potential temperature from iMet,
Aerosol_concentration,cm^-3,Aerosol concentration,
Surface_Area_Conc,um^2 cm^-3,Surface area concentration,
Volume_density,um^3 cm^-3,Volume density,
Effective_radius,um,Effective radius,
Extinction,km^-1,Extinction,
Bin01,cm^-3,particle concentration in size range [140 - 146.14 nm],
Bin02,cm^-3,particle concentration in size range [146.14 - 152.56 nm],
Bin03,cm^-3,particle concentration in size range [152.56 - 159.25 nm],
Bin04,cm^-3,particle concentration in size range [159.25 - 166.24 nm],
Bin05,cm^-3,particle concentration in size range [166.24 - 173.54 nm],
Bin06,cm^-3,particle concentration in size range [173.54 - 181.16 nm],
Bin07,cm^-3,particle concentration in size range [181.16 - 189.11 nm],
Bin08,cm^-3,particle concentration in size range [189.11 - 197.41 nm],
Bin09,cm^-3,particle concentration in size range [197.41 - 206.07 nm],
Bin10,cm^-3,particle concentration in size range [206.07 - 215.12 nm],
Bin11,cm^-3,particle concentration in size range [215.12 - 224.56 nm],
Bin12,cm^-3,particle concentration in size range [224.56 - 234.41 nm],
Bin13,cm^-3,particle concentration in size range [234.41 - 244.70 nm],
Bin14,cm^-3,particle concentration in size range [244.70 - 361.30 nm],
Bin15,cm^-3,particle concentration in size range [361.30 - 472.80 nm],
Bin16,cm^-3,particle concentration in size range [472.80 - 567.00 nm],
Bin17,cm^-3,particle concentration in size range [567.00 - 610.66 nm],
Bin18,cm^-3,particle concentration in size range [610.66 - 657.69 nm],
Bin19,cm^-3,particle concentration in size range [657.69 - 708.33 nm],
Bin20,cm^-3,particle concentration in size range [708.33 - 762.88 nm],
Bin21,cm^-3,particle concentration in size range [762.88 - 821.62 nm],
Bin22,cm^-3,particle concentration in size range [821.62 - 884.89 nm],
Bin23,cm^-3,particle concentration in size range [884.89 - 953.03 nm],
Bin24,cm^-3,particle concentration in size range [953.03 - 1026.42 nm],
Bin25,cm^-3,particle concentration in size range [1026.42 - 1105.46 nm],
Bin26,cm^-3,particle concentration in size range [1105.46 - 1190.59 nm]],
[...]
LOCATION: Boulder, CO, USA
ASSOCIATED_DATA: N/A
INSTRUMENT_INFO: Printed Optical Particle Spectrometer counts particles from 140 - 2500 nm in diameter 
DATA_INFO: Particle concentrations reported in number per cubic centimeter, binned to 100 m altitude
UNCERTAINTY: Counting uncertainty dominated by air flow, less than 5 percent
ULOD_FLAG: -77777
ULOD_VALUE: 3000 ~3000 per cm3 (varies depending on flow rate- manufacturer quotes 1250  per cm3 at 1.667 cc/s)
LLOD_FLAG: -88888
LLOD_VALUE: 0 0 (varies depending on data field and measurement precision)
DM_CONTACT_INFO: Troy Thornberry, 325 Broadway R/CSL6, Boulder, CO 80305; troy.thornberry@noaa.gov; 303-497-3373
PROJECT_INFO: B2SAP Boulder, CO, USA
STIPULATIONS_ON_USE: Please contact the PIs for questions regarding applications and uncertainties
OTHER_COMMENTS: POPS bin Edges (nm):  140, 146.14, 152.56, 159.25, 166.24, 173.54, 181.16, 189.11, 197.41, 206.07, 215.12, 224.56, 234.41, 244.70, 361.30, 472.80, 567.00, 610.66, 657.69, 708.33, 762.88, 821.62, 884.89, 953.03, 1026.42, 1105.46, 1190.59, 1282.27, 1381.01, 1487.36, 1601.89, 1725.25, 1858.10, 2001.18, 2155.28, 2321.25, 2500
Calculations assume sulfate refractive index of 1.45+0.00j and extinction wavelength = 532 nm
REVISION: R0
R0: QA/QC data
TIME_START,TIME_STOP,TIME_MID,GPSAlt,GPS_Lon,GPS_Lat,iMet_Pressure,iMet_Temperature,THETA,Aerosol_concentration,Surface_Area_Conc,Volume_density,Effective_radius,Extinction,Bin01,Bin02,Bin03,Bin04,Bin05,Bin06,Bin07,Bin08,Bin09,Bin10,Bin11,Bin12,Bin13,Bin14,Bin15,Bin16,Bin17,Bin18,Bin19,Bin20,Bin21,Bin22,Bin23,Bin24,Bin25,Bin26,Bin27,Bin28,Bin29,Bin30,Bin31,Bin32,Bin33,Bin34,Bin35,Bin36
[from data line 401]
70012,70030,70021,15.9,-104.176,40.2834,108.313,-58.1853,405.67,5.11752,0.857576,53.955,0.188747,0.000308067,0.982712,0.463544,0.42646,0.482085,0.445002,0.259584,0.352293,0.074167,0.222501,0.0556252,0.203959,0.185417,0.148334,0.537711,0.148334,0.0370835,0.0185417,0.0185417,0,0,0,0.0185417,0.0370835,0,0,0,0,0,0,0,0,0,0,0,0,0
70031,70048,70040,15.8,-104.17,40.2845,109.998,-57.7167,404.765,5.02451,0.690855,32.4479,0.140903,0.000176964,0.701095,0.662145,0.584246,0.486871,0.331072,0.292123,0.389497,0.389497,0.214223,0.155799,0.0973743,0.0973743,0.0389497,0.331072,0.155799,0.0389497,0.0389497,0.0194749,0,0,0,0,0,0,0,0,0,0,0,0,0,0,0,0,0,0
70049,70065,70057,15.7,-104.165,40.286,111.725,-57.7141,402.973,4.94635,0.836194,45.029,0.16155,0.000281848,0.638904,0.597684,0.556465,0.515245,0.288537,0.288537,0.103049,0.226708,0.226708,0.206098,0.0824392,0.103049,0.164878,0.577074,0.164878,0.123659,0.0412196,0.0412196,0,0,0,0,0,0,0,0,0,0,0,0,0,0,0,0,0,0
70066,70083,70074,15.6,-104.159,40.2877,113.516,-57.7939,400.997,5.76551,0.791538,34.6388,0.131284,0.000169775,0.740167,0.701211,0.681733,0.350605,0.50643,0.350605,0.428518,0.194781,0.311649,0.175303,0.116868,0.233737,0.214259,0.564864,0.0779123,0.116868,0,0,0,0,0,0,0,0,0,0,0,0,0,0,0,0,0,0,0,0
70084,70102,70093,15.5,-104.153,40.2896,115.375,-56.9495,400.705,5.97567,0.869873,41.1953,0.142073,0.000211319,1.04804,0.753854,0.661921,0.44128,0.349347,0.202254,0.349347,0.239027,0.128707,0.312574,0.202254,0.128707,0.128707,0.753854,0.22064,0.0183867,0.0183867,0,0,0,0.0183867,0,0,0,0,0,0,0,0,0,0,0,0,0,0,0
70103,70123,70113,15.4,-104.147,40.2917,117.233,-56.6286,399.473,6.46495,0.954486,49.5419,0.155713,0.000284042,0.930687,0.747873,0.747873,0.664776,0.548441,0.415485,0.365627,0.28253,0.216052,0.232672,0.216052,0.166194,0.149575,0.398866,0.216052,0.0997165,0.0166194,0.0166194,0.0166194,0,0,0.0166194,0,0,0,0,0,0,0,0,0,0,0,0,0,0
70124,70145,70134,15.3,-104.141,40.2941,119.094,-56.3168,398.253,6.18943,0.995672,53.4575,0.16107,0.000326267,0.789468,0.899994,0.631575,0.442102,0.615785,0.347366,0.378945,0.189472,0.25263,0.221051,0.142104,0.126315,0.110526,0.615785,0.221051,0.126315,0,0.0157894,0.0631575,0,0,0,0,0,0,0,0,0,0,0,0,0,0,0,0,0
70146,70170,70158,15.2,-104.135,40.2964,121.016,-56.5383,396.028,6.35134,1.11527,67.034,0.180317,0.000416115,0.954871,0.781258,0.593177,0.31829,0.535306,0.390629,0.31829,0.332758,0.188081,0.303823,0.217016,0.101274,0.202548,0.636581,0.217016,0.144677,0.0289355,0.0289355,0.0144677,0,0.0144677,0.0144677,0.0144677,0,0,0,0,0,0,0,0,0,0,0,0,0
70171,70197,70184,15.1,-104.129,40.2983,122.909,-56.4659,394.409,6.72455,1.21576,75.0249,0.18513,0.000468135,0.975316,0.757153,0.590323,0.436326,0.513324,0.333661,0.410659,0.359327,0.384993,0.179663,0.141164,0.20533,0.192497,0.731487,0.256662,0.0898317,0.0513324,0.0384993,0.0256662,0,0.0256662,0,0.0256662,0,0,0,0,0,0,0,0,0,0,0,0,0
70198,70224,70211,15,-104.122,40.2999,124.827,-56.7978,392.069,6.77872,1.06871,56.4096,0.158348,0.000324535,0.90383,0.69724,0.55521,0.645593,0.413179,0.529386,0.400267,0.361532,0.296973,0.271149,0.232413,0.284061,0.167854,0.658505,0.14203,0.14203,0.0258237,0.0258237,0.0129119,0,0,0,0.0129119,0,0,0,0,0,0,0,0,0,0,0,0,0
70225,70254,70240,14.9,-104.115,40.3013,126.816,-56.6223,390.616,6.52227,1.17482,72.6007,0.185392,0.000464299,0.808069,0.842701,0.715719,0.519473,0.392491,0.415579,0.415579,0.311684,0.323228,0.207789,0.184702,0.173158,0.0808069,0.565649,0.253965,0.196245,0.0115438,0.0115438,0.0461754,0.0115438,0,0.0230877,0.0115438,0,0,0,0,0,0,0,0,0,0,0,0,0
70255,70283,70269,14.8,-104.108,40.3025,128.864,-55.9059,390.119,6.76477,1.18949,74.2154,0.187178,0.000460103,0.944199,0.908344,0.729065,0.44222,0.573691,0.430268,0.346605,0.25099,0.25099,0.19123,0.179278,0.131471,0.239038,0.657354,0.215134,0.143423,0,0.0478076,0.0358557,0,0.0119519,0,0.0358557,0,0,0,0,0,0,0,0,0,0,0,0,0
70284,70311,70298,14.7,-104.1,40.3037,130.9,-56.4039,387.485,6.19201,1.05152,61.7872,0.176279,0.000385383,0.792577,0.804961,0.470593,0.656353,0.495361,0.396288,0.346752,0.24768,0.260064,0.24768,0.198144,0.173376,0.111456,0.557281,0.18576,0.0866881,0.0866881,0.037152,0.012384,0,0,0.012384,0.012384,0,0,0,0,0,0,0,0,0,0,0,0,0
70312,70340,70326,14.6,-104.093,40.305,132.967,-56.7669,385.11,6.51475,1.03727,57.1381,0.165255,0.000326926,0.910149,0.706563,0.658661,0.718539,0.491001,0.359269,0.299391,0.287415,0.311367,0.287415,0.155683,0.119756,0.143708,0.670636,0.239513,0.0838295,0.0119756,0.0119756,0.0119756,0,0.0119756,0.0119756,0.0119756,0,0,0,0,0,0,0,0,0,0,0,0,0
70341,70371,70356,14.5,-104.085,40.3064,135.097,-57.1042,382.766,5.91093,0.951926,55.8819,0.176112,0.000332322,0.930943,0.874862,0.594457,0.471079,0.314053,0.414999,0.314053,0.224324,0.302837,0.157026,0.168243,0.112162,0.157026,0.52716,0.168243,0.0672971,0.0448647,0,0.0224324,0.0112162,0.0112162,0,0.0224324,0,0,0,0,0,0,0,0,0,0,0,0,0
70372,70398,70385,14.4,-104.077,40.3081,137.133,-56.9031,381.488,6.48978,1.02616,54.7849,0.160164,0.0003127,0.869764,0.923288,0.508477,0.454953,0.54862,0.414811,0.321144,0.361287,0.26762,0.200715,0.294382,0.107048,0.13381,0.722573,0.173953,0.13381,0.013381,0,0.013381,0,0,0.026762,0,0,0,0,0,0,0,0,0,0,0,0,0,0
70409,70433,70421,14.3,-104.068,40.3101,139.734,-56.3388,380.436,7.0933,1.18386,72.9416,0.18484,0.000444514,1.07999,0.879996,0.73333,0.546664,0.466664,0.599997,0.413331,0.293332,0.266665,0.213332,0.226666,0.159999,0.106666,0.73333,0.106666,0.119999,0.0266665,0.0266665,0.0133333,0.0266665,0.0133333,0.0133333,0.0266665,0,0,0,0,0,0,0,0,0,0,0,0,0
70434,70463,70448,14.2,-104.062,40.3115,141.777,-55.7083,379.961,7.56534,1.31307,77.5258,0.177124,0.000478556,0.922603,0.841875,0.91107,0.588159,0.703485,0.438236,0.380574,0.334443,0.265248,0.253716,0.219118,0.172988,0.161455,0.795745,0.299846,0.161455,0.0230651,0.0115325,0.0115325,0.0230651,0.0230651,0.0115325,0.0115325,0,0,0,0,0,0,0,0,0,0,0,0,0
70464,70495,70480,14.1,-104.056,40.3132,144.034,-56.3319,377.169,7.90202,1.39661,82.7233,0.177694,0.000506059,1.0918,0.90803,0.735072,0.637783,0.497255,0.562114,0.464825,0.367536,0.345916,0.227008,0.194578,0.172958,0.162148,0.88641,0.367536,0.172958,0.0216198,0.0108099,0.0108099,0.0216198,0.0108099,0.0108099,0.0216198,0,0,0,0,0,0,0,0,0,0,0,0,0
70496,70527,70512,14,-104.049,40.3146,146.305,-56.5962,375.029,8.30176,1.52546,92.0358,0.181,0.00058238,1.12861,0.900714,0.672823,0.705379,0.553451,0.477487,0.477487,0.542599,0.260448,0.347263,0.195336,0.206188,0.195336,0.889862,0.390671,0.206188,0.0325559,0.0434079,0.021704,0.021704,0,0.010852,0.021704,0,0,0,0,0,0,0,0,0,0,0,0,0
70528,70560,70544,13.9,-104.041,40.3155,148.608,-56.6752,373.224,8.19085,1.31357,68.7587,0.157035,0.000409872,1.02386,1.00296,0.814906,0.699983,0.616403,0.564165,0.4179,0.4179,0.261188,0.282083,0.198503,0.29253,0.271635,0.783563,0.261188,0.198503,0.0313425,0.0104475,0.0313425,0,0.0104475,0,0,0,0,0,0,0,0,0,0,0,0,0,0,0
70561,70591,70576,13.8,-104.033,40.3163,150.922,-56.1061,372.557,8.64688,1.5179,86.9362,0.171822,0.000549185,1.07617,0.938518,0.713274,0.613165,0.688247,0.600652,0.48803,0.475516,0.400434,0.337867,0.287812,0.287812,0.237758,0.800869,0.325353,0.237758,0.0250272,0.0375407,0.0375407,0.0125136,0.0125136,0.0125136,0,0,0,0,0,0,0,0,0,0,0,0,0,0
70592,70621,70606,13.7,-104.024,40.3172,153.28,-56.3283,370.529,9.31632,1.57149,85.3529,0.16294,0.000517726,1.02637,0.828995,0.921105,0.828995,0.736884,0.657932,0.605298,0.421077,0.394759,0.342125,0.368442,0.223697,0.263173,1.06585,0.328966,0.171062,0.0394759,0.0131586,0.0131586,0.0657932,0,0,0,0,0,0,0,0,0,0,0,0,0,0,0,0
70622,70648,70635,13.6,-104.016,40.3176,155.728,-55.9652,369.473,9.91739,1.83945,110.961,0.180969,0.00070178,0.97572,0.932031,1.00485,0.902905,0.713586,0.68446,0.640771,0.436889,0.451452,0.29126,0.393201,0.247571,0.262134,1.16504,0.349512,0.262134,0.0728149,0.0436889,0.029126,0,0.014563,0.029126,0.014563,0,0,0,0,0,0,0,0,0,0,0,0,0
70649,70675,70662,13.5,-104.008,40.3178,158.174,-56.4167,367.069,9.61897,1.83522,102.606,0.167728,0.000652901,0.995571,0.937008,0.688115,0.732037,0.614911,0.600271,0.453863,0.600271,0.351378,0.3953,0.424582,0.307456,0.175689,1.40551,0.453863,0.380659,0.0439222,0.0146407,0.0292815,0.0146407,0,0,0,0,0,0,0,0,0,0,0,0,0,0,0,0
70676,70701,70688,13.4,-104.001,40.3177,160.627,-56.2304,365.77,10.3295,2.07058,124.767,0.180772,0.000822323,0.925253,0.7129,1.13761,0.773572,0.819077,0.515715,0.63706,0.576387,0.470211,0.409538,0.257857,0.379202,0.242689,1.41063,0.455043,0.439874,0.0303362,0.0151681,0.0606723,0.0151681,0.0455043,0,0,0,0,0,0,0,0,0,0,0,0,0,0,0
70702,70728,70715,13.3,-103.994,40.3176,163.159,-56.7252,363.307,10.7848,2.34599,157.508,0.201418,0.0010513,1.16076,0.940364,0.940364,0.749352,0.6465,0.6465,0.484875,0.499568,0.440795,0.528955,0.396716,0.426102,0.32325,1.42524,0.411409,0.455489,0.117545,0.0293864,0.0293864,0.0440795,0.0146932,0.0293864,0.0440795,0,0,0,0,0,0,0,0,0,0,0,0,0
70729,70755,70742,13.2,-103.987,40.3174,165.797,-58.0863,359.375,10.9729,2.16285,134.273,0.186244,0.000848288,1.1667,1.18147,0.856568,0.767958,0.694116,0.575968,0.679347,0.5612,0.428284,0.413516,0.36921,0.472589,0.413516,1.29962,0.605505,0.251063,0.0590737,0.0590737,0.0590737,0,0,0.0147684,0.0443052,0,0,0,0,0,0,0,0,0,0,0,0,0
70756,70784,70770,13.1,-103.979,40.3169,168.422,-58.7117,356.726,12.224,2.34473,140.458,0.179711,0.00086128,1.17141,1.0336,1.04738,0.895783,1.00603,0.785533,0.64772,0.565032,0.523689,0.565032,0.344532,0.372094,0.454782,1.77778,0.496126,0.358313,0.0551251,0.0275626,0.0275626,0,0,0.0275626,0.0413438,0,0,0,0,0,0,0,0,0,0,0,0,0
70785,70817,70801,13,-103.97,40.3163,171.138,-59.3473,354.047,12.1424,2.2466,135.663,0.181158,0.000850065,1.48905,1.16219,0.980597,0.75058,0.920066,0.895854,0.617413,0.714262,0.665837,0.460033,0.399502,0.363184,0.387396,1.33167,0.460033,0.338972,0.0363184,0.0242123,0.0605307,0.0121061,0.0242123,0.0242123,0.0242123,0,0,0,0,0,0,0,0,0,0,0,0,0
70818,70857,70838,12.9,-103.958,40.3158,173.942,-61.3251,349.146,11.3898,2.11055,126.422,0.179699,0.000787439,1.28495,1.08964,0.935447,0.863489,0.863489,0.801811,0.719574,0.585939,0.411185,0.524261,0.349507,0.349507,0.298109,1.38775,0.380346,0.359787,0.0719574,0.0102796,0.0411185,0,0.0102796,0.0205593,0.0308389,0,0,0,0,0,0,0,0,0,0,0,0,0
70858,70898,70878,12.8,-103.944,40.3161,176.687,-63.4193,344.151,10.4962,1.77263,97.6461,0.165256,0.000569623,1.20351,1.16405,0.947022,0.789185,0.897698,0.631348,0.522835,0.5327,0.424187,0.394592,0.503105,0.305809,0.24662,1.22324,0.355133,0.256485,0.0394592,0.00986481,0.00986481,0,0.00986481,0,0.0295944,0,0,0,0,0,0,0,0,0,0,0,0,0
70899,70934,70916,12.7,-103.932,40.3169,179.59,-64.1186,341.41,11.4299,1.8759,101.049,0.161601,0.000587562,1.49529,1.20077,1.09881,1.08749,0.770303,0.804287,0.657023,0.464448,0.419136,0.407808,0.407808,0.373824,0.294528,1.11014,0.464448,0.294528,0.045312,0,0,0,0,0.011328,0.022656,0,0,0,0,0,0,0,0,0,0,0,0,0
70935,70967,70951,12.6,-103.923,40.3177,182.606,-63.197,341.286,13.0139,2.05854,106.147,0.154693,0.000622561,1.70977,1.41456,1.35305,1.13164,0.947137,0.897935,0.676527,0.77493,0.528921,0.479719,0.332113,0.295212,0.295212,1.34075,0.430517,0.319813,0,0.024601,0.024601,0.024601,0.0123005,0,0,0,0,0,0,0,0,0,0,0,0,0,0,0
70968,71000,70984,12.5,-103.916,40.3185,185.621,-63.753,338.795,13.2804,2.09058,108.277,0.155378,0.000628172,1.80366,1.71718,1.37127,1.00066,0.963598,0.951245,0.506507,0.555922,0.555922,0.630045,0.395322,0.308846,0.222369,1.53187,0.358261,0.296492,0.0370615,0.0123538,0.0247076,0.0123538,0.0123538,0.0123538,0,0,0,0,0,0,0,0,0,0,0,0,0,0
71001,71033,71017,12.4,-103.909,40.3192,188.678,-63.3742,337.827,14.0967,2.14839,103.48,0.144499,0.00056719,2.21221,1.63458,1.40107,1.05695,0.872596,0.700534,0.811145,0.712825,0.651374,0.454733,0.344122,0.405573,0.344122,1.68374,0.516183,0.221221,0.0245802,0.0245802,0.0245802,0,0,0,0,0,0,0,0,0,0,0,0,0,0,0,0,0
71034,71066,71050,12.3,-103.904,40.3196,191.702,-62.0203,338.464,15.6193,2.47493,124.542,0.150963,0.000719425,2.77011,1.7557,1.36555,1.10544,0.962386,0.936376,0.767308,0.676271,0.650261,0.559224,0.481193,0.377151,0.377151,1.7427,0.663266,0.338136,0.0390157,0.0130052,0.0260104,0.0130052,0,0,0,0,0,0,0,0,0,0,0,0,0,0,0,0
71067,71099,71083,12.2,-103.899,40.3197,194.822,-60.7203,338.983,15.2003,2.51336,133.678,0.15956,0.000789801,2.12156,1.73468,1.36029,1.21054,0.935981,0.848623,0.861103,0.886062,0.648947,0.524149,0.51167,0.324473,0.374392,1.80956,0.586548,0.299514,0.0748785,0.0249595,0,0.0374392,0,0.0249595,0,0,0,0,0,0,0,0,0,0,0,0,0,0
71100,71132,71116,12.1,-103.894,40.3196,198.014,-60.3048,338.074,15.9576,2.74683,150.364,0.164222,0.000907776,2.00376,1.78648,1.66577,1.21915,0.929453,1.12259,0.989807,0.748391,0.531116,0.555258,0.494904,0.350054,0.350054,1.89512,0.784603,0.374195,0.0482833,0.0241416,0.0362125,0.0120708,0.0120708,0.0120708,0.0120708,0,0,0,0,0,0,0,0,0,0,0,0,0
71133,71165,71149,12,-103.889,40.3192,201.285,-60.8341,335.655,17.7018,2.86446,148.256,0.155271,0.000860141,2.29837,1.89866,1.71307,1.39901,1.29908,1.15632,0.956466,0.799434,0.856537,0.571024,0.5853,0.485371,0.485371,2.06996,0.571024,0.428268,0.0285512,0.0428268,0.0285512,0.0142756,0,0,0.0142756,0,0,0,0,0,0,0,0,0,0,0,0,0
71166,71197,71182,11.9,-103.883,40.3185,204.468,-60.575,334.562,20.383,3.41301,182.422,0.160347,0.00108224,2.55152,2.28908,1.89542,1.67671,1.37053,1.22473,1.04977,1.26847,0.699846,0.758166,0.670686,0.597785,0.583205,2.2016,0.874807,0.495724,0.0583205,0.0437404,0.0291602,0,0.0145801,0.0145801,0.0145801,0,0,0,0,0,0,0,0,0,0,0,0,0
71198,71233,71216,11.8,-103.876,40.3175,207.745,-60.0528,333.864,22.5508,3.68185,190.711,0.155393,0.00111197,2.76371,2.3485,2.2966,1.79057,1.63487,1.34942,1.24561,1.06396,0.999087,0.908261,0.85636,0.726609,0.506031,2.5042,0.882311,0.519006,0,0.0778509,0.0389255,0.0259503,0,0,0.0129752,0,0,0,0,0,0,0,0,0,0,0,0,0
71234,71269,71252,11.7,-103.869,40.3164,211.119,-59.3169,333.478,25.7036,4.41346,239.173,0.162575,0.00142595,3.07311,2.67451,2.31448,2.14732,1.82587,1.58156,1.31154,1.27296,0.977224,0.835784,1.08009,0.797209,0.655769,3.31742,0.925791,0.630052,0.154299,0.0128582,0.0385746,0.0257164,0.0128582,0.0128582,0.0257164,0,0,0,0,0,0,0,0,0,0,0,0,0
71270,71306,71288,11.6,-103.862,40.3151,214.497,-58.7186,332.899,32.0664,5.82693,314.548,0.161946,0.00184705,3.17971,2.82071,2.41043,2.05143,2.07707,2.2181,1.8591,1.64114,1.57703,1.34625,1.24368,1.32061,1.12828,4.35928,1.84628,0.782106,0.0769285,0.0256428,0.0256428,0,0.0128214,0.0256428,0.0384642,0,0,0,0,0,0,0,0,0,0,0,0,0
71307,71346,71326,11.5,-103.854,40.3137,217.953,-57.992,332.505,40.2506,7.1356,377.077,0.158533,0.00224055,4.1575,3.82352,3.42044,3.10949,2.82158,2.18816,2.13058,1.79659,1.91176,1.79659,1.40503,1.5202,1.33593,5.50495,2.00389,0.990431,0.161233,0.0806164,0.0460665,0.0115166,0.0115166,0.0115166,0.0115166,0,0,0,0,0,0,0,0,0,0,0,0,0
71347,71385,71366,11.4,-103.846,40.3123,221.412,-57.1449,332.314,36.9785,6.55126,348.633,0.159649,0.00206985,4.30475,3.77548,2.61108,2.45818,2.37585,2.41113,2.22295,2.07005,1.63487,1.6231,1.22321,1.28202,0.882122,4.85755,2.12885,0.823314,0.105855,0.0823314,0.0588081,0.0117616,0,0.0117616,0.0235232,0,0,0,0,0,0,0,0,0,0,0,0,0
71386,71425,71406,11.3,-103.838,40.3108,224.867,-56.3702,332.035,21.4581,3.28875,165.833,0.151273,0.000926818,2.99681,2.45921,2.12751,1.8873,1.42978,1.44121,1.14382,0.983686,0.949371,0.674854,0.709169,0.720607,0.583349,2.15038,0.594787,0.491843,0.0457528,0,0.0343146,0,0.0114382,0,0.0228764,0,0,0,0,0,0,0,0,0,0,0,0,0
71426,71463,71444,11.2,-103.83,40.3094,228.509,-55.6861,331.557,21.0969,3.44802,179.838,0.156471,0.00104927,2.87848,2.17086,2.13488,1.76307,1.45124,1.23535,1.3313,1.00747,0.767596,0.695634,0.671646,0.539716,0.503735,2.4707,0.839558,0.479747,0.0479747,0.0359811,0.0359811,0.0119937,0,0.0119937,0.0119937,0,0,0,0,0,0,0,0,0,0,0,0,0
