api/data/B2SAP/Locations/Boulder/NOAA-POPS-B2SAP_GMLBalloon_20200930_R0.ict
61,1001
Thornberry, T. D.
NOAA Chemical Sciences Laboratory
Portable Optical Particle Spectrometer (POPS)
Balloon Baseline Stratospheric Aerosol Profiles (B2SAP)
1,1
2020,09,30,2024,05,30
0
TIME_START,s,Seconds since midnight UTC on flight start day,Start time of 100 m altitude bin in UTC_seconds_since_midnight
28
1.0,1.0,1.0,1.0,1.0,1.0,1.0,1.0,1.0,1.0,1.0,1.0,1.0,1.0,1.0,1.0,1.0,1.0,1.0,1.0,1.0,1.0,1.0,1.0,1.0,1.0,1.0,1.0
99999,99999,99999,99999,99999,99999,99999,99999,99999,99999,99999,99999,99999,99999,99999,99999,99999,99999,99999,99999,99999,99999,99999,99999,99999,99999,99999,99999
TIME_STOP,s,End time of 100 m altitude bin in UTC seconds since midnight,
TIME_MID,s,Mid time of 100 m altitude in UTC seconds since midnight,
GPSAlt,m,GPS reported altitude above sea level (m),
GPS_Lon,deg,GPS reported longitude,
GPS_Lat,deg,GPS reported latitude,
iMet_Pressure,mb,Pressure reported (mB),
iMet_Temperature,degrees C,Ambient temperature (oC),
THETA,K,Potential temperature from iMet,
Aerosol_concentration,cm^-3,Aerosol concentration,
Surface_Area_Conc,um^2 cm^-3,Surface area concentration,
Volume_density,um^3 cm^-3,Volume density,
Effective_radius,um,Effective radius,
Extinction,km^-1,Extinction,
Bin01,cm^-3,particle concentration in size range [140 - 170 nm],
Bin02,cm^-3,particle concentration in size range [170 - 205 nm],
Bin03,cm^-3,particle concentration in size range [205 - 249 nm],
Bin04,cm^-3,particle concentration in size range [249 - 302 nm],
Bin05,cm^-3,particle concentration in size range [302 - 366 nm],
Bin06,cm^-3,particle concentration in size range [366 - 443 nm],
Bin07,cm^-3,particle concentration in size range [443 - 537 nm],
Bin08,cm^-3,particle concentration in size range [537 - 651 nm],
Bin09,cm^-3,particle concentration in size range [651 - 789 nm],
Bin10,cm^-3,particle concentration in size range [789 - 956 nm],
Bin11,cm^-3,particle concentration in size range [956 - 1159 nm],
Bin12,cm^-3,particle concentration in size range [1159 - 1404 nm],
Bin13,cm^-3,particle concentration in size range [1404 - 1702 nm],
Bin14,cm^-3,particle concentration in size range [1702 - 2062 nm],
Bin15,cm^-3,particle concentration in size range [2062 - 2500 nm],
0
19
PI_CONTACT_INFO: 325 Broadway R/CSL6, Boulder, CO 80305; troy.thornberry@noaa.gov; 303-497-3373 
PLATFORM: GML ECC/FPH balloon
LOCATION: Boulder, CO, USA
ASSOCIATED_DATA: N/A
INSTRUMENT_INFO: Printed Optical Particle Spectrometer counts particles from 140 - 2500 nm in diameter 
DATA_INFO: Particle concentrations reported in number per cubic centimeter, binned to 100 m altitude
UNCERTAINTY: Counting uncertainty dominated by air flow, less than 5 percent
ULOD_FLAG: -77777
ULOD_VALUE: 3000 ~3000 per cm3 (varies depending on flow rate- manufacturer quotes 1250  per cm3 at 1.667 cc/s)
LLOD_FLAG: -88888
LLOD_VALUE: 0 0 (varies depending on data field and measurement precision)
DM_CONTACT_INFO: Troy Thornberry, 325 Broadway R/CSL6, Boulder, CO 80305; troy.thornberry@noaa.gov; 303-497-3373
PROJECT_INFO: B2SAP Boulder, CO, USA
STIPULATIONS_ON_USE: Please contact the PIs for questions regarding applications and uncertainties
OTHER_COMMENTS: POPS bin Edges (nm):  140, 170, 205, 249, 302, 366, 443, 537, 651, 789, 956, 1159, 1404, 1702, 2062, 2500
Calculations assume sulfate refractive index of 1.45+0.00j and extinction wavelength = 532 nm
REVISION: R0
R0: QA/QC data
TIME_START,TIME_STOP,TIME_MID,GPSAlt,GPS_Lon,GPS_Lat,iMet_Pressure,iMet_Temperature,THETA,Aerosol_concentration,Surface_Area_Conc,Volume_density,Effective_radius,Extinction,Bin01,Bin02,Bin03,Bin04,Bin05,Bin06,Bin07,Bin08,Bin09,Bin10,Bin11,Bin12,Bin13,Bin14,Bin15
57802,58261,58032,1.8,-105.198,39.949,832.304,17.5458,306.35,4169.78,2045.08,161614,0.237078,1.27436,274.124,320.998,388.704,499.363,587.768,690.515,987.731,358.286,48.6944,9.20452,3.3471,0.499129,0.308285,0.161483,0.0734013
57902,57924,57913,1.7,-105.197,39.9491,833.709,17.8479,306.522,4304.96,2080.89,162325,0.234022,1.28991,284.861,336.428,416.754,516.59,618.028,707.824,999.483,363.768,49.8351,8.54842,2.26607,0.313196,0.22108,0.0368466,0
58262,58275,58268,1.9,-105.199,39.9487,822.219,15.596,305.354,4312.21,2124.09,168817,0.238432,1.32503,278.606,332.834,404.645,512.575,605.675,707.889,1034.36,370.797,50.8557,8.7311,3.4446,0.932912,0.454496,0.239208,0.167446
58276,58290,58283,2,-105.2,39.9487,812.478,14.3857,305.109,4276.34,2108.7,166932,0.237491,1.31804,278.764,317.898,398.256,507.946,605.408,710.092,1020.97,372.098,51.9039,9.18379,2.57972,0.54174,0.309566,0.257972,0.128986
58291,58303,58297,2.1,-105.202,39.9486,803.095,13.2171,304.887,4204.85,2077.92,165174,0.23847,1.29703,271.264,314.898,390.594,501.028,591.741,698.627,1010.08,362.722,50.2674,8.43361,3.47115,0.951352,0.437108,0.154273,0.179986
58304,58320,58312,2.2,-105.203,39.9486,792.777,12.1753,304.899,4285.23,2117.74,167866,0.2378,1.32421,274.828,327.622,394.547,506.602,605.49,707.226,1028.75,376.05,50.354,9.14166,3.10431,0.834952,0.385363,0.21409,0.0856361
58321,58342,58332,2.3,-105.204,39.9488,782.797,11.7082,305.501,4283.28,2044.99,159804,0.234432,1.25448,285.195,340.126,422.892,530.798,621.934,709.024,974.374,338.745,46.7268,9.37167,2.94303,0.805635,0.164415,0.0986492,0.0822076
58343,58361,58352,2.4,-105.205,39.9492,773.394,11.2144,306.027,3396.86,1598.48,123999,0.232718,0.972645,235.992,278.03,340.382,422.018,492.7,555.274,773.232,256.184,33.3241,6.45503,2.36012,0.584987,0.181548,0.141204,0
58362,58380,58371,2.5,-105.205,39.9495,763.714,10.658,306.534,2060.98,931.233,71719,0.231045,0.55588,169.917,184.602,215.509,257.403,292.43,326.889,453.412,139.449,15.8382,3.66201,1.19015,0.329581,0.10986,0.164791,0.0732402
58382,58400,58391,2.6,-105.205,39.9499,754.7,10.1053,306.973,1814.55,785.785,59665.7,0.227794,0.460028,168.413,177.387,202.477,229.301,255.855,276.69,373.374,114.053,12.709,2.58031,1.05908,0.385121,0.19256,0,0.0770241
58401,58418,58410,2.7,-105.205,39.9502,745.28,9.52556,307.443,2387.89,1021.19,77403.5,0.227392,0.593458,222.043,236.967,271.477,312.583,344.874,361.385,466.279,148.932,16.8986,4.03123,1.5677,0.488634,0.244317,0.0610792,0.0610792
58419,58438,58428,2.8,-105.204,39.9505,736.667,8.7475,307.621,2649.44,1132.77,85444.2,0.226289,0.659541,242.568,263.303,302.438,353.392,377.987,399.807,516.807,165.97,20.1833,4.70577,1.61761,0.367638,0.275729,0,0.0183819
58439,58458,58448,2.9,-105.204,39.9506,727.957,7.95947,307.806,2851.49,1220.21,92201.7,0.226686,0.708818,253.857,282.539,324.293,384.368,412.972,434.159,555.084,174.067,22.2909,5.17087,1.87856,0.484164,0.213032,0.116199,0
58458,58475,58466,3,-105.203,39.9507,719.579,7.13824,307.921,2939.38,1249.87,93921.5,0.225434,0.722914,262.45,288.76,338.366,397.189,430.484,449.137,567.131,175.777,22.5577,5.14056,1.45324,0.650703,0.216901,0.0433802,0.0216901
58476,58492,58484,3.1,-105.202,39.9509,710.728,6.22889,308.006,2641.75,1129.3,85339.2,0.226705,0.657091,239.885,263.612,301.753,353.32,380.892,398.019,509.871,167.551,19.5124,4.95519,1.64488,0.390658,0.287853,0.0411219,0.020561
58494,58511,58502,3.2,-105.202,39.9512,701.864,5.34737,308.145,2196.84,928.482,69649.9,0.225044,0.534538,201.074,220.466,250.57,297.076,316.428,335.605,426.681,129.566,13.7425,3.65553,1.32928,0.430063,0.136838,0.0586449,0.0195483
58512,58531,58522,3.3,-105.201,39.9515,693.115,4.51474,308.324,2395.48,1034.68,78381,0.227261,0.603983,212.835,232.789,266.438,315.199,348.298,367.188,477.935,151.244,17.4739,4.01428,1.39713,0.432912,0.0983891,0.0787113,0.0590335
58532,58550,58541,3.4,-105.199,39.9519,684.362,3.97474,308.84,2596.12,1142.97,86992.6,0.228334,0.67322,220.983,240.926,283.95,339.21,376.684,404.354,533.877,167.644,21.0609,4.8044,1.76488,0.666733,0.156878,0.0392196,0
58552,58568,58560,3.5,-105.198,39.9519,676.521,4.19412,310.107,704.387,287.054,21473.8,0.224423,0.164622,81.6859,78.819,82.4137,91.2351,91.5879,100.211,131.218,41.1517,4.32247,1.10267,0.463122,0.0882137,0.0661603,0.0220534,0
58569,58590,58580,3.6,-105.197,39.9517,667.83,3.55182,310.535,848.202,369.634,28222.9,0.229061,0.220618,89.2035,87.5117,91.613,101.405,110.325,123.415,174.613,61.9127,6.59628,0.99115,0.324687,0.170888,0.085444,0.0170888,0.0170888
58592,58608,58600,3.7,-105.195,39.9517,660.174,2.66889,310.563,831.5,361.226,27604.1,0.229253,0.21593,91.96,83.9073,90.6666,99.5955,107.732,116.953,172.112,60.3957,6.27948,1.29345,0.417242,0.146035,0.0208621,0,0.0208621
58609,58626,58618,3.8,-105.194,39.9516,652.253,1.95444,310.826,819.186,338.625,25587.7,0.22669,0.197389,97.6953,94.2997,93.2727,100.839,105.891,109.978,157.117,52.7148,5.11428,1.50913,0.482083,0.188641,0.0628805,0.0209602,0
58627,58648,58638,3.9,-105.193,39.9514,643.793,1.07476,310.997,768.577,309.583,23412,0.226873,0.178044,98.1284,90.0556,91.0961,96.173,97.3211,102.739,139.586,46.7141,4.75393,1.25576,0.502302,0.107636,0.0717575,0.0358787,0.0358787
58648,58669,58658,4,-105.191,39.9512,635.911,0.856667,311.842,267.258,83.7128,5816.74,0.208453,0.0421911,52.87,42.827,37.1192,33.2718,31.1946,27.6723,31.0681,9.59138,1.13796,0.270943,0.198691,0.0180629,0.0180629,0,0
58670,58690,58680,4.1,-105.189,39.9506,627.894,0.39381,312.442,136.899,37.4423,2520.9,0.201982,0.0181438,35.4844,25.6066,19.8099,14.3744,13.5617,10.1668,12.3518,4.64097,0.650096,0.198641,0.0541747,0,0,0,0
58690,58709,58700,4.2,-105.187,39.9497,620.202,-0.236316,312.828,105.355,24.9475,1625.79,0.195505,0.0106798,31.4149,21.6813,15.498,11.9277,8.13796,6.98109,6.90131,2.23395,0.339082,0.0997299,0.0997299,0.039892,0,0,0
58710,58728,58719,4.3,-105.184,39.9487,612.379,-0.6115,313.531,69.775,15.2755,1020.58,0.200435,0.00601305,22.6707,14.482,11.051,7.92338,5.13693,3.77213,3.03287,1.21315,0.246421,0.0568663,0.151644,0.0189554,0.0189554,0,0
58730,58748,58739,4.4,-105.182,39.9473,604.901,-0.450526,314.817,24.2602,5.05479,326.35,0.193688,0.00200128,8.27324,5.65538,3.75693,2.13825,1.55873,1.31892,1.05913,0.259788,0.159869,0.0399673,0.0399673,0,0,0,0
58749,58768,58758,4.5,-105.178,39.9456,597.304,-0.428421,315.985,7.02274,1.48945,108.706,0.218952,0.000668723,2.8211,1.66065,0.92036,0.64025,0.18007,0.280109,0.240094,0.160063,0.0800313,0.0200078,0.0200078,0,0,0,0
58769,58789,58779,4.6,-105.176,39.944,590.038,-1.009,316.417,5.1527,0.915193,51.7965,0.169789,0.000341239,2.20558,1.2549,0.57041,0.4183,0.247177,0.114082,0.228164,0.0950683,0.0190137,0,0,0,0,0,0
58789,58806,58798,4.7,-105.173,39.9423,582.668,-1.68556,316.762,2.99483,0.755555,66.2726,0.263141,0.000383653,1.0967,0.695983,0.54835,0.147633,0.147633,0.0632712,0.126542,0.0843615,0.0421808,0.0210904,0.0210904,0,0,0,0
58807,58824,58816,4.8,-105.171,39.9406,575.243,-2.52,316.95,3.37011,0.646702,49.9207,0.231578,0.00025852,1.71685,0.699457,0.317935,0.254348,0.105978,0.0211957,0.14837,0.0847827,0,0,0.0211957,0,0,0,0
58825,58843,58834,4.9,-105.168,39.9387,567.939,-3.46368,317.002,3.25695,0.982269,99.7069,0.30452,0.000519608,1.25423,0.708033,0.42482,0.121377,0.242754,0.141607,0.101148,0.161836,0.040459,0.0202295,0.0202295,0,0.0202295,0,0
58844,58861,58852,5,-105.166,39.9366,560.785,-4.31056,317.149,3.64165,0.810706,65.0399,0.240679,0.000373928,1.55462,0.787959,0.511109,0.234258,0.149073,0.106481,0.149073,0.0638886,0.0638886,0,0.0212962,0,0,0,0
58862,58880,58871,5.1,-105.164,39.9342,553.511,-5.20889,317.268,3.70366,0.744177,52.388,0.211192,0.000356515,1.54141,0.941972,0.492394,0.299718,0.0856338,0.0856338,0.107042,0.0428169,0.0856338,0.0214085,0,0,0,0,0
58881,58898,58890,5.2,-105.162,39.9319,546.574,-6.13278,317.325,3.94631,1.32374,138.658,0.31424,0.000821567,1.87612,0.690066,0.23721,0.215646,0.215646,0.150952,0.129387,0.23721,0.0646937,0.0862582,0.0215646,0.0215646,0,0,0
58899,58916,58908,5.3,-105.16,39.9296,539.818,-7.06,317.346,3.54701,0.695411,51.1402,0.220618,0.000258524,1.45571,0.90213,0.389556,0.307544,0.205029,0.0820118,0.102515,0.0820118,0,0,0.0205029,0,0,0,0
58917,58933,58925,5.4,-105.158,39.9273,533.008,-8.01294,317.357,3.86274,0.850825,61.3839,0.216439,0.000420252,1.72444,0.689774,0.482842,0.36788,0.137955,0.0919699,0.18394,0.137955,0,0.0459849,0,0,0,0,0
58934,58954,58944,5.5,-105.155,39.9249,526.082,-8.98611,317.374,4.09627,1.33273,129.18,0.290787,0.000807657,1.64718,0.715222,0.476814,0.325101,0.19506,0.0866935,0.238407,0.173387,0.19506,0,0.0433468,0,0,0,0
58954,58973,58964,5.6,-105.153,39.9221,518.947,-9.95278,317.446,3.39104,0.821222,62.1154,0.226913,0.000447364,1.4658,0.656329,0.328165,0.328165,0.131266,0.175021,0.0656329,0.131266,0.0875106,0.0218776,0,0,0,0,0
58974,58989,58982,5.7,-105.15,39.9195,512.583,-10.8782,317.452,4.74946,1.20824,92.3842,0.229385,0.000666238,1.88582,0.977831,0.41907,0.582042,0.162972,0.186253,0.186253,0.232817,0.069845,0.0465634,0,0,0,0,0
58991,59006,58998,5.8,-105.147,39.9171,506.094,-11.75,317.553,4.32286,1.08257,94.1826,0.260998,0.00058396,1.97616,0.83987,0.568147,0.222318,0.148212,0.12351,0.12351,0.197616,0.0741061,0.024702,0.024702,0,0,0,0
59007,59024,59016,5.9,-105.145,39.9149,499.499,-12.3465,318.016,7.00364,1.68746,124.095,0.220618,0.000882952,2.76888,1.32627,0.88418,0.721305,0.349018,0.302483,0.209411,0.255947,0.139607,0.0465358,0,0,0,0,0
59025,59040,59032,6,-105.142,39.9131,492.931,-13.0775,318.324,8.19762,2.2252,178.785,0.241038,0.00120673,2.99671,1.65934,1.04018,0.668688,0.39626,0.421026,0.495324,0.297195,0.148597,0.0495324,0.0247662,0,0,0,0
59041,59058,59050,6.1,-105.139,39.9115,486.323,-13.44,319.106,8.18262,2.28731,200.886,0.263479,0.00118323,2.88928,1.76445,1.01456,0.74989,0.397,0.397,0.485223,0.286723,0.0882223,0.0441112,0.0661667,0,0,0,0
59059,59076,59068,6.2,-105.137,39.9096,480.166,-13.6447,320.02,9.08441,2.75754,234.843,0.255492,0.00163082,2.97351,1.96673,1.19409,0.655576,0.561922,0.374615,0.655576,0.351201,0.210721,0.117067,0.0234134,0,0,0,0
59077,59093,59085,6.3,-105.134,39.9079,474.046,-13.9431,320.83,11.8777,2.3591,161.801,0.205758,0.000942891,4.62188,2.50973,2.0873,0.993953,0.571523,0.397581,0.397581,0.173942,0.0248488,0.0745465,0.0248488,0,0,0,0
59094,59111,59102,6.4,-105.132,39.9058,467.743,-14.3618,321.537,11.8565,2.62467,200.356,0.229007,0.00116575,4.36696,3.00522,1.59652,0.915654,0.657392,0.469566,0.422609,0.187826,0.14087,0.0469566,0.0234783,0.0234783,0,0,0
59112,59126,59119,6.5,-105.13,39.9038,461.332,-15.0936,321.892,10.8577,1.98696,120.224,0.181519,0.000745646,3.81021,3.17995,1.57565,0.80215,0.630261,0.401075,0.143241,0.229186,0.0286482,0.0572964,0,0,0,0,0
59127,59145,59136,6.6,-105.128,39.9019,455.288,-15.7312,322.306,11.3767,2.39526,179.114,0.224336,0.000952671,3.82371,2.61995,2.12428,1.15655,0.778904,0.306841,0.188825,0.212428,0.0472063,0.0708094,0.0236031,0.0236031,0,0,0
59145,59162,59154,6.7,-105.125,39.8998,449.711,-16.3012,322.729,11.1429,2.11289,151.556,0.215188,0.000778303,4.46188,2.97459,1.36925,0.944314,0.54298,0.354118,0.188863,0.188863,0.0472157,0.0236078,0.0236078,0.0236078,0,0,0
59163,59179,59171,6.8,-105.123,39.8978,443.773,-16.8829,323.229,11.8069,2.07026,140.737,0.203941,0.000680199,4.69913,3.18785,1.7238,0.944549,0.519502,0.330592,0.212524,0.0708412,0.0472275,0.0236137,0.0472275,0,0,0,0
59179,59195,59187,6.9,-105.12,39.8956,437.791,-17.4441,323.772,11.1085,2.47767,185.291,0.224352,0.00116528,4.21601,2.41592,1.65798,1.20796,0.402653,0.331596,0.307911,0.402653,0.0473709,0.0947418,0.0236855,0,0,0,0
59196,59212,59204,7,-105.117,39.8936,431.768,-18.3012,323.963,10.8677,2.45939,200.682,0.244795,0.00114856,3.87622,2.8061,1.66463,1.11768,0.285366,0.356707,0.332927,0.166463,0.0951219,0.118902,0.0475609,0,0,0,0
59214,59231,59222,7.1,-105.115,39.8915,425.882,-19.1567,324.142,12.2733,2.55174,183.103,0.215268,0.0011261,4.8868,2.97261,1.48631,1.08095,0.653074,0.360317,0.427876,0.202678,0.0900792,0.0900792,0.0225198,0,0,0,0
59232,59247,59240,7.2,-105.112,39.8895,419.961,-20.0912,324.25,11.1282,2.28133,153.363,0.201675,0.00101464,4.269,2.44628,1.67882,1.12721,0.575595,0.311781,0.311781,0.191865,0.143899,0.0719494,0,0,0,0,0
59248,59265,59256,7.3,-105.109,39.8878,414.397,-20.6765,324.736,11.1518,2.37666,232.526,0.293512,0.000950561,4.71066,2.3313,1.65834,0.985393,0.672951,0.264374,0.264374,0.0961359,0.0721019,0.024034,0.024034,0.024034,0,0.024034,0
59266,59287,59276,7.4,-105.106,39.886,408.793,-21.3433,325.138,9.58203,2.39946,277.19,0.346566,0.00108581,3.66143,2.1618,1.48015,0.681649,0.58427,0.350562,0.272659,0.233708,0.0779027,0,0.058427,0,0,0,0.0194757
59288,59302,59295,7.5,-105.103,39.8842,403.319,-22.0888,325.424,8.25109,2.25272,213.102,0.283793,0.00109732,3.07494,2.04996,0.922482,0.563739,0.409992,0.384368,0.384368,0.28187,0.051249,0.0256245,0.0768735,0.0256245,0,0,0
59303,59321,59312,7.6,-105.101,39.8826,397.781,-22.715,325.895,6.86507,2.26708,215.894,0.28569,0.00131544,2.19682,1.3959,1.05264,0.503438,0.366137,0.366137,0.228836,0.503438,0.137301,0.0457671,0.0457671,0.0228836,0,0,0
59322,59336,59329,7.7,-105.098,39.881,392.565,-23.2553,326.43,7.87136,1.48662,84.9544,0.171438,0.000559912,3.19774,1.53054,1.17524,0.847264,0.218649,0.382636,0.355304,0.136656,0.0273311,0,0,0,0,0,0
59337,59359,59348,7.8,-105.095,39.8791,386.846,-23.9552,326.881,7.37169,2.07305,167.335,0.242159,0.00115135,2.35894,1.76921,0.864945,0.609393,0.471788,0.373499,0.412815,0.255552,0.196578,0.0393157,0.0196578,0,0,0,0
59360,59378,59369,7.9,-105.093,39.8771,381.879,-24.4941,327.377,4.17565,1.73572,184.486,0.318863,0.00118253,1.21385,0.801142,0.679757,0.315601,0.291324,0.0485541,0.145662,0.339878,0.194216,0.0971081,0.0485541,0,0,0,0
59379,59396,59388,8,-105.09,39.8749,376.66,-25.26,327.651,3.89555,1.24592,102.606,0.24706,0.000778005,1.53387,0.462597,0.486944,0.292167,0.243472,0.146083,0.389555,0.194778,0.0973889,0.0486944,0,0,0,0,0
59397,59418,59408,8.1,-105.087,39.8726,371.187,-26.0436,327.99,3.63287,1.30294,128.81,0.296583,0.000802028,1.35527,0.77175,0.207055,0.169409,0.263524,0.244701,0.301171,0.131762,0.0941159,0.0564695,0.0376463,0,0,0,0
59420,59449,59434,8.2,-105.085,39.8697,365.877,-26.8267,328.301,4.35417,1.29326,112.235,0.260354,0.000759144,1.55804,0.932043,0.445155,0.431244,0.222578,0.166933,0.194755,0.278222,0.0417333,0.0695555,0.0139111,0,0,0,0
59450,59471,59460,8.3,-105.082,39.8667,361.097,-27.6574,328.422,5.16966,1.7506,158.576,0.271752,0.00103289,1.69288,0.928354,0.6007,0.41867,0.309451,0.41867,0.273045,0.36406,0.0728121,0.0546091,0.036406,0,0,0,0
59473,59494,59484,8.4,-105.079,39.8639,355.914,-28.2378,328.999,10.3994,4.59263,459.66,0.300259,0.00326971,2.83126,2.05085,1.0708,0.871156,0.617069,0.508174,0.653367,0.943752,0.508174,0.290385,0.0544472,0,0,0,0
59495,59517,59506,8.5,-105.076,39.8612,351.269,-28.7604,329.532,7.98555,2.74787,243.349,0.265677,0.0017802,2.84417,1.36739,0.802201,0.729274,0.455796,0.273478,0.510492,0.656346,0.218782,0.109391,0.0182318,0,0,0,0
59518,59535,59526,8.6,-105.075,39.8589,346.496,-29.4406,329.909,9.14458,2.69937,224.525,0.249531,0.00160055,3.14127,1.86149,1.34958,0.628254,0.51191,0.34903,0.372299,0.604985,0.255955,0.0465373,0.0232687,0,0,0,0
59536,59553,59544,8.7,-105.073,39.8567,341.602,-30.1337,330.307,8.18693,2.40227,194.207,0.24253,0.001429,2.85222,1.6638,0.95074,0.528189,0.739465,0.237685,0.607417,0.290504,0.211276,0.105638,0,0,0,0,0
59554,59574,59564,8.8,-105.071,39.8543,336.719,-30.9255,330.585,7.96018,2.51001,227.26,0.271625,0.00147656,2.80823,1.56248,0.971269,0.612322,0.443405,0.380062,0.46452,0.46452,0.0844582,0.126687,0.0211145,0.0211145,0,0,0
59575,59594,59584,8.9,-105.07,39.852,332.058,-31.6725,330.878,6.55448,1.70449,122.945,0.216391,0.000905717,2.26235,1.20518,0.9726,0.634304,0.380582,0.338296,0.274865,0.359439,0.105717,0.0211435,0,0,0,0,0
59595,59612,59604,9,-105.068,39.85,327.413,-32.5371,331.032,6.79985,2.00283,170.793,0.255828,0.00115236,2.47495,1.22497,0.92498,0.574987,0.374992,0.274994,0.374992,0.374992,0.0999978,0.0749984,0.0249995,0,0,0,0
