api/data/B2SAP/Locations/Boulder/NOAA-POPS-B2SAP_GMLBalloon_20240731_R0.ict
82,1001
Thornberry, T. D.
NOAA Chemical Sciences Laboratory
Portable Optical Particle Spectrometer (POPS)
Balloon Baseline Stratospherid Aerosol Profiles (B2SAP)
1,1
2024,07,31,2024,08,01
0
TIME_START,s,Seconds since midnight UTC on flight start day,Start time of 100 m altitude bin in UTC_seconds_since_midnight
49
1.0,1.0,1.0,1.0,1.0,1.0,1.0,1.0,1.0,1.0,1.0,1.0,1.0,1.0,1.0,1.0,1.0,1.0,1.0,1.0,1.0,1.0,1.0,1.0,1.0,1.0,1.0,1.0,1.0,1.0,1.0,1.0,1.0,1.0,1.0,1.0,1.0,1.0,1.0,1.0,1.0,1.0,1.0,1.0,1.0,1.0,1.0,1.0,1.0
99999,99999,99999,99999,99999,99999,99999,99999,99999,99999,99999,99999,99999,99999,99999,99999,99999,99999,99999,99999,99999,99999,99999,99999,99999,99999,99999,99999,99999,99999,99999,99999,99999,99999,99999,99999,99999,99999,99999,99999,99999,99999,99999,99999,99999,99999,99999,99999,99999
TIME_STOP,s,End time of 100 m altitude bin in UTC seconds since midnight,
TIME_MID,s,Mid time of 100 m altitude in UTC seconds since midnight,
GPSAlt,km,GPS reported altitude above sea level (km),
GPS_Lon,deg,GPS reported longitude,
GPS_Lat,deg,GPS reported latitude,
iMet_Pressure,hPa,Pressure reported (hPa),
iMet_Temperature,degrees C,Ambient temperature (oC),
THETA,K,Potential temperature from iMet,
Aerosol_concentration,cm^-3,Aerosol concentration,
Surface_Area_Conc,um^2 cm^-3,Surface area concentration,
Volume_density,um^3 cm^-3,Volume density,
Effective_radius,um,Effective radius,
Extinction,km^-1,Extinction,
Bin01,cm^-3,particle concentration in size range [140 - 146.14 nm],
Bin02,cm^-3,particle concentration in size range [146.14 - 152.56 nm],
Bin03,cm^-3,particle concentration in size range [152.56 - 159.25 nm],
Bin04,cm^-3,particle concentration in size range [159.25 - 166.24 nm],
Bin05,cm^-3,particle concentration in size range [166.24 - 173.54 nm],
Bin06,cm^-3,particle concentration in size range [173.54 - 181.16 nm],
Bin07,cm^-3,particle concentration in size range [181.16 - 189.11 nm],
Bin08,cm^-3,particle concentration in size range [189.11 - 197.41 nm],
Bin09,cm^-3,particle concentration in size range [197.41 - 206.07 nm],
Bin10,cm^-3,particle concentration in size range [206.07 - 215.12 nm],
Bin11,cm^-3,particle concentration in size range [215.12 - 224.56 nm],
Bin12,cm^-3,particle concentration in size range [224.56 - 234.41 nm],
Bin13,cm^-3,particle concentration in size range [234.41 - 244.70 nm],
Bin14,cm^-3,particle concentration in size range [244.70 - 361.30 nm],
Bin15,cm^-3,particle concentration in size range [361.30 - 472.80 nm],
Bin16,cm^-3,particle concentration in size range [472.80 - 567.00 nm],
Bin17,cm^-3,particle concentration in size range [567.00 - 610.66 nm],
Bin18,cm^-3,particle concentration in size range [610.66 - 657.69 nm],
Bin19,cm^-3,particle concentration in size range [657.69 - 708.33 nm],
Bin20,cm^-3,particle concentration in size range [708.33 - 762.88 nm],
Bin21,cm^-3,particle concentration in size range [762.88 - 821.62 nm],
Bin22,cm^-3,particle concentration in size range [821.62 - 884.89 nm],
Bin23,cm^-3,particle concentration in size range [884.89 - 953.03 nm],
Bin24,cm^-3,particle concentration in size range [953.03 - 1026.42 nm],
Bin25,cm^-3,particle concentration in size range [1026.42 - 1105.46 nm],
Bin26,cm^-3,particle concentration in size range [1105.46 - 1190.59 nm]],
[...]
LOCATION: Boulder, CO, USA
ASSOCIATED_DATA: N/A
INSTRUMENT_INFO: Printed Optical Particle Spectrometer counts particles from 140 - 2500 nm in diameter 
DATA_INFO: Particle concentrations reported in number per cubic centimeter, binned to 100 m altitude
UNCERTAINTY: Counting uncertainty dominated by air flow, less than 5 percent
ULOD_FLAG: -77777
ULOD_VALUE: 3000 ~3000 per cm3 (varies depending on flow rate- manufacturer quotes 1250  per cm3 at 1.667 cc/s)
LLOD_FLAG: -88888
LLOD_VALUE: 0 0 (varies depending on data field and measurement precision)
DM_CONTACT_INFO: Troy Thornberry, 325 Broadway R/CSL6, Boulder, CO 80305; troy.thornberry@noaa.gov; 303-497-3373
PROJECT_INFO: B2SAP Boulder, CO, USA
STIPULATIONS_ON_USE: Please contact the PIs for questions regarding applications and uncertainties
OTHER_COMMENTS: POPS bin Edges (nm):  140, 146.14, 152.56, 159.25, 166.24, 173.54, 181.16, 189.11, 197.41, 206.07, 215.12, 224.56, 234.41, 244.70, 361.30, 472.80, 567.00, 610.66, 657.69, 708.33, 762.88, 821.62, 884.89, 953.03, 1026.42, 1105.46, 1190.59, 1282.27, 1381.01, 1487.36, 1601.89, 1725.25, 1858.10, 2001.18, 2155.28, 2321.25, 2500
Calculations assume sulfate refractive index of 1.45+0.00j and extinction wavelength = 532 nm
REVISION: R0
R0: QA/QC data
TIME_START,TIME_STOP,TIME_MID,GPSAlt,GPS_Lon,GPS_Lat,iMet_Pressure,iMet_Temperature,THETA,Aerosol_concentration,Surface_Area_Conc,Volume_density,Effective_radius,Extinction,Bin01,Bin02,Bin03,Bin04,Bin05,Bin06,Bin07,Bin08,Bin09,Bin10,Bin11,Bin12,Bin13,Bin14,Bin15,Bin16,Bin17,Bin18,Bin19,Bin20,Bin21,Bin22,Bin23,Bin24,Bin25,Bin26,Bin27,Bin28,Bin29,Bin30,Bin31,Bin32,Bin33,Bin34,Bin35,Bin36
[from data line 522]
69148,69155,69152,4.2,-104.65,40.0494,622.612,6.49,320.181,668.416,162.589,10075.4,0.185905,0.0621752,33.8504,34.5413,34.1095,33.3323,35.5343,32.2097,32.5983,29.6191,29.2305,26.7263,28.0216,27.1149,26.0355,164.934,64.0309,29.835,2.84965,1.38165,1.33847,0.431766,0.172706,0.0431766,0.172706,0.0431766,0.0431766,0.0431766,0.0863531,0,0,0,0,0.0431766,0,0,0.0431766,0
69156,69163,69160,4.1,-104.649,40.0491,630.05,7.43375,320.176,673.333,166.198,10543.3,0.190315,0.0648797,39.4245,35.561,34.3318,34.5513,34.5074,30.6,31.4781,28.6683,29.8537,29.9854,27.7025,24.9366,24.9805,163.273,63.7464,32.0927,3.11708,2.01952,1.09756,0.439025,0.17561,0.087805,0.219513,0,0.087805,0,0.17561,0,0.0439025,0.0439025,0.087805,0,0,0,0,0.0439025
69164,69172,69168,4,-104.648,40.0489,637.956,8.39444,320.125,635.766,157.901,9846.07,0.187068,0.0612272,34.5466,32.3923,31.1997,29.3531,30.3533,30.0071,31.3151,29.6224,29.8147,25.6214,25.7369,24.0442,22.6207,157.191,64.3999,31.9306,2.65447,1.23106,0.846354,0.269294,0.0384706,0.153883,0,0.0384706,0.0384706,0.0384706,0.192353,0.0384706,0,0,0,0.0384706,0,0.0384706,0,0
69173,69180,69176,3.9,-104.648,40.0487,646.023,9.3325,320.042,530.697,133.36,8273.76,0.186123,0.0525502,30.8531,26.6837,27.1999,23.7056,28.8677,22.9115,23.7454,22.2762,22.9512,20.6878,20.2908,20.8467,21.0452,131.116,54.4793,28.4706,1.86627,1.19124,0.595619,0.238248,0.19854,0,0.238248,0,0,0,0.119124,0,0.0397079,0.0397079,0,0,0,0.0397079,0,0
69181,69188,69184,3.8,-104.647,40.0486,653.811,10.2263,319.959,506.982,125.159,7944.89,0.190435,0.048496,28.6475,27.2714,26.229,25.6869,24.8529,24.4359,23.3934,22.2258,21.5586,22.4343,19.6404,19.2234,17.6806,124.723,49.2887,25.2282,2.00157,1.29268,0.458694,0.125098,0.0416994,0.125098,0.0416994,0.0833989,0.0416994,0,0.0416994,0.0416994,0,0.0416994,0.0416994,0,0,0.0416994,0.0416994,0
69189,69196,69192,3.7,-104.647,40.0484,661.604,11.0337,319.785,468.575,114.934,7034.09,0.183603,0.0446295,27.8814,25.1142,23.4371,23.3533,23.1017,22.4309,22.5567,20.1668,19.9572,19.7476,18.6575,17.4835,17.4835,114.964,45.7842,20.9215,2.76717,1.0901,0.628903,0.209634,0.0838538,0.251561,0.167708,0.125781,0.0419269,0,0.0838538,0,0,0.0838538,0,0,0,0,0,0
69197,69204,69200,3.6,-104.647,40.0482,669.309,11.9375,319.742,485.982,117.741,7071.03,0.180168,0.0448968,27.5341,27.0503,24.7191,23.9714,25.5988,22.1681,23.3996,21.6842,21.4203,17.7256,20.3647,18.5613,17.4178,120.517,46.5353,23.0917,1.84734,1.01164,0.659764,0.263905,0.175937,0.131953,0,0,0,0,0,0.0439842,0,0.0439842,0.0439842,0,0,0,0,0
69205,69212,69208,3.5,-104.646,40.0481,676.93,12.8537,319.733,439.179,107.294,6673.97,0.186607,0.0417416,26.8578,24.264,22.2978,23.1763,21.5866,19.9132,21.754,18.951,18.7,18.8674,17.194,16.9012,16.5665,104.084,42.2947,21.4611,2.04989,1.12953,0.251007,0.167338,0.292842,0.167338,0.0418345,0,0.0418345,0,0.0418345,0,0,0.0418345,0.0418345,0,0,0.0418345,0,0
69213,69221,69217,3.4,-104.646,40.048,684.888,13.8044,319.726,425.771,102.321,6161.69,0.180657,0.0390707,25.4659,23.5159,23.707,22.3687,21.7569,20.3039,19.348,19.3098,17.7038,16.3273,16.7861,17.3979,15.1419,103.432,38.8872,19.998,2.33247,0.879455,0.53532,0.114711,0.152949,0.0764743,0.0764743,0,0,0,0.0382372,0.0382372,0,0.0764743,0,0,0,0,0,0
69222,69230,69226,3.3,-104.646,40.0479,693.393,14.7689,319.671,442.468,108.012,6510.63,0.180831,0.0418703,26.8939,25.1251,21.84,20.4322,23.4645,19.8907,22.1649,19.2409,19.4936,17.7608,16.7139,16.9666,15.8837,106.926,44.6908,20.3961,1.94936,1.29957,0.541488,0.288794,0.108298,0.0721984,0.216595,0,0,0,0.0721984,0,0,0,0.0360992,0,0,0,0,0
69231,69238,69234,3.2,-104.646,40.0477,701.48,15.2325,319.127,1194.42,307.639,19252.5,0.187745,0.121491,51.2591,50.6318,53.6339,51.8864,55.695,54.9781,56.1431,56.1879,53.2754,50.4078,51.3487,51.6176,43.9108,314.186,125.011,62.4609,5.37683,2.19554,1.61305,0.448069,0.58249,0.403262,0.268842,0.313649,0,0,0.313649,0.0896139,0,0.0448069,0.0448069,0.0448069,0.0448069,0,0,0
69239,69247,69243,3.1,-104.646,40.0475,709.682,15.9544,318.865,1015.69,271.803,18031.8,0.199025,0.110442,43.2724,43.7689,42.1728,44.8685,43.4143,44.2655,43.7689,43.4852,45.6843,43.6271,44.6557,39.5126,41.96,270.133,113.856,56.0767,4.93021,2.09268,1.56064,0.496568,0.390161,0.354692,0.390161,0.0709383,0.106407,0.106407,0.177346,0.141877,0.0709383,0.0354692,0,0.0709383,0.106407,0,0.0354692,0.0354692
69248,69256,69252,3,-104.646,40.0472,718.14,16.8856,318.812,1018.4,275.774,18624.7,0.202608,0.114108,43.7144,43.5337,42.197,42.9196,46.7852,45.1233,45.015,44.7982,44.0034,41.619,43.6421,40.0294,39.1262,268.464,115.753,59.6466,4.44369,3.10697,1.91476,0.578041,0.433531,0.252893,0.433531,0.0722552,0.0722552,0.0722552,0.325148,0.0361276,0,0,0.0361276,0.14451,0,0.0361276,0,0.0722552
69257,69265,69261,2.9,-104.646,40.0472,726.454,17.74,318.703,1014.03,279.147,18559.2,0.199456,0.116896,41.9961,44.6301,42.8123,42.8494,45.6318,42.5897,42.4042,42.6268,43.6285,38.9169,40.104,41.1799,39.0653,271.787,119.607,61.8812,5.60195,2.15174,1.81785,0.667782,0.408089,0.408089,0.445188,0.111297,0.037099,0.0741981,0.148396,0.148396,0,0.111297,0,0.037099,0,0.0741981,0.037099,0.037099
69266,69274,69270,2.8,-104.647,40.0471,734.716,18.6256,318.64,990.565,275.938,17582.5,0.191157,0.117518,41.7042,41.5209,41.1911,39.0289,41.1545,40.7147,41.7408,44.1229,40.7147,39.6886,39.6519,39.1022,35.4742,266.423,121.594,63.0327,5.42374,3.99451,1.90564,0.806232,0.58635,0.219881,0.293175,0.0732938,0.0366469,0,0.146588,0.109941,0.0366469,0,0.0732938,0,0,0,0,0
69275,69283,69279,2.7,-104.647,40.047,743.253,19.4467,318.483,1013.17,298.931,20830.3,0.209048,0.132627,40.9237,38.0947,38.676,42.2801,38.831,39.8386,38.676,41.5438,43.5977,37.5134,39.0248,39.6061,37.7847,274.917,134.397,71.8878,6.54935,3.72034,2.2477,0.697563,0.620056,0.310028,0.465042,0.116261,0.0387535,0.116261,0.271275,0,0.0387535,0.0387535,0,0.077507,0.077507,0.155014,0,0.0387535
69284,69293,69288,2.6,-104.648,40.047,752.116,20.469,318.517,1003.87,290.339,19912.6,0.205752,0.127646,40.7451,40.7112,42.8094,40.2374,41.9972,40.5759,40.4067,42.8432,40.4405,38.0716,39.3914,39.0868,35.0259,269.953,126.059,70.1194,6.46371,3.7564,2.26737,0.812194,0.507621,0.406097,0.23689,0.0676828,0.0676828,0.101524,0.203049,0.0676828,0.0676828,0.101524,0,0.101524,0.135366,0.0338414,0,0
69294,69302,69298,2.5,-104.648,40.0469,761.132,21.4778,318.523,1008.92,294.927,20573,0.209269,0.129601,40.892,40.5574,37.9552,41.3381,41.2638,40.7061,41.2638,40.9292,38.5872,39.9255,39.2192,38.4385,36.5054,276.207,128.066,72.6763,6.87729,3.08549,1.67285,0.743491,0.371746,0.371746,0.223047,0.0743491,0.0743491,0.0743491,0.260222,0,0.0743491,0.0371746,0.111524,0.0743491,0.0743491,0.111524,0.0743491,0
69303,69310,69306,2.4,-104.648,40.0469,769.864,22.385,318.465,1006.01,299.149,20685.2,0.20744,0.133408,42.3388,40.0195,38.3327,37.911,39.6821,40.6099,40.7786,38.0375,39.5134,40.4412,36.4772,38.3749,36.182,272.124,135.029,74.599,7.12676,3.71097,1.93983,0.632553,0.337361,0.168681,0.590382,0.0843403,0,0.0843403,0.337361,0.168681,0.0843403,0,0.0421702,0.0421702,0.0421702,0.126511,0.0421702,0
69311,69318,69314,2.3,-104.649,40.0468,778.715,23.3612,318.477,963.573,281.525,19344.7,0.206142,0.123853,39.4625,39.8224,38.7028,37.1435,40.3421,36.7037,39.7824,37.3035,39.2626,36.9836,35.0245,39.4625,36.184,259.205,124.425,69.6091,6.71702,3.71835,1.39938,0.359841,0.319858,0.399823,0.399823,0,0,0.0799646,0.279876,0.0799646,0.0799646,0.0399823,0.0399823,0.0399823,0.0799646,0.0399823,0.0399823,0.0399823
69319,69325,69322,2.2,-104.649,40.0468,787.42,24.3786,318.555,1019.17,292.378,19330.4,0.198343,0.127311,41.5065,40.2575,42.2271,40.7379,41.1222,41.6987,43.3801,41.1702,43.332,37.8555,40.2575,38.3839,37.3751,275.509,128.171,72.8285,5.86087,3.02652,1.82552,0.624519,0.384319,0.384319,0.528439,0.14412,0.14412,0.0480399,0.0960799,0,0.0960799,0,0.0960799,0,0,0,0.0960799,0
69326,69332,69329,2.1,-104.649,40.0467,795.804,25.1443,318.411,938.792,277.409,19185.8,0.207482,0.123096,38.7296,35.7538,37.0418,35.0431,38.2854,35.4873,39.8843,37.6636,36.8197,36.5088,35.0431,37.5748,34.6878,254.14,123.162,69.4201,5.64066,3.02019,2.1319,0.799463,0.355317,0.310902,0.444146,0.0444146,0.0444146,0.0444146,0.222073,0.0888293,0.0444146,0.0444146,0.0444146,0,0.133244,0,0.0888293,0.0444146
69333,69340,69336,2,-104.649,40.0466,804.906,26.1313,318.426,962.721,284.575,20468.4,0.215779,0.126013,39.3822,38.5409,37.8198,36.4576,38.4207,39.3422,38.3406,36.698,38.7412,34.0939,36.3775,39.863,38.3406,258.729,127.522,70.231,5.5688,3.72589,1.84291,0.801266,0.320506,0.280443,0.400633,0,0.0400633,0.0400633,0.24038,0.0400633,0,0,0.12019,0.200317,0.0400633,0.0801266,0,0.0801266
69341,69348,69344,1.9,-104.649,40.0465,814.511,27.1837,318.465,981.207,287.291,19465.3,0.203264,0.126111,38.3595,39.8891,35.3809,37.7557,39.2853,39.7281,40.0903,39.3658,38.9633,37.957,38.8425,38.3193,36.4275,268.315,128.885,68.9103,6.80248,3.1396,2.13332,0.684273,0.523267,0.322011,0.241508,0,0.0805027,0.161005,0.241508,0.0402513,0.0402513,0.0805027,0.0805027,0,0.0402513,0.0402513,0.0402513,0.0402513
69366,69369,69368,1.6,-104.65,40.0465,839.347,30.28,318.998,1009.04,299.223,20836.5,0.208906,0.133868,41.0128,37.7092,37.4675,41.5768,41.738,42.0603,41.1739,40.1265,38.3538,40.6099,40.0459,40.3682,34.4862,265.334,134.722,77.9162,6.04314,3.86761,1.53093,0.644602,0.564026,0.564026,0.241726,0.0805752,0.0805752,0.16115,0.0805752,0,0,0.16115,0.0805752,0.0805752,0,0,0.16115,0
