api/data/B2SAP/Locations/Boulder/NOAA-POPS-B2SAP_GMLBalloon_20240221_R0.ict
82,1001
Thornberry, T. D.
NOAA Chemical Sciences Laboratory
Portable Optical Particle Spectrometer (POPS)
Balloon Baseline Stratospheric Aerosol Profiles (B2SAP)
1,1
2024,02,21,2024,05,28
0
TIME_START,s,Seconds since midnight UTC on flight start day,Start time of 100 m altitude bin in UTC_seconds_since_midnight
49
1.0,1.0,1.0,1.0,1.0,1.0,1.0,1.0,1.0,1.0,1.0,1.0,1.0,1.0,1.0,1.0,1.0,1.0,1.0,1.0,1.0,1.0,1.0,1.0,1.0,1.0,1.0,1.0,1.0,1.0,1.0,1.0,1.0,1.0,1.0,1.0,1.0,1.0,1.0,1.0,1.0,1.0,1.0,1.0,1.0,1.0,1.0,1.0,1.0
99999,99999,99999,99999,99999,99999,99999,99999,99999,99999,99999,99999,99999,99999,99999,99999,99999,99999,99999,99999,99999,99999,99999,99999,99999,99999,99999,99999,99999,99999,99999,99999,99999,99999,99999,99999,99999,99999,99999,99999,99999,99999,99999,99999,99999,99999,99999,99999,99999
TIME_STOP,s,End time of 100 m altitude bin in UTC seconds since midnight,
TIME_MID,s,Mid time of 100 m altitude in UTC seconds since midnight,
GPSAlt,km,GPS reported altitude above sea level (km),
GPS_Lon,deg,GPS reported longitude,
GPS_Lat,deg,GPS reported latitude,
iMet_Pressure,hPa,Pressure reported (hPa),
iMet_Temperature,degrees C,Ambient temperature (oC),
THETA,K,Potential temperature from iMet,
Aerosol_concentration,cm^-3,Aerosol concentration,
Surface_Area_Conc,um^2 cm^-3,Surface area concentration,
Volume_density,um^3 cm^-3,Volume density,
Effective_radius,um,Effective radius,
Extinction,km^-1,Extinction,
Bin01,cm^-3,particle concentration in size range [140 - 146.14 nm],
Bin02,cm^-3,particle concentration in size range [146.14 - 152.56 nm],
Bin03,cm^-3,particle concentration in size range [152.56 - 159.25 nm],
Bin04,cm^-3,particle concentration in size range [159.25 - 166.24 nm],
Bin05,cm^-3,particle concentration in size range [166.24 - 173.54 nm],
Bin06,cm^-3,particle concentration in size range [173.54 - 181.16 nm],
Bin07,cm^-3,particle concentration in size range [181.16 - 189.11 nm],
Bin08,cm^-3,particle concentration in size range [189.11 - 197.41 nm],
Bin09,cm^-3,particle concentration in size range [197.41 - 206.07 nm],
Bin10,cm^-3,particle concentration in size range [206.07 - 215.12 nm],
Bin11,cm^-3,particle concentration in size range [215.12 - 224.56 nm],
Bin12,cm^-3,particle concentration in size range [224.56 - 234.41 nm],
Bin13,cm^-3,particle concentration in size range [234.41 - 244.70 nm],
Bin14,cm^-3,particle concentration in size range [244.70 - 361.30 nm],
Bin15,cm^-3,particle concentration in size range [361.30 - 472.80 nm],
Bin16,cm^-3,particle concentration in size range [472.80 - 567.00 nm],
Bin17,cm^-3,particle concentration in size range [567.00 - 610.66 nm],
Bin18,cm^-3,particle concentration in size range [610.66 - 657.69 nm],
Bin19,cm^-3,particle concentration in size range [657.69 - 708.33 nm],
Bin20,cm^-3,particle concentration in size range [708.33 - 762.88 nm],
Bin21,cm^-3,particle concentration in size range [762.88 - 821.62 nm],
Bin22,cm^-3,particle concentration in size range [821.62 - 884.89 nm],
Bin23,cm^-3,particle concentration in size range [884.89 - 953.03 nm],
Bin24,cm^-3,particle concentration in size range [953.03 - 1026.42 nm],
Bin25,cm^-3,particle concentration in size range [1026.42 - 1105.46 nm],
Bin26,cm^-3,particle concentration in size range [1105.46 - 1190.59 nm]],
[...]
LOCATION: Boulder, CO, USA
ASSOCIATED_DATA: N/A
INSTRUMENT_INFO: Printed Optical Particle Spectrometer counts particles from 140 - 2500 nm in diameter 
DATA_INFO: Particle concentrations reported in number per cubic centimeter, binned to 100 m altitude
UNCERTAINTY: Counting uncertainty dominated by air flow, less than 5 percent
ULOD_FLAG: -77777
ULOD_VALUE: 3000 ~3000 per cm3 (varies depending on flow rate- manufacturer quotes 1250  per cm3 at 1.667 cc/s)
LLOD_FLAG: -88888
LLOD_VALUE: 0 0 (varies depending on data field and measurement precision)
DM_CONTACT_INFO: Troy Thornberry, 325 Broadway R/CSL6, Boulder, CO 80305; troy.thornberry@noaa.gov; 303-497-3373
PROJECT_INFO: B2SAP Boulder, CO, USA
STIPULATIONS_ON_USE: Please contact the PIs for questions regarding applications and uncertainties
OTHER_COMMENTS: POPS bin Edges (nm):  140, 146.14, 152.56, 159.25, 166.24, 173.54, 181.16, 189.11, 197.41, 206.07, 215.12, 224.56, 234.41, 244.70, 361.30, 472.80, 567.00, 610.66, 657.69, 708.33, 762.88, 821.62, 884.89, 953.03, 1026.42, 1105.46, 1190.59, 1282.27, 1381.01, 1487.36, 1601.89, 1725.25, 1858.10, 2001.18, 2155.28, 2321.25, 2500
Calculations assume sulfate refractive index of 1.45+0.00j and extinction wavelength = 532 nm
REVISION: R0
R0: QA/QC data
TIME_START,TIME_STOP,TIME_MID,GPSAlt,GPS_Lon,GPS_Lat,iMet_Pressure,iMet_Temperature,THETA,Aerosol_concentration,Surface_Area_Conc,Volume_density,Effective_radius,Extinction,Bin01,Bin02,Bin03,Bin04,Bin05,Bin06,Bin07,Bin08,Bin09,Bin10,Bin11,Bin12,Bin13,Bin14,Bin15,Bin16,Bin17,Bin18,Bin19,Bin20,Bin21,Bin22,Bin23,Bin24,Bin25,Bin26,Bin27,Bin28,Bin29,Bin30,Bin31,Bin32,Bin33,Bin34,Bin35,Bin36
[from data line 405]
67203,67227,67215,15,-103.34,40.5036,123.153,-54.3114,398.107,7.06834,1.58772,100.017,0.188982,0.000658669,0.453711,0.429831,0.644747,0.549229,0.644747,0.453711,0.405952,0.191036,0.358193,0.286554,0.262675,0.143277,0.0955181,1.12234,0.644747,0.262675,0,0.0238795,0.0716386,0,0,0,0.0238795,0,0,0,0,0,0,0,0,0,0,0,0,0
67231,67253,67242,14.9,-103.329,40.5075,125.13,-54.1557,396.58,7.28965,1.62884,109.45,0.201586,0.000731717,0.610147,0.674373,0.626204,0.529865,0.513808,0.594091,0.3693,0.305074,0.256904,0.176622,0.272961,0.176622,0.160565,1.14001,0.497752,0.112396,0.0802825,0.032113,0.0802825,0.032113,0,0.032113,0.0160565,0,0,0,0,0,0,0,0,0,0,0,0,0
67256,67275,67266,14.8,-103.318,40.5108,127.025,-53.535,396.001,6.92763,1.61544,107.37,0.199395,0.000757729,0.502002,0.468535,0.502002,0.468535,0.468535,0.502002,0.502002,0.234268,0.368135,0.267734,0.301201,0.200801,0.167334,1.1044,0.401601,0.133867,0.0334668,0.200801,0.0669336,0,0.0334668,0,0,0,0,0,0,0,0,0,0,0,0,0,0,0
67281,67304,67292,14.7,-103.307,40.5139,129.045,-54.2574,392.926,7.9665,1.68608,112.646,0.200427,0.00072573,0.706563,0.86554,0.635907,0.618243,0.724227,0.423938,0.423938,0.282625,0.353282,0.229633,0.300289,0.194305,0.158977,1.25415,0.423938,0.0883204,0.105984,0.0176641,0.0883204,0,0,0.0353282,0.0353282,0,0,0,0,0,0,0,0,0,0,0,0,0
67305,67327,67316,14.6,-103.297,40.517,130.954,-54.2233,391.339,7.40992,1.59207,104.857,0.197586,0.000680011,0.44571,0.807849,0.44571,0.557137,0.44571,0.557137,0.501423,0.334282,0.473567,0.194998,0.222855,0.362139,0.167141,1.14213,0.389996,0.167141,0.0278569,0,0.0557137,0.0278569,0.0278569,0.0557137,0,0,0,0,0,0,0,0,0,0,0,0,0,0
67331,67353,67342,14.5,-103.286,40.5205,133.02,-53.766,390.405,8.69846,1.82026,119.288,0.196601,0.000784122,0.782638,1.07333,0.82736,0.62611,0.737916,0.424861,0.4025,0.4025,0.313055,0.268333,0.313055,0.178889,0.111805,1.27458,0.581388,0.111805,0.0447222,0.0894443,0.0223611,0.0447222,0.0223611,0.0223611,0.0223611,0,0,0,0,0,0,0,0,0,0,0,0,0
67355,67379,67367,14.4,-103.276,40.5239,135.317,-53.5562,388.873,8.12961,1.70513,106.892,0.188066,0.000731772,0.833806,0.896341,0.792116,0.625354,0.458593,0.333522,0.416903,0.458593,0.291832,0.145916,0.354367,0.125071,0.333522,1.12564,0.458593,0.250142,0.0416903,0.0833806,0.0208451,0.0833806,0,0,0,0,0,0,0,0,0,0,0,0,0,0,0,0
67380,67405,67392,14.3,-103.266,40.5264,137.219,-53.7204,387.035,8.21824,1.9898,141.85,0.213866,0.00098555,0.784527,0.720221,0.643055,0.527305,0.565888,0.630194,0.360111,0.424416,0.308666,0.360111,0.192916,0.257222,0.205777,1.02889,0.565888,0.295805,0.0900276,0.0643055,0.0900276,0.0385833,0,0.0257222,0.0385833,0,0,0,0,0,0,0,0,0,0,0,0,0
67405,67430,67418,14.2,-103.255,40.529,139.351,-52.8432,386.874,8.82581,2.00317,140.041,0.20973,0.000946633,0.850681,0.863972,0.810805,0.677886,0.531675,0.558259,0.398757,0.345589,0.505092,0.21267,0.186086,0.345589,0.239254,1.24944,0.478508,0.265838,0.0797513,0.0398757,0.0132919,0.0398757,0.0664594,0.0531675,0.0132919,0,0,0,0,0,0,0,0,0,0,0,0,0
67431,67453,67442,14.1,-103.245,40.5318,141.348,-54.3462,382.679,9.66356,1.95951,125.203,0.191686,0.000772369,0.644237,0.850393,0.850393,0.901932,0.747315,0.463851,0.463851,0.438081,0.51539,0.463851,0.257695,0.335003,0.463851,1.41732,0.386542,0.309234,0.0257695,0,0.0257695,0,0.0257695,0.0257695,0.051539,0,0,0,0,0,0,0,0,0,0,0,0,0
67455,67481,67468,14,-103.232,40.5351,143.507,-53.3111,382.824,10.761,1.89534,108.324,0.171458,0.000661766,1.19567,1.12171,1.08473,0.838201,0.936813,0.530039,0.554692,0.70261,0.406774,0.345142,0.308162,0.320489,0.24653,1.36824,0.468407,0.123265,0.0616324,0.0616324,0.024653,0.024653,0.0123265,0.0123265,0.0123265,0,0,0,0,0,0,0,0,0,0,0,0,0
67482,67510,67496,13.9,-103.217,40.5387,145.774,-53.6861,380.465,11.1611,2.11925,131.321,0.185897,0.000837419,1.22149,1.05383,0.910129,0.993957,0.7784,0.706547,0.550868,0.730498,0.574818,0.431114,0.335311,0.371237,0.239508,1.34124,0.371237,0.299385,0.0838277,0.0359261,0.0239508,0.0598769,0,0.0119754,0.0359261,0,0,0,0,0,0,0,0,0,0,0,0,0
67510,67539,67524,13.8,-103.202,40.5428,148.174,-54.1167,377.953,12.7456,2.2651,132.504,0.175494,0.000813584,1.34046,1.39632,1.20642,0.960665,1.13939,0.670231,0.837789,0.670231,0.457991,0.547356,0.390968,0.390968,0.22341,1.57504,0.525015,0.145217,0.0781937,0.0558526,0.0446821,0.0335116,0.022341,0.0111705,0.022341,0,0,0,0,0,0,0,0,0,0,0,0,0
67540,67567,67554,13.7,-103.187,40.5475,150.582,-54.7839,375.065,13.1067,2.37123,137.498,0.173958,0.000836613,1.24578,1.20685,1.25876,0.973269,1.02518,0.739684,0.804569,0.778615,0.700754,0.493123,0.467169,0.363354,0.324423,1.77784,0.480146,0.246561,0.0648846,0.0259538,0.0389308,0.0129769,0.0389308,0.0259538,0.0129769,0,0,0,0,0,0,0,0,0,0,0,0,0
67568,67596,67582,13.6,-103.174,40.5522,152.747,-54.7235,373.643,14.0992,2.56424,156.093,0.18262,0.000942639,1.20135,1.63518,1.40158,1.00113,1.23472,0.800902,0.817588,0.850959,0.600677,0.533935,0.350395,0.36708,0.55062,1.76866,0.500564,0.166855,0.116798,0.0166855,0.0834273,0,0.0333709,0,0.0667419,0,0,0,0,0,0,0,0,0,0,0,0,0
67597,67625,67611,13.5,-103.159,40.5581,155.572,-55.0757,371.096,13.4887,2.46034,142.637,0.173924,0.000870567,1.04606,1.33969,1.32134,1.04606,1.02771,0.9543,0.86254,0.642317,0.715725,0.623965,0.367038,0.201871,0.367038,2.01871,0.47715,0.238575,0.0550558,0.0367038,0.0550558,0.0367038,0.0183519,0.0183519,0.0183519,0,0,0,0,0,0,0,0,0,0,0,0,0
67625,67647,67636,13.4,-103.147,40.5625,157.725,-55.5006,368.919,13.8848,2.12772,106.644,0.150363,0.000538648,1.10693,1.22725,1.5882,1.27538,1.15506,1.08287,0.866294,0.64972,0.601593,0.529402,0.625656,0.360956,0.433147,1.85291,0.360956,0.0962548,0,0,0,0,0,0.0721911,0,0,0,0,0,0,0,0,0,0,0,0,0,0
67653,67675,67664,13.3,-103.134,40.5674,160.331,-54.592,368.729,14.2726,2.43854,126.914,0.156135,0.000758211,1.49155,1.02865,1.31153,1.00294,1.31153,1.02865,0.951505,0.745774,0.77149,0.668625,0.56576,0.308596,0.308596,1.64585,0.642909,0.334313,0.102865,0.0257163,0.0257163,0,0,0,0,0,0,0,0,0,0,0,0,0,0,0,0,0
67677,67701,67689,13.2,-103.121,40.5723,163.014,-54.2537,367.55,14.4677,2.37828,128.471,0.162056,0.000733871,1.21896,1.67857,1.25893,1.57865,1.09906,0.959182,0.919216,0.659437,0.499574,0.67942,0.699403,0.379676,0.259778,1.71853,0.459608,0.239795,0.0399659,0.0599489,0,0.019983,0,0,0.0399659,0,0,0,0,0,0,0,0,0,0,0,0,0
67703,67726,67714,13.1,-103.109,40.5764,165.325,-54.4064,365.822,14.8733,2.58307,145.703,0.169221,0.000890468,1.37426,1.47864,1.44385,1.47864,1.11333,1.00895,0.939369,0.765412,0.661038,0.748016,0.417498,0.48708,0.295727,1.49603,0.591455,0.330519,0.104374,0.0695829,0.0347915,0,0,0,0.0347915,0,0,0,0,0,0,0,0,0,0,0,0,0
67727,67752,67740,13,-103.097,40.5806,167.783,-54.3333,364.404,14.4577,2.54283,141.183,0.166566,0.000807163,0.930985,1.11353,1.46037,1.18655,1.004,1.04051,0.821458,0.803203,0.930985,0.693675,0.693675,0.547638,0.310328,2.00801,0.492875,0.255565,0.0730185,0,0,0.0182546,0.0182546,0.0182546,0.0365092,0,0,0,0,0,0,0,0,0,0,0,0,0
67755,67784,67770,12.9,-103.084,40.5846,170.401,-53.7006,363.845,13.6211,2.25138,116.392,0.155095,0.000672864,1.33458,1.35576,1.038,1.27102,0.974452,0.889717,0.932084,0.529593,0.741431,0.656696,0.466042,0.423675,0.444858,1.80062,0.402491,0.148286,0.0847349,0.0211837,0.105919,0,0,0,0,0,0,0,0,0,0,0,0,0,0,0,0,0
67787,67812,67800,12.8,-103.068,40.589,173.514,-54.22,361.11,14.3734,2.26062,114.677,0.152184,0.000635844,1.50518,1.27198,1.58998,1.33558,1.16598,0.911588,0.890388,0.699591,0.76319,0.466394,0.487593,0.466394,0.339195,1.75958,0.317996,0.296796,0.0423994,0.0211997,0.0211997,0,0,0,0.0211997,0,0,0,0,0,0,0,0,0,0,0,0,0
67813,67841,67827,12.7,-103.055,40.5922,175.958,-53.855,360.27,14.5922,2.54005,143.906,0.169964,0.000866906,1.31139,1.45446,1.6452,1.0968,1.02527,1.14449,0.953741,0.691463,0.691463,0.524558,0.548401,0.381497,0.309966,1.78827,0.572245,0.214592,0.0476871,0.0238435,0.0953741,0.0238435,0.0238435,0,0.0238435,0,0,0,0,0,0,0,0,0,0,0,0,0
67844,67870,67857,12.6,-103.04,40.5956,178.656,-53.5105,359.271,15.8539,2.67929,138.303,0.154858,0.000787079,1.50512,1.7058,1.42484,1.04355,0.983344,1.10375,0.883002,0.622115,0.923139,0.68232,0.742525,0.401365,0.581979,2.24764,0.602047,0.240819,0.080273,0.0200682,0.0200682,0.0200682,0,0.0200682,0,0,0,0,0,0,0,0,0,0,0,0,0,0
67874,67904,67889,12.5,-103.024,40.5987,181.405,-54.422,356.221,15.8841,2.68987,148.995,0.166173,0.000902389,1.46031,1.7165,1.51155,1.07602,1.61403,1.20411,0.819823,0.666106,0.589248,0.794203,0.538009,0.666106,0.409911,1.92146,0.281814,0.384292,0.0256195,0.0768584,0.0512389,0.0256195,0.0256195,0.0256195,0,0,0,0,0,0,0,0,0,0,0,0,0,0
67906,67932,67919,12.4,-103.007,40.6019,184.162,-54.5068,354.555,15.6327,2.75606,154.794,0.168495,0.000923206,1.34454,1.3646,1.34454,1.42481,1.18399,0.943181,1.04352,1.00338,0.862911,0.441489,0.581963,0.421421,0.421421,2.30778,0.381286,0.341151,0.0602031,0.0401354,0.0200677,0.0401354,0.0200677,0.0200677,0.0200677,0,0,0,0,0,0,0,0,0,0,0,0,0
67938,67964,67951,12.3,-102.989,40.6059,187.092,-53.0871,355.249,16.3901,2.80145,160.498,0.171874,0.000937113,1.58665,1.76119,1.52319,1.57079,1.26932,0.87266,1.01546,0.967859,0.634662,0.634662,0.523596,0.523596,0.46013,2.12612,0.36493,0.317331,0.0951992,0.0158665,0.0158665,0.0158665,0.0158665,0.0317331,0.0475996,0,0,0,0,0,0,0,0,0,0,0,0,0
67970,67998,67984,12.2,-102.97,40.6105,190.217,-54.1245,351.905,15.9612,2.33916,105.129,0.134828,0.000524264,1.3992,1.9347,1.22646,1.34738,1.01917,1.26101,1.31283,0.967348,0.725511,0.725511,0.4664,0.621866,0.431852,1.8656,0.397303,0.207289,0.0345481,0.0172741,0,0,0,0,0,0,0,0,0,0,0,0,0,0,0,0,0,0
68000,68030,68015,12.1,-102.953,40.6143,192.96,-53.4714,351.513,16.3174,2.6766,145.816,0.163434,0.000820923,1.59702,1.71854,1.354,1.18041,1.38872,1.31928,1.18041,0.954743,0.694358,0.607563,0.433974,0.50341,0.416615,2.18723,0.312461,0.277743,0.0694358,0.0347179,0,0.017359,0.017359,0,0.0520769,0,0,0,0,0,0,0,0,0,0,0,0,0
68031,68063,68047,12,-102.937,40.6179,195.577,-53.1442,350.683,17.9694,2.61963,132.628,0.151886,0.000685677,2.13089,2.16269,1.65382,2.00367,1.14495,1.52661,0.858716,0.89052,0.826912,0.604282,0.540673,0.508869,0.540673,2.00367,0.286239,0.127217,0,0.0318043,0.0636086,0,0,0.0318043,0.0318043,0,0,0,0,0,0,0,0,0,0,0,0,0
68064,68095,68080,11.9,-102.915,40.623,199.16,-53.4292,348.42,17.0915,3.00466,174.322,0.174052,0.00103768,1.48156,1.92451,1.37465,1.51211,1.26773,1.11499,0.840063,0.977527,0.916432,0.748419,0.641502,0.641502,0.442942,2.12307,0.549859,0.213834,0.0916432,0.0152739,0.106917,0.0305477,0.0152739,0.0152739,0.0458216,0,0,0,0,0,0,0,0,0,0,0,0,0
68097,68126,68112,11.8,-102.897,40.6274,202.207,-53.4696,346.844,16.6993,2.77679,157.212,0.169849,0.00092282,2.00255,1.66314,1.56131,1.44252,1.2219,1.1031,0.899452,0.984306,0.746715,0.746715,0.610949,0.526095,0.390328,1.86679,0.42427,0.254562,0.0509124,0.0678832,0.0169708,0.0339416,0,0.0678832,0.0169708,0,0,0,0,0,0,0,0,0,0,0,0,0
68128,68158,68143,11.7,-102.88,40.6312,205.189,-52.4971,346.926,16.2658,2.51157,125.266,0.149627,0.000673325,1.80265,1.53016,1.46728,1.38343,1.27863,0.96421,1.38343,0.880366,0.628833,0.96421,0.3773,0.440183,0.419222,2.01226,0.3773,0.230572,0.0628833,0,0.0209611,0,0,0.0419222,0,0,0,0,0,0,0,0,0,0,0,0,0,0
68159,68191,68175,11.6,-102.861,40.6349,208.398,-52.3032,345.697,17.0567,2.72626,148.292,0.163182,0.000863269,1.95185,1.75842,1.82876,1.58258,1.24848,1.12539,0.91438,0.896796,0.720953,0.650616,0.720953,0.633032,0.422021,1.74084,0.316516,0.281348,0.12309,0.0351685,0.0175842,0.0351685,0,0.0351685,0.0175842,0,0,0,0,0,0,0,0,0,0,0,0,0
68193,68220,68206,11.5,-102.842,40.6386,211.707,-51.7236,345.047,17.232,2.72875,139.878,0.153783,0.000774776,1.37299,1.93014,1.65156,1.27349,1.33319,1.2337,1.174,0.975019,0.855629,0.776035,0.815832,0.517357,0.557154,1.91024,0.47756,0.159187,0.0795934,0.0198983,0.0795934,0.0198983,0,0,0.0198983,0,0,0,0,0,0,0,0,0,0,0,0,0
68222,68252,68237,11.4,-102.823,40.6425,215.072,-51.6893,343.549,16.412,2.53745,129.76,0.153414,0.000736077,2.08641,1.5607,1.74142,1.3307,1.46213,0.985707,0.804994,1.11713,0.755709,0.525711,0.476425,0.574996,0.443568,1.72499,0.377854,0.229998,0.0985707,0.0657138,0.0164285,0.0164285,0,0,0.0164285,0,0,0,0,0,0,0,0,0,0,0,0,0
68254,68282,68268,11.3,-102.805,40.6466,218.318,-52.0933,341.459,16.2794,2.30485,107.835,0.140358,0.00055006,1.95744,1.82694,1.72907,1.14184,1.3539,1.2234,1.06028,1.04397,0.668792,0.554608,0.521984,0.636168,0.375176,1.61489,0.309928,0.146808,0.032624,0.016312,0.032624,0.016312,0,0.016312,0,0,0,0,0,0,0,0,0,0,0,0,0,0
68285,68321,68303,11.2,-102.783,40.6518,221.707,-52.17,339.842,14.6067,2.20084,109.355,0.149064,0.000594694,1.66514,1.60392,1.48149,1.38354,1.02847,1.17539,0.759108,0.685646,0.771352,0.575453,0.453016,0.379554,0.342823,1.6529,0.342823,0.159168,0.0489747,0.036731,0.036731,0,0.0122437,0,0.0122437,0,0,0,0,0,0,0,0,0,0,0,0,0
68325,68361,68343,11.1,-102.758,40.6592,225.283,-53.424,336.37,14.6518,2.22914,114.054,0.153495,0.000644675,1.91884,1.79177,1.5122,1.23263,1.1818,0.825992,0.673501,0.88953,0.635379,0.533718,0.533718,0.343104,0.381227,1.44866,0.41935,0.127076,0.101661,0,0.0635379,0.0127076,0.0127076,0.0127076,0,0,0,0,0,0,0,0,0,0,0,0,0,0
68362,68401,68382,11,-102.732,40.668,228.856,-53.6628,334.498,13.4459,1.9394,92.4782,0.143052,0.000471493,1.4858,1.58403,1.53492,0.982347,1.1911,0.957788,0.675363,0.822715,0.638525,0.491173,0.442056,0.356101,0.331542,1.41212,0.331542,0.135073,0.0122793,0.0245587,0.0122793,0,0,0.0122793,0.0122793,0,0,0,0,0,0,0,0,0,0,0,0,0
68403,68448,68426,10.9,-102.704,40.6775,232.456,-53.3983,333.41,11.1745,1.60055,77.3317,0.144947,0.000400847,1.52869,1.29185,1.30261,0.861232,0.93659,0.667455,0.753578,0.484443,0.366024,0.39832,0.419851,0.312197,0.204543,1.23802,0.236839,0.0753578,0.0430616,0.0107654,0.0107654,0,0.0107654,0.0215308,0,0,0,0,0,0,0,0,0,0,0,0,0,0
68449,68488,68468,10.8,-102.675,40.687,236.035,-52.6895,333.03,10.7421,1.55475,77.3999,0.149349,0.000420274,1.28477,1.60597,1.14202,0.808932,0.84462,0.856516,0.571011,0.582907,0.39257,0.404466,0.333089,0.285505,0.166545,0.96358,0.297401,0.107064,0.0118961,0.0475842,0,0.0118961,0.0118961,0,0.0118961,0,0,0,0,0,0,0,0,0,0,0,0,0
68489,68525,68507,10.7,-102.646,40.6966,239.924,-52.1983,332.215,10.7923,1.51496,70.1873,0.138988,0.00036057,1.26791,1.69055,1.13206,0.98112,0.935838,0.573578,0.588672,0.437731,0.422636,0.332071,0.332071,0.196224,0.271695,1.25282,0.196224,0.120753,0.0150942,0.0150942,0.0150942,0,0.0150942,0,0,0,0,0,0,0,0,0,0,0,0,0,0,0
68525,68562,68544,10.6,-102.62,40.7054,243.521,-51.8203,331.372,9.88721,1.31805,59.2307,0.134814,0.000281616,1.29236,1.38019,1.1418,0.727739,0.978683,0.614814,0.627361,0.476794,0.31368,0.276039,0.31368,0.213303,0.22585,1.04142,0.138019,0.0878305,0,0.0250944,0,0,0,0,0.0125472,0,0,0,0,0,0,0,0,0,0,0,0,0
68564,68598,68581,10.5,-102.596,40.7135,246.87,-51.2422,330.945,9.18204,1.34766,66.6687,0.148409,0.000374237,1.36391,1.14471,1.26649,0.901155,0.535822,0.608889,0.267911,0.4384,0.340978,0.243555,0.243555,0.121778,0.243555,1.04729,0.194844,0.146133,0,0.0243555,0.0243555,0.0243555,0,0,0,0,0,0,0,0,0,0,0,0,0,0,0,0
68604,68633,68618,10.4,-102.566,40.7236,251.031,-50.8171,329.998,9.88123,1.24059,49.1662,0.118894,0.000202199,0.813013,1.43841,1.31333,1.06317,0.875552,0.687934,0.875552,0.312697,0.312697,0.375237,0.187618,0.187618,0.125079,1.12571,0.125079,0.0625395,0,0,0,0,0,0,0,0,0,0,0,0,0,0,0,0,0,0,0,0
68637,68669,68653,10.3,-102.537,40.7337,255.273,-50.5093,328.876,11.7185,1.93237,107.702,0.167207,0.000651716,1.39576,1.48299,1.16313,0.814192,0.988661,0.872348,0.523409,0.581566,0.494331,0.494331,0.290783,0.290783,0.348939,1.30852,0.261704,0.203548,0.0581566,0.0290783,0.0581566,0.0290783,0,0.0290783,0,0,0,0,0,0,0,0,0,0,0,0,0,0
