api/data/B2SAP/Locations/Boulder/NOAA-POPS-B2SAP_GMLBalloon_20240123_R0.ict
82,1001
Thornberry, T. D.
NOAA Chemical Sciences Laboratory
Portable Optical Particle Spectrometer (POPS)
Balloon Baseline Stratospheric Aerosol Profiles (B2SAP)
1,1
2024,01,23,2024,05,30
0
TIME_START,s,Seconds since midnight UTC on flight start day,Start time of 100 m altitude bin in UTC_seconds_since_midnight
49
1.0,1.0,1.0,1.0,1.0,1.0,1.0,1.0,1.0,1.0,1.0,1.0,1.0,1.0,1.0,1.0,1.0,1.0,1.0,1.0,1.0,1.0,1.0,1.0,1.0,1.0,1.0,1.0,1.0,1.0,1.0,1.0,1.0,1.0,1.0,1.0,1.0,1.0,1.0,1.0,1.0,1.0,1.0,1.0,1.0,1.0,1.0,1.0,1.0
99999,99999,99999,99999,99999,99999,99999,99999,99999,99999,99999,99999,99999,99999,99999,99999,99999,99999,99999,99999,99999,99999,99999,99999,99999,99999,99999,99999,99999,99999,99999,99999,99999,99999,99999,99999,99999,99999,99999,99999,99999,99999,99999,99999,99999,99999,99999,99999,99999
TIME_STOP,s,End time of 100 m altitude bin in UTC seconds since midnight,
TIME_MID,s,Mid time of 100 m altitude in UTC seconds since midnight,
GPSAlt,km,GPS reported altitude above sea level (km),
GPS_Lon,deg,GPS reported longitude,
GPS_Lat,deg,GPS reported latitude,
iMet_Pressure,hPa,Pressure reported (hPa),
iMet_Temperature,degrees C,Ambient temperature (oC),
THETA,K,Potential temperature from iMet,
Aerosol_concentration,cm^-3,Aerosol concentration,
Surface_Area_Conc,um^2 cm^-3,Surface area concentration,
Volume_density,um^3 cm^-3,Volume density,
Effective_radius,um,Effective radius,
Extinction,km^-1,Extinction,
Bin01,cm^-3,particle concentration in size range [140 - 146.14 nm],
Bin02,cm^-3,particle concentration in size range [146.14 - 152.56 nm],
Bin03,cm^-3,particle concentration in size range [152.56 - 159.25 nm],
Bin04,cm^-3,particle concentration in size range [159.25 - 166.24 nm],
Bin05,cm^-3,particle concentration in size range [166.24 - 173.54 nm],
Bin06,cm^-3,particle concentration in size range [173.54 - 181.16 nm],
Bin07,cm^-3,particle concentration in size range [181.16 - 189.11 nm],
Bin08,cm^-3,particle concentration in size range [189.11 - 197.41 nm],
Bin09,cm^-3,particle concentration in size range [197.41 - 206.07 nm],
Bin10,cm^-3,particle concentration in size range [206.07 - 215.12 nm],
Bin11,cm^-3,particle concentration in size range [215.12 - 224.56 nm],
Bin12,cm^-3,particle concentration in size range [224.56 - 234.41 nm],
Bin13,cm^-3,particle concentration in size range [234.41 - 244.70 nm],
Bin14,cm^-3,particle concentration in size range [244.70 - 361.30 nm],
Bin15,cm^-3,particle concentration in size range [361.30 - 472.80 nm],
Bin16,cm^-3,particle concentration in size range [472.80 - 567.00 nm],
Bin17,cm^-3,particle concentration in size range [567.00 - 610.66 nm],
Bin18,cm^-3,particle concentration in size range [610.66 - 657.69 nm],
Bin19,cm^-3,particle concentration in size range [657.69 - 708.33 nm],
Bin20,cm^-3,particle concentration in size range [708.33 - 762.88 nm],
Bin21,cm^-3,particle concentration in size range [762.88 - 821.62 nm],
Bin22,cm^-3,particle concentration in size range [821.62 - 884.89 nm],
Bin23,cm^-3,particle concentration in size range [884.89 - 953.03 nm],
Bin24,cm^-3,particle concentration in size range [953.03 - 1026.42 nm],
Bin25,cm^-3,particle concentration in size range [1026.42 - 1105.46 nm],
Bin26,cm^-3,particle concentration in size range [1105.46 - 1190.59 nm]],
[...]
LOCATION: Boulder, CO, USA
ASSOCIATED_DATA: N/A
INSTRUMENT_INFO: Printed Optical Particle Spectrometer counts particles from 140 - 2500 nm in diameter 
DATA_INFO: Particle concentrations reported in number per cubic centimeter, binned to 100 m altitude
UNCERTAINTY: Counting uncertainty dominated by air flow, less than 5 percent
ULOD_FLAG: -77777
ULOD_VALUE: 3000 ~3000 per cm3 (varies depending on flow rate- manufacturer quotes 1250  per cm3 at 1.667 cc/s)
LLOD_FLAG: -88888
LLOD_VALUE: 0 0 (varies depending on data field and measurement precision)
DM_CONTACT_INFO: Troy Thornberry, 325 Broadway R/CSL6, Boulder, CO 80305; troy.thornberry@noaa.gov; 303-497-3373
PROJECT_INFO: B2SAP Boulder, CO, USA
STIPULATIONS_ON_USE: Please contact the PIs for questions regarding applications and uncertainties
OTHER_COMMENTS: POPS bin Edges (nm):  140, 146.14, 152.56, 159.25, 166.24, 173.54, 181.16, 189.11, 197.41, 206.07, 215.12, 224.56, 234.41, 244.70, 361.30, 472.80, 567.00, 610.66, 657.69, 708.33, 762.88, 821.62, 884.89, 953.03, 1026.42, 1105.46, 1190.59, 1282.27, 1381.01, 1487.36, 1601.89, 1725.25, 1858.10, 2001.18, 2155.28, 2321.25, 2500
Calculations assume sulfate refractive index of 1.45+0.00j and extinction wavelength = 532 nm
REVISION: R0
R0: QA/QC data
TIME_START,TIME_STOP,TIME_MID,GPSAlt,GPS_Lon,GPS_Lat,iMet_Pressure,iMet_Temperature,THETA,Aerosol_concentration,Surface_Area_Conc,Volume_density,Effective_radius,Extinction,Bin01,Bin02,Bin03,Bin04,Bin05,Bin06,Bin07,Bin08,Bin09,Bin10,Bin11,Bin12,Bin13,Bin14,Bin15,Bin16,Bin17,Bin18,Bin19,Bin20,Bin21,Bin22,Bin23,Bin24,Bin25,Bin26,Bin27,Bin28,Bin29,Bin30,Bin31,Bin32,Bin33,Bin34,Bin35,Bin36
[from data line 416]
69397,69407,69402,10.6,-104.91,40.1498,240.865,-60.172,319.869,6.78069,1.19514,73.4144,0.184283,0.000447742,0.768478,0.813682,0.904091,0.858887,0.316432,0.180818,0.271227,0.180818,0.316432,0.271227,0.452046,0.135614,0.135614,0.723273,0.0904091,0.271227,0.0452046,0,0,0,0,0,0.0452046,0,0,0,0,0,0,0,0,0,0,0,0,0
69409,69419,69414,10.5,-104.909,40.1489,244.879,-59.76,318.978,7.61447,1.18425,54.7156,0.138608,0.000281843,1.06379,0.559887,0.727853,0.559887,0.615876,0.335932,0.391921,0.167966,0.279944,0.44791,0.335932,0.279944,0.391921,1.11977,0.167966,0.167966,0,0,0,0,0,0,0,0,0,0,0,0,0,0,0,0,0,0,0,0
69420,69431,69426,10.4,-104.908,40.1489,248.627,-58.9878,318.745,6.34621,0.991845,45.157,0.136585,0.00022561,0.769238,0.384619,0.576928,0.673083,0.384619,0.480774,0.192309,0.144232,0.384619,0.192309,0.384619,0.240387,0.240387,1.00962,0.192309,0.0961547,0,0,0,0,0,0,0,0,0,0,0,0,0,0,0,0,0,0,0,0
69433,69436,69434,10.3,-104.907,40.1482,251.548,-58.285,318.725,6.34323,1.10771,59.5801,0.16136,0.000367857,0.222569,0.890278,0.778993,0.445139,0.445139,0.445139,0.556424,0.333854,0.111285,0.222569,0.222569,0.111285,0.222569,0.890278,0.222569,0.111285,0,0.111285,0,0,0,0,0,0,0,0,0,0,0,0,0,0,0,0,0,0
69446,69456,69451,10.2,-104.905,40.1484,256.901,-57.05,318.635,7.06738,1.00455,48.1799,0.143886,0.000240524,0.626224,0.805145,0.581494,0.581494,0.536763,0.492033,0.894606,0.492033,0.268382,0.357842,0.223651,0.134191,0.0894606,0.805145,0.0894606,0.0447303,0,0,0,0,0.0447303,0,0,0,0,0,0,0,0,0,0,0,0,0,0,0
69458,69470,69464,10.1,-104.904,40.1484,260.933,-56.2422,318.409,5.03695,0.806978,38.8873,0.144566,0.000214277,0.391219,0.635731,0.293415,0.586829,0.391219,0.0978048,0.782439,0.0978048,0.244512,0.0489024,0.146707,0.293415,0,0.733536,0.146707,0.146707,0,0,0,0,0,0,0,0,0,0,0,0,0,0,0,0,0,0,0,0
69471,69483,69477,10,-104.903,40.1477,265.103,-55.5367,317.999,4.33813,0.556769,21.8377,0.117666,8.55314e-05,0.536174,0.536174,0.584917,0.243715,0.243715,0.438688,0.243715,0.243715,0.0974862,0.146229,0.194972,0.0487431,0.194972,0.487431,0.0974862,0,0,0,0,0,0,0,0,0,0,0,0,0,0,0,0,0,0,0,0,0
69484,69497,69490,9.9,-104.901,40.1477,268.691,-54.6313,318.098,5.16266,1.06257,69.4903,0.196195,0.000490064,0.69911,0.860443,0.322666,0.322666,0.268889,0.215111,0.268889,0.215111,0.376444,0.107555,0.161333,0,0.215111,0.591555,0.161333,0.215111,0,0.0537777,0.0537777,0.0537777,0,0,0,0,0,0,0,0,0,0,0,0,0,0,0,0
69498,69510,69504,9.8,-104.9,40.1483,273.512,-53.55,318.049,5.78478,0.994214,53.9695,0.162851,0.000334757,0.583339,0.534728,0.583339,0.680562,0.388893,0.388893,0.388893,0.194446,0.243058,0.29167,0.29167,0,0.145835,0.583339,0.243058,0.194446,0,0,0.0486116,0,0,0,0,0,0,0,0,0,0,0,0,0,0,0,0,0
69512,69523,69518,9.7,-104.9,40.1488,277.636,-52.6167,318.038,5.80144,0.972471,47.9398,0.147891,0.000269907,0.191783,1.00686,0.575349,0.287675,0.383566,0.383566,0.431512,0.431512,0.0958916,0.287675,0.0958916,0.383566,0.0479458,0.719187,0.33562,0.143837,0,0,0,0,0,0,0,0,0,0,0,0,0,0,0,0,0,0,0,0
69527,69537,69532,9.6,-104.9,40.1484,282.576,-51.9175,317.447,5.63038,0.929915,43.3828,0.139957,0.000222259,0.321736,0.965208,0.160868,0.375358,0.375358,0.321736,0.268113,0.428981,0.268113,0.321736,0.160868,0.160868,0.214491,0.911585,0.321736,0.0536226,0,0,0,0,0,0,0,0,0,0,0,0,0,0,0,0,0,0,0,0
69539,69550,69544,9.5,-104.899,40.1479,286.162,-51.1611,317.383,5.33768,0.729977,34.0904,0.140102,0.000184414,0.630817,0.630817,0.679341,0.824914,0.145573,0.533768,0.242622,0.291146,0.339671,0.0485244,0.194098,0.0970488,0.0485244,0.388195,0.145573,0.0485244,0,0.0485244,0,0,0,0,0,0,0,0,0,0,0,0,0,0,0,0,0,0
69551,69564,69558,9.4,-104.899,40.1482,290.746,-50.255,317.237,4.96894,0.717334,30.6519,0.128191,0.000138436,0.467165,0.637044,0.594574,0.382226,0.297287,0.467165,0.254817,0.127409,0.127409,0.339757,0,0.254817,0.0424696,0.764452,0.212348,0,0,0,0,0,0,0,0,0,0,0,0,0,0,0,0,0,0,0,0,0
69565,69578,69572,9.3,-104.899,40.1473,295.589,-49.24,317.178,5.124,0.792854,45.5233,0.172251,0.000225449,0.56411,0.611119,0.376074,0.423083,0.470092,0.56411,0.235046,0.329064,0.235046,0.188037,0.0940184,0.0940184,0.0470092,0.752147,0.0940184,0,0,0,0,0,0,0,0.0470092,0,0,0,0,0,0,0,0,0,0,0,0,0
69581,69592,69586,9.2,-104.898,40.1463,300.392,-48.512,316.75,4.59171,0.76074,36.4151,0.143604,0.000193251,0.252755,0.463384,0.505509,0.379132,0.421258,0.210629,0.252755,0.252755,0.210629,0.126377,0.0842516,0.168503,0.126377,0.926767,0.126377,0.0421258,0.0421258,0,0,0,0,0,0,0,0,0,0,0,0,0,0,0,0,0,0,0
69593,69606,69600,9.1,-104.897,40.1456,304.507,-47.6575,316.723,6.18967,0.94744,44.0753,0.139561,0.000231745,0.668203,0.703371,0.597866,0.422023,0.422023,0.49236,0.316517,0.316517,0.316517,0.175843,0.316517,0.175843,0.140674,0.808877,0.175843,0.140674,0,0,0,0,0,0,0,0,0,0,0,0,0,0,0,0,0,0,0,0
69607,69620,69614,9,-104.896,40.1454,309.316,-46.5918,316.796,5.46383,0.887621,43.6227,0.147437,0.00024453,0.493262,0.569148,0.531205,0.417376,0.493262,0.341489,0.417376,0.265603,0.265603,0.189716,0.151773,0.189716,0.0758865,0.645035,0.303546,0.0758865,0.0379432,0,0,0,0,0,0,0,0,0,0,0,0,0,0,0,0,0,0,0
69621,69633,69627,8.9,-104.895,40.1455,313.742,-45.7311,316.712,4.18541,0.790221,43.006,0.163268,0.000258964,0.279028,0.60456,0.232523,0.232523,0.0930092,0.232523,0.0930092,0.186018,0.372037,0.139514,0.232523,0.232523,0.372037,0.51155,0.232523,0.0930092,0,0,0.0465046,0,0,0,0,0,0,0,0,0,0,0,0,0,0,0,0,0
69636,69645,69640,8.8,-104.896,40.1448,318.562,-44.8087,316.613,5.13826,1.05785,61.6783,0.174915,0.000405668,0.524312,0.471881,0.262156,0.209725,0.471881,0.262156,0.471881,0.0524312,0.209725,0.157294,0.104862,0.157294,0.314587,0.996193,0.209725,0.104862,0.0524312,0.104862,0,0,0,0,0,0,0,0,0,0,0,0,0,0,0,0,0,0
69648,69661,69654,8.7,-104.895,40.1443,323.028,-43.96,316.53,4.81676,0.76805,37.4729,0.146369,0.000207746,0.454411,0.908823,0.318088,0.40897,0.136323,0.454411,0.181765,0.272647,0.0908823,0.318088,0.136323,0.136323,0,0.681617,0.227206,0.0454411,0.0454411,0,0,0,0,0,0,0,0,0,0,0,0,0,0,0,0,0,0,0
69663,69676,69670,8.6,-104.894,40.1444,328.181,-43.1117,316.27,5.81383,1.20207,68.7464,0.171569,0.000441652,0.239393,0.34199,0.649781,0.547184,0.512985,0.307791,0.444587,0.273592,0.205194,0.136796,0.239393,0.102597,0.136796,0.923373,0.512985,0.136796,0.068398,0,0.034199,0,0,0,0,0,0,0,0,0,0,0,0,0,0,0,0,0
69677,69689,69683,8.5,-104.893,40.1445,332.62,-42.5409,315.836,10.5557,1.97125,113.554,0.172815,0.000689409,0.666676,1.22224,1.00001,0.666676,0.592601,0.518526,0.444451,1.07409,0.370376,0.481489,0.444451,0.481489,0.185188,1.59262,0.481489,0.185188,0,0.0370376,0,0.0740752,0,0.0370376,0,0,0,0,0,0,0,0,0,0,0,0,0,0
69692,69706,69699,8.4,-104.894,40.1446,338.237,-41.6767,315.508,14.3779,2.32352,108.991,0.140723,0.000565577,1.31949,1.86549,1.59249,0.909995,1.13749,0.727996,0.500497,0.454997,0.500497,0.591497,0.454997,0.409498,0.363998,2.86648,0.454997,0.181999,0.0454997,0,0,0,0,0,0,0,0,0,0,0,0,0,0,0,0,0,0,0
69708,69721,69714,8.3,-104.894,40.1447,343.054,-40.8771,315.322,17.338,3.18389,163.119,0.153697,0.000930834,1.33369,1.21772,1.56564,0.927786,1.33369,1.27571,0.985773,0.579866,1.04376,0.52188,0.69584,0.811813,0.463893,3.07329,1.15973,0.231947,0.0579866,0,0.0579866,0,0,0,0,0,0,0,0,0,0,0,0,0,0,0,0,0
69722,69734,69728,8.2,-104.895,40.1446,347.966,-40.1422,315.038,15.7436,2.94242,157.989,0.161081,0.000961634,1.08889,1.13427,1.5426,1.49723,0.907412,1.13427,0.816671,0.453706,1.08889,0.589818,0.680559,0.453706,0.362965,2.6315,0.771301,0.408336,0.0907412,0.0453706,0.0453706,0,0,0,0,0,0,0,0,0,0,0,0,0,0,0,0,0
69743,69751,69747,8.1,-104.895,40.1446,354.31,-39.0583,314.873,11.1361,1.98093,105.973,0.16049,0.000652952,1.07986,1.28233,1.14735,0.404948,0.809896,0.944878,0.472439,0.809896,0.607422,0.472439,0.134983,0.337456,0.472439,0.944878,0.877387,0.202474,0.0674913,0.0674913,0,0,0,0,0,0,0,0,0,0,0,0,0,0,0,0,0,0
69752,69766,69759,8,-104.896,40.1444,358.698,-38.5462,314.455,8.43992,1.18679,55.6069,0.140565,0.000300594,0.682641,1.79969,0.930873,1.11705,0.620582,0.465437,0.403378,0.34132,0.155146,0.310291,0.217204,0.0620582,0.0930873,0.744699,0.372349,0.0620582,0.0310291,0.0310291,0,0,0,0,0,0,0,0,0,0,0,0,0,0,0,0,0,0
69767,69779,69773,7.9,-104.896,40.1439,363.11,-37.7687,314.393,6.15958,0.956375,53.8293,0.168854,0.000304285,0.656349,1.00977,0.858302,0.504884,0.454395,0.151465,0.403907,0.30293,0.30293,0.100977,0.252442,0.151465,0.151465,0.504884,0.201954,0.100977,0,0,0,0,0,0.0504884,0,0,0,0,0,0,0,0,0,0,0,0,0,0
69782,69794,69788,7.8,-104.895,40.1434,369.07,-36.859,314.146,6.82353,0.930069,41.5038,0.133873,0.000195042,0.515732,1.19015,0.674419,0.634747,0.47606,0.277702,0.396717,0.396717,0.357045,0.317374,0.317374,0.198358,0.158687,0.753762,0.119015,0,0,0,0,0.0396717,0,0,0,0,0,0,0,0,0,0,0,0,0,0,0,0
69797,69809,69803,7.7,-104.895,40.1435,374.541,-36.0182,313.941,8.20031,1.10689,48.2559,0.130788,0.00022632,0.692471,1.42139,0.765362,0.984037,0.619579,0.546687,0.43735,0.291567,0.218675,0.43735,0.0728917,0.328012,0.218675,0.947592,0.145783,0.0364458,0,0,0.0364458,0,0,0,0,0,0,0,0,0,0,0,0,0,0,0,0,0
69810,69819,69814,7.6,-104.895,40.143,378.788,-35.444,313.689,6.99782,0.90942,38.426,0.12676,0.000179573,0.804347,1.04565,1.04565,0.643478,0.643478,0.482608,0.482608,0.0804347,0.160869,0.241304,0.241304,0.0804347,0.0804347,0.723912,0.160869,0.0804347,0,0,0,0,0,0,0,0,0,0,0,0,0,0,0,0,0,0,0,0
69824,69838,69831,7.5,-104.893,40.1433,384.927,-34.6017,313.356,7.38727,0.98553,42.2049,0.128474,0.000200067,0.653741,1.30748,1.24211,0.653741,0.32687,0.196122,0.719115,0.32687,0.196122,0.392244,0.130748,0.196122,0,0.719115,0.261496,0.0653741,0,0,0,0,0,0,0,0,0,0,0,0,0,0,0,0,0,0,0,0
69839,69852,69846,7.4,-104.894,40.1436,390.407,-33.8089,313.134,8.17321,1.26527,62.4437,0.148057,0.000357985,1.10449,1.06031,0.88359,0.662693,0.662693,0.574334,0.397616,0.176718,0.441795,0.0441795,0.220898,0.353436,0.309257,0.662693,0.397616,0.176718,0.0441795,0,0,0,0,0,0,0,0,0,0,0,0,0,0,0,0,0,0,0
69854,69867,69860,7.3,-104.893,40.1432,396.066,-33.0757,312.803,7.18493,0.804639,30.7282,0.114567,0.000124543,0.987243,1.6454,0.767856,0.713009,0.548468,0.493621,0.329081,0.383928,0.219387,0.274234,0.0548468,0.16454,0.0548468,0.383928,0.109694,0.0548468,0,0,0,0,0,0,0,0,0,0,0,0,0,0,0,0,0,0,0,0
69868,69881,69874,7.2,-104.893,40.1433,401.814,-32.1943,312.661,7.08606,1.09358,60.1516,0.165013,0.000329568,1.12477,1.06853,0.618624,0.506147,0.449909,0.281193,0.39367,0.39367,0.168716,0.281193,0.224954,0.337432,0.112477,0.843579,0.112477,0.112477,0,0,0,0,0,0.0562386,0,0,0,0,0,0,0,0,0,0,0,0,0,0
69882,69886,69884,7.1,-104.893,40.1431,406.14,-31.53,312.567,6.7502,0.807514,31.6947,0.117749,0.000130872,0.649058,0.908681,1.55774,0.519246,0.649058,0.519246,0.259623,0.259623,0.129812,0.129812,0.389435,0,0.129812,0.389435,0.259623,0,0,0,0,0,0,0,0,0,0,0,0,0,0,0,0,0,0,0,0,0
69898,69905,69902,7,-104.893,40.1434,413.495,-30.525,312.259,8.50817,1.34535,74.1625,0.165375,0.000448381,1.16021,1.40191,1.20855,0.725128,0.435077,0.580103,0.241709,0.435077,0.145026,0.193368,0.145026,0.386735,0.0966838,0.725128,0.483419,0,0,0,0.0966838,0.0483419,0,0,0,0,0,0,0,0,0,0,0,0,0,0,0,0
69909,69921,69915,6.9,-104.892,40.1433,419.492,-29.72,312.01,8.32892,1.10316,45.7437,0.124398,0.000201779,1.28798,1.20211,0.987449,0.729854,0.558123,0.214663,0.558123,0.300528,0.386393,0.128798,0.214663,0.214663,0.257595,1.03038,0.214663,0.0429326,0,0,0,0,0,0,0,0,0,0,0,0,0,0,0,0,0,0,0,0
69926,69933,69930,6.8,-104.892,40.1434,425.863,-28.805,311.836,9.13954,1.28234,57.2856,0.134018,0.000288535,0.571221,1.71366,1.52326,0.761628,0.666425,0.190407,0.285611,0.761628,0.190407,0.666425,0.190407,0.0952035,0.285611,0.666425,0.476018,0.0952035,0,0,0,0,0,0,0,0,0,0,0,0,0,0,0,0,0,0,0,0
69935,69942,69938,6.7,-104.891,40.1432,429.163,-28.335,311.75,9.08327,1.20856,53.0701,0.131735,0.000265782,0.966306,1.44946,1.2562,0.966306,0.579783,0.579783,0,0.386522,0.579783,0.386522,0.386522,0.289892,0.386522,0.483153,0.193261,0.193261,0,0,0,0,0,0,0,0,0,0,0,0,0,0,0,0,0,0,0,0
69953,69961,69957,6.6,-104.891,40.1435,437.916,-27.172,311.425,9.02627,1.49047,83.9463,0.168966,0.000528674,1.38866,1.23436,0.925772,0.540033,1.08007,0.617181,0.462886,0.231443,0.231443,0.308591,0.154295,0.0771476,0.231443,0.848624,0.385738,0.154295,0,0,0.154295,0,0,0,0,0,0,0,0,0,0,0,0,0,0,0,0,0
69963,69975,69969,6.5,-104.891,40.1433,442.946,-26.835,310.838,7.98577,1.18563,55.9004,0.141445,0.000303865,1.0042,1.09984,1.14766,0.621647,0.621647,0.334733,0.334733,0.286914,0.191276,0.334733,0.382552,0.191276,0.095638,0.860742,0.286914,0.191276,0,0,0,0,0,0,0,0,0,0,0,0,0,0,0,0,0,0,0,0
69977,69989,69983,6.4,-104.89,40.1435,448.886,-26.0529,310.641,10.7433,1.5829,72.6227,0.137639,0.00037778,0.868142,1.51925,1.73628,0.48833,0.868142,0.542588,0.651106,0.705365,0.434071,0.271294,0.434071,0.217035,0.162777,1.30221,0.325553,0.217035,0,0,0,0,0,0,0,0,0,0,0,0,0,0,0,0,0,0,0,0
69993,70000,69996,6.3,-104.89,40.1434,454.704,-25.4271,310.282,10.4467,1.73023,95.3819,0.16538,0.000612613,0.924972,1.84994,1.41466,1.03379,0.435281,0.707332,0.707332,0.489691,0.16323,0.326461,0.326461,0.272051,0.16323,0.707332,0.435281,0.380871,0,0.0544101,0.0544101,0,0,0,0,0,0,0,0,0,0,0,0,0,0,0,0,0
70006,70018,70012,6.2,-104.89,40.144,461.557,-24.4911,310.126,12.0607,1.80083,86.4238,0.143973,0.000471698,1.26511,1.93983,1.1386,1.18077,0.843406,0.674725,0.801236,0.716895,0.337363,0.295192,0.548214,0.168681,0.253022,1.09643,0.590384,0.168681,0,0,0.0421703,0,0,0,0,0,0,0,0,0,0,0,0,0,0,0,0,0
70021,70031,70026,6.1,-104.889,40.1442,468.434,-23.64,309.876,13.0347,2.04489,104.075,0.152686,0.000599158,1.38464,1.81436,1.43239,1.00267,0.90718,0.811687,0.811687,0.477463,0.477463,0.381971,0.572956,0.52521,0.381971,1.2414,0.477463,0.190985,0.0477463,0,0.0954926,0,0,0,0,0,0,0,0,0,0,0,0,0,0,0,0,0
70037,70047,70042,6,-104.889,40.1447,475.021,-22.8938,309.567,12.4221,2.01605,117.286,0.174528,0.000699421,1.34418,2.13214,1.57593,1.06607,1.01972,0.602562,0.695264,0.370808,0.324457,0.324457,0.278106,0.417159,0.185404,1.39053,0.370808,0.046351,0.046351,0.0927019,0.0927019,0,0,0,0.046351,0,0,0,0,0,0,0,0,0,0,0,0,0
70050,70063,70056,5.9,-104.888,40.1451,480.919,-22.2278,309.298,12.1522,1.83519,86.2214,0.140947,0.000456529,1.29013,1.66468,1.20689,0.998808,0.873957,0.790723,0.957191,0.541021,0.499404,0.124851,0.374553,0.291319,0.291319,1.58145,0.499404,0.083234,0.041617,0.041617,0,0,0,0,0,0,0,0,0,0,0,0,0,0,0,0,0,0
70067,70081,70074,5.8,-104.887,40.1456,487.96,-21.236,309.232,11.0693,1.70018,77.9747,0.137588,0.000396098,0.625178,1.32391,1.28713,1.14003,0.809054,0.809054,0.661953,0.478077,0.478077,0.330977,0.294201,0.220651,0.404527,1.65488,0.404527,0.110326,0.0367752,0,0,0,0,0,0,0,0,0,0,0,0,0,0,0,0,0,0,0
70082,70096,70089,5.7,-104.886,40.1464,494.069,-20.8455,308.614,11.6767,1.87485,90.9374,0.145512,0.000499868,1.09576,1.16425,1.43819,1.02728,0.821821,0.616366,0.650608,0.41091,0.753336,0.308183,0.41091,0.308183,0.27394,1.67788,0.479396,0.171213,0.0342425,0.0342425,0,0,0,0,0,0,0,0,0,0,0,0,0,0,0,0,0,0
70099,70115,70107,5.6,-104.884,40.1475,501.888,-20.441,307.725,13.5927,2.41267,127.601,0.158663,0.000780987,0.861247,2.02206,1.57271,1.16081,1.01103,0.674019,0.524237,0.674019,0.599128,0.486792,0.374455,0.187228,0.299564,1.87228,0.74891,0.449346,0.0374455,0.0374455,0,0,0,0,0,0,0,0,0,0,0,0,0,0,0,0,0,0
70116,70131,70124,5.5,-104.883,40.1481,507.858,-20.21,306.968,14.2245,2.36533,120.768,0.153173,0.000705842,1.26712,1.962,1.4715,1.308,0.899249,0.899249,0.776624,0.449624,0.653999,0.490499,0.449624,0.327,0.490499,1.635,0.735749,0.327,0.0408749,0,0.0408749,0,0,0,0,0,0,0,0,0,0,0,0,0,0,0,0,0
70132,70148,70140,5.4,-104.883,40.1491,514.872,-19.6136,306.487,17.923,3.04048,169.215,0.166962,0.00100622,1.53919,2.08645,2.18906,1.57339,1.36817,1.06033,1.06033,0.820899,0.684083,0.957716,0.547266,0.41045,0.342041,2.01804,0.58147,0.478858,0.136817,0,0,0,0,0.0342041,0.0342041,0,0,0,0,0,0,0,0,0,0,0,0,0
