api/data/B2SAP/Locations/Boulder/NOAA-POPS-B2SAP_GMLBalloon_20210418_R0.ict
61,1001
Thornberry, T. D.
NOAA Chemical Sciences Laboratory
Portable Optical Particle Spectrometer (POPS)
Balloon Baseline Stratospheric Aerosol Profiles (B2SAP)
1,1
2021,04,18,2024,05,28
0
TIME_START,s,Seconds since midnight UTC on flight start day,Start time of 100 m altitude bin in UTC_seconds_since_midnight
28
1.0,1.0,1.0,1.0,1.0,1.0,1.0,1.0,1.0,1.0,1.0,1.0,1.0,1.0,1.0,1.0,1.0,1.0,1.0,1.0,1.0,1.0,1.0,1.0,1.0,1.0,1.0,1.0
99999,99999,99999,99999,99999,99999,99999,99999,99999,99999,99999,99999,99999,99999,99999,99999,99999,99999,99999,99999,99999,99999,99999,99999,99999,99999,99999,99999
TIME_STOP,s,End time of 100 m altitude bin in UTC seconds since midnight,
TIME_MID,s,Mid time of 100 m altitude in UTC seconds since midnight,
GPSAlt,m,GPS reported altitude above sea level (m),
GPS_Lon,deg,GPS reported longitude,
GPS_Lat,deg,GPS reported latitude,
iMet_Pressure,mb,Pressure reported (mB),
iMet_Temperature,degrees C,Ambient temperature (oC),
THETA,K,Potential temperature from iMet,
Aerosol_concentration,cm^-3,Aerosol concentration,
Surface_Area_Conc,um^2 cm^-3,Surface area concentration,
Volume_density,um^3 cm^-3,Volume density,
Effective_radius,um,Effective radius,
Extinction,km^-1,Extinction,
Bin01,cm^-3,particle concentration in size range [140 - 170 nm],
Bin02,cm^-3,particle concentration in size range [170 - 205 nm],
Bin03,cm^-3,particle concentration in size range [205 - 249 nm],
Bin04,cm^-3,particle concentration in size range [249 - 302 nm],
Bin05,cm^-3,particle concentration in size range [302 - 366 nm],
Bin06,cm^-3,particle concentration in size range [366 - 443 nm],
Bin07,cm^-3,particle concentration in size range [443 - 537 nm],
Bin08,cm^-3,particle concentration in size range [537 - 651 nm],
Bin09,cm^-3,particle concentration in size range [651 - 789 nm],
Bin10,cm^-3,particle concentration in size range [789 - 956 nm],
Bin11,cm^-3,particle concentration in size range [956 - 1159 nm],
Bin12,cm^-3,particle concentration in size range [1159 - 1404 nm],
Bin13,cm^-3,particle concentration in size range [1404 - 1702 nm],
Bin14,cm^-3,particle concentration in size range [1702 - 2062 nm],
Bin15,cm^-3,particle concentration in size range [2062 - 2500 nm],
0
19
PI_CONTACT_INFO: 325 Broadway R/CSL6, Boulder, CO 80305; troy.thornberry@noaa.gov; 303-497-3373 
PLATFORM: GML ECC/FPH balloon
LOCATION: Boulder, CO, USA
ASSOCIATED_DATA: N/A
INSTRUMENT_INFO: Printed Optical Particle Spectrometer counts particles from 140 - 2500 nm in diameter 
DATA_INFO: Particle concentrations reported in number per cubic centimeter, binned to 100 m altitude
UNCERTAINTY: Counting uncertainty dominated by air flow, less than 5 percent
ULOD_FLAG: -77777
ULOD_VALUE: 3000 ~3000 per cm3 (varies depending on flow rate- manufacturer quotes 1250  per cm3 at 1.667 cc/s)
LLOD_FLAG: -88888
LLOD_VALUE: 0 0 (varies depending on data field and measurement precision)
DM_CONTACT_INFO: Troy Thornberry, 325 Broadway R/CSL6, Boulder, CO 80305; troy.thornberry@noaa.gov; 303-497-3373
PROJECT_INFO: B2SAP Boulder, CO, USA
STIPULATIONS_ON_USE: Please contact the PIs for questions regarding applications and uncertainties
OTHER_COMMENTS: POPS bin Edges (nm):  140, 170, 205, 249, 302, 366, 443, 537, 651, 789, 956, 1159, 1404, 1702, 2062, 2500
Calculations assume sulfate refractive index of 1.45+0.00j and extinction wavelength = 532 nm
REVISION: R0
R0: QA/QC data
TIME_START,TIME_STOP,TIME_MID,GPSAlt,GPS_Lon,GPS_Lat,iMet_Pressure,iMet_Temperature,THETA,Aerosol_concentration,Surface_Area_Conc,Volume_density,Effective_radius,Extinction,Bin01,Bin02,Bin03,Bin04,Bin05,Bin06,Bin07,Bin08,Bin09,Bin10,Bin11,Bin12,Bin13,Bin14,Bin15
[from data line 69]
63189,63209,63199,8.7,-105.208,39.831,323.56,-45.9024,313.696,33.4697,6.06668,391.603,0.193649,0.00193912,12.195,7.8499,5.67734,3.4433,2.25454,1.0043,0.471404,0.307437,0.102479,0.0819833,0,0.0409917,0.0409917,0,0
63210,63231,63220,8.8,-105.208,39.828,319.236,-46.69,313.812,30.2198,5.30557,360.15,0.203644,0.00154816,10.8434,8.16689,4.78118,3.31708,1.5556,0.754922,0.434652,0.114382,0.0915058,0.0228764,0.0686293,0.0457529,0.0228764,0,0
63232,63254,63243,8.9,-105.208,39.8242,314.172,-47.3995,314.27,24.6191,4.43719,326.172,0.220526,0.00144922,9.24779,5.89443,3.99905,2.74934,1.49964,0.541537,0.312425,0.12497,0.12497,0.0624851,0.0208284,0,0.0208284,0.0208284,0
63255,63273,63264,9,-105.209,39.8204,309.754,-47.7647,315.03,27.0292,4.43025,350.745,0.237512,0.00128107,11.7409,6.49982,3.6161,2.65486,1.30454,0.617941,0.411961,0.0228867,0.0915468,0.0228867,0,0,0.0228867,0,0.0228867
63275,63298,63286,9.1,-105.21,39.8161,304.77,-47.7957,316.447,28.2382,4.09085,200.054,0.146709,0.000959495,11.8498,7.34915,4.15882,2.41174,1.31031,0.683642,0.284851,0.0949503,0.0759602,0,0,0.0189901,0,0,0
63299,63320,63310,9.2,-105.211,39.8114,300.503,-48.2024,317.147,30.3948,4.77025,352.273,0.221544,0.00129255,13.2106,7.36464,4.53529,2.5381,1.62272,0.56171,0.374473,0.0624122,0.0208041,0.0624122,0,0,0.0208041,0,0.0208041
63321,63346,63334,9.3,-105.212,39.8061,295.349,-49.0646,317.507,31.9572,4.97424,275.458,0.166131,0.00125049,12.4418,8.47464,5.30087,2.51538,1.73882,0.827206,0.371399,0.202581,0.0168818,0,0.0337635,0.0337635,0,0,0
63347,63368,63358,9.4,-105.213,39.8012,291.28,-49.6732,317.899,32.0293,5.01869,274.141,0.163872,0.00136424,12.8396,8.24121,4.87705,2.88642,1.65222,0.75644,0.477751,0.139344,0.0796252,0.0398126,0.0199063,0.0199063,0,0,0
63369,63385,63377,9.5,-105.214,39.7976,287.066,-50.2488,318.4,31.76,4.63355,223.312,0.144584,0.00104603,12.4873,8.61725,4.87623,3.01862,1.52221,0.645004,0.438603,0.103201,0.0258002,0,0.0258002,0,0,0,0
63386,63405,63396,9.6,-105.215,39.7943,282.617,-50.77,319.073,28.9151,4.54655,241.371,0.159267,0.00120769,11.4321,7.41352,3.99545,3.18712,1.4088,0.762138,0.415712,0.230951,0.0230951,0.0230951,0,0,0.0230951,0,0
63406,63432,63419,9.7,-105.216,39.7899,277.676,-51.5327,319.595,44.4403,8.61584,734.306,0.255682,0.00279637,14.9944,11.0762,7.75161,5.19036,2.90049,1.17037,0.729364,0.237467,0.152658,0.0508858,0.0169619,0.0678478,0.0678478,0,0.0339239
63433,63458,63446,9.8,-105.217,39.7852,273.809,-52.1835,319.933,53.9274,9.94738,732.849,0.221018,0.00306203,17.8794,14.0007,9.22039,5.90309,3.81064,1.68417,0.731507,0.340236,0.153106,0.0340236,0.0680471,0.0340236,0.0340236,0.0170118,0.0170118
63459,63483,63471,9.9,-105.218,39.7811,269.148,-52.8052,320.598,53.6568,9.82412,720.384,0.219984,0.00300538,18.5585,13.1043,9.17302,6.12715,3.54171,1.59377,0.920843,0.336462,0.12396,0.0177085,0.0531256,0.0354171,0.0354171,0.0177085,0.0177085
63484,63511,63498,10,-105.219,39.7774,265.461,-53.2104,321.27,46.9297,8.30132,510.769,0.184586,0.00259371,17.0956,11.3126,7.87442,4.72149,3.10541,1.20414,0.966479,0.36441,0.0792196,0.110907,0.0316878,0.0316878,0.0316878,0,0
63512,63541,63526,10.1,-105.219,39.7729,261.281,-53.6257,322.13,53.7369,9.82664,618.169,0.188722,0.00298913,17.358,13.7943,9.08731,6.0879,4.15759,1.60364,0.980004,0.311819,0.133637,0.0890913,0.0148485,0.0445456,0.0742427,0,0
63542,63571,63556,10.2,-105.22,39.7683,257.155,-54.3903,322.467,50.0954,9.32964,689.486,0.221708,0.00291317,16.2383,12.6018,8.90585,5.72943,3.48812,1.58821,0.920271,0.371077,0.0890585,0.0445293,0.0296862,0.0445293,0.0148431,0,0.0296862
63572,63601,63586,10.3,-105.221,39.7636,253.141,-54.6659,323.508,47.604,8.40042,529.668,0.189158,0.00249743,15.9193,12.3509,7.73661,5.87551,3.10695,1.32276,0.738285,0.276857,0.0922856,0.0922856,0.0153809,0.0461428,0.0153809,0.0153809,0
63602,63629,63616,10.4,-105.222,39.7594,249.266,-55.0961,324.3,49.341,9.10091,648.664,0.213824,0.00284864,16.9224,12.5967,8.04921,5.46649,3.40666,1.37851,0.90316,0.301053,0.0792245,0.0792245,0.0316898,0.0633796,0.0316898,0.0316898,0
63630,63657,63644,10.5,-105.221,39.7554,245.382,-55.6011,325.008,45.3231,7.68153,466.614,0.182235,0.00223836,16.439,11.2789,7.55651,4.88857,2.73185,1.15025,0.718907,0.33549,0.143781,0.0159757,0.0159757,0,0.0319514,0.0159757,0
63658,63687,63672,10.6,-105.221,39.7513,241.443,-55.7647,326.265,40.648,6.93559,441.998,0.191187,0.00205837,14.9222,10.5798,6.56576,3.95438,2.40247,1.13409,0.581965,0.268599,0.119377,0.0447665,0.0149222,0,0.0447665,0.0149222,0
63688,63718,63703,10.7,-105.22,39.747,237.648,-55.1342,328.691,39.8192,7.47082,566.226,0.227375,0.0023843,14.671,9.54687,6.4266,4.17944,2.49049,1.10211,0.873102,0.27195,0.0715657,0.0143131,0.0429394,0.0429394,0.0572526,0.0286263,0
63719,63749,63734,10.8,-105.218,39.7422,233.994,-55.0881,330.227,36.8977,6.54821,401.533,0.183958,0.00198366,13.5516,8.51815,6.0086,4.04397,2.43785,1.19025,0.673995,0.243785,0.114723,0.0286806,0.0143403,0.043021,0.0286806,0,0
63750,63783,63766,10.9,-105.216,39.7373,230.308,-54.4032,332.771,33.9562,6.02187,365.119,0.181896,0.00192329,11.8108,8.70272,5.40035,3.36712,2.46059,1.07489,0.686375,0.25901,0.103604,0.0647524,0.0129505,0,0,0.0129505,0
63784,63816,63800,11,-105.213,39.7327,226.744,-51.8409,338.168,26.4917,3.70075,169.712,0.137576,0.000879199,12.3601,6.266,3.55602,2.14154,0.965017,0.687409,0.317266,0.145413,0.0528776,0,0,0,0,0,0
63817,63847,63832,11.1,-105.209,39.7288,223.281,-50.5613,341.619,26.0249,4.2175,271.73,0.193287,0.00131033,11.7722,6.29249,3.23734,2.1302,1.09313,0.65868,0.448463,0.266275,0.0700723,0.0140145,0.0140145,0.0140145,0,0.0140145,0
63848,63868,63858,11.2,-105.206,39.7257,220.27,-49.811,344.112,23.9233,3.6555,182.908,0.150109,0.00105638,11.0084,5.71946,2.74698,1.88599,1.00449,0.840495,0.409997,0.245998,0.0614996,0,0,0,0,0,0
63869,63896,63882,11.3,-105.204,39.7234,216.685,-49.2418,346.606,23.786,3.6235,189.835,0.15717,0.00100589,10.6536,5.66552,3.12528,1.95522,1.10847,0.754377,0.246327,0.153954,0.0923727,0.0153954,0.0153954,0,0,0,0
63897,63917,63907,11.4,-105.202,39.7216,213.419,-48.961,348.547,19.8334,3.27511,187.28,0.171548,0.00103398,8.74154,4.35015,2.70081,1.8349,0.968992,0.536038,0.350486,0.247402,0.0618505,0.0206168,0,0.0206168,0,0,0
63918,63942,63930,11.5,-105.199,39.7209,209.905,-47.9364,351.804,15.8522,2.91413,169.723,0.174724,0.000988798,6.14572,3.49227,2.17411,1.54071,1.02714,0.890188,0.325261,0.136952,0.102714,0,0.017119,0,0,0,0
63943,63973,63958,11.6,-105.195,39.7203,206.862,-47.7345,353.599,14.5392,2.75566,162.018,0.176384,0.00105097,5.66641,3.15108,2.03162,1.5479,0.704847,0.704847,0.290231,0.331693,0.0967437,0.0138205,0,0,0,0,0
63974,64002,63988,11.7,-105.19,39.7199,203.67,-47.6207,355.349,14.4346,2.32435,123.982,0.160021,0.000728516,6.72031,2.93736,1.91373,1.11263,0.756591,0.489559,0.326373,0.118681,0.0296703,0.0296703,0,0,0,0,0
64003,64029,64016,11.8,-105.186,39.7194,200.63,-48.1096,356.101,14.1515,2.48987,142.465,0.171654,0.000879937,5.915,3.13241,1.70136,1.57415,0.810928,0.413414,0.28621,0.206707,0.0795027,0.0318011,0,0,0,0,0
64030,64060,64045,11.9,-105.181,39.7181,197.59,-48.339,357.296,10.8528,1.70914,87.7975,0.154109,0.000512789,4.94337,2.45914,1.3174,0.840624,0.552051,0.426585,0.188199,0.0627331,0.0627331,0,0,0,0,0,0
64061,64085,64073,12,-105.177,39.7166,194.762,-48.4988,358.521,8.74788,1.47674,84.2699,0.171194,0.00052692,4.0794,1.87034,1.13399,0.559629,0.412358,0.338723,0.161998,0.117817,0.0589083,0.0147271,0,0,0,0,0
64086,64102,64094,12.1,-105.173,39.7157,191.977,-48.7676,359.564,9.01868,1.48352,84.9294,0.171745,0.000543301,4.272,2.22231,0.776728,0.798304,0.388364,0.15103,0.172606,0.129455,0.107879,0,0,0,0,0,0
64103,64137,64120,12.2,-105.167,39.7144,188.817,-48.8357,361.16,8.08851,1.23903,63.6784,0.154182,0.000366903,3.94947,1.81149,0.758297,0.631914,0.452872,0.252766,0.115851,0.0947872,0.0105319,0.0105319,0,0,0,0,0
64138,64164,64151,12.3,-105.16,39.7126,186.148,-47.4508,364.875,7.62706,1.22399,75.9426,0.186136,0.000427974,4.0659,1.59832,0.771118,0.448651,0.210305,0.238346,0.140203,0.0701017,0.0701017,0,0.0140203,0,0,0,0
64165,64183,64174,12.4,-105.155,39.711,183.233,-47.9858,365.658,7.03772,1.01614,53.0006,0.156476,0.000318001,4.02156,1.25674,0.754042,0.425357,0.135341,0.193344,0.17401,0.0193344,0.0580032,0,0,0,0,0,0
64184,64219,64202,12.5,-105.148,39.7082,180.34,-48.0681,367.185,6.951,1.03153,55.8137,0.162323,0.000339986,3.93414,1.33516,0.621717,0.407683,0.24461,0.152881,0.101921,0.122305,0.0203842,0.0101921,0,0,0,0,0
64220,64252,64236,12.6,-105.141,39.7042,177.573,-48.2387,368.527,7.09229,1.32648,112.907,0.255353,0.000533153,4.00868,1.39948,0.593001,0.36766,0.22534,0.18976,0.0830201,0.0948801,0.0593001,0.02372,0.02372,0.01186,0.01186,0,0
64253,64283,64268,12.7,-105.135,39.7004,174.999,-48.6376,369.423,7.24953,1.06786,63.6872,0.17892,0.000342749,4.29132,1.47276,0.495152,0.330101,0.215835,0.241228,0.0761772,0.063481,0.0507848,0,0.0126962,0,0,0,0
64284,64309,64296,12.8,-105.13,39.6965,172.513,-48.8419,370.594,7.55782,0.993536,49.666,0.149967,0.000286991,4.50373,1.5763,0.675559,0.267409,0.23926,0.112593,0.0281483,0.112593,0.0422224,0,0,0,0,0,0
64310,64334,64322,12.9,-105.126,39.6929,169.814,-48.6174,372.636,8.73038,1.11597,49.4039,0.132809,0.000254287,4.9728,1.85481,0.751516,0.52766,0.239846,0.207866,0.111928,0.0639588,0,0,0,0,0,0,0
64336,64357,64346,13,-105.122,39.6902,167.34,-49.0948,373.406,9.24141,1.2268,62.8457,0.153682,0.00035981,5.38642,2.27075,0.52808,0.387259,0.281643,0.123219,0.105616,0.123219,0.0176027,0.0176027,0,0,0,0,0
64358,64384,64371,13.1,-105.118,39.6879,164.659,-49.5126,374.441,9.63674,1.13122,48.0005,0.127298,0.000233874,5.91035,2.02017,0.764387,0.423143,0.204747,0.150147,0.109198,0.0409493,0.0136498,0,0,0,0,0,0
64385,64410,64398,13.2,-105.114,39.6863,162.067,-49.8376,375.591,13.0361,1.47439,64.9031,0.132061,0.000297664,7.96401,2.87713,1.2606,0.444917,0.26695,0.0444917,0.0741528,0.0741528,0,0.0296611,0,0,0,0,0
64411,64437,64424,13.3,-105.11,39.685,159.55,-49.7046,377.494,21.1259,2.21189,83.015,0.112594,0.000327461,12.8148,5.25662,1.79009,0.653526,0.284142,0.156278,0.0852425,0.0568283,0.0284142,0,0,0,0,0,0
64438,64459,64448,13.4,-105.105,39.6838,157.19,-50.4057,377.925,19.7573,2.32931,119.061,0.153343,0.000551408,12.0093,5.03617,1.3735,0.633924,0.228917,0.140872,0.158481,0.052827,0.070436,0.035218,0.017609,0,0,0,0
64460,64484,64472,13.5,-105.101,39.6831,154.858,-50.856,378.772,14.8273,1.68947,79.7233,0.141565,0.000330734,9.22816,3.54018,0.977623,0.473999,0.222187,0.192562,0.103687,0.0444374,0.0296249,0,0,0.0148125,0,0,0
64486,64513,64500,13.6,-105.095,39.6822,152.327,-51.4396,379.555,14.4823,1.79672,130.741,0.2183,0.00041679,9.12205,3.33465,1.00591,0.564961,0.165354,0.0964567,0.0964567,0.0275591,0.0275591,0,0.0137795,0.0137795,0,0.0137795,0
64514,64539,64526,13.7,-105.09,39.6805,149.983,-51.9062,380.442,14.7363,1.55606,62.2356,0.119987,0.000266734,9.65859,3.24541,0.947225,0.341622,0.217396,0.155283,0.124226,0.0310566,0,0.0155283,0,0,0,0,0
64540,64562,64551,13.8,-105.085,39.6787,147.863,-52.2509,381.402,14.1693,1.56732,70.7873,0.135494,0.000273105,9.01412,3.1052,0.994869,0.497434,0.301475,0.105516,0.0904426,0.0301475,0.0150738,0,0.0150738,0,0,0,0
64563,64588,64576,13.9,-105.082,39.6768,145.397,-52.9631,381.999,16.2322,1.81874,85.9214,0.141727,0.000375505,9.82242,4.4075,1.08298,0.415564,0.1763,0.100743,0.100743,0.0503714,0.0503714,0.0125928,0.0125928,0,0,0,0
64589,64614,64602,14,-105.078,39.6743,143.18,-53.4504,382.825,15.8733,1.67308,66.2147,0.11873,0.000276322,10.2894,3.33778,1.2799,0.489373,0.163124,0.175673,0.0627402,0.0501922,0.012548,0.012548,0,0,0,0,0
64615,64641,64628,14.1,-105.074,39.6718,140.967,-53.6772,384.148,13.8522,1.56588,67.8692,0.130027,0.000319369,8.30083,3.40413,1.16526,0.497526,0.157114,0.144021,0.0785568,0.0523712,0.0392784,0.0130928,0,0,0,0,0
64642,64666,64654,14.2,-105.071,39.6696,138.847,-53.2728,386.52,13.5875,1.52943,77.307,0.151638,0.000278066,8.53291,3.23078,1.00311,0.312656,0.286602,0.0521094,0.104219,0.0260547,0.0130273,0,0.0130273,0.0130273,0,0,0
64667,64692,64680,14.3,-105.068,39.6679,136.665,-53.372,388.093,13.3103,1.53288,72.9498,0.14277,0.000322391,8.5856,2.82697,0.889971,0.353371,0.314107,0.143966,0.0916146,0.065439,0.0261756,0,0.0130878,0,0,0,0
64693,64718,64706,14.4,-105.064,39.6665,134.547,-53.9668,388.781,12.4631,1.28087,47.979,0.112375,0.00019037,7.9454,3.02056,0.735442,0.40712,0.131329,0.144462,0.0131329,0.0525316,0.0131329,0,0,0,0,0,0
64719,64746,64732,14.5,-105.061,39.665,132.461,-54.4704,389.623,12.2636,1.35217,62.6473,0.138993,0.000250929,7.83173,2.80485,0.898524,0.315697,0.157849,0.121422,0.0242844,0.0849955,0.0121422,0,0,0.0121422,0,0,0
64747,64772,64760,14.6,-105.057,39.6633,130.375,-55.1035,390.255,12.2329,1.39954,70.4649,0.151046,0.000306582,7.97359,2.61138,0.849333,0.367622,0.139443,0.139443,0.0253532,0.0887363,0,0.0253532,0.0126766,0,0,0,0
64773,64799,64786,14.7,-105.053,39.6622,128.378,-55.3523,391.535,11.8444,1.35094,61.3909,0.136329,0.000298898,7.36476,2.73331,0.936412,0.366972,0.164505,0.0759253,0.101234,0.0632711,0.0126542,0.0253084,0,0,0,0,0
64800,64825,64812,14.8,-105.049,39.6611,126.364,-55.6465,392.782,10.3672,1.20111,59.4227,0.148419,0.000234646,6.02212,2.80778,0.825818,0.343032,0.139754,0.101639,0.0762294,0.0127049,0.0127049,0.0127049,0,0.0127049,0,0,0
64826,64854,64840,14.9,-105.045,39.6596,124.383,-55.7276,394.406,9.87748,1.09467,43.2963,0.118656,0.000187588,5.96978,2.1874,0.92281,0.42153,0.159498,0.102534,0.0683563,0.0341781,0.0113927,0,0,0,0,0,0
64855,64879,64867,15,-105.04,39.6584,122.476,-56.1768,395.329,8.69979,0.972079,41.2492,0.127302,0.000182304,5.38937,1.86708,0.715051,0.436976,0.105934,0.0926918,0.0529668,0.0132417,0.0132417,0.0132417,0,0,0,0,0
64880,64903,64892,15.1,-105.036,39.6577,120.631,-56.8004,395.916,8.50241,0.990919,44.3877,0.134384,0.000213898,5.14292,2.00463,0.580652,0.373276,0.207376,0.0691253,0.0553002,0.0414752,0.0138251,0.0138251,0,0,0,0,0
64904,64922,64913,15.2,-105.033,39.6576,118.637,-57.1884,397.086,7.99593,0.99333,52.9194,0.159824,0.000216521,4.72407,1.92462,0.699862,0.192462,0.157469,0.157469,0.104979,0.0174966,0,0,0.0174966,0,0,0,0
64923,64944,64934,15.3,-105.03,39.6577,116.726,-58.0182,397.399,8.12231,0.933611,39.0273,0.125408,0.000185614,4.99484,1.79146,0.607275,0.273274,0.24291,0.0910913,0.0759094,0.0303638,0.0151819,0,0,0,0,0,0
64945,64967,64956,15.4,-105.027,39.6577,114.932,-58.8165,397.687,7.3254,0.934055,53.9492,0.173274,0.000243447,4.66558,1.32264,0.654054,0.348829,0.174414,0.0145345,0.0290691,0.0581381,0.0436036,0,0,0.0145345,0,0,0
64968,64989,64978,15.5,-105.023,39.6578,113.124,-59.7205,397.801,7.16883,0.811411,32.5969,0.12052,0.000146433,4.12848,1.80821,0.640074,0.320037,0.0800093,0.0960112,0.0480056,0.0480056,0,0,0,0,0,0,0
64990,65014,65002,15.6,-105.019,39.6576,111.18,-60.3271,398.641,8.22496,1.02433,43.0168,0.125985,0.000205131,4.49274,1.80273,0.901365,0.521102,0.197174,0.154922,0.140838,0.0140838,0,0,0,0,0,0,0
65015,65038,65026,15.7,-105.015,39.657,109.449,-60.6725,399.788,6.61605,0.961242,57.1344,0.178314,0.000251517,3.32918,1.59406,0.846403,0.324454,0.211601,0.12696,0.112854,0.0564268,0,0,0,0,0.0141067,0,0
65039,65065,65052,15.8,-105.01,39.6559,107.71,-60.5046,401.934,5.90511,0.856501,50.002,0.175138,0.000244273,3.25621,1.29215,0.516858,0.284272,0.297194,0.116293,0.0646073,0.0387644,0.0258429,0,0.0129215,0,0,0,0
65066,65092,65079,15.9,-105.004,39.6537,105.951,-60.0741,404.647,6.36839,0.899076,52.1253,0.17393,0.000226715,3.40808,1.52991,0.559722,0.360709,0.199012,0.174136,0.0746295,0.049753,0,0,0,0,0.0124383,0,0
65093,65119,65106,16,-105,39.6513,104.282,-60.6142,405.46,5.85158,0.825738,41.0209,0.149033,0.000235228,3.2681,1.20132,0.477944,0.34877,0.219596,0.193761,0.064587,0.0516696,0.0258348,0,0,0,0,0,0
65120,65145,65132,16.1,-104.996,39.649,102.652,-60.2404,408.001,5.78299,0.79853,40.4907,0.152119,0.000231884,2.9304,1.543,0.570519,0.337125,0.181529,0.0648318,0.0648318,0.0388991,0.0518654,0,0,0,0,0,0
