api/data/B2SAP/Locations/Boulder/NOAA-POPS-B2SAP_GMLBalloon_20240123_R0.ict
82,1001
Thornberry, T. D.
NOAA Chemical Sciences Laboratory
Portable Optical Particle Spectrometer (POPS)
Balloon Baseline Stratospheric Aerosol Profiles (B2SAP)
1,1
2024,01,23,2024,05,30
0
TIME_START,s,Seconds since midnight UTC on flight start day,Start time of 100 m altitude bin in UTC_seconds_since_midnight
49
1.0,1.0,1.0,1.0,1.0,1.0,1.0,1.0,1.0,1.0,1.0,1.0,1.0,1.0,1.0,1.0,1.0,1.0,1.0,1.0,1.0,1.0,1.0,1.0,1.0,1.0,1.0,1.0,1.0,1.0,1.0,1.0,1.0,1.0,1.0,1.0,1.0,1.0,1.0,1.0,1.0,1.0,1.0,1.0,1.0,1.0,1.0,1.0,1.0
99999,99999,99999,99999,99999,99999,99999,99999,99999,99999,99999,99999,99999,99999,99999,99999,99999,99999,99999,99999,99999,99999,99999,99999,99999,99999,99999,99999,99999,99999,99999,99999,99999,99999,99999,99999,99999,99999,99999,99999,99999,99999,99999,99999,99999,99999,99999,99999,99999
TIME_STOP,s,End time of 100 m altitude bin in UTC seconds since midnight,
TIME_MID,s,Mid time of 100 m altitude in UTC seconds since midnight,
GPSAlt,km,GPS reported altitude above sea level (km),
GPS_Lon,deg,GPS reported longitude,
GPS_Lat,deg,GPS reported latitude,
iMet_Pressure,hPa,Pressure reported (hPa),
iMet_Temperature,degrees C,Ambient temperature (oC),
THETA,K,Potential temperature from iMet,
Aerosol_concentration,cm^-3,Aerosol concentration,
Surface_Area_Conc,um^2 cm^-3,Surface area concentration,
Volume_density,um^3 cm^-3,Volume density,
Effective_radius,um,Effective radius,
Extinction,km^-1,Extinction,
Bin01,cm^-3,particle concentration in size range [140 - 146.14 nm],
Bin02,cm^-3,particle concentration in size range [146.14 - 152.56 nm],
Bin03,cm^-3,particle concentration in size range [152.56 - 159.25 nm],
Bin04,cm^-3,particle concentration in size range [159.25 - 166.24 nm],
Bin05,cm^-3,particle concentration in size range [166.24 - 173.54 nm],
Bin06,cm^-3,particle concentration in size range [173.54 - 181.16 nm],
Bin07,cm^-3,particle concentration in size range [181.16 - 189.11 nm],
Bin08,cm^-3,particle concentration in size range [189.11 - 197.41 nm],
Bin09,cm^-3,particle concentration in size range [197.41 - 206.07 nm],
Bin10,cm^-3,particle concentration in size range [206.07 - 215.12 nm],
Bin11,cm^-3,particle concentration in size range [215.12 - 224.56 nm],
Bin12,cm^-3,particle concentration in size range [224.56 - 234.41 nm],
Bin13,cm^-3,particle concentration in size range [234.41 - 244.70 nm],
Bin14,cm^-3,particle concentration in size range [244.70 - 361.30 nm],
Bin15,cm^-3,particle concentration in size range [361.30 - 472.80 nm],
Bin16,cm^-3,particle concentration in size range [472.80 - 567.00 nm],
Bin17,cm^-3,particle concentration in size range [567.00 - 610.66 nm],
Bin18,cm^-3,particle concentration in size range [610.66 - 657.69 nm],
Bin19,cm^-3,particle concentration in size range [657.69 - 708.33 nm],
Bin20,cm^-3,particle concentration in size range [708.33 - 762.88 nm],
Bin21,cm^-3,particle concentration in size range [762.88 - 821.62 nm],
Bin22,cm^-3,particle concentration in size range [821.62 - 884.89 nm],
Bin23,cm^-3,particle concentration in size range [884.89 - 953.03 nm],
Bin24,cm^-3,particle concentration in size range [953.03 - 1026.42 nm],
Bin25,cm^-3,particle concentration in size range [1026.42 - 1105.46 nm],
Bin26,cm^-3,particle concentration in size range [1105.46 - 1190.59 nm]],
[...]
LOCATION: Boulder, CO, USA
ASSOCIATED_DATA: N/A
INSTRUMENT_INFO: Printed Optical Particle Spectrometer counts particles from 140 - 2500 nm in diameter 
DATA_INFO: Particle concentrations reported in number per cubic centimeter, binned to 100 m altitude
UNCERTAINTY: Counting uncertainty dominated by air flow, less than 5 percent
ULOD_FLAG: -77777
ULOD_VALUE: 3000 ~3000 per cm3 (varies depending on flow rate- manufacturer quotes 1250  per cm3 at 1.667 cc/s)
LLOD_FLAG: -88888
LLOD_VALUE: 0 0 (varies depending on data field and measurement precision)
DM_CONTACT_INFO: Troy Thornberry, 325 Broadway R/CSL6, Boulder, CO 80305; troy.thornberry@noaa.gov; 303-497-3373
PROJECT_INFO: B2SAP Boulder, CO, USA
STIPULATIONS_ON_USE: Please contact the PIs for questions regarding applications and uncertainties
OTHER_COMMENTS: POPS bin Edges (nm):  140, 146.14, 152.56, 159.25, 166.24, 173.54, 181.16, 189.11, 197.41, 206.07, 215.12, 224.56, 234.41, 244.70, 361.30, 472.80, 567.00, 610.66, 657.69, 708.33, 762.88, 821.62, 884.89, 953.03, 1026.42, 1105.46, 1190.59, 1282.27, 1381.01, 1487.36, 1601.89, 1725.25, 1858.10, 2001.18, 2155.28, 2321.25, 2500
Calculations assume sulfate refractive index of 1.45+0.00j and extinction wavelength = 532 nm
REVISION: R0
R0: QA/QC data
TIME_START,TIME_STOP,TIME_MID,GPSAlt,GPS_Lon,GPS_Lat,iMet_Pressure,iMet_Temperature,THETA,Aerosol_concentration,Surface_Area_Conc,Volume_density,Effective_radius,Extinction,Bin01,Bin02,Bin03,Bin04,Bin05,Bin06,Bin07,Bin08,Bin09,Bin10,Bin11,Bin12,Bin13,Bin14,Bin15,Bin16,Bin17,Bin18,Bin19,Bin20,Bin21,Bin22,Bin23,Bin24,Bin25,Bin26,Bin27,Bin28,Bin29,Bin30,Bin31,Bin32,Bin33,Bin34,Bin35,Bin36
[from data line 251]
68280,68299,68290,26.6,-104.972,40.1128,19.4575,-58.27,662.26,1.48491,0.337343,21.5567,0.191704,0.000149557,0.218829,0.109414,0.156306,0.0312613,0.125045,0.0468919,0.0781532,0.0625226,0.0312613,0.0937838,0.0625226,0.0625226,0,0.140676,0.187568,0.0312613,0.0156306,0,0.0312613,0,0,0,0,0,0,0,0,0,0,0,0,0,0,0,0,0
68300,68320,68310,26.7,-104.972,40.1129,19.1689,-57.6005,667.17,1.47943,0.287571,17.8807,0.186536,0.000119523,0.249343,0.182851,0.23272,0.0831142,0.0831142,0.0332457,0.0498685,0.0664913,0.0166228,0.0166228,0.0166228,0.0332457,0.0498685,0.216097,0.0831142,0.0332457,0,0,0.0166228,0.0166228,0,0,0,0,0,0,0,0,0,0,0,0,0,0,0,0
68321,68342,68332,26.8,-104.973,40.113,18.8541,-57.2759,671.343,1.46546,0.323054,19.9781,0.185524,0.000136376,0.116076,0.145095,0.130586,0.0725475,0.0725475,0.101567,0.029019,0.087057,0.087057,0.029019,0.0145095,0.087057,0.0435285,0.3047,0.0435285,0.0435285,0.029019,0.0145095,0.0145095,0,0,0,0,0,0,0,0,0,0,0,0,0,0,0,0,0
68343,68382,68362,26.9,-104.973,40.113,18.5614,-56.6952,676.162,0.976316,0.286729,20.0413,0.20969,0.000154199,0.0929824,0.0464912,0.0774854,0.0774854,0.0464912,0.0309941,0.0309941,0.0619883,0.0154971,0.0154971,0.0464912,0.0309941,0.0464912,0.123977,0.0774854,0.123977,0,0.0309941,0,0,0,0,0,0,0,0,0,0,0,0,0,0,0,0,0,0
68365,68381,68373,27,-104.973,40.1129,18.3213,-56.6127,678.938,0.983467,0.367231,27.9218,0.2281,0.000221331,0.0655645,0.0874193,0.0218548,0.0874193,0.0655645,0.0655645,0,0.0437097,0,0,0,0,0.0437097,0.152984,0.152984,0.131129,0.0218548,0.0218548,0.0218548,0,0,0,0,0,0,0,0,0,0,0,0,0,0,0,0,0
68383,68384,68384,26.9,-104.973,40.1127,18.53,-56.255,677.863,0.650309,0.428359,39.796,0.27871,0.000324341,0,0,0.162577,0,0,0,0,0,0,0,0,0,0,0,0.325155,0,0,0,0.162577,0,0,0,0,0,0,0,0,0,0,0,0,0,0,0,0,0
68385,68388,68386,26.8,-104.973,40.1127,18.795,-55.9325,676.127,1.21012,0.223443,12.0722,0.162084,7.5928e-05,0.322699,0.0806749,0,0,0.0806749,0.16135,0.0806749,0,0,0,0.0806749,0,0.0806749,0.242025,0,0.0806749,0,0,0,0,0,0,0,0,0,0,0,0,0,0,0,0,0,0,0,0
68389,68391,68390,26.7,-104.973,40.1127,19.11,-55.4433,674.445,1.35955,0.295587,17.4399,0.177002,0.000118616,0.313742,0.104581,0.104581,0,0,0.104581,0.104581,0,0.104581,0,0,0,0.104581,0.209161,0.104581,0.104581,0,0,0,0,0,0,0,0,0,0,0,0,0,0,0,0,0,0,0,0
68394,68394,68394,26.6,-104.973,40.1128,19.52,-55.94,668.817,1.85749,0.381478,19.9277,0.156714,0.00011636,0,0,0,0.309581,0,0.309581,0.619163,0,0,0,0,0,0,0.309581,0.309581,0,0,0,0,0,0,0,0,0,0,0,0,0,0,0,0,0,0,0,0,0
68395,68397,68396,26.5,-104.973,40.1128,19.6767,-55.9467,667.277,0.716822,0.22849,16.0687,0.210977,0.000125121,0.204806,0.102403,0,0,0.102403,0,0,0,0,0,0,0,0,0,0.204806,0.102403,0,0,0,0,0,0,0,0,0,0,0,0,0,0,0,0,0,0,0,0
68398,68400,68399,26.4,-104.973,40.1128,19.95,-56.9667,661.531,1.70963,0.426665,28.4623,0.200127,0.000217686,0.301699,0.100566,0.100566,0.100566,0.100566,0.201133,0,0,0.201133,0,0.100566,0,0,0.201133,0,0.301699,0,0,0,0,0,0,0,0,0,0,0,0,0,0,0,0,0,0,0,0
68401,68402,68402,26.3,-104.973,40.1127,20.195,-56.955,659.269,1.20219,0.408722,27.1598,0.199352,0.000199608,0,0,0,0,0.300548,0,0,0,0.150274,0,0,0,0.150274,0.150274,0.300548,0.150274,0,0,0,0,0,0,0,0,0,0,0,0,0,0,0,0,0,0,0,0
68406,68406,68406,26.2,-104.973,40.1129,20.63,-58.25,651.335,1.79401,0.755137,55.3849,0.220032,0.000441501,0,0.299002,0,0,0,0,0,0,0,0,0,0,0.299002,0.598004,0,0.598004,0,0,0,0,0,0,0,0,0,0,0,0,0,0,0,0,0,0,0,0
68408,68410,68409,26.1,-104.973,40.1132,20.93,-57.28,651.587,1.16475,0.45685,36.1406,0.237325,0.000280186,0,0.0970626,0.194125,0.0970626,0,0,0,0,0.0970626,0,0,0,0,0.291188,0.194125,0.0970626,0,0,0.0970626,0,0,0,0,0,0,0,0,0,0,0,0,0,0,0,0,0
68411,68414,68412,26,-104.973,40.1132,21.2775,-58.1875,645.809,0.87252,0.176144,8.63325,0.147038,4.53447e-05,0.14542,0,0,0,0,0.07271,0.14542,0,0.07271,0,0.07271,0,0,0.29084,0.07271,0,0,0,0,0,0,0,0,0,0,0,0,0,0,0,0,0,0,0,0,0
68418,68420,68419,25.8,-104.973,40.1131,21.91,-57.66,641.985,1.30455,0.36118,22.3144,0.185346,0.000154726,0.0931823,0,0,0.0931823,0,0.186365,0,0.0931823,0,0.0931823,0.0931823,0.0931823,0.0931823,0.0931823,0.279547,0.0931823,0,0,0,0,0,0,0,0,0,0,0,0,0,0,0,0,0,0,0,0
68422,68424,68423,25.7,-104.973,40.1133,22.29,-57.53,639.232,1.01035,0.344103,28.202,0.245874,0.000222983,0.0918498,0.0918498,0,0,0.0918498,0.0918498,0,0.0918498,0,0.1837,0,0.0918498,0,0,0.0918498,0.0918498,0,0,0.0918498,0,0,0,0,0,0,0,0,0,0,0,0,0,0,0,0,0
68425,68428,68426,25.6,-104.974,40.1134,22.62,-57.6575,636.182,1.28114,0.398423,27.1966,0.204782,0.000202709,0.202285,0.0674284,0.0674284,0,0.134857,0,0.0674284,0,0,0.0674284,0.0674284,0,0,0.202285,0.269714,0.0674284,0.0674284,0,0,0,0,0,0,0,0,0,0,0,0,0,0,0,0,0,0,0
68429,68431,68430,25.5,-104.974,40.1135,22.97,-58.135,631.988,1.59779,0.329924,19.8181,0.180206,0.000139119,0.133149,0.266298,0,0.532596,0,0,0,0.133149,0,0.133149,0,0,0,0.133149,0.133149,0.133149,0,0,0,0,0,0,0,0,0,0,0,0,0,0,0,0,0,0,0,0
68433,68435,68434,25.4,-104.974,40.1136,23.37,-58.4633,627.917,1.05635,0.432469,35.9535,0.249406,0.000302462,0.176058,0.264088,0,0,0,0.0880292,0,0,0,0,0,0,0.0880292,0,0.176058,0.0880292,0.0880292,0.0880292,0,0,0,0,0,0,0,0,0,0,0,0,0,0,0,0,0,0
68436,68439,68438,25.3,-104.974,40.1138,23.7225,-58.2175,625.962,2.03436,0.703775,54.2723,0.231348,0.000404248,0.328123,0,0,0.196874,0,0.0656247,0.131249,0.0656247,0.0656247,0.131249,0,0,0,0.524997,0.196874,0.262499,0,0,0,0,0.0656247,0,0,0,0,0,0,0,0,0,0,0,0,0,0,0
68440,68443,68442,25.2,-104.974,40.1139,24.11,-58.0975,623.419,1.54398,0.427259,26.5679,0.186547,0.000185507,0.128665,0.192997,0,0.0643324,0.0643324,0.0643324,0,0.0643324,0.128665,0,0,0.128665,0,0.321662,0.25733,0.128665,0,0,0,0,0,0,0,0,0,0,0,0,0,0,0,0,0,0,0,0
68444,68447,68446,25.1,-104.974,40.1139,24.5325,-58.0325,620.514,1.38832,0.493129,46.5404,0.283133,0.000363213,0.189317,0.0631056,0.189317,0.126211,0.0631056,0,0.189317,0.0631056,0.0631056,0,0,0,0.0631056,0.0631056,0.126211,0,0,0.0631056,0,0.0631056,0.0631056,0,0,0,0,0,0,0,0,0,0,0,0,0,0,0
68448,68449,68448,25,-104.975,40.114,24.825,-58.52,617.017,1.97754,0.561161,35.9482,0.192181,0.000259701,0,0.123596,0,0.247193,0,0.123596,0,0,0.123596,0.494385,0.123596,0,0,0.247193,0.247193,0.247193,0,0,0,0,0,0,0,0,0,0,0,0,0,0,0,0,0,0,0,0
68452,68455,68454,24.9,-104.975,40.1139,25.34,-59.0775,611.814,1.72693,0.569789,38.5244,0.202835,0.00028877,0.123352,0.185029,0.0616762,0.0616762,0.0616762,0,0.185029,0,0,0,0.0616762,0.0616762,0.0616762,0.246705,0.370057,0.246705,0,0,0,0,0,0,0,0,0,0,0,0,0,0,0,0,0,0,0,0
68456,68458,68457,24.8,-104.975,40.1139,25.72,-58.5933,610.59,1.78807,0.62323,45.1565,0.217367,0.000337117,0.243828,0.0812759,0.0812759,0,0.0812759,0.0812759,0,0,0,0,0.0812759,0.0812759,0,0.568932,0.243828,0.162552,0,0,0.0812759,0,0,0,0,0,0,0,0,0,0,0,0,0,0,0,0,0
68459,68463,68461,24.7,-104.975,40.1142,26.138,-58.532,607.96,1.52882,0.355144,23.5137,0.198627,0.000174824,0.286655,0.191103,0.143327,0.0955515,0.0477758,0.0477758,0.0477758,0.0477758,0.0477758,0.0477758,0.0477758,0,0.0955515,0.0955515,0.143327,0.0955515,0,0.0477758,0,0,0,0,0,0,0,0,0,0,0,0,0,0,0,0,0,0
68464,68467,68466,24.6,-104.976,40.1142,26.6075,-58.1475,605.957,1.35074,0.342769,22.1043,0.193462,0.000162748,0.117455,0.234911,0.0587277,0.0587277,0,0.0587277,0.0587277,0.0587277,0.117455,0.0587277,0.0587277,0,0.0587277,0.117455,0.117455,0.176183,0,0,0,0,0,0,0,0,0,0,0,0,0,0,0,0,0,0,0,0
68468,68471,68470,24.5,-104.976,40.1141,27.0533,-57.6967,604.352,1.24121,0.532352,40.9475,0.230754,0.000331599,0.0775754,0.155151,0,0,0,0,0.0775754,0.155151,0,0,0,0,0,0.232726,0.232726,0.232726,0,0.0775754,0,0,0,0,0,0,0,0,0,0,0,0,0,0,0,0,0,0
68473,68475,68474,24.4,-104.976,40.1141,27.515,-57.125,603.033,1.92835,0.626777,44.5128,0.213056,0.000351404,0.113432,0.226865,0,0.113432,0.113432,0.113432,0.113432,0.113432,0,0,0.226865,0,0,0.226865,0.113432,0.45373,0,0,0,0,0,0,0,0,0,0,0,0,0,0,0,0,0,0,0,0
68476,68479,68478,24.3,-104.976,40.1142,27.92,-56.6575,601.822,1.52158,0.60253,52.2893,0.260349,0.000425877,0.0563547,0.225419,0.112709,0,0.169064,0.112709,0,0.0563547,0.0563547,0.0563547,0,0.0563547,0,0.169064,0.112709,0.112709,0.0563547,0.0563547,0.0563547,0.0563547,0,0,0,0,0,0,0,0,0,0,0,0,0,0,0,0
68480,68483,68482,24.2,-104.977,40.1143,28.35,-56.7467,598.95,1.11347,0.290321,18.4841,0.191004,0.000134138,0.0742312,0,0.0742312,0.0742312,0.0742312,0,0.0742312,0.148462,0.0742312,0.0742312,0,0.0742312,0,0.148462,0.0742312,0.148462,0,0,0,0,0,0,0,0,0,0,0,0,0,0,0,0,0,0,0,0
68484,68487,68486,24.1,-104.977,40.1143,28.81,-56.8533,595.91,1.53406,0.467421,35.1813,0.225801,0.000277275,0.219151,0,0.0730503,0.219151,0.0730503,0,0.146101,0,0.0730503,0,0.146101,0,0,0.292201,0.0730503,0,0.146101,0.0730503,0,0,0,0,0,0,0,0,0,0,0,0,0,0,0,0,0,0
68489,68491,68490,24,-104.977,40.1144,29.3133,-57.03,592.482,1.96324,0.655173,53.6094,0.245474,0.000424561,0.218138,0.290851,0.0727127,0.0727127,0.0727127,0.0727127,0.0727127,0.0727127,0.218138,0.0727127,0,0,0.0727127,0.145425,0.218138,0.0727127,0,0.0727127,0.145425,0,0,0,0,0,0,0,0,0,0,0,0,0,0,0,0,0
68492,68495,68494,23.9,-104.977,40.1145,29.685,-57.39,589.37,1.08813,0.457662,33.5206,0.219729,0.000260546,0.0572698,0,0.0572698,0.0572698,0.0572698,0,0,0.0572698,0,0,0,0.0572698,0,0.229079,0.343619,0.11454,0,0.0572698,0,0,0,0,0,0,0,0,0,0,0,0,0,0,0,0,0,0
68497,68499,68498,23.8,-104.977,40.1146,30.1967,-57.2733,586.818,2.27296,0.691584,53.4939,0.23205,0.000419893,0.162354,0.162354,0.243531,0.324708,0,0.0811771,0.0811771,0.162354,0,0.0811771,0.0811771,0.162354,0,0.243531,0.162354,0.0811771,0.0811771,0.0811771,0.0811771,0,0,0,0,0,0,0,0,0,0,0,0,0,0,0,0,0
68500,68503,68502,23.7,-104.977,40.1147,30.6333,-57.3233,584.28,2.43588,0.800124,53.3957,0.200203,0.00039034,0.0811959,0,0.0811959,0.162392,0.324784,0.243588,0,0.0811959,0,0.0811959,0,0,0,0.568371,0.568371,0.162392,0.0811959,0,0,0,0,0,0,0,0,0,0,0,0,0,0,0,0,0,0,0
68504,68507,68506,23.6,-104.977,40.1148,31.085,-57.265,582.003,1.22317,0.432139,32.0323,0.222375,0.000243769,0.122317,0,0,0,0.0611583,0,0.122317,0,0.0611583,0.0611583,0.0611583,0,0.0611583,0.428108,0,0.183475,0,0,0.0611583,0,0,0,0,0,0,0,0,0,0,0,0,0,0,0,0,0
68508,68512,68510,23.5,-104.977,40.1148,31.628,-57.144,579.451,2.35362,0.659705,43.87,0.199498,0.000315382,0.343236,0,0.196135,0.147101,0.0490337,0.0980675,0.147101,0,0.0490337,0.0980675,0.0980675,0,0.0980675,0.539371,0.245169,0.196135,0,0,0.0490337,0,0,0,0,0,0,0,0,0,0,0,0,0,0,0,0,0
68513,68516,68514,23.4,-104.977,40.1148,32.145,-57.045,577.038,1.5885,0.360582,22.8476,0.19009,0.000164345,0.0610962,0.183289,0.183289,0.244385,0,0,0,0.0610962,0.183289,0.0610962,0.122192,0,0.0610962,0.244385,0,0.122192,0.0610962,0,0,0,0,0,0,0,0,0,0,0,0,0,0,0,0,0,0,0
68517,68519,68518,23.3,-104.977,40.1149,32.6167,-57.0033,574.755,1.94582,0.547739,32.6819,0.179001,0.000217263,0.0810757,0,0.0810757,0,0.243227,0,0.0810757,0.0810757,0,0.0810757,0.162151,0,0,0.810757,0.162151,0.162151,0,0,0,0,0,0,0,0,0,0,0,0,0,0,0,0,0,0,0,0
68521,68524,68522,23.2,-104.978,40.1149,33.145,-57.245,571.486,1.83459,0.577099,41.5237,0.215857,0.000328142,0.183459,0.244612,0.244612,0,0.122306,0.122306,0.0611529,0,0,0,0.0611529,0,0.0611529,0.183459,0.183459,0.305765,0.0611529,0,0,0,0,0,0,0,0,0,0,0,0,0,0,0,0,0,0,0
68526,68528,68527,23.1,-104.978,40.1148,33.7067,-57.15,568.991,1.46926,0.615432,46.981,0.229015,0.000363587,0.244876,0,0,0,0.0816254,0.0816254,0.0816254,0,0,0,0,0,0,0.326502,0.408127,0.163251,0,0,0.0816254,0,0,0,0,0,0,0,0,0,0,0,0,0,0,0,0,0
68530,68533,68532,23,-104.978,40.1149,34.32,-56.905,566.707,1.70182,0.462288,27.9476,0.181365,0.000189216,0.243116,0,0.121558,0,0,0.243116,0,0,0,0.121558,0,0.121558,0,0.486233,0.243116,0.121558,0,0,0,0,0,0,0,0,0,0,0,0,0,0,0,0,0,0,0,0
68535,68535,68535,22.9,-104.978,40.115,34.69,-56.83,565.163,2.18729,0.475554,24.0387,0.151647,0.000131032,0.243032,0,0,0,0,0,0.243032,0.243032,0.486064,0,0,0,0,0.729097,0.243032,0,0,0,0,0,0,0,0,0,0,0,0,0,0,0,0,0,0,0,0,0
68543,68546,68544,22.7,-104.978,40.1154,35.894,-56.99,559.274,2.25394,0.842665,67.0001,0.238529,0.000507063,0.0489986,0.195995,0.146996,0.0489986,0.195995,0.195995,0.0489986,0,0.0489986,0.0489986,0,0.0489986,0.0489986,0.440988,0.440988,0.0979973,0.0979973,0,0,0.0489986,0.0489986,0,0,0,0,0,0,0,0,0,0,0,0,0,0,0
68547,68550,68548,22.6,-104.979,40.1154,36.42,-57.0767,556.738,1.37875,0.669946,72.4722,0.324528,0.00053494,0.162206,0.24331,0.162206,0,0.0811032,0.0811032,0.0811032,0,0,0,0,0.0811032,0,0.0811032,0.0811032,0,0.0811032,0.0811032,0.0811032,0,0,0,0.0811032,0,0,0,0,0,0,0,0,0,0,0,0,0
68551,68555,68553,22.5,-104.979,40.1154,36.986,-57.342,553.609,1.86499,0.573514,41.0624,0.214793,0.000300153,0.0981572,0.0490786,0.196314,0.0490786,0,0.0981572,0.0490786,0.0981572,0.147236,0.147236,0,0.0490786,0.0490786,0.441707,0.196314,0.0981572,0,0,0.0981572,0,0,0,0,0,0,0,0,0,0,0,0,0,0,0,0,0
68556,68560,68558,22.4,-104.979,40.1154,37.666,-57.586,550.108,2.09741,0.678181,48.2263,0.213334,0.000363156,0.243885,0.243885,0.0487769,0.0975538,0.195108,0.0487769,0,0,0.0487769,0,0.0975538,0.0487769,0.0487769,0.292661,0.438992,0.146331,0.0487769,0,0.0487769,0,0,0,0,0,0,0,0,0,0,0,0,0,0,0,0,0
68561,68564,68562,22.3,-104.978,40.1154,38.215,-57.285,548.608,3.3333,0.838058,52.2324,0.186976,0.000367049,0.493822,0.185183,0.123456,0.0617278,0.432094,0,0.123456,0,0.0617278,0.185183,0.246911,0.123456,0.0617278,0.617278,0.308639,0.246911,0.0617278,0,0,0,0,0,0,0,0,0,0,0,0,0,0,0,0,0,0,0
68565,68569,68567,22.2,-104.978,40.1154,38.796,-57.218,546.412,2.88541,0.66032,41.3242,0.187746,0.000291031,0.293431,0.244526,0.146716,0.293431,0.195621,0.244526,0.0978105,0.0489052,0.0978105,0.0489052,0.244526,0.0489052,0.0489052,0.342337,0.293431,0.0978105,0.0489052,0.0489052,0,0,0,0,0,0,0,0,0,0,0,0,0,0,0,0,0,0
68570,68574,68572,22.1,-104.978,40.1153,39.435,-57.145,544.049,2.14917,0.426018,23.4482,0.165121,0.000148885,0.368429,0.12281,0.0614049,0.0614049,0.184215,0.184215,0.0614049,0.0614049,0.12281,0.12281,0,0.12281,0.12281,0.307025,0.12281,0.12281,0,0,0,0,0,0,0,0,0,0,0,0,0,0,0,0,0,0,0,0
68575,68579,68577,22,-104.978,40.1154,40.084,-57.344,541.033,2.70928,0.838526,61.3358,0.219441,0.000480545,0.246298,0.492596,0.246298,0.0985192,0,0.0492596,0.0985192,0.0985192,0.0492596,0.0985192,0,0.0492596,0.0492596,0.443336,0.295558,0.197038,0.0492596,0.147779,0,0,0,0,0,0,0,0,0,0,0,0,0,0,0,0,0,0
68580,68584,68582,21.9,-104.978,40.1156,40.748,-57.908,537.086,2.74557,0.815428,59.3212,0.218245,0.000447551,0.441252,0.147084,0.147084,0.147084,0.147084,0.147084,0.049028,0.049028,0.196112,0,0.049028,0.049028,0.049028,0.539308,0.24514,0.147084,0.0980559,0,0.0980559,0,0,0,0,0,0,0,0,0,0,0,0,0,0,0,0,0
68585,68589,68587,21.8,-104.977,40.1158,41.412,-58.126,534.069,2.11035,0.573643,37.3419,0.195288,0.00027046,0.0981556,0.196311,0.0981556,0.0981556,0.0981556,0.196311,0.0490778,0.0490778,0.147233,0.0981556,0,0.147233,0.0490778,0.294467,0.294467,0.147233,0,0.0490778,0,0,0,0,0,0,0,0,0,0,0,0,0,0,0,0,0,0
68590,68594,68592,21.7,-104.977,40.116,42.066,-58.572,530.577,2.71478,0.767104,52.2936,0.204511,0.00038337,0.296158,0.148079,0.0987193,0.148079,0.0493597,0.197439,0.148079,0.0987193,0.246798,0,0,0,0.148079,0.592316,0.246798,0.197439,0,0.0493597,0.0493597,0,0,0,0,0,0,0,0,0,0,0,0,0,0,0,0,0
68595,68599,68597,21.6,-104.977,40.1161,42.726,-58.694,527.929,1.93321,0.44197,27.3181,0.18543,0.000190364,0.148709,0.198278,0.0495695,0.148709,0.297417,0.0495695,0,0.099139,0.099139,0.0495695,0.0495695,0.099139,0,0.396556,0.099139,0.099139,0,0.0495695,0,0,0,0,0,0,0,0,0,0,0,0,0,0,0,0,0,0
68600,68603,68602,21.5,-104.977,40.116,43.28,-58.4675,526.539,2.95204,0.697417,40.5814,0.174565,0.000267886,0.184503,0.430507,0.0615009,0.184503,0.0615009,0.184503,0.0615009,0.246004,0,0.123002,0.184503,0,0.0615009,0.67651,0.307505,0.184503,0,0,0,0,0,0,0,0,0,0,0,0,0,0,0,0,0,0,0,0
