api/data/B2SAP/Locations/Boulder/NOAA-POPS-B2SAP_GMLBalloon_20210615_R0.ict
61,1001
Thornberry, T. D.
NOAA Chemical Sciences Laboratory
Portable Optical Particle Spectrometer (POPS)
Balloon Baseline Stratospheric Aerosol Profiles (B2SAP)
1,1
2021,06,15,2024,05,28
0
TIME_START,s,Seconds since midnight UTC on flight start day,Start time of 100 m altitude bin in UTC_seconds_since_midnight
28
1.0,1.0,1.0,1.0,1.0,1.0,1.0,1.0,1.0,1.0,1.0,1.0,1.0,1.0,1.0,1.0,1.0,1.0,1.0,1.0,1.0,1.0,1.0,1.0,1.0,1.0,1.0,1.0
99999,99999,99999,99999,99999,99999,99999,99999,99999,99999,99999,99999,99999,99999,99999,99999,99999,99999,99999,99999,99999,99999,99999,99999,99999,99999,99999,99999
TIME_STOP,s,End time of 100 m altitude bin in UTC seconds since midnight,
TIME_MID,s,Mid time of 100 m altitude in UTC seconds since midnight,
GPSAlt,m,GPS reported altitude above sea level (m),
GPS_Lon,deg,GPS reported longitude,
GPS_Lat,deg,GPS reported latitude,
iMet_Pressure,mb,Pressure reported (mB),
iMet_Temperature,degrees C,Ambient temperature (oC),
THETA,K,Potential temperature from iMet,
Aerosol_concentration,cm^-3,Aerosol concentration,
Surface_Area_Conc,um^2 cm^-3,Surface area concentration,
Volume_density,um^3 cm^-3,Volume density,
Effective_radius,um,Effective radius,
Extinction,km^-1,Extinction,
Bin01,cm^-3,particle concentration in size range [140 - 170 nm],
Bin02,cm^-3,particle concentration in size range [170 - 205 nm],
Bin03,cm^-3,particle concentration in size range [205 - 249 nm],
Bin04,cm^-3,particle concentration in size range [249 - 302 nm],
Bin05,cm^-3,particle concentration in size range [302 - 366 nm],
Bin06,cm^-3,particle concentration in size range [366 - 443 nm],
Bin07,cm^-3,particle concentration in size range [443 - 537 nm],
Bin08,cm^-3,particle concentration in size range [537 - 651 nm],
Bin09,cm^-3,particle concentration in size range [651 - 789 nm],
Bin10,cm^-3,particle concentration in size range [789 - 956 nm],
Bin11,cm^-3,particle concentration in size range [956 - 1159 nm],
Bin12,cm^-3,particle concentration in size range [1159 - 1404 nm],
Bin13,cm^-3,particle concentration in size range [1404 - 1702 nm],
Bin14,cm^-3,particle concentration in size range [1702 - 2062 nm],
Bin15,cm^-3,particle concentration in size range [2062 - 2500 nm],
0
19
PI_CONTACT_INFO: 325 Broadway R/CSL6, Boulder, CO 80305; troy.thornberry@noaa.gov; 303-497-3373 
PLATFORM: GML ECC/FPH balloon
LOCATION: Boulder, CO, USA
ASSOCIATED_DATA: N/A
INSTRUMENT_INFO: Printed Optical Particle Spectrometer counts particles from 140 - 2500 nm in diameter 
DATA_INFO: Particle concentrations reported in number per cubic centimeter, binned to 100 m altitude
UNCERTAINTY: Counting uncertainty dominated by air flow, less than 5 percent
ULOD_FLAG: -77777
ULOD_VALUE: 3000 ~3000 per cm3 (varies depending on flow rate- manufacturer quotes 1250  per cm3 at 1.667 cc/s)
LLOD_FLAG: -88888
LLOD_VALUE: 0 0 (varies depending on data field and measurement precision)
DM_CONTACT_INFO: Troy Thornberry, 325 Broadway R/CSL6, Boulder, CO 80305; troy.thornberry@noaa.gov; 303-497-3373
PROJECT_INFO: B2SAP Boulder, CO, USA
STIPULATIONS_ON_USE: Please contact the PIs for questions regarding applications and uncertainties
OTHER_COMMENTS: POPS bin Edges (nm):  140, 170, 205, 249, 302, 366, 443, 537, 651, 789, 956, 1159, 1404, 1702, 2062, 2500
Calculations assume sulfate refractive index of 1.45+0.00j and extinction wavelength = 532 nm
REVISION: R0
R0: QA/QC data
TIME_START,TIME_STOP,TIME_MID,GPSAlt,GPS_Lon,GPS_Lat,iMet_Pressure,iMet_Temperature,THETA,Aerosol_concentration,Surface_Area_Conc,Volume_density,Effective_radius,Extinction,Bin01,Bin02,Bin03,Bin04,Bin05,Bin06,Bin07,Bin08,Bin09,Bin10,Bin11,Bin12,Bin13,Bin14,Bin15
[from data line 75]
60819,60850,60834,9.3,-105.077,39.9059,323.167,-31.2847,333.993,3.02761,0.542232,35.0162,0.193734,0.000245349,1.56692,0.637391,0.331974,0.185906,0.0531159,0.0531159,0.0531159,0.0929528,0.0531159,0,0,0,0,0,0
60851,60877,60864,9.4,-105.073,39.9046,318.2,-32.1407,334.288,3.15103,0.517345,31.5624,0.183026,0.000209052,1.63854,0.630206,0.441144,0.173307,0.0630206,0.0472654,0.0630206,0.0315103,0.0630206,0,0,0,0,0,0
60878,60898,60888,9.5,-105.069,39.9036,313.778,-32.9971,334.435,3.23697,0.497949,27.1426,0.163526,0.000164365,1.64902,0.651465,0.386807,0.223941,0.162866,0.0610749,0.0407166,0.0203583,0.0407166,0,0,0,0,0,0
60899,60915,60907,9.6,-105.066,39.9027,309.155,-33.6871,334.891,4.14485,0.506739,20.9707,0.124151,9.6035e-05,2.22406,0.960391,0.454922,0.278008,0.101094,0.0758204,0.0252735,0.0252735,0,0,0,0,0,0,0
60916,60932,60924,9.7,-105.064,39.9017,304.751,-34.4471,335.198,3.47487,0.469377,21.7671,0.139123,0.000117639,1.9023,0.710192,0.355096,0.177548,0.202912,0.050728,0.025364,0.050728,0,0,0,0,0,0,0
60933,60948,60940,9.8,-105.061,39.9009,300.937,-35.2353,335.297,3.67335,0.494141,22.0818,0.134061,0.000112719,1.86537,0.803546,0.373075,0.401773,0.0860942,0.0573961,0.0573961,0.0286981,0,0,0,0,0,0,0
60949,60964,60956,9.9,-105.06,39.9001,296.516,-36.2081,335.342,3.59829,0.500515,23.9796,0.14373,0.000135669,1.89384,0.757534,0.351712,0.351712,0.108219,0,0.0811644,0.0541096,0,0,0,0,0,0,0
60965,60987,60976,10,-105.057,39.8993,292.516,-37.0787,335.407,3.65285,0.484017,22.8166,0.14142,0.000121701,2.05237,0.715506,0.338924,0.301266,0.112975,0.0564873,0.0376582,0.0188291,0.0188291,0,0,0,0,0,0
60988,61009,60998,10.1,-105.055,39.8985,288.353,-37.8973,335.617,4.78796,0.695428,48.7667,0.210374,0.000194148,2.7585,1.06399,0.394071,0.256146,0.157628,0.0788142,0.0197035,0.0197035,0,0.0197035,0,0.0197035,0,0,0
61010,61033,61022,10.2,-105.052,39.8979,283.938,-38.6512,336.019,6.16292,1.04352,86.0003,0.24724,0.0003425,3.35336,1.34134,0.616292,0.308146,0.271894,0.072505,0.0543787,0.072505,0.0362525,0,0,0,0.0362525,0,0
61034,61051,61042,10.3,-105.051,39.8976,279.697,-39.4467,336.323,6.03142,0.843941,44.0407,0.156554,0.00023938,3.38052,0.997131,0.753928,0.486405,0.194562,0.0486405,0.097281,0.0486405,0,0.0243203,0,0,0,0,0
61052,61069,61060,10.4,-105.049,39.8973,275.459,-40.3431,336.498,5.99791,1.03067,78.268,0.227817,0.000377566,3.0159,1.55878,0.643844,0.237206,0.169433,0.135546,0.10166,0.0338865,0.067773,0,0.0338865,0,0,0,0
61070,61096,61083,10.5,-105.048,39.8971,272.135,-41.0589,336.629,4.87788,0.619567,26.1457,0.1266,0.000122213,2.5613,1.10935,0.440478,0.440478,0.195768,0.065256,0.032628,0.032628,0,0,0,0,0,0,0
61097,61126,61112,10.6,-105.046,39.8966,267.991,-42.012,336.717,4.2937,0.557083,25.5046,0.137347,0.000135762,2.45565,0.896973,0.323498,0.279385,0.220567,0.0294089,0.0147045,0.0735223,0,0,0,0,0,0,0
61127,61154,61140,10.7,-105.044,39.8961,263.851,-42.8904,336.934,4.85947,0.656077,34.0528,0.155711,0.000180048,2.65925,1.04471,0.506525,0.364065,0.110802,0.0949734,0.0316578,0,0.0316578,0.0158289,0,0,0,0,0
61155,61185,61170,10.8,-105.042,39.8956,259.69,-43.8135,337.111,3.59064,0.490488,22.3341,0.136604,0.000116831,1.81678,0.729572,0.472076,0.286107,0.171664,0.0286107,0.042916,0.042916,0,0,0,0,0,0,0
61186,61211,61198,10.9,-105.04,39.8952,255.767,-44.7746,337.161,3.89252,0.542489,27.378,0.151402,0.000158935,2.21205,0.651612,0.514431,0.22292,0.120034,0.0685907,0.0171477,0.0685907,0.0171477,0,0,0,0,0,0
61212,61236,61224,11,-105.038,39.8947,252.16,-45.6504,337.234,4.65627,0.628031,32.3393,0.154479,0.000174343,2.69386,0.820645,0.535203,0.338962,0.0892005,0.0535203,0.0713604,0.0356802,0,0.0178401,0,0,0,0,0
61237,61262,61250,11.1,-105.036,39.894,248.474,-46.5635,337.297,4.81095,0.885269,70.5505,0.239082,0.000318539,2.50931,0.917195,0.536473,0.380723,0.121139,0.121139,0.103833,0.0692223,0.0173056,0,0.0173056,0.0173056,0,0,0
61263,61288,61276,11.2,-105.034,39.8933,244.893,-47.4604,337.358,5.12814,0.626891,26.5455,0.127034,0.000123453,2.84126,1.05681,0.641017,0.277197,0.190573,0.0519744,0.0519744,0,0.0173248,0,0,0,0,0,0
61289,61312,61300,11.3,-105.032,39.8924,241.434,-48.1692,337.667,14.554,3.89181,247.417,0.190721,0.00162866,3.64322,1.83105,1.64228,2.41623,2.41623,1.17036,1.22699,0.151014,0.0377535,0,0.0188768,0,0,0,0
61313,61339,61326,11.4,-105.031,39.8913,237.688,-48.7385,338.321,20.5347,6.0934,377.902,0.186055,0.00262679,3.31637,2.06017,2.66315,4.0031,3.9026,2.49566,1.62469,0.452233,0.0167494,0,0,0,0,0,0
61340,61363,61352,11.5,-105.031,39.8901,234.257,-49.4733,338.618,18.5785,5.51813,353.638,0.192259,0.00251424,3.77642,2.06849,2.16338,2.99837,3.45382,1.82179,1.84077,0.398517,0.037954,0.018977,0,0,0,0,0
61364,61386,61375,11.6,-105.03,39.8892,230.82,-50.353,338.714,14.3792,3.16148,178.737,0.169608,0.00115961,4.61553,2.22887,1.71603,2.05135,1.89355,0.927051,0.808704,0.118347,0.0197245,0,0,0,0,0,0
61387,61409,61398,11.7,-105.029,39.8886,227.365,-51.223,338.848,10.099,1.58973,83.3917,0.157369,0.000499671,4.9901,2.09901,1.0297,0.732674,0.574258,0.356436,0.158416,0.09901,0.059406,0,0,0,0,0,0
61410,61434,61422,11.8,-105.029,39.8884,223.751,-51.8216,339.484,10.0738,1.30718,66.0343,0.151549,0.000261709,5.27416,2.20821,1.33223,0.656989,0.364994,0.127748,0.0364994,0.0547491,0,0,0.0182497,0,0,0,0
61435,61460,61448,11.9,-105.027,39.888,220.58,-52.1654,340.342,10.6997,1.46809,82.4056,0.168394,0.000392863,6.11916,2.28142,0.919643,0.565934,0.406765,0.19454,0.0884272,0.0707418,0.0176854,0.0176854,0.0176854,0,0,0,0
61461,61482,61472,12,-105.025,39.8874,217.283,-52.4527,341.366,11.0974,1.56089,100.454,0.193071,0.000398637,6.17903,2.41788,1.23994,0.640635,0.227322,0.185991,0.0826626,0.0413313,0.0413313,0,0,0.0413313,0,0,0
61483,61498,61490,12.1,-105.024,39.8872,213.555,-52.7019,342.67,9.22992,1.25838,61.7557,0.147227,0.000336908,5.04492,2.0925,0.687944,0.630616,0.372636,0.257979,0.0573287,0,0.085993,0,0,0,0,0,0
61499,61523,61511,12.2,-105.023,39.8877,210.656,-52.8828,343.726,8.40829,1.10232,53.2659,0.144965,0.000279571,4.60628,2.02896,0.694598,0.456972,0.347299,0.109673,0.0548367,0.0913945,0,0.0182789,0,0,0,0,0
61524,61547,61536,12.3,-105.02,39.8882,207.72,-53.5846,344.01,7.80202,1.02229,47.9622,0.140749,0.000255779,4.38143,1.7103,0.691805,0.42277,0.269035,0.192168,0.0576504,0.0384336,0.0384336,0,0,0,0,0,0
61548,61568,61558,12.4,-105.019,39.8885,203.832,-54.1605,344.966,7.95389,0.881392,33.1852,0.112952,0.000131714,4.67098,1.8067,0.771152,0.352527,0.15423,0.132198,0.0660988,0,0,0,0,0,0,0,0
61569,61595,61582,12.5,-105.018,39.8887,201.302,-54.0448,346.381,10.2703,1.29466,59.7469,0.138446,0.000308405,5.61282,2.43962,1.04068,0.580049,0.358265,0.0511808,0.0853013,0.0341205,0.068241,0,0,0,0,0,0
61596,61626,61611,12.6,-105.017,39.8888,198.228,-54.4958,347.192,10.2255,1.30032,64.3929,0.148563,0.000265917,5.47278,2.3567,1.21763,0.589175,0.340412,0.130928,0.0523711,0.0261856,0.0261856,0,0,0.0130928,0,0,0
61627,61653,61640,12.7,-105.016,39.8891,194.925,-55.3507,347.5,10.4126,1.28206,62.1616,0.145457,0.000239443,5.45702,2.65477,1.25364,0.604697,0.221231,0.0737435,0.0884922,0.0442461,0,0,0,0.0147487,0,0,0
61654,61678,61666,12.8,-105.014,39.8892,191.888,-56.1532,347.773,10.1443,1.16095,46.8108,0.120964,0.000202025,5.68529,2.37285,1.09884,0.652933,0.159252,0.0477756,0.0955511,0,0.0318504,0,0,0,0,0,0
61679,61702,61690,12.9,-105.013,39.8891,188.95,-56.9712,347.994,11.1903,1.47765,78.2311,0.158829,0.000310865,5.57012,2.86844,1.35084,0.783819,0.316863,0.16677,0.033354,0.066708,0.016677,0,0,0,0.016677,0,0
61703,61727,61715,13,-105.011,39.8888,185.91,-57.7972,348.274,12.8575,1.77561,81.6166,0.137897,0.00042647,5.84866,3.41701,1.65288,0.937692,0.492686,0.20661,0.20661,0.0635723,0.0317862,0,0,0,0,0,0
61728,61747,61738,13.1,-105.009,39.8885,182.976,-58.6485,348.479,16.4844,2.48686,141.482,0.170675,0.000630419,7.46008,3.93058,2.22599,1.36367,0.882375,0.20054,0.30081,0.0601619,0.020054,0,0.020054,0.020054,0,0,0
61748,61761,61754,13.2,-105.009,39.8884,179.69,-58.8993,349.879,17.9165,2.34507,98.4642,0.125963,0.000442887,8.09411,4.40711,2.53481,1.78589,0.662507,0.201633,0.172828,0.0288047,0.0288047,0,0,0,0,0,0
61762,61775,61768,13.3,-105.009,39.8883,177.044,-58.5814,351.885,18.8233,2.4325,99.5908,0.122825,0.000422927,8.36592,4.81327,2.69314,1.74768,0.71626,0.401106,0.0286504,0.0286504,0.0286504,0,0,0,0,0,0
61776,61791,61784,13.4,-105.008,39.8891,174.541,-58.36,353.685,20.3278,2.73063,126.515,0.138995,0.000634375,9.88784,4.76825,2.68528,1.68143,0.652497,0.301152,0.150576,0.150576,0.025096,0.025096,0,0,0,0,0
61792,61807,61800,13.5,-105.007,39.8896,171.826,-58.9919,354.225,22.983,3.29012,176.246,0.160705,0.000818834,10.8244,5.48774,3.02077,1.93833,0.855885,0.528635,0.125866,0.0755193,0.0503462,0.0503462,0,0.0251731,0,0,0
61808,61822,61815,13.6,-105.006,39.8905,169.121,-59.8847,354.353,19.4693,2.59811,125.211,0.144579,0.000510986,9.68117,4.46617,2.13948,1.71159,0.989512,0.240692,0.187205,0.0267436,0,0,0.0267436,0,0,0,0
61823,61839,61831,13.7,-105.004,39.8911,166.334,-60.6512,354.76,19.5523,2.58165,118.219,0.137376,0.000578094,9.41936,4.97133,2.35484,1.64125,0.547084,0.333008,0.142718,0.0713588,0.0475725,0.0237863,0,0,0,0,0
61840,61871,61856,13.8,-105.001,39.8919,163.765,-60.6422,356.356,20.2159,2.45195,100.143,0.122527,0.000421879,10.266,4.61465,2.88257,1.58036,0.480429,0.214929,0.0885001,0.0632143,0.0126429,0.0126429,0,0,0,0,0
61872,61901,61886,13.9,-104.998,39.893,161.003,-61.0248,357.446,21.4392,2.61756,113.291,0.129843,0.000442259,10.5936,5.62569,2.75687,1.4554,0.573764,0.223908,0.125948,0.0699712,0,0,0,0.0139942,0,0,0
61902,61930,61916,14,-104.995,39.8945,158.319,-61.3993,358.534,21.0331,2.52533,101.517,0.120598,0.00041322,10.3279,5.43646,2.78112,1.45345,0.7407,0.15373,0.0559019,0.0559019,0.0139755,0.0139755,0,0,0,0,0
61931,61956,61944,14.1,-104.992,39.8963,155.818,-61.6227,359.791,17.8784,2.10891,91.6735,0.130409,0.000339518,9.08704,4.80804,2.22508,1.15144,0.29564,0.17116,0.0778,0.03112,0.01556,0,0.01556,0,0,0,0
61957,61981,61969,14.2,-104.99,39.8979,153.417,-61.9392,360.847,16.2717,2.12585,132.909,0.187561,0.000456806,8.36229,3.96279,1.87626,1.37484,0.372017,0.129397,0.129397,0.0161746,0.0323493,0,0,0,0,0.0161746,0
61982,62007,61994,14.3,-104.988,39.8997,151.008,-62.0277,362.334,9.88023,1.27793,55.3447,0.129925,0.000243763,4.5661,2.50902,1.32464,0.919454,0.311679,0.171424,0.0311679,0.0311679,0,0.015584,0,0,0,0,0
62008,62033,62020,14.4,-104.985,39.9015,148.511,-62.3892,363.438,8.81223,1.26048,64.6016,0.153754,0.000337251,4.04587,2.14763,1.20545,0.831342,0.249403,0.19398,0.0415671,0.0277114,0.0415671,0.0277114,0,0,0,0,0
62034,62054,62044,14.5,-104.981,39.903,146.234,-62.34,365.133,12.6451,1.66915,91.284,0.164066,0.00026897,5.83228,2.9415,2.23148,1.04812,0.439534,0.118336,0,0,0,0,0,0.0169052,0.0169052,0,0
62055,62080,62068,14.6,-104.979,39.9046,143.993,-62.7031,366.114,15.4211,1.96176,90.4952,0.138389,0.000361724,7.20649,4.04599,2.22052,1.21243,0.4768,0.0953599,0.0953599,0.0136228,0.0408685,0,0,0.0136228,0,0,0
62081,62105,62093,14.7,-104.975,39.9064,141.618,-63.3196,366.78,15.5301,2.1756,125.866,0.17356,0.000499139,7.02045,4.24064,2.09904,1.40409,0.425482,0.113462,0.0992792,0.0283655,0.0425482,0.0141827,0.0283655,0.0141827,0,0,0
62106,62130,62118,14.8,-104.972,39.9082,139.355,-63.8228,367.591,11.7614,1.39004,53.8422,0.116203,0.000211107,5.56818,3.06818,1.91761,0.795454,0.241477,0.0852272,0.0426136,0.0284091,0.0142045,0,0,0,0,0,0
62131,62158,62144,14.9,-104.969,39.9101,137.024,-64.5025,368.166,8.61376,1.07445,47.7153,0.133227,0.000226843,4.51744,1.97798,1.12298,0.638057,0.127611,0.0765668,0.0893279,0.0510445,0,0.0127611,0,0,0,0,0
62159,62182,62170,15,-104.966,39.9119,134.782,-65.3104,368.473,7.86174,1.19866,129.03,0.322934,0.000326138,3.79635,1.97291,1.09108,0.657636,0.209248,0.0597851,0.0298925,0.0149463,0,0.0149463,0,0,0,0,0.0149463
62183,62209,62196,15.1,-104.963,39.9138,132.584,-65.7641,369.399,8.86996,1.08899,44.6475,0.122996,0.000196948,4.29493,2.30752,1.20045,0.653576,0.240089,0.0533532,0.0800297,0.0266766,0.0133383,0,0,0,0,0,0
62210,62231,62220,15.2,-104.96,39.9157,130.463,-66.0995,370.505,9.19921,1.08705,40.3861,0.111456,0.00014316,4.46866,2.04609,1.48955,0.867541,0.229162,0.0654748,0.0163687,0.0163687,0,0,0,0,0,0,0
62232,62254,62243,15.3,-104.957,39.9177,128.473,-66.6474,371.152,9.65753,1.29187,64.0623,0.148767,0.000321563,4.78964,2.31656,1.2835,0.78262,0.187829,0.156524,0.0469572,0.0313048,0.0313048,0.0313048,0,0,0,0,0
62255,62279,62267,15.4,-104.954,39.9197,126.375,-67.2368,371.839,9.9367,1.14069,44.2692,0.116428,0.000172902,4.91773,2.71921,1.33068,0.694267,0.159103,0.0433917,0.0433917,0,0.0289278,0,0,0,0,0,0
62280,62302,62291,15.5,-104.952,39.9218,124.364,-67.7361,372.641,10.9895,1.37558,64.7709,0.141258,0.000226258,5.51056,2.5737,1.45264,0.963164,0.300002,0.110527,0.0473687,0.0157896,0,0,0,0.0157896,0,0,0
62303,62325,62314,15.6,-104.95,39.9237,122.385,-68.1419,373.612,11.3806,1.45904,74.6102,0.153409,0.00028113,5.24861,3.39514,1.40309,0.796818,0.398409,0.0519664,0.0173221,0.0173221,0.0173221,0.0173221,0,0.0173221,0,0,0
62326,62349,62338,15.7,-104.948,39.9257,120.376,-68.0891,375.482,12.6851,1.56146,70.7213,0.135875,0.000253265,5.90077,3.29749,2.14574,0.883538,0.315549,0.0315549,0.0473324,0.0473324,0,0,0.0157775,0,0,0,0
62350,62371,62360,15.8,-104.946,39.9279,118.402,-68.1591,377.132,13.9854,1.80421,86.6597,0.144095,0.000308966,6.01025,3.79769,2.39419,1.2714,0.330234,0.0330234,0.0660467,0.0660467,0,0,0,0,0.0165117,0,0
62372,62394,62383,15.9,-104.944,39.9301,116.563,-68.203,378.737,16.2168,2.11828,98.1902,0.139061,0.000397711,6.59104,4.96304,2.56055,1.40672,0.37934,0.158058,0.0474175,0.0632234,0.0316117,0,0.0158058,0,0,0,0
62395,62421,62408,16,-104.942,39.9327,114.636,-68.5241,379.952,16.3927,2.10425,88.8864,0.126724,0.000381507,6.83478,4.5026,2.83097,1.53681,0.404425,0.134808,0.0539233,0.0539233,0.0269617,0.0134808,0,0,0,0,0
62422,62447,62434,16.1,-104.939,39.9359,112.61,-68.6662,381.627,17.4566,2.38922,171.406,0.215224,0.000512872,7.49131,5.03127,2.68242,1.57053,0.389159,0.152884,0.0555942,0.0277971,0.0277971,0.0138985,0,0,0,0,0.0138985
62448,62474,62461,16.2,-104.936,39.9388,110.789,-68.1785,384.323,19.6471,2.46859,106.658,0.129619,0.000366963,8.39915,5.37653,3.23662,1.80555,0.521604,0.24074,0.0133744,0.0401233,0,0,0,0,0.0133744,0,0
62475,62502,62488,16.3,-104.933,39.9417,108.97,-68.56,385.424,19.5845,2.49085,109.813,0.132259,0.000420505,8.3286,5.38833,3.19932,1.917,0.505156,0.129527,0.0259054,0.0388582,0.0259054,0.0129527,0.0129527,0,0,0,0
62503,62525,62514,16.4,-104.93,39.9445,107.312,-68.7604,386.739,20.0538,2.81675,221.394,0.235797,0.000601013,8.39389,5.99564,3.53427,1.38846,0.441784,0.110446,0.110446,0.015778,0,0.015778,0,0.015778,0.015778,0,0.015778
62526,62554,62540,16.5,-104.927,39.9479,105.57,-68.7807,388.513,21.0832,2.67804,123.742,0.138618,0.000428739,8.75339,6.07735,3.56388,2.00077,0.475184,0.075029,0.0625242,0.0250097,0.0125048,0.0125048,0,0.0250097,0,0,0
62555,62579,62567,16.6,-104.923,39.9517,103.741,-69.3284,389.411,20.8091,2.57629,104.356,0.121519,0.000420883,8.73341,5.75446,3.93803,1.68565,0.421413,0.116252,0.0435944,0.0871888,0.0145315,0.0145315,0,0,0,0,0
62580,62600,62590,16.7,-104.92,39.9548,102.041,-69.4486,391.022,21.5842,2.76722,133.866,0.145127,0.000438978,9.10447,6.00618,3.72141,2.02514,0.467339,0.121162,0.0865443,0,0.0173089,0,0.0173089,0,0.0173089,0,0
62601,62623,62612,16.8,-104.917,39.9574,100.426,-69.7626,392.205,23.8251,2.9744,119.298,0.120324,0.000465049,9.48239,7.06812,4.09792,2.35074,0.555919,0.127067,0.0635336,0.0317668,0.0317668,0.0158834,0,0,0,0,0
62624,62644,62634,16.9,-104.914,39.9598,98.7681,-70.12,393.384,22.145,2.898,139.451,0.144359,0.000506093,8.61193,6.75075,4.03783,1.94005,0.504729,0.110409,0.0946366,0.0315455,0.0157728,0.0157728,0.0157728,0.0157728,0,0,0
