api/data/B2SAP/Locations/Boulder/NOAA-POPS-B2SAP_GMLBalloon_20210901_R0.ict
61,1001
Thornberry, T. D.
NOAA Chemical Sciences Laboratory
Portable Optical Particle Spectrometer (POPS)
Balloon Baseline Stratospheric Aerosol Profiles (B2SAP)
1,1
2021,09,01,2024,05,28
0
TIME_START,s,Seconds since midnight UTC on flight start day,Start time of 100 m altitude bin in UTC_seconds_since_midnight
28
1.0,1.0,1.0,1.0,1.0,1.0,1.0,1.0,1.0,1.0,1.0,1.0,1.0,1.0,1.0,1.0,1.0,1.0,1.0,1.0,1.0,1.0,1.0,1.0,1.0,1.0,1.0,1.0
99999,99999,99999,99999,99999,99999,99999,99999,99999,99999,99999,99999,99999,99999,99999,99999,99999,99999,99999,99999,99999,99999,99999,99999,99999,99999,99999,99999
TIME_STOP,s,End time of 100 m altitude bin in UTC seconds since midnight,
TIME_MID,s,Mid time of 100 m altitude in UTC seconds since midnight,
GPSAlt,m,GPS reported altitude above sea level (m),
GPS_Lon,deg,GPS reported longitude,
GPS_Lat,deg,GPS reported latitude,
iMet_Pressure,mb,Pressure reported (mB),
iMet_Temperature,degrees C,Ambient temperature (oC),
THETA,K,Potential temperature from iMet,
Aerosol_concentration,cm^-3,Aerosol concentration,
Surface_Area_Conc,um^2 cm^-3,Surface area concentration,
Volume_density,um^3 cm^-3,Volume density,
Effective_radius,um,Effective radius,
Extinction,km^-1,Extinction,
Bin01,cm^-3,particle concentration in size range [140 - 170 nm],
Bin02,cm^-3,particle concentration in size range [170 - 205 nm],
Bin03,cm^-3,particle concentration in size range [205 - 249 nm],
Bin04,cm^-3,particle concentration in size range [249 - 302 nm],
Bin05,cm^-3,particle concentration in size range [302 - 366 nm],
Bin06,cm^-3,particle concentration in size range [366 - 443 nm],
Bin07,cm^-3,particle concentration in size range [443 - 537 nm],
Bin08,cm^-3,particle concentration in size range [537 - 651 nm],
Bin09,cm^-3,particle concentration in size range [651 - 789 nm],
Bin10,cm^-3,particle concentration in size range [789 - 956 nm],
Bin11,cm^-3,particle concentration in size range [956 - 1159 nm],
Bin12,cm^-3,particle concentration in size range [1159 - 1404 nm],
Bin13,cm^-3,particle concentration in size range [1404 - 1702 nm],
Bin14,cm^-3,particle concentration in size range [1702 - 2062 nm],
Bin15,cm^-3,particle concentration in size range [2062 - 2500 nm],
0
19
PI_CONTACT_INFO: 325 Broadway R/CSL6, Boulder, CO 80305; troy.thornberry@noaa.gov; 303-497-3373 
PLATFORM: GML ECC/FPH balloon
LOCATION: Boulder, CO, USA
ASSOCIATED_DATA: N/A
INSTRUMENT_INFO: Printed Optical Particle Spectrometer counts particles from 140 - 2500 nm in diameter 
DATA_INFO: Particle concentrations reported in number per cubic centimeter, binned to 100 m altitude
UNCERTAINTY: Counting uncertainty dominated by air flow, less than 5 percent
ULOD_FLAG: -77777
ULOD_VALUE: 3000 ~3000 per cm3 (varies depending on flow rate- manufacturer quotes 1250  per cm3 at 1.667 cc/s)
LLOD_FLAG: -88888
LLOD_VALUE: 0 0 (varies depending on data field and measurement precision)
DM_CONTACT_INFO: Troy Thornberry, 325 Broadway R/CSL6, Boulder, CO 80305; troy.thornberry@noaa.gov; 303-497-3373
PROJECT_INFO: B2SAP Boulder, CO, USA
STIPULATIONS_ON_USE: Please contact the PIs for questions regarding applications and uncertainties
OTHER_COMMENTS: POPS bin Edges (nm):  140, 170, 205, 249, 302, 366, 443, 537, 651, 789, 956, 1159, 1404, 1702, 2062, 2500
Calculations assume sulfate refractive index of 1.45+0.00j and extinction wavelength = 532 nm
REVISION: R0
R0: QA/QC data
TIME_START,TIME_STOP,TIME_MID,GPSAlt,GPS_Lon,GPS_Lat,iMet_Pressure,iMet_Temperature,THETA,Aerosol_concentration,Surface_Area_Conc,Volume_density,Effective_radius,Extinction,Bin01,Bin02,Bin03,Bin04,Bin05,Bin06,Bin07,Bin08,Bin09,Bin10,Bin11,Bin12,Bin13,Bin14,Bin15
[from data line 320]
66045,66068,66056,17,-104.859,40.3347,93.8183,-70.0958,399.252,16.2592,2.26809,96.9036,0.128174,0.000444493,5.78135,4.66902,2.99367,1.63416,0.782748,0.151057,0.178522,0.0549297,0.0137324,0,0,0,0,0,0
66069,66092,66080,16.9,-104.856,40.3366,95.4371,-70.2221,397.054,15.5293,2.1905,96.2775,0.131857,0.000457814,5.71841,3.98222,3.08656,1.80509,0.564951,0.0826758,0.179131,0.0826758,0.0275586,0,0,0,0,0,0
66093,66113,66103,16.8,-104.854,40.3385,97.0844,-71.5888,392.457,13.6044,2.18406,136.917,0.188068,0.000560422,5.34217,3.16909,2.39945,1.72036,0.497999,0.271636,0.067909,0.0226363,0.0452726,0.0226363,0,0.0452726,0,0,0
66120,66142,66131,16.7,-104.852,40.3399,98.6962,-70.62,392.497,12.474,2.00593,178.584,0.267085,0.000522893,4.5602,3.3891,2.44867,1.25982,0.425855,0.195184,0.141952,0.017744,0.017744,0,0,0,0,0,0.017744
66144,66170,66157,16.6,-104.85,40.341,100.426,-69.1845,393.318,13.1,1.96651,107.525,0.164035,0.000473446,4.82631,3.51463,2.58972,1.34531,0.386777,0.201797,0.117715,0.0504492,0.0336328,0.0168164,0,0,0.0168164,0,0
66170,66196,66183,16.5,-104.848,40.3421,102.118,-69.4548,390.926,12.4398,1.9215,111.637,0.174296,0.000465772,4.67093,3.32262,2.21508,1.2841,0.577847,0.112359,0.144462,0.0642052,0,0.0160513,0,0.0321026,0,0,0
66197,66222,66210,16.4,-104.844,40.3431,103.839,-69.3527,389.266,12.3097,1.73016,86.7605,0.150438,0.000324067,4.85333,3.15718,2.18316,1.2931,0.57098,0.151142,0.0335871,0.0503806,0,0,0,0,0.0167935,0,0
66223,66249,66236,16.3,-104.84,40.3442,105.791,-68.8833,388.084,10.8426,1.50256,67.0771,0.133926,0.000331063,4.26837,3.09089,1.88888,0.85858,0.343432,0.196247,0.122654,0.0490617,0.0245308,0,0,0,0,0,0
66250,66276,66263,16.2,-104.835,40.3453,107.446,-68.8963,386.344,12.1957,1.70208,84.5444,0.149014,0.000387342,5.38087,3.07283,1.88467,1.06525,0.437025,0.0819422,0.204855,0.0273141,0.0273141,0,0.013657,0,0,0,0
66277,66303,66290,16.1,-104.83,40.3472,109.287,-68.3819,385.446,10.2675,1.39658,67.429,0.144844,0.00026803,4.21337,2.69983,1.78625,0.968122,0.422701,0.0954486,0.027271,0.0136355,0.027271,0,0.0136355,0,0,0,0
66304,66332,66318,16,-104.825,40.3497,110.819,-70.2717,380.362,9.86031,1.4865,74.785,0.150929,0.000419884,3.82087,2.92728,1.50986,0.739523,0.400575,0.246508,0.0308135,0.123254,0.0616269,0,0,0,0,0,0
66332,66356,66344,15.9,-104.82,40.3532,113.079,-69.6205,379.394,9.08981,1.33665,63.4745,0.142463,0.000349611,3.80699,2.46532,1.25781,0.788231,0.301876,0.18448,0.18448,0.100625,0,0,0,0,0,0,0
66357,66377,66367,15.8,-104.815,40.3556,114.747,-69.5589,377.932,7.61825,1.06761,46.8048,0.131522,0.000229015,3.1985,2.07418,0.949859,0.775395,0.271388,0.213234,0.116309,0.0193849,0,0,0,0,0,0,0
66384,66408,66396,15.7,-104.81,40.3581,116.85,-70.0489,375.058,7.88922,1.13535,64.7349,0.171052,0.000294674,3.67257,2.13747,1.01044,0.582947,0.194316,0.0582947,0.136021,0.0777263,0,0,0.0194316,0,0,0,0
66409,66433,66421,15.6,-104.805,40.3605,118.886,-68.6865,375.721,7.30139,0.931308,39.0357,0.125745,0.000175067,3.45336,1.77601,1.00077,0.662482,0.267812,0.0563814,0.0422861,0.0281907,0.0140954,0,0,0,0,0,0
66434,66458,66446,15.5,-104.801,40.3628,120.863,-68.9516,373.477,6.73106,0.933084,43.9008,0.141147,0.00022029,3.22622,1.61311,0.850548,0.469268,0.249299,0.205305,0.102652,0,0,0.0146646,0,0,0,0,0
66462,66485,66474,15.4,-104.796,40.3653,123.01,-68.5053,372.402,5.54217,0.901737,55.254,0.183825,0.000332238,2.89661,1.15864,0.444146,0.482768,0.251039,0.115864,0.0579321,0.0772428,0.0193107,0.0386214,0,0,0,0,0
66493,66516,66504,15.3,-104.789,40.3684,125.252,-68.7208,370.1,5.51925,0.726199,33.2421,0.137326,0.000171853,2.86942,1.30295,0.512397,0.483117,0.190319,0.0585597,0.0292798,0.0585597,0.0146399,0,0,0,0,0,0
66517,66545,66531,15.2,-104.783,40.3712,127.254,-68.2759,369.236,5.76664,0.944467,65.6329,0.208476,0.000281285,2.83318,1.25362,0.702026,0.376085,0.351013,0.0877533,0.0626809,0.0626809,0.0125362,0,0.0125362,0,0.0125362,0,0
66546,66575,66560,15.1,-104.776,40.3751,129.84,-67.1058,369.205,4.82345,0.69371,34.0315,0.147172,0.000186479,2.48756,0.94042,0.485378,0.485378,0.212353,0.121345,0.0303361,0.0303361,0.0303361,0,0,0,0,0,0
66577,66604,66590,15,-104.77,40.3782,131.81,-66.1745,369.288,5.38606,0.85573,58.9139,0.206539,0.000269227,2.7111,1.15674,0.632591,0.469924,0.234962,0.0722961,0.018074,0.036148,0,0.036148,0.018074,0,0,0,0
66605,66632,66618,14.9,-104.764,40.3812,133.66,-65.6827,368.697,4.9517,0.708877,43.4433,0.183854,0.00019257,2.69715,1.09269,0.525599,0.290463,0.138316,0.0829893,0.0968209,0,0,0.0138316,0.0138316,0,0,0,0
66635,66662,66648,14.8,-104.757,40.3852,136.031,-64.8807,368.262,4.83005,0.707771,37.573,0.159259,0.000228112,2.51725,1.0989,0.523895,0.281114,0.191669,0.0383338,0.0766675,0.0638896,0.0383338,0,0,0,0,0,0
66663,66689,66676,14.7,-104.751,40.3894,138.338,-64.4195,367.308,4.51849,0.566551,24.0351,0.12727,0.000108159,2.34432,0.926385,0.623892,0.397022,0.113435,0.0756232,0.0189058,0,0.0189058,0,0,0,0,0,0
66692,66717,66704,14.6,-104.744,40.3938,140.595,-63.3859,367.428,4.44381,0.664174,37.436,0.169094,0.00021328,2.2532,1.00142,0.438122,0.417259,0.166904,0.0417259,0.0417259,0.0417259,0.0208629,0.0208629,0,0,0,0,0
66718,66740,66729,14.5,-104.74,40.3968,142.292,-63.0623,366.739,4.13443,0.603347,33.9541,0.168828,0.000188298,2.31202,0.734405,0.489603,0.217601,0.217601,0.0544004,0.0544004,0.0272002,0,0.0272002,0,0,0,0,0
66752,66760,66756,14.4,-104.732,40.4015,144.798,-62.59,365.722,4.21001,0.521702,20.287,0.116659,8.03861e-05,2.37184,0.652255,0.474367,0.296479,0.355775,0.0592959,0,0,0,0,0,0,0,0,0
66775,66790,66782,14.3,-104.726,40.4045,147.075,-61.6008,365.811,3.82802,0.5374,27.231,0.152015,0.000155275,1.84913,0.973227,0.551495,0.194645,0.0973227,0.0648818,0.0324409,0.0324409,0.0324409,0,0,0,0,0,0
66809,66832,66820,14.2,-104.717,40.4085,150.141,-60.415,365.706,3.61851,0.490407,23.0113,0.140768,0.000125401,2.03655,0.672788,0.363669,0.290935,0.0545504,0.127284,0.0181835,0.0545504,0,0,0,0,0,0,0
66836,66867,66852,14.1,-104.709,40.4113,152.473,-60.3629,364.177,3.3372,0.579511,41.4523,0.214589,0.000169535,1.68756,0.511957,0.455073,0.246498,0.265459,0.0948069,0.0189614,0.0379228,0,0,0,0.0189614,0,0,0
66868,66892,66880,14,-104.7,40.4138,154.96,-60.1957,362.786,3.85137,0.627154,44.7704,0.21416,0.000194267,2.14387,0.683002,0.41739,0.227667,0.17075,0.0948613,0.0569168,0.0189723,0.0189723,0,0,0.0189723,0,0,0
66894,66923,66908,13.9,-104.692,40.416,157.392,-59.625,362.149,3.79245,0.530556,24.8573,0.140554,0.000138426,1.9504,0.884906,0.397305,0.198652,0.144474,0.0902965,0.108356,0.0180593,0,0,0,0,0,0,0
66924,66949,66936,13.8,-104.683,40.4181,159.954,-59.222,361.161,2.90392,0.409451,20.4609,0.149914,0.000116184,1.3724,0.755816,0.338128,0.298348,0.0198899,0.0198899,0.0596697,0.0198899,0.0198899,0,0,0,0,0,0
66952,66976,66964,13.7,-104.675,40.4198,162.457,-58.5905,360.617,2.94171,0.399577,17.5449,0.131726,8.62514e-05,1.44124,0.671262,0.315888,0.256659,0.138201,0.0789719,0.019743,0.019743,0,0,0,0,0,0,0
66977,67002,66990,13.6,-104.666,40.4213,165.209,-57.4255,360.847,3.49791,0.71429,60.727,0.255052,0.000281337,1.37418,0.910171,0.410469,0.499702,0.0713859,0.0713859,0.0535395,0.0535395,0,0.035693,0,0,0.0178465,0,0
67003,67028,67016,13.5,-104.657,40.4225,167.814,-57.1752,359.657,2.45144,0.356438,18.7509,0.15782,0.000108691,1.16286,0.612859,0.330001,0.125715,0.157143,0,0.0157143,0.0157143,0.0314287,0,0,0,0,0,0
67029,67056,67042,13.4,-104.645,40.4243,171.008,-56.5806,358.699,2.77098,0.41784,23.1241,0.166026,0.000145015,1.47131,0.662092,0.220697,0.220697,0,0.0980877,0.0245219,0.0490438,0.0245219,0,0,0,0,0,0
67057,67083,67070,13.3,-104.637,40.4254,173.071,-55.9105,358.58,2.13766,0.314686,20.26,0.193145,0.000116266,1.21271,0.431643,0.226099,0.18499,0.0205544,0,0.0205544,0,0.0205544,0.0205544,0,0,0,0,0
67084,67110,67097,13.2,-104.626,40.4271,176.064,-55.0548,358.241,1.92114,0.299051,17.9513,0.180083,0.000103285,1.03707,0.374027,0.238017,0.0510037,0.119009,0.0340025,0.0510037,0,0,0.0170012,0,0,0,0,0
67111,67137,67124,13.1,-104.615,40.4288,178.945,-54.8044,356.987,1.77161,0.283336,15.5288,0.164421,9.47771e-05,0.873669,0.315491,0.242686,0.121343,0.145611,0,0.0485371,0,0.0242686,0,0,0,0,0,0
67138,67166,67152,13,-104.604,40.4304,181.752,-54.2441,356.312,1.65026,0.245223,12.8459,0.157154,8.11049e-05,0.842684,0.456454,0.105336,0.105336,0.0351119,0.0175559,0.0526678,0.0351119,0,0,0,0,0,0,0
67167,67191,67179,12.9,-104.593,40.4322,184.468,-53.8667,355.421,1.6738,0.331608,21.3239,0.192914,0.000152734,0.901275,0.257507,0.107295,0.107295,0.128754,0.0214589,0.0858357,0.0429179,0.0214589,0,0,0,0,0,0
67192,67226,67209,12.8,-104.58,40.4344,187.395,-53.6667,354.153,0.914353,0.142683,7.35827,0.154712,4.63438e-05,0.513321,0.192495,0.0481238,0.0320825,0.0320825,0.0481238,0.0481238,0,0,0,0,0,0,0,0
67227,67255,67241,12.7,-104.565,40.4367,190.564,-53.0515,353.44,0.995641,0.166543,10.2822,0.185217,6.8282e-05,0.555261,0.153175,0.134029,0.0574408,0.0191469,0.0382939,0,0.0191469,0.0191469,0,0,0,0,0,0
67256,67293,67274,12.6,-104.551,40.4391,193.398,-52.4783,352.87,0.784104,0.216231,24.6236,0.341629,9.92004e-05,0.417077,0.100098,0.0834153,0.0834153,0.0333661,0,0,0.0500492,0,0,0,0.0166831,0,0,0
67294,67331,67312,12.5,-104.535,40.442,196.552,-51.6067,352.634,0.733534,0.119364,6.48091,0.162886,4.21867e-05,0.329342,0.239521,0.0299402,0.0449103,0.0299402,0.0149701,0.0299402,0.0149701,0,0,0,0,0,0,0
67332,67368,67350,12.4,-104.518,40.4454,199.728,-50.9035,352.142,0.697492,0.151953,12.3567,0.243958,9.12655e-05,0.357252,0.153108,0.068048,0.051036,0.017012,0,0,0,0.051036,0,0,0,0,0,0
67369,67399,67384,12.3,-104.504,40.4484,202.688,-50.0405,352.017,0.651063,0.2077,18.9551,0.273785,0.00014987,0.325531,0.0930089,0.0697567,0.0232522,0.0232522,0.0232522,0,0.0232522,0.0697567,0,0,0,0,0,0
67400,67431,67416,12.2,-104.491,40.4512,205.585,-49.2627,351.816,0.838743,0.197093,13.2896,0.202285,9.4384e-05,0.279581,0.239641,0.0399402,0.0998504,0.0399402,0.0798803,0.0199701,0.0199701,0.0199701,0,0,0,0,0,0
67432,67460,67446,12.1,-104.476,40.4539,208.911,-48.5744,351.288,0.85052,0.109453,4.67161,0.128045,2.28105e-05,0.461711,0.170104,0.0729018,0.0972023,0.0243006,0,0.0243006,0,0,0,0,0,0,0,0
67461,67489,67475,12,-104.463,40.4566,212.281,-48.2137,350.25,1.08742,0.187831,14.1694,0.226312,8.29129e-05,0.624689,0.277639,0.0231366,0.0231366,0.0694099,0.0462732,0,0,0,0.0231366,0,0,0,0,0
67490,67518,67504,11.9,-104.451,40.459,215.435,-47.3379,350.125,1.60276,0.239377,13.4937,0.16911,8.37887e-05,0.824276,0.343449,0.274759,0.0457931,0.0228966,0.0457931,0,0.0228966,0.0228966,0,0,0,0,0,0
67519,67544,67532,11.8,-104.442,40.461,218.248,-46.5447,350.058,2.32762,0.274179,10.8189,0.118378,4.70758e-05,1.20945,0.570495,0.342297,0.0912792,0.0684594,0,0.0456396,0,0,0,0,0,0,0,0
67549,67573,67561,11.7,-104.43,40.4635,221.809,-46.0172,349.258,2.52835,0.324552,14.2449,0.131672,7.17008e-05,1.37253,0.601989,0.168557,0.192636,0.120398,0.0240796,0.0240796,0.0240796,0,0,0,0,0,0,0
67578,67604,67591,11.6,-104.419,40.466,225.377,-45.8937,347.862,2.31648,0.471955,52.3365,0.332678,0.000169631,1.43077,0.431501,0.181685,0.0908424,0.0227106,0.0908424,0.0227106,0,0,0,0.0454212,0,0,0,0
67605,67640,67622,11.5,-104.408,40.4691,229.045,-45.1335,347.41,2.21147,0.299365,14.4433,0.144739,8.30748e-05,1.2744,0.44979,0.168671,0.14993,0.074965,0.0187412,0.0374825,0.0374825,0,0,0,0,0,0,0
67641,67673,67657,11.4,-104.398,40.472,232.258,-44.7532,346.609,1.66223,0.241557,12.563,0.156025,7.3859e-05,0.925364,0.291318,0.1885,0.102818,0.0685455,0.0342727,0.0342727,0,0.0171364,0,0,0,0,0,0
67674,67708,67691,11.3,-104.386,40.4758,235.932,-44.1906,345.912,1.40784,0.15819,6.36216,0.120655,2.82683e-05,0.925522,0.221604,0.104284,0.0912486,0.0391066,0.0130355,0,0.0130355,0,0,0,0,0,0,0
67710,67735,67722,11.2,-104.376,40.4793,239.203,-44.0125,344.825,1.37547,0.169604,6.76072,0.119585,2.83843e-05,0.785984,0.250086,0.125043,0.10718,0.0535898,0.0535898,0,0,0,0,0,0,0,0,0
67736,67775,67756,11.1,-104.365,40.4831,243.157,-43.1047,344.563,1.55899,0.23306,15.3216,0.197224,9.16833e-05,0.977913,0.240935,0.170072,0.0850359,0.0141726,0.0283453,0,0.0141726,0.0141726,0.0141726,0,0,0,0,0
67776,67808,67792,11,-104.356,40.4863,246.701,-42.2042,344.488,0.935837,0.107695,3.93976,0.109748,1.38587e-05,0.481681,0.220197,0.137623,0.0412869,0.0412869,0.0137623,0,0,0,0,0,0,0,0,0
67810,67841,67826,10.9,-104.346,40.4897,250.591,-41.1933,344.457,1.21972,0.191598,13.2963,0.208191,7.53572e-05,0.799814,0.179958,0.0599861,0.0399907,0.0799814,0.0399907,0,0,0,0.0199954,0,0,0,0,0
67842,67872,67857,10.8,-104.338,40.4929,254.09,-40.5776,344.005,1.18392,0.163351,8.44288,0.155057,5.19288e-05,0.662195,0.260865,0.160532,0.0200665,0.0200665,0.0200665,0,0.040133,0,0,0,0,0,0,0
67873,67901,67887,10.7,-104.328,40.4965,258.425,-39.6875,343.651,0.942463,0.114966,4.23886,0.110612,1.42443e-05,0.523591,0.0523591,0.209436,0.104718,0.0523591,0,0,0,0,0,0,0,0,0,0
67902,67924,67913,10.6,-104.323,40.4983,261.059,-38.7333,344.06,1.14031,0.173446,10.686,0.184829,7.08434e-05,0.723122,0.166874,0.11125,0.0556248,0.0278124,0,0.0278124,0,0.0278124,0,0,0,0,0,0
67925,67960,67942,10.5,-104.313,40.5016,265.585,-37.6669,343.937,2.21199,0.352255,25.8646,0.220278,0.000155024,1.25025,0.480867,0.28852,0.0641156,0.0641156,0,0,0,0.0320578,0.0320578,0,0,0,0,0
67963,67995,67979,10.4,-104.306,40.5041,269.359,-36.9861,343.54,3.15153,0.429059,20.8169,0.145553,0.000113404,1.68444,0.65204,0.362244,0.217347,0.126786,0.0543367,0,0.0362244,0.0181122,0,0,0,0,0,0
68000,68027,68014,10.3,-104.299,40.5065,273.374,-36.1716,343.267,2.62405,0.481374,31.392,0.19564,0.000200957,1.27077,0.462097,0.346572,0.264055,0.0495104,0.0990207,0.0660138,0.0165035,0.0330069,0.0165035,0,0,0,0,0
68028,68057,68042,10.2,-104.292,40.5087,277.1,-35.357,343.121,1.98954,0.25689,10.4129,0.121603,4.42488e-05,1.06656,0.30766,0.28715,0.164085,0.0820427,0.0820427,0,0,0,0,0,0,0,0,0
68058,68085,68072,10.1,-104.286,40.5109,281.385,-34.3677,343.044,2.02984,0.284364,12.1518,0.1282,5.70629e-05,0.949743,0.39107,0.242091,0.223469,0.186224,0,0.0372448,0,0,0,0,0,0,0,0
68086,68115,68100,10,-104.281,40.5129,285.192,-33.6856,342.702,2.12604,0.413664,29.438,0.213492,0.000196764,1.1775,0.327083,0.147187,0.163541,0.147187,0.0327083,0.0654165,0,0.0490624,0.0163541,0,0,0,0,0
68116,68146,68131,9.9,-104.274,40.5153,289.51,-32.7757,342.528,1.75376,0.238155,11.1582,0.140558,6.0891e-05,0.992437,0.339876,0.122355,0.149545,0.0815702,0.0271901,0.013595,0.0271901,0,0,0,0,0,0,0
68147,68176,68162,9.8,-104.268,40.5179,294.14,-31.8544,342.289,1.16807,0.187349,9.64038,0.154371,5.83463e-05,0.561573,0.224629,0.157241,0.0449259,0.112315,0.0224629,0.0224629,0.0224629,0,0,0,0,0,0,0
68177,68191,68184,9.7,-104.264,40.5195,296.682,-31.3321,342.189,1.24282,0.149475,5.66126,0.113623,2.08815e-05,0.664766,0.231223,0.144514,0.144514,0.0289029,0.0289029,0,0,0,0,0,0,0,0,0
68209,68236,68222,9.6,-104.257,40.5223,301.807,-30.2344,342.062,1.89311,0.244754,9.95667,0.122041,4.31208e-05,0.979963,0.311806,0.267263,0.200447,0.0890875,0.0222719,0.0222719,0,0,0,0,0,0,0,0
68237,68267,68252,9.5,-104.251,40.5247,306.184,-29.1524,342.172,1.71208,0.327776,22.3895,0.204922,0.000162002,0.960045,0.304014,0.176008,0.0320015,0.064003,0.0320015,0.0800038,0.0160008,0.0480023,0,0,0,0,0,0
68268,68298,68283,9.4,-104.244,40.5269,310.677,-28.4559,341.727,1.2717,0.184873,11.3795,0.184659,7.48236e-05,0.768935,0.280957,0.118298,0.0295744,0.0147872,0.0147872,0,0.0147872,0.0295744,0,0,0,0,0,0
68301,68330,68316,9.3,-104.238,40.5291,315.608,-27.5279,341.487,1.19996,0.192899,12.0161,0.186876,8.16527e-05,0.821026,0.147364,0.0631558,0.0421039,0,0.0842078,0,0.0210519,0.0210519,0,0,0,0,0,0
68332,68365,68348,9.2,-104.233,40.5309,319.578,-27.1065,340.848,2.22925,0.45461,48.3369,0.318978,0.000168825,1.29608,0.466588,0.138248,0.190091,0,0.0518431,0.017281,0.017281,0.017281,0,0,0.0345621,0,0,0
