api/data/B2SAP/Locations/Boulder/NOAA-POPS-B2SAP_GMLBalloon_20240731_R0.ict
82,1001
Thornberry, T. D.
NOAA Chemical Sciences Laboratory
Portable Optical Particle Spectrometer (POPS)
Balloon Baseline Stratospherid Aerosol Profiles (B2SAP)
1,1
2024,07,31,2024,08,01
0
TIME_START,s,Seconds since midnight UTC on flight start day,Start time of 100 m altitude bin in UTC_seconds_since_midnight
49
1.0,1.0,1.0,1.0,1.0,1.0,1.0,1.0,1.0,1.0,1.0,1.0,1.0,1.0,1.0,1.0,1.0,1.0,1.0,1.0,1.0,1.0,1.0,1.0,1.0,1.0,1.0,1.0,1.0,1.0,1.0,1.0,1.0,1.0,1.0,1.0,1.0,1.0,1.0,1.0,1.0,1.0,1.0,1.0,1.0,1.0,1.0,1.0,1.0
99999,99999,99999,99999,99999,99999,99999,99999,99999,99999,99999,99999,99999,99999,99999,99999,99999,99999,99999,99999,99999,99999,99999,99999,99999,99999,99999,99999,99999,99999,99999,99999,99999,99999,99999,99999,99999,99999,99999,99999,99999,99999,99999,99999,99999,99999,99999,99999,99999
TIME_STOP,s,End time of 100 m altitude bin in UTC seconds since midnight,
TIME_MID,s,Mid time of 100 m altitude in UTC seconds since midnight,
GPSAlt,km,GPS reported altitude above sea level (km),
GPS_Lon,deg,GPS reported longitude,
GPS_Lat,deg,GPS reported latitude,
iMet_Pressure,hPa,Pressure reported (hPa),
iMet_Temperature,degrees C,Ambient temperature (oC),
THETA,K,Potential temperature from iMet,
Aerosol_concentration,cm^-3,Aerosol concentration,
Surface_Area_Conc,um^2 cm^-3,Surface area concentration,
Volume_density,um^3 cm^-3,Volume density,
Effective_radius,um,Effective radius,
Extinction,km^-1,Extinction,
Bin01,cm^-3,particle concentration in size range [140 - 146.14 nm],
Bin02,cm^-3,particle concentration in size range [146.14 - 152.56 nm],
Bin03,cm^-3,particle concentration in size range [152.56 - 159.25 nm],
Bin04,cm^-3,particle concentration in size range [159.25 - 166.24 nm],
Bin05,cm^-3,particle concentration in size range [166.24 - 173.54 nm],
Bin06,cm^-3,particle concentration in size range [173.54 - 181.16 nm],
Bin07,cm^-3,particle concentration in size range [181.16 - 189.11 nm],
Bin08,cm^-3,particle concentration in size range [189.11 - 197.41 nm],
Bin09,cm^-3,particle concentration in size range [197.41 - 206.07 nm],
Bin10,cm^-3,particle concentration in size range [206.07 - 215.12 nm],
Bin11,cm^-3,particle concentration in size range [215.12 - 224.56 nm],
Bin12,cm^-3,particle concentration in size range [224.56 - 234.41 nm],
Bin13,cm^-3,particle concentration in size range [234.41 - 244.70 nm],
Bin14,cm^-3,particle concentration in size range [244.70 - 361.30 nm],
Bin15,cm^-3,particle concentration in size range [361.30 - 472.80 nm],
Bin16,cm^-3,particle concentration in size range [472.80 - 567.00 nm],
Bin17,cm^-3,particle concentration in size range [567.00 - 610.66 nm],
Bin18,cm^-3,particle concentration in size range [610.66 - 657.69 nm],
Bin19,cm^-3,particle concentration in size range [657.69 - 708.33 nm],
Bin20,cm^-3,particle concentration in size range [708.33 - 762.88 nm],
Bin21,cm^-3,particle concentration in size range [762.88 - 821.62 nm],
Bin22,cm^-3,particle concentration in size range [821.62 - 884.89 nm],
Bin23,cm^-3,particle concentration in size range [884.89 - 953.03 nm],
Bin24,cm^-3,particle concentration in size range [953.03 - 1026.42 nm],
Bin25,cm^-3,particle concentration in size range [1026.42 - 1105.46 nm],
Bin26,cm^-3,particle concentration in size range [1105.46 - 1190.59 nm]],
[...]
LOCATION: Boulder, CO, USA
ASSOCIATED_DATA: N/A
INSTRUMENT_INFO: Printed Optical Particle Spectrometer counts particles from 140 - 2500 nm in diameter 
DATA_INFO: Particle concentrations reported in number per cubic centimeter, binned to 100 m altitude
UNCERTAINTY: Counting uncertainty dominated by air flow, less than 5 percent
ULOD_FLAG: -77777
ULOD_VALUE: 3000 ~3000 per cm3 (varies depending on flow rate- manufacturer quotes 1250  per cm3 at 1.667 cc/s)
LLOD_FLAG: -88888
LLOD_VALUE: 0 0 (varies depending on data field and measurement precision)
DM_CONTACT_INFO: Troy Thornberry, 325 Broadway R/CSL6, Boulder, CO 80305; troy.thornberry@noaa.gov; 303-497-3373
PROJECT_INFO: B2SAP Boulder, CO, USA
STIPULATIONS_ON_USE: Please contact the PIs for questions regarding applications and uncertainties
OTHER_COMMENTS: POPS bin Edges (nm):  140, 146.14, 152.56, 159.25, 166.24, 173.54, 181.16, 189.11, 197.41, 206.07, 215.12, 224.56, 234.41, 244.70, 361.30, 472.80, 567.00, 610.66, 657.69, 708.33, 762.88, 821.62, 884.89, 953.03, 1026.42, 1105.46, 1190.59, 1282.27, 1381.01, 1487.36, 1601.89, 1725.25, 1858.10, 2001.18, 2155.28, 2321.25, 2500
Calculations assume sulfate refractive index of 1.45+0.00j and extinction wavelength = 532 nm
REVISION: R0
R0: QA/QC data
TIME_START,TIME_STOP,TIME_MID,GPSAlt,GPS_Lon,GPS_Lat,iMet_Pressure,iMet_Temperature,THETA,Aerosol_concentration,Surface_Area_Conc,Volume_density,Effective_radius,Extinction,Bin01,Bin02,Bin03,Bin04,Bin05,Bin06,Bin07,Bin08,Bin09,Bin10,Bin11,Bin12,Bin13,Bin14,Bin15,Bin16,Bin17,Bin18,Bin19,Bin20,Bin21,Bin22,Bin23,Bin24,Bin25,Bin26,Bin27,Bin28,Bin29,Bin30,Bin31,Bin32,Bin33,Bin34,Bin35,Bin36
[from data line 418]
68514,68518,68516,14.6,-104.794,40.0488,143.218,-59.766,371.799,9.53334,1.25967,51.3841,0.122375,0.000219587,1.28463,1.0818,0.946573,0.676124,0.473287,0.743736,0.473287,0.405674,0.811348,0.540899,0.270449,0.405674,0.270449,0.878961,0.202837,0.0676124,0,0,0,0,0,0,0,0,0,0,0,0,0,0,0,0,0,0,0,0
68519,68524,68522,14.5,-104.793,40.0486,145.62,-59.65,370.24,11.1876,1.71444,88.1307,0.154215,0.000496945,1.29957,1.07356,1.24306,1.01705,0.678035,1.01705,0.734538,0.678035,0.508526,0.395521,0.395521,0.226012,0.226012,1.13006,0.282515,0.169509,0.0565029,0,0,0,0.0565029,0,0,0,0,0,0,0,0,0,0,0,0,0,0,0
68525,68529,68527,14.4,-104.791,40.0485,148.056,-59.508,368.732,12.3295,2.06332,112.436,0.163479,0.000707602,1.02178,1.56673,1.83921,0.885545,1.15802,0.613069,0.476832,0.681188,0.408713,0.749307,0.340594,0.340594,0.0681188,1.36238,0.204356,0.408713,0.136238,0,0.0681188,0,0,0,0,0,0,0,0,0,0,0,0,0,0,0,0,0
68530,68534,68532,14.3,-104.79,40.0483,150.31,-59.422,367.291,11.6948,2.56689,197.402,0.230709,0.0011793,1.56427,1.86222,0.819378,0.521422,0.968356,0.446933,0.819378,0.595911,0.297956,0.521422,0.148978,0.372444,0.148978,1.3408,0.521422,0.446933,0,0.0744889,0.0744889,0,0,0,0.0744889,0,0.0744889,0,0,0,0,0,0,0,0,0,0,0
68535,68539,68537,14.2,-104.789,40.0482,152.608,-59.398,365.745,14.0168,2.32906,165.989,0.213806,0.000670429,1.91486,1.3787,1.3787,1.30211,1.83827,1.22551,0.382973,0.689351,0.765946,0.382973,0.153189,0.306378,0.536162,0.84254,0.536162,0.306378,0,0,0,0,0,0,0,0,0,0,0.0765946,0,0,0,0,0,0,0,0,0
68540,68545,68542,14.1,-104.787,40.0481,155.173,-59.4267,363.957,13.0782,1.7832,77.5386,0.130449,0.000375944,1.84944,1.32103,1.32103,1.05682,1.25498,1.32103,0.46236,0.990772,0.528412,0.528412,0.264206,0.330257,0.0660515,1.12288,0.528412,0.132103,0,0,0,0,0,0,0,0,0,0,0,0,0,0,0,0,0,0,0,0
68546,68550,68548,14,-104.785,40.0481,157.764,-58.792,363.317,12.1215,3.31094,592.22,0.536602,0.00146965,1.78715,1.32093,1.24323,1.01013,1.55404,0.543914,1.01013,0.38851,0.233106,0.38851,0.310808,0.466212,0.155404,0.932424,0.310808,0.310808,0,0,0,0,0,0,0,0,0,0,0,0,0,0.077702,0,0,0,0.077702,0,0
68551,68555,68553,13.9,-104.783,40.0482,160.16,-59.108,361.221,11.2058,1.81821,93.1637,0.153717,0.000561907,1.63418,1.63418,1.16727,0.700361,0.700361,0.778179,0.466907,0.311271,0.466907,0.466907,0.233454,0.389089,0.311271,1.01163,0.466907,0.466907,0,0,0,0,0,0,0,0,0,0,0,0,0,0,0,0,0,0,0,0
68556,68560,68558,13.8,-104.782,40.0483,162.608,-58.902,360.003,13.1419,2.30646,134.229,0.17459,0.000834003,1.38336,1.84447,0.922237,1.46021,0.768531,0.768531,1.22965,0.537972,0.461119,0.384266,0.153706,0.230559,0.537972,1.38336,0.691678,0.153706,0,0,0.153706,0,0.0768531,0,0,0,0,0,0,0,0,0,0,0,0,0,0,0
68561,68565,68563,13.7,-104.78,40.0485,165.056,-58.684,358.833,17.0749,2.81215,149.804,0.159811,0.000943586,3.25976,2.09556,1.70749,1.08659,0.620906,1.39704,0.853746,0.776133,0.46568,0.388066,0.543293,0.543293,0.388066,1.55227,0.543293,0.776133,0,0.0776133,0,0,0,0,0,0,0,0,0,0,0,0,0,0,0,0,0,0
68566,68571,68568,13.6,-104.779,40.0485,167.803,-58.255,357.862,17.3644,2.3765,112.212,0.141652,0.000621499,3.16303,2.19475,1.42013,1.872,1.09738,1.48469,0.83917,0.83917,0.710067,0.387309,0.580964,0.580964,0.258206,1.22648,0.193655,0.322758,0.193655,0,0,0,0,0,0,0,0,0,0,0,0,0,0,0,0,0,0,0
68572,68576,68574,13.5,-104.777,40.0484,170.626,-57.906,356.734,12.3265,2.1022,123.069,0.175628,0.000842392,2.34047,1.63833,1.17024,0.93619,1.17024,0.468095,0.702142,0.624127,0.312063,0.390079,0.234047,0.0780158,0.234047,1.09222,0.156032,0.390079,0.234047,0.156032,0,0,0,0,0,0,0,0,0,0,0,0,0,0,0,0,0,0
68577,68581,68579,13.4,-104.775,40.0481,173.188,-57.546,355.809,14.6963,2.57713,160.359,0.186672,0.00100273,2.52592,1.22469,1.30123,1.53086,1.22469,0.918517,0.918517,0.612345,0.153086,0.459259,0.382715,0.382715,0.382715,1.83703,0.229629,0.229629,0,0.229629,0.0765431,0,0,0,0.0765431,0,0,0,0,0,0,0,0,0,0,0,0,0
68582,68587,68584,13.3,-104.774,40.0479,176.048,-56.8217,355.345,10.0332,1.26314,57.0618,0.135523,0.00029194,1.43332,1.43332,1.68259,0.872455,0.872455,0.560864,0.685501,0.685501,0.249273,0.0623182,0.373909,0.124636,0.124636,0.436228,0.311591,0.0623182,0,0,0.0623182,0,0,0,0,0,0,0,0,0,0,0,0,0,0,0,0,0
68588,68592,68590,13.2,-104.772,40.0477,178.934,-56.296,354.553,10.7636,1.79775,114.961,0.191841,0.000638714,1.62615,1.31641,1.00667,0.851794,0.464615,1.0841,0.464615,0.542051,0.542051,0.542051,0.387179,0.309743,0.232308,0.774358,0.154872,0.309743,0.0774358,0,0,0,0,0,0,0.0774358,0,0,0,0,0,0,0,0,0,0,0,0
68593,68597,68595,13.1,-104.77,40.0476,181.534,-56.244,353.186,12.4552,2.14105,131.556,0.184333,0.000880453,1.64503,1.72336,1.72336,0.940015,1.17502,0.783346,0.783346,0.626677,0.313338,0.156669,0.235004,0.235004,0.156669,1.01835,0.313338,0.313338,0,0.156669,0.0783346,0,0.0783346,0,0,0,0,0,0,0,0,0,0,0,0,0,0,0
68598,68603,68600,13,-104.768,40.0476,184.477,-55.945,352.047,12.4501,2.13782,443.473,0.622324,0.000631877,2.05363,1.34769,1.6044,0.770111,1.02681,1.09099,0.32088,0.641759,0.385055,0.641759,0.641759,0.385055,0.256704,1.02681,0.128352,0.0641759,0,0,0,0,0,0,0,0,0,0,0,0,0,0,0,0.0641759,0,0,0,0
68604,68608,68606,12.9,-104.766,40.0478,187.442,-55.522,351.129,10.9197,1.40976,63.7495,0.13566,0.000342322,2.04743,1.28913,1.28913,1.36496,0.83414,0.454986,0.758309,0.606647,0.454986,0.151662,0.379155,0.151662,0.151662,0.454986,0.227493,0.303324,0,0,0,0,0,0,0,0,0,0,0,0,0,0,0,0,0,0,0,0
68609,68613,68611,12.8,-104.765,40.048,190.202,-55.064,350.403,16.9721,2.15368,102.172,0.142322,0.000563594,3.19653,2.96821,1.9027,1.75048,0.761079,1.52216,0.684971,0.913295,0.761079,0.532756,0.152216,0.152216,0.0761079,1.06551,0.152216,0.0761079,0.228324,0,0.0761079,0,0,0,0,0,0,0,0,0,0,0,0,0,0,0,0,0
68614,68619,68616,12.7,-104.763,40.0482,193.247,-54.8167,349.214,18.1043,3.59359,506.068,0.422476,0.00151679,3.72005,2.85204,1.67402,1.73602,1.55002,1.05401,0.992014,0.68201,0.434006,0.310004,0.496007,0.496007,0.0620009,0.868012,0.372005,0.620009,0,0,0,0.0620009,0.0620009,0,0,0,0,0,0,0,0,0,0,0,0,0,0.0620009,0
68620,68624,68622,12.6,-104.761,40.0483,196.294,-54.238,348.572,19.6343,3.67411,287.058,0.23439,0.00155671,3.34848,3.12018,2.20695,2.20695,1.06543,1.21763,0.989324,0.761019,0.684917,0.456611,0.304407,0.152204,0.152204,1.36983,0.684917,0.380509,0,0.152204,0.152204,0,0.0761019,0,0.0761019,0,0,0,0.0761019,0,0,0,0,0,0,0,0,0
68625,68629,68627,12.5,-104.76,40.0484,199.178,-53.568,348.193,19.2337,2.33733,120.922,0.155205,0.000557133,4.08225,3.1402,1.72711,2.11963,0.863554,1.17757,1.80561,1.17757,0.628039,0.628039,0.392524,0.15701,0.471029,0.235515,0.31402,0.235515,0,0,0,0,0,0,0,0.0785049,0,0,0,0,0,0,0,0,0,0,0,0
68630,68634,68632,12.4,-104.758,40.0486,202.256,-53.32,347.059,18.2412,2.9284,207.449,0.212521,0.000894647,3.36487,2.39083,2.03663,1.59389,1.41679,1.23969,0.885493,1.06259,0.619845,0.265648,0.531296,0.0885493,0.177099,1.77099,0.177099,0.354197,0.0885493,0.0885493,0,0,0,0,0,0,0,0,0.0885493,0,0,0,0,0,0,0,0,0
68635,68639,68637,12.3,-104.757,40.0487,205.37,-52.938,346.146,15.785,2.17227,106.393,0.146933,0.000589761,2.87793,2.52909,1.22094,1.7442,0.95931,0.95931,1.04652,0.52326,0.8721,0.52326,0.17442,0.26163,0.17442,1.13373,0.52326,0.08721,0.08721,0,0,0.08721,0,0,0,0,0,0,0,0,0,0,0,0,0,0,0,0
68640,68644,68642,12.2,-104.755,40.0488,208.384,-52.388,345.565,13.9158,1.94939,114.792,0.176658,0.000576027,2.23341,2.49111,1.3744,0.859003,1.2026,1.3744,0.944903,0.687202,0.515402,0.343601,0.171801,0.171801,0.343601,0.601302,0.257701,0.257701,0,0,0,0,0,0,0,0.0859003,0,0,0,0,0,0,0,0,0,0,0,0
68645,68650,68648,12.1,-104.754,40.0489,211.797,-52.1133,344.395,14.4816,2.04269,122.421,0.179793,0.00056531,2.85244,1.90162,1.31651,1.90162,0.658255,0.585115,0.804534,0.804534,0.511976,0.658255,0.219418,0.585115,0.365697,0.877673,0.146279,0.0731394,0.146279,0,0,0,0,0,0,0,0.0731394,0,0,0,0,0,0,0,0,0,0,0
68651,68655,68653,12,-104.752,40.049,215.17,-51.458,343.864,14.2075,1.80514,81.4421,0.135351,0.000414931,2.07914,2.42567,1.81925,0.952941,1.21283,1.1262,0.779679,0.519786,0.433155,0.346524,0.519786,0.606417,0.086631,0.86631,0.173262,0.173262,0,0,0.086631,0,0,0,0,0,0,0,0,0,0,0,0,0,0,0,0,0
68656,68660,68658,11.9,-104.751,40.0491,218.25,-50.82,343.454,12.5251,1.6791,76.2458,0.136226,0.000400187,2.50501,1.20932,1.03656,1.38208,0.777418,0.518278,0.863797,0.863797,0.691038,0.431899,0.345519,0.431899,0.259139,0.604658,0.345519,0.172759,0.0863797,0,0,0,0,0,0,0,0,0,0,0,0,0,0,0,0,0,0,0
68661,68666,68664,11.8,-104.749,40.0493,221.667,-50.01,343.18,12.1114,1.96131,120.732,0.184671,0.000763213,2.13731,2.13731,1.49612,0.783681,0.712437,0.926169,0.498706,0.427462,0.498706,0.356219,0.213731,0,0.0712437,1.1399,0.213731,0.284975,0,0,0.0712437,0.0712437,0,0.0712437,0,0,0,0,0,0,0,0,0,0,0,0,0,0
68667,68671,68669,11.7,-104.747,40.0494,225.05,-49.22,342.907,13.9086,1.77402,85.8024,0.145099,0.000472295,2.69479,2.69479,1.56472,0.78236,1.56472,0.608502,0.521573,0.521573,0.521573,0.347715,0.347715,0.260787,0.347715,0.608502,0.260787,0.0869289,0.0869289,0,0,0.0869289,0,0,0,0,0,0,0,0,0,0,0,0,0,0,0,0
68672,68677,68674,11.6,-104.746,40.0496,228.437,-48.6017,342.387,23.894,3.76064,396.517,0.316316,0.00122969,4.19955,3.6927,2.82383,2.09977,1.44812,1.88256,1.1585,1.59293,0.796466,0.651654,0.36203,0.651654,0.144812,1.66534,0.36203,0.144812,0,0.144812,0,0,0,0,0,0,0,0,0,0,0,0,0,0,0.072406,0,0,0
68678,68682,68680,11.5,-104.744,40.0496,231.92,-47.94,341.92,20.8429,3.86464,286.515,0.222413,0.00153264,3.64751,3.0396,2.43168,1.99745,1.12899,0.78161,1.12899,0.868456,0.521073,0.434228,0.607919,0.260537,0.521073,1.99745,0.347382,0.607919,0.0868456,0.0868456,0.173691,0.0868456,0,0,0,0,0,0,0.0868456,0,0,0,0,0,0,0,0,0
68683,68688,68686,11.4,-104.743,40.0498,235.387,-47.3983,341.289,19.2337,3.07092,169.266,0.165357,0.00102436,2.65541,2.94248,2.2248,1.93773,1.29182,1.29182,1.14828,0.502374,0.215303,0.502374,0.717677,0.430606,0.287071,1.65066,0.789445,0.430606,0.0717677,0.0717677,0,0,0,0.0717677,0,0,0,0,0,0,0,0,0,0,0,0,0,0
68689,68693,68691,11.3,-104.741,40.0499,238.942,-46.76,340.79,18.0665,2.66642,149.235,0.167905,0.000856536,2.773,2.60494,2.68897,1.42851,1.17642,1.09239,1.17642,1.00836,0.252091,0.840303,0.336121,0.168061,0.336121,1.26045,0.336121,0.420151,0,0.0840303,0,0,0,0,0.0840303,0,0,0,0,0,0,0,0,0,0,0,0,0
68694,68699,68696,11.2,-104.74,40.0501,242.565,-45.9967,340.471,15.248,2.14981,115.806,0.161604,0.000627171,2.12762,2.12762,2.34039,1.48934,0.992892,0.921971,0.780129,0.709208,0.354604,0.921971,0.212762,0.354604,0,1.48934,0,0.283683,0,0.0709208,0,0,0,0,0.0709208,0,0,0,0,0,0,0,0,0,0,0,0,0
68700,68704,68702,11.1,-104.739,40.0503,246.408,-45.268,340.036,21.4746,3.28237,286.343,0.26171,0.000907215,4.14274,2.70546,2.45183,2.0291,1.35273,1.60637,0.930004,0.930004,1.26819,0.845458,0.507275,0.338183,0.422729,1.52182,0.0845458,0.0845458,0,0.0845458,0,0,0,0.0845458,0,0,0,0,0,0,0,0.0845458,0,0,0,0,0,0
68705,68709,68707,11,-104.737,40.0504,249.98,-44.556,339.698,13.6619,1.59531,62.0504,0.116686,0.000254815,2.71541,1.69713,1.61227,1.44256,1.10314,0.933422,0.678852,0.339426,0.509139,0.509139,0.424283,0.25457,0.169713,0.933422,0.25457,0.0848566,0,0,0,0,0,0,0,0,0,0,0,0,0,0,0,0,0,0,0,0
68710,68714,68712,10.9,-104.736,40.0505,253.696,-43.79,339.404,23.8764,3.03747,133.869,0.132217,0.000689523,5.43395,2.88164,1.89365,2.30531,2.30531,1.15266,1.56432,0.65866,0.905658,1.07032,0.493995,0.493995,0.493995,1.23499,0.411663,0.576328,0,0,0,0,0,0,0,0,0,0,0,0,0,0,0,0,0,0,0,0
68715,68719,68717,10.8,-104.735,40.0506,257.43,-43.124,338.968,21.8218,2.63733,101.413,0.115358,0.000393944,3.05674,3.05674,2.29256,2.12274,1.86801,1.27364,1.27364,1.01891,1.44346,1.10382,0.254729,0.424548,0.339638,1.69819,0.594367,0,0,0,0,0,0,0,0,0,0,0,0,0,0,0,0,0,0,0,0,0
68720,68724,68722,10.7,-104.734,40.0507,261.12,-42.338,338.747,15.5049,2.14664,101.215,0.141452,0.000566098,2.57034,2.07285,1.90702,1.65828,1.07788,1.57537,0.497485,0.580399,0.41457,0.331656,0.165828,0.331656,0.331656,1.1608,0.331656,0.497485,0,0,0,0,0,0,0,0,0,0,0,0,0,0,0,0,0,0,0,0
68725,68729,68727,10.6,-104.733,40.0507,264.69,-41.784,338.245,11.4627,1.49313,66.5737,0.13376,0.000339677,1.29279,1.12041,1.72371,1.2066,1.46516,0.775672,0.430929,0.775672,0.344743,0.517114,0.172371,0.344743,0.172371,0.689486,0.258557,0.0861857,0,0.0861857,0,0,0,0,0,0,0,0,0,0,0,0,0,0,0,0,0,0
68730,68735,68732,10.5,-104.731,40.0507,268.66,-41.0583,337.864,12.8316,1.69894,78.3888,0.138419,0.000428504,1.97935,1.0238,1.63808,1.70634,1.0238,1.0238,0.819041,0.750788,0.273014,0.477774,0.546027,0.273014,0.20476,0.546027,0.136507,0.341267,0.0682534,0,0,0,0,0,0,0,0,0,0,0,0,0,0,0,0,0,0,0
68736,68740,68738,10.4,-104.73,40.0506,272.674,-40.236,337.63,15.2408,2.13895,108.143,0.151676,0.00059688,2.58178,1.74895,1.24925,1.74895,1.16597,1.41582,0.832833,0.749549,0.749549,0.24985,0.0832833,0.749549,0.0832833,1.16597,0.416416,0.0832833,0,0.0832833,0,0,0.0832833,0,0,0,0,0,0,0,0,0,0,0,0,0,0,0
68741,68746,68744,10.3,-104.729,40.0505,276.775,-39.51,337.242,10.7328,1.21447,48.9277,0.120862,0.000220314,1.98756,1.92131,1.25879,1.25879,0.728773,0.530017,0.596269,0.33126,0.530017,0.132504,0.33126,0.397513,0.0662521,0.397513,0.132504,0.0662521,0.0662521,0,0,0,0,0,0,0,0,0,0,0,0,0,0,0,0,0,0,0
68747,68751,68749,10.2,-104.727,40.0505,280.79,-38.66,337.078,14.935,1.77717,67.776,0.114411,0.000259064,2.93804,1.79547,1.87708,1.22418,1.14257,0.897735,0.652898,0.816123,0.326449,0.652898,0.326449,0.326449,0.244837,1.38741,0.326449,0,0,0,0,0,0,0,0,0,0,0,0,0,0,0,0,0,0,0,0,0
68752,68757,68754,10.1,-104.726,40.0505,284.883,-37.7933,336.927,17.808,2.31457,152.418,0.197555,0.00042348,3.65463,2.45857,1.86054,1.66119,1.3954,0.730925,0.930269,1.06316,0.730925,0.863821,0.265791,0.531582,0.531582,0.797373,0.199343,0.0664478,0,0,0,0,0,0,0,0,0,0,0,0.0664478,0,0,0,0,0,0,0,0
68758,68762,68760,10,-104.725,40.0505,288.952,-36.994,336.705,17.7017,2.38972,121.825,0.152936,0.000609382,3.26922,1.91369,2.07317,1.43527,1.43527,1.59474,1.03658,0.956846,0.478423,0.478423,0.159474,0.318949,0.637897,1.35553,0.239211,0.239211,0,0,0,0,0,0,0.0797372,0,0,0,0,0,0,0,0,0,0,0,0,0
68763,68768,68766,9.9,-104.723,40.0505,293.143,-36.235,336.401,18.756,3.15147,240.508,0.228948,0.00102636,2.88553,2.16415,1.90183,2.36089,1.44277,0.918124,1.04928,0.983704,0.852544,0.786963,0.655803,0.196741,0.327901,1.04928,0.524642,0.393482,0.0655803,0.0655803,0,0.0655803,0,0,0,0,0,0,0,0,0.0655803,0,0,0,0,0,0,0
68769,68774,68772,9.8,-104.722,40.0506,297.647,-35.3267,336.224,17.5284,2.52321,130.393,0.155033,0.000692187,2.69163,2.36339,1.11604,1.70689,1.64124,1.11604,0.919094,1.18169,0.919094,0.525197,0.525197,0.262598,0.328248,1.50994,0.262598,0.393898,0,0,0,0,0,0,0.0656496,0,0,0,0,0,0,0,0,0,0,0,0,0
68775,68779,68777,9.7,-104.721,40.0506,301.798,-34.638,335.862,13.5234,1.84614,89.7208,0.145797,0.000521004,2.73688,1.20745,2.01241,0.804965,1.04646,1.20745,0.804965,0.804965,0.643972,0.24149,0.160993,0.24149,0.24149,0.724469,0.160993,0.321986,0.160993,0,0,0,0,0,0,0,0,0,0,0,0,0,0,0,0,0,0,0
68780,68785,68782,9.6,-104.719,40.0507,306.012,-33.935,335.52,17.8524,2.58167,125.207,0.145495,0.000704091,2.8114,2.24912,1.47598,1.89769,1.89769,0.913704,0.702849,0.773134,0.632564,0.562279,0.632564,0.562279,0.14057,1.75712,0.421709,0.210855,0.0702849,0.14057,0,0,0,0,0,0,0,0,0,0,0,0,0,0,0,0,0,0
68786,68791,68788,9.5,-104.718,40.0508,310.555,-33.23,335.097,24.2262,3.12729,137.219,0.131634,0.000684783,4.10499,3.90311,2.35532,1.95155,1.95155,1.68237,1.61508,1.00942,0.67295,0.67295,0.67295,0.336475,0.605655,1.74967,0.605655,0.201885,0.067295,0.067295,0,0,0,0,0,0,0,0,0,0,0,0,0,0,0,0,0,0
68792,68796,68794,9.4,-104.717,40.0509,314.804,-32.57,334.717,27.6715,4.36535,226.866,0.155909,0.0013469,4.55567,2.86839,2.44656,2.3622,1.60292,1.94038,1.26546,0.843643,1.09674,1.34983,1.43419,0.759278,0.843643,2.69966,0.759278,0.421821,0.168729,0.168729,0,0.0843643,0,0,0,0,0,0,0,0,0,0,0,0,0,0,0,0
