api/data/B2SAP/Locations/Boulder/NOAA-POPS-B2SAP_GMLBalloon_20201106_R0.ict
61,1001
Thornberry, T. D.
NOAA Chemical Sciences Laboratory
Portable Optical Particle Spectrometer (POPS)
Balloon Baseline Stratospheric Aerosol Profiles (B2SAP)
1,1
2020,11,06,2024,05,30
0
TIME_START,s,Seconds since midnight UTC on flight start day,Start time of 100 m altitude bin in UTC_seconds_since_midnight
28
1.0,1.0,1.0,1.0,1.0,1.0,1.0,1.0,1.0,1.0,1.0,1.0,1.0,1.0,1.0,1.0,1.0,1.0,1.0,1.0,1.0,1.0,1.0,1.0,1.0,1.0,1.0,1.0
99999,99999,99999,99999,99999,99999,99999,99999,99999,99999,99999,99999,99999,99999,99999,99999,99999,99999,99999,99999,99999,99999,99999,99999,99999,99999,99999,99999
TIME_STOP,s,End time of 100 m altitude bin in UTC seconds since midnight,
TIME_MID,s,Mid time of 100 m altitude in UTC seconds since midnight,
GPSAlt,m,GPS reported altitude above sea level (m),
GPS_Lon,deg,GPS reported longitude,
GPS_Lat,deg,GPS reported latitude,
iMet_Pressure,mb,Pressure reported (mB),
iMet_Temperature,degrees C,Ambient temperature (oC),
THETA,K,Potential temperature from iMet,
Aerosol_concentration,cm^-3,Aerosol concentration,
Surface_Area_Conc,um^2 cm^-3,Surface area concentration,
Volume_density,um^3 cm^-3,Volume density,
Effective_radius,um,Effective radius,
Extinction,km^-1,Extinction,
Bin01,cm^-3,particle concentration in size range [140 - 170 nm],
Bin02,cm^-3,particle concentration in size range [170 - 205 nm],
Bin03,cm^-3,particle concentration in size range [205 - 249 nm],
Bin04,cm^-3,particle concentration in size range [249 - 302 nm],
Bin05,cm^-3,particle concentration in size range [302 - 366 nm],
Bin06,cm^-3,particle concentration in size range [366 - 443 nm],
Bin07,cm^-3,particle concentration in size range [443 - 537 nm],
Bin08,cm^-3,particle concentration in size range [537 - 651 nm],
Bin09,cm^-3,particle concentration in size range [651 - 789 nm],
Bin10,cm^-3,particle concentration in size range [789 - 956 nm],
Bin11,cm^-3,particle concentration in size range [956 - 1159 nm],
Bin12,cm^-3,particle concentration in size range [1159 - 1404 nm],
Bin13,cm^-3,particle concentration in size range [1404 - 1702 nm],
Bin14,cm^-3,particle concentration in size range [1702 - 2062 nm],
Bin15,cm^-3,particle concentration in size range [2062 - 2500 nm],
0
19
PI_CONTACT_INFO: 325 Broadway R/CSL6, Boulder, CO 80305; troy.thornberry@noaa.gov; 303-497-3373 
PLATFORM: GML ECC/FPH balloon
LOCATION: Boulder, CO, USA
ASSOCIATED_DATA: N/A
INSTRUMENT_INFO: Printed Optical Particle Spectrometer counts particles from 140 - 2500 nm in diameter 
DATA_INFO: Particle concentrations reported in number per cubic centimeter, binned to 100 m altitude
UNCERTAINTY: Counting uncertainty dominated by air flow, less than 5 percent
ULOD_FLAG: -77777
ULOD_VALUE: 3000 ~3000 per cm3 (varies depending on flow rate- manufacturer quotes 1250  per cm3 at 1.667 cc/s)
LLOD_FLAG: -88888
LLOD_VALUE: 0 0 (varies depending on data field and measurement precision)
DM_CONTACT_INFO: Troy Thornberry, 325 Broadway R/CSL6, Boulder, CO 80305; troy.thornberry@noaa.gov; 303-497-3373
PROJECT_INFO: B2SAP Boulder, CO, USA
STIPULATIONS_ON_USE: Please contact the PIs for questions regarding applications and uncertainties
OTHER_COMMENTS: POPS bin Edges (nm):  140, 170, 205, 249, 302, 366, 443, 537, 651, 789, 956, 1159, 1404, 1702, 2062, 2500
Calculations assume sulfate refractive index of 1.45+0.00j and extinction wavelength = 532 nm
REVISION: R0
R0: QA/QC data
TIME_START,TIME_STOP,TIME_MID,GPSAlt,GPS_Lon,GPS_Lat,iMet_Pressure,iMet_Temperature,THETA,Aerosol_concentration,Surface_Area_Conc,Volume_density,Effective_radius,Extinction,Bin01,Bin02,Bin03,Bin04,Bin05,Bin06,Bin07,Bin08,Bin09,Bin10,Bin11,Bin12,Bin13,Bin14,Bin15
[from data line 74]
61419,61439,61429,9.1,-105.107,40.117,319.815,-32.9724,332.653,1.50645,0.206189,13.4114,0.195132,7.41432e-05,0.939087,0.371722,0.0586929,0.0782572,0,0.0195643,0.0195643,0,0,0.0195643,0,0,0,0,0
61440,61457,61448,9.2,-105.105,40.1209,315.498,-33.7756,332.827,1.91789,0.854653,111.359,0.390893,0.000585549,1.1416,0.182656,0.136992,0.022832,0.0456639,0.022832,0.0684959,0.0684959,0.136992,0.0456639,0,0.022832,0.022832,0,0
61458,61474,61466,9.3,-105.103,40.1244,311.046,-34.6825,332.916,2.2846,0.447502,33.0346,0.22146,0.000223554,1.33482,0.333705,0.231027,0.0513392,0.128348,0.0513392,0.0513392,0.0513392,0.0256696,0.0256696,0,0,0,0,0
61475,61491,61483,9.4,-105.101,40.1276,306.452,-35.5565,333.115,2.43408,0.85153,109.149,0.384541,0.000470731,1.53347,0.29209,0.0973634,0.0486817,0.0730225,0.0730225,0.0973634,0.0973634,0.0243408,0.0243408,0.0243408,0.0486817,0,0,0
61492,61512,61502,9.5,-105.098,40.1309,302.077,-36.348,333.369,2.47176,0.807957,97.9506,0.363697,0.000435622,1.45397,0.353108,0.145397,0.0623132,0.0415421,0.103855,0.124626,0.0830842,0.0207711,0.0207711,0.0207711,0.0415421,0,0,0
61513,61538,61526,9.6,-105.094,40.1349,297.553,-36.9281,333.986,2.09801,0.741198,76.2476,0.308612,0.000492333,1.14797,0.257303,0.0395851,0.0989627,0.0989627,0.0395851,0.217718,0.0593776,0.0791702,0.0395851,0.0197925,0,0,0,0
61539,61563,61551,9.7,-105.091,40.1393,293.183,-37.5148,334.569,1.88169,0.786796,108.699,0.414462,0.000448723,0.965822,0.416303,0.0999126,0.0499563,0,0.0499563,0.116565,0.0499563,0.0333042,0.0166521,0.0666084,0.0166521,0,0,0
61564,61588,61576,9.8,-105.087,40.1439,288.968,-38.3452,334.777,1.94963,0.686053,70.2301,0.307105,0.000452051,1.0498,0.133308,0.199962,0.0999811,0.0499906,0.0499906,0.133308,0.116645,0.0666541,0.033327,0,0.0166635,0,0,0
61589,61608,61598,9.9,-105.084,40.1482,285.13,-39.0885,334.991,2.03938,0.714776,80.5891,0.338242,0.000442765,1.0405,0.33296,0.14567,0.10405,0.0624301,0.02081,0.10405,0.0832401,0.10405,0,0.0416201,0,0,0,0
61609,61625,61617,10,-105.081,40.1519,280.798,-40.0041,335.14,1.8078,1.07765,144.509,0.402291,0.000756306,0.792462,0.198116,0.0990578,0.173351,0.0247644,0.0247644,0.123822,0.123822,0.0990578,0.0742933,0.0495289,0.0247644,0,0,0
61626,61643,61634,10.1,-105.078,40.1553,276.702,-40.9261,335.221,1.80056,1.03293,158.155,0.459342,0.000648519,0.982124,0.280607,0.0467678,0.0467678,0.0233839,0.0467678,0.140303,0.0233839,0.0233839,0.0935356,0.0233839,0.0233839,0.0467678,0,0
61644,61660,61652,10.2,-105.075,40.1585,272.663,-41.7565,335.434,1.64034,0.969137,147.342,0.456104,0.000553148,0.720757,0.248537,0.124268,0.0497074,0.0994148,0.0248537,0.124268,0.0994148,0.0248537,0.0248537,0,0.0497074,0.0497074,0,0
61661,61679,61670,10.3,-105.072,40.1621,268.665,-42.4522,335.836,1.12963,0.36532,29.7348,0.244181,0.000245265,0.611886,0.0941362,0.0706022,0.0235341,0.0235341,0.0470681,0.0941362,0.141204,0.0235341,0,0,0,0,0,0
61680,61702,61691,10.4,-105.068,40.1662,264.611,-43.287,336.074,1.90604,0.812437,103.411,0.381854,0.000514759,0.962272,0.277578,0.111031,0.0740209,0.148042,0.0185052,0.0555157,0.111031,0.0370104,0.0555157,0.0370104,0.0185052,0,0,0
61703,61726,61714,10.5,-105.063,40.1703,260.568,-43.937,336.602,5.19704,1.89237,411.18,0.651849,0.00110094,3.23659,0.943236,0.295917,0.0369896,0.110969,0.0554845,0.221938,0.147959,0.0369896,0.0369896,0.0184948,0,0,0,0.0554845
61727,61746,61736,10.6,-105.059,40.174,257.193,-44.0812,337.653,2.03061,0.407543,28.0045,0.206147,0.000211855,1.15319,0.401108,0.125346,0.0250693,0.100277,0,0.100277,0.100277,0.0250693,0,0,0,0,0,0
61747,61763,61755,10.7,-105.055,40.1769,253.271,-43.9571,339.319,3.20778,0.683007,53.9989,0.237182,0.000367494,1.82944,0.551338,0.250608,0.0751824,0.125304,0.150365,0.0751824,0.0501216,0.0501216,0.0501216,0,0,0,0,0
61764,61782,61773,10.8,-105.051,40.1796,249.056,-44.6579,339.903,3.53827,0.712232,55.0391,0.231831,0.000381953,2.17223,0.671822,0.134364,0.0223941,0.156759,0.11197,0.0895763,0.0895763,0.0447882,0.0447882,0,0,0,0,0
61783,61807,61795,10.9,-105.046,40.1827,245.331,-45.3172,340.386,3.19731,0.738231,69.5648,0.282695,0.000404462,1.88077,0.615524,0.153881,0.119685,0.102587,0.0512937,0.102587,0.0512937,0.0512937,0.0512937,0,0.0170979,0,0,0
61808,61831,61820,11,-105.041,40.1861,241.764,-46.1775,340.528,3.47864,0.827554,81.2639,0.294593,0.000416532,2.08718,0.570854,0.142713,0.21407,0.0713567,0.0178392,0.178392,0.107035,0.0535175,0,0.0178392,0,0.0178392,0,0
61832,61853,61842,11.1,-105.035,40.1892,238.229,-47.079,340.603,2.44855,0.436354,29.3086,0.201501,0.000210076,1.53034,0.367283,0.163237,0.0816183,0.122428,0,0.0816183,0.0408092,0.0612138,0,0,0,0,0,0
61854,61878,61866,11.2,-105.03,40.1925,234.488,-48.0396,340.689,2.72624,0.805541,91.4206,0.340469,0.000424621,1.60469,0.431367,0.138038,0.0517641,0.0517641,0.0862735,0.189802,0.103528,0,0.0172547,0.0345094,0,0.0172547,0,0
61879,61901,61890,11.3,-105.024,40.1959,231.047,-48.9661,340.72,2.71242,0.466922,27.4206,0.176179,0.000191695,1.48807,0.50858,0.244872,0.113018,0.131854,0,0.131854,0.0941814,0,0,0,0,0,0,0
61902,61919,61910,11.4,-105.02,40.1986,227.673,-49.885,340.764,2.96999,0.748482,72.5774,0.290898,0.000390802,1.6178,0.45878,0.265609,0.0965852,0.19317,0.0724389,0.120731,0.0482926,0.0241463,0.0482926,0,0.0241463,0,0,0
61920,61938,61929,11.5,-105.016,40.2011,224.207,-50.6416,341.098,20.297,7.70502,1719.95,0.669674,0.00409535,14.4619,2.97475,0.84666,0.228827,0.25171,0.183062,0.274593,0.297475,0.137296,0.0228827,0.114414,0.137296,0.137296,0.0686481,0.160179
61939,61955,61947,11.6,-105.011,40.2034,220.773,-51.5781,341.16,10.998,2.42408,350.799,0.434143,0.00115734,7.57823,2.24337,0.328299,0.136791,0.0547164,0.0273582,0.164149,0.218866,0.109433,0,0,0.0547164,0.0273582,0.0547164,0
61956,61974,61965,11.7,-105.007,40.2059,217.394,-52.5442,341.169,22.3933,8.68762,2016.37,0.69629,0.00469219,15.6545,3.91361,0.949457,0.231575,0.254732,0.115787,0.231575,0.162102,0.115787,0.0926299,0.0694724,0.138945,0.138945,0.162102,0.162102
61975,61992,61984,11.8,-105.003,40.2085,213.981,-53.56,341.145,18.7599,6.5028,1364.68,0.62958,0.00349191,12.3413,3.52609,0.991712,0.385666,0.165285,0.165285,0.192833,0.303023,0.137738,0.11019,0.0550951,0.0550951,0.137738,0.0826426,0.11019
61993,62014,62004,11.9,-104.999,40.2115,210.688,-54.4236,341.312,3.86085,1.10128,152.872,0.416439,0.00066203,2.37281,0.744018,0.221194,0.0804343,0.0402172,0.0402172,0.0804343,0.100543,0.0804343,0.0603257,0,0.0201086,0,0.0201086,0
62015,62032,62024,12,-104.994,40.2145,207.281,-55.51,341.199,8.17497,2.14568,348.789,0.487663,0.000980106,5.75458,1.03731,0.395165,0.197582,0.123489,0.172885,0.123489,0.197582,0.0246978,0,0,0.0246978,0.0987912,0,0.0246978
62035,62050,62042,12.1,-104.99,40.217,203.999,-56.4188,341.323,26.1781,11.5589,2929.14,0.760231,0.00638148,18.4278,4.79514,0.947877,0.306666,0.195151,0.0557575,0.139394,0.139394,0.167272,0.111515,0.111515,0.0836362,0.250909,0.139394,0.306666
62051,62070,62060,12.2,-104.985,40.2193,200.694,-57.2395,341.629,24.0534,10.85,2572.09,0.71118,0.00642325,16.6627,3.49379,0.963031,0.447921,0.201565,0.201565,0.380733,0.447921,0.358337,0.201565,0.11198,0.0895843,0.11198,0.11198,0.268753
62071,62092,62082,12.3,-104.98,40.222,197.526,-58.2068,341.648,21.4216,13.8354,3411.59,0.739752,0.00805765,14.7595,2.90583,0.726457,0.248059,0.283496,0.177185,0.301214,0.389806,0.23034,0.0708739,0.194903,0.23034,0.372088,0.301214,0.23034
62093,62106,62100,12.4,-104.976,40.2247,194.594,-59.2057,341.513,8.61092,2.38525,407.138,0.51207,0.00110301,5.51982,1.82154,0.358788,0.248392,0.137995,0.0827973,0.110396,0.0551982,0.0275991,0.0551982,0.0275991,0.0551982,0.0827973,0,0.0275991
62107,62127,62117,12.5,-104.972,40.2271,191.378,-59.8252,342.145,3.27458,1.16875,115.827,0.297308,0.000783132,1.5821,0.441517,0.257551,0.0919826,0.128776,0.128776,0.294344,0.147172,0.110379,0.0735861,0,0.0183965,0,0,0
62128,62145,62136,12.6,-104.968,40.2295,188.436,-59.6067,344.023,4.38607,1.79645,217.802,0.363722,0.00121859,2.25754,0.688012,0.344006,0.107502,0.107502,0.0430007,0.301005,0.172003,0.107502,0.172003,0.0645011,0.0215004,0,0,0
62147,62167,62157,12.7,-104.963,40.2321,185.331,-59.957,345.093,5.16138,1.53814,154.166,0.300685,0.000947428,2.803,0.869896,0.328627,0.135317,0.135317,0.0966551,0.328627,0.251303,0.0966551,0.0773241,0.019331,0,0.019331,0,0
62168,62188,62178,12.8,-104.959,40.2349,182.259,-60.7874,345.39,5.05274,1.18493,108.624,0.275013,0.000686259,3.12983,0.838714,0.245477,0.102282,0.122739,0.143195,0.143195,0.143195,0.0818257,0.0818257,0.0204564,0,0,0,0
62189,62210,62200,12.9,-104.954,40.2375,179.514,-61.4577,345.792,3.40436,0.687931,76.9412,0.335533,0.00027747,2.16962,0.776123,0.158752,0.0352783,0.0881958,0,0.0352783,0.0705566,0.0176392,0,0.0176392,0.0176392,0.0176392,0,0
62211,62229,62220,13,-104.949,40.2403,176.541,-62.0089,346.549,2.82596,0.392611,23.9506,0.18301,0.000138013,1.76111,0.573384,0.20478,0.081912,0.122868,0.020478,0,0.020478,0.020478,0.020478,0,0,0,0,0
62230,62251,62240,13.1,-104.944,40.243,173.7,-62.5795,347.219,2.70497,0.469702,35.7491,0.22833,0.00023337,1.84684,0.33579,0.18655,0.11193,0.03731,0.03731,0.0559649,0.018655,0.03731,0.03731,0,0,0,0,0
62252,62276,62264,13.2,-104.938,40.246,170.828,-63.1504,347.926,1.45615,0.213565,12.7315,0.178843,8.28992e-05,0.923794,0.281836,0.0626301,0.0626301,0.0626301,0,0.0313151,0,0.0313151,0,0,0,0,0,0
62277,62301,62289,13.3,-104.931,40.2491,168.041,-63.9246,348.272,0.97923,0.289082,37.6257,0.390468,0.000124658,0.603858,0.130564,0.0489615,0.0163205,0.097923,0,0.0489615,0,0,0,0.0163205,0.0163205,0,0,0
62303,62330,62316,13.4,-104.924,40.2524,165.284,-64.5954,348.811,1.17605,0.270277,19.8457,0.220281,0.000139121,0.588025,0.210009,0.0840036,0.0560024,0.0420018,0.0840036,0.0560024,0.0420018,0,0.0140006,0,0,0,0,0
62331,62359,62345,13.5,-104.915,40.2558,162.523,-64.861,350.044,1.00258,0.12637,5.40717,0.128365,2.59684e-05,0.487744,0.270969,0.135484,0.0270969,0.0677422,0,0,0.0135484,0,0,0,0,0,0,0
62360,62390,62375,13.6,-104.906,40.2592,159.85,-65.2555,351.036,0.950894,0.180045,13.0903,0.218118,8.65192e-05,0.556952,0.135842,0.0950894,0.0543368,0.0271684,0,0.0543368,0.0135842,0,0.0135842,0,0,0,0,0
62392,62419,62406,13.7,-104.896,40.2625,157.214,-65.9415,351.542,1.28607,0.312988,30.1595,0.289081,0.000163794,0.774563,0.189987,0.0730719,0.0584576,0.0438432,0.0146144,0.0292288,0.0730719,0.0146144,0,0.0146144,0,0,0,0
62420,62443,62432,13.8,-104.887,40.2649,154.384,-66.2417,352.869,1.39559,0.232401,16.1557,0.208549,0.000103377,0.861475,0.258443,0.120607,0.0172295,0.034459,0.0172295,0.0516885,0.0172295,0,0.0172295,0,0,0,0,0
62444,62473,62458,13.9,-104.877,40.267,152.014,-66.8759,353.341,1.98461,0.317698,20.3102,0.191788,0.000129092,1.19077,0.369549,0.13687,0.082122,0.095809,0,0.068435,0.013687,0.013687,0.013687,0,0,0,0,0
62475,62501,62488,14,-104.867,40.2692,149.479,-67.4974,353.969,2.51434,0.410064,31.8016,0.232658,0.000154329,1.5733,0.485223,0.176445,0.0882224,0.0441112,0.0294075,0.0441112,0.0441112,0.0147037,0,0.0147037,0,0,0,0
62502,62526,62514,14.1,-104.857,40.2711,147.162,-67.7304,355.153,2.96602,0.408557,21.8857,0.160705,0.000130727,1.77393,0.666999,0.156106,0.113532,0.113532,0.0709574,0.0283829,0,0.0425744,0,0,0,0,0,0
62527,62548,62538,14.2,-104.848,40.2729,144.7,-68.1745,356.102,4.95704,1.08681,96.2916,0.265801,0.00052183,2.43893,1.14028,0.459278,0.269232,0.237558,0.0633487,0.0950231,0.11086,0.0791859,0.0316744,0,0.0316744,0,0,0
62549,62569,62559,14.3,-104.84,40.2742,142.253,-68.8219,356.706,7.5685,1.51018,116.314,0.23106,0.000657238,3.76765,1.62656,0.780087,0.348549,0.315354,0.232366,0.232366,0.132781,0.0829879,0.0165976,0.0165976,0.0165976,0,0,0
62570,62588,62579,14.4,-104.833,40.2755,139.994,-69.3716,357.373,10.1764,1.96946,159.591,0.243099,0.000829399,5.22671,2.40096,0.978854,0.406317,0.221627,0.313972,0.332441,0.147752,0.0369379,0.0554069,0.018469,0.0369379,0,0,0
62589,62609,62599,14.5,-104.827,40.2768,137.523,-69.6548,358.706,12.4471,2.41538,185.39,0.230263,0.00105684,6.06527,3.0493,1.26638,0.516548,0.483222,0.299931,0.316594,0.199954,0.166628,0.0333257,0.0333257,0.0166628,0,0,0
62610,62629,62620,14.6,-104.821,40.2783,135.291,-70.13,359.544,10.8798,2.2988,202.256,0.263949,0.00106059,5.12641,2.67385,1.30926,0.57165,0.350366,0.147523,0.221284,0.165963,0.184403,0.055321,0.0184403,0.055321,0,0,0
62630,62648,62639,14.7,-104.815,40.28,133.149,-70.6258,360.3,10.775,2.3277,218.721,0.281893,0.00106732,5.50762,2.56899,1.01651,0.48053,0.277229,0.166337,0.277229,0.240265,0.0739278,0.0739278,0.0184819,0.0554458,0.0184819,0,0
62650,62664,62657,14.8,-104.81,40.2818,130.743,-71.382,360.832,11.0584,2.00387,144.512,0.216349,0.000770803,5.41108,2.62284,1.18146,0.637987,0.330808,0.236292,0.28355,0.259921,0.0472583,0,0.0236292,0.0236292,0,0,0
62665,62687,62676,14.9,-104.805,40.2845,128.447,-71.2491,362.908,12.8876,2.43415,180.506,0.222467,0.00102323,5.86355,3.40513,1.61858,0.595517,0.320663,0.259584,0.397011,0.244315,0.091618,0.045809,0.0305393,0.0152697,0,0,0
62688,62712,62700,15,-104.798,40.288,126.24,-70.674,365.743,14.7116,3.27467,282.648,0.25894,0.00159656,6.58664,3.70586,1.92984,0.545391,0.489453,0.153828,0.545391,0.405547,0.195781,0.0699219,0.0419531,0.0139844,0.0279688,0,0
62713,62735,62724,15.1,-104.79,40.2913,124.078,-69.8943,368.963,15.193,4.08831,373.155,0.273821,0.00232903,6.40267,3.4979,1.79457,0.775621,0.684371,0.319373,0.501872,0.669163,0.273748,0.197707,0.0304165,0.0304165,0.0152082,0,0
62736,62748,62742,15.2,-104.785,40.2939,122.274,-69.5392,371.169,14.6567,4.27339,433.777,0.30452,0.00230246,6.05559,3.40292,1.74165,0.777044,0.455509,0.34833,0.884223,0.535893,0.107179,0.160768,0.0803839,0.107179,0,0,0
62750,62762,62756,15.3,-104.781,40.296,120.099,-70.0546,372.127,14.536,3.54473,312.605,0.264566,0.0018845,6.21429,3.86367,1.64814,0.594411,0.486336,0.216149,0.594411,0.432299,0.324224,0.081056,0,0.081056,0,0,0
62763,62784,62774,15.4,-104.776,40.2987,117.992,-69.7005,374.661,15.4768,5.21848,575.218,0.330682,0.00297767,5.83905,3.63282,2.12329,0.663528,0.580587,0.497646,0.796234,0.514234,0.414705,0.132706,0.165882,0.0995292,0.0165882,0,0
62786,62808,62797,15.5,-104.77,40.3016,115.961,-68.9124,377.992,16.45,7.92857,985.522,0.3729,0.00543013,6.33201,2.97588,1.70286,0.727437,0.595176,0.314121,1.07462,1.04156,0.892764,0.413317,0.115729,0.214925,0.0330653,0.0165327,0
62809,62822,62816,15.6,-104.764,40.3036,114.222,-68.8464,379.746,15.1179,7.20364,890.604,0.370898,0.00476345,5.54242,2.96915,1.65778,0.593831,0.692803,0.494859,0.692803,0.964975,0.791774,0.296915,0.222687,0.148458,0.0494859,0,0
62823,62843,62833,15.7,-104.759,40.3044,111.957,-68.268,383.002,15.1962,4.79198,474.809,0.297252,0.00290455,6.17183,3.50947,1.60779,0.656946,0.62237,0.259321,0.898978,0.79525,0.345761,0.190168,0.0864402,0.0345761,0.017288,0,0
62844,62878,62861,15.8,-104.751,40.306,110.074,-68.2876,384.834,13.9921,4.16759,418.235,0.301063,0.00238403,5.36068,3.31254,2.04813,0.658329,0.595631,0.334389,0.501584,0.532933,0.344839,0.167195,0.0522483,0.0522483,0.031349,0,0
62879,62912,62896,15.9,-104.743,40.3087,108.27,-67.2977,388.521,14.0707,3.73655,345.648,0.277514,0.00208295,5.78796,3.41512,1.72973,0.787251,0.554402,0.332641,0.45461,0.443522,0.310465,0.166321,0.0443522,0.0443522,0,0,0
62913,62940,62926,16,-104.735,40.3109,106.456,-66.3028,392.28,13.0379,2.67572,203.346,0.22799,0.00125426,6.01223,3.02666,1.52018,0.684765,0.575202,0.301296,0.356078,0.260211,0.205429,0.0684765,0,0.0136953,0.0136953,0,0
62942,62965,62954,16.1,-104.729,40.3129,104.695,-66.3835,394.009,11.5882,1.9748,122.785,0.186527,0.000728439,5.52642,2.74594,1.3816,0.604452,0.449021,0.241781,0.362671,0.207241,0.0345401,0.01727,0.01727,0,0,0,0
62966,62986,62976,16.2,-104.724,40.3147,103.052,-66.303,395.947,11.2011,2.04153,144.751,0.21271,0.000789748,5.3103,2.62954,1.26354,0.648847,0.529322,0.187824,0.324423,0.153674,0.119524,0,0,0.0170749,0.0170749,0,0
62987,63005,62996,16.3,-104.721,40.3165,101.387,-66.2106,397.965,11.2272,1.91157,113.716,0.178464,0.000697429,5.1119,2.49915,1.5525,0.681586,0.605855,0.302927,0.227195,0.151464,0.0378659,0.0567989,0,0,0,0,0
