api/data/B2SAP/Locations/Boulder/NOAA-POPS-B2SAP_GMLBalloon_20240221_R0.ict
82,1001
Thornberry, T. D.
NOAA Chemical Sciences Laboratory
Portable Optical Particle Spectrometer (POPS)
Balloon Baseline Stratospheric Aerosol Profiles (B2SAP)
1,1
2024,02,21,2024,05,28
0
TIME_START,s,Seconds since midnight UTC on flight start day,Start time of 100 m altitude bin in UTC_seconds_since_midnight
49
1.0,1.0,1.0,1.0,1.0,1.0,1.0,1.0,1.0,1.0,1.0,1.0,1.0,1.0,1.0,1.0,1.0,1.0,1.0,1.0,1.0,1.0,1.0,1.0,1.0,1.0,1.0,1.0,1.0,1.0,1.0,1.0,1.0,1.0,1.0,1.0,1.0,1.0,1.0,1.0,1.0,1.0,1.0,1.0,1.0,1.0,1.0,1.0,1.0
99999,99999,99999,99999,99999,99999,99999,99999,99999,99999,99999,99999,99999,99999,99999,99999,99999,99999,99999,99999,99999,99999,99999,99999,99999,99999,99999,99999,99999,99999,99999,99999,99999,99999,99999,99999,99999,99999,99999,99999,99999,99999,99999,99999,99999,99999,99999,99999,99999
TIME_STOP,s,End time of 100 m altitude bin in UTC seconds since midnight,
TIME_MID,s,Mid time of 100 m altitude in UTC seconds since midnight,
GPSAlt,km,GPS reported altitude above sea level (km),
GPS_Lon,deg,GPS reported longitude,
GPS_Lat,deg,GPS reported latitude,
iMet_Pressure,hPa,Pressure reported (hPa),
iMet_Temperature,degrees C,Ambient temperature (oC),
THETA,K,Potential temperature from iMet,
Aerosol_concentration,cm^-3,Aerosol concentration,
Surface_Area_Conc,um^2 cm^-3,Surface area concentration,
Volume_density,um^3 cm^-3,Volume density,
Effective_radius,um,Effective radius,
Extinction,km^-1,Extinction,
Bin01,cm^-3,particle concentration in size range [140 - 146.14 nm],
Bin02,cm^-3,particle concentration in size range [146.14 - 152.56 nm],
Bin03,cm^-3,particle concentration in size range [152.56 - 159.25 nm],
Bin04,cm^-3,particle concentration in size range [159.25 - 166.24 nm],
Bin05,cm^-3,particle concentration in size range [166.24 - 173.54 nm],
Bin06,cm^-3,particle concentration in size range [173.54 - 181.16 nm],
Bin07,cm^-3,particle concentration in size range [181.16 - 189.11 nm],
Bin08,cm^-3,particle concentration in size range [189.11 - 197.41 nm],
Bin09,cm^-3,particle concentration in size range [197.41 - 206.07 nm],
Bin10,cm^-3,particle concentration in size range [206.07 - 215.12 nm],
Bin11,cm^-3,particle concentration in size range [215.12 - 224.56 nm],
Bin12,cm^-3,particle concentration in size range [224.56 - 234.41 nm],
Bin13,cm^-3,particle concentration in size range [234.41 - 244.70 nm],
Bin14,cm^-3,particle concentration in size range [244.70 - 361.30 nm],
Bin15,cm^-3,particle concentration in size range [361.30 - 472.80 nm],
Bin16,cm^-3,particle concentration in size range [472.80 - 567.00 nm],
Bin17,cm^-3,particle concentration in size range [567.00 - 610.66 nm],
Bin18,cm^-3,particle concentration in size range [610.66 - 657.69 nm],
Bin19,cm^-3,particle concentration in size range [657.69 - 708.33 nm],
Bin20,cm^-3,particle concentration in size range [708.33 - 762.88 nm],
Bin21,cm^-3,particle concentration in size range [762.88 - 821.62 nm],
Bin22,cm^-3,particle concentration in size range [821.62 - 884.89 nm],
Bin23,cm^-3,particle concentration in size range [884.89 - 953.03 nm],
Bin24,cm^-3,particle concentration in size range [953.03 - 1026.42 nm],
Bin25,cm^-3,particle concentration in size range [1026.42 - 1105.46 nm],
Bin26,cm^-3,particle concentration in size range [1105.46 - 1190.59 nm]],
[...]
LOCATION: Boulder, CO, USA
ASSOCIATED_DATA: N/A
INSTRUMENT_INFO: Printed Optical Particle Spectrometer counts particles from 140 - 2500 nm in diameter 
DATA_INFO: Particle concentrations reported in number per cubic centimeter, binned to 100 m altitude
UNCERTAINTY: Counting uncertainty dominated by air flow, less than 5 percent
ULOD_FLAG: -77777
ULOD_VALUE: 3000 ~3000 per cm3 (varies depending on flow rate- manufacturer quotes 1250  per cm3 at 1.667 cc/s)
LLOD_FLAG: -88888
LLOD_VALUE: 0 0 (varies depending on data field and measurement precision)
DM_CONTACT_INFO: Troy Thornberry, 325 Broadway R/CSL6, Boulder, CO 80305; troy.thornberry@noaa.gov; 303-497-3373
PROJECT_INFO: B2SAP Boulder, CO, USA
STIPULATIONS_ON_USE: Please contact the PIs for questions regarding applications and uncertainties
OTHER_COMMENTS: POPS bin Edges (nm):  140, 146.14, 152.56, 159.25, 166.24, 173.54, 181.16, 189.11, 197.41, 206.07, 215.12, 224.56, 234.41, 244.70, 361.30, 472.80, 567.00, 610.66, 657.69, 708.33, 762.88, 821.62, 884.89, 953.03, 1026.42, 1105.46, 1190.59, 1282.27, 1381.01, 1487.36, 1601.89, 1725.25, 1858.10, 2001.18, 2155.28, 2321.25, 2500
Calculations assume sulfate refractive index of 1.45+0.00j and extinction wavelength = 532 nm
REVISION: R0
R0: QA/QC data
TIME_START,TIME_STOP,TIME_MID,GPSAlt,GPS_Lon,GPS_Lat,iMet_Pressure,iMet_Temperature,THETA,Aerosol_concentration,Surface_Area_Conc,Volume_density,Effective_radius,Extinction,Bin01,Bin02,Bin03,Bin04,Bin05,Bin06,Bin07,Bin08,Bin09,Bin10,Bin11,Bin12,Bin13,Bin14,Bin15,Bin16,Bin17,Bin18,Bin19,Bin20,Bin21,Bin22,Bin23,Bin24,Bin25,Bin26,Bin27,Bin28,Bin29,Bin30,Bin31,Bin32,Bin33,Bin34,Bin35,Bin36
[from data line 153]
61974,62002,61988,17,-103.646,40.4188,90.5162,-58.8155,425.765,8.13075,1.42773,84.7493,0.178078,0.000524,0.789492,0.851011,0.881771,0.604936,0.71772,0.502404,0.635695,0.410126,0.328101,0.307594,0.287088,0.215316,0.184557,0.830505,0.287088,0.133291,0.0307594,0.0307594,0.0512657,0,0.0102531,0.0410126,0,0,0,0,0,0,0,0,0,0,0,0,0,0
62002,62027,62014,17.1,-103.636,40.4219,89.0858,-59.655,426.033,8.37394,1.40411,81.0921,0.17326,0.000472602,0.721694,0.996625,0.85916,0.790427,0.584229,0.549862,0.481129,0.469674,0.423852,0.297842,0.309298,0.229109,0.240565,0.962259,0.240565,0.0801882,0.0229109,0.0229109,0.0114555,0.0114555,0.0458219,0,0.0229109,0,0,0,0,0,0,0,0,0,0,0,0,0
62029,62050,62040,17.2,-103.627,40.4252,87.5411,-59.7778,427.923,8.85587,1.50292,80.6938,0.161074,0.000495053,0.998782,0.765733,0.665855,1.03208,0.632562,0.565977,0.665855,0.399513,0.399513,0.233049,0.266342,0.36622,0.299635,0.898904,0.36622,0.133171,0.0665855,0.0665855,0.0332927,0,0,0,0,0,0,0,0,0,0,0,0,0,0,0,0,0
62051,62073,62062,17.3,-103.621,40.4272,86.33,-60.0526,429.075,8.72411,1.35711,75.5705,0.167054,0.000434744,1.07092,0.979503,0.875023,0.888083,0.718302,0.535462,0.679122,0.313441,0.287321,0.313441,0.300381,0.313441,0.261201,0.796663,0.156721,0.10448,0.01306,0.0522402,0,0.01306,0,0.0522402,0,0,0,0,0,0,0,0,0,0,0,0,0,0
62074,62096,62085,17.4,-103.613,40.4289,85.0024,-60.4762,430.123,7.79145,1.13159,54.9558,0.145696,0.000301274,0.940102,0.868882,0.925858,0.669467,0.598247,0.441563,0.612491,0.370343,0.313367,0.299123,0.256391,0.242147,0.199416,0.740686,0.128196,0.113952,0.014244,0.014244,0.0284879,0.014244,0,0,0,0,0,0,0,0,0,0,0,0,0,0,0,0
62098,62119,62108,17.5,-103.605,40.4302,83.6524,-61.0748,430.881,8.61739,1.32808,70.2592,0.158709,0.000392374,1.04497,0.987708,0.844562,0.758674,0.887506,0.486697,0.429438,0.486697,0.18609,0.429438,0.229034,0.271978,0.18609,1.04497,0.143146,0.071573,0.0572584,0,0.0286292,0.0143146,0.0143146,0,0.0143146,0,0,0,0,0,0,0,0,0,0,0,0,0
62120,62145,62132,17.6,-103.597,40.4311,82.2733,-61.535,431.991,8.05778,1.35666,76.6886,0.169582,0.000465605,0.82837,0.866023,0.71541,0.740513,0.702859,0.665206,0.451838,0.426736,0.451838,0.213368,0.188266,0.326328,0.163164,0.740513,0.313777,0.138062,0.0251021,0.0251021,0.0251021,0.0251021,0.0125511,0,0.0125511,0,0,0,0,0,0,0,0,0,0,0,0,0
62146,62169,62158,17.7,-103.59,40.4316,81.0075,-61.8162,433.331,8.55752,1.45356,88.3538,0.182354,0.000525177,0.945235,1.02085,0.869616,0.592347,0.680569,0.4033,0.554538,0.529331,0.466316,0.352888,0.289872,0.277269,0.277269,0.84441,0.176444,0.113428,0.0126031,0.0252063,0.0378094,0.0126031,0.0378094,0,0.0378094,0,0,0,0,0,0,0,0,0,0,0,0,0
62171,62196,62184,17.8,-103.583,40.4318,79.7322,-61.9515,435.022,7.75311,1.26429,71.1757,0.168892,0.000420068,0.851497,0.817886,0.739458,0.784274,0.672235,0.593807,0.414545,0.436953,0.380933,0.179263,0.212874,0.280098,0.168059,0.761866,0.246486,0.0784274,0.0448156,0.0112039,0.0224078,0.0224078,0.0112039,0.0112039,0.0112039,0,0,0,0,0,0,0,0,0,0,0,0,0
62197,62221,62209,17.9,-103.577,40.4316,78.495,-60.67,439.624,6.45586,1.22697,76.8412,0.18788,0.000490611,0.705262,0.678136,0.556072,0.569634,0.556072,0.434007,0.311943,0.352631,0.230566,0.29838,0.135627,0.14919,0.176315,0.732387,0.244129,0.162753,0.0949391,0,0.0135627,0.0135627,0.0135627,0,0.0271255,0,0,0,0,0,0,0,0,0,0,0,0,0
62222,62242,62232,18,-103.573,40.4314,77.3195,-58.328,446.389,6.33898,1.34855,91.8467,0.204323,0.000603317,0.57897,0.623506,0.801651,0.534434,0.504743,0.356289,0.178145,0.178145,0.222681,0.267217,0.178145,0.207835,0.207835,0.816497,0.326599,0.163299,0.0445362,0.0445362,0.0148454,0.0296908,0,0.0296908,0.0296908,0,0,0,0,0,0,0,0,0,0,0,0,0
62244,62268,62256,18.1,-103.569,40.4305,76.0944,-57.9072,449.308,5.81857,1.17933,75.3106,0.191576,0.000495679,0.556971,0.651775,0.545121,0.485868,0.379214,0.319962,0.474018,0.237009,0.201458,0.142205,0.237009,0.0948036,0.0711027,0.841382,0.26071,0.189607,0.0118504,0.0355513,0.0237009,0.0237009,0.0118504,0.0118504,0.0118504,0,0,0,0,0,0,0,0,0,0,0,0,0
62270,62294,62282,18.2,-103.564,40.429,74.904,-58.5512,449.985,5.48921,1.19204,79.137,0.199163,0.000535478,0.638784,0.530515,0.487208,0.422247,0.357286,0.292325,0.292325,0.227364,0.140749,0.216537,0.238191,0.140749,0.129922,0.703745,0.313979,0.194883,0.0324805,0.0541342,0.0324805,0,0.0108268,0.0216537,0.0108268,0,0,0,0,0,0,0,0,0,0,0,0,0
62295,62320,62308,18.3,-103.56,40.4274,73.7792,-59.1831,450.605,4.8803,0.977438,65.3868,0.200688,0.000430637,0.61776,0.56628,0.41184,0.350064,0.30888,0.319176,0.195624,0.267696,0.216216,0.195624,0.123552,0.195624,0.113256,0.56628,0.195624,0.05148,0.041184,0.041184,0.05148,0.010296,0.020592,0,0.020592,0,0,0,0,0,0,0,0,0,0,0,0,0
62321,62345,62333,18.4,-103.557,40.4261,72.5829,-59.6408,451.745,5.10924,1.11914,80.6258,0.216127,0.000523679,0.490844,0.479689,0.412755,0.412755,0.502,0.334666,0.3012,0.256578,0.145022,0.234266,0.133867,0.133867,0.0892444,0.635866,0.245422,0.122711,0.0446222,0.0334666,0.0223111,0,0.0223111,0,0.0557777,0,0,0,0,0,0,0,0,0,0,0,0,0
62346,62372,62359,18.5,-103.554,40.425,71.4215,-60.1438,452.762,5.34366,1.2575,89.6203,0.213806,0.000633253,0.477298,0.49805,0.435794,0.425418,0.49805,0.363161,0.238649,0.228273,0.259401,0.166017,0.155641,0.124512,0.176393,0.570682,0.259401,0.238649,0.0518802,0.0207521,0.10376,0.010376,0.0207521,0,0.0207521,0,0,0,0,0,0,0,0,0,0,0,0,0
62373,62396,62384,18.6,-103.551,40.4245,70.3229,-60.2063,454.641,4.39935,1.11335,90.4353,0.243685,0.000616302,0.51625,0.325462,0.404022,0.404022,0.303016,0.15712,0.190788,0.213234,0.303016,0.145897,0.15712,0.179565,0.0897826,0.460136,0.179565,0.123451,0.0448913,0.0336685,0.0448913,0.0224456,0.0224456,0.0224456,0.0561141,0,0,0,0,0,0,0,0,0,0,0,0,0
62397,62419,62408,18.7,-103.549,40.4239,69.2283,-60.3417,456.39,4.84902,1.10225,79.5716,0.216571,0.000545411,0.527067,0.468504,0.468504,0.445079,0.26939,0.257677,0.281102,0.245965,0.140551,0.187402,0.128839,0.152264,0.117126,0.597343,0.210827,0.152264,0.0468504,0.0234252,0.0351378,0.0351378,0.0234252,0.0117126,0.0234252,0,0,0,0,0,0,0,0,0,0,0,0,0
62420,62439,62430,18.8,-103.547,40.4236,68.12,-60.7285,457.666,4.08243,0.856452,55.762,0.195325,0.000381726,0.471568,0.404201,0.485041,0.215574,0.296414,0.202101,0.202101,0.188627,0.175154,0.16168,0.148207,0.12126,0.0943136,0.390728,0.323361,0.0673669,0.0134734,0.0404201,0.0404201,0.0134734,0.0269467,0,0,0,0,0,0,0,0,0,0,0,0,0,0,0
62441,62465,62453,18.9,-103.545,40.4238,67.0227,-61.2381,458.69,3.82873,1.01306,78.1655,0.231473,0.000535168,0.383911,0.363159,0.300903,0.176391,0.290527,0.207519,0.134887,0.114136,0.207519,0.155639,0.10376,0.134887,0.0726317,0.622558,0.217895,0.166015,0.0415038,0.010376,0.0415038,0.010376,0.0207519,0.010376,0.0415038,0,0,0,0,0,0,0,0,0,0,0,0,0
62467,62487,62477,19,-103.543,40.4248,65.9668,-61.1495,460.972,3.99352,1.01905,79.515,0.234086,0.000532956,0.331769,0.344057,0.405496,0.344057,0.294906,0.258043,0.11059,0.11059,0.221179,0.122877,0.098302,0.122877,0.098302,0.565236,0.282618,0.11059,0.0368632,0,0.0122877,0.0368632,0.0122877,0.0368632,0.0368632,0,0,0,0,0,0,0,0,0,0,0,0,0
62488,62511,62500,19.1,-103.541,40.4256,64.9638,-61.1746,462.94,3.71621,0.988684,70.9059,0.215152,0.000529137,0.271091,0.35016,0.237205,0.282387,0.169432,0.203318,0.327569,0.180728,0.146841,0.146841,0.12425,0.112955,0.0338864,0.451819,0.282387,0.180728,0.0451819,0.0677728,0.0790683,0.0112955,0.0112955,0,0,0,0,0,0,0,0,0,0,0,0,0,0,0
62512,62537,62524,19.2,-103.539,40.4263,63.9369,-60.7242,466.04,3.93988,1.00081,83.618,0.25065,0.000562191,0.364804,0.385649,0.396072,0.260574,0.354381,0.260574,0.166767,0.250151,0.156344,0.156344,0.0938066,0.114653,0.0833837,0.416918,0.187613,0.0729607,0.010423,0.0208459,0.0625377,0.010423,0.0312689,0.0312689,0.0521148,0,0,0,0,0,0,0,0,0,0,0,0,0
62538,62565,62552,19.3,-103.535,40.4267,62.9118,-59.805,470.221,3.37039,0.950292,75.4914,0.23832,0.000534133,0.289719,0.405606,0.183488,0.222118,0.173831,0.231775,0.144859,0.135202,0.067601,0.125545,0.0965728,0.115887,0.115887,0.511836,0.193146,0.164174,0.0579437,0,0.0386291,0.0193146,0.0289719,0.0289719,0.0193146,0,0,0,0,0,0,0,0,0,0,0,0,0
62566,62590,62578,19.4,-103.533,40.4269,61.9352,-58.9068,474.32,3.29115,1.04697,88.2526,0.25288,0.00064438,0.257289,0.364492,0.182246,0.225128,0.225128,0.139365,0.171526,0.171526,0.117924,0.0536018,0.128644,0.0857629,0.0214407,0.493137,0.235848,0.128644,0.0750425,0.0428814,0.0750425,0.0214407,0.0214407,0.0214407,0.0321611,0,0,0,0,0,0,0,0,0,0,0,0,0
62591,62610,62600,19.5,-103.531,40.4271,60.9937,-59.1274,475.909,3.65295,0.834075,51.3963,0.184862,0.000356338,0.396444,0.269016,0.269016,0.283174,0.254857,0.212381,0.11327,0.169905,0.11327,0.099111,0.099111,0.11327,0.0707936,0.66546,0.240698,0.198222,0.0424762,0.0283174,0.0141587,0,0,0,0,0,0,0,0,0,0,0,0,0,0,0,0,0
62611,62636,62624,19.6,-103.53,40.4277,60.0896,-59.6764,476.714,3.05551,0.704604,45.3822,0.193224,0.000306005,0.269921,0.269921,0.172749,0.248327,0.23753,0.140359,0.140359,0.107968,0.161953,0.0755779,0.0863747,0.0863747,0.0971715,0.529045,0.259124,0.0971715,0.0107968,0.0107968,0.0215937,0.0215937,0,0.0107968,0,0,0,0,0,0,0,0,0,0,0,0,0,0
62638,62662,62650,19.7,-103.529,40.4281,59.2513,-60.1553,477.559,3.26571,1.0075,78.0282,0.232342,0.000579128,0.288682,0.270639,0.180426,0.162384,0.108256,0.126298,0.162384,0.0902131,0.288682,0.0902131,0.0902131,0.0541279,0.144341,0.487151,0.378895,0.126298,0,0.0721705,0.0541279,0.0541279,0.0180426,0.0180426,0,0,0,0,0,0,0,0,0,0,0,0,0,0
62663,62687,62675,19.8,-103.527,40.4285,58.2284,-60.7808,478.534,3.4914,1.00254,78.0297,0.233497,0.000558073,0.324279,0.356707,0.205377,0.281042,0.205377,0.162139,0.108093,0.118902,0.140521,0.118902,0.0540465,0.0648558,0.129712,0.583702,0.291851,0.15133,0.0324279,0.0216186,0.0432372,0.0432372,0.0216186,0.0108093,0.0216186,0,0,0,0,0,0,0,0,0,0,0,0,0
62688,62709,62698,19.9,-103.526,40.4288,57.2918,-61.4073,479.336,3.26168,1.02392,80.6539,0.236308,0.000581294,0.296517,0.271807,0.148258,0.0988389,0.247097,0.0741292,0.197678,0.210033,0.086484,0.0494195,0.123549,0.0370646,0.0617743,0.667163,0.370646,0.0988389,0.0370646,0.0370646,0.0617743,0.0247097,0.0247097,0.0247097,0.0123549,0,0,0,0,0,0,0,0,0,0,0,0,0
62710,62729,62720,20,-103.525,40.4288,56.3578,-61.285,481.873,3.04048,0.905008,70.6674,0.234255,0.000514263,0.255882,0.210727,0.255882,0.255882,0.150519,0.165571,0.135467,0.105363,0.0602076,0.105363,0.0752595,0.0903114,0.0903114,0.496713,0.225778,0.150519,0.0903114,0.0150519,0.0451557,0,0.0150519,0.0451557,0,0,0,0,0,0,0,0,0,0,0,0,0,0
62731,62751,62741,20.1,-103.525,40.4288,55.5495,-61.1035,484.28,3.32457,0.972467,73.9858,0.228242,0.000537713,0.149266,0.339241,0.176406,0.217115,0.284963,0.0949876,0.122127,0.244254,0.217115,0.108557,0.0542786,0.0949876,0.0949876,0.434229,0.298532,0.217115,0.040709,0.0542786,0.0271393,0.0135697,0,0.0271393,0.0135697,0,0,0,0,0,0,0,0,0,0,0,0,0
62753,62778,62766,20.2,-103.525,40.4294,54.6242,-61.6662,485.315,3.27583,1.02338,79.4924,0.233028,0.00057982,0.215366,0.317381,0.226701,0.136021,0.192696,0.124685,0.170026,0.136021,0.0680103,0.0906804,0.136021,0.0453402,0.102015,0.634762,0.226701,0.249371,0.0906804,0.0226701,0.0340051,0,0.0226701,0.011335,0.0226701,0,0,0,0,0,0,0,0,0,0,0,0,0
62779,62801,62790,20.3,-103.524,40.4303,53.7843,-62.0517,486.583,3.04254,0.948817,71.2026,0.225131,0.000544428,0.260451,0.224935,0.201258,0.142064,0.260451,0.130225,0.106548,0.0710321,0.118387,0.0473547,0.0947094,0.106548,0.0947094,0.473547,0.284128,0.213096,0.0591934,0.0473547,0.0828708,0.0118387,0.0118387,0,0,0,0,0,0,0,0,0,0,0,0,0,0,0
62803,62824,62814,20.4,-103.524,40.4308,52.9143,-62.1778,488.563,2.88357,0.924289,75.5117,0.245091,0.000550406,0.367862,0.142398,0.237331,0.225464,0.130532,0.130532,0.0830657,0.142398,0.0949322,0.0593326,0.0474661,0.0355996,0.0355996,0.54586,0.189864,0.225464,0.0593326,0.0237331,0.0355996,0,0.0237331,0.0237331,0.0237331,0,0,0,0,0,0,0,0,0,0,0,0,0
62827,62848,62838,20.5,-103.523,40.4311,52.0564,-62.7395,489.544,2.88713,0.812662,60.7407,0.224229,0.00042556,0.186668,0.161779,0.224001,0.186668,0.186668,0.112001,0.161779,0.13689,0.161779,0.112001,0.112001,0.049778,0.0622225,0.510225,0.24889,0.13689,0.0373335,0.024889,0.024889,0,0.0124445,0.024889,0.0124445,0,0,0,0,0,0,0,0,0,0,0,0,0
62849,62874,62862,20.6,-103.522,40.4312,51.2542,-63.0681,490.95,3.25039,1.01598,80.3601,0.23729,0.00059737,0.179989,0.296452,0.232927,0.232927,0.190576,0.169401,0.127051,0.148226,0.074113,0.127051,0.0635254,0.0423503,0.0847006,0.635254,0.264689,0.137638,0.0423503,0.0317627,0.0635254,0.0635254,0.0211751,0.0211751,0,0,0,0,0,0,0,0,0,0,0,0,0,0
62875,62901,62888,20.7,-103.52,40.4306,50.4235,-61.6108,496.673,3.14,0.932096,69.8788,0.224909,0.00050602,0.252412,0.181736,0.242315,0.272604,0.151447,0.17164,0.0908681,0.100965,0.0908681,0.111061,0.0706752,0.0706752,0.0605788,0.646173,0.282701,0.161543,0.0504823,0.0605788,0.0201929,0.0100965,0.0100965,0.0201929,0.0100965,0,0,0,0,0,0,0,0,0,0,0,0,0
62902,62927,62914,20.8,-103.519,40.4295,49.6608,-60.7216,500.938,3.2157,0.934022,66.4143,0.213317,0.000479802,0.196679,0.32452,0.206513,0.245849,0.108173,0.0885056,0.0983395,0.0983395,0.127841,0.137675,0.0688377,0.0885056,0.0688377,0.69821,0.32452,0.196679,0.0295019,0.0196679,0.0590037,0.0196679,0,0,0.00983395,0,0,0,0,0,0,0,0,0,0,0,0,0
62930,62954,62942,20.9,-103.517,40.4284,48.906,-60.4115,503.867,3.21248,1.12671,88.7266,0.236245,0.000672211,0.22155,0.22155,0.0984667,0.172317,0.135392,0.1477,0.123083,0.110775,0.0984667,0.184625,0.110775,0.036925,0.0615417,0.652342,0.320017,0.283092,0.0615417,0.0615417,0.036925,0.0246167,0.036925,0,0.0123083,0,0,0,0,0,0,0,0,0,0,0,0,0
62955,62979,62967,21,-103.516,40.4273,48.134,-60.139,506.812,3.09681,0.841728,57.7705,0.2059,0.000414574,0.283772,0.111041,0.209744,0.148055,0.197406,0.197406,0.160393,0.172731,0.0863653,0.0740274,0.0863653,0.111041,0.0863653,0.579881,0.308447,0.172731,0.0123379,0.0616895,0,0.0246758,0,0.0123379,0,0,0,0,0,0,0,0,0,0,0,0,0,0
62980,63004,62992,21.1,-103.516,40.4265,47.4076,-59.8081,509.809,2.6802,0.842586,64.0602,0.228084,0.000490891,0.187263,0.257486,0.175559,0.175559,0.128743,0.105335,0.105335,0.0819274,0.140447,0.0585196,0.0936314,0.0585196,0.0819274,0.397933,0.245782,0.222374,0.0234078,0.0468157,0.0351118,0.0468157,0.0117039,0,0,0,0,0,0,0,0,0,0,0,0,0,0,0
63005,63027,63016,21.2,-103.515,40.4257,46.6277,-60.12,511.482,2.95132,0.852573,59.9178,0.210837,0.00044634,0.168326,0.246879,0.168326,0.112218,0.168326,0.19077,0.224435,0.134661,0.0897741,0.0897741,0.0673305,0.0561088,0.0561088,0.561088,0.280544,0.168326,0.0561088,0.044887,0.0673305,0,0,0,0,0,0,0,0,0,0,0,0,0,0,0,0,0
63029,63048,63038,21.3,-103.516,40.4251,45.886,-60.544,512.806,2.73165,0.853996,60.45,0.212355,0.000454341,0.20918,0.20918,0.159961,0.110742,0.123047,0.123047,0.0984377,0.123047,0.110742,0.0738283,0.0246094,0.110742,0.0738283,0.41836,0.430665,0.196875,0.0615236,0.0246094,0.0369141,0.0123047,0,0,0,0,0,0,0,0,0,0,0,0,0,0,0,0
63049,63072,63060,21.4,-103.516,40.4249,45.1935,-60.803,514.413,2.56216,0.723609,49.0532,0.203369,0.000351735,0.107203,0.139364,0.203686,0.128644,0.160805,0.150084,0.182245,0.0536016,0.0964829,0.0750422,0.0857625,0.032161,0.0214406,0.600338,0.300169,0.117923,0.0536016,0.0214406,0,0.0214406,0.0107203,0,0,0,0,0,0,0,0,0,0,0,0,0,0,0
63073,63093,63083,21.5,-103.516,40.4253,44.4332,-61.0821,516.234,2.45187,0.741129,50.857,0.205863,0.000375762,0.130419,0.156502,0.117377,0.182586,0.091293,0.104335,0.104335,0.0521674,0.104335,0.104335,0.0260837,0.0652093,0.091293,0.5608,0.234753,0.260837,0.0130419,0.0130419,0.0260837,0.0130419,0,0,0,0,0,0,0,0,0,0,0,0,0,0,0,0
