api/data/B2SAP/Locations/Boulder/NOAA-POPS-B2SAP_GMLBalloon_20230508_R0.ict
61,1001
Thornberry, T. D.
NOAA Chemical Sciences Laboratory
Portable Optical Particle Spectrometer (POPS)
Balloon Baseline Stratospheric Aerosol Profiles (B2SAP)
1,1
2023,05,08,2024,05,28
0
TIME_START,s,Seconds since midnight UTC on flight start day,Start time of 100 m altitude bin in UTC_seconds_since_midnight
28
1.0,1.0,1.0,1.0,1.0,1.0,1.0,1.0,1.0,1.0,1.0,1.0,1.0,1.0,1.0,1.0,1.0,1.0,1.0,1.0,1.0,1.0,1.0,1.0,1.0,1.0,1.0,1.0
99999,99999,99999,99999,99999,99999,99999,99999,99999,99999,99999,99999,99999,99999,99999,99999,99999,99999,99999,99999,99999,99999,99999,99999,99999,99999,99999,99999
TIME_STOP,s,End time of 100 m altitude bin in UTC seconds since midnight,
TIME_MID,s,Mid time of 100 m altitude in UTC seconds since midnight,
GPSAlt,m,GPS reported altitude above sea level (m),
GPS_Lon,deg,GPS reported longitude,
GPS_Lat,deg,GPS reported latitude,
iMet_Pressure,mb,Pressure reported (mB),
iMet_Temperature,degrees C,Ambient temperature (oC),
THETA,K,Potential temperature from iMet,
Aerosol_concentration,cm^-3,Aerosol concentration,
Surface_Area_Conc,um^2 cm^-3,Surface area concentration,
Volume_density,um^3 cm^-3,Volume density,
Effective_radius,um,Effective radius,
Extinction,km^-1,Extinction,
Bin01,cm^-3,particle concentration in size range [140 - 170 nm],
Bin02,cm^-3,particle concentration in size range [170 - 205 nm],
Bin03,cm^-3,particle concentration in size range [205 - 249 nm],
Bin04,cm^-3,particle concentration in size range [249 - 302 nm],
Bin05,cm^-3,particle concentration in size range [302 - 366 nm],
Bin06,cm^-3,particle concentration in size range [366 - 443 nm],
Bin07,cm^-3,particle concentration in size range [443 - 537 nm],
Bin08,cm^-3,particle concentration in size range [537 - 651 nm],
Bin09,cm^-3,particle concentration in size range [651 - 789 nm],
Bin10,cm^-3,particle concentration in size range [789 - 956 nm],
Bin11,cm^-3,particle concentration in size range [956 - 1159 nm],
Bin12,cm^-3,particle concentration in size range [1159 - 1404 nm],
Bin13,cm^-3,particle concentration in size range [1404 - 1702 nm],
Bin14,cm^-3,particle concentration in size range [1702 - 2062 nm],
Bin15,cm^-3,particle concentration in size range [2062 - 2500 nm],
0
19
PI_CONTACT_INFO: 325 Broadway R/CSL6, Boulder, CO 80305; troy.thornberry@noaa.gov; 303-497-3373 
PLATFORM: GML ECC/FPH balloon
LOCATION: Boulder, CO, USA
ASSOCIATED_DATA: N/A
INSTRUMENT_INFO: Printed Optical Particle Spectrometer counts particles from 140 - 2500 nm in diameter 
DATA_INFO: Particle concentrations reported in number per cubic centimeter, binned to 100 m altitude
UNCERTAINTY: Counting uncertainty dominated by air flow, less than 5 percent
ULOD_FLAG: -77777
ULOD_VALUE: 3000 ~3000 per cm3 (varies depending on flow rate- manufacturer quotes 1250  per cm3 at 1.667 cc/s)
LLOD_FLAG: -88888
LLOD_VALUE: 0 0 (varies depending on data field and measurement precision)
DM_CONTACT_INFO: Troy Thornberry, 325 Broadway R/CSL6, Boulder, CO 80305; troy.thornberry@noaa.gov; 303-497-3373
PROJECT_INFO: B2SAP Boulder, CO, USA
STIPULATIONS_ON_USE: Please contact the PIs for questions regarding applications and uncertainties
OTHER_COMMENTS: POPS bin Edges (nm):  140, 170, 205, 249, 302, 366, 443, 537, 651, 789, 956, 1159, 1404, 1702, 2062, 2500
Calculations assume sulfate refractive index of 1.45+0.00j and extinction wavelength = 532 nm
REVISION: R0
R0: QA/QC data
TIME_START,TIME_STOP,TIME_MID,GPSAlt,GPS_Lon,GPS_Lat,iMet_Pressure,iMet_Temperature,THETA,Aerosol_concentration,Surface_Area_Conc,Volume_density,Effective_radius,Extinction,Bin01,Bin02,Bin03,Bin04,Bin05,Bin06,Bin07,Bin08,Bin09,Bin10,Bin11,Bin12,Bin13,Bin14,Bin15
[from data line 402]
68363,68365,68364,6.6,-103.56,40.2692,439.14,-22.265,317.391,113.01,24.0155,1867.8,0.233325,0.00865268,33.8828,24.9556,19.2747,11.9706,13.1879,4.46361,4.26072,0.405783,0.202891,0.202891,0,0,0,0.202891,0
68367,68373,68370,6.5,-103.558,40.2693,444.038,-21.705,317.087,110.648,23.6281,1773.04,0.225118,0.0080753,33.3153,26.4289,19.0772,12.7491,9.8643,4.18768,2.9779,1.11671,0.186119,0,0.279178,0.372238,0.0930595,0,0
68375,68383,68379,6.4,-103.556,40.2695,450.685,-21.005,316.622,128.161,29.6062,2842.88,0.288069,0.0110274,37.4745,30.3927,21.4421,15.5406,13.18,3.73762,4.32777,0.786866,0.295075,0.196717,0.0983583,0.196717,0.295075,0.0983583,0.0983583
68384,68386,68385,6.3,-103.555,40.2697,456.305,-20.34,316.337,123.725,30.9041,3598.32,0.349305,0.0124714,32.4874,31.5147,21.9825,17.7027,10.5049,3.50164,3.3071,1.16721,0.389071,0.389071,0,0,0.389071,0.194535,0.194535
68391,68396,68394,6.2,-103.553,40.27,462.975,-19.685,315.846,115.256,26.217,2642.59,0.302391,0.00989209,31.6274,29.105,23.8661,11.642,10.2838,3.29856,4.0747,0.388066,0.194033,0.194033,0,0,0.194033,0.388066,0
68397,68403,68400,6.1,-103.551,40.2704,468.79,-19.07,315.488,101.998,19.9229,1349.2,0.203163,0.00660406,32.3666,26.7961,17.0957,9.79643,8.25973,3.16943,3.07339,0.672304,0.28813,0.0960434,0,0.28813,0.0960434,0,0
68406,68412,68409,6,-103.549,40.2706,476.387,-18.3175,314.966,109.647,25.7471,2390.83,0.278574,0.00951813,32.8842,25.6876,20.5901,11.9942,9.19558,4.39788,2.29889,1.09947,0.299856,0.0999519,0.299856,0.49976,0.199904,0.0999519,0
68414,68418,68416,5.9,-103.547,40.2707,482.327,-17.6867,314.628,131.356,37.3424,5288.56,0.424871,0.0157489,40.123,31.4811,25.6787,12.5924,10.4937,4.93821,2.83947,0.740732,0.370366,0.246911,0.246911,0.246911,0.740732,0.370366,0.246911
68422,68426,68424,5.8,-103.545,40.2708,488.36,-17.03,314.322,155.246,42.2459,5303.54,0.376619,0.0180436,43.9337,37.6294,28.9608,17.6326,13.2983,5.02381,4.53128,1.28058,0.886555,0.394025,0.394025,0.492531,0.295518,0.197012,0.295518
68428,68434,68431,5.7,-103.544,40.2707,495.063,-16.4367,313.828,169.296,41.219,4643.75,0.337981,0.0162179,52.3808,45.2104,29.5326,16.8931,13.6117,4.25366,3.2814,1.0938,0.7292,0.486133,0.243067,0.850733,0.3646,0.243067,0.121533
68436,68441,68438,5.6,-103.542,40.2708,502.087,-15.6633,313.51,182.735,48.9894,6925.67,0.424113,0.0200612,60.7464,51.0766,33.3485,15.2486,11.2815,2.35547,3.5952,1.3637,0.371917,0.247945,0.743834,1.3637,0.371917,0.247945,0.371917
68443,68450,68446,5.5,-103.54,40.2708,508.975,-15.0425,313.042,190.781,41.383,4262.67,0.309016,0.0152894,65.2467,52.2168,34.0333,15.947,11.863,3.98676,3.20885,1.45857,0.875142,0.194476,0.680666,0.48619,0.291714,0.194476,0.097238
68452,68456,68454,5.4,-103.539,40.2708,515.693,-14.56,312.45,202.674,48.7518,6317.41,0.388749,0.0186098,68.9145,52.7712,36.7635,19.5348,13.0232,4.61239,2.44185,1.35659,0.813951,0.135659,0.271317,0.813951,0.678293,0.135659,0.406976
68458,68462,68460,5.3,-103.537,40.2709,521,-14.315,311.834,193.512,46.9183,5942.08,0.379942,0.018798,69.016,53.3826,31.6482,17.54,12.2017,3.05043,1.33456,1.71587,0.571956,0.571956,0.571956,0.381304,0.762608,0.762608,0
68467,68470,68468,5.2,-103.536,40.2709,528.61,-14.175,310.715,212.028,45.249,4873.94,0.323141,0.0174653,83.0362,51.873,34.319,17.9484,13.0176,3.55024,3.94471,0.394471,1.97236,0.394471,0.394471,0.591707,0.197236,0.197236,0.197236
68479,68481,68480,5.1,-103.533,40.2712,538.975,-13.44,309.876,197.119,45.8507,5701.9,0.373074,0.0177191,78.1004,49.8871,28.4001,16.4422,13.079,4.48423,2.42896,0.934215,0.747372,0.373686,0.373686,0.560529,0.747372,0.373686,0.186843
68490,68490,68490,4.9,-103.532,40.2714,548.1,-12.96,308.954,187.742,33.2582,2132.74,0.19238,0.0113072,73.356,45.5885,33.5697,10.7755,13.6765,3.31553,4.14441,1.24332,1.24332,0.414441,0,0.414441,0,0,0
68500,68502,68501,4.8,-103.53,40.2717,558.86,-11.895,308.505,166.816,33.2814,3451.44,0.311114,0.0113819,67.0398,45.2737,25.9453,10.6219,7.83582,4.52737,2.9602,0.696518,0.522388,0,0.348259,0.522388,0.348259,0,0.174129
68504,68508,68506,4.7,-103.53,40.2719,563.993,-11.29,308.415,200.905,37.6435,3786.97,0.301803,0.0121448,87.2659,52.3595,28.3129,13.5747,10.0841,3.7492,2.84422,0.775697,0.387848,0,0.387848,0.517131,0.387848,0.129283,0.129283
68511,68517,68514,4.6,-103.529,40.2721,572.07,-10.3033,308.322,198.284,30.4702,2093.55,0.206124,0.00776499,83.9125,54.7779,28.8938,14.3265,10.2332,3.25056,1.08352,0.601955,0.601955,0,0.120391,0.120391,0.240782,0.120391,0
68522,68523,68522,4.5,-103.528,40.2724,581.77,-9.045,308.309,190.638,35.3525,3192.97,0.270954,0.0121871,75.4568,52.8388,26.7995,14.2551,11.9743,3.99142,2.66095,0.950338,0.190068,0.76027,0,0.380135,0,0.380135,0
68530,68530,68530,4.3,-103.527,40.2731,589.76,-8.51,307.735,223.763,41.7412,3700.92,0.265991,0.0149672,95.959,53.4992,31.8448,16.5593,13.5871,3.82137,5.94436,0.424597,0.424597,0.849194,0.424597,0,0,0.424597,0
68564,68564,68564,3.9,-103.524,40.2749,623.51,-4.75,307.185,255.069,35.617,2053.04,0.172927,0.00712311,116.105,70.026,35.5573,12.3362,13.7875,5.07961,1.45132,0,0,0,0,0.362829,0.362829,0,0
68582,68585,68584,3.7,-103.523,40.2759,641.9,-2.78333,306.872,277.513,36.1573,1706.29,0.141572,0.00704442,125.618,80.4298,38.9256,12.8933,12.4022,4.05219,2.21028,0.491174,0.122794,0.122794,0.122794,0,0.122794,0,0
68588,68597,68592,3.6,-103.523,40.2765,651.717,-1.8375,306.617,290.553,38.8366,1968.49,0.152059,0.00803882,135.73,81.5287,35.7423,16.6496,13.0301,3.52899,3.16704,0.452435,0.271461,0,0.180974,0.180974,0.0904869,0,0
68600,68604,68602,3.5,-103.523,40.2769,660.313,-0.866667,306.566,275.789,37.07,1896.05,0.153443,0.0075927,121.328,76.5229,40.089,16.7431,14.0312,3.65518,2.94772,0,0.235818,0.117909,0,0,0,0.117909,0
68606,68611,68608,3.4,-103.523,40.2773,667.247,-0.12,306.493,279.498,36.0683,1654.42,0.137608,0.00706817,133.106,76.0771,37.8622,11.876,12.2288,5.17371,2.2341,0.470338,0.235169,0,0.235169,0,0,0,0
68613,68620,68616,3.3,-103.522,40.2778,675.1,0.754,306.439,284.557,36.0536,1663.83,0.138446,0.00669259,139.021,76.383,33.7173,17.5387,11.8118,3.00664,2.00443,0.572694,0.21476,0,0.143173,0.143173,0,0,0
68623,68632,68628,3.2,-103.522,40.2783,685.828,1.848,306.284,249.16,33.4301,1840.71,0.165185,0.00672337,118.489,64.9459,34.7748,13.0317,11.1194,4.10781,1.98308,0.283297,0,0,0.141649,0.0708243,0.141649,0.0708243,0
68634,68645,68640,3.1,-103.523,40.2789,695.485,2.81333,306.136,243.396,32.4792,1781.75,0.164575,0.00663596,117.354,64.4494,30.5286,14.2229,10.5928,3.5706,1.7853,0.29755,0.17853,0.05951,0,0.05951,0.23804,0.05951,0
68660,68666,68663,2.9,-103.524,40.2804,711.26,4.61,306.154,244.568,30.3035,1324.47,0.131121,0.0052571,120.969,64.4292,30.6179,12.3974,11.0826,2.8176,1.69056,0.37568,0,0,0.18784,0,0,0,0
68671,68671,68671,2.8,-103.525,40.2813,717.19,5.22,306.101,227.544,27.8608,1126.21,0.121268,0.00498809,117.721,56.4158,26.7035,10.5309,9.77874,3.76105,2.25663,0.376105,0,0,0,0,0,0,0
68677,68677,68677,2.7,-103.526,40.2819,721.79,5.73,306.104,214.221,27.0786,1132.29,0.125445,0.00514332,100.767,60.1704,24.6481,13.049,11.5991,1.44989,1.44989,0.724944,0.362472,0,0,0,0,0,0
