api/data/B2SAP/Locations/Boulder/NOAA-POPS-B2SAP_GMLBalloon_20240123_R0.ict
82,1001
Thornberry, T. D.
NOAA Chemical Sciences Laboratory
Portable Optical Particle Spectrometer (POPS)
Balloon Baseline Stratospheric Aerosol Profiles (B2SAP)
1,1
2024,01,23,2024,05,30
0
TIME_START,s,Seconds since midnight UTC on flight start day,Start time of 100 m altitude bin in UTC_seconds_since_midnight
49
1.0,1.0,1.0,1.0,1.0,1.0,1.0,1.0,1.0,1.0,1.0,1.0,1.0,1.0,1.0,1.0,1.0,1.0,1.0,1.0,1.0,1.0,1.0,1.0,1.0,1.0,1.0,1.0,1.0,1.0,1.0,1.0,1.0,1.0,1.0,1.0,1.0,1.0,1.0,1.0,1.0,1.0,1.0,1.0,1.0,1.0,1.0,1.0,1.0
99999,99999,99999,99999,99999,99999,99999,99999,99999,99999,99999,99999,99999,99999,99999,99999,99999,99999,99999,99999,99999,99999,99999,99999,99999,99999,99999,99999,99999,99999,99999,99999,99999,99999,99999,99999,99999,99999,99999,99999,99999,99999,99999,99999,99999,99999,99999,99999,99999
TIME_STOP,s,End time of 100 m altitude bin in UTC seconds since midnight,
TIME_MID,s,Mid time of 100 m altitude in UTC seconds since midnight,
GPSAlt,km,GPS reported altitude above sea level (km),
GPS_Lon,deg,GPS reported longitude,
GPS_Lat,deg,GPS reported latitude,
iMet_Pressure,hPa,Pressure reported (hPa),
iMet_Temperature,degrees C,Ambient temperature (oC),
THETA,K,Potential temperature from iMet,
Aerosol_concentration,cm^-3,Aerosol concentration,
Surface_Area_Conc,um^2 cm^-3,Surface area concentration,
Volume_density,um^3 cm^-3,Volume density,
Effective_radius,um,Effective radius,
Extinction,km^-1,Extinction,
Bin01,cm^-3,particle concentration in size range [140 - 146.14 nm],
Bin02,cm^-3,particle concentration in size range [146.14 - 152.56 nm],
Bin03,cm^-3,particle concentration in size range [152.56 - 159.25 nm],
Bin04,cm^-3,particle concentration in size range [159.25 - 166.24 nm],
Bin05,cm^-3,particle concentration in size range [166.24 - 173.54 nm],
Bin06,cm^-3,particle concentration in size range [173.54 - 181.16 nm],
Bin07,cm^-3,particle concentration in size range [181.16 - 189.11 nm],
Bin08,cm^-3,particle concentration in size range [189.11 - 197.41 nm],
Bin09,cm^-3,particle concentration in size range [197.41 - 206.07 nm],
Bin10,cm^-3,particle concentration in size range [206.07 - 215.12 nm],
Bin11,cm^-3,particle concentration in size range [215.12 - 224.56 nm],
Bin12,cm^-3,particle concentration in size range [224.56 - 234.41 nm],
Bin13,cm^-3,particle concentration in size range [234.41 - 244.70 nm],
Bin14,cm^-3,particle concentration in size range [244.70 - 361.30 nm],
Bin15,cm^-3,particle concentration in size range [361.30 - 472.80 nm],
Bin16,cm^-3,particle concentration in size range [472.80 - 567.00 nm],
Bin17,cm^-3,particle concentration in size range [567.00 - 610.66 nm],
Bin18,cm^-3,particle concentration in size range [610.66 - 657.69 nm],
Bin19,cm^-3,particle concentration in size range [657.69 - 708.33 nm],
Bin20,cm^-3,particle concentration in size range [708.33 - 762.88 nm],
Bin21,cm^-3,particle concentration in size range [762.88 - 821.62 nm],
Bin22,cm^-3,particle concentration in size range [821.62 - 884.89 nm],
Bin23,cm^-3,particle concentration in size range [884.89 - 953.03 nm],
Bin24,cm^-3,particle concentration in size range [953.03 - 1026.42 nm],
Bin25,cm^-3,particle concentration in size range [1026.42 - 1105.46 nm],
Bin26,cm^-3,particle concentration in size range [1105.46 - 1190.59 nm]],
[...]
LOCATION: Boulder, CO, USA
ASSOCIATED_DATA: N/A
INSTRUMENT_INFO: Printed Optical Particle Spectrometer counts particles from 140 - 2500 nm in diameter 
DATA_INFO: Particle concentrations reported in number per cubic centimeter, binned to 100 m altitude
UNCERTAINTY: Counting uncertainty dominated by air flow, less than 5 percent
ULOD_FLAG: -77777
ULOD_VALUE: 3000 ~3000 per cm3 (varies depending on flow rate- manufacturer quotes 1250  per cm3 at 1.667 cc/s)
LLOD_FLAG: -88888
LLOD_VALUE: 0 0 (varies depending on data field and measurement precision)
DM_CONTACT_INFO: Troy Thornberry, 325 Broadway R/CSL6, Boulder, CO 80305; troy.thornberry@noaa.gov; 303-497-3373
PROJECT_INFO: B2SAP Boulder, CO, USA
STIPULATIONS_ON_USE: Please contact the PIs for questions regarding applications and uncertainties
OTHER_COMMENTS: POPS bin Edges (nm):  140, 146.14, 152.56, 159.25, 166.24, 173.54, 181.16, 189.11, 197.41, 206.07, 215.12, 224.56, 234.41, 244.70, 361.30, 472.80, 567.00, 610.66, 657.69, 708.33, 762.88, 821.62, 884.89, 953.03, 1026.42, 1105.46, 1190.59, 1282.27, 1381.01, 1487.36, 1601.89, 1725.25, 1858.10, 2001.18, 2155.28, 2321.25, 2500
Calculations assume sulfate refractive index of 1.45+0.00j and extinction wavelength = 532 nm
REVISION: R0
R0: QA/QC data
TIME_START,TIME_STOP,TIME_MID,GPSAlt,GPS_Lon,GPS_Lat,iMet_Pressure,iMet_Temperature,THETA,Aerosol_concentration,Surface_Area_Conc,Volume_density,Effective_radius,Extinction,Bin01,Bin02,Bin03,Bin04,Bin05,Bin06,Bin07,Bin08,Bin09,Bin10,Bin11,Bin12,Bin13,Bin14,Bin15,Bin16,Bin17,Bin18,Bin19,Bin20,Bin21,Bin22,Bin23,Bin24,Bin25,Bin26,Bin27,Bin28,Bin29,Bin30,Bin31,Bin32,Bin33,Bin34,Bin35,Bin36
[from data line 202]
67214,67235,67224,21.7,-104.942,40.0966,42.1484,-59.2089,528.708,2.48345,0.683639,46.6487,0.204708,0.000338622,0.141544,0.128676,0.128676,0.154411,0.141544,0.167279,0.154411,0.0900733,0.115809,0.128676,0.0772057,0.115809,0.0257352,0.411764,0.244485,0.167279,0.0257352,0.0257352,0.0257352,0,0.0128676,0,0,0,0,0,0,0,0,0,0,0,0,0,0,0
67236,67257,67246,21.8,-104.942,40.0969,41.4963,-58.8074,532.062,2.51249,0.617032,38.2289,0.185868,0.000263522,0.205101,0.21792,0.153826,0.0897316,0.179463,0.0128188,0.166644,0.115369,0.0897316,0.0512752,0.166644,0.0769128,0.0384564,0.551209,0.205101,0.128188,0.0384564,0.0128188,0.0128188,0,0,0,0,0,0,0,0,0,0,0,0,0,0,0,0,0
67260,67280,67270,21.9,-104.941,40.0977,40.815,-58.8945,534.373,2.31579,0.540641,34.5736,0.191848,0.000242326,0.183792,0.232804,0.220551,0.134781,0.17154,0.110275,0.122528,0.0857698,0.110275,0.0245057,0.0612642,0.0612642,0.0612642,0.392091,0.147034,0.147034,0.0122528,0.0245057,0,0,0.0122528,0,0,0,0,0,0,0,0,0,0,0,0,0,0,0
67281,67301,67291,22,-104.94,40.0986,40.2053,-58.2279,538.344,2.65096,0.821997,60.7489,0.221712,0.000453729,0.217712,0.179292,0.192099,0.217712,0.0640329,0.089646,0.0512263,0.102453,0.115259,0.0256132,0.102453,0.115259,0.0512263,0.52507,0.294551,0.115259,0.0640329,0.0640329,0.0384197,0.0128066,0,0.0128066,0,0,0,0,0,0,0,0,0,0,0,0,0,0
67302,67323,67312,22.1,-104.938,40.0996,39.5572,-57.8417,541.822,2.28621,0.613821,42.3742,0.207101,0.000290393,0.162335,0.148807,0.148807,0.108223,0.148807,0.0811673,0.0811673,0.135279,0.0541115,0.108223,0.0811673,0.0946951,0.0676394,0.459948,0.202918,0.148807,0.0135279,0.0135279,0,0,0.0135279,0,0.0135279,0,0,0,0,0,0,0,0,0,0,0,0,0
67324,67344,67334,22.2,-104.937,40.1,38.9319,-57.7633,544.493,2.16173,0.559711,40.4393,0.216751,0.000286108,0.184961,0.242761,0.196521,0.138721,0.104041,0.161841,0.115601,0.0346802,0.0809204,0.0578003,0.0462402,0.0693604,0.0693604,0.254321,0.231201,0.0693604,0.0346802,0.0231201,0.0231201,0,0.0115601,0,0.0115601,0,0,0,0,0,0,0,0,0,0,0,0,0
67346,67366,67356,22.3,-104.936,40.0998,38.328,-57.8367,546.741,2.40046,0.574226,39.2098,0.204849,0.000279175,0.275729,0.178413,0.210852,0.129755,0.162194,0.145974,0.0648774,0.0648774,0.129755,0.0648774,0.145974,0.0324387,0.0486581,0.454142,0.0973161,0.0973161,0.0162194,0.0162194,0.0162194,0.0486581,0,0,0,0,0,0,0,0,0,0,0,0,0,0,0,0
67367,67389,67378,22.4,-104.935,40.0997,37.7174,-57.9083,549.074,2.53473,0.800785,61.2665,0.229524,0.000461932,0.232351,0.200666,0.158421,0.179544,0.126737,0.126737,0.116175,0.0739297,0.0422456,0.0739297,0.0633684,0.052807,0.052807,0.422456,0.295719,0.147859,0.052807,0.0211228,0.0316842,0.0316842,0.0316842,0,0,0,0,0,0,0,0,0,0,0,0,0,0,0
67390,67412,67401,22.5,-104.934,40.0997,37.1043,-58.1829,550.949,2.25303,0.663655,48.1609,0.217708,0.000352022,0.150976,0.209044,0.150976,0.081295,0.16259,0.104522,0.0929085,0.0929085,0.0929085,0.0580678,0.0232271,0.0464543,0.0464543,0.48777,0.185817,0.127749,0.0696814,0.0348407,0.0232271,0,0,0,0.0116136,0,0,0,0,0,0,0,0,0,0,0,0,0
67413,67436,67424,22.6,-104.934,40.0995,36.518,-57.4495,555.348,2.08952,0.660588,48.5445,0.22046,0.000365797,0.0971872,0.194374,0.206523,0.0728904,0.060742,0.0971872,0.060742,0.0728904,0.145781,0.060742,0.0364452,0.0364452,0.0728904,0.340155,0.242968,0.182226,0.0242968,0.0485936,0.0242968,0,0,0.0121484,0,0,0,0,0,0,0,0,0,0,0,0,0,0
67437,67458,67448,22.7,-104.934,40.0996,35.9675,-57.2263,558.341,2.23455,0.766638,63.392,0.248065,0.000479483,0.106407,0.197613,0.15201,0.15201,0.15201,0.136809,0.091206,0.121608,0.045603,0.091206,0.060804,0.030402,0.030402,0.319221,0.167211,0.167211,0.091206,0.045603,0.030402,0,0.015201,0.015201,0.015201,0,0,0,0,0,0,0,0,0,0,0,0,0
67460,67480,67470,22.8,-104.935,40.1002,35.3675,-57.385,560.617,1.92051,0.674834,50.7079,0.225424,0.000386176,0.120977,0.105855,0.0907329,0.0907329,0.105855,0.0756107,0.0604886,0.0604886,0.0604886,0.0453664,0.0151221,0,0.0604886,0.514153,0.226832,0.151221,0.0302443,0.0453664,0.0453664,0,0.0151221,0,0,0,0,0,0,0,0,0,0,0,0,0,0,0
67481,67495,67488,22.9,-104.935,40.1009,34.9754,-57.0715,563.223,2.25371,0.655716,45.333,0.207405,0.000335543,0.149005,0.186257,0.149005,0.0931284,0.0745027,0.167631,0.111754,0.0745027,0.055877,0.13038,0.055877,0.0745027,0.0372514,0.335262,0.335262,0.111754,0.0372514,0.0372514,0.0372514,0,0,0,0,0,0,0,0,0,0,0,0,0,0,0,0,0
67506,67522,67514,23,-104.935,40.1016,34.2856,-57.105,566.351,2.27942,0.687136,50.2883,0.219556,0.000387236,0.148364,0.269754,0.17534,0.121389,0.0809261,0.121389,0.0944138,0.0269754,0.148364,0.0809261,0.0539507,0.0539507,0.0134877,0.377655,0.188828,0.17534,0.040463,0.0674384,0.0269754,0.0134877,0,0,0,0,0,0,0,0,0,0,0,0,0,0,0,0
67523,67542,67532,23.1,-104.936,40.1018,33.8005,-57.4585,567.728,1.86922,0.55795,41.8655,0.225103,0.000318891,0.206343,0.133516,0.133516,0.0849647,0.0728269,0.0971026,0.145654,0.0728269,0.0728269,0.0728269,0.0242756,0.0606891,0.0485513,0.230619,0.133516,0.157792,0.0485513,0.0364135,0.0242756,0,0,0.0121378,0,0,0,0,0,0,0,0,0,0,0,0,0,0
67543,67564,67554,23.2,-104.937,40.1016,33.2675,-57.4585,570.314,2.20103,0.702261,57.179,0.244264,0.000412133,0.133029,0.133029,0.145123,0.193497,0.120936,0.181403,0.0725613,0.108842,0.0483742,0.0604678,0.0483742,0.0967484,0.0604678,0.314432,0.181403,0.181403,0.0120936,0.0120936,0.0483742,0,0.0120936,0.0120936,0.0241871,0,0,0,0,0,0,0,0,0,0,0,0,0
67565,67585,67575,23.3,-104.939,40.1015,32.7511,-57.7339,572.138,2.32949,0.791933,58.1423,0.220255,0.000451845,0.121892,0.148979,0.0948047,0.0812612,0.148979,0.176066,0.0677177,0.0948047,0.0677177,0.108348,0.0948047,0.0541741,0.0135435,0.365675,0.284414,0.270871,0.0541741,0.0406306,0.0406306,0,0,0,0,0,0,0,0,0,0,0,0,0,0,0,0,0
67586,67606,67596,23.4,-104.94,40.1013,32.2295,-57.6395,575.017,1.9637,0.587339,39.3544,0.201014,0.000288334,0.134166,0.109772,0.121969,0.0853785,0.0853785,0.0975754,0.0975754,0.0487877,0.0487877,0.0609846,0.0609846,0.0853785,0.0487877,0.365908,0.292726,0.146363,0.0609846,0,0.0121969,0,0,0,0,0,0,0,0,0,0,0,0,0,0,0,0,0
67607,67627,67617,23.5,-104.942,40.1014,31.7319,-57.8824,576.931,1.81347,0.528255,36.7489,0.2087,0.000272434,0.162748,0.162748,0.0348745,0.127873,0.151123,0.116248,0.0697489,0.0697489,0.0348745,0.0464993,0.0464993,0.0581241,0.0348745,0.209247,0.278996,0.162748,0.0116248,0.0116248,0.0116248,0,0.0116248,0,0,0,0,0,0,0,0,0,0,0,0,0,0,0
67628,67648,67638,23.6,-104.942,40.1017,31.2467,-57.9217,579.371,2.01748,0.553166,38.831,0.210593,0.000288973,0.203102,0.189562,0.148942,0.0677008,0.121861,0.108321,0.0406205,0.0947811,0.0677008,0.108321,0.0812409,0.0541606,0.0270803,0.297883,0.189562,0.108321,0.0406205,0.0270803,0.0270803,0.0135402,0,0,0,0,0,0,0,0,0,0,0,0,0,0,0,0
67649,67671,67660,23.7,-104.942,40.1021,30.7396,-58.0322,581.788,1.8975,0.565977,40.4945,0.214644,0.000308478,0.223863,0.138582,0.170562,0.0959412,0.0746209,0.106601,0.0533007,0.0746209,0.0639608,0.0213203,0.0426405,0.0106601,0.0426405,0.319804,0.213203,0.138582,0.0319804,0.0426405,0.0319804,0,0,0,0,0,0,0,0,0,0,0,0,0,0,0,0,0
67672,67692,67682,23.8,-104.942,40.1025,30.2578,-57.975,584.577,1.66982,0.529286,38.0869,0.215877,0.000291752,0.162909,0.0407273,0.149334,0.0678789,0.108606,0.0678789,0.0407273,0.0271515,0.135758,0.0678789,0.0135758,0.0135758,0.0543031,0.285091,0.162909,0.203637,0.0271515,0.0135758,0.0135758,0.0135758,0,0,0,0,0,0,0,0,0,0,0,0,0,0,0,0
67694,67716,67705,23.9,-104.942,40.1027,29.7683,-57.8926,587.532,1.80528,0.566362,43.4433,0.230118,0.000335,0.191147,0.191147,0.0849542,0.106193,0.0637157,0.127431,0.0955735,0.0530964,0.0530964,0.0424771,0.0424771,0.0530964,0.0424771,0.201766,0.201766,0.106193,0.0530964,0.0637157,0.0106193,0.0106193,0,0.0106193,0,0,0,0,0,0,0,0,0,0,0,0,0,0
67717,67741,67729,24,-104.943,40.1032,29.3158,-57.5188,591.132,2.0935,0.708555,55.0497,0.233079,0.000421724,0.173607,0.18382,0.0714854,0.142971,0.0919098,0.142971,0.102122,0.0204244,0.0306366,0.0612732,0.0612732,0.0714854,0.0102122,0.377851,0.245093,0.132759,0.0408488,0.0612732,0.051061,0,0.0102122,0.0102122,0,0,0,0,0,0,0,0,0,0,0,0,0,0
67742,67764,67753,24.1,-104.945,40.1038,28.8626,-57.063,595.023,1.95536,0.648886,48.8815,0.225994,0.000371197,0.170467,0.110302,0.180494,0.0601648,0.0601648,0.0501373,0.0401099,0.0701922,0.100275,0.0401099,0.0501373,0.0701922,0.0501373,0.421153,0.220604,0.110302,0.0300824,0.0401099,0.0701922,0,0.0100275,0,0,0,0,0,0,0,0,0,0,0,0,0,0,0
67765,67782,67774,24.2,-104.946,40.1041,28.445,-56.9472,597.827,1.57347,0.46534,33.7017,0.217271,0.000259363,0.223011,0.173453,0.074337,0.123895,0.0867265,0.0867265,0.024779,0.0371685,0.049558,0.0371685,0.0371685,0.0123895,0,0.198232,0.210621,0.099116,0.0371685,0.0371685,0.024779,0,0,0,0,0,0,0,0,0,0,0,0,0,0,0,0,0
67789,67811,67800,24.3,-104.947,40.1046,27.9877,-56.7132,601.252,1.80637,0.584919,43.0972,0.221042,0.000329325,0.102055,0.163288,0.11226,0.11226,0.132671,0.0714385,0.0714385,0.040822,0.0510275,0.061233,0.020411,0.040822,0.040822,0.285754,0.224521,0.193904,0.020411,0.020411,0.020411,0.0102055,0.0102055,0,0,0,0,0,0,0,0,0,0,0,0,0,0,0
67812,67836,67824,24.4,-104.949,40.1048,27.5312,-57.134,602.909,1.6659,0.557825,42.1431,0.226647,0.000313381,0.108058,0.153082,0.117063,0.0810436,0.0180097,0.0900484,0.0450242,0.0630339,0.0450242,0.0270145,0.0630339,0.0270145,0.0270145,0.351189,0.234126,0.117063,0.0270145,0.0360194,0.00900484,0.00900484,0,0.0180097,0,0,0,0,0,0,0,0,0,0,0,0,0,0
67837,67859,67848,24.5,-104.951,40.1049,27.1096,-57.7091,603.961,1.54433,0.506827,37.9106,0.2244,0.000289447,0.078692,0.108202,0.0688555,0.098365,0.059019,0.059019,0.0885285,0.078692,0.108202,0.059019,0.019673,0.019673,0.039346,0.245913,0.19673,0.108202,0.039346,0.0295095,0.019673,0.0098365,0.0098365,0,0,0,0,0,0,0,0,0,0,0,0,0,0,0
67860,67881,67870,24.6,-104.952,40.1049,26.6864,-57.965,605.96,1.74648,0.594369,44.676,0.225497,0.000334064,0.135953,0.104579,0.146411,0.0313738,0.0941215,0.0627476,0.0627476,0.0522897,0.0209159,0.0313738,0.0418318,0.0522897,0.0836635,0.324196,0.261448,0.125495,0.0418318,0.0418318,0.0209159,0,0,0,0.0104579,0,0,0,0,0,0,0,0,0,0,0,0,0
67882,67903,67892,24.7,-104.953,40.1049,26.2595,-58.108,608.355,1.8212,0.580081,43.8691,0.226877,0.000327205,0.198464,0.18679,0.116744,0.0700463,0.093395,0.0233488,0.0466975,0.116744,0.0466975,0.0583719,0.0350231,0.0583719,0.0116744,0.280185,0.221813,0.151767,0.0466975,0.0116744,0.0350231,0,0,0,0.0116744,0,0,0,0,0,0,0,0,0,0,0,0,0
67904,67924,67914,24.8,-104.955,40.1052,25.8562,-58.7052,609.357,1.67804,0.576635,43.474,0.226178,0.000334672,0.170072,0.0907051,0.0907051,0.0907051,0.0793669,0.0907051,0.0907051,0.0226763,0.0113381,0.0453525,0.0226763,0.0453525,0.0453525,0.272115,0.249439,0.170072,0.0113381,0.0340144,0.0226763,0.0113381,0.0113381,0,0,0,0,0,0,0,0,0,0,0,0,0,0,0
67925,67945,67935,24.9,-104.957,40.1058,25.454,-59.259,610.507,1.38958,0.43935,31.8517,0.217492,0.000243912,0.0966664,0.193333,0.120833,0.0604165,0.0604165,0.0724998,0.0483332,0.0483332,0.0241666,0.0120833,0.0120833,0.0241666,0.0120833,0.193333,0.217499,0.132916,0.0120833,0.0120833,0.0362499,0,0,0,0,0,0,0,0,0,0,0,0,0,0,0,0,0
67946,67966,67956,25,-104.958,40.1062,25.0481,-59.1471,613.642,1.467,0.436673,28.7636,0.19761,0.000205871,0.163,0.0698573,0.0582144,0.0349287,0.0931431,0.0465715,0.0815002,0.0116429,0.0116429,0.0465715,0.0465715,0.0465715,0.0116429,0.372572,0.256143,0.0698573,0.0116429,0.0232858,0.0116429,0,0,0,0,0,0,0,0,0,0,0,0,0,0,0,0,0
67967,67987,67977,25.1,-104.959,40.1059,24.6733,-58.611,617.831,1.84351,0.525044,36.4527,0.208283,0.00026733,0.106356,0.17726,0.0945387,0.141808,0.118173,0.0590867,0.0827214,0.129991,0.0472694,0.0590867,0.0236347,0.035452,0.035452,0.319068,0.200895,0.153625,0.0236347,0,0.0236347,0,0.0118173,0,0,0,0,0,0,0,0,0,0,0,0,0,0,0
67990,68008,67999,25.2,-104.96,40.1061,24.2535,-58.45,621.339,1.66462,0.565226,42.6014,0.226111,0.000333511,0.0891761,0.148627,0.163489,0.0743134,0.044588,0.104039,0.104039,0.0148627,0.044588,0.0743134,0.044588,0.044588,0.0297254,0.148627,0.252666,0.193215,0.0148627,0.0297254,0.0297254,0.0148627,0,0,0,0,0,0,0,0,0,0,0,0,0,0,0,0
68009,68029,68019,25.3,-104.961,40.1067,23.8905,-58.7224,623.227,1.32178,0.395062,28.4419,0.215981,0.000215009,0.134626,0.0856709,0.134626,0.0611935,0.0734322,0.0489548,0.0489548,0.0367161,0.0244774,0.0489548,0.0367161,0.0244774,0.0367161,0.208058,0.159103,0.0856709,0.0122387,0.0244774,0.0367161,0,0,0,0,0,0,0,0,0,0,0,0,0,0,0,0,0
68030,68050,68040,25.4,-104.962,40.1072,23.51,-58.8144,625.828,1.42347,0.399952,26.4231,0.198197,0.000193528,0.0718924,0.0575139,0.0431354,0.115028,0.0862708,0.100649,0.100649,0.0287569,0.0862708,0.0575139,0.0143785,0.0718924,0.0143785,0.258813,0.158163,0.115028,0.0143785,0.0287569,0,0,0,0,0,0,0,0,0,0,0,0,0,0,0,0,0,0
68052,68070,68061,25.5,-104.963,40.1079,23.1529,-58.8471,628.47,1.72145,0.47536,31.0612,0.196027,0.000220947,0.170594,0.0775428,0.0775428,0.0465257,0.10856,0.0465257,0.0620342,0.124068,0.0620342,0.0775428,0.0620342,0.0620342,0.0310171,0.32568,0.263645,0.0620342,0.0155086,0.0310171,0.0155086,0,0,0,0,0,0,0,0,0,0,0,0,0,0,0,0,0
68072,68092,68082,25.6,-104.964,40.1089,22.7759,-58.6271,632.077,1.60996,0.53716,41.2532,0.230396,0.000318066,0.157839,0.0631358,0.157839,0.126272,0.0315679,0.0315679,0.0789197,0.0315679,0.0631358,0.0631358,0.0315679,0.0315679,0.0157839,0.331463,0.157839,0.110488,0.0157839,0.0315679,0.0631358,0.0157839,0,0,0,0,0,0,0,0,0,0,0,0,0,0,0,0
68093,68113,68103,25.7,-104.965,40.1092,22.4269,-58.28,635.896,1.62347,0.568307,46.3954,0.244914,0.000367105,0.169112,0.219845,0.169112,0.0338223,0.0845558,0.0845558,0.0507335,0.0507335,0.0507335,0.0338223,0.0169112,0,0.0169112,0.169112,0.1522,0.186023,0.0169112,0.0676446,0.0338223,0,0,0.0169112,0,0,0,0,0,0,0,0,0,0,0,0,0,0
68115,68136,68126,25.8,-104.965,40.1096,22.0684,-58.17,639.157,1.46352,0.561608,45.5519,0.243329,0.000358902,0.159394,0.101432,0.043471,0.115923,0.0289806,0.0724516,0.0579613,0.0289806,0.043471,0.0289806,0.0144903,0.0289806,0.043471,0.231845,0.159394,0.130413,0.101432,0.0289806,0.0289806,0,0,0.0144903,0,0,0,0,0,0,0,0,0,0,0,0,0,0
68137,68158,68148,25.9,-104.966,40.1102,21.7157,-58.2133,641.978,1.55763,0.525803,38.4075,0.219136,0.000299056,0.199696,0.0532523,0.0266262,0.0931916,0.0133131,0.106505,0.0665654,0.106505,0.0266262,0.0532523,0.0399392,0.0266262,0.0399392,0.239635,0.199696,0.159757,0.0665654,0.0266262,0.0133131,0,0,0,0,0,0,0,0,0,0,0,0,0,0,0,0,0
68159,68178,68168,26,-104.967,40.1112,21.3853,-58.6484,643.493,1.43956,0.505651,38.2293,0.226812,0.00029171,0.119963,0.164949,0.0599815,0.0299907,0,0.0749768,0.0449861,0.0599815,0.0599815,0.0149954,0,0.0449861,0.0449861,0.284912,0.224931,0.119963,0.0149954,0.0299907,0.0299907,0,0.0149954,0,0,0,0,0,0,0,0,0,0,0,0,0,0,0
68179,68198,68188,26.1,-104.968,40.112,21.0456,-58.35,647.341,1.42473,0.429217,30.6883,0.214495,0.000209879,0.0160082,0.080041,0.0640328,0.0320164,0.0960492,0.0960492,0.0320164,0.0960492,0.0640328,0.0640328,0.0320164,0.112057,0.0160082,0.320164,0.160082,0.0960492,0.0320164,0,0,0,0,0,0.0160082,0,0,0,0,0,0,0,0,0,0,0,0,0
68199,68219,68209,26.2,-104.969,40.1122,20.7221,-58.4321,649.963,1.29126,0.423246,31.078,0.220283,0.000235212,0.184466,0.076861,0.0614888,0.0614888,0.0614888,0.0461166,0.0153722,0.0307444,0,0,0.0614888,0.0153722,0.0153722,0.338188,0.13835,0.122978,0,0.0461166,0,0,0.0153722,0,0,0,0,0,0,0,0,0,0,0,0,0,0,0
68220,68239,68230,26.3,-104.969,40.1123,20.407,-58.6015,652.299,1.16309,0.356746,26.4582,0.222496,0.000206453,0.0447342,0.178937,0.0894684,0.0447342,0.074557,0.0596456,0.0447342,0.0596456,0.0149114,0.0298228,0.0298228,0.0447342,0.0298228,0.134203,0.0894684,0.134203,0,0.0298228,0.0298228,0,0,0,0,0,0,0,0,0,0,0,0,0,0,0,0,0
68240,68259,68250,26.4,-104.97,40.1125,20.0882,-58.5576,655.377,1.38414,0.373251,24.4607,0.196603,0.000180586,0.177454,0.0887269,0.0709815,0.0532362,0.0887269,0.177454,0.0177454,0.0177454,0.0177454,0.0709815,0.0177454,0.0177454,0.0532362,0.195199,0.141963,0.159708,0.0177454,0,0,0,0,0,0,0,0,0,0,0,0,0,0,0,0,0,0,0
