api/data/B2SAP/Locations/Boulder/NOAA-POPS-B2SAP_GMLBalloon_20210615_R0.ict
61,1001
Thornberry, T. D.
NOAA Chemical Sciences Laboratory
Portable Optical Particle Spectrometer (POPS)
Balloon Baseline Stratospheric Aerosol Profiles (B2SAP)
1,1
2021,06,15,2024,05,28
0
TIME_START,s,Seconds since midnight UTC on flight start day,Start time of 100 m altitude bin in UTC_seconds_since_midnight
28
1.0,1.0,1.0,1.0,1.0,1.0,1.0,1.0,1.0,1.0,1.0,1.0,1.0,1.0,1.0,1.0,1.0,1.0,1.0,1.0,1.0,1.0,1.0,1.0,1.0,1.0,1.0,1.0
99999,99999,99999,99999,99999,99999,99999,99999,99999,99999,99999,99999,99999,99999,99999,99999,99999,99999,99999,99999,99999,99999,99999,99999,99999,99999,99999,99999
TIME_STOP,s,End time of 100 m altitude bin in UTC seconds since midnight,
TIME_MID,s,Mid time of 100 m altitude in UTC seconds since midnight,
GPSAlt,m,GPS reported altitude above sea level (m),
GPS_Lon,deg,GPS reported longitude,
GPS_Lat,deg,GPS reported latitude,
iMet_Pressure,mb,Pressure reported (mB),
iMet_Temperature,degrees C,Ambient temperature (oC),
THETA,K,Potential temperature from iMet,
Aerosol_concentration,cm^-3,Aerosol concentration,
Surface_Area_Conc,um^2 cm^-3,Surface area concentration,
Volume_density,um^3 cm^-3,Volume density,
Effective_radius,um,Effective radius,
Extinction,km^-1,Extinction,
Bin01,cm^-3,particle concentration in size range [140 - 170 nm],
Bin02,cm^-3,particle concentration in size range [170 - 205 nm],
Bin03,cm^-3,particle concentration in size range [205 - 249 nm],
Bin04,cm^-3,particle concentration in size range [249 - 302 nm],
Bin05,cm^-3,particle concentration in size range [302 - 366 nm],
Bin06,cm^-3,particle concentration in size range [366 - 443 nm],
Bin07,cm^-3,particle concentration in size range [443 - 537 nm],
Bin08,cm^-3,particle concentration in size range [537 - 651 nm],
Bin09,cm^-3,particle concentration in size range [651 - 789 nm],
Bin10,cm^-3,particle concentration in size range [789 - 956 nm],
Bin11,cm^-3,particle concentration in size range [956 - 1159 nm],
Bin12,cm^-3,particle concentration in size range [1159 - 1404 nm],
Bin13,cm^-3,particle concentration in size range [1404 - 1702 nm],
Bin14,cm^-3,particle concentration in size range [1702 - 2062 nm],
Bin15,cm^-3,particle concentration in size range [2062 - 2500 nm],
0
19
PI_CONTACT_INFO: 325 Broadway R/CSL6, Boulder, CO 80305; troy.thornberry@noaa.gov; 303-497-3373 
PLATFORM: GML ECC/FPH balloon
LOCATION: Boulder, CO, USA
ASSOCIATED_DATA: N/A
INSTRUMENT_INFO: Printed Optical Particle Spectrometer counts particles from 140 - 2500 nm in diameter 
DATA_INFO: Particle concentrations reported in number per cubic centimeter, binned to 100 m altitude
UNCERTAINTY: Counting uncertainty dominated by air flow, less than 5 percent
ULOD_FLAG: -77777
ULOD_VALUE: 3000 ~3000 per cm3 (varies depending on flow rate- manufacturer quotes 1250  per cm3 at 1.667 cc/s)
LLOD_FLAG: -88888
LLOD_VALUE: 0 0 (varies depending on data field and measurement precision)
DM_CONTACT_INFO: Troy Thornberry, 325 Broadway R/CSL6, Boulder, CO 80305; troy.thornberry@noaa.gov; 303-497-3373
PROJECT_INFO: B2SAP Boulder, CO, USA
STIPULATIONS_ON_USE: Please contact the PIs for questions regarding applications and uncertainties
OTHER_COMMENTS: POPS bin Edges (nm):  140, 170, 205, 249, 302, 366, 443, 537, 651, 789, 956, 1159, 1404, 1702, 2062, 2500
Calculations assume sulfate refractive index of 1.45+0.00j and extinction wavelength = 532 nm
REVISION: R0
R0: QA/QC data
TIME_START,TIME_STOP,TIME_MID,GPSAlt,GPS_Lon,GPS_Lat,iMet_Pressure,iMet_Temperature,THETA,Aerosol_concentration,Surface_Area_Conc,Volume_density,Effective_radius,Extinction,Bin01,Bin02,Bin03,Bin04,Bin05,Bin06,Bin07,Bin08,Bin09,Bin10,Bin11,Bin12,Bin13,Bin14,Bin15
59163,59382,59272,1.8,-105.197,39.9491,828.427,27.2221,316.969,1231.47,178.964,8854.07,0.148422,0.0370257,477.934,323.176,188.858,118.936,86.7017,22.4809,10.4543,1.52072,0.479413,0.216509,0.164959,0.175269,0.180424,0.108255,0.0876347
59383,59394,59388,1.9,-105.198,39.9491,808.512,24.4525,316.237,1322.78,195.246,9581.84,0.147227,0.0413373,498.651,350.252,205.876,130.649,95.0043,27.0258,11.9861,1.62669,0.656383,0.313922,0.142692,0.17123,0.256845,0.114154,0.0570768
59395,59403,59399,2,-105.198,39.9492,801.452,24.0433,316.593,1312.46,189.603,8935.3,0.141379,0.0382095,501.593,347.198,205.566,127.829,90.9004,26.0859,10.7624,1.28029,0.40009,0.200045,0.160036,0.240054,0.120027,0.080018,0.040009
59404,59412,59408,2.1,-105.198,39.9491,796.361,23.7922,316.904,1063.46,153.192,7379.79,0.14452,0.0307765,414.497,279.581,156.479,107.27,75.6857,19.6915,8.30554,1.16979,0.155973,0.155973,0,0.155973,0.116979,0.155973,0.0389931
59415,59426,59420,2.2,-105.198,39.949,790.409,25.2567,319.15,653.743,95.506,4781.92,0.150208,0.0198033,251.464,166.69,105.173,67.4404,44.8241,10.3597,6.18666,0.904653,0.204276,0.116729,0.0583647,0.087547,0.116729,0.0583647,0.0583647
59427,59440,59434,2.3,-105.198,39.9488,784.605,26.95,321.637,423.411,62.2565,3129.26,0.150792,0.0129763,157.473,108.936,72.5331,44.4015,28.2059,6.95862,3.61551,0.742913,0.247638,0.0495276,0.0990551,0.0742913,0,0.0247638,0.0495276
59441,59469,59455,2.4,-105.198,39.9485,776.433,26.3945,322.004,397.785,57.3762,2700.51,0.1412,0.011532,149.613,102.059,67.0839,43.11,24.8937,6.30703,3.69105,0.740598,0.119451,0.0597257,0.0238903,0.0119451,0.0358354,0,0.0358354
59470,59495,59482,2.5,-105.198,39.9477,765.558,25.51,322.349,377.224,54.1465,2570.84,0.142438,0.0110289,144.507,98.4565,61.9276,38.2588,23.6687,5.81996,3.52684,0.616862,0.254791,0.0536402,0.01341,0.0804603,0,0.01341,0.0268201
59496,59515,59506,2.6,-105.199,39.947,756.089,24.8785,322.815,294.823,40.9778,1842.3,0.134875,0.00778778,114.817,78.7384,47.9643,29.7414,16.4374,4.13123,2.31069,0.367609,0.140042,0.0700209,0.0175052,0.0350104,0.0350104,0.0175052,0
59516,59535,59526,2.7,-105.199,39.9467,747.55,24.154,323.075,254.617,35.9623,1753.92,0.146313,0.00712242,99.2755,67.8837,42.2075,24.3221,14.5088,3.55246,2.14555,0.422075,0.123105,0.0175865,0.0351729,0.0351729,0.0527594,0.0175865,0.0175865
59536,59552,59544,2.8,-105.198,39.9466,739.517,23.36,323.21,240.288,33.9151,1738.15,0.15375,0.00679303,94.8899,64.0309,39.9438,22.3577,13.1271,3.08382,2.20868,0.375059,0.0625098,0.0416732,0.0625098,0.0208366,0.0416732,0,0.0416732
59553,59570,59562,2.9,-105.198,39.9463,731.791,22.5061,323.246,237.784,32.7438,1528.02,0.139998,0.00622782,95.2548,64.3725,37.5098,21.7059,13.6274,2.86274,1.7647,0.509803,0.0588235,0,0.0196078,0.0392156,0.0196078,0.0392156,0
59571,59593,59582,3,-105.198,39.9461,724.806,21.7552,323.309,295.875,41.4593,1814,0.131261,0.00799102,109.775,81.2732,51.3402,29.1395,16.3822,4.52728,2.67592,0.575633,0.124461,0.0311153,0,0,0.0155576,0.0155576,0
59594,59616,59605,3.1,-105.198,39.9459,716.082,20.7678,323.345,327.074,47.7152,2340.92,0.14718,0.00992578,117.192,89.9891,58.9531,32.2775,19.1338,5.5865,2.65359,0.837974,0.186217,0.0775902,0.0465541,0.0465541,0.0465541,0.0310361,0.015518
59617,59632,59624,3.2,-105.197,39.9457,706.792,19.7256,323.403,331.485,47.67,2347.18,0.147714,0.00963565,120.764,91.4572,58.8819,31.8589,20.0378,4.61204,3.00007,0.447771,0.201497,0.0671657,0.0223886,0.0223886,0.0447771,0.0447771,0.0223886
59633,59651,59642,3.3,-105.196,39.9453,698.849,18.8079,323.432,323.484,46.3146,2078.63,0.134642,0.00950409,119.278,88.6396,55.6719,31.3391,19.0686,5.18847,3.16232,0.681697,0.284041,0.0946802,0.0378721,0,0.0378721,0,0
59652,59673,59662,3.4,-105.196,39.9447,690.558,17.8555,323.478,326.443,46.4024,2146.72,0.138789,0.00929252,121.713,89.7558,55.5358,31.3834,19.2334,4.96822,2.70546,0.737854,0.278745,0.0163968,0.0163968,0.0491903,0.0327935,0,0.0163968
59674,59694,59684,3.5,-105.195,39.9441,682.566,16.9735,323.574,315.761,45.2301,2156.67,0.143046,0.00915471,116.618,87.3643,54.9142,29.3261,18.3288,5.30903,3.03373,0.559796,0.126406,0.0361159,0.0361159,0.0541738,0.0180579,0.0180579,0.0180579
59695,59717,59706,3.6,-105.194,39.9435,674.234,15.963,323.578,302.641,42.1781,1872.28,0.13317,0.00804248,113.42,83.2689,52.0628,28.8748,17.4383,4.25324,2.61495,0.488335,0.157527,0.0315055,0,0,0.0157527,0,0.0157527
59718,59740,59729,3.7,-105.193,39.9426,666.079,14.9896,323.611,294.372,42.1878,1945.67,0.138358,0.00859259,107.798,79.5702,52.3112,29.4022,17.3206,4.17537,2.66716,0.746169,0.269891,0.0317519,0.0635037,0,0,0,0.0158759
59741,59762,59752,3.8,-105.192,39.9418,658.629,14.0973,323.649,293.274,41.9173,2008.89,0.143775,0.00856411,107.407,81.5037,52.1564,27.85,16.0711,4.49194,2.86153,0.615562,0.166368,0.0665472,0,0.0166368,0.0166368,0.0332736,0.0166368
59763,59783,59773,3.9,-105.192,39.9411,650.322,13.0914,323.687,291.463,41.2351,1818.33,0.13229,0.00798158,107.738,79.4579,49.9505,28.9289,17.8132,4.1903,2.70003,0.403251,0.175326,0.0175326,0.0175326,0.0350653,0.0350653,0,0
59784,59802,59793,4,-105.191,39.9405,642.532,12.1484,323.734,294.986,41.9904,1974.6,0.141075,0.00846392,109.367,81.5041,51.8645,26.6467,17.552,4.65351,2.54881,0.424802,0.212401,0.115855,0.0193092,0,0.0579276,0,0.0193092
59803,59817,59810,4.1,-105.191,39.9401,634.813,11.2027,323.776,308.222,43.4346,1886.1,0.130272,0.00843439,115.053,83.9491,52.2813,29.6824,18.7752,4.97567,2.84324,0.416681,0.122553,0.073532,0.0245107,0.0245107,0,0,0
59818,59831,59824,4.2,-105.19,39.9398,627.541,10.2629,323.77,305.517,43.0948,1902.43,0.132436,0.00858994,115.525,82.1674,52.7127,29.4548,16.9292,4.72014,3.21708,0.395543,0.290065,0.052739,0,0,0.052739,0,0
59832,59844,59838,4.3,-105.189,39.9395,620.093,9.31077,323.787,305.287,43.6562,2026.78,0.139278,0.00888031,112.705,83.917,53.1095,29.1292,18.0066,4.57988,2.78775,0.654268,0.227572,0.0568929,0.0284464,0.0284464,0.0284464,0.0284464,0
59845,59860,59852,4.4,-105.188,39.9392,613.773,8.4725,323.77,306.384,44.0618,2079.75,0.141602,0.00890055,114.88,80.3272,53.761,29.8957,18.8361,5.21545,2.70086,0.419098,0.162983,0.0465665,0.0698497,0.0232832,0,0.0465665,0
59861,59879,59870,4.5,-105.187,39.9388,607.237,7.54,323.686,314.461,44.6751,2021.26,0.13573,0.00890013,116.921,86.1825,53.7,30.2883,18.3963,5.17212,3.01707,0.470193,0.156731,0.0783655,0,0.0195914,0.0391828,0.0195914,0
59880,59903,59892,4.6,-105.185,39.9378,599.437,6.48792,323.668,327.174,46.7177,2116.05,0.135883,0.00948019,121.815,88.2437,56.1608,32.0046,20.2398,4.41767,3.1331,0.783274,0.219317,0.0783274,0,0.031331,0.031331,0.0156655,0
59904,59931,59918,4.7,-105.183,39.9369,591.116,5.415,323.716,334.016,47.3415,2051.99,0.130033,0.0092352,123.17,89.2051,58.6607,33.5223,20.497,5.04378,3.08529,0.536572,0.201214,0.0536572,0.0134143,0.0268286,0,0,0
59932,59953,59942,4.8,-105.181,39.9362,582.804,4.29591,323.721,332.526,47.0406,2106.15,0.134319,0.00898439,121.736,90.1994,58.7997,33.7243,19.7081,4.92276,2.63231,0.512788,0.153836,0.0170929,0.0512788,0.0170929,0.0341859,0.0170929,0
59954,59973,59964,4.9,-105.18,39.9356,576.127,3.387,323.725,346.982,49.7667,2287.85,0.137914,0.0100217,127.675,94.2744,59.7027,33.5332,22.2233,5.55111,3.07765,0.547558,0.245457,0.0566439,0.0188813,0.0188813,0.0188813,0.0377626,0
59974,59997,59986,5,-105.178,39.9349,569.635,2.47917,323.71,350.175,50.5536,2338.65,0.138782,0.0103092,129.252,93.8286,60.3569,35.154,21.5368,5.6659,3.3805,0.523739,0.238063,0.0952253,0.0317418,0.0158709,0.0793544,0.0158709,0
59998,60019,60008,5.1,-105.176,39.9343,562.444,1.49909,323.731,350.401,50.1511,2240.82,0.134044,0.0100881,129.448,93.8155,60.511,35.0766,21.5949,5.4552,3.4399,0.729676,0.260599,0,0.0173732,0.0347465,0,0.0173732,0
60020,60048,60034,5.2,-105.173,39.9336,554.992,0.538621,323.83,335.242,48.734,2209.83,0.136034,0.00974865,119.414,89.2313,59.72,35.4583,21.3145,6.14435,3.19717,0.578911,0.0526283,0.0526283,0.0394712,0.0131571,0.0131571,0,0.0131571
60049,60069,60059,5.3,-105.171,39.9329,547.698,-0.400952,323.941,343.051,51.4478,2440.33,0.142299,0.0109119,119.443,88.6876,61.364,39.0233,23.3264,6.62556,3.61394,0.693585,0.0912612,0.109513,0,0.0182522,0.0182522,0.0182522,0.0182522
60070,60095,60082,5.4,-105.168,39.9323,540.698,-1.26115,324.109,328.487,51.1258,2498.55,0.146612,0.0112153,109.594,82.1514,59.3069,40.3512,25.6243,6.89031,3.68173,0.576657,0.147861,0.0295721,0,0.0295721,0.0443582,0.0591443,0
60096,60117,60106,5.5,-105.165,39.9315,533.724,-2.10864,324.3,309.508,50.8785,2614.64,0.15417,0.0119265,95.3602,75.5711,57.3461,40.123,28.6116,7.87345,3.62038,0.615113,0.210896,0.0351493,0.0175747,0.0351493,0.0175747,0.052724,0.0175747
60118,60137,60128,5.6,-105.162,39.9309,527.34,-2.7515,324.644,286.619,50.2116,2506.87,0.149779,0.0123946,75.7442,67.2852,56.8757,41.8891,30.8616,8.71,4.17153,0.772506,0.115876,0.0579379,0.0579379,0.0386253,0.0193126,0.0193126,0
60138,60154,60146,5.7,-105.16,39.9302,520.918,-3.48471,324.898,279.749,52.4329,2714.89,0.155335,0.0136282,62.7012,63.8817,58.0701,44.0861,34.9828,10.6469,4.10895,0.794548,0.227014,0.0454027,0.0227014,0.0227014,0.15891,0,0
60155,60176,60166,5.8,-105.157,39.929,514.519,-4.28591,325.079,276.137,53.2213,2737.21,0.154292,0.0140364,57.1574,59.3408,55.7135,49.885,37.3125,11.111,4.61344,0.686734,0.211303,0.0176086,0.0176086,0.0528257,0,0,0.0176086
60177,60197,60187,5.9,-105.154,39.9277,507.478,-5.27857,325.158,268.632,51.3591,2533.96,0.148014,0.0133673,55.3667,58.187,54.8843,47.2398,36.237,11.7265,4.10055,0.630854,0.166991,0.0556636,0,0.037109,0,0,0
60198,60215,60206,6,-105.15,39.9263,500.631,-6.25944,325.228,211.664,39.1046,1972.92,0.151357,0.0100837,48.1587,49.2231,43.0322,33.6698,25.9366,7.75491,2.88909,0.586506,0.260669,0.0434449,0.0434449,0.0434449,0.0217225,0,0
60216,60230,60223,6.1,-105.148,39.9251,494.74,-7.02733,325.389,160.089,29.6428,1628.22,0.164784,0.00777122,36.8878,38.2348,34.2455,23.7543,17.6927,6.08752,2.53862,0.414469,0.077713,0.0259043,0,0.0518087,0.0259043,0.0518087,0
60231,60246,60238,6.2,-105.146,39.924,488.462,-7.56,325.926,101.852,17.7356,921.879,0.155937,0.00429788,26.2402,23.8169,21.2467,16.1798,9.84008,3.03525,1.17493,0.146867,0.0244778,0.0979112,0,0.0244778,0,0.0244778,0
60247,60260,60254,6.3,-105.144,39.9229,482.5,-8.10929,326.394,79.8655,14.8046,820.659,0.166298,0.00405604,19.6497,17.9043,17.2849,12.0769,8.50172,2.44917,1.43572,0.394119,0.112606,0,0.0281514,0,0,0.0281514,0
60261,60277,60269,6.4,-105.142,39.922,476.876,-8.58,326.908,35.7802,7.03638,423.961,0.180758,0.00212229,7.92009,8.08316,7.82692,5.84689,3.77369,1.2579,0.675537,0.256238,0.116472,0,0,0,0,0.0232944,0
60278,60295,60286,6.5,-105.14,39.9214,470.981,-9.20611,327.296,6.70868,1.25354,122.771,0.293818,0.000439025,3.22365,1.21976,0.827694,0.653443,0.392066,0.217814,0.0871257,0.0435629,0.0217814,0,0,0,0,0.0217814,0
60296,60310,60303,6.6,-105.138,39.9205,464.271,-10.224,327.372,5.9392,1.0009,68.8754,0.206441,0.000298281,2.58685,1.42541,0.81829,0.501533,0.343154,0.131982,0.0527929,0,0.0527929,0,0,0.0263965,0,0,0
60311,60326,60318,6.7,-105.137,39.9199,458.428,-11.0131,327.573,7.39685,1.09016,47.2529,0.130035,0.000217953,3.01353,1.4196,1.17055,1.04602,0.473199,0.224147,0.0249052,0.0249052,0,0,0,0,0,0,0
60327,60339,60333,6.8,-105.135,39.9194,452.511,-11.9423,327.626,9.25383,1.3514,56.7892,0.126068,0.000247772,3.76894,1.6853,1.50145,1.22567,0.827329,0.214493,0.0306418,0,0,0,0,0,0,0,0
60340,60358,60349,6.9,-105.134,39.919,446.955,-12.7837,327.726,9.40374,1.55513,73.5271,0.141841,0.000387977,3.30911,1.98965,1.48701,1.21474,0.942468,0.272269,0.125662,0.0628312,0,0,0,0,0,0,0
60359,60375,60367,7,-105.132,39.9187,440.963,-13.6535,327.894,5.97332,0.845442,37.8654,0.134363,0.000189812,2.64432,1.29855,0.920789,0.661079,0.21249,0.11805,0.0708299,0.0472199,0,0,0,0,0,0,0
60376,60394,60385,7.1,-105.131,39.9184,435.297,-14.5726,327.941,4.3885,0.666351,36.0417,0.162264,0.000219775,2.06766,1.09713,0.632957,0.168789,0.210986,0.0632957,0.0421971,0.0632957,0.0421971,0,0,0,0,0,0
60395,60411,60403,7.2,-105.129,39.9183,429.278,-15.5171,328.047,4.53034,0.656894,33.3918,0.152499,0.000186424,2.14595,0.953757,0.739161,0.357659,0.166907,0.0715318,0.0238439,0.0238439,0.0476878,0,0,0,0,0,0
60412,60430,60421,7.3,-105.127,39.9181,423.659,-16.3084,328.271,4.50309,0.734398,60.0492,0.2453,0.000199479,2.27279,1.04081,0.573507,0.318615,0.148687,0.063723,0.042482,0,0,0,0.042482,0,0,0,0
60431,60446,60438,7.4,-105.126,39.9179,417.996,-17.2375,328.345,4.24654,0.578605,29.3305,0.152075,0.000137807,2.36484,0.559425,0.610281,0.381426,0.254284,0.0508568,0,0,0,0.0254284,0,0,0,0,0
60447,60463,60455,7.5,-105.124,39.9177,412.907,-17.92,328.615,3.97889,0.682239,94.341,0.414844,0.00022038,2.07283,0.976853,0.524165,0.309734,0.0476514,0.0238257,0,0,0,0,0,0,0,0.0238257,0
60464,60484,60474,7.6,-105.122,39.9175,407.545,-18.5014,329.095,4.52556,0.637226,34.5312,0.16257,0.00019241,2.50557,0.990574,0.446729,0.213653,0.155384,0.0971151,0.077692,0,0.019423,0.019423,0,0,0,0,0
60485,60503,60494,7.7,-105.12,39.917,401.633,-19.3126,329.418,5.75897,0.865071,45.4096,0.157477,0.000241137,2.67458,1.1216,0.841198,0.690213,0.194123,0.129415,0.0431383,0.0215692,0.0215692,0.0215692,0,0,0,0,0
60504,60522,60513,7.8,-105.117,39.9165,396.78,-20.0421,329.614,6.23625,1.44809,209.498,0.434017,0.000562749,2.6788,1.41441,0.900077,0.600051,0.300026,0.0642912,0.192874,0.0214304,0,0,0.0214304,0.0214304,0,0,0.0214304
60523,60538,60530,7.9,-105.115,39.916,391.324,-20.9581,329.724,5.82388,0.907402,46.4292,0.153501,0.000237902,2.30367,1.42362,0.776518,0.72475,0.336491,0.155304,0.0776518,0,0,0.0258839,0,0,0,0,0
60539,60555,60547,8,-105.113,39.9155,386.476,-21.7141,329.908,4.29177,0.693341,39.2853,0.169983,0.000249318,2.00122,1.06089,0.45811,0.337555,0.216999,0.024111,0.0723331,0.0723331,0.0482221,0,0,0,0,0,0
60556,60577,60566,8.1,-105.111,39.915,381.312,-22.4619,330.193,3.25927,0.439227,20.5787,0.140557,0.000113388,1.59036,0.981707,0.294512,0.0589024,0.23561,0.0196341,0.0196341,0.0589024,0,0,0,0,0,0,0
60578,60594,60586,8.2,-105.109,39.9144,376.155,-23.3159,330.352,4.13256,0.533053,21.385,0.120354,8.93967e-05,1.92043,0.972368,0.559112,0.388947,0.170164,0.0972368,0.0243092,0,0,0,0,0,0,0,0
60595,60612,60604,8.3,-105.107,39.9139,371.176,-24.1856,330.456,5.29322,0.815837,44.2994,0.162898,0.000268262,2.51948,1.20195,0.693436,0.46229,0.115573,0.0924581,0.138687,0,0.0693436,0,0,0,0,0,0
60613,60638,60626,8.4,-105.104,39.913,366.207,-25.0323,330.605,3.89213,0.572722,27.8543,0.145905,0.000158982,2.10689,0.627243,0.466412,0.241247,0.225164,0.112582,0.0643326,0.0482495,0,0,0,0,0,0,0
60639,60661,60650,8.5,-105.101,39.9125,361.062,-25.817,330.894,4.41457,0.570632,24.3801,0.128174,0.000115148,2.22553,1.05804,0.492535,0.310115,0.164178,0.127694,0,0.0364841,0,0,0,0,0,0,0
60662,60683,60672,8.6,-105.099,39.912,355.828,-26.6582,331.147,6.08529,1.28963,89.3868,0.207936,0.000525841,2.4151,1.19804,0.722628,0.570496,0.570496,0.266231,0.152132,0.0950826,0.0760661,0,0.0190165,0,0,0,0
60684,60700,60692,8.7,-105.097,39.9112,350.934,-27.3794,331.487,117.52,44.4757,2966.33,0.200087,0.0213607,5.233,5.43048,11.7002,25.3011,32.4348,19.1301,14.761,3.2336,0.222156,0.024684,0.024684,0.024684,0,0,0
60701,60722,60712,8.8,-105.094,39.9108,346.143,-27.7959,332.228,226.934,86.5482,5743.37,0.199081,0.0416135,6.70423,11.0848,25.5218,46.3963,62.1093,40.7015,27.5597,6.24712,0.495199,0.0952305,0,0,0.0190461,0,0
60723,60751,60737,8.9,-105.091,39.91,341.666,-28.4007,332.644,49.4058,18.3888,1229.64,0.200608,0.00883504,2.37136,2.83691,5.60108,10.3438,12.6715,8.35069,5.76111,1.16386,0.261868,0.0290965,0,0.0145482,0,0,0
60752,60781,60766,9,-105.087,39.9088,336.795,-29.018,333.169,3.37155,0.704993,66.478,0.282888,0.000319635,1.8403,0.688357,0.29501,0.168577,0.168577,0.0280962,0.0561924,0.0421443,0.0140481,0.0421443,0.0140481,0.0140481,0,0,0
60782,60800,60791,9.1,-105.084,39.9078,332.184,-29.6758,333.582,3.01227,0.425504,20.6723,0.145749,0.000115835,1.63903,0.420831,0.509427,0.265788,0,0.110745,0,0.066447,0,0,0,0,0,0,0
