api/data/B2SAP/Locations/Boulder/NOAA-POPS-B2SAP_GMLBalloon_20210301_R0.ict
61,1001
Thornberry, T. D.
NOAA Chemical Sciences Laboratory
Portable Optical Particle Spectrometer (POPS)
Balloon Baseline Stratospheric Aerosol Profiles (B2SAP)
1,1
2021,03,01,2024,05,28
0
TIME_START,s,Seconds since midnight UTC on flight start day,Start time of 100 m altitude bin in UTC_seconds_since_midnight
28
1.0,1.0,1.0,1.0,1.0,1.0,1.0,1.0,1.0,1.0,1.0,1.0,1.0,1.0,1.0,1.0,1.0,1.0,1.0,1.0,1.0,1.0,1.0,1.0,1.0,1.0,1.0,1.0
99999,99999,99999,99999,99999,99999,99999,99999,99999,99999,99999,99999,99999,99999,99999,99999,99999,99999,99999,99999,99999,99999,99999,99999,99999,99999,99999,99999
TIME_STOP,s,End time of 100 m altitude bin in UTC seconds since midnight,
TIME_MID,s,Mid time of 100 m altitude in UTC seconds since midnight,
GPSAlt,m,GPS reported altitude above sea level (m),
GPS_Lon,deg,GPS reported longitude,
GPS_Lat,deg,GPS reported latitude,
iMet_Pressure,mb,Pressure reported (mB),
iMet_Temperature,degrees C,Ambient temperature (oC),
THETA,K,Potential temperature from iMet,
Aerosol_concentration,cm^-3,Aerosol concentration,
Surface_Area_Conc,um^2 cm^-3,Surface area concentration,
Volume_density,um^3 cm^-3,Volume density,
Effective_radius,um,Effective radius,
Extinction,km^-1,Extinction,
Bin01,cm^-3,particle concentration in size range [140 - 170 nm],
Bin02,cm^-3,particle concentration in size range [170 - 205 nm],
Bin03,cm^-3,particle concentration in size range [205 - 249 nm],
Bin04,cm^-3,particle concentration in size range [249 - 302 nm],
Bin05,cm^-3,particle concentration in size range [302 - 366 nm],
Bin06,cm^-3,particle concentration in size range [366 - 443 nm],
Bin07,cm^-3,particle concentration in size range [443 - 537 nm],
Bin08,cm^-3,particle concentration in size range [537 - 651 nm],
Bin09,cm^-3,particle concentration in size range [651 - 789 nm],
Bin10,cm^-3,particle concentration in size range [789 - 956 nm],
Bin11,cm^-3,particle concentration in size range [956 - 1159 nm],
Bin12,cm^-3,particle concentration in size range [1159 - 1404 nm],
Bin13,cm^-3,particle concentration in size range [1404 - 1702 nm],
Bin14,cm^-3,particle concentration in size range [1702 - 2062 nm],
Bin15,cm^-3,particle concentration in size range [2062 - 2500 nm],
0
19
PI_CONTACT_INFO: 325 Broadway R/CSL6, Boulder, CO 80305; troy.thornberry@noaa.gov; 303-497-3373 
PLATFORM: GML ECC/FPH balloon
LOCATION: Boulder, CO, USA
ASSOCIATED_DATA: N/A
INSTRUMENT_INFO: Printed Optical Particle Spectrometer counts particles from 140 - 2500 nm in diameter 
DATA_INFO: Particle concentrations reported in number per cubic centimeter, binned to 100 m altitude
UNCERTAINTY: Counting uncertainty dominated by air flow, less than 5 percent
ULOD_FLAG: -77777
ULOD_VALUE: 3000 ~3000 per cm3 (varies depending on flow rate- manufacturer quotes 1250  per cm3 at 1.667 cc/s)
LLOD_FLAG: -88888
LLOD_VALUE: 0 0 (varies depending on data field and measurement precision)
DM_CONTACT_INFO: Troy Thornberry, 325 Broadway R/CSL6, Boulder, CO 80305; troy.thornberry@noaa.gov; 303-497-3373
PROJECT_INFO: B2SAP Boulder, CO, USA
STIPULATIONS_ON_USE: Please contact the PIs for questions regarding applications and uncertainties
OTHER_COMMENTS: POPS bin Edges (nm):  140, 170, 205, 249, 302, 366, 443, 537, 651, 789, 956, 1159, 1404, 1702, 2062, 2500
Calculations assume sulfate refractive index of 1.45+0.00j and extinction wavelength = 532 nm
REVISION: R0
R0: QA/QC data
TIME_START,TIME_STOP,TIME_MID,GPSAlt,GPS_Lon,GPS_Lat,iMet_Pressure,iMet_Temperature,THETA,Aerosol_concentration,Surface_Area_Conc,Volume_density,Effective_radius,Extinction,Bin01,Bin02,Bin03,Bin04,Bin05,Bin06,Bin07,Bin08,Bin09,Bin10,Bin11,Bin12,Bin13,Bin14,Bin15
[from data line 251]
67632,67651,67642,19.8,-104.653,39.763,53.7159,-57.7147,496.753,3.26306,0.446555,18.9372,0.127222,8.80714e-05,1.35608,0.97468,0.339019,0.296642,0.16951,0.0847548,0.0423774,0,0,0,0,0,0,0,0
67652,67671,67662,19.7,-104.648,39.7634,54.6367,-56.4744,497.204,3.21227,0.413228,15.7584,0.114405,5.70377e-05,1.22939,0.951784,0.436234,0.396577,0.158631,0.0396577,0,0,0,0,0,0,0,0,0
67672,67691,67682,19.6,-104.644,39.7638,55.5312,-56.0582,495.845,2.78285,0.441288,19.3735,0.131706,9.07188e-05,0.706096,0.872236,0.415351,0.456886,0.24921,0.0415351,0.0415351,0,0,0,0,0,0,0,0
67692,67709,67700,19.5,-104.641,39.7641,56.4024,-56.0594,493.647,3.33323,0.437736,16.9947,0.116472,6.38053e-05,1.49995,0.54165,0.666646,0.374988,0.208327,0.0416654,0,0,0,0,0,0,0,0,0
67712,67728,67720,19.4,-104.637,39.7641,57.3459,-56.3741,490.602,3.6604,0.727551,39.0653,0.161083,0.000241726,0.873504,0.915099,0.748718,0.45755,0.291168,0.166382,0.166382,0.0415954,0,0,0,0,0,0,0
67733,67750,67742,19.3,-104.633,39.7644,58.4227,-55.5407,489.872,3.13809,0.538302,25.4407,0.141783,0.000134786,0.922969,0.738375,0.738375,0.138445,0.369187,0.184594,0.0461484,0,0,0,0,0,0,0,0
67751,67770,67760,19.2,-104.629,39.7649,59.2863,-57.1726,484.174,4.40178,0.876594,48.7533,0.16685,0.000314336,1.46726,0.858884,0.894671,0.322082,0.286295,0.322082,0.178934,0.0715737,0,0,0,0,0,0,0
67771,67791,67781,19.1,-104.624,39.7654,60.3261,-58.695,478.367,3.97335,0.773787,40.6572,0.157629,0.000244146,1.05956,0.908194,0.643304,0.681145,0.302731,0.189207,0.151366,0.0378414,0,0,0,0,0,0,0
67792,67812,67802,19,-104.619,39.7657,61.3169,-58.4012,476.802,3.57112,0.836777,47.86,0.171587,0.000312085,0.807754,0.6377,0.722727,0.425133,0.340107,0.425133,0.170053,0.0425133,0,0,0,0,0,0,0
67813,67833,67823,18.9,-104.615,39.7661,62.3095,-58.3384,474.761,4.47458,0.874312,46.4502,0.159383,0.000280563,1.18129,1.14549,0.787526,0.465356,0.393763,0.357966,0.0715933,0.0715933,0,0,0,0,0,0,0
67834,67850,67842,18.8,-104.612,39.7666,63.2389,-57.3022,475.029,4.18921,0.86156,45.5775,0.158703,0.000277643,1.12211,0.822881,0.673266,0.598459,0.523652,0.224422,0.224422,0,0,0,0,0,0,0,0
67851,67874,67862,18.7,-104.608,39.7677,64.3884,-57.9747,471.126,5.58462,1.37694,89.3514,0.194674,0.000635131,1.815,0.942405,0.593366,0.907501,0.383943,0.383943,0.349039,0.139616,0.0698078,0,0,0,0,0,0
67875,67898,67886,18.6,-104.603,39.7686,65.695,-59.9325,464.172,4.07797,0.943614,55.9561,0.177899,0.000391871,1.30495,0.815594,0.489356,0.326237,0.489356,0.163119,0.489356,0,0,0,0,0,0,0,0
67899,67920,67910,18.5,-104.601,39.7689,66.5305,-60.061,462.213,5.41881,1.27475,81.2574,0.191232,0.000521921,1.43631,0.946659,0.914016,0.783442,0.620225,0.457008,0.0979302,0.0979302,0.0326434,0.0326434,0,0,0,0,0
67921,67942,67932,18.4,-104.598,39.7693,67.6544,-59.5378,461.142,4.87168,1.3071,99.3083,0.227929,0.00064448,1.55172,0.577385,0.829991,0.541298,0.685644,0.324779,0.180433,0.0721731,0,0.10826,0,0,0,0,0
67943,67965,67954,18.3,-104.595,39.7695,68.7774,-59.3295,459.414,4.70213,1.19622,80.0837,0.200843,0.000573893,1.39701,0.919982,0.613321,0.545174,0.408881,0.340734,0.306661,0.0681468,0.10222,0,0,0,0,0,0
67966,67988,67977,18.2,-104.592,39.7694,69.917,-59.1085,457.742,6.05201,1.59456,99.4765,0.187155,0.000688793,1.19109,1.1589,0.997938,0.708214,0.869171,0.547256,0.482873,0.0321915,0.0643831,0,0,0,0,0,0
67989,68010,68000,18.1,-104.589,39.7693,71.1078,-58.7161,456.37,5.14273,1.0343,55.8001,0.161849,0.000345218,1.32043,1.18144,0.903452,0.764459,0.451726,0.243237,0.208489,0.0694963,0,0,0,0,0,0,0
68011,68032,68022,18,-104.586,39.7692,72.2389,-58.2628,455.275,4.90949,1.29344,87.8695,0.203804,0.00060956,1.37328,1.09863,0.377653,0.549313,0.583645,0.411985,0.411985,0.0343321,0.0343321,0.0343321,0,0,0,0,0
68033,68055,68044,17.9,-104.582,39.7693,73.4747,-57.7505,454.162,5.4522,1.73561,135.405,0.234047,0.000983148,1.3306,0.876247,0.681525,0.9087,0.519257,0.421897,0.227175,0.324536,0.0973608,0.0649072,0,0,0,0,0
68056,68077,68066,17.8,-104.578,39.7694,74.6411,-57.5953,452.442,6.01553,1.44057,87.7085,0.182654,0.000599356,1.42303,1.35834,0.905563,0.743855,0.614489,0.485123,0.323415,0.129366,0.0323415,0,0,0,0,0,0
68078,68099,68088,17.7,-104.574,39.7693,75.8162,-58.5556,448.424,5.17198,1.2277,73.2813,0.17907,0.000504493,1.59723,0.950732,0.608468,0.53241,0.53241,0.494381,0.380293,0.0760585,0,0,0,0,0,0,0
68100,68121,68110,17.6,-104.571,39.769,77.1389,-58.6363,446.05,5.34154,1.15987,66.2559,0.17137,0.000438268,1.59309,1.06206,0.937112,0.499793,0.406082,0.468556,0.312371,0.0624741,0,0,0,0,0,0,0
68123,68143,68133,17.5,-104.567,39.7683,78.3767,-59.7044,441.805,5.22367,1.04188,56.9422,0.16396,0.000362796,1.81837,1.15714,0.56204,0.528979,0.495918,0.363673,0.264489,0.0330612,0,0,0,0,0,0,0
68144,68166,68155,17.4,-104.562,39.7674,79.733,-60.786,437.424,4.99526,1.09937,80.7059,0.220232,0.000397992,1.76479,1.017,0.777705,0.358941,0.478587,0.299117,0.239294,0.0299117,0,0,0,0.0299117,0,0,0
68167,68189,68178,17.3,-104.558,39.7668,81.1095,-60.0535,436.789,6.14167,1.37198,91.4773,0.200027,0.000591918,1.89198,1.42626,1.01876,0.523934,0.465719,0.436611,0.232859,0.0582149,0.0291074,0.0582149,0,0,0,0,0
68190,68212,68201,17.2,-104.554,39.7665,82.434,-60.513,433.833,5.60929,1.41672,91.4652,0.193684,0.000639995,1.43094,1.25923,0.629614,0.744089,0.543757,0.543757,0.257569,0.114475,0.0858564,0,0,0,0,0,0
68213,68236,68224,17.1,-104.551,39.7663,83.791,-60.0495,432.761,5.8551,1.39235,88.3327,0.190324,0.000622219,1.74225,1.34239,0.685475,0.59979,0.571229,0.371299,0.342737,0.142807,0.0571229,0,0,0,0,0,0
68237,68261,68249,17,-104.548,39.7658,85.2426,-60.1942,430.343,6.21405,1.56896,107.338,0.205241,0.000756257,1.83119,1.3809,0.840548,0.570372,0.510333,0.480313,0.330215,0.180117,0.0600392,0.0300196,0,0,0,0,0
68262,68286,68274,16.9,-104.543,39.7652,86.701,-59.3771,429.905,6.37559,1.46725,84.4458,0.172662,0.000556112,1.66788,1.42576,0.753234,0.591827,0.941543,0.618728,0.269012,0.107605,0,0,0,0,0,0,0
68287,68311,68299,16.8,-104.539,39.7645,88.1023,-58.48,429.744,6.31664,1.32399,75.2831,0.170583,0.000497323,1.97239,1.27331,1.07358,0.649141,0.549273,0.32457,0.374504,0.0998678,0,0,0,0,0,0,0
68312,68335,68324,16.7,-104.534,39.7639,89.5033,-60.4171,423.941,5.6621,1.29781,75.0097,0.173391,0.000487245,1.30664,1.28372,0.939864,0.573088,0.618935,0.664782,0.183388,0.0687705,0.0229235,0,0,0,0,0,0
68336,68359,68348,16.6,-104.528,39.7635,91.0668,-61.1884,420.323,6.94829,1.53306,88.0784,0.172358,0.000573853,1.62127,1.56336,1.3028,0.752731,0.868536,0.376365,0.347414,0.0868536,0.0289512,0,0,0,0,0,0
68360,68384,68372,16.5,-104.524,39.7635,92.5192,-60.3025,420.182,6.7906,1.80674,118.116,0.196125,0.000831991,1.77741,1.02543,1.02543,0.979852,0.683617,0.501319,0.615256,0.136723,0.0227872,0.0227872,0,0,0,0,0
68385,68407,68396,16.4,-104.52,39.7637,93.9965,-60.3157,418.246,6.89174,1.68259,100.884,0.179873,0.000684823,1.48011,1.57261,1.13321,0.578166,0.948193,0.647546,0.393153,0.115633,0.0231267,0,0,0,0,0,0
68410,68432,68421,16.3,-104.515,39.7645,95.6005,-60.3882,416.094,6.34964,1.64151,112.179,0.205017,0.000779759,1.46162,1.62934,0.982397,0.646945,0.455257,0.479218,0.503179,0.119805,0.0239609,0.0479218,0,0,0,0,0
68433,68457,68445,16.2,-104.511,39.7652,97.1783,-61.0239,412.923,6.7489,1.61171,98.4397,0.183233,0.000649117,1.58393,1.40028,1.05595,0.941173,0.688664,0.596842,0.344332,0.114777,0,0.0229555,0,0,0,0,0
68458,68479,68468,16.1,-104.507,39.7653,98.7505,-60.8947,411.27,7.93858,1.86614,110.942,0.17835,0.000762017,2.15752,1.38303,1.35537,0.99578,0.857477,0.387248,0.663853,0.138303,0,0,0,0,0,0,0
68483,68507,68495,16,-104.502,39.7649,100.445,-60.3321,410.367,7.16202,1.60001,101.531,0.190369,0.000690672,2.22343,1.71033,0.940684,0.705513,0.684133,0.320688,0.342067,0.171033,0.0427583,0.0213792,0,0,0,0,0
68508,68533,68520,15.9,-104.498,39.764,102.09,-61.2824,406.651,6.57673,1.44891,87.018,0.180173,0.000596019,2.09722,1.4253,1.01807,0.468312,0.610842,0.447951,0.325782,0.162891,0.0203614,0,0,0,0,0,0
68534,68560,68547,15.8,-104.492,39.7628,103.721,-62.3817,402.7,7.56772,1.40199,77.612,0.166075,0.000487894,2.45151,1.89726,1.38564,0.660843,0.532938,0.25581,0.234493,0.106588,0.042635,0,0,0,0,0,0
68561,68587,68574,15.7,-104.486,39.7619,105.472,-61.6935,402.094,7.88228,1.81439,125.762,0.20794,0.000859767,2.72848,1.7432,1.16213,0.732647,0.48001,0.277901,0.429483,0.252637,0,0.0757911,0,0,0,0,0
68588,68614,68601,15.6,-104.48,39.7614,107.252,-61.9892,399.62,7.28962,1.6145,110.167,0.204708,0.000651697,2.55448,1.47454,0.996871,0.664581,0.726885,0.353058,0.373827,0.0830726,0.0207681,0.0207681,0.0207681,0,0,0,0
68615,68640,68628,15.5,-104.473,39.7613,109.064,-61.1485,399.284,7.33831,1.64182,118.075,0.215752,0.000724233,2.82968,1.50916,0.943227,0.603666,0.528207,0.377291,0.339562,0.0943227,0.0565936,0.0377291,0.0188645,0,0,0,0
68641,68666,68654,15.4,-104.467,39.7618,110.828,-61.5971,396.626,8.04861,1.49186,95.238,0.191515,0.000510908,3.11295,2.04799,0.983037,0.655358,0.573438,0.327679,0.266239,0.0204799,0.0204799,0.0204799,0.0204799,0,0,0,0
68667,68692,68680,15.3,-104.461,39.7628,112.712,-61.6921,394.547,8.12774,1.65059,99.6663,0.181147,0.000680617,3.15405,1.73877,1.03113,0.646985,0.646985,0.303274,0.363929,0.181964,0.0606548,0,0,0,0,0,0
68693,68718,68706,15.2,-104.455,39.764,114.565,-61.8832,392.345,7.10974,1.49063,93.4523,0.188079,0.000634738,2.84009,1.31521,1.1246,0.38122,0.514646,0.419341,0.304976,0.152488,0.038122,0.019061,0,0,0,0,0
68719,68745,68732,15.1,-104.451,39.765,116.466,-60.8424,392.433,7.67855,1.58161,94.741,0.179705,0.000629568,2.79908,1.3428,1.30497,0.869983,0.397166,0.472817,0.340428,0.056738,0.0945634,0,0,0,0,0,0
68746,68773,68760,15,-104.447,39.7656,118.397,-61.5746,389.252,7.17657,1.57775,98.3298,0.186969,0.000685689,2.61274,1.35727,0.967055,0.814362,0.407181,0.424147,0.322352,0.220556,0.0508976,0,0,0,0,0,0
68774,68800,68787,14.9,-104.443,39.7659,120.347,-60.2267,389.9,8.18697,1.53447,89.8071,0.17558,0.00058092,3.49634,1.74817,0.882739,0.553875,0.778887,0.24232,0.328863,0.103852,0.0346172,0.0173086,0,0,0,0,0
68801,68827,68814,14.8,-104.439,39.7667,122.286,-60.1304,388.3,8.27085,1.5648,96.7792,0.185543,0.000617444,3.1338,2.06275,1.22972,0.714031,0.337181,0.337181,0.277679,0.0793367,0.0595025,0.0396684,0,0,0,0,0
68828,68856,68842,14.7,-104.435,39.768,124.389,-59.5176,387.532,7.73356,1.71617,108.84,0.190262,0.000760406,2.37816,2.06954,0.98031,0.671694,0.635386,0.32677,0.41754,0.145231,0.108923,0,0,0,0,0,0
68857,68884,68870,14.6,-104.43,39.7693,126.432,-59.8276,385.17,9.3811,2.15533,156.031,0.21718,0.00090912,3.15728,1.90525,1.48791,1.01613,0.616939,0.453632,0.471777,0.163307,0.0544358,0.0181453,0.0181453,0.0181453,0,0,0
68885,68913,68899,14.5,-104.426,39.7699,128.466,-59.0445,384.817,8.84388,1.75549,99.2015,0.169527,0.000642845,2.96339,1.9756,1.40453,0.771717,0.725414,0.478465,0.370424,0.123475,0.0308687,0,0,0,0,0,0
68917,68944,68930,14.4,-104.421,39.7704,130.662,-58.6523,383.666,8.3075,1.89211,122.316,0.193936,0.000857107,2.66847,1.87968,1.25871,0.704878,0.688096,0.352439,0.386005,0.302091,0.0503485,0.0167828,0,0,0,0,0
68945,68972,68958,14.3,-104.416,39.7706,132.697,-59.9446,379.68,9.47353,2.04542,137.77,0.202065,0.000861303,3.52935,2.12774,1.09765,0.878117,0.675474,0.455945,0.439058,0.168869,0.0675474,0.0168869,0,0.0168869,0,0,0
68974,69001,68988,14.2,-104.411,39.7703,134.838,-60.566,376.837,9.06425,2.19229,156.343,0.213945,0.00101743,2.81727,2.11732,1.2599,0.874927,0.647446,0.577452,0.384968,0.24498,0.0874927,0.0349971,0.0174985,0,0,0,0
69002,69026,69014,14.1,-104.406,39.7695,137.077,-62.5752,371.524,8.92801,1.87133,111.137,0.178169,0.000749044,2.92567,2.15178,1.18914,0.868263,0.622884,0.566259,0.339755,0.226503,0.0377506,0,0,0,0,0,0
69030,69056,69043,14,-104.401,39.7691,139.437,-61.887,370.927,8.912,1.76439,108.299,0.184142,0.000623992,3.43748,1.75057,1.2254,0.716142,0.811628,0.541085,0.302371,0.0795714,0.0318286,0,0,0.0159143,0,0,0
69057,69085,69071,13.9,-104.396,39.7693,141.836,-61.423,369.938,9.30976,1.9445,115.462,0.178136,0.000779073,3.38875,2.01091,1.04269,0.856498,0.837879,0.558586,0.335151,0.242054,0.0372391,0,0,0,0,0,0
69086,69115,69100,13.8,-104.392,39.7696,144.07,-61.336,368.432,9.51137,1.95524,117.087,0.179651,0.000795715,3.66364,1.84591,1.38091,0.718637,0.718637,0.507273,0.408637,0.211364,0.0563637,0,0,0,0,0,0
69116,69146,69131,13.7,-104.388,39.7703,146.428,-61.4486,366.539,9.08561,1.6911,115.026,0.204056,0.000595824,3.68879,2.28217,1.1052,0.803782,0.488011,0.272712,0.244005,0.129179,0.0430598,0,0,0.0143533,0.0143533,0,0
69147,69177,69162,13.6,-104.384,39.7705,148.851,-60.791,365.96,9.42178,1.8432,141.953,0.231043,0.000713094,4.01351,1.97829,1.26667,0.697382,0.555059,0.384272,0.341575,0.128091,0.0426969,0,0,0,0,0.0142323,0
69178,69210,69194,13.5,-104.381,39.7699,151.345,-61.2321,363.467,8.595,1.51073,81.3566,0.161557,0.000497366,3.48559,1.81979,1.09187,0.825904,0.755912,0.251971,0.251971,0.0559935,0.0559935,0,0,0,0,0,0
69211,69243,69227,13.4,-104.377,39.7683,153.867,-65.2666,354.865,8.57452,1.46363,82.4956,0.169091,0.000502553,3.74814,2.01527,0.975545,0.577625,0.667478,0.23105,0.218214,0.0898528,0.0256722,0.0256722,0,0,0,0,0
69244,69276,69260,13.3,-104.371,39.7656,156.444,-65.1485,353.39,9.12021,1.59826,94.2551,0.176921,0.000588313,4.11207,1.96398,1.14156,0.687391,0.478719,0.282321,0.294596,0.0859239,0.0368245,0.0368245,0,0,0,0,0
69277,69308,69292,13.2,-104.366,39.7633,159.155,-65.8053,350.551,7.92147,1.30772,82.6237,0.189544,0.000414511,3.89846,1.6939,0.983957,0.38611,0.398565,0.286468,0.174372,0.0498206,0.0249103,0,0.0249103,0,0,0,0
69309,69345,69327,13.1,-104.361,39.7614,161.911,-66.6124,347.466,7.04992,0.99822,46.9286,0.141037,0.000258875,3.52496,1.56785,0.82177,0.464949,0.335196,0.11894,0.151379,0.0648766,0,0,0,0,0,0,0
69346,69386,69366,13,-104.358,39.7601,164.666,-66.8137,345.464,6.66971,1.05286,70.2919,0.200289,0.000339286,3.701,1.3755,0.544264,0.41562,0.257289,0.148436,0.118749,0.0593743,0.0197914,0.00989572,0.00989572,0,0.00989572,0,0
69387,69422,69404,12.9,-104.356,39.7594,167.373,-66.4977,344.39,5.99891,0.758329,37.882,0.149864,0.000197156,3.71306,1.20674,0.406116,0.278479,0.197256,0.0696198,0.0812231,0.0232066,0,0.0232066,0,0,0,0,0
69423,69454,69438,12.8,-104.355,39.7586,170.224,-66.0935,343.404,5.86357,0.706195,30.6133,0.130049,0.000152022,3.50767,1.19104,0.575886,0.222501,0.196325,0.0654416,0.0654416,0.0261766,0.0130883,0,0,0,0,0,0
69455,69485,69470,12.7,-104.356,39.7576,173.036,-65.6443,342.531,5.89121,0.780814,46.6621,0.179282,0.0002035,3.56432,1.25087,0.497659,0.269005,0.0807015,0.0941517,0.0807015,0.0269005,0,0.0134502,0,0.0134502,0,0,0
69486,69516,69501,12.6,-104.356,39.7564,175.96,-65.3623,341.363,6.62439,0.744867,29.7082,0.119652,0.000128663,4.0817,1.25797,0.695896,0.240887,0.240887,0.0401478,0.0401478,0.0133826,0.0133826,0,0,0,0,0,0
69517,69550,69534,12.5,-104.357,39.7547,179.002,-64.8164,340.592,7.06192,0.859685,37.4126,0.130557,0.000187109,4.22259,1.45607,0.667363,0.21841,0.242678,0.145607,0.0606694,0.0364016,0.0121339,0,0,0,0,0,0
69551,69584,69568,12.4,-104.357,39.7523,182.045,-64.5239,339.43,6.82833,0.809019,35.2056,0.130549,0.000159557,3.84093,1.69415,0.58196,0.375041,0.181054,0.0775946,0.0387973,0.0258649,0,0.0129324,0,0,0,0,0
69585,69617,69601,12.3,-104.357,39.7494,185.067,-64.6128,337.687,6.86524,0.888564,43.4887,0.146828,0.000231973,4.08675,1.33318,0.660358,0.29903,0.224273,0.124596,0.0747576,0.0249192,0.0249192,0.0124596,0,0,0,0,0
69618,69650,69634,12.2,-104.356,39.7463,188.03,-63.881,337.34,5.94175,0.862736,44.2228,0.153776,0.000263252,3.24337,1.08998,0.717795,0.358897,0.239265,0.079755,0.10634,0.079755,0.026585,0,0,0,0,0,0
69652,69687,69670,12.1,-104.355,39.7428,191.288,-63.6915,335.998,5.85551,0.748053,31.3707,0.125809,0.000148252,3.05709,1.26987,0.752515,0.329225,0.235161,0.105822,0.105822,0,0,0,0,0,0,0,0
