api/data/B2SAP/Locations/Boulder/NOAA-POPS-B2SAP_GMLBalloon_20210615_R0.ict
61,1001
Thornberry, T. D.
NOAA Chemical Sciences Laboratory
Portable Optical Particle Spectrometer (POPS)
Balloon Baseline Stratospheric Aerosol Profiles (B2SAP)
1,1
2021,06,15,2024,05,28
0
TIME_START,s,Seconds since midnight UTC on flight start day,Start time of 100 m altitude bin in UTC_seconds_since_midnight
28
1.0,1.0,1.0,1.0,1.0,1.0,1.0,1.0,1.0,1.0,1.0,1.0,1.0,1.0,1.0,1.0,1.0,1.0,1.0,1.0,1.0,1.0,1.0,1.0,1.0,1.0,1.0,1.0
99999,99999,99999,99999,99999,99999,99999,99999,99999,99999,99999,99999,99999,99999,99999,99999,99999,99999,99999,99999,99999,99999,99999,99999,99999,99999,99999,99999
TIME_STOP,s,End time of 100 m altitude bin in UTC seconds since midnight,
TIME_MID,s,Mid time of 100 m altitude in UTC seconds since midnight,
GPSAlt,m,GPS reported altitude above sea level (m),
GPS_Lon,deg,GPS reported longitude,
GPS_Lat,deg,GPS reported latitude,
iMet_Pressure,mb,Pressure reported (mB),
iMet_Temperature,degrees C,Ambient temperature (oC),
THETA,K,Potential temperature from iMet,
Aerosol_concentration,cm^-3,Aerosol concentration,
Surface_Area_Conc,um^2 cm^-3,Surface area concentration,
Volume_density,um^3 cm^-3,Volume density,
Effective_radius,um,Effective radius,
Extinction,km^-1,Extinction,
Bin01,cm^-3,particle concentration in size range [140 - 170 nm],
Bin02,cm^-3,particle concentration in size range [170 - 205 nm],
Bin03,cm^-3,particle concentration in size range [205 - 249 nm],
Bin04,cm^-3,particle concentration in size range [249 - 302 nm],
Bin05,cm^-3,particle concentration in size range [302 - 366 nm],
Bin06,cm^-3,particle concentration in size range [366 - 443 nm],
Bin07,cm^-3,particle concentration in size range [443 - 537 nm],
Bin08,cm^-3,particle concentration in size range [537 - 651 nm],
Bin09,cm^-3,particle concentration in size range [651 - 789 nm],
Bin10,cm^-3,particle concentration in size range [789 - 956 nm],
Bin11,cm^-3,particle concentration in size range [956 - 1159 nm],
Bin12,cm^-3,particle concentration in size range [1159 - 1404 nm],
Bin13,cm^-3,particle concentration in size range [1404 - 1702 nm],
Bin14,cm^-3,particle concentration in size range [1702 - 2062 nm],
Bin15,cm^-3,particle concentration in size range [2062 - 2500 nm],
0
19
PI_CONTACT_INFO: 325 Broadway R/CSL6, Boulder, CO 80305; troy.thornberry@noaa.gov; 303-497-3373 
PLATFORM: GML ECC/FPH balloon
LOCATION: Boulder, CO, USA
ASSOCIATED_DATA: N/A
INSTRUMENT_INFO: Printed Optical Particle Spectrometer counts particles from 140 - 2500 nm in diameter 
DATA_INFO: Particle concentrations reported in number per cubic centimeter, binned to 100 m altitude
UNCERTAINTY: Counting uncertainty dominated by air flow, less than 5 percent
ULOD_FLAG: -77777
ULOD_VALUE: 3000 ~3000 per cm3 (varies depending on flow rate- manufacturer quotes 1250  per cm3 at 1.667 cc/s)
LLOD_FLAG: -88888
LLOD_VALUE: 0 0 (varies depending on data field and measurement precision)
DM_CONTACT_INFO: Troy Thornberry, 325 Broadway R/CSL6, Boulder, CO 80305; troy.thornberry@noaa.gov; 303-497-3373
PROJECT_INFO: B2SAP Boulder, CO, USA
STIPULATIONS_ON_USE: Please contact the PIs for questions regarding applications and uncertainties
OTHER_COMMENTS: POPS bin Edges (nm):  140, 170, 205, 249, 302, 366, 443, 537, 651, 789, 956, 1159, 1404, 1702, 2062, 2500
Calculations assume sulfate refractive index of 1.45+0.00j and extinction wavelength = 532 nm
REVISION: R0
R0: QA/QC data
TIME_START,TIME_STOP,TIME_MID,GPSAlt,GPS_Lon,GPS_Lat,iMet_Pressure,iMet_Temperature,THETA,Aerosol_concentration,Surface_Area_Conc,Volume_density,Effective_radius,Extinction,Bin01,Bin02,Bin03,Bin04,Bin05,Bin06,Bin07,Bin08,Bin09,Bin10,Bin11,Bin12,Bin13,Bin14,Bin15
[from data line 153]
62668,62689,62678,17.1,-104.908,39.9638,95.4914,-70.2918,396.855,23.9511,2.94775,112.55,0.114545,0.000411049,9.26189,7.18239,4.42447,2.27123,0.589929,0.117986,0.0442447,0.0294965,0.0294965,0,0,0,0,0,0
62690,62710,62700,17.2,-104.906,39.9649,93.9338,-69.8933,399.509,27.9436,3.54052,147.735,0.125181,0.000488211,10.2158,8.32625,5.57644,2.96488,0.645207,0.107535,0.0460862,0.0307242,0.0153621,0,0,0,0.0153621,0,0
62711,62731,62721,17.3,-104.904,39.9657,92.4138,-70.021,401.122,28.1925,3.71626,157.045,0.126777,0.000587944,9.76603,8.59902,5.42045,3.28605,0.783125,0.138199,0.122843,0.0307108,0.0307108,0,0.0153554,0,0,0,0
62732,62751,62742,17.4,-104.904,39.9665,90.9175,-69.75,403.536,28.8893,3.66812,144.639,0.118295,0.000545593,10.3268,8.8952,5.61379,3.1849,0.498646,0.193024,0.112597,0.0321707,0.0160854,0.0160854,0,0,0,0,0
62752,62773,62762,17.5,-104.904,39.9675,89.5086,-70.2152,404.411,28.4731,3.75392,163.705,0.130827,0.000589514,9.75425,8.94913,5.46547,3.18948,0.774147,0.185795,0.0774147,0.0309659,0.0154829,0.0154829,0,0,0.0154829,0,0
62774,62796,62785,17.6,-104.904,39.9689,88.0004,-70.6965,405.418,28.2244,3.70206,149.473,0.121127,0.000599041,10.0115,8.17319,5.4865,3.4927,0.707024,0.169686,0.0565619,0.0707024,0.0565619,0,0,0,0,0,0
62797,62817,62807,17.7,-104.904,39.9704,86.5581,-71.1076,406.513,28.0585,3.75068,158.604,0.12686,0.000648943,9.52318,8.51666,5.34227,3.577,0.789727,0.154848,0.0154848,0.0464545,0.0619394,0.0309697,0,0,0,0,0
62818,62842,62830,17.8,-104.904,39.9726,85.126,-69.7836,411.13,26.2805,3.60574,163.833,0.13631,0.000627814,9.05779,7.67324,5.2147,3.13141,0.737563,0.207035,0.142337,0.0905779,0,0,0.0129397,0.0129397,0,0,0
62843,62864,62854,17.9,-104.904,39.9753,83.7541,-69.7855,413.037,24.9106,3.39819,141.411,0.124841,0.000586533,8.42587,7.19282,4.78543,3.17071,0.968828,0.19083,0.0587169,0.0880753,0.0146792,0.0146792,0,0,0,0,0
62865,62887,62876,18,-104.903,39.9775,82.3578,-69.4065,415.803,22.2954,3.15857,153.721,0.146004,0.0005995,7.50206,6.65913,4.10225,2.95025,0.660293,0.280976,0.0140488,0.0421464,0.0421464,0.0140488,0.0140488,0.0140488,0,0,0
62888,62910,62899,18.1,-104.903,39.9788,80.9809,-67.8804,420.938,18.997,2.86475,146.368,0.153279,0.000618676,6.22532,5.24825,3.79661,2.47059,0.697906,0.307079,0.0977068,0.111665,0,0.0139581,0.0139581,0.0139581,0,0,0
62911,62932,62922,18.2,-104.902,39.9797,79.6932,-67.5164,423.618,19.3924,2.88775,132.775,0.137936,0.000650948,6.36701,5.43454,3.72987,2.4623,0.713921,0.349676,0.189408,0.101989,0.0291396,0.0145698,0,0,0,0,0
62933,62953,62943,18.3,-104.902,39.9804,78.396,-67.675,425.282,19.0566,2.92529,138.535,0.142073,0.000609584,5.55884,5.30326,3.9455,2.65163,1.02232,0.335447,0.143763,0.0638947,0.0159737,0,0.0159737,0,0,0,0
62954,62974,62964,18.4,-104.901,39.9806,77.1405,-68.0776,426.41,18.3828,2.67083,114.073,0.128132,0.000515886,5.69867,5.22378,3.75316,2.43572,0.674037,0.352337,0.183828,0.0612761,0,0,0,0,0,0,0
62975,62996,62986,18.5,-104.901,39.9807,75.8891,-68.4695,427.59,19.745,2.97632,138.87,0.139975,0.000587476,5.72296,5.4595,4.20074,2.98589,0.84893,0.322008,0.131731,0.0439102,0,0.0146367,0.0146367,0,0,0,0
62997,63019,63008,18.6,-104.902,39.9811,74.6583,-68.5243,429.477,22.1454,3.1582,129.145,0.122676,0.000523683,6.74167,5.54315,5.2299,3.20059,1.0487,0.272391,0.0544781,0.0408586,0.0136195,0,0,0,0,0,0
63020,63043,63032,18.7,-104.902,39.9816,73.4317,-67.9604,432.705,19.3693,2.82741,124.2,0.131781,0.000549049,5.92473,5.34904,4.12572,2.69851,0.743589,0.371794,0.0599669,0.0719602,0,0.0239867,0,0,0,0,0
63044,63067,63056,18.8,-104.903,39.9821,72.2275,-66.8721,437.062,16.1479,2.32431,101.606,0.131144,0.000460783,5.44219,4.21561,3.38202,2.03635,0.607334,0.285804,0.0833595,0.0833595,0,0.0119085,0,0,0,0,0
63068,63092,63080,18.9,-104.904,39.9825,71.074,-65.3636,442.286,11.5172,1.80085,88.8613,0.148032,0.000476895,4.22942,2.80825,2.11471,1.29611,0.500255,0.306974,0.136433,0.079586,0.0341083,0.0113694,0,0,0,0,0
63093,63116,63104,19,-104.905,39.9832,69.9488,-65.2396,444.57,9.94527,1.62735,77.7951,0.143415,0.000423212,3.20091,2.50403,1.92527,1.14571,0.566951,0.283476,0.271664,0.0472459,0,0,0,0,0,0,0
63117,63140,63128,19.1,-104.906,39.9836,68.7642,-65.5063,446.172,8.64285,1.3415,62.2994,0.13932,0.000320241,3.02677,2.19914,1.38333,1.22963,0.3547,0.271936,0.130057,0.03547,0.0118233,0,0,0,0,0,0
63141,63161,63151,19.2,-104.908,39.984,67.7124,-65.0176,449.196,7.61338,1.30369,68.3087,0.157189,0.000392153,2.3665,2.16366,1.36581,0.743758,0.459778,0.243412,0.18932,0.0540915,0.0135229,0.0135229,0,0,0,0,0
63162,63183,63172,19.3,-104.91,39.9849,66.6627,-64.0036,453.404,6.75407,1.27905,71.6203,0.167985,0.00044171,2.12344,1.73969,1.03614,0.7803,0.434921,0.319795,0.204669,0.0895426,0.0127918,0.0127918,0,0,0,0,0
63184,63203,63194,19.4,-104.911,39.9857,65.6115,-62.9925,457.671,6.27039,1.19933,62.6443,0.156698,0.000366415,1.89374,1.27652,0.98194,0.869719,0.715414,0.364721,0.0841663,0.0701386,0.0140277,0,0,0,0,0,0
63204,63223,63214,19.5,-104.913,39.9861,64.5685,-63.211,459.29,5.43438,1.13128,64.3671,0.170693,0.000413084,1.54466,1.17956,0.884667,0.744244,0.449355,0.322974,0.210635,0.0702117,0.0280847,0,0,0,0,0,0
63224,63244,63234,19.6,-104.914,39.9861,63.5514,-62.9871,461.872,4.86553,0.884524,44.6002,0.151269,0.000254878,1.42633,1.09308,0.866464,0.65318,0.493218,0.173293,0.106642,0.0533208,0,0,0,0,0,0,0
63245,63265,63255,19.7,-104.915,39.9863,62.5071,-62.9419,464.166,4.20144,0.861894,50.3392,0.175216,0.000313012,1.20041,0.800274,0.880301,0.600205,0.280096,0.226744,0.133379,0.0533516,0.0133379,0.0133379,0,0,0,0,0
63266,63284,63275,19.8,-104.917,39.987,61.5474,-63.1758,465.7,4.25385,0.898945,52.4024,0.17488,0.000322042,1.10777,0.915759,0.723745,0.590812,0.47265,0.265866,0.103392,0.0443109,0.0147703,0.0147703,0,0,0,0,0
63285,63306,63296,19.9,-104.919,39.9882,60.5959,-62.8523,468.499,3.9255,0.767569,40.5832,0.158617,0.000243897,1.17255,0.751962,0.662746,0.624511,0.305883,0.254902,0.101961,0.0509805,0,0,0,0,0,0,0
63307,63329,63318,20,-104.92,39.9894,59.6243,-62.769,470.857,4.15666,0.878721,49.483,0.168938,0.000313296,1.1227,0.801928,0.748466,0.58808,0.427695,0.267309,0.106924,0.0801928,0.0133655,0,0,0,0,0,0
63330,63352,63341,20.1,-104.922,39.9904,58.65,-62.6386,473.372,3.73171,0.82882,48.1171,0.174165,0.000310934,0.840589,0.891534,0.585865,0.573129,0.343877,0.292932,0.127362,0.0509448,0.0254724,0,0,0,0,0,0
63353,63376,63364,20.2,-104.924,39.9911,57.7267,-62.4443,475.96,3.92605,0.923426,56.3926,0.183207,0.00036454,0.918296,0.67874,0.731975,0.638815,0.425876,0.306099,0.119778,0.0798518,0.0133086,0.0133086,0,0,0,0,0
63377,63397,63387,20.3,-104.926,39.9914,56.9148,-62.1838,478.482,3.76222,0.822438,47.5406,0.173413,0.000303027,0.933885,0.760449,0.587014,0.640378,0.44026,0.226801,0.0667061,0.0800473,0.0266824,0,0,0,0,0,0
63398,63420,63409,20.4,-104.929,39.992,56.0009,-62.8026,479.29,3.56377,0.828785,48.5993,0.175918,0.000319139,0.817715,0.646849,0.646849,0.549212,0.41496,0.268504,0.122047,0.0854329,0.0122047,0,0,0,0,0,0
63421,63442,63432,20.5,-104.931,39.9928,55.0623,-62.545,482.201,3.39461,0.786304,48.5837,0.185362,0.000317531,0.867796,0.5998,0.638086,0.497707,0.357328,0.204187,0.140379,0.0638086,0.0127617,0.0127617,0,0,0,0,0
63443,63463,63453,20.6,-104.933,39.9936,54.1671,-62.02,485.67,3.18817,0.698119,38.7662,0.166588,0.000243079,0.810326,0.597781,0.425089,0.571213,0.411805,0.225828,0.0797041,0.0664201,0,0,0,0,0,0,0
63464,63482,63473,20.7,-104.936,39.9944,53.35,-61.3568,489.314,3.41678,0.817113,50.8332,0.186632,0.00033514,0.777208,0.630565,0.615901,0.586572,0.351943,0.190636,0.161307,0.0879858,0,0.0146643,0,0,0,0,0
63483,63503,63493,20.8,-104.938,39.9958,52.5214,-61.6214,490.895,3.32541,0.818511,51.4451,0.188556,0.000361874,0.917813,0.532065,0.611875,0.452255,0.239429,0.252731,0.186223,0.119715,0.0133016,0,0,0,0,0,0
63504,63520,63512,20.9,-104.94,39.9972,51.7188,-61.1712,494.108,3.3169,0.691088,37.0254,0.160727,0.00021859,0.771755,0.722494,0.54187,0.476189,0.426928,0.311986,0.0328406,0.0164203,0.0164203,0,0,0,0,0,0
63521,63542,63532,21,-104.942,39.9984,50.9732,-60.1259,498.611,3.14606,0.739005,42.6842,0.173277,0.000281871,0.792808,0.490786,0.50337,0.50337,0.402696,0.213932,0.188764,0.050337,0,0,0,0,0,0,0
63543,63549,63546,21.1,-104.944,39.9994,50.4757,-59.3914,501.732,3.31497,0.711728,39.6768,0.167241,0.000249726,0.947134,0.631422,0.473567,0.434103,0.394639,0.315711,0.0394639,0.0789278,0,0,0,0,0,0,0
59105,59345,59225,1.8,-105.197,39.9491,832.423,27.8933,317.241,1205.76,177.839,8789.7,0.148275,0.0378932,461.922,318.178,183.343,117.995,86.2116,23.1047,11.6098,1.66676,0.632218,0.229898,0.172423,0.344846,0.229898,0.0574744,0.0574744
