api/data/B2SAP/Locations/Boulder/NOAA-POPS-B2SAP_GMLBalloon_20210301_R0.ict
61,1001
Thornberry, T. D.
NOAA Chemical Sciences Laboratory
Portable Optical Particle Spectrometer (POPS)
Balloon Baseline Stratospheric Aerosol Profiles (B2SAP)
1,1
2021,03,01,2024,05,28
0
TIME_START,s,Seconds since midnight UTC on flight start day,Start time of 100 m altitude bin in UTC_seconds_since_midnight
28
1.0,1.0,1.0,1.0,1.0,1.0,1.0,1.0,1.0,1.0,1.0,1.0,1.0,1.0,1.0,1.0,1.0,1.0,1.0,1.0,1.0,1.0,1.0,1.0,1.0,1.0,1.0,1.0
99999,99999,99999,99999,99999,99999,99999,99999,99999,99999,99999,99999,99999,99999,99999,99999,99999,99999,99999,99999,99999,99999,99999,99999,99999,99999,99999,99999
TIME_STOP,s,End time of 100 m altitude bin in UTC seconds since midnight,
TIME_MID,s,Mid time of 100 m altitude in UTC seconds since midnight,
GPSAlt,m,GPS reported altitude above sea level (m),
GPS_Lon,deg,GPS reported longitude,
GPS_Lat,deg,GPS reported latitude,
iMet_Pressure,mb,Pressure reported (mB),
iMet_Temperature,degrees C,Ambient temperature (oC),
THETA,K,Potential temperature from iMet,
Aerosol_concentration,cm^-3,Aerosol concentration,
Surface_Area_Conc,um^2 cm^-3,Surface area concentration,
Volume_density,um^3 cm^-3,Volume density,
Effective_radius,um,Effective radius,
Extinction,km^-1,Extinction,
Bin01,cm^-3,particle concentration in size range [140 - 170 nm],
Bin02,cm^-3,particle concentration in size range [170 - 205 nm],
Bin03,cm^-3,particle concentration in size range [205 - 249 nm],
Bin04,cm^-3,particle concentration in size range [249 - 302 nm],
Bin05,cm^-3,particle concentration in size range [302 - 366 nm],
Bin06,cm^-3,particle concentration in size range [366 - 443 nm],
Bin07,cm^-3,particle concentration in size range [443 - 537 nm],
Bin08,cm^-3,particle concentration in size range [537 - 651 nm],
Bin09,cm^-3,particle concentration in size range [651 - 789 nm],
Bin10,cm^-3,particle concentration in size range [789 - 956 nm],
Bin11,cm^-3,particle concentration in size range [956 - 1159 nm],
Bin12,cm^-3,particle concentration in size range [1159 - 1404 nm],
Bin13,cm^-3,particle concentration in size range [1404 - 1702 nm],
Bin14,cm^-3,particle concentration in size range [1702 - 2062 nm],
Bin15,cm^-3,particle concentration in size range [2062 - 2500 nm],
0
19
PI_CONTACT_INFO: 325 Broadway R/CSL6, Boulder, CO 80305; troy.thornberry@noaa.gov; 303-497-3373 
PLATFORM: GML ECC/FPH balloon
LOCATION: Boulder, CO, USA
ASSOCIATED_DATA: N/A
INSTRUMENT_INFO: Printed Optical Particle Spectrometer counts particles from 140 - 2500 nm in diameter 
DATA_INFO: Particle concentrations reported in number per cubic centimeter, binned to 100 m altitude
UNCERTAINTY: Counting uncertainty dominated by air flow, less than 5 percent
ULOD_FLAG: -77777
ULOD_VALUE: 3000 ~3000 per cm3 (varies depending on flow rate- manufacturer quotes 1250  per cm3 at 1.667 cc/s)
LLOD_FLAG: -88888
LLOD_VALUE: 0 0 (varies depending on data field and measurement precision)
DM_CONTACT_INFO: Troy Thornberry, 325 Broadway R/CSL6, Boulder, CO 80305; troy.thornberry@noaa.gov; 303-497-3373
PROJECT_INFO: B2SAP Boulder, CO, USA
STIPULATIONS_ON_USE: Please contact the PIs for questions regarding applications and uncertainties
OTHER_COMMENTS: POPS bin Edges (nm):  140, 170, 205, 249, 302, 366, 443, 537, 651, 789, 956, 1159, 1404, 1702, 2062, 2500
Calculations assume sulfate refractive index of 1.45+0.00j and extinction wavelength = 532 nm
REVISION: R0
R0: QA/QC data
TIME_START,TIME_STOP,TIME_MID,GPSAlt,GPS_Lon,GPS_Lat,iMet_Pressure,iMet_Temperature,THETA,Aerosol_concentration,Surface_Area_Conc,Volume_density,Effective_radius,Extinction,Bin01,Bin02,Bin03,Bin04,Bin05,Bin06,Bin07,Bin08,Bin09,Bin10,Bin11,Bin12,Bin13,Bin14,Bin15
[from data line 330]
69723,69759,69741,11.9,-104.352,39.7369,197.669,-63.5303,333.111,5.47502,0.752282,35.4369,0.141318,0.000187517,2.76786,1.20183,0.655546,0.339912,0.364192,0.0485589,0.0242795,0.0485589,0.0242795,0,0,0,0,0,0
69760,69795,69778,11.8,-104.352,39.7339,201.032,-63.0748,332.233,3.88755,0.541219,24.8548,0.137771,0.000132911,2.0137,0.797088,0.447488,0.223744,0.237728,0.06992,0.06992,0.027968,0,0,0,0,0,0,0
69796,69832,69814,11.7,-104.352,39.7304,204.368,-62.2164,332.029,3.735,0.502582,23.4425,0.139932,0.000107531,1.80398,0.736836,0.609795,0.355714,0.127041,0.0635204,0.0254081,0,0,0.0127041,0,0,0,0,0
69833,69869,69851,11.6,-104.352,39.7264,207.728,-61.789,331.153,4.61253,0.565181,22.5213,0.119544,9.51098e-05,2.47156,0.960288,0.5195,0.314849,0.267621,0.0472273,0.0157424,0.0157424,0,0,0,0,0,0,0
69870,69904,69887,11.5,-104.352,39.7218,211.152,-61.2534,330.44,4.96272,0.768954,53.2521,0.207758,0.000191484,2.47425,0.966949,0.725212,0.426595,0.227517,0.0426595,0.0568794,0.0142198,0,0,0.0142198,0.0142198,0,0,0
69905,69939,69922,11.4,-104.353,39.7168,214.571,-60.4803,330.13,5.42347,0.791318,36.2381,0.137384,0.000189034,2.34008,1.41781,0.550606,0.495546,0.42672,0.0688258,0.082591,0.0412955,0,0,0,0,0,0,0
69940,69973,69956,11.3,-104.353,39.7117,218.109,-59.989,329.354,5.37366,0.75455,32.8361,0.130552,0.000158907,2.60586,1.00112,0.662506,0.574172,0.30917,0.132501,0.0883342,0,0,0,0,0,0,0,0
69974,70005,69990,11.2,-104.353,39.7068,221.575,-59.1356,329.188,5.26761,0.814521,49.8142,0.183473,0.00022662,2.60047,1.05019,0.750135,0.366732,0.266715,0.116688,0.050009,0.0333393,0.0166697,0,0.0166697,0,0,0,0
70007,70039,70023,11.1,-104.354,39.702,225.23,-58.4316,328.721,5.49128,0.729981,30.2133,0.124167,0.000133647,2.59351,1.15911,0.782398,0.449155,0.37671,0.0869331,0.0289777,0.0144889,0,0,0,0,0,0,0
70040,70072,70056,11,-104.355,39.6972,228.907,-57.6381,328.417,5.83766,0.933065,54.5408,0.17536,0.000262761,2.55759,1.27157,0.953677,0.433489,0.332342,0.115597,0.115597,0.0288993,0.0144496,0,0.0144496,0,0,0,0
70073,70106,70090,10.9,-104.356,39.6925,232.658,-56.5687,328.521,5.8547,0.970237,64.2007,0.19851,0.000259014,2.70547,1.08791,0.944767,0.458069,0.357866,0.157461,0.114517,0,0,0,0.0143147,0.0143147,0,0,0
70107,70139,70123,10.8,-104.356,39.688,236.34,-55.8891,328.077,6.06643,0.876071,38.1606,0.130676,0.000181094,2.84002,0.946672,0.946672,0.598915,0.540956,0.135239,0.0386397,0.0193198,0,0,0,0,0,0,0
70140,70173,70156,10.7,-104.357,39.6833,240.131,-55.4288,327.274,7.27571,1.17564,73.4208,0.187355,0.000315039,3.34103,1.61529,0.897384,0.566042,0.497013,0.165671,0.151865,0.0138059,0,0,0.0138059,0.0138059,0,0,0
70174,70207,70190,10.6,-104.358,39.6787,243.961,-54.4419,327.278,8.09712,1.2015,57.8441,0.144429,0.000301799,3.66366,1.86747,1.05491,0.555964,0.513197,0.313621,0.0855329,0.028511,0,0.0142555,0,0,0,0,0
70208,70242,70225,10.5,-104.36,39.6741,247.781,-53.7874,326.807,7.58479,1.02738,44.784,0.130771,0.000214587,3.46178,1.77627,1.0891,0.648273,0.401929,0.0907582,0.0777927,0.0259309,0.0129655,0,0,0,0,0,0
70243,70277,70260,10.4,-104.361,39.6695,251.621,-52.7264,326.948,8.08304,1.26829,70.8181,0.167513,0.000344313,3.32053,2.06376,1.19063,0.674689,0.436564,0.198438,0.145521,0.0132292,0.0132292,0.0132292,0.0132292,0,0,0,0
70278,70313,70296,10.3,-104.364,39.6648,255.756,-52.1361,326.292,8.27661,1.22281,64.3341,0.157836,0.000302813,3.9205,1.74244,1.10883,0.739219,0.422411,0.132003,0.158404,0.039601,0,0,0.0132003,0,0,0,0
70314,70350,70332,10.2,-104.366,39.6601,259.804,-51.1371,326.305,7.8285,1.15377,61.4898,0.159884,0.000288558,3.46089,1.94116,1.08552,0.676853,0.383124,0.102166,0.102166,0.0510832,0.0127708,0,0.0127708,0,0,0,0
70351,70386,70368,10.1,-104.369,39.6554,263.929,-50.3136,326.047,7.80508,1.24315,70.5029,0.170139,0.000348233,3.19773,1.89254,1.21383,0.678702,0.482923,0.143572,0.104416,0.0522079,0.013052,0.013052,0.013052,0,0,0,0
70387,70422,70404,10,-104.372,39.6506,267.981,-49.8725,325.27,7.1021,0.973863,41.9724,0.129297,0.0002029,3.13925,1.68302,1.19363,0.477452,0.32228,0.143236,0.143236,0,0,0,0,0,0,0,0
70423,70458,70440,9.9,-104.375,39.6458,272.106,-49.0659,325.02,6.19687,0.789373,33.246,0.126351,0.000150574,3.06688,1.46403,0.719392,0.530079,0.302902,0.0504837,0.0252418,0.0252418,0.0126209,0,0,0,0,0,0
70459,70495,70477,9.8,-104.377,39.641,276.322,-48.3117,324.687,4.14775,0.54034,22.9108,0.127202,0.000109802,2.29249,0.756286,0.437228,0.248156,0.283607,0.0590848,0.0709018,0,0,0,0,0,0,0,0
70499,70529,70514,9.7,-104.38,39.6362,280.658,-47.6247,324.238,5.15455,0.810461,46.705,0.172883,0.000272787,2.47815,1.26032,0.552273,0.33986,0.240734,0.113287,0.0849651,0.0424825,0.0141608,0.0283217,0,0,0,0,0
70530,70567,70548,9.6,-104.383,39.6315,284.994,-46.77,324.041,5.56068,0.773469,34.1647,0.132512,0.00017001,2.42424,1.42441,0.780686,0.451976,0.260229,0.10957,0.0821775,0.0273925,0,0,0,0,0,0,0
70568,70604,70586,9.5,-104.386,39.627,289.196,-45.8597,323.983,4.34301,0.631213,28.1392,0.133739,0.000140705,1.70975,1.17311,0.623996,0.399357,0.249598,0.0998394,0.0748795,0.0124799,0,0,0,0,0,0,0
70605,70640,70622,9.4,-104.389,39.6224,293.618,-44.9876,323.822,5.21237,0.724751,31.9707,0.132338,0.000160174,2.389,1.25199,0.728199,0.30661,0.319386,0.114979,0.089428,0.0127754,0,0,0,0,0,0,0
70641,70677,70659,9.3,-104.392,39.6178,298.029,-44.4956,323.145,8.37363,1.2852,62.2616,0.145335,0.000350364,3.78588,1.90609,0.985907,0.617835,0.604689,0.197181,0.236618,0.0262908,0.0131454,0,0,0,0,0,0
70678,70714,70696,9.2,-104.395,39.6132,302.633,-43.6441,322.928,11.9661,1.81448,93.2733,0.154215,0.000459979,5.16692,2.8596,1.85322,0.773197,0.650467,0.380462,0.220913,0.0368189,0.012273,0,0,0.012273,0,0,0
70716,70756,70736,9.1,-104.398,39.6089,307.042,-42.6928,322.925,15.3224,2.25983,107.106,0.142187,0.000589049,7.03885,3.37636,2.18891,1.073,0.915622,0.286132,0.286132,0.157373,0,0,0,0,0,0,0
70757,70797,70777,9,-104.401,39.6037,312.048,-42.0725,322.304,8.9421,1.31249,62.3093,0.142422,0.000335047,4.03885,2.1461,1.11776,0.685561,0.506719,0.253359,0.134131,0.029807,0.029807,0,0,0,0,0,0
70798,70836,70817,8.9,-104.404,39.5986,316.865,-41.3187,321.947,4.22122,0.654162,32.2841,0.148056,0.000186326,1.89688,0.961796,0.534331,0.30724,0.280524,0.093508,0.093508,0.0534331,0,0,0,0,0,0,0
70837,70875,70856,8.8,-104.406,39.5939,321.454,-40.5832,321.645,19.1782,2.96972,160.746,0.162385,0.000820416,8.09365,4.85863,2.7223,1.4405,1.15972,0.415059,0.317398,0.097661,0.0122076,0.0488305,0,0,0.0122076,0,0
70876,70913,70894,8.7,-104.409,39.5897,326.086,-40.0937,320.999,28.35,4.3274,214.866,0.148957,0.00113046,11.9746,7.03576,3.94554,2.12452,1.82102,0.648393,0.579415,0.193138,0.0137956,0,0,0.0137956,0,0,0
70914,70952,70933,8.6,-104.412,39.5855,330.758,-38.8965,321.342,62.3673,10.0903,567.078,0.168601,0.0029215,25.1957,16.1443,8.94554,4.86976,3.75818,1.4424,1.4027,0.344059,0.119097,0.0661652,0.0264661,0.0264661,0.0264661,0,0
70953,70990,70972,8.5,-104.416,39.581,335.812,-38.1432,320.985,93.6174,14.6863,754.938,0.154213,0.00407851,38.1237,23.8785,13.1676,7.7799,5.64636,2.09044,2.112,0.571101,0.140081,0.0646529,0.0107755,0.0323265,0,0,0
70991,71027,71009,8.4,-104.419,39.577,340.612,-37.4319,320.656,95.963,15.2211,794.823,0.156655,0.00423525,38.5687,24.1612,14.2634,7.65607,6.10912,2.22865,2.09755,0.603046,0.183536,0.0262194,0.0262194,0.0262194,0.0131097,0,0
71028,71064,71046,8.3,-104.422,39.5726,345.897,-36.7382,320.18,82.7444,12.7238,651.849,0.153692,0.00341377,34.6932,20.1976,12.4102,6.57697,4.60826,2.04163,1.51664,0.466659,0.131248,0.0583323,0.0145831,0.0145831,0.0145831,0,0
71065,71102,71084,8.2,-104.425,39.5686,350.593,-35.71,320.336,77.7428,12.3004,728.343,0.177639,0.00335211,32.2256,19.5332,11.3828,5.99093,4.77881,1.75548,1.47683,0.34831,0.111459,0.0278648,0.0557296,0.0278648,0.0139324,0,0.0139324
71103,71140,71122,8.1,-104.429,39.564,355.894,-34.9005,320.057,84.851,13.4582,803.419,0.179093,0.00372061,35.079,21.054,12.6455,7.14938,4.86114,1.74081,1.55469,0.481735,0.120434,0.0547426,0.0437941,0.0109485,0.0328455,0.0109485,0.0109485
71141,71178,71160,8,-104.432,39.5595,361.051,-33.7306,320.312,88.6699,13.3831,651.203,0.145976,0.00356302,37.7194,21.4548,13.3529,6.51806,5.29973,1.77876,1.85186,0.511698,0.10965,0.0730997,0,0,0,0,0
71179,71215,71197,7.9,-104.435,39.555,366.233,-33.0069,319.974,87.2789,13.5811,762.801,0.1685,0.00373721,36.9165,21.992,12.4058,6.91715,4.88712,1.90472,1.35336,0.576429,0.150373,0.0751864,0.0375932,0.0250621,0.0250621,0.0125311,0
71216,71254,71235,7.8,-104.437,39.5502,371.68,-31.8836,320.111,86.6222,13.4159,727.959,0.162782,0.00367495,36.0926,22.1271,12.6354,6.44467,5.06626,1.8137,1.74115,0.423196,0.133004,0.0846392,0.0120913,0.0120913,0.0241826,0.0120913,0
71260,71294,71277,7.7,-104.441,39.5446,377.424,-31.4572,319.278,88.9401,13.9135,790.631,0.170474,0.00387885,37.4615,22.1902,12.9558,6.7122,5.05827,1.9985,1.77798,0.496179,0.165393,0.055131,0.0275655,0.0137828,0.0137828,0,0.0137828
71295,71332,71314,7.6,-104.444,39.5397,382.25,-30.9,318.857,91.4776,13.1393,621.615,0.141929,0.00313103,40.0094,22.8351,13.1035,6.8944,4.66023,2.06969,1.49401,0.246718,0.0685328,0.0822393,0,0,0.0137066,0,0
71333,71370,71352,7.5,-104.447,39.5339,387.745,-30.2042,318.474,94.2858,13.7138,681.681,0.149123,0.00345872,41.9232,23.9324,12.8798,6.59323,4.8427,1.96775,1.39276,0.536658,0.0894431,0.0766655,0.0383327,0.0127776,0,0,0
71371,71410,71390,7.4,-104.451,39.5278,393.213,-29.5845,318.005,99.5278,13.929,653.825,0.14082,0.00324035,43.9986,26.4373,13.6543,6.8884,4.61495,1.90588,1.48386,0.381176,0.0680672,0.0680672,0.0136134,0.0136134,0,0,0
71411,71451,71431,7.3,-104.454,39.5215,398.878,-28.8927,317.607,88.4914,12.646,643.024,0.152545,0.00308286,40.1259,22.6614,11.7364,6.16281,4.19226,1.60349,1.37166,0.502298,0.0482979,0.0289787,0.0193192,0.00965958,0.0193192,0.00965958,0
71452,71491,71472,7.2,-104.458,39.5156,404.667,-28.6948,316.561,74.084,10.6213,560.697,0.158369,0.00270711,33.681,19.1783,9.92228,4.65181,3.47399,1.43956,1.15403,0.440197,0.0713833,0.0594861,0,0,0,0,0.0118972
71492,71530,71511,7.1,-104.463,39.5106,410.118,-28.6633,315.397,40.7596,5.81933,292.242,0.150658,0.00143997,18.7324,10.0262,5.62953,2.77113,2.00743,0.763697,0.545498,0.130919,0.0872796,0.0436398,0,0.01091,0.01091,0,0
71531,71569,71550,7,-104.466,39.5058,416.032,-28.795,313.942,16.9245,2.3746,109.424,0.138244,0.00055643,7.7478,4.15576,2.13687,1.29785,0.970114,0.275302,0.262193,0.0393289,0.0262193,0.0131096,0,0,0,0,0
71570,71608,71589,6.9,-104.469,39.5013,421.946,-28.7831,312.685,9.05538,1.18429,51.3984,0.130201,0.000254703,4.77586,1.89711,1.04782,0.650752,0.341921,0.154416,0.154416,0.0330891,0,0,0,0,0,0,0
71609,71645,71627,6.8,-104.47,39.4971,427.929,-27.913,312.54,5.79526,0.727008,32.9461,0.135952,0.000168064,3.50076,1.02269,0.485123,0.419566,0.196672,0.0786687,0.0393343,0.0262229,0.0262229,0,0,0,0,0,0
71646,71688,71667,6.7,-104.471,39.4927,434.001,-26.8024,312.697,3.96787,0.52433,23.9537,0.137053,0.000124445,2.14011,0.80977,0.451157,0.277635,0.150386,0.0578407,0.0462726,0.0231363,0.0115681,0,0,0,0,0,0
71689,71730,71710,6.6,-104.472,39.488,440.358,-25.8768,312.573,4.41369,0.65662,34.4179,0.15725,0.000200309,2.34477,0.931013,0.459759,0.22988,0.137928,0.149422,0.126434,0.022988,0,0.011494,0,0,0,0,0
71731,71774,71752,6.5,-104.473,39.4835,446.332,-24.925,312.572,3.43087,0.46401,21.8465,0.141246,0.000120818,1.85214,0.793775,0.31751,0.194034,0.097017,0.0705578,0.0881972,0.00881972,0.00881972,0,0,0,0,0,0
71775,71818,71796,6.4,-104.474,39.4781,453.624,-24.03,312.241,3.00579,0.383163,16.5031,0.129212,8.05228e-05,1.80026,0.401843,0.353622,0.241106,0.0964424,0.0642949,0.0321475,0.0160737,0,0,0,0,0,0,0
71819,71854,71836,6.3,-104.475,39.4758,456.951,-23.3613,312.427,2.87268,0.448339,35.9055,0.240257,0.00010354,1.42427,0.700066,0.362103,0.217262,0.0965608,0.0482804,0,0,0,0,0,0.0241402,0,0,0
71863,71906,71884,6.2,-104.476,39.4706,464.872,-22.2721,312.256,3.24199,0.535172,39.7698,0.222936,0.000176042,1.75937,0.682004,0.365712,0.118609,0.148262,0.0494206,0.0593047,0.0296523,0.00988412,0,0.0197682,0,0,0,0
71907,71946,71926,6.1,-104.478,39.4669,471.249,-21.3556,312.181,3.2224,0.41953,18.6115,0.133088,9.57278e-05,1.77292,0.646876,0.371355,0.179688,0.131771,0.0479168,0.0479168,0.0239584,0,0,0,0,0,0,0
71947,71986,71966,6,-104.479,39.4637,477.62,-20.5103,312.032,3.83953,0.522344,23.749,0.136399,0.000122117,1.94519,0.800961,0.533974,0.228846,0.165278,0.0889957,0.0635683,0,0.0127137,0,0,0,0,0,0
71987,72026,72006,5.9,-104.48,39.4607,484.415,-19.6177,311.866,2.80676,0.356695,15.562,0.130885,7.92293e-05,1.55794,0.581136,0.321479,0.16074,0.0865522,0.0247292,0.061823,0.0123646,0,0,0,0,0,0,0
72027,72064,72046,5.8,-104.482,39.4581,491.177,-18.73,311.721,2.43253,0.340386,17.7898,0.156791,0.00010869,1.47783,0.431579,0.196172,0.117703,0.104625,0.0130781,0.0392344,0.0392344,0.0130781,0,0,0,0,0,0
72065,72101,72083,5.7,-104.484,39.456,497.665,-17.9206,311.544,4.46103,0.926226,129.253,0.418642,0.000359449,2.38984,0.919168,0.490223,0.269622,0.196089,0.0735334,0.0245111,0.0245111,0.0367667,0,0,0.0122556,0.0122556,0,0.0122556
72108,72137,72122,5.6,-104.486,39.4539,504.382,-17.2094,311.22,3.38364,0.520421,28.1597,0.162329,0.000146143,1.66956,0.57878,0.422955,0.311651,0.267129,0.0890431,0.0222608,0,0,0.0222608,0,0,0,0,0
72141,72180,72160,5.5,-104.488,39.4518,511.443,-16.1673,311.251,2.5569,0.316638,13.3445,0.126433,6.36645e-05,1.56878,0.376914,0.285232,0.112056,0.122242,0.0611212,0.0203737,0.0101869,0,0,0,0,0,0,0
72181,72212,72196,5.4,-104.49,39.4497,517.563,-15.6044,310.871,2.73234,0.346283,15.0701,0.130559,7.73888e-05,1.63705,0.447539,0.282656,0.17666,0.0824413,0.0235547,0.0824413,0,0,0,0,0,0,0,0
72214,72259,72236,5.3,-104.492,39.4472,525.305,-14.7324,310.599,3.28146,0.4249,21.7058,0.153254,0.000114667,1.95298,0.681272,0.227091,0.227091,0.102191,0.0227091,0.0340636,0.0113545,0.0113545,0.0113545,0,0,0,0,0
72260,72298,72279,5.2,-104.495,39.4455,532.185,-14.4046,309.841,2.84783,0.355888,15.8073,0.13325,8.28454e-05,1.80256,0.490637,0.223986,0.0853282,0.117326,0.0746621,0.0319981,0.021332,0,0,0,0,0,0,0
72299,72336,72318,5.1,-104.498,39.4443,538.984,-13.4929,309.81,3.17567,0.367827,14.7604,0.120386,6.68657e-05,2.07301,0.507226,0.220533,0.143346,0.143346,0.0441066,0.0441066,0,0,0,0,0,0,0,0
72337,72374,72356,5,-104.501,39.4432,545.985,-12.8722,309.408,3.08357,0.359237,13.9987,0.116903,5.83409e-05,1.86822,0.582565,0.231017,0.19084,0.130575,0.0602653,0.0200884,0,0,0,0,0,0,0,0
72377,72410,72394,4.9,-104.503,39.4422,553.111,-11.9617,309.338,2.59117,0.275229,10.2242,0.111444,4.06006e-05,1.73979,0.431862,0.197423,0.0987113,0.0740335,0.0246778,0.0246778,0,0,0,0,0,0,0,0
72411,72445,72428,4.8,-104.506,39.4415,560.486,-11.5008,308.717,2.6345,0.326318,16.6957,0.153492,8.21098e-05,1.62359,0.551407,0.214436,0.0765844,0.0919012,0.0459506,0.0153169,0,0,0.0153169,0,0,0,0,0
72446,72481,72464,4.7,-104.508,39.4411,567.146,-11.0957,308.156,4.82055,0.710967,35.4264,0.149485,0.000204935,2.41028,1.16116,0.457425,0.228712,0.281492,0.140746,0.0879663,0.0351865,0.0175933,0,0,0,0,0,0
72482,72518,72500,4.6,-104.51,39.4401,575.358,-10.5652,307.507,5.86348,0.999326,88.879,0.266817,0.000293595,2.81702,1.09622,0.905016,0.433388,0.369654,0.127467,0.0892269,0,0,0,0.0127467,0,0,0.0127467,0
72518,72552,72535,4.5,-104.511,39.4389,582.825,-9.85136,307.212,6.11262,0.840524,37.6602,0.134417,0.000195686,3.14893,1.2461,0.740924,0.336784,0.387301,0.101035,0.134713,0.0168392,0,0,0,0,0,0,0
72553,72584,72568,4.4,-104.513,39.4372,590.608,-9.21824,306.789,5.5235,0.859709,43.2484,0.150918,0.000259408,2.61072,1.33772,0.582557,0.302066,0.258914,0.194186,0.194186,0.0431523,0,0,0,0,0,0,0
72585,72619,72602,4.3,-104.515,39.4353,598.725,-8.6852,306.206,6.54686,1.01067,53.1554,0.157783,0.000304699,2.59208,1.82186,1.1257,0.399921,0.31105,0.0592476,0.133307,0.0740594,0.0148119,0.0148119,0,0,0,0,0
