api/data/B2SAP/Locations/Boulder/NOAA-POPS-B2SAP_GMLBalloon_20221215_R0.ict
61,1001
Thornberry, T. D.
NOAA Chemical Sciences Laboratory
Portable Optical Particle Spectrometer (POPS)
Balloon Baseline Stratospheric Aerosol Profiles (B2SAP)
1,1
2022,12,15,2024,05,28
0
TIME_START,s,Seconds since midnight UTC on flight start day,Start time of 100 m altitude bin in UTC_seconds_since_midnight
28
1.0,1.0,1.0,1.0,1.0,1.0,1.0,1.0,1.0,1.0,1.0,1.0,1.0,1.0,1.0,1.0,1.0,1.0,1.0,1.0,1.0,1.0,1.0,1.0,1.0,1.0,1.0,1.0
99999,99999,99999,99999,99999,99999,99999,99999,99999,99999,99999,99999,99999,99999,99999,99999,99999,99999,99999,99999,99999,99999,99999,99999,99999,99999,99999,99999
TIME_STOP,s,End time of 100 m altitude bin in UTC seconds since midnight,
TIME_MID,s,Mid time of 100 m altitude in UTC seconds since midnight,
GPSAlt,m,GPS reported altitude above sea level (m),
GPS_Lon,deg,GPS reported longitude,
GPS_Lat,deg,GPS reported latitude,
iMet_Pressure,mb,Pressure reported (mB),
iMet_Temperature,degrees C,Ambient temperature (oC),
THETA,K,Potential temperature from iMet,
Aerosol_concentration,cm^-3,Aerosol concentration,
Surface_Area_Conc,um^2 cm^-3,Surface area concentration,
Volume_density,um^3 cm^-3,Volume density,
Effective_radius,um,Effective radius,
Extinction,km^-1,Extinction,
Bin01,cm^-3,particle concentration in size range [140 - 170 nm],
Bin02,cm^-3,particle concentration in size range [170 - 205 nm],
Bin03,cm^-3,particle concentration in size range [205 - 249 nm],
Bin04,cm^-3,particle concentration in size range [249 - 302 nm],
Bin05,cm^-3,particle concentration in size range [302 - 366 nm],
Bin06,cm^-3,particle concentration in size range [366 - 443 nm],
Bin07,cm^-3,particle concentration in size range [443 - 537 nm],
Bin08,cm^-3,particle concentration in size range [537 - 651 nm],
Bin09,cm^-3,particle concentration in size range [651 - 789 nm],
Bin10,cm^-3,particle concentration in size range [789 - 956 nm],
Bin11,cm^-3,particle concentration in size range [956 - 1159 nm],
Bin12,cm^-3,particle concentration in size range [1159 - 1404 nm],
Bin13,cm^-3,particle concentration in size range [1404 - 1702 nm],
Bin14,cm^-3,particle concentration in size range [1702 - 2062 nm],
Bin15,cm^-3,particle concentration in size range [2062 - 2500 nm],
0
19
PI_CONTACT_INFO: 325 Broadway R/CSL6, Boulder, CO 80305; troy.thornberry@noaa.gov; 303-497-3373 
PLATFORM: GML ECC/FPH balloon
LOCATION: Boulder, CO, USA
ASSOCIATED_DATA: N/A
INSTRUMENT_INFO: Printed Optical Particle Spectrometer counts particles from 140 - 2500 nm in diameter 
DATA_INFO: Particle concentrations reported in number per cubic centimeter, binned to 100 m altitude
UNCERTAINTY: Counting uncertainty dominated by air flow, less than 5 percent
ULOD_FLAG: -77777
ULOD_VALUE: 3000 ~3000 per cm3 (varies depending on flow rate- manufacturer quotes 1250  per cm3 at 1.667 cc/s)
LLOD_FLAG: -88888
LLOD_VALUE: 0 0 (varies depending on data field and measurement precision)
DM_CONTACT_INFO: Troy Thornberry, 325 Broadway R/CSL6, Boulder, CO 80305; troy.thornberry@noaa.gov; 303-497-3373
PROJECT_INFO: B2SAP Boulder, CO, USA
STIPULATIONS_ON_USE: Please contact the PIs for questions regarding applications and uncertainties
OTHER_COMMENTS: POPS bin Edges (nm):  140, 170, 205, 249, 302, 366, 443, 537, 651, 789, 956, 1159, 1404, 1702, 2062, 2500
Calculations assume sulfate refractive index of 1.45+0.00j and extinction wavelength = 532 nm
REVISION: R0
R0: QA/QC data
TIME_START,TIME_STOP,TIME_MID,GPSAlt,GPS_Lon,GPS_Lat,iMet_Pressure,iMet_Temperature,THETA,Aerosol_concentration,Surface_Area_Conc,Volume_density,Effective_radius,Extinction,Bin01,Bin02,Bin03,Bin04,Bin05,Bin06,Bin07,Bin08,Bin09,Bin10,Bin11,Bin12,Bin13,Bin14,Bin15
[from data line 76]
63195,63215,63205,9.3,-104.978,39.9354,284.791,-49.1038,320.77,20.7426,3.0184,151.385,0.150463,0.000844436,10.2507,4.90426,2.31144,1.20597,0.944673,0.462287,0.542685,0.0602983,0.0200994,0.0401989,0,0,0,0,0
63216,63239,63228,9.4,-104.971,39.9346,280.373,-49.1439,322.146,20.0712,2.84333,137.332,0.1449,0.000750261,9.52094,5.34864,2.224,1.15795,0.771968,0.496265,0.422745,0.0735208,0.0367604,0.0183802,0,0,0,0,0
63240,63266,63253,9.5,-104.963,39.9337,276.109,-49.743,322.691,18.8136,2.79016,141.955,0.152631,0.000826936,9.09168,4.5222,2.34776,0.929651,0.913895,0.362406,0.362406,0.236352,0.0315136,0.0157568,0,0,0,0,0
63267,63289,63278,9.6,-104.956,39.9331,272.194,-49.7876,323.943,20.3668,3.00423,155.643,0.155424,0.000781279,9.05861,5.00132,2.87224,1.68719,0.863682,0.401712,0.301284,0.0803425,0.0803425,0,0.0200856,0,0,0,0
63290,63315,63302,9.7,-104.948,39.9319,267.755,-48.9592,326.685,20.7221,3.28064,171.769,0.157075,0.0010189,9.23327,4.67343,3.08317,1.36308,1.1359,0.421907,0.535497,0.178499,0.081136,0.0162272,0,0,0,0,0
63316,63337,63326,9.8,-104.941,39.93,263.981,-49.2681,327.557,20.898,3.42358,216.185,0.189437,0.00103383,9.34594,5.03397,2.88801,1.30362,1.22339,0.381057,0.441224,0.180501,0.0200557,0.0200557,0.0401113,0,0.0200557,0,0
63339,63366,63352,9.9,-104.933,39.927,259.492,-49.8962,328.239,20.2972,3.11703,166.525,0.160273,0.000877635,8.95609,4.99724,3.13139,1.08706,0.924814,0.519194,0.454294,0.194698,0.0162248,0,0,0,0.0162248,0,0
63367,63386,63376,10,-104.926,39.9241,256.12,-49.1875,330.511,20.8683,3.54103,209.804,0.177748,0.00121844,9.08238,4.96362,3.10491,1.11946,1.07721,0.59141,0.59141,0.190096,0.0844872,0.0422436,0.0211218,0,0,0,0
63387,63403,63395,10.1,-104.922,39.922,252.075,-48.4129,333.177,22.5751,3.5025,184.86,0.158339,0.00106589,10.0746,5.59427,2.89615,1.75749,0.891123,0.569328,0.569328,0.0990136,0.0742602,0.0495068,0,0,0,0,0
63404,63426,63415,10.2,-104.916,39.9195,248.123,-48.5518,334.473,21.3478,3.82451,272.905,0.214071,0.00140434,8.82832,5.32743,3.12035,1.54115,1.02743,0.55177,0.60885,0.152212,0.0761062,0.0951327,0,0,0,0.0190265,0
63427,63447,63437,10.3,-104.911,39.9175,244.488,-48.3163,336.236,21.9099,3.7665,218.502,0.174036,0.00122146,8.45412,5.46641,3.45247,1.81476,1.30574,0.486887,0.597543,0.221312,0.0442624,0.0442624,0,0.0221312,0,0,0
63448,63472,63460,10.4,-104.904,39.9158,240.713,-47.8546,338.425,21.5761,3.71986,200.482,0.161685,0.00123314,7.5977,5.87648,3.68584,1.7386,1.06055,0.469423,0.83453,0.243405,0.0521581,0.017386,0,0,0,0,0
63474,63498,63486,10.5,-104.896,39.9143,236.993,-47.7829,340.053,21.2723,3.77444,231.781,0.184224,0.00137599,8.65167,5.1527,3.37711,1.46225,1.09669,0.452602,0.574457,0.31334,0.139262,0.0348156,0,0,0.0174078,0,0
63499,63519,63509,10.6,-104.89,39.9132,233.437,-47.9447,341.276,19.5153,3.19741,176.425,0.165533,0.000973433,8.07074,4.87332,2.8005,1.32307,1.25692,0.418973,0.529229,0.17641,0.0441024,0,0.0220512,0,0,0,0
63520,63538,63529,10.7,-104.885,39.9125,230.182,-48.655,341.563,19.2749,3.40031,199.851,0.176323,0.00128464,7.90901,5.00205,2.74982,1.12612,0.968984,0.41902,0.576153,0.41902,0.0523775,0.0523775,0,0,0,0,0
63539,63558,63548,10.8,-104.88,39.9121,226.779,-48.4375,343.35,20.1636,3.21971,170.503,0.158869,0.00101993,8.60386,5.30483,2.87675,1.05569,0.84455,0.659805,0.580628,0.158353,0.0527844,0.0263922,0,0,0,0,0
63558,63617,63588,10.9,-104.869,39.9104,222.77,-46.3396,348.336,18.9525,3.05024,165.597,0.16287,0.000930765,7.77853,5.02694,2.74277,1.21705,0.961293,0.537971,0.423322,0.202842,0.0352768,0.0176384,0,0,0.0088192,0,0
63618,63659,63638,11,-104.854,39.9075,219.701,-44.3162,352.836,16.3677,2.59963,139.925,0.161475,0.000853314,7.2204,4.10854,2.32559,0.952384,0.786271,0.276856,0.398672,0.199336,0.0885939,0.0110742,0,0,0,0,0
63660,63682,63671,11.1,-104.845,39.9062,216.628,-43.8767,354.935,17.57,3.11099,188.832,0.182095,0.00110243,7.24615,4.149,2.70757,1.18821,0.934987,0.428536,0.603846,0.194789,0.0584367,0.0389578,0,0.0194789,0,0,0
63684,63708,63696,11.2,-104.838,39.9053,213.402,-43.9904,356.28,17.6982,3.02709,170.339,0.168815,0.000954402,6.53444,4.86077,2.67075,1.35318,0.908056,0.658786,0.551955,0.0712201,0.053415,0.017805,0.017805,0,0,0,0
63709,63728,63718,11.3,-104.832,39.9044,210.376,-44.1306,357.525,16.5988,2.83907,154.433,0.163187,0.000939278,6.56292,3.80496,2.88564,1.12361,0.995929,0.510733,0.408586,0.255367,0.0255367,0.0255367,0,0,0,0,0
63729,63744,63736,11.4,-104.827,39.9038,207.393,-44.4393,358.504,17.7803,2.93284,155.608,0.159172,0.00093545,6.94799,4.59552,3.06368,1.03946,0.847983,0.465023,0.57444,0.218834,0,0.0273543,0,0,0,0,0
63749,63767,63758,11.5,-104.821,39.9029,204.091,-44.3828,360.237,17.659,3.1448,194.247,0.185303,0.00115007,6.98147,4.72276,2.55531,1.20921,0.844164,0.43349,0.593197,0.114076,0.159707,0.0228153,0.0228153,0,0,0,0
63768,63785,63776,11.6,-104.816,39.9022,201.069,-44.2939,361.912,14.2045,2.76242,210.912,0.229051,0.00107671,6.14616,3.27795,2.16254,0.910543,0.546326,0.409744,0.386981,0.182109,0.0455271,0.0682907,0.0227636,0.0455271,0,0,0
63786,63803,63794,11.7,-104.811,39.9015,198.184,-44.8075,362.598,14.6884,2.3271,134.932,0.173949,0.000725646,6.63574,3.28245,2.55039,0.755671,0.732056,0.212532,0.236147,0.188918,0.0708442,0,0.0236147,0,0,0,0
63804,63822,63813,11.8,-104.805,39.9006,195.238,-45.4441,363.142,14.2621,2.27214,116.553,0.15389,0.000696117,6.3962,3.41545,1.67667,1.01428,0.703789,0.496792,0.413993,0.103498,0.0413993,0,0,0,0,0,0
63823,63847,63835,11.9,-104.797,39.8993,191.847,-45.9627,364.129,14.7473,1.87847,80.4974,0.128558,0.000398605,7.35772,4.04515,1.62443,0.668884,0.509626,0.19111,0.318516,0.0318516,0,0,0,0,0,0,0
63848,63871,63860,12,-104.791,39.8986,189.194,-46.3752,364.913,14.8712,2.06664,116.315,0.168847,0.000600232,7.78965,3.80246,1.67801,0.661966,0.384864,0.0923674,0.292497,0.0769728,0.0307891,0.0461837,0.0153946,0,0,0,0
63872,63898,63885,12.1,-104.784,39.8974,186.423,-46.9694,365.498,15.0813,1.88632,95.6348,0.152097,0.000442641,8.14938,4.3987,1.39423,0.33383,0.274919,0.19637,0.19637,0.0981852,0.019637,0,0.019637,0,0,0,0
63899,63926,63912,12.2,-104.776,39.8956,183.376,-46.9764,367.217,14.2599,1.99717,106.889,0.16056,0.000541961,7.32024,3.61572,1.44629,0.799264,0.444035,0.215674,0.317168,0.0380602,0.0253735,0.0253735,0,0.0126867,0,0,0
63927,63961,63944,12.3,-104.768,39.8936,180.742,-46.84,368.956,14.5907,2.26611,129.087,0.170893,0.000741674,6.95125,3.59033,1.89267,0.780008,0.585006,0.195002,0.309709,0.206473,0.0458828,0.0229414,0.0114707,0,0,0,0
63962,63995,63978,12.4,-104.759,39.8919,177.975,-47.113,370.136,14.6877,2.50664,165.009,0.197487,0.000918429,7.02534,3.62769,1.57495,0.867107,0.637059,0.176961,0.49549,0.141569,0.0707843,0.0353921,0.0353921,0,0,0,0
63996,64026,64011,12.5,-104.75,39.8902,175.375,-47.2181,371.522,14.7039,2.12917,114.479,0.161301,0.000613552,7.42433,3.73849,1.52699,0.671349,0.579203,0.289601,0.329092,0.0789822,0.0394911,0.0131637,0.0131637,0,0,0,0
64027,64054,64040,12.6,-104.741,39.8882,172.649,-47.6378,372.503,14.0756,1.79891,78.2267,0.130457,0.000393582,7.14991,3.64092,1.71492,0.593627,0.448519,0.211068,0.237451,0.0791503,0,0,0,0,0,0,0
64055,64080,64068,12.7,-104.733,39.8866,170.014,-47.4868,374.39,14.7467,1.94816,107.501,0.165542,0.000453669,8.1188,3.51653,1.47467,0.713028,0.43754,0.210667,0.178257,0.0324104,0.0324104,0,0.0162052,0.0162052,0,0,0
64081,64107,64094,12.8,-104.726,39.885,167.536,-47.2771,376.309,14.7233,2.23484,173.796,0.233301,0.000649406,7.40392,3.8879,1.80872,0.405694,0.659253,0.219751,0.219751,0.0338078,0.0169039,0.0169039,0.0338078,0,0,0.0169039,0
64108,64132,64120,12.9,-104.719,39.8833,164.951,-47.4335,377.726,12.6707,1.70414,85.8413,0.151117,0.000470047,6.66505,3.17214,1.46132,0.498988,0.409883,0.089105,0.213852,0.124747,0,0.035642,0,0,0,0,0
64134,64160,64147,13,-104.712,39.8814,162.432,-47.7243,378.907,13.2661,2.06188,131.924,0.191947,0.000633559,6.7011,3.26551,1.47968,0.612283,0.459213,0.221102,0.374173,0.0850394,0.0170079,0.0170079,0,0.0170079,0.0170079,0,0
64161,64188,64174,13.1,-104.706,39.8794,159.946,-47.9822,380.141,12.0758,1.863,108.811,0.175219,0.000609129,6.16205,2.90253,1.30381,0.558775,0.356995,0.310431,0.279388,0.139694,0.0310431,0.0155215,0.0155215,0,0,0,0
64189,64216,64202,13.2,-104.699,39.8773,157.543,-47.4637,382.663,12.7426,1.95308,103.772,0.159397,0.00061649,5.97032,3.22278,1.48515,0.757428,0.564358,0.267328,0.311882,0.0742577,0.0742577,0.0148515,0,0,0,0,0
64217,64246,64232,13.3,-104.693,39.8749,155.145,-47.7056,383.937,12.3791,1.94622,117.728,0.181472,0.000585703,5.40515,3.32295,1.72565,0.79865,0.541941,0.213924,0.199663,0.071308,0.0570464,0.0142616,0.0285232,0,0,0,0
64247,64273,64260,13.4,-104.688,39.8717,152.733,-47.6373,385.779,12.1604,1.78726,97.6248,0.163868,0.000484492,5.5789,3.18563,1.66558,0.663,0.501292,0.291073,0.129366,0.0970243,0.0161707,0.0161707,0.0161707,0,0,0,0
64276,64302,64289,13.5,-104.683,39.8688,150.413,-48.24,386.429,13.0193,1.91995,99.8119,0.15596,0.000567846,6.07351,3.5375,1.53453,0.662271,0.484589,0.2746,0.355365,0.0323059,0.0323059,0.0323059,0,0,0,0,0
64303,64332,64318,13.6,-104.677,39.866,148.19,-49.0035,386.755,12.043,1.68193,83.1261,0.148269,0.000452893,6.12383,2.78046,1.43287,0.716437,0.443508,0.272928,0.136464,0.0852901,0.034116,0.017058,0,0,0,0,0
64333,64358,64346,13.7,-104.671,39.8635,146.014,-49.4762,387.583,12.4227,1.72834,83.7395,0.145352,0.000465189,6.4276,2.9379,1.34219,0.581616,0.551789,0.164045,0.328091,0.0745661,0,0.0149132,0,0,0,0,0
64359,64382,64370,13.8,-104.664,39.8621,143.909,-49.391,389.343,11.3452,1.51612,76.705,0.151779,0.000338074,5.76925,2.79541,1.27875,0.74346,0.37173,0.163561,0.163561,0.0297384,0.0148692,0,0,0.0148692,0,0,0
64389,64413,64401,13.9,-104.656,39.8612,141.433,-49.7052,390.722,11.8085,2.1814,237.941,0.327231,0.000760606,6.03113,2.73192,1.40328,0.671785,0.447856,0.134357,0.164214,0.0895713,0.0447856,0,0.0298571,0.0298571,0.0149285,0,0.0149285
64414,64439,64426,14,-104.648,39.861,139.235,-50.0267,391.907,12.3721,1.7142,91.3133,0.159806,0.000470331,6.74839,2.9243,1.21471,0.449893,0.449893,0.20995,0.254939,0.0749821,0.0299929,0,0.0149964,0,0,0,0
64440,64469,64454,14.1,-104.64,39.8612,137.241,-49.9092,393.745,11.8079,1.61466,89.4221,0.166144,0.000450772,6.61402,2.82707,1.03878,0.525966,0.262983,0.210386,0.184088,0.105193,0,0.0262983,0,0.0131491,0,0,0
64470,64497,64484,14.2,-104.631,39.8611,135.02,-50.3671,394.767,11.5132,1.45569,68.8536,0.141899,0.00035489,6.41241,2.74658,1.18831,0.459631,0.336315,0.134526,0.123316,0.0784736,0.0112105,0.022421,0,0,0,0,0
64498,64531,64514,14.3,-104.622,39.8602,132.982,-50.9736,395.403,10.7822,1.53096,96.926,0.189932,0.000428164,5.69481,2.89802,1.01241,0.455585,0.341688,0.0632756,0.227792,0.0253103,0,0.0379654,0,0.0126551,0.0126551,0,0
64532,64563,64548,14.4,-104.611,39.8594,130.928,-51.6911,395.886,10.7948,1.36635,71.4642,0.156909,0.000326412,6.01973,2.8854,0.927853,0.350774,0.260251,0.124468,0.124468,0.0565764,0.0339458,0,0,0,0.0113153,0,0
64564,64590,64577,14.5,-104.601,39.8588,128.907,-52.2437,396.661,10.4966,1.36459,62.2432,0.13684,0.000338368,5.69284,2.53458,1.12795,0.331751,0.384831,0.10616,0.22559,0.0928902,0,0,0,0,0,0,0
64591,64613,64602,14.6,-104.594,39.858,127.046,-52.7117,397.465,10.1525,1.26919,59.2074,0.139949,0.000304747,5.67426,2.53117,0.945711,0.38941,0.264243,0.139075,0.139075,0.027815,0.027815,0.0139075,0,0,0,0,0
64614,64634,64624,14.7,-104.587,39.8571,125.11,-53.4824,397.812,10.7208,1.39039,80.0778,0.172781,0.000343924,6.09344,2.65729,0.962122,0.442882,0.229077,0.16799,0.0763589,0.0305436,0.0152718,0.0305436,0,0,0.0152718,0,0
64635,64652,64644,14.8,-104.581,39.8561,123.144,-54.3794,397.993,10.0589,1.44608,85.9672,0.178346,0.000448323,5.57243,2.29663,1.1038,0.338263,0.302656,0.0712132,0.21364,0.10682,0.0178033,0.0178033,0.0178033,0,0,0,0
64653,64668,64660,14.9,-104.576,39.8552,121.594,-54.7118,398.829,9.73822,1.45843,91.3802,0.187969,0.000420738,5.17617,2.22254,1.05278,0.497146,0.263195,0.233951,0.175463,0.0584878,0.0292439,0,0,0.0292439,0,0,0
64669,64683,64676,15,-104.571,39.854,119.654,-55.3309,399.525,9.20474,1.22654,72.6295,0.177645,0.000272619,4.79231,2.68837,0.876642,0.233771,0.292214,0.175328,0.0876642,0.0292214,0,0,0,0.0292214,0,0,0
64687,64702,64694,15.1,-104.566,39.8526,117.463,-56.4347,399.607,10.0018,1.40639,79.0889,0.168706,0.000356831,5.28111,2.60822,0.797556,0.409556,0.431111,0.215556,0.194,0.0431111,0,0,0,0.0215556,0,0,0
64703,64719,64711,15.2,-104.562,39.8514,115.628,-56.9265,400.502,10.0157,1.31167,60.7833,0.139021,0.000306617,5.14984,2.57492,1.04133,0.511198,0.340798,0.189332,0.170399,0.0189332,0,0.0189332,0,0,0,0,0
64720,64737,64728,15.3,-104.558,39.8501,113.811,-57.3817,401.466,9.64584,1.5679,110.001,0.210475,0.000545365,4.86799,2.47006,1.09981,0.324533,0.396651,0.108178,0.180296,0.108178,0.0180296,0.0360592,0.0360592,0,0,0,0
64738,64757,64748,15.4,-104.553,39.8487,111.996,-57.665,402.782,8.8974,1.17466,65.9152,0.168343,0.000290921,5.00987,2.11456,0.862089,0.422911,0.162658,0.0975949,0.178924,0.0162658,0,0.0162658,0,0.0162658,0,0,0
64758,64779,64768,15.5,-104.549,39.8473,110.223,-57.9771,404.047,9.05835,1.43594,90.6727,0.189436,0.000480421,4.36639,2.41301,0.938391,0.536223,0.325564,0.172358,0.114905,0.0766034,0.0957542,0,0,0.0191508,0,0,0
64780,64804,64792,15.6,-104.543,39.8458,108.354,-58.1435,405.706,9.1438,1.22879,60.6318,0.148028,0.000343418,5.15052,1.8907,1.01054,0.456375,0.244487,0.130393,0.162991,0.0325982,0.0651964,0,0,0,0,0,0
64805,64835,64820,15.7,-104.537,39.8445,106.632,-57.8305,408.158,8.1479,1.4601,116.891,0.240171,0.000501744,4.15528,1.80407,0.931611,0.325324,0.458412,0.147875,0.17745,0.0591499,0.0147875,0.0147875,0.0295749,0.0295749,0,0,0
64836,64873,64854,15.8,-104.529,39.8433,104.89,-58.0579,409.659,8.59397,1.36647,79.6632,0.174896,0.000452478,4.15162,1.91882,1.29084,0.360505,0.313988,0.174438,0.244213,0.0814044,0.0465168,0,0.0116292,0,0,0,0
64874,64910,64892,15.9,-104.521,39.8425,103.267,-58.5283,410.582,8.32446,1.3634,95.7997,0.210797,0.000441153,3.99356,2.17633,0.935821,0.457029,0.337331,0.141461,0.141461,0.0544082,0.0435266,0.0108816,0.0108816,0.0108816,0.0108816,0,0
64911,64940,64926,16,-104.514,39.8423,101.658,-59.131,411.264,7.92325,1.43683,111.548,0.232905,0.00049617,3.60559,2.0458,1.02855,0.372992,0.372992,0.124331,0.226056,0.0678167,0.0226056,0,0.0452111,0.0113028,0,0,0
64941,64965,64953,16.1,-104.508,39.8423,100.027,-59.7589,411.969,7.2801,1.25503,84.1042,0.201041,0.00046862,3.72631,1.53538,0.862572,0.345029,0.224269,0.189766,0.276023,0.0690057,0,0.0345029,0.0172514,0,0,0,0
64966,64984,64975,16.2,-104.504,39.8419,98.5662,-59.8375,413.546,8.26241,1.21334,73.2535,0.181121,0.000302071,4.00727,1.92101,1.17739,0.557712,0.247872,0.10328,0.20656,0.020656,0,0,0,0,0.020656,0,0
64986,65008,64997,16.3,-104.499,39.8412,96.8547,-60.6312,414.068,8.2491,1.34288,85.0614,0.190027,0.000461164,3.91746,2.22622,0.776589,0.517726,0.293378,0.172575,0.224348,0.0345151,0.0517726,0.0172575,0.0172575,0,0,0,0
65009,65028,65018,16.4,-104.494,39.8402,95.2767,-60.9433,415.416,8.15047,1.01473,46.2808,0.136827,0.000235396,4.61532,1.86577,0.785587,0.245496,0.490992,0.0490992,0,0.0490992,0.0490992,0,0,0,0,0,0
65029,65046,65038,16.5,-104.491,39.8395,93.8719,-61.4469,416.189,7.51413,1.20617,68.2945,0.169863,0.000422016,3.44398,1.89695,1.06819,0.349923,0.221004,0.202587,0.18417,0.0920849,0.036834,0.018417,0,0,0,0,0
65047,65066,65056,16.6,-104.488,39.8384,92.3647,-61.3963,418.212,7.88399,1.43506,104.966,0.219432,0.00054628,3.45409,2.24593,0.851905,0.433697,0.37174,0.170381,0.123913,0.139403,0.0309783,0.0309783,0.0154892,0.0154892,0,0,0
65067,65085,65076,16.7,-104.484,39.837,90.9132,-61.2426,420.425,7.98511,1.48728,108.229,0.21831,0.000534044,3.07953,2.1046,1.39275,0.557101,0.232125,0.324975,0.1238,0.0773751,0.015475,0.0464251,0,0.03095,0,0,0
