api/data/B2SAP/Locations/Boulder/NOAA-POPS-B2SAP_GMLBalloon_20210418_R0.ict
61,1001
Thornberry, T. D.
NOAA Chemical Sciences Laboratory
Portable Optical Particle Spectrometer (POPS)
Balloon Baseline Stratospheric Aerosol Profiles (B2SAP)
1,1
2021,04,18,2024,05,28
0
TIME_START,s,Seconds since midnight UTC on flight start day,Start time of 100 m altitude bin in UTC_seconds_since_midnight
28
1.0,1.0,1.0,1.0,1.0,1.0,1.0,1.0,1.0,1.0,1.0,1.0,1.0,1.0,1.0,1.0,1.0,1.0,1.0,1.0,1.0,1.0,1.0,1.0,1.0,1.0,1.0,1.0
99999,99999,99999,99999,99999,99999,99999,99999,99999,99999,99999,99999,99999,99999,99999,99999,99999,99999,99999,99999,99999,99999,99999,99999,99999,99999,99999,99999
TIME_STOP,s,End time of 100 m altitude bin in UTC seconds since midnight,
TIME_MID,s,Mid time of 100 m altitude in UTC seconds since midnight,
GPSAlt,m,GPS reported altitude above sea level (m),
GPS_Lon,deg,GPS reported longitude,
GPS_Lat,deg,GPS reported latitude,
iMet_Pressure,mb,Pressure reported (mB),
iMet_Temperature,degrees C,Ambient temperature (oC),
THETA,K,Potential temperature from iMet,
Aerosol_concentration,cm^-3,Aerosol concentration,
Surface_Area_Conc,um^2 cm^-3,Surface area concentration,
Volume_density,um^3 cm^-3,Volume density,
Effective_radius,um,Effective radius,
Extinction,km^-1,Extinction,
Bin01,cm^-3,particle concentration in size range [140 - 170 nm],
Bin02,cm^-3,particle concentration in size range [170 - 205 nm],
Bin03,cm^-3,particle concentration in size range [205 - 249 nm],
Bin04,cm^-3,particle concentration in size range [249 - 302 nm],
Bin05,cm^-3,particle concentration in size range [302 - 366 nm],
Bin06,cm^-3,particle concentration in size range [366 - 443 nm],
Bin07,cm^-3,particle concentration in size range [443 - 537 nm],
Bin08,cm^-3,particle concentration in size range [537 - 651 nm],
Bin09,cm^-3,particle concentration in size range [651 - 789 nm],
Bin10,cm^-3,particle concentration in size range [789 - 956 nm],
Bin11,cm^-3,particle concentration in size range [956 - 1159 nm],
Bin12,cm^-3,particle concentration in size range [1159 - 1404 nm],
Bin13,cm^-3,particle concentration in size range [1404 - 1702 nm],
Bin14,cm^-3,particle concentration in size range [1702 - 2062 nm],
Bin15,cm^-3,particle concentration in size range [2062 - 2500 nm],
0
19
PI_CONTACT_INFO: 325 Broadway R/CSL6, Boulder, CO 80305; troy.thornberry@noaa.gov; 303-497-3373 
PLATFORM: GML ECC/FPH balloon
LOCATION: Boulder, CO, USA
ASSOCIATED_DATA: N/A
INSTRUMENT_INFO: Printed Optical Particle Spectrometer counts particles from 140 - 2500 nm in diameter 
DATA_INFO: Particle concentrations reported in number per cubic centimeter, binned to 100 m altitude
UNCERTAINTY: Counting uncertainty dominated by air flow, less than 5 percent
ULOD_FLAG: -77777
ULOD_VALUE: 3000 ~3000 per cm3 (varies depending on flow rate- manufacturer quotes 1250  per cm3 at 1.667 cc/s)
LLOD_FLAG: -88888
LLOD_VALUE: 0 0 (varies depending on data field and measurement precision)
DM_CONTACT_INFO: Troy Thornberry, 325 Broadway R/CSL6, Boulder, CO 80305; troy.thornberry@noaa.gov; 303-497-3373
PROJECT_INFO: B2SAP Boulder, CO, USA
STIPULATIONS_ON_USE: Please contact the PIs for questions regarding applications and uncertainties
OTHER_COMMENTS: POPS bin Edges (nm):  140, 170, 205, 249, 302, 366, 443, 537, 651, 789, 956, 1159, 1404, 1702, 2062, 2500
Calculations assume sulfate refractive index of 1.45+0.00j and extinction wavelength = 532 nm
REVISION: R0
R0: QA/QC data
TIME_START,TIME_STOP,TIME_MID,GPSAlt,GPS_Lon,GPS_Lat,iMet_Pressure,iMet_Temperature,THETA,Aerosol_concentration,Surface_Area_Conc,Volume_density,Effective_radius,Extinction,Bin01,Bin02,Bin03,Bin04,Bin05,Bin06,Bin07,Bin08,Bin09,Bin10,Bin11,Bin12,Bin13,Bin14,Bin15
[from data line 387]
70202,70231,70216,14.6,-104.37,39.6089,129.633,-54.7043,391.606,10.8494,1.19011,50.1269,0.126358,0.00024179,7.20277,2.17442,0.713482,0.351078,0.135901,0.101926,0.0906008,0.0453004,0.0339753,0,0,0,0,0,0
70232,70261,70246,14.5,-104.365,39.6078,131.734,-54.2693,390.591,12.3603,1.29822,51.4245,0.118835,0.000214677,8.25234,2.47207,0.83614,0.339303,0.218124,0.145416,0.0363539,0.0484719,0,0.012118,0,0,0,0,0
70262,70288,70275,14.4,-104.36,39.607,133.738,-53.5542,390.186,12.002,1.59905,150.444,0.28225,0.0004089,7.58091,2.73069,0.819207,0.377095,0.195049,0.143036,0.0780197,0.0260066,0.0130033,0,0.0130033,0.0130033,0,0,0.0130033
70289,70315,70302,14.3,-104.355,39.6066,135.9,-53.0748,389.245,12.5788,1.36235,61.0792,0.134501,0.000227039,8.14804,2.77859,0.801036,0.42555,0.187743,0.112646,0.0750971,0.0250324,0.0125162,0,0,0.0125162,0,0,0
70316,70340,70328,14.2,-104.35,39.6057,138.053,-52.8596,387.878,14.8798,1.57937,65.7226,0.12484,0.000292604,9.61251,3.39512,1.01993,0.405179,0.223547,0.0558867,0.0698584,0.041915,0.041915,0.0139717,0,0,0,0,0
70341,70365,70353,14.1,-104.346,39.6045,140.145,-52.8512,386.234,16.267,1.64131,61.1053,0.111689,0.000241475,10.2527,4.04994,1.27822,0.336374,0.161459,0.0269099,0.0807297,0.0538198,0.0269099,0,0,0,0,0,0
70366,70387,70376,14,-104.342,39.6029,142.324,-52.4141,385.301,17.7458,1.77471,62.7201,0.106023,0.000224772,11.1733,4.41734,1.23808,0.519687,0.122279,0.152849,0.0764245,0.0458547,0,0,0,0,0,0,0
70388,70412,70400,13.9,-104.338,39.6012,144.57,-52.0363,384.228,16.5061,1.72492,66.8223,0.116218,0.000286487,10.7624,3.62465,1.12922,0.460051,0.236996,0.111528,0.0697048,0.0975867,0.013941,0,0,0,0,0,0
70413,70437,70425,13.8,-104.333,39.5993,146.927,-51.8878,382.718,17.4428,1.76669,67.3339,0.114339,0.000262519,11.2132,4.16317,1.2763,0.364657,0.167135,0.106358,0.106358,0.0151941,0.0151941,0.0151941,0,0,0,0,0
70438,70462,70450,13.7,-104.329,39.5972,149.171,-51.3382,382.016,18.302,2.05698,96.9511,0.141398,0.000386955,11.3652,4.29006,1.47038,0.518959,0.242181,0.224882,0.0864932,0.0518959,0.0172986,0.0172986,0,0.0172986,0,0,0
70464,70492,70478,13.6,-104.324,39.5951,151.475,-50.7208,381.398,17.5045,1.8994,83.941,0.13258,0.000377295,10.9439,4.28114,1.35886,0.452953,0.160725,0.131503,0.0438342,0.0584456,0.0292228,0.0438342,0,0,0,0,0
70493,70522,70508,13.5,-104.318,39.5929,153.878,-50.5976,379.897,21.0018,2.12523,75.2662,0.106247,0.000271973,13.0143,5.28992,1.59224,0.486883,0.315816,0.13159,0.144749,0.026318,0,0,0,0,0,0,0
70523,70551,70537,13.4,-104.312,39.5909,156.286,-49.8573,379.478,21.6395,2.26016,86.4611,0.114763,0.000355223,13.302,5.59239,1.44555,0.700873,0.248226,0.131414,0.131414,0.0438046,0.0438046,0,0,0,0,0,0
70552,70580,70566,13.3,-104.306,39.5892,158.662,-49.2034,378.953,20.921,2.32973,98.9874,0.127466,0.000466041,12.6357,5.3114,1.55836,0.688275,0.285699,0.142849,0.103891,0.142849,0.038959,0.0129863,0,0,0,0,0
70581,70608,70594,13.2,-104.299,39.5875,161.167,-48.535,378.379,19.1854,2.03684,88.1174,0.129786,0.000326882,12.2873,4.40564,1.4416,0.404187,0.350295,0.161675,0.0269458,0.0808374,0,0.0134729,0,0.0134729,0,0,0
70609,70635,70622,13.1,-104.294,39.5855,163.68,-48.95,376.019,14.7159,1.63757,69.7273,0.127739,0.000336767,9.34301,3.38088,0.883798,0.505028,0.280571,0.112228,0.0841713,0.0701427,0.0561142,0,0,0,0,0,0
70636,70661,70648,13,-104.289,39.5831,166.102,-48.8376,374.636,10.136,1.13835,46.59,0.122783,0.000208216,6.12068,2.28586,0.932389,0.391002,0.120308,0.210539,0.0150385,0.0300771,0.0300771,0,0,0,0,0,0
70662,70688,70675,12.9,-104.285,39.5798,168.588,-48.7512,373.188,8.20677,1.00012,47.5422,0.142609,0.000243519,5.03872,1.76506,0.558181,0.377149,0.241376,0.0905158,0.0603439,0.0301719,0.0301719,0.015086,0,0,0,0,0
70689,70713,70701,12.8,-104.28,39.5759,171.248,-48.322,372.23,6.99446,0.898339,43.4342,0.145048,0.00024699,4.34709,1.33872,0.57159,0.225628,0.225628,0.0902511,0.105293,0.0601674,0.0300837,0,0,0,0,0,0
70714,70736,70725,12.7,-104.275,39.5724,173.811,-48.4617,370.429,6.32618,0.792613,34.3163,0.129885,0.000165963,3.48185,1.37313,0.702909,0.326935,0.228854,0.130774,0.0490402,0.0163467,0.0163467,0,0,0,0,0,0
70737,70760,70748,12.6,-104.27,39.5693,176.396,-48.1058,369.458,6.21917,0.878813,45.334,0.154757,0.000251919,3.47588,1.26254,0.483193,0.436433,0.264977,0.155869,0.0623475,0.0467607,0.0155869,0.0155869,0,0,0,0,0
70761,70785,70773,12.5,-104.264,39.5663,179.188,-48.4756,367.188,5.9916,0.849568,41.146,0.145295,0.000236909,3.19151,1.18929,0.692497,0.406466,0.21076,0.0752714,0.150543,0.0752714,0,0,0,0,0,0,0
70786,70809,70798,12.4,-104.259,39.5635,181.947,-48.4654,365.609,6.13368,0.902684,45.8727,0.152454,0.000269011,3.33284,1.25177,0.43812,0.453767,0.312943,0.156472,0.10953,0.0469415,0.0312943,0,0,0,0,0,0
70810,70836,70823,12.3,-104.254,39.5606,184.806,-48.5081,363.919,5.85232,0.879281,52.107,0.177783,0.000257925,3.0991,1.28668,0.553411,0.332047,0.318211,0.0968469,0.0691764,0.0691764,0.0138353,0,0.0138353,0,0,0,0
70837,70865,70851,12.2,-104.247,39.558,187.703,-48.9179,361.646,6.8716,1.05256,56.9691,0.162373,0.000342714,3.59044,1.47921,0.645473,0.443763,0.268947,0.20171,0.107579,0.107579,0.0134474,0.0134474,0,0,0,0,0
70866,70897,70882,12.1,-104.239,39.5557,190.603,-48.4803,360.759,7.49078,1.22564,78.4695,0.192071,0.00038711,3.81561,1.59179,0.713965,0.456469,0.468174,0.234087,0.070226,0.105339,0,0.0117043,0.0234087,0,0,0,0
70898,70929,70914,12,-104.231,39.553,193.469,-48.5552,359.109,8.58545,1.34595,70.5183,0.157179,0.000430603,4.20194,1.77675,1.10236,0.531727,0.402038,0.220472,0.194534,0.12969,0.0259379,0,0,0,0,0,0
70930,70961,70946,11.9,-104.224,39.5505,196.42,-48.7371,357.274,12.3693,2.22571,127.667,0.172081,0.000748224,5.09546,2.66667,1.56495,1.2144,0.713615,0.525822,0.350548,0.225352,0,0,0,0.0125196,0,0,0
70962,70992,70977,11.8,-104.217,39.5489,199.513,-48.6897,355.753,13.7513,2.30503,123.566,0.160822,0.000745706,6.0676,2.92039,1.60196,1.43184,0.680478,0.482005,0.382769,0.12759,0.0425299,0.0141766,0,0,0,0,0
70993,71023,71008,11.7,-104.209,39.5475,202.635,-48.4555,354.545,14.0882,2.31789,119.285,0.154388,0.000714163,6.03349,3.30334,1.70446,1.13128,0.829605,0.558098,0.331842,0.181005,0.0150837,0,0,0,0,0,0
71024,71052,71038,11.6,-104.202,39.5463,205.669,-48.5214,352.943,15.151,2.64399,139.131,0.157865,0.000843203,5.87551,3.41563,2.08385,1.61381,0.846074,0.689394,0.423037,0.172348,0.0313361,0,0,0,0,0,0
71053,71080,71066,11.5,-104.195,39.5452,208.755,-48.6575,351.236,17.9333,2.96182,156.11,0.158123,0.000929875,7.48137,4.35365,2.15325,1.71317,0.974464,0.597252,0.361495,0.251475,0.0314343,0.0157172,0,0,0,0,0
71081,71109,71095,11.4,-104.189,39.5435,212.01,-49.1483,348.915,19.1238,3.09667,173.715,0.168292,0.000978752,8.64438,4.48901,2.30517,1.57722,0.803775,0.621789,0.40947,0.181987,0.0454967,0.0303311,0.0151656,0,0,0,0
71110,71140,71125,11.3,-104.185,39.5407,215.337,-50.361,345.486,22.0524,3.2483,157.944,0.145871,0.000858311,10.178,5.13326,2.66988,1.81434,1.22431,0.516276,0.309766,0.132757,0.059003,0.0147507,0,0,0,0,0
71141,71172,71156,11.2,-104.181,39.537,218.681,-51.8744,341.636,23.7853,3.56993,188.256,0.158202,0.00100485,11.1555,5.80029,2.75409,1.76651,1.00149,0.709387,0.292101,0.222553,0.0417287,0.0278191,0,0.0139096,0,0,0
71173,71203,71188,11.1,-104.176,39.5333,222.099,-53.8276,337.126,25.4599,4.54397,256.753,0.169513,0.00150532,9.22012,5.93497,3.93599,3.00622,1.59609,0.7748,0.449384,0.3874,0.123968,0.015496,0.015496,0,0,0,0
71204,71237,71220,11,-104.172,39.5298,225.562,-54.5118,334.584,30.7074,5.73368,426.771,0.223297,0.00186924,11.3312,7.45868,4.60884,3.28618,1.77263,1.22721,0.613603,0.21817,0.0545425,0.0545425,0,0.0272712,0.0409069,0,0.0136356
71238,71274,71256,10.9,-104.169,39.5262,229.211,-54.2547,333.446,31.3957,5.55177,333.655,0.180296,0.00174626,11.7297,7.51202,4.66693,3.58131,1.83433,0.848533,0.761184,0.287004,0.0998274,0.0124784,0.0249569,0.0249569,0.0124784,0,0
71275,71311,71293,10.8,-104.166,39.522,232.845,-54.2322,331.989,34.2456,5.79166,348.5,0.180518,0.001735,12.7406,8.76445,5.16412,3.56397,2.08504,0.860686,0.666729,0.230324,0.0969787,0.036367,0,0.0121223,0.0121223,0.0121223,0
71313,71347,71330,10.7,-104.164,39.5168,236.596,-54.7735,329.66,41.4225,7.18508,434.694,0.181499,0.00211468,14.5179,10.4289,6.6862,4.67501,2.53063,1.50506,0.586042,0.293021,0.106553,0.0266383,0.0266383,0.0266383,0,0.0133191,0
71349,71379,71364,10.6,-104.163,39.5118,240.308,-54.6661,328.351,44.6171,7.8072,445.464,0.171174,0.00230665,15.4856,10.5744,7.48684,5.29518,2.91155,1.58375,0.783878,0.239963,0.159975,0.031995,0.031995,0.0159975,0.0159975,0,0
71380,71407,71394,10.5,-104.162,39.5073,243.972,-54.3539,327.405,45.0661,8.54051,625.718,0.219794,0.00272375,15.4812,10.864,8.08977,4.79178,3.14279,1.2804,0.659598,0.426799,0.0775998,0.0581998,0.0581998,0.0581998,0.0581998,0.0193999,0
71408,71434,71421,10.4,-104.16,39.5034,247.744,-53.9837,326.529,48.165,9.20501,838.71,0.273344,0.00297388,16.3387,12.4137,8.29942,5.2492,3.54676,0.874867,0.874867,0.236451,0.14187,0.0236451,0.0236451,0.0236451,0.0472901,0.0236451,0.0472901
71435,71465,71450,10.3,-104.159,39.4995,251.668,-53.6609,325.542,48.982,9.31891,634.159,0.204152,0.00309699,16.6099,11.7258,7.83066,5.79227,3.73369,1.55402,0.94856,0.423825,0.121093,0.121093,0.0201821,0.0605464,0.0201821,0.0201821,0
71467,71496,71482,10.2,-104.158,39.4951,255.837,-53.0867,324.861,49.0708,9.35601,708.534,0.227191,0.00296294,16.9918,11.8702,8.59757,5.71322,3.05075,1.47915,0.573171,0.29583,0.203383,0.0369788,0.092447,0.0739576,0.0739576,0.0184894,0
71497,71527,71512,10.1,-104.158,39.491,259.789,-52.7027,324.01,49.9221,8.95663,633.126,0.212064,0.00269066,17.1949,12.3893,8.94218,5.31259,3.40654,1.45995,0.648866,0.223048,0.182493,0.0202771,0.0608312,0,0.0405541,0.0405541,0
71529,71560,71544,10,-104.157,39.4864,263.857,-52.4987,322.877,50.8052,9.70069,747.793,0.23126,0.00310521,17.5849,12.5469,8.6863,5.50132,3.39731,1.50563,0.907236,0.27024,0.0965144,0.0772116,0.0193029,0.13512,0.0386058,0.0386058,0
71562,71592,71577,9.9,-104.156,39.4817,268.059,-52.0613,322.053,43.1262,8.02565,639.116,0.238903,0.00266159,15.255,11.3835,6.89558,4.44938,2.94699,0.905285,0.616364,0.308182,0.13483,0.0963069,0,0.0577842,0.0192614,0.0577842,0
71594,71624,71609,9.8,-104.155,39.4773,272.209,-51.4395,321.544,40.6326,8.39357,843.662,0.301539,0.00293337,14.8906,10.2285,6.14914,4.34057,2.49181,1.36648,0.562667,0.180857,0.0803809,0.0803809,0.0401905,0.0602857,0.0803809,0.0602857,0.0200952
71626,71656,71641,9.7,-104.153,39.473,276.507,-51.1723,320.497,28.3382,4.55047,250.298,0.165015,0.00120733,10.6741,6.97003,4.83919,3.10664,1.31435,0.736832,0.378373,0.219058,0.0597431,0,0,0.0199144,0.0199144,0,0
71658,71689,71674,9.6,-104.152,39.4687,280.82,-50.6027,319.905,28.1765,4.53558,270.682,0.179039,0.00120199,11.7934,6.62508,4.07083,2.53429,1.87578,0.758292,0.299326,0.0798202,0.0199551,0.0399101,0.0598652,0.0199551,0,0,0
71691,71723,71707,9.5,-104.152,39.4638,285.242,-49.9418,319.419,31.9433,5.32595,367.36,0.206926,0.00149941,12.7654,7.86174,5.2213,2.95808,1.52867,0.853673,0.476469,0.119117,0.0397057,0.0198529,0.0397057,0.0198529,0.0198529,0.0198529,0
71724,71756,71740,9.4,-104.151,39.4587,289.587,-49.4726,318.711,27.0215,4.19312,214.821,0.153695,0.00108581,10.1047,7.24736,4.27651,2.7627,1.32458,0.756904,0.340607,0.0756904,0.094613,0.0189226,0.0189226,0,0,0,0
71757,71789,71773,9.3,-104.152,39.4534,293.804,-49.1256,317.893,24.7188,4.26621,342.503,0.240848,0.00132868,9.86836,6.25156,3.83237,2.13176,1.34133,0.742522,0.287428,0.143714,0.0479046,0.0239523,0,0,0,0.0479046,0
71791,71827,71809,9.2,-104.152,39.4471,298.561,-48.584,317.206,26.4176,4.15944,220.781,0.159238,0.00109453,10.2187,6.73505,4.09328,2.55467,1.53861,0.72576,0.348365,0.0870911,0.0580608,0.0290304,0.0290304,0,0,0,0
71830,71865,71848,9.1,-104.152,39.4412,303.173,-48.1748,316.388,24.3105,4.31638,340.599,0.236726,0.00126811,9.80295,5.65794,4.06211,2.30048,1.26423,0.621752,0.331601,0.103625,0.0414501,0,0,0.0829003,0.0207251,0.0207251,0
71866,71902,71884,9,-104.153,39.4354,307.564,-47.8422,315.557,22.1884,3.62988,230.447,0.190458,0.00100747,8.68866,6.12754,3.30313,1.96273,1.02924,0.50265,0.3351,0.119679,0.0239357,0.0239357,0.0239357,0.0239357,0.0239357,0,0
71903,71938,71920,8.9,-104.153,39.429,312.626,-47.2873,314.866,19.4284,2.62394,118.018,0.134932,0.00058159,8.33876,5.41589,2.95152,1.40412,0.716388,0.315211,0.143278,0.057311,0.0859666,0,0,0,0,0,0
71939,71974,71956,8.8,-104.153,39.4237,316.971,-46.746,314.381,22.3211,3.77761,242.451,0.192543,0.00116453,9.20369,5.07493,3.48364,2.15039,1.37625,0.516095,0.172032,0.129024,0.0860158,0.0860158,0,0,0.0430079,0,0
71978,72011,71994,8.7,-104.153,39.417,322.378,-46.1215,313.722,21.2663,3.63707,224.188,0.184919,0.0011997,8.22473,5.4067,3.27679,1.99884,1.34348,0.425982,0.229375,0.0655357,0.196607,0.0655357,0.0327679,0,0,0,0
72015,72049,72032,8.6,-104.154,39.4114,327.299,-45.2556,313.558,26.3145,4.64063,379.67,0.245443,0.00139211,9.53456,7.12732,3.87047,2.99725,1.60483,0.613611,0.259604,0.141602,0.0708012,0.0236004,0.0236004,0.0236004,0,0,0.0236004
72053,72083,72068,8.5,-104.153,39.4064,332.254,-44.3757,313.423,28.4908,5.4479,415.683,0.228904,0.00180815,10.253,7.50076,4.41577,3.0245,1.75421,0.6049,0.36294,0.24196,0.0907349,0.06049,0.12098,0.030245,0.030245,0,0
72084,72117,72100,8.4,-104.152,39.4022,336.963,-43.6006,313.226,30.5842,5.56853,382.859,0.206262,0.00168294,10.2831,8.05685,5.48608,3.12733,2.01421,0.821587,0.371039,0.132514,0.106011,0.0530056,0.0265028,0.0795084,0.0265028,0,0
72121,72154,72138,8.3,-104.151,39.3979,341.912,-42.882,312.899,33.9486,7.55395,881.089,0.349918,0.002942,12.2452,8.44493,5.26401,3.96912,2.11123,0.675595,0.506696,0.225198,0.168899,0.112599,0.0281498,0.0844493,0.0281498,0.0281498,0.0562996
72158,72191,72174,8.2,-104.149,39.3938,347.139,-42.0982,312.6,32.3077,6.13902,532.343,0.260144,0.00205082,11.7595,8.21927,5.6198,3.34217,1.68347,0.668435,0.47038,0.297082,0.0247568,0.0742705,0.0247568,0.0247568,0.0495137,0.0495137,0
72192,72224,72208,8.1,-104.147,39.39,352.528,-41.2071,312.431,33.488,7.39419,776.356,0.314986,0.00265412,12.2064,7.55866,5.45495,4.10956,2.20155,0.782773,0.489233,0.244617,0.0489233,0.073385,0.0489233,0.171232,0.0489233,0.0244617,0.0244617
72225,72262,72244,8,-104.146,39.3866,357.636,-40.2894,312.384,34.6067,7.3429,810.802,0.331259,0.00273953,12.4418,8.61713,5.55275,3.91688,1.98148,0.875537,0.552971,0.322566,0.115202,0.0460809,0.0230404,0.0691213,0,0.0460809,0.0460809
72267,72297,72282,7.9,-104.144,39.3832,362.677,-39.3381,312.411,37.4167,7.44738,665.011,0.267884,0.00266795,13.6248,8.69615,6.11569,4.36098,2.27081,0.928966,0.593506,0.516092,0.129023,0.0516092,0.0258046,0,0.0516092,0.0258046,0.0258046
72301,72333,72317,7.8,-104.143,39.3795,368.331,-38.4825,312.161,33.7968,7.89358,942.494,0.3582,0.00311691,12.8628,8.42997,5.40646,3.25412,1.94735,0.84556,0.179361,0.179361,0.128115,0.179361,0.102492,0.102492,0.102492,0.051246,0.025623
72334,72372,72353,7.7,-104.141,39.376,373.824,-37.68,311.91,30.5935,5.30416,351.829,0.198993,0.00156792,11.3543,7.59377,5.11913,3.37232,1.79533,0.58227,0.291135,0.19409,0.169829,0.0242613,0,0.0242613,0.0727838,0,0
72376,72409,72392,7.6,-104.139,39.3723,379.454,-36.662,311.926,30.1482,6.3165,727.84,0.345685,0.00237907,11.326,7.86299,4.60372,3.27964,1.54815,0.651854,0.325927,0.101852,0.203704,0.0814817,0,0.0203704,0.0611113,0.0407409,0.0407409
72410,72447,72428,7.5,-104.138,39.3693,384.244,-35.9276,311.778,28.3996,5.71548,545.649,0.286406,0.00192807,10.3764,7.16282,4.8591,3.00064,1.58744,0.464615,0.483974,0.116154,0.0580769,0.0774359,0.0387179,0.0774359,0.0774359,0,0.019359
72450,72486,72468,7.4,-104.137,39.3657,390.242,-35.017,311.59,31.4165,5.76615,493.635,0.256827,0.00174228,11.6927,8.07159,5.03716,3.70201,1.47676,0.728264,0.364132,0.0809182,0.0606886,0.0202295,0.0606886,0.0404591,0.0404591,0.0404591,0
