api/data/B2SAP/Locations/Boulder/NOAA-POPS-B2SAP_GMLBalloon_20210201_R0.ict
61,1001
Thornberry, T. D.
NOAA Chemical Sciences Laboratory
Portable Optical Particle Spectrometer (POPS)
Balloon Baseline Stratospheric Aerosol Profiles (B2SAP)
1,1
2021,02,01,2024,05,30
0
TIME_START,s,Seconds since midnight UTC on flight start day,Start time of 100 m altitude bin in UTC_seconds_since_midnight
28
1.0,1.0,1.0,1.0,1.0,1.0,1.0,1.0,1.0,1.0,1.0,1.0,1.0,1.0,1.0,1.0,1.0,1.0,1.0,1.0,1.0,1.0,1.0,1.0,1.0,1.0,1.0,1.0
99999,99999,99999,99999,99999,99999,99999,99999,99999,99999,99999,99999,99999,99999,99999,99999,99999,99999,99999,99999,99999,99999,99999,99999,99999,99999,99999,99999
TIME_STOP,s,End time of 100 m altitude bin in UTC seconds since midnight,
TIME_MID,s,Mid time of 100 m altitude in UTC seconds since midnight,
GPSAlt,m,GPS reported altitude above sea level (m),
GPS_Lon,deg,GPS reported longitude,
GPS_Lat,deg,GPS reported latitude,
iMet_Pressure,mb,Pressure reported (mB),
iMet_Temperature,degrees C,Ambient temperature (oC),
THETA,K,Potential temperature from iMet,
Aerosol_concentration,cm^-3,Aerosol concentration,
Surface_Area_Conc,um^2 cm^-3,Surface area concentration,
Volume_density,um^3 cm^-3,Volume density,
Effective_radius,um,Effective radius,
Extinction,km^-1,Extinction,
Bin01,cm^-3,particle concentration in size range [140 - 170 nm],
Bin02,cm^-3,particle concentration in size range [170 - 205 nm],
Bin03,cm^-3,particle concentration in size range [205 - 249 nm],
Bin04,cm^-3,particle concentration in size range [249 - 302 nm],
Bin05,cm^-3,particle concentration in size range [302 - 366 nm],
Bin06,cm^-3,particle concentration in size range [366 - 443 nm],
Bin07,cm^-3,particle concentration in size range [443 - 537 nm],
Bin08,cm^-3,particle concentration in size range [537 - 651 nm],
Bin09,cm^-3,particle concentration in size range [651 - 789 nm],
Bin10,cm^-3,particle concentration in size range [789 - 956 nm],
Bin11,cm^-3,particle concentration in size range [956 - 1159 nm],
Bin12,cm^-3,particle concentration in size range [1159 - 1404 nm],
Bin13,cm^-3,particle concentration in size range [1404 - 1702 nm],
Bin14,cm^-3,particle concentration in size range [1702 - 2062 nm],
Bin15,cm^-3,particle concentration in size range [2062 - 2500 nm],
0
19
PI_CONTACT_INFO: 325 Broadway R/CSL6, Boulder, CO 80305; troy.thornberry@noaa.gov; 303-497-3373 
PLATFORM: GML ECC/FPH balloon
LOCATION: Boulder, CO, USA
ASSOCIATED_DATA: N/A
INSTRUMENT_INFO: Printed Optical Particle Spectrometer counts particles from 140 - 2500 nm in diameter 
DATA_INFO: Particle concentrations reported in number per cubic centimeter, binned to 100 m altitude
UNCERTAINTY: Counting uncertainty dominated by air flow, less than 5 percent
ULOD_FLAG: -77777
ULOD_VALUE: 3000 ~3000 per cm3 (varies depending on flow rate- manufacturer quotes 1250  per cm3 at 1.667 cc/s)
LLOD_FLAG: -88888
LLOD_VALUE: 0 0 (varies depending on data field and measurement precision)
DM_CONTACT_INFO: Troy Thornberry, 325 Broadway R/CSL6, Boulder, CO 80305; troy.thornberry@noaa.gov; 303-497-3373
PROJECT_INFO: B2SAP Boulder, CO, USA
STIPULATIONS_ON_USE: Please contact the PIs for questions regarding applications and uncertainties
OTHER_COMMENTS: POPS bin Edges (nm):  140, 170, 205, 249, 302, 366, 443, 537, 651, 789, 956, 1159, 1404, 1702, 2062, 2500
Calculations assume sulfate refractive index of 1.45+0.00j and extinction wavelength = 532 nm
REVISION: R0
R0: QA/QC data
TIME_START,TIME_STOP,TIME_MID,GPSAlt,GPS_Lon,GPS_Lat,iMet_Pressure,iMet_Temperature,THETA,Aerosol_concentration,Surface_Area_Conc,Volume_density,Effective_radius,Extinction,Bin01,Bin02,Bin03,Bin04,Bin05,Bin06,Bin07,Bin08,Bin09,Bin10,Bin11,Bin12,Bin13,Bin14,Bin15
[from data line 475]
70946,70964,70955,4.8,-103.128,39.2184,563.355,-10.0768,309.941,9.42514,1.17815,67.9966,0.173144,0.000305391,6.00806,2.0465,0.638356,0.244077,0.225302,0.0938759,0.0563256,0.0563256,0.0187752,0.0187752,0.0187752,0,0,0,0
70965,70985,70975,4.7,-103.126,39.218,570.724,-9.24095,309.777,8.74757,0.831744,28.1476,0.101525,9.28837e-05,6.10614,1.73236,0.463106,0.240129,0.137217,0.0171521,0.0343042,0.0171521,0,0,0,0,0,0,0
70987,71005,70996,4.6,-103.124,39.2176,578.477,-8.35263,309.623,8.90278,0.909015,34.4764,0.113782,0.000151032,6.28653,1.75044,0.376439,0.112932,0.150576,0.0752878,0.150576,0,0,0,0,0,0,0,0
71006,71025,71016,4.5,-103.122,39.2174,586.173,-7.42737,309.531,9.05036,1.27537,149.863,0.352517,0.00038098,5.91539,1.99668,0.429192,0.33589,0.111963,0.0933027,0.0933027,0.0559816,0,0,0,0,0,0,0.0186605
71026,71044,71035,4.4,-103.12,39.2172,593.886,-6.50421,309.452,8.65574,1.07532,49.5365,0.1382,0.000267106,5.515,1.58907,0.486067,0.486067,0.280423,0.112169,0.0747796,0.0934745,0.0186949,0,0,0,0,0,0
71045,71062,71054,4.3,-103.118,39.2171,601.422,-5.75882,309.203,11.6761,1.68704,105.207,0.187085,0.000430166,6.02436,3.04323,1.09722,0.600366,0.45545,0.124214,0.248427,0.0414045,0,0,0,0.0414045,0,0,0
71063,71081,71072,4.2,-103.116,39.2171,608.679,-5.05611,308.948,10.9793,1.70702,105.44,0.185305,0.000563088,5.96018,2.29388,1.11753,0.47054,0.529358,0.196058,0.23527,0.117635,0,0.0392117,0.0196058,0,0,0,0
71081,71100,71090,4.1,-103.114,39.2168,616.334,-4.1705,308.868,10.3879,1.35242,61.8643,0.13723,0.000330428,6.15117,1.84358,1.02815,0.549528,0.354534,0.21272,0.177267,0.0531801,0.0177267,0,0,0,0,0,0
71101,71119,71110,4,-103.113,39.2166,624.331,-3.37316,308.648,11.637,1.63509,86.8234,0.159301,0.000397866,5.95681,2.43436,1.56758,0.737685,0.553264,0.0922107,0.184421,0.0922107,0,0,0,0.0184421,0,0,0
71120,71138,71129,3.9,-103.111,39.2164,632.13,-2.88421,308.107,10.9951,1.83206,107.344,0.175776,0.000550602,4.92373,2.12868,1.64741,0.832962,0.869982,0.222123,0.259144,0.0555308,0.0185103,0.0185103,0,0.0185103,0,0,0
71139,71159,71149,3.8,-103.11,39.2162,640.571,-2.20381,307.715,11.6737,2.16696,205.059,0.28389,0.000752189,5.23988,2.53703,1.5587,0.87884,0.679858,0.331638,0.315056,0.0663276,0.0331638,0,0.0165819,0,0,0,0.0165819
71160,71176,71168,3.7,-103.108,39.2161,648.944,-1.37059,307.521,10.6473,1.71956,89.3475,0.155879,0.000511924,4.18942,2.71802,1.59402,0.837885,0.715267,0.245235,0.183926,0.143053,0,0.0204362,0,0,0,0,0
71177,71194,71186,3.6,-103.107,39.216,656.806,-0.527778,307.414,8.76787,1.52419,86.6448,0.170539,0.000522026,3.43762,1.98919,1.66087,0.4635,0.598687,0.212437,0.270375,0.0965624,0,0.038625,0,0,0,0,0
71195,71213,71204,3.5,-103.106,39.2161,664.848,0.137333,307.091,7.30991,1.35944,73.7896,0.162839,0.0004564,2.62229,1.55481,1.1371,0.64977,0.719388,0.324885,0.162442,0.11603,0.0232061,0,0,0,0,0,0
71214,71232,71223,3.4,-103.105,39.2163,673.687,0.959474,306.858,9.31472,1.61463,89.4765,0.166249,0.000543896,3.31883,2.58539,1.41188,0.788451,0.586754,0.201697,0.256705,0.110016,0.0366721,0.0183361,0,0,0,0,0
71233,71251,71242,3.3,-103.105,39.2165,682.469,1.59895,306.441,18.6055,3.56012,228.277,0.192362,0.0013045,6.9861,4.56088,2.73291,1.4117,1.26691,0.615356,0.687751,0.199086,0.0723948,0.0361974,0,0.0361974,0,0,0
71252,71269,71260,3.2,-103.104,39.2167,691.134,2.40556,306.227,22.6486,3.98168,217.121,0.16359,0.00131166,8.13965,6.08068,3.13655,1.77032,1.88578,0.692736,0.596522,0.250155,0.057728,0.0384853,0,0,0,0,0
71270,71288,71279,3.1,-103.104,39.2169,699.969,3.22526,306.029,18.4704,3.25718,195.41,0.179981,0.00105027,7.21019,4.75836,2.48815,1.43477,1.14419,0.671983,0.472204,0.21794,0.0363234,0,0,0.0363234,0,0,0
71289,71307,71298,3,-103.103,39.217,709.024,3.94368,305.702,18.1804,3.31076,198.364,0.179745,0.00118365,7.20354,4.18852,2.76226,1.39016,1.08324,0.740213,0.451349,0.198594,0.126378,0.018054,0.018054,0,0,0,0
71308,71325,71316,2.9,-103.103,39.217,717.942,4.56167,305.291,31.748,6.01194,392.038,0.19563,0.00218551,12.022,8.06539,4.54629,2.47288,1.94026,0.97013,1.16035,0.304354,0.133155,0.0570665,0.0190222,0.0570665,0,0,0
71326,71344,71335,2.8,-103.103,39.217,726.728,5.34842,305.09,38.1085,6.71757,375.956,0.167898,0.00212482,13.8445,9.35587,6.09303,3.20876,2.72203,1.352,1.04555,0.378561,0.0360534,0.0360534,0.0360534,0,0,0,0
71346,71363,71354,2.7,-103.102,39.2171,735.559,6.15053,304.917,44.8599,8.19406,474.011,0.173544,0.00277972,16.3734,10.344,7.54585,3.88124,2.99668,1.51639,1.49834,0.505464,0.126366,0.0361046,0.0180523,0,0.0180523,0,0
71364,71382,71373,2.6,-103.102,39.2171,744.424,6.93167,304.728,44.7217,7.56535,402.394,0.159567,0.00230448,16.283,11.4207,6.93535,4.20267,3.07191,1.03653,1.22499,0.395767,0.113076,0.0188461,0.0188461,0,0,0,0
71383,71401,71392,2.5,-103.101,39.2173,753.55,7.63316,304.426,41.8564,6.75162,401.755,0.178515,0.00196362,16.4314,11.3,6.54397,2.86075,2.41376,1.03702,0.876105,0.232436,0.0893984,0.0357594,0,0,0.0178797,0.0178797,0
71402,71420,71411,2.4,-103.101,39.2178,762.911,7.68105,303.404,34.3276,5.33317,286.266,0.161029,0.00147949,13.8631,9.15285,5.44175,2.35512,1.71281,0.802881,0.713672,0.142734,0.0713672,0.0356836,0.0356836,0,0,0,0
71421,71439,71430,2.3,-103.1,39.2186,772.267,8.35579,303.079,32.6495,5.48245,337.775,0.184831,0.0016842,12.8177,8.31368,4.93124,2.58134,2.02946,0.907918,0.640884,0.284837,0.106814,0,0.0178023,0,0,0.0178023,0
71440,71459,71450,2.2,-103.099,39.2196,781.785,9.14667,302.871,34.9805,5.79381,354.505,0.183561,0.00175096,13.7647,9.19542,5.17598,2.8629,1.89596,0.777345,0.910062,0.303354,0.0568789,0,0,0.0189596,0,0.0189596,0
71460,71481,71470,2.1,-103.098,39.2205,790.208,9.77273,302.61,35.4271,5.69451,319.889,0.168525,0.00164424,14.3922,9.13354,5.65849,2.24494,1.93742,0.799569,0.984085,0.123011,0.092258,0,0.0615053,0,0,0,0
71491,71497,71494,2,-103.097,39.2215,802.693,9.61,301.084,46.8753,7.15045,370.034,0.155249,0.00209231,19.9469,12.5222,6.64898,2.77041,2.88123,0.664898,0.664898,0.664898,0,0.110816,0,0,0,0,0
71498,71515,71506,1.9,-103.097,39.2219,808.624,7.946,298.686,82.4141,11.9232,858.164,0.215923,0.00294016,38.2566,20.4875,12.266,5.2379,3.31513,1.25975,1.19345,0.331513,0,0,0,0,0,0,0.0663026
71528,71531,71530,1.8,-103.096,39.2228,819.315,7.77,297.383,102.69,13.943,640.657,0.137844,0.00318032,48.8919,23.5155,15.5642,7.44376,3.38353,1.69176,1.86094,0.169176,0,0.169176,0,0,0,0,0
72988,73518,73253,1.5,-103.095,39.2251,852.031,12.6162,299.148,103.278,13.4533,605.096,0.134933,0.00283576,48.6605,28.1261,13.8522,5.49068,4.01023,1.37859,1.17251,0.433475,0.099486,0.0260559,0.00473743,0.0142123,0.00947486,0,0
