api/data/B2SAP/Locations/Boulder/NOAA-POPS-B2SAP_GMLBalloon_20230508_R0.ict
61,1001
Thornberry, T. D.
NOAA Chemical Sciences Laboratory
Portable Optical Particle Spectrometer (POPS)
Balloon Baseline Stratospheric Aerosol Profiles (B2SAP)
1,1
2023,05,08,2024,05,28
0
TIME_START,s,Seconds since midnight UTC on flight start day,Start time of 100 m altitude bin in UTC_seconds_since_midnight
28
1.0,1.0,1.0,1.0,1.0,1.0,1.0,1.0,1.0,1.0,1.0,1.0,1.0,1.0,1.0,1.0,1.0,1.0,1.0,1.0,1.0,1.0,1.0,1.0,1.0,1.0,1.0,1.0
99999,99999,99999,99999,99999,99999,99999,99999,99999,99999,99999,99999,99999,99999,99999,99999,99999,99999,99999,99999,99999,99999,99999,99999,99999,99999,99999,99999
TIME_STOP,s,End time of 100 m altitude bin in UTC seconds since midnight,
TIME_MID,s,Mid time of 100 m altitude in UTC seconds since midnight,
GPSAlt,m,GPS reported altitude above sea level (m),
GPS_Lon,deg,GPS reported longitude,
GPS_Lat,deg,GPS reported latitude,
iMet_Pressure,mb,Pressure reported (mB),
iMet_Temperature,degrees C,Ambient temperature (oC),
THETA,K,Potential temperature from iMet,
Aerosol_concentration,cm^-3,Aerosol concentration,
Surface_Area_Conc,um^2 cm^-3,Surface area concentration,
Volume_density,um^3 cm^-3,Volume density,
Effective_radius,um,Effective radius,
Extinction,km^-1,Extinction,
Bin01,cm^-3,particle concentration in size range [140 - 170 nm],
Bin02,cm^-3,particle concentration in size range [170 - 205 nm],
Bin03,cm^-3,particle concentration in size range [205 - 249 nm],
Bin04,cm^-3,particle concentration in size range [249 - 302 nm],
Bin05,cm^-3,particle concentration in size range [302 - 366 nm],
Bin06,cm^-3,particle concentration in size range [366 - 443 nm],
Bin07,cm^-3,particle concentration in size range [443 - 537 nm],
Bin08,cm^-3,particle concentration in size range [537 - 651 nm],
Bin09,cm^-3,particle concentration in size range [651 - 789 nm],
Bin10,cm^-3,particle concentration in size range [789 - 956 nm],
Bin11,cm^-3,particle concentration in size range [956 - 1159 nm],
Bin12,cm^-3,particle concentration in size range [1159 - 1404 nm],
Bin13,cm^-3,particle concentration in size range [1404 - 1702 nm],
Bin14,cm^-3,particle concentration in size range [1702 - 2062 nm],
Bin15,cm^-3,particle concentration in size range [2062 - 2500 nm],
0
19
PI_CONTACT_INFO: 325 Broadway R/CSL6, Boulder, CO 80305; troy.thornberry@noaa.gov; 303-497-3373 
PLATFORM: GML ECC/FPH balloon
LOCATION: Boulder, CO, USA
ASSOCIATED_DATA: N/A
INSTRUMENT_INFO: Printed Optical Particle Spectrometer counts particles from 140 - 2500 nm in diameter 
DATA_INFO: Particle concentrations reported in number per cubic centimeter, binned to 100 m altitude
UNCERTAINTY: Counting uncertainty dominated by air flow, less than 5 percent
ULOD_FLAG: -77777
ULOD_VALUE: 3000 ~3000 per cm3 (varies depending on flow rate- manufacturer quotes 1250  per cm3 at 1.667 cc/s)
LLOD_FLAG: -88888
LLOD_VALUE: 0 0 (varies depending on data field and measurement precision)
DM_CONTACT_INFO: Troy Thornberry, 325 Broadway R/CSL6, Boulder, CO 80305; troy.thornberry@noaa.gov; 303-497-3373
PROJECT_INFO: B2SAP Boulder, CO, USA
STIPULATIONS_ON_USE: Please contact the PIs for questions regarding applications and uncertainties
OTHER_COMMENTS: POPS bin Edges (nm):  140, 170, 205, 249, 302, 366, 443, 537, 651, 789, 956, 1159, 1404, 1702, 2062, 2500
Calculations assume sulfate refractive index of 1.45+0.00j and extinction wavelength = 532 nm
REVISION: R0
R0: QA/QC data
TIME_START,TIME_STOP,TIME_MID,GPSAlt,GPS_Lon,GPS_Lat,iMet_Pressure,iMet_Temperature,THETA,Aerosol_concentration,Surface_Area_Conc,Volume_density,Effective_radius,Extinction,Bin01,Bin02,Bin03,Bin04,Bin05,Bin06,Bin07,Bin08,Bin09,Bin10,Bin11,Bin12,Bin13,Bin14,Bin15
[from data line 314]
67890,67890,67890,15.7,-103.725,40.2478,106.72,-58.38,407.019,2.9618,0.506958,29.6329,0.175357,0.00021624,1.85112,0.370225,0.370225,0,0,0,0.370225,0,0,0,0,0,0,0,0
67893,67896,67894,15.6,-103.724,40.2481,108.98,-57.705,405.873,3.07854,1.16853,184.108,0.472664,0.000530116,2.05236,0.51309,0.17103,0,0,0,0.17103,0,0,0,0,0.17103,0,0,0
67900,67903,67902,15.4,-103.723,40.2485,112.575,-57.22,403.027,4.17972,0.417542,13.1101,0.0941951,2.88688e-05,2.18072,1.09036,0.726907,0.181727,0,0,0,0,0,0,0,0,0,0,0
67907,67907,67907,15.2,-103.722,40.2488,115.4,-56.82,400.912,8.62673,0.920253,34.9048,0.113789,0.000142983,5.75115,2.05398,0,0.410797,0,0.410797,0,0,0,0,0,0,0,0,0
67911,67911,67911,15.1,-103.722,40.2489,117.47,-56.46,399.552,4.53176,0.461723,15.9231,0.103459,5.29303e-05,3.13737,0.697194,0.348597,0,0.348597,0,0,0,0,0,0,0,0,0,0
67915,67915,67915,15,-103.721,40.2491,119.6,-56.01,398.338,7.16833,3.11507,538.358,0.518472,0.00127105,3.795,1.265,0.843332,0,0.843332,0,0,0,0,0,0,0,0.421666,0,0
67918,67918,67918,14.9,-103.721,40.2492,121.14,-55.35,398.078,4.74596,0.827473,46.0334,0.166894,0.00031276,2.19045,1.4603,0.365074,0,0,0.365074,0.365074,0,0,0,0,0,0,0,0
67922,67926,67924,14.8,-103.72,40.2492,124.3,-54.005,397.614,3.4887,0.472517,23.4559,0.148921,0.000145919,2.49193,0.332257,0.332257,0,0,0.166128,0.166128,0,0,0,0,0,0,0,0
67929,67929,67929,14.6,-103.72,40.2492,127.01,-53.37,396.302,3.24529,0.823223,52.5129,0.191368,0.00038913,1.44235,0.721176,0,0,0,0.721176,0.360588,0,0,0,0,0,0,0,0
67932,67936,67934,14.5,-103.719,40.2491,129.66,-53.51,393.732,3.94193,0.694374,37.8751,0.163637,0.000245951,2.39944,0.514165,0,0.342777,0,0.514165,0.171388,0,0,0,0,0,0,0,0
67938,67940,67939,14.4,-103.718,40.2491,132.365,-54.095,390.378,5.67092,0.701052,34.3488,0.146988,0.000201262,3.78061,1.03108,0.171846,0.515538,0,0,0,0.171846,0,0,0,0,0,0,0
67943,67943,67943,14.3,-103.717,40.2492,134.58,-54.42,387.941,4.13043,0.579872,26.1555,0.135317,0.000136072,2.06522,1.37681,0,0,0.344203,0.344203,0,0,0,0,0,0,0,0,0
67946,67946,67946,14.2,-103.716,40.2492,136.25,-54.28,386.828,5.03389,0.502794,16.9668,0.101235,5.35381e-05,3.35593,1.00678,0.335593,0,0.335593,0,0,0,0,0,0,0,0,0,0
67950,67953,67952,14.1,-103.715,40.2492,139.305,-54.05,384.798,5.96831,0.560183,17.7634,0.0951298,4.63563e-05,4.15973,1.08515,0.361716,0.180858,0.180858,0,0,0,0,0,0,0,0,0,0
67954,67956,67955,14,-103.714,40.2492,141.25,-53.93,383.473,3.5681,0.345733,10.752,0.0932976,2.35085e-05,2.14086,0.713621,0.535215,0.178405,0,0,0,0,0,0,0,0,0,0,0
67959,67959,67959,13.9,-103.712,40.2493,143.55,-54.27,381.119,5.89658,1.06598,58.6644,0.1651,0.000384527,3.27588,0.982763,0,0.655175,0,0.655175,0.327588,0,0,0,0,0,0,0,0
67963,67963,67963,13.8,-103.711,40.2495,145.77,-54.22,379.543,4.72847,0.461824,14.6289,0.095029,3.41055e-05,3.00902,0.859721,0.429861,0.429861,0,0,0,0,0,0,0,0,0,0,0
67966,67966,67966,13.7,-103.71,40.2497,147.44,-54.57,377.709,5.84503,0.811935,36.0168,0.133078,0.000180397,3.34002,1.25251,0,0.417502,0.417502,0.417502,0,0,0,0,0,0,0,0,0
67970,67973,67972,13.6,-103.709,40.2499,150.6,-55.275,374.209,5.79083,1.09819,76.7343,0.209621,0.000543306,2.80201,1.49441,0.186801,0.934004,0,0,0,0.186801,0.186801,0,0,0,0,0,0
67974,67976,67975,13.5,-103.708,40.2501,152.595,-55.62,372.216,5.26466,1.75701,223.143,0.381005,0.000788531,2.33985,1.16992,0.389975,0.194987,0.389975,0.389975,0.194987,0,0,0,0.194987,0,0,0,0
67979,67979,67979,13.4,-103.707,40.2503,154.93,-55.69,370.489,5.00086,0.935409,51.4784,0.165099,0.000340057,1.53872,1.53872,1.15404,0,0,0.384681,0.384681,0,0,0,0,0,0,0,0
67982,67982,67982,13.3,-103.706,40.2504,156.67,-55.59,369.465,4.86346,0.615478,26.035,0.126901,0.000122961,2.61879,1.49645,0,0.374112,0,0.374112,0,0,0,0,0,0,0,0,0
67988,67988,67988,13.2,-103.704,40.2506,160.2,-55.46,367.347,7.6855,1.30855,66.5942,0.152675,0.000402395,2.68992,2.30565,1.15282,0.384275,0.384275,0.384275,0.384275,0,0,0,0,0,0,0,0
67992,67995,67994,13.1,-103.703,40.2508,163.347,-56.2833,363.937,7.26155,1.40243,80.6625,0.172549,0.000546029,3.43968,1.14656,0.89177,0.382187,0.382187,0.509583,0.382187,0.127396,0,0,0,0,0,0,0
67997,67997,67997,13,-103.701,40.2511,165.57,-56.84,361.589,6.5516,1.4054,95.8553,0.204615,0.000743363,4.09475,0.81895,0.409475,0,0,0.409475,0.409475,0.409475,0,0,0,0,0,0,0
68000,68003,68002,12.9,-103.7,40.2512,168.29,-57.255,359.226,9.49408,3.05964,367.194,0.360036,0.00156792,4.43057,1.68784,0.843918,1.0549,0.21098,0.21098,0.632939,0,0,0.21098,0,0.21098,0,0,0
68006,68009,68008,12.8,-103.697,40.2514,171.955,-58.12,355.598,8.80407,1.29752,63.3221,0.146408,0.000373581,4.93887,1.2884,1.07367,0.644201,0.214734,0.214734,0.429467,0,0,0,0,0,0,0,0
68011,68011,68011,12.7,-103.696,40.2514,174.14,-58.63,353.478,10.8824,2.07061,120.683,0.174851,0.000816304,4.27524,2.72061,1.16598,1.16598,0.388658,0.388658,0.388658,0.388658,0,0,0,0,0,0,0
68014,68016,68015,12.6,-103.694,40.2515,176.61,-58.225,352.711,15.1289,2.2635,104.239,0.138156,0.000547483,6.74982,3.95679,1.16376,1.39651,0.698257,0.931009,0.232752,0,0,0,0,0,0,0,0
68018,68021,68020,12.5,-103.692,40.2517,179.445,-58.355,350.903,11.4152,1.84863,97.6401,0.158453,0.000632871,5.70762,2.95222,0.787258,0.393629,0.393629,0.393629,0.787258,0,0,0,0,0,0,0,0
68023,68026,68024,12.4,-103.69,40.2519,182.655,-58.825,348.371,17.9732,2.43041,123.098,0.151947,0.000683719,8.63648,5.36862,1.40051,1.86735,0.233418,0,0.233418,0,0.233418,0,0,0,0,0,0
68028,68031,68030,12.3,-103.688,40.2521,185.86,-59.115,346.172,16.7051,3.31761,341.086,0.308432,0.0010048,7.63071,4.94965,1.44365,0.618706,1.23741,0.412471,0.206235,0,0,0,0,0,0.206235,0,0
68033,68036,68034,12.2,-103.686,40.2524,189.08,-59.445,343.942,19.9703,2.84392,128.48,0.135531,0.000675879,8.77816,4.82799,3.29181,1.09727,1.09727,0.219454,0.658362,0,0,0,0,0,0,0,0
68038,68038,68038,12.1,-103.684,40.2526,191.37,-59.4,342.835,17.994,4.95011,367.811,0.222911,0.0027657,7.59746,1.99933,1.99933,1.59947,1.1996,1.1996,1.59947,0,0.799733,0,0,0,0,0,0
68041,68045,68043,12,-103.682,40.2527,194.33,-59.545,341.108,21.1059,3.09743,153.506,0.148678,0.000891297,10.0598,5.91754,1.57801,1.57801,0.591754,0.789005,0.197251,0.394502,0,0,0,0,0,0,0
68046,68048,68047,11.9,-103.68,40.2528,197.315,-59.79,339.231,22.8758,3.66468,190.446,0.155904,0.00118272,10.331,6.14942,1.96781,1.96781,0.491953,0.73793,0.983907,0.245977,0,0,0,0,0,0,0
68051,68057,68054,11.8,-103.677,40.253,201.587,-59.93,336.941,22.3,4.29043,363.33,0.254051,0.00171546,12.2576,4.1351,1.6245,1.91987,1.03378,0.147682,0.443046,0.443046,0,0.147682,0,0.147682,0,0,0
68058,68060,68059,11.7,-103.674,40.2531,205.405,-59.385,335.998,20.1209,2.64429,111.813,0.126854,0.000526716,10.2891,4.34428,2.51511,1.14323,0.914586,0.685939,0.228646,0,0,0,0,0,0,0,0
68063,68063,68063,11.6,-103.672,40.2531,208.07,-58.87,335.572,15.2606,1.82672,76.0521,0.1249,0.000372999,8.52796,3.14188,2.69304,0,0.44884,0,0.44884,0,0,0,0,0,0,0,0
68065,68069,68067,11.5,-103.67,40.2532,210.833,-58.2267,335.307,20.0547,2.63943,131.364,0.149309,0.000751206,10.5551,5.57911,1.96023,0.904721,0.301574,0.150787,0.301574,0.150787,0.150787,0,0,0,0,0,0
68072,68072,68072,11.4,-103.668,40.2534,214.28,-57.48,334.915,23.6352,4.72053,532.989,0.338726,0.00148101,14.7163,4.01352,1.78379,0.891894,1.33784,0.445947,0,0,0,0,0,0.445947,0,0,0
68076,68078,68077,11.3,-103.666,40.2536,217.765,-56.955,334.191,30.8655,5.53171,304.902,0.165357,0.0019721,13.2625,7.71637,2.17023,2.17023,2.89364,0.964546,0.964546,0.72341,0,0,0,0,0,0,0
68080,68085,68082,11.2,-103.663,40.2538,221.473,-56.2233,333.713,28.4161,4.05814,189.789,0.140302,0.00104511,13.1151,8.0148,2.76875,1.60296,1.31151,0.728618,0.728618,0.145724,0,0,0,0,0,0,0
68087,68091,68089,11.1,-103.66,40.2541,226.13,-55.16,333.35,32.1193,5.32952,258.053,0.145259,0.00145487,11.6932,7.99281,5.03251,1.77618,3.70037,0.740075,1.18412,0,0,0,0,0,0,0,0
68093,68095,68094,11,-103.658,40.2543,229.68,-54.515,332.855,38.3796,7.33912,419.784,0.171594,0.00273215,15.1261,8.80472,2.93491,4.28948,4.06372,0.903048,1.35457,0.677286,0.225762,0,0,0,0,0,0
68097,68099,68098,10.9,-103.656,40.2545,232.545,-53.92,332.584,41.4113,7.56839,406.221,0.16102,0.00256056,16.1659,9.07948,4.87192,4.42901,2.87886,1.55015,1.99306,0.442901,0,0,0,0,0,0,0
68101,68105,68103,10.8,-103.653,40.2548,236.127,-53.21,332.206,47.3737,7.42201,362.86,0.146669,0.00202428,18.1707,13.1413,6.32731,3.56925,3.89373,0.811194,1.13567,0.162239,0.162239,0,0,0,0,0,0
68107,68110,68108,10.7,-103.651,40.2551,240.12,-52.625,331.492,42.455,6.49005,300.583,0.138943,0.00158054,17.5452,8.44768,6.49821,5.41518,3.0325,0.216607,1.08304,0.216607,0,0,0,0,0,0,0
68112,68116,68114,10.6,-103.649,40.2553,244.123,-51.92,330.989,31.3174,8.45271,1519.63,0.539342,0.00368306,12.4989,7.58358,4.49397,2.6683,2.24699,0.84262,0.561746,0.140437,0,0,0,0,0,0.140437,0.140437
68118,68122,68120,10.5,-103.646,40.2556,248.5,-51.0867,330.558,35.2512,5.98189,309.477,0.155207,0.00187657,14.3027,7.94596,4.47863,3.75627,2.16708,0.866832,1.30025,0.433416,0,0,0,0,0,0,0
68124,68126,68125,10.4,-103.643,40.2559,252.16,-50.425,330.157,46.3803,9.55651,715.771,0.224696,0.0035704,18.773,8.39262,6.40489,5.96318,3.09202,1.54601,1.32515,0.220858,0.220858,0.220858,0,0.220858,0,0,0
68128,68130,68129,10.3,-103.641,40.2562,255.125,-49.87,329.871,43.9149,7.52751,388.31,0.154757,0.00234847,17.0282,11.2028,6.0495,2.24056,3.58489,2.0165,1.34433,0.448111,0,0,0,0,0,0,0
68132,68137,68134,10.2,-103.639,40.2565,259.267,-48.9233,329.754,57.6121,10.7174,721.499,0.201961,0.00383681,20.0691,16.6089,9.51551,4.15222,2.94116,2.07611,1.03806,0.519028,0.346018,0.173009,0.173009,0,0,0,0
68139,68141,68140,10.1,-103.636,40.2568,263.215,-48.23,329.351,49.4886,8.59055,487.314,0.17018,0.00285383,18.9221,11.4364,8.73328,3.11903,4.1587,1.66348,0.623805,0.41587,0.207935,0.207935,0,0,0,0,0
68144,68148,68146,10,-103.634,40.2571,267.66,-47.6333,328.644,61.6249,9.85679,464.526,0.141383,0.00251532,22.1719,15.6508,9.94476,5.37995,4.89087,1.63029,1.95635,0,0,0,0,0,0,0,0
68150,68155,68152,9.9,-103.631,40.2574,272.535,-46.605,328.445,44.2445,8.85006,666.087,0.225791,0.00319281,16.0689,11.6665,5.06281,4.84269,3.9622,0.880488,0.880488,0.220122,0.220122,0.220122,0,0.220122,0,0,0
68157,68159,68158,9.8,-103.629,40.2578,276.66,-45.695,328.354,42.8669,6.58278,316.376,0.144183,0.00177911,19.6373,8.86075,5.98699,2.63428,3.35272,0.957919,1.1974,0.23948,0,0,0,0,0,0,0
68164,68164,68164,9.7,-103.627,40.2581,281.19,-45,327.836,40.3421,6.65338,334.314,0.150742,0.00179848,14.9723,6.65437,9.56565,3.32718,4.15898,1.24769,0,0,0.415898,0,0,0,0,0,0
68166,68171,68168,9.6,-103.624,40.2584,284.42,-44.3467,327.698,31.1628,5.61034,383.562,0.205101,0.00188843,14.5333,5.31025,4.61154,2.79487,2.09615,0.279487,1.11795,0.139743,0.139743,0,0.139743,0,0,0,0
68173,68175,68174,9.5,-103.622,40.2588,288.725,-43.71,327.201,27.7561,3.48967,138.929,0.119435,0.000586025,12.9969,6.38831,4.40573,2.42315,1.10143,0,0.440573,0,0,0,0,0,0,0,0
68179,68182,68180,9.4,-103.62,40.2592,293.665,-43.055,326.552,34.1991,5.69953,319.891,0.168378,0.00177802,12.0703,9.61151,5.58809,3.57638,1.11762,1.11762,0.894094,0,0,0.223524,0,0,0,0,0
68184,68189,68186,9.3,-103.617,40.2596,298.117,-42.4533,326.005,18.1726,2.94613,144.761,0.147408,0.000832426,8.47144,3.27927,1.91291,2.04954,0.956453,0.819817,0.683181,0,0,0,0,0,0,0,0
68191,68193,68192,9.2,-103.615,40.26,302.41,-41.94,325.387,21.6697,3.16356,137.456,0.130349,0.000650555,7.60746,5.30217,4.38005,2.99688,0.461058,0.461058,0.461058,0,0,0,0,0,0,0,0
68196,68198,68197,9.1,-103.613,40.2602,306.23,-41.52,324.814,17.2765,1.99607,76.7973,0.115423,0.000314034,9.44181,3.8169,2.41067,0.803558,0.401779,0.200889,0.200889,0,0,0,0,0,0,0,0
68200,68207,68204,9,-103.61,40.2607,311.33,-40.75,324.365,17.7746,2.97752,232.979,0.234738,0.000756134,8.45728,4.73034,1.57678,0.573375,1.86347,0.430031,0,0,0,0,0,0.143344,0,0,0
68208,68212,68210,8.9,-103.608,40.261,315.92,-39.9467,324.13,18.5077,3.27291,176.937,0.162184,0.00113515,9.01246,2.41405,2.89686,1.44843,0.643747,0.96562,0.96562,0.160937,0,0,0,0,0,0,0
68214,68218,68216,8.8,-103.606,40.2614,320.793,-39.0133,324.001,22.0985,3.94667,322.541,0.245174,0.00115518,10.2224,4.96088,3.30725,1.20264,1.05231,0.601319,0.601319,0,0,0,0,0,0.15033,0,0
68221,68223,68222,8.7,-103.604,40.2618,325.455,-38.105,323.918,21.1911,4.26117,354.202,0.24937,0.0013479,8.15043,5.29778,3.05641,1.83385,1.22256,0.815043,0.611282,0,0,0,0,0.203761,0,0,0
68226,68229,68228,8.6,-103.602,40.2621,329.323,-37.4433,323.739,23.6372,3.54323,162.822,0.137859,0.000857392,9.94494,6.05344,2.73846,2.16194,1.29717,0.864777,0.576518,0,0,0,0,0,0,0,0
68232,68236,68234,8.5,-103.599,40.2626,334.763,-36.7,323.246,32.535,5.6894,334.56,0.176412,0.00207357,13.7278,7.82486,4.3929,2.19645,2.05917,0.686391,1.09823,0.274557,0.137278,0.137278,0,0,0,0,0
68238,68242,68240,8.4,-103.597,40.263,339.433,-35.91,323.044,42.9615,7.55988,513.268,0.203681,0.00251913,19.3117,9.79578,4.75795,4.33813,1.81922,1.53934,0.699698,0.279879,0.13994,0.13994,0,0.13994,0,0,0
68245,68250,68248,8.3,-103.595,40.2636,344.89,-35.0167,322.78,50.6574,8.46742,501.114,0.177544,0.00236939,20.7825,11.5458,7.36048,4.32969,3.89672,1.44323,0.721615,0.432969,0,0,0.144323,0,0,0,0
68251,68256,68254,8.2,-103.593,40.2641,349.867,-34.1733,322.603,37.3341,5.73555,281.289,0.147129,0.00156299,15.512,9.46498,4.9954,3.28645,1.97187,1.18312,0.525832,0.262916,0.131458,0,0,0,0,0,0
68258,68262,68260,8.1,-103.59,40.2647,355.1,-33.37,322.32,34.223,5.04525,241.119,0.143374,0.00129664,16.0164,7.52906,4.51744,2.05338,2.32716,1.23203,0.273784,0.136892,0.136892,0,0,0,0,0,0
68266,68268,68267,8,-103.588,40.2653,360.655,-32.58,321.954,24.6805,4.09791,202.439,0.148201,0.00116956,10.9691,4.11341,3.52578,2.35052,1.76289,0.979384,0.979384,0,0,0,0,0,0,0,0
68272,68275,68274,7.9,-103.586,40.2656,365.677,-32,321.447,23.9262,4.19831,215.901,0.154277,0.00125503,9.07547,4.53774,3.57519,2.88765,2.20011,1.10006,0,0.550029,0,0,0,0,0,0,0
68277,68282,68280,7.8,-103.584,40.266,370.47,-31.2367,321.271,18.4661,2.6588,117.293,0.132345,0.000567823,7.46501,4.58378,3.14316,1.17869,1.30965,0.654826,0,0.130965,0,0,0,0,0,0,0
68286,68288,68287,7.7,-103.581,40.2664,376.58,-30.405,320.875,40.1801,6.27803,298.447,0.142615,0.0016248,15.1925,10.3949,6.59674,2.19891,3.99802,0.799605,0.599703,0.399802,0,0,0,0,0,0,0
68292,68295,68294,7.6,-103.579,40.2667,381.687,-29.9133,320.292,53.1412,9.46594,814.494,0.258134,0.00297634,21.8352,12.7591,8.68148,2.89383,3.55151,2.1046,1.0523,0.131538,0,0,0,0,0,0.131538,0
68298,68300,68299,7.5,-103.577,40.2669,386.245,-29.175,320.173,60.0648,9.32791,431.457,0.138763,0.00224176,24.6624,12.1323,8.75117,5.96671,6.36449,0.994451,0.795561,0.39778,0,0,0,0,0,0,0
68305,68310,68308,7.4,-103.575,40.2673,392.96,-28.13,319.962,54.3913,9.83554,664.949,0.20282,0.00298393,20.3307,14.654,6.86492,5.54474,3.56448,1.45219,1.32018,0.396053,0,0,0.132018,0.132018,0,0,0
68312,68312,68312,7.3,-103.574,40.2675,396.73,-27.55,319.847,60.3846,11.9769,776.385,0.19447,0.0046344,20.7456,14.4478,9.26144,6.29778,4.07503,2.96366,1.85229,0,0,0.740915,0,0,0,0,0
68318,68321,68320,7.2,-103.572,40.2678,402.663,-26.6467,319.667,54.941,9.02976,555.778,0.184649,0.00254349,23.2239,13.1381,7.96246,4.51206,3.05228,1.32708,1.06166,0.530831,0,0,0,0,0.132708,0,0
68330,68330,68330,7.1,-103.568,40.2682,411.36,-25.64,319.023,57.2474,10.5161,544.445,0.155318,0.00322785,16.0763,14.1158,11.3711,6.66579,4.31316,2.35263,1.56842,0.784211,0,0,0,0,0,0,0
68332,68337,68334,7,-103.567,40.2683,414.593,-25.35,318.677,68.9803,17.6201,1624.05,0.276511,0.00693974,19.835,14.9078,12.1284,8.71729,6.44322,2.52675,2.65309,0.50535,0.379013,0.126338,0.252675,0,0.50535,0,0
68338,68346,68342,6.9,-103.565,40.2686,421.133,-24.59,318.227,82.8629,16.7663,896.348,0.160384,0.00552807,22.6783,18.4417,12.8344,10.5915,9.71926,4.11199,3.98739,0.498424,0,0,0,0,0,0,0
68347,68352,68350,6.8,-103.563,40.2688,427.403,-23.7067,318.015,107.904,27.7243,2635.3,0.285162,0.0109101,27.9382,22.2264,18.7497,13.2862,13.0378,5.58765,5.21514,0.745019,0.37251,0,0,0.49668,0.12417,0,0.12417
