api/data/B2SAP/Locations/Boulder/NOAA-POPS-B2SAP_GMLBalloon_20240221_R0.ict
82,1001
Thornberry, T. D.
NOAA Chemical Sciences Laboratory
Portable Optical Particle Spectrometer (POPS)
Balloon Baseline Stratospheric Aerosol Profiles (B2SAP)
1,1
2024,02,21,2024,05,28
0
TIME_START,s,Seconds since midnight UTC on flight start day,Start time of 100 m altitude bin in UTC_seconds_since_midnight
49
1.0,1.0,1.0,1.0,1.0,1.0,1.0,1.0,1.0,1.0,1.0,1.0,1.0,1.0,1.0,1.0,1.0,1.0,1.0,1.0,1.0,1.0,1.0,1.0,1.0,1.0,1.0,1.0,1.0,1.0,1.0,1.0,1.0,1.0,1.0,1.0,1.0,1.0,1.0,1.0,1.0,1.0,1.0,1.0,1.0,1.0,1.0,1.0,1.0
99999,99999,99999,99999,99999,99999,99999,99999,99999,99999,99999,99999,99999,99999,99999,99999,99999,99999,99999,99999,99999,99999,99999,99999,99999,99999,99999,99999,99999,99999,99999,99999,99999,99999,99999,99999,99999,99999,99999,99999,99999,99999,99999,99999,99999,99999,99999,99999,99999
TIME_STOP,s,End time of 100 m altitude bin in UTC seconds since midnight,
TIME_MID,s,Mid time of 100 m altitude in UTC seconds since midnight,
GPSAlt,km,GPS reported altitude above sea level (km),
GPS_Lon,deg,GPS reported longitude,
GPS_Lat,deg,GPS reported latitude,
iMet_Pressure,hPa,Pressure reported (hPa),
iMet_Temperature,degrees C,Ambient temperature (oC),
THETA,K,Potential temperature from iMet,
Aerosol_concentration,cm^-3,Aerosol concentration,
Surface_Area_Conc,um^2 cm^-3,Surface area concentration,
Volume_density,um^3 cm^-3,Volume density,
Effective_radius,um,Effective radius,
Extinction,km^-1,Extinction,
Bin01,cm^-3,particle concentration in size range [140 - 146.14 nm],
Bin02,cm^-3,particle concentration in size range [146.14 - 152.56 nm],
Bin03,cm^-3,particle concentration in size range [152.56 - 159.25 nm],
Bin04,cm^-3,particle concentration in size range [159.25 - 166.24 nm],
Bin05,cm^-3,particle concentration in size range [166.24 - 173.54 nm],
Bin06,cm^-3,particle concentration in size range [173.54 - 181.16 nm],
Bin07,cm^-3,particle concentration in size range [181.16 - 189.11 nm],
Bin08,cm^-3,particle concentration in size range [189.11 - 197.41 nm],
Bin09,cm^-3,particle concentration in size range [197.41 - 206.07 nm],
Bin10,cm^-3,particle concentration in size range [206.07 - 215.12 nm],
Bin11,cm^-3,particle concentration in size range [215.12 - 224.56 nm],
Bin12,cm^-3,particle concentration in size range [224.56 - 234.41 nm],
Bin13,cm^-3,particle concentration in size range [234.41 - 244.70 nm],
Bin14,cm^-3,particle concentration in size range [244.70 - 361.30 nm],
Bin15,cm^-3,particle concentration in size range [361.30 - 472.80 nm],
Bin16,cm^-3,particle concentration in size range [472.80 - 567.00 nm],
Bin17,cm^-3,particle concentration in size range [567.00 - 610.66 nm],
Bin18,cm^-3,particle concentration in size range [610.66 - 657.69 nm],
Bin19,cm^-3,particle concentration in size range [657.69 - 708.33 nm],
Bin20,cm^-3,particle concentration in size range [708.33 - 762.88 nm],
Bin21,cm^-3,particle concentration in size range [762.88 - 821.62 nm],
Bin22,cm^-3,particle concentration in size range [821.62 - 884.89 nm],
Bin23,cm^-3,particle concentration in size range [884.89 - 953.03 nm],
Bin24,cm^-3,particle concentration in size range [953.03 - 1026.42 nm],
Bin25,cm^-3,particle concentration in size range [1026.42 - 1105.46 nm],
Bin26,cm^-3,particle concentration in size range [1105.46 - 1190.59 nm]],
[...]
LOCATION: Boulder, CO, USA
ASSOCIATED_DATA: N/A
INSTRUMENT_INFO: Printed Optical Particle Spectrometer counts particles from 140 - 2500 nm in diameter 
DATA_INFO: Particle concentrations reported in number per cubic centimeter, binned to 100 m altitude
UNCERTAINTY: Counting uncertainty dominated by air flow, less than 5 percent
ULOD_FLAG: -77777
ULOD_VALUE: 3000 ~3000 per cm3 (varies depending on flow rate- manufacturer quotes 1250  per cm3 at 1.667 cc/s)
LLOD_FLAG: -88888
LLOD_VALUE: 0 0 (varies depending on data field and measurement precision)
DM_CONTACT_INFO: Troy Thornberry, 325 Broadway R/CSL6, Boulder, CO 80305; troy.thornberry@noaa.gov; 303-497-3373
PROJECT_INFO: B2SAP Boulder, CO, USA
STIPULATIONS_ON_USE: Please contact the PIs for questions regarding applications and uncertainties
OTHER_COMMENTS: POPS bin Edges (nm):  140, 146.14, 152.56, 159.25, 166.24, 173.54, 181.16, 189.11, 197.41, 206.07, 215.12, 224.56, 234.41, 244.70, 361.30, 472.80, 567.00, 610.66, 657.69, 708.33, 762.88, 821.62, 884.89, 953.03, 1026.42, 1105.46, 1190.59, 1282.27, 1381.01, 1487.36, 1601.89, 1725.25, 1858.10, 2001.18, 2155.28, 2321.25, 2500
Calculations assume sulfate refractive index of 1.45+0.00j and extinction wavelength = 532 nm
REVISION: R0
R0: QA/QC data
TIME_START,TIME_STOP,TIME_MID,GPSAlt,GPS_Lon,GPS_Lat,iMet_Pressure,iMet_Temperature,THETA,Aerosol_concentration,Surface_Area_Conc,Volume_density,Effective_radius,Extinction,Bin01,Bin02,Bin03,Bin04,Bin05,Bin06,Bin07,Bin08,Bin09,Bin10,Bin11,Bin12,Bin13,Bin14,Bin15,Bin16,Bin17,Bin18,Bin19,Bin20,Bin21,Bin22,Bin23,Bin24,Bin25,Bin26,Bin27,Bin28,Bin29,Bin30,Bin31,Bin32,Bin33,Bin34,Bin35,Bin36
[from data line 307]
65283,65294,65288,24.8,-103.62,40.4589,26.4864,-57.46,608.693,1.63356,0.330427,17.8357,0.161933,0.000109603,0.152466,0.196027,0.0653424,0.130685,0.0653424,0.0653424,0.0217808,0.108904,0.108904,0.0871232,0.0217808,0.0217808,0.0871232,0.304931,0.130685,0.0653424,0,0,0,0,0,0,0,0,0,0,0,0,0,0,0,0,0,0,0,0
65295,65307,65301,24.7,-103.621,40.4587,26.9192,-57.3308,606.242,1.39974,0.306726,17.4225,0.170405,0.000111728,0.0985735,0.157718,0.157718,0.0591441,0.0591441,0.0197147,0.0788588,0.0788588,0,0.0985735,0.0591441,0.0197147,0,0.315435,0.138003,0.0394294,0.0197147,0,0,0,0,0,0,0,0,0,0,0,0,0,0,0,0,0,0,0
65308,65320,65314,24.6,-103.621,40.4584,27.3325,-56.8417,604.976,1.08421,0.242009,14.1035,0.17483,8.86268e-05,0.0580826,0.116165,0.116165,0.0580826,0.0580826,0.0193609,0.0580826,0.0193609,0.0580826,0.0580826,0,0.0193609,0.0387217,0.251691,0.135526,0,0,0,0.0193609,0,0,0,0,0,0,0,0,0,0,0,0,0,0,0,0,0
65321,65335,65328,24.5,-103.621,40.4582,27.7436,-57.3691,600.931,1.48395,0.417138,27.1231,0.195066,0.000190223,0.125404,0.0836029,0.104504,0.0836029,0.0418014,0.0836029,0,0.0418014,0.0627021,0.0627021,0.0209007,0.0209007,0.0418014,0.397114,0.209007,0.0418014,0.0418014,0,0.0209007,0,0,0,0,0,0,0,0,0,0,0,0,0,0,0,0,0
65335,65348,65342,24.4,-103.621,40.4583,28.1979,-57.2464,598.495,1.61642,0.402874,24.8818,0.185282,0.00017238,0.0646567,0.0646567,0.177806,0.113149,0.0484925,0.113149,0.0646567,0.113149,0.0969851,0.0484925,0.0484925,0.0323284,0,0.355612,0.145478,0.0808209,0.0484925,0,0,0,0,0,0,0,0,0,0,0,0,0,0,0,0,0,0,0
65349,65363,65356,24.3,-103.622,40.4585,28.6493,-58.354,592.721,2.13203,0.621797,44.6179,0.215269,0.000329224,0.270258,0.1051,0.120114,0.1051,0.0900859,0.0600572,0.0750716,0.0450429,0.120114,0.0600572,0.0750716,0.120114,0.0600572,0.375358,0.225215,0.120114,0,0.0450429,0.0450429,0,0.0150143,0,0,0,0,0,0,0,0,0,0,0,0,0,0,0
65364,65377,65370,24.2,-103.622,40.4585,29.1057,-58.0429,590.909,1.66353,0.491031,33.9373,0.207343,0.000252562,0.111968,0.17595,0.0799773,0.0639819,0.111968,0.0799773,0.0479864,0.111968,0.0639819,0,0.0479864,0.0319909,0.0159955,0.319909,0.191946,0.159955,0,0.0159955,0.0319909,0,0,0,0,0,0,0,0,0,0,0,0,0,0,0,0,0
65379,65393,65386,24.1,-103.622,40.4585,29.5656,-58.0213,588.328,1.65518,0.358951,20.2179,0.168974,0.000128973,0.171226,0.114151,0.156957,0.085613,0.0428065,0.0570753,0.0713442,0.0713442,0.0998818,0.0570753,0.0570753,0.085613,0.0428065,0.299645,0.171226,0.0570753,0.0142688,0,0,0,0,0,0,0,0,0,0,0,0,0,0,0,0,0,0,0
65395,65409,65402,24,-103.622,40.4585,30.06,-58.3137,584.746,2.05035,0.538352,34.7315,0.193544,0.000241207,0.173269,0.115513,0.173269,0.115513,0.0721955,0.0866346,0.15883,0.0721955,0.0288782,0.0721955,0.0144391,0.0577564,0.0721955,0.433173,0.245465,0.115513,0.0288782,0,0,0,0.0144391,0,0,0,0,0,0,0,0,0,0,0,0,0,0,0
65410,65424,65417,23.9,-103.622,40.4587,30.5136,-58.62,581.42,2.06125,0.534432,34.5558,0.193977,0.000248296,0.213233,0.124386,0.0710778,0.106617,0.0888472,0.106617,0.124386,0.0533083,0.142156,0.0177694,0.0533083,0.142156,0.0533083,0.408697,0.159925,0.124386,0.0177694,0.0533083,0,0,0,0,0,0,0,0,0,0,0,0,0,0,0,0,0,0
65424,65438,65431,23.8,-103.622,40.459,30.9967,-58.6853,578.641,1.62965,0.318542,17.6805,0.166513,0.000112947,0.149661,0.0831452,0.199549,0.133032,0.133032,0.133032,0.0498871,0.0831452,0.0498871,0.0498871,0.0498871,0.0332581,0.0498871,0.249436,0.0997743,0.0665162,0.016629,0,0,0,0,0,0,0,0,0,0,0,0,0,0,0,0,0,0,0
65440,65453,65446,23.7,-103.622,40.4594,31.4564,-58.3486,577.116,2.01064,0.558195,39.7488,0.213629,0.000293836,0.231312,0.142346,0.160139,0.071173,0.142346,0.10676,0.071173,0.071173,0.071173,0.0355865,0.071173,0.0533798,0.0533798,0.320279,0.213519,0.0889663,0.0355865,0.0177933,0.0177933,0.0355865,0,0,0,0,0,0,0,0,0,0,0,0,0,0,0,0
65454,65469,65462,23.6,-103.622,40.46,31.9653,-59.1047,572.455,1.92803,0.572749,42.3348,0.221745,0.000305408,0.249315,0.116347,0.16621,0.0831048,0.0831048,0.0831048,0.0831048,0.0664839,0.0498629,0.0332419,0.0498629,0.0332419,0.016621,0.382282,0.232694,0.0831048,0.0498629,0.0498629,0,0,0,0,0.016621,0,0,0,0,0,0,0,0,0,0,0,0,0
65470,65483,65476,23.5,-103.622,40.4606,32.4877,-58.8308,570.534,1.91838,0.352504,18.1919,0.154823,0.000106956,0.172654,0.115103,0.268573,0.134287,0.115103,0.134287,0.172654,0.0959191,0,0.0767353,0.0383676,0.0383676,0.0575515,0.268573,0.191838,0.0383676,0,0,0,0,0,0,0,0,0,0,0,0,0,0,0,0,0,0,0,0
65485,65499,65492,23.4,-103.622,40.4608,32.9881,-59.2437,566.961,1.9309,0.43577,26.6091,0.183186,0.000183013,0.0941901,0.204079,0.156984,0.0627934,0.219777,0.18838,0.0941901,0.0470951,0.0470951,0.0784918,0,0.0470951,0,0.470951,0.0784918,0.0784918,0.0313967,0.0313967,0,0,0,0,0,0,0,0,0,0,0,0,0,0,0,0,0,0
65500,65514,65507,23.3,-103.622,40.4611,33.5093,-58.2427,567.066,2.15993,0.559376,38.3446,0.205647,0.000278635,0.166148,0.215993,0.0996889,0.132919,0.199378,0.149533,0.116304,0.0830741,0.116304,0.0830741,0.0332296,0.0332296,0.0332296,0.249222,0.282452,0.0664593,0.0332296,0.0166148,0.0332296,0.0166148,0,0,0,0,0,0,0,0,0,0,0,0,0,0,0,0
65516,65530,65523,23.2,-103.622,40.4616,34.0456,-57.9462,565.277,2.21317,0.47349,27.6812,0.175386,0.000183712,0.171443,0.280543,0.1091,0.202614,0.171443,0.1091,0.0779286,0.0623428,0.0935143,0.0311714,0.0935143,0.0623428,0.0467571,0.420814,0.155857,0.0779286,0.0311714,0.0155857,0,0,0,0,0,0,0,0,0,0,0,0,0,0,0,0,0,0
65531,65545,65538,23.1,-103.623,40.4621,34.582,-57.2453,564.59,2.16648,0.628976,42.218,0.201365,0.000308227,0.181918,0.08269,0.198456,0.16538,0.099228,0.08269,0.066152,0.115766,0.033076,0.049614,0.016538,0,0.099228,0.463064,0.264608,0.198456,0.016538,0,0.033076,0,0,0,0,0,0,0,0,0,0,0,0,0,0,0,0,0
65546,65561,65554,23,-103.624,40.4628,35.1127,-57.0887,562.55,2.31649,0.560086,37.3022,0.199803,0.000260773,0.264742,0.198556,0.115824,0.0992781,0.148917,0.18201,0.0827318,0.0827318,0.0827318,0.115824,0.0661854,0.0992781,0.0992781,0.297834,0.215103,0.0827318,0.0330927,0,0.0330927,0,0.0165464,0,0,0,0,0,0,0,0,0,0,0,0,0,0,0
65562,65577,65570,22.9,-103.625,40.4632,35.6737,-56.74,560.909,2.26288,0.648128,45.4125,0.210201,0.000333981,0.309984,0.108494,0.0619968,0.0929952,0.154992,0.077496,0.154992,0.0464976,0.0619968,0.0929952,0.0929952,0.0619968,0.0619968,0.38748,0.263486,0.108494,0.0619968,0.0309984,0.0154992,0,0.0154992,0,0,0,0,0,0,0,0,0,0,0,0,0,0,0
65578,65593,65586,22.8,-103.625,40.4633,36.2287,-57.0033,557.765,2.27428,0.704188,49.7504,0.211948,0.000381577,0.0996033,0.132804,0.199207,0.0830028,0.132804,0.116204,0.0830028,0.116204,0.0830028,0.0996033,0.0996033,0.0996033,0.0332011,0.315411,0.199207,0.265609,0.0996033,0,0.0166006,0,0,0,0,0,0,0,0,0,0,0,0,0,0,0,0,0
65593,65609,65601,22.7,-103.626,40.4631,36.7837,-55.8344,558.348,2.3978,0.58563,36.955,0.189309,0.000255961,0.170167,0.154697,0.201106,0.154697,0.170167,0.0773484,0.123757,0.108288,0.0928181,0.123757,0.0928181,0.0309394,0.0773484,0.386742,0.278454,0.0928181,0.0154697,0.0154697,0.0309394,0,0,0,0,0,0,0,0,0,0,0,0,0,0,0,0,0
65610,65626,65618,22.6,-103.626,40.4628,37.3607,-55.9064,555.687,2.27847,0.570377,36.5545,0.192265,0.000259015,0.105975,0.300264,0.123638,0.158963,0.176626,0.0883129,0.123638,0.123638,0.0176626,0.105975,0.0176626,0.0353252,0.0353252,0.47689,0.194288,0.123638,0.0353252,0.0176626,0.0176626,0,0,0,0,0,0,0,0,0,0,0,0,0,0,0,0,0
65628,65640,65634,22.5,-103.627,40.4626,37.91,-57.235,549.989,2.56695,0.693955,48.628,0.210221,0.000349775,0.278344,0.247417,0.154635,0.123708,0.185562,0.0927812,0.0618541,0.0618541,0.0927812,0.0927812,0.0618541,0.154635,0.0309271,0.432979,0.247417,0.154635,0.0309271,0,0.0309271,0,0.0309271,0,0,0,0,0,0,0,0,0,0,0,0,0,0,0
65644,65659,65652,22.4,-103.626,40.4627,38.58,-57.3257,547.015,2.41161,0.629726,40.8898,0.194798,0.000288352,0.283718,0.106394,0.141859,0.248253,0.0354648,0.0709296,0.0709296,0.106394,0.106394,0,0.106394,0.0709296,0.141859,0.461042,0.283718,0.106394,0,0.0354648,0.0354648,0,0,0,0,0,0,0,0,0,0,0,0,0,0,0,0,0
65662,65677,65670,22.3,-103.626,40.463,39.2221,-57.6714,543.571,2.20522,0.549395,33.9929,0.18562,0.000235459,0.213408,0.160056,0.08892,0.17784,0.195624,0.053352,0.124488,0.08892,0.08892,0.035568,0.053352,0.071136,0.035568,0.337896,0.35568,0.071136,0.035568,0.017784,0,0,0,0,0,0,0,0,0,0,0,0,0,0,0,0,0,0
65678,65694,65686,22.2,-103.626,40.4631,39.7806,-58.3575,539.652,2.22797,0.719199,55.6837,0.232274,0.000431218,0.140222,0.0311605,0.218123,0.186963,0.124642,0.155802,0.124642,0.140222,0.0934814,0.062321,0.062321,0,0.0311605,0.311605,0.218123,0.140222,0.0467407,0.062321,0.0467407,0.0155802,0.0155802,0,0,0,0,0,0,0,0,0,0,0,0,0,0,0
65696,65712,65704,22.1,-103.625,40.4629,40.426,-58.278,537.376,2.51845,0.601186,36.5063,0.182171,0.000249691,0.21682,0.183463,0.183463,0.133428,0.0833923,0.116749,0.100071,0.150106,0.100071,0.100071,0.0667138,0.0667138,0.100071,0.550389,0.166785,0.133428,0.0667138,0,0,0,0,0,0,0,0,0,0,0,0,0,0,0,0,0,0,0
65714,65730,65722,22,-103.625,40.4627,41.042,-58.4093,534.734,2.26688,0.806024,61.2291,0.227893,0.000477636,0.18335,0.100009,0.166682,0.0166682,0.116678,0.116678,0.100009,0.0166682,0.133346,0.0666729,0.0500047,0.100009,0.0333365,0.383369,0.300028,0.200019,0.0666729,0.0500047,0.0500047,0.0166682,0,0,0,0,0,0,0,0,0,0,0,0,0,0,0,0
65732,65748,65740,21.9,-103.625,40.4623,41.7213,-58.17,532.822,2.96514,0.765479,48.7105,0.190902,0.000346065,0.251283,0.234531,0.134017,0.134017,0.134017,0.0837609,0.167522,0.184274,0.0670087,0.184274,0.117265,0.0837609,0.117265,0.502566,0.301539,0.167522,0.0837609,0.0167522,0,0,0,0,0,0,0,0,0,0,0,0,0,0,0,0,0,0
65749,65765,65757,21.8,-103.624,40.4619,42.3469,-57.85,531.352,2.56615,0.73504,51.0063,0.208178,0.000375712,0.172354,0.248955,0.153203,0.172354,0.153203,0.0574512,0.0957521,0.0766016,0.114902,0.0383008,0.0766016,0.0574512,0.0766016,0.555362,0.210655,0.191504,0.0574512,0.0383008,0,0,0.0191504,0,0,0,0,0,0,0,0,0,0,0,0,0,0,0
65766,65783,65774,21.7,-103.623,40.4618,43.0429,-57.9059,528.744,2.56556,0.727386,51.4471,0.212186,0.000377553,0.205245,0.234565,0.175924,0.102622,0.263886,0.102622,0.087962,0.0733016,0.102622,0.0146603,0.043981,0.0586413,0.087962,0.483791,0.234565,0.205245,0.0146603,0,0.043981,0.0146603,0.0146603,0,0,0,0,0,0,0,0,0,0,0,0,0,0,0
65784,65801,65792,21.6,-103.623,40.4622,43.7506,-58.6212,524.541,2.83583,0.875971,63.3099,0.216822,0.000480671,0.220401,0.176321,0.176321,0.102854,0.191015,0.161628,0.205708,0.0293869,0.0440803,0.132241,0.102854,0.0440803,0.0587737,0.51427,0.293869,0.205708,0.0587737,0.0440803,0.0734671,0,0,0,0,0,0,0,0,0,0,0,0,0,0,0,0,0
65802,65821,65812,21.5,-103.623,40.463,44.4516,-58.3047,522.931,2.71633,0.898854,68.3127,0.227999,0.000516358,0.131224,0.170591,0.196836,0.196836,0.131224,0.157469,0.104979,0.118101,0.0393671,0.0787343,0.0918567,0.0656119,0.0524895,0.472406,0.314937,0.196836,0.0918567,0.0131224,0.0656119,0,0.0131224,0.0131224,0,0,0,0,0,0,0,0,0,0,0,0,0,0
65822,65838,65830,21.4,-103.623,40.4638,45.1665,-57.8812,521.582,3.14037,0.835675,56.3125,0.202157,0.000395952,0.0880477,0.308167,0.220119,0.322841,0.176095,0.132071,0.073373,0.102722,0.146746,0.0880477,0.0880477,0.0880477,0.0440238,0.719056,0.264143,0.19077,0,0.0293492,0.0440238,0,0,0.0146746,0,0,0,0,0,0,0,0,0,0,0,0,0,0
65840,65855,65848,21.3,-103.623,40.4642,45.8612,-57.5871,520.023,2.61411,0.793059,55.6176,0.210392,0.000412736,0.190918,0.249662,0.0881161,0.0881161,0.14686,0.205604,0.132174,0.058744,0,0.029372,0.102802,0.044058,0.0881161,0.58744,0.279034,0.190918,0.0734301,0.029372,0.014686,0,0.014686,0,0,0,0,0,0,0,0,0,0,0,0,0,0,0
65857,65874,65866,21.2,-103.623,40.4642,46.4907,-57.5327,518.129,2.80889,0.754283,48.9295,0.194607,0.000350279,0.232689,0.149586,0.282551,0.132965,0.0997238,0.149586,0.132965,0.116344,0.0332413,0.116344,0.0664825,0.116344,0.0831032,0.481998,0.365654,0.166206,0.0498619,0.0166206,0.0166206,0,0,0,0,0,0,0,0,0,0,0,0,0,0,0,0,0
65876,65893,65884,21.1,-103.624,40.4638,47.3647,-56.7935,517.145,2.61356,0.663094,42.3977,0.191818,0.000299683,0.102206,0.306619,0.219014,0.146009,0.0730046,0.146009,0.175211,0.116807,0.0876055,0.0292018,0.146009,0.0438027,0.0438027,0.496431,0.277417,0.116807,0.0438027,0.0292018,0.0146009,0,0,0,0,0,0,0,0,0,0,0,0,0,0,0,0,0
65894,65911,65902,21,-103.624,40.4632,48.0776,-56.5029,515.632,2.66543,0.729839,50.6115,0.208039,0.000376616,0.189348,0.218478,0.174782,0.203913,0.116522,0.203913,0.0291304,0.189348,0.116522,0.0582608,0.0582608,0.0873912,0.0436956,0.466086,0.218478,0.160217,0.0145652,0.072826,0.0436956,0,0,0,0,0,0,0,0,0,0,0,0,0,0,0,0,0
65912,65929,65920,20.9,-103.623,40.4626,48.8253,-56.5576,513.238,2.74198,0.850597,66.8467,0.235764,0.000490456,0.20419,0.189605,0.20419,0.17502,0.20419,0.11668,0.0875099,0.0729249,0.0583399,0.0729249,0.131265,0.11668,0.11668,0.422964,0.23336,0.11668,0.0729249,0.014585,0.102095,0,0,0.014585,0.014585,0,0,0,0,0,0,0,0,0,0,0,0,0
65930,65949,65940,20.8,-103.623,40.4621,49.5839,-58.4828,506.442,2.91437,0.866339,61.1121,0.211622,0.000462396,0.222047,0.166536,0.235925,0.222047,0.0971457,0.0971457,0.0832678,0.111024,0.13878,0.0832678,0.0832678,0.0555119,0.124902,0.582874,0.194291,0.263681,0.0555119,0.0555119,0.0416339,0,0,0,0,0,0,0,0,0,0,0,0,0,0,0,0,0
65950,65968,65959,20.7,-103.622,40.4614,50.3928,-59.6244,501.423,2.96211,0.82101,54.0574,0.197527,0.000385403,0.105253,0.210505,0.195469,0.180433,0.195469,0.120289,0.135325,0.135325,0.135325,0.0902165,0.0601443,0.0751804,0.0451082,0.661588,0.360866,0.150361,0.0451082,0.0150361,0.0451082,0,0,0,0,0,0,0,0,0,0,0,0,0,0,0,0,0
65969,65988,65978,20.6,-103.62,40.461,51.2453,-61.3007,495.109,3.53382,0.937832,62.4152,0.199658,0.000440877,0.167392,0.371981,0.20459,0.185991,0.148792,0.20459,0.0929953,0.223189,0.167392,0.0557972,0.0743962,0.148792,0.0557972,0.836958,0.297585,0.167392,0.0371981,0.0371981,0.0371981,0,0.0185991,0,0,0,0,0,0,0,0,0,0,0,0,0,0,0
65988,66004,65996,20.5,-103.62,40.461,51.91,-60.8283,494.388,3.14531,0.642364,35.0054,0.163484,0.000210104,0.138764,0.2544,0.231273,0.138764,0.277527,0.208145,0.185018,0.115636,0.138764,0.138764,0.0462545,0.0462545,0.161891,0.786327,0.185018,0.0462545,0.0231273,0,0.0231273,0,0,0,0,0,0,0,0,0,0,0,0,0,0,0,0,0
66010,66028,66019,20.4,-103.619,40.461,52.9193,-60.0167,493.554,2.81375,0.855977,63.7084,0.223283,0.000467023,0.166603,0.148092,0.203626,0.259161,0.185115,0.222138,0.0185115,0.0555344,0.0740459,0.0555344,0.0925574,0.0925574,0.12958,0.481299,0.296184,0.148092,0.0740459,0.0555344,0.037023,0,0,0,0.0185115,0,0,0,0,0,0,0,0,0,0,0,0,0
66030,66047,66038,20.3,-103.618,40.4611,53.708,-59.8313,491.897,3.36137,0.953401,65.4421,0.205922,0.000482032,0.367362,0.146945,0.202049,0.128577,0.165313,0.110209,0.165313,0.165313,0.0918406,0.110209,0.146945,0.146945,0.0734725,0.661252,0.312258,0.202049,0.0551044,0.0551044,0.0551044,0,0,0,0,0,0,0,0,0,0,0,0,0,0,0,0,0
66048,66069,66058,20.2,-103.618,40.4614,54.59,-60.1283,488.93,3.32127,0.978977,72.7461,0.222925,0.000553159,0.215268,0.307525,0.307525,0.184515,0.184515,0.169139,0.169139,0.107634,0.0768813,0.138386,0.0768813,0.0922575,0.0461288,0.61505,0.199891,0.153763,0.107634,0.0307525,0.138386,0,0,0,0,0,0,0,0,0,0,0,0,0,0,0,0,0
66069,66088,66078,20.1,-103.618,40.4614,55.4375,-59.3275,488.612,2.79989,0.844025,60.7228,0.215833,0.000443733,0.193096,0.151718,0.151718,0.193096,0.151718,0.124133,0.124133,0.151718,0.0689627,0.0551702,0.0551702,0.0965478,0.165511,0.441362,0.372399,0.165511,0.0551702,0.0275851,0.0275851,0,0.0137925,0.0137925,0,0,0,0,0,0,0,0,0,0,0,0,0,0
66090,66108,66099,20,-103.617,40.4612,56.3274,-59.4321,486.164,2.99331,0.957822,76.9361,0.240972,0.000574856,0.203429,0.247021,0.23249,0.116245,0.188898,0.174368,0.101715,0.130776,0.130776,0.0871839,0.0726533,0.116245,0.0871839,0.45045,0.290613,0.130776,0.0290613,0.0290613,0.0871839,0.0290613,0.043592,0.0145307,0,0,0,0,0,0,0,0,0,0,0,0,0,0
