api/data/B2SAP/Locations/Boulder/NOAA-POPS-B2SAP_GMLBalloon_20221121_R0.ict
61,1001
Thornberry, T. D.
NOAA Chemical Sciences Laboratory
Portable Optical Particle Spectrometer (POPS)
Balloon Baseline Stratospheric Aerosol Profiles (B2SAP)
1,1
2022,11,21,2024,05,30
0
TIME_START,s,Seconds since midnight UTC on flight start day,Start time of 100 m altitude bin in UTC_seconds_since_midnight
28
1.0,1.0,1.0,1.0,1.0,1.0,1.0,1.0,1.0,1.0,1.0,1.0,1.0,1.0,1.0,1.0,1.0,1.0,1.0,1.0,1.0,1.0,1.0,1.0,1.0,1.0,1.0,1.0
99999,99999,99999,99999,99999,99999,99999,99999,99999,99999,99999,99999,99999,99999,99999,99999,99999,99999,99999,99999,99999,99999,99999,99999,99999,99999,99999,99999
TIME_STOP,s,End time of 100 m altitude bin in UTC seconds since midnight,
TIME_MID,s,Mid time of 100 m altitude in UTC seconds since midnight,
GPSAlt,m,GPS reported altitude above sea level (m),
GPS_Lon,deg,GPS reported longitude,
GPS_Lat,deg,GPS reported latitude,
iMet_Pressure,mb,Pressure reported (mB),
iMet_Temperature,degrees C,Ambient temperature (oC),
THETA,K,Potential temperature from iMet,
Aerosol_concentration,cm^-3,Aerosol concentration,
Surface_Area_Conc,um^2 cm^-3,Surface area concentration,
Volume_density,um^3 cm^-3,Volume density,
Effective_radius,um,Effective radius,
Extinction,km^-1,Extinction,
Bin01,cm^-3,particle concentration in size range [140 - 170 nm],
Bin02,cm^-3,particle concentration in size range [170 - 205 nm],
Bin03,cm^-3,particle concentration in size range [205 - 249 nm],
Bin04,cm^-3,particle concentration in size range [249 - 302 nm],
Bin05,cm^-3,particle concentration in size range [302 - 366 nm],
Bin06,cm^-3,particle concentration in size range [366 - 443 nm],
Bin07,cm^-3,particle concentration in size range [443 - 537 nm],
Bin08,cm^-3,particle concentration in size range [537 - 651 nm],
Bin09,cm^-3,particle concentration in size range [651 - 789 nm],
Bin10,cm^-3,particle concentration in size range [789 - 956 nm],
Bin11,cm^-3,particle concentration in size range [956 - 1159 nm],
Bin12,cm^-3,particle concentration in size range [1159 - 1404 nm],
Bin13,cm^-3,particle concentration in size range [1404 - 1702 nm],
Bin14,cm^-3,particle concentration in size range [1702 - 2062 nm],
Bin15,cm^-3,particle concentration in size range [2062 - 2500 nm],
0
19
PI_CONTACT_INFO: 325 Broadway R/CSL6, Boulder, CO 80305; troy.thornberry@noaa.gov; 303-497-3373 
PLATFORM: GML ECC/FPH balloon
LOCATION: Boulder, CO, USA
ASSOCIATED_DATA: N/A
INSTRUMENT_INFO: Printed Optical Particle Spectrometer counts particles from 140 - 2500 nm in diameter 
DATA_INFO: Particle concentrations reported in number per cubic centimeter, binned to 100 m altitude
UNCERTAINTY: Counting uncertainty dominated by air flow, less than 5 percent
ULOD_FLAG: -77777
ULOD_VALUE: 3000 ~3000 per cm3 (varies depending on flow rate- manufacturer quotes 1250  per cm3 at 1.667 cc/s)
LLOD_FLAG: -88888
LLOD_VALUE: 0 0 (varies depending on data field and measurement precision)
DM_CONTACT_INFO: Troy Thornberry, 325 Broadway R/CSL6, Boulder, CO 80305; troy.thornberry@noaa.gov; 303-497-3373
PROJECT_INFO: B2SAP Boulder, CO, USA
STIPULATIONS_ON_USE: Please contact the PIs for questions regarding applications and uncertainties
OTHER_COMMENTS: POPS bin Edges (nm):  140, 170, 205, 249, 302, 366, 443, 537, 651, 789, 956, 1159, 1404, 1702, 2062, 2500
Calculations assume sulfate refractive index of 1.45+0.00j and extinction wavelength = 532 nm
REVISION: R0
R0: QA/QC data
TIME_START,TIME_STOP,TIME_MID,GPSAlt,GPS_Lon,GPS_Lat,iMet_Pressure,iMet_Temperature,THETA,Aerosol_concentration,Surface_Area_Conc,Volume_density,Effective_radius,Extinction,Bin01,Bin02,Bin03,Bin04,Bin05,Bin06,Bin07,Bin08,Bin09,Bin10,Bin11,Bin12,Bin13,Bin14,Bin15
60753,61369,61061,1.8,-105.197,39.9492,827.569,4.38884,292.958,147.804,24.4907,1647.8,0.201848,0.00700845,59.6399,36.3823,22.466,12.2913,9.54139,3.5999,2.63326,0.658314,0.183328,0.149996,0.0583316,0.0666647,0.0749978,0,0.0583316
61370,61393,61382,1.9,-105.198,39.9496,816.282,3.94167,293.641,124.23,21.1215,1489.38,0.211545,0.00618826,47.8429,30.9228,19.5381,11.295,8.48246,2.88733,2.13932,0.553529,0.254324,0.0897615,0.0448807,0.0448807,0.0448807,0.0448807,0.0448807
61394,61414,61404,2,-105.198,39.9501,805.874,5.27952,296.141,47.9245,8.65551,775.389,0.26875,0.00302235,21.3891,11.2673,6.00125,3.33403,2.95788,1.19683,1.16263,0.307756,0.170976,0.0512927,0,0,0.0170976,0.0170976,0.0512927
61415,61435,61425,2.1,-105.199,39.951,795.938,4.79857,296.676,52.4649,8.55908,501.57,0.175803,0.00258931,23.4135,12.0516,7.15509,3.55168,3.13789,1.25861,1.34481,0.344824,0.0517235,0.0689647,0.0517235,0,0.0344824,0,0
61436,61455,61446,2.2,-105.199,39.9519,785.598,4.2945,297.247,49.1632,8.1525,508.767,0.187219,0.00252911,21.2583,12.354,5.96026,3.46779,3.23299,1.17399,1.06562,0.433474,0.12643,0.0180614,0.0180614,0,0.0361228,0.0180614,0
61456,61475,61466,2.3,-105.2,39.953,776.117,3.9535,297.918,44.3723,6.75553,345.905,0.15361,0.00189794,20.1033,11.0116,5.28845,2.87967,2.69856,0.978001,1.01422,0.271667,0.0905556,0.0181111,0,0.0181111,0,0,0
61476,61496,61486,2.4,-105.2,39.9542,766.579,3.12667,298.077,44.3107,7.69401,539.556,0.21038,0.00254414,19.5367,10.9226,5.47854,3.0666,2.49808,1.18874,0.930318,0.396247,0.0861405,0.0861405,0.0344562,0,0.0689124,0.0172281,0
61497,61516,61506,2.5,-105.2,39.9556,757.233,2.5835,298.533,40.363,7.12642,570.547,0.240182,0.00242781,17.9916,9.66823,5.3248,2.58062,2.41706,0.817802,1.05406,0.236254,0.0726935,0.0908668,0.0545201,0,0.0181734,0.0181734,0.0181734
61517,61534,61526,2.6,-105.2,39.9565,748.001,2.01389,298.966,36.9546,6.03602,348.776,0.173347,0.00182301,16.4445,8.92008,4.47015,2.44746,2.36655,0.930439,0.930439,0.323631,0.0606808,0,0.0202269,0.0202269,0.0202269,0,0
61535,61554,61544,2.7,-105.2,39.9574,738.609,1.6075,299.605,27.4927,4.71021,321.319,0.204653,0.00162546,12.6721,6.08117,3.76887,1.72967,1.36553,0.673662,0.801112,0.273106,0,0.0910355,0,0.0182071,0,0.0182071,0
61555,61574,61564,2.8,-105.199,39.9586,729.419,1.6425,300.714,27.286,4.55245,251.386,0.16566,0.00144617,12.1251,6.03512,3.40161,1.97513,1.82882,0.768106,0.82297,0.237747,0.0548647,0.0182882,0,0.0182882,0,0,0
61575,61594,61584,2.9,-105.199,39.9594,720.385,1.4235,301.545,22.8929,3.94666,292.056,0.222003,0.00128112,10.7103,5.15274,2.7972,1.49062,1.28819,0.680898,0.478469,0.165624,0.0368053,0.0184027,0.0368053,0,0.0184027,0.0184027,0
61595,61613,61604,3,-105.197,39.9597,711.417,0.907368,302.063,20.3624,3.87013,296.854,0.230111,0.00146265,8.71027,5.07619,2.4035,1.19213,1.4421,0.365331,0.807575,0.211508,0.0576839,0.0384559,0,0.0384559,0,0.019228,0
61614,61633,61624,3.1,-105.196,39.96,702.705,0.095,302.227,18.8109,3.54714,314.065,0.265621,0.00131281,8.46856,4.2802,2.44321,1.21242,1.04709,0.495989,0.495989,0.22044,0.0734799,0.01837,0.01837,0,0.01837,0,0.01837
61634,61653,61644,3.2,-105.195,39.9602,693.918,-0.086,303.111,14.8392,2.60265,157.616,0.181679,0.000922149,6.33872,3.44416,2.27168,0.824401,0.806081,0.3664,0.53128,0.1832,0.01832,0.03664,0.01832,0,0,0,0
61654,61675,61664,3.3,-105.194,39.9601,685.336,0.136364,304.443,15.4785,2.37472,133.24,0.168323,0.00068207,7.28006,3.94059,1.71983,0.851567,0.751383,0.45083,0.350645,0.083487,0.0166974,0.0166974,0,0,0.0166974,0,0
61676,61696,61686,3.4,-105.193,39.96,676.828,-0.555714,304.757,15.5653,2.51071,156.831,0.187394,0.000763151,7.31763,3.5623,2.01805,1.0178,0.772124,0.368514,0.350965,0.0350965,0.0701931,0.0175483,0,0.0175483,0.0175483,0,0
61697,61716,61706,3.5,-105.192,39.9597,668.058,-1.132,305.245,14.5408,2.16862,107.212,0.148314,0.000624674,6.75372,3.70901,1.73456,0.867281,0.572036,0.350603,0.405961,0.129169,0.0184528,0,0,0,0,0,0
61717,61736,61726,3.6,-105.191,39.9592,659.884,-1.184,306.264,13.2845,2.33593,291.824,0.374785,0.000731869,6.65146,2.78219,1.67668,0.847554,0.847554,0.294801,0.128976,0.0184251,0,0,0,0,0,0,0.0368502
61737,61756,61746,3.7,-105.189,39.9586,651.863,-1.45632,307.031,12.0444,1.99413,110.577,0.166354,0.000682489,5.20628,2.95281,1.74838,0.718777,0.543939,0.310822,0.369102,0.116558,0.0582792,0.0194264,0,0,0,0,0
61757,61774,61766,3.8,-105.188,39.9579,643.571,-2.09444,307.429,10.8828,1.71994,107.6,0.187682,0.00057063,5.77957,2.15197,1.29118,0.635343,0.368909,0.245939,0.266434,0.0614848,0.0204949,0.0409899,0.0204949,0,0,0,0
61775,61794,61784,3.9,-105.186,39.9572,635.365,-2.72474,307.839,9.55843,1.52331,105.923,0.208603,0.00045009,5.09133,2.04824,0.897322,0.507182,0.526689,0.234084,0.156056,0.039014,0,0.019507,0.019507,0,0.019507,0,0
61795,61812,61804,4,-105.185,39.9568,627.805,-3.44778,308.074,6.50815,0.989525,50.3761,0.152728,0.000301581,3.1813,1.58025,0.623784,0.374271,0.332685,0.14555,0.207928,0.0415856,0.0207928,0,0,0,0,0,0
61813,61832,61822,4.1,-105.184,39.9563,619.36,-4.3035,308.283,4.32021,0.571982,25.593,0.134233,0.000135894,2.48739,0.76679,0.467555,0.205724,0.187022,0.0748088,0.130915,0,0,0,0,0,0,0,0
61833,61850,61842,4.2,-105.183,39.9558,611.711,-5.01875,308.553,3.24987,0.581346,46.3023,0.23894,0.000196444,1.67204,0.682945,0.353247,0.235498,0.117749,0.0235498,0.0941993,0.0470996,0,0,0,0.0235498,0,0,0
61851,61870,61860,4.3,-105.182,39.9552,604.089,-5.8715,308.683,3.69783,0.634037,48.8315,0.23105,0.000206465,2.06478,0.732057,0.319102,0.168936,0.131395,0.131395,0.0938534,0.0375414,0,0,0,0,0.0187707,0,0
61871,61886,61878,4.4,-105.182,39.9546,596.608,-6.775,308.733,3.58634,0.599082,38.0133,0.190358,0.000241932,1.93474,0.731425,0.330321,0.235944,0.117972,0.0235944,0.141566,0.0235944,0.0235944,0.0235944,0,0,0,0,0
61887,61905,61896,4.5,-105.181,39.9538,589.202,-7.67263,308.789,3.36658,0.448561,20.5446,0.137403,0.000111117,1.92093,0.693119,0.297051,0.158427,0.0990171,0.11882,0.0594102,0.0198034,0,0,0,0,0,0,0
61906,61923,61914,4.6,-105.18,39.9532,581.458,-8.55333,308.937,3.9853,0.644852,37.896,0.176301,0.000232854,1.91885,0.969967,0.50607,0.147604,0.189776,0.0632587,0.105431,0.0632587,0,0.0210862,0,0,0,0,0
61924,61942,61933,4.7,-105.18,39.9524,573.828,-9.28632,309.243,4.76328,0.750232,40.2706,0.161032,0.00025478,2.50172,0.900619,0.560385,0.32022,0.100069,0.120083,0.200138,0.0400275,0.0200138,0,0,0,0,0,0
61943,61961,61952,4.8,-105.18,39.9515,566.721,-10.1321,309.348,5.0917,0.891533,61.278,0.2062,0.000304291,2.59577,1.01834,0.479219,0.319479,0.339447,0.119805,0.119805,0.0599024,0.0199675,0,0,0.0199675,0,0,0
61963,61982,61972,4.9,-105.18,39.9505,559.103,-11.1095,309.4,5.05217,0.814,43.8051,0.161444,0.000277167,2.57375,1.01043,0.533814,0.285972,0.285972,0.095324,0.190648,0.0571944,0.0190648,0,0,0,0,0,0
61983,62001,61992,5,-105.18,39.9496,551.951,-11.9478,309.542,6.44487,0.901561,41.8901,0.139392,0.000220679,3.09523,1.54762,0.784408,0.381604,0.360404,0.148402,0.0848009,0.0212002,0.0212002,0,0,0,0,0,0
62002,62020,62011,5.1,-105.18,39.9488,544.869,-12.7353,309.747,6.69547,1.05947,53.1564,0.150518,0.000313356,3.0654,1.49236,0.726015,0.544511,0.443676,0.161337,0.181504,0.0806684,0,0,0,0,0,0,0
62021,62036,62028,5.2,-105.179,39.9479,537.665,-13.6506,309.832,7.59063,1.40443,114.942,0.245527,0.000530612,3.92785,1.56632,0.939792,0.361458,0.289167,0.192778,0.144583,0.0240972,0.0722917,0.0240972,0,0.0481945,0,0,0
62037,62056,62046,5.3,-105.179,39.9469,530.438,-14.4845,310.042,9.54086,1.44985,83.1685,0.172091,0.000393935,4.12473,2.7177,1.19502,0.578234,0.52041,0.154196,0.154196,0.0385489,0.0385489,0,0,0.0192745,0,0,0
62057,62075,62066,5.4,-105.178,39.9458,523.586,-15.3911,310.104,11.5325,1.90665,116.736,0.183678,0.000596171,4.87521,2.86777,1.6797,0.9013,0.594039,0.163873,0.266293,0.10242,0.0614523,0,0,0,0.0204841,0,0
62076,62097,62086,5.5,-105.177,39.9448,516.491,-16.1777,310.363,9.34422,1.496,89.8451,0.180171,0.000459079,4.35356,2.35375,0.955659,0.690198,0.442435,0.230066,0.176974,0.106184,0,0.0176974,0,0.0176974,0,0,0
62098,62120,62109,5.6,-105.176,39.9438,509.552,-16.9904,310.577,9.33581,1.52054,86.4488,0.170562,0.000525565,4.71057,1.68966,1.21178,0.597355,0.563221,0.170673,0.204808,0.136538,0.0170673,0.0341346,0,0,0,0,0
62121,62140,62130,5.7,-105.175,39.9429,502.726,-17.7972,310.792,8.38363,1.34999,88.6654,0.197035,0.000422187,4.18093,1.93803,0.892802,0.435513,0.522616,0.108878,0.217757,0,0.065327,0,0,0,0.0217757,0,0
62141,62162,62152,5.8,-105.175,39.942,496.054,-18.6382,310.959,5.75387,0.935978,51.6043,0.165402,0.000321384,2.73486,1.22536,0.639319,0.497248,0.337418,0.0710354,0.124312,0.0710354,0.0532766,0,0,0,0,0,0
62163,62178,62170,5.9,-105.174,39.9412,490.115,-19.398,311.101,7.80634,1.36855,107.652,0.235984,0.000426526,3.73347,1.80146,1.01822,0.365514,0.496055,0.104433,0.208865,0,0.0261082,0,0.0261082,0,0.0261082,0,0
62179,62197,62188,6,-105.173,39.9402,483.303,-20.2763,311.264,8.75039,1.42884,76.3987,0.160407,0.000481108,4.13503,1.92133,1.06508,0.480332,0.5221,0.167072,0.31326,0.125304,0.020884,0,0,0,0,0,0
62198,62219,62208,6.1,-105.172,39.9389,476.548,-21.2059,311.367,8.26773,1.39247,88.3516,0.190348,0.000430118,3.53307,1.93691,1.30921,0.555965,0.41249,0.197278,0.233146,0.053803,0,0.0179343,0,0,0.0179343,0,0
62220,62240,62230,6.2,-105.171,39.9375,469.896,-22.1605,311.433,6.93299,1.03453,49.3403,0.14308,0.000276334,3.30504,1.53855,0.873747,0.322906,0.474862,0.208939,0.17095,0.037989,0,0,0,0,0,0,0
62241,62260,62250,6.3,-105.17,39.9362,463.827,-22.9837,311.57,5.94209,0.884885,57.9862,0.196589,0.000214973,3.04453,1.23881,0.818874,0.356945,0.251961,0.0839871,0.125981,0,0,0,0,0,0.0209968,0,0
62261,62283,62272,6.4,-105.17,39.9348,457.391,-23.9657,311.593,5.42697,0.753645,34.4691,0.13721,0.000184826,2.766,1.17293,0.647735,0.332621,0.227583,0.122545,0.140051,0.0175064,0,0,0,0,0,0,0
62285,62303,62294,6.5,-105.169,39.9336,450.991,-24.8789,311.7,3.81704,0.556322,31.6598,0.170727,0.000185829,2.26505,0.713073,0.272646,0.2307,0.167782,0.0209727,0.0838909,0.0419455,0,0.0209727,0,0,0,0,0
62304,62324,62314,6.6,-105.168,39.9325,445.006,-25.7757,311.76,4.0395,0.483258,20.1249,0.124933,9.61282e-05,2.2782,0.938084,0.440325,0.134012,0.134012,0.0382891,0.0574337,0.0191446,0,0,0,0,0,0,0
62325,62346,62336,6.7,-105.167,39.9313,438.822,-26.6414,311.911,3.62653,0.394383,14.2485,0.108385,5.04199e-05,2.26428,0.60749,0.331358,0.276132,0.110453,0.0184088,0.0184088,0,0,0,0,0,0,0,0
62347,62365,62356,6.8,-105.165,39.9302,432.861,-27.2722,312.336,2.2004,0.310682,14.8452,0.143348,8.40213e-05,1.32473,0.359249,0.0673592,0.179625,0.179625,0.0224531,0.0449062,0.0224531,0,0,0,0,0,0,0
62366,62387,62376,6.9,-105.163,39.9295,427.105,-27.3141,313.482,0.403823,0.0934377,5.87626,0.188669,4.42022e-05,0.142526,0.118771,0.0237543,0.0237543,0.0237543,0,0.0712629,0,0,0,0,0,0,0,0
62398,62403,62400,7,-105.161,39.9287,419.852,-28.3825,313.647,0.301934,0.0941751,6.78633,0.216182,5.643e-05,0.100645,0.100645,0,0,0,0,0.100645,0,0,0,0,0,0,0,0
62409,62428,62418,7.1,-105.159,39.9281,414.627,-29.1608,313.768,0.339661,0.145878,11.8723,0.244155,0.000100507,0.154392,0,0,0,0.0617566,0,0.0617566,0.0617566,0,0,0,0,0,0,0
62430,62453,62442,7.2,-105.156,39.9273,409.393,-29.9027,313.95,0.271916,0.0653045,4.53177,0.208184,3.44331e-05,0.108766,0.0543832,0.0543832,0,0,0.0271916,0,0.0271916,0,0,0,0,0,0,0
62463,62478,62470,7.3,-105.153,39.9264,402.814,-30.7,314.382,0.408473,0.0518889,2.25277,0.130246,1.10691e-05,0.306355,0,0.0340394,0.0340394,0,0.0340394,0,0,0,0,0,0,0,0,0
62481,62502,62492,7.4,-105.151,39.9255,397.777,-31.262,314.78,0.628487,0.0861873,4.64336,0.161626,2.98398e-05,0.355232,0.163953,0.054651,0.0273255,0,0,0,0.0273255,0,0,0,0,0,0,0
62504,62526,62515,7.5,-105.148,39.9245,392.043,-31.9017,315.251,0.377363,0.0706563,4.11093,0.174546,2.89956e-05,0.205835,0.0686115,0.0343058,0,0,0.0343058,0.0343058,0,0,0,0,0,0,0,0
62527,62561,62544,7.6,-105.145,39.9233,386.425,-32.5116,315.75,0.756732,0.139552,9.33222,0.200618,6.73403e-05,0.411267,0.148056,0.0822535,0.0329014,0.0164507,0,0.0329014,0.0164507,0.0164507,0,0,0,0,0,0
62562,62580,62571,7.7,-105.142,39.9224,381.578,-33.1406,316.061,1.80417,0.21901,9.65557,0.132262,5.00726e-05,1.07337,0.365402,0.182701,0.0913504,0.0456752,0,0.0228376,0.0228376,0,0,0,0,0,0,0
62581,62600,62590,7.8,-105.14,39.9216,376.168,-33.989,316.24,1.35586,0.153346,5.54861,0.108551,1.89856e-05,0.698473,0.36978,0.12326,0.102717,0.0410866,0.0205433,0,0,0,0,0,0,0,0,0
62602,62619,62610,7.9,-105.137,39.9205,370.849,-34.6312,316.674,0.779663,0.102351,4.56525,0.133812,2.42211e-05,0.365467,0.243645,0.0974579,0.0243645,0,0.0243645,0.0243645,0,0,0,0,0,0,0,0
62620,62655,62638,8,-105.133,39.9189,365.021,-35.1494,317.416,3.11434,0.369651,15.5045,0.125831,7.55991e-05,1.8049,0.766787,0.259528,0.0943738,0.0707804,0.0589836,0.0471869,0.0117967,0,0,0,0,0,0,0
62656,62690,62673,8.1,-105.129,39.9172,359.847,-35.9221,317.676,6.17943,0.779496,36.4197,0.140166,0.000204836,3.70275,1.44677,0.416866,0.196172,0.147129,0.0613039,0.15939,0.0367823,0.0122608,0,0,0,0,0,0
62692,62723,62708,8.2,-105.124,39.9156,354.6,-36.6103,318.094,5.06319,0.636695,30.0683,0.141677,0.000151862,2.89511,1.09053,0.558249,0.194738,0.181755,0.0389476,0.0649127,0.0259651,0,0.0129825,0,0,0,0,0
62724,62751,62738,8.3,-105.121,39.9142,349.947,-37.0867,318.653,4.58214,0.523584,20.2482,0.116017,8.49441e-05,2.62277,1.04911,0.447414,0.215993,0.154281,0.0308562,0.0617123,0,0,0,0,0,0,0,0
62757,62787,62772,8.4,-105.116,39.9125,344.45,-37.97,318.897,4.25714,0.453065,16.3422,0.108211,5.99698e-05,2.49845,0.991006,0.530398,0.0418735,0.125621,0.0418735,0.0279157,0,0,0,0,0,0,0,0
62788,62818,62803,8.5,-105.113,39.9109,339.593,-38.7853,319.08,4.19695,0.461934,18.5576,0.120521,8.09691e-05,2.61081,0.91238,0.322842,0.182476,0.0842197,0.0421098,0.0280732,0,0.0140366,0,0,0,0,0,0
62819,62848,62834,8.6,-105.109,39.9094,334.735,-39.6248,319.252,3.72119,0.430155,17.2094,0.120022,7.62455e-05,2.08636,0.903051,0.404816,0.155698,0.0622794,0.0622794,0.0311397,0.0155698,0,0,0,0,0,0,0
62849,62870,62860,8.7,-105.106,39.9079,330.23,-40.5118,319.277,3.85086,0.462567,19.0073,0.123273,8.71004e-05,2.18407,0.708865,0.574756,0.191585,0.0766341,0.0574756,0.038317,0.0191585,0,0,0,0,0,0,0
62871,62894,62882,8.8,-105.103,39.9064,324.973,-41.377,319.549,2.68745,0.288103,11.8107,0.122984,5.09011e-05,1.71187,0.478587,0.349737,0.0736287,0.0552216,0,0,0,0.0184072,0,0,0,0,0,0
62895,62923,62909,8.9,-105.099,39.9049,320.388,-42.0983,319.846,2.91631,0.415979,23.9175,0.172491,0.000134038,1.61819,0.657947,0.266735,0.142259,0.124476,0.0355647,0.0355647,0,0.0177824,0.0177824,0,0,0,0,0
62924,62951,62938,9,-105.095,39.903,315.809,-42.8668,320.096,1.809,0.20723,7.86221,0.113818,3.09172e-05,1.03371,0.410445,0.121613,0.152017,0.0608066,0.0152017,0.0152017,0,0,0,0,0,0,0,0
62952,62979,62966,9.1,-105.092,39.9011,311.149,-43.6541,320.367,2.53667,0.391288,29.7266,0.227913,0.000126199,1.63298,0.412208,0.19025,0.110979,0.0634166,0.0475625,0.0475625,0,0.0158542,0,0.0158542,0,0,0,0
62981,63008,62994,9.2,-105.088,39.8992,306.425,-44.5112,320.566,2.35618,0.299624,13.7289,0.137461,7.44994e-05,1.40717,0.507234,0.179986,0.0654496,0.0981743,0.0490872,0.0163624,0.0327248,0,0,0,0,0,0,0
63009,63036,63022,9.3,-105.085,39.8974,301.928,-45.3704,320.709,2.32281,0.274356,11.3267,0.123854,5.20001e-05,1.51142,0.334102,0.175006,0.159096,0.0636386,0.0636386,0,0.0159096,0,0,0,0,0,0,0
63037,63063,63050,9.4,-105.081,39.8956,297.311,-46.2721,320.848,2.68214,0.303899,13.3213,0.131504,6.52136e-05,1.80009,0.39602,0.288015,0.0720037,0.0720037,0.0180009,0.0180009,0,0.0180009,0,0,0,0,0,0
63064,63092,63078,9.5,-105.078,39.8939,292.891,-47.1507,320.984,2.07907,0.289884,16.5466,0.17124,0.00010621,1.42336,0.319857,0.095957,0.0479785,0.11195,0,0.0319857,0.0159928,0.0319857,0,0,0,0,0,0
63093,63120,63106,9.6,-105.075,39.8922,288.511,-47.8981,321.3,1.89367,0.238379,10.5237,0.132441,5.60064e-05,1.18983,0.385437,0.0837906,0.0335162,0.117307,0.0335162,0.0502743,0,0,0,0,0,0,0,0
