api/data/B2SAP/Locations/Boulder/NOAA-POPS-B2SAP_GMLBalloon_20221215_R0.ict
61,1001
Thornberry, T. D.
NOAA Chemical Sciences Laboratory
Portable Optical Particle Spectrometer (POPS)
Balloon Baseline Stratospheric Aerosol Profiles (B2SAP)
1,1
2022,12,15,2024,05,28
0
TIME_START,s,Seconds since midnight UTC on flight start day,Start time of 100 m altitude bin in UTC_seconds_since_midnight
28
1.0,1.0,1.0,1.0,1.0,1.0,1.0,1.0,1.0,1.0,1.0,1.0,1.0,1.0,1.0,1.0,1.0,1.0,1.0,1.0,1.0,1.0,1.0,1.0,1.0,1.0,1.0,1.0
99999,99999,99999,99999,99999,99999,99999,99999,99999,99999,99999,99999,99999,99999,99999,99999,99999,99999,99999,99999,99999,99999,99999,99999,99999,99999,99999,99999
TIME_STOP,s,End time of 100 m altitude bin in UTC seconds since midnight,
TIME_MID,s,Mid time of 100 m altitude in UTC seconds since midnight,
GPSAlt,m,GPS reported altitude above sea level (m),
GPS_Lon,deg,GPS reported longitude,
GPS_Lat,deg,GPS reported latitude,
iMet_Pressure,mb,Pressure reported (mB),
iMet_Temperature,degrees C,Ambient temperature (oC),
THETA,K,Potential temperature from iMet,
Aerosol_concentration,cm^-3,Aerosol concentration,
Surface_Area_Conc,um^2 cm^-3,Surface area concentration,
Volume_density,um^3 cm^-3,Volume density,
Effective_radius,um,Effective radius,
Extinction,km^-1,Extinction,
Bin01,cm^-3,particle concentration in size range [140 - 170 nm],
Bin02,cm^-3,particle concentration in size range [170 - 205 nm],
Bin03,cm^-3,particle concentration in size range [205 - 249 nm],
Bin04,cm^-3,particle concentration in size range [249 - 302 nm],
Bin05,cm^-3,particle concentration in size range [302 - 366 nm],
Bin06,cm^-3,particle concentration in size range [366 - 443 nm],
Bin07,cm^-3,particle concentration in size range [443 - 537 nm],
Bin08,cm^-3,particle concentration in size range [537 - 651 nm],
Bin09,cm^-3,particle concentration in size range [651 - 789 nm],
Bin10,cm^-3,particle concentration in size range [789 - 956 nm],
Bin11,cm^-3,particle concentration in size range [956 - 1159 nm],
Bin12,cm^-3,particle concentration in size range [1159 - 1404 nm],
Bin13,cm^-3,particle concentration in size range [1404 - 1702 nm],
Bin14,cm^-3,particle concentration in size range [1702 - 2062 nm],
Bin15,cm^-3,particle concentration in size range [2062 - 2500 nm],
0
19
PI_CONTACT_INFO: 325 Broadway R/CSL6, Boulder, CO 80305; troy.thornberry@noaa.gov; 303-497-3373 
PLATFORM: GML ECC/FPH balloon
LOCATION: Boulder, CO, USA
ASSOCIATED_DATA: N/A
INSTRUMENT_INFO: Printed Optical Particle Spectrometer counts particles from 140 - 2500 nm in diameter 
DATA_INFO: Particle concentrations reported in number per cubic centimeter, binned to 100 m altitude
UNCERTAINTY: Counting uncertainty dominated by air flow, less than 5 percent
ULOD_FLAG: -77777
ULOD_VALUE: 3000 ~3000 per cm3 (varies depending on flow rate- manufacturer quotes 1250  per cm3 at 1.667 cc/s)
LLOD_FLAG: -88888
LLOD_VALUE: 0 0 (varies depending on data field and measurement precision)
DM_CONTACT_INFO: Troy Thornberry, 325 Broadway R/CSL6, Boulder, CO 80305; troy.thornberry@noaa.gov; 303-497-3373
PROJECT_INFO: B2SAP Boulder, CO, USA
STIPULATIONS_ON_USE: Please contact the PIs for questions regarding applications and uncertainties
OTHER_COMMENTS: POPS bin Edges (nm):  140, 170, 205, 249, 302, 366, 443, 537, 651, 789, 956, 1159, 1404, 1702, 2062, 2500
Calculations assume sulfate refractive index of 1.45+0.00j and extinction wavelength = 532 nm
REVISION: R0
R0: QA/QC data
TIME_START,TIME_STOP,TIME_MID,GPSAlt,GPS_Lon,GPS_Lat,iMet_Pressure,iMet_Temperature,THETA,Aerosol_concentration,Surface_Area_Conc,Volume_density,Effective_radius,Extinction,Bin01,Bin02,Bin03,Bin04,Bin05,Bin06,Bin07,Bin08,Bin09,Bin10,Bin11,Bin12,Bin13,Bin14,Bin15
[from data line 229]
66858,66876,66867,24.7,-104.363,39.7447,24.1525,-65.4958,601.663,1.51185,0.172335,6.05031,0.105324,1.86761e-05,0.523331,0.610553,0.29074,0.0581479,0,0.029074,0,0,0,0,0,0,0,0,0
66877,66894,66886,24.8,-104.362,39.7435,23.7538,-65.6615,604.048,0.807488,0.0758659,2.26729,0.0896564,4.33023e-06,0.43066,0.242246,0.134581,0,0,0,0,0,0,0,0,0,0,0,0
66896,66914,66905,24.9,-104.361,39.7423,23.2845,-66.1809,605.983,1.14278,0.113081,3.58303,0.0950565,8.27083e-06,0.653019,0.293858,0.0979528,0.0979528,0,0,0,0,0,0,0,0,0,0,0
66915,66932,66924,25,-104.36,39.7409,22.899,-66.349,608.375,0.83091,0.074061,2.18747,0.0886084,4.25989e-06,0.541898,0.216759,0.0361265,0.0361265,0,0,0,0,0,0,0,0,0,0,0
66936,66950,66943,25.1,-104.359,39.7391,22.5125,-66.1625,611.909,0.596759,0.0480117,1.29764,0.0810827,1.86024e-06,0.413141,0.183618,0,0,0,0,0,0,0,0,0,0,0,0,0
66951,66968,66960,25.2,-104.357,39.7368,22.1086,-66.6614,613.587,0.37205,0.0444692,1.72303,0.11624,7.04506e-06,0.26575,0,0.0531499,0,0.0531499,0,0,0,0,0,0,0,0,0,0
66972,66988,66980,25.3,-104.356,39.7339,21.7385,-66.8092,616.123,0.611851,0.0591237,1.85977,0.0943667,4.27952e-06,0.378765,0.145679,0.0291358,0.0582715,0,0,0,0,0,0,0,0,0,0,0
66990,67012,67001,25.4,-104.354,39.7306,21.37,-66.9765,618.633,0.848298,0.0797929,2.40554,0.090442,4.79001e-06,0.45854,0.275124,0.0917079,0.022927,0,0,0,0,0,0,0,0,0,0,0
67013,67040,67026,25.5,-104.352,39.7267,20.9887,-67.4462,620.406,0.705107,0.0608042,1.72372,0.0850458,2.86873e-06,0.437653,0.218826,0.0486281,0,0,0,0,0,0,0,0,0,0,0,0
67041,67064,67052,25.6,-104.349,39.7229,20.6621,-67.43,623.247,0.553681,0.0471001,1.32276,0.0842518,2.14067e-06,0.349693,0.174847,0.0291411,0,0,0,0,0,0,0,0,0,0,0,0
68164,68167,68166,23.3,-104.231,39.6093,30.23,-61.4675,575.231,1.31891,0.130792,4.03688,0.0925945,8.32239e-06,0.659456,0.329728,0.329728,0,0,0,0,0,0,0,0,0,0,0,0
68169,68177,68173,23.2,-104.23,39.609,30.724,-60.974,573.92,1.56411,0.137931,3.96015,0.0861332,6.80681e-06,0.9124,0.521372,0.130343,0,0,0,0,0,0,0,0,0,0,0,0
68178,68183,68180,23.1,-104.23,39.6089,31.21,-61.155,570.854,1.62684,0.184174,6.03459,0.0982968,1.39046e-05,0.488052,0.488052,0.650736,0,0,0,0,0,0,0,0,0,0,0,0
68185,68191,68188,23,-104.23,39.6086,31.6675,-61.1875,568.403,0.650841,0.075993,2.69124,0.106243,7.85136e-06,0.325421,0.16271,0,0.16271,0,0,0,0,0,0,0,0,0,0,0
68194,68202,68198,22.9,-104.23,39.6079,32.3675,-61.7275,563.427,1.11562,0.136249,4.63511,0.102058,1.14796e-05,0.318749,0.159374,0.637497,0,0,0,0,0,0,0,0,0,0,0,0
68204,68209,68206,22.8,-104.23,39.6072,32.8725,-61.6675,561.093,2.18047,0.212395,6.48057,0.0915357,1.29918e-05,1.09024,0.622993,0.467245,0,0,0,0,0,0,0,0,0,0,0,0
68211,68219,68215,22.7,-104.231,39.6065,33.414,-61.328,559.388,1.49617,0.125798,3.47856,0.0829557,5.28292e-06,0.872764,0.623403,0,0,0,0,0,0,0,0,0,0,0,0,0
68221,68226,68224,22.6,-104.231,39.6059,33.9475,-61.06,557.55,0.942407,0.0766245,2.08262,0.0815385,3.02944e-06,0.628271,0.314136,0,0,0,0,0,0,0,0,0,0,0,0,0
68229,68236,68232,22.5,-104.231,39.6052,34.566,-61.43,553.727,2.1206,0.244829,8.36306,0.102476,2.19833e-05,0.873187,0.498964,0.498964,0.249482,0,0,0,0,0,0,0,0,0,0,0
68239,68245,68242,22.4,-104.231,39.6046,35.1325,-62.27,548.971,1.51101,0.153762,4.68816,0.091469,9.02286e-06,0.302202,1.05771,0.151101,0,0,0,0,0,0,0,0,0,0,0,0
68247,68255,68251,22.3,-104.231,39.6041,35.674,-62.478,546.034,0.976482,0.0927729,2.82021,0.0911971,5.69823e-06,0.610301,0.12206,0.244121,0,0,0,0,0,0,0,0,0,0,0,0
68257,68265,68261,22.2,-104.231,39.6033,36.352,-62.096,544.097,2.27352,0.354077,17.0733,0.144658,9.77289e-05,0.837611,0.717952,0.239317,0.239317,0.119659,0,0.119659,0,0,0,0,0,0,0,0
68267,68273,68270,22.1,-104.231,39.6028,36.9375,-62.425,540.763,2.87303,0.319136,10.9158,0.102613,3.22999e-05,1.05848,1.2097,0.453636,0,0.151212,0,0,0,0,0,0,0,0,0,0
68275,68283,68279,22,-104.23,39.6025,37.488,-62.42,538.504,2.68871,0.371373,15.2031,0.122813,6.42965e-05,0.818303,1.0521,0.350701,0.233801,0.1169,0.1169,0,0,0,0,0,0,0,0,0
68285,68295,68290,21.9,-104.229,39.6022,38.1933,-62.225,536.137,2.12335,0.395051,21.1584,0.160676,0.000135943,0.48258,0.772128,0.386064,0.193032,0.096516,0,0.193032,0,0,0,0,0,0,0,0
68297,68304,68300,21.8,-104.228,39.6019,38.872,-62.682,532.289,2.55354,0.294033,10.0649,0.102692,2.67229e-05,1.04463,0.696421,0.464281,0.348211,0,0,0,0,0,0,0,0,0,0,0
68306,68314,68310,21.7,-104.228,39.6017,39.484,-62.328,530.814,2.16554,0.24109,7.99076,0.0994327,1.94629e-05,0.911805,0.455903,0.683854,0.113976,0,0,0,0,0,0,0,0,0,0,0
68315,68325,68320,21.6,-104.228,39.6014,40.1817,-61.765,529.566,3.1132,0.442926,18.0913,0.122535,7.44361e-05,1.03773,0.849054,0.566036,0.377358,0.188679,0.0943394,0,0,0,0,0,0,0,0,0
68326,68334,68330,21.5,-104.227,39.601,40.854,-61.256,528.34,2.49479,0.410339,19.7068,0.144077,0.000109804,0.793797,0.793797,0.226799,0.340199,0.226799,0,0.1134,0,0,0,0,0,0,0,0
68336,68343,68340,21.4,-104.227,39.6006,41.562,-60.992,526.403,2.96092,0.476247,20.4403,0.128758,8.86802e-05,0.877309,0.438655,0.767646,0.548318,0.219327,0.109664,0,0,0,0,0,0,0,0,0
68345,68352,68348,21.3,-104.226,39.6,42.222,-61.654,522.403,2.18276,0.625127,48.2172,0.231395,0.000361898,0.763965,0.327413,0.327413,0.109138,0.327413,0.109138,0,0.109138,0.109138,0,0,0,0,0,0
68354,68361,68358,21.2,-104.226,39.5993,42.928,-61.92,519.289,1.87245,0.634981,44.0592,0.20816,0.000340559,0.110144,0.440577,0.330433,0.220289,0.330433,0,0.330433,0.110144,0,0,0,0,0,0,0
68363,68370,68366,21.1,-104.225,39.5986,43.618,-62.38,515.789,2.62843,0.611519,34.3645,0.168586,0.000221636,0.54759,0.766626,0.328554,0.109518,0.328554,0.438072,0.109518,0,0,0,0,0,0,0,0
68371,68380,68376,21,-104.225,39.598,44.3633,-62.6717,512.596,2.10749,0.455656,26.1827,0.172384,0.000168958,0.641409,0.366519,0.274889,0.274889,0.366519,0.0916298,0,0.0916298,0,0,0,0,0,0,0
68381,68390,68386,20.9,-104.225,39.5976,45.1233,-62.0067,511.728,3.6298,0.781655,43.7015,0.167727,0.000276207,0.635215,1.08894,0.54447,0.635215,0.272235,0.272235,0.090745,0.090745,0,0,0,0,0,0,0
68391,68399,68395,20.8,-104.224,39.5972,45.8283,-61.285,511.198,3.75609,1.2824,108.556,0.253953,0.000783123,1.02439,0.512195,0.512195,0.426829,0.59756,0.0853658,0.256097,0.170732,0.0853658,0.0853658,0,0,0,0,0
68401,68410,68406,20.7,-104.224,39.5967,46.5643,-60.8057,510.038,3.16846,1.23463,111.044,0.269823,0.000843224,0.754395,0.678956,0.301758,0.528077,0.0754395,0.150879,0.150879,0.377198,0.0754395,0.0754395,0,0,0,0,0
68412,68421,68416,20.6,-104.223,39.5962,47.45,-60.9617,506.918,3.28119,1.44644,120.027,0.248942,0.00098025,0.431735,0.690776,0.518082,0.0863471,0.259041,0.259041,0.604429,0.259041,0.172694,0,0,0,0,0,0
68423,68432,68428,20.5,-104.223,39.5958,48.255,-61.9367,502.175,2.72479,1.44265,173.113,0.35999,0.000877757,0.510897,0.596047,0.425748,0,0.255449,0.170299,0.510897,0.0851495,0,0.0851495,0,0.0851495,0,0,0
68433,68444,68438,20.4,-104.222,39.5954,49.1029,-62.0743,499.359,2.65948,1.5151,188.5,0.373241,0.00106904,0.738744,0.443246,0.221623,0.295497,0.295497,0,0.147749,0.0738744,0.295497,0.0738744,0,0.0738744,0,0,0
68446,68456,68451,20.3,-104.221,39.595,49.9786,-62.1386,496.684,4.60568,1.48071,106.249,0.215266,0.00083153,0.679526,1.05704,0.830532,0.604023,0.377515,0.0755029,0.52852,0.453017,0,0,0,0,0,0,0
68458,68468,68463,20.2,-104.22,39.5948,50.8014,-62.2871,494.032,3.825,2.34764,331.842,0.424054,0.00146349,0.882692,0.662019,0.809134,0.367788,0.0735577,0.220673,0.147115,0.220673,0.0735577,0.147115,0.147115,0.0735577,0,0,0
68469,68481,68475,20.1,-104.219,39.5947,51.6638,-61.955,492.43,3.26462,1.27058,99.6504,0.235288,0.000806508,0.753374,0.627812,0.251125,0.125562,0.376687,0.125562,0.816155,0.0627812,0.125562,0,0,0,0,0,0
68483,68493,68488,20,-104.219,39.5947,52.4786,-61.6886,490.851,3.32135,1.13882,89.7316,0.236382,0.000625924,0.577626,0.361016,0.361016,0.86644,0.505423,0.21661,0.144407,0.21661,0,0.0722033,0,0,0,0,0
68494,68508,68501,19.9,-104.218,39.5947,53.32,-62.2133,487.423,3.40221,1.51349,133.651,0.26492,0.00104677,0.567035,0.567035,0.453628,0.396924,0.283517,0.113407,0.567035,0.226814,0.17011,0.0567035,0,0,0,0,0
68509,68522,68516,19.8,-104.218,39.5944,54.2589,-62.4511,484.439,4.00615,1.83873,216.762,0.35366,0.00112563,0.920331,0.75792,0.649645,0.37896,0.37896,0.216548,0.270686,0.108274,0.108274,0.108274,0.108274,0,0,0,0
68524,68535,68530,19.7,-104.218,39.5939,55.1437,-61.8038,483.692,3.06102,1.45201,159.001,0.328512,0.000900051,0.720241,0.600201,0.12004,0.3001,0.3001,0.36012,0.42014,0.0600201,0,0.12004,0.0600201,0,0,0,0
68537,68550,68544,19.6,-104.217,39.5931,56.06,-61.13,482.957,3.33179,1.52561,169.811,0.33392,0.000835893,0.644862,0.591124,0.322431,0.429908,0.429908,0.107477,0.537385,0.161216,0,0,0.107477,0,0,0,0
68551,68564,68558,19.5,-104.216,39.5922,57.0011,-60.6911,481.654,3.74542,1.84953,208.348,0.337948,0.00104994,0.488533,0.542814,0.434251,0.542814,0.75994,0.271407,0.271407,0.217126,0.0542814,0.0542814,0.0542814,0.0542814,0,0,0
68566,68577,68572,19.4,-104.215,39.5911,57.94,-60.675,479.457,3.78015,1.24464,91.1746,0.219762,0.000715621,0.792612,0.670672,0.731642,0.304851,0.243881,0.18291,0.609701,0.18291,0.0609701,0,0,0,0,0,0
68578,68590,68584,19.3,-104.213,39.5902,58.8188,-61.2338,476.135,4.13938,1.25799,87.1093,0.207734,0.00067851,1.07984,0.959856,0.419937,0.239964,0.239964,0.359946,0.659901,0.179973,0,0,0,0,0,0,0
68591,68604,68598,19.2,-104.212,39.589,59.83,-60.9089,474.552,3.85204,1.37005,109.515,0.239807,0.000829146,1.13933,0.54254,0.325524,0.325524,0.379778,0.434032,0.27127,0.379778,0,0.054254,0,0,0,0,0
68606,68615,68610,19.1,-104.21,39.5878,60.8457,-60.5757,473.018,5.32219,2.25317,248.032,0.330245,0.00127523,1.28002,0.943173,0.673695,0.606326,0.538956,0.202109,0.606326,0.269478,0,0.0673695,0.134739,0,0,0,0
68617,68626,68622,19,-104.209,39.5869,61.7886,-60.9429,470.125,4.81748,1.59014,126.759,0.239148,0.000991618,1.15348,1.08563,0.814222,0.271407,0.407111,0.135704,0.542815,0.135704,0.271407,0,0,0,0,0,0
68628,68637,68632,18.9,-104.208,39.5862,62.7757,-61.4457,466.899,4.51022,1.26927,92.8665,0.219496,0.000635377,1.41365,0.740483,0.4039,0.4039,0.673167,0.471217,0.20195,0.134633,0,0.0673167,0,0,0,0,0
68639,68650,68644,18.8,-104.207,39.5857,63.8775,-61.5975,464.246,4.93209,1.68504,133.228,0.237197,0.0010026,1.33456,0.580246,0.696295,0.63827,0.464196,0.290123,0.464196,0.348147,0.0580246,0.0580246,0,0,0,0,0
68651,68660,68656,18.7,-104.206,39.5855,64.9714,-61.6043,461.984,5.03976,1.85682,183.311,0.29617,0.00102596,1.37448,0.981771,0.523611,0.327257,0.654514,0.45816,0.327257,0.196354,0.0654514,0.0654514,0,0.0654514,0,0,0
68662,68671,68666,18.6,-104.205,39.5853,65.9729,-61.4,460.421,3.74488,0.811592,51.9595,0.192065,0.000355306,1.11689,1.11689,0.394198,0.328498,0.394198,0.197099,0,0.131399,0.0656997,0,0,0,0,0,0
68673,68683,68678,18.5,-104.203,39.5851,67.0337,-61.945,457.137,5.28047,1.42935,129.239,0.271255,0.000652612,1.43491,1.5497,0.80355,0.344378,0.401775,0.286982,0.172189,0.172189,0.0573964,0,0,0.0573964,0,0,0
68685,68695,68690,18.4,-104.202,39.5848,68.1562,-61.6163,455.686,5.38687,1.05872,58.5835,0.166003,0.000368585,1.43268,1.26076,1.03153,0.859607,0.343843,0.171921,0.114614,0.171921,0,0,0,0,0,0,0
68696,68708,68702,18.3,-104.201,39.5845,69.3267,-61.39,453.964,4.83373,1.27446,84.3766,0.198618,0.000621651,1.51054,1.00703,0.40281,0.352459,0.654567,0.251757,0.503513,0.100703,0.0503513,0,0,0,0,0,0
68710,68720,68715,18.2,-104.2,39.5842,70.4975,-60.9038,452.824,5.71678,1.2426,71.2997,0.172138,0.000478334,1.55408,1.44307,0.832541,0.499524,0.61053,0.277514,0.444022,0.0555027,0,0,0,0,0,0,0
68721,68733,68727,18.1,-104.199,39.5839,71.6433,-60.1722,452.305,5.65412,2.55298,308.271,0.362248,0.00141985,1.37666,1.17999,0.737494,0.294998,0.737494,0.442497,0.39333,0.0983326,0.147499,0.0491663,0.147499,0.0491663,0,0,0
68735,68746,68740,18,-104.198,39.5836,72.8656,-59.2411,452.088,6.19918,1.71667,130.43,0.227935,0.000901114,1.79195,1.25921,0.774898,0.726467,0.581174,0.43588,0.290587,0.193725,0.0484311,0.0968623,0,0,0,0,0
68748,68759,68754,17.9,-104.197,39.5832,73.9725,-58.4925,451.718,5.19753,1.47089,127.728,0.26051,0.000704598,1.66107,1.2324,0.482245,0.375079,0.58941,0.267914,0.375079,0.107165,0.0535827,0,0.0535827,0,0,0,0
68761,68772,68766,17.8,-104.197,39.5826,75.1889,-57.9456,450.771,6.1706,1.4419,88.2636,0.18364,0.000607708,1.61385,1.32905,1.23412,0.332263,0.711993,0.427196,0.379729,0.0949324,0.0474662,0,0,0,0,0,0
68773,68786,68780,17.7,-104.196,39.5819,76.438,-57.573,449.425,5.48027,1.4146,98.9571,0.209862,0.000695539,1.52938,1.14703,0.93462,0.339862,0.722207,0.169931,0.424827,0.127448,0.0424827,0.0424827,0,0,0,0,0
68788,68799,68794,17.6,-104.194,39.581,77.7267,-57.4333,447.573,5.13062,1.21216,73.3305,0.181487,0.000511169,1.24799,1.43288,0.554661,0.415996,0.739549,0.231109,0.369774,0.138665,0,0,0,0,0,0,0
68802,68812,68807,17.5,-104.193,39.5801,79.0588,-56.5588,447.217,6.28443,1.7525,148.976,0.255023,0.000842524,1.89044,1.27732,1.17514,0.357651,0.562023,0.357651,0.255465,0.306558,0.051093,0,0,0.051093,0,0,0
68813,68824,68818,17.4,-104.191,39.5795,80.2387,-56.6988,445.029,5.4913,1.22435,72.9565,0.178763,0.000508092,1.43698,1.43698,0.87245,0.513206,0.513206,0.102641,0.513206,0.102641,0,0,0,0,0,0,0
68826,68839,68832,17.3,-104.188,39.5791,81.5511,-57.7889,440.751,6.48812,1.82955,175.912,0.288451,0.000864551,1.76949,1.76949,1.31577,0.272229,0.499086,0.226857,0.272229,0.181486,0.0907429,0,0.0453715,0.0453715,0,0,0
68841,68853,68847,17.2,-104.185,39.5789,82.95,-59.407,435.32,7.24582,1.35092,74.6999,0.165886,0.000486204,2.71718,1.72912,0.988067,0.576372,0.535203,0.205847,0.370525,0.123508,0,0,0,0,0,0,0
68854,68866,68860,17.1,-104.183,39.5789,84.2163,-59.1987,433.851,6.44958,1.35274,81.0532,0.179753,0.000549169,2.16665,1.46123,0.906972,0.604648,0.55426,0.251937,0.352711,0.100775,0.0503873,0,0,0,0,0,0
68869,68878,68874,17,-104.18,39.5789,85.6533,-59.075,432.016,7.36407,1.50356,93.4943,0.186546,0.000667007,2.97265,1.82413,0.878284,0.405362,0.337801,0.135121,0.675603,0.0675603,0.0675603,0,0,0,0,0,0
68881,68891,68886,16.9,-104.178,39.5787,87.1175,-59.2587,429.558,6.6042,1.12879,62.6614,0.166536,0.000394343,2.55162,1.85118,0.900573,0.500319,0.300191,0.200127,0.150096,0.100064,0.0500319,0,0,0,0,0,0
68894,68903,68898,16.8,-104.176,39.5781,88.5167,-58.5917,428.935,6.70481,1.39932,121.787,0.261099,0.000524013,3.18644,1.39407,0.796611,0.398305,0.331921,0.132768,0.331921,0.0663842,0,0,0,0.0663842,0,0,0
68906,68916,68911,16.7,-104.174,39.5773,89.9678,-58.0322,428.067,7.09914,1.55296,128.994,0.249191,0.000688507,2.68974,2.11651,0.881881,0.264564,0.440941,0.352752,0.0881881,0.0881881,0.0881881,0.0440941,0.0440941,0,0,0,0
68918,68928,68923,16.6,-104.172,39.5764,91.3011,-57.9256,426.483,6.87241,1.23587,73.1521,0.177572,0.000497599,3.11606,1.53669,0.853716,0.512229,0.256115,0.0853716,0.2988,0.170743,0.0426858,0,0,0,0,0,0
68930,68942,68936,16.5,-104.169,39.5752,92.816,-57.627,425.065,7.29346,1.51137,119.355,0.236914,0.00061886,2.72584,2.1733,0.920892,0.368357,0.405192,0.331521,0.221014,0.0368357,0,0.0736713,0.0368357,0,0,0,0
68944,68956,68950,16.4,-104.167,39.5741,94.33,-57.466,423.427,7.2568,1.42921,105.538,0.221531,0.000527571,3.008,1.7296,0.94,0.4888,0.4888,0.2256,0.188,0.1128,0.0376,0,0,0.0376,0,0,0
68957,68969,68963,16.3,-104.164,39.5732,95.8625,-58.225,420.001,7.53556,1.10629,52.3247,0.141893,0.000289518,3.57939,1.6484,0.989042,0.51807,0.376778,0.188389,0.188389,0.0470972,0,0,0,0,0,0,0
68970,68983,68976,16.2,-104.161,39.5727,97.4522,-58.57,417.353,7.40086,1.31098,80.9107,0.185153,0.000508261,3.09414,1.79795,1.25438,0.376315,0.292689,0.209064,0.209064,0.0836255,0.0418128,0.0418128,0,0,0,0,0
68983,68994,68988,16.1,-104.158,39.5724,98.9443,-58.7529,415.196,7.61906,1.26768,80.2819,0.18999,0.000505426,4.26241,1.43856,0.852482,0.15984,0.266401,0.266401,0.266401,0,0.0532802,0.0532802,0,0,0,0,0
