api/data/B2SAP/Locations/Boulder/NOAA-POPS-B2SAP_GMLBalloon_20210418_R0.ict
61,1001
Thornberry, T. D.
NOAA Chemical Sciences Laboratory
Portable Optical Particle Spectrometer (POPS)
Balloon Baseline Stratospheric Aerosol Profiles (B2SAP)
1,1
2021,04,18,2024,05,28
0
TIME_START,s,Seconds since midnight UTC on flight start day,Start time of 100 m altitude bin in UTC_seconds_since_midnight
28
1.0,1.0,1.0,1.0,1.0,1.0,1.0,1.0,1.0,1.0,1.0,1.0,1.0,1.0,1.0,1.0,1.0,1.0,1.0,1.0,1.0,1.0,1.0,1.0,1.0,1.0,1.0,1.0
99999,99999,99999,99999,99999,99999,99999,99999,99999,99999,99999,99999,99999,99999,99999,99999,99999,99999,99999,99999,99999,99999,99999,99999,99999,99999,99999,99999
TIME_STOP,s,End time of 100 m altitude bin in UTC seconds since midnight,
TIME_MID,s,Mid time of 100 m altitude in UTC seconds since midnight,
GPSAlt,m,GPS reported altitude above sea level (m),
GPS_Lon,deg,GPS reported longitude,
GPS_Lat,deg,GPS reported latitude,
iMet_Pressure,mb,Pressure reported (mB),
iMet_Temperature,degrees C,Ambient temperature (oC),
THETA,K,Potential temperature from iMet,
Aerosol_concentration,cm^-3,Aerosol concentration,
Surface_Area_Conc,um^2 cm^-3,Surface area concentration,
Volume_density,um^3 cm^-3,Volume density,
Effective_radius,um,Effective radius,
Extinction,km^-1,Extinction,
Bin01,cm^-3,particle concentration in size range [140 - 170 nm],
Bin02,cm^-3,particle concentration in size range [170 - 205 nm],
Bin03,cm^-3,particle concentration in size range [205 - 249 nm],
Bin04,cm^-3,particle concentration in size range [249 - 302 nm],
Bin05,cm^-3,particle concentration in size range [302 - 366 nm],
Bin06,cm^-3,particle concentration in size range [366 - 443 nm],
Bin07,cm^-3,particle concentration in size range [443 - 537 nm],
Bin08,cm^-3,particle concentration in size range [537 - 651 nm],
Bin09,cm^-3,particle concentration in size range [651 - 789 nm],
Bin10,cm^-3,particle concentration in size range [789 - 956 nm],
Bin11,cm^-3,particle concentration in size range [956 - 1159 nm],
Bin12,cm^-3,particle concentration in size range [1159 - 1404 nm],
Bin13,cm^-3,particle concentration in size range [1404 - 1702 nm],
Bin14,cm^-3,particle concentration in size range [1702 - 2062 nm],
Bin15,cm^-3,particle concentration in size range [2062 - 2500 nm],
0
19
PI_CONTACT_INFO: 325 Broadway R/CSL6, Boulder, CO 80305; troy.thornberry@noaa.gov; 303-497-3373 
PLATFORM: GML ECC/FPH balloon
LOCATION: Boulder, CO, USA
ASSOCIATED_DATA: N/A
INSTRUMENT_INFO: Printed Optical Particle Spectrometer counts particles from 140 - 2500 nm in diameter 
DATA_INFO: Particle concentrations reported in number per cubic centimeter, binned to 100 m altitude
UNCERTAINTY: Counting uncertainty dominated by air flow, less than 5 percent
ULOD_FLAG: -77777
ULOD_VALUE: 3000 ~3000 per cm3 (varies depending on flow rate- manufacturer quotes 1250  per cm3 at 1.667 cc/s)
LLOD_FLAG: -88888
LLOD_VALUE: 0 0 (varies depending on data field and measurement precision)
DM_CONTACT_INFO: Troy Thornberry, 325 Broadway R/CSL6, Boulder, CO 80305; troy.thornberry@noaa.gov; 303-497-3373
PROJECT_INFO: B2SAP Boulder, CO, USA
STIPULATIONS_ON_USE: Please contact the PIs for questions regarding applications and uncertainties
OTHER_COMMENTS: POPS bin Edges (nm):  140, 170, 205, 249, 302, 366, 443, 537, 651, 789, 956, 1159, 1404, 1702, 2062, 2500
Calculations assume sulfate refractive index of 1.45+0.00j and extinction wavelength = 532 nm
REVISION: R0
R0: QA/QC data
TIME_START,TIME_STOP,TIME_MID,GPSAlt,GPS_Lon,GPS_Lat,iMet_Pressure,iMet_Temperature,THETA,Aerosol_concentration,Surface_Area_Conc,Volume_density,Effective_radius,Extinction,Bin01,Bin02,Bin03,Bin04,Bin05,Bin06,Bin07,Bin08,Bin09,Bin10,Bin11,Bin12,Bin13,Bin14,Bin15
[from data line 308]
68466,68481,68474,22.5,-104.603,39.6668,36.22,-56.6047,558.832,2.61378,0.51838,26.1588,0.151388,0.000146472,0.560095,0.597435,0.429406,0.466746,0.336057,0.168028,0.0373397,0.0186698,0,0,0,0,0,0,0
68483,68499,68491,22.4,-104.602,39.6669,36.8359,-56.8918,555.405,2.88666,0.743729,46.0061,0.185576,0.000310024,0.494857,0.544342,0.511352,0.527847,0.296914,0.313409,0.115467,0.0494857,0.0329904,0,0,0,0,0,0
68500,68517,68508,22.3,-104.601,39.6665,37.4306,-56.4267,554.063,3.00026,0.62576,34.2183,0.164048,0.000207656,0.777269,0.512998,0.575179,0.450816,0.40418,0.170999,0.0621815,0.0310908,0.0155454,0,0,0,0,0,0
68518,68536,68527,22.2,-104.6,39.666,38.0411,-56.3311,551.743,3.16974,0.667589,36.902,0.16583,0.000232021,0.903453,0.520634,0.535947,0.551259,0.306255,0.183753,0.107189,0.0612511,0,0,0,0,0,0,0
68537,68556,68546,22.1,-104.598,39.6658,38.6447,-56.5742,548.661,2.45522,0.503723,28.9907,0.172658,0.000185859,0.765452,0.5777,0.28885,0.317735,0.23108,0.17331,0.028885,0.05777,0.0144425,0,0,0,0,0,0
68557,68576,68566,22,-104.596,39.666,39.3305,-57.2295,544.247,2.64321,0.593222,31.9015,0.16133,0.000194645,0.488419,0.57461,0.430958,0.416593,0.359132,0.258575,0.114922,0,0,0,0,0,0,0,0
68577,68595,68586,21.9,-104.595,39.6662,39.9128,-56.6972,543.314,2.64984,0.557504,30.3142,0.163125,0.000187054,0.703629,0.479067,0.449125,0.494038,0.164679,0.239533,0.089825,0.0299417,0,0,0,0,0,0,0
68596,68613,68604,21.8,-104.593,39.6665,40.5889,-56.7078,540.678,2.83173,0.639236,35.8951,0.168459,0.000229552,0.652336,0.518903,0.518903,0.385471,0.385471,0.207561,0.118607,0.0444774,0,0,0,0,0,0,0
68614,68631,68622,21.7,-104.592,39.6666,41.2011,-58.6889,533.446,2.83945,0.584602,31.2356,0.160292,0.000190813,0.802776,0.520318,0.445987,0.460853,0.267592,0.208127,0.11893,0.0148662,0,0,0,0,0,0,0
68632,68650,68641,21.6,-104.592,39.6666,41.93,-57.9183,532.688,3.29343,0.748661,43.6837,0.175048,0.000284993,0.720438,0.735141,0.485193,0.57341,0.382273,0.191137,0.117623,0.0735141,0.0147028,0,0,0,0,0,0
68651,68668,68660,21.5,-104.59,39.6664,42.5656,-58.7583,528.332,3.01057,0.62381,32.1703,0.154712,0.000186201,0.698103,0.639928,0.450858,0.49449,0.349052,0.30542,0.0727191,0,0,0,0,0,0,0,0
68670,68688,68679,21.4,-104.589,39.666,43.3058,-57.5474,528.704,3.1373,0.711118,39.7934,0.167877,0.000247938,0.6165,0.5617,0.6576,0.4932,0.3973,0.274,0.0959,0.0274,0.0137,0,0,0,0,0,0
68689,68707,68698,21.3,-104.587,39.6657,44.02,-57.4984,526.358,2.95948,0.584169,30.3536,0.155881,0.000177847,0.692356,0.787385,0.380117,0.447995,0.420844,0.135756,0.0543024,0.0407268,0,0,0,0,0,0,0
68708,68726,68717,21.2,-104.586,39.6655,44.73,-56.9883,525.207,3.22785,0.609355,30.2676,0.149015,0.000167089,0.821119,0.76449,0.495503,0.552132,0.283144,0.25483,0.0424717,0.0141572,0,0,0,0,0,0,0
68727,68746,68736,21.1,-104.585,39.6654,45.462,-58.207,519.816,3.25525,0.663296,35.1556,0.159004,0.000210633,0.826528,0.69937,0.508633,0.521349,0.343327,0.241601,0.0762949,0.0381475,0,0,0,0,0,0,0
68747,68766,68756,21,-104.583,39.6655,46.171,-57.772,518.577,3.43963,0.73097,38.1103,0.15641,0.00022148,0.70816,0.594348,0.70816,0.581703,0.467891,0.290851,0.0632285,0.0252914,0,0,0,0,0,0,0
68767,68788,68778,20.9,-104.58,39.6658,46.97,-57.4541,516.798,3.17475,0.734514,42.2424,0.172532,0.000268231,0.607442,0.538675,0.653287,0.607442,0.378219,0.217762,0.114612,0.0343835,0.0229224,0,0,0,0,0,0
68789,68810,68800,20.8,-104.577,39.6664,47.715,-56.3536,517.106,3.18982,0.838471,54.5942,0.195335,0.000372705,0.718319,0.52352,0.486996,0.584395,0.304372,0.292197,0.182623,0.0608745,0.0243498,0.0121749,0,0,0,0,0
68811,68831,68821,20.7,-104.575,39.6672,48.5214,-56.9195,513.292,3.18944,0.689204,38.0362,0.165566,0.000234782,0.735014,0.643138,0.446259,0.643138,0.393758,0.170628,0.118127,0.0262505,0.0131253,0,0,0,0,0,0
68832,68852,68842,20.6,-104.573,39.6678,49.3214,-57.0229,510.654,3.69959,0.84558,50.3821,0.178749,0.00032101,0.865862,0.74779,0.603479,0.564122,0.44605,0.262382,0.131191,0.0655956,0,0.0131191,0,0,0,0,0
68853,68872,68862,20.5,-104.571,39.668,50.126,-56.69,509.092,3.44223,0.878299,60.3958,0.206294,0.000338945,0.715985,0.509451,0.564526,0.743522,0.440606,0.316686,0.0688447,0.0275379,0.0413068,0,0.0137689,0,0,0,0
68873,68892,68882,20.4,-104.57,39.6676,50.8879,-58.2479,503.24,3.74458,0.818125,45.254,0.165943,0.000277648,0.772229,0.757659,0.641096,0.670237,0.524533,0.233126,0.0728518,0.0582814,0.0145704,0,0,0,0,0,0
68893,68911,68902,20.3,-104.568,39.6666,51.7589,-59.3921,498.151,3.9088,0.937086,55.9915,0.179252,0.000356283,0.822906,0.705348,0.690653,0.529011,0.617179,0.337979,0.132253,0.058779,0,0.0146947,0,0,0,0,0
68912,68930,68921,20.2,-104.567,39.6655,52.5716,-59.3874,495.942,4.03054,0.939924,58.5827,0.186981,0.000389216,1.11796,0.867889,0.48543,0.603109,0.33833,0.32362,0.20594,0.0588399,0.01471,0.01471,0,0,0,0,0
68931,68950,68940,20.1,-104.565,39.6647,53.4775,-59.592,493.059,3.46111,0.742508,40.3271,0.162936,0.000245466,0.669892,0.809453,0.5722,0.544287,0.558243,0.181429,0.0418683,0.0837365,0,0,0,0,0,0,0
68951,68970,68960,20,-104.563,39.6641,54.3111,-58.6953,492.947,3.607,0.814518,48.3698,0.178154,0.000320438,0.923745,0.645155,0.630493,0.674481,0.27859,0.175951,0.205277,0.0439879,0.0293252,0,0,0,0,0,0
68971,68990,68980,19.9,-104.561,39.6633,55.2545,-58.551,490.852,4.06769,0.980577,59.8283,0.18304,0.000411786,1.03085,0.738313,0.668661,0.6408,0.33433,0.3204,0.167165,0.167165,0,0,0,0,0,0,0
68991,69010,69000,19.8,-104.559,39.6626,56.1185,-58.5575,488.676,3.98022,0.919087,53.972,0.17617,0.000354951,0.890678,0.848927,0.598424,0.681925,0.417505,0.292254,0.139168,0.0974179,0.0139168,0,0,0,0,0,0
69011,69031,69021,19.7,-104.557,39.6621,57.041,-58.6624,486.154,3.80123,0.951375,59.4465,0.187454,0.00039894,0.781438,0.67548,0.794683,0.490054,0.463565,0.291384,0.185426,0.105958,0,0.0132447,0,0,0,0,0
69032,69052,69042,19.6,-104.555,39.6617,57.9729,-58.5586,484.152,4.0018,0.989339,57.0749,0.17307,0.000372838,0.781808,0.689051,0.569792,0.781808,0.490286,0.424031,0.212016,0.0530039,0,0,0,0,0,0,0
69053,69073,69063,19.5,-104.552,39.661,58.934,-58.4355,482.152,4.25611,0.92748,51.225,0.165691,0.000323269,1.05707,0.72326,0.820622,0.709351,0.375539,0.319904,0.208633,0.0417266,0,0,0,0,0,0,0
69074,69092,69083,19.4,-104.549,39.6603,59.8068,-57.9216,481.281,4.45177,1.0838,62.6247,0.173348,0.000407735,0.800155,0.829251,0.727413,0.829251,0.596479,0.392803,0.174579,0.101838,0,0,0,0,0,0,0
69093,69108,69100,19.3,-104.547,39.66,60.8331,-58.3075,478.092,3.9567,0.817704,43.3682,0.15911,0.000262713,1.07594,0.798281,0.537972,0.590034,0.520618,0.260309,0.156185,0.0173539,0,0,0,0,0,0,0
69110,69125,69118,19.2,-104.544,39.6602,61.8106,-59.4038,473.486,4.21061,0.901855,54.4293,0.181058,0.000339028,1.18315,1.00915,0.556775,0.45238,0.539376,0.313186,0.0869961,0.0173992,0.0347984,0.0173992,0,0,0,0,0
69126,69142,69134,19.1,-104.541,39.6607,62.78,-59.4718,471.244,4.12591,0.89707,50.9414,0.170359,0.000318702,1.16709,0.723267,0.558888,0.690391,0.460261,0.378071,0.0821894,0.0328758,0.0328758,0,0,0,0,0,0
69143,69161,69152,19,-104.539,39.6613,63.7911,-59.19,469.705,4.11137,0.946215,55.1699,0.174918,0.000360938,0.94639,0.837788,0.667128,0.636098,0.434409,0.341321,0.155146,0.077573,0.0155146,0,0,0,0,0,0
69162,69182,69172,18.9,-104.537,39.6618,64.9258,-58.6689,468.491,4.09034,0.844506,47.3067,0.168051,0.00030006,1.14354,0.821001,0.674394,0.645072,0.425161,0.175929,0.0733037,0.131947,0,0,0,0,0,0,0
69183,69201,69192,18.8,-104.535,39.6618,65.9594,-58.2078,467.384,4.42325,0.892549,50.8515,0.17092,0.000320493,1.37167,0.770602,0.83225,0.647305,0.416125,0.15412,0.15412,0.0308241,0.0462361,0,0,0,0,0,0
69203,69223,69213,18.7,-104.533,39.6613,67.0884,-59.0342,463.332,4.32696,1.1339,81.3783,0.215305,0.000509009,1.10007,0.93873,0.630709,0.513368,0.396027,0.337356,0.205347,0.176012,0.0146677,0,0,0.0146677,0,0,0
69224,69244,69234,18.6,-104.531,39.6605,68.1295,-58.817,461.773,4.89562,1.05255,61.3494,0.17486,0.000402062,1.29713,1.1995,0.585801,0.822911,0.446325,0.251058,0.125529,0.153424,0.0139476,0,0,0,0,0,0
69245,69267,69256,18.5,-104.529,39.659,69.2832,-59.1968,458.738,4.2636,0.897842,51.035,0.170526,0.000326919,1.29431,0.735978,0.774046,0.507571,0.469503,0.241096,0.17765,0.0380678,0.0253786,0,0,0,0,0,0
69268,69292,69280,18.4,-104.526,39.6573,70.4212,-59.2084,456.59,4.34553,0.905907,51.5389,0.170676,0.000330459,1.1953,1.05008,0.681432,0.513867,0.357473,0.32396,0.145223,0.0558551,0.022342,0,0,0,0,0,0
69293,69315,69304,18.3,-104.524,39.656,71.5726,-59.4604,453.943,4.14314,0.89013,55.22,0.186108,0.000367495,1.458,0.899097,0.437399,0.461698,0.376649,0.230849,0.170099,0.0728998,0.0242999,0.01215,0,0,0,0,0
69316,69338,69327,18.2,-104.521,39.6544,72.707,-59.653,451.497,4.17212,0.866108,53.1712,0.184173,0.00035233,1.3429,0.912651,0.756197,0.417212,0.273795,0.273795,0.0391136,0.0912651,0.0651894,0,0,0,0,0,0
69339,69359,69349,18.1,-104.518,39.6527,73.8995,-59.2886,450.178,4.42857,0.891453,51.7301,0.174087,0.000319823,1.48113,0.829432,0.710941,0.548017,0.399904,0.251792,0.148113,0.0296226,0.0148113,0.0148113,0,0,0,0,0
69360,69379,69370,18,-104.516,39.6513,75.086,-59.674,447.317,4.05667,0.804912,46.1726,0.172091,0.000300834,1.44548,0.808225,0.528455,0.590626,0.27977,0.155428,0.139885,0.0932568,0.0155428,0,0,0,0,0,0
69380,69401,69390,17.9,-104.513,39.6505,76.3073,-60.475,443.594,4.3027,0.80069,44.7631,0.167717,0.000289908,1.61351,1.06152,0.537837,0.410455,0.240611,0.169843,0.198151,0.0566144,0.0141536,0,0,0,0,0,0
69402,69422,69412,17.8,-104.509,39.65,77.5667,-60.4776,441.522,3.97503,0.974163,76.9328,0.23692,0.000459627,1.40906,0.786106,0.504294,0.519126,0.266979,0.163154,0.163154,0.0889931,0.0148322,0.0444965,0.0148322,0,0,0,0
69423,69444,69434,17.7,-104.506,39.6497,78.8282,-60.2968,439.856,4.59522,0.982746,60.3605,0.184261,0.000399925,1.51756,1.02116,0.567311,0.538946,0.425483,0.198559,0.198559,0.0992794,0.0141828,0.0141828,0,0,0,0,0
69445,69467,69456,17.6,-104.502,39.6496,80.1422,-59.5296,439.369,4.19469,0.804809,47.0564,0.175407,0.000302112,1.56458,0.876704,0.593461,0.485559,0.296731,0.188829,0.0809266,0.053951,0.053951,0,0,0,0,0,0
69468,69492,69480,17.5,-104.498,39.6495,81.4812,-59.026,438.32,4.05408,0.871466,52.3556,0.180233,0.000356099,1.49556,0.704519,0.543839,0.432599,0.33372,0.23484,0.21012,0.0741599,0.02472,0,0,0,0,0,0
69493,69517,69505,17.4,-104.494,39.6493,82.8004,-59.3168,435.722,4.2729,0.797045,45.8639,0.172627,0.000279849,1.4036,1.04338,0.695588,0.571376,0.186318,0.186318,0.111791,0.0372636,0.0248424,0.0124212,0,0,0,0,0
69518,69542,69530,17.3,-104.491,39.6483,84.1865,-59.0017,434.307,4.10848,0.8028,47.9172,0.179063,0.000317341,1.69173,0.778731,0.375939,0.67132,0.18797,0.161117,0.107411,0.0939848,0.0402792,0,0,0,0,0,0
69543,69569,69556,17.2,-104.487,39.6467,85.557,-59.1404,432.015,3.61393,0.658598,34.8389,0.158696,0.00021094,1.28089,0.892045,0.446023,0.320221,0.343094,0.19442,0.102928,0.022873,0.0114365,0,0,0,0,0,0
69570,69595,69582,17.1,-104.484,39.6449,86.9442,-59.1735,429.975,3.67484,0.674995,40.2786,0.179017,0.000252516,1.52721,0.823261,0.429527,0.346008,0.226695,0.155107,0.107382,0.0119313,0.0357939,0.0119313,0,0,0,0,0
69596,69622,69609,17,-104.48,39.6431,88.327,-58.9744,428.44,4.30672,0.775767,50.115,0.193802,0.000256968,1.91792,0.895797,0.436414,0.459383,0.27563,0.160784,0.0918766,0.0459383,0,0.0114846,0,0.0114846,0,0,0
69623,69648,69636,16.9,-104.476,39.6413,89.7244,-59.1296,426.208,4.1223,0.822404,52.1579,0.190264,0.000351435,1.71557,0.851612,0.567741,0.308555,0.246844,0.148106,0.148106,0.0863954,0.0370266,0.0123422,0,0,0,0,0
69649,69674,69662,16.8,-104.471,39.6393,91.1864,-59.3468,423.82,3.65821,0.648023,36.1677,0.167437,0.000228388,1.43848,0.930053,0.434025,0.334819,0.223213,0.136408,0.0744042,0.0620035,0.0248014,0,0,0,0,0,0
69675,69699,69687,16.7,-104.467,39.6374,92.6712,-58.9584,422.633,3.31039,0.588465,37.4284,0.19081,0.000241897,1.64275,0.659589,0.323572,0.323572,0.0995606,0.112006,0.0497803,0.0373352,0.0497803,0.0124451,0,0,0,0,0
69700,69724,69712,16.6,-104.462,39.6359,94.2076,-58.6452,421.264,3.52215,0.489297,22.9834,0.140917,0.000121902,1.71782,0.840372,0.420186,0.247168,0.135943,0.0988673,0.0247168,0.0247168,0.0123584,0,0,0,0,0,0
69725,69747,69736,16.5,-104.459,39.6347,95.7409,-58.4483,419.718,3.46041,0.508589,24.4527,0.144239,0.000137104,1.74362,0.724272,0.402373,0.174362,0.201187,0.134124,0.0402373,0.0402373,0,0,0,0,0,0,0
69748,69771,69760,16.4,-104.455,39.6332,97.2979,-58.7458,417.2,3.66794,0.54063,26.6137,0.147682,0.000154255,1.92836,0.741678,0.310156,0.296671,0.188791,0.0809104,0.0674253,0.0539402,0,0,0,0,0,0,0
69772,69795,69784,16.3,-104.452,39.6319,98.8408,-58.2504,416.291,3.7082,0.664078,45.4218,0.205195,0.000229154,1.64488,0.83687,0.505008,0.346291,0.101002,0.0865728,0.0865728,0.0865728,0,0,0,0.0144288,0,0,0
69796,69820,69808,16.2,-104.448,39.6308,100.456,-57.8492,415.148,3.8478,0.57951,29.1904,0.151113,0.000167885,1.7653,0.992982,0.38616,0.317202,0.165497,0.124123,0.0275828,0.0551657,0.0137914,0,0,0,0,0,0
69821,69845,69833,16.1,-104.443,39.6298,102.089,-57.4616,413.972,3.66981,0.602733,34.2456,0.170451,0.000222478,1.91768,0.800185,0.289722,0.206944,0.151759,0.137963,0.0689814,0.0689814,0.0275926,0,0,0,0,0,0
69846,69869,69858,16,-104.44,39.6283,103.683,-58.0762,410.976,4.17805,0.678149,45.6666,0.20202,0.000208172,2.08077,0.875243,0.511935,0.396337,0.0825701,0.0825701,0.0825701,0.033028,0.016514,0,0,0.016514,0,0,0
69870,69893,69882,15.9,-104.436,39.6264,105.381,-58.5117,408.248,4.29154,0.664533,35.6913,0.161126,0.000226411,2.29688,0.906663,0.423109,0.181333,0.166222,0.105777,0.135999,0.0604442,0.0151111,0,0,0,0,0,0
69894,69917,69906,15.8,-104.432,39.6246,106.992,-58.7432,406.034,5.04589,0.684196,42.4271,0.186031,0.000176518,2.93292,1.11956,0.504589,0.189221,0.141916,0.0473052,0.0473052,0.0315368,0.0157684,0,0,0.0157684,0,0,0
69918,69941,69930,15.7,-104.427,39.6228,108.763,-58.4278,404.735,6.21982,0.840316,48.4045,0.172808,0.000217572,3.597,1.34888,0.569526,0.29975,0.164863,0.134888,0.0149875,0.0599501,0.0149875,0,0.0149875,0,0,0,0
69942,69965,69954,15.6,-104.423,39.621,110.492,-58.2965,403.164,6.25019,0.82414,39.5038,0.1438,0.000217563,3.59951,1.35546,0.451821,0.391578,0.180728,0.135546,0.0602428,0.0451821,0.0301214,0,0,0,0,0,0
69966,69989,69978,15.5,-104.418,39.6194,112.272,-58.7508,400.469,5.55561,0.618758,23.3651,0.113284,9.29582e-05,3.37666,1.08226,0.562777,0.259743,0.144302,0.086581,0.0432905,0,0,0,0,0,0,0,0
69990,70014,70002,15.4,-104.413,39.6181,114.093,-58.5952,398.929,6.03319,0.723678,31.7504,0.131621,0.00016509,3.87453,1.05166,0.498154,0.262914,0.124538,0.0830256,0.0830256,0.0553504,0,0,0,0,0,0,0
70015,70039,70027,15.3,-104.408,39.6168,116,-58.3362,397.526,7.52278,0.991948,48.278,0.146009,0.000271283,4.40991,1.57085,0.562047,0.475578,0.187349,0.115292,0.115292,0.0432344,0.0432344,0,0,0,0,0,0
70040,70066,70053,15.2,-104.403,39.6155,117.867,-58.3137,395.75,8.64391,1.03041,47.2059,0.137438,0.000248252,5.37843,1.89526,0.614678,0.294533,0.192087,0.102446,0.0896405,0.0256116,0.0512232,0,0,0,0,0,0
70067,70093,70080,15.1,-104.397,39.6138,119.833,-57.9142,394.622,9.45651,1.12833,60.5815,0.161074,0.000237868,5.65536,2.27804,0.821153,0.384088,0.105955,0.066222,0.066222,0.0529776,0,0.0132444,0,0,0.0132444,0,0
70094,70119,70106,15,-104.392,39.6123,121.666,-57.426,393.808,9.9994,1.23644,65.394,0.158667,0.000296552,6.08779,2.23127,0.771304,0.440745,0.206599,0.0826397,0.0550931,0.0688664,0.0413198,0,0,0.0137733,0,0,0
70120,70146,70133,14.9,-104.386,39.6113,123.67,-56.7138,393.259,9.72698,1.05958,50.615,0.143307,0.000187264,6.51101,1.96385,0.593108,0.382225,0.118622,0.0395406,0.0659009,0.0263604,0.0131802,0,0,0.0131802,0,0,0
70147,70174,70160,14.8,-104.381,39.6106,125.628,-56.2036,392.426,10.5307,1.247,67.5333,0.16247,0.000289938,6.68811,2.37124,0.778253,0.255364,0.194563,0.0972816,0.0486408,0.0243204,0.0486408,0.0121602,0,0,0.0121602,0,0
