api/data/B2SAP/Locations/Boulder/NOAA-POPS-B2SAP_GMLBalloon_20231221_R0.ict
82,1001
Thornberry, T. D.
NOAA Chemical Sciences Laboratory
Portable Optical Particle Spectrometer (POPS)
Balloon Baseline Stratospheric Aerosol Profiles (B2SAP)
1,1
2023,12,21,2024,05,28
0
TIME_START,s,Seconds since midnight UTC on flight start day,Start time of 100 m altitude bin in UTC_seconds_since_midnight
49
1.0,1.0,1.0,1.0,1.0,1.0,1.0,1.0,1.0,1.0,1.0,1.0,1.0,1.0,1.0,1.0,1.0,1.0,1.0,1.0,1.0,1.0,1.0,1.0,1.0,1.0,1.0,1.0,1.0,1.0,1.0,1.0,1.0,1.0,1.0,1.0,1.0,1.0,1.0,1.0,1.0,1.0,1.0,1.0,1.0,1.0,1.0,1.0,1.0
99999,99999,99999,99999,99999,99999,99999,99999,99999,99999,99999,99999,99999,99999,99999,99999,99999,99999,99999,99999,99999,99999,99999,99999,99999,99999,99999,99999,99999,99999,99999,99999,99999,99999,99999,99999,99999,99999,99999,99999,99999,99999,99999,99999,99999,99999,99999,99999,99999
TIME_STOP,s,End time of 100 m altitude bin in UTC seconds since midnight,
TIME_MID,s,Mid time of 100 m altitude in UTC seconds since midnight,
GPSAlt,km,GPS reported altitude above sea level (km),
GPS_Lon,deg,GPS reported longitude,
GPS_Lat,deg,GPS reported latitude,
iMet_Pressure,hPa,Pressure reported (hPa),
iMet_Temperature,degrees C,Ambient temperature (oC),
THETA,K,Potential temperature from iMet,
Aerosol_concentration,cm^-3,Aerosol concentration,
Surface_Area_Conc,um^2 cm^-3,Surface area concentration,
Volume_density,um^3 cm^-3,Volume density,
Effective_radius,um,Effective radius,
Extinction,km^-1,Extinction,
Bin01,cm^-3,particle concentration in size range [140 - 146.14 nm],
Bin02,cm^-3,particle concentration in size range [146.14 - 152.56 nm],
Bin03,cm^-3,particle concentration in size range [152.56 - 159.25 nm],
Bin04,cm^-3,particle concentration in size range [159.25 - 166.24 nm],
Bin05,cm^-3,particle concentration in size range [166.24 - 173.54 nm],
Bin06,cm^-3,particle concentration in size range [173.54 - 181.16 nm],
Bin07,cm^-3,particle concentration in size range [181.16 - 189.11 nm],
Bin08,cm^-3,particle concentration in size range [189.11 - 197.41 nm],
Bin09,cm^-3,particle concentration in size range [197.41 - 206.07 nm],
Bin10,cm^-3,particle concentration in size range [206.07 - 215.12 nm],
Bin11,cm^-3,particle concentration in size range [215.12 - 224.56 nm],
Bin12,cm^-3,particle concentration in size range [224.56 - 234.41 nm],
Bin13,cm^-3,particle concentration in size range [234.41 - 244.70 nm],
Bin14,cm^-3,particle concentration in size range [244.70 - 361.30 nm],
Bin15,cm^-3,particle concentration in size range [361.30 - 472.80 nm],
Bin16,cm^-3,particle concentration in size range [472.80 - 567.00 nm],
Bin17,cm^-3,particle concentration in size range [567.00 - 610.66 nm],
Bin18,cm^-3,particle concentration in size range [610.66 - 657.69 nm],
Bin19,cm^-3,particle concentration in size range [657.69 - 708.33 nm],
Bin20,cm^-3,particle concentration in size range [708.33 - 762.88 nm],
Bin21,cm^-3,particle concentration in size range [762.88 - 821.62 nm],
Bin22,cm^-3,particle concentration in size range [821.62 - 884.89 nm],
Bin23,cm^-3,particle concentration in size range [884.89 - 953.03 nm],
Bin24,cm^-3,particle concentration in size range [953.03 - 1026.42 nm],
Bin25,cm^-3,particle concentration in size range [1026.42 - 1105.46 nm],
Bin26,cm^-3,particle concentration in size range [1105.46 - 1190.59 nm]],
[...]
LOCATION: Boulder, CO, USA
ASSOCIATED_DATA: N/A
INSTRUMENT_INFO: Printed Optical Particle Spectrometer counts particles from 140 - 2500 nm in diameter 
DATA_INFO: Particle concentrations reported in number per cubic centimeter, binned to 100 m altitude
UNCERTAINTY: Counting uncertainty dominated by air flow, less than 5 percent
ULOD_FLAG: -77777
ULOD_VALUE: 3000 ~3000 per cm3 (varies depending on flow rate- manufacturer quotes 1250  per cm3 at 1.667 cc/s)
LLOD_FLAG: -88888
LLOD_VALUE: 0 0 (varies depending on data field and measurement precision)
DM_CONTACT_INFO: Troy Thornberry, 325 Broadway R/CSL6, Boulder, CO 80305; troy.thornberry@noaa.gov; 303-497-3373
PROJECT_INFO: B2SAP Boulder, CO, USA
STIPULATIONS_ON_USE: Please contact the PIs for questions regarding applications and uncertainties
OTHER_COMMENTS: POPS bin Edges (nm):  140, 146.14, 152.56, 159.25, 166.24, 173.54, 181.16, 189.11, 197.41, 206.07, 215.12, 224.56, 234.41, 244.70, 361.30, 472.80, 567.00, 610.66, 657.69, 708.33, 762.88, 821.62, 884.89, 953.03, 1026.42, 1105.46, 1190.59, 1282.27, 1381.01, 1487.36, 1601.89, 1725.25, 1858.10, 2001.18, 2155.28, 2321.25, 2500
Calculations assume sulfate refractive index of 1.45+0.00j and extinction wavelength = 532 nm
REVISION: R0
R0: QA/QC data
TIME_START,TIME_STOP,TIME_MID,GPSAlt,GPS_Lon,GPS_Lat,iMet_Pressure,iMet_Temperature,THETA,Aerosol_concentration,Surface_Area_Conc,Volume_density,Effective_radius,Extinction,Bin01,Bin02,Bin03,Bin04,Bin05,Bin06,Bin07,Bin08,Bin09,Bin10,Bin11,Bin12,Bin13,Bin14,Bin15,Bin16,Bin17,Bin18,Bin19,Bin20,Bin21,Bin22,Bin23,Bin24,Bin25,Bin26,Bin27,Bin28,Bin29,Bin30,Bin31,Bin32,Bin33,Bin34,Bin35,Bin36
61188,75357,68272,1.8,-105.184,39.9497,829.721,9.97875,298.639,413.906,65.1486,3142.73,0.144718,0.0167687,49.5278,42.9724,36.8857,32.2873,29.7814,24.9947,23.086,20.6789,18.2304,16.177,14.4084,13.237,11.4706,57.2935,15.3455,5.79734,0.643128,0.395064,0.282517,0.107954,0.0941723,0.0849848,0.124032,0,0,0,0,0,0,0,0,0,0,0,0,0
61190,62269,61730,1.8,-105.197,39.9492,829.466,10.073,298.764,403.923,64.0086,3096.57,0.145132,0.0165811,47.9,41.3859,35.9495,31.0256,29.1646,24.3873,22.5692,19.8606,18.0967,15.7413,14.0789,13.0429,11.2812,56.5945,15.4456,5.72073,0.602657,0.3713,0.297943,0.121886,0.0902858,0.0823858,0.111729,0,0,0,0,0,0,0,0,0,0,0,0,0
62013,62161,62087,1.7,-105.197,39.9491,829.81,11.0584,299.769,414.18,71.5517,3546.02,0.148676,0.0194935,40.8433,36.6373,31.7823,28.5416,27.4262,24.3843,22.8714,20.4987,18.8439,17.327,16.3495,14.9137,13.4495,71.8022,20.2148,6.74908,0.701677,0.316363,0.267692,0.0851746,0.0567831,0.0405593,0.0770628,0,0,0,0,0,0,0,0,0,0,0,0,0
62048,75376,68712,1.7,-105.041,39.9558,829.866,11.4272,300.151,416.12,70.4397,3443.27,0.146648,0.0187534,41.7944,37.457,33.8233,29.3279,27.6619,23.2814,22.8074,21.5579,20.2222,17.3928,16.1002,15.1523,12.7107,69.6574,18.9152,6.87957,0.746842,0.186711,0.24416,0.129261,0.0287247,0.0143623,0.0287247,0,0,0,0,0,0,0,0,0,0,0,0,0
62270,62287,62278,1.9,-105.198,39.9501,814.371,9.665,299.904,85.9471,10.7708,452.519,0.12604,0.00202472,12.4036,11.0645,9.76921,8.32029,6.91528,6.25669,5.18098,3.9955,3.71011,3.07346,2.37095,2.28314,1.75626,6.6738,1.29524,0.680552,0.0658599,0.0219533,0.0219533,0.0219533,0.0219533,0.0219533,0.0219533,0,0,0,0,0,0,0,0,0,0,0,0,0
62288,62307,62298,2,-105.198,39.9505,805.201,9.15263,300.331,82.5802,10.2935,437.135,0.127402,0.00196779,12.1153,10.7943,9.37897,7.69944,7.64282,5.68022,4.92538,3.94407,3.39681,2.9439,1.94373,1.75502,2.05696,6.39733,1.09453,0.471779,0.132098,0.0377423,0.0754847,0.0377423,0,0.0188712,0.0377423,0,0,0,0,0,0,0,0,0,0,0,0,0
62309,62328,62318,2.1,-105.197,39.9507,795.097,8.43105,300.646,80.3485,10.0072,417.457,0.125147,0.0018631,12.373,10.1337,8.74838,7.70465,6.5091,5.25662,4.7822,4.09903,3.79539,2.77064,2.35314,2.01156,1.61304,6.35728,1.04373,0.512378,0.113862,0.0948848,0,0.0379539,0.018977,0,0.018977,0,0,0,0,0,0,0,0,0,0,0,0,0
62329,62350,62340,2.2,-105.197,39.951,785.858,7.63286,300.798,79.6933,9.8509,405.859,0.1236,0.00174709,11.5846,10.4927,8.97424,7.43872,6.67097,5.52786,5.10133,3.7023,3.05397,2.88336,2.28621,2.20091,1.55258,6.50035,1.09192,0.443594,0.0511839,0.0170613,0.0682452,0,0,0.0341226,0.0170613,0,0,0,0,0,0,0,0,0,0,0,0,0
62352,62369,62360,2.3,-105.197,39.9512,776.09,6.65941,300.827,77.4663,9.43189,377.155,0.119962,0.00158728,12.2528,9.53464,8.664,7.55976,6.11576,5.60612,4.52312,3.80112,2.84553,2.84553,2.48453,1.72006,1.46523,6.62541,0.743235,0.573353,0.0212353,0.0212353,0.0424706,0,0.0212353,0,0,0,0,0,0,0,0,0,0,0,0,0,0,0
62370,62389,62380,2.4,-105.197,39.9514,767.443,5.83611,300.902,70.2712,8.61886,347.84,0.121074,0.00148603,10.2144,8.86571,8.36987,6.60466,6.06915,4.87912,4.50227,3.21308,2.6974,2.73707,1.80488,1.80488,1.4082,5.43446,1.13053,0.41651,0.0595014,0,0.0198338,0.0198338,0.0198338,0,0,0,0,0,0,0,0,0,0,0,0,0,0,0
62390,62409,62400,2.5,-105.196,39.9514,758.115,4.9295,300.976,71.3861,8.67064,348.37,0.120534,0.00148759,10.96,9.46213,8.29306,6.13759,6.10106,5.1512,4.2196,3.7812,3.1236,2.15546,2.0276,1.60747,1.13253,5.77226,0.840266,0.474933,0.0548,0.0182667,0.0548,0.0182667,0,0,0,0,0,0,0,0,0,0,0,0,0,0,0,0
62410,62429,62420,2.6,-105.196,39.9513,749.339,4.1915,301.177,66.0084,7.92589,311.455,0.117888,0.00128483,9.09725,8.58197,7.80018,6.62749,5.31265,4.90399,4.33541,3.48254,2.91396,2.30985,1.74127,1.61689,1.01278,4.93952,0.799563,0.444202,0.0710722,0,0.0177681,0,0,0,0,0,0,0,0,0,0,0,0,0,0,0,0,0
62430,62448,62439,2.7,-105.196,39.9511,740.193,3.457,301.436,59.3775,7.22736,292.73,0.121509,0.00122721,8.29458,7.36281,7.14357,5.77332,4.96944,4.47615,3.69054,2.99628,2.3751,2.06451,1.75392,1.66257,1.13274,4.47615,0.74907,0.3654,0,0.03654,0.01827,0,0,0.01827,0.01827,0,0,0,0,0,0,0,0,0,0,0,0,0
62450,62468,62459,2.8,-105.195,39.9506,730.423,2.616,301.66,50.5882,6.02252,237.587,0.118349,0.000965531,7.86807,7.37745,5.36046,5.21509,3.88861,3.48884,3.05274,2.43492,2.14419,1.47186,1.03575,1.32649,0.981237,3.96129,0.726842,0.181711,0.0181711,0,0.0181711,0,0.0363421,0,0,0,0,0,0,0,0,0,0,0,0,0,0,0
62470,62492,62481,2.9,-105.195,39.9499,721.948,1.77826,301.75,46.5299,5.55802,226.369,0.122185,0.000956346,7.41329,6.052,5.49436,5.05154,3.73945,3.0834,2.73898,2.47656,2.01733,1.29569,0.951263,1.18088,0.803653,3.24742,0.60684,0.29522,0.0164011,0.0328022,0,0,0,0,0.0328022,0,0,0,0,0,0,0,0,0,0,0,0,0
62494,62513,62504,3,-105.195,39.9492,712.955,0.815238,301.77,44.4305,5.35807,218.041,0.122082,0.000922256,6.87033,5.94615,5.38815,3.94085,3.71416,3.40029,2.72023,1.91811,1.74374,1.22062,1.34268,1.06368,0.836995,3.48748,0.540559,0.156937,0.0174374,0.0348748,0.0697496,0,0,0,0.0174374,0,0,0,0,0,0,0,0,0,0,0,0,0
62514,62534,62524,3.1,-105.194,39.9488,704.346,-0.1305,301.775,44.8425,5.35302,218.361,0.122376,0.000923316,7.1085,6.07722,5.56157,4.27247,4.40138,2.65188,2.4493,2.00732,1.67584,1.41802,1.19703,0.92079,1.03128,3.16752,0.534058,0.294653,0.0184158,0,0,0.0184158,0,0.0184158,0.0184158,0,0,0,0,0,0,0,0,0,0,0,0,0
62534,62556,62545,3.2,-105.194,39.9485,695.662,-1.06091,301.815,46.0078,5.4012,211.282,0.117353,0.000849873,7.02073,6.61373,4.98574,4.66353,4.06999,3.10337,2.64549,2.40808,1.52625,1.61104,1.18708,1.17012,0.932706,3.30687,0.457874,0.220458,0.0339166,0.0169583,0.0169583,0,0,0.0169583,0,0,0,0,0,0,0,0,0,0,0,0,0,0
62557,62577,62567,3.3,-105.193,39.948,686.953,-2.00905,301.849,46.1317,5.55807,222.019,0.119836,0.000941009,7.20475,6.39046,5.41684,4.30161,3.59353,3.16868,2.65531,2.05344,2.00034,1.57549,1.38076,1.27455,0.743488,3.32799,0.67268,0.300936,0.0177021,0,0.0531063,0,0,0,0,0,0,0,0,0,0,0,0,0,0,0,0,0
62577,62597,62587,3.4,-105.193,39.9477,677.892,-3.0319,301.851,45.2757,5.62529,235.652,0.125675,0.00103364,6.92906,5.52571,5.19241,4.10481,4.17498,3.05229,2.56112,2.19274,1.99978,1.52615,1.4209,0.99989,0.982348,3.56101,0.684135,0.263129,0,0.0350838,0,0.0350838,0,0.0175419,0.0175419,0,0,0,0,0,0,0,0,0,0,0,0,0
62598,62615,62606,3.5,-105.193,39.9474,669.741,-3.96118,301.855,44.2298,5.35074,219.125,0.122857,0.000951179,6.85835,6.18125,4.8489,4.73969,3.53839,2.79576,3.05786,2.0313,1.63814,1.31051,1.28867,0.895517,0.851834,3.14523,0.742624,0.174735,0,0.0655257,0.0436838,0,0,0.0218419,0,0,0,0,0,0,0,0,0,0,0,0,0,0
62616,62638,62627,3.6,-105.192,39.9471,660.81,-4.93895,301.915,44.7196,5.40319,228.126,0.126662,0.00100563,7.05171,6.65994,5.40631,3.87844,3.34956,3.4475,2.44851,2.37016,1.72375,1.21446,1.17528,1.09693,0.803111,3.25162,0.41135,0.235057,0.0783523,0.0391761,0.0195881,0,0,0.0391761,0.0195881,0,0,0,0,0,0,0,0,0,0,0,0,0
62639,62655,62647,3.7,-105.192,39.947,652.965,-5.75722,302.023,41.2431,4.8875,198.659,0.121939,0.000852282,7.17271,5.61159,4.59897,3.81841,3.37539,3.18553,2.46826,1.6877,1.75098,1.49783,0.949329,0.88604,0.632886,2.74251,0.527405,0.232058,0.0210962,0.0421924,0,0,0.0210962,0.0210962,0,0,0,0,0,0,0,0,0,0,0,0,0,0
62657,62674,62666,3.8,-105.192,39.9469,644.498,-6.65,302.138,41.1434,4.93573,196.814,0.119626,0.000828713,6.82235,5.06444,4.62497,4.10178,3.82972,3.05541,2.07182,1.82069,1.6742,1.36028,1.13008,0.816171,0.732461,3.18097,0.523186,0.292984,0,0.0209275,0,0,0.0209275,0,0,0,0,0,0,0,0,0,0,0,0,0,0,0
62674,62693,62684,3.9,-105.192,39.9466,636.581,-7.4085,302.345,39.7741,4.80901,195.267,0.121813,0.000828941,6.34107,5.54369,4.84124,3.32242,3.05662,2.99967,2.08838,2.14533,1.46186,1.46186,0.949262,0.911292,0.75941,3.01865,0.569557,0.227823,0.0189852,0.0379705,0,0,0,0,0.0189852,0,0,0,0,0,0,0,0,0,0,0,0,0
62695,62713,62704,4,-105.192,39.9464,628.515,-8.1175,302.639,43.4108,5.18708,212.37,0.122826,0.000903541,6.95782,5.65323,5.14274,4.46208,3.7058,2.98733,2.43902,1.81508,1.62601,1.39913,1.24787,1.15334,1.0588,2.94951,0.453771,0.2647,0,0.0189071,0,0.0378143,0.0189071,0,0.0189071,0,0,0,0,0,0,0,0,0,0,0,0,0
62715,62734,62724,4.1,-105.192,39.9461,620.139,-8.947,302.851,34.6849,4.40522,193.712,0.13192,0.000882935,5.3566,4.82474,3.85599,3.13418,2.64031,2.62131,2.10845,1.76654,1.32965,1.06372,0.797791,0.683821,0.569851,3.0392,0.588846,0.18995,0,0.0379901,0.018995,0,0,0.018995,0.0379901,0,0,0,0,0,0,0,0,0,0,0,0,0
62735,62755,62745,4.2,-105.191,39.9455,612.172,-9.53048,303.3,29.3188,3.41346,135.87,0.119412,0.000547537,4.954,4.18051,3.27811,2.83612,2.32046,2.04421,1.76797,1.49172,1.39964,0.865568,0.515658,0.662988,0.515658,1.93372,0.40516,0.0920817,0.0184163,0,0,0.0184163,0,0,0.0184163,0,0,0,0,0,0,0,0,0,0,0,0,0
62755,62774,62764,4.3,-105.191,39.9448,604.427,-10.1593,303.677,19.5394,2.1772,80.7168,0.111221,0.000302374,3.84656,3.03822,1.81178,1.86753,1.42155,1.44943,0.975576,0.947702,0.836208,0.418104,0.613219,0.473851,0.362357,1.22644,0.111494,0.139368,0,0,0,0,0,0,0,0,0,0,0,0,0,0,0,0,0,0,0,0
62775,62795,62785,4.4,-105.191,39.9438,596.845,-10.9058,303.91,15.4315,1.9946,99.9134,0.150276,0.00050037,2.62577,2.10062,2.01983,1.55527,1.1513,1.1513,0.787732,0.80793,0.46456,0.403965,0.383767,0.383767,0.201983,0.92912,0.242379,0.100991,0.0403965,0,0,0,0.0201983,0.0201983,0.0403965,0,0,0,0,0,0,0,0,0,0,0,0,0
62796,62814,62805,4.5,-105.191,39.9427,589.156,-11.5905,304.243,12.5911,1.5527,68.4117,0.13218,0.00032352,1.83288,1.91257,1.51412,1.15551,0.996132,0.75706,0.637525,0.737138,0.657447,0.537911,0.119536,0.438298,0.358608,0.617602,0.159381,0.0796906,0.0199226,0.0199226,0.0199226,0,0,0.0199226,0,0,0,0,0,0,0,0,0,0,0,0,0,0
62815,62836,62826,4.6,-105.191,39.9416,581.312,-11.4835,305.534,8.4503,1.00574,41.5382,0.123904,0.000191054,1.92395,1.32036,1.03742,0.754491,0.490419,0.377245,0.245209,0.320659,0.301796,0.226347,0.245209,0.226347,0.150898,0.660179,0.0565868,0.0754491,0.0188623,0.0188623,0,0,0,0,0,0,0,0,0,0,0,0,0,0,0,0,0,0
62837,62859,62848,4.7,-105.191,39.9405,573.838,-12.1043,305.939,13.5308,1.75881,86.942,0.148297,0.000429234,2.25794,2.03889,1.44912,1.12897,1.16267,0.994167,0.775113,0.57291,0.58976,0.471808,0.303305,0.269605,0.151653,1.01102,0.202203,0.0168503,0.0505509,0,0.0168503,0.0168503,0,0.0168503,0.0337006,0,0,0,0,0,0,0,0,0,0,0,0,0
62860,62879,62870,4.8,-105.19,39.9394,566.603,-13.011,305.984,18.2837,2.27415,98.427,0.129842,0.000477717,3.3156,2.434,2.16568,1.97403,1.55239,1.03493,0.881605,0.766613,0.651621,0.498299,0.498299,0.344976,0.325811,1.32241,0.249149,0.191653,0,0.0191653,0.057496,0,0,0,0,0,0,0,0,0,0,0,0,0,0,0,0,0
62880,62901,62890,4.9,-105.19,39.9386,558.845,-13.8814,306.162,17.9169,2.20882,93.6522,0.127198,0.000422367,3.52319,2.31929,2.05372,1.69963,1.45177,1.09768,0.725884,0.761293,0.743588,0.531135,0.371794,0.300976,0.35409,1.54029,0.283272,0.123931,0,0,0,0.0177045,0,0.0177045,0,0,0,0,0,0,0,0,0,0,0,0,0,0
62902,62922,62912,5,-105.189,39.9377,551.612,-14.4459,306.635,14.7063,1.86115,92.54,0.149166,0.000470589,2.83898,2.48631,1.78097,1.25197,1.12854,0.881671,0.652436,0.634803,0.387935,0.370302,0.370302,0.370302,0.211601,1.02274,0.0705337,0.1058,0.0176334,0.0529002,0,0.0176334,0,0.0176334,0.0352668,0,0,0,0,0,0,0,0,0,0,0,0,0
62924,62944,62934,5.1,-105.189,39.9367,544.689,-15.0589,307.016,11.027,1.49751,80.847,0.161963,0.000443025,2.21761,1.83105,1.50553,0.956217,0.854492,0.488281,0.386556,0.386556,0.427246,0.264486,0.183105,0.20345,0.101725,0.813802,0.20345,0.0610351,0.020345,0.0406901,0.020345,0,0,0.0406901,0.020345,0,0,0,0,0,0,0,0,0,0,0,0,0
62945,62966,62956,5.2,-105.188,39.9354,537.1,-15.8771,307.271,12.3534,1.57583,72.1777,0.137409,0.000375993,2.67351,1.80692,1.29066,1.23534,0.958775,0.571577,0.663767,0.571577,0.331884,0.27657,0.18438,0.27657,0.202818,0.848147,0.27657,0.0921899,0.018438,0.018438,0.036876,0.018438,0,0,0,0,0,0,0,0,0,0,0,0,0,0,0,0
62966,62986,62976,5.3,-105.187,39.9341,530.246,-16.0633,308.177,18.4943,2.46142,119.878,0.146109,0.00063752,3.53706,2.5211,2.18244,2.03193,1.50513,1.09122,0.884265,0.658495,0.489168,0.489168,0.376283,0.338655,0.263398,1.39225,0.376283,0.206956,0.0752566,0.0188142,0,0.0188142,0,0.0188142,0.0188142,0,0,0,0,0,0,0,0,0,0,0,0,0
62988,63010,62999,5.4,-105.185,39.933,523.157,-16.1943,309.208,21.7163,2.60844,116.31,0.13377,0.000569194,3.96837,3.64752,2.29659,2.36413,1.62112,1.35093,1.41848,0.945653,0.675467,0.523487,0.439053,0.439053,0.35462,1.11452,0.236413,0.168867,0.0337733,0.0675467,0.0168867,0,0.0168867,0,0.0168867,0,0,0,0,0,0,0,0,0,0,0,0,0
63011,63031,63021,5.5,-105.184,39.9322,516.27,-16.5505,309.95,15.8061,1.70141,62.9116,0.110928,0.000239917,3.01332,2.64359,2.05202,1.71926,1.36801,1.07222,0.610059,0.684005,0.628545,0.240326,0.240326,0.22184,0.16638,0.887358,0.16638,0.0739465,0.0184866,0,0,0,0,0,0,0,0,0,0,0,0,0,0,0,0,0,0,0
63032,63050,63041,5.6,-105.182,39.9316,509.444,-17.142,310.414,7.6013,1.09189,60.9758,0.167533,0.000363168,1.28968,1.05519,1.07473,0.6253,0.566678,0.429894,0.586219,0.254028,0.293109,0.195406,0.195406,0.117244,0.175866,0.390812,0.117244,0.117244,0,0.0586219,0,0.0390812,0,0,0.0195406,0,0,0,0,0,0,0,0,0,0,0,0,0
63052,63071,63062,5.7,-105.18,39.9311,502.691,-17.8061,310.791,4.07754,0.503075,21.5807,0.128693,0.000104398,0.675956,0.894007,0.457906,0.501516,0.348881,0.239855,0.13083,0.0436101,0.0654151,0.0654151,0.021805,0.0436101,0.0654151,0.370686,0.13083,0,0,0.021805,0,0,0,0,0,0,0,0,0,0,0,0,0,0,0,0,0,0
63072,63093,63082,5.8,-105.178,39.9305,496.499,-18.6143,310.907,4.6096,0.508519,19.4597,0.114802,7.99895e-05,0.921919,0.836557,0.614613,0.443887,0.341452,0.324379,0.239016,0.204871,0.0682903,0.119508,0.0341452,0.0512177,0,0.307306,0.0682903,0.0341452,0,0,0,0,0,0,0,0,0,0,0,0,0,0,0,0,0,0,0,0
63094,63113,63104,5.9,-105.176,39.93,489.652,-19.609,310.923,4.95525,0.508305,17.001,0.100339,4.86353e-05,1.07299,0.760845,0.565757,0.468213,0.331651,0.370668,0.234106,0.195089,0.214597,0.195089,0.0585266,0.0780354,0.0975443,0.292633,0.0195089,0,0,0,0,0,0,0,0,0,0,0,0,0,0,0,0,0,0,0,0,0
63115,63132,63124,6,-105.175,39.9295,482.938,-20.5853,310.95,5.51424,0.642147,27.3679,0.127858,0.000135202,1.06123,0.894763,0.811529,0.561828,0.541019,0.312127,0.228893,0.145659,0.145659,0.0624253,0.145659,0.124851,0.0832338,0.228893,0.0832338,0.0416169,0.0208084,0.0208084,0,0,0,0,0,0,0,0,0,0,0,0,0,0,0,0,0,0
63134,63154,63144,6.1,-105.173,39.9289,476.638,-21.3541,311.169,6.70873,0.819377,39.5693,0.144876,0.000197928,1.39542,1.09129,0.822938,0.644039,0.465139,0.429359,0.375689,0.250459,0.0715598,0.21468,0.21468,0.16101,0.0536699,0.357799,0.0536699,0.0536699,0,0.01789,0.01789,0,0,0,0.01789,0,0,0,0,0,0,0,0,0,0,0,0,0
63156,63174,63165,6.2,-105.171,39.9284,469.942,-22.1258,311.472,7.72025,0.954337,42.6935,0.134209,0.000210422,1.73441,1.20563,0.803752,0.571087,0.571087,0.46533,0.46533,0.211514,0.338422,0.169211,0.126908,0.14806,0.0634541,0.655692,0.105757,0.0423027,0,0,0,0.0423027,0,0,0,0,0,0,0,0,0,0,0,0,0,0,0,0
63175,63190,63182,6.3,-105.17,39.9279,463.688,-22.88,311.726,3.2415,0.357493,14.6058,0.122569,6.78366e-05,0.652964,0.652964,0.373122,0.326482,0.303162,0.186561,0.163241,0.0699604,0.116601,0.0466403,0.0699604,0.0699604,0.0233201,0.0932806,0.0699604,0,0,0.0233201,0,0,0,0,0,0,0,0,0,0,0,0,0,0,0,0,0,0
63192,63208,63200,6.4,-105.169,39.9277,457.828,-23.4753,312.118,2.51269,0.282372,11.2811,0.119854,5.10788e-05,0.521502,0.35557,0.331865,0.284456,0.189637,0.165933,0.118523,0.142228,0.118523,0.0237046,0.0237046,0,0.0474093,0.142228,0,0.0474093,0,0,0,0,0,0,0,0,0,0,0,0,0,0,0,0,0,0,0,0
63209,63230,63220,6.5,-105.167,39.9274,451.101,-24.09,312.668,2.83376,0.355098,15.9557,0.1348,8.05499e-05,0.511906,0.420494,0.457059,0.3108,0.201106,0.109694,0.127976,0.0914118,0.0914118,0.0731294,0.0365647,0.0731294,0.0182824,0.219388,0.0548471,0.0182824,0,0,0.0182824,0,0,0,0,0,0,0,0,0,0,0,0,0,0,0,0,0
63231,63251,63241,6.6,-105.166,39.9269,445.061,-24.8295,312.944,3.5039,0.440083,22.1548,0.151027,0.000114074,0.597255,0.557438,0.437987,0.437987,0.318536,0.218994,0.179177,0.159268,0.119451,0.039817,0.039817,0.0597255,0.0199085,0.238902,0.0199085,0.0199085,0.0199085,0,0,0,0,0.0199085,0,0,0,0,0,0,0,0,0,0,0,0,0,0
